latitude,longitude,Time_Start,Time_Stop,TimeTaken
13.0142602921,80.2260894775,21619,21710,91
12.9865903854,80.2592163086,25192,25273,81
12.9869403839,80.2591018677,25293,25324,31
12.9799203873,80.2527008057,25555,25596,41
12.9767999649,80.2211380005,26355,26466,111
12.9808502197,80.248840332,26910,26955,45
12.9874801636,80.251449585,27036,27147,111
12.9877300262,80.2555923462,27217,27268,51
12.9866800308,80.2595291138,27390,27431,41
12.9866399765,80.2591171265,27431,27532,101
12.9870195389,80.2590789795,27532,27592,60
13.0259799957,80.2308425903,29676,29717,41
13.0293598175,80.230796814,29797,29838,41
13.034819603,80.2299194336,29989,30091,102
13.0344400406,80.2298431396,30566,30728,162
13.0344104767,80.2298126221,30728,30894,166
13.0269699097,80.2329483032,31504,31565,61
13.0226097107,80.226890564,31716,31757,41
13.0202999115,80.2250900269,31757,31795,38
13.019080162,80.2244873047,31795,31826,31
13.0162000656,80.2255630493,31826,31858,32
13.0085401535,80.2135620117,32201,32232,31
12.9975204468,80.2162017822,32555,32715,160
12.9814195633,80.2212677002,33065,33105,40
12.9807100296,80.2526321411,34251,34291,40
12.9830904007,80.2525177002,34291,34331,40
12.9839696884,80.2523498535,34331,34362,31
12.9878396988,80.2544708252,34869,34980,111
12.9870996475,80.2591171265,35425,35476,51
12.9811201096,80.2445831299,36192,36253,61
12.9811601639,80.2441482544,36262,36303,41
12.9811296463,80.2297210693,36648,36679,31
13.0227003098,80.2267990112,38073,38104,31
13.0259199142,80.2307434082,38297,38375,78
13.0285701752,80.2308731079,38438,38510,72
13.0299901962,80.2307510376,38550,38611,61
13.0350103378,80.2298431396,38782,38843,61
13.0343999863,80.2297668457,38883,38944,61
13.034330368,80.229850769,38954,39024,70
13.0343103409,80.2297668457,39024,39105,81
13.0341997147,80.2299118042,39105,39165,60
13.0341796875,80.2302017212,39165,39208,43
13.0276098251,80.2328186035,39410,39501,91
13.0251998901,80.2298583984,39591,39622,31
13.0081195831,80.2133407593,40182,40213,31
12.9762401581,80.2216033936,40900,40941,41
12.9812097549,80.2526092529,41537,41700,163
12.9877996445,80.2545166016,42124,42155,31
12.9872503281,80.2593536377,42276,42316,40
12.9868803024,80.2591094971,42387,42488,101
12.987859726,80.2531967163,42641,42782,141
12.9800100327,80.2527084351,42913,42974,61
13.0337600708,80.2305221558,45039,45079,40
13.0344600677,80.2297973633,45159,45272,113
13.0342102051,80.2300872803,45283,45353,70
13.0341501236,80.2303390503,45353,45384,31
13.0270395279,80.2329483032,45565,45596,31
12.9963798523,80.2166213989,46527,46567,40
12.995639801,80.216758728,46587,46618,31
12.9819698334,80.231628418,47346,47467,121
12.9820404053,80.2320480347,47477,47629,152
12.9860401154,80.251701355,48185,48236,51
12.9869203568,80.2595214844,48508,48549,41
12.9866304398,80.2590866089,48579,48610,31
12.9867601395,80.2590103149,48620,48680,60
12.9871196747,80.2590866089,48680,48711,31
12.9802703857,80.2283477783,49601,49652,51
13.0259199142,80.2307815552,50919,50980,61
13.0267496109,80.2330322266,51404,51467,63
13.0143299103,80.2261581421,51761,51834,73
13.0243997574,80.2284088135,52624,52725,101
13.0143699646,80.2262496948,52979,53019,40
13.0084104538,80.2134170532,53274,53335,61
12.9765100479,80.2212600708,54013,54064,51
12.9761896133,80.2217025757,54094,54134,40
12.9876804352,80.2513504028,54712,54886,174
12.9871301651,80.2594985962,55069,55110,41
12.9866104126,80.2593688965,55140,55282,142
12.9867801666,80.2590332031,55292,55371,79
12.9801702499,80.2527313232,55675,55736,61
13.0289802551,80.2308883667,57688,57721,33
13.0348100662,80.2303237915,57822,57862,40
13.0341997147,80.2302474976,58115,58165,50
13.0269098282,80.233001709,58357,58428,71
13.0083999634,80.213470459,59015,59065,50
12.9972696304,80.2165298462,59308,59348,40
12.982919693,80.2219467163,59945,60086,141
12.9825601578,80.2219009399,60086,60218,132
12.9825897217,80.2218475342,60218,60390,172
12.9844999313,80.2521972656,61119,61200,81
12.9880304337,80.2525405884,61333,61393,60
12.9868497849,80.2593536377,61605,61767,162
12.9875802994,80.2562637329,63071,63252,181
12.9802999496,80.2527694702,63466,63506,40
12.9813203812,80.2431411743,63688,63728,40
12.9763402939,80.2217178345,64729,64770,41
12.980799675,80.2526702881,65336,65407,71
12.9868297577,80.2590866089,65993,66184,191
12.9871196747,80.2591934204,66196,66236,40
12.9875297546,80.2567367554,66297,66408,111
12.9800796509,80.2527999878,67065,67106,41
12.9811897278,80.2438201904,67255,67298,43
12.9867296219,80.2230834961,68461,68502,41
12.9939498901,80.2178573608,68673,68714,41
12.9969100952,80.2165603638,68805,68845,40
13.0193395615,80.2243881226,69452,69483,31
13.0251598358,80.2296066284,69695,69765,70
13.0271196365,80.2312088013,69876,69989,113
13.0277395248,80.2310714722,70007,70047,40
13.0279102325,80.2310333252,70047,70090,43
13.0288200378,80.2309494019,70140,70221,81
13.0333404541,80.2306137085,70372,70403,31
13.0346803665,80.2304000854,70453,70504,51
13.0344800949,80.229850769,70563,70756,193
13.0342102051,80.2301101685,70756,70816,60
13.0302095413,80.2308273315,71272,71313,41
13.0260896683,80.2322311401,71484,71515,31
12.9870500565,80.2231369019,73026,73066,40
12.9870996475,80.2515029907,74029,74191,162
12.9877595901,80.2550506592,74262,74383,121
12.9872198105,80.2595291138,74474,74505,31
12.9865198135,80.2593383789,74555,74636,81
12.9868602753,80.2590789795,74656,74697,41
12.9874601364,80.2561035156,74757,74858,101
12.9800596237,80.2527999878,75070,75120,50
12.99477005,80.2171173096,76386,76508,122
13.0344200134,80.2297897339,77448,77579,131
13.0272903442,80.2329177856,77823,77873,50
13.0084199905,80.2135314941,78491,78522,31
12.9762001038,80.2216262817,79312,79352,40
12.985250473,80.2519683838,79910,79950,40
12.9864196777,80.2516937256,80011,80081,70
12.9874696732,80.2513809204,80122,80203,81
12.987660408,80.2554931641,80263,80305,42
13.0141897202,80.2256317139,82450,82571,121
12.9984798431,80.2567596436,4038,4219,181
12.9978199005,80.2563781738,18611,18671,60
12.8747901917,80.2098312378,20628,20729,101
13.0069198608,80.2097167969,24037,24106,69
13.0097904205,80.2113037109,24541,24582,41
13.0094804764,80.2110900879,24582,24692,110
13.0060501099,80.2205963135,25872,26003,131
12.9070100784,80.2283935547,28273,28323,50
12.8999700546,80.2279510498,28454,28495,41
12.8938598633,80.2276229858,28595,28646,51
12.8925895691,80.2274627686,28686,28737,51
12.8744897842,80.2101211548,29301,29332,31
12.8782997131,80.2174987793,30048,30229,181
12.8764801025,80.2268829346,30350,30389,39
12.8995199203,80.2277984619,30703,30885,182
12.9035797119,80.2280197144,31056,31096,40
12.9047298431,80.2281188965,31157,31228,71
12.9060401917,80.2281723022,31348,31379,31
12.9143695831,80.2293395996,31520,31560,40
12.9392404556,80.2353591919,31942,31974,32
12.9472503662,80.2399597168,32125,32175,50
12.9552097321,80.2429122925,32377,32438,61
12.9556398392,80.2430725098,32458,32528,70
12.9559803009,80.2431869507,32528,32569,41
12.9590501785,80.2444915771,32649,32680,31
12.9634504318,80.2465896606,32750,32821,71
12.9669303894,80.2479705811,32881,32912,31
13.0098600388,80.2113418579,35140,35201,61
13.0095701218,80.2111206055,35201,35241,40
13.0059499741,80.2205810547,36138,36239,101
12.9987602234,80.2168579102,36360,36471,111
12.9981603622,80.2166366577,36491,36542,51
12.9833202362,80.2222671509,37006,37056,50
12.976269722,80.221572876,37197,37258,61
12.979929924,80.2525405884,37984,38044,60
12.9070796967,80.2284011841,39285,39375,90
12.9011297226,80.2280426025,39446,39517,71
12.8764400482,80.2267608643,40827,40868,41
12.9051599503,80.2281265259,41352,41402,50
12.9488601685,80.2406005859,42098,42148,50
12.9563102722,80.2432937622,42320,42380,60
12.9633197784,80.2465896606,42501,42542,41
13.0095701218,80.2112426758,44629,44730,101
12.9847097397,80.2230911255,46081,46142,61
12.9828996658,80.2220077515,46222,46253,31
12.9566698074,80.2437286377,47513,47584,71
12.9396696091,80.2357177734,47906,47937,31
12.9013996124,80.2280197144,48532,48572,40
12.8990697861,80.2278366089,48642,48683,41
12.8918800354,80.2274169922,48824,48884,60
12.8748197556,80.2096633911,49439,49530,91
12.8750295639,80.2096633911,50433,50494,61
12.8748598099,80.2096405029,50494,50625,131
12.8748703003,80.2096176147,50625,50816,191
12.9004096985,80.2278289795,52046,52077,31
12.9488897324,80.2406082153,52914,52964,50
13.0071697235,80.209777832,54799,54830,31
13.0095996857,80.2111663818,55515,55596,81
12.9013700485,80.2280426025,58712,58793,81
12.8792495728,80.2110671997,59959,60026,67
12.8764600754,80.2267074585,60218,60268,50
12.9002399445,80.2278594971,60581,60621,40
13.0135498047,80.2042236328,63727,63767,40
13.0136203766,80.2046966553,63787,63818,31
13.0097703934,80.2112426758,64040,64090,50
13.0023899078,80.2194595337,65330,65361,31
13.0017795563,80.2188110352,65441,65522,81
13.0014696121,80.2185134888,65522,65582,60
13.0011301041,80.2183303833,65582,65633,51
12.9999198914,80.2175292969,65734,65784,50
12.9989299774,80.2169723511,65835,65925,90
12.9984502792,80.2167282104,65966,66006,40
12.9980697632,80.216583252,66006,66056,50
12.9763402939,80.2217102051,66651,66682,31
12.9072904587,80.2283325195,68739,68810,71
12.9036197662,80.2281036377,68900,68961,61
12.8744802475,80.2095108032,69746,69836,90
12.8746595383,80.2099761963,70233,70264,31
12.8788700104,80.2108688354,70354,70385,31
12.8792896271,80.2119598389,70414,70446,32
12.8782396317,80.2174377441,70526,70597,71
12.8950300217,80.2274780273,71101,71202,101
12.9001302719,80.2277679443,71282,71343,61
12.9054498672,80.2280883789,71494,71575,81
12.9837398529,80.2224578857,74056,74126,70
12.9974002838,80.2161178589,74469,74510,41
13.0070896149,80.2097930908,74822,74863,41
13.007399559,80.2098083496,74873,74913,40
13.0097198486,80.2112579346,75407,75508,101
12.9876203537,80.2230529785,76587,76658,71
12.9872999191,80.2230682373,76668,76779,111
12.9800300598,80.2523269653,77575,77606,31
12.9854898453,80.251953125,77676,77707,31
12.9864797592,80.251701355,77737,77817,80
12.9876899719,80.251411438,77848,77938,90
12.9974899292,80.2559204102,78160,78191,31
12.9976797104,80.2565383911,78221,78302,81
12.9867200851,80.2589111328,3985,4065,80
12.9870004654,80.2591323853,6890,6930,40
12.9870195389,80.2590866089,6941,7062,121
12.9869298935,80.2590103149,7062,7243,181
12.9869403839,80.2590026855,7980,8030,50
12.9869003296,80.2588729858,8030,8222,192
12.986989975,80.2590408325,12418,12458,40
12.9867801666,80.2588195801,18804,18864,60
12.9869699478,80.2590103149,18874,18935,61
12.9561100006,80.1859436035,20822,21013,191
12.9753398895,80.2206268311,21951,21982,31
12.9876899719,80.2557220459,22698,22738,40
12.9873104095,80.2590332031,22789,22829,40
12.9872198105,80.2595672607,22849,22910,61
12.9872398376,80.2584381104,27570,27611,41
12.9876098633,80.2559890747,27671,27782,111
13.0322303772,80.2775421143,28731,28771,40
13.0431003571,80.2795562744,29013,29064,51
13.0095701218,80.2592163086,32927,32987,60
13.0032596588,80.2568206787,33179,33250,71
12.9972801208,80.2559204102,33411,33472,61
12.9907197952,80.2560119629,33572,33603,31
12.9881696701,80.255821228,33673,33704,31
12.9770498276,80.259147644,34036,34087,51
12.9759597778,80.2589569092,34137,34218,81
12.9618501663,80.2562866211,34500,34531,31
12.958530426,80.2554397583,34682,34773,91
12.9626903534,80.2564697266,34864,34904,40
12.9876098633,80.2560272217,35528,35701,173
12.9963302612,80.2558670044,35882,35933,51
12.9990596771,80.2560119629,35993,36044,51
13.0061101913,80.2573699951,36175,36215,40
13.0161304474,80.2594604492,36508,36578,70
13.0859003067,80.2835235596,38202,38251,49
13.0880298615,80.2836990356,38947,38997,50
13.0883998871,80.2851409912,39138,39239,101
13.0887699127,80.2899703979,39360,39401,41
13.002790451,80.2567901611,41025,41075,50
12.9777603149,80.2590789795,41791,41862,71
12.9146299362,80.25025177,42840,42880,40
12.9151096344,80.2502975464,42890,42941,51
12.942199707,80.2532272339,43697,43798,101
12.948340416,80.2544326782,43889,44081,192
12.9847602844,80.2577209473,44787,44867,80
12.9849996567,80.2576980591,44877,44908,31
12.9868803024,80.2580108643,44948,44988,40
12.9875497818,80.2562332153,45029,45099,70
12.9959201813,80.2558670044,45281,45321,40
12.9987001419,80.2560195923,45412,45452,40
13.0225296021,80.2717895508,46108,46189,81
13.0339097977,80.2774200439,46622,46673,51
13.0884504318,80.2901306152,47591,47692,101
13.0854701996,80.2835464478,47863,47912,49
13.0860004425,80.2835235596,47924,47964,40
13.0882396698,80.2834014893,48751,48872,121
13.0881900787,80.2831573486,49497,49598,101
13.0866804123,80.2836990356,55216,55286,70
13.0880203247,80.2838668823,59512,59704,192
13.0880804062,80.2839584351,59714,59895,181
13.0880804062,80.2838973999,60127,60238,111
13.0887804031,80.2901687622,63537,63607,70
13.018819809,80.2624435425,65121,65161,40
13.0187196732,80.2614364624,65211,65242,31
13.0025997162,80.2567367554,65585,65635,50
12.9987201691,80.256111145,65716,65766,50
12.9886703491,80.2559814453,65988,66028,40
12.9850702286,80.2596664429,66180,66240,60
12.9766302109,80.2591323853,66412,66462,50
12.9757003784,80.2589111328,66511,66543,32
12.9696903229,80.2578277588,66644,66684,40
12.9385900497,80.2528076172,67269,67300,31
12.9188995361,80.2509384155,67572,67632,60
12.914850235,80.2503662109,67743,67844,101
12.9247703552,80.2512207031,68036,68137,101
12.9634504318,80.2565536499,68903,68944,41
12.9695701599,80.2577819824,69085,69125,40
12.9764900208,80.259147644,69267,69307,40
12.9867200851,80.2580413818,69579,69650,71
12.9870796204,80.2584686279,76620,76691,71
12.9981098175,80.2571334839,1202,1243,41
12.9982995987,80.2569503784,19008,19188,180
12.9977397919,80.2562713623,19583,19634,51
12.8394498825,80.2276687622,24921,24972,51
12.9005203247,80.2278137207,25598,25638,40
12.9633798599,80.2465362549,26424,26466,42
12.9875802994,80.251411438,26759,26819,60
12.9967603683,80.2559127808,27021,27072,51
13.0067100525,80.2530822754,27334,27374,40
13.0065803528,80.2533493042,29020,29121,101
12.9925203323,80.256111145,29494,29545,51
12.9896602631,80.2559585571,29615,29666,51
12.9892997742,80.2558822632,29666,29716,50
12.986989975,80.2556991577,29767,29817,50
12.9861097336,80.2554397583,29868,29958,90
12.9499797821,80.2411117554,30493,30584,91
12.9240198135,80.2307815552,31049,31200,151
12.913310051,80.2292861938,31331,31382,51
12.9055595398,80.2282409668,31513,31614,101
12.8987998962,80.2278900146,32088,32129,41
12.8936004639,80.2275390625,32229,32290,61
12.892999649,80.2274398804,32320,32381,61
12.8398599625,80.2276611328,33219,33259,40
12.8321695328,80.2291412354,33340,33380,40
12.7702598572,80.1845626831,34993,35041,48
12.7615003586,80.1847915649,35184,35244,60
12.7619304657,80.1848907471,35264,35374,110
12.7860202789,80.2202529907,36130,36181,51
12.831029892,80.2293624878,36696,36766,70
12.8394498825,80.2275695801,36877,36908,31
12.8990001678,80.2277603149,37574,37655,81
12.8993597031,80.2278137207,37665,37705,40
12.9056301117,80.2281570435,37856,37887,31
12.996509552,80.2558288574,39845,39885,40
12.9975204468,80.2570495605,39986,40026,40
12.9975004196,80.256942749,40037,40168,131
12.9990501404,80.2560806274,40249,40299,50
13.0062599182,80.2574081421,40450,40501,51
13.0066995621,80.2533187866,40602,40662,60
13.0066204071,80.2570571899,41167,41217,50
13.0016498566,80.2566604614,41328,41379,51
12.9885902405,80.2559204102,41702,41793,91
12.9072599411,80.2283401489,43054,43105,51
12.9013795853,80.2279129028,43185,43216,31
12.8993301392,80.2278366089,43276,43307,31
12.7874202728,80.2208328247,44609,44649,40
12.7871799469,80.220703125,44649,44699,50
12.7870903015,80.2206726074,44699,44730,31
12.7846097946,80.2196121216,44800,44831,31
12.7614803314,80.1848373413,45598,45739,141
12.9005098343,80.2277908325,48171,48272,101
12.956199646,80.2432785034,49029,49069,40
12.9649000168,80.2471694946,49191,49251,60
12.9796495438,80.2526321411,49483,49534,51
12.9975595474,80.2559127808,49937,49968,31
12.9976701736,80.256072998,51441,51472,31
13.005610466,80.2573013306,51674,51705,31
13.0066204071,80.257232666,52160,52231,71
13.0026397705,80.2567367554,52291,52331,40
12.9882297516,80.255821228,52624,52705,81
12.9568395615,80.2438201904,53240,53341,101
12.9564800262,80.2437286377,53341,53381,40
12.9068202972,80.2282562256,54066,54118,52
12.8992795944,80.2278671265,54209,54249,40
12.7862596512,80.2203521729,55591,55632,41
12.7614603043,80.1848220825,56460,56551,91
12.7845802307,80.219581604,57540,57571,31
12.7850503922,80.2197570801,57591,57662,71
12.7855596542,80.2200469971,57682,57762,80
12.7860898972,80.2203598022,57783,57823,40
12.8389101028,80.227897644,58519,58620,101
12.8392801285,80.2277832031,58620,58681,61
12.8999900818,80.2278671265,59509,59559,50
12.9050197601,80.2281494141,59670,59741,71
12.9633903503,80.2466430664,60609,60659,50
12.9794101715,80.2525634766,60891,60922,31
12.9861001968,80.2518310547,61013,61164,151
12.987950325,80.2537002563,61245,61376,131
12.9990997314,80.2561264038,61689,61739,50
13.0057296753,80.2573471069,61871,61941,70
13.0065202713,80.2530670166,62042,62133,91
13.0038995743,80.256980896,63425,63475,50
13.0022497177,80.2566986084,63526,63586,60
12.9808702469,80.2527999878,64091,64152,61
12.7868700027,80.2205734253,66766,66837,71
12.7860603333,80.2202529907,66867,66917,50
12.7672595978,80.1830596924,67612,67683,71
12.7865495682,80.2204208374,69722,69762,40
12.8306398392,80.2294387817,70297,70337,40
12.830789566,80.2293701172,70337,70368,31
12.8552703857,80.2263717651,70751,70852,101
12.9046897888,80.2280578613,71529,71599,70
12.9058303833,80.2281112671,71629,71700,71
12.9487495422,80.2405166626,72306,72346,40
12.9832801819,80.2524719238,72881,72972,91
12.9878396988,80.2539367676,73123,73214,91
12.9968204498,80.1912918091,3878,3979,101
12.9968004227,80.1911087036,17536,17697,161
12.9967803955,80.1910476685,40296,40438,142
12.9967403412,80.1911468506,49644,49735,91
12.9968996048,80.1912994385,59425,59617,192
12.9967498779,80.1911621094,60485,60586,101
13.0348300934,80.2299728394,13,54,41
13.0348796844,80.229850769,134,195,61
13.0348300934,80.2297592163,245,315,70
13.0349702835,80.2297592163,487,557,70
13.0348300934,80.2300262451,900,1051,151
13.0347900391,80.2299804688,1091,1202,111
13.0348300934,80.2300186157,1252,1343,91
13.0347995758,80.2299880981,1343,1404,61
13.0348501205,80.2301177979,1595,1635,40
13.034910202,80.2302474976,1676,1776,100
13.0347299576,80.2299194336,1827,1887,60
13.0349998474,80.2299880981,1887,1958,71
13.0348396301,80.2300186157,1978,2159,181
13.034819603,80.2299804688,2199,2280,81
13.0347499847,80.2300415039,2290,2401,111
13.034819603,80.2299423218,2401,2492,91
13.0348596573,80.2300186157,2492,2532,40
13.0343704224,80.2300415039,2572,2643,71
13.0349597931,80.2296829224,2693,2824,131
13.0347003937,80.2297592163,2864,2965,101
13.0348501205,80.2300415039,3096,3237,141
13.0354604721,80.23021698,3277,3308,31
13.0348701477,80.2298202515,3328,3388,60
13.0347995758,80.2298583984,3449,3499,50
13.0350103378,80.2300186157,3539,3570,31
13.0349397659,80.2299423218,3570,3751,181
13.0348796844,80.2300720215,3751,3912,161
13.0348596573,80.2300109863,3922,4073,151
13.0350399017,80.2300262451,4083,4234,151
13.0349197388,80.229927063,4234,4275,41
13.0347900391,80.2298965454,4275,4335,60
13.0347499847,80.2300491333,4345,4386,41
13.0348596573,80.2299575806,4416,4466,50
13.034819603,80.2298202515,4869,4980,111
13.034910202,80.2301483154,5061,5121,60
13.0348300934,80.2299728394,5121,5171,50
13.0348396301,80.2299804688,5171,5252,81
13.0347900391,80.2298202515,5262,5312,50
13.0349302292,80.2302322388,5333,5373,40
13.0349702835,80.2300491333,5423,5514,91
13.034819603,80.2299880981,5524,5574,50
13.0347700119,80.2297210693,5947,6008,61
13.0350103378,80.2307510376,7136,7257,121
13.0348796844,80.2299880981,7539,7579,40
13.0347700119,80.229888916,7720,7781,61
13.0348796844,80.2302017212,7892,7982,90
13.0344600677,80.229927063,8275,8315,40
13.0346298218,80.2300720215,8536,8577,41
13.0337295532,80.2295913696,8788,8889,101
13.0356302261,80.2303924561,8938,8980,42
13.0349798203,80.2299499512,8980,9060,80
13.0345897675,80.229927063,9091,9191,100
13.0349302292,80.229927063,9766,9957,191
13.0348501205,80.2300186157,9957,10048,91
13.0349302292,80.2300491333,10058,10169,111
13.0347795486,80.2299804688,10179,10259,80
13.0348901749,80.2300186157,10259,10290,31
13.0348901749,80.2300186157,10290,10330,40
13.0348997116,80.2300796509,10441,10491,50
13.0346698761,80.2302932739,10834,10904,70
13.0348596573,80.2299575806,10904,10955,51
13.0348901749,80.2300033569,10955,10995,40
13.0348300934,80.2299499512,11116,11186,70
13.0348901749,80.2300720215,11509,11630,121
13.0347003937,80.2296981812,11791,11851,60
13.0348300934,80.2298965454,11851,11932,81
13.0346803665,80.2301101685,11962,12022,60
13.0347604752,80.2299118042,12365,12516,151
13.0348796844,80.2299499512,12607,12647,40
13.0348100662,80.2299804688,12788,12869,81
13.0347700119,80.2301177979,12899,13020,121
13.0347003937,80.2300872803,13030,13141,111
13.0350103378,80.2302017212,13171,13322,151
13.0344600677,80.2302322388,36656,36696,40
13.0352602005,80.2295532227,36727,36767,40
13.0347499847,80.2296600342,37069,37160,91
13.0340299606,80.2300415039,37160,37301,141
13.0349502563,80.2294692993,37311,37462,151
13.0346002579,80.2301101685,37462,37593,131
13.0342998505,80.2299575806,37593,37643,50
13.033539772,80.229927063,37674,37734,60
13.0341396332,80.2303009033,37764,37795,31
13.0340499878,80.2302093506,37795,37875,80
13.0272102356,80.2322692871,38107,38198,91
13.0274295807,80.2329483032,38218,38308,90
12.9422397614,80.1327819824,44786,44817,31
12.9557304382,80.1430587769,45068,45099,31
12.957449913,80.1440124512,45099,45230,131
12.9726696014,80.1518936157,45330,45371,41
12.9782600403,80.1604995728,45451,45622,171
12.9980697632,80.1915435791,45945,46056,111
13.0016698837,80.1990432739,46076,46156,80
13.0062303543,80.2027130127,46166,46227,61
13.0087003708,80.2102432251,46277,46358,81
13.0103302002,80.2154006958,46408,46469,61
13.012260437,80.2207794189,46469,46660,191
12.9275302887,80.118888855,50952,50992,40
12.9254102707,80.1171722412,51021,51073,52
12.924249649,80.1155471802,51073,51113,40
12.9170398712,80.1073532104,51194,51254,60
12.9126996994,80.1015777588,51254,51315,61
12.9058504105,80.0962219238,51355,51425,70
12.885020256,80.0701370239,52010,52090,80
12.8816003799,80.0739364624,52181,52312,131
12.8800802231,80.0765914917,52635,52666,31
12.882349968,80.0732727051,52958,53008,50
12.8887300491,80.0701293945,53179,53260,81
12.8913097382,80.0716018677,53270,53310,40
12.8919296265,80.0786209106,53330,53371,41
12.9056797028,80.0953292847,53663,53703,40
12.9160995483,80.105506897,53985,54066,81
12.9730195999,80.1525115967,55194,55325,131
12.9802904129,80.1644821167,55355,55436,81
12.9869003296,80.1736221313,55466,55527,61
12.9977397919,80.1912994385,55708,55748,40
12.9993801117,80.193687439,55748,55849,101
13.003279686,80.200668335,55849,55889,40
13.0051202774,80.2015533447,55899,55950,51
13.0074996948,80.2022171021,55970,56071,101
13.0231895447,80.2264328003,56504,56564,60
13.0338897705,80.2304077148,56856,56897,41
13.0348300934,80.2299423218,56917,56957,40
13.0342302322,80.2297897339,57562,57602,40
13.0343198776,80.2302017212,57662,57693,31
13.0330600739,80.2330093384,57803,57914,111
13.0274801254,80.2321090698,57943,57975,32
13.0269699097,80.2328186035,57975,58025,50
13.0144701004,80.2261428833,58257,58317,60
13.0107803345,80.2269897461,58317,58448,131
13.010720253,80.2162399292,58478,58519,41
13.0084295273,80.2136688232,58529,58569,40
13.0082502365,80.2135314941,58569,58630,61
13.0063800812,80.2093811035,58791,58932,141
13.0059995651,80.2030181885,58942,59022,80
13.0029497147,80.2010726929,59033,59194,161
12.9961204529,80.1894226074,59194,59234,40
12.9956302643,80.1885681152,59244,59335,91
12.9608297348,80.1457290649,59909,59969,60
12.956870079,80.1434020996,59990,60030,40
12.929309845,80.1221313477,60502,60655,153
12.9272203445,80.1167984009,60705,60826,121
12.9095802307,80.1007003784,60917,60997,80
12.880399704,80.0767288208,62448,62539,91
12.8811597824,80.0745773315,62599,62639,40
12.8852596283,80.0727005005,62760,62831,71
12.9053401947,80.0952987671,63496,63536,40
12.9063997269,80.0961532593,63566,63616,50
12.9064903259,80.0962371826,63616,63687,71
12.9272098541,80.1181793213,64160,64231,71
12.9957799911,80.1887969971,65984,66024,40
13.0169000626,80.2252807617,66729,66770,41
13.0260295868,80.2308578491,66951,66990,39
13.0293397903,80.23072052,67132,67173,41
13.0346298218,80.2297668457,67455,67505,50
13.034330368,80.2297515869,67636,67687,51
13.0333204269,80.2290496826,67727,67868,141
13.0339298248,80.2294235229,68009,68068,59
13.0341501236,80.2297134399,68180,68241,61
13.0258598328,80.2322006226,68755,68805,50
13.0074796677,80.2055511475,70115,70155,40
12.9804000854,80.163520813,71012,71043,31
12.9679098129,80.1495285034,71375,71425,50
12.9257097244,80.1173400879,72362,72393,31
12.8802900314,80.0765914917,73743,73813,70
12.8802700043,80.0766677856,73833,73864,31
12.8802204132,80.0765762329,73884,73924,40
12.8802404404,80.0764694214,73974,74125,151
12.8817396164,80.0745925903,74428,74518,90
12.8855304718,80.0695877075,74609,74789,180
12.891409874,80.0702362061,74789,74881,92
12.8921403885,80.0789794922,74901,74932,31
12.8974399567,80.0891876221,75173,75234,61
12.9065904617,80.0964279175,75768,75869,101
13.0338497162,80.2301712036,79355,79395,40
13.0339899063,80.23021698,79474,79506,32
13.0339698792,80.2304916382,79536,79596,60
13.0338602066,80.230430603,79617,79667,50
13.0338897705,80.2304000854,79677,79717,40
13.0340204239,80.2305297852,79778,79818,40
13.034119606,80.2306289673,79848,79919,71
13.0260400772,80.2324905396,80171,80231,60
13.0120401382,80.2205429077,80513,80584,71
13.0104904175,80.2158432007,80584,80695,111
13.0037698746,80.2125091553,80735,80785,50
13.0080099106,80.209777832,80886,80997,111
13.0030403137,80.2017593384,81047,81118,71
12.9957895279,80.1891098022,81198,81269,71
12.9899196625,80.1799926758,81349,81531,182
12.9793901443,80.1624984741,81581,81692,111
12.9658498764,80.1484832764,81793,81873,80
12.953499794,80.1417922974,81934,81974,40
12.9355096817,80.1274871826,82266,82327,61
12.9296998978,80.1203918457,82397,82438,41
12.9283704758,80.119758606,82629,82710,81
12.9278697968,80.1196670532,82819,82861,42
12.9272699356,80.1188812256,82911,82950,39
12.9268198013,80.1180877686,83022,83092,70
12.9265403748,80.1182022095,83092,83223,131
12.9099998474,80.1006088257,83292,83363,71
12.9088001251,80.1000823975,83403,83453,50
12.9067497253,80.0967407227,83624,83655,31
12.8927497864,80.0853500366,83927,84118,191
12.9138002396,80.1014022827,84148,84179,31
12.9170703888,80.1073608398,84209,84269,60
12.9226999283,80.1137313843,84300,84350,50
12.9857501984,80.1736526489,85317,85448,131
13.0045700073,80.2008132935,85670,85841,171
13.0103902817,80.2161636353,85912,85961,49
13.0120401382,80.2211074829,85961,86021,60
13.0779104233,80.2761764526,28224,28257,33
13.0810604095,80.2751998901,28286,28317,31
13.0817403793,80.2755966187,28347,28378,31
13.087770462,80.2839813232,28571,28682,111
13.0878295898,80.2839889526,28682,28722,40
13.0884504318,80.2851715088,28885,28964,79
13.0230302811,80.2726593018,30140,30190,50
13.0218801498,80.2711791992,30241,30311,70
13.0210399628,80.270111084,30352,30473,121
13.0066204071,80.2519989014,30898,30948,50
13.0067100525,80.2489471436,31019,31110,91
13.0066900253,80.2405166626,31321,31362,41
12.9952602386,80.2169494629,31859,31890,31
12.9959001541,80.2166213989,33232,33293,61
13.0114002228,80.2231216431,33567,33639,72
13.0083198547,80.2334823608,33952,34053,101
13.007610321,80.2367477417,34204,34275,71
13.006770134,80.2420196533,34396,34446,50
13.0067501068,80.2444000244,34537,34587,50
13.0429296494,80.2795181274,35951,35982,31
13.0640096664,80.2833709717,36234,36274,40
13.0886602402,80.2901229858,36567,36617,50
13.0888204575,80.2901229858,36617,36648,31
13.0878200531,80.2839584351,36919,37072,153
13.0884895325,80.2849197388,37244,37284,40
13.0887498856,80.289932251,37416,37456,40
13.0369997025,80.2781906128,38135,38195,60
13.0064697266,80.2527313232,38841,38941,100
13.0066299438,80.2519302368,38971,39094,123
13.0066795349,80.2494888306,39145,39215,70
13.0066299438,80.2409362793,39448,39488,40
13.0113897324,80.2231521606,41368,41408,40
13.0071401596,80.2390594482,41801,41902,101
13.0069303513,80.2399902344,41922,42023,101
13.0066795349,80.2431716919,42133,42176,43
13.0066299438,80.2570724487,42448,42509,61
13.0231304169,80.2726364136,42953,42993,40
13.0236701965,80.2733764648,43023,43083,60
13.0301399231,80.2768325806,43367,43420,53
13.0329799652,80.2774963379,43602,43633,31
13.088760376,80.2901687622,44433,44473,40
13.0853500366,80.2839202881,44584,44626,42
13.0861902237,80.2835617065,44626,44657,31
13.0870103836,80.2839584351,44657,44745,88
13.0875797272,80.2839508057,44768,44899,131
13.0879402161,80.2840118408,44899,45080,181
13.0857801437,80.2836227417,46484,46655,171
13.0755500793,80.2753295898,51427,51515,88
13.0758695602,80.2754669189,52167,52226,59
13.0759897232,80.2758331299,52226,52260,34
13.075969696,80.276222229,52288,52321,33
13.0782899857,80.28125,52411,52442,31
13.0831098557,80.2821731567,52501,52532,31
13.0846796036,80.2832489014,52532,52563,31
13.0865898132,80.2839126587,52593,52624,31
13.0869998932,80.2838592529,55824,55855,31
13.0877199173,80.2838668823,55885,55925,40
13.0880804062,80.2838287354,55925,55956,31
13.0065898895,80.2521896362,57928,58009,81
12.995349884,80.2169418335,58776,58807,31
12.9873399734,80.2231216431,58968,59029,61
12.9803304672,80.2210922241,60255,60407,152
12.9816398621,80.2213973999,60477,60508,31
13.0114402771,80.2231903076,61072,61112,40
13.0069799423,80.2401733398,61437,61487,50
13.0068702698,80.250617981,61689,61790,101
13.0223302841,80.2715377808,62282,62338,56
13.0227298737,80.2720489502,62368,62409,41
13.0231599808,80.2726974487,62439,62590,151
13.0243701935,80.2743301392,63024,63084,60
13.0265398026,80.2754821777,63197,63268,71
13.0268602371,80.2755966187,63278,63339,61
13.027299881,80.2758178711,63349,63430,81
13.0286798477,80.2763900757,63480,63561,81
13.0290298462,80.2765274048,63561,63662,101
13.0293798447,80.2766494751,63662,63722,60
13.0297803879,80.2767181396,63722,63813,91
13.0301399231,80.2768783569,63813,63924,111
13.0305900574,80.2770309448,63934,64014,80
13.0315303802,80.2775878906,64044,64085,41
13.0691795349,80.2845687866,64682,64746,64
13.072640419,80.285369873,64746,64777,31
13.0745897293,80.286277771,64806,64839,33
13.0888204575,80.2902374268,65012,65062,50
13.086979866,80.283996582,65254,65294,40
13.087770462,80.2839813232,65324,65385,61
13.0884504318,80.2849807739,65597,65637,40
13.0610904694,80.2828903198,66427,66498,71
13.0066003799,80.2479019165,67945,67995,50
13.0065402985,80.2478637695,67995,68056,61
13.0032100677,80.2199783325,68813,68894,81
13.0028600693,80.219871521,68894,68945,51
13.0017595291,80.2188415527,69035,69066,31
13.0013198853,80.2185134888,69076,69116,40
13.0008201599,80.2181472778,69146,69187,41
13.0000801086,80.2176818848,69215,69267,52
12.9992704391,80.2172088623,69298,69338,40
12.9981603622,80.2167510986,69378,69439,61
12.9904298782,80.2205505371,69712,69763,51
12.9761400223,80.2213973999,70148,70189,41
12.9770002365,80.222869873,70818,70871,53
12.9774303436,80.2217025757,70901,70940,39
12.9779901505,80.2212905884,70940,70971,31
12.9798603058,80.2211532593,70971,71002,31
12.98279953,80.2219772339,71032,71065,33
12.9865903854,80.2230377197,71154,71186,32
13.0113601685,80.2232131958,71761,71850,89
13.0066404343,80.2573928833,72498,72589,91
13.0227203369,80.2721786499,73063,73156,93
13.0237703323,80.2736434937,73206,73257,51
13.0313100815,80.2776031494,73469,73509,40
13.0749197006,80.2865371704,74266,74332,66
13.0749197006,80.2865371704,74332,74363,31
13.0877199173,80.2839736938,74798,74848,50
12.9872598648,80.2590713501,8585,8635,50
12.987279892,80.2591094971,16755,16787,32
13.0143699646,80.2261581421,17901,17962,61
13.0232801437,80.2275466919,28376,28436,60
12.9756698608,80.2210617065,29478,29539,61
12.9710597992,80.2191772461,29640,29680,40
12.9537496567,80.2121734619,29992,30035,43
12.9486398697,80.2102584839,30115,30146,31
12.9442596436,80.2083969116,30216,30257,41
12.9337902069,80.2039489746,30499,30539,40
12.9293498993,80.2027893066,30630,30661,31
12.9220895767,80.1973266602,30882,30933,51
12.9166603088,80.1923294067,31308,31348,40
12.8278102875,80.1651611328,32964,33034,70
12.8100204468,80.1595535278,33380,33420,40
12.8278303146,80.1651611328,34035,34075,40
12.8564195633,80.1721115112,34572,34612,40
12.878279686,80.1700363159,34906,34968,62
12.9168300629,80.1922531128,35847,35887,40
12.9173803329,80.1903305054,35947,36068,121
12.917429924,80.1912994385,36098,36171,73
12.9173603058,80.1917037964,36171,36252,81
12.9172296524,80.1938171387,36383,36424,41
12.953619957,80.2119216919,37353,37384,31
12.9668397903,80.2172164917,37656,37697,41
12.9674596786,80.2174377441,37697,37739,42
12.9674596786,80.2174377441,37739,37780,41
12.9744100571,80.2203674316,37963,38034,71
12.9755001068,80.2207565308,38064,38105,41
13.0219898224,80.2261581421,39176,39216,40
13.0227899551,80.2268600464,39256,39287,31
13.0240297318,80.2279510498,39347,39388,41
13.0258903503,80.2306213379,39467,39519,52
13.0334100723,80.2304229736,39712,39772,60
13.0337495804,80.230506897,39782,39814,32
13.0349197388,80.2301483154,39844,39884,40
13.0341100693,80.2302932739,41027,41078,51
13.0311899185,80.23072052,41169,41219,50
13.0277204514,80.2317276001,41330,41431,101
13.0272502899,80.2328872681,41481,41612,131
13.0231103897,80.2275314331,41806,41846,40
12.8709802628,80.1740722656,44950,45014,64
12.8272199631,80.1649780273,45762,45802,40
12.8102302551,80.1596832275,46156,46288,132
12.8799295425,80.1701812744,47660,47726,66
12.9167804718,80.1922607422,48373,48404,31
13.0337495804,80.2304763794,50946,50986,40
13.034740448,80.2300491333,51067,51128,61
13.0268802643,80.233001709,52845,52908,63
13.0141000748,80.2255477905,53250,53423,173
12.9832601547,80.2222213745,54153,54184,31
12.8100404739,80.1596298218,57396,57437,41
12.8274202347,80.1650695801,58153,58186,33
12.8803100586,80.1704330444,58882,58944,62
12.8819999695,80.1710281372,58944,58975,31
12.8828401566,80.1707611084,59002,59036,34
12.9120702744,80.1918716431,59524,59564,40
12.9171600342,80.1930389404,59778,59818,40
12.9747495651,80.2204666138,61021,61061,40
13.0282096863,80.2309265137,62415,62496,81
13.0303001404,80.2306976318,62568,62628,60
13.0338802338,80.2304000854,62700,62760,60
13.0347299576,80.2297973633,62872,62911,39
13.0343599319,80.2297821045,62924,62995,71
13.0308504105,80.2307510376,63488,63521,33
12.9994602203,80.2172317505,64452,64532,80
12.9981298447,80.2166290283,64603,64684,81
12.9832601547,80.2221832275,65228,65259,31
12.975689888,80.2211303711,65442,65493,51
12.9710197449,80.2191619873,65583,65624,41
12.917140007,80.1942977905,66837,66868,31
12.9166603088,80.1923065186,66969,67049,80
12.9060897827,80.1887283325,67565,67596,31
12.8972997665,80.181930542,67808,67858,50
12.8751296997,80.171257019,68486,68517,31
12.8563804626,80.1720809937,68820,68860,40
12.8277902603,80.1651306152,69397,69437,40
12.8110599518,80.1594924927,70106,70146,40
12.8267803192,80.1646118164,70419,70459,40
12.8443498611,80.1700820923,70852,70883,31
12.8801403046,80.1702804565,71307,71373,66
12.9746799469,80.2203292847,73434,73547,113
13.0294504166,80.2307128906,74881,74931,50
13.0345497131,80.2302398682,75032,75113,81
13.0345001221,80.229888916,75164,75264,100
13.034330368,80.229888916,75264,75315,51
13.0343198776,80.2298736572,75315,75445,130
12.9972896576,80.2165603638,77580,77630,50
12.9907398224,80.2202072144,77761,77822,61
12.9877099991,80.2231292725,77923,77973,50
12.9831399918,80.2221984863,78095,78145,50
12.975689888,80.2211990356,78297,78368,71
12.9625902176,80.215713501,78682,78733,51
12.953789711,80.2122192383,78914,78945,31
12.9336795807,80.2039718628,79429,79461,32
12.9167003632,80.1923599243,80006,80056,50
12.8972597122,80.1820526123,80875,80916,41
12.8880796432,80.173500061,81178,81219,41
12.8112001419,80.159538269,82444,82505,61
12.8812198639,80.1707992554,83352,83422,70
13.0149402618,80.2259216309,85651,85692,41
13.0144701004,80.2252502441,86016,86137,121
13.01445961,80.2251968384,86147,86208,61
12.9968099594,80.1910629272,1877,1998,121
12.9969596863,80.1910324097,8741,8812,71
12.9967899323,80.1911697388,18553,18695,142
12.9967603683,80.191116333,19119,19310,191
12.9966497421,80.1911087036,19310,19442,132
12.9961900711,80.1907424927,20905,20996,91
12.9961996078,80.1908035278,21844,21955,111
12.9959096909,80.1893768311,22006,22046,40
13.0019302368,80.198638916,22551,22591,40
13.0033502579,80.2007217407,22672,22722,50
13.0035495758,80.2006988525,22722,22753,31
13.0684499741,80.2072372437,23883,23924,41
13.0696496964,80.2051010132,24035,24085,50
13.0687704086,80.2050094604,24358,24469,111
13.0718297958,80.202507019,24590,24651,61
13.0993404388,80.1702423096,25690,25781,91
13.0878295898,80.1898422241,26223,26274,51
13.0703897476,80.2043228149,27051,27112,61
13.0680398941,80.2050704956,27263,27344,81
13.0686197281,80.2048416138,27586,27677,91
13.0687999725,80.204750061,27677,27738,61
13.0697002411,80.204826355,27768,27940,172
13.0520095825,80.2122268677,28263,28313,50
13.0503396988,80.2122573853,28353,28384,31
13.0109796524,80.2121582031,29393,29444,51
13.0106496811,80.2119216919,29454,29494,40
13.0098600388,80.2113037109,29545,29735,190
13.0094995499,80.2111282349,29735,29767,32
12.9756402969,80.2208023071,30756,30907,151
12.9758300781,80.2211608887,31261,31301,40
12.9758501053,80.221031189,31604,31745,141
12.9960203171,80.2165908813,32260,32300,40
13.035030365,80.21118927,33360,33411,51
13.0349903107,80.2115936279,33411,33481,70
13.0365896225,80.212310791,33572,33633,61
13.048789978,80.2119979858,33855,33926,71
13.0687398911,80.2050094604,34390,34430,40
13.0720796585,80.2021408081,34511,34572,61
13.07929039,80.1986999512,34753,34784,31
13.0816602707,80.1985321045,34864,34915,51
13.0881299973,80.1800765991,35419,35470,51
13.0993995667,80.1699066162,35894,36035,141
13.089099884,80.1695098877,36177,36288,111
13.0874900818,80.1925201416,36741,36811,70
13.0853099823,80.1994400024,37256,37346,90
13.0853300095,80.1990432739,37357,37498,141
13.0843896866,80.1986465454,37548,37589,41
13.069849968,80.2050323486,37912,37982,70
13.0638399124,80.2116928101,38305,38336,31
13.0517301559,80.2121505737,38588,38699,111
13.0453796387,80.212387085,38830,38921,91
13.037610054,80.2124023438,39042,39123,81
13.0305299759,80.2092971802,39345,39385,40
13.0099697113,80.2114486694,39910,39951,41
12.9756097794,80.220741272,41132,41233,101
13.0071401596,80.2097930908,42745,42777,32
13.03647995,80.2123184204,43554,43604,50
13.0439596176,80.2123031616,43705,43857,152
13.0687704086,80.2051696777,44382,44422,40
13.0693998337,80.2047729492,44472,44503,31
13.0885601044,80.1713485718,45529,45580,51
13.0885801315,80.1699371338,45600,45650,50
13.0994701385,80.1700592041,47780,47891,111
13.0881996155,80.1790771484,48254,48285,31
13.0881204605,80.1818389893,48335,48396,61
13.0873804092,80.1926803589,48578,48649,71
13.0679397583,80.2052612305,49497,49547,50
13.0496101379,80.2121810913,49981,50012,31
13.0375299454,80.212387085,50173,50254,81
13.0109500885,80.2121505737,50950,51001,51
13.0101604462,80.2115325928,51031,51092,61
12.9756402969,80.2203979492,52202,52283,81
12.9760398865,80.2211380005,52313,52485,172
12.9764204025,80.2211914063,52485,52606,121
13.0072498322,80.209777832,53292,53331,39
13.0434999466,80.2122192383,54100,54140,40
13.0687198639,80.2051010132,54655,54724,69
13.0877599716,80.1882629395,55331,55382,51
13.0881099701,80.1796112061,55497,55557,60
13.0886201859,80.1698684692,55709,55769,60
13.0996599197,80.1698226929,55971,56011,40
13.0996103287,80.1696929932,56011,56062,51
13.0996398926,80.1697311401,56133,56193,60
13.0994300842,80.1700897217,56203,56244,41
13.0889596939,80.1695632935,56435,56476,41
13.0874204636,80.1926422119,56879,56920,41
13.0700101852,80.2048721313,57596,57637,41
13.067990303,80.205406189,57707,57768,61
13.0697698593,80.2049331665,57828,57859,31
13.0638198853,80.2117767334,57990,58030,40
13.0375995636,80.2124633789,58424,58495,71
13.0096302032,80.2112197876,59221,59272,51
12.9757995605,80.2203521729,60372,60423,51
12.9756498337,80.2208099365,60443,60544,101
13.0297203064,80.2089385986,62734,62774,40
13.0349397659,80.212059021,62946,62986,40
13.0716600418,80.2026290894,63996,64177,181
13.0876998901,80.1888198853,64733,64813,80
13.0877504349,80.1881637573,64834,64874,40
13.0880899429,80.1797790527,64975,65025,50
13.0886001587,80.1699676514,65217,65268,51
13.0875701904,80.1913223267,66772,66812,40
13.0699100494,80.2049026489,67872,67943,71
13.0679597855,80.2053527832,68003,68054,51
13.0514297485,80.2121505737,68558,68589,31
13.0458803177,80.2123184204,68730,68831,101
13.037730217,80.212387085,68972,69073,101
13.0099897385,80.2114028931,69931,69982,51
13.0097398758,80.211227417,69982,70063,81
13.0094299316,80.2110214233,70063,70111,48
13.0022201538,80.2193069458,70797,70828,31
13.0020503998,80.2191467285,70838,70878,40
13.0018997192,80.218963623,70878,70919,41
13.0017004013,80.2187194824,70919,70979,60
13.0014095306,80.2184677124,70989,71070,81
13.0010700226,80.2182693481,71070,71120,50
13.0001602173,80.2176437378,71161,71211,50
12.9980897903,80.216583252,71302,71363,61
12.9756498337,80.2203598022,71928,71978,50
12.9756803513,80.2208099365,72019,72069,50
12.9759998322,80.2212295532,72352,72453,101
13.0035600662,80.2119522095,73422,73462,40
13.0072202682,80.2026062012,73715,73755,40
13.0349998474,80.2110290527,74250,74290,40
13.0495595932,80.2118835449,74633,74724,91
13.0687503815,80.205078125,75189,75300,111
13.0709295273,80.2034301758,75633,75723,90
13.0881299973,80.1796875,76491,76531,40
13.0885696411,80.1703491211,76733,76794,61
13.0992698669,80.1700668335,77086,77258,172
13.0888595581,80.169631958,77640,77712,72
13.0679397583,80.2053985596,78893,78934,41
13.0346298218,80.2122421265,79681,79761,80
12.975569725,80.2205123901,81428,81479,51
12.9822597504,80.2217712402,81610,81650,40
12.996339798,80.1916122437,82589,82650,61
12.9968299866,80.1912612915,84002,84093,91
12.9968299866,80.1912078857,84103,84184,81
12.9970903397,80.1919021606,458,609,151
12.997179985,80.1918029785,609,658,49
12.9969100952,80.1910705566,3112,3283,171
12.9971904755,80.1912002563,3293,3404,111
12.9969396591,80.1912918091,3404,3475,71
12.9968996048,80.1909408569,4464,4575,111
12.9969701767,80.1910629272,4898,4999,101
12.9970598221,80.1912231445,5826,5907,81
12.997179985,80.1910934448,7643,7814,171
12.9970598221,80.1913604736,8934,9086,152
12.9972801208,80.1913223267,19329,19430,101
12.997179985,80.1913223267,23678,23870,192
12.9972000122,80.1911010742,25343,25404,61
12.9966602325,80.191368103,25424,25575,151
12.9967002869,80.1915130615,26352,26383,31
12.995929718,80.1897277832,26867,26938,71
13.0037603378,80.2007598877,27109,27160,51
13.0038604736,80.2009887695,27160,27200,40
13.0089902878,80.2107391357,27402,27463,61
13.0092401505,80.2108383179,27463,27503,40
13.0093603134,80.2109603882,27523,27685,162
13.0094804764,80.2110671997,27685,27755,70
13.0265102386,80.2328033447,28189,28240,51
13.0356302261,80.2461395264,28462,28502,40
13.0439195633,80.2671737671,29057,29127,70
13.0443496704,80.2668991089,29127,29187,60
13.0663003922,80.284286499,30409,30580,171
13.0576200485,80.2820587158,30721,30752,31
13.0466604233,80.2745132446,31377,31408,31
13.0444803238,80.2686767578,31599,31680,81
13.0411996841,80.2682266235,31761,31832,71
13.0404195786,80.2680511475,31852,31892,40
13.0387401581,80.2575378418,32205,32245,40
13.038649559,80.2571563721,32245,32276,31
13.0380296707,80.2564468384,32306,32346,40
13.0380496979,80.2565231323,32346,32397,51
13.0394601822,80.2471618652,32649,32760,111
13.0359201431,80.2462615967,32821,32861,40
13.0319404602,80.2419128418,33002,33133,131
13.0311603546,80.2400970459,33174,33265,91
13.008600235,80.2135772705,33951,33991,40
13.0083703995,80.2134017944,34001,34072,71
13.0080604553,80.2132034302,34072,34112,40
13.0069599152,80.2127304077,34112,34153,41
13.0090398788,80.2107772827,34749,34810,61
13.0093002319,80.2109680176,34810,34870,60
13.0093603134,80.2109603882,35203,35355,152
13.0092601776,80.2112808228,35355,35405,50
13.019490242,80.224319458,35879,35930,51
13.0225000381,80.226600647,36031,36071,40
13.0246200562,80.228843689,36202,36242,40
13.035369873,80.2460327148,36747,36838,91
13.0357599258,80.2549209595,37080,37120,40
13.0438899994,80.2671585083,37502,37573,71
13.044260025,80.266960144,37573,37604,31
13.0574598312,80.273979187,38218,38250,32
13.0665798187,80.2843322754,38875,38936,61
13.0665302277,80.2842025757,39339,39410,71
13.05768013,80.2820587158,39793,39863,70
13.038599968,80.2676391602,40780,40850,70
13.0384998322,80.2571716309,41112,41173,61
13.0392904282,80.2477416992,41385,41455,70
13.0316896439,80.2413482666,41667,41698,31
13.0081796646,80.2133407593,42455,42495,40
12.9971704483,80.1913909912,45704,45764,60
12.9959096909,80.1894989014,46258,46329,71
13.0037202835,80.2007904053,46602,46662,60
13.0092802048,80.2108612061,46884,46965,81
13.0092802048,80.2112731934,46975,47024,49
13.0310401917,80.2396774292,47877,47968,91
13.0354795456,80.2464523315,48109,48149,40
13.0353498459,80.2477493286,48180,48220,40
13.0352897644,80.2490615845,48250,48281,31
13.0431499481,80.2676315308,48795,48856,61
13.0444602966,80.2668685913,48906,48947,41
13.0433101654,80.2780609131,49229,49269,40
13.0524501801,80.2747802734,49522,49582,60
13.0574598312,80.274017334,49713,49744,31
13.0586996078,80.275428772,49824,49855,31
13.0575704575,80.2819366455,49996,50046,50
13.0734300613,80.2851715088,50247,50317,70
13.0667896271,80.2844161987,50458,50608,150
13.0659999847,80.2840576172,50638,50698,60
13.0582399368,80.2769165039,50991,51041,50
13.0588302612,80.2742919922,51132,51163,31
13.0566301346,80.2739334106,51243,51274,31
13.0536003113,80.2737579346,51364,51395,31
13.0437498093,80.2742233276,51706,51778,72
13.0370597839,80.2667007446,52029,52099,70
13.0384597778,80.2591400146,52260,52291,31
13.0382995605,80.2569580078,52341,52381,40
13.0393400192,80.2470779419,52614,52704,90
13.0327596664,80.2430419922,52916,53017,101
13.0322999954,80.242401123,53068,53179,111
13.0313396454,80.2406082153,53229,53290,61
13.0230503082,80.2273330688,53613,53673,60
13.0084295273,80.2134170532,54147,54188,41
12.97797966,80.1829910278,55358,55389,31
12.9965200424,80.1913299561,56186,56226,40
12.9969501495,80.1908493042,56297,56347,50
13.0090198517,80.2107467651,57195,57255,60
13.0092897415,80.2109603882,57255,57326,71
13.0259199142,80.2308578491,57790,57841,51
13.0311002731,80.2397003174,58022,58083,61
13.0356502533,80.2461700439,58194,58254,60
13.043800354,80.2672805786,58778,58849,71
13.043510437,80.2740325928,59010,59051,41
13.0434999466,80.274269104,61210,61351,141
13.0412397385,80.2682571411,61533,61604,71
13.0397396088,80.2678375244,61642,61713,71
13.0383396149,80.2676315308,61783,61824,41
13.0387296677,80.2574691772,62066,62187,121
13.038649559,80.2570800781,62187,62318,131
13.0393400192,80.2473602295,62540,62591,51
13.0320396423,80.2421188354,62792,62893,101
13.0269699097,80.2338485718,63045,63085,40
13.0261001587,80.2318115234,63134,63176,42
13.0087099075,80.2136993408,63781,63832,51
13.0083703995,80.213432312,63832,63892,60
13.008939743,80.2106781006,64417,64457,40
13.0427703857,80.2679214478,66747,66817,70
13.043800354,80.2723617554,66988,67019,31
13.0575895309,80.2819366455,68028,68109,81
13.0636796951,80.2834701538,69095,69136,41
13.0614700317,80.2829666138,69196,69227,31
13.0588302612,80.274307251,69570,69711,141
13.0584802628,80.2741775513,69711,69822,111
13.0581102371,80.2741317749,69822,70014,192
13.0577201843,80.2741317749,70014,70054,40
13.0573301315,80.2740478516,70054,70085,31
13.0543699265,80.2737731934,70115,70155,40
13.0517101288,80.2740631104,70246,70295,49
13.0434503555,80.2742462158,70579,70710,131
13.0386800766,80.257270813,71205,71275,70
13.0384302139,80.2570571899,71275,71316,41
13.0389003754,80.2503890991,71467,71518,51
13.0393199921,80.2473907471,71578,71629,51
13.0270996094,80.2342071533,72012,72093,81
13.0261001587,80.2321395874,72153,72194,41
13.0091295242,80.2144012451,72819,72870,51
13.0089197159,80.2141113281,72870,72941,71
13.0081596375,80.2133712769,72971,73011,40
13.0043497086,80.2012863159,73475,73506,31
13.0040502548,80.2011795044,73506,73546,40
12.9967098236,80.1910324097,73889,73920,31
12.9969701767,80.1917266846,78430,78481,51
12.9968099594,80.1915512085,78481,78572,91
12.9972801208,80.2567901611,19423,19514,91
12.9973802567,80.2568588257,28227,28338,111
12.9972896576,80.2567596436,28671,28863,192
12.9973297119,80.2567672729,28863,28934,71
12.9972696304,80.2568817139,29398,29519,121
12.9973602295,80.2568817139,39122,39233,111
12.9971904755,80.2568817139,39233,39375,142
12.9971399307,80.2568817139,39375,39415,40
12.9971103668,80.2568206787,40121,40242,121
12.9971504211,80.2568817139,40918,41059,141
12.9972400665,80.2568664551,41059,41211,152
12.9972801208,80.2568283081,61830,61972,142
12.9973297119,80.2568893433,76781,76902,121
12.996629715,80.1908798218,7630,7701,71
12.9966602325,80.1909332275,16626,16727,101
12.9966697693,80.1908721924,28699,28779,80
13.0451498032,80.2126464844,35790,35844,54
13.0386896133,80.1928100586,36389,36420,31
13.0354404449,80.2083892822,36804,36835,31
13.0311803818,80.2237472534,37485,37525,40
12.9956197739,80.2674865723,41214,41248,34
12.9968900681,80.2560882568,41490,41581,91
12.9991798401,80.2561035156,41682,41723,41
13.0007600784,80.2563934326,41763,41813,50
13.0066099167,80.2520065308,42045,42105,60
13.0066204071,80.2480010986,42188,42329,141
13.0066795349,80.240562439,42481,42531,50
13.025759697,80.2304229736,43251,43301,50
13.0287599564,80.2272796631,43553,43644,91
12.948390007,80.1433868408,1293,1465,172
12.9484701157,80.1434402466,1465,1586,121
12.9483003616,80.1433029175,2646,2767,121
12.9484701157,80.1433868408,2767,2848,81
12.9482898712,80.1433029175,4150,4261,111
12.9485197067,80.1432266235,4524,4613,89
12.9484500885,80.1433563232,7916,8087,171
12.9484195709,80.1434020996,8087,8269,182
12.9484395981,80.1432266235,8269,8390,121
12.9483203888,80.1433868408,8400,8461,61
12.9483604431,80.1432571411,8461,8572,111
12.9483299255,80.1433486938,8572,8754,182
12.948340416,80.1432113647,8966,9026,60
12.9484901428,80.1432495117,11843,11995,152
12.9484395981,80.1433029175,17931,18103,172
12.9483003616,80.1433563232,19981,20061,80
12.9485301971,80.1433029175,20425,20566,141
12.948390007,80.1432800293,24595,24738,143
12.9484996796,80.1432876587,26271,26353,82
12.9484796524,80.1432571411,26848,26969,121
12.9484796524,80.1433868408,27242,27423,181
12.9484300613,80.143409729,29836,29867,31
12.9483699799,80.1435012817,29867,29968,101
12.9482803345,80.1431884766,29978,30059,81
12.9482803345,80.1433181763,30069,30190,121
12.9483203888,80.1433181763,30190,30271,81
12.948340416,80.1433105469,31714,31815,101
12.9482698441,80.1433181763,40003,40094,91
12.9484701157,80.1433105469,43749,43880,131
12.9483299255,80.1433181763,47272,47363,91
12.9483995438,80.1432800293,47363,47423,60
12.9484195709,80.1433181763,47423,47585,162
12.9483098984,80.1433334351,48352,48503,151
12.9483098984,80.1433334351,49543,49705,162
12.9483804703,80.1432495117,51118,51300,182
12.9484195709,80.1433868408,66473,66614,141
12.9484300613,80.143157959,66887,67028,141
12.9483098984,80.1433029175,74438,74489,51
12.948340416,80.1432037354,74953,75125,172
12.9483699799,80.1433486938,80810,80931,121
13.0853004456,80.2860412598,41110,41150,40
13.1362895966,80.2551879883,43102,43135,33
13.1362895966,80.2551879883,43135,43166,31
13.094420433,80.2923965454,45737,45778,41
13.0852499008,80.2841720581,46010,46060,50
13.0857200623,80.2852401733,46099,46239,140
13.085729599,80.2890777588,46239,46310,71
13.0942602158,80.2922668457,46522,46562,40
13.1041898727,80.2871322632,46835,46885,50
13.1048898697,80.2844161987,46956,46996,40
13.1142396927,80.2656402588,47540,47581,41
13.1340198517,80.2535705566,48357,48388,31
13.1319704056,80.2530593872,51272,51312,40
13.1315097809,80.2528762817,55773,55804,31
13.1046199799,80.2761230469,57679,57730,51
13.105099678,80.2840423584,57851,57901,50
13.0944299698,80.2923202515,58385,58416,31
13.0889396667,80.2905426025,58506,58547,41
13.0854196548,80.2848968506,58677,58745,68
13.0856399536,80.285118103,58745,58776,31
13.0855197906,80.2851333618,58980,59081,101
13.0960798264,80.2928771973,59424,59505,81
13.1049900055,80.2845001221,59848,59888,40
13.1052398682,80.2825012207,59949,59999,50
13.1043395996,80.2757873535,60120,60160,40
13.1039400101,80.273727417,60231,60292,61
13.1247501373,80.2591781616,61068,61119,51
13.1300497055,80.2589035034,62914,62954,40
13.1108503342,80.2657623291,63570,63601,31
13.0944795609,80.2924118042,64579,64619,40
13.0857496262,80.2851486206,64992,65174,182
13.1042299271,80.2872695923,65890,65951,61
13.1050300598,80.2844161987,66011,66051,40
13.1044101715,80.2760314941,66181,66213,32
13.113820076,80.2656478882,66616,66677,61
13.122469902,80.26587677,69237,69307,70
13.1156902313,80.2657928467,69478,69529,51
13.1106796265,80.2658004761,69690,69731,41
13.1089200974,80.2671813965,69832,69872,40
13.1046104431,80.2713775635,69993,70033,40
13.1044101715,80.2758102417,70144,70195,51
13.1038799286,80.2738189697,72867,72928,61
13.1089401245,80.2671508789,73069,73129,60
13.1045503616,80.2761688232,76255,76286,31
13.0855503082,80.2852630615,77224,77395,171
13.0939998627,80.2922592163,77607,77647,40
13.0959701538,80.2928924561,77688,77788,100
13.1199798584,80.2587738037,80570,80722,152
13.0760002136,80.2758102417,21864,22006,142
12.9877901077,80.2558288574,24318,24419,101
12.9352798462,80.2351303101,25157,25268,111
12.9312696457,80.2385177612,25803,25843,40
12.987660408,80.2513809204,27025,27146,121
12.9877595901,80.2557220459,27205,27267,62
12.9967002869,80.2558670044,27439,27479,40
13.0239400864,80.27368927,28075,28115,40
13.088139534,80.2837905884,29206,29347,141
13.0882196426,80.283821106,29347,29509,162
13.0888004303,80.2901992798,30963,31003,40
13.0212697983,80.2703170776,32104,32185,81
13.0020399094,80.2566375732,32781,32851,70
12.9971504211,80.2559432983,33003,33053,50
12.9888095856,80.2559280396,33164,33245,81
12.9808502197,80.2527770996,33487,33528,41
12.9501895905,80.2411804199,34063,34124,61
12.9282999039,80.2388076782,34719,34750,31
12.9357404709,80.2338562012,35416,35456,40
12.9365196228,80.2340011597,35487,35557,70
12.9487495422,80.2405014038,35719,35891,172
12.978269577,80.2521209717,36335,36456,121
13.0054597855,80.2572402954,37557,37627,70
13.0235500336,80.2732009888,38294,38364,70
13.0639696121,80.2833175659,39101,39132,31
13.0857801437,80.283531189,39635,39706,71
13.088139534,80.2837600708,39827,39959,132
13.0880498886,80.2838668823,40928,41009,81
13.0881004333,80.2836608887,41029,41089,60
13.0884799957,80.2850418091,41241,41332,91
13.0888204575,80.2901992798,41463,41503,40
13.0347299576,80.2776412964,42281,42341,60
13.0343799591,80.277557373,42352,42392,40
13.0328903198,80.2775115967,42473,42513,40
13.0242795944,80.2744369507,42806,42856,50
13.0021800995,80.2566680908,43429,43500,71
12.9987602234,80.256111145,43570,43601,31
12.9567203522,80.243850708,44368,44408,40
12.9350996017,80.2354431152,44842,44873,31
12.9349803925,80.235496521,44883,44943,60
12.928150177,80.2388076782,45176,45216,40
12.9356899261,80.2338562012,45721,45761,40
12.9632101059,80.2465209961,46214,46266,52
12.9797000885,80.2526016235,46478,46539,61
12.9867296219,80.2515716553,46619,46710,91
12.9877004623,80.2548217773,46811,46852,41
12.9991703033,80.2560272217,47094,47144,50
13.0062999725,80.2574234009,47276,47336,60
13.0165395737,80.2597503662,47467,47498,31
13.025349617,80.2748718262,47871,47902,31
13.0273103714,80.2758712769,47991,48023,32
13.0282697678,80.2761993408,48265,48326,61
13.0287399292,80.2764129639,48366,48427,61
13.0290899277,80.2765579224,48427,48538,111
13.0294599533,80.2766189575,48538,48578,40
13.0311403275,80.2773895264,49144,49215,71
13.0315504074,80.2775802612,49235,49266,31
13.0321102142,80.2775115967,49276,49316,40
13.0330095291,80.2774429321,49377,49478,101
13.0885801315,80.2901229858,50376,50437,61
13.088809967,80.2901687622,50447,50508,61
13.0855398178,80.283531189,50617,50667,50
13.0863599777,80.2835769653,50667,50778,111
13.0870304108,80.2837371826,50808,50839,31
13.0823802948,80.2786331177,51041,51101,60
13.0876502991,80.2839431763,53383,53494,111
13.0887298584,80.2900466919,54261,54292,31
13.0287399292,80.2720565796,55322,55362,40
13.0288295746,80.2742462158,56038,56079,41
13.001540184,80.2565917969,56584,56634,50
12.9887504578,80.2559814453,56846,56967,121
12.9637804031,80.2469177246,57361,57400,39
12.9294099808,80.239151001,58007,58127,120
12.9796104431,80.2526321411,59249,59299,50
12.9855699539,80.2518997192,59381,59431,50
12.9960403442,80.2558898926,59764,59805,41
12.9992904663,80.256111145,59916,59966,50
13.0063295364,80.2574691772,60087,60168,81
13.0263700485,80.2754211426,60673,60734,61
13.0270004272,80.275680542,60754,60865,111
13.0275402069,80.275932312,60915,60986,71
13.0277204514,80.276008606,60996,61127,131
13.0284004211,80.2762985229,61148,61299,151
13.0294704437,80.2766876221,61329,61400,71
13.0301504135,80.2768936157,61420,61481,61
13.0304498672,80.2770233154,61501,61541,40
13.0308504105,80.2772293091,61551,61622,71
13.0320501328,80.2775726318,61713,61895,182
13.0331001282,80.2774887085,61935,62016,81
13.0431203842,80.2796173096,62258,62319,61
13.0640096664,80.2834320068,62662,62702,40
13.0808000565,80.2883911133,64772,64803,31
13.0323600769,80.2775115967,65764,65804,40
13.0313100815,80.2775115967,65845,65885,40
13.0017004013,80.2565917969,66713,66794,81
12.9986495972,80.2560806274,66855,66915,60
12.9898796082,80.2560424805,67097,67157,60
12.9792098999,80.2526702881,67460,67501,41
12.9643802643,80.2470779419,67772,67804,32
12.9356899261,80.2339401245,68379,68410,31
12.9311704636,80.2384872437,68642,68692,50
12.9283599854,80.2388000488,68763,68824,61
12.9487304688,80.2405090332,70106,70197,91
12.9633598328,80.2465820313,70469,70601,132
12.9877099991,80.2555923462,71298,71348,50
12.9954595566,80.2558517456,71550,71590,40
12.9990797043,80.2560195923,71701,71752,51
13.0232896805,80.272857666,72327,72388,61
13.0237903595,80.2735366821,72418,72479,61
13.0292100906,80.2765426636,72629,72661,32
13.0295000076,80.2766036987,72661,72711,50
13.0880203247,80.2838592529,75648,75809,161
13.063170433,80.2832565308,76373,76443,70
13.063170433,80.2832565308,76443,76474,31
12.9890203476,80.2560501099,77998,78069,71
12.9880504608,80.255897522,78110,78150,40
12.931139946,80.2385482788,79220,79251,31
12.9282302856,80.2388381958,79341,79392,51
12.9255800247,80.2384567261,79451,79503,52
12.9357204437,80.2338562012,79866,79917,51
12.9867401123,80.2515792847,80584,80664,80
13.0879402161,80.2836303711,83057,83088,31
13.0879898071,80.2837677002,83088,83169,81
13.0880804062,80.2839736938,83169,83340,171
13.0758600235,80.2759017944,83663,83734,71
12.9976997375,80.2564926147,23304,23446,142
12.9974603653,80.2559814453,23486,23577,91
12.9887599945,80.2559204102,23677,23718,41
12.9866104126,80.2594223022,23819,23869,50
12.9869804382,80.2591323853,23889,24000,111
12.9876203537,80.255859375,24091,24172,81
13.0066404343,80.2518768311,24545,24605,60
13.0312099457,80.2403488159,30333,30444,111
13.0071802139,80.2389221191,31261,31392,131
13.0066900253,80.2437133789,31503,31573,70
13.0037002563,80.256980896,31825,31866,41
13.0021400452,80.256690979,31906,31967,61
13.000120163,80.2563476563,31997,32047,50
12.9872198105,80.2595825195,32419,32451,32
12.9869098663,80.2592010498,32481,32571,90
12.987569809,80.256149292,32874,33024,150
12.9992198944,80.2560806274,33277,33318,41
13.0066003799,80.2521362305,33570,33630,60
13.0067596436,80.2519683838,33630,33669,39
13.0067901611,80.2498397827,33721,33771,50
13.0067796707,80.2496032715,33781,33862,81
13.0069799423,80.2495803833,33872,33963,91
13.0067300797,80.248588562,33993,34074,81
13.0067100525,80.2408065796,34324,34364,40
13.0195198059,80.2244033813,34848,34889,41
13.021490097,80.2258605957,34989,35020,31
13.022600174,80.2267074585,35090,35141,51
13.024020195,80.2281036377,35201,35251,50
13.0505199432,80.2499771118,36119,36169,50
13.061920166,80.2627105713,36713,36744,31
13.078909874,80.2547683716,37268,37359,91
13.0858097076,80.2470779419,37681,37782,101
13.0857400894,80.2463607788,37802,37974,172
13.0972995758,80.2420578003,38226,38306,80
13.0984802246,80.2420578003,38397,38559,162
13.0863399506,80.2446899414,38861,38921,60
13.0468702316,80.2486419678,40464,40535,71
13.0453796387,80.2482681274,40595,40636,41
13.007109642,80.2391967773,41664,41745,81
13.0069599152,80.2400817871,41765,41876,111
13.0067300797,80.2431030273,41936,41976,40
13.0067501068,80.2464370728,42087,42118,31
13.0066795349,80.2572174072,42299,42370,71
12.9872598648,80.2595825195,43267,43307,40
12.9866895676,80.259147644,43358,43398,40
13.0060796738,80.2573928833,44277,44308,31
13.0066404343,80.2479934692,44489,44600,111
13.0067396164,80.2405090332,44721,44761,40
13.0754899979,80.2586288452,46967,47018,51
13.0970697403,80.2420501709,47845,47915,70
13.098449707,80.2423019409,47935,47966,31
13.0978097916,80.2422485352,48298,48359,61
13.0776796341,80.2618865967,49337,49377,40
13.0396003723,80.2470932007,50585,50645,60
13.0376996994,80.2466812134,50696,50797,101
13.0315799713,80.2411422729,50948,50988,40
13.0266199112,80.2332687378,51128,51160,32
13.0069904327,80.2398605347,51684,51755,71
13.0067195892,80.2454681396,51855,51886,31
13.0019702911,80.2565994263,52228,52299,71
12.986869812,80.2596206665,52712,52842,130
12.9866800308,80.2590332031,52842,52992,150
12.9867296219,80.2590332031,52992,53062,70
12.9871101379,80.2591400146,53062,53163,101
12.987569809,80.2560195923,53213,53343,130
12.9987001419,80.2559967041,53586,53617,31
13.0065698624,80.2523117065,53889,53959,70
13.006649971,80.2481536865,54020,54091,71
13.0264701843,80.2326965332,54827,54877,50
13.0310096741,80.2395324707,55028,55109,81
13.0772695541,80.2608566284,56480,56520,40
13.0754499435,80.2584228516,56581,56712,131
13.0789499283,80.255027771,56803,56883,80
13.0814304352,80.2518997192,57025,57065,40
13.0813503265,80.2513427734,57075,57135,60
13.0813503265,80.2509613037,57135,57176,41
13.0813703537,80.2505874634,57176,57226,50
13.0813798904,80.2501831055,57226,57277,51
13.096739769,80.2418899536,57740,57811,71
13.0793304443,80.2546768188,59253,59313,60
13.0791397095,80.256111145,59313,59354,41
13.032409668,80.2426605225,61024,61135,111
13.0315599442,80.2411117554,61196,61296,100
13.0268201828,80.2335968018,61448,61488,40
13.0068597794,80.250541687,62194,62254,60
13.0022802353,80.256690979,62486,62537,51
12.9874696732,80.2576980591,63577,63617,40
13.0062398911,80.2574234009,64252,64333,81
13.0066795349,80.2489395142,64514,64575,61
13.0065402985,80.2417297363,64807,64857,50
13.0389204025,80.2468795776,65896,65956,60
13.0408096313,80.2472763062,65996,66027,31
13.0626096725,80.2636413574,66581,66612,31
13.0665502548,80.2684020996,66783,66823,40
13.075510025,80.2581710815,67267,67317,50
13.0789299011,80.2547912598,67408,67479,71
13.0856399536,80.2455978394,67993,68074,81
13.0960702896,80.2417602539,68386,68477,91
13.0984401703,80.2423706055,68527,68558,31
13.0975503922,80.2423019409,69031,69173,142
13.0858402252,80.2501525879,69556,69636,80
13.0793104172,80.254737854,69899,69969,70
13.0472202301,80.2487182617,71319,71371,52
13.0271997452,80.2343902588,72016,72097,81
13.0261898041,80.2324981689,72157,72198,41
13.0066299438,80.2574081421,72994,73085,91
12.9867095947,80.2590789795,73599,73761,162
12.9874897003,80.256401062,74214,74295,81
12.9989795685,80.2560806274,74638,74698,60
13.005979538,80.2573318481,74849,74890,41
13.0064296722,80.2526016235,74990,75041,51
13.0065698624,80.2478790283,75142,75192,50
13.0356197357,80.2461624146,76301,76332,31
13.0754499435,80.2585525513,77491,77532,41
13.0789299011,80.2549972534,77663,77703,40
13.0961103439,80.2417831421,78338,78419,81
13.0966396332,80.2419662476,78439,78520,81
13.0972099304,80.2421417236,78540,78621,81
13.0984096527,80.2421722412,78711,78772,61
13.0975799561,80.2422485352,79024,79084,60
13.0839300156,80.2546234131,79548,79589,41
13.0777797699,80.2621917725,79901,79942,41
13.0324401855,80.2427215576,81071,81152,81
13.0318698883,80.2417526245,81192,81252,60
13.0311498642,80.2402420044,81283,81363,80
13.0066404343,80.2571868896,82140,82190,50
12.8254098892,80.1638031006,22606,22667,61
12.8095197678,80.1598434448,22818,22888,70
12.8102197647,80.1596984863,23090,23181,91
12.8183603287,80.1604537964,23252,23310,58
12.8278303146,80.1651992798,23393,23464,71
13.0344495773,80.2298965454,27506,27577,71
13.02684021,80.2329864502,28979,29019,40
13.023349762,80.2276000977,29131,29201,70
13.0149202347,80.2259521484,29312,29352,40
13.01060009,80.2229003906,29474,29544,70
13.0023498535,80.2196426392,29595,29675,80
12.9680299759,80.2179412842,30429,30570,141
12.9534502029,80.212097168,30651,30691,40
12.9285097122,80.1988830566,31377,31569,192
12.8686199188,80.1756896973,32709,32779,70
12.8287296295,80.1652832031,33284,33344,60
12.8182897568,80.1605987549,34615,34706,91
12.8270902634,80.1648330688,34736,34817,81
12.8303403854,80.1654586792,34827,35009,182
12.8478498459,80.1701507568,35100,35200,100
12.8494596481,80.1706237793,35251,35422,171
12.8636798859,80.1745986938,35493,35543,50
12.8802900314,80.1704101563,35594,35701,107
12.884180069,80.1714096069,35781,35882,101
12.8913898468,80.1764678955,35913,35963,50
12.8924798965,80.1784973145,35983,36024,41
12.8941898346,80.1803512573,36024,36074,50
12.8982095718,80.1823730469,36114,36154,40
12.9170999527,80.1934204102,36770,36881,111
12.9185695648,80.195350647,36941,36982,41
12.9236497879,80.1974334717,37032,37113,81
12.9280195236,80.1992034912,37143,37183,40
12.9294300079,80.2028579712,37204,37284,80
12.9349298477,80.2039108276,37335,37426,91
12.9413204193,80.2059173584,37436,37617,181
12.9535999298,80.2119598389,37707,37748,41
12.9615402222,80.2150802612,37809,37880,71
12.9657802582,80.2168197632,37890,37960,70
12.9807500839,80.2210388184,38424,38515,91
12.9838199615,80.2224578857,38515,38586,71
12.9870595932,80.2229995728,38586,38636,50
13.0338401794,80.2295303345,39968,40008,40
13.0342302322,80.2299423218,40048,40119,71
13.0341501236,80.2301483154,40139,40190,51
13.031920433,80.2304763794,40250,40311,61
13.028550148,80.2309799194,40442,40502,60
13.0192699432,80.2245101929,41077,41108,31
13.0140895844,80.2259597778,41158,41198,40
13.0142202377,80.2253494263,41229,41279,50
13.011590004,80.2229003906,41471,41572,101
13.0032997131,80.2198486328,41612,41703,91
12.9823503494,80.2219009399,42076,42268,192
12.9709796906,80.2191162109,42348,42409,61
12.9674100876,80.2176437378,42409,42459,50
12.9302501678,80.2028198242,42964,43004,40
12.8927097321,80.1798629761,43828,43909,81
12.8909397125,80.1759490967,43919,43969,50
12.8888397217,80.1739425659,43969,44020,51
12.8702898026,80.1744613647,44091,44248,157
12.8612804413,80.1735076904,44369,44459,90
12.8273000717,80.1650619507,44893,44934,41
12.8272399902,80.1650085449,44944,44994,50
12.8270702362,80.1649093628,45014,45055,41
12.8099803925,80.1595535278,46436,46467,31
12.8101501465,80.1596374512,46477,46558,81
12.8101797104,80.1596679688,46558,46739,181
12.8275699615,80.1651229858,46971,47052,81
12.8801298141,80.1702804565,47686,47754,68
12.8823003769,80.1707000732,47784,47835,51
12.8858995438,80.1722183228,47835,47875,40
12.9036598206,80.1845016479,48117,48157,40
12.9071702957,80.1894073486,48208,48268,60
12.9127101898,80.1923065186,48278,48349,71
12.9169597626,80.1932296753,48490,48521,31
12.9189500809,80.195892334,48531,48581,50
12.923789978,80.1973190308,48611,48662,51
12.9264802933,80.1974716187,48672,48742,70
12.9293699265,80.2026824951,48752,48783,31
12.9957199097,80.2166366577,50031,50101,70
12.9975500107,80.2162704468,50131,50162,31
13.0347795486,80.2303924561,50936,50967,31
13.0348901749,80.2298278809,50997,51098,101
13.0221595764,80.2265014648,52086,52147,61
12.9166698456,80.1923370361,54376,54437,61
12.9097099304,80.1915130615,54536,54648,112
12.8748598099,80.1714630127,55355,55474,119
12.8115596771,80.1594772339,56472,56503,31
12.8101596832,80.15965271,56553,56724,171
12.8104400635,80.1597518921,56724,56805,81
12.8276996613,80.1651382446,57622,57673,51
12.8563699722,80.172088623,58055,58096,41
12.8685903549,80.1753997803,58238,58278,40
12.8783197403,80.1700592041,58306,58377,71
12.894610405,80.1805877686,58700,58740,40
12.8978500366,80.1821975708,58760,58800,40
12.9066896439,80.1890335083,58911,58942,31
12.9123697281,80.1917037964,59053,59093,40
12.9171600342,80.1921310425,59133,59164,31
12.9172296524,80.1930999756,59244,59285,41
12.9231796265,80.197517395,59416,59567,151
12.9289999008,80.2030181885,59597,59628,31
12.9293298721,80.2025604248,59638,59728,90
12.9373598099,80.2048568726,59789,59890,101
12.9431695938,80.2078399658,59910,60021,111
12.9473600388,80.2094421387,60031,60223,192
12.9562797546,80.2129898071,60334,60374,40
12.9638900757,80.216293335,60455,60626,171
12.9746799469,80.2208023071,60677,60717,40
13.0115804672,80.2232666016,61595,61726,131
13.0174703598,80.2250137329,61756,61837,81
13.0292100906,80.2308120728,62140,62251,111
13.0337600708,80.2302398682,62291,62412,121
13.0342102051,80.2300567627,63804,63854,50
13.0309095383,80.2307662964,63996,64096,100
13.0277004242,80.2321166992,64107,64157,50
13.026260376,80.2328033447,64218,64258,40
13.0251598358,80.2298736572,64278,64328,50
12.9980697632,80.2166900635,65529,65710,181
12.9170103073,80.193862915,68101,68142,41
12.9169902802,80.1934661865,68152,68343,191
12.8646297455,80.1756591797,69182,69232,50
12.8273296356,80.1653518677,70393,70522,129
12.8554697037,80.1719284058,70826,70988,162
12.8760299683,80.1708297729,70988,71117,129
12.9334697723,80.2045822144,72428,72468,40
13.0198602676,80.224899292,74658,74809,151
13.0142297745,80.2258529663,74829,74900,71
13.0142297745,80.2258529663,74900,74940,40
13.0143003464,80.2257766724,76453,76524,71
12.9872503281,80.259147644,18343,18385,42
12.9989004135,80.2560577393,18728,18779,51
13.0776700974,80.2618713379,25413,25473,60
13.0778303146,80.26222229,25473,25512,39
13.0066604614,80.2567977905,27705,27745,40
13.0066099167,80.2574920654,27775,27816,41
13.005979538,80.2574462891,27836,27876,40
12.9864902496,80.2595672607,29047,29088,41
12.9864797592,80.2594680786,29088,29189,101
12.9866104126,80.2594833374,29199,29310,111
12.9865398407,80.259262085,29320,29370,50
12.9866399765,80.2591094971,29381,29431,50
12.9870595932,80.2591171265,29431,29471,40
12.9951496124,80.2559432983,29774,29835,61
12.9967803955,80.2558898926,29875,29916,41
13.0060501099,80.2574005127,30128,30178,50
13.0067396164,80.2490463257,30349,30452,103
13.006649971,80.2478790283,30512,30616,104
13.0066604614,80.2407531738,30758,30798,40
13.0177402496,80.2248077393,31263,31304,41
13.0192499161,80.2243423462,31344,31445,101
13.0294799805,80.2370986938,31778,31809,31
13.0310001373,80.2395629883,31879,31912,33
13.0856704712,80.2456512451,33600,33751,151
13.0955200195,80.2414703369,34003,34055,52
13.0970697403,80.2420425415,34093,34166,73
13.0984897614,80.2421035767,34247,34408,161
13.0966701508,80.241897583,34833,34892,59
13.0960998535,80.2416992188,34914,34953,39
13.0878801346,80.2431030273,35177,35237,60
13.0859003067,80.2450637817,35308,35348,40
13.0857095718,80.2467727661,35377,35409,32
13.0789604187,80.2545318604,35762,35802,40
13.0777997971,80.2621917725,36004,36044,40
13.0398797989,80.2470703125,37259,37310,51
13.0314502716,80.240852356,37592,37714,122
13.0082502365,80.2335662842,38280,38330,50
13.0071201324,80.2390975952,38492,38603,111
13.0066003799,80.2568206787,38918,38958,40
13.0024204254,80.2567214966,39059,39110,51
12.9995002747,80.2562103271,39160,39201,41
12.9975996017,80.2570724487,39665,39816,151
12.9976396561,80.2567367554,39816,39959,143
12.9869003296,80.2590866089,40403,40514,111
12.9875297546,80.2563171387,40625,40716,91
12.9990196228,80.2560806274,41031,41071,40
13.0065402985,80.2524185181,41324,41364,40
13.0257902145,80.2305297852,42405,42465,60
13.0388803482,80.2468185425,42921,43001,80
13.0984296799,80.2420425415,45479,45642,163
13.0855998993,80.254447937,46177,46208,31
13.0794000626,80.2546005249,46389,46420,31
13.0777301788,80.2621536255,46601,46633,32
13.0468797684,80.2485580444,47777,47808,31
13.0398797989,80.2471008301,48050,48111,61
13.0066795349,80.2463302612,49323,49363,40
13.0066795349,80.2572097778,49527,49618,91
13.0032701492,80.2568588257,49698,49739,41
13.0018796921,80.2566223145,49789,49870,81
12.9975299835,80.2559204102,49983,50023,40
12.9870300293,80.2592086792,51024,51107,83
12.9874696732,80.2568130493,51157,51228,71
12.9964504242,80.2558670044,51440,51480,40
12.9991798401,80.2561264038,51561,51601,40
13.0066699982,80.2517776489,51914,51995,81
13.0389604568,80.2469024658,53313,53353,40
13.0789899826,80.2554473877,54809,54860,51
13.081410408,80.2518463135,55022,55062,40
13.0813598633,80.251449585,55072,55113,41
13.0813102722,80.2510604858,55113,55163,50
13.0813302994,80.2502593994,55193,55234,41
13.0856599808,80.2455368042,55456,55496,40
13.0967798233,80.2419815063,55750,55790,40
13.0985097885,80.2422866821,55850,55881,31
13.0325403214,80.2428207397,58936,58986,50
13.0320501328,80.2421264648,59047,59168,121
13.0314102173,80.2407608032,59198,59239,41
13.0313796997,80.2406616211,59239,59279,40
13.0311603546,80.2402572632,59309,59371,62
13.0070199966,80.2396774292,60037,60088,51
13.0020799637,80.2566375732,60553,60593,40
12.9872303009,80.2595214844,60977,61016,39
12.9875602722,80.2565917969,61453,61523,70
12.9876203537,80.2563095093,61533,61612,79
12.9967403412,80.2558898926,61826,61917,91
12.9990301132,80.2561187744,61988,62028,40
13.006310463,80.2574386597,62179,62210,31
13.0065002441,80.2534179688,62290,62361,71
13.0065898895,80.2523117065,62392,62482,90
13.0066404343,80.2479324341,62562,62665,103
13.0066404343,80.2408905029,62796,62847,51
13.0074100494,80.2368774414,62917,62948,31
13.0260095596,80.2313995361,63482,63554,72
13.0308198929,80.2392578125,63736,63797,61
13.0390195847,80.2468338013,64049,64150,101
13.0918102264,80.2409286499,66356,66396,40
13.0968599319,80.2420501709,66538,66609,71
13.0858802795,80.250289917,67971,68052,81
13.0857400894,80.2514419556,68072,68103,31
13.0791301727,80.2547225952,68367,68398,31
13.0777397156,80.2621231079,68610,68650,40
13.0653400421,80.2677230835,69256,69287,31
13.0492801666,80.2498703003,69923,69974,51
13.0477199554,80.2491607666,70044,70075,31
13.0474004745,80.2488708496,70075,70135,60
13.0273895264,80.2346572876,70923,70963,40
13.0198001862,80.2248001099,71316,71347,31
13.0071697235,80.2384719849,71730,71761,31
13.0069503784,80.2396469116,71791,71892,101
13.006649971,80.2453231812,72003,72094,91
13.0066003799,80.2574386597,72326,72447,121
13.0015296936,80.2565689087,72568,72629,61
12.9985303879,80.2561035156,72710,72750,40
12.9897499084,80.2560501099,72942,73013,71
12.987159729,80.2593231201,73154,73194,40
12.9865703583,80.2592391968,73255,73406,151
12.9875001907,80.2560806274,73822,73984,162
13.000869751,80.2564620972,74368,74418,50
13.0066204071,80.2475280762,74842,74913,71
13.0259199142,80.2312927246,75711,75752,41
13.0309295654,80.2396621704,75933,75974,41
13.0389404297,80.2468566895,76206,76246,40
13.0758695602,80.264289856,77317,77357,40
13.0855798721,80.2455368042,78246,78306,60
13.0947504044,80.2413635254,78518,78549,31
13.0956201553,80.241569519,78599,78660,61
13.0965995789,80.2419815063,78700,78771,71
13.0983800888,80.2423477173,78850,78902,52
13.0986204147,80.2418136597,78932,78973,41
13.0975399017,80.2422180176,79286,79336,50
13.0321397781,80.2422637939,81214,81275,61
13.0313997269,80.2406997681,81315,81376,61
13.0066404343,80.2572479248,82294,82325,31
12.9977903366,80.2559814453,82506,82547,41
12.9976196289,80.2567977905,82769,82941,172
12.9975099564,80.2568511963,82951,83001,50
12.9976997375,80.2559585571,83264,83334,70
12.9973402023,80.2559967041,83343,83455,112
12.7862796783,80.2220535278,85919,85960,41
12.7862300873,80.2216720581,85970,86030,60
13.0761604309,80.2755584717,827,1005,178
13.0761699677,80.2755584717,1005,1109,104
13.0761203766,80.275642395,1974,2097,123
13.0761804581,80.2755737305,2569,2748,179
13.0761995316,80.2755737305,2748,2936,188
13.076089859,80.2757720947,3250,3376,126
13.0761804581,80.2755737305,3376,3426,50
13.0761604309,80.2755584717,3738,3887,149
13.0761404037,80.2755584717,3887,4031,144
13.0761299133,80.2754974365,4031,4226,195
13.0761604309,80.275642395,4226,4375,149
13.0761899948,80.2755279541,4375,4480,105
13.0761699677,80.2755737305,5952,6134,182
13.0761804581,80.2755737305,6134,6301,167
13.0761098862,80.2755584717,6301,6423,122
13.0761604309,80.2755584717,6423,6613,190
13.0760202408,80.2755813599,6613,6790,177
13.0761203766,80.2755432129,6790,6933,143
13.0761404037,80.2754898071,6933,7128,195
13.0761499405,80.2755432129,8307,8487,180
13.0761098862,80.2755813599,8792,8982,190
13.076089859,80.2755889893,8982,9159,177
13.0761203766,80.2755432129,9159,9292,133
13.0761604309,80.2755889893,9292,9463,171
13.0761299133,80.2755432129,9463,9640,177
13.0761404037,80.2755203247,10240,10416,176
13.0761203766,80.2755432129,10416,10551,135
13.0761299133,80.2756195068,10551,10733,182
13.0761404037,80.2755966187,11034,11207,173
13.0761404037,80.2755813599,11207,11388,181
13.0761699677,80.2755126953,11388,11522,134
13.0761804581,80.2755508423,11522,11715,193
13.0762500763,80.2757034302,11715,11892,177
13.0761604309,80.2755508423,12223,12352,129
13.076089859,80.2757034302,21224,21339,115
13.0756702423,80.275138855,72132,72277,145
13.0758695602,80.2749633789,81188,81323,135
13.0756998062,80.275100708,81353,81477,124
12.9867801666,80.2590332031,3834,3985,151
12.9866304398,80.2591400146,4682,4874,192
12.9865999222,80.2589874268,4874,4954,80
12.9865102768,80.2588806152,4954,5055,101
12.9869804382,80.2591934204,8891,8931,40
12.9867401123,80.2589492798,19835,19875,40
12.9866399765,80.2590179443,19875,19956,81
12.9865198135,80.2590789795,19956,19997,41
12.9799699783,80.2527008057,24660,24721,61
12.9558601379,80.186882019,26150,26190,40
12.9560804367,80.1859893799,26261,26370,109
12.975060463,80.2205963135,27358,27399,41
12.9762001038,80.2215194702,27449,27489,40
12.9870996475,80.2515106201,28174,28234,60
12.9877595901,80.2553329468,28315,28376,61
12.987279892,80.259552002,28446,28497,51
12.9867897034,80.2588729858,28537,28618,81
12.9868202209,80.2584991455,28628,28719,91
12.9869003296,80.2588424683,28729,28901,172
12.9866304398,80.2592926025,28931,29022,91
12.9868202209,80.2590866089,29617,29728,111
12.9871997833,80.2591171265,29728,29769,41
12.9879398346,80.2523803711,29950,30011,61
12.9811697006,80.2440719604,30314,30354,40
12.9647798538,80.1962966919,31612,31652,40
12.9652099609,80.1883163452,32791,32832,41
12.9655504227,80.1884307861,32832,32872,40
12.965959549,80.1886062622,32882,32933,51
12.9648303986,80.1971206665,33094,33125,31
12.9642000198,80.2161331177,33597,33657,60
12.9665403366,80.2171096802,33738,33779,41
12.9672403336,80.2174072266,33799,33858,59
12.9676599503,80.2175827026,33858,33900,42
12.9755802155,80.2209014893,34071,34102,31
12.9763803482,80.2219467163,34142,34245,103
12.9813995361,80.2428283691,34699,34739,40
12.987859726,80.2546310425,35726,35807,81
12.9867801666,80.2589797974,36948,37129,181
12.9870901108,80.2591171265,37129,37200,71
12.9635696411,80.2159729004,38845,38906,61
12.975279808,80.2206268311,41334,41404,70
12.9828996658,80.2525863647,42020,42181,161
12.9853801727,80.251991272,42242,42282,40
12.9856595993,80.2518768311,42293,42464,171
12.9873104095,80.2591629028,42706,42745,39
12.987279892,80.2594680786,42745,42783,38
12.9866199493,80.2592086792,42805,42836,31
12.986749649,80.2591018677,42836,42877,41
12.987159729,80.2591323853,42907,42978,71
12.9878797531,80.2527694702,43129,43190,61
12.9801397324,80.2526931763,43301,43371,70
12.9754800797,80.2209396362,44159,44199,40
12.9648103714,80.1963195801,44754,44804,50
12.9560403824,80.1861419678,45256,45420,164
12.955909729,80.1866836548,45450,45511,61
12.9749403,80.2206115723,46518,46589,71
12.9820299149,80.231918335,46871,46902,31
12.9859800339,80.2517318726,47475,47606,131
12.9871902466,80.2591705322,47858,47889,31
12.9869403839,80.2590789795,48342,48433,91
12.9812602997,80.2340164185,49159,49190,31
12.965880394,80.1889419556,50422,50482,60
12.9560203552,80.186920166,50692,50733,41
12.9560403824,80.1859664917,50803,50894,91
12.9762496948,80.2215576172,51955,52005,50
12.9818897247,80.2329483032,52280,52320,40
12.9858798981,80.2517700195,52795,52835,40
12.9867095947,80.2590103149,54286,54347,61
12.9870100021,80.2591705322,54357,54458,101
12.9875402451,80.2568817139,54518,54579,61
12.980099678,80.2527618408,54821,54871,50
12.9755802155,80.2209396362,55544,55594,50
12.9747200012,80.220451355,58883,58924,41
12.9850101471,80.2520980835,59650,59701,51
12.9870595932,80.2596206665,60195,60254,59
12.9868001938,80.2591094971,60284,60385,101
12.9878702164,80.2529373169,60637,60688,51
12.9804201126,80.2527236938,60849,60880,31
12.9557800293,80.1869506836,62846,62906,60
12.9561004639,80.1863632202,63007,63199,192
12.9560098648,80.1868515015,63209,63249,40
12.9763803482,80.2219390869,64459,64499,40
12.9769802094,80.2229995728,64531,64578,47
12.9872903824,80.2593765259,65646,65687,41
12.9867801666,80.2590713501,65758,65949,191
12.9870595932,80.2592086792,65949,66070,121
12.9874095917,80.2584075928,66121,66161,40
12.9877700806,80.2543563843,66232,66331,99
12.9878997803,80.2524108887,66381,66423,42
12.9878702164,80.2520599365,66433,66483,50
12.9875497818,80.2516937256,66493,66524,31
12.9800100327,80.252822876,66667,66738,71
12.9812898636,80.243309021,66899,66960,61
12.976360321,80.2219619751,67624,67684,60
12.9664497375,80.2173461914,68015,68126,111
12.9558496475,80.1869888306,69186,69227,41
12.9560203552,80.1861801147,69348,69529,181
12.9559803009,80.1867828369,69540,69580,40
12.9657697678,80.188583374,69873,69943,70
12.9763202667,80.2218170166,71027,71058,31
12.9877700806,80.2543411255,71926,71966,40
12.9871997833,80.2593612671,72117,72178,61
12.9870100021,80.2591629028,72763,72794,31
12.987739563,80.251739502,73187,73218,31
12.9842596054,80.2524185181,73288,73329,41
12.981300354,80.2432632446,73589,73639,50
12.9754199982,80.2208786011,74284,74315,31
12.9558696747,80.1869888306,75443,75480,37
12.9761199951,80.2216873169,76780,76830,50
12.9789199829,80.2261581421,76961,77113,152
12.9860496521,80.2517623901,77752,77832,80
12.9870300293,80.2515411377,77863,77953,90
12.9876499176,80.255569458,78064,78125,61
12.9868402481,80.2596435547,78256,78287,31
13.035030365,80.2112808228,28397,28428,31
13.0521097183,80.2201004028,28872,28912,40
13.0533304214,80.2236785889,28978,29031,53
13.082110405,80.2754669189,30686,30736,50
13.0821504593,80.2757797241,30746,30817,71
13.0867204666,80.2837524414,31059,31090,31
13.0825500488,80.2786865234,31965,32016,51
13.0818004608,80.2773590088,32056,32107,51
13.0815401077,80.2753067017,32187,32228,41
13.0675201416,80.255027771,32843,32874,31
13.057009697,80.2428436279,33386,33447,61
13.0537204742,80.2422332764,33527,33558,31
13.0535001755,80.2245178223,34272,34320,48
13.0417804718,80.2160415649,34655,34686,31
13.0353002548,80.2123184204,34877,34914,37
13.0385303497,80.2017669678,35522,35562,40
13.035320282,80.205619812,39302,39463,161
13.0355396271,80.2056121826,39756,39867,111
13.0355300903,80.205581665,40321,40361,40
13.0355300903,80.2052612305,55541,55572,31
13.0414199829,80.2157363892,56790,56821,31
13.0525503159,80.2408065796,57868,57969,101
13.0807695389,80.26978302,59118,59179,61
13.0820503235,80.2749481201,59392,59452,60
13.0876398087,80.283821106,59755,59876,121
13.0876903534,80.2837982178,60189,60249,60
13.0817604065,80.2765808105,60623,60714,91
13.0806598663,80.2654571533,60956,60996,40
13.0534000397,80.224357605,62799,62890,91
13.0524902344,80.2206192017,62961,63011,50
13.0416698456,80.2160415649,63253,63304,51
13.0372600555,80.2124710083,63413,63453,40
13.0439796448,80.2092819214,63928,63969,41
13.0354404449,80.2053222656,65690,65751,61
13.0441503525,80.2093200684,66524,66564,40
13.0349197388,80.2118835449,66866,66946,80
13.0427799225,80.2167282104,67209,67289,80
13.0432901382,80.2171173096,67310,67431,121
13.0521297455,80.2201538086,67633,67733,100
13.0525398254,80.2406082153,68470,68510,40
13.0636997223,80.2435836792,68823,68894,71
13.0678396225,80.25340271,69146,69237,91
13.0674200058,80.2537078857,69247,69298,51
13.0672702789,80.2538223267,69298,69338,40
13.0669698715,80.2540588379,69358,69439,81
13.0820198059,80.2754974365,70192,70224,32
13.0873298645,80.2837677002,70496,70537,41
13.088139534,80.2819213867,71213,71263,50
13.0825195313,80.2787322998,71455,71505,50
13.07213974,80.2599029541,72251,72303,52
13.052740097,80.2418899536,73059,73120,61
13.0532903671,80.2243728638,73866,73906,40
13.0437602997,80.2175521851,74158,74189,31
13.0415802002,80.2160263062,74239,74287,48
13.0409898758,80.2156066895,74311,74371,60
13.034529686,80.2058181763,80446,80526,80
13.0347995758,80.2057189941,80537,80648,111
12.8986997604,80.180557251,495,566,71
12.8987398148,80.1803436279,576,757,181
12.8988800049,80.1806106567,757,858,101
12.8987598419,80.1804580688,879,969,90
12.8987903595,80.1806869507,969,1010,41
12.8988304138,80.1805419922,1010,1070,60
12.8988199234,80.180480957,1081,1151,70
12.8987102509,80.1803207397,1394,1545,151
12.8987798691,80.1805496216,1545,1616,71
12.8987197876,80.1804580688,1616,1656,40
12.8987598419,80.1804504395,1686,1868,182
12.8988199234,80.1805114746,1868,1969,101
12.8986301422,80.1803817749,1969,2040,71
12.8986196518,80.1803970337,2040,2181,141
12.8986196518,80.180267334,2191,2252,61
12.8985500336,80.1804199219,2464,2514,50
12.8987598419,80.180519104,2514,2635,121
12.8986597061,80.1803207397,2635,2757,122
12.8986997604,80.1802597046,3090,3130,40
12.8987998962,80.1803512573,3130,3261,131
12.898900032,80.1803131104,3261,3292,31
12.8987903595,80.1802368164,3292,3413,121
12.8986997604,80.1803894043,3423,3473,50
12.898639679,80.1803207397,3473,3504,31
12.8986597061,80.1803665161,3736,3887,151
12.8985996246,80.1805725098,5119,5230,111
12.8986101151,80.1803817749,5506,5587,81
12.8987598419,80.1805267334,6031,6071,40
12.8988599777,80.1803970337,6071,6102,31
12.8986196518,80.1803894043,6112,6283,171
12.8986797333,80.1803436279,6283,6324,41
12.8986501694,80.1802368164,6324,6415,91
12.8986902237,80.1803512573,6415,6576,161
12.8987703323,80.1801605225,6576,6627,51
12.8985004425,80.1802902222,6627,6687,60
12.8985500336,80.1804428101,6718,6778,60
12.8986902237,80.1803894043,6788,6980,192
12.8988304138,80.1803512573,6980,7031,51
12.8988199234,80.1804580688,7061,7121,60
12.8985996246,80.1802215576,7121,7162,41
12.8986101151,80.1804199219,7162,7263,101
12.8985900879,80.1803436279,7293,7354,61
12.8986997604,80.1804580688,7354,7434,80
12.8987102509,80.1804122925,7717,7778,61
12.8986301422,80.1802902222,7798,7970,172
12.898639679,80.1803512573,7980,8091,111
12.8989696503,80.1802368164,8091,8141,50
12.8988304138,80.1804504395,8141,8262,121
12.8986501694,80.1804275513,8262,8303,41
12.8987197876,80.180519104,8303,8394,91
12.8989400864,80.1805267334,8394,8484,90
12.8986196518,80.1803588867,8727,8767,40
12.8987398148,80.1804580688,9293,9334,41
12.898900032,80.1803283691,9334,9465,131
12.8988304138,80.1804275513,10508,10589,81
12.8988599777,80.1804122925,10589,10649,60
12.898850441,80.180267334,10649,10720,71
12.898730278,80.1804122925,11164,11225,61
12.8988199234,80.1803207397,11639,11831,192
12.8988199234,80.1803588867,11841,11911,70
12.8989295959,80.1803283691,11911,11972,61
12.8990001678,80.1803817749,11982,12053,71
12.8985500336,80.1803131104,12305,12406,101
12.8987703323,80.1802978516,12719,12780,61
12.8985900879,80.1803283691,14001,14092,91
12.8986701965,80.180519104,14102,14153,51
12.8987598419,80.1803283691,14446,14597,151
12.8989896774,80.1802215576,14829,15001,172
12.8988800049,80.1803207397,16404,16465,61
12.8990697861,80.1799926758,16465,16546,81
12.8991498947,80.1801223755,16576,16616,40
12.8991603851,80.1801986694,16677,16829,152
12.898850441,80.180267334,17243,17323,80
12.8989601135,80.1801681519,17323,17354,31
12.8987903595,80.180480957,17364,17404,40
12.8987398148,80.1804199219,18161,18353,192
12.8986101151,80.180480957,18383,18454,71
12.8988800049,80.1803817749,18777,18908,131
12.8987998962,80.1804733276,18919,19030,111
12.8988704681,80.1803817749,19030,19211,181
12.8987998962,80.1805267334,19211,19262,51
12.8987598419,80.1804962158,19262,19413,151
12.8988199234,80.1804580688,19413,19474,61
12.8988103867,80.1804580688,19787,19979,192
12.898900032,80.180480957,20221,20292,71
12.8988103867,80.1805496216,20524,20605,81
12.8989295959,80.1803817749,20867,20928,61
12.8988704681,80.1803970337,21534,21594,60
12.8987703323,80.1803665161,22129,22190,61
12.8988399506,80.1803207397,22190,22301,111
12.8986902237,80.1803817749,23897,23938,41
12.8986902237,80.1803436279,24241,24342,101
12.8988704681,80.1803131104,24342,24453,111
12.8987503052,80.1804962158,24453,24624,171
12.8987598419,80.1803436279,26038,26139,101
12.8988800049,80.1803665161,26371,26432,61
12.8990402222,80.1802368164,26745,26886,141
12.8987398148,80.1802978516,26886,26967,81
12.8987998962,80.1804504395,26967,27129,162
12.898900032,80.1804580688,27381,27432,51
12.8987102509,80.180480957,27442,27573,131
12.8988304138,80.180480957,27856,27977,121
12.8987903595,80.1802368164,28199,28260,61
12.8987903595,80.1803817749,28260,28310,50
12.8988599777,80.1803131104,28310,28391,81
12.898730278,80.180480957,28401,28451,50
12.8986997604,80.1804504395,28451,28502,51
12.8987598419,80.1803588867,28502,28552,50
12.8987998962,80.1802597046,28552,28593,41
12.898900032,80.180267334,28593,28724,131
12.8988599777,80.1803665161,28805,28886,81
12.898850441,80.1804275513,28916,29037,121
12.8988599777,80.1803970337,29037,29108,71
12.898900032,80.1803970337,29118,29168,50
12.8986797333,80.1803970337,29168,29199,31
12.8986101151,80.1804275513,29199,29239,40
12.8986597061,80.1804962158,29239,29300,61
12.8988399506,80.1805419922,29340,29380,40
12.898730278,80.1806030273,29390,29431,41
12.8988399506,80.1806030273,29441,29512,71
12.8987102509,80.1804962158,29522,29582,60
12.8987102509,80.1803817749,29592,29623,31
12.8987903595,80.1804199219,29633,29673,40
12.8988199234,80.1804199219,29673,29744,71
12.8988199234,80.1803665161,29744,29835,91
12.8988199234,80.180480957,29835,29905,70
12.898850441,80.1806488037,29905,29936,31
12.8987503052,80.1804428101,29936,30016,80
12.8987598419,80.1804962158,30016,30168,152
12.8988304138,80.1804122925,30168,30218,50
12.8987503052,80.1804428101,30218,30299,81
12.8987798691,80.1803665161,30299,30360,61
12.8987197876,80.1803512573,30573,30704,131
12.8985595703,80.1802825928,31381,31482,101
12.8985500336,80.1803436279,31482,31562,80
12.8986101151,80.1802597046,31562,31673,111
12.8989295959,80.1800918579,31673,31835,162
12.8987798691,80.1803207397,32188,32239,51
12.8986597061,80.1803207397,32552,32602,50
12.898850441,80.1803283691,32602,32734,132
12.898639679,80.1803436279,33218,33370,152
12.8988399506,80.1803588867,33370,33561,191
12.8990297318,80.1804275513,33561,33642,81
12.898440361,80.1803894043,35056,35106,50
12.8987503052,80.1803817749,35106,35248,142
12.8988895416,80.1803588867,36924,37065,141
12.8990097046,80.1803436279,37955,38097,142
12.8987903595,80.1804962158,38763,38945,182
12.8985300064,80.1804199219,38945,39137,192
12.898440361,80.1803436279,39137,39187,50
12.8984098434,80.180480957,39187,39359,172
12.8987598419,80.1804199219,39369,39551,182
12.8984603882,80.1803817749,39551,39621,70
12.8985395432,80.1803894043,39621,39652,31
12.8988895416,80.1803817749,39652,39763,111
12.898440361,80.1803436279,39803,39843,40
12.8989200592,80.1804733276,39864,40005,141
12.8989896774,80.1804199219,40005,40045,40
12.8992300034,80.1804885864,40045,40076,31
12.8989601135,80.1805267334,40086,40136,50
12.8987598419,80.1805419922,40146,40338,192
12.8987903595,80.1805725098,40379,40429,50
12.8989601135,80.1804122925,40439,40480,41
12.8987102509,80.180480957,40480,40560,80
12.8986196518,80.180480957,40621,40681,60
12.8989200592,80.1804199219,40813,40914,101
12.8989200592,80.180519104,40914,40984,70
12.899140358,80.1804962158,41307,41388,81
12.8989496231,80.1804199219,41388,41509,121
12.898900032,80.1804885864,41742,41812,70
12.8988199234,80.1805877686,41812,41863,51
12.8987102509,80.1804733276,42357,42388,31
12.8987503052,80.1804962158,42388,42458,70
12.8988103867,80.1806106567,42458,42580,122
12.898730278,80.180519104,42580,42741,161
12.898730278,80.1804885864,42751,42862,111
12.8986902237,80.180480957,42862,42893,31
12.898730278,80.1803283691,42893,42953,60
12.8987998962,80.1804199219,42953,43064,111
12.8987398148,80.1803588867,43064,43115,51
12.8988199234,80.1804962158,43115,43175,60
12.8988800049,80.180519104,43175,43236,61
12.8987903595,80.1804580688,43236,43357,121
12.8987703323,80.1803283691,43367,43549,182
12.8987998962,80.180519104,43549,43589,40
12.8988103867,80.1805419922,43589,43640,51
12.8987998962,80.1804962158,43660,43821,161
12.8987998962,80.180519104,43821,43922,101
12.8987503052,80.1804122925,43922,44043,121
12.8987102509,80.1804885864,44043,44084,41
12.8986196518,80.1803131104,44104,44144,40
12.898730278,80.180519104,44155,44215,60
12.8987703323,80.1805267334,44215,44296,81
12.8986101151,80.1803436279,44599,44659,60
12.8986701965,80.1803665161,44659,44730,71
12.8988199234,80.1803207397,44730,44781,51
12.8986997604,80.1803588867,44781,44881,100
12.8986597061,80.1802520752,45186,45217,31
12.8986797333,80.1804199219,45247,45328,81
12.8987398148,80.1804199219,45348,45449,101
12.8986196518,80.1803512573,45964,46075,111
12.8986101151,80.1803894043,46075,46146,71
12.8987398148,80.1803894043,46156,46257,101
12.8986597061,80.180267334,46479,46539,60
12.8986997604,80.1803207397,46539,46570,31
12.8987102509,80.1803894043,46570,46761,191
12.8987102509,80.1803131104,46761,46802,41
12.8987703323,80.1803131104,47317,47448,131
12.8989295959,80.1803970337,47801,47963,162
12.8986797333,80.1804122925,47963,48094,131
12.8987903595,80.1804122925,48094,48155,61
12.8985996246,80.1803970337,48801,48841,40
12.8986997604,80.1804428101,48841,48882,41
12.8984603882,80.1801376343,49679,49779,100
12.8987398148,80.1802978516,50002,50164,162
12.8987998962,80.1805267334,51407,51558,151
12.8986997604,80.1804199219,51780,51901,121
12.898850441,80.1803512573,53931,54062,131
12.8988800049,80.1802902222,54062,54163,101
12.8988103867,80.180480957,54163,54334,171
12.8988895416,80.1804733276,54334,54476,142
12.8987197876,80.1804733276,55718,55849,131
12.8987398148,80.1805877686,56475,56606,131
12.898850441,80.1805877686,56858,56959,101
12.8986597061,80.180557251,58777,58858,81
12.8988199234,80.1806488037,58868,58918,50
12.8987503052,80.1803588867,58928,59080,152
12.898900032,80.1806335449,59080,59231,151
12.8987598419,80.1804580688,59231,59271,40
12.898900032,80.1803970337,59727,59777,50
12.8988399506,80.1804962158,60009,60131,122
12.8988103867,80.1801376343,60141,60181,40
12.8986196518,80.1801681519,60434,60494,60
12.8987998962,80.1804122925,60504,60666,162
12.8987798691,80.1805496216,60666,60736,70
12.8987598419,80.1804962158,60757,60858,101
12.8987398148,80.1803894043,60858,61039,181
12.8987798691,80.1804199219,61039,61080,41
12.8986902237,80.1806488037,61282,61372,90
12.8987503052,80.1803436279,61605,61736,131
12.8988599777,80.1805801392,61746,61807,61
12.8987398148,80.1803436279,61807,61958,151
12.8987197876,80.1802978516,62200,62231,31
12.8987998962,80.1804275513,62231,62362,131
12.898639679,80.1803588867,62715,62806,91
12.8987598419,80.1805496216,62836,62968,132
12.8987998962,80.180480957,63472,63523,51
12.8987998962,80.1806182861,63533,63664,131
12.8989095688,80.1804962158,64987,65169,182
12.898850441,80.1803970337,65179,65270,91
12.8988895416,80.1803970337,65542,65704,162
12.8989200592,80.1804428101,67411,67492,81
12.8987398148,80.1804733276,67492,67532,40
12.8987903595,80.1805267334,67532,67623,91
12.8987102509,80.1803970337,68047,68128,81
12.8987998962,80.1802825928,68128,68239,111
12.8988199234,80.1804504395,68481,68612,131
12.8988103867,80.1803207397,69895,69935,40
12.8986597061,80.1806030273,69986,70046,60
12.898730278,80.1804885864,70056,70177,121
12.8987598419,80.1804428101,70460,70521,61
12.898730278,80.1802978516,71440,71480,40
12.8987903595,80.1803817749,71480,71581,101
12.8985795975,80.1805114746,71581,71720,139
12.8986196518,80.1803283691,71720,71884,164
12.8987102509,80.1802825928,71884,71954,70
12.8986997604,80.1804122925,71954,72146,192
12.8987903595,80.1803588867,72146,72177,31
12.8987197876,80.1803817749,73116,73186,70
12.8986997604,80.1804733276,73186,73257,71
12.8987998962,80.1803894043,74337,74398,61
12.8988199234,80.1803817749,74398,74569,171
12.8986902237,80.1804580688,74569,74731,162
12.8987998962,80.1805877686,74731,74802,71
12.8985996246,80.1803817749,75619,75720,101
12.8987598419,80.1805114746,75720,75892,172
12.8986797333,80.1804504395,75892,76033,141
12.8987903595,80.1804275513,76033,76074,41
12.8986997604,80.180267334,76074,76215,141
12.898639679,80.1804580688,76215,76286,71
12.8987998962,80.1803894043,76286,76417,131
12.8988399506,80.1804733276,76760,76811,51
12.8987798691,80.1802978516,76871,77013,142
12.898440361,80.1803512573,77275,77306,31
12.8987197876,80.1803207397,77336,77376,40
12.8985500336,80.1803436279,77427,77518,91
12.8986597061,80.1804428101,77871,77911,40
12.8987503052,80.1803588867,77911,77972,61
12.8988599777,80.1802062988,77982,78033,51
12.8987998962,80.1803970337,78033,78123,90
12.8984699249,80.1803512573,78123,78194,71
12.8988599777,80.1802825928,78649,78729,80
12.8985500336,80.1803131104,78729,78901,172
12.898639679,80.1803665161,78901,78951,50
12.8985099792,80.1802215576,78951,79022,71
12.8987197876,80.1802978516,79022,79163,141
12.8988399506,80.1803588867,79406,79577,171
12.8987197876,80.1803894043,80052,80213,161
12.8987703323,80.1803665161,80213,80335,122
12.8987598419,80.1803436279,80335,80425,90
12.8986597061,80.1803512573,80809,80961,152
12.8988103867,80.1803817749,80961,81021,60
12.899020195,80.1803894043,81031,81102,71
12.8988103867,80.1803207397,81112,81233,121
12.8988399506,80.180519104,81243,81304,61
12.8984804153,80.180519104,81314,81365,51
12.8987998962,80.1804199219,81365,81415,50
12.8989801407,80.1802597046,81415,81556,141
12.8986797333,80.1804275513,81566,81718,152
12.8989601135,80.1803207397,81718,81789,71
12.8985795975,80.1803283691,81789,81960,171
12.8989200592,80.1802062988,81960,82071,111
12.8986997604,80.1802902222,82071,82112,41
12.8987102509,80.1805114746,82122,82192,70
12.8986101151,80.1806335449,82192,82253,61
12.8986597061,80.1803512573,82606,82707,101
12.8986997604,80.1803817749,82707,82758,51
12.8986797333,80.1802368164,82758,82818,60
12.8986701965,80.180229187,82818,82869,51
12.8986301422,80.1802902222,82879,82940,61
12.8987102509,80.1803512573,82940,83111,171
12.8990297318,80.1803817749,84101,84262,161
12.8986997604,80.1804199219,84262,84333,71
12.8986797333,80.1804199219,84333,84424,91
12.9937095642,80.2063598633,33089,33129,40
12.9771404266,80.2212677002,35465,35587,122
12.9173297882,80.194519043,37395,37436,41
12.919960022,80.1826629639,37747,37787,40
12.9227199554,80.1522064209,38313,38363,50
12.9268703461,80.1178665161,39202,39262,60
12.9270896912,80.118057251,39262,39414,152
12.9299402237,80.1209335327,40475,40515,40
12.9317102432,80.1227035522,40576,40637,61
12.9274396896,80.1188278198,40707,40748,41
12.9233398438,80.1202392578,40909,40940,31
12.9171199799,80.1930236816,42251,42291,40
12.9751796722,80.2207107544,43419,43500,81
12.9758300781,80.2211380005,43520,43591,71
12.9711503983,80.21925354,44439,44470,31
12.9269304276,80.1179580688,47328,47399,71
12.927479744,80.1188201904,49077,49148,71
12.9260396957,80.1173706055,49238,49269,31
12.9238500595,80.1167831421,49360,49400,40
12.9233398438,80.1203765869,49449,49498,49
12.9226303101,80.1473770142,50115,50146,31
12.9227399826,80.1515426636,50196,50227,31
12.9202899933,80.1839370728,50782,50833,51
12.9484195709,80.2097625732,51778,51821,43
12.9756402969,80.220916748,52352,52393,41
12.9767799377,80.2224807739,52474,52564,90
12.9265804291,80.1176986694,56710,56751,41
12.9274597168,80.1187973022,58064,58104,40
12.922539711,80.1427612305,58830,58890,60
12.9227800369,80.1516571045,59072,59113,41
12.9203195572,80.1838912964,59689,59749,60
12.9294099808,80.2027511597,60353,60384,31
12.9749097824,80.2205581665,61364,61455,91
12.9757699966,80.2210083008,61495,61556,61
12.9758195877,80.2212219238,61758,61798,40
12.970990181,80.2191390991,62586,62647,61
12.9675397873,80.2177200317,62738,62778,40
12.9337902069,80.2039489746,63465,63506,41
12.9170303345,80.1931533813,64011,64052,41
12.9227199554,80.1523208618,64860,64920,60
12.9270296097,80.1180801392,65848,65917,69
12.9272403717,80.118270874,65927,65986,59
12.9277000427,80.119102478,67637,67677,40
12.9239797592,80.1163864136,67828,68000,172
12.9170799255,80.1934509277,69878,69928,50
12.9750499725,80.2207565308,71205,71357,152
12.9757404327,80.2210617065,71397,71458,61
12.9760599136,80.2213287354,71971,72022,51
12.96737957,80.2176971436,72891,73022,131
12.9226198196,80.1520462036,75100,75160,60
12.9231004715,80.1206893921,75722,75753,31
12.9266195297,80.1178207397,75955,76035,80
12.9278802872,80.1192474365,76753,76824,71
12.9238595963,80.1165618896,77016,77127,111
12.9224500656,80.1435165405,77672,77703,31
12.9757604599,80.2210769653,79589,79620,31
12.9760503769,80.221321106,79761,79802,41
12.9780597687,80.2041168213,80297,80337,40
12.9949197769,80.2069625854,80873,80909,36
13.0988397598,80.2404327393,11,162,151
13.098859787,80.2417068481,21997,22038,41
13.0352401733,80.2303085327,24344,24395,51
13.0269098282,80.232963562,24607,24657,50
13.0069303513,80.2401580811,25142,25192,50
12.997179985,80.2559509277,25566,25606,40
13.0004501343,80.2660217285,27082,27142,60
13.0003595352,80.2660217285,27142,27183,41
13.0065603256,80.2526168823,27746,27786,40
13.0567302704,80.2426300049,29562,29630,68
13.0771198273,80.240272522,30054,30095,41
13.0765695572,80.2382507324,30186,30277,91
13.0981798172,80.21459198,31218,31258,40
13.0982103348,80.2144622803,31258,31309,51
13.1000795364,80.2144393921,31359,31399,40
13.1005401611,80.2146530151,31409,31490,81
13.0986499786,80.2140579224,31864,31924,60
13.0888395309,80.2309265137,32297,32337,40
13.0693101883,80.2433929443,33487,33518,31
13.0530195236,80.241897583,34236,34286,50
13.0354404449,80.2303619385,34730,34779,49
13.0268697739,80.2329177856,35029,35162,133
13.0090999603,80.2290802002,35586,35626,40
13.0074501038,80.2374191284,35919,35959,40
13.0071802139,80.2388076782,35989,36040,51
13.0067796707,80.2462387085,36232,36272,40
13.0068798065,80.2510681152,36373,36414,41
13.0066699982,80.2568435669,36928,36999,71
13.0065002441,80.2540969849,37250,37301,51
13.006529808,80.2531661987,37353,37433,80
13.006529808,80.252281189,37464,37565,101
13.0067596436,80.2506637573,37655,37777,122
13.0066995621,80.2493362427,37807,37928,121
13.006649971,80.2481002808,37968,38079,111
13.0065898895,80.2410583496,38271,38302,31
13.0219802856,80.2261810303,38866,38906,40
13.0242700577,80.2283401489,39027,39068,41
13.0333995819,80.2304992676,39401,39502,101
13.034040451,80.2304382324,39532,39593,61
13.0341596603,80.2369766235,39734,39805,71
13.0447301865,80.2404174805,40097,40168,71
13.0650701523,80.2434692383,40633,40673,40
13.0699501038,80.2420730591,40803,40834,31
13.0757598877,80.2342376709,41096,41147,51
13.0982398987,80.2144699097,41934,41965,31
13.1005001068,80.2146224976,42065,42126,61
13.0765600204,80.2375411987,43477,43527,50
13.053150177,80.2419586182,44553,44594,41
13.0336399078,80.2304763794,45147,45187,40
13.0268697739,80.2329483032,45379,45450,71
13.0069198608,80.2399597168,46015,46084,69
13.0065898895,80.2570419312,46518,46578,60
13.0023002625,80.2566986084,46669,46700,31
12.9968099594,80.2560806274,47921,48002,81
13.0010099411,80.2563934326,48132,48164,32
13.0065603256,80.2519989014,48335,48406,71
13.0065603256,80.2475280762,48487,48628,141
13.0077896118,80.2349319458,48942,48981,39
13.0285596848,80.2308731079,49452,49490,38
13.0293798447,80.2307662964,49520,49581,61
13.0340995789,80.2304229736,49652,49753,101
13.0441904068,80.2407913208,50124,50185,61
13.0522899628,80.2407913208,50387,50437,50
13.0766801834,80.2387084961,51093,51134,41
13.0757703781,80.23412323,51275,51316,41
13.0764799118,80.2371520996,53613,53672,59
13.0768699646,80.238822937,53733,53793,60
13.0771303177,80.2398605347,53854,53893,39
13.0772199631,80.2408828735,53935,54025,90
13.006939888,80.2400436401,56618,56689,71
13.0068101883,80.2509613037,56871,56911,40
13.0066299438,80.2481231689,57648,57699,51
13.0066404343,80.2406997681,57880,57911,31
13.0291700363,80.2308807373,58646,58686,40
13.0343799591,80.2304077148,58817,58858,41
13.0345497131,80.2303619385,58858,58918,60
13.0343198776,80.2374572754,59050,59100,50
13.0342197418,80.2375869751,59110,59161,51
13.0443897247,80.240737915,59424,59465,41
13.0652799606,80.243598938,59977,60018,41
13.0801696777,80.2335510254,60591,60622,31
13.0981903076,80.2145309448,61318,61349,31
13.1003303528,80.2145614624,61429,61470,41
13.1004495621,80.2145996094,61470,61561,91
13.0987195969,80.2140808105,62146,62197,51
13.0773000717,80.2405090332,62959,63002,43
13.0537004471,80.2422409058,64114,64165,51
13.0357999802,80.2304611206,64694,64736,42
13.0308504105,80.2307510376,64918,64958,40
13.0297603607,80.2308578491,64988,65039,51
13.0270004272,80.2330169678,65150,65211,61
13.0239200592,80.2282562256,65392,65423,31
13.0076704025,80.2364807129,65905,65936,31
13.0067300797,80.2433776855,66309,66360,51
13.0066604614,80.2565612793,66664,66755,91
12.9996795654,80.256362915,66946,66977,31
12.9978103638,80.2560272217,67007,67055,48
12.9968595505,80.2572174072,67106,67147,41
12.9967603683,80.2583999634,67178,67248,70
12.9962596893,80.2624816895,67326,67358,32
12.9957199097,80.2665863037,68085,68126,41
12.9963903427,80.260559082,68277,68399,122
12.9968204498,80.2565231323,68479,68520,41
13.00522995,80.257270813,68823,68883,60
13.0066604614,80.248916626,69136,69224,88
13.0096797943,80.2269973755,69707,69738,31
13.0105304718,80.2251205444,69799,69839,40
13.0231895447,80.2274169922,70290,70332,42
13.0238800049,80.2280197144,70362,70393,31
13.0239896774,80.2281036377,70402,70433,31
13.0267400742,80.2312011719,70544,70585,41
13.0283603668,80.2309799194,70696,70776,80
13.0341901779,80.2304382324,70958,70989,31
13.0443897247,80.2406616211,71453,71534,81
13.0563898087,80.2426300049,71827,71867,40
13.0698204041,80.2421035767,72220,72251,31
13.0976800919,80.2155685425,73406,73446,40
13.0980901718,80.214630127,73466,73547,81
13.1003398895,80.2146072388,73648,73749,101
13.0488500595,80.240196228,77574,77615,41
13.0233201981,80.2276382446,78360,78430,70
13.006819725,80.2401275635,78713,78804,91
13.0066404343,80.2574081421,79137,79168,31
13.034239769,80.2303924561,80246,80286,40
13.0656995773,80.2435302734,81042,81092,50
13.0989103317,80.2403106689,84523,84677,154
12.9873800278,80.2592010498,10346,10407,61
12.9874401093,80.2578125,17898,18059,161
12.9759597778,80.2210617065,19005,19096,91
12.997420311,80.2103118896,23620,23691,71
12.9756002426,80.2208328247,24226,24257,31
12.9938402176,80.2101135254,25469,25500,31
13.0342798233,80.2298812866,26645,26706,61
13.0270395279,80.2329483032,27793,27825,32
12.9757699966,80.2203521729,29418,29499,81
12.9760198593,80.2210464478,30055,30196,141
12.9757499695,80.2211227417,30307,30358,51
12.9754199982,80.2208404541,30368,30408,40
13.0078601837,80.2130279541,31458,31519,61
13.0242004395,80.2282409668,31983,32014,31
13.0258798599,80.2305984497,32084,32125,41
13.0350704193,80.229850769,32357,32406,49
13.0342998505,80.2297592163,32425,32578,153
13.0336198807,80.2304382324,32658,32689,31
13.0277996063,80.2327880859,32879,32959,80
13.0087003708,80.2136917114,33596,33667,71
13.0079698563,80.2132034302,33737,33788,51
12.9973602295,80.2104415894,34131,34183,52
12.9757795334,80.2203369141,34779,34830,51
12.9759502411,80.2211303711,35486,35598,112
12.9755601883,80.2209320068,35749,35789,40
12.9933996201,80.2109985352,36343,36394,51
12.9936800003,80.2100524902,36424,36467,43
13.0078802109,80.2130203247,36917,36978,61
13.0228395462,80.2269363403,37442,37483,41
13.0238704681,80.2279205322,37533,37564,31
13.030380249,80.2306671143,37796,37897,101
13.0331897736,80.2304763794,37958,37998,40
13.0349502563,80.2298278809,38096,38137,41
13.034239769,80.230178833,38360,38420,60
13.0314302444,80.230682373,38481,38602,121
13.027759552,80.2318572998,38754,38794,40
13.027130127,80.2329330444,38855,38976,121
13.0145597458,80.2262191772,39380,39411,31
13.0079803467,80.2132492065,39764,39805,41
13.0293998718,80.2308120728,42913,42974,61
13.0343904495,80.2304229736,43085,43142,57
13.0349903107,80.2298812866,43173,43245,72
13.0341300964,80.2302780151,43487,43588,101
13.0268096924,80.2329864502,43841,43897,56
13.0085697174,80.2135772705,44506,44557,51
12.9860200882,80.2517471313,46022,46062,40
12.9872398376,80.2585525513,46284,46315,31
12.9870195389,80.2585525513,46325,46426,101
12.9868402481,80.2591018677,49174,49305,131
12.9755296707,80.2209014893,50384,50425,41
13.0348796844,80.2298202515,52104,52136,32
13.0344696045,80.2297821045,52146,52338,192
13.0342798233,80.2297286987,52348,52479,131
13.0267601013,80.2329864502,52730,52781,51
12.9974498749,80.2101593018,53809,53880,71
12.9755897522,80.2203292847,54482,54524,42
12.9754695892,80.2208404541,55121,55182,61
12.9982204437,80.2084197998,55889,55920,31
13.0287399292,80.230796814,56728,56774,46
13.0344800949,80.2297973633,56959,57003,44
13.0342998505,80.2298126221,57013,57144,131
13.0268697739,80.233001709,57637,57699,62
12.9913301468,80.2128601074,59012,59053,41
12.9757604599,80.2203903198,59376,59437,61
12.9891796112,80.2147827148,61073,61124,51
13.0280799866,80.2309494019,62427,62488,61
13.0301599503,80.230758667,62569,62629,60
13.0337600708,80.2304382324,62700,62761,61
13.0350503922,80.2301330566,62821,62852,31
13.0345001221,80.2298126221,62902,63013,111
13.0312204361,80.230758667,63631,63671,40
13.0083303452,80.2134170532,64529,64590,61
13.0081300735,80.2133102417,64590,64630,40
12.9981803894,80.2090377808,65042,65074,32
12.9840698242,80.2180175781,65649,65680,31
12.9758796692,80.2211914063,67004,67045,41
12.9755401611,80.2209625244,67217,67287,70
12.9754104614,80.2206420898,67297,67328,31
12.9970798492,80.2105026245,68060,68101,41
13.0256299973,80.23021698,69149,69180,31
13.028260231,80.2309799194,69402,69584,182
13.029009819,80.2308807373,69614,69705,91
13.0343198776,80.2297973633,69927,70089,162
13.027179718,80.2329483032,71026,71199,173
13.0232000351,80.2276000977,71390,71439,49
13.0088300705,80.2139968872,72045,72086,41
13.0082101822,80.2134094238,72146,72177,31
12.9984703064,80.2074508667,72536,72599,63
12.9758195877,80.2203216553,73407,73508,101
12.9757604599,80.2210006714,74457,74568,111
12.9754199982,80.2209320068,75225,75377,152
12.9970998764,80.2104797363,76094,76155,61
13.0221796036,80.2264175415,76992,77023,31
13.0340995789,80.2298583984,77445,77566,121
13.02684021,80.2329788208,79223,79254,31
12.9839601517,80.2179870605,80676,80707,31
12.9871101379,80.2515029907,81613,81694,81
12.9874401093,80.2584609985,81845,81916,71
12.9964599609,80.19140625,22956,23026,70
13.0036096573,80.2007293701,23481,23531,50
13.0244197845,80.2284393311,24598,24650,52
13.023059845,80.2274169922,24710,24741,31
12.9386301041,80.1822891235,29117,29178,61
12.948849678,80.1851806641,29380,29450,70
12.9911699295,80.1945571899,30306,30337,31
12.9959201813,80.1898422241,30458,30498,40
13.0037298203,80.2007827759,30702,30742,40
13.0092096329,80.2113189697,30995,31035,40
13.0345401764,80.2298736572,32033,32164,131
13.0343799591,80.229888916,32184,32234,50
13.0274896622,80.2328720093,33315,33375,60
13.0272197723,80.2328567505,33375,33436,61
13.0231599808,80.2274932861,33597,33638,41
13.0085697174,80.2135772705,34119,34150,31
13.0080499649,80.2132034302,34172,34212,40
12.9558601379,80.186920166,35797,35837,40
12.9204702377,80.1840286255,36408,36439,31
12.9233102798,80.1211013794,37478,37579,101
12.9480695724,80.1848831177,38899,38939,40
12.9486703873,80.1850509644,38959,39010,51
12.9965400696,80.1922225952,40050,40191,141
12.9962902069,80.1913528442,40272,40332,60
12.9962301254,80.1911315918,40342,40453,111
12.9959001541,80.1899337769,40504,40685,181
13.0255002975,80.2299499512,41610,41671,61
13.0287303925,80.2308120728,41782,41822,40
13.033780098,80.2304534912,41963,42014,51
13.034239769,80.2298202515,42084,42125,41
13.0342597961,80.2304000854,42650,42710,60
13.0275602341,80.2327194214,42930,42971,41
12.9492902756,80.1854400635,45126,45206,80
12.920419693,80.1840515137,45640,45711,71
12.919549942,80.1822128296,45792,45973,181
12.9971103668,80.1918334961,47637,47748,111
12.9968900681,80.1917572021,47748,47899,151
12.9968996048,80.1918334961,48434,48545,111
12.9969902039,80.1919403076,48545,48717,172
12.9971103668,80.1917037964,50009,50048,39
12.9558200836,80.1868972778,53120,53160,40
12.9206399918,80.1839294434,53695,53745,50
12.9231500626,80.1206970215,54644,54684,40
12.9487895966,80.1851119995,57318,57369,51
12.9682998657,80.1895828247,57732,57773,41
12.9959001541,80.1895370483,58415,58474,59
13.0089998245,80.2106933594,58859,58909,50
13.0346698761,80.2303695679,59727,59767,40
13.0341501236,80.2304077148,60805,60845,40
13.0232896805,80.2275695801,61257,61298,41
12.9649095535,80.1881866455,63352,63383,31
12.9494400024,80.1854400635,63696,63777,81
12.9400196075,80.1827392578,63948,63989,41
12.920920372,80.1839065552,64271,64312,41
12.9226999283,80.1521911621,64750,64801,51
12.9225597382,80.1480712891,64854,64905,51
12.9384098053,80.1823501587,67319,67361,42
12.9488401413,80.1852416992,67665,67716,51
12.9560604095,80.1869430542,67835,67885,50
12.9653396606,80.1884384155,68148,68205,57
12.96833992,80.1896514893,68277,68317,40
12.980890274,80.1953811646,68792,68862,70
12.991109848,80.1946029663,69074,69105,31
12.995880127,80.1899185181,69266,69307,41
13.0034399033,80.2008209229,69514,69547,33
13.0222597122,80.2264404297,70345,70386,41
13.0227298737,80.226890564,70396,70436,40
13.0272598267,80.231086731,70699,70810,111
13.0290899277,80.2308120728,70890,70971,81
13.0346698761,80.2303466797,71139,71171,32
13.0347900391,80.2299880981,71181,71222,41
13.0307598114,80.2307434082,71726,71777,51
13.0270204544,80.233001709,71898,72009,111
13.0249900818,80.229637146,72100,72140,40
13.0086803436,80.2138137817,72703,72764,61
13.0083398819,80.213470459,72764,72804,40
13.0046596527,80.2013702393,73328,73389,61
12.9820604324,80.1970977783,73996,74117,121
12.9775600433,80.1938400269,74278,74309,31
12.955909729,80.1869735718,74804,74845,41
12.9494304657,80.1854705811,74956,74996,40
12.9233798981,80.1170578003,76621,76652,31
12.9232702255,80.1208267212,76773,76902,129
12.9487895966,80.1852111816,78254,78336,82
12.9552698135,80.1868209839,78427,78458,31
12.9962797165,80.191619873,79385,79445,60
12.9965600967,80.1912612915,79465,79526,61
12.997010231,80.1909332275,79586,79707,121
12.9882097244,80.2235336304,9202,9263,61
12.9865999222,80.2384796143,25868,25908,40
12.9883499146,80.2233734131,26242,26292,50
12.9991798401,80.2393264771,27799,27839,40
12.9939098358,80.2344894409,27940,27971,31
12.9909496307,80.2317199707,28080,28120,40
12.9883499146,80.2233123779,28292,28323,31
12.9883403778,80.2233810425,29846,29882,36
12.988360405,80.2233734131,31968,32008,40
12.9881601334,80.2236404419,36996,37036,40
12.9884195328,80.2235031128,39278,39329,51
13.005689621,80.2423171997,39732,39774,42
12.9899196625,80.2276763916,40380,40411,31
12.9883203506,80.2233886719,41540,41590,50
12.9917697906,80.2335891724,41799,41841,42
12.9979295731,80.2388763428,43257,43303,46
12.988360405,80.2234420776,43700,43750,50
12.9883098602,80.2233886719,45288,45319,31
12.9864301682,80.2351531982,47675,47706,31
12.9883098602,80.2233581543,48716,48747,31
12.9987096786,80.2391586304,49181,49242,61
13.0057401657,80.2422485352,52050,52121,71
12.9917697906,80.2337417603,52414,52445,31
12.990940094,80.2317733765,52496,52536,40
12.988360405,80.2233581543,58219,58250,31
12.9910097122,80.2320480347,58421,58462,41
12.9918498993,80.2336807251,58522,58553,31
12.9987401962,80.2391891479,58734,58765,31
12.9982795715,80.239112854,59552,59603,51
12.9883403778,80.2233581543,60037,60077,40
12.9899196625,80.2277603149,60168,60199,31
12.9865598679,80.2333068848,60330,60370,40
12.9864797592,80.2352371216,60401,60441,40
12.9987602234,80.2392196655,62147,62178,31
12.9991798401,80.2393417358,63137,63218,81
12.990940094,80.2317962646,63521,63571,50
12.990819931,80.2300796509,63601,63642,41
12.9883499146,80.2234725952,63793,63874,81
12.9901199341,80.2416381836,64339,64379,40
12.9865903854,80.2385025024,65045,65076,31
12.9883804321,80.2233734131,65428,65520,92
12.9917602539,80.2337036133,65813,65863,50
12.9987297058,80.2392425537,66116,66156,40
13.0261497498,80.2661514282,18907,18987,80
13.0066299438,80.2439575195,19805,19839,34
13.0066003799,80.2521362305,25471,25512,41
13.0342102051,80.2301101685,27621,27662,41
13.0269298553,80.2329406738,27874,27934,60
13.006770134,80.2420501709,28500,28560,60
13.0067300797,80.2431411743,28590,28621,31
13.0067501068,80.2458572388,28671,28722,51
13.0164203644,80.2596435547,29025,29065,40
13.0332899094,80.2678375244,30276,30357,81
13.0333595276,80.2678604126,30357,30549,192
13.0065603256,80.2522277832,31316,31356,40
13.0067195892,80.2499694824,31397,31457,60
13.0066003799,80.2476119995,31528,31659,131
13.0156202316,80.2250976563,32224,32255,31
13.0348901749,80.2302017212,32789,32840,51
13.0343198776,80.2297286987,32890,33001,111
13.0342702866,80.2301025391,33001,33072,71
13.0277996063,80.2328033447,33334,33435,101
13.0267896652,80.2329330444,33476,33597,121
13.0088596344,80.2304077148,33990,34031,41
13.0080900192,80.2342681885,34213,34253,40
13.0080099106,80.2348175049,34273,34324,51
13.0072402954,80.2387008667,34455,34596,141
13.0071697235,80.2390823364,34606,34768,162
13.0067396164,80.2437591553,34939,34970,31
13.0067195892,80.2570877075,35232,35293,61
13.0344200134,80.2679672241,36312,36352,40
13.0266199112,80.2659988403,37240,37301,61
13.0065002441,80.2542724609,37796,37846,50
13.0065202713,80.2530288696,37917,38018,101
13.0066900253,80.2513809204,38048,38159,111
13.0066900253,80.2489318848,38230,38351,121
13.0066003799,80.247428894,38401,38512,111
13.0065202713,80.242149353,38684,38825,141
13.0226802826,80.2267227173,39400,39491,91
13.0341501236,80.230178833,40208,40258,50
13.0316295624,80.2306671143,40349,40430,81
13.0302600861,80.2307891846,40480,40511,31
13.0278396606,80.2327880859,40622,40803,181
13.0143995285,80.2262191772,41146,41187,41
13.0082397461,80.2336120605,41348,41379,31
13.007060051,80.2395401001,41520,41570,50
13.034529686,80.2679977417,42761,42802,41
13.0067596436,80.2499389648,44134,44225,91
13.0066003799,80.2476501465,44285,44356,71
13.0257396698,80.2304763794,45073,45133,60
13.0292596817,80.2308578491,45264,45325,61
13.0347700119,80.2303009033,45426,45466,40
13.034330368,80.2297821045,45496,45577,81
13.0072002411,80.23853302,46415,46455,40
13.0066299438,80.257019043,46950,47010,60
13.0291795731,80.265953064,47575,47625,50
13.0291795731,80.2663497925,47636,47707,71
13.0294704437,80.2665405273,47707,47777,70
13.0301904678,80.2666397095,47798,47838,40
13.0306301117,80.2667617798,47848,47899,51
13.0328798294,80.2676773071,48010,48090,80
13.0332603455,80.2678222656,48100,48131,31
13.0344600677,80.2681427002,48211,48242,31
13.0333995819,80.2678604126,48322,48383,61
13.0316400528,80.2671127319,48484,48544,60
13.0313100815,80.2669372559,48544,48585,41
13.0265798569,80.2654800415,49806,49877,71
13.0265598297,80.2655181885,49947,49978,31
13.0266799927,80.2656021118,49978,50068,90
13.0065898895,80.2479324341,52168,52208,40
13.0350103378,80.2298126221,53318,53379,61
13.0344800949,80.2297897339,53399,53530,131
13.0297803879,80.230796814,53692,53732,40
13.0268497467,80.233001709,53813,53863,50
13.0068902969,80.2400817871,54428,54499,71
13.0066204071,80.2569732666,54782,54842,60
13.031920433,80.2671966553,55559,55650,91
13.032500267,80.2674484253,55680,55720,40
13.0328102112,80.2676925659,55720,55801,81
13.033200264,80.2677688599,55811,55892,81
13.0335597992,80.2678604126,55892,56063,171
13.0339202881,80.267906189,56063,56164,101
13.0292396545,80.2659072876,56689,56730,41
13.0065498352,80.2576675415,58062,58122,60
13.0064001083,80.2573318481,58122,58183,61
13.0064897537,80.2530822754,58284,58334,50
13.0066299438,80.2519073486,58365,58476,111
13.0243396759,80.2284011841,59253,59293,40
13.034740448,80.2303466797,59596,59647,51
13.0348300934,80.2300796509,59657,59747,90
13.0344400406,80.2300491333,59758,59909,151
13.0341396332,80.2303466797,59939,60050,111
13.0071601868,80.2389831543,60797,60848,51
13.0068397522,80.2514801025,61100,61140,40
13.0292797089,80.2660217285,61877,61908,31
13.0333299637,80.2677536011,62099,62130,31
13.034529686,80.2681884766,62190,62271,81
13.0335597992,80.2678909302,62311,62362,51
13.0307998657,80.2668075562,63139,63189,50
13.03028965,80.2667388916,63199,63240,41
13.02987957,80.2667007446,63249,63290,41
13.0295000076,80.2666320801,63300,63361,61
13.0066699982,80.2577896118,63987,64098,111
13.006649971,80.248588562,64330,64390,60
13.0065803528,80.241569519,64603,64714,111
13.0258798599,80.2306900024,65430,65471,41
13.0300102234,80.2307662964,65622,65672,50
13.0346698761,80.2303466797,65773,65834,61
13.034239769,80.230178833,66561,66631,70
13.03083992,80.230796814,66702,66763,61
13.0299301147,80.2308425903,66793,66833,40
13.008600235,80.2315979004,67479,67510,31
13.0066900253,80.2453536987,68126,68157,31
13.0333099365,80.2678375244,69267,69307,40
13.034330368,80.2680435181,69337,69368,31
13.0345401764,80.2682189941,69378,69428,50
13.0064897537,80.2525100708,70650,70720,70
13.0067300797,80.2504425049,70751,70892,141
13.0066099167,80.2485427856,70942,71033,91
13.0112104416,80.2234191895,71578,71619,41
13.0258197784,80.230682373,71982,72053,71
13.0258197784,80.230796814,72053,72093,40
13.0275096893,80.2310028076,72133,72194,61
13.0286102295,80.2308807373,72234,72275,41
13.0268096924,80.2329864502,73234,73304,70
13.0066099167,80.2570114136,74172,74213,41
13.0344495773,80.2681884766,75061,75111,50
13.0266895294,80.2661514282,75878,75909,31
13.006480217,80.2577362061,76454,76504,50
13.0065402985,80.2520904541,76625,76696,71
13.0341501236,80.2300186157,77826,78008,182
13.0341100693,80.2304382324,78008,78059,51
13.0068798065,80.2399520874,78866,78967,101
13.006649971,80.2573013306,79230,79280,50
13.0332298279,80.2677612305,79886,79946,60
13.0265197754,80.2663497925,84065,84176,111
13.0507097244,80.2060394287,20601,20783,182
13.0498600006,80.206817627,20843,20883,40
13.0686798096,80.2048110962,21691,21741,50
13.066860199,80.2097930908,21894,21933,39
13.0502996445,80.2121582031,22080,22121,41
13.009469986,80.2110595703,22847,22878,31
12.987660408,80.251373291,24339,24409,70
12.9876899719,80.2554779053,24470,24510,40
12.9872703552,80.2594985962,24591,24662,71
12.9866600037,80.2591323853,24692,24864,172
12.987039566,80.2591323853,24864,24904,40
13.0440196991,80.2122268677,27840,27871,31
13.0495796204,80.2119522095,27962,28002,40
13.0510396957,80.2122192383,29152,29193,41
13.0109596252,80.2121810913,30163,30224,61
13.0108098984,80.2120895386,30234,30305,71
13.010720253,80.2120132446,30305,30375,70
13.0099401474,80.2113876343,30406,30446,40
13.0096597672,80.2111663818,30446,30507,61
13.0095701218,80.2111129761,30507,30567,60
13.0094099045,80.2109985352,30567,30618,51
13.0091295242,80.21144104,30628,30678,50
12.9756803513,80.2204284668,31748,31838,90
12.9763298035,80.2218399048,31877,31916,39
12.9806404114,80.2288665771,32038,32077,39
12.9875202179,80.2565231323,34679,34848,169
12.9963903427,80.2165374756,36328,36407,79
12.9967603683,80.2164764404,36417,36458,41
13.0298404694,80.2088775635,37281,37312,31
13.0680704117,80.2051315308,38374,38535,161
13.0528402328,80.2119827271,38989,39080,91
13.0515604019,80.2121429443,39120,39211,91
13.0504798889,80.2121429443,39242,39292,50
13.0381402969,80.2125015259,39523,39563,40
13.0095796585,80.211151123,40408,40479,71
12.9845399857,80.252166748,42252,42313,61
12.9847698212,80.252243042,42313,42484,171
12.987279892,80.2594070435,42767,42807,40
12.9870500565,80.2591629028,43352,43423,71
12.9879598618,80.2523803711,43544,43634,90
12.9813699722,80.2423706055,43937,43988,51
13.0441999435,80.2123031616,46093,46184,91
13.0500297546,80.2121734619,47996,48027,31
13.0374898911,80.2123794556,48216,48297,81
13.0100297928,80.211479187,48940,48990,50
13.0097398758,80.2112884521,48990,49041,51
12.987739563,80.2553405762,50788,50980,192
12.986989975,80.2595291138,51131,51192,61
12.9875297546,80.2563095093,53522,53563,41
12.9755401611,80.2209014893,54399,54480,81
13.0440797806,80.2122497559,55855,55936,81
13.0543498993,80.2114715576,56125,56165,40
13.0451898575,80.212387085,57970,58010,40
13.0376901627,80.2124099731,58123,58203,80
13.0097398758,80.2112731934,58898,58938,40
13.0094604492,80.2110671997,58948,58989,41
12.9975795746,80.2165527344,59565,59625,60
12.995880127,80.2167205811,59706,59746,40
12.985449791,80.251991272,60795,60845,50
12.9872102737,80.2596282959,61067,61108,41
12.9866800308,80.2591094971,62096,62147,51
12.9875202179,80.2573013306,62238,62329,91
13.0055999756,80.2093887329,64143,64183,40
13.0286502838,80.2086791992,64878,64939,61
13.0349798203,80.2113800049,65110,65141,31
13.0424499512,80.2122802734,65262,65373,111
13.0697803497,80.2049713135,66818,66868,50
13.0501003265,80.2122421265,67252,67373,121
13.0451202393,80.2124633789,67494,67645,151
13.0377998352,80.2125091553,67746,67833,87
13.0342702866,80.2121963501,67895,67926,31
13.0102396011,80.2117080688,68593,68633,40
13.0099601746,80.2114562988,68633,68694,61
13.0096197128,80.2112503052,68694,68734,40
13.0105895996,80.2252426147,69138,69218,80
13.0032100677,80.2199478149,69410,69460,50
13.0028400421,80.219833374,69460,69501,41
13.0017700195,80.2188110352,69541,69582,41
13.0016403198,80.2186965942,69582,69632,50
13.0002202988,80.2177734375,69723,69804,81
12.9982595444,80.2167510986,69904,69945,41
12.9930095673,80.2185211182,70219,70266,47
12.9757995605,80.2211837769,70566,70608,42
12.9763402939,80.221862793,70648,70688,40
12.9853096008,80.2519989014,71433,71514,81
12.9857797623,80.2518386841,71524,71675,151
12.9876699448,80.2552566528,71817,71907,90
12.9875802994,80.2552719116,71907,71948,41
12.9871997833,80.2593917847,72028,72069,41
12.9866104126,80.2591323853,72331,72392,61
12.9868602753,80.2591018677,72402,72462,60
12.9874897003,80.256690979,72957,73108,151
12.9798603058,80.2527618408,73330,73370,40
12.9757995605,80.2212371826,74169,74219,50
13.0070695877,80.2098083496,74996,75075,79
13.0438404083,80.2122573853,75942,76032,90
13.0695400238,80.2051773071,76496,76537,41
13.0493001938,80.2068862915,77699,77740,41
13.0508699417,80.2070999146,77770,77899,129
13.0506401062,80.2069625854,77899,77991,92
13.0499696732,80.2072601318,78021,78163,142
12.9973697662,80.2570419312,8551,8732,181
12.9974002838,80.2570495605,10095,10196,101
12.9973802567,80.2571411133,18671,18792,121
12.9973497391,80.2570037842,18792,18923,131
12.9973297119,80.2571334839,19397,19518,121
12.9971704483,80.2571868896,19829,19990,161
12.9975996017,80.2568893433,23058,23108,50
12.997759819,80.2565307617,23108,23149,41
12.9977703094,80.2562789917,23159,23250,91
13.0067195892,80.251991272,24019,24059,40
13.0491800308,80.2071914673,26751,26802,51
13.0448904037,80.2123718262,26993,27044,51
13.0073604584,80.2378463745,29398,29438,40
13.0069904327,80.2399978638,29468,29549,81
13.0003995895,80.2659835815,30473,30574,101
13.0004301071,80.2659683228,30786,30907,121
12.9968700409,80.2564697266,31613,31664,51
13.0066795349,80.248916626,32106,32267,161
13.0293903351,80.2308425903,33415,33454,39
13.0309896469,80.2101593018,34140,34172,32
13.0301303864,80.2092590332,34202,34303,101
13.0377197266,80.1927490234,34785,34816,31
13.0443401337,80.2118606567,35319,35468,149
13.0493297577,80.2071609497,35799,35951,152
13.0493402481,80.2073135376,35951,35991,40
13.0455102921,80.2123184204,36616,36687,71
13.0306196213,80.2301177979,38406,38507,101
13.0278701782,80.2327194214,38654,38767,113
13.0013799667,80.2565612793,40069,40139,70
12.9978199005,80.2569198608,40291,40331,40
12.997590065,80.2569885254,40367,40472,105
12.9974899292,80.2568588257,40482,40648,166
12.9987297058,80.2559890747,42200,42231,31
12.9996595383,80.2561798096,42251,42291,40
13.0065097809,80.2527008057,42551,42582,31
13.0066900253,80.2483673096,42652,42804,152
13.015250206,80.2248535156,43379,43419,40
13.0293798447,80.2308731079,43903,43934,31
13.0495796204,80.2122116089,46297,46328,31
13.0448799133,80.2123794556,46388,46459,71
13.0071001053,80.2390518188,48984,49015,31
13.0069303513,80.2398300171,49035,49106,71
13.0067396164,80.2572631836,49509,49540,31
13.0067195892,80.2574920654,49550,49620,70
13.003080368,80.2568435669,49691,49731,40
13.0015602112,80.2565612793,49780,49852,72
13.0002698898,80.2660827637,50306,50377,71
13.0061903,80.2574081421,51184,51235,51
13.0065803528,80.2529907227,51386,51447,61
13.0066299438,80.2518768311,51467,51547,80
13.0066604614,80.2486801147,51598,51739,141
13.0301198959,80.2092666626,53440,53491,51
13.0410804749,80.2051467896,54328,54374,46
13.044210434,80.212059021,54455,54487,32
13.0491600037,80.2068328857,54751,54801,50
13.0493898392,80.2070999146,54811,54993,182
13.0492801666,80.2071914673,54993,55083,90
13.0497398376,80.2116775513,55174,55245,71
13.0069704056,80.2398834229,57733,57793,60
13.0066900253,80.2571792603,58116,58207,91
13.0039596558,80.257019043,58267,58338,71
13.0016002655,80.2566070557,58409,58459,50
13.0004701614,80.2563934326,60558,60609,51
13.0065402985,80.252281189,60821,60871,50
13.0293397903,80.2308578491,61901,61941,40
13.0301504135,80.2091598511,62647,62738,91
13.044210434,80.2091674805,63694,63725,31
13.0442695618,80.2113189697,63765,63826,61
13.0490703583,80.2068634033,64118,64159,41
13.0498104095,80.2117996216,65107,65238,131
13.0305204391,80.2092132568,66588,66628,40
13.0304298401,80.2164382935,66860,66901,41
13.0268497467,80.2329177856,67607,67688,81
13.0070800781,80.2389984131,68485,68525,40
13.006939888,80.2397766113,68545,68616,71
13.0065898895,80.2562103271,68997,69028,31
13.0027198792,80.2567062378,69189,69240,51
13.0017700195,80.2565383911,69270,69341,71
12.9993400574,80.2561187744,69391,69431,40
12.9976100922,80.2558898926,69472,69512,40
12.9968395233,80.2560272217,71064,71145,81
12.9990701675,80.2560577393,71235,71276,41
13.0065402985,80.2520980835,71518,71558,40
13.0066204071,80.2486572266,71609,71679,70
13.0255203247,80.2300033569,72515,72626,111
13.0259103775,80.2308883667,72676,72767,91
13.0279397964,80.2308807373,72817,72868,51
13.0283203125,80.2308807373,72868,72928,60
13.030380249,80.2164993286,73514,73554,40
13.0303001404,80.21459198,73594,73635,41
13.0443201065,80.2118606567,74821,74942,121
13.0493202209,80.2071228027,75275,75467,192
13.0493602753,80.2071914673,75467,75628,161
13.0493097305,80.2071685791,75628,75750,122
13.0498600006,80.2118530273,76244,76335,91
13.0290203094,80.2272796631,78031,78071,40
13.0293998718,80.2273178101,78071,78122,51
13.0297803879,80.2273712158,78122,78162,40
13.0269098282,80.2330093384,78414,78475,61
13.0068998337,80.2398681641,78878,78965,87
12.9972801208,80.2569732666,83751,83811,60
12.9975004196,80.2570571899,84276,84316,40
13.0988798141,80.2413330078,20585,20626,41
13.0988302231,80.2415390015,20636,20676,40
13.0069103241,80.2400436401,24838,24869,31
13.0002002716,80.2664031982,27140,27322,182
12.996919632,80.2561721802,27634,27711,77
13.0067300797,80.2486724854,28016,28145,129
13.0341997147,80.237197876,29191,29242,51
13.044719696,80.2404785156,29411,29462,51
13.0523099899,80.2408676147,29613,29663,50
13.0567703247,80.2426376343,29774,29845,71
13.0655698776,80.243522644,29997,30035,38
13.0770301819,80.2396774292,30267,30318,51
13.0768003464,80.2388000488,30378,30530,152
13.0999298096,80.2157897949,31551,31622,71
13.0871801376,80.2345581055,33025,33085,60
13.086400032,80.2344818115,33106,33156,50
13.0787200928,80.250213623,33741,33788,47
13.0785198212,80.2510375977,33830,33870,40
13.0786600113,80.251411438,33870,33921,51
13.0632095337,80.2442016602,34587,34618,31
13.035369873,80.2303390503,35364,35453,89
13.0313796997,80.2306671143,35554,35625,71
13.0269804001,80.2329406738,35766,35817,51
13.0086297989,80.2313613892,36329,36380,51
13.007060051,80.2393569946,36610,36681,71
13.0070400238,80.2396621704,36691,36812,121
13.0026702881,80.2567214966,37256,37306,50
13.0000295639,80.2563323975,37365,37405,40
13.0003595352,80.2661590576,38053,38084,31
12.9968595505,80.2562103271,38798,38879,81
12.9983596802,80.2559204102,38909,38940,31
13.0011301041,80.256477356,39020,39061,41
13.0057096481,80.2573318481,39131,39172,41
13.0065202713,80.2526016235,39263,39313,50
13.0067396164,80.2498779297,39359,39483,124
13.0066404343,80.2481307983,39523,39634,111
13.0066204071,80.2479705811,39634,39745,111
13.0067596436,80.2403030396,39896,39957,61
13.0259799957,80.2311706543,40591,40631,40
13.0304298401,80.23072052,40722,40833,111
13.0340499878,80.2304611206,40954,40985,31
13.0341596603,80.2368774414,41116,41166,50
13.040019989,80.2398605347,41318,41358,40
13.0442399979,80.2408218384,41489,41631,142
13.075799942,80.2341690063,42477,42509,32
13.0984897614,80.2140197754,43134,43215,81
13.1005096436,80.2146224976,43266,43326,60
13.0998897552,80.2158508301,43367,43488,121
13.076379776,80.2373962402,44604,44659,55
13.0537996292,80.2422790527,45658,45708,50
13.026889801,80.2329406738,46594,46671,77
13.0069198608,80.2397613525,47236,47297,61
13.0065803528,80.2440872192,47418,47458,40
13.0067596436,80.2510986328,47569,47610,41
13.0065803528,80.2533493042,47660,47859,199
13.0066099167,80.2572097778,47931,48021,90
13.0067195892,80.2578430176,48112,48143,31
13.0067996979,80.2495193481,48363,48403,40
13.0338201523,80.2304916382,49509,49550,41
13.0347003937,80.2303237915,49590,49737,147
13.0447797775,80.2404022217,50093,50163,70
13.0564899445,80.2425918579,50406,50437,31
13.0699596405,80.2421569824,50790,50830,40
13.0758104324,80.2341003418,51163,51214,51
13.0834102631,80.2332000732,51466,51497,31
13.0766296387,80.2378387451,53212,53273,61
13.0769796371,80.2393798828,53303,53364,61
13.0770902634,80.2395629883,53374,53445,71
13.0770998001,80.2399520874,53445,53495,50
13.077750206,80.2440795898,53646,53677,31
13.0353097916,80.2302627563,54936,54967,31
13.0066299438,80.2533035278,55915,56006,91
13.0066604614,80.2481384277,56567,56607,40
13.0259199142,80.2308578491,57384,57424,40
13.0343999863,80.2304000854,57606,57656,50
13.0342197418,80.2370223999,57778,57889,111
13.0523300171,80.2408599854,58323,58363,40
13.0662202835,80.2434768677,58703,58756,53
13.0766000748,80.2382507324,59008,59079,71
13.1004400253,80.2146224976,60010,60041,31
13.0533599854,80.2419128418,62904,62935,31
13.0310096741,80.2306671143,63571,63661,90
13.0069599152,80.239982605,64469,64630,161
13.0013198853,80.2565612793,65054,65145,91
13.0005702972,80.2564620972,66327,66369,42
13.0058097839,80.2574234009,66490,66587,97
13.0067796707,80.2500305176,66751,66842,91
13.0066404343,80.2480010986,66913,67024,111
13.0065498352,80.2428817749,67195,67236,41
13.0065402985,80.2424926758,67246,67307,61
13.0278596878,80.2310409546,68255,68336,81
13.0334997177,80.2306213379,68525,68576,51
13.0345697403,80.23046875,68636,68667,31
13.0342702866,80.2374725342,68819,68910,91
13.0443696976,80.2407608032,69142,69202,60
13.056429863,80.2426376343,69485,69525,40
13.0647201538,80.243598938,69778,69885,107
13.0980501175,80.214881897,71280,71320,40
13.1000404358,80.2145385742,71451,71512,61
13.0770998001,80.240196228,73276,73307,31
13.0269603729,80.2329330444,75067,75108,41
13.0067100525,80.2514877319,75800,75852,52
13.0020999908,80.2566833496,76053,76114,61
12.9967899323,80.256362915,76972,77053,81
13.0058298111,80.2573776245,77245,77295,50
13.0065498352,80.2523880005,77397,77459,62
13.0065803528,80.2476577759,77519,77570,51
13.0338497162,80.2305221558,78436,78486,50
13.0349502563,80.2307128906,78607,78648,41
13.1004695892,80.2146224976,80390,80451,61
13.0988101959,80.2412033081,80996,81167,171
13.0988998413,80.2404632568,81198,81258,60
13.0988798141,80.2403335571,81258,81390,132
13.0142297745,80.2260665894,1346,1447,101
13.0143899918,80.2254562378,3696,3737,41
13.0141601563,80.2255172729,15847,16018,171
12.9757003784,80.2211380005,22737,22768,31
12.9755897522,80.2210006714,22777,22808,31
12.922419548,80.1432495117,24371,24412,41
12.917140007,80.193031311,26589,26629,40
12.9755897522,80.2208328247,27659,27720,61
12.9758501053,80.2210922241,27720,27780,60
12.9829101563,80.2219772339,27931,27968,37
13.0348901749,80.23021698,29125,29165,40
13.0348300934,80.229927063,29185,29235,50
13.0345201492,80.2297668457,29588,29628,40
13.0344104767,80.229850769,30405,30505,100
13.0301303864,80.230796814,31150,31229,79
13.0270795822,80.2329483032,31329,31370,41
13.024720192,80.2292022705,31430,31491,61
13.0231304169,80.2274703979,31531,31582,51
13.0201702118,80.2249832153,31642,31682,40
13.0112695694,80.2234420776,31894,31934,40
13.0084896088,80.2135009766,32097,32153,56
12.9974403381,80.2162780762,32429,32501,72
12.9953403473,80.2170028687,32553,32599,46
12.9757499695,80.2210922241,33022,33072,50
12.9227895737,80.1523284912,34670,34761,91
12.9230804443,80.1254806519,36210,36261,51
12.9668998718,80.2172775269,38304,38364,60
12.96737957,80.2174606323,38374,38414,40
12.9742298126,80.2202072144,38556,38590,34
12.9743404388,80.2203903198,38590,38640,50
12.9754695892,80.2207794189,38670,38701,31
13.0077400208,80.212890625,39399,39431,32
13.0298900604,80.2307434082,40226,40266,40
13.0337696075,80.2304763794,40367,40418,51
13.0345602036,80.2299728394,40498,40539,41
13.0341796875,80.2301177979,41315,41395,80
13.0313301086,80.230682373,41446,41527,81
13.027680397,80.2311096191,41618,41678,60
13.0275602341,80.2327804565,41738,41880,142
13.0266599655,80.2330093384,41910,41990,80
12.9866104126,80.2229385376,48434,48505,71
12.9869804382,80.2229995728,48505,48636,131
12.9872398376,80.2230224609,48636,48676,40
13.0284795761,80.2308731079,49561,49601,40
13.0336999893,80.230506897,49702,49762,60
13.0348796844,80.23021698,49803,49881,78
13.0268497467,80.2329483032,50083,50144,61
13.0140695572,80.2255172729,50425,50617,192
13.0139503479,80.2252426147,50617,50697,80
13.0142402649,80.225440979,50697,50738,41
13.0259799957,80.2309875488,51211,51262,51
13.0346603394,80.2297973633,51453,51504,51
13.0342798233,80.2297821045,51504,51665,161
13.0342903137,80.230140686,51665,51826,161
13.0086202621,80.2136077881,52683,52733,50
13.0082998276,80.2133483887,52743,52783,40
13.0079603195,80.213180542,52783,52814,31
12.9951696396,80.2170028687,53096,53136,40
12.9756402969,80.2209625244,53529,53569,40
12.922419548,80.1434020996,55129,55160,31
12.9171495438,80.1930999756,57412,57473,61
12.9428501129,80.2074203491,58016,58089,73
12.9430503845,80.2077178955,58089,58160,71
12.9749403,80.2205734253,58664,58714,50
12.9870595932,80.2231369019,58966,59017,51
13.0292196274,80.2308578491,60012,60043,31
13.0343904495,80.2298583984,60758,60829,71
13.0342197418,80.230178833,60829,60909,80
13.0256204605,80.2304992676,61192,61272,80
13.0251398087,80.2298431396,61292,61333,41
13.008190155,80.2133483887,61907,61998,91
12.9973602295,80.2164306641,62240,62290,50
12.975520134,80.2209396362,62914,62950,36
12.9224004745,80.1432037354,64837,64917,80
12.9233198166,80.1208267212,65874,65984,110
12.9225702286,80.1437225342,66464,66527,63
12.9171495438,80.1930770874,67364,67404,40
12.9629201889,80.2157592773,68360,68400,40
12.974240303,80.2204284668,68602,68682,80
12.976099968,80.2212905884,68753,68813,60
12.9972600937,80.2163467407,69348,69408,60
13.0078496933,80.213142395,69619,69660,41
13.022939682,80.2271194458,70151,70202,51
13.0241498947,80.2282867432,70253,70303,50
13.0244598389,80.2286987305,70343,70392,49
13.0266599655,80.2312011719,70472,70533,61
13.0288095474,80.2309188843,70634,70684,50
13.0291700363,80.2308807373,70694,70765,71
13.0346803665,80.2303390503,70875,70946,71
13.0341901779,80.2299575806,71430,71520,90
13.0341701508,80.2303009033,71520,71551,31
13.0299396515,80.2308425903,71692,71780,88
13.0268497467,80.2330169678,71871,72002,131
13.0087795258,80.2139587402,72736,72786,50
13.0085401535,80.2136611938,72796,72837,41
13.0079698563,80.2132797241,72877,72937,60
12.9998502731,80.2141876221,73129,73310,181
12.9755897522,80.2211380005,74046,74096,50
12.9710903168,80.2191772461,74227,74268,41
12.9171895981,80.1914215088,75245,75276,31
12.9234600067,80.1172180176,76424,76525,101
12.9284696579,80.2016983032,78027,78074,47
12.9751396179,80.2206802368,78649,78719,70
13.0335102081,80.2304992676,79926,80004,78
13.0346899033,80.2303237915,80045,80196,151
13.0349798203,80.2301177979,80196,80246,50
13.0146198273,80.2260437012,80658,80689,31
13.0143404007,80.2255172729,80759,80928,169
13.0682401657,80.2052001953,29758,29789,31
13.0681295395,80.2052230835,30496,30668,172
13.0680704117,80.2052001953,30869,30930,61
13.0698099136,80.2049102783,31485,31535,50
13.0577497482,80.2116394043,31818,31868,50
13.0562496185,80.2115936279,31939,31989,50
13.0558204651,80.2115936279,31989,32040,51
13.0554800034,80.2114562988,32040,32080,40
13.0552501678,80.2115402222,32080,32121,41
13.0549497604,80.2115020752,32121,32171,50
13.0546703339,80.2115783691,32191,32322,131
13.0539598465,80.2116317749,32373,32454,81
13.053440094,80.2118225098,32484,32524,40
13.0526800156,80.2120132446,32575,32635,60
13.052359581,80.2121887207,32635,32676,41
13.0512199402,80.2121810913,32726,32787,61
13.0496501923,80.2121963501,32827,32867,40
13.0304803848,80.2092666626,33330,33370,40
13.0235004425,80.2067184448,33523,33570,47
13.0099000931,80.2113189697,34017,34063,46
13.0092496872,80.211227417,34146,34196,50
13.0074701309,80.2129898071,34922,35003,81
13.0037403107,80.2111816406,35003,35092,89
12.9755296707,80.2203292847,36010,36067,57
12.9759702682,80.2212371826,36181,36373,192
12.9758396149,80.2212600708,36403,36464,61
12.997710228,80.2157592773,37662,37723,61
13.0081195831,80.2076416016,37997,38038,41
13.0681400299,80.2052764893,39972,40042,70
13.0697898865,80.2048797607,41061,41112,51
13.0505199432,80.2122116089,41525,41657,132
13.0359096527,80.212387085,41990,42030,40
13.0096197128,80.21118927,42782,42813,31
13.0083303452,80.213432312,43439,43490,51
13.0490398407,80.2117462158,47327,47428,101
13.0553798676,80.2124633789,47478,47549,71
13.0635595322,80.211479187,47618,47679,61
13.068110466,80.2086486816,47730,47781,51
13.0683002472,80.2050476074,48487,48568,81
13.0680398941,80.2052230835,48568,48658,90
13.0680904388,80.2052307129,48658,48790,132
13.0697402954,80.2048721313,48870,48901,31
13.0354003906,80.2052612305,49816,49864,48
13.0345401764,80.205406189,50350,50381,31
13.0343599319,80.2052230835,50411,50461,50
13.0345401764,80.2054595947,50461,50562,101
13.0349798203,80.2058181763,50653,50764,111
13.0342597961,80.2055206299,50875,50986,111
13.0352401733,80.2110595703,51258,51289,31
13.0365495682,80.2119598389,51349,51410,61
13.0679302216,80.2051620483,52107,52157,50
13.0680198669,80.2050018311,52198,52258,60
13.0570898056,80.2114028931,52678,52718,40
13.0511903763,80.2118301392,52789,52840,51
13.0300397873,80.2097167969,53352,53463,111
13.0185403824,80.2064819336,53574,53635,61
13.0162000656,80.2055587769,53645,53695,50
13.0135402679,80.2037963867,53715,53746,31
13.0115604401,80.2120132446,53857,54028,171
13.0114202499,80.2182235718,54048,54210,162
13.0083904266,80.2126693726,54270,54371,101
13.0034999847,80.2119979858,54371,54412,41
12.9991598129,80.2076873779,54533,54603,70
12.9888401031,80.215133667,56167,56308,141
12.9918003082,80.2094421387,56349,56436,87
12.9955501556,80.2100524902,56436,56528,92
12.9993696213,80.2145690918,56750,56781,31
13.0016803741,80.2138214111,56801,56851,50
13.0064697266,80.2097930908,56942,57063,121
13.0068798065,80.2045822144,57083,57184,101
13.0327396393,80.2304763794,2734,2792,58
13.0329504013,80.2305984497,2802,2888,86
13.0328302383,80.2303924561,3433,3470,37
13.0329999924,80.2305221558,3480,3520,40
13.0328702927,80.2305374146,3520,3566,46
13.0330600739,80.2305297852,3625,3749,124
13.0328197479,80.2304229736,5075,5269,194
13.0329999924,80.2305603027,6919,7114,195
13.0329799652,80.2303390503,19534,19594,60
13.032959938,80.2677764893,21136,21176,40
13.0334396362,80.2300491333,22528,22598,70
13.0335597992,80.2300186157,22598,22780,182
13.0335998535,80.2299728394,22780,22963,183
13.0140399933,80.226348877,24084,24131,47
13.0345497131,80.2681503296,25069,25101,32
13.0066299438,80.2521972656,26906,26956,50
13.0066404343,80.2474365234,27037,27116,79
13.0343704224,80.2298965454,29091,29252,161
13.0333995819,80.267868042,31531,31571,40
13.0331296921,80.267791748,31884,32005,121
13.0065097809,80.2523193359,32680,32711,31
13.0067901611,80.2501907349,32751,32892,141
13.0066995621,80.2486419678,32922,33104,182
13.0066404343,80.247543335,33144,33215,71
13.0067501068,80.2474365234,33215,33316,101
13.0065402985,80.2415390015,33457,33548,91
13.0065898895,80.2411499023,33558,33629,71
13.0225696564,80.2266769409,34151,34184,33
13.0249900818,80.2293930054,34396,34436,40
13.0306797028,80.23072052,34577,34618,41
13.0348300934,80.2302474976,34678,34747,69
13.0343599319,80.2300033569,35253,35333,80
13.0311603546,80.2306289673,35394,35454,60
13.0300798416,80.2307510376,35485,35535,50
13.0274095535,80.2328567505,35616,35656,40
13.0073099136,80.2383422852,36381,36451,70
13.0066995621,80.2428436279,36532,36613,81
13.0332803726,80.2677536011,37721,37752,31
13.0066404343,80.2576980591,39022,39093,71
13.0065803528,80.2519302368,39234,39305,71
13.0067396164,80.2492675781,39345,39466,121
13.0066099167,80.2473983765,39517,39698,181
13.0259799957,80.2309799194,40483,40514,31
13.0282802582,80.2308883667,40554,40645,91
13.032959938,80.2304992676,40776,40827,51
13.0334701538,80.2305374146,40837,40895,58
13.0319499969,80.2306213379,41764,41825,61
13.0302600861,80.2307815552,41875,41925,50
13.0277204514,80.231300354,41996,42036,40
13.0278301239,80.232460022,42097,42178,81
13.0273599625,80.2328796387,42208,42248,40
13.0071001053,80.2393035889,42773,42823,50
13.0066900253,80.2431182861,42904,42975,71
13.0066204071,80.2569503784,43205,43245,40
13.0338001251,80.2678985596,43950,43981,31
13.0344800949,80.2680130005,44011,44061,50
13.0345602036,80.2682037354,44061,44122,61
13.0334100723,80.2678375244,44142,44183,41
13.006649971,80.2474822998,45088,45267,179
13.0345201492,80.2300415039,46262,46333,71
13.0342702866,80.2300491333,49169,49260,91
13.0342702866,80.2300415039,49260,49371,111
13.0341396332,80.2301483154,49371,49431,60
13.0253200531,80.2299804688,49764,49946,182
13.0145101547,80.2262268066,50208,50239,31
13.0069303513,80.2400283813,50491,50531,40
13.0066795349,80.2569274902,51026,51066,40
13.0333995819,80.267791748,51833,51883,50
13.0344800949,80.2679824829,51914,51974,60
13.0307197571,80.2667236328,52893,52934,41
13.0292901993,80.2665100098,52994,53035,41
13.0065698624,80.2575531006,53549,53660,111
13.0066204071,80.2523574829,53771,53811,40
13.0292596817,80.230758667,54770,54831,61
13.0341501236,80.2303314209,56354,56385,31
13.0253801346,80.2300796509,56727,56829,102
13.0068998337,80.24949646,57644,57682,38
13.0067195892,80.2573394775,57804,57864,60
13.0229997635,80.263923645,58225,58256,31
13.0292901993,80.2659378052,58518,58558,40
13.033829689,80.2678833008,58730,58780,50
13.0344400406,80.268081665,58801,58952,151
13.0338497162,80.2679824829,58972,59144,172
13.0335102081,80.2679290771,59154,59214,60
13.0309400558,80.2668380737,59901,59941,40
13.030579567,80.2667388916,59941,59991,50
13.0302200317,80.2667236328,59991,60022,31
13.02987957,80.2667007446,60022,60062,40
13.029540062,80.2666702271,60072,60203,131
13.0263900757,80.2660217285,60264,60304,40
13.0253601074,80.2653808594,60324,60355,31
13.0220403671,80.2633895874,60425,60486,61
13.0217103958,80.2632217407,60496,60597,101
13.0160999298,80.2597122192,60718,60758,40
13.0098199844,80.2593307495,60849,60890,41
13.0066900253,80.2578201294,61011,61061,50
13.0064201355,80.252746582,61192,61243,51
13.0065698624,80.2467193604,61410,61473,63
13.007349968,80.2369918823,61664,61715,51
13.0197200775,80.2244567871,62088,62119,31
13.0258197784,80.2305221558,62300,62331,31
13.0283899307,80.2308731079,62401,62492,91
13.0304603577,80.2308197021,62563,62623,60
13.0340595245,80.2304229736,62694,62754,60
13.027299881,80.2328720093,63915,63981,66
13.0082302094,80.2336120605,64524,64555,31
13.0070199966,80.2395935059,64736,64827,91
13.0066995621,80.2454223633,64968,64999,31
13.0076904297,80.2587280273,65289,65320,31
13.0292797089,80.2660675049,65970,66001,31
13.0334997177,80.2678375244,66132,66233,101
13.0334997177,80.2678375244,66354,66394,40
13.0298500061,80.2666320801,66950,66981,31
13.0263900757,80.2659225464,67102,67263,161
13.0254402161,80.2655792236,67294,67344,50
13.0162200928,80.2598114014,67637,67673,36
13.0065097809,80.2575836182,67927,68079,152
13.0065202713,80.2531967163,68170,68220,50
13.0065803528,80.2520828247,68248,68330,82
13.0066299438,80.2482070923,68432,68482,50
13.0066003799,80.2467498779,68513,68563,50
13.0105400085,80.2252883911,69169,69219,50
13.0154800415,80.2250137329,69391,69431,40
13.0241699219,80.2282104492,69693,69734,41
13.0244102478,80.2285614014,69744,69814,70
13.0257101059,80.2304000854,69875,69944,69
13.0265903473,80.2312774658,70024,70075,51
13.0269498825,80.2311706543,70075,70125,50
13.0277500153,80.2309799194,70156,70259,103
13.0287799835,80.2308883667,70279,70339,60
13.0348596573,80.2300262451,70622,70672,50
13.0269002914,80.2329101563,71601,71661,60
13.0241203308,80.2285308838,71873,71904,31
13.0220804214,80.2264099121,71975,72015,40
13.0068502426,80.2400436401,72429,72520,91
13.0066299438,80.2573776245,72843,72924,81
13.016289711,80.2596511841,73095,73126,31
13.02602005,80.2658615112,73428,73459,31
13.0264902115,80.2640228271,73499,73539,40
13.0335702896,80.2678985596,73852,73913,61
13.0343704224,80.2680282593,73933,73983,50
13.0333995819,80.267906189,74024,74094,70
13.0331096649,80.2677688599,74094,74185,91
13.0061903,80.2576599121,75394,75425,31
13.0063400269,80.2575378418,75425,75465,40
13.0065002441,80.2520904541,75637,75735,98
13.006529808,80.2477874756,75816,75887,71
13.0349597931,80.2302017212,76825,76856,31
13.0342102051,80.2298202515,76926,76957,31
13.0341396332,80.2302093506,76967,77098,131
13.0340595245,80.2301635742,77512,77552,40
13.034070015,80.2304000854,77562,77603,41
13.0270700455,80.2329483032,77814,77855,41
13.0068597794,80.2401580811,78448,78489,41
13.0345001221,80.2680282593,79557,79588,31
13.0335903168,80.2679367065,79638,79789,151
13.0064496994,80.2576370239,80433,80554,121
13.006480217,80.2555618286,80587,80638,51
13.006480217,80.2525863647,80689,80741,52
13.0065603256,80.2520599365,80761,80812,51
13.0066099167,80.2478637695,80872,80903,31
13.0347204208,80.2303009033,81690,81730,40
13.0342798233,80.2304000854,85213,85274,61
12.988530159,80.2235107422,32925,33078,153
13.0149402618,80.2256011963,29177,29338,161
13.0150003433,80.2254562378,29338,29429,91
13.0147600174,80.2257232666,50534,50645,111
13.0148897171,80.2258071899,57810,57911,101
13.0150003433,80.2255783081,73113,73264,151
13.0345697403,80.2304077148,19813,19974,161
13.0343799591,80.2303771973,20409,20499,90
13.033949852,80.267906189,22792,22832,40
13.0335597992,80.2678985596,22933,22974,41
13.0265703201,80.2660598755,23166,23287,121
13.0065498352,80.2576370239,24741,24802,61
13.0066404343,80.2474975586,24974,25034,60
13.0345602036,80.2297515869,26034,26196,162
13.034239769,80.2298583984,26196,26276,80
13.0272598267,80.2329788208,27195,27226,31
13.0198402405,80.2247619629,27478,27509,31
13.0069904327,80.2399368286,27892,27943,51
13.0067901611,80.2464599609,28155,28226,71
13.0066900253,80.2572479248,28407,28458,51
13.0345096588,80.2681732178,29276,29316,40
13.0065803528,80.2576599121,30367,30447,80
13.0066204071,80.2519378662,30569,30619,50
13.0066604614,80.2485275269,30730,30922,192
13.0246801376,80.2289428711,31983,32023,40
13.0259599686,80.2310180664,32063,32114,51
13.0347003937,80.2302780151,32346,32417,71
13.0344295502,80.2297592163,32467,32498,31
13.0342197418,80.2297821045,32508,32588,80
13.029800415,80.2308425903,32811,32851,40
13.0278596878,80.2325515747,32932,32982,50
13.027009964,80.2329711914,33023,33114,91
13.0236196518,80.2277832031,33305,33346,41
13.0082998276,80.233543396,33831,33932,101
13.0080404282,80.2346420288,33952,33992,40
13.0067300797,80.2418365479,34396,34457,61
13.0066995621,80.2442626953,34548,34598,50
13.0067796707,80.2573394775,34830,34931,101
13.0333995819,80.2677612305,35921,35961,40
13.0345697403,80.2679901123,36002,36103,101
13.0314502716,80.2669906616,36204,36274,70
13.0267095566,80.2660827637,36385,36456,71
13.0065803528,80.2576370239,37011,37133,122
13.0065097809,80.2539367676,37244,37294,50
13.0065097809,80.2529907227,37355,37426,71
13.0065698624,80.2521820068,37456,37567,111
13.0067396164,80.2504730225,37658,37769,111
13.0067195892,80.249206543,37809,37930,121
13.0066404343,80.2480697632,37971,38082,111
13.0066099167,80.2409591675,38334,38385,51
13.0243501663,80.228477478,39172,39233,61
13.0257701874,80.2304611206,39284,39344,60
13.032959938,80.2305374146,39566,39607,41
13.0348100662,80.2302703857,39657,39698,41
13.0350198746,80.2301101685,39698,39748,50
13.0345096588,80.2297821045,39768,39900,132
13.0302495956,80.230796814,40091,40203,112
13.0271701813,80.2329406738,40334,40495,161
13.0239400864,80.2283172607,40606,40637,31
13.0071496964,80.2389297485,41192,41263,71
13.0069303513,80.2400817871,41293,41404,111
13.022310257,80.2634506226,42141,42172,31
13.0292596817,80.2661972046,42464,42525,61
13.034529686,80.2681884766,42727,42767,40
13.0304403305,80.2668304443,42858,42899,41
13.0064897537,80.2576980591,43535,43646,111
13.0067996979,80.2492370605,43858,43898,40
13.0067300797,80.2488937378,43908,43979,71
13.0066299438,80.247467041,44020,44161,141
13.0347604752,80.2302932739,45393,45474,81
13.0344200134,80.2297973633,45504,45585,81
13.0070295334,80.239440918,46493,46534,41
13.0066299438,80.2449798584,46705,46746,41
13.0065803528,80.2567672729,46948,47008,60
13.0263795853,80.2660293579,48392,48432,40
13.0065603256,80.2577209473,48937,49018,81
13.0066699982,80.2490692139,49220,49280,60
13.0066795349,80.2403030396,49503,49543,40
13.0338897705,80.23046875,50432,50472,40
13.0347003937,80.2302932739,50502,50533,31
13.034620285,80.2297973633,50573,50755,182
13.0342702866,80.2297897339,50755,50795,40
13.0341796875,80.2298965454,50795,50866,71
13.0070295334,80.2396011353,51704,51764,60
13.0069799423,80.239982605,51774,51845,71
13.0292396545,80.2660903931,52895,52926,31
13.0299596786,80.2666625977,52996,53027,31
13.026889801,80.2661132813,54592,54693,101
13.0264596939,80.2660217285,54703,54743,40
13.0066795349,80.2577590942,55188,55248,60
13.0066404343,80.2519607544,55369,55450,81
13.006649971,80.2480697632,55521,55571,50
13.0066995621,80.2404022217,55773,55814,41
13.0070104599,80.2398300171,58863,58894,31
13.0066995621,80.257232666,59237,59277,40
13.0065898895,80.2573013306,59277,59328,51
13.0293197632,80.2645721436,59934,60015,81
13.0293397903,80.2649612427,60025,60126,101
13.0293598175,80.2653579712,60126,60196,70
13.0293302536,80.2657623291,60196,60378,182
13.0292797089,80.2661514282,60378,60489,111
13.0292100906,80.2662811279,60489,60610,121
13.0341596603,80.2679977417,60913,60954,41
13.0368204117,80.2676391602,61035,61186,151
13.0362596512,80.2677993774,61196,61247,51
13.0295600891,80.2666168213,61640,61671,31
13.0222597122,80.2634887695,61883,61923,40
13.0065002441,80.2535095215,62438,62509,71
13.0066003799,80.2521209717,62559,62671,112
13.0066604614,80.248260498,62751,62862,111
13.0299196243,80.2307662964,64014,64054,40
13.0338697433,80.2304611206,64145,64185,40
13.0344600677,80.2304000854,64206,64256,50
13.0347900391,80.2300567627,64296,64367,71
13.0082702637,80.2334213257,66326,66357,31
13.0071296692,80.2390213013,66528,66559,31
13.0070896149,80.2392730713,66569,66750,181
13.0068302155,80.2513198853,67043,67094,51
13.033370018,80.2677764893,68164,68225,61
13.0344600677,80.2679367065,68265,68316,51
13.0264997482,80.2659606934,69477,69548,71
13.0186595917,80.2613983154,69871,69911,40
13.0066003799,80.2577285767,70214,70285,71
13.0065402985,80.2518615723,70447,70527,80
13.0066204071,80.2485809326,70659,70841,182
13.0112199783,80.2233734131,71426,71457,31
13.0272502899,80.2310028076,71972,72022,50
13.0285596848,80.2308425903,72073,72163,90
13.0344295502,80.2303314209,72305,72345,40
13.0345697403,80.2297363281,72426,72588,162
13.0341501236,80.23021698,73608,73648,40
13.0269203186,80.2329025269,73971,74032,61
13.0066699982,80.2570419312,74961,75001,40
13.0344400406,80.2679519653,75819,75910,91
13.0065002441,80.2577819824,77476,77516,40
13.0064601898,80.2528915405,77688,77769,81
13.0346403122,80.2302627563,78910,78950,40
13.0239095688,80.2282409668,79596,79627,31
13.0066299438,80.2572402954,80364,80425,61
13.0270700455,80.2661819458,81818,81980,162
13.0260400772,80.2661437988,83071,83121,50
13.0749197006,80.2752990723,18480,18621,141
13.0819797516,80.2753372192,18833,18883,50
12.987279892,80.2593612671,21109,21149,40
12.9871702194,80.2595825195,21160,21230,70
12.9868402481,80.2590484619,22249,22280,31
12.9868001938,80.2587280273,22290,22380,90
13.0758600235,80.275718689,28082,28163,81
13.0812301636,80.2751693726,28294,28334,40
13.0881795883,80.2838821411,28718,28764,46
13.0881500244,80.2833709717,28988,29160,172
13.0887403488,80.2903594971,29439,29491,52
13.0625,80.2831192017,29793,29824,31
13.0569896698,80.2819671631,29914,29945,31
13.0455303192,80.2801132202,30066,30106,40
13.0217399597,80.2709503174,30681,30782,101
13.0209798813,80.2699508667,30832,30933,101
12.987950325,80.255821228,31709,31807,98
12.9565496445,80.2436599731,32360,32410,50
12.9351797104,80.2353363037,32751,32802,51
12.9313497543,80.2385635376,32973,33004,31
12.925620079,80.23828125,33175,33306,131
12.9311800003,80.2385025024,33478,33528,50
12.9472503662,80.2399368286,33940,33990,50
12.9483203888,80.2403793335,34021,34163,142
12.9989004135,80.2559890747,36161,36201,40
13.0233402252,80.2728805542,37098,37129,31
13.0888004303,80.2901687622,38288,38359,71
13.0852298737,80.2841110229,38500,38541,41
13.0869998932,80.2836608887,38611,38642,31
13.0870304108,80.2837219238,38652,38692,40
13.0878400803,80.2836532593,38732,38793,61
13.0824899673,80.2786331177,38994,39025,31
13.0816297531,80.275932312,39086,39156,70
13.0869197845,80.2839813232,53521,53582,61
13.0875301361,80.283996582,53602,53652,50
13.0879201889,80.283996582,53652,53713,61
13.0880699158,80.2836914063,53713,53874,161
13.0883998871,80.2847366333,54056,54096,40
13.0029802322,80.2567901611,55900,55941,41
12.9984197617,80.2560119629,56041,56082,41
12.9896297455,80.2559814453,56263,56304,41
12.9638004303,80.2468719482,56758,56798,40
12.9566497803,80.2437362671,56929,57020,91
12.9563903809,80.2436904907,57020,57061,41
12.9357204437,80.2339401245,58927,58978,51
12.9633998871,80.2466278076,59403,59464,61
13.026260376,80.2753372192,60932,61025,93
13.0266399384,80.2754974365,61035,61156,121
13.0272102356,80.2757797241,61186,61226,40
13.0273704529,80.2759017944,61226,61327,101
13.0277700424,80.2760391235,61347,61388,41
13.0291099548,80.2765426636,61458,61499,41
13.0293102264,80.2765808105,61509,61559,50
13.0298204422,80.2767562866,61580,61650,70
13.0302801132,80.2769317627,61670,61711,41
13.0307502747,80.2771987915,61741,61781,40
13.0307798386,80.2772827148,61781,61973,192
13.0312595367,80.2775421143,62003,62064,61
13.033080101,80.2775115967,62124,62215,91
13.0339403152,80.2774200439,62256,62362,106
13.0342903137,80.2775726318,62362,62424,62
13.035610199,80.2778167725,62556,62637,81
13.0381498337,80.2785263062,62758,62839,81
13.0631103516,80.2832336426,63283,63314,31
13.0887804031,80.2901687622,63779,63869,90
13.0868997574,80.2839813232,64082,64122,40
13.0208597183,80.2699737549,67428,67469,41
13.0142602921,80.2593994141,67811,67902,91
12.9995603561,80.2563400269,68235,68275,40
12.9983596802,80.2561264038,68315,68356,41
12.9896497726,80.2560577393,68547,68578,31
12.9312696457,80.2386169434,70049,70109,60
12.9284200668,80.2389297485,70190,70261,71
12.9357099533,80.2339401245,71148,71199,51
12.9484796524,80.2405319214,71481,71512,31
12.9835500717,80.2525024414,72246,72289,43
12.9877796173,80.2546386719,72463,72534,71
12.9951000214,80.2559204102,72725,72776,51
13.0061702728,80.2574462891,73048,73089,41
13.0237998962,80.2737197876,73620,73691,71
13.0317897797,80.2776107788,74042,74082,40
13.0320997238,80.2776031494,74093,74132,39
13.0887804031,80.2902069092,75220,75280,60
13.0865602493,80.2839279175,75472,75542,70
13.087849617,80.283996582,75581,75641,60
13.0823297501,80.2785873413,75894,75930,36
13.0815496445,80.2760696411,75992,76023,31
13.0760002136,80.2755432129,76174,76225,51
12.9975004196,80.2572479248,6105,6165,60
13.0142402649,80.2260131836,10210,10372,162
13.0136404037,80.2264404297,11159,11200,41
12.9233798981,80.1204528809,13390,13438,48
12.9171495438,80.1929779053,16255,16291,36
13.0340995789,80.2304534912,18259,18310,51
13.0343904495,80.2297668457,18412,18473,61
13.0342102051,80.2301177979,18473,18523,50
12.9754896164,80.2209014893,19826,19876,50
12.9234600067,80.1169433594,21782,21822,40
12.9232797623,80.1212463379,21963,22012,49
12.9171304703,80.193107605,22939,22979,40
12.9761800766,80.2212371826,23980,24020,40
13.0344200134,80.2297592163,25323,25484,161
13.0342302322,80.2298583984,25484,25555,71
13.027009964,80.2329025269,26613,26653,40
13.0232095718,80.2275009155,26755,26796,41
12.9428596497,80.2076034546,28520,28591,71
12.9174404144,80.1945877075,29114,29285,171
12.9199495316,80.1826629639,29497,29528,31
12.9226999283,80.15209198,29921,29952,31
12.922419548,80.1432037354,30093,30174,81
12.9227199554,80.1315002441,30333,30366,33
12.923500061,80.1171417236,30644,30676,32
12.9203195572,80.1839065552,32956,33060,104
12.9206495285,80.1854019165,33089,33131,42
12.9171495438,80.1929168701,33262,33298,36
12.9633102417,80.2158432007,34287,34328,41
12.9657201767,80.2168502808,34378,34409,31
12.9661798477,80.2170028687,34419,34469,50
12.9665603638,80.2171478271,34469,34520,51
12.9672203064,80.2174301147,34560,34600,40
12.9761800766,80.2212295532,34812,34853,41
12.9943599701,80.2175216675,35244,35275,31
13.0072002411,80.2127685547,35628,35675,47
13.0075397491,80.2128219604,35686,35717,31
13.0077896118,80.2129211426,35727,35798,71
13.028840065,80.2308502197,36695,36765,70
13.0301103592,80.23072052,36806,36856,50
13.0342998505,80.2298812866,37068,37139,71
13.0341501236,80.2301635742,37139,37220,81
13.0311698914,80.2306518555,37291,37361,70
13.030960083,80.230796814,37371,37422,51
13.0269603729,80.2329330444,37543,37704,161
13.0142002106,80.2255096436,38118,38206,88
13.0141201019,80.2257995605,38206,38319,113
13.0080404282,80.2132263184,38612,38672,60
12.9958000183,80.2167282104,38945,38985,40
12.922419548,80.1436462402,41141,41172,31
12.9232902527,80.1207809448,41689,41870,181
12.9905996323,80.2202606201,44553,44584,31
13.0078001022,80.2130584717,44892,44927,35
13.0259304047,80.2309799194,45470,45520,50
13.0287904739,80.2309112549,45591,45652,61
13.0350198746,80.2301330566,45793,45854,61
13.0341901779,80.2298965454,47125,47226,101
13.0341501236,80.2302932739,47236,47277,41
13.0079402924,80.2132415771,48280,48320,40
12.9952898026,80.2169113159,48643,48675,32
12.9889802933,80.2219696045,48866,48986,120
12.9887800217,80.2222290039,48996,49087,91
12.9886598587,80.2223205566,49087,49147,60
12.9884395599,80.2225112915,49157,49198,41
12.9834403992,80.2223434448,49399,49430,31
12.9172296524,80.1912918091,50679,50710,31
12.9234695435,80.1170578003,51786,51817,31
12.9232702255,80.1212005615,51938,52120,182
12.9203195572,80.1840362549,52984,53034,50
12.9170799255,80.1931228638,53186,53236,50
12.9760704041,80.2212524414,54201,54232,31
13.0292701721,80.2307128906,55414,55474,60
13.0345802307,80.2302017212,55555,55595,40
13.0341701508,80.2300186157,56070,56110,40
13.0269298553,80.2329025269,56332,56393,61
13.0085897446,80.2136077881,57085,57116,31
13.0079498291,80.2131881714,57166,57207,41
12.9757099152,80.2211303711,57930,57992,62
12.9220304489,80.1972808838,58900,58941,41
12.9169797897,80.193321228,59062,59139,77
12.9227104187,80.1520004272,59808,59848,40
12.9224395752,80.1432189941,59980,60038,58
12.923500061,80.1172332764,60483,60514,31
12.9227600098,80.131729126,61574,61614,40
12.9749898911,80.2205810547,63492,63593,101
13.0303897858,80.2307434082,65061,65122,61
13.0348796844,80.230178833,65203,65243,40
13.0308504105,80.2306594849,65334,65394,60
13.027179718,80.2329177856,65514,65574,60
12.8746995926,80.2098999023,21437,21498,61
13.0069503784,80.2097320557,24608,24639,31
13.0100698471,80.211479187,26001,26162,161
13.0096998215,80.2112426758,26162,26273,111
13.0092601776,80.2111816406,26294,26374,80
13.0023698807,80.2566604614,27263,27314,51
12.9973096848,80.256942749,27455,27515,60
12.9975099564,80.256729126,28857,28948,91
12.9977903366,80.2563323975,28989,29090,101
12.9882497787,80.255897522,29271,29412,141
12.978770256,80.2526626587,29665,29705,40
12.9565401077,80.2437667847,30088,30129,41
12.913189888,80.2293319702,30797,30877,80
12.9084796906,80.2285919189,30948,30999,51
12.9073495865,80.2284011841,31025,31128,103
12.893289566,80.2275619507,31773,31844,71
12.8902196884,80.2274017334,31944,31975,31
12.8791399002,80.2109375,32459,32490,31
12.8771295547,80.2225723267,33216,33277,61
12.9004201889,80.2278518677,33820,34010,190
12.906080246,80.2281723022,34152,34226,74
12.9466400146,80.2396774292,34910,35061,151
12.9631996155,80.2465362549,35485,35556,71
12.9777803421,80.251739502,35778,35869,91
12.9811096191,80.2446289063,36070,36161,91
12.9811897278,80.244102478,36181,36232,51
13.0135002136,80.2040863037,37872,37903,31
13.0096998215,80.2112426758,38216,38287,71
12.9832201004,80.2221984863,39979,40019,40
12.9799003601,80.2525100708,40804,40844,40
12.9568996429,80.243888855,41208,41279,71
12.8926200867,80.2274703979,42336,42377,41
12.876449585,80.22631073,43585,43636,51
12.9001998901,80.2278366089,44067,44098,31
12.9054803848,80.2281494141,44249,44310,61
12.9062595367,80.2281570435,44330,44380,50
12.9558696747,80.2432022095,45137,45187,50
13.0097703934,80.2112884521,47412,47462,50
12.9887504578,80.2222290039,48636,48736,100
12.9884500504,80.222442627,48736,48898,162
12.9879198074,80.22290802,49110,49190,80
12.9876298904,80.2230987549,49190,49221,31
12.9848003387,80.2231369019,49291,49332,41
12.9785299301,80.2253723145,49662,49693,31
12.9564304352,80.2436294556,50664,50705,41
12.9073400497,80.2283782959,51533,51573,40
12.900759697,80.2278594971,54648,54717,69
12.9955701828,80.2167892456,58979,59029,50
12.9799604416,80.2526168823,59998,60086,88
12.9636802673,80.2468795776,60359,60399,40
12.9293203354,80.2314605713,60973,61039,66
12.9069404602,80.2283706665,61241,61291,50
12.8764801025,80.226852417,62960,63000,40
12.9482498169,80.2404022217,64310,64411,101
12.9666404724,80.2478485107,64820,64851,31
12.9828996658,80.2219924927,65980,66011,31
12.9865999222,80.2230072021,66122,66172,50
12.996720314,80.2164916992,66434,66475,41
13.0067996979,80.2097167969,66838,66878,40
13.0136003494,80.2042236328,67151,67211,60
13.0136003494,80.2046585083,67221,67403,182
13.0097703934,80.2112884521,67623,67744,121
13.0029296875,80.2197799683,69246,69286,40
13.0026798248,80.2196578979,69286,69326,40
13.0022296906,80.2193222046,69336,69407,71
13.0019798279,80.219039917,69407,69457,50
13.00096035,80.2181625366,69498,69578,80
12.9980602264,80.2165679932,69790,69821,31
12.9875602722,80.2230377197,70253,70284,31
12.9831695557,80.2221069336,70430,70470,40
12.9829502106,80.2219467163,70480,70521,41
12.9762897491,80.2216873169,70662,70702,40
12.9815797806,80.2334365845,71033,71064,31
12.9132900238,80.2292785645,72718,72749,31
12.9076499939,80.2284164429,72829,72860,31
12.9016199112,80.2279968262,72981,73092,111
12.8790998459,80.2109222412,73818,73849,31
12.8744802475,80.2100601196,73950,74001,51
12.8764200211,80.2267379761,74647,74707,60
12.9006795883,80.2278366089,75139,75179,40
12.9007501602,80.2278594971,75179,75210,31
12.9048099518,80.2280883789,75331,75371,40
12.9055595398,80.2281265259,75411,75482,71
12.9632701874,80.2465286255,76461,76501,40
13.0069303513,80.2098083496,78314,78385,71
13.0066795349,80.2573165894,80208,80271,63
12.9976301193,80.2571029663,3603,3674,71
12.9974403381,80.2569122314,3684,3745,61
12.9974899292,80.2571182251,10792,10843,51
12.9975204468,80.2569732666,14487,14669,182
12.9977397919,80.2562103271,25179,25250,71
13.0064001083,80.2514724731,26186,26227,41
13.0301504135,80.2091827393,27637,27718,81
13.041970253,80.1932525635,28122,28203,81
13.0368499756,80.1986999512,30139,30199,60
13.0305404663,80.2140808105,30871,30925,54
13.0304002762,80.2159881592,30944,30985,41
13.0312204361,80.2238082886,31187,31298,111
13.0301399231,80.2292633057,31520,31551,31
13.0306596756,80.2306137085,31571,31611,40
12.9968299866,80.2563781738,35525,35585,60
13.0021400452,80.2561798096,35787,35878,91
13.0052900314,80.2525482178,36019,36080,61
13.0068702698,80.2503890991,36201,36261,60
13.0068798065,80.2491073608,36342,36382,40
13.0067996979,80.2493133545,36382,36413,31
13.0067596436,80.2475814819,36503,36544,41
13.0068798065,80.2476730347,36544,36584,40
13.0066099167,80.2465591431,36746,36796,50
13.0066604614,80.2459564209,36826,36857,31
13.0066404343,80.2445068359,36947,36978,31
13.006649971,80.2442398071,36978,37038,60
13.0066900253,80.244102478,37048,37079,31
13.0258398056,80.2306976318,38007,38047,40
13.0258302689,80.230682373,38068,38118,50
13.0298595428,80.2307510376,38219,38279,60
13.0441598892,80.2089920044,40075,40115,40
13.0443401337,80.2120132446,40165,40196,31
13.048910141,80.2071762085,40426,40476,50
13.0496997833,80.2111282349,41041,41112,71
13.0289402008,80.2241363525,42725,42765,40
13.023059845,80.2273178101,43279,43339,60
13.0143699646,80.2261428833,43401,43472,71
13.0073204041,80.2378234863,43683,43714,31
13.0066995621,80.2429962158,43845,43895,50
13.0066604614,80.2573471069,44168,44258,90
13.0022497177,80.2567596436,44400,44458,58
13.0002603531,80.2662200928,45203,45314,111
12.9967803955,80.2562026978,45768,45829,61
12.9988803864,80.2560119629,45869,45909,40
13.0066003799,80.2523574829,46242,46313,71
13.0067796707,80.2494888306,46384,46434,50
13.0374097824,80.1958465576,48640,48751,111
13.0303201675,80.2146911621,51744,51775,31
13.0300703049,80.2276306152,52186,52237,51
13.0003404617,80.2659683228,54160,54200,40
13.0063695908,80.2574386597,55825,55856,31
13.0066099167,80.2537384033,55916,55977,61
13.006529808,80.2461700439,56158,56239,81
13.0070800781,80.2406387329,56269,56411,142
13.0090799332,80.2315979004,56491,56522,31
13.0106801987,80.2245330811,56562,56633,71
13.0291595459,80.2307815552,57135,57186,51
13.0368003845,80.1968688965,58332,58363,31
13.0378198624,80.1921768188,58403,58504,101
13.0371398926,80.1965408325,60756,60796,40
13.0369501114,80.1996994019,60837,60887,50
13.0268602371,80.232963562,62318,62389,71
13.0070495605,80.2396774292,63005,63037,32
13.0067195892,80.2574386597,63370,63481,111
13.0055904388,80.2573318481,63512,63551,39
13.0034503937,80.2568206787,63561,63612,51
13.0017499924,80.2565383911,63657,63758,101
12.9968395233,80.2570495605,63879,63910,31
13.0002002716,80.2663803101,64907,64947,40
12.9967899323,80.2565994263,65351,65479,128
12.9982404709,80.2560195923,65520,65561,41
12.9983997345,80.2559967041,65561,65601,40
13.0065402985,80.2536392212,65972,66003,31
13.006480217,80.2526168823,66043,66094,51
13.0066795349,80.2488327026,66184,66225,41
13.0066699982,80.2404632568,66495,66566,71
13.0066604614,80.2401428223,66566,66637,71
13.0083599091,80.2322006226,66939,66970,31
13.0084400177,80.2316970825,66980,67030,50
13.0085000992,80.2313613892,67030,67081,51
13.0085897446,80.23097229,67091,67131,40
13.0172395706,80.2250671387,67494,67565,71
13.0193395615,80.2244567871,67615,67656,41
13.0259504318,80.2310333252,67868,67936,68
13.0282802582,80.2308425903,68017,68058,41
13.0288896561,80.230758667,68078,68118,40
13.0287904739,80.2240905762,68439,68479,40
13.0311803818,80.2231216431,68550,68590,40
13.0300998688,80.2093429565,69063,69113,50
13.0315599442,80.2092590332,69143,69174,31
13.0348901749,80.2100524902,69234,69285,51
13.0352802277,80.2087402344,69325,69363,38
13.0353603363,80.2084579468,69371,69404,33
13.0355300903,80.2067565918,69442,69485,43
13.0441398621,80.2090530396,70502,70573,71
13.0442399979,80.2118530273,70619,70682,63
13.0468301773,80.2122802734,70823,70873,50
13.0492296219,80.207069397,71174,71243,69
13.0491399765,80.2071075439,71939,72060,121
13.0489397049,80.2071762085,72090,72171,81
13.0457801819,80.2123413086,72409,72462,53
13.0420799255,80.204826355,72655,72705,50
13.039560318,80.2063980103,72715,72766,51
13.0361995697,80.2053833008,73319,73420,101
13.03028965,80.2144317627,73774,73826,52
13.0313596725,80.2184677124,73886,73977,91
13.0315504074,80.2225799561,74007,74098,91
13.0272703171,80.2329406738,74459,74510,51
12.9996700287,80.2564468384,75731,75771,40
13.0002803802,80.2661972046,76316,76387,71
13.0002202988,80.266242981,76387,76579,192
12.9968395233,80.256401062,76922,77043,121
12.9977903366,80.2558822632,77083,77164,81
13.0064697266,80.2521591187,77384,77455,71
13.0065498352,80.2475662231,77505,77566,61
13.0153303146,80.2249679565,78060,78091,31
13.0290498734,80.2242507935,78595,78656,61
13.043800354,80.2097473145,79794,79866,72
13.0498304367,80.2120819092,80249,80338,89
13.048500061,80.2110671997,80358,80389,31
13.0445404053,80.2122268677,80459,80500,41
13.0444202423,80.2122879028,80500,80611,111
13.0266504288,80.2330780029,82240,82280,40
13.0065202713,80.2405166626,82753,82813,60
12.9962100983,80.2640304565,83348,83530,182
12.9962396622,80.2614517212,83631,83679,48
13.075340271,80.2748718262,2309,2360,51
13.0820703506,80.2753295898,17565,17636,71
13.0815601349,80.2754974365,17980,18030,50
12.9007196426,80.2278289795,26061,26101,40
12.9634799957,80.24659729,26991,27062,71
13.039059639,80.2468414307,28545,28605,60
13.0823802948,80.2785415649,31044,31095,51
13.0815696716,80.2757720947,31146,31189,43
13.0726699829,80.2755279541,31361,31505,144
13.0396604538,80.2471008301,32307,32357,50
13.0322504044,80.2424087524,32551,32591,40
13.0317201614,80.2414169312,32622,32733,111
13.0311803818,80.2402114868,32763,32854,91
13.0234003067,80.2276382446,33026,33057,31
13.0087795258,80.2307815552,33380,33431,51
13.0083198547,80.2334899902,33542,33643,101
13.0073003769,80.238243103,33754,33835,81
13.0072202682,80.2386169434,33835,33876,41
13.0067501068,80.2437973022,33997,34057,60
12.9981002808,80.248878479,34330,34361,31
12.9911298752,80.2506484985,34431,34482,51
12.9652795792,80.2474136353,34886,34927,41
12.9499998093,80.2410583496,35230,35311,81
12.9072303772,80.2283782959,35978,36079,101
12.898440361,80.2278671265,36291,36322,31
12.8403997421,80.2275619507,37110,37150,40
12.8324604034,80.2291030884,37292,37332,40
12.7862100601,80.2203826904,37896,37957,61
12.8388900757,80.2277984619,39380,39489,109
12.8607196808,80.2264404297,39722,39863,141
12.9005403519,80.2278213501,40316,40417,101
12.9063100815,80.2281036377,40559,40619,60
12.9487400055,80.2407836914,41173,41204,31
12.9795799255,80.2525634766,41720,41791,71
12.9843301773,80.2522201538,41862,41922,60
12.9845600128,80.2521896362,41932,42122,190
13.0254402161,80.229927063,43276,43316,40
13.0259304047,80.231262207,43357,43417,60
13.0389404297,80.2467422485,43821,43909,88
13.0814599991,80.275100708,47253,47334,81
13.0820598602,80.2757110596,47364,47536,172
13.0738296509,80.2764282227,47920,47951,31
13.0564603806,80.2572174072,48616,48676,60
13.0548200607,80.2544937134,48834,48866,32
13.032409668,80.2426605225,49380,49452,72
13.0316200256,80.2412490845,49492,49583,91
13.0067195892,80.2453765869,50369,50420,51
12.9883298874,80.2513427734,50657,50779,122
12.9338502884,80.2329864502,51484,51525,41
12.9071798325,80.2283782959,51819,51859,40
12.9011802673,80.2280578613,51940,51980,40
12.8397502899,80.2277832031,52678,52718,40
12.8394203186,80.2276535034,54321,54352,31
12.9633102417,80.2464599609,55825,55866,41
12.9860401154,80.251739502,56139,56200,61
13.0260095596,80.2310562134,57089,57140,51
13.0390100479,80.2468032837,57482,57544,62
13.0713396072,80.2741165161,58514,58545,31
13.0791397095,80.2751693726,58656,58696,40
13.0801401138,80.2752685547,58727,58866,139
13.0811100006,80.275177002,58896,58976,80
13.0820102692,80.2753601074,58997,59048,51
13.0685195923,80.2720108032,60434,60495,61
13.032699585,80.2430877686,61532,61602,70
13.0319004059,80.2418518066,61663,61774,111
12.9072303772,80.2284011841,63924,63985,61
12.8928403854,80.2275009155,64215,64266,51
12.8454198837,80.2266464233,64691,64731,40
12.836400032,80.2284698486,64872,64933,61
12.8323402405,80.2291564941,64983,65034,51
12.8093395233,80.2274017334,65348,65388,40
12.7957801819,80.2229385376,65618,65649,31
12.7862596512,80.2203979492,65770,65811,41
12.7299003601,80.1890029907,66609,66646,37
12.7222700119,80.1876220703,66830,66880,50
12.7859201431,80.2202301025,68543,68583,40
12.7866001129,80.2204818726,68604,68644,40
12.8306903839,80.2294921875,69210,69261,51
12.8389797211,80.2278671265,69420,69501,81
12.8423204422,80.2269821167,69582,69693,111
12.8453702927,80.226600647,69734,69774,40
12.8565502167,80.2263412476,69906,70047,141
12.9001998901,80.2278900146,70674,70836,162
12.902299881,80.2279968262,70886,70917,31
12.9048900604,80.2281570435,70977,71038,61
12.9058799744,80.2282485962,71078,71119,41
12.9632997513,80.2465896606,72120,72180,60
13.0225696564,80.2267379761,73706,73776,70
13.0310897827,80.2397537231,73979,74019,40
13.0790195465,80.2751693726,75057,75108,51
13.0799102783,80.2753372192,75138,75239,101
13.0805101395,80.2752609253,75259,75340,81
13.0812997818,80.275177002,75371,75462,91
13.0820102692,80.2757797241,75502,75552,50
13.0502996445,80.2070465088,1944,2055,111
13.0502996445,80.2069625854,3639,3719,80
13.050239563,80.2070617676,3719,3911,192
13.0501804352,80.2067489624,3911,3951,40
13.050239563,80.2071685791,7855,7956,101
13.0502195358,80.2071228027,7956,8117,161
13.050239563,80.2070770264,8480,8612,132
13.0502099991,80.2068710327,9792,9842,50
13.0502195358,80.2068710327,17219,17300,81
13.0501499176,80.2067871094,17300,17451,151
13.0502500534,80.2069702148,17844,17925,81
13.0691604614,80.2059020996,23642,23733,91
13.0679998398,80.2053375244,23833,23944,111
13.0689001083,80.204750061,24530,24570,40
13.0692501068,80.204750061,24580,24701,121
13.010219574,80.2116317749,25980,26031,51
13.0098199844,80.2113418579,26031,26119,88
12.9874200821,80.2514419556,27692,27803,111
12.9868898392,80.2590637207,29296,29356,60
12.9875001907,80.2569198608,29417,29467,50
12.9878997803,80.2528381348,29586,29647,61
12.9811096191,80.2444000244,29896,29936,40
12.9811201096,80.2442321777,29936,30038,102
12.9805603027,80.2288665771,30551,30601,50
12.9768295288,80.2227783203,30723,30784,61
12.9754199982,80.2208480835,30864,31001,137
12.9838399887,80.2178192139,31165,31215,50
12.9874000549,80.2182235718,31276,31346,70
13.0076999664,80.2098693848,31992,32032,40
13.0188598633,80.2059326172,32456,32496,40
13.0364198685,80.212310791,32930,32970,40
13.0437803268,80.2122421265,33071,33122,51
13.0492801666,80.2119598389,33243,33303,60
13.0666503906,80.2099380493,34269,34380,111
13.0602197647,80.2117004395,34562,34630,68
13.0594797134,80.2117080688,34691,34751,60
13.0583696365,80.2116775513,34852,34943,91
13.0559196472,80.2116088867,35044,35135,91
13.0508499146,80.2121887207,35457,35538,81
13.0505199432,80.2121124268,35538,35578,40
13.0449304581,80.2124328613,35699,35851,152
13.0393104553,80.2124176025,35921,36032,111
13.0120401382,80.212600708,36988,37019,31
13.0095300674,80.2110900879,37120,37186,66
12.9763803482,80.2200698853,38318,38398,80
12.9759302139,80.2202682495,38439,38509,70
12.9756298065,80.2204208374,38509,38570,61
12.9762201309,80.2215805054,38620,38681,61
12.9813995361,80.2426681519,39094,39125,31
12.9877901077,80.2550964355,39800,39992,192
12.9873399734,80.2593917847,40083,40133,50
12.9868898392,80.2590866089,40466,40506,40
12.987039566,80.2591094971,40506,40537,31
12.9875402451,80.2564697266,40627,40728,101
12.987830162,80.2530975342,40809,40900,91
12.9798803329,80.2527236938,41049,41099,50
12.9812202454,80.2341308594,41452,41483,31
12.9756803513,80.2211380005,41795,41826,31
12.9754199982,80.2209014893,41846,41886,40
13.0432100296,80.2123031616,43500,43581,81
13.0491800308,80.212020874,43702,43733,31
13.0543899536,80.2115097046,43823,43854,31
13.0457000732,80.2123794556,45139,45199,60
13.0099601746,80.2114334106,46083,46123,40
13.00963974,80.2112197876,46139,46171,32
12.9974403381,80.2165603638,46867,46928,61
12.9819898605,80.2312774658,47704,47815,111
12.9819803238,80.232673645,47916,47956,40
12.9850597382,80.2519989014,48410,48491,81
12.9871997833,80.2514724731,48541,48653,112
12.9877099991,80.2551803589,48754,48825,71
12.9868001938,80.2596511841,50307,50439,132
12.9870195389,80.2591323853,50853,50903,50
12.9878902435,80.2524795532,51034,51065,31
13.0441799164,80.2122421265,53426,53528,102
13.0686597824,80.205368042,54033,54073,40
13.0679502487,80.2052612305,54093,54234,141
13.0682401657,80.2049026489,54245,54406,161
13.0501899719,80.2121734619,54741,54826,85
13.0444898605,80.2124099731,54928,55005,77
13.0349998474,80.2122802734,55118,55157,39
12.9756698608,80.2202911377,56826,56897,71
12.986120224,80.2517318726,57542,57613,71
12.9871902466,80.2596435547,57815,57855,40
12.9875001907,80.257019043,58924,59045,121
13.0433301926,80.2122192383,61444,61585,141
13.0679397583,80.2052001953,62672,62703,31
13.0509195328,80.2122116089,63208,63248,40
13.0359897614,80.2123718262,63510,63541,31
13.0109796524,80.2121810913,64317,64368,51
13.0099000931,80.2114028931,64428,64499,71
13.0094995499,80.2111206055,64519,64569,50
13.0020198822,80.2190933228,65273,65344,71
13.0014801025,80.2185592651,65384,65415,31
13.0003900528,80.2178268433,65515,65606,91
12.998000145,80.2166519165,65768,65889,121
12.976360321,80.2201766968,66413,66504,91
12.9759197235,80.2203292847,66514,66625,111
12.9761695862,80.2216110229,66675,66726,51
12.9813995361,80.2422866821,67220,67266,46
12.9872398376,80.2595214844,67864,67924,60
12.9874696732,80.2562103271,69861,69962,101
12.9878101349,80.2532196045,70042,70093,51
12.987830162,80.2519683838,70133,70174,41
12.9801998138,80.2527923584,70336,70376,40
12.9798402786,80.252456665,70396,70447,51
12.9815797806,80.233253479,70860,70891,31
12.9756002426,80.2211074829,71294,71365,71
12.9754104614,80.2208709717,71375,71435,60
12.9783296585,80.2191390991,71518,71564,46
13.0035600662,80.2119598389,72041,72162,121
13.0348596573,80.2120437622,73172,73239,67
13.0484104156,80.2120437622,73771,73822,51
13.0680704117,80.2051925659,74730,74820,90
13.0689697266,80.2047424316,74921,74962,41
13.0696401596,80.2048568726,74992,75052,60
13.0497703552,80.2122268677,75516,75557,41
13.0378503799,80.2124481201,75768,75819,51
13.0098800659,80.2114486694,76584,76625,41
13.0094499588,80.2111129761,76635,76685,50
12.997420311,80.216583252,77359,77399,40
12.9762401581,80.2217712402,77904,77944,40
12.9844703674,80.2521972656,78628,78668,40
12.9851303101,80.2519836426,78688,78739,51
12.986579895,80.2516021729,78789,78870,81
12.987660408,80.2513580322,78900,79001,101
12.9876499176,80.2557601929,79062,79132,70
12.9875297546,80.2558288574,79778,79818,40
12.9798803329,80.2527389526,80038,80109,71
12.9756202698,80.221031189,80784,80815,31
12.9753503799,80.2207794189,80835,80875,40
12.9819297791,80.2178268433,80987,81049,62
13.0497903824,80.2118911743,82460,82510,50
13.0680503845,80.2051086426,82894,83085,191
13.0683698654,80.2050018311,83085,83176,91
13.0697603226,80.2048568726,83216,83247,31
13.0501203537,80.2121582031,83539,83577,38
13.0498199463,80.2120819092,83588,83658,70
13.0493602753,80.206817627,83759,83799,40
13.050160408,80.2069091797,83840,83920,80
13.0500097275,80.2071914673,84475,84526,51
13.0501003265,80.2068862915,84526,84678,152
13.0501499176,80.2070617676,84678,84718,40
13.050160408,80.2068023682,84728,84779,51
12.9956798553,80.2674179077,20746,20786,40
12.9988698959,80.2559967041,21038,21069,31
13.006649971,80.2477798462,21351,21391,40
13.0412597656,80.2051467896,23496,23540,44
13.0447902679,80.212348938,25057,25127,70
13.0419998169,80.2053375244,25270,25309,39
13.0354795456,80.2083892822,25989,26021,32
13.0063800812,80.2575912476,28051,28100,49
13.0065898895,80.2520217896,31439,31511,72
13.0066604614,80.2488937378,31601,31692,91
13.015130043,80.2246780396,32284,32316,32
13.0191898346,80.2242965698,32397,32437,40
13.0242099762,80.228302002,32596,32627,31
13.0294103622,80.230796814,32818,32889,71
13.0301198959,80.2093429565,33625,33675,50
13.0441398621,80.2121582031,34799,34860,61
13.0489196777,80.2071762085,35120,35151,31
13.0497598648,80.2102432251,35868,35965,97
13.0305595398,80.2298965454,38055,38177,122
13.0277004242,80.2315826416,38318,38369,51
13.0274496078,80.2328414917,38439,38520,81
13.007349968,80.2378616333,39113,39305,192
13.0070199966,80.2398223877,39356,39436,80
13.0066995621,80.2439880371,39537,39578,41
13.0033502579,80.256942749,39850,39890,40
13.0017204285,80.2566375732,39931,40001,70
12.9976301193,80.257019043,40133,40173,40
12.9975595474,80.2569122314,40173,40345,172
12.9968595505,80.2562332153,41081,41182,101
13.0009298325,80.256439209,41313,41354,41
13.0066003799,80.2518997192,41566,41646,80
13.0066299438,80.2484817505,41727,41798,71
13.0153999329,80.2249069214,42332,42363,31
13.0258903503,80.2306900024,42663,42714,51
13.0292396545,80.2308120728,42813,42863,50
13.0491800308,80.2072067261,44967,45149,182
13.0499000549,80.2118682861,45250,45371,121
13.0444202423,80.2124099731,45532,45573,41
13.0363302231,80.2017669678,46299,46340,41
13.0012702942,80.2565689087,48731,48792,61
13.0002698898,80.2661590576,49327,49407,80
12.9968004227,80.2565002441,50093,50134,41
12.9989595413,80.2559967041,50235,50275,40
13.0066204071,80.2518768311,50566,50646,80
13.0067100525,80.2491607666,50687,50747,60
13.0301198959,80.2092590332,52530,52581,51
13.0410299301,80.1993789673,53296,53327,31
13.0489397049,80.2072067261,53847,53879,32
13.0443601608,80.2123184204,55199,55230,31
13.0419197083,80.2053222656,55382,55421,39
13.026720047,80.2330093384,57154,57225,71
13.0069503784,80.2397994995,57748,57789,41
13.0067100525,80.2572479248,58102,58203,101
13.0035200119,80.256942749,58282,58334,52
13.0013399124,80.2565689087,58394,58455,61
12.9972000122,80.2559661865,58515,58566,51
13.0066099167,80.2480010986,60243,60304,61
13.0241298676,80.2281265259,61078,61149,71
13.0301198959,80.2092437744,62072,62143,71
13.0469198227,80.2121276855,63277,63317,40
13.0441303253,80.2105407715,64471,64534,63
13.0440702438,80.2088317871,64574,64605,31
13.0392398834,80.1969985962,64917,64948,31
13.0363397598,80.2023010254,65350,65391,41
13.0322504044,80.2203292847,66181,66227,46
13.0268201828,80.2330703735,66712,66833,121
13.0143995285,80.2263183594,67176,67236,60
13.0086898804,80.2312774658,67358,67398,40
13.0070800781,80.2395019531,67711,67751,40
13.0067396164,80.2450027466,67872,67923,51
13.0068702698,80.2513122559,68071,68102,31
13.006649971,80.2571716309,68223,68373,150
12.9968500137,80.2572631836,68655,68696,41
12.9962396622,80.2625427246,68807,68847,40
12.9962797165,80.267791748,68948,68988,40
12.9991703033,80.256111145,69996,70037,41
13.0065402985,80.2520904541,70319,70370,51
13.0066299438,80.2487564087,70441,70562,121
13.027179718,80.2311325073,71620,71661,41
13.0290803909,80.2308425903,71751,71842,91
13.0301399231,80.2307510376,71873,71923,50
13.0300502777,80.2092590332,72690,72730,40
13.0362300873,80.2015380859,73063,73094,31
13.0442399979,80.2119064331,73850,73899,49
13.0467596054,80.2121963501,73950,74011,61
13.0492401123,80.2072677612,75000,75151,151
13.0497999191,80.2117919922,75535,75626,91
13.0445804596,80.2124328613,75747,75797,50
13.0068998337,80.240020752,78120,78161,41
12.9978399277,80.2565765381,79267,79317,50
13.0988397598,80.2407608032,478,569,91
13.0989904404,80.2404174805,3670,3802,132
13.0982704163,80.2407836914,11539,11589,50
13.0985202789,80.2405090332,11589,11670,81
13.0984096527,80.2403488159,14541,14672,131
13.0983896255,80.2404785156,17653,17784,131
13.0984201431,80.2404327393,18511,18642,131
13.0984296799,80.2405014038,18642,18683,41
13.098279953,80.2404785156,19491,19531,40
13.0983495712,80.2404937744,19531,19632,101
13.1002597809,80.2147369385,26307,26338,31
13.088350296,80.2324829102,26802,26903,101
13.0765399933,80.2372283936,27277,27315,38
13.0754299164,80.2521820068,27591,27637,46
13.026889801,80.2329406738,28965,29027,62
13.0070104599,80.2398300171,29663,29754,91
12.9974803925,80.2559585571,30431,30481,50
13.0008201599,80.2564086914,32620,32670,50
13.0065402985,80.252456665,32923,32983,60
13.0067796707,80.2506637573,33024,33163,139
13.0067195892,80.2491607666,33204,33345,141
13.006529808,80.2423324585,33567,33667,100
13.0228204727,80.2269210815,34254,34292,38
13.0242300034,80.2282562256,34403,34524,121
13.0258903503,80.2306518555,34575,34625,50
13.0291500092,80.2308197021,34706,34756,50
13.0334997177,80.2304611206,34857,34888,31
13.0401802063,80.2398834229,35352,35413,61
13.0567998886,80.2425537109,35825,35895,70
13.0685195923,80.2425384521,36168,36219,51
13.0964202881,80.2191619873,37137,37168,31
13.0984201431,80.2139663696,37238,37279,41
13.100399971,80.2145233154,37327,37368,41
13.0315999985,80.2307128906,40486,40677,191
13.0070695877,80.2393875122,41788,41889,101
13.0067195892,80.2452011108,42081,42121,40
13.0065603256,80.2481231689,43553,43674,121
13.0065603256,80.2478179932,43674,43725,51
13.015370369,80.2248916626,44250,44290,40
13.029129982,80.2308502197,44671,44702,31
13.0342597961,80.2304077148,44844,44885,41
13.0343198776,80.2349090576,45036,45147,111
13.0388298035,80.2397537231,45177,45208,31
13.0522899628,80.2408218384,45581,45652,71
13.0756702423,80.2334365845,46400,46542,142
13.0762796402,80.236541748,48882,48928,46
13.0763902664,80.2369613647,48950,48981,31
13.0764904022,80.2373428345,48991,49051,60
13.015250206,80.2258300781,51328,51480,152
13.006939888,80.2401504517,51560,51631,71
13.0015001297,80.2565689087,52084,52145,61
12.9968900681,80.2560501099,54176,54235,59
13.0010404587,80.2564163208,54326,54366,40
13.0066604614,80.2484436035,54658,54730,72
13.0343599319,80.2373275757,55920,55961,41
13.0448198318,80.2402267456,56193,56233,40
13.0651102066,80.2434768677,56716,56748,32
13.0813703537,80.2335205078,57346,57392,46
13.1002998352,80.2149200439,58223,58264,41
13.0979099274,80.2138519287,58809,58849,40
13.075050354,80.2350082397,59536,59617,81
13.0785598755,80.2493972778,59869,59940,71
13.0713396072,80.2477111816,60091,60142,51
13.0690698624,80.2432785034,60162,60213,51
13.0648403168,80.2481918335,60374,60435,61
13.0528497696,80.2418670654,60788,60839,51
13.0352497101,80.2303390503,61402,61453,51
13.0069904327,80.240196228,62247,62278,31
13.0066604614,80.240852356,62338,62399,61
13.0073699951,80.2471389771,62478,62611,133
13.0067796707,80.2539520264,62692,62833,141
13.0067300797,80.2539825439,62863,62965,102
13.0067100525,80.2572174072,63096,63167,71
13.0067396164,80.2498016357,63490,63531,41
13.0066299438,80.240852356,63753,63854,101
13.0154895782,80.2249526978,64308,64349,41
13.025759697,80.2303390503,64640,64702,62
13.0333499908,80.2305221558,64934,64965,31
13.0342302322,80.2304000854,65015,65076,61
13.034239769,80.237197876,65235,65276,41
13.0447597504,80.2403869629,65548,65619,71
13.0558395386,80.2423019409,65891,65952,61
13.0565500259,80.2426376343,65972,66013,41
13.0649404526,80.2434921265,66233,66324,91
13.0757703781,80.2341766357,66788,66839,51
13.0838298798,80.2339630127,67162,67202,40
13.096280098,80.2195281982,67616,67657,41
13.0979995728,80.2150421143,67879,67919,40
13.1003103256,80.21459198,68030,68151,121
13.0888204575,80.2309417725,69411,69442,31
13.0823898315,80.2337188721,69704,69735,31
13.0537500381,80.2423171997,71155,71197,42
13.04529953,80.2327575684,71609,71649,40
13.035200119,80.2303771973,71811,71970,159
13.0070199966,80.2393188477,72899,73021,122
13.0021600723,80.2567062378,73525,73556,31
12.9974803925,80.2559890747,73697,73738,41
13.0010004044,80.2564620972,75422,75472,50
13.0064296722,80.2529907227,75674,75765,91
13.0065402985,80.2481613159,75836,75896,60
13.0065002441,80.2409210205,76058,76109,51
13.0345096588,80.2303619385,76965,77025,60
13.0342102051,80.2373275757,77147,77207,60
13.0963401794,80.2192077637,78942,78982,40
13.1004295349,80.2146377563,79144,79205,61
13.035200119,80.2303771973,81571,81622,51
13.0066404343,80.257270813,82579,82610,31
13.0065202713,80.2576293945,82690,82721,31
13.098859787,80.2416000366,21227,21288,61
13.1002902985,80.2146606445,21750,21811,61
13.0267801285,80.2329711914,23694,23754,60
13.0068998337,80.2401199341,24159,24209,50
13.0066604614,80.2572021484,24502,24542,40
13.005610466,80.257270813,26572,26611,39
13.0065402985,80.2533035278,26661,26709,48
13.0344696045,80.2304000854,27637,27669,32
13.05671978,80.2426376343,28245,28285,40
13.0656995773,80.2435379028,28436,28497,61
13.0757799149,80.2341308594,28813,28873,60
13.096280098,80.2195510864,29495,29526,31
13.0984601974,80.2140274048,29627,29728,101
13.1003503799,80.2145385742,29778,29809,31
13.0888395309,80.2309036255,31401,31441,40
13.0871801376,80.2345962524,31502,31552,50
13.0871601105,80.2345733643,31552,31734,182
13.0817203522,80.2335510254,31875,31916,41
13.0761098862,80.23387146,32006,32037,31
13.0764799118,80.2370605469,32107,32148,41
13.0785903931,80.2512969971,32440,32491,51
13.0608701706,80.2429733276,33203,33243,40
13.0536804199,80.2421722412,33415,33455,40
13.0352201462,80.2303314209,33950,34040,90
13.0270595551,80.2328567505,34323,34363,40
13.025179863,80.2296981812,34434,34474,40
13.0240602493,80.2283096313,34545,34585,40
13.0144300461,80.2262420654,34747,34785,38
13.0090904236,80.229309082,34896,34957,61
13.0090398788,80.2296829224,34957,35027,70
13.0082998276,80.2334976196,35189,35310,121
13.0069198608,80.2496032715,35703,35734,31
13.0066604614,80.2567672729,35875,35925,50
13.0014801025,80.2565689087,36026,36087,61
13.0000801086,80.2563400269,36138,36177,39
12.9962596893,80.262336731,36363,36394,31
13.0003795624,80.2660217285,36655,36846,191
13.0009098053,80.2564315796,37361,37411,50
13.0065402985,80.253288269,37704,37815,111
13.0066003799,80.251953125,37876,37987,111
13.0067501068,80.250541687,38027,38138,111
13.006649971,80.2483215332,38209,38338,129
13.0066299438,80.2407226563,38600,38772,172
13.0230798721,80.2272415161,39387,39448,61
13.0344495773,80.2304000854,39869,39978,109
13.0342102051,80.2371826172,40099,40130,31
13.0566101074,80.2425918579,40701,40741,40
13.0656404495,80.2435531616,40933,41034,101
13.0981903076,80.2145996094,42016,42077,61
13.0984697342,80.2139968872,42097,42178,81
13.0355701447,80.230430603,44819,44891,72
13.0269403458,80.2329177856,45095,45216,121
13.0069103241,80.2399520874,45789,45859,70
13.0065803528,80.2441635132,45970,46011,41
13.0066099167,80.2534332275,46202,46303,101
13.0065898895,80.2571029663,46364,46435,71
13.0067796707,80.2579574585,46525,46556,31
13.0065803528,80.2525787354,46717,46767,50
13.0342702866,80.2303695679,47824,47884,60
13.0345497131,80.233253479,48015,48046,31
13.0770397186,80.239730835,49215,49306,91
13.0763101578,80.2368621826,49397,49437,40
13.075750351,80.2341079712,49477,49508,31
13.1003303528,80.2145385742,50267,50318,51
13.0763998032,80.2371292114,54372,54412,40
13.0773000717,80.2408828735,54483,54523,40
13.0520401001,80.2409286499,55576,55680,104
13.0517396927,80.2406997681,55680,55731,51
13.0501403809,80.2404022217,55814,55914,100
13.0351896286,80.2302627563,56318,56399,81
13.0269403458,80.2329788208,56671,56742,71
13.0066604614,80.256980896,57670,57741,71
13.0019302368,80.2566833496,57852,57912,60
13.0004997253,80.2664794922,58879,59010,131
13.0008602142,80.2565231323,59748,59788,40
13.0246601105,80.2289428711,60934,60975,41
13.0259599686,80.2309036255,61015,61065,50
13.0293397903,80.2308807373,61156,61197,41
13.0343904495,80.2304000854,61297,61328,31
13.0346002579,80.2303619385,61344,61406,62
13.0343503952,80.2374725342,61558,61638,80
13.0444297791,80.2406997681,61891,61931,40
13.0525999069,80.2414474487,62151,62201,50
13.056599617,80.2426376343,62302,62343,41
13.0697898865,80.2421722412,62723,62765,42
13.0981798172,80.2146606445,63943,63993,50
13.1001996994,80.2145614624,64054,64094,40
13.0985898972,80.2140579224,64952,65002,50
13.0771398544,80.2402267456,65890,65930,40
13.0677995682,80.2428817749,66435,66526,91
13.0529098511,80.241897583,67169,67229,60
13.0357398987,80.230506897,67815,67875,60
13.027009964,80.2330093384,68188,68279,91
13.0268697739,80.2330932617,68289,68329,40
13.0249996185,80.2296295166,68471,68511,40
13.0071401596,80.2389373779,69051,69152,101
13.0069799423,80.2399215698,69172,69353,181
13.0066900253,80.2444992065,69505,69545,40
13.0065898895,80.256980896,70645,70696,51
13.0065402985,80.2521362305,70968,71039,71
13.0258703232,80.2308273315,71977,72078,101
13.0276603699,80.2309875488,72128,72189,61
13.0287303925,80.2308883667,72229,72270,41
13.0343704224,80.230430603,72391,72431,40
13.0340995789,80.2370834351,72562,72603,41
13.0979700089,80.2150115967,74639,74689,50
13.1002101898,80.2145614624,74760,74861,101
13.0763597488,80.2369232178,76088,76127,39
13.0691795349,80.2429504395,76582,76613,31
13.0354995728,80.2304534912,77567,77598,31
13.0066099167,80.2455368042,78608,78648,40
12.9969701767,80.2558822632,80978,81089,111
13.0066003799,80.2475509644,81501,81551,50
13.09897995,80.2413406372,85329,85511,182
13.050239563,80.2138137817,123,162,39
13.0485401154,80.2301101685,563,604,41
12.9977703094,80.2568664551,1732,1793,61
12.9975996017,80.2570266724,3692,3732,40
12.9976797104,80.2560882568,4693,4875,182
13.0492401123,80.20703125,13301,13473,172
12.9872503281,80.2585830688,16251,16291,40
13.0443296432,80.2293624878,17635,17736,101
13.0499200821,80.211807251,18393,18433,40
12.9975099564,80.2570571899,21095,21135,40
12.9976797104,80.2563171387,21469,21559,90
12.9877901077,80.2558517456,23518,23559,41
12.9005804062,80.2278900146,26745,26786,41
12.9064903259,80.2281723022,26916,26947,31
13.0074100494,80.2098388672,29301,29342,41
13.0107402802,80.212059021,29767,29827,60
13.0098495483,80.2113876343,29888,29968,80
13.0096998215,80.2113418579,29989,30049,60
12.9799604416,80.2525863647,32804,32844,40
12.9635601044,80.2467803955,33115,33155,40
12.9564800262,80.2436904907,33296,33337,41
12.9492702484,80.2408905029,33458,33599,141
12.8985900879,80.2279205322,34475,34506,31
12.8929004669,80.2274780273,34617,34698,81
12.8764600754,80.2267837524,37076,37129,53
12.8996896744,80.2277603149,37524,37643,119
12.9058103561,80.2280578613,37836,37886,50
12.9633197784,80.2465362549,38874,38945,71
13.0107097626,80.212097168,40932,41013,81
13.0101203918,80.2116012573,41043,41144,101
12.9636201859,80.2469024658,43557,43597,40
12.9068698883,80.2283782959,44374,44434,60
12.9024000168,80.2281188965,44485,44535,50
12.8764400482,80.2268218994,47370,47401,31
12.9004602432,80.2277297974,47734,47851,117
12.9062795639,80.2280197144,48038,48078,40
13.0102996826,80.2117385864,50853,50904,51
13.0101604462,80.2116622925,50904,50995,91
13.0097503662,80.2113037109,51025,51076,51
12.9915399551,80.2196578979,51873,51944,71
12.9813995361,80.2423171997,52637,52678,41
12.9573001862,80.2439422607,53089,53129,40
12.9570903778,80.243888855,53138,53170,32
12.9068498611,80.2283172607,53895,53926,31
12.9005899429,80.2277984619,57028,57089,61
12.948849678,80.2406005859,57856,57897,41
12.9813203812,80.2397384644,58490,58531,41
13.0097703934,80.2113571167,60043,60096,53
12.9975099564,80.2165298462,62093,62143,50
12.9876098633,80.2231216431,62444,62484,40
12.9832401276,80.2221603394,62585,62626,41
12.9799604416,80.2526321411,63371,63462,91
12.9564599991,80.2436294556,63886,63936,50
12.949139595,80.2408828735,64058,64108,50
12.9041996002,80.2282333374,64845,64906,61
12.898900032,80.2277832031,66735,66766,31
12.9065198898,80.2282333374,67006,67066,60
12.9470701218,80.2399520874,67792,67934,142
12.9487895966,80.2406387329,67974,68095,121
12.9632997513,80.2466125488,68368,68424,56
12.9812202454,80.2437591553,68830,68881,51
12.9959201813,80.2166366577,70280,70352,72
13.0058603287,80.2094802856,70675,70736,61
13.0072097778,80.2098617554,70776,70816,40
13.0135803223,80.2046203613,71089,71261,172
13.0099000931,80.211517334,71483,71594,111
12.983830452,80.2226333618,78114,78185,71
12.9799203873,80.2524414063,78940,78971,31
12.9563798904,80.2436676025,79334,79371,37
12.9806995392,80.2484664917,82963,83074,111
13.0091695786,80.2108306885,84508,84609,101
13.0093002319,80.2108688354,84609,84720,111
13.0093603134,80.2108764648,84720,84801,81
13.0093603134,80.2108383179,84801,84952,151
13.0093898773,80.2107696533,84952,85063,111
12.7863798141,80.2221679688,800,861,61
13.0342197418,80.2304077148,21792,21823,31
13.033249855,80.2305297852,21944,22045,101
13.0331802368,80.2303924561,23347,23519,172
12.9882898331,80.255859375,24829,24870,41
12.9650497437,80.2473373413,25170,25201,31
12.9070501328,80.2283630371,26008,26039,31
12.9018096924,80.2280197144,26130,26170,40
12.7861700058,80.2204818726,29387,29427,40
12.8387002945,80.2279281616,30152,30233,81
12.8390598297,80.2278289795,30233,30374,141
12.8761997223,80.2268981934,30849,30889,40
12.8973302841,80.2276382446,31262,31394,132
12.9004001617,80.2278366089,31485,31602,117
12.9061603546,80.2281494141,31836,31876,40
12.9064502716,80.2281570435,31886,31987,101
12.9474401474,80.2400512695,32674,32785,111
12.9476203918,80.2401123047,32785,32906,121
12.9562397003,80.243309021,33118,33179,61
12.979809761,80.2526168823,33843,33913,70
12.9848499298,80.2520904541,34368,34499,131
12.9851503372,80.2520294189,34509,34691,182
12.9878396988,80.2546691895,34842,34963,121
12.9960603714,80.2558822632,35195,35254,59
13.0056200027,80.2573013306,35506,35537,31
13.0065898895,80.252822876,35628,35698,70
13.0067195892,80.2519073486,35718,35789,71
13.0068302155,80.2496414185,35880,35940,60
13.0069503784,80.249420166,35957,36029,72
13.0067300797,80.2484207153,36059,36221,162
13.0066003799,80.24659729,36261,36383,122
13.0066299438,80.2456207275,36433,36504,71
13.0066299438,80.2452316284,36504,36564,60
13.0066003799,80.244468689,36605,36655,50
13.0065803528,80.2418136597,36726,36857,131
13.0066003799,80.2413787842,36877,36998,121
13.0222997665,80.2264328003,37575,37615,40
13.029250145,80.2308273315,37968,38029,61
13.0338897705,80.2304534912,38140,38241,101
13.0304203033,80.2307510376,39160,39200,40
13.0278596878,80.2323226929,39310,39350,40
13.0273399353,80.2328567505,39380,39411,31
13.0270795822,80.2329406738,39411,39492,81
13.0249795914,80.2295608521,39572,39633,61
13.0071401596,80.2390594482,40228,40298,70
13.0066699982,80.2572174072,40682,40742,60
13.0066900253,80.2573471069,40742,40773,31
13.0029802322,80.2568283081,40884,40944,60
13.0014600754,80.2566375732,40985,41045,60
12.9569702148,80.243812561,41912,41953,41
12.9566698074,80.2437133789,41963,42074,111
12.9076499939,80.2284698486,42799,42840,41
12.9070796967,80.2284011841,42850,42921,71
12.90143013,80.2277984619,43022,43062,40
12.899720192,80.2278594971,43102,43133,31
12.8455295563,80.2266769409,43746,43777,31
12.8399200439,80.2276687622,43847,43918,71
12.7862796783,80.2203903198,44562,44643,81
12.7861700058,80.2217407227,44673,44865,192
12.8394403458,80.227722168,46135,46176,41
12.9055595398,80.2281036377,46903,46953,50
12.9489002228,80.2406234741,47566,47617,51
12.9863195419,80.2516174316,48170,48252,82
12.9870700836,80.2584686279,48449,48591,142
12.9867601395,80.2586135864,48591,48673,82
12.9867095947,80.2587432861,48673,48724,51
12.9869499207,80.2584686279,49087,49269,182
12.9873199463,80.2585906982,49973,50056,83
12.9869298935,80.2586364746,50056,50117,61
12.9868202209,80.2585372925,59660,59741,81
12.986869812,80.2586135864,59741,59802,61
12.9868001938,80.2587127686,59832,59983,151
12.9867897034,80.2587432861,72919,73071,152
12.9867801666,80.2585678101,75847,75928,81
12.9868097305,80.2585067749,81744,81785,41
12.9867801666,80.2583236694,81785,81825,40
13.0755901337,80.2752075195,8154,8295,141
13.0758104324,80.2750778198,12631,12692,61
13.0757102966,80.2751312256,19250,19332,82
13.075969696,80.2759170532,24888,24939,51
13.0819196701,80.2752685547,25338,25388,50
13.0821199417,80.2755279541,25388,25419,31
13.0821304321,80.2757797241,25419,25469,50
13.081580162,80.2756195068,25651,25691,40
13.0066995621,80.245010376,27414,27445,31
12.9891300201,80.251159668,27666,27716,50
12.949259758,80.2408828735,28241,28272,31
12.8998003006,80.2279510498,28857,28888,31
12.8403596878,80.2275390625,29625,29685,60
12.8399801254,80.2276535034,29685,29746,61
12.7860498428,80.2202224731,33138,33179,41
12.8388595581,80.2278823853,33886,34007,121
12.8392400742,80.2277679443,34007,34067,60
12.9000997543,80.2277832031,34754,34936,182
12.9003295898,80.2276992798,34936,35007,71
12.9020395279,80.2278823853,35067,35098,31
12.9055204391,80.2281036377,35188,35229,41
12.9478702545,80.2401580811,35815,35905,90
12.9562397003,80.2432403564,36107,36138,31
12.9630403519,80.246383667,36239,36299,60
12.9631299973,80.2464828491,36299,36330,31
12.9794101715,80.2525405884,36552,36592,40
13.0242996216,80.2283477783,38550,38611,61
13.0311203003,80.2396697998,38884,38932,48
13.0680704117,80.2713012695,40038,40069,31
13.0761003494,80.2759399414,40312,40372,60
13.0818195343,80.275177002,40776,40917,141
13.0815000534,80.2756881714,42121,42162,41
13.0768404007,80.2762985229,42244,42291,47
13.0401000977,80.2472686768,43271,43312,41
13.0322904587,80.2425537109,43514,43554,40
13.0316801071,80.2411193848,43635,43675,40
13.0089797974,80.2292404175,44168,44218,50
13.0068798065,80.2397079468,44380,44441,61
13.0066699982,80.2430267334,44511,44562,51
12.956489563,80.2436904907,45397,45469,72
12.8396997452,80.2277526855,46961,47012,51
12.7957401276,80.2229309082,47496,47543,47
12.9064798355,80.2282104492,51723,51774,51
12.9488401413,80.2405700684,52206,52237,31
12.9632902145,80.2464599609,52449,52500,51
13.0713996887,80.2740631104,54992,55023,31
13.0814599991,80.2750930786,55154,55285,131
13.0820198059,80.2755889893,55315,55366,51
13.0815200806,80.2756576538,55517,55568,51
13.071969986,80.2747879028,55757,55788,31
13.0067300797,80.2473831177,57706,57746,40
12.9884700775,80.2513427734,57958,57989,31
12.9718399048,80.2499465942,58262,58330,68
12.9565696716,80.2435913086,58512,58552,40
12.7861795425,80.2219696045,60544,60706,162
12.7862501144,80.2219467163,61393,61504,111
12.831410408,80.2292785645,62118,62209,91
12.8392496109,80.2277374268,62310,62350,40
12.956319809,80.2434234619,63790,63821,31
12.9784202576,80.252281189,64134,64235,101
12.9840698242,80.2523193359,64315,64346,31
13.0387601852,80.2467803955,66220,66261,41
13.0811195374,80.275100708,67381,67492,111
13.0820999146,80.2756729126,67562,67744,182
13.0818595886,80.2781219482,67845,67904,59
13.0816602707,80.2763977051,67954,67995,41
13.0815296173,80.2758865356,68005,68085,80
13.068400383,80.2718582153,68398,68467,69
13.0493402481,80.249786377,69215,69265,50
13.0474100113,80.2487792969,69366,69427,61
13.0250301361,80.2296600342,70113,70166,53
13.0144100189,80.2261581421,70418,70449,31
13.0066699982,80.2460632324,70871,70931,60
12.9133300781,80.2293014526,72516,72566,50
12.901049614,80.2279968262,72718,72839,121
12.7861795425,80.220413208,74179,74210,31
12.786239624,80.2219161987,74735,74816,81
12.786190033,80.2207794189,74856,74896,40
12.786239624,80.2204437256,74896,74937,41
12.8395004272,80.2276992798,75679,75741,62
12.8994398117,80.2277374268,76314,76375,61
12.9798002243,80.2526779175,77484,77522,38
12.9870195389,80.2515182495,77583,77664,81
13.0814599991,80.2751235962,79607,79678,71
13.1040201187,80.2759933472,43847,44041,194
13.1004199982,80.2149810791,45500,45551,51
13.099650383,80.1707000732,46678,46728,50
13.1181697845,80.1496963501,48478,48518,40
13.0983104706,80.1809616089,49335,49395,60
13.0984296799,80.1815414429,49405,49446,41
13.0985803604,80.1824417114,49506,49607,101
13.098449707,80.2422485352,50837,50927,90
13.0987300873,80.241897583,50937,51068,131
13.0989103317,80.241317749,52381,52451,70
13.0996799469,80.2597427368,53012,53062,50
13.1045799255,80.2760391235,53627,53667,40
13.0984201431,80.2349014282,55437,55469,32
13.1004896164,80.2147293091,55885,55945,60
13.099650383,80.186340332,56598,56629,31
13.0995197296,80.1710891724,56927,56959,32
13.1160802841,80.1479110718,57646,57683,37
13.1198596954,80.1499633789,58995,59046,51
13.1014699936,80.1624984741,59620,59651,31
13.0998001099,80.169921875,59782,59872,90
13.0996704102,80.1709136963,59903,59943,40
13.0982999802,80.1809921265,60134,60165,31
13.0975704193,80.2415771484,62108,62165,57
13.1039600372,80.2732696533,63176,63216,40
13.1057195663,80.2795562744,63388,63458,70
13.0993995667,80.2597579956,64597,64628,31
13.0973300934,80.2593612671,64707,64738,31
13.0972900391,80.2425994873,65172,65240,68
13.098400116,80.2350769043,65423,65481,58
13.1027202606,80.2088775635,66096,66157,61
13.1010599136,80.1900177002,66560,66610,50
13.0995597839,80.1859970093,66721,66752,31
13.0985803604,80.1824417114,66863,66943,80
13.0983495712,80.1814575195,66984,67034,50
13.0981302261,80.1751098633,67135,67175,40
13.099650383,80.1706008911,67256,67306,50
13.0997200012,80.1698303223,67336,67385,49
13.1062498093,80.1522979736,67889,67949,60
13.1069202423,80.1522827148,67979,68010,31
13.1086196899,80.1522598267,68080,68111,31
13.110619545,80.1519165039,68181,68221,40
13.1116895676,80.1511230469,68262,68302,40
13.1217899323,80.1479415894,68685,68726,41
13.1306400299,80.1590118408,69088,69189,101
13.1312904358,80.160697937,69240,69280,40
13.0996704102,80.1864776611,71941,71982,41
13.1007099152,80.2144622803,72656,72694,38
13.0972099304,80.2597579956,76164,76204,40
13.1004104614,80.2147979736,77313,77413,100
13.09953022,80.171081543,78442,78482,40
13.0996198654,80.1704406738,78502,78603,101
13.0996599197,80.169960022,78613,78654,41
13.1307001114,80.1592178345,79652,79803,151
13.1311998367,80.1606826782,80075,80136,61
13.1305303574,80.1589813232,80176,80247,71
13.0988903046,80.2413024902,82358,82449,91
13.0757198334,80.2751998901,18,69,51
13.0760297775,80.2746429443,10257,10298,41
12.8996896744,80.227897644,18590,18631,41
12.7862997055,80.2203826904,19840,19871,31
12.7865800858,80.2204437256,20577,20648,71
12.9874801636,80.2513885498,22869,22909,40
13.081489563,80.2751312256,24616,24647,31
13.0826702118,80.2780532837,25182,25242,60
13.081609726,80.2758407593,25404,25455,51
13.0815200806,80.2754516602,25465,25496,31
13.0201597214,80.2249069214,26756,26795,39
13.006939888,80.2398986816,27125,27176,51
12.9881601334,80.251373291,27587,27699,112
12.8927602768,80.2274932861,29140,29180,40
12.8408498764,80.2274475098,29874,29935,61
12.8403997421,80.2276000977,29955,30005,50
12.8400096893,80.227722168,30015,30056,41
12.7910203934,80.2219619751,32285,32426,141
12.83934021,80.2277526855,33120,33191,71
12.8530397415,80.2266082764,33392,33449,57
12.898850441,80.2277297974,33996,34056,60
12.9063997269,80.2281799316,34298,34329,31
12.9465303421,80.2396316528,34912,35064,152
12.9785804749,80.2523422241,35679,35841,162
13.0059204102,80.2471008301,36598,36638,40
13.0060501099,80.2470321655,36647,36739,92
13.0062799454,80.2467422485,36749,36800,51
13.0066404343,80.243927002,36971,37072,101
13.0111999512,80.2237930298,37315,37355,40
13.0223999023,80.2265701294,37689,37729,40
13.0260095596,80.2313079834,37994,38044,50
13.0310001373,80.2395172119,38266,38317,51
13.0712099075,80.2743377686,39526,39587,61
13.076089859,80.275970459,39668,39859,191
13.0762701035,80.2759628296,39859,39900,41
13.0764904022,80.2759628296,39910,39960,50
13.0763702393,80.2759170532,39960,40001,41
13.0804796219,80.2752075195,40091,40142,51
13.0820398331,80.2754135132,40182,40213,31
13.081580162,80.2756500244,40865,40945,80
13.0398397446,80.2471923828,42048,42108,60
13.0316295624,80.2412719727,42310,42350,40
13.0316495895,80.2409973145,42350,42381,31
13.0090703964,80.2293014526,42964,43045,81
13.0071001053,80.2390594482,43297,43338,41
13.0069198608,80.2399368286,43358,43428,70
12.9888095856,80.2511672974,43921,44121,200
12.9567499161,80.243850708,44603,44635,32
12.9075098038,80.2284088135,45331,45392,61
12.9010601044,80.2279891968,45462,45571,109
12.7219696045,80.1875305176,48923,49034,111
12.9007396698,80.2278213501,50991,51062,71
12.9795303345,80.2525863647,52130,52161,31
12.9866104126,80.2516021729,52251,52332,81
13.080909729,80.2751693726,54770,54871,101
13.0719499588,80.2747421265,56324,56355,31
13.032699585,80.242980957,57495,57556,61
13.0326700211,80.2428817749,57556,57616,60
13.0323600769,80.2425308228,57627,57697,70
13.0313596725,80.2405395508,57748,57818,70
12.9888601303,80.2511901855,58694,58876,182
12.9566698074,80.2437362671,59351,59423,72
12.9182701111,80.2299575806,59979,60059,80
12.9074497223,80.2284317017,60211,60271,60
12.7221899033,80.1876068115,63267,63328,61
12.7852602005,80.2198486328,64094,64134,40
12.7856397629,80.2200698853,64144,64195,51
12.8394002914,80.2277603149,64892,64932,40
12.8546104431,80.2264862061,65184,65245,61
12.9046497345,80.2281188965,65951,66002,51
12.9460201263,80.2394485474,66677,66738,61
12.948220253,80.2403411865,66837,66928,91
13.0105695724,80.2252197266,68712,68783,71
13.0258903503,80.2309265137,69264,69357,93
13.0606403351,80.2611694336,70196,70227,31
13.071439743,80.2741928101,70598,70659,61
13.0819997787,80.2758102417,70871,70921,50
13.082449913,80.2785797119,71052,71093,41
13.0816001892,80.275932312,71234,71274,40
13.0752096176,80.2748336792,75060,75111,51
13.0751600266,80.274887085,75111,75232,121
13.075220108,80.2748565674,75434,75525,91
13.0751399994,80.2749023438,75525,75585,60
13.075220108,80.2747879028,76494,76595,101
13.0752296448,80.2748794556,76595,76756,161
13.0750598907,80.2751922607,76767,76908,141
13.0751600266,80.274848938,76908,77049,141
13.0750398636,80.2750015259,77049,77090,41
13.0751199722,80.2750473022,84047,84209,162
13.0267496109,80.2657699585,21,182,161
13.026599884,80.2658004761,192,223,31
13.0266799927,80.2657623291,364,404,40
13.0264902115,80.2662277222,1000,1050,50
13.0267696381,80.2659225464,1080,1111,31
13.0264596939,80.2658004761,1666,1716,50
13.0267896652,80.2659378052,1847,1878,31
13.0273103714,80.2658233643,1968,2019,51
13.0266103745,80.2649230957,2049,2150,101
13.0270595551,80.2655105591,2150,2191,41
13.0268201828,80.2653579712,2191,2271,80
13.0267095566,80.2657012939,2271,2402,131
13.0266103745,80.2658462524,2402,2544,142
13.02684021,80.2655792236,2544,2635,91
13.0264902115,80.2656784058,2635,2726,91
13.0263900757,80.2659683228,7471,7531,60
13.0275201797,80.2652435303,7743,7874,131
13.0267000198,80.2657470703,8238,8278,40
13.02684021,80.2652816772,8339,8389,50
13.0266199112,80.2659378052,8672,8803,131
13.0266895294,80.2656707764,8954,9035,81
13.0267000198,80.2655792236,9419,9530,111
13.0064296722,80.2574996948,23868,23928,60
13.006649971,80.2519607544,24019,24059,40
13.006939888,80.2401123047,25904,25965,61
13.0067100525,80.2572631836,26197,26278,81
13.0067195892,80.2489471436,27677,27727,50
13.0066404343,80.2475280762,27778,27869,91
13.0341501236,80.2304534912,28656,28696,40
13.0342102051,80.2300109863,29665,29706,41
13.0291500092,80.23072052,29827,30016,189
13.0331897736,80.2678985596,32097,32297,200
13.0332803726,80.2678604126,32317,32408,91
13.0260896683,80.2655181885,32550,32742,192
13.0185604095,80.2609176636,32762,32893,131
13.0099201202,80.2592391968,32893,32974,81
13.0066995621,80.2488937378,33529,33619,90
13.0151996613,80.225227356,34346,34505,159
13.0207796097,80.2252120972,34536,34677,141
13.022359848,80.2264175415,34697,34879,182
13.0242099762,80.2278137207,34889,35010,121
13.0251998901,80.2295608521,35040,35141,101
13.0289402008,80.2312011719,35182,35263,81
13.0346002579,80.2300033569,35371,35402,31
13.0345201492,80.2300186157,35402,35451,49
13.0343904495,80.2300186157,35462,35501,39
13.0345001221,80.2300491333,35501,35553,52
13.0274200439,80.2328796387,36169,36209,40
13.0082998276,80.2334899902,36724,36774,50
13.0069999695,80.2399520874,37047,37127,80
13.0069704056,80.2398376465,37127,37218,91
13.0345401764,80.2681427002,38510,38541,31
13.0343503952,80.2680664063,38541,38572,31
13.0332403183,80.2678375244,38602,38652,50
13.033200264,80.267616272,38662,38753,91
13.0331697464,80.2676696777,38862,38912,50
13.0331697464,80.2677536011,38943,39135,192
13.0299396515,80.26587677,39296,39357,61
13.0263204575,80.2660217285,39458,39518,60
13.0067501068,80.2496109009,40093,40222,129
13.0332803726,80.2305603027,41454,41494,40
13.0340204239,80.2304229736,41524,41575,51
13.0341396332,80.2302093506,42059,42130,71
13.0291404724,80.2309112549,42251,42322,71
13.0272598267,80.2329177856,42400,42481,81
13.0069103241,80.2400436401,43147,43218,71
13.0066404343,80.2431716919,43288,43319,31
13.0336503983,80.267791748,44396,44427,31
13.0344295502,80.2680130005,44457,44507,50
13.0334596634,80.2679595947,44538,44588,50
13.0332098007,80.2677993774,44588,44689,101
13.0332298279,80.2677764893,44709,44750,41
13.033249855,80.2678222656,44750,44871,121
13.0066299438,80.2479171753,45980,46152,172
13.0066995621,80.2460174561,46152,46252,100
13.0341701508,80.2303466797,47150,47207,57
13.0343999863,80.2297286987,47270,47372,102
13.0069303513,80.2397613525,48271,48341,70
13.0066099167,80.245010376,48462,48493,31
13.0311403275,80.2668609619,49416,49464,48
13.0315904617,80.2670135498,49472,49525,53
13.0344200134,80.2683334351,49818,49858,40
13.0334997177,80.2679595947,49939,49989,50
13.0326004028,80.2677612305,50009,50040,31
13.0321998596,80.2673187256,50060,50101,41
13.0268497467,80.2658004761,50185,50236,51
13.0266199112,80.265663147,50256,50367,111
13.026599884,80.2655563354,50387,50427,40
13.0266399384,80.265586853,51164,51225,61
13.0266399384,80.2655563354,51225,51295,70
13.0265102386,80.2654571533,51295,51336,41
13.0266704559,80.2655410767,51336,51376,40
13.0331096649,80.2677307129,52060,52111,51
13.0329904556,80.2677078247,52151,52211,60
13.0066795349,80.2576980591,52732,52794,62
13.0065097809,80.25340271,52875,52915,40
13.0066604614,80.2469177246,53086,53117,31
13.029129982,80.2308502197,53954,53985,31
13.0347499847,80.2297821045,54196,54247,51
13.0347299576,80.2297210693,54247,54308,61
13.0347003937,80.2297668457,54378,54419,41
13.0066204071,80.2571182251,55779,55850,71
13.0179901123,80.2601776123,56041,56072,31
13.0290603638,80.2651672363,56423,56473,50
13.0297403336,80.2666931152,56554,56605,51
13.0357303619,80.268119812,57684,57735,51
13.0337200165,80.2677688599,57906,57947,41
13.0066299438,80.2574768066,58561,58592,31
13.0071697235,80.2538833618,58814,58905,91
13.0072898865,80.248260498,58944,58985,41
13.0259304047,80.2308578491,59770,59802,32
13.034119606,80.23021698,60213,60264,51
13.0340595245,80.230140686,60284,60375,91
13.0341596603,80.2302398682,60375,60516,141
13.0068798065,80.2500762939,61735,61806,71
13.0230798721,80.2639083862,62310,62351,41
13.0253400803,80.2653503418,62411,62442,31
13.0343599319,80.2680130005,62956,63020,64
13.0346403122,80.2680664063,63041,63092,51
13.0335903168,80.267906189,63142,63223,81
13.0337200165,80.2677230835,63233,63304,71
13.0337696075,80.2677612305,63304,63364,60
13.0337200165,80.2679367065,63374,63566,192
13.0337200165,80.267868042,63566,63607,41
13.0337095261,80.2678985596,63616,63647,31
13.0338497162,80.2678604126,63687,63718,31
13.0337200165,80.267906189,63748,63818,70
13.0263004303,80.2659988403,65148,65219,71
13.0254096985,80.2654571533,65249,65280,31
13.0187797546,80.2618637085,65469,65500,31
13.0066299438,80.257850647,65813,65863,50
13.0065698624,80.2532272339,65964,65995,31
13.0064697266,80.2531661987,65995,66075,80
13.0069599152,80.2490997314,66124,66295,171
13.0289096832,80.2304382324,67516,67658,142
13.0316696167,80.2307434082,67708,67769,61
13.0344800949,80.2301864624,67829,67910,81
13.0343799591,80.2290725708,67930,68001,71
13.0331201553,80.2308731079,68667,68738,71
13.0270795822,80.2329177856,68907,68968,61
13.0239601135,80.2283401489,69210,69281,71
13.0145397186,80.2261505127,69432,69482,50
13.0065402985,80.2464828491,70068,70208,140
13.0066003799,80.2569198608,70270,70320,50
13.0061702728,80.256942749,70340,70371,31
13.0076398849,80.2586593628,70391,70451,60
13.02684021,80.2633972168,70804,70863,59
13.0293798447,80.2646636963,70863,70903,40
13.0320100784,80.2674789429,71015,71065,50
13.0332603455,80.2679214478,71237,71307,70
13.0330696106,80.2677383423,71317,71348,31
13.0331001282,80.267791748,71731,71923,192
13.0263700485,80.2658996582,72135,72322,187
13.006480217,80.253036499,72726,72767,41
13.0065202713,80.2527008057,72767,72827,60
13.009180069,80.2270431519,73231,73372,141
13.0261697769,80.2314376831,73682,73736,54
13.0291700363,80.230796814,73756,73787,31
13.0340795517,80.2299880981,74370,74411,41
13.0341796875,80.2301864624,74421,74582,161
13.034119606,80.2302780151,74592,74633,41
13.0334796906,80.2295303345,74685,74790,105
13.0270996094,80.2330169678,74881,75073,192
13.033490181,80.2678833008,76514,76554,40
13.034239769,80.2299423218,78204,78284,80
13.034119606,80.2301483154,78294,78335,41
13.0268802643,80.2329864502,78555,78595,40
13.0198802948,80.2624969482,79449,79480,31
13.0262804031,80.2653808594,82718,82849,131
13.0267400742,80.2658996582,86161,86201,40
13.0267000198,80.2657012939,86201,86272,71
12.9969100952,80.2572174072,1955,2046,91
12.9970703125,80.2571563721,2046,2198,152
12.9969701767,80.2569885254,7421,7583,162
12.9969701767,80.2571334839,8704,8845,141
12.9968299866,80.2571487427,14685,14856,171
12.9969997406,80.2570114136,19503,19584,81
12.9969501495,80.256980896,19584,19675,91
12.9969596863,80.2571182251,28835,28936,101
12.9968500137,80.2570571899,29986,30158,172
12.9968700409,80.2571182251,30158,30259,101
12.9969396591,80.2571182251,30259,30360,101
12.9968795776,80.2570571899,30603,30675,72
12.9968996048,80.2571487427,31372,31433,61
12.9969501495,80.2571487427,37545,37635,90
12.9968395233,80.2572174072,39999,40110,111
12.997010231,80.2571105957,48765,48927,162
12.9970998764,80.2571182251,50149,50240,91
12.9969501495,80.2571563721,61806,61846,40
12.9968595505,80.2571029663,73481,73653,172
13.0066299438,80.2476577759,21334,21394,60
13.0348300934,80.2303695679,22190,22362,172
13.0067501068,80.257270813,24220,24251,31
13.0344400406,80.2679901123,24893,24933,40
13.0065202713,80.2576065063,26146,26197,51
13.0065097809,80.2573394775,26197,26258,61
13.0066604614,80.2474365234,26382,26453,71
13.0348100662,80.2302703857,27304,27355,51
13.0071201324,80.2392272949,29507,29577,70
13.0066995621,80.2451171875,29709,29749,40
13.0067996979,80.2511062622,29891,29931,40
13.0065097809,80.2576675415,32011,32112,101
13.0067396164,80.250289917,32244,32304,60
13.0066404343,80.248588562,32365,32456,91
13.0066299438,80.2483825684,32456,32577,121
13.0065803528,80.2468032837,32617,32648,31
13.0066003799,80.2411193848,32759,32830,71
13.0240602493,80.2280578613,33446,33496,50
13.0259399414,80.2307434082,33577,33627,50
13.0347499847,80.2302398682,33837,33868,31
13.0341901779,80.2303085327,34444,34485,41
13.0143499374,80.2262496948,35080,35122,42
13.0088100433,80.2305603027,35314,35364,50
13.0082902908,80.2334289551,35476,35556,80
13.0068798065,80.2509765625,35890,35940,50
13.0067100525,80.2571563721,36011,36152,141
13.0164699554,80.2597427368,36506,36586,80
13.025970459,80.2657699585,36837,36897,60
13.0264101028,80.2659301758,37947,38018,71
13.0065202713,80.252456665,38552,38632,80
13.0067396164,80.2505874634,38693,38812,119
13.0068101883,80.2502365112,38812,38883,71
13.0067195892,80.2493209839,38923,39034,111
13.0242996216,80.2283477783,39981,40031,50
13.0292797089,80.230796814,40263,40314,51
13.0336799622,80.2304916382,40445,40492,47
13.0345697403,80.2300415039,40574,40756,182
13.0322504044,80.2306213379,40837,40928,91
13.0298204422,80.2308197021,41069,41106,37
13.0277204514,80.2311096191,41147,41188,41
13.0278701782,80.232711792,41260,41394,134
13.0082502365,80.233581543,41849,41899,50
13.0072002411,80.2386627197,41980,42081,101
13.006939888,80.239982605,42101,42202,101
13.0066900253,80.2570724487,42627,42663,36
13.029299736,80.2643508911,43218,43249,31
13.0066795349,80.2485275269,44732,44823,91
13.0283203125,80.2309417725,45630,45670,40
13.0290203094,80.2308807373,45690,45751,61
13.0348501205,80.2302398682,45852,45923,71
13.0343103409,80.2304611206,46822,46862,40
13.0298204422,80.2308425903,46953,46993,40
13.0269098282,80.2329788208,47114,47153,39
13.0069904327,80.239616394,47706,47747,41
13.0065498352,80.2568130493,48140,48171,31
13.0164203644,80.2597198486,48342,48373,31
13.031999588,80.2672119141,48979,49019,40
13.03262043,80.2675933838,49029,49069,40
13.033200264,80.2677536011,49100,49191,91
13.0344104767,80.2679977417,49221,49312,91
13.0336503983,80.2679290771,49383,49433,50
13.0332603455,80.267868042,49433,49514,81
13.032790184,80.2677688599,49524,49585,61
13.0267095566,80.2657165527,50796,50968,172
13.0333595276,80.2678375244,51411,51444,33
13.0263996124,80.2660064697,51676,51716,40
13.0066204071,80.2518310547,52364,52444,80
13.0066099167,80.2477035522,52525,52606,81
13.0259504318,80.2308807373,53319,53359,40
13.0342998505,80.2304534912,53561,53602,41
13.034529686,80.2297821045,53683,53814,131
13.0341997147,80.2299423218,53824,53996,172
13.0066404343,80.2570800781,55055,55136,81
13.0317897797,80.2671432495,55782,55833,51
13.0321397781,80.267288208,55833,55932,99
13.0325098038,80.2674636841,55932,56033,101
13.0327596664,80.2676773071,56043,56164,121
13.0333099365,80.267829895,56174,56224,50
13.0336904526,80.2678909302,56224,56346,122
13.034070015,80.2679595947,56356,56396,40
13.0364303589,80.2677001953,56457,56517,60
13.0341396332,80.2679367065,56819,56850,31
13.0333900452,80.2678527832,56881,56931,50
13.0263700485,80.2660217285,57093,57151,58
13.0187501907,80.2615814209,57455,57505,50
13.0065603256,80.257598877,57919,58000,81
13.0065002441,80.2526397705,58101,58172,71
13.0073604584,80.2370986938,58505,58545,40
13.0345697403,80.2303924561,59372,59433,61
13.0341501236,80.2303085327,60594,60625,31
13.0253801346,80.2301025391,60938,60998,60
13.0069198608,80.2497024536,61766,61816,50
13.0067195892,80.2573165894,61968,62047,79
13.0291900635,80.2663574219,62653,62693,40
13.0314903259,80.2669830322,63471,63521,50
13.0304899216,80.2667007446,63572,63612,40
13.0299196243,80.2666473389,63622,63653,31
13.0266199112,80.2660217285,63740,63782,42
13.0161800385,80.2597427368,64165,64205,40
13.0065097809,80.2526016235,64548,64599,51
13.0066204071,80.2481994629,64680,64750,70
13.0290603638,80.2309188843,65863,65904,41
13.0300197601,80.2308197021,65934,66055,121
13.0345401764,80.2304000854,66146,66187,41
13.0308704376,80.2307662964,67025,67065,40
13.0081701279,80.2338104248,67891,67932,41
13.007060051,80.2394485474,68103,68144,41
13.0070199966,80.2398300171,68154,68285,131
13.0066900253,80.2452926636,68376,68417,41
13.0066900253,80.2573776245,68659,68800,141
13.0195198059,80.2620773315,69084,69151,67
13.0254402161,80.2655410767,69242,69282,40
13.0292301178,80.2659683228,69492,69553,61
13.0291795731,80.2663574219,69553,69603,50
13.0263996124,80.2660217285,71280,71340,60
13.006480217,80.2577514648,71823,71955,132
13.0064601898,80.2554397583,72005,72096,91
13.006529808,80.2520294189,72197,72237,40
13.0257396698,80.2305374146,73215,73274,59
13.0344104767,80.2303771973,73487,73547,60
13.0346498489,80.2303009033,73557,73608,51
13.034910202,80.2298278809,73658,73699,41
13.034119606,80.2301864624,74214,74254,40
13.0269603729,80.2329864502,74567,74618,51
13.0069198608,80.2400436401,75212,75293,81
13.0066204071,80.2571563721,75606,75646,40
13.0343904495,80.2680587769,76471,76562,91
13.0344295502,80.2682037354,76572,76663,91
13.0296602249,80.2666702271,76774,76845,71
13.0261802673,80.2664337158,77499,77560,61
13.0265302658,80.266242981,77831,77891,60
13.0145797729,80.2256622314,2143,2305,162
13.0141296387,80.2253875732,18938,19130,192
13.0142297745,80.2253112793,19130,19291,161
13.0143203735,80.2253799438,19291,19473,182
13.0142202377,80.2252578735,19473,19655,182
13.0142402649,80.2260284424,19695,19726,31
13.0343704224,80.2297668457,20259,20320,61
13.0342197418,80.2303085327,20340,20380,40
13.0080299377,80.2132263184,21037,21077,40
12.9232196808,80.1204376221,23624,23655,31
12.9171600342,80.1931533813,25944,25975,31
12.9319295883,80.2032928467,26290,26336,46
12.9752197266,80.2205963135,26943,27014,71
12.9761800766,80.2212371826,27044,27085,41
12.9905395508,80.2202911377,27346,27377,31
13.0079097748,80.2130737305,27751,27791,40
13.034819603,80.2299118042,28376,28568,192
13.0343704224,80.2299118042,29275,29366,91
13.0344696045,80.2297973633,29366,29437,71
13.034239769,80.2302017212,29810,29841,31
13.0269002914,80.232963562,30043,30103,60
13.0084600449,80.2134780884,30727,30778,51
13.0082597733,80.2133789063,30778,30839,61
12.9973897934,80.2162780762,31061,31142,81
12.9755001068,80.2209396362,31636,31687,51
12.9227600098,80.1522369385,33402,33443,41
12.9202604294,80.1836013794,35572,35642,70
12.9177999496,80.1893005371,35774,35824,50
12.917719841,80.1896820068,35824,35865,41
12.9174995422,80.191116333,35915,36016,101
12.9173202515,80.1924285889,36067,36107,40
12.9172201157,80.1931533813,36147,36208,61
12.9234304428,80.1973800659,36370,36410,40
13.0338802338,80.230506897,50354,50394,40
13.0348701477,80.2298431396,50435,50485,50
13.02684021,80.233001709,51030,51101,71
13.0230998993,80.2274780273,51212,51243,31
13.0341300964,80.2299728394,59083,59225,142
13.0269403458,80.233001709,59446,59507,61
13.0080404282,80.2132797241,60131,60192,61
12.9225301743,80.1434631348,65448,65488,40
12.9171800613,80.1928787231,66183,66355,172
12.9752397537,80.220703125,67559,67599,40
12.9756202698,80.2209472656,67630,67670,40
12.9759597778,80.2211990356,67690,67731,41
12.9943399429,80.2175064087,68213,68244,31
12.9962100983,80.2166213989,68284,68324,40
13.0254001617,80.2298965454,69141,69191,50
13.0280799866,80.2310180664,69403,69585,182
13.0289001465,80.2309112549,69616,69706,90
13.0347204208,80.2300033569,69919,69979,60
13.0341901779,80.2302474976,70717,70757,40
13.0269298553,80.2330627441,71009,71191,182
13.0081501007,80.2133789063,72018,72058,40
12.99958992,80.2144165039,72300,72371,71
12.9974098206,80.2162628174,72422,72482,60
12.9759597778,80.2213287354,73088,73119,31
12.9754400253,80.2209701538,73169,73210,41
12.9199399948,80.1829376221,74491,74532,41
12.9226303101,80.1520080566,74964,75015,51
12.9223899841,80.1434707642,75126,75166,40
12.9232597351,80.1209182739,75661,75780,119
12.9823102951,80.2218017578,77882,77973,91
13.0141897202,80.225692749,78818,78919,101
12.9985303879,80.2572097778,2136,2247,111
12.9985303879,80.2570800781,6272,6333,61
12.9986400604,80.2570571899,6363,6400,37
12.9479799271,80.2402114868,29564,29604,40
12.9811897278,80.2444229126,30398,30447,49
13.0100297928,80.2114715576,32417,32497,80
13.0098600388,80.2115325928,32558,32628,70
13.0098400116,80.2112503052,32628,32699,71
13.0097703934,80.2114181519,32739,32800,61
13.0099201202,80.2115478516,32850,32911,61
13.0098400116,80.2115402222,33234,33405,171
13.0095701218,80.2110824585,33456,33506,50
13.0092601776,80.2111816406,33516,33557,41
12.9976501465,80.2165679932,34293,34384,91
12.9763002396,80.2218017578,34999,35060,61
12.9808301926,80.2487487793,35683,35754,71
12.9801902771,80.2526626587,35845,35945,100
12.9801197052,80.2525863647,35945,35976,31
12.9650402069,80.2474212646,36208,36248,40
12.9046297073,80.2281570435,37294,37415,121
12.8953800201,80.2276916504,37677,37716,39
12.8943796158,80.2276077271,37746,37807,61
12.8935203552,80.2275619507,37827,37897,70
12.8926000595,80.2274398804,37928,37978,50
12.8765096664,80.2269134521,38250,38281,31
12.8771896362,80.2222900391,39158,39249,91
12.9065103531,80.2282028198,39814,39874,60
12.9633102417,80.2465286255,40792,40863,71
12.9842596054,80.222618103,42033,42080,47
13.0133304596,80.2039337158,42835,42866,31
13.0092496872,80.2112121582,43188,43277,89
12.9760799408,80.2218475342,44347,44378,31
12.9799404144,80.252571106,44901,44952,51
12.8931503296,80.2275238037,46422,46463,41
12.8745002747,80.2097473145,47209,47240,31
12.9005002975,80.2277908325,47724,47855,131
13.0112400055,80.2124023438,50816,50866,50
13.0110797882,80.2124023438,51915,52046,131
13.0096197128,80.2111434937,52876,53025,149
12.9799499512,80.252571106,54739,54848,109
12.9564695358,80.243637085,55239,55300,61
12.9066495895,80.2283096313,55967,56018,51
12.875120163,80.2096786499,56815,56855,40
12.8748197556,80.2098007202,56865,56916,51
12.874710083,80.2098922729,57380,57420,40
12.8746204376,80.2099914551,57420,57481,61
12.8745498657,80.2098388672,57491,57531,40
12.8749399185,80.2099609375,57551,57592,41
12.8748102188,80.2098693848,57662,57702,40
12.905380249,80.2281036377,58487,58538,51
12.9486703873,80.2404708862,59335,59375,40
12.9814500809,80.2212219238,60707,60747,40
13.0099000931,80.2116622925,61986,62057,71
13.0099401474,80.2113494873,62198,62289,91
13.0099201202,80.2116699219,62299,62369,70
13.0098896027,80.2113418579,62369,62410,41
13.0099201202,80.2113571167,62601,62632,31
13.0096702576,80.2113113403,62662,62712,50
13.0093202591,80.211151123,62712,62743,31
12.998000145,80.2165985107,63441,63501,60
12.9764099121,80.2217330933,64248,64287,39
12.9651603699,80.2473678589,65025,65065,40
12.9518299103,80.2416763306,65325,65356,31
12.9398403168,80.2358932495,65598,65648,50
12.9070301056,80.2283172607,66172,66333,161
12.9016399384,80.2281417847,66444,66562,118
12.8992900848,80.2280502319,66613,66664,51
12.8747797012,80.2100219727,67395,67576,181
12.8747797012,80.2099380493,67576,67718,142
12.8748102188,80.2099609375,67728,67789,61
12.8746795654,80.2099380493,67799,67870,71
12.8747701645,80.2099227905,67890,67930,40
12.8990802765,80.2277069092,68657,68758,101
12.9480695724,80.240272522,69653,69744,91
12.9633998871,80.2465362549,70007,70168,161
12.981300354,80.2431335449,70570,70610,40
12.9943704605,80.2174606323,71576,71607,31
13.0094499588,80.2112579346,72472,72533,61
13.0093297958,80.2111663818,72543,72634,91
13.0092897415,80.21118927,72644,72725,81
13.0092802048,80.2111129761,72735,72795,60
13.0094203949,80.2113037109,72795,72896,101
13.0094003677,80.2111663818,72896,72936,40
13.0093698502,80.2111206055,73027,73219,192
13.0095701218,80.2111587524,73259,73350,91
12.9831600189,80.2222137451,74524,74555,31
12.9763298035,80.2217788696,74695,74726,31
12.9798603058,80.2526168823,75259,75329,70
12.900970459,80.2281112671,76751,76882,131
12.9005899429,80.2278671265,78185,78245,60
12.9075803757,80.2282333374,78386,78578,192
12.9630498886,80.246421814,79335,79375,40
13.0071401596,80.2097396851,80866,80917,51
13.0078897476,80.2091522217,80967,81048,81
13.0079298019,80.2092895508,81058,81149,91
12.997710228,80.2569122314,82540,82641,101
12.9977197647,80.2569122314,82641,82681,40
12.9977197647,80.2574234009,82712,82782,70
12.9976797104,80.2571868896,82782,82823,41
12.9979896545,80.2565002441,82853,82994,141
12.9979496002,80.2562179565,83004,83125,121
12.9980602264,80.2564697266,85446,85567,121
12.9882001877,80.2237091064,33234,33266,32
12.9882602692,80.2236480713,72604,72755,151
12.9871902466,80.2590179443,3878,3979,101
12.9869403839,80.2591629028,5454,5615,161
12.9871797562,80.2590789795,19917,19958,41
12.9492397308,80.1851730347,22240,22281,41
12.9499597549,80.2356262207,22776,22856,80
12.9877796173,80.2553863525,23463,23503,40
12.9873895645,80.2589569092,23564,23685,121
12.9872903824,80.2593002319,23685,23726,41
12.987159729,80.2590866089,25270,25311,41
12.9565896988,80.2436294556,25836,25906,70
12.9387903214,80.1295928955,27552,27603,51
12.9375495911,80.128578186,27643,27704,61
12.929400444,80.1207199097,27895,27976,81
12.9285297394,80.1198577881,28037,28097,60
12.9273796082,80.118637085,28158,28208,50
12.9263801575,80.1174468994,28390,28430,40
12.9269599915,80.1179199219,28451,28542,91
12.9272603989,80.1181030273,28542,28673,131
12.9287796021,80.1197891235,28732,28855,123
12.928899765,80.1198196411,28865,28915,50
12.9337596893,80.1247406006,29056,29178,122
12.9514503479,80.1401062012,29571,29622,51
12.9578504562,80.151008606,29844,29915,71
12.948559761,80.2095031738,30675,30715,40
12.949259758,80.2398300171,31129,31250,121
12.9557304382,80.2431182861,31412,31523,111
12.9560804367,80.2432479858,31523,31594,71
12.9666099548,80.247833252,31816,31856,40
12.9785995483,80.2523880005,31987,32018,31
12.987739563,80.2555007935,32553,32613,60
12.9870004654,80.2584991455,33310,33482,172
12.9874200821,80.2582168579,34380,34441,61
12.9875497818,80.256652832,34481,34532,51
12.9495096207,80.2409133911,35511,35582,71
12.9497098923,80.2364578247,35743,35834,91
12.9497003555,80.2360916138,35834,35885,51
12.9679803848,80.1493225098,37028,37069,41
12.9689302444,80.1497573853,37099,37271,172
12.9731702805,80.1526794434,37341,37372,31
12.9733600616,80.152961731,37382,37452,70
12.9695596695,80.1502990723,37523,37594,71
12.9600095749,80.1472320557,37846,37947,101
12.949930191,80.2315292358,38906,38937,31
12.9499702454,80.2322006226,38967,39017,50
12.9500303268,80.2346725464,39169,39209,40
12.9499797821,80.2351989746,39219,39280,61
12.9499397278,80.2355575562,39280,39330,50
12.9561595917,80.2432022095,39583,39653,70
12.9633197784,80.2464981079,39754,39795,41
12.9798002243,80.2526016235,39987,40037,50
12.9828500748,80.2524871826,40088,40279,191
12.9877796173,80.2549362183,40734,40825,91
12.9871301651,80.2595977783,40926,40966,40
12.9875001907,80.2567977905,41329,41360,31
12.9492197037,80.2408599854,42188,42238,50
12.9489402771,80.185256958,42793,42864,71
12.9287996292,80.1201019287,43894,43944,50
12.9284000397,80.1197814941,43964,43995,31
12.9277095795,80.1191177368,44045,44076,31
12.9271202087,80.1184768677,44116,44156,40
12.9261598587,80.1172637939,44328,44368,40
12.9266395569,80.1177902222,44388,44439,51
12.9270000458,80.1179580688,44439,44500,61
12.9286499023,80.1197814941,44580,44621,41
12.949930191,80.2357406616,46217,46257,40
12.9631004333,80.2465591431,46600,46631,31
12.9853696823,80.251953125,46893,46974,81
12.9872903824,80.2514190674,47024,47156,132
12.9876899719,80.2557067871,47237,47378,141
12.9871902466,80.2585372925,47438,47499,61
12.9869003296,80.2585296631,47509,47650,141
12.986989975,80.2591705322,48246,48297,51
12.9875202179,80.2559204102,48388,48478,90
12.987660408,80.2515869141,48569,48600,31
12.983499527,80.2525634766,48690,48741,51
12.9565095901,80.2435836792,49114,49165,51
12.9490604401,80.2407608032,49316,49367,51
12.9490003586,80.1853179932,50033,50134,101
12.9544897079,80.1588516235,51336,51376,40
12.9491996765,80.1848220825,51669,51739,70
12.97976017,80.2526473999,52880,52911,31
12.9870796204,80.2515411377,52991,53102,111
12.987830162,80.2547683716,53173,53223,50
12.9566602707,80.2437515259,54627,54687,60
12.9489297867,80.1853713989,55475,55525,50
12.9263095856,80.1175613403,56676,56707,31
12.926779747,80.1178512573,56868,57030,162
12.9291601181,80.120262146,57484,57615,131
12.950799942,80.1396636963,58120,58160,40
12.9510498047,80.1397705078,58171,58211,40
12.9512796402,80.1399383545,58221,58261,40
12.9564504623,80.2433929443,59728,59759,31
12.9632997513,80.2466430664,59890,59940,50
12.984919548,80.2521209717,60253,60304,51
12.987739563,80.2555236816,60445,60607,162
12.987159729,80.2591171265,62454,62505,51
12.9874601364,80.2573471069,62545,62586,41
12.9497003555,80.2360534668,63585,63626,41
12.9733800888,80.1530685425,65382,65423,41
12.9492397308,80.1851196289,66163,66233,70
12.9486103058,80.2089691162,66567,66617,50
12.9499998093,80.2356033325,67172,67233,61
12.9628896713,80.2463989258,67576,67657,81
12.9826602936,80.2526397705,68000,68111,111
12.9872198105,80.2594909668,68879,68939,60
12.9564304352,80.2437591553,70706,70747,41
12.9492502213,80.2409210205,70898,70938,40
12.949669838,80.2361373901,71049,71080,31
12.9484500885,80.2088165283,71463,71494,31
12.9484596252,80.1999206543,71605,71655,50
12.9484395981,80.1995162964,71665,71716,51
12.9489297867,80.1853866577,71928,71988,60
12.9273004532,80.118637085,73170,73210,40
12.9270896912,80.1183929443,73230,73281,51
12.9266796112,80.1178665161,73503,73584,81
12.9269895554,80.1180877686,73594,73634,40
12.9288702011,80.1201019287,73715,73877,162
12.9374904633,80.1277008057,74150,74200,50
12.9473800659,80.1371383667,74433,74534,101
12.9510803223,80.1398620605,74604,74655,51
12.9492197037,80.1839981079,75382,75432,50
12.9633302689,80.2466583252,76553,76623,70
12.9796895981,80.2526931763,76846,76916,70
12.9868001938,80.2516326904,76997,77048,51
13.0023899078,80.2393569946,458,640,182
13.0024003983,80.2393875122,650,731,81
13.0059099197,80.242401123,832,913,81
12.9909000397,80.2332000732,1236,1307,71
12.9910001755,80.2331390381,1307,1499,192
12.9982995987,80.2381515503,1661,1824,163
12.998459816,80.238243103,1834,2007,173
12.9983501434,80.2381896973,2007,2128,121
12.9984197617,80.2382278442,2128,2229,101
12.9909000397,80.2330322266,5051,5101,50
12.9909601212,80.2330169678,5506,5556,50
12.9910802841,80.2330780029,5556,5677,121
12.9910202026,80.2331314087,6062,6163,101
12.9909601212,80.2334594727,6971,7032,61
12.9909496307,80.2330474854,7042,7194,152
12.9884395599,80.2238922119,9216,9367,151
12.9885797501,80.2238082886,9367,9489,122
12.9883403778,80.2238311768,28108,28179,71
12.9885101318,80.2237625122,29645,29695,50
12.9899501801,80.2415237427,30089,30231,142
12.9917697906,80.2344894409,31596,31636,40
12.9882602692,80.2238235474,32516,32617,101
12.9880504608,80.2237625122,33537,33658,121
12.9879598618,80.2237701416,38574,38635,61
12.9879999161,80.2235107422,38908,38959,51
12.9880599976,80.223739624,39231,39413,182
12.9880304337,80.2238464355,39656,39727,71
12.9880304337,80.2237472534,39727,39878,151
12.9880399704,80.2238998413,39878,39959,81
12.9879703522,80.2236022949,40344,40495,151
12.9881296158,80.2235336304,41233,41365,132
12.9879798889,80.2237472534,41365,41435,70
12.9881095886,80.2238998413,41435,41466,31
12.9982500076,80.238067627,43700,43740,40
12.9982204437,80.2380218506,44882,44943,61
12.9981803894,80.2380371094,46281,46321,40
12.9982299805,80.2380828857,47272,47323,51
12.9981002808,80.2379608154,47333,47444,111
12.9980697632,80.2378311157,47444,47495,51
12.998049736,80.2378311157,47495,47545,50
12.9979696274,80.2378463745,47545,47646,101
12.9982700348,80.2380371094,48688,48738,50
12.9982004166,80.238067627,48738,48859,121
12.9980401993,80.2378005981,48859,48940,81
12.9980602264,80.2378921509,48940,49062,122
12.9981803894,80.2379837036,49618,49688,70
12.9918804169,80.2344818115,60237,60349,112
12.9917201996,80.2343597412,60349,60490,141
12.9916801453,80.2343597412,60490,60581,91
12.9917697906,80.2344512939,61208,61299,91
12.9917201996,80.2344436646,61299,61400,101
12.9917898178,80.2344207764,61410,61552,142
12.9916601181,80.234336853,61552,61602,50
12.9916400909,80.234336853,62128,62279,151
12.9916696548,80.2344284058,62279,62472,193
12.9917402267,80.2343978882,62502,62573,71
12.991689682,80.2342987061,62573,62674,101
12.9917497635,80.234336853,62674,62866,192
12.9918804169,80.2344589233,62866,62977,111
12.9917001724,80.2342910767,62987,63149,162
12.991809845,80.2344665527,65242,65373,131
12.9916000366,80.2342834473,66941,66981,40
12.9917402267,80.2344207764,67224,67406,182
12.9900302887,80.2416229248,68023,68103,80
12.9865903854,80.2385864258,68194,68366,172
12.9909200668,80.233253479,71647,71808,161
12.9908704758,80.2331924438,71808,71849,41
12.9983100891,80.2381896973,72172,72203,31
12.9899997711,80.2275772095,72546,72617,71
13.0059204102,80.2412414551,73538,73589,51
12.9983196259,80.2381515503,74064,74165,101
12.998169899,80.2381668091,74165,74306,141
12.9981403351,80.2380523682,74306,74357,51
13.0021400452,80.2398605347,74963,74994,31
12.9982204437,80.2380523682,76267,76298,31
12.9982500076,80.2378921509,76298,76348,50
12.9908399582,80.2331771851,76510,76642,132
12.9904499054,80.2290420532,76783,76844,61
12.9865703583,80.2381210327,79118,79310,192
12.9908599854,80.2331237793,80483,80604,121
12.991399765,80.2333984375,81031,81071,40
12.9981899261,80.23802948,82953,83003,50
12.9909200668,80.2331924438,83185,83357,172
12.9910202026,80.2325363159,83418,83458,40
12.9982004166,80.2380371094,83852,83933,81
12.9908103943,80.2334671021,84307,84449,142
12.9982404709,80.2380828857,84600,84631,31
12.9982404709,80.2380371094,85611,85652,41
13.0760402679,80.2757797241,21767,21848,81
13.0102396011,80.2116317749,25367,25448,81
13.0139198303,80.2403106689,26873,26998,125
13.0291595459,80.2456436157,27139,27179,40
13.0296602249,80.246131897,27200,27382,182
13.0441703796,80.2703094482,28160,28312,152
13.0472202301,80.2803192139,28352,28383,31
13.0888004303,80.2901611328,28858,28919,61
13.0889101028,80.2903671265,28919,29050,131
13.0886497498,80.283241272,29919,30091,172
13.0886497498,80.2905197144,30263,30324,61
13.0418395996,80.2682418823,31335,31446,111
13.0410604477,80.2681427002,31446,31497,51
13.0376596451,80.2677307129,31578,31618,40
13.0368404388,80.267616272,31658,31689,31
13.0368299484,80.2675704956,31689,31750,61
13.0358104706,80.2678222656,31790,31962,172
13.0270204544,80.2571487427,32194,32225,31
13.0271196365,80.2541275024,32316,32356,40
13.0296201706,80.2461013794,32548,32599,51
13.0183601379,80.2412490845,32801,32841,40
13.008600235,80.2404174805,32963,33013,50
13.0085401535,80.2135314941,33468,33569,101
13.0114297867,80.2275009155,35724,35866,142
13.0183296204,80.2410736084,36523,36573,50
13.0193901062,80.2411499023,36594,36654,60
13.0288496017,80.2497177124,37059,37119,60
13.0273103714,80.25390625,37190,37240,50
13.0270996094,80.2589416504,37352,37412,60
13.0294799805,80.2643203735,37493,37524,31
13.0490999222,80.2645187378,41062,41133,71
13.0343799591,80.2680664063,41436,41467,31
13.0443201065,80.2668380737,63795,63857,62
13.0715999603,80.2851409912,64950,65030,80
13.0803604126,80.2884597778,65111,65203,92
13.0888996124,80.2902984619,65303,65344,41
13.0889196396,80.2902984619,65344,65405,61
13.0760402679,80.2870178223,66840,66901,61
13.0707397461,80.2851028442,67002,67042,40
13.0699396133,80.284866333,67063,67103,40
13.0694303513,80.2847976685,67133,67174,41
13.0676403046,80.2844085693,67256,67328,72
13.0600795746,80.2825775146,67480,67531,51
13.0566596985,80.2820205688,67571,67753,182
13.0445604324,80.2799987793,67784,67844,60
13.0433597565,80.274848938,67945,67976,31
13.0432701111,80.274848938,67976,68057,81
13.0445098877,80.2685623169,68157,68188,31
13.0380601883,80.2678070068,68360,68400,40
13.0367202759,80.2677764893,68451,68491,40
13.0350103378,80.2680969238,68582,68633,51
13.0341300964,80.2681427002,68683,68724,41
13.0339202881,80.2680282593,68724,68906,182
13.0106496811,80.2247009277,70625,70726,101
13.012049675,80.2210922241,70746,70796,50
13.0045099258,80.2097625732,71171,71332,161
13.0075902939,80.2040023804,71443,71534,91
13.0117197037,80.2130966187,71726,71797,71
13.0069303513,80.2400512695,72899,72970,71
13.0068397522,80.2401199341,72970,73061,91
13.012169838,80.2404174805,73101,73152,51
13.0181598663,80.2411422729,73152,73213,61
13.0271596909,80.2547531128,73556,73607,51
13.0339803696,80.2679824829,74041,74072,31
13.0415897369,80.2682113647,74385,74416,31
13.043680191,80.2672195435,74469,74500,31
13.0434598923,80.2740402222,74631,74681,50
13.080499649,80.2886123657,75430,75470,40
13.089220047,80.2901535034,75581,75662,81
13.0867595673,80.2839736938,75804,75885,81
13.0624399185,80.2831420898,78149,78240,91
13.0497598648,80.28074646,78342,78422,80
13.0435800552,80.2798919678,78483,78604,121
13.0339803696,80.2681503296,78918,79058,140
13.0266399384,80.2660217285,79160,79251,91
13.0213098526,80.2423019409,79625,79656,31
13.0159597397,80.2408294678,79757,79797,40
13.0068998337,80.2403335571,79858,79929,71
13.0068302155,80.2403717041,79929,79969,40
13.0074996948,80.2059173584,80545,80606,61
13.0093297958,80.211151123,80758,80798,40
13.0090303421,80.21144104,80829,80930,101
13.0125398636,80.2222366333,80990,81142,152
13.0299596786,80.24584198,81657,81738,81
13.0291996002,80.2478179932,81759,81799,40
13.043419838,80.267578125,82548,82579,31
13.0444898605,80.2668380737,82588,82619,31
13.0448598862,80.2670974731,82639,82680,41
13.0878400803,80.2835998535,83428,83509,81
13.0877304077,80.2837524414,83509,83650,141
13.0760602951,80.2757110596,83923,83994,71
12.9880695343,80.2238388062,318,379,61
12.9881496429,80.2236785889,1842,1903,61
12.988240242,80.2238006592,9237,9307,70
12.9883298874,80.2235107422,12454,12485,31
13.0057601929,80.2423782349,22481,22532,51
12.988360405,80.2232666016,26558,26599,41
12.9882497787,80.2301177979,28212,28243,31
12.9883499146,80.2233581543,28424,28455,31
12.9918003082,80.2336883545,28676,28707,31
12.9883499146,80.2233505249,30189,30220,31
12.9883003235,80.2300872803,31635,31675,40
12.9883403778,80.2233581543,31847,31907,60
12.9882001877,80.2236785889,34267,34308,41
12.988530159,80.223487854,36224,36274,50
12.9884996414,80.2233505249,36274,36314,40
12.9865503311,80.2385406494,36627,36688,61
12.9883403778,80.2233505249,37062,37103,41
12.9918203354,80.2336425781,37304,37345,41
13.0057001114,80.2423019409,37657,37738,81
12.9883298874,80.2233200073,38323,38363,40
12.9865198135,80.2385177612,38667,38758,91
12.9864902496,80.2352828979,38838,38889,51
12.9882898331,80.2300720215,39020,39060,40
12.9883098602,80.2233734131,39212,39323,111
12.9917898178,80.2336807251,39565,39605,40
12.9918298721,80.2337417603,40714,40745,31
12.9986696243,80.2391586304,43421,43461,40
12.9992399216,80.2394104004,44167,44207,40
12.9939603806,80.2345733643,44318,44349,31
12.9883298874,80.2233886719,44661,44702,41
12.9865999222,80.2332763672,44913,44944,31
12.9864997864,80.2353363037,46014,46064,50
12.9882202148,80.2300567627,46206,46246,40
12.9883203506,80.2233810425,46387,46427,40
12.9986495972,80.2391815186,46851,46891,40
12.9991397858,80.2393112183,47910,47950,40
12.9909801483,80.2318191528,48203,48253,50
12.990819931,80.2300491333,48283,48314,31
12.9883003235,80.2233276367,48445,48485,40
12.986579895,80.238319397,48899,48959,60
12.9883699417,80.2235870361,49263,49394,131
12.9881601334,80.2238311768,49414,49585,171
12.9884700775,80.2233963013,49596,49636,40
12.9865198135,80.2385177612,49960,50000,40
12.9864902496,80.2353591919,50071,50111,40
12.9882698059,80.2300796509,50222,50263,41
12.9917497635,80.2336578369,50475,50536,61
12.9989795685,80.2392730713,51342,51373,31
12.9918203354,80.2337188721,51564,51595,31
12.9883203506,80.2233428955,51857,51948,91
12.9917297363,80.2336425781,53777,53808,31
12.9883403778,80.2233581543,56964,56996,32
12.9987201691,80.2392272949,61224,61385,161
13.0059700012,80.2423171997,61557,61637,80
12.9993095398,80.2393417358,62162,62303,141
12.9917602539,80.2337265015,62485,62545,60
12.990940094,80.2317581177,62596,62636,40
12.9908399582,80.2300720215,62666,62707,41
12.9883298874,80.2233581543,62868,62989,121
12.9883499146,80.2233581543,64311,64362,51
12.9961395264,80.2361297607,64695,64735,40
12.9883499146,80.2233963013,66308,66359,51
12.9883298874,80.2233734131,67902,67942,40
12.9917402267,80.233757019,68177,68208,31
12.9882097244,80.2301330566,71224,71256,32
13.0982503891,80.2408370972,15681,15782,101
13.0982904434,80.2406768799,18802,18883,81
13.098859787,80.2415237427,21206,21287,81
13.0806798935,80.2654418945,22683,22734,51
13.0794200897,80.2628707886,22794,22855,61
13.0996303558,80.1711425781,28178,28209,31
13.0983104706,80.1809463501,28340,28380,40
13.0854501724,80.2832870483,30696,30727,31
13.085559845,80.2826385498,30747,30848,101
13.085559845,80.2823028564,31393,31445,52
13.085439682,80.2824707031,31678,31821,143
13.0823402405,80.2785110474,31942,32013,71
13.0807304382,80.26537323,32285,32407,122
13.0794095993,80.2628631592,32467,32508,41
13.0856599808,80.2454376221,32962,33083,121
13.0967302322,80.2418899536,33296,33397,101
13.1004800797,80.2148284912,33962,34043,81
13.1037902832,80.204246521,34266,34297,31
13.1037797928,80.203918457,34307,34377,70
13.0996799469,80.170501709,35055,35116,61
13.1013097763,80.1621627808,35298,35358,60
13.1199302673,80.1020736694,36661,36703,42
13.1197004318,80.150177002,38218,38258,40
13.1014499664,80.1604995728,38783,38864,81
13.1015195847,80.1617965698,38905,38975,70
13.0996198654,80.186126709,39450,39491,41
13.1007900238,80.2143783569,40056,40117,61
13.0802698135,80.2625732422,41420,41480,60
13.0854196548,80.2832717896,42006,42046,40
13.0855703354,80.2825012207,42066,42228,162
13.0795402527,80.262802124,43627,43667,40
13.0789899826,80.2569122314,43768,43799,31
13.0856599808,80.2456130981,44244,44295,51
13.1004695892,80.2147979736,45082,45153,71
13.1005601883,80.1890335083,45668,45739,71
13.0996904373,80.1866836548,45840,45880,40
13.0979499817,80.1765289307,46173,46204,31
13.1114597321,80.1514434814,46729,46779,50
13.1199102402,80.1018829346,47709,47759,50
13.1197299957,80.1024780273,49557,49588,31
13.119720459,80.1499710083,50467,50528,61
13.1015396118,80.1620025635,51063,51144,81
13.0981302261,80.1804504395,51508,51548,40
13.1031703949,80.2076873779,52204,52235,31
13.0985298157,80.2422332764,52994,53054,60
13.098739624,80.2419433594,53064,53115,51
13.0989704132,80.2403717041,53165,53196,31
12.987830162,80.2514877319,21526,21617,91
12.9868602753,80.2586135864,23750,23831,81
12.9865903854,80.2585983276,28260,28412,152
12.9865598679,80.2584228516,28816,28958,142
12.9865598679,80.2585906982,31435,31597,162
12.9866695404,80.2585906982,35813,36005,192
12.9866399765,80.2586975098,36005,36197,192
12.9865703583,80.2586593628,39464,39525,61
12.9865598679,80.2585678101,49424,49586,162
12.9865503311,80.258682251,59113,59305,192
12.9864797592,80.2585983276,60690,60842,152
12.9865398407,80.2584991455,60842,60912,70
12.9865999222,80.258682251,61509,61630,121
12.9866399765,80.2588424683,61630,61671,41
12.986579895,80.2586898804,62520,62692,172
12.9882802963,80.2512207031,24316,24356,40
12.8394699097,80.2277069092,28230,28342,112
12.9007301331,80.2278518677,29131,29192,61
12.9467601776,80.2397384644,29880,29961,81
12.9562702179,80.2434234619,30437,30498,61
12.9633197784,80.2465820313,30619,30670,51
12.9834098816,80.2524795532,30984,31065,81
13.0066003799,80.2409896851,31753,31804,51
13.0193395615,80.2242965698,32259,32290,31
13.0223999023,80.2267227173,33059,33090,31
13.0242395401,80.2284088135,33161,33272,111
13.0235395432,80.227722168,33302,33353,51
13.0141801834,80.2263183594,33565,33596,31
13.0083198547,80.2333374023,34092,34163,71
13.0079698563,80.2347106934,34213,34254,41
13.0078697205,80.2351608276,34264,34315,51
13.0071802139,80.2390136719,34446,34588,142
13.007060051,80.2393493652,34588,34770,182
13.0066900253,80.2441101074,34942,34973,31
12.9069099426,80.2282867432,37271,37402,131
12.8944997787,80.2276229858,37756,37807,51
12.8935604095,80.2275695801,37837,37898,61
12.8927602768,80.2274475098,37929,37979,50
12.8399896622,80.2276382446,38627,38678,51
12.786860466,80.2205963135,39396,39427,31
12.8394098282,80.2276992798,41281,41312,31
12.900560379,80.2278594971,41972,42053,81
12.9796304703,80.2526321411,43257,43288,31
12.9839696884,80.2523803711,43359,43500,141
13.0194501877,80.224357605,44422,44462,40
13.0231199265,80.2274475098,44634,44715,81
13.0069198608,80.2398223877,45252,45302,50
13.0066404343,80.2430725098,45394,45434,40
12.9890403748,80.2510528564,45920,46001,81
12.9566602707,80.2437820435,46497,46558,61
12.8394002914,80.2276229858,49548,49620,72
12.9005699158,80.2278289795,50339,50440,101
12.9055404663,80.2281112671,50612,50663,51
12.9059495926,80.2281036377,50693,50754,61
12.9488201141,80.2405929565,51361,51392,31
12.9854803085,80.2519302368,52019,52070,51
13.0141201019,80.2254714966,53376,53517,141
13.01404953,80.225151062,53517,53558,41
13.0231704712,80.2274017334,54064,54115,51
13.0143604279,80.2261962891,54246,54277,31
12.9567098618,80.2436828613,55329,55451,122
12.8387002945,80.2278823853,58957,58997,40
12.8390903473,80.2278137207,58997,59058,61
12.9000701904,80.2278671265,59970,60001,31
12.905579567,80.2282104492,60112,60183,71
12.9487304688,80.2406234741,60912,60952,40
12.9564199448,80.2433700562,61084,61135,51
12.9678602219,80.2484664917,61378,61438,60
12.9785699844,80.2523880005,61570,61762,192
12.9851999283,80.2520370483,61884,62005,121
13.0155601501,80.2250289917,62866,62926,60
13.0195198059,80.2243881226,62987,63028,41
13.0215396881,80.2258682251,63099,63271,172
13.0244398117,80.2285308838,63331,63382,51
13.0073604584,80.2377471924,64081,64182,101
12.9636201859,80.2468109131,65397,65437,40
12.9397096634,80.2357635498,65883,65933,50
12.902759552,80.2281265259,66500,66591,91
12.8991804123,80.2279281616,66672,66703,31
12.8396902084,80.2277832031,67573,67604,31
12.78647995,80.2205200195,68343,68383,40
12.8306798935,80.2295684814,69851,69892,41
12.8387203217,80.2279510498,70013,70064,51
12.8392295837,80.2277832031,70094,70145,51
12.8997802734,80.2278366089,71321,71352,31
12.9052095413,80.2281570435,71503,71584,81
12.9486598969,80.2406463623,72313,72354,41
12.9632797241,80.2466201782,72617,72668,51
13.006649971,80.2404785156,73488,73538,50
13.0085496902,80.2314224243,74925,74976,51
12.9879598618,80.251411438,75583,75705,122
12.9014997482,80.2280426025,77021,77143,122
12.9868898392,80.2515563965,81041,81112,71
13.0065402985,80.24609375,81345,81396,51
13.007399559,80.236618042,81558,81608,50
13.014840126,80.2256698608,83674,83866,192
13.0148296356,80.2255630493,84717,84859,142
12.987159729,80.2591629028,1464,1495,31
12.9233198166,80.1206207275,7248,7288,40
12.9872102737,80.2591171265,9533,9573,40
12.9232997894,80.1207427979,13850,13881,31
12.901599884,80.227897644,15074,15114,40
12.9868297577,80.2587509155,17147,17248,101
12.9868497849,80.2590408325,19472,19533,61
12.987830162,80.2516784668,21565,21626,61
12.9880199432,80.251449585,22950,23001,51
12.7862701416,80.2216567993,25599,25640,41
12.7861795425,80.2205200195,25670,25701,31
12.89220047,80.2273025513,26772,26803,31
12.9059200287,80.2281036377,27005,27045,40
12.9563798904,80.2434234619,27682,27753,71
12.9634199142,80.2466278076,27854,27905,51
12.9797897339,80.2526016235,28107,28158,51
13.023900032,80.2278518677,29199,29240,41
13.0231304169,80.2274093628,30038,30079,41
13.0072498322,80.2385177612,30534,30594,60
13.0067100525,80.2432785034,30716,30776,60
12.9897499084,80.2509994507,31090,31262,172
12.9498100281,80.2410736084,32010,32081,71
12.9131698608,80.2292785645,32627,32708,81
12.9078702927,80.2284698486,32778,32849,71
12.9040899277,80.2281799316,32950,33071,121
12.8936901093,80.2275619507,33314,33405,91
12.8400001526,80.2277374268,34153,34184,31
12.8274803162,80.2194824219,34548,34588,40
12.8245296478,80.2159500122,34781,34822,41
12.8248500824,80.2159729004,34832,34993,161
12.8382396698,80.2279586792,35399,35551,152
12.8386201859,80.2278366089,35551,35662,111
12.8389997482,80.2277526855,35662,35743,81
12.8395500183,80.2275466919,35763,35803,40
12.8982000351,80.2276611328,36521,36612,91
12.9787998199,80.252456665,38018,38068,50
13.0195798874,80.2244796753,39554,39585,31
13.021030426,80.2255096436,39645,39696,51
13.0232000351,80.2272796631,40050,40090,40
13.024310112,80.2283401489,40131,40212,81
13.0081596375,80.2337188721,40616,40727,111
13.0070800781,80.2392807007,40859,40899,40
12.989979744,80.2509002686,41364,41415,51
12.9572401047,80.2439804077,41930,42011,81
12.9069795609,80.2283477783,42598,42668,70
12.8928604126,80.2275085449,42881,42941,60
12.7872104645,80.2207794189,44104,44165,61
12.8392400742,80.2277297974,45429,45570,141
12.8395795822,80.2276077271,45580,45611,31
12.906419754,80.2281494141,46308,46369,61
12.9796199799,80.2525863647,47238,47289,51
12.9853401184,80.2519378662,47370,47410,40
12.9871902466,80.2514266968,47461,47582,121
13.0193796158,80.2242965698,48370,48401,31
13.0211496353,80.2255935669,48472,48522,50
13.0214996338,80.2258834839,48533,48674,141
13.0230903625,80.2273712158,49897,49938,41
13.0066404343,80.2440490723,50403,50453,50
13.0067100525,80.2467575073,50514,50605,91
12.9785995483,80.2526092529,51171,51202,31
12.9564399719,80.2437210083,51495,51535,40
12.9068498611,80.2283172607,52071,52122,51
12.9006996155,80.2277908325,55529,55580,51
12.9487199783,80.2406005859,56186,56227,41
12.9632101059,80.2465286255,56419,56469,50
12.9870700836,80.2515029907,56813,56874,61
13.0066795349,80.2405776978,57217,57248,31
13.0193595886,80.2243118286,57642,57683,41
13.0197200775,80.2246017456,57693,57733,40
13.0244102478,80.2284622192,57824,57865,41
12.9879703522,80.2514266968,58957,59088,131
12.9639101028,80.2469177246,59401,59441,40
12.9563798904,80.2437515259,59543,59583,40
12.9079799652,80.2285385132,60241,60281,40
12.8399600983,80.2277679443,61100,61191,91
12.8272600174,80.2194213867,62414,62475,61
12.9064598083,80.2281799316,64002,64042,40
12.9487400055,80.2405395508,64699,64790,91
12.96296978,80.246383667,65074,65114,40
13.0084896088,80.2311935425,66610,66641,31
13.0087499619,80.2298583984,66681,66722,41
13.0088300705,80.2294616699,66722,66762,40
13.0192403793,80.2242736816,67065,67106,41
13.0242395401,80.2282333374,67824,67884,60
13.0069904327,80.2396011353,68774,68835,61
13.0066995621,80.2464370728,69007,69067,60
12.9640703201,80.2470016479,70028,70079,51
12.9014501572,80.2279510498,71110,71251,141
12.7862701416,80.2203826904,72758,72829,71
12.7861404419,80.2206192017,73324,73365,41
12.8307104111,80.2294387817,73991,74022,31
12.8559904099,80.2262420654,74487,74618,131
12.9046201706,80.2280197144,75336,75377,41
12.9055700302,80.2280273438,75427,75488,61
12.9867296219,80.2590332031,22803,22844,41
13.0231800079,80.2274398804,24080,24121,41
12.9067401886,80.2282333374,25811,25851,40
12.792550087,80.2223510742,29090,29231,141
12.838640213,80.2279205322,29818,29889,71
12.8390102386,80.2278213501,29889,29950,61
12.8452997208,80.2265472412,30071,30102,31
12.8923101425,80.2273101807,30709,30769,60
12.8982200623,80.227722168,30850,30911,61
12.9024295807,80.2279815674,31093,31144,51
12.9035902023,80.2280273438,31184,31245,61
12.9043998718,80.2280807495,31275,31316,41
12.9059801102,80.2281723022,31447,31559,112
12.9469099045,80.2398529053,32146,32186,40
12.955499649,80.2430419922,32378,32439,61
12.9557800293,80.2431182861,32449,32520,71
12.9562196732,80.243309021,32540,32571,31
12.97976017,80.2526397705,32975,33046,71
13.0211696625,80.2257232666,34605,34645,40
13.0226202011,80.2267608643,34736,34807,71
13.0239696503,80.2280502319,34898,34959,61
13.0243797302,80.2285614014,34979,35050,71
13.0234498978,80.2276306152,35080,35141,61
13.013999939,80.2264022827,35687,35728,41
13.0091695786,80.2287216187,35799,35859,60
13.0088195801,80.2304229736,35940,35981,41
13.007060051,80.2392272949,36264,36335,71
13.007060051,80.2396011353,36335,36375,40
13.0069503784,80.2399902344,36375,36406,31
13.0066995621,80.2444076538,36547,36578,31
13.0061397552,80.2473602295,36628,36659,31
12.9568595886,80.2436828613,37824,37936,112
12.9070301056,80.2283096313,38674,38745,71
12.9017801285,80.2279815674,38806,38846,40
12.8406200409,80.2274398804,39717,39798,81
12.8398799896,80.2276229858,39838,39899,61
12.8275403976,80.2194595337,40182,40223,41
12.8394498825,80.2276229858,41146,41187,41
12.9007501602,80.2279281616,41804,41865,61
13.0234298706,80.2276687622,47086,47157,71
13.0087003708,80.2308120728,47451,47491,40
13.0068798065,80.2398223877,47663,47734,71
13.0066995621,80.2472763062,47926,47987,61
12.9880895615,80.2513122559,48270,48351,81
12.7861700058,80.2204284668,52723,52754,31
12.8394298553,80.2276306152,53502,53563,61
12.9004898071,80.2278213501,54170,54221,51
12.9562702179,80.2433013916,54899,54939,40
12.9852399826,80.2519989014,55364,55395,31
12.9867801666,80.2589569092,61497,61628,131
12.9873600006,80.2591705322,61922,61962,40
12.9872503281,80.2593612671,61962,62013,51
12.9875097275,80.2569198608,62843,62924,81
12.9992198944,80.256149292,63219,63260,41
13.0042695999,80.2570800781,63381,63412,31
13.0063400269,80.2574768066,63462,63503,41
13.006649971,80.2483596802,63654,63826,172
13.0196800232,80.2245483398,64494,64525,31
13.0252599716,80.2296981812,64656,64707,51
13.029419899,80.2308807373,64848,64909,61
13.034239769,80.2374420166,65213,65273,60
13.0562200546,80.2425613403,65891,65941,50
13.0651903152,80.2345123291,66265,66316,51
13.0660800934,80.2328109741,66397,66457,60
13.066280365,80.232383728,66468,66518,50
13.0723304749,80.2197494507,66933,66974,41
13.0732002258,80.2198867798,67024,67065,41
13.0734300613,80.2199325562,67065,67156,91
13.0737495422,80.2199783325,67156,67297,141
13.0747299194,80.21875,67429,67469,40
13.0758695602,80.217880249,67540,67581,41
13.076259613,80.2180099487,67591,67662,71
13.0824298859,80.2104110718,67915,67965,50
13.08273983,80.2017364502,68188,68249,61
13.0867795944,80.1988220215,68400,68502,102
13.0997495651,80.1696777344,69534,69574,40
13.1012802124,80.1621932983,69716,69797,81
13.1169500351,80.1487731934,70384,70424,40
13.099729538,80.1696090698,73440,73531,91
13.0994997025,80.1862564087,73897,73948,51
13.0355701447,80.2304382324,76022,76053,31
13.0334701538,80.2304992676,76103,76154,51
13.0255498886,80.2305526733,76377,76458,81
12.9971199036,80.2559814453,77429,77470,41
12.9871196747,80.2595291138,77793,77824,31
12.9866104126,80.2594680786,83866,84058,192
12.9875097275,80.2576904297,20245,20306,61
12.9008398056,80.2278213501,23312,23343,31
12.9489002228,80.2406311035,23790,23821,31
13.0195198059,80.2243499756,24874,24955,81
13.0244197845,80.2284927368,25086,25127,41
13.0234498978,80.2277374268,25167,25350,183
13.0144500732,80.2261886597,26139,26170,31
12.9565095901,80.2435913086,27213,27263,50
12.9015703201,80.2279586792,28033,28093,60
12.8934497833,80.2275619507,28245,28306,61
12.8402900696,80.2275695801,29167,29238,71
12.8399496078,80.2277374268,29238,29298,60
12.8316802979,80.2292175293,29389,29440,51
12.8315601349,80.2288665771,29450,29481,31
12.827580452,80.2194900513,29693,29744,51
12.8394098282,80.2277984619,32148,32208,60
12.9056797028,80.2281417847,33130,33231,101
12.9472503662,80.239982605,33858,33889,31
12.9478397369,80.2402191162,33899,33980,81
12.9560804367,80.2432632446,34152,34263,111
12.978770256,80.2524871826,34921,34962,41
13.0066204071,80.2451019287,36035,36066,31
13.0066003799,80.2433624268,36126,36258,132
13.0240001678,80.2280197144,37017,37058,41
13.0243597031,80.2283782959,37068,37118,50
13.0234098434,80.2276229858,37169,37311,142
13.0234298706,80.2274627686,37311,37483,172
13.0083198547,80.2333984375,37857,37898,41
12.9570302963,80.2438735962,39923,40014,91
12.9067802429,80.2283401489,40773,40864,91
12.892999649,80.2275085449,41127,41178,51
12.7865896225,80.2205505371,42374,42434,60
12.7861604691,80.2204589844,42930,42971,41
12.9051799774,80.2281265259,44550,44591,41
12.9061498642,80.2282104492,44621,44662,41
12.9487895966,80.2405776978,45269,45310,41
12.9560699463,80.2432479858,45431,45492,61
12.9633998871,80.2466278076,45593,45664,71
12.9797201157,80.2526168823,45876,45917,41
12.9872903824,80.2514266968,46038,46079,41
13.0195302963,80.2243728638,46747,46818,71
13.0243902206,80.2285690308,47476,47537,61
13.0233802795,80.2276535034,47577,47618,41
13.0232496262,80.2275085449,47618,47699,81
13.0233602524,80.2275924683,47699,47770,71
13.0232801437,80.2275009155,47780,47831,51
13.0232200623,80.2273712158,47831,47881,50
13.0231304169,80.2272186279,47891,47962,71
13.0230302811,80.2273483276,47962,48053,91
13.0231895447,80.227432251,48053,48175,122
13.0232601166,80.2273788452,48175,48225,50
13.0232801437,80.2274398804,48225,48286,61
13.006939888,80.239982605,48813,48883,70
12.9886598587,80.2512283325,49410,49460,50
12.9638004303,80.2469177246,49795,49835,40
12.906920433,80.2283325195,50667,50708,41
12.8999900818,80.2279510498,50829,50860,31
12.9061899185,80.2281723022,53633,53694,61
12.9488897324,80.2405776978,54180,54231,51
12.9871797562,80.2514724731,54767,54899,132
13.0241003036,80.2281036377,55678,55719,41
13.0243301392,80.2284011841,55729,55780,51
13.023349762,80.2276382446,55830,56023,193
12.988240242,80.251411438,57187,57308,121
12.9565601349,80.2437667847,57754,57815,61
12.9019699097,80.2280807495,58544,58594,50
12.8761997223,80.2269363403,61615,61646,31
12.9006795883,80.2279205322,61959,62020,61
12.96296978,80.2464065552,62911,62952,41
12.9785404205,80.2523574829,63184,63245,61
12.9793395996,80.2525787354,63265,63306,41
12.9828596115,80.2525100708,63367,63488,121
13.0211496353,80.2257766724,65260,65422,162
13.0243797302,80.2284164429,65513,65564,51
13.0234298706,80.2276916504,65614,65675,61
13.0082902908,80.2334671021,66303,66354,51
13.0071296692,80.2391433716,66526,66566,40
13.0070896149,80.2394790649,66566,66750,184
12.9072198868,80.2283096313,69190,69221,31
12.7861404419,80.220489502,71944,72005,61
12.8315200806,80.2291412354,72673,72734,61
12.838549614,80.227897644,72886,72937,51
12.9026203156,80.2279510498,74052,74113,61
12.9062595367,80.2281112671,74214,74265,51
12.9488601685,80.2405700684,74974,75024,50
12.9871902466,80.2514419556,75693,75753,60
13.0194501877,80.2243118286,76644,76705,61
13.0082302094,80.2334136963,78578,78609,31
13.0067996979,80.2400283813,78771,78811,40
12.9876203537,80.2557983398,79338,79429,91
12.9873199463,80.2584609985,79489,79651,162
13.0761299133,80.2748565674,21001,21035,34
13.0758495331,80.2755813599,21045,21107,62
13.0759401321,80.2757873535,21107,21218,111
13.0759601593,80.2760391235,21228,21279,51
13.0814399719,80.275138855,21380,21421,41
13.0821199417,80.2754669189,21471,21512,41
13.0816202164,80.2758712769,21643,21795,152
12.9880895615,80.2513427734,23396,23456,60
12.8397798538,80.2276611328,25006,25077,71
12.7862300873,80.2213592529,25634,25695,61
12.7862195969,80.2204589844,27579,27650,71
12.8606300354,80.2265014648,28480,28511,31
12.8606996536,80.2265014648,28521,28571,50
12.9633398056,80.246711731,30131,30182,51
12.984919548,80.2520675659,30485,30607,122
12.9966802597,80.2490615845,30789,30820,31
13.0224304199,80.226600647,31620,31691,71
13.0817298889,80.2759933472,34506,34567,61
13.0817699432,80.2758483887,34567,34679,112
13.0740098953,80.2764205933,34871,34911,40
13.0709896088,80.2744369507,35306,35337,31
13.032409668,80.2424316406,36350,36451,101
13.0318002701,80.2414169312,36481,36593,112
13.0311603546,80.2398986816,36623,36694,71
13.026720047,80.2333984375,36805,36856,51
13.0085000992,80.2320404053,37352,37423,71
13.0067195892,80.245300293,37767,37798,31
12.9913196564,80.2505722046,38031,38091,60
12.9910802841,80.250579834,38091,38264,173
12.9910202026,80.2504806519,38264,38324,60
12.9909896851,80.2505722046,38324,38385,61
12.9910297394,80.2504577637,38385,38416,31
12.9565200806,80.2435302734,39438,39489,51
12.9073696136,80.2283782959,40208,40259,51
12.839799881,80.2276763916,41140,41190,50
12.7220096588,80.187789917,42530,42662,132
12.7221403122,80.1875915527,42662,42773,111
12.78647995,80.2204666138,45042,45083,41
12.8390398026,80.2278366089,45670,45721,51
12.9023103714,80.2279815674,46440,46480,40
12.9057798386,80.2281799316,46521,46571,50
12.9838104248,80.2523574829,47625,47665,40
12.9856395721,80.2518386841,47696,47797,101
13.0712995529,80.2741622925,50248,50288,40
13.0760498047,80.275970459,50369,50562,193
13.072019577,80.2747879028,52243,52284,41
13.03262043,80.242767334,53448,53580,132
13.0318899155,80.2416381836,53641,53762,121
13.0311698914,80.2401199341,53793,53894,101
13.0266599655,80.2331619263,54005,54036,31
12.9805898666,80.2527313232,54947,54988,41
12.9563798904,80.2436523438,55362,55393,31
12.90102005,80.2279586792,56061,56102,41
12.7866001129,80.2204818726,58117,58158,41
12.8055696487,80.2241973877,58451,58492,41
12.8312702179,80.2293167114,58755,58816,61
12.8387699127,80.2278518677,58917,58948,31
12.8389196396,80.2278213501,58948,58998,50
12.8392801285,80.2276763916,58998,59059,61
12.9028396606,80.2280502319,59890,59921,31
12.9052696228,80.2281799316,59961,60032,71
12.9563798904,80.2433929443,60802,60842,40
12.9670495987,80.2481002808,60994,61025,31
13.0264701843,80.2327575684,62392,62432,40
13.0388803482,80.2468185425,62757,62807,50
13.0663900375,80.2682723999,63465,63496,31
13.081489563,80.2751617432,63860,63931,71
13.0818004608,80.2752609253,63941,64002,61
13.0738697052,80.2764282227,65187,65228,41
13.0580596924,80.2645568848,65744,65775,31
13.0496397018,80.2498168945,66139,66180,41
13.0489797592,80.24974823,66220,66251,31
13.0477600098,80.2490386963,66322,66372,50
13.0474500656,80.2488174438,66372,66453,81
13.0471401215,80.248588562,66453,66524,71
13.0316200256,80.2412109375,66940,66991,51
13.0271396637,80.23412323,67163,67244,81
13.0233697891,80.2275695801,67447,67498,51
13.0089502335,80.2295913696,67781,67822,41
13.0061101913,80.2473602295,68298,68338,40
12.9896001816,80.2508773804,68541,68601,60
12.9645500183,80.2470703125,69310,69341,31
12.9594497681,80.2447662354,69432,69483,51
12.9038095474,80.2280502319,70333,70384,51
12.7219696045,80.1877593994,73048,73129,81
12.7220001221,80.1876373291,74498,74600,102
12.7220201492,80.1876068115,74600,74691,91
12.8393802643,80.2276077271,76088,76119,31
12.9001903534,80.2278213501,76717,76768,51
12.90528965,80.2281570435,76910,76991,81
12.9632997513,80.2466812134,77762,77823,61
12.9850997925,80.2520294189,78107,78157,50
13.0712995529,80.274230957,80112,80143,31
13.0809602737,80.275177002,80274,80325,51
13.0820598602,80.2757492065,80386,80436,50
13.0144796371,80.2252197266,6186,6277,91
13.0146303177,80.2253494263,10222,10283,61
13.0145101547,80.2253265381,10688,10759,71
13.0244197845,80.2284393311,25172,25203,31
12.9081497192,80.2285614014,27240,27300,60
12.90721035,80.2284622192,27331,27382,51
12.9010696411,80.2280502319,27452,27554,102
12.893239975,80.2275619507,27706,27756,50
12.8270101547,80.2195205688,29023,29074,51
12.8249502182,80.2159500122,29300,29462,162
12.8383798599,80.2279281616,29847,29888,41
12.8386802673,80.2278289795,29898,29979,81
12.8392295837,80.2276687622,29999,30060,61
12.8977899551,80.2276992798,30861,30911,50
12.9037303925,80.2279663086,31175,31246,71
12.9045000076,80.2279891968,31266,31317,51
12.9060602188,80.2280578613,31448,31560,112
12.9482898712,80.2403335571,32269,32442,173
12.9792604446,80.2525100708,33100,33181,81
13.0065498352,80.2442092896,34499,34540,41
13.0190200806,80.2242736816,35127,35168,41
13.0221500397,80.2262573242,36343,36374,31
13.0243501663,80.2283172607,36496,36556,60
13.0233802795,80.2275695801,36587,36637,50
13.0086603165,80.2311935425,36992,37053,61
13.0082597733,80.2336578369,37144,37175,31
13.0078001022,80.2356185913,37215,37296,81
13.0073604584,80.2379074097,37347,37408,61
12.9920501709,80.2504196167,37845,37927,82
12.9906101227,80.2507476807,37997,38129,132
12.9904603958,80.2506484985,38129,38301,172
12.9904298782,80.2505493164,38301,38393,92
12.9568796158,80.2438583374,39062,39102,40
12.9132499695,80.2293319702,39791,39832,41
12.9072704315,80.2283782959,39913,39974,61
12.8927497864,80.2274780273,40257,40298,41
12.8322896957,80.2291793823,41119,41159,40
12.7861499786,80.2206115723,43115,43186,71
12.8394403458,80.2276763916,43936,43967,31
12.9002504349,80.2277832031,44767,44858,91
12.9053401947,80.2281112671,44939,44970,31
12.9059000015,80.2281112671,45000,45071,71
12.9063997269,80.2282409668,45081,45132,51
12.899479866,80.2280197144,45314,45477,163
12.8315200806,80.228843689,46530,46642,112
12.8921003342,80.2272567749,48665,48705,40
12.9007101059,80.2277679443,48796,48898,102
12.9838895798,80.2522964478,50003,50034,31
13.0221595764,80.2265777588,51047,51088,41
13.0140695572,80.2255783081,51665,51767,102
13.0144996643,80.2255172729,54807,54898,91
13.0143899918,80.2255783081,57148,57219,71
13.0243501663,80.2283782959,57614,57665,51
13.0234298706,80.2277297974,57716,57757,41
13.0069599152,80.2399902344,58162,58223,61
12.9565401077,80.2436828613,59256,59287,31
12.9184703827,80.2300186157,59743,59824,81
12.9018297195,80.2280731201,60097,60128,31
12.899479866,80.2279968262,60168,60199,31
12.831700325,80.2292480469,60918,60949,31
12.8247203827,80.2160415649,61253,61445,192
12.8275403976,80.219367981,61668,61851,183
12.831199646,80.2251205444,62003,62114,111
12.8922796249,80.2273178101,62965,63007,42
12.9007701874,80.2278137207,63088,63159,71
12.9062900543,80.2281112671,63260,63301,41
13.0074501038,80.2372283936,66668,66800,132
13.0071201324,80.2388000488,66841,66993,152
13.0069904327,80.2396774292,67043,67124,81
12.907409668,80.2284164429,68989,69040,51
12.9027996063,80.2280502319,69121,69273,152
12.9006996155,80.2279434204,69324,69364,40
12.8397502899,80.2276763916,70134,70187,53
12.7869796753,80.2206573486,70856,70896,40
12.8992795944,80.227722168,74182,74223,41
12.9050798416,80.2279891968,74375,74445,70
12.9061498642,80.2280578613,74506,74567,61
12.9488201141,80.2405090332,75185,75236,51
12.9633903503,80.2465820313,75479,75540,61
12.9873600006,80.2513580322,75885,75966,81
13.0222501755,80.2263793945,76726,76888,162
13.0243196487,80.2284393311,76928,76979,51
13.0066604614,80.2456283569,77476,77536,60
13.0066795349,80.2470932007,77597,77638,41
12.9636602402,80.2469329834,78215,78246,31
12.900970459,80.2280426025,79087,79219,132
12.8397197723,80.227722168,79928,79969,41
12.9797496796,80.2526397705,82493,82533,40
12.9875497818,80.2513427734,82645,82746,101
13.0141801834,80.2260818481,83537,83587,50
12.9977798462,80.2562408447,18580,18671,91
12.9983596802,80.2559280396,18701,18742,41
12.9986400604,80.2559967041,19197,19328,131
12.9985303879,80.2560806274,19339,19450,111
13.0244102478,80.2284011841,20596,20646,50
13.0234203339,80.227722168,20687,20737,50
13.0069999695,80.2399368286,21182,21233,51
12.9879398346,80.2514190674,21575,21647,72
12.9010400772,80.228012085,22689,22770,81
12.8995199203,80.227897644,22800,22840,40
12.8398704529,80.2277374268,23568,23619,51
12.7862195969,80.2205505371,26309,26350,41
12.8999595642,80.2277984619,27674,27715,41
12.906080246,80.2281417847,27856,27887,31
12.948849678,80.2406234741,28463,28503,40
12.9798002243,80.2526397705,28989,29039,50
12.9875602722,80.2513504028,29181,29302,121
13.0235300064,80.2277984619,30212,30263,51
13.0082998276,80.2335281372,31021,31062,41
13.0082597733,80.2336730957,31062,31102,40
13.0071897507,80.2387619019,31274,31396,122
13.0066699982,80.2437286377,31527,31578,51
12.9808101654,80.2527236938,32336,32397,61
12.9786396027,80.2525863647,32437,32579,142
12.9567203522,80.2437210083,32932,32983,51
12.9502496719,80.2411727905,33104,33205,101
12.9133501053,80.229309082,33731,33762,31
12.9075899124,80.2284469604,33832,33903,71
12.9025201797,80.2280807495,34035,34126,91
12.902179718,80.228012085,34126,34217,91
12.8987197876,80.2278823853,34287,34328,41
12.8416204453,80.2271194458,35167,35208,41
12.8399496078,80.2276306152,35329,35369,40
12.8273200989,80.2194366455,35723,35764,41
12.824760437,80.2159500122,35994,36037,43
12.892080307,80.2272567749,37007,37048,41
12.9054803848,80.2281112671,37392,37483,91
12.9561595917,80.2433013916,38190,38231,41
12.9628295898,80.2463226318,38322,38362,40
12.9825801849,80.252532959,38605,38666,61
12.9878196716,80.2542419434,38838,38898,60
12.9940795898,80.2559585571,39060,39100,40
12.9954795837,80.2558517456,39161,39222,61
12.9968004227,80.2558822632,39252,39313,61
12.997879982,80.2563476563,40961,41012,51
12.9975004196,80.2559280396,41052,41083,31
12.9568796158,80.2437362671,41841,41881,40
12.9565296173,80.2435684204,41881,41942,61
12.892490387,80.2274475098,42781,42822,41
12.7871704102,80.2207870483,43995,44096,101
12.7867698669,80.2206268311,44116,44156,40
12.8392496109,80.2276992798,45633,45683,50
12.8922395706,80.2272796631,46229,46280,51
12.9060697556,80.2281417847,46522,46563,41
12.9487600327,80.240562439,47048,47099,51
12.984000206,80.2523117065,47614,47665,51
12.9858598709,80.2517700195,47705,47827,122
13.0243501663,80.2283630371,50223,50254,31
13.0235795975,80.2278594971,50294,50355,61
13.0068998337,80.2400817871,51336,51407,71
12.9565095901,80.2435913086,52357,52398,41
12.9498901367,80.2410507202,52509,52549,40
12.9067497253,80.2283096313,53115,53176,61
12.8273601532,80.2193069458,54564,54595,31
12.9005699158,80.2277984619,55727,55778,51
12.9867401123,80.2516098022,57032,57153,121
13.0194501877,80.2242965698,57921,57952,31
13.0244102478,80.2285003662,58114,58164,50
13.0235900879,80.2278823853,58205,58356,151
13.006939888,80.2403106689,59287,59327,40
12.9883499146,80.2513504028,59731,59883,152
12.9340295792,80.2330932617,60722,60753,31
12.7872896194,80.2207717896,62574,62624,50
12.7862501144,80.2216491699,62705,62756,51
12.8395004272,80.2276382446,65688,65719,31
12.9470100403,80.2399673462,67276,67367,91
12.9816398621,80.2526397705,68105,68146,41
13.0097703934,80.2268600464,69218,69278,60
13.0110797882,80.2238998413,69359,69400,41
13.0194301605,80.2244033813,69662,69703,41
13.0240497589,80.2281112671,69865,69905,40
13.0242996216,80.2284317017,69915,69996,81
13.0235700607,80.2279129028,70026,70067,41
13.0069198608,80.2399368286,70987,71078,91
13.0066299438,80.243888855,71189,71280,91
12.9563999176,80.2436676025,72524,72555,31
12.827340126,80.2193984985,74861,74972,111
12.8311195374,80.2221221924,75063,75094,31
12.8391704559,80.2277297974,75336,75367,31
12.9063997269,80.2282028198,76287,76358,71
12.9629096985,80.2464523315,77065,77106,41
12.986869812,80.2515487671,77429,77480,51
12.9976596832,80.2571182251,78046,78158,112
12.9984102249,80.2566680908,84205,84347,142
12.998339653,80.2567672729,84752,84863,111
13.0141296387,80.2264022827,21169,21200,31
13.0069704056,80.240020752,21402,21463,61
12.9006004333,80.2278594971,25580,25631,51
12.9024896622,80.2279510498,25661,25692,31
12.906539917,80.228187561,25752,25793,41
12.9877700806,80.2513275146,26875,26976,101
13.0235500336,80.2278366089,27815,27856,41
13.023150444,80.2274398804,27876,27927,51
13.0221300125,80.2264404297,27957,28018,61
13.0067501068,80.2425689697,28483,28544,61
12.9567699432,80.2437896729,29524,29555,31
12.9496002197,80.241027832,29696,29818,122
12.902759552,80.2281112671,30556,30647,91
12.8901796341,80.2273788452,30950,30981,31
12.8276195526,80.2194824219,32214,32245,31
12.8381004333,80.2280426025,34270,34311,41
12.8384799957,80.2279205322,34321,34402,81
12.8388700485,80.2278213501,34402,34523,121
12.8392601013,80.2277069092,34533,34574,41
12.8921604156,80.2273025513,35221,35302,81
12.8985395432,80.2276916504,35382,35484,102
12.9050998688,80.2280883789,35655,35706,51
12.9061403275,80.2281570435,35767,35838,71
12.9487304688,80.240562439,36475,36525,50
12.9632797241,80.2465820313,36798,36879,81
12.9822597504,80.2525405884,37192,37375,183
13.0240802765,80.2280273438,39043,39083,40
13.0243902206,80.2284088135,39094,39215,121
13.0234899521,80.2277679443,39255,39306,51
13.023440361,80.2275466919,39306,39357,51
13.0082397461,80.233581543,39710,39741,31
13.0079402924,80.2349014282,39781,39812,31
13.0068998337,80.2400817871,40004,40105,101
12.9808597565,80.2527313232,40722,40762,40
12.9569597244,80.2437973022,41126,41187,61
12.956609726,80.2436599731,41207,41247,40
12.8930196762,80.2274627686,42119,42160,41
12.7884397507,80.2212219238,43343,43383,40
12.7861995697,80.2208480835,44010,44111,101
12.7862100601,80.2204818726,44121,44172,51
12.9054803848,80.2281112671,45668,45719,51
12.9061098099,80.2281570435,45749,45800,51
12.9633197784,80.2465591431,46588,46629,41
12.9870796204,80.2515106201,47033,47155,122
13.0154895782,80.2249603271,47852,47883,31
13.0197401047,80.2245483398,47943,47974,31
13.0148200989,80.2258987427,50574,50675,101
13.014289856,80.2258987427,51868,51909,41
13.0243997574,80.2284622192,52283,52333,50
13.0233802795,80.2276611328,52374,52445,71
13.0068798065,80.2401733398,52879,52950,71
13.0067396164,80.2471618652,53041,53112,71
12.9882898331,80.2512588501,53365,53486,121
12.9568595886,80.2437515259,53911,53961,50
12.9010400772,80.2279663086,54608,54669,61
12.8246803284,80.2159805298,55805,55865,60
12.9007396698,80.2278289795,57009,57090,81
12.9867801666,80.2516098022,58273,58334,61
13.0235204697,80.2277679443,59711,59751,40
13.0069799423,80.240196228,60196,60237,41
12.9882097244,80.251411438,60581,60722,141
12.956489563,80.2436523438,61106,61187,81
12.906999588,80.2283935547,61703,61743,40
12.9011001587,80.2280502319,61814,61865,51
12.8397397995,80.2276992798,62502,62542,40
12.7866802216,80.220489502,63189,63230,41
12.786239624,80.2216567993,63291,63361,70
12.786239624,80.222038269,63361,63513,152
12.786190033,80.2208480835,63816,63847,31
12.8383398056,80.2279663086,64666,64716,50
12.8387403488,80.2278823853,64716,64757,41
12.8390798569,80.2277679443,64767,64807,40
12.8560600281,80.2263183594,65131,65171,40
12.9052495956,80.2281188965,65909,65980,71
12.9464502335,80.2395935059,66649,66730,81
12.9484901428,80.2404632568,66800,66922,122
12.9625797272,80.2461395264,67185,67245,60
12.9788398743,80.252456665,67528,67559,31
13.0064897537,80.2409591675,68489,68540,51
13.0100898743,80.225982666,68752,68813,61
13.0070295334,80.239440918,69834,69945,111
12.9071798325,80.2283630371,72119,72200,81
12.8455696106,80.2266311646,72989,73020,31
12.7879104614,80.220993042,73727,73768,41
12.7862796783,80.2203826904,73839,73940,101
12.9007301331,80.2278366089,76903,76994,91
12.9052495956,80.2281417847,77075,77135,60
12.9632997513,80.2466812134,77985,78056,71
12.9859600067,80.2517929077,78389,78430,41
12.9873600006,80.2514038086,78470,78551,81
13.0242795944,80.2284088135,80493,80574,81
13.0141897202,80.2258224487,80756,80857,101
12.9869403839,80.2586212158,4356,4477,121
12.9871997833,80.2586212158,13038,13180,142
12.9871902466,80.2587203979,16943,17054,111
12.9871797562,80.2586212158,17054,17236,182
12.9871997833,80.2586593628,17763,17955,192
12.9871301651,80.2585983276,19118,19280,162
12.9870901108,80.2585601807,19280,19412,132
12.9867601395,80.2591018677,21566,21617,51
12.9874696732,80.2577896118,21677,21718,41
12.9875802994,80.2574386597,21718,21768,50
12.7864198685,80.2204284668,23528,23569,41
12.9488897324,80.2406082153,25633,25664,31
12.9873800278,80.251449585,26159,26220,61
13.0062799454,80.2473983765,27585,27616,31
12.9882602692,80.251373291,27818,27929,111
12.8999004364,80.2279510498,29173,29224,51
12.8409404755,80.2274017334,30043,30114,71
12.8402996063,80.2275924683,30134,30185,51
12.7879800797,80.221031189,30842,30882,40
12.8392801285,80.2277984619,32673,32764,91
12.8919200897,80.2272872925,33411,33451,40
12.8994998932,80.2277832031,33542,33603,61
12.8998603821,80.2277832031,33603,33704,101
12.9458398819,80.2393875122,34432,34483,51
12.9480895996,80.2402801514,34584,34766,182
12.9771604538,80.2513198853,35332,35373,41
12.9774503708,80.2514724731,35383,35464,81
12.9790201187,80.252532959,35535,35616,81
12.979809761,80.2525787354,35646,35818,172
13.0057497025,80.2470397949,36627,36728,101
13.0060997009,80.246887207,36728,36799,71
13.0066099167,80.2443618774,36941,37011,70
13.0066003799,80.2439880371,37011,37072,61
13.0243501663,80.2284698486,37911,38023,112
13.0234298706,80.2276992798,38053,38093,40
13.0233097076,80.2275466919,38093,38225,132
13.0233001709,80.2274398804,38225,38286,61
13.0070695877,80.2394714355,38862,38913,51
13.0067396164,80.2421188354,38973,39014,41
13.0066995621,80.2446594238,39105,39165,60
13.0067501068,80.2473297119,39226,39297,71
12.9890604019,80.2510986328,39600,39671,71
12.9571399689,80.243927002,40399,40430,31
12.8926200867,80.2274780273,41544,41605,61
12.8399600983,80.2276611328,42262,42313,51
12.9003000259,80.2278518677,44235,44296,61
12.9053897858,80.228187561,44448,44488,40
12.9062404633,80.2282485962,44508,44569,61
12.9559803009,80.2432632446,45217,45298,81
12.987159729,80.2514801025,45763,45864,101
13.019490242,80.2244033813,46633,46673,40
13.0234498978,80.2277069092,46845,46906,61
13.008480072,80.2317581177,47209,47270,61
13.0066099167,80.2427368164,47442,47483,41
12.9566001892,80.2435913086,48312,48393,81
12.9068002701,80.2283096313,49143,49184,41
12.8398103714,80.2276916504,50106,50147,41
12.8275299072,80.2194595337,50511,50562,51
12.9872598648,80.2514266968,54775,54897,122
13.0242700577,80.2283401489,55736,55787,51
12.9979600906,80.2488937378,56636,56677,41
12.9568099976,80.2437362671,57273,57334,61
12.7865800858,80.2205200195,59609,59640,31
12.8392801285,80.2277832031,61228,61288,60
12.9006204605,80.2279205322,61967,62028,61
13.0195398331,80.2244262695,64285,64325,40
13.0244102478,80.2285003662,64437,64508,71
13.0233802795,80.2276306152,64548,64588,40
13.0069704056,80.239730835,65205,65337,132
13.0067300797,80.2461090088,65519,65569,50
12.9638795853,80.2468566895,66813,66894,81
12.9072303772,80.2282409668,67784,67865,81
12.9014396667,80.2279663086,67946,68118,172
12.892539978,80.2273330688,68260,68320,60
12.8246803284,80.215927124,69433,69625,192
12.8273601532,80.2194137573,69848,69888,40
12.8393602371,80.2276992798,70222,70272,50
12.8665895462,80.2264404297,70647,70687,40
12.9001102448,80.2277526855,71051,71132,81
12.9051399231,80.2280578613,71243,71284,41
12.9062900543,80.2281265259,71334,71415,81
12.9562301636,80.243347168,72124,72165,41
12.9631900787,80.2464981079,72266,72306,40
13.0196895599,80.2244415283,73631,73662,31
13.0067300797,80.2471923828,74622,74683,61
12.9872398376,80.2585525513,75078,75158,80
12.9869098663,80.2584686279,75158,75219,61
12.9868202209,80.2585678101,75604,75654,50
12.9867601395,80.2585983276,75856,75887,31
12.9868402481,80.2585220337,75887,76018,131
12.9867401123,80.2586517334,76575,76676,101
