latitude,longitude,Time_Start,Time_Stop,TimeTaken
13.008099556,80.2133102417,22543,22564,21
12.9993200302,80.2146911621,22726,22746,20
12.9876098633,80.2564620972,25324,25344,20
12.9762401581,80.2215805054,26378,26406,28
12.9877796173,80.2551727295,27106,27126,20
12.9873399734,80.2592315674,27196,27217,21
12.986989975,80.2595977783,27317,27337,20
12.987569809,80.2562026978,27481,27511,30
12.9813499451,80.2427062988,27853,27875,22
12.9812803268,80.2378768921,27945,27965,20
12.9816598892,80.2332992554,28026,28046,20
12.9773797989,80.22265625,28290,28320,30
12.9863996506,80.2229690552,28542,28562,20
13.0342998505,80.2300109863,30222,30252,30
13.0341901779,80.2300567627,31139,31169,30
13.0341901779,80.2300567627,31169,31199,30
13.0277996063,80.2323532104,31311,31340,29
13.0277996063,80.2323532104,31340,31369,29
13.0145196915,80.2262268066,31624,31654,30
12.9909296036,80.2200698853,32413,32433,20
12.9801597595,80.2521972656,33343,33363,20
12.987279892,80.2594070435,34079,34100,21
12.9811401367,80.2442779541,35506,35526,20
12.9811601639,80.2442092896,35526,35547,21
12.981180191,80.2440719604,35547,35567,20
12.9813699722,80.2429275513,35658,35678,20
12.9816102982,80.2333908081,35860,35880,20
12.9793996811,80.2267608643,36072,36092,20
13.0192899704,80.2242965698,37205,37235,30
13.0208997726,80.2253723145,37296,37326,30
13.0216503143,80.2259368896,37346,37367,21
13.0290298462,80.230796814,37700,37719,19
13.0349702835,80.2300796509,37996,38016,20
13.0278396606,80.2324523926,38572,38602,30
12.9828901291,80.2219772339,40049,40079,30
12.9849004745,80.2520675659,40949,40969,20
12.9877796173,80.2548370361,41213,41233,20
12.9874401093,80.2578811646,41991,42012,21
12.9806203842,80.2527236938,42356,42376,20
12.9828195572,80.2218780518,43086,43116,30
12.9864997864,80.2229614258,43187,43207,20
12.9974403381,80.2161712646,43441,43461,20
13.0076904297,80.2129211426,43633,43663,30
13.0195798874,80.2244720459,43925,43946,21
13.0291996002,80.2308578491,44227,44250,23
13.0350198746,80.2299194336,44502,44522,20
13.0345897675,80.2298431396,44532,44553,21
13.0341796875,80.2300415039,44603,44623,20
13.0310897827,80.230682373,44795,44825,30
13.0202598572,80.2250518799,45190,45210,20
13.0111598969,80.2234191895,45432,45453,21
12.9822797775,80.221786499,46201,46231,30
12.9851799011,80.2520599365,46968,46988,20
12.9872598648,80.259147644,47404,47424,20
12.9865598679,80.2594299316,47656,47676,20
12.9800100327,80.2527236938,47959,47979,20
12.9772396088,80.2227020264,48506,48526,20
12.9903802872,80.2203598022,48839,48859,20
13.0197401047,80.2245483398,49478,49500,22
13.0259103775,80.2307815552,49643,49671,28
13.0345602036,80.2303237915,49855,49885,30
13.0143203735,80.2261734009,50441,50461,20
13.0142097473,80.2260284424,50805,50824,19
13.0194597244,80.2243499756,51179,51199,20
13.0241498947,80.2285079956,51331,51361,30
13.0143995285,80.2262878418,51645,51665,20
13.0079603195,80.2132034302,52059,52079,20
13.0051898956,80.2126617432,52129,52150,21
12.9974498749,80.2162628174,52271,52291,20
12.9762096405,80.2215423584,52716,52736,20
12.9871702194,80.2595291138,53808,53828,20
12.9870500565,80.2595672607,53828,53858,30
12.9813098907,80.2428207397,54911,54931,20
12.9806203842,80.2289810181,55184,55204,20
12.9771299362,80.2226333618,55325,55345,20
12.9867696762,80.2229690552,55578,55599,21
12.9938602448,80.2177810669,55760,55780,20
12.9941797256,80.2175598145,55791,55811,20
12.9961299896,80.2165298462,55892,55922,30
12.9974803925,80.2160415649,55952,55972,20
13.001999855,80.2123184204,56073,56094,21
13.0023498535,80.2121734619,56134,56154,20
13.0219602585,80.2261734009,56691,56712,21
13.028169632,80.2308578491,56883,56904,21
13.028429985,80.2308731079,56904,56934,30
13.0291500092,80.2308502197,56944,56974,30
13.0347900391,80.2303009033,57075,57105,30
13.0341396332,80.2304763794,57633,57653,20
13.023059845,80.2274398804,57966,57986,20
13.0081596375,80.2133331299,58502,58523,21
13.0080499649,80.2133026123,58523,58553,30
12.9876804352,80.2231292725,59027,59047,20
12.9763002396,80.2217025757,59291,59320,29
12.9763002396,80.2217025757,59320,59342,22
12.9801702499,80.2281188965,59423,59443,20
12.9836101532,80.2524490356,59928,59958,30
12.9872903824,80.2593383789,60303,60323,20
12.9870195389,80.259147644,61385,61405,20
12.9799499512,80.2527694702,61708,61737,29
12.9762802124,80.2216567993,62803,62823,20
12.9817895889,80.233291626,63052,63076,24
12.9813699722,80.238571167,63146,63167,21
12.9873304367,80.2593002319,64309,64329,20
12.987859726,80.2520599365,64946,64966,20
12.9798898697,80.2523803711,65088,65108,20
12.9813299179,80.2429199219,65259,65280,21
12.9811897278,80.2356567383,65927,65947,20
12.9811601639,80.23487854,66018,66038,20
12.9812202454,80.2343063354,66079,66109,30
12.9815397263,80.2335128784,66149,66169,20
12.9771795273,80.2227630615,66503,66522,19
12.9828395844,80.2220001221,66687,66707,20
12.9863004684,80.2230377197,66818,66838,20
12.9903202057,80.2205123901,66949,66979,30
12.9947299957,80.2172775269,67070,67091,21
12.9974899292,80.2162017822,67151,67171,20
13.0075397491,80.212890625,67403,67433,30
13.0278196335,80.2310409546,68083,68104,21
13.0330896378,80.2305984497,68347,68377,30
13.0348396301,80.2301101685,68529,68559,30
13.0337400436,80.2305374146,69411,69431,20
13.0297803879,80.2308883667,69502,69522,20
13.0230503082,80.2275238037,69794,69814,20
13.0086097717,80.2137374878,70361,70390,29
12.9975595474,80.2161636353,70684,70705,21
12.9894104004,80.2214202881,71468,71497,29
12.9888696671,80.22215271,71592,71622,30
12.9882297516,80.2228012085,71744,71772,28
12.9871902466,80.2231826782,71873,71903,30
12.9866304398,80.2230834961,71903,71931,28
12.9762296677,80.2217330933,72277,72297,20
12.9819803238,80.2319412231,72560,72580,20
12.9813404083,80.243019104,72965,72985,20
12.9871997833,80.2595367432,73803,73826,23
12.9869403839,80.2591705322,75222,75252,30
12.9798603058,80.2523574829,75778,75798,20
12.9812698364,80.2428894043,75950,75970,20
12.9812898636,80.2398529053,76132,76152,20
12.9812402725,80.2387466431,76192,76212,20
12.9812402725,80.237953186,76233,76253,20
12.9814500809,80.2336425781,76334,76354,20
12.9771003723,80.2227096558,76659,76679,20
12.9828796387,80.2219467163,76820,76841,21
12.9855203629,80.2230300903,77063,77083,20
12.9856796265,80.2229385376,77093,77122,29
12.9867601395,80.2229690552,77144,77174,30
12.9903202057,80.2203979492,77265,77295,30
13.0346298218,80.2303009033,78349,78379,30
13.0267400742,80.2330093384,78672,78702,30
12.8791599274,80.2110137939,21076,21096,20
12.8766202927,80.2269134521,21298,21318,20
12.9017400742,80.2279281616,21671,21701,30
12.9069795609,80.2282485962,21782,21812,30
12.9140901566,80.2293014526,21903,21923,20
12.939740181,80.2356185913,22297,22317,20
12.9774703979,80.2214889526,23456,23477,21
12.9823198318,80.2217025757,23547,23567,20
13.0073003769,80.209777832,24082,24112,30
13.0091199875,80.2113800049,25252,25282,30
12.997420311,80.2165374756,25806,25826,20
12.9762601852,80.2216033936,26210,26240,30
12.9813299179,80.2385864258,26522,26542,20
12.9813804626,80.24269104,26593,26613,20
12.9653301239,80.2475128174,26946,26966,20
12.9636201859,80.2468719482,27006,27027,21
12.9432296753,80.2370529175,27390,27410,20
12.9397296906,80.2357711792,27460,27480,20
12.9339599609,80.2330322266,27571,27591,20
12.926030159,80.2310333252,27682,27712,30
12.9132404327,80.2293014526,27874,27894,20
12.899600029,80.2279510498,28257,28287,30
12.8948001862,80.2276763916,28348,28378,30
12.8790903091,80.2109527588,28872,28892,20
12.8744697571,80.2101211548,28953,28973,20
12.8794202805,80.2110290527,29578,29598,20
12.8767995834,80.2268829346,29770,29800,30
12.8852701187,80.2266387939,29881,29901,20
12.8941297531,80.2274703979,30042,30062,20
12.9053096771,80.2281723022,30264,30294,30
12.9138202667,80.2292175293,30445,30466,21
12.9192399979,80.2299804688,30546,30566,20
12.9260501862,80.2308807373,30647,30667,20
12.9337396622,80.2327423096,30798,30819,21
12.9470996857,80.2398681641,31081,31101,20
12.9509897232,80.2412567139,31313,31343,30
12.9590501785,80.2444763184,31545,31565,20
12.9628801346,80.2463226318,31625,31644,19
12.9665298462,80.2477798462,31797,31827,30
12.9744701385,80.250541687,31928,31958,30
12.9799604416,80.2522964478,32039,32059,20
12.9813299179,80.239692688,32251,32271,20
12.9815502167,80.2334976196,32402,32432,30
12.9773101807,80.2227020264,32724,32745,21
12.98279953,80.2218322754,32896,32926,30
12.9932203293,80.21824646,33219,33249,30
12.9933795929,80.2181472778,33259,33279,20
12.9935798645,80.2179794312,33279,33299,20
12.9940795898,80.2176513672,33330,33350,20
13.0069103241,80.2097091675,33743,33763,20
13.0091695786,80.2113571167,34721,34751,30
12.9975299835,80.2164993286,35367,35387,20
12.9807596207,80.2289962769,36093,36123,30
12.9813404083,80.2383728027,36304,36325,21
12.9814100266,80.2426071167,36466,36486,20
12.9725799561,80.2501296997,36738,36758,20
12.9649095535,80.2472915649,36859,36879,20
12.9568099976,80.2437362671,37020,37039,19
12.9565401077,80.243637085,37061,37091,30
12.9341201782,80.2330780029,37494,37514,20
12.9260501862,80.2309875488,37635,37656,21
12.8885498047,80.2273788452,38654,38674,20
12.8764400482,80.2265014648,38886,38906,20
12.8789100647,80.2109069824,39057,39077,20
12.874420166,80.2100982666,39158,39178,20
12.8746795654,80.2099380493,39652,39682,30
12.8791799545,80.2109603882,39814,39844,30
12.8764600754,80.226852417,40025,40055,30
12.9027996063,80.2279205322,40429,40459,30
12.9056100845,80.2280807495,40509,40528,19
12.9335899353,80.2326965332,40923,40943,20
12.9352197647,80.2334671021,40953,40973,20
12.9397296906,80.2356414795,41034,41054,20
12.9472904205,80.239982605,41165,41185,20
12.9563302994,80.2433319092,41346,41366,20
12.9666996002,80.2478790283,41538,41558,20
12.9813499451,80.2427597046,41840,41860,20
12.981590271,80.2334136963,41992,42022,30
12.9806203842,80.2289962769,42103,42123,20
12.9822397232,80.2216491699,42444,42465,21
12.9829101563,80.2218933105,42486,42506,20
13.0136203766,80.204498291,43303,43323,20
13.0135002136,80.2049789429,43343,43363,20
12.9973897934,80.2165374756,44876,44896,20
12.9907598495,80.2201538086,45008,45028,20
12.9832296371,80.2221908569,45290,45310,20
12.9761800766,80.2215423584,45431,45450,19
12.9564399719,80.2437286377,46359,46389,30
12.9191598892,80.230140686,46983,47002,19
12.901550293,80.2280197144,47285,47305,20
12.8994998932,80.2278671265,47345,47375,30
12.8931903839,80.2275238037,47446,47466,20
12.8764095306,80.2264480591,47698,47718,20
12.8743696213,80.210067749,47960,47990,30
12.8792800903,80.2110214233,49936,49957,21
12.8764600754,80.2268676758,50128,50148,20
12.9024400711,80.2279434204,50491,50521,30
12.9138402939,80.2292861938,50693,50713,20
12.9436798096,80.2373199463,51187,51207,20
12.981880188,80.2327880859,52105,52125,20
12.9774103165,80.221321106,52387,52407,20
13.0075397491,80.2098693848,53284,53314,30
12.9950799942,80.2170562744,54918,54938,20
12.99077034,80.2202072144,55019,55039,20
12.9763402939,80.2218093872,55341,55361,20
12.9812602997,80.2391204834,55644,55674,30
12.978679657,80.2526397705,55886,55906,20
12.956489563,80.2437210083,56289,56309,20
12.9516401291,80.2416534424,56380,56400,20
12.9340600967,80.2331008911,56692,56713,21
12.9132204056,80.2292709351,56985,57005,20
12.8992300034,80.2278823853,57187,57207,20
12.8789396286,80.2109603882,57711,57741,30
12.9027795792,80.2280197144,58880,58900,20
12.9057502747,80.2281799316,58940,58960,20
12.9397201538,80.2357025146,59464,59485,21
12.9799604416,80.252243042,60231,60251,20
13.0063495636,80.2096176147,61572,61602,30
13.0136003494,80.2047576904,61834,61854,20
13.0109796524,80.2231216431,63620,63640,20
12.9908800125,80.220161438,63973,63993,20
12.9834604263,80.2223205566,64165,64195,30
12.9816799164,80.2306518555,64588,64608,20
12.9813203812,80.2386322021,64800,64820,20
12.9799404144,80.2526016235,65012,65032,20
12.9785995483,80.2526321411,65062,65092,30
12.9653997421,80.2475280762,65254,65274,20
12.9592103958,80.2447662354,65375,65395,20
12.956580162,80.2437515259,65445,65464,19
12.9518203735,80.2417831421,65526,65546,20
12.9471101761,80.2400665283,65637,65657,20
12.9339599609,80.2330780029,65909,65929,20
12.9263095856,80.2310714722,66030,66050,20
12.8992395401,80.2279281616,66645,66665,20
12.8765497208,80.2269668579,66988,67017,29
12.8789396286,80.2109832764,67230,67250,20
12.8744602203,80.2101211548,67341,67371,30
12.874710083,80.2099914551,67412,67442,30
12.8786697388,80.2109603882,67550,67570,20
12.9031000137,80.2279891968,68226,68246,20
12.9139003754,80.229309082,68599,68629,30
12.918970108,80.2300186157,68700,68730,30
12.9265298843,80.2309875488,68821,68851,30
12.9334201813,80.2326965332,68952,68972,20
12.9396400452,80.2357025146,69053,69073,20
12.9473104477,80.2400436401,69174,69194,20
12.9512996674,80.2414474487,69335,69355,20
12.9590101242,80.2445831299,69506,69527,21
12.9664802551,80.247833252,69668,69698,30
12.9744300842,80.2505722046,69799,69819,20
12.9798297882,80.2525177002,69900,69930,30
12.981010437,80.2449264526,70091,70111,20
12.9810199738,80.2448272705,70111,70132,21
12.9810400009,80.2446975708,70142,70162,20
12.9811401367,80.243850708,70263,70283,20
12.981300354,80.2422027588,70505,70535,30
12.9812898636,80.2403488159,70646,70666,20
12.9812803268,80.2400436401,70676,70696,20
12.9812698364,80.2398071289,70706,70727,21
12.9812097549,80.2379608154,70757,70777,20
12.9809598923,80.2297134399,71019,71039,20
12.9805402756,80.2289733887,71059,71080,21
12.9777002335,80.2242965698,71201,71221,20
12.9772396088,80.2227401733,71271,71301,30
12.9824199677,80.2219085693,71503,71533,30
12.9832201004,80.2221984863,71594,71614,20
12.9859895706,80.2230072021,71816,71836,20
12.9862098694,80.2230224609,71836,71856,20
12.9903001785,80.2204284668,72028,72048,20
12.9941501617,80.2176437378,72138,72159,21
12.9974098206,80.216178894,72229,72249,20
13.0035295486,80.2119903564,72391,72421,30
13.0074300766,80.2098693848,72562,72592,30
13.0135803223,80.2043304443,72834,72855,21
13.010020256,80.2115631104,73935,73955,20
13.0095396042,80.2111968994,73975,74005,30
13.0067796707,80.2515335083,74590,74620,30
12.9978399277,80.2571487427,75619,75639,20
12.9869098663,80.2591018677,20908,20928,20
12.9799203873,80.2523193359,21221,21251,30
12.9816598892,80.2332611084,21725,21744,19
12.9806900024,80.2290420532,21846,21865,19
12.9757499695,80.2211608887,22028,22058,30
12.9652500153,80.2069168091,22502,22532,30
12.965259552,80.2000808716,22674,22694,20
12.9659099579,80.1887283325,22884,22906,22
12.9652996063,80.1919403076,23491,23511,20
12.9647903442,80.1970825195,23602,23632,30
12.9813299179,80.2387084961,24580,24601,21
12.9813804626,80.2428512573,24661,24681,20
12.9801397324,80.2522735596,24772,24792,20
12.997710228,80.256362915,18126,18146,20
12.7847003937,80.2196426392,21962,21982,20
12.7632102966,80.1835021973,23375,23396,21
12.8310699463,80.2293319702,24646,24668,22
12.9877595901,80.2557373047,26606,26626,20
12.9989404678,80.2560501099,26798,26818,20
13.006770134,80.2525863647,27011,27031,20
12.9984998703,80.2560424805,29585,29605,20
12.9975204468,80.255897522,29625,29655,30
12.9787397385,80.2526092529,30039,30059,20
12.9651002884,80.2473373413,30190,30210,20
12.9636297226,80.2468185425,30231,30261,30
12.956489563,80.243637085,30392,30422,30
12.9448604584,80.2387619019,30715,30735,20
12.9434995651,80.2373123169,30865,30887,22
12.9425497055,80.2365722656,31048,31068,20
12.941450119,80.2362365723,31149,31169,20
12.940870285,80.2361373901,31260,31280,20
12.9396696091,80.2357788086,31361,31381,20
12.9382896423,80.2350692749,31472,31492,20
12.9339399338,80.2329864502,31957,31977,20
12.933429718,80.2327880859,31997,32017,20
12.9327697754,80.2324829102,32088,32118,30
12.9132604599,80.2292480469,32350,32370,20
12.899020195,80.2278594971,32613,32643,30
12.884519577,80.2267227173,32855,32875,20
12.8766202927,80.2269821167,32966,32996,30
12.8501501083,80.226600647,33289,33309,20
12.8399095535,80.2277374268,33541,33570,29
12.8188800812,80.2304763794,33844,33864,20
12.8009195328,80.2235870361,34076,34106,30
12.7860403061,80.2202682495,34278,34308,30
12.7704696655,80.1846084595,35326,35345,19
12.7687196732,80.1837921143,35375,35395,20
12.7618398666,80.1848831177,35749,35779,30
12.786450386,80.2204284668,36657,36677,20
12.997590065,80.2561264038,41512,41532,20
13.0067300797,80.2526931763,41815,41835,20
13.0065803528,80.2568588257,42037,42067,30
12.9985704422,80.2561035156,42299,42329,30
12.9787101746,80.2526168823,42713,42733,20
12.9568395615,80.2437820435,43006,43036,30
12.956580162,80.2436904907,43046,43076,30
12.7746295929,80.1937332153,45771,45791,20
12.7631597519,80.1835327148,46094,46114,20
12.9065198898,80.2281417847,48526,48546,20
12.9470996857,80.239906311,48990,49011,21
12.9975595474,80.2559127808,50303,50323,20
12.9977703094,80.2559432983,52553,52583,30
12.9565696716,80.2435302734,53199,53229,30
12.8397502899,80.2276992798,54481,54501,20
12.7864198685,80.2204284668,55036,55066,30
12.7845497131,80.2195663452,55107,55127,20
12.7868099213,80.2205429077,57438,57458,20
12.8013601303,80.2236099243,57640,57660,20
12.8314695358,80.2292327881,57993,58013,20
12.8756999969,80.2268981934,58629,58659,30
12.8976898193,80.2276763916,58962,58992,30
12.8983097076,80.2276992798,59033,59053,20
12.9139900208,80.2292785645,59376,59396,20
12.9472799301,80.2399978638,59780,59800,20
12.963060379,80.2464599609,60042,60062,20
12.9854803085,80.2519607544,60466,60496,30
12.9878702164,80.2546005249,60678,60698,20
12.9880800247,80.2557525635,60749,60769,20
13.0005903244,80.2563171387,61082,61102,20
13.0029296875,80.2568435669,63888,63918,30
12.9976902008,80.2559661865,64140,64160,20
12.9961004257,80.2559127808,64201,64221,20
12.9652299881,80.247428894,64816,64836,20
12.9594898224,80.2448425293,64917,64937,20
12.9517402649,80.2416915894,65048,65069,21
12.8994998932,80.227897644,65937,65957,20
12.8849496841,80.2267837524,66179,66199,20
12.8765096664,80.2270202637,66290,66310,20
12.8609600067,80.2266616821,66482,66502,20
12.8609600067,80.2266616821,66502,66522,20
12.8454303741,80.2266616821,66674,66694,20
12.8397397995,80.2277374268,66775,66795,20
12.7876501083,80.2209396362,67592,67622,30
12.7868204117,80.2206420898,67663,67693,30
12.7708101273,80.2129211426,67976,67996,20
12.7690000534,80.1841583252,68531,68561,30
12.7631902695,80.1835632324,68692,68713,21
12.7709598541,80.2132110596,69762,69783,21
12.7866401672,80.2205429077,69954,69984,30
12.7964200974,80.2230224609,70116,70136,20
12.805150032,80.2240829468,70267,70296,29
12.8453397751,80.226600647,70992,71012,20
12.8500204086,80.2265472412,71093,71113,20
12.8763399124,80.2269134521,71628,71648,20
12.9000501633,80.2278594971,72052,72082,30
12.9026002884,80.228012085,72122,72143,21
12.9057397842,80.2281494141,72193,72213,20
12.9335699081,80.2327804565,72597,72617,20
12.9394197464,80.2355804443,72708,72728,20
12.9972600937,80.2558898926,74050,74071,21
12.9978199005,80.2566070557,74121,74151,30
12.9968004227,80.1914367676,22811,22841,30
13.0037698746,80.2009124756,23810,23831,21
12.9761400223,80.221282959,25162,25183,21
12.9828701019,80.2219390869,25315,25335,20
12.9864501953,80.2229614258,25406,25426,20
12.9987297058,80.2151107788,25648,25668,20
13.0074596405,80.2098236084,25890,25910,20
13.0186500549,80.2059326172,26153,26173,20
13.0349998474,80.2112426758,26425,26445,20
13.0439300537,80.2122879028,26556,26577,21
13.0631504059,80.2115631104,26940,26960,20
13.0696001053,80.2051773071,27091,27112,21
13.0687599182,80.2049407959,27162,27192,30
13.0744695663,80.1994934082,27414,27435,21
13.0871601105,80.1981201172,27657,27677,20
13.0880002975,80.1822814941,27899,27918,19
13.088060379,80.1790390015,27962,27992,30
13.088060379,80.1790390015,27992,28012,20
13.0945997238,80.1698608398,28275,28295,20
13.0994596481,80.1702575684,28941,28971,30
13.0882902145,80.1785507202,29284,29304,20
13.057849884,80.2116088867,30960,30980,20
13.0448999405,80.212387085,31212,31242,30
13.0352802277,80.2123718262,31364,31384,20
13.0343198776,80.2121810913,31414,31434,20
13.0316400528,80.2095413208,31515,31535,20
13.0196800232,80.2064285278,31808,31828,20
13.0181903839,80.2060394287,31919,31949,30
13.010020256,80.2114181519,32262,32282,20
13.0089998245,80.2116317749,32494,32514,20
12.9978103638,80.2164993286,33140,33170,30
12.9974098206,80.216506958,33170,33191,21
12.9757900238,80.2202072144,33564,33594,30
12.9828901291,80.2218704224,34755,34775,20
12.9865598679,80.2228775024,34856,34876,20
12.9971704483,80.2164306641,35159,35179,20
12.9975795746,80.2160720825,35199,35219,20
13.0074796677,80.2097702026,35513,35543,30
13.0150203705,80.2046127319,35796,35816,20
13.0186100006,80.205947876,35897,35917,20
13.0216598511,80.206237793,35966,35988,22
13.0244503021,80.2067108154,36028,36048,20
13.0316095352,80.2093276978,36200,36230,30
13.0361003876,80.2122573853,36401,36422,21
13.0482797623,80.212059021,36593,36613,20
13.0743598938,80.199508667,37481,37502,21
13.08796978,80.1820068359,38086,38104,18
13.0880403519,80.1790237427,38125,38146,21
13.0884599686,80.1719818115,38257,38277,20
13.099360466,80.1698379517,38590,38620,30
13.0878000259,80.189781189,39732,39753,21
13.0693998337,80.2046813965,40783,40813,30
13.0495700836,80.2121887207,41220,41240,20
13.0383701324,80.2124633789,41382,41402,20
13.0342102051,80.212097168,41553,41572,19
13.0102100372,80.2115478516,42171,42191,20
13.0149202347,80.2245330811,42504,42524,20
12.9757995605,80.2203369141,43265,43295,30
12.9976701736,80.2159729004,44531,44551,20
13.031999588,80.2095794678,45380,45398,18
13.0348701477,80.2117614746,45491,45511,20
13.0495901108,80.2119903564,45834,45854,20
13.0994701385,80.1696777344,47482,47512,30
13.0996103287,80.1699523926,49099,49119,20
13.0947399139,80.1698608398,49280,49300,20
13.0886001587,80.1719207764,49485,49505,20
13.088259697,80.1794509888,49656,49686,30
13.088139534,80.1819000244,49727,49747,20
13.0852603912,80.1987304688,50414,50434,20
13.0576000214,80.2116012573,51193,51214,21
13.0573797226,80.2115707397,51214,51232,18
13.0503902435,80.2122192383,51335,51365,30
13.0341396332,80.2121276855,51688,51718,30
13.0188703537,80.2062606812,52011,52031,20
13.0095796585,80.2110671997,52346,52376,30
13.0149002075,80.2258300781,52639,52659,20
13.0112400055,80.2234420776,52820,52841,21
12.9865999222,80.2229537964,54396,54426,30
12.9959201813,80.2164764404,54608,54628,20
13.0037097931,80.2117080688,54891,54911,20
13.0316200256,80.2094421387,55527,55548,21
13.0348796844,80.211517334,55639,55659,20
13.0348796844,80.2117385864,55659,55689,30
13.0353899002,80.2122116089,55710,55729,19
13.0484800339,80.2119674683,55982,56002,20
13.0575895309,80.2113418579,56163,56184,21
13.0719604492,80.2022781372,56577,56607,30
13.087220192,80.1929321289,57021,57042,21
13.0994701385,80.1696624756,57708,57738,30
13.0882701874,80.1785812378,59344,59364,20
13.0880203247,80.1853179932,59465,59495,30
13.0880002975,80.1860809326,59515,59541,26
13.0842695236,80.1987228394,60129,60159,30
13.073679924,80.2005462646,60321,60351,30
13.0698404312,80.2051086426,60432,60462,30
13.0495996475,80.2121963501,61108,61138,30
13.00963974,80.2111587524,62128,62148,20
12.9822998047,80.2217178345,64258,64278,20
12.9829702377,80.2220001221,64288,64308,20
12.9835300446,80.222366333,64318,64338,20
12.9864196777,80.2229232788,64399,64429,30
12.9868497849,80.2229690552,64429,64449,20
12.990480423,80.2204208374,64520,64540,20
12.997590065,80.2161026001,64692,64722,30
13.0149097443,80.2046432495,65388,65408,20
13.018529892,80.2059173584,65509,65539,30
13.0315198898,80.2094497681,65812,65842,30
13.0431003571,80.2122497559,66115,66145,30
13.050160408,80.2119293213,66387,66408,21
13.0556297302,80.21144104,66498,66519,21
13.05727005,80.2114181519,66519,66539,20
13.0632600784,80.2115325928,66650,66680,30
13.0717401505,80.2025527954,67032,67054,22
13.0746002197,80.1993484497,67155,67175,20
13.0871200562,80.1979598999,67518,67538,20
13.0880403519,80.1789932251,68043,68063,20
13.0884599686,80.1718902588,68184,68204,20
13.0885601044,80.1720199585,69517,69547,30
13.0882501602,80.1786804199,69658,69688,30
13.0877799988,80.1899795532,69941,69961,20
13.087220192,80.1979064941,70092,70112,20
13.0856399536,80.2004013062,70435,70454,19
13.0737104416,80.2004699707,70738,70758,20
13.0679101944,80.2052230835,71041,71071,30
13.0689401627,80.2047576904,71192,71213,21
13.0697698593,80.2049713135,71243,71273,30
13.0651798248,80.2113189697,71384,71404,20
13.0503702164,80.212272644,71657,71687,30
13.0494298935,80.2122573853,71717,71737,20
13.0341596603,80.2121810913,72394,72424,30
13.0304403305,80.2092971802,72535,72565,30
13.0190496445,80.206413269,72757,72777,20
13.0180501938,80.2060928345,72796,72818,22
13.011879921,80.212890625,73070,73100,30
13.0149898529,80.2248001099,73454,73474,20
13.0109500885,80.2240982056,73655,73676,21
12.9754104614,80.2207336426,74453,74483,30
12.9763698578,80.2212524414,75927,75947,20
12.9829397202,80.2219467163,76088,76108,20
12.9831695557,80.2221069336,76108,76129,21
12.9904203415,80.2203216553,76331,76351,20
12.9974498749,80.2161712646,76512,76532,20
13.0148897171,80.2045593262,77128,77148,20
13.0186595917,80.2058868408,77229,77249,20
13.0316696167,80.2093887329,77461,77491,30
13.0349798203,80.2113037109,77562,77582,20
13.0485200882,80.2119903564,77865,77895,30
13.0493803024,80.2119598389,77915,77936,21
13.0632400513,80.2115097046,78178,78198,20
13.087269783,80.192817688,78955,78985,30
13.0876398087,80.1889419556,79036,79056,20
13.0885896683,80.1696014404,79379,79399,20
13.0986404419,80.1701507568,80469,80489,20
13.0948495865,80.169921875,80550,80570,20
13.0941801071,80.1699295044,80591,80611,20
13.087439537,80.1926193237,81056,81086,30
13.0680198669,80.2052001953,81813,81833,20
13.0450201035,80.2124176025,82257,82287,30
13.0341501236,80.2121200562,82439,82459,20
13.0036697388,80.2009811401,82903,82923,20
13.0017700195,80.1999282837,82974,83004,30
13.0016403198,80.1995620728,83004,83024,20
13.0340499878,80.2301025391,459,489,30
13.0341596603,80.2300186157,751,771,20
13.034239769,80.2299575806,1476,1497,21
13.0342102051,80.2300796509,1537,1567,30
13.034119606,80.23021698,1577,1607,30
13.0334396362,80.2302322388,2161,2182,21
13.0332899094,80.2302703857,3119,3149,30
13.0333003998,80.2296524048,3884,3905,21
13.0332899094,80.229888916,3975,4005,30
13.0759897232,80.2754898071,20363,20393,30
13.0882301331,80.283996582,20988,21009,21
13.0568399429,80.2819519043,21565,21585,20
13.0435199738,80.279838562,21746,21767,21
13.0259504318,80.2752304077,22029,22049,20
12.9765396118,80.2212295532,23362,23384,22
12.9829397202,80.2219467163,24557,24576,19
13.006939888,80.2401580811,25323,25344,21
13.0068397522,80.2513885498,25465,25485,20
13.0430402756,80.2795715332,26245,26265,20
13.0573997498,80.2819976807,26417,26446,29
13.0887804031,80.2893218994,27537,27557,20
13.0261297226,80.2752990723,28436,28457,21
13.0240802765,80.2740631104,28497,28527,30
13.0161399841,80.2597122192,28801,28821,20
12.9907999039,80.2202224731,29912,29932,20
12.9762601852,80.221282959,30214,30234,20
12.9829998016,80.2219924927,31364,31384,20
12.9944200516,80.2174072266,31868,31898,30
12.9959201813,80.2165908813,31959,31989,30
12.9963703156,80.2165374756,31989,32009,20
13.0110502243,80.2230300903,32303,32323,20
13.0082302094,80.2336883545,32697,32727,30
13.0165195465,80.2597122192,33364,33385,21
13.0191402435,80.2616882324,33475,33496,21
13.0215597153,80.2705307007,33728,33748,20
13.023730278,80.2734375,33801,33825,24
13.0322799683,80.2774963379,34036,34057,21
13.0505399704,80.2807769775,34368,34390,22
13.0565099716,80.2817993164,34470,34490,20
13.0886802673,80.2900772095,34997,35017,20
13.0868196487,80.2839508057,35239,35258,19
13.0883197784,80.283493042,35572,35592,20
13.088760376,80.2898406982,35937,35957,20
13.0803098679,80.2882385254,36089,36109,20
13.0625,80.2831192017,36331,36351,20
13.0260400772,80.2752532959,36919,36939,20
13.0209302902,80.2699508667,37049,37071,22
13.0065097809,80.2537384033,37424,37446,22
12.9762201309,80.221321106,38657,38678,21
12.9828996658,80.2219161987,39304,39324,20
12.9976501465,80.2164535522,39658,39678,20
13.0149097443,80.2259597778,40053,40073,20
13.0082197189,80.2336502075,40214,40234,20
13.0068502426,80.2407836914,40345,40365,20
13.0066404343,80.2440414429,40475,40498,23
13.0067195892,80.2460174561,40538,40558,20
13.0330696106,80.2774200439,41529,41549,20
13.0389795303,80.278717041,41640,41660,20
13.0564498901,80.2817764282,41872,41892,20
13.0857896805,80.2892684937,42329,42359,30
13.0853595734,80.2839202881,42627,42649,22
13.08796978,80.2839889526,43071,43095,24
13.088350296,80.2846374512,43276,43296,20
13.039150238,80.2789001465,44286,44306,20
13.032910347,80.2775115967,44468,44488,20
13.0327596664,80.2775115967,44488,44518,30
13.0311603546,80.2773971558,44559,44579,20
13.0261802673,80.2753601074,44657,44680,23
13.0160398483,80.2597198486,44992,45013,21
13.0065898895,80.25390625,45173,45194,21
13.0067195892,80.2483520508,45407,45437,30
12.9907503128,80.2202301025,46224,46245,21
12.9829101563,80.2219619751,47326,47346,20
12.9904003143,80.2203292847,47519,47549,30
12.9975299835,80.2164382935,47690,47710,20
13.0082197189,80.2336502075,48206,48226,20
13.0164804459,80.2597198486,48872,48895,23
13.0253696442,80.2748794556,49289,49307,18
13.0325803757,80.2774887085,49451,49471,20
13.0331602097,80.2774276733,49481,49511,30
13.0505800247,80.2807617188,49762,49784,22
13.0573596954,80.2819519043,49895,49925,30
13.063750267,80.2833404541,50036,50056,20
13.0888004303,80.2901611328,50392,50412,20
13.0882997513,80.2828521729,54221,54251,30
13.0882902145,80.2821426392,54251,54281,30
13.0882902145,80.2821426392,54281,54302,21
13.0887498856,80.2893600464,54675,54695,20
13.0625,80.2831573486,55170,55189,19
13.0390701294,80.2788619995,55556,55576,20
13.0374002457,80.2782974243,55606,55626,20
13.0260095596,80.2752609253,55878,55900,22
13.024720192,80.2746810913,55930,55950,20
13.0160799026,80.2596817017,56233,56253,20
13.0074195862,80.2366790771,56827,56847,20
12.983300209,80.2221984863,57688,57708,20
12.9772500992,80.2227630615,58789,58817,28
12.9784402847,80.2211914063,58880,58907,27
12.9801397324,80.2210693359,58907,58937,30
12.9801397324,80.2210693359,58937,58961,24
12.9828901291,80.2219467163,59001,59031,30
12.9864196777,80.2229995728,59122,59142,20
12.9904098511,80.2204437256,59223,59243,20
13.0122299194,80.2215118408,59647,59667,20
13.0082397461,80.2336883545,59968,59991,23
13.0255699158,80.275062561,61033,61063,30
13.0574197769,80.2820205688,62436,62457,21
13.0638904572,80.2833633423,62578,62608,30
13.0887203217,80.2902069092,63045,63075,30
13.0852403641,80.2841262817,63216,63236,20
13.0869998932,80.2839813232,63347,63368,21
13.0881795883,80.283706665,63651,63681,30
13.0817098618,80.2887115479,64196,64216,20
13.0642700195,80.2836303711,64505,64525,20
13.0587100983,80.282371521,64653,64683,30
13.0437297821,80.2799072266,64865,64895,30
13.039059639,80.2789001465,64956,64976,20
13.0314798355,80.2776184082,65079,65099,20
13.0263299942,80.2754592896,65201,65221,20
13.0067796707,80.2509384155,66473,66494,21
13.0067501068,80.250579834,66505,66525,20
13.0067396164,80.2498397827,66525,66543,18
13.0066204071,80.2470092773,66817,66837,20
13.006649971,80.2453536987,66989,67019,30
13.0066404343,80.2448196411,67029,67049,20
13.007399559,80.2367477417,67191,67211,20
13.0102100372,80.2258071899,67403,67423,20
13.01060009,80.2250671387,67443,67464,21
12.9981803894,80.2167434692,67798,67818,20
12.9979200363,80.2166824341,67838,67859,21
12.9907197952,80.2202911377,68091,68111,20
12.9876804352,80.2231903076,68181,68202,21
12.9832496643,80.2222290039,68323,68343,20
12.9774303436,80.2227783203,69711,69740,29
12.9774303436,80.2218170166,69740,69770,30
12.9774999619,80.221282959,69801,69822,21
13.0074300766,80.2373275757,71075,71095,20
13.007109642,80.2389984131,71186,71206,20
13.0733604431,80.2852630615,73128,73148,20
13.0884799957,80.2901916504,73360,73380,20
13.0880804062,80.2838287354,74128,74158,30
13.0204696655,80.26953125,75585,75606,21
13.0063896179,80.2540435791,75900,75920,20
12.9974098206,80.2165527344,76728,76749,21
12.9957103729,80.2167510986,76789,76819,30
12.9906797409,80.2202377319,76930,76948,18
12.9835395813,80.2224121094,77173,77194,21
12.9774799347,80.2226867676,79137,79167,30
12.9774799347,80.2226867676,79167,79186,19
13.0066699982,80.2572631836,80399,80419,20
13.0716600418,80.2851715088,81375,81394,19
13.0821695328,80.2816009521,81527,81547,20
13.0762300491,80.2752990723,82843,82872,29
13.0230798721,80.2274627686,25050,25070,20
12.9761104584,80.221321106,26091,26111,20
12.9166603088,80.1923522949,27061,27081,20
12.86977005,80.1748886108,27792,27813,21
12.8528795242,80.1712188721,28067,28088,21
12.8278398514,80.1651992798,28401,28431,30
12.827630043,80.1651611328,28441,28461,20
12.8100404739,80.1595993042,29493,29523,30
12.8275098801,80.1650619507,30423,30443,20
12.8278398514,80.1651306152,30453,30473,20
12.8760795593,80.1707229614,31232,31252,20
12.8976802826,80.1821212769,31659,31679,20
12.9172000885,80.1918563843,31974,31994,20
12.9171600342,80.1930084229,32095,32125,30
12.9264297485,80.1975326538,32379,32399,20
12.9294700623,80.2026824951,32500,32520,20
12.9339399338,80.2038269043,32601,32621,20
12.9431800842,80.2077789307,32914,32934,20
12.9490699768,80.2098236084,33066,33086,20
12.9640197754,80.2160568237,33296,33320,24
12.9670696259,80.2173309326,33491,33511,20
12.9676103592,80.2175598145,33582,33602,20
12.9762401581,80.2212219238,33824,33845,21
12.9830102921,80.2219772339,33956,33976,20
13.02202034,80.2261428833,35071,35091,20
13.0232095718,80.2273101807,35253,35273,20
13.0239896774,80.2279434204,35303,35324,21
13.0285196304,80.2308502197,35576,35596,20
13.0305995941,80.2306518555,35667,35687,20
13.0311403275,80.2306976318,37274,37303,29
13.027879715,80.232749939,37436,37456,20
13.0200004578,80.2249221802,37728,37749,21
12.9820203781,80.2217025757,38739,38759,20
12.9754600525,80.2209091187,38923,38943,20
12.9628295898,80.2157592773,39104,39125,21
12.9171199799,80.194229126,39891,39911,20
12.8973398209,80.1820220947,40277,40297,20
12.8270397186,80.1648635864,41378,41398,20
12.8116798401,80.1594314575,41610,41629,19
12.8100404739,80.1595916748,41671,41701,30
12.8335399628,80.1667098999,43069,43089,20
12.8563604355,80.1720962524,43392,43422,30
12.8817100525,80.1709289551,43753,43783,30
12.9170303345,80.1922912598,44351,44371,20
12.9236297607,80.1974105835,44654,44674,20
12.9340200424,80.2038726807,44888,44908,20
12.9383401871,80.205078125,44979,44999,20
12.9757099152,80.2209777832,45645,45665,20
13.015250206,80.2247924805,46514,46534,20
13.0284404755,80.2308578491,46798,46819,21
13.0341901779,80.2300109863,48587,48609,22
13.029800415,80.2308502197,48710,48740,30
13.011059761,80.2237472534,49276,49296,20
13.0103197098,80.2227630615,49347,49367,20
12.9973802567,80.2165527344,49561,49581,20
12.9906702042,80.2203674316,49682,49700,18
12.9831695557,80.2222137451,49843,49863,20
12.9710903168,80.2192306519,50126,50146,20
12.9538402557,80.2122268677,50352,50372,20
12.9411096573,80.2060775757,50574,50594,20
12.9337596893,80.2039413452,50705,50726,21
12.9263095856,80.1976013184,50908,50928,20
12.9220895767,80.1972885132,50999,51018,19
12.9171695709,80.1943283081,51111,51131,20
12.9171199799,80.1942367554,51131,51152,21
12.9097204208,80.1914672852,51354,51374,20
12.897359848,80.1820297241,51576,51606,30
12.8915300369,80.1767120361,51707,51737,30
12.8663597107,80.1758117676,52109,52139,30
12.8564195633,80.1721725464,52289,52312,23
12.8562602997,80.17212677,52322,52342,20
12.8524198532,80.1711807251,52382,52399,17
12.827580452,80.1651229858,52736,52756,20
12.8100299835,80.1595993042,53008,53028,20
12.8116102219,80.1594161987,54110,54140,30
12.8274402618,80.1650772095,54424,54444,20
12.8277597427,80.1651535034,54454,54474,20
12.8764600754,80.1705932617,55130,55151,21
12.9339704514,80.2038497925,56255,56275,20
13.0195102692,80.2244415283,57791,57811,20
13.0345802307,80.2303466797,58184,58204,20
13.0342197418,80.2302932739,59268,59298,30
13.0341796875,80.2304077148,59298,59328,30
13.0311203003,80.2307510376,59399,59419,20
13.0297803879,80.2308578491,59469,59490,21
13.0145902634,80.2262268066,59843,59862,19
12.9917898178,80.2194976807,60319,60349,30
12.9756498337,80.2211532593,60726,60746,20
12.9710998535,80.2192306519,60819,60840,21
12.9442396164,80.2084121704,61213,61233,20
12.9262304306,80.1975708008,61576,61606,30
12.917090416,80.1924209595,61769,61790,21
12.916680336,80.1923522949,61800,61820,20
12.8335695267,80.1667785645,63104,63124,20
12.8276100159,80.1651763916,63215,63235,20
12.8101501465,80.1596832275,63751,63772,21
12.8274297714,80.1650924683,64054,64075,21
12.8278303146,80.1651535034,64085,64115,30
12.8335599899,80.1667633057,64196,64216,20
12.8565101624,80.1721420288,64531,64561,30
12.8915500641,80.1766815186,65068,65088,20
12.897649765,80.1821289063,65189,65219,30
12.9066400528,80.1890182495,65382,65402,20
12.917140007,80.1921691895,65584,65604,20
12.917140007,80.1930923462,65695,65715,20
12.9441699982,80.2083282471,66292,66312,20
12.948679924,80.2098388672,66393,66421,28
12.9552698135,80.212677002,66566,66587,21
12.9749202728,80.2205505371,67000,67020,20
12.9966001511,80.2165298462,67719,67740,21
13.0156297684,80.225112915,68297,68317,20
13.0189304352,80.2243423462,68378,68398,20
13.0219402313,80.2261962891,68489,68509,20
13.0299396515,80.230758667,68771,68801,30
13.0305595398,80.2307434082,68811,68831,20
13.0341796875,80.2303237915,71220,71250,30
13.0341300964,80.2304382324,71260,71280,20
13.0297698975,80.2308883667,71401,71422,21
13.0146102905,80.2261810303,71979,71999,20
12.9899702072,80.2208786011,72614,72634,20
12.9893198013,80.2215270996,72748,72768,20
12.9883804321,80.2227020264,72939,72960,21
12.9883003235,80.2227478027,72960,72978,18
12.9837703705,80.2225875854,73220,73240,20
12.9836902618,80.2225418091,73250,73271,21
12.9834003448,80.222328186,73281,73301,20
12.98320961,80.2221908569,73311,73331,20
12.9828596115,80.2220077515,73341,73361,20
12.9759597778,80.2213668823,73483,73503,20
12.9409799576,80.2060699463,74154,74174,20
12.9337997437,80.2040176392,74295,74315,20
12.9219799042,80.1973495483,74589,74609,20
12.9170799255,80.1942901611,74700,74730,30
12.8914003372,80.176612854,75406,75428,22
12.8823699951,80.1706619263,75580,75600,20
12.8750400543,80.1714019775,75750,75773,23
12.8563699722,80.1721801758,76005,76035,30
12.8380098343,80.1693725586,76224,76239,15
12.8100004196,80.159576416,76815,76845,30
12.8819904327,80.1709823608,77969,77989,20
12.9750204086,80.2204971313,79518,79538,20
13.0113296509,80.22315979,80105,80124,19
13.0151596069,80.2252578735,80196,80216,20
13.0576200485,80.2113800049,21942,21962,20
13.0877399445,80.1889419556,22851,22871,20
13.0996904373,80.170249939,23355,23376,21
13.0856103897,80.200378418,24597,24617,20
13.0700101852,80.2049636841,24971,25001,30
13.0190200806,80.2063369751,26222,26243,21
13.0074396133,80.2098464966,29463,29483,20
13.0316295624,80.2094116211,30028,30048,20
13.035030365,80.2112197876,30129,30159,30
13.0482397079,80.212059021,30472,30491,19
13.0490598679,80.2119827271,30523,30553,30
13.0627698898,80.2115783691,30795,30816,21
13.0823898315,80.1984786987,31492,31512,20
13.0877504349,80.1886825562,31855,31884,29
13.0885601044,80.1714172363,32248,32268,20
13.0997200012,80.1699371338,32541,32561,20
13.0884599686,80.1745223999,33116,33136,20
13.0879497528,80.1878433228,33348,33368,20
13.0652303696,80.2112426758,34711,34731,20
13.0642900467,80.2116165161,34751,34781,30
13.0546503067,80.2115783691,34943,34963,20
13.0495300293,80.2121276855,35044,35064,20
13.0346002579,80.2121429443,35387,35407,20
13.0179195404,80.205947876,35801,35821,20
13.0091199875,80.2113265991,36356,36376,20
13.009180069,80.2121124268,36396,36417,21
13.0073795319,80.2098007202,39041,39071,30
13.0299901962,80.2089080811,39606,39626,20
13.0315704346,80.2093200684,39657,39677,20
13.035030365,80.2113037109,39748,39768,20
13.0367202759,80.2122802734,39808,39828,20
13.0439901352,80.2122802734,39929,39949,20
13.0483999252,80.2120513916,40091,40121,30
13.0687799454,80.2050018311,40575,40604,29
13.087679863,80.1892776489,41250,41272,22
13.0881004333,80.1812362671,41393,41413,20
13.0996303558,80.1700515747,41868,41888,20
13.088259697,80.1791915894,42978,42999,21
13.0834999084,80.198677063,43734,43755,21
13.0684404373,80.2049179077,44209,44229,20
13.0637903214,80.2117233276,44411,44441,30
13.0505800247,80.2121276855,44633,44653,20
13.0495700836,80.2121734619,44683,44703,20
13.0352602005,80.2123336792,45047,45067,20
13.0342903137,80.2121429443,45097,45117,20
13.0183200836,80.2060623169,45511,45541,30
13.0144300461,80.2046813965,45632,45652,20
13.0097398758,80.2112731934,45955,45985,30
13.014960289,80.225982666,46227,46248,21
12.9974298477,80.2165603638,46661,46682,21
12.9756498337,80.220413208,47055,47084,29
12.9809303284,80.2210083008,47863,47893,30
12.9974803925,80.2161407471,48317,48337,20
13.0036096573,80.2119216919,48448,48468,20
13.0349597931,80.2113418579,49124,49144,20
13.0491600037,80.2119598389,49427,49447,20
13.0542802811,80.2114181519,49548,49568,20
13.0719604492,80.202331543,49972,50002,30
13.0877199173,80.1885299683,50467,50487,20
13.0886001587,80.1707382202,50810,50840,30
13.0880203247,80.1852798462,54564,54584,20
13.0878095627,80.1896820068,54655,54675,20
13.0874204636,80.1924819946,54726,54746,20
13.0680704117,80.2054214478,55574,55594,20
13.0495500565,80.2121963501,56169,56189,20
13.0138702393,80.2045593262,56876,56896,20
13.0093898773,80.2110824585,57138,57158,20
12.9961500168,80.2166366577,59005,59026,21
13.007349968,80.2098617554,59379,59409,30
13.0350599289,80.2113037109,60045,60065,20
13.0745000839,80.1994018555,61216,61236,20
13.0825996399,80.1985168457,61347,61367,20
13.087770462,80.1884536743,61650,61680,30
13.0885400772,80.1721115112,61902,61923,21
13.0945396423,80.1698532104,62044,62064,20
13.0878200531,80.1897964478,63548,63568,20
13.0929203033,80.2004928589,63861,63881,20
13.0856103897,80.2003707886,64063,64083,20
13.0836601257,80.1986923218,64174,64204,30
13.0652303696,80.2112197876,64900,64921,21
13.0650997162,80.2112884521,64921,64941,20
13.0525903702,80.212059021,65193,65213,20
13.0494298935,80.2122192383,65375,65395,20
13.0359296799,80.2124023438,65587,65607,20
13.0306196213,80.2093276978,65829,65849,20
13.0216999054,80.2064437866,66061,66081,20
13.0107898712,80.212097168,66445,66465,20
12.9976396561,80.2165908813,67444,67464,20
12.9954595566,80.2169036865,67616,67636,20
12.9914798737,80.2196731567,67717,67737,20
12.9760198593,80.2202529907,68060,68090,30
12.9754295349,80.2206802368,68252,68282,30
12.9824495316,80.2218475342,69160,69180,20
12.9828796387,80.2220230103,69190,69211,21
12.9904203415,80.220451355,69423,69453,30
12.9975299835,80.2161865234,69614,69635,21
13.0035896301,80.2120437622,69776,69796,20
13.0071401596,80.2098464966,69907,69927,20
13.0080003738,80.2100524902,69968,69988,20
13.0153799057,80.2048568726,70250,70271,21
13.0165996552,80.2051391602,70351,70372,21
13.0349903107,80.2111968994,70785,70806,21
13.0484695435,80.2120437622,71532,71553,21
13.0497703552,80.2119598389,71593,71613,20
13.0626802444,80.2116317749,71845,71866,21
13.0688199997,80.205368042,72027,72057,30
13.0717802048,80.2025222778,72189,72209,20
13.086640358,80.1984405518,72532,72562,30
13.0870103836,80.1984176636,72572,72592,20
13.0870800018,80.1983032227,72592,72613,21
13.0876903534,80.1890716553,72855,72875,20
13.0880699158,80.1800231934,73016,73036,20
13.0884799957,80.1718597412,73178,73198,20
13.0995597839,80.1701126099,73430,73459,29
13.0996599197,80.1698226929,73471,73491,20
13.0877103806,80.1898269653,75530,75550,20
13.0682897568,80.2049407959,76499,76519,20
13.0638999939,80.2117385864,76731,76751,20
13.0505695343,80.2121963501,76953,76973,20
12.9974403381,80.2165527344,78620,78640,20
12.9955501556,80.2168197632,78751,78771,20
12.9904603958,80.2203674316,80618,80639,21
13.0068998337,80.2097320557,81073,81093,20
12.9964704514,80.1914367676,81598,81618,20
12.9968900681,80.1913986206,24879,24899,20
13.0035495758,80.2008132935,25162,25192,30
13.0884504318,80.1738891602,26917,26947,30
13.0884504318,80.1738891602,26947,26977,30
13.0997200012,80.1699523926,27169,27199,30
13.0879602432,80.1878585815,28955,28976,21
13.0878095627,80.189956665,29016,29036,20
13.087439537,80.1923980713,29077,29107,30
13.0639400482,80.2117385864,30146,30167,21
13.0514497757,80.2121963501,30338,30358,20
13.0497503281,80.2122497559,30399,30419,20
13.0350503922,80.2123184204,30732,30752,20
13.0295200348,80.208946228,30974,30994,20
13.019109726,80.2063293457,31145,31166,21
13.0182304382,80.2061080933,31196,31216,20
12.9975404739,80.2165222168,32326,32346,20
12.9839801788,80.2179794312,32609,32629,20
12.982919693,80.2219314575,33325,33345,20
12.9943199158,80.2174987793,33658,33679,21
12.9975004196,80.2161407471,33830,33850,20
13.0037002563,80.2118988037,33981,34001,20
13.0484104156,80.212020874,35172,35202,30
13.0499401093,80.2118682861,35233,35253,20
13.0742797852,80.1996536255,35879,35899,20
13.0885295868,80.1719970703,36616,36636,20
13.0889101028,80.1695480347,37787,37817,30
13.0882701874,80.1783828735,37989,38019,30
13.0882701874,80.1791915894,38039,38069,30
13.0879802704,80.1851882935,38150,38180,30
13.0878095627,80.1896362305,38241,38261,20
13.068189621,80.2049407959,39240,39260,20
13.0685100555,80.2049026489,39270,39290,20
13.0352401733,80.2123336792,40098,40118,20
13.0342597961,80.2121429443,40138,40158,20
13.0192804337,80.2063903809,40431,40451,20
13.0110197067,80.2173614502,40955,40976,21
13.0120401382,80.2203826904,40986,41005,19
12.9951295853,80.2170028687,41571,41591,20
12.9827604294,80.2217483521,42600,42629,29
12.9829998016,80.2219390869,42629,42651,22
12.9863996506,80.2229385376,42741,42762,21
12.9998102188,80.2141113281,43043,43062,19
13.0300598145,80.209022522,43749,43769,20
13.035030365,80.2109985352,43880,43900,20
13.068810463,80.2048492432,44566,44596,30
13.0993995667,80.1698226929,45757,45787,30
13.0885400772,80.1718292236,47472,47492,20
13.0882101059,80.1785736084,47573,47593,20
13.0881700516,80.1791763306,47603,47623,20
13.0495700836,80.2121734619,49003,49023,20
13.0095996857,80.2110977173,49820,49840,20
13.0100803375,80.22631073,50295,50315,20
12.9952497482,80.2169418335,50638,50658,20
13.0036697388,80.2117004395,51889,51919,30
13.0004701614,80.1949691772,52314,52334,20
12.9999704361,80.1942977905,52354,52384,30
12.9995803833,80.1937866211,52405,52425,20
12.9993600845,80.1935119629,52425,52455,30
13.0696601868,80.2050170898,55069,55089,20
13.0717601776,80.2025375366,55331,55361,30
13.0889101028,80.1696014404,57561,57581,20
13.0878095627,80.1898498535,57916,57935,19
13.0874500275,80.1921920776,57967,57987,20
13.0698900223,80.2050628662,58633,58663,30
13.0679597855,80.2052230835,58754,58774,20
13.0449695587,80.2124404907,59319,59349,30
13.0343599319,80.2121734619,59531,59551,20
13.0149698257,80.2048568726,59995,60015,20
13.009519577,80.2110900879,60439,60469,30
12.9973897934,80.2165374756,61156,61176,20
12.982919693,80.2219314575,62467,62488,21
12.9835195541,80.222328186,62508,62528,20
12.9904899597,80.2203292847,62760,62780,20
13.0185604095,80.205871582,63598,63618,20
13.0349798203,80.2113418579,63931,63951,20
13.0687503815,80.2051696777,64698,64728,30
13.0744104385,80.1995315552,64950,64970,20
13.0929403305,80.2004089355,68250,68280,30
13.0873804092,80.2005004883,68422,68442,20
13.0735797882,80.2006530762,68835,68855,20
13.0497999191,80.2122116089,69713,69733,20
13.0349903107,80.2123565674,70147,70167,20
13.0340003967,80.2121582031,70198,70228,30
13.0242204666,80.2069168091,70470,70499,29
13.0138998032,80.2045211792,70692,70722,30
12.9974403381,80.2165908813,71742,71762,20
12.9754800797,80.2207336426,72479,72509,30
12.9762802124,80.221321106,72933,72963,30
12.980919838,80.2210617065,73064,73084,20
12.9829301834,80.2220230103,73145,73175,30
12.9833202362,80.2222595215,73185,73205,20
12.9864501953,80.2229919434,73336,73355,19
13.0074195862,80.2098770142,73912,73942,30
13.0349597931,80.2111968994,74608,74628,20
13.0370998383,80.2123031616,74719,74739,20
13.0465402603,80.212272644,74891,74911,20
13.047829628,80.2121124268,74951,74971,20
13.0543403625,80.2114334106,75264,75284,20
13.0672702789,80.2087402344,75496,75516,20
13.0693302155,80.2047729492,75728,75748,20
13.0870504379,80.198059082,76152,76172,20
13.0991401672,80.1701202393,76879,76909,30
13.099360466,80.1701202393,76919,76949,30
13.0882101059,80.1793670654,78130,78150,20
13.084280014,80.1987228394,78736,78756,20
13.069729805,80.2048721313,79250,79270,20
13.0499401093,80.2122192383,79654,79674,20
13.0496397018,80.2122116089,79684,79704,20
13.0345096588,80.2122268677,79957,79987,30
13.0303096771,80.2092208862,80088,80118,30
13.0242099762,80.2069091797,80219,80239,20
13.0190601349,80.2063903809,80310,80330,20
13.0093898773,80.2110366821,80633,80653,20
13.0092802048,80.2108612061,80653,80683,30
12.9839296341,80.2179794312,81541,81561,20
13.0035600662,80.2119903564,82399,82419,20
12.9966402054,80.1912765503,23231,23261,30
13.0442304611,80.2121963501,25107,25127,20
13.0687398911,80.2050476074,25651,25672,21
13.0881004333,80.1811828613,26326,26344,18
13.08852005,80.1718215942,26436,26456,20
13.0996999741,80.1698989868,26648,26668,20
13.0885896683,80.171913147,27364,27384,20
13.0737304688,80.2005081177,28262,28282,20
13.0679702759,80.2052688599,28484,28514,30
13.0650396347,80.2113800049,28716,28746,30
13.0576000214,80.2116775513,28867,28887,20
13.0350704193,80.2123184204,29300,29321,21
13.0341701508,80.2121582031,29341,29361,20
13.0242300034,80.2069091797,29613,29633,20
13.0190496445,80.2063598633,29704,29724,20
13.0135803223,80.2047424316,29845,29865,20
12.9975204468,80.2165527344,30753,30773,20
12.9910001755,80.2194595337,30924,30944,20
12.9829597473,80.2219619751,32528,32548,20
12.9940595627,80.217666626,33012,33042,30
12.9975795746,80.2160415649,33213,33233,20
12.9964399338,80.1914291382,42661,42682,21
12.9962501526,80.1912231445,42692,42712,20
13.0350103378,80.2113037109,43418,43448,30
13.0371704102,80.2122573853,43549,43569,20
13.0485401154,80.2120666504,43700,43730,30
13.0543203354,80.2114334106,43882,43902,20
13.0630598068,80.2115325928,44032,44053,21
13.0877504349,80.1884765625,44940,44960,20
13.0880203247,80.1852416992,47258,47273,15
13.0841798782,80.1986923218,47827,47847,20
13.0698604584,80.2050476074,48130,48160,30
13.0650501251,80.2112884521,48412,48432,20
13.0497398376,80.2121810913,48735,48755,20
13.0450000763,80.2124099731,48826,48846,20
13.0095901489,80.2273788452,50177,50197,20
13.010140419,80.2261428833,50288,50308,20
12.9763298035,80.2213134766,51810,51831,21
12.9904403687,80.2203292847,52143,52163,20
13.0035600662,80.2119979858,52496,52516,20
13.0073604584,80.2098007202,52637,52657,20
13.0486297607,80.2119903564,53585,53605,20
13.0496101379,80.2119522095,53626,53646,20
13.0743303299,80.1996002197,54301,54321,20
13.0870599747,80.1981277466,54523,54543,20
13.0872802734,80.193031311,54614,54634,20
13.087679863,80.1891479492,54705,54725,20
13.0877199173,80.1883163452,54745,54775,30
13.0881004333,80.1803894043,54906,54926,20
13.0885801315,80.1705780029,55199,55229,30
13.0992097855,80.1702270508,56399,56419,20
13.0885696411,80.1719436646,56651,56671,20
13.0882396698,80.1785583496,56752,56772,20
13.0878000259,80.189781189,56943,56963,20
13.084230423,80.198677063,57446,57468,22
13.0737695694,80.2003936768,57649,57669,20
13.0700101852,80.2049331665,57750,57770,20
13.0679702759,80.2052230835,57891,57911,20
13.0495901108,80.2122192383,58345,58365,20
13.0450000763,80.2124633789,58426,58446,20
13.034740448,80.212310791,58597,58617,20
13.0341701508,80.2121810913,58637,58658,21
13.0294704437,80.2089996338,58819,58839,20
13.0241699219,80.2069015503,58910,58930,20
13.019080162,80.2063598633,59011,59031,20
13.0102396011,80.2116775513,59545,59565,20
13.0094604492,80.2110977173,59626,59656,30
13.0117101669,80.2192077637,59785,59804,19
13.0104598999,80.2253036499,60309,60330,21
12.9973897934,80.2165603638,60572,60592,20
12.9760198593,80.2202224731,60975,60995,20
12.9829998016,80.2220001221,61782,61802,20
12.9911003113,80.2198791504,62014,62034,20
13.007349968,80.2098236084,62437,62457,20
13.0243196487,80.2066421509,62920,62937,17
13.0315999985,80.2093505859,63039,63059,20
13.0350503922,80.2112426758,63130,63150,20
13.0367202759,80.212310791,63211,63241,30
13.0631999969,80.2115097046,63786,63806,20
13.0870895386,80.1980895996,64532,64552,20
13.0876998901,80.1890029907,64734,64754,20
13.0877199173,80.1885986328,64764,64784,20
13.0881004333,80.1791687012,64945,64965,20
13.0996303558,80.1700515747,65318,65339,21
13.0885601044,80.1723632813,66498,66519,21
13.0882797241,80.178352356,66579,66609,30
13.0878095627,80.1899108887,66821,66841,20
13.0895795822,80.2005691528,67334,67356,22
13.0893802643,80.2005615234,67356,67376,20
13.0843000412,80.1987686157,67648,67678,30
13.0722398758,80.2022399902,68001,68021,20
13.0650701523,80.2113418579,68475,68505,30
13.0508804321,80.2122879028,68818,68848,30
13.0340995789,80.2121887207,69322,69352,30
13.029540062,80.209022522,69494,69524,30
13.0142498016,80.2046890259,69825,69847,22
13.013759613,80.204498291,69867,69887,20
12.9952001572,80.2170181274,71107,71127,20
12.9910697937,80.2195587158,71218,71238,20
12.984000206,80.2180633545,71390,71410,20
12.9762096405,80.2212905884,72449,72479,30
12.9827899933,80.2219772339,72600,72630,30
12.9857196808,80.2230529785,72711,72741,30
12.9869604111,80.2230606079,72933,72953,20
12.991230011,80.2196807861,73104,73124,20
13.0349597931,80.2113037109,74234,74254,20
13.0480604172,80.2120513916,74617,74637,20
13.0498399734,80.2119216919,74778,74798,20
13.0631399155,80.2115402222,75000,75020,20
13.0688495636,80.2053909302,75192,75211,19
13.0686502457,80.2049789429,75281,75302,21
13.0827198029,80.1985015869,75695,75715,20
13.088060379,80.179901123,76189,76209,20
13.0992097855,80.1702728271,78337,78357,20
13.0879402161,80.1879425049,78811,78831,20
13.0872602463,80.197807312,78973,78993,20
13.070019722,80.2048797607,79517,79537,20
13.0603103638,80.2117462158,79969,79989,20
13.0374202728,80.2124023438,80312,80342,30
13.013010025,80.2072372437,80927,80946,19
12.984120369,80.2180023193,82097,82117,20
12.975520134,80.2207489014,82329,82349,20
13.0696601868,80.205078125,84385,84407,22
13.0692396164,80.2047195435,84497,84518,21
13.09953022,80.1700668335,85435,85455,20
13.0903501511,80.1697006226,85960,85980,20
13.0002803802,80.2666015625,40404,40423,19
12.9958095551,80.2677688599,40525,40546,21
12.995639801,80.2674102783,40556,40586,30
12.9961996078,80.2626190186,40667,40687,20
12.9965200424,80.259437561,40758,40778,20
12.9968700409,80.2561035156,40984,41004,20
12.9987201691,80.2559509277,41046,41076,30
13.0065002441,80.256980896,41318,41338,20
13.0065002441,80.2532501221,41368,41388,20
13.0156202316,80.2250976563,42168,42188,20
13.0193099976,80.2242736816,42248,42269,21
13.0254096985,80.2298431396,42400,42420,20
13.0280895233,80.2309112549,42512,42532,20
13.0321598053,80.2198104858,43044,43064,20
13.030500412,80.2166290283,43155,43174,19
13.0363502502,80.2016372681,43711,43741,30
13.0388298035,80.1928787231,43954,43974,20
13.0417098999,80.1939620972,44035,44055,20
13.0470695496,80.2121276855,44530,44550,20
13.0488901138,80.2072982788,44691,44714,23
13.0495004654,80.2122116089,45128,45148,20
13.0449695587,80.2123794556,45219,45249,30
13.0388803482,80.199256897,45582,45602,20
13.039730072,80.1931686401,45712,45735,23
13.0388002396,80.1928863525,45755,45775,20
13.0363101959,80.2016983032,45978,45998,20
13.0357599258,80.2058563232,46069,46089,20
13.0325098038,80.2119216919,46261,46281,20
13.0302696228,80.209197998,46351,46371,20
13.0300397873,80.2094421387,46381,46402,21
13.0303297043,80.2146682739,46545,46565,20
13.0311098099,80.2237701416,46817,46837,20
13.0290498734,80.2242431641,46878,46898,20
13.0279998779,80.2270278931,46969,46999,30
13.0285196304,80.2271575928,47019,47039,20
13.0298099518,80.2308120728,47372,47392,20
13.0239295959,80.2282409668,47616,47636,20
13.0141096115,80.2263717651,47808,47828,20
13.0065698624,80.2549819946,48416,48436,20
13.0000495911,80.2563781738,48679,48699,20
12.9996099472,80.2563018799,48719,48749,30
12.9968299866,80.2570266724,48840,48860,20
12.9962596893,80.262298584,48941,48961,20
13.0000400543,80.2665023804,49123,49143,20
13.0003099442,80.2663192749,50428,50448,20
13.0065002441,80.2531661987,51184,51205,21
13.0065202713,80.2524337769,51225,51255,30
13.0073604584,80.2368774414,51630,51651,21
13.0192499161,80.224281311,52004,52024,20
13.0260095596,80.2310333252,52166,52186,20
13.0385904312,80.1928405762,53342,53362,20
13.0489902496,80.2068328857,54052,54082,30
13.0450801849,80.2123718262,54983,55003,20
13.0368003845,80.1986465454,55582,55602,20
13.030380249,80.2280502319,56462,56482,20
13.0298595428,80.2308273315,56563,56583,20
13.0239696503,80.228302002,56825,56846,21
12.9972896576,80.2559814453,57796,57816,20
12.9962501526,80.2623825073,57947,57968,21
12.9961500168,80.2677230835,58059,58079,20
12.9956598282,80.2674102783,59071,59091,20
12.9987001419,80.2560272217,59345,59375,30
12.9991798401,80.2561416626,59386,59416,30
13.0113096237,80.2235107422,60639,60669,30
13.0259599686,80.2308502197,60982,61012,30
13.0284700394,80.2309570313,61063,61083,20
13.0303697586,80.2282867432,61226,61246,20
13.028670311,80.2240371704,61367,61387,20
13.031129837,80.2233505249,61448,61468,20
13.0321702957,80.2198867798,61529,61549,20
13.0301303864,80.2093200684,61852,61882,30
13.0315999985,80.2092971802,61922,61942,20
13.0355300903,80.2055206299,62094,62113,19
13.0358200073,80.2050094604,62136,62156,20
13.0363197327,80.2016220093,62227,62257,30
13.0367803574,80.1984100342,62329,62349,20
13.0370903015,80.1963195801,62389,62409,20
13.0410804749,80.2051773071,62794,62814,20
13.0441999435,80.2089233398,62904,62924,20
13.0443897247,80.2122192383,62967,62987,20
13.04708004,80.2119522095,63048,63068,20
13.0496196747,80.2122268677,63907,63937,30
13.0443696976,80.2124481201,64038,64059,21
13.0441198349,80.2088317871,64230,64250,20
13.040769577,80.2051620483,64341,64362,21
13.0392599106,80.1969680786,64564,64594,30
13.0397500992,80.1932220459,64654,64674,20
13.0387401581,80.1928863525,64694,64714,20
13.037229538,80.1960372925,64785,64815,30
13.0368404388,80.1987991333,64855,64878,23
13.0363998413,80.2018432617,64948,64966,18
13.0360202789,80.2042922974,65012,65031,19
13.0367698669,80.1987380981,75696,75726,30
13.0324897766,80.2119674683,76039,76059,20
13.0322303772,80.2119522095,76069,76099,30
13.0246801376,80.2291870117,76980,77000,20
12.9989299774,80.2561416626,77961,77981,20
12.9485397339,80.1433868408,30301,30331,30
12.9483003616,80.1433181763,31694,31715,21
12.9484300613,80.1435165405,33128,33148,20
12.9482803345,80.143447876,72432,72452,20
13.1244802475,80.2591400146,22421,22441,20
13.1237001419,80.2592315674,22572,22592,20
13.1222696304,80.2657928467,22784,22804,20
13.1158103943,80.2657089233,22935,22956,21
13.1144800186,80.2657012939,23077,23097,20
13.1109800339,80.2657318115,23177,23198,21
13.1089601517,80.2671813965,23248,23268,20
13.1038398743,80.2729492188,23387,23407,20
13.0834503174,80.2760696411,23771,23791,20
13.0824203491,80.2786407471,23912,23942,30
13.0707197189,80.2740783691,24245,24275,30
13.064909935,80.2783432007,24456,24477,21
13.0645999908,80.2835006714,24547,24567,20
13.0643997192,80.2835617065,25092,25112,20
13.0681600571,80.2719497681,25263,25284,21
13.0682601929,80.2718811035,25284,25314,30
13.0922603607,80.2752685547,25869,25899,30
13.1142902374,80.265663147,26343,26363,20
13.122759819,80.2657699585,26534,26553,19
13.1248703003,80.2591629028,26706,26726,20
13.1315498352,80.2530593872,27926,27946,20
13.1314201355,80.2585601807,28037,28067,30
13.123000145,80.259262085,28239,28259,20
13.1144695282,80.2657165527,28562,28582,20
13.1010303497,80.274848938,28955,28975,20
13.0928201675,80.2752227783,29137,29157,20
13.0866804123,80.2756729126,29288,29308,20
13.0837402344,80.2760391235,29358,29379,21
13.0576095581,80.2811203003,31638,31658,20
13.0580701828,80.2780609131,31718,31739,21
13.0608596802,80.2777328491,31809,31829,20
13.0666799545,80.2739028931,32011,32031,20
13.0811700821,80.2751464844,32314,32344,30
13.0898504257,80.2752838135,32626,32646,20
13.0945396423,80.275177002,32777,32798,21
13.1024904251,80.2740707397,32939,32959,20
13.1227397919,80.2657470703,33534,33554,20
13.122209549,80.2657928467,34331,34361,30
13.1192502975,80.2657470703,34431,34452,21
13.1146602631,80.2656936646,34643,34663,20
13.1141996384,80.2656784058,34684,34704,20
13.1039600372,80.2735290527,35137,35158,21
13.1007995605,80.2748794556,35238,35267,29
13.1005496979,80.2749786377,35279,35299,20
13.0974798203,80.2751998901,35349,35369,20
13.0925102234,80.2752609253,35480,35500,20
13.0916204453,80.2752227783,35531,35561,30
13.0866603851,80.2756881714,35662,35682,20
13.082110405,80.2775497437,35863,35884,21
13.0818996429,80.2775497437,36126,36156,30
13.0816402435,80.2758712769,36287,36317,30
13.0815095901,80.2752914429,36469,36489,20
13.0747900009,80.2763519287,36600,36620,20
13.070599556,80.2739868164,36780,36804,24
13.1582202911,80.203666687,48757,48777,20
13.1638898849,80.2024307251,48858,48878,20
13.1893501282,80.1875228882,49261,49281,20
13.2141599655,80.1703262329,49917,49937,20
13.2152395248,80.1699295044,50159,50179,20
13.2158699036,80.1696090698,50209,50239,30
13.2167196274,80.1692123413,50310,50330,20
13.217209816,80.1688308716,50411,50441,30
13.2275495529,80.1642227173,50621,50640,19
13.2333202362,80.1631774902,50732,50762,30
13.2400302887,80.1607208252,50792,50812,20
13.2472000122,80.1574707031,50933,50954,21
13.2493600845,80.1563568115,51478,51508,30
13.2496595383,80.1560516357,51528,51548,20
13.2447595596,80.136680603,51940,51970,30
13.2436199188,80.136428833,51970,52000,30
13.2411603928,80.136680603,52031,52060,29
13.2411603928,80.136680603,52060,52081,21
13.2363901138,80.136390686,52164,52194,30
13.2363901138,80.136390686,52194,52214,20
13.2285699844,80.1279373169,52426,52446,20
13.2307901382,80.1231231689,52537,52557,20
13.2376403809,80.1191635132,52748,52770,22
13.2410402298,80.1201705933,52800,52820,20
13.2372198105,80.1363220215,54411,54431,20
13.2437601089,80.1364898682,54572,54592,20
13.2437601089,80.1364898682,54592,54612,20
13.2496004105,80.1479873657,54891,54911,20
13.2305202484,80.164352417,55384,55404,20
13.2178697586,80.1691665649,55596,55624,28
13.2039299011,80.1753692627,55896,55916,20
13.1937999725,80.1835479736,56138,56158,20
13.1642398834,80.2024230957,56642,56663,21
13.1184396744,80.259262085,58095,58125,30
13.1039199829,80.2732086182,58781,58801,20
13.1058101654,80.2798309326,58962,58982,20
13.1041097641,80.2748718262,59708,59729,21
13.1111402512,80.2656326294,60011,60031,20
13.1143102646,80.2657165527,60092,60112,20
13.1229000092,80.2593383789,60404,60424,20
13.1290102005,80.2411880493,61050,61070,20
13.1445703506,80.2195587158,61645,61665,20
13.1643800735,80.202331543,62159,62179,20
13.170129776,80.1995162964,62270,62290,20
13.1889400482,80.1880111694,62633,62653,20
13.1965398788,80.181060791,62926,62946,20
13.199090004,80.1789169312,63006,63026,20
13.2041101456,80.1751403809,63107,63127,20
13.2167596817,80.1691970825,63309,63339,30
13.2275400162,80.1641693115,63672,63692,20
13.2470703125,80.1575622559,64005,64025,20
13.249420166,80.1563720703,64691,64711,20
13.2493696213,80.1395568848,65119,65149,30
13.2451200485,80.1366729736,65203,65232,29
13.2286596298,80.1277999878,65685,65715,30
13.2370004654,80.1189193726,66028,66048,20
13.2409296036,80.1201934814,67191,67221,30
13.2392902374,80.1199798584,67221,67251,30
13.2378997803,80.1192626953,67251,67281,30
13.2367401123,80.1188812256,67281,67311,30
13.2367401123,80.1188812256,67311,67332,21
13.2330799103,80.1201095581,67372,67392,20
13.2323503494,80.1225662231,67443,67463,20
13.2396402359,80.1363525391,68096,68117,21
13.2410898209,80.13671875,68137,68157,20
13.2484998703,80.1385116577,68286,68316,30
13.2500400543,80.1440429688,68379,68409,30
13.2495298386,80.1469421387,68440,68470,30
13.2496595383,80.1482467651,68470,68499,29
13.2496995926,80.1492996216,68499,68529,30
13.24958992,80.1504364014,68529,68559,30
13.2495298386,80.1550216675,68591,68621,30
13.2496004105,80.1557617188,68752,68772,20
13.2478904724,80.1571807861,68843,68873,30
13.2152099609,80.1700897217,69446,69466,20
13.193860054,80.1835784912,69789,69819,30
13.1929397583,80.1844177246,69860,69880,20
13.1841497421,80.1921768188,70132,70152,20
13.1707801819,80.1993484497,70374,70404,30
13.1644802094,80.202507019,70515,70535,20
13.1378202438,80.2379226685,71736,71766,30
13.1294698715,80.2419891357,72079,72099,20
13.1220798492,80.2510681152,72472,72492,20
13.1201601028,80.2549285889,72573,72593,20
13.1183900833,80.2594223022,72684,72704,20
13.1228904724,80.2594833374,72825,72845,20
13.1050100327,80.2843399048,73763,73783,20
13.104180336,80.2872619629,73822,73844,22
13.0942602158,80.2923812866,74187,74217,30
13.094329834,80.2923736572,75871,75891,20
13.1049499512,80.2843093872,76264,76284,20
13.1040000916,80.2748031616,76405,76426,21
13.1039400101,80.2740097046,76456,76476,20
13.1088600159,80.2671966553,76658,76678,20
13.1141796112,80.2656402588,76829,76859,30
13.1224498749,80.2657699585,77051,77071,20
13.1228399277,80.2593231201,77233,77263,30
13.1221103668,80.2508392334,77574,77596,22
13.128950119,80.2412490845,77818,77848,30
13.1445798874,80.2195281982,78160,78181,21
13.1532802582,80.2081832886,78332,78352,20
13.1709899902,80.1990127563,78665,78685,20
13.1892299652,80.187713623,79129,79149,20
13.2472295761,80.1574478149,80158,80178,20
13.2423295975,80.1368408203,81188,81218,30
13.240940094,80.1366271973,81249,81269,20
13.2351703644,80.1360626221,81410,81430,20
13.2323598862,80.1224365234,81753,81783,30
13.0874900818,80.2839279175,21579,21609,30
13.0881004333,80.2836914063,22195,22215,20
12.9971704483,80.2559127808,23710,23730,20
12.9395799637,80.235710144,24467,24487,20
12.9312295914,80.2385406494,24760,24780,20
12.9283800125,80.2388381958,24871,24891,20
12.9331598282,80.2361221313,25416,25436,20
12.9397802353,80.2356262207,25719,25739,20
12.9666404724,80.2478179932,26153,26174,21
12.9985303879,80.2559814453,26709,26739,30
13.0062799454,80.2574081421,26850,26880,30
13.0330200195,80.2774581909,27537,27557,20
13.08796978,80.2839508057,28567,28587,20
13.0887899399,80.2894668579,30657,30677,20
13.0567703247,80.2819366455,31061,31081,20
13.045800209,80.280166626,31192,31221,29
13.0160999298,80.2596969604,31939,31960,21
13.0072097778,80.2587890625,32101,32121,20
12.9987602234,80.2560806274,32404,32434,30
12.9976596832,80.2559661865,32464,32485,21
12.959400177,80.2448120117,33323,33353,30
12.9468603134,80.239906311,33646,33666,20
12.9312601089,80.23853302,34444,34464,20
12.9284000397,80.238822937,34555,34575,20
12.9563398361,80.2432937622,35383,35403,20
12.9588298798,80.2444000244,35443,35463,20
12.9664802551,80.247756958,35625,35645,20
12.9785203934,80.2522888184,35756,35775,19
12.9875802994,80.2551422119,36502,36524,22
12.9990501404,80.2560119629,36766,36786,20
13.0163002014,80.2595367432,37099,37119,20
13.0332298279,80.2773895264,37624,37644,20
13.0564603806,80.2817611694,37957,37978,21
13.0740203857,80.2856292725,38270,38291,21
13.0859603882,80.2835235596,38684,38705,21
13.088139534,80.2836608887,40815,40835,20
13.0884599686,80.2856063843,41067,41087,20
13.039059639,80.2788772583,41895,41915,20
13.0311403275,80.2774200439,42067,42087,20
13.02602005,80.2752838135,42158,42178,20
13.0160999298,80.2597503662,42481,42501,20
12.9999704361,80.2563400269,42895,42925,30
12.9984903336,80.256111145,42955,42976,21
12.9863395691,80.2555770874,43258,43278,20
12.949259758,80.2409362793,43803,43824,21
12.9395704269,80.2357330322,43955,43975,20
12.9350996017,80.235496521,44066,44086,20
12.9283599854,80.2388534546,44339,44359,20
12.9281997681,80.2387771606,44480,44500,20
12.9311800003,80.2385025024,44571,44591,20
12.9331798553,80.2361373901,44682,44712,30
12.9357795715,80.2338867188,44823,44853,30
12.9793701172,80.2525787354,45520,45540,20
13.0085401535,80.2589797974,46671,46701,30
13.0254802704,80.2749404907,47186,47206,20
13.0256700516,80.2750473022,47216,47236,20
13.0329399109,80.2774276733,47388,47418,30
13.0336303711,80.2773132324,47438,47458,20
13.0461397171,80.2801208496,47691,47711,20
13.0631399155,80.283203125,47994,48014,20
13.0857000351,80.2835083008,48510,48530,20
13.0759401321,80.2758102417,49004,49024,20
13.0760097504,80.2758789063,52639,52669,30
13.0867795944,80.2839202881,52982,53002,20
13.0883197784,80.2834777832,53427,53447,20
13.0884103775,80.2846679688,53477,53497,20
13.0390396118,80.2788696289,54396,54416,20
13.0260601044,80.2752685547,54628,54658,30
13.0241498947,80.2741775513,54689,54709,20
13.0188903809,80.2630386353,54891,54911,20
12.9985799789,80.256111145,55466,55485,19
12.9785995483,80.2525787354,55799,55820,21
12.9650201797,80.2473526001,55961,55981,20
12.9565200806,80.2437515259,56234,56254,20
12.9395904541,80.235710144,56486,56506,20
12.9255504608,80.2383575439,56991,57021,30
12.9311504364,80.2384872437,57314,57334,20
12.9563598633,80.2432937622,57819,57839,20
12.9950199127,80.255897522,58778,58808,30
13.0253801346,80.2749023438,59708,59728,20
13.0308103561,80.2772293091,59890,59910,20
13.0330295563,80.2775115967,60314,60334,20
13.033539772,80.2773895264,60354,60383,29
13.0352096558,80.2777328491,60455,60485,30
13.08852005,80.2901763916,61212,61233,21
13.0881500244,80.2838973999,61768,61788,20
13.0881299973,80.2814407349,61869,61889,20
13.088809967,80.2893981934,62151,62172,21
13.057849884,80.2821731567,62677,62697,20
13.0568304062,80.2819519043,62717,62737,20
13.0026397705,80.2567901611,63878,63908,30
13.0001802444,80.2564086914,63959,63979,20
12.9984798431,80.256111145,64020,64050,30
12.9859695435,80.2555236816,64343,64373,30
12.9782104492,80.2523498535,64524,64545,21
12.959280014,80.2447967529,64777,64797,20
12.9564599991,80.2436904907,64837,64858,21
12.9516201019,80.2416915894,64918,64938,20
12.9470596313,80.240020752,65009,65029,20
12.9392700195,80.2356109619,65130,65150,20
12.9257497787,80.2382736206,65696,65726,30
12.9395704269,80.2356109619,66211,66231,20
12.9474000931,80.2400665283,66342,66362,20
12.9509601593,80.2413406372,66514,66533,19
12.9586200714,80.2443618774,66665,66685,20
12.9667100906,80.2479400635,66827,66847,20
12.9773597717,80.2514877319,66958,66988,30
12.988360405,80.2559127808,67897,67927,30
12.9988298416,80.2560882568,68271,68301,30
13.0085401535,80.2590408325,68523,68543,20
13.016409874,80.259727478,68644,68664,20
13.0214395523,80.2705307007,68907,68927,20
13.0253200531,80.2749404907,69028,69058,30
13.0327196121,80.2775268555,69210,69230,20
13.0331497192,80.2774810791,69240,69260,20
13.0388002396,80.2787322998,69361,69391,30
13.04570961,80.280128479,69533,69553,20
13.0564203262,80.2818374634,69705,69725,20
13.0808401108,80.2883529663,70088,70107,19
13.0880804062,80.2837219238,71421,71441,20
13.0887298584,80.2899627686,71906,71926,20
13.0566596985,80.2819595337,72390,72411,21
12.9650201797,80.2474212646,74269,74289,20
12.9634399414,80.2467880249,74319,74339,20
12.9593000412,80.2448577881,74400,74420,20
12.9564695358,80.2438430786,74491,74511,20
12.9518003464,80.2418136597,74602,74632,30
12.9510498047,80.2415390015,74693,74713,20
12.933930397,80.2350692749,75157,75178,21
12.9331502914,80.2362136841,75218,75238,20
12.9351196289,80.2353973389,75925,75945,20
12.9395904541,80.2356262207,76046,76066,20
12.9631004333,80.2465209961,76487,76507,20
12.9665403366,80.2478179932,76558,76578,20
12.9989099503,80.2560195923,77335,77356,21
13.0164299011,80.2597122192,77689,77709,20
13.0327396393,80.2774734497,78184,78214,30
13.0388803482,80.2786865234,78325,78345,20
13.0638999939,80.2833633423,78699,78719,20
13.0876398087,80.2839508057,79244,79264,20
13.0815200806,80.2753601074,79587,79607,20
12.9977302551,80.2559585571,23737,23757,20
12.9871997833,80.2595977783,23989,24019,30
13.0066795349,80.2481765747,24756,24776,20
13.0066795349,80.2405929565,24887,24907,20
13.0777902603,80.2620773315,29605,29626,21
13.0565795898,80.2577285767,30220,30241,21
13.0359296799,80.2463684082,30634,30654,20
13.0352296829,80.2460327148,30664,30684,20
13.0207195282,80.2253723145,31148,31178,30
13.0082702637,80.2335128784,31451,31471,20
13.0070800781,80.2394866943,31551,31572,21
13.0066099167,80.2551116943,31834,31854,20
12.9984798431,80.2560501099,32015,32035,20
12.9867401123,80.2590332031,33044,33074,30
12.9875297546,80.2570495605,33134,33155,21
13.0189504623,80.2242889404,34435,34455,20
13.0214099884,80.2257919312,34566,34586,20
13.0225896835,80.2266769409,34647,34677,30
13.0227403641,80.2269134521,34687,34707,20
13.0240402222,80.2280578613,34788,34818,30
13.0469799042,80.2484207153,35675,35696,21
13.0536003113,80.2526016235,35917,35936,19
13.0752696991,80.2583007813,36825,36845,20
13.0754995346,80.2581100464,36855,36875,20
13.0957202911,80.2416229248,38176,38196,20
13.0935497284,80.2410812378,38236,38256,20
13.0859699249,80.25025177,38529,38559,30
13.0859603882,80.2504119873,38559,38589,30
13.0839500427,80.2546081543,38700,38720,20
13.0793104172,80.2546310425,38811,38841,30
13.0670995712,80.270362854,39628,39648,20
13.0653896332,80.2677230835,39708,39728,20
13.0605697632,80.2653808594,39809,39829,20
13.056520462,80.2573928833,40001,40021,20
13.0316095352,80.2412109375,40606,40636,30
13.0239200592,80.2282714844,40868,40888,20
13.0069904327,80.2398605347,41261,41291,30
13.0066900253,80.2434997559,41372,41392,20
13.006819725,80.2510299683,41543,41572,29
12.9996299744,80.2562866211,41947,41967,20
12.9983797073,80.2560424805,41987,42007,20
12.9978103638,80.2560195923,42027,42047,20
12.9971199036,80.2559661865,42269,42299,30
12.9879302979,80.2557830811,42451,42471,20
12.9872903824,80.2587814331,43096,43116,20
12.9984102249,80.2559967041,43509,43529,20
13.0065803528,80.2466812134,44104,44124,20
13.0074195862,80.2368011475,44306,44336,30
13.0304803848,80.2387008667,44971,44991,20
13.0356302261,80.2461700439,45153,45183,30
13.0469198227,80.2484283447,45415,45435,20
13.0575399399,80.2574615479,45768,45788,20
13.0606002808,80.2611694336,45889,45909,20
13.0705699921,80.2654190063,46373,46403,30
13.0708398819,80.2653121948,46403,46423,20
13.0772600174,80.2609100342,46685,46705,20
13.0788698196,80.2546615601,46957,46977,20
13.0942697525,80.2411575317,47562,47582,20
13.0985202789,80.2422637939,47683,47703,20
13.0976600647,80.2422332764,48066,48087,21
13.0935697556,80.2411193848,48187,48208,21
13.0856599808,80.2512512207,48511,48530,19
13.0839195251,80.2546310425,48621,48641,20
13.0790996552,80.256439209,48772,48792,20
13.0777597427,80.2620773315,48934,48964,30
13.0655202866,80.2676925659,49458,49478,20
13.0066099167,80.2550888062,51404,51424,20
12.998459816,80.2561035156,51736,51755,19
12.988360405,80.2558898926,51958,51988,30
12.9872903824,80.2592163086,52049,52079,30
12.9870195389,80.2590484619,54166,54196,30
12.9988498688,80.2560195923,54519,54549,30
13.0192804337,80.224281311,55477,55497,20
13.0631799698,80.2642593384,56616,56636,20
13.0669002533,80.2684631348,56757,56777,20
13.0857000351,80.24584198,57785,57804,19
13.0859603882,80.2501831055,58874,58894,20
13.0791702271,80.2565307617,59167,59187,20
13.0584402084,80.2654037476,60044,60074,30
13.0541000366,80.253578186,60286,60306,20
13.0399398804,80.2471618652,60588,60608,20
13.0276098251,80.2349624634,61042,61062,20
13.0275001526,80.2347488403,61062,61082,20
13.0247802734,80.2292785645,61244,61264,20
13.0203104019,80.2251205444,61365,61385,20
13.0143098831,80.22631073,61476,61496,20
13.0082798004,80.2336196899,61597,61617,20
13.0018796921,80.2566223145,62161,62191,30
12.9996500015,80.2563400269,62232,62252,20
12.9988098145,80.256072998,64057,64077,20
13.006770134,80.2503814697,65206,65226,20
13.0066299438,80.2460708618,65620,65650,30
13.0074100494,80.2367935181,65912,65932,20
13.0110197067,80.2241363525,66144,66164,20
13.0150003433,80.2245788574,66285,66305,20
13.0154800415,80.2249908447,66325,66345,20
13.0193099976,80.2244033813,66406,66426,20
13.0207500458,80.2253494263,66497,66517,20
13.0256500244,80.2302398682,66638,66668,30
13.0309200287,80.2394180298,66951,66981,30
13.0357198715,80.2461929321,67132,67152,20
13.0439500809,80.2479400635,67424,67445,21
13.0469198227,80.2485122681,67505,67535,30
13.0575895309,80.2576293945,67818,67848,30
13.061920166,80.2627868652,68050,68070,20
13.0632295609,80.2643508911,68110,68140,30
13.0703296661,80.2659301758,68584,68614,30
13.072810173,80.2620010376,68705,68724,19
13.0798301697,80.2546691895,69118,69139,21
13.0837802887,80.2500686646,69370,69391,21
13.0847702026,80.25025177,69411,69431,20
13.0942497253,80.2412414551,69744,69774,30
13.0985898972,80.2423477173,69996,70026,30
13.0935497284,80.2412033081,70569,70588,19
13.0858802795,80.2503814697,70809,70830,21
13.077750206,80.262260437,71344,71374,30
13.0585098267,80.2654800415,72050,72070,20
13.0361995697,80.2464294434,72594,72614,20
13.0248603821,80.2294921875,72977,72998,21
13.0239200592,80.2283325195,73028,73048,20
13.0065803528,80.2571716309,73693,73714,21
12.9870996475,80.2596588135,74198,74218,20
12.9991102219,80.2561187744,75125,75155,30
13.0061798096,80.2574386597,75287,75317,30
13.0065898895,80.2407073975,75579,75599,20
13.0105400085,80.2251968384,75791,75811,20
13.0197296143,80.2245788574,76013,76033,20
13.0243301392,80.2285690308,76093,76113,20
13.0383901596,80.2466812134,76487,76507,20
13.0669002533,80.2685012817,77142,77162,20
13.0985002518,80.2423629761,78484,78504,20
13.0777997971,80.26222229,79321,79341,20
13.02602005,80.231590271,80551,80571,20
13.0233602524,80.2275695801,80662,80682,20
13.0075397491,80.2370834351,80965,80986,21
13.0069704056,80.2401199341,81026,81056,30
13.0067100525,80.257270813,81268,81297,29
12.9987201691,80.2561416626,81389,81419,30
12.9976501465,80.255897522,81934,81964,30
12.9850301743,80.2231216431,18124,18144,20
12.9811296463,80.2210922241,18194,18215,21
12.8380098343,80.1692276001,20664,20684,20
12.8369598389,80.1688232422,20694,20715,21
13.0344600677,80.2298965454,28778,28799,21
13.0232896805,80.2275390625,29353,29374,21
13.0232896805,80.2275390625,29374,29394,20
13.0230998993,80.2275085449,29394,29414,20
13.0230998993,80.2275085449,29414,29434,20
13.0225400925,80.2266921997,29444,29464,20
12.9672603607,80.217956543,30705,30725,20
12.9649896622,80.2166366577,30746,30766,20
12.9486398697,80.2102432251,31048,31068,20
12.9470396042,80.2097473145,31089,31109,20
12.9475002289,80.2096786499,31109,31138,29
12.9095897675,80.1911621094,32410,32440,30
12.9061899185,80.1887817383,32471,32491,20
12.8910198212,80.1756820679,32884,32904,20
12.8358697891,80.1677627563,33728,33758,30
12.8384103775,80.1696014404,35826,35846,20
12.9738101959,80.2199325562,38499,38519,20
12.9823799133,80.2216796875,38832,38862,30
12.9856004715,80.2229919434,38931,38950,19
12.9948997498,80.216468811,39142,39162,20
13.0198297501,80.2244186401,39616,39636,20
13.0228796005,80.2267837524,39717,39737,20
13.0343399048,80.2298736572,40584,40604,20
13.0141897202,80.2261276245,41369,41389,20
13.0041704178,80.2201080322,41631,41651,20
12.9560604095,80.2130584717,42700,42720,20
12.8750200272,80.1716995239,44340,44370,30
12.8719902039,80.1734085083,44370,44390,20
12.8104000092,80.1597290039,47111,47141,30
12.817150116,80.1601867676,47242,47262,20
12.8274497986,80.1650619507,47404,47424,20
12.8277301788,80.1651611328,47424,47444,20
12.8700799942,80.1746292114,48060,48080,20
12.8808898926,80.1706619263,48207,48236,29
12.8944597244,80.180519104,48456,48476,20
12.8976802826,80.1821212769,48517,48537,20
12.91726017,80.1919174194,48870,48900,30
12.9254598618,80.1974487305,49334,49364,30
13.0279302597,80.2324523926,52340,52360,20
13.026049614,80.2314071655,52471,52501,30
12.8687400818,80.1754379272,55850,55870,20
12.8099498749,80.1595687866,57030,57051,21
12.8279304504,80.165222168,58140,58170,30
12.8379297256,80.1695709229,58372,58392,20
12.8540096283,80.1706237793,58564,58584,20
12.8562803268,80.1721725464,58624,58644,20
12.8801002502,80.1703414917,58994,59024,30
12.8835296631,80.1711883545,59085,59105,20
12.8915596008,80.1767272949,59236,59257,21
12.9042797089,80.1881637573,59549,59570,21
12.9172897339,80.1920013428,59932,59953,21
12.9170598984,80.1934585571,59963,59993,30
12.9346103668,80.2038803101,60366,60386,20
12.9399795532,80.2056121826,60447,60467,20
12.9540100098,80.2123413086,60699,60729,30
12.9751996994,80.2204437256,61113,61143,30
13.0008296967,80.2180633545,61768,61787,19
13.0088100433,80.2218017578,61888,61918,30
13.0150899887,80.224822998,62039,62059,20
13.0195398331,80.2244567871,62130,62150,20
13.021900177,80.2260818481,62190,62210,20
13.028429985,80.2309036255,62382,62402,20
13.0342197418,80.2304229736,62594,62614,20
13.0347204208,80.229927063,62715,62735,20
13.0186700821,80.2241592407,64379,64399,20
13.0143404007,80.2263412476,64450,64470,20
13.0098304749,80.2227478027,64672,64692,20
12.9832801819,80.2221069336,65247,65267,20
12.9805202484,80.2211380005,65337,65358,21
12.9739398956,80.2201766968,65539,65559,20
12.9483995438,80.2101516724,66377,66407,30
12.9474897385,80.2098007202,66427,66447,20
12.9410495758,80.2060012817,66871,66891,20
12.9381399155,80.2050170898,66962,66992,30
12.9282197952,80.1993026733,67264,67284,20
12.9259395599,80.1975479126,67305,67335,30
12.8972797394,80.1820220947,68364,68384,20
12.8932800293,80.17993927,68495,68515,20
12.8914003372,80.1766433716,68576,68596,20
12.8914003372,80.1766433716,68596,68626,30
12.8827600479,80.1707382202,71382,71402,20
12.8943595886,80.1805877686,71604,71634,30
12.9191503525,80.1962280273,72220,72240,20
12.9206895828,80.1968231201,72240,72260,20
12.9344301224,80.2042999268,72563,72583,20
13.0146903992,80.2255020142,75112,75142,30
12.9667596817,80.2479095459,1761,1791,30
12.9794301987,80.2525863647,1912,1932,20
12.9877300262,80.2513809204,2013,2033,20
12.9872903824,80.2595062256,19048,19078,30
12.9871902466,80.2595977783,19078,19098,20
13.0074501038,80.2367935181,19866,19886,20
13.0136804581,80.2230377197,20078,20098,20
13.0141296387,80.2234802246,20189,20219,30
13.0772600174,80.260887146,21653,21683,30
13.0936603546,80.2410736084,24621,24642,21
13.0763998032,80.2599716187,25177,25197,20
13.0069198608,80.2401504517,27085,27105,20
13.006819725,80.2408905029,27115,27136,21
13.0066604614,80.2550964355,27267,27287,20
12.997130394,80.2559204102,27580,27610,30
12.9882297516,80.2558670044,27741,27762,21
12.987279892,80.2594985962,27832,27852,20
12.9871101379,80.2595825195,27863,27883,20
12.9868202209,80.2590408325,28872,28902,30
12.9870100021,80.2591323853,28913,28943,30
12.9873895645,80.2589035034,28953,28973,20
12.9887599945,80.255897522,29175,29195,20
12.998840332,80.2560577393,29427,29448,21
13.0009899139,80.2564163208,29478,29508,30
13.0065202713,80.2531814575,29660,29680,20
13.006649971,80.2477035522,29862,29882,20
13.0067300797,80.2404632568,30013,30033,20
13.0156097412,80.225112915,30336,30366,30
13.0193500519,80.2243118286,30417,30447,30
13.0306901932,80.239112854,30771,30791,20
13.0356998444,80.2461395264,30933,30963,30
13.0468902588,80.2484283447,31175,31195,20
13.0567502975,80.2567901611,31376,31397,21
13.0668897629,80.2684783936,31672,31700,28
13.0773000717,80.2610092163,32086,32116,30
13.0773000717,80.2608566284,32126,32156,30
13.079000473,80.2549591064,32368,32389,21
13.0847797394,80.2501220703,32632,32654,22
13.0962400436,80.2417221069,34607,34627,20
13.086640358,80.2445602417,34869,34889,20
13.0859098434,80.2450790405,34910,34930,20
13.0839996338,80.2545166016,35234,35252,18
13.0809698105,80.2547531128,35314,35335,21
13.0737600327,80.2615737915,35708,35728,20
13.0566101074,80.2573699951,36357,36378,21
13.0247802734,80.2291793823,37187,37207,20
13.0239801407,80.228187561,37228,37248,20
13.0142402649,80.226272583,37409,37429,20
13.0066900253,80.2443618774,37722,37742,20
13.0066299438,80.2569580078,37967,37987,20
12.9978103638,80.2568435669,38259,38279,20
12.997590065,80.2569885254,38673,38703,30
12.9973297119,80.2559127808,39078,39108,30
12.9866895676,80.2595367432,39421,39441,20
12.9866695404,80.2590103149,39593,39613,20
12.9871196747,80.2591094971,39704,39724,20
13.0066404343,80.2518768311,40322,40352,30
13.0066404343,80.2407608032,40645,40665,20
13.0105495453,80.2252502441,40849,40869,20
13.019200325,80.2243118286,41070,41092,22
13.0567598343,80.2567977905,42195,42214,19
13.0707998276,80.2654037476,42754,42774,20
13.0731201172,80.2614364624,42875,42894,19
13.0857095718,80.2503204346,43547,43568,21
13.0856895447,80.2454605103,43711,43741,30
13.0983600616,80.2423324585,44014,44034,20
13.075750351,80.2579421997,44965,44985,20
13.0777397156,80.2621536255,45086,45116,30
13.0759401321,80.2642211914,45207,45227,20
13.0357198715,80.2462005615,46399,46419,20
13.0067300797,80.2466888428,47278,47299,21
12.9884300232,80.2558364868,51023,51043,20
12.9982995987,80.2559814453,51237,51257,20
13.0060596466,80.2573928833,51500,51530,30
13.0073699951,80.2369308472,52103,52127,24
13.0105600357,80.2253799438,52268,52288,20
13.0111398697,80.2238616943,52328,52349,21
13.0155096054,80.2250213623,52490,52510,20
13.0258598328,80.23072052,52732,52752,20
13.0468797684,80.2484130859,53319,53339,20
13.0567903519,80.2567977905,53519,53541,22
13.0631799698,80.2642593384,53712,53733,21
13.0670204163,80.2686004639,53874,53904,30
13.0772600174,80.2609176636,54302,54322,20
13.0789604187,80.2550201416,54463,54484,21
13.0856304169,80.2454910278,54856,54886,30
13.0940904617,80.2411575317,55020,55040,20
13.0964202881,80.2418365479,55080,55101,21
13.0985202789,80.2423019409,55151,55171,20
13.0986003876,80.241859436,55191,55212,21
13.0790901184,80.2563705444,57091,57111,20
13.0680999756,80.2709121704,57717,57738,21
13.0652103424,80.2676467896,57839,57859,20
13.060379982,80.2654571533,57960,57981,21
13.0471000671,80.2486724854,58405,58435,30
13.0417098999,80.2474975586,58536,58556,20
13.0068302155,80.2407913208,59708,59728,20
13.006649971,80.255241394,59921,59941,20
12.9985599518,80.2561035156,60194,60224,30
12.9973897934,80.2559204102,60264,60284,20
12.9885101318,80.2559585571,60436,60456,20
12.9886198044,80.2559204102,61143,61164,21
12.9985704422,80.2560424805,61477,61507,30
13.0060796738,80.2574310303,61689,61719,30
13.0112695694,80.2236404419,62802,62822,20
13.0196304321,80.2244491577,63035,63056,21
13.0264596939,80.2327423096,63278,63298,20
13.0294904709,80.2370986938,63370,63390,20
13.0389299393,80.2468109131,63653,63682,29
13.0479202271,80.2491912842,63885,63906,21
13.0568599701,80.2568817139,64110,64130,20
13.0670204163,80.2686309814,64474,64493,19
13.0755996704,80.2581100464,64809,64829,20
13.0796203613,80.2546234131,64940,64961,21
13.0847196579,80.2501983643,65172,65194,22
13.0942296982,80.2412261963,65598,65618,20
13.0856304169,80.2454528809,66497,66517,20
13.0857496262,80.2467803955,66517,66537,20
13.0714702606,80.2647018433,67567,67588,21
13.0652999878,80.2677001953,67860,67880,20
13.0586099625,80.2654418945,68052,68082,30
13.0564403534,80.2573699951,68234,68264,30
13.0504703522,80.2500076294,68436,68456,20
13.048910141,80.2498397827,68537,68567,30
13.0460395813,80.2484664917,68769,68799,30
13.0401697159,80.247253418,69001,69021,20
13.0352201462,80.2460479736,69122,69143,21
13.0313997269,80.2409362793,69233,69254,21
13.0290803909,80.2368392944,69314,69344,30
13.0238704681,80.2282028198,69579,69609,30
13.0138397217,80.2264709473,69801,69821,20
13.0082798004,80.2334213257,69942,69962,20
13.0048799515,80.257270813,70992,71012,20
12.9994802475,80.2562484741,71285,71305,20
12.9984798431,80.256111145,71325,71346,21
12.9872198105,80.2592468262,71781,71801,20
12.9882698059,80.2558822632,72841,72861,20
12.9989595413,80.2561035156,73144,73174,30
13.0107498169,80.224861145,73882,73902,20
13.019659996,80.224609375,74124,74144,20
13.035320282,80.24609375,74599,74629,30
13.04666996,80.2484817505,74861,74881,20
13.0668096542,80.2685394287,75396,75425,29
13.0856399536,80.2454833984,76719,76749,30
13.0941896439,80.2411575317,76921,76941,20
13.0777797699,80.2622299194,78193,78213,20
13.0657300949,80.2677307129,78698,78718,20
13.0565700531,80.2575683594,79041,79061,20
13.0314598083,80.2408828735,79566,79596,30
13.0067100525,80.2574005127,80394,80424,30
12.9875898361,80.2562103271,80970,80990,20
12.9976797104,80.2561264038,81202,81222,20
13.0877895355,80.2837600708,85367,85397,30
12.9862604141,80.2555465698,25121,25137,16
12.956410408,80.2437210083,25624,25644,20
12.9357595444,80.2339477539,25967,25987,20
12.9336204529,80.2359390259,26098,26115,17
12.9332895279,80.2361602783,26115,26137,22
12.9655303955,80.2474212646,27819,27836,17
13.0144901276,80.2591705322,28616,28632,16
13.0565595627,80.2817993164,29845,29861,16
13.0637702942,80.2833709717,29976,29998,22
13.0740499496,80.2856903076,30109,30129,20
13.0865697861,80.2838287354,30563,30593,30
13.0887804031,80.2893066406,32743,32763,20
13.0386695862,80.2786865234,33510,33526,16
13.0262498856,80.275352478,33720,33740,20
13.0259799957,80.2752380371,33750,33770,20
13.0211601257,80.2702026367,33891,33912,21
13.0189199448,80.2630462646,34033,34053,20
12.9991598129,80.2561416626,34448,34468,20
12.9989500046,80.2560806274,34468,34488,20
12.9889001846,80.2559204102,34740,34761,21
12.9863300323,80.2555465698,35023,35042,19
12.9651498795,80.2473907471,35497,35517,20
12.9641399384,80.2470092773,35548,35568,20
12.9473600388,80.2400817871,35987,36017,30
12.9357700348,80.2339172363,36199,36229,30
12.9312801361,80.2385482788,36421,36441,20
12.9281196594,80.2387466431,36532,36552,20
12.9282598495,80.2387466431,36923,36944,21
12.9311800003,80.2384796143,37024,37044,20
12.9329595566,80.2362594604,37125,37155,30
12.9511203766,80.2413635254,37759,37779,20
12.9785804749,80.2523193359,38184,38204,20
12.9935998917,80.2559280396,38850,38866,16
13.0055503845,80.2571792603,39202,39218,16
13.0085401535,80.2589416504,39261,39280,19
13.022310257,80.2715377808,39644,39660,16
13.0301198959,80.2767868042,39965,39982,17
13.0316295624,80.2775192261,40024,40053,29
13.0320501328,80.2775497437,40063,40084,21
13.0326499939,80.2774887085,40105,40125,20
13.0453500748,80.2800216675,40327,40343,16
13.0505895615,80.2807388306,40385,40405,20
13.0564804077,80.2817611694,40476,40506,30
13.0572595596,80.2819213867,40537,40557,20
13.0852603912,80.2842788696,41225,41255,30
13.0882396698,80.2836380005,41901,41921,20
13.0880804062,80.2815704346,42012,42042,30
13.0679702759,80.2844009399,42749,42769,20
13.0436296463,80.2798614502,43142,43166,24
13.0366001129,80.2780227661,43349,43369,20
13.0353097916,80.2777175903,43400,43420,20
13.0208501816,80.2698974609,44076,44095,19
13.0071802139,80.2587280273,44419,44439,20
13.0007600784,80.2565078735,44621,44637,16
12.9882602692,80.2558822632,44811,44831,20
12.9860200882,80.2555007935,44901,44918,17
12.9568500519,80.2437820435,45393,45413,20
12.9471597672,80.2400665283,45575,45595,20
12.9283599854,80.2388381958,46059,46089,30
12.9281597137,80.2387771606,46604,46624,20
12.9289999008,80.2390136719,46644,46660,16
12.9357099533,80.2338562012,46916,46936,20
12.9397096634,80.2356109619,46997,47017,20
12.9630699158,80.2464675903,47441,47471,30
12.9816799164,80.252571106,47733,47749,16
12.9847803116,80.2520599365,47832,47852,20
12.9864301682,80.2516326904,48004,48034,30
12.9989500046,80.2560272217,48428,48448,20
12.9991397858,80.2560577393,48458,48488,30
13.008480072,80.258972168,48690,48710,20
13.0161600113,80.2594985962,48811,48841,30
13.0214595795,80.2704696655,49094,49114,20
13.0388898849,80.2787017822,49507,49528,21
13.0391798019,80.2788009644,49538,49554,16
13.0798101425,80.2880630493,50206,50226,20
13.0808095932,80.2882766724,50246,50266,20
13.086979866,80.2839431763,50621,50640,19
13.0881204605,80.2837905884,50863,50893,30
13.0884895325,80.2863311768,51156,51176,20
13.0887298584,80.2892227173,51246,51267,21
13.0760202408,80.2870788574,51590,51606,16
13.0577402115,80.2821426392,51863,51884,21
13.0389995575,80.2788772583,52116,52137,21
13.0336503983,80.2774200439,52217,52238,21
13.0208597183,80.2699203491,52480,52510,30
13.0071697235,80.2587127686,52842,52863,21
12.9974498749,80.2559814453,53116,53136,20
12.9873199463,80.2585220337,53459,53479,20
12.9871397018,80.2585678101,53489,53509,20
12.9886398315,80.255897522,57932,57952,20
12.9963998795,80.2559509277,58073,58103,30
12.998840332,80.2560119629,58154,58184,30
13.0310201645,80.27734375,58941,58971,30
13.0310201645,80.27734375,58971,58987,16
13.0322504044,80.2775878906,59040,59056,16
13.0341701508,80.2774887085,59110,59131,21
13.0346002579,80.2775802612,59141,59164,23
13.0394096375,80.2790374756,59237,59267,30
13.0299100876,80.2767333984,60367,60397,30
13.0335502625,80.2767562866,61789,61809,20
13.0289297104,80.2764587402,61920,61940,20
12.9960002899,80.2558822632,62657,62673,16
12.986700058,80.2556381226,62887,62917,30
12.9705200195,80.2496185303,63150,63166,16
12.9256601334,80.238319397,64128,64158,30
12.9332704544,80.2361907959,64430,64451,21
12.939620018,80.2356719971,64642,64663,21
12.939620018,80.2356719971,64663,64679,16
12.9485797882,80.2405471802,64822,64842,20
12.9662904739,80.2477416992,65236,65266,30
12.9876203537,80.2564163208,66134,66154,20
12.9885997772,80.2559585571,66508,66524,16
12.9952602386,80.2559204102,66617,66637,20
12.9981603622,80.2559890747,66719,66749,30
12.99903965,80.256111145,66779,66809,30
13.0057697296,80.2574234009,66961,66991,30
13.0215196609,80.2705764771,67405,67425,20
13.0254001617,80.2749710083,67565,67586,21
13.0505599976,80.2808303833,68140,68160,20
13.0566997528,80.2819137573,68241,68261,20
13.0852298737,80.2843017578,68988,69008,20
13.0865402222,80.2838592529,69068,69089,21
13.0886898041,80.2895431519,70147,70167,20
13.0769996643,80.2873764038,70440,70456,16
13.0567998886,80.2820129395,70741,70761,20
13.0391597748,80.2789230347,71033,71049,16
13.0309200287,80.2773666382,71223,71243,20
13.0259599686,80.2753295898,71323,71344,21
13.0217199326,80.2710189819,71425,71441,16
13.0159502029,80.259727478,71625,71645,20
13.0017404556,80.2566833496,71968,71998,30
12.9860601425,80.2555923462,72624,72654,30
12.9841804504,80.2550964355,72695,72711,16
12.978509903,80.2526321411,72804,72834,30
12.9650497437,80.2473678589,72975,72996,21
12.9592504501,80.2448272705,73167,73187,20
12.940030098,80.2359771729,73712,73732,20
12.9331798553,80.2361984253,73904,73924,20
12.9310503006,80.2385635376,74015,74045,30
12.9283103943,80.238899231,74136,74166,30
12.9310398102,80.2385482788,74550,74566,16
12.937379837,80.2345733643,74891,74907,16
12.9562797546,80.2434005737,75153,75173,20
12.9631204605,80.2466506958,75274,75304,30
12.995059967,80.2558898926,76111,76128,17
12.9963302612,80.2558898926,76128,76150,22
13.0154895782,80.2592773438,76524,76540,16
13.0251598358,80.274848938,76896,76912,16
13.0396795273,80.2789535522,77166,77182,16
13.0858097076,80.2835388184,78013,78029,16
13.088760376,80.2901229858,79183,79199,16
13.0304403305,80.2770462036,80029,80045,16
12.9985799789,80.2561187744,80693,80709,16
12.9785003662,80.2525787354,81165,81195,30
12.9706401825,80.2497024536,81306,81323,17
12.9656400681,80.2475967407,81365,81395,30
12.9517803192,80.2417373657,81638,81658,20
12.9474697113,80.2401885986,81738,81759,21
12.9395303726,80.2357025146,81870,81890,20
12.9326496124,80.2373199463,82092,82112,20
12.9283304214,80.238861084,82263,82284,21
12.9350004196,80.2354507446,82788,82808,20
12.9874000549,80.2584991455,83747,83767,20
12.9872303009,80.2595214844,83798,83818,20
13.035030365,80.2051620483,23101,23121,20
13.0318202972,80.2126617432,23383,23400,17
13.0298099518,80.2308273315,23776,23796,20
13.0266799927,80.2330169678,23887,23907,20
13.0115499496,80.2273330688,24170,24186,16
13.0082502365,80.2133483887,24349,24379,30
13.0081701279,80.2097702026,24591,24608,17
13.007399559,80.2015228271,24691,24711,20
13.0290803909,80.1691131592,25357,25378,21
13.0341596603,80.1555404663,26044,26064,20
13.0338001251,80.1552963257,26074,26094,20
13.0034704208,80.0995788574,27012,27032,20
12.9968204498,80.0960998535,27174,27204,30
13.0003595352,80.09765625,27637,27657,20
13.0036001205,80.099822998,27738,27758,20
13.0054597855,80.1094818115,27909,27930,21
13.0105600357,80.1178131104,28192,28208,16
13.0115203857,80.127281189,28393,28413,20
13.0125598907,80.1318588257,28484,28504,20
13.0206604004,80.1441192627,28756,28786,30
13.0293502808,80.1689376831,29614,29634,20
13.0270996094,80.1729431152,29695,29711,16
13.0215396881,80.1829376221,29894,29915,21
13.0208902359,80.1840591431,29955,29985,30
13.0165395737,80.1899490356,30116,30137,21
13.011059761,80.1957778931,30278,30308,30
13.0086097717,80.1977233887,30399,30429,30
13.0258703232,80.2305908203,31217,31237,20
13.0260095596,80.2311325073,31258,31274,16
13.028719902,80.2239685059,31530,31560,30
13.0321302414,80.2200775146,31722,31742,20
13.0309000015,80.2202224731,31782,31798,16
13.0300703049,80.220199585,32933,32953,20
13.0322904587,80.2202529907,33013,33034,21
13.0304203033,80.2282104492,33306,33326,20
13.0224504471,80.2267074585,33871,33891,20
13.0143098831,80.2262802124,34022,34043,21
13.0143098831,80.2262802124,34043,34059,16
13.0082302094,80.2133178711,34398,34428,30
13.0079402924,80.2131500244,34438,34458,20
13.0072698593,80.2097930908,34640,34660,20
13.0073204041,80.1967926025,34912,34929,17
13.0111503601,80.1954803467,35001,35021,20
13.0206203461,80.184387207,35243,35264,21
13.0203895569,80.1438369751,36291,36311,20
13.0191402435,80.1425704956,36341,36361,20
13.0074100494,80.1129837036,36916,36932,16
12.9990901947,80.0969161987,37217,37233,16
12.996919632,80.0962371826,37286,37316,30
12.9970598221,80.0958023071,37336,37366,30
13.0098104477,80.1203918457,38054,38075,21
13.0155296326,80.1366271973,38357,38377,20
13.0220003128,80.1454315186,38579,38599,20
13.0331401825,80.1546630859,38831,38848,17
13.0294103622,80.1687393188,39132,39152,20
13.027759552,80.1716766357,39203,39219,16
13.0193195343,80.2242736816,40331,40351,20
13.0220098495,80.2262496948,40422,40442,20
13.0242795944,80.2283782959,40492,40512,20
13.0258398056,80.2305831909,40563,40589,26
13.0285100937,80.2308883667,40641,40662,21
13.0293397903,80.2308425903,40682,40712,30
13.0286998749,80.2198867798,41287,41307,20
13.0260400772,80.2196731567,42256,42276,20
13.0322198868,80.2203063965,42488,42508,20
13.0199699402,80.2249221802,43193,43213,20
13.0105695724,80.2251205444,43397,43417,20
13.0047798157,80.2124404907,43670,43686,16
13.0082397461,80.1963195801,44011,44028,17
13.0234098434,80.1792221069,44322,44343,21
13.0306901932,80.1530227661,44888,44908,20
13.0191297531,80.1426467896,45193,45213,20
13.0153999329,80.1365127563,45314,45334,20
12.9970598221,80.0959091187,46192,46218,26
13.0054502487,80.1095809937,46765,46785,20
13.007399559,80.1129837036,46836,46856,20
13.0106401443,80.1144180298,46926,46952,26
13.0110197067,80.1238174438,47126,47146,20
13.0225601196,80.1460418701,47550,47570,20
13.0323200226,80.1539611816,47772,47792,20
13.0295000076,80.1685714722,48175,48196,21
13.0283002853,80.1706924438,48236,48252,16
13.0249996185,80.1766204834,48325,48345,20
13.020819664,80.1841430664,48455,48476,21
13.0089902878,80.2106628418,48971,49001,30
13.0092096329,80.2108001709,49021,49041,20
13.0122203827,80.2205810547,49182,49203,21
13.0155200958,80.2249984741,49293,49314,21
13.0311098099,80.2232894897,49909,49929,20
13.0281600952,80.2198410034,50131,50151,20
13.0316801071,80.2127685547,50818,50834,16
13.035200119,80.2090377808,50917,50937,20
13.0242595673,80.2189483643,52351,52367,16
13.0242395401,80.2166976929,52399,52419,20
13.0244998932,80.2165985107,52429,52449,20
13.0248298645,80.2190475464,52510,52530,20
13.028459549,80.2198562622,52661,52678,17
13.0311603546,80.2237625122,52851,52871,20
13.0225000381,80.2267837524,53376,53396,20
13.0194997787,80.2245178223,53466,53483,17
13.0079402924,80.2132034302,53858,53878,20
13.0073604584,80.2098236084,54110,54130,20
13.0259103775,80.1747589111,54948,54964,16
13.0291404724,80.1688766479,55037,55057,20
13.0337896347,80.1553192139,55290,55320,30
13.0190401077,80.1424865723,55673,55701,28
13.0125303268,80.1318969727,55873,55893,20
13.0109500885,80.1237182617,56004,56020,16
13.0072803497,80.1128463745,56244,56264,20
13.0035104752,80.0997314453,56446,56466,20
13.000120163,80.0975799561,56537,56557,20
12.9987201691,80.0967407227,56587,56607,20
13.0097799301,80.1204681396,57566,57586,20
13.0155496597,80.1367263794,57909,57929,20
13.0205001831,80.1440200806,58080,58101,21
13.0249795914,80.1767272949,58938,58954,16
13.0209102631,80.1840820313,59098,59118,20
13.0086603165,80.1984710693,59504,59524,20
13.0092496872,80.2108764648,59716,59746,30
13.0093698502,80.2110214233,59746,59767,21
13.0101900101,80.2148590088,59857,59873,16
13.0125303268,80.2213821411,59946,59966,20
13.0192699432,80.2243118286,60158,60188,30
13.0196800232,80.2244567871,60198,60219,21
13.0277204514,80.2310180664,60410,60426,16
13.0284996033,80.2309188843,60426,60449,23
13.0303401947,80.2283172607,60601,60631,30
13.0288200378,80.2272720337,60692,60712,20
13.028719902,80.2240219116,60783,60803,20
13.0318698883,80.2216720581,60924,60940,16
13.030500412,80.2202224731,61014,61044,30
13.025179863,80.2197494507,61205,61226,21
13.0276298523,80.2197875977,62467,62487,20
13.0303096771,80.2202529907,62578,62598,20
13.0291404724,80.2242584229,62810,62830,20
13.0303697586,80.228302002,62972,62992,20
13.0306596756,80.230758667,63033,63053,20
13.0297803879,80.2308425903,63073,63093,20
13.0248603821,80.2293930054,63325,63346,21
13.0080404282,80.2133026123,63981,64008,27
13.0073604584,80.2015304565,64484,64504,20
13.0073099136,80.1968536377,64595,64615,20
13.0110301971,80.195602417,64686,64706,20
13.0205802917,80.1845397949,64938,64958,20
13.0238800049,80.1784286499,65059,65078,19
13.0285596848,80.1700820923,65241,65257,16
13.0290203094,80.1691894531,65257,65279,22
13.0340995789,80.1601028442,65450,65471,21
13.0308799744,80.153137207,65894,65915,21
13.0281400681,80.1513137817,65975,65995,20
13.0228700638,80.1464385986,66116,66137,21
13.0190896988,80.142578125,66238,66268,30
13.0153503418,80.136428833,66379,66399,20
13.0125102997,80.1319580078,66500,66529,29
13.0102996826,80.1145019531,66954,66974,20
13.0053796768,80.1093826294,67075,67105,30
13.0053796768,80.1092376709,67115,67131,16
13.0001096725,80.0976028442,67436,67457,21
13.0032997131,80.0992889404,68345,68365,20
13.0054197311,80.1095199585,68556,68577,21
13.0097999573,80.1204833984,68859,68879,20
13.01101017,80.123840332,68960,68980,20
13.0124597549,80.1315307617,69152,69170,18
13.0197896957,80.1432571411,69485,69501,16
13.0253696442,80.1489334106,69675,69695,20
13.033539772,80.1613311768,70373,70393,20
13.0294599533,80.1686630249,70484,70514,30
13.0237598419,80.1788787842,70724,70753,29
13.0085601807,80.1979827881,71379,71399,20
13.0085802078,80.1985702515,71419,71435,16
13.0091495514,80.2122879028,71702,71732,30
13.0152101517,80.2248764038,71944,71964,20
13.0303001404,80.2283782959,72408,72428,20
13.0287303925,80.2240829468,72580,72596,16
13.0244598389,80.2166366577,74081,74111,30
13.0285997391,80.2199172974,74333,74349,16
13.0306301117,80.2306289673,74856,74872,16
13.0247097015,80.2293624878,75075,75096,21
13.0222902298,80.2267684937,75157,75177,20
13.0189599991,80.2245788574,75248,75264,16
13.0143604279,80.2263183594,75336,75357,21
13.0094299316,80.2276992798,75427,75448,21
13.0112400055,80.2235412598,75502,75522,20
13.0084295273,80.2135620117,75683,75704,21
13.0082197189,80.2134170532,75704,75724,20
13.0082197189,80.2134170532,75724,75740,16
13.0079402924,80.2132568359,75752,75782,30
13.0073099136,80.2015533447,76216,76236,20
13.0072803497,80.1983566284,76307,76323,16
13.0110197067,80.1955566406,76448,76468,20
13.0116500854,80.1951904297,76489,76512,23
13.0147199631,80.192741394,76534,76554,20
13.0205602646,80.1844406128,76736,76766,30
13.0239095688,80.1782684326,76948,76978,30
13.0252504349,80.1758575439,77079,77099,20
13.0290603638,80.1690216064,77240,77261,21
13.0322999954,80.1632232666,77351,77373,22
13.0340204239,80.1602172852,77433,77453,20
13.033780098,80.1553497314,77593,77623,30
13.019080162,80.142578125,78007,78028,21
13.0126104355,80.1329116821,78209,78225,16
13.0099201202,80.119972229,78449,78469,20
13.0110397339,80.1154937744,78530,78546,16
13.0034399033,80.0995788574,78790,78811,21
13.0205202103,80.1440505981,80130,80151,21
13.0211896896,80.1835708618,81119,81135,16
13.0321798325,80.2198867798,82419,82439,20
13.0333204269,80.2098312378,82702,82718,16
13.0354003906,80.2052688599,82891,82912,21
12.8988399506,80.1806106567,955,975,20
12.8987998962,80.1803436279,1227,1248,21
12.8987197876,80.180267334,2490,2510,20
12.8989801407,80.1802368164,3358,3378,20
12.8988800049,80.1802368164,3378,3408,30
12.8986501694,80.1803436279,3469,3489,20
12.8987998962,80.1802597046,3570,3590,20
12.8987102509,80.1806335449,3711,3732,21
12.8987197876,80.1804122925,3742,3772,30
12.8985595703,80.180267334,3812,3833,21
12.8979902267,80.1801376343,3853,3873,20
12.8983201981,80.1802597046,3873,3903,30
12.8985204697,80.1803131104,3903,3923,20
12.8983697891,80.1804733276,5085,5115,30
12.8987398148,80.1804428101,5743,5763,20
12.898730278,80.1803436279,6641,6662,21
12.8986997604,80.1801986694,7681,7702,21
12.8987998962,80.180267334,7742,7772,30
12.8986101151,80.1804275513,8368,8388,20
12.8987398148,80.1804504395,11549,11579,30
12.8987598419,80.1804962158,12346,12376,30
12.8986997604,80.1804504395,17407,17437,30
12.8986701965,80.180519104,17437,17457,20
12.8987598419,80.1803665161,18235,18265,30
12.8984804153,80.180519104,20054,20074,20
12.8988199234,80.180229187,20256,20286,30
12.8988599777,80.1804122925,28104,28124,20
12.8988199234,80.1802902222,28124,28144,20
12.8987598419,80.1804275513,28235,28255,20
12.8987398148,80.1803207397,28346,28366,20
12.8988399506,80.1803436279,29416,29436,20
12.8987703323,80.1803970337,32053,32083,30
12.898850441,80.1802978516,38585,38615,30
12.8989601135,80.1804122925,38959,38989,30
12.8988895416,80.1804199219,38999,39019,20
12.898639679,80.1804122925,39514,39544,30
12.8984498978,80.1803207397,39544,39564,20
12.8986701965,80.1804428101,40554,40584,30
12.8986701965,80.1803665161,41119,41139,20
12.8987798691,80.1806182861,41575,41605,30
12.8989200592,80.1805267334,59520,59541,21
12.8988599777,80.1803283691,59541,59571,30
12.8988599777,80.1805496216,59722,59743,21
12.8987703323,80.1803817749,61388,61418,30
12.8987598419,80.1805801392,61429,61449,20
12.8988199234,80.1804733276,61651,61671,20
12.8987598419,80.1802520752,61883,61903,20
12.8988800049,80.1805725098,62196,62216,20
12.8989200592,80.1802825928,63318,63348,30
12.8986597061,80.1804428101,70001,70022,21
12.8987903595,80.1802368164,71194,71224,30
12.8985300064,80.1801300049,71537,71567,30
12.8986701965,80.1802597046,71608,71628,20
12.8988399506,80.1802902222,72506,72527,21
12.8988599777,80.1802978516,72527,72557,30
12.8987998962,80.1803131104,72557,72587,30
12.8986997604,80.1802597046,72587,72617,30
12.8986196518,80.1803283691,73496,73516,20
12.8985795975,80.1804275513,81096,81117,21
12.8987998962,80.1802520752,82593,82613,20
12.8987503052,80.1805877686,82613,82643,30
12.9949197769,80.2068328857,27202,27222,20
12.9950895309,80.206741333,27233,27253,20
12.9942398071,80.206817627,28041,28071,30
13.0999202728,80.2256393433,21880,21896,16
13.0880403519,80.2339782715,22999,23016,17
13.0765104294,80.2372589111,23240,23260,20
13.0595397949,80.2425537109,23716,23732,16
13.0468301773,80.2367401123,23987,24003,16
13.0452899933,80.2326889038,24075,24096,21
13.0339803696,80.2303924561,24259,24275,16
13.0198698044,80.2247161865,24630,24656,26
13.0082902908,80.2334365845,24840,24860,20
13.0014095306,80.2565612793,25345,25375,30
12.9964199066,80.2611694336,25557,25574,17
13.0000495911,80.2666473389,25738,25758,20
12.9956502914,80.2675170898,27708,27728,20
13.0064697266,80.2574462891,28132,28152,20
13.0153398514,80.2248535156,28849,28869,20
13.0155801773,80.2249679565,28879,28900,21
13.0244102478,80.2284469604,29071,29091,20
13.0346002579,80.2303085327,29324,29344,20
13.049489975,80.2402191162,29859,29879,20
13.0541000366,80.2422409058,29990,30010,20
13.0625200272,80.2433166504,30192,30212,20
13.0700597763,80.2420578003,30313,30343,30
13.0770597458,80.2399597168,30465,30481,16
13.0766897202,80.2385787964,30493,30522,29
13.0765600204,80.2380981445,30545,30566,21
13.0757198334,80.2341766357,30656,30677,21
13.0823898315,80.2317199707,30868,30885,17
13.0934095383,80.2252120972,31210,31226,16
13.1003103256,80.2145385742,31501,31521,20
13.1002597809,80.2145767212,32046,32066,20
13.095410347,80.2223587036,32258,32278,20
13.091219902,80.2276382446,32369,32389,20
13.0888595581,80.2309188843,32460,32480,20
13.0824403763,80.2336425781,32763,32783,20
13.0765199661,80.2372436523,32944,32965,21
13.0779304504,80.244720459,33217,33237,20
13.078209877,80.246673584,33520,33540,20
13.0785799026,80.2484664917,33762,33783,21
13.0789003372,80.250328064,34015,34035,20
13.0784702301,80.2517089844,34126,34145,19
13.0693101883,80.2432479858,34338,34357,19
13.0689897537,80.2424468994,34377,34398,21
13.06690979,80.2460479736,34540,34556,16
13.0678501129,80.2465667725,34556,34576,20
13.0538196564,80.2422332764,34962,34992,30
13.0452003479,80.2326507568,35315,35335,20
13.0335597992,80.2304763794,35537,35558,21
13.0279302597,80.232460022,35719,35735,16
13.0263004303,80.2322463989,35949,35969,20
13.0249099731,80.229309082,36030,36050,20
13.021490097,80.2258682251,36171,36188,17
13.0194797516,80.2245788574,36219,36234,15
13.0143299103,80.226272583,36305,36328,23
13.0082798004,80.2334899902,36441,36461,20
13.006939888,80.2398681641,36563,36583,20
13.0068998337,80.2406082153,36603,36624,21
13.0067996979,80.2409133911,36634,36650,16
13.0066404343,80.2479324341,37460,37480,20
13.0066995621,80.2405700684,37591,37621,30
13.007399559,80.2369689941,37672,37692,20
13.0195398331,80.2243881226,38045,38065,20
13.0227403641,80.2268066406,38166,38187,21
13.0247402191,80.2289505005,38308,38324,16
13.0342702866,80.2303771973,38639,38659,20
13.0539398193,80.2421875,39356,39376,20
13.0624799728,80.2433013916,39568,39588,20
13.0697803497,80.2421188354,39739,39760,21
13.076379776,80.2372283936,39951,39972,21
13.0834798813,80.2335128784,40234,40250,16
13.0965003967,80.2189865112,40616,40632,16
13.09815979,80.2146224976,40684,40705,21
13.1000003815,80.2144317627,40826,40846,20
13.0985603333,80.2140579224,41444,41464,20
13.0911798477,80.2276535034,41706,41726,20
13.088809967,80.2308883667,41797,41817,20
13.0882396698,80.2326431274,41858,41874,16
13.0861902237,80.2344512939,41896,41926,30
13.0843400955,80.2340316772,41957,41977,20
13.067779541,80.2465133667,42855,42875,20
13.0520000458,80.2408294678,43351,43371,20
13.0514698029,80.2406997681,43412,43432,20
13.0452404022,80.232673645,43765,43785,20
13.0409097672,80.2320404053,43846,43862,16
13.0239896774,80.2283325195,44389,44409,20
13.0081996918,80.2336196899,44703,44722,19
13.0066404343,80.2437362671,44925,44941,16
13.0066404343,80.2452011108,44961,44983,22
13.0068597794,80.2496032715,45054,45074,20
13.0019702911,80.2566680908,45337,45367,30
13.0019702911,80.2566680908,45367,45383,16
12.9958696365,80.2676696777,45739,45759,20
13.0002098083,80.2657394409,45870,45900,30
12.9964599609,80.2599563599,46534,46550,16
13.0060596466,80.2573623657,46835,46865,30
13.0065202713,80.2553787231,46906,46922,16
13.0066404343,80.2481536865,47116,47136,20
13.0153999329,80.2248916626,47701,47722,21
13.0344495773,80.2302780151,48226,48255,29
13.0348901749,80.2304000854,48265,48294,29
13.0341396332,80.2370071411,48397,48427,30
13.0400295258,80.2398376465,48569,48599,30
13.0403795242,80.2400817871,48609,48629,20
13.0539102554,80.2421798706,48950,48970,20
13.0743198395,80.240447998,49457,49473,16
13.0824804306,80.231338501,49818,49835,17
13.0952796936,80.222366333,50170,50186,16
13.0972003937,80.2168121338,50259,50279,20
13.098279953,80.2143325806,50397,50419,22
13.100279808,80.2145080566,50510,50530,20
13.1002197266,80.2147216797,51681,51701,20
13.0958795547,80.2210006714,51873,51889,16
13.0836896896,80.2339172363,52194,52214,20
13.0823898315,80.2336883545,52245,52275,30
13.0766496658,80.2377090454,52497,52527,30
13.0571498871,80.2428131104,53345,53375,30
13.0537996292,80.2422790527,53446,53466,20
13.0407600403,80.2320175171,53910,53926,16
13.0294704437,80.2308883667,54242,54258,16
13.0069198608,80.2399291992,54946,54966,20
13.0066299438,80.2570114136,56107,56127,20
13.0072603226,80.2588424683,56208,56228,20
13.0065202713,80.2532501221,56329,56350,21
13.0065603256,80.2465209961,56440,56461,21
13.0073900223,80.2367782593,56602,56622,20
13.0197095871,80.2244415283,57076,57093,17
13.0219097137,80.2260894775,57115,57135,20
13.0258703232,80.2306137085,57226,57246,20
13.027970314,80.2309570313,57307,57337,30
13.044500351,80.2405929565,58126,58156,30
13.0624303818,80.2433700562,58550,58570,20
13.0674600601,80.2429580688,58731,58747,16
13.069849968,80.2421417236,58780,58800,20
13.0763301849,80.2370986938,59022,59052,30
13.0802602768,80.2335281372,59204,59224,20
13.0820398331,80.2327423096,59275,59291,16
13.0969400406,80.2176589966,59788,59803,15
13.1001996994,80.2145080566,59907,59937,30
13.0911998749,80.2276611328,61047,61068,21
13.0758895874,80.2339782715,61461,61478,17
13.0765399933,80.2373504639,61510,61529,19
13.0771799088,80.2400512695,61581,61600,19
13.0692996979,80.2432937622,62016,62046,30
13.0587396622,80.2425918579,62572,62592,20
13.0570297241,80.2427978516,62623,62649,26
13.0509195328,80.240562439,62954,62974,20
13.0452604294,80.2326965332,63221,63242,21
13.0398101807,80.2316970825,63332,63348,16
13.0248098373,80.2293701172,63978,63998,20
13.0239801407,80.2283096313,64038,64058,20
13.0232095718,80.2274932861,64079,64099,20
13.0143699646,80.2263183594,64260,64281,21
13.0068902969,80.2407836914,64583,64604,21
13.0068798065,80.2495574951,64715,64735,20
13.0066099167,80.2548294067,64826,64846,20
13.0015096664,80.2566299438,65048,65078,30
13.0015096664,80.2566299438,65078,65094,16
12.9989299774,80.2561721802,65166,65187,21
12.9968595505,80.2570495605,65249,65279,30
12.9962797165,80.2624588013,65380,65400,20
12.9961204529,80.2677230835,65501,65521,20
13.0000200272,80.2667388916,65582,65612,30
13.0003404617,80.2664489746,66499,66519,20
12.995759964,80.2677993774,66610,66630,20
12.995929718,80.2648925781,66691,66711,20
12.9987401962,80.2560119629,67012,67042,30
13.006529808,80.2466888428,67818,67838,20
13.015080452,80.2246780396,68647,68675,28
13.0196695328,80.2245407104,68776,68796,20
13.0208597183,80.2254333496,68826,68845,19
13.0219297409,80.2262268066,68845,68868,23
13.0284204483,80.2309036255,69120,69140,20
13.0343904495,80.2304382324,69633,69663,30
13.0400695801,80.2399520874,70047,70067,20
13.0523395538,80.2408828735,70400,70421,21
13.0539999008,80.2423095703,70471,70491,20
13.0624599457,80.2434082031,70673,70693,20
13.065369606,80.2436218262,70865,70881,16
13.065990448,80.243560791,70881,70901,20
13.0699796677,80.2421188354,70984,71004,20
13.0763502121,80.2374191284,71237,71257,20
13.0914297104,80.2272491455,71893,71909,16
13.1002101898,80.2145614624,72225,72255,30
13.0956802368,80.2214431763,73275,73291,16
13.0867004395,80.2345962524,73556,73576,20
13.0837097168,80.2339401245,73677,73697,20
13.0767002106,80.2385177612,73960,73978,18
13.0625696182,80.2434005737,74848,74866,18
13.0472202301,80.2333221436,75313,75329,16
13.0338497162,80.2304763794,75715,75735,20
13.0269804001,80.2329406738,75917,75947,30
13.0239801407,80.2284088135,76058,76078,20
13.0083999634,80.2322769165,76381,76397,16
13.006939888,80.2399215698,76511,76541,30
13.006819725,80.2507629395,76753,76783,30
12.9961395264,80.2632522583,79631,79647,16
13.0010299683,80.2564315796,79861,79881,20
13.0039596558,80.2569580078,79932,79948,16
13.0066099167,80.2518768311,80044,80064,20
13.0065803528,80.2467727661,80155,80175,20
13.0073003769,80.2375564575,80316,80333,17
13.0333795547,80.2304992676,80953,80969,16
13.0712203979,80.2416687012,82283,82299,16
13.0987997055,80.2416305542,84009,84029,20
13.0990495682,80.2401733398,84251,84272,21
12.9873199463,80.2585220337,17730,17750,20
12.9812898636,80.2379379272,18427,18457,30
12.9816598892,80.2332992554,18538,18558,20
12.9782600403,80.2249603271,18740,18756,16
12.9847602844,80.2230987549,19143,19160,17
12.9974098206,80.2162094116,19354,19374,20
12.9999399185,80.2140808105,19445,19461,16
13.0078001022,80.2129669189,19574,19594,20
13.0203895569,80.2249679565,19958,19974,16
13.0220298767,80.2261581421,19974,19994,20
13.0265398026,80.231262207,20089,20112,23
13.0292196274,80.2308807373,22586,22602,16
13.0230798721,80.2274627686,22796,22812,16
13.0144796371,80.2262268066,22966,22996,30
13.0080404282,80.2132720947,23249,23269,20
13.0006399155,80.207862854,23451,23471,20
12.9982595444,80.2086105347,23552,23568,16
12.9929599762,80.2127380371,25317,25337,20
12.9937000275,80.2101211548,25391,25421,30
12.9985904694,80.2073974609,25583,25613,30
13.0040998459,80.2120437622,25745,25761,16
13.0197000504,80.2244873047,26117,26133,16
13.0220298767,80.2261581421,26165,26185,20
13.029419899,80.2308120728,26337,26357,20
13.0301904678,80.2308273315,27762,27782,20
13.0256500244,80.2304763794,28014,28035,21
13.0230197906,80.227432251,28105,28125,20
13.0198898315,80.224822998,28206,28227,21
13.0098199844,80.226852417,28378,28394,16
13.0080699921,80.2132720947,28569,28599,30
12.9981002808,80.2091827393,28933,28949,16
12.997420311,80.2103424072,28961,28981,20
12.9938402176,80.2101364136,29073,29094,21
12.9840202332,80.2180023193,29416,29437,21
12.9755897522,80.2206420898,29578,29595,17
12.9823198318,80.2177963257,30435,30455,20
12.9830799103,80.2178268433,30476,30492,16
12.9874095917,80.218208313,30554,30584,30
12.992939949,80.2128601074,30807,30827,20
12.9938697815,80.2100830078,30949,30979,30
12.9976196289,80.2098236084,31151,31167,16
12.9986000061,80.2074432373,31219,31240,21
13.0041704178,80.2120819092,31391,31411,20
13.0122404099,80.2206115723,31694,31721,27
13.0154800415,80.224899292,31844,31864,20
13.0284700394,80.2308578491,32276,32296,20
13.0293798447,80.2307815552,32317,32338,21
13.0333299637,80.23046875,32409,32425,16
13.0230703354,80.2274398804,33073,33094,21
13.0194597244,80.2245635986,33195,33211,16
13.0144395828,80.2262573242,33284,33303,19
13.009059906,80.2141189575,33657,33678,21
13.0089597702,80.2139663696,33688,33708,20
13.0080404282,80.2132415771,33859,33880,21
12.9985103607,80.2074127197,34132,34152,20
12.9939098358,80.2101287842,34334,34355,21
12.9755897522,80.2209396362,35668,35698,30
12.9916400909,80.2126464844,36123,36153,30
12.9933595657,80.2111587524,36224,36240,16
12.9938001633,80.2100296021,36262,36282,20
12.99862957,80.2073898315,36484,36505,21
13.0002698898,80.2077178955,36545,36561,16
13.0041503906,80.2119979858,36644,36663,19
13.0195198059,80.2243270874,37250,37270,20
13.0204801559,80.2250289917,37301,37331,30
13.0244598389,80.2285614014,37573,37590,17
13.0285396576,80.2308425903,37703,37723,20
13.0350704193,80.229888916,37976,38006,30
13.0310602188,80.2306976318,38248,38269,21
13.0230398178,80.227432251,38855,38875,20
13.0085201263,80.2135391235,39309,39329,20
13.0083398819,80.213432312,39329,39350,21
12.9757204056,80.2211837769,41077,41107,30
12.9752702713,80.2208099365,41138,41168,30
12.9794797897,80.2186965942,41239,41255,16
13.0139598846,80.2232971191,42338,42368,30
13.0219802856,80.2261962891,42540,42560,20
13.0284500122,80.2308578491,42742,42772,30
13.0341701508,80.2304229736,42884,42904,20
13.0300703049,80.2308425903,43732,43748,16
13.0230398178,80.2273635864,44013,44043,30
13.0225400925,80.2268371582,44053,44074,21
13.0198097229,80.2248001099,44124,44144,20
13.0158195496,80.2256698608,44205,44221,16
13.0078601837,80.2131729126,44588,44608,20
12.9973697662,80.2164230347,44810,44826,16
12.9908304214,80.220199585,44950,44969,19
12.9876804352,80.2231216431,45030,45051,21
12.9832201004,80.2222137451,45162,45192,30
12.976360321,80.2217788696,45323,45344,21
12.980050087,80.2278671265,45455,45471,16
12.9813499451,80.2428665161,45746,45766,20
12.9872903824,80.2584991455,46301,46322,21
12.987159729,80.2591094971,49393,49423,30
12.9877099991,80.251663208,49653,49674,21
12.9813299179,80.2429122925,49916,49936,20
12.9753398895,80.2207183838,50371,50391,20
12.9844999313,80.2178421021,50542,50559,17
13.0122299194,80.2205200195,51289,51309,20
13.0150403976,80.2245407104,51380,51400,20
13.0154800415,80.2249069214,51410,51430,20
13.0194396973,80.2244415283,51481,51501,20
13.0283603668,80.2309036255,51713,51733,20
13.0344495773,80.2297592163,51966,51996,30
13.0299196243,80.2308197021,52249,52269,20
13.0260601044,80.2316894531,52461,52481,20
13.0230197906,80.2274169922,52562,52578,16
13.019900322,80.2248306274,52630,52651,21
13.0082998276,80.2134017944,53085,53105,20
13.0050401688,80.2125701904,53186,53206,20
12.9995698929,80.2076568604,53712,53732,20
12.9993696213,80.2076263428,53732,53752,20
12.9875001907,80.2180099487,55498,55518,20
12.9930200577,80.2124404907,55690,55706,16
12.9969997406,80.2104034424,55810,55831,21
12.9987001419,80.2074432373,56084,56104,20
13.0034198761,80.2095336914,56276,56306,30
13.0219202042,80.2260971069,56821,56841,20
13.0349397659,80.230140686,57245,57275,30
13.0260095596,80.2316513062,57770,57786,16
13.0229902267,80.2273864746,57850,57870,20
13.0142402649,80.2263565063,58011,58032,21
13.0080795288,80.2132797241,58294,58315,21
13.0008602142,80.2080001831,58608,58638,30
12.9936304092,80.2102584839,58911,58931,20
12.9838895798,80.2180023193,59224,59240,16
12.9893798828,80.2147064209,60981,61001,20
12.9932098389,80.2118530273,61122,61138,16
12.9938097,80.2101135254,61171,61191,20
12.9985599518,80.2074432373,61413,61433,20
13.0219297409,80.2260971069,61999,62019,20
13.026049614,80.231300354,62171,62187,16
13.0297899246,80.2308425903,62905,62924,19
13.0247402191,80.2292633057,63137,63157,20
13.0230703354,80.2273178101,63208,63224,16
13.0113296509,80.2233200073,63620,63640,20
13.0079603195,80.213180542,63793,63823,30
13.0036897659,80.2117919922,63985,64005,20
12.9983797073,80.207572937,64126,64156,30
12.993639946,80.2102432251,64328,64348,20
12.9837703705,80.217880249,66094,66114,20
12.9840803146,80.2179031372,66125,66142,17
12.9915399551,80.2126922607,66306,66326,20
12.9961996078,80.2103881836,66497,66518,21
13.0039596558,80.2120513916,66831,66851,20
13.0076198578,80.2129135132,66922,66942,20
13.0121803284,80.2205810547,67124,67144,20
13.0219898224,80.2262420654,67427,67447,20
13.0238599777,80.227897644,67498,67514,16
13.0259599686,80.2309417725,67577,67597,20
13.0283498764,80.2309188843,67648,67669,21
13.0290603638,80.2308807373,67709,67729,20
13.0330600739,80.2305526733,67810,67830,20
13.0346603394,80.2303390503,67941,67962,21
13.0348901749,80.2302322388,67962,67982,20
13.0309400558,80.230758667,68345,68366,21
13.0298204422,80.2308502197,68396,68416,20
13.0246200562,80.2291412354,68750,68780,30
13.0230398178,80.2274475098,68830,68851,21
13.0225801468,80.2269973755,68871,68891,20
13.0144195557,80.2262878418,69012,69033,21
12.9935903549,80.2102432251,70144,70164,20
12.9874401093,80.21824646,70409,70429,20
12.9872503281,80.2182617188,71934,71955,21
12.9937200546,80.2101516724,72207,72227,20
12.9983196259,80.2075424194,72450,72480,30
13.0219202042,80.2261810303,73056,73076,20
13.0257997513,80.2305984497,73167,73197,30
13.0257997513,80.2305984497,73197,73213,16
13.0288095474,80.2308807373,73286,73307,21
13.0350103378,80.2300262451,73458,73478,20
13.0297498703,80.2308807373,73870,73891,21
13.0287399292,80.2309799194,73911,73927,16
13.0232000351,80.2276229858,74131,74151,20
13.023059845,80.2275695801,74151,74171,20
13.0200004578,80.2249069214,74231,74253,22
13.0142002106,80.2263565063,74354,74375,21
12.9981603622,80.2088165283,75011,75041,30
12.997130394,80.2105102539,75092,75112,20
12.9928703308,80.2130203247,75274,75290,16
12.976269722,80.2218017578,75777,75797,20
12.9813299179,80.241317749,76242,76262,20
12.9813404083,80.2419586182,76272,76292,20
12.9867696762,80.2515182495,76666,76682,16
12.9872703552,80.2595062256,77090,77120,30
12.9970798492,80.1913070679,29949,29970,21
12.9968204498,80.1912078857,41246,41267,21
12.9970197678,80.191619873,41307,41337,30
12.9959096909,80.1895904541,45305,45325,20
13.0037403107,80.200843811,45527,45547,20
13.0086698532,80.2104415894,45698,45715,17
13.0154304504,80.225440979,45979,45995,16
13.0264396667,80.2660217285,48329,48349,20
13.0197601318,80.2630386353,48480,48496,16
13.0066900253,80.2483825684,48791,48821,30
13.01060009,80.2250976563,49154,49174,20
13.011179924,80.2236633301,49205,49225,20
13.005979538,80.2094497681,49578,49598,20
13.0069704056,80.2097625732,49619,49639,20
13.0072698593,80.2098236084,49659,49675,16
13.0001497269,80.1945114136,49980,50010,30
12.9999904633,80.1943206787,50020,50040,20
12.9993696213,80.1935195923,50071,50091,20
12.9884395599,80.1777420044,50372,50393,21
12.9882001877,80.1773910522,50413,50443,30
12.96916008,80.1500167847,50817,50837,20
12.9504804611,80.1397018433,51170,51190,20
12.9370203018,80.1280517578,51372,51392,20
12.9349498749,80.126159668,51432,51449,17
12.9251003265,80.1166534424,51683,51703,20
12.9037103653,80.0943374634,52016,52032,16
12.8792495728,80.0802764893,52247,52277,30
12.8648099899,80.0746231079,52398,52414,16
12.8618402481,80.0734710693,52414,52436,22
12.8269796371,80.0419921875,52851,52868,17
12.761059761,80.0036010742,53546,53574,28
12.7369699478,79.9876708984,53836,53852,16
12.7240400314,79.9817428589,56048,56078,30
12.8157701492,80.0336380005,56956,56972,16
12.8201198578,80.0366897583,56994,57015,21
12.8396596909,80.0551681519,57267,57283,16
12.8450202942,80.0608215332,57416,57437,21
12.8618097305,80.0733032227,57628,57650,22
12.8791303635,80.080039978,57783,57803,20
12.9282197952,80.119430542,58621,58637,16
12.9309797287,80.1221694946,58659,58679,20
12.9375200272,80.1276779175,58810,58831,21
12.9511604309,80.1398620605,59063,59083,20
12.9573402405,80.1437301636,59224,59241,17
12.9614601135,80.1458282471,59303,59318,15
13.0081996918,80.2092285156,60196,60213,17
13.0114402771,80.2182235718,60376,60398,22
13.0258598328,80.230682373,60703,60733,30
13.0349798203,80.2302093506,61016,61036,20
13.0101299286,80.2263793945,63126,63142,16
13.007060051,80.2098312378,63609,63625,16
12.9999799728,80.1942977905,63971,63991,20
12.9906301498,80.1805725098,64284,64300,16
12.9893598557,80.1789398193,64524,64544,20
12.9891004562,80.1785812378,64554,64574,20
12.988530159,80.1778335571,64615,64644,29
12.9882802963,80.1774978638,64655,64675,20
12.9708499908,80.1508178711,65131,65147,16
12.969499588,80.1502990723,65147,65169,22
12.9518003464,80.1407012939,65492,65512,20
12.9372396469,80.1282424927,65775,65795,20
12.9255399704,80.1171875,66047,66065,18
12.9054498672,80.0956802368,66411,66431,20
12.8642501831,80.0744628906,66855,66871,16
12.8619804382,80.073600769,66871,66893,22
12.8451900482,80.0612106323,67075,67105,30
12.8431100845,80.0589981079,67155,67172,17
12.8197698593,80.0367507935,67406,67426,20
12.8187398911,80.035987854,67456,67473,17
12.7429800034,79.9924087524,68303,68333,30
12.6915302277,79.9806137085,69222,69242,20
12.6907396317,79.9800415039,69515,69535,20
12.6909704208,79.9801101685,69545,69575,30
12.6912698746,79.980758667,70586,70606,20
12.7959003448,80.0206985474,71938,71959,21
12.7987699509,80.0226135254,71999,72015,16
12.9271001816,80.1182479858,73542,73572,30
12.9272499084,80.1184921265,73572,73592,20
12.931520462,80.1227035522,73711,73733,22
12.9375600815,80.1275634766,73844,73865,21
12.9504003525,80.1393814087,74056,74077,21
12.9664697647,80.1486968994,74359,74378,19
12.9731397629,80.1528167725,74511,74528,17
12.9864797592,80.1747817993,74803,74824,21
12.9981403351,80.1918869019,75096,75112,16
13.0091295242,80.2113800049,75368,75388,20
13.0104503632,80.2163619995,75459,75475,16
13.0224704742,80.2636184692,76326,76342,16
13.0262699127,80.2654418945,76435,76456,21
13.0209598541,80.2630233765,76749,76765,16
13.0079603195,80.2341918945,77352,77369,17
13.0101003647,80.2157211304,77532,77554,22
13.0085401535,80.2136001587,77617,77636,19
13.007610321,80.2065811157,77912,77928,16
12.988360405,80.2233428955,23402,23422,20
12.9938697815,80.2344512939,23634,23655,21
12.9987001419,80.2391891479,23776,23796,20
12.9940004349,80.234588623,25311,25331,20
12.9864902496,80.2353134155,27119,27139,20
12.9866895676,80.2333221436,27179,27199,20
12.9882898331,80.2301025391,27250,27270,20
13.00578022,80.2423171997,28219,28240,21
12.9909601212,80.2316818237,29128,29148,20
12.9909801483,80.2320327759,31138,31158,20
12.9938898087,80.2344589233,31269,31289,20
13.002530098,80.2400283813,31501,31521,20
13.0059404373,80.2423095703,31582,31612,30
13.002579689,80.2400588989,32471,32491,20
12.9991703033,80.2393035889,32541,32562,21
12.9918003082,80.2337722778,32784,32814,30
12.9908304214,80.2300567627,32945,32965,20
12.9902200699,80.2273712158,33016,33036,20
12.9866695404,80.2387390137,33531,33561,30
12.9882698059,80.2300491333,34389,34409,20
12.9901599884,80.2275695801,34450,34480,30
12.9909601212,80.2320175171,34803,34823,20
12.9987201691,80.2391662598,35005,35035,30
13.0059299469,80.2423095703,35177,35197,20
13.005610466,80.2421264648,35853,35874,21
12.9917802811,80.2337265015,36176,36197,21
12.9901895523,80.2273864746,36338,36368,30
12.9918003082,80.2336502075,39146,39176,30
12.9991598129,80.2393112183,39641,39661,20
12.9938898087,80.2345123291,39792,39812,20
12.9917497635,80.2337493896,39853,39883,30
12.9909296036,80.2317428589,39933,39954,21
12.9901800156,80.2274169922,40105,40135,30
12.9898700714,80.2276916504,40337,40357,20
12.9864902496,80.2352294922,40539,40559,20
12.9909801483,80.2320098877,42003,42023,20
12.9938898087,80.2344512939,42155,42175,20
12.9960298538,80.2359466553,42215,42235,20
12.9987602234,80.2392120361,42296,42316,20
12.9991798401,80.239440918,43316,43336,20
12.9989795685,80.2393035889,43346,43366,20
12.9902296066,80.2273864746,43831,43851,20
12.9882602692,80.2300720215,44175,44205,30
12.9865198135,80.2353210449,45064,45094,30
12.9901800156,80.2275924683,45488,45508,20
12.9910001755,80.2320632935,45629,45649,20
12.9917697906,80.2336578369,45690,45720,30
12.9933595657,80.2340774536,45760,45780,20
12.9938201904,80.2344207764,45791,45821,30
12.9987001419,80.2391815186,45952,45972,20
13.0027399063,80.2401809692,46952,46972,20
12.9991598129,80.2393264771,47032,47053,21
12.9962701797,80.2364120483,47144,47164,20
12.9939899445,80.2346115112,47204,47224,20
12.986530304,80.2333374023,47992,48022,30
12.9866104126,80.233291626,48658,48678,20
12.9883298874,80.2300415039,48729,48749,20
12.9901199341,80.2275466919,48799,48820,21
12.9938402176,80.2344512939,49294,49314,20
13.0025396347,80.2400817871,49547,49567,20
12.9991798401,80.2393188477,50334,50354,20
12.9917697906,80.233757019,50516,50536,20
12.9884595871,80.2234725952,50788,50809,21
12.9885196686,80.2233810425,67481,67501,20
12.9883899689,80.2298812866,67652,67682,30
12.9864702225,80.2353591919,68349,68369,20
12.9880800247,80.230506897,68470,68490,20
12.9902000427,80.2276535034,68783,68803,20
12.9917497635,80.2338027954,70470,70500,30
12.9882898331,80.2233963013,70712,70742,30
12.9864597321,80.2353286743,70995,71015,20
12.9864797592,80.2386703491,71076,71096,20
12.9864397049,80.2353363037,72146,72166,20
12.9881896973,80.2300491333,72267,72288,21
12.990070343,80.2276611328,72328,72348,20
12.9919900894,80.2337417603,72712,72742,30
12.9917201996,80.2338180542,73974,73994,20
12.9882698059,80.2234268188,74206,74236,30
12.9864501953,80.2353591919,74499,74529,30
12.9864196777,80.2353897095,75509,75529,20
12.9866104126,80.2332992554,75630,75649,19
12.9899997711,80.2276763916,75792,75812,20
12.9919996262,80.2337036133,76185,76206,21
12.9938201904,80.2344207764,76256,76275,19
12.9918003082,80.2338104248,77488,77508,20
12.988409996,80.2235794067,77700,77730,30
13.0252199173,80.2652816772,18985,19005,20
13.0140895844,80.2233886719,19843,19873,30
13.0066900253,80.2403793335,25435,25456,21
13.0341796875,80.2302780151,27686,27707,21
13.027589798,80.2328262329,27929,27959,30
13.0143299103,80.226272583,28363,28383,20
13.02023983,80.2626571655,29312,29332,20
13.0298204422,80.2666702271,30482,30503,21
13.0265197754,80.2660675049,30563,30583,20
13.02546978,80.2654876709,30614,30644,30
13.0066404343,80.2477035522,31320,31340,20
13.0066900253,80.2475204468,31340,31361,21
13.0065803528,80.2465362549,31381,31401,20
13.007399559,80.2370223999,31563,31593,30
13.0113096237,80.2235412598,31805,31825,20
13.0156097412,80.225112915,31946,31966,20
13.0194396973,80.2243499756,32027,32057,30
13.0219802856,80.2261962891,32108,32128,20
13.0334501266,80.23046875,32915,32945,30
13.0298404694,80.2308197021,33016,33036,20
13.0246601105,80.2290725708,33359,33389,30
13.0240001678,80.2282485962,33420,33440,20
13.0141496658,80.2263565063,33622,33642,20
13.0082597733,80.2336196899,33773,33803,30
13.0071802139,80.2389831543,33874,33904,30
13.0069303513,80.2493972778,34217,34237,20
13.0066795349,80.2549133301,34338,34358,20
13.0292596817,80.2663192749,35075,35095,20
13.0334396362,80.2677764893,35176,35196,20
13.0343198776,80.2680130005,35226,35247,21
13.0332202911,80.2677612305,36569,36589,20
13.0298700333,80.2666168213,36670,36700,30
13.0294103622,80.2665863037,36700,36720,20
13.0264396667,80.2659606934,36781,36801,20
13.0221395493,80.2634124756,36892,36912,20
13.0160503387,80.2596817017,37023,37043,20
13.0072002411,80.258682251,37195,37215,20
13.0065202713,80.2531433105,37365,37386,21
13.0065603256,80.2465896606,37518,37538,20
13.021900177,80.2260665894,38143,38164,21
13.0257101059,80.23021698,38376,38406,30
13.0198402405,80.2247467041,40344,40364,20
13.0066995621,80.2454299927,40949,40969,20
13.0163402557,80.2595901489,41343,41373,30
13.0228996277,80.2637405396,41535,41565,30
13.0264797211,80.2641983032,41666,41686,20
13.0282802582,80.2637634277,41726,41746,20
13.0291996002,80.2664413452,41857,41878,21
13.0342702866,80.2680664063,42110,42130,20
13.0299501419,80.2666931152,42907,42927,20
13.0224599838,80.263633728,43119,43139,20
13.022069931,80.2634429932,43149,43170,21
13.0160102844,80.2597122192,43291,43321,30
13.0067300797,80.2578811646,43482,43503,21
13.0067901611,80.2496566772,43745,43765,20
13.0065002441,80.2476272583,43997,44017,20
13.0065698624,80.2464675903,44048,44068,20
13.0197000504,80.2245025635,44552,44572,20
13.0258998871,80.2308807373,44754,44774,20
13.0284404755,80.2309188843,44815,44835,20
13.0293102264,80.2308731079,44855,44885,30
13.0340995789,80.2303619385,45440,45461,21
13.0335702896,80.2304382324,45471,45491,20
13.024020195,80.2283325195,45895,45915,20
13.0142803192,80.2262802124,46066,46086,20
13.0068397522,80.2496414185,46490,46510,20
13.0164003372,80.2596435547,46843,46863,20
13.0202302933,80.2626495361,46934,46954,20
13.0267801285,80.26587677,47742,47762,20
13.0265197754,80.2654037476,48044,48065,21
13.0264196396,80.265296936,50073,50103,30
13.0333404541,80.267829895,50527,50547,20
13.0162200928,80.2597808838,50941,50961,20
13.0066604614,80.2578201294,51153,51183,30
13.0073900223,80.2367477417,51748,51768,20
13.0155601501,80.2250671387,52051,52071,20
13.0219202042,80.2261810303,52181,52202,21
13.0242500305,80.2283477783,52252,52273,21
13.0082302094,80.2336502075,53454,53474,20
13.0068702698,80.2495803833,53706,53736,30
13.0076799393,80.2586364746,53978,53999,21
13.0163402557,80.2595977783,54100,54120,20
13.0229701996,80.2638397217,54261,54281,20
13.0252895355,80.26537323,56148,56169,21
13.0220298767,80.2633666992,56229,56259,30
13.0160303116,80.2596817017,56381,56401,20
13.0067796707,80.249671936,56966,56986,20
13.0073795319,80.2369766235,57289,57309,20
13.0109100342,80.2245330811,57450,57471,21
13.015250206,80.2247695923,57652,57672,20
13.0341300964,80.2301712036,58934,58964,30
13.0334501266,80.2304992676,58974,58995,21
13.0298204422,80.2308578491,59075,59096,21
13.0246400833,80.2291412354,59257,59287,30
13.0082101822,80.2337188721,59620,59641,21
13.0070199966,80.240020752,59832,59853,21
13.0077400208,80.2587509155,60155,60176,21
13.016409874,80.2596588135,60276,60297,21
13.0201997757,80.2626419067,60367,60387,20
13.0265197754,80.2638168335,60549,60568,19
13.029299736,80.2660827637,60680,60700,20
13.0337095261,80.2678909302,60822,60852,30
13.0253095627,80.2653503418,62033,62053,20
13.0221595764,80.2634506226,62113,62134,21
13.0161304474,80.2597122192,62275,62295,20
13.0072498322,80.2589187622,62467,62497,30
13.0065202713,80.2532196045,62709,62729,20
13.0065898895,80.2465896606,62891,62911,20
13.0074300766,80.2367172241,63153,63173,20
13.0156097412,80.2251205444,63456,63476,20
13.0219497681,80.2261505127,63597,63617,20
13.0249204636,80.2294769287,65111,65131,20
13.0082902908,80.2333908081,65545,65565,20
13.0072202682,80.2385864258,65666,65687,21
13.0068702698,80.2513504028,66060,66080,20
13.0066795349,80.2570877075,66161,66181,20
13.0077104568,80.2586593628,66222,66242,20
13.0202798843,80.2627029419,66484,66504,20
13.0264797211,80.2640380859,66726,66746,20
13.032500267,80.2674484253,66968,66989,21
13.0337400436,80.2679290771,67019,67049,30
13.0331201553,80.2678375244,67826,67847,21
13.0309896469,80.2669219971,67917,67937,20
13.0305404663,80.2668075562,67948,67978,30
13.0270700455,80.2661437988,68099,68119,20
13.0254802704,80.2655029297,68200,68220,20
13.0221595764,80.2634887695,68301,68321,20
13.0067396164,80.2579116821,68664,68684,20
13.0065402985,80.2465667725,69371,69391,20
13.007349968,80.236907959,69805,69825,20
13.0218601227,80.2261276245,70239,70259,20
13.0264196396,80.2330780029,71874,71894,20
13.0067100525,80.251701355,72823,72843,20
13.0256500244,80.2656478882,73297,73318,21
13.0264797211,80.2639312744,73368,73398,30
13.0344200134,80.2680206299,73671,73691,20
13.0160303116,80.2597732544,74670,74690,20
13.0073204041,80.2369308472,75488,75508,20
13.0218296051,80.2261276245,75881,75902,21
13.0348901749,80.2301864624,76225,76245,20
13.0241098404,80.228477478,76780,76800,20
13.0143003464,80.2262802124,76961,76982,21
13.0067996979,80.251373291,77345,77375,30
13.0309400558,80.2669525146,78223,78243,20
13.0291404724,80.2665176392,78385,78405,20
13.0501003265,80.2072067261,18959,18979,20
13.0494003296,80.2068710327,19940,19960,20
13.0497198105,80.2122192383,21565,21585,20
13.0497198105,80.2122192383,21585,21601,16
13.0309896469,80.2093734741,21845,21861,16
13.0135297775,80.2265014648,22691,22707,16
12.9974803925,80.2165374756,22941,22961,20
12.9872598648,80.2592391968,24021,24051,30
12.987039566,80.2596206665,24092,24112,20
12.9871997833,80.2591323853,25212,25242,30
12.9876403809,80.2563095093,25322,25343,21
12.9798898697,80.2524185181,25524,25545,21
12.9813699722,80.2429733276,25656,25686,30
12.9812498093,80.2299118042,25888,25904,16
12.9759502411,80.2213516235,26037,26067,30
12.9775896072,80.2194519043,26158,26174,16
13.0007600784,80.2133712769,26499,26515,16
13.0036401749,80.2119827271,26546,26569,23
13.0073795319,80.2098312378,26670,26700,30
13.0301103592,80.2089996338,27094,27114,20
13.0314102173,80.2093505859,27134,27154,20
13.048500061,80.2120285034,27586,27606,20
13.0696001053,80.2052230835,27909,27939,30
13.0698204041,80.2049179077,28242,28262,20
13.0512199402,80.2121582031,28585,28601,16
13.0296096802,80.2089614868,29057,29077,20
13.0190000534,80.2062835693,29239,29259,20
13.012169838,80.2124633789,29491,29507,16
12.9976100922,80.2165527344,30296,30317,21
12.9951400757,80.2170410156,30377,30396,19
12.9870700836,80.2182998657,30539,30559,20
12.9763803482,80.2218170166,30884,30900,16
12.9817199707,80.2305221558,31033,31053,20
12.9820804596,80.2321014404,31094,31124,30
12.9813404083,80.2387619019,31265,31285,20
12.9880304337,80.2519302368,31981,32002,21
12.9875402451,80.2557983398,32203,32224,21
12.9872903824,80.2594070435,32284,32304,20
12.9873695374,80.2588500977,33735,33755,20
12.9877300262,80.2550506592,33907,33927,20
12.9878501892,80.251701355,34221,34242,21
12.9803600311,80.2526779175,34343,34373,30
12.9799404144,80.2520980835,34403,34433,30
12.9813404083,80.2429199219,34605,34635,30
12.9813098907,80.2380599976,34716,34736,20
12.9813995361,80.2338485718,34807,34823,16
12.9806499481,80.2288818359,34946,34966,20
12.9758300781,80.2211227417,35148,35178,30
12.9755897522,80.2203292847,35309,35329,20
12.9839000702,80.2179336548,35460,35481,21
12.9852304459,80.2178573608,35511,35527,16
12.997420311,80.216178894,35752,35782,30
13.0035200119,80.2119827271,36194,36214,20
13.0073003769,80.2098236084,36376,36396,20
13.008020401,80.2098999023,36426,36446,20
13.0071496964,80.2034988403,36587,36605,18
13.0131702423,80.2039108276,36657,36687,30
13.0320796967,80.2093887329,37051,37071,20
13.0349798203,80.2112579346,37141,37162,21
13.060210228,80.211517334,37654,37670,16
13.0349903107,80.2122573853,39016,39036,20
13.0341997147,80.2120819092,39056,39077,21
13.030670166,80.2092971802,39167,39188,21
13.0135803223,80.2045593262,39514,39534,20
13.0106897354,80.2167434692,39898,39914,16
13.0150003433,80.2259063721,40058,40078,20
13.0016202927,80.2186813354,40320,40337,17
12.9974899292,80.2165298462,40389,40409,20
12.9871397018,80.2182998657,40572,40592,20
12.9759397507,80.2211608887,40864,40884,20
12.976269722,80.2216796875,40905,40935,30
12.9800596237,80.2524185181,41501,41522,21
12.9872999191,80.2592697144,42127,42147,20
12.9878501892,80.2519073486,43408,43428,20
12.979929924,80.2524490356,43630,43646,16
12.981880188,80.2328033447,44022,44038,16
12.9757404327,80.2211532593,44283,44303,20
12.9757404327,80.2202529907,44424,44440,16
12.9838104248,80.217956543,44570,44590,20
12.9873695374,80.2182693481,44642,44662,20
12.9907398224,80.21925354,44712,44731,19
13.0079402924,80.2037277222,45269,45285,16
13.0148696899,80.2045822144,45338,45357,19
13.0349397659,80.2112884521,45721,45742,21
13.0348796844,80.2119216919,45762,45792,30
13.0484399796,80.2120666504,46105,46135,30
13.0632295609,80.211517334,46417,46434,17
13.0694799423,80.205329895,46537,46556,19
13.0697603226,80.2048721313,47152,47181,29
13.0495300293,80.2121429443,47566,47586,20
13.031999588,80.2105484009,47979,47996,17
13.0298900604,80.2090301514,48038,48058,20
13.0126304626,80.211517334,48552,48568,16
13.0102796555,80.2116775513,48682,48702,20
13.009759903,80.211227417,48752,48782,30
13.0153398514,80.2256774902,49045,49066,21
12.9762601852,80.221572876,49861,49881,20
12.9771604538,80.22315979,49921,49938,17
12.9813804626,80.2430267334,50223,50239,16
12.9872903824,80.2593765259,50915,50935,20
12.9869098663,80.2595901489,51006,51026,20
12.9875802994,80.2561416626,53821,53851,30
12.9877004623,80.2551574707,53871,53888,17
12.981300354,80.2428207397,54162,54182,20
12.9806900024,80.2290802002,54475,54495,20
12.9966096878,80.2164535522,55191,55211,20
12.9973402023,80.216217041,55232,55252,20
13.0031700134,80.2120132446,55433,55454,21
13.0071697235,80.2097702026,55585,55605,20
13.0079603195,80.2087173462,55655,55671,16
13.0484199524,80.2119903564,56441,56463,22
13.0499200821,80.2119598389,56543,56559,16
13.0651197433,80.2113189697,58247,58268,21
13.0638599396,80.2117462158,58288,58308,20
13.0572795868,80.2116775513,58409,58425,16
13.0497503281,80.2122116089,58509,58529,20
13.0344696045,80.2121582031,58761,58791,30
13.0343198776,80.2121276855,58801,58817,16
13.0304203033,80.2091827393,58890,58910,20
13.0150899887,80.2049331665,59102,59122,20
13.0096197128,80.227897644,59970,59986,16
12.9975099564,80.2165527344,60233,60253,20
12.9894304276,80.2188873291,60415,60431,16
12.975859642,80.2202606201,60584,60604,20
12.976360321,80.2217407227,60635,60655,20
12.9814195633,80.2425384521,61080,61100,20
12.9826097488,80.2526397705,61261,61277,16
12.9848804474,80.2521591187,61289,61310,21
12.987830162,80.2548294067,61582,61612,30
12.987279892,80.259437561,61683,61703,20
12.9812297821,80.2438583374,62406,62428,22
12.9813604355,80.2432479858,62569,62589,20
12.9813699722,80.2430496216,62599,62629,30
12.9812602997,80.2358169556,62781,62797,16
12.9975004196,80.2161407471,63698,63718,20
13.0078802109,80.2081069946,64081,64097,16
13.0148200989,80.2046203613,64261,64281,20
13.0312995911,80.2093200684,64564,64580,16
13.0349798203,80.2112503052,64693,64713,20
13.0484895706,80.2119979858,64987,65008,21
13.0543498993,80.2113800049,65119,65139,20
13.0648803711,80.2114562988,66985,67005,20
13.0530796051,80.2119369507,67227,67243,16
13.0524997711,80.2121200562,67243,67266,23
13.0520401001,80.2122268677,67276,67296,20
13.0507802963,80.2122573853,67315,67336,21
13.0340795517,80.2121429443,67880,67900,20
13.0198497772,80.2065200806,68193,68209,16
13.0141000748,80.2046127319,68302,68331,29
13.0108098984,80.2121582031,68544,68564,20
13.010430336,80.2117996216,68585,68605,20
13.0097999573,80.2113723755,68625,68655,30
13.0094804764,80.2111816406,68655,68685,30
12.9995002747,80.2173080444,69331,69351,20
12.9985399246,80.2168579102,69391,69412,21
12.9870901108,80.2183685303,69765,69785,20
12.9839296341,80.2180328369,69826,69846,20
12.9757995605,80.2211685181,70058,70074,16
12.9808101654,80.2292861938,70247,70268,21
12.9819498062,80.2327194214,70439,70459,20
12.9812898636,80.2394790649,70611,70631,20
12.9813499451,80.242477417,70742,70762,20
12.9871101379,80.2596511841,71750,71770,20
12.9876499176,80.2552108765,72426,72446,20
12.9798603058,80.2523422241,72890,72920,30
12.9811897278,80.237197876,73344,73364,20
12.9811897278,80.237197876,73364,73381,17
12.9811601639,80.2364120483,73403,73423,20
12.9811601639,80.2344436646,73746,73776,30
12.9813804626,80.2337722778,73847,73877,30
12.9815597534,80.2333831787,73877,73897,20
12.9806003571,80.2290725708,74038,74059,21
12.975859642,80.2212982178,74291,74311,20
12.9846496582,80.2179031372,74593,74610,17
13.0073404312,80.2098770142,75068,75088,20
13.0073404312,80.2098770142,75088,75104,16
13.0349798203,80.2112197876,75753,75769,16
13.0486898422,80.2120513916,75984,76004,20
13.0637102127,80.2115631104,76246,76262,16
13.069729805,80.2048568726,76698,76718,20
13.0515604019,80.2123031616,77061,77078,17
13.0505399704,80.2122497559,77078,77098,20
13.0468902588,80.2121810913,77353,77374,21
13.0509300232,80.2068481445,78353,78373,20
13.0003499985,80.2663421631,21308,21328,20
13.0066995621,80.2516403198,22337,22354,17
13.0313501358,80.2227096558,23324,23340,16
13.03083992,80.211517334,23555,23571,16
13.0362501144,80.2023773193,23818,23834,16
13.044380188,80.2122421265,24391,24407,16
13.0488796234,80.2069778442,24591,24611,20
13.0495901108,80.2121963501,27184,27204,20
13.0440797806,80.2089385986,27365,27386,21
13.0407800674,80.2051391602,27456,27476,20
13.039440155,80.1956329346,27678,27694,16
13.0386800766,80.1929016113,27737,27757,20
13.0358200073,80.2057876587,28029,28049,20
13.0322704315,80.2203598022,28554,28574,20
13.0311803818,80.224281311,28655,28671,16
13.0290298462,80.2242202759,28683,28703,20
13.0307197571,80.2306594849,28865,28885,20
13.0276603699,80.2312469482,28966,28982,16
13.027130127,80.2329406738,29004,29024,20
13.0240001678,80.2283172607,29115,29135,20
13.0143604279,80.2262573242,29286,29307,21
13.0082798004,80.2335891724,29438,29468,30
13.0070295334,80.2397918701,29569,29589,20
13.0069303513,80.2406234741,29609,29630,21
12.9981899261,80.2559967041,30073,30094,21
12.9968996048,80.2567520142,30134,30154,20
12.9965496063,80.2598114014,30205,30221,16
13.0000600815,80.2667007446,30384,30404,20
13.0002698898,80.2657089233,30425,30445,20
13.0003595352,80.2656707764,30455,30485,30
12.9956703186,80.2673873901,31555,31585,30
12.9968204498,80.2564926147,31807,31823,16
12.9992599487,80.2560577393,31907,31937,30
13.0056200027,80.25730896,32038,32058,20
13.0065402985,80.2416381836,32492,32512,20
13.007399559,80.2367019653,32643,32663,20
13.0153999329,80.2248687744,32905,32926,21
13.0235204697,80.2275924683,33138,33154,16
13.0259599686,80.2312164307,33296,33317,21
13.0410699844,80.1991195679,34650,34670,20
13.0406303406,80.2018280029,34710,34727,17
13.0469703674,80.2121200562,35053,35074,21
13.0489397049,80.2071990967,35245,35273,28
13.0442800522,80.212348938,36725,36755,30
13.0392398834,80.1968612671,37098,37119,21
13.0387401581,80.1928787231,37209,37230,21
13.0319900513,80.2107391357,37754,37770,16
13.0302801132,80.2091827393,37791,37807,16
13.0308799744,80.2111434937,37877,37900,23
13.0276002884,80.2328414917,38559,38579,20
13.0090103149,80.2293014526,39104,39120,16
12.9975700378,80.2568817139,40283,40303,20
13.000120163,80.266418457,40818,40838,20
12.995639801,80.2674484253,41920,41950,30
13.0065002441,80.2528610229,42525,42545,20
13.0066604614,80.2515487671,42575,42591,16
13.007349968,80.2370605469,42897,42917,20
13.0192298889,80.2242889404,43250,43270,20
13.0283203125,80.2309417725,43553,43573,20
13.028960228,80.2308807373,43593,43613,20
13.0303401947,80.2278289795,43786,43816,30
13.0287599564,80.2240829468,43927,43957,30
13.0441102982,80.2087936401,45109,45129,20
13.0488700867,80.2071304321,45431,45452,21
13.0497198105,80.2121963501,45835,45855,20
13.0389003754,80.2048187256,46198,46214,16
13.0319404602,80.2111816406,46882,46898,16
13.0303297043,80.227897644,47446,47462,16
13.0307197571,80.2306289673,47575,47605,30
13.0300502777,80.230796814,47626,47656,30
13.0199098587,80.2248001099,48009,48029,20
13.0074596405,80.237197876,48332,48348,16
13.0068101883,80.2509384155,48635,48665,30
12.998840332,80.2559890747,53071,53092,21
13.0065097809,80.2551498413,53344,53360,16
13.0064897537,80.2531890869,53360,53380,20
13.0066204071,80.2479629517,53554,53584,30
13.0192804337,80.2242584229,54193,54217,24
13.0209598541,80.225440979,54278,54301,23
13.0283002853,80.2308883667,54455,54475,20
13.0321798325,80.2193832397,54910,54927,17
13.0441598892,80.2090682983,55937,55954,17
13.0488100052,80.2070617676,56248,56268,20
13.0443496704,80.2124633789,56833,56854,21
13.0443496704,80.2124633789,56854,56870,16
13.0368404388,80.198600769,57406,57423,17
13.0304803848,80.2140579224,57891,57907,16
13.0290699005,80.2243118286,58211,58228,17
13.0307197571,80.2305984497,58411,58431,20
13.0271902084,80.2329483032,58583,58603,20
13.0247602463,80.2292861938,58684,58704,20
13.0240898132,80.2284698486,58724,58744,20
13.0236997604,80.2279815674,58764,58780,16
13.0199403763,80.2248916626,58832,58852,20
13.0082998276,80.2336196899,59066,59086,20
13.0066204071,80.2571868896,59611,59641,30
12.9973497391,80.2559967041,59863,59883,20
12.9968395233,80.2570800781,59913,59934,21
12.9960803986,80.2643890381,60065,60081,16
13.0057897568,80.2573394775,61580,61610,30
13.007399559,80.2370986938,62367,62397,30
13.0196399689,80.2244262695,62821,62841,20
13.0283298492,80.2309265137,63016,63036,20
13.0312299728,80.2230682373,63429,63446,17
13.0308504105,80.2114028931,63710,63725,15
13.0301599503,80.2091903687,63816,63846,30
13.0370702744,80.1963424683,64240,64256,16
13.0442199707,80.2092437744,64733,64753,20
13.0443201065,80.2120437622,64794,64810,16
13.0494804382,80.2091064453,64993,65017,24
13.0489301682,80.2073898315,65029,65049,20
13.0492601395,80.2074279785,65947,65967,20
13.0420198441,80.2053985596,66502,66522,20
13.0392303467,80.1969833374,66754,66774,20
13.0393295288,80.1962814331,66794,66810,16
13.0397596359,80.1932373047,66833,66863,30
13.0386800766,80.1929397583,66883,66903,20
13.0372695923,80.1960983276,66974,66994,20
13.0364103317,80.2017974854,67115,67131,16
13.0351600647,80.2103881836,67345,67361,16
13.0326700211,80.2119903564,67434,67454,20
13.030090332,80.2095413208,67565,67595,30
13.0303697586,80.2148513794,67736,67757,21
13.030380249,80.2151870728,67767,67787,20
13.0306301117,80.2170333862,67817,67838,21
13.0311603546,80.2239837646,68029,68049,20
13.0303401947,80.2283172607,68271,68287,16
13.0306997299,80.2305908203,68311,68341,30
13.0298204422,80.2309112549,68361,68381,20
13.0262804031,80.2328109741,68513,68529,16
13.0239801407,80.2283782959,68621,68641,20
13.0198602676,80.2249069214,68763,68783,20
13.0145597458,80.2262573242,68874,68894,20
13.0144701004,80.2262878418,68904,68920,16
13.0082502365,80.2336730957,69074,69094,20
13.0066795349,80.2445373535,69417,69437,20
13.0068702698,80.2495269775,69538,69558,20
13.0066299438,80.2568893433,69699,69719,20
12.9961795807,80.2624816895,70373,70393,20
12.9961795807,80.2677993774,70484,70504,20
13.0000696182,80.2665786743,70575,70605,30
12.9968299866,80.256362915,71886,71903,17
12.9987001419,80.2560577393,71963,71985,22
13.0076904297,80.2353134155,72803,72823,20
13.0240802765,80.2281723022,73307,73323,16
13.0302696228,80.2284011841,73598,73618,20
13.0285797119,80.224067688,73739,73759,20
13.031999588,80.2095413208,74314,74330,16
13.0441198349,80.2092971802,75149,75170,21
13.0487298965,80.2071075439,75452,75472,20
13.0489196777,80.2068405151,75482,75499,17
13.0446100235,80.2124786377,76560,76580,20
13.0441598892,80.2120132446,76610,76627,17
13.0363197327,80.2019500732,77244,77260,16
13.0300397873,80.2095413208,77566,77586,20
13.0305700302,80.2169036865,77778,77798,20
13.0295600891,80.2308807373,78252,78268,16
13.0240802765,80.2284622192,78423,78443,20
13.0148096085,80.2260894775,78645,78661,16
13.0068702698,80.2499771118,79107,79123,16
13.006649971,80.2570800781,79236,79266,30
13.0000600815,80.256401062,79377,79397,20
13.0000600815,80.256401062,79397,79413,16
13.0978002548,80.2387619019,21484,21500,16
13.0993299484,80.2186279297,21786,21802,16
13.0768699646,80.2391281128,22754,22770,16
13.0677604675,80.2465286255,22964,22984,20
13.0340003967,80.2304000854,23702,23722,20
13.0273599625,80.2328491211,23863,23880,17
13.0193996429,80.2244567871,24024,24047,23
13.0089101791,80.2296676636,24162,24185,23
12.9969596863,80.2561035156,24712,24728,16
12.9986801147,80.2560424805,26860,26881,21
13.0066699982,80.2474822998,27173,27194,21
13.0117502213,80.2225418091,27537,27553,16
13.0259599686,80.2309417725,27848,27868,20
13.0393199921,80.2398605347,28282,28298,16
13.0539197922,80.2422409058,28562,28583,21
13.0625095367,80.2433624268,28724,28744,20
13.0700502396,80.242149353,28916,28936,20
13.076499939,80.2376174927,29087,29103,16
13.0914497375,80.2273101807,29600,29620,20
13.0962400436,80.2197875977,29731,29752,21
13.1002101898,80.2145080566,29903,29923,20
13.0973796844,80.2166671753,31600,31620,20
13.092590332,80.2261962891,31812,31828,16
13.0888004303,80.2309265137,31961,31991,30
13.0862598419,80.2344436646,32153,32173,20
13.0839099884,80.2338867188,32224,32244,20
13.0824899673,80.2336273193,32274,32304,30
13.0778903961,80.2452087402,32971,33001,30
13.0780897141,80.2467193604,33122,33142,20
13.0781698227,80.2470932007,33172,33193,21
13.0784597397,80.2483825684,33425,33445,20
13.0784902573,80.2487030029,33465,33485,20
13.0785703659,80.248878479,33485,33506,21
13.0785198212,80.2507781982,33667,33687,20
13.0785999298,80.2515792847,33738,33768,30
13.0694103241,80.2435073853,33990,34020,30
13.0677204132,80.2464828491,34232,34252,20
13.0631198883,80.2443618774,34414,34434,20
13.0465898514,80.2378463745,34999,35016,17
13.0335502625,80.23046875,35290,35320,30
13.0249795914,80.2293624878,35734,35754,20
13.0241098404,80.2283401489,35795,35811,16
13.0144395828,80.2262191772,35944,35964,20
13.0090303421,80.2291870117,36045,36061,16
13.0082902908,80.2334976196,36083,36104,21
13.0068397522,80.2406997681,36204,36225,21
13.0066604614,80.2452011108,36305,36326,21
13.0066204071,80.2548675537,36527,36548,21
13.006649971,80.2571487427,36588,36608,20
13.0063800812,80.2575378418,36628,36644,16
12.9975404739,80.2559127808,36769,36799,30
12.9968500137,80.2568130493,36829,36849,20
12.996219635,80.2622528076,36950,36971,21
12.9961795807,80.2676620483,37061,37082,21
13.0001296997,80.2666168213,37142,37158,16
13.0003995895,80.2657623291,37191,37220,29
12.9957103729,80.2673187256,37837,37857,20
12.9980802536,80.2559127808,38149,38166,17
13.006529808,80.2531585693,38400,38420,20
13.006649971,80.2465133667,38581,38602,21
13.0067100525,80.2406082153,38713,38733,20
13.0074300766,80.2370605469,38783,38803,20
13.0154800415,80.2249679565,39086,39106,20
13.0219802856,80.2261886597,39217,39238,21
13.0285797119,80.2308807373,39500,39520,20
13.0525197983,80.2411499023,40227,40243,16
13.0567798615,80.2425537109,40315,40336,21
13.06153965,80.2431411743,40437,40457,20
13.0629501343,80.2434082031,40497,40513,16
13.0839996338,80.2339172363,41161,41181,20
13.1004695892,80.2146072388,41689,41709,20
13.0958204269,80.2209320068,43375,43391,16
13.0911903381,80.2276077271,43483,43504,21
13.0763998032,80.2372589111,43938,43958,20
13.0656995773,80.2477874756,44665,44681,16
13.053730011,80.2422027588,45066,45087,21
13.0534000397,80.2420196533,45097,45117,20
13.0277004242,80.2309799194,45803,45819,16
13.0239801407,80.2282791138,45994,46014,20
13.0082302094,80.2334136963,46307,46327,20
13.0067596436,80.2407608032,46489,46505,16
13.0065002441,80.2568435669,46981,47001,20
13.0067996979,80.2578887939,47092,47122,30
13.0067396164,80.2402801514,47415,47445,30
13.0113697052,80.2232666016,47667,47683,16
13.0239601135,80.2280197144,47918,47934,16
13.0287904739,80.2308807373,48078,48098,20
13.0351800919,80.238822937,48341,48357,16
13.0403604507,80.240020752,48450,48470,20
13.069899559,80.2421569824,49166,49186,20
13.0796699524,80.2335205078,49519,49540,21
13.0823297501,80.2317733765,49610,49626,16
13.0979604721,80.2151870728,50063,50093,30
13.0980195999,80.2150802612,50093,50123,30
13.0980596542,80.2149810791,50123,50143,20
13.0887899399,80.2308578491,53083,53103,20
13.0692996979,80.2432937622,53881,53899,18
13.0531196594,80.2419281006,54426,54446,20
13.0334701538,80.230430603,55011,55031,20
13.014380455,80.226272583,55475,55496,21
13.0104799271,80.2277374268,55546,55562,16
13.0081596375,80.2337112427,55605,55625,20
13.0068597794,80.2495727539,55868,55888,20
13.0065898895,80.2549972534,55959,55979,20
13.0036201477,80.2568969727,56060,56080,20
13.0000600815,80.2563171387,56221,56242,21
12.9997997284,80.2562484741,56242,56262,20
12.9960098267,80.2676773071,56554,56575,21
13.0000696182,80.2666320801,56645,56661,16
12.9956502914,80.2675476074,57420,57441,21
13.0065803528,80.2547531128,57986,58002,16
13.0065698624,80.2467422485,58226,58246,20
13.0074901581,80.2365570068,58448,58468,20
13.0182504654,80.2247009277,58791,58807,16
13.0277996063,80.2310562134,58991,59010,19
13.0304002762,80.2308197021,59053,59074,21
13.0341997147,80.237197876,59409,59429,20
13.0410203934,80.2406082153,59641,59661,20
13.0446901321,80.2405319214,59712,59742,30
13.0511703491,80.2405776978,59873,59889,16
13.0540800095,80.2423019409,59950,59973,23
13.0660600662,80.2435531616,60367,60383,16
13.0700397491,80.2421112061,60425,60455,30
13.0764303207,80.2372970581,60698,60718,20
13.0803203583,80.2335281372,60869,60890,21
13.0840797424,80.2340011597,61041,61061,20
13.0854701996,80.2343521118,61101,61118,17
13.0889101028,80.2305297852,61190,61211,21
13.091460228,80.2273025513,61261,61280,19
13.1002902985,80.2145767212,61574,61604,30
13.091219902,80.2276535034,62997,63017,20
13.0824098587,80.2336425781,63270,63300,30
13.0795898438,80.2334823608,63431,63447,16
13.0758104324,80.2521362305,63843,63859,16
13.0631504059,80.2444076538,64396,64416,20
13.0621995926,80.243309021,64457,64473,16
13.0539102554,80.2423019409,64677,64707,30
13.0535202026,80.2421417236,64727,64743,16
13.0519104004,80.2407836914,64766,64796,30
13.0511598587,80.240562439,64826,64846,20
13.0509796143,80.2405319214,64846,64867,21
13.0451602936,80.2326202393,65119,65149,30
13.0451602936,80.2326202393,65149,65165,16
13.0334196091,80.2304534912,65470,65490,20
13.0277099609,80.2317962646,65622,65638,16
13.0248603821,80.2292785645,65762,65792,30
13.0240497589,80.2283477783,65822,65843,21
13.0177698135,80.2249069214,65974,65990,16
13.0082798004,80.2333831787,66195,66225,30
13.0066900253,80.2459793091,66498,66518,20
13.0068597794,80.2495803833,66558,66578,20
13.0066204071,80.2571334839,66740,66770,30
13.0036401749,80.2569580078,66841,66871,30
13.0031499863,80.2568511963,66881,66901,20
13.0001296997,80.2564086914,67033,67053,20
12.9968299866,80.2569503784,67134,67154,20
12.9962100983,80.2623596191,67245,67265,20
12.9960803986,80.2677536011,67376,67396,20
13.0000896454,80.2666702271,67477,67497,20
12.9956798553,80.2674179077,68910,68931,21
12.9987802505,80.2560806274,69314,69334,20
13.0065603256,80.2465820313,69920,69940,20
13.0111598969,80.2236785889,70495,70515,20
13.0155200958,80.2251205444,70626,70646,20
13.0211000443,80.2256469727,70768,70784,16
13.0219202042,80.2262268066,70784,70806,22
13.0285100937,80.2309570313,71008,71028,20
13.0344295502,80.2304534912,71190,71220,30
13.0348396301,80.2384719849,71503,71523,20
13.0401601791,80.2399978638,71644,71674,30
13.0620002747,80.243347168,72270,72291,21
13.0690002441,80.2424163818,72472,72493,21
13.0699996948,80.2421722412,72513,72533,20
13.0766601563,80.2385482788,72705,72721,16
13.0763597488,80.2372665405,72741,72762,21
13.0766601563,80.2337265015,72854,72874,20
13.0802698135,80.233581543,72925,72955,30
13.0834302902,80.2336883545,73106,73127,21
13.0839595795,80.2340011597,73147,73167,20
13.0888795853,80.2305221558,73308,73329,21
13.0914001465,80.2273178101,73389,73409,20
13.0911397934,80.2276916504,75693,75713,20
13.0836200714,80.2339019775,75895,75915,20
13.0759496689,80.2338867188,76046,76066,20
13.0631504059,80.2442703247,76783,76803,20
13.0633897781,80.2438583374,76823,76839,16
13.0462303162,80.2395401001,77197,77217,20
13.0336399078,80.2304229736,77631,77661,30
13.0239295959,80.2281723022,78004,78020,16
13.0143203735,80.2262802124,78164,78183,19
13.0068397522,80.24949646,78578,78598,20
13.022359848,80.2265625,81376,81392,16
13.0340900421,80.2304763794,81586,81607,21
13.0405597687,80.2405700684,81889,81906,17
13.0665397644,80.2433013916,82726,82743,17
13.075799942,80.2340087891,82987,83007,20
13.0956697464,80.2213897705,83481,83497,16
13.0988798141,80.2413024902,84469,84489,20
13.01445961,80.225402832,2876,2896,20
13.0092401505,80.2143783569,21889,21905,16
12.9873104095,80.2230529785,22280,22298,18
12.9323301315,80.203453064,22935,22951,16
12.9187002182,80.1787490845,23449,23472,23
12.92345047,80.1581268311,23666,23686,20
12.9227199554,80.130821228,24091,24107,16
12.9231996536,80.1204223633,24190,24210,20
12.9225902557,80.1435165405,25811,25827,16
12.9200601578,80.1706695557,26172,26192,20
12.9203300476,80.183807373,26373,26393,20
12.9207296371,80.1855392456,26434,26450,16
12.9171600342,80.1929626465,26553,26583,30
12.9424104691,80.2068710327,27066,27083,17
12.98279953,80.2219085693,27830,27847,17
13.0217103958,80.2259292603,28625,28645,20
13.0291595459,80.2308273315,28816,28836,20
13.0345602036,80.2303771973,28937,28957,20
13.0341596603,80.23021698,30681,30711,30
13.0203800201,80.2251586914,31154,31174,20
13.0164003372,80.2255096436,31255,31271,16
12.9877901077,80.2230834961,32261,32291,30
12.9832897186,80.22215271,32392,32412,20
12.9829397202,80.2219772339,32422,32442,20
12.9616203308,80.2152786255,32825,32841,16
12.9398403168,80.2056121826,33137,33154,17
12.9295196533,80.2027816772,33287,33307,20
12.9172401428,80.1915588379,33740,33760,20
12.9234800339,80.1551818848,34274,34290,16
12.9227104187,80.1318893433,34706,34722,16
12.9231395721,80.1207733154,34825,34855,30
12.9234104156,80.1168823242,34915,34935,20
12.9225597382,80.1435928345,36286,36306,20
13.0078401566,80.2129821777,39305,39335,30
13.0246400833,80.2288818359,39788,39804,16
12.9759302139,80.2211303711,47442,47462,20
12.9902296066,80.2205429077,47895,47915,20
12.9913196564,80.2197036743,47946,47966,20
13.0196399689,80.2244796753,48643,48663,20
13.0258998871,80.2308120728,48814,48834,20
13.0146799088,80.2260665894,49631,49652,21
13.0142297745,80.2261962891,49672,49692,20
13.014749527,80.2256088257,50246,50276,30
13.0112400055,80.2233734131,52818,52838,20
13.015080452,80.225227356,52939,52959,20
13.0348796844,80.2298431396,53422,53443,21
12.9270095825,80.1978302002,60132,60156,24
12.9761800766,80.2211914063,61077,61097,20
12.9866695404,80.2230224609,61309,61325,16
13.0035495758,80.212059021,61791,61811,20
13.0077600479,80.2129592896,61892,61922,30
13.0303001404,80.2307815552,62547,62567,20
13.0347499847,80.2303771973,62748,62768,20
13.0349998474,80.2302627563,62778,62799,21
13.0350999832,80.2298965454,62809,62839,30
13.0337095261,80.2304763794,63496,63516,20
13.0275096893,80.2328567505,63667,63688,21
13.0199403763,80.2247695923,63919,63936,17
13.0079603195,80.213218689,64472,64502,30
12.990819931,80.220199585,64885,64905,20
12.989569664,80.2213668823,64935,64951,16
12.9756402969,80.2210464478,65307,65337,30
12.9713602066,80.2192993164,65408,65428,20
12.9407596588,80.2059020996,65821,65838,17
12.9383296967,80.2051773071,65858,65878,20
12.9336996078,80.2039489746,65969,65989,20
12.9294595718,80.202796936,66070,66090,20
12.9218301773,80.1972579956,66312,66342,30
12.91726017,80.1944503784,66473,66493,20
12.9171695709,80.1942977905,66503,66523,20
12.9172401428,80.1913986206,66574,66594,20
12.9200696945,80.1831970215,66735,66751,16
12.9197397232,80.1710891724,66935,66965,30
12.9233798981,80.1551513672,67176,67197,21
12.9223604202,80.142036438,67479,67495,16
12.9226999283,80.1309204102,67668,67687,19
12.9232501984,80.119140625,67883,67906,23
12.9233703613,80.1201934814,68776,68796,20
12.9232702255,80.1209487915,68826,68856,30
12.9225597382,80.1434707642,69542,69572,30
12.9236497879,80.1568069458,69915,69931,16
12.9202404022,80.1839370728,70257,70277,20
12.9506397247,80.210899353,71074,71090,16
12.975569725,80.2209320068,71616,71636,20
12.9767904282,80.221282959,71767,71787,20
12.9832000732,80.2221679688,71948,71964,16
12.9839801788,80.22265625,71964,71987,23
12.9842300415,80.2228164673,71987,72017,30
12.9856004715,80.2230834961,72128,72158,30
12.9912996292,80.2196731567,72672,72702,30
13.0187797546,80.2244415283,73438,73454,16
13.0291595459,80.2308883667,73698,73728,30
13.0291595459,80.2308883667,73728,73744,16
13.0230998993,80.2275009155,74542,74559,17
13.0079698563,80.2133102417,75065,75085,20
12.9889497757,80.2220001221,75528,75544,16
12.9765701294,80.2213287354,75778,75808,30
12.9756202698,80.2210388184,75869,75898,29
12.9336996078,80.2040023804,76494,76514,20
12.9172401428,80.1913986206,76947,76967,20
12.9226198196,80.1497192383,77573,77589,16
12.9229402542,80.1254806519,77926,77942,16
12.9231796265,80.1206588745,77973,77994,21
12.9232597351,80.1212615967,78851,78881,30
12.9234199524,80.1547470093,79355,79371,16
12.9171304703,80.1929702759,79887,79917,30
12.9351902008,80.2041320801,80300,80317,17
12.9761800766,80.2212295532,80843,80873,30
12.9765396118,80.2212905884,80883,80899,16
12.9902601242,80.220451355,81113,81133,20
13.0078601837,80.2130508423,81445,81461,16
13.0258703232,80.2306365967,81857,81874,17
13.0319099426,80.2305984497,81964,81979,15
13.0347499847,80.2302627563,82050,82073,23
13.0344696045,80.2304077148,82095,82125,30
13.0268602371,80.2330169678,82297,82313,16
13.0171804428,80.225151062,82547,82564,17
13.014380455,80.2252731323,82859,82879,20
13.069560051,80.2047576904,31196,31216,20
13.0351800919,80.2122879028,31993,32013,20
13.0297498703,80.209022522,32294,32314,20
13.0193300247,80.206413269,32517,32547,30
13.0188798904,80.2063217163,32557,32578,21
13.0183696747,80.2061233521,32598,32618,20
13.0095396042,80.2110900879,33042,33072,30
13.0092897415,80.2111206055,33082,33102,20
13.0153799057,80.2250595093,33385,33415,30
13.0111503601,80.2237472534,33576,33597,21
13.0119495392,80.2205963135,33677,33693,16
13.008600235,80.2136306763,33837,33857,20
13.008310318,80.2133712769,33887,33907,20
13.008099556,80.213218689,33928,33948,20
13.0038204193,80.209602356,34079,34109,30
13.0017004013,80.2080612183,34129,34150,21
12.9981803894,80.2080078125,34231,34252,21
12.9981403351,80.2093963623,34272,34302,30
12.9906902313,80.2096176147,34524,34540,16
12.9756002426,80.2208480835,34954,34974,20
12.9758796692,80.2211608887,35166,35186,20
12.9758996964,80.2211380005,35721,35741,20
12.9769897461,80.2227020264,35781,35801,20
12.9767599106,80.2227401733,35801,35822,21
12.9968795776,80.2131271362,36669,36689,20
13.004119873,80.2086334229,37022,37038,16
13.0073003769,80.2096862793,37100,37121,21
13.012049675,80.2038269043,37333,37353,20
13.0136003494,80.2041168213,37363,37379,16
13.0241804123,80.206489563,37594,37624,30
13.0698099136,80.2048873901,40780,40810,30
13.0514698029,80.2121734619,41153,41183,30
13.0514698029,80.2121734619,41183,41199,16
13.0351200104,80.212272644,41507,41523,16
13.0346803665,80.2122268677,41523,41543,20
13.034330368,80.2121963501,41555,41576,21
13.0303201675,80.2092590332,41677,41697,20
13.0191297531,80.2063369751,41878,41899,21
13.0172395706,80.2056884766,41929,41945,16
13.0113697052,80.2182235718,42431,42454,23
12.9942998886,80.2118225098,43343,43373,30
12.9898004532,80.212272644,43495,43513,18
12.9900197983,80.211730957,45890,45910,20
12.9933004379,80.2100601196,46071,46091,20
12.9943399429,80.2103118896,46193,46223,30
12.9960899353,80.2100372314,46253,46272,19
12.9976396561,80.2107315063,46283,46304,21
12.996049881,80.2165679932,46424,46445,21
12.9973802567,80.2163619995,46475,46491,16
13.0036697388,80.2083587646,46697,46713,16
13.0148897171,80.2044830322,47028,47048,20
13.0148601532,80.2044219971,47048,47078,30
13.0279598236,80.2083587646,47260,47276,16
13.0445604324,80.212348938,49734,49750,16
13.0425395966,80.2123565674,49772,49792,20
13.0322303772,80.210319519,49974,49990,16
13.0348396301,80.2057571411,50951,50971,20
13.0347700119,80.2057876587,50971,50991,20
13.0357599258,80.2048034668,51274,51304,30
13.0344104767,80.2111663818,51465,51486,21
13.0689697266,80.2047424316,52373,52393,20
13.0650997162,80.2112426758,52535,52555,20
13.0036897659,80.2116775513,54829,54848,19
13.0010700226,80.2080383301,54980,55001,21
12.998169899,80.2074737549,55949,55979,30
12.997300148,80.2105026245,56151,56181,30
12.9894895554,80.2137985229,56474,56494,20
12.9904603958,80.2097167969,58013,58033,20
12.9906396866,80.2096633911,58033,58054,21
12.9937095642,80.2103805542,58134,58155,21
12.9944896698,80.210357666,58155,58175,20
13.0685396194,80.2054595947,60159,60179,20
13.0298099518,80.2308273315,19094,19114,20
13.0143203735,80.2262878418,19479,19499,20
13.0112600327,80.2274932861,19550,19566,16
13.0135202408,80.2228927612,21995,22015,20
13.034740448,80.2302780151,22540,22570,30
13.0334701538,80.2299423218,23024,23054,30
13.027680397,80.2312164307,24035,24052,17
13.0203399658,80.2250595093,24229,24259,30
13.0185699463,80.224609375,24300,24316,16
13.0144195557,80.2262420654,24348,24368,20
13.0093402863,80.2283401489,24439,24459,20
13.0071201324,80.2580184937,24856,24872,16
13.0263395309,80.2659683228,26248,26268,20
13.0072603226,80.2587585449,26601,26621,20
13.0066404343,80.2577590942,26641,26661,20
13.0065402985,80.2574310303,26661,26682,21
13.0153999329,80.2249069214,27277,27307,30
13.0196199417,80.2244415283,27358,27378,20
13.0234699249,80.2277069092,30163,30179,16
13.0146799088,80.2261581421,30323,30343,20
13.0081996918,80.2336120605,30464,30484,20
13.007809639,80.2355422974,30525,30541,16
13.0067195892,80.2451171875,30684,30704,20
13.0068702698,80.2494430542,30765,30785,20
13.0075302124,80.2586135864,30977,30993,16
13.0165395737,80.2597198486,31086,31106,20
13.0219097137,80.2632827759,31227,31243,16
13.029999733,80.2666473389,32494,32515,21
13.0296001434,80.2665786743,32515,32535,20
13.0255403519,80.2654418945,32605,32626,21
13.0161104202,80.2596664429,32838,32858,20
13.0066900253,80.2480697632,33391,33411,20
13.0116195679,80.2229003906,33966,33982,16
13.0193901062,80.2243499756,34187,34207,20
13.0222597122,80.2263565063,34378,34399,21
13.0235395432,80.2276916504,34500,34520,20
13.0244998932,80.2286224365,34621,34641,20
13.0301103592,80.2307128906,35953,35973,20
13.0273504257,80.2329788208,36185,36205,20
13.0240097046,80.2282333374,36427,36457,30
13.0144395828,80.2262268066,36659,36679,20
13.0066995621,80.2458724976,37043,37073,30
13.0173997879,80.2603378296,37527,37543,16
13.0226898193,80.2636566162,37657,37680,23
13.0264701843,80.2640380859,37776,37795,19
13.0298595428,80.2665863037,38271,38291,20
13.0098695755,80.2591934204,38735,38751,16
13.006480217,80.2530593872,38945,38965,20
13.011300087,80.2233734131,39631,39651,20
13.0219602585,80.2261886597,39913,39933,20
13.028380394,80.2308578491,40085,40105,20
13.0294599533,80.2308502197,40166,40186,20
13.0298595428,80.230796814,41296,41316,20
13.028260231,80.2309570313,41356,41373,17
13.0194702148,80.2245788574,41677,41693,16
13.0143203735,80.2262573242,41766,41786,20
13.006819725,80.2491989136,42281,42301,20
13.0075302124,80.2586135864,42543,42563,20
13.0163803101,80.2596511841,42664,42684,20
13.0229997635,80.2637710571,42846,42866,20
13.0291996002,80.26612854,43098,43118,20
13.0330200195,80.2676315308,43209,43229,20
13.0334796906,80.2677612305,43239,43269,30
13.0300102234,80.2667312622,43421,43451,30
13.0294799805,80.2666015625,43461,43477,16
13.0267000198,80.2660903931,43520,43548,28
13.0160999298,80.2596969604,43802,43822,20
13.0100002289,80.2592163086,43903,43919,16
13.0066099167,80.2528610229,44184,44200,16
13.006819725,80.2404174805,44545,44561,16
13.0183200836,80.2246170044,44956,44973,17
13.0197000504,80.2245025635,44973,44995,22
13.0219602585,80.2261962891,45046,45065,19
13.0260295868,80.2309494019,45177,45198,21
13.0343999863,80.2304077148,45400,45421,21
13.0287799835,80.2309417725,50488,50504,16
13.0239601135,80.2282867432,50789,50819,30
13.0082197189,80.2336425781,51162,51192,30
13.0068702698,80.2406997681,51354,51374,20
13.0076999664,80.2586364746,51697,51717,20
13.0164003372,80.2596817017,51828,51848,20
13.0201501846,80.2626571655,51909,51929,20
13.02602005,80.2658615112,52070,52090,20
13.0265197754,80.2638931274,52141,52157,16
13.0291996002,80.2659988403,52260,52290,30
13.0330400467,80.2677230835,52370,52391,21
13.007349968,80.2369232178,54478,54508,30
13.0218801498,80.2260971069,54911,54932,21
13.033539772,80.2304382324,56534,56554,20
13.029800415,80.2308425903,56625,56645,20
13.029800415,80.2308425903,56645,56661,16
13.0182695389,80.2247009277,57036,57053,17
13.0082502365,80.2336502075,57226,57246,20
13.0067901611,80.240020752,57499,57519,20
13.0150499344,80.2592010498,58003,58020,17
13.0228004456,80.2637405396,58184,58204,20
13.0259895325,80.2658081055,58275,58295,20
13.029589653,80.2666015625,58517,58547,30
13.0321102142,80.2672805786,58618,58634,16
13.0314998627,80.266998291,59636,59666,30
13.0253095627,80.26537323,59969,59989,20
13.0221300125,80.2634277344,60060,60080,20
13.00963974,80.2592773438,60322,60342,20
13.0072402954,80.2587890625,60403,60423,20
13.0065603256,80.2577209473,60552,60572,20
13.0065002441,80.2531585693,60644,60664,20
13.0066099167,80.2468032837,61154,61184,30
13.0066099167,80.2458877563,61265,61295,30
13.0155696869,80.2250595093,61860,61879,19
13.02202034,80.2261886597,62001,62021,20
13.0257997513,80.2304382324,62112,62142,30
13.0260095596,80.2310333252,62173,62189,16
13.0290803909,80.2308425903,62272,62292,20
13.0240001678,80.2282791138,63583,63604,21
13.0211496353,80.2256393433,63674,63690,16
13.0139198303,80.2265396118,63804,63825,21
13.0082302094,80.2335891724,63966,63986,20
13.0068101883,80.2512588501,64479,64509,30
13.0163202286,80.2596206665,64761,64791,30
13.0201702118,80.2626800537,64882,64902,20
13.0223503113,80.2635803223,64943,64963,20
13.0230503082,80.2639389038,64983,65003,20
13.026550293,80.2640686035,65124,65145,21
13.0283203125,80.2638397217,65195,65215,20
13.0293197632,80.2641983032,65246,65266,20
13.0344495773,80.2680511475,65528,65558,30
13.0293998718,80.2666168213,65811,65832,21
13.0253295898,80.2654037476,65943,65973,30
13.0222101212,80.2635192871,66044,66074,30
13.0187196732,80.2614212036,66165,66185,20
13.0160398483,80.2596817017,66256,66276,20
13.0065603256,80.2456130981,67687,67707,20
13.0066604614,80.2407073975,67899,67929,30
13.0073699951,80.2370223999,67990,68010,20
13.007399559,80.236869812,68020,68040,20
13.0157804489,80.2253112793,68393,68413,20
13.0257196426,80.2304229736,68736,68757,21
13.0278596878,80.2310409546,68817,68847,30
13.0282297134,80.23097229,68847,68867,20
13.0327596664,80.2306289673,69110,69130,20
13.033780098,80.2305603027,69281,69302,21
13.0348701477,80.2303237915,69443,69463,20
13.0251302719,80.2298431396,70805,70825,20
13.0239896774,80.2283782959,70886,70906,20
13.0140104294,80.2264175415,71128,71148,20
13.0064601898,80.2572479248,72087,72117,30
13.0165100098,80.2598724365,72309,72329,20
13.0343599319,80.2680892944,72995,73015,20
13.0344600677,80.2682723999,73025,73046,21
13.032959938,80.2677764893,73298,73318,20
13.0298204422,80.2667236328,73389,73409,20
13.0253295898,80.2653884888,73530,73550,20
13.0221796036,80.2635498047,73621,73641,20
13.0073204041,80.2369766235,74731,74751,20
13.0245800018,80.2289581299,75256,75278,22
13.029299736,80.2308578491,75416,75436,20
13.0339899063,80.230506897,75850,75880,30
13.0245599747,80.2290115356,76173,76193,20
13.0239200592,80.2282485962,76213,76234,21
13.0198402405,80.2247924805,76335,76355,20
13.0067596436,80.251121521,76890,76920,30
13.0076599121,80.2586669922,77132,77162,30
13.0163602829,80.2596588135,77273,77293,20
13.0270795822,80.263458252,77636,77653,17
13.0335197449,80.2678527832,77847,77868,21
13.0344896317,80.2680206299,77898,77928,30
13.0345401764,80.2682113647,77928,77948,20
13.0326595306,80.2675476074,77999,78019,20
13.0266599655,80.2659988403,78160,78188,28
13.0065498352,80.2532577515,78733,78754,21
13.0305995941,80.230758667,79652,79671,19
13.0342597961,80.2304611206,79743,79773,30
12.9884700775,80.2234802246,51768,51788,20
12.9939699173,80.2344894409,52526,52546,20
12.9918003082,80.233757019,52586,52606,20
12.9866399765,80.23802948,53946,53967,21
12.9864997864,80.2353286743,54017,54037,20
12.9883298874,80.2233963013,54260,54290,30
12.9986495972,80.239151001,54655,54675,20
13.0026302338,80.2401580811,56097,56117,20
12.9939603806,80.2345428467,56299,56319,20
12.9918699265,80.2338027954,56360,56380,20
12.9865503311,80.2333068848,56885,56915,30
12.9864797592,80.2351608276,56946,56966,20
12.9883499146,80.2233963013,57764,57785,21
12.9917602539,80.2336730957,58018,58036,18
12.9938802719,80.2344512939,58069,58087,18
12.998749733,80.2391967773,58200,58220,20
12.9940099716,80.2346115112,59757,59777,20
12.9918003082,80.2338027954,59817,59837,20
12.9909296036,80.2317886353,59878,59898,20
12.9899396896,80.2277297974,60242,60272,30
12.9865503311,80.2333297729,60394,60424,30
12.9864902496,80.2352218628,60465,60495,30
12.989979744,80.2276992798,61484,61503,19
12.988360405,80.2233886719,61596,61626,30
12.9910001755,80.232093811,61819,61849,30
12.9939203262,80.2344818115,61948,61978,30
12.9960403442,80.2359695435,62021,62041,20
12.9972696304,80.2380371094,62071,62091,20
13.0025501251,80.2400588989,62283,62303,20
13.0026597977,80.2401275635,63029,63050,21
12.9939699173,80.2345581055,63292,63312,20
12.9917898178,80.2338104248,63362,63383,21
12.990940094,80.2318572998,63433,63463,30
12.990819931,80.2301101685,63494,63514,20
12.9901599884,80.2274475098,63554,63574,20
12.9899702072,80.2277374268,63838,63858,20
12.986579895,80.2333374023,63979,63999,20
12.986700058,80.2386398315,64100,64130,30
12.9864797592,80.2353820801,64715,64736,21
12.9883298874,80.2234115601,64997,65018,21
12.9910097122,80.2320632935,65190,65220,30
12.9917697906,80.2337112427,65250,65270,20
12.9987297058,80.2392196655,65442,65462,20
12.9992399216,80.2394180298,66683,66713,30
12.9962701797,80.2364196777,66784,66804,20
12.9918498993,80.2338027954,66935,66953,18
12.9909200668,80.2318725586,67006,67026,20
12.9901800156,80.2275238037,67117,67137,20
13.0142002106,80.2258834839,23051,23071,20
13.0262002945,80.2313232422,23444,23460,16
13.034040451,80.2304534912,24119,24149,30
12.9903402328,80.2205429077,25158,25174,16
12.9337501526,80.2039413452,25963,25983,20
12.9233903885,80.1550369263,26861,26881,20
12.9233903885,80.1550369263,26881,26897,16
12.9226703644,80.1519775391,26927,26949,22
12.9231901169,80.1204681396,27355,27385,30
12.9233102798,80.1187362671,27415,27432,17
12.9234304428,80.1195297241,27502,27517,15
12.9233198166,80.16040802,28704,28720,16
12.9200000763,80.1707611084,28812,28833,21
12.9171495438,80.193107605,29256,29276,20
12.9294395447,80.2027206421,29538,29559,21
12.9339895248,80.2038726807,29640,29660,20
12.9400396347,80.2055969238,29761,29781,20
12.9747800827,80.2204589844,30477,30507,30
12.9757699966,80.2210235596,30547,30569,22
12.9762201309,80.2212371826,30589,30608,19
12.9829902649,80.2219696045,30720,30750,30
12.9904403687,80.2203369141,30911,30932,21
12.9933795929,80.218132019,31012,31041,29
12.9937000275,80.2178878784,31051,31071,20
12.9958200455,80.2166213989,31152,31172,20
12.9960699081,80.2165603638,31172,31192,20
13.0154304504,80.2248764038,31767,31787,20
13.0249996185,80.2293167114,32039,32055,16
13.0334796906,80.2304763794,32269,32289,20
13.0346698761,80.2303009033,32319,32340,21
13.0349197388,80.2301101685,32350,32370,20
13.0341901779,80.2301483154,33871,33901,30
13.0231704712,80.2274475098,34698,34718,20
13.0188503265,80.2245330811,34819,34835,16
13.0087003708,80.2136306763,35240,35260,20
13.0082101822,80.2133178711,35281,35311,30
12.9976902008,80.2160568237,35523,35543,20
12.9834499359,80.2222824097,35916,35936,20
12.975399971,80.2208023071,36138,36154,16
12.971039772,80.2191619873,36186,36206,20
12.9671497345,80.2174987793,36267,36286,19
12.9229297638,80.1257629395,38034,38054,20
12.923210144,80.1203384399,38145,38175,30
12.9230499268,80.1254882813,38857,38887,30
12.9225301743,80.1429672241,39149,39166,17
12.9234199524,80.1546020508,39329,39349,20
12.9173603058,80.1912078857,39914,39930,16
12.917140007,80.1931533813,39942,39962,20
12.9432201385,80.2078170776,40477,40493,16
12.9760103226,80.2212295532,41020,41041,21
12.9794797897,80.2210769653,41101,41117,16
13.0078601837,80.2130508423,41685,41705,20
13.0207595825,80.2252578735,42018,42034,16
13.0219602585,80.2261810303,42034,42056,22
13.0288200378,80.2309417725,44275,44291,16
13.0170602798,80.2252426147,44636,44652,16
13.0029401779,80.2120513916,45181,45197,16
12.9872598648,80.2230606079,45562,45582,20
12.9832601547,80.2222213745,45683,45703,20
12.9756803513,80.2210388184,45854,45870,16
12.9442195892,80.2084197998,46185,46205,20
12.9326200485,80.2035980225,46417,46433,16
12.9234104156,80.1547012329,49148,49169,21
12.9198503494,80.1711807251,49370,49386,16
12.9206695557,80.1853790283,49541,49561,20
12.9171199799,80.1931762695,49672,49692,20
12.9759902954,80.2211608887,50811,50840,29
12.9828701019,80.2219161987,50962,50982,20
12.9863195419,80.2229690552,51053,51073,20
12.9966402054,80.2164764404,51295,51315,20
13.0078601837,80.2130584717,51627,51648,21
13.0154304504,80.2248916626,51829,51849,20
13.0228996277,80.2269973755,52021,52037,16
13.0217399597,80.22605896,53169,53185,16
13.0150403976,80.2259216309,53308,53328,20
13.0159797668,80.2252807617,54244,54260,16
13.0290203094,80.2308578491,54514,54534,20
13.0231199265,80.2274780273,55321,55341,20
13.0118598938,80.2220993042,55684,55700,16
12.9973297119,80.2164077759,56136,56166,30
12.9705095291,80.2188796997,56801,56818,17
12.91726017,80.1913986206,57606,57626,20
12.9198999405,80.1825790405,57758,57778,20
12.9229001999,80.1259002686,58554,58575,21
12.9199199677,80.171081543,59694,59710,16
12.9303197861,80.2028884888,60257,60273,16
12.9635801315,80.2159805298,60688,60709,21
12.9863500595,80.2229766846,61193,61213,20
12.990650177,80.2202224731,61334,61354,20
13.0243597031,80.2285079956,62161,62177,16
13.034330368,80.2304077148,62453,62483,30
13.023059845,80.2274398804,64238,64254,16
13.0142803192,80.2263793945,64439,64469,30
13.011759758,80.2223968506,64640,64656,16
12.9756402969,80.2211074829,65586,65607,21
12.9224596024,80.1973724365,66484,66500,16
12.9227104187,80.1524887085,67299,67319,20
12.9224004745,80.1435394287,67511,67541,30
12.9234104156,80.1169586182,68005,68025,20
12.922419548,80.1400909424,68679,68699,20
12.9224300385,80.1405563354,68719,68735,16
12.9224796295,80.1423721313,68747,68767,20
12.9236803055,80.1559906006,68959,68975,16
12.9206104279,80.1853179932,69401,69431,30
12.9274997711,80.1982192993,69835,69865,30
12.9403295517,80.2057723999,70178,70194,16
12.9630203247,80.2157363892,70559,70589,30
12.9743204117,80.2203598022,70791,70811,20
12.975979805,80.2212600708,70862,70882,20
12.9842596054,80.2228469849,71336,71356,20
12.9844398499,80.2229537964,71366,71386,20
12.9851303101,80.2233123779,71437,71467,30
12.9854097366,80.2233276367,71477,71507,30
12.9997596741,80.2141494751,72052,72068,16
13.0076599121,80.2129592896,72231,72252,21
13.0078496933,80.2131271362,72262,72292,30
13.0153503418,80.2249832153,72484,72504,20
13.0218496323,80.2261428833,72625,72645,20
13.0258398056,80.2307281494,72746,72776,30
13.0258398056,80.2307281494,72776,72792,16
13.0341501236,80.2304229736,73067,73087,20
13.0230197906,80.2274932861,73672,73692,20
13.0229301453,80.2274398804,73692,73712,20
13.0140600204,80.2264022827,73856,73880,24
13.0111303329,80.2238922119,73962,73982,20
13.006070137,80.2129669189,74276,74292,16
12.9758701324,80.2213516235,75061,75081,20
12.9377803802,80.2050704956,75696,75712,16
12.933930397,80.2040100098,75745,75765,20
12.9197397232,80.1820678711,76410,76426,16
12.9224996567,80.1455688477,76954,76977,23
12.9225101471,80.1360015869,77151,77174,23
12.9225597382,80.1436767578,79576,79592,16
12.9228200912,80.161857605,79796,79812,16
12.9264001846,80.1975479126,80359,80375,16
13.0161104202,80.2597122192,18586,18607,21
13.02643013,80.2647171021,22606,22626,20
13.0298595428,80.2666778564,23818,23848,30
13.0252103806,80.265296936,23949,23970,21
13.0197896957,80.2245483398,25363,25384,21
13.0342903137,80.2304077148,25697,25717,20
13.0299701691,80.2308120728,27010,27030,20
13.0240297318,80.2283477783,27323,27343,20
13.0144500732,80.2262268066,27595,27616,21
13.0164003372,80.2596435547,28585,28605,20
13.02023983,80.2626571655,28686,28706,20
13.0265197754,80.2641830444,28888,28908,20
13.0329999924,80.2677383423,29131,29151,20
13.0161399841,80.2596969604,30140,30161,21
13.0065402985,80.2576980591,30393,30423,30
13.0067195892,80.2403411865,30999,31019,20
13.0074195862,80.2367935181,31080,31100,20
13.0113697052,80.2233734131,31292,31312,20
13.0154695511,80.2249298096,31473,31494,21
13.0350704193,80.2300186157,32120,32140,20
13.0334501266,80.23046875,32524,32544,20
13.0298595428,80.2308197021,32615,32635,20
13.008600235,80.2315216064,33544,33574,30
13.0068798065,80.2407302856,33897,33917,20
13.0069198608,80.2495574951,34079,34099,20
13.0164804459,80.2596893311,34444,34474,30
13.029299736,80.2659988403,34959,34979,20
13.0337295532,80.2678222656,35090,35120,30
13.0253200531,80.2653121948,35514,35544,30
13.0289802551,80.2308273315,37594,37624,30
13.0296497345,80.2307281494,37645,37665,20
13.0239801407,80.2283172607,39422,39442,20
13.0082502365,80.2335281372,39836,39856,20
13.0067195892,80.2454833984,40159,40179,20
13.0164699554,80.2597198486,40654,40674,20
13.0335302353,80.2677612305,41260,41280,20
13.0296096802,80.2666473389,41866,41886,20
13.0253295898,80.2655181885,41987,42007,20
13.015999794,80.2596817017,42229,42249,20
13.0065402985,80.2577514648,42461,42482,21
13.0139703751,80.2232818604,43501,43522,21
13.0284099579,80.2308883667,43895,43915,20
13.0343399048,80.2298431396,44531,44552,21
13.0272703171,80.2329101563,44976,44996,20
13.0082101822,80.2334823608,45491,45511,20
13.0068702698,80.2495727539,45844,45864,20
13.0337495804,80.2678375244,46884,46904,20
13.0344800949,80.2679595947,46925,46945,20
13.0345201492,80.2681427002,46955,46985,30
13.0265197754,80.2653274536,47874,47894,20
13.0291500092,80.266242981,48035,48056,21
13.0344600677,80.2679595947,48177,48197,20
13.0332202911,80.2678604126,48419,48439,20
13.0326499939,80.2676925659,48460,48480,20
13.0297298431,80.2666320801,48540,48560,20
13.0159196854,80.2596282959,48904,48934,30
13.0096998215,80.259262085,49035,49055,20
13.0104598999,80.2252426147,49934,49954,20
13.010720253,80.2247314453,49984,50005,21
13.0153198242,80.2248916626,50217,50237,20
13.0284404755,80.2308883667,50570,50590,20
13.034239769,80.2303085327,51398,51418,20
13.033659935,80.2304534912,51438,51459,21
13.0068702698,80.2511062622,52539,52559,20
13.0257396698,80.2656021118,53024,53044,20
13.0264797211,80.2660598755,54649,54670,21
13.0252895355,80.2653427124,54700,54720,20
13.0067596436,80.2404937744,55700,55730,30
13.02602005,80.2316436768,57780,57800,20
13.0068702698,80.2508773804,58578,58608,30
13.0077199936,80.2586975098,58729,58749,20
13.0293197632,80.2666168213,59364,59385,21
13.0296602249,80.2666625977,59406,59426,20
13.0301103592,80.2667312622,59446,59476,30
13.0334596634,80.2678375244,59567,59597,30
13.0263900757,80.2659835815,60799,60819,20
13.0067396164,80.2504196167,61668,61698,30
13.0066995621,80.2405395508,62233,62263,30
13.0074100494,80.2367782593,62324,62344,20
13.0284996033,80.2309036255,63011,63041,30
13.0249004364,80.2294387817,64152,64172,20
13.0138597488,80.2265396118,64425,64445,20
13.0082998276,80.2334518433,64576,64596,20
13.0163698196,80.2596817017,65162,65182,20
13.0224399567,80.2635879517,65333,65354,21
13.0282897949,80.2638397217,65576,65596,20
13.0334396362,80.2678527832,65788,65818,30
13.0338201523,80.2679290771,65838,65859,21
13.034529686,80.2680130005,65879,65899,20
13.0252799988,80.2654037476,67070,67091,21
13.0221099854,80.2634735107,67161,67182,21
13.0160703659,80.259727478,67323,67343,20
13.0066099167,80.2577514648,67565,67585,20
13.0066204071,80.2407531738,68424,68444,20
13.025759697,80.2304916382,69232,69252,20
13.028260231,80.2309494019,69312,69333,21
13.0349502563,80.2302017212,69817,69838,21
13.033490181,80.2305221558,70332,70353,21
13.024020195,80.2284164429,70747,70767,20
13.019900322,80.2248535156,70868,70888,20
13.0143203735,80.2262878418,70969,70989,20
13.0081996918,80.2336273193,71140,71161,21
13.007900238,80.2350006104,71191,71211,20
13.006819725,80.2496414185,71736,71756,20
13.007610321,80.2587432861,71979,71999,20
13.0163297653,80.2596969604,72100,72120,20
13.0297002792,80.2667007446,72898,72918,20
13.0160198212,80.2597427368,73251,73271,20
13.0071897507,80.2589035034,73413,73433,20
13.0064201355,80.2532196045,73594,73615,21
13.0065803528,80.2518234253,73645,73675,30
13.0065402985,80.2476806641,73766,73786,20
13.0065002441,80.2466125488,73807,73827,20
13.0073099136,80.2369308472,73978,73998,20
13.0151700974,80.2248001099,74291,74312,21
13.0291204453,80.2308807373,74675,74695,20
13.0244998932,80.2290802002,75533,75554,21
13.006819725,80.240737915,76069,76089,20
13.0066204071,80.2572021484,76311,76331,20
13.0163202286,80.2596588135,76492,76513,21
13.0345096588,80.2679977417,77008,77028,20
13.0261297226,80.2663269043,77887,77907,20
13.0750598907,80.2751998901,17355,17375,20
13.0823297501,80.2815933228,18586,18606,20
13.0481004715,80.280456543,19091,19107,16
13.0087995529,80.2592010498,19726,19746,20
12.9969100952,80.2561569214,22159,22175,16
13.0390996933,80.2787475586,23288,23314,26
13.0573701859,80.2819900513,23630,23646,16
13.0639295578,80.2833709717,23739,23769,30
13.0854301453,80.2837295532,24233,24249,16
13.0878801346,80.2839431763,25069,25089,20
13.0881595612,80.2837905884,25099,25119,20
13.088760376,80.2886505127,25341,25357,16
12.9920701981,80.2560806274,26840,26856,16
12.9730596542,80.2580108643,28412,28442,30
12.9870195389,80.2580184937,29168,29189,21
12.988650322,80.255859375,29370,29400,30
12.9921398163,80.256072998,29461,29477,16
13.0085897446,80.2589797974,29772,29792,20
13.0166196823,80.2598114014,29873,29903,30
13.0170402527,80.2601318359,29923,29939,16
13.0239095688,80.27368927,30173,30200,27
13.0327100754,80.2774887085,30425,30445,20
13.0458097458,80.2800827026,30678,30698,20
13.0630903244,80.2831573486,30950,30970,20
13.0747900009,80.2863006592,31162,31182,20
13.0879602432,80.2838973999,32353,32373,20
13.0881795883,80.2837524414,32383,32403,20
13.0886297226,80.2905426025,32786,32803,17
13.0591497421,80.2823410034,33218,33235,17
13.0568704605,80.2818832397,33247,33276,29
13.0308904648,80.2771987915,33724,33744,20
13.0210695267,80.2699890137,33946,33966,20
13.0209197998,80.2698822021,33976,34006,30
13.0032300949,80.2686309814,34553,34573,20
13.0009899139,80.2672424316,34614,34634,20
12.9957304001,80.2673034668,34735,34765,30
12.9872102737,80.259552002,35662,35692,30
12.9875202179,80.2562179565,36025,36041,16
12.9884300232,80.2557983398,36084,36114,30
12.9961204529,80.2635116577,36508,36524,16
13.0010795593,80.2672576904,36668,36688,20
13.0401496887,80.2790985107,37783,37799,16
13.0819997787,80.2888412476,40072,40088,16
13.073800087,80.2861022949,40181,40201,20
13.0680398941,80.284362793,40272,40291,19
13.0624599457,80.2830886841,40383,40413,30
13.0386199951,80.2786865234,40867,40883,16
13.0259504318,80.2752380371,41088,41108,20
13.0161304474,80.2597198486,41452,41472,20
13.007229805,80.2603912354,41603,41624,21
13.0032100677,80.2687606812,41825,41846,21
12.9871797562,80.2596511841,42602,42629,27
12.9876003265,80.2565536499,42874,42894,20
12.9968595505,80.2554626465,43186,43207,21
12.9962797165,80.267791748,43439,43459,20
13.0010004044,80.2672805786,43550,43570,20
13.008099556,80.264213562,43751,43768,17
13.0283403397,80.276260376,44426,44446,20
13.0290203094,80.2765274048,44467,44487,20
13.0299196243,80.2767562866,44527,44547,20
13.0305900574,80.2770767212,44618,44648,30
13.0316200256,80.2775802612,44709,44729,20
13.0564498901,80.2817993164,45128,45148,20
13.0573396683,80.2819824219,45168,45198,30
13.0631198883,80.2831802368,45259,45279,20
13.0632896423,80.2832183838,45279,45299,20
13.0858201981,80.2808837891,46258,46277,19
13.0823898315,80.2786331177,46339,46369,30
13.0760803223,80.2763366699,46551,46571,20
13.0753803253,80.2745437622,54783,54803,20
13.0819997787,80.275718689,56661,56691,30
13.0820798874,80.278213501,56741,56762,21
13.082449913,80.2785720825,57952,57982,30
13.0817499161,80.2765884399,58033,58053,20
13.0740995407,80.2764511108,58245,58265,20
13.0679702759,80.271270752,58527,58547,20
13.0657196045,80.2677536011,58608,58638,30
13.0584497452,80.2654266357,58860,58880,20
13.0544395447,80.2643203735,58951,58967,16
13.0464801788,80.2604980469,59262,59292,30
13.0294799805,80.2503204346,60028,60044,16
13.0289201736,80.2561798096,60127,60157,30
13.0286302567,80.2500610352,60400,60430,30
13.0289802551,80.2491989136,60450,60470,20
13.0295495987,80.2461013794,60612,60632,20
13.0220603943,80.24243927,60753,60773,20
13.0189599991,80.2414321899,60823,60844,21
13.0067501068,80.2420806885,61156,61172,16
13.0061101913,80.2474136353,61306,61326,20
12.9912204742,80.2506027222,61507,61528,21
12.9863195419,80.2433395386,62971,62992,21
12.9862499237,80.2462005615,63032,63052,20
12.9863195419,80.25025177,63173,63203,30
12.9895095825,80.2509307861,63355,63385,30
13.0034704208,80.2475128174,63587,63606,19
13.0067396164,80.2403182983,63849,63869,20
13.0186500549,80.2413024902,64041,64061,20
13.0290403366,80.2499237061,64505,64525,20
13.0346803665,80.2541809082,64707,64723,16
13.0473499298,80.2611312866,65219,65239,20
13.0508804321,80.2626190186,65340,65361,21
13.0523395538,80.2638168335,65391,65421,30
13.054479599,80.2643280029,65472,65492,20
13.0571699142,80.2648620605,65611,65631,20
13.0620603561,80.2629776001,65843,65859,16
13.0670404434,80.2686233521,66032,66053,21
13.0709199905,80.2740631104,66224,66244,20
13.083820343,80.2827377319,66699,66715,16
13.0875396729,80.283821106,66860,66880,20
13.0815601349,80.2758102417,67768,67788,20
13.0719203949,80.2747879028,68000,68030,30
13.0652599335,80.2677001953,68313,68333,20
13.0605602264,80.2654418945,68484,68504,20
13.0586395264,80.2655105591,68555,68583,28
13.054400444,80.2643508911,68674,68694,20
13.0517301559,80.2640228271,68766,68786,20
13.0478096008,80.2647781372,68937,68953,16
13.0464096069,80.2605209351,69065,69087,22
13.0349302292,80.2570800781,69339,69359,20
13.0330600739,80.2530822754,69460,69480,20
13.0289096832,80.2491912842,69672,69692,20
13.0060796738,80.2474975586,70661,70681,20
12.9893798828,80.2510070801,73544,73564,20
13.0047998428,80.2473602295,73878,73894,16
13.0072698593,80.2403182983,74300,74316,16
13.0231895447,80.2428131104,74623,74643,20
13.0758895874,80.2761764526,76830,76851,21
13.0141201019,80.2234573364,18703,18733,30
13.0269804001,80.232963562,19844,19860,16
13.0104598999,80.2162628174,20316,20332,16
13.008099556,80.2133026123,20365,20384,19
12.9973497391,80.2164230347,20587,20607,20
12.9942398071,80.2176589966,20657,20674,17
12.9231500626,80.1974182129,21806,21822,16
12.9227199554,80.1309509277,22632,22648,16
12.92345047,80.1169815063,22812,22832,20
12.9231500626,80.1608963013,23763,23781,18
12.9171695709,80.1930770874,24148,24178,30
12.9369697571,80.2047119141,24572,24588,16
12.9399595261,80.205581665,24600,24620,20
12.9442901611,80.2083206177,24691,24711,20
12.9761896133,80.2212600708,25125,25145,20
12.9829797745,80.2220001221,25236,25256,20
13.0078897476,80.2130737305,25680,25700,20
13.0154895782,80.2249984741,25862,25881,19
13.0290803909,80.2309036255,27568,27584,16
13.0158195496,80.2256622314,27879,27895,16
12.9992103577,80.2147598267,28292,28312,20
12.9833803177,80.2222290039,28595,28615,20
12.9442100525,80.2083892822,29171,29191,20
12.9391498566,80.2053833008,29312,29328,16
12.9337100983,80.2039337158,29391,29411,20
12.9294395447,80.2027816772,29492,29512,20
12.92208004,80.197303772,29683,29704,21
12.9171199799,80.1925735474,29916,29946,30
12.9172697067,80.1917037964,29976,30006,30
12.9200000763,80.1828308105,30158,30178,20
12.9198799133,80.1709518433,30330,30350,20
12.9225597382,80.1469421387,30734,30755,21
12.9225101471,80.1446533203,30795,30811,16
12.9224500656,80.1382980347,30934,30954,20
12.9227199554,80.1311569214,31045,31066,21
12.9231996536,80.1207427979,31197,31227,30
12.9232797623,80.1202926636,31247,31263,16
12.922539711,80.1436004639,33034,33054,20
12.922539711,80.1439285278,33064,33081,17
12.9234199524,80.1546936035,33214,33234,20
12.9232997894,80.1603012085,33305,33325,20
12.9173603058,80.1911697388,33779,33795,16
12.9294700623,80.2027130127,34172,34192,20
12.9340496063,80.2038803101,34263,34293,30
12.9634399414,80.2158203125,34808,34838,30
12.9757099152,80.2209625244,35272,35292,20
12.9760303497,80.221282959,35302,35323,21
12.9827604294,80.2218933105,35444,35464,20
12.9836196899,80.2224197388,35504,35520,16
13.0071697235,80.2127532959,36299,36319,20
13.0078802109,80.2130203247,36369,36389,20
13.0151700974,80.2247009277,36612,36632,20
13.017080307,80.2250823975,36712,36741,29
13.0205097198,80.2250900269,36872,36892,20
13.0217103958,80.2260131836,36943,36963,20
13.0220499039,80.2262420654,36983,37003,20
13.0229797363,80.2271118164,37044,37063,19
13.0254802704,80.2299728394,37185,37205,20
13.0259199142,80.2308425903,37245,37262,17
13.0349702835,80.2300262451,37556,37577,21
13.0230302811,80.2273483276,38596,38616,20
13.0199203491,80.2247695923,38667,38687,20
13.0142002106,80.2260513306,39000,39030,30
13.0084495544,80.2134475708,39303,39323,20
12.997209549,80.2164916992,39614,39630,16
12.9441900253,80.2083816528,40379,40399,20
12.9409999847,80.2060165405,40460,40480,20
12.9196596146,80.1813430786,41176,41193,17
12.9232196808,80.1542816162,41549,41565,16
12.9231901169,80.1205368042,42011,42041,30
12.92304039,80.1255111694,42849,42879,30
12.9225301743,80.143699646,43150,43170,20
12.920539856,80.1859664917,43735,43751,16
12.9170999527,80.1931610107,43874,43893,19
12.9294204712,80.2027511597,44168,44188,20
12.934009552,80.2039108276,44279,44299,20
12.9443798065,80.2083892822,44481,44501,20
12.9761199951,80.2212677002,45046,45067,21
12.9828701019,80.2219161987,45198,45218,20
12.9910297394,80.2198867798,45420,45440,20
12.9940099716,80.2177124023,45501,45517,16
13.0076704025,80.2128829956,45780,45801,21
13.0152797699,80.224861145,46024,46054,30
13.0196199417,80.2245025635,46124,46145,21
13.0243396759,80.2284698486,46256,46276,20
13.0340003967,80.2304534912,46478,46508,30
13.034740448,80.2298126221,46559,46589,30
13.0298500061,80.2308120728,47104,47124,20
13.0269899368,80.2329330444,47225,47255,30
13.0229501724,80.2273406982,47376,47396,20
13.0144395828,80.2261886597,47538,47558,20
13.0084104538,80.2134170532,47901,47921,20
13.007900238,80.2131576538,47952,47972,20
12.9921798706,80.2191619873,48306,48322,16
12.9908103943,80.2201309204,48342,48365,23
12.9360704422,80.2044906616,49212,49229,17
12.9220104218,80.197303772,49483,49499,16
12.9199104309,80.182510376,49733,49753,20
12.9198598862,80.1708831787,49875,49895,20
12.9228000641,80.1293411255,50521,50537,16
12.9232597351,80.12084198,53013,53029,16
12.9224500656,80.1427307129,53738,53768,30
12.9225101471,80.1436233521,53778,53798,20
12.9234304428,80.1547622681,53929,53949,20
12.917090416,80.1930465698,54404,54424,20
12.9203195572,80.1966400146,54515,54531,16
12.9294395447,80.2027206421,54684,54704,20
12.9339895248,80.2038879395,54785,54805,20
12.944319725,80.2083435059,54957,54977,20
12.9711904526,80.2189788818,55300,55320,20
12.9747896194,80.2205123901,55371,55391,20
12.976099968,80.2212295532,55431,55461,30
12.976099968,80.2212295532,55461,55478,17
12.9900503159,80.2205886841,55722,55752,30
12.9944295883,80.217376709,55873,55893,20
12.9964895248,80.2164230347,55964,55984,20
13.0017595291,80.2125320435,56116,56136,20
13.0018701553,80.2125015259,56136,56166,30
13.0078201294,80.2130432129,56328,56348,20
13.0246295929,80.2288589478,56812,56832,20
13.0257902145,80.2305603027,56863,56879,16
13.0277395248,80.2309570313,56901,56921,20
13.0281801224,80.2309188843,56931,56951,20
13.0285797119,80.2309036255,56962,56982,20
13.0237703323,80.2279434204,58849,58865,16
13.0083398819,80.2134017944,59352,59382,30
13.0020999908,80.2123184204,59504,59525,21
12.9798002243,80.2211303711,60100,60120,20
12.9661197662,80.2170791626,60403,60419,16
12.9187803268,80.1878662109,61259,61275,16
12.9231595993,80.1604232788,61620,61640,20
12.9226999283,80.1514968872,61782,61798,16
12.9224395752,80.1432266235,61881,61911,30
12.9232301712,80.120552063,62234,62264,30
12.9234600067,80.1169281006,62315,62335,20
12.923330307,80.1201171875,62396,62412,16
12.923500061,80.155128479,64009,64025,16
12.9399404526,80.2055969238,64935,64956,21
12.9632196426,80.2157821655,65248,65269,21
12.9754400253,80.2208328247,65541,65561,20
12.9761295319,80.2212600708,65582,65602,20
12.9830198288,80.2220077515,65743,65763,20
12.9938402176,80.2177963257,66026,66056,30
13.0089702606,80.214012146,66500,66520,20
13.0162601471,80.2253189087,66732,66749,17
13.0197095871,80.2245330811,66771,66791,20
13.0236597061,80.2276763916,66893,66923,30
13.0338897705,80.2304763794,67348,67369,21
13.027680397,80.2327804565,68074,68104,30
13.0085496902,80.2135314941,68771,68801,30
13.0083198547,80.2133712769,68811,68831,20
13.0080299377,80.2132034302,68852,68882,30
13.0078601837,80.2130966187,68882,68902,20
12.9952402115,80.2168731689,69306,69326,20
12.9840803146,80.2226486206,69578,69599,21
12.9832696915,80.22215271,69639,69669,30
12.9828500748,80.2219085693,69679,69700,21
12.9764404297,80.2211837769,69811,69831,20
12.9760904312,80.2211380005,69841,69861,20
12.9758501053,80.2211990356,69871,69887,16
12.9754800797,80.2208099365,69910,69940,30
12.9338197708,80.2038803101,70568,70588,20
12.9220304489,80.1972427368,70901,70921,20
12.9172296524,80.1913909912,71093,71123,30
12.9197597504,80.1709518433,71446,71466,20
12.922419548,80.1373214722,72062,72078,16
12.9230003357,80.1256790161,73110,73130,20
12.9225196838,80.1436920166,73463,73480,17
12.923500061,80.1551208496,73653,73673,20
12.917090416,80.1930923462,74181,74201,20
12.983420372,80.2222518921,75362,75378,16
13.0078697205,80.2129974365,75916,75946,30
13.0220403671,80.2261581421,76219,76240,21
13.0292396545,80.2307662964,76381,76401,20
13.0346002579,80.2303237915,76534,76564,30
13.0239200592,80.228187561,77018,77034,16
13.0146198273,80.2259902954,77158,77178,20
13.0141897202,80.2261581421,77198,77228,30
12.9853801727,80.2553024292,23387,23403,16
12.8791999817,80.2109985352,26733,26754,21
12.9008197784,80.2278137207,27530,27551,21
12.906370163,80.2281494141,27672,27702,30
12.9195098877,80.2300186157,27894,27910,16
12.9213104248,80.2302627563,27922,27942,20
12.9772996902,80.2514419556,28861,28878,17
12.9799499512,80.2524032593,28900,28920,20
12.981180191,80.2440719604,29021,29051,30
12.9812002182,80.2437667847,29061,29081,20
12.9829502106,80.2220077515,29707,29727,20
12.9861402512,80.2229919434,29808,29824,16
12.9989299774,80.2149581909,30119,30139,20
13.0071802139,80.2098007202,30361,30391,30
13.0137395859,80.2043075562,30593,30613,20
12.9973897934,80.216506958,32732,32762,30
12.9907197952,80.2202072144,32934,32964,30
12.9831895828,80.2221069336,33166,33196,30
12.9817199707,80.2305908203,33590,33610,20
12.9816102982,80.233581543,33670,33690,20
12.9816102982,80.233581543,33690,33706,16
12.9813404083,80.2387771606,33769,33799,30
12.9813804626,80.2422103882,33870,33890,20
12.9785604477,80.2525482178,34132,34153,21
12.9725198746,80.2501602173,34233,34249,16
12.9649600983,80.2473220825,34352,34373,21
12.9593801498,80.2448272705,34454,34474,20
12.9517803192,80.2416763306,34606,34626,20
12.9470996857,80.2399902344,34696,34716,20
12.9398097992,80.2357711792,34848,34867,19
12.9338998795,80.2329483032,35110,35130,20
12.9193201065,80.2301177979,35413,35433,20
12.9043903351,80.2282028198,35857,35877,20
12.8988399506,80.2278823853,36411,36432,21
12.8764400482,80.2265014648,36845,36865,20
12.8791503906,80.2108917236,37017,37037,20
12.8743896484,80.2097930908,37118,37138,20
12.8793201447,80.2109985352,37592,37612,20
12.876449585,80.226852417,37824,37854,30
12.9139995575,80.2292785645,38792,38812,20
12.9193000793,80.2300186157,38903,38923,20
12.9264698029,80.2309570313,39034,39055,21
12.9399003983,80.2357177734,39277,39297,20
12.9475002289,80.240020752,39428,39448,20
12.9563102722,80.2433013916,39650,39680,30
12.9587697983,80.2443618774,39721,39741,20
12.9665002823,80.247756958,39852,39872,20
12.9812698364,80.2381896973,40285,40302,17
12.981180191,80.2344512939,40385,40406,21
12.9876298904,80.2230911255,43252,43282,30
12.9871797562,80.2230682373,43292,43308,16
12.9832401276,80.2222213745,43482,43502,20
12.9818696976,80.2214584351,43532,43562,30
12.9816598892,80.2305297852,43875,43895,20
12.9815797806,80.2335891724,43966,43986,20
12.9813098907,80.2387008667,44057,44076,19
12.9813604355,80.2428817749,44147,44168,21
12.9725198746,80.2501831055,44430,44450,20
12.957110405,80.243812561,44682,44712,30
12.907119751,80.2283401489,45560,45580,20
12.905579567,80.2282409668,45610,45626,16
12.8869199753,80.2270431519,48202,48218,16
12.8993196487,80.2277374268,48324,48347,23
12.9024801254,80.2278823853,48347,48367,20
12.9377803802,80.2347183228,48843,48860,17
12.9473695755,80.240020752,48985,49005,20
12.9730596542,80.2501602173,49449,49465,16
12.9817800522,80.2308578491,49901,49931,30
12.9849901199,80.2231674194,50284,50304,20
12.9872198105,80.2230911255,50334,50351,17
13.0136899948,80.204246521,51069,51089,20
13.0128698349,80.2084579468,51180,51196,16
13.0099401474,80.2114028931,51854,51884,30
13.0096597672,80.2111816406,51894,51924,30
12.9782304764,80.2248077393,53054,53070,16
12.9813203812,80.2376785278,53335,53365,30
12.980919838,80.2469024658,53506,53522,16
12.9360103607,80.2339019775,54110,54126,16
12.8764696121,80.2268981934,54622,54638,16
12.8775596619,80.2206192017,57231,57247,16
12.8851900101,80.2266464233,57390,57410,20
12.9027004242,80.2279510498,57653,57673,20
12.9337396622,80.2327804565,58127,58147,20
12.9344701767,80.2331237793,58167,58183,16
12.9487400055,80.2406082153,58417,58437,20
12.9809303284,80.2465133667,59013,59029,16
12.9815196991,80.2304382324,59354,59370,16
12.9771995544,80.2227325439,59553,59574,21
13.0122499466,80.2208709717,61831,61847,16
13.0106801987,80.2249908447,62062,62079,17
12.9973897934,80.216506958,62292,62313,21
12.9954204559,80.2168502808,62363,62383,20
12.9832000732,80.2220993042,62696,62716,20
12.9816303253,80.2335586548,63128,63148,20
12.9799203873,80.2526168823,63441,63471,30
12.9785404205,80.252571106,63491,63511,20
12.9724502563,80.2501602173,63572,63592,20
12.9651203156,80.2473907471,63683,63713,30
12.9431800842,80.2370605469,64248,64268,20
12.9339199066,80.2330322266,64409,64429,20
12.9132699966,80.2293319702,64702,64722,20
12.9113197327,80.229019165,64752,64768,16
12.8990802765,80.2279510498,65033,65063,30
12.8973903656,80.2278213501,65093,65113,20
12.8931598663,80.2275619507,65184,65204,20
12.8847398758,80.2267913818,65396,65426,30
12.876449585,80.2268981934,66365,66385,20
12.922829628,80.2305831909,67248,67266,18
12.9335298538,80.2327194214,67410,67430,20
12.9393796921,80.2355194092,67521,67541,20
12.9633197784,80.2465896606,68126,68146,20
12.9667396545,80.2479476929,68167,68197,30
12.9667396545,80.2479476929,68197,68213,16
12.979060173,80.2526016235,68338,68368,30
12.979060173,80.2526016235,68368,68391,23
12.9799804688,80.2522201538,68404,68424,20
12.9813203812,80.2412109375,69443,69463,20
12.9813203812,80.2407608032,69524,69544,20
12.9812498093,80.237991333,69756,69776,20
12.9814195633,80.2338409424,69968,69988,20
12.980629921,80.2290496826,70139,70159,20
12.9771604538,80.2227630615,70341,70371,30
12.9857702255,80.2230834961,71077,71098,21
12.987039566,80.2230911255,71380,71400,20
12.9881496429,80.2228393555,71471,71491,20
13.0076799393,80.2099533081,72056,72076,20
13.0136404037,80.2043685913,72288,72308,20
13.0101499557,80.2116775513,72510,72530,20
13.0093002319,80.2110671997,73055,73075,20
12.997300148,80.2165908813,73813,73833,20
12.9883003235,80.2226867676,74055,74071,16
12.978509903,80.2255325317,74467,74487,20
12.9819202423,80.2317276001,74638,74658,20
12.9817495346,80.2331390381,74790,74820,30
12.9812097549,80.2364578247,74921,74951,30
12.9812202454,80.2369232178,75062,75082,20
12.9812402725,80.2378463745,75314,75334,20
12.9812698364,80.2395401001,75405,75425,20
12.9648399353,80.2473602295,75839,75859,20
12.9239902496,80.2307434082,76464,76481,17
12.8765296936,80.2269821167,77264,77284,20
12.8779001236,80.2107391357,77506,77522,16
12.8746099472,80.2101516724,77565,77585,20
12.9050302505,80.2281188965,78163,78193,30
12.9546003342,80.2427825928,78829,78849,20
12.9558296204,80.2432098389,78849,78865,16
12.9815998077,80.2304992676,79513,79529,16
12.9838199615,80.2225875854,79864,79880,16
13.0050201416,80.2090988159,80307,80323,16
13.0068702698,80.2098007202,80406,80426,20
12.9988698959,80.256111145,81404,81421,17
12.9976797104,80.2560501099,82352,82382,30
12.9873399734,80.2590713501,82655,82675,20
13.0270795822,80.2570800781,83944,83970,26
13.0393896103,80.2471237183,84346,84376,30
13.0393896103,80.2471237183,84376,84392,16
13.0403404236,80.2404327393,84496,84516,20
13.044380188,80.2124862671,85263,85283,20
13.0472698212,80.2107925415,85374,85390,16
13.0495901108,80.2108383179,85412,85433,21
13.0493202209,80.2071762085,86109,86139,30
13.0498104095,80.2118606567,86270,86300,30
13.0498104095,80.2118606567,86300,86316,16
12.997420311,80.256942749,5726,5746,20
12.9969596863,80.2570037842,6039,6059,20
12.9975996017,80.2570419312,7523,7543,20
12.9975404739,80.2572097778,9139,9160,21
12.9976196289,80.2571563721,9210,9230,20
12.9976396561,80.2572479248,9321,9341,20
12.997759819,80.2571792603,9503,9533,30
12.9975595474,80.2572174072,11087,11108,21
12.9975004196,80.2573318481,12097,12117,20
12.9975299835,80.2573394775,12117,12137,20
12.9977197647,80.2571182251,12218,12238,20
12.9977502823,80.2570419312,12238,12259,21
12.9974403381,80.2575073242,12269,12289,20
12.9977302551,80.2571716309,12834,12854,20
12.9976501465,80.2571029663,13470,13490,20
12.9976501465,80.257232666,19374,19394,20
13.0083599091,80.2322387695,24844,24860,16
13.0304603577,80.2158584595,25748,25768,20
13.0302095413,80.2136383057,25779,25799,20
13.0489997864,80.2071762085,28597,28613,16
13.0393600464,80.1968002319,28656,28675,19
13.0491504669,80.2071380615,37571,37591,20
13.03028965,80.211769104,39754,39784,30
13.0321998596,80.2207794189,40027,40057,30
12.9994897842,80.2559814453,43614,43634,20
13.0006303787,80.2565765381,43664,43685,21
13.0063199997,80.2558822632,43875,43896,21
13.0062999725,80.2403717041,44441,44461,20
13.0069198608,80.2396469116,44472,44492,20
13.0069198608,80.2396469116,44492,44508,16
13.0064001083,80.2370910645,44508,44528,20
13.0079603195,80.231590271,44622,44652,30
13.0103797913,80.2267837524,44672,44693,21
13.011469841,80.2235183716,44753,44773,20
13.014169693,80.2239532471,44824,44844,20
13.0165596008,80.2249679565,44925,44955,30
13.0193099976,80.2246704102,44965,44995,30
13.0255699158,80.2305603027,45157,45187,30
13.0299901962,80.2241897583,45579,45599,20
13.0312004089,80.2181777954,45770,45787,17
13.0001497269,80.2667770386,53130,53150,20
12.9968004227,80.2571792603,53433,53453,20
12.9987697601,80.2559509277,53584,53604,20
13.0000896454,80.2562179565,53665,53681,16
13.0061197281,80.2573318481,53794,53824,30
13.0065402985,80.2532272339,53905,53925,20
13.0067396164,80.2515563965,54107,54123,16
13.0065898895,80.2465133667,54266,54286,20
13.006649971,80.2405776978,54397,54418,21
13.0073795319,80.236869812,54478,54498,20
13.0153198242,80.2248764038,54791,54811,20
13.0192203522,80.224281311,54892,54922,30
13.0197200775,80.2246170044,54932,54962,30
13.0254001617,80.229850769,55104,55124,20
13.0283699036,80.2308502197,55205,55225,20
13.0290298462,80.2308273315,55245,55275,30
13.0286397934,80.2272109985,55417,55437,20
13.0311698914,80.223197937,55588,55608,20
13.0321397781,80.2197418213,55669,55689,20
13.0355300903,80.205406189,56207,56227,20
13.0412902832,80.1966323853,56671,56687,16
13.0410003662,80.205116272,56831,56852,21
13.0441398621,80.2121200562,56993,57013,20
13.0495004654,80.2121887207,58071,58101,30
13.0409698486,80.2051925659,58361,58381,20
13.0397996902,80.1932678223,58644,58664,20
13.0372600555,80.1956710815,58765,58781,16
13.0319404602,80.2110595703,59136,59152,16
13.0301799774,80.2170791626,59397,59417,20
13.03221035,80.2200164795,59498,59518,20
13.0322198868,80.2203063965,59528,59548,20
13.0270204544,80.2329330444,59982,60002,20
13.0180902481,80.2248001099,60275,60291,16
13.0144500732,80.226272583,60424,60454,30
13.0082597733,80.2335968018,60585,60606,21
13.0001802444,80.256362915,61373,61389,16
13.0004196167,80.2658233643,61774,61794,20
13.00041008,80.266242981,62572,62602,30
13.0003404617,80.266418457,62723,62753,30
12.9956798553,80.2673873901,62864,62894,30
12.9962301254,80.2626113892,63127,63147,20
12.9987602234,80.2560195923,63339,63369,30
13.0065202713,80.2542114258,63611,63639,28
13.0064897537,80.2532501221,63659,63680,21
13.0066299438,80.248260498,63791,63821,30
13.0066099167,80.246673584,63871,63892,21
13.0193004608,80.2242889404,64497,64527,30
13.0269403458,80.2311325073,64770,64786,16
13.0292100906,80.2307815552,64838,64858,20
13.0287599564,80.2272262573,65030,65050,20
13.0312004089,80.2232513428,65212,65232,20
13.030380249,80.2144775391,65474,65494,20
13.0416498184,80.2052536011,66786,66802,16
13.0441598892,80.2090988159,66865,66885,20
13.0470304489,80.2118682861,67188,67218,30
13.0489196777,80.2069091797,67450,67466,16
13.049200058,80.2072525024,67812,67842,30
13.0441398621,80.2103118896,68720,68749,29
13.044090271,80.208946228,68780,68800,20
13.0384397507,80.2020721436,69043,69059,16
13.0397500992,80.1932983398,69223,69244,21
13.038649559,80.1928634644,69274,69294,20
13.0371799469,80.1960830688,69355,69375,20
13.0363197327,80.2019500732,69486,69516,30
13.032500267,80.2119064331,69778,69799,21
13.0311899185,80.2094192505,69869,69885,16
13.0300397873,80.2095031738,69897,69918,21
13.0306596756,80.217010498,70109,70130,21
13.0240602493,80.2284469604,70946,70962,16
13.0198698044,80.2248687744,71075,71095,20
12.9960603714,80.2677230835,72718,72739,21
13.0001296997,80.2666015625,73556,73586,30
12.9956197739,80.2675323486,73687,73707,20
13.0054597855,80.2573013306,74191,74211,20
13.0074100494,80.2368621826,74888,74908,20
13.0113801956,80.2234573364,75090,75110,20
13.0192804337,80.2243728638,75342,75363,21
13.019610405,80.2245788574,75383,75403,20
13.0207195282,80.2253570557,75433,75449,16
13.0257997513,80.230758667,75552,75573,21
13.0284404755,80.2309265137,75633,75653,20
13.0305404663,80.2307510376,75704,75734,30
13.0303001404,80.2283630371,75785,75805,20
13.0316295624,80.2093887329,76441,76471,30
13.0357398987,80.2051696777,76632,76652,20
13.0362501144,80.201499939,76723,76743,20
13.0366296768,80.1991882324,76794,76810,16
13.038359642,80.1927566528,76944,76967,23
13.0488004684,80.2069091797,77616,77636,20
13.0495996475,80.2121887207,78766,78787,21
13.0313997269,80.2170715332,80019,80036,17
13.0321397781,80.2208709717,80088,80107,19
13.0309095383,80.224571228,80169,80199,30
13.0297498703,80.2308425903,80441,80461,20
13.0270500183,80.2329483032,80542,80562,20
13.016699791,80.2254180908,80805,80821,16
13.0143499374,80.2262878418,80841,80863,22
13.0124902725,80.2270202637,80893,80914,21
13.0082597733,80.233543396,81035,81055,20
13.0075302124,80.2367630005,81105,81125,20
13.007109642,80.2405929565,81158,81188,30
13.0065898895,80.2575683594,81450,81467,17
12.9976701736,80.2560119629,81600,81620,20
12.996219635,80.2623062134,81741,81761,20
12.9960298538,80.2677001953,81842,81870,28
13.0759401321,80.2761993408,17327,17347,20
13.0749998093,80.2763824463,18002,18019,17
13.0562400818,80.2564620972,18526,18542,16
13.0233402252,80.2275695801,19090,19110,20
13.019490242,80.2245483398,19161,19177,16
12.9594602585,80.2448425293,19977,19994,17
12.9517602921,80.2417221069,20086,20107,21
12.9396896362,80.2357635498,20248,20269,21
12.8861999512,80.2270126343,20845,20861,16
12.8849201202,80.2267913818,20861,20883,22
12.8740301132,80.2268218994,20995,21019,24
12.8325595856,80.229133606,21405,21421,16
12.7252197266,80.1880493164,22434,22450,16
12.7222795486,80.1874771118,23847,23867,20
12.7864398956,80.2204208374,24575,24595,20
12.8454399109,80.2265167236,25303,25323,20
12.9508800507,80.2412490845,26475,26492,17
12.9633798599,80.2465820313,26656,26677,21
12.9669399261,80.2479934692,26747,26763,16
13.0156097412,80.2250366211,27657,27677,20
13.0474996567,80.2486801147,28304,28320,16
13.0595903397,80.2600479126,28474,28495,21
13.0812997818,80.2751464844,28932,28952,20
13.0825004578,80.2786026001,30824,30845,21
13.0565004349,80.2573013306,31674,31695,21
13.0456495285,80.2483825684,31876,31893,17
13.0353803635,80.2461166382,32046,32067,21
13.0258903503,80.2310409546,32299,32315,16
13.0247802734,80.2292785645,32315,32337,22
13.0232000351,80.2274169922,32388,32408,20
13.0085697174,80.2320404053,32651,32671,20
13.0059995651,80.2474212646,32934,32964,30
12.9787397385,80.2526016235,33771,33791,20
12.9638900757,80.2468566895,33993,34009,16
12.9593601227,80.2447967529,34052,34071,19
12.9471797943,80.2400436401,34284,34304,20
12.940079689,80.2358779907,34426,34446,20
12.9399995804,80.2358474731,34456,34472,16
12.9340801239,80.2331008911,34656,34676,20
12.9133996964,80.229309082,35020,35040,20
12.9110498428,80.2289428711,35081,35097,16
12.8773899078,80.2269210815,36050,36070,20
12.8498802185,80.2266082764,36475,36495,20
12.8464002609,80.2265930176,36545,36566,21
12.8455896378,80.2266235352,36586,36615,29
12.7901296616,80.2218017578,37435,37451,16
12.7870798111,80.2206878662,37483,37502,19
12.7861995697,80.2215805054,38061,38081,20
12.7996397018,80.2233886719,38364,38380,16
12.8014802933,80.2235412598,38380,38402,22
12.8310403824,80.2293395996,38705,38726,21
12.8312997818,80.2292480469,38736,38766,30
12.8967895508,80.2276535034,39453,39469,16
12.9054403305,80.2280883789,39785,39815,30
12.9055099487,80.2281494141,39815,39835,20
12.9055900574,80.2282104492,39835,39856,21
12.9213399887,80.2302627563,40048,40064,16
12.9486198425,80.2404632568,40349,40379,30
12.9716596603,80.2498016357,40773,40790,17
13.0222902298,80.2264709473,41853,41869,16
13.0257501602,80.2306671143,41962,41992,30
13.0383195877,80.2466430664,42387,42408,21
13.0542602539,80.2536468506,42752,42772,20
13.0618801117,80.2626190186,43045,43065,20
13.0656995773,80.2673187256,43176,43192,16
13.0815496445,80.2758407593,45843,45863,20
13.0747995377,80.2763595581,45994,46010,16
13.0651903152,80.2676391602,46265,46285,20
13.0564403534,80.2571563721,46579,46595,16
13.0359601974,80.2463302612,47012,47032,20
13.0312595367,80.2404937744,47154,47184,30
13.0266599655,80.2334289551,47275,47305,30
13.0234804153,80.2277374268,47386,47406,20
13.0066604614,80.2434005737,47841,47857,16
13.0060300827,80.2473907471,47970,47991,21
12.99036026,80.2508087158,48161,48183,22
12.9647197723,80.2472686768,48658,48674,16
12.9469099045,80.2399520874,48898,48918,20
12.9340000153,80.2330474854,49090,49110,20
12.8992595673,80.227897644,49495,49525,30
12.8789100647,80.2267837524,49727,49743,16
12.8727798462,80.2267303467,49796,49816,20
12.8397197723,80.2276992798,50089,50109,20
12.8322601318,80.2291564941,50180,50210,30
12.8043003082,80.2239532471,50483,50499,16
12.7862195969,80.2216567993,51338,51368,30
12.7963895798,80.2229537964,51621,51641,20
12.8055400848,80.2241210938,51752,51781,29
12.8197698593,80.230430603,51902,51922,20
12.8455600739,80.2265319824,52205,52225,20
12.8796195984,80.2266769409,52610,52626,16
12.9223299026,80.2304229736,53103,53119,16
12.9524402618,80.2418212891,53485,53501,16
12.9669599533,80.2479629517,53746,53766,20
12.9892997742,80.2509002686,54089,54110,21
13.0139102936,80.2232666016,54655,54673,18
13.0195999146,80.2244796753,54735,54755,20
13.0387496948,80.2467575073,55241,55271,30
13.0719995499,80.2746200562,56181,56197,16
13.0819997787,80.2754364014,56452,56470,18
13.0691604614,80.2721786499,58463,58484,21
13.0679197311,80.271156311,58524,58544,20
13.0656003952,80.2677688599,58605,58635,30
13.0568304062,80.2587966919,58928,58944,16
13.0399799347,80.247177124,59239,59260,21
13.0355596542,80.2462234497,59331,59351,20
13.0316495895,80.241317749,59593,59610,17
13.0149497986,80.2260665894,59986,60016,30
13.012049675,80.2271575928,60066,60083,17
12.9772596359,80.2515411377,60853,60869,16
12.9652700424,80.2474517822,60961,60982,21
12.9576702118,80.2440719604,61114,61130,16
12.9566402435,80.2436676025,61130,61152,22
12.9411802292,80.2361907959,61395,61411,16
12.8992004395,80.2279205322,62050,62070,20
12.8722496033,80.2267303467,62494,62511,17
12.8399600983,80.2276763916,62816,62846,30
12.8322200775,80.2291793823,62927,62947,20
12.7871103287,80.220703125,63566,63586,20
12.7866001129,80.2205200195,63677,63697,20
12.7222995758,80.1875991821,64637,64658,21
12.7220602036,80.1877975464,64668,64688,20
12.722319603,80.1874389648,66447,66467,20
12.7237195969,80.1877593994,66498,66518,20
12.7850198746,80.2198028564,67197,67217,20
12.785779953,80.2202377319,67308,67329,21
12.8051099777,80.224067688,67632,67648,16
12.8315296173,80.2292785645,68034,68054,20
12.8451404572,80.2265777588,68246,68267,21
12.8735799789,80.2266998291,68661,68681,20
12.8746500015,80.2268295288,68782,68802,20
12.8752403259,80.2268981934,68853,68883,30
12.8759298325,80.2269363403,68914,68934,20
12.8767404556,80.2269134521,68974,68994,20
12.8866195679,80.2270965576,69106,69122,16
12.8917198181,80.2273178101,69144,69163,19
12.9028596878,80.2280426025,69336,69356,20
12.9137096405,80.2293014526,69569,69589,20
12.920630455,80.2302703857,69670,69686,16
12.9354600906,80.2336578369,69852,69875,23
12.9472303391,80.2400131226,69978,69998,20
12.9487304688,80.2406234741,70029,70059,30
12.9511203766,80.2414169312,70089,70109,20
12.9563503265,80.2433624268,70182,70202,20
12.9589595795,80.2445373535,70243,70263,20
13.0049600601,80.2473297119,71080,71100,20
13.0058097839,80.2471008301,71171,71191,20
13.006529808,80.2458724976,71262,71282,20
13.0356197357,80.2461471558,72253,72273,20
13.0431499481,80.2479324341,72404,72420,16
13.0610198975,80.2617874146,72786,72803,17
13.0663204193,80.2682495117,72926,72946,20
13.0818796158,80.2756195068,73654,73684,30
13.0819196701,80.2758712769,73704,73724,20
13.0818004608,80.2773666382,74596,74616,20
13.0501804352,80.2070465088,830,850,20
13.050160408,80.2070617676,991,1012,21
13.0502004623,80.2070388794,1012,1042,30
13.0490598679,80.2071304321,22265,22295,30
13.0694904327,80.2054214478,22669,22699,30
13.0377197266,80.212387085,23761,23791,30
13.0342502594,80.2121429443,23862,23882,20
13.0322504044,80.2117462158,23922,23939,17
12.9939403534,80.2179031372,25226,25242,16
12.9785604477,80.2191314697,25476,25492,16
12.9813804626,80.2429122925,25907,25928,21
12.9872598648,80.259552002,26382,26402,20
12.9869003296,80.2590789795,27796,27826,30
12.9799404144,80.252281189,28250,28270,20
12.981300354,80.2381591797,28502,28518,16
12.9816503525,80.2333374023,28601,28621,20
12.9806699753,80.2289962769,28722,28742,20
12.9758796692,80.2212600708,28924,28954,30
12.983039856,80.2178268433,29196,29212,16
13.0074701309,80.2098388672,29809,29839,30
13.0082197189,80.2097930908,29870,29886,16
13.0219097137,80.2063217163,30231,30247,16
13.0241203308,80.2065963745,30259,30278,19
13.0349197388,80.2117462158,30562,30582,20
13.0488700867,80.2119903564,30783,30804,21
13.0512695313,80.212059021,30864,30880,16
13.0695495605,80.2047729492,31750,31770,20
13.0513801575,80.2121734619,32123,32143,20
13.0389299393,80.2123565674,32345,32365,20
13.0389299393,80.2123565674,32365,32381,16
13.0347003937,80.2121963501,32504,32524,20
13.0296096802,80.2089996338,32837,32857,20
13.0241603851,80.2068786621,32948,32968,20
13.0191602707,80.2063598633,33069,33089,20
13.0189599991,80.2062911987,33089,33119,30
13.0181703568,80.2060775757,33180,33200,20
13.017780304,80.205909729,33210,33240,30
13.010720253,80.2166366577,33936,33952,16
13.0154304504,80.2250671387,34126,34146,20
13.0105199814,80.2250900269,34287,34308,21
12.9764003754,80.222038269,35236,35257,21
12.9813804626,80.2432632446,35821,35838,17
12.9868001938,80.2589187622,37767,37797,30
12.9798803329,80.2522583008,38402,38423,21
12.9813404083,80.2339096069,38745,38761,16
12.9754695892,80.2208709717,39086,39106,20
13.0074100494,80.209777832,39844,39864,20
13.0147199631,80.2044906616,40116,40136,20
13.040189743,80.2123794556,42457,42473,16
13.0304603577,80.2092285156,42667,42687,20
13.0241003036,80.2068634033,42818,42838,20
13.019080162,80.2063064575,42909,42929,20
13.0112895966,80.2180480957,43413,43429,16
13.0064201355,80.2207107544,43834,43851,17
12.9973897934,80.2165603638,43964,43984,20
12.9762601852,80.2217102051,44518,44538,20
12.9792900085,80.2266998291,44659,44676,17
12.9816503525,80.2304992676,44718,44738,20
12.981590271,80.2335891724,44789,44809,20
12.9872198105,80.259552002,45656,45676,20
12.987859726,80.2520217896,47865,47885,20
12.9813404083,80.2427902222,48177,48197,20
12.9758300781,80.2211990356,48674,48695,21
12.9761295319,80.2200393677,48765,48781,16
12.9873199463,80.2182006836,48945,48965,20
13.0035800934,80.2119522095,49308,49338,30
13.0073099136,80.2098236084,49479,49509,30
13.0187501907,80.2059402466,49852,49872,20
13.0216703415,80.2063064575,49923,49939,16
13.0299501419,80.2089233398,50053,50073,20
13.0316095352,80.2093887329,50113,50130,17
13.0350103378,80.2113571167,50202,50222,20
13.0682096481,80.2049636841,51614,51634,20
13.0448198318,80.212348938,52118,52139,21
13.0448198318,80.212348938,52139,52155,16
13.0296497345,80.2089614868,52429,52449,20
13.0094804764,80.2110671997,52974,52994,20
12.9973897934,80.2165298462,53609,53629,20
12.9762802124,80.2216415405,54053,54073,20
12.9820604324,80.2525787354,54678,54694,16
12.9856004715,80.2518920898,54716,54736,20
12.9871997833,80.2595291138,55100,55120,20
12.9870595932,80.2591094971,56028,56048,20
12.987739563,80.2548217773,56169,56185,16
12.9878997803,80.2526321411,56216,56237,21
12.9818601608,80.2310562134,56953,56969,16
12.9756202698,80.2210083008,57184,57205,21
12.9838399887,80.2178573608,57376,57396,20
12.9874095917,80.218208313,57447,57475,28
13.0073699951,80.2097930908,57950,57970,20
13.0110197067,80.2036209106,58162,58178,16
13.0350399017,80.2113418579,58594,58614,20
13.0349502563,80.2118682861,58635,58655,20
13.0349302292,80.2120513916,58665,58681,16
13.0371999741,80.212310791,58712,58733,21
13.0492401123,80.2119674683,59026,59052,26
13.0499095917,80.2118988037,59084,59105,21
13.0687599182,80.205291748,59515,59545,30
13.0697803497,80.2049179077,60332,60362,30
13.0295600891,80.2089767456,61140,61160,20
13.0139398575,80.2045211792,61442,61463,21
12.997469902,80.2165374756,62431,62451,20
12.9921998978,80.2191619873,62582,62598,16
12.9764003754,80.2219009399,62974,62995,21
12.9816303253,80.2335968018,63237,63253,16
12.9814195633,80.243637085,63487,63503,16
12.9872503281,80.2595901489,64564,64584,20
12.986989975,80.2591400146,65633,65653,20
12.9873800278,80.2589569092,65684,65714,30
12.9877996445,80.2517318726,65936,65966,30
12.9812297821,80.252746582,66077,66093,16
12.9812898636,80.2432785034,66347,66377,30
12.9812803268,80.2431030273,66499,66519,20
12.9813203812,80.2417297363,66569,66589,20
12.9811496735,80.2348937988,67305,67326,21
12.9811496735,80.2346801758,67336,67352,16
12.9815502167,80.2334976196,67466,67496,30
12.9819803238,80.2322921753,67567,67597,30
12.980629921,80.2290420532,67688,67708,20
12.9812402725,80.2180404663,68142,68162,20
12.9814796448,80.2179718018,68162,68182,20
12.9821300507,80.217918396,68232,68253,21
12.9837503433,80.2179336548,68293,68313,20
13.0074100494,80.2098922729,68928,68949,21
13.0300302505,80.2089996338,69594,69610,16
13.03166008,80.2094421387,69652,69673,21
13.0349798203,80.2113265991,69763,69784,21
13.0349197388,80.2116394043,69794,69814,20
13.034910202,80.2117385864,69824,69840,16
13.0484104156,80.212059021,70225,70246,21
13.0631799698,80.2115402222,70649,70669,20
13.0691299438,80.2059173584,70810,70831,21
13.0682001114,80.2049865723,71254,71274,20
13.0380897522,80.2124786377,72332,72361,29
13.0354995728,80.2124176025,72411,72441,30
13.033780098,80.2121276855,72512,72532,20
13.0303897858,80.2092819214,72623,72653,30
13.0179100037,80.2060012817,72885,72905,20
13.0174798965,80.2058181763,72915,72932,17
13.0100402832,80.2115783691,73216,73236,20
13.0093202591,80.2110977173,73317,73337,20
13.0051498413,80.2204284668,73933,73950,17
12.9973497391,80.2165985107,74103,74122,19
12.9787502289,80.2191009521,74447,74463,16
12.9761400223,80.2217025757,74667,74687,20
12.9816398621,80.2334289551,74979,74999,20
12.9811697006,80.2346572876,75090,75110,20
12.9811897278,80.2356033325,75171,75201,30
12.9877996445,80.2518081665,78551,78581,30
12.9812898636,80.2381820679,78995,79011,16
12.9756698608,80.2210464478,79357,79377,20
12.9755401611,80.2209396362,79387,79407,20
12.9963302612,80.2165527344,79861,79877,16
13.0074596405,80.2098693848,80202,80218,16
13.029009819,80.2086715698,80735,80755,20
13.0349798203,80.2100830078,80876,80892,16
13.0497303009,80.2119216919,81368,81398,30
13.0687999725,80.2049026489,82629,82649,20
13.0445098877,80.2122192383,83254,83270,16
12.9988298416,80.2560119629,21556,21576,20
13.0077295303,80.2354278564,22061,22077,16
13.0123796463,80.2215194702,22231,22252,21
13.0240802765,80.2280807495,22696,22712,16
13.0288200378,80.2240066528,23017,23037,20
13.0311603546,80.2233276367,23107,23124,17
13.0314502716,80.217338562,23236,23256,20
13.0392799377,80.1929016113,23874,23890,16
13.041179657,80.2051315308,24137,24153,16
13.0478096008,80.2107391357,24367,24383,16
13.0488395691,80.2121887207,25691,25707,16
13.0392503738,80.1968994141,26113,26133,20
13.0368700027,80.1986618042,26395,26415,20
13.0352897644,80.2093582153,26617,26633,16
13.0295295715,80.2242889404,27274,27290,16
13.027009964,80.232963562,27696,27712,16
13.0067100525,80.2436981201,28300,28330,30
13.0067195892,80.2451782227,28360,28380,20
12.9961996078,80.2677307129,28996,29012,16
13.0001296997,80.2665481567,29075,29094,19
13.0004196167,80.2660980225,29761,29781,20
13.0003404617,80.266418457,30712,30732,20
12.9956703186,80.2675018311,30863,30883,20
12.9961996078,80.2626800537,30964,30984,20
12.9965801239,80.2591705322,31045,31061,16
12.998749733,80.2559585571,31156,31176,20
13.0066404343,80.2518310547,31459,31489,30
13.015250206,80.2247924805,32145,32165,20
13.024140358,80.2281570435,32458,32474,16
13.0292901993,80.230796814,32688,32708,20
13.0288696289,80.2240219116,32940,32960,20
13.0322198868,80.2197570801,33112,33142,30
13.030380249,80.2145385742,33293,33313,20
13.0361404419,80.2029266357,33767,33784,17
13.0388002396,80.1928329468,33978,33999,21
13.0388002396,80.1928329468,33999,34015,16
13.0443401337,80.2119064331,34471,34499,28
13.0470895767,80.2119598389,34561,34581,20
13.0489397049,80.2071075439,34712,34731,19
13.0492095947,80.207359314,35590,35620,30
13.049489975,80.2121582031,35741,35761,20
13.0440797806,80.2088165283,35951,35971,20
13.0425796509,80.2055969238,36032,36048,16
13.0408401489,80.2051620483,36060,36079,19
13.0392599106,80.1968688965,36313,36333,20
13.0387096405,80.1928405762,36444,36464,20
13.0364198685,80.2015991211,36666,36686,20
13.0360403061,80.2041778564,36746,36767,21
13.0304899216,80.2092437744,37129,37149,20
13.030380249,80.2147369385,37332,37352,20
13.0311803818,80.2235412598,37594,37610,16
13.0304002762,80.2280578613,37804,37824,20
13.0307102203,80.2304229736,37865,37885,20
13.0276699066,80.2311935425,37986,38002,16
13.0277996063,80.2321777344,38002,38024,22
13.0238800049,80.2282028198,38458,38478,20
13.0207004547,80.2253875732,38549,38565,16
13.0142402649,80.22631073,38658,38678,20
13.0068798065,80.2495803833,39061,39081,20
13.0002603531,80.2663269043,40633,40654,21
13.0044498444,80.2570724487,41239,41255,16
13.0067195892,80.2513198853,41379,41399,20
13.0074100494,80.236656189,41644,41664,20
13.0153999329,80.2248687744,41956,41976,20
13.0193595886,80.224281311,42037,42057,20
13.0287704468,80.2240371704,42542,42562,20
13.0311002731,80.2240600586,42622,42639,17
13.0321397781,80.2197036743,42710,42731,21
13.0308599472,80.2110824585,42984,43004,20
13.0352296829,80.2087936401,43256,43276,20
13.0384397507,80.1928405762,43639,43659,20
13.0441799164,80.2091598511,44144,44160,16
13.0488700867,80.2072677612,44404,44424,20
13.0495300293,80.2122192383,45475,45495,20
13.0445604324,80.2124404907,45586,45616,30
13.0395698547,80.1930389404,46080,46097,17
13.0324497223,80.2119064331,46563,46583,20
13.0307302475,80.2099533081,46734,46750,16
13.0307302475,80.2306976318,47469,47499,30
13.0066995621,80.2459411621,48458,48474,16
12.9976902008,80.2559967041,48910,48930,20
13.0000696182,80.2664413452,49303,49324,21
13.0003004074,80.2656784058,49344,49374,30
13.000579834,80.256401062,51473,51493,20
13.0036096573,80.2569198608,51564,51580,16
13.0063695908,80.2574996948,51612,51642,30
13.0065002441,80.252571106,51743,51764,21
13.0066003799,80.2476425171,51977,51998,21
13.0065698624,80.2464828491,52038,52058,20
13.0073604584,80.2368774414,52199,52220,21
13.0111198425,80.2238922119,52422,52442,20
13.01541996,80.2248687744,52613,52633,20
13.0283603668,80.2308578491,52946,52966,20
13.0302696228,80.2289428711,53087,53104,17
13.0287704468,80.2239990234,53237,53257,20
13.0321702957,80.2196807861,53439,53455,16
13.0352497101,80.2085876465,53951,53980,29
13.036740303,80.1983795166,54202,54222,20
13.0388402939,80.1928482056,54373,54393,20
13.0410404205,80.2050933838,54716,54736,20
13.0431804657,80.2063217163,54787,54803,16
13.0441598892,80.2089614868,54823,54845,22
13.0490999222,80.2078094482,55099,55115,16
13.0488195419,80.2070770264,55115,55145,30
13.0491895676,80.2072982788,55561,55581,20
13.049539566,80.2121505737,55682,55712,30
13.0408401489,80.2052001953,55978,55998,20
13.0397596359,80.1932525635,56270,56290,20
13.0397596359,80.1932525635,56290,56307,17
13.0363702774,80.2017593384,56521,56542,21
13.0363702774,80.2017593384,56542,56558,16
13.0325202942,80.2119369507,56804,56824,20
13.0322303772,80.2202529907,57258,57278,20
13.0290603638,80.2242736816,57399,57419,20
13.0298500061,80.2308807373,57702,57722,20
13.0270595551,80.233001709,57813,57833,20
13.0250501633,80.2296600342,57894,57914,20
13.0141296387,80.2264099121,58146,58166,20
13.0068798065,80.2406005859,58418,58439,21
12.9962797165,80.2624206543,59226,59246,20
12.9961004257,80.2677230835,59327,59346,19
12.9956502914,80.2674179077,60223,60243,20
12.9988002777,80.2560195923,60697,60717,20
12.9990701675,80.2560577393,60727,60748,21
13.0007295609,80.2564086914,60788,60809,21
13.0065002441,80.2532272339,61041,61061,20
13.0068502426,80.2396774292,61846,61863,17
13.007349968,80.237197876,61885,61905,20
13.0151395798,80.2246017456,62248,62264,16
13.0156097412,80.2250289917,62284,62306,22
13.0248603821,80.2292327881,62570,62586,16
13.0303401947,80.2282409668,62851,62871,20
13.0287504196,80.2240371704,63012,63028,16
13.0321598053,80.2197723389,63192,63214,22
13.0304403305,80.2165679932,63297,63327,30
13.0303697586,80.2144699097,63367,63387,20
13.0314397812,80.2092819214,63660,63690,30
13.0352697372,80.208732605,63791,63811,20
13.0353803635,80.2077484131,63841,63858,17
13.0355195999,80.2054290771,63880,63900,20
13.0362596512,80.2015228271,63981,64001,20
13.036740303,80.198348999,64051,64072,21
13.0387802124,80.1928787231,64213,64243,30
13.0441999435,80.2091293335,64697,64717,20
13.0488595963,80.2072296143,65020,65040,20
13.0498199463,80.2115097046,65595,65616,21
13.0494699478,80.2122497559,65666,65686,20
13.0392599106,80.1969223022,66249,66270,21
13.0396699905,80.1930999756,66360,66377,17
13.0369796753,80.1980285645,66500,66520,20
13.0300998688,80.2095413208,67014,67035,21
13.0313997269,80.2226867676,67448,67464,16
13.0290403366,80.2242889404,67547,67567,20
13.0303897858,80.2280578613,67709,67729,20
13.0301103592,80.2308807373,67900,67921,21
13.0297803879,80.2309417725,67931,67961,30
13.0184803009,80.2247085571,68405,68421,16
13.0082902908,80.2333297729,68635,68654,19
13.0068798065,80.2406997681,68796,68817,21
13.0068597794,80.2510604858,69089,69119,30
13.0038499832,80.2570571899,69301,69321,20
13.0037002563,80.2570571899,69321,69351,30
13.0034399033,80.2570037842,69372,69388,16
12.9962396622,80.2623901367,69754,69774,20
12.9961099625,80.2627410889,70420,70440,20
12.9987401962,80.2560577393,70673,70703,30
12.9990997314,80.2561187744,70723,70743,20
13.006360054,80.2574996948,70895,70915,20
13.0065603256,80.2478103638,71187,71207,20
13.0065202713,80.2465667725,71238,71258,20
13.0073204041,80.2370376587,71591,71611,20
13.0112895966,80.2233200073,71793,71813,20
13.0154304504,80.2250137329,71934,71954,20
13.0191802979,80.2243423462,72045,72075,30
13.030500412,80.2307128906,72368,72388,20
13.0303001404,80.2283172607,72439,72459,20
13.0311403275,80.2231826782,72711,72731,20
13.032119751,80.2197799683,72792,72812,20
13.0352201462,80.2087173462,73296,73317,21
13.0366697311,80.1989212036,73569,73585,16
13.0388097763,80.1929168701,73749,73772,23
13.0409803391,80.1993026733,73945,73966,21
13.0417003632,80.205291748,74127,74143,16
13.0441102982,80.2092666626,74216,74236,20
13.0469799042,80.2119598389,74468,74488,20
13.0488004684,80.2072982788,74650,74680,30
13.0495901108,80.212272644,75518,75538,20
13.0494804382,80.2122192383,75548,75568,20
13.0396795273,80.1932067871,76139,76160,21
13.0386400223,80.1929397583,76191,76211,20
13.0359802246,80.2043609619,76463,76479,16
13.0285797119,80.2271575928,77369,77386,17
13.0212001801,80.2257003784,77832,77848,16
12.9960203171,80.2676773071,78820,78840,20
12.9968595505,80.2560119629,79203,79223,20
13.0912904739,80.2275924683,26040,26060,20
13.0888595581,80.2309265137,26121,26141,20
13.0881500244,80.233291626,26191,26207,16
13.082449913,80.2336578369,26300,26321,21
13.0762996674,80.2338409424,26442,26462,20
13.0765600204,80.2372436523,26533,26553,20
13.0693101883,80.2433395386,26958,26979,21
13.0678396225,80.2465286255,27080,27100,20
13.0677204132,80.247833252,27130,27147,17
13.0577497482,80.2427978516,27401,27417,16
13.0513095856,80.2406616211,27540,27561,21
13.0464296341,80.2329177856,27763,27779,16
13.0352602005,80.2303009033,27942,27963,21
13.0335903168,80.2304534912,27993,28023,30
13.0273504257,80.2328872681,28175,28195,20
13.024140358,80.2284698486,28296,28316,20
13.0170001984,80.2252426147,28478,28494,16
13.0083198547,80.2332992554,28637,28657,20
13.0069198608,80.2406234741,28778,28799,21
13.0067300797,80.2442703247,28920,28940,20
13.0067396164,80.2445678711,28950,28980,30
13.0067501068,80.2452087402,29001,29017,16
13.0069103241,80.2495193481,29059,29079,20
12.9972801208,80.2559661865,29362,29382,20
13.0000495911,80.2667388916,29655,29671,16
12.9956798553,80.2674179077,31077,31097,20
12.9961900711,80.2626571655,31168,31188,20
12.9987802505,80.2559967041,31410,31430,20
13.0058097839,80.25730896,31612,31628,16
13.006649971,80.2485198975,31822,31852,30
13.0065803528,80.2464904785,32024,32044,20
13.0074195862,80.2367172241,32216,32246,30
13.0152797699,80.2248306274,32478,32498,20
13.0169401169,80.2251434326,32559,32575,16
13.0219097137,80.2261123657,32648,32668,20
13.0312700272,80.2306518555,33102,33118,16
13.0387096405,80.2397003174,33494,33509,15
13.0446596146,80.2404785156,33620,33640,20
13.0699901581,80.2420501709,34317,34337,20
13.075799942,80.2341766357,34580,34600,20
13.08314991,80.2309494019,34781,34798,17
13.0913801193,80.2272491455,35023,35042,19
13.0963802338,80.2193222046,35184,35205,21
13.0982398987,80.2144927979,35265,35285,20
13.0983104706,80.2143630981,35326,35342,16
13.1002397537,80.2144699097,35384,35405,21
13.0942001343,80.2244262695,36556,36572,16
13.0912799835,80.2275924683,36614,36634,20
13.0888595581,80.2308807373,36705,36725,20
13.082400322,80.2336273193,36897,36917,20
13.0761604309,80.2338409424,37008,37028,20
13.0764799118,80.237159729,37099,37119,20
13.0784597397,80.2484436035,37331,37351,20
13.0784797668,80.248588562,37351,37371,20
13.0717697144,80.2501983643,37725,37741,16
13.0571203232,80.2428131104,38329,38349,20
13.0451498032,80.2326812744,38752,38773,21
13.0334796906,80.230506897,39047,39067,20
13.0250701904,80.2296981812,39511,39531,20
13.007109642,80.2392578125,39996,40026,30
13.0069198608,80.2405014038,40046,40066,20
13.0068302155,80.2410202026,40087,40103,16
13.0067195892,80.2433013916,40115,40135,20
13.0067100525,80.2449264526,40165,40195,30
13.0066003799,80.2577972412,40861,40881,20
13.0064601898,80.2532196045,40982,41002,20
13.0066204071,80.2407836914,41285,41305,20
13.0219802856,80.2261734009,41810,41830,20
13.0260896683,80.2313232422,41992,42008,16
13.0440301895,80.2409133911,42586,42616,30
13.0624599457,80.243309021,43060,43076,16
13.0705795288,80.2419281006,43230,43253,23
13.0755500793,80.2336807251,43518,43538,20
13.0840396881,80.2339630127,43770,43789,19
13.0888595581,80.2305221558,43901,43920,19
13.0913896561,80.2272720337,43972,43992,20
13.0963897705,80.2192764282,44133,44154,21
13.0964403152,80.2191314697,44164,44180,16
13.0982198715,80.2145462036,44303,44333,30
13.1001701355,80.2144927979,44434,44454,20
13.093629837,80.2250366211,45466,45482,16
13.0760202408,80.2350006104,45940,45970,30
13.0677900314,80.247718811,46789,46805,16
13.0590000153,80.2425765991,47040,47060,20
13.0571899414,80.2428283691,47091,47111,20
13.0538196564,80.2422866821,47171,47192,21
13.0483999252,80.2400131226,47333,47349,16
13.0354099274,80.2304077148,47665,47695,30
13.0296401978,80.2308502197,47845,47867,22
13.0226898193,80.2269821167,48099,48120,21
13.0159301758,80.2256469727,48251,48267,16
13.0080099106,80.2343978882,48491,48507,16
13.0070495605,80.2392578125,48538,48560,22
13.0068101883,80.2495193481,48832,48853,21
13.0066699982,80.2516784668,48974,48990,16
13.0002202988,80.2564163208,49315,49331,16
12.9978303909,80.2560119629,49384,49414,30
12.9962501526,80.2622833252,49535,49555,20
13.0000295639,80.2666473389,49707,49723,16
12.9956703186,80.2674179077,50775,50795,20
12.9987201691,80.2559814453,51058,51086,28
13.0066099167,80.2475814819,51581,51611,30
13.0218696594,80.2260665894,52197,52217,20
13.0343599319,80.2303771973,52520,52540,20
13.0351295471,80.2387237549,52782,52798,16
13.0624599457,80.2433624268,53386,53416,30
13.076379776,80.2370681763,53811,53841,30
13.0757799149,80.2341079712,53882,53912,30
13.0801801682,80.2334899902,54023,54043,20
13.0964002609,80.2191162109,54518,54534,16
13.1001701355,80.2144622803,54657,54687,30
13.0837001801,80.2339401245,56525,56545,20
13.0760002136,80.2339706421,56707,56737,30
13.0762996674,80.236289978,56788,56808,20
13.0693101883,80.2434005737,57333,57363,30
13.0571298599,80.2429199219,57838,57858,20
13.0536899567,80.2422790527,57918,57939,21
13.035490036,80.2304077148,58413,58443,30
13.0335502625,80.2305603027,58494,58514,20
13.0068798065,80.2510528564,59423,59453,30
13.006480217,80.2532577515,60019,60039,20
13.0065698624,80.2464904785,60655,60675,20
13.0072002411,80.2378921509,60958,60974,16
13.0151700974,80.224822998,61279,61299,20
13.0220003128,80.2261734009,61471,61491,20
13.0343704224,80.2303924561,61834,61864,30
13.0540504456,80.2422866821,62773,62793,20
13.0625,80.2433624268,63056,63076,20
13.0766000748,80.23828125,63471,63491,20
13.0763397217,80.2369384766,63521,63542,21
13.075799942,80.2342605591,63602,63622,20
13.0803499222,80.2335205078,63693,63713,20
13.0840702057,80.2340011597,63875,63895,20
13.0888996124,80.2304992676,64016,64036,20
13.0914402008,80.2272491455,64097,64116,19
13.095410347,80.2224502563,65529,65549,20
13.0837602615,80.2339324951,66003,66024,21
13.0824098587,80.2337265015,66054,66074,20
13.0820503235,80.2336273193,66084,66104,20
13.0810604095,80.2335586548,66155,66183,28
13.0775699615,80.2419815063,66498,66518,20
13.0677604675,80.2465286255,67144,67165,21
13.0566396713,80.2427062988,67619,67635,16
13.0536603928,80.2422637939,67667,67688,21
13.0509500504,80.2406082153,67829,67849,20
13.0464696884,80.2396697998,67940,67960,20
13.0462799072,80.2396316528,67960,67980,20
13.0452003479,80.2327270508,68182,68202,20
13.0346403122,80.2304077148,68594,68615,21
13.0334997177,80.2305297852,68655,68675,20
13.0295801163,80.2309036255,68796,68816,20
13.0276699066,80.231552124,68867,68883,16
13.0239295959,80.2283325195,69149,69169,20
13.016579628,80.2254562378,69290,69306,16
13.0082702637,80.2334136963,69491,69521,30
13.0070495605,80.2398834229,69905,69935,30
12.9968099594,80.2570266724,70925,70945,20
12.9961795807,80.2624664307,71036,71056,20
13.0,80.2667617798,71218,71238,20
12.9988298416,80.256072998,71824,71844,20
13.0065202713,80.2521972656,72137,72167,30
13.0065498352,80.2468795776,72288,72304,16
13.0073204041,80.2369689941,72468,72488,20
13.034330368,80.2303466797,73427,73443,16
13.0341300964,80.2371368408,73688,73708,20
13.0441198349,80.2408599854,73940,73956,16
13.0623998642,80.2433624268,74402,74423,21
13.0626401901,80.2434082031,74433,74449,16
13.0687999725,80.242477417,74603,74624,21
13.0763597488,80.2375030518,74826,74846,20
13.0888204575,80.2305526733,75310,75330,20
13.0912904739,80.2273330688,75381,75401,20
13.0962896347,80.2193527222,75573,75603,30
13.1001596451,80.2145233154,75815,75845,30
13.0089797974,80.2293014526,79250,79267,17
13.0066299438,80.2546691895,79602,79622,20
13.006649971,80.2571868896,79662,79683,21
13.0297603607,80.2307815552,80670,80686,16
13.0347795486,80.2303237915,80749,80769,20
13.0496196747,80.2421264648,81305,81326,21
13.0915498734,80.227180481,82507,82523,16
13.0987300873,80.22265625,21306,21322,16
13.0956401825,80.2216796875,21900,21916,16
13.08893013,80.2307128906,22051,22072,21
13.0465602875,80.232963562,23192,23208,16
12.9991598129,80.256149292,24554,24574,20
12.9988498688,80.2560119629,26239,26260,21
13.0051002502,80.2571868896,26340,26357,17
13.0196695328,80.2245025635,27046,27066,20
13.0218095779,80.22605896,27116,27136,20
13.0284900665,80.2309112549,27278,27298,20
13.0344104767,80.2304000854,27389,27409,20
13.034330368,80.2373428345,27530,27560,30
13.0344104767,80.237701416,27601,27631,30
13.0424003601,80.2407684326,27762,27778,16
13.0670700073,80.2431182861,28214,28230,16
13.0689296722,80.24243927,28230,28253,23
13.0763196945,80.2368774414,28445,28466,21
13.082570076,80.2313079834,28748,28764,16
13.0841197968,80.2339935303,28827,28847,20
13.0913095474,80.2275695801,31008,31029,21
13.0825099945,80.2336730957,31331,31352,21
13.0766401291,80.2378921509,31604,31634,30
13.0780200958,80.2462005615,31816,31836,20
13.078040123,80.2463226318,31836,31866,30
13.0784797668,80.2516174316,33047,33067,20
13.0631799698,80.2442474365,33652,33672,20
13.0511598587,80.2405471802,34157,34177,20
13.0463399887,80.2395172119,34257,34278,21
13.0248804092,80.2293395996,35216,35236,20
13.0240001678,80.2282409668,35277,35307,30
13.0142002106,80.2263183594,35519,35539,20
13.0142002106,80.2263183594,35539,35555,16
13.0081996918,80.2335510254,35658,35678,20
13.0067396164,80.2444381714,35941,35962,21
13.0067501068,80.2461471558,35992,36022,30
13.0068798065,80.2495727539,36063,36083,20
13.0068502426,80.2507629395,36103,36133,30
13.006649971,80.2548675537,36194,36214,20
13.0001602173,80.2563781738,36537,36557,20
12.9962596893,80.2624435425,36739,36759,20
13.0001602173,80.2664337158,36920,36940,20
12.9957103729,80.2673568726,37364,37384,20
12.9968795776,80.2561569214,37576,37606,30
12.9989004135,80.2559814453,37637,37667,30
12.9991998672,80.2560501099,37677,37707,30
13.0066795349,80.2517623901,38041,38057,16
13.0065603256,80.2466583252,38201,38221,20
13.0067300797,80.2403564453,38372,38402,30
13.007399559,80.2368164063,38453,38473,20
13.0110502243,80.2241668701,38614,38634,20
13.0154399872,80.2249069214,38756,38786,30
13.0218496323,80.2260894775,38897,38917,20
13.0340499878,80.2304000854,39391,39411,20
13.0346002579,80.237953186,39674,39690,16
13.0438098907,80.2409591675,39883,39904,21
13.0525903702,80.2414016724,40186,40202,16
13.0610198975,80.2430267334,40386,40406,20
13.0615596771,80.2431488037,40426,40443,17
13.0912303925,80.2276306152,42572,42593,21
13.0824699402,80.2337036133,42865,42885,20
13.0677204132,80.2464599609,43672,43692,20
13.0572595596,80.2427978516,44045,44066,21
13.0536899567,80.2422180176,44146,44162,16
13.0520296097,80.2408370972,44225,44254,29
13.0494003296,80.240196228,44325,44346,21
13.029800415,80.2308425903,44972,44988,16
13.0209903717,80.2255401611,45283,45298,15
13.0068101883,80.2497711182,45806,45826,20
13.0065803528,80.2577285767,46219,46249,30
13.0073404312,80.2369232178,46753,46770,17
13.0300102234,80.2307510376,47528,47548,20
13.0341396332,80.2368164063,47851,47881,30
13.0448703766,80.2402114868,48295,48311,16
13.0622196198,80.2432785034,48787,48808,21
13.069560051,80.2421569824,48979,48999,20
13.0766000748,80.2383880615,49191,49221,30
13.0757799149,80.2341079712,49353,49383,30
13.0840797424,80.2339782715,49615,49635,20
13.0977602005,80.2155609131,50018,50039,21
13.0979700089,80.2150115967,50059,50089,30
13.1003198624,80.2145385742,50271,50291,20
13.1004295349,80.2146072388,50291,50311,20
13.0888299942,80.2308807373,52432,52452,20
13.0678100586,80.2465820313,53429,53451,22
13.0630102158,80.2444076538,53612,53628,16
13.0539302826,80.2422866821,53832,53852,20
13.0334796906,80.2304382324,54518,54538,20
13.0272903442,80.2329101563,54690,54710,20
13.023900032,80.2281570435,54801,54821,20
13.0068597794,80.2495574951,55357,55377,20
13.0067996979,80.2507324219,55397,55417,20
13.0065498352,80.254699707,55488,55518,30
13.004650116,80.2571487427,55639,55659,20
13.0040102005,80.2570571899,55679,55695,16
13.0000400543,80.2563171387,55910,55930,20
12.9968299866,80.2569198608,56051,56071,20
12.9962501526,80.262512207,56162,56182,20
12.9960403442,80.2677688599,56929,56945,16
12.9985599518,80.2560424805,57169,57189,20
12.9990797043,80.2561187744,57199,57229,30
13.006649971,80.2484283447,57663,57683,20
13.0065402985,80.2414016724,57875,57895,20
13.0073604584,80.2369537354,58047,58077,30
13.015540123,80.2250518799,58379,58395,16
13.0220098495,80.2261962891,58519,58539,20
13.0343799591,80.2304077148,58811,58841,30
13.0349597931,80.2305221558,58908,58930,22
13.0402698517,80.2400283813,59253,59273,20
13.0540399551,80.2422637939,59586,59606,20
13.0624904633,80.2433624268,59778,59806,28
13.069899559,80.2421417236,59988,60018,30
13.0764303207,80.2375030518,60190,60210,20
13.0802402496,80.2335205078,60371,60391,20
13.0825195313,80.2313995361,60472,60502,30
13.0881795883,80.2325363159,60694,60710,16
13.0982198715,80.2145614624,61053,61083,30
13.1003799438,80.21459198,61144,61164,20
13.095410347,80.2224197388,62484,62504,20
13.0946502686,80.2238388062,62534,62551,17
13.0912599564,80.2276229858,62603,62623,20
13.0798301697,80.2335205078,62976,62992,16
13.0765399933,80.2372970581,63136,63166,30
13.0693302155,80.2433776855,63630,63650,20
13.0678396225,80.2465896606,63772,63792,20
13.0631399155,80.2443618774,64034,64064,30
13.0558700562,80.2422790527,64286,64302,16
13.048740387,80.2400817871,64506,64526,20
13.0472803116,80.2337036133,64698,64728,30
13.0341396332,80.2304382324,65071,65091,20
13.0335197449,80.2305297852,65122,65152,30
13.025179863,80.2297821045,65445,65465,20
13.0240697861,80.2284317017,65545,65566,21
13.0200300217,80.2248916626,65656,65677,21
13.0191802979,80.2244567871,65707,65723,16
13.0080795288,80.2342376709,65949,65965,16
13.0072698593,80.2383880615,66018,66047,29
13.0068397522,80.2506866455,66371,66391,20
13.0065402985,80.2466201782,68520,68540,20
13.0066099167,80.2460784912,68601,68631,30
13.0065803528,80.2455596924,68661,68682,21
13.007349968,80.2368392944,69085,69105,20
13.012140274,80.2214508057,69348,69368,20
13.0154399872,80.2250289917,69459,69489,30
13.02202034,80.226272583,69630,69660,30
13.02202034,80.226272583,69660,69676,16
13.0242300034,80.2283630371,69719,69749,30
13.0252304077,80.2297592163,69790,69810,20
13.0258903503,80.2308578491,69810,69832,22
13.0342597961,80.2374572754,70486,70506,20
13.0349597931,80.238571167,70546,70566,20
13.0402002335,80.239982605,70688,70708,20
13.0409402847,80.2406387329,70738,70758,20
13.0539197922,80.2422790527,71111,71132,21
13.0624198914,80.2434234619,71374,71394,20
13.0684404373,80.2426605225,71636,71656,20
13.0699701309,80.2421417236,71687,71707,20
13.0763597488,80.2373199463,71898,71919,21
13.0757198334,80.2341766357,71969,71999,30
13.0834503174,80.233757019,72271,72293,22
13.0839500427,80.2340011597,72303,72323,20
13.0965595245,80.2187194824,72687,72703,16
13.0850200653,80.2342529297,75157,75173,16
13.0768899918,80.2393493652,75457,75474,17
13.0537500381,80.2423019409,76305,76325,20
13.048500061,80.2400970459,76456,76473,17
13.0343904495,80.2303695679,76868,76888,20
13.033829689,80.2304534912,76909,76925,16
13.0297899246,80.2308273315,76998,77018,20
13.0198602676,80.2247467041,77372,77392,20
13.0068397522,80.2492599487,77967,77987,20
13.0066204071,80.2546615601,78058,78078,20
12.9998598099,80.2563171387,78239,78260,21
12.9991703033,80.256149292,78280,78300,20
12.9987096786,80.2560195923,79198,79228,30
13.0015602112,80.2565689087,79289,79305,16
13.0065803528,80.2466278076,79620,79640,20
13.0066604614,80.2404632568,79741,79761,20
13.0343198776,80.2304611206,80437,80458,21
13.0448102951,80.2404098511,80841,80871,30
13.0663795471,80.243347168,82042,82059,17
13.0690202713,80.2423782349,82071,82091,20
13.0762701035,80.2363891602,82275,82291,16
13.0974502563,80.2419662476,83282,83302,20
12.9972896576,80.2568435669,2204,2224,20
12.9981002808,80.2571105957,2264,2284,20
12.9225997925,80.2305679321,26572,26588,16
12.8993396759,80.2278900146,27005,27025,20
12.8743495941,80.2098999023,27550,27570,20
12.879360199,80.2110214233,27742,27762,20
12.8764801025,80.2267913818,28247,28267,20
12.8885498047,80.2272567749,28439,28459,20
12.9029397964,80.2279586792,28651,28671,20
12.9072704315,80.2282562256,28762,28782,20
12.9355802536,80.2335891724,29186,29206,20
12.9399204254,80.2357406616,29267,29287,20
12.94328022,80.2369232178,29337,29353,16
12.9472999573,80.2399673462,29406,29426,20
12.9509401321,80.2412796021,29507,29527,20
12.9588603973,80.2444000244,29658,29679,21
12.9799003601,80.2525024414,30002,30032,30
12.9802398682,80.2514038086,30062,30079,17
12.9813804626,80.2427520752,30434,30454,20
12.9812803268,80.2379226685,30535,30565,30
12.9816999435,80.2331924438,30646,30666,20
12.9819898605,80.2318725586,30706,30723,17
12.9777498245,80.224281311,30877,30907,30
12.9772901535,80.2227020264,30948,30968,20
12.99036026,80.2203979492,31281,31301,20
13.0036096573,80.2119827271,31917,31947,30
13.0081501007,80.2095794678,32159,32176,17
13.0109996796,80.2036437988,32319,32339,20
13.0136404037,80.2046127319,32402,32421,19
13.0092401505,80.211227417,33492,33522,30
13.0090799332,80.2116088867,33522,33543,21
13.009759903,80.2136688232,33593,33609,16
13.0154695511,80.2251586914,33773,33793,20
13.0104503632,80.2254333496,33934,33950,16
12.9976797104,80.2165527344,34195,34215,20
12.9832897186,80.2222213745,34528,34548,20
12.9786500931,80.2254714966,34821,34841,20
12.9788599014,80.2257614136,34851,34867,16
12.9815797806,80.2337188721,35051,35071,20
12.9813699722,80.2385635376,35152,35171,19
12.9813995361,80.2422332764,35243,35263,20
12.9788799286,80.2526397705,35505,35526,21
12.9725599289,80.2501525879,35606,35627,21
12.9649896622,80.2473678589,35738,35768,30
12.9642295837,80.2470474243,35788,35807,19
12.9564304352,80.2437210083,35950,35970,20
12.9398298264,80.235786438,36252,36273,21
12.9193096161,80.2301177979,36616,36636,20
12.9021100998,80.2280578613,37424,37444,20
12.8987197876,80.2278900146,37545,37565,20
12.8926897049,80.2274627686,37696,37716,20
12.8890600204,80.2274169922,37777,37797,20
12.8764200211,80.2266311646,38039,38055,16
12.8793296814,80.2109680176,38189,38209,20
12.8745298386,80.2101364136,38280,38300,20
12.8885002136,80.2272415161,39105,39122,17
12.8921003342,80.2272796631,39155,39175,20
12.9045600891,80.2280426025,39488,39508,20
12.9633798599,80.2465591431,40518,40534,16
12.974820137,80.2506637573,40687,40707,20
12.9907302856,80.2201004028,41639,41655,16
13.0115699768,80.2037200928,42252,42269,17
13.0136404037,80.2042007446,42269,42291,22
13.0126304626,80.2116928101,42412,42432,20
13.0045900345,80.2202987671,43251,43267,16
12.9908599854,80.220161438,43461,43481,20
12.9764003754,80.2218322754,43865,43885,20
12.976559639,80.2512893677,44440,44456,16
12.9471597672,80.2400665283,44944,44965,21
12.8992900848,80.2279663086,45662,45682,20
12.8931798935,80.2275695801,45753,45773,20
12.8770399094,80.2105636597,46197,46213,16
12.8745098114,80.2101135254,46213,46233,20
12.948559761,80.2405014038,49053,49083,30
12.9816102982,80.2333602905,49790,49810,20
12.9816102982,80.2333602905,49810,49826,16
12.9771404266,80.2226715088,50051,50071,20
13.0068502426,80.2097167969,50848,50868,20
13.0095396042,80.2036514282,51040,51056,16
13.0136003494,80.204208374,51076,51099,23
13.0131196976,80.2222366333,52057,52073,16
12.9813098907,80.2373733521,53352,53382,30
12.9292602539,80.2314605713,54339,54355,16
12.9070501328,80.2283401489,54581,54601,20
12.8994197845,80.2278823853,54742,54758,16
12.8775100708,80.2204971313,55063,55079,16
12.9004602432,80.2277679443,56384,56402,18
12.9473199844,80.2399597168,57050,57069,19
12.9813604355,80.2337875366,57878,57894,16
12.9774503708,80.2214813232,58191,58211,20
13.0000495911,80.2139816284,58765,58781,16
13.0081796646,80.2097625732,59007,59030,23
12.9882001877,80.2228469849,61414,61434,20
12.9879999161,80.2229766846,61444,61464,20
12.9831800461,80.2221374512,61606,61626,20
12.9806604385,80.2500915527,62293,62309,16
12.9568500519,80.2438430786,62716,62736,20
12.9489002228,80.2407684326,62989,63019,30
12.9310102463,80.2319107056,63332,63348,16
12.8991003036,80.2279281616,63855,63875,20
12.8792495728,80.2109832764,64380,64400,20
12.8746099472,80.2101364136,64481,64511,30
12.8764600754,80.2269210815,64956,64976,20
12.8998804092,80.2278137207,65309,65329,20
12.9139003754,80.229309082,65581,65602,21
12.9255104065,80.2308807373,65763,65779,16
12.9335403442,80.2326965332,65913,65931,18
12.939499855,80.2355422974,66024,66044,20
12.9471302032,80.2399215698,66155,66175,20
12.950799942,80.2412719727,66276,66296,20
12.9587697983,80.244430542,66478,66498,20
12.9743499756,80.2505187988,66788,66809,21
12.9799203873,80.2525024414,66890,66920,30
12.9813404083,80.242401123,67547,67567,20
12.9813299179,80.2420578003,67577,67597,20
12.9813499451,80.2418289185,67607,67637,30
12.9813098907,80.2415313721,67647,67668,21
12.9813098907,80.2413024902,67668,67688,20
12.981300354,80.2395019531,67920,67940,20
12.9812602997,80.2388916016,67971,67991,20
12.9812202454,80.2375335693,68132,68152,20
12.9812002182,80.236076355,68284,68314,30
12.981180191,80.2343521118,68405,68425,20
12.9805698395,80.2289962769,68698,68718,20
12.9804401398,80.228767395,68728,68744,16
12.9826498032,80.2219085693,69099,69116,17
12.9903697968,80.2204666138,69360,69380,20
12.9999103546,80.2140808105,69612,69629,17
13.0024795532,80.2121887207,69661,69681,20
13.0036001205,80.2119979858,69701,69721,20
13.0136203766,80.2043228149,70125,70145,20
12.9976396561,80.2166137695,71631,71651,20
12.9920902252,80.2192382813,71762,71792,30
12.9907398224,80.2202529907,71823,71843,20
12.9897003174,80.2210998535,71903,71924,21
12.983590126,80.2224578857,72648,72669,21
12.9831495285,80.22215271,72679,72699,20
12.9764099121,80.2219619751,72861,72891,30
12.9816598892,80.2305908203,73073,73093,20
12.9812898636,80.2341537476,73577,73598,21
12.9811697006,80.2350463867,73658,73688,30
12.9813404083,80.2409286499,74172,74192,20
12.9510002136,80.2414779663,75111,75141,30
12.9194297791,80.230178833,75737,75757,20
12.9061698914,80.2282867432,75959,75979,20
12.8979196548,80.2278366089,76141,76157,16
12.8885297775,80.227432251,76260,76280,20
12.8847703934,80.2267837524,76331,76351,20
12.8763799667,80.2264709473,76533,76563,30
12.8782396317,80.2170791626,76694,76710,16
12.879240036,80.2109909058,76875,76905,30
12.8879299164,80.2272262573,77938,77954,16
12.9048204422,80.2280807495,78169,78199,30
12.9368696213,80.2342605591,78653,78669,16
12.9562501907,80.2432632446,78914,78934,20
12.9715900421,80.2498092651,79186,79202,16
12.9841604233,80.2227630615,80003,80019,16
13.0092897415,80.2112426758,80789,80819,30
13.0073099136,80.2381820679,81314,81330,16
12.9989299774,80.2561798096,81726,81746,20
12.9871397018,80.2591400146,20884,20904,20
12.9562196732,80.2552566528,21348,21364,16
12.924200058,80.2511978149,21600,21616,16
12.9272098541,80.2513122559,22468,22484,16
12.9381198883,80.2525787354,22557,22587,30
12.9584197998,80.2554931641,22829,22845,16
12.9695196152,80.2576217651,22989,23009,20
12.9868202209,80.2579727173,23271,23292,21
12.9990501404,80.2560195923,23524,23544,20
13.0044698715,80.2570724487,23615,23631,16
13.0064401627,80.2574005127,23631,23653,22
13.0188102722,80.2653579712,23926,23942,16
13.0326700211,80.2774505615,24187,24207,20
13.0388898849,80.2786712646,24298,24318,20
13.056520462,80.2817687988,24510,24529,19
13.0854101181,80.283782959,25065,25086,21
13.087389946,80.2837677002,25308,25324,16
13.0883998871,80.2822418213,27093,27113,20
13.084690094,80.2891616821,27406,27422,16
13.0577297211,80.282119751,27687,27708,21
13.0436201096,80.2798461914,27930,27960,30
13.0308303833,80.2771911621,28162,28178,16
13.0089597702,80.2592086792,28686,28702,16
12.9852399826,80.2596664429,29280,29300,20
12.9616804123,80.2563171387,29815,29835,20
12.9576797485,80.2554168701,29916,29932,16
12.9501199722,80.2549667358,30015,30045,30
12.9614696503,80.2561569214,30995,31025,30
12.9646196365,80.2565994263,31156,31172,16
12.9697198868,80.2577209473,31235,31265,30
12.9868202209,80.2579727173,31659,31688,29
12.9888296127,80.2558898926,31900,31922,22
13.0041799545,80.2569885254,32285,32315,30
13.0061302185,80.2573471069,32396,32416,20
13.0086297989,80.2589874268,32467,32487,20
13.0164604187,80.2596817017,32578,32598,20
13.0190095901,80.265007019,32749,32765,16
13.0253295898,80.2748413086,33010,33030,20
13.0388402939,80.2786483765,33262,33282,20
13.0495004654,80.2805862427,33464,33480,16
13.0505695343,80.2807617188,33480,33502,22
13.0572595596,80.2819366455,33625,33645,20
13.0631799698,80.2831420898,33715,33736,21
13.0637598038,80.2832565308,33756,33776,20
13.0888500214,80.2901535034,34079,34109,30
13.0865898132,80.2836914063,34273,34293,20
13.0869503021,80.2836914063,34293,34323,30
13.0887699127,80.2891769409,35020,35050,30
13.0888299942,80.2900772095,35070,35090,20
13.0800695419,80.2881393433,35212,35242,30
13.0625600815,80.2831115723,35434,35454,20
13.0502901077,80.2807693481,35627,35647,20
13.0208702087,80.269859314,36171,36192,21
13.0160398483,80.2596511841,36374,36394,20
13.0072803497,80.258682251,36525,36555,30
13.0018501282,80.256652832,36636,36666,30
12.9988298416,80.2560806274,36737,36757,20
12.9954099655,80.255821228,36878,36895,17
12.9887895584,80.2558822632,36977,37007,30
12.9887895584,80.2558822632,37007,37026,19
12.9868001938,80.2597885132,37160,37190,30
12.9765701294,80.2590332031,37463,37483,20
12.9582595825,80.255531311,37806,37824,18
12.950510025,80.2550201416,37897,37917,20
12.9502601624,80.2549362183,37927,37947,20
12.9146299362,80.2504272461,38402,38422,20
12.9214000702,80.2511520386,38785,38815,30
12.9611501694,80.256111145,39520,39542,22
12.9695997238,80.2576675415,39663,39684,21
12.9766197205,80.2590789795,39785,39805,20
12.9766197205,80.2590789795,39805,39821,16
12.9828100204,80.2593231201,40050,40080,30
12.9868602753,80.2579727173,40232,40252,20
12.9868602753,80.2579727173,40252,40268,16
12.9976797104,80.2558898926,40674,40694,20
12.998550415,80.2559509277,40714,40735,21
13.0163402557,80.2595977783,41106,41127,21
13.0252304077,80.2748718262,41482,41504,22
13.054980278,80.2815093994,42020,42036,16
13.0798397064,80.2880935669,42343,42363,20
13.087770462,80.2837219238,42807,42837,30
13.0879898071,80.2836914063,42847,42867,20
13.0883598328,80.2827606201,44106,44136,30
13.0885400772,80.287437439,44278,44298,20
13.088809967,80.2894287109,44359,44379,20
13.0887804031,80.2896194458,44379,44399,20
13.0566997528,80.2819366455,44882,44904,22
13.0346002579,80.2776184082,45237,45257,20
13.0326099396,80.277557373,45318,45338,20
13.0316200256,80.2776184082,45358,45377,19
13.0259799957,80.2752609253,45489,45509,20
12.9999103546,80.2562789917,46174,46194,20
12.998550415,80.2560424805,46224,46244,20
12.998550415,80.2560424805,46244,46260,16
12.9886102676,80.2559127808,46516,46532,16
12.9849796295,80.2596282959,46696,46717,21
12.9626398087,80.2564163208,47161,47177,16
12.9610300064,80.256111145,47177,47199,22
12.9504499435,80.2550201416,47391,47421,30
12.9385795593,80.2527770996,47583,47613,30
12.9187698364,80.2509002686,47815,47835,20
12.9294595718,80.2515106201,48299,48320,21
12.9399003983,80.2527999878,48471,48487,16
12.9869403839,80.2580337524,49230,49260,30
12.987279892,80.2585678101,49291,49311,20
12.9873800278,80.2586212158,64003,64023,20
12.9875602722,80.2565307617,64669,64685,16
12.9961395264,80.2559280396,64889,64909,20
13.0077800751,80.2587432861,65202,65222,20
13.0164403915,80.2597427368,65313,65343,30
13.0265302658,80.2642211914,65586,65606,20
13.0307798386,80.2668304443,65757,65774,17
13.0370903015,80.2664718628,65907,65927,20
13.047249794,80.2663803101,66240,66260,20
13.0662603378,80.2681503296,66997,67017,20
13.0710496902,80.2741394043,67240,67260,20
13.0713396072,80.2742233276,67270,67290,20
13.0820398331,80.2758636475,67694,67710,16
13.0883903503,80.2824478149,67995,68015,20
13.0886001587,80.287437439,68156,68172,16
13.0887498856,80.2890930176,68235,68255,20
13.0888700485,80.2904129028,68337,68367,30
13.0931997299,80.2920074463,68479,68499,20
13.0948801041,80.2925186157,68530,68560,30
13.1064596176,80.2912597656,68792,68812,20
13.1091995239,80.2917175293,68944,68964,20
13.1154403687,80.2927017212,69085,69105,20
13.1256399155,80.2947921753,69287,69307,20
13.1431999207,80.2996368408,69679,69699,20
13.1442403793,80.2968292236,69772,69802,30
13.1504402161,80.2994003296,69913,69933,20
13.1603002548,80.3025894165,70145,70165,20
13.1673698425,80.3041763306,70398,70418,20
13.1789798737,80.3073577881,70660,70690,30
13.1849899292,80.3112792969,70852,70882,30
13.1866998672,80.3078689575,71094,71114,20
13.1894197464,80.3092498779,71165,71181,16
13.1909799576,80.3106918335,71193,71223,30
13.1985702515,80.3127212524,71334,71358,24
13.1863698959,80.3055114746,72863,72879,16
13.1629104614,80.3034515381,73497,73513,16
13.1443500519,80.2969512939,73919,73939,20
13.1082000732,80.2915878296,74656,74686,30
13.0969400406,80.2932281494,74888,74904,16
13.0952301025,80.2926712036,74904,74928,24
13.0943698883,80.2923965454,74958,74988,30
13.085100174,80.2882995605,75170,75186,16
13.0819301605,80.2788085938,75329,75350,21
13.0678796768,80.2711715698,75797,75817,20
13.0543203354,80.2643127441,76100,76116,16
13.0468902588,80.2663497925,76229,76249,20
13.0343198776,80.2680282593,76491,76512,21
13.0252504349,80.2653274536,76734,76754,20
13.007109642,80.2586517334,77037,77057,20
12.9986600876,80.256072998,77259,77279,20
12.9886102676,80.2559509277,77472,77502,30
12.9866199493,80.259262085,77674,77704,30
12.9866600037,80.2587432861,77724,77754,30
13.0974197388,80.2167205811,20838,20858,20
13.0895500183,80.2294692993,21080,21096,16
13.0888204575,80.2309494019,21108,21127,19
13.0765104294,80.2372207642,21493,21514,21
13.0566501617,80.2427062988,22078,22094,16
13.027680397,80.231338501,22691,22707,16
13.0271596909,80.2329101563,22740,22760,20
12.9975404739,80.2559585571,23667,23683,16
12.998840332,80.2559814453,25198,25218,20
13.0065402985,80.2531509399,25369,25389,20
13.0065603256,80.2528915405,25399,25415,16
13.0302801132,80.2307434082,26265,26281,16
13.0348396301,80.2303009033,26353,26375,22
13.0523796082,80.2408981323,26790,26810,20
13.0871696472,80.2345504761,27648,27665,17
13.1005802155,80.214630127,28111,28131,20
13.0912103653,80.2276611328,30410,30430,20
13.0888004303,80.231010437,30501,30521,20
13.0823602676,80.2336807251,30785,30815,30
13.0765199661,80.2372817993,30997,31027,30
13.0785303116,80.250579834,32257,32277,20
13.0770998001,80.2518920898,32640,32660,20
13.0693397522,80.2433166504,32872,32892,20
13.0691404343,80.2425613403,32912,32932,20
13.0678596497,80.2465820313,33063,33083,20
13.0573101044,80.2428131104,33436,33452,16
13.0537500381,80.2422485352,33495,33515,20
13.0453395844,80.2326278687,33868,33888,20
13.033490181,80.2304992676,34160,34181,21
13.024020195,80.2282562256,34705,34722,17
13.0083303452,80.2329483032,35026,35046,20
13.0080404282,80.2345809937,35076,35096,20
13.0070495605,80.2393875122,35167,35187,20
13.0067796707,80.2462463379,35318,35338,20
13.0068702698,80.2494812012,35379,35399,20
13.0068998337,80.2508621216,35429,35459,30
13.0066003799,80.2522583008,36151,36181,30
13.0066995621,80.2484207153,36231,36252,21
13.0066299438,80.2466812134,36282,36312,30
13.0152301788,80.2247467041,36786,36806,20
13.0193195343,80.224281311,36967,36987,20
13.0203199387,80.2249069214,37038,37054,16
13.0241804123,80.2281494141,37308,37338,30
13.02602005,80.2312011719,37429,37449,20
13.0283203125,80.2308807373,37510,37530,20
13.031129837,80.2306365967,37671,37687,16
13.0525798798,80.2413101196,38465,38485,20
13.0541200638,80.2422103882,38516,38546,30
13.0763101578,80.2369537354,39142,39162,20
13.0840902328,80.2339172363,39483,39504,21
13.091460228,80.2272109985,39676,39696,20
13.1003398895,80.2145233154,40059,40089,30
13.0911798477,80.2276611328,41047,41067,20
13.0760602951,80.2338790894,41441,41471,30
13.0764799118,80.2370529175,41522,41552,30
13.0744304657,80.2522735596,41834,41850,16
13.069270134,80.2433166504,41973,41993,20
13.0633802414,80.2438964844,42356,42372,16
13.0626802444,80.2434005737,42445,42475,30
13.0624704361,80.243309021,42475,42505,30
13.0621004105,80.2432327271,42505,42526,21
13.0549602509,80.2424621582,42717,42733,16
13.0453996658,80.2326889038,43119,43139,20
13.0354995728,80.2303771973,43281,43311,30
13.0335597992,80.2304382324,43371,43392,21
13.0297603607,80.2308578491,43462,43482,20
13.0239801407,80.2282714844,43684,43704,20
13.0144395828,80.2262268066,43845,43865,20
13.0082502365,80.2334365845,43976,44006,30
13.0069198608,80.239906311,44118,44138,20
13.006770134,80.2408676147,44159,44179,20
13.0066003799,80.2551422119,44615,44635,20
13.0009698868,80.2565002441,44797,44813,16
13.000120163,80.256362915,44813,44835,22
12.9956798553,80.2670516968,45258,45278,20
12.9961996078,80.2677078247,45309,45329,20
12.99903965,80.2670822144,45379,45395,16
12.9960203171,80.2641296387,45821,45837,16
12.9988803864,80.2559890747,46194,46214,20
13.0066699982,80.2404327393,46758,46778,20
13.015080452,80.2247085571,47111,47131,20
13.0298700333,80.2307128906,47605,47635,30
13.0403604507,80.2402267456,48109,48139,30
13.0445899963,80.2404022217,48240,48270,30
13.044500351,80.2402191162,48270,48290,20
13.0623502731,80.2432479858,48785,48805,20
13.0698699951,80.2420883179,48967,48987,20
13.0742397308,80.2405166626,49067,49084,17
13.0762796402,80.2366790771,49227,49247,20
13.0757198334,80.2340621948,49287,49317,30
13.0826702118,80.2309494019,49489,49505,16
13.0840597153,80.2339172363,49557,49577,20
13.0932502747,80.2253570557,49829,49846,17
13.0972003937,80.2169036865,50009,50028,19
13.0978498459,80.2153015137,50070,50090,20
13.0979099274,80.2151184082,50101,50121,20
13.0979404449,80.2150497437,50121,50141,20
13.100060463,80.2144317627,50282,50312,30
13.0888204575,80.2309494019,51512,51532,20
13.076499939,80.2372283936,51895,51915,20
13.0670995712,80.2430801392,52449,52465,16
13.0568504333,80.2427215576,52911,52927,16
13.0463199615,80.2395477295,53232,53252,20
13.0351800919,80.2303009033,53675,53691,16
13.0079402924,80.2347869873,54372,54388,16
13.0068397522,80.249458313,54622,54642,20
13.0064401627,80.2571105957,55398,55414,16
13.0066604614,80.2487335205,55528,55548,20
13.0066204071,80.2481307983,55588,55611,23
13.007349968,80.2369766235,55795,55815,20
13.0150604248,80.2246017456,56149,56165,16
13.0247602463,80.229057312,56378,56395,17
13.0611095428,80.2430267334,57607,57623,16
13.0656003952,80.243560791,57697,57726,29
13.0699596405,80.2420883179,57848,57868,20
13.076379776,80.2371902466,58130,58151,21
13.0757799149,80.2342987061,58201,58221,20
13.0888299942,80.2305603027,58665,58684,19
13.0933599472,80.2253112793,58796,58812,16
13.0963802338,80.2192230225,58926,58946,20
13.1002197266,80.2145309448,59146,59176,30
13.0985898972,80.2140808105,59760,59781,21
13.0953998566,80.222442627,59942,59962,20
13.0912599564,80.2276229858,60033,60053,20
13.0888595581,80.2308883667,60123,60144,21
13.076499939,80.2372436523,60597,60617,20
13.0692901611,80.2433013916,61122,61142,20
13.0692901611,80.2433013916,61142,61159,17
13.067899704,80.2466125488,61251,61272,21
13.063170433,80.2442932129,61444,61464,20
13.0614795685,80.2431411743,61515,61535,20
13.0536403656,80.2422103882,61736,61757,21
13.0517501831,80.2407226563,61878,61899,21
13.05148983,80.2406234741,61909,61929,20
13.0508899689,80.2405471802,61939,61969,30
13.0239696503,80.2282791138,63368,63389,21
13.01404953,80.2264709473,63590,63618,28
13.0067300797,80.2433776855,64061,64081,20
13.0068702698,80.2494125366,64212,64232,20
13.0066404343,80.2549667358,64313,64333,20
12.9995603561,80.2563095093,64595,64625,30
12.997010231,80.2559814453,64666,64686,20
12.9968795776,80.2570495605,64716,64736,20
12.9961795807,80.2630310059,64857,64873,16
12.9961500168,80.2677307129,64926,64946,20
13.0000200272,80.2667236328,65007,65037,30
12.9987802505,80.2560195923,66061,66081,20
12.9990196228,80.2560882568,66091,66111,20
13.0055599213,80.2573623657,66222,66242,20
13.0065698624,80.2548828125,66404,66424,20
13.0194196701,80.2243804932,68039,68069,30
13.0195703506,80.2244033813,68079,68095,16
13.0217599869,80.2260665894,68139,68159,20
13.0220003128,80.2262496948,68169,68189,20
13.0270996094,80.2311477661,68391,68407,16
13.0340499878,80.2305297852,68712,68732,20
13.0348596573,80.2312164307,68904,68920,16
13.0437297821,80.2409667969,69406,69436,30
13.0461301804,80.239616394,69497,69517,20
13.0622701645,80.2433319092,70021,70041,20
13.0624599457,80.2434005737,70051,70071,20
13.0657596588,80.2435913086,70412,70442,30
13.0686197281,80.2425765991,70523,70543,20
13.0764398575,80.2378234863,70825,70841,16
13.0839700699,80.2339706421,71288,71318,30
13.091340065,80.2273330688,71510,71530,20
13.0979003906,80.2151565552,71812,71832,20
13.0836400986,80.2339477539,73314,73335,21
13.075799942,80.23412323,73516,73532,16
13.0771398544,80.2404403687,73656,73686,30
13.0537004471,80.2423095703,74644,74665,21
13.0468301773,80.2330474854,75089,75105,16
13.0359401703,80.2305603027,75258,75288,30
13.0320396423,80.2306976318,75582,75612,30
13.0200300217,80.224899292,76015,76035,20
13.0143404007,80.2262802124,76136,76156,20
13.0076999664,80.2359771729,76338,76354,16
12.9998998642,80.2563476563,76992,77008,16
12.9972200394,80.2559585571,77069,77092,23
12.9956598282,80.2674789429,78433,78453,20
12.998840332,80.2560195923,78665,78685,20
13.0065097809,80.2553787231,78866,78882,16
13.0112600327,80.223487854,79308,79328,20
13.0285396576,80.2309188843,79691,79707,16
13.0343198776,80.2304077148,79821,79844,23
13.0523900986,80.2408370972,80290,80318,28
13.0757799149,80.2341766357,80872,80893,21
13.0268096924,80.2657165527,2647,2677,30
13.0268697739,80.2657928467,5160,5180,20
13.0269899368,80.2657470703,5190,5211,21
13.0269899368,80.2656326294,5382,5412,30
13.0269002914,80.2657470703,5655,5675,20
13.0270996094,80.2657394409,5715,5735,20
13.0260601044,80.2654876709,5776,5796,20
13.0267801285,80.2657928467,5998,6028,30
13.0267801285,80.2657165527,6028,6058,30
13.0266504288,80.2657623291,6573,6593,20
13.0270595551,80.2654571533,6815,6835,20
13.0271501541,80.2655029297,7078,7108,30
13.0264396667,80.2661895752,8743,8763,20
13.026720047,80.2656478882,17689,17709,20
13.0267601013,80.2657623291,17790,17810,20
13.0267696381,80.2656707764,18709,18729,20
13.0267801285,80.2657165527,19122,19143,21
13.0267896652,80.2657318115,19143,19163,20
13.0268602371,80.2656707764,19688,19708,20
13.0268201828,80.2653579712,20376,20406,30
13.0066699982,80.2520980835,22697,22718,21
13.0067195892,80.2479400635,22788,22818,30
13.0124397278,80.2217025757,23141,23158,17
13.0214700699,80.2258224487,23281,23299,18
13.0338897705,80.230430603,23513,23533,20
13.024140358,80.2284088135,24865,24886,21
13.0200796127,80.2248382568,24956,24976,20
13.0067300797,80.2469177246,25330,25350,20
13.016500473,80.2597122192,25653,25673,20
13.0300598145,80.2666702271,26026,26042,16
13.0345602036,80.268081665,26135,26155,20
13.0288696289,80.266456604,27407,27423,16
13.0066204071,80.246711731,28122,28143,21
13.0074300766,80.2370223999,28274,28294,20
13.0218000412,80.2259979248,28617,28637,20
13.0264501572,80.231300354,28748,28764,16
13.0293998718,80.2308273315,28797,28827,30
13.034819603,80.2303009033,28908,28938,30
13.0341596603,80.2303390503,30460,30490,30
13.0064296722,80.2457122803,34315,34336,21
13.0193500519,80.2243423462,34971,34991,20
13.0208597183,80.2253417969,35062,35083,21
13.0218400955,80.22605896,35163,35183,20
13.0219402313,80.2261199951,35203,35220,17
13.0243597031,80.2284088135,35383,35413,30
13.0245800018,80.2287216187,35434,35454,20
13.034620285,80.2303085327,35736,35766,30
13.0351200104,80.2299194336,35797,35817,20
13.0297603607,80.2307510376,36170,36200,30
13.0275497437,80.2328186035,36301,36321,20
13.0211896896,80.2254562378,36574,36593,19
13.0079698563,80.2348175049,36857,36874,17
13.0068302155,80.250831604,37139,37169,30
13.0164604187,80.2596664429,37460,37480,20
13.0309696198,80.2667236328,37916,37936,20
13.0344896317,80.2682266235,38027,38057,30
13.033490181,80.2678604126,38088,38108,20
13.0331602097,80.2677612305,38128,38148,20
13.0171098709,80.260559082,39491,39521,30
13.0065603256,80.2521362305,39844,39864,20
13.0066204071,80.2410430908,40167,40187,20
13.0197095871,80.2244873047,40661,40681,20
13.0259399414,80.2310333252,40863,40879,16
13.0286302567,80.2309036255,40901,40921,20
13.0349397659,80.2301635742,41063,41083,20
13.0341997147,80.2298736572,41123,41143,20
13.0298595428,80.2308425903,42153,42173,20
13.0232000351,80.2274169922,42465,42481,16
13.01445961,80.2262268066,42585,42605,20
13.0079097748,80.2348709106,42757,42773,16
13.0066604614,80.2461395264,43036,43058,22
13.0066795349,80.2462615967,43058,43088,30
13.0291204453,80.2664413452,43926,43946,20
13.0334300995,80.2677993774,44037,44067,30
13.0345001221,80.2679977417,44087,44117,30
13.0332202911,80.2677307129,44420,44441,21
13.0330200195,80.2677612305,44632,44652,20
13.0332202911,80.2677993774,44743,44763,20
13.0333204269,80.2678222656,44824,44854,30
13.0297002792,80.2666625977,45016,45036,20
13.0253295898,80.2654418945,45127,45147,20
13.0225095749,80.2636413574,45217,45233,16
13.0160903931,80.2597122192,45346,45367,21
13.0143995285,80.2593078613,45397,45415,18
13.0065803528,80.2465591431,46006,46027,21
13.007399559,80.2368164063,46198,46218,20
13.0222196579,80.2263793945,46632,46648,16
13.0288896561,80.2308425903,46792,46813,21
13.0349597931,80.2298202515,46964,46980,16
13.0240697861,80.2284011841,47527,47547,20
13.014380455,80.2261962891,47729,47749,20
13.006649971,80.2431793213,48052,48072,20
13.0068302155,80.2495574951,48183,48213,30
13.0077104568,80.2586288452,48345,48365,20
13.0164499283,80.2597198486,48456,48476,20
13.0229196548,80.2638320923,48637,48656,19
13.0282001495,80.2637634277,48809,48829,20
13.0291900635,80.2660827637,48890,48910,20
13.0291996002,80.266418457,48930,48946,16
13.0345001221,80.2679519653,49079,49099,20
13.0267601013,80.2655487061,49463,49483,20
13.0267601013,80.265663147,50694,50714,20
13.0267095566,80.265586853,51452,51472,20
13.0265302658,80.2654266357,52350,52370,20
13.0291996002,80.2664031982,52713,52733,20
13.029800415,80.2666625977,53056,53076,20
13.0263299942,80.265953064,53137,53157,20
13.0222396851,80.2635574341,53268,53284,16
13.0160799026,80.2596664429,53408,53429,21
13.0065498352,80.2532577515,53721,53741,20
13.0065402985,80.2465820313,53984,54004,20
13.0065603256,80.2417068481,54084,54105,21
13.0067796707,80.2402496338,54135,54151,16
13.0074195862,80.2367630005,54183,54213,30
13.0150499344,80.2246322632,54497,54517,20
13.0154895782,80.2250213623,54527,54548,21
13.0219602585,80.2261581421,54638,54659,21
13.033490181,80.230430603,55325,55345,20
13.0239095688,80.2281188965,55668,55684,16
13.0082397461,80.2335662842,55989,56009,20
13.0068302155,80.2495574951,56342,56362,20
13.0076704025,80.2586364746,56604,56624,20
13.0236301422,80.2641677856,56897,56913,16
13.0264797211,80.2640762329,56966,56986,20
13.0334396362,80.267791748,57198,57218,20
13.0333499908,80.2677307129,57511,57531,20
13.0221595764,80.2634277344,58500,58520,20
13.0161800385,80.2597503662,58671,58691,20
13.0072002411,80.2587280273,58853,58873,20
13.0064897537,80.2532577515,59045,59065,20
13.0065898895,80.2520523071,59146,59166,20
13.0218095779,80.2261505127,60093,60114,21
13.034620285,80.2300415039,60549,60569,20
13.0240297318,80.2283477783,61700,61720,20
13.01679039,80.2253875732,61871,61887,16
13.0141401291,80.2263793945,61920,61940,20
13.034330368,80.2680282593,63381,63401,20
13.0345201492,80.2680206299,63401,63422,21
13.034620285,80.2680587769,63442,63462,20
13.0331802368,80.268081665,63533,63553,20
13.0333099365,80.2677307129,63553,63573,20
13.0215501785,80.2631835938,64966,64996,30
13.0189304352,80.2625198364,65036,65057,21
13.0188798904,80.2621765137,65057,65087,30
13.0065603256,80.2544021606,65713,65733,20
13.0065402985,80.2540817261,65824,65844,20
13.006529808,80.2540817261,65844,65864,20
13.0064897537,80.2528610229,65925,65945,20
13.0062999725,80.2526397705,65975,66005,30
13.0067100525,80.251739502,66005,66025,20
13.0065202713,80.2414016724,66914,66930,16
13.0104904175,80.2253112793,67245,67275,30
13.0261001587,80.2312164307,67780,67800,20
13.0277700424,80.2308425903,67881,67901,20
13.0296802521,80.2314605713,67921,67951,30
13.0307302475,80.2308425903,68686,68706,20
13.0278596878,80.2320404053,68776,68806,30
13.0097703934,80.2281570435,69351,69367,16
13.0073404312,80.2378768921,69643,69663,20
13.0068397522,80.2495193481,70127,70147,20
13.006819725,80.2495574951,70147,70167,20
13.0201101303,80.2626724243,70541,70561,20
13.0265398026,80.2637481689,70773,70789,16
13.033490181,80.2678985596,71001,71023,22
13.0338602066,80.2680282593,71033,71054,21
13.0333299637,80.2675323486,71316,71332,16
13.0252504349,80.2654418945,71506,71526,20
13.0194997787,80.2629776001,71667,71684,17
13.0064697266,80.2533111572,72029,72049,20
13.0063495636,80.2534179688,72049,72069,20
13.0282297134,80.2309570313,73088,73108,20
13.0289497375,80.2308883667,73129,73159,30
13.0292596817,80.2308578491,73169,73189,20
13.0334796906,80.2304763794,73926,73956,30
13.02023983,80.2250823975,74360,74376,16
13.0068502426,80.2496337891,74903,74923,20
13.0067300797,80.2513580322,74953,74974,21
13.0065698624,80.2466430664,77200,77220,20
13.0066204071,80.2407836914,77331,77352,21
13.0112104416,80.2236480713,77604,77620,16
13.0260696411,80.2318191528,77943,77963,20
13.0331001282,80.2305221558,78084,78101,17
13.034330368,80.2304000854,78134,78164,30
13.0345001221,80.2303619385,78174,78194,20
13.034620285,80.2303390503,78194,78214,20
13.0350999832,80.2298965454,78254,78275,21
13.0265102386,80.2661819458,82349,82369,20
13.0198202133,80.2246170044,29339,29355,16
13.0232696533,80.2275009155,29842,29862,20
13.0082702637,80.233543396,30436,30456,20
12.9982099533,80.2488632202,30872,30892,20
12.9926795959,80.250213623,30963,30979,16
12.9884595871,80.2512588501,31254,31284,30
12.9787197113,80.2526397705,31445,31462,17
12.965089798,80.2473983765,31625,31645,20
12.9595003128,80.2448577881,31785,31805,20
12.9516897202,80.2416763306,31956,31973,17
12.947259903,80.2400588989,32106,32136,30
12.9455404282,80.2393798828,32278,32298,20
12.9451999664,80.2391586304,32318,32348,30
12.944729805,80.2386322021,32409,32429,20
12.9441404343,80.2380981445,32449,32469,20
12.9425401688,80.2365875244,32661,32682,21
12.9409399033,80.2361602783,32772,32793,21
12.9403095245,80.2359771729,32863,32883,20
12.9399700165,80.2358398438,32904,32924,20
12.9339895248,80.2330169678,33277,33297,20
12.9293804169,80.2314605713,33489,33510,21
12.9260902405,80.2310180664,33560,33580,20
12.9132995605,80.2292785645,33742,33772,30
12.8987102509,80.2278518677,34267,34297,30
12.8950099945,80.2276535034,34358,34374,16
12.876250267,80.2270126343,34699,34719,20
12.8725996017,80.2267227173,34770,34790,20
12.8503704071,80.2266311646,35042,35063,21
12.8456096649,80.2266235352,35143,35164,21
12.8404598236,80.2275390625,35234,35264,30
12.8315896988,80.2287826538,35487,35507,20
12.8253602982,80.2194900513,35810,35829,19
12.8229598999,80.215927124,35951,35981,30
12.8413600922,80.2271499634,38692,38709,17
12.8456602097,80.2265167236,38781,38802,21
12.8500204086,80.2264633179,38872,38892,20
12.8727302551,80.2265701294,39104,39125,21
12.9067201614,80.2281799316,39872,39888,16
12.9325304031,80.2322616577,40133,40149,16
12.9443101883,80.2380371094,40303,40322,19
12.9485197067,80.2404403687,40363,40384,21
12.9588003159,80.2443618774,40597,40617,20
12.9637899399,80.2468109131,40758,40774,16
13.0066099167,80.2409362793,41465,41495,30
13.0076999664,80.2355422974,41586,41602,16
13.017080307,80.225227356,42776,42792,16
13.0066003799,80.2439498901,43087,43107,20
12.9683599472,80.2488098145,43920,43936,16
12.9564304352,80.2437820435,44221,44241,20
12.9337902069,80.2330093384,44544,44564,20
12.8824396133,80.2267379761,45180,45196,16
12.8399000168,80.2277679443,45612,45632,20
12.8357801437,80.2285003662,45683,45701,18
12.786239624,80.2213668823,47177,47197,20
12.8013000488,80.2235412598,47591,47607,16
12.8054800034,80.2241134644,47660,47690,30
12.8309202194,80.2294006348,47963,47984,21
12.8394603729,80.2276763916,48105,48125,20
12.8457698822,80.2265014648,48216,48236,20
12.939740181,80.2356567383,49409,49430,21
12.9475097656,80.2400588989,49520,49541,21
12.9510097504,80.2413024902,49642,49662,20
12.978509903,80.2523117065,50106,50126,20
12.9794197083,80.252571106,50157,50173,16
13.0064001083,80.24659729,50720,50750,30
13.01060009,80.225189209,51046,51066,20
13.0143899918,80.2262191772,53088,53108,20
13.0113296509,80.2274017334,53159,53175,16
13.0061998367,80.2474365234,53551,53572,21
12.8276395798,80.2194671631,55935,55956,21
12.8227300644,80.2193603516,56340,56360,20
12.8274097443,80.2194137573,56565,56585,20
12.8453998566,80.2265396118,57141,57161,20
12.8751602173,80.2268295288,57504,57521,17
12.9139099121,80.2292709351,58036,58058,22
12.966799736,80.2479705811,58787,58807,20
13.0063199997,80.2468032837,59322,59342,20
13.0143404007,80.2236785889,59717,59733,16
13.0192804337,80.2243118286,59806,59826,20
13.0212202072,80.2256469727,59896,59914,18
13.0198802948,80.2248001099,60511,60531,20
13.0081996918,80.2337265015,60744,60774,30
13.0067195892,80.2459182739,61198,61218,20
12.9788503647,80.2526473999,61784,61804,20
12.9654397964,80.2474975586,61945,61965,20
12.95952034,80.2449111938,62036,62056,20
12.9491901398,80.2408370972,62268,62289,21
12.9327096939,80.2324523926,62511,62527,16
12.9133796692,80.229347229,62659,62680,21
12.8928604126,80.2274780273,63065,63085,20
12.822719574,80.2193069458,64207,64227,20
12.8254995346,80.2195129395,64278,64298,20
12.8256101608,80.2195587158,64308,64330,22
12.8453102112,80.2265930176,65281,65302,21
12.8480901718,80.2265777588,65372,65388,16
12.8761796951,80.2269134521,66006,66026,20
12.9002103806,80.2278518677,66441,66471,30
12.9010095596,80.2279281616,66501,66521,20
12.9350700378,80.2334365845,67036,67065,29
12.9471302032,80.239982605,67267,67287,20
12.9484100342,80.2404785156,67317,67337,20
12.9623498917,80.2461395264,67640,67657,17
12.970290184,80.2494430542,67782,67805,23
13.0063800812,80.2467498779,69222,69242,20
13.0065603256,80.2439422607,69373,69392,19
13.0111303329,80.2238311768,69696,69716,20
13.0150604248,80.2247161865,69858,69878,20
13.0243396759,80.2285766602,72070,72087,17
13.0229997635,80.2273788452,73291,73311,20
13.0143098831,80.2263031006,73534,73554,20
13.0066900253,80.2473831177,73917,73937,20
13.0061597824,80.2474975586,73958,73988,30
12.9803304672,80.2528610229,74372,74392,20
12.9651403427,80.2474899292,74584,74614,30
12.9648895264,80.2473983765,74624,74640,16
12.9565000534,80.2438735962,74843,74864,21
12.9511299133,80.2415771484,75016,75036,20
12.9503803253,80.2413406372,75066,75087,21
12.9501495361,80.2412872314,75097,75117,20
12.9339103699,80.2331085205,75420,75436,16
12.926199913,80.2311019897,75530,75550,20
12.8994598389,80.2279586792,76025,76045,20
12.86095047,80.2266616821,76479,76495,16
12.8454999924,80.2266387939,76669,76689,20
12.8397397995,80.2277526855,76770,76790,20
12.7863702774,80.2204284668,77628,77648,20
12.7861404419,80.2212219238,77679,77699,20
12.7862195969,80.220413208,78032,78052,20
12.8067998886,80.225227356,78355,78371,16
12.8573503494,80.2261962891,78979,79000,21
12.8607702255,80.2264785767,79060,79076,16
12.9025497437,80.2279586792,79604,79624,20
12.9563598633,80.243347168,80371,80391,20
12.9854001999,80.2519683838,80775,80795,20
13.0153799057,80.224899292,81856,81886,30
13.0171203613,80.2251815796,82492,82520,28
13.0066299438,80.2522735596,82945,82961,16
13.029299736,80.2643585205,20306,20322,16
13.0222597122,80.2634887695,20476,20496,20
13.0065202713,80.2576065063,20772,20792,20
13.0124797821,80.2216720581,21388,21418,30
13.0127801895,80.2221298218,21438,21459,21
13.0299301147,80.2307510376,21933,21949,16
13.0335597992,80.2304611206,21982,22002,20
13.034119606,80.2304077148,22012,22032,20
13.0343904495,80.2297363281,22820,22840,20
13.0342597961,80.23021698,23202,23232,30
13.0269498825,80.232963562,23424,23444,20
13.0199899673,80.2248382568,23586,23602,16
13.0082702637,80.2335128784,23806,23826,20
13.0210599899,80.2630462646,26027,26043,16
13.0067396164,80.2405471802,26752,26773,21
13.019200325,80.2244033813,27187,27203,16
13.0243597031,80.228477478,27296,27316,20
13.0293502808,80.2308425903,27437,27457,20
13.0305595398,80.2307281494,27488,27508,20
13.0335197449,80.2304611206,29235,29255,20
13.0298204422,80.2308425903,29326,29346,20
13.0297002792,80.2308578491,29346,29366,20
13.0240097046,80.2283172607,29649,29669,20
13.0208597183,80.225440979,29740,29756,16
13.0070104599,80.2397994995,30225,30255,30
13.0068798065,80.2495193481,30417,30437,20
13.0165395737,80.2597427368,30781,30801,20
13.0298595428,80.2666473389,31741,31771,30
13.0265703201,80.2660217285,31832,31862,30
13.0252399445,80.265296936,31892,31912,20
13.0223197937,80.2634429932,31983,31999,16
13.0161399841,80.2596969604,32132,32152,20
13.0072202682,80.2587127686,32345,32365,20
13.0066003799,80.2465362549,32779,32799,20
13.0066003799,80.2410125732,32910,32940,30
13.0141096115,80.2235412598,33284,33300,16
13.0218801498,80.2260971069,33504,33524,20
13.0242996216,80.2284011841,33777,33797,20
13.0341701508,80.2304077148,34376,34406,30
13.0298995972,80.230796814,34497,34527,30
13.0240497589,80.2283172607,35042,35062,20
13.0231199265,80.2272567749,35133,35149,16
13.0143404007,80.2262496948,35324,35344,20
13.0082902908,80.2333679199,35475,35496,21
13.0066995621,80.2429580688,35698,35718,20
13.0067100525,80.2438964844,35738,35768,30
13.0077495575,80.2586364746,36122,36142,20
13.0126199722,80.2590866089,36223,36239,16
13.0161895752,80.2594833374,36261,36280,19
13.0201597214,80.2625808716,36404,36424,20
13.0230197906,80.2638320923,36474,36494,20
13.0260696411,80.2658004761,36555,36575,20
13.0333595276,80.2677536011,36828,36858,30
13.0344400406,80.2679901123,36909,36929,20
13.025270462,80.2653427124,37664,37684,20
13.0160799026,80.2596817017,37886,37906,20
13.0065498352,80.2521972656,38189,38219,30
13.0197696686,80.2245635986,38936,38953,17
13.0218601227,80.2260971069,38975,38993,18
13.0295801163,80.2307815552,39288,39304,16
13.0297899246,80.2308425903,40236,40256,20
13.0295801163,80.2308578491,40256,40277,21
13.0277996063,80.232208252,40337,40353,16
13.0142402649,80.2263031006,40729,40749,20
13.0068502426,80.2407608032,41002,41022,20
13.0067195892,80.2442626953,41093,41113,20
13.0067195892,80.2445220947,41113,41133,20
13.0229597092,80.2637863159,41648,41668,20
13.0260801315,80.2657623291,41739,41769,30
13.0292301178,80.2664489746,41971,41987,16
13.0335702896,80.2677993774,42080,42100,20
13.0345001221,80.2679595947,42131,42161,30
13.0299196243,80.266746521,43555,43575,20
13.0294399261,80.2666397095,43585,43615,30
13.0252199173,80.2653579712,43747,43767,20
13.0198097229,80.2630004883,43898,43914,16
13.007229805,80.2587585449,44159,44179,20
13.0066900253,80.2577667236,44199,44219,20
13.0065002441,80.2532577515,44300,44330,30
13.0067195892,80.2404785156,44684,44704,20
13.0066900253,80.2403488159,44714,44730,16
13.0074100494,80.2367782593,44763,44783,20
13.0155296326,80.2250366211,45076,45096,20
13.0258102417,80.2306213379,45308,45338,30
13.0329704285,80.2305221558,45500,45516,16
13.0284404755,80.2309188843,46086,46102,16
13.0241203308,80.2284622192,46336,46366,30
13.0205001831,80.2252426147,46437,46453,16
13.0143098831,80.2262802124,46546,46564,18
13.0068397522,80.249458313,47071,47091,20
13.0067596436,80.2512435913,47122,47152,30
13.0065898895,80.2571029663,47253,47283,30
13.0344800949,80.2681808472,48081,48101,20
13.026550293,80.2654418945,49899,49919,20
13.0345401764,80.2679824829,51123,51143,20
13.0299701691,80.2667007446,51303,51323,20
13.0254802704,80.2654724121,51424,51444,20
13.0161504745,80.2597198486,51666,51686,20
13.0144901276,80.2592926025,51717,51733,16
13.0064897537,80.2531661987,51977,51997,20
13.0067100525,80.2514572144,52028,52044,16
13.0067501068,80.2496185303,52044,52065,21
13.0066204071,80.2481536865,52157,52187,30
13.0065803528,80.2464981079,52228,52248,20
13.007399559,80.2368621826,52420,52450,30
13.0106401443,80.2250900269,52591,52611,20
13.014840126,80.2243804932,52743,52759,16
13.0197496414,80.224571228,52832,52862,30
13.024310112,80.2284469604,52973,52993,20
13.0291099548,80.2308273315,53114,53135,21
13.0347099304,80.2303237915,53236,53266,30
13.0270996094,80.2329406738,53853,53873,20
13.0239696503,80.2282714844,53984,54004,20
13.0068101883,80.2491836548,54631,54651,20
13.0277395248,80.2636489868,55278,55294,16
13.0291500092,80.2664108276,55408,55428,20
13.0344495773,80.268157959,55579,55600,21
13.0297803879,80.2667007446,57155,57174,19
13.0159397125,80.2596282959,57519,57535,16
13.0107603073,80.2248382568,58597,58617,20
13.0151100159,80.2247314453,58749,58765,16
13.0196800232,80.2245025635,58827,58848,21
13.0287904739,80.2309188843,59120,59140,20
13.0292301178,80.2308578491,59161,59181,20
13.0340499878,80.2304611206,59312,59342,30
13.0341396332,80.2303466797,61140,61160,20
13.0270795822,80.2329406738,61373,61393,20
13.0248003006,80.2292861938,61484,61504,20
13.0240001678,80.2283096313,61554,61570,16
13.006819725,80.2515182495,62411,62441,30
13.0077199936,80.258682251,62562,62582,20
13.0164604187,80.2597198486,62693,62714,21
13.0171804428,80.2602462769,62734,62750,16
13.0230302811,80.2638778687,62914,62934,20
13.0265197754,80.2639694214,63036,63056,20
13.0307302475,80.2667922974,63248,63264,16
13.0332899094,80.2678375244,63481,63501,20
13.0160799026,80.2596817017,63967,63987,20
13.0065002441,80.2525863647,64371,64401,30
13.0066995621,80.2496337891,65179,65199,20
13.0066995621,80.249168396,65219,65240,21
13.0066299438,80.2469024658,65391,65411,20
13.0065803528,80.2456893921,65553,65573,20
13.0196304321,80.2244873047,66291,66311,20
13.0254602432,80.2299423218,66543,66560,17
13.0335197449,80.2305526733,67431,67451,20
13.0240402222,80.2284317017,67866,67886,20
13.0143203735,80.2263183594,68098,68118,20
13.0079402924,80.2348632813,68310,68340,30
13.0068798065,80.2496185303,68764,68785,21
13.0076999664,80.2587280273,68987,69015,28
13.016409874,80.2597579956,69136,69156,20
13.0229301453,80.2639389038,69338,69358,20
13.0286397934,80.2639465332,69601,69617,16
13.0251998901,80.2654037476,70529,70549,20
13.0160102844,80.2597427368,70751,70771,20
13.0064601898,80.2533187866,71094,71115,21
13.0066099167,80.248336792,71205,71226,21
13.0065803528,80.2468566895,71256,71276,20
13.0156202316,80.2251586914,71963,71983,20
13.0219898224,80.2262496948,72104,72124,20
13.0303602219,80.2307510376,72367,72387,20
13.0346899033,80.2303390503,72498,72528,30
13.0334796906,80.2305831909,73256,73276,20
13.0296697617,80.2309036255,73346,73367,21
13.0239295959,80.2283401489,73629,73649,20
13.0333995819,80.2678833008,75205,75225,20
13.0344200134,80.2682189941,75316,75336,20
13.0066003799,80.2476730347,76437,76457,20
13.0351200104,80.2300186157,77386,77416,30
13.033490181,80.2305374146,77810,77830,20
13.0297803879,80.2308502197,77891,77911,20
13.0261898041,80.2321166992,78032,78053,21
13.0239801407,80.2283172607,78133,78154,21
13.0345497131,80.2680282593,79507,79527,20
13.0262403488,80.2660369873,79729,79749,20
13.0262498856,80.2663726807,80254,80274,20
13.034040451,80.2679824829,81426,81446,20
13.0471801758,80.2662963867,81859,81880,21
13.0707902908,80.2739181519,82496,82516,20
13.0760002136,80.2762832642,82617,82638,21
13.081990242,80.2755203247,82759,82789,30
13.07791996,80.2455368042,84496,84516,20
13.0142202377,80.22605896,21661,21691,30
13.0119895935,80.2204971313,21873,21889,16
12.9224500656,80.1426010132,23922,23943,21
12.922539711,80.1434173584,25335,25355,20
12.9205799103,80.1848983765,25911,25931,20
12.9340000153,80.2038803101,26385,26406,21
12.9762096405,80.2212371826,27033,27062,29
12.9988203049,80.2149963379,27508,27538,30
13.0050697327,80.212562561,27690,27706,16
13.0079202652,80.2130813599,27728,27748,20
13.0155200958,80.224937439,27940,27960,20
13.0345201492,80.2303771973,28314,28344,30
13.0276603699,80.2310714722,30243,30259,16
13.0230503082,80.227432251,30485,30505,20
13.0137796402,80.2264709473,30656,30673,17
13.008099556,80.2133102417,31018,31048,30
12.98320961,80.2221603394,31725,31745,20
12.9709997177,80.2191314697,32079,32099,20
12.9574804306,80.2135772705,32270,32287,17
12.9223203659,80.1631011963,33512,33528,16
12.9230804443,80.1606521606,33540,33560,20
12.9223899841,80.1415176392,33954,33974,20
12.9231595993,80.1208877563,34267,34288,21
12.9232196808,80.1204223633,34308,34338,30
12.9234695435,80.1168289185,34399,34429,30
12.9231300354,80.1253204346,34982,35012,30
12.9224796295,80.1424407959,35254,35270,16
12.9225702286,80.1435012817,35293,35323,30
12.9228200912,80.1514282227,35425,35445,20
12.9233999252,80.1602478027,35577,35597,20
12.9207000732,80.1852493286,35970,35991,21
12.9173002243,80.1923599243,36193,36223,30
12.9171800613,80.1931381226,36243,36263,20
12.9257497787,80.1974334717,36455,36475,20
12.9338903427,80.2038192749,36698,36718,20
12.9395198822,80.2054214478,36819,36839,20
12.9400396347,80.2055435181,36859,36879,20
12.9921398163,80.2190628052,47346,47363,17
13.0143003464,80.2259063721,49638,49659,21
13.0142202377,80.2260665894,49659,49679,20
13.0156698227,80.2253036499,50083,50099,16
13.0257701874,80.2304992676,50273,50291,18
13.0291004181,80.2308502197,50333,50353,20
13.0310297012,80.2307128906,50858,50874,16
13.0230703354,80.2274627686,51119,51139,20
13.0230703354,80.2274627686,51139,51162,23
12.9833402634,80.2222366333,51952,51973,21
12.9832201004,80.2221374512,51973,51993,20
12.9810304642,80.2180175781,56768,56784,16
13.0078296661,80.2130203247,57342,57362,20
13.0225400925,80.2266616821,57665,57681,16
13.0248098373,80.2293319702,59776,59796,20
13.0233097076,80.2275390625,59857,59873,16
13.0100002289,80.2279510498,60158,60178,20
13.0095701218,80.2278137207,60208,60228,20
12.9833202362,80.2222290039,61198,61228,30
12.9710597992,80.2192001343,61501,61521,20
12.9336700439,80.2039489746,61986,62006,20
12.9172697067,80.1913833618,62370,62390,20
12.9233703613,80.1549606323,62886,62902,16
12.9231796265,80.1207122803,63470,63500,30
12.9234399796,80.1170196533,63551,63581,30
12.922539711,80.143661499,64914,64930,16
12.9233798981,80.1545410156,65054,65074,20
12.9171495438,80.1930007935,65579,65609,30
12.9231796265,80.1974411011,65710,65730,20
12.9246797562,80.1975402832,65761,65777,16
12.9294700623,80.2027587891,65900,65920,20
12.9340696335,80.2039413452,65981,66001,20
12.9649801254,80.2165908813,66496,66516,20
12.9888000488,80.2222213745,67134,67150,16
12.99036026,80.2204284668,67163,67183,20
12.9943304062,80.2175369263,67265,67285,20
12.9974803925,80.2162017822,67376,67396,20
13.0036697388,80.212059021,67548,67568,20
13.0152101517,80.2248306274,67992,68008,16
13.0218801498,80.2261428833,68172,68192,20
13.0258398056,80.2306213379,68293,68313,20
13.0259103775,80.2307434082,68313,68333,20
13.0293102264,80.2309188843,69626,69642,16
13.0241804123,80.2285308838,69927,69944,17
13.0083999634,80.2135391235,70622,70643,21
12.9956197739,80.2168502808,70937,70957,20
12.9892501831,80.2216567993,71676,71696,20
12.9891004562,80.221862793,71706,71726,20
12.9881696701,80.2228469849,71879,71899,20
12.9759101868,80.2213668823,72362,72392,30
12.9756298065,80.2211608887,72402,72422,20
12.9710998535,80.2192306519,72503,72524,21
12.9282598495,80.1997680664,73271,73287,16
12.9172000885,80.1913986206,73623,73643,20
12.9202003479,80.1842193604,73744,73774,30
12.9223098755,80.1413803101,74442,74462,20
12.923119545,80.1206436157,74745,74765,20
12.9231595993,80.1205215454,74775,74795,20
12.9232902527,80.120300293,74927,74947,20
12.9236097336,80.1568527222,75634,75650,16
12.9869298935,80.2230300903,77412,77442,30
13.0076999664,80.2129135132,77968,77988,20
13.0291900635,80.230796814,78493,78510,17
13.0337495804,80.2304534912,78572,78593,21
13.0349502563,80.230178833,78673,78694,21
13.027179718,80.2329330444,78926,78956,30
13.0197401047,80.2246932983,79148,79164,16
13.0145902634,80.2260971069,79217,79237,20
12.9980401993,80.2563781738,450,474,24
12.9981803894,80.256362915,842,865,23
12.9975099564,80.2559509277,19131,19150,19
12.9771499634,80.2515106201,19475,19498,23
12.9612798691,80.2456970215,19652,19671,19
12.9410600662,80.2361831665,19925,19944,19
12.8965902328,80.2277526855,20414,20437,23
12.8774995804,80.2207565308,20711,20733,22
12.8747301102,80.2097625732,20927,20947,20
12.8747196198,80.2096176147,20998,21028,30
12.8749198914,80.2098007202,21301,21331,30
12.8787298203,80.2108764648,21429,21444,15
12.8789396286,80.2142105103,21515,21538,23
12.9081897736,80.2284393311,22166,22189,23
12.9799699783,80.2523193359,23140,23160,20
12.9775104523,80.221321106,23705,23725,20
13.007229805,80.2098236084,24311,24327,16
12.9813995361,80.2426986694,26942,26958,16
12.9340496063,80.2330780029,27848,27878,30
12.9327297211,80.2324829102,28312,28332,20
12.9191398621,80.2301177979,28504,28524,20
12.8992204666,80.227897644,28817,28837,20
12.8978796005,80.2277984619,28867,28883,16
12.8926000595,80.2274627686,28925,28945,20
12.8747997284,80.2097625732,29934,29955,21
12.8746299744,80.2097625732,30116,30136,20
12.8746099472,80.2098236084,30136,30156,20
12.876449585,80.2266921997,30591,30611,20
12.8869800568,80.2270736694,30742,30759,17
12.8942604065,80.2275009155,30872,30892,20
12.9028701782,80.2279434204,31114,31134,20
12.9141597748,80.2292785645,31506,31526,20
12.9263095856,80.2309417725,31688,31708,20
12.9339103699,80.2328414917,31819,31839,20
12.9342899323,80.2330093384,31859,31875,16
12.9473495483,80.2399673462,32090,32111,21
12.9507198334,80.2412033081,32201,32222,21
12.9535503387,80.2422485352,32282,32298,16
12.9563703537,80.2433013916,32330,32351,21
12.9565000534,80.2434005737,32361,32390,29
12.9586696625,80.2443313599,32430,32452,22
12.9747800827,80.250541687,32815,32835,20
12.9799203873,80.2522964478,32936,32966,30
12.9812898636,80.2378997803,33178,33208,30
12.9806203842,80.2290115356,33410,33430,20
12.9773397446,80.22265625,33581,33602,21
12.9863996506,80.2229537964,33844,33864,20
12.990480423,80.2203598022,33975,33995,20
13.0075798035,80.2098083496,34520,34540,20
13.0136995316,80.2043762207,34772,34788,16
13.0129003525,80.2079925537,34851,34881,30
13.0095901489,80.2111434937,35123,35143,20
13.0095796585,80.211151123,35143,35173,30
13.0090303421,80.2117996216,35527,35547,20
13.0123300552,80.221282959,35698,35718,20
13.0107002258,80.2273330688,35930,35946,16
12.9877004623,80.2230682373,36433,36454,21
12.983300209,80.2221908569,36534,36555,21
12.9816904068,80.2305297852,37119,37140,21
12.9816198349,80.2335205078,37220,37240,20
12.9812297821,80.2352294922,37271,37287,16
12.9813404083,80.2386398315,37319,37339,20
12.9814300537,80.2425308228,37450,37471,21
12.9644699097,80.2470703125,37874,37890,16
12.9572296143,80.2440414429,38106,38126,20
12.9566402435,80.2438201904,38237,38257,20
12.949259758,80.2408676147,38399,38419,20
12.9296503067,80.2314987183,38772,38802,30
12.901720047,80.2278823853,39417,39438,21
12.8765201569,80.22605896,39922,39938,16
12.8747997284,80.2101669312,40143,40163,20
12.875,80.2101364136,40970,40986,16
12.879240036,80.2110214233,41017,41039,22
12.8764696121,80.226890564,41221,41240,19
12.9396600723,80.2356033325,42137,42157,20
12.9799804688,80.252243042,42762,42783,21
12.9813804626,80.2338562012,43045,43061,16
13.0072097778,80.2097320557,44123,44144,21
13.0078697205,80.209602356,44194,44214,20
13.0108003616,80.2121429443,44729,44759,30
13.0100698471,80.2115020752,44809,44829,20
13.0095796585,80.2113800049,44850,44870,20
13.0095100403,80.2111206055,45124,45144,20
13.00963974,80.2111816406,45174,45195,21
13.0097103119,80.2110977173,45235,45255,20
13.0136203766,80.2230987549,45437,45453,16
13.0100898743,80.2267532349,45596,45615,19
12.9868497849,80.2229690552,46103,46123,20
12.9825897217,80.2219314575,46224,46254,30
12.9781799316,80.2247009277,46496,46512,16
12.9069795609,80.2283630371,48300,48330,30
12.8992795944,80.2278900146,48431,48451,20
12.877579689,80.2106704712,48887,48903,16
12.8745603561,80.2096176147,49238,49268,30
12.8744001389,80.2100372314,49490,49520,30
12.8747301102,80.2097930908,49853,49883,30
12.8746004105,80.2098007202,50307,50327,20
12.8747701645,80.2098388672,50539,50569,30
12.9007301331,80.2279663086,51273,51293,20
12.9064302444,80.2282104492,51375,51404,29
12.9335298538,80.2326889038,51668,51688,20
12.9564199448,80.2433700562,52031,52051,20
12.9670495987,80.2480316162,52192,52213,21
12.9812602997,80.2379074097,52586,52606,20
12.9771003723,80.2225418091,52939,52959,20
13.0075101852,80.2048873901,53806,53823,17
13.0109195709,80.2274780273,54775,54791,16
13.0049495697,80.220451355,54975,54991,16
12.9909296036,80.2202301025,55216,55236,20
12.9872703552,80.2230606079,55317,55337,20
12.9816398621,80.2214508057,55478,55494,16
12.9764299393,80.221862793,55559,55579,20
12.9800395966,80.252281189,56035,56055,20
12.9799499512,80.2524719238,56065,56085,20
12.9636297226,80.2468185425,56297,56317,20
12.8844003677,80.2267532349,57549,57567,18
12.8766002655,80.2269592285,57610,57640,30
12.8743696213,80.2101287842,57872,57892,20
12.8746404648,80.2098388672,58043,58064,21
12.9413795471,80.2360916138,59586,59602,16
12.9505596161,80.2411804199,59738,59761,23
12.9799995422,80.2521514893,60258,60278,20
12.9813098907,80.2380065918,60540,60560,20
12.9852304459,80.2232131958,61125,61141,16
13.0047597885,80.2089996338,61618,61648,30
13.0056200027,80.2093276978,61668,61694,26
13.0058498383,80.2094192505,61694,61714,20
13.0074100494,80.2097091675,61755,61774,19
13.0135402679,80.2044296265,62007,62037,30
13.0103797913,80.2115020752,62249,62269,20
13.0101299286,80.2115097046,62370,62400,30
13.0100603104,80.2115631104,62400,62421,21
13.0098896027,80.21144104,62471,62491,20
13.0096702576,80.2113494873,62996,63026,30
13.0092802048,80.2111282349,63339,63369,30
13.0129299164,80.2223892212,63883,63900,17
12.9972896576,80.216506958,64346,64376,30
12.995639801,80.2167816162,64426,64442,16
12.9876403809,80.2231826782,64617,64637,20
12.9832401276,80.2220001221,64738,64758,20
12.9820804596,80.2320022583,65182,65202,20
12.9816598892,80.2334976196,65353,65373,20
12.9813995361,80.2428436279,65626,65642,16
12.978679657,80.2526931763,65775,65805,30
12.9725599289,80.2500991821,65866,65886,20
12.9631795883,80.2465133667,66037,66053,16
12.951499939,80.2416687012,66277,66298,21
12.9472398758,80.2400817871,66368,66389,21
12.9418001175,80.2363128662,66499,66520,21
12.9400196075,80.2358474731,66520,66540,20
12.8992395401,80.227897644,67529,67550,21
12.8849201202,80.2268066406,67792,67812,20
12.8764696121,80.2270278931,67923,67943,20
12.8764200211,80.2266464233,67953,67983,30
12.8792104721,80.2110595703,68569,68590,21
12.8764295578,80.2268218994,68972,68992,20
12.9022302628,80.2279663086,69376,69396,20
12.9027204514,80.2278823853,69416,69436,20
12.9141101837,80.2294082642,69699,69719,20
12.9266300201,80.2310180664,69931,69947,16
12.9336795807,80.2327880859,70009,70030,21
12.9397096634,80.2356491089,70141,70160,19
12.9511203766,80.2414398193,70443,70463,20
12.9665002823,80.2478485107,70807,70827,20
12.9743995667,80.250579834,70928,70948,20
12.981300354,80.2432098389,71311,71341,30
12.9814300537,80.2337188721,71604,71634,30
12.9805603027,80.2290420532,71795,71815,20
12.980389595,80.2287979126,71825,71842,17
12.9838104248,80.2226104736,72207,72237,30
12.9861001968,80.2229995728,72550,72570,20
12.9979801178,80.2155685425,73004,73020,16
13.0135698318,80.2043228149,73588,73618,30
13.0130195618,80.2095108032,73739,73756,17
13.0096597672,80.2114181519,74494,74514,20
13.0096597672,80.2116317749,74524,74544,20
13.0093097687,80.2111129761,74555,74575,20
13.013010025,80.2227401733,74736,74752,16
13.0089197159,80.2298278809,74906,74927,21
13.006770134,80.2401580811,75051,75071,20
13.0068597794,80.240196228,75071,75091,20
13.0015096664,80.2566986084,75424,75454,30
12.9974403381,80.2570495605,77271,77301,30
12.9976596832,80.2572174072,78738,78768,30
12.9973201752,80.2568969727,80603,80622,19
12.9975795746,80.2567672729,83793,83814,21
12.9975795746,80.2567672729,83814,83831,17
12.9976596832,80.2566223145,83831,83861,30
12.9865198135,80.2353363037,27874,27894,20
12.9909601212,80.2319564819,28471,28491,20
12.9865198135,80.2385864258,28754,28774,20
12.9866399765,80.2333068848,29148,29168,20
12.9900999069,80.2276535034,29320,29340,20
12.9921503067,80.2337188721,29686,29706,20
12.9987802505,80.2392120361,29847,29868,21
13.0056800842,80.2423171997,29989,30009,20
13.0055103302,80.2421417236,30019,30039,20
12.9992103577,80.2393188477,30161,30181,20
12.9918298721,80.2337493896,30353,30373,20
12.9899501801,80.227722168,30747,30768,21
12.9883499146,80.2300415039,30810,30830,20
12.9902200699,80.2275390625,32720,32741,21
12.9908399582,80.2301330566,32781,32801,20
12.9909896851,80.2320327759,32831,32852,21
12.9960403442,80.2359313965,33004,33024,20
12.9908103943,80.2299804688,33864,33884,20
12.986700058,80.2382965088,35230,35250,20
12.9866600037,80.2332992554,35422,35452,30
12.9899702072,80.2276916504,35604,35634,30
12.9865102768,80.2352905273,36969,36999,30
12.9869604111,80.2594833374,20,50,30
12.9877195358,80.2516174316,20412,20432,20
12.9489498138,80.2407531738,20876,20906,30
12.9586200714,80.1503829956,22319,22340,21
12.9485998154,80.1955718994,22804,22825,21
12.9485902786,80.2092437744,22976,22996,20
12.9500703812,80.2331237793,23168,23188,20
12.9665603638,80.2478179932,23534,23554,20
12.9652395248,80.2473983765,25675,25695,20
12.9594802856,80.2448196411,25776,25796,20
12.9519195557,80.2416992188,25897,25917,20
12.9495096207,80.2408676147,25947,25968,21
12.9491596222,80.2394180298,25998,26018,20
12.9531602859,80.1416015625,27179,27199,20
12.9425096512,80.1332473755,27411,27431,20
12.9274196625,80.1186904907,27815,27835,20
12.9263696671,80.1176605225,27876,27896,20
12.9374599457,80.1278610229,29107,29128,21
12.9513902664,80.1400527954,29330,29350,20
12.9543895721,80.159576416,29663,29693,30
12.951259613,80.1747436523,29814,29834,20
12.9486103058,80.1995620728,30198,30218,20
12.9485702515,80.2093734741,30309,30339,30
12.9500598907,80.2331008911,30541,30571,30
12.9499902725,80.2357025146,30612,30631,19
12.950920105,80.241317749,30773,30793,20
12.9786100388,80.2523803711,31298,31318,20
12.9871397018,80.2596588135,32025,32055,30
12.9784898758,80.2525100708,34206,34226,20
12.959400177,80.2447891235,34529,34549,20
12.9517402649,80.2416381836,34691,34721,30
12.9484596252,80.1954193115,35509,35530,21
12.9684000015,80.1495132446,36409,36439,30
12.9692401886,80.1497802734,37247,37277,30
12.9545497894,80.1587982178,37560,37580,20
12.9492702484,80.1839675903,37834,37854,20
12.9491500854,80.2403564453,38651,38672,21
12.9563598633,80.2433624268,38803,38833,30
12.9795799255,80.2525787354,39146,39166,20
12.987830162,80.2546310425,39368,39398,30
12.9872398376,80.2593917847,39469,39499,30
12.9872198105,80.2595291138,39499,39520,21
12.9867200851,80.2595977783,39530,39560,30
12.9871997833,80.2590637207,39772,39792,20
12.9594497681,80.2448883057,40337,40358,21
12.9491901398,80.2393417358,40681,40701,20
12.9496803284,80.2359466553,40741,40761,20
12.9526996613,80.141418457,41934,41954,20
12.9370498657,80.128112793,42236,42257,21
12.9366903305,80.1277923584,42277,42297,20
12.926199913,80.1175003052,42499,42519,20
12.9271602631,80.1181335449,43054,43074,20
12.9589004517,80.2444763184,44932,44952,20
12.9666004181,80.247833252,45108,45128,20
12.9794797897,80.2526168823,45269,45289,20
12.987279892,80.2593917847,45855,45875,20
12.9871997833,80.2591094971,48137,48167,30
12.9638795853,80.2469177246,48734,48754,20
12.9564399719,80.243560791,48875,48895,20
12.9682703018,80.1494979858,50218,50238,20
12.9492998123,80.183883667,50988,51008,20
12.9485902786,80.2092437744,51362,51382,20
12.9500598907,80.233039856,51594,51614,20
12.9491195679,80.2403717041,51735,51755,20
12.9589300156,80.2444534302,51927,51947,20
12.9629402161,80.2463531494,51998,52028,30
12.9666996002,80.247833252,52109,52129,20
12.9872503281,80.2593994141,52714,52735,21
12.9878196716,80.2517700195,54917,54937,20
12.9484701157,80.1955413818,55999,56019,20
12.954369545,80.1590118408,56554,56584,30
12.9528903961,80.141418457,56887,56907,20
12.9511203766,80.1398391724,58866,58886,20
12.9486103058,80.1995391846,59767,59787,20
12.9485902786,80.2093276978,59878,59898,20
12.9670000076,80.2480621338,60716,60736,20
12.9792299271,80.2526016235,60897,60918,21
12.9872999191,80.2595291138,61443,61463,20
12.987859726,80.2518768311,63189,63209,20
12.9801101685,80.2527770996,63361,63391,30
12.9640703201,80.246963501,63623,63644,21
12.9570198059,80.2437591553,63785,63815,30
12.9565200806,80.2435684204,63876,63906,30
12.9491596222,80.2395401001,64098,64118,20
12.9500102997,80.2338485718,64330,64360,30
12.9484500885,80.1988983154,64714,64734,20
12.9484901428,80.195640564,64784,64805,21
12.9491500854,80.1841430664,64986,65006,20
12.9660596848,80.1484832764,65693,65723,30
12.96833992,80.1495437622,65855,65885,30
12.9677495956,80.1493682861,66168,66188,20
12.9545602798,80.1587600708,66501,66521,20
12.9493198395,80.1837997437,66753,66773,20
12.9487304688,80.2072372437,67157,67177,20
12.9499998093,80.2356567383,67662,67692,30
12.949139595,80.2405166626,67763,67783,20
12.9668998718,80.248046875,68076,68096,20
12.9806995392,80.2526931763,68389,68409,20
12.9843196869,80.2523117065,68651,68671,20
12.984629631,80.2522125244,68681,68702,21
12.9853200912,80.2520370483,68742,68762,20
12.9871902466,80.2596435547,69368,69398,30
12.9871997833,80.259147644,69641,69661,20
12.9875001907,80.256072998,69741,69762,21
12.9876003265,80.2516326904,69913,69933,20
12.9808101654,80.2527923584,70034,70054,20
12.9785203934,80.2525863647,70115,70135,20
12.9651203156,80.247428894,70297,70317,20
12.95154953,80.2416915894,70680,70701,21
12.9508895874,80.2414398193,70721,70741,20
12.949379921,80.2382507324,70842,70872,30
12.9499597549,80.2339630127,71003,71024,21
12.9529800415,80.1415405273,72498,72518,20
12.9522399902,80.1410369873,72538,72558,20
12.9515600204,80.1405563354,72589,72609,20
12.9424800873,80.1332778931,72720,72750,30
12.9260597229,80.1174697876,73194,73214,20
12.9287796021,80.1199493408,73588,73608,20
12.9669303894,80.2480621338,75861,75881,20
12.979470253,80.2526626587,76022,76042,20
12.9901800156,80.2276916504,283,303,20
12.9896097183,80.2280273438,1081,1101,20
12.988360405,80.2300567627,1142,1172,30
12.9909200668,80.2334289551,2285,2305,20
13.0022802353,80.2395477295,2548,2568,20
12.9908399582,80.2300567627,3043,3064,21
12.9908895493,80.2299575806,3064,3084,20
12.9982204437,80.2380371094,3266,3296,30
13.0022201538,80.2398376465,5288,5318,30
12.9909896851,80.232131958,5510,5530,20
12.990650177,80.2296066284,5581,5601,20
12.9902000427,80.2276229858,6086,6106,20
12.9904403687,80.2333679199,6945,6966,21
12.991900444,80.2344589233,33757,33787,30
12.988120079,80.2237091064,39482,39512,30
12.9880895615,80.2238998413,61104,61134,30
12.988360405,80.2238388062,75078,75108,30
12.9878997803,80.2238311768,75716,75736,20
13.080619812,80.2883529663,34660,34680,20
13.0722303391,80.28540802,34811,34841,30
13.0136604309,80.240272522,39574,39604,30
13.0271501541,80.2544174194,40120,40140,20
13.0270996094,80.2568817139,40181,40211,30
13.0292797089,80.2659835815,40443,40464,21
13.0412397385,80.2674331665,40909,40929,20
13.0447702408,80.2666625977,40990,41010,20
13.0436000824,80.2743225098,41102,41122,20
13.0506296158,80.2807617188,41348,41368,20
13.0572299957,80.2819366455,41470,41490,20
13.0809001923,80.2883605957,41824,41844,20
13.0810403824,80.2883300781,41844,41874,30
13.0881795883,80.2833633423,42532,42553,21
13.0881595612,80.2832794189,42553,42583,30
13.0817804337,80.2768783569,42886,42906,20
13.081489563,80.2752838135,43068,43088,20
13.0707197189,80.2742462158,43280,43301,21
13.0652303696,80.2676620483,43442,43462,20
13.0266304016,80.2656097412,44473,44494,21
13.0387001038,80.2645187378,45424,45454,30
13.0408401489,80.2646026611,45474,45495,21
13.0415897369,80.2681274414,45586,45606,20
13.0444402695,80.2695236206,45707,45727,20
13.0627498627,80.2831268311,46121,46142,21
13.0885400772,80.2901229858,46505,46526,21
13.0878696442,80.2898864746,46546,46566,20
13.0868902206,80.2839584351,46698,46728,30
13.0886697769,80.2898406982,47243,47264,21
13.0624704361,80.2831420898,47628,47648,20
13.0431995392,80.2773208618,48002,48022,20
13.0432901382,80.2746963501,48062,48083,21
13.0444297791,80.2684707642,48194,48214,20
13.0374898911,80.2676620483,48366,48396,30
13.0342798233,80.2680587769,48487,48517,30
13.0270500183,80.2566986084,48871,48891,20
13.0074596405,80.2367401123,49569,49589,20
13.0113096237,80.2234573364,49842,49862,20
13.0082798004,80.2133712769,50014,50044,30
13.0066795349,80.2097167969,50236,50256,20
13.0128602982,80.2080001831,50499,50519,20
13.0099496841,80.2114562988,50641,50671,30
13.010219574,80.2114105225,50691,50712,21
13.0100002289,80.2283096313,51177,51197,20
13.0075597763,80.2402267456,51358,51379,21
13.0233402252,80.2427597046,51631,51652,21
13.0289697647,80.2492828369,51864,51884,20
13.0272703171,80.2535934448,51975,51995,20
13.0270595551,80.256187439,52046,52066,20
13.0443696976,80.2668228149,52773,52794,21
13.0444498062,80.2689971924,52845,52865,20
13.0436096191,80.2733383179,52915,52936,21
13.0433597565,80.2777404785,53057,53077,20
13.0614204407,80.2828063965,53299,53320,21
13.0760602951,80.2746200562,54877,54897,20
13.0233097076,80.2427902222,61803,61823,20
13.0287799835,80.2456130981,61914,61936,22
13.027130127,80.2560882568,62290,62320,30
13.0404396057,80.2643585205,62947,62977,30
13.0433702469,80.2766723633,63361,63382,21
13.0567502975,80.2818603516,63654,63675,21
13.0747299194,80.2865371704,63998,64019,21
13.0770597458,80.2870864868,64019,64039,20
13.057299614,80.2822418213,66132,66152,20
13.0271100998,80.258682251,67852,67872,20
13.0180997849,80.2410964966,72796,72816,20
12.9884996414,80.2234115601,22771,22791,20
12.9883804321,80.2233428955,25475,25494,19
12.9917898178,80.2336730957,25697,25717,20
12.9992103577,80.2393264771,27362,27382,20
12.9918003082,80.2337493896,27584,27604,20
12.9910001755,80.2317733765,27654,27675,21
12.9883403778,80.2233886719,27846,27876,30
12.9866800308,80.2380905151,28606,28626,20
12.990070343,80.2276687622,28960,28980,20
12.9918298721,80.2337188721,29343,29363,20
12.9992198944,80.2392883301,30583,30604,21
12.9866695404,80.2381515503,32269,32289,20
12.9865198135,80.2353134155,32350,32380,30
12.9900798798,80.2276382446,32612,32642,30
12.9883499146,80.2233428955,32733,32753,20
12.991809845,80.2337112427,34286,34306,20
12.9909696579,80.2318191528,34357,34377,20
12.990240097,80.2276000977,34468,34488,20
12.9939002991,80.2344818115,38533,38553,20
12.9864997864,80.2352905273,39502,39522,20
12.9883298874,80.2233886719,39825,39855,30
12.9909696579,80.2320327759,40047,40068,21
12.991809845,80.2336730957,40098,40128,30
13.0055904388,80.2421112061,41147,41167,20
12.9939403534,80.2345809937,41439,41460,21
12.9918899536,80.233757019,41570,41591,21
12.9866199493,80.2333679199,43135,43155,20
12.9883403778,80.2234191895,43407,43437,30
12.9901800156,80.2275466919,43528,43548,20
12.9917497635,80.2336578369,43690,43720,30
12.9938802719,80.2344818115,43780,43801,21
12.9987201691,80.2392120361,43922,43952,30
13.0059099197,80.2422180176,44123,44143,20
13.0027198792,80.2401885986,44985,45005,20
12.9992198944,80.2393569946,45065,45086,21
12.9962997437,80.2364578247,45166,45186,20
12.9939098358,80.2345504761,45237,45267,30
12.991900444,80.233757019,45328,45358,30
12.9910001755,80.2317581177,45408,45428,20
12.9902095795,80.2275085449,45529,45549,20
12.9882698059,80.229927063,45882,45901,19
12.986530304,80.2332763672,45983,46003,20
12.986410141,80.2351608276,46044,46074,30
12.9864797592,80.2352981567,46911,46941,30
12.9866600037,80.2333068848,47002,47022,20
12.9882802963,80.2301330566,47103,47123,20
12.9907903671,80.230178833,47587,47607,20
12.9909200668,80.2319717407,47647,47668,21
12.9916601181,80.2336196899,47708,47738,30
12.9959402084,80.2359008789,47859,47879,20
12.9992103577,80.2393493652,48585,48606,21
12.9883899689,80.2235794067,49061,49081,20
12.9864902496,80.2353210449,51432,51452,20
12.9900598526,80.2276763916,51634,51654,20
12.9909601212,80.2319793701,51946,51966,20
12.9917898178,80.2336502075,51997,52017,20
12.9938602448,80.2344818115,52067,52087,20
12.9990997314,80.2393035889,53197,53227,30
12.991809845,80.2337265015,53389,53409,20
12.9866104126,80.23802948,53955,53976,21
12.9866399765,80.2333297729,54903,54924,21
12.9901504517,80.2275238037,55247,55269,22
12.9917097092,80.2335891724,55400,55420,20
12.9938001633,80.2343902588,55460,55480,20
12.9986801147,80.2391586304,55591,55612,21
12.9917201996,80.2337722778,57055,57075,20
12.988360405,80.2233581543,57297,57317,20
12.9899301529,80.2277374268,57418,57438,20
12.9865598679,80.2332992554,57559,57579,20
12.9865102768,80.2352523804,57620,57640,20
12.9865102768,80.2353591919,58598,58618,20
12.9882698059,80.2300720215,58729,58749,20
12.9910001755,80.2321166992,59154,59174,20
12.9920797348,80.2337265015,59224,59245,21
12.9938802719,80.2344665527,59285,59305,20
12.9987401962,80.2392120361,59416,59436,20
12.9939603806,80.2345581055,60596,60616,20
12.9901800156,80.2274475098,60808,60838,30
12.9899301529,80.2277297974,61070,61100,30
12.986530304,80.2333221436,61221,61242,21
12.9864797592,80.2351989746,61282,61312,30
12.9902095795,80.2276000977,62594,62624,30
12.9909696579,80.2320785522,62705,62735,30
12.9918403625,80.2337417603,62776,62806,30
12.9987401962,80.2392196655,63018,63038,20
13.0026302338,80.2401275635,64067,64087,20
12.9939203262,80.2345428467,64329,64359,30
12.9917898178,80.2337799072,64410,64440,30
12.9909296036,80.2317886353,64490,64511,21
12.9908103943,80.2300796509,64541,64571,30
12.9901800156,80.2274627686,64622,64642,20
12.9899301529,80.2277679443,64925,64945,20
12.9883003235,80.2300109863,64996,65016,20
12.9865503311,80.2333679199,65097,65117,20
12.9864797592,80.2352828979,65157,65178,21
12.9865198135,80.2353973389,66005,66026,21
12.9866600037,80.2333679199,66066,66086,20
12.9882698059,80.2300720215,66137,66157,20
12.9902601242,80.2279815674,66500,66520,20
12.9908399582,80.23021698,66530,66550,20
12.9909896851,80.2320709229,66580,66601,21
12.9938802719,80.2344970703,66722,66752,30
13.0025196075,80.2401199341,67004,67034,30
12.9939002991,80.2345428467,67881,67902,21
12.9918203354,80.2338027954,67942,67962,20
12.9917097092,80.2338027954,67962,67982,20
12.9881896973,80.2303390503,68467,68487,20
12.9884300232,80.2234573364,69606,69626,20
12.9938602448,80.2345428467,69970,69990,20
13.0024995804,80.2401275635,70196,70216,20
12.9883203506,80.2233886719,71285,71306,21
12.9864501953,80.2353363037,72972,72992,20
12.9883003235,80.2233810425,73253,73275,22
12.9917402267,80.233757019,73457,73487,30
12.9882802963,80.2233886719,75111,75141,30
12.9864196777,80.2352828979,75363,75384,21
12.9883098602,80.2232971191,76847,76868,21
12.9901599884,80.2275466919,76949,76969,20
12.9917402267,80.2336883545,77090,77110,20
12.9901304245,80.2271194458,78485,78505,20
12.9884796143,80.223449707,78586,78606,20
13.0988101959,80.2416763306,22629,22659,30
13.0857801437,80.2503814697,25132,25162,30
13.1196203232,80.1031417847,27904,27925,21
13.1197004318,80.1022491455,27945,27965,20
13.1199598312,80.1020126343,28005,28026,21
13.1256904602,80.1185073853,29086,29107,21
13.1307601929,80.1331787109,29319,29339,20
13.1249599457,80.1428985596,29491,29511,20
13.1197500229,80.1500167847,29682,29703,21
13.1180696487,80.149597168,29783,29804,21
13.1015396118,80.1618423462,30320,30350,30
13.0982198715,80.1806411743,30683,30704,21
13.1010599136,80.2136611938,31421,31451,30
13.0995502472,80.2305374146,31727,31747,20
13.0958299637,80.2415924072,32050,32070,20
13.0936002731,80.2410583496,32131,32151,20
13.0807600021,80.264831543,32838,32858,20
13.0855398178,80.2822799683,33394,33414,20
13.0828304291,80.2786865234,34553,34575,22
13.0822000504,80.2784194946,34585,34606,21
13.0795297623,80.262802124,35030,35050,20
13.0792703629,80.2588195801,35122,35142,20
13.0943002701,80.2411499023,35960,35980,20
13.0989704132,80.2318725586,36273,36294,21
13.0985498428,80.1821517944,37246,37266,20
13.1199598312,80.1024017334,39432,39462,30
13.1194601059,80.1499481201,40190,40210,20
13.110250473,80.1523284912,40412,40432,20
13.0995903015,80.2304382324,42023,42043,20
13.0985803604,80.2341995239,42124,42144,20
13.0859003067,80.2498016357,42579,42600,21
13.0855398178,80.2538223267,42691,42711,20
13.0802097321,80.2623825073,43054,43084,30
13.0808095932,80.2705078125,43208,43228,20
13.0854301453,80.2834014893,43551,43571,20
13.0816001892,80.2759628296,44372,44393,21
13.0795602798,80.2628173828,44655,44675,20
13.1013202667,80.1622161865,46901,46921,20
13.1199302673,80.1019821167,48156,48176,20
13.1198596954,80.1024627686,48308,48328,20
13.1007900238,80.2143783569,50461,50481,20
13.0996599197,80.2297668457,53122,53142,20
13.1004495621,80.2148284912,53398,53428,30
13.1015396118,80.161857605,57102,57132,30
13.0859498978,80.2502365112,58943,58973,30
13.0858001709,80.25025177,58973,58993,20
13.0856199265,80.2539215088,59064,59084,20
13.0795001984,80.2546234131,59226,59256,30
13.080739975,80.2646713257,59428,59458,30
13.0807800293,80.2699584961,59529,59549,20
13.0815095901,80.2734603882,59630,59650,20
13.0815496445,80.273651123,59650,59672,22
13.0828504562,80.2787704468,60846,60866,20
13.0818300247,80.2767333984,60927,60957,30
13.0812797546,80.2730178833,61129,61149,20
13.0790195465,80.2568283081,61482,61503,21
13.0932102203,80.2410583496,62069,62089,20
13.0937404633,80.2411193848,62121,62141,20
13.0940198898,80.2411804199,62141,62171,30
13.0996799469,80.2299118042,62757,62777,20
13.0998802185,80.2161636353,63010,63030,20
13.1000900269,80.2158126831,63040,63060,20
13.1026802063,80.2090377808,63262,63282,20
13.1036300659,80.2034683228,63394,63414,20
13.1033401489,80.2011413574,63484,63505,21
13.0984897614,80.1819000244,63858,63878,20
13.0997495651,80.1697769165,64080,64101,21
13.1075000763,80.1522598267,64434,64455,21
13.1117696762,80.1510772705,64566,64586,20
13.1218204498,80.1479187012,64819,64839,20
13.1308097839,80.1303329468,65182,65203,21
13.1199398041,80.1023788452,65873,65893,20
13.1307897568,80.1309127808,66311,66331,20
13.126950264,80.1406173706,66503,66523,20
13.1193799973,80.1499633789,66725,66745,20
13.1185703278,80.1497573853,66765,66795,30
13.0982198715,80.1808013916,67715,67735,20
13.1035804749,80.2025680542,68240,68260,20
13.080739975,80.2702178955,70126,70146,20
13.0820302963,80.2752685547,70257,70277,20
13.0823698044,80.2815475464,70398,70419,21
13.0818004608,80.2769393921,70944,70974,30
13.081319809,80.2735824585,71095,71116,21
13.0801696777,80.2631607056,71369,71389,20
13.0794801712,80.2628631592,71420,71449,29
13.0797395706,80.2546615601,71642,71662,20
13.0942602158,80.2412490845,72197,72218,21
13.098400116,80.2350006104,72500,72521,21
13.0996999741,80.2297210693,72632,72652,20
13.1001901627,80.215423584,72918,72938,20
13.1033401489,80.2016067505,73301,73322,21
13.0996599197,80.1697921753,73949,73979,30
13.101269722,80.1625213623,74090,74111,21
13.130689621,80.1305618286,75020,75040,20
13.1231899261,80.1106567383,76050,76071,21
13.1311397552,80.1288604736,76307,76327,20
13.0995998383,80.1710128784,77498,77519,21
13.0974597931,80.2418365479,78826,78846,20
13.0801897049,80.2623901367,79452,79482,30
13.0820398331,80.275428772,79684,79704,20
13.0794095993,80.2628631592,80375,80395,20
13.0972499847,80.2420501709,80962,80983,21
12.9870004654,80.259147644,22573,22593,20
13.0203199387,80.2250518799,24224,24244,20
13.0198698044,80.2247924805,24315,24335,20
12.990940094,80.2506637573,24941,24962,21
12.9013595581,80.2280502319,26296,26326,30
12.9012403488,80.2280502319,26326,26347,21
12.8997402191,80.2279281616,26377,26407,30
12.8322000504,80.2291717529,27166,27186,20
12.804980278,80.2240371704,27469,27489,20
12.7865695953,80.2204971313,27742,27762,20
12.7746696472,80.1939163208,29980,30000,20
12.7855997086,80.2200164795,30466,30496,30
12.7859897614,80.220199585,30516,30536,20
12.7964496613,80.2229690552,30718,30738,20
12.8055095673,80.2241134644,30870,30890,20
12.8311100006,80.2293624878,31193,31214,21
12.8458595276,80.2265014648,31416,31436,20
12.8727397919,80.2265930176,31679,31709,30
12.8766202927,80.2268600464,31770,31790,20
12.902879715,80.2279663086,32194,32214,20
12.907119751,80.2282104492,32285,32305,20
12.9140195847,80.2292480469,32376,32396,20
12.9509601593,80.2412796021,33145,33175,30
12.9563503265,80.243270874,33276,33296,20
12.9589004517,80.2444381714,33337,33357,20
12.9629402161,80.2463607788,33417,33438,21
12.9786195755,80.2523498535,33680,33701,21
12.9894304276,80.2509002686,34065,34095,30
13.0064697266,80.2466125488,34317,34337,20
13.0073795319,80.2369766235,34600,34621,21
13.0149803162,80.2246627808,34893,34914,21
13.0203800201,80.2249908447,35075,35096,21
13.0210695267,80.2255401611,35126,35146,20
13.0230102539,80.2272109985,35338,35359,21
13.0239295959,80.2280578613,35409,35429,20
13.0301399231,80.2307434082,35672,35692,20
13.0341396332,80.2304611206,35834,35854,20
13.034239769,80.2300491333,36228,36258,30
13.0299501419,80.230796814,36369,36390,21
13.027879715,80.232711792,36511,36531,20
13.0277500153,80.2327804565,36531,36551,20
13.0234603882,80.2276611328,36865,36895,30
13.0145998001,80.2261581421,37057,37077,20
13.0067396164,80.2454376221,37441,37461,20
12.9800395966,80.2528076172,37977,38007,30
12.9787197113,80.2526168823,38038,38058,20
12.9638204575,80.2469329834,38280,38310,30
12.9570198059,80.2439117432,38422,38442,20
12.8996696472,80.2279281616,39625,39645,20
12.8929395676,80.2274780273,39756,39786,30
12.8765201569,80.2269821167,39989,40009,20
12.7877101898,80.2209320068,41111,41141,30
12.7863197327,80.2203674316,41821,41841,20
12.8852596283,80.2266616821,43175,43195,20
12.9139699936,80.2293014526,43600,43620,20
12.9563503265,80.2434387207,44176,44206,30
12.963139534,80.2464828491,44328,44348,20
12.9877300262,80.2514190674,44954,44975,21
13.0197095871,80.2246398926,45804,45834,30
13.0225000381,80.226600647,45885,45905,20
13.0081796646,80.2337265015,46532,46552,20
12.9867401123,80.2591400146,47795,47816,21
12.9866104126,80.2593688965,52692,52712,20
13.0150203705,80.2245330811,53653,53683,30
13.0230302811,80.2272033691,54038,54058,20
13.0144300461,80.2262191772,54260,54290,30
12.9023599625,80.2280578613,56474,56494,20
12.8992996216,80.2278900146,56555,56575,20
12.8188695908,80.230506897,57586,57606,20
12.8049402237,80.2239990234,57758,57778,20
12.7863702774,80.2203674316,59325,59355,30
12.7896099091,80.2216110229,59416,59436,20
12.8052101135,80.2240371704,59709,59729,20
12.8258895874,80.2313766479,59982,60002,20
12.8309297562,80.2294311523,60073,60093,20
12.8393497467,80.2276916504,60225,60245,20
12.9048900604,80.2281036377,61074,61094,20
12.9264802933,80.23097229,61448,61468,20
12.9630298615,80.2464828491,62085,62105,20
12.9666204453,80.2478485107,62196,62216,20
12.9795103073,80.2526473999,62530,62550,20
12.9896202087,80.2508621216,62853,62873,20
13.0113401413,80.2234191895,63409,63429,20
13.0152196884,80.2247695923,63551,63571,20
13.0196199417,80.2244491577,63662,63682,20
13.0338802338,80.2304611206,65098,65118,20
13.0071001053,80.2393722534,66098,66119,21
13.0061197281,80.2473907471,66280,66301,21
12.9908800125,80.250617981,66503,66523,20
12.978770256,80.2526016235,66857,66877,20
12.9651498795,80.2473831177,67029,67059,30
12.9594202042,80.2447967529,67150,67180,30
12.9516296387,80.2416305542,67342,67362,20
12.9492998123,80.2408828735,67392,67413,21
12.9397802353,80.2357711792,67574,67595,21
12.9338998795,80.2329483032,67676,67706,30
12.9262104034,80.23097229,67797,67827,30
12.9133195877,80.2292480469,67959,67979,20
12.9070596695,80.2283096313,68070,68090,20
12.8847198486,80.2266998291,68525,68545,20
12.8763599396,80.2269363403,68636,68656,20
12.8453998566,80.2265625,69010,69030,20
12.8397302628,80.2277069092,69101,69131,30
12.8322401047,80.2290496826,69212,69232,20
12.8051099777,80.2240371704,69566,69586,20
12.7872896194,80.2207565308,69829,69859,30
12.7867698669,80.2205581665,69869,69890,21
12.7704200745,80.1845703125,70599,70619,20
12.8055400848,80.2241287231,72644,72665,21
12.8394403458,80.2276382446,73150,73180,30
12.9027099609,80.2279510498,74505,74535,30
12.914059639,80.2292480469,74859,74879,20
12.9397201538,80.2356109619,75212,75233,21
12.9586696625,80.2443008423,75516,75536,20
12.9665298462,80.2477722168,75728,75748,20
12.9786195755,80.2523193359,75870,75890,20
12.9896202087,80.250831604,76233,76254,21
13.0065402985,80.2463912964,76456,76486,30
13.0156402588,80.2251205444,76860,76881,21
13.0235004425,80.2278366089,77174,77204,30
13.0198097229,80.2247390747,77275,77295,20
13.0142602921,80.2262878418,77366,77386,20
13.0058898926,80.2473907471,77720,77740,20
12.9868402481,80.2595672607,78205,78225,20
13.0147800446,80.2255935669,241,261,20
13.0234298706,80.2276535034,23575,23595,20
13.0144195557,80.2261962891,24041,24061,20
12.9884004593,80.2512588501,24638,24658,20
12.8277101517,80.2194900513,26886,26906,20
12.8244104385,80.2160186768,27817,27838,21
12.8453397751,80.2265625,28608,28628,20
12.9001703262,80.2278213501,29276,29296,20
12.9025602341,80.2279968262,29357,29377,20
12.9335803986,80.2326889038,29803,29823,20
12.939789772,80.2356567383,29904,29924,20
12.9563598633,80.243347168,30218,30248,30
12.9667396545,80.2479400635,30471,30501,30
12.9785804749,80.2523574829,30644,30664,20
12.9854803085,80.2519607544,30775,30796,21
13.0065402985,80.2464065552,31332,31353,21
13.0066995621,80.2405471802,31444,31464,20
13.0074501038,80.2366409302,31525,31545,20
13.0112895966,80.2235565186,31707,31727,20
13.0193796158,80.2243118286,31950,31980,30
13.0141897202,80.2262802124,33560,33580,20
13.0072002411,80.238861084,33894,33914,20
13.0061597824,80.2473678589,34218,34238,20
12.9981298447,80.2488632202,34339,34359,20
12.9807796478,80.2527236938,35119,35149,30
12.9786100388,80.2525482178,35210,35230,20
12.9638500214,80.2468185425,35412,35432,20
12.9594497681,80.2447662354,35493,35513,20
12.9400997162,80.2358322144,35888,35917,29
12.9259195328,80.2309494019,36131,36151,20
12.9135198593,80.2293167114,36283,36303,20
12.902759552,80.2281112671,36748,36769,21
12.845580101,80.2265930176,37720,37740,20
12.8415298462,80.2271575928,37802,37822,20
12.8404998779,80.2275009155,38005,38025,20
12.8402395248,80.2275924683,38025,38055,30
12.8398895264,80.2277069092,38086,38106,20
12.8397598267,80.2277526855,38116,38136,20
12.7862195969,80.2218093872,39412,39442,30
12.8999300003,80.2278213501,41001,41021,20
12.9052696228,80.2281417847,41153,41183,30
12.9666595459,80.2479019165,42226,42246,20
12.9793796539,80.2526016235,42408,42429,21
13.0194301605,80.2244186401,43451,43481,30
13.0243997574,80.2285614014,43613,43633,20
13.0198802948,80.2247390747,44018,44038,20
13.0068101883,80.2405471802,44392,44413,21
13.0066604614,80.2432327271,44504,44524,20
13.0066604614,80.2459564209,44585,44605,20
12.9653596878,80.2473983765,45435,45455,20
12.9639902115,80.2469100952,45486,45516,30
12.9131803513,80.229309082,46417,46437,20
12.9014596939,80.2279968262,46630,46660,30
12.8453197479,80.2266235352,47288,47308,20
12.8397502899,80.2277679443,47379,47409,30
12.8315000534,80.2286987305,47510,47531,21
12.8277101517,80.2194824219,47713,47733,20
12.8245697021,80.2159881592,47956,47976,20
12.8764200211,80.2268829346,49061,49081,20
12.984919548,80.2521209717,50691,50711,20
12.9854097366,80.2519683838,50721,50742,21
13.0066995621,80.2404327393,51126,51147,21
13.0112800598,80.2236480713,51349,51379,30
13.0195999146,80.2244796753,51541,51562,21
13.0244197845,80.2285385132,51663,51693,30
13.0198802948,80.2247161865,51795,51815,20
13.0141401291,80.2252578735,51997,52017,20
13.0232400894,80.2274627686,53333,53354,21
13.0231304169,80.2273178101,53364,53384,20
12.9069004059,80.228302002,55247,55267,20
12.9011001587,80.2279510498,55328,55358,30
12.8254404068,80.2194671631,56846,56866,20
12.8382797241,80.2280578613,57221,57241,20
12.8388004303,80.2279205322,57282,57312,30
12.8391399384,80.2278137207,57322,57342,20
12.9008398056,80.2279281616,58041,58061,20
12.9626398087,80.2462921143,59084,59114,30
12.9667596817,80.2479934692,59205,59235,30
12.9967603683,80.2491378784,59792,59812,20
13.0194997787,80.2243881226,60845,60865,20
13.0199604034,80.2248001099,61655,61685,30
12.9785404205,80.2525405884,62698,62718,20
12.9564800262,80.2436599731,63033,63053,20
12.8993301392,80.2278900146,63873,63893,20
12.7958803177,80.2229690552,65108,65128,20
12.7869100571,80.2206497192,65250,65270,20
12.786239624,80.2218475342,65341,65371,30
12.8312196732,80.2293624878,67255,67285,30
12.85779953,80.2262268066,67933,67953,20
12.8740501404,80.2267684937,68196,68216,20
12.9055099487,80.2281723022,68884,68905,21
12.9138803482,80.2293395996,69046,69067,21
12.933719635,80.2328872681,69300,69320,20
12.9783496857,80.2523498535,70211,70231,20
12.9797401428,80.2526931763,70261,70282,21
13.005610466,80.2471618652,71061,71091,30
13.0059900284,80.2470626831,71091,71112,21
13.006480217,80.2464981079,71152,71172,20
13.0112895966,80.2234420776,71577,71598,21
13.0156002045,80.2252578735,71719,71739,20
13.0201396942,80.2249221802,71800,71830,30
13.0068798065,80.2400970459,73612,73633,21
12.9642000198,80.2471084595,74535,74565,30
12.939740181,80.2358169556,75142,75162,20
12.9337501526,80.233001709,75233,75254,21
12.8396997452,80.2277984619,76539,76560,21
12.8394403458,80.2276382446,77716,77736,20
12.8500003815,80.2265014648,77888,77908,20
12.9634399414,80.2466583252,79427,79457,30
12.9794998169,80.2526321411,79649,79670,21
13.023440361,80.2276992798,21132,21162,30
12.9879398346,80.2514724731,21759,21779,20
12.7863998413,80.2204666138,23751,23771,20
12.7863903046,80.2203826904,24792,24812,20
12.8395204544,80.2276687622,25389,25409,20
13.0156097412,80.2250595093,28008,28027,19
13.0235795975,80.2278366089,29201,29221,20
12.9565601349,80.2436676025,30909,30930,21
12.9463996887,80.2397766113,31152,31172,20
12.9441699982,80.2380371094,31385,31405,20
12.9427900314,80.2367019653,31506,31536,30
12.9422903061,80.2364501953,31556,31577,21
12.9414596558,80.2362518311,31607,31637,30
12.9329395294,80.2325820923,32820,32841,21
12.9294099808,80.2314605713,32932,32952,20
12.9074602127,80.2283782959,33235,33255,20
12.9023704529,80.2280502319,33336,33366,30
12.8994102478,80.2278823853,33437,33467,30
12.8766002655,80.2269897461,33852,33872,20
12.8229999542,80.2194519043,34802,34822,20
12.8455400467,80.2264709473,35732,35752,20
12.9041595459,80.2279968262,36460,36490,30
12.9853496552,80.2519073486,38118,38138,20
13.0151596069,80.2245864868,38836,38856,20
13.0194501877,80.2243118286,38927,38947,20
13.0082302094,80.2336578369,39786,39807,21
13.0068798065,80.2405319214,40029,40049,20
13.0066299438,80.2439498901,40110,40130,20
13.0060796738,80.2473831177,40221,40241,20
12.9979896545,80.2488937378,40322,40343,21
12.9650001526,80.2474136353,40868,40889,21
12.9635601044,80.2468338013,40919,40949,30
12.959400177,80.2448883057,41000,41020,20
12.7866601944,80.2205963135,43194,43224,30
12.8015098572,80.2236022949,44437,44457,20
12.8314800262,80.2292098999,44791,44811,20
12.9563703537,80.2433319092,46399,46429,30
12.966509819,80.2477798462,46580,46601,21
12.9785604477,80.2523269653,46722,46742,20
12.979590416,80.252571106,46763,46793,30
13.0150403976,80.224609375,47895,47915,20
13.0201301575,80.2247924805,47986,48006,20
13.024310112,80.2283172607,49027,49048,21
13.0144395828,80.2262191772,49492,49513,21
13.0082197189,80.2336807251,49624,49644,20
13.0067396164,80.2459564209,49826,49846,20
13.0061798096,80.2473526001,49877,49907,30
12.9911603928,80.250617981,50089,50109,20
12.9566497803,80.2437591553,50726,50756,30
12.9516496658,80.2416915894,50837,50857,20
12.8453197479,80.2266387939,52192,52212,20
12.7861795425,80.2206726074,52930,52960,30
12.7864303589,80.220451355,53739,53759,20
12.8452796936,80.2265014648,54386,54406,20
12.9073095322,80.2284393311,60533,60563,30
12.8317203522,80.2292480469,61433,61453,20
12.8248996735,80.2159576416,61767,61787,20
12.8227596283,80.2193908691,62802,62832,30
12.8254804611,80.2194671631,62873,62894,21
12.8317804337,80.2291030884,63410,63430,20
12.8453798294,80.2265396118,63693,63723,30
12.8500795364,80.2265090942,63784,63814,30
12.9138898849,80.2293014526,64845,64866,21
12.939330101,80.2354812622,65240,65260,20
12.9666404724,80.2478713989,65725,65745,20
12.9785804749,80.2523727417,65958,65978,20
12.9894800186,80.2509231567,66433,66453,20
13.002579689,80.2476882935,66675,66696,21
13.0027599335,80.2476501465,66696,66716,20
13.0033998489,80.247543335,66787,66817,30
13.0043697357,80.2473907471,66969,66999,30
13.006529808,80.2459182739,67424,67444,20
13.0073404312,80.2370834351,67697,67717,20
13.0157299042,80.225227356,68162,68182,20
13.0193796158,80.2243804932,68253,68283,30
13.0143203735,80.2262802124,68870,68890,20
12.9802999496,80.2528076172,70012,70032,20
12.9784698486,80.252571106,70083,70103,20
12.9651002884,80.2474594116,70277,70297,20
12.9563503265,80.2437591553,70540,70570,30
12.832570076,80.2291412354,72423,72443,20
12.8395004272,80.2276000977,74142,74162,20
12.857919693,80.2262191772,74425,74445,20
12.8999099731,80.2278671265,74961,74991,30
12.9057798386,80.2281570435,75224,75244,20
12.9396600723,80.2356796265,75739,75759,20
12.9872598648,80.2585830688,76872,76892,20
12.9874401093,80.2585678101,26760,26790,30
13.0197401047,80.2245483398,27468,27488,20
13.0068998337,80.2400588989,28409,28430,21
12.963809967,80.2468566895,29168,29189,21
12.9566497803,80.2436294556,29320,29350,30
12.9471797943,80.2400436401,29573,29593,20
12.940779686,80.2360916138,29755,29775,20
12.9347696304,80.2333679199,30838,30858,20
12.9260501862,80.231010437,31152,31172,20
12.9132003784,80.2292785645,31304,31334,30
12.9018096924,80.2280197144,31597,31627,30
12.8851804733,80.2267684937,31911,31931,20
12.8768196106,80.2269821167,32052,32073,21
12.8495597839,80.2266235352,32366,32386,20
12.8446903229,80.2266387939,32477,32498,21
12.8259000778,80.2313919067,32902,32923,21
12.7866096497,80.220451355,33398,33418,20
12.7865495682,80.2204284668,34845,34866,21
12.8394804001,80.2276000977,35746,35766,20
12.9397201538,80.2356719971,37426,37446,20
12.9563703537,80.2433776855,37762,37782,20
12.9585399628,80.2443313599,37812,37832,20
12.9661102295,80.2476501465,37924,37944,20
13.0065803528,80.2463684082,38875,38895,20
13.0198001862,80.2247161865,40028,40049,21
13.0066099167,80.2432785034,40433,40463,30
13.0066299438,80.2439193726,40474,40494,20
13.0067300797,80.2457962036,40544,40565,21
13.0062398911,80.2473373413,40595,40615,20
12.9397201538,80.2357788086,41617,41637,20
12.9338798523,80.2329788208,41708,41728,20
12.9072999954,80.2283935547,42011,42032,21
12.8316802979,80.2292098999,43013,43033,20
12.8275699615,80.2194671631,43236,43256,20
12.8271903992,80.2194595337,43846,43866,20
12.9486999512,80.2405929565,45384,45414,30
12.9563503265,80.2433319092,45536,45566,30
12.9664096832,80.2478027344,45738,45758,20
12.9894304276,80.2509231567,46204,46224,20
13.0198202133,80.224647522,48015,48035,20
12.9786596298,80.2525787354,49120,49140,20
12.9650497437,80.2473220825,49282,49302,20
12.9491796494,80.2408218384,49565,49585,20
12.9132900238,80.2292785645,49990,50010,20
12.9012498856,80.2280197144,50202,50223,21
12.899430275,80.2278671265,50263,50283,20
12.8450403214,80.2266311646,50820,50840,20
12.7870702744,80.2206497192,51589,51609,20
12.786190033,80.2214202881,52682,52712,30
12.7861995697,80.2203826904,52762,52783,21
12.839509964,80.2277526855,53319,53349,30
12.900560379,80.2278366089,53887,53917,30
12.9027004242,80.2279968262,53957,53978,21
12.9511003494,80.2414321899,54585,54605,20
12.9563102722,80.2433700562,54676,54696,20
13.0049200058,80.2473526001,60729,60750,21
13.0051698685,80.2473220825,60760,60780,20
13.0066099167,80.2456588745,60932,60952,20
13.0193395615,80.2243804932,61529,61549,20
13.0142698288,80.2262573242,62278,62298,20
13.0082702637,80.2334594727,62399,62419,20
13.0068702698,80.2406692505,62551,62571,20
13.0061998367,80.2474594116,62733,62753,20
12.9567699432,80.243812561,63654,63684,30
12.9492397308,80.2408828735,63846,63876,30
12.9337701797,80.2329177856,64089,64109,20
12.8991498947,80.2278671265,64625,64645,20
12.8764600754,80.2269897461,64959,64979,20
12.8049602509,80.2240219116,65789,65807,18
12.7861795425,80.2204208374,66933,66953,20
12.8016700745,80.2236785889,67216,67236,20
12.8055801392,80.2242202759,67297,67317,20
12.8261203766,80.2313919067,67580,67600,20
12.8452796936,80.2266387939,68056,68086,30
12.8727502823,80.2266769409,68531,68552,21
12.873840332,80.2267379761,68643,68673,30
12.8767995834,80.2269287109,68896,68916,20
12.8852996826,80.2267379761,68997,69017,20
12.8991603851,80.2278671265,69240,69260,20
12.9030103683,80.2280502319,69331,69351,20
12.9140396118,80.2293777466,69584,69604,20
12.9335098267,80.2327804565,69807,69827,20
12.9399404526,80.2358093262,69908,69928,20
12.947520256,80.2401580811,70009,70029,20
12.9664697647,80.2478713989,70414,70434,20
13.0055704117,80.2472305298,71173,71203,30
13.0064096451,80.2466506958,71274,71294,20
13.007349968,80.2372436523,71608,71628,20
13.0111999512,80.2236862183,71800,71820,20
13.0153102875,80.2249832153,71932,71952,20
13.0193500519,80.2243804932,72043,72073,30
13.0233802795,80.2276687622,72812,72832,20
13.0069799423,80.2395782471,73217,73237,20
13.0061302185,80.247467041,73369,73389,20
12.965089798,80.2474365234,74130,74150,20
12.956489563,80.2437820435,74393,74423,30
12.9514598846,80.2416534424,74504,74534,30
12.9471902847,80.2401275635,74707,74727,20
12.8991804123,80.2279129028,75415,75435,20
12.8924798965,80.2274627686,75506,75526,20
12.8397197723,80.2277297974,76094,76124,30
12.7864103317,80.220451355,76742,76762,20
12.786239624,80.2215194702,77521,77551,30
12.984749794,80.252166748,80101,80121,20
13.0193395615,80.2243423462,81024,81045,21
13.0197296143,80.2246170044,81055,81076,21
13.0217599869,80.2260818481,81116,81136,20
13.0171098709,80.2251815796,82533,82553,20
12.988120079,80.251411438,83110,83130,20
12.8746004105,80.226852417,84435,84456,21
12.8396902084,80.2277374268,84740,84760,20
12.8394603729,80.227722168,86106,86136,30
12.9001703262,80.2279205322,20139,20169,30
12.8997497559,80.227897644,20179,20199,20
12.8848400116,80.2267608643,20311,20331,20
12.7862901688,80.2221374512,21222,21252,30
12.8851003647,80.2266464233,22285,22305,20
12.9007997513,80.2279434204,22447,22467,20
12.9065103531,80.2282104492,22548,22568,20
12.9876298904,80.2513427734,23510,23530,20
13.0143995285,80.2262191772,26315,26335,20
12.9651498795,80.2473220825,27226,27246,20
12.9398603439,80.2358093262,27692,27712,20
12.9339895248,80.233039856,27803,27823,20
12.9335803986,80.2328186035,27884,27904,20
12.9131097794,80.2292861938,28461,28491,30
12.8502397537,80.2266693115,29281,29301,20
12.8315200806,80.2286987305,29595,29615,20
12.8453397751,80.2265472412,32147,32168,21
12.9030399323,80.2279510498,33028,33048,20
12.933380127,80.2326126099,33423,33443,20
12.9357404709,80.2336730957,33484,33504,20
12.9629297256,80.2464370728,34000,34030,30
13.0201301575,80.224861145,35551,35571,20
13.0202999115,80.2249832153,35571,35591,20
13.0236196518,80.2276992798,35824,35844,20
13.0237197876,80.227897644,35976,36006,30
13.0067501068,80.2436904907,36786,36806,20
13.0061397552,80.2473602295,36918,36938,20
12.9471502304,80.2400436401,38183,38203,20
12.9057598114,80.2281799316,38821,38841,20
12.8991098404,80.2278900146,39196,39217,21
12.8398399353,80.2277526855,39956,39976,20
12.7866401672,80.2205276489,40563,40583,20
12.7862796783,80.2218017578,40634,40654,20
12.7865600586,80.2204971313,41464,41484,20
12.9860296249,80.251739502,43662,43682,20
12.9801797867,80.2527770996,46112,46132,20
12.9640102386,80.2469406128,46334,46355,21
12.9564599991,80.2437210083,46476,46496,20
12.8993196487,80.2279281616,47154,47175,21
12.8277196884,80.2195205688,48146,48167,21
12.8273296356,80.2194366455,50850,50880,30
12.9487199783,80.2405776978,52319,52349,30
12.9863100052,80.251701355,52886,52916,30
13.0244197845,80.2285003662,53817,53847,30
13.0198202133,80.2247009277,54414,54435,21
12.8993797302,80.2278366089,56501,56531,30
12.8315296173,80.2288894653,57311,57331,20
12.8451795578,80.2266311646,59036,59056,20
12.845290184,80.2266082764,59056,59076,20
12.8498697281,80.2265930176,59137,59167,30
12.8851995468,80.2266998291,59542,59562,20
12.9026203156,80.2280197144,59866,59886,20
12.9070196152,80.2282791138,60078,60099,21
12.913860321,80.2292785645,60180,60200,20
12.9337797165,80.2328262329,60413,60443,30
12.9398002625,80.235710144,60514,60535,21
12.9475402832,80.2400970459,60616,60636,20
12.9665203094,80.2478637695,60970,60991,21
12.9854898453,80.2519607544,61274,61294,20
12.9894199371,80.2509384155,61517,61537,20
13.0065202713,80.2464981079,61740,61760,20
13.0113601685,80.2234725952,62185,62205,20
13.0156602859,80.2251281738,62327,62347,20
13.0197000504,80.2244796753,62408,62438,30
13.0244398117,80.2285003662,62550,62570,20
13.0199804306,80.2248916626,64090,64110,20
12.9563999176,80.2436904907,65194,65214,20
12.939789772,80.2358016968,65488,65508,20
12.9338703156,80.233001709,65599,65619,20
12.9263000488,80.2310409546,65711,65731,20
12.8993196487,80.2279281616,66136,66166,30
12.884759903,80.2267608643,66348,66369,21
12.876540184,80.2270431519,66460,66480,20
12.8759002686,80.2270507813,66500,66520,20
12.8609800339,80.2266616821,66662,66682,20
12.8323001862,80.2291717529,67037,67057,20
12.7959699631,80.2230224609,67594,67614,20
12.8394498825,80.2277603149,71269,71289,20
12.8452501297,80.2266387939,71522,71542,20
12.8499803543,80.2265777588,71613,71634,21
12.9047603607,80.2281799316,72555,72575,20
12.9337701797,80.2328796387,72970,73000,30
12.9396495819,80.235710144,73091,73112,21
12.9508895874,80.2413711548,73284,73304,20
12.956199646,80.2433776855,73385,73405,20
13.0625,80.2831115723,26375,26395,20
13.0570697784,80.2820129395,26466,26486,20
13.0392398834,80.2789230347,26759,26780,21
13.0310497284,80.2772598267,26932,26952,20
13.0261001587,80.2752609253,27026,27046,20
13.0208702087,80.2698822021,27178,27208,30
13.0160999298,80.2596817017,27390,27411,21
12.9986200333,80.2560424805,27674,27694,20
12.9974298477,80.255859375,27725,27745,20
12.9885997772,80.2558670044,27887,27917,30
12.9565200806,80.243560791,28505,28525,20
12.9516897202,80.2416534424,28586,28606,20
12.9469804764,80.2399520874,28677,28697,20
12.9398403168,80.2358322144,28788,28808,20
12.9311504364,80.2385101318,29234,29264,30
12.9284200668,80.2388381958,29355,29375,20
12.9257202148,80.2381515503,29436,29457,21
12.9282398224,80.2388000488,29507,29527,20
12.9337396622,80.2355804443,29943,29973,30
12.9349803925,80.2354736328,30024,30044,20
12.9473199844,80.239982605,30378,30398,20
12.9589996338,80.244468689,30744,30764,20
12.967040062,80.2480392456,30875,30896,21
12.9786300659,80.2523498535,31017,31037,20
12.9886598587,80.255859375,31726,31746,20
12.9987297058,80.2560424805,31929,31949,20
13.0008201599,80.2563934326,32030,32060,30
13.0164499283,80.2596664429,32405,32425,20
13.0236196518,80.2732696533,32729,32749,20
13.0253601074,80.274887085,32800,32820,20
13.0327796936,80.2774963379,32952,32972,20
13.0389099121,80.278717041,33093,33114,21
13.0631198883,80.2831573486,33458,33478,20
13.0738897324,80.2854537964,33590,33610,20
13.0807304382,80.2882537842,33701,33721,20
13.0852298737,80.2841491699,33985,34005,20
13.0870895386,80.2839508057,34076,34096,20
13.0642004013,80.283493042,35666,35686,20
13.0035400391,80.2568511963,36851,36881,30
12.9990901947,80.2561264038,37013,37033,20
12.9986095428,80.2560272217,37043,37064,21
12.9979600906,80.2559509277,37084,37104,20
12.9863100052,80.2555465698,37347,37367,20
12.9816198349,80.2528381348,37479,37499,20
12.9812698364,80.252746582,37509,37529,20
12.9644203186,80.2470626831,37815,37845,30
12.9398603439,80.2357635498,38453,38473,20
12.9312000275,80.2385177612,38716,38737,21
12.9283895493,80.2388381958,38818,38848,30
12.9256401062,80.2383270264,38909,38929,20
12.9281597137,80.2387466431,39030,39051,21
12.9311800003,80.2384567261,39122,39142,20
12.9357299805,80.2339096069,39324,39344,20
12.9472198486,80.239906311,39506,39527,21
12.9879398346,80.2557830811,40489,40509,20
13.0060195923,80.2572479248,41046,41066,20
13.0253896713,80.274887085,41676,41696,20
13.0852298737,80.2841186523,42830,42851,21
13.0884304047,80.2855224609,44057,44087,30
13.0886602402,80.2883987427,44158,44178,20
13.0886602402,80.2899703979,44300,44320,20
13.0801000595,80.2882232666,44442,44472,30
13.0569400787,80.2819519043,44726,44747,21
13.0337095261,80.277381897,45091,45121,30
13.0327796936,80.2774887085,45142,45162,20
13.0208797455,80.2699203491,45445,45466,21
13.0000200272,80.2563018799,45992,46013,21
12.9987096786,80.2561035156,46043,46063,20
12.9862804413,80.255531311,46347,46367,20
12.9257297516,80.238243103,47552,47572,20
12.9332799911,80.2361679077,47785,47805,20
12.948679924,80.240562439,48119,48149,30
12.9563102722,80.2433395386,48271,48291,20
12.9633102417,80.2465896606,48393,48423,30
12.966629982,80.2478103638,48463,48484,21
12.9848899841,80.2520599365,48828,48858,30
12.9854602814,80.2519073486,48879,48909,30
12.9985303879,80.2560195923,49223,49253,30
12.9989995956,80.2561416626,49263,49284,21
12.9993095398,80.2561569214,49294,49324,30
13.0163202286,80.2596130371,49638,49658,20
13.0326099396,80.2775115967,50175,50195,20
13.0630397797,80.2831802368,50600,50621,21
13.0739898682,80.2856216431,50752,50772,20
13.0854797363,80.283416748,51199,51229,30
13.0824699402,80.2785415649,51401,51422,21
13.076210022,80.2755966187,52314,52329,15
13.0757198334,80.2757873535,52329,52349,20
13.075750351,80.2755966187,52379,52400,21
13.0869398117,80.2839279175,54264,54294,30
13.0882997513,80.2836914063,54507,54527,20
13.0882797241,80.2828521729,54659,54679,20
13.088470459,80.2871780396,54902,54922,20
13.002869606,80.2567901611,56486,56506,20
12.9986095428,80.2560501099,56618,56648,30
12.9805002213,80.2527770996,57124,57144,20
12.9637203217,80.2468032837,57357,57377,20
12.959280014,80.2447662354,57428,57458,30
12.9566297531,80.2436294556,57499,57529,30
12.9284496307,80.2388381958,58289,58319,30
12.9257097244,80.2382125854,58359,58380,21
12.931139946,80.2385101318,58937,58957,20
12.932970047,80.2361831665,59038,59068,30
12.9586801529,80.2443466187,59576,59596,20
12.9670200348,80.2480773926,59758,59778,20
12.9786100388,80.2524032593,59900,59920,20
13.024189949,80.2740478516,61308,61328,20
13.0244998932,80.2744674683,61358,61379,21
13.0249595642,80.2748184204,61429,61449,20
13.0252799988,80.2749404907,61460,61480,20
13.0254201889,80.2758102417,61642,61672,30
13.0393600464,80.2789611816,62442,62472,30
13.0572395325,80.2819900513,62746,62766,20
13.0802602768,80.2882232666,65076,65097,21
13.0649204254,80.2837677002,65289,65309,20
13.0577602386,80.2821273804,65441,65471,30
13.0450496674,80.2800827026,65664,65684,20
13.0449304581,80.2800674438,65684,65704,20
13.0438098907,80.2799072266,65735,65755,20
13.0309400558,80.2772827148,65968,65988,20
13.0262002945,80.2753372192,66059,66079,20
13.0160102844,80.2596969604,66433,66454,21
13.0016698837,80.2566299438,66831,66861,30
12.99862957,80.2561416626,66932,66962,30
12.9975595474,80.2559967041,66993,67023,30
12.9890403748,80.2559967041,67175,67205,30
12.9860897064,80.255569458,67337,67357,20
12.9846696854,80.2552108765,67388,67418,30
12.9595098495,80.2449111938,67793,67813,20
12.9398298264,80.2358932495,68157,68177,20
12.932849884,80.2367172241,68410,68431,21
12.9310903549,80.2385482788,68502,68532,30
12.9283399582,80.2388763428,68654,68684,30
12.925860405,80.2382736206,68735,68755,20
12.9310703278,80.2385635376,69231,69261,30
12.9331197739,80.2362213135,69383,69413,30
12.9356803894,80.2340316772,69545,69575,30
12.9394302368,80.2355804443,69626,69646,20
13.0053596497,80.2573165894,71360,71380,20
13.0257396698,80.2751617432,71886,71907,21
13.0572595596,80.282043457,72484,72504,20
13.0871200562,80.2839813232,73416,73436,20
13.0881204605,80.2836074829,74540,74560,20
13.088350296,80.282371521,74672,74692,20
13.0625495911,80.2831802368,75259,75280,21
13.0391197205,80.2789230347,75614,75634,20
12.9651403427,80.2473602295,77255,77276,21
12.9284601212,80.2388763428,78056,78076,20
12.9254798889,80.238067627,78157,78177,20
12.9357595444,80.2338867188,78592,78613,21
12.9487199783,80.2405776978,78775,78805,30
13.0238800049,80.2737197876,80456,80486,30
13.043129921,80.2795791626,80810,80831,21
13.0824203491,80.2785873413,81632,81662,30
13.0150995255,80.225189209,23828,23849,21
13.0243902206,80.2284011841,23991,24011,20
13.0199298859,80.2248001099,24305,24335,30
12.9133701324,80.229347229,25784,25805,21
12.8453397751,80.2264633179,28038,28058,20
12.86054039,80.2264480591,28251,28271,20
12.8766202927,80.226852417,28464,28484,20
12.885219574,80.2266311646,28585,28606,21
12.9028701782,80.2279434204,28879,28900,21
12.9138202667,80.2292404175,29052,29072,20
12.9336004257,80.2326583862,29325,29345,20
12.9394598007,80.2354125977,29447,29467,20
12.9470396042,80.2398071289,29568,29589,21
12.9784097672,80.2522125244,30176,30197,21
12.9896602631,80.250831604,30594,30614,20
13.015540123,80.2248764038,31222,31243,21
13.019490242,80.2242965698,31293,31314,21
13.0143699646,80.2262496948,32884,32905,21
13.0083503723,80.233291626,33097,33118,21
12.9909801483,80.2506713867,33624,33645,21
12.9806003571,80.2527389526,34364,34394,30
12.9650001526,80.2473907471,34607,34628,21
12.9594802856,80.2449417114,34699,34719,20
12.9565095901,80.2437820435,34780,34810,30
12.9314203262,80.2321014404,35266,35296,30
12.913310051,80.2293167114,35600,35621,21
12.8989801407,80.2279205322,36127,36148,21
12.8500404358,80.2267227173,36837,36857,20
12.8452596664,80.2266998291,36938,36958,20
12.840379715,80.2275238037,37029,37050,21
12.8400602341,80.2276000977,37070,37090,20
12.7863798141,80.2204589844,37719,37739,20
12.7864398956,80.2203979492,38481,38501,20
12.8453798294,80.2265319824,39281,39302,21
12.8996801376,80.2277374268,39839,39859,20
12.9000997543,80.2277679443,39980,40001,21
12.9398202896,80.2356414795,40548,40568,20
12.9486398697,80.2404327393,40670,40690,20
13.0067300797,80.2404327393,41879,41909,30
13.013999939,80.2232284546,42213,42233,20
13.0082302094,80.2334976196,43541,43561,20
13.0068998337,80.2399368286,43642,43672,30
13.0069103241,80.2401275635,43682,43703,21
13.0061998367,80.247467041,43865,43885,20
12.9981298447,80.248916626,43976,43997,21
12.9637899399,80.2469100952,44767,44787,20
12.9569501877,80.2438583374,44909,44939,30
12.9567604065,80.2437820435,44949,44970,21
12.8996601105,80.2279815674,45861,45882,21
12.8275003433,80.2194900513,46794,46824,30
12.8453197479,80.2264709473,47810,47840,30
12.8727302551,80.2265625,48104,48124,20
12.9003801346,80.2277374268,48408,48438,30
12.9021596909,80.2278900146,48479,48499,20
12.9486999512,80.2404937744,49057,49087,30
13.0200996399,80.2248001099,50709,50730,21
13.0141801834,80.2259979248,50983,51003,20
12.9567499161,80.243888855,57044,57064,20
12.9397602081,80.2358627319,57348,57368,20
12.8996200562,80.2280426025,57895,57915,20
12.822810173,80.2160415649,59488,59508,20
12.8254404068,80.2194137573,59613,59633,20
12.8262195587,80.2194213867,59643,59663,20
12.8275203705,80.2194290161,59734,59754,20
12.9026098251,80.2279434204,60821,60841,20
12.9471797943,80.2398986816,61450,61470,20
12.9562797546,80.243270874,61642,61663,21
12.9858703613,80.2517471313,62433,62453,20
13.0106401443,80.2251205444,63183,63203,20
13.0241603851,80.2281417847,63619,63639,20
13.0233802795,80.2276611328,63781,63811,30
13.0062103271,80.247428894,64490,64510,20
12.9790000916,80.2527389526,65129,65149,20
12.9655895233,80.2476196289,65321,65341,20
12.9645204544,80.2472229004,65372,65402,30
12.9566898346,80.2438964844,65554,65574,20
12.9288797379,80.2314376831,66041,66061,20
12.8610401154,80.2266998291,67168,67188,20
12.7867202759,80.2206878662,68213,68234,21
12.7864999771,80.2205810547,68254,68284,30
12.7862901688,80.2217407227,68335,68355,20
12.7864904404,80.220489502,69379,69399,20
12.830789566,80.2294921875,69987,70007,20
12.8392601013,80.227722168,70200,70220,20
12.8450403214,80.2265701294,70331,70352,21
12.8753900528,80.2268600464,70828,70858,30
12.8755998611,80.226890564,70869,70889,20
12.948679924,80.240562439,72064,72085,21
12.9661598206,80.2476425171,72368,72389,21
12.9892702103,80.2509078979,72764,72794,30
13.006310463,80.2467575073,73027,73047,20
13.0073404312,80.2368392944,73199,73220,21
13.0082302094,80.2335281372,74446,74466,20
13.0066795349,80.2473983765,74659,74689,30
12.9509096146,80.2415618896,75642,75672,30
12.9338502884,80.2330474854,75946,75966,20
12.9134197235,80.2293930054,76179,76199,20
12.8995599747,80.2279815674,76594,76615,21
12.8455696106,80.2266464233,77247,77267,20
12.9855699539,80.2518920898,80293,80314,21
12.9857597351,80.2518234253,80314,80344,30
12.9862098694,80.251701355,80385,80405,20
13.0123996735,80.2215576172,21815,21845,30
13.012960434,80.2222518921,21876,21906,30
13.0138502121,80.223197937,21987,22017,30
13.0141601563,80.2234573364,22017,22037,20
13.0242795944,80.2283325195,22159,22179,20
12.9198598862,80.2301864624,23827,23847,20
12.7862796783,80.2216186523,25304,25324,20
12.9070997238,80.2282562256,27255,27275,20
12.9397802353,80.2357025146,27660,27680,20
12.9666500092,80.247833252,28095,28115,20
12.9892196655,80.2509918213,28479,28499,20
12.9963998795,80.2491607666,28570,28590,20
13.0196304321,80.2244186401,29197,29217,20
13.0242395401,80.2282333374,29975,29996,21
13.0067501068,80.2466278076,31251,31271,20
13.0059404373,80.247467041,31311,31332,21
12.9594202042,80.2448272705,32252,32272,20
12.9565401077,80.2436981201,32323,32343,20
12.9443998337,80.2382507324,33111,33131,20
12.9441995621,80.2380981445,33142,33162,20
12.94328022,80.2370986938,33212,33233,21
12.942029953,80.2364196777,33273,33293,20
12.9363803864,80.2341766357,33617,33637,20
12.9663696289,80.2477111816,34436,34456,20
12.9975404739,80.2558288574,35690,35710,20
12.9977502823,80.2559890747,35761,35781,20
12.9566297531,80.243812561,42286,42306,20
12.9068002701,80.2284011841,42954,42984,30
12.8454704285,80.2266387939,43621,43641,20
12.8323202133,80.2291564941,43793,43813,20
12.7862501144,80.2218475342,44693,44713,20
12.8309602737,80.2293701172,45310,45330,20
12.9062900543,80.2281494141,46159,46179,20
13.0063400269,80.2467498779,47858,47878,20
13.0074701309,80.2364807129,47989,48009,20
13.0155200958,80.2249832153,48252,48272,20
13.0200099945,80.2247695923,48344,48364,20
13.0242795944,80.2283782959,49355,49375,20
13.0144195557,80.2262191772,50124,50154,30
13.005979538,80.2474899292,50569,50589,20
12.9566602707,80.2437820435,51298,51318,20
12.9471197128,80.240020752,51510,51530,20
12.9338302612,80.232963562,51682,51702,20
12.8996400833,80.2279129028,52086,52107,21
12.8763799667,80.2270126343,52349,52369,20
12.845199585,80.2265472412,54603,54623,20
12.9024000168,80.2279129028,55200,55220,20
12.9138498306,80.2292633057,55402,55422,20
12.9562597275,80.243270874,55968,55998,30
12.9873600006,80.2514419556,56676,56696,20
13.0151500702,80.2247161865,57415,57435,20
13.0192203522,80.224281311,57486,57506,20
13.0061302185,80.2473983765,59552,59572,20
12.9634504318,80.2467727661,60472,60502,30
12.786649704,80.2205200195,62747,62767,20
12.7862796783,80.2216491699,64911,64931,20
12.7862100601,80.2204589844,64972,65002,30
12.8309898376,80.2294235229,65528,65548,20
12.845410347,80.2265701294,65801,65821,20
12.8760204315,80.2268981934,66500,66520,20
12.8986902237,80.2277374268,66783,66813,30
12.9056396484,80.2281570435,66985,67015,30
12.9395399094,80.2355804443,67501,67521,20
12.9809103012,80.2526931763,68381,68401,20
12.982000351,80.2526397705,68421,68441,20
13.0064001083,80.2466430664,69503,69523,20
13.0073795319,80.2368164063,69857,69877,20
13.0201702118,80.2249221802,70231,70251,20
13.0082302094,80.2335205078,70807,70828,21
12.9911003113,80.2506484985,71374,71394,20
12.9886798859,80.2512817383,71434,71454,20
12.9504203796,80.241317749,72476,72506,30
12.8450498581,80.2266769409,73821,73841,20
12.8270998001,80.2194137573,74630,74650,20
12.831410408,80.2281188965,75125,75145,20
12.8383102417,80.2280731201,75337,75358,21
12.838470459,80.2280197144,75368,75388,20
12.8386001587,80.2279815674,75388,75408,20
12.9025697708,80.2279891968,76167,76187,20
12.9958400726,80.2558822632,77754,77784,30
13.0142202377,80.2259674072,21158,21188,30
13.0141601563,80.2264175415,21229,21259,30
12.9880104065,80.2513809204,21765,21785,20
12.9009504318,80.2279968262,22685,22705,20
12.7862997055,80.2203292847,24364,24394,30
12.8395395279,80.2277526855,25021,25041,20
12.8454198837,80.2265319824,25102,25122,20
12.9564304352,80.2433624268,26457,26477,20
13.0066795349,80.2406768799,27195,27216,21
13.0061903,80.2474136353,28277,28298,21
12.9788198471,80.2526473999,28722,28743,21
12.951789856,80.2417221069,29187,29208,21
12.9472103119,80.2400588989,29278,29299,21
12.9400196075,80.2359008789,29400,29420,20
12.9382400513,80.2350234985,29562,29582,20
12.9350299835,80.2335891724,30199,30229,30
12.9342498779,80.2331924438,30320,30350,30
12.933719635,80.2329406738,30401,30421,20
12.9261598587,80.2310409546,30745,30775,30
12.9130496979,80.229309082,30917,30937,20
12.9022798538,80.2280883789,31129,31159,30
12.8763599396,80.2269973755,31625,31655,30
12.8508501053,80.2266387939,32019,32039,20
12.8310604095,80.2265014648,32595,32616,21
12.8250799179,80.2195281982,32909,32929,20
12.8229598999,80.2194595337,32959,32980,21
12.8317098618,80.2289581299,34843,34864,21
12.9052696228,80.2280578613,35996,36016,20
12.9139900208,80.2292175293,36259,36279,20
12.9287004471,80.2311782837,36451,36471,20
12.9668798447,80.2479324341,37220,37240,20
12.9894399643,80.2508468628,38089,38110,21
13.0073795319,80.2368392944,38514,38534,20
13.0114402771,80.2232208252,38696,38726,30
13.0195598602,80.2243804932,38919,38949,30
13.0242795944,80.2282867432,39101,39121,20
13.0233001709,80.2275619507,39171,39192,21
13.0061903,80.2473373413,39758,39778,20
12.9359197617,80.2339096069,41022,41042,20
12.9338302612,80.2329864502,41072,41093,21
12.899310112,80.2279129028,41487,41507,20
12.8764600754,80.2270202637,41800,41821,21
12.8453397751,80.2266693115,42195,42215,20
12.8397397995,80.2276916504,42286,42306,20
12.831990242,80.2292175293,42397,42417,20
12.7861995697,80.2215881348,43024,43054,30
12.9564199448,80.2433013916,45633,45663,30
12.9632797241,80.2465286255,45764,45785,21
13.0066003799,80.2405395508,46664,46684,20
13.0195198059,80.2244262695,47119,47140,21
13.0108003616,80.2246704102,49516,49536,20
13.0197000504,80.2244796753,49799,49819,20
13.0069503784,80.2400131226,50537,50558,21
12.9887199402,80.2512283325,50911,50932,21
12.9564599991,80.2437286377,51427,51457,30
12.9069499969,80.2282867432,52003,52024,21
12.8456001282,80.2265014648,54037,54057,20
13.0110197067,80.2242965698,56595,56615,20
13.0201396942,80.2248001099,56818,56838,20
13.0235204697,80.2278213501,57101,57131,30
12.9491701126,80.2408828735,59336,59356,20
12.9173202515,80.2298583984,59730,59760,30
12.8993797302,80.2279205322,60337,60357,20
12.786190033,80.2206268311,61985,62015,30
12.7866401672,80.2205123901,62035,62056,21
12.8392801285,80.227722168,62633,62653,20
12.8500499725,80.2265472412,62805,62825,20
13.0025196075,80.2476730347,65596,65616,20
13.0035200119,80.2474822998,65849,65879,30
13.0037002563,80.247467041,65879,65909,30
13.0056495667,80.2471694946,66233,66263,30
13.0064601898,80.2465286255,66395,66415,20
13.0066003799,80.2455978394,66496,66516,20
13.0065698624,80.2449264526,66526,66546,20
13.0065803528,80.2409286499,66618,66639,21
13.0106496811,80.2250289917,67013,67033,20
12.9068403244,80.2283325195,21442,21462,20
12.845459938,80.2265396118,22787,22807,20
12.9030199051,80.2279815674,23333,23353,20
12.9488401413,80.2406082153,23879,23899,20
12.979809761,80.2526702881,24264,24284,20
13.0156097412,80.2250900269,24921,24941,20
13.0194597244,80.224357605,24982,25012,30
13.0244102478,80.2283782959,25103,25133,30
13.0201301575,80.2248764038,25487,25508,21
13.0142803192,80.2262420654,25599,25619,20
12.8609895706,80.2266235352,28239,28259,20
12.8325500488,80.2291183472,28653,28673,20
12.804980278,80.2240066528,28926,28947,21
12.7865495682,80.2204589844,29220,29240,20
12.786740303,80.2204666138,31081,31101,20
12.8311300278,80.2293319702,31718,31738,20
12.8394002914,80.2276306152,31839,31860,21
12.8454799652,80.2265319824,31930,31951,21
13.0156097412,80.2250595093,35268,35288,20
13.0208501816,80.2253570557,35541,35561,20
13.0219802856,80.2261886597,35602,35632,30
13.023900032,80.2279129028,35753,35774,21
13.0234804153,80.2276382446,35976,36006,30
13.0067100525,80.2440032959,36674,36694,20
13.0067501068,80.2462005615,36744,36765,21
13.0061597824,80.2473907471,36805,36825,20
12.9982204437,80.2488632202,36916,36937,21
12.9908399582,80.2505569458,37210,37240,30
12.9815998077,80.2527084351,37402,37422,20
12.9649000168,80.2472686768,37725,37746,21
12.9339504242,80.233001709,38373,38393,20
12.9134702682,80.2293014526,38605,38626,21
12.9056301117,80.228187561,38818,38838,20
12.8314800262,80.2286376953,40041,40062,21
12.9487304688,80.240562439,42652,42682,30
12.9563598633,80.2433319092,42834,42854,20
12.9798603058,80.2526397705,43228,43258,30
13.0064201355,80.2466812134,43744,43764,20
13.0244102478,80.2284698486,44381,44411,30
13.0061998367,80.2473602295,45261,45281,20
12.9338197708,80.2329483032,46555,46576,21
12.9068002701,80.228302002,46849,46879,30
12.8994197845,80.2278900146,46970,46990,20
12.8398399353,80.2276382446,47617,47637,20
12.8275499344,80.2194671631,47931,47951,20
12.8244304657,80.2159576416,48133,48153,20
12.9059095383,80.2282028198,51199,51219,20
12.9563703537,80.2433166504,51735,51755,20
13.0150499344,80.2252578735,52941,52961,20
13.0194997787,80.224357605,53022,53042,20
13.0197000504,80.2244720459,53052,53073,21
13.0243997574,80.228477478,53174,53204,30
13.0066204071,80.2449188232,53992,54013,21
12.9398603439,80.2357788086,54944,54964,20
12.8995399475,80.2278366089,55409,55429,20
12.7895097733,80.2216262817,59345,59365,20
12.8308496475,80.2294769287,59972,59992,20
12.9028701782,80.228012085,60781,60801,20
12.9482002258,80.2403793335,61398,61428,30
12.9487199783,80.2405471802,61449,61479,30
13.0065402985,80.246383667,62653,62673,20
13.0073900223,80.2370376587,62866,62886,20
13.0243997574,80.2285308838,63928,63958,30
13.0061903,80.2474212646,64595,64615,20
12.9637804031,80.2469177246,65354,65384,30
12.9564399719,80.2437133789,65495,65515,20
12.8254299164,80.2195281982,67771,67790,19
12.8274297714,80.2195205688,67862,67882,20
12.8316698074,80.2289581299,68380,68400,20
12.9392404556,80.235496521,70158,70178,20
13.0065603256,80.2408599854,71766,71786,20
13.0193099976,80.2244033813,72231,72261,30
