latitude,longitude,Time_Start,Time_Stop,TimeTaken
13.0081796646,80.2133178711,22449,22500,51
12.9876003265,80.251411438,23581,23622,41
12.9870796204,80.2595977783,23753,23796,43
12.9872303009,80.259147644,24674,24706,32
12.9799404144,80.2527084351,24918,24968,50
12.9769096375,80.2212677002,25494,25574,80
12.987739563,80.2555389404,26626,26698,72
12.9872503281,80.2595596313,26777,26809,32
12.9867601395,80.2590789795,26879,26910,31
12.987569809,80.2561798096,27001,27092,91
13.0349397659,80.2300796509,29046,29087,41
13.0274400711,80.2328186035,30982,31023,41
12.9763298035,80.2219161987,32431,32472,41
12.9814300537,80.2423934937,32958,33008,50
12.9817304611,80.252571106,33230,33321,91
12.9878396988,80.2546615601,33899,34030,131
12.9873104095,80.2592926025,34162,34212,50
12.9866399765,80.2594223022,34495,34535,40
12.987039566,80.2591018677,34555,34596,41
12.987859726,80.2538986206,34686,34769,83
12.9801301956,80.2527313232,34950,35041,91
12.9811296463,80.2443389893,35152,35213,61
12.9813299179,80.2435302734,35274,35314,40
12.9813203812,80.2434310913,35314,35354,40
12.9816799164,80.2332229614,35556,35597,41
13.0240001678,80.2279663086,37225,37275,50
13.0342102051,80.229850769,37771,37923,152
13.0342102051,80.230178833,37923,37963,40
13.0277395248,80.2317199707,38165,38266,101
13.0084695816,80.213508606,39065,39126,61
12.9764003754,80.2212600708,39864,39935,71
12.987739563,80.2553024292,41148,41269,121
12.9869298935,80.259147644,41511,41593,82
12.9872598648,80.2591629028,41603,41694,91
12.9876003265,80.2563171387,41755,41896,141
12.9813404083,80.2428436279,42290,42330,40
13.028960228,80.2308883667,44009,44040,31
13.0291500092,80.2309036255,44040,44071,31
13.0334100723,80.2305374146,44162,44212,50
13.034740448,80.2303237915,44242,44283,41
13.0344696045,80.2298202515,44322,44455,133
13.0342197418,80.2300796509,44455,44486,31
13.0309400558,80.2306900024,44587,44627,40
13.0302000046,80.2307891846,44647,44698,51
13.0269603729,80.2329711914,44819,44870,51
12.9840698242,80.252281189,46764,46814,50
12.9856100082,80.2518463135,46874,46957,83
12.9875898361,80.2512969971,47018,47149,131
12.9877004623,80.2553024292,47200,47351,151
12.9871902466,80.2594909668,47432,47492,60
12.9866399765,80.2590866089,47543,47624,81
12.9870796204,80.2590866089,47624,47694,70
12.9873800278,80.2589569092,47704,47835,131
12.9819602966,80.2317199707,48566,48603,37
13.0078296661,80.2130203247,49485,49516,31
13.0342998505,80.230430603,50174,50214,40
13.0349197388,80.2302093506,50234,50275,41
13.0267601013,80.2330474854,50557,50627,70
13.0145998001,80.2260894775,50872,50912,40
13.0140695572,80.2255706787,50963,51054,91
13.0141096115,80.2252120972,51054,51114,60
13.014289856,80.2256469727,51155,51306,151
13.0142202377,80.2261505127,51326,51357,31
13.0230998993,80.2274627686,51751,51802,51
13.0143899918,80.2262573242,52246,52277,31
12.9864797592,80.251663208,53977,54047,70
12.9878101349,80.2547531128,54128,54199,71
12.9873304367,80.2589492798,54269,54300,31
12.9872198105,80.2593231201,54311,54350,39
12.9870195389,80.2590789795,54836,54887,51
12.9801902771,80.2527313232,55190,55252,62
13.0291996002,80.2308502197,57156,57217,61
13.0305404663,80.230758667,57247,57308,61
13.0342597961,80.2298126221,57499,57692,193
13.0342197418,80.230140686,57692,57845,153
13.0268697739,80.2329406738,58027,58067,40
13.0095396042,80.227897644,58602,58693,91
13.0084104538,80.213470459,58929,58969,40
12.9801797867,80.2525634766,60222,60313,91
12.983300209,80.2525024414,60446,60607,161
12.9852600098,80.2519989014,60678,60738,60
12.9873399734,80.2514266968,60789,60900,111
12.987739563,80.2553024292,60981,61132,151
12.9872598648,80.2594528198,61203,61243,40
12.9868803024,80.2593917847,61273,61356,83
12.9869298935,80.2591705322,61568,61659,91
12.9875497818,80.2566986084,62214,62264,50
12.9813299179,80.2431182861,62750,62781,31
12.9767103195,80.2212982178,63256,63358,102
12.9813098907,80.238319397,64035,64076,41
12.9802503586,80.2526397705,64370,64411,41
12.9826698303,80.2525787354,64471,64522,51
12.9831399918,80.2525405884,64542,64673,131
12.9878501892,80.2545928955,64815,64896,81
12.9868001938,80.259437561,65067,65177,110
12.9868097305,80.2590789795,65177,65351,174
12.9801101685,80.2527770996,66069,66110,41
12.9810495377,80.2451705933,66241,66362,121
12.981300354,80.243560791,66919,66998,79
12.981300354,80.2429580688,67018,67078,60
12.9811401367,80.234916687,67434,67474,40
12.9812698364,80.2341308594,67535,67585,50
12.9814996719,80.2336196899,67604,67727,123
12.9824895859,80.2219009399,68294,68325,31
12.9962100983,80.2165985107,68790,68832,42
13.0258197784,80.2305984497,69660,69710,50
13.0269498825,80.2312164307,69763,69803,40
13.0285797119,80.2309494019,69903,69995,92
13.0347099304,80.2303390503,70137,70197,60
13.0341501236,80.2301712036,70946,71047,101
13.0309896469,80.230758667,71117,71148,31
13.0296602249,80.2308883667,71178,71217,39
13.0267496109,80.233001709,71309,71350,41
13.0246601105,80.2291793823,71461,71493,32
13.0084600449,80.2135620117,72121,72172,51
12.9973897934,80.2162628174,72487,72528,41
12.9872102737,80.2231521606,72851,72931,80
12.9761199951,80.2216186523,73195,73226,31
12.9839200974,80.2523880005,73904,73955,51
12.9873695374,80.258972168,74460,74510,50
12.9869203568,80.2591781616,74611,74672,61
12.9811897278,80.2349319458,75654,75694,40
13.0344600677,80.2303390503,77611,77692,81
13.0343503952,80.2297363281,77743,77844,101
12.9807195663,80.2525787354,80056,80227,171
12.981180191,80.2525177002,80238,80269,31
12.9832296371,80.2524185181,80360,80451,91
12.9845199585,80.2521209717,80501,80582,81
12.9851303101,80.2519836426,80602,80723,121
12.9861297607,80.251663208,80744,80824,80
12.9871301651,80.2514877319,80845,80956,111
12.9799499512,80.2527236938,81421,81482,61
13.0141801834,80.2256622314,82813,82914,101
12.9978103638,80.2570877075,19180,19221,41
12.9973802567,80.2570037842,19231,19321,90
12.9977397919,80.2565612793,19382,19463,81
12.978509903,80.2525482178,19876,19967,91
13.0097799301,80.2112731934,25263,25303,40
12.9071798325,80.2284393311,28823,28873,50
12.8746595383,80.2098388672,29700,29801,101
12.8886699677,80.2272415161,30678,30709,31
12.8941898346,80.2274703979,30789,30820,31
12.9000797272,80.2277603149,30890,30921,31
12.9035196304,80.2279891968,31011,31082,71
12.9049196243,80.2280807495,31112,31203,91
12.905960083,80.2280807495,31273,31334,61
12.9338102341,80.2328109741,31747,31778,31
12.947520256,80.2400512695,32050,32100,50
12.9561700821,80.2432403564,32302,32351,49
12.9588098526,80.2443695068,32393,32433,40
12.9616203308,80.2456970215,32605,32655,50
12.9811897278,80.2438278198,33169,33210,41
12.9940595627,80.2177124023,34127,34178,51
13.0069599152,80.2097091675,34571,34621,50
13.0100698471,80.211479187,35085,35146,61
13.0096502304,80.2111663818,36053,36175,122
13.0094499588,80.2110671997,36225,36265,40
13.0092201233,80.2113265991,36265,36305,40
12.9799900055,80.2524185181,38030,38070,40
12.9565696716,80.2437133789,38583,38655,72
12.9497003555,80.2410888672,38766,38806,40
12.9064302444,80.2282180786,41890,41971,81
12.948849678,80.2405929565,42626,42676,50
12.9560699463,80.2431793213,42807,42848,41
12.9828796387,80.2219085693,44048,44088,40
13.0096797943,80.2112579346,45219,45299,80
13.0093002319,80.2109222412,45571,45602,31
12.9847698212,80.2231292725,46560,46620,60
12.9799404144,80.2525787354,47387,47467,80
12.9565200806,80.2437362671,47840,47901,61
12.9395599365,80.2357025146,48224,48274,50
12.9070196152,80.2283706665,48939,48990,51
12.899140358,80.227897644,49091,49131,40
12.9562301636,80.2432479858,52687,52748,61
13.0097198486,80.2112197876,54966,55027,61
13.0094203949,80.2110595703,55027,55128,101
12.9566402435,80.2437362671,57064,57175,111
12.906829834,80.2283401489,57921,57991,70
12.8993597031,80.227897644,58112,58153,41
12.8744297028,80.2101211548,58778,58818,40
12.8794002533,80.2110824585,59162,59212,50
12.8787603378,80.2150878906,59241,59272,31
12.876449585,80.2267074585,59302,59377,75
12.9005804062,80.2278366089,59700,59760,60
12.904999733,80.2281570435,59851,59891,40
12.90625,80.2282562256,59932,60012,80
12.948800087,80.2406082153,60708,60748,40
12.9769296646,80.2512664795,61273,61384,111
12.9770402908,80.2229766846,62110,62150,40
12.9824800491,80.2218399048,62301,62332,31
13.0093297958,80.2109985352,64187,64379,192
12.9973497391,80.2164916992,65135,65195,60
12.9907302856,80.2201766968,65347,65387,40
12.9764099121,80.221862793,65811,65848,37
12.9799499512,80.2524490356,66678,66748,70
12.96393013,80.2468795776,67071,67112,41
12.9565401077,80.2437210083,67273,67333,60
12.9027395248,80.2280273438,68332,68423,91
12.8763799667,80.226348877,68997,69028,31
12.8789196014,80.2108764648,69229,69260,31
12.8744297028,80.2100524902,69340,69371,31
12.874710083,80.2097625732,69411,69500,89
12.8764200211,80.2267379761,70224,70294,70
12.8918399811,80.2272186279,70496,70556,60
12.9002399445,80.2277526855,70738,70909,171
12.9046897888,80.2280502319,71081,71162,81
12.9632997513,80.2465591431,72362,72412,50
12.9808397293,80.2462615967,72765,72836,71
12.9809398651,80.2458877563,72836,72926,90
12.9809503555,80.2454833984,72926,73007,81
12.981010437,80.2450866699,73017,73088,71
12.981089592,80.2444381714,73128,73300,172
12.9811496735,80.2440490723,73310,73390,80
12.981180191,80.2352294922,73703,73743,40
12.9811601639,80.2349014282,73753,73784,31
12.9937000275,80.217956543,74701,74732,31
13.0077400208,80.2098617554,75105,75155,50
13.0092000961,80.2107086182,75791,75861,70
13.0093297958,80.2112197876,76244,76285,41
13.0039396286,80.2570419312,77041,77081,40
13.0023803711,80.2567367554,77162,77223,61
12.9983797073,80.2569198608,288,399,111
12.9983501434,80.2565689087,6364,6424,60
12.9982004166,80.2564697266,29203,29385,182
12.9976396561,80.2567596436,32272,32443,171
12.9976797104,80.2563476563,32462,32655,193
12.997179985,80.2559890747,32716,32776,60
13.0003900528,80.2659378052,33604,33705,101
12.9976701736,80.2564163208,34129,34310,181
12.9977703094,80.2559967041,34320,34361,41
12.9990501404,80.2561035156,34421,34462,41
13.0048999786,80.2571792603,34563,34613,50
13.0065202713,80.2574615479,34643,34684,41
13.0067596436,80.2487564087,34855,34997,142
13.0066099167,80.2408599854,35219,35299,80
13.0193395615,80.2243423462,35855,35895,40
13.0385503769,80.2468338013,36833,36884,51
13.0789403915,80.2550888062,38367,38438,71
13.0856895447,80.2455825806,38882,38963,81
13.0970201492,80.2419586182,39205,39306,101
13.0985403061,80.2421417236,39437,39629,192
13.0986700058,80.2422485352,39629,39690,61
13.0977497101,80.2422637939,40214,40255,41
13.0792798996,80.2546463013,40890,40971,81
13.0777397156,80.2619400024,41183,41234,51
13.075460434,80.263923645,41375,41425,50
13.031129837,80.2400970459,42926,43015,89
13.0068998337,80.239692688,43723,43764,41
13.0066995621,80.257232666,44107,44198,91
13.0004196167,80.2657623291,55377,55560,183
13.0003404617,80.2663726807,55560,55621,61
12.9957504272,80.2669830322,55741,55772,31
12.9968395233,80.2562789917,55934,55974,40
12.9987297058,80.2559585571,56014,56045,31
13.0059204102,80.2573013306,56226,56277,51
13.0260000229,80.2313079834,57185,57246,61
13.0300197601,80.2378234863,57357,57417,60
13.0309801102,80.2394714355,57488,57649,161
13.0778999329,80.2636108398,59072,59103,31
13.056520462,80.2576828003,60061,60102,41
13.0396604538,80.2471389771,60485,60556,71
13.0331096649,80.243598938,60697,60768,71
13.0324201584,80.2426605225,60837,61000,163
13.0250597,80.2296218872,61232,61272,40
12.9968395233,80.2564697266,64028,64098,70
12.9968900681,80.2563018799,64098,64139,41
13.005109787,80.2571792603,64350,64431,81
13.0064001083,80.2574920654,64451,64502,51
13.0064897537,80.2533035278,64572,64653,81
13.0066099167,80.2519989014,64704,64805,101
13.0066204071,80.2476425171,64916,65017,101
13.0065002441,80.241859436,65227,65269,42
13.007399559,80.2368011475,65360,65400,40
13.0191001892,80.2243270874,65772,65803,31
13.0256500244,80.2303390503,66016,66076,60
13.030670166,80.2389907837,66268,66317,49
13.0308198929,80.2392883301,66317,66349,32
13.0354700089,80.2461471558,66530,66571,41
13.069729805,80.2665328979,67842,67883,41
13.0754699707,80.2581710815,68196,68236,40
13.0856399536,80.246131897,68932,68973,41
13.0855998993,80.2455291748,68993,69064,71
13.0976200104,80.2422714233,70557,70668,111
13.096449852,80.241897583,70729,70769,40
13.0855798721,80.2542419434,71274,71314,40
13.0790901184,80.2564926147,71546,71587,41
13.0777397156,80.2621765137,71768,71809,41
13.0321798325,80.2424316406,73343,73424,81
13.0319499969,80.2421188354,73434,73524,90
13.0068702698,80.2399597168,74312,74463,151
13.0066900253,80.2458572388,74574,74614,40
13.0025701523,80.2567977905,74907,74978,71
12.9996204376,80.256401062,75038,75069,31
13.0002098083,80.2654037476,75482,75533,51
12.9968204498,80.2565078735,75785,75856,71
12.9979295731,80.2567520142,75937,75987,50
12.9864997864,80.2592391968,11126,11257,131
12.9865503311,80.2590484619,27226,27307,81
12.9865503311,80.2591781616,27801,27912,111
12.9866695404,80.2591171265,27922,28053,131
12.9879198074,80.2521820068,28523,28555,32
12.9801902771,80.2527236938,28686,28726,40
12.9558696747,80.1869277954,30421,30472,51
12.9560804367,80.186416626,30562,30683,121
12.9737300873,80.2199935913,32116,32156,40
12.9761896133,80.2216033936,32287,32318,31
12.9813995361,80.2428512573,32983,33014,31
12.9822597504,80.2525634766,33185,33306,121
12.984459877,80.2521972656,33367,33528,161
12.9846000671,80.2522125244,33528,33720,192
12.9877796173,80.2547531128,33881,34022,141
12.9872903824,80.2594528198,34163,34204,41
12.9868898392,80.2586975098,34285,34406,121
12.9871101379,80.2583999634,34406,34527,121
12.9866800308,80.2585220337,34858,34930,72
12.9867200851,80.2589187622,35364,35465,101
12.9872102737,80.2591629028,35475,35626,151
12.9877901077,80.2538299561,35808,35979,171
12.9811401367,80.2442169189,36272,36332,60
12.9813404083,80.243560791,36381,36443,62
12.9813203812,80.2398986816,36544,36594,50
12.9558401108,80.1869506836,38097,38148,51
12.9560604095,80.1865234375,38551,38672,121
12.9736700058,80.2200317383,39630,39701,71
12.9739303589,80.2202529907,39711,39812,101
12.9758996964,80.221206665,39903,39973,70
12.9833898544,80.252456665,40871,41043,172
12.987739563,80.2550201416,41194,41275,81
12.9875497818,80.2571182251,42896,42958,62
12.9874801636,80.2568969727,42958,42989,31
12.9879598618,80.2557907104,43017,43048,31
12.9903898239,80.2559967041,43108,43140,32
12.9926996231,80.2560119629,43169,43200,31
12.9934597015,80.2559585571,43200,43261,61
12.9949302673,80.255897522,43320,43382,62
12.9965496063,80.255897522,43411,43473,62
12.9988603592,80.2559967041,43533,43594,61
13.0000696182,80.2563018799,43623,43654,31
13.001999855,80.256652832,43684,43715,31
13.0054502487,80.257232666,43775,43806,31
13.0065402985,80.2547607422,43865,43896,31
13.0065202713,80.2526092529,43926,43987,61
13.0067300797,80.2507095337,43987,44018,31
13.0067300797,80.2487869263,44018,44139,121
13.0066099167,80.246383667,44169,44200,31
13.0065898895,80.243270874,44229,44260,31
13.0342998505,80.156791687,45975,46116,141
13.0361995697,80.1486282349,47558,47619,61
13.0251197815,80.1764373779,48123,48184,61
13.0233602524,80.1794509888,49374,49505,131
13.0234498978,80.1794586182,49515,49565,50
13.0024003983,80.2566604614,51583,51643,60
12.9994497299,80.2562103271,51714,51763,49
12.9885396957,80.255897522,51976,52047,71
12.9865102768,80.2586669922,59641,59692,51
12.987159729,80.2585220337,61326,61447,121
12.9871797562,80.2585296631,61457,61558,101
12.9868803024,80.2585678101,61558,61669,111
12.9873504639,80.2585296631,61699,61739,40
12.9868402481,80.2590866089,61839,61881,42
12.9870700836,80.2591629028,61891,61931,40
12.9875097275,80.2564926147,62002,62042,40
12.9804697037,80.2527236938,62284,62405,121
12.9801797867,80.252746582,62415,62516,101
12.9813299179,80.2433166504,62688,62728,40
12.9710702896,80.2192306519,63353,63394,41
12.9635400772,80.216003418,63515,63564,49
12.9745998383,80.2204971313,65926,65976,50
12.976269722,80.2217178345,66037,66077,40
12.9813995361,80.2426223755,66783,66823,40
12.9801702499,80.2520599365,66965,67136,171
12.9808397293,80.2526702881,67187,67247,60
12.9812202454,80.2526626587,67247,67398,151
12.9877500534,80.2548522949,67832,67883,51
12.9872598648,80.2591629028,68335,68367,32
12.9874000549,80.2573318481,68427,68488,61
12.9878902435,80.2521286011,68659,68690,31
12.9806804657,80.2483901978,68952,69033,81
12.9809703827,80.2454986572,69113,69194,81
12.9809999466,80.2451019287,69204,69315,111
12.9810800552,80.2443389893,69708,69839,131
12.9812898636,80.2431793213,69880,69920,40
12.9813404083,80.2428817749,69930,70041,111
12.9813299179,80.2421722412,70071,70142,71
12.9813604355,80.2419586182,70152,70193,41
12.9813404083,80.2415771484,70203,70283,80
12.9813404083,80.2412261963,70283,70344,61
12.981300354,80.2405166626,70364,70414,50
12.9812498093,80.2386169434,70505,70586,81
12.9768695831,80.22290802,70989,71030,41
12.9766798019,80.2225799561,71030,71090,60
12.9764499664,80.2222213745,71090,71131,41
12.955619812,80.1869277954,72644,72684,40
12.9557504654,80.1855773926,72723,72785,62
12.9559602737,80.1867370605,74782,74833,51
12.9653501511,80.1884078979,75115,75155,40
12.9750795364,80.2206497192,76255,76426,171
12.9763002396,80.2217636108,76497,76537,40
12.9801301956,80.2521514893,77223,77254,31
12.9872903824,80.2514419556,77384,77514,130
12.9878196716,80.25415802,77585,77675,90
12.9877195358,80.2555236816,77716,77857,141
12.9866104126,80.2594985962,81660,81720,60
12.998459816,80.256942749,2987,3048,61
12.9978504181,80.2571105957,19301,19332,31
12.997879982,80.2564086914,19362,19413,51
12.9970502853,80.2560272217,19453,19614,161
12.9839601517,80.254989624,19764,19834,70
12.7861795425,80.2203292847,24034,24074,40
12.9006700516,80.2278671265,25286,25336,50
12.9988498688,80.2560195923,26820,26861,41
13.0067501068,80.2526626587,27052,27083,31
13.0066404343,80.256980896,29566,29616,50
12.9811697006,80.2528076172,30181,30212,31
12.9786701202,80.2525787354,30272,30353,81
12.9366197586,80.2342071533,31036,31067,31
12.9080095291,80.2284698486,31501,31581,80
12.8461704254,80.2266235352,32530,32561,31
12.8404998779,80.2275085449,32722,32762,40
12.8401203156,80.2276535034,32762,32823,61
12.7709703445,80.1875,34981,35050,69
12.7865400314,80.220451355,35605,35645,40
12.8393096924,80.2276763916,36261,36311,50
12.900639534,80.2277832031,37008,37199,191
12.9056396484,80.2280883789,37300,37361,61
12.9488801956,80.2405776978,37913,38014,101
12.9631700516,80.2464904785,38297,38337,40
12.9877901077,80.2553787231,39165,39245,80
12.9974498749,80.2558364868,39467,39498,31
12.9978199005,80.256980896,39528,39689,161
12.9975795746,80.2567367554,39689,39760,71
12.9976301193,80.2565383911,39760,39821,61
12.9977302551,80.2560806274,39831,39871,40
13.0066099167,80.2570800781,40931,41012,81
13.0036296844,80.2569732666,41092,41123,31
13.0032501221,80.2568511963,41123,41163,40
13.0020999908,80.256652832,41193,41234,41
12.9987201691,80.256072998,41355,41395,40
12.9974498749,80.2559432983,41425,41456,31
12.9861898422,80.2555618286,41647,41688,41
12.9493904114,80.2409591675,42302,42334,32
12.9078502655,80.228477478,42889,42929,40
12.906999588,80.2283782959,42949,43010,61
12.8400201797,80.2276611328,43888,43928,40
12.7885799408,80.2212371826,44584,44635,51
12.7879800797,80.2210083008,44655,44695,40
12.7868995667,80.2205886841,44746,44786,40
12.7630596161,80.183883667,45644,45715,71
12.7859601974,80.2201919556,46996,47027,31
12.9796695709,80.2526016235,49489,49530,41
12.9963502884,80.255897522,50085,50125,40
12.9975204468,80.2558898926,50155,50206,51
13.0066204071,80.2572631836,52658,52749,91
12.9566602707,80.2437210083,53688,53779,91
12.9012804031,80.2280273438,54505,54546,41
12.7891702652,80.2214889526,55908,55939,31
12.7866601944,80.2205505371,56070,56120,50
12.7687196732,80.1837997437,56685,56754,69
12.7837200165,80.2190322876,59186,59237,51
12.7845001221,80.2194900513,59277,59318,41
12.7846899033,80.2196121216,59318,59419,101
12.7857999802,80.220161438,59499,59530,31
12.7963600159,80.2229614258,59731,59762,31
12.8392601013,80.2278289795,60277,60327,50
12.9139404297,80.2292785645,61326,61367,41
12.9488801956,80.2406921387,61841,61891,50
12.9561195374,80.2432785034,62023,62083,60
12.9632701874,80.2465591431,62174,62214,40
12.9776802063,80.2516326904,62437,62517,80
12.9783802032,80.2522125244,62548,62588,40
12.9797296524,80.2526626587,62649,62709,60
12.9835996628,80.252456665,62850,62961,111
12.9857997894,80.2518615723,63052,63163,111
12.9955101013,80.2558822632,63476,63517,41
13.0049600601,80.2571563721,63729,63809,80
13.0066003799,80.2572402954,64586,64637,51
13.001830101,80.2565765381,64728,64768,40
12.9881401062,80.255821228,65101,65132,31
12.9877700806,80.2557907104,65142,65243,101
12.9071702957,80.2283172607,66413,66454,41
12.8219804764,80.2305831909,67685,67736,51
12.7872400284,80.2207183838,68281,68352,71
12.7846498489,80.2195968628,68422,68463,41
12.7709999084,80.1879119873,69105,69155,50
12.7648000717,80.1824264526,69296,69362,66
12.7709598541,80.1876525879,70169,70210,41
12.7850198746,80.2197189331,70767,70807,40
12.7850704193,80.2197418213,70807,70919,112
12.7854204178,80.2199401855,70929,70979,50
12.7857704163,80.2201309204,70979,71050,71
12.830739975,80.2294387817,71575,71676,101
12.8420295715,80.2269592285,71867,71968,101
12.842209816,80.2269821167,71968,72079,111
12.9006004333,80.2277984619,72937,72998,61
12.9007196426,80.2278137207,72998,73089,91
12.9561796188,80.2432937622,73997,74108,111
12.9797697067,80.2526397705,74472,74532,60
12.987859726,80.2548980713,74936,75037,101
12.9951400757,80.2558364868,75199,75239,40
12.9976701736,80.2558517456,75299,75471,172
12.9979896545,80.2566223145,75501,75562,61
12.9981203079,80.2567596436,75824,75996,172
12.9980201721,80.256690979,76006,76077,71
12.997759819,80.2567672729,78186,78317,131
12.997710228,80.2570037842,78328,78398,70
12.9888601303,80.2559432983,78873,78943,70
12.9885101318,80.2559204102,78953,79034,81
12.9720697403,80.2500228882,79377,79448,71
12.9015102386,80.2279968262,80408,80458,50
12.7862100601,80.2218093872,81811,81851,40
12.7862997055,80.220413208,83022,83053,31
12.899939537,80.2278289795,84325,84385,60
12.9560899734,80.2432937622,85051,85132,81
12.9966402054,80.1913070679,1104,1235,131
12.9972896576,80.1918106079,17025,17085,60
12.9968996048,80.1910324097,22543,22684,141
12.9966201782,80.1912994385,22684,22725,41
12.9959497452,80.1894226074,23300,23340,40
13.0091295242,80.2107772827,23704,23754,50
12.975520134,80.2205505371,24653,24703,50
12.9757099152,80.221031189,24986,25107,121
13.0441598892,80.2122573853,26450,26541,91
13.0497999191,80.2119293213,26631,26672,41
13.068860054,80.204788208,27035,27076,41
13.0696601868,80.2048034668,27106,27146,40
13.0994596481,80.1696929932,28176,28257,81
13.0994195938,80.1703109741,28549,28650,101
13.0697603226,80.204826355,30134,30175,41
13.0639095306,80.211730957,30316,30377,61
13.0096998215,80.2111587524,31588,31659,71
12.9756097794,80.2204818726,32739,32799,60
12.9756002426,80.2208709717,32809,32961,152
12.9759101868,80.2209396362,32971,33031,60
12.9931697845,80.2183532715,34243,34293,50
13.0349903107,80.2112579346,35485,35526,41
13.0351295471,80.2122192383,35566,35606,40
13.0695400238,80.2053604126,36272,36303,31
13.0687799454,80.2051467896,36353,36394,41
13.0872097015,80.1929473877,36898,36929,31
13.0877304077,80.1882476807,37032,37072,40
13.0880699158,80.1798782349,37183,37223,40
13.0885696411,80.1707382202,37415,37455,40
13.0886297226,80.1697998047,37486,37556,70
13.0996999741,80.1697387695,37728,37768,40
13.0993900299,80.1699676514,37789,37980,191
13.0882701874,80.1792602539,39141,39193,52
13.0831699371,80.1987075806,39909,39950,41
13.067990303,80.2052078247,40213,40252,39
13.0498399734,80.2121734619,40697,40728,31
13.0384197235,80.2124710083,40899,40930,31
13.0095796585,80.21118927,41728,41768,40
12.9757099152,80.220703125,42748,42780,32
12.9759502411,80.2209777832,42780,42911,131
13.0438804626,80.212310791,44901,44962,61
13.0497303009,80.2119598389,45073,45113,40
13.0687599182,80.205039978,45478,45528,50
13.0720396042,80.2022781372,45629,45690,61
13.0877895355,80.1881790161,46225,46265,40
13.0884799957,80.1713790894,46539,46579,40
13.0885801315,80.1701583862,46609,46640,31
13.099650383,80.1699371338,46821,46872,51
13.09856987,80.1691207886,48486,48568,82
13.0991401672,80.1695175171,48609,48659,50
13.0994701385,80.1701507568,48720,48861,141
13.0994701385,80.170211792,48861,48901,40
13.0881996155,80.1805877686,49244,49305,61
13.0881595612,80.1817169189,49345,49386,41
13.0378704071,80.2123184204,50903,50963,60
13.0097999573,80.2112579346,51650,51711,61
12.9756298065,80.2206420898,52675,52716,41
13.0688400269,80.2048416138,55867,55907,40
13.0870504379,80.1978988647,56341,56372,31
13.0872402191,80.1928863525,56432,56472,40
13.0886001587,80.1697998047,56856,56906,50
13.0995397568,80.1700973511,57118,57149,31
13.0994796753,80.1698379517,57179,57219,40
13.0993404388,80.170249939,57542,57734,192
13.0889501572,80.1695709229,57906,57946,40
13.0874004364,80.1926879883,58360,58419,59
13.0830202103,80.1986312866,58844,58915,71
13.0682001114,80.2054672241,59167,59218,51
13.0644197464,80.2116470337,59440,59511,71
13.0640602112,80.2117080688,59511,59642,131
13.0448598862,80.2124481201,59904,59945,41
13.0376195908,80.2123184204,60026,60077,51
13.0100297928,80.2115020752,60703,60783,80
12.9757699966,80.2203216553,61765,61876,111
12.9755601883,80.2208099365,61896,61936,40
13.0485200882,80.2120437622,63935,64066,131
13.0708398819,80.2036819458,64569,64639,70
13.0715703964,80.2027282715,64660,64720,60
13.0877103806,80.1885604858,65336,65376,40
13.0996904373,80.1699523926,65992,66043,51
13.099360466,80.1702270508,66870,66941,71
13.0861902237,80.2004394531,68122,68162,40
13.0858001709,80.2004165649,68162,68193,31
13.0831804276,80.1987533569,68294,68384,90
13.0732498169,80.2010574341,68596,68637,41
13.0679502487,80.2054290771,68829,68899,70
13.0507202148,80.212387085,69394,69434,40
13.0504999161,80.2122497559,69434,69505,71
13.0494804382,80.2121963501,69545,69596,51
13.0382699966,80.2124786377,69788,69878,90
13.0353097916,80.2123413086,69979,70010,31
13.0104799271,80.2119522095,70767,70817,50
13.0099601746,80.21144104,70847,70878,31
13.0095901489,80.211227417,70878,70928,50
12.998000145,80.2166290283,71635,71675,40
12.9759397507,80.2203674316,72210,72251,41
12.976099968,80.2213134766,73078,73109,31
12.9964704514,80.2165222168,73714,73745,31
13.0417900085,80.212310791,75057,75128,71
13.0419301987,80.2124481201,75138,75239,101
13.0496501923,80.2120132446,75652,75713,61
13.0687599182,80.2065505981,76097,76186,89
13.0687398911,80.2051010132,76298,76349,51
13.0688495636,80.2047424316,76369,76460,91
13.0833101273,80.1984863281,76854,76894,40
13.0872297287,80.1929397583,77146,77177,31
13.0885696411,80.169960022,77599,77639,40
13.0993900299,80.1700820923,77831,78002,171
13.0997200012,80.1700820923,78002,78053,51
13.0996303558,80.1703186035,78063,78124,61
12.9966697693,80.1927185059,83088,83138,50
12.996509552,80.1921081543,83159,83280,121
12.9963903427,80.1917800903,83290,83472,182
12.9968500137,80.1908187866,84208,84390,182
13.0332403183,80.2319717407,69447,69578,131
13.0333003998,80.2324829102,69961,70061,100
13.0290803909,80.232749939,70102,70233,131
13.0258197784,80.2351074219,70293,70354,61
13.0260896683,80.23462677,70354,70414,60
13.0248003006,80.2324066162,70414,70585,171
13.0110301971,80.2236709595,70867,71019,152
13.0077896118,80.2173233032,71049,71099,50
13.0814599991,80.2751235962,31038,31089,51
13.0867500305,80.2839279175,31261,31321,60
13.0067596436,80.2513809204,33505,33616,111
13.0066699982,80.2479476929,33767,33878,111
13.0066604614,80.2406768799,34050,34100,50
12.9765300751,80.2220001221,35072,35134,62
12.977519989,80.2227401733,36018,36051,33
12.9775104523,80.2218017578,36081,36171,90
12.9775104523,80.2218017578,36171,36203,32
13.0113401413,80.2230987549,36909,36940,31
13.0070295334,80.2397384644,37284,37448,164
13.006770134,80.2419204712,37508,37569,61
13.0067300797,80.2423171997,37569,37609,40
13.0234699249,80.2730178833,38448,38479,31
13.0888204575,80.2901306152,39652,39704,52
13.0860900879,80.283531189,39814,39884,70
13.0867099762,80.2838821411,39905,39964,59
13.087770462,80.2839508057,40047,40097,50
13.0881900787,80.2838516235,40107,40208,101
13.0881900787,80.2838516235,40208,40248,40
13.0881004333,80.2836532593,40279,40420,141
13.0881500244,80.283782959,40420,40581,161
13.088760376,80.2899093628,40934,40985,51
13.0888204575,80.2901306152,40995,41054,59
13.0438699722,80.279876709,41712,41743,31
13.0242004395,80.2742004395,42128,42189,61
13.0185804367,80.2612609863,42348,42416,68
13.0129499435,80.259262085,42446,42498,52
13.0065603256,80.257270813,42528,42568,40
13.0065498352,80.2530288696,42627,42660,33
13.0066404343,80.2521896362,42677,42761,84
13.006649971,80.2488708496,42811,42851,40
12.9775104523,80.2222824097,44495,44534,39
12.9799404144,80.2210769653,44564,44595,31
12.9819803238,80.2215881348,44595,44627,32
12.9828195572,80.2218933105,44627,44658,31
12.9852399826,80.2232437134,44685,44717,32
12.9863796234,80.2229309082,44744,44778,34
13.0112400055,80.2230911255,45182,45241,59
13.0069599152,80.2400665283,45565,45627,62
13.0065898895,80.2570724487,45869,45940,71
13.0306596756,80.2770767212,46668,46708,40
13.0888395309,80.2901763916,47652,47732,80
13.0863199234,80.2835693359,47832,47896,64
13.0867700577,80.2836837769,47896,47956,60
13.0881204605,80.2836227417,48018,48119,101
13.0865297318,80.2811279297,48200,48341,141
13.0861701965,80.2810211182,48351,48411,60
13.081700325,80.2760620117,48563,48603,40
13.0759601593,80.2750015259,48775,48835,60
13.0757904053,80.2749023438,48845,48906,61
13.0753297806,80.2751235962,49224,49320,96
13.0753097534,80.2749862671,56146,56180,34
13.0760097504,80.275718689,56207,56240,33
13.0786399841,80.2751617432,56299,56331,32
13.081319809,80.2751617432,56361,56472,111
13.0856895447,80.2835693359,56603,56666,63
13.0880899429,80.2839126587,57030,57061,31
13.0883798599,80.2826385498,57313,57363,50
13.0883197784,80.2830276489,57363,57434,71
13.0884304047,80.2849884033,57505,57555,50
13.0240898132,80.2741012573,58742,58784,42
12.977519989,80.2226715088,60925,60986,61
12.9777603149,80.221282959,60986,61024,38
12.980099678,80.2210922241,61024,61056,32
12.9828500748,80.2219314575,61086,61117,31
12.98320961,80.2221374512,61117,61148,31
12.9858703613,80.2230377197,61207,61238,31
13.0068597794,80.2509002686,62291,62331,40
13.0068702698,80.2514038086,62341,62372,31
13.0225896835,80.263633728,62805,62846,41
13.064740181,80.2836227417,63901,63968,67
13.0887403488,80.2901687622,64325,64365,40
13.0865097046,80.2838592529,64535,64567,32
13.0868301392,80.2839813232,64599,64640,41
13.088470459,80.2847290039,65154,65215,61
13.0690898895,80.2846832275,65638,65709,71
13.026309967,80.2754592896,66572,66612,40
13.0064401627,80.2542495728,67170,67212,42
13.006480217,80.2527008057,67270,67413,143
13.0065898895,80.252166748,67424,67585,161
13.0066900253,80.2513809204,67605,67646,41
13.0066604614,80.250328064,67666,67756,90
13.0065803528,80.248336792,67807,67857,50
12.9763002396,80.2213134766,69302,69364,62
12.9774599075,80.2223205566,70200,70342,142
12.9786500931,80.2211990356,70372,70403,31
12.9806499481,80.2210388184,70403,70434,31
12.9827899933,80.2219772339,70463,70494,31
12.9851102829,80.2232971191,70583,70615,32
13.0082197189,80.2336425781,71423,71460,37
13.0072898865,80.2381210327,71635,71816,181
13.0069704056,80.2399368286,71887,72079,192
13.0066404343,80.2445373535,72231,72290,59
13.006649971,80.2573013306,72504,72554,50
13.0238399506,80.2737197876,73069,73121,52
13.0282096863,80.2762680054,73244,73315,71
13.0287799835,80.2764816284,73325,73396,71
13.0296096802,80.2767181396,73434,73477,43
13.0311002731,80.2774581909,73538,73588,50
13.0328102112,80.2774810791,73629,73769,140
13.05727005,80.282043457,74175,74206,31
13.0884599686,80.2902069092,74660,74700,40
13.0886297226,80.2901992798,74710,74781,71
13.0828304291,80.2788619995,75357,75428,71
13.0759296417,80.2763900757,75720,75851,131
13.0758600235,80.2756500244,75872,75947,75
13.0760402679,80.2748336792,75947,75999,52
13.0760698318,80.2747192383,75999,76161,162
13.0759000778,80.2746734619,76161,76205,44
13.0749101639,80.2751922607,76205,76236,31
13.0750799179,80.2751083374,80441,80474,33
13.0759897232,80.2747802734,81211,81312,101
13.0759000778,80.2758331299,81334,81425,91
13.0760698318,80.2761917114,81425,81478,53
13.0764503479,80.2762374878,81807,81865,58
13.0780897141,80.2760314941,81865,81896,31
13.0813703537,80.2751312256,81926,81986,60
13.0817203522,80.2757034302,81986,82020,34
13.0821304321,80.2780990601,82049,82111,62
13.0823097229,80.2805175781,82138,82170,32
13.0823802948,80.2814865112,82170,82201,31
13.0850696564,80.2837219238,82271,82304,33
13.0881595612,80.2835922241,82632,82695,63
13.080039978,80.275352478,83589,83622,33
13.0758600235,80.2762680054,83651,83682,31
13.0758199692,80.2757492065,83682,83713,31
13.0143003464,80.2254562378,3448,3579,131
13.0143003464,80.2253417969,4630,4711,81
13.0142698288,80.2253265381,5388,5449,61
13.0142698288,80.2252807617,6299,6380,81
13.0143699646,80.2254562378,12882,12932,50
13.0141897202,80.2253189087,16156,16257,101
13.0141801834,80.2254104614,16691,16741,50
13.014289856,80.2253494263,17379,17530,151
13.0142602921,80.2253036499,18431,18602,171
13.0230798721,80.2274398804,24870,24951,81
12.8717899323,80.173538208,27667,27726,59
12.8687601089,80.1756210327,27726,27758,32
12.8115901947,80.1594619751,28618,28649,31
12.9172000885,80.1931762695,32406,32456,50
12.9183397293,80.1953125,32507,32598,91
12.9339599609,80.2038497925,33032,33072,40
12.9733295441,80.2198028564,34073,34165,92
12.9745101929,80.2202987671,34165,34206,41
12.9750795364,80.2205505371,34206,34348,142
12.9762496948,80.221206665,34389,34429,40
12.9830703735,80.2220230103,34560,34591,31
12.9967002869,80.2164611816,35024,35127,103
13.0112895966,80.2230987549,35430,35490,60
13.0193996429,80.2242965698,35722,35793,71
13.0242795944,80.2283172607,36075,36107,32
13.0258903503,80.2306594849,36198,36238,40
13.0302400589,80.2306976318,36368,36430,62
13.0347299576,80.2302474976,36571,36622,51
13.0342597961,80.2297515869,36662,36713,51
13.030790329,80.2307434082,37065,37118,53
13.0278301239,80.2323684692,37219,37299,80
13.0270700455,80.2329483032,37350,37481,131
13.0140895844,80.2253875732,37896,38029,133
12.9832000732,80.2222137451,38766,38807,41
12.9756603241,80.2210998535,38979,39040,61
12.8275995255,80.1651535034,41749,41801,52
12.8118000031,80.1594009399,42043,42084,41
12.917140007,80.1931915283,44387,44419,32
12.9752397537,80.2206268311,45601,45664,63
13.0151796341,80.2251663208,46562,46602,40
13.0243396759,80.2284011841,46805,46836,31
13.0300197601,80.230682373,46997,47048,51
13.0347204208,80.2299499512,48301,48452,151
12.982219696,80.2217483521,50525,50587,62
12.9757204056,80.2211303711,50708,50739,31
12.9659204483,80.2170715332,50920,51001,81
12.9167299271,80.1923522949,52072,52123,51
12.8100099564,80.1595993042,54077,54117,40
12.8273696899,80.1650314331,54421,54482,61
12.8808803558,80.1706314087,55280,55348,68
12.917140007,80.1930770874,56212,56243,31
12.9751596451,80.2206268311,57395,57475,80
12.9759902954,80.2211685181,57496,57546,50
12.9912996292,80.2196807861,57982,58033,51
13.0342597961,80.2297515869,59175,59235,60
13.0342197418,80.2301177979,59235,59316,81
13.0342702866,80.2301712036,59326,59429,103
13.0230903625,80.2274780273,59986,60017,31
12.9975004196,80.2165603638,60531,60562,31
12.9760198593,80.2213592529,61058,61118,60
12.8745698929,80.1717224121,63008,63047,39
12.8276100159,80.1651611328,63646,63697,51
12.8100004196,80.1595993042,64040,64091,51
12.827750206,80.1651382446,64961,65001,40
12.8774900436,80.1703033447,65880,65945,65
12.9169101715,80.1923065186,66876,66926,50
12.9173002243,80.1904830933,66976,67009,33
12.917140007,80.1932067871,67069,67120,51
12.9481401443,80.2095870972,67919,68016,97
12.9536399841,80.212020874,68151,68191,40
12.974360466,80.220451355,68655,68696,41
12.9744997025,80.2205200195,68726,68807,81
12.9760799408,80.2212677002,69071,69132,61
13.011179924,80.2230377197,69951,70001,50
13.0285701752,80.2308502197,70384,70446,62
13.0345001221,80.229927063,70728,70789,61
13.0344400406,80.229927063,70789,70972,183
13.0341596603,80.2301483154,71365,71426,61
13.0297603607,80.2308578491,71517,71557,40
12.9982700348,80.2167205811,72386,72448,62
12.983499527,80.2223815918,72913,72944,31
12.8693304062,80.1752624512,75309,75371,62
12.8816604614,80.1709289551,77254,77324,70
12.9044504166,80.1875762939,77760,77900,140
13.0111303329,80.2230377197,79644,79685,41
13.01445961,80.22605896,79868,79959,91
13.0141601563,80.2256088257,80000,80131,131
13.014169693,80.2254486084,80161,80242,81
13.014169693,80.225189209,80242,80313,71
13.0141897202,80.2258224487,80333,80383,50
13.0441904068,80.2121429443,83547,83597,50
13.0689201355,80.205116272,84012,84063,51
13.0692501068,80.2047576904,84933,84983,50
13.0498600006,80.2123031616,85448,85488,40
12.9973201752,80.1917724609,5768,5879,111
12.9972295761,80.1917037964,6242,6323,81
12.9970798492,80.1920394897,13803,13915,112
12.9970798492,80.1920318604,13915,13967,52
12.9970598221,80.1919631958,15989,16150,161
12.997010231,80.1920394897,18290,18482,192
12.9970903397,80.1919937134,19714,19837,123
12.997130394,80.1919784546,19837,19938,101
12.9970798492,80.1920776367,19938,20019,81
12.9967002869,80.1912307739,21230,21321,91
12.9962701797,80.1910629272,21351,21401,50
12.9959697723,80.1899719238,21452,21553,101
12.9959402084,80.1893768311,21563,21644,81
13.0036497116,80.2007675171,21866,21916,50
13.0439395905,80.2122421265,22471,22512,41
13.0696401596,80.2051773071,22946,22986,40
13.0687398911,80.2050170898,23037,23107,70
13.071849823,80.2024536133,23208,23239,31
13.0684299469,80.2054824829,25853,25934,81
13.0679798126,80.2051391602,25974,26035,61
13.0692300797,80.2047271729,26065,26096,31
13.0698404312,80.2049102783,26126,26166,40
13.0501804352,80.2121963501,26509,26540,31
13.0449199677,80.2124404907,26631,26681,50
13.009519577,80.2110595703,27458,27499,41
12.9996204376,80.2173233032,27983,28014,31
12.9756603241,80.2204284668,28377,28438,61
12.9756202698,80.2208023071,28458,28559,101
12.9760198593,80.221031189,29498,29629,131
13.0350103378,80.2111206055,31193,31224,31
13.0484800339,80.2120666504,31516,31557,41
13.0496797562,80.2119522095,31577,31658,81
13.0636301041,80.2115020752,31900,31950,50
13.0687599182,80.2049865723,32092,32162,70
13.0743503571,80.1995620728,32384,32415,31
13.0881500244,80.1800537109,33051,33101,50
13.0997600555,80.1697616577,33535,33626,91
13.0879602432,80.1879806519,34323,34373,50
13.0875196457,80.1922912598,34464,34514,50
13.0830898285,80.1986083984,35039,35120,81
13.0699901581,80.2049484253,35362,35433,71
13.0679702759,80.2052536011,35483,35524,41
13.0698204041,80.2048797607,35574,35635,61
13.0638999939,80.2117233276,35776,35837,61
13.0451202393,80.2123794556,36170,36261,91
13.0382995605,80.212348938,36350,36412,62
13.0382299423,80.2124481201,36412,36463,51
13.0180397034,80.205947876,36977,37018,41
13.0148801804,80.2048187256,37078,37129,51
13.0101804733,80.2115402222,37401,37472,71
13.0099802017,80.21144104,37472,37532,60
13.0096197128,80.2111587524,37543,37613,70
13.0092496872,80.2111663818,37613,37654,41
12.9765195847,80.2200164795,38602,38774,172
12.9755802155,80.2207717896,38845,38935,90
12.9760704041,80.2211227417,39450,39602,152
12.9761199951,80.2211227417,39602,39733,131
12.9759702682,80.2211685181,39733,39884,151
12.9763097763,80.2212677002,39884,39945,61
13.0350103378,80.2112579346,41267,41306,39
13.0440101624,80.212272644,41479,41590,111
13.054400444,80.2114715576,41772,41812,40
13.0687198639,80.2050170898,42105,42145,40
13.0997400284,80.1698989868,45466,45567,101
13.0994300842,80.1701278687,45567,45607,40
13.0874500275,80.1925735474,46193,46243,50
13.0679502487,80.2052078247,47010,47051,41
13.050160408,80.2121963501,47444,47515,71
13.037610054,80.2124633789,47737,47808,71
13.0106201172,80.2119369507,48444,48484,40
13.0100002289,80.21144104,48514,48555,41
12.9761104584,80.2211990356,49776,49887,111
13.0484800339,80.212020874,51472,51522,50
13.049659729,80.2119598389,51552,51613,61
13.0687303543,80.2049789429,52087,52138,51
13.0715398788,80.2027893066,52168,52208,40
13.099650383,80.1699676514,53330,53461,131
13.0889196396,80.1695632935,54753,54803,50
13.092880249,80.2002410889,55419,55458,39
13.0830698013,80.1986236572,55631,55681,50
13.0679998398,80.2053833008,55954,56005,51
13.0679397583,80.2051086426,56015,56105,90
13.0639896393,80.2117385864,56327,56368,41
13.0378904343,80.2124481201,56741,56812,71
13.0095396042,80.2110900879,57549,57599,50
12.9756298065,80.2208099365,58639,58750,111
12.9761104584,80.2211837769,59668,59719,51
12.9761800766,80.2213287354,59719,59800,81
12.9762001038,80.2213516235,59800,59870,70
13.0293703079,80.208770752,61122,61161,39
13.0479698181,80.2120285034,61556,61607,51
13.0495100021,80.2119522095,61697,61839,142
13.0635795593,80.2114715576,62061,62121,60
13.0696401596,80.205116272,62263,62303,40
13.0687398911,80.2049636841,62353,62394,41
13.0718297958,80.2024383545,62475,62525,50
13.0872402191,80.1935195923,62969,63010,41
13.0877304077,80.1883163452,63122,63172,50
13.0880098343,80.1833267212,63253,63313,60
13.0880403519,80.1828231812,63324,63364,40
13.0885896683,80.171043396,63586,63667,81
13.0996303558,80.1700820923,63889,63929,40
13.0996103287,80.1697006226,63939,64030,91
13.089050293,80.1696166992,64908,65050,142
13.0874099731,80.1926498413,65504,65564,60
13.0929098129,80.2004623413,65787,65827,40
13.0679502487,80.2053909302,66533,66574,41
13.0694198608,80.2048110962,66624,66665,41
13.0536699295,80.2118225098,67038,67119,81
13.0521001816,80.2121810913,67190,67291,101
13.0376596451,80.2125015259,67634,67785,151
13.013999939,80.2045822144,68401,68450,49
13.0094299316,80.2110900879,68764,68815,51
12.9975004196,80.2165908813,69501,69552,51
12.9914999008,80.2196807861,69754,69794,40
12.9755601883,80.2208175659,70137,70218,81
12.9758701324,80.220993042,70218,70289,71
13.0070800781,80.2098083496,71682,71732,50
13.0161399841,80.2051620483,72075,72106,31
13.0383901596,80.2122573853,72651,72742,91
13.0418395996,80.2122573853,72802,72933,131
13.0483198166,80.2120513916,73297,73418,121
13.0691795349,80.2058029175,73933,73973,40
13.0686998367,80.2052993774,74064,74125,61
13.0688695908,80.2047729492,74135,74236,101
13.0706195831,80.2038269043,74357,74468,111
13.0718097687,80.2024383545,74528,74638,110
13.0876998901,80.1882324219,75235,75275,40
13.0886001587,80.1698303223,75659,75720,61
13.0995903015,80.1701431274,75891,75962,71
13.0993795395,80.1697921753,75992,76032,40
13.0699300766,80.2049713135,77668,77819,151
13.0683097839,80.2049484253,77949,78090,141
13.0686597824,80.2047424316,78090,78269,179
13.0697698593,80.2049179077,78330,78401,71
13.0447502136,80.2124710083,78933,78973,40
12.9756698608,80.2203216553,80810,80861,51
12.9758996964,80.2210006714,80901,80942,41
12.9965896606,80.1910171509,84030,84172,142
12.9969596863,80.1912002563,11,51,40
12.9968595505,80.19140625,1030,1070,40
12.9969997406,80.1914520264,25038,25129,91
13.0694103241,80.2047424316,26421,26471,50
13.0872898102,80.1929626465,26875,26915,40
13.099360466,80.1700363159,27450,27491,41
13.0993795395,80.1701812744,27491,27612,121
13.0830497742,80.1986465454,28581,28641,60
13.0681600571,80.2054367065,28944,28994,50
13.0679597855,80.2052383423,29003,29065,62
13.0682001114,80.2049179077,29065,29105,40
13.0698099136,80.2048568726,29176,29225,49
13.0638904572,80.2117233276,29348,29398,50
13.0099000931,80.2114028931,30549,30660,111
13.0096302032,80.2111816406,30660,30730,70
12.9827604294,80.2218933105,32971,33011,40
12.996049881,80.2165985107,33364,33425,61
13.0350399017,80.2112808228,34474,34505,31
13.0349702835,80.2116470337,34515,34555,40
13.0634803772,80.2115402222,35160,35201,41
13.0687198639,80.2049179077,35332,35393,61
13.0886697769,80.1698303223,36481,36563,82
13.0996599197,80.1699829102,36735,36775,40
13.0994195938,80.1698532104,36815,36876,61
13.0891599655,80.1695480347,37362,37413,51
13.0874099731,80.1925964355,37766,37838,72
13.0831699371,80.1986236572,38282,38352,70
13.0697803497,80.2048568726,38726,38786,60
13.063949585,80.2116775513,38918,38958,40
13.0506601334,80.2121963501,39140,39180,40
13.0450696945,80.2124328613,39291,39362,71
13.0340595245,80.2121200562,39523,39563,40
13.0095701218,80.2111587524,40219,40260,41
12.9759101868,80.2209320068,41208,41249,41
13.0071697235,80.2097473145,42772,42803,31
13.0350599289,80.2110214233,43327,43358,31
13.0440196991,80.2123184204,43529,43610,81
13.0485401154,80.2120819092,43660,43691,31
13.0687799454,80.2050476074,44034,44114,80
13.0881204605,80.1795883179,44821,44891,70
13.0994596481,80.1699295044,45305,45467,162
13.099439621,80.1701507568,45467,45557,90
13.0889596939,80.1695632935,45709,45779,70
13.0680303574,80.2053985596,46859,46910,51
13.038069725,80.2124176025,47455,47515,60
12.9760799408,80.2210922241,49271,49443,172
12.9760398865,80.2211990356,49443,49604,161
12.9970397949,80.1914901733,52502,52674,172
12.9971199036,80.1911773682,52674,52764,90
12.9968395233,80.1912307739,52764,52845,81
12.9969902039,80.1909713745,53814,53894,80
12.996720314,80.1909790039,53905,54076,171
13.0436296463,80.2122421265,54974,55005,31
13.069149971,80.2047271729,55549,55590,41
13.0877599716,80.1883010864,56125,56175,50
13.0881204605,80.1797180176,56276,56337,61
13.0993299484,80.1701278687,57830,57870,40
13.0890197754,80.1695709229,58022,58072,50
13.0683403015,80.2054672241,59172,59212,40
13.0642499924,80.2116928101,59434,59515,81
13.0639200211,80.2116928101,59515,59656,141
13.0449104309,80.2124328613,59909,59949,40
13.0376596451,80.2124099731,60030,60080,50
13.0096902847,80.211227417,60676,60726,50
12.9761400223,80.2202072144,61624,61705,81
13.0293798447,80.2087631226,64085,64127,42
13.0434398651,80.2122497559,64460,64551,91
13.0490503311,80.2119522095,64672,64813,141
13.063369751,80.2114486694,65065,65116,51
13.0687799454,80.2049789429,65297,65348,51
13.0714101791,80.2030410767,65459,65550,91
13.0829000473,80.1985092163,65904,65944,40
13.088060379,80.1797790527,66499,66530,31
13.0886001587,80.1704788208,66721,66782,61
13.0996599197,80.1700363159,66994,67064,70
13.099650383,80.1697387695,67075,67115,40
13.0993003845,80.1700592041,68063,68144,81
13.0887203217,80.1696395874,68578,68629,51
13.0883703232,80.1756820679,68800,68881,81
13.0882396698,80.179359436,68952,68992,40
13.0878696442,80.1877975464,69143,69174,31
13.0873699188,80.1926574707,69285,69355,70
13.0835199356,80.1987380981,69870,69941,71
13.0679502487,80.2053985596,70334,70374,40
13.063949585,80.2117462158,70617,70677,60
13.0504302979,80.2122192383,70940,71000,60
13.0453300476,80.2124176025,71172,71353,181
13.037779808,80.2124710083,71464,71515,51
13.0097904205,80.2113418579,72332,72383,51
12.9979696274,80.2166519165,73099,73140,41
12.9763097763,80.2201919556,73614,73755,141
12.9754896164,80.2206573486,73806,73885,79
12.9757204056,80.2209472656,73897,74078,181
12.9758195877,80.2210006714,74078,74260,182
12.9940700531,80.2177505493,75077,75108,31
12.9966201782,80.2165374756,75198,75269,71
13.0494003296,80.2119827271,76742,76813,71
13.0693902969,80.2055435181,77237,77318,81
13.0886497498,80.1696929932,78721,78781,60
13.0994195938,80.1701278687,78912,78963,51
13.0995702744,80.1703414917,78973,79033,60
13.0975799561,80.1700668335,80971,81011,40
13.0882997513,80.1767425537,81345,81406,61
13.0681495667,80.2054595947,82304,82343,39
13.0445203781,80.2124404907,82806,82846,40
13.0122699738,80.2213668823,83684,83724,40
12.9758501053,80.2210464478,84531,84572,41
13.0590000153,80.262512207,7962,8112,150
13.0588998795,80.262298584,8981,9153,172
13.0590400696,80.2623672485,17648,17719,71
13.0590600967,80.2623977661,18092,18132,40
13.0589599609,80.2622909546,26637,26748,111
13.0592002869,80.2621612549,40787,40892,105
13.0591602325,80.2622070313,40892,41039,147
13.0593595505,80.262260437,43710,43802,92
13.0592498779,80.2622680664,43853,44020,167
13.059129715,80.2621688843,44336,44462,126
13.0593795776,80.2622070313,44462,44493,31
13.0591402054,80.2622375488,44493,44662,169
13.0591402054,80.26222229,45847,46006,159
13.0590496063,80.2621917725,46006,46165,159
13.0274000168,80.2080612183,25676,25747,71
13.0441999435,80.2121963501,25989,26069,80
13.0495996475,80.2119293213,26160,26200,40
13.0993099213,80.1702423096,27491,27663,172
13.0697202682,80.2048110962,29055,29105,50
13.0354604721,80.2123794556,29710,29741,31
13.0346698761,80.2122421265,29761,29801,40
13.034330368,80.2122116089,29821,29852,31
13.0102300644,80.2116012573,30517,30588,71
13.0098896027,80.2113265991,30598,30689,91
13.0095500946,80.2111206055,30699,30759,60
12.976099968,80.2211608887,32926,32978,52
12.9871301651,80.2230529785,33290,33321,31
12.9935503006,80.2180404663,33502,33543,41
12.9956798553,80.2166671753,33664,33714,50
13.007229805,80.2097930908,34067,34107,40
13.0350599289,80.2109985352,34763,34813,50
13.0366802216,80.2122879028,34944,35055,111
13.0440597534,80.2122116089,35146,35237,91
13.0635499954,80.2115020752,35549,35590,41
13.071969986,80.2022781372,35862,35912,50
13.087269783,80.1929397583,36407,36457,50
13.0886297226,80.1702575684,36891,36951,60
13.0679998398,80.2052230835,39129,39170,41
13.0516901016,80.2121963501,39583,39624,41
13.0454597473,80.2124099731,39765,39805,40
13.0376501083,80.2123794556,39926,40007,81
13.0441904068,80.2122802734,43809,43910,101
13.0687503815,80.205116272,44435,44485,50
13.0721101761,80.2021636963,44586,44626,40
13.0872802734,80.1929321289,45050,45090,40
13.0886497498,80.1703033447,45544,45584,40
13.099650383,80.1699676514,45756,45857,101
13.0881700516,80.1812133789,48347,48388,41
13.0881795883,80.1818084717,48408,48448,40
13.0379695892,80.2124023438,50011,50062,51
13.0881004333,80.1799621582,55315,55346,31
13.088640213,80.1698989868,55527,55618,91
13.0829801559,80.1986999512,57907,57957,50
13.0699195862,80.2050018311,58209,58270,61
13.0679397583,80.2053604126,58330,58482,152
13.0695800781,80.2048034668,58532,58572,40
13.0450000763,80.2125091553,59067,59107,40
13.0098304749,80.2113494873,59823,59904,81
13.0094299316,80.2110671997,59914,59984,70
12.9761600494,80.2201766968,60983,61033,50
12.9756603241,80.2208175659,61073,61124,51
12.9762201309,80.2212982178,62173,62243,70
13.0081396103,80.2097320557,62969,63010,41
13.0478000641,80.2120819092,63878,63938,60
13.0481996536,80.2120513916,63938,63969,31
13.0483503342,80.2120285034,63969,64059,90
13.0710897446,80.2032623291,64705,64745,40
13.0877103806,80.1882705688,65421,65471,50
13.088139534,80.1796417236,65572,65643,71
13.0886297226,80.170211792,65804,65885,81
13.0992298126,80.170211792,66066,66127,61
13.0890798569,80.1696014404,66661,66732,71
13.0859003067,80.2004394531,67781,67821,40
13.0830802917,80.1987304688,67972,68023,51
13.0679798126,80.2054367065,68446,68497,51
13.0526103973,80.2121124268,68930,68991,61
13.0495595932,80.212272644,69051,69082,31
13.0349502563,80.2123184204,69656,69687,31
13.0095500946,80.2112121582,70514,70554,40
12.9983301163,80.2167816162,71300,71331,31
12.9761295319,80.2202072144,71865,71936,71
12.975859642,80.221031189,72006,72097,91
13.0418195724,80.2122802734,74699,74749,50
13.0418996811,80.212272644,74749,74840,91
13.0437002182,80.2122268677,74891,75002,111
13.0438404083,80.2121582031,75012,75143,131
13.0437002182,80.2122421265,75143,75193,50
13.04845047,80.212059021,75274,75314,40
13.0493097305,80.2119827271,75334,75375,41
13.0690898895,80.2060089111,75778,75859,81
13.0687398911,80.2051773071,75929,76000,71
13.0886201859,80.1697769165,77170,77210,40
13.099729538,80.1697235107,77785,77825,40
13.0993900299,80.1696472168,77926,78007,81
13.0997495651,80.1697235107,78007,78098,91
13.0997800827,80.1700973511,78108,78229,121
13.0702896118,80.2043609619,80437,80478,41
13.0680503845,80.205406189,80599,80639,40
13.0378103256,80.2124404907,81214,81285,71
13.009180069,80.2107925415,82051,82091,40
13.0119199753,80.212677002,82202,82233,31
12.9966697693,80.1929702759,84774,84814,40
12.9966001511,80.1925582886,84824,84865,41
12.9977197647,80.2563171387,20699,20739,40
13.0003795624,80.2655487061,20914,20954,40
12.9968500137,80.2561798096,60510,60551,41
12.9969100952,80.2561416626,60561,60621,60
13.0064897537,80.2532272339,61025,61057,32
13.0066003799,80.2519378662,61087,61188,101
13.0282402039,80.2309265137,62229,62290,61
13.0292797089,80.2308197021,62310,62351,41
13.0304002762,80.214012146,62969,63081,112
13.030090332,80.2092285156,63222,63273,51
13.0483102798,80.2108230591,64455,64495,40
13.0486898422,80.2108383179,64495,64546,51
13.0491399765,80.2077178955,65589,65620,31
13.0492601395,80.2082214355,65630,65690,60
13.049659729,80.2104263306,65802,65903,101
13.0498304367,80.2119216919,65960,66145,185
13.0363903046,80.2018890381,67086,67117,31
13.0304002762,80.2092895508,67501,67532,31
13.0306901932,80.2305374146,68271,68433,162
13.0270795822,80.2330169678,68586,68687,101
13.0035295486,80.256980896,70084,70134,50
13.0019598007,80.2566986084,70175,70225,50
13.0001096725,80.2564315796,70266,70326,60
12.9973897934,80.2560119629,70397,70478,81
13.0320501328,80.2101821899,78688,78722,34
13.0068998337,80.2401199341,80021,80082,61
13.0066204071,80.257270813,80336,80376,40
13.0002498627,80.2652664185,80862,80913,51
13.0005302429,80.2643203735,81135,81175,40
13.076089859,80.2751998901,12,63,51
13.0757904053,80.2749786377,800,911,111
13.0760498047,80.2751312256,2920,3092,172
13.0761604309,80.2751617432,3697,3738,41
13.0759496689,80.2752227783,3768,3808,40
13.0761098862,80.2752304077,3818,3930,112
13.0760698318,80.2749481201,7292,7333,41
13.0759496689,80.2751922607,7878,7928,50
13.0762701035,80.2750167847,8494,8575,81
13.0762500763,80.2749786377,10139,10180,41
13.0761203766,80.2749862671,10190,10311,121
13.0759801865,80.2750015259,10311,10372,61
13.0762300491,80.2752685547,15389,15470,81
13.075969696,80.2751083374,19589,19781,192
13.0760803223,80.2752838135,19781,19902,121
13.0760803223,80.2751464844,19912,20053,141
13.0760097504,80.2751464844,20053,20175,122
13.0758895874,80.2752075195,20175,20225,50
13.0760202408,80.2752075195,20922,21063,141
13.0760803223,80.275138855,21800,21982,182
13.0758800507,80.2752609253,21982,22042,60
13.0758695602,80.2751464844,22315,22466,151
13.0759096146,80.2750320435,22981,23112,131
13.0759897232,80.2750091553,23335,23486,151
13.0759496689,80.2750473022,23486,23617,131
13.0758600235,80.2750778198,23900,23981,81
13.0760202408,80.2750091553,23981,24072,91
13.075920105,80.2751998901,24072,24122,50
13.0758800507,80.2750091553,24122,24233,111
13.0761098862,80.2749404907,24233,24395,162
13.0761003494,80.2750015259,24395,24475,80
13.0758695602,80.2751464844,24484,24586,102
13.076089859,80.2750320435,24586,24768,182
13.0757799149,80.2752227783,24768,24819,51
13.0757398605,80.2753067017,24819,24910,91
13.0758695602,80.2750015259,24910,25010,100
13.0760698318,80.2750091553,25010,25192,182
13.0757303238,80.275138855,25798,25889,91
13.0759801865,80.2751235962,25889,25960,71
13.0756797791,80.2752838135,26161,26192,31
13.0758304596,80.2753601074,26192,26232,40
13.0759601593,80.2752685547,26262,26303,41
13.0759096146,80.2751083374,26303,26353,50
13.0760498047,80.2750778198,27356,27427,71
13.0760803223,80.2750778198,28265,28305,40
13.0761203766,80.2751464844,29012,29072,60
13.0759801865,80.275100708,29102,29294,192
13.076210022,80.2754821777,30273,30324,51
13.0761499405,80.2758483887,63593,63744,151
13.0762195587,80.2761383057,64047,64088,41
13.0759401321,80.2752838135,64219,64400,181
13.0761098862,80.2751693726,65905,65955,50
13.0759801865,80.2748718262,65965,66016,51
13.0995101929,80.2596969604,315,355,40
13.0995998383,80.2144012451,1111,1293,182
13.0690498352,80.2050323486,2029,2140,111
13.0679702759,80.2052993774,2171,2271,100
13.0683603287,80.2049331665,4500,4531,31
13.0971002579,80.2471008301,5812,5882,70
13.1005001068,80.2148513794,11107,11157,50
13.0682001114,80.2049636841,13376,13537,161
13.0685796738,80.2049179077,13537,13578,41
13.0695800781,80.2047805786,13628,13678,50
13.1364603043,80.2570114136,23653,23784,131
13.13422966,80.2536773682,23956,23996,40
13.0688295364,80.2048568726,26941,27002,61
13.1301898956,80.2136688232,28192,28253,61
13.1296300888,80.2416687012,29251,29291,40
13.1340303421,80.253578186,29554,29655,101
13.1364898682,80.2571182251,29806,29907,101
13.1359500885,80.257019043,30855,31036,181
13.0831604004,80.1986465454,33437,33517,80
13.0690002441,80.2050476074,33810,33981,171
13.1230602264,80.2012176514,35170,35212,42
13.1300802231,80.2135467529,35413,35444,31
13.1237602234,80.2483291626,38883,38953,70
13.1286401749,80.2417221069,39115,39216,101
13.1304702759,80.2142791748,39730,39770,40
13.0931100845,80.200630188,40537,40607,70
13.0831003189,80.1986694336,40829,40900,71
13.0690002441,80.2052764893,41172,41354,182
13.130109787,80.2136306763,42647,42697,50
13.1286497116,80.241607666,46015,46085,70
13.129119873,80.2410202026,46085,46126,41
13.1301403046,80.2136077881,49860,49901,41
13.1288003922,80.2414398193,53965,54015,50
13.1302404404,80.2140426636,54540,54580,40
13.0690498352,80.2050170898,56355,56405,50
13.1238298416,80.2483673096,60742,60802,60
13.1285800934,80.2418365479,60964,61024,60
13.1289701462,80.2412796021,61055,61095,40
13.1301898956,80.2140197754,61650,61750,100
13.0831203461,80.1986999512,62779,62840,61
13.0690202713,80.2052612305,63122,63203,81
13.0687904358,80.205291748,63223,63314,91
13.0689401627,80.2047805786,63334,63403,69
13.0828800201,80.1985168457,63747,63778,31
13.1305799484,80.2141265869,64806,64837,31
13.1303596497,80.2411270142,65896,65936,40
13.12981987,80.2416000366,65986,66047,61
13.1301603317,80.2501831055,66218,66249,31
13.1238803864,80.2484512329,68054,68104,50
13.1285400391,80.2419204712,68276,68336,60
13.0929803848,80.2006988525,69799,69839,40
13.0687303543,80.2051467896,70848,70888,40
13.0711698532,80.2031784058,70989,71029,40
13.071269989,80.2030410767,71029,71060,31
13.1300802231,80.2136764526,72462,72512,50
13.1468601227,80.2316818237,73548,73639,91
13.142780304,80.2360305786,74183,74223,40
13.1302995682,80.2141265869,76452,76493,41
13.0830097198,80.198677063,77340,77401,61
13.0719804764,80.2023620605,78339,78389,50
13.1301002502,80.2136535645,79458,79509,51
13.1199398041,80.2589035034,85679,85820,141
13.0758495331,80.2754821777,22660,22701,41
13.0879201889,80.2839126587,23094,23226,132
12.9357595444,80.2338790894,26336,26376,40
12.9488201141,80.2406005859,26578,26619,41
12.9878196716,80.2553634644,27235,27275,40
13.064040184,80.2834014893,28780,28830,50
13.0888395309,80.2901916504,29123,29174,51
13.0624103546,80.2830810547,31355,31395,40
13.0456495285,80.2801513672,31617,31648,31
13.0037698746,80.2570037842,32587,32678,91
13.0024499893,80.2566833496,32728,32799,71
12.9880104065,80.2558288574,33102,33233,131
12.9871997833,80.2557067871,33253,33314,61
12.9848003387,80.2552032471,33374,33405,31
12.964389801,80.2471313477,33869,33970,101
12.9257001877,80.2381591797,34970,35121,151
12.931189537,80.2384796143,35293,35343,50
12.9349603653,80.2353973389,35505,35545,40
12.9473199844,80.2399673462,35808,35909,101
12.9877901077,80.255241394,37009,37130,121
12.995759964,80.255859375,37302,37363,61
12.9982204437,80.2558670044,37423,37454,31
12.9990196228,80.2560424805,37484,37534,50
13.0052700043,80.2571792603,37655,37686,31
13.0163402557,80.259552002,37847,37878,31
13.0239200592,80.2736434937,38181,38241,60
13.0316696167,80.2775497437,38483,38524,41
13.0375003815,80.2783279419,38625,38665,40
13.088760376,80.2901077271,39473,39523,50
13.0866603851,80.2838287354,39664,39733,69
13.0881204605,80.2838134766,39784,39875,91
13.0881595612,80.2838668823,40218,40349,131
13.0884504318,80.2850494385,41096,41177,81
13.0884304047,80.2852096558,41177,41208,31
13.0888500214,80.2901916504,41329,41379,50
12.9884500504,80.2559432983,43419,43469,50
12.9635801315,80.2468338013,43903,43934,31
12.9568796158,80.243888855,44025,44095,70
12.9634103775,80.2466583252,45700,45771,71
12.9796600342,80.2525863647,45983,46034,51
12.9849796295,80.2520370483,46104,46145,41
12.986869812,80.2515792847,46185,46296,111
12.9877901077,80.255027771,46367,46458,91
12.9965295792,80.2557983398,46639,46700,61
12.9992103577,80.2560424805,46801,46841,40
13.0010004044,80.2564086914,46882,46932,50
13.0301103592,80.2768325806,47748,47809,61
13.030500412,80.2770004272,47809,47940,131
13.0307197571,80.2771224976,47940,47990,50
13.0324497223,80.2774963379,48112,48162,50
13.0326404572,80.2774963379,48172,48273,101
13.0330896378,80.2774429321,48293,48364,71
13.0335597992,80.2772903442,48374,48414,40
13.0339298248,80.2773590088,48414,48495,81
13.0350103378,80.2776184082,48536,48596,60
13.0834798813,80.2891769409,49263,49328,65
13.0888299942,80.2901611328,49379,49419,40
13.0854597092,80.2833709717,49518,49639,121
13.0760297775,80.2747268677,49981,50164,183
13.0757102966,80.2752075195,50184,50255,71
13.0874996185,80.2839279175,52497,52557,60
13.0885601044,80.2816696167,53112,53163,51
13.0883798599,80.282333374,53203,53284,81
13.0883598328,80.2827224731,53294,53345,51
13.0883102417,80.2831192017,53345,53395,50
13.0884103775,80.2848968506,53435,53506,71
13.0887699127,80.2901535034,53678,53738,60
12.9566297531,80.2436904907,55950,56000,50
12.9338102341,80.2350616455,57050,57091,41
12.9357404709,80.2339096069,57151,57191,40
12.9793596268,80.252571106,57747,57797,50
12.9812002182,80.2526016235,57848,57918,70
12.9849004745,80.2520904541,58050,58161,111
12.9968099594,80.2558517456,58443,58484,41
13.0060596466,80.2574081421,58777,58837,60
13.03083992,80.2772369385,59383,59433,50
13.0852203369,80.2841033936,60534,60574,40
13.0880203247,80.2839584351,60583,60754,171
13.0240497589,80.2740783691,63129,63179,50
13.00137043,80.2565917969,63714,63795,81
12.9904203415,80.2560577393,64037,64068,31
12.9569396973,80.243888855,64764,64815,51
12.9564599991,80.2437362671,64865,64896,31
12.9312095642,80.2385864258,65471,65502,31
12.9283399582,80.2388687134,65582,65633,51
12.9357500076,80.2339172363,66340,66390,50
12.9488801956,80.2406997681,66612,66733,121
12.9633703232,80.24659729,66976,67016,40
12.9746599197,80.2506332397,67208,67259,51
12.9878396988,80.2544937134,68511,68600,89
12.9936800003,80.2560119629,68793,68844,51
12.9964504242,80.2559204102,68925,69036,111
13.0238304138,80.273651123,69742,69783,41
13.043129921,80.2795562744,70187,70227,40
13.0882101059,80.2901306152,70904,70954,50
13.0884599686,80.2901763916,70964,71025,61
13.0886802673,80.2901611328,71045,71106,61
13.0851202011,80.2841491699,71287,71318,31
13.0383901596,80.278678894,73155,73206,51
13.037560463,80.278427124,73256,73327,71
13.0335702896,80.2774429321,73458,73519,61
13.0042800903,80.2571411133,74327,74418,91
13.0024299622,80.2567825317,74478,74529,51
12.997130394,80.2559661865,74700,74801,101
12.9877500534,80.255897522,74953,75125,172
12.9471797943,80.2401123047,75831,75862,31
12.935839653,80.2339706421,76023,76054,31
12.9257698059,80.2382583618,76437,76468,31
12.9632701874,80.24659729,77296,77336,40
12.987739563,80.2554016113,78013,78164,151
13.0332803726,80.2773895264,79194,79234,40
13.0886497498,80.2900772095,79961,80022,61
12.9977703094,80.2559967041,24583,24624,41
12.9866199493,80.2592468262,24896,24987,91
12.9867897034,80.2590332031,24997,25057,60
13.0754499435,80.2583999634,27387,27457,70
13.0986404419,80.2417831421,28093,28163,70
13.0398101807,80.2471694946,30378,30419,41
13.0070495605,80.239730835,31246,31296,50
13.0067195892,80.2427520752,31345,31377,32
13.0019702911,80.2566299438,31770,31830,60
12.9887199402,80.2559509277,32113,32204,91
12.9876098633,80.2563400269,34138,34180,42
12.995759964,80.255859375,34392,34462,70
13.0066900253,80.2518920898,34886,34926,40
13.0068902969,80.2492675781,34966,35007,41
13.0067396164,80.2479095459,35047,35168,121
13.0227804184,80.2268676758,36005,36045,40
13.0257701874,80.2304000854,36206,36237,31
13.0310401917,80.2395477295,36418,36479,61
13.0388402939,80.2467727661,36650,36690,40
13.0619697571,80.2627182007,37457,37497,40
13.0973300934,80.2420501709,38677,38747,70
13.098449707,80.2423400879,39057,39089,32
13.0975399017,80.2422485352,39089,39201,112
13.0952796936,80.2414932251,39201,39273,72
13.0941095352,80.2411880493,39273,39311,38
13.0887203217,80.2416687012,39311,39382,71
13.0875797272,80.2436828613,39382,39420,38
13.085849762,80.247718811,39420,39492,72
13.0857095718,80.2522277832,39492,39564,72
13.0855398178,80.2547225952,39564,39607,43
13.0832395554,80.2545394897,39607,39679,72
13.0808696747,80.2548065186,39679,39716,37
13.0793399811,80.2546386719,39716,39860,144
13.0790500641,80.2554473877,39860,39897,37
13.076210022,80.25756073,39897,39969,72
13.076259613,80.2597885132,39969,40006,37
13.0777597427,80.2619171143,40006,40078,72
13.0781698227,80.2632217407,40078,40115,37
13.0741701126,80.2622909546,40115,40226,111
13.0732698441,80.2614135742,40255,40286,31
13.0726003647,80.2629165649,40286,40318,32
13.0719995499,80.2641067505,40347,40378,31
13.0317802429,80.241569519,41406,41487,81
13.031080246,80.240020752,41507,41608,101
13.0266799927,80.2333831787,41718,41749,31
13.0072698593,80.2382583618,42283,42404,121
13.0069599152,80.2397003174,42434,42485,51
13.0065803528,80.2571029663,42838,42878,40
13.0021095276,80.2566680908,42999,43068,69
12.9976196289,80.2569122314,43241,43392,151
12.9970998764,80.2559585571,43431,43483,52
12.987279892,80.2593536377,43674,43735,61
12.9940700531,80.2559585571,44420,44491,71
13.006819725,80.249786377,45096,45146,50
13.0066795349,80.2482376099,45187,45257,70
13.0263996124,80.2325820923,45963,46003,40
13.0662202835,80.2680587769,47162,47193,31
13.0789203644,80.2549133301,47828,47869,41
13.0969495773,80.2419891357,48484,48524,40
13.0976400375,80.2422485352,48897,48937,40
13.0313301086,80.2404937744,50914,50984,70
13.006939888,80.2400436401,51660,51700,40
13.0066604614,80.2571182251,51972,52033,61
13.0014600754,80.2565536499,52152,52224,72
12.9872503281,80.259437561,52577,52668,91
12.9868297577,80.2590789795,52881,52921,40
12.9869804382,80.2591171265,52921,52952,31
12.987449646,80.2574615479,52981,53022,41
12.9965696335,80.255821228,53274,53324,50
13.0065498352,80.2527389526,53677,53748,71
13.0066995621,80.2517623901,53768,53859,91
13.0259599686,80.2309494019,54554,54595,41
13.0670003891,80.2685394287,55774,55815,41
13.0754899979,80.2584762573,56309,56359,50
13.096540451,80.2418136597,57115,57166,51
13.077750206,80.262008667,59236,59306,70
13.0778598785,80.2623596191,59306,59417,111
13.0397195816,80.2471084595,60668,60708,40
13.032910347,80.2433013916,60869,61031,162
13.0317602158,80.2414703369,61121,61283,162
13.0246896744,80.2291717529,61525,61595,70
13.0239200592,80.2282714844,61615,61646,31
13.0068397522,80.2507781982,62291,62331,40
13.0068798065,80.2512664795,62341,62372,31
12.9892597198,80.2560272217,62845,62876,31
12.9873104095,80.2592926025,62976,63017,41
12.9951601028,80.2559127808,64287,64337,50
12.9966602325,80.255897522,64377,64438,61
13.0052700043,80.257270813,64660,64771,111
13.0065603256,80.2522201538,64922,64992,70
13.0257797241,80.2304763794,66041,66081,40
13.0308599472,80.2394180298,66273,66344,71
13.0389003754,80.2469100952,66575,66666,91
13.06828022,80.2693481445,67654,67685,31
13.0703401566,80.2659301758,67785,67826,41
13.0755195618,80.2581481934,68038,68088,50
13.0789899826,80.2565917969,68159,68199,40
13.0856399536,80.2460784912,68683,68723,40
13.0969800949,80.2420806885,69046,69096,50
13.0984096527,80.2423782349,69793,69843,50
13.0976295471,80.2423095703,69863,69924,61
13.0777597427,80.2622909546,70781,70821,40
13.0400600433,80.2472610474,72078,72119,41
13.0336198807,80.2443771362,72270,72310,40
13.0330696106,80.2438735962,72331,72391,60
13.0329198837,80.2435379028,72391,72441,50
13.0326099396,80.2430725098,72492,72542,50
13.0325498581,80.2428436279,72542,72593,51
13.031999588,80.2421798706,72633,72744,111
13.0311803818,80.2404785156,72774,72855,81
13.0044002533,80.2572097778,74236,74297,61
13.0036096573,80.2570037842,74327,74398,71
13.0018100739,80.2566604614,74458,74509,51
12.9885101318,80.2560119629,74821,74872,51
12.9874095917,80.2581329346,75491,75572,81
12.9875497818,80.2566604614,75622,75753,131
12.9941501617,80.2559967041,75905,75945,40
12.9954595566,80.2559204102,75985,76046,61
12.9989595413,80.2561187744,76187,76227,40
13.0066003799,80.2524414063,76488,76540,52
13.0310401917,80.239616394,77427,77498,71
13.0754804611,80.2585525513,78738,78799,61
13.097120285,80.2420425415,79585,79636,51
13.0984697342,80.2420730591,79757,79949,192
13.0777997971,80.2621383667,80837,80878,41
13.031999588,80.2420883179,81977,82058,81
13.0314302444,80.2406768799,82088,82158,70
12.987279892,80.2591781616,83459,83500,41
13.0146598816,80.2257080078,24,205,181
13.0147600174,80.2259597778,1487,1587,100
13.0145597458,80.2256698608,4785,4876,91
13.0145597458,80.2257385254,6571,6702,131
13.0146503448,80.2257537842,7731,7872,141
13.0152997971,80.2258300781,17809,17840,31
12.8706798553,80.1742172241,19855,19926,71
12.8565797806,80.1721878052,20107,20148,41
12.8307504654,80.1654968262,20509,20541,32
12.8276596069,80.1651306152,21510,21550,40
12.8799800873,80.170211792,23778,23848,70
12.9752702713,80.2206420898,25775,25866,91
12.9762201309,80.2212371826,25906,25946,40
13.0347795486,80.2303390503,27132,27172,40
13.0342903137,80.2300262451,28443,28484,41
12.9336299896,80.2038803101,30762,30794,32
12.9166898727,80.1923217773,31359,31399,40
12.9132699966,80.1920089722,31460,31500,40
12.8705997467,80.1743164063,32305,32374,69
12.8677997589,80.1759490967,32374,32405,31
12.8276901245,80.1651382446,33030,33071,41
12.8100004196,80.1595535278,33383,33414,31
12.8798599243,80.1701202393,35461,35502,41
12.8808698654,80.1706237793,35502,35539,37
12.9171695709,80.1920166016,36275,36306,31
12.917140007,80.193069458,36406,36437,31
12.9338903427,80.2038726807,36840,36871,31
12.9711999893,80.2189102173,37536,37627,91
12.9727897644,80.2195892334,37718,37849,131
12.9748802185,80.2205123901,37930,38061,131
12.9762001038,80.2212219238,38121,38172,51
13.0256099701,80.2301635742,39382,39413,31
13.034529686,80.2304000854,39695,39756,61
13.0345001221,80.2299118042,39846,39998,152
13.0270204544,80.2329483032,40764,40835,71
12.9828796387,80.2219467163,42166,42197,31
12.8564195633,80.1721420288,44466,44507,41
12.8351297379,80.1676712036,44829,44880,51
12.8745803833,80.1716384888,47824,47873,49
12.9174404144,80.1908035278,48678,48749,71
13.0347995758,80.2303085327,51301,51332,31
13.0229797363,80.2274627686,52693,52724,31
12.9756603241,80.221031189,53722,53763,41
12.9166603088,80.1923294067,55064,55114,50
12.9097003937,80.1914672852,55205,55326,121
12.8276596069,80.1651611328,56819,56879,60
12.8100099564,80.1595916748,57111,57162,51
12.8562698364,80.1720962524,58453,58504,51
12.8766202927,80.1705780029,58877,58917,40
12.8795795441,80.1699829102,58917,58954,37
12.880200386,80.1703414917,58954,58985,31
12.8839502335,80.1713180542,59042,59075,33
12.8839502335,80.1713180542,59075,59107,32
12.8927402496,80.1787872314,59236,59277,41
12.8942499161,80.1803970337,59277,59316,39
12.9171695709,80.1919708252,59760,59791,31
12.9724798203,80.2195587158,61042,61122,80
12.9724597931,80.2196807861,61122,61153,31
12.9733896255,80.2199707031,61183,61223,40
12.973690033,80.2200622559,61233,61264,31
13.0196695328,80.2245025635,62393,62424,31
13.0283098221,80.2309265137,62656,62696,40
13.029299736,80.230796814,62726,62777,51
13.0322303772,80.2305831909,62867,62928,61
13.0325202942,80.2305297852,62938,63110,172
13.0336198807,80.23046875,63160,63221,61
13.0345201492,80.2303466797,63241,63291,50
13.0347099304,80.2299118042,63331,63493,162
12.9877004623,80.223197937,65288,65349,61
12.9755096436,80.221031189,65631,65662,31
12.9166898727,80.1922836304,67195,67266,71
12.9060401917,80.1886825562,67800,67831,31
12.8971500397,80.1818771362,68032,68063,31
12.8755903244,80.1709213257,68495,68556,61
12.8733501434,80.17237854,68556,68588,32
12.8273696899,80.1649932861,69350,69418,68
12.8189401627,80.1607437134,69489,69559,70
12.8132295609,80.1594390869,69639,69670,31
12.8099498749,80.1594772339,69730,69762,32
12.8101501465,80.1595993042,69762,69793,31
12.8101797104,80.1596069336,69793,69853,60
12.8276700974,80.1650924683,70337,70368,31
12.8563804626,80.1720733643,70890,70931,41
12.8783998489,80.1699829102,71201,71270,69
12.9494400024,80.2100372314,73063,73104,41
12.9714803696,80.2190322876,73428,73559,131
12.9733200073,80.2197799683,73680,73861,181
12.9761295319,80.2212295532,73992,74033,41
13.0244998932,80.2284698486,75314,75364,50
12.9972696304,80.2569274902,3937,3998,61
12.9974498749,80.2570800781,18113,18275,162
12.9977502823,80.2567901611,18850,18921,71
12.9869499207,80.2590866089,19486,19547,61
13.015540123,80.2249679565,20526,20577,51
13.0193500519,80.224319458,20637,20668,31
13.0975599289,80.2422180176,24606,24686,80
13.0839195251,80.2545394897,25141,25191,50
13.076789856,80.2602996826,25444,25484,40
13.0777196884,80.2619476318,25535,25585,50
13.0777902603,80.2622833252,25595,25646,51
13.0647802353,80.2675018311,26038,26109,71
13.0397701263,80.2470932007,26605,26655,50
13.0066604614,80.2574768066,27766,27816,50
13.0055599213,80.2573699951,27857,27897,40
12.9884700775,80.2558898926,28271,28352,81
12.9865503311,80.2594299316,28513,28624,111
12.9865598679,80.2596206665,28624,28725,101
12.9865598679,80.2594604492,29099,29139,40
12.9865999222,80.2595291138,29139,29241,102
12.9865503311,80.2594680786,29251,29382,131
12.9865703583,80.2594604492,29382,29423,41
12.9867601395,80.2590789795,29443,29493,50
12.9875602722,80.2559967041,29584,29675,91
12.9985103607,80.2559890747,29907,29998,91
13.0066995621,80.2518997192,30243,30323,80
13.0259504318,80.2308807373,31174,31214,40
13.0813798904,80.2509307861,32839,32880,41
13.0857000351,80.2457962036,33072,33144,72
13.098449707,80.2423171997,34257,34388,131
13.0969400406,80.2419967651,34449,34509,60
13.0965995789,80.2418670654,34509,34570,61
13.0860204697,80.244972229,34863,34903,40
13.0778102875,80.2621917725,35489,35560,71
13.0738096237,80.26171875,35701,35732,31
13.0401201248,80.2471618652,36664,36704,40
13.0318098068,80.2415313721,36938,37019,81
13.0314998627,80.2408828735,37049,37130,81
13.0312595367,80.2403411865,37150,37231,81
13.0244197845,80.2287979126,37463,37502,39
13.0071697235,80.2389221191,38111,38162,51
13.006819725,80.2513198853,38495,38535,40
13.0066795349,80.2572937012,38637,38737,100
13.0027303696,80.2567672729,38829,38879,50
12.9977903366,80.2568893433,39081,39202,121
12.997590065,80.2570419312,39213,39313,100
12.9975404739,80.2567825317,39324,39455,131
12.9971599579,80.2559204102,39505,39566,61
12.9887199402,80.2559585571,39698,39759,61
12.9867601395,80.2590866089,39900,39940,40
12.9869003296,80.2591094971,39940,39991,51
12.9869604111,80.2590408325,39991,40041,50
12.9875001907,80.2571716309,40082,40122,40
12.987569809,80.2559509277,40162,40243,81
13.0063495636,80.2573623657,40688,40740,52
13.0066604614,80.2518310547,40871,40952,81
13.006649971,80.2476196289,41012,41043,31
13.0257101059,80.2304382324,41693,41733,40
13.0755300522,80.2585296631,43374,43424,50
13.0968799591,80.2419891357,44144,44205,61
13.0984697342,80.2420730591,44316,44487,171
13.0985898972,80.2423782349,44487,44548,61
13.0795602798,80.2545776367,45256,45296,40
13.0776596069,80.2621765137,45498,45538,40
13.03125,80.2403182983,46984,47065,81
13.0066299438,80.2445220947,47822,47863,41
13.0016098022,80.2565994263,48247,48317,70
12.9883699417,80.2558898926,48601,48641,40
12.9872198105,80.2593994141,48722,48772,50
12.9871797562,80.2596130371,48772,48843,71
12.9866695404,80.2591018677,49410,49511,101
12.986989975,80.2591629028,49511,49571,60
12.9875802994,80.255859375,49652,49833,181
13.0062999725,80.2574615479,50259,50299,40
13.0065603256,80.2535095215,50410,50450,40
13.0065402985,80.2523727417,50491,50571,80
13.0306301117,80.2388000488,51574,51614,40
13.0661401749,80.2679901123,52676,52716,40
13.0668697357,80.2684783936,52746,52778,32
13.0856895447,80.245552063,53727,53779,52
13.0985002518,80.2419586182,54556,54647,91
13.097530365,80.2422103882,55992,56073,81
13.0790901184,80.2564697266,56658,56689,31
13.0311098099,80.2400817871,58316,58367,51
13.0067501068,80.2575378418,59348,59429,81
12.9880304337,80.2558670044,59781,59844,63
12.9874401093,80.2577133179,60439,60550,111
12.9946403503,80.2559585571,60785,60835,50
12.9959697723,80.2559204102,60886,60926,40
13.0006399155,80.2564315796,61057,61088,31
13.0060195923,80.2574005127,61199,61239,40
13.0065002441,80.2527008057,61330,61441,111
13.0066299438,80.2518615723,61461,61603,142
13.0065498352,80.2418899536,61766,61816,50
13.0387001038,80.2467575073,62928,62967,39
13.0790300369,80.2565536499,64283,64314,31
13.0963096619,80.2418212891,65002,65042,40
13.0776395798,80.2619781494,66477,66517,40
13.0494403839,80.2498703003,67792,67833,41
13.0474796295,80.2489013672,67974,68025,51
13.0408000946,80.2473602295,68268,68308,40
13.0334396362,80.2439498901,68591,68742,151
13.0328502655,80.2432479858,68783,68853,70
13.0326700211,80.2429885864,68853,68924,71
13.0318098068,80.2416992188,69005,69116,111
13.0085296631,80.2316665649,69905,69956,51
13.0082397461,80.2335510254,70047,70097,50
13.0074300766,80.2372817993,70220,70282,62
13.007349968,80.2376708984,70292,70393,101
13.0069904327,80.239730835,70454,70585,131
13.0067901611,80.2398834229,70595,70645,50
13.0068597794,80.239982605,70645,70686,41
13.0065402985,80.257019043,71070,71110,40
12.997179985,80.2559204102,71372,71423,51
12.9878797531,80.2558670044,71574,71615,41
12.9871997833,80.2594299316,71685,71716,31
12.9873600006,80.2586517334,72717,72758,41
12.9874696732,80.2567901611,72798,72889,91
12.9875602722,80.2565765381,72889,72971,82
12.9961700439,80.255897522,73162,73213,51
13.006360054,80.2574081421,73475,73506,31
13.0065498352,80.2522735596,73627,73687,60
13.0066003799,80.2480163574,73780,73871,91
13.0065803528,80.2412109375,74023,74073,50
13.0065603256,80.2410736084,74073,74113,40
13.07791996,80.256690979,76234,76303,69
13.0952396393,80.2414321899,76990,77030,40
13.0958204269,80.2416305542,77051,77149,98
13.0963497162,80.2417984009,77160,77240,80
13.0968399048,80.2420196533,77250,77331,81
13.0975399017,80.2421798706,77664,77735,71
13.0774803162,80.263923645,78523,78583,60
13.0318899155,80.2417831421,79652,79694,42
13.0311899185,80.2403182983,79724,79795,71
13.0068397522,80.2400970459,80350,80421,71
12.9977703094,80.2566223145,81511,81632,121
12.9866695404,80.2590408325,17,117,100
12.9870901108,80.2591934204,1833,1924,91
12.9874095917,80.2590713501,1934,2035,101
12.9873800278,80.2588577271,3761,3832,71
12.9873600006,80.2587890625,4700,4851,151
12.9872303009,80.2589797974,11969,12019,50
12.9873695374,80.2587814331,16390,16481,91
12.9872503281,80.2588272095,20338,20398,60
12.9871301651,80.2587432861,20398,20529,131
12.987279892,80.2588195801,20529,20570,41
12.9873800278,80.2588577271,20570,20610,40
12.9871101379,80.2586975098,20903,20953,50
12.9867601395,80.2589187622,24274,24345,71
12.9339799881,80.2350234985,25137,25190,53
12.9283103943,80.2388381958,25452,25483,31
12.9257202148,80.2382507324,25543,25584,41
12.9250402451,80.238319397,25614,25654,40
12.9311504364,80.2384567261,26896,27078,182
12.9313402176,80.2385406494,27088,27148,60
12.9357795715,80.2339096069,27390,27421,31
12.9632902145,80.2465209961,27863,27903,40
12.9797496796,80.2526168823,28125,28156,31
12.9991998672,80.256072998,28527,28578,51
13.0333003998,80.2774200439,29282,29322,40
13.033659935,80.2763519287,29353,29413,60
13.033949852,80.2764663696,29423,29492,69
13.0338897705,80.2764434814,29492,29623,131
13.0333995819,80.2773666382,29694,29754,60
13.0867004395,80.2838821411,30782,30842,60
13.0879297256,80.2839736938,30873,30943,70
13.0884504318,80.2850799561,32417,32498,81
13.0888004303,80.2902374268,32645,32678,33
12.9985599518,80.2561035156,34406,34437,31
12.9902000427,80.2560272217,34648,34729,81
12.9879398346,80.255859375,34780,34921,141
12.9841995239,80.2550506592,35082,35123,41
12.9797401428,80.2526092529,37986,38037,51
12.9849901199,80.2520599365,38107,38289,182
12.9851198196,80.2520599365,38289,38380,91
12.9959201813,80.255821228,38723,38783,60
13.0061502457,80.2573394775,39034,39093,59
13.0230398178,80.2724533081,39567,39607,40
13.023639679,80.2733001709,39627,39688,61
13.0638399124,80.2831573486,40420,40452,32
13.0808296204,80.2882614136,40714,40765,51
13.0888395309,80.2901229858,40896,40966,70
13.0867595673,80.2838973999,41187,41229,42
13.0878000259,80.2839431763,41269,41401,132
13.0884599686,80.2849578857,42481,42562,81
13.0888299942,80.2902069092,42713,42762,49
13.0336904526,80.2773971558,43589,43620,31
13.0260801315,80.2752990723,43791,43822,31
13.0209503174,80.2699813843,43933,43973,40
13.0017795563,80.2566299438,44517,44557,40
12.997300148,80.2559204102,44668,44699,31
12.9888601303,80.2559280396,44823,44854,31
12.9861803055,80.2555389404,44904,44935,31
12.9571895599,80.2439880371,45420,45461,41
12.9282798767,80.2388000488,46167,46207,40
12.9259004593,80.2382202148,46268,46308,40
12.9357204437,80.2338790894,47043,47104,61
12.9633903503,80.24659729,47627,47688,61
12.970410347,80.2494506836,47810,47849,39
12.9784803391,80.252281189,47880,47947,67
12.9797897339,80.2526168823,47978,48038,60
12.9818496704,80.2525177002,48080,48120,40
12.9827098846,80.2525024414,48140,48201,61
12.9834604263,80.2524032593,48231,48271,40
12.9875001907,80.2513809204,48402,48574,172
12.9963798523,80.2557983398,48836,48877,41
12.9989204407,80.2560501099,48967,49018,51
13.0430698395,80.2795562744,50181,50232,51
13.0888595581,80.2901992798,50977,51027,50
13.0884599686,80.2815322876,53328,53359,31
13.0884199142,80.2821884155,53379,53426,47
13.0883998871,80.2826919556,53447,53489,42
13.0883302689,80.2830734253,53489,53529,40
13.0883903503,80.2848892212,53590,53660,70
13.0887403488,80.2897033691,53812,53862,50
13.088760376,80.2900695801,53862,53921,59
13.0336704254,80.2773971558,54726,54817,91
13.0335302353,80.2766799927,54857,54898,41
13.0336399078,80.2762985229,54898,54938,40
13.0334300995,80.2771377563,56090,56141,51
13.0243597031,80.2744216919,56343,56379,36
13.0021400452,80.2566604614,56834,56895,61
12.9877700806,80.255821228,57192,57304,112
12.9564599991,80.2437210083,57897,57937,40
12.9291200638,80.2390365601,58543,58593,50
12.9271097183,80.2384796143,58745,58846,101
12.9561300278,80.243270874,59642,59713,71
12.9792995453,80.2525787354,60126,60187,61
12.9804296494,80.2526626587,60217,60308,91
12.9837999344,80.2524032593,60439,60591,152
12.985710144,80.2519073486,60671,60722,51
12.99421978,80.2559585571,61064,61125,61
12.9957199097,80.255859375,61175,61225,50
13.0061597824,80.2573928833,61498,61558,60
13.032500267,80.2774734497,62346,62396,50
13.0430803299,80.2795791626,62578,62638,60
13.063949585,80.2834396362,63030,63104,74
13.0852499008,80.2842636108,63618,63659,41
13.0876703262,80.2839584351,63750,63810,60
13.0880899429,80.2837600708,64648,64688,40
13.0882396698,80.2834014893,64698,64729,31
13.088809967,80.2900009155,65101,65202,101
13.0018997192,80.2566833496,67321,67381,60
12.9907302856,80.2560806274,67684,67734,50
12.9884796143,80.2559585571,67805,67866,61
12.9882497787,80.2559967041,67866,67977,111
12.9785804749,80.2526397705,68259,68300,41
12.9469900131,80.2400588989,68925,68956,31
12.9746799469,80.2506408691,71394,71532,138
12.9797897339,80.2526931763,71645,71685,40
12.9957895279,80.255897522,72622,72682,60
13.0291204453,80.2766189575,73732,73833,101
13.0293998718,80.2766723633,73833,73893,60
13.0300502777,80.2769012451,73914,73964,50
13.0356397629,80.2778701782,74257,74317,60
13.0888299942,80.2903366089,75233,75283,50
13.0884599686,80.2850799561,77413,77453,40
12.9349498749,80.2354202271,81278,81316,38
12.9560604095,80.2432098389,81663,81704,41
12.9630403519,80.246383667,81855,81906,51
12.987569809,80.2513809204,82428,82459,31
12.9876899719,80.2552566528,82519,82560,41
12.9873800278,80.2585220337,82640,82681,41
13.0506000519,80.206161499,152,191,39
13.0504999161,80.2060623169,1383,1435,52
13.0505199432,80.2062225342,1697,1746,49
13.0505304337,80.2062301636,2315,2355,40
13.0504903793,80.2062072754,2628,2678,50
13.0504903793,80.2062072754,2941,2990,49
13.0505800247,80.2062835693,3254,3300,46
13.0504903793,80.2062225342,3567,3610,43
13.0505399704,80.2062606812,4105,4149,44
13.0504398346,80.2062835693,5651,5690,39
13.0505104065,80.206199646,6883,6932,49
13.0504999161,80.2063217163,7509,7553,44
13.0505199432,80.2061767578,8125,8174,49
13.0504903793,80.206237793,8438,8485,47
13.0505304337,80.2062072754,8751,8795,44
13.0504398346,80.2063064575,9366,9415,49
13.0506401062,80.2062835693,9992,10037,45
13.0505304337,80.2063293457,10921,10968,47
13.0505504608,80.2062988281,11850,11900,50
13.0505599976,80.2062530518,12163,12212,49
13.0505399704,80.2061767578,12476,12521,45
13.0505599976,80.2062683105,13708,13759,51
13.0505399704,80.2062606812,15577,15617,40
13.0505599976,80.2063064575,15879,15928,49
13.0505304337,80.2060394287,16192,16244,52
13.0505695343,80.206199646,16812,16861,49
13.0504398346,80.2062301636,17427,17478,51
13.0505199432,80.2062225342,18064,18096,32
13.0504598618,80.2061691284,18356,18387,31
13.0505399704,80.2061767578,18669,18713,44
13.0505304337,80.2062835693,19286,19330,44
13.0503196716,80.2062988281,20075,20123,48
13.0506095886,80.206161499,21004,21055,51
13.050620079,80.206199646,21630,21678,48
13.0504398346,80.206237793,22247,22300,53
13.0504999161,80.2061462402,22559,22611,52
13.0506801605,80.2062988281,22872,22923,51
13.0505304337,80.2061920166,23802,23855,53
13.0505199432,80.2062530518,24115,24165,50
13.0506000519,80.2062606812,24427,24476,49
13.0504999161,80.2062606812,24740,24787,47
13.0506000519,80.2062225342,25053,25095,42
13.0505504608,80.2062225342,25356,25405,49
13.0505304337,80.206199646,25669,25715,46
13.0506296158,80.2063293457,26295,26336,41
13.0506000519,80.2062683105,26598,26647,49
13.0505895615,80.2062072754,27527,27579,52
13.0505504608,80.2062530518,28154,28199,45
13.0505304337,80.206199646,28466,28509,43
13.050450325,80.206237793,29385,29435,50
13.0504703522,80.2061767578,30011,30051,40
13.0504598618,80.2061386108,30930,30977,47
13.0510501862,80.2061920166,31546,31592,46
13.0510196686,80.2061233521,32172,32211,39
13.0509595871,80.2062225342,32475,32519,44
13.0509901047,80.206199646,32778,32827,49
13.0509500504,80.2061309814,33394,33443,49
13.0510902405,80.2061691284,34010,34061,51
13.0510597229,80.2062072754,34636,34679,43
13.0508804321,80.2061920166,35297,35416,119
13.0509901047,80.2061462402,35416,35460,44
13.0508804321,80.206199646,35720,35769,49
13.0509700775,80.2062225342,36033,36077,44
13.050860405,80.206161499,37265,37313,48
13.0509395599,80.2063674927,37881,37932,51
13.0509195328,80.2061920166,38204,38242,38
13.0509500504,80.2062606812,38507,38551,44
13.0509700775,80.2061462402,38809,38860,51
13.0508403778,80.2062683105,39123,39169,46
13.0509395599,80.2063598633,39749,39792,43
13.0510101318,80.2062225342,40365,40413,48
13.0510101318,80.2061233521,40678,40724,46
13.0507802963,80.2063903809,41921,41962,41
13.0509700775,80.2062835693,42223,42271,48
13.0508403778,80.2062606812,43152,43200,48
13.0504999161,80.2061767578,43779,43817,38
13.0506000519,80.2067184448,44384,44415,31
13.0510196686,80.2062606812,45020,45052,32
13.0509595871,80.2062835693,46241,46291,50
13.0509796143,80.2062988281,46565,46602,37
13.0509595871,80.2062072754,46868,46911,43
13.051030159,80.2062988281,47170,47221,51
13.0509500504,80.2061233521,49646,49697,51
13.0508899689,80.2062225342,49970,50007,37
13.0509300232,80.2062225342,50575,50623,48
13.0509700775,80.2061386108,50957,51006,49
13.0510196686,80.2061462402,51887,51936,49
13.0510396957,80.2061004639,52503,52554,51
13.0508804321,80.206199646,52817,52864,47
13.0508804321,80.2062911987,53130,53172,42
13.0501899719,80.2060394287,53431,53463,32
13.0509595871,80.2061080933,53745,53786,41
13.0504598618,80.2062606812,54371,54406,35
13.0508298874,80.2061386108,54664,54715,51
13.0508899689,80.2061386108,55918,55957,39
13.0510101318,80.206237793,56534,56577,43
13.0511198044,80.2061386108,56836,56877,41
13.0510101318,80.206199646,57463,57506,43
13.0506801605,80.2060775757,57765,57816,51
13.0509500504,80.2062606812,58078,58126,48
13.0508003235,80.2063980103,59008,59051,43
13.050909996,80.2062225342,59310,59362,52
13.0510702133,80.2065200806,59623,59671,48
13.0508699417,80.2062988281,63017,63073,56
13.0509700775,80.2062835693,63652,63693,41
13.0509796143,80.2062072754,63955,64004,49
13.0509300232,80.2063369751,65500,65549,49
13.050860405,80.2062988281,66155,66279,124
13.0509996414,80.2061080933,67156,67205,49
13.0508403778,80.2060394287,67772,67820,48
13.0509796143,80.2062225342,69004,69052,48
13.0510396957,80.2063369751,69619,69667,48
13.0506801605,80.206161499,70236,70285,49
13.0509395599,80.2062988281,72094,72140,46
13.0509500504,80.2062072754,72709,72760,51
13.0508203506,80.2063674927,73639,73690,51
13.050909996,80.2063369751,74264,74308,44
13.0508804321,80.2063598633,74567,74617,50
13.0508804321,80.2063522339,74881,74926,45
13.0509195328,80.2062530518,75506,75545,39
13.0510396957,80.2062988281,76112,76162,50
13.0509500504,80.206237793,76426,76469,43
13.050860405,80.2062530518,76728,76777,49
13.0510702133,80.2062530518,77344,77391,47
13.0510396957,80.2061767578,77960,78005,45
13.0509500504,80.2062225342,79807,79857,50
13.0510101318,80.206161499,80121,80167,46
13.0510396957,80.2062301636,82179,82230,51
13.0508804321,80.2061767578,83107,83159,52
13.0510196686,80.2062301636,84965,85016,51
13.0342702866,80.2057418823,19401,19462,61
13.0348701477,80.2052230835,19502,19542,40
13.0351104736,80.205116272,19553,19633,80
12.9865503311,80.0932693481,24907,24978,71
12.9870100021,80.0932922363,24998,25048,50
13.0344800949,80.1557006836,26487,26586,99
13.0214099884,80.1831130981,27060,27111,51
13.0093297958,80.210899353,27676,27707,31
13.0244598389,80.2165603638,30277,30317,40
13.0079698563,80.2132110596,31869,31919,50
13.0074501038,80.2098236084,32129,32160,31
13.0073699951,80.1992797852,32351,32460,109
13.0339603424,80.1554031372,33659,33699,40
13.0307197571,80.1529998779,33760,33831,71
12.9973402023,80.0963821411,35602,35633,31
13.0036001205,80.0998382568,35794,35831,37
13.034239769,80.1555633545,36888,37010,122
13.0094003677,80.2109909058,38139,38180,41
13.009180069,80.2113113403,38180,38221,41
13.0246295929,80.2287902832,38732,38763,31
13.029299736,80.2308273315,38954,38995,41
13.0242395401,80.2165985107,44090,44130,40
13.0280199051,80.2198181152,44302,44360,58
13.0284500122,80.2198867798,44360,44391,31
13.0299797058,80.2308120728,44864,44914,50
13.0268497467,80.233001709,45025,45096,71
13.0082597733,80.2133636475,45730,45801,71
13.0342998505,80.1573791504,47050,47090,40
13.017660141,80.1409988403,50159,50223,64
13.0215196609,80.1829681396,51284,51323,39
13.0091400146,80.2107391357,51857,52008,151
13.024479866,80.2165679932,53270,53311,41
13.0354404449,80.2052307129,53785,53825,40
13.0346803665,80.2060012817,60012,60063,51
13.0347204208,80.2054367065,60324,60455,131
13.042090416,80.2251968384,62540,62601,61
13.0420398712,80.233039856,62812,62843,31
13.0781898499,80.275680542,64269,64340,71
13.0788297653,80.2751083374,64370,64502,132
13.0792198181,80.2752304077,64502,64623,121
13.0805797577,80.2752380371,64653,64724,71
13.0883703232,80.2825775146,65117,65168,51
13.087100029,80.2813110352,65218,65349,131
13.0837202072,80.2791595459,65450,65511,61
13.0831403732,80.2789611816,65541,65662,121
13.0826501846,80.2787399292,65692,65854,162
13.0719299316,80.2747192383,66298,66338,40
13.0474796295,80.2489395142,67408,67474,66
13.0395202637,80.2471008301,67729,67860,131
13.0397596359,80.2441329956,67951,67991,40
13.0401000977,80.241607666,68072,68122,50
13.0401802063,80.2411193848,68122,68162,40
13.0402297974,80.2407073975,68173,68284,111
13.0438804626,80.2092971802,69646,69696,50
13.0397396088,80.1932220459,70110,70150,40
13.0371999741,80.1960067749,70262,70293,31
13.0408802032,80.2441635132,73900,73931,31
13.0781202316,80.2760009766,74916,75007,91
13.0782403946,80.2754669189,75037,75148,111
13.0791397095,80.2751922607,75188,75320,132
13.0801897049,80.2752838135,75350,75532,182
13.0810604095,80.2752227783,75552,75673,121
13.0825195313,80.2787017822,76490,76559,69
13.0817804337,80.2765808105,76660,76700,40
13.0717697144,80.2746582031,76922,76969,47
13.0687904358,80.2720184326,77070,77112,42
13.0398101807,80.2440032959,78038,78089,51
13.0354099274,80.2052612305,79891,79929,38
12.9881000519,80.223777771,993,1165,172
12.9882097244,80.2237319946,6729,6840,111
12.9883298874,80.2238616943,15041,15072,31
12.9881601334,80.223739624,18293,18445,152
12.9880695343,80.2238311768,18717,18778,61
12.9882802963,80.2236328125,24595,24726,131
12.9883899689,80.2238311768,24999,25140,141
12.9882698059,80.2238082886,25140,25251,111
12.9883298874,80.2236709595,25251,25433,182
12.9883003235,80.2237091064,27484,27625,141
12.9884004593,80.2236785889,27635,27706,71
12.9882497787,80.2237167358,28079,28231,152
12.9882202148,80.2235794067,28241,28342,101
12.9882497787,80.2235412598,28342,28382,40
12.9882097244,80.2235794067,28382,28463,81
12.9882001877,80.2235870361,28463,28544,81
12.9884500504,80.2236328125,32626,32697,71
12.9884004593,80.223739624,32697,32808,111
12.988240242,80.2238082886,33757,33807,50
12.988530159,80.2235336304,35170,35342,172
12.9493103027,80.1854171753,25742,25781,39
12.9195404053,80.1819763184,26725,26765,40
12.9202203751,80.1834335327,26795,26826,31
12.9203996658,80.1839828491,26846,26886,40
12.9247102737,80.182762146,26967,27008,41
12.9489002228,80.1851806641,27511,27551,40
12.9946603775,80.2002487183,28669,28719,50
12.994600296,80.2066879272,28881,28921,40
12.9948301315,80.2068710327,30849,31031,182
12.9945402145,80.2066574097,31041,31112,71
12.9950199127,80.2011184692,31274,31314,40
12.9950199127,80.2007827759,31314,31365,51
12.9948701859,80.2003936768,31375,31415,40
12.994310379,80.2002563477,31425,31486,61
12.9865598679,80.1973724365,31648,31799,151
12.9722003937,80.1913223267,32365,32405,40
12.9559402466,80.1869430542,32820,32866,46
12.9310102463,80.1815567017,33422,33453,31
12.9207000732,80.183921814,33635,33696,61
12.9202699661,80.1834411621,34534,34575,41
12.9246797562,80.182762146,34716,34787,71
12.9468898773,80.1840515137,35262,35353,91
12.9480199814,80.1848678589,35393,35424,31
12.948849678,80.1851425171,35454,35545,91
12.9560804367,80.1868972778,35664,35715,51
12.9946699142,80.2002563477,36725,36786,61
12.9951200485,80.2019729614,36866,36897,31
12.9493103027,80.1854705811,39195,39254,59
12.9204101563,80.1840591431,39869,39950,81
12.9198999405,80.1826477051,39970,40021,51
12.9389200211,80.1823883057,40838,40879,41
12.9946603775,80.2002563477,42262,42302,40
12.994389534,80.2003326416,43091,43142,51
12.9940395355,80.2001724243,43152,43202,50
12.9559001923,80.1869277954,44178,44229,51
12.9202299118,80.1834411621,45887,45948,61
12.9389295578,80.1823730469,46271,46321,50
12.9945697784,80.2002410889,47611,47661,50
13.0243797302,80.2284011841,48749,48810,61
13.0141000748,80.2255020142,49063,49104,41
13.0140600204,80.2252883911,49114,49215,101
13.0083999634,80.2134094238,53133,53166,33
12.9941501617,80.2000427246,54034,54216,182
12.9865598679,80.1973571777,54368,54428,60
12.9493198395,80.1854019165,55283,55334,51
12.9362602234,80.1822891235,55617,55656,39
12.9202604294,80.1834793091,57426,57497,71
12.948849678,80.1851730347,58072,58132,60
12.9945898056,80.200302124,59244,59278,34
12.9945201874,80.2066802979,60016,60056,40
12.9947900772,80.2003936768,60268,60309,41
12.99077034,80.1984863281,60670,60701,31
12.9865503311,80.1973876953,60769,60820,51
12.9817495346,80.1958236694,60971,61002,31
12.9557800293,80.186958313,61689,61729,40
12.9395599365,80.1826324463,62073,62113,40
12.9208097458,80.183921814,62436,62517,81
12.9202899933,80.1836776733,63507,63629,122
12.9485797882,80.1851730347,64233,64304,71
12.9554300308,80.1868896484,64425,64465,40
12.9560804367,80.18699646,64475,64514,39
12.9946203232,80.200340271,65594,65634,40
12.9945201874,80.206817627,65877,65927,50
12.9948501587,80.2004470825,67168,67259,91
12.9942598343,80.2002792358,67290,67340,50
12.9865703583,80.1974563599,67552,67682,130
12.9827003479,80.1963729858,67853,67884,31
12.9816398621,80.1958084106,67920,67952,32
12.9558601379,80.1870269775,68731,68771,40
12.9444999695,80.1831283569,69094,69125,31
12.9394702911,80.1826705933,69246,69296,50
12.9193401337,80.1822128296,69872,69953,81
12.9197301865,80.1819992065,69973,70004,31
12.9203195572,80.1838531494,70054,70085,31
12.9294996262,80.1818084717,70277,70347,70
12.9485998154,80.1851577759,70749,70790,41
12.955280304,80.1868591309,70911,70951,40
12.9945697784,80.2003326416,72113,72163,50
12.9941797256,80.200302124,73295,73335,40
12.9821100235,80.197052002,73687,73737,50
12.9203796387,80.18409729,75192,75263,71
12.9198799133,80.1826629639,75304,75364,60
12.9195995331,80.1820373535,75415,75485,70
12.9487600327,80.185218811,76191,76252,61
12.9945802689,80.200302124,77381,77472,91
13.0986003876,80.2412567139,666,797,131
13.0695695877,80.2422027588,23383,23424,41
13.0527095795,80.2417831421,23885,23928,43
13.0067195892,80.2572631836,25409,25500,91
13.0003004074,80.2665100098,26641,26672,31
13.0348701477,80.2303009033,28099,28169,70
13.065489769,80.243560791,28925,28977,52
13.1002597809,80.214881897,30883,30944,61
13.1002597809,80.2147064209,31398,31439,41
13.0986404419,80.2140274048,31479,31529,50
13.0883102417,80.2325363159,32004,32055,51
13.0786600113,80.2516098022,32749,32780,31
13.0540599823,80.2423629761,33615,33646,31
13.0535402298,80.2421112061,33656,33716,60
13.0352602005,80.2303390503,34223,34285,62
13.014289856,80.2263031006,34889,34920,31
13.0074596405,80.2374420166,35243,35314,71
13.0069999695,80.2397537231,35395,35485,90
13.0067796707,80.2419967651,35536,35596,60
13.0068798065,80.2495574951,35788,35819,31
13.0065202713,80.2527313232,36412,36460,48
13.0066604614,80.2518997192,36491,36603,112
13.0067501068,80.2512817383,36633,36664,31
13.0067596436,80.2510986328,36664,36825,161
13.0067501068,80.2507019043,36835,36956,121
13.0065898895,80.2416992188,37168,37215,47
13.0229101181,80.2269973755,37773,37824,51
13.0257797241,80.2303466797,37973,38034,61
13.0341796875,80.2369003296,38418,38469,51
13.0524997711,80.2409973145,38893,38964,71
13.0652399063,80.243522644,39287,39337,50
13.075750351,80.2340698242,39701,39741,40
13.1005601883,80.2146224976,40557,40658,101
13.0538196564,80.2423019409,43037,43078,41
13.035369873,80.2303695679,43661,43722,61
13.0018796921,80.256652832,44942,45012,70
12.9968500137,80.2561416626,46193,46243,50
12.9991598129,80.2560577393,46324,46364,40
13.0058403015,80.257270813,46496,46566,70
13.0067100525,80.2491378784,46758,46798,40
13.0292797089,80.2307662964,47754,47814,60
13.0342197418,80.2303390503,47925,48067,142
13.0445098877,80.2406005859,48540,48591,51
13.0567598343,80.2425765991,48891,48941,50
13.0650701523,80.2435302734,49144,49184,40
13.0699195862,80.2421035767,49315,49354,39
13.0769195557,80.2395401001,49476,49537,61
13.0766296387,80.2384414673,49607,49648,41
13.0757703781,80.2341384888,49787,49827,40
13.0983400345,80.2142791748,50531,50571,40
13.0363702774,80.2306976318,53352,53422,70
13.0268802643,80.233001709,53684,53745,61
13.0069103241,80.2401199341,54258,54338,80
13.0067100525,80.2571868896,54994,55074,80
13.0065898895,80.257598877,55165,55196,31
13.0065202713,80.2526931763,55315,55385,70
13.0067195892,80.2501220703,55426,55496,70
13.0066604614,80.248588562,55517,55587,70
13.0065803528,80.2474365234,55618,55698,80
13.0292797089,80.230796814,56524,56575,51
13.0342998505,80.2304000854,56655,56686,31
13.034620285,80.2303771973,56696,56756,60
13.0348100662,80.2382202148,56908,56948,40
13.0566596985,80.2425918579,57473,57514,41
13.0655298233,80.243560791,57701,57754,53
13.0840196609,80.2339782715,58428,58459,31
13.1004695892,80.2146072388,59040,59101,61
13.0520095825,80.2409133911,61682,61752,70
13.0360803604,80.2304763794,62247,62298,51
13.0299196243,80.2308502197,62489,62520,31
13.0068397522,80.2512588501,63617,63659,42
13.0066995621,80.2492523193,65505,65556,51
13.0065803528,80.2476501465,65637,65748,111
13.0065698624,80.2410430908,65970,66010,40
13.0256900787,80.2303237915,66752,66813,61
13.0283899307,80.2309188843,66873,66905,32
13.0344200134,80.2303771973,67097,67215,118
13.0438404083,80.2409896851,67682,67723,41
13.0459403992,80.2396469116,67793,67834,41
13.0555295944,80.2422637939,68145,68185,40
13.0563802719,80.2425765991,68225,68256,31
13.083439827,80.2334365845,69364,69395,31
13.0912799835,80.2274398804,69657,69688,31
13.0977602005,80.2154388428,69970,70001,31
13.0996599197,80.2144012451,70071,70102,31
13.1001796722,80.2145690918,70122,70172,50
13.0988101959,80.2141799927,70627,70697,70
13.0527000427,80.2418823242,72523,72594,71
13.035369873,80.2303924561,73086,73127,41
13.0308303833,80.230758667,73248,73288,40
13.0072603226,80.2381362915,74044,74094,50
13.0068998337,80.2398834229,74124,74215,91
13.0026798248,80.2568206787,74771,74821,50
12.9968204498,80.2562179565,76011,76122,111
12.9987897873,80.2560501099,76192,76233,41
13.0065002441,80.2528076172,76522,76554,32
13.0444602966,80.2406005859,78033,78095,62
13.0832700729,80.2325973511,79115,79155,40
13.0833501816,80.2329025269,79165,79236,71
13.0834503174,80.2332611084,79236,79276,40
13.0989398956,80.2404785156,80476,80577,101
13.0989999771,80.2403106689,80577,80738,161
13.099360466,80.2403182983,85377,85528,151
12.9868602753,80.2590026855,6788,6848,60
12.9868803024,80.2590866089,6848,7020,172
12.9799098969,80.2523269653,18367,18429,62
12.9813499451,80.2428665161,18570,18601,31
12.9771299362,80.2227096558,19045,19076,31
12.9755601883,80.2208862305,24704,24795,91
12.9938001633,80.2100982666,25328,25359,31
13.0343503952,80.2297592163,27592,27663,71
13.0084495544,80.2134628296,28521,28552,31
12.9906997681,80.2124633789,29168,29229,61
12.9756298065,80.2209777832,30459,30591,132
12.9938402176,80.2100906372,31146,31197,51
13.0078201294,80.2129821777,31720,31761,41
13.0246400833,80.2288131714,32329,32370,41
13.0294103622,80.2307815552,32511,32562,51
13.034040451,80.2304077148,32633,32693,60
13.0348100662,80.2302322388,32723,32774,51
13.0345001221,80.2303771973,32804,32835,31
13.0342197418,80.2304534912,32835,32875,40
13.0270395279,80.2329177856,33087,33186,99
13.0087499619,80.2136993408,33902,33952,50
13.0085000992,80.213470459,33952,33993,41
13.0082197189,80.2133331299,33993,34033,40
12.9756498337,80.220451355,35084,35175,91
12.9764299393,80.2212524414,35963,36104,141
12.9915895462,80.212677002,36820,36851,31
13.0078802109,80.2130508423,37548,37588,40
13.0226402283,80.2267227173,38072,38113,41
13.0258102417,80.2304382324,38254,38315,61
13.0343198776,80.2297592163,38870,38921,51
13.0342197418,80.230140686,38921,39012,91
13.0277900696,80.2321395874,39191,39333,142
13.008099556,80.2133102417,40081,40131,50
12.9758796692,80.2202987671,41089,41129,40
12.9755296707,80.2209396362,41584,41685,101
13.0077695847,80.2129516602,42594,42635,41
13.0335597992,80.2305297852,43322,43372,50
13.0344600677,80.2298202515,43483,43514,31
13.0342798233,80.229927063,43524,43615,91
13.0342597961,80.2301330566,43615,43655,40
12.986530304,80.2516479492,45993,46094,101
12.9871196747,80.2591323853,49266,49327,61
12.9878196716,80.2519226074,49509,49610,101
12.9799499512,80.2527389526,49700,49731,31
12.9762496948,80.2217636108,50386,50417,31
13.0348796844,80.230178833,52216,52289,73
13.0350599289,80.2297821045,52299,52400,101
13.0346899033,80.2297973633,52400,52440,40
13.0342197418,80.2299804688,52713,52885,172
13.0268096924,80.2329864502,53067,53137,70
13.0083999634,80.213432312,53673,53723,50
12.9974403381,80.2101974487,54097,54148,51
13.0074796677,80.2127838135,56355,56396,41
13.0289697647,80.230796814,56949,57009,60
13.0341997147,80.2303771973,57503,57553,50
13.0266399384,80.2330093384,57755,57816,61
13.0141897202,80.2263793945,58129,58170,41
12.9917201996,80.2127304077,59057,59097,40
12.9756498337,80.2204208374,59491,59562,71
12.9757404327,80.2210006714,59582,59703,121
12.9757204056,80.2211074829,59703,59885,182
12.9757204056,80.2211532593,60784,60865,81
12.9753303528,80.2208099365,60885,60966,81
12.9872198105,80.2182312012,61168,61199,31
12.9913196564,80.2128372192,61370,61451,81
12.9983797073,80.2076797485,61764,61795,31
13.0078601837,80.2130584717,62047,62078,31
13.0194997787,80.2244110107,62401,62432,31
13.0239200592,80.2279586792,62556,62605,49
13.0259599686,80.2309188843,62625,62686,61
13.0284004211,80.2309036255,62748,62798,50
13.0292797089,80.2308425903,62828,62889,61
13.0319404602,80.2306213379,62970,63121,151
13.0332803726,80.2305374146,63182,63232,50
13.0338401794,80.2305297852,63243,63311,68
13.0345001221,80.2297973633,63372,63473,101
13.0342798233,80.2297592163,63483,63594,111
13.034119606,80.2301025391,63604,63756,152
13.0296497345,80.2308883667,63877,63913,36
13.027299881,80.2329711914,64017,64077,60
13.0270996094,80.2330322266,64087,64118,31
13.0247297287,80.2292633057,64188,64219,31
13.0089502335,80.2140731812,64873,64924,51
13.0086603165,80.2137374878,64944,65005,61
13.0084199905,80.2134780884,65015,65055,40
13.0082702637,80.2133712769,65055,65106,51
12.9986801147,80.2074890137,65387,65427,40
12.9916801453,80.2127380371,65789,65849,60
12.991519928,80.212677002,65849,65900,51
12.9754600525,80.2209091187,66737,66878,141
13.0076303482,80.2129135132,68189,68220,31
13.0078201294,80.2130889893,68240,68321,81
13.0095396042,80.2148590088,68371,68402,31
13.0258598328,80.2307434082,68937,69008,71
13.027680397,80.23097229,69079,69119,40
13.0281200409,80.2309494019,69129,69180,51
13.0285100937,80.2309188843,69190,69269,79
13.0305099487,80.230758667,69339,69370,31
13.0341997147,80.229888916,69541,69683,142
13.030500412,80.2307434082,69875,69915,40
13.0268096924,80.2329788208,70057,70219,162
13.0089998245,80.2142028809,70905,70945,40
13.0082998276,80.2134475708,71026,71086,60
13.0039100647,80.2121200562,71199,71239,40
12.9937295914,80.2101364136,71713,71744,31
12.9756698608,80.2204208374,72310,72502,192
12.9892196655,80.2145309448,73621,73652,31
13.0077695847,80.2130279541,74470,74551,81
13.0197200775,80.2245864868,74848,74889,41
13.0338001251,80.23046875,75252,75283,31
13.0343799591,80.2298431396,75374,75434,60
13.0341501236,80.2300491333,75454,75515,61
13.0151395798,80.226020813,76143,76208,65
12.982049942,80.2525863647,78317,78388,71
12.9876499176,80.2513809204,78759,78840,81
12.9872398376,80.2593002319,78972,79012,40
12.9968500137,80.1915435791,7625,7767,142
12.9968700409,80.1915206909,10078,10189,111
12.9959602356,80.1895065308,22741,22792,51
13.0244598389,80.2284698486,23407,23448,41
12.9224395752,80.143371582,26209,26286,77
12.923210144,80.1204681396,26610,26650,40
12.922539711,80.142868042,27843,27890,47
12.9487600327,80.1851425171,28831,28871,40
13.0092897415,80.2108688354,30264,30295,31
13.0349502563,80.2302017212,31003,31075,72
13.0349798203,80.2298202515,31095,31146,51
13.0343399048,80.2297363281,31166,31267,101
13.0269804001,80.2329101563,32912,32973,61
12.9558897018,80.1869125366,35210,35241,31
12.9206399918,80.1839904785,35853,35884,31
12.9224596024,80.1431121826,36469,36540,71
12.9231700897,80.1210632324,36881,36932,51
12.9490003586,80.1851730347,39079,39180,101
12.995880127,80.1894989014,40224,40305,81
13.0348100662,80.2299499512,41479,41519,40
13.0342102051,80.230178833,42236,42286,50
13.0300102234,80.230796814,42407,42438,31
12.9494495392,80.1854629517,44896,44937,41
12.9205598831,80.1839828491,45381,45453,72
12.9235401154,80.1171569824,46502,46603,101
12.9232797623,80.1211471558,46704,46856,152
12.9388904572,80.1823501587,48016,48047,31
12.9489297867,80.1851730347,48228,48319,91
12.9561595917,80.1868591309,48430,48461,31
12.9614896774,80.187286377,48561,48602,41
12.9971704483,80.1913223267,52511,52572,61
12.9226303101,80.1518936157,54520,54560,40
13.032910347,80.2305603027,59461,59531,70
13.0337400436,80.2305603027,59551,59592,41
13.0342102051,80.2301177979,61066,61106,40
13.0341796875,80.2304077148,61116,61156,40
13.0298204422,80.2308425903,61237,61278,41
13.0268201828,80.2329788208,61368,61419,51
13.0249004364,80.2294311523,61530,61601,71
13.023059845,80.2273788452,61671,61712,41
12.9558601379,80.186958313,63804,63844,40
12.9493703842,80.1854705811,63945,63986,41
12.939499855,80.1826171875,64238,64289,51
12.9338302612,80.1821212769,64410,64511,101
12.9204902649,80.1840515137,64743,64813,70
12.9227600098,80.1523971558,65248,65288,40
12.9231996536,80.1204833984,65849,65881,32
12.92345047,80.1171417236,65952,65992,40
12.9223604202,80.1632232666,67396,67435,39
12.9202098846,80.1835479736,67657,67688,31
12.9203395844,80.1839370728,67730,67891,161
12.9387998581,80.1824035645,68204,68245,41
13.0090999603,80.2108230591,70238,70269,31
13.0338897705,80.2304763794,71044,71084,40
13.034529686,80.229927063,71155,71286,131
13.008099556,80.2133636475,72772,72812,40
12.9820899963,80.1970062256,73679,73749,70
12.922419548,80.1432037354,75709,75787,78
12.9236097336,80.1168212891,76604,76645,41
12.9224395752,80.1424102783,77359,77400,41
12.9967403412,80.1908721924,79781,79831,50
12.986579895,80.2384872437,22567,22607,40
13.0026102066,80.2401275635,27899,27960,61
12.9991998672,80.2393569946,28020,28081,61
12.993929863,80.2345275879,28222,28253,31
12.9909496307,80.2317276001,28364,28404,40
12.9987401962,80.2391586304,30484,30515,31
12.9992103577,80.2393417358,31584,31615,31
12.990940094,80.2317733765,31868,31908,40
12.988360405,80.2233276367,32090,32130,40
13.0059604645,80.2423095703,34189,34221,32
13.0026197433,80.2400817871,34938,34969,31
12.9992198944,80.2393417358,35029,35080,51
12.9918203354,80.2337799072,35262,35302,40
12.9883899689,80.2236022949,35606,35646,40
12.9883499146,80.2237167358,35677,35837,160
12.9885196686,80.2233810425,38353,38403,50
12.9918203354,80.2336578369,38616,38647,31
13.005689621,80.2423629761,39000,39051,51
12.9939603806,80.2345428467,39313,39351,38
12.9917697906,80.2338027954,39392,39432,40
12.990940094,80.2317428589,39473,39504,31
12.9899501801,80.2276992798,43001,43033,32
12.9864702225,80.2351913452,43235,43286,51
12.9883403778,80.2233810425,44384,44425,41
12.9898996353,80.2276916504,46654,46685,31
12.9883098602,80.2233428955,48107,48164,57
12.9917602539,80.2336425781,48397,48428,31
12.9987201691,80.2391815186,48620,48762,142
13.0059404373,80.2422866821,48913,48964,51
12.9884796143,80.2234573364,49928,49959,31
12.9881696701,80.2236862183,49980,50088,108
12.9882001877,80.2236328125,50088,50139,51
12.9884595871,80.223449707,51805,51856,51
13.0056600571,80.2422485352,52351,52411,60
12.9917602539,80.2337722778,52724,52765,41
12.9883499146,80.2233505249,53017,53059,42
12.9917697906,80.2336120605,54483,54514,31
12.9917697906,80.2337875366,56010,56051,41
12.988360405,80.2233505249,56272,56303,31
12.988360405,80.2233581543,59823,59854,31
12.9883499146,80.2233581543,61490,61601,111
12.9909896851,80.2320709229,61772,61803,31
12.9918003082,80.2336807251,61832,61871,39
12.999130249,80.2393417358,63105,63186,81
12.9962596893,80.236366272,63257,63307,50
12.9917402267,80.2337875366,63428,63479,51
12.9907798767,80.2300796509,63580,63671,91
12.9901399612,80.2274627686,63711,63742,31
12.9883298874,80.2234191895,63832,63893,61
12.986579895,80.2333526611,64125,64156,31
12.9883298874,80.2233963013,65095,65135,40
12.9917697906,80.2337265015,65338,65378,40
12.9883403778,80.2233963013,67085,67126,41
12.9883098602,80.2233581543,68664,68700,36
12.9917697906,80.2337112427,68905,68936,31
12.9917898178,80.2337875366,70595,70626,31
12.9883203506,80.2233963013,72416,72447,31
12.9883403778,80.2233963013,76333,76374,41
12.9918003082,80.233757019,77918,77959,41
13.0263299942,80.2664489746,17,88,71
13.0261297226,80.2658233643,956,1037,81
13.0261697769,80.2656478882,2137,2207,70
13.026140213,80.2658691406,2995,3096,101
13.0139598846,80.2233200073,20196,20227,31
13.0344495773,80.268081665,23790,23821,31
13.0066900253,80.2519073486,25284,25335,51
13.0066604614,80.247543335,25395,25426,31
13.0338602066,80.2678985596,29322,29372,50
13.0332403183,80.2678833008,30452,30594,142
13.0263500214,80.2659988403,30745,30796,51
13.0066404343,80.2489089966,31522,31603,81
13.0255498886,80.2300567627,32522,32562,40
13.0350904465,80.2300796509,32774,32915,141
13.0348901749,80.2297592163,32925,33067,142
13.0342998505,80.2297286987,33107,33158,51
13.0314302444,80.2306594849,33248,33279,31
13.0268001556,80.232963562,33521,33592,71
13.0069103241,80.240020752,34187,34278,91
13.0067596436,80.2423706055,34359,34399,40
13.0067195892,80.243057251,34409,34470,61
13.0067796707,80.2462463379,34530,34561,31
13.0067100525,80.2579727173,37518,37578,60
13.0066604614,80.2488021851,37730,37800,70
13.0258998871,80.2306900024,38638,38739,101
13.0341596603,80.2304000854,38931,38981,50
13.0345802307,80.2300186157,39022,39183,161
13.027299881,80.2329025269,40404,40495,91
13.0071697235,80.2391586304,41151,41202,51
13.0070400238,80.2395324707,41202,41242,40
13.0068101883,80.2408905029,41282,41373,91
13.0345001221,80.2679290771,42473,42504,31
13.0330400467,80.2679901123,43079,43190,111
13.032959938,80.2677536011,43826,43977,151
13.0066299438,80.2577819824,44643,44754,111
13.0066099167,80.2532730103,44835,44896,61
13.0066204071,80.2518997192,44916,44997,81
13.0068397522,80.248916626,45067,45118,51
13.0277299881,80.2309265137,45976,46026,50
13.0285596848,80.2307891846,46056,46087,31
13.0350198746,80.229888916,46258,46349,91
13.0342502594,80.2297973633,46389,46470,81
13.0267801285,80.2329788208,46702,46783,81
13.0148096085,80.2260894775,47055,47116,61
13.0345602036,80.2680206299,48509,48579,70
13.0264501572,80.265663147,50124,50235,111
13.016119957,80.2596893311,51193,51224,31
13.0066404343,80.2577514648,51395,51426,31
13.006480217,80.252532959,51567,51627,60
13.0066404343,80.2474365234,51728,51799,71
13.0350999832,80.2296981812,52828,52909,81
13.0347299576,80.2297668457,52909,53020,111
13.0343599319,80.2297210693,53020,53171,151
13.006939888,80.2401275635,53928,54009,81
13.0068101883,80.2512435913,54221,54261,40
13.0324497223,80.2674865723,54978,55039,61
13.0336503983,80.2678985596,55170,55230,60
13.0065898895,80.2576599121,56603,56643,40
13.0066003799,80.2521133423,56785,56865,80
13.0073404312,80.2373733521,57178,57209,31
13.0290603638,80.2308502197,57905,57966,61
13.0330600739,80.2305526733,58036,58087,51
13.0338401794,80.2305297852,58117,58157,40
13.0341300964,80.2304534912,58167,58198,31
13.0347995758,80.2298583984,58278,58369,91
13.0341901779,80.2301177979,58642,58793,151
13.0341396332,80.2304992676,58803,58834,31
13.0298900604,80.2308273315,58934,58965,31
13.0268096924,80.232963562,59076,59136,60
13.0070695877,80.2403411865,59782,59823,41
13.0335302353,80.267906189,60872,60933,61
13.0332202911,80.267578125,61357,61458,101
13.0331497192,80.2677764893,61498,61539,41
13.0332803726,80.2677764893,61539,61629,90
13.0331401825,80.2680435181,61629,61710,81
13.0331401825,80.2676773071,61720,61831,111
13.0223197937,80.2634963989,62144,62195,51
13.0068101883,80.2576599121,62619,62669,50
13.0066795349,80.2576522827,62669,62709,40
13.0065202713,80.2534866333,62820,62891,71
13.0065898895,80.2475967407,63042,63103,61
13.0066099167,80.2409210205,63265,63355,90
13.0254497528,80.2299499512,64112,64173,61
13.0291700363,80.2308197021,64304,64355,51
13.0347604752,80.2302627563,64526,64577,51
13.0343198776,80.2300796509,65293,65414,121
13.0312995911,80.230682373,65525,65576,51
13.0278701782,80.2328186035,65737,65798,61
13.0235795975,80.2278366089,66030,66071,41
13.01445961,80.2262802124,66282,66313,31
13.0082798004,80.2335510254,66494,66525,31
13.0081996918,80.2337493896,66535,66575,40
13.0066604614,80.2571487427,67393,67433,40
13.0292396545,80.2660293579,68120,68160,40
13.0337400436,80.267868042,68332,68402,70
13.0345401764,80.2680130005,68422,68503,81
13.0333299637,80.2678604126,68544,68665,121
13.0263595581,80.2660598755,68836,68867,31
13.0066003799,80.2578582764,69391,69422,31
13.0064401627,80.2575378418,69422,69492,70
13.0064601898,80.2533187866,69563,69603,40
13.006480217,80.2522735596,69634,69694,60
13.0066404343,80.2498168945,69745,69785,40
13.0065898895,80.2483291626,69836,69906,70
13.0065202713,80.2410202026,70189,70381,192
13.0220098495,80.2261962891,70916,70956,40
13.0338802338,80.230430603,71249,71289,40
13.0070800781,80.2392501831,72743,72884,141
13.0066404343,80.2573699951,73267,73348,81
13.0344896317,80.2679977417,74085,74146,61
13.0333595276,80.267906189,74176,74226,50
13.0264196396,80.2660675049,74771,74822,51
13.0349197388,80.2298583984,76538,76629,91
13.0345697403,80.2298202515,76629,76689,60
13.0341901779,80.2298126221,76689,76790,101
13.0342102051,80.2302703857,76790,76831,41
13.0510501862,80.2063369751,7045,7156,111
13.0511302948,80.2063064575,8700,8891,191
13.0511598587,80.2063064575,8891,9075,184
13.0510902405,80.2064437866,9075,9186,111
13.0510101318,80.2063369751,9640,9792,152
13.0511198044,80.2063217163,9792,9923,131
13.0510597229,80.2062301636,14201,14383,182
13.0510396957,80.2064590454,14383,14464,81
13.0511398315,80.2063827515,15503,15675,172
13.0510196686,80.2063674927,16956,17077,121
13.0507802963,80.206703186,19277,19327,50
13.0505599976,80.2068634033,19338,19418,80
13.0496397018,80.2068328857,19449,19640,191
13.0493202209,80.2072219849,19660,19691,31
13.0681400299,80.2052612305,20130,20190,60
13.0139198303,80.2231521606,21724,21775,51
12.987739563,80.2513427734,23123,23204,81
12.9873104095,80.2594070435,23315,23375,60
12.9801301956,80.2527770996,24947,24978,31
12.9757204056,80.2210922241,25573,25623,50
13.0680799484,80.2049026489,28200,28270,70
13.0692901611,80.2047424316,28311,28351,40
13.050330162,80.2121734619,28723,28754,31
13.00963974,80.2111663818,29610,29641,31
12.9759397507,80.2203063965,30595,30637,42
12.9813404083,80.2392883301,31089,31129,40
12.9869604111,80.2590789795,32844,33036,192
12.9799900055,80.2526779175,34174,34219,45
12.981180191,80.2442016602,34345,34405,60
12.9813699722,80.2434463501,34446,34516,70
12.9820203781,80.2324295044,34758,34807,49
12.9757299423,80.2210388184,35047,35107,60
12.9944095612,80.2174682617,35529,35560,31
13.007399559,80.209777832,35981,36012,31
13.0134801865,80.2040710449,36233,36294,61
13.0687103271,80.2052612305,37601,37641,40
13.0641698837,80.2116622925,38529,38567,38
13.0512695313,80.2121734619,38769,38821,52
13.0386600494,80.2124023438,39073,39123,50
12.987739563,80.254989624,42132,42233,101
12.9865999222,80.2592086792,43171,43232,61
12.9873504639,80.2582168579,43312,43343,31
12.987950325,80.2522583008,43676,43726,50
12.9799404144,80.2523193359,43867,43898,31
12.9757099152,80.2211380005,44530,44571,41
13.0072498322,80.2097702026,45228,45259,31
13.0348901749,80.2119216919,45902,45933,31
13.0441398621,80.2122268677,46062,46153,91
13.0575895309,80.2116165161,47332,47372,40
13.0509195328,80.2122116089,47471,47502,31
13.0381298065,80.2124176025,47764,47814,50
13.0350799561,80.2123184204,47875,47915,40
13.0341701508,80.2121124268,47948,47994,46
13.009469986,80.2110214233,48663,48734,71
12.985710144,80.2518234253,50505,50606,101
12.9872598648,80.2514190674,50636,50798,162
12.9877595901,80.2552108765,50868,50939,71
12.9872303009,80.2595214844,51020,51070,50
12.9868402481,80.2595367432,51080,51141,61
13.0691204071,80.2051315308,56675,56726,51
13.0684700012,80.2050094604,56806,56837,31
13.0501403809,80.2121734619,58057,58088,31
13.0445203781,80.2124176025,58199,58269,70
12.975569725,80.220489502,60077,60148,71
12.9801502228,80.2525405884,60782,60852,70
12.9819402695,80.2525787354,60923,61024,101
12.983590126,80.2524490356,61084,61195,111
12.985710144,80.2518920898,61276,61367,91
12.987739563,80.2514038086,61417,61538,121
12.9866104126,80.2594604492,62497,62658,161
12.986700058,80.2595672607,62658,62689,31
12.9868202209,80.2590866089,62729,62800,71
12.987569809,80.2563400269,62891,62971,80
12.9811201096,80.2445678711,63332,63464,132
12.981180191,80.2441864014,63464,63565,101
12.975569725,80.2210083008,64239,64270,31
13.0160598755,80.2049331665,65389,65429,40
13.0438203812,80.2122421265,66035,66176,141
13.0686397552,80.205329895,66851,66901,50
13.0639095306,80.2117462158,67769,67809,40
13.0520401001,80.2121810913,68132,68223,91
13.0140104294,80.2045593262,69342,69383,41
13.0096702576,80.2113037109,69695,69746,51
12.9762802124,80.2217483521,71252,71283,31
12.9802103043,80.2526397705,71980,72071,91
12.9858703613,80.2517776489,72171,72232,61
12.9877901077,80.2542800903,72666,72757,91
12.9871501923,80.2596130371,72928,72969,41
12.9866800308,80.2596130371,72979,73120,141
12.9867095947,80.2595672607,73120,73312,192
12.9866695404,80.2596130371,73312,73423,111
12.9875402451,80.256439209,73560,73734,174
12.987830162,80.253288269,73794,73865,71
12.9810800552,80.2446594238,74097,74137,40
12.9810600281,80.2445831299,74137,74188,51
12.981180191,80.2352981567,74500,74551,51
12.9762401581,80.2217712402,75086,75126,40
12.9760103226,80.221496582,75126,75176,50
13.006939888,80.2098083496,75984,76044,60
13.0076704025,80.2099533081,76074,76115,41
13.0438995361,80.2122573853,76983,77053,70
13.0684204102,80.2049179077,77941,78072,131
13.0687503815,80.204750061,78072,78204,132
13.0499801636,80.2121887207,78526,78557,31
13.0450696945,80.2124328613,78637,78678,41
13.0493803024,80.2068405151,78920,78960,40
13.0506896973,80.2069778442,78991,79182,191
12.9977302551,80.2563705444,21160,21261,101
13.0066404343,80.2474594116,22623,22694,71
13.0301504135,80.209197998,24206,24287,81
13.0490198135,80.2068023682,25429,25460,31
13.0364303589,80.201789856,27144,27194,50
13.0068702698,80.2508163452,29190,29229,39
12.9968395233,80.2562637329,31776,31816,40
12.9988002777,80.2559890747,31867,31907,40
13.0067300797,80.2501831055,32220,32300,80
13.0066795349,80.248626709,32361,32492,131
13.0066604614,80.2475585938,32522,32643,121
13.0241203308,80.228187561,33518,33589,71
13.0258398056,80.2305603027,33680,33750,70
13.0293703079,80.2308120728,33841,33891,50
13.0301399231,80.2091903687,34637,34768,131
13.0443601608,80.2121429443,35755,35813,58
13.0273103714,80.2328567505,38789,38829,40
13.0272798538,80.2329330444,38829,38980,151
13.0081796646,80.2337112427,39713,39752,39
13.0067300797,80.2573394775,40329,40430,101
13.0035800934,80.2569732666,40501,40561,60
13.0022697449,80.2566986084,40591,40680,89
12.9975404739,80.2567062378,40862,40973,111
12.9984703064,80.2559661865,42285,42316,31
12.9990100861,80.2560501099,42336,42376,40
13.0065603256,80.2526473999,42709,42780,71
13.0068101883,80.2493591309,42830,42870,40
13.0066204071,80.2475204468,42917,43020,103
13.0259599686,80.2311019897,43766,43807,41
13.0301303864,80.2092971802,44551,44602,51
13.0442399979,80.2118225098,45600,45651,51
13.0488996506,80.2072372437,45893,45931,38
13.0444202423,80.2124023438,46615,46646,31
13.0306196213,80.23072052,48417,48457,40
13.0298099518,80.2308273315,48498,48538,40
13.02684021,80.2329788208,48629,48689,60
13.0071001053,80.2391967773,49230,49271,41
13.0069503784,80.2400665283,49301,49369,68
13.0066699982,80.2572479248,49754,49855,101
13.001950264,80.2566299438,49935,49986,51
12.999540329,80.2562637329,50026,50067,41
13.0003204346,80.2662277222,51388,51529,141
13.0003299713,80.2663192749,51540,51580,40
12.9968700409,80.2560501099,51973,52054,81
12.9990196228,80.2560806274,52125,52165,40
13.0061397552,80.2573928833,52298,52329,31
13.0066299438,80.2519226074,52439,52510,71
13.0066604614,80.2481994629,52561,52601,40
13.0259599686,80.2310562134,53416,53456,40
13.0292797089,80.2307891846,53535,53575,40
13.0300998688,80.2093505859,54260,54403,143
13.0490398407,80.2067718506,55621,55722,101
13.0497999191,80.2115325928,56449,56499,50
13.0069999695,80.2400665283,59253,59284,31
13.0068798065,80.2511367798,59496,59527,31
13.0067195892,80.2573394775,59648,59749,101
13.0014400482,80.2566070557,59840,59900,60
12.9968595505,80.2560882568,61997,62098,101
13.0056200027,80.2573013306,62330,62380,50
13.0064697266,80.2540817261,62471,62552,81
13.0065202713,80.252456665,62632,62703,71
13.0066099167,80.2478485107,62794,62854,60
13.0065603256,80.2465820313,62884,62915,31
13.0066604614,80.2404403687,63058,63108,50
13.0073795319,80.2368164063,63159,63192,33
13.0195198059,80.2243804932,63656,63687,31
13.0259199142,80.2307815552,63866,63946,80
13.027970314,80.2309875488,63998,64049,51
13.0300598145,80.2095184326,64834,64935,101
13.0490503311,80.2075500488,66758,66818,60
13.0498199463,80.2117233276,66990,67151,161
13.0493001938,80.2122573853,67181,67222,41
13.0446996689,80.2124862671,67292,67432,140
13.0440597534,80.2089920044,67564,67695,131
13.0321702957,80.2199401855,69115,69186,71
13.0305204391,80.229927063,69519,69580,61
13.0295696259,80.2309036255,69660,69691,31
13.0247097015,80.2293014526,69903,69943,40
13.0083599091,80.2325897217,70427,70488,61
13.006939888,80.2400436401,70841,70901,60
13.0066204071,80.2571563721,71234,71275,41
12.9994497299,80.2563018799,71416,71456,40
12.9968204498,80.2562789917,72574,72625,51
12.9988002777,80.256072998,72684,72715,31
13.0064601898,80.2535934448,72988,73038,50
13.0065803528,80.2518768311,73069,73129,60
13.0066900253,80.2518386841,73129,73170,41
13.0065803528,80.2484588623,73220,73341,121
13.0258398056,80.2307281494,74289,74340,51
13.0367097855,80.1985168457,75637,75688,51
13.0498399734,80.211769104,77175,77262,87
13.0445203781,80.2124786377,77395,77466,71
13.0441198349,80.2095794678,77526,77557,31
13.0069103241,80.2401733398,79899,79972,73
12.9977903366,80.2565383911,80962,81053,91
13.0988798141,80.2410736084,20723,20763,40
13.0987596512,80.2416763306,22045,22095,50
13.0987300873,80.2420578003,22095,22126,31
13.0983495712,80.2423019409,22146,22247,101
13.0270996094,80.2329177856,24820,24860,40
13.0066699982,80.2572097778,25597,25628,31
12.9992198944,80.256149292,28240,28291,51
13.0344295502,80.2303695679,29579,29619,40
13.0342798233,80.2373962402,29750,29831,81
13.0448904037,80.2403411865,30023,30063,40
13.0766000748,80.2381820679,30879,30910,31
13.096329689,80.2194213867,31714,31754,40
13.0984802246,80.2140426636,31865,32016,151
13.0785503387,80.2507400513,34177,34217,40
13.0779695511,80.251701355,34288,34328,40
13.0772199631,80.2518920898,34368,34399,31
13.0663900375,80.2434387207,34701,34742,41
13.0532197952,80.241859436,35296,35336,40
13.0355195999,80.230430603,35822,35892,70
13.0312995911,80.2306594849,36004,36044,40
13.0277004242,80.2314529419,36155,36226,71
13.027759552,80.2321014404,36246,36438,192
13.0276203156,80.2328109741,36478,36609,131
13.0268802643,80.2329788208,36639,36700,61
13.0071201324,80.2390213013,37384,37465,81
13.006770134,80.2515716553,37889,37929,40
13.0066404343,80.2572021484,38040,38091,51
13.0016202927,80.2565689087,38202,38252,50
13.0000896454,80.2666397095,38662,38693,31
13.0009403229,80.256439209,39388,39428,40
13.0066900253,80.2483825684,39832,39913,81
13.0289001465,80.2308273315,40841,40872,31
13.0340995789,80.2304763794,40973,41033,60
13.0347204208,80.2304077148,41053,41084,31
13.0341701508,80.2368011475,41174,41205,31
13.0657300949,80.2435379028,41910,41951,41
13.0658998489,80.243598938,41951,41991,40
13.0766601563,80.2384033203,42223,42263,40
13.1005001068,80.2146682739,43091,43150,59
13.0762195587,80.2365722656,44966,45048,82
13.076499939,80.2377319336,45089,45190,101
13.0570497513,80.242729187,46145,46186,41
13.0537500381,80.2421798706,46266,46323,57
13.0525798798,80.2416687012,46347,46408,61
13.0353002548,80.2303237915,46835,46915,80
13.0068998337,80.2398605347,47683,47733,50
13.0066003799,80.2440185547,47822,47872,50
13.0065603256,80.2533874512,48054,48224,170
13.0066299438,80.257270813,48304,48393,89
13.0066604614,80.2518768311,48668,48758,90
13.0066795349,80.2478485107,48849,48900,51
13.0342597961,80.230430603,49855,49925,70
13.034239769,80.2372131348,50107,50157,50
13.0539102554,80.2422103882,50701,50742,41
13.0655403137,80.243560791,51024,51065,41
13.1001796722,80.2145080566,52232,52333,101
13.0352401733,80.23021698,55382,55460,78
13.0017204285,80.2565383911,56671,56739,68
12.999540329,80.2562179565,56778,56810,32
13.0010900497,80.2564926147,58468,58519,51
13.0058803558,80.2574005127,58640,58690,50
13.0066003799,80.2520294189,58809,58890,81
13.006649971,80.2477874756,58951,59011,60
13.0259399414,80.2308807373,59863,59914,51
13.0290803909,80.2308807373,59974,60005,31
13.0325298309,80.2305831909,60085,60156,71
13.0336904526,80.2304992676,60186,60247,61
13.0337696075,80.2304763794,60247,60307,60
13.0342903137,80.230430603,60328,60388,60
13.0341501236,80.2369384766,60529,60560,31
13.0436601639,80.2409973145,60883,60943,60
13.0445804596,80.2405700684,60994,61054,60
13.0655002594,80.2435531616,61577,61628,51
13.0681295395,80.2427368164,61688,61729,41
13.0699796677,80.2420883179,61789,61840,51
13.0764598846,80.2374420166,62040,62101,61
13.1000404358,80.2144775391,63262,63322,60
13.1002197266,80.2151031494,63423,63504,81
13.0987596512,80.2141189575,64302,64352,50
13.058549881,80.2426605225,66094,66125,31
13.0580301285,80.2427368164,66145,66185,40
13.0571603775,80.2428283691,66215,66256,41
13.0562696457,80.2425231934,66316,66347,31
13.0555896759,80.2423019409,66357,66417,60
13.0542001724,80.2423629761,66488,66549,61
13.0511598587,80.2406234741,66661,66701,40
13.0473003387,80.2397689819,66783,66823,40
13.047249794,80.2334365845,66985,67025,40
13.0452404022,80.2326583862,67065,67096,31
13.0365104675,80.2307128906,67227,67316,89
13.0360403061,80.2305831909,67326,67467,141
13.0241203308,80.228477478,68030,68061,31
13.0082302094,80.2334671021,68514,68564,50
13.0065803528,80.2571487427,69444,69514,70
13.0028095245,80.2567977905,69611,69654,43
12.9981098175,80.2560195923,69785,69825,40
12.9968099594,80.2564620972,70906,71058,152
13.0066099167,80.251953125,71470,71530,60
13.0067300797,80.2493133545,71581,71672,91
13.0066299438,80.2478790283,71722,71873,151
13.0065803528,80.2466125488,71904,72035,131
13.0066204071,80.2408218384,72267,72338,71
13.0289697647,80.2308883667,73052,73083,31
13.0342102051,80.2304382324,73194,73244,50
13.0565795898,80.2426681519,73999,74040,41
13.0889902115,80.2303924561,75067,75098,31
13.0983400345,80.2142791748,75419,75489,70
13.100399971,80.2146835327,75580,75631,51
13.0932197571,80.2255325317,76723,76790,67
13.0355701447,80.230430603,78581,78641,60
13.0342102051,80.2372589111,81308,81348,40
13.0655498505,80.2434997559,82005,82042,37
13.1004600525,80.2146224976,82981,83052,71
13.0989303589,80.2411117554,83567,83668,101
13.0989999771,80.2404022217,83698,83870,172
13.014169693,80.2255706787,5159,5340,181
13.0140695572,80.2255401611,5340,5441,101
13.0140895844,80.2255783081,7800,7871,71
13.0140695572,80.225479126,17206,17368,162
13.0141096115,80.2256317139,19865,19956,91
13.0141096115,80.2255783081,19956,20067,111
12.9761400223,80.2211914063,27792,27832,40
13.0348901749,80.2297592163,29143,29284,141
13.0346498489,80.2297210693,29687,29798,111
13.0343198776,80.2297897339,30029,30201,172
13.0272598267,80.2329711914,30655,30706,51
13.0081300735,80.2132797241,31319,31380,61
13.0079402924,80.2132034302,31390,31461,71
12.9231796265,80.1205978394,34299,34340,41
12.9230604172,80.125617981,35660,35700,40
12.9710502625,80.2188568115,37809,37900,91
12.9714002609,80.21900177,37910,37951,41
12.9724197388,80.2194519043,38011,38152,141
12.9755401611,80.2206878662,38283,38329,46
13.0338201523,80.2304077148,39982,40018,36
13.0342998505,80.2298126221,40111,40151,40
13.0270996094,80.2329483032,40562,40663,101
12.9763202667,80.2212295532,42110,42141,31
12.9991598129,80.2146835327,48469,48509,40
13.0078201294,80.2130508423,48691,48731,40
13.0270395279,80.2329330444,49618,49678,60
13.0141801834,80.2253570557,50069,50201,132
13.0146198273,80.2252120972,50443,50534,91
13.0344200134,80.2297515869,52925,53106,181
13.0342302322,80.2301101685,53106,53167,61
13.0268297195,80.2329483032,53328,53379,51
13.0231399536,80.2274398804,53510,53550,40
12.9755401611,80.2209320068,54719,54759,40
12.9224300385,80.1434783936,56252,56290,38
12.9234304428,80.1169662476,56714,56750,36
12.9230604172,80.1255569458,57216,57256,40
12.922539711,80.1425476074,57478,57518,40
12.9895401001,80.221282959,59666,59706,40
12.9900197983,80.2210235596,59746,59777,31
13.0335197449,80.2305221558,60958,61018,60
13.0311803818,80.230682373,61623,61673,50
13.0270004272,80.2329483032,61814,61905,91
13.0247802734,80.2292785645,62015,62056,41
13.0231599808,80.2274398804,62117,62157,40
13.0144395828,80.2262802124,62338,62389,51
13.0083398819,80.2134017944,62691,62731,40
12.9999599457,80.2141799927,62952,63134,182
12.9833698273,80.2223205566,63574,63615,41
12.9224004745,80.1432037354,65584,65655,71
12.9171600342,80.192779541,68172,68211,39
12.9617004395,80.2152786255,69225,69258,33
12.9711198807,80.2190628052,69470,69601,131
12.9729003906,80.2197799683,69701,69883,182
12.975110054,80.2207336426,69943,70143,200
12.9763298035,80.2212219238,70213,70264,51
13.029709816,80.2307815552,71724,71764,40
13.0344495773,80.2304229736,71895,71926,31
13.0343399048,80.2297821045,71976,72167,191
13.0341796875,80.2300796509,72167,72359,192
13.0247898102,80.2293930054,72671,72702,31
12.9172296524,80.1913833618,75552,75592,40
12.9227600098,80.1522903442,76225,76275,50
12.9233999252,80.1169281006,76828,76868,40
12.9224996567,80.1427612305,77845,77886,41
12.922750473,80.1516876221,78027,78064,37
13.0342798233,80.2303695679,80602,80643,41
13.0141601563,80.2254562378,81124,81216,92
13.0683603287,80.2052307129,30199,30249,50
13.0680999756,80.2052078247,31199,31259,60
13.0698003769,80.2048873901,31592,31643,51
13.0385799408,80.212387085,32339,32379,40
13.0343503952,80.2121429443,32478,32518,40
13.0107498169,80.2119674683,33282,33353,71
13.0097703934,80.2112197876,33383,33424,41
13.0113697052,80.223197937,33907,33947,40
12.9964599609,80.2103118896,34563,34603,40
12.9898796082,80.2123031616,34805,34866,61
12.9877796173,80.217666626,34956,34997,41
12.9775295258,80.2218322754,36096,36187,91
12.9769296646,80.2212600708,36228,36298,70
12.9761600494,80.2214813232,36379,36470,91
12.9754896164,80.2208862305,36550,36581,31
12.9755001068,80.2208786011,36581,36661,80
12.9755096436,80.2209014893,36661,36732,71
12.9911603928,80.212562561,37216,37247,31
12.9969997406,80.2123031616,37539,37570,31
13.013469696,80.2039794922,38226,38315,89
13.0354604721,80.2108612061,38599,38659,60
13.0442199707,80.2122879028,38808,38839,31
13.0443296432,80.2122802734,38839,38970,131
13.0484695435,80.2113876343,39020,39182,162
13.0608997345,80.2118530273,39202,39392,190
13.0681600571,80.205039978,39916,40078,162
13.0641403198,80.2116622925,41137,41168,31
13.0500097275,80.2121963501,41420,41480,60
13.0098896027,80.2266235352,42889,42925,36
13.0074300766,80.2124786377,43220,43291,71
13.0036096573,80.2088623047,43322,43413,91
12.9973402023,80.2111663818,43483,43544,61
12.9896202087,80.2127380371,43856,43887,31
12.9875097275,80.2181015015,43948,43987,39
12.9788398743,80.21900177,44105,44228,123
12.9767999649,80.2223815918,44354,44434,80
12.9766302109,80.2222900391,44434,44525,91
12.9972496033,80.2107315063,75547,75578,31
12.9968395233,80.2119369507,75578,75628,50
12.9963703156,80.2153701782,75638,75679,41
12.9962596893,80.2151565552,75709,75780,71
12.9963102341,80.2168579102,75810,75951,141
13.0024995804,80.212097168,75951,76001,50
13.0328397751,80.2305221558,415,606,191
13.0331001282,80.2305374146,2171,2282,111
13.0329999924,80.2306137085,3311,3443,132
13.0330600739,80.2304229736,3453,3604,151
13.0329303741,80.2304000854,3614,3665,51
13.0330495834,80.2304382324,4662,4800,138
13.0330896378,80.2305603027,4800,4955,155
13.0330600739,80.2304077148,5218,5314,96
13.0330600739,80.2304992676,5706,5757,51
13.0329198837,80.2303695679,18837,18948,111
13.0329999924,80.2303314209,18948,18979,31
13.0345697403,80.2679595947,20161,20203,42
13.0218000412,80.2632598877,20780,20840,60
13.006649971,80.247543335,21204,21264,60
13.0342998505,80.2298126221,21989,22049,60
13.0335903168,80.2298736572,22059,22120,61
13.0338201523,80.2297821045,22998,23139,141
13.0341796875,80.229927063,23139,23220,81
13.0343103409,80.2303009033,23220,23321,101
13.0339403152,80.2304382324,23321,23483,162
13.0332603455,80.2678070068,26235,26406,171
13.0349597931,80.2300872803,27955,27996,41
13.0069599152,80.2399597168,30145,30186,41
13.0334997177,80.2677993774,31264,31295,31
13.0066699982,80.2576980591,32816,32866,50
13.0065803528,80.2523117065,32968,33038,70
13.0067796707,80.2497634888,33099,33170,71
13.0069303513,80.2496032715,33170,33291,121
13.0067195892,80.2476730347,33351,33543,192
13.0227603912,80.2269363403,34370,34421,51
13.0256795883,80.2303085327,34590,34671,81
13.0347604752,80.2302703857,34893,34962,69
13.0346002579,80.2297286987,35002,35063,61
13.0342903137,80.2302017212,35315,35386,71
13.0320196152,80.2305603027,35456,35487,31
13.0301399231,80.23072052,35547,35587,40
13.027299881,80.2329025269,35698,35820,122
13.0271396637,80.2328872681,35830,35880,50
13.0267496109,80.2329788208,35890,35941,51
13.0070199966,80.2394866943,36574,36665,91
13.0293397903,80.2665176392,37670,37701,31
13.0337896347,80.2678604126,37782,37823,41
13.0341701508,80.2679595947,37823,37854,31
13.0343799591,80.2680435181,37854,37885,31
13.0333795547,80.2678222656,38349,38501,152
13.0065698624,80.2476196289,39491,39569,78
13.0066099167,80.2474212646,39569,39672,103
13.006649971,80.2406692505,39813,39854,41
13.0346097946,80.2298431396,40770,40952,182
13.0342903137,80.229888916,40952,41143,191
13.0272502899,80.2329025269,41375,41406,31
13.0072803497,80.238319397,42022,42073,51
13.0070104599,80.2396621704,42103,42174,71
13.0066003799,80.256942749,42553,42616,63
13.0302200317,80.2666625977,43169,43229,60
13.0305404663,80.2667236328,43229,43340,111
13.0309200287,80.2667694092,43340,43431,91
13.0308904648,80.266746521,43431,43562,131
13.0312004089,80.2668228149,43562,43734,172
13.0313196182,80.2668991089,43744,43835,91
13.03166008,80.267036438,43835,43905,70
13.0320100784,80.2672119141,43905,43976,71
13.0323801041,80.2673797607,43976,44026,50
13.0329198837,80.2677001953,44056,44198,142
13.0340900421,80.2679824829,44521,44571,50
13.0337095261,80.267906189,44571,44642,71
13.0333404541,80.2678375244,44652,44702,50
13.0327501297,80.2677001953,44722,44753,31
13.0066299438,80.2577590942,45401,45441,40
13.0065402985,80.2575302124,45441,45491,50
13.0065498352,80.2530212402,45572,45623,51
13.0068101883,80.2499771118,45683,45754,71
13.0067100525,80.2483596802,45804,45875,71
13.0347995758,80.2300872803,47275,47396,121
13.0348796844,80.2300491333,47396,47487,91
13.0348300934,80.2300491333,47487,47558,71
13.0342102051,80.2300567627,48911,48992,81
13.0298099518,80.2308273315,49139,49171,32
13.0270004272,80.2329406738,49282,49313,31
13.0144796371,80.2262268066,49734,49775,41
13.0119400024,80.2272415161,49815,49876,61
13.0069198608,80.2400970459,50078,50158,80
13.0068397522,80.2511062622,50471,50511,40
13.0163202286,80.2595977783,50764,50804,40
13.0336303711,80.2678604126,51357,51397,40
13.0333795547,80.2678375244,51518,51629,111
13.0066404343,80.2576293945,52233,52293,60
13.0067300797,80.2487030029,52441,52483,42
13.0066404343,80.2475662231,52534,52584,50
13.0345497131,80.2303314209,53620,53671,51
13.0269498825,80.232963562,55604,55665,61
13.0066604614,80.2570495605,56484,56522,38
13.0336904526,80.2679367065,57370,57511,141
13.0065803528,80.2475662231,58831,58871,40
13.028840065,80.2308883667,59861,59902,41
13.0303297043,80.2307662964,59932,59972,40
13.0332298279,80.2305831909,60042,60134,92
13.0346403122,80.2303466797,60184,60275,91
13.0349397659,80.2302322388,60275,60315,40
13.0336999893,80.2678833008,63586,63657,71
13.0344200134,80.2680282593,63677,63737,60
13.0332698822,80.2678222656,64071,64161,90
13.0221500397,80.2633972168,64474,64511,37
13.0066900253,80.2577972412,64896,65056,160
13.0067396164,80.2493362427,65218,65309,91
13.006649971,80.2403488159,65651,65752,101
13.0328397751,80.2306213379,66872,66933,61
13.0342998505,80.2301330566,67528,67619,91
13.0308704376,80.230758667,67738,67809,71
13.026889801,80.2330322266,67960,68051,91
13.0082597733,80.2335510254,68697,68737,40
13.0073204041,80.2379989624,68888,69088,200
13.0068998337,80.2400817871,69129,69199,70
13.0067796707,80.2503433228,69451,69482,31
13.0065898895,80.2568664551,69603,69679,76
13.0336799622,80.2679672241,70559,70619,60
13.0344896317,80.2680892944,70639,70821,182
13.0336799622,80.2679367065,70851,70902,51
13.0189599991,80.2629928589,72250,72290,40
13.0064897537,80.2576828003,72712,72781,69
13.0064496994,80.257598877,72781,72851,70
13.0064601898,80.2525787354,72962,73023,61
13.0065603256,80.2478790283,73154,73265,111
13.0064496994,80.2479629517,73265,73316,51
13.0064001083,80.2420501709,73538,73574,36
13.0260000229,80.2313232422,74286,74336,50
13.0290699005,80.2308731079,74417,74457,40
13.034529686,80.2303466797,74619,74719,100
13.034910202,80.2302322388,74719,74770,51
13.0347995758,80.2298812866,74780,74830,50
13.0342597961,80.2298126221,74851,74891,40
13.0341701508,80.2301635742,74901,75012,111
13.0345602036,80.2680206299,77044,77124,80
13.0349998474,80.2301101685,79055,79086,31
13.0341501236,80.2302017212,79137,79248,111
13.0342998505,80.230506897,82971,83152,181
13.034239769,80.2305908203,83152,83264,112
13.0342798233,80.2304992676,83264,83375,111
12.9883203506,80.2237701416,50456,50537,81
13.0142602921,80.2255325317,23753,23894,141
13.0146398544,80.2255401611,24661,24701,40
13.0140399933,80.2264328003,26194,26234,40
12.9967403412,80.216583252,26829,26860,31
12.9832401276,80.2221908569,27124,27164,40
12.9224500656,80.1438674927,29007,29048,41
12.9231901169,80.1205368042,29471,29542,71
12.9202604294,80.1836166382,32051,32102,51
12.920249939,80.1965866089,32455,32515,60
12.9643602371,80.2162399292,33463,33494,31
12.973279953,80.2198104858,33746,33917,171
12.9751796722,80.2206726074,33988,34099,111
12.9932203293,80.2182388306,34522,34553,31
13.0070400238,80.2127380371,34996,35067,71
13.0078296661,80.2129669189,35097,35135,38
13.019080162,80.2243270874,35489,35529,40
13.0197696686,80.2245483398,35569,35620,51
13.0224399567,80.2265777588,35741,35781,40
13.022939682,80.2270965576,35811,35842,31
13.0257101059,80.2303009033,36003,36061,58
13.0288000107,80.2308807373,36142,36192,50
13.0292196274,80.2308502197,36203,36263,60
13.0346899033,80.2302780151,36445,36495,50
13.0277900696,80.231010437,37971,38011,40
13.0275602341,80.2328491211,38082,38233,151
12.9171800613,80.1943511963,40572,40642,70
12.9751501083,80.2206268311,45062,45122,60
13.0077104568,80.212890625,45874,45925,51
13.034740448,80.2302627563,46570,46630,60
13.0299501419,80.230796814,48374,48446,72
13.0267400742,80.2329788208,48536,48577,41
13.0079298019,80.2132034302,49112,49163,51
12.999710083,80.2143478394,49324,49364,40
12.9234399796,80.1168899536,52104,52144,40
12.9230203629,80.1273117065,52690,52730,40
12.9751796722,80.2205810547,54543,54634,91
13.0078401566,80.2130584717,55378,55410,32
13.0348596573,80.2302093506,56094,56185,91
13.0346298218,80.2297973633,56226,56266,40
13.0344400406,80.2297821045,56266,56427,161
13.0342197418,80.230178833,56437,56508,71
13.0268096924,80.232963562,56688,56738,50
13.0141000748,80.2254104614,57061,57220,159
13.0240297318,80.2281265259,57947,57998,51
13.0259399414,80.230796814,58056,58097,41
13.0347499847,80.2303390503,58369,58429,60
13.0347003937,80.2298278809,58752,58843,91
13.034239769,80.2300796509,58914,58974,60
13.0246896744,80.2292098999,59264,59295,31
13.0230302811,80.2274169922,59346,59391,45
12.9760904312,80.2212905884,60684,60724,40
12.9226703644,80.1520080566,62235,62275,40
12.9224004745,80.1432266235,62366,62416,50
12.9224996567,80.142906189,63838,63889,51
12.9750204086,80.2205810547,65711,65771,60
12.9760398865,80.2212677002,65811,65842,31
13.0078201294,80.2130737305,66596,66646,50
13.034819603,80.2298583984,67604,67694,90
13.0343904495,80.2297973633,67735,67866,131
13.0342197418,80.2300491333,67886,67947,61
13.0321598053,80.2306671143,68058,68108,50
13.031370163,80.2307662964,68158,68249,91
13.0256500244,80.2306137085,68523,68594,71
13.0082798004,80.2134475708,69228,69288,60
12.9990501404,80.2148895264,69530,69621,91
12.9974603653,80.2162399292,69659,69791,132
12.976940155,80.2212905884,70344,70394,50
12.9760398865,80.2213821411,70415,70455,40
12.9757604599,80.221321106,70455,70495,40
12.916970253,80.1930618286,71551,71638,87
12.9223604202,80.1432495117,72369,72409,40
12.9226198196,80.132019043,72600,72709,109
12.9225997925,80.1316070557,72709,72800,91
12.9226198196,80.1311416626,72800,72861,61
12.922659874,80.1304168701,72891,72992,101
12.9232301712,80.1212081909,73883,73983,100
12.9224300385,80.1422805786,74357,74397,40
12.9226703644,80.1512298584,74526,74566,40
12.9203395844,80.1839981079,74950,74990,40
12.9729604721,80.2197723389,76110,76160,50
12.9760103226,80.2212600708,76291,76322,31
13.0343999863,80.2297515869,77756,77897,141
13.0341997147,80.2302017212,77927,77958,31
13.0268001556,80.233001709,78148,78209,61
13.0080299377,80.2132873535,78842,78882,40
12.9750499725,80.2205123901,82819,82881,62
13.0141601563,80.2257385254,83759,83859,100
13.0263795853,80.2663803101,2799,2961,162
13.0263996124,80.2662277222,2961,3122,161
13.0263595581,80.2663574219,71761,71882,121
13.0261001587,80.266418457,75489,75580,91
13.0263004303,80.265838623,75600,75651,51
13.0263795853,80.2654495239,75944,76105,161
13.0820198059,80.2754516602,18600,18641,41
13.0820903778,80.2757263184,18651,18691,40
12.9866199493,80.2593917847,20866,20967,101
12.9969596863,80.2558288574,21934,21966,32
13.0431098938,80.2796325684,23181,23232,51
13.0888004303,80.2901992798,23899,23969,70
13.0242099762,80.2742233276,26095,26126,31
12.9885501862,80.2559509277,26840,26900,60
12.9736499786,80.2582092285,28646,28797,151
12.9875097275,80.2563705444,29161,29221,60
12.9983301163,80.2559585571,29503,29543,40
12.9990501404,80.2560806274,29553,29614,61
13.0062999725,80.2573699951,29765,29825,60
13.0328702927,80.2774810791,30671,30730,59
13.0868396759,80.2839736938,31791,31851,60
13.0877199173,80.2839736938,31882,32033,151
12.9968795776,80.2565078735,34524,34576,52
12.9891300201,80.2560195923,34898,34949,51
12.9875001907,80.2570495605,35927,35968,41
12.9879302979,80.2557296753,36028,36069,41
13.0236997604,80.2734527588,37419,37469,50
13.0254201889,80.2749328613,37520,37560,40
13.0269804001,80.2756271362,37681,37863,182
13.0573501587,80.2819366455,38506,38547,41
13.086810112,80.2838592529,39624,39796,172
13.0873403549,80.2838668823,39826,39947,121
13.0881299973,80.2837600708,40008,40078,70
13.0884103775,80.2847824097,40250,40300,50
13.0888299942,80.2900695801,40482,40542,60
13.0344896317,80.2775878906,41332,41404,72
12.9874801636,80.2573928833,43429,43600,171
13.0331001282,80.2774505615,45547,45578,31
13.0429801941,80.2795562744,45739,45799,60
13.0875396729,80.2897796631,46514,46574,60
13.0886201859,80.2901382446,46594,46695,101
13.085269928,80.2843017578,46816,46847,31
13.0824298859,80.2785797119,47422,47472,50
13.0760602951,80.2747268677,47684,47825,141
13.0814399719,80.2751617432,49894,49934,40
13.0868196487,80.2839279175,50126,50196,70
13.0877399445,80.2839431763,50226,50426,200
13.0881204605,80.2840423584,50426,50467,41
12.995639801,80.267250061,52777,52817,40
12.9968996048,80.2560119629,52999,53080,81
12.9872503281,80.2593307495,53431,53471,40
12.9866399765,80.2592086792,53521,53591,70
12.9868497849,80.2590179443,53601,53712,111
12.987569809,80.2561569214,53783,53894,111
13.043129921,80.2795562744,55774,55815,41
13.0888700485,80.2903366089,56652,56702,50
13.0869998932,80.2839431763,56914,56975,61
13.0877895355,80.2839279175,57005,57136,131
13.0880298615,80.28150177,57247,57287,40
13.0885000229,80.2816772461,57308,57348,40
13.0883798599,80.282409668,57378,57429,51
13.0883197784,80.2826766968,57429,57469,40
13.0888395309,80.2902374268,57762,57802,40
13.0348396301,80.277633667,58758,58817,59
12.9968204498,80.2561035156,60006,60046,40
12.9886302948,80.2559814453,60347,60407,60
12.987039566,80.2591400146,60861,60901,40
12.9875097275,80.2569732666,60962,61043,81
12.996919632,80.2553024292,61355,61424,69
12.9969596863,80.2557830811,61444,61546,102
13.0237398148,80.2735595703,62825,62876,51
13.0389499664,80.2787399292,63250,63281,31
13.0570001602,80.2819519043,63621,63662,41
13.0886697769,80.2901992798,64240,64291,51
13.086640358,80.2839431763,64502,64583,81
13.0877103806,80.2840194702,64613,64714,101
13.0884504318,80.2850570679,64946,65057,111
13.0642700195,80.2836227417,65702,65742,40
12.9956502914,80.2673797607,67600,67640,40
12.9967603683,80.2567214966,67862,67953,91
12.988940239,80.2560272217,68243,68344,101
12.9872398376,80.2594299316,68455,68514,59
12.9869804382,80.2592926025,68544,68706,162
12.9874000549,80.2570266724,68786,68837,51
12.9968996048,80.255607605,69269,69380,111
12.9964199066,80.2608337402,69541,69622,81
12.9962596893,80.26222229,69672,69703,31
12.9959001541,80.2677230835,69803,69834,31
13.0074100494,80.2587432861,70225,70256,31
13.0203304291,80.262802124,70507,70628,121
13.0220603943,80.2712783813,70819,70880,61
13.0430698395,80.2796020508,71354,71405,51
13.063079834,80.283241272,71748,71788,40
13.0886802673,80.2901916504,72222,72324,102
13.086810112,80.2839736938,72495,72546,51
13.0877304077,80.2839736938,72576,72697,121
13.0880002975,80.2839584351,72707,72748,41
13.0887498856,80.2899932861,73192,73282,90
13.037560463,80.2784423828,74151,74202,51
13.0370903015,80.2782363892,74212,74302,90
12.9881095886,80.2559204102,76026,76066,40
12.9870595932,80.2593002319,76197,76359,162
12.9968900681,80.2556304932,76982,77033,51
13.0639801025,80.283416748,78757,78797,40
13.0146799088,80.2250976563,3154,3255,101
13.0148296356,80.2252883911,10227,10407,180
13.0148096085,80.2252197266,10870,10901,31
13.024430275,80.2284927368,19329,19370,41
13.0080299377,80.2132415771,19880,19921,41
12.9757499695,80.2211685181,20456,20498,42
12.9755296707,80.2209625244,20508,20569,61
13.0347700119,80.2299423218,26484,26595,111
13.0341396332,80.2298812866,27825,27886,61
12.9172401428,80.1943969727,30270,30322,52
12.9226903915,80.152130127,30988,31039,51
12.9223804474,80.1416397095,31218,31249,31
12.9231595993,80.1210174561,31539,31620,81
12.9232797623,80.1212081909,31832,32004,172
12.9231100082,80.1254882813,32579,32630,51
12.922539711,80.1434783936,32922,32963,41
12.9171600342,80.1931991577,33750,33781,31
12.9634199142,80.2158203125,34711,34742,31
12.9671802521,80.2174072266,34822,34853,31
12.9730596542,80.2197113037,35045,35105,60
12.9742698669,80.2202529907,35166,35226,60
12.974439621,80.2204437256,35226,35267,41
12.9760398865,80.221206665,35357,35388,31
13.0076704025,80.212852478,36103,36164,61
13.0242004395,80.2282485962,36767,36817,50
13.0288200378,80.2308502197,37007,37057,50
13.0344696045,80.2303771973,37259,37296,37
13.0347099304,80.2297515869,37328,37409,81
13.0343103409,80.2297286987,37409,37520,111
13.0310001373,80.2306976318,37641,37681,40
13.0277795792,80.2322998047,37792,37972,180
13.0141201019,80.2252883911,38464,38616,152
13.0079698563,80.2132034302,38949,38989,40
12.9760799408,80.2213516235,39694,39734,40
12.9171695709,80.1942901611,40792,40823,31
12.9233102798,80.1209335327,42711,42772,61
13.0259399414,80.2309188843,46010,46051,41
13.0292797089,80.2308425903,46123,46210,87
13.0340003967,80.2304534912,46304,46344,40
13.0350103378,80.2301025391,46385,46435,50
13.0343799591,80.2297210693,46465,46506,41
13.0299396515,80.2308120728,47878,47909,31
13.0230703354,80.2274169922,48131,48172,41
13.0147399902,80.2261276245,48343,48384,41
13.008099556,80.2132797241,48719,48779,60
12.9832296371,80.22215271,49345,49376,31
12.9230203629,80.1255722046,52975,53026,51
12.9170999527,80.1930770874,53981,54021,40
12.9759101868,80.2211990356,54996,55037,41
13.0341701508,80.2300796509,57218,57319,101
13.0267801285,80.2329788208,57509,57580,71
13.0079898834,80.213218689,58296,58377,81
12.9756402969,80.2210617065,59002,59052,50
12.9172697067,80.1913528442,60007,60038,31
12.9224500656,80.1433105469,60744,60795,51
12.9231996536,80.1206130981,61118,61158,40
12.9233598709,80.1203536987,61865,61925,60
12.9233102798,80.120880127,61946,62036,90
12.9230499268,80.1254501343,62107,62157,50
12.9227695465,80.1316986084,62349,62380,31
12.917090416,80.1932067871,63300,63361,61
13.0067396164,80.2127532959,65204,65245,41
13.0071401596,80.2127609253,65255,65295,40
13.0076398849,80.2128677368,65315,65366,51
13.0278196335,80.2309265137,65949,65990,41
13.0338602066,80.2304763794,66141,66210,69
13.0245399475,80.2289581299,67846,67877,31
13.0231399536,80.2274627686,67917,68018,101
13.0111999512,80.2235107422,68351,68391,40
13.0100097656,80.2155914307,68563,68614,51
13.0085401535,80.2135391235,68724,68755,31
13.007900238,80.2131271362,68805,68846,41
12.9760799408,80.2212371826,69662,69693,31
12.9755296707,80.220916748,69723,69763,40
12.9172000885,80.1943511963,70894,70934,40
12.9171895981,80.1913604736,71015,71046,31
12.9226999283,80.1520614624,71599,71659,60
12.9228000641,80.1292800903,72053,72194,141
12.9228401184,80.1289215088,72194,72235,41
12.9232797623,80.1210784912,73032,73174,142
12.9230203629,80.1272201538,73295,73345,50
12.9225101471,80.1437835693,73678,73719,41
12.922750473,80.1514434814,73820,73869,49
12.9171495438,80.193031311,74425,74475,50
12.9725904465,80.2195205688,75434,75495,61
12.9750099182,80.2204589844,75576,75636,60
12.9753599167,80.2205963135,75636,75757,121
13.0268096924,80.233001709,77462,77502,40
13.0156202316,80.225730896,77715,77754,39
13.014169693,80.2258529663,77764,77835,71
12.9977397919,80.2561416626,23558,23629,71
12.9970502853,80.2558898926,23649,23680,31
12.9860601425,80.2554931641,23879,23940,61
12.8764801025,80.2268600464,27642,27682,40
12.9003000259,80.2278213501,28005,28086,81
12.9060001373,80.2281417847,28237,28268,31
12.9489097595,80.2406616211,28984,29035,51
12.9585599899,80.2443237305,29227,29297,70
12.9811897278,80.2442169189,29731,29791,60
12.9812097549,80.2438201904,29791,29862,71
13.007519722,80.2098464966,31304,31344,40
13.0101003647,80.211479187,32321,32492,171
13.0097398758,80.2112426758,32855,32906,51
13.000169754,80.2176437378,33572,33622,50
12.8992700577,80.2277908325,38254,38294,40
12.9562397003,80.2432479858,39140,39180,40
13.0061903,80.2095184326,40859,40899,40
13.0093603134,80.2110671997,42431,42471,40
12.9799404144,80.2524490356,44113,44213,100
12.9565696716,80.2437667847,44562,44605,43
12.9185495377,80.2300720215,45099,45160,61
12.9069099426,80.2283782959,45321,45382,61
12.8748998642,80.2096099854,47056,47228,172
12.8749103546,80.2095794678,47470,47641,171
12.8749704361,80.2096328735,47641,47833,192
12.8941602707,80.2274703979,48729,48769,40
12.9488801956,80.2406005859,49663,49713,50
12.979929924,80.2525787354,53895,53966,71
12.9565496445,80.2436904907,54285,54327,42
12.8764696121,80.2269515991,55504,55545,41
12.8744001389,80.2100601196,55767,55819,52
12.9489297867,80.2406692505,58290,58330,40
12.9563302994,80.2434082031,58471,58502,31
12.9812202454,80.2437362671,58913,59034,121
12.9812898636,80.243637085,59034,59095,61
12.9901103973,80.2208023071,59924,59972,48
12.9725599289,80.2501907349,63828,63859,31
12.956489563,80.2437973022,64161,64192,31
12.9017000198,80.2280731201,65047,65078,31
12.876540184,80.2269973755,65501,65552,51
12.8744401932,80.2101287842,65824,65864,40
12.8747797012,80.2096862793,65895,65965,70
12.8792104721,80.2110366821,66742,66773,31
12.8764600754,80.2268295288,66954,67025,71
12.8997097015,80.2278671265,67509,67607,98
12.9047002792,80.2281265259,67790,67891,101
12.9060697556,80.2282028198,67941,68052,111
12.9139699936,80.229347229,68163,68203,40
12.9239397049,80.2306900024,68355,68466,111
12.9560604095,80.243309021,69069,69200,131
12.9666595459,80.2479400635,69418,69450,32
12.9809703827,80.2454528809,70341,70483,142
12.9810695648,80.2444381714,70916,70977,61
12.9811096191,80.2440490723,70977,71078,101
12.9812498093,80.2430114746,71118,71169,51
12.981300354,80.2401275635,71290,71340,50
13.0095596313,80.2112197876,74236,74296,60
13.0103998184,80.2256622314,74628,74688,60
12.9975004196,80.2165985107,74965,75017,52
12.956609726,80.2438201904,76650,76699,49
12.8791503906,80.2109680176,78246,78286,40
12.8746995926,80.2099761963,78447,78639,192
12.9797201157,80.2525863647,80464,80535,71
12.9807100296,80.2525787354,80555,80606,51
12.9808197021,80.2525634766,80606,80676,70
12.9815101624,80.2525634766,80696,80757,61
12.9816598892,80.2525482178,80767,80807,40
12.9826602936,80.2525024414,80868,80908,40
12.9837198257,80.2523574829,80969,81009,40
12.9847803116,80.2520599365,81072,81163,91
12.985710144,80.2518234253,81183,81284,101
12.9870996475,80.2514190674,81334,81405,71
12.9976301193,80.2570495605,81966,82059,93
12.9979000092,80.256942749,82078,82119,41
12.9978599548,80.2573394775,15933,15964,31
12.997759819,80.2573165894,18658,18689,31
12.9979400635,80.2572097778,18729,18900,171
12.9980297089,80.2572097778,19304,19385,81
12.9979600906,80.2571792603,19385,19557,172
12.9977798462,80.2567901611,20636,20794,158
13.0002603531,80.2662200928,21362,21402,40
13.0001802444,80.2664108276,23484,23554,70
13.0066699982,80.2520217896,24210,24251,41
13.0066699982,80.2476806641,24321,24378,57
13.049249649,80.2069091797,26977,27168,191
13.0492601395,80.2072906494,28076,28268,192
13.0492801666,80.2072372437,28278,28318,40
13.0445299149,80.212387085,28560,28591,31
13.0270700455,80.2329177856,30646,30707,61
13.0088596344,80.2303466797,31171,31302,131
13.0066900253,80.2453308105,31646,31704,58
13.0034999847,80.2568206787,32106,32166,60
13.0019102097,80.2565536499,32217,32297,80
12.9978103638,80.2559432983,32388,32419,31
12.9968099594,80.256401062,34520,34560,40
13.0010204315,80.2564620972,34711,34742,31
13.0064296722,80.2519378662,35022,35063,41
13.0067796707,80.2488021851,35133,35194,61
13.0192899704,80.2242889404,35958,36028,70
13.0237398148,80.227722168,36278,36309,31
13.0259304047,80.2307891846,36420,36480,60
13.0301399231,80.23072052,36652,36743,91
13.0302000046,80.2092208862,37485,37516,31
13.0496196747,80.2068023682,40451,40512,61
13.0491399765,80.207069397,40542,40603,61
13.049779892,80.2113265991,40704,40774,70
13.030670166,80.2306594849,42695,42735,40
13.0254001617,80.2296600342,42977,43018,41
13.0241603851,80.2281570435,43058,43098,40
13.0213603973,80.2257614136,43098,43139,41
13.0069303513,80.2400970459,43482,43532,50
13.0065698624,80.2570800781,43873,43914,41
12.9976596832,80.2568511963,44286,44417,131
12.9968395233,80.2562866211,45493,45574,81
13.0065002441,80.2533035278,45816,45854,38
13.0067300797,80.2510070801,45904,45935,31
13.0067501068,80.2493209839,45975,46094,119
13.0409402847,80.1991424561,48471,48517,46
13.0471200943,80.2107772827,48861,48902,41
13.0489397049,80.2072296143,49023,49071,48
13.0492401123,80.2071228027,49111,49293,182
13.0493803024,80.2121582031,49434,49475,41
13.0450897217,80.2123413086,49525,49566,41
13.0444202423,80.2123184204,49606,49646,40
13.0267496109,80.2330322266,51553,51613,60
13.006939888,80.2399215698,52178,52249,71
13.0002603531,80.2657470703,53181,53242,61
13.0074100494,80.2369003296,55165,55196,31
13.0126600266,80.2220993042,55387,55447,60
13.014960289,80.2249221802,55467,55498,31
13.015080452,80.2255020142,55528,55619,91
13.0288200378,80.230758667,55954,56100,146
13.0289201736,80.2269134521,56100,56150,50
13.0387201309,80.192817688,57207,57238,31
13.0413703918,80.1967163086,57379,57410,31
13.0498600006,80.211807251,58681,58752,71
13.0448198318,80.2124481201,58863,58921,58
13.0397796631,80.1931762695,59355,59395,40
13.03083992,80.2309188843,60718,60758,40
13.0069303513,80.2400436401,61483,61524,41
13.0069599152,80.2400817871,61524,61584,60
13.0066404343,80.257232666,61928,61988,60
13.0013504028,80.2565612793,62079,62150,71
12.9968900681,80.2561035156,64160,64261,101
13.0054502487,80.2573318481,64493,64553,60
13.0065498352,80.2535400391,64634,64695,61
13.0065898895,80.2522964478,64725,64806,81
13.006649971,80.2481613159,64927,65036,109
13.0065803528,80.2458190918,65116,65147,31
13.0066900253,80.2405776978,65347,65417,70
13.0074501038,80.2367019653,65498,65538,40
13.0173101425,80.2250213623,66023,66114,91
13.0191602707,80.224357605,66164,66205,41
13.0242900848,80.2284088135,66346,66386,40
13.0258102417,80.2306213379,66477,66527,50
13.0275602341,80.2310333252,66574,66626,52
13.0284004211,80.2309417725,66647,66687,40
13.0303096771,80.2283401489,66848,66899,51
13.0286903381,80.2240524292,67050,67081,31
13.0321702957,80.2197113037,67270,67311,41
13.0304498672,80.2166900635,67401,67432,31
13.030090332,80.2099227905,67654,67715,61
13.0367498398,80.1984329224,68249,68280,31
13.0489702225,80.207611084,69307,69347,40
13.0493497849,80.2073364258,70377,70427,50
13.0306501389,80.2306518555,72867,72938,71
13.0297698975,80.2308197021,72968,73029,61
13.0246200562,80.2292022705,73453,73493,40
13.0071001053,80.238571167,74037,74068,31
13.0066604614,80.2573318481,74592,74623,31
13.0038995743,80.2569274902,74693,74724,31
13.0024404526,80.2566680908,74764,74824,60
12.9972496033,80.2559509277,76032,76173,141
13.0019598007,80.2566986084,76213,76244,31
13.0066204071,80.2574310303,76314,76365,51
13.0065097809,80.2532730103,76365,76413,48
13.0066099167,80.2519378662,76475,76536,61
13.030090332,80.2093582153,78298,78339,41
13.0497503281,80.2116775513,80003,80074,71
13.0445804596,80.2124023438,80195,80314,119
13.0304203033,80.2091064453,81231,81363,132
13.0304403305,80.2173614502,81451,81491,40
13.0317401886,80.2192611694,81512,81573,61
13.0319299698,80.2227401733,81573,81683,110
13.0278596878,80.2273864746,81714,81845,131
13.0069799423,80.2399520874,82428,82509,81
13.006649971,80.2432403564,82569,82660,91
12.9962301254,80.2623977661,83195,83242,47
13.0002603531,80.2653579712,84504,84555,51
12.9976997375,80.2562484741,84787,84855,68
13.0501203537,80.2071075439,7979,8171,192
13.0498504639,80.2068862915,22971,23031,60
13.049949646,80.2118988037,23203,23274,71
13.044500351,80.2124099731,24514,24575,61
12.9877595901,80.2556762695,27078,27128,50
12.9872999191,80.2593994141,27188,27229,41
12.9870796204,80.2595977783,27249,27310,61
12.9867601395,80.2590637207,28258,28308,50
12.9871997833,80.2591323853,28308,28359,51
12.9878902435,80.2520370483,28510,28550,40
12.9799804688,80.2527923584,28669,28730,61
12.9753904343,80.2208328247,29393,29442,49
13.0074300766,80.2098236084,30188,30219,31
13.0508298874,80.2121582031,32597,32637,40
13.0452003479,80.2124176025,32778,32865,87
13.0378799438,80.2124023438,32959,33090,131
13.0109701157,80.2121582031,33968,34038,70
13.0102300644,80.2115402222,34068,34109,41
13.0099000931,80.2113189697,34109,34159,50
13.0095701218,80.2110977173,34159,34240,81
12.9758996964,80.2202682495,35327,35448,121
12.9755897522,80.2208328247,35468,35499,31
12.9800901413,80.2524185181,36354,36465,111
12.9877996445,80.2550582886,37018,37139,121
12.9867601395,80.2590637207,37826,37867,41
12.9875402451,80.2566223145,37947,38048,101
12.9879198074,80.2523193359,38169,38200,31
12.9878997803,80.2520523071,38210,38250,40
12.9757604599,80.2211837769,39408,39447,39
12.9753904343,80.2208633423,39468,39620,152
13.0697698593,80.2049407959,42185,42226,41
13.0508699417,80.2121582031,42599,42639,40
13.044960022,80.212387085,42770,42831,61
13.038020134,80.2124481201,42932,43020,88
12.9800796509,80.2523117065,45560,45600,40
12.9877796173,80.2548294067,45792,45873,81
12.9871997833,80.2591705322,45953,45994,41
12.9868097305,80.2590789795,47799,47890,91
12.9875297546,80.2566223145,47970,48071,101
13.0327596664,80.2097015381,50365,50417,52
13.0438804626,80.2122802734,50580,50661,81
13.0686197281,80.2053985596,51185,51226,41
13.0684099197,80.2054367065,51236,51296,60
13.067990303,80.2053222656,51306,51387,81
13.0680103302,80.2049407959,51397,51548,151
13.0452299118,80.2123565674,52093,52133,40
13.0380496979,80.2123413086,52252,52313,61
12.9873104095,80.2514190674,54791,54892,101
12.9877700806,80.254989624,54962,55024,62
12.9871902466,80.2596206665,55104,55165,61
12.9866104126,80.2592315674,56254,56295,41
12.986869812,80.2591018677,56325,56365,40
12.9875297546,80.2570724487,56436,56476,40
12.9878101349,80.2517471313,56607,56648,41
13.0441703796,80.2122268677,59014,59122,108
13.0495300293,80.2119369507,59243,59284,41
13.063249588,80.2115402222,59485,59516,31
13.0686397552,80.2052001953,60082,60142,60
13.067899704,80.2051391602,60687,60747,60
13.0509500504,80.212272644,61252,61292,40
13.0506801605,80.2121429443,61292,61332,40
13.0381202698,80.2125015259,61564,61615,51
13.0094499588,80.2111206055,62488,62539,51
12.975689888,80.2203826904,63586,63687,101
12.9813098907,80.2380828857,64040,64081,41
12.9800796509,80.2523727417,64401,64442,41
12.9819402695,80.2526168823,64482,64543,61
12.9826803207,80.252571106,64553,64684,131
12.9878902435,80.2540969849,64845,64906,61
12.9868402481,80.2591171265,66469,66560,91
12.9875001907,80.2565612793,66641,66782,141
12.9878797531,80.2523574829,66893,67064,171
12.980890274,80.2457199097,67417,67468,51
12.980919838,80.2455596924,67478,67569,91
12.9809598923,80.2452163696,67579,67710,131
12.9809999466,80.2448196411,67710,67770,60
12.9810600281,80.2444381714,67770,67871,101
12.9811201096,80.2440490723,67871,67911,40
12.9811897278,80.2385787964,68325,68375,50
12.9811601639,80.2384185791,68375,68436,61
12.9811897278,80.2379608154,68446,68497,51
12.981180191,80.2377090454,68497,68537,40
12.9811496735,80.237121582,68567,68638,71
12.9811401367,80.2365112305,68708,68749,41
12.9811000824,80.235496521,68819,68870,51
12.9811601639,80.2343215942,68981,69021,40
12.9814300537,80.2337036133,69082,69132,50
12.9768400192,80.2227935791,69495,69535,40
12.9765996933,80.2225036621,69535,69592,57
12.9764204025,80.2222213745,69592,69665,73
12.9762897491,80.2219085693,69675,69715,40
12.9757204056,80.2211990356,69735,69775,40
12.9755296707,80.2210083008,69775,69937,162
13.0130796432,80.2040100098,71108,71156,48
13.0349998474,80.2112426758,71783,71823,40
13.0418100357,80.2122421265,72315,72436,121
13.0485801697,80.2119903564,72800,72871,71
13.0542898178,80.21144104,73012,73053,41
13.0695800781,80.2048721313,74094,74215,121
13.0639801025,80.211769104,74396,74447,51
13.0502195358,80.2123031616,74689,74757,68
13.0496397018,80.2122879028,74767,74808,41
13.0445804596,80.2125015259,74888,75080,192
13.0099401474,80.211479187,76027,76128,101
13.009469986,80.2111434937,76138,76189,51
12.9975404739,80.2165908813,76865,76896,31
12.9868898392,80.2182998657,77097,77128,31
12.9823198318,80.2526092529,78286,78376,90
12.9877700806,80.2548980713,78810,78861,51
12.987159729,80.2595901489,78971,79022,51
12.9871997833,80.2590789795,80222,80263,41
12.9875001907,80.255821228,80374,80454,80
12.9799995422,80.2527923584,80636,80716,80
13.0679702759,80.2052230835,83413,83473,60
13.0682296753,80.2049636841,83483,83645,162
13.0498399734,80.2120895386,84058,84108,50
13.0491104126,80.2068328857,84221,84308,87
13.0503902435,80.2069015503,84360,84420,60
13.0507097244,80.2070465088,84429,84501,72
13.049949646,80.2070236206,84837,84968,131
13.0499401093,80.2071075439,85886,85987,101
13.0139398575,80.2231826782,21308,21349,41
13.0268096924,80.233039856,27522,27572,50
13.0003299713,80.2656707764,28902,28941,39
13.0003595352,80.2660903931,29748,29910,162
12.9985599518,80.2559661865,30900,30941,41
13.000869751,80.256362915,31001,31044,43
13.0066604614,80.2518386841,31246,31326,80
13.0066099167,80.2474975586,31437,31569,132
13.0238103867,80.2277984619,32351,32382,31
13.0257501602,80.2303390503,32483,32544,61
13.0301198959,80.2092971802,33419,33450,31
13.0378398895,80.192741394,33962,33993,31
13.0489301682,80.2071990967,34748,34779,31
13.0491504669,80.2072067261,35101,35191,90
13.0493497849,80.2071990967,35202,35252,50
13.0449304581,80.2123794556,35504,35535,31
13.0306100845,80.2300186157,37347,37409,62
13.0278396606,80.2324523926,37580,37631,51
13.0278596878,80.2328186035,37631,37701,70
13.0248003006,80.2293167114,37832,37883,51
13.0067396164,80.2430114746,38617,38658,41
13.0067195892,80.2572021484,38946,39049,103
13.0026102066,80.2567977905,39140,39181,41
12.9977798462,80.2570266724,39392,39534,142
12.9975500107,80.2568817139,39544,39685,141
13.0066699982,80.2485809326,41509,41580,71
13.0258102417,80.2304916382,42404,42435,31
13.0292701721,80.2308502197,42526,42566,40
13.030090332,80.2092819214,43200,43240,40
13.0498504639,80.2117614746,45012,45065,53
13.0495004654,80.2122116089,45105,45145,40
13.0443897247,80.2123718262,45256,45296,40
13.032500267,80.2118988037,46254,46301,47
13.0306997299,80.2305603027,47032,47121,89
13.0018100739,80.2566375732,48401,48441,40
13.0016403198,80.2565994263,48441,48481,40
12.9971199036,80.2570571899,48683,48734,51
12.9971399307,80.2571411133,49157,49289,132
12.997590065,80.2563400269,51115,51216,101
13.0065002441,80.2527313232,51569,51630,61
13.0301599503,80.2092514038,53162,53233,71
13.0442399979,80.2118911743,54139,54200,61
13.0447101593,80.2124099731,54925,54967,42
13.0307197571,80.230682373,56598,56639,41
12.997420311,80.2559890747,57926,57966,40
13.0003700256,80.2661437988,58338,58509,171
13.0003900528,80.2662963867,59753,59823,70
12.9968099594,80.2563400269,60174,60215,41
12.9988203049,80.2560195923,60296,60346,50
13.0066604614,80.2486801147,60758,60808,50
13.0257797241,80.2304077148,61694,61775,81
13.0291004181,80.2308120728,61895,61927,32
13.0443296432,80.2121963501,63749,63810,61
13.0491399765,80.2076034546,65091,65202,111
13.0496501923,80.2096633911,65293,65414,121
13.0497903824,80.2115707397,65475,65596,121
13.0447597504,80.2124710083,65726,65858,132
13.0307197571,80.2306289673,67699,67769,70
13.0262804031,80.2326431274,67961,67999,38
13.0261898041,80.2322692871,67999,68039,40
13.0068101883,80.2512817383,69261,69301,40
13.0066699982,80.2572631836,69412,69513,101
13.0026397705,80.2568283081,69604,69650,46
12.9976902008,80.2562637329,70471,70532,61
12.9976301193,80.2563171387,72386,72508,122
13.0002403259,80.2664108276,72909,73061,152
12.9967803955,80.2565002441,73384,73434,50
12.9989595413,80.2560195923,73525,73565,40
13.0066099167,80.2485198975,73951,74052,101
13.0260000229,80.2311096191,74990,75031,41
13.030090332,80.2092971802,75876,75917,41
13.0491199493,80.2070083618,77113,77253,140
13.0498504639,80.2117614746,77364,77505,141
13.0268201828,80.2329788208,79311,79352,41
13.0069303513,80.2399673462,79834,79865,31
12.9978504181,80.2565383911,80329,80369,40
13.0993003845,80.2404937744,10844,10905,61
13.0988798141,80.2416381836,20865,20966,101
12.9962701797,80.2621917725,24284,24315,31
13.0564804077,80.2425994873,26590,26626,36
13.0757703781,80.2340698242,27119,27159,40
13.0875301361,80.23462677,29813,29853,40
13.0874004364,80.2346191406,29853,29952,99
13.076379776,80.2366790771,30316,30457,141
13.0355501175,80.2304000854,32021,32062,41
13.0275497437,80.2328414917,32294,32365,71
13.0240097046,80.2282867432,32427,32497,70
13.0141000748,80.2264022827,32668,32699,31
13.0071201324,80.2395477295,33032,33093,61
13.0067596436,80.2462005615,33295,33355,60
13.0066204071,80.2521820068,34090,34121,31
13.0068597794,80.2493667603,34212,34303,91
13.0216302872,80.2259368896,35148,35179,31
13.0229597092,80.2270812988,35290,35330,40
13.0241699219,80.2282180786,35381,35431,50
13.0302095413,80.2307281494,35629,35681,52
13.0342998505,80.2303466797,35772,35803,31
13.0446500778,80.2404403687,36175,36206,31
13.0540599823,80.2422180176,36397,36428,31
13.0564203262,80.2425384521,36468,36508,40
13.0678901672,80.2427368164,36821,36872,51
13.0984897614,80.2139587402,37945,38044,99
13.087389946,80.2346191406,39932,39993,61
13.0690402985,80.2426986694,40788,40839,51
13.0357198715,80.2304763794,41885,41925,40
13.0269203186,80.232963562,42147,42218,71
13.0069103241,80.239906311,42723,42834,111
13.0065803528,80.2571029663,43127,43187,60
12.9962997437,80.2616500854,43611,43662,51
12.9959201813,80.267326355,44358,44428,70
13.0065097809,80.2526702881,44960,45023,63
13.0067596436,80.2493286133,45083,45134,51
13.0066003799,80.2478713989,45174,45253,79
13.0065402985,80.2406768799,45394,45425,31
13.0259599686,80.2311172485,46006,46047,41
13.0343198776,80.2303466797,46248,46299,51
13.0523996353,80.240852356,46904,46945,41
13.0758104324,80.2338027954,47753,47824,71
13.0843296051,80.2336578369,48076,48147,71
13.1004800797,80.2145385742,48690,48751,61
13.0764904022,80.2369766235,50515,50546,31
13.0661697388,80.244140625,51201,51269,68
13.0469303131,80.2356414795,52047,52078,31
13.0353899002,80.2304077148,52320,52380,60
13.0068998337,80.2401733398,53260,53340,80
13.0013399124,80.2668533325,54197,54257,60
12.9968299866,80.2560806274,55196,55247,51
12.9986200333,80.2561416626,55287,55318,31
13.0065603256,80.2527389526,55620,55679,59
13.0068101883,80.2478179932,55861,55901,40
13.0065498352,80.247718811,55931,56022,91
13.0067100525,80.2438430786,56073,56123,50
13.0073204041,80.2362594604,56220,56253,33
13.0212001801,80.2252807617,56587,56627,40
13.029540062,80.2308273315,56837,56887,50
13.0342798233,80.2303771973,56978,57029,51
13.0342102051,80.2370223999,57170,57201,31
13.0401000977,80.2398986816,57382,57453,71
13.060669899,80.2429122925,58048,58140,92
13.0984697342,80.2139892578,59594,59674,80
13.1004400253,80.2146224976,59745,59786,41
13.1002197266,80.2148590088,59897,60078,181
13.0860099792,80.2343597412,61441,61502,61
13.0831899643,80.2338104248,61502,61593,91
13.0794696808,80.2334899902,61613,61644,31
13.0772800446,80.2406005859,61845,61896,51
13.0530195236,80.241897583,63028,63088,60
13.0355300903,80.2303390503,63626,63667,41
13.0267496109,80.2329864502,63950,64091,141
13.0069799423,80.2400131226,64816,64887,71
13.0067195892,80.2432022095,64967,65018,51
13.0066699982,80.2538986206,65329,65408,79
13.0066795349,80.2571105957,65488,65529,41
13.0065002441,80.252243042,65800,65851,51
13.0066404343,80.2492828369,65901,66040,139
13.0065498352,80.2411422729,66273,66324,51
13.0073795319,80.2368927002,66445,66485,40
13.0105199814,80.2252120972,66638,66678,40
13.0342998505,80.2303085327,67534,67585,51
13.0396995544,80.2398605347,67906,67946,40
13.0445804596,80.2405166626,68168,68199,31
13.0566196442,80.2426834106,68673,68722,49
13.0812797546,80.2336120605,69754,69794,40
13.096280098,80.2194366455,70440,70471,31
13.100060463,80.2144470215,70663,70743,80
13.0986003876,80.2141036987,71309,71349,40
13.0267000198,80.2330322266,74324,74386,62
13.0069599152,80.2401199341,75020,75070,50
13.0013904572,80.2565383911,75626,75706,80
12.9974498749,80.2559890747,75838,75888,50
12.9968595505,80.2568893433,75929,75969,40
12.9999704361,80.2667617798,76282,76322,40
13.0003004074,80.2663497925,76373,76565,192
13.0066003799,80.2480392456,77384,77444,60
13.0066099167,80.2468795776,77454,77500,46
13.0340099335,80.2304229736,78603,78663,60
13.0343999863,80.2303466797,78663,78734,71
13.0343103409,80.2374801636,78905,78946,41
13.0654001236,80.2434768677,79709,79740,31
13.075799942,80.2342834473,80063,80112,49
13.100520134,80.2145309448,80982,81042,60
13.0974702835,80.241897583,81466,81515,49
13.0988397598,80.2411727905,81596,81636,40
13.098950386,80.2403106689,81656,81767,111
13.0992002487,80.2406768799,82494,82636,142
13.0267896652,80.2329483032,23811,23851,40
13.0069198608,80.2401733398,24284,24335,51
13.0066404343,80.2475967407,26768,26846,78
13.0065698624,80.2466506958,26866,26916,50
13.0757598877,80.2341003418,28650,28690,40
13.0998096466,80.2144012451,29435,29485,50
13.1005496979,80.2146606445,29505,29536,31
13.0872001648,80.2346420288,30990,31131,141
13.0823802948,80.2336502075,31232,31272,40
13.0356998444,80.2304077148,33197,33248,51
13.0311002731,80.2306594849,33380,33419,39
13.0273599625,80.2328262329,33531,33602,71
13.007349968,80.2381286621,34248,34328,80
13.0067796707,80.2416763306,34429,34490,61
12.9976396561,80.2559661865,35123,35154,31
12.9989204407,80.2560424805,36465,36496,31
13.0053501129,80.257232666,36657,36738,81
13.0065202713,80.2535476685,36808,36859,51
13.0064897537,80.2529373169,36879,37010,131
13.0066900253,80.2492218018,37111,37198,87
13.0066204071,80.2407836914,37392,37453,61
13.0197095871,80.2245025635,37918,37949,31
13.0259103775,80.2306976318,38221,38302,81
13.0344200134,80.2303390503,38514,38554,40
13.0341997147,80.2370529175,38715,38794,79
13.0522203445,80.240737915,39228,39278,50
13.0567903519,80.2425613403,39399,39440,41
13.0649404526,80.2435302734,39620,39652,32
13.075750351,80.2341003418,39995,40055,60
13.1005096436,80.2146377563,40883,40933,50
13.0759096146,80.2339172363,42325,42356,31
13.0536499023,80.2422180176,43536,43597,61
13.0520896912,80.2409362793,43637,43677,40
13.0517702103,80.2406997681,43688,43738,50
13.0353498459,80.2303390503,44231,44320,89
13.0343999863,80.2303924561,44340,44381,41
13.0310602188,80.2306671143,44441,44502,61
13.0298404694,80.2308425903,44542,44582,40
13.0268802643,80.232963562,44663,44744,81
13.0068101883,80.251159668,45520,45560,40
13.0066099167,80.2535705566,45853,46014,161
13.0065803528,80.2577285767,46244,46355,111
13.0065803528,80.2521209717,46466,46504,38
13.0067100525,80.248878479,46565,46626,61
13.0291595459,80.2308273315,47542,47582,40
13.0343704224,80.2303466797,47683,47794,111
13.0444202423,80.2406616211,48256,48296,40
13.0564603806,80.2425918579,48619,48660,41
13.0656299591,80.2435379028,48892,48962,70
13.0768203735,80.2391586304,49194,49265,71
13.098400116,80.2141113281,50050,50121,71
13.100569725,80.214630127,50181,50252,71
13.0267601013,80.2330093384,55022,55062,40
13.0069198608,80.2399520874,55596,55657,61
13.0062599182,80.2575378418,55995,56126,131
13.0017004013,80.2566299438,56227,56287,60
12.9956598282,80.2673873901,57625,57665,40
12.9968595505,80.2560882568,57875,57916,41
13.0010004044,80.2565307617,58017,58066,49
13.0057001114,80.2573471069,58168,58218,50
13.0065698624,80.2521133423,58319,58380,61
13.0335302353,80.2305221558,59643,59732,89
13.0655698776,80.2435836792,60812,60862,50
13.0763597488,80.2372817993,61193,61264,71
13.0803804398,80.2335586548,61463,61494,31
13.0914001465,80.2273025513,61903,61935,32
13.0983104706,80.2143630981,62259,62340,81
13.1002397537,80.2145385742,62391,62481,90
13.0999403,80.2158203125,62532,62643,111
13.0823602676,80.2336273193,64057,64097,40
13.0771598816,80.2405319214,64436,64489,53
13.0678195953,80.24659729,65044,65075,31
13.0630903244,80.2444381714,65276,65317,41
13.0549001694,80.2424468994,65619,65660,41
13.0544395447,80.2424087524,65700,65771,71
13.0535402298,80.2421417236,65841,65942,101
13.0451202393,80.2326889038,66337,66376,39
13.0370197296,80.2309036255,66485,66519,34
13.0334796906,80.2305374146,66672,66722,50
13.0310096741,80.2307662964,66763,66874,111
13.0267801285,80.2330474854,67005,67136,131
13.026260376,80.2327194214,67166,67197,31
13.0070400238,80.2395324707,68013,68205,192
13.0066404343,80.25730896,69587,69668,81
13.0066795349,80.249420166,70031,70082,51
13.0065698624,80.247718811,70142,70203,61
13.0066003799,80.2462692261,70273,70344,71
13.0065603256,80.244972229,70425,70495,70
13.0065603256,80.2445907593,70495,70526,31
13.0066003799,80.2408218384,70616,70697,81
13.0347700119,80.2303390503,71626,71667,41
13.0346603394,80.2381210327,71828,71879,51
13.0441102982,80.2409133911,72151,72223,72
13.0563201904,80.2425765991,72585,72625,40
13.0763998032,80.2376174927,73201,73242,41
13.075750351,80.2342605591,73288,73321,33
13.0801200867,80.2335281372,73411,73442,31
13.1001501083,80.2145614624,74279,74320,41
13.1002397537,80.2146224976,74320,74370,50
13.0352201462,80.2303237915,78071,78112,41
13.0069799423,80.2397537231,78868,78939,71
13.0988702774,80.2413787842,84989,85048,59
13.09897995,80.2404098511,85078,85189,111
12.9977397919,80.256980896,1165,1306,141
12.9977302551,80.2561798096,24768,24879,111
12.9880800247,80.255859375,25061,25162,101
12.8996295929,80.2277908325,28348,28428,80
12.9811201096,80.2446517944,29830,29880,50
12.9811296463,80.2445297241,29890,29931,41
12.9811296463,80.2443008423,29941,30012,71
12.9815597534,80.2334899902,30244,30284,40
13.0136604309,80.2042388916,31624,31691,67
13.0095100403,80.2110900879,32571,32763,192
13.0154495239,80.2252578735,33065,33096,31
12.9799699783,80.2525787354,34669,34730,61
12.9567203522,80.2438583374,35144,35204,60
12.8921298981,80.2272720337,37712,37744,32
12.9006204605,80.2277679443,37850,37931,81
13.0136404037,80.204208374,40622,40662,40
13.0101299286,80.2116165161,40874,40955,81
13.0090398788,80.2114868164,41841,41872,31
12.9565496445,80.243812561,43837,43888,51
12.9070196152,80.2283477783,44663,44714,51
12.8993396759,80.2279815674,44842,44885,43
12.9005203247,80.2277297974,46713,46753,40
13.0108203888,80.212097168,49683,49753,70
13.0106801987,80.2120437622,49764,49895,131
13.0095701218,80.2111129761,51642,51803,161
12.9566402435,80.2437362671,53438,53478,40
12.9565200806,80.2436981201,53478,53528,50
12.9010696411,80.2280426025,54212,54272,60
12.9007701874,80.2278289795,55948,56049,101
12.9488296509,80.2405776978,56817,56857,40
12.9799499512,80.2526626587,61721,61762,41
12.9072999954,80.2284011841,62977,63048,71
12.8992004395,80.2279434204,63221,63261,40
12.8925199509,80.2274475098,63403,63443,40
12.8744001389,80.2101211548,63917,63958,41
12.8764600754,80.2268371582,65281,65331,50
12.9772596359,80.251373291,67521,67602,81
12.9809904099,80.2453689575,67854,67895,41
12.981010437,80.2451019287,67895,67955,60
12.9810495377,80.2448730469,67955,68016,61
12.9810800552,80.2446975708,68026,68137,111
12.9811201096,80.2442932129,68137,68177,40
12.9813203812,80.2424316406,68288,68359,71
12.9813098907,80.2418518066,68389,68460,71
12.981300354,80.2411575317,68511,68561,50
12.9812898636,80.2409515381,68571,68632,61
12.981300354,80.2407836914,68642,68712,70
12.9812602997,80.2394866943,68783,68834,51
12.9812498093,80.2385177612,68904,68945,41
12.9812202454,80.238319397,68955,69036,81
12.9812002182,80.2372512817,69096,69147,51
13.0135803223,80.2046585083,70974,71006,32
13.0096797943,80.2112808228,72330,72371,41
12.9877796173,80.2230987549,73417,73518,101
12.9799003601,80.2526321411,74547,74588,41
12.9074296951,80.2284469604,75627,75718,91
12.9022502899,80.2281188965,75798,75909,111
12.900349617,80.2278671265,77582,77662,80
12.9032201767,80.2279968262,77763,77794,31
12.9040899277,80.2280273438,77834,77905,71
12.9053602219,80.2281036377,77955,78026,71
12.9559202194,80.2431793213,78741,78781,40
12.9562997818,80.2433319092,78801,78832,31
12.9828195572,80.2525787354,79215,79272,57
12.9835596085,80.252456665,79324,79355,31
12.9838104248,80.2524185181,79364,79405,41
12.9848604202,80.2520980835,79456,79516,60
12.9854803085,80.2519226074,79577,79658,81
12.9861097336,80.2517089844,79698,79748,50
12.9874696732,80.2513427734,79799,79890,91
12.9976997375,80.2568969727,80191,80342,151
12.9873600006,80.2591400146,82708,82754,46
13.0260400772,80.2657775879,83771,83811,40
13.0682497025,80.2718963623,84813,84845,32
13.0847597122,80.2833633423,85138,85169,31
12.786190033,80.2203292847,18082,18113,31
13.0332298279,80.2304382324,22725,22845,120
12.9880304337,80.2558822632,26407,26467,60
12.7869997025,80.2206573486,29593,29634,41
12.7861604691,80.2205734253,30765,30796,31
12.8313703537,80.2292480469,31440,31500,60
12.9059200287,80.2282028198,32629,32730,101
12.9474601746,80.240020752,33384,33424,40
12.9480400085,80.2402801514,33434,33505,71
12.9791202545,80.2525634766,34121,34161,40
12.9808502197,80.2526397705,34202,34323,121
12.9870500565,80.2515106201,34949,35060,111
12.9947395325,80.2558898926,35282,35332,50
12.996509552,80.2558517456,35383,35433,50
12.9976396561,80.2558822632,35463,35494,31
13.0067501068,80.2510223389,35887,36039,152
13.0067796707,80.250579834,36049,36160,111
13.0066995621,80.2488327026,36210,36352,142
13.0066404343,80.2479629517,36382,36513,131
13.0230503082,80.227180481,37250,37301,51
13.0244598389,80.2286224365,37361,37402,41
13.0299100876,80.230758667,37644,37725,81
13.0348300934,80.2302017212,37817,37869,52
13.0349502563,80.2297592163,37889,37930,41
13.0345802307,80.2297897339,37940,38010,70
13.0342502594,80.2301177979,38041,38233,192
13.0278100967,80.2324295044,38444,38525,81
13.0278196335,80.2325897217,38535,38656,121
13.0082302094,80.2335510254,39292,39351,59
13.0071496964,80.2389068604,39504,39555,51
13.007109642,80.2391662598,39555,39666,111
13.0036802292,80.2570037842,40080,40120,40
13.0023202896,80.2567214966,40158,40219,61
12.9881000519,80.2558898926,40532,40633,101
12.9644899368,80.2472305298,41037,41077,40
12.9566297531,80.243637085,41254,41298,44
12.9081201553,80.228553772,42033,42083,50
12.9067697525,80.2283477783,42122,42213,91
12.7980003357,80.2233123779,43674,43748,74
12.8394203186,80.2277603149,45091,45162,71
12.9005899429,80.2278137207,45798,45889,91
12.9063196182,80.2281417847,46020,46081,61
12.948800087,80.2405776978,46624,46674,50
12.9794998169,80.2525787354,47108,47159,51
12.9850997925,80.251991272,47278,47318,40
12.9855604172,80.2518615723,47338,47389,51
12.9875097275,80.2513427734,47449,47581,132
12.9873895645,80.2582015991,47732,47849,117
12.9868803024,80.2585983276,48911,49063,152
12.9868402481,80.2585830688,49063,49184,121
12.9867801666,80.2588729858,54897,54988,91
12.9875097275,80.2559280396,55099,55169,70
12.9567804337,80.2437820435,55763,55803,40
12.9069404602,80.2283325195,56530,56590,60
12.9009399414,80.2279815674,56669,56731,62
12.7874202728,80.2208328247,58189,58239,50
12.7862100601,80.2216796875,58370,58441,71
12.7862501144,80.2218780518,58441,58502,61
12.7863197327,80.2221908569,59360,59551,191
12.7861604691,80.2205429077,60369,60409,40
12.8313798904,80.2292404175,61024,61075,51
12.8389902115,80.2278137207,61206,61297,91
12.9008398056,80.2279129028,62192,62303,111
12.9561500549,80.2433166504,63253,63304,51
12.9751195908,80.2507781982,63665,63766,101
12.9758901596,80.2509918213,63786,63847,61
12.9769201279,80.2513198853,63887,64039,152
12.9779100418,80.2519226074,64099,64140,41
12.9787197113,80.2524337769,64432,64483,51
12.9798402786,80.2526092529,64513,64604,91
12.9810199738,80.2526016235,64634,64725,91
12.9925603867,80.2559585571,65321,65381,60
12.9929199219,80.2559509277,65381,65412,31
12.9963302612,80.2558670044,65533,65654,121
12.9991397858,80.2560501099,65725,65775,50
13.0009403229,80.256439209,65805,65836,31
13.0064001083,80.2574462891,65957,65997,40
13.0066995621,80.2490997314,66209,66340,131
13.0065803528,80.2479400635,66391,66522,131
13.006480217,80.2424316406,66754,66785,31
13.0150899887,80.2246017456,67267,67308,41
13.0259895325,80.2311706543,67610,67671,61
13.0292901993,80.2307815552,67753,67793,40
13.0339298248,80.2304077148,67914,68023,109
13.0344295502,80.2300033569,68074,68185,111
13.0335502625,80.2303695679,68972,69003,31
13.0250902176,80.2297210693,69314,69374,60
13.0084600449,80.2320709229,69897,69947,50
13.0082397461,80.2333679199,69988,70038,50
13.0073604584,80.2375793457,70190,70273,83
13.0073003769,80.2380905151,70283,70384,101
13.0069999695,80.2400970459,70626,70676,50
13.0066604614,80.243598938,70747,70788,41
13.0065803528,80.256980896,71080,71111,31
12.9986000061,80.2560424805,71333,71403,70
12.956870079,80.2437820435,72583,72633,50
12.956609726,80.2436828613,72633,72694,61
12.9338903427,80.233001709,73073,73105,32
12.9012699127,80.2280197144,73578,73649,71
12.7867202759,80.2204971313,75302,75333,31
12.7863197327,80.2217712402,75403,75444,41
12.8313703537,80.2292404175,77311,77352,41
12.8394899368,80.2276916504,77463,77503,40
12.8499803543,80.2265167236,77665,77776,111
12.9034996033,80.2279968262,78452,78523,71
12.9041004181,80.2280426025,78543,78594,51
12.9046297073,80.2280578613,78604,78644,40
12.9056301117,80.2281036377,78684,78775,91
12.9563102722,80.2434082031,79584,79624,40
12.9810600281,80.2525405884,80028,80220,192
12.9835700989,80.2523803711,80349,80439,90
12.9848203659,80.2520370483,80470,80571,101
12.9855098724,80.2518463135,80592,80713,121
12.9865398407,80.2516098022,80743,80814,71
12.9876203537,80.2512969971,80844,80945,101
13.0167798996,80.2253265381,83324,83361,37
12.8994598389,80.2279510498,85208,85239,31
13.0759401321,80.2760772705,21528,21650,122
13.082110405,80.2755126953,22532,22572,40
12.7222204208,80.1878890991,27228,27289,61
12.7249403,80.1879730225,29571,29630,59
12.8199396133,80.2304229736,31072,31103,31
12.8311100006,80.2292861938,31234,31295,61
12.8454799652,80.2264785767,31487,31548,61
12.9007501602,80.2277984619,32263,32394,131
12.9041404724,80.228012085,32485,32525,40
12.9059000015,80.2280426025,32596,32717,121
12.9486198425,80.2404632568,33283,33363,80
12.9624204636,80.2460632324,33636,33737,101
12.9819002151,80.2525634766,34121,34290,169
13.024310112,80.2283401489,36250,36290,40
13.0307998657,80.2391433716,36530,36573,43
13.0387401581,80.2467575073,36778,36828,50
13.0388803482,80.2468795776,36828,36879,51
13.0711402893,80.2740631104,37870,37910,40
13.0760602951,80.2747421265,38012,38062,50
13.0760402679,80.2744903564,38062,38183,121
13.0801897049,80.2752304077,38305,38426,121
13.0812501907,80.2751235962,38446,38598,152
13.082690239,80.2786636353,39294,39416,122
13.0815200806,80.2755203247,39516,39557,41
13.0687599182,80.2720413208,39799,39850,51
13.0396404266,80.2471008301,40568,40608,40
13.0325098038,80.2428512573,40749,40790,41
13.0320196152,80.2421188354,40840,40961,121
13.0311203003,80.2401809692,40992,41083,91
13.0070896149,80.2393112183,41787,41827,40
13.0070495605,80.2395172119,41827,41877,50
12.9910402298,80.2507324219,42301,42352,51
12.9883499146,80.2513580322,42403,42570,167
12.9567403793,80.243812561,43037,43107,70
12.9563903809,80.2436828613,43107,43168,61
12.9074201584,80.2284698486,43824,43875,51
12.8993902206,80.2279815674,44054,44095,41
12.7874097824,80.2208480835,45327,45377,50
12.7866401672,80.2205505371,45408,45448,40
12.7292299271,80.1889190674,46407,46488,81
12.729060173,80.1889266968,46488,46539,51
12.7287902832,80.1889038086,46549,46741,192
12.7275400162,80.1885070801,46791,46831,40
12.7269001007,80.1883392334,46842,46922,80
12.7265396118,80.1882781982,46922,47003,81
12.7258396149,80.1881637573,47013,47074,61
12.7254896164,80.1880569458,47074,47114,40
12.7223796844,80.1874313354,47215,47246,31
12.7238702774,80.1876602173,49275,49316,41
12.7242202759,80.1877822876,49316,49356,40
12.7245798111,80.1878662109,49366,49407,41
12.7258396149,80.188117981,49447,49498,51
12.9865999222,80.2515792847,52803,52853,50
13.0259504318,80.2310409546,53691,53742,51
13.0310297012,80.2395019531,53882,53973,91
13.0798597336,80.2752685547,55117,55220,103
13.0807504654,80.2751922607,55251,55362,111
13.0813703537,80.2750778198,55372,55463,91
13.0718297958,80.2746734619,56501,56551,50
13.0317201614,80.2414398193,57659,57801,142
12.9917297363,80.2504577637,58705,58746,41
12.9899101257,80.2509384155,58816,58847,31
12.9896602631,80.2509918213,58857,58997,140
12.9566001892,80.2437286377,59705,59786,81
12.9075803757,80.2284317017,60491,60572,81
12.9018001556,80.2280502319,60642,60713,71
12.8305501938,80.2295684814,63907,63938,31
12.8373603821,80.2281723022,64059,64099,40
12.8388395309,80.2278594971,64190,64231,41
12.875670433,80.2268981934,64784,64834,50
12.9485797882,80.240562439,65923,65974,51
12.9562597275,80.2433776855,66186,66226,40
12.9633998871,80.246673584,66358,66418,60
12.9761199951,80.2510299683,66580,66731,151
12.984120369,80.2522964478,67579,67620,41
13.0256099701,80.2302398682,68990,69021,31
13.0265302658,80.2328796387,69091,69122,31
13.0353803635,80.2461013794,69382,69433,51
13.0389099121,80.2468566895,69503,69584,81
13.079750061,80.2753219604,70725,70806,81
13.0811100006,80.2751922607,70847,70937,90
13.0825500488,80.278717041,71776,71968,192
13.0818099976,80.2774124146,72008,72069,61
13.0686597824,80.2720031738,72462,72523,61
13.0469398499,80.2487106323,73068,73099,31
13.0323600769,80.2426681519,73371,73432,61
13.0322904587,80.2425918579,73432,73541,109
13.0310497284,80.2400665283,73592,73682,90
13.0146598816,80.2261886597,74054,74094,40
13.0069303513,80.2398910522,74316,74458,142
12.956700325,80.2438964844,75952,76022,70
12.9013004303,80.2280578613,76738,76879,141
12.8456401825,80.2266769409,77430,77461,31
12.8397598267,80.2277526855,77531,77562,31
12.7866201401,80.2205505371,78189,78238,49
12.7863998413,80.220451355,78238,78290,52
12.9562597275,80.2433624268,80393,80424,31
12.9633998871,80.2464828491,80515,80575,60
12.9788799286,80.2524185181,80787,80818,31
12.9793395996,80.2525024414,80828,80888,60
12.9802103043,80.252571106,80927,80967,40
12.9810800552,80.252532959,81017,81087,70
12.9819602966,80.2525024414,81120,81231,111
12.9830598831,80.2524032593,81251,81342,91
12.9842700958,80.2521972656,81382,81473,91
12.9851799011,80.2519378662,81493,81604,111
12.9864301682,80.2516403198,81655,81716,61
12.9875297546,80.2513275146,81746,81837,91
13.0760402679,80.2755508423,83865,83966,101
13.0988197327,80.240562439,15094,15155,61
13.0988302231,80.2406616211,17888,17938,50
13.0987701416,80.2420425415,20209,20259,50
13.1000099182,80.215637207,20723,20793,70
12.9988803864,80.2559814453,25442,25474,32
13.1003303528,80.2149124146,28418,28560,142
13.1002702713,80.2148284912,28560,28691,131
13.1002998352,80.2149505615,29386,29517,131
13.0912504196,80.2276306152,30283,30314,31
13.0888395309,80.2308807373,30394,30435,41
13.0883798599,80.232208252,30465,30576,111
13.076379776,80.236869812,30999,31090,91
13.0355596542,80.2303619385,32733,32794,61
13.0349397659,80.2302780151,32814,32854,40
13.0274600983,80.2328567505,33136,33197,61
13.0069599152,80.2399520874,33800,33870,70
13.0067396164,80.2428817749,33990,34031,41
13.0067100525,80.2431793213,34031,34071,40
13.0067796707,80.2534637451,34839,34970,131
13.0067300797,80.2518081665,35293,35373,80
13.0067195892,80.2404098511,35666,35716,50
13.0257101059,80.2302398682,36663,36723,60
13.0292596817,80.2308578491,36825,36936,111
13.0343904495,80.2304000854,37067,37106,39
13.0345697403,80.2303695679,37106,37137,31
13.0343599319,80.2376098633,37319,37389,70
13.065580368,80.2435379028,38116,38247,131
13.0757799149,80.2341003418,38588,38629,41
13.0766296387,80.2379684448,41572,41612,40
13.0532598495,80.2420120239,42632,42703,71
13.0351800919,80.2303237915,43237,43314,77
13.0272197723,80.2329025269,43537,43568,31
13.0066099167,80.2451171875,44242,44281,39
12.9968700409,80.2561264038,45702,45772,70
12.9989795685,80.2560195923,45863,45903,40
13.0062999725,80.2574234009,46054,46085,31
13.0067501068,80.2486801147,46377,46447,70
13.0291404724,80.2308502197,47433,47484,51
13.034119606,80.2304229736,47570,47633,63
13.0342998505,80.2374191284,47804,47855,51
13.034330368,80.2376785278,47855,47905,50
13.046090126,80.2395019531,48217,48268,51
13.0699300766,80.242149353,48843,48884,41
13.0768098831,80.239112854,49025,49095,70
13.1003398895,80.2145385742,50194,50255,61
13.0892496109,80.2299804688,52080,52119,39
13.0765104294,80.237411499,52514,52574,60
13.0354795456,80.2302932739,54163,54203,40
13.0068902969,80.2400817871,55040,55110,70
13.0066204071,80.2523498535,56046,56106,60
13.029419899,80.2308273315,57151,57212,61
13.0341596603,80.2304229736,57323,57393,70
13.0344600677,80.2303771973,57403,57444,41
13.0347604752,80.2303390503,57464,57535,71
13.0341997147,80.2372436523,57645,57676,31
13.0446996689,80.2405014038,57926,58006,80
13.0765600204,80.2381362915,58833,58883,50
13.0757703781,80.2341003418,58984,59024,40
13.1001501083,80.2145233154,59751,59812,61
13.0531997681,80.2419586182,62239,62310,71
13.0474100113,80.2333908081,62703,62743,40
13.0344295502,80.2304534912,63044,63103,59
13.0337200165,80.23046875,63113,63144,31
13.0311498642,80.2307434082,63204,63235,31
13.0273103714,80.2329177856,63367,63428,61
13.0066003799,80.2570114136,64457,64497,40
12.9956798553,80.2673187256,65603,65634,31
12.9968795776,80.2562026978,65894,65984,90
12.9988098145,80.2560806274,66025,66065,40
13.006310463,80.2574996948,66277,66317,40
13.0067796707,80.2503433228,66468,66589,121
13.0068397522,80.2493133545,66609,66710,101
13.0066604614,80.2484588623,66747,66880,133
13.0111103058,80.2238082886,67464,67505,41
13.0259199142,80.23097229,68056,68105,49
13.0291204453,80.2309112549,68207,68258,51
13.0393800735,80.239906311,68947,68998,51
13.0396003723,80.2399215698,68998,69078,80
13.0435800552,80.2410202026,69199,69250,51
13.0697698593,80.2422180176,69986,70026,40
13.0983800888,80.2141723633,71255,71376,121
13.0825996399,80.2337417603,72946,72988,42
13.0771598816,80.240562439,73290,73351,61
13.052740097,80.241897583,74367,74427,60
13.0353603363,80.2304229736,74941,75032,91
13.0269098282,80.2329788208,75295,75346,51
13.0069303513,80.2400817871,75960,76050,90
13.0061798096,80.2575683594,76403,76434,31
13.0017595291,80.2566375732,76555,76605,50
12.9968996048,80.2561721802,77915,78036,121
13.0065803528,80.252822876,78428,78498,70
13.0656700134,80.2434463501,80312,80362,50
13.1004400253,80.2145996094,81271,81311,40
13.09897995,80.2404708862,81894,81964,70
13.0989904404,80.2404022217,81964,82126,162
13.0759000778,80.275390625,406,548,142
13.0757102966,80.2754364014,548,639,91
13.075750351,80.2753219604,5245,5356,111
13.0758199692,80.2753829956,18120,18211,91
13.0758399963,80.2754516602,23269,23330,61
13.0760202408,80.2757263184,23340,23421,81
13.0812301636,80.2751617432,23733,23774,41
13.0818300247,80.2752532959,23794,23905,111
13.0821399689,80.2783432007,23986,24026,40
13.081580162,80.2758407593,24067,24147,80
13.081580162,80.2754669189,24147,24198,51
13.0719995499,80.2747497559,24359,24400,41
13.0070104599,80.2400817871,25727,25780,53
12.9886102676,80.2512283325,26123,26163,40
12.9565401077,80.2435684204,26615,26646,31
12.9073295593,80.2283782959,27421,27461,40
12.9040603638,80.2281570435,27532,27643,111
12.832280159,80.229133606,28763,28794,31
12.7863998413,80.2203903198,29399,29430,31
12.8053598404,80.2240371704,31083,31114,31
12.8316297531,80.2291564941,31426,31497,71
12.9056501389,80.2281265259,32634,32735,101
12.9483499527,80.2404022217,33419,33500,81
12.9792804718,80.252571106,34116,34166,50
12.9807500839,80.2526016235,34196,34328,132
13.0243797302,80.2284393311,36252,36293,41
13.0387401581,80.2468566895,36777,36878,101
13.0807199478,80.2751998901,38094,38255,161
13.0815095901,80.2751693726,38275,38397,122
13.0757398605,80.275138855,38879,39071,192
13.0804004669,80.2752609253,40030,40116,86
13.0818996429,80.2752304077,40159,40300,141
13.0816001892,80.2757720947,41217,41255,38
13.0815896988,80.2753982544,41266,41300,34
13.0720701218,80.274848938,41481,41512,31
13.069729805,80.2728118896,41602,41633,31
13.0685501099,80.2720336914,41673,41744,71
13.0397195816,80.2472000122,42499,42549,50
12.9884004593,80.2512817383,44002,44133,131
12.9567899704,80.2437973022,44614,44665,51
12.9068698883,80.228302002,45503,45573,70
12.8994703293,80.2278671265,45684,45715,31
12.8009796143,80.2236175537,46994,47035,41
12.7873897552,80.2208099365,47237,47277,40
12.7862701416,80.2203598022,47307,47338,31
12.9063100815,80.2281417847,50586,50636,50
12.9871196747,80.2514801025,51771,51882,111
13.0066003799,80.2407073975,52217,52257,40
13.0663299561,80.2682037354,54022,54061,39
13.0811796188,80.275177002,54447,54578,131
13.0815095901,80.2755889893,55464,55497,33
13.0718297958,80.2746429443,55657,55698,41
13.0324001312,80.2425765991,56937,57038,101
13.0314998627,80.2408828735,57109,57159,50
12.9885797501,80.2512283325,58479,58651,172
12.9569196701,80.2438583374,59153,59194,41
12.9068698883,80.2283096313,60170,60251,81
12.9012403488,80.2279815674,60332,60382,50
12.8398895264,80.2277526855,61135,61175,40
12.8190002441,80.2304763794,61455,61486,31
12.7260503769,80.188117981,63021,63091,70
12.7251195908,80.1879501343,63132,63212,80
12.7863998413,80.2204208374,65654,65695,41
12.8393297195,80.2277984619,66480,66519,39
12.8983402252,80.227722168,67530,67641,111
12.9038600922,80.2279815674,67813,67893,80
12.9052801132,80.2280502319,67954,68055,101
12.9476995468,80.2400970459,68790,68860,70
12.9562397003,80.2431793213,69042,69093,51
12.9633598328,80.2465820313,69234,69294,60
12.9757995605,80.2508621216,69507,69567,60
12.9816999435,80.2525024414,70052,70092,40
13.0055599213,80.2471084595,70741,70812,71
13.0060396194,80.2469787598,70821,70862,41
13.0063400269,80.246711731,70862,70903,41
13.0065202713,80.2443771362,71034,71074,40
13.0388202667,80.2468185425,72347,72416,69
13.0662899017,80.2682571411,73141,73181,40
13.0708303452,80.2740020752,73381,73431,50
13.0787801743,80.2751617432,73623,73694,71
13.0802698135,80.2753219604,73734,73906,172
13.0817403793,80.2753067017,73946,74017,71
13.0819597244,80.2757873535,74037,74128,91
13.0819196701,80.2780075073,75753,75834,81
13.0817098618,80.276260376,75925,76016,91
13.0760803223,80.2749862671,76198,76298,100
13.081990242,80.2756271362,1658,1698,40
13.0878601074,80.2837371826,1935,2126,191
13.0753002167,80.2764205933,2439,2530,91
13.025759697,80.2657165527,3437,3538,101
13.0819997787,80.2755813599,6558,6589,31
12.9873504639,80.2585678101,9237,9278,41
12.9873600006,80.2585601807,9792,9833,41
12.9874801636,80.2578125,9863,9944,81
12.9875297546,80.2579498291,9954,10024,70
13.0685195923,80.2717437744,13494,13525,31
13.0819997787,80.2754821777,13787,13828,41
13.081580162,80.2755126953,15019,15059,40
12.9873800278,80.2590484619,16670,16720,50
12.9874000549,80.2589263916,16831,16902,71
12.9976301193,80.2558898926,17164,17205,41
13.0076398849,80.2586212158,17407,17477,70
13.0185804367,80.2611618042,17619,17659,40
13.0815296173,80.275177002,19232,19272,40
13.0820102692,80.2755508423,19312,19343,31
13.0879602432,80.2839202881,19806,19856,50
13.0816698074,80.2759170532,20068,20099,31
13.0688800812,80.271987915,20503,20543,40
13.027130127,80.2661895752,21500,21540,40
13.0259895325,80.2661819458,21691,21722,31
13.0265398026,80.2663803101,21782,21823,41
13.0261602402,80.2660827637,21883,21923,40
13.0342197418,80.2304229736,24368,24408,40
13.0270595551,80.2330093384,24618,24659,41
13.0292100906,80.2659835815,25809,25840,31
13.0066003799,80.252281189,27756,27787,31
13.0066404343,80.2480010986,27854,27896,42
13.0345096588,80.2300109863,28790,28911,121
13.0343799591,80.2299804688,28911,29032,121
13.0289802551,80.2312164307,30081,30271,190
13.0085802078,80.2317199707,30644,30735,91
13.0068101883,80.2514572144,31088,31128,40
13.0066795349,80.2570114136,31199,31239,40
13.0260095596,80.2656021118,31653,31693,40
13.03125,80.2668762207,31885,31917,32
13.0326099396,80.2671279907,31957,31989,32
13.0341901779,80.2678909302,32121,32242,121
13.0257396698,80.2663116455,33230,33301,71
13.0233697891,80.2641601563,33301,33340,39
13.0217599869,80.2631835938,33370,33451,81
13.015999794,80.2596511841,33501,33552,51
13.0068101883,80.2518768311,33895,33935,40
13.0064296722,80.2513427734,33965,34016,51
13.0068597794,80.248840332,34036,34076,40
13.0111198425,80.2212677002,34813,34854,41
13.0140399933,80.2236099243,34854,34894,40
13.0193796158,80.224319458,34964,34995,31
13.0222301483,80.2265777588,35187,35348,161
13.0290603638,80.230430603,35600,35792,192
13.0344800949,80.2300720215,35893,35934,41
13.0345096588,80.2300872803,35954,35994,40
13.0344896317,80.2300720215,36226,36377,151
13.0350198746,80.2303619385,36418,36478,60
13.0344800949,80.2297134399,36509,36609,100
13.030090332,80.2307662964,36741,36781,40
13.0276699066,80.2314987183,36842,36922,80
13.0277996063,80.2324829102,36953,37013,60
13.0278396606,80.2328262329,37013,37114,101
13.0075798035,80.2366790771,37667,37748,81
13.0070695877,80.2392425537,37808,37879,71
13.0066995621,80.2572937012,38313,38404,91
13.0269899368,80.2634506226,38927,38968,41
13.0339603424,80.2678527832,39190,39228,38
13.0337095261,80.2679595947,39330,39370,40
13.0333404541,80.2678604126,39370,39401,31
13.0264196396,80.2660369873,39562,39623,61
13.0065698624,80.2576599121,40047,40127,80
13.0066900253,80.2487792969,40269,40359,90
13.0345401764,80.2300796509,41368,41410,42
13.0344200134,80.2300796509,41420,41611,191
13.0344200134,80.2300720215,41611,41804,193
13.0344400406,80.2300491333,41804,41985,181
13.034330368,80.2300491333,41985,42066,81
13.0341596603,80.2302932739,42076,42116,40
13.0068998337,80.2399902344,42952,42992,40
13.029250145,80.2657775879,43940,43980,40
13.0292100906,80.2661819458,43980,44011,31
13.0293598175,80.2665634155,44021,44061,40
13.030090332,80.2666778564,44111,44162,51
13.0306196213,80.2667388916,44233,44293,60
13.0310401917,80.2668533325,44313,44404,91
13.0315504074,80.2670211792,44414,44475,61
13.0324201584,80.2674331665,44535,44576,41
13.0345497131,80.2679977417,44687,44727,40
13.0344800949,80.2681274414,44737,44778,41
13.034119606,80.2679977417,44788,44848,60
13.0334596634,80.2678604126,44878,44929,51
13.0264396667,80.2659912109,45151,45201,50
13.0065898895,80.2577209473,45655,45766,111
13.0066604614,80.2480010986,46150,46251,101
13.0258197784,80.2305831909,47004,47035,31
13.0289402008,80.2308883667,47127,47187,60
13.0345497131,80.2297515869,47369,47440,71
13.0341901779,80.2301025391,47470,47631,161
13.0268497467,80.2329177856,47912,47983,71
13.0067100525,80.243812561,48637,48677,40
13.0164499283,80.2596969604,49147,49190,43
13.0265102386,80.2656936646,50107,50228,121
13.0264596939,80.2654800415,50319,50480,161
13.0316896439,80.2670974731,53560,53611,51
13.0344800949,80.268119812,53732,53782,50
13.0065097809,80.2575836182,54378,54458,80
13.0066003799,80.252532959,54549,54620,71
13.0067901611,80.2495193481,54670,54711,41
13.0066900253,80.2483062744,54741,54812,71
13.0345201492,80.2298583984,55821,55962,141
13.0342302322,80.2297592163,55972,56033,61
13.0341100693,80.2300186157,56043,56113,70
13.01445961,80.2261962891,56777,56808,31
13.0314702988,80.2668304443,57837,57948,111
13.033780098,80.2679595947,58019,58191,172
13.033659935,80.2679290771,58191,58231,40
13.0257396698,80.2653808594,58756,58816,60
13.0065898895,80.2576980591,59172,59243,71
13.0059499741,80.2490463257,59538,59620,82
13.0306596756,80.2301101685,60507,60597,90
13.0336904526,80.2296218872,60638,60688,50
13.0344600677,80.2298126221,60890,60931,41
13.0306501389,80.2304992676,61203,61264,61
13.0268602371,80.2329864502,61362,61425,63
13.0267496109,80.2329483032,61425,61476,51
13.0249500275,80.2294769287,61566,61678,112
13.0235300064,80.2275695801,61678,61729,51
13.0141601563,80.2263565063,61819,61850,31
13.0069599152,80.2400512695,62112,62203,91
13.0068101883,80.2409820557,62243,62304,61
13.0331897736,80.267829895,63474,63585,111
13.0324001312,80.2673492432,64190,64221,31
13.0065097809,80.2528915405,64961,65004,43
13.0066003799,80.2479400635,65125,65183,58
13.0065002441,80.2479629517,65204,65366,162
13.0064601898,80.2415618896,65467,65548,81
13.007900238,80.2348632813,65659,65760,101
13.0143604279,80.2235717773,65921,66022,101
13.0249204636,80.2294464111,67543,67574,31
13.0070295334,80.239616394,68349,68448,99
13.0066900253,80.2479782104,68751,68903,152
13.0066604614,80.257232666,68953,69024,71
13.006819725,80.2571487427,69024,69064,40
13.0281496048,80.2636566162,69536,69577,41
13.0294399261,80.2652130127,69577,69635,58
13.0296401978,80.2661132813,69635,69675,40
13.0340299606,80.2679824829,69767,69798,31
13.0343999863,80.2680130005,69808,69858,50
13.0333204269,80.2678833008,70091,70131,40
13.0332803726,80.2678222656,70131,70323,192
13.0332603455,80.267791748,70323,70403,80
13.0219402313,80.2634429932,71281,71312,31
13.020359993,80.2636108398,71342,71423,81
13.0189399719,80.2629318237,71443,71483,40
13.0189599991,80.2631225586,71483,71564,81
13.0188703537,80.2622833252,71574,71645,71
13.0186395645,80.2614135742,71695,71746,51
13.0062503815,80.2574462891,71978,72018,40
13.0075998306,80.2363891602,72755,72916,161
13.0111303329,80.2235031128,72967,73048,81
13.0184402466,80.2245864868,73138,73229,91
13.0227203369,80.2269134521,73249,73320,71
13.0262699127,80.2308502197,73330,73371,41
13.028380394,80.2308578491,73411,73472,61
13.0278100967,80.2322311401,74095,74156,61
13.0263500214,80.2327423096,74156,74257,101
13.0066404343,80.2437362671,74706,74746,40
13.0263299942,80.2660064697,76421,76472,51
13.0185804367,80.2610015869,76643,76694,51
13.0068397522,80.2415084839,77269,77340,71
13.0113201141,80.223777771,77503,77695,192
13.0216598511,80.2261886597,77711,77744,33
13.0251598358,80.2297286987,77774,77844,70
13.0242300034,80.2273712158,78687,78758,71
13.0156002045,80.2260131836,78818,78950,132
13.0069303513,80.2401733398,79050,79091,41
13.0064601898,80.2574920654,79343,79414,71
13.0263299942,80.2665634155,80855,80906,51
13.0262899399,80.2663574219,81057,81128,71
13.026550293,80.2654190063,81239,81380,141
13.0288496017,80.2641601563,81410,81451,41
13.0475196838,80.2662200928,81996,82036,40
13.0529899597,80.2628707886,82117,82157,40
13.0816202164,80.2759017944,83922,83953,31
13.0760498047,80.2762069702,84175,84255,80
13.0692996979,80.2725601196,84457,84640,183
13.0569896698,80.2654190063,84721,84832,111
13.0512399673,80.2651290894,84852,84953,101
12.9480495453,80.2402801514,484,515,31
12.9871101379,80.2595901489,1129,1169,40
12.9341497421,80.2331619263,3148,3197,49
12.9267196655,80.1178207397,4833,4883,50
12.9169101715,80.1943283081,7539,7570,31
12.9010696411,80.2278900146,7962,8003,41
12.9872398376,80.2591171265,8928,8978,50
12.9874897003,80.257522583,9291,9443,152
12.8924798965,80.2272720337,10512,10543,31
12.9272499084,80.1181716919,13793,13905,112
12.9233398438,80.1206130981,14469,14550,81
12.9793796539,80.2525482178,17142,17203,61
12.9873104095,80.2585601807,17425,17485,60
12.9977703094,80.256980896,17738,17829,91
12.8994998932,80.227897644,23354,23405,51
12.8993797302,80.2278823853,23405,23579,174
12.8246603012,80.2160797119,24586,24618,32
12.9797801971,80.2526321411,27118,27158,40
12.9876203537,80.2513809204,27249,27360,111
13.0215797424,80.2258377075,28097,28137,40
13.0217399597,80.2259597778,28137,28218,81
13.0216703415,80.2258682251,28854,28965,111
13.0243597031,80.2283172607,29026,29066,40
13.0235395432,80.2277984619,29112,29165,53
13.0082998276,80.2331237793,29446,29486,40
13.0069503784,80.2400894165,29597,29628,31
12.9566602707,80.2437591553,30637,30728,91
12.9494800568,80.2409515381,30849,30890,41
12.9082403183,80.2285003662,31524,31595,71
12.907119751,80.2283477783,31625,31716,91
12.901599884,80.228012085,31786,31887,101
12.8402996063,80.2275619507,32784,32831,47
12.8399400711,80.2276992798,32831,32883,52
12.7864999771,80.2204284668,34024,34064,40
12.8394699097,80.2276687622,34759,34799,40
12.905090332,80.2280807495,35636,35716,80
12.9469404221,80.2398071289,36258,36298,40
12.9561796188,80.2433319092,36470,36560,90
12.9830102921,80.2524871826,36972,37053,81
13.0082902908,80.2332382202,38533,38614,81
12.989109993,80.2510604858,39664,39755,91
12.9566698074,80.2438430786,40521,40611,90
12.9494104385,80.2409820557,40712,40753,41
12.936750412,80.2342987061,41001,41064,63
12.8409204483,80.2273788452,42345,42507,162
12.8399400711,80.2277526855,42567,42618,51
12.8276395798,80.2194976807,42919,42969,50
12.9633798599,80.2465667725,45356,45417,61
12.987159729,80.2514801025,45768,45857,89
13.0194997787,80.2243728638,46634,46675,41
13.0210103989,80.2254714966,46711,46784,73
13.023440361,80.2277374268,47915,48056,141
13.0231599808,80.2273864746,48066,48127,61
13.0229997635,80.2272491455,48127,48197,70
13.0070295334,80.2397613525,48995,49035,40
13.0067396164,80.2462310791,49217,49288,71
12.9905500412,80.2507705688,49581,49722,141
12.7861995697,80.2204284668,53541,53581,40
12.7864999771,80.220451355,53591,53632,41
12.9795503616,80.2525787354,55982,56053,71
12.98458004,80.2521362305,56184,56305,121
12.985830307,80.2518463135,56356,56437,81
12.9875001907,80.2513580322,56487,56578,91
13.0234498978,80.2277832031,57527,57717,190
13.0228700638,80.227180481,57736,57767,31
12.9907503128,80.2507171631,58561,58703,142
12.9789104462,80.2526626587,58925,58956,31
12.9571399689,80.2439575195,59225,59414,189
12.9567804337,80.2438812256,59414,59455,41
12.9563999176,80.2437515259,59464,59515,51
12.7883501053,80.2211685181,61508,61539,31
12.7861700058,80.2210617065,62882,62932,50
12.8308095932,80.2294769287,63536,63596,60
12.831580162,80.2292098999,63647,63718,71
12.8382997513,80.2280807495,63798,63859,61
12.83893013,80.2279129028,63899,63950,51
12.8393201828,80.2277908325,63950,64000,50
12.8550701141,80.2264633179,64252,64354,102
12.8758296967,80.2269515991,64616,64677,61
12.9028596878,80.2279891968,65038,65079,41
12.9059000015,80.2281799316,65129,65160,31
12.9486398697,80.2405395508,65755,65834,79
12.9557695389,80.2431716919,65975,66076,101
12.9633197784,80.2466201782,66238,66299,61
12.9753799438,80.2508163452,66470,66581,111
12.9758396149,80.2509384155,66591,66733,142
13.0195198059,80.2244262695,68851,68942,91
13.0234603882,80.2278137207,69134,69275,141
13.0089597702,80.2296600342,69609,69720,111
13.0083503723,80.2326278687,69881,69922,41
13.0080404282,80.2341766357,70002,70033,31
13.0072803497,80.2380065918,70184,70265,81
13.0071802139,80.2384567261,70275,70376,101
13.0066299438,80.2438735962,70741,70781,40
12.9074802399,80.2284698486,73060,73121,61
12.9018602371,80.2281188965,73211,73262,51
12.8318195343,80.2292480469,74177,74258,81
12.8374099731,80.2282409668,75543,75594,51
12.8388204575,80.227897644,75654,75755,101
12.83934021,80.2277069092,75765,75826,61
12.9035797119,80.2280426025,76654,76724,70
12.9049196243,80.2281112671,76765,76846,81
12.9839696884,80.2523880005,77986,78054,68
12.9974603653,80.2558822632,78701,78741,40
12.9976997375,80.2570114136,79317,79468,151
13.02643013,80.266242981,3422,3472,50
13.0265798569,80.2662963867,17995,18146,151
13.0265598297,80.2663879395,18621,18682,61
13.0066299438,80.2474975586,21055,21126,71
13.027130127,80.2329330444,23509,23550,41
13.0067596436,80.2573165894,24408,24479,71
13.0065803528,80.2577667236,26155,26206,51
13.0065698624,80.2523269653,26297,26337,40
13.0066404343,80.2476119995,26398,26458,60
13.0345401764,80.2300491333,27298,27439,141
13.0066795349,80.2571792603,29873,29934,61
13.0164699554,80.2597122192,30105,30136,31
13.0333204269,80.2677536011,30661,30701,40
13.0262699127,80.2660522461,31630,31661,31
13.0067396164,80.249458313,32378,32509,131
13.0067300797,80.2485198975,32529,32670,141
13.0236701965,80.227722168,33569,33610,41
13.0255002975,80.2300033569,33711,33781,70
13.0348501205,80.2302398682,34044,34084,40
13.0344400406,80.2297134399,34115,34175,60
13.0274600983,80.2328720093,34710,34801,91
13.0082998276,80.2333374023,35276,35316,40
13.0073795319,80.237701416,35468,35508,40
13.0068702698,80.2512435913,35902,35942,40
13.0066900253,80.2569198608,36033,36064,31
13.0067396164,80.2573013306,36074,36175,101
13.0344696045,80.2679672241,36972,37013,41
13.026309967,80.2659683228,37750,37821,71
13.0066995621,80.2578735352,38315,38366,51
13.0065898895,80.2520370483,38517,38578,61
13.006649971,80.2481918335,38649,38699,50
13.0066604614,80.2479782104,38699,38770,71
13.0343904495,80.2304077148,39951,39982,31
13.0298995972,80.2308578491,40891,40941,50
13.0268802643,80.233001709,41042,41113,71
13.0070400238,80.2395935059,41779,41880,101
13.0066404343,80.2572097778,42274,42314,40
13.0324296951,80.2674484253,43698,43779,81
13.0346298218,80.2680130005,43869,43920,51
13.0344200134,80.268081665,43940,44041,101
13.0340299606,80.2679595947,44041,44193,152
13.0336503983,80.2679214478,44193,44344,151
13.0332899094,80.267829895,44354,44455,101
13.0065803528,80.2576599121,45071,45192,121
13.0065498352,80.252746582,45283,45334,51
13.006770134,80.2490386963,45404,45485,81
13.0066299438,80.2475128174,45536,45707,171
13.0291595459,80.2308578491,46605,46636,31
13.0339403152,80.2304611206,46727,46778,51
13.0346698761,80.2297897339,46818,46990,172
13.0269002914,80.2329788208,47303,47383,80
13.0143899918,80.2262878418,47697,47737,40
13.0069198608,80.2399978638,47999,48050,51
13.0066900253,80.2428817749,48121,48161,40
13.0067901611,80.2511901855,48383,48424,41
13.0066900253,80.2571716309,48514,48545,31
13.0164403915,80.2596893311,48706,48737,31
13.0292596817,80.2659072876,49171,49211,40
13.0333499908,80.2678604126,51211,51281,70
13.0066204071,80.2520217896,51978,52059,81
13.0066404343,80.2478103638,52140,52190,50
13.0286998749,80.2308273315,53028,53059,31
13.0344495773,80.2303771973,53170,53220,50
13.0269098282,80.2329177856,54745,54826,81
13.0069103241,80.239982605,55290,55331,41
13.0066299438,80.2568588257,55613,55654,41
13.0339803696,80.2304992676,59400,59491,91
13.0345697403,80.2300720215,59541,59713,172
13.0069799423,80.2400817871,61389,61420,31
13.0337295532,80.2678985596,62470,62510,40
13.026309967,80.2659835815,63520,63551,31
13.0064601898,80.253036499,64136,64197,61
13.0066795349,80.2404098511,64540,64571,31
13.0276098251,80.2310180664,65409,65489,80
13.0290403366,80.2308883667,65560,65621,61
13.0340099335,80.2305603027,65762,65833,71
13.0271396637,80.2329788208,67095,67146,51
13.0264902115,80.2330474854,67166,67206,40
13.0080404282,80.2344207764,67913,67954,41
13.0072402954,80.2384719849,68065,68236,171
13.0068597794,80.2494277954,68448,68479,31
13.0068101883,80.2507705688,68509,68549,40
13.0322198868,80.2673797607,69458,69489,31
13.033780098,80.2679367065,69539,69579,40
13.0297803879,80.2666473389,69822,69923,101
13.0263996124,80.2659912109,69993,70034,41
13.0188798904,80.2624816895,70307,70347,40
13.0187702179,80.2618865967,70387,70448,61
13.0187196732,80.2614974976,70448,70488,40
13.0065097809,80.2523117065,70923,70983,60
13.0066795349,80.2491989136,71064,71135,71
13.0065898895,80.2472076416,71185,71236,51
13.0065402985,80.2465896606,71266,71326,60
13.0065803528,80.2462005615,71326,71387,61
13.0066003799,80.2457885742,71387,71438,51
13.0065898895,80.2406616211,71609,71680,71
13.0344400406,80.2304229736,72639,72670,31
13.0275497437,80.2328872681,73286,73366,80
13.0072803497,80.2380065918,74053,74094,41
13.0069704056,80.2397613525,74124,74215,91
13.0345096588,80.2680511475,75366,75417,51
13.0333595276,80.2678985596,75477,75518,41
13.0066204071,80.2578125,76103,76164,61
13.0065898895,80.2521286011,76305,76386,81
13.0268497467,80.233001709,78416,78466,50
13.006939888,80.2400970459,79002,79093,91
13.0066204071,80.2571563721,79315,79365,50
13.0343904495,80.2679595947,79921,80042,121
13.0261497498,80.2661514282,80224,80345,121
12.9882602692,80.2236633301,16524,16706,182
13.0817203522,80.2749023438,24907,24938,31
13.0823497772,80.2814712524,25039,25079,40
13.0066604614,80.2477798462,26517,26598,81
13.0023298264,80.2396774292,26781,26968,187
12.9848299026,80.2328491211,27419,27530,111
13.002289772,80.239616394,27975,28007,32
12.9882602692,80.2235565186,29412,29453,41
12.9931602478,80.2320022583,29676,29730,54
12.9882698059,80.2236785889,35595,35646,51
12.9884996414,80.2235488892,35656,35818,162
12.9982004166,80.2380599976,43550,43601,51
12.9981203079,80.2379837036,44921,44961,40
12.9979400635,80.2378005981,45488,45519,31
12.9981403351,80.2379989624,46417,46457,40
12.9982500076,80.238067627,47487,47547,60
12.998290062,80.2380523682,48520,48551,31
12.9982404709,80.2380371094,49742,49782,40
13.0142698288,80.2259597778,21238,21309,71
12.9751901627,80.2205810547,27098,27129,31
13.0347299576,80.2298965454,28813,28914,101
13.0344495773,80.2299575806,29379,29500,121
13.0342798233,80.2298431396,29500,29642,142
13.0269498825,80.2329483032,30066,30104,38
13.0231599808,80.2275238037,30236,30286,50
13.0079698563,80.213218689,30818,30891,73
12.9756603241,80.2210922241,31619,31687,68
12.9171495438,80.1942901611,32638,32678,40
12.923119545,80.1210327148,33814,33874,60
12.9234304428,80.1171569824,33925,33985,60
12.9711198807,80.2188796997,37168,37340,172
12.9722795486,80.2193832397,37420,37552,132
12.9727296829,80.2194900513,37582,37622,40
12.9743204117,80.2203063965,37693,37744,51
12.974439621,80.2204818726,37744,37794,50
13.0342903137,80.230430603,39291,39331,40
13.0349302292,80.2301025391,39351,39417,66
13.0344600677,80.2297592163,39437,39498,61
13.0343503952,80.2298202515,39508,39589,81
13.0342102051,80.2299880981,39589,39650,61
13.0299396515,80.230796814,39730,39761,31
13.02684021,80.2329788208,39892,40033,141
13.0286197662,80.2308807373,45956,45997,41
13.0335597992,80.23046875,46108,46148,40
13.0141897202,80.2253265381,46730,46872,142
13.0147695541,80.2257003784,46902,46942,40
13.0142202377,80.226020813,49286,49417,131
13.0291099548,80.2308578491,49912,49952,40
13.0344295502,80.2297897339,50124,50235,111
13.0342798233,80.2301177979,50235,50316,81
13.0272397995,80.2329406738,50566,50627,61
12.9007797241,80.1580963135,53569,53630,61
12.9073696136,80.1575927734,54862,54912,50
12.9171199799,80.1929779053,55785,55817,32
13.028960228,80.2308883667,57914,57964,50
13.0328502655,80.2305908203,58045,58086,41
13.0336103439,80.2305526733,58116,58166,50
13.0346097946,80.2299804688,58268,58449,181
13.0243797302,80.2287521362,59965,59996,31
13.0232400894,80.2275238037,60026,60076,50
13.0082397461,80.2133789063,60537,60577,40
12.9759902954,80.2213516235,61274,61363,89
12.9226503372,80.1520996094,62967,62998,31
12.9224500656,80.1432189941,63090,63160,70
12.9225196838,80.1429824829,65210,65260,50
12.917140007,80.1932525635,66054,66117,63
12.9735298157,80.2199478149,67270,67301,31
12.9967603683,80.2165298462,68006,68046,40
13.0094900131,80.2147216797,68379,68410,31
13.0288095474,80.2309188843,68955,69046,91
13.0328598022,80.2305831909,69167,69198,31
13.0310001373,80.2307662964,70107,70188,81
13.0273103714,80.2329406738,70321,70361,40
13.024600029,80.2291717529,70482,70513,31
13.0229701996,80.2274475098,70553,70584,31
12.9993801117,80.2146072388,71451,71553,102
12.9973297119,80.216468811,71634,71745,111
12.9757604599,80.2212524414,72380,72440,60
12.9223604202,80.1432037354,74348,74419,71
12.9232902527,80.1212387085,74912,75104,192
12.9224596024,80.1426773071,75467,75518,51
12.9742097855,80.2202224731,77191,77322,131
12.9935503006,80.2180023193,77785,77835,50
13.0077400208,80.2129592896,78158,78189,31
13.0142698288,80.2254562378,78533,78624,91
12.998339653,80.2566375732,1619,1773,154
12.9982404709,80.2566375732,12582,12613,31
12.997879982,80.2565383911,12764,12839,75
12.9978303909,80.2570419312,12884,12915,31
12.9983501434,80.2564926147,20018,20051,33
12.9983997345,80.2564697266,20051,20137,86
12.9983797073,80.2565231323,20137,20188,51
12.9983596802,80.256439209,20494,20646,152
12.8748197556,80.2101593018,22869,22900,31
13.0102396011,80.2118530273,26319,26470,151
13.0104904175,80.2119369507,26470,26642,172
13.0098600388,80.2114334106,26672,26723,51
13.0095596313,80.2111816406,26723,26824,101
13.0094203949,80.2111434937,26824,26945,121
12.9762601852,80.2212371826,28133,28164,31
12.9814195633,80.2428283691,28686,28726,40
12.956700325,80.243812561,29229,29289,60
12.9564599991,80.243637085,29289,29340,51
12.9075603485,80.2283096313,30137,30228,91
12.9001502991,80.2277832031,33387,33458,71
12.9063396454,80.2281265259,33671,33742,71
12.9137601852,80.2292175293,33852,33883,31
12.9488697052,80.2405319214,34439,34610,171
12.9790296555,80.2525100708,35144,35265,121
12.9812002182,80.2443237305,35426,35477,51
12.9812202454,80.2439498901,35487,35557,70
13.0132198334,80.2040634155,37250,37291,41
13.0102396011,80.2116394043,37561,37599,38
13.0099401474,80.2113876343,37609,37675,66
13.0096998215,80.2112426758,37675,37867,192
13.0095596313,80.2111587524,37867,37968,101
12.9770803452,80.2212982178,39117,39177,60
12.9813899994,80.2412719727,39722,39762,40
12.9565095901,80.2437362671,40337,40408,71
12.9495296478,80.2410736084,40519,40569,50
12.8924598694,80.2274627686,41505,41536,31
12.9006900787,80.2278671265,42845,42916,71
12.9062700272,80.2282028198,43016,43047,31
12.9489498138,80.2406234741,43680,43729,49
13.009519577,80.2111206055,46306,46447,141
13.0094604492,80.2110900879,46447,46518,71
13.0093297958,80.2110671997,46518,46568,50
12.9847402573,80.2231216431,47604,47665,61
12.9785699844,80.2525863647,48498,48534,36
12.9570398331,80.2439193726,48890,48960,70
12.9566602707,80.243812561,48970,49011,41
12.8747797012,80.2096328735,50642,50682,40
12.8747901917,80.2098464966,50934,50975,41
12.8747901917,80.2098999023,50975,51025,50
12.8745498657,80.2096633911,51257,51328,71
12.8746900558,80.2097320557,51691,51741,50
12.8747901917,80.2098007202,51741,51792,51
12.8746795654,80.2096710205,51802,51852,50
12.8747701645,80.2098236084,51862,51913,51
12.8746404648,80.2097091675,51913,52014,101
12.8747196198,80.2097167969,52014,52165,151
12.9561195374,80.2431869507,53548,53595,47
12.9813499451,80.2406997681,54174,54220,46
12.9800195694,80.2526321411,57793,57844,51
12.9565000534,80.2437515259,58297,58346,49
12.9070501328,80.2284088135,59022,59062,40
12.9015798569,80.2280197144,59161,59201,40
12.8746099472,80.2098083496,59920,60052,132
12.8746595383,80.2098312378,60052,60134,82
12.8746995926,80.2098464966,60236,60347,111
12.8746700287,80.2099990845,60357,60519,162
12.8746595383,80.2098617554,60579,60630,51
12.8746595383,80.2099761963,60680,60711,31
12.8746595383,80.2098083496,60711,60832,121
12.9004201889,80.2278594971,61497,61568,71
12.9561004639,80.2433013916,62624,62705,81
12.9765300751,80.2511062622,63107,63147,40
12.9777498245,80.2517700195,63399,63510,111
12.9784898758,80.2523727417,63540,63671,131
12.9810495377,80.2448272705,63861,63901,40
12.9810695648,80.2445602417,63921,63982,61
12.9811000824,80.2443771362,63992,64033,41
12.9812402725,80.2381591797,64487,64547,60
12.9812498093,80.2377624512,64557,64628,71
12.9812498093,80.2373962402,64628,64709,81
12.9811897278,80.2357177734,64809,64840,31
12.9812097549,80.2353591919,64840,64920,80
13.0136098862,80.2045822144,66533,66583,50
13.0101699829,80.2116622925,66805,66861,56
13.0099096298,80.2115631104,67146,67307,161
13.0096797943,80.2112503052,67307,67368,61
12.9832801819,80.2223205566,68669,68700,31
12.9819297791,80.2327728271,69253,69293,40
12.9812002182,80.2351379395,69404,69454,50
12.9812002182,80.2355270386,69464,69495,31
12.9812202454,80.2359771729,69495,69555,60
12.9812498093,80.2367706299,69586,69646,60
12.9812402725,80.2370376587,69646,69737,91
12.9800100327,80.2523880005,70272,70342,70
12.963549614,80.2468185425,70663,70703,40
12.949669838,80.2410964966,70965,71015,50
12.9078397751,80.2285003662,71740,71810,70
12.8992795944,80.2279663086,72072,72123,51
12.8766803741,80.2270126343,72536,72576,40
12.8743696213,80.2101821899,72917,72957,40
12.8747596741,80.209777832,72988,73067,79
12.8745603561,80.2098693848,73341,73381,40
12.8745603561,80.2098770142,73654,73705,51
12.8744602203,80.2099380493,73795,73826,31
12.8745603561,80.2098770142,73876,73917,41
12.8744401932,80.2097473145,73917,73967,50
12.8745203018,80.2097625732,73977,74058,81
12.9049797058,80.2281036377,74965,75005,40
12.9561300278,80.2434234619,75802,75833,31
12.9634304047,80.2466812134,75944,76014,70
13.0067501068,80.2097320557,77918,77979,61
12.9974803925,80.216468811,79161,79212,51
12.9801397324,80.252532959,80261,80301,40
12.9809398651,80.2526016235,80311,80352,41
12.9823904037,80.252456665,80392,80443,51
12.983499527,80.2523574829,80533,80574,41
12.9835996628,80.2524032593,80574,80614,40
12.9841003418,80.252243042,80624,80745,121
12.9850702286,80.2519607544,80776,80846,70
12.9862203598,80.251663208,80907,80955,48
12.9875001907,80.2512969971,81026,81086,60
12.9975404739,80.2558288574,81429,81460,31
12.9977197647,80.2567596436,81480,81631,151
12.9976997375,80.256942749,81631,81712,81
12.9976396561,80.2571334839,81712,81883,171
12.9977798462,80.2570877075,86225,86361,136
12.9884195328,80.2238998413,19564,19645,81
12.9885101318,80.2239227295,26186,26217,31
12.9884300232,80.2238922119,28139,28321,182
12.9884195328,80.223991394,43818,43979,161
12.9499998093,80.2358398438,23050,23090,40
12.96352005,80.2466430664,23363,23404,41
12.9864997864,80.2586975098,29009,29171,162
12.9864501953,80.2587509155,29171,29282,111
12.9865102768,80.2588119507,30524,30564,40
12.9865198135,80.2587738037,30564,30737,173
12.9865398407,80.2586364746,33120,33221,101
12.9867296219,80.2585220337,35776,35887,111
12.9868097305,80.2589569092,36169,36270,101
12.9876499176,80.2516098022,36694,36735,41
12.9564599991,80.2437210083,37230,37270,40
12.949139595,80.2408294678,37381,37442,61
12.9497003555,80.2361221313,37532,37593,61
12.9273099899,80.1185836792,39413,39464,51
12.9288797379,80.1199493408,39757,39817,60
12.9292097092,80.1202392578,39837,39888,51
12.9374198914,80.1278076172,40090,40150,60
12.9511203766,80.139793396,40362,40413,51
12.9492101669,80.1850585938,41079,41150,71
12.9499397278,80.2357330322,41776,41836,60
12.956199646,80.2433395386,42028,42079,51
12.986989975,80.2515487671,42553,42745,192
12.9869403839,80.2590408325,43876,43926,50
12.973279953,80.1528701782,45805,45906,101
12.97976017,80.2526397705,47592,47663,71
12.9828395844,80.2525024414,47703,47824,121
12.9834299088,80.2524414063,47844,47895,51
12.9845199585,80.2521362305,47935,48006,71
12.9856796265,80.2518310547,48087,48127,40
12.9869403839,80.2515106201,48188,48228,40
12.987739563,80.2550430298,48299,48390,91
12.9871997833,80.2585678101,48460,48491,31
12.9868402481,80.2590408325,48783,48844,61
12.9871797562,80.2591018677,48844,48955,111
12.9875202179,80.2561569214,49036,49106,70
12.9878396988,80.2518386841,49167,49228,61
12.9876203537,80.2516098022,49238,49278,40
12.9489898682,80.1853408813,50490,50550,60
12.9731798172,80.1527328491,51227,51297,70
12.9499197006,80.2358474731,54210,54251,41
12.9629402161,80.2463912964,54503,54543,40
12.979590416,80.252571106,54755,54796,41
12.9872703552,80.2592697144,55129,55190,61
12.9869604111,80.2591094971,55260,55301,41
12.9873800278,80.2515487671,55492,55533,41
12.9565601349,80.2437362671,55958,55998,40
12.9376497269,80.1286392212,57553,57593,40
12.9274101257,80.1186828613,57785,57816,31
12.9269504547,80.1179504395,58108,58199,91
12.9290704727,80.1201782227,58280,58391,111
12.9359903336,80.1268997192,58542,58573,31
12.951259613,80.1399230957,58865,58906,41
12.9561100006,80.1430664063,59016,59047,31
12.9485797882,80.2093429565,59915,59956,41
12.9500703812,80.2330780029,60168,60208,40
12.9499397278,80.2357177734,60249,60319,70
12.9778299332,80.2518310547,60915,60975,60
12.9783802032,80.2523117065,60996,61137,141
12.9794502258,80.2526168823,61167,61319,152
12.9810495377,80.2526397705,61359,61500,141
12.982749939,80.2526016235,61541,61652,111
12.9846401215,80.252243042,61723,61824,101
12.9861402512,80.2518234253,61874,61945,71
12.9877901077,80.2550964355,62056,62106,50
12.9872303009,80.2591094971,62964,63015,51
12.9879102707,80.2522888184,63166,63277,111
12.9652204514,80.2473983765,63590,63621,31
12.9594202042,80.2448501587,63712,63752,40
12.9569196701,80.243850708,63823,63913,90
12.9565296173,80.2437362671,63924,63974,50
12.949090004,80.2408294678,64125,64196,71
12.9496603012,80.2366027832,64297,64368,71
12.949669838,80.2362136841,64368,64438,70
12.9489603043,80.1854400635,65128,65168,40
12.9512395859,80.174156189,65370,65401,31
12.9683799744,80.1495666504,65956,66027,71
12.9689998627,80.1498184204,66057,66228,171
12.9732904434,80.1529312134,66339,66400,61
12.9682197571,80.149597168,66592,66632,40
12.949259758,80.1852264404,67379,67490,111
12.9485998154,80.2093200684,67864,67945,81
12.9485397339,80.2097015381,67945,68066,121
12.9510402679,80.2414321899,68551,68591,40
12.9665498734,80.2479019165,68904,68944,40
12.9854402542,80.251953125,69924,70004,80
12.9877595901,80.2551574707,70327,70438,111
12.9871797562,80.2596282959,70529,70580,51
12.9566602707,80.2437133789,72801,72872,71
12.9521102905,80.241859436,72942,72973,31
12.9499397278,80.2339782715,73255,73296,41
12.9484300613,80.2087173462,73620,73660,40
12.9483995438,80.1955871582,73902,73933,31
12.9529695511,80.1416015625,74841,74872,31
12.9287595749,80.1199798584,76304,76336,32
12.9290704727,80.1202468872,76356,76447,91
12.9499597549,80.2357406616,78526,78608,82
12.956029892,80.2433166504,78861,78911,50
12.9816799164,80.2526092529,79345,79416,71
12.9819803238,80.2525787354,79416,79456,40
12.983039856,80.252532959,79487,79557,70
12.9832801819,80.2524795532,79567,79608,41
12.983590126,80.2524185181,79618,79709,91
12.9839601517,80.2522888184,79719,79800,81
12.9843301773,80.2521896362,79800,79870,70
12.9873800278,80.2583999634,80386,80477,91
12.9865598679,80.2593231201,80559,80590,31
12.9866800308,80.2591094971,81378,81570,192
12.9866399765,80.2589874268,83488,83680,192
12.9867401123,80.2591018677,83680,83781,101
12.9864797592,80.23828125,45304,45401,97
12.9883203506,80.2233810425,45680,45720,40
12.9920797348,80.2336883545,45962,46013,51
12.9987602234,80.2391891479,46174,46225,51
12.9920196533,80.233757019,47416,47456,40
12.9864997864,80.2352981567,48781,48821,40
12.9866800308,80.2332992554,48872,48922,50
12.9882202148,80.2300186157,48983,49023,40
12.9883098602,80.2233886719,49185,49245,60
12.9917602539,80.2336425781,49487,49528,41
12.9987297058,80.2391662598,49720,49810,90
13.0059204102,80.2423171997,49962,50002,40
12.9883098602,80.2233810425,50992,51062,70
12.9864797592,80.2353591919,51506,51537,31
12.9866399765,80.2333221436,51587,51627,40
12.9883298874,80.2233505249,55297,55337,40
12.9918498993,80.233757019,57084,57124,40
12.9883203506,80.2233581543,58952,59013,61
12.9991798401,80.2393188477,60619,60659,40
12.9883298874,80.2233276367,61174,61235,61
12.9883298874,80.2233428955,62436,62477,41
12.9902000427,80.2275085449,62558,62598,40
12.9917602539,80.2336807251,62751,62791,40
12.9987201691,80.2392120361,62983,63044,61
12.9991598129,80.2393493652,64003,64053,50
12.9909296036,80.2318191528,64326,64366,40
12.9907903671,80.2301025391,64396,64427,31
12.9883403778,80.2233886719,64588,64659,71
12.9883403778,80.2234191895,66235,66285,50
12.9917497635,80.2337112427,66528,66559,31
12.9883203506,80.2233963013,68430,68471,41
12.9898796082,80.2277908325,68561,68593,32
12.9864797592,80.2352905273,68764,68795,31
12.9864702225,80.2353820801,69400,69431,31
12.9883003235,80.2234191895,69745,69815,70
12.9866199493,80.2384414673,72957,73007,50
12.9883003235,80.2234191895,73381,73421,40
12.9917402267,80.2337188721,73643,73674,31
12.9917802811,80.2338027954,75140,75181,41
12.9896402359,80.2250518799,75473,75514,41
12.9917001724,80.2336578369,77263,77314,51
12.990819931,80.2299575806,78606,78656,50
12.9881401062,80.2237091064,31368,31419,51
12.9901399612,80.2415771484,32685,32796,111
12.9918403625,80.2344512939,33100,33150,50
12.9880504608,80.2238616943,38610,38691,81
12.9880104065,80.2238311768,38691,38792,101
12.9880895615,80.2235565186,38792,38953,161
12.9880599976,80.2237014771,38953,39034,81
12.9879398346,80.2237014771,39034,39156,122
12.9881296158,80.2238235474,39843,39883,40
12.9880104065,80.2238006592,41410,41491,81
12.9879798889,80.2236709595,41845,41966,121
12.9879598618,80.2236785889,48376,48436,60
12.9879999161,80.2238464355,49539,49620,81
12.9880199432,80.2236862183,54213,54263,50
12.9880199432,80.2238006592,56852,57044,192
12.9880800247,80.2238616943,58853,58934,81
12.9880800247,80.2237167358,58934,59035,101
12.9880199432,80.2238006592,59045,59126,81
12.9879798889,80.2236175537,59126,59197,71
12.9881401062,80.2239227295,60908,61030,122
12.9881401062,80.2237167358,61363,61394,31
12.9879999161,80.2237472534,66539,66570,31
12.9879598618,80.2237319946,69145,69306,161
12.9879903793,80.2238235474,69306,69407,101
12.9879798889,80.2238235474,69407,69478,71
12.9880199432,80.2237472534,69508,69559,51
12.9879598618,80.2237091064,71369,71500,131
12.9879798889,80.2237701416,71500,71652,152
12.9880504608,80.2237014771,71652,71844,192
12.988120079,80.2239837646,72583,72734,151
12.9881696701,80.2238235474,74767,74818,51
12.9879398346,80.2237701416,75283,75384,101
12.9880895615,80.2237014771,76708,76799,91
13.0754899979,80.2747879028,5252,5302,50
13.0753202438,80.2751464844,22375,22466,91
13.0761003494,80.2758102417,23012,23073,61
13.087770462,80.2839202881,23782,23843,61
13.0071601868,80.2403182983,25804,25865,61
13.0357503891,80.2676925659,42096,42167,71
13.0266504288,80.2656402588,42360,42391,31
12.9880800247,80.2239303589,715,746,31
12.9882698059,80.2238464355,746,907,161
12.988360405,80.2233276367,28202,28233,31
12.9914999008,80.2334823608,28434,28465,31
12.998749733,80.2392120361,29735,29786,51
13.0057296753,80.2423400879,29907,29947,40
12.9883499146,80.2233428955,34042,34082,40
12.9883003235,80.2301101685,35476,35517,41
13.0987997055,80.2409591675,12,103,91
13.0985898972,80.2409896851,103,254,151
13.0985202789,80.241317749,15818,15909,91
12.9873504639,80.2593002319,20599,20751,152
12.9866399765,80.2592697144,20811,20872,61
13.0528402328,80.241859436,28455,28496,41
13.0066299438,80.2569198608,29905,29945,40
12.9970998764,80.2559127808,30178,30209,31
12.9866104126,80.259147644,30441,30491,50
12.9875297546,80.2564620972,30615,30675,60
12.9876403809,80.2562408447,30675,30736,61
12.9958000183,80.2558898926,30877,30918,41
13.0066795349,80.2488327026,31382,31413,31
13.006649971,80.247833252,31443,31483,40
13.0065202713,80.2478027344,31483,31584,101
13.023730278,80.2276611328,32347,32387,40
13.0256700516,80.23021698,32478,32549,71
13.0293798447,80.2308120728,32630,32670,40
13.0343904495,80.2303771973,32751,32812,61
13.0342197418,80.237159729,32972,33034,62
13.0523004532,80.2407684326,33418,33559,141
13.0656299591,80.2434768677,33872,33913,41
13.0658397675,80.2434387207,33923,34004,81
13.0763301849,80.2368774414,34280,34311,31
13.0758600235,80.234161377,34361,34413,52
13.097700119,80.2157592773,35039,35110,71
13.0977802277,80.2156219482,35110,35250,140
13.1004600525,80.21459198,35372,35473,101
13.0785999298,80.2514038086,36958,36999,41
13.0669698715,80.2431488037,37282,37313,31
13.0536403656,80.2421875,37840,37901,61
13.0353803635,80.2303695679,38426,38466,40
13.0277004242,80.2313690186,38638,38678,40
13.02684021,80.2329177856,38762,38924,162
13.0267496109,80.2330932617,38934,38974,40
13.0246400833,80.2290420532,39035,39075,40
13.0085601807,80.2316665649,39479,39511,32
13.0077199936,80.2359619141,39696,39737,41
13.0073204041,80.2381973267,39788,39819,31
13.0072402954,80.2384872437,39829,39889,60
13.0038499832,80.257019043,40355,40396,41
13.0021400452,80.2566833496,40466,40517,51
12.9882097244,80.2558822632,40830,40891,61
12.9870100021,80.2592773438,41012,41194,182
12.9876003265,80.2559585571,41274,41407,133
12.9954204559,80.2558135986,41548,41629,81
13.034119606,80.2371368408,43037,43087,50
13.0446901321,80.2404937744,43320,43360,40
13.0659198761,80.2434768677,43885,43926,41
13.0767202377,80.2383422852,44128,44200,72
13.0758104324,80.2340621948,44289,44331,42
13.1001901627,80.2145233154,44999,45031,32
13.0763301849,80.236328125,49258,49369,111
13.0352602005,80.2303771973,51007,51078,71
13.006939888,80.2400131226,51886,51917,31
13.0015001297,80.2565383911,52301,52372,71
12.9890699387,80.255897522,52666,52716,50
12.9889202118,80.2558670044,52726,52767,41
12.9868402481,80.2590179443,53262,53352,90
12.9871902466,80.259147644,53363,53524,161
12.9875602722,80.2561035156,53615,53696,81
12.996720314,80.2558288574,53888,53938,50
13.0065898895,80.2527618408,54292,54332,40
13.0067996979,80.249206543,54403,54443,40
13.0066404343,80.2480773926,54464,54514,50
13.0073795319,80.2369308472,54757,54797,40
13.0343799591,80.2303390503,55534,55585,51
13.034819603,80.2303237915,55595,55676,81
13.0343399048,80.237449646,55787,55911,124
13.0523099899,80.2407684326,56355,56386,31
13.0625,80.2433319092,56628,56659,31
13.0766801834,80.2387390137,56992,57052,60
13.1001596451,80.2144699097,57901,57941,40
13.0975503922,80.241859436,59015,59127,112
13.0984897614,80.240737915,60795,60886,91
13.0982704163,80.2403717041,61825,61906,81
13.0975704193,80.2422332764,63876,64018,142
13.0827598572,80.233757019,66256,66307,51
13.0795297623,80.2335128784,66377,66408,31
13.0766296387,80.2378921509,66589,66642,53
13.0576400757,80.2428207397,67672,67713,41
13.0553302765,80.2423629761,67834,67874,40
13.0549497604,80.242401123,67884,67995,111
13.0530004501,80.2419586182,68066,68147,81
13.052189827,80.2412872314,68177,68248,71
13.0360898972,80.2305984497,68824,68985,161
13.0273199081,80.2329177856,69338,69399,61
13.0087003708,80.23097229,69925,69975,50
13.0071697235,80.2383270264,70300,70351,51
13.0066604614,80.2444229126,70492,70543,51
12.9970598221,80.2559585571,71007,71108,101
12.9867601395,80.2590484619,71391,71442,51
12.9874696732,80.2568588257,72189,72321,132
12.9988803864,80.2560806274,72654,72715,61
13.0060396194,80.2573928833,72847,72887,40
13.0066003799,80.2479019165,73150,73312,162
13.0065097809,80.2413635254,73493,73554,61
13.0292196274,80.2308578491,74325,74356,31
13.0342998505,80.2304077148,74487,74518,31
13.034819603,80.2303466797,74548,74588,40
13.034239769,80.237411499,74730,74780,50
13.0414800644,80.2406387329,75012,75164,152
13.0439796448,80.2409515381,75215,75366,151
13.0358600616,80.2305374146,75842,75882,40
13.0353498459,80.2304000854,75892,75943,51
13.0144701004,80.2262573242,76498,76529,31
13.0068998337,80.2400817871,76764,76856,92
13.0066299438,80.2573776245,77230,77341,111
13.0020999908,80.2566833496,77464,77504,40
12.9886798859,80.2559814453,77868,77969,101
12.9869098663,80.2591018677,78787,78898,111
12.9875802994,80.2558822632,79020,79111,91
12.994799614,80.2558822632,79242,79282,40
13.0064601898,80.2526092529,79676,79717,41
13.0066299438,80.2518386841,79747,79808,61
13.0656003952,80.243522644,81600,81631,31
13.0989398956,80.2409133911,83202,83303,101
13.0989999771,80.2407073975,83617,83707,90
12.9882097244,80.2238693237,43803,43965,162
12.9898996353,80.2277297974,44073,44109,36
12.9900598526,80.2276229858,46651,46682,31
12.9980802536,80.2378387451,47258,47379,121
12.9982595444,80.2380371094,48047,48239,192
12.9982700348,80.2380599976,49159,49220,61
12.9882602692,80.2236633301,53082,53143,61
12.9880895615,80.2233505249,57708,57768,60
12.9881496429,80.2236709595,58567,58719,152
12.9881601334,80.223739624,60198,60269,71
12.9882001877,80.2238922119,61068,61118,50
12.9881601334,80.2237472534,61118,61189,71
12.9917697906,80.2345199585,63033,63125,92
12.9916095734,80.2344512939,64126,64257,131
12.9917001724,80.2345428467,64257,64348,91
12.9901399612,80.2416763306,68271,68343,72
12.9898996353,80.2416534424,68353,68434,81
13.001999855,80.2399291992,70097,70178,81
12.9908895493,80.2333374023,71114,71155,41
13.002240181,80.2396621704,71489,71539,50
12.9982595444,80.2381591797,71671,71762,91
12.9916801453,80.2337112427,72267,72298,31
12.9982500076,80.2381362915,72449,72500,51
12.9982795715,80.2381820679,72500,72540,40
13.0021400452,80.239982605,72672,72753,81
12.9982795715,80.2381820679,72874,72955,81
12.9982404709,80.2381591797,73915,73976,61
12.990650177,80.2296295166,74199,74310,111
12.9982404709,80.2381362915,74541,74602,61
13.0023202896,80.2394714355,74693,74734,41
12.9991102219,80.2394104004,74804,74836,32
12.9917602539,80.2338180542,74987,75018,31
12.9982595444,80.2380905151,77060,77101,41
12.9917201996,80.2336273193,79674,79715,41
13.002240181,80.2395629883,79907,80019,112
12.9917201996,80.233757019,80282,80343,61
12.9982595444,80.2380828857,81212,81263,51
12.9901199341,80.2275924683,81513,81553,40
12.9913597107,80.2336730957,83430,83480,50
12.9909601212,80.2335586548,83824,83925,101
12.990819931,80.2334899902,86191,86222,31
12.9867296219,80.2593994141,21496,21537,41
12.9873600006,80.2587509155,21607,21648,41
13.0235700607,80.2277984619,23094,23144,50
12.9880104065,80.251373291,23954,24055,101
12.9010000229,80.2279663086,25036,25096,60
12.7667999268,80.1829071045,28164,28285,121
12.761300087,80.184677124,28497,28528,31
12.7709999084,80.2131576538,29679,29710,31
12.7867202759,80.220489502,29902,30013,111
12.8308401108,80.2294311523,30599,30640,41
12.8313703537,80.2292404175,30650,30690,40
12.8453397751,80.2265319824,30882,30933,51
12.9004602432,80.2278366089,31610,31731,121
12.9048204422,80.2280807495,31883,31944,61
12.9057703018,80.2281417847,31984,32075,91
12.9337797165,80.2327804565,32469,32510,41
12.9397497177,80.2356414795,32591,32631,40
12.9472503662,80.2399368286,32742,32773,31
12.9627799988,80.2463531494,33268,33359,91
12.9667396545,80.2479019165,33450,33491,41
12.9785299301,80.2522964478,33632,33784,152
12.9787197113,80.2524185181,33784,33885,101
13.0066204071,80.2409133911,34946,35027,81
13.0181798935,80.224609375,35502,35533,31
13.0191602707,80.2243118286,35583,35634,51
13.0218801498,80.2261505127,35775,35806,31
13.022769928,80.2268676758,35856,35907,51
13.0239200592,80.2279510498,35957,35988,31
13.0286397934,80.2308883667,36210,36281,71
13.0311403275,80.2306671143,36362,36402,40
13.033539772,80.230506897,36453,36503,50
13.0342597961,80.2300109863,36584,36716,132
13.0313901901,80.2306289673,37484,37545,61
13.0278196335,80.2321014404,37656,37706,50
13.027130127,80.2329025269,37756,37949,193
13.0235004425,80.2277526855,38080,38161,81
13.0228900909,80.2271728516,38182,38232,50
13.0084199905,80.2326965332,38576,38626,50
13.0069599152,80.2399215698,38778,38899,121
13.0067501068,80.2445297241,39041,39081,40
12.9799995422,80.252746582,40214,40254,40
12.9567604065,80.2438812256,40628,40699,71
12.9077997208,80.228477478,41396,41449,53
12.8406496048,80.2274398804,42298,42349,51
12.8403100967,80.2275772095,42359,42490,131
12.7887401581,80.2213592529,43067,43117,50
12.7861604691,80.2206573486,43168,43218,50
12.7862195969,80.2207565308,43946,43987,41
12.9060001373,80.2281570435,45384,45434,50
12.9796600342,80.2525787354,46374,46405,31
12.9853801727,80.2519226074,46476,46577,101
12.9868402481,80.2515029907,46637,46728,91
13.0244197845,80.2284393311,47577,47608,31
13.022939682,80.2272415161,47648,47689,41
13.0066900253,80.2431564331,48113,48164,51
12.9896497726,80.2510223389,48437,48487,50
12.9870004654,80.2585296631,48692,48833,141
12.9867801666,80.2588119507,48833,48954,121
12.9869403839,80.2591705322,51785,51846,61
12.987279892,80.2589874268,51846,51927,81
12.9879102707,80.2519226074,52028,52180,152
13.0234003067,80.2276611328,53079,53110,31
13.0230798721,80.2273025513,53130,53302,172
13.0069198608,80.2400436401,53726,53787,61
12.9880199432,80.2513580322,54222,54363,141
12.9565896988,80.2437667847,54768,54838,70
12.9009599686,80.2279586792,55546,55657,111
12.7863397598,80.221862793,57792,57933,141
12.7864103317,80.2218322754,58307,58499,192
12.786239624,80.221031189,60099,60170,71
12.8393201828,80.2277908325,61049,61130,81
12.9001398087,80.2278823853,61959,61999,40
12.9354801178,80.2335968018,62586,62626,40
12.9562501907,80.2433776855,63052,63102,50
12.9753599167,80.250793457,63456,63567,111
12.9764795303,80.251121521,63618,63729,111
12.9772996902,80.2514419556,63749,63820,71
12.9781103134,80.2520599365,63860,64012,152
12.9787998199,80.252456665,64042,64113,71
12.9824895859,80.252532959,64477,64528,51
12.9830102921,80.2524490356,64548,64669,121
13.0065002441,80.2411880493,65114,65154,40
13.0073099136,80.2368774414,65235,65286,51
13.0220098495,80.2262191772,65791,65822,31
13.0246295929,80.2288589478,65872,65913,41
13.0288896561,80.2308197021,66074,66135,61
13.0347499847,80.2302474976,66317,66378,61
13.0341100693,80.2300567627,67239,67280,41
13.0309295654,80.2305984497,67360,67401,41
13.0269603729,80.2328796387,67512,67553,41
13.0262098312,80.2325820923,67583,67623,40
13.0082597733,80.2333374023,68230,68270,40
13.0072698593,80.2380065918,68412,68483,71
13.0071802139,80.2384262085,68503,68614,111
12.9930400848,80.250038147,68978,69049,71
12.9926700592,80.2501373291,69049,69180,131
12.9898395538,80.2508621216,69271,69322,51
12.9505901337,80.2414093018,70383,70424,41
12.9072704315,80.2283172607,71030,71071,41
12.903670311,80.2281036377,71131,71182,51
12.7873497009,80.2207565308,72718,72749,31
12.7861499786,80.2202377319,75411,75451,40
12.8302497864,80.2297210693,76048,76098,50
12.839389801,80.2277984619,76311,76381,70
12.8995304108,80.2277984619,77210,77251,41
12.9042701721,80.2280578613,77372,77463,91
12.9059400558,80.228187561,77514,77605,91
12.9488801956,80.2406387329,78234,78275,41
12.9634599686,80.2466430664,78538,78598,60
12.9798402786,80.2526626587,78851,78912,61
12.9831600189,80.2525024414,78993,79033,40
12.9835700989,80.2524414063,79053,79104,51
12.9847002029,80.2521286011,79164,79225,61
12.9854698181,80.2519073486,79266,79306,40
12.9855899811,80.2518997192,79306,79357,51
12.9866600037,80.2515792847,79397,79468,71
12.9876003265,80.2513427734,79488,79599,111
12.9876499176,80.2555084229,79660,79741,81
12.9871196747,80.2585296631,79811,79993,182
12.9869403839,80.2586212158,79993,80074,81
12.9864702225,80.2354431152,47118,47159,41
12.9882001877,80.2300872803,47300,47351,51
12.9899902344,80.2276992798,47411,47442,31
12.9883003235,80.2234115601,47544,47645,101
12.9986095428,80.2391662598,48173,48264,91
13.0056400299,80.2423019409,48406,48467,61
12.9991798401,80.2393798828,48649,48700,51
12.9918498993,80.2338027954,48892,48932,40
12.9883699417,80.2235717773,49164,49195,31
12.9917602539,80.2335586548,56399,56439,40
13.0057897568,80.2423324585,56743,56783,40
12.9883203506,80.2233810425,58217,58248,31
12.9987201691,80.2391891479,60179,60220,41
12.9991998672,80.2393417358,61320,61462,142
12.9962396622,80.2363891602,61543,61583,40
12.9939899445,80.2345733643,61644,61694,50
12.9918203354,80.233757019,61755,61856,101
12.9884395599,80.2235870361,62130,62311,181
12.9917802811,80.2336883545,63476,63516,40
12.9883403778,80.2234191895,65395,65455,60
12.9883403778,80.2234115601,67035,67085,50
12.9917297363,80.2337036133,67307,67338,31
12.99862957,80.2392196655,67509,67571,62
12.9939899445,80.2346496582,68510,68561,51
12.9864702225,80.2386169434,69179,69340,161
12.9864397049,80.2353668213,74076,74116,40
12.9882898331,80.2233963013,74420,74460,40
12.9901800156,80.2276611328,74561,74592,31
12.9960098267,80.2359695435,74874,74905,31
12.9987001419,80.2392272949,74975,75006,31
12.9883499146,80.2233886719,76217,76258,41
13.0054798126,80.2422180176,78953,79095,142
13.0056400299,80.2423019409,79095,79255,160
12.9917802811,80.2337417603,79540,79662,122
13.0144195557,80.225692749,10529,10620,91
13.0145196915,80.2255630493,10620,10671,51
13.0146398544,80.2254867554,10671,10711,40
13.0145702362,80.2256088257,22704,22775,71
13.0142498016,80.2260284424,22796,22836,40
13.0244903564,80.2285614014,23251,23292,41
13.0068798065,80.2401504517,23748,23809,61
12.9882001877,80.2512969971,24163,24194,31
12.9650402069,80.2473220825,24508,24548,40
12.9018201828,80.228012085,25368,25399,31
12.8999700546,80.2278900146,25439,25490,51
12.8398103714,80.2277374268,26209,26259,50
12.9000196457,80.2278137207,28317,28418,101
12.9486703873,80.2405395508,29116,29177,61
12.9797897339,80.2526321411,29734,29784,50
12.985159874,80.2520523071,29946,30007,61
12.9873695374,80.251449585,30058,30169,111
13.01583004,80.2252426147,30910,30941,31
13.0230998993,80.2273483276,32125,32277,152
13.0138597488,80.2264785767,32510,32550,40
13.0090103149,80.2295379639,32641,32783,142
13.0089902878,80.2297210693,32783,32976,193
13.0082902908,80.2334899902,33036,33067,31
13.0066795349,80.2446594238,33289,33330,41
13.0067100525,80.2450408936,33330,33380,50
12.9568395615,80.2437210083,34798,34869,71
12.9496097565,80.2409286499,34990,35031,41
12.9070596695,80.2283401489,35678,35871,193
12.8398399353,80.2277526855,37217,37258,41
12.8325500488,80.229057312,37339,37389,50
12.7862701416,80.2215194702,38647,38707,60
12.7861795425,80.2211532593,38707,38738,31
12.7861700058,80.2210006714,38738,38778,40
12.7861700058,80.2205963135,38778,38819,41
12.9562797546,80.2433776855,41157,41198,41
12.9795598984,80.2526092529,41613,41663,50
13.0195798874,80.2244415283,42817,42858,41
13.0068702698,80.2398300171,43840,43880,40
12.9569597244,80.2437896729,44984,45024,40
12.8274698257,80.2194595337,46836,46867,31
12.8250303268,80.2159576416,47101,47293,192
12.9006700516,80.2278289795,48410,48480,70
12.9797201157,80.2526321411,49624,49655,31
12.9857902527,80.2518234253,49736,49857,121
13.0243997574,80.2284622192,50839,50900,61
13.0141000748,80.2254867554,51173,51295,122
13.0143299103,80.2253036499,51325,51376,51
13.0229301453,80.2268600464,54557,54597,40
12.9885501862,80.2512207031,55316,55448,132
12.956990242,80.2438201904,55812,55853,41
12.9564399719,80.243637085,55893,55924,31
12.907119751,80.2283477783,56450,56501,51
12.8247203827,80.2159576416,57673,57827,154
12.8271999359,80.2194595337,58019,58100,81
12.8276395798,80.2194290161,58120,58151,31
12.8383102417,80.2281036377,58525,58556,31
12.8389902115,80.2279281616,58616,58677,61
12.8393697739,80.2278137207,58687,58728,41
12.9005699158,80.227897644,59518,59589,71
12.9776296616,80.2516937256,60915,60976,61
12.9781799316,80.2521362305,60996,61138,142
12.9792003632,80.2526016235,61168,61330,162
12.9805803299,80.2526626587,61371,61422,51
12.9808101654,80.2526702881,61432,61502,70
12.9824304581,80.2526016235,61553,61654,101
12.9842100143,80.2522888184,61735,61837,102
12.9857301712,80.2518768311,61887,61958,71
13.0197496414,80.2245178223,62697,62738,41
13.0244197845,80.2285308838,62829,62889,60
13.0233297348,80.2276229858,62920,63001,81
13.0231199265,80.2273330688,63011,63163,152
13.0198497772,80.2247085571,63223,63254,31
13.0085802078,80.2315216064,63456,63517,61
13.0061397552,80.2473373413,63821,63861,40
12.9898395538,80.2508392334,64064,64104,40
12.9569396973,80.2438430786,64651,64701,50
12.9565401077,80.2437133789,64712,64782,70
12.7878198624,80.2209014893,66929,66969,40
12.7869300842,80.2205734253,67010,67121,111
12.7864398956,80.2203826904,67131,67182,51
12.8308496475,80.2293777466,68559,68599,40
12.8498802185,80.2264785767,68953,68984,31
12.8543395996,80.2264328003,69055,69207,152
12.8749599457,80.2267532349,69531,69581,50
12.8917598724,80.2272262573,69875,69915,40
12.9004297256,80.2277297974,70047,70230,183
12.9048595428,80.2280197144,70332,70403,71
12.9058904648,80.2280502319,70444,70525,81
12.9632101059,80.2465286255,71517,71578,61
12.9786996841,80.2524032593,71821,71852,31
12.9812498093,80.2525634766,71913,72044,131
13.0059604645,80.2469863892,72723,72773,50
13.024430275,80.228477478,74322,74363,41
12.9930696487,80.2500228882,75071,75142,71
12.9929504395,80.2501068115,75142,75294,152
12.9567203522,80.243812561,76276,76357,81
12.9071302414,80.2284088135,76985,77056,71
12.8930702209,80.2275085449,77278,77309,31
12.9005804062,80.2278594971,79238,79309,71
12.9560899734,80.2432785034,80008,80058,50
12.9562397003,80.2433319092,80058,80099,41
12.9634399414,80.24659729,80200,80241,41
12.9804496765,80.2525787354,80463,80504,41
12.9814100266,80.2525405884,80544,80595,51
12.9815196991,80.252571106,80595,80666,71
12.9821901321,80.2525405884,80686,80787,101
12.9831104279,80.2524795532,80808,80848,40
12.9833202362,80.252456665,80858,80899,41
12.9844799042,80.252166748,80949,81010,61
12.9852199554,80.251953125,81029,81122,93
12.9863500595,80.251663208,81172,81263,91
12.987569809,80.2513122559,81294,81395,101
13.0144195557,80.2253875732,82458,82509,51
13.014289856,80.225692749,85779,85860,81
13.0141601563,80.2254867554,86174,86215,41
12.9873304367,80.2585906982,9107,9238,131
12.9871902466,80.2587127686,16591,16712,121
12.9872903824,80.2587127686,16712,16773,61
12.8393201828,80.2277374268,22577,22668,91
13.0145998001,80.2261734009,25975,26026,51
13.0067596436,80.2472000122,26339,26380,41
12.9594202042,80.2448577881,26956,26987,31
12.9082698822,80.2285614014,27737,27777,40
12.9075603485,80.2284164429,27798,27858,60
12.9012002945,80.2280197144,28081,28172,91
12.8398399353,80.2277984619,28970,29001,31
12.7871799469,80.2207336426,29607,29638,31
12.786239624,80.2216491699,29739,29850,111
12.7862596512,80.2219772339,30073,30143,70
12.7862195969,80.2214813232,31043,31104,61
12.7861795425,80.2209014893,31114,31175,61
12.786649704,80.2204666138,31195,31246,51
12.8759098053,80.2268371582,32307,32348,41
12.9058704376,80.2281417847,32894,33005,111
12.9481496811,80.2403030396,33591,33672,81
12.9626197815,80.2462005615,33976,34087,111
12.9786396027,80.2523574829,34340,34380,40
13.019109726,80.224281311,36119,36150,31
13.0221500397,80.2263031006,36332,36372,40
13.0242004395,80.2282409668,36483,36514,31
13.0235395432,80.2277679443,36564,36696,132
13.0066795349,80.2429580688,37312,37353,41
13.0067396164,80.2457504272,37454,37494,40
12.9913196564,80.2505722046,37727,37870,143
12.9646701813,80.2472381592,38648,38689,41
12.9569997787,80.2439575195,38820,38860,40
12.9564800262,80.2437820435,38901,38941,40
12.9069099426,80.2283935547,39518,39609,91
12.9011697769,80.2280502319,39679,39720,41
12.8456201553,80.2266387939,40407,40438,31
12.840929985,80.2274093628,40519,40589,70
12.8403196335,80.2276229858,40620,40660,40
12.9059801102,80.2281417847,42810,42860,50
12.9485797882,80.2405014038,43386,43417,31
12.9794998169,80.252571106,43871,43912,41
13.0066795349,80.2407608032,44397,44428,31
13.0242595673,80.2283096313,44984,45054,70
13.023440361,80.227722168,45105,45267,162
12.9892597198,80.2509918213,46116,46227,111
12.9567203522,80.2438201904,46703,46794,91
12.9007396698,80.2278594971,51658,51739,81
12.902589798,80.2279205322,51779,51810,31
12.9631004333,80.2464599609,52588,52619,31
12.9797801971,80.2525787354,52851,52922,71
13.0213499069,80.2257232666,53903,53963,60
13.0242996216,80.2283401489,54044,54095,51
13.0232896805,80.2275466919,54469,54509,40
13.0068798065,80.2400436401,54924,54995,71
12.9894895554,80.2511291504,55379,55480,101
12.9881601334,80.2514724731,55510,55642,132
12.9567804337,80.2438430786,56087,56137,50
12.9073200226,80.2283935547,56754,56795,41
12.7878599167,80.2210083008,58210,58261,51
12.7861995697,80.2208633423,59636,59727,91
12.7862300873,80.2204589844,59727,59767,40
12.9559898376,80.2433013916,62265,62335,70
12.9768400192,80.2512817383,62730,62780,50
12.9781198502,80.2520904541,62821,62962,141
12.9788999557,80.2525100708,63003,63084,81
12.9827604294,80.2525024414,63417,63569,152
12.9833498001,80.252456665,63589,63630,41
12.9852199554,80.2519607544,63690,63832,142
13.0064001083,80.2465286255,64146,64186,40
13.0195398331,80.2243804932,64783,64843,60
13.0233602524,80.2276382446,64995,65157,162
13.0081996918,80.2336120605,65571,65632,61
13.0073299408,80.2378234863,65773,65814,41
13.0069103241,80.2400131226,65854,65996,142
13.0066604614,80.2444763184,66087,66137,50
12.992939949,80.2501525879,66400,66471,71
12.9917697906,80.2504577637,66512,66572,60
12.9915304184,80.2505111694,66582,66714,132
12.9642601013,80.2470321655,67320,67361,41
12.9568395615,80.2438201904,67502,67573,71
12.9564599991,80.2436981201,67573,67604,31
12.949839592,80.2410583496,67724,67755,31
12.9073801041,80.2283401489,68301,68423,122
12.8447198868,80.2266082764,69312,69343,31
12.8317804337,80.229133606,69484,69525,41
12.8390798569,80.2276763916,71093,71154,61
12.8549699783,80.2263565063,71467,71649,182
12.899600029,80.2277679443,72175,72296,121
12.9043197632,80.2280197144,72468,72509,41
12.9057798386,80.2280807495,72549,72630,81
12.9138402939,80.2292098999,72751,72782,31
12.948220253,80.2403182983,73257,73297,40
13.0195798874,80.2243728638,75117,75148,31
13.0067396164,80.2471923828,75775,75815,40
12.9895200729,80.2510223389,76017,76048,31
12.9869604111,80.2592697144,17,88,71
12.987859726,80.2515487671,21878,21919,41
13.0235996246,80.2278671265,23103,23204,101
13.0068998337,80.2401428223,23963,24003,40
12.988120079,80.2513198853,24287,24347,60
12.786239624,80.2216186523,26614,26796,182
12.7863302231,80.2220687866,27677,27839,162
12.786359787,80.2219161987,27839,27879,40
12.8454704285,80.2265396118,28790,28830,40
12.9064998627,80.228187561,29589,29670,81
12.9139499664,80.2292785645,29751,29782,31
12.9336395264,80.2327423096,30014,30045,31
12.939740181,80.2356491089,30146,30186,40
12.9486703873,80.240562439,30358,30419,61
12.9842796326,80.2522735596,31117,31300,183
13.0153303146,80.2248382568,32230,32271,41
13.0242795944,80.2283935547,32575,32655,80
13.0067596436,80.2472000122,33597,33657,60
12.980890274,80.2527236938,34436,34467,31
12.9649000168,80.2472305298,34740,34791,51
12.9571304321,80.243812561,34973,35044,71
12.956700325,80.2436828613,35054,35114,60
12.9083595276,80.2285308838,35833,35894,61
12.8470401764,80.226600647,36936,36976,40
12.8402004242,80.2276000977,37168,37249,81
12.8274402618,80.2194137573,38616,38647,31
12.9007797241,80.2279510498,39588,39669,81
12.9138202667,80.2292861938,39841,39881,40
12.9562196732,80.2433929443,40407,40448,41
12.9634304047,80.246711731,40549,40620,71
12.9837799072,80.2523880005,40853,41035,182
13.023349762,80.2276687622,41986,42178,192
13.0070199966,80.2395019531,42603,42634,31
13.0069799423,80.2397689819,42634,42684,50
13.0067796707,80.2407073975,42704,42735,31
13.0067195892,80.2472305298,42846,42917,71
12.988530159,80.2512283325,43220,43413,193
12.9066896439,80.2282791138,44657,44708,51
12.7877397537,80.2209320068,46023,46054,31
12.9796600342,80.2526626587,49494,49534,40
12.9870500565,80.2515335083,49635,49828,193
12.9874095917,80.2577819824,50071,50121,50
12.9872303009,80.2585601807,50141,50182,41
12.9867200851,80.2589569092,52805,52896,91
12.9874696732,80.2571182251,52967,53018,51
12.987859726,80.2516479492,53119,53250,131
13.0243301392,80.2283782959,54110,54171,61
13.0068902969,80.2400588989,55375,55436,61
12.9894399643,80.2510223389,55790,55901,111
12.9565000534,80.2437133789,56407,56448,41
12.9068202972,80.2282867432,57024,57065,41
12.9010896683,80.2279815674,57126,57176,50
12.7884197235,80.2211914063,58572,58603,31
12.7875995636,80.2208633423,58633,58674,41
12.7866601944,80.2204971313,58734,58765,31
12.7862596512,80.2203598022,58785,58825,40
12.7862701416,80.2215576172,58856,58927,71
12.7862100601,80.2211685181,59777,59878,101
12.8312702179,80.229309082,60515,60546,31
12.9005804062,80.2279434204,61456,61568,112
12.9485397339,80.2405395508,62296,62327,31
12.9558801651,80.2432403564,62448,62499,51
12.9773902893,80.2515411377,62843,62994,151
12.9781303406,80.2521362305,63015,63106,91
12.9794197083,80.2526168823,63359,63460,101
12.9811096191,80.2526626587,63501,63612,111
12.9815397263,80.2526626587,63632,63672,40
12.9831800461,80.2525634766,63723,63885,162
13.0082502365,80.2335662842,65949,65980,31
13.0073003769,80.2381896973,66121,66243,122
13.0071001053,80.2390975952,66273,66324,51
13.0066900253,80.2473678589,66516,66557,41
12.9653902054,80.247467041,67480,67521,41
12.9644203186,80.2471466064,67561,67602,41
12.9567298889,80.2438430786,67764,67845,81
12.9337701797,80.2329483032,68229,68260,31
12.907500267,80.2284469604,68583,68624,41
12.9020595551,80.2280731201,68705,68786,81
12.8995800018,80.2279281616,68867,68907,40
12.8274002075,80.2194976807,70649,70770,121
12.8390197754,80.2278213501,71124,71155,31
12.8593101501,80.2263412476,71519,71560,41
12.9051198959,80.2281723022,72238,72349,111
12.9062099457,80.2281723022,72400,72460,60
12.9559202194,80.2433776855,73250,73320,70
12.9632797241,80.2466201782,73442,73503,61
12.9795598984,80.2526626587,73735,73786,51
13.0195198059,80.2244567871,74970,75020,50
13.0069103241,80.2401275635,76134,76215,81
12.956990242,80.2438583374,77105,77156,51
12.9069700241,80.2283477783,77888,77969,81
12.9011297226,80.228012085,78070,78182,112
12.7864704132,80.2204284668,79426,79457,31
12.7861795425,80.2216567993,79760,79821,61
12.9560203552,80.2432785034,81572,81643,71
12.9807796478,80.2526779175,81977,82068,91
12.9860897064,80.2517929077,82260,82331,71
12.9864997864,80.2590866089,84324,84507,183
12.9867095947,80.258682251,6979,7019,40
12.9869403839,80.2583618164,11051,11143,92
12.9867696762,80.2587127686,13423,13544,121
12.9867897034,80.2585067749,15752,15873,121
12.9868202209,80.2584075928,16410,16562,152
12.9867296219,80.2582931519,16562,16643,81
12.9867401123,80.2583236694,16977,17099,122
12.9866399765,80.2582778931,17463,17585,122
12.9867200851,80.2583084106,17585,17625,40
12.9871702194,80.2590866089,19357,19397,40
13.0235204697,80.2277832031,25089,25180,91
13.0234098434,80.2274627686,25180,25302,122
13.0232000351,80.2274780273,25302,25423,121
13.0067501068,80.2473678589,26071,26122,51
12.9881601334,80.2513885498,26365,26446,81
12.9071598053,80.2283172607,27522,27563,41
12.9055299759,80.2282409668,27623,27664,41
12.9013500214,80.2279205322,27816,27887,71
12.8995599747,80.2279205322,27947,27978,31
12.8274097443,80.2194976807,29172,29213,41
12.8394804001,80.2277069092,31744,31795,51
12.9004297256,80.2278213501,32544,32615,71
12.9042596817,80.2280731201,32706,32756,50
12.9473199844,80.2399978638,33384,33415,31
12.9480695724,80.2403182983,33435,33506,71
12.9790897369,80.2526016235,34123,34164,41
12.9806900024,80.2526931763,34206,34328,122
13.0195198059,80.224357605,35948,36018,70
13.0227499008,80.2268829346,36170,36211,41
13.0239896774,80.2279891968,36261,36302,41
13.0244197845,80.2284393311,36322,36393,71
13.0233001709,80.2274932861,36646,36727,81
13.0072898865,80.2382965088,37152,37233,81
13.0067796707,80.2421035767,37345,37385,40
12.9649295807,80.2473068237,38651,38691,40
12.9570598602,80.2438964844,38873,38904,31
12.840669632,80.2274398804,40554,40615,61
12.8398103714,80.2276763916,40635,40675,40
12.7871704102,80.2206878662,41273,41323,50
12.7864904404,80.2204437256,42105,42145,40
12.9007797241,80.2278671265,43401,43532,131
12.9796600342,80.2526016235,44595,44656,61
13.019610405,80.2244491577,45496,45527,31
13.0067195892,80.2471313477,46438,46499,61
12.9888496399,80.2511520386,46762,46853,91
12.9566001892,80.2437820435,47308,47349,41
12.906829834,80.2282791138,47987,48027,40
12.8995895386,80.2278518677,48149,48189,40
12.8397598267,80.227722168,48959,48999,40
12.8310403824,80.2238998413,49191,49222,31
12.827630043,80.2195129395,49333,49374,41
12.8394804001,80.2276382446,52361,52392,31
12.8455600739,80.2265014648,52452,52493,41
12.8500795364,80.2264480591,52544,52594,50
12.9869203568,80.2515182495,54396,54477,81
13.0243396759,80.2283401489,55398,55449,51
12.9884796143,80.2513275146,56826,57008,182
12.9882202148,80.2513122559,57018,57160,142
12.9809999466,80.2527694702,57251,57282,31
12.9568195343,80.2437286377,57636,57798,162
12.956489563,80.2436065674,57798,57838,40
12.9068002701,80.2283172607,58365,58456,91
12.838809967,80.2279205322,61223,61263,40
12.8391504288,80.2278671265,61273,61344,71
12.9008102417,80.2278900146,62053,62134,81
12.9058103561,80.2282180786,62245,62276,31
12.9562301636,80.2434234619,63035,63086,51
12.9750299454,80.2506866455,63389,63420,31
12.9759197235,80.2509536743,63440,63541,101
12.9769897461,80.2512969971,63602,63713,111
12.9777402878,80.2516784668,63733,63814,81
12.9785404205,80.2522964478,63855,63997,142
12.9794502258,80.2525405884,64047,64098,51
12.9815301895,80.2525634766,64179,64219,40
12.9816598892,80.252571106,64219,64361,142
12.9839200974,80.2523498535,64442,64493,51
12.984459877,80.252243042,64513,64635,122
13.0065803528,80.2407226563,65080,65141,61
13.0242500305,80.2282180786,65768,65870,102
12.9674596786,80.2482833862,68040,68091,51
12.9566802979,80.243637085,68304,68415,111
12.9035997391,80.2280883789,69114,69154,40
12.9010801315,80.2279434204,69215,69377,162
12.8928403854,80.2274475098,69498,69549,51
12.7881803513,80.2210769653,70866,70907,41
12.7866802216,80.2204208374,71717,71757,40
12.8314504623,80.2292404175,72334,72405,71
12.8392601013,80.2276611328,72516,72547,31
12.8410596848,80.2272186279,72618,72709,91
12.841460228,80.2271270752,72709,72749,40
12.8573999405,80.2261962891,73073,73114,41
12.9000396729,80.2278213501,73753,73823,70
12.9059896469,80.2281723022,73955,74006,51
12.9560699463,80.2432632446,74714,74795,81
12.9564304352,80.2434005737,74795,74846,51
12.9796800613,80.2526092529,75231,75281,50
12.9848203659,80.2521591187,75352,75524,172
12.9878702164,80.2545166016,75707,75828,121
12.9874296188,80.2585067749,75909,75950,41
12.9866304398,80.2592010498,82158,82259,101
12.9866695404,80.2591781616,83494,83605,111
12.986579895,80.2592468262,84618,84729,111
13.0757703781,80.2750091553,8250,8290,40
13.0760402679,80.2746963501,8311,8381,70
13.0761804581,80.2746582031,8381,8442,61
13.0761804581,80.2747879028,8442,8544,102
13.0760498047,80.2749099731,8544,8614,70
13.0760097504,80.2746734619,19769,19809,40
13.0819997787,80.2752609253,20559,20619,60
13.0816602707,80.2758102417,20771,20822,51
12.9879999161,80.2513809204,22463,22544,81
12.786239624,80.2212524414,24683,24754,71
12.9005804062,80.2278137207,27671,27731,60
12.906080246,80.2282028198,27833,27883,50
12.9662599564,80.247718811,28683,28714,31
12.9796800613,80.2526016235,28876,28916,40
12.9872102737,80.2514572144,29008,29089,81
13.0311203003,80.2397232056,30091,30142,51
13.0821199417,80.2755889893,31158,31218,60
13.0816402435,80.2759933472,31755,31806,51
13.0815601349,80.2756271362,31806,31877,71
13.0653600693,80.2676086426,32250,32282,32
13.0399799347,80.2472229004,32788,32819,31
13.0233898163,80.2275314331,33284,33325,41
13.0085201263,80.2317886353,33639,33679,40
13.0069799423,80.239616394,33801,33882,81
13.0067396164,80.2428436279,33993,34074,81
13.0067396164,80.2461700439,34135,34166,31
12.9027996063,80.2280273438,36254,36365,111
12.8990001678,80.2278289795,36456,36487,31
12.8410396576,80.2273330688,37317,37378,61
12.8399896622,80.2277069092,37439,37520,81
12.7514295578,80.2043228149,38930,39031,101
12.7257404327,80.1881408691,39476,39608,132
12.7253599167,80.1880493164,39608,39700,92
12.7221498489,80.1876373291,42091,42223,132
12.7221298218,80.1876907349,42223,42334,111
12.7221097946,80.1873397827,42334,42374,40
12.724029541,80.1877365112,42455,42496,41
12.7252902985,80.18800354,42577,42638,61
12.7256698608,80.1881103516,42647,42688,41
12.9061203003,80.2282409668,44623,44663,40
12.9866304398,80.2516784668,45618,45659,41
13.0112400055,80.2235870361,46175,46206,31
13.0224599838,80.2265930176,46449,46489,40
13.0258798599,80.2308731079,46570,46611,41
13.0311002731,80.2396469116,46763,46813,50
13.0358600616,80.2462234497,46904,46935,31
13.0813798904,80.275100708,48049,48099,50
13.0819997787,80.2756729126,48120,48191,71
13.0750303268,80.2754592896,49234,49386,152
13.0758800507,80.2757415771,49811,49902,91
13.0758199692,80.2755813599,49902,50044,142
13.0814199448,80.2751235962,50166,50216,50
13.0819196701,80.2759017944,50490,50662,172
13.0819597244,80.2777633667,50703,50747,44
13.0824203491,80.2785568237,50761,50802,41
13.0690202713,80.2720031738,51156,51197,41
13.0311403275,80.2401199341,52129,52199,70
13.0233201981,80.2275009155,52375,52415,40
13.0068597794,80.2403411865,52759,52790,31
12.9897603989,80.2509384155,53053,53114,61
12.9880304337,80.2512969971,53144,53286,142
12.9566001892,80.243637085,53641,53681,40
12.9564599991,80.243598938,53681,53742,61
12.9069299698,80.2282485962,54268,54309,41
12.9010896683,80.2279968262,54370,54420,50
12.786450386,80.2203826904,55646,55686,40
12.8315296173,80.2292785645,57025,57056,31
12.8394498825,80.2276229858,57137,57177,40
12.9007196426,80.2278289795,57764,57845,81
12.9562902451,80.2433776855,58534,58565,31
12.9808597565,80.2526321411,58858,58949,91
12.9831104279,80.2525100708,59030,59172,142
12.9866695404,80.2516708374,59304,59415,111
13.0258197784,80.23072052,60266,60317,51
13.0304298401,80.2385177612,60468,60519,51
13.0637397766,80.2651596069,61380,61420,40
13.0796699524,80.2752990723,61957,61998,41
13.0804300308,80.2752838135,62048,62109,61
13.0813798904,80.2751998901,62140,62241,101
13.0818595886,80.2752838135,62261,62383,122
13.0816001892,80.275932312,63801,63841,40
13.058719635,80.2653579712,64489,64520,31
13.0571804047,80.2600402832,64641,64672,31
13.038359642,80.2467193604,65421,65452,31
13.0318002701,80.2414474487,65654,65755,101
13.0266199112,80.2333374023,65978,66039,61
12.9800100327,80.2527999878,68196,68237,41
12.9565000534,80.243812561,68601,68632,31
12.9017000198,80.2280426025,69614,69715,101
12.8397798538,80.2278137207,70434,70475,41
12.7876901627,80.2209777832,71093,71133,40
12.7872200012,80.2207794189,71153,71194,41
12.728269577,80.1887969971,71913,71944,31
12.7278795242,80.1886901855,71955,72025,70
12.727519989,80.1885528564,72025,72107,82
12.7271699905,80.1884765625,72107,72198,91
12.7268199921,80.1883773804,72198,72299,101
12.7264499664,80.1883163452,72309,72360,51
12.7242898941,80.1879196167,72461,72502,41
12.7230195999,80.1876068115,72542,72583,41
12.7225103378,80.1874694824,72593,72653,60
12.8390197754,80.2278594971,75514,75564,50
12.8849000931,80.2266998291,76030,76061,31
12.9005899429,80.2278900146,76182,76314,132
12.9052600861,80.2281417847,76456,76537,81
12.9063997269,80.2282333374,76597,76658,61
13.025850296,80.2308807373,78502,78533,31
13.0310602188,80.2397689819,78653,78715,62
13.0811395645,80.275138855,79578,79629,51
13.081990242,80.2757034302,79659,79720,61
13.0145597458,80.2252120972,3978,4089,111
13.0145902634,80.2250518799,4393,4474,81
13.0144901276,80.2250976563,4971,5143,172
13.0145998001,80.2249908447,15408,15590,182
13.0145998001,80.2249908447,17840,18022,182
13.0146398544,80.2249679565,20810,20921,111
12.9884395599,80.2512893677,24772,24823,51
12.9067802429,80.2284393311,25887,25937,50
12.8275604248,80.219543457,27163,27194,31
12.9004402161,80.2276992798,30358,30439,81
12.9042596817,80.2279663086,30561,30632,71
12.9053201675,80.2280197144,30672,30743,71
12.9477701187,80.2401275635,31443,31503,60
12.9561500549,80.2432632446,31726,31818,92
12.9589796066,80.2443771362,31868,31899,31
12.9831600189,80.2524490356,32365,32486,121
12.9896202087,80.2507629395,32618,32659,41
13.0228300095,80.2268981934,33591,33652,61
13.0239400864,80.2279129028,33723,33773,50
13.0079698563,80.2350463867,34594,34625,31
13.0073404312,80.2381134033,34716,34756,40
13.0067796707,80.2418823242,34817,34858,41
13.0067796707,80.2422180176,34858,34929,71
12.9643001556,80.2471084595,36003,36043,40
12.9398899078,80.2358779907,36438,36469,31
12.9137897491,80.2294006348,36894,36925,31
12.9072904587,80.2283782959,37026,37117,91
12.8423995972,80.2270736694,38171,38202,31
12.8420295715,80.2272262573,38202,38242,40
12.8416595459,80.2272720337,38252,38333,81
12.841340065,80.2273330688,38333,38424,91
12.8409700394,80.2274169922,38424,38475,51
12.840379715,80.2275772095,38495,38526,31
12.900270462,80.2277908325,41567,41638,71
12.9052000046,80.2280502319,41749,41800,51
12.9563598633,80.2432403564,42529,42590,61
12.986749649,80.2515563965,43026,43168,142
13.0194997787,80.2243423462,44049,44080,31
13.0243501663,80.2283630371,44191,44272,81
13.0069599152,80.2397994995,44941,44972,31
12.9898004532,80.2510604858,45468,45579,111
12.9884195328,80.2514190674,45620,45762,142
12.9566802979,80.243812561,46238,46319,81
12.8275899887,80.2194824219,48305,48336,31
12.8247003555,80.2159576416,48528,48569,41
12.8248996735,80.2159729004,48579,48680,101
12.8250398636,80.2160186768,48680,48741,61
12.8274803162,80.2193374634,48903,48934,31
12.9057798386,80.2280502319,50129,50180,51
12.9850997925,80.251991272,51274,51335,61
13.0243301392,80.2283096313,52268,52329,61
13.0141296387,80.2255935669,52572,52735,163
13.0142698288,80.2259597778,54579,54640,61
13.0152702332,80.225227356,54842,54873,31
13.0243301392,80.2283477783,55014,55055,41
13.0235004425,80.2277984619,55085,55187,102
13.0069599152,80.2398681641,55937,55987,50
12.9884700775,80.2513427734,56393,56524,131
12.9636497498,80.246887207,56878,56909,31
12.956609726,80.2438201904,57031,57102,71
12.8227701187,80.2195205688,58875,58916,41
12.8229799271,80.2193603516,58956,59078,122
12.8311901093,80.224029541,61053,61103,50
12.8675203323,80.2263183594,61823,61884,61
12.8727903366,80.2266082764,61985,62016,31
12.9064998627,80.2281417847,62502,62593,91
12.9485397339,80.2404174805,63234,63274,40
12.9558601379,80.2431411743,63426,63477,51
12.9560804367,80.2432022095,63477,63528,51
12.9744100571,80.2504577637,63842,63903,61
12.975279808,80.2507171631,63923,64034,111
12.9754104614,80.2507476807,64034,64085,51
12.9764499664,80.2510604858,64126,64176,50
12.9774999619,80.2515182495,64480,64521,41
12.9785203934,80.252281189,64592,64643,51
12.9787797928,80.2523880005,64653,64784,131
12.9838399887,80.252281189,64896,64977,81
12.9839601517,80.252281189,64977,65149,172
13.0065498352,80.2410812378,65646,65778,132
13.0065498352,80.2407226563,65788,65838,50
13.0150203705,80.2251205444,66163,66213,50
13.0194396973,80.2243804932,66264,66305,41
13.0242500305,80.2283172607,66426,66517,91
13.0231199265,80.2273788452,67067,67107,40
13.0082302094,80.2334289551,67584,67644,60
13.0073003769,80.2378692627,67776,67837,61
13.0066995621,80.2465820313,68009,68050,41
13.0060997009,80.2473831177,68090,68121,31
12.956609726,80.2437820435,69691,69722,31
12.9071102142,80.2283172607,70535,70606,71
12.9030399323,80.2280578613,70707,70778,71
12.7872400284,80.2207183838,72419,72450,31
12.7862501144,80.2217025757,73990,74051,61
12.8308601379,80.229347229,74811,74892,81
12.8310804367,80.229309082,74892,74933,41
12.8313598633,80.2292098999,74943,75014,71
12.8316402435,80.2290802002,75014,75054,40
12.8386497498,80.2278289795,75206,75237,31
12.8391399384,80.2276992798,75247,75318,71
12.8455400467,80.2264709473,75510,75541,31
12.9006595612,80.2278289795,76412,76504,92
12.9046602249,80.2280426025,76625,76706,81
12.9057703018,80.2280731201,76747,76828,81
12.9487895966,80.240562439,77487,77547,60
12.9787397385,80.2524108887,78054,78095,41
12.9833803177,80.2524490356,78216,78357,141
12.9867897034,80.2515792847,78470,78571,101
13.0211000443,80.2255020142,79473,79513,40
13.0243997574,80.2284164429,80030,80091,61
13.01445961,80.2261199951,80355,80405,50
13.0142002106,80.2254486084,80436,80486,50
12.9968996048,80.256942749,1267,1358,91
12.9966897964,80.2568283081,1358,1419,61
12.9968395233,80.2570037842,5484,5575,91
12.996919632,80.2570266724,5575,5615,40
12.9968595505,80.2571563721,5615,5656,41
12.9969902039,80.2568283081,18255,18417,162
12.9969396591,80.2569732666,18660,18791,131
12.9972000122,80.2568206787,19388,19560,172
13.0061502457,80.2473983765,22757,22797,40
12.9882297516,80.2513580322,22969,23000,31
12.7862100601,80.2208404541,24993,25053,60
12.7862195969,80.2212219238,25063,25154,91
12.7862195969,80.2213821411,25154,25215,61
12.9004802704,80.2278213501,27308,27359,51
12.9061698914,80.2282104492,27480,27511,31
12.97976017,80.2526779175,28491,28532,41
12.9873504639,80.2514801025,28623,28663,40
13.0194501877,80.2243423462,29371,29412,41
13.021490097,80.2257385254,29482,29604,122
13.0230998993,80.2274017334,30322,30423,101
13.0229597092,80.2271499634,30644,30746,102
13.0229902267,80.2272491455,30746,30928,182
13.0229101181,80.2270965576,30928,30979,51
13.0067100525,80.2410430908,31383,31414,31
13.0059995651,80.2474975586,31575,31606,31
12.934009552,80.2330169678,33254,33304,50
12.9077396393,80.2284469604,33638,33689,51
12.9018201828,80.2280197144,33759,33871,112
12.8993501663,80.2278900146,33931,33962,31
12.8453197479,80.2266311646,34558,34599,41
12.8400497437,80.2276611328,34659,34690,31
12.839799881,80.2277526855,34690,34730,40
12.8273696899,80.2194595337,35064,35104,40
12.845459938,80.2265167236,36188,36239,51
12.9005203247,80.2277984619,36806,36877,71
12.9051399231,80.2281494141,36998,37049,51
12.9483203888,80.2403793335,37615,37676,61
12.9833698273,80.2524795532,38252,38414,162
13.0195999146,80.2244033813,39182,39213,31
13.0226602554,80.2267532349,39273,39314,41
13.0226898193,80.2268295288,39324,39486,162
13.0243501663,80.2283935547,39556,39587,31
13.0244197845,80.2285766602,39587,39688,101
13.0069599152,80.2399368286,41023,41063,40
13.0066995621,80.2436828613,41134,41174,40
12.9072904587,80.2284317017,42863,42913,50
12.9026203156,80.2280883789,42984,43045,61
12.8398399353,80.2276229858,43712,43753,41
12.7886695862,80.221321106,44309,44349,40
12.7882003784,80.2210693359,44390,44440,50
12.7876996994,80.2209091187,44450,44491,41
12.7864303589,80.2204208374,44592,44632,40
12.8198003769,80.2304229736,46735,46786,51
12.9007701874,80.2278823853,47716,47797,81
12.9062595367,80.2281494141,47929,47989,60
12.9488201141,80.240562439,48545,48576,31
12.9795799255,80.2526016235,49000,49051,51
12.9814195633,80.2526092529,49102,49182,80
12.9849596024,80.2520980835,49253,49304,51
12.9854602814,80.2519607544,49314,49425,111
13.0066204071,80.2409133911,49779,49819,40
13.0230197906,80.2271118164,50588,50649,61
13.0067195892,80.2472991943,51680,51720,40
12.988240242,80.2513427734,51892,51993,101
12.9569396973,80.2438583374,52438,52499,61
12.9565696716,80.2437210083,52499,52580,81
12.906829834,80.2282562256,53136,53176,40
12.8277797699,80.2194595337,54187,54218,31
12.8311796188,80.22215271,55434,55475,41
12.857919693,80.2261123657,55890,55921,31
12.9057598114,80.2281417847,56578,56638,60
12.9788799286,80.2525100708,57629,57660,31
12.9822101593,80.2525634766,57751,57892,141
13.0226402283,80.2267532349,59004,59045,41
13.0226802826,80.2269668579,59277,59429,152
13.0226202011,80.2268829346,59429,59490,61
13.0231304169,80.2274169922,59631,59783,152
13.0230197906,80.2272186279,59793,59904,111
13.0229701996,80.2272720337,59904,60036,132
12.988240242,80.251373291,61158,61249,91
12.9566402435,80.2438201904,61704,61745,41
12.9011497498,80.2280426025,62493,62624,131
12.7861499786,80.2205581665,64414,64455,41
12.83852005,80.228012085,65102,65152,50
12.839099884,80.2278823853,65172,65233,61
12.8454399109,80.2265396118,65334,65365,31
12.8761301041,80.2269592285,65850,65887,37
12.8921203613,80.2273025513,66069,66120,51
12.9487104416,80.240562439,67060,67182,122
12.9562702179,80.2433624268,67343,67384,41
13.0057897568,80.2472229004,69113,69164,51
13.0060997009,80.2469863892,69174,69224,50
13.0064001083,80.2467727661,69224,69285,61
13.0064496994,80.2465591431,69285,69325,40
13.0065698624,80.2412185669,69507,69659,152
13.0243196487,80.2284927368,70246,70347,101
13.023150444,80.2275390625,70387,70579,192
13.0073604584,80.2376403809,71176,71247,71
13.0072402954,80.2379989624,71257,71378,121
13.0066900253,80.2427978516,71459,71499,40
12.9566497803,80.2437896729,72825,72865,40
12.9067296982,80.2283401489,73513,73553,40
12.9020795822,80.2281417847,73614,73674,60
12.824640274,80.2161178589,74756,74868,112
12.8274297714,80.2194290161,75039,75141,102
12.8379402161,80.2280883789,75474,75515,41
12.8383398056,80.2280197144,75525,75585,60
12.9002199173,80.2278366089,76293,76334,41
12.9049797058,80.2281417847,76455,76546,91
12.9061403275,80.2282028198,76597,76667,70
12.9488201141,80.2405776978,77183,77224,41
12.9562797546,80.2434082031,77345,77385,40
12.9874897003,80.2513580322,78063,78215,152
12.9877099991,80.2555770874,78285,78417,132
12.9974498749,80.2558898926,78619,78659,40
12.9977502823,80.2571182251,79003,79125,122
13.0061597824,80.247428894,20154,20194,40
12.8392400742,80.2277603149,23602,23683,81
13.0235700607,80.2278366089,26464,26534,70
13.0087995529,80.2306900024,27081,27161,80
13.0059604645,80.2474136353,27505,27556,51
12.9889097214,80.2511367798,27839,27930,91
12.9564800262,80.2435913086,28405,28446,41
12.9072303772,80.2284164429,29255,29325,70
12.9013595581,80.2280426025,29396,29477,81
12.8401603699,80.2276306152,30387,30448,61
12.8241701126,80.2159805298,32754,32804,50
12.9484596252,80.2404403687,34816,34887,71
12.9561100006,80.2433395386,35049,35100,51
12.9625301361,80.2461395264,35211,35251,40
12.9793300629,80.2525405884,35514,35595,81
13.019490242,80.2243270874,37142,37233,91
13.0222501755,80.2264175415,37294,37334,40
13.0243701935,80.2284164429,37466,37537,71
13.0231895447,80.2274627686,37577,37719,142
13.0230798721,80.2272262573,37729,37779,50
13.0071496964,80.2389602661,38305,38386,81
13.0070800781,80.2393493652,38386,38457,71
12.9950399399,80.2496109009,38902,38972,70
12.956609726,80.2437362671,40206,40257,51
12.9069595337,80.2283782959,41086,41217,131
12.8398399353,80.2276916504,42117,42188,71
12.7872400284,80.2208023071,42764,42805,41
12.7869300842,80.2206726074,42815,42876,61
12.8315200806,80.2292785645,44210,44241,31
12.9007396698,80.2278594971,45009,45060,51
12.9563102722,80.2434005737,45869,45909,40
12.9861803055,80.2517471313,46465,46556,91
12.987660408,80.251373291,46597,46708,111
13.0244197845,80.2284393311,47729,47770,41
13.0242795944,80.2283172607,49003,49054,51
13.006939888,80.2400970459,49772,49812,40
13.0067596436,80.2468032837,50025,50085,60
12.9903402328,80.2508163452,50368,50439,71
12.9568004608,80.2438430786,50955,51005,50
12.9566497803,80.2437820435,51005,51096,91
12.9069099426,80.2283096313,51794,51835,41
12.901260376,80.2279815674,51905,51936,31
12.8317899704,80.2292022705,52826,52857,31
12.8273696899,80.2193603516,53739,53820,81
12.8395004272,80.2276611328,54103,54134,31
12.8453302383,80.2265167236,54194,54225,31
12.9004402161,80.2277603149,54852,54892,40
12.9060401917,80.2281417847,54983,55024,41
12.9633102417,80.2465286255,55802,55853,51
12.9840202332,80.2522964478,56227,56318,91
12.9850597382,80.2520294189,56368,56449,81
12.9860601425,80.2517471313,56490,56530,40
12.9865398407,80.2516174316,56540,56631,91
13.0196399689,80.2244796753,57440,57481,41
13.0235300064,80.2278213501,58199,58300,101
13.0233802795,80.2276306152,58310,58502,192
13.0231103897,80.2273635864,58512,58704,192
12.9908504486,80.2506790161,59503,59685,182
12.9565401077,80.2437591553,60231,60292,61
12.9069795609,80.2283477783,60929,61000,71
12.9010601044,80.2280578613,61081,61172,91
12.7862596512,80.2203979492,62577,62618,41
12.8384504318,80.2279815674,64124,64155,31
12.8389997482,80.2278213501,64195,64226,31
12.9007301331,80.2279510498,65034,65136,102
12.9487199783,80.240562439,65924,65975,51
12.9843997955,80.2522506714,67573,67613,40
13.0065402985,80.245880127,68169,68200,31
13.0241203308,80.2282028198,69626,69686,60
13.0242795944,80.2284622192,69696,69757,61
13.0082302094,80.2335205078,70748,70849,101
13.0066604614,80.2430267334,71436,71486,50
12.9888296127,80.2512130737,71860,71891,31
12.9641199112,80.2471237183,72720,72760,40
12.9069595337,80.2284393311,73631,73672,41
12.8924798965,80.2275085449,73914,73955,41
12.789440155,80.2216720581,75198,75239,41
12.7861795425,80.2205810547,76392,76432,40
12.8310699463,80.2293624878,76958,77079,121
12.903670311,80.2280197144,78033,78073,40
12.904709816,80.2280578613,78114,78205,91
12.9059295654,80.2281494141,78265,78327,62
12.9817895889,80.2525787354,79338,79409,71
12.9820995331,80.2525634766,79419,79450,31
12.9831104279,80.2524871826,79490,79561,71
12.9833402634,80.252456665,79561,79601,40
12.983710289,80.2523498535,79611,79702,91
12.9841003418,80.252243042,79723,79793,70
12.9844398499,80.2521209717,79793,79874,81
13.0066404343,80.2407226563,80501,80532,31
13.0244102478,80.2284622192,80996,81057,61
13.0142002106,80.2258605957,81239,81401,162
12.9867801666,80.2586364746,488,579,91
12.9869203568,80.2585525513,3524,3595,71
12.9867200851,80.2586593628,4465,4546,81
12.9872398376,80.2591705322,4596,4627,31
12.9874296188,80.2588577271,19922,20033,111
12.9874897003,80.2577590942,20276,20317,41
12.9875602722,80.2573318481,20357,20519,162
12.9878396988,80.2514801025,20600,20681,81
13.013999939,80.2232818604,21105,21136,31
12.906080246,80.2282791138,22835,22867,32
12.8401098251,80.2275924683,23546,23627,81
12.9876203537,80.2513809204,27260,27361,101
13.0240602493,80.2278594971,28393,28464,71
13.0244503021,80.2285614014,29293,29364,71
12.9898395538,80.2509002686,30598,30679,81
12.949549675,80.2409973145,31387,31437,50
12.917840004,80.2298965454,32014,32064,50
12.9177598953,80.2296981812,32064,32125,61
12.9074697495,80.2283630371,32307,32398,91
12.8399801254,80.2276611328,33389,33450,61
12.8277196884,80.2194824219,33753,33784,31
12.9002799988,80.2277908325,35433,35494,61
12.9055099487,80.2281036377,35605,35656,51
12.9056901932,80.2282333374,35656,35706,50
12.9471797943,80.2399215698,36222,36293,71
12.9562797546,80.2432174683,36475,36515,40
12.9631996155,80.2464981079,36616,36657,41
12.9830198288,80.2525634766,36980,37061,81
13.021109581,80.2257232666,38417,38487,70
13.0231199265,80.2274169922,38680,38852,172
13.0229597092,80.2271881104,38852,38912,60
13.0228300095,80.2272872925,38912,38953,41
13.0230197906,80.2273483276,39398,39489,91
13.0082902908,80.233039856,40247,40278,31
13.0066795349,80.243309021,40622,40662,40
13.0067195892,80.247253418,40733,40773,40
12.9566898346,80.2435836792,41734,41805,71
12.9072399139,80.2284011841,42432,42513,81
12.8399000168,80.2277603149,43322,43362,40
12.7870702744,80.2206573486,44080,44121,41
12.786359787,80.2203674316,44151,44202,51
12.786190033,80.2218170166,44232,44282,50
12.7863197327,80.2218704224,44525,44717,192
12.8392095566,80.2277603149,45425,45476,51
12.9485502243,80.2404785156,46851,46882,31
13.0209102631,80.2254333496,48510,48591,81
12.9898395538,80.2509078979,50927,50967,40
12.9567203522,80.2435531616,51433,51564,131
12.9069004059,80.2282333374,52161,52221,60
12.9011297226,80.2279510498,52302,52363,61
12.7871103287,80.2206573486,53647,53678,31
12.7862596512,80.2217025757,53779,53819,40
12.9004602432,80.2277908325,55700,55731,31
12.9059000015,80.2281417847,55832,55883,51
12.9561500549,80.2433700562,56570,56611,41
12.9822702408,80.252571106,57288,57329,41
12.9824399948,80.252571106,57339,57379,40
12.9903202057,80.2508087158,59190,59362,172
12.988940239,80.2511672974,59392,59432,40
12.9885702133,80.2513198853,59442,59624,182
12.9069795609,80.2282791138,60626,60707,81
12.9011001587,80.2279586792,60787,60868,81
12.824640274,80.2159805298,61880,62052,172
12.8389501572,80.2278366089,62780,62830,50
12.8393497467,80.2276763916,62830,62891,61
12.8989400864,80.2278671265,63599,63640,41
12.9052295685,80.2281570435,63801,63872,71
12.9558801651,80.2432174683,64742,64782,40
12.9628400803,80.2463378906,64944,64985,41
12.9752197266,80.2508468628,65187,65359,172
12.9783401489,80.2522888184,65470,65561,91
12.9857301712,80.2519226074,66239,66289,50
12.9862298965,80.2517623901,66299,66471,172
13.006649971,80.2406616211,66967,67028,61
13.011179924,80.2234802246,67321,67382,61
13.0210599899,80.2255630493,67665,67837,172
13.0212802887,80.2258071899,67837,68009,172
13.0242900848,80.2284088135,68110,68191,81
13.0234699249,80.2278137207,68231,68353,122
13.007519722,80.2369384766,69050,69081,31
12.9074602127,80.2283782959,71447,71569,122
12.9013595581,80.2280578613,71720,71872,152
12.839969635,80.2277069092,72611,72662,51
12.7869300842,80.2206802368,73309,73340,31
12.7861299515,80.2208175659,73946,73997,51
12.831489563,80.2292480469,74563,74665,102
12.9000597,80.2278823853,75595,75716,121
12.9054203033,80.2281799316,75858,75939,81
12.9798297882,80.2526626587,76970,77031,61
12.9866399765,80.2516708374,77112,77173,61
12.9878196716,80.2544631958,77264,77416,152
12.9869098663,80.2585830688,77831,77882,51
12.9866399765,80.2594680786,78205,78246,41
