latitude,longitude,Time_Start,Time_Stop,TimeTaken
13.0142498016,80.2254486084,7377,7539,162
13.0142803192,80.2255096436,17593,17674,81
13.0143404007,80.2254867554,17674,17805,131
12.9874095917,80.2514419556,23757,23808,51
12.9877300262,80.2554931641,23878,23929,51
12.987279892,80.2594299316,24000,24050,50
12.986579895,80.2593688965,25102,25183,81
12.9869098663,80.2590866089,25193,25253,60
12.9769201279,80.221321106,26023,26154,131
12.9768199921,80.2211074829,26164,26337,173
12.9801597595,80.252166748,26862,26893,31
12.9873104095,80.2515029907,26975,27035,60
12.9873104095,80.2594070435,27228,27317,89
12.9869804382,80.2593765259,27337,27390,53
12.9800300598,80.252746582,27662,27733,71
13.0259199142,80.2306594849,29352,29383,31
13.0345697403,80.2303314209,29564,29605,41
13.0349302292,80.2300491333,29635,29676,41
13.0346002579,80.2300262451,29676,29756,80
13.0345497131,80.2298583984,29756,29797,41
13.034529686,80.2299880981,29807,29918,111
13.0345602036,80.2298965454,29918,29968,50
13.0345497131,80.2299423218,29968,30000,32
13.0345802307,80.2299118042,30000,30091,91
13.0345602036,80.2300415039,30091,30212,121
13.0342102051,80.2301101685,30252,30323,71
13.0342302322,80.2301864624,30333,30414,81
13.0341901779,80.230140686,30414,30528,114
13.0312404633,80.2306671143,31199,31239,40
13.0298700333,80.2308425903,31239,31277,38
13.0280504227,80.2310562134,31277,31311,34
13.0114498138,80.2232666016,31795,31826,31
13.0082397461,80.2134017944,31947,32008,61
12.9976396561,80.2161178589,32239,32289,50
12.9763803482,80.2218704224,32766,32817,51
12.9869804382,80.2589874268,34344,34495,151
12.9875898361,80.2567825317,34606,34748,142
12.9876804352,80.2554931641,34778,34839,61
12.9879398346,80.2527313232,34909,34960,51
12.9813098907,80.2435836792,35587,35638,51
12.9973602295,80.216217041,36618,36649,31
13.0237598419,80.2277679443,37478,37518,40
13.0327196121,80.2305297852,37833,37875,42
13.0346498489,80.2303009033,37945,37976,31
13.0343198776,80.2297286987,38057,38147,90
13.0342197418,80.2300872803,38147,38309,162
13.0341796875,80.2304077148,38309,38370,61
13.027879715,80.2327880859,38612,38743,131
13.0269203186,80.2329483032,38774,38906,132
12.9763298035,80.2217330933,40201,40332,131
12.9869298935,80.2515335083,41030,41142,112
12.9877595901,80.2549362183,41243,41304,61
12.9872303009,80.2594909668,41404,41464,60
12.9875497818,80.2565689087,42042,42123,81
12.9876003265,80.2562713623,42133,42193,60
13.0339202881,80.2304611206,44330,44381,51
13.0345401764,80.2303390503,44421,44462,41
13.0344200134,80.2297821045,44563,44603,40
13.0340995789,80.2302932739,44633,44755,122
13.0308704376,80.23072052,44825,44856,31
12.9868297577,80.2229995728,46058,46099,41
12.982170105,80.2216796875,46241,46282,41
12.9870595932,80.2515563965,47039,47159,120
12.9876403809,80.2556228638,47252,47343,91
12.9866800308,80.259552002,47485,47646,161
12.9878396988,80.2518615723,47838,47878,40
13.0078401566,80.2130508423,49184,49215,31
13.0298700333,80.2308197021,49986,50017,31
13.0269098282,80.2329788208,50107,50158,51
13.0145797729,80.22605896,50360,50421,61
13.0142202377,80.2261886597,50824,50856,32
13.0230798721,80.2274627686,51401,51471,70
13.0117301941,80.2198410034,51857,51897,40
13.0082902908,80.2133331299,52018,52049,31
12.981300354,80.2381973267,53029,53150,121
12.9813098907,80.238571167,53150,53181,31
12.9875898361,80.2513580322,53484,53596,112
12.9877195358,80.2552032471,53656,53726,70
12.987039566,80.2591171265,54313,54433,120
12.9801197052,80.2527313232,54686,54729,43
13.0036001205,80.2119979858,56195,56246,51
13.0342502594,80.2297973633,57166,57239,73
13.0084295273,80.2134933472,58432,58502,70
12.9974098206,80.2163619995,58765,58815,50
12.9877996445,80.2551269531,60132,60192,60
12.9877996445,80.2551803589,60192,60233,41
12.9875297546,80.2561721802,61476,61536,60
12.9813299179,80.2401885986,61980,62012,32
12.982460022,80.2525634766,63449,63592,143
12.983880043,80.2523422241,63631,63774,143
12.9857196808,80.2518768311,63814,63935,121
12.987830162,80.2548828125,64056,64168,112
12.9874095917,80.2590637207,64258,64299,41
12.9866104126,80.2593612671,64380,64532,152
12.9867801666,80.2590484619,64532,64573,41
12.9878501892,80.2531433105,64761,64855,94
12.9879398346,80.2527999878,64855,64926,71
12.9812602997,80.23802948,65493,65532,39
12.9812202454,80.2379379272,65532,65572,40
12.9812097549,80.2376480103,65572,65612,40
12.9812202454,80.2369918823,65642,65755,113
12.9812002182,80.2365570068,65765,65796,31
12.9812202454,80.2361984253,65816,65907,91
12.9811496735,80.234703064,66048,66079,31
12.9818096161,80.2329711914,66200,66250,50
13.0077695847,80.2130203247,67463,67516,53
13.0282697678,80.2309799194,68124,68175,51
13.0303096771,80.2308197021,68236,68287,51
13.0335597992,80.2305908203,68398,68448,50
13.0341997147,80.2300567627,69219,69340,121
13.0341396332,80.230430603,69340,69401,61
13.0247497559,80.2293777466,69693,69744,51
13.0089101791,80.2140884399,70301,70341,40
13.0083503723,80.213508606,70390,70432,42
12.9902095795,80.2206420898,70916,71056,140
12.9899196625,80.2208862305,71056,71128,72
12.9896602631,80.2211990356,71332,71468,136
12.9893198013,80.2215423584,71497,71558,61
12.9889202118,80.2220993042,71558,71592,34
12.9887104034,80.2222900391,71622,71673,51
12.9884796143,80.2225494385,71683,71734,51
12.987739563,80.2231674194,71772,71841,69
12.9876203537,80.2231826782,71841,71873,32
12.9866304398,80.2230834961,71931,71963,32
12.982000351,80.2322769165,72590,72631,41
12.9800701141,80.2522888184,73096,73127,31
12.987739563,80.2550811768,73571,73694,123
12.9871196747,80.2592010498,75262,75302,40
12.9877700806,80.2518386841,75473,75504,31
12.9845504761,80.2523803711,75566,75687,121
12.9813203812,80.240737915,76051,76101,50
12.9854202271,80.2232666016,76891,77063,172
13.0078001022,80.2130432129,77690,77741,51
13.034819603,80.23021698,78389,78440,51
13.0142002106,80.2256088257,79036,79199,163
12.9978103638,80.256362915,18817,18948,131
12.9594097137,80.2448196411,19553,19584,31
12.8747901917,80.2097625732,20915,20965,50
13.0096902847,80.2112731934,24495,24556,61
13.009519577,80.211151123,24556,24646,90
13.0092601776,80.2110519409,25221,25252,31
12.9022502899,80.2281036377,28096,28136,40
12.9020996094,80.2281112671,28146,28186,40
12.8849802017,80.2267837524,28519,28570,51
12.9025297165,80.2279586792,30193,30224,31
12.9398002625,80.2356262207,30919,30950,31
12.9483995438,80.2403793335,31131,31252,121
12.956319809,80.2432632446,31454,31494,40
12.9631996155,80.2465362549,31666,31746,80
12.9930496216,80.2183914185,33188,33219,31
12.9959897995,80.216583252,33420,33461,41
13.0136995316,80.2042312622,33995,34046,51
13.0101203918,80.2114868164,34247,34308,61
13.0099401474,80.2113723755,34308,34368,60
13.0096797943,80.2111968994,34368,34439,71
12.9765100479,80.2219085693,35840,35871,31
12.907699585,80.2284393311,37898,37999,101
12.9049396515,80.2282028198,38049,38170,121
12.9023303986,80.2280502319,38281,38392,111
12.8993597031,80.2278823853,38472,38503,31
12.8747901917,80.2101593018,39682,39723,41
13.009759903,80.2113265991,43524,43605,81
12.9846401215,80.2230377197,45179,45260,81
12.9799995422,80.2526016235,45925,45966,41
12.9395198822,80.2356872559,46661,46692,31
12.9070796967,80.2283782959,47154,47194,40
13.002869606,80.2120666504,52951,53042,91
13.0034704208,80.2120666504,53072,53153,81
13.0095796585,80.2111587524,53748,53829,81
12.9570999146,80.243888855,56208,56249,41
12.8744602203,80.2101287842,57812,57852,40
12.8746995926,80.2099761963,57881,58063,182
12.8764600754,80.2265396118,58345,58436,91
12.8997602463,80.2278671265,58708,58829,121
12.9263296127,80.2309570313,59232,59263,31
12.933719635,80.2328109741,59353,59384,31
12.9487600327,80.2406311035,59646,59686,40
12.9627399445,80.2463378906,59928,59959,31
12.9865102768,80.2229766846,61026,61068,42
12.98320961,80.2221603394,64195,64235,40
12.9764299393,80.2218780518,64386,64417,31
12.9011297226,80.2280578613,66434,66615,181
12.8786697388,80.2109603882,67501,67550,49
12.8764400482,80.2268066406,67772,67812,40
12.905090332,80.2281494141,68347,68437,90
12.9487400055,80.2406082153,69234,69285,51
12.9809799194,80.2451477051,70041,70081,40
12.9811000824,80.2442169189,70212,70253,41
12.9812803268,80.2434616089,70303,70394,91
12.9812402725,80.2431106567,70404,70485,81
12.9813098907,80.2412109375,70565,70616,51
12.9821100235,80.2217102051,71421,71503,82
12.9827899933,80.2220001221,71543,71584,41
12.9853000641,80.2232971191,71685,71725,40
12.9857196808,80.2230377197,71735,71816,81
12.9864301682,80.2230224609,71856,71896,40
13.0113096237,80.2125778198,73066,73207,141
13.0019798279,80.2567520142,74802,74852,50
12.9976997375,80.2570419312,75447,75609,162
12.9873504639,80.2586212158,8651,8752,101
12.9807195663,80.2485427856,21322,21463,141
12.9762802124,80.2216186523,24247,24278,31
12.9872598648,80.2585983276,25055,25095,40
12.9869804382,80.2584762573,31048,31088,40
12.9868097305,80.2586135864,31532,31694,162
12.9868402481,80.2585220337,32168,32218,50
12.9867696762,80.2583999634,32218,32299,81
12.9867696762,80.2583999634,33519,33600,81
12.9868497849,80.2585601807,33600,33671,71
12.9869499207,80.2586212158,33671,33842,171
12.9867801666,80.2588195801,34256,34417,161
12.9868202209,80.258682251,37382,37522,140
12.9867095947,80.2584762573,37826,37987,161
12.9868202209,80.2586135864,37987,38119,132
12.9867897034,80.2586669922,38794,38875,81
12.9866399765,80.2587509155,38875,38956,81
12.9867801666,80.2587509155,38956,39056,100
12.9865503311,80.2588729858,39833,39944,111
12.9866304398,80.2587280273,39954,40065,111
12.9868001938,80.2588424683,40065,40247,182
12.9866600037,80.2590484619,59984,60125,141
12.9867200851,80.2593383789,79301,79332,31
12.9981803894,80.2569885254,5811,5943,132
12.9980096817,80.2564086914,17954,18054,100
12.9979000092,80.2564468384,18054,18116,62
12.997209549,80.2558288574,19558,19660,102
12.7866401672,80.2205505371,21871,21912,41
12.7615499496,80.1847076416,23113,23274,161
13.0014600754,80.2565536499,29473,29534,61
12.987830162,80.2557983398,29796,29867,71
12.9455900192,80.2393798828,30644,30675,31
12.9446296692,80.23853302,30745,30776,31
12.9430999756,80.2369003296,30917,30977,60
12.9429702759,80.2367782593,30977,31018,41
12.9418897629,80.2363433838,31088,31119,31
12.9412899017,80.2361907959,31169,31250,81
12.940369606,80.2360229492,31290,31321,31
12.937620163,80.2347335815,31512,31613,101
12.9369802475,80.2344512939,31644,31825,181
12.9358997345,80.2339096069,31876,31926,50
12.933259964,80.2326965332,32017,32068,51
12.9070196152,80.2283325195,32441,32481,40
12.8454303741,80.2266387939,33380,33420,40
12.8402395248,80.2275772095,33491,33541,50
12.8326797485,80.229057312,33652,33693,41
12.7615499496,80.1846694946,35587,35738,151
12.7860603333,80.2202377319,36586,36647,61
12.830909729,80.2294006348,37232,37263,31
12.8915596008,80.2272262573,37989,38070,81
12.9000396729,80.2277908325,38181,38232,51
12.9004096985,80.2277603149,38232,38282,50
12.9060201645,80.2281036377,38454,38534,80
12.9487600327,80.2405319214,39079,39110,31
12.9634199142,80.2465667725,39362,39423,61
12.9796800613,80.2526016235,39624,39665,41
12.9867601395,80.2515716553,39766,39847,81
12.9877996445,80.2552185059,39927,39958,31
12.9975204468,80.2558135986,40158,40230,72
12.997879982,80.2566680908,40250,40301,51
12.9977998734,80.2570571899,40543,40664,121
12.9975795746,80.2571334839,40674,40755,81
12.9974403381,80.2570037842,40755,40947,192
12.9974498749,80.2568588257,40947,41108,161
12.9972000122,80.2569122314,41118,41189,71
12.9990301132,80.2560806274,41562,41593,31
13.0066995621,80.25340271,41855,41976,121
13.0023298264,80.256690979,42168,42227,59
12.9071598053,80.2283401489,43712,43763,51
12.9019603729,80.2280731201,43823,43874,51
12.7869300842,80.2206802368,45246,45287,41
12.7846603394,80.2196121216,45367,45398,31
12.7615299225,80.1846923828,46185,46336,151
12.7860803604,80.2202606201,47133,47164,31
12.9006900787,80.2278137207,48365,48435,70
12.9486904144,80.2405700684,49041,49081,40
12.9796600342,80.2526016235,49485,49536,51
12.9859600067,80.2517318726,49636,49778,142
12.9875202179,80.251373291,49818,49929,111
12.987830162,80.2550888062,49990,50040,50
12.9973096848,80.2567596436,51009,51160,151
12.9973897934,80.2566375732,51171,51271,100
12.9989404678,80.2560806274,51584,51625,41
13.0066099167,80.2570800781,52321,52360,39
12.785320282,80.2198562622,57277,57317,40
12.7856302261,80.2200775146,57327,57388,61
12.8391895294,80.2277832031,58123,58195,72
12.8752803802,80.2268676758,58579,58619,40
12.9005699158,80.2278671265,59144,59214,70
12.984120369,80.2523117065,60355,60426,71
12.9858102798,80.2518386841,60506,60577,71
12.9962997437,80.2558288574,60920,60971,51
13.0061197281,80.2574005127,61203,61243,40
13.0014600754,80.2565917969,63958,64029,71
12.9984703064,80.2560806274,64079,64120,41
12.9878396988,80.2558822632,64342,64503,161
12.9077997208,80.228477478,65654,65694,40
12.9020795822,80.2280578613,65804,65856,52
12.8927202225,80.2274932861,66048,66098,50
12.8324098587,80.2291412354,66875,66916,41
12.8049602509,80.224067688,67289,67320,31
12.7845201492,80.2195892334,67764,67804,40
12.8082304001,80.2264785767,70367,70415,48
12.8304395676,80.2296295166,70618,70709,91
12.8311395645,80.2294006348,70729,70790,61
12.8530502319,80.2266693115,71204,71355,151
12.89220047,80.2273483276,71850,71951,101
12.9138898849,80.2293014526,72324,72365,41
12.96296978,80.2464523315,73102,73142,40
12.9793395996,80.2526168823,73384,73415,31
12.9844799042,80.252243042,73495,73586,91
12.9950399399,80.2559204102,73950,74000,50
12.9979400635,80.2567367554,74162,74303,141
12.9983701706,80.2569122314,79451,79582,131
12.9968395233,80.1913604736,11344,11434,90
12.9967498779,80.1911468506,16997,17108,111
12.9968395233,80.1912612915,18803,18945,142
12.9968395233,80.1913299561,19470,19621,151
12.9967699051,80.1911087036,20308,20439,131
12.9959001541,80.1894989014,23568,23629,61
13.0092897415,80.2109680176,24033,24154,121
12.9758396149,80.2210617065,24970,25153,183
13.0498399734,80.2119598389,26708,26758,50
13.0720996857,80.2021484375,27283,27334,51
13.0880403519,80.1813583374,27918,27962,44
13.0886001587,80.1702575684,28153,28194,41
13.0996599197,80.1697692871,28386,28426,40
13.09953022,80.1697311401,28507,28547,40
13.0995998383,80.1700820923,28557,28709,152
13.0882101059,80.1813964844,29395,29435,40
13.0879297256,80.1873703003,29546,29587,41
13.0878400803,80.1896820068,29637,29668,31
13.0929002762,80.2005310059,29960,29991,31
13.0830001831,80.1986618042,30203,30273,70
13.0680398941,80.2053985596,30576,30617,41
13.0691299438,80.2046890259,30667,30717,50
13.0500202179,80.2121810913,31100,31141,41
13.0305595398,80.2092132568,31565,31616,51
13.0188703537,80.2062835693,31868,31899,31
13.0139198303,80.2044067383,32010,32050,40
13.0097503662,80.2112731934,32282,32383,101
13.0094804764,80.2110214233,32393,32444,51
13.0091896057,80.2112731934,32444,32494,50
13.0301303864,80.2089233398,36129,36169,40
13.0350103378,80.2111587524,36301,36341,40
13.0491399765,80.2120132446,36634,36724,90
13.068810463,80.2048568726,37179,37219,40
13.0694904327,80.2046966553,37249,37320,71
13.072019577,80.2022171021,37370,37411,41
13.0877199173,80.1884613037,37946,37986,40
13.0886096954,80.1701202393,38317,38348,31
13.0996799469,80.1697463989,38539,38590,51
13.089220047,80.1695785522,39246,39307,61
13.0882701874,80.1794815063,39508,39551,43
13.0699796677,80.2049026489,40561,40601,40
13.068189621,80.205329895,40662,40712,50
13.0512504578,80.2121582031,41140,41180,40
13.0357398987,80.212348938,41452,41483,31
13.0346698761,80.2122116089,41513,41553,40
13.0304203033,80.2092514038,41664,41707,43
13.0098400116,80.2113189697,42201,42232,31
13.0095596313,80.2110671997,42232,42272,40
12.9759101868,80.2210083008,43338,43388,50
13.0441598892,80.2123184204,45622,45723,101
13.0486402512,80.2120437622,45783,45814,31
13.0687198639,80.205078125,46229,46260,31
13.0872602463,80.1928634644,46753,46795,42
13.08852005,80.1714324951,47168,47220,52
13.0987300873,80.1695022583,47533,47593,60
13.098400116,80.1693267822,47593,47654,61
13.0982704163,80.1692810059,48068,48199,131
13.0983600616,80.1692962646,48199,48310,111
13.0982503891,80.1693572998,48806,48968,162
13.0985202789,80.169380188,48968,49008,40
13.0990495682,80.1695480347,49018,49069,51
13.0992803574,80.1702423096,49139,49211,72
13.0887002945,80.1695709229,49403,49434,31
13.0878896713,80.1879196167,49828,49878,50
13.0873804092,80.1927719116,49977,50030,53
13.0679397583,80.2051010132,50798,50919,121
13.0445804596,80.2123565674,51476,51537,61
13.0296802521,80.2089614868,51829,51860,31
12.9756002426,80.2202911377,53478,53528,50
12.975689888,80.220741272,53548,53619,71
12.9966402054,80.2164535522,54648,54679,31
13.0034599304,80.2119369507,54850,54891,41
13.0441799164,80.2122802734,55820,55921,101
13.0687398911,80.2050018311,56436,56476,40
13.0877799988,80.1883163452,57142,57173,31
13.0886297226,80.1700668335,57496,57536,40
13.099360466,80.1698608398,57748,57898,150
13.0889396667,80.169593811,59122,59192,70
13.0874996185,80.1926574707,59631,59683,52
13.067990303,80.205406189,60513,60664,151
13.0377101898,80.2123565674,61270,61350,80
13.0344495773,80.2121582031,61401,61451,50
13.0101604462,80.2115783691,62067,62107,40
12.9759597778,80.2210769653,63177,63248,71
13.0037097931,80.2119827271,64873,64904,31
13.0074501038,80.2098617554,65045,65085,40
13.0243597031,80.2066802979,65640,65681,41
13.0349998474,80.2113800049,65923,65963,40
13.0484104156,80.2120285034,66266,66327,61
13.0687398911,80.2050018311,66892,66953,61
13.087220192,80.1930465698,67619,67680,61
13.0876703262,80.1891021729,67760,67791,31
13.0880498886,80.1797180176,67962,68023,61
13.0992898941,80.1700515747,68507,68568,61
13.0950098038,80.1700363159,69254,69285,31
13.0889196396,80.1696090698,69406,69456,50
13.0882196426,80.1791610718,69708,69749,41
13.0699701309,80.2049179077,70890,70970,80
13.068570137,80.204826355,71102,71192,90
13.0490598679,80.2122421265,71748,71788,40
13.0096702576,80.2113189697,73161,73211,50
13.0094203949,80.2110671997,73211,73242,31
12.9756498337,80.2204284668,74342,74443,101
12.9757204056,80.2210083008,74493,74564,71
13.0073299408,80.209777832,76835,76866,31
13.044260025,80.2122573853,77713,77794,81
13.0687103271,80.2049484253,78390,78440,50
13.0742797852,80.1996536255,78622,78662,40
13.0997600555,80.1700363159,79561,79642,81
13.0880203247,80.1851425171,80924,80965,41
13.083530426,80.198638916,81470,81510,40
13.0341300964,80.2300415039,298,338,40
13.034040451,80.2299118042,398,459,61
13.0341901779,80.2299423218,993,1093,100
13.0341997147,80.2303314209,1093,1144,51
13.0341997147,80.2299499512,1144,1265,121
13.0341596603,80.2302093506,1295,1396,101
13.0341997147,80.2301101685,1396,1436,40
13.034119606,80.23021698,1607,1668,61
13.0331296921,80.2321166992,1738,1889,151
13.0333299637,80.2303619385,2291,2353,62
13.0333204269,80.2301864624,2454,2524,70
13.0334596634,80.2306289673,2736,2776,40
13.0331697464,80.2297821045,2806,2837,31
13.0332202911,80.2297134399,2897,2937,40
13.0332098007,80.2302703857,3008,3099,91
13.0331497192,80.229598999,3633,3693,60
13.0331497192,80.2303237915,3804,3844,40
13.0331602097,80.2294387817,4056,4116,60
13.0759000778,80.2749176025,19788,19858,70
13.0757102966,80.2748565674,19868,19909,41
13.0877599716,80.2839126587,20807,20968,161
12.9765396118,80.2212295532,23321,23362,41
13.0888500214,80.2902679443,26770,26821,51
13.0866699219,80.2838516235,26982,27073,91
13.0878295898,80.2839202881,27113,27285,172
13.0066995621,80.2518310547,29033,29124,91
13.0066900253,80.2474975586,29194,29295,101
12.9933204651,80.2181015015,31687,31737,50
12.9936199188,80.217918396,31747,31808,61
12.9940795898,80.2176208496,31818,31868,50
12.997590065,80.2164764404,32039,32081,42
13.0113096237,80.2231369019,32333,32414,81
13.0069599152,80.2400894165,32818,32918,100
13.0067501068,80.2465591431,33041,33101,60
13.0215797424,80.2705535889,33756,33801,45
13.0574502945,80.2819976807,34511,34542,31
13.0884895325,80.2849884033,35715,35786,71
13.0066204071,80.2519836426,37486,37536,50
13.0066404343,80.2478866577,37597,37637,40
13.0113697052,80.2231063843,39881,39932,51
13.0066795349,80.2434768677,40416,40466,50
13.006819725,80.251159668,40639,40679,40
13.0238895416,80.2736434937,41275,41315,40
13.0638103485,80.2833404541,42033,42074,41
13.082690239,80.2890319824,42285,42329,44
13.0885896683,80.2901306152,42359,42392,33
13.0886697769,80.2901382446,42392,42454,62
13.0853595734,80.2839202881,42564,42627,63
13.0879001617,80.2839889526,42977,43012,35
13.08796978,80.2839889526,43012,43071,59
13.0881004333,80.2816696167,43135,43175,40
13.0887804031,80.289642334,43508,43559,51
13.0887899399,80.2900695801,43569,43639,70
13.0569601059,80.2819976807,44062,44094,32
13.0333595276,80.2774429321,44417,44448,31
13.0066099167,80.2531433105,45214,45264,50
13.0066204071,80.2520904541,45294,45347,53
12.9764604568,80.2212295532,46569,46600,31
13.0112895966,80.2230911255,47912,47952,40
13.0066604614,80.2572479248,48663,48723,60
13.0865497589,80.283782959,50604,50664,60
13.0869398117,80.2839813232,53976,54007,31
13.0870599747,80.2839431763,54007,54068,61
13.0875701904,80.2839126587,54068,54100,32
13.0879802704,80.2839431763,54100,54157,57
13.0880899429,80.2836074829,54157,54221,64
13.0883903503,80.2848892212,54453,54544,91
13.0887804031,80.2900619507,54725,54796,71
13.0434503555,80.279838562,55455,55495,40
13.0066299438,80.2520828247,56444,56505,61
13.0065898895,80.2475128174,56565,56646,81
13.0108203888,80.2245635986,57018,57051,33
12.9765701294,80.2212677002,57808,57879,71
12.9766998291,80.2224197388,58758,58789,31
12.9775104523,80.2220535278,58817,58848,31
12.977519989,80.2212677002,58848,58880,32
13.0153598785,80.2257537842,59788,59828,40
13.0069599152,80.2400817871,60081,60162,81
13.0066900253,80.2570419312,60405,60436,31
13.0236997604,80.2734603882,60891,60931,40
13.0253095627,80.2748794556,60982,61023,41
13.026140213,80.2753067017,61083,61114,31
13.0263996124,80.2753829956,61124,61255,131
13.0270004272,80.2756500244,61265,61315,50
13.0271701813,80.2758102417,61325,61386,61
13.0272903442,80.2758712769,61396,61436,40
13.0277700424,80.2760391235,61447,61628,181
13.0284204483,80.2762985229,61639,61698,59
13.0288200378,80.2764816284,61708,61740,32
13.0309095383,80.2772521973,61829,61922,93
13.0431003571,80.2796020508,62214,62255,41
13.0872402191,80.2897186279,62934,62994,60
13.0867004395,80.2839431763,63297,63337,40
13.0805301666,80.2883377075,64246,64297,51
13.0613002777,80.2828826904,64553,64622,69
13.0587100983,80.282371521,64622,64653,31
13.0188903809,80.2624816895,65495,65545,50
13.0187997818,80.2618637085,65565,65606,41
13.006529808,80.2552719116,65848,65888,40
13.0065202713,80.2545776367,65918,66019,101
13.0065097809,80.2531890869,66070,66171,101
13.0065002441,80.2527694702,66181,66332,151
13.0066204071,80.2519683838,66352,66444,92
13.0067796707,80.2496566772,66555,66666,111
13.0066204071,80.2481384277,66706,66787,81
13.0066099167,80.2462081909,66898,66938,40
13.0066404343,80.2458572388,66938,66979,41
12.998550415,80.2168502808,67727,67778,51
12.9976396561,80.2166366577,67869,67909,40
12.9764404297,80.221321106,68496,68537,41
12.9765996933,80.2222366333,68577,68683,106
12.9768104553,80.2226791382,69677,69711,34
12.9774999619,80.221282959,69770,69801,31
13.0112304688,80.2231903076,70591,70732,141
13.007229805,80.2383728027,71125,71166,41
13.0066299438,80.2571029663,71753,71793,40
13.0886497498,80.2901382446,73392,73533,141
13.085149765,80.2841796875,73684,73725,41
13.0882797241,80.283416748,74168,74199,31
13.0066099167,80.2518386841,75961,76051,90
13.0065603256,80.2475814819,76112,76171,59
12.9870100021,80.2230911255,77041,77102,61
13.0716600418,80.2851715088,81311,81375,64
13.0854597092,80.2834014893,81618,81669,51
13.0760698318,80.2746963501,82883,83009,126
13.0759401321,80.2746200562,83009,83062,53
13.0144100189,80.2250213623,4325,4385,60
13.0140895844,80.2248382568,4687,4810,123
13.0145101547,80.2250900269,9319,9480,161
13.0144195557,80.2250976563,10058,10239,181
13.0145397186,80.2250595093,18224,18345,121
13.0145902634,80.2249679565,20933,20983,50
13.0143404007,80.2258071899,24149,24280,131
13.0243997574,80.2284622192,24966,25000,34
13.0229301453,80.2273635864,25070,25120,50
13.0226297379,80.2271499634,25120,25281,161
12.86977005,80.1748886108,27729,27792,63
12.8566102982,80.172203064,27976,28007,31
12.8272800446,80.1649017334,30362,30423,61
12.8510704041,80.1709365845,30797,30838,41
12.8564195633,80.1720809937,30898,30929,31
12.9661397934,80.2169570923,33370,33421,51
12.9666795731,80.2171783447,33441,33491,50
12.9672403336,80.2174072266,33511,33582,71
12.9750995636,80.2205734253,33723,33784,61
12.9940299988,80.2176818848,34231,34262,31
13.0110797882,80.2229537964,34615,34665,50
13.0153598785,80.2248916626,34767,34807,40
13.0216598511,80.2258911133,35021,35061,40
13.022190094,80.226272583,35102,35182,80
13.025639534,80.2301712036,35425,35495,70
13.0294399261,80.2307815552,35615,35647,32
13.0340595245,80.2304229736,35747,35797,50
13.0346498489,80.2301101685,36395,36486,91
13.0343599319,80.2298812866,37103,37153,50
13.0342102051,80.2301101685,37163,37203,40
13.0297203064,80.2308197021,37335,37375,40
13.0228395462,80.2272491455,37627,37658,31
12.9762401581,80.2212677002,38840,38880,40
12.9166498184,80.1923522949,39941,39984,43
12.8565597534,80.1721878052,40882,40914,32
12.8275995255,80.1651382446,41247,41358,111
12.8278303146,80.1651382446,42967,43006,39
12.8278303146,80.1651382446,43006,43039,33
12.8817100525,80.1709289551,43684,43753,69
12.9171304703,80.1930770874,44462,44503,41
13.0339298248,80.2304382324,46940,46980,40
13.0343399048,80.2299575806,48122,48162,40
13.0228900909,80.2272872925,48964,49002,38
13.0142402649,80.22631073,49115,49146,31
12.976099968,80.2213516235,49964,49995,31
12.9755897522,80.2210464478,50015,50065,50
12.9295301437,80.2028121948,50796,50827,31
12.916680336,80.1923294067,51192,51263,71
12.8663597107,80.1758117676,52041,52109,68
12.8562898636,80.172088623,54868,54908,40
12.9912700653,80.2197265625,57173,57213,40
13.0113096237,80.2230682373,57558,57629,71
13.0342102051,80.2300415039,59217,59268,51
12.9788799286,80.2211990356,60637,60686,49
12.9757699966,80.2211990356,60695,60726,31
12.8563899994,80.1721496582,62731,62771,40
12.8100204468,80.1596069336,63580,63741,161
12.9552698135,80.212677002,66522,66566,44
12.9626998901,80.2155990601,66677,66718,41
12.9760198593,80.2212600708,67070,67103,33
13.0111503601,80.2230682373,68021,68145,124
13.0284004211,80.2309112549,68670,68720,50
13.033659935,80.2305221558,68914,69055,141
13.0309295654,80.2307891846,71331,71370,39
13.027759552,80.2328491211,71493,71553,60
13.0247497559,80.2293701172,71686,71717,31
13.0230503082,80.2275238037,71777,71808,31
12.9896402359,80.2212371826,72647,72727,80
12.9891195297,80.2218933105,72788,72836,48
12.9889497757,80.2220916748,72848,72899,51
12.9878396988,80.2231063843,72978,73044,66
12.987449646,80.2231521606,73044,73076,32
12.9872303009,80.2231216431,73076,73137,61
12.9757404327,80.2211914063,73513,73604,91
12.9630203247,80.2158966064,73796,73841,45
12.9165802002,80.1924133301,74810,74842,32
12.8972997665,80.1820678711,75205,75245,40
12.8933401108,80.1800765991,75306,75345,39
12.8110704422,80.1595687866,76703,76774,71
12.810210228,80.1596832275,76855,76915,60
12.8819904327,80.1709823608,77904,77969,65
12.9173297882,80.1905212402,78567,78628,61
12.9749498367,80.2204971313,79487,79518,31
13.0150403976,80.2259063721,80257,80297,40
13.0142002106,80.2257003784,80337,80469,132
12.9967699051,80.1910018921,1913,2034,121
12.9967098236,80.1910324097,2034,2226,192
12.9967298508,80.1911468506,19075,19267,192
12.9960298538,80.1903305054,20781,20902,121
13.0037202835,80.2008132935,21145,21205,60
13.0688295364,80.2052307129,22205,22275,70
13.0688495636,80.2048187256,22275,22356,81
13.069439888,80.204750061,22386,22427,41
13.0995798111,80.1701126099,23295,23355,60
13.0834598541,80.198638916,24728,24759,31
13.068860054,80.2047576904,25112,25183,71
13.0692396164,80.204750061,25193,25233,40
13.0445604324,80.2124328613,25677,25738,61
13.0375699997,80.2123794556,25819,25879,60
13.0095596313,80.2110900879,26544,26586,42
12.9761295319,80.2211227417,28110,28262,152
13.0301399231,80.2089767456,29967,29998,31
13.0441799164,80.2122497559,30311,30412,101
13.0687904358,80.2051010132,31017,31068,51
13.0689201355,80.2047424316,31088,31128,40
13.0881204605,80.1796112061,31995,32096,101
13.0947504044,80.169883728,32389,32430,41
13.099439621,80.1701126099,32490,32541,51
13.0878095627,80.1896591187,33409,33449,40
13.0831098557,80.1986312866,34045,34085,40
13.0681200027,80.2054367065,34347,34438,91
13.0680398941,80.2050628662,34438,34519,81
13.0380001068,80.2124404907,35215,35306,91
13.0102701187,80.2115707397,36114,36154,40
13.0099601746,80.2113189697,36164,36215,51
13.00963974,80.211151123,36215,36296,81
13.0093603134,80.2109069824,36296,36336,40
12.9757499695,80.2203063965,37386,37436,50
12.9757299423,80.2207794189,37456,37648,192
12.9761695862,80.2212219238,38254,38314,60
12.9829902649,80.2219619751,38445,38476,31
13.0439596176,80.2122421265,39949,40020,71
13.0687599182,80.2052078247,40515,40575,60
13.0720100403,80.2022476196,40706,40757,51
13.08796978,80.1843795776,41322,41362,40
13.0880203247,80.1831283569,41362,41393,31
13.0880899429,80.1797027588,41413,41475,62
13.0885696411,80.1704406738,41656,41687,31
13.0996999741,80.1698989868,41888,41919,31
13.099360466,80.1699905396,41939,42009,70
13.0879096985,80.1878128052,43078,43179,101
13.0879096985,80.1878128052,43179,43210,31
13.0680198669,80.2054367065,44078,44158,80
13.0680103302,80.2051010132,44168,44199,31
13.0453395844,80.2124023438,44774,44814,40
13.038020134,80.2124786377,44906,44996,90
13.0191001892,80.2063369751,45440,45481,41
12.9755897522,80.2207794189,47084,47126,42
12.9910497665,80.2199020386,48145,48186,41
13.0437602997,80.2122421265,49276,49326,50
13.0687503815,80.205116272,49821,49861,40
13.0886297226,80.1700820923,50860,50921,61
13.0902004242,80.1695709229,50951,50992,41
13.0996799469,80.1698303223,51133,51173,40
13.0994901657,80.169670105,51183,51224,41
13.098449707,80.1693115234,51274,51426,152
13.0993795395,80.1697463989,53747,53918,171
13.0993795395,80.1700592041,53928,54038,110
13.0890598297,80.1695480347,54191,54261,70
13.0830898285,80.198638916,55230,55281,51
13.0679197311,80.2052536011,55604,55695,91
13.0697803497,80.2049026489,55765,55796,31
13.0498695374,80.2121810913,56109,56159,50
13.0445804596,80.2124481201,56270,56341,71
12.9757995605,80.2203369141,58148,58248,100
12.9759302139,80.2211914063,58279,58370,91
13.0029201508,80.2120819092,59216,59258,42
13.0435304642,80.2122192383,60237,60277,40
13.0488300323,80.2119522095,60398,60429,31
13.0688295364,80.2051391602,60893,60964,71
13.0720596313,80.2021636963,61055,61145,90
13.0996904373,80.1698532104,62165,62215,50
13.0994796753,80.1701583862,62478,62569,91
13.0995101929,80.1702575684,62569,62730,161
13.0995397568,80.1702194214,62740,62821,81
13.099439621,80.1700820923,62821,62921,100
13.0890398026,80.1696014404,63094,63184,90
13.0699596405,80.2049789429,64517,64577,60
13.0679702759,80.2053375244,64628,64688,60
13.0679998398,80.2049789429,64688,64719,31
13.0501403809,80.2121734619,65284,65355,71
13.0349597931,80.2122879028,65637,65668,31
13.0098104477,80.2113494873,66515,66606,91
13.0094995499,80.2111282349,66606,66717,111
12.9973297119,80.2165908813,67464,67535,71
12.9756498337,80.2203826904,68090,68171,81
12.975399971,80.2203292847,68171,68252,81
12.9914102554,80.2196731567,69473,69514,41
13.0158500671,80.2049026489,70281,70321,40
13.0418195724,80.2122802734,70957,71068,111
13.0872402191,80.1928482056,72734,72804,70
13.0993700027,80.1697463989,73501,73612,111
13.0881700516,80.1794891357,75328,75368,40
13.067899704,80.2052612305,76327,76458,131
13.0679702759,80.2049179077,76458,76489,31
13.0374097824,80.2124099731,77175,77236,61
13.0094203949,80.2110595703,77964,78034,70
12.9965896606,80.216583252,78680,78721,41
12.9755601883,80.2204971313,79155,79225,70
12.9760904312,80.2212982178,80265,80316,51
12.9968795776,80.1917037964,598,729,131
12.9971103668,80.1917114258,1486,1617,131
12.9969501495,80.1915283203,3302,3353,51
12.9971199036,80.1918411255,4766,4887,121
12.9971704483,80.1917266846,6421,6572,151
12.9971199036,80.1917495728,8863,8994,131
12.9970502853,80.1917037964,16987,17088,101
12.9971399307,80.1918182373,17088,17149,61
12.9970903397,80.1918716431,17149,17239,90
12.997130394,80.1916885376,19106,19268,162
12.9969997406,80.1917572021,19692,19873,181
12.9969997406,80.1916275024,22941,23073,132
13.0440502167,80.2122192383,25676,25767,91
13.0872898102,80.1931381226,26645,26686,41
13.0881996155,80.1769485474,26846,26917,71
13.099360466,80.1700363159,28380,28461,81
13.0882797241,80.1794204712,28774,28824,50
13.0832099915,80.198677063,29561,29611,50
13.0679798126,80.2052764893,29924,29955,31
13.0449304581,80.2124633789,30500,30540,40
13.0375995636,80.212387085,30641,30681,40
13.0339202881,80.212097168,30792,30833,41
13.0304298401,80.2092437744,30923,30954,31
13.0098600388,80.2113265991,31499,31600,101
13.0095596313,80.2110977173,31610,31660,50
12.9936704636,80.217956543,33598,33638,40
12.9957399368,80.2166366577,33729,33779,50
13.0074701309,80.2098083496,34112,34163,51
13.0367898941,80.2122573853,34920,34970,50
13.0437402725,80.2122192383,35051,35101,50
13.0687303543,80.2050018311,35646,35677,31
13.0878000259,80.1881484985,36323,36373,50
13.0881795883,80.1788635254,36464,36525,61
13.0881795883,80.1788635254,36525,36556,31
13.0886697769,80.1706085205,36667,36717,50
13.0996999741,80.1698303223,36909,36949,40
13.0994300842,80.1696777344,36959,37010,51
13.0830402374,80.1985931396,38744,38806,62
13.0700502396,80.2047576904,39058,39129,71
13.0679702759,80.2051010132,39189,39230,41
13.0688199997,80.2047424316,39300,39331,31
13.0697803497,80.2049026489,39371,39412,41
13.0503702164,80.2121887207,39743,39795,52
13.0500497818,80.2121582031,39805,39855,50
13.045009613,80.2124328613,39946,39987,41
13.0098400116,80.2113418579,40733,40774,41
13.0095701218,80.2110824585,40774,40834,60
13.043800354,80.2123184204,44051,44082,31
13.0886096954,80.1713867188,45503,45545,42
13.0993900299,80.169960022,47109,47220,111
13.0889797211,80.1695785522,47361,47432,71
13.0878896713,80.1878433228,47713,47782,69
13.0830202103,80.198600769,48307,48357,50
13.0505104065,80.2122497559,48942,48973,31
13.0447101593,80.2124023438,49084,49144,60
13.0094604492,80.2109222412,49840,49881,41
13.0098800659,80.2267608643,50244,50284,40
12.9758396149,80.221031189,50940,51132,192
13.0028495789,80.2120437622,51808,51849,41
12.996720314,80.193359375,52556,52596,40
12.9967298508,80.1909332275,53373,53434,61
12.9966402054,80.1912384033,53504,53555,51
13.0035400391,80.2007904053,53837,53868,31
13.0494499207,80.2119369507,54695,54726,31
13.0687303543,80.2051696777,55129,55190,61
13.0688800812,80.2048110962,55190,55230,40
13.0886497498,80.1703796387,56209,56290,81
13.0994796753,80.169921875,56522,56572,50
13.0679702759,80.2053375244,58712,58744,32
13.0697498322,80.2048873901,58835,58875,40
13.019109726,80.2063369751,59864,59904,40
13.0146198273,80.2047424316,60025,60066,41
13.0141601563,80.204536438,60086,60126,40
13.0097398758,80.2112503052,60399,60439,40
13.0154695511,80.2252807617,60700,60732,32
12.9755897522,80.2205276489,61640,61751,111
12.986579895,80.2229919434,62599,62649,50
12.9868402481,80.2230300903,62649,62689,40
13.0070695877,80.2097625732,63204,63244,40
13.0439100266,80.2122802734,64102,64173,71
13.0720596313,80.2023391724,64829,64869,40
13.087770462,80.1883087158,65424,65475,51
13.0881299973,80.1797180176,65586,65646,60
13.0946798325,80.169883728,65929,65969,40
13.0993003845,80.1701431274,66060,66100,40
13.0888500214,80.1696166992,67392,67443,51
13.087389946,80.1926422119,67937,68008,71
13.0831298828,80.1987075806,68613,68684,71
13.0680103302,80.2054595947,69047,69138,91
13.0546998978,80.2116394043,69510,69542,32
13.0512695313,80.2122268677,69612,69673,61
13.0450801849,80.2124862671,69844,69996,152
13.0095996857,80.2112579346,71025,71066,41
12.9760599136,80.2202682495,72236,72347,111
12.9757003784,80.2203979492,72357,72479,122
12.9852800369,80.2233200073,73266,73306,40
13.0348501205,80.2119293213,74638,74669,31
13.0484104156,80.2120132446,74991,75022,31
13.0494003296,80.2119827271,75072,75173,101
13.0687103271,80.2049636841,75627,75698,71
13.0880804062,80.179901123,76505,76536,31
13.0996904373,80.1700592041,76949,76980,31
13.0889196396,80.169593811,77868,77928,60
13.0679597855,80.2053604126,79089,79149,60
13.0680999756,80.2050628662,79159,79190,31
13.0378198624,80.2124176025,79856,79896,40
12.9755001068,80.220703125,81683,81753,70
12.9757204056,80.2209625244,81763,81854,91
12.9967403412,80.1910324097,84135,84195,60
12.9973697662,80.2569580078,8278,8459,181
12.9973096848,80.2569122314,27537,27578,41
12.9973802567,80.2569122314,27578,27658,80
12.9972896576,80.2568435669,27961,28012,51
12.9973602295,80.256980896,35699,35860,161
12.9972200394,80.2569580078,38675,38715,40
12.997179985,80.2569122314,38947,39088,141
12.9974803925,80.2569274902,39098,39139,41
12.9972295761,80.2568893433,39139,39239,100
12.9971904755,80.2568893433,39744,39845,101
12.9972400665,80.2569885254,40864,40944,80
12.9973297119,80.2571182251,59526,59647,121
12.9969596863,80.1916503906,23796,23917,121
12.9958896637,80.1893997192,24229,24260,31
13.0440301895,80.2122268677,25016,25107,91
13.0497398376,80.2118911743,25228,25278,50
13.0997200012,80.1696929932,26678,26739,61
13.0699300766,80.2050323486,28393,28433,40
13.0497102737,80.2121887207,29028,29069,41
13.0098199844,80.2113189697,30037,30077,40
12.9759998322,80.2210388184,31519,31610,91
12.9759702682,80.2212219238,31620,31721,101
12.9760599136,80.2212677002,31721,31802,81
12.9762201309,80.2212295532,32366,32397,31
12.993060112,80.2183532715,32840,32871,31
12.9933395386,80.2181015015,32871,32931,60
12.993689537,80.2178878784,32941,33002,61
12.9959497452,80.2165679932,33113,33153,40
12.9965496063,80.1922302246,34119,34222,103
12.9965600967,80.1920471191,34232,34282,50
12.9968204498,80.1916885376,39445,39495,50
12.9966697693,80.1913528442,42480,42651,171
13.0367698669,80.2122802734,43508,43539,31
13.049779892,80.2119674683,43761,43811,50
13.0687303543,80.2049331665,44245,44285,40
13.0721502304,80.2021408081,44376,44426,50
13.0872602463,80.1928710938,44809,44850,41
13.088060379,80.1821670532,45071,45102,31
13.0995597839,80.1700515747,45485,45535,50
13.0993204117,80.1700134277,46634,46776,142
13.0882196426,80.179359436,47139,47179,40
13.0679197311,80.2052307129,48210,48271,61
13.049949646,80.212097168,48684,48725,41
13.0350399017,80.2123336792,48987,49027,40
13.0098600388,80.2113876343,49713,49784,71
13.0093898773,80.2109985352,49814,49874,60
13.0099802017,80.2265014648,50237,50278,41
12.9760904312,80.2212219238,51760,51810,50
12.9969501495,80.2164764404,52294,52325,31
13.0440998077,80.2122573853,53424,53515,91
13.0686998367,80.2050476074,54049,54089,40
13.0881204605,80.1797790527,54947,55017,70
13.0874099731,80.1926116943,57004,57044,40
13.0679998398,80.2053985596,57841,57891,50
13.0302801132,80.2092285156,58758,58789,31
13.0151596069,80.2050018311,59101,59132,31
13.0146303177,80.2048187256,59142,59202,60
13.014380455,80.2047576904,59212,59283,71
13.0097198486,80.2112731934,59585,59616,31
13.0100803375,80.2278900146,60027,60098,71
13.0096197128,80.2279815674,60118,60239,121
12.9758501053,80.2209320068,61046,61096,50
13.0440702438,80.2121734619,63322,63422,100
13.0485801697,80.2119903564,63483,63523,40
13.0496702194,80.2119064331,63543,63584,41
13.0696697235,80.2051010132,63927,63967,40
13.0687303543,80.2049636841,64007,64058,51
13.0822401047,80.1985168457,64360,64401,41
13.0996799469,80.169921875,65349,65389,40
13.0929098129,80.2005386353,67164,67235,71
13.0698900223,80.2050628662,68072,68132,60
13.0679998398,80.2054519653,68183,68233,50
13.069609642,80.2048416138,68293,68344,51
13.0521602631,80.2122192383,68757,68788,31
13.0496301651,80.212272644,68878,68909,31
13.0381803513,80.2124862671,69080,69151,71
13.035320282,80.2124176025,69231,69282,51
13.0095796585,80.2112808228,70149,70220,71
12.9758501053,80.2203598022,71571,71721,150
12.9759397507,80.2211074829,71783,71854,71
12.9862203598,80.2229690552,72771,72911,140
13.007109642,80.2098312378,73528,73578,50
13.0437698364,80.2123184204,74375,74476,101
13.0473003387,80.2121505737,74556,74587,31
13.0487298965,80.2119674683,74677,74738,61
13.0686502457,80.2049789429,75211,75281,70
13.0695295334,80.2048187256,75332,75372,40
13.0886001587,80.1697006226,76411,76472,61
13.0995502472,80.1700592041,76714,76814,100
13.0698900223,80.2050933838,79546,79588,42
13.0679798126,80.2053985596,79648,79729,81
13.009469986,80.2111129761,81119,81179,60
12.9756002426,80.2205276489,82279,82319,40
12.9758901596,80.220993042,82359,82521,162
13.0074996948,80.2098464966,83176,83216,40
13.0441198349,80.2122802734,83892,83933,41
13.0687198639,80.2049179077,84437,84477,40
12.9968204498,80.2565689087,40848,40879,31
12.9968700409,80.2561035156,40889,40984,95
12.9990797043,80.2561264038,41086,41126,40
13.0065803528,80.2520523071,41408,41469,61
13.0067396164,80.2403869629,41713,41774,61
13.0284900665,80.2308807373,42542,42573,31
13.0293903351,80.2308502197,42593,42642,49
13.0304002762,80.2277679443,42736,42767,31
13.0301103592,80.2094726563,43367,43398,31
13.0354099274,80.2084197998,46128,46160,32
13.0293502808,80.2273025513,47070,47120,50
13.0297298431,80.2273635864,47120,47191,71
13.030090332,80.227432251,47191,47251,60
13.0272197723,80.2328720093,47483,47523,40
13.0069503784,80.2399291992,48050,48111,61
13.0012903214,80.2565765381,48578,48648,70
12.9968099594,80.2564926147,50751,50801,50
12.9984197617,80.2559585571,50852,50892,40
12.9991998672,80.2561264038,50912,50953,41
13.000869751,80.256439209,50993,51034,41
13.0066099167,80.2478485107,51348,51416,68
13.0498199463,80.2117767334,54839,54881,42
13.0443201065,80.212348938,55024,55064,40
13.0267095566,80.2329788208,56674,56745,71
13.0066795349,80.257232666,57513,57574,61
13.0020999908,80.2566833496,57655,57695,40
13.0293998718,80.2308502197,61103,61155,52
13.0489997864,80.2069091797,63219,63260,41
13.0441102982,80.2101516724,64099,64200,101
13.0356998444,80.2064437866,65031,65072,41
13.0424404144,80.205657959,75269,75303,34
13.0239896774,80.2283706665,77020,77060,40
13.0082197189,80.233039856,77324,77365,41
13.0068998337,80.2399368286,77435,77506,71
13.0066299438,80.2571563721,77769,77809,40
13.0002803802,80.2651062012,78346,78467,121
12.9979400635,80.2565307617,78679,78870,191
12.9482898712,80.1433486938,1426,1548,122
12.9483203888,80.1433105469,1548,1588,40
12.9484901428,80.1433105469,1962,2103,141
12.9484300613,80.1432571411,2103,2264,161
12.9485197067,80.143157959,4698,4879,181
12.9483995438,80.1432189941,6050,6101,51
12.9484300613,80.1432571411,7171,7323,152
12.9484195709,80.1434020996,7787,7846,59
12.9483604431,80.143447876,7846,7938,92
12.9484901428,80.1432800293,8160,8191,31
12.9484996796,80.1431732178,13158,13218,60
12.9482698441,80.1433792114,16560,16661,101
12.948559761,80.1433029175,20316,20387,71
12.9483804703,80.1432189941,21841,21881,40
12.9484901428,80.1433181763,26616,26766,150
12.9482803345,80.1433029175,30059,30140,81
12.9484500885,80.1433563232,30140,30301,161
12.9483604431,80.1432800293,30352,30402,50
12.9484300613,80.1433029175,30402,30554,152
12.9483299255,80.1433792114,31725,31846,121
12.9484300613,80.1433181763,37176,37358,182
12.9484500885,80.143447876,37358,37399,41
12.9484796524,80.1432723999,37399,37580,181
12.9484395981,80.143119812,37580,37742,162
12.9483804703,80.143371582,38014,38186,172
12.9483499527,80.1434707642,38186,38226,40
12.9483299255,80.1432189941,38883,38963,80
12.9485702515,80.143447876,39226,39357,131
12.948340416,80.1433029175,47090,47161,71
12.9483203888,80.1432571411,48918,49039,121
12.9483804703,80.1433410645,49039,49170,131
12.948340416,80.1433181763,50169,50321,152
12.948390007,80.1432876587,51048,51189,141
12.948340416,80.1433486938,51926,52118,192
12.9483098984,80.1433105469,62567,62657,90
12.9484195709,80.1434631348,62657,62708,51
12.9484195709,80.1434631348,63063,63144,81
12.9486503601,80.143699646,64153,64254,101
12.9485998154,80.1436386108,69403,69585,182
12.9484300613,80.1441802979,70513,70685,172
12.9481897354,80.1430511475,70735,70806,71
12.9481897354,80.1430587769,71559,71625,66
13.1205701828,80.2591705322,22229,22270,41
13.1226997375,80.2592773438,22340,22371,31
13.1246700287,80.2591400146,22451,22532,81
13.1153497696,80.2657012939,22976,23026,50
13.1038398743,80.2729492188,23317,23387,70
13.0819396973,80.277633667,23972,24003,31
13.0814695358,80.275138855,25526,25596,70
13.0820102692,80.2755279541,25616,25647,31
13.1342096329,80.2536697388,27755,27815,60
13.1039304733,80.2733535767,28824,28884,60
13.082400322,80.2785797119,29520,29580,60
13.0818796158,80.2776412964,29611,29661,50
13.0816497803,80.2759399414,29691,29722,31
13.0816001892,80.2757263184,29732,29782,50
13.0648298264,80.2835617065,30276,30307,31
13.0663204193,80.2842102051,31315,31376,61
13.0663700104,80.2842712402,31376,31416,40
13.0575799942,80.2820205688,31557,31618,61
13.0820398331,80.2756195068,32384,32424,40
13.0921602249,80.2752227783,32687,32727,40
13.1043395996,80.2716827393,33060,33100,40
13.1246795654,80.2591171265,33725,33806,81
13.1240596771,80.2592010498,33826,33907,81
13.1229696274,80.2609710693,34008,34109,101
13.1229496002,80.2621078491,34139,34250,111
13.1156396866,80.2657012939,34522,34573,51
13.1152496338,80.2656936646,34573,34623,50
13.1048202515,80.2712173462,34986,35026,40
13.1038999557,80.2731018066,35087,35127,40
13.0837802887,80.2760467529,35732,35763,31
13.0825395584,80.2786178589,35964,36095,131
13.0817499161,80.2761535645,36196,36277,81
13.0816001892,80.2756729126,36317,36469,152
13.0706796646,80.2741165161,36731,36771,40
13.0676002502,80.2728118896,36804,36845,41
13.1927404404,80.1843719482,49362,49524,162
13.2142601013,80.1703109741,49947,50008,61
13.214630127,80.1701507568,50008,50139,131
13.2162904739,80.1694412231,50260,50300,40
13.2170000076,80.1690063477,50361,50401,40
13.2173099518,80.168838501,50441,50482,41
13.2458400726,80.1369094849,51869,51940,71
13.2422800064,80.1368331909,52000,52031,31
13.2375001907,80.1363067627,52120,52164,44
13.236289978,80.1363830566,54331,54380,49
13.2372198105,80.1363220215,54380,54411,31
13.2428503036,80.1366271973,54530,54572,42
13.2496004105,80.1479873657,54822,54891,69
13.2305202484,80.164352417,55313,55384,71
13.2177400589,80.1692123413,55634,55674,40
13.1714801788,80.1988220215,56501,56542,41
13.1237802505,80.2480926514,57832,57883,51
13.1042499542,80.2761306763,59294,59325,31
13.1044101715,80.2714080811,59829,59880,51
13.1285896301,80.2417984009,60909,61030,121
13.1421604156,80.2233428955,61371,61413,42
13.1432199478,80.2218170166,61504,61554,50
13.1452102661,80.2190475464,61695,61836,141
13.1929101944,80.1843719482,62774,62825,51
13.2169103622,80.1691436768,63349,63430,81
13.2171897888,80.1688766479,63430,63521,91
13.2504901886,80.1411590576,65052,65119,67
13.2461700439,80.1371536255,65149,65203,54
13.243639946,80.1364822388,65232,65263,31
13.243639946,80.1364822388,65263,65294,31
13.2286596298,80.1277999878,65615,65685,70
13.2323799133,80.1224899292,65836,65917,81
13.2421197891,80.120300293,67160,67191,31
13.2291202545,80.1283798218,67635,67735,100
13.2396402359,80.1363525391,68026,68096,70
13.2477397919,80.1380615234,68216,68286,70
13.2495298386,80.1398773193,68316,68347,31
13.2508802414,80.1419525146,68347,68379,32
13.249710083,80.1459579468,68409,68440,31
13.2493696213,80.1526565552,68559,68591,32
13.24958992,80.1555328369,68621,68742,121
13.2152099609,80.1700897217,69376,69446,70
13.1389198303,80.2278594971,71171,71221,50
13.1475496292,80.2308807373,71362,71453,91
13.1300401688,80.2413711548,71907,72028,121
13.1297502518,80.2416229248,72028,72068,40
13.1237897873,80.2484130859,72371,72411,40
13.103890419,80.2734298706,73481,73521,40
13.1045503616,80.2762069702,73590,73622,32
13.1050100327,80.2843399048,73723,73763,40
13.1041402817,80.2872619629,76173,76204,31
13.1880598068,80.188873291,78917,79088,171
13.1929101944,80.1842880249,79230,79270,40
13.2172803879,80.1688308716,79663,79704,41
13.2501497269,80.1407470703,81003,81052,49
13.2479496002,80.1381378174,81052,81111,59
13.2438802719,80.1365585327,81111,81188,77
13.240940094,80.1366271973,81218,81249,31
13.2351703644,80.1360626221,81338,81410,72
13.0760002136,80.2760620117,21155,21205,50
12.9257602692,80.2382736206,24962,25032,70
12.928319931,80.2388076782,25093,25164,71
12.9312095642,80.2385025024,25244,25295,51
12.9354000092,80.2347412109,25527,25638,111
12.9877796173,80.2556304932,26466,26537,71
13.0238704681,80.2736206055,27305,27345,40
13.0888395309,80.2901763916,28294,28375,81
13.0884599686,80.2849578857,30485,30546,61
13.0261602402,80.2753601074,31596,31636,40
13.0031099319,80.2568206787,32222,32273,51
13.0001096725,80.2563171387,32333,32364,31
12.9861001968,80.2555007935,32727,32848,121
12.9649000168,80.2473373413,33171,33202,31
12.9636602402,80.2468490601,33232,33272,40
12.9498300552,80.2410430908,33535,33585,50
12.9397802353,80.2357788086,33898,33929,31
12.9365997314,80.2342834473,34030,34161,131
12.9362096786,80.234161377,34161,34232,71
12.9256401062,80.2383117676,34646,34686,40
12.956199646,80.2432403564,35352,35383,31
12.963470459,80.2466125488,35524,35585,61
12.9856100082,80.2518386841,35918,35968,50
12.9878396988,80.2551879883,36413,36502,89
13.0238800049,80.2736282349,37392,37432,40
13.0639896393,80.2833786011,38129,38169,40
13.0887203217,80.2901000977,38482,38513,31
13.0859603882,80.2835235596,38644,38684,40
13.0868501663,80.2839126587,38705,38745,40
13.0880899429,80.2838287354,38785,38896,111
13.0880899429,80.2839584351,39361,39553,192
13.088060379,80.2838821411,39553,39704,151
13.0880899429,80.2838973999,40714,40815,101
13.0884304047,80.2850112915,40986,41037,51
13.0888395309,80.2900085449,41219,41259,40
13.0720396042,80.2853393555,41480,41522,42
13.0029401779,80.2568435669,42774,42854,80
12.9881496429,80.2558670044,43137,43218,81
12.9255399704,80.2383575439,44409,44440,31
12.9489097595,80.2406768799,45055,45096,41
12.9867095947,80.2515716553,45671,45782,111
12.9877500534,80.2554626465,45873,45974,101
12.9944400787,80.2559280396,46156,46237,81
12.995759964,80.2559280396,46297,46328,31
13.0055704117,80.2573013306,46570,46620,50
13.0163698196,80.2596282959,46782,46832,50
13.0238103867,80.2735519409,47105,47145,40
13.0472698212,80.2803421021,47741,47782,41
13.0748596191,80.2864074707,48153,48195,42
13.088809967,80.2901535034,48328,48368,40
13.0865297318,80.283531189,48530,48610,80
13.0760498047,80.2747192383,49045,49176,131
13.0872402191,80.2839431763,53023,53063,40
13.0878000259,80.2839202881,53093,53215,122
13.0888004303,80.2897262573,53669,53780,111
13.0029001236,80.2567825317,55244,55315,71
13.0013999939,80.2565536499,55345,55416,71
12.9569196701,80.2439193726,56112,56224,112
12.931189537,80.2385482788,56779,56819,40
12.9283399582,80.2388381958,56900,56940,40
12.9257497787,80.2382278442,57031,57193,162
12.9877996445,80.2551803589,58576,58616,40
12.9965801239,80.2558898926,58879,58930,51
12.9990901947,80.256072998,58980,59030,50
13.0058298111,80.2573699951,59152,59212,60
13.0238800049,80.2736587524,59637,59678,41
13.030500412,80.2770690918,59839,59870,31
13.0310201645,80.2773666382,59910,59960,50
13.0312700272,80.2774887085,59970,60031,61
13.0314903259,80.277633667,60041,60172,131
13.031829834,80.277633667,60172,60263,91
13.0878200531,80.2839889526,61505,61546,41
13.0884799957,80.2849807739,62000,62040,40
13.0888395309,80.2900238037,62182,62222,40
13.0240497589,80.2740402222,63262,63303,41
13.0071601868,80.258682251,63727,63767,40
12.9971199036,80.2559432983,64090,64151,61
12.9312095642,80.238571167,65413,65494,81
12.9283800125,80.2388916016,65575,65625,50
12.9357595444,80.2339172363,66110,66150,40
12.9488801956,80.2406616211,66392,66473,81
12.9795703888,80.2526473999,67059,67109,50
12.980219841,80.2526626587,67140,67241,101
12.9877595901,80.255607605,67746,67857,111
12.9951496124,80.2559204102,68049,68170,121
13.005900383,80.2574310303,68442,68473,31
13.0430898666,80.2796173096,69452,69491,39
13.0629301071,80.2832107544,69805,69846,41
13.0887899399,80.2902374268,70209,70250,41
13.0854196548,80.2836532593,70411,70442,31
13.0883798599,80.2848510742,71613,71653,40
13.0887298584,80.2895965576,71805,71906,101
13.0071296692,80.2587814331,73400,73431,31
12.9989004135,80.256187439,73592,73653,61
12.9864597321,80.2556610107,73915,73946,31
12.9514904022,80.2416915894,74642,74693,51
12.9498901367,80.2411880493,74764,74804,40
12.947019577,80.2400817871,74854,74895,41
12.9311599731,80.238609314,75329,75369,40
12.9283103943,80.238899231,75450,75491,41
12.9256896973,80.238319397,75561,75592,31
12.9486103058,80.2405776978,76136,76245,109
12.9796495438,80.2525863647,76740,76790,50
12.9872503281,80.2514190674,76911,77032,121
13.0064401627,80.2574081421,77487,77558,71
13.0887498856,80.2901611328,78981,79032,51
13.0758600235,80.2751693726,79759,79809,50
12.9980602264,80.2567901611,2598,2678,80
12.9977197647,80.2565994263,2729,2830,101
12.9977397919,80.2563171387,23677,23737,60
12.9872703552,80.2594070435,23939,23979,40
13.0665597916,80.2683410645,25956,25996,40
13.0754804611,80.258430481,26420,26490,70
13.085650444,80.245300293,26853,26884,31
13.098449707,80.2420806885,27166,27287,121
13.0793504715,80.2546463013,29313,29414,101
13.0311498642,80.2402572632,30775,30846,71
12.988699913,80.2559204102,32217,32288,71
12.9873199463,80.2593612671,32358,32398,40
12.9935598373,80.2559585571,33306,33376,70
12.9967298508,80.255821228,33427,33467,40
13.000579834,80.2563400269,33558,33629,71
13.0066995621,80.2484512329,33881,33921,40
13.0256700516,80.2301635742,34889,34970,81
13.0389204025,80.2468338013,35442,35504,62
13.0789699554,80.2548675537,36966,37087,121
13.0857000351,80.24584198,37470,37520,50
13.0972795486,80.2420196533,37762,37823,61
13.0984897614,80.2420730591,37904,38095,191
13.0777797699,80.2619628906,39033,39073,40
13.0682601929,80.2698516846,39476,39577,101
13.0399198532,80.2471923828,40394,40434,40
13.0067100525,80.25730896,41684,41775,91
13.0013599396,80.2566070557,41856,41906,50
12.9976100922,80.2569122314,42088,42219,131
12.9872903824,80.2595672607,42541,42582,41
12.9866695404,80.2591171265,43034,43066,32
12.9875602722,80.256149292,43166,43277,111
13.006649971,80.2523117065,43812,43872,60
13.0067796707,80.248916626,43923,44054,131
13.0434303284,80.2479782104,45353,45393,40
13.05727005,80.2571868896,45737,45768,31
13.0703802109,80.2657470703,46322,46373,51
13.0755596161,80.2586975098,46766,46836,70
13.0855903625,80.2454299927,47351,47391,40
13.0858697891,80.2502670288,48439,48480,41
13.0585298538,80.2653884888,49649,49680,31
13.0399103165,80.2471618652,50152,50194,42
13.0321302414,80.2421722412,50375,50456,81
13.0312795639,80.2404403687,50495,50577,82
13.0066003799,80.257019043,51454,51494,40
13.0018997192,80.2566070557,51605,51666,61
12.9871101379,80.2595901489,52099,52291,192
13.0008401871,80.256401062,54609,54640,31
13.0065898895,80.2525405884,54811,54862,51
13.0066900253,80.2483673096,54922,55003,81
13.0388803482,80.2467727661,56031,56071,40
13.0755195618,80.2586593628,57271,57311,40
13.0789699554,80.2547531128,57402,57473,71
13.097530365,80.2422866821,58481,58562,81
13.0778598785,80.2622375488,59338,59378,40
13.0314598083,80.2409210205,60850,60921,71
13.0268297195,80.2336196899,61133,61173,40
13.0069599152,80.2400970459,61687,61768,81
12.9887800217,80.2559890747,62464,62544,80
12.9872198105,80.2596435547,62675,62716,41
12.9876003265,80.2560119629,63663,63805,142
12.9963998795,80.2559204102,63956,63996,40
13.0007200241,80.256439209,64117,64168,51
13.0067996979,80.2499084473,65236,65267,31
13.0067396164,80.2492828369,65287,65367,80
13.0066404343,80.2480926514,65398,65468,70
13.0066404343,80.2475891113,65478,65519,41
13.0066299438,80.2464599609,65559,65608,49
13.0066204071,80.2409515381,65801,65841,40
13.0195398331,80.2245330811,66436,66467,31
13.0259199142,80.2308197021,66688,66779,91
13.038769722,80.2468490601,67213,67293,80
13.0568199158,80.2569198608,67747,67797,50
13.0670499802,80.2686462402,68382,68413,31
13.0754098892,80.2581863403,68816,68866,50
13.0788698196,80.256652832,68937,68997,60
13.0788698196,80.2548065186,69028,69088,60
13.0971803665,80.2421569824,69844,69955,111
13.0976600647,80.2423400879,70389,70460,71
13.0791397095,80.2547683716,71072,71142,70
13.078909874,80.2548294067,71152,71183,31
13.0317401886,80.2417373657,72715,72766,51
13.0070295334,80.239402771,73421,73461,40
12.9884996414,80.2559890747,74066,74097,31
12.9874696732,80.2559432983,74782,74853,71
12.9964599609,80.2559127808,75004,75055,51
13.0715503693,80.2645568848,77323,77385,62
13.0755195618,80.2588806152,77657,77708,51
13.0972099304,80.2420578003,78412,78454,42
13.0984697342,80.2421798706,78545,78585,40
13.0974998474,80.2422409058,78605,78676,71
13.0075397491,80.2370834351,80924,80965,41
12.9874401093,80.2585830688,81651,81722,71
12.9978303909,80.256477356,81984,82075,91
13.0142602921,80.2256393433,6951,7142,191
13.0142803192,80.2259902954,17508,17559,51
13.0100803375,80.2225723267,17740,17801,61
12.8564395905,80.1721801758,20148,20260,112
12.8564796448,80.1721496582,20462,20513,51
13.0267601013,80.233001709,29192,29263,71
13.0203895569,80.225112915,29475,29515,40
13.0186195374,80.2243423462,29525,29646,121
12.9756402969,80.2210464478,30453,30524,71
12.9756402969,80.2210464478,30524,30584,60
12.9711198807,80.21875,30604,30645,41
12.9693098068,80.2185974121,30665,30705,40
12.9624795914,80.2155990601,30776,30947,171
12.950220108,80.2109832764,30988,31028,40
12.9409399033,80.2060089111,31290,31321,31
12.912730217,80.1920013428,32289,32329,40
12.9061899185,80.1887817383,32491,32592,101
12.9032201767,80.184463501,32602,32723,121
12.891500473,80.1765365601,32743,32864,121
12.8892803192,80.174041748,32925,32975,50
12.8816795349,80.1701431274,33005,33193,188
12.8681297302,80.176071167,33223,33405,182
12.8572797775,80.17237854,33405,33536,131
12.8411197662,80.1696395874,33607,33717,110
12.827460289,80.1650695801,35563,35604,41
12.8444499969,80.1700973511,35916,35957,41
12.8523397446,80.1710968018,36007,36115,108
12.8602104187,80.1731185913,36176,36317,141
12.8689403534,80.1753997803,36317,36366,49
12.9442195892,80.2081985474,38025,38156,131
12.9648103714,80.2163467407,38317,38448,131
12.9738101959,80.2199325562,38519,38559,40
12.9828395844,80.2220306396,38872,38931,59
12.997010231,80.2163619995,39172,39222,50
13.0055904388,80.220413208,39323,39404,81
13.0113096237,80.2234802246,39414,39464,50
13.0146598816,80.2242202759,39505,39595,90
13.0202503204,80.2248382568,39656,39696,40
13.0341396332,80.2304077148,40624,40675,51
13.0160799026,80.2256317139,41109,41240,131
13.0140104294,80.2254486084,41240,41337,97
13.0136203766,80.2264328003,41399,41439,40
13.0090198517,80.2273635864,41460,41510,50
13.0111303329,80.2235565186,41520,41570,50
12.9904403687,80.2203216553,41984,42045,61
12.9881401062,80.2229919434,42045,42236,191
12.975810051,80.2212371826,42367,42428,61
12.9720001221,80.2193832397,42468,42589,121
12.9627895355,80.2156600952,42610,42690,80
12.9037799835,80.1840667725,43797,43867,70
12.8563299179,80.17212677,47838,47948,110
12.8659801483,80.1758728027,47999,48049,50
12.879699707,80.1700363159,48108,48176,68
12.8808898926,80.1706619263,48176,48207,31
12.8872995377,80.1730728149,48306,48426,120
12.9129295349,80.1919174194,48779,48829,50
12.9171304703,80.1932525635,48990,49101,111
12.9216299057,80.1970214844,49132,49172,40
12.9231100082,80.1973266602,49182,49323,141
12.926440239,80.1975021362,49364,49404,40
13.0336704254,80.2304534912,52168,52219,51
13.0294799805,80.2308883667,52239,52330,91
13.0269203186,80.2329025269,52370,52451,81
13.0242700577,80.2285766602,52531,52683,152
12.9258699417,80.1973571777,54569,54630,61
12.9231100082,80.1973800659,54640,54730,90
12.9171304703,80.1932525635,54821,54882,61
12.9067201614,80.1891174316,55074,55124,50
12.9050798416,80.1881713867,55134,55275,141
12.8968801498,80.181678772,55295,55346,51
12.8959503174,80.181312561,55346,55416,70
12.8914499283,80.1765899658,55457,55497,40
12.8903903961,80.1741409302,55507,55628,121
12.8815498352,80.1694030762,55638,55719,81
12.8764696121,80.1706085205,55739,55780,41
12.8651695251,80.1757507324,55900,55961,61
12.8584699631,80.17237854,56012,56193,181
12.8268404007,80.1648406982,56708,56748,40
12.8101301193,80.1597595215,57091,57161,70
12.8099498749,80.1595993042,57192,57232,40
12.8277902603,80.1651535034,58089,58130,41
12.8342199326,80.1671600342,58271,58342,71
12.8509597778,80.1708068848,58523,58564,41
12.8559904099,80.1720123291,58584,58624,40
12.8567495346,80.1721878052,58664,58715,51
12.8793401718,80.1699371338,58926,58994,68
12.8835296631,80.1711883545,59024,59085,61
12.893289566,80.1798171997,59317,59368,51
12.8979902267,80.1822128296,59408,59448,40
12.9068899155,80.1891403198,59579,59771,192
12.9160499573,80.1923675537,59781,59922,141
12.9173002243,80.1948394775,60013,60124,111
12.9266796112,80.1976089478,60175,60286,111
12.9444999695,80.2083969116,60538,60578,40
12.9491701126,80.2100982666,60629,60669,40
12.9636602402,80.2158508301,60830,60861,31
12.9678401947,80.2176437378,60921,60961,40
12.9718103409,80.2189788818,60982,61103,121
12.9757099152,80.2208099365,61143,61264,121
12.9947595596,80.2171707153,61637,61678,41
12.9995498657,80.2172088623,61698,61748,50
13.0331802368,80.230506897,62503,62563,60
13.0347499847,80.2302474976,62644,62684,40
13.0342197418,80.2299804688,63764,63804,40
13.0341796875,80.230430603,63814,63865,51
13.0297803879,80.2308425903,63935,63986,51
13.0249204636,80.2293701172,64167,64228,61
13.0230102539,80.2274017334,64248,64349,101
13.0045604706,80.2200927734,64762,64863,101
12.9875297546,80.2232818604,65116,65166,50
12.9758701324,80.2213516235,65459,65519,60
12.9715099335,80.2192230225,65570,65640,70
12.9488296509,80.210357666,66316,66377,61
12.9475297928,80.2098236084,66498,66537,39
12.9446802139,80.208656311,66548,66740,192
12.944270134,80.2083206177,66740,66800,60
12.9433898926,80.2079925537,66821,66871,50
12.9337997437,80.2039489746,67032,67163,131
12.9290103912,80.2025909424,67194,67244,50
12.9168901443,80.1934661865,67587,67648,61
12.9165000916,80.1923522949,67658,67698,40
12.9170703888,80.1931381226,67708,67819,111
12.9144496918,80.1921234131,67829,67991,162
12.8907403946,80.1753387451,68636,68798,162
12.8571796417,80.1722717285,69221,69282,61
12.8561601639,80.1722412109,69292,69352,60
12.8467702866,80.1701889038,69393,69443,50
12.8398199081,80.169960022,69474,69595,121
12.8382101059,80.1695404053,70838,70879,41
12.8420200348,80.1699523926,70889,71081,192
12.8827600479,80.1707382202,71312,71382,70
12.8977403641,80.1821289063,71655,71796,141
12.9124803543,80.1918716431,71897,71998,101
12.9172697067,80.1906280518,72018,72068,50
12.9234199524,80.1974182129,72300,72351,51
12.9297704697,80.2027130127,72472,72563,91
12.934709549,80.2038421631,72603,72663,60
13.0141601563,80.2257537842,75737,75838,101
13.0142002106,80.2258834839,76211,76252,41
13.0142297745,80.225730896,76252,76383,131
13.0142402649,80.2257080078,76999,77039,40
12.8452796936,80.2265930176,297,347,50
12.9017801285,80.2279586792,872,923,51
12.9977197647,80.2562408447,2255,2296,41
12.9977302551,80.2570266724,2589,2629,40
12.9973497391,80.2570571899,2629,2750,121
12.997469902,80.2568893433,5496,5668,172
12.9974803925,80.2569732666,18412,18594,182
12.9974403381,80.2570495605,18594,18735,141
12.9977397919,80.256401062,18765,18836,71
12.9870901108,80.2591400146,19149,19240,91
13.0138597488,80.2231903076,20098,20189,91
13.0984601974,80.2423934937,24480,24520,40
13.077750206,80.262046814,25278,25328,50
13.0772304535,80.2639770508,25409,25480,71
13.0395698547,80.2470474243,26287,26338,51
13.0311203003,80.2400283813,26479,26560,81
13.0066995621,80.2573776245,27317,27418,101
12.9870700836,80.2593078613,28660,28800,140
12.9866504669,80.2591171265,28832,28872,40
12.9876003265,80.2560501099,29034,29135,101
12.996629715,80.255859375,29337,29377,40
13.0066699982,80.2517929077,29710,29811,101
13.079000473,80.2553634644,32308,32348,40
13.0856895447,80.2454376221,32765,32826,61
13.0985002518,80.2421264648,33142,33263,121
13.0859203339,80.2501983643,35031,35091,60
13.0778198242,80.2621002197,35547,35587,40
13.065870285,80.2677764893,35949,36034,85
13.0313396454,80.2405929565,36924,36994,70
13.0024404526,80.2567214966,38078,38128,50
12.9975099564,80.2570800781,38522,38572,50
12.9973802567,80.2571487427,38572,38623,51
12.9975004196,80.2570800781,38623,38673,50
12.9975795746,80.2568893433,38714,38765,51
12.997420311,80.2568206787,38765,38836,71
12.9975700378,80.2566299438,38836,39028,192
12.9872198105,80.2595367432,39330,39361,31
12.9870700836,80.2596206665,39361,39411,50
12.9865598679,80.2591171265,39462,39593,131
12.9867801666,80.2590332031,39623,39694,71
12.9991598129,80.2561187744,40038,40088,50
13.0067796707,80.2518997192,40352,40413,61
13.0066404343,80.2481918335,40463,40503,40
13.0259304047,80.23097229,41225,41276,51
13.047249794,80.248588562,41872,41903,31
13.0631198883,80.2642593384,42407,42460,53
13.0773296356,80.2609786987,43028,43062,34
13.0755701065,80.2586898804,43112,43163,51
13.0857095718,80.2460327148,43638,43701,63
13.0068998337,80.2399978638,47117,47176,59
13.0015497208,80.2565689087,47551,47602,51
12.9872198105,80.2593383789,47865,47905,40
12.9866504669,80.2595901489,49245,49437,192
12.9867897034,80.2591018677,50761,50831,70
12.9871702194,80.2591171265,50831,50912,81
12.9989900589,80.2560882568,51298,51338,40
13.0065698624,80.2523574829,51641,51702,61
13.0067300797,80.2485580444,51782,51903,121
13.0264101028,80.2325363159,52793,52833,40
13.0975799561,80.2422332764,56373,56434,61
13.0858697891,80.250213623,56758,56809,51
13.0777597427,80.2621231079,57253,57323,70
13.0397195816,80.2470932007,58596,58657,61
13.0320100784,80.2420806885,58808,58899,91
13.0312404633,80.2403717041,58929,59009,80
13.0239400864,80.2282180786,59213,59244,31
13.0069799423,80.2399291992,59647,59688,41
12.99958992,80.2562713623,60123,60163,40
12.9882202148,80.255897522,60466,60506,40
12.987279892,80.2591781616,60577,60628,51
12.9870195389,80.2595367432,60658,60708,50
12.9871196747,80.2592010498,61000,61043,43
12.994099617,80.2559890747,61265,61305,40
12.9954004288,80.2559280396,61335,61406,71
13.0065402985,80.2536087036,61800,61872,72
13.006529808,80.2528762817,61911,62014,103
13.0067901611,80.2507705688,62054,62115,61
13.006649971,80.2481231689,62175,62367,192
13.0066699982,80.2406463623,62508,62549,41
13.0259599686,80.2310714722,63207,63247,40
13.0355997086,80.246131897,63551,63603,52
13.0856800079,80.2459335327,65325,65363,38
13.0970497131,80.2420806885,65699,65759,60
13.0986099243,80.2423400879,65790,65840,50
13.0878295898,80.2432098389,66406,66437,31
13.0859203339,80.25,66588,66639,51
13.0791101456,80.2562484741,66962,67022,60
13.0777301788,80.2620925903,67184,67265,81
13.0778102875,80.2623977661,67275,67325,50
13.0493097305,80.2498779297,68486,68537,51
13.0474700928,80.2489013672,68628,68688,60
13.047129631,80.2487030029,68688,68729,41
13.0265798569,80.2333221436,69407,69458,51
13.0078802109,80.2351303101,69993,70043,50
13.0075702667,80.2367095947,70104,70174,70
13.0074796677,80.2371063232,70174,70215,41
13.0070896149,80.2390899658,70255,70296,41
13.0069303513,80.2399597168,70326,70386,60
13.0065803528,80.2569198608,70881,70922,41
13.0034599304,80.2569732666,71073,71134,61
13.0019702911,80.256690979,71184,71255,71
12.988650322,80.2560119629,71518,71690,172
12.9869403839,80.2591171265,72427,72487,60
12.9875001907,80.2565689087,72548,72588,40
12.9956302643,80.2559432983,73002,73043,41
13.0066003799,80.2519073486,73416,73447,31
13.0066099167,80.2475662231,73507,73558,51
13.0258903503,80.231086731,74255,74296,41
13.077249527,80.2610321045,75871,75921,50
13.0754404068,80.2585525513,76012,76113,101
13.078909874,80.2548065186,76234,76275,41
13.0818395615,80.2530517578,76396,76456,60
13.0972499847,80.2420578003,77002,77092,90
13.09856987,80.2423019409,77133,77173,40
13.0985097885,80.2421569824,77224,77416,192
13.0566396713,80.2580032349,79001,79041,40
13.0068798065,80.2401275635,80142,80192,50
12.9874000549,80.2590179443,80758,80909,151
13.075630188,80.2750930786,215,306,91
13.0756502151,80.2752075195,2880,3023,143
13.0756797791,80.275138855,3023,3137,114
13.0757398605,80.2751617432,3597,3740,143
13.0755901337,80.2752227783,41423,41516,93
13.0755596161,80.2752075195,44390,44513,123
13.0755596161,80.2752075195,44513,44606,93
13.0755701065,80.2751998901,44606,44693,87
13.075460434,80.2750396729,44693,44861,168
13.075750351,80.275062561,46408,46549,141
13.0756998062,80.2752075195,46549,46740,191
13.0757198334,80.275138855,46740,46928,188
13.0755500793,80.2752304077,46928,47062,134
13.0757398605,80.2751312256,52424,52613,189
13.0757303238,80.275062561,52613,52747,134
13.0755596161,80.2750015259,53604,53641,37
13.075510025,80.2750167847,53641,53782,141
13.0878000259,80.2836990356,85276,85367,91
12.9867095947,80.2592163086,6320,6380,60
12.9870195389,80.2590866089,9642,9753,111
12.9867897034,80.2591781616,14823,14944,121
12.9870700836,80.2585296631,24889,25020,131
12.931810379,80.2387237549,26220,26396,176
12.9293003082,80.2389068604,26477,26578,101
12.9254102707,80.23853302,26659,26699,40
12.9256000519,80.2383422852,26709,26800,91
12.9280796051,80.2387390137,26850,26901,51
12.9309196472,80.2384109497,26983,27014,31
12.9357700348,80.2338562012,27276,27347,71
12.9487800598,80.240562439,27519,27565,46
12.9878196716,80.2550582886,28121,28152,31
13.0321502686,80.2775115967,29098,29139,41
13.0335998535,80.276550293,29189,29230,41
13.0339803696,80.2765426636,29240,29411,171
13.0337400436,80.2763137817,29411,29452,41
13.088809967,80.2901306152,30331,30371,40
13.0879497528,80.2835769653,31875,31966,91
13.08852005,80.2849502563,32571,32642,71
12.9908399582,80.2560272217,34660,34700,40
12.9859895706,80.2554702759,35063,35114,51
12.980919838,80.2527923584,35235,35285,50
12.9494600296,80.2409591675,35823,35946,123
12.9381599426,80.2348327637,37339,37385,46
12.9409399033,80.236000061,37406,37466,60
12.9479503632,80.2402114868,37577,37618,41
12.9489097595,80.2405776978,37638,37729,91
12.9797897339,80.2526168823,38224,38285,61
12.9963998795,80.255859375,38929,38979,50
13.0232696533,80.2728118896,39660,39693,33
13.0237798691,80.2735214233,39713,39784,71
13.0639600754,80.2833099365,40668,40708,40
13.088809967,80.2901382446,41052,41103,51
13.0879497528,80.2836914063,41699,41891,192
13.0883998871,80.2845611572,42133,42174,41
13.0884599686,80.2851028442,42184,42254,70
13.0888299942,80.2901382446,42405,42446,41
13.0369901657,80.278213501,43258,43349,91
13.0340299606,80.2774810791,43440,43501,61
13.0333404541,80.2773971558,43521,43571,50
13.0244903564,80.2745132446,43894,43955,61
13.0015001297,80.2566070557,44540,44601,61
12.9639997482,80.246963501,45244,45282,38
12.9488401413,80.2405776978,47158,47198,40
12.9847202301,80.2520828247,47761,47822,61
12.9850196838,80.251991272,47862,47903,41
12.9862604141,80.2516403198,47943,48004,61
12.9877195358,80.2551803589,48125,48195,70
13.0056200027,80.257270813,48599,48640,41
13.0238895416,80.2737197876,49164,49225,61
13.0564403534,80.2817611694,49789,49829,40
13.0631399155,80.2831573486,49930,49961,31
13.0888004303,80.2901229858,50378,50419,41
13.0888004303,80.2898712158,51297,51337,40
13.0887699127,80.2901763916,51347,51398,51
13.0018396378,80.2566375732,52964,53025,61
12.9885902405,80.2559890747,53287,53388,101
12.9870004654,80.2591705322,57790,57831,41
13.000749588,80.2564163208,58224,58255,31
13.0061302185,80.2574081421,58366,58406,40
13.0319595337,80.2775878906,59007,59040,33
13.0376796722,80.2783966064,59327,59358,31
13.0350103378,80.2776565552,59439,59479,40
13.033829689,80.277381897,59519,59560,41
13.0287399292,80.276008606,60004,60054,50
13.0288095474,80.2764282227,60084,60165,81
13.0292701721,80.2765884399,60185,60216,31
13.029540062,80.2766494751,60236,60367,131
13.0307598114,80.2771987915,60458,60569,111
13.0311203003,80.2774124146,60569,60639,70
13.0314598083,80.2776412964,60650,60781,131
13.0326004028,80.2775115967,60821,60912,91
13.0336799622,80.2761764526,60983,61131,148
13.0337495804,80.2758483887,61131,61284,153
13.0336799622,80.2762908936,61678,61779,101
12.9886798859,80.2558898926,62766,62847,81
12.9472198486,80.2399978638,64751,64792,41
12.9591598511,80.244682312,65074,65135,61
12.9786996841,80.2524490356,65438,65498,60
12.9817304611,80.2526779175,65559,65730,171
12.9877595901,80.2555389404,65963,66114,151
12.9872198105,80.2595901489,66215,66275,60
12.9872102737,80.2591781616,66336,66387,51
13.0238199234,80.2736206055,67476,67522,46
13.0331201553,80.2774963379,67777,67814,37
13.0429801941,80.2795791626,67978,68029,51
13.0886096954,80.2901992798,68715,68836,121
13.0881099701,80.2840805054,69159,69331,172
13.0887098312,80.2901763916,70188,70248,60
13.005279541,80.25730896,71837,71877,40
13.0052099228,80.2570724487,71877,71908,31
12.9984397888,80.256149292,72059,72109,50
12.997010231,80.2559585571,72140,72200,60
12.9880800247,80.2559585571,72330,72473,143
12.9877500534,80.255897522,72473,72594,121
12.9635601044,80.2469024658,73066,73107,41
12.9569997787,80.2439117432,73238,73339,101
12.956580162,80.2437973022,73349,73409,60
12.956319809,80.2437210083,73409,73450,41
12.9255895615,80.2384033203,74227,74358,131
12.9281597137,80.2388381958,74419,74469,50
12.9356803894,80.2339096069,74790,74851,61
12.9395198822,80.2356872559,74907,74940,33
12.9665899277,80.2479324341,75354,75385,31
12.9869804382,80.2516174316,75637,75758,121
12.987739563,80.2552566528,75849,75920,71
12.9876699448,80.2555618286,75920,75990,70
13.0062198639,80.2574005127,76353,76393,40
13.0237598419,80.2736282349,76805,76855,50
13.0887403488,80.2901382446,77791,77841,50
13.0867795944,80.2839584351,78041,78121,80
12.9985799789,80.2561187744,80652,80693,41
12.987859726,80.2558898926,80872,80953,81
12.9256601334,80.238319397,82354,82506,152
12.9877796173,80.2512969971,83576,83626,50
13.0352497101,80.2051773071,23131,23182,51
13.021030426,80.1835327148,25095,25145,50
13.0341300964,80.1601409912,25519,25600,81
13.0343599319,80.1585388184,25650,25771,121
13.0342998505,80.157119751,25822,26003,181
13.0065402985,80.1116790771,27980,28041,61
13.0333995819,80.1549377441,29029,29119,90
13.0249500275,80.1768188477,29742,29773,31
13.0093297958,80.2109222412,30642,30683,41
13.0242700577,80.2173919678,32014,32045,31
13.0270595551,80.2329177856,33518,33669,151
13.0250101089,80.2294998169,33749,33780,31
13.0087099075,80.2136611938,34336,34378,42
13.0073699951,80.2014694214,34801,34832,31
13.0239400864,80.1782913208,35364,35395,31
13.0291996002,80.1688308716,35576,35617,41
13.0340499878,80.1554718018,35869,35968,99
13.034119606,80.1554794312,38848,38910,62
13.0249595642,80.1767501831,39261,39292,31
13.0093097687,80.2108764648,39947,39988,41
13.0093603134,80.2110900879,39988,40038,50
13.0310001373,80.2202529907,41106,41156,50
13.0303096771,80.2202529907,41166,41207,41
13.0290002823,80.2199935913,41247,41287,40
13.0306997299,80.2305908203,42821,42861,40
13.0226802826,80.2270202637,43116,43183,67
13.0338602066,80.155380249,44797,44828,31
12.996919632,80.0962600708,46141,46172,31
12.997010231,80.0961914063,46230,46422,192
13.0035600662,80.0998077393,46614,46654,40
13.0342302322,80.1555633545,47843,47964,121
13.0291996002,80.2200622559,50070,50111,41
13.0242300034,80.2169189453,50313,50353,40
13.0246200562,80.2169799805,50393,50474,81
13.0353403091,80.2052230835,50998,51038,40
13.0348396301,80.2057037354,51068,51231,163
13.0348100662,80.2058334351,51231,51382,151
13.0352096558,80.2051696777,51443,51564,121
13.0355701447,80.2052307129,51564,51755,191
13.0345001221,80.1557617188,58453,58555,102
13.0291996002,80.2308731079,60469,60519,50
13.0284500122,80.2198562622,61084,61115,31
13.0277099609,80.2328414917,63164,63224,60
13.0081596375,80.2133407593,63931,63981,50
13.0079202652,80.2132415771,64008,64050,42
13.0342597961,80.1568832397,65531,65723,192
13.0340299606,80.1555099487,65783,65824,41
13.0034503937,80.0996322632,67254,67356,102
12.9986801147,80.0967788696,67497,67537,40
12.9972896576,80.0964736938,68102,68153,51
13.0194101334,80.1428909302,69404,69465,61
13.0204000473,80.1439590454,69501,69533,32
13.033080101,80.1547164917,69857,69908,51
13.0252199173,80.1762619019,70635,70673,38
13.0217599869,80.1824569702,70825,70964,139
13.020939827,80.183921814,71013,71045,32
13.0092601776,80.2109603882,71621,71661,40
13.0293197632,80.2308578491,72277,72337,60
13.0242004395,80.217376709,73102,73133,31
13.0072097778,80.2098388672,75984,76055,71
13.0072402954,80.1969299316,76323,76355,32
13.0166797638,80.189163208,76614,76645,31
13.0209302902,80.1836013794,76796,76837,41
13.0343103409,80.1567077637,77516,77562,46
13.0345201492,80.1558380127,80413,80453,40
13.0250797272,80.1765823364,80756,80817,61
13.022480011,80.1812210083,80897,80928,31
13.0219202042,80.1821975708,80968,81008,40
13.0214700699,80.1831207275,81039,81099,60
12.8986902237,80.180480957,16,66,50
12.898639679,80.1806411743,66,127,61
12.8986797333,80.1805725098,127,299,172
12.898730278,80.1804122925,299,469,170
12.8987398148,80.1804962158,682,713,31
12.8987102509,80.1804199219,723,904,181
12.8987503052,80.1805114746,904,955,51
12.8988103867,80.1804580688,985,1167,182
12.8988704681,80.1801834106,1177,1227,50
12.8987998962,80.180557251,1611,1672,61
12.8987398148,80.1804580688,1672,1813,141
12.8986797333,80.1803894043,1813,1874,61
12.8986597061,80.1804199219,1874,1914,40
12.8987503052,80.180480957,1914,2035,121
12.8985395432,80.1803436279,2045,2116,71
12.898730278,80.1802902222,2116,2156,40
12.8986597061,80.1802902222,2156,2267,111
12.8986196518,80.1804122925,2267,2449,182
12.8986196518,80.1801986694,2449,2480,31
12.898730278,80.1802978516,2510,2560,50
12.8988103867,80.1803817749,2873,2974,101
12.8985996246,80.1802978516,2974,3025,51
12.898730278,80.1803436279,3025,3136,111
12.8987903595,80.1803665161,3408,3469,61
12.8985395432,80.1803588867,3499,3570,71
12.898730278,80.1804885864,3600,3711,111
12.8986902237,80.1803436279,3772,3812,40
12.8985395432,80.1803436279,4206,4317,111
12.8988103867,80.1803665161,4317,4469,152
12.8985395432,80.1802825928,4469,4620,151
12.8985795975,80.1804580688,4903,4963,60
12.8986997604,80.1804428101,4963,5044,81
12.8986196518,80.1805419922,5044,5085,41
12.8987197876,80.1806182861,5145,5236,91
12.8986797333,80.1804275513,5682,5743,61
12.8986196518,80.1804275513,5763,5834,71
12.8989200592,80.1804504395,5834,5874,40
12.8988103867,80.1804580688,5874,5935,61
12.8986797333,80.1804580688,6268,6328,60
12.8986797333,80.1804122925,6328,6419,91
12.8988704681,80.1802825928,6419,6530,111
12.8988399506,80.1804733276,6540,6571,31
12.899020195,80.1803436279,6571,6611,40
12.8987197876,80.1803207397,6662,6763,101
12.8987102509,80.1803512573,7005,7076,71
12.898730278,80.1803436279,7490,7681,191
12.8987102509,80.1801376343,7702,7742,40
12.8985204697,80.1804428101,7803,7853,50
12.8986797333,80.1803588867,8075,8136,61
12.8987598419,80.1803436279,8146,8186,40
12.8988399506,80.1804580688,8186,8358,172
12.8984203339,80.1803970337,8388,8439,51
12.8985795975,80.1804733276,8449,8570,121
12.8989400864,80.1802825928,9115,9156,41
12.8988599777,80.1803588867,11326,11367,41
12.8987398148,80.1804885864,11377,11549,172
12.8988399506,80.1803588867,11579,11660,81
12.8988103867,80.1803207397,11660,11781,121
12.8986501694,80.1802902222,12053,12134,81
12.898639679,80.1803207397,12691,12823,132
12.8989095688,80.1803588867,14357,14458,101
12.8986701965,80.180267334,15731,15801,70
12.8987903595,80.1803436279,15801,15852,51
12.898639679,80.1805114746,15852,15953,101
12.8987703323,80.1801986694,15953,16094,141
12.898900032,80.1804580688,16609,16710,101
12.8989896774,80.1802825928,16710,16781,71
12.8991098404,80.1802825928,16781,16821,40
12.8988800049,80.180557251,16841,16993,152
12.8987503052,80.180480957,16993,17043,50
12.8986997604,80.1805801392,17053,17114,61
12.8987197876,80.1804962158,17114,17215,101
12.8987398148,80.1804199219,17215,17265,50
12.8987998962,80.1802902222,17265,17407,142
12.8986597061,80.1805114746,17457,17498,41
12.8987197876,80.1804428101,17498,17589,91
12.8989496231,80.1804733276,17589,17639,50
12.898730278,80.1805496216,17881,18023,142
12.8988599777,80.1802825928,18023,18134,111
12.8987398148,80.180557251,18134,18184,50
12.8986997604,80.1804199219,18184,18235,51
12.8987197876,80.1804122925,18265,18346,81
12.8988599777,80.1804504395,18830,18891,61
12.8988304138,80.1804199219,19174,19315,141
12.8988103867,80.1804885864,19315,19386,71
12.898730278,80.180267334,19386,19446,60
12.8989400864,80.1802597046,19446,19477,31
12.8988800049,80.1803588867,19477,19628,151
12.8987998962,80.1805419922,19638,19709,71
12.8988199234,80.1804733276,19709,19749,40
12.8986597061,80.1804580688,19749,19802,53
12.8985500336,80.180480957,20014,20054,40
12.8987598419,80.1805114746,20074,20155,81
12.8988599777,80.180519104,20155,20256,101
12.8988399506,80.1802978516,20589,20660,71
12.898900032,80.1803512573,21407,21458,51
12.8987102509,80.1804122925,21468,21538,70
12.8989496231,80.1804199219,21538,21599,61
12.8988399506,80.1804733276,22144,22215,71
12.8986196518,80.1804199219,22215,22326,111
12.898900032,80.1805267334,23408,23520,112
12.8988304138,80.1804199219,24418,24590,172
12.8987703323,80.1804199219,24590,24741,151
12.8988704681,80.180519104,24741,24852,111
12.8988199234,80.1804428101,24852,24963,111
12.898850441,80.180557251,25165,25337,172
12.8987903595,80.1803894043,26215,26407,192
12.898730278,80.1803283691,26407,26559,152
12.8988399506,80.1804733276,26559,26599,40
12.8988399506,80.1802520752,26912,27104,192
12.8988704681,80.1804580688,27104,27256,152
12.8988304138,80.1803588867,27266,27437,171
12.8988895416,80.1804199219,27437,27498,61
12.8987798691,80.1805496216,27801,27932,131
12.8988399506,80.1804962158,27932,28023,91
12.8987703323,80.1804580688,28023,28063,40
12.898730278,80.180480957,28063,28094,31
12.8987598419,80.1804199219,28144,28215,71
12.8988103867,80.1803970337,28265,28346,81
12.8988399506,80.1803588867,28366,28417,51
12.8989496231,80.1804580688,28770,28811,41
12.8988199234,80.1803588867,28811,28911,100
12.8987598419,80.1804504395,28922,28992,70
12.8986797333,80.1803894043,28992,29033,41
12.8987998962,80.1803512573,29043,29083,40
12.8988304138,80.1805267334,29093,29134,41
12.898850441,80.180519104,29134,29235,101
12.8989400864,80.1802978516,29235,29416,181
12.898900032,80.1803817749,29436,29467,31
12.8988704681,80.1803817749,29467,29558,91
12.8988103867,80.1804199219,29558,29659,101
12.8988704681,80.1804428101,29659,29699,40
12.8988704681,80.1804885864,29699,29800,101
12.8987598419,80.1804885864,29800,29840,40
12.8987798691,80.1804962158,29840,29962,122
12.8988800049,80.1803817749,29962,30073,111
12.8991203308,80.1804199219,31124,31184,60
12.8988704681,80.1804580688,31770,31861,91
12.8987998962,80.1803665161,31861,32053,192
12.8987197876,80.1803588867,32083,32133,50
12.8987398148,80.1804504395,32133,32214,81
12.8987903595,80.1803512573,32214,32366,152
12.8986196518,80.1802597046,32648,32749,101
12.8985996246,80.1803894043,32749,32800,51
12.8988399506,80.1803665161,33002,33113,111
12.8988704681,80.1803512573,33123,33163,40
12.8989601135,80.1802978516,33163,33264,101
12.8988199234,80.180229187,33264,33355,91
12.8986902237,80.1803588867,33355,33436,81
12.898639679,80.1802215576,33436,33527,91
12.8988399506,80.1803512573,33527,33618,91
12.8989095688,80.1801834106,33628,33698,70
12.8989295959,80.1803283691,34021,34052,31
12.8987598419,80.1801986694,34536,34637,101
12.8985700607,80.180229187,34637,34688,51
12.8986501694,80.1803436279,34688,34809,121
12.8988599777,80.1800689697,34809,34880,71
12.8987798691,80.1802825928,35112,35162,50
12.8988399506,80.1803436279,35162,35284,122
12.8985700607,80.1801986694,35284,35395,111
12.8986797333,80.1803207397,35758,35849,91
12.898900032,80.180229187,37444,37515,71
12.8986196518,80.1802978516,37878,37969,91
12.8986301422,80.1803436279,37969,38121,152
12.8989295959,80.1802902222,38615,38706,91
12.8990097046,80.1803970337,39312,39443,131
12.8984899521,80.1802902222,39474,39514,40
12.8987903595,80.1803817749,39564,39595,31
12.8987703323,80.1805114746,39877,39958,81
12.8986797333,80.1804428101,39968,40049,81
12.8987998962,80.1804962158,40513,40554,41
12.8985900879,80.180480957,40584,40635,51
12.8987998962,80.1805114746,40645,40685,40
12.898639679,80.1804428101,40685,40776,91
12.898730278,80.1802368164,41139,41180,41
12.8989095688,80.1803131104,41423,41494,71
12.8986501694,80.180480957,41494,41565,71
12.8988103867,80.1802825928,42675,42715,40
12.8988399506,80.1802978516,43099,43210,111
12.8986101151,80.1803817749,43705,43745,40
12.8985595703,80.180519104,43745,43806,61
12.8986501694,80.1803588867,43806,43917,111
12.8987398148,80.180557251,45028,45199,171
12.8988399506,80.1803207397,45209,45290,81
12.8987398148,80.1804428101,45583,45633,50
12.8987703323,80.1803512573,45633,45825,192
12.8987703323,80.1803588867,45825,45916,91
12.8989400864,80.1803894043,45916,46047,131
12.8986597061,80.1803283691,46057,46249,192
12.8986501694,80.1804580688,46249,46300,51
12.898730278,80.1802825928,46562,46653,91
12.8988103867,80.1803436279,46905,46946,41
12.8985300064,80.1803436279,49511,49673,162
12.898900032,80.1803436279,49683,49743,60
12.8986997604,80.1804275513,49986,50026,40
12.898850441,80.1803131104,50026,50077,51
12.8988304138,80.1803588867,50077,50127,50
12.8988800049,80.1802215576,50127,50218,91
12.8988199234,80.1802825928,51005,51076,71
12.8987398148,80.1804275513,51318,51349,31
12.8988103867,80.1803817749,51894,51934,40
12.8988199234,80.1803512573,52501,52665,164
12.8987998962,80.1803588867,54220,54311,91
12.8987102509,80.1804962158,54705,54886,181
12.8988199234,80.1805801392,55896,55956,60
12.8986701965,80.1804504395,56946,57107,161
12.8987998962,80.1803512573,58359,58491,132
12.8986997604,80.1802978516,59197,59258,61
12.898730278,80.1804275513,59470,59520,50
12.8987998962,80.1804962158,59571,59611,40
12.8987703323,80.1803207397,59621,59722,101
12.898850441,80.1805419922,59975,60025,50
12.898730278,80.1803512573,60025,60126,101
12.8986902237,80.1802978516,60136,60217,81
12.8986902237,80.1804199219,60227,60267,40
12.8987798691,80.1805801392,60267,60459,192
12.8988304138,80.1803207397,60469,60580,111
12.8987798691,80.1804275513,60580,60621,41
12.8987598419,80.1805877686,60621,60661,40
12.8988599777,80.1803512573,60671,60712,41
12.8987903595,80.1805267334,60934,61015,81
12.8985996246,80.1803588867,61015,61075,60
12.8987598419,80.1805877686,61075,61156,81
12.8987102509,80.1803436279,61459,61550,91
12.8988800049,80.1804504395,61560,61610,50
12.8988399506,80.1805496216,61620,61651,31
12.8988704681,80.1803283691,61671,61711,40
12.8988599777,80.1804962158,61711,61873,162
12.8987903595,80.1803894043,61903,62024,121
12.8989295959,80.1803817749,62024,62065,41
12.8989095688,80.180557251,62065,62186,121
12.8988103867,80.1803817749,63348,63408,60
12.8987197876,80.1804199219,63691,63732,41
12.8988103867,80.1805801392,63732,63822,90
12.898730278,80.1804122925,63822,63974,152
12.8985996246,80.1803970337,65892,66074,182
12.8987703323,80.1801300049,66720,66771,51
12.8987197876,80.1802520752,66771,66831,60
12.8986797333,80.1803970337,66831,66902,71
12.8984603882,80.1803588867,67306,67447,141
12.8986501694,80.1802597046,67447,67528,81
12.898440361,80.1803817749,67528,67669,141
12.8987598419,80.1803207397,67669,67821,152
12.8984804153,80.1802978516,67821,67861,40
12.8987102509,80.1803894043,68194,68234,40
12.8985795975,80.1804428101,68234,68315,81
12.8986101151,80.1802902222,68537,68689,152
12.8986196518,80.1803207397,68689,68800,111
12.8985500336,80.1803436279,69890,69921,31
12.8984003067,80.1802902222,69921,70001,80
12.8987998962,80.1803588867,70022,70082,60
12.8988399506,80.1804122925,70082,70254,172
12.8984804153,80.1803207397,70254,70295,41
12.8985900879,80.1802825928,70295,70406,111
12.8987197876,80.1801986694,70416,70467,51
12.8985500336,80.1801681519,70477,70517,40
12.8985500336,80.1800765991,70517,70558,41
12.8985595703,80.1800689697,70558,70649,91
12.8986101151,80.1801376343,70659,70790,131
12.8986597061,80.1802215576,70790,70851,61
12.8987102509,80.1802368164,71103,71194,91
12.8985795975,80.1801300049,71577,71608,31
12.898730278,80.1802597046,71628,71668,40
12.8987703323,80.1803131104,71668,71850,182
12.8986902237,80.1803665161,71850,71941,91
12.8988599777,80.1803970337,71941,72032,91
12.8987398148,80.1802978516,72365,72506,141
12.8986196518,80.1802597046,72617,72708,91
12.898639679,80.1803970337,72728,72809,81
12.8987598419,80.1803512573,72809,72850,41
12.8987798691,80.1802368164,72860,72971,111
12.8986597061,80.1803283691,72971,73112,141
12.8987398148,80.1804504395,73112,73183,71
12.8988103867,80.1804962158,73809,73940,131
12.8989095688,80.1803817749,75111,75222,111
12.8986701965,80.1801605225,75222,75344,122
12.8987598419,80.1804504395,75344,75394,50
12.8985900879,80.1803588867,75394,75434,40
12.8987503052,80.1804504395,75747,75798,51
12.8989400864,80.1801681519,76373,76424,51
12.8986797333,80.1804275513,76434,76495,61
12.8987798691,80.1803817749,76495,76585,90
12.898730278,80.1803817749,77353,77476,123
12.8985795975,80.1804428101,77476,77516,40
12.8984804153,80.1803207397,78334,78476,142
12.8985204697,80.1805419922,80054,80094,40
12.8986997604,80.1804275513,80094,80153,59
12.898730278,80.1803588867,80153,80335,182
12.8989095688,80.1803512573,80335,80377,42
12.8989200592,80.1803894043,80387,80559,172
12.8987703323,80.1802902222,80559,80600,41
12.8988199234,80.180519104,80609,80680,71
12.8987998962,80.1803436279,80680,80782,102
12.8985204697,80.180480957,81117,81197,80
12.8988304138,80.1804504395,81197,81389,192
12.898639679,80.1802902222,81389,81450,61
12.8987998962,80.180557251,81976,82017,41
12.8987798691,80.1804962158,82017,82149,132
12.8988304138,80.1801986694,82149,82280,131
12.898730278,80.1803665161,82280,82472,192
12.8986701965,80.1801376343,82472,82593,121
12.8987398148,80.1802215576,82643,82674,31
12.8989200592,80.1804199219,82674,82795,121
12.8986501694,80.1803207397,84188,84229,41
12.8987398148,80.1803512573,84501,84582,81
12.898850441,80.180267334,84582,84633,51
12.9948396683,80.2066879272,27263,27435,172
12.9945497513,80.2069473267,27445,27586,141
12.9939203262,80.2068405151,27677,27718,41
12.9941196442,80.206817627,28081,28122,41
13.0987300873,80.2422180176,21506,21597,91
13.0069303513,80.2401885986,24941,25012,71
13.0003004074,80.2661819458,25809,25869,60
12.9969100952,80.2559967041,27890,27981,91
13.0065498352,80.252532959,28233,28294,61
13.006649971,80.248260498,28385,28425,40
13.0342597961,80.2372207642,29465,29546,81
13.0448198318,80.2403793335,29717,29768,51
13.0982398987,80.2144622803,31389,31430,41
13.1004695892,80.2145996094,31531,31612,81
13.1002902985,80.2147674561,31995,32046,51
13.0883998871,80.2322235107,32510,32581,71
13.0779800415,80.2449111938,33247,33288,41
13.0780200958,80.245262146,33288,33348,60
13.0780496597,80.2457427979,33358,33429,71
13.0781097412,80.2461700439,33449,33490,41
13.0782699585,80.2471618652,33570,33621,51
13.07833004,80.2475509644,33631,33692,61
13.0784797668,80.2480926514,33712,33751,39
13.0786600113,80.2488174438,33793,33954,161
13.078789711,80.2516937256,34085,34126,41
13.0274496078,80.2328262329,35735,35827,92
13.0263204575,80.2326278687,35899,35949,50
13.0243196487,80.2283172607,38237,38277,40
13.0259199142,80.2306976318,38346,38386,40
13.0332202911,80.2304763794,38528,38599,71
13.0342102051,80.2371826172,38780,38831,51
13.0446996689,80.240447998,39083,39144,61
13.0567798615,80.2425384521,39416,39467,51
13.0984697342,80.2139968872,40715,40796,81
13.1002101898,80.2145614624,41342,41373,31
13.0766201019,80.2379074097,42229,42280,51
13.0693998337,80.2436599731,42653,42684,31
13.0518703461,80.2407684326,43371,43412,41
13.046500206,80.2387237549,43593,43624,31
13.0353097916,80.2303390503,43914,44066,152
13.0066299438,80.2571182251,45196,45256,60
12.9974803925,80.2559814453,45496,45537,41
12.9999103546,80.2667388916,45809,45850,41
13.0065803528,80.2522277832,46995,47055,60
13.0066204071,80.2406768799,47308,47348,40
13.0217895508,80.2260131836,47812,47843,31
13.0292196274,80.2307891846,48035,48095,60
13.0342197418,80.2303237915,48176,48216,40
13.0484600067,80.2399902344,48843,48890,47
13.0979604721,80.2150268555,50309,50366,57
13.0983400345,80.2142105103,50429,50460,31
13.1005096436,80.2146224976,50540,50611,71
13.0533399582,80.2420425415,53486,53517,31
13.0352401733,80.2303237915,53979,54070,91
13.0273399353,80.2329025269,54320,54361,41
13.0107698441,80.2247772217,56804,56844,40
13.0288801193,80.2308425903,57357,57418,61
13.0336999893,80.23046875,57517,57560,43
13.0343198776,80.2304000854,57580,57621,41
13.0344600677,80.2304000854,57631,57691,60
13.0342197418,80.2370300293,57813,57863,50
13.0540399551,80.2422409058,58317,58368,51
13.0653400421,80.2435913086,58640,58671,31
13.0765895844,80.2382507324,58941,59002,61
13.1003799438,80.2146224976,59937,60008,71
13.0629997253,80.2444992065,62411,62451,40
13.0541601181,80.2423477173,62722,62761,39
13.0528402328,80.241859436,62822,62903,81
13.0467700958,80.2370986938,63097,63181,84
13.0355396271,80.2303695679,63402,63483,81
13.0334997177,80.2304992676,63543,63574,31
13.0269403458,80.2329864502,63766,63907,141
13.0067100525,80.2574005127,64886,64967,81
13.0001602173,80.256477356,65106,65137,31
12.9968004227,80.2565231323,66893,66961,68
13.0010404587,80.2564926147,67083,67133,50
13.0064601898,80.2529830933,67355,67396,41
13.0067195892,80.2507629395,67456,67547,91
13.0066604614,80.2489776611,67618,67695,77
13.0066204071,80.2484588623,67717,67777,60
13.0259799957,80.2310791016,68999,69070,71
13.0291004181,80.2308731079,69161,69211,50
13.031920433,80.2306594849,69272,69318,46
13.0327501297,80.2305908203,69350,69391,41
13.0331296921,80.2305603027,69400,69482,82
13.0338602066,80.2305221558,69502,69603,101
13.0346899033,80.230430603,69673,69734,61
13.0445404053,80.2405776978,70188,70239,51
13.0649700165,80.2436218262,70764,70845,81
13.1004600525,80.2146606445,72266,72326,60
13.100230217,80.2151565552,72407,72478,71
13.067779541,80.2465896606,74495,74546,51
13.0678901672,80.2476196289,74576,74626,50
13.0361795425,80.2306213379,75503,75553,50
13.0355796814,80.2305221558,75574,75664,90
13.0066604614,80.2570800781,76904,76945,41
13.0019302368,80.2566604614,77056,77106,50
13.0493097305,80.2401580811,81415,81536,121
13.0496101379,80.2402877808,81546,81647,101
13.0655298233,80.2435379028,82112,82162,50
13.099029541,80.2409362793,84050,84100,50
13.0989904404,80.2403106689,84130,84241,111
12.9869003296,80.2590789795,14,175,161
12.9872999191,80.2589035034,1852,1923,71
12.9873399734,80.2590103149,2711,2752,41
12.9873600006,80.2588806152,3419,3459,40
12.9871902466,80.2588500977,6187,6268,81
12.9873104095,80.2586212158,9453,9524,71
12.9872398376,80.2587585449,10423,10554,131
12.9874200821,80.2588500977,14436,14577,141
12.9872303009,80.2587509155,17053,17144,91
12.9799098969,80.2523498535,18033,18134,101
12.9813699722,80.2428436279,18296,18336,40
12.9759597778,80.221031189,18849,18972,123
13.0138397217,80.2231826782,19756,19806,50
13.0141096115,80.2234191895,19806,19837,31
13.0326900482,80.23046875,22354,22465,111
13.0298995972,80.2308120728,22535,22566,31
12.9755802155,80.2205429077,24116,24156,40
12.9754800797,80.2208328247,24774,24814,40
12.9874601364,80.2181015015,25036,25067,31
12.9913797379,80.2126693726,25230,25277,47
13.0079402924,80.2131118774,25803,25834,31
13.0346002579,80.2303314209,26426,26458,32
13.0273895264,80.2329025269,27903,27954,51
13.0079402924,80.2132034302,28609,28640,31
12.9760704041,80.2211608887,29910,30082,172
12.975859642,80.2210922241,30082,30173,91
12.991519928,80.2126464844,30736,30767,31
12.9935598373,80.2103881836,30878,30938,60
12.9971599579,80.2104415894,31080,31130,50
13.0077104568,80.2128601074,31482,31573,91
13.0256996155,80.2302474976,32167,32205,38
13.0345001221,80.2303237915,32425,32477,52
13.034330368,80.2297515869,32528,32568,40
13.0342597961,80.2300872803,32578,32720,142
13.0112400055,80.2234573364,33455,33486,31
13.0087003708,80.2136688232,33728,33799,71
13.0082702637,80.2133636475,33809,33849,40
12.9756002426,80.2205734253,34839,34870,31
12.9757404327,80.2209396362,34880,35042,162
13.0076599121,80.2127914429,36735,36775,40
13.0078001022,80.2129211426,36775,36846,71
13.0235300064,80.2275924683,37493,37533,40
13.0324602127,80.2305374146,37844,37885,41
13.0342197418,80.2300415039,38066,38178,112
13.0279502869,80.2310028076,38349,38380,31
13.0278301239,80.2323989868,38440,38501,61
13.0271196365,80.2329406738,38541,38572,31
13.0267601013,80.2329711914,38582,38713,131
13.0081996918,80.2133712769,39360,39400,40
12.9758396149,80.2210235596,40239,40279,40
12.9985198975,80.2074432373,41833,41873,40
13.007900238,80.2130737305,42096,42156,60
13.0347995758,80.2302703857,42914,42954,40
13.0349502563,80.2301177979,42964,43015,51
13.0349397659,80.2298583984,43015,43065,50
13.0346097946,80.2298431396,43076,43116,40
13.0345697403,80.2298202515,43126,43177,51
13.027009964,80.2329406738,43851,43912,61
13.0082597733,80.2133789063,44537,44568,31
12.9869804382,80.2515029907,45988,46130,142
12.9868001938,80.2590408325,46615,46665,50
12.9869203568,80.259147644,49231,49393,162
12.9875097275,80.2562026978,49474,49560,86
13.0350103378,80.2300491333,51845,51895,50
13.0346603394,80.2297592163,51915,51966,51
13.0342502594,80.2298202515,51996,52138,142
13.0270500183,80.2329406738,52370,52420,50
13.0038299561,80.2121276855,53237,53308,71
13.0003700256,80.2077789307,53439,53499,60
12.9928998947,80.2129135132,53984,54015,31
12.9754896164,80.2208862305,55227,55304,77
12.9982700348,80.2081222534,55902,55993,91
12.9983596802,80.2078018188,55993,56053,60
13.0037498474,80.2118606567,56367,56417,50
13.0259504318,80.230796814,56912,56951,39
13.029250145,80.2308197021,57043,57093,50
13.0339202881,80.230430603,57174,57224,50
13.0342102051,80.2300720215,57315,57487,172
13.001950264,80.2085723877,58476,58577,101
12.9994602203,80.2076416016,58678,58719,41
12.9756402969,80.2204666138,59323,59414,91
12.9754695892,80.220703125,59414,59505,91
12.9754400253,80.2208404541,60586,60737,151
12.9936103821,80.2101898193,61138,61171,33
12.9981298447,80.2089767456,61322,61363,41
13.007900238,80.2130966187,61636,61676,40
13.0258998871,80.2306213379,62110,62141,31
13.0293197632,80.2308578491,62240,62280,40
13.0342903137,80.2304077148,62371,62411,40
13.0343399048,80.2297210693,62472,62543,71
13.0270996094,80.232963562,63006,63076,70
13.01404953,80.2264709473,63407,63448,41
12.9758300781,80.2203369141,64783,64900,117
12.9983701706,80.2074584961,66588,66629,41
12.9988603592,80.2075424194,66639,66679,40
13.0077800751,80.2130203247,66942,66993,51
13.0154600143,80.2249908447,67265,67296,31
13.0333795547,80.2305297852,67840,67871,31
13.0340795517,80.2304916382,67891,67931,40
13.034239769,80.2300262451,68032,68174,142
13.0341501236,80.230430603,68184,68265,81
13.0268096924,80.2330169678,68527,68659,132
13.0090303421,80.2142791748,69346,69457,111
13.0087003708,80.2138519287,69477,69518,41
13.0084104538,80.2135314941,69538,69588,50
12.998339653,80.207649231,69871,70003,132
12.9757299423,80.2203598022,70621,70692,71
12.9817199707,80.2179336548,71763,71823,60
12.9972200394,80.2105178833,72318,72349,31
13.0078001022,80.2130966187,72702,72733,31
13.0341796875,80.2298583984,73509,73646,137
13.0341300964,80.23021698,73646,73739,93
13.0267896652,80.233039856,73979,74020,41
13.0082197189,80.2134170532,74668,74728,60
12.9755601883,80.220489502,75666,75706,40
12.9755601883,80.2209625244,75716,75757,41
12.9860496521,80.2517471313,76525,76646,121
12.9877996445,80.2542572021,76743,76807,64
12.9876499176,80.2555923462,76847,76989,142
12.9872703552,80.2594223022,77059,77090,31
12.9869298935,80.2595214844,77130,77251,121
12.9970197678,80.1913909912,28637,28718,81
12.9969596863,80.1914215088,28718,28879,161
12.9969797134,80.1913986206,28879,28950,71
12.9974403381,80.1914901733,36058,36089,31
12.9972696304,80.1917495728,36099,36169,70
12.9972200394,80.1914215088,41398,41579,181
12.9973697662,80.1915206909,43729,43780,51
12.9973297119,80.1918029785,43790,43840,50
13.0091295242,80.2113876343,45715,45767,52
13.0068902969,80.2398834229,46189,46239,50
13.0065603256,80.2569503784,46492,46562,70
13.0263004303,80.2654800415,46906,47027,121
13.0267801285,80.26587677,47057,47097,40
13.0067300797,80.2403335571,48952,48983,31
13.0081396103,80.2132873535,49376,49407,31
13.0039901733,80.2011032104,49787,49818,31
12.9940700531,80.1859130859,50202,50251,49
12.9516496658,80.1406021118,51109,51140,31
12.690489769,79.9799880981,54622,54712,90
12.6909503937,79.9799880981,54733,54924,191
12.6911096573,79.9804534912,55409,55459,50
12.7236995697,79.9816513062,55996,56048,52
12.8427801132,80.0584411621,57315,57356,41
12.9062204361,80.0961074829,58106,58166,60
12.92689991,80.1179962158,58520,58570,50
13.0091199875,80.2107696533,60213,60245,32
13.0291500092,80.2308578491,60794,60834,40
13.0345201492,80.2304000854,60935,60966,31
13.0346603394,80.2303771973,60976,61016,40
13.034740448,80.2299423218,61046,61127,81
13.0341901779,80.2302398682,62409,62470,61
13.0310897827,80.2307128906,62540,62651,111
13.0270395279,80.2329864502,62762,62793,31
13.0006198883,80.195022583,63909,63940,31
12.9901800156,80.1799697876,64312,64352,40
12.9899501801,80.1796798706,64362,64413,51
12.9897499084,80.1794586182,64413,64514,101
12.9378595352,80.1288299561,65704,65744,40
12.906129837,80.0962371826,66359,66390,31
12.7243003845,79.9821624756,68525,68556,31
12.6920499802,79.9801712036,69101,69141,40
12.691740036,79.9804000854,69151,69202,51
12.690079689,79.9807434082,69373,69444,71
12.6904602051,79.9802703857,69464,69504,40
12.6911001205,79.9804763794,70485,70586,101
12.72397995,79.981842041,71161,71222,61
12.8800601959,80.0804824829,72895,72926,31
13.0068798065,80.2401733398,75791,75892,101
13.0065803528,80.2474975586,77070,77161,91
13.0087795258,80.2138519287,77566,77606,40
13.0040102005,80.201133728,77990,78021,31
12.9881095886,80.2236480713,720,842,122
12.9881801605,80.2237091064,12324,12516,192
12.9881801605,80.2236709595,18201,18383,182
12.986579895,80.2385101318,23028,23160,132
12.988360405,80.2233428955,27411,27452,41
12.9914703369,80.2334823608,27654,27714,60
12.998749733,80.2391967773,27876,27916,40
13.0056800842,80.2423477173,28027,28219,192
13.0057201385,80.2423629761,28240,28401,161
13.0057601929,80.2423477173,28411,28543,132
12.9883499146,80.2233276367,29310,29350,40
12.988360405,80.2233276367,30905,30946,41
12.9917898178,80.2336578369,31188,31229,41
12.9987401962,80.2391815186,31410,31441,31
12.9939603806,80.2344589233,32683,32733,50
12.9909496307,80.2317733765,32875,32915,40
12.9883804321,80.2233123779,33137,33208,71
12.990070343,80.2415771484,33652,33783,131
12.9898004532,80.241569519,33793,33854,61
12.988360405,80.2233123779,34561,34632,71
12.9884700775,80.2233963013,38893,38944,51
13.005689621,80.2423171997,39429,39519,90
12.9909095764,80.2315216064,39954,40004,50
12.9908103943,80.2300186157,40034,40065,31
12.9883499146,80.2233200073,40216,40256,40
12.9883804321,80.2233428955,41781,41821,40
12.9917497635,80.2336273193,42053,42114,61
12.9939603806,80.2345504761,43467,43538,71
12.9919099808,80.2338180542,43578,43639,61
12.9910802841,80.2317810059,43679,43710,31
12.990819931,80.2300491333,43740,43780,40
12.9883899689,80.2233581543,43941,44002,61
12.9899597168,80.2277069092,44093,44125,32
12.9866199493,80.2333068848,44266,44316,50
12.9864797592,80.2352523804,44357,44407,50
12.9883203506,80.2233581543,45366,45407,41
12.9907999039,80.230178833,45558,45589,31
12.9917697906,80.233757019,47275,47345,70
12.990940094,80.2317810059,47396,47436,40
12.9908103943,80.2300033569,47467,47507,40
12.9901895523,80.2274169922,47547,47578,31
12.9883003235,80.2233581543,47658,47739,81
12.989859581,80.2276763916,47829,47860,31
12.9864301682,80.2351989746,48062,48103,41
12.9864597321,80.2352828979,48587,48628,41
12.9883298874,80.2233276367,48900,48991,91
12.9917602539,80.2336502075,49223,49254,31
12.9987401962,80.2391967773,49425,49496,71
12.9909200668,80.2317962646,50576,50607,31
12.9884595871,80.223487854,67430,67470,40
12.9883098602,80.2233810425,68652,68692,40
12.9917802811,80.2337417603,68935,68985,50
12.9882898331,80.2233963013,72428,72500,72
12.9864797592,80.2385864258,74590,74772,182
12.9865198135,80.2385025024,74772,74873,101
12.9860095978,80.2335128784,75569,75610,41
12.9883203506,80.2234573364,75903,75953,50
12.9991798401,80.2393493652,77306,77337,31
13.0263500214,80.2658233643,8678,8859,181
13.0262298584,80.2659835815,8859,9031,172
13.0138301849,80.2231674194,19802,19843,41
13.0169401169,80.2252883911,22649,22690,41
13.0144500732,80.2262420654,22730,22780,50
13.0345602036,80.2681732178,23819,23851,32
13.0065202713,80.257598877,24971,25032,61
13.006360054,80.2573394775,25032,25082,50
13.0066900253,80.2518386841,25193,25244,51
13.0341796875,80.230430603,26122,26162,40
13.0067396164,80.2452316284,28736,28807,71
13.016500473,80.2596969604,29180,29231,51
13.0337400436,80.2678909302,29725,29766,41
13.0345001221,80.2679824829,29786,29826,40
13.0345802307,80.2681732178,29826,29857,31
13.0333499908,80.2678604126,29887,29937,50
13.0066299438,80.2518997192,31189,31239,50
13.0260000229,80.2311477661,32299,32350,51
13.0348396301,80.2302474976,32552,32592,40
13.0348100662,80.2297592163,32632,32683,51
13.0344200134,80.2297592163,32683,32804,121
13.0343103409,80.230140686,32804,32885,81
13.0272302628,80.2328796387,33127,33258,131
13.0069904327,80.2400436401,33934,34035,101
13.0067300797,80.256652832,34389,34449,60
13.0345602036,80.2681427002,35257,35297,40
13.0066900253,80.2578811646,37235,37306,71
13.0238800049,80.2278900146,38254,38295,41
13.0327796936,80.2305221558,38577,38608,31
13.0348596573,80.2302017212,38688,38719,31
13.0346498489,80.2299880981,38739,38810,71
13.0277795792,80.2321777344,39940,40011,71
13.0266704559,80.2330474854,40051,40142,91
13.0069704056,80.2401199341,40697,40808,111
13.0068101883,80.251449585,41070,41121,51
13.0338201523,80.2678604126,41958,42039,81
13.0345602036,80.2679901123,42059,42100,41
13.0333795547,80.2678985596,42160,42342,182
13.0252304077,80.2653198242,43038,43069,31
13.0066099167,80.2518920898,43624,43715,91
13.0066604614,80.2479400635,43815,43987,172
13.0345897675,80.2303619385,44986,45057,71
13.0343904495,80.2298126221,45309,45420,111
13.0268297195,80.2329788208,45652,45703,51
13.0246696472,80.229133606,45784,45874,90
13.0068397522,80.2510986328,46530,46561,31
13.0066795349,80.2572097778,46652,46702,50
13.0336503983,80.2678604126,47398,47449,51
13.0344800949,80.2679977417,47469,47550,81
13.0266304016,80.2656936646,47772,47873,101
13.0265798569,80.2656402588,47873,48024,151
13.0265798569,80.2655181885,48943,49084,141
13.0265398026,80.2655487061,49094,49134,40
13.0345497131,80.2680130005,50436,50487,51
13.0065898895,80.2519683838,51314,51395,81
13.0066204071,80.2478408813,51476,51546,70
13.0341300964,80.2304763794,52475,52515,40
13.0349502563,80.2301635742,52535,52566,31
13.0345802307,80.2297592163,52596,52788,192
13.0341997147,80.2302017212,52808,52868,60
13.0066795349,80.2572784424,53857,53948,91
13.0336999893,80.267829895,54624,54655,31
13.0065803528,80.2576293945,56593,56683,90
13.0065202713,80.2531433105,56784,56825,41
13.0066699982,80.2518386841,56855,56936,81
13.0066604614,80.2484207153,57006,57077,71
13.0110197067,80.2242736816,57481,57531,50
13.0340204239,80.23046875,58036,58086,50
13.0070199966,80.2397232056,59731,59832,101
13.0334396362,80.2678833008,60922,61013,91
13.0065002441,80.2576522827,62527,62648,121
13.006529808,80.2526931763,62749,62780,31
13.0066699982,80.2406005859,63062,63103,41
13.0256996155,80.2303237915,63728,63759,31
13.0294399261,80.2308425903,63860,64030,170
13.0339803696,80.23046875,64082,64152,70
13.0345602036,80.2301025391,64223,64273,50
13.0302095413,80.2308273315,64919,64960,41
13.0199203491,80.2248382568,65232,65263,31
13.0144195557,80.2263031006,65384,65424,40
13.0070104599,80.2398376465,65727,65838,111
13.0068597794,80.2492980957,65989,66030,41
13.0163898468,80.2596969604,66343,66393,50
13.0344200134,80.2680435181,67069,67100,31
13.0343704224,80.2680969238,67120,67160,40
13.0297899246,80.2666931152,67998,68038,40
13.0064601898,80.2533035278,68765,68856,91
13.0065603256,80.2521133423,69118,69250,132
13.0065498352,80.2464599609,69401,69452,51
13.0065803528,80.2460784912,69452,69502,50
13.0065097809,80.2414093018,69633,69724,91
13.0291900635,80.2309036255,70481,70521,40
13.0334596634,80.2305831909,70612,70673,61
13.0342998505,80.2304763794,70713,70744,31
13.0347700119,80.2301330566,70774,70834,60
13.0269203186,80.2330093384,71733,71854,121
13.0142202377,80.226348877,72227,72258,31
13.0069904327,80.2396774292,72470,72611,141
13.0336999893,80.267906189,73620,73651,31
13.0333003998,80.2678985596,73741,73933,192
13.0262804031,80.2660827637,74388,74448,60
13.0064897537,80.2578430176,74852,74973,121
13.0065803528,80.248298645,75155,75205,50
13.0065002441,80.2467498779,75245,75276,31
13.0065803528,80.2406768799,75387,75427,40
13.0341796875,80.2300491333,76305,76386,81
13.0341701508,80.2303619385,76396,76487,91
13.0067195892,80.2574005127,77436,77507,71
13.0305900574,80.2668533325,78254,78334,80
13.0266895294,80.2660522461,78455,78486,31
13.026260376,80.266456604,80555,80747,192
13.0264997482,80.2663879395,80747,80858,111
13.0265102386,80.2662582397,80868,80949,81
13.0249500275,80.267829895,81272,81332,60
13.0252103806,80.2674636841,81352,81463,111
13.0501499176,80.2070999146,5628,5709,81
13.0502300262,80.2072525024,18808,18959,151
13.050160408,80.2070922852,19534,19655,121
13.0500202179,80.2072067261,19655,19819,164
13.0500001907,80.2068634033,19859,19920,61
13.0694999695,80.2055206299,20323,20374,51
13.0679798126,80.2051010132,20929,21121,192
13.0696802139,80.2048034668,21191,21222,31
13.0094804764,80.2110519409,22297,22388,91
12.9877796173,80.2550735474,23900,23940,40
12.9871902466,80.2595062256,24061,24092,31
12.9868402481,80.2590408325,25101,25212,111
12.9755001068,80.2208480835,26077,26108,31
13.0347003937,80.2099380493,27215,27255,40
13.0440998077,80.2122192383,27437,27536,99
13.0686597824,80.2054595947,27980,28060,80
13.0679502487,80.2051620483,28091,28171,80
13.0497598648,80.2121429443,28601,28633,32
13.0444803238,80.2124176025,28694,28765,71
13.0303096771,80.2091827393,28997,29037,40
13.009929657,80.2113494873,29540,29590,50
13.0096998215,80.21118927,29600,29691,91
12.9839401245,80.2180023193,30601,30642,41
12.9763803482,80.2218170166,30803,30884,81
12.9813995361,80.242980957,31386,31437,51
12.9800901413,80.2522583008,31548,31598,50
12.9876699448,80.2556533813,32062,32203,141
12.9875497818,80.256942749,33795,33846,51
12.9813203812,80.2434997559,34554,34585,31
12.9756603241,80.220916748,35178,35279,101
12.9874000549,80.2182235718,35539,35580,41
13.0019798279,80.2124176025,35883,35944,61
13.0070295334,80.2097625732,36325,36376,51
13.0438604355,80.2122268677,37293,37402,109
13.067990303,80.2052001953,38179,38269,90
13.0697898865,80.2048416138,38320,38360,40
13.0509395599,80.2121505737,38672,38713,41
13.0447597504,80.2123718262,38814,38895,81
13.0096597672,80.211151123,39746,39787,41
12.9759302139,80.2201919556,40774,40814,40
12.9813899994,80.2426605225,41359,41390,31
12.9850196838,80.2520904541,41583,41643,60
12.9856700897,80.2518997192,41663,41704,41
12.9863395691,80.2517318726,41724,41784,60
12.9877300262,80.2550964355,41885,42056,171
12.9872598648,80.2594985962,42147,42187,40
12.9801797867,80.2527084351,43539,43610,71
12.975399971,80.220916748,44313,44394,81
12.9787197113,80.219078064,44465,44520,55
13.0441598892,80.2122497559,45923,46024,101
13.0496397018,80.2119598389,46165,46206,41
13.037560463,80.2124023438,47767,47838,71
13.0145902634,80.2047424316,48330,48361,31
13.0106401443,80.2119369507,48611,48671,60
13.0100402832,80.2114562988,48712,48752,40
13.0112304688,80.2235412598,49248,49296,48
12.9865398407,80.2517089844,50514,50613,99
12.9878196716,80.2548980713,50693,50784,91
12.9872598648,80.2596817017,50935,50996,61
12.9754400253,80.2207870483,54707,54747,40
13.0438499451,80.2122192383,56311,56372,61
13.0495100021,80.2119369507,56483,56523,40
13.0691204071,80.2050933838,56885,57006,121
13.0682497025,80.2051773071,57914,57975,61
13.0689897537,80.2047729492,58015,58056,41
13.0697603226,80.2049026489,58086,58157,71
13.0145196915,80.2047576904,59142,59203,61
13.0140695572,80.2045822144,59233,59284,51
13.0100698471,80.2115020752,59506,59556,50
13.0095796585,80.2111206055,59576,59617,41
12.9854898453,80.2519683838,61330,61481,151
12.9868297577,80.2592468262,61754,61804,50
12.9871797562,80.2591171265,61804,61885,81
12.9876003265,80.2562866211,61965,62052,87
12.9813404083,80.2436218262,62438,62559,121
12.9758996964,80.2212371826,63133,63193,60
12.9755296707,80.2208404541,63203,63264,61
12.9945802689,80.217338562,63606,63637,31
13.0073204041,80.2098083496,63980,64021,41
13.0349798203,80.2112503052,64662,64693,31
13.043680191,80.2121200562,64886,64917,31
13.0697603226,80.2049179077,66824,66874,50
13.049489975,80.2122421265,67367,67407,40
13.0465898514,80.212387085,67447,67478,31
13.0447301865,80.2125015259,67538,67688,150
13.0377101898,80.2125091553,67769,67810,41
12.9981603622,80.2167205811,69422,69473,51
12.9759101868,80.2203216553,69977,70027,50
12.9763402939,80.2218933105,70074,70106,32
12.9820299149,80.232131958,70348,70409,61
12.9877796173,80.25415802,71499,71565,66
12.9871902466,80.259437561,71699,71740,41
12.9868898392,80.2591094971,72143,72184,41
12.9873399734,80.2582702637,72224,72365,141
12.9812402725,80.2380218506,73243,73284,41
12.9811401367,80.2355270386,73453,73605,152
12.9811296463,80.2351608276,73605,73705,100
12.9811296463,80.2347793579,73705,73736,31
12.9812002182,80.2341690063,73776,73837,61
12.9760198593,80.2215881348,74250,74291,41
12.9754800797,80.220993042,74331,74382,51
13.0134801865,80.2042388916,75308,75339,31
13.0300397873,80.2090606689,75591,75622,31
13.0683803558,80.2054672241,76406,76507,101
13.0681495667,80.2054595947,76507,76557,50
13.0686903,80.2048110962,76597,76668,71
13.0491600037,80.2068328857,77575,77606,31
13.0501499176,80.2069091797,77637,77687,50
13.0507097244,80.2066879272,80512,80613,101
12.9975404739,80.2570419312,1175,1256,81
12.9974098206,80.2569885254,1256,1306,50
12.997590065,80.2569580078,1306,1387,81
12.997759819,80.2570114136,1387,1427,40
12.9978399277,80.2571792603,1437,1478,41
12.9976100922,80.256980896,2668,2820,152
12.9978599548,80.2570037842,7178,7259,81
12.9975996017,80.2572784424,12406,12487,81
12.9978599548,80.2570800781,14003,14073,70
12.9979600906,80.2573623657,18362,18422,60
12.9977502823,80.2561416626,18705,18785,80
12.9973897934,80.2560501099,20501,20683,182
13.0066204071,80.2474365234,22385,22426,41
13.0443201065,80.2120895386,24350,24381,31
13.0492897034,80.2071609497,25257,25418,161
13.0445299149,80.2124176025,27264,27315,51
13.0067501068,80.2574615479,29892,29962,70
13.0057497025,80.2574310303,32068,32108,40
13.0065898895,80.251953125,32209,32260,51
13.0066604614,80.2481231689,32320,32351,31
13.0067396164,80.2403488159,32552,32593,41
13.0235204697,80.2275924683,33107,33138,31
13.0260896683,80.2309188843,33257,33296,39
13.029419899,80.2307815552,33388,33438,50
13.0443401337,80.2117919922,34902,34993,91
13.0498895645,80.2117767334,36484,36593,109
13.0499095917,80.2120666504,36603,36643,40
13.0355396271,80.2078704834,37552,37583,31
13.0277500153,80.2317962646,38468,38519,51
13.0272197723,80.2329406738,38600,38721,121
13.006939888,80.2400436401,39253,39305,52
13.0070400238,80.2401275635,39305,39365,60
13.0067195892,80.257232666,39648,39728,80
13.0023899078,80.256729126,39809,39868,59
12.9977798462,80.2570037842,39981,40142,161
12.9975795746,80.2571029663,40152,40283,131
12.9975500107,80.256942749,40314,40394,80
12.9975404739,80.2567367554,40404,40505,101
13.0002603531,80.2663574219,40899,41020,121
12.9990701675,80.2561035156,42232,42273,41
13.0007400513,80.256401062,42303,42343,40
13.0066795349,80.2481994629,42614,42704,90
13.019610405,80.2244415283,43280,43311,31
13.0257701874,80.2303771973,43422,43492,70
13.0303497314,80.2284088135,43694,43766,72
13.0301399231,80.2091598511,44331,44371,40
13.0370798111,80.1962966919,44696,44742,46
13.0468597412,80.2121734619,45240,45280,40
13.0446996689,80.2123718262,45946,45996,50
13.0306301117,80.2302474976,47505,47555,50
13.0267400742,80.232963562,47757,47807,50
13.0069103241,80.2400894165,48370,48431,61
13.0003595352,80.2661437988,49250,49389,139
13.0004501343,80.2663116455,49722,49914,192
12.9968595505,80.2561798096,52890,52960,70
12.9984998703,80.2559890747,53011,53071,60
12.9991397858,80.2560272217,53102,53152,50
13.0066204071,80.2518615723,53412,53493,81
13.0066299438,80.2478408813,53584,53683,99
13.0259895325,80.231262207,54374,54414,40
13.0291795731,80.230796814,54485,54525,40
13.0442695618,80.2118682861,55985,56016,31
13.0470399857,80.2120895386,56066,56097,31
13.0493202209,80.2072601318,56531,56571,40
13.0497903824,80.2116775513,56672,56722,50
13.0068597794,80.2509536743,59419,59459,40
13.0066699982,80.2571792603,59570,59611,41
13.0014600754,80.2566223145,59722,59782,60
13.0065002441,80.2528610229,61742,61853,111
13.0065898895,80.2521514893,61873,61994,121
13.0067796707,80.2500610352,62034,62095,61
13.0285797119,80.2308883667,63045,63097,52
13.0304603577,80.2166213989,63590,63629,39
13.0309801102,80.2101135254,63745,63776,31
13.0491304398,80.2068786621,65079,65180,101
13.0498600006,80.2117919922,66058,66138,80
13.0448999405,80.2124633789,66270,66339,69
13.0070695877,80.2394332886,69275,69316,41
13.0026903152,80.2568664551,69871,69911,40
12.9976701736,80.256072998,70042,70131,89
12.9971504211,80.2560272217,70141,70212,71
12.9968299866,80.256362915,71836,71886,50
12.9989404678,80.256111145,71995,72036,41
13.0007696152,80.2564468384,72076,72117,41
13.0063695908,80.2574691772,72228,72278,50
13.0065803528,80.2484512329,72460,72500,40
13.0065202713,80.2412185669,72631,72692,61
13.029129982,80.2308502197,73456,73517,61
13.0300502777,80.2093276978,74223,74254,31
13.0469999313,80.2121810913,75260,75291,31
13.049249649,80.20728302,75924,76116,192
13.049249649,80.2073364258,76116,76257,141
13.0497999191,80.2118682861,76378,76439,61
13.0069303513,80.2400588989,78875,78945,70
13.0068101883,80.2515411377,79123,79163,40
12.9978704453,80.2565765381,79485,79536,51
13.0986204147,80.2414627075,21312,21343,31
13.0066995621,80.2571792603,24470,24531,61
12.9969301224,80.2561721802,26770,26820,50
13.0067396164,80.251701355,27072,27113,41
13.0342798233,80.2373504639,28151,28201,50
13.0657901764,80.243522644,28785,28825,40
13.0984296799,80.2141418457,29832,29863,31
13.1005802155,80.2146835327,29933,29994,61
13.1003303528,80.2150268555,30054,30105,51
13.0911998749,80.2276382446,31850,31890,40
13.0872497559,80.2346191406,32062,32123,61
13.0764598846,80.2372817993,32516,32547,31
13.0778398514,80.2438812256,32668,32718,50
13.0777797699,80.2444610596,32728,32860,132
13.0778398514,80.2448272705,32860,32971,111
13.0779600143,80.2457809448,33021,33071,50
13.0782203674,80.247467041,33213,33253,40
13.078379631,80.247756958,33263,33384,121
13.0783996582,80.2481384277,33384,33415,31
13.0786600113,80.249130249,33506,33546,40
13.0787601471,80.2500915527,33576,33637,61
13.0785303116,80.2510910034,33697,33728,31
13.0572595596,80.2428283691,34616,34656,40
13.0527801514,80.2417678833,34777,34828,51
13.0274896622,80.2328414917,35512,35643,131
12.996919632,80.2561798096,38079,38119,40
13.0010595322,80.2564697266,38218,38269,51
13.0067396164,80.2491531372,38470,38531,61
13.0258398056,80.2306213379,39369,39449,80
13.0342998505,80.2304382324,39621,39661,40
13.065580368,80.243522644,40534,40585,51
13.0983104706,80.2143783569,41538,41619,81
13.0764799118,80.2375793457,43968,44029,61
13.0570802689,80.2427825928,44965,45006,41
13.03565979,80.2304000854,45561,45632,71
13.0068798065,80.239906311,46418,46458,40
13.0067195892,80.2510604858,46658,46709,51
13.0066404343,80.2529907227,46739,46890,151
13.0065898895,80.2465133667,47304,47344,40
13.0983495712,80.2142562866,50163,50194,31
13.0983896255,80.2141418457,50194,50234,40
13.1001996994,80.2145080566,50274,50315,41
13.1005496979,80.2146224976,50325,50365,40
13.0766401291,80.2378921509,53457,53527,70
13.0354299545,80.2302932739,54920,54981,61
13.0023202896,80.2566375732,56110,56191,81
12.9968700409,80.2564163208,57622,57663,41
13.0008802414,80.2564697266,57764,57804,40
13.0067195892,80.2489395142,58105,58175,70
13.0066404343,80.2409286499,58347,58387,40
13.033829689,80.2305374146,59146,59187,41
13.0344696045,80.230430603,59217,59278,61
13.034119606,80.2373123169,59429,59465,36
13.0565299988,80.2426376343,60044,60104,60
13.0657396317,80.2436065674,60296,60357,61
13.0713796616,80.2416610718,60496,60536,40
13.1004695892,80.2146606445,61614,61685,71
13.0802097321,80.2335128784,63340,63401,61
13.035200119,80.2303237915,65288,65430,142
13.0143003464,80.2262878418,66032,66064,32
13.0069704056,80.2398986816,66346,66387,41
13.0066099167,80.255027771,66669,66700,31
13.0016403198,80.2566299438,66942,67013,71
12.9968395233,80.2561721802,69173,69284,111
12.9992599487,80.2562026978,69354,69405,51
13.006480217,80.2539596558,69617,69657,40
13.0064496994,80.2533874512,69667,69698,31
13.0065097809,80.2523193359,69728,69778,50
13.0065698624,80.2476730347,69849,69889,40
13.0065698624,80.2410812378,70122,70192,70
13.025850296,80.2308197021,70897,70947,50
13.029250145,80.2309036255,71048,71089,41
13.0341100693,80.2371368408,71391,71472,81
13.0540895462,80.2423400879,72037,72078,41
13.1001796722,80.21459198,73742,73866,124
13.0354099274,80.2303390503,77540,77600,60
13.0269298553,80.2329788208,77833,77873,40
13.0069198608,80.2399291992,78406,78467,61
13.0488195419,80.2400665283,82060,82141,81
13.0496101379,80.240272522,82171,82282,111
13.0989303589,80.2410812378,84489,84527,38
13.0990600586,80.2404327393,84568,84719,151
13.0145797729,80.2256088257,12,133,121
13.0146903992,80.2256393433,18110,18271,161
13.0145702362,80.2257614136,19833,20004,171
13.0142402649,80.2260665894,21607,21647,40
12.9224300385,80.1421737671,23859,23940,81
12.9230804443,80.1254425049,25508,25549,41
12.9751996994,80.2205734253,27548,27609,61
12.9760599136,80.2212219238,27639,27689,50
13.0076704025,80.2128601074,28321,28353,32
13.0346298218,80.2300415039,29763,29814,51
13.034239769,80.2298965454,30570,30671,101
13.0234699249,80.2276992798,31003,31053,50
13.0231304169,80.2275009155,31053,31084,31
13.0082502365,80.2133789063,31586,31626,40
13.0079202652,80.2131576538,31646,31777,131
12.9973402023,80.2164001465,32009,32059,50
12.9171600342,80.1942672729,33589,33700,111
12.9226903915,80.1519775391,34333,34393,60
12.922419548,80.1433029175,34494,34534,40
12.9224996567,80.1428375244,36225,36266,41
13.0288696289,80.2308425903,39938,39978,40
13.0340204239,80.2304534912,40089,40129,40
13.0349397659,80.230178833,40159,40200,41
13.0341901779,80.2299423218,40240,40290,50
13.0341300964,80.230430603,40955,41026,71
13.0297403336,80.2308578491,41096,41137,41
13.0268802643,80.2328567505,41217,41268,51
12.9845399857,80.2229614258,47694,47754,60
13.0078601837,80.2130889893,48327,48359,32
13.0153303146,80.2248764038,48550,48582,32
13.029299736,80.2307891846,48904,48966,62
13.0345001221,80.2303619385,49057,49097,40
13.0296401978,80.2308197021,49218,49269,51
13.0140695572,80.2255630493,49712,49833,121
13.0145998001,80.2254486084,50286,50347,61
13.0257501602,80.2304382324,53160,53191,31
13.0344800949,80.2297973633,53453,53634,181
12.9292898178,80.2027435303,60189,60222,33
12.9341096878,80.2039413452,60272,60317,45
12.9750299454,80.2205810547,60946,61037,91
13.0329704285,80.2305679321,62627,62698,71
13.034620285,80.2298278809,62859,62960,101
13.0342798233,80.2296981812,62960,63083,123
13.0087499619,80.213760376,64351,64451,100
12.9834299088,80.222366333,65065,65146,81
12.9480800629,80.2099075317,65701,65740,39
12.922659874,80.1520080566,67247,67307,60
12.9231700897,80.1206588745,67812,67843,31
12.9234399796,80.1171569824,68645,68705,60
12.9232702255,80.121711731,68887,68998,111
12.9230604172,80.125579834,69058,69098,40
12.9224796295,80.1425476074,69461,69522,61
12.9226303101,80.1467208862,69653,69733,80
12.9746799469,80.2205123901,71475,71576,101
12.9760599136,80.221282959,71656,71747,91
12.98458004,80.2230377197,72017,72057,40
12.985449791,80.2232284546,72096,72128,32
12.9859600067,80.2229919434,72168,72259,91
12.9864997864,80.2229995728,72269,72410,141
12.9869003296,80.2230606079,72410,72521,111
13.0077104568,80.2129974365,73045,73126,81
13.0242996216,80.2284698486,73557,73596,39
13.0345897675,80.2298583984,73918,73978,60
13.0341901779,80.2298431396,73978,74119,141
13.0341396332,80.2300491333,74119,74210,91
13.0083799362,80.213508606,75014,75055,41
12.9763803482,80.2211380005,75808,75849,41
12.9226703644,80.1519775391,77482,77533,51
13.0347499847,80.2302627563,82010,82050,40
13.0171804428,80.225151062,82506,82547,41
13.0146198273,80.22605896,82627,82678,51
13.0141601563,80.2257232666,82708,82829,121
13.0502996445,80.2122268677,31670,31741,71
13.0316095352,80.2095413208,32165,32205,40
13.0306301117,80.2093429565,32225,32272,47
13.013710022,80.2044219971,32749,32789,40
13.0080404282,80.213142395,33948,33988,40
12.9973697662,80.2105102539,34322,34474,152
12.9901895523,80.2099761963,34540,34572,32
12.9901800156,80.2119064331,34593,34653,60
12.9877195358,80.2160568237,34683,34724,41
12.981470108,80.2179031372,34835,34944,109
12.9757204056,80.2209625244,34974,35025,51
12.9763498306,80.2216796875,35045,35125,80
12.9758796692,80.2210769653,35206,35247,41
12.9756803513,80.2208709717,35247,35307,60
12.9761600494,80.2199401855,35317,35368,51
12.9754695892,80.2207794189,35933,35993,60
13.0076704025,80.2089614868,37162,37222,60
13.0141296387,80.2042388916,37379,37412,33
13.0221004486,80.2062072754,37563,37594,31
13.0682001114,80.2052764893,38812,38853,41
13.0681495667,80.2052078247,38863,38933,70
13.0679197311,80.2052230835,40638,40679,41
13.0357198715,80.2123413086,41447,41487,40
13.0098304749,80.2113037109,42209,42250,41
13.0095396042,80.2110824585,42250,42308,58
13.0085201263,80.2135620117,42851,42897,46
12.9753303528,80.2215499878,44159,44290,131
12.9773902893,80.2217102051,45440,45619,179
12.9824800491,80.2180175781,45629,45670,41
12.9845504761,80.2183685303,45690,45769,79
12.9892196655,80.2145767212,45818,45880,62
12.9901399612,80.2108764648,45910,45961,51
12.9923095703,80.209777832,45991,46051,60
12.9934797287,80.2100372314,46112,46172,60
12.9977903366,80.2160186768,46491,46586,95
13.0055799484,80.2083206177,46713,46907,194
13.0110197067,80.2035827637,46966,47028,62
13.068400383,80.2054824829,48663,48815,152
13.0682401657,80.2053985596,49107,49198,91
13.0695800781,80.204788208,49248,49279,31
13.0445604324,80.212348938,49703,49734,31
13.0339698792,80.2122573853,49863,49924,61
13.0354995728,80.2058868408,50073,50133,60
13.0345001221,80.2054977417,50204,50396,192
13.0343198776,80.2054595947,50396,50497,101
13.0346698761,80.2052612305,50507,50567,60
13.0345897675,80.2054367065,50567,50608,41
13.0342597961,80.2051925659,50850,50940,90
13.0348596573,80.2057571411,51001,51032,31
13.0340595245,80.2055130005,51102,51153,51
13.0340003967,80.205078125,51162,51203,41
13.0355501175,80.2060775757,51304,51354,50
13.0355501175,80.2072982788,51375,51415,40
13.0652103424,80.2110595703,52555,52606,51
13.0610904694,80.211517334,52606,52735,129
13.050160408,80.2122802734,52756,52816,60
13.049539566,80.2119674683,52826,52876,50
13.0008897781,80.2078018188,55414,55455,41
13.0006198883,80.2078094482,55455,55586,131
13.0002603531,80.2077865601,55586,55646,60
12.9999103546,80.2077484131,55646,55777,131
12.9984197617,80.2073974609,55868,55949,81
12.9985303879,80.2078018188,55999,56050,51
12.9828395844,80.217880249,56665,56713,48
12.9809503555,80.2193374634,56713,56875,162
12.9757204056,80.2204589844,56875,56906,31
12.9948701859,80.2102584839,58175,58215,40
12.9965496063,80.2103424072,58235,58286,51
13.0685396194,80.2055130005,60058,60089,31
13.0685596466,80.2054595947,60109,60149,40
13.0684995651,80.2054595947,60179,60351,172
13.0680599213,80.2051010132,60765,60876,111
13.0327701569,80.230430603,608,759,151
13.0329399109,80.2305374146,2404,2576,172
13.032790184,80.2304000854,2576,2677,101
13.0327396393,80.2304229736,3676,3777,101
13.0331001282,80.2303466797,7623,7676,53
13.0328798294,80.2305221558,18932,19033,101
13.0333404541,80.2678604126,20753,20824,71
13.0066795349,80.2476501465,21460,21520,60
13.0125398636,80.2218322754,21873,21904,31
13.0129404068,80.2222213745,21914,21964,50
13.0137996674,80.2231216431,22015,22075,60
13.0334997177,80.2298431396,22650,22792,142
13.0336303711,80.2299423218,23065,23256,191
13.0343999863,80.2680206299,25359,25440,81
13.026599884,80.2660598755,26217,26248,31
13.0341901779,80.2303085327,29750,29790,40
13.0066099167,80.2571182251,30876,30936,60
13.0333795547,80.2677764893,31649,31695,46
13.0345001221,80.2680130005,31727,31768,41
13.033539772,80.2678604126,31788,31889,101
13.0066099167,80.2576217651,33039,33148,109
13.0066003799,80.2520065308,33249,33280,31
13.0066900253,80.2484130859,33340,33391,51
13.0066699982,80.2474365234,33431,33512,81
13.0066995621,80.2404098511,33663,33724,61
13.0197200775,80.2245635986,34227,34268,41
13.0219602585,80.2262115479,34318,34368,50
13.0232200623,80.2274398804,34469,34500,31
13.0243196487,80.2285003662,34570,34611,41
13.0348396301,80.2300415039,34923,35014,91
13.0276403427,80.2328033447,36054,36185,131
13.0249099731,80.2292785645,36336,36387,51
13.0066604614,80.2569274902,37285,37335,50
13.0333404541,80.2677688599,38018,38049,31
13.0344400406,80.2679595947,38079,38170,91
13.0264797211,80.2659912109,38351,38402,51
13.0066003799,80.2577285767,38832,38874,42
13.0066404343,80.2517776489,38995,39056,61
13.006649971,80.2479019165,39136,39247,111
13.0291004181,80.230796814,40125,40166,41
13.034740448,80.2303009033,40307,40347,40
13.0342302322,80.2300720215,41084,41154,70
13.0341501236,80.2304077148,41154,41205,51
13.0266599655,80.2329788208,41435,41506,71
13.0071001053,80.2392272949,42048,42099,51
13.0066404343,80.2570495605,42462,42503,41
13.006529808,80.2577285767,43982,44073,91
13.0067501068,80.2493972778,44252,44303,51
13.0341901779,80.2299880981,48712,48874,162
13.0299396515,80.2308120728,50417,50458,41
13.0269603729,80.2329177856,50557,50627,70
13.0254096985,80.230178833,50688,50748,60
13.0145597458,80.2261581421,50990,51021,31
13.0069198608,80.2400970459,51283,51333,50
13.0333204269,80.267829895,52401,52441,40
13.0344495773,80.2680206299,52472,52522,50
13.0065698624,80.25756073,53812,53862,50
13.0063800812,80.2573165894,53872,53933,61
13.0065402985,80.2532730103,54013,54044,31
13.0065698624,80.2525177002,54064,54114,50
13.0067195892,80.248336792,54185,54245,60
13.0344896317,80.2300186157,55244,55355,111
13.0069799423,80.2398223877,57327,57489,162
13.006770134,80.2572937012,57801,57832,31
13.0066795349,80.2574462891,57832,57872,40
13.0335102081,80.2678375244,58646,58696,50
13.0344800949,80.268081665,58727,58807,80
13.0311203003,80.2668991089,59676,59717,41
13.0307197571,80.2668609619,59717,59757,40
13.0303401947,80.2667617798,59757,59797,40
13.0298995972,80.2666778564,59807,59848,41
13.0066003799,80.2577209473,60443,60542,99
13.0065898895,80.251953125,60684,60720,36
13.0067396164,80.2517700195,60720,60780,60
13.0067596436,80.2498397827,60821,60921,100
13.006649971,80.248336792,60962,61113,151
13.0065498352,80.2464904785,61194,61244,50
13.0065498352,80.2416610718,61416,61456,40
13.0347099304,80.2303009033,62453,62494,41
13.0349998474,80.2300872803,62494,62675,181
13.0349998474,80.229927063,62675,62706,31
13.0345201492,80.2297363281,62736,62847,111
13.0342102051,80.23021698,63059,63139,80
13.0270395279,80.232963562,63341,63392,51
13.0251502991,80.2297821045,63483,63543,60
13.0069198608,80.2400817871,64076,64198,122
13.0069198608,80.2406616211,64208,64249,41
13.0068798065,80.2495803833,64400,64438,38
13.0334196091,80.2678527832,65447,65498,51
13.0335502625,80.2678909302,65609,65649,40
13.0332298279,80.267791748,65649,65700,51
13.0066299438,80.2576599121,66498,66577,79
13.0065498352,80.2551879883,66637,66678,41
13.0065402985,80.2546691895,66698,66748,50
13.0065097809,80.2543029785,66748,66799,51
13.0065402985,80.2532577515,66839,66940,101
13.0066099167,80.2520980835,66960,67051,91
13.0067396164,80.2505264282,67081,67132,51
13.006819725,80.2502593994,67132,67202,70
13.0067796707,80.2493667603,67223,67313,90
13.006649971,80.2479629517,67364,67475,111
13.0065498352,80.2465591431,67515,67576,61
13.0066003799,80.2461929321,67576,67656,80
13.0065803528,80.2457885742,67656,67687,31
13.0065898895,80.2410964966,67858,67889,31
13.0106801987,80.224861145,68201,68232,31
13.0192804337,80.2243804932,68464,68514,50
13.0217599869,80.2261199951,68585,68625,40
13.0321702957,80.2307128906,68999,69100,101
13.0334701538,80.2305984497,69150,69271,121
13.0341396332,80.2305374146,69302,69352,50
13.0343599319,80.2304916382,69362,69433,71
13.0271701813,80.2329788208,70644,70694,50
13.0074701309,80.2370681763,71370,71431,61
13.0072603226,80.2380065918,71461,71572,111
13.0068397522,80.2400588989,71613,71764,151
13.0065803528,80.2571411133,72036,72087,51
13.0334196091,80.2678833008,72874,72914,40
13.0338096619,80.2680130005,72924,72965,41
13.0334596634,80.2679367065,73096,73167,71
13.0331802368,80.267791748,73177,73288,111
13.0066204071,80.2577667236,73966,74016,50
13.0064001083,80.2534637451,74097,74196,99
13.0065402985,80.2521286011,74236,74358,122
13.0245800018,80.2289581299,75278,75324,46
13.0346498489,80.2303619385,75568,75608,40
13.0343198776,80.2298202515,75668,75780,112
13.0341100693,80.2301483154,75780,75840,60
13.0066404343,80.2572021484,77021,77091,70
13.0065803528,80.2576904297,78622,78663,41
13.0349798203,80.230178833,79793,79922,129
13.0351400375,80.2298126221,79922,79963,41
13.034330368,80.2304992676,81649,81821,172
12.9883203506,80.2239227295,8368,8449,81
13.0057096481,80.2422790527,52203,52253,50
12.9991998672,80.2393417358,52354,52405,51
12.9883298874,80.2233810425,56622,56672,50
12.9989995956,80.2393035889,59504,59646,142
12.988360405,80.2233963013,60079,60141,62
12.9864702225,80.2352981567,61281,61312,31
12.990240097,80.2275772095,61707,61738,31
12.9911499023,80.2326431274,61861,61908,47
12.9987201691,80.2391662598,62122,62212,90
13.0059995651,80.241897583,62374,62444,70
12.9992303848,80.2393264771,63100,63161,61
12.988360405,80.2234573364,63656,63747,91
12.9887504578,80.2413330078,64211,64261,50
13.0059604645,80.2423477173,65583,65623,40
12.9884195328,80.2236480713,67247,67309,62
13.0147600174,80.2255096436,22980,23020,40
13.0268697739,80.2329788208,24300,24351,51
12.9206104279,80.1849975586,29085,29125,40
12.9435100555,80.2080230713,29851,29882,31
12.9436597824,80.2080764771,29882,29942,60
12.9712200165,80.2189483643,30366,30406,40
13.0075798035,80.2127914429,31484,31525,41
13.0255298615,80.2299804688,32055,32087,32
13.0343904495,80.2299804688,33479,33570,91
13.0278501511,80.2323226929,34062,34234,172
13.0249204636,80.2293701172,34587,34627,40
13.008939743,80.2139434814,35170,35240,70
12.997420311,80.2163314819,35553,35593,40
12.9908800125,80.2201385498,35714,35745,31
12.9757204056,80.2210388184,36087,36118,31
12.9172697067,80.1943817139,37005,37036,31
12.9224596024,80.1432571411,37742,37792,50
12.9231901169,80.1204528809,38114,38145,31
12.9232997894,80.1211929321,38647,38807,160
12.9225196838,80.1427612305,39099,39139,40
12.9203195572,80.183921814,39682,39753,71
12.9749403,80.2205200195,40910,40970,60
13.0343198776,80.2304382324,42359,42419,60
13.0269699097,80.232963562,44334,44384,50
13.0230798721,80.2274780273,44495,44535,40
12.9974098206,80.2162322998,45299,45340,41
12.9226999283,80.1521530151,47262,47313,51
12.9231700897,80.1205368042,47746,47787,41
12.9748001099,80.2204666138,50731,50771,40
13.0036096573,80.2120437622,51506,51537,31
13.0346803665,80.2303009033,52282,52342,60
13.0293798447,80.2308883667,52806,52876,70
13.0268001556,80.2329788208,52967,53017,50
13.0140895844,80.2255630493,53368,53528,160
13.0141000748,80.2253112793,53528,53568,40
13.0152301788,80.2252578735,54193,54224,31
13.0345802307,80.2298202515,54696,54736,40
13.008190155,80.2133407593,55843,55874,31
12.9764099121,80.2212905884,56610,56650,40
12.9226903915,80.1521606445,58151,58191,40
12.9232902527,80.1215591431,58857,59018,161
12.9736604691,80.2200164795,60830,60870,40
12.976099968,80.2212371826,60931,61001,70
13.0078897476,80.2130813599,61706,61737,31
13.0260000229,80.2309875488,62219,62271,52
13.0347099304,80.2303009033,62493,62543,50
13.0349502563,80.2299880981,62564,62664,100
13.0341997147,80.229927063,63562,63754,192
13.034239769,80.2301712036,63764,63804,40
13.0269298553,80.2329788208,64026,64066,40
13.0080099106,80.2132797241,64880,64971,91
12.9755601883,80.2210006714,65617,65667,50
12.9231395721,80.12084198,67894,67945,51
12.9203300476,80.1839599609,69260,69371,111
12.9624004364,80.2154922485,70499,70539,40
12.9836397171,80.2225036621,71084,71144,60
12.9839601517,80.2226715088,71154,71326,172
12.9846897125,80.2231521606,71386,71427,41
12.9856700897,80.2230606079,71507,71598,91
12.9868297577,80.2230529785,71638,71679,41
12.9912796021,80.2196731567,71810,71850,40
13.0287399292,80.2309036255,72845,72904,59
13.0334997177,80.2304992676,72986,73046,60
13.0341796875,80.2299423218,73167,73309,142
13.0081396103,80.2134017944,74175,74215,40
12.9995803833,80.2144470215,74425,74476,51
12.9226503372,80.1521911621,76802,76838,36
12.9223804474,80.1431884766,76977,77040,63
13.0141601563,80.2256317139,82014,82105,91
13.0144500732,80.2253799438,82125,82166,41
13.0262899399,80.2658920288,559,640,81
13.0262498856,80.2660217285,2639,2801,162
13.0262098312,80.2659225464,5770,5932,162
13.0264396667,80.2660903931,10638,10739,101
13.0139799118,80.2232971191,19394,19435,41
13.0065803528,80.2576904297,24404,24505,101
13.0066604614,80.2474975586,24687,24767,80
13.0268602371,80.2330322266,27151,27222,71
13.0198402405,80.2247619629,27454,27494,40
13.006939888,80.2400817871,27929,27979,50
13.0067501068,80.2459716797,28121,28171,50
13.0067100525,80.2572631836,28343,28424,81
13.0066604614,80.2517929077,30565,30666,101
13.006649971,80.2477874756,30726,30807,81
13.0293998718,80.2307662964,31888,31948,60
13.0347499847,80.2302703857,32069,32110,41
13.0345697403,80.2297897339,32160,32221,61
13.0342798233,80.2297134399,32231,32392,161
13.0342102051,80.2298278809,32403,32443,40
13.0342197418,80.2302322388,32453,32493,40
13.0297203064,80.2308578491,32635,32675,40
13.0269699097,80.2329330444,32776,32867,91
13.025179863,80.2297897339,32938,32988,50
13.0240297318,80.2283096313,33059,33099,40
13.0142202377,80.2263183594,33362,33402,40
13.0082502365,80.2336120605,33625,33665,40
13.0069704056,80.240020752,33776,33877,101
13.0066995621,80.2569274902,34221,34252,31
13.0345602036,80.2679595947,35140,35191,51
13.0333404541,80.2678222656,35221,35282,61
13.0263595581,80.2659683228,35443,35484,41
13.0066795349,80.2577667236,35968,36059,91
13.0066699982,80.2474136353,36292,36362,70
13.0194997787,80.2243881226,37049,37089,40
13.0225095749,80.2266464233,37231,37271,40
13.0257101059,80.2303009033,37453,37503,50
13.0338001251,80.230430603,37786,37847,61
13.0343103409,80.2299499512,38574,38685,111
13.0341501236,80.2303314209,38685,38725,40
13.0276899338,80.2314529419,38897,38958,61
13.027879715,80.2326278687,39008,39099,91
13.0272197723,80.2329406738,39129,39240,111
13.0270500183,80.2330169678,39240,39271,31
13.0246496201,80.229133606,39361,39392,31
13.0069599152,80.2397613525,39957,40008,51
13.0066995621,80.2572402954,40381,40472,91
13.0291795731,80.2662887573,41118,41159,41
13.0345401764,80.2681503296,41320,41381,61
13.0065202713,80.2523727417,42623,42673,50
13.0347499847,80.2303085327,44077,44117,40
13.0348796844,80.2302703857,44117,44168,51
13.0351200104,80.2299194336,44178,44350,172
13.0347499847,80.2298736572,44350,44511,161
13.0342798233,80.2299804688,44562,44612,50
13.0341997147,80.2302322388,44622,44673,51
13.031129837,80.2306976318,44743,44814,71
13.0302200317,80.2308273315,44834,44875,41
13.0068597794,80.2400970459,45622,45683,61
13.0067596436,80.2515106201,45905,45955,50
13.0066299438,80.2572937012,46036,46117,81
13.0266599655,80.2655029297,47823,47864,41
13.033370018,80.2678833008,48247,48419,172
13.026309967,80.2659378052,48621,48661,40
13.0065202713,80.2523803711,49267,49318,51
13.0066900253,80.2496032715,49378,49479,101
13.0066099167,80.2475204468,49530,49570,40
13.0112600327,80.2233963013,50055,50095,40
13.0294103622,80.2308273315,50610,50641,31
13.0348796844,80.2302322388,50752,50802,50
13.0342197418,80.2301025391,51287,51388,101
13.0269603729,80.2329711914,51630,51701,71
13.0069503784,80.2400817871,52276,52327,51
13.0345096588,80.2680206299,53377,53418,41
13.0065698624,80.2576370239,55144,55235,91
13.0067396164,80.2496566772,55376,55417,41
13.0066204071,80.2475280762,55477,55528,51
13.0293998718,80.2307891846,56386,56417,31
13.0343599319,80.2303924561,56497,56538,41
13.0070199966,80.2397003174,58234,58365,131
13.0292100906,80.2663803101,59274,59364,90
13.0065402985,80.2576980591,61274,61344,70
13.0064897537,80.252822876,61466,61617,151
13.0067501068,80.2501296997,61708,61799,91
13.0066299438,80.2481613159,61859,62031,172
13.025970459,80.2308502197,62920,62960,40
13.0287599564,80.2308731079,63041,63092,51
13.0337696075,80.2304534912,63203,63253,50
13.0348100662,80.2302703857,63283,63314,31
13.0344696045,80.2297286987,63354,63475,121
13.0341796875,80.2299880981,63485,63546,61
13.0268802643,80.232963562,64021,64071,50
13.0076999664,80.2586669922,65010,65041,31
13.0264701843,80.2660217285,66969,67040,71
13.0064697266,80.2526016235,67697,67757,60
13.0067195892,80.2509765625,67787,67838,51
13.0067100525,80.2495880127,67868,67929,61
13.0066003799,80.2483520508,67979,68080,101
13.0065498352,80.2466125488,68161,68202,41
13.0089998245,80.2287216187,68666,68727,61
13.0318603516,80.2306671143,69444,69545,101
13.0324897766,80.2306213379,69565,69646,81
13.0334196091,80.2305679321,69696,69777,81
13.0341596603,80.2303009033,70252,70312,60
13.0278596878,80.2327804565,70514,70545,31
13.0261201859,80.2321014404,70635,70666,31
13.0072498322,80.238319397,71332,71413,81
13.0071001053,80.2389984131,71433,71544,111
13.0066204071,80.2573471069,71878,71948,70
13.0343999863,80.2682037354,72716,72787,71
13.0065202713,80.2577209473,73463,73524,61
13.0348300934,80.2302780151,74816,74867,51
13.0267801285,80.233039856,75412,75463,51
13.0068998337,80.2400817871,75998,76049,51
13.0344400406,80.268157959,77038,77069,31
13.0261898041,80.2664413452,77634,77735,101
13.0263996124,80.266418457,77745,77856,111
13.0820999146,80.275390625,18193,18293,100
13.082159996,80.2757568359,18293,18475,182
12.9872198105,80.2595596313,20494,20565,71
12.9868202209,80.2591323853,20605,20756,151
12.9869403839,80.2590408325,21665,21836,171
13.0431404114,80.279586792,23367,23418,51
13.0888900757,80.2902297974,24072,24112,40
12.9741001129,80.2584533691,28260,28311,51
12.9741096497,80.2580566406,28311,28351,40
12.9875602722,80.255859375,29239,29350,111
13.0010995865,80.2564620972,29620,29661,41
13.0639696121,80.2833786011,31001,31041,40
13.0888004303,80.2901535034,31394,31465,71
13.0867700577,80.2839431763,31626,31737,111
13.0884504318,80.2851333618,32534,32595,61
13.0883302689,80.2852935791,32595,32635,40
12.9968996048,80.2559890747,34977,35078,101
12.9907398224,80.255821228,35290,35378,88
12.9895095825,80.2560424805,35429,35480,51
12.9892597198,80.2559967041,35491,35551,60
12.9870300293,80.2592468262,35712,35884,172
12.9875001907,80.2570037842,35965,36005,40
13.0888004303,80.2901916504,38528,38609,81
13.0877599716,80.2838973999,39477,39527,50
13.0881204605,80.2838363647,39527,39568,41
13.0887804031,80.2902679443,39900,39951,51
13.0389795303,80.2788162231,40817,40857,40
13.0240602493,80.2741012573,41148,41189,41
12.9968500137,80.2565383911,42229,42269,40
12.9869298935,80.2591781616,42681,42793,112
13.0302696228,80.2769088745,44557,44608,51
13.0309495926,80.2773208618,44648,44679,31
13.0886898041,80.2901382446,45672,45763,91
13.0879001617,80.2836380005,45976,46057,81
13.0872001648,80.2812805176,46168,46208,40
13.0757598877,80.2752685547,47429,47620,191
13.0755701065,80.2748184204,49981,50112,131
13.075510025,80.2747497559,56025,56176,151
13.0758304596,80.2748794556,56186,56267,81
13.0758895874,80.275718689,56297,56479,182
13.0819597244,80.2756195068,56630,56661,31
13.0868597031,80.2837600708,56943,56983,40
13.0873699188,80.2837219238,56994,57074,80
13.088139534,80.283706665,57690,57760,70
13.0720901489,80.2748565674,58315,58356,41
13.0692796707,80.2723617554,58456,58487,31
13.0459604263,80.2601776123,59302,59473,171
13.0457201004,80.2600402832,59484,59564,80
13.0284795761,80.2503662109,60349,60390,41
13.0294799805,80.2462081909,60521,60612,91
13.0184202194,80.2412567139,60864,60914,50
13.0068902969,80.2405090332,61076,61116,40
12.9891195297,80.251121521,61568,61659,91
12.9864797592,80.2517623901,63244,63294,50
13.0065202713,80.2465591431,63657,63698,41
13.0066299438,80.2408599854,63799,63839,40
13.0278301239,80.2455368042,64253,64303,50
13.0291404724,80.2485580444,64404,64455,51
13.0426502228,80.259437561,64947,64987,40
13.0449304581,80.2598800659,65048,65118,70
13.0451498032,80.2600097656,65118,65159,41
13.0550003052,80.2644424438,65512,65570,58
13.0628595352,80.2639007568,65859,65891,32
13.0819597244,80.2755584717,66497,66547,50
13.0870895386,80.283821106,66809,66840,31
13.0883102417,80.2826385498,67425,67475,50
13.0685796738,80.2720718384,68131,68192,61
13.0290298462,80.2500762939,69581,69652,71
13.0293397903,80.2467803955,69732,69763,31
13.0182504654,80.241317749,70025,70096,71
13.0081195831,80.2405166626,70267,70429,162
13.0067195892,80.2474365234,70590,70640,50
12.9904603958,80.2508392334,70953,71153,200
12.985250473,80.2406463623,71506,71577,71
12.9875402451,80.251411438,73242,73332,90
12.9876499176,80.2515029907,73332,73514,182
13.0066795349,80.2403411865,74239,74280,41
13.0176401138,80.2410430908,74471,74522,51
13.0377197266,80.2565002441,75147,75178,31
13.0140600204,80.2264633179,18390,18511,121
12.9755897522,80.2210235596,20988,21049,61
13.0340900421,80.2304611206,26205,26236,31
13.0341997147,80.2301101685,27346,27417,71
13.0299396515,80.2308120728,27508,27548,40
13.027130127,80.2329406738,27647,27698,51
12.975689888,80.2210769653,28736,28767,31
12.917309761,80.1944885254,29794,29865,71
12.9227199554,80.1520462036,30623,30664,41
12.9234800339,80.1169891357,31305,31346,41
12.9230699539,80.1254882813,32691,32731,40
12.9171304703,80.1937789917,33838,33919,81
12.9671096802,80.217338562,34949,34989,40
12.9744701385,80.2202835083,35141,35211,70
13.0021600723,80.2122802734,36156,36187,31
13.0075902939,80.2127914429,36329,36369,40
13.029250145,80.2308273315,37355,37405,50
13.0341997147,80.2298736572,37872,38013,141
13.0341596603,80.2302398682,38013,38053,40
13.0277395248,80.2321472168,38225,38354,129
13.0272302628,80.2329101563,38404,38475,71
13.0141000748,80.225479126,38808,38979,171
13.0082502365,80.2133178711,39333,39392,59
12.9224901199,80.1428527832,43091,43127,36
12.9752397537,80.2208404541,44946,45026,80
13.0343399048,80.2297515869,46589,46781,192
13.008890152,80.2139205933,47820,47851,31
13.0081796646,80.2133102417,47921,47952,31
12.9757604599,80.2210769653,48667,48698,31
12.9232397079,80.1203765869,50619,50661,42
13.0031700134,80.212020874,56206,56237,31
13.021780014,80.2260131836,56731,56762,31
13.0342998505,80.2304534912,57093,57153,60
13.0341596603,80.2298583984,58375,58466,91
13.0342102051,80.23021698,58476,58567,91
13.0015697479,80.2126617432,59545,59595,50
13.0012702942,80.212852478,59595,59626,31
12.9755401611,80.2209701538,60201,60251,50
12.9740600586,80.220161438,65450,65491,41
12.9968700409,80.2164611816,66127,66187,60
13.0078296661,80.2130126953,66409,66460,51
13.0255403519,80.2300491333,67013,67044,31
13.0292596817,80.2307891846,67186,67256,70
13.034119606,80.230140686,67732,67772,40
13.0312404633,80.2306289673,67823,67952,129
12.997300148,80.2163314819,69124,69215,91
12.9295196533,80.2027282715,70669,70709,40
12.9226398468,80.1519393921,71719,71779,60
12.9224500656,80.1435699463,71880,71921,41
12.9231595993,80.1206283569,72272,72322,50
12.9202804565,80.1839828491,73978,74019,41
12.9340200424,80.2038726807,74534,74565,31
12.9762401581,80.2212295532,75171,75210,39
13.0338401794,80.2304382324,76471,76513,42
13.0348901749,80.23021698,76564,76604,40
13.0266599655,80.232963562,76836,76907,71
13.0141201019,80.2257537842,78397,78569,172
12.9979600906,80.2564086914,21570,21671,101
12.9977302551,80.2560806274,21671,21722,51
12.9966096878,80.2556915283,23104,23195,91
12.8783798218,80.2170333862,26865,27026,161
12.9488697052,80.2406082153,28356,28396,40
13.0095996857,80.2111434937,30845,30946,101
13.0090799332,80.2113494873,31854,31905,51
13.0094804764,80.2277832031,32238,32429,191
12.9764204025,80.2219085693,33357,33398,41
12.9799699783,80.252456665,34021,34092,71
12.9361095428,80.2340316772,34959,35049,90
12.908249855,80.2285308838,35655,35786,131
12.9037399292,80.2281570435,35897,36078,181
12.9011802673,80.2280502319,36179,36371,192
12.8929195404,80.2274780273,36532,36581,49
12.8992595673,80.2277679443,38217,38258,41
12.8993501663,80.2278137207,38258,38298,40
12.9006099701,80.2278366089,38338,38500,162
12.9060201645,80.2281265259,38611,38681,70
12.9489402771,80.2406005859,39478,39529,51
12.9847002029,80.2231292725,43340,43441,101
12.9764204025,80.2218399048,43663,43704,41
12.9799003601,80.2526016235,44289,44329,40
12.9569997787,80.2437515259,44712,44753,41
12.9566297531,80.243598938,44782,44874,92
12.8749704361,80.2097396851,47565,47677,112
12.8749399185,80.209777832,47677,47849,172
12.9063396454,80.2281417847,48420,48459,39
12.9488296509,80.2405929565,49035,49086,51
13.0102901459,80.2117233276,51299,51370,71
12.9798402786,80.2274932861,53103,53163,60
12.9565000534,80.2435379028,53817,53868,51
12.8749704361,80.2096328735,56686,56737,51
12.9264297485,80.2309112549,57996,58036,40
12.9562997818,80.2434387207,58548,58579,31
12.9872703552,80.2230682373,62565,62605,40
12.9764499664,80.2219161987,62847,62906,59
12.9570198059,80.2438964844,63885,63975,90
12.9566602707,80.243812561,63975,64026,51
12.9020500183,80.2281036377,64912,64962,50
12.8926000595,80.2275009155,65224,65275,51
12.8764400482,80.2264099121,65557,65588,31
12.8789997101,80.2109603882,65739,65789,50
12.8743896484,80.2098770142,65870,65931,61
12.8747797012,80.2098388672,65971,66102,131
12.8923597336,80.2274169922,66566,66645,79
12.8993701935,80.2278366089,66736,66806,70
12.9059896469,80.2282333374,66968,67004,36
12.9486303329,80.240562439,67702,67874,172
12.9809799194,80.2454223633,68515,68626,111
12.981010437,80.2450180054,68626,68686,60
12.9810400009,80.2448425293,68686,68727,41
12.9810600281,80.2446212769,68727,68878,151
12.9810800552,80.2443084717,68878,68918,40
12.9812803268,80.2431335449,68959,69009,50
12.9813203812,80.2428894043,69019,69070,51
12.9813203812,80.2425079346,69080,69251,171
12.9813404083,80.2421264648,69251,69352,101
12.9813404083,80.2415924072,69372,69443,71
12.9813299179,80.2410583496,69473,69524,51
12.9813203812,80.2404403687,69554,69594,40
12.9813299179,80.2399520874,69614,69665,51
12.9812202454,80.2364501953,69816,69847,31
12.9853096008,80.2233963013,70825,70876,51
12.9854898453,80.2232666016,70886,71077,191
12.9859199524,80.2230377197,71098,71158,60
12.9860401154,80.2229919434,71168,71269,101
12.9866800308,80.2230377197,71310,71370,60
12.987830162,80.2230300903,71421,71461,40
13.0099000931,80.211479187,72551,72631,80
13.01541996,80.2252883911,73317,73388,71
12.9763202667,80.2219467163,74356,74396,40
12.9819402695,80.2320022583,74668,74699,31
12.9819498062,80.2321014404,74699,74759,60
12.9812097549,80.2366333008,74961,75052,91
12.9028902054,80.2281112671,76709,76799,90
12.9010000229,80.2280502319,76840,76971,131
12.9063396454,80.2281799316,78233,78314,81
13.0068502426,80.2097625732,80335,80395,60
13.0066900253,80.2573165894,81253,81294,41
12.9976997375,80.2563095093,81452,81483,31
12.9978103638,80.2565078735,81493,81555,62
12.9977302551,80.2568588257,81575,81696,121
12.9976701736,80.2570571899,81696,81827,131
12.9874000549,80.2585067749,82604,82635,31
12.9871997833,80.2591171265,82685,82735,50
12.9973602295,80.255859375,83248,83349,101
12.9973602295,80.2569732666,5847,6009,162
12.997010231,80.2571029663,6059,6100,41
12.9970798492,80.2571029663,7422,7462,40
12.9971904755,80.2570571899,7462,7523,61
12.9975996017,80.257270813,9089,9129,40
12.9976396561,80.2572021484,9240,9321,81
12.9975996017,80.2573013306,9361,9392,31
12.9976396561,80.2572402954,9392,9462,70
12.9976701736,80.2571411133,9462,9503,41
12.9976196289,80.2572402954,9563,9654,91
12.9975996017,80.2570419312,9664,9725,61
12.9975595474,80.257232666,11108,11259,151
12.9977197647,80.257232666,11844,11905,61
12.9976797104,80.2572479248,11905,12016,111
12.9975700378,80.2572937012,12026,12057,31
12.9975700378,80.2572784424,12057,12097,40
12.9975500107,80.2573013306,12178,12218,40
12.9977302551,80.2569503784,12289,12359,70
12.9976596832,80.2572937012,12370,12450,80
12.9976301193,80.2571411133,12481,12520,39
12.9975099564,80.2573318481,12520,12672,152
12.9975996017,80.25730896,12712,12813,101
12.9977197647,80.2571487427,13348,13399,51
12.9976396561,80.2571792603,13399,13470,71
12.9976501465,80.2571411133,18879,18950,71
12.9975299835,80.2572097778,19172,19363,191
12.9976596832,80.257232666,19394,19485,91
12.9975996017,80.2571182251,19686,19737,51
12.9975700378,80.2571411133,19737,19798,61
12.9975700378,80.2571411133,19800,19941,141
12.997590065,80.2571334839,19941,20022,81
12.9976196289,80.257232666,20022,20213,191
12.997759819,80.2562866211,23614,23685,71
13.0303001404,80.2308502197,25326,25363,37
13.0303201675,80.2292404175,25363,25415,52
13.0275402069,80.2269973755,25445,25486,41
13.0286903381,80.2232437134,25516,25557,41
13.0494804382,80.2082595825,26854,26885,31
13.049079895,80.2069473267,26885,26923,38
13.0394802094,80.1957626343,28696,28747,51
13.0386800766,80.1929168701,28817,28848,31
13.0492401123,80.2118377686,38348,38520,172
13.0441398621,80.2093734741,38520,38570,50
13.0306196213,80.2093505859,39643,39754,111
13.0304803848,80.2141418457,39804,39845,41
13.0302801132,80.2148590088,39865,39956,91
13.0323200226,80.2180786133,39956,40027,71
13.031709671,80.2219467163,40057,40128,71
13.0311002731,80.2241210938,40128,40238,110
13.0280895233,80.2272796631,40259,40319,60
13.029999733,80.2277297974,40329,40369,40
13.0294103622,80.2307815552,40460,40501,41
13.0273399353,80.233757019,40521,40622,101
12.9980201721,80.2559967041,43533,43584,51
13.0015697479,80.2566299438,43685,43735,50
13.0023298264,80.2565765381,43735,43775,40
13.004989624,80.2573928833,43775,43846,71
13.006360054,80.2535629272,43906,43937,31
13.006310463,80.2531890869,43937,44028,91
13.0064296722,80.2515563965,44028,44108,80
13.006310463,80.2483062744,44108,44219,111
13.0051298141,80.2474594116,44219,44260,41
13.0056400299,80.2419128418,44391,44431,40
13.0110301971,80.2247924805,44693,44733,40
13.0207996368,80.2252502441,45016,45056,40
13.025639534,80.2311630249,45217,45284,67
13.0283899307,80.2241210938,45528,45579,51
13.0312795639,80.2235794067,45609,45649,40
13.0313796997,80.2203063965,45679,45720,41
13.0388097763,80.1922302246,46596,46664,68
13.0420398712,80.1944122314,46664,46806,142
13.0401201248,80.1995620728,46806,46975,169
13.0003204346,80.2662811279,52998,53120,122
12.9969100952,80.2561721802,53483,53534,51
13.0065202713,80.2531585693,53935,53976,41
13.0066404343,80.2519378662,54006,54097,91
13.006649971,80.2479019165,54173,54236,63
13.0388298035,80.1928405762,56499,56530,31
13.0488500595,80.2070465088,57214,57254,40
13.049249649,80.2073364258,57859,57909,50
13.0497303009,80.2115097046,58000,58040,40
13.044380188,80.2123794556,58172,58208,36
13.0307502747,80.2151565552,59357,59397,40
13.0242395401,80.2290267944,60103,60245,142
13.0167798996,80.2253189087,60291,60384,93
13.0071001053,80.2392425537,60717,60796,79
13.0067100525,80.2457962036,60929,60969,40
13.0002698898,80.2659683228,61794,61845,51
13.0002298355,80.2663574219,62481,62561,80
13.0002803802,80.2662963867,62602,62723,121
12.9958496094,80.265838623,62925,63056,131
13.007399559,80.2369003296,64093,64124,31
13.0259504318,80.2309188843,64699,64739,40
13.0284795761,80.2308578491,64786,64817,31
13.0303697586,80.2284622192,64949,64980,31
13.0322303772,80.2198562622,65302,65333,31
13.0442399979,80.212020874,66935,67097,162
13.0470104218,80.2121582031,67147,67178,31
13.0488796234,80.2070999146,67379,67440,61
13.0492401123,80.2071762085,67478,67539,61
13.0493202209,80.2074584961,67539,67660,121
13.0492200851,80.2073822021,67670,67721,51
13.0492095947,80.2073669434,67721,67812,91
13.0492696762,80.2073822021,67842,67882,40
13.0491695404,80.2074127197,67892,67963,71
13.0491600037,80.2072601318,67963,68023,60
13.0491895676,80.2075271606,68023,68104,81
13.0492095947,80.2072601318,68104,68205,101
13.0498504639,80.2118225098,68306,68397,91
13.0495700836,80.2122192383,68447,68478,31
13.0452003479,80.2124481201,68548,68629,81
13.0306596756,80.2306213379,70585,70633,48
13.0248003006,80.2293319702,70875,70916,41
13.0157299042,80.2258377075,71166,71265,99
13.0064897537,80.2559127808,72052,72163,111
13.0026102066,80.2566223145,72204,72315,111
12.9967403412,80.2605133057,72577,72648,71
13.0001802444,80.2664108276,73253,73364,111
13.0001401901,80.2664871216,73364,73486,122
13.0001296997,80.2665405273,73495,73526,31
12.9967803955,80.2565078735,73909,73940,31
12.9986896515,80.2561035156,73990,74040,50
13.0054597855,80.2572174072,74211,74252,41
13.006480217,80.2537689209,74353,74394,41
13.0065202713,80.2524490356,74454,74535,81
13.0066204071,80.248298645,74595,74646,51
13.0493097305,80.2071609497,77687,77748,61
13.0493202209,80.2072982788,77748,77859,111
13.0493001938,80.2072677612,77859,77949,90
13.0494203568,80.2073974609,77959,78070,111
13.0493898392,80.2074127197,78323,78383,60
13.0493602753,80.2073135376,78383,78454,71
13.0494699478,80.2073898315,78454,78525,71
13.0492897034,80.207359314,78525,78656,131
13.0003204346,80.2651901245,81971,82022,51
12.9978399277,80.2565231323,82213,82324,111
12.997759819,80.2568130493,82345,82415,70
12.9977798462,80.2569732666,86139,86180,41
13.0821304321,80.2758331299,17719,17760,41
13.0734996796,80.2764968872,18080,18182,102
13.0348396301,80.2457885742,18736,18847,111
12.8995599747,80.2279434204,20703,20734,31
12.7225103378,80.1874008179,22482,22513,31
12.9062900543,80.2281494141,25940,25980,40
12.9868602753,80.2516021729,27010,27051,41
13.081609726,80.2758331299,30946,30996,50
13.0815496445,80.2755126953,31006,31047,41
13.0730800629,80.2760620117,31178,31269,91
12.9805402756,80.2527008057,33702,33738,36
12.9651002884,80.2473602295,33922,33953,31
12.9517202377,80.2416687012,34183,34214,31
12.938750267,80.2352905273,34484,34525,41
12.9078702927,80.2284698486,35138,35272,134
12.9037599564,80.2281417847,35343,35413,70
12.901550293,80.228012085,35504,35626,122
12.8990602493,80.2278671265,35686,35726,40
12.893699646,80.2275314331,35797,35828,31
12.8771400452,80.2268981934,36080,36111,31
12.8610601425,80.2266235352,36283,36353,70
12.8326396942,80.229057312,36778,36828,50
12.8323602676,80.2291183472,36838,36950,112
12.7867002487,80.2205581665,37514,37553,39
12.786649704,80.2204818726,38131,38172,41
12.9002504349,80.2278289795,39492,39643,151
12.956319809,80.2433166504,40511,40551,40
12.9797697067,80.2525787354,40851,40913,62
12.9867801666,80.2515716553,41034,41144,110
13.0713100433,80.2742385864,43386,43437,51
13.0814199448,80.2751083374,44023,44074,51
13.0820102692,80.2781600952,45742,45782,40
13.0717697144,80.2746582031,46053,46103,50
12.9887800217,80.2512283325,48223,48294,71
12.9885396957,80.251159668,48304,48354,50
12.9799804688,80.2528076172,48466,48506,40
12.7865695953,80.2204437256,51429,51480,51
12.9004402161,80.2278823853,52810,52850,40
12.9396896362,80.2355880737,53273,53313,40
12.9634399414,80.2465896606,53635,53695,60
12.986289978,80.251701355,53998,54049,51
13.0715303421,80.2742233276,56130,56161,31
13.0809297562,80.2751617432,56290,56341,51
13.0819997787,80.2754364014,56371,56452,81
13.081990242,80.2758178711,58019,58069,50
13.0738096237,80.2764968872,58302,58342,40
13.0324602127,80.2427902222,59432,59472,40
13.0316896439,80.2414398193,59523,59583,60
13.0245800018,80.229057312,59763,59794,31
13.0067501068,80.2473602295,60317,60368,51
12.9883203506,80.2513504028,60570,60701,131
12.956489563,80.243598938,61152,61203,51
12.9339399338,80.2330474854,61484,61524,40
12.9068202972,80.2283630371,61827,61888,61
12.9012002945,80.2280426025,61959,62009,50
12.8990001678,80.2279205322,62080,62181,101
12.786860466,80.2206115723,63606,63667,61
12.7222003937,80.1877288818,66336,66437,101
12.7855195999,80.2200622559,67248,67308,60
12.8308200836,80.2294998169,67963,68024,61
12.8743696213,80.2267913818,68721,68772,51
12.8748502731,80.226852417,68802,68853,51
12.9060401917,80.2282562256,69407,69468,61
12.9651203156,80.2473602295,70356,70403,47
12.9794902802,80.2526397705,70595,70665,70
12.9822902679,80.2526321411,70716,70756,40
13.0055103302,80.247177124,71130,71161,31
13.0259504318,80.2312774658,71939,71990,51
13.0309896469,80.239616394,72101,72141,40
13.0785102844,80.2752304077,73300,73340,40
13.0785999298,80.2752075195,73340,73411,71
13.0800895691,80.275352478,73441,73593,152
13.0817499161,80.2770767212,74626,74667,41
13.0501804352,80.2070617676,295,346,51
13.0501203537,80.2070770264,850,991,141
13.0501699448,80.2069702148,1042,1112,70
13.0501699448,80.2070465088,5107,5198,91
13.0501098633,80.2071609497,9061,9242,181
13.050239563,80.2070388794,11593,11734,141
13.0501298904,80.2068710327,16868,16939,71
13.0502004623,80.2069320679,16939,17009,70
13.0502700806,80.2069168091,17009,17161,152
13.0501003265,80.2070922852,18765,18865,100
13.0501699448,80.2070465088,18865,19027,162
13.0502595901,80.2070922852,21095,21266,171
13.0496997833,80.2069473267,22134,22184,50
13.0492897034,80.2069396973,22194,22265,71
13.0212202072,80.2064437866,24215,24265,50
13.0095500946,80.2111129761,24570,24620,50
12.9874801636,80.2514038086,26159,26220,61
12.987859726,80.2518234253,28018,28098,80
12.9801301956,80.2527770996,28188,28230,42
12.9754400253,80.2208633423,28984,29035,51
12.9976196289,80.2160568237,29486,29517,31
13.0350503922,80.2112197876,30501,30541,40
13.0679998398,80.2052993774,31619,31669,50
13.0495901108,80.2122192383,32183,32214,31
13.0355901718,80.2123413086,32434,32474,40
13.0321102142,80.2099990845,32625,32686,61
13.03166008,80.2095794678,32716,32756,40
13.0186300278,80.206161499,33129,33170,41
13.0102100372,80.2115478516,33553,33654,101
13.0098695755,80.2113265991,33664,33715,51
13.0095996857,80.2111282349,33715,33775,60
13.0092096329,80.2112197876,33775,33815,40
12.9976701736,80.2165374756,34601,34651,50
12.975859642,80.2203216553,35065,35136,71
12.9763402939,80.2217330933,35186,35236,50
12.9801502228,80.2520675659,35910,35951,41
12.9877996445,80.2543792725,36506,36547,41
12.9872999191,80.2593231201,36627,36688,61
12.9870500565,80.2590179443,37807,37838,31
12.9873600006,80.2182235718,39338,39369,31
13.0435695648,80.2122421265,40620,40661,41
13.0501403809,80.2121582031,42214,42245,31
13.0450696945,80.2123794556,42346,42386,40
13.0096197128,80.2111816406,43241,43282,41
12.9756402969,80.2203521729,44367,44428,61
12.9760398865,80.2214431763,44468,44508,40
12.981300354,80.2428207397,44960,44992,32
12.9851303101,80.2520065308,45214,45303,89
12.9876804352,80.2550582886,45464,45555,91
12.9870004654,80.2590408325,47633,47703,70
13.0495595932,80.2119903564,50495,50535,40
13.0679302216,80.2052383423,51554,51594,40
12.9872503281,80.2514419556,54787,54888,101
12.9876899719,80.2556228638,54979,55029,50
12.9865999222,80.2594680786,55160,55241,81
12.9868803024,80.2591171265,55977,56028,51
12.9879102707,80.2524490356,56237,56278,41
12.9802398682,80.2527618408,56459,56490,31
12.9975700378,80.2160186768,57667,57698,31
13.0442304611,80.2122497559,58813,58915,102
13.0501003265,80.2122573853,60725,60757,32
13.0097799301,80.2113037109,61715,61755,40
13.0094804764,80.2110977173,61755,61805,50
12.9756402969,80.2204589844,62884,62924,40
12.9814500809,80.2431869507,63426,63467,41
12.9801902771,80.2525634766,63616,63656,40
12.9817495346,80.2526168823,63697,63838,141
12.9834804535,80.2524719238,63878,64009,131
12.985250473,80.2520065308,64040,64181,141
12.9872999191,80.2514724731,64230,64352,122
12.9866199493,80.2591400146,65573,65613,40
12.9876003265,80.2564086914,65774,65815,41
12.9799098969,80.2523117065,66115,66146,31
12.9813098907,80.2434463501,66297,66336,39
12.9812803268,80.2431030273,66388,66499,111
12.9813299179,80.2412033081,66630,66731,101
12.9813098907,80.2407913208,66731,66781,50
12.9812898636,80.2405471802,66791,66831,40
12.9812602997,80.2391967773,66892,66932,40
12.9812202454,80.238899231,66952,67043,91
12.9812202454,80.2384872437,67043,67084,41
12.9812297821,80.2380905151,67094,67144,50
12.9813203812,80.2339324951,67375,67456,81
12.9757404327,80.2211685181,67910,67960,50
12.9809799194,80.2181777954,68111,68142,31
12.9817399979,80.217956543,68192,68232,40
13.0431203842,80.212272644,69993,70104,111
13.0491600037,80.2120285034,70286,70357,71
13.0544099808,80.2114562988,70478,70518,40
13.0686101913,80.2048568726,71285,71385,100
13.0689601898,80.2047729492,71385,71416,31
13.0697202682,80.2049484253,71446,71486,40
13.0499200821,80.2122116089,71840,71881,41
13.0466003418,80.2123794556,71982,72181,199
13.0096998215,80.2113113403,73267,73317,50
12.9756298065,80.220451355,74495,74626,131
12.9811897278,80.2345123291,75040,75080,40
12.9812097549,80.2359237671,75211,75352,141
12.9812602997,80.236618042,75383,75433,50
12.9812202454,80.2368011475,75433,75473,40
12.9812498093,80.2370986938,75473,75524,51
12.9858598709,80.2518234253,75948,75988,40
12.9876804352,80.2554779053,76119,76311,192
12.9872598648,80.2592391968,76391,76432,41
12.9872198105,80.2593765259,76432,76482,50
12.9865198135,80.2594299316,78087,78127,40
12.9869699478,80.2591094971,78147,78339,192
12.9799604416,80.2527999878,78691,78722,31
12.975399971,80.2208404541,79407,79468,61
13.0437002182,80.2122192383,81065,81156,91
13.0440998077,80.2122497559,81156,81257,101
13.0446901321,80.2124328613,83153,83184,31
13.0445404053,80.2124328613,83184,83244,60
13.0493297577,80.2068099976,83474,83545,71
13.0501098633,80.2068481445,83928,84049,121
13.0499200821,80.2071990967,84817,84978,161
12.9981203079,80.2565307617,7869,7950,81
12.9981603622,80.2565307617,18794,18979,185
12.9979496002,80.256401062,19972,20123,151
12.9976997375,80.2560806274,20123,20163,40
13.0124998093,80.2218093872,22252,22332,80
13.0130796432,80.2222900391,22373,22423,50
13.0301504135,80.2092590332,23450,23481,31
13.049079895,80.206817627,24496,24538,42
13.0297803879,80.2308273315,27504,27545,41
13.027009964,80.232963562,27646,27696,50
13.0004396439,80.2661514282,29781,29892,111
13.000459671,80.265953064,30437,30478,41
13.0065803528,80.2475204468,31549,31640,91
13.0193004608,80.2242889404,32256,32296,40
13.0254802704,80.2299118042,32516,32557,41
13.0446901321,80.2123794556,35832,35881,49
13.0354995728,80.2080230713,36847,36878,31
13.0275201797,80.2328720093,38064,38196,132
13.0271997452,80.2328796387,38196,38317,121
13.0068502426,80.2512969971,39112,39182,70
13.0065803528,80.2526397705,39215,39261,46
13.0025596619,80.2567596436,39374,39435,61
12.9978599548,80.256980896,39586,39657,71
12.9975404739,80.256942749,39889,40008,119
12.9974498749,80.2567672729,40018,40139,121
12.9972801208,80.2559814453,40189,40280,91
12.9968204498,80.2563171387,40926,40997,71
12.9992198944,80.256072998,41067,41118,51
13.0066900253,80.2403717041,41562,41593,31
13.0260000229,80.2311630249,42209,42249,40
13.0301303864,80.2092514038,43064,43125,61
13.0306396484,80.2303085327,47378,47469,91
13.0296802521,80.2308578491,47519,47550,31
13.0269804001,80.232963562,47640,47671,31
13.006939888,80.2399673462,48276,48327,51
13.0066604614,80.2571334839,48658,48728,70
12.9971704483,80.2559585571,48950,48981,31
13.0003299713,80.2659301758,49384,49425,41
13.0003900528,80.2664489746,50111,50222,111
12.9968004227,80.256149292,51281,51342,61
12.9987401962,80.2559585571,51382,51433,51
13.0067100525,80.2491607666,51794,51907,113
13.0197401047,80.2245178223,52734,52765,31
13.0301198959,80.2092590332,53760,53830,70
13.0440702438,80.2088470459,55866,55897,31
13.0307302475,80.230682373,57642,57682,40
13.0066795349,80.2571105957,58741,58812,71
13.0013399124,80.2565765381,58953,59024,71
12.9968004227,80.256690979,60465,60526,61
12.9968299866,80.256072998,60546,60647,101
13.0058803558,80.2573623657,60910,60971,61
13.0065898895,80.2520675659,61092,61160,68
13.0065603256,80.2415390015,61766,61806,40
13.0192203522,80.2242889404,62378,62409,31
13.0289297104,80.2308731079,62709,62740,31
13.0301303864,80.2092819214,63559,63630,71
13.0470695496,80.2121429443,64808,64849,41
13.049249649,80.2072372437,65333,65464,131
13.0492401123,80.2074127197,65474,65505,31
13.044839859,80.2124633789,65757,65825,68
13.032699585,80.2119979858,66853,66893,40
13.0306997299,80.2304077148,67779,67850,71
13.0271501541,80.233001709,68052,68092,40
13.0241003036,80.2285308838,68233,68274,41
13.0067195892,80.2418823242,68837,68907,70
13.0020399094,80.2567214966,69400,69450,50
13.0002498627,80.266456604,70006,70168,162
12.9956197739,80.2675170898,70309,70340,31
12.9967803955,80.2566223145,70572,70622,50
13.0065698624,80.2518997192,71026,71117,91
13.0065498352,80.2463531494,71268,71318,50
13.0066003799,80.240737915,71480,71520,40
13.0291500092,80.2308273315,72287,72338,51
13.030090332,80.2092971802,73125,73165,40
13.0442800522,80.2121963501,74286,74337,51
13.049779892,80.211807251,75417,75477,60
13.0445604324,80.2124786377,75639,75679,40
13.0389204025,80.1987991333,76034,76099,65
12.9995298386,80.2562713623,78527,78567,40
12.9978399277,80.2566680908,79284,79476,192
13.006770134,80.2426605225,28829,28869,40
13.00041008,80.2657775879,29691,29794,103
12.9968395233,80.2563171387,31299,31360,61
12.9990797043,80.2560501099,31440,31491,51
13.0066404343,80.2474975586,31872,32004,132
13.0235996246,80.2275924683,32729,32789,60
13.0259103775,80.2306594849,32890,32921,31
13.0344400406,80.2303237915,33161,33221,60
13.0342597961,80.2375869751,33374,33413,39
13.0567502975,80.2425613403,33933,33984,51
13.0655498505,80.2435302734,34155,34236,81
13.0983104706,80.2143630981,35285,35326,41
13.1002597809,80.2146835327,35475,35516,41
13.0786104202,80.2515869141,37543,37583,40
13.0690803528,80.2425689697,37823,37854,31
13.0538101196,80.2422790527,38409,38440,31
13.0355796814,80.2304000854,38895,38976,81
13.0277299881,80.2317428589,39198,39309,111
13.0276098251,80.2328414917,39360,39410,50
13.006819725,80.2514419556,40327,40377,50
13.0066795349,80.2571792603,40719,40760,41
13.0066099167,80.248046875,41103,41144,41
13.0259304047,80.2308425903,41941,41972,31
13.0344200134,80.2303771973,42151,42182,31
13.0343399048,80.2366714478,42303,42424,121
13.0357599258,80.2382202148,42444,42565,121
13.0525398254,80.2410964966,42787,42828,41
13.0765895844,80.2383270264,43336,43376,40
13.0762996674,80.2371063232,43416,43447,31
13.0979995728,80.2151107788,44242,44283,41
13.0983200073,80.2143783569,44333,44374,41
13.1003398895,80.2145614624,44465,44505,40
13.0762395859,80.2360992432,46020,46061,41
13.0764102936,80.2370605469,46091,46163,72
13.0334796906,80.23046875,47718,47774,56
13.0082101822,80.2335968018,48430,48471,41
13.006939888,80.2400588989,48580,48651,71
13.0067901611,80.2508621216,48873,48933,60
13.0067195892,80.2572937012,49062,49163,101
13.0020999908,80.256690979,49244,49275,31
13.0003299713,80.2657394409,49735,49846,111
13.0003404617,80.2660827637,49846,49987,141
12.9968595505,80.256111145,50987,51027,40
12.9991998672,80.2561035156,51106,51146,40
13.0064897537,80.2526397705,51359,51419,60
13.0066299438,80.248298645,51479,51560,81
13.0340099335,80.2304992676,52479,52520,41
13.0345201492,80.2303466797,52550,52600,50
13.0343103409,80.2373123169,52701,52752,51
13.0614795685,80.2432022095,53315,53366,51
13.0963602066,80.2192382813,54477,54508,31
13.0764198303,80.2370376587,56838,56909,71
13.0268201828,80.2330093384,58666,58724,58
13.0066604614,80.2537002563,59514,59635,121
13.0066995621,80.25730896,59696,59797,101
13.006649971,80.2577896118,59877,59928,51
13.0066604614,80.2487106323,60402,60463,61
13.0066003799,80.2474899292,60493,60635,142
13.0066003799,80.2462387085,60685,60725,40
13.0074300766,80.2367095947,60974,61006,32
13.0286998749,80.2309112549,61652,61683,31
13.0348300934,80.2303390503,61885,61945,60
13.0343198776,80.2373809814,62066,62188,122
13.0448598862,80.2403717041,62410,62490,80
13.0523099899,80.2407989502,62642,62723,81
13.0566501617,80.2426605225,62844,62904,60
13.0651102066,80.2435684204,63127,63178,51
13.0964202881,80.21925354,64259,64309,50
13.098400116,80.2141265869,64400,64440,40
13.1002197266,80.2145385742,64481,64529,48
13.100520134,80.2146377563,64539,64620,81
13.0987596512,80.2141418457,65357,65398,41
13.0903196335,80.2286529541,65690,65781,91
13.076499939,80.2373123169,66326,66367,41
13.0771903992,80.2403106689,66427,66458,31
13.0691404343,80.2426986694,66892,66942,50
13.0687599182,80.242477417,66953,66993,40
13.0631198883,80.2443389893,67356,67387,31
13.0571203232,80.2428894043,67568,67599,31
13.0529203415,80.2419128418,67708,67768,60
13.0472602844,80.233543396,68101,68132,31
13.0268697739,80.2330474854,68903,69007,104
13.0245800018,80.2291030884,69097,69128,31
13.0069999695,80.2397689819,69723,69784,61
13.0069999695,80.2398605347,69784,69905,121
13.006649971,80.2572402954,70470,70521,51
13.0033397675,80.256980896,70622,70693,71
13.0017299652,80.2566833496,70743,70794,51
12.9961500168,80.2626495361,71500,71531,31
12.9968395233,80.2561264038,71662,71753,91
13.0053596497,80.257270813,71975,72015,40
13.0065603256,80.2479171753,72227,72258,31
13.0259399414,80.2313232422,73124,73175,51
13.0291795731,80.2308273315,73245,73296,51
13.0345802307,80.2303390503,73463,73576,113
13.0654401779,80.2435836792,74491,74532,41
13.0756998062,80.2341537476,74906,74937,31
13.0983695984,80.2141036987,75694,75775,81
13.1004800797,80.2146682739,75856,75957,101
13.0352401733,80.2303390503,78564,78634,70
13.0268201828,80.233001709,78897,78937,40
13.0069198608,80.2401580811,79359,79420,61
13.0065698624,80.2578201294,79753,79822,69
13.0066099167,80.2476730347,79962,79994,32
13.0495300293,80.240196228,81063,81255,192
13.0526599884,80.2421798706,81558,81598,40
13.0975198746,80.2418136597,83091,83131,40
13.0990600586,80.2403106689,83565,83676,111
13.0990200043,80.2404327393,83676,83828,152
13.0984802246,80.2405471802,1018,1109,91
13.0987596512,80.2420120239,20771,20882,111
13.0986299515,80.2423171997,20892,20983,91
13.0066995621,80.2573699951,24282,24383,101
13.0013504028,80.2565536499,24443,24504,61
13.0003299713,80.2666015625,25876,25927,51
13.0067300797,80.2517623901,26438,26500,62
13.0066604614,80.2475662231,26550,26591,41
13.0343999863,80.2375335693,27560,27591,31
13.075799942,80.23412323,28506,28577,71
13.0984401703,80.2140808105,29293,29343,50
13.1002197266,80.2146377563,30403,30554,151
13.100230217,80.2147369385,30554,30665,111
13.0986499786,80.214050293,30706,30766,60
13.0888700485,80.2308273315,31099,31140,41
13.0765199661,80.2372817993,31563,31594,31
13.0779600143,80.2459030151,31785,31816,31
13.0781402588,80.2468566895,32078,32209,131
13.0781097412,80.2471084595,32209,32249,40
13.0781698227,80.2472610474,32249,32421,172
13.0782203674,80.2476425171,32421,32471,50
13.0782403946,80.2476882935,32471,32562,91
13.0783395767,80.2481002808,32572,32643,71
13.0785102844,80.2484436035,32653,32804,151
13.0784797668,80.2487716675,32804,32875,71
13.0787200928,80.2496490479,32915,32946,31
13.0692996979,80.2432785034,33258,33289,31
13.0678796768,80.2466125488,33460,33491,31
13.0571804047,80.242767334,33824,33874,50
13.0564899445,80.2425308228,33914,34005,91
13.054019928,80.2422866821,34045,34076,31
13.0334196091,80.2304916382,34590,34621,31
13.0277700424,80.2315979004,34732,34883,151
13.0270299911,80.2329177856,34944,35135,191
13.006939888,80.240020752,35790,35840,50
13.0066604614,80.2571334839,36254,36335,81
13.0016202927,80.2565536499,36456,36506,50
13.0066404343,80.2518386841,37940,38031,91
13.0066995621,80.2491378784,38090,38150,60
13.023639679,80.2276687622,38967,39018,51
13.0254497528,80.229927063,39089,39129,40
13.0338201523,80.2304534912,39341,39391,50
13.0342302322,80.2367019653,39583,39633,50
13.044839859,80.2403793335,39934,40015,81
13.0656995773,80.2435379028,40505,40586,81
13.0982398987,80.2145080566,41443,41502,59
13.1001300812,80.2144927979,41552,41614,62
13.0842895508,80.2340011597,42794,42825,31
13.0766096115,80.2378921509,43096,43148,52
13.0530900955,80.2419433594,44162,44195,33
13.0456495285,80.2327804565,44588,44619,31
13.0361299515,80.2305908203,44730,44780,50
13.0271701813,80.2329330444,45060,45111,51
13.006939888,80.239982605,45624,45685,61
13.0066404343,80.2537384033,45897,46066,169
13.0066299438,80.2519683838,46370,46441,71
13.0066604614,80.2474822998,46521,46602,81
13.0256795883,80.2303237915,47286,47317,31
13.0290603638,80.2308425903,47417,47458,41
13.0296602249,80.230796814,47478,47518,40
13.0342702866,80.2304229736,47649,47680,31
13.0348396301,80.2303009033,47700,47750,50
13.0341796875,80.2372283936,47892,47942,50
13.0447301865,80.2402877808,48235,48285,50
13.0522699356,80.2408065796,48424,48465,41
13.0563402176,80.2425384521,48576,48636,60
13.0766201019,80.2382202148,49231,49262,31
13.0980501175,80.214881897,50089,50129,40
13.098400116,80.2140579224,50160,50230,70
13.0766401291,80.237739563,52845,52906,61
13.0532102585,80.2419815063,53872,53933,61
13.0355701447,80.2303771973,54397,54468,71
13.003490448,80.256942749,55695,55778,83
13.0017900467,80.2565612793,55809,55879,70
12.9995803833,80.2562179565,55940,55980,40
13.0065002441,80.2526931763,57502,57572,70
13.0066003799,80.2407608032,57915,57986,71
13.0347995758,80.2304077148,58862,58900,38
13.034330368,80.237449646,59041,59072,31
13.0343198776,80.2376022339,59072,59132,60
13.0757398605,80.23412323,60270,60301,31
13.0837402344,80.2339172363,60574,60613,39
13.1005802155,80.2146835327,61174,61273,99
13.0987701416,80.2140808105,62272,62323,51
13.0537996292,80.2422790527,64314,64355,41
13.0352602005,80.2303390503,64940,65041,101
13.025270462,80.229927063,65384,65445,61
13.007229805,80.2385864258,66047,66109,62
13.0066699982,80.2572631836,67672,67763,91
13.0065603256,80.2519683838,68046,68167,121
13.0066995621,80.2498168945,68207,68268,61
13.0066699982,80.2487869263,68308,68369,61
13.0066204071,80.2475509644,68399,68490,91
13.0065803528,80.2464904785,68550,68601,51
13.0065698624,80.2441177368,68752,68783,31
13.0065803528,80.2437973022,68783,68934,151
13.0339603424,80.2305603027,70094,70145,51
13.0343999863,80.23046875,70155,70314,159
13.0442800522,80.2407989502,70829,70889,60
13.0652198792,80.2435684204,71444,71535,91
13.0983695984,80.2141113281,72765,72836,71
13.1002702713,80.2145767212,72886,72937,51
13.1004695892,80.2146682739,72937,73028,91
13.0268096924,80.2329711914,77108,77140,32
13.0068902969,80.2399597168,77716,77815,99
13.0002698898,80.2660980225,78714,78875,161
13.0065498352,80.2521209717,79458,79519,61
13.0347795486,80.2303390503,80468,80508,40
13.0499000549,80.2403717041,81335,81416,81
13.0518102646,80.2430725098,81628,81699,71
13.052740097,80.2431182861,81718,81769,51
13.0656404495,80.2435379028,81991,82022,31
13.0990800858,80.2316131592,83120,83151,31
13.0989999771,80.2403335571,84645,84817,172
12.9977197647,80.2567214966,12,164,152
12.988530159,80.2558822632,25554,25594,40
12.9878196716,80.255821228,25614,25723,109
12.9565696716,80.243560791,26087,26127,40
12.9070196152,80.2283630371,26752,26793,41
12.9020395279,80.2280807495,26883,26944,61
12.8747396469,80.2098312378,27590,27671,81
12.9665699005,80.2477874756,29779,29810,31
12.9811601639,80.2446517944,30141,30212,71
12.981180191,80.2445831299,30222,30313,91
12.9812097549,80.2441864014,30313,30383,70
12.9935398102,80.2180099487,31382,31422,40
12.9953804016,80.216758728,31513,31554,41
12.9957504272,80.2166595459,31554,31594,40
12.9963302612,80.2165298462,31614,31665,51
12.9974803925,80.216178894,31705,31776,71
13.0076303482,80.2098388672,32079,32139,60
13.0136604309,80.2042388916,32339,32382,43
13.010020256,80.211479187,32604,32755,151
13.0096197128,80.2111587524,33421,33482,61
12.9764299393,80.2219085693,34690,34740,50
12.9814395905,80.242729187,35283,35324,41
12.9088201523,80.2285919189,36798,36868,70
12.9068098068,80.2283706665,36939,37111,172
12.9030704498,80.2281112671,37232,37393,161
12.9055900574,80.2281265259,39549,39589,40
12.905579567,80.2282028198,39589,39640,51
12.9488401413,80.2405776978,40225,40266,41
12.963139534,80.2464828491,40467,40508,41
13.0097799301,80.2113571167,42533,42604,71
13.009519577,80.2110977173,42604,42715,111
12.9848299026,80.2231903076,43612,43683,71
12.9068803787,80.2284011841,45521,45571,50
12.9007396698,80.2278213501,48336,48437,101
12.9763402939,80.2217636108,52885,52957,72
12.9772796631,80.2233276367,52987,53018,31
12.9797697067,80.2273788452,53098,53160,62
12.956410408,80.2437515259,53917,53956,39
12.9012203217,80.2280197144,54671,54702,31
12.8770303726,80.2105636597,55204,55270,66
12.8748197556,80.2098007202,55280,55445,165
12.8748903275,80.2098236084,55445,55485,40
12.90583992,80.2281112671,56495,56544,49
12.9812803268,80.2211608887,58294,58340,46
13.0139799118,80.2263183594,60628,60798,170
12.9762496948,80.2216262817,61746,61777,31
12.956700325,80.2437973022,62736,62827,91
12.9564199448,80.2436828613,62837,62878,41
12.9072904587,80.2283782959,63653,63693,40
12.8747301102,80.2099761963,64542,64683,141
12.8920001984,80.2273178101,65147,65198,51
12.9562597275,80.2432937622,66397,66428,31
12.9633398056,80.2466812134,66569,66618,49
12.9811201096,80.2447967529,67021,67052,31
12.9811401367,80.2445373535,67062,67193,131
12.9812002182,80.2441711426,67193,67385,192
12.9813203812,80.243019104,67425,67526,101
12.9813203812,80.2405776978,67728,67759,31
12.9813299179,80.2403717041,67769,67819,50
12.9813098907,80.2400817871,67829,67900,71
12.9812498093,80.2383117676,68031,68112,81
12.9812297821,80.2373123169,68152,68233,81
12.9813804626,80.2338180542,68455,68506,51
12.9771499634,80.2227478027,68887,68918,31
13.006939888,80.2098083496,69832,69863,31
12.9900102615,80.2208175659,71863,71903,40
12.9895896912,80.2211914063,71924,71990,66
12.9892196655,80.2216491699,72011,72043,32
12.9885196686,80.2225112915,72093,72134,41
12.9881696701,80.2228088379,72154,72255,101
12.9879198074,80.2230377197,72265,72426,161
12.9875802994,80.2231674194,72426,72527,101
12.982000351,80.2323074341,73335,73406,71
12.9818496704,80.2329483032,73426,73487,61
12.9817399979,80.2332000732,73487,73547,60
12.981180191,80.2348175049,73618,73658,40
12.9811897278,80.2353897095,73699,73759,60
12.9812002182,80.2357406616,73759,73830,71
12.9812602997,80.2365875244,73850,73921,71
12.9812498093,80.2379302979,73951,73987,36
12.9812898636,80.2396011353,74020,74142,122
12.9798803329,80.2526473999,74394,74465,71
12.9567899704,80.2438430786,74849,74939,90
12.9564599991,80.2436981201,74939,74980,41
12.9499197006,80.2412109375,75182,75232,50
12.899140358,80.2279281616,76080,76111,31
12.8764400482,80.2269363403,76482,76523,41
12.8787097931,80.2147064209,76743,76814,71
12.8745002747,80.2101287842,76986,77037,51
12.9061603546,80.2281494141,78239,78310,71
12.9487400055,80.2405929565,78772,78803,31
13.0068902969,80.2097167969,80445,80516,71
13.0117101669,80.2188415527,80950,81031,81
13.0069599152,80.2402420044,81330,81393,63
12.9867696762,80.2582397461,2080,2211,131
12.9865903854,80.2585830688,3120,3200,80
12.9867801666,80.2584915161,5906,5977,71
12.9867401123,80.2585830688,13885,14056,171
12.9868001938,80.2584228516,14056,14147,91
12.986749649,80.2586364746,14147,14248,101
12.9867095947,80.2586975098,16663,16774,111
12.9868202209,80.2585830688,18915,19086,171
12.9867801666,80.2584762573,19086,19187,101
12.9868001938,80.2585372925,19187,19379,192
12.9869699478,80.2586288452,20722,20813,91
12.9868202209,80.2589416504,20823,20873,50
12.9201803207,80.2514190674,22266,22347,81
13.0888700485,80.2902679443,24914,24954,40
13.0866298676,80.2837600708,25126,25207,81
13.0870199203,80.2836608887,25207,25298,91
13.0878400803,80.2836608887,25324,25386,62
13.0241003036,80.2740631104,28271,28312,41
12.9985599518,80.2560577393,28876,28916,40
12.9973802567,80.2559127808,28936,28977,41
12.9782800674,80.2590789795,29451,29502,51
12.9503297806,80.2548828125,30075,30126,51
12.9545001984,80.2551116943,30742,30793,51
12.9576101303,80.2553024292,30853,30934,81
12.963470459,80.256439209,31086,31126,40
12.9767904282,80.2590866089,31376,31437,61
12.9875202179,80.2563705444,31730,31851,121
12.9991397858,80.2560577393,32113,32214,101
13.0059604645,80.2573013306,32356,32396,40
13.0236196518,80.2732620239,32889,32959,70
13.0564899445,80.2817764282,33562,33604,42
13.0873203278,80.2836914063,34333,34364,31
13.0884504318,80.284866333,34868,34899,31
13.0390996933,80.2787704468,35828,35859,31
12.9979200363,80.255821228,36777,36808,31
12.9871902466,80.2597198486,37109,37160,51
12.9851903915,80.2595901489,37221,37271,50
12.9832801819,80.2594223022,37311,37352,41
12.9609098434,80.2561035156,37735,37766,31
12.915019989,80.2502822876,38442,38634,192
12.9205503464,80.2512969971,38715,38755,40
12.9383096695,80.2525787354,39007,39038,31
12.9497900009,80.2547836304,39229,39260,31
12.9587697983,80.255531311,39401,39472,71
12.9814901352,80.2593002319,39964,40010,46
12.9875001907,80.2561569214,40310,40381,71
12.9961299896,80.255859375,40593,40634,41
13.0005598068,80.256362915,40785,40833,48
13.0235795975,80.2733001709,41401,41443,42
13.088760376,80.2901992798,42483,42544,61
13.0867900848,80.2837371826,42746,42787,41
13.0887699127,80.2900619507,44419,44480,61
13.0241603851,80.2741394043,45540,45588,48
13.0024299622,80.2566986084,46073,46132,59
12.9976596832,80.255859375,46272,46303,31
12.9583101273,80.255531311,47239,47270,31
12.9147195816,80.2504577637,47886,47956,70
12.9152498245,80.2503204346,47985,48017,32
12.9202404022,80.2512283325,48097,48198,101
12.93846035,80.2526092529,48410,48441,31
12.987039566,80.2584609985,58620,58801,181
12.9870901108,80.2584686279,60730,60901,171
12.9872903824,80.2594909668,64043,64083,40
12.9868898392,80.2595672607,64094,64134,40
12.9873600006,80.2585601807,64568,64608,40
12.9880504608,80.2558364868,64685,64738,53
12.9990301132,80.256149292,64980,65020,40
13.0519895554,80.2638778687,66371,66422,51
13.054690361,80.2643814087,66492,66523,31
13.0629997253,80.2640991211,66836,66876,40
13.0671701431,80.2687530518,67048,67088,40
13.0804004669,80.2752990723,67472,67563,91
13.0820398331,80.2757568359,67653,67684,31
13.0887804031,80.2892913818,68255,68297,42
13.1077804565,80.2914886475,68873,68913,40
13.1430797577,80.2996520996,69622,69679,57
13.1612796783,80.3028793335,70196,70236,40
13.1729297638,80.3056564331,70539,70589,50
13.2149295807,80.3205566406,71602,71642,40
13.1271600723,80.2952423096,74262,74303,41
13.0823202133,80.2818832397,75249,75289,40
13.0816898346,80.2768325806,75401,75442,41
13.0815200806,80.2758407593,75482,75522,40
12.9996004105,80.2562408447,77198,77229,31
12.9971399307,80.2558898926,77319,77360,41
12.9871997833,80.2593383789,77583,77623,40
13.0987195969,80.2422637939,19900,20042,142
13.0999403,80.2157287598,20526,20596,70
13.1002197266,80.2148284912,20626,20747,121
13.0066900253,80.257270813,23435,23506,71
12.996919632,80.256072998,25117,25157,40
13.0066795349,80.2478103638,25497,25549,52
13.0446300507,80.2405014038,26638,26669,31
13.0568304062,80.2425765991,26890,26931,41
13.0657196045,80.2435302734,27074,27124,50
13.098449707,80.2140731812,27980,28051,71
13.1004199982,80.2148208618,28434,28575,141
13.0883998871,80.2321624756,30561,30633,72
13.0760097504,80.2339019775,30905,30946,41
13.0784397125,80.2484512329,31551,31702,151
13.078499794,80.2487411499,31702,31874,172
13.0785999298,80.2490997314,31874,31954,80
13.078619957,80.2492828369,31964,32005,41
13.0786895752,80.249671936,32005,32095,90
13.0787401199,80.2502593994,32126,32257,131
13.0785198212,80.2507781982,32287,32438,151
13.0786800385,80.251121521,32438,32489,51
13.0786895752,80.2515029907,32489,32539,50
13.078040123,80.2517089844,32559,32620,61
13.0573101044,80.2428131104,33396,33436,40
13.0529499054,80.241859436,33535,33585,50
13.0356798172,80.2303771973,34049,34099,50
13.0278701782,80.2324676514,34322,34514,192
13.0067300797,80.2567901611,35850,35927,77
13.0066299438,80.2576980591,36020,36060,40
13.0230197906,80.2271270752,37207,37268,61
13.0304002762,80.2306900024,37570,37641,71
13.0343904495,80.2303390503,37719,37750,31
13.0346603394,80.2303085327,37760,37800,40
13.0343599319,80.2374572754,37911,37971,60
13.034330368,80.2376174927,37971,38032,61
13.0445604324,80.2405166626,38233,38284,51
13.0757303238,80.234161377,39212,39253,41
13.0983200073,80.2143325806,39928,39998,70
13.1005001068,80.214630127,40089,40150,61
13.0888004303,80.2309417725,41127,41158,31
13.0629901886,80.2434997559,42372,42434,62
13.0538301468,80.2423324585,42733,42765,32
13.0067195892,80.2462005615,44323,44383,60
13.0068397522,80.2494735718,44454,44494,40
13.0067195892,80.2515182495,44524,44565,41
12.9997196198,80.2562789917,44843,44875,32
12.9977197647,80.2559890747,44926,45047,121
12.9968395233,80.2564163208,45941,45982,41
12.9968299866,80.2560806274,45992,46113,121
12.9987001419,80.2559814453,46153,46184,31
13.0066604614,80.2483825684,46546,46617,71
13.0258197784,80.2306365967,47413,47444,31
13.0290603638,80.2308197021,47544,47575,31
13.0344400406,80.2303009033,47726,47796,70
13.034119606,80.2369918823,47897,47948,51
13.0523099899,80.2406997681,48441,48472,31
13.0565099716,80.2425384521,48574,48624,50
13.0982599258,80.2143707275,50161,50232,71
13.1004104614,80.2145690918,50332,50363,31
13.0570201874,80.2427597046,52850,52901,51
13.0537204742,80.2422180176,52969,53000,31
13.0529603958,80.241859436,53020,53060,40
13.0351800919,80.2303009033,53584,53675,91
13.0066795349,80.2447891235,54511,54551,40
13.006529808,80.2539520264,55146,55196,50
13.0291900635,80.2307662964,56497,56549,52
13.0344600677,80.2303466797,56640,56710,70
13.0342903137,80.2373504639,56831,56912,81
13.0656995773,80.2436904907,57726,57757,31
13.0766897202,80.2388305664,58020,58070,50
13.0983896255,80.2140884399,59037,59105,68
13.0772199631,80.2403869629,60679,60729,50
13.0571403503,80.2428512573,61635,61666,31
13.052069664,80.2409133911,61808,61878,70
13.0355195999,80.2302932739,62634,62804,170
13.0335102081,80.2304992676,62874,62905,31
13.0297698975,80.2308731079,62975,63026,51
13.0270395279,80.2329788208,63116,63217,101
13.0246896744,80.2291412354,63298,63348,50
13.0069503784,80.2401580811,63871,63970,99
13.0068998337,80.2408294678,63990,64021,31
13.0066900253,80.2442092896,64111,64142,31
13.0066795349,80.2571487427,64363,64434,71
12.9968900681,80.256072998,65902,66010,108
13.0065002441,80.2552719116,66303,66404,101
13.0064897537,80.2546234131,66434,66515,81
13.0065603256,80.2535476685,66575,66617,42
13.0065402985,80.2523727417,66668,66749,81
13.0067596436,80.2509231567,66779,66849,70
13.0067195892,80.2496109009,66880,66990,110
13.0066204071,80.2483215332,67021,67132,111
13.0065498352,80.24659729,67182,67232,50
13.0066204071,80.2462081909,67242,67283,41
13.010219574,80.2258377075,67666,67726,60
13.0258302689,80.2306976318,68290,68340,50
13.0335197449,80.2305297852,68581,68692,111
13.0344896317,80.2304000854,68743,68863,120
13.0341796875,80.237121582,68982,69073,91
13.0347700119,80.2382278442,69113,69144,31
13.0552997589,80.2422790527,69728,69769,41
13.0563697815,80.2425918579,69809,69849,40
13.0645999908,80.243560791,70132,70170,38
13.0699100494,80.2421798706,70583,70634,51
13.0757102966,80.2342224121,70905,70975,70
13.0963802338,80.2192764282,71661,71701,40
13.1001396179,80.2145385742,71943,71984,41
13.1003904343,80.2146377563,71994,72044,50
13.0527601242,80.2419204712,74685,74736,51
13.0471897125,80.233581543,75018,75069,51
13.0355796814,80.2304916382,75299,75390,91
13.0327196121,80.2305908203,75501,75551,50
13.0267801285,80.233001709,75763,75824,61
13.0066404343,80.2571868896,76750,76801,51
13.0013504028,80.2565536499,76901,76942,41
13.0989904404,80.2411422729,82093,82134,41
13.0990400314,80.2404403687,82174,82345,171
13.0268001556,80.2656478882,2607,2647,40
13.0268297195,80.2658004761,2677,2728,51
13.02684021,80.2657165527,4605,4736,131
13.0267095566,80.2656326294,4736,4908,172
13.0268697739,80.2657470703,4908,4948,40
13.02684021,80.2659072876,4948,5009,61
13.0268201828,80.2656478882,5009,5150,141
13.0269002914,80.2657165527,5211,5281,70
13.0267496109,80.265838623,5291,5362,71
13.0268697739,80.2657775879,5412,5544,132
13.0269403458,80.2656707764,5544,5584,40
13.0267295837,80.2655792236,5614,5655,41
13.02684021,80.2657012939,5675,5715,40
13.0268096924,80.26587677,6290,6371,81
13.0268001556,80.2657165527,6371,6533,162
13.0266199112,80.2657928467,6593,6654,61
13.0269899368,80.2655410767,6926,6997,71
13.0268001556,80.2656402588,7411,7502,91
13.0267601013,80.2657775879,8117,8238,121
13.026550293,80.2659225464,8269,8329,60
13.0265398026,80.2656936646,8329,8380,51
13.0267400742,80.2657394409,8380,8440,60
13.0266704559,80.2656478882,8440,8541,101
13.026720047,80.2657089233,8541,8581,40
13.0268497467,80.2656021118,8591,8642,51
13.0268096924,80.2657394409,8642,8682,40
13.02643013,80.265838623,8824,8884,60
13.0258102417,80.2654495239,8904,8976,72
13.0270004272,80.2656478882,16851,16902,51
13.0266895294,80.265586853,17820,17861,41
13.0270004272,80.2655410767,18244,18295,51
13.026889801,80.2653198242,18769,18810,41
13.0271196365,80.2655487061,18900,18931,31
13.02684021,80.2657089233,19425,19577,152
13.0267696381,80.2657165527,19587,19667,80
13.0270996094,80.2658004761,20164,20285,121
13.0267000198,80.2657470703,20477,20517,40
13.0067396164,80.2572937012,25491,25542,51
13.0333003998,80.267906189,27235,27286,51
13.0066795349,80.2481613159,28022,28092,70
13.0108299255,80.2241363525,28405,28445,40
13.0344495773,80.2300491333,29653,29733,80
13.0342998505,80.2299575806,30409,30450,41
13.0333995819,80.2678375244,33326,33427,101
13.03083992,80.2672195435,33488,33538,50
13.0088100433,80.2590866089,33992,34184,192
13.0066204071,80.2482299805,34245,34295,50
13.0066795349,80.2434616089,34366,34426,60
13.0067796707,80.2406082153,34446,34477,31
13.0064296722,80.240852356,34477,34598,121
13.007809639,80.2354125977,34638,34770,132
13.0118999481,80.221862793,34800,34870,70
13.0208597183,80.2253417969,35083,35122,39
13.0228099823,80.2269134521,35252,35292,40
13.0245895386,80.2304763794,35454,35504,50
13.0343103409,80.2300491333,35837,35958,121
13.0339603424,80.2303237915,35999,36039,40
13.0331602097,80.2306518555,36110,36150,40
13.0279397964,80.2328491211,36342,36524,182
13.0169401169,80.2252883911,36625,36666,41
13.0137195587,80.2262573242,36726,36807,81
13.0066699982,80.2571792603,37260,37339,79
13.0333204269,80.2676925659,38169,38320,151
13.0334396362,80.2677764893,38552,38693,141
13.0335302353,80.2676696777,38693,38744,51
13.0294303894,80.2664413452,39147,39309,162
13.0236701965,80.2642364502,39339,39390,51
13.0212802887,80.2630691528,39400,39450,50
13.0154304504,80.2604675293,39541,39592,51
13.0259399414,80.2307891846,40822,40853,31
13.0341300964,80.2302703857,41154,41194,40
13.0342197418,80.2301330566,41194,41255,61
13.0342798233,80.2302627563,41275,41386,111
13.0341796875,80.2301177979,41860,41900,40
13.0340995789,80.2301101685,41900,41951,51
13.0340995789,80.2302093506,41951,42052,101
13.0269002914,80.2329788208,42274,42344,70
13.0070695877,80.2390518188,42816,42856,40
13.0070199966,80.2395324707,42866,42916,50
13.0067796707,80.2512969971,43189,43229,40
13.0066099167,80.2571182251,43300,43381,81
13.0333795547,80.2677612305,44441,44491,50
13.0331401825,80.2677536011,44541,44622,81
13.0331802368,80.2677230835,44673,44743,70
13.0332098007,80.2678070068,44763,44814,51
13.0332603455,80.2678985596,44884,44935,51
13.0067100525,80.2577209473,45551,45602,51
13.0066604614,80.2484283447,45916,45966,50
13.0342102051,80.2299728394,47043,47134,91
13.0341596603,80.2303619385,47134,47214,80
13.0297403336,80.2308273315,47295,47335,40
13.0334396362,80.2678222656,48999,49039,40
13.0267801285,80.2656021118,49291,49342,51
13.02684021,80.2655181885,49352,49402,50
13.0267801285,80.26537323,49412,49453,41
13.0267896652,80.2656478882,50724,50786,62
13.0265398026,80.2654266357,52390,52542,152
13.0345201492,80.2679901123,52834,52875,41
13.0332403183,80.2678222656,52925,52976,51
13.0065898895,80.2577285767,53600,53651,51
13.0065603256,80.2525177002,53762,53812,50
13.0067596436,80.2489013672,53883,53923,40
13.0346899033,80.2303009033,54921,54961,40
13.0345497131,80.2297897339,55012,55093,81
13.0140800476,80.2263870239,55847,55878,31
13.0069303513,80.239982605,56110,56170,60
13.0067796707,80.2513809204,56402,56443,41
13.0066404343,80.2571182251,56513,56564,51
13.0333595276,80.2678604126,57299,57380,81
13.0334196091,80.2677078247,57380,57511,131
13.0332298279,80.2677001953,58177,58217,40
13.0324001312,80.267616272,58257,58369,112
13.0065803528,80.2576904297,58903,58974,71
13.0066604614,80.2521209717,59114,59146,32
13.0066795349,80.2482070923,59297,59337,40
13.0065803528,80.2481231689,59358,59438,80
13.0066003799,80.2411117554,59559,59600,41
13.0345897675,80.2304000854,60398,60438,40
13.0347900391,80.2300872803,60489,60549,60
13.0344400406,80.2301330566,60580,60620,40
13.0344295502,80.2300796509,60620,60711,91
13.0343704224,80.2300567627,60721,60761,40
13.0343599319,80.2299118042,61125,61286,161
13.0340900421,80.2303085327,61296,61327,31
13.0338897705,80.2304077148,61327,61377,50
13.0069799423,80.2399597168,62132,62261,129
13.0069198608,80.2500076294,62432,62483,51
13.0069103241,80.2506866455,62513,62554,41
13.0067901611,80.2570571899,62634,62675,41
13.0183801651,80.2615966797,65127,65188,61
13.007229805,80.2587585449,65390,65440,50
13.0066404343,80.2577896118,65480,65531,51
13.0065202713,80.2563400269,65571,65602,31
13.0065898895,80.2552490234,65642,65682,40
13.0065202713,80.2541503906,65743,65824,81
13.006770134,80.2517471313,66036,66086,50
13.0066795349,80.251739502,66086,66117,31
13.0073604584,80.2516784668,66137,66238,101
13.0067396164,80.250038147,66278,66369,91
13.0067195892,80.2491607666,66379,66530,151
13.0066795349,80.2480392456,66550,66611,61
13.0065898895,80.2465667725,66661,66722,61
13.0064401627,80.2458496094,66752,66783,31
13.0065898895,80.2457809448,66792,66863,71
13.0073795319,80.236656189,67012,67043,31
13.0257701874,80.2304763794,67709,67749,40
13.0342102051,80.2304763794,68534,68565,31
13.033780098,80.2300796509,68605,68666,61
13.0308904648,80.2309570313,68706,68776,70
13.0073099136,80.2378387451,69582,69643,61
13.0067501068,80.2403869629,69714,69855,141
13.0068502426,80.2399597168,69875,69935,60
13.0070295334,80.2449035645,70006,70117,111
13.0067996979,80.2515182495,70198,70238,40
13.0344696045,80.2680664063,71074,71124,50
13.0333299637,80.2675323486,71225,71316,91
13.0297498703,80.2667236328,71344,71375,31
13.0258998871,80.2310028076,72996,73038,42
13.0336799622,80.2305221558,73270,73331,61
13.0069904327,80.2402267456,74731,74772,41
13.0066204071,80.2565612793,75044,75095,51
13.0065202713,80.2574081421,75095,75234,139
13.0170001984,80.2584991455,75275,75325,50
13.0246496201,80.228302002,77895,77933,38
13.0295600891,80.2305374146,77994,78054,60
13.0342903137,80.2298431396,78295,78467,172
13.0239400864,80.2282028198,79155,79227,72
13.0292100906,80.2643585205,80421,80502,81
13.0330495834,80.267791748,80542,80593,51
13.0263900757,80.2662963867,82177,82338,161
12.9969701767,80.2571868896,4374,4454,80
12.9969396591,80.2570571899,17463,17574,111
12.9969501495,80.2570724487,19826,19998,172
13.0243501663,80.2283401489,29438,29488,50
13.024479866,80.2285766602,29488,29569,81
13.0234804153,80.2277908325,29609,29650,41
13.023440361,80.2275924683,29650,29832,182
13.009059906,80.2293624878,30216,30365,149
13.0067501068,80.2463226318,30640,30680,40
13.0061597824,80.2474517822,30710,30741,31
12.9886798859,80.2512435913,31042,31163,121
12.9884901047,80.2512664795,31163,31254,91
12.9637699127,80.2468795776,31676,31712,36
12.9506397247,80.2413024902,31995,32035,40
12.9464902878,80.2397994995,32167,32217,50
12.9458198547,80.2394790649,32237,32268,31
12.945019722,80.2389602661,32348,32409,61
12.94328022,80.2371368408,32540,32641,101
12.9423999786,80.2365112305,32682,32722,40
12.9408798218,80.2361297607,32793,32833,40
12.9392004013,80.2355270386,32944,33005,61
12.9382400513,80.2350311279,33055,33096,41
12.9368400574,80.2343215942,33146,33186,40
12.9072599411,80.2283782959,33863,33984,121
12.9011201859,80.2279891968,34115,34226,111
12.8934497833,80.2275619507,34374,34477,103
12.8402500153,80.2276000977,35275,35335,60
12.8399095535,80.2277374268,35335,35376,41
12.8279104233,80.2194824219,35709,35759,50
12.8271198273,80.2193832397,38034,38074,40
12.8328399658,80.2288513184,38339,38531,192
12.8453598022,80.2265319824,38740,38771,31
12.9004001617,80.2277832031,39498,39609,111
12.9007196426,80.2277984619,39609,39640,31
12.9059801102,80.2281723022,39771,39852,81
12.9562997818,80.2432632446,40506,40556,50
12.9633903503,80.2465820313,40678,40738,60
12.985830307,80.2518234253,41049,41160,111
13.0193796158,80.224319458,41888,41935,47
13.0242795944,80.228302002,42059,42099,40
12.9907903671,80.2507324219,43390,43460,70
12.9568395615,80.2439422607,44088,44210,122
12.906829834,80.2283935547,44867,44907,40
12.7862100601,80.2209320068,47207,47258,51
12.7861795425,80.2204971313,47258,47308,50
12.7864599228,80.2204284668,47318,47349,31
12.9007396698,80.2278213501,48824,48925,101
12.9488296509,80.240562439,49571,49611,40
12.9603796005,80.2451400757,49823,49854,31
12.9860200882,80.2517089844,50286,50407,121
13.0194702148,80.224357605,51289,51339,50
13.0067195892,80.2463226318,53460,53501,41
12.9879703522,80.2513504028,53794,53925,131
12.9564800262,80.2436523438,54310,54360,50
12.8243103027,80.2160415649,56107,56249,142
12.8272600174,80.2194366455,56444,56555,111
12.8276395798,80.2193832397,56585,56767,182
12.8393697739,80.227722168,57020,57069,49
12.9026699066,80.2279510498,57825,57864,39
12.9633398056,80.2465896606,58686,58746,60
13.0240602493,80.2279968262,59976,60017,41
13.0242795944,80.228302002,60027,60087,60
13.0069799423,80.2400131226,60875,61047,172
12.9884300232,80.2512893677,61461,61642,181
12.9566202164,80.2435836792,62107,62157,50
12.906999588,80.2283401489,62751,62812,61
12.9010095596,80.2280197144,62882,62953,71
12.8244400024,80.2160797119,64076,64116,40
12.8267602921,80.2194976807,64330,64383,53
12.8275203705,80.2194595337,64403,64443,40
12.8392801285,80.2277297974,65130,65201,71
12.8579597473,80.2262191772,65491,65582,91
12.8605499268,80.2265014648,65643,65815,172
12.8917798996,80.2273406982,66239,66320,81
12.9061002731,80.2282180786,66612,66653,41
12.9850797653,80.2521209717,68353,68515,162
13.0043897629,80.2473831177,68798,68848,50
13.004940033,80.2473602295,68858,68919,61
13.0053300858,80.2472991943,68919,69080,161
13.005689621,80.2472305298,69090,69131,41
13.0060901642,80.2470092773,69151,69222,71
13.019490242,80.2244262695,69959,69999,40
13.0243196487,80.2284927368,72020,72060,40
12.9641799927,80.2471618652,74652,74683,31
12.9068002701,80.2283782959,75772,75853,81
12.901140213,80.2280731201,75924,75994,70
12.866689682,80.2264633179,79128,79179,51
12.9854698181,80.2519378662,80795,80856,61
12.9863195419,80.2517166138,80876,80967,91
12.9874401093,80.2513809204,80997,81098,101
12.9977197647,80.2569274902,83781,83902,121
13.0255203247,80.2671279907,2237,2419,182
13.0249300003,80.2677001953,2449,2480,31
13.0256099701,80.2669906616,2530,2692,162
13.0257902145,80.2665863037,3540,3702,162
13.0259599686,80.2666015625,3702,3884,182
13.0265102386,80.2663497925,13994,14155,161
13.0066299438,80.2474975586,20933,20994,61
13.012339592,80.2214431763,21348,21388,40
13.013299942,80.2226409912,21499,21539,40
13.0135402679,80.2229232788,21539,21570,31
13.0138597488,80.2231826782,21580,21630,50
13.0346498489,80.2303314209,22053,22092,39
13.0348596573,80.2297668457,22123,22245,122
13.0066099167,80.2576599121,26298,26389,91
13.0066795349,80.2480316162,26570,26611,41
13.0269098282,80.2329788208,29467,29498,31
13.0256299973,80.2304992676,29568,29609,41
13.0145397186,80.2261962891,29839,29881,42
13.0106801987,80.2277526855,29952,29992,40
13.0082702637,80.2335281372,30083,30114,31
13.0066699982,80.2570877075,30558,30619,61
13.0333795547,80.2677993774,31306,31337,31
13.0065202713,80.2576599121,32395,32516,121
13.0066299438,80.2483291626,32688,32749,61
13.0153102875,80.2248382568,33320,33353,33
13.0224103928,80.2265167236,33544,33585,41
13.0226802826,80.2267684937,33595,33645,50
13.0241699219,80.2282104492,33716,33777,61
13.0347995758,80.2302398682,34070,34110,40
13.0342597961,80.2300262451,34194,34376,182
13.0239095688,80.2281036377,35072,35103,31
13.0068502426,80.2510604858,35910,35960,50
13.0066995621,80.256980896,36041,36081,40
13.0334997177,80.2304763794,39346,39427,81
13.0343904495,80.2297668457,39539,39570,31
13.0342102051,80.2303390503,40034,40166,132
13.0276699066,80.2328262329,40365,40436,71
13.0338697433,80.2679672241,42201,42252,51
13.02643013,80.2660598755,43666,43716,50
13.0066099167,80.2479095459,44401,44542,141
13.0337600708,80.2304916382,45516,45569,53
13.0298995972,80.2308197021,46005,46055,50
13.0270004272,80.2329483032,46144,46185,41
13.0251398087,80.2296981812,46255,46296,41
13.0068998337,80.2401275635,46819,46900,81
13.0333404541,80.267791748,47990,48021,31
13.0299797058,80.2666778564,48222,48253,31
13.0267601013,80.2657623291,48354,48475,121
13.026720047,80.2656173706,48475,48586,111
13.0266599655,80.2656936646,49182,49333,151
13.0265903473,80.2655715942,49333,49414,81
13.0264101028,80.2653274536,49919,50061,142
13.0332698822,80.2678527832,51194,51232,38
13.0066404343,80.2577972412,51856,51896,40
13.006649971,80.2483291626,52103,52157,54
13.0349197388,80.2298278809,53306,53357,51
13.0345697403,80.2297592163,53357,53417,60
13.0066795349,80.2445373535,54520,54560,40
13.0066003799,80.257019043,54783,54823,40
13.0292797089,80.2660827637,55357,55408,51
13.0066204071,80.2577514648,57677,57708,31
13.0065202713,80.2533569336,57809,57869,60
13.0064897537,80.2531280518,57869,57900,31
13.0065803528,80.2520523071,57931,58001,70
13.0066299438,80.2481918335,58072,58153,81
13.006649971,80.2405929565,58335,58375,40
13.0242996216,80.2284088135,58959,58999,40
13.0293397903,80.2308578491,59181,59221,40
13.0347604752,80.2303085327,59373,59454,81
13.0349397659,80.2300567627,59474,59534,60
13.0342102051,80.2300109863,61070,61130,60
13.0069999695,80.2399215698,62017,62067,50
13.0067195892,80.2452011108,62168,62209,41
13.0201997757,80.2626419067,62792,62823,31
13.0223197937,80.2634887695,62863,62904,41
13.0335798264,80.2678604126,63296,63347,51
13.0345697403,80.2680282593,63367,63451,84
13.0264196396,80.2659988403,63664,63704,40
13.0065803528,80.2577514648,64169,64250,81
13.006770134,80.2511672974,64947,65048,101
13.0067996979,80.2509307861,65048,65149,101
13.0066699982,80.2484588623,65270,65351,81
13.0065698624,80.2467422485,65411,65492,81
13.0066204071,80.2463531494,65492,65532,40
13.0066003799,80.2446975708,65623,65654,31
13.0073795319,80.2369918823,65795,65835,40
13.0251398087,80.2295532227,66473,66523,50
13.0259799957,80.2311096191,66592,66642,50
13.0291795731,80.2309188843,66713,66754,41
13.0349397659,80.2302322388,66876,66926,50
13.034740448,80.2298431396,66946,67017,71
13.0342102051,80.2299575806,67330,67401,71
13.0268201828,80.2330474854,67643,67684,41
13.0247297287,80.2292709351,67805,67845,40
13.0071401596,80.2389678955,68401,68573,172
13.0066995621,80.25730896,68886,68956,70
13.0333499908,80.2678527832,69781,69812,31
13.0344495773,80.2680587769,69842,69903,61
13.0263395309,80.2660369873,70428,70498,70
13.006529808,80.2577667236,70973,71024,51
13.0065603256,80.2409591675,71488,71559,71
13.0289096832,80.2308883667,72306,72337,31
13.0268001556,80.2330169678,73478,73538,60
13.0069198608,80.2397994995,74033,74164,131
13.0066204071,80.2573928833,74427,74508,81
13.0345001221,80.2680587769,75254,75316,62
13.0331401825,80.2678604126,75376,75417,41
13.0263204575,80.2660293579,75588,75659,71
13.0064897537,80.2576599121,76073,76194,121
13.0065402985,80.2519073486,76305,76366,61
13.034740448,80.2302703857,77315,77376,61
13.0068702698,80.2400665283,78568,78618,50
13.0265302658,80.2663574219,80062,80194,132
13.0265798569,80.2662506104,80204,80244,40
13.026599884,80.2641372681,81204,81254,50
13.0370597839,80.2666702271,81507,81547,40
13.0679502487,80.2053527832,85274,85375,101
13.0147399902,80.225730896,16,97,81
13.0147304535,80.2258377075,6139,6331,192
13.0148296356,80.2255706787,6614,6674,60
12.9756402969,80.2210388184,22435,22467,32
12.9232196808,80.1205825806,24205,24256,51
12.9750795364,80.2205200195,26941,26991,50
13.0219202042,80.2260894775,28061,28102,41
13.0271196365,80.2329406738,30282,30363,81
13.0085601807,80.2135391235,30907,30947,40
13.0084199905,80.213432312,30947,31008,61
12.9998998642,80.2141799927,31229,31260,31
12.997420311,80.2163162231,31321,31372,51
12.976149559,80.2212982178,31877,31937,60
12.9756402969,80.2210464478,31957,31998,41
12.917140007,80.1923522949,33047,33078,31
12.9224395752,80.1433868408,33863,33914,51
12.9173698425,80.1919784546,36132,36183,51
13.0141296387,80.2255783081,47994,48184,190
13.0103998184,80.2255706787,49800,49850,50
13.0111999512,80.2236404419,49931,49962,31
13.0342197418,80.2302017212,50747,50798,51
13.0022802353,80.2121734619,57130,57261,131
13.0291795731,80.2308120728,57805,57846,41
13.0341997147,80.2303085327,59463,59503,40
13.026889801,80.233001709,59665,59705,40
13.0105400085,80.2253036499,60289,60329,40
13.0083503723,80.2134170532,60511,60542,31
12.9879398346,80.2230072021,61026,61067,41
12.9760799408,80.2212905884,61339,61370,31
12.9756803513,80.2211074829,61390,61440,50
12.9226799011,80.1519622803,62934,62994,60
12.9224500656,80.1433868408,63106,63164,58
12.9225101471,80.1429672241,64833,64884,51
12.9753198624,80.2207183838,66680,66730,50
12.9762096405,80.2212905884,66761,66801,40
12.9828596115,80.2220001221,66942,66973,31
13.0077800751,80.2130432129,67639,67679,40
13.0095300674,80.2148284912,67739,67790,51
13.0337295532,80.2305526733,68566,68687,121
13.0341501236,80.2302398682,69424,69475,51
13.0270500183,80.233001709,69694,69756,62
13.0250797272,80.2297210693,69847,69887,40
13.0086297989,80.213760376,70572,70612,40
12.9900102615,80.2208480835,71400,71492,92
12.9897603989,80.2208786011,71492,71585,93
12.9894800186,80.2213897705,71615,71656,41
12.9887399673,80.2222824097,71757,71837,80
12.9875001907,80.2231826782,71950,72000,50
12.9839696884,80.2227020264,72142,72180,38
12.9223899841,80.1431503296,74341,74411,70
12.9232597351,80.1211700439,74977,75088,111
12.92029953,80.183921814,75945,75996,51
12.9746904373,80.2204589844,77118,77168,50
12.996219635,80.2165298462,77635,77685,50
13.0346002579,80.2303314209,78623,78673,50
13.014169693,80.2257232666,79257,79338,81
12.9979400635,80.2563934326,496,588,92
12.9979000092,80.2566223145,598,753,155
12.9981298447,80.2563400269,753,832,79
12.9980802536,80.2562637329,2880,3062,182
12.9980201721,80.256477356,6119,6230,111
12.9980201721,80.2563476563,10710,10771,61
12.9979400635,80.2565078735,10781,10821,40
12.9979600906,80.2564620972,18278,18321,43
12.9978399277,80.2563018799,18340,18381,41
12.997300148,80.2560501099,18850,18908,58
12.9974803925,80.2559814453,18908,19069,161
12.9974803925,80.2559814453,19069,19108,39
12.8746204376,80.2098236084,20958,20998,40
12.8746995926,80.2098922729,21028,21069,41
12.8746995926,80.2099380493,21089,21139,50
12.8747797012,80.2099304199,21139,21210,71
12.9008197784,80.2278213501,21982,22035,53
12.9813404083,80.2396469116,23332,23372,40
13.009519577,80.211151123,25247,25439,192
13.0093898773,80.2110900879,25449,25590,141
12.9799604416,80.252456665,27039,27090,51
12.9566497803,80.2436828613,27434,27495,61
12.9338598251,80.2328872681,27898,27949,51
12.9335298538,80.2328491211,27949,27999,50
12.9071302414,80.2284393311,28665,28716,51
12.8747997284,80.2097702026,29420,29460,40
12.8747797012,80.2098770142,29612,29682,70
12.8741502762,80.2099761963,29834,29874,40
12.8749504089,80.2097091675,29995,30056,61
12.8746299744,80.2097320557,30166,30217,51
12.8746595383,80.2098770142,30217,30298,81
12.8914403915,80.2272491455,30781,30821,40
12.9006004333,80.2277984619,30983,31063,80
12.9061203003,80.2280883789,31184,31233,49
12.9095401764,80.2285995483,31314,31446,132
12.9631996155,80.2464065552,32541,32573,32
12.9664402008,80.2476806641,32643,32684,41
12.9958200455,80.2165985107,34146,34217,71
13.0094995499,80.2110595703,35032,35123,91
13.0094604492,80.2109603882,35173,35214,41
13.0096597672,80.2109222412,35224,35295,71
13.0095500946,80.2109375,35295,35416,121
13.0093698502,80.2109680176,35416,35456,40
12.9764699936,80.2218017578,36686,36726,40
12.9638595581,80.246887207,37922,37954,32
12.9572401047,80.2439804077,38126,38157,31
12.9567699432,80.2437973022,38197,38237,40
12.9084100723,80.2285766602,39095,39145,50
12.9067802429,80.2283172607,39175,39216,41
12.9018201828,80.228012085,39296,39417,121
12.9026699066,80.2279281616,41554,41594,40
12.9063596725,80.2282028198,41645,41703,58
13.0096101761,80.2111816406,44890,44940,50
13.0097503662,80.2111206055,44940,45104,164
12.9823198318,80.2217407227,46254,46294,40
12.9763498306,80.2217712402,46415,46446,31
12.9570302963,80.2438735962,47321,47382,61
12.9567899704,80.2437362671,47382,47452,70
12.9184799194,80.2300415039,47997,48158,161
12.8746099472,80.2099075317,48995,49097,102
12.874540329,80.2098236084,49177,49228,51
12.8745803833,80.2099761963,49520,49641,121
12.8741598129,80.2100982666,49702,49833,131
12.8744697571,80.2104797363,50135,50206,71
12.8745098114,80.2100601196,50579,50630,51
12.9006700516,80.227897644,51164,51263,99
13.0101995468,80.2116317749,54129,54180,51
13.0099000931,80.2113876343,54190,54240,50
13.0095596313,80.2111968994,54240,54281,41
13.0093898773,80.2109985352,54281,54392,111
13.0094604492,80.2110977173,54402,54482,80
12.9568595886,80.2438583374,56428,56479,51
12.9565496445,80.2437591553,56479,56529,50
12.9014997482,80.2280578613,57246,57297,51
12.8765001297,80.2266921997,58518,58549,31
12.8982801437,80.2277526855,58781,58857,76
12.9000902176,80.2278366089,58980,59021,41
13.0036802292,80.2119979858,61548,61587,39
13.0102396011,80.2115325928,62279,62330,51
13.0099802017,80.2114562988,62421,62461,40
13.009759903,80.2113418579,62731,62893,162
13.0098495483,80.2113571167,62893,62986,93
13.0094003677,80.2111816406,63278,63339,61
13.0092201233,80.2111434937,63369,63530,161
13.0092897415,80.2110900879,63540,63702,162
12.9764499664,80.2218399048,64930,64970,40
12.9819803238,80.2327194214,65232,65263,31
12.9818496704,80.233039856,65283,65333,50
12.956609726,80.2437210083,66146,66177,31
12.9292602539,80.2315216064,66721,66842,121
12.9069795609,80.2282791138,67175,67306,131
12.9012403488,80.2279891968,67378,67469,91
12.8792200089,80.2110824585,68155,68195,40
12.8746700287,80.2102584839,68296,68337,41
12.8747501373,80.2100601196,68377,68468,91
12.877699852,80.2201385498,68730,68871,141
12.8764400482,80.2266464233,68992,69023,31
12.9064302444,80.2282714844,69527,69608,81
12.9487304688,80.2406387329,70363,70403,40
12.9633703232,80.2466506958,70685,70746,61
12.9811201096,80.2440795898,71180,71261,81
12.977060318,80.2227630615,71964,71995,31
12.9853496552,80.2232666016,72277,72328,51
12.9856595993,80.2230529785,72328,72479,151
12.9860095978,80.2230224609,72479,72540,61
12.9864196777,80.2230072021,72580,72641,61
12.9913196564,80.2197113037,72822,72853,31
13.0068998337,80.2098236084,73225,73285,60
13.0134296417,80.204246521,73528,73588,60
13.0102100372,80.2117233276,73879,73939,60
13.0097398758,80.2114181519,73949,73980,31
13.0096902847,80.2114868164,74444,74494,50
12.9976196289,80.2569122314,75898,75929,31
12.9976797104,80.2570571899,75939,76050,111
12.9981098175,80.2569198608,76070,76181,111
12.9974899292,80.2573165894,76605,76685,80
12.9974002838,80.2571411133,76887,77059,172
12.9975204468,80.2567520142,78274,78334,60
12.997590065,80.2570114136,78344,78415,71
12.9977197647,80.2571487427,78415,78465,50
12.9975500107,80.257019043,78778,78919,141
12.9975795746,80.2570037842,79424,79474,50
12.9973802567,80.2567977905,79484,79595,111
12.9975404739,80.257019043,79595,79777,182
12.9975595474,80.2569885254,79777,79817,40
12.9975004196,80.2567214966,79817,79858,41
12.9973201752,80.2568969727,80491,80603,112
12.9973402023,80.2568664551,80891,80926,35
12.9975700378,80.2570037842,80934,81019,85
12.9975204468,80.2571334839,82371,82418,47
12.997420311,80.2570419312,82438,82573,135
12.9974098206,80.2570266724,83193,83243,50
12.9975004196,80.2569580078,83861,83902,41
12.9973602295,80.256980896,83902,83934,32
12.997420311,80.2568511963,85323,85467,144
12.9882698059,80.2300491333,28005,28046,41
12.9882898331,80.2232818604,28187,28299,112
12.9914798737,80.2334594727,28521,28562,41
12.9866199493,80.2384109497,28784,28835,51
12.986700058,80.2383880615,28835,28915,80
12.986700058,80.23828125,28915,28966,51
12.9865198135,80.2353515625,29027,29097,70
12.9883003235,80.2300796509,29229,29269,40
12.9882802963,80.2232666016,29432,29494,62
12.9883003235,80.2232666016,30575,30656,81
12.9865102768,80.2352905273,31932,31993,61
12.9866895676,80.2333374023,32043,32235,192
12.9882802963,80.2300567627,32306,32357,51
12.9900598526,80.2276535034,32405,32448,43
12.9883098602,80.2232589722,32539,32640,101
12.9987201691,80.2391586304,33084,33126,42
12.9883699417,80.2232818604,34026,34106,80
12.9899902344,80.2276992798,34197,34248,51
12.9865999222,80.2333068848,34369,34401,32
12.9866104126,80.2384872437,34512,34623,111
12.9864797592,80.2353210449,35321,35371,50
12.9882097244,80.2301177979,35513,35553,40
12.9915103912,80.2334594727,35776,35816,40
12.9900598526,80.2276992798,37172,37212,40
12.9884195328,80.2235870361,37304,37385,81
12.9884901047,80.2234802246,59872,59912,40
12.9865503311,80.2333068848,61452,61492,40
12.9865903854,80.2385635376,61593,61684,91
12.9884796143,80.2234725952,61968,62029,61
12.9680099487,80.1493606567,21966,21997,31
12.9875402451,80.2514266968,23756,23807,51
12.9877796173,80.255531311,23867,23928,61
12.9873199463,80.2586135864,23978,24009,31
12.986749649,80.2590179443,25059,25130,71
12.9871101379,80.2591323853,25130,25241,111
12.987569809,80.2562026978,25311,25342,31
12.9388599396,80.1296615601,27492,27532,40
12.9317998886,80.1231307983,27704,27744,40
12.9267196655,80.1177597046,28037,28078,41
12.9269304276,80.1178970337,28088,28138,50
12.9271602631,80.1180801392,28138,28330,192
12.9292001724,80.1202011108,28391,28482,91
12.929479599,80.1204833984,28492,28603,111
12.949259758,80.1852264404,29966,30006,40
12.9486103058,80.195640564,30117,30157,40
12.9491596222,80.2403182983,30692,30723,31
12.9563102722,80.2433166504,30884,30925,41
12.9666595459,80.2478408813,31086,31157,71
12.9798297882,80.2526626587,31349,31409,60
12.984120369,80.2523193359,31460,31561,101
12.9877996445,80.2549972534,31884,31944,60
12.9879198074,80.2520599365,33772,33822,50
12.965089798,80.2473678589,34368,34408,40
12.9637298584,80.2468109131,34438,34469,31
12.9499197006,80.2410202026,34751,34822,71
12.9492397308,80.2393112183,34872,34903,31
12.9496603012,80.2368469238,34953,35004,51
12.9500303268,80.2338104248,35074,35115,41
12.9484195709,80.2088088989,35308,35348,40
12.9490203857,80.1853408813,35631,35773,142
12.9730701447,80.1525115967,36762,36793,31
12.9733600616,80.152923584,36803,36853,50
12.9695901871,80.1503372192,36924,37015,91
12.9499397278,80.2355117798,38460,38581,121
12.9865999222,80.2592773438,39570,39661,91
12.9867200851,80.2590026855,39661,39752,91
12.9875402451,80.2516174316,39923,39994,71
12.9566402435,80.2438278198,40398,40459,61
12.949139595,80.2408370972,40580,40660,80
12.9489803314,80.1853027344,41237,41348,111
12.9376802444,80.1287078857,42176,42216,40
12.9289197922,80.1200332642,43115,43175,60
12.9316301346,80.1227416992,43216,43266,50
12.9498500824,80.2358474731,44639,44670,31
12.9633398056,80.2465896606,45016,45067,51
12.987159729,80.2515029907,45431,45552,121
12.9877195358,80.2552871704,45633,45703,70
12.9876203537,80.2554397583,45703,45784,81
12.9869499207,80.2593765259,45915,46027,112
12.9875297546,80.255859375,48238,48278,40
12.9800796509,80.2528076172,48470,48510,40
12.9491701126,80.2408065796,49006,49057,51
12.9693002701,80.1501617432,50359,50399,40
12.9872198105,80.251449585,52411,52533,122
12.9870901108,80.2596282959,52745,52785,40
12.9866304398,80.2593536377,52805,52977,172
12.9869804382,80.2590408325,54654,54715,61
12.9876203537,80.2564163208,54775,54826,51
12.9489803314,80.1854476929,56140,56211,71
12.92648983,80.1177825928,57422,57463,41
12.9271697998,80.1181716919,57907,57957,50
12.9287996292,80.1199493408,57998,58048,50
12.9290599823,80.1202163696,58058,58149,91
12.9500102997,80.235710144,60140,60231,91
12.9634304047,80.2466506958,60594,60655,61
12.9865198135,80.2517318726,61029,61140,111
12.9877700806,80.2553787231,61231,61271,40
12.9877099991,80.255569458,61271,61382,111
12.9868001938,80.2591171265,62533,62705,172
12.987159729,80.2590866089,62705,62745,40
12.9878997803,80.2525177002,63088,63169,81
12.956870079,80.2437133789,63825,63876,51
12.9494695663,80.2409286499,64017,64057,40
12.9496603012,80.2365188599,64199,64239,40
12.9496803284,80.2360229492,64259,64290,31
12.9490003586,80.1854629517,64916,64956,40
12.9670095444,80.14894104,65754,65824,70
12.9692802429,80.1501235962,66056,66127,71
12.9492797852,80.1852035522,66814,66864,50
12.9487400055,80.2074966431,67187,67258,71
12.948679924,80.2077789307,67268,67318,50
12.9796600342,80.2526779175,68247,68368,121
12.9818696976,80.2526626587,68429,68540,111
12.9822397232,80.2526397705,68540,68591,51
12.9877796173,80.2549972534,69126,69216,90
12.9876298904,80.2557296753,69237,69297,60
12.9878101349,80.251953125,69853,69903,50
12.9566602707,80.243812561,70499,70559,60
12.9563999176,80.2436981201,70559,70610,51
12.9496603012,80.236076355,70923,70963,40
12.9483003616,80.2105331421,71236,71327,91
12.948969841,80.1855163574,71710,71791,81
12.9279298782,80.1193389893,73033,73073,40
12.9271202087,80.1184616089,73114,73164,50
12.9271097183,80.1182022095,73396,73427,31
12.9285001755,80.1197128296,73477,73588,111
12.9502696991,80.1393966675,74042,74083,41
12.9491300583,80.1851882935,74780,74821,41
12.9499397278,80.235748291,75396,75447,51
12.9863595963,80.2516937256,76153,76204,51
12.9877595901,80.2544631958,76285,76335,50
12.9872102737,80.2586364746,76456,76487,31
12.9866504669,80.2589111328,76507,76557,50
12.9905004501,80.228843689,222,262,40
12.9901800156,80.2276916504,303,343,40
12.9982404709,80.2380599976,626,697,71
12.9983196259,80.23828125,697,839,142
12.998290062,80.2380828857,1708,1770,62
12.9984998703,80.238319397,1778,1810,32
12.9910497665,80.2336196899,2235,2275,40
12.9907999039,80.2332611084,2791,2973,182
12.9908895493,80.23072052,4994,5045,51
12.9910402298,80.231918335,5641,5672,31
12.9982404709,80.2380828857,5833,5874,41
12.9982299805,80.2380599976,6369,6420,51
12.9906396866,80.2333908081,6966,7077,111
12.9908895493,80.2331390381,7087,7228,141
12.9882602692,80.2238693237,19001,19092,91
12.9902296066,80.2416305542,31422,31482,60
12.9917697906,80.2344589233,33716,33757,41
12.9914302826,80.2336578369,33818,33868,50
12.9881401062,80.2237091064,34050,34151,101
12.9880199432,80.2237319946,34164,34215,51
12.9884195328,80.2235488892,34235,34276,41
12.9882898331,80.2237625122,34548,34629,81
12.9879198074,80.2237014771,36793,36853,60
12.988120079,80.2237930298,37440,37612,172
12.9880304337,80.2238082886,38774,38825,51
12.9880895615,80.2237014771,38825,38926,101
12.9879999161,80.2237091064,39249,39391,142
12.9880695343,80.2237930298,39391,39482,91
12.988120079,80.2237701416,39512,39583,71
12.9881401062,80.2237091064,40179,40280,101
12.9878902435,80.2238311768,40280,40432,152
12.9881801605,80.2237472534,40432,40473,41
12.9880199432,80.2237167358,40938,40978,40
12.9880304337,80.2238998413,41548,41659,111
12.9881401062,80.2238769531,41912,41953,41
12.9880800247,80.2238235474,41953,42023,70
12.9880599976,80.2236480713,42023,42185,162
12.9879102707,80.2236633301,42438,42559,121
12.9880104065,80.2238006592,42559,42630,71
12.9881000519,80.2238235474,42630,42670,40
12.9880199432,80.2237930298,46027,46178,151
12.9880695343,80.223777771,46886,46977,91
12.9881000519,80.2236862183,46977,47017,40
12.9880304337,80.2237091064,47371,47432,61
12.9881601334,80.2237167358,47836,48018,182
12.9880199432,80.2237701416,49596,49707,111
12.9881000519,80.2236785889,50203,50324,121
12.9881401062,80.2236785889,50819,50900,81
12.9881401062,80.2237319946,51739,51810,71
12.988120079,80.2237319946,52083,52278,195
12.9880599976,80.2236480713,53107,53259,152
12.9881296158,80.2238998413,54138,54270,132
12.9881095886,80.2237472534,55887,56019,132
12.9880504608,80.2237091064,61134,61306,172
12.9881401062,80.2238006592,61306,61397,91
12.9880399704,80.2238616943,61599,61710,111
12.9880199432,80.223777771,62630,62671,41
12.9879999161,80.2237701416,62681,62721,40
12.9879798889,80.2237625122,62721,62822,101
12.9880599976,80.2238311768,68616,68717,101
12.9879398346,80.223739624,70102,70184,82
12.9879703522,80.223739624,70993,71165,172
12.9879999161,80.2238006592,71165,71235,70
12.9879903793,80.2238616943,72085,72145,60
12.9879302979,80.2238082886,72145,72287,142
12.9879598618,80.2238769531,72287,72449,162
12.9879703522,80.2238922119,72449,72620,171
12.9879999161,80.2237701416,72620,72651,31
12.9879302979,80.2237930298,74451,74583,132
12.988120079,80.2237091064,75119,75260,141
12.9879798889,80.2237701416,75736,75827,91
12.9880695343,80.2238693237,75827,75969,142
12.9880304337,80.2238922119,75969,76080,111
12.9879398346,80.2238311768,78348,78409,61
13.0760297775,80.276222229,22099,22150,51
13.075750351,80.276222229,22150,22211,61
13.0760402679,80.2762527466,22221,22302,81
13.0764904022,80.2871704102,34740,34791,51
13.067990303,80.2843093872,34852,34983,131
13.0570402145,80.2817993164,35003,35064,61
13.0523996353,80.2810592651,35084,35135,51
13.0124998093,80.2218017578,39069,39190,121
13.0638799667,80.2833328247,41601,41641,40
13.0893297195,80.2902832031,41955,42016,61
13.0877799988,80.2838516235,42360,42471,111
13.0879898071,80.2838821411,42471,42512,41
13.0816898346,80.2767410278,42926,42957,31
13.0815601349,80.2756576538,43007,43068,61
13.0377998352,80.267616272,44079,44140,61
13.0372104645,80.2676010132,44160,44231,71
13.0267601013,80.2654724121,44494,44565,71
13.0289802551,80.2663726807,45141,45333,192
13.0370197296,80.2675933838,45353,45404,51
13.0413103104,80.2677764893,45555,45586,31
13.0430498123,80.2680435181,45626,45677,51
13.0877103806,80.2838592529,46748,46819,71
13.0877895355,80.2838973999,46819,46870,51
13.0296401978,80.2666320801,48629,48669,40
13.0269899368,80.2565689087,48891,48942,51
13.0284996033,80.2501602173,49073,49104,31
13.0080404282,80.2405776978,49498,49539,41
13.011059761,80.2240829468,49771,49811,40
13.0111198425,80.223777771,49811,49842,31
13.0094299316,80.2110900879,50742,50833,91
13.0178403854,80.2409667969,51480,51530,50
13.0291996002,80.2456283569,51743,51793,50
13.0289201736,80.2495574951,51884,51925,41
13.043800354,80.2671432495,52733,52764,31
13.0434703827,80.2739334106,52956,53006,50
13.0887203217,80.2901077271,53724,53795,71
13.0868196487,80.2836380005,53996,54027,31
13.087439537,80.2836380005,54058,54108,50
13.0878295898,80.2835617065,54108,54149,41
13.0879602432,80.2834320068,54149,54270,121
13.0843000412,80.2793121338,54412,54472,60
13.0824899673,80.2785797119,54523,54563,40
13.0760602951,80.2747573853,54735,54776,41
13.0760297775,80.2746810913,54776,54877,101
13.0270996094,80.2581710815,62360,62411,51
13.0276498795,80.2635574341,62492,62603,111
13.0294103622,80.2670516968,62623,62684,61
13.0336503983,80.2673568726,62775,62815,40
13.0377397537,80.2637634277,62906,62937,31
13.0409803391,80.2674179077,63028,63109,81
13.0443401337,80.2668914795,63139,63190,51
13.043419838,80.2795791626,63432,63503,71
13.063750267,80.2834014893,63796,63847,51
13.0809803009,80.2882614136,64069,64140,71
13.0884199142,80.2901000977,64190,64251,61
13.0863704681,80.2835388184,64655,64736,81
13.0645303726,80.2833633423,66010,66132,122
13.054019928,80.2814025879,66202,66334,132
13.0438098907,80.2798690796,66394,66445,51
13.0433101654,80.2749633789,66577,66669,92
13.0433502197,80.2742919922,66690,66872,182
13.0410995483,80.2682571411,66881,66912,31
13.0382900238,80.2677307129,66993,67043,50
13.0380802155,80.2676773071,67043,67104,61
13.0265398026,80.2634124756,67751,67852,101
13.0268802643,80.2580795288,67872,67943,71
13.0269298553,80.2567596436,67963,68024,61
13.027130127,80.253616333,68044,68085,41
13.0731897354,80.2855377197,75162,75212,50
13.0812397003,80.2883987427,75283,75424,141
13.060259819,80.282661438,83391,83422,31
13.0702495575,80.2847671509,83482,83533,51
13.0820503235,80.2814407349,83684,83806,122
12.9882898331,80.2237472534,8064,8256,192
12.988240242,80.2237472534,18817,18968,151
12.9882698059,80.2235488892,22297,22337,40
13.0057001114,80.2423324585,23296,23347,51
12.9883403778,80.2300415039,28018,28051,33
12.9865398407,80.2353591919,28676,28716,40
12.9882898331,80.2300186157,28868,28908,40
12.9883403778,80.2233810425,29069,29141,72
12.9883403778,80.2233734131,31079,31119,40
12.9887104034,80.2412796021,31522,31563,41
12.9883003235,80.2300109863,32521,32561,40
12.9884195328,80.2232437134,32753,32793,40
12.9884796143,80.2235183716,34578,34619,41
13.0057201385,80.2422332764,38200,38260,60
12.9991998672,80.2393112183,38381,38412,31
12.9883403778,80.2233505249,38855,38896,41
12.9883403778,80.2234268188,41823,41863,40
12.9883298874,80.2233734131,45650,45691,41
12.9898500443,80.2276992798,45792,45832,40
12.9883403778,80.2233734131,47315,47415,100
12.9986896515,80.2391662598,47960,48041,81
13.0058698654,80.2422790527,48202,48242,40
12.9918203354,80.233757019,48777,48817,40
12.9884300232,80.2233886719,50958,50998,40
12.9865398407,80.2385177612,51321,51371,50
12.9883403778,80.2233428955,51744,51775,31
12.9986600876,80.2391662598,52198,52229,31
12.9883203506,80.2233581543,53620,53651,31
12.9883403778,80.2233428955,55125,55166,41
13.0058803558,80.2423477173,55733,55764,31
12.9883298874,80.2233581543,58892,58952,60
12.9991798401,80.2393417358,60435,60475,40
12.9883499146,80.2233428955,60919,60979,60
12.9883499146,80.2233734131,62483,62514,31
12.9938802719,80.2344894409,62856,62907,51
12.9992599487,80.2393798828,64148,64208,60
12.9883403778,80.2233886719,64743,64834,91
12.988360405,80.2233886719,66328,66379,51
12.9902000427,80.2276382446,66459,66490,31
12.9918003082,80.2337417603,66631,66671,40
12.9960203171,80.236000061,66792,66832,40
12.9987096786,80.2392501831,66903,66943,40
12.9991798401,80.2393798828,67660,67700,40
12.9990301132,80.2393417358,67700,67760,60
12.9883298874,80.2233810425,68224,68295,71
12.9883003235,80.2233810425,69636,69698,62
12.9987001419,80.2392578125,70101,70142,41
12.9882497787,80.2300186157,76655,76686,31
13.0988998413,80.2404403687,688,799,111
13.0978803635,80.2421875,22720,22903,183
13.0820503235,80.2752227783,23936,23996,60
13.0820398331,80.2781829834,24077,24118,41
13.0855998993,80.2827911377,24231,24372,141
13.0824403763,80.2785263062,24485,24526,41
13.079580307,80.262802124,24788,24829,41
13.1003799438,80.215133667,25870,25920,50
13.120059967,80.1022033691,28046,28137,91
13.1201696396,80.1022415161,28137,28207,70
13.0998096466,80.1700134277,30471,30502,31
13.0974998474,80.2419586182,31929,32000,71
13.0808897018,80.2707824707,32929,32969,40
13.0854797363,80.2834396362,33232,33282,50
13.0855302811,80.2826385498,33313,33394,81
13.0856199265,80.2822570801,33424,33464,40
13.0816402435,80.2756271362,34666,34707,41
13.0806598663,80.2652893066,34878,34969,91
13.0789604187,80.2546920776,35203,35354,151
13.0857400894,80.2459030151,35647,35698,51
13.0857200623,80.2455368042,35708,35778,70
13.1004400253,80.2148590088,36600,36680,80
13.0996999741,80.170463562,37448,37509,61
13.1013097763,80.1621932983,37650,37691,41
13.1008396149,80.2142333984,41727,41788,61
13.0795497894,80.2546463013,42862,42903,41
13.0793304443,80.258430481,42963,42994,31
13.0820703506,80.2753372192,43319,43358,39
13.0788698196,80.2547683716,44797,44877,80
13.1035404205,80.2034072876,46123,46163,40
13.0996799469,80.1706771851,46719,46779,60
13.1199398041,80.1023025513,48197,48298,101
13.1015300751,80.1618423462,49470,49531,61
13.0998401642,80.1695785522,49643,49704,61
13.0975599289,80.2416000366,50878,50919,41
13.0987796783,80.2417526245,50969,51060,91
13.1007795334,80.2143630981,58041,58081,40
13.0975103378,80.2418136597,58519,58610,91
13.0815401077,80.2754821777,60998,61038,40
13.0806903839,80.2653579712,61270,61331,61
13.0949802399,80.2413635254,62202,62252,50
13.0956296921,80.241569519,62282,62343,61
13.0970897675,80.2420425415,62383,62505,122
13.1003303528,80.2152099609,63089,63120,31
13.1015300751,80.1618804932,67280,67311,31
13.0996599197,80.1709518433,67482,67523,41
13.0995597839,80.1859207153,67846,67886,40
13.0975103378,80.2416610718,69053,69134,81
13.0859003067,80.2503204346,69497,69538,41
13.079079628,80.2547683716,69771,69822,51
13.0806798935,80.2647094727,70003,70034,31
13.0855503082,80.2826080322,70520,70641,121
13.0822896957,80.2786102295,70802,70853,51
13.0818099976,80.2773208618,70883,70944,61
13.0806398392,80.2654418945,71278,71329,51
13.0790395737,80.2569732666,71531,71571,40
13.0846595764,80.2502288818,71884,71915,31
13.0971603394,80.2421264648,72278,72329,51
13.0982198715,80.2362670898,72440,72480,40
13.1004800797,80.2147827148,72948,73049,101
13.0995798111,80.1707687378,73888,73919,31
13.1197795868,80.1499404907,76862,76923,61
13.085439682,80.283416748,79859,79899,40
13.0822896957,80.2786102295,80011,80052,41
13.0815601349,80.2753601074,80102,80143,41
13.0988903046,80.2411575317,81044,81165,121
13.0992298126,80.2406463623,81205,81296,91
13.0990200043,80.2403793335,81306,81438,132
12.9866399765,80.2587966919,16051,16182,131
12.9866504669,80.2588119507,18336,18447,111
12.9874696732,80.2576522827,22643,22836,193
12.987859726,80.2517623901,23230,23270,40
13.0232000351,80.227432251,23991,24163,172
13.0200195313,80.2248535156,24264,24304,40
13.0069904327,80.2399978638,24618,24689,71
12.9880599976,80.2512969971,25012,25093,81
12.8398199081,80.2276992798,27064,27095,31
12.7615804672,80.1847000122,29393,29464,71
12.7692699432,80.1842193604,29706,29747,41
12.7864999771,80.2204284668,30546,30577,31
12.8919095993,80.2272567749,31962,32012,50
12.9336004257,80.2326812744,32629,32669,40
12.9396600723,80.2355880737,32781,32821,40
12.9485998154,80.2404785156,32973,33094,121
12.966460228,80.2477874756,33498,33539,41
12.9798402786,80.2526321411,33731,33792,61
12.9810600281,80.2526168823,33812,33893,81
13.0066099167,80.2409591675,34439,34519,80
13.0213003159,80.2257614136,35156,35207,51
13.0220899582,80.2262878418,35247,35278,31
13.0335597992,80.2304763794,35753,35813,60
13.0276203156,80.2328033447,36551,36683,132
12.9911003113,80.250617981,37714,37765,51
12.9807500839,80.252746582,37926,37957,31
12.9568796158,80.2438583374,38442,38492,50
12.9565200806,80.2437667847,38492,38523,31
12.9081401825,80.228553772,39230,39281,51
12.9079904556,80.2285003662,39291,39372,81
12.9038000107,80.2281799316,39453,39493,40
12.8403396606,80.2275314331,40433,40484,51
12.8399896622,80.2276992798,40484,40524,40
12.7861604691,80.220916748,41750,41790,40
12.7865800858,80.2204971313,41851,41952,101
12.9064598083,80.2282104492,43478,43519,41
12.9785299301,80.2523193359,44560,44591,31
12.9796495438,80.2526016235,44621,44671,50
12.9875001907,80.251373291,44762,44954,192
13.006649971,80.2403335571,45318,45349,31
13.0195703506,80.2244567871,45763,45794,31
13.0243597031,80.2284164429,45955,46016,61
13.0231599808,80.2274093628,46097,46228,131
13.0067100525,80.2472763062,46734,46784,50
12.9871702194,80.2584991455,47148,47340,192
12.9871397018,80.2585906982,47340,47492,152
12.9869298935,80.2585678101,47502,47654,152
12.9868402481,80.2587203979,47654,47775,121
12.9867401123,80.2590789795,52712,52783,71
12.9872999191,80.2587127686,52813,52844,31
12.9879198074,80.2520217896,52955,53046,91
13.0231304169,80.2274017334,53927,54038,111
13.0067195892,80.2473526001,54665,54725,60
12.9896001816,80.2509231567,54948,55039,91
12.9879798889,80.251373291,55079,55221,142
12.956700325,80.2436218262,55605,55645,40
12.9565401077,80.2435379028,55645,55716,71
12.9066495895,80.2283096313,56353,56403,50
12.8009796143,80.2236022949,57839,57889,50
12.7986898422,80.2234115601,57930,58011,81
12.7869501114,80.2206420898,58213,58314,101
12.7861299515,80.2213592529,59183,59234,51
12.7861700058,80.2207183838,59254,59315,61
12.8314599991,80.2292480469,60103,60144,41
12.9064998627,80.228187561,61145,61215,70
12.9337396622,80.2327575684,61569,61600,31
12.9785604477,80.2523498535,62368,62509,141
12.9822101593,80.2526168823,62590,62722,132
13.0284996033,80.2308731079,63905,63975,70
13.0288095474,80.2309494019,63975,64046,71
13.0350399017,80.2298965454,64238,64279,41
13.0343999863,80.2297210693,64299,64339,40
13.0341396332,80.2304992676,65067,65098,31
13.0250597,80.2295379639,65381,65451,70
13.023440361,80.2276611328,65542,65583,41
13.0071601868,80.2389907837,65987,66098,111
12.9908800125,80.250617981,66472,66503,31
12.9902200699,80.2508010864,66523,66654,131
12.9567098618,80.2437515259,67221,67271,50
12.9469900131,80.2399520874,67443,67483,40
12.9013004303,80.2279815674,68171,68232,61
12.8929300308,80.2274703979,68363,68403,40
12.7846603394,80.2195968628,69981,70021,40
12.7614898682,80.1847610474,71361,71462,101
12.7865695953,80.2204208374,72361,72402,41
12.8307504654,80.2294616699,72928,72968,40
12.8316001892,80.2291564941,72998,73039,41
12.8454399109,80.2264785767,73271,73322,51
12.8764200211,80.2268600464,74100,74131,31
12.903960228,80.2279968262,74565,74616,51
12.9053401947,80.2280502319,74666,74737,71
12.9632997513,80.2465209961,75617,75667,50
12.9870996475,80.2514724731,76052,76183,131
13.0195798874,80.2244110107,76931,76992,61
13.0243597031,80.2284088135,77083,77123,40
12.9876804352,80.255607605,77993,78104,111
12.9869604111,80.2596817017,79893,79984,91
13.0148200989,80.2256088257,696,798,102
13.0148096085,80.2255783081,798,838,40
13.0148296356,80.2257232666,838,879,41
13.014960289,80.2255401611,4261,4352,91
13.0197296143,80.2245788574,23362,23393,31
13.024430275,80.2285003662,23484,23535,51
13.0232601166,80.2274398804,23605,23737,132
13.0231599808,80.227142334,23747,23909,162
12.9012298584,80.2279815674,25853,25914,61
12.8245201111,80.2160263062,27696,27817,121
12.8245296478,80.2160186768,27838,27919,81
12.8244800568,80.2160415649,27919,28070,151
12.9634103775,80.2466201782,30359,30410,51
13.0086402893,80.2315216064,33711,33752,41
13.0083303452,80.2334671021,33782,33823,41
13.0070400238,80.2397689819,33934,33975,41
13.006939888,80.2401428223,33985,34046,61
12.9093103409,80.2286682129,36364,36414,50
12.9080095291,80.2284469604,36455,36586,131
12.8992795944,80.2278594971,36870,36910,40
12.8930196762,80.2274703979,36981,37082,101
12.8611097336,80.2265930176,37477,37518,41
12.8413696289,80.2272033691,37833,37883,50
12.8409004211,80.2274017334,37903,38005,102
12.8401098251,80.2276229858,38055,38086,31
12.832449913,80.2291030884,38217,38258,41
12.7861700058,80.2205200195,39483,39543,60
12.9488096237,80.2406005859,41801,41841,40
12.9563598633,80.243347168,41963,42003,40
12.9633998871,80.2466506958,42115,42186,71
12.9875402451,80.2514038086,42530,42702,172
13.0113697052,80.2233963013,43228,43259,31
13.019780159,80.2246322632,43491,43522,31
13.0234899521,80.2278137207,43674,43795,121
13.0234899521,80.2275390625,43795,43927,132
13.0066404343,80.2426223755,44443,44494,51
12.9917001724,80.2504882813,44858,44889,31
12.9884996414,80.2512207031,44970,45091,121
12.9569501877,80.2437286377,45648,45759,111
12.956609726,80.2435684204,45759,45810,51
12.9073400497,80.2284088135,46508,46539,31
12.8252601624,80.2159881592,48006,48199,193
12.8272895813,80.2193374634,48320,48351,31
12.9006004333,80.2278366089,49304,49355,51
12.9060201645,80.2281417847,49466,49517,51
12.9631900787,80.2464981079,50296,50347,51
12.9846000671,80.2521820068,50620,50671,51
12.9859600067,80.2518234253,50762,50823,61
13.0144701004,80.2260818481,51896,51946,50
13.0141401291,80.2255325317,52027,52189,162
13.0194797516,80.2243881226,53161,53192,31
13.0066404343,80.2440872192,53819,53850,31
12.9887800217,80.2511825562,54113,54164,51
12.956489563,80.2435913086,54599,54649,50
12.827630043,80.2194213867,56907,56968,61
12.906080246,80.228187561,58172,58213,41
12.9488601685,80.2406082153,58810,58851,41
12.9794101715,80.2526626587,59387,59418,31
12.9871797562,80.2515563965,59529,59661,132
13.0050096512,80.2472381592,59964,60035,71
13.0053596497,80.2472305298,60045,60126,81
13.0059604645,80.2470779419,60146,60339,193
13.0211296082,80.2255630493,60906,61017,111
13.0070295334,80.2398300171,62029,62070,41
13.0066995621,80.2451095581,62181,62212,31
12.7863197327,80.2220077515,65381,65412,31
12.7862300873,80.220489502,66526,66576,50
12.7866296768,80.2205429077,66586,66617,31
12.830619812,80.2295837402,67184,67224,40
12.8395500183,80.2276382446,67406,67447,41
12.8554801941,80.2264404297,67680,67832,152
12.8747997284,80.2268829346,68247,68297,50
12.8750400543,80.2268829346,68307,68338,31
12.900270462,80.2279510498,68722,68763,41
12.9487104416,80.2406234741,69583,69694,111
13.0047197342,80.2473678589,70980,71021,41
13.0243997574,80.2285690308,72327,72397,70
13.0231599808,80.2275466919,72458,72590,132
12.9888000488,80.2512283325,74008,74180,172
12.9565496445,80.243812561,74697,74747,50
12.9504203796,80.241317749,74899,74930,31
12.9493598938,80.2409591675,74970,75011,41
12.9073801041,80.2284088135,75527,75567,40
12.9012699127,80.2280197144,75669,75770,101
12.8400297165,80.2276611328,76489,76529,40
12.9061803818,80.2281799316,78576,78617,41
12.9487895966,80.2406387329,79174,79214,40
12.9854001999,80.2519607544,79751,79801,50
12.9866199493,80.2516403198,79842,79923,81
12.9874696732,80.251373291,79943,80054,111
13.0244598389,80.2285614014,80763,80804,41
12.9008102417,80.2278137207,26066,26127,61
12.9874801636,80.2514266968,27269,27371,102
13.0243396759,80.2283172607,29089,29160,71
12.9885101318,80.2513427734,30262,30313,51
12.988409996,80.2513580322,30313,30404,91
12.944899559,80.2388076782,31273,31304,31
12.9447402954,80.2386474609,31304,31364,60
12.9435901642,80.237449646,31445,31476,31
12.9411802292,80.2361831665,31647,31708,61
12.9407100677,80.2360687256,31718,31799,81
12.9405498505,80.2360305786,31799,31931,132
12.9395303726,80.235710144,31971,32011,40
12.9392204285,80.2355804443,32011,32062,51
12.9389200211,80.2353973389,32082,32123,41
12.9387197495,80.2352600098,32123,32224,101
12.9377002716,80.2348175049,32264,32355,91
12.9373397827,80.2346801758,32365,32406,41
12.9366903305,80.2342987061,32416,32517,101
12.9363203049,80.2341995239,32517,32608,91
12.9359798431,80.2340087891,32608,32699,91
12.9339399338,80.2329864502,32739,32770,31
12.8928203583,80.2274093628,33568,33649,81
12.8457803726,80.2266082764,34185,34226,41
12.8317403793,80.2292098999,34387,34418,31
12.8275499344,80.2194595337,34660,34691,31
12.8247900009,80.2160415649,34954,34994,40
12.8316802979,80.2287979126,35510,35560,50
12.9056301117,80.2281265259,36561,36683,122
12.9487895966,80.2404785156,37188,37259,71
12.9563903809,80.2433166504,37390,37431,41
12.9795103073,80.252532959,37754,37795,41
13.0243301392,80.2283172607,39089,39129,40
13.0234003067,80.2277069092,39160,39291,131
13.0141601563,80.2263336182,39483,39645,162
13.0079603195,80.234916687,39827,39867,40
13.0069503784,80.2398223877,39938,40009,71
13.0067396164,80.2456283569,40150,40181,31
12.9880895615,80.251411438,40464,40605,141
12.9565296173,80.243812561,41071,41111,40
12.9069595337,80.2283477783,41728,41788,60
12.9011602402,80.2280197144,41869,41930,61
12.7865200043,80.2204971313,44144,44205,61
12.906129837,80.228187561,45651,45711,60
12.9855499268,80.2518997192,46884,46995,111
12.9873800278,80.2513809204,47026,47147,121
13.0077896118,80.2349014282,47551,47632,81
13.0228500366,80.2269821167,48057,48188,131
12.9883699417,80.2513198853,50160,50281,121
12.9016895294,80.2280273438,51555,51606,51
12.7870798111,80.2206268311,52849,52900,51
12.9006004333,80.2278137207,54972,55003,31
12.9633598328,80.2465591431,55811,55862,51
12.9845600128,80.2521514893,56115,56226,111
12.9870300293,80.2514801025,56277,56398,121
13.0071201324,80.2393035889,58602,58653,51
12.9564800262,80.2437286377,59946,59977,31
12.8269796371,80.2194213867,62924,63005,81
12.8276596069,80.2193832397,63035,63167,132
12.8393201828,80.2276382446,63571,63612,41
12.9005899429,80.227897644,64502,64643,141
12.9766397476,80.2511978149,65867,65917,50
13.0030202866,80.2476119995,66726,66787,61
13.0036296844,80.2474975586,66827,66868,41
13.0039596558,80.2474517822,66878,66959,81
13.0047197342,80.2473678589,67009,67100,91
13.0050802231,80.2472915649,67100,67191,91
13.0054397583,80.2471923828,67191,67262,71
13.0058298111,80.2471618652,67262,67302,40
13.0061197281,80.2469024658,67302,67373,71
13.0065803528,80.2447128296,67484,67515,31
13.0105304718,80.225151062,67919,67970,51
13.0069704056,80.2399368286,69234,69304,70
13.0067195892,80.2450637817,69395,69426,31
12.9908504486,80.2507171631,69739,69820,81
12.9567403793,80.2438735962,70469,70530,61
12.9070997238,80.2284088135,71359,71450,91
12.901309967,80.2280502319,71531,71602,71
12.7867202759,80.2206192017,73029,73060,31
12.7861204147,80.2204971313,73080,73130,50
12.7861499786,80.2211227417,73141,73181,40
12.786239624,80.2222137451,73221,73414,193
12.7861099243,80.2205963135,73474,73535,61
12.8307504654,80.2294998169,73970,74010,40
12.9049501419,80.2281188965,75112,75193,81
12.9060297012,80.2282028198,75254,75325,71
12.948559761,80.2405090332,75861,75931,70
12.9796800613,80.2526321411,76376,76407,31
12.9869499207,80.2515792847,76498,76619,121
12.9877796173,80.2547988892,76690,76791,101
12.9865598679,80.2594299316,8234,8416,182
12.9866304398,80.2594833374,21242,21313,71
12.9872102737,80.2586212158,26294,26487,193
13.0244503021,80.2285232544,27569,27620,51
13.0066995621,80.2447433472,28490,28531,41
12.9491796494,80.2408599854,29502,29543,41
12.9419403076,80.2363815308,29674,29705,31
12.9395904541,80.2357177734,29836,29948,112
12.9391298294,80.235458374,29958,30049,91
12.9389095306,80.2352981567,30049,30089,40
12.9384098053,80.2350921631,30099,30130,31
12.9382400513,80.2350082397,30130,30190,60
12.9378099442,80.2347488403,30200,30261,61
12.9374103546,80.2345962524,30281,30342,61
12.9368400574,80.2343215942,30373,30474,101
12.936340332,80.2341537476,30494,30534,40
12.9360704422,80.2339096069,30545,30666,121
12.9357204437,80.2337875366,30666,30707,41
12.9351196289,80.2335281372,30737,30798,61
12.9348201752,80.2333984375,30798,30838,40
12.9340200424,80.2330093384,30899,30939,40
12.9071302414,80.2283935547,31405,31506,101
12.8986597061,80.227897644,31698,31729,31
12.8404197693,80.2274627686,32548,32599,51
12.8401203156,80.2275619507,32609,32670,61
12.8324604034,80.2291030884,32751,32832,81
12.7922401428,80.2222671509,34957,35098,141
12.8310804367,80.229347229,35604,35645,41
12.8918104172,80.2272796631,36343,36404,61
12.899939537,80.2278137207,36495,36636,141
12.9029798508,80.2279815674,36717,36808,91
12.9052400589,80.2281036377,36849,36899,50
12.9053697586,80.2280883789,36899,36960,61
12.9481801987,80.2403869629,37557,37608,51
12.9793100357,80.252571106,38116,38177,61
12.9895896912,80.2508392334,38662,38703,41
13.0067596436,80.2403106689,38995,39047,52
13.0195798874,80.2244186401,39441,39532,91
13.0243597031,80.2285308838,39644,39684,40
13.0234098434,80.2276916504,39725,39917,192
13.0230798721,80.2273635864,39937,39968,31
12.980050087,80.252822876,40979,41010,31
12.9568796158,80.2438583374,41334,41384,50
12.9565095901,80.2437515259,41384,41445,61
12.901720047,80.2280197144,42113,42153,40
12.8396997452,80.2277069092,42892,42942,50
12.9006004333,80.2279205322,44716,44838,122
12.9063901901,80.2282485962,44908,44939,31
12.9863004684,80.2517471313,46021,46143,122
13.0195798874,80.2244567871,46942,46983,41
13.0240697861,80.2281265259,47064,47155,91
13.0243797302,80.2285614014,47175,47215,40
13.0232095718,80.2273406982,47519,47651,132
13.023059845,80.2271194458,47651,47732,81
13.0229301453,80.2271194458,47732,47823,91
13.0229997635,80.2271575928,47823,47944,121
12.989780426,80.2509307861,48734,48815,81
12.9882602692,80.2513427734,48856,48988,132
12.9068803787,80.228302002,50081,50132,51
12.8398103714,80.2276611328,50901,50951,50
12.7862300873,80.2216873169,51690,51811,121
12.786239624,80.2220611572,51821,51862,41
12.9063196182,80.2282028198,54028,54069,41
12.9796600342,80.2526397705,54989,55040,51
12.985449791,80.251953125,55101,55182,81
12.9870100021,80.2515563965,55212,55334,122
12.9871997833,80.2585678101,55506,55546,40
12.9879398346,80.252456665,60080,60141,61
13.0056200027,80.2471923828,60800,60831,31
13.0057897568,80.2471618652,60831,60871,40
13.0065603256,80.2412796021,61053,61114,61
13.0196399689,80.2245025635,61559,61590,31
13.0215301514,80.2258834839,61640,61701,61
13.024430275,80.2285232544,61772,61832,60
13.0233802795,80.2276687622,61893,62085,192
13.0069599152,80.2400512695,62500,62541,41
13.006770134,80.2470397949,62682,62713,31
12.9901895523,80.2508087158,62935,63016,81
12.9884901047,80.2512207031,63067,63188,121
12.956609726,80.2437362671,63684,63715,31
12.9067897797,80.2282867432,64433,64514,81
12.8925504684,80.2274093628,64716,64787,71
12.845580101,80.2266082764,65303,65334,31
12.786450386,80.220489502,66072,66113,41
12.8306999207,80.2295684814,67671,67732,61
12.8407096863,80.2274017334,67945,67985,40
12.8518800735,80.2266235352,68198,68268,70
12.8735303879,80.2267303467,68592,68643,51
12.8748397827,80.2268829346,68714,68754,40
12.8752298355,80.2269287109,68774,68815,41
12.8755903244,80.2269592285,68815,68855,40
12.8920001984,80.2273712158,69098,69149,51
12.9059495926,80.2282333374,69402,69473,71
12.9563102722,80.2434234619,70201,70232,31
12.9792098999,80.2526397705,70636,70677,41
12.9821100235,80.2526702881,70727,70768,41
13.005279541,80.2472915649,71132,71163,31
13.0060596466,80.2470703125,71223,71264,41
13.0065402985,80.2461013794,71314,71345,31
13.0066404343,80.2408981323,71486,71557,71
13.0243597031,80.2285232544,72721,72762,41
12.9571199417,80.2440032959,74292,74352,60
12.9567499161,80.2438735962,74352,74383,31
12.9508304596,80.2414321899,74555,74605,50
12.8394699097,80.227722168,78310,78351,41
12.9631795883,80.2465820313,79777,79808,31
12.9795703888,80.2526626587,80000,80041,41
12.9854898453,80.2519607544,80142,80202,60
12.9857997894,80.2518386841,80202,80253,51
12.9867696762,80.2516098022,80283,80364,81
13.0174798965,80.2250213623,82482,82533,51
13.0169296265,80.2252807617,82553,82584,31
12.9012203217,80.2279891968,84071,84142,71
12.8715600967,80.2266998291,84466,84517,51
12.7862100601,80.2219696045,85337,85469,132
12.987279892,80.2588195801,19227,19349,122
12.7863302231,80.2219467163,21252,21293,41
13.019610405,80.2244567871,24087,24128,41
13.0244503021,80.2285003662,24209,24249,40
13.0234498978,80.2275466919,25748,25900,152
12.9888296127,80.251159668,26811,26953,142
12.9338598251,80.2329177856,27833,27874,41
12.9334402084,80.2328414917,27904,27945,41
12.9332504272,80.2326889038,27945,28005,60
12.9259796143,80.2310180664,28309,28340,31
12.8453798294,80.2266616821,29372,29403,31
12.8275899887,80.2194976807,29797,29838,41
12.8921604156,80.2273406982,32694,32805,111
12.9008598328,80.2278594971,32886,32947,61
12.901049614,80.2278900146,32947,32998,51
13.0229797363,80.2271728516,35743,35804,61
13.0240497589,80.2280578613,35855,35925,70
12.9913797379,80.2505493164,37110,37252,142
12.9813299179,80.2527084351,37474,37515,41
12.9642095566,80.2470626831,37798,37839,41
12.9568595886,80.2438812256,37970,38041,71
12.9073801041,80.2283782959,38709,38790,81
12.9023704529,80.2280807495,38902,39094,192
12.9633398056,80.2465667725,43338,43378,40
12.9861698151,80.251701355,43692,43743,51
12.9877004623,80.2513122559,43793,43915,122
13.0196399689,80.2244567871,44634,44684,50
13.0244503021,80.2285308838,44775,44806,31
13.023440361,80.2277374268,44846,45018,172
13.0062599182,80.2473678589,45514,45555,41
12.8453798294,80.2266464233,47742,47782,40
12.9633998871,80.24659729,52552,52622,70
12.9864997864,80.251663208,52926,52987,61
13.0067195892,80.2403564453,53280,53311,31
13.0196199417,80.2243728638,53685,53726,41
13.0067195892,80.2472610474,54819,54870,51
12.9890604019,80.251121521,55133,55244,111
12.9565496445,80.2437362671,55720,55782,62
12.901309967,80.2280197144,56389,56481,92
12.8397302628,80.2276992798,57139,57189,50
12.8317499161,80.2292175293,57260,57300,40
12.8272104263,80.2194595337,58570,58641,71
12.8987598419,80.2277679443,59734,59795,61
12.9055700302,80.2281799316,59947,60028,81
12.986120224,80.2517776489,61304,61466,162
13.0066699982,80.2405471802,61902,61942,40
12.9490804672,80.2408599854,65326,65366,40
12.9022197723,80.2281036377,66035,66075,40
12.8317098618,80.2292861938,67077,67118,41
12.7882003784,80.2211608887,67715,67746,31
12.7867097855,80.2205886841,67816,67857,41
12.8305902481,80.229598999,70894,70996,102
12.8314599991,80.229309082,71036,71168,132
12.8547096252,80.2265472412,71725,71897,172
12.9025402069,80.2280578613,72484,72524,40
12.9063596725,80.2282485962,72616,72666,50
12.9633998871,80.2466812134,73506,73618,112
12.9850702286,80.2520828247,73901,73982,81
12.9876804352,80.2555007935,74124,74165,41
12.987660408,80.2555236816,74165,74215,50
12.9873800278,80.2585830688,74276,74327,51
12.9866399765,80.2586669922,75167,75258,91
12.9867401123,80.2584686279,75258,75410,152
12.9867601395,80.2585220337,75410,75511,101
13.0751399994,80.2750320435,17278,17430,152
13.0752801895,80.2749176025,18241,18352,111
13.0753002167,80.2748413086,18352,18464,112
13.075220108,80.2749786377,25047,25199,152
13.075920105,80.2757263184,25229,25320,91
13.0877399445,80.2839508057,25624,25675,51
13.0880899429,80.2839736938,25685,25746,61
13.0882196426,80.2837600708,25756,25796,40
13.0245199203,80.2744903564,27076,27107,31
12.9878902435,80.2557983398,27947,28049,102
12.9360799789,80.234046936,28879,28930,51
12.9351701736,80.2353820801,28981,29021,40
12.9332399368,80.2361602783,29102,29143,41
12.9311800003,80.2385177612,29608,29639,31
12.9336500168,80.2357788086,29781,29943,162
12.9357004166,80.234161377,30084,30125,41
12.9357595444,80.2338790894,30135,30196,61
12.9483604431,80.2403869629,30419,30500,81
12.9562597275,80.2432403564,30642,30703,61
12.9877700806,80.2555007935,31534,31676,142
12.9991703033,80.2560806274,31959,32000,41
13.0061798096,80.2574081421,32192,32253,61
13.0564403534,80.2817764282,33326,33367,41
13.0888204575,80.2901992798,33812,33883,71
13.0884199142,80.2850570679,35089,35180,91
13.0887699127,80.2899703979,35312,35352,40
13.0240802765,80.2741012573,36314,36375,61
13.0019798279,80.2566223145,36902,36972,70
12.9572000504,80.2438964844,37967,38048,81
12.9565095901,80.2436828613,38068,38149,81
12.9497003555,80.2409820557,38251,38291,40
12.9254598618,80.238319397,38929,38970,41
12.9563398361,80.2433776855,39679,39719,40
12.9867601395,80.2516098022,40165,40286,121
12.9877500534,80.2552108765,40377,40469,92
12.9949903488,80.2558135986,40620,40671,51
12.9966697693,80.2558364868,40702,40762,60
12.998840332,80.2559967041,40813,40853,40
13.000579834,80.2563476563,40894,40934,40
13.0061798096,80.2574081421,41066,41097,31
13.023349762,80.2729415894,41514,41564,50
13.0238199234,80.2736206055,41585,41645,60
13.0887203217,80.2901382446,42638,42699,61
13.0879602432,80.2840194702,42973,43105,132
13.0882101059,80.2836380005,43348,43419,71
13.0883798599,80.2849121094,43976,44047,71
13.0887298584,80.2893981934,44199,44260,61
13.0886497498,80.2897491455,44260,44300,40
13.0437602997,80.2798690796,44888,44919,31
13.0244197845,80.2744903564,45344,45375,31
13.0018596649,80.2566223145,45891,45962,71
12.9972400665,80.2559585571,46104,46154,50
12.9969797134,80.2559585571,46154,46185,31
12.9639701843,80.246887207,46681,46721,40
12.956609726,80.2436218262,46833,46914,81
12.9356203079,80.234161377,47896,47927,31
12.9794998169,80.252571106,48625,48666,41
12.9840202332,80.2523193359,48717,48767,50
12.9842796326,80.2522201538,48777,48818,41
13.0010204315,80.256439209,49355,49395,40
13.0056400299,80.2573394775,49466,49507,41
13.0238399506,80.2735671997,49962,50003,41
13.0887098312,80.2900466919,50965,51005,40
13.0759296417,80.2754135132,51675,51725,50
13.076210022,80.2755966187,52244,52314,70
13.0757904053,80.2758789063,53839,53879,40
13.0820903778,80.2814865112,54051,54102,51
13.0866203308,80.2838592529,54213,54264,51
13.0877504349,80.2839202881,54315,54385,70
13.08796978,80.2839813232,54385,54446,61
13.0881299973,80.2839813232,54456,54497,41
13.0883398056,80.2849121094,54740,54841,101
13.0887203217,80.2899780273,55003,55044,41
13.0242004395,80.2742462158,55990,56040,50
12.9878997803,80.2557907104,56861,56952,91
12.9356203079,80.2340393066,57904,57964,60
12.931189537,80.2385406494,58177,58208,31
12.9633798599,80.246711731,59667,59707,40
12.9942703247,80.2559814453,60305,60356,51
12.995759964,80.2559432983,60406,60437,31
12.9990997314,80.256111145,60497,60558,61
13.005900383,80.2574234009,60730,60771,41
13.0238399506,80.2735671997,61216,61287,71
13.0246801376,80.2746200562,61379,61419,40
13.0257501602,80.2751464844,61510,61611,101
13.0371103287,80.2801513672,62148,62239,91
13.0377197266,80.2802124023,62260,62300,40
13.0380001068,80.2802581787,62320,62351,31
13.0638799667,80.2834014893,62877,62927,50
13.0881795883,80.2901382446,63213,63273,60
13.0874900818,80.2840118408,63496,63547,51
13.0878000259,80.284072876,63557,63598,41
13.0880002975,80.2841262817,63608,63780,172
13.0881099701,80.2840118408,64428,64509,81
13.0880899429,80.281578064,64600,64631,31
13.08852005,80.2819366455,64651,64692,41
13.0887403488,80.2889709473,64874,64914,40
13.0240697861,80.2741088867,66130,66180,50
13.0021600723,80.256729126,66749,66820,71
12.9868097305,80.2557373047,67276,67317,41
12.9332399368,80.2362136841,68350,68390,40
12.9284801483,80.2389221191,68613,68654,41
12.9281301498,80.238861084,69089,69130,41
12.9488201141,80.2406692505,69788,69879,91
12.9563703537,80.2434387207,70001,70061,60
12.9953899384,80.2559814453,71096,71137,41
13.0373401642,80.2783889771,72119,72150,31
13.0883798599,80.2902374268,72970,73031,61
13.0885295868,80.2902832031,73031,73203,172
13.0883598328,80.2849197388,74743,74793,50
13.0887804031,80.290222168,74915,74966,51
13.0240602493,80.2740783691,75918,75958,40
13.0016202927,80.2566375732,76435,76506,71
12.9996099472,80.2562866211,76546,76577,31
12.9983301163,80.256072998,76607,76648,41
12.9885702133,80.2559280396,76820,76860,40
12.9862003326,80.255531311,76931,76962,31
12.956489563,80.2436904907,77428,77478,50
12.9256296158,80.2382507324,78197,78248,51
12.956319809,80.2433013916,78906,78937,31
12.9797000885,80.2526626587,79251,79291,40
12.9857902527,80.2518692017,79403,79504,101
12.9868497849,80.2515792847,79534,79605,71
12.9877195358,80.2554779053,79696,79737,41
13.0139799118,80.2255477905,2822,2944,122
13.0141401291,80.225479126,5042,5103,61
13.0140895844,80.2256774902,5103,5204,101
13.0141000748,80.2255020142,19450,19622,172
13.023150444,80.2273406982,24062,24143,81
13.0227499008,80.2269973755,24153,24254,101
13.0069303513,80.2401123047,24609,24680,71
12.9007396698,80.2277908325,28778,28849,71
12.9487104416,80.2404632568,29629,29660,31
12.9663696289,80.2476730347,30004,30035,31
12.97976017,80.2526321411,30227,30288,61
12.9869699478,80.2515182495,30369,30541,172
13.0243501663,80.2284011841,32226,32297,71
13.0090398788,80.2295379639,32986,33047,61
12.9891700745,80.2511367798,33695,33857,162
12.9892196655,80.2513275146,33857,33918,61
12.908780098,80.2286300659,35682,35803,121
12.9019699097,80.2280578613,35935,36046,111
12.8930597305,80.2275009155,36229,36290,61
12.8610496521,80.2266693115,36634,36675,41
12.8329000473,80.2290420532,37171,37212,41
12.7861404419,80.2207107544,38400,38471,71
12.8390102386,80.2277984619,39109,39170,61
12.8393697739,80.2276535034,39170,39220,50
12.8998298645,80.2277832031,39869,39930,61
12.8997898102,80.2277297974,39930,39970,40
12.9062004089,80.2281112671,40122,40183,61
12.9631500244,80.2463989258,40933,40984,51
12.9854898453,80.2518997192,41259,41320,61
12.9854097366,80.2518386841,41330,41382,52
12.9876003265,80.2513198853,41433,41554,121
13.0214099884,80.2257003784,42416,42487,71
13.0216503143,80.2259902954,42497,42659,162
13.0243396759,80.2283096313,42740,42821,81
12.9911603928,80.2507171631,44068,44128,60
12.9896602631,80.2510528564,44189,44291,102
12.9883098602,80.2513885498,44341,44473,132
12.9566698074,80.2437133789,44970,45081,111
12.9068603516,80.2284164429,45719,45760,41
12.9797401428,80.2525787354,49482,49533,51
12.9861097336,80.251663208,49634,49786,152
12.9876804352,80.2513198853,49817,49928,111
13.0063695908,80.2465591431,50162,50193,31
13.0141897202,80.2255783081,51044,51165,121
13.0234603882,80.2277526855,55655,55686,31
12.9884395599,80.2513809204,56425,56527,102
12.9639997482,80.2470397949,56881,56922,41
12.9565696716,80.2438430786,57074,57125,51
12.9020595551,80.2281799316,57814,57854,40
12.8272199631,80.2194290161,59683,59724,41
12.9055700302,80.2280578613,60892,60933,41
12.97935009,80.2525405884,62017,62048,31
12.9819202423,80.2525482178,62098,62159,61
12.9833097458,80.2524490356,62210,62362,152
12.9870004654,80.2514801025,62484,62605,121
13.0066404343,80.2407989502,62919,62950,31
13.019490242,80.2243118286,63446,63497,51
13.0243396759,80.2283401489,63649,63730,81
13.0082798004,80.2334594727,64135,64166,31
13.0069599152,80.2401428223,64247,64348,101
12.9067802429,80.2284317017,66334,66426,92
12.9015703201,80.2281265259,66497,66620,123
12.8398799896,80.2277679443,67461,67492,31
12.7861099243,80.2205200195,69338,69369,31
12.8313798904,80.2292480469,70027,70068,41
12.8390197754,80.2278137207,70169,70200,31
12.8743200302,80.2267227173,70717,70767,50
12.9062700272,80.228187561,71426,71527,101
12.9782800674,80.2521820068,72520,72551,31
13.015370369,80.2249298096,73503,73534,31
13.0196199417,80.2244720459,73595,73635,40
13.0243597031,80.2284622192,73726,73767,41
13.0145597458,80.2262573242,74253,74314,61
12.9889602661,80.2512130737,74912,75003,91
12.9563503265,80.2437973022,75520,75551,31
12.906999588,80.2284469604,76270,76311,41
12.9015302658,80.2280578613,76392,76432,40
12.9013500214,80.2280578613,76432,76564,132
12.9563302994,80.2432632446,79756,79787,31
12.9633197784,80.2464904785,79878,79918,40
12.9795398712,80.252571106,80121,80162,41
12.9847602844,80.2521362305,80222,80253,31
12.9859304428,80.2517623901,80354,80385,31
12.9871101379,80.2514801025,80425,80506,81
13.0243196487,80.2283401489,81256,81297,41
13.0141897202,80.2256164551,81499,81661,162
12.9977798462,80.2571029663,3702,3823,121
12.9972600937,80.257019043,18993,19095,102
12.9977502823,80.2563018799,21117,21188,71
13.0066604614,80.2474212646,21441,21522,81
13.0132398605,80.2225570679,21906,21946,40
12.9880800247,80.2513809204,22927,22998,71
12.7869701385,80.2206573486,25192,25253,61
12.7862796783,80.2219314575,25324,25364,40
12.9872398376,80.2515029907,28388,28438,50
13.0215597153,80.2259368896,29571,29632,61
13.0215797424,80.226020813,29632,29773,141
13.0215101242,80.2259063721,29773,29915,142
13.0243501663,80.2284011841,29996,30077,81
12.989780426,80.2510910034,31564,31716,152
12.9805002213,80.2527923584,31857,31898,41
12.9639797211,80.2469482422,32151,32191,40
12.9500598907,80.2411422729,32454,32525,71
12.9471502304,80.2399902344,32636,32808,172
12.9467000961,80.2398376465,32828,32869,41
12.9465503693,80.2398910522,32869,32980,111
12.9403896332,80.2359924316,33344,33394,50
12.9391698837,80.2355194092,33465,33506,41
12.9362001419,80.23412323,33637,33677,40
12.9358797073,80.2339172363,33677,33708,31
12.947930336,80.2402191162,33900,33961,61
12.9562397003,80.2433319092,34133,34203,70
12.9631595612,80.2464675903,34325,34385,60
12.9794998169,80.2525634766,34618,34668,50
12.987739563,80.2552566528,35285,35467,182
12.9949598312,80.2558822632,35579,35629,50
12.9976902008,80.255859375,35710,35750,40
12.997010231,80.2568511963,36023,36185,162
12.9970397949,80.256942749,37217,37358,141
12.9968595505,80.2568283081,38592,38734,142
12.9968900681,80.2569122314,39421,39512,91
12.9970598221,80.2569732666,41092,41265,173
12.9975004196,80.2562637329,41285,41316,31
12.997710228,80.2560577393,41316,41396,80
12.9978103638,80.2561569214,41396,41487,91
12.9572000504,80.2439727783,42145,42185,40
12.9568901062,80.2438583374,42215,42276,61
12.9075803757,80.2284927368,42883,42933,50
12.9561595917,80.2433013916,46836,46927,91
12.9563398361,80.2433929443,46937,46968,31
12.9630203247,80.2464065552,47069,47109,40
12.9846801758,80.2521362305,47392,47423,31
12.9866104126,80.2516098022,47473,47595,122
13.0229902267,80.2272720337,49416,49497,81
13.0066795349,80.2473526001,50468,50548,80
12.9880800247,80.2514266968,50821,50924,103
12.9565000534,80.2437210083,51328,51389,61
12.8277196884,80.2194671631,52976,53017,41
12.8276596069,80.2193527222,54209,54269,60
12.9059295654,80.2281112671,55270,55301,31
12.983830452,80.2523422241,56373,56464,91
12.9855203629,80.2518615723,56504,56646,142
12.9874696732,80.2513809204,56696,56828,132
13.0226202011,80.2267303467,57587,57678,91
13.0243797302,80.2284622192,58103,58163,60
13.0230903625,80.2273788452,58214,58325,111
12.9904298782,80.250793457,59754,59815,61
12.9885196686,80.2513122559,59875,59966,91
12.9565401077,80.2436218262,60614,60674,60
12.8455896378,80.2266693115,62009,62049,40
12.7862796783,80.2216873169,62838,62889,51
12.819609642,80.2304763794,65386,65417,31
12.8313102722,80.2293167114,65558,65639,81
12.8579702377,80.2261810303,65983,66084,101
12.8605499268,80.2264785767,66135,66276,141
12.8755397797,80.2268829346,66449,66480,31
12.9634304047,80.2466964722,67926,67976,50
12.979809761,80.2527008057,68199,68360,161
12.9820899963,80.2526168823,68451,68492,41
12.9822301865,80.2526092529,68492,68593,101
12.9854402542,80.2519836426,68734,68765,31
13.0044002533,80.2474136353,69240,69291,51
13.0057697296,80.2471923828,69371,69422,51
13.0061502457,80.2469177246,69432,69503,71
13.0065402985,80.2460327148,69543,69574,31
13.0244102478,80.2285385132,70342,70393,51
13.0230398178,80.2274475098,70443,70555,112
13.0059604645,80.2474975586,71161,71192,31
12.956609726,80.2436904907,72314,72375,61
12.9492902756,80.2409667969,72547,72587,40
12.9069404602,80.2283172607,73083,73153,70
12.8247098923,80.2160568237,74276,74437,161
12.827460289,80.2194290161,74670,74731,61
12.8311595917,80.2201919556,74812,74872,60
12.8311100006,80.2202529907,74872,74994,122
12.8314399719,80.2282485962,75145,75206,61
12.8388204575,80.227897644,75418,75449,31
12.839099884,80.2277984619,75459,75499,40
12.9042396545,80.2281036377,76217,76258,41
12.9056396484,80.2282028198,76308,76379,71
12.9865598679,80.251663208,77400,77471,71
12.997879982,80.2566604614,77916,78108,192
12.9978399277,80.2569122314,78118,78260,142
12.9976902008,80.2570266724,78270,78401,131
13.0142803192,80.2258071899,18640,18781,141
13.0142498016,80.2261581421,21188,21219,31
12.786239624,80.2216567993,23939,24010,71
12.7963399887,80.2229385376,24515,24546,31
13.0244398117,80.2284927368,27721,27762,41
13.006649971,80.2440795898,28186,28217,31
12.9885797501,80.2512588501,28500,28571,71
12.956580162,80.2437362671,29066,29127,61
12.9385595322,80.2351531982,29491,29552,61
12.9380197525,80.234916687,29602,29663,61
12.9378099442,80.2347793579,29663,29723,60
12.9371700287,80.2345123291,29744,29906,162
12.9366903305,80.2342529297,29926,29997,71
12.9364500046,80.234161377,29997,30037,40
12.9361400604,80.2339401245,30037,30077,40
12.9360303879,80.2339477539,30077,30138,61
12.9352998734,80.2336730957,30158,30189,31
12.9348802567,80.2335281372,30229,30280,51
12.9341001511,80.2331237793,30350,30401,51
12.9335002899,80.2328491211,30431,30462,31
12.9333200455,80.232749939,30472,30553,81
12.9329996109,80.2325668335,30553,30603,50
12.9328603745,80.2325286865,30603,30654,51
12.8988103867,80.227897644,31250,31281,31
12.8451299667,80.2266616821,32150,32191,41
12.8399801254,80.2276992798,32292,32332,40
12.8320598602,80.2292175293,32423,32454,31
12.8317098618,80.2293014526,32464,32504,40
12.831580162,80.2289123535,32514,32545,31
12.8274402618,80.2194900513,32808,32858,50
12.906539917,80.2281570435,36077,36178,101
12.948800087,80.240562439,36795,36906,111
12.9785995483,80.2523422241,37371,37402,31
12.9818696976,80.2525405884,37473,37564,91
12.9841299057,80.2522506714,37634,37735,101
13.0230998993,80.2273864746,39192,39293,101
12.9901599884,80.250869751,39970,40011,41
12.9883403778,80.2513504028,40051,40183,132
12.956609726,80.243598938,40638,40708,70
12.786190033,80.2206268311,42963,43004,41
12.7863502502,80.2204208374,43489,43550,61
12.906370163,80.2281494141,44986,45036,50
12.9795103073,80.2526016235,46007,46047,40
12.985329628,80.2519378662,46118,46189,71
12.9871397018,80.2514801025,46229,46300,71
13.0225296021,80.2266616821,47220,47291,71
13.0227098465,80.2269363403,47291,47402,111
13.0108203888,80.2244796753,49536,49567,31
13.0111103058,80.2238235474,49597,49637,40
13.0243902206,80.2284088135,49900,49931,31
12.9568195343,80.2438583374,51377,51417,40
12.8397703171,80.2276611328,52711,52742,31
12.8272895813,80.2194366455,53572,53622,50
12.8276796341,80.2193374634,53632,53702,70
12.90046978,80.2278289795,54613,54644,31
12.9488697052,80.2406463623,55230,55281,51
12.9797201157,80.2525863647,55746,55786,40
12.9858398438,80.2517776489,55877,55999,122
13.0104398727,80.2255172729,56504,56545,41
13.0223503113,80.2264709473,56888,57000,112
12.9906997681,80.2507476807,58284,58405,121
12.9799995422,80.2527999878,58850,58881,31
12.9565000534,80.2437515259,59194,59234,40
12.9068403244,80.2283630371,59892,59952,60
12.7867603302,80.2206115723,61489,61530,41
12.8395004272,80.2276306152,62653,62684,31
12.9002399445,80.2278366089,63442,63503,61
12.9632101059,80.2465362549,64473,64504,31
12.9785299301,80.2524032593,64716,64767,51
12.9795303345,80.2526397705,64787,64979,192
13.0026702881,80.2476425171,65616,65717,101
13.0031404495,80.2475585938,65727,65849,122
13.0039596558,80.247428894,65920,66000,80
13.0043296814,80.2473602295,66011,66051,40
13.0047101974,80.2473526001,66061,66122,61
13.0049600601,80.2473220825,66122,66213,91
13.0057601929,80.2471618652,66263,66304,41
13.0060396194,80.2470703125,66314,66364,50
13.0065603256,80.2459564209,66445,66476,31
13.0074501038,80.236618042,66709,66740,31
13.008600235,80.2309494019,66821,66871,50
13.0148296356,80.2251205444,67144,67205,61
13.0142202377,80.226020813,67265,67296,31
12.9867897034,80.2587127686,7670,7852,182
12.9867897034,80.2587585449,7852,7973,121
12.9865903854,80.2587585449,14095,14237,142
12.9873800278,80.2577667236,20592,20643,51
12.9876203537,80.2513809204,24365,24405,40
13.0088996887,80.2302322388,25720,25791,71
12.9889001846,80.251159668,26256,26317,61
12.988120079,80.2513809204,26347,26458,111
12.9565200806,80.2436294556,26812,26853,41
12.9032096863,80.2281265259,27591,27662,71
12.9028196335,80.2280883789,27662,27733,71
12.8399801254,80.2276229858,28501,28572,71
12.7867803574,80.2205276489,29179,29210,31
12.8999099731,80.2278137207,32476,32527,51
12.9000797272,80.2278137207,32537,32628,91
12.9475603104,80.2400817871,33326,33397,71
12.9634599686,80.2466125488,33720,33781,61
12.9796495438,80.2526016235,33994,34044,50
12.9858798981,80.2518234253,34449,34530,81
13.0194997787,80.224319458,35409,35480,71
13.0243396759,80.2284698486,35804,35915,111
12.990940094,80.2506484985,37017,37210,193
12.9809398651,80.2527084351,37442,37483,41
12.9635696411,80.2467727661,37796,37827,31
12.9566898346,80.2437973022,37958,38019,61
12.90721035,80.2283630371,38696,38777,81
12.902009964,80.2280502319,38909,39081,172
12.8400402069,80.2275924683,39869,39930,61
12.8279495239,80.2194976807,40233,40304,71
12.900639534,80.2278594971,41923,42045,122
12.9064102173,80.2282562256,42146,42197,51
12.9633998871,80.2466583252,42955,43016,61
12.9873199463,80.251449585,43370,43491,121
13.0195102692,80.2244033813,44219,44290,71
13.0234603882,80.2277374268,44452,44573,121
13.0233697891,80.2274703979,44583,44725,142
12.9898099899,80.2508621216,45493,45524,31
12.9884395599,80.2511825562,45554,45676,122
12.9568996429,80.2438430786,46141,46201,60
12.8250904083,80.2159805298,48173,48204,31
12.9634504318,80.2466506958,51836,51876,40
12.9874897003,80.2513809204,52180,52301,121
13.0111103058,80.2239303589,52820,52860,40
12.9882698059,80.2513198853,54266,54377,111
12.786239624,80.2217712402,59062,59123,61
12.7861795425,80.2213668823,59123,59173,50
12.786190033,80.2210769653,59183,59214,31
12.8009796143,80.2235870361,59527,59568,41
12.8050699234,80.224029541,59638,59669,31
12.8394403458,80.2277679443,60083,60114,31
12.9004096985,80.2278594971,60680,60741,61
12.906129837,80.228187561,60852,60913,61
12.9796600342,80.2526626587,61996,62036,40
12.982460022,80.2526397705,62077,62148,71
12.9837598801,80.2524185181,62198,62279,81
12.9839401245,80.2523498535,62279,62340,61
13.0195598602,80.2243881226,63220,63280,60
12.9011802673,80.2280502319,66223,66355,132
12.8925600052,80.227432251,66517,66567,50
12.8250303268,80.2160720825,67488,67589,101
12.8311700821,80.2235870361,68075,68197,122
12.8314504623,80.2278366089,68267,68298,31
12.8316297531,80.2287063599,68339,68380,41
12.8389997482,80.2278823853,68501,68552,51
12.8393497467,80.227722168,68552,68592,40
12.8742599487,80.2267837524,69044,69106,62
12.8752803802,80.2269210815,69146,69177,31
12.9062099457,80.228302002,69682,69763,81
12.956319809,80.2434082031,70471,70532,61
13.0242300034,80.2283706665,72363,72413,50
13.0235204697,80.2278900146,72464,72514,50
13.0228004456,80.2271881104,72534,72615,81
12.9910802841,80.2506790161,73202,73364,162
12.9876003265,80.2557983398,73495,73667,172
