12.9758501053,80.2210769653,13,39422,39409
12.9758501053,80.2210769653,39422,39432,10
13.0680999756,80.2051620483,39432,39443,11
13.0680398941,80.2051467896,39443,39453,10
13.0680198669,80.2051391602,39453,39463,10
13.0680103302,80.2051391602,39463,39473,10
13.0680398941,80.2051391602,39473,39483,10
13.0680503845,80.2051391602,39483,39493,10
13.0680599213,80.2051773071,39493,39503,10
13.0680799484,80.2051925659,39503,39513,10
13.0680599213,80.2052078247,39513,39523,10
13.0680599213,80.2052230835,39523,39533,10
13.0679702759,80.2052307129,39533,39543,10
13.0679101944,80.2052307129,39543,39554,11
13.0679397583,80.2052383423,39554,39564,10
13.0680103302,80.2052383423,39564,39574,10
13.0680198669,80.2052536011,39574,39584,10
13.0679998398,80.2052536011,39584,39594,10
13.068110466,80.2052307129,39594,39634,40
13.068110466,80.2052307129,39634,39644,10
13.0681400299,80.2051391602,39644,39725,81
13.0681400299,80.2051391602,39725,39735,10
13.0680704117,80.2051773071,39735,39806,71
13.0680799484,80.2050628662,39806,39947,141
13.0680103302,80.205116272,39947,40159,212
13.0679502487,80.2051315308,40159,40431,272
13.0679998398,80.2052230835,40431,40865,434
13.0679998398,80.2052230835,40865,40875,10
13.0682096481,80.2049789429,40875,40885,10
13.0683603287,80.2049484253,40885,40895,10
13.0686998367,80.2048416138,40895,40926,31
13.0686998367,80.2048416138,40926,40936,10
13.0688495636,80.2047805786,40936,40946,10
13.0689401627,80.204750061,40946,40956,10
13.0691299438,80.2047195435,40956,40966,10
13.0693597794,80.2047424316,40966,40976,10
13.0695800781,80.2047729492,40976,40986,10
13.0698003769,80.2048873901,40986,41027,41
13.0698003769,80.2048873901,41027,41037,10
13.0697803497,80.2049102783,41037,41047,10
13.0698299408,80.2051925659,41047,41057,10
13.0695199966,80.2056503296,41057,41067,10
13.0691003799,80.2062988281,41067,41077,10
13.0685796738,80.2071228027,41077,41087,10
13.0680198669,80.2080535889,41087,41097,10
13.0675201416,80.2089614868,41097,41107,10
13.0670795441,80.2096405029,41107,41117,10
13.0661001205,80.2105026245,41117,41127,10
13.0653400421,80.2111129761,41127,41138,11
13.0650701523,80.2113037109,41138,41148,10
13.0649700165,80.2113037109,41148,41158,10
13.064499855,80.2115020752,41158,41168,10
13.0637998581,80.2116699219,41168,41178,10
13.0631103516,80.2117233276,41178,41187,9
13.062379837,80.2117462158,41187,41197,10
13.0619096756,80.2117462158,41197,41208,11
13.0609197617,80.2117080688,41208,41218,10
13.0600204468,80.2116928101,41218,41228,10
13.0588798523,80.2116394043,41228,41238,10
13.058719635,80.2116317749,41238,41249,11
13.0586395264,80.2116394043,41249,41259,10
13.0582304001,80.2116317749,41259,41269,10
13.0576496124,80.2116165161,41269,41279,10
13.0563697815,80.2115707397,41279,41289,10
13.0563697815,80.2115707397,41289,41299,10
13.0555400848,80.2115631104,41299,41309,10
13.0547103882,80.2115402222,41309,41319,10
13.0541801453,80.2116394043,41319,41329,10
13.0534896851,80.211807251,41329,41339,10
13.0527000427,80.212020874,41339,41350,11
13.0519504547,80.2122192383,41350,41362,12
13.0510196686,80.2121810913,41362,41373,11
13.0500602722,80.2121505737,41373,41413,40
13.0500602722,80.2121505737,41413,41423,10
13.049659729,80.2121734619,41423,41433,10
13.0495004654,80.2121734619,41433,41443,10
13.049200058,80.2121887207,41443,41453,10
13.0486097336,80.2122116089,41453,41463,10
13.0479097366,80.2122573853,41463,41473,10
13.0471096039,80.2123184204,41473,41484,11
13.0460996628,80.2124023438,41484,41494,10
13.0452404022,80.2124404907,41494,41504,10
13.0446796417,80.2124633789,41504,41514,10
13.0442399979,80.2124023438,41514,41524,10
13.0435495377,80.2124099731,41524,41534,10
13.0427904129,80.212387085,41534,41544,10
13.0419797897,80.2123718262,41544,41554,10
13.0412197113,80.2123718262,41554,41564,10
13.0403699875,80.2123718262,41564,41574,10
13.0394697189,80.2123794556,41574,41584,10
13.0386600494,80.2124023438,41584,41595,11
13.0376501083,80.2123794556,41595,41675,80
13.0376501083,80.2123794556,41675,41685,10
13.0374603271,80.2124176025,41685,41695,10
13.0368995667,80.2124023438,41695,41706,11
13.0360498428,80.2124023438,41706,41716,10
13.0350999832,80.212348938,41716,41726,10
13.0342197418,80.2121887207,41726,41746,20
13.0342197418,80.2121887207,41746,41756,10
13.0339603424,80.2120666504,41756,41766,10
13.0334596634,80.2120285034,41766,41776,10
13.032790184,80.2119369507,41776,41786,10
13.0321102142,80.2118530273,41786,41796,10
13.0319795609,80.2112808228,41796,41806,10
13.0320301056,80.2105789185,41806,41816,10
13.032119751,80.2098388672,41816,41827,11
13.0317602158,80.2096328735,41827,41837,10
13.0310602188,80.2094192505,41837,41847,10
13.030500412,80.2092590332,41847,41857,10
13.0297403336,80.209022522,41857,41887,30
13.0297403336,80.209022522,41887,41897,10
13.0294904709,80.2089385986,41897,41907,10
13.0289402008,80.2087631226,41907,41917,10
13.0281095505,80.2085037231,41917,41927,10
13.0272302628,80.2080764771,41927,41938,11
13.026140213,80.2074508667,41938,41948,10
13.0250101089,80.2070388794,41948,41958,10
13.0240697861,80.2068481445,41958,41968,10
13.0231599808,80.2066421509,41968,41978,10
13.0222101212,80.206451416,41978,41988,10
13.0217695236,80.2064437866,41988,41998,10
13.0211696625,80.2064590454,41998,42008,10
13.0202703476,80.2064590454,42008,42018,10
13.0194196701,80.2064208984,42018,42028,10
13.0192298889,80.2063598633,42028,42038,10
13.0190401077,80.2062988281,42038,42049,11
13.0184297562,80.2060775757,42049,42059,10
13.0177097321,80.2058792114,42059,42069,10
13.0171899796,80.205657959,42069,42079,10
13.0164299011,80.2053833008,42079,42089,10
13.0155897141,80.2051010132,42089,42099,10
13.0146102905,80.2047576904,42099,42109,10
13.0140304565,80.2045516968,42109,42119,10
13.0135803223,80.204460144,42119,42129,10
13.013420105,80.2049865723,42129,42139,10
13.0132102966,80.2056808472,42139,42149,10
13.013010025,80.2065582275,42149,42160,11
13.0129003525,80.2074508667,42160,42170,10
13.0128602982,80.2078475952,42170,42180,10
13.0128297806,80.2084197998,42180,42190,10
13.0128803253,80.2087020874,42190,42200,10
13.0129699707,80.2092590332,42200,42210,10
13.0131702423,80.209777832,42210,42219,9
13.0130996704,80.2102432251,42219,42230,11
13.0129804611,80.2109069824,42230,42240,10
13.0126399994,80.2116012573,42240,42250,10
13.0121898651,80.2123184204,42250,42260,10
13.0118999481,80.2127609253,42260,42271,11
13.0115995407,80.212677002,42271,42281,10
13.0111303329,80.2123336792,42281,42291,10
13.01060009,80.2119522095,42291,42301,10
13.0101203918,80.2115631104,42301,42311,10
13.0098695755,80.2113571167,42311,42321,10
13.0096797943,80.2112197876,42321,42331,10
13.0095901489,80.2111663818,42331,42341,10
13.0094003677,80.2111206055,42341,42351,10
13.0093803406,80.2111206055,42351,42361,10
13.0092201233,80.2112197876,42361,42371,10
13.0091896057,80.2112884521,42371,42381,10
13.0090398788,80.2115020752,42381,42392,11
13.0091400146,80.2119903564,42392,42402,10
13.0093803406,80.2126998901,42402,42412,10
13.0096502304,80.2134094238,42412,42422,10
13.0099496841,80.2141036987,42422,42432,10
13.0101900101,80.2148284912,42432,42442,10
13.0102996826,80.2156982422,42442,42452,10
13.0106897354,80.2165679932,42452,42462,10
13.0111198425,80.2174835205,42462,42472,10
13.0114898682,80.2183990479,42472,42482,10
13.0118103027,80.2192993164,42482,42492,10
13.012140274,80.2203521729,42492,42502,10
13.0123596191,80.2212219238,42502,42513,11
13.0127000809,80.221862793,42513,42523,10
13.0130901337,80.2224273682,42523,42533,10
13.0134296417,80.2227783203,42533,42543,10
13.0139398575,80.2232971191,42543,42553,10
13.0143899918,80.2239608765,42553,42563,10
13.0148296356,80.2244873047,42563,42573,10
13.0149402618,80.2245635986,42573,42583,10
13.0150499344,80.2246780396,42583,42593,10
13.0152797699,80.224937439,42593,42603,10
13.0154800415,80.2252883911,42603,42614,11
13.0153398514,80.225769043,42614,42624,10
13.0148801804,80.226020813,42624,42654,30
13.0148801804,80.226020813,42654,42664,10
13.0146198273,80.2261581421,42664,42674,10
13.0140695572,80.2263565063,42674,42684,10
13.0133199692,80.2266311646,42684,42694,10
13.0123796463,80.2269973755,42694,42704,10
13.0113601685,80.2273864746,42704,42714,10
13.0102796555,80.2277984619,42714,42724,10
13.0095396042,80.2278213501,42724,42741,17
13.0099496841,80.2266464233,42741,42753,12
13.0104398727,80.2256164551,42753,42763,10
13.0106496811,80.225112915,42763,42772,9
13.0108699799,80.224609375,42772,42784,12
13.0113401413,80.2235565186,42784,42794,10
13.011759758,80.2227172852,42794,42804,10
13.0121097565,80.2216567993,42804,42814,10
13.012169838,80.2210083008,42814,42824,10
13.0118598938,80.2200622559,42824,42834,10
13.0115499496,80.2191009521,42834,42845,11
13.011179924,80.2180709839,42845,42855,10
13.0108203888,80.2172012329,42855,42864,9
13.0105199814,80.2165298462,42864,42875,11
13.0101299286,80.2158813477,42875,42886,11
13.0098104477,80.2152175903,42886,42896,10
13.0093603134,80.2146224976,42896,42906,10
13.008939743,80.214050293,42906,42916,10
13.0082798004,80.2134017944,42916,42946,30
13.0082798004,80.2134017944,42946,42957,11
13.008099556,80.2133026123,42957,42967,10
13.007900238,80.2131881714,42967,42977,10
13.0078802109,80.2131729126,42977,42987,10
13.0076704025,80.2129898071,42987,42997,10
13.0071897507,80.2127990723,42997,43007,10
13.0065402985,80.2127685547,43007,43017,10
13.0060195923,80.2129592896,43017,43027,10
13.0054197311,80.2127990723,43027,43037,10
13.00481987,80.2124710083,43037,43047,10
13.0039796829,80.2121200562,43047,43057,10
13.003660202,80.2118377686,43057,43068,11
13.0036096573,80.2111968994,43068,43078,10
13.0035495758,80.2105636597,43078,43088,10
13.0035400391,80.2099533081,43088,43098,10
13.0034999847,80.2094192505,43098,43108,10
13.0030002594,80.2091064453,43108,43118,10
13.0023002625,80.2087402344,43118,43128,10
13.001709938,80.2083969116,43128,43138,10
13.0012397766,80.2081375122,43138,43148,10
13.000749588,80.2078781128,43148,43158,10
13.0004396439,80.2078094482,43158,43168,10
13.000120163,80.2077484131,43168,43178,10
12.999540329,80.2076797485,43178,43189,11
12.9990596771,80.2075881958,43189,43199,10
12.9985303879,80.2074432373,43199,43209,10
12.9983596802,80.2075500488,43209,43219,10
12.9982995987,80.2079162598,43219,43229,10
12.9982404709,80.2082672119,43229,43259,30
12.9982404709,80.2082672119,43259,43269,10
12.9981803894,80.2085189819,43269,43279,10
12.9981298447,80.2088088989,43279,43289,10
12.9980802536,80.2090835571,43289,43300,11
12.9977903366,80.2093963623,43300,43310,10
12.9975204468,80.2098770142,43310,43320,10
12.9973096848,80.2102584839,43320,43330,10
12.9971103668,80.2104187012,43330,43350,20
12.9971103668,80.2104187012,43350,43360,10
12.9969301224,80.2104187012,43360,43370,10
12.9965600967,80.2104110718,43370,43380,10
12.996219635,80.2103500366,43380,43390,10
12.995759964,80.2102966309,43390,43400,10
12.9953298569,80.2102584839,43400,43417,17
12.99477005,80.2102279663,43417,43429,12
12.9942598343,80.2101821899,43429,43439,10
12.9940595627,80.2101364136,43439,43447,8
12.9936504364,80.2101135254,43447,43470,23
12.9936504364,80.2101135254,43470,43480,10
12.9934101105,80.2101135254,43480,43490,10
12.9931497574,80.2100296021,43490,43500,10
12.9926595688,80.2098999023,43500,43510,10
12.9923000336,80.2098693848,43510,43521,11
12.9917697906,80.2098083496,43521,43531,10
12.9914903641,80.2097702026,43531,43541,10
12.9911899567,80.2097015381,43541,43551,10
12.9908103943,80.2096710205,43551,43611,60
12.9908103943,80.2096710205,43611,43621,10
12.990480423,80.209777832,43621,43631,10
12.9904203415,80.2099990845,43631,43642,11
12.9902896881,80.2105102539,43642,43652,10
12.9901399612,80.2109909058,43652,43662,10
12.9900302887,80.2113265991,43662,43672,10
12.989859581,80.2118377686,43672,43682,10
12.9897298813,80.212272644,43682,43692,10
12.9896402359,80.2126235962,43692,43702,10
12.9895200729,80.213218689,43702,43712,10
12.9894399643,80.2135772705,43712,43722,10
12.9893398285,80.2139129639,43722,43732,10
12.9892196655,80.2143936157,43732,43742,10
12.988940239,80.2149200439,43742,43752,10
12.9886102676,80.2155227661,43752,43763,11
12.9881401062,80.216217041,43763,43773,10
12.9878396988,80.2169265747,43773,43783,10
12.9876003265,80.2176437378,43783,43793,10
12.9874296188,80.218208313,43793,43803,10
12.9873504639,80.2183380127,43803,43813,10
12.987039566,80.2182769775,43813,43823,10
12.9865598679,80.2181625366,43823,43833,10
12.9859104156,80.2180099487,43833,43843,10
12.9850101471,80.2179412842,43843,43853,10
12.9843702316,80.2179794312,43853,43864,11
12.9835700989,80.2179794312,43864,43874,10
12.9826602936,80.2179794312,43874,43884,10
12.9816303253,80.2180328369,43884,43894,10
12.9807500839,80.2182769775,43894,43904,10
12.9801397324,80.2184906006,43904,43914,10
12.9795598984,80.2186889648,43914,43924,10
12.9789104462,80.218963623,43924,43934,10
12.9784498215,80.2191390991,43934,43944,10
12.9777402878,80.2194213867,43944,43954,10
12.9768104553,80.2197799683,43954,43964,10
12.9759302139,80.220161438,43964,43981,17
12.9754695892,80.2206497192,43981,43993,12
12.9756698608,80.2208633423,43993,44719,726
12.9759101868,80.2210693359,44719,45164,445
12.9759101868,80.2210693359,45164,45174,10
12.9757404327,80.2211380005,45174,45184,10
12.9757995605,80.2213821411,45184,45194,10
12.975979805,80.2216491699,45194,45204,10
12.9763402939,80.2220611572,45204,45214,10
12.9767398834,80.2225723267,45214,45225,11
12.977060318,80.2227630615,45225,45234,9
12.9774303436,80.2226409912,45234,45245,11
12.9774599075,80.2224273682,45245,45255,10
12.9774398804,80.2221679688,45255,45265,10
12.9774103165,80.2218322754,45265,45275,10
12.9774103165,80.221496582,45275,45285,10
12.9773797989,80.2213592529,45285,45295,10
12.9770698547,80.2212219238,45295,45305,10
12.9764204025,80.2211990356,45305,45315,10
12.9759101868,80.2212371826,45315,45325,10
12.9755897522,80.2210235596,45325,45346,21
12.975399971,80.220916748,45346,45406,60
12.975399971,80.220916748,45406,45416,10
12.9753799438,80.2206420898,45416,45426,10
12.9755601883,80.2204971313,45426,45436,10
12.9757995605,80.2202606201,45436,45447,11
12.9763803482,80.2199783325,45447,45457,10
12.9771099091,80.2197570801,45457,45467,10
12.9778203964,80.2194595337,45467,45476,9
12.97838974,80.2191772461,45476,45487,11
12.9788198471,80.2190322876,45487,45497,10
12.9794502258,80.2187728882,45497,45507,10
12.9801101685,80.2185211182,45507,45517,10
12.9807500839,80.2182617188,45517,45527,10
12.9814395905,80.2180099487,45527,45537,10
12.9821395874,80.2179107666,45537,45547,10
12.9826202393,80.2179031372,45547,45558,11
12.9833402634,80.2178726196,45558,45568,10
12.9838199615,80.217880249,45568,45578,10
12.983830452,80.217880249,45578,45588,10
12.9840602875,80.2179031372,45588,45598,10
12.9842700958,80.2179031372,45598,45608,10
12.9846401215,80.2178726196,45608,45618,10
12.9853096008,80.2178878784,45618,45628,10
12.9860601425,80.2179870605,45628,45638,10
12.9867401123,80.2181396484,45638,45648,10
12.9872903824,80.2182312012,45648,45658,10
12.9873304367,80.2182235718,45658,45668,10
12.9874401093,80.2181091309,45668,45679,11
12.987569809,80.2176818848,45679,45689,10
12.9877996445,80.2170028687,45689,45699,10
12.9880599976,80.2163696289,45699,45709,10
12.988360405,80.2159118652,45709,45719,10
12.9886703491,80.2154693604,45719,45729,10
12.988940239,80.2150268555,45729,45739,10
12.9891901016,80.2146377563,45739,45749,10
12.989279747,80.2141799927,45749,45759,10
12.9894304276,80.2136688232,45759,45769,10
12.9895601273,80.2133712769,45769,45780,11
12.9897298813,80.212677002,45780,45790,10
12.9898004532,80.2123184204,45790,45800,10
12.9899196625,80.2119522095,45800,45810,10
12.9901199341,80.2113571167,45810,45820,10
12.9901800156,80.2109985352,45820,45830,10
12.9903001785,80.2105026245,45830,45840,10
12.9904603958,80.2099533081,45840,45850,10
12.9905796051,80.2096710205,45850,45860,10
12.9908599854,80.2096862793,45860,45870,10
12.9908895493,80.2096862793,45870,45880,10
12.9910497665,80.2097091675,45880,45890,10
12.9912395477,80.2097167969,45890,45901,11
12.9915895462,80.2097625732,45901,45911,10
12.9919996262,80.2098083496,45911,45921,10
12.9923601151,80.2098693848,45921,45931,10
12.992770195,80.2099380493,45931,45941,10
12.9932603836,80.2100296021,45941,45951,10
12.9934797287,80.2100372314,45951,45961,10
12.9936800003,80.2100524902,45961,45971,10
12.9938402176,80.210067749,45971,45981,10
12.9941902161,80.2100982666,45981,45991,10
12.994600296,80.2101364136,45991,46001,10
12.9950199127,80.2101669312,46001,46012,11
12.9954996109,80.2102127075,46012,46022,10
12.9959001541,80.2102584839,46022,46032,10
12.9961795807,80.2103118896,46032,46042,10
12.9965295792,80.2103424072,46042,46052,10
12.9970197678,80.2104415894,46052,46112,60
12.9970197678,80.2104415894,46112,46123,11
12.9972200394,80.2106628418,46123,46143,20
12.9972200394,80.2106628418,46143,46153,10
12.9971103668,80.2109375,46153,46163,10
12.997010231,80.2113723755,46163,46173,10
12.996919632,80.2119674683,46173,46183,10
12.9968795776,80.2123413086,46183,46193,10
12.9968395233,80.212677002,46193,46203,10
12.9966802597,80.2134780884,46203,46213,10
12.9965400696,80.2141799927,46213,46223,10
12.9965000153,80.2145233154,46223,46234,11
12.9963798523,80.2149810791,46234,46244,10
12.9962396622,80.2155532837,46244,46254,10
12.9960899353,80.2160797119,46254,46264,10
12.9960603714,80.2164382935,46264,46274,10
12.9960603714,80.2164535522,46274,46284,10
12.9963598251,80.2164764404,46284,46294,10
12.9969501495,80.2164306641,46294,46304,10
12.9973297119,80.2161712646,46304,46314,10
12.9973802567,80.2161407471,46314,46324,10
12.9975099564,80.2160568237,46324,46334,10
12.9978199005,80.2157592773,46334,46344,10
12.9983196259,80.2153091431,46344,46355,11
12.9989700317,80.2147598267,46355,46365,10
12.9991903305,80.2145690918,46365,46375,10
12.9995498657,80.2142410278,46375,46384,9
12.9999198914,80.2139511108,46384,46395,11
13.0004196167,80.2135314941,46395,46405,10
13.0010204315,80.2129974365,46405,46415,10
13.0016002655,80.2125015259,46415,46425,10
13.0021600723,80.2120895386,46425,46435,10
13.0027999878,80.2119903564,46435,46445,10
13.0034503937,80.2118682861,46445,46455,10
13.0035800934,80.211807251,46455,46466,11
13.0037002563,80.2117462158,46466,46476,10
13.0037002563,80.2112731934,46476,46486,10
13.0036296844,80.2105484009,46486,46496,10
13.0035200119,80.2098007202,46496,46506,10
13.0036296844,80.209022522,46506,46516,10
13.0040998459,80.2086791992,46516,46526,10
13.0048999786,80.2090377808,46526,46536,10
13.0058002472,80.2093963623,46536,46546,10
13.0066003799,80.2096481323,46546,46556,10
13.0073404312,80.2097930908,46556,46587,31
13.0073404312,80.2097930908,46587,46597,10
13.007610321,80.2098617554,46597,46607,10
13.0078802109,80.2098999023,46607,46617,10
13.0080900192,80.2099075317,46617,46627,10
13.0080604553,80.2094192505,46627,46637,10
13.0080604553,80.2087097168,46637,46647,10
13.0079603195,80.2078704834,46647,46657,10
13.0077600479,80.2069396973,46657,46667,10
13.0076398849,80.2060623169,46667,46677,10
13.0075502396,80.2052764893,46677,46688,11
13.0075702667,80.2046432495,46688,46698,10
13.0074596405,80.2039794922,46698,46708,10
13.0073003769,80.2031936646,46708,46718,10
13.0068998337,80.2025604248,46718,46728,10
13.0064897537,80.2029571533,46728,46738,10
13.0068302155,80.2033996582,46738,46748,10
13.0074501038,80.2036514282,46748,46758,10
13.0082302094,80.2037124634,46758,46768,10
13.009180069,80.2036437988,46768,46778,10
13.0102500916,80.2035980225,46778,46788,10
13.0113401413,80.2036819458,46788,46798,10
13.0124702454,80.2038574219,46798,46809,11
13.0135402679,80.2041397095,46809,46819,10
13.0143299103,80.2043762207,46819,46829,10
13.0150203705,80.2046203613,46829,46839,10
13.0151100159,80.2046737671,46839,46855,16
13.0158596039,80.2049713135,46855,46867,12
13.0165195465,80.2051925659,46867,46876,9
13.0167198181,80.2050476074,46876,46886,10
13.0172996521,80.2053222656,46886,46897,11
13.0179901123,80.2055511475,46897,46907,10
13.0185403824,80.2057571411,46907,46917,10
13.0185499191,80.2057571411,46917,46928,11
13.0188398361,80.2059020996,46928,46939,11
13.019370079,80.2060775757,46939,46949,10
13.0201997757,80.206199646,46949,46959,10
13.021109581,80.2062225342,46959,46969,10
13.0218400955,80.2062606812,46969,46979,10
13.0224599838,80.2062683105,46979,46989,10
13.0233201981,80.2063903809,46989,46999,10
13.0240697861,80.20652771,46999,47009,10
13.0245800018,80.2066574097,47009,47019,10
13.0254402161,80.2069473267,47019,47030,11
13.0263700485,80.2074584961,47030,47040,10
13.0272502899,80.2080001831,47040,47050,10
13.0282297134,80.208480835,47050,47060,10
13.0291404724,80.2086868286,47060,47070,10
13.0299701691,80.2087783813,47070,47080,10
13.0303001404,80.2086410522,47080,47090,10
13.0313100815,80.2090988159,47090,47100,10
13.0314302444,80.2091522217,47100,47110,10
13.0318098068,80.2092666626,47110,47120,10
13.0324401855,80.2094421387,47120,47130,10
13.0332298279,80.2096633911,47130,47141,11
13.0342102051,80.2098770142,47141,47151,10
13.0349397659,80.2100906372,47151,47161,10
13.0352096558,80.2113571167,47161,47218,57
13.0352096558,80.2113571167,47218,47229,11
13.0365495682,80.2121734619,47229,47239,10
13.036939621,80.211807251,47239,47250,11
13.037320137,80.2114105225,47250,48529,1279
13.037320137,80.2114105225,48529,48539,10
13.0682401657,80.2054519653,48539,48580,41
13.068110466,80.2053604126,48580,48611,31
13.068110466,80.2053604126,48611,48621,10
13.0681495667,80.2053909302,48621,48631,10
13.0682001114,80.2053985596,48631,48954,323
13.0682697296,80.2055435181,48954,49075,121
13.0682601929,80.2054367065,49075,49307,232
13.0682601929,80.2054367065,49307,49317,10
13.0681600571,80.2054977417,49317,49327,10
13.0680103302,80.2054367065,49327,49337,10
13.0680704117,80.2051467896,49337,49347,10
13.0684604645,80.2049865723,49347,49357,10
13.0689296722,80.2048034668,49357,49367,10
13.0692796707,80.2047576904,49367,49377,10
13.0695495605,80.2048034668,49377,49387,10
13.0697803497,80.2049331665,49387,49398,11
13.0696802139,80.205406189,49398,49408,10
13.069270134,80.2060470581,49408,49418,10
13.0687398911,80.2068710327,49418,49428,10
13.0682001114,80.2077713013,49428,49438,10
13.0677204132,80.208480835,49438,49448,10
13.067440033,80.2089233398,49448,49458,10
13.0671100616,80.2094421387,49458,49468,10
13.0662097931,80.2103805542,49468,49478,10
13.0653600693,80.2110977173,49478,49488,10
13.0645198822,80.2116012573,49488,49498,10
13.0638599396,80.2117767334,49498,49509,11
13.0633497238,80.2118301392,49509,49519,10
13.0625400543,80.2119827271,49519,49529,10
13.0618696213,80.2126083374,49529,49539,10
13.0610704422,80.2114181519,49539,49549,10
13.0599603653,80.2113571167,49549,49559,10
13.0586395264,80.2116775513,49559,49569,10
13.0578403473,80.2116470337,49569,49579,10
13.0568199158,80.2116165161,49579,49589,10
13.0556697845,80.2116012573,49589,49599,10
13.0546197891,80.211479187,49599,49609,10
13.0537500381,80.2115783691,49609,49620,11
13.0527200699,80.2119903564,49620,49630,10
13.0519304276,80.212272644,49630,49640,10
13.0512895584,80.212272644,49640,49650,10
13.0506000519,80.2120819092,49650,49660,10
13.0499801636,80.2121582031,49660,49680,20
13.0499801636,80.2121582031,49680,49690,10
13.0497999191,80.2121200562,49690,49700,10
13.0492095947,80.2121429443,49700,49710,10
13.0483598709,80.2121887207,49710,49720,10
13.0472402573,80.212272644,49720,49731,11
13.0461196899,80.2123031616,49731,49741,10
13.0453100204,80.2123184204,49741,49751,10
13.0447797775,80.2123794556,49751,49771,20
13.0447797775,80.2123794556,49771,49781,10
13.0446996689,80.2123184204,49781,49791,10
13.0443401337,80.212310791,49791,49801,10
13.0437803268,80.2122802734,49801,49811,10
13.0430498123,80.2122802734,49811,49821,10
13.0421800613,80.212272644,49821,49831,10
13.0410804749,80.2122421265,49831,49841,10
13.0398902893,80.2122268677,49841,49852,11
13.0386800766,80.212272644,49852,49862,10
13.0377502441,80.2123794556,49862,49922,60
13.0377502441,80.2123794556,49922,49932,10
13.0377397537,80.2123031616,49932,49942,10
13.037320137,80.2123031616,49942,49952,10
13.0366802216,80.2123031616,49952,49963,11
13.0359697342,80.2122879028,49963,49973,10
13.0353603363,80.2122573853,49973,49983,10
13.0349798203,80.2122268677,49983,49993,10
13.0345096588,80.2121582031,49993,50003,10
13.0340003967,80.2120437622,50003,50013,10
13.033249855,80.2119293213,50013,50023,10
13.0325298309,80.2117919922,50023,50033,10
13.0319795609,80.2115402222,50033,50043,10
13.0320796967,80.2107772827,50043,50053,10
13.0321998596,80.2099990845,50053,50063,10
13.0324802399,80.2097015381,50063,50074,11
13.033200264,80.2098083496,50074,50084,10
13.0339202881,80.2098693848,50084,50094,10
13.0347204208,80.2099761963,50094,50104,10
13.0351600647,80.2097091675,50104,50114,10
13.0352401733,80.2091217041,50114,50124,10
13.0353097916,80.2085266113,50124,50134,10
13.0353899002,80.2080078125,50134,50144,10
13.0354700089,80.2072906494,50144,50160,16
13.0356397629,80.2062606812,50160,50172,12
13.0354700089,80.2059707642,50172,50180,8
13.0354995728,80.205657959,50180,50223,43
13.0354995728,80.205657959,50223,50233,10
13.0355100632,80.2054290771,50233,50243,10
13.0352602005,80.2051925659,50243,50253,10
13.0349903107,80.2051696777,50253,50263,10
13.0348300934,80.2054290771,50263,50273,10
13.0347995758,80.2056427002,50273,50283,10
13.0346603394,80.2053909302,50283,50596,313
13.0346603394,80.2053909302,50596,50606,10
13.0347499847,80.2052536011,50606,50616,10
13.0348901749,80.2052307129,50616,50626,10
13.0348997116,80.2054977417,50626,50637,11
13.0348796844,80.2058029175,50637,50647,10
13.0348596573,80.2058563232,50647,50657,10
13.0346899033,80.2058181763,50657,50818,161
13.0346899033,80.2058181763,50818,50828,10
13.0347795486,80.2054595947,50828,50838,10
13.0348901749,80.2052001953,50838,50848,10
13.0351400375,80.2051391602,50848,50858,10
13.0355195999,80.2052230835,50858,50949,91
13.0355195999,80.2052230835,50949,50959,10
13.0357103348,80.2052764893,50959,50969,10
13.0358800888,80.2052993774,50969,50980,11
13.0358200073,80.2058029175,50980,50990,10
13.0357198715,80.206451416,50990,51000,10
13.0355901718,80.2072525024,51000,51010,10
13.0354795456,80.2079467773,51010,51020,10
13.0353498459,80.2086334229,51020,51030,10
13.0352296829,80.2094421387,51030,51040,10
13.0351400375,80.2100830078,51040,51050,10
13.0350103378,80.2106170654,51050,51060,10
13.035030365,80.2110824585,51060,51080,20
13.035030365,80.2110824585,51080,51091,11
13.0349798203,80.2113265991,51091,51101,10
13.0349197388,80.2117767334,51101,51117,16
13.0354299545,80.2121963501,51117,51129,12
13.0363702774,80.2122573853,51129,51137,8
13.0370998383,80.2122802734,51137,51147,10
13.0380601883,80.212272644,51147,51158,11
13.0391998291,80.2122421265,51158,51170,12
13.0404100418,80.2122192383,51170,51180,10
13.0416297913,80.2122268677,51180,51190,10
13.0428800583,80.2121734619,51190,51201,11
13.0442800522,80.2121276855,51201,51301,100
13.0442800522,80.2121276855,51301,51311,10
13.0442895889,80.2121429443,51311,51322,11
13.0447397232,80.2121582031,51322,51332,10
13.0454502106,80.2121734619,51332,51342,10
13.0463199615,80.2121734619,51342,51352,10
13.0472698212,80.2121124268,51352,51362,10
13.0481796265,80.2120437622,51362,51372,10
13.0485496521,80.2120132446,51372,51382,10
13.0487203598,80.212020874,51382,51392,10
13.0492601395,80.2119827271,51392,51402,10
13.0499296188,80.2119598389,51402,51412,10
13.0505199432,80.2119827271,51412,51422,10
13.0511398315,80.212020874,51422,51433,11
13.0520601273,80.2119827271,51433,51443,10
13.0530004501,80.2117385864,51443,51453,10
13.0539999008,80.211479187,51453,51463,10
13.054889679,80.2113800049,51463,51473,10
13.0559501648,80.2114334106,51473,51483,10
13.0570001602,80.2114334106,51483,51493,10
13.0578804016,80.2114334106,51493,51503,10
13.0587396622,80.21144104,51503,51513,10
13.0597000122,80.2115325928,51513,51523,10
13.0607404709,80.2115783691,51523,51533,10
13.0616998672,80.2116012573,51533,51544,11
13.0626497269,80.2115783691,51544,51554,10
13.0634202957,80.2115325928,51554,51564,10
13.0641098022,80.2114486694,51564,51574,10
13.064909935,80.2110977173,51574,51584,10
13.0657596588,80.2104873657,51584,51594,10
13.0665903091,80.209777832,51594,51604,10
13.0672502518,80.2089080811,51604,51614,10
13.0675601959,80.2084579468,51614,51624,10
13.0678796768,80.2079391479,51624,51634,10
13.0683803558,80.2071990967,51634,51644,10
13.0689601898,80.2062683105,51644,51655,11
13.0694704056,80.2054824829,51655,51665,10
13.0696201324,80.2051696777,51665,51675,10
13.0696802139,80.2048492432,51675,51685,10
13.069270134,80.2048797607,51685,51701,16
13.0687303543,80.2051773071,51701,51774,73
13.0687303543,80.2051773071,51774,51784,10
13.0685300827,80.2052001953,51784,52046,262
13.0685396194,80.2054672241,52046,52238,192
13.0683403015,80.2052536011,52238,52419,181
13.0683403015,80.2052536011,52419,52429,10
13.0679597855,80.2051925659,52429,52490,61
13.0679597855,80.2051925659,52490,52500,10
13.0682601929,80.2049102783,52500,52510,10
13.0685501099,80.2048110962,52510,52520,10
13.0689496994,80.2047195435,52520,52530,10
13.0693702698,80.2047195435,52530,52540,10
13.0696897507,80.2047805786,52540,52550,10
13.0698795319,80.2050476074,52550,52561,11
13.0695295334,80.2056503296,52561,52571,10
13.0690803528,80.2063598633,52571,52581,10
13.0685300827,80.2072067261,52581,52591,10
13.0679798126,80.2080764771,52591,52601,10
13.0674695969,80.2088470459,52601,52611,10
13.0670499802,80.2095413208,52611,52621,10
13.0663795471,80.2101516724,52621,52631,10
13.0657196045,80.2107009888,52631,52641,10
13.0653095245,80.2110519409,52641,52651,10
13.0652999878,80.2110595703,52651,52661,10
13.0651798248,80.211151123,52661,52672,11
13.0648097992,80.2114028931,52672,52682,10
13.0642499924,80.2115936279,52682,52692,10
13.0638103485,80.2116622925,52692,52702,10
13.0635099411,80.2116012573,52702,52712,10
13.0629501343,80.2116165161,52712,52722,10
13.062210083,80.2116088867,52722,52732,10
13.0614404678,80.2116470337,52732,52742,10
13.0604801178,80.2116317749,52742,52752,10
13.0595798492,80.2115631104,52752,52762,10
13.0586795807,80.2115020752,52762,52772,10
13.0580196381,80.2115020752,52772,52782,10
13.057390213,80.2115097046,52782,52793,11
13.0566196442,80.2115402222,52793,52803,10
13.055729866,80.2115478516,52803,52813,10
13.0548000336,80.2115020752,52813,52823,10
13.0538396835,80.2116622925,52823,52833,10
13.0529003143,80.2119064331,52833,52843,10
13.0520401001,80.2121200562,52843,52853,10
13.0512104034,80.2121276855,52853,52863,10
13.050450325,80.2120819092,52863,52873,10
13.0498800278,80.212059021,52873,52883,10
13.0496997833,80.2121200562,52883,52893,10
13.0495796204,80.2121429443,52893,52904,11
13.0495195389,80.2121429443,52904,52914,10
13.049200058,80.2121200562,52914,52924,10
13.0485897064,80.2121505737,52924,52934,10
13.0478200912,80.2121887207,52934,52944,10
13.0468902588,80.212272644,52944,52954,10
13.0459098816,80.2123184204,52954,52964,10
13.0449800491,80.2123565674,52964,52974,10
13.044090271,80.212348938,52974,52984,10
13.0432195663,80.2123336792,52984,52994,10
13.0423898697,80.212310791,52994,53004,10
13.0415401459,80.2123031616,53004,53015,11
13.040599823,80.2122879028,53015,53025,10
13.0397100449,80.2123184204,53025,53035,10
13.0388498306,80.212310791,53035,53045,10
13.0381498337,80.2122879028,53045,53085,40
13.0381498337,80.2122879028,53085,53095,10
13.0378198624,80.2122879028,53095,53105,10
13.0373697281,80.2122879028,53105,53115,10
13.0367603302,80.2122879028,53115,53126,11
13.0359401703,80.2122879028,53126,53136,10
13.0355501175,80.2122802734,53136,53146,10
13.0351104736,80.212272644,53146,53156,10
13.0348100662,80.2122268677,53156,53166,10
13.0347700119,80.2122192383,53166,53176,10
13.0345897675,80.2121887207,53176,53186,10
13.034239769,80.2121582031,53186,53206,20
13.034239769,80.2121582031,53206,53216,10
13.0339899063,80.2121429443,53216,53226,10
13.0333795547,80.212020874,53226,53237,11
13.032500267,80.2118988037,53237,53247,10
13.0319404602,80.2116317749,53247,53257,10
13.031999588,80.2109222412,53257,53267,10
13.0320901871,80.2101287842,53267,53277,10
13.0319004059,80.2096633911,53277,53287,10
13.0312795639,80.2094421387,53287,53297,10
13.0304899216,80.2091674805,53297,53307,10
13.0298204422,80.2089385986,53307,53317,10
13.0295696259,80.2088699341,53317,53327,10
13.029419899,80.2088088989,53327,53337,10
13.0291996002,80.2087478638,53337,53347,10
13.0285797119,80.2086105347,53347,53358,11
13.0277500153,80.2083435059,53358,53368,10
13.0269403458,80.2078781128,53368,53378,10
13.0260601044,80.2073822021,53378,53388,10
13.0251197815,80.2070770264,53388,53398,10
13.0242004395,80.2068786621,53398,53408,10
13.0232896805,80.2066421509,53408,53418,10
13.0225601196,80.2065124512,53418,53428,10
13.0214996338,80.2064437866,53428,53438,10
13.0205001831,80.2064437866,53438,53448,10
13.0195398331,80.2063980103,53448,53458,10
13.0191602707,80.2063217163,53458,53469,11
13.0189800262,80.2062683105,53469,53479,10
13.0184602737,80.2061004639,53479,53489,10
13.0179004669,80.2059173584,53489,53499,10
13.0173902512,80.2057189941,53499,53509,10
13.0169801712,80.2054290771,53509,53519,10
13.0161895752,80.2051773071,53519,53529,10
13.0152301788,80.2050018311,53529,53539,10
13.0142803192,80.2045898438,53539,53549,10
13.0136404037,80.2043762207,53549,53559,10
13.0135803223,80.2045898438,53559,53569,10
13.0135402679,80.2047576904,53569,53580,11
13.0133399963,80.2053604126,53580,53590,10
13.0131196976,80.2061386108,53590,53600,10
13.0130195618,80.2071228027,53600,53610,10
13.0129098892,80.207901001,53610,53620,10
13.0128898621,80.2085037231,53620,53630,10
13.012960434,80.2088928223,53630,53640,10
13.0131196976,80.2095413208,53640,53650,10
13.0131397247,80.2101593018,53650,53660,10
13.0129804611,80.2109985352,53660,53670,10
13.0124597549,80.2119216919,53670,53680,10
13.0119495392,80.2126693726,53680,53691,11
13.0119104385,80.2127380371,53691,53701,10
13.0115804672,80.212562561,53701,53711,10
13.0110301971,80.2121734619,53711,53721,10
13.010430336,80.2117004395,53721,53731,10
13.0100698471,80.2113876343,53731,53771,40
13.0098400116,80.2112503052,53771,53791,20
13.0098400116,80.2112503052,53791,53801,10
13.0096597672,80.2110671997,53801,53852,51
13.0096597672,80.2110671997,53852,53862,10
13.0093603134,80.2110366821,53862,53882,20
13.0093603134,80.2110366821,53882,53892,10
13.009180069,80.2112426758,53892,53902,10
13.0089702606,80.2115707397,53902,53912,10
13.0091495514,80.2121276855,53912,53923,11
13.0094299316,80.2128601074,53923,53933,10
13.00963974,80.2134628296,53933,53943,10
13.0099000931,80.214050293,53943,53953,10
13.010140419,80.2146911621,53953,53963,10
13.0102701187,80.2155532837,53963,53973,10
13.0106096268,80.2164382935,53973,53982,9
13.0109796524,80.2172622681,53982,53993,11
13.0114202499,80.2183609009,53993,54003,10
13.0118198395,80.2194366455,54003,54013,10
13.0121898651,80.2204971313,54013,54022,9
13.0124101639,80.2212677002,54022,54034,12
13.0127496719,80.2219696045,54034,54044,10
13.0130996704,80.2223892212,54044,54054,10
13.0137796402,80.2231292725,54054,54064,10
13.0141096115,80.2236404419,54064,54074,10
13.0146598816,80.2241973877,54074,54084,10
13.0151596069,80.2248001099,54084,54094,10
13.01541996,80.2252426147,54094,54104,10
13.015370369,80.2255401611,54104,54114,10
13.0149097443,80.2258682251,54114,54124,10
13.0141801834,80.2261962891,54124,54134,10
13.0132598877,80.2266235352,54134,54145,11
13.0121603012,80.2270889282,54145,54155,10
13.0110902786,80.2275009155,54155,54165,10
13.0101203918,80.2278518677,54165,54175,10
13.0095100403,80.227722168,54175,54185,10
13.0096998215,80.2271194458,54185,54195,10
13.0100402832,80.2263565063,54195,54205,10
13.0103397369,80.225402832,54205,54215,10
13.010720253,80.2247619629,54215,54225,10
13.0109996796,80.2243728638,54225,54235,10
13.0113296509,80.2234420776,54235,54245,10
13.0114202499,80.2225494385,54245,54255,10
13.0120601654,80.221496582,54255,54266,11
13.0121297836,80.2210693359,54266,54276,10
13.0119495392,80.2199630737,54276,54286,10
13.0116195679,80.219078064,54286,54296,10
13.0112695694,80.2181777954,54296,54306,10
13.0109195709,80.2172775269,54306,54316,10
13.0105400085,80.2164764404,54316,54326,10
13.0101604462,80.2157897949,54326,54336,10
13.0099000931,80.2152862549,54336,54346,10
13.0094804764,80.2146911621,54346,54356,10
13.0089597702,80.2140197754,54356,54366,10
13.0084400177,80.2134170532,54366,54397,31
13.0084400177,80.2134170532,54397,54407,10
13.0083703995,80.2133636475,54407,54417,10
13.008310318,80.2133407593,54417,54427,10
13.008099556,80.2132797241,54427,54457,30
13.008099556,80.2132797241,54457,54467,10
13.007900238,80.2131576538,54467,54477,10
13.0076198578,80.2128829956,54477,54488,11
13.006939888,80.2127380371,54488,54498,10
13.006310463,80.2128219604,54498,54508,10
13.0056400299,80.2128982544,54508,54518,10
13.0048999786,80.2124328613,54518,54528,10
13.0040397644,80.2120513916,54528,54538,10
13.0036897659,80.2116088867,54538,54548,10
13.003660202,80.2108230591,54548,54558,10
13.0035600662,80.2099609375,54558,54568,10
13.0035400391,80.2093429565,54568,54578,10
13.0031700134,80.2091217041,54578,54588,10
13.0025196075,80.2087783813,54588,54599,11
13.0017004013,80.2083206177,54599,54609,10
13.0011997223,80.2080535889,54609,54619,10
13.0007095337,80.2077789307,54619,54629,10
13.0001802444,80.2076568604,54629,54638,9
12.99958992,80.2075881958,54638,54649,11
12.9990196228,80.2074813843,54649,54659,10
12.99903965,80.2074966431,54659,54669,10
12.9987697601,80.2074584961,54669,54679,10
12.9986095428,80.2074432373,54679,54689,10
12.9983701706,80.2075119019,54689,54699,10
12.9982995987,80.2080383301,54699,54730,31
12.9982995987,80.2080383301,54730,54740,10
12.9982099533,80.2082901001,54740,54750,10
12.998169899,80.208656311,54750,54759,9
12.9980697632,80.2091369629,54759,54770,11
12.9976902008,80.2096405029,54770,54780,10
12.997420311,80.2102432251,54780,54790,10
12.997179985,80.2103805542,54790,54800,10
12.9970598221,80.2104415894,54800,54810,10
12.9966497421,80.2104263306,54810,54821,11
12.9959602356,80.2103500366,54821,54831,10
12.9954204559,80.2102966309,54831,54841,10
12.9951000214,80.2102890015,54841,54861,20
12.9951000214,80.2102890015,54861,54871,10
12.9947500229,80.2102203369,54871,54881,10
12.9942302704,80.2101821899,54881,54891,10
12.9937400818,80.2101364136,54891,54901,10
12.993689537,80.2101364136,54901,54911,10
12.9934797287,80.2101287842,54911,54921,10
12.9932804108,80.2100906372,54921,54931,10
12.9927997589,80.2099914551,54931,54942,11
12.9921503067,80.2098693848,54942,54952,10
12.9915399551,80.2097625732,54952,54962,10
12.9910802841,80.2097015381,54962,54972,10
12.9907798767,80.2096099854,54972,54982,10
12.9905595779,80.2096786499,54982,55002,20
12.9905595779,80.2096786499,55002,55012,10
12.990480423,80.2096862793,55012,55022,10
12.9904603958,80.2098083496,55022,55032,10
12.9903697968,80.2102203369,55032,55042,10
12.9901599884,80.210899353,55042,55053,11
12.9900197983,80.2112503052,55053,55063,10
12.9898700714,80.2118225098,55063,55073,10
12.9897899628,80.2121582031,55073,55083,10
12.9896802902,80.2125473022,55083,55093,10
12.9895200729,80.2132034302,55093,55103,10
12.9894504547,80.2135772705,55103,55113,10
12.9893198013,80.2141036987,55113,55123,10
12.9892301559,80.2145462036,55123,55133,10
12.9891700745,80.2146987915,55133,55143,10
12.9888896942,80.2150878906,55143,55153,10
12.9888000488,80.2152633667,55153,55164,11
12.9885997772,80.2155914307,55164,55174,10
12.9882497787,80.2161102295,55174,55184,10
12.9880199432,80.2165603638,55184,55194,10
12.9878501892,80.2169876099,55194,55204,10
12.9876403809,80.2176208496,55204,55214,10
12.9875402451,80.2179794312,55214,55224,10
12.9875097275,80.2180862427,55224,55234,10
12.9874296188,80.2182769775,55234,55244,10
12.9870901108,80.21824646,55244,55254,10
12.986869812,80.2182006836,55254,55264,10
12.9866399765,80.2181930542,55264,55275,11
12.9858903885,80.2180480957,55275,55285,10
12.9848899841,80.2179718018,55285,55295,10
12.9840698242,80.2180023193,55295,55305,10
12.9839401245,80.2180175781,55305,55315,10
12.983499527,80.2178192139,55315,55325,10
12.9827604294,80.2178497314,55325,55335,10
12.9818601608,80.2179412842,55335,55345,10
12.980799675,80.2182617188,55345,55355,10
12.9799003601,80.218536377,55355,55365,10
12.9792604446,80.2187728882,55365,55375,10
12.9786396027,80.2190475464,55375,55386,11
12.9779901505,80.2192993164,55386,55396,10
12.9772796631,80.2195663452,55396,55406,10
12.976360321,80.2200012207,55406,55416,10
12.9756603241,80.2203292847,55416,55426,10
12.9754104614,80.2204589844,55426,55436,10
12.9754600525,80.220703125,55436,55446,10
12.9756603241,80.2210006714,55446,55496,50
12.9756002426,80.2211380005,55496,55537,41
12.9756002426,80.2211380005,55537,55547,10
12.975689888,80.2210388184,55547,55577,30
12.975689888,80.2210388184,55577,55588,11
12.9750099182,80.2207336426,55588,56204,616
12.9750099182,80.2207336426,56204,56214,10
12.9775800705,80.2219161987,56214,56224,10
12.9773902893,80.2212524414,56224,56234,10
12.9770498276,80.2212219238,56234,56244,10
12.9764995575,80.221206665,56244,56254,10
12.9759597778,80.2212982178,56254,56264,10
12.9757299423,80.2211914063,56264,56274,10
12.9755296707,80.2209320068,56274,56284,10
12.975279808,80.2207489014,56284,56295,11
12.9752998352,80.2205810547,56295,56305,10
12.9755401611,80.2203598022,56305,56315,10
12.9758996964,80.2203216553,56315,56325,10
12.9763698578,80.220413208,56325,56335,10
12.9776601791,80.219581604,56335,56345,10
12.9784898758,80.2192993164,56345,56355,10
12.9781198502,80.2192764282,56355,56365,10
12.9793996811,80.2187194824,56365,56375,10
12.9797401428,80.2186584473,56375,56385,10
12.9798803329,80.2185516357,56385,56395,10
12.9803104401,80.2183532715,56395,56406,11
12.9812402725,80.2179794312,56406,56416,10
12.982049942,80.2179412842,56416,56426,10
12.9824800491,80.2179489136,56426,56436,10
12.9831695557,80.2180175781,56436,56446,10
12.9836902618,80.218170166,56446,56466,20
12.983710289,80.2181625366,56466,56506,40
12.983710289,80.2181625366,56506,56516,10
12.9871101379,80.2181091309,56516,56527,11
12.9872503281,80.2181167603,56527,56537,10
12.9870700836,80.2180709839,56537,56567,30
12.9870700836,80.2180709839,56567,56577,10
12.9880199432,80.216003418,56577,56587,10
12.9888401031,80.2154388428,56587,56597,10
12.9891500473,80.2149810791,56597,56608,11
12.9896602631,80.2142105103,56608,56688,80
12.9896602631,80.2142105103,56688,56698,10
12.9904603958,80.2110290527,56698,56708,10
12.9903802872,80.2109603882,56708,56718,10
12.990480423,80.2100372314,56718,56728,10
12.9904699326,80.209777832,56728,56738,10
12.9907102585,80.2097930908,56738,56749,11
12.9911003113,80.2097473145,56749,56759,10
12.9914398193,80.2097396851,56759,56769,10
12.991689682,80.2098236084,56769,56779,10
12.9921503067,80.2098770142,56779,56789,10
12.9926900864,80.2100524902,56789,56799,10
12.993350029,80.2101593018,56799,56809,10
12.9935903549,80.2101135254,56809,56819,10
12.9939002991,80.2100982666,56819,56829,10
12.9940595627,80.2101211548,56829,56839,10
12.9942798615,80.2101135254,56839,56849,10
12.9946403503,80.2101287842,56849,56866,17
12.9955101013,80.2101287842,56866,56878,12
12.9959697723,80.2102127075,56878,56888,10
12.9962997437,80.2102508545,56888,56898,10
12.9970397949,80.2102966309,56898,56908,10
12.9973402023,80.2104034424,56908,56918,10
12.9972295761,80.2104034424,56918,56928,10
12.9972400665,80.2104263306,56928,56938,10
12.9972000122,80.2107162476,56938,56947,9
12.9971504211,80.2110595703,56947,56957,10
12.9970397949,80.2116470337,56957,56969,12
12.9969797134,80.212272644,56969,56979,10
12.9968900681,80.212677002,56979,56989,10
12.9967803955,80.2132797241,56989,56999,10
12.9966201782,80.2139434814,56999,57009,10
12.9965000153,80.2145690918,57009,57019,10
12.9963998795,80.2151565552,57019,57029,10
12.9962902069,80.215637207,57029,57039,10
12.9960803986,80.2164611816,57039,57059,20
12.9960803986,80.2164611816,57059,57069,10
12.9963502884,80.2165374756,57069,57079,10
12.9968996048,80.2164535522,57079,57090,11
12.9972600937,80.2163162231,57090,57100,10
12.9974498749,80.2162017822,57100,57110,10
12.9974403381,80.2163619995,57110,57120,10
12.9975299835,80.2161636353,57120,57130,10
12.997759819,80.2159805298,57130,57241,111
12.997759819,80.2159805298,57241,57251,10
13.0038404465,80.2135925293,57251,57261,10
13.0036897659,80.212310791,57261,57271,10
13.0034503937,80.2115402222,57271,57281,10
13.0033798218,80.2104568481,57281,57292,11
13.0032997131,80.2092285156,57292,57402,110
13.0032997131,80.2092285156,57402,57412,10
13.0081100464,80.2094802856,57412,57423,11
13.0078601837,80.2086715698,57423,57433,10
13.0074701309,80.207862854,57433,57443,10
13.0074996948,80.2067871094,57443,57453,10
13.0074996948,80.2058486938,57453,57463,10
13.0074901581,80.2050170898,57463,57473,10
13.0075397491,80.2042694092,57473,57483,10
13.0074796677,80.2035522461,57483,57493,10
13.0072402954,80.2027130127,57493,57503,10
13.0065698624,80.2029037476,57503,57513,10
13.0068397522,80.2034072876,57513,57523,10
13.0073900223,80.2036514282,57523,57534,11
13.0082302094,80.2037277222,57534,57544,10
13.0093402863,80.2036437988,57544,57554,10
13.0106401443,80.2036895752,57554,57564,10
13.0119600296,80.203918457,57564,57574,10
13.0132198334,80.2040100098,57574,57584,10
13.0141201019,80.2042770386,57584,57594,10
13.0149898529,80.2046813965,57594,57604,10
13.0150899887,80.2046966553,57604,57614,10
13.0153799057,80.2046890259,57614,57624,10
13.0159502029,80.2048187256,57624,57634,10
13.0165596008,80.2048568726,57634,57645,11
13.0173797607,80.2053527832,57645,57655,10
13.0179100037,80.2057113647,57655,57665,10
13.018699646,80.2058563232,57665,57675,10
13.0188503265,80.2049026489,57675,58117,442
13.0188503265,80.2049026489,58117,58127,10
13.0440397263,80.2121276855,58127,58137,10
13.0450801849,80.2089233398,58137,58669,532
13.0687704086,80.2056274414,58669,61806,3137
13.0106296539,80.2164077759,61806,61965,159
13.0106296539,80.2164077759,61965,61975,10
