12.9871101379,80.2585067749,20,9767,9747
12.9872903824,80.2586135864,9767,9868,101
12.9871702194,80.2585525513,9868,11223,1355
12.9873504639,80.2585830688,11223,14438,3215
12.9872903824,80.2585296631,14438,16885,2447
12.987159729,80.2586517334,16885,19585,2700
12.9872598648,80.2584609985,19585,19666,81
12.9872398376,80.2585372925,19666,19878,212
12.9872398376,80.2585372925,19878,19888,10
12.9871797562,80.2585372925,19888,19989,101
12.9871797562,80.2585372925,19989,19999,10
12.9874200821,80.2582702637,19999,20009,10
12.9874296188,80.2579803467,20009,20020,11
12.9874601364,80.2576828003,20020,20283,263
12.9874601364,80.2576828003,20283,20293,10
12.9875497818,80.2573623657,20293,20303,10
12.9875497818,80.2570419312,20303,20313,10
12.9875602722,80.2564926147,20313,20323,10
12.9876003265,80.2558898926,20323,20333,10
12.9877004623,80.2553710938,20333,20343,10
12.9877796173,80.2545089722,20343,20353,10
12.987859726,80.2534713745,20353,20363,10
12.9879598618,80.2524032593,20363,20373,10
12.987830162,80.2515563965,20373,20394,21
12.987830162,80.2515563965,20394,20404,10
12.9878196716,80.2514724731,20404,20414,10
12.9879999161,80.2512664795,20414,20424,10
12.9886102676,80.2511062622,20424,20434,10
12.9894399643,80.2508773804,20434,20444,10
12.9904699326,80.250617981,20444,20454,10
12.9915399551,80.2503585815,20454,20465,11
12.9927797318,80.2500762939,20465,20475,10
12.994020462,80.2497711182,20475,20485,10
12.9951601028,80.24949646,20485,20495,10
12.9963102341,80.2491989136,20495,20505,10
12.9975004196,80.2489013672,20505,20515,10
12.9987897873,80.2485809326,20515,20525,10
13.0001401901,80.2482376099,20525,20535,10
13.0015001297,80.2479095459,20535,20545,10
13.0027503967,80.2476196289,20545,20556,11
13.0040998459,80.2473983765,20556,20566,10
13.0052099228,80.2472229004,20566,20576,10
13.0060596466,80.2469711304,20576,20586,10
13.0064296722,80.24659729,20586,20596,10
13.0065803528,80.2462692261,20596,20606,10
13.0066299438,80.2456283569,20606,20616,10
13.0066404343,80.2447891235,20616,20626,10
13.0066404343,80.2437896729,20626,20636,10
13.0065803528,80.2427902222,20636,20647,11
13.0065603256,80.2416000366,20647,20657,10
13.0067195892,80.2405090332,20657,20667,10
13.0069103241,80.2395477295,20667,20677,10
13.0071001053,80.2384719849,20677,20687,10
13.0073604584,80.2373809814,20687,20697,10
13.0075998306,80.2362670898,20697,20707,10
13.007809639,80.2351913452,20707,20717,10
13.0080003738,80.2341537476,20717,20727,10
13.0082397461,80.233001709,20727,20738,11
13.0085096359,80.2316207886,20738,20748,10
13.0087604523,80.2303619385,20748,20758,10
13.0089998245,80.2290802002,20758,20768,10
13.0093402863,80.2278823853,20768,20778,10
13.0097904205,80.2268218994,20778,20788,10
13.0103197098,80.2257232666,20788,20798,10
13.010840416,80.2246627808,20798,20808,10
13.0112400055,80.2236404419,20808,20818,10
13.011639595,80.2226409912,20818,20829,11
13.0120401382,80.2215499878,20829,20839,10
13.0123195648,80.2214584351,20839,20849,10
13.0124998093,80.2217025757,20849,20859,10
13.0127601624,80.2221221924,20859,20869,10
13.0132598877,80.2226486206,20869,20879,10
13.0138301849,80.2232666016,20879,20889,10
13.0142202377,80.2238311768,20889,20899,10
13.0146598816,80.2243118286,20899,20909,10
13.0150403976,80.2246170044,20909,20920,11
13.0152702332,80.2248382568,20920,20930,10
13.0157299042,80.2251815796,20930,20940,10
13.0163803101,80.2253112793,20940,20950,10
13.0171604156,80.2250518799,20950,20960,10
13.017950058,80.2247467041,20960,20970,10
13.0187196732,80.2244415283,20970,20980,10
13.0194702148,80.2244262695,20980,20990,10
13.0201101303,80.2248001099,20990,21000,10
13.0207796097,80.2252807617,21000,21011,11
13.0214700699,80.2258224487,21011,21021,10
13.022190094,80.2263565063,21021,21031,10
13.0228796005,80.2269592285,21031,21041,10
13.0234804153,80.2275238037,21041,21051,10
13.0240602493,80.2280807495,21051,21061,10
13.0243997574,80.228477478,21061,21071,10
13.0242204666,80.2285614014,21071,21081,10
13.0240402222,80.2283325195,21081,21091,10
13.0238704681,80.2281112671,21091,21102,11
13.023440361,80.2276992798,21102,21172,70
13.023440361,80.2276992798,21172,21182,10
13.0232896805,80.2275466919,21182,21193,11
13.0230703354,80.2273025513,21193,21203,10
13.0227403641,80.2269973755,21203,21213,10
13.0223503113,80.2266311646,21213,21223,10
13.0218200684,80.2261810303,21223,21233,10
13.021229744,80.2257232666,21233,21243,10
13.0206003189,80.2252731323,21243,21253,10
13.0199804306,80.2248535156,21253,21263,10
13.0197200775,80.2246932983,21263,21273,10
13.0193004608,80.2245407104,21273,21284,11
13.0185003281,80.2246627808,21284,21294,10
13.0176401138,80.2250137329,21294,21304,10
13.0167798996,80.2253494263,21304,21314,10
13.0161504745,80.2255706787,21314,21324,10
13.0154800415,80.2258224487,21324,21334,10
13.0148000717,80.2260894775,21334,21344,10
13.0143299103,80.2262878418,21344,21364,20
13.0143299103,80.2262878418,21364,21375,11
13.014289856,80.2263183594,21375,21385,10
13.0139303207,80.2264633179,21385,21395,10
13.0133895874,80.2266464233,21395,21405,10
13.012720108,80.2269134521,21405,21415,10
13.0120096207,80.227180481,21415,21425,10
13.0111904144,80.2275085449,21425,21435,10
13.0102901459,80.2278594971,21435,21445,10
13.0095396042,80.2281723022,21445,21455,10
13.009180069,80.2287368774,21455,21466,11
13.0089797974,80.2296829224,21466,21476,10
13.0087404251,80.230796814,21476,21486,10
13.0085296631,80.2319107056,21486,21496,10
13.0083398819,80.233039856,21496,21506,10
13.0082702637,80.2335128784,21506,21516,10
13.0082197189,80.2336273193,21516,21526,10
13.0081300735,80.2340164185,21526,21536,10
13.0079803467,80.2346801758,21536,21546,10
13.007809639,80.2355804443,21546,21557,11
13.0075902939,80.2367401123,21557,21567,10
13.0073604584,80.2378463745,21567,21577,10
13.0072002411,80.2387619019,21577,21587,10
13.0070400238,80.2395172119,21587,21597,10
13.0069303513,80.2400665283,21597,21607,10
13.0069198608,80.2403030396,21607,21617,10
13.0068998337,80.2406997681,21617,21627,10
13.0068798065,80.2407913208,21627,21637,10
13.0068101883,80.2412109375,21637,21648,11
13.0067796707,80.2420806885,21648,21658,10
13.0067195892,80.2430877686,21658,21668,10
13.0066795349,80.2440795898,21668,21678,10
13.0067195892,80.2451629639,21678,21688,10
13.0067396164,80.246307373,21688,21698,10
13.0067501068,80.2471389771,21698,21708,10
13.0065402985,80.2474136353,21708,21718,10
13.0062198639,80.247428894,21718,21739,21
13.0062198639,80.247428894,21739,21749,10
13.005900383,80.2474212646,21749,21759,10
13.0053195953,80.2473831177,21759,21769,10
13.0045003891,80.2474365234,21769,21779,10
13.0034799576,80.2475891113,21779,21789,10
13.002530098,80.247756958,21789,21799,10
13.0017404556,80.2479400635,21799,21809,10
13.0007600784,80.2481994629,21809,21819,10
12.9996595383,80.2484664917,21819,21830,11
12.9983997345,80.2487792969,21830,21839,9
12.9973602295,80.2490234375,21839,21850,11
12.9960603714,80.2493515015,21850,21860,10
12.9949398041,80.2496490479,21860,21870,10
12.9938097,80.2499389648,21870,21880,10
12.9926300049,80.2502365112,21880,21890,10
12.9915399551,80.2505264282,21890,21900,10
12.9910001755,80.2506637573,21900,21910,10
12.9908895493,80.2506790161,21910,21921,11
12.9903001785,80.250831604,21921,21931,10
12.9894695282,80.2510299683,21931,21941,10
12.9886598587,80.2512283325,21941,21951,10
12.9881296158,80.2513809204,21951,21961,10
12.9879198074,80.2514419556,21961,21971,10
12.9876403809,80.2514877319,21971,21981,10
12.9870195389,80.251663208,21981,21991,10
12.9861001968,80.2518615723,21991,22001,10
12.9849596024,80.252166748,22001,22012,11
12.9835300446,80.2525405884,22012,22022,10
12.9821596146,80.2526931763,22022,22032,10
12.980890274,80.2527389526,22032,22042,10
12.9799098969,80.2527923584,22042,22052,10
12.97935009,80.2527313232,22052,22062,10
12.9787797928,80.2526626587,22062,22072,10
12.9786901474,80.2526321411,22072,22082,10
12.9783401489,80.2524185181,22082,22092,10
12.9778203964,80.2519607544,22092,22103,11
12.9769496918,80.251373291,22103,22113,10
12.9758996964,80.2510604858,22113,22123,10
12.9747600555,80.2507324219,22123,22133,10
12.9736204147,80.2503967285,22133,22143,10
12.9725399017,80.2501220703,22143,22153,10
12.9715003967,80.2498397827,22153,22163,10
12.9704198837,80.2495193481,22163,22173,10
12.9693002701,80.2490768433,22173,22183,10
12.9682598114,80.2486801147,22183,22194,11
12.9672403336,80.248260498,22194,22204,10
12.9664497375,80.2478790283,22204,22214,10
12.9657001495,80.2475967407,22214,22224,10
12.9653196335,80.2474594116,22224,22234,10
12.9652004242,80.2473983765,22234,22244,10
12.9646997452,80.2472076416,22244,22254,10
12.9639396667,80.2469177246,22254,22264,10
12.9629898071,80.2464675903,22264,22274,10
12.9619197845,80.2459869385,22274,22285,11
12.9607200623,80.2454223633,22285,22295,10
12.9597101212,80.2449798584,22295,22305,10
12.9588603973,80.2445831299,22305,22315,10
12.9586296082,80.2444915771,22315,22325,10
12.9583101273,80.2443618774,22325,22335,10
12.9577999115,80.244140625,22335,22345,10
12.9572200775,80.243927002,22345,22355,10
12.9565696716,80.2437362671,22355,22365,10
12.9563398361,80.2436523438,22365,22376,11
12.9558801651,80.2434463501,22376,22386,10
12.9551801682,80.2431182861,22386,22396,10
12.9544000626,80.2427597046,22396,22406,10
12.9535198212,80.2423934937,22406,22416,10
12.9524803162,80.2419586182,22416,22426,10
12.951789856,80.2417373657,22426,22436,10
12.951669693,80.2416915894,22436,22446,10
12.9511899948,80.2415084839,22446,22456,10
12.9504499435,80.2412872314,22456,22467,11
12.9495096207,80.2409973145,22467,22477,10
12.9486303329,80.2406692505,22477,22487,10
12.9476995468,80.2402572632,22487,22497,10
12.9468803406,80.2399215698,22497,22507,10
12.9462404251,80.2396774292,22507,22517,10
12.9459295273,80.2395477295,22517,22527,10
12.9453401566,80.2392501831,22527,22537,10
12.9447202682,80.2386398315,22537,22547,10
12.943980217,80.2378616333,22547,22558,11
12.943189621,80.2370300293,22558,22568,10
12.9421796799,80.2364578247,22568,22578,10
12.9409799576,80.2361602783,22578,22588,10
12.9399003983,80.2358322144,22588,22598,10
12.9388999939,80.2353820801,22598,22608,10
12.9378299713,80.2348480225,22608,22618,10
12.9368095398,80.2343597412,22618,22628,10
12.9358901978,80.2339172363,22628,22638,10
12.9349803925,80.2334899902,22638,22649,11
12.9339504242,80.2330169678,22649,22659,10
12.9330501556,80.2326202393,22659,22669,10
12.9319400787,80.2322006226,22669,22679,10
12.9307203293,80.2317810059,22679,22689,10
12.9295701981,80.2314834595,22689,22699,10
12.9284696579,80.2312698364,22699,22709,10
12.9272699356,80.2311172485,22709,22719,10
12.926320076,80.231010437,22719,22729,10
12.926030159,80.2309799194,22729,22740,11
12.9255199432,80.2309417725,22740,22750,10
12.9247598648,80.2308731079,22750,22760,10
12.9238195419,80.230758667,22760,22770,10
12.9226903915,80.2305984497,22770,22780,10
12.9214401245,80.2303771973,22780,22790,10
12.920129776,80.2302093506,22790,22800,10
12.9188098907,80.2300415039,22800,22810,10
12.9175195694,80.2298583984,22810,22820,10
12.9162902832,80.2296981812,22820,22831,11
12.9151802063,80.2295608521,22831,22841,10
12.9140701294,80.2294082642,22841,22851,10
12.913359642,80.2293167114,22851,22861,10
12.9132995605,80.2293167114,22861,22871,10
12.9129199982,80.2292404175,22871,22881,10
12.9122200012,80.229133606,22881,22891,10
12.9112701416,80.2289962769,22891,22901,10
12.9101200104,80.2288208008,22901,22911,10
12.9087200165,80.2285995483,22911,22922,11
12.9074802399,80.2284164429,22922,22932,10
12.9063796997,80.2283172607,22932,22942,10
12.9054498672,80.2282562256,22942,22952,10
12.9042196274,80.2281799316,22952,22962,10
12.9029302597,80.2281036377,22962,22972,10
12.90184021,80.2280273438,22972,22982,10
12.9009799957,80.2279815674,22982,22992,10
12.900270462,80.2279586792,22992,23002,10
12.8997297287,80.2279586792,23002,23013,11
12.8997097015,80.2279586792,23013,23023,10
12.899600029,80.2279510498,23023,23033,10
12.8990898132,80.2278900146,23033,23043,10
12.8983097076,80.2278366089,23043,23053,10
12.8973197937,80.2277832031,23053,23063,10
12.8961400986,80.2277297974,23063,23073,10
12.8948898315,80.2276687622,23073,23083,10
12.8936395645,80.2275619507,23083,23094,11
12.8924398422,80.2274169922,23094,23104,10
12.8913202286,80.2273788452,23104,23114,10
12.8901100159,80.2273712158,23114,23124,10
12.8889398575,80.2273788452,23124,23134,10
12.8879404068,80.2273330688,23134,23144,10
12.8872098923,80.2272415161,23144,23154,10
12.8863601685,80.2270584106,23154,23164,10
12.8853797913,80.2268218994,23164,23174,10
12.8848495483,80.2267608643,23174,23185,11
12.8844499588,80.2267608643,23185,23195,10
12.8837404251,80.2267532349,23195,23205,10
12.8827896118,80.2267608643,23205,23215,10
12.881649971,80.2267837524,23215,23225,10
12.8804101944,80.2267608643,23225,23235,10
12.8790998459,80.2267913818,23235,23245,10
12.8778095245,80.2268829346,23245,23255,10
12.876660347,80.2269897461,23255,23265,10
12.8756504059,80.2269973755,23265,23276,11
12.8743801117,80.2268600464,23276,23286,10
12.8726797104,80.2267608643,23286,23316,30
12.8726797104,80.2267608643,23316,23326,10
12.8724403381,80.2267532349,23326,23336,10
12.8718099594,80.2267227173,23336,23346,10
12.8709096909,80.2266769409,23346,23356,10
12.86977005,80.2265625,23356,23367,11
12.8682699203,80.2264175415,23367,23377,10
12.8668603897,80.2265396118,23377,23387,10
12.8654899597,80.2266311646,23387,23397,10
12.8640604019,80.2265625,23397,23407,10
12.8626298904,80.2265472412,23407,23417,10
12.8614997864,80.2266235352,23417,23426,9
12.8608598709,80.2266235352,23426,23437,11
12.8604803085,80.2265701294,23437,23447,10
12.8597402573,80.2264633179,23447,23458,11
12.8587799072,80.2263183594,23458,23468,10
12.8578996658,80.2262878418,23468,23478,10
12.8568000793,80.2263717651,23478,23488,10
12.8554897308,80.2265090942,23488,23498,10
12.8540897369,80.2266464233,23498,23508,10
12.8527002335,80.2267227173,23508,23518,10
12.8513202667,80.2266693115,23518,23528,10
12.8499603271,80.2266311646,23528,23538,10
12.84856987,80.2266082764,23538,23549,11
12.847029686,80.2266311646,23549,23559,10
12.8459196091,80.2266387939,23559,23569,10
12.8454999924,80.2266464233,23569,23579,10
12.8454399109,80.2266387939,23579,23589,10
12.8450603485,80.2266464233,23589,23599,10
12.8443698883,80.2266998291,23599,23609,10
12.8434400558,80.2268218994,23609,23619,10
12.8423204422,80.2270507813,23619,23629,10
12.8410997391,80.2273483276,23629,23640,11
12.8401699066,80.2276000977,23640,23650,10
12.8397903442,80.227722168,23650,23680,30
12.8397903442,80.227722168,23680,23690,10
12.8394603729,80.2278137207,23690,23700,10
12.8388595581,80.2279586792,23700,23710,10
12.8380203247,80.2281799316,23710,23720,10
12.8368997574,80.2283706665,23720,23731,11
12.8353996277,80.2285766602,23731,23741,10
12.8340196609,80.2288208008,23741,23751,10
12.8323898315,80.2291412354,23751,23771,20
12.8323898315,80.2291412354,23771,23781,10
12.832110405,80.2291793823,23781,23791,10
12.8315095901,80.229309082,23791,23801,10
12.8306798935,80.2295913696,23801,23811,10
12.8296003342,80.2299880981,23811,23822,11
12.8283004761,80.2306289673,23822,23832,10
12.8271799088,80.2312164307,23832,23842,10
12.8260002136,80.2313995361,23842,23852,10
12.8247003555,80.2313766479,23852,23862,10
12.8234596252,80.231048584,23862,23872,10
12.8221502304,80.2306518555,23872,23882,10
12.820980072,80.2304763794,23882,23892,10
12.8198003769,80.2305221558,23892,23902,10
12.8189401627,80.2305221558,23902,23913,11
12.8187503815,80.2304611206,23913,23923,10
12.8181800842,80.2301712036,23923,23933,10
12.8172998428,80.2297821045,23933,23943,10
12.8161401749,80.2294769287,23943,23953,10
12.8147602081,80.2292785645,23953,23963,10
12.8133201599,80.2289199829,23963,23973,10
12.8118696213,80.2284088135,23973,23983,10
12.8104000092,80.2278518677,23983,23993,10
12.8090600967,80.2271881104,23993,24004,11
12.8078203201,80.2261734009,24004,24014,10
12.8069400787,80.2253875732,24014,24024,10
12.8063402176,80.2248382568,24024,24034,10
12.8057003021,80.224281311,24034,24044,10
12.804980278,80.224029541,24044,24064,20
12.804980278,80.224029541,24064,24074,10
12.8046798706,80.2239608765,24074,24084,10
12.8040800095,80.2238998413,24084,24095,11
12.8031702042,80.2238311768,24095,24105,10
12.8021297455,80.2236862183,24105,24115,10
12.8012399673,80.2236328125,24115,24125,10
12.8010797501,80.2236175537,24125,24135,10
12.8009004593,80.2236175537,24135,24145,10
12.800330162,80.2235565186,24145,24155,10
12.799489975,80.223487854,24155,24165,10
12.7984600067,80.2233810425,24165,24175,10
12.7973604202,80.2232437134,24175,24186,11
12.7962999344,80.2230377197,24186,24196,10
12.7960300446,80.2229995728,24196,24206,10
12.7958402634,80.2229919434,24206,24216,10
12.7952899933,80.2228775024,24216,24226,10
12.7944803238,80.2227172852,24226,24236,10
12.7934103012,80.2225494385,24236,24246,10
12.7922000885,80.222328186,24246,24256,10
12.7910499573,80.2220611572,24256,24266,10
12.7899904251,80.221786499,24266,24277,11
12.7890501022,80.2214584351,24277,24287,10
12.7882204056,80.2211303711,24287,24297,10
12.787560463,80.2208786011,24297,24307,10
12.7865600586,80.2205200195,24307,24327,20
12.7865600586,80.2205200195,24327,24337,10
12.7864999771,80.2204818726,24337,24347,10
12.786239624,80.2203826904,24347,24357,10
12.7861700058,80.2205200195,24357,24368,11
12.7861204147,80.2210388184,24368,24378,10
12.7861499786,80.2213973999,24378,24388,10
12.7862300873,80.2218399048,24388,24924,536
12.7862300873,80.2218399048,24924,24934,10
12.7863197327,80.2217788696,24934,24944,10
12.7862501144,80.221496582,24944,24954,10
12.786239624,80.2211227417,24954,24964,10
12.7862300873,80.2208862305,24964,24974,10
12.7862195969,80.2206192017,24974,24984,10
12.7862300873,80.220413208,24984,24994,10
12.786359787,80.2203826904,24994,25005,11
12.7864904404,80.2204208374,25005,25015,10
12.7868204117,80.2205734253,25015,25025,10
12.7874403,80.2208099365,25025,25035,10
12.7883195877,80.2211303711,25035,25045,10
12.7893400192,80.2215194702,25045,25055,10
12.7902202606,80.2218017578,25055,25065,10
12.7914104462,80.2220687866,25065,25075,10
12.7929201126,80.2223892212,25075,25085,10
12.7946596146,80.2226409912,25085,25096,11
12.7964000702,80.2229537964,25096,25106,10
12.7978000641,80.2232131958,25106,25116,10
12.7992801666,80.2233428955,25116,25126,10
12.8006401062,80.2234725952,25126,25136,10
12.8013496399,80.2235565186,25136,25146,10
12.8018703461,80.2236099243,25146,25156,10
12.8024301529,80.2236709595,25156,25166,10
12.8030595779,80.2237625122,25166,25176,10
12.8037796021,80.2238311768,25176,25187,11
12.8046302795,80.2238998413,25187,25197,10
12.8053197861,80.2240371704,25197,25207,10
12.8056297302,80.2241516113,25207,25217,10
12.8060903549,80.2245178223,25217,25227,10
12.8068304062,80.2251663208,25227,25237,10
12.8077602386,80.225982666,25237,25247,10
12.8088998795,80.2269363403,25247,25257,10
12.8101301193,80.2276382446,25257,25267,10
12.8113803864,80.2281570435,25267,25278,11
12.8130302429,80.2287368774,25278,25288,10
12.8146600723,80.2292175293,25288,25298,10
12.8163795471,80.2294616699,25298,25308,10
12.8180704117,80.2300262451,25308,25318,10
12.819560051,80.2304763794,25318,25328,10
12.8210296631,80.2304382324,25328,25338,10
12.8226299286,80.2306976318,25338,25348,10
12.8241901398,80.2311325073,25348,25358,10
12.8256797791,80.2313613892,25358,25369,11
12.8274002075,80.231086731,25369,25378,9
12.8286600113,80.2303771973,25378,25389,11
12.8300695419,80.2297592163,25389,25399,10
12.831319809,80.2292785645,25399,25409,10
12.8324098587,80.2289962769,25409,25419,10
12.8337802887,80.228767395,25419,25429,10
12.8352804184,80.2285232544,25429,25439,10
12.8368701935,80.2282867432,25439,25449,10
12.8383398056,80.2280197144,25449,25460,11
12.8393096924,80.2277832031,25460,25470,10
12.8398399353,80.2276382446,25470,25480,10
12.8406400681,80.2274169922,25480,25490,10
12.8417196274,80.2271194458,25490,25500,10
12.843079567,80.2267990112,25500,25510,10
12.8445396423,80.2265930176,25510,25520,10
12.8454399109,80.2265090942,25520,25530,10
12.8455896378,80.2265014648,25530,25540,10
12.8459196091,80.2265014648,25540,25551,11
12.846540451,80.2265319824,25551,25561,10
12.8474798203,80.2265319824,25561,25571,10
12.8486700058,80.2265167236,25571,25581,10
12.8499097824,80.2265014648,25581,25591,10
12.8503303528,80.2265014648,25591,25601,10
12.8510799408,80.2265319824,25601,25611,10
12.8521604538,80.2265930176,25611,25621,10
12.8535404205,80.226600647,25621,25631,10
12.8550596237,80.2264404297,25631,25642,11
12.8568201065,80.2262573242,25642,25652,10
12.8583202362,80.2261810303,25652,25662,10
12.8597402573,80.2263565063,25662,25672,10
12.8610897064,80.2265319824,25672,25682,10
12.8624696732,80.2264862061,25682,25692,10
12.8639602661,80.2264862061,25692,25702,10
12.8655004501,80.2265625,25702,25712,10
12.8670196533,80.2264633179,25712,25722,10
12.8683204651,80.2263183594,25722,25733,11
12.8699302673,80.2264404297,25733,25743,10
12.8715295792,80.2265777588,25743,25753,10
12.8725500107,80.226600647,25753,25763,10
12.8733100891,80.2266387939,25763,25773,10
12.8743200302,80.2267379761,25773,25783,10
12.8756198883,80.2268829346,25783,25793,10
12.876540184,80.2268829346,25793,25803,10
12.876660347,80.2268829346,25803,25813,10
12.8772096634,80.226852417,25813,25824,11
12.8782300949,80.2267608643,25824,25834,10
12.8793802261,80.2266921997,25834,25844,10
12.8804702759,80.2266769409,25844,25854,10
12.8813800812,80.2266693115,25854,25864,10
12.8824901581,80.2266464233,25864,25874,10
12.8838596344,80.2266464233,25874,25884,10
12.8846998215,80.2266387939,25884,25894,10
12.8849802017,80.2266387939,25894,25904,10
12.885430336,80.2267227173,25904,25915,11
12.886349678,80.2269515991,25915,25925,10
12.8874397278,80.227180481,25925,25935,10
12.8886899948,80.2273025513,25935,25945,10
12.8899698257,80.2273025513,25945,25955,10
12.8911800385,80.2273025513,25955,25965,10
12.8923196793,80.2273178101,25965,25975,10
12.8935804367,80.2274780273,25975,25985,10
12.8950099945,80.2275924683,25985,25995,10
12.8964595795,80.2276306152,25995,26006,11
12.8981103897,80.2276763916,26006,26016,10
12.8996400833,80.2277832031,26016,26026,10
12.9006900787,80.2278594971,26026,26036,10
12.9008798599,80.2278823853,26036,26046,10
12.9012699127,80.2278900146,26046,26056,10
12.9020395279,80.2279205322,26056,26066,10
12.9027700424,80.2279586792,26066,26076,10
12.9029798508,80.2279205322,26076,26086,10
12.9031000137,80.2279281616,26086,26097,11
12.9037799835,80.228012085,26097,26107,10
12.9047403336,80.2280578613,26107,26117,10
12.9060096741,80.2281265259,26117,26127,10
12.9071598053,80.2282409668,26127,26136,9
12.9083099365,80.2284088135,26136,26147,11
12.9097995758,80.2286376953,26147,26157,10
12.9111700058,80.2288589478,26157,26167,10
12.9125299454,80.2290420532,26167,26177,10
12.9140100479,80.2292404175,26177,26198,21
12.9140100479,80.2292404175,26198,26208,10
12.9145002365,80.2293395996,26208,26218,10
12.9153203964,80.2294616699,26218,26228,10
12.9164199829,80.229598999,26228,26238,10
12.9177999496,80.2297821045,26238,26248,10
12.9192895889,80.2299804688,26248,26258,10
12.9208297729,80.2301712036,26258,26268,10
12.9223804474,80.2304000854,26268,26279,11
12.9239997864,80.2306594849,26279,26289,10
12.9253702164,80.2308120728,26289,26299,10
12.9267902374,80.23097229,26299,26309,10
12.9281797409,80.2311172485,26309,26319,10
12.9293603897,80.231338501,26319,26329,10
12.9304800034,80.2315826416,26329,26339,10
12.9316396713,80.2319412231,26339,26349,10
12.932800293,80.2323074341,26349,26359,10
12.9335403442,80.2326431274,26359,26370,11
12.9336996078,80.2326889038,26370,26380,10
12.9338102341,80.2327423096,26380,26390,10
12.9341096878,80.2328872681,26390,26400,10
12.9347400665,80.2331924438,26400,26410,10
12.9355802536,80.2335586548,26410,26420,10
12.9364995956,80.2340011597,26420,26430,10
12.9375896454,80.2345199585,26430,26440,10
12.9387102127,80.2350769043,26440,26450,10
12.9395999908,80.2355270386,26450,26461,11
12.9397001266,80.2355804443,26461,26471,10
12.9400196075,80.235710144,26471,26481,10
12.9406900406,80.2359237671,26481,26491,10
12.9415597916,80.2361526489,26491,26501,10
12.9426202774,80.2364501953,26501,26511,10
12.9435396194,80.2371368408,26511,26521,10
12.9443502426,80.2380371094,26521,26531,10
12.9451999664,80.2389602661,26531,26541,10
12.9463100433,80.2395629883,26541,26552,11
12.9472398758,80.2399215698,26552,26562,10
12.9473600388,80.2399597168,26562,26572,10
12.9477500916,80.2401275635,26572,26582,10
12.9482898712,80.2403717041,26582,26592,10
12.9487695694,80.2405319214,26592,26622,30
12.9487695694,80.2405319214,26622,26632,10
12.9490499496,80.2406005859,26632,26643,11
12.9494199753,80.2407836914,26643,26653,10
12.9499902725,80.2409667969,26653,26663,10
12.9506998062,80.2411804199,26663,26673,10
12.9509801865,80.2412719727,26673,26683,10
12.9511098862,80.241317749,26683,26693,10
12.9515800476,80.2415237427,26693,26703,10
12.9523000717,80.2417831421,26703,26713,10
12.9532699585,80.2421188354,26713,26723,10
12.9543504715,80.2425384521,26723,26734,11
12.9551401138,80.2428588867,26734,26744,10
12.9558696747,80.2431411743,26744,26754,10
12.9563703537,80.2433395386,26754,26764,10
12.956489563,80.2434005737,26764,26774,10
12.9569301605,80.2436065674,26774,26784,10
12.95773983,80.2439575195,26784,26794,10
12.9586200714,80.2442779541,26794,26804,10
12.9589796066,80.2444229126,26804,26814,10
12.9593801498,80.2446365356,26814,26825,11
12.9601097107,80.2449569702,26825,26835,10
12.9609003067,80.2453384399,26835,26845,10
12.9619197845,80.2458267212,26845,26855,10
12.9630002975,80.2463531494,26855,26865,10
12.9639501572,80.2468032837,26865,26875,10
12.9648399353,80.2471237183,26875,26885,10
12.9658098221,80.2474365234,26885,26895,10
12.9666500092,80.2477874756,26895,26926,31
12.9666500092,80.2477874756,26926,26936,10
12.9667596817,80.2478790283,26936,26946,10
12.9671201706,80.2480773926,26946,26956,10
12.9677095413,80.2483291626,26956,26966,10
12.9685401917,80.2486419678,26966,26976,10
12.9694595337,80.2490081787,26976,26986,10
12.9704504013,80.2493972778,26986,26996,10
12.9715099335,80.2497024536,26996,27007,11
12.972700119,80.2500305176,27007,27017,10
12.9738197327,80.2503204346,27017,27027,10
12.9749202728,80.250617981,27027,27037,10
12.9760198593,80.2509689331,27037,27047,10
12.9770698547,80.2512664795,27047,27057,10
12.9778795242,80.2517929077,27057,27067,10
12.9785499573,80.2522964478,27067,27087,20
12.9785499573,80.2522964478,27087,27098,11
12.9785900116,80.2523269653,27098,27108,10
12.9789800644,80.2525024414,27108,27118,10
12.9797801971,80.2525863647,27118,27138,20
12.9799003601,80.2526016235,27138,27168,30
12.9799003601,80.2526016235,27168,27178,10
12.9802598953,80.2526092529,27178,27189,11
12.9809799194,80.2526016235,27189,27199,10
12.9818897247,80.252571106,27199,27209,10
12.9830703735,80.2525100708,27209,27219,10
12.9843301773,80.2522583008,27219,27229,10
12.9855604172,80.2518997192,27229,27239,10
12.9867401123,80.2516021729,27239,27249,10
12.9876804352,80.2513122559,27249,27340,91
12.9876804352,80.2513122559,27340,27350,10
12.9877996445,80.2513198853,27350,27360,10
12.9881801605,80.2512283325,27360,27371,11
12.9890098572,80.2510223389,27371,27381,10
12.9899101257,80.2507781982,27381,27390,9
12.990819931,80.2505569458,27390,27401,11
12.9920902252,80.2502365112,27401,27411,10
12.9933300018,80.2499389648,27411,27421,10
12.9946098328,80.2496185303,27421,27431,10
12.9958295822,80.2493133545,27431,27441,10
12.9969997406,80.2489929199,27441,27451,10
12.9979400635,80.2487716675,27451,27462,11
12.9994297028,80.2483901978,27462,27472,10
13.0004997253,80.2481231689,27472,27482,10
13.0015096664,80.2478713989,27482,27492,10
13.0024700165,80.2476577759,27492,27502,10
13.0035200119,80.2474594116,27502,27512,10
13.0046796799,80.2472915649,27512,27522,10
13.0057201385,80.2470932007,27522,27532,10
13.0064201355,80.2466583252,27532,27542,10
13.006480217,80.2465362549,27542,27553,11
13.0065698624,80.2462081909,27553,27563,10
13.0066299438,80.2455978394,27563,27573,10
13.0066699982,80.2449111938,27573,27583,10
13.0066404343,80.2441101074,27583,27593,10
13.0066099167,80.2432785034,27593,27603,10
13.0065898895,80.2422790527,27603,27613,10
13.0066299438,80.2411117554,27613,27623,10
13.0068397522,80.2399902344,27623,27633,10
13.007060051,80.2388305664,27633,27644,11
13.0073099136,80.2376327515,27644,27654,10
13.0074195862,80.2368621826,27654,27664,10
13.0074396133,80.2367019653,27664,27674,10
13.0075702667,80.236289978,27674,27684,10
13.0077199936,80.2356033325,27684,27694,10
13.0079097748,80.2347335815,27694,27704,10
13.0081300735,80.2336502075,27704,27714,10
13.0083799362,80.2323913574,27714,27724,10
13.0086297989,80.2310562134,27724,27735,11
13.0089197159,80.229598999,27735,27745,10
13.009180069,80.2282867432,27745,27755,10
13.0096998215,80.2270965576,27755,27765,10
13.0101995468,80.225982666,27765,27775,10
13.0107498169,80.2248535156,27775,27785,10
13.0112304688,80.2237472534,27785,27795,10
13.0114202499,80.2232818604,27795,27805,10
13.011469841,80.2231826782,27805,27815,10
13.0116796494,80.2226715088,27815,27826,11
13.0120201111,80.2217102051,27826,27836,10
13.012339592,80.2214279175,27836,27845,9
13.0125303268,80.2217025757,27845,27856,11
13.0130195618,80.2223205566,27856,27866,10
13.0136604309,80.2230682373,27866,27876,10
13.014380455,80.2238616943,27876,27886,10
13.0149803162,80.2244567871,27886,27896,10
13.0154600143,80.2249679565,27896,27906,10
13.0158004761,80.2252120972,27906,27917,11
13.0159196854,80.2252883911,27917,27927,10
13.0164003372,80.2253417969,27927,27937,10
13.0171203613,80.2250976563,27937,27947,10
13.0180397034,80.2247161865,27947,27957,10
13.0189800262,80.2243499756,27957,27967,10
13.019490242,80.224357605,27967,27977,10
13.019490242,80.2243728638,27977,27987,10
13.0196304321,80.2245025635,27987,27997,10
13.0200796127,80.2248077393,27997,28008,11
13.0208396912,80.2253417969,28008,28018,10
13.02161026,80.2259368896,28018,28028,10
13.0223703384,80.2265625,28028,28038,10
13.0230998993,80.227180481,28038,28048,10
13.0236797333,80.2276916504,28048,28058,10
13.0239095688,80.2278900146,28058,28088,30
13.0239095688,80.2278900146,28088,28099,11
13.0241699219,80.2281570435,28099,28230,131
13.0242795944,80.2283401489,28230,29261,1031
13.0242795944,80.2283401489,29261,29272,11
13.0242395401,80.2285614014,29272,29282,10
13.024020195,80.2282867432,29282,29292,10
13.0237798691,80.2280197144,29292,29302,10
13.0235395432,80.2277679443,29302,29312,10
13.0231304169,80.227432251,29312,29868,556
13.0231304169,80.227432251,29868,29878,10
13.0230503082,80.2272796631,29878,29888,10
13.0229196548,80.2271499634,29888,29898,10
13.0226802826,80.2269210815,29898,29908,10
13.0223398209,80.2266082764,29908,29919,11
13.0221204758,80.2264328003,29919,29929,10
13.021900177,80.2262268066,29929,29939,10
13.0214796066,80.2259063721,29939,29949,10
13.0209703445,80.2255172729,29949,29959,10
13.0204296112,80.2251281738,29959,29969,10
13.020070076,80.2249069214,29969,29979,10
13.019780159,80.2247085571,29979,29989,10
13.0192699432,80.2245330811,29989,29999,10
13.0185203552,80.2246627808,29999,30010,11
13.0175800323,80.2250289917,30010,30020,10
13.0167398453,80.2253723145,30020,30030,10
13.0162200928,80.2255706787,30030,30040,10
13.0156002045,80.2257919312,30040,30050,10
13.014670372,80.2261581421,30050,30070,20
13.014670372,80.2261581421,30070,30080,10
13.0143203735,80.2263031006,30080,30101,21
13.0143203735,80.2263031006,30101,30111,10
13.0139703751,80.2264328003,30111,30121,10
13.0133600235,80.2266616821,30121,30131,10
13.0125598907,80.2269668579,30131,30141,10
13.0115995407,80.2273712158,30141,30151,10
13.0105695724,80.2277832031,30151,30161,10
13.00963974,80.2281570435,30161,30171,10
13.0091896057,80.2286682129,30171,30181,10
13.009059906,80.2293624878,30181,30192,11
13.0088996887,80.2301330566,30192,30202,10
13.0087604523,80.2309112549,30202,30212,10
13.008600235,80.2316970825,30212,30222,10
13.0084400177,80.2325210571,30222,30232,10
13.0082998276,80.2333068848,30232,30242,10
13.0082302094,80.2336883545,30242,30252,10
13.0081796646,80.233833313,30252,30262,10
13.0080699921,80.2343521118,30262,30272,10
13.0079097748,80.2351303101,30272,30283,11
13.0076904297,80.2362594604,30283,30293,10
13.0074596405,80.2373580933,30293,30303,10
13.0072498322,80.2385177612,30303,30313,10
13.0070199966,80.2396621704,30313,30323,10
13.0069103241,80.2405700684,30323,30333,10
13.0067996979,80.2412109375,30333,30343,10
13.0067501068,80.2420806885,30343,30353,10
13.0067100525,80.2431030273,30353,30363,10
13.0067100525,80.2442016602,30363,30374,11
13.0067195892,80.2452011108,30374,30384,10
13.0067501068,80.24609375,30384,30393,9
13.0067596436,80.246887207,30393,30404,11
13.0067300797,80.2473526001,30404,30444,40
13.0067300797,80.2473526001,30444,30454,10
13.0060997009,80.2474822998,30454,30475,21
13.0060997009,80.2474822998,30475,30485,10
13.0059499741,80.2474136353,30485,30495,10
13.0054197311,80.2473678589,30495,30505,10
13.0046195984,80.2474365234,30505,30515,10
13.0035600662,80.2475204468,30515,30525,10
13.0025596619,80.2477111816,30525,30535,10
13.0016002655,80.2479782104,30535,30545,10
13.0003499985,80.248298645,30545,30556,11
12.9991197586,80.2485961914,30556,30566,10
12.9982299805,80.2488098145,30566,30576,10
12.9971599579,80.2490692139,30576,30586,10
12.995929718,80.2493972778,30586,30596,10
12.9946603775,80.2497406006,30596,30606,10
12.9933700562,80.2500762939,30606,30616,10
12.992099762,80.2503814697,30616,30626,10
12.9911203384,80.2506484985,30626,30636,10
12.9909801483,80.2506790161,30636,30647,11
12.9905796051,80.2507476807,30647,30657,10
12.989859581,80.2509002686,30657,30667,10
12.9890003204,80.251121521,30667,30676,9
12.9882898331,80.2513122559,30676,30717,41
12.9882898331,80.2513122559,30717,30727,10
12.9880399704,80.2514038086,30727,30738,11
12.987660408,80.2514801025,30738,30748,10
12.9871101379,80.2516403198,30748,30758,10
12.9863996506,80.2518234253,30758,30768,10
12.9856100082,80.2520217896,30768,30778,10
12.9847898483,80.2522583008,30778,30788,10
12.9838695526,80.2525024414,30788,30798,10
12.9828701019,80.2526779175,30798,30808,10
12.9819002151,80.2527236938,30808,30818,10
12.9809303284,80.252746582,30818,30829,11
12.980099678,80.2527694702,30829,30839,10
12.9794197083,80.2527236938,30839,30849,10
12.9788103104,80.2526397705,30849,30859,10
12.9787998199,80.2526397705,30859,30869,10
12.978679657,80.2526016235,30869,30879,10
12.9782600403,80.2523193359,30879,30889,10
12.9775495529,80.2516784668,30889,30899,10
12.9764499664,80.2511901855,30899,30909,10
12.9751596451,80.2508163452,30909,30920,11
12.9735202789,80.2503814697,30920,30930,10
12.9720802307,80.25,30930,30940,10
12.9706802368,80.2496109009,30940,30950,10
12.9692201614,80.2490386963,30950,30960,10
12.9677200317,80.2485122681,30960,30970,10
12.9664497375,80.2479095459,30970,30980,10
12.9653997421,80.2474975586,30980,30990,10
12.9651699066,80.2474594116,30990,31000,10
12.9651098251,80.2474594116,31000,31011,11
12.9645996094,80.2472305298,31011,31021,10
12.9638004303,80.2469024658,31021,31031,10
12.9630804062,80.2465667725,31031,31041,10
12.9621400833,80.2461166382,31041,31051,10
12.9610204697,80.2455596924,31051,31061,10
12.9599504471,80.2450790405,31061,31071,10
12.9593400955,80.2448272705,31071,31081,10
12.9592599869,80.2447662354,31081,31091,10
12.958820343,80.2445526123,31091,31102,11
12.9579801559,80.2442016602,31102,31112,10
12.957280159,80.2439193726,31112,31122,10
12.9565296173,80.2436599731,31122,31132,10
12.9561595917,80.2434997559,31132,31142,10
12.9554796219,80.2431793213,31142,31152,10
12.9546203613,80.2427902222,31152,31162,10
12.9537601471,80.2424621582,31162,31172,10
12.9528598785,80.2420883179,31172,31182,10
12.951669693,80.2416763306,31182,31203,21
12.951669693,80.2416763306,31203,31213,10
12.9514503479,80.2415771484,31213,31223,10
12.9508104324,80.2413864136,31223,31233,10
12.9498796463,80.2411117554,31233,31243,10
12.9487800598,80.2406997681,31243,31253,10
12.9476003647,80.2402114868,31253,31263,10
12.947019577,80.2399902344,31263,31273,10
12.9469804764,80.2399597168,31273,31284,11
12.9465398788,80.2397537231,31284,31294,10
12.9458198547,80.2394332886,31294,31304,10
12.9449996948,80.2388687134,31304,31313,9
12.9442596436,80.2380981445,31313,31324,11
12.9432401657,80.2370605469,31324,31334,10
12.9420795441,80.2364120483,31334,31344,10
12.9408302307,80.2360992432,31344,31354,10
12.9398803711,80.2358322144,31354,31364,10
12.9396896362,80.2357635498,31364,31375,11
12.9392004013,80.235496521,31375,31385,10
12.9384899139,80.2351303101,31385,31395,10
12.937620163,80.234703064,31395,31405,10
12.9367303848,80.2342910767,31405,31415,10
12.9360399246,80.2339324951,31415,31425,10
12.935790062,80.2338180542,31425,31435,10
12.9352798462,80.233581543,31435,31445,10
12.9344797134,80.2332229614,31445,31455,10
12.933930397,80.2329864502,31455,31466,11
12.9338903427,80.2329788208,31466,31476,10
12.9335403442,80.2328033447,31476,31486,10
12.9328899384,80.2325134277,31486,31496,10
12.9320201874,80.232208252,31496,31506,10
12.9309196472,80.2318572998,31506,31516,10
12.9297399521,80.2315597534,31516,31526,10
12.9286203384,80.2313308716,31526,31536,10
12.9273996353,80.2311706543,31536,31546,10
12.9263896942,80.2310562134,31546,31557,11
12.9261598587,80.2310409546,31557,31567,10
12.925909996,80.2309875488,31567,31577,10
12.9252796173,80.2309112549,31577,31587,10
12.9243497849,80.230796814,31587,31597,10
12.9231996536,80.2306365967,31597,31607,10
12.9218597412,80.230430603,31607,31617,10
12.9204797745,80.2302474976,31617,31627,10
12.9190998077,80.2300720215,31627,31637,10
12.9177799225,80.2299118042,31637,31648,11
12.9166097641,80.2297668457,31648,31658,10
12.9154195786,80.229598999,31658,31668,10
12.9142398834,80.2294235229,31668,31678,10
12.9134197235,80.229347229,31678,31688,10
12.9133300781,80.2293395996,31688,31698,10
12.9132795334,80.2293319702,31698,31708,10
12.912899971,80.2292480469,31708,31718,10
12.9124498367,80.2291870117,31718,31728,10
12.9122800827,80.2291564941,31728,31739,11
12.9117202759,80.2290802002,31739,31748,9
12.9110403061,80.2289810181,31748,31759,11
12.9099998474,80.2288208008,31759,31769,10
12.9088497162,80.2286376953,31769,31779,10
12.907699585,80.2284622192,31779,31789,10
12.9068098068,80.2283401489,31789,31870,81
12.9068098068,80.2283401489,31870,31880,10
12.9065599442,80.2282867432,31880,31890,10
12.9063396454,80.2282791138,31890,31900,10
12.9059696198,80.2282562256,31900,31910,10
12.9052000046,80.2282104492,31910,31921,11
12.9040699005,80.2281417847,31921,31931,10
12.9027900696,80.2281036377,31931,31941,10
12.9010896683,80.228012085,31941,32012,71
12.9010896683,80.228012085,32012,32022,10
12.900759697,80.2279510498,32022,32032,10
12.9000597,80.2279129028,32032,32042,10
12.8993797302,80.227897644,32042,32062,20
12.8993797302,80.227897644,32062,32072,10
12.8992395401,80.2279129028,32072,32082,10
12.8989601135,80.227897644,32082,32092,10
12.8984003067,80.2278594971,32092,32103,11
12.8975095749,80.2277908325,32103,32113,10
12.8964796066,80.2277374268,32113,32123,10
12.8952302933,80.2276992798,32123,32133,10
12.8938999176,80.2276229858,32133,32143,10
12.8929595947,80.2274932861,32143,32153,10
12.8924999237,80.2274398804,32153,32163,10
12.8919296265,80.2274017334,32163,32173,10
12.8910598755,80.2273788452,32173,32183,10
12.8899803162,80.2273712158,32183,32194,11
12.8885602951,80.2273635864,32194,32204,10
12.8874101639,80.2272567749,32204,32214,10
12.8862495422,80.2269973755,32214,32224,10
12.8851604462,80.2267913818,32224,32234,10
12.8848600388,80.2267684937,32234,32244,10
12.8845596313,80.2267608643,32244,32254,10
12.8837995529,80.2267532349,32254,32264,10
12.8827295303,80.2267608643,32264,32274,10
12.8814201355,80.2267608643,32274,32285,11
12.8797502518,80.2267837524,32285,32295,10
12.8781299591,80.2268600464,32295,32305,10
12.8767795563,80.2269897461,32305,32315,10
12.8765096664,80.2270126343,32315,32325,10
12.8762598038,80.2270126343,32325,32335,10
12.8755598068,80.2269897461,32335,32345,10
12.8745603561,80.2268676758,32345,32355,10
12.873339653,80.2267379761,32355,32365,10
12.8726396561,80.2267379761,32365,32376,11
12.8725099564,80.2267379761,32376,32386,10
12.871919632,80.2267227173,32386,32396,10
12.8709802628,80.2266693115,32396,32406,10
12.869799614,80.2265701294,32406,32416,10
12.8684196472,80.2264175415,32416,32426,10
12.8672704697,80.2265090942,32426,32436,10
12.8664302826,80.2266235352,32436,32446,10
12.8655500412,80.2266693115,32446,32456,10
12.8646001816,80.2266235352,32456,32467,11
12.863360405,80.2265625,32467,32477,10
12.8620100021,80.2266235352,32477,32487,10
12.8610200882,80.2266311646,32487,32497,10
12.8609800339,80.2266311646,32497,32507,10
12.8609104156,80.2266311646,32507,32517,10
12.8604202271,80.2265625,32517,32527,10
12.8595895767,80.2264328003,32527,32537,10
12.858590126,80.22631073,32537,32547,10
12.8574399948,80.2262878418,32547,32558,11
12.8559598923,80.2264175415,32558,32568,10
12.8544797897,80.2265319824,32568,32578,10
12.8529100418,80.2266921997,32578,32588,10
12.8513402939,80.2266387939,32588,32598,10
12.8501596451,80.2266235352,32598,32608,10
12.8500204086,80.2266235352,32608,32618,10
12.8497896194,80.2266235352,32618,32628,10
12.8491601944,80.226600647,32628,32638,10
12.848279953,80.226600647,32638,32649,11
12.8470001221,80.226600647,32649,32659,10
12.8458795547,80.2266235352,32659,32669,10
12.8453397751,80.2266311646,32669,32679,10
12.8453197479,80.2266311646,32679,32689,10
12.8449897766,80.2266387939,32689,32699,10
12.8443403244,80.2267227173,32699,32709,10
12.8434495926,80.2268066406,32709,32719,10
12.8423595428,80.2270278931,32719,32729,10
12.8411397934,80.2273330688,32729,32740,11
12.8402500153,80.2275695801,32740,32750,10
12.8398303986,80.2276992798,32750,32790,40
12.8398303986,80.2276992798,32790,32800,10
12.839389801,80.2278594971,32800,32810,10
12.8386201859,80.2280502319,32810,32820,10
12.8375396729,80.2282791138,32820,32831,11
12.8360500336,80.2285003662,32831,32841,10
12.8345804214,80.2287216187,32841,32851,10
12.833319664,80.2289733887,32851,32861,10
12.8325099945,80.2291412354,32861,32881,20
12.8325099945,80.2291412354,32881,32891,10
12.8322095871,80.229133606,32891,32901,10
12.8315696716,80.2292709351,32901,32911,10
12.8306798935,80.2295684814,32911,32922,11
12.8295202255,80.2299880981,32922,32932,10
12.8284196854,80.2305297852,32932,32942,10
12.8272600174,80.2311706543,32942,32952,10
12.8260602951,80.2313766479,32952,32962,10
12.8247299194,80.2313766479,32962,32972,10
12.8234195709,80.2310333252,32972,32982,10
12.8220596313,80.2306137085,32982,32992,10
12.8207798004,80.2304611206,32992,33002,10
12.8195295334,80.2305221558,33002,33013,11
12.8190202713,80.2305221558,33013,33023,10
12.8188400269,80.23046875,33023,33033,10
12.8182296753,80.2301635742,33033,33043,10
12.8173303604,80.2297592163,33043,33053,10
12.8161697388,80.2294616699,33053,33063,10
12.8148403168,80.2292785645,33063,33073,10
12.8135299683,80.2289733887,33073,33083,10
12.8122701645,80.228553772,33083,33093,10
12.8109903336,80.2280807495,33093,33104,11
12.809630394,80.2275085449,33104,33114,10
12.8086004257,80.2267837524,33114,33124,10
12.8076601028,80.225982666,33124,33134,10
12.8070201874,80.225402832,33134,33144,10
12.806429863,80.224899292,33144,33154,10
12.8057699203,80.2242965698,33154,33164,10
12.805150032,80.2240371704,33164,33174,10
12.8050498962,80.2240219116,33174,33184,10
12.8047895432,80.2239837646,33184,33195,11
12.8041200638,80.2238922119,33195,33205,10
12.8032598495,80.2238235474,33205,33215,10
12.8023004532,80.2236785889,33215,33225,10
12.8012504578,80.2235717773,33225,33235,10
12.8001298904,80.2234725952,33235,33245,10
12.7988395691,80.2233734131,33245,33255,10
12.7974596024,80.2232131958,33255,33265,10
12.7961597443,80.2229614258,33265,33275,10
12.7958602905,80.2229385376,33275,33286,11
12.7956495285,80.22290802,33286,33296,10
12.7950601578,80.2228012085,33296,33306,10
12.7941799164,80.22265625,33306,33316,10
12.793129921,80.2224807739,33316,33326,10
12.7919597626,80.2222518921,33326,33336,10
12.7909402847,80.2220230103,33336,33346,10
12.790140152,80.2218170166,33346,33356,10
12.7894897461,80.2216186523,33356,33366,10
12.7888803482,80.2213821411,33366,33377,11
12.788069725,80.2210617065,33377,33387,10
12.7873897552,80.2208328247,33387,33397,10
12.7864303589,80.2204589844,33397,33427,30
12.7864303589,80.2204589844,33427,33437,10
12.7862796783,80.2203979492,33437,33447,10
12.7862300873,80.2203979492,33447,33457,10
12.7861995697,80.2205505371,33457,33468,11
12.7861995697,80.2209472656,33468,33478,10
12.7861795425,80.2213668823,33478,33488,10
12.7862195969,80.2217025757,33488,34438,950
12.7862195969,80.2217025757,34438,34448,10
12.7863197327,80.2217407227,34448,34458,10
12.7862901688,80.2215881348,34458,34469,11
12.7862901688,80.2215805054,34469,34479,10
12.786239624,80.2212600708,34479,34489,10
12.7862195969,80.2209320068,34489,34499,10
12.7862195969,80.2208328247,34499,34509,10
12.7862997055,80.2203598022,34509,34539,30
12.7862997055,80.2203598022,34539,34549,10
12.7865695953,80.2204589844,34549,34570,21
12.7865695953,80.2204589844,34570,34580,10
12.7869100571,80.2205963135,34580,34590,10
12.7874498367,80.2208023071,34590,34600,10
12.7881803513,80.2210769653,34600,34610,10
12.789059639,80.2214126587,34610,34620,10
12.7896795273,80.2216262817,34620,34630,10
12.7901697159,80.2217636108,34630,34640,10
12.7908697128,80.2219161987,34640,34651,11
12.7918796539,80.2221832275,34651,34661,10
12.7929801941,80.2223968506,34661,34671,10
12.7942199707,80.2225875854,34671,34681,10
12.7954502106,80.2228012085,34681,34691,10
12.7963895798,80.2229385376,34691,34701,10
12.7967996597,80.2230072021,34701,34711,10
12.7972002029,80.2230911255,34711,34721,10
12.7979602814,80.2232131958,34721,34731,10
12.7988595963,80.2233276367,34731,34742,11
12.800069809,80.2234573364,34742,34752,10
12.8010997772,80.2235565186,34752,34762,10
12.801440239,80.2235794067,34762,34772,10
12.8016996384,80.2236099243,34772,34782,10
12.8024301529,80.2237014771,34782,34792,10
12.8032999039,80.2238235474,34792,34802,10
12.8042898178,80.2238998413,34802,34812,10
12.8051395416,80.2240066528,34812,34822,10
12.8055400848,80.2241210938,34822,34833,11
12.8057203293,80.2242507935,34833,34843,10
12.8059797287,80.2244796753,34843,34853,10
12.806520462,80.2249603271,34853,34863,10
12.8072500229,80.2256011963,34863,34873,10
12.8081197739,80.2263336182,34873,34883,10
12.8091402054,80.2271575928,34883,34893,10
12.8103599548,80.2277679443,34893,34903,10
12.8116703033,80.2282867432,34903,34913,10
12.8130102158,80.228767395,34913,34924,11
12.8145399094,80.2292022705,34924,34934,10
12.8159704208,80.2294006348,34934,34944,10
12.8173799515,80.2297210693,34944,34954,10
12.8186597824,80.2303085327,34954,34964,10
12.8195800781,80.2304382324,34964,34974,10
12.8197002411,80.230430603,34974,34984,10
12.8199701309,80.2304382324,34984,34994,10
12.8206796646,80.2304000854,34994,35004,10
12.821680069,80.23046875,35004,35014,10
12.8228302002,80.230758667,35014,35025,11
12.8241195679,80.2311172485,35025,35035,10
12.8252696991,80.231338501,35035,35045,10
12.8265304565,80.2312927246,35045,35055,10
12.8277397156,80.2308578491,35055,35065,10
12.8289403915,80.23021698,35065,35075,10
12.8301496506,80.2296981812,35075,35085,10
12.8310003281,80.229347229,35085,35095,10
12.8311195374,80.229309082,35095,35105,10
12.8315000534,80.2291870117,35105,35116,11
12.8321895599,80.2290420532,35116,35126,10
12.8330497742,80.2288818359,35126,35136,10
12.8341197968,80.2286834717,35136,35146,10
12.8352899551,80.2285003662,35146,35156,10
12.8365297318,80.2283172607,35156,35166,10
12.8378000259,80.2281036377,35166,35176,10
12.8388900757,80.2278213501,35176,35186,10
12.839389801,80.2276687622,35186,35196,10
12.8395299911,80.2276229858,35196,35207,11
12.8401098251,80.2274932861,35207,35217,10
12.840929985,80.2272796631,35217,35227,10
12.8420000076,80.2270202637,35227,35237,10
12.8432302475,80.2268066406,35237,35247,10
12.8443803787,80.2266998291,35247,35257,10
12.8453798294,80.2265625,35257,35287,30
12.8453798294,80.2265625,35287,35297,10
12.8456296921,80.2265167236,35297,35308,11
12.8460798264,80.2265167236,35308,35318,10
12.8467998505,80.2265014648,35318,35328,10
12.8477201462,80.2265014648,35328,35338,10
12.8487300873,80.2265014648,35338,35348,10
12.8497600555,80.2264862061,35348,35358,10
12.8503599167,80.2264709473,35358,35368,10
12.8505601883,80.2264785767,35368,35378,10
12.8510904312,80.2265090942,35378,35389,11
12.851940155,80.2265625,35389,35399,10
12.8529100418,80.2266082764,35399,35409,10
12.8539600372,80.2265396118,35409,35419,10
12.8550195694,80.2264175415,35419,35429,10
12.8560695648,80.2263031006,35429,35439,10
12.8569803238,80.2261962891,35439,35449,10
12.8577404022,80.2261428833,35449,35459,10
12.8584699631,80.2261734009,35459,35469,10
12.8592700958,80.2262496948,35469,35480,11
12.8602800369,80.2264022827,35480,35490,10
12.8607301712,80.2264480591,35490,35500,10
12.8608703613,80.2264480591,35500,35510,10
12.8613395691,80.2264862061,35510,35520,10
12.8621997833,80.2264633179,35520,35530,10
12.8633003235,80.2264175415,35530,35540,10
12.8646402359,80.2264785767,35540,35550,10
12.8661003113,80.2264709473,35550,35560,10
12.8675203323,80.226348877,35560,35571,11
12.8691596985,80.226348877,35571,35581,10
12.8706197739,80.2265014648,35581,35591,10
12.8719997406,80.2265777588,35591,35601,10
12.872759819,80.2265777588,35601,35611,10
12.8727703094,80.2265777588,35611,35621,10
12.8728103638,80.2265777588,35621,35631,10
12.8731803894,80.226600647,35631,35641,10
12.8738803864,80.2266616821,35641,35651,10
12.8748197556,80.2267990112,35651,35662,11
12.8760004044,80.2268829346,35662,35672,10
12.876540184,80.2268600464,35672,35682,10
12.8767299652,80.2268295288,35682,35692,10
12.876999855,80.2268218994,35692,35702,10
12.8777198792,80.2267684937,35702,35712,10
12.8787603378,80.2266921997,35712,35722,10
12.8800497055,80.2266464233,35722,35732,10
12.881480217,80.2266311646,35732,35742,10
12.8829202652,80.2266235352,35742,35753,11
12.8844404221,80.2265930176,35753,35763,10
12.885219574,80.2266082764,35763,35773,10
12.8852500916,80.2266082764,35773,35783,10
12.8855800629,80.2266693115,35783,35793,10
12.8861999512,80.2268371582,35793,35803,10
12.8870296478,80.2270584106,35803,35813,10
12.8880300522,80.2272109985,35813,35823,10
12.8891201019,80.2272720337,35823,35833,10
12.8902797699,80.2272567749,35833,35844,11
12.8915996552,80.2272567749,35844,35854,10
12.8927602768,80.2273483276,35854,35864,10
12.8938703537,80.2274932861,35864,35874,10
12.8950796127,80.2275695801,35874,35884,10
12.8963603973,80.2276229858,35884,35894,10
12.8976402283,80.2276763916,35894,35904,10
12.8988599777,80.2277374268,35904,35914,10
12.899939537,80.2277984619,35914,35924,10
12.9006004333,80.2278137207,35924,35935,11
12.9006996155,80.2277984619,35935,35945,10
12.90102005,80.2278518677,35945,35955,10
12.9015598297,80.227897644,35955,35965,10
12.902130127,80.2279205322,35965,35975,10
12.9025297165,80.2279205322,35975,35985,10
12.9025602341,80.2279281616,35985,35995,10
12.9027795792,80.2279434204,35995,36005,10
12.9032802582,80.2279815674,36005,36015,10
12.9040002823,80.2280273438,36015,36026,11
12.9049501419,80.2281036377,36026,36036,10
12.9059000015,80.2281188965,36036,36046,10
12.9067602158,80.2281723022,36046,36056,10
12.9068498611,80.2281799316,36056,36066,10
12.9071798325,80.2282333374,36066,36076,10
12.907790184,80.2283172607,36076,36086,10
12.9086303711,80.228477478,36086,36096,10
12.9096603394,80.2286529541,36096,36106,10
12.9107704163,80.2287979126,36106,36117,11
12.9120397568,80.2289810181,36117,36127,10
12.913189888,80.229133606,36127,36137,10
12.9138803482,80.2292175293,36137,36147,10
12.9138898849,80.2292175293,36147,36157,10
12.9142103195,80.2292633057,36157,36167,10
12.9147596359,80.229347229,36167,36177,10
12.9155397415,80.2294692993,36177,36187,10
12.916560173,80.2296218872,36187,36197,10
12.9176998138,80.2297821045,36197,36208,11
12.9190101624,80.2299575806,36208,36218,10
12.9202699661,80.2301330566,36218,36228,10
12.9215297699,80.2302932739,36228,36238,10
12.9228000641,80.2304916382,36238,36248,10
12.924079895,80.2306594849,36248,36258,10
12.9252901077,80.230796814,36258,36268,10
12.9261198044,80.2308502197,36268,36278,10
12.9262104034,80.2308578491,36278,36288,10
12.9265403748,80.2309188843,36288,36299,11
12.9272499084,80.231010437,36299,36309,10
12.9280395508,80.2311019897,36309,36319,10
12.9287996292,80.2312316895,36319,36329,10
12.9296302795,80.2313919067,36329,36339,10
12.9304103851,80.2315826416,36339,36349,10
12.9313602448,80.2318725586,36349,36359,10
12.9323196411,80.2321929932,36359,36369,10
12.933259964,80.2325210571,36369,36379,10
12.9335298538,80.2326507568,36379,36390,11
12.9336099625,80.2326889038,36390,36400,10
12.9339399338,80.2328567505,36400,36410,10
12.9345998764,80.2331466675,36410,36420,10
12.9354400635,80.2335205078,36420,36430,10
12.9361600876,80.23387146,36430,36440,10
12.9370098114,80.2342910767,36440,36450,10
12.9379997253,80.2347793579,36450,36460,10
12.939040184,80.2352828979,36460,36470,10
12.9396600723,80.2355728149,36470,36481,11
12.9397296906,80.2356109619,36481,36491,10
12.9400901794,80.2357711792,36491,36501,10
12.9407997131,80.2359771729,36501,36511,10
12.9416999817,80.2361907959,36511,36521,10
12.9427204132,80.236541748,36521,36531,10
12.9435195923,80.2371826172,36531,36541,10
12.9441404343,80.2378768921,36541,36551,10
12.9449195862,80.2387313843,36551,36561,10
12.9458999634,80.2393875122,36561,36572,11
12.9469404221,80.2398071289,36572,36582,10
12.9472799301,80.2399291992,36582,36592,10
12.9475002289,80.2400283813,36592,36602,10
12.9479904175,80.2402420044,36602,36612,10
12.9485702515,80.2404785156,36612,36622,10
12.9490699768,80.2406997681,36622,36632,10
12.9497098923,80.2409210205,36632,36642,10
12.950460434,80.2411193848,36642,36652,10
12.9507598877,80.2412109375,36652,36663,11
12.9510498047,80.2413024902,36663,36673,10
12.9510698318,80.2413101196,36673,36683,10
12.9511995316,80.2413635254,36683,36693,10
12.9515695572,80.2415237427,36693,36703,10
12.9521903992,80.2417373657,36703,36713,10
12.9529695511,80.2420272827,36713,36722,9
12.9536800385,80.2423171997,36722,36733,11
12.9544200897,80.2426223755,36733,36743,10
12.9551000595,80.2428894043,36743,36754,11
12.9559402466,80.2432174683,36754,36764,10
12.9565296173,80.2434616089,36764,36774,10
12.957159996,80.2437210083,36774,36784,10
12.9579801559,80.2440719604,36784,36794,10
12.9585895538,80.2442932129,36794,36804,10
12.9588298798,80.2444000244,36804,36814,10
12.9588699341,80.244468689,36814,36824,10
12.9591398239,80.2446517944,36824,36834,10
12.959400177,80.2447814941,36834,36845,11
12.959980011,80.2450332642,36845,36855,10
12.9607095718,80.2453384399,36855,36865,10
12.961520195,80.2457122803,36865,36875,10
12.9623003006,80.2460784912,36875,36885,10
12.963139534,80.2464904785,36885,36905,20
12.963139534,80.2464904785,36905,36915,10
12.963259697,80.2465286255,36915,36925,10
12.9636697769,80.2467422485,36925,36936,11
12.9643802643,80.2470092773,36936,36946,10
12.9652099609,80.2472763062,36946,36956,10
12.9663600922,80.247718811,36956,36976,20
12.9663600922,80.247718811,36976,36986,10
12.9664802551,80.247756958,36986,36996,10
12.9667797089,80.2479171753,36996,37006,10
12.9673204422,80.2481994629,37006,37016,10
12.9681196213,80.2485427856,37016,37027,11
12.9692001343,80.2489700317,37027,37037,10
12.9702596664,80.2493896484,37037,37047,10
12.9713897705,80.2497406006,37047,37057,10
12.9725503922,80.250038147,37057,37067,10
12.9737195969,80.2503509521,37067,37077,10
12.9748697281,80.2506790161,37077,37087,10
12.9760799408,80.2510223389,37087,37097,10
12.9772396088,80.251411438,37097,37107,10
12.9779701233,80.2519683838,37107,37118,11
12.9784698486,80.252281189,37118,37128,10
12.978509903,80.2523117065,37128,37138,10
12.9785404205,80.2523422241,37138,37148,10
12.978890419,80.2525024414,37148,37158,10
12.9794502258,80.2525787354,37158,37168,10
12.979590416,80.2525863647,37168,37178,10
12.9798603058,80.2526092529,37178,37188,10
12.9804697037,80.2526092529,37188,37198,10
12.9812803268,80.2526016235,37198,37209,11
12.9824304581,80.2525634766,37209,37219,10
12.9836301804,80.2524337769,37219,37229,10
12.9848299026,80.2520904541,37229,37239,10
12.9858798981,80.2517929077,37239,37249,10
12.9864997864,80.2516403198,37249,37279,30
12.9864997864,80.2516403198,37279,37289,10
12.9865903854,80.2516021729,37289,37300,11
12.9869804382,80.2515029907,37300,37310,10
12.9873504639,80.2513885498,37310,37320,10
12.9877195358,80.2512969971,37320,37330,10
12.9883403778,80.2511520386,37330,37340,10
12.9891395569,80.2509307861,37340,37350,10
12.9893798828,80.2508621216,37350,37360,10
12.9897003174,80.250793457,37360,37370,10
12.9902896881,80.2506637573,37370,37380,10
12.9910802841,80.2504806519,37380,37391,11
12.9921197891,80.2502212524,37391,37401,10
12.9931297302,80.2499694824,37401,37411,10
12.9941596985,80.2497024536,37411,37421,10
12.9952001572,80.2494430542,37421,37431,10
12.9962797165,80.2491607666,37431,37441,10
12.9973802567,80.248878479,37441,37451,10
12.9985799789,80.2485809326,37451,37461,10
12.9997997284,80.2482833862,37461,37471,10
13.0010299683,80.2479782104,37471,37482,11
13.0022201538,80.2476882935,37482,37492,10
13.0031700134,80.2475128174,37492,37502,10
13.004240036,80.2473526001,37502,37512,10
13.0053501129,80.2471694946,37512,37522,10
13.0064296722,80.2465362549,37522,37542,20
13.0064296722,80.2465362549,37542,37552,10
13.0066003799,80.2462615967,37552,37562,10
13.0066604614,80.2457199097,37562,37572,10
13.0066604614,80.2450027466,37572,37583,11
13.0066604614,80.2441329956,37583,37593,10
13.0066404343,80.2434005737,37593,37603,10
13.0065803528,80.2425918579,37603,37613,10
13.0065698624,80.2416687012,37613,37623,10
13.0066604614,80.2408828735,37623,37633,10
13.0067100525,80.2404327393,37633,37664,31
13.0067100525,80.2404327393,37664,37674,10
13.0067100525,80.2401504517,37674,37684,10
13.0068798065,80.2395401001,37684,37694,10
13.007060051,80.2385864258,37694,37704,10
13.0073003769,80.2375335693,37704,37714,10
13.0074100494,80.2367095947,37714,37724,10
13.0074796677,80.2365112305,37724,37734,10
13.0075397491,80.2362594604,37734,37744,10
13.0076599121,80.2356796265,37744,37755,11
13.0078496933,80.2348022461,37755,37765,10
13.0080404282,80.2339019775,37765,37775,10
13.0082197189,80.2329177856,37775,37785,10
13.008480072,80.2316589355,37785,37795,10
13.0087003708,80.2303924561,37795,37805,10
13.008939743,80.2291412354,37805,37815,10
13.0092201233,80.2280273438,37815,37825,10
13.0096998215,80.2269973755,37825,37835,10
13.0101299286,80.2260818481,37835,37846,11
13.0105104446,80.2253112793,37846,37856,10
13.0106096268,80.2251205444,37856,37866,10
13.0106496811,80.2250518799,37866,37876,10
13.0108203888,80.2246627808,37876,37886,10
13.0110998154,80.2239837646,37886,37896,10
13.0113697052,80.2232894897,37896,37906,10
13.0117197037,80.2224197388,37906,37916,10
13.012049675,80.2214813232,37916,37926,10
13.0122804642,80.2213897705,37926,37937,11
13.0124597549,80.2217102051,37937,37947,10
13.012840271,80.2222213745,37947,37957,10
13.013420105,80.2228088379,37957,37967,10
13.0140104294,80.223449707,37967,37977,10
13.0144500732,80.2239074707,37977,37987,10
13.0148096085,80.2243423462,37987,38098,111
13.0148096085,80.2243423462,38098,38108,10
13.0150604248,80.2246322632,38108,38119,11
13.0150995255,80.2246780396,38119,38129,10
13.0152702332,80.224861145,38129,38139,10
13.0154104233,80.2249832153,38139,38149,10
13.0158195496,80.2252197266,38149,38159,10
13.0161895752,80.2253036499,38159,38169,10
13.0162801743,80.2253036499,38169,38179,10
13.0165395737,80.2252807617,38179,38189,10
13.0171403885,80.2250595093,38189,38199,10
13.017950058,80.2247390747,38199,38210,11
13.0189199448,80.2243423462,38210,38220,10
13.0195503235,80.2243728638,38220,38260,40
13.0195503235,80.2243728638,38260,38270,10
13.0197496414,80.224571228,38270,38280,10
13.0200300217,80.2247924805,38280,38290,10
13.0204401016,80.2250671387,38290,38301,11
13.0210199356,80.225479126,38301,38331,30
13.0212001801,80.2257232666,38331,38523,192
13.0213403702,80.2260131836,38523,39089,566
13.0213603973,80.2258682251,39089,39160,71
13.0213603973,80.2258682251,39160,39170,10
13.0215797424,80.2259368896,39170,39180,10
13.0218200684,80.2260971069,39180,39190,10
13.0221595764,80.2264022827,39190,39200,10
13.0226402283,80.2267608643,39200,39210,10
13.023150444,80.2272186279,39210,39221,11
13.0236797333,80.2276992798,39221,39231,10
13.0241098404,80.2281036377,39231,39241,10
13.024310112,80.2283172607,39241,39251,10
13.0243301392,80.2283401489,39251,39261,10
13.0243196487,80.2285614014,39261,39271,10
13.0240402222,80.2283630371,39271,39281,10
13.0237903595,80.2280426025,39281,39291,10
13.0234003067,80.2276916504,39291,39928,637
13.0234003067,80.2276916504,39928,39938,10
13.0231599808,80.2274398804,39938,39949,11
13.0229101181,80.2272109985,39949,39959,10
13.0226802826,80.2269973755,39959,39969,10
13.022600174,80.2269210815,39969,39979,10
13.0223398209,80.2266616821,39979,39989,10
13.0219202042,80.2262878418,39989,39999,10
13.0213899612,80.2258911133,39999,40009,10
13.020819664,80.225440979,40009,40019,10
13.0203895569,80.225151062,40019,40029,10
13.0200004578,80.2249221802,40029,40040,11
13.0199203491,80.2248687744,40040,40050,10
13.0197095871,80.2247314453,40050,40060,10
13.0192499161,80.2245483398,40060,40070,10
13.0185804367,80.2246170044,40070,40080,10
13.0178203583,80.2249221802,40080,40090,10
13.0169401169,80.2252731323,40090,40100,10
13.0163602829,80.2254867554,40100,40110,10
13.0157804489,80.2256774902,40110,40120,10
13.0151596069,80.2259216309,40120,40131,11
13.014749527,80.2260971069,40131,40141,10
13.0147399902,80.2261123657,40141,40151,10
13.0146503448,80.2261962891,40151,40161,10
13.0145998001,80.2262191772,40161,40171,10
13.0143995285,80.2263031006,40171,40181,10
13.0141296387,80.2263870239,40181,40191,10
13.0136604309,80.2265396118,40191,40201,10
13.0130901337,80.2267227173,40201,40211,10
13.0123996735,80.2269973755,40211,40222,11
13.0115804672,80.2273101807,40222,40232,10
13.0107402802,80.2276611328,40232,40242,10
13.0099201202,80.2280197144,40242,40252,10
13.0093002319,80.2283401489,40252,40262,10
13.0091104507,80.2288513184,40262,40272,10
13.0090303421,80.2293319702,40272,40282,10
13.0089502335,80.2297210693,40282,40292,10
13.0088300705,80.2303390503,40292,40302,10
13.0086803436,80.2311019897,40302,40313,11
13.0085201263,80.2319412231,40313,40323,10
13.0083398819,80.2328720093,40323,40333,10
13.0082902908,80.2330703735,40333,40343,10
13.0082702637,80.2334823608,40343,40353,10
13.0082101822,80.2336578369,40353,40363,10
13.0081300735,80.2339096069,40363,40373,10
13.0080404282,80.2343597412,40373,40383,10
13.0079298019,80.2349319458,40383,40393,10
13.0077896118,80.2356109619,40393,40404,11
13.0075998306,80.2366104126,40404,40414,10
13.0073795319,80.2377166748,40414,40424,10
13.0072002411,80.2387313843,40424,40434,10
13.006939888,80.2400512695,40434,40535,101
13.006939888,80.2400512695,40535,40545,10
13.0070199966,80.2402191162,40545,40555,10
13.0068502426,80.2407073975,40555,40565,10
13.0067100525,80.2414703369,40565,40575,10
13.0067195892,80.2424621582,40575,40585,10
13.0066795349,80.2435684204,40585,40596,11
13.0066795349,80.2445907593,40596,40606,10
13.0066995621,80.2455825806,40606,40616,10
13.0067396164,80.2464675903,40616,40626,10
13.0066795349,80.2474212646,40626,40666,40
13.0066795349,80.2474212646,40666,40676,10
13.006649971,80.2474975586,40676,40687,11
13.0062999725,80.2474975586,40687,40697,10
13.0060300827,80.2474899292,40697,40717,20
13.0060300827,80.2474899292,40717,40727,10
13.0057201385,80.2474365234,40727,40737,10
13.0051498413,80.247428894,40737,40747,10
13.00440979,80.2474822998,40747,40757,10
13.0034399033,80.2476119995,40757,40767,10
13.0023603439,80.2477874756,40767,40778,11
13.0011701584,80.2480926514,40778,40788,10
13.0000400543,80.2483596802,40788,40798,10
12.9990301132,80.2486190796,40798,40808,10
12.9982795715,80.2488327026,40808,40818,10
12.998000145,80.2489089966,40818,40828,10
12.9975996017,80.2489776611,40828,40838,10
12.9968700409,80.249168396,40838,40848,10
12.9959402084,80.2494277954,40848,40858,10
12.9948196411,80.2497329712,40858,40869,11
12.9933795929,80.2500762939,40869,40879,10
12.9920597076,80.2503967285,40879,40889,10
12.9910802841,80.2506637573,40889,40899,10
12.9909000397,80.2506866455,40899,40909,10
12.9905195236,80.2507781982,40909,40919,10
12.9897899628,80.2509765625,40919,40929,10
12.9889097214,80.2511978149,40929,40939,10
12.9881401062,80.251411438,40939,41040,101
12.9881401062,80.251411438,41040,41051,11
12.9878396988,80.2515029907,41051,41061,10
12.9872703552,80.2516403198,41061,41071,10
12.9864597321,80.2518463135,41071,41081,10
12.9855899811,80.2520370483,41081,41091,10
12.9846496582,80.2522964478,41091,41101,10
12.983590126,80.252571106,41101,41111,10
12.9824399948,80.2527008057,41111,41121,10
12.9813699722,80.2527236938,41121,41131,10
12.9804697037,80.2527618408,41131,41142,11
12.9801797867,80.2527999878,41142,41152,10
12.9799404144,80.2527923584,41152,41162,10
12.9795398712,80.252746582,41162,41172,10
12.9787197113,80.2526626587,41172,41192,20
12.9787197113,80.2526626587,41192,41202,10
12.9784698486,80.2524871826,41202,41212,10
12.9779195786,80.2520294189,41212,41222,10
12.977060318,80.251411438,41222,41233,11
12.9759902954,80.251083374,41233,41243,10
12.975110054,80.2508163452,41243,41253,10
12.9742698669,80.2505874634,41253,41263,10
12.973400116,80.2503585815,41263,41273,10
12.9724903107,80.2501373291,41273,41283,10
12.9714403152,80.2498703003,41283,41293,10
12.9703598022,80.2495803833,41293,41303,10
12.9692602158,80.249130249,41303,41313,10
12.968290329,80.2487487793,41313,41324,11
12.9673204422,80.248336792,41324,41334,10
12.9664697647,80.2479095459,41334,41344,10
12.9650402069,80.2473983765,41344,41364,20
12.9650402069,80.2473983765,41364,41374,10
12.9648303986,80.2472763062,41374,41384,10
12.9641895294,80.2470169067,41384,41394,10
12.9632797241,80.2466430664,41394,41404,10
12.9621896744,80.24609375,41404,41415,11
12.9607601166,80.2454071045,41415,41425,10
12.9596004486,80.2449188232,41425,41435,10
12.9592895508,80.2447891235,41435,41445,10
12.9589700699,80.2446365356,41445,41455,10
12.9582901001,80.2443389893,41455,41465,10
12.9575500488,80.2440490723,41465,41475,10
12.9568004608,80.243850708,41475,41485,10
12.9564800262,80.2437515259,41485,41526,41
12.9564800262,80.2437515259,41526,41536,10
12.9561796188,80.2436599731,41536,41546,10
12.9556703568,80.243347168,41546,41556,10
12.9549198151,80.2429428101,41556,41566,10
12.9539403915,80.2425537109,41566,41576,10
12.9527997971,80.2420806885,41576,41586,10
12.9518299103,80.2417373657,41586,41597,11
12.9516201019,80.2416763306,41597,41607,10
12.9515600204,80.2416534424,41607,41617,10
12.9511699677,80.2415084839,41617,41627,10
12.9504404068,80.2412719727,41627,41637,10
12.9494695663,80.2409667969,41637,41647,10
12.9483604431,80.2405166626,41647,41657,10
12.9473199844,80.2401123047,41657,41667,10
12.9467601776,80.239906311,41667,41677,10
12.9466400146,80.2398605347,41677,41688,11
12.9461202621,80.239616394,41688,41698,10
12.9454298019,80.2393035889,41698,41708,10
12.9447402954,80.2386779785,41708,41718,10
12.9440002441,80.2378616333,41718,41728,10
12.9432201385,80.2370376587,41728,41738,10
12.9421701431,80.2364501953,41738,41748,10
12.9410600662,80.2361831665,41748,41758,10
12.9401397705,80.2359390259,41758,41768,10
12.9398202896,80.2358322144,41768,41779,11
12.939620018,80.2357177734,41779,41789,10
12.9390602112,80.2354736328,41789,41799,10
12.9383497238,80.2351074219,41799,41809,10
12.9375200272,80.2347106934,41809,41819,10
12.9366197586,80.2342834473,41819,41829,10
12.9357204437,80.2338409424,41829,41839,10
12.9348096848,80.2334365845,41839,41849,10
12.9339799881,80.2330780029,41849,41859,10
12.9338598251,80.2329864502,41859,41870,11
12.9337797165,80.2329483032,41870,41880,10
12.9333696365,80.2327575684,41880,41890,10
12.9327001572,80.2324981689,41890,41900,10
12.9318399429,80.2322006226,41900,41910,10
12.9307699203,80.2318496704,41910,41920,10
12.9295196533,80.2315063477,41920,41930,10
12.9281997681,80.2312774658,41930,41940,10
12.9269304276,80.2311325073,41940,41950,10
12.9261798859,80.2310562134,41950,41961,11
12.926150322,80.2310714722,41961,41971,10
12.9258699417,80.2310409546,41971,41981,10
12.925359726,80.2309494019,41981,41991,10
12.9245300293,80.2308578491,41991,42001,10
12.9235696793,80.2307128906,42001,42011,10
12.922539711,80.2305679321,42011,42021,10
12.921330452,80.2303924561,42021,42031,10
12.9200601578,80.2302398682,42031,42041,10
12.9188299179,80.2300796509,42041,42052,11
12.9175395966,80.2299118042,42052,42062,10
12.9163999557,80.2297515869,42062,42072,10
12.9152898788,80.229598999,42072,42082,10
12.9142103195,80.2294387817,42082,42092,10
12.9134502411,80.2293930054,42092,42102,10
12.9132604599,80.229347229,42102,42112,10
12.9130802155,80.2292861938,42112,42122,10
12.9125204086,80.2291870117,42122,42132,10
12.9117202759,80.2291030884,42132,42143,11
12.9105997086,80.2289581299,42143,42153,10
12.9095001221,80.228767395,42153,42163,10
12.9083995819,80.2285766602,42163,42173,10
12.9072399139,80.2284317017,42173,42223,50
12.9072399139,80.2284317017,42223,42234,11
12.9068698883,80.2284393311,42234,42244,10
12.9063997269,80.2283935547,42244,42254,10
12.9058504105,80.2283477783,42254,42264,10
12.9051504135,80.2283325195,42264,42274,10
12.9043502808,80.2282714844,42274,42284,10
12.9035196304,80.2282104492,42284,42294,10
12.9025497437,80.2281417847,42294,42304,10
12.9015302658,80.2281036377,42304,42345,41
12.9015302658,80.2281036377,42345,42355,10
12.9013299942,80.2279815674,42355,42365,10
12.901140213,80.2279968262,42365,42375,10
12.9006900787,80.2279586792,42375,42385,10
12.900179863,80.2279586792,42385,42395,10
12.899769783,80.2279586792,42395,42405,10
12.8995399475,80.2279586792,42405,42416,11
12.8994598389,80.2279586792,42416,42426,10
12.8991298676,80.2279586792,42426,42436,10
12.8986101151,80.2279434204,42436,42446,10
12.8978996277,80.2278518677,42446,42456,10
12.8970003128,80.2278137207,42456,42466,10
12.895939827,80.2277603149,42466,42476,10
12.8948898315,80.2277069092,42476,42486,10
12.8938503265,80.2276535034,42486,42496,10
12.8929395676,80.2275238037,42496,42507,11
12.8920497894,80.2274398804,42507,42517,10
12.8910903931,80.2274169922,42517,42527,10
12.8900003433,80.2274169922,42527,42537,10
12.8890104294,80.2274093628,42537,42547,10
12.8880701065,80.2273712158,42547,42557,10
12.8873100281,80.2272720337,42557,42567,10
12.8864498138,80.2270889282,42567,42577,10
12.8854398727,80.2268371582,42577,42587,10
12.8850498199,80.2267837524,42587,42597,10
12.8849201202,80.2267608643,42597,42608,11
12.8843603134,80.2267379761,42608,42618,10
12.8835401535,80.2267379761,42618,42628,10
12.8825101852,80.2267379761,42628,42638,10
12.8812999725,80.2267608643,42638,42648,10
12.8799600601,80.2267608643,42648,42658,10
12.878569603,80.2268218994,42658,42668,10
12.8773403168,80.2269210815,42668,42678,10
12.8766403198,80.2269973755,42678,42688,10
12.8766202927,80.2270126343,42688,42699,11
12.8764200211,80.2270126343,42699,42709,10
12.8759002686,80.2270202637,42709,42719,10
12.8750896454,80.2269592285,42719,42729,10
12.8740797043,80.2268066406,42729,42739,10
12.8730697632,80.2267379761,42739,42749,10
12.8726596832,80.2267608643,42749,42759,10
12.8725700378,80.2267608643,42759,42769,10
12.8720998764,80.2267532349,42769,42779,10
12.8712997437,80.2267227173,42779,42790,11
12.8702802658,80.2266464233,42790,42800,10
12.8689403534,80.2264862061,42800,42810,10
12.8675603867,80.2264785767,42810,42820,10
12.8661804199,80.2266235352,42820,42830,10
12.8647699356,80.2266387939,42830,42840,10
12.8633403778,80.2265777588,42840,42850,10
12.8619604111,80.2266311646,42850,42860,10
12.8607597351,80.2266235352,42860,42870,10
12.8595399857,80.2264480591,42870,42881,11
12.8584804535,80.2263183594,42881,42891,10
12.8574800491,80.2263183594,42891,42901,10
12.8562498093,80.2264328003,42901,42911,10
12.8548297882,80.2265701294,42911,42921,10
12.8532896042,80.2267227173,42921,42931,10
12.8518695831,80.2266998291,42931,42941,10
12.8506202698,80.2266616821,42941,42951,10
12.8500900269,80.2266464233,42951,42961,10
12.8498401642,80.2266464233,42961,42972,11
12.8490695953,80.2266464233,42972,42982,10
12.8480701447,80.2266464233,42982,42992,10
12.8468103409,80.2266769409,42992,43002,10
12.8456201553,80.2266693115,43002,43022,20
12.8456201553,80.2266693115,43022,43032,10
12.8453702927,80.2266387939,43032,43042,10
12.8448200226,80.2266616821,43042,43052,10
12.8438901901,80.2267608643,43052,43063,11
12.8427696228,80.2269287109,43063,43073,10
12.8415002823,80.2272262573,43073,43083,10
12.8403501511,80.2275390625,43083,43093,10
12.8398103714,80.2276763916,43093,43123,30
12.8398103714,80.2276763916,43123,43133,10
12.8391704559,80.2278518677,43133,43143,10
12.8384199142,80.2280426025,43143,43154,11
12.8373498917,80.2282562256,43154,43164,10
12.836139679,80.2284469604,43164,43174,10
12.834859848,80.2286605835,43174,43184,10
12.8335599899,80.2288970947,43184,43194,10
12.8324298859,80.2291183472,43194,43204,10
12.8322095871,80.2291717529,43204,43214,10
12.8320398331,80.2291870117,43214,43224,10
12.8317499161,80.2292633057,43224,43234,10
12.8315601349,80.2293167114,43234,43245,11
12.8309402466,80.2294998169,43245,43255,10
12.8301401138,80.2297897339,43255,43265,10
12.829199791,80.2301483154,43265,43275,10
12.8281202316,80.2306976318,43275,43284,9
12.8270597458,80.2312393188,43284,43295,11
12.825630188,80.2314300537,43295,43305,10
12.8243103027,80.2313308716,43305,43315,10
12.8230495453,80.2309570313,43315,43325,10
12.8216600418,80.2305603027,43325,43336,11
12.8203496933,80.2304992676,43336,43346,10
12.8192100525,80.230506897,43346,43356,10
12.8181800842,80.230178833,43356,43366,10
12.8170604706,80.2296905518,43366,43376,10
12.8158197403,80.2294387817,43376,43386,10
12.8145103455,80.2292480469,43386,43396,10
12.813170433,80.2288970947,43396,43406,10
12.8118801117,80.2284393311,43406,43416,10
12.8106603622,80.2279815674,43416,43427,11
12.8094997406,80.2274703979,43427,43437,10
12.8085803986,80.2268218994,43437,43447,10
12.80768013,80.2260437012,43447,43457,10
12.8068799973,80.2253570557,43457,43467,10
12.8062496185,80.224822998,43467,43477,10
12.805560112,80.2242431641,43477,43487,10
12.8050003052,80.2240524292,43487,43518,31
12.8050003052,80.2240524292,43518,43528,10
12.8049402237,80.2240829468,43528,43538,10
12.8045902252,80.2240066528,43538,43548,10
12.8039503098,80.2239532471,43548,43558,10
12.8031196594,80.2238693237,43558,43568,10
12.802069664,80.223739624,43568,43578,10
12.8009300232,80.2236175537,43578,43588,10
12.7997303009,80.2235107422,43588,43598,10
12.7984304428,80.2233505249,43598,43609,11
12.7968597412,80.2230987549,43609,43619,10
12.7954998016,80.2228775024,43619,43629,10
12.7941799164,80.2226791382,43629,43639,10
12.7928600311,80.2224884033,43639,43649,10
12.7915802002,80.2221984863,43649,43659,10
12.7903900146,80.2219009399,43659,43669,10
12.7895002365,80.2216567993,43669,43679,10
12.7889299393,80.2214431763,43679,43689,10
12.7887601852,80.2213821411,43689,43700,11
12.7886600494,80.2213363647,43700,43710,10
12.7884902954,80.2212600708,43710,43780,70
12.7884902954,80.2212600708,43780,43791,11
12.7882404327,80.2211685181,43791,43801,10
12.7879104614,80.2210388184,43801,43821,20
12.7879104614,80.2210388184,43821,43831,10
12.7876901627,80.2209472656,43831,43851,20
12.7876901627,80.2209472656,43851,43861,10
12.787320137,80.2207794189,43861,43912,51
12.787320137,80.2207794189,43912,43922,10
12.786939621,80.2206573486,43922,43973,51
12.786939621,80.2206573486,43973,43983,10
12.7863798141,80.2204437256,43983,44013,30
12.7863798141,80.2204437256,44013,44023,10
12.7862997055,80.2204208374,44023,44033,10
12.7862195969,80.2203979492,44033,44043,10
12.7861700058,80.2206878662,44043,44074,31
12.7861700058,80.2206878662,44074,44084,10
12.7861299515,80.2209777832,44084,44094,10
12.7861404419,80.221321106,44094,44104,10
12.7861995697,80.221862793,44104,44417,313
12.7861995697,80.221862793,44417,44428,11
12.7861604691,80.2219085693,44428,44438,10
12.7861499786,80.2217102051,44438,44448,10
12.7861404419,80.2215805054,44448,44458,10
12.7861404419,80.2214126587,44458,44468,10
12.7861795425,80.2210769653,44468,44508,40
12.7861795425,80.2210769653,44508,44519,11
12.7861700058,80.2205200195,44519,44559,40
12.7861700058,80.2205200195,44559,44569,10
12.7865200043,80.2204666138,44569,44579,10
12.7866601944,80.2205200195,44579,44589,10
12.7869501114,80.2206115723,44589,44599,10
12.7874698639,80.2208023071,44599,44610,11
12.7877998352,80.2209091187,44610,44620,10
12.7880096436,80.2209777832,44620,44630,10
12.7885198593,80.2211685181,44630,44640,10
12.7892599106,80.2214736938,44640,44650,10
12.7899303436,80.2217102051,44650,44660,10
12.7907400131,80.2219085693,44660,44670,10
12.7918195724,80.2221908569,44670,44680,10
12.7931804657,80.2224502563,44680,44690,10
12.794500351,80.2226409912,44690,44701,11
12.7956399918,80.2228393555,44701,44711,10
12.7963399887,80.2229309082,44711,44721,10
12.7964401245,80.2229537964,44721,44731,10
12.7968597412,80.2230377197,44731,44741,10
12.7976703644,80.2232131958,44741,44751,10
12.7987298965,80.2233276367,44751,44761,10
12.7999601364,80.2234420776,44761,44771,10
12.8010997772,80.2235488892,44771,44781,10
12.8020095825,80.2236480713,44781,44792,11
12.8028202057,80.2237625122,44792,44802,10
12.8032903671,80.2238235474,44802,44812,10
12.8038597107,80.2238693237,44812,44822,10
12.804599762,80.2239227295,44822,44832,10
12.8050203323,80.2240066528,44832,44842,10
12.8051204681,80.224029541,44842,44852,10
12.805390358,80.2240982056,44852,44862,10
12.8056001663,80.2241973877,44862,44872,10
12.8060302734,80.2245178223,44872,44882,10
12.8067703247,80.225151062,44882,44893,11
12.807559967,80.2258377075,44893,44903,10
12.8085002899,80.2266311646,44903,44913,10
12.8093795776,80.2272872925,44913,44923,10
12.8103399277,80.2277526855,44923,44933,10
12.8114004135,80.2281799316,44933,44943,10
12.8124103546,80.2285232544,44943,44953,10
12.8135004044,80.2288894653,44953,44963,10
12.8146495819,80.2292098999,44963,44973,10
12.815990448,80.2294082642,44973,44984,11
12.8174600601,80.2297592163,44984,44994,10
12.8186302185,80.2303085327,44994,45004,10
12.8196001053,80.2304534912,45004,45014,10
12.8205404282,80.2304229736,45014,45024,10
12.8219995499,80.2305603027,45024,45033,9
12.8234100342,80.2309799194,45033,45045,12
12.8247203827,80.231300354,45045,45054,9
12.825920105,80.2313232422,45054,45066,12
12.8272600174,80.2311096191,45066,45076,10
12.8284397125,80.2304382324,45076,45086,10
12.8297300339,80.229850769,45086,45096,10
12.8308897018,80.2293777466,45096,45106,10
12.8318099976,80.2291107178,45106,45116,10
12.8328504562,80.2289123535,45116,45126,10
12.83411026,80.2287063599,45126,45136,10
12.8353900909,80.2285003662,45136,45146,10
12.836689949,80.228302002,45146,45156,10
12.8380002975,80.2280807495,45156,45167,11
12.8391399384,80.2277984619,45167,45187,20
12.8391399384,80.2277984619,45187,45197,10
12.8394298553,80.2277297974,45197,45237,40
12.8394298553,80.2277297974,45237,45247,10
12.8396997452,80.2276535034,45247,45258,11
12.8403997421,80.2274398804,45258,45268,10
12.8413496017,80.2271881104,45268,45278,10
12.8425598145,80.2269134521,45278,45288,10
12.8439502716,80.2266769409,45288,45298,10
12.8451595306,80.2265625,45298,45308,10
12.8453903198,80.2265396118,45308,45318,10
12.8454198837,80.2265472412,45318,45328,10
12.845700264,80.2265396118,45328,45349,21
12.845700264,80.2265396118,45349,45359,10
12.8458595276,80.2265319824,45359,45369,10
12.8462896347,80.2265167236,45369,45379,10
12.8470802307,80.2265090942,45379,45389,10
12.8481302261,80.2265167236,45389,45399,10
12.8493995667,80.2265167236,45399,45409,10
12.8506002426,80.2265014648,45409,45419,10
12.8508796692,80.2265014648,45419,45429,10
12.8513402939,80.2265319824,45429,45440,11
12.8522500992,80.2265777588,45440,45450,10
12.8533697128,80.226600647,45450,45460,10
12.8547000885,80.2264633179,45460,45470,10
12.8561401367,80.2263031006,45470,45480,10
12.8575801849,80.2261734009,45480,45490,10
12.8588600159,80.2261962891,45490,45500,10
12.8599901199,80.2263717651,45500,45510,10
12.8611803055,80.2265090942,45510,45520,10
12.8625001907,80.2264709473,45520,45531,11
12.8640003204,80.2264709473,45531,45541,10
12.8653802872,80.2265167236,45541,45551,10
12.8667402267,80.2264480591,45551,45561,10
12.8680696487,80.2263183594,45561,45571,10
12.8694696426,80.2263870239,45571,45581,10
12.870880127,80.2265396118,45581,45591,10
12.8722200394,80.226600647,45591,45601,10
12.8728303909,80.2265930176,45601,45611,10
12.8730201721,80.2266082764,45611,45622,11
12.8737297058,80.2266464233,45622,45632,10
12.8746500015,80.2267608643,45632,45642,10
12.8757095337,80.2268676758,45642,45652,10
12.8765602112,80.2268600464,45652,45662,10
12.8767404556,80.2268371582,45662,45672,10
12.877120018,80.2268218994,45672,45682,10
12.8778495789,80.2267608643,45682,45692,10
12.8788003922,80.2266998291,45692,45702,10
12.8799104691,80.2266616821,45702,45713,11
12.8812999725,80.2266387939,45713,45723,10
12.882610321,80.2266311646,45723,45733,10
12.8838996887,80.2266082764,45733,45743,10
12.8851299286,80.2266082764,45743,45763,20
12.8851299286,80.2266082764,45763,45773,10
12.8853702545,80.2266616821,45773,45783,10
12.8859100342,80.2267990112,45783,45793,10
12.886639595,80.2269973755,45793,45804,11
12.8875904083,80.227180481,45804,45814,10
12.8884801865,80.2272567749,45814,45824,10
12.8894996643,80.2272796631,45824,45834,10
12.8906602859,80.2272720337,45834,45844,10
12.8915901184,80.2272567749,45844,45854,10
12.89179039,80.2272567749,45854,45864,10
12.8921203613,80.2272720337,45864,45874,10
12.8927898407,80.2273406982,45874,45884,10
12.8936901093,80.2274627686,45884,45895,11
12.894780159,80.2275390625,45895,45905,10
12.8956899643,80.2275924683,45905,45915,10
12.8964195251,80.2276306152,45915,45925,10
12.8972301483,80.2276611328,45925,45935,10
12.8982601166,80.2277069092,45935,45945,10
12.8991699219,80.2277832031,45945,45955,10
12.8999004364,80.2277984619,45955,45965,10
12.9005403519,80.2278213501,45965,45975,10
12.9010601044,80.227897644,45975,45986,11
12.9013700485,80.2279281616,45986,45996,10
12.9021196365,80.2279281616,45996,46016,20
12.9021196365,80.2279281616,46016,46026,10
12.9023103714,80.2279434204,46026,46036,10
12.9028902054,80.2279586792,46036,46046,10
12.9034700394,80.2279968262,46046,46056,10
12.9037799835,80.2280426025,46056,46066,10
12.904419899,80.2280578613,46066,46077,11
12.90528965,80.2281265259,46077,46087,10
12.9058198929,80.2281265259,46087,46097,10
12.90583992,80.2281265259,46097,46107,10
12.9061203003,80.2281570435,46107,46117,10
12.9065999985,80.228187561,46117,46127,10
12.9067802429,80.2282180786,46127,46137,10
12.9069404602,80.2282409668,46137,46147,10
12.9075603485,80.2283172607,46147,46157,10
12.908490181,80.2284698486,46157,46168,11
12.9097900391,80.2286987305,46168,46178,10
12.9111404419,80.2288894653,46178,46188,10
12.9124403,80.2290725708,46188,46198,10
12.9135599136,80.2292098999,46198,46208,10
12.9139995575,80.2292633057,46208,46218,10
12.9142198563,80.2293167114,46218,46228,10
12.9147195816,80.2294006348,46228,46238,10
12.9155702591,80.2295074463,46238,46248,10
12.916680336,80.2296829224,46248,46259,11
12.918009758,80.2298812866,46259,46269,10
12.9191999435,80.2300033569,46269,46278,9
12.920419693,80.2301635742,46278,46289,11
12.9220104218,80.2303924561,46289,46299,10
12.9233999252,80.2305984497,46299,46309,10
12.9247598648,80.2307662964,46309,46319,10
12.9258003235,80.2308883667,46319,46329,10
12.926659584,80.2309799194,46329,46339,10
12.9274997711,80.231086731,46339,46350,11
12.9284296036,80.2312088013,46350,46360,10
12.9290504456,80.2313232422,46360,46370,10
12.9298400879,80.2314910889,46370,46380,10
12.9308004379,80.2317428589,46380,46390,10
12.9319000244,80.2320709229,46390,46400,10
12.9330301285,80.2324523926,46400,46410,10
12.9337902069,80.2327804565,46410,46420,10
12.933839798,80.2328109741,46420,46430,10
12.9341697693,80.2329711914,46430,46441,11
12.9349002838,80.233291626,46441,46451,10
12.9356203079,80.2336120605,46451,46461,10
12.9360904694,80.2338409424,46461,46471,10
12.936750412,80.2341537476,46471,46481,10
12.9375896454,80.2345581055,46481,46491,10
12.9386396408,80.2350921631,46491,46501,10
12.9397201538,80.2356033325,46501,46521,20
12.9397201538,80.2356033325,46521,46532,11
12.9401102066,80.235786438,46532,46542,10
12.940779686,80.2359771729,46542,46552,10
12.9416599274,80.2361907959,46552,46562,10
12.9427404404,80.2365570068,46562,46572,10
12.9437198639,80.2374191284,46572,46582,10
12.9446401596,80.2384567261,46582,46592,10
12.9456501007,80.2393035889,46592,46602,10
12.9467601776,80.2397537231,46602,46612,10
12.9472799301,80.2399597168,46612,46623,11
12.9476900101,80.2401275635,46623,46633,10
12.9482803345,80.2403793335,46633,46643,10
12.9486398697,80.2405090332,46643,46673,30
12.9486398697,80.2405090332,46673,46683,10
12.9487800598,80.240562439,46683,46693,10
12.9490404129,80.2406768799,46693,46703,10
12.9494895935,80.2408294678,46703,46714,11
12.9503297806,80.2410812378,46714,46724,10
12.9509000778,80.2412185669,46724,46734,10
12.9509801865,80.2412796021,46734,46744,10
12.9512195587,80.2413864136,46744,46753,9
12.9516801834,80.2415618896,46753,46764,11
12.9525003433,80.2418365479,46764,46774,10
12.9532604218,80.2421417236,46774,46784,10
12.9539203644,80.2423934937,46784,46794,10
12.9546499252,80.2426834106,46794,46805,11
12.9553804398,80.242980957,46805,46815,10
12.9560499191,80.2432632446,46815,46825,10
12.9561901093,80.2433166504,46825,46835,10
12.956319809,80.2433776855,46835,46845,10
12.9564599991,80.2434387207,46845,46855,10
12.9569101334,80.2436294556,46855,46865,10
12.9575796127,80.2438964844,46865,46875,10
12.9583597183,80.2442016602,46875,46885,10
12.958820343,80.2444000244,46885,46896,11
12.9589300156,80.2444610596,46896,46906,10
12.9593200684,80.2446670532,46906,46916,10
12.9599704742,80.2449417114,46916,46926,10
12.9608001709,80.2453079224,46926,46936,10
12.9617795944,80.2457885742,46936,46946,10
12.9627304077,80.2462615967,46946,46956,10
12.9632501602,80.2465133667,46956,46987,31
12.9632501602,80.2465133667,46987,46997,10
12.9636201859,80.2466812134,46997,47007,10
12.964050293,80.2468719482,47007,47017,10
12.9646100998,80.2470779419,47017,47027,10
12.9654598236,80.2473831177,47027,47037,10
12.9668397903,80.2478790283,47037,47057,20
12.9668397903,80.2478790283,47057,47067,10
12.9670801163,80.2480773926,47067,47078,11
12.9676904678,80.2483596802,47078,47088,10
12.9684200287,80.2486572266,47088,47098,10
12.9693899155,80.2490005493,47098,47108,10
12.9703998566,80.2493896484,47108,47118,10
12.9715204239,80.2497406006,47118,47128,10
12.9727802277,80.2500915527,47128,47138,10
12.9740104675,80.2504196167,47138,47148,10
12.9752702713,80.2507781982,47148,47158,10
12.9764795303,80.2510910034,47158,47169,11
12.9776096344,80.2516403198,47169,47179,10
12.9784202576,80.252243042,47179,47189,10
12.9785499573,80.2523193359,47189,47199,10
12.9789104462,80.2524795532,47199,47209,10
12.9796895981,80.2525863647,47209,47219,10
12.9803199768,80.2526092529,47219,47229,10
12.9811401367,80.2525787354,47229,47239,10
12.9821796417,80.2525634766,47239,47249,10
12.9834098816,80.252456665,47249,47260,11
12.9848804474,80.2520904541,47260,47270,10
12.9860601425,80.2517623901,47270,47280,10
12.9871196747,80.2514572144,47280,47371,91
12.9871196747,80.2514572144,47371,47381,10
12.9872598648,80.251411438,47381,47391,10
12.9876298904,80.2513122559,47391,47401,10
12.9881696701,80.2511901855,47401,47411,10
12.9889802933,80.2509994507,47411,47421,10
12.9895200729,80.2508392334,47421,47431,10
12.9897699356,80.2508087158,47431,47441,10
12.99036026,80.2506637573,47441,47451,10
12.9911603928,80.2504577637,47451,47462,11
12.9922599792,80.2501678467,47462,47472,10
12.9935102463,80.2498474121,47472,47482,10
12.9948301315,80.2495193481,47482,47492,10
12.9961204529,80.2492294312,47492,47502,10
12.9972295761,80.2489318848,47502,47512,10
12.9975404739,80.2488174438,47512,47522,10
12.997759819,80.2487564087,47522,47532,10
12.9983596802,80.2485961914,47532,47543,11
12.9993600845,80.2483596802,47543,47553,10
13.000459671,80.2480926514,47553,47563,10
13.0016403198,80.2478027344,47563,47573,10
13.002579689,80.2475814819,47573,47583,10
13.003660202,80.2473983765,47583,47593,10
13.0048599243,80.247253418,47593,47603,10
13.0058898926,80.2470626831,47603,47613,10
13.0064001083,80.2465591431,47613,47623,10
13.0064296722,80.2464981079,47623,47634,11
13.0065402985,80.2461471558,47634,47644,10
13.0066099167,80.2455215454,47644,47654,10
13.0066099167,80.244720459,47654,47664,10
13.0065803528,80.2438964844,47664,47674,10
13.0065402985,80.2431564331,47674,47684,10
13.0065402985,80.2423095703,47684,47694,10
13.0065603256,80.2413024902,47694,47704,10
13.0066699982,80.2405014038,47704,47714,10
13.0068597794,80.2396697998,47714,47725,11
13.0070400238,80.2386398315,47725,47735,10
13.0072698593,80.2375488281,47735,47744,9
13.0073604584,80.2369232178,47744,47755,11
13.0073604584,80.2368392944,47755,47765,10
13.0074596405,80.2365722656,47765,47775,10
13.0075998306,80.2360992432,47775,47785,10
13.0077295303,80.2354888916,47785,47795,10
13.007900238,80.2347106934,47795,47805,10
13.008099556,80.2337493896,47805,47816,11
13.0083703995,80.2323303223,47816,47826,10
13.0086297989,80.2308883667,47826,47836,10
13.0089197159,80.2294235229,47836,47846,10
13.00922966,80.2280502319,47846,47856,10
13.0097103119,80.2269210815,47856,47866,10
13.0101604462,80.2259597778,47866,47876,10
13.0105600357,80.2251968384,47876,47886,10
13.0107803345,80.2246170044,47886,47896,10
13.0109996796,80.224067688,47896,47907,11
13.0111103058,80.2237625122,47907,47917,10
13.0110998154,80.2236022949,47917,47927,10
13.0111904144,80.2232284546,47927,47937,10
13.0114803314,80.2225799561,47937,47947,10
13.0118198395,80.2216796875,47947,47957,10
13.012260437,80.2213973999,47957,47967,10
13.0124797821,80.2217102051,47967,47977,10
13.0129003525,80.2222671509,47977,47987,10
13.0133600235,80.2228088379,47987,47998,11
13.0141000748,80.2237167358,47998,48008,10
13.0145597458,80.2241821289,48008,48018,10
13.0149698257,80.2245178223,48018,48028,10
13.015080452,80.2246398926,48028,48038,10
13.015370369,80.2248764038,48038,48048,10
13.0155897141,80.2250823975,48048,48058,10
13.015709877,80.225189209,48058,48068,10
13.0160999298,80.2253112793,48068,48078,10
13.0166501999,80.2252426147,48078,48089,11
13.0175104141,80.2248764038,48089,48099,10
13.0184898376,80.2244796753,48099,48109,10
13.0195398331,80.2243804932,48109,48180,71
13.0195398331,80.2243804932,48180,48190,10
13.0197296143,80.2245101929,48190,48200,10
13.0200195313,80.2247314453,48200,48210,10
13.0205602646,80.2251281738,48210,48220,10
13.0212402344,80.2256393433,48220,48230,10
13.0219898224,80.2262268066,48230,48240,10
13.0226297379,80.2267303467,48240,48250,10
13.022939682,80.2270278931,48250,48271,21
13.0229902267,80.2273025513,48271,49484,1213
13.0229902267,80.2273025513,49484,49494,10
13.0232601166,80.2274932861,49494,49504,10
13.0236301422,80.2277679443,49504,49514,10
13.024020195,80.2281417847,49514,49524,10
13.0242795944,80.2283630371,49524,49534,10
13.0242900848,80.2283706665,49534,49544,10
13.0243396759,80.228553772,49544,49555,11
13.0241003036,80.2284622192,49555,49565,10
13.0238103867,80.2280807495,49565,49575,10
13.0235004425,80.2277832031,49575,49585,10
13.0233402252,80.2276077271,49585,49595,10
13.0230998993,80.2273864746,49595,49676,81
13.0229902267,80.2272796631,49676,49777,101
13.0229902267,80.2272796631,49777,49787,10
13.0228204727,80.2271728516,49787,49797,10
13.0226202011,80.2269668579,49797,49807,10
13.0225400925,80.2268600464,49807,49817,10
13.0222902298,80.2266387939,49817,49828,11
13.0221595764,80.2265396118,49828,49838,10
13.0220298767,80.2264099121,49838,49848,10
13.0218400955,80.2262268066,49848,49858,10
13.0215702057,80.226020813,49858,49868,10
13.0212402344,80.2257614136,49868,49878,10
13.0208702087,80.2254714966,49878,49888,10
13.0206699371,80.2253265381,49888,49898,10
13.0206203461,80.2253036499,49898,49908,10
13.0203895569,80.2251281738,49908,49919,11
13.0200099945,80.2248764038,49919,49929,10
13.019610405,80.2246627808,49929,49939,10
13.0190696716,80.2245178223,49939,49949,10
13.0184202194,80.2246932983,49949,49959,10
13.017780304,80.224937439,49959,49969,10
13.0171203613,80.2252120972,49969,49979,10
13.0164403915,80.2254714966,49979,49989,10
13.0157804489,80.225692749,49989,49999,10
13.0152597427,80.2259216309,49999,50010,11
13.0150604248,80.2260131836,50010,50020,10
13.0148200989,80.2260971069,50020,50030,10
13.0145397186,80.2262268066,50030,50090,60
13.0145397186,80.2262268066,50090,50101,11
13.0142803192,80.226348877,50101,50111,10
13.0138502121,80.2265090942,50111,50121,10
13.0132799149,80.2267303467,50121,50131,10
13.0126399994,80.2269821167,50131,50141,10
13.0119600296,80.2272491455,50141,50151,10
13.0112600327,80.2275238037,50151,50161,10
13.0105600357,80.2278213501,50161,50171,10
13.0098600388,80.2281036377,50171,50181,10
13.0092897415,80.2284011841,50181,50192,11
13.0091199875,80.2289581299,50192,50202,10
13.0090303421,80.2293701172,50202,50313,111
13.0090303421,80.2293701172,50313,50323,10
13.0089302063,80.2297973633,50323,50333,10
13.008769989,80.2304992676,50333,50343,10
13.0085897446,80.231338501,50343,50353,10
13.0084104538,80.2324295044,50353,50363,10
13.0082597733,80.2334365845,50363,50374,11
13.0081796646,80.2336883545,50374,50384,10
13.0081100464,80.2338180542,50384,50394,10
13.0080299377,80.2342529297,50394,50404,10
13.007900238,80.2349319458,50404,50414,10
13.0077400208,80.2358322144,50414,50424,10
13.0075101852,80.2369995117,50424,50434,10
13.0072603226,80.2382888794,50434,50444,10
13.0070495605,80.2392578125,50444,50454,10
13.0068998337,80.2400436401,50454,50525,71
13.0068998337,80.2400436401,50525,50535,10
13.0069704056,80.2403030396,50535,50545,10
13.0068597794,80.2407836914,50545,50556,11
13.0067596436,80.2416992188,50556,50566,10
13.0067195892,80.2426986694,50566,50576,10
13.0066699982,80.2435531616,50576,50586,10
13.0066604614,80.244468689,50586,50596,10
13.0066699982,80.2455062866,50596,50606,10
13.0066900253,80.2464370728,50606,50616,10
13.0066795349,80.2471923828,50616,50626,10
13.0063695908,80.2473678589,50626,50636,10
13.0061397552,80.2473983765,50636,50647,11
13.0060300827,80.2474212646,50647,50657,10
13.0055198669,80.2473831177,50657,50667,10
13.0046796799,80.2473831177,50667,50677,10
13.0036001205,80.2475509644,50677,50687,10
13.0026903152,80.2477035522,50687,50697,10
13.0019598007,80.2478866577,50697,50707,10
13.0010700226,80.2481079102,50707,50717,10
12.9999904633,80.2483901978,50717,50727,10
12.9987297058,80.2487411499,50727,50738,11
12.9981203079,80.2489013672,50738,50748,10
12.9981002808,80.2488937378,50748,50758,10
12.9977397919,80.2489776611,50758,50768,10
12.9969797134,80.2491607666,50768,50778,10
12.9959697723,80.2494277954,50778,50788,10
12.9946899414,80.249786377,50788,50798,10
12.9932403564,80.2501296997,50798,50808,10
12.9917802811,80.2504806519,50808,50818,10
12.9905195236,80.250793457,50818,50829,11
12.9892997742,80.251121521,50829,50839,10
12.9882602692,80.2514419556,50839,50930,91
12.9882602692,80.2514419556,50930,50940,10
12.9881601334,80.2515029907,50940,50950,10
12.9877796173,80.2515563965,50950,50960,10
12.987159729,80.2517089844,50960,50970,10
12.9864997864,80.2518768311,50970,50980,10
12.9857501984,80.2520217896,50980,50990,10
12.9848403931,80.2522735596,50990,51000,10
12.9838199615,80.2525405884,51000,51011,11
12.9827404022,80.2526931763,51011,51021,10
12.9818401337,80.2527084351,51021,51031,10
12.9809799194,80.2527389526,51031,51041,10
12.9802503586,80.252746582,51041,51051,10
12.9796199799,80.2527313232,51051,51061,10
12.9786996841,80.2525634766,51061,51071,10
12.9780101776,80.2521209717,51071,51081,10
12.9772195816,80.2515029907,51081,51091,10
12.9760799408,80.2510986328,51091,51102,11
12.9749898911,80.2507705688,51102,51112,10
12.9739303589,80.2504577637,51112,51122,10
12.9729099274,80.2501831055,51122,51132,10
12.9717798233,80.2498779297,51132,51142,10
12.9706602097,80.2495727539,51142,51152,10
12.9696397781,80.249168396,51152,51162,10
12.9684400558,80.2487182617,51162,51172,10
12.9672203064,80.2482223511,51172,51182,10
12.9662799835,80.2477874756,51182,51193,11
12.9653301239,80.247428894,51193,51203,10
12.9652204514,80.2473983765,51203,51213,10
12.9651298523,80.2474136353,51213,51223,10
12.964630127,80.2472229004,51223,51233,10
12.9638996124,80.246963501,51233,51243,10
12.9632196426,80.2466430664,51243,51253,10
12.9623298645,80.2461929321,51253,51263,10
12.9613399506,80.2457122803,51263,51273,10
12.9602603912,80.2452087402,51273,51283,10
12.9592695236,80.244758606,51283,51294,11
12.95814991,80.2442932129,51294,51304,10
12.9574298859,80.2440185547,51304,51314,10
12.956609726,80.2437591553,51314,51324,10
12.956199646,80.243598938,51324,51334,10
12.9556903839,80.2433395386,51334,51344,10
12.9548597336,80.2429428101,51344,51354,10
12.9539699554,80.2425765991,51354,51364,10
12.953040123,80.2421722412,51364,51374,10
12.9515895844,80.2416610718,51374,51395,21
12.9515895844,80.2416610718,51395,51405,10
12.9513702393,80.2415390015,51405,51415,10
12.950750351,80.241317749,51415,51425,10
12.949760437,80.241027832,51425,51435,10
12.9487304688,80.2406768799,51435,51445,10
12.9476604462,80.2402267456,51445,51455,10
12.9472103119,80.2400512695,51455,51465,10
12.9471197128,80.240020752,51465,51476,11
12.9465303421,80.2397766113,51476,51486,10
12.9456596375,80.2393875122,51486,51496,10
12.9447402954,80.2386474609,51496,51506,10
12.9437999725,80.2376327515,51506,51516,10
12.9428796768,80.2367477417,51516,51526,10
12.9417200089,80.236289978,51526,51536,10
12.9405202866,80.236000061,51536,51546,10
12.9394197464,80.2356033325,51546,51556,10
12.9382200241,80.2350234985,51556,51567,11
12.9367399216,80.2343215942,51567,51577,10
12.9358100891,80.23387146,51577,51587,10
12.9356803894,80.2338027954,51587,51597,10
12.9352197647,80.2335968018,51597,51607,10
12.9343795776,80.2332305908,51607,51617,10
12.9337997437,80.232963562,51617,51627,10
12.9335803986,80.2328567505,51627,51637,10
12.9329595566,80.2325820923,51637,51647,10
12.9320201874,80.2322463989,51647,51658,11
12.9307804108,80.2318572998,51658,51668,10
12.9296197891,80.2315216064,51668,51678,10
12.9285001755,80.2312927246,51678,51688,10
12.927189827,80.2311019897,51688,51698,10
12.9261703491,80.23097229,51698,51708,10
12.9254703522,80.2308731079,51708,51718,10
12.9245996475,80.2307815552,51718,51728,10
12.9235296249,80.2306518555,51728,51738,10
12.9221897125,80.2304382324,51738,51749,11
12.9204702377,80.2302017212,51749,51759,10
12.9190397263,80.2300109863,51759,51769,10
12.9176797867,80.2298431396,51769,51779,10
12.916179657,80.229637146,51779,51789,10
12.9146604538,80.2294387817,51789,51799,10
12.9135103226,80.229309082,51799,51809,10
12.9133195877,80.2293014526,51809,51819,10
12.9129896164,80.2292175293,51819,51829,10
12.912229538,80.2291183472,51829,51840,11
12.9110898972,80.2289428711,51840,51850,10
12.9097795486,80.2287368774,51850,51860,10
12.9082603455,80.2284927368,51860,51870,10
12.906829834,80.2283096313,51870,51880,10
12.9058103561,80.2282180786,51880,51890,10
12.9045696259,80.2281570435,51890,51900,10
12.9033203125,80.2281112671,51900,51910,10
12.9020204544,80.2280426025,51910,51920,10
12.9008998871,80.2279815674,51920,51931,11
12.8999700546,80.2279205322,51931,51941,10
12.8996200562,80.2279205322,51941,51951,10
12.8995895386,80.2279205322,51951,51961,10
12.8992595673,80.227897644,51961,51971,10
12.898900032,80.2278594971,51971,51981,10
12.8981704712,80.2278137207,51981,51991,10
12.8972196579,80.2277526855,51991,52001,10
12.8960399628,80.2276992798,52001,52011,10
12.8947095871,80.2276382446,52011,52022,11
12.8933801651,80.2275238037,52022,52032,10
12.8927602768,80.2274398804,52032,52042,10
12.8926801682,80.2274475098,52042,52052,10
12.8924798965,80.2274475098,52052,52062,10
12.8922195435,80.2274017334,52062,52072,10
12.8915395737,80.2273712158,52072,52082,10
12.8905496597,80.2273483276,52082,52092,10
12.8893499374,80.2273483276,52092,52102,10
12.888010025,80.2273101807,52102,52113,11
12.8866996765,80.2270965576,52113,52123,10
12.885430336,80.2267990112,52123,52133,10
12.8848304749,80.2267379761,52133,52143,10
12.8846902847,80.2267303467,52143,52153,10
12.8841295242,80.2267227173,52153,52163,10
12.8832702637,80.2267227173,52163,52173,10
12.8821697235,80.2267227173,52173,52183,10
12.8808603287,80.2267227173,52183,52193,10
12.8794202805,80.2267303467,52193,52204,11
12.8778600693,80.2268371582,52204,52214,10
12.8769102097,80.2269363403,52214,52224,10
12.8764801025,80.2269897461,52224,52244,20
12.8764801025,80.2269897461,52244,52254,10
12.8762397766,80.2270126343,52254,52264,10
12.8756198883,80.2269897461,52264,52274,10
12.8747196198,80.2268676758,52274,52284,10
12.8735904694,80.2267379761,52284,52295,11
12.8726396561,80.2267303467,52295,52305,10
12.8726196289,80.2267379761,52305,52315,10
12.8722295761,80.2267532349,52315,52325,10
12.8715000153,80.2267074585,52325,52335,10
12.8705501556,80.2266387939,52335,52345,10
12.8693599701,80.2265014648,52345,52355,10
12.8679800034,80.2264175415,52355,52365,10
12.8665399551,80.2265701294,52365,52375,10
12.8650197983,80.226600647,52375,52386,11
12.8633403778,80.2265167236,52386,52396,10
12.8618803024,80.2265625,52396,52406,10
12.8605003357,80.2265090942,52406,52416,10
12.8591604233,80.226348877,52416,52426,10
12.8585500717,80.226272583,52426,52436,10
12.8578901291,80.2262573242,52436,52446,10
12.857049942,80.2263183594,52446,52456,10
12.8559999466,80.2264175415,52456,52466,10
12.8547096252,80.2265396118,52466,52477,11
12.8531398773,80.2266769409,52477,52487,10
12.8516302109,80.2266387939,52487,52497,10
12.8501195908,80.2265930176,52497,52507,10
12.8486204147,80.2265930176,52507,52517,10
12.847120285,80.2265777588,52517,52527,10
12.845459938,80.2266235352,52527,52547,20
12.845459938,80.2266235352,52547,52557,10
12.8452596664,80.226600647,52557,52568,11
12.8446397781,80.2266616821,52568,52578,10
12.8438196182,80.2267532349,52578,52588,10
12.8428297043,80.2268981934,52588,52598,10
12.8416900635,80.2271575928,52598,52608,10
12.8406295776,80.2274398804,52608,52618,10
12.8399600983,80.2276077271,52618,52628,10
12.8395996094,80.2276992798,52628,52638,10
12.8392295837,80.2277984619,52638,52648,10
12.83852005,80.2279891968,52648,52659,11
12.8374795914,80.2282333374,52659,52669,10
12.8362903595,80.2284164429,52669,52679,10
12.8349103928,80.2286376953,52679,52689,10
12.8334903717,80.2288894653,52689,52699,10
12.8324203491,80.2291107178,52699,52709,10
12.8322696686,80.2291412354,52709,52719,10
12.8320102692,80.2291793823,52719,52729,10
12.8313999176,80.2293167114,52729,52739,10
12.8305702209,80.229598999,52739,52750,11
12.8294000626,80.2300262451,52750,52760,10
12.8282604218,80.2306137085,52760,52770,10
12.8270998001,80.2312088013,52770,52780,10
12.8258399963,80.2313613892,52780,52790,10
12.8245697021,80.2313308716,52790,52800,10
12.8233098984,80.2309875488,52800,52810,10
12.8220100403,80.2305984497,52810,52820,10
12.8207101822,80.2304534912,52820,52830,10
12.8194599152,80.2304992676,52830,52841,11
12.8189601898,80.2304992676,52841,52851,10
12.8187398911,80.2304382324,52851,52861,10
12.8181295395,80.2301330566,52861,52871,10
12.8172101974,80.2296981812,52871,52881,10
12.8159799576,80.2294311523,52881,52891,10
12.8145999908,80.2292175293,52891,52901,10
12.8132095337,80.2288589478,52901,52911,10
12.8118400574,80.2283782959,52911,52921,10
12.8104801178,80.2278594971,52921,52932,11
12.8092403412,80.2272720337,52932,52942,10
12.8082704544,80.2265167236,52942,52952,10
12.8073101044,80.2257003784,52952,52962,10
12.8065595627,80.2250213623,52962,52972,10
12.8058395386,80.2243804932,52972,52982,10
12.8051204681,80.224029541,52982,52992,10
12.804980278,80.2239990234,52992,53002,10
12.8049201965,80.2239837646,53002,53012,10
12.8045501709,80.2239227295,53012,53023,11
12.8044395447,80.2239074707,53023,53033,10
12.804189682,80.2238922119,53033,53043,10
12.8037004471,80.2238388062,53043,53053,10
12.8029403687,80.223777771,53053,53063,10
12.8019504547,80.2236633301,53063,53073,10
12.8010196686,80.2235870361,53073,53083,10
12.800860405,80.2235565186,53083,53093,10
12.8003902435,80.2235107422,53093,53103,10
12.7995996475,80.223449707,53103,53114,11
12.7984695435,80.2233428955,53114,53124,10
12.797249794,80.2231674194,53124,53134,10
12.7961196899,80.2229690552,53134,53144,10
12.7957801819,80.2229232788,53144,53154,10
12.7955102921,80.2228622437,53154,53164,10
12.7948598862,80.2227478027,53164,53174,10
12.7939596176,80.2226028442,53174,53184,10
12.7928104401,80.2224273682,53184,53194,10
12.7916097641,80.2221832275,53194,53205,11
12.790309906,80.221862793,53205,53215,10
12.7895202637,80.2216110229,53215,53225,10
12.7889499664,80.2213973999,53225,53235,10
12.7882499695,80.2210922241,53235,53245,10
12.7876396179,80.2208480835,53245,53255,10
12.7871999741,80.220703125,53255,53265,10
12.7869300842,80.2205963135,53265,53275,10
12.7865104675,80.2204284668,53275,53306,31
12.7865104675,80.2204284668,53306,53316,10
12.7862596512,80.2203063965,53316,53326,10
12.7861795425,80.2204208374,53326,53336,10
12.7861700058,80.2208099365,53336,53346,10
12.7861700058,80.221282959,53346,53356,10
12.786239624,80.2216262817,53356,53366,10
12.7862195969,80.2218704224,53366,53852,486
12.7862195969,80.2218704224,53852,53862,10
12.7863397598,80.2214889526,53862,53872,10
12.7862901688,80.2212600708,53872,53882,10
12.786239624,80.2209777832,53882,53892,10
12.7862195969,80.2207107544,53892,53932,40
12.7862195969,80.2207107544,53932,53943,11
12.7861795425,80.2203521729,53943,53953,10
12.7862195969,80.2203216553,53953,53963,10
12.7863798141,80.2203903198,53963,54003,40
12.7863798141,80.2203903198,54003,54013,10
12.786740303,80.2205200195,54013,54023,10
12.7868795395,80.2205810547,54023,54034,11
12.7873697281,80.2207489014,54034,54044,10
12.7879800797,80.2209777832,54044,54054,10
12.7887401581,80.2212600708,54054,54064,10
12.7895402908,80.2215576172,54064,54074,10
12.7902202606,80.2217636108,54074,54084,10
12.7911500931,80.2220001221,54084,54094,10
12.7922897339,80.2222900391,54094,54104,10
12.793589592,80.2225036621,54104,54114,10
12.7949399948,80.2227096558,54114,54125,11
12.796210289,80.2229232788,54125,54135,10
12.7965297699,80.2229690552,54135,54145,10
12.7968196869,80.2230224609,54145,54155,10
12.7974700928,80.22315979,54155,54165,10
12.7983102798,80.2232589722,54165,54175,10
12.7993001938,80.2233505249,54175,54185,10
12.8004798889,80.2234573364,54185,54195,10
12.8015604019,80.2235565186,54195,54205,10
12.8025999069,80.2236862183,54205,54216,11
12.8036298752,80.2238082886,54216,54226,10
12.804479599,80.2238693237,54226,54236,10
12.8052196503,80.2240066528,54236,54246,10
12.8057403564,80.2242279053,54246,54256,10
12.8062801361,80.2247009277,54256,54266,10
12.8068399429,80.2251968384,54266,54276,10
12.8074302673,80.2257232666,54276,54286,10
12.8081598282,80.2263565063,54286,54296,10
12.8089799881,80.2270278931,54296,54307,11
12.8100299835,80.2276229858,54307,54317,10
12.8111400604,80.2280578613,54317,54327,10
12.8124799728,80.2285308838,54327,54337,10
12.813949585,80.2290420532,54337,54347,10
12.8154602051,80.229309082,54347,54357,10
12.8169603348,80.2295837402,54357,54367,10
12.8182497025,80.230140686,54367,54377,10
12.8192796707,80.2304611206,54377,54387,10
12.8203601837,80.2304382324,54387,54398,11
12.8216896057,80.2304763794,54398,54408,10
12.8228597641,80.230796814,54408,54418,10
12.8240299225,80.2311019897,54418,54428,10
12.8252096176,80.231338501,54428,54438,10
12.8264799118,80.2312927246,54438,54448,10
12.8276596069,80.2309188843,54448,54458,10
12.8287496567,80.2303009033,54458,54468,10
12.8299102783,80.2297973633,54468,54478,10
12.8308095932,80.2294235229,54478,54489,11
12.8310003281,80.2293319702,54489,54499,10
12.8311300278,80.229309082,54499,54509,10
12.8315496445,80.2291870117,54509,54519,10
12.8318901062,80.2291030884,54519,54529,10
12.8324804306,80.2289733887,54529,54539,10
12.8333597183,80.2288131714,54539,54549,10
12.8344602585,80.2286071777,54549,54559,10
12.8356895447,80.2284164429,54559,54569,10
12.8369703293,80.2282333374,54569,54580,11
12.8382396698,80.2279891968,54580,54590,10
12.8393096924,80.2277297974,54590,54681,91
12.8393096924,80.2277297974,54681,54691,10
12.8397598267,80.2275924683,54691,54701,10
12.8403997421,80.2274093628,54701,54711,10
12.8412504196,80.2271881104,54711,54721,10
12.8423595428,80.2269592285,54721,54731,10
12.8435401917,80.2267303467,54731,54741,10
12.8453598022,80.2265090942,54741,54772,31
12.8453598022,80.2265090942,54772,54782,10
12.8455295563,80.2264862061,54782,54792,10
12.8457603455,80.2264709473,54792,54802,10
12.8458404541,80.2264785767,54802,54812,10
12.8462295532,80.2264785767,54812,54822,10
12.8469495773,80.2264709473,54822,54832,10
12.8479003906,80.2264709473,54832,54842,10
12.84897995,80.2264633179,54842,54853,11
12.8500299454,80.2264404297,54853,54863,10
12.8501396179,80.2264480591,54863,54873,10
12.8504199982,80.2264633179,54873,54883,10
12.8509597778,80.2264785767,54883,54893,10
12.8516798019,80.2265319824,54893,54903,10
12.8525695801,80.2265777588,54903,54913,10
12.8534402847,80.2265701294,54913,54923,10
12.8543701172,80.2264709473,54923,54933,10
12.8553495407,80.2263793945,54933,54944,11
12.8564996719,80.2262496948,54944,54954,10
12.8576402664,80.2261581421,54954,54964,10
12.858830452,80.2261810303,54964,54974,10
12.8600702286,80.2263793945,54974,54984,10
12.8607702255,80.2264633179,54984,54994,10
12.8612003326,80.2265014648,54994,55004,10
12.8619203568,80.2264709473,55004,55014,10
12.862859726,80.2264175415,55014,55024,10
12.86398983,80.2264633179,55024,55035,11
12.8652496338,80.2265014648,55035,55045,10
12.8663301468,80.2264480591,55045,55055,10
12.8674201965,80.2263412476,55055,55065,10
12.8685598373,80.2262802124,55065,55075,10
12.8697099686,80.2264328003,55075,55085,10
12.8708696365,80.2265396118,55085,55095,10
12.872759819,80.2265625,55095,55115,20
12.872759819,80.2265625,55115,55126,11
12.8730201721,80.2266082764,55126,55136,10
12.8735904694,80.2266235352,55136,55146,10
12.8744096756,80.2267074585,55146,55156,10
12.8754396439,80.2268371582,55156,55166,10
12.876449585,80.2268600464,55166,55176,10
12.8767499924,80.2268295288,55176,55186,10
12.8770799637,80.2268066406,55186,55196,10
12.8777999878,80.2267532349,55196,55206,10
12.8787603378,80.2266769409,55206,55216,10
12.8800096512,80.2266387939,55216,55227,11
12.8811998367,80.2266387939,55227,55237,10
12.882399559,80.2266387939,55237,55247,10
12.8836402893,80.2266387939,55247,55257,10
12.8847198486,80.2266082764,55257,55267,10
12.8850603104,80.226600647,55267,55277,10
12.885310173,80.2266616821,55277,55287,10
12.8858995438,80.2267913818,55287,55297,10
12.8867197037,80.2270126343,55297,55307,10
12.8877096176,80.2271881104,55307,55318,11
12.8889303207,80.2272567749,55318,55328,10
12.890130043,80.2272720337,55328,55338,10
12.8913402557,80.2272720337,55338,55348,10
12.8924798965,80.2272796631,55348,55358,10
12.8935203552,80.227432251,55358,55368,10
12.8946399689,80.2275390625,55368,55378,10
12.8957901001,80.2275924683,55378,55388,10
12.8969602585,80.2276306152,55388,55398,10
12.8982801437,80.2276992798,55398,55409,11
12.8993902206,80.2277832031,55409,55419,10
12.9003400803,80.2277984619,55419,55429,10
12.9008798599,80.2278289795,55429,55449,20
12.9008798599,80.2278289795,55449,55459,10
12.9011802673,80.2278366089,55459,55469,10
12.9016103745,80.2278594971,55469,55479,10
12.90184021,80.2278594971,55479,55489,10
12.9021596909,80.2278594971,55489,55500,11
12.9022798538,80.2278594971,55500,55510,10
12.902759552,80.2278823853,55510,55520,10
12.9034700394,80.2279281616,55520,55530,10
12.9043598175,80.228012085,55530,55540,10
12.9052696228,80.2280731201,55540,55550,10
12.9059696198,80.2281036377,55550,55591,41
12.9059696198,80.2281036377,55591,55601,10
12.9062995911,80.2280883789,55601,55611,10
12.9067897797,80.2281265259,55611,55621,10
12.9075202942,80.2282333374,55621,55631,10
12.9084796906,80.2283935547,55631,55641,10
12.9095201492,80.2285614014,55641,55651,10
12.9106302261,80.2287597656,55651,55661,10
12.9117803574,80.2289199829,55661,55671,10
12.9129104614,80.2290725708,55671,55682,11
12.9138002396,80.2291793823,55682,55692,10
12.9139204025,80.2292022705,55692,55702,10
12.9140996933,80.2292404175,55702,55712,10
12.9145298004,80.2293167114,55712,55722,10
12.9152898788,80.2294235229,55722,55732,10
12.9163103104,80.2295684814,55732,55742,10
12.9174995422,80.2297363281,55742,55752,10
12.9187402725,80.2299194336,55752,55762,10
12.9200201035,80.2300872803,55762,55773,11
12.921380043,80.2302322388,55773,55783,10
12.9224596024,80.2304229736,55783,55793,10
12.9237604141,80.2306213379,55793,55803,10
12.9251499176,80.230796814,55803,55813,10
12.9263401031,80.2309417725,55813,55823,10
12.9274902344,80.2310714722,55823,55833,10
12.9285697937,80.2312164307,55833,55843,10
12.9295396805,80.2314071655,55843,55853,10
12.9305095673,80.2316513062,55853,55864,11
12.9317598343,80.2320327759,55864,55874,10
12.9329395294,80.232421875,55874,55884,10
12.9335002899,80.2326278687,55884,55894,10
12.9335002899,80.2326431274,55894,55904,10
12.9336595535,80.2327804565,55904,55914,10
12.9341602325,80.2330093384,55914,55924,10
12.9350700378,80.2333984375,55924,55934,10
12.9361495972,80.2338867188,55934,55944,10
12.937330246,80.2344512939,55944,55955,11
12.9385995865,80.2350692749,55955,55965,10
12.9395799637,80.2355728149,55965,55975,10
12.9398002625,80.2356719971,55975,55985,10
12.9398298264,80.2356567383,55985,55995,10
12.9401903152,80.2358093262,55995,56005,10
12.9408597946,80.236000061,56005,56015,10
12.941740036,80.2361984253,56015,56025,10
12.9427499771,80.2365493774,56025,56035,10
12.9436397552,80.2372894287,56035,56046,11
12.9445695877,80.238319397,56046,56056,10
12.9454298019,80.2391586304,56056,56066,10
12.9464197159,80.2395935059,56066,56076,10
12.9471797943,80.2398910522,56076,56086,10
12.947259903,80.2399215698,56086,56096,10
12.947429657,80.2399978638,56096,56106,10
12.947930336,80.2402114868,56106,56116,10
12.9484300613,80.2404327393,56116,56126,10
12.9484796524,80.240447998,56126,56137,11
12.9487104416,80.2405395508,56137,56147,10
12.9491300583,80.2407302856,56147,56157,10
12.949760437,80.2409210205,56157,56167,10
12.9507598877,80.2412185669,56167,56187,20
12.9507598877,80.2412185669,56187,56197,10
12.9510202408,80.2413024902,56197,56207,10
12.9512901306,80.2414016724,56207,56217,10
12.9517698288,80.2415771484,56217,56228,11
12.9524898529,80.2418365479,56228,56238,10
12.9533395767,80.2421722412,56238,56248,10
12.9541397095,80.242477417,56248,56258,10
12.9548902512,80.2427825928,56258,56268,10
12.9555997849,80.2430419922,56268,56277,9
12.9563598633,80.2433013916,56277,56308,31
12.9563598633,80.2433013916,56308,56319,11
12.9568901062,80.2435073853,56319,56329,10
12.9576196671,80.2438735962,56329,56339,10
12.958439827,80.2442169189,56339,56349,10
12.9587697983,80.2443389893,56349,56359,10
12.9589300156,80.2444076538,56359,56369,10
12.9594402313,80.244682312,56369,56379,10
12.9602003098,80.2450180054,56379,56389,10
12.9611797333,80.2454833984,56389,56399,10
12.9622602463,80.2460021973,56399,56410,11
12.9632997513,80.2464981079,56410,56470,60
12.9632997513,80.2464981079,56470,56480,10
12.9636096954,80.2466506958,56480,56490,10
12.9641399384,80.246887207,56490,56501,11
12.9649200439,80.2472000122,56501,56511,10
12.965880394,80.2474975586,56511,56521,10
12.9666795731,80.2478179932,56521,56531,10
12.9670000076,80.248008728,56531,56541,10
12.9673595428,80.2482223511,56541,56551,10
12.9680995941,80.2485427856,56551,56561,10
12.9689903259,80.2488632202,56561,56571,10
12.9700498581,80.2492980957,56571,56581,10
12.9712600708,80.2497024536,56581,56592,11
12.9726104736,80.2500610352,56592,56602,10
12.9738101959,80.2503814697,56602,56612,10
12.9750099182,80.2507095337,56612,56622,10
12.9762096405,80.2510604858,56622,56632,10
12.9773101807,80.2514419556,56632,56642,10
12.9781103134,80.2520523071,56642,56652,10
12.9785604477,80.2523574829,56652,56662,10
12.9790897369,80.252532959,56662,56672,10
12.9793395996,80.2525482178,56672,56683,11
12.979590416,80.2525634766,56683,56693,10
12.9800395966,80.2525863647,56693,56703,10
12.9807500839,80.2526016235,56703,56713,10
12.9816799164,80.252571106,56713,56723,10
12.9827003479,80.2525405884,56723,56733,10
12.9837903976,80.2523880005,56733,56743,10
12.9848899841,80.2520904541,56743,56753,10
12.9857597351,80.2518386841,56753,56763,10
12.9864196777,80.251663208,56763,56774,11
12.987039566,80.2515106201,56774,56834,60
12.987039566,80.2515106201,56834,56844,10
12.9871702194,80.251449585,56844,56854,10
12.9876098633,80.2513504028,56854,56865,11
12.9882802963,80.2511978149,56865,56875,10
12.9891300201,80.2509536743,56875,56885,10
12.9901103973,80.2507629395,56885,56895,10
12.9912204742,80.25050354,56895,56905,10
12.9924402237,80.2501831055,56905,56915,10
12.9937896729,80.2498321533,56915,56925,10
12.9951400757,80.249458313,56925,56935,10
12.9963302612,80.2491607666,56935,56945,10
12.9967699051,80.2490615845,56945,56956,11
12.9971103668,80.2490081787,56956,56966,10
12.9977798462,80.2488632202,56966,56976,10
12.9986400604,80.2486190796,56976,56986,10
12.9997301102,80.2483596802,56986,56996,10
13.000869751,80.248046875,56996,57006,10
13.0018796921,80.2478027344,57006,57016,10
13.0026903152,80.2476119995,57016,57026,10
13.0036697388,80.2474517822,57026,57036,10
13.0048599243,80.2473220825,57036,57047,11
13.0060396194,80.2470016479,57047,57057,10
13.0064601898,80.2465591431,57057,57067,10
13.0065202713,80.2464599609,57067,57077,10
13.0065803528,80.2460021973,57077,57087,10
13.0066204071,80.2453384399,57087,57097,10
13.0066204071,80.2446365356,57097,57107,10
13.0066099167,80.2439804077,57107,57117,10
13.0065898895,80.2432937622,57117,57127,10
13.0065698624,80.2424621582,57127,57138,11
13.0065698624,80.2415084839,57138,57148,10
13.0066099167,80.2410125732,57148,57158,10
13.0066795349,80.2404708862,57158,57168,10
13.0068302155,80.2398376465,57168,57178,10
13.0069999695,80.2390365601,57178,57188,10
13.0071496964,80.2382202148,57188,57198,10
13.0073099136,80.237487793,57198,57208,10
13.0073604584,80.2372283936,57208,57218,10
13.0073900223,80.2370986938,57218,57229,11
13.0074596405,80.2366714478,57229,57239,10
13.0075998306,80.2360992432,57239,57249,10
13.0077495575,80.2353897095,57249,57259,10
13.0079298019,80.2344818115,57259,57269,10
13.0081596375,80.2333908081,57269,57279,10
13.0084199905,80.2321395874,57279,57289,10
13.0086698532,80.2308578491,57289,57299,10
13.008939743,80.2295684814,57299,57309,10
13.0091896057,80.2283630371,57309,57320,11
13.0096597672,80.2271499634,57320,57330,10
13.0101804733,80.2260437012,57330,57340,10
13.0106601715,80.2250900269,57340,57350,10
13.0109500885,80.2244186401,57350,57360,10
13.011179924,80.2237930298,57360,57380,20
13.011179924,80.2237930298,57380,57390,10
13.011179924,80.2236404419,57390,57400,10
13.011349678,80.2231903076,57400,57411,11
13.0116596222,80.2224273682,57411,57421,10
13.0120000839,80.2216491699,57421,57431,10
13.0123300552,80.2215576172,57431,57441,10
13.0126199722,80.2219085693,57441,57451,10
13.0131196976,80.222442627,57451,57461,10
13.0135803223,80.2230224609,57461,57471,10
13.0142202377,80.2238006592,57471,57481,10
13.0149097443,80.2245483398,57481,57491,10
13.0152902603,80.2248382568,57491,57512,21
13.0152902603,80.2248382568,57512,57522,10
13.0156297684,80.2250976563,57522,57532,10
13.0161600113,80.2252807617,57532,57542,10
13.016960144,80.2250976563,57542,57552,10
13.0178203583,80.2247619629,57552,57562,10
13.0186595917,80.2244262695,57562,57572,10
13.0195503235,80.2244033813,57572,57633,61
13.0195503235,80.2244033813,57633,57643,10
13.0198698044,80.2246627808,57643,57653,10
13.0202302933,80.2249298096,57653,57663,10
13.0207796097,80.2253265381,57663,57673,10
13.0214195251,80.2258224487,57673,57684,11
13.0222797394,80.2264785767,57684,57694,10
13.0230998993,80.2272109985,57694,57704,10
13.0237798691,80.2278137207,57704,57714,10
13.0243196487,80.2283630371,57714,57764,50
13.0243196487,80.2283630371,57764,57774,10
13.0243196487,80.2286300659,57774,57785,11
13.0240402222,80.2283630371,57785,57795,10
13.0236797333,80.2279510498,57795,57805,10
13.0231399536,80.2274398804,57805,58149,344
13.0229902267,80.2273635864,58149,58300,151
13.0231199265,80.2274398804,58300,58320,20
13.0231199265,80.2274398804,58320,58331,11
13.0229597092,80.2272415161,58331,58341,10
13.0226802826,80.2269592285,58341,58361,20
13.0226802826,80.2269592285,58361,58371,10
13.0224599838,80.2267379761,58371,58381,10
13.0221099854,80.2264633179,58381,58391,10
13.0219802856,80.2263565063,58391,58401,10
13.0218296051,80.2262191772,58401,58411,10
13.0214300156,80.2259216309,58411,58422,11
13.0211296082,80.225692749,58422,58432,10
13.0211200714,80.2256774902,58432,58442,10
13.0209197998,80.2255020142,58442,58452,10
13.0205898285,80.2252807617,58452,58462,10
13.0204601288,80.2251968384,58462,58472,10
13.0199403763,80.2248764038,58472,58492,20
13.0199403763,80.2248764038,58492,58502,10
13.0197896957,80.2247695923,58502,58513,11
13.0193195343,80.2245635986,58513,58523,10
13.0185699463,80.2246398926,58523,58533,10
13.0177402496,80.2249679565,58533,58543,10
13.0168504715,80.2253189087,58543,58553,10
13.0162296295,80.2255630493,58553,58563,10
13.0155696869,80.2257995605,58563,58573,10
13.0143604279,80.2262802124,58573,58604,31
13.0143604279,80.2262802124,58604,58614,10
13.0142002106,80.226348877,58614,58624,10
13.013759613,80.2265090942,58624,58634,10
13.0131597519,80.2267303467,58634,58644,10
13.0123996735,80.2270278931,58644,58654,10
13.0115804672,80.2273406982,58654,58664,10
13.0107498169,80.2276763916,58664,58674,10
13.0099401474,80.2279968262,58674,58684,10
13.0092897415,80.2283477783,58684,58695,11
13.0090799332,80.2291030884,58695,58705,10
13.0089197159,80.2299423218,58705,58715,10
13.0087299347,80.2309494019,58715,58725,10
13.0085201263,80.2320098877,58725,58735,10
13.0083503723,80.2329406738,58735,58745,10
13.0082798004,80.2336120605,58745,58755,10
13.0082502365,80.2336578369,58755,58765,10
13.0081701279,80.2338104248,58765,58775,10
13.008099556,80.2342681885,58775,58786,11
13.0079402924,80.2350692749,58786,58796,10
13.0077600479,80.236000061,58796,58806,10
13.0075502396,80.2370223999,58806,58816,10
13.007349968,80.2380523682,58816,58826,10
13.0071697235,80.2389831543,58826,58836,10
13.0069799423,80.2400436401,58836,58887,51
13.0069799423,80.2400436401,58887,58897,10
13.0068798065,80.2406082153,58897,58917,20
13.0068798065,80.2406082153,58917,58927,10
13.0067796707,80.2410583496,58927,58937,10
13.0067396164,80.2418212891,58937,58947,10
13.0067195892,80.2426681519,58947,58957,10
13.0066995621,80.2435684204,58957,58968,11
13.0066995621,80.244682312,58968,58978,10
13.0067195892,80.2455368042,58978,58988,10
13.0067501068,80.2462234497,58988,58998,10
13.0067596436,80.2467422485,58998,59008,10
13.0067796707,80.2470092773,59008,59018,10
13.0067396164,80.2472686768,59018,59028,10
13.0064001083,80.2473983765,59028,59038,10
13.0060796738,80.2474212646,59038,59059,21
13.0060796738,80.2474212646,59059,59069,10
13.0058202744,80.247428894,59069,59079,10
13.005279541,80.2473983765,59079,59089,10
13.0045003891,80.2474517822,59089,59099,10
13.0035200119,80.2475662231,59099,59109,10
13.0025596619,80.247718811,59109,59119,10
13.0016803741,80.2479324341,59119,59129,10
13.0005998611,80.2481994629,59129,59139,10
12.9994096756,80.2484970093,59139,59150,11
12.9982004166,80.248840332,59150,59160,10
12.9978704453,80.2489318848,59160,59170,10
12.9976797104,80.2489471436,59170,59180,10
12.9971399307,80.2490615845,59180,59190,10
12.9963598251,80.2492599487,59190,59200,10
12.9953804016,80.24949646,59200,59210,10
12.9941797256,80.2498168945,59210,59220,10
12.9928798676,80.2501373291,59220,59230,10
12.9916200638,80.2504730225,59230,59241,11
12.9904603958,80.2507629395,59241,59251,10
12.9895896912,80.2509918213,59251,59261,10
12.9893503189,80.2510528564,59261,59271,10
12.9888801575,80.251159668,59271,59281,10
12.9883804321,80.2513122559,59281,59311,30
12.9883804321,80.2513122559,59311,59321,10
12.9881801605,80.2513809204,59321,59332,11
12.9877099991,80.2514801025,59332,59342,10
12.9870595932,80.251663208,59342,59352,10
12.9863796234,80.2518386841,59352,59362,10
12.9855699539,80.2520370483,59362,59372,10
12.9845695496,80.2523117065,59372,59382,10
12.9834403992,80.2525787354,59382,59392,10
12.9823503494,80.2526931763,59392,59402,10
12.9813299179,80.2527084351,59402,59412,10
12.9804401398,80.252746582,59412,59423,11
12.9795503616,80.2527084351,59423,59433,10
12.9787998199,80.2526397705,59433,59443,10
12.9786596298,80.2526168823,59443,59453,10
12.9784097672,80.2524795532,59453,59463,10
12.9778404236,80.2520217896,59463,59473,10
12.9770097733,80.2514266968,59473,59483,10
12.975859642,80.251083374,59483,59493,10
12.9745702744,80.2506866455,59493,59503,10
12.9731998444,80.2503204346,59503,59514,11
12.9716701508,80.2499237061,59514,59524,10
12.9702596664,80.24949646,59524,59533,9
12.9691095352,80.2490386963,59533,59544,11
12.9678602219,80.2485275269,59544,59554,10
12.9668998718,80.2481231689,59554,59564,10
12.9661302567,80.2477874756,59564,59574,10
12.9653501511,80.2474899292,59574,59584,10
12.965259552,80.2474594116,59584,59594,10
12.9649801254,80.2473678589,59594,59605,11
12.964220047,80.2470932007,59605,59615,10
12.9633703232,80.2467193604,59615,59625,10
12.9623403549,80.2462081909,59625,59635,10
12.961139679,80.2456207275,59635,59645,10
12.9599199295,80.2451019287,59645,59655,10
12.9593801498,80.2448806763,59655,59665,10
12.9593400955,80.2448577881,59665,59675,10
12.9590196609,80.2446899414,59675,59685,10
12.9583702087,80.2444000244,59685,59696,11
12.9575996399,80.2440872192,59696,59706,10
12.9567804337,80.2438201904,59706,59857,151
12.9567804337,80.2438201904,59857,59867,10
12.9564399719,80.2436981201,59867,59898,31
12.9564399719,80.2436981201,59898,59908,10
12.9560203552,80.243560791,59908,59918,10
12.9554100037,80.2432327271,59918,59928,10
12.9545898438,80.2428436279,59928,59938,10
12.9535703659,80.242401123,59938,59948,10
12.9523696899,80.2419433594,59948,59958,10
12.9517002106,80.2417221069,59958,59968,10
12.9516897202,80.2417221069,59968,59979,11
12.9516000748,80.2416763306,59979,59989,10
12.9511299133,80.2415237427,59989,59999,10
12.9503097534,80.2412719727,59999,60009,10
12.9492902756,80.2409515381,60009,60019,10
12.9482803345,80.2405319214,60019,60029,10
12.9473800659,80.2401275635,60029,60039,10
12.9470996857,80.2400436401,60039,60049,10
12.946969986,80.2399902344,60049,60059,10
12.9464502335,80.2397689819,60059,60070,11
12.9455499649,80.2393798828,60070,60080,10
12.944729805,80.2386703491,60080,60090,10
12.9438400269,80.2376708984,60090,60100,10
12.9427404404,80.2366790771,60100,60110,10
12.9415197372,80.2362594604,60110,60120,10
12.9398603439,80.2358474731,60120,60140,20
12.9398603439,80.2358474731,60140,60150,10
12.9397802353,80.2358093262,60150,60161,11
12.9395999908,80.2357406616,60161,60171,10
12.9390602112,80.2354812622,60171,60181,10
12.9381999969,80.2350463867,60181,60191,10
12.9371299744,80.2345199585,60191,60201,10
12.9358701706,80.2339172363,60201,60211,10
12.9346399307,80.2333679199,60211,60221,10
12.934009552,80.2330780029,60221,60241,20
12.934009552,80.2330780029,60241,60252,11
12.9336500168,80.2328872681,60252,60262,10
12.9329795837,80.2325973511,60262,60272,10
12.932100296,80.2322921753,60272,60282,10
12.9309797287,80.231918335,60282,60292,10
12.9298601151,80.2316131592,60292,60302,10
12.9291200638,80.2314682007,60302,60312,10
12.9290304184,80.2314605713,60312,60322,10
12.928609848,80.2313766479,60322,60332,10
12.9278001785,80.231262207,60332,60343,11
12.9266195297,80.2311172485,60343,60353,10
12.9254703522,80.2309799194,60353,60363,10
12.9241800308,80.230796814,60363,60373,10
12.9227800369,80.2305984497,60373,60383,10
12.9213199615,80.2303771973,60383,60393,10
12.9198303223,80.2302017212,60393,60403,10
12.9183998108,80.2300415039,60403,60413,10
12.9170198441,80.2298431396,60413,60423,10
12.9157896042,80.2296676636,60423,60434,11
12.9147100449,80.2294998169,60434,60444,10
12.9136400223,80.2294006348,60444,60454,10
12.9133396149,80.2293701172,60454,60464,10
12.9132204056,80.229347229,60464,60474,10
12.9126796722,80.2292633057,60474,60484,10
12.9118404388,80.2291412354,60484,60494,10
12.910779953,80.2289962769,60494,60504,10
12.909529686,80.2287902832,60504,60514,10
12.9083499908,80.2285919189,60514,60525,11
12.9073495865,80.2284469604,60525,60565,40
12.9073495865,80.2284469604,60565,60575,10
12.9070596695,80.2284164429,60575,60585,10
12.9065504074,80.2283630371,60585,60595,10
12.9057798386,80.228302002,60595,60605,10
12.9047899246,80.2282409668,60605,60616,11
12.9037799835,80.2281723022,60616,60626,10
12.9028596878,80.2281188965,60626,60636,10
12.9018602371,80.2280578613,60636,60646,10
12.9011001587,80.2280426025,60646,60656,10
12.9005403519,80.2279968262,60656,60666,10
12.900179863,80.2279891968,60666,60676,10
12.8997898102,80.2279586792,60676,60686,10
12.8993301392,80.2279586792,60686,60707,21
12.8993301392,80.2279586792,60707,60717,10
12.8991804123,80.2279510498,60717,60727,10
12.8987703323,80.227897644,60727,60737,10
12.8981199265,80.2278671265,60737,60747,10
12.8973197937,80.2278213501,60747,60757,10
12.8963298798,80.2277832031,60757,60767,10
12.8951997757,80.227722168,60767,60777,10
12.894080162,80.2276535034,60777,60787,10
12.8929195404,80.2275238037,60787,60798,11
12.8917198181,80.2274169922,60798,60808,10
12.8904800415,80.2274017334,60808,60818,10
12.8892698288,80.2273864746,60818,60828,10
12.8881998062,80.2273635864,60828,60838,10
12.8873300552,80.2272567749,60838,60848,10
12.8863401413,80.2270278931,60848,60858,10
12.8852996826,80.2267990112,60858,60868,10
12.8844604492,80.2267303467,60868,60878,10
12.8834199905,80.2267379761,60878,60889,11
12.8820400238,80.2267532349,60889,60899,10
12.8806200027,80.2267608643,60899,60909,10
12.8790798187,80.2267913818,60909,60919,10
12.8775501251,80.2268981934,60919,60929,10
12.876540184,80.2270202637,60929,60939,10
12.876449585,80.2270202637,60939,60949,10
12.8763198853,80.2270278931,60949,60959,10
12.8758001328,80.2270431519,60959,60969,10
12.8750095367,80.2269592285,60969,60980,11
12.8739004135,80.2268218994,60980,60990,10
12.8725795746,80.2267684937,60990,61010,20
12.8725795746,80.2267684937,61010,61020,10
12.8724298477,80.2267837524,61020,61030,10
12.8718795776,80.2267608643,61030,61040,10
12.8710403442,80.2267227173,61040,61050,10
12.8700304031,80.2266235352,61050,61060,10
12.8688097,80.2264633179,61060,61071,11
12.8672800064,80.2265319824,61071,61081,10
12.8657999039,80.2266464233,61081,61090,9
12.8644199371,80.2266387939,61090,61101,11
12.8627099991,80.226600647,61101,61111,10
12.8615198135,80.2266616821,61111,61121,10
12.8611001968,80.2266387939,61121,61131,10
12.8608598709,80.2266311646,61131,61141,10
12.8602199554,80.2265625,61141,61151,10
12.8593597412,80.2264404297,61151,61162,11
12.8586902618,80.2263565063,61162,61172,10
12.8580598831,80.2263183594,61172,61182,10
12.8572397232,80.2263565063,61182,61192,10
12.8562602997,80.2264480591,61192,61202,10
12.8550901413,80.2265625,61202,61212,10
12.8537797928,80.2266998291,61212,61222,10
12.8524303436,80.2267379761,61222,61232,10
12.8510799408,80.2266693115,61232,61242,10
12.8501796722,80.2266464233,61242,61253,11
12.8500204086,80.2266464233,61253,61263,10
12.8494501114,80.2266387939,61263,61273,10
12.8485603333,80.2266387939,61273,61283,10
12.847410202,80.2266387939,61283,61293,10
12.8461503983,80.2266387939,61293,61303,10
12.845199585,80.2266616821,61303,61333,30
12.845199585,80.2266616821,61333,61344,11
12.8447904587,80.2266769409,61344,61354,10
12.8441095352,80.2267379761,61354,61364,10
12.8432197571,80.2268676758,61364,61374,10
12.8421297073,80.2270889282,61374,61384,10
12.840959549,80.2273864746,61384,61394,10
12.8401699066,80.2275924683,61394,61404,10
12.8397798538,80.2276687622,61404,61414,10
12.8396997452,80.2276916504,61414,61424,10
12.83934021,80.2277984619,61424,61435,11
12.8385696411,80.2279968262,61435,61445,10
12.8376102448,80.2282104492,61445,61455,10
12.8363895416,80.2284393311,61455,61465,10
12.8350200653,80.2286682129,61465,61475,10
12.8336400986,80.2289199829,61475,61485,10
12.8325395584,80.229133606,61485,61495,10
12.8323202133,80.2291717529,61495,61505,10
12.8319196701,80.2292404175,61505,61515,10
12.8311300278,80.2294235229,61515,61526,11
12.8299798965,80.229850769,61526,61536,10
12.8287696838,80.2303619385,61536,61546,10
12.8275403976,80.2310562134,61546,61556,10
12.8262395859,80.2313919067,61556,61566,10
12.8248996735,80.2314300537,61566,61576,10
12.8236598969,80.2311401367,61576,61586,10
12.8223800659,80.2307434082,61586,61596,10
12.8210601807,80.2304992676,61596,61606,10
12.8198404312,80.2305221558,61606,61617,11
12.8190698624,80.2305374146,61617,61627,10
12.8190498352,80.2305297852,61627,61637,10
12.8186397552,80.2303771973,61637,61647,10
12.817899704,80.2300262451,61647,61657,10
12.816860199,80.2296218872,61657,61667,10
12.8154802322,80.2293777466,61667,61677,10
12.81387043,80.2291030884,61677,61687,10
12.8122396469,80.2285614014,61687,61697,10
12.8106603622,80.2279586792,61697,61707,10
12.8094701767,80.2274398804,61707,61718,11
12.8083400726,80.2266082764,61718,61728,10
12.8072500229,80.2256774902,61728,61738,10
12.8064203262,80.224937439,61738,61748,10
12.805560112,80.2241973877,61748,61758,10
12.8049602509,80.2240066528,61758,61768,10
12.8049602509,80.2240219116,61768,61778,10
12.8048400879,80.223991394,61778,61788,10
12.8043003082,80.2239379883,61788,61799,11
12.8034000397,80.2238616943,61799,61809,10
12.8023796082,80.223739624,61809,61819,10
12.8012399673,80.2236328125,61819,61829,10
12.8004598618,80.2235565186,61829,61839,10
12.8001499176,80.2235336304,61839,61849,10
12.7994604111,80.2234725952,61849,61859,10
12.798500061,80.2233734131,61859,61869,10
12.7972898483,80.2232208252,61869,61879,10
12.7961397171,80.2229919434,61879,61890,11
12.7947998047,80.2227478027,61890,61900,10
12.7934703827,80.2225494385,61900,61910,10
12.7921199799,80.2223129272,61910,61920,10
12.7907896042,80.2219924927,61920,61930,10
12.7896299362,80.2216796875,61930,61940,10
12.7889204025,80.2214202881,61940,61950,10
12.7882404327,80.2211608887,61950,61970,20
12.7882404327,80.2211608887,61970,61980,10
12.7881002426,80.2211074829,61980,61991,11
12.7878103256,80.2210006714,61991,62001,10
12.787560463,80.2209014893,62001,62011,10
12.7872896194,80.2207870483,62011,62102,91
12.7869195938,80.2206726074,62102,62122,20
12.7869195938,80.2206726074,62122,62132,10
12.7866897583,80.2205581665,62132,62193,61
12.7866897583,80.2205581665,62193,62203,10
12.7862300873,80.2203903198,62203,62223,20
12.7862300873,80.2203903198,62223,62233,10
12.7861795425,80.2207794189,62233,62264,31
12.7861795425,80.2207794189,62264,62274,10
12.7861995697,80.2211074829,62274,62284,10
12.7862100601,80.2215499878,62284,62294,10
12.786239624,80.2219161987,62294,63356,1062
12.786239624,80.2219161987,63356,63366,10
12.7862100601,80.2215194702,63366,63376,10
12.7861700058,80.2210235596,63376,63447,71
12.786190033,80.2206268311,63447,63477,30
12.786190033,80.2206268311,63477,63487,10
12.7862901688,80.2203826904,63487,63497,10
12.7866001129,80.2204818726,63497,63517,20
12.7866001129,80.2204818726,63517,63527,10
12.7866897583,80.2205581665,63527,63538,11
12.7870597839,80.220703125,63538,63548,10
12.7876701355,80.220916748,63548,63558,10
12.7883701324,80.2211990356,63558,63568,10
12.7892303467,80.2215194702,63568,63578,10
12.7898702621,80.2217636108,63578,63588,10
12.7905597687,80.2219314575,63588,63598,10
12.7915000916,80.2221603394,63598,63608,10
12.7927103043,80.2224273682,63608,63618,10
12.7940502167,80.2226333618,63618,63629,11
12.7955904007,80.2228775024,63629,63639,10
12.7963600159,80.2229919434,63639,63649,10
12.7964296341,80.2230072021,63649,63659,10
12.7968902588,80.2231216431,63659,63669,10
12.7976503372,80.2232589722,63669,63679,10
12.7985601425,80.2233581543,63679,63689,10
12.7996196747,80.223449707,63689,63699,10
12.8008499146,80.2235412598,63699,63709,10
12.8014802933,80.2235870361,63709,63720,11
12.8014802933,80.2236022949,63720,63730,10
12.8016796112,80.2236862183,63730,63740,10
12.8023099899,80.2237625122,63740,63750,10
12.8031597137,80.2238693237,63750,63760,10
12.8042001724,80.2239379883,63760,63770,10
12.8051300049,80.224067688,63770,63780,10
12.8055295944,80.2241592407,63780,63790,10
12.8055400848,80.2241592407,63790,63800,10
12.8056001663,80.2241821289,63800,63811,11
12.8059997559,80.2244873047,63811,63821,10
12.8066396713,80.2250595093,63821,63831,10
12.8074302673,80.2257385254,63831,63841,10
12.8083000183,80.2264709473,63841,63851,10
12.8092699051,80.2272491455,63851,63861,10
12.8102397919,80.2277374268,63861,63871,10
12.8113603592,80.2282104492,63871,63881,10
12.8127098083,80.2286911011,63881,63891,10
12.8141298294,80.2291412354,63891,63902,11
12.8157501221,80.2294235229,63902,63912,10
12.8171596527,80.2296829224,63912,63922,10
12.818400383,80.2302322388,63922,63932,10
12.8194103241,80.2304916382,63932,63942,10
12.8196601868,80.2304611206,63942,63952,10
12.8198003769,80.2304611206,63952,63962,10
12.820400238,80.2304382324,63962,63972,10
12.8213300705,80.2304611206,63972,63982,10
12.8225002289,80.23072052,63982,63993,11
12.8239603043,80.2311325073,63993,64003,10
12.8252496719,80.2313995361,64003,64013,10
12.8266296387,80.2313232422,64013,64023,10
12.8279399872,80.2308120728,64023,64032,9
12.8290700912,80.2302017212,64032,64043,11
12.8304595947,80.2296218872,64043,64053,10
12.8310804367,80.2293395996,64053,64063,10
12.8315200806,80.2291793823,64063,64104,41
12.8315200806,80.2291793823,64104,64114,10
12.8317403793,80.2291412354,64114,64124,10
12.8323001862,80.2290420532,64124,64134,10
12.8331699371,80.2288970947,64134,64144,10
12.834280014,80.2286911011,64144,64154,10
12.835559845,80.228477478,64154,64164,10
12.8369102478,80.2282791138,64164,64175,11
12.8382396698,80.2280273438,64175,64185,10
12.8391895294,80.2277908325,64185,64286,101
12.8391895294,80.2277908325,64286,64296,10
12.8397397995,80.2276535034,64296,64306,10
12.8402900696,80.2274780273,64306,64316,10
12.8410797119,80.2272720337,64316,64326,10
12.842089653,80.2270202637,64326,64336,10
12.8433303833,80.2267913818,64336,64346,10
12.8453197479,80.2265625,64346,64377,31
12.8453197479,80.2265625,64377,64387,10
12.845410347,80.2265625,64387,64397,10
12.8456697464,80.2265396118,64397,64407,10
12.8458404541,80.2265396118,64407,64417,10
12.8464002609,80.2265396118,64417,64427,10
12.8472795486,80.2265396118,64427,64437,10
12.8482704163,80.2265396118,64437,64448,11
12.8493795395,80.2265396118,64448,64458,10
12.8500995636,80.2265167236,64458,64468,10
12.8501300812,80.2265167236,64468,64478,10
12.8501796722,80.2265319824,64478,64488,10
12.8504295349,80.2265396118,64488,64498,10
12.8508701324,80.2265319824,64498,64508,10
12.8514499664,80.2265625,64508,64518,10
12.8520803452,80.226600647,64518,64528,10
12.8527898788,80.2266311646,64528,64539,11
12.8534603119,80.2266235352,64539,64549,10
12.8539400101,80.2265701294,64549,64559,10
12.8543195724,80.2265319824,64559,64660,101
12.8543195724,80.2265319824,64660,64670,10
12.8544902802,80.2264862061,64670,64680,10
12.8549499512,80.2264404297,64680,64690,10
12.8556699753,80.2263793945,64690,64700,10
12.8565502167,80.2263031006,64700,64710,10
12.8575401306,80.2262115479,64710,64720,10
12.8584403992,80.2262191772,64720,64731,11
12.8592700958,80.2263183594,64731,64741,10
12.8605604172,80.2264862061,64741,64761,20
12.8605604172,80.2264862061,64761,64771,10
12.8607797623,80.2265396118,64771,64781,10
12.8613195419,80.2265625,64781,64791,10
12.8621997833,80.2265472412,64791,64801,10
12.8633098602,80.2265090942,64801,64811,10
12.8646497726,80.2265625,64811,64822,11
12.8661899567,80.2265625,64822,64832,10
12.8674602509,80.2264404297,64832,64842,10
12.8688697815,80.2264022827,64842,64852,10
12.8703298569,80.2265701294,64852,64862,10
12.8717298508,80.2266616821,64862,64872,10
12.8726396561,80.2266464233,64872,64882,10
12.8727798462,80.2266387939,64882,64892,10
12.8729200363,80.2266693115,64892,64902,10
12.8734502792,80.2266769409,64902,64913,11
12.8743095398,80.2267608643,64913,64923,10
12.8753900528,80.2268981934,64923,64933,10
12.8763999939,80.2269210815,64933,64943,10
12.8767004013,80.2268981934,64943,64953,10
12.8769102097,80.2268981934,64953,64963,10
12.8775100708,80.2268600464,64963,64973,10
12.8784303665,80.2267913818,64973,64983,10
12.8795795441,80.2267303467,64983,64993,10
12.8810901642,80.2267227173,64993,65004,11
12.8825597763,80.2267074585,65004,65014,10
12.8839597702,80.2266921997,65014,65024,10
12.8850603104,80.2266769409,65024,65034,10
12.8852396011,80.2266921997,65034,65044,10
12.8856801987,80.2267913818,65044,65054,10
12.8864097595,80.2269897461,65054,65064,10
12.8873796463,80.2272033691,65064,65074,10
12.888469696,80.2273101807,65074,65084,10
12.8897600174,80.2273178101,65084,65095,11
12.8911399841,80.2273101807,65095,65105,10
12.8922395706,80.2273330688,65105,65115,10
12.8932695389,80.2274398804,65115,65125,10
12.8942403793,80.2275619507,65125,65135,10
12.8953504562,80.2276229858,65135,65145,10
12.8966197968,80.2276763916,65145,65155,10
12.8978099823,80.2277374268,65155,65165,10
12.898900032,80.2277984619,65165,65175,10
12.8998203278,80.2278518677,65175,65186,11
12.9007301331,80.227897644,65186,65287,101
12.9007301331,80.227897644,65287,65297,10
12.9010000229,80.2279663086,65297,65307,10
12.9016895294,80.2279891968,65307,65317,10
12.9025602341,80.2279968262,65317,65327,10
12.9032802582,80.2279815674,65327,65337,10
12.903380394,80.2279891968,65337,65347,10
12.9036102295,80.2279968262,65347,65357,10
12.9042196274,80.2280578613,65357,65368,11
12.9051504135,80.2281112671,65368,65377,9
12.9060297012,80.2281723022,65377,65388,11
12.9068202972,80.2282333374,65388,65398,10
12.9075698853,80.2283325195,65398,65408,10
12.9081001282,80.2283935547,65408,65418,10
12.9084196091,80.2284622192,65418,65428,10
12.9091501236,80.2285919189,65428,65438,10
12.9101400375,80.2287597656,65438,65448,10
12.9113397598,80.2289428711,65448,65459,11
12.9127197266,80.229133606,65459,65469,10
12.9137401581,80.2292480469,65469,65479,10
12.9138803482,80.2292633057,65479,65489,10
12.9141798019,80.2293395996,65489,65499,10
12.9148597717,80.2294235229,65499,65509,10
12.9157800674,80.2295837402,65509,65519,10
12.9169502258,80.2297515869,65519,65529,10
12.9182500839,80.2299194336,65529,65539,10
12.9195604324,80.2300872803,65539,65550,11
12.9211196899,80.2302780151,65550,65560,10
12.9225502014,80.2304916382,65560,65570,10
12.9239797592,80.230682373,65570,65580,10
12.9254102707,80.2308731079,65580,65590,10
12.9267101288,80.231010437,65590,65600,10
12.9270200729,80.231048584,65600,65610,10
12.9272603989,80.2310714722,65610,65620,10
12.9279203415,80.2311630249,65620,65630,10
12.928850174,80.2313079834,65630,65641,11
12.9301204681,80.2315826416,65641,65651,10
12.9313802719,80.2319412231,65651,65661,10
12.9325895309,80.2323303223,65661,65671,10
12.9334697723,80.2326507568,65671,65681,10
12.9336204529,80.2327270508,65681,65691,10
12.9339504242,80.2329025269,65691,65701,10
12.9345798492,80.2331924438,65701,65711,10
12.9354200363,80.2335510254,65711,65721,10
12.9363203049,80.2340011597,65721,65732,11
12.9374103546,80.2345275879,65732,65742,10
12.9385700226,80.2351074219,65742,65752,10
12.9395704269,80.2356033325,65752,65762,10
12.9397001266,80.2356567383,65762,65772,10
12.939789772,80.2357177734,65772,65782,10
12.9402399063,80.2359237671,65782,65792,10
12.9409999847,80.2361068726,65792,65802,10
12.9419403076,80.2363433838,65802,65812,10
12.9429998398,80.2367935181,65812,65823,11
12.9440002441,80.2377624512,65823,65833,10
12.9449195862,80.2387619019,65833,65843,10
12.9459600449,80.2394714355,65843,65853,10
12.9469804764,80.2398834229,65853,65863,10
12.9471797943,80.2399520874,65863,65873,10
12.9473800659,80.2400512695,65873,65883,10
12.9479198456,80.2402877808,65883,65893,10
12.9485197067,80.2405319214,65893,65903,10
12.9489402771,80.2407073975,65903,65914,11
12.949549675,80.2409362793,65914,65924,10
12.9508199692,80.2412796021,65924,65944,20
12.9508199692,80.2412796021,65944,65954,10
12.9511098862,80.2414093018,65954,65964,10
12.9517202377,80.2416381836,65964,65974,10
12.9525003433,80.2419204712,65974,65984,10
12.9533596039,80.2422714233,65984,65994,10
12.9542303085,80.2426223755,65994,66005,11
12.9550600052,80.2429428101,66005,66015,10
12.9558200836,80.2431716919,66015,66025,10
12.9562597275,80.243309021,66025,66035,10
12.9562797546,80.243309021,66035,66045,10
12.9567403793,80.2435302734,66045,66055,10
12.9573001862,80.243812561,66055,66065,10
12.9580402374,80.2441177368,66065,66075,10
12.958609581,80.2443618774,66075,66085,10
12.9586200714,80.2443695068,66085,66096,11
12.9587497711,80.244430542,66096,66106,10
12.9591598511,80.2446212769,66106,66116,10
12.9598703384,80.2449417114,66116,66126,10
12.9606704712,80.2453231812,66126,66136,10
12.9614896774,80.2457122803,66136,66146,10
12.9623403549,80.2461166382,66146,66156,10
12.9631004333,80.2465286255,66156,66187,31
12.9631004333,80.2465286255,66187,66197,10
12.9631500244,80.2466125488,66197,66207,10
12.9634304047,80.2467422485,66207,66217,10
12.96393013,80.246963501,66217,66227,10
12.9645996094,80.247177124,66227,66237,10
12.9654302597,80.247428894,66237,66247,10
12.9662904739,80.2477493286,66247,66267,20
12.9662904739,80.2477493286,66267,66278,11
12.9665803909,80.2478485107,66278,66288,10
12.9671201706,80.2481231689,66288,66298,10
12.9678697586,80.2484588623,66298,66308,10
12.9686899185,80.2488021851,66308,66318,10
12.9694595337,80.2490997314,66318,66328,10
12.9702701569,80.2494277954,66328,66338,10
12.9711303711,80.2497177124,66338,66348,10
12.9721899033,80.25,66348,66358,10
12.9733104706,80.2502975464,66358,66369,11
12.9745597839,80.2506332397,66369,66379,10
12.9756402969,80.2509536743,66379,66389,10
12.9767999649,80.2512664795,66389,66399,10
12.9777297974,80.2517776489,66399,66409,10
12.9783000946,80.252243042,66409,66419,10
12.9783296585,80.2522583008,66419,66429,10
12.9784002304,80.2523193359,66429,66439,10
12.9787597656,80.2525177002,66439,66449,10
12.9793996811,80.2526321411,66449,66460,11
12.9799900055,80.2526702881,66460,66470,10
12.9804897308,80.2526626587,66470,66480,10
12.9811000824,80.2526473999,66480,66490,10
12.9819402695,80.2526321411,66490,66500,10
12.9829397202,80.2525787354,66500,66510,10
12.9838895798,80.2524032593,66510,66520,10
12.9848203659,80.2521514893,66520,66530,10
12.9857196808,80.2518997192,66530,66540,10
12.986289978,80.2517623901,66540,66551,11
12.9868001938,80.2516098022,66551,66611,60
12.9868001938,80.2516098022,66611,66621,10
12.9870595932,80.2515182495,66621,66631,10
12.9874000549,80.2514190674,66631,66642,11
12.987739563,80.2513427734,66642,66652,10
12.9882802963,80.2512207031,66652,66661,9
12.9889698029,80.2510528564,66661,66672,11
12.9896202087,80.2508773804,66672,66682,10
12.9898099899,80.2508392334,66682,66691,9
12.9902601242,80.2507400513,66691,66702,11
12.9911203384,80.2505111694,66702,66712,10
12.9920196533,80.2503128052,66712,66722,10
12.9930496216,80.2500610352,66722,66733,11
12.9944200516,80.2497329712,66733,66743,10
12.9955596924,80.2494430542,66743,66753,10
12.996919632,80.2490921021,66753,66763,10
12.9982404709,80.2487792969,66763,66773,10
12.9996204376,80.2484588623,66773,66783,10
13.0010204315,80.2480926514,66783,66793,10
13.0022201538,80.2477722168,66793,66803,10
13.0032396317,80.2475814819,66803,66813,10
13.0044603348,80.2473831177,66813,66824,11
13.0056600571,80.2471618652,66824,66834,10
13.0063695908,80.2467422485,66834,66844,10
13.0064496994,80.2465591431,66844,66854,10
13.0065002441,80.2464523315,66854,66864,10
13.0065803528,80.2460479736,66864,66874,10
13.0066003799,80.2454299927,66874,66884,10
13.0066003799,80.2448272705,66884,66894,10
13.0065698624,80.2442626953,66894,66904,10
13.0065803528,80.243888855,66904,66915,11
13.0065803528,80.243598938,66915,66925,10
13.0065498352,80.243057251,66925,66935,10
13.006529808,80.2423019409,66935,66945,10
13.0065202713,80.2421188354,66945,66955,10
13.0065097809,80.2420196533,66955,66965,10
13.006529808,80.2416000366,66965,66975,10
13.0065803528,80.2410736084,66975,66985,10
13.0066299438,80.240737915,66985,66995,10
13.0067501068,80.2401199341,66995,67006,11
13.006939888,80.239151001,67006,67016,10
13.0071001053,80.2383270264,67016,67026,10
13.0072202682,80.2377624512,67026,67036,10
13.0073099136,80.2373504639,67036,67046,10
13.0073099136,80.2373428345,67046,67056,10
13.0073604584,80.2371368408,67056,67066,10
13.0074596405,80.236656189,67066,67076,10
13.0075798035,80.2360992432,67076,67086,10
13.0076599121,80.2355575562,67086,67097,11
13.0077695847,80.2351074219,67097,67107,10
13.0079202652,80.2343826294,67107,67117,10
13.0080900192,80.2334976196,67117,67127,10
13.0082798004,80.2324676514,67127,67137,10
13.008480072,80.2314605713,67137,67147,10
13.0086603165,80.2305221558,67147,67157,10
13.0088300705,80.2297592163,67157,67167,10
13.0089797974,80.2289581299,67167,67177,10
13.0092000961,80.2281570435,67177,67187,10
13.0095396042,80.2273712158,67187,67198,11
13.0099802017,80.2264099121,67198,67208,10
13.0104598999,80.2255172729,67208,67218,10
13.0107402802,80.2248764038,67218,67228,10
13.0109300613,80.2243118286,67228,67238,10
13.0112199783,80.2235107422,67238,67268,30
13.0112199783,80.2235107422,67268,67278,10
13.0111999512,80.2232818604,67278,67289,11
13.0114297867,80.2229690552,67289,67299,10
13.0116796494,80.222366333,67299,67309,10
13.0119400024,80.2217025757,67309,67319,10
13.0122098923,80.2214889526,67319,67329,10
13.0123796463,80.2216567993,67329,67339,10
13.0126800537,80.2220687866,67339,67349,10
13.0131397247,80.2225570679,67349,67359,10
13.0136299133,80.2230606079,67359,67369,10
13.0141801834,80.2236862183,67369,67380,11
13.0145597458,80.2241821289,67380,67390,10
13.0149497986,80.2246627808,67390,67400,10
13.0151596069,80.2248382568,67400,67410,10
13.0153799057,80.2249984741,67410,67420,10
13.0157003403,80.2252197266,67420,67430,10
13.0157499313,80.2252731323,67430,67440,10
13.0161104202,80.2253799438,67440,67450,10
13.0167198181,80.2252731323,67450,67460,10
13.0175504684,80.224937439,67460,67471,11
13.0185003281,80.2245483398,67471,67481,10
13.0194702148,80.2243881226,67481,67521,40
13.0194702148,80.2243881226,67521,67531,10
13.0195798874,80.2245025635,67531,67541,10
13.0198497772,80.2246627808,67541,67551,10
13.0202302933,80.2249603271,67551,67562,11
13.020529747,80.2251815796,67562,67572,10
13.020819664,80.2253799438,67572,67582,10
13.0210695267,80.2255783081,67582,67592,10
13.0214796066,80.2259216309,67592,67602,10
13.0220298767,80.2263183594,67602,67612,10
13.0226202011,80.2268066406,67612,67622,10
13.0231895447,80.2273483276,67622,67632,10
13.0236196518,80.2277374268,67632,67642,10
13.0239295959,80.228012085,67642,67653,11
13.0242595673,80.2283630371,67653,67663,10
13.0243597031,80.2284698486,67663,67673,10
13.0243902206,80.2285690308,67673,67683,10
13.024189949,80.2286071777,67683,67693,10
13.0239496231,80.2283172607,67693,67703,10
13.0234603882,80.2278213501,67703,68583,880
13.0234603882,80.2278213501,68583,68593,10
13.0231895447,80.2275238037,68593,68603,10
13.0228595734,80.2271881104,68603,68613,10
13.0223398209,80.2266998291,68613,68623,10
13.0216798782,80.2261581421,68623,68633,10
13.0212697983,80.2258377075,68633,68643,10
13.020819664,80.2255172729,68643,68654,11
13.0202302933,80.2251281738,68654,68664,10
13.0199604034,80.224937439,68664,68674,10
13.019610405,80.2247314453,68674,68684,10
13.0192203522,80.2246017456,68684,68694,10
13.0187196732,80.2246322632,68694,68704,10
13.0185203552,80.2246780396,68704,68714,10
13.0180501938,80.2248764038,68714,68724,10
13.0173902512,80.225151062,68724,68734,10
13.0167398453,80.2254180908,68734,68745,11
13.0163497925,80.2255706787,68745,68755,10
13.0159196854,80.2257232666,68755,68765,10
13.0152997971,80.2259521484,68765,68775,10
13.0146598816,80.2261428833,68775,68785,10
13.0141000748,80.2264633179,68785,68815,30
13.0141000748,80.2264633179,68815,68825,10
13.0138702393,80.2265167236,68825,68836,11
13.0133800507,80.2266998291,68836,68846,10
13.0127601624,80.2269515991,68846,68856,10
13.0120401382,80.2272262573,68856,68866,10
13.0111999512,80.2275390625,68866,68876,10
13.0102500916,80.2279510498,68876,68886,10
13.0094203949,80.2283172607,68886,68896,10
13.0091104507,80.2288818359,68896,68906,10
13.0089797974,80.229598999,68906,68916,10
13.0088300705,80.2303619385,68916,68927,11
13.0086402893,80.231262207,68927,68937,10
13.0084695816,80.2321395874,68937,68947,10
13.0082998276,80.2330474854,68947,68957,10
13.0082302094,80.2336425781,68957,68966,9
13.0081996918,80.2337112427,68966,68977,11
13.008099556,80.234046936,68977,68987,10
13.0079898834,80.23462677,68987,68997,10
13.0079498291,80.2348403931,68997,69007,10
13.0079298019,80.2348937988,69007,69018,11
13.0078496933,80.2353210449,69018,69028,10
13.0077104568,80.2360610962,69028,69038,10
13.0075302124,80.2369689941,69038,69048,10
13.0073299408,80.2379226685,69048,69058,10
13.0071802139,80.2385406494,69058,69068,10
13.007060051,80.2392425537,69068,69078,10
13.0068998337,80.2400588989,69078,69088,10
13.0067195892,80.2409210205,69088,69098,10
13.0066404343,80.2419815063,69098,69109,11
13.0066404343,80.2431182861,69109,69119,10
13.0066404343,80.2442779541,69119,69129,10
13.0066604614,80.2454299927,69129,69138,9
13.0066900253,80.2464523315,69138,69149,11
13.0065803528,80.2474594116,69149,69159,10
13.0060997009,80.2475204468,69159,69169,10
13.0060501099,80.2475204468,69169,69179,10
13.0059700012,80.2475204468,69179,69189,10
13.0055303574,80.2474365234,69189,69200,11
13.0046701431,80.2474365234,69200,69210,10
13.0037002563,80.2475814819,69210,69220,10
13.0026397705,80.2477493286,69220,69230,10
13.0016403198,80.248008728,69230,69240,10
13.0005302429,80.248298645,69240,69250,10
12.9992599487,80.2486114502,69250,69260,10
12.9979095459,80.2489471436,69260,69270,10
12.9964504242,80.2493209839,69270,69280,10
12.9949302673,80.2497329712,69280,69291,11
12.9932403564,80.2501373291,69291,69301,10
12.9917201996,80.25050354,69301,69311,10
12.9910001755,80.2507171631,69311,69321,10
12.990940094,80.2507476807,69321,69330,9
12.9904403687,80.2508468628,69330,69341,11
12.9894199371,80.2511062622,69341,69351,10
12.9883804321,80.2513809204,69351,69361,10
12.9879598618,80.2515029907,69361,69473,112
12.9879598618,80.2515029907,69473,69483,10
12.9877195358,80.2515563965,69483,69493,10
12.9871196747,80.251701355,69493,69503,10
12.9863796234,80.2518920898,69503,69513,10
12.9856004715,80.2520675659,69513,69523,10
12.9846496582,80.2523193359,69523,69533,10
12.9837598801,80.252571106,69533,69543,10
12.9827203751,80.2527236938,69543,69553,10
12.9814596176,80.2527618408,69553,69564,11
12.980340004,80.2528076172,69564,69574,10
12.9797697067,80.2528076172,69574,69584,10
12.9791498184,80.2527389526,69584,69594,10
12.9785995483,80.2526473999,69594,69603,9
12.9785003662,80.2526016235,69603,69614,11
12.9780702591,80.2523117065,69614,69624,10
12.97797966,80.2522277832,69624,69634,10
12.9776096344,80.2518615723,69634,69644,10
12.9768800735,80.2514419556,69644,69654,10
12.975859642,80.2511367798,69654,69665,11
12.9745397568,80.2507400513,69665,69675,10
12.9732503891,80.2503814697,69675,69685,10
12.9719495773,80.250038147,69685,69695,10
12.9706401825,80.249671936,69695,69705,10
12.9694499969,80.2492218018,69705,69714,9
12.9680900574,80.2487106323,69714,69725,11
12.9667396545,80.2481002808,69725,69735,10
12.9650602341,80.2474517822,69735,69756,21
12.9650602341,80.2474517822,69756,69765,9
12.9647502899,80.2473220825,69765,69776,11
12.9641599655,80.2470779419,69776,69786,10
12.9637804031,80.2469100952,69786,69796,10
12.9633197784,80.2466888428,69796,69806,10
12.9625902176,80.2463378906,69806,69816,10
12.9617004395,80.2459106445,69816,69826,10
12.9607000351,80.2454376221,69826,69836,10
12.959280014,80.2448272705,69836,69847,11
12.959280014,80.2448272705,69847,69857,10
12.9591999054,80.2447891235,69857,69867,10
12.9589395523,80.2446517944,69867,69877,10
12.9583997726,80.2444229126,69877,69887,10
12.9577302933,80.2441711426,69887,69897,10
12.9569797516,80.2439575195,69897,69907,10
12.9563798904,80.2437667847,69907,69917,10
12.9562501907,80.2437362671,69917,69927,10
12.9556398392,80.2433929443,69927,69938,11
12.9547996521,80.2429733276,69938,69948,10
12.9538097382,80.2425613403,69948,69958,10
12.9528503418,80.2421798706,69958,69968,10
12.9518899918,80.2418289185,69968,69978,10
12.9516401291,80.2417526245,69978,69988,10
12.9514198303,80.2416687012,69988,69998,10
12.950750351,80.2414321899,69998,70008,10
12.9498300552,80.2411575317,70008,70018,10
12.948849678,80.2408065796,70018,70029,11
12.9477701187,80.2403411865,70029,70039,10
12.9469203949,80.2399673462,70039,70049,10
12.9463396072,80.2397613525,70049,70059,10
12.9461097717,80.2397003174,70059,70069,10
12.9460601807,80.2396621704,70069,70079,10
12.9456701279,80.2394638062,70079,70089,10
12.9450597763,80.2390823364,70089,70099,10
12.9444103241,80.2384109497,70099,70109,10
12.9436597824,80.2375793457,70109,70120,11
12.94272995,80.2367401123,70120,70130,10
12.9415903091,80.2363510132,70130,70140,10
12.9404201508,80.2360610962,70140,70150,10
12.9397296906,80.2358627319,70150,70160,10
12.9397201538,80.2358627319,70160,70170,10
12.9393796921,80.235710144,70170,70180,10
12.9386796951,80.2353363037,70180,70190,10
12.9377498627,80.2348937988,70190,70200,10
12.9368000031,80.2344436646,70200,70211,11
12.9359798431,80.2340393066,70211,70221,10
12.9355802536,80.2338485718,70221,70231,10
12.934920311,80.233543396,70231,70241,10
12.9337997437,80.233039856,70241,70261,20
12.9337997437,80.233039856,70261,70271,10
12.9336595535,80.2329406738,70271,70281,10
12.9331302643,80.2326889038,70281,70292,11
12.9322099686,80.2323608398,70292,70302,10
12.931139946,80.2320022583,70302,70312,10
12.9299001694,80.231628418,70312,70322,10
12.928730011,80.2314071655,70322,70332,10
12.9276304245,80.2312393188,70332,70342,10
12.926440239,80.2311172485,70342,70352,10
12.9259996414,80.2310714722,70352,70362,10
12.9257698059,80.2310409546,70362,70372,10
12.9251804352,80.2309494019,70372,70382,10
12.924200058,80.2308273315,70382,70393,11
12.9230804443,80.2306594849,70393,70403,10
12.9217796326,80.2304534912,70403,70413,10
12.9204301834,80.2302703857,70413,70423,10
12.9191198349,80.2301101685,70423,70433,10
12.9178304672,80.2299499512,70433,70443,10
12.9165802002,80.2297973633,70443,70453,10
12.9153699875,80.2296295166,70453,70463,10
12.9141702652,80.2294616699,70463,70473,10
12.9132604599,80.2293930054,70473,70484,11
12.9132003784,80.2293624878,70484,70494,10
12.9130001068,80.2293319702,70494,70504,10
12.9123897552,80.2292404175,70504,70514,10
12.9114999771,80.2291030884,70514,70524,10
12.9105100632,80.2289581299,70524,70534,10
12.9093999863,80.2287826538,70534,70544,10
12.9083204269,80.2286071777,70544,70554,10
12.906920433,80.2284164429,70554,70615,61
12.906920433,80.2284164429,70615,70625,10
12.9064598083,80.2283477783,70625,70635,10
12.9057397842,80.228302002,70635,70645,10
12.9047603607,80.2282409668,70645,70655,10
12.9039497375,80.2282028198,70655,70666,11
12.9030799866,80.2281570435,70666,70676,10
12.9021196365,80.2281112671,70676,70686,10
12.9013299942,80.2280807495,70686,70696,10
12.9012403488,80.2280807495,70696,70706,10
12.9009399414,80.2280807495,70706,70716,10
12.9003601074,80.2280197144,70716,70726,10
12.8996896744,80.2279891968,70726,70736,10
12.8990802765,80.2279586792,70736,70746,10
12.8990497589,80.2279586792,70746,70757,11
12.898900032,80.2279815674,70757,70767,10
12.8984098434,80.2279281616,70767,70777,10
12.8976802826,80.2278594971,70777,70787,10
12.8967599869,80.2277984619,70787,70797,10
12.8957595825,80.2277526855,70797,70807,10
12.8948497772,80.2277069092,70807,70817,10
12.8938302994,80.2276611328,70817,70827,10
12.8925895691,80.2275238037,70827,70868,41
12.8925895691,80.2275238037,70868,70878,10
12.8925104141,80.2275085449,70878,70888,10
12.892080307,80.2274627686,70888,70898,10
12.8913002014,80.2274398804,70898,70908,10
12.8902997971,80.2274398804,70908,70918,10
12.8891201019,80.2274398804,70918,70928,10
12.8879404068,80.2273864746,70928,70939,11
12.8867397308,80.2272033691,70939,70949,10
12.8855895996,80.2269134521,70949,70958,9
12.8848199844,80.2267990112,70958,70969,11
12.8845596313,80.2267990112,70969,70978,9
12.884180069,80.2267990112,70978,70989,11
12.8833503723,80.2268218994,70989,70999,10
12.8823604584,80.2268295288,70999,71009,10
12.8811998367,80.2268371582,71009,71019,10
12.8800096512,80.2268371582,71019,71030,11
12.878660202,80.226890564,71030,71040,10
12.8774003983,80.2269668579,71040,71050,10
12.8764801025,80.2270584106,71050,71060,10
12.8763999939,80.2270584106,71060,71070,10
12.8761901855,80.2270584106,71070,71080,10
12.8755502701,80.2270278931,71080,71090,10
12.8746404648,80.2269287109,71090,71100,10
12.8734998703,80.2268066406,71100,71111,11
12.8726997375,80.2267913818,71111,71121,10
12.8719797134,80.2267608643,71121,71131,10
12.8710298538,80.2267303467,71131,71140,9
12.8699998856,80.2266616821,71140,71151,11
12.8685903549,80.2265090942,71151,71161,10
12.8673000336,80.2265625,71161,71171,10
12.8660202026,80.2266769409,71171,71181,10
12.8646802902,80.2266616821,71181,71191,10
12.8633003235,80.2266235352,71191,71201,10
12.8618402481,80.2266464233,71201,71212,11
12.8610095978,80.2266769409,71212,71222,10
12.8609199524,80.2266693115,71222,71232,10
12.860449791,80.2266235352,71232,71242,10
12.8596601486,80.2264862061,71242,71252,10
12.8588495255,80.2263565063,71252,71262,10
12.858300209,80.2263336182,71262,71272,10
12.8575601578,80.2263183594,71272,71282,10
12.8566398621,80.2264022827,71282,71292,10
12.8553800583,80.2265396118,71292,71303,11
12.8540697098,80.2266693115,71303,71313,10
12.8527202606,80.2267608643,71313,71323,10
12.851360321,80.2267227173,71323,71333,10
12.8500099182,80.2266693115,71333,71343,10
12.8486795425,80.2266616821,71343,71353,10
12.8473997116,80.2266693115,71353,71363,10
12.8462896347,80.2266998291,71363,71373,10
12.8456697464,80.2266921997,71373,71383,10
12.8452501297,80.2266998291,71383,71394,11
12.8451795578,80.2266998291,71394,71404,10
12.8450403214,80.2266998291,71404,71414,10
12.8445196152,80.2267303467,71414,71424,10
12.8437995911,80.2267990112,71424,71434,10
12.8428897858,80.2269515991,71434,71444,10
12.8417901993,80.2271881104,71444,71454,10
12.8406400681,80.2275085449,71454,71464,10
12.8399600983,80.227722168,71464,71474,10
12.8397197723,80.2277984619,71474,71485,11
12.8395004272,80.2278518677,71485,71495,10
12.8389501572,80.2279968262,71495,71505,10
12.8381204605,80.2282028198,71505,71515,10
12.8370895386,80.2284011841,71515,71525,10
12.8358602524,80.2285614014,71525,71535,10
12.8345899582,80.2287521362,71535,71545,10
12.8333501816,80.2289886475,71545,71555,10
12.8324804306,80.2291793823,71555,71566,11
12.8323402405,80.2292098999,71566,71576,10
12.8319997787,80.2292480469,71576,71586,10
12.831319809,80.2293930054,71586,71596,10
12.8304595947,80.2296981812,71596,71606,10
12.8295001984,80.2300567627,71606,71616,10
12.8284597397,80.2305374146,71616,71626,10
12.8273801804,80.2311477661,71626,71636,10
12.8261995316,80.2314300537,71636,71646,10
12.8249702454,80.2314834595,71646,71657,11
12.8238697052,80.2312469482,71657,71667,10
12.8227996826,80.2309112549,71667,71677,10
12.8216495514,80.2305908203,71677,71687,10
12.8206195831,80.2305221558,71687,71697,10
12.8196001053,80.2305526733,71697,71707,10
12.8189601898,80.2305679321,71707,71717,10
12.8187599182,80.230506897,71717,71727,10
12.818189621,80.2302398682,71727,71737,10
12.8173599243,80.2298431396,71737,71747,10
12.816280365,80.2295303345,71747,71758,11
12.8149404526,80.2293395996,71758,71768,10
12.8136796951,80.2290725708,71768,71778,10
12.8124399185,80.2286605835,71778,71788,10
12.8112096786,80.2282180786,71788,71798,10
12.8100996017,80.2277603149,71798,71808,10
12.8091497421,80.2273025513,71808,71818,10
12.8083000183,80.2266311646,71818,71828,10
12.8074903488,80.2259368896,71828,71839,11
12.8067798615,80.2253112793,71839,71849,10
12.8062000275,80.2247924805,71849,71859,10
12.8056297302,80.2242965698,71859,71869,10
12.8051204681,80.2240829468,71869,71879,10
12.8050899506,80.224067688,71879,71889,10
12.804889679,80.2240219116,71889,71899,10
12.8044700623,80.2239608765,71899,71909,10
12.8039102554,80.2239303589,71909,71919,10
12.8033800125,80.2238998413,71919,71930,11
12.8026199341,80.2238006592,71930,71940,10
12.801779747,80.2237091064,71940,71950,10
12.8008899689,80.2236175537,71950,71960,10
12.7999696732,80.2235412598,71960,71970,10
12.7988901138,80.223449707,71970,71980,10
12.7977800369,80.2233200073,71980,71990,10
12.796790123,80.2231674194,71990,72000,10
12.7960596085,80.2230529785,72000,72010,10
12.7959098816,80.2230300903,72010,72021,11
12.7954397202,80.2229232788,72021,72031,10
12.7946796417,80.2227935791,72031,72041,10
12.7937402725,80.2226409912,72041,72051,10
12.7927303314,80.2224884033,72051,72061,10
12.7917604446,80.2222671509,72061,72071,10
12.7908496857,80.2220611572,72071,72081,10
12.7899999619,80.2218322754,72081,72091,10
12.7892799377,80.2215881348,72091,72101,10
12.7886199951,80.2213363647,72101,72112,11
12.7879400253,80.2210617065,72112,72122,10
12.7874803543,80.2208786011,72122,72132,10
12.7869501114,80.2206878662,72132,72142,10
12.7864103317,80.2204971313,72142,72172,30
12.7864103317,80.2204971313,72172,72182,10
12.7862596512,80.2204284668,72182,72213,31
12.7862596512,80.2204284668,72213,72223,10
12.7861099243,80.2207565308,72223,72233,10
12.7861204147,80.2209777832,72233,72243,10
12.7861404419,80.2213668823,72243,72253,10
12.7861795425,80.2217178345,72253,73790,1537
12.7861795425,80.2217178345,73790,73800,10
12.7861604691,80.2216567993,73800,73810,10
12.7861003876,80.2213668823,73810,73820,10
12.7860803604,80.221031189,73820,73830,10
12.7860803604,80.2207183838,73830,73840,10
12.7860803604,80.2205581665,73840,73851,11
12.7862901688,80.2203979492,73851,73871,20
12.7862901688,80.2203979492,73871,73881,10
12.786450386,80.220451355,73881,73891,10
12.7868099213,80.2205886841,73891,73901,10
12.7873001099,80.2207717896,73901,73911,10
12.7877702713,80.2209396362,73911,73921,10
12.7883300781,80.2211532593,73921,73931,10
12.7889699936,80.2213973999,73931,73942,11
12.7896203995,80.2216491699,73942,73952,10
12.7901000977,80.221786499,73952,73962,10
12.7906999588,80.2219467163,73962,73972,10
12.7914800644,80.22215271,73972,73982,10
12.7925596237,80.2223968506,73982,73992,10
12.7937097549,80.2225799561,73992,74002,10
12.7948598862,80.2227630615,74002,74012,10
12.7958602905,80.2229309082,74012,74022,10
12.7968397141,80.2231216431,74022,74033,11
12.7980499268,80.2233200073,74033,74043,10
12.7991104126,80.2234191895,74043,74053,10
12.8001899719,80.2235183716,74053,74063,10
12.8011302948,80.2236022949,74063,74073,10
12.8019399643,80.2236785889,74073,74083,10
12.8026695251,80.2237701416,74083,74093,10
12.8032302856,80.2238388062,74093,74103,10
12.803899765,80.2238998413,74103,74113,10
12.8045597076,80.2239532471,74113,74124,11
12.8051900864,80.224067688,74124,74134,10
12.8052902222,80.2240905762,74134,74144,10
12.8056001663,80.2242202759,74144,74154,10
12.8060503006,80.2245788574,74154,74164,10
12.8066797256,80.225151062,74164,74174,10
12.807299614,80.2256774902,74174,74184,10
12.8080301285,80.2263183594,74184,74194,10
12.8089103699,80.2270507813,74194,74204,10
12.8097400665,80.2275466919,74204,74215,11
12.8108997345,80.2280502319,74215,74225,10
12.8121099472,80.2285003662,74225,74235,10
12.813249588,80.2288894653,74235,74244,9
12.8143596649,80.2292022705,74244,74255,11
12.8157396317,80.2294235229,74255,74265,10
12.8170795441,80.2296676636,74265,74275,10
12.8182401657,80.230178833,74275,74285,10
12.8192796707,80.2304916382,74285,74296,11
12.8202800751,80.23046875,74296,74306,10
12.8215999603,80.230506897,74306,74316,10
12.8227996826,80.2308197021,74316,74326,10
12.8239803314,80.2311325073,74326,74336,10
12.8252096176,80.2313690186,74336,74346,10
12.8263998032,80.2313308716,74346,74356,10
12.8274402618,80.2310409546,74356,74366,10
12.8284902573,80.2304534912,74366,74376,10
12.829580307,80.2299423218,74376,74386,10
12.830619812,80.2295227051,74386,74397,11
12.831489563,80.2292175293,74397,74407,10
12.8324203491,80.2290115356,74407,74417,10
12.8336200714,80.2287979126,74417,74427,10
12.8349599838,80.2285766602,74427,74437,10
12.8363199234,80.2283782959,74437,74447,10
12.8376598358,80.2281799316,74447,74456,9
12.8387002945,80.2279434204,74456,74467,11
12.8393001556,80.2277679443,74467,74477,10
12.8395595551,80.2276916504,74477,74488,11
12.8400697708,80.2275390625,74488,74498,10
12.8407897949,80.2273635864,74498,74508,10
12.8417396545,80.2271194458,74508,74517,9
12.8428001404,80.226890564,74517,74528,11
12.8441801071,80.2266616821,74528,74538,10
12.8452596664,80.2265777588,74538,74548,10
12.8456001282,80.2265777588,74548,74558,10
12.8456897736,80.2265777588,74558,74568,10
12.8460597992,80.2265777588,74568,74579,11
12.8469495773,80.2265701294,74579,74589,10
12.8480396271,80.2265701294,74589,74599,10
12.8492898941,80.2265625,74599,74609,10
12.850520134,80.2265777588,74609,74619,10
12.8517103195,80.2266311646,74619,74629,10
12.8528995514,80.2266769409,74629,74639,10
12.854180336,80.2265625,74639,74649,10
12.8555803299,80.2264022827,74649,74659,10
12.857000351,80.226272583,74659,74670,11
12.858420372,80.2262420654,74670,74680,10
12.8596601486,80.2264022827,74680,74690,10
12.8609199524,80.2265625,74690,74700,10
12.8621902466,80.2265396118,74700,74710,10
12.8635597229,80.2265167236,74710,74720,10
12.8649396896,80.2265777588,74720,74730,10
12.8663196564,80.2265396118,74730,74740,10
12.867650032,80.2264175415,74740,74750,10
12.8690004349,80.2264328003,74750,74761,11
12.8704395294,80.2265777588,74761,74771,10
12.8716201782,80.2266464233,74771,74781,10
12.8726100922,80.2266693115,74781,74791,10
12.8734798431,80.2266998291,74791,74801,10
12.8746004105,80.2268218994,74801,74811,10
12.875869751,80.2269210815,74811,74821,10
12.876660347,80.226890564,74821,74831,10
12.8769397736,80.2268676758,74831,74841,10
12.8775997162,80.2268218994,74841,74852,11
12.8787002563,80.2267532349,74852,74862,10
12.8798999786,80.2267227173,74862,74872,10
12.8811502457,80.2267227173,74872,74882,10
12.8824195862,80.2266998291,74882,74892,10
12.8836803436,80.2266998291,74892,74902,10
12.8847703934,80.2266769409,74902,74912,10
12.8858098984,80.226852417,74912,74922,10
12.8870201111,80.2271575928,74922,74932,10
12.8882904053,80.2273330688,74932,74943,11
12.8897399902,80.2273330688,74943,74953,10
12.8909902573,80.2273330688,74953,74963,10
12.8923597336,80.2273712158,74963,74983,20
12.8923597336,80.2273712158,74983,74993,10
12.8926801682,80.2274093628,74993,75003,10
12.8933401108,80.2275009155,75003,75013,10
12.8942499161,80.2276000977,75013,75023,10
12.8953399658,80.2276535034,75023,75034,11
12.8966398239,80.2276992798,75034,75044,10
12.8977403641,80.2277603149,75044,75054,10
12.8986997604,80.2278137207,75054,75064,10
12.8995304108,80.2278518677,75064,75074,10
12.9002599716,80.227897644,75074,75083,9
12.9005403519,80.2279129028,75083,75093,10
12.9009504318,80.2279510498,75093,75104,11
12.9014701843,80.2279663086,75104,75114,10
12.9020204544,80.2279891968,75114,75125,11
12.9026699066,80.2280426025,75125,75135,10
12.903459549,80.2280731201,75135,75145,10
12.9044599533,80.2281112671,75145,75155,10
12.9055299759,80.2281494141,75155,75165,10
12.906129837,80.2281570435,75165,75175,10
12.9061803818,80.2281723022,75175,75185,10
12.9064598083,80.2282028198,75185,75195,10
12.9068698883,80.2282562256,75195,75205,10
12.90762043,80.2283477783,75205,75216,11
12.9086303711,80.2285308838,75216,75226,10
12.909620285,80.2287063599,75226,75236,10
12.9106397629,80.2288589478,75236,75246,10
12.9114398956,80.2289733887,75246,75255,9
12.9125204086,80.2291030884,75255,75266,11
12.913649559,80.2292633057,75266,75276,10
12.9139099121,80.2292785645,75276,75286,10
12.9142398834,80.2293395996,75286,75296,10
12.9149398804,80.2294311523,75296,75307,11
12.9159202576,80.2295684814,75307,75317,10
12.9167699814,80.2296829224,75317,75327,10
12.9174098969,80.2297973633,75327,75337,10
12.9183197021,80.2299194336,75337,75347,10
12.9194698334,80.2300796509,75347,75356,9
12.9206399918,80.2302398682,75356,75367,11
12.9221000671,80.2304382324,75367,75377,10
12.9234399796,80.2306365967,75377,75387,10
12.9247503281,80.2308197021,75387,75398,11
12.9260597229,80.2309799194,75398,75408,10
12.9272003174,80.2311019897,75408,75417,9
12.9282503128,80.2312088013,75417,75428,11
12.9286804199,80.2312469482,75428,75438,10
12.9290399551,80.2313308716,75438,75448,10
12.9297800064,80.2314910889,75448,75458,10
12.9307003021,80.2317504883,75458,75468,10
12.9316997528,80.2321014404,75468,75478,10
12.9327602386,80.232460022,75478,75489,11
12.9338998795,80.2329483032,75489,75499,10
12.9349803925,80.2334289551,75499,75509,10
12.9359102249,80.2338562012,75509,75519,10
12.9367799759,80.2342834473,75519,75529,10
12.9378004074,80.2347793579,75529,75539,10
12.9389400482,80.2353515625,75539,75549,10
12.939740181,80.2357177734,75549,75559,10
12.9398403168,80.2357635498,75559,75569,10
12.9401397705,80.2359008789,75569,75580,11
12.9407997131,80.2360610962,75580,75590,10
12.9416599274,80.2362670898,75590,75600,10
12.9427099228,80.2366409302,75600,75610,10
12.9436397552,80.2374191284,75610,75620,10
12.9445199966,80.2383804321,75620,75630,10
12.9454202652,80.2392578125,75630,75640,10
12.946559906,80.2397689819,75640,75650,10
12.9475898743,80.2401885986,75650,75660,10
12.9483995438,80.2405319214,75660,75671,11
12.9490404129,80.2407836914,75671,75681,10
12.9497203827,80.241027832,75681,75691,10
12.9505596161,80.2412872314,75691,75701,10
12.9513502121,80.2415466309,75701,75711,10
12.9522199631,80.2418518066,75711,75721,10
12.9531803131,80.2422180176,75721,75731,10
12.953909874,80.2425231934,75731,75741,10
12.9546098709,80.2427978516,75741,75751,10
12.9552297592,80.243057251,75751,75762,11
12.9562397003,80.2434234619,75762,75802,40
12.9562397003,80.2434234619,75802,75812,10
12.9564199448,80.2434921265,75812,75822,10
12.9568996429,80.2436904907,75822,75832,10
12.9576702118,80.2440414429,75832,75842,10
12.9586400986,80.2444534302,75842,75853,11
12.9595003128,80.2447967529,75853,75863,10
12.9597196579,80.2448806763,75863,75873,10
12.9601898193,80.2451019287,75873,75883,10
12.9609298706,80.2454605103,75883,75893,10
12.9618797302,80.2459182739,75893,75903,10
12.9628000259,80.2463607788,75903,75913,10
12.9631795883,80.2465515137,75913,75923,10
12.96352005,80.2467269897,75923,75933,10
12.964050293,80.2469482422,75933,75944,11
12.9647397995,80.2472229004,75944,75954,10
12.9654798508,80.2474822998,75954,75964,10
12.9663295746,80.2478027344,75964,75974,10
12.9666595459,80.2479629517,75974,75984,10
12.9668598175,80.2480392456,75984,75994,10
12.966919899,80.2480697632,75994,76004,10
12.9672203064,80.2482376099,76004,76014,10
12.9679498672,80.2485580444,76014,76024,10
12.9689397812,80.2489471436,76024,76035,11
12.9702796936,80.2494812012,76035,76045,10
12.971570015,80.2498779297,76045,76055,10
12.9729204178,80.2502365112,76055,76065,10
12.9741697311,80.2505722046,76065,76075,10
12.9753904343,80.2509231567,76075,76085,10
12.9765901566,80.2512512207,76085,76095,10
12.9775896072,80.251739502,76095,76105,10
12.9783000946,80.2523269653,76105,76115,10
12.9797096252,80.2527236938,76115,76166,51
12.9797096252,80.2527236938,76166,76176,10
12.9800195694,80.2527084351,76176,76186,10
12.9806900024,80.2526931763,76186,76196,10
12.9816398621,80.2526702881,76196,76206,10
12.9827699661,80.2526168823,76206,76217,11
12.9839401245,80.2524032593,76217,76227,10
12.9848804474,80.2521514893,76227,76237,10
12.9858398438,80.2519073486,76237,76247,10
12.9868001938,80.2516708374,76247,76257,10
12.9876403809,80.2514266968,76257,76388,131
12.9876403809,80.2514266968,76388,76399,11
12.9878396988,80.2515563965,76399,76409,10
12.9879198074,80.2519607544,76409,76418,9
12.9879398346,80.252532959,76418,76429,11
12.9878396988,80.2536315918,76429,76439,10
12.987739563,80.254737854,76439,76449,10
12.987660408,80.2554626465,76449,76458,9
12.9876298904,80.2557525635,76458,76631,173
12.9876298904,80.2557525635,76631,76641,10
12.9876003265,80.255897522,76641,76651,10
12.9875297546,80.2563018799,76651,76661,10
12.9874897003,80.2568206787,76661,76672,11
12.987449646,80.2573013306,76672,76682,10
12.9874095917,80.2579574585,76682,76692,10
12.9873504639,80.2585983276,76692,76702,10
12.9872198105,80.2586669922,76702,76712,10
12.9871797562,80.2586364746,76712,76722,10
12.9870595932,80.2586135864,76722,76732,10
12.9868202209,80.2585983276,76732,76904,172
12.9868202209,80.2585983276,76904,76914,10
12.9865999222,80.2589263916,76914,77703,789
12.9865598679,80.2586517334,77703,77925,222
12.9867601395,80.2587127686,77925,79786,1861
12.9865999222,80.2587432861,79786,79907,121
12.9865999222,80.2587432861,79907,79917,10
12.9867401123,80.2588806152,79917,79927,10
12.986700058,80.2590789795,79927,79937,10
12.9865398407,80.2592926025,79937,79947,10
12.9868097305,80.2595672607,79947,79958,11
12.9871702194,80.2595214844,79958,79968,10
12.9872703552,80.2592391968,79968,79978,10
12.987279892,80.2589111328,79978,80716,738
12.9873304367,80.2585296631,80716,80776,60
12.9873304367,80.2585296631,80776,80787,11
12.9873800278,80.2581329346,80787,80797,10
12.9874000549,80.2578125,80797,80807,10
12.9874296188,80.2573165894,80807,80817,10
12.9875402451,80.2567596436,80817,80827,10
12.987569809,80.2561035156,80827,80837,10
12.9876499176,80.2555923462,80837,80847,10
12.9876804352,80.2548828125,80847,80999,152
12.9876804352,80.2548828125,80999,81009,10
12.9877996445,80.2547607422,81009,81019,10
12.9877901077,80.2543182373,81019,81029,10
12.987830162,80.2536621094,81029,81039,10
12.9878902435,80.2527770996,81039,81049,10
12.987859726,80.2519378662,81049,81060,11
12.9877595901,80.2516479492,81060,81070,10
12.9876203537,80.2515716553,81070,81080,10
12.9870500565,80.2516174316,81080,81090,10
12.9862499237,80.2518386841,81090,81100,10
12.9853401184,80.2520904541,81100,81110,10
12.9843301773,80.2523803711,81110,81161,51
12.9843301773,80.2523803711,81161,81171,10
12.9842195511,80.2524032593,81171,81181,10
12.983710289,80.2525177002,81181,81191,10
12.9829502106,80.2526626587,81191,81201,10
12.9819803238,80.2526931763,81201,81211,10
12.9809398651,80.2527236938,81211,81221,10
12.9799499512,80.252746582,81221,81231,10
12.9786701202,80.2526016235,81231,81272,41
12.9786701202,80.2526016235,81272,81282,10
12.9786100388,80.252571106,81282,81292,10
12.9782304764,80.2523193359,81292,81302,10
12.977640152,80.2518081665,81302,81312,10
12.9767999649,80.2513427734,81312,81322,10
12.9757795334,80.2510375977,81322,81333,11
12.9746799469,80.2507095337,81333,81343,10
12.9736404419,80.2504196167,81343,81353,10
12.9725799561,80.2501373291,81353,81363,10
12.9715595245,80.2498626709,81363,81373,10
12.9705295563,80.2495574951,81373,81383,10
12.9695100784,80.2491989136,81383,81393,10
12.9685001373,80.2488327026,81393,81403,10
12.9674901962,80.2484283447,81403,81413,10
12.9665403366,80.2479782104,81413,81424,11
12.9656000137,80.2475967407,81424,81434,10
12.9650201797,80.2473831177,81434,81454,20
12.9650201797,80.2473831177,81454,81464,10
12.9647798538,80.2472763062,81464,81474,10
12.9642400742,80.2470703125,81474,81484,10
12.9634504318,80.2467498779,81484,81494,10
12.9625701904,80.2462921143,81494,81504,10
12.961640358,80.2458267212,81504,81515,11
12.9605798721,80.2453384399,81515,81525,10
12.959690094,80.244972229,81525,81535,10
12.9593000412,80.2447891235,81535,81555,20
12.9593000412,80.2447891235,81555,81565,10
12.9591999054,80.2446899414,81565,81575,10
12.9587802887,80.2444992065,81575,81585,10
12.9581098557,80.2442474365,81585,81596,11
12.9574699402,80.2440185547,81596,81606,10
12.9566402435,80.2437362671,81606,81616,10
12.9563102722,80.2436218262,81616,81626,10
12.9558801651,80.2434234619,81626,81636,10
12.9552097321,80.2430801392,81636,81646,10
12.9543199539,80.2426834106,81646,81656,10
12.9533500671,80.2423019409,81656,81666,10
12.9523696899,80.2419281006,81666,81676,10
12.9516801834,80.2417221069,81676,81686,10
12.9516401291,80.2416992188,81686,81697,11
12.9516000748,80.2416610718,81697,81707,10
12.951210022,80.2415008545,81707,81717,10
12.9505701065,80.241317749,81717,81727,10
12.9497804642,80.2410888672,81727,81737,10
12.9490804672,80.2408294678,81737,81747,10
12.9484300613,80.2405471802,81747,81757,10
12.9476099014,80.2402572632,81757,81767,10
12.9471998215,80.2400817871,81767,81777,10
12.9471797943,80.2400817871,81777,81788,11
12.947019577,80.240020752,81788,81798,10
12.9465198517,80.2397994995,81798,81808,10
12.9457902908,80.2394790649,81808,81818,10
12.9450101852,80.2389526367,81818,81828,10
12.9442796707,80.2381591797,81828,81838,10
12.9435100555,80.2373199463,81838,81848,10
12.9426202774,80.236618042,81848,81858,10
12.9415302277,80.2362823486,81858,81869,11
12.9405202866,80.236038208,81869,81879,10
12.939740181,80.235786438,81879,81899,20
12.939740181,80.235786438,81899,81909,10
12.9395704269,80.2356872559,81909,81919,10
12.9390497208,80.2354278564,81919,81929,10
12.9383001328,80.2350463867,81929,81939,10
12.9374303818,80.23462677,81939,81949,10
12.9364795685,80.2341690063,81949,81959,10
12.9355401993,80.2337188721,81959,81970,11
12.9344902039,80.2332763672,81970,81980,10
12.9336700439,80.2329025269,81980,82000,20
12.9336700439,80.2329025269,82000,82010,10
12.9333896637,80.2327575684,82010,82020,10
12.9328203201,80.2325210571,82020,82030,10
12.9320201874,80.2322463989,82030,82040,10
12.9310798645,80.2319488525,82040,82051,11
12.9299497604,80.2316436768,82051,82061,10
12.9288902283,80.2313919067,82061,82071,10
12.9278001785,80.2312164307,82071,82081,10
12.9267902374,80.231086731,82081,82091,10
12.9261903763,80.2310409546,82091,82101,10
12.9261798859,80.2310333252,82101,82111,10
12.9258203506,80.2309799194,82111,82121,10
12.9251899719,80.2308883667,82121,82131,10
12.9243602753,80.2307891846,82131,82142,11
12.9234199524,80.2306594849,82142,82152,10
12.9223003387,80.2304916382,82152,82162,10
12.9212503433,80.2303390503,82162,82172,10
12.9201602936,80.2302017212,82172,82182,10
12.9194202423,80.230140686,82182,82192,10
12.9194002151,80.230140686,82192,82202,10
12.9191398621,80.2300872803,82202,82212,10
12.918510437,80.2300033569,82212,82222,10
12.9180603027,80.2299423218,82222,82233,11
12.9173297882,80.2298431396,82233,82243,10
12.9163999557,80.2296981812,82243,82253,10
12.9153203964,80.2295379639,82253,82263,10
12.9141998291,80.2293777466,82263,82273,10
12.9132995605,80.2292861938,82273,82293,20
12.9132995605,80.2292861938,82293,82303,10
12.9130401611,80.2292404175,82303,82313,10
12.9124298096,80.2291564941,82313,82324,11
12.911529541,80.2290420532,82324,82334,10
12.910369873,80.2288589478,82334,82344,10
12.9091701508,80.2286605835,82344,82354,10
12.9079504013,80.2284622192,82354,82364,10
12.9069299698,80.2283401489,82364,82374,10
12.9067001343,80.2283172607,82374,82384,10
12.9064998627,80.2282791138,82384,82394,10
12.9059200287,80.2282333374,82394,82404,10
12.9050703049,80.2281799316,82404,82414,10
12.9041099548,80.2281188965,82414,82425,11
12.9030199051,80.2280731201,82425,82435,10
12.9020500183,80.2280197144,82435,82445,10
12.9011802673,80.2279586792,82445,82495,50
12.9011802673,80.2279586792,82495,82506,11
12.9009599686,80.2279129028,82506,82516,10
12.9008703232,80.2274703979,82516,82536,20
12.9008703232,80.2274703979,82536,82546,10
12.9008998871,80.2273712158,82546,82556,10
12.9009399414,80.2268676758,82556,82566,10
12.9009799957,80.2260437012,82566,82576,10
12.9010000229,80.2250289917,82576,82586,10
12.9010400772,80.2239379883,82586,82597,11
12.9011001587,80.22265625,82597,82607,10
12.9012403488,80.2214813232,82607,82617,10
12.9013500214,80.2205963135,82617,82627,10
12.9013700485,80.2204437256,82627,82637,10
12.9014396667,80.2200164795,82637,82647,10
12.9015197754,80.2192611694,82647,82657,10
12.901599884,80.2183685303,82657,82667,10
12.9016199112,80.2181625366,82667,82677,10
12.9016895294,80.2177200317,82677,82687,10
12.90184021,80.2169570923,82687,82698,11
12.9022397995,80.2158813477,82698,82708,10
12.902680397,80.2147598267,82708,82718,10
12.903169632,80.2135314941,82718,82728,10
12.9036502838,80.2122879028,82728,82738,10
12.9041500092,80.2110290527,82738,82748,10
12.9046297073,80.2098007202,82748,82758,10
12.9051198959,80.2086029053,82758,82768,10
12.9055995941,80.2074584961,82768,82778,10
12.906080246,80.2063064575,82778,82789,11
12.90666008,80.2050170898,82789,82799,10
12.9072704315,80.2039413452,82799,82809,10
12.9074296951,80.2026824951,82809,82819,10
12.9075202942,80.2013702393,82819,82829,10
12.9076004028,80.2001113892,82829,82839,10
12.9076700211,80.1988525391,82839,82859,20
12.9076700211,80.1988525391,82859,82869,10
12.9077596664,80.1985626221,82869,82880,11
12.9082803726,80.1981201172,82880,82890,10
12.9090003967,80.1976165771,82890,82900,10
12.909819603,80.1970367432,82900,82910,10
12.9106798172,80.1964111328,82910,82920,10
12.9112195969,80.1960220337,82920,82930,10
12.911239624,80.1960525513,82930,82940,10
12.9115495682,80.1958312988,82940,82950,10
12.9120903015,80.1954498291,82950,82961,11
12.9128599167,80.195022583,82961,82971,10
12.9138898849,80.1948013306,82971,82981,10
12.9149198532,80.1945800781,82981,82991,10
12.9160003662,80.1943588257,82991,83001,10
12.9169597626,80.194152832,83001,83011,10
12.9169998169,80.1935424805,83011,83021,10
12.9170999527,80.1926879883,83021,83031,10
12.91726017,80.1914520264,83031,83051,20
12.91726017,80.1914520264,83051,83062,11
12.9172897339,80.1912689209,83062,83072,10
12.9173498154,80.1906890869,83072,83082,10
12.9174804688,80.1897964478,83082,83092,10
12.9179096222,80.1888275146,83092,83102,10
12.9187202454,80.1879196167,83102,83112,10
12.9195899963,80.186920166,83112,83122,10
12.9204397202,80.1858673096,83122,83132,10
12.9204101563,80.1846694946,83132,83142,10
12.9201402664,80.1835327148,83142,83153,11
12.9199304581,80.1826171875,83153,83163,10
12.9199104309,80.1825637817,83163,83173,10
12.9198999405,80.1823883057,83173,83183,10
12.9197702408,80.1818237305,83183,83193,10
12.9195899963,80.1809921265,83193,83203,10
12.9193897247,80.1800231934,83203,83213,10
12.9189395905,80.1790008545,83213,83223,10
12.9182596207,80.1780471802,83223,83233,10
12.9183101654,80.176902771,83233,83244,11
12.9186096191,80.1755828857,83244,83254,10
12.9188995361,80.1743164063,83254,83264,10
12.9192399979,80.1730270386,83264,83274,10
12.9195699692,80.1717681885,83274,83284,10
12.9197902679,80.1709976196,83284,83294,10
12.9197998047,80.1709365845,83294,83304,10
12.919960022,80.1704711914,83304,83314,10
12.9202299118,80.1696090698,83314,83324,10
12.9205703735,80.1685333252,83324,83335,11
12.9210195541,80.1671829224,83335,83345,10
12.9214296341,80.1658935547,83345,83355,10
12.9218397141,80.1645812988,83355,83365,10
12.9222202301,80.1633224487,83365,83375,10
12.9226198196,80.162071228,83375,83385,10
12.9229898453,80.1609115601,83385,83395,10
12.9231004715,80.1605377197,83395,83405,10
12.9231700897,80.1603164673,83405,83415,10
12.9232997894,80.1596603394,83415,83426,11
12.9234199524,80.1585235596,83426,83436,10
12.9235496521,80.1572570801,83436,83446,10
12.9236497879,80.1560516357,83446,83456,10
12.9234399796,80.1552124023,83456,83466,10
12.9233999252,80.1551132202,83466,83476,10
12.9233102798,80.1546707153,83476,83486,10
12.9231300354,80.1539306641,83486,83496,10
12.9228897095,80.1529693604,83496,83506,10
12.922659874,80.1518783569,83506,83517,11
12.9226398468,80.1504898071,83517,83527,10
12.9225997925,80.1491928101,83527,83537,10
12.9225902557,80.1480865479,83537,83547,10
12.9225597382,80.1474075317,83547,83557,10
12.9225502014,80.1473007202,83557,83567,10
12.9225597382,80.1468582153,83567,83577,10
12.9225597382,80.1460723877,83577,83587,10
12.9225101471,80.1450881958,83587,83597,10
12.9224796295,80.1440200806,83597,83608,11
12.9224395752,80.1430511475,83608,83617,9
12.922419548,80.1422424316,83617,83628,11
12.9224004745,80.1416320801,83628,83638,10
12.922419548,80.1415634155,83638,83648,10
12.922419548,80.1412811279,83648,83658,10
12.9224004745,80.1405563354,83658,83668,10
12.922369957,80.1395721436,83668,83678,10
12.922419548,80.1384429932,83678,83689,11
12.9224700928,80.1372299194,83689,83699,10
12.922539711,80.1358413696,83699,83709,10
12.9225902557,80.1345367432,83709,83719,10
12.9226398468,80.1332626343,83719,83729,10
12.9226999283,80.1320571899,83729,83739,10
12.9227199554,80.1312179565,83739,83749,10
12.9227304459,80.1310119629,83749,83759,10
12.9227695465,80.1303710938,83759,83769,10
12.9228200912,80.1294631958,83769,83780,11
12.9229001999,80.1283187866,83780,83790,10
12.9229202271,80.1272735596,83790,83800,10
12.9229402542,80.1261062622,83800,83810,10
12.9230003357,80.1248779297,83810,83820,10
12.9230604172,80.1235961914,83820,83830,10
12.923119545,80.1223068237,83830,83840,10
12.9231901169,80.1211395264,83840,83850,10
12.9232397079,80.1204071045,83850,83860,10
12.9232501984,80.1203613281,83860,83870,10
12.9232501984,80.1202163696,83870,83881,11
12.9233102798,80.1194763184,83881,83891,10
12.9233798981,80.1184921265,83891,83901,10
12.9235696793,80.1175308228,83901,83911,10
12.9238004684,80.116607666,83911,83921,10
12.9239997864,80.1157684326,83921,83931,10
12.9240398407,80.1155014038,83931,83941,10
12.9239501953,80.1151428223,83941,83951,10
12.924200058,80.1150817871,83951,83962,11
12.924539566,80.1154327393,83962,83972,10
12.9251499176,80.1160583496,83972,83982,10
12.9258098602,80.1167526245,83982,83992,10
12.9263896942,80.1175079346,83992,84002,10
12.9270801544,80.118057251,84002,84902,900
12.9270801544,80.118057251,84902,84912,10
12.9273004532,80.1184005737,84912,84922,10
12.9275197983,80.1186218262,84922,84932,10
12.9279003143,80.1189880371,84932,84942,10
12.928440094,80.1195297241,84942,84952,10
12.9290304184,80.1200866699,84952,84962,10
12.9295902252,80.1206283569,84962,84973,11
12.930150032,80.1211700439,84973,84983,10
12.9306898117,80.1217193604,84983,84993,10
12.9312696457,80.1222763062,84993,85003,10
12.9317302704,80.1227493286,85003,85013,10
12.9315595627,80.1228790283,85013,85023,10
12.9312200546,80.1225204468,85023,85033,10
12.9307403564,80.1220169067,85033,85043,10
12.9301395416,80.1214370728,85043,85054,11
12.9294700623,80.1207733154,85054,85064,10
12.9286699295,80.119972229,85064,85074,10
12.9280004501,80.1192626953,85074,85084,10
12.9274301529,80.1186676025,85084,85094,10
12.9271297455,80.1183395386,85094,85104,10
12.9271202087,80.1183166504,85104,85114,10
12.9269895554,80.1181564331,85114,85124,10
12.9266700745,80.1178817749,85124,85134,10
12.9264602661,80.1176605225,85134,85144,10
12.9263896942,80.1176376343,85144,85155,11
12.9262104034,80.1175537109,85155,85165,10
12.9261302948,80.1175003052,85165,85175,10
12.9258003235,80.1172637939,85175,85185,10
12.925330162,80.1167907715,85185,85195,10
12.9248399734,80.1163024902,85195,85205,10
12.9244403839,80.1158828735,85205,85215,10
12.9242296219,80.115737915,85215,85225,10
12.9240198135,80.1160430908,85225,85236,11
12.9238796234,80.1165771484,85236,85246,10
12.9237003326,80.1173782349,85246,85256,10
12.9235095978,80.1182022095,85256,85266,10
12.9234199524,80.119102478,85266,85276,10
12.9233703613,80.1199264526,85276,85286,10
12.9233398438,80.1206283569,85286,85347,61
12.9233398438,80.1206283569,85347,85357,10
12.9232997894,80.1209793091,85357,85367,10
12.9232397079,80.12159729,85367,85377,10
12.9231901169,80.1224517822,85377,85387,10
12.9231500626,80.1234207153,85387,85397,10
12.9231004715,80.12449646,85397,85407,10
12.9230499268,80.1256484985,85407,85417,10
12.9229898453,80.1268081665,85417,85428,11
12.9229202271,80.128036499,85428,85438,10
12.9228601456,80.1290969849,85438,85448,10
12.9228096008,80.1301803589,85448,85458,10
12.9228000641,80.1312026978,85458,85468,10
12.9228000641,80.1313781738,85468,85478,10
12.9227800369,80.1316375732,85478,85488,10
12.922750473,80.1323013306,85488,85498,10
12.9226999283,80.1332397461,85498,85508,10
12.9226398468,80.1343765259,85508,85519,11
12.9225702286,80.1357192993,85519,85529,10
12.9225196838,80.1369171143,85529,85539,10
12.9224596024,80.138092041,85539,85549,10
12.9223804474,80.1392669678,85549,85559,10
12.9224300385,80.1404418945,85559,85569,10
12.9224500656,80.1415786743,85569,85579,10
12.9224901199,80.1427230835,85579,85589,10
12.922539711,80.1436080933,85589,85599,10
12.9225502014,80.1436920166,85599,85610,11
12.922539711,80.1437835693,85610,85620,10
12.922539711,80.1442718506,85620,85630,10
12.9225797653,80.1451568604,85630,85640,10
12.9226303101,80.1462631226,85640,85650,10
12.922659874,80.147277832,85650,85660,10
12.9226703644,80.1474533081,85660,85670,10
12.922659874,80.1478805542,85670,85680,10
12.9226503372,80.1486816406,85680,85690,10
12.9226999283,80.1497116089,85690,85701,11
12.9227399826,80.1510009766,85701,85711,10
12.9227895737,80.1521682739,85711,85721,10
12.9230604172,80.1532974243,85721,85731,10
12.9233398438,80.1543502808,85731,85741,10
12.9234199524,80.1546020508,85741,85751,10
12.9234800339,80.154876709,85751,85761,10
12.9236497879,80.1556015015,85761,85771,10
12.9237003326,80.1566009521,85771,85781,10
12.9235801697,80.1577911377,85781,85792,11
12.9234600067,80.1591186523,85792,85802,10
12.9233102798,80.1602706909,85802,85812,10
12.9229698181,80.1613693237,85812,85822,10
12.9225997925,80.1625137329,85822,85832,10
12.9222097397,80.1636810303,85832,85842,10
12.9218196869,80.1648635864,85842,85852,10
12.9214401245,80.1660614014,85852,85862,10
12.9210500717,80.1672515869,85862,85872,10
12.9207000732,80.1684417725,85872,85883,11
12.9203100204,80.169670105,85883,85893,10
12.9199895859,80.1707077026,85893,85903,10
12.9198598862,80.1711730957,85903,85913,10
12.919839859,80.1712417603,85913,85923,10
12.9197502136,80.1713790894,85923,85933,10
12.9196996689,80.1716384888,85933,85943,10
12.9195404053,80.1721725464,85943,85953,10
12.9193401337,80.1729736328,85953,85963,10
12.9190998077,80.1740036011,85963,85974,11
12.9188098907,80.1751785278,85974,85984,10
12.918510437,80.1762771606,85984,85994,10
12.9183101654,80.1774291992,85994,86004,10
12.9186000824,80.1784973145,86004,86014,10
12.9192800522,80.1794586182,86014,86024,10
12.9195604324,80.1806182861,86024,86034,10
12.9198198318,80.1817932129,86034,86044,10
12.9200801849,80.1829376221,86044,86054,10
12.9203395844,80.1839981079,86054,86065,11
12.9204998016,80.1846466064,86065,86075,10
12.9205102921,80.1846389771,86075,86085,10
12.9205503464,80.184677124,86085,86095,10
12.9206495285,80.1852111816,86095,86105,10
12.9205598831,80.1859817505,86105,86115,10
12.9199399948,80.1866989136,86115,86125,10
12.9192399979,80.1875,86125,86135,10
12.918510437,80.188331604,86135,86145,10
12.9178104401,80.189201355,86145,86156,11
12.9174604416,80.1903610229,86156,86166,10
12.9173402786,80.1913986206,86166,86176,10
12.9172296524,80.1922683716,86176,86186,10
12.9172201157,80.1923675537,86186,86196,10
12.9171800613,80.1925964355,86196,86206,10
12.9170598984,80.1932220459,86206,86216,10
12.9171199799,80.1940383911,86216,86226,10
12.9167804718,80.1943130493,86226,86236,10
12.916680336,80.1943435669,86236,86247,11
12.9162597656,80.1944198608,86247,86257,10
12.9158000946,80.1945037842,86257,86267,10
12.9151096344,80.1946487427,86267,86277,10
12.9142103195,80.1948318481,86277,86287,10
12.913189888,80.195022583,86287,86297,10
12.9122104645,80.1954421997,86297,86307,10
12.9108800888,80.1964035034,86307,86327,20
12.9108800888,80.1964035034,86327,86338,11
12.9105701447,80.1966400146,86338,86348,10
12.9098997116,80.1970825195,86348,86358,10
12.9090595245,80.1976776123,86358,86368,10
12.9081802368,80.1983108521,86368,86378,10
12.9078903198,80.1985397339,86378,86388,10
