12.9874897003,80.2568435669,13,13,0
12.9875402451,80.2561798096,13,23,10
12.9877300262,80.2557525635,23,33,10
12.9882001877,80.255821228,33,43,10
12.988820076,80.255897522,43,53,10
12.9895095825,80.2559509277,53,63,10
12.990240097,80.2559890747,63,73,10
12.9907903671,80.2559967041,73,83,10
12.9914302826,80.2560119629,83,94,11
12.9922504425,80.2560272217,94,104,10
12.9928398132,80.2559509277,104,114,10
12.9933795929,80.2559280396,114,124,10
12.9939002991,80.2559127808,124,134,10
12.9944000244,80.255897522,134,144,10
12.9948997498,80.2558517456,144,154,10
12.9954395294,80.255821228,154,164,10
12.9960899353,80.2558288574,164,174,10
12.9967002869,80.255859375,174,184,10
12.9970998764,80.255859375,184,194,10
12.9976701736,80.255897522,194,245,51
12.9978103638,80.2562484741,245,668,423
12.9978704453,80.2562332153,668,779,111
12.9978504181,80.2563323975,779,1031,252
12.9976797104,80.2565307617,1031,2030,999
12.9976797104,80.2565307617,2030,2040,10
12.9976997375,80.2570571899,2040,2061,21
12.9976997375,80.2570571899,2061,2071,10
12.9979200363,80.2571411133,2071,2081,10
12.9983301163,80.2568435669,2081,2101,20
12.9983901978,80.2569580078,2101,23272,21171
12.9983901978,80.2569580078,23272,23282,10
12.9982700348,80.2569274902,23282,23292,10
12.9980897903,80.2569198608,23292,23302,10
12.9979600906,80.2568817139,23302,23312,10
12.9979600906,80.2566680908,23312,23322,10
12.9979801178,80.256439209,23322,23332,10
12.9977798462,80.256362915,23332,23393,61
12.9977798462,80.256362915,23393,23403,10
12.9977397919,80.2560195923,23403,23413,10
12.9975299835,80.2559585571,23413,23423,10
12.9973497391,80.2559280396,23423,23433,10
12.9970302582,80.2559204102,23433,23443,10
12.9966497421,80.2559127808,23443,23454,11
12.995880127,80.255897522,23454,23464,10
12.9952898026,80.2559204102,23464,23474,10
12.9945898056,80.2559280396,23474,23484,10
12.9937400818,80.2560195923,23484,23494,10
12.9926996231,80.2560806274,23494,23504,10
12.9916095734,80.256072998,23504,23514,10
12.9906396866,80.2560195923,23514,23524,10
12.9896802902,80.2559890747,23524,23534,10
12.9884796143,80.2558898926,23534,23544,10
12.9877099991,80.255859375,23544,23554,10
12.9876098633,80.256439209,23554,23563,9
12.9875497818,80.257232666,23563,23575,12
12.9874601364,80.2585296631,23575,23585,10
12.9873695374,80.2593536377,23585,23595,10
12.9872198105,80.2595977783,23595,23615,20
12.9872198105,80.2595977783,23615,23625,10
12.9868402481,80.2595367432,23625,23635,10
12.9866399765,80.2594299316,23635,23645,10
12.9866304398,80.2594223022,23645,23655,10
12.9866600037,80.2590789795,23655,23665,10
12.9868497849,80.2590484619,23665,24008,343
12.9868497849,80.2590484619,24008,24018,10
12.9873399734,80.2590789795,24018,24028,10
12.9874095917,80.2586212158,24028,24038,10
12.9874601364,80.258102417,24038,24049,11
12.9875097275,80.2574615479,24049,24059,10
12.9876098633,80.2566680908,24059,24069,10
12.9876699448,80.2558517456,24069,24089,20
12.9876699448,80.2558517456,24089,24099,10
12.9879703522,80.2557296753,24099,24109,10
12.9885196686,80.255821228,24109,24119,10
12.988699913,80.2558288574,24119,24129,10
12.9891901016,80.2558898926,24129,24139,10
12.9900197983,80.2559204102,24139,24149,10
12.9907903671,80.2559432983,24149,24159,10
12.9914598465,80.2559814453,24159,24170,11
12.9925403595,80.2560119629,24170,24180,10
12.9935903549,80.2559585571,24180,24190,10
12.9944601059,80.2559204102,24190,24200,10
12.9953098297,80.2558517456,24200,24210,10
12.9962100983,80.2557983398,24210,24220,10
12.9968795776,80.2557907104,24220,24230,10
12.9972801208,80.2557983398,24230,24240,10
12.9979400635,80.255859375,24240,24250,10
12.9986495972,80.2559509277,24250,24260,10
12.9989099503,80.2560119629,24260,24270,10
12.9993896484,80.256111145,24270,24280,10
13.0002002716,80.2562637329,24280,24291,11
13.0011997223,80.2564468384,24291,24301,10
13.0020503998,80.2565765381,24301,24311,10
13.0027198792,80.2566986084,24311,24321,10
13.003279686,80.2568206787,24321,24331,10
13.0039300919,80.2569503784,24331,24341,10
13.0046796799,80.2570877075,24341,24351,10
13.0055704117,80.257232666,24351,24361,10
13.0062799454,80.2573623657,24361,24371,10
13.0065202713,80.2569503784,24371,24381,10
13.0065402985,80.2563018799,24381,24391,10
13.0065698624,80.255531311,24391,24402,11
13.0065898895,80.2546081543,24402,24412,10
13.0065698624,80.2539215088,24412,24422,10
13.0065898895,80.2531433105,24422,24452,30
13.0065898895,80.2531433105,24452,24462,10
13.0065898895,80.2530822754,24462,24472,10
13.0065698624,80.2525405884,24472,24482,10
13.0066299438,80.2519378662,24482,24492,10
13.0066795349,80.251663208,24492,24502,10
13.006770134,80.2509689331,24502,24512,10
13.0067901611,80.2497634888,24512,24523,11
13.0067195892,80.2483901978,24523,24533,10
13.0066699982,80.2473297119,24533,24543,10
13.0066099167,80.2465820313,24543,24553,10
13.0066204071,80.2464828491,24553,24563,10
13.0066795349,80.2460327148,24563,24573,10
13.0066404343,80.2451705933,24573,24583,10
13.0066299438,80.2442474365,24583,24593,10
13.0065803528,80.243560791,24593,24603,10
13.0066003799,80.2428588867,24603,24613,10
13.0065603256,80.2421112061,24613,24623,10
13.0066003799,80.2411270142,24623,24633,10
13.0067396164,80.2402801514,24633,24644,11
13.0069999695,80.2391281128,24644,24654,10
13.0072097778,80.2379989624,24654,24664,10
13.0073900223,80.237159729,24664,24674,10
13.0074195862,80.2368164063,24674,24684,10
13.0074996948,80.236618042,24684,24694,10
13.0076503754,80.2360076904,24694,24704,10
13.0078496933,80.234992981,24704,24714,10
13.0080900192,80.2337799072,24714,24724,10
13.0083599091,80.2323608398,24724,24734,10
13.0086297989,80.2309036255,24734,24744,10
13.0088996887,80.2294769287,24744,24754,10
13.0091495514,80.2282791138,24754,24765,11
13.0096797943,80.2269821167,24765,24775,10
13.0102500916,80.2258071899,24775,24785,10
13.0108098984,80.2247390747,24785,24795,10
13.0112400055,80.2236709595,24795,24805,10
13.0113801956,80.2231216431,24805,24815,10
13.0115499496,80.2228622437,24815,24825,10
13.011759758,80.2222824097,24825,24835,10
13.0120201111,80.2216415405,24835,24845,10
13.012430191,80.2215423584,24845,24855,10
13.0128297806,80.2221374512,24855,24865,10
13.0134000778,80.2227401733,24865,24875,10
13.0140199661,80.2234115601,24875,24886,11
13.0145998001,80.2239227295,24886,24896,10
13.0151395798,80.2244186401,24896,24906,10
13.0158700943,80.2251663208,24906,24916,10
13.016409874,80.2252731323,24916,24926,10
13.0166101456,80.2252578735,24926,24936,10
13.0172796249,80.2249908447,24936,24946,10
13.018239975,80.224609375,24946,24956,10
13.0191602707,80.224281311,24956,24966,10
13.0194196701,80.2243423462,24966,24976,10
13.0198802948,80.2246322632,24976,24986,10
13.0205898285,80.2251586914,24986,24997,11
13.0215597153,80.2258911133,24997,25007,10
13.0225296021,80.2266616821,25007,25017,10
13.0235004425,80.2275390625,25017,25027,10
13.0243396759,80.2284393311,25027,25037,10
13.0250396729,80.2294006348,25037,25047,10
13.025759697,80.2304611206,25047,25057,10
13.0260801315,80.2314224243,25057,25067,10
13.0263299942,80.2322998047,25067,25077,10
13.0265598297,80.232963562,25077,25097,20
13.0265598297,80.232963562,25097,25106,9
13.0266599655,80.2331237793,25106,25118,12
13.0270900726,80.233833313,25118,25128,10
13.0276403427,80.2347488403,25128,25138,10
13.0283498764,80.2358322144,25138,25148,10
13.0291996002,80.2367095947,25148,25158,10
13.0297203064,80.2373428345,25158,25168,10
13.0301799774,80.2381210327,25168,25178,10
13.0307598114,80.2390975952,25178,25188,10
13.0310897827,80.2395935059,25188,25198,10
13.0311603546,80.2397003174,25198,25208,10
13.0313396454,80.2400436401,25208,25218,10
13.0314903259,80.2406387329,25218,25228,10
13.0317697525,80.2413024902,25228,25239,11
13.0321702957,80.2421188354,25239,25249,10
13.032699585,80.2427825928,25249,25259,10
13.0333795547,80.2436523438,25259,25269,10
13.0339899063,80.2445297241,25269,25279,10
13.0345697403,80.2453308105,25279,25289,10
13.0352201462,80.2460021973,25289,25299,10
13.0356302261,80.2460784912,25299,25309,10
13.035900116,80.2461929321,25309,25319,10
13.0363397598,80.246307373,25319,25329,10
13.0370502472,80.2464599609,25329,25339,10
13.0375995636,80.246383667,25339,25349,10
13.0382404327,80.2465362549,25349,25360,11
13.0390501022,80.2468032837,25360,25370,10
13.0397901535,80.2469329834,25370,25380,10
13.0404901505,80.2470626831,25380,25390,10
13.0406398773,80.2470932007,25390,25400,10
13.0409002304,80.2471618652,25400,25410,10
13.0416202545,80.2472915649,25410,25420,10
13.0425195694,80.2475204468,25420,25430,10
13.0433101654,80.2478027344,25430,25440,10
13.0436096191,80.2478179932,25440,25450,10
13.0441198349,80.247756958,25450,25459,9
13.0447502136,80.2479171753,25459,25470,11
13.0453796387,80.2481765747,25470,25481,11
13.0461797714,80.2484512329,25481,25491,10
13.0469102859,80.2483596802,25491,25501,10
13.0470695496,80.2483901978,25501,25511,10
13.0474996567,80.2487106323,25511,25521,10
13.0481300354,80.2493209839,25521,25531,10
13.0487298965,80.2497024536,25531,25541,10
13.0495595932,80.2497787476,25541,25551,10
13.0506496429,80.2499771118,25551,25561,10
13.0517902374,80.2503890991,25561,25571,10
13.0526103973,80.2512588501,25571,25581,10
13.0533504486,80.2522583008,25581,25592,11
13.0542602539,80.2535018921,25592,25602,10
13.0550098419,80.2544784546,25602,25612,10
13.0556497574,80.2553863525,25612,25622,10
13.0563402176,80.2563400269,25622,25632,10
13.0568399429,80.2568130493,25632,25642,10
13.0570201874,80.2569274902,25642,25652,10
13.0575399399,80.2573394775,25652,25662,10
13.0580301285,80.2578582764,25662,25672,10
13.0585002899,80.2585296631,25672,25682,10
13.0591201782,80.2593078613,25682,25692,10
13.059630394,80.2600631714,25692,25702,10
13.0601997375,80.2607192993,25702,25713,11
13.060839653,80.2614212036,25713,25723,10
13.0613803864,80.2620162964,25723,25733,10
13.0619897842,80.2627410889,25733,25743,10
13.0626401901,80.2635269165,25743,25753,10
13.0631103516,80.2640686035,25753,25763,10
13.063249588,80.2642593384,25763,25773,10
13.0636301041,80.2648391724,25773,25783,10
13.0641498566,80.2655792236,25783,25793,10
13.064789772,80.2663803101,25793,25803,10
13.065489769,80.2670669556,25803,25813,10
13.0661201477,80.2677993774,25813,25822,9
13.0666503906,80.2683563232,25822,25834,12
13.0672903061,80.2687530518,25834,25844,10
13.0680303574,80.269203186,25844,25854,10
13.0683698654,80.2691116333,25854,25864,10
13.0685195923,80.2685928345,25864,25874,10
13.0687599182,80.2679290771,25874,25884,10
13.0690898895,80.2671737671,25884,25894,10
13.0697097778,80.2665634155,25894,25904,10
13.0703001022,80.2659378052,25904,25914,10
13.0706396103,80.2655563354,25914,25924,10
13.0711402893,80.2650680542,25924,25934,10
13.0717496872,80.2644424438,25934,25944,10
13.0722999573,80.2637481689,25944,25955,11
13.0726099014,80.2628936768,25955,25965,10
13.0727596283,80.2623977661,25965,25975,10
13.0729503632,80.2618713379,25975,25985,10
13.0730695724,80.2613220215,25985,25995,10
13.0733604431,80.261177063,25995,26005,10
13.0737895966,80.2616577148,26005,26015,10
13.0743198395,80.2622680664,26015,26025,10
13.0748195648,80.2628707886,26025,26035,10
13.0753498077,80.263633728,26035,26045,10
13.0758600235,80.264213562,26045,26055,10
13.0765695572,80.2641601563,26055,26065,10
13.0773601532,80.2640304565,26065,26076,11
13.0776901245,80.2637863159,26076,26086,10
13.0779104233,80.2635879517,26086,26096,10
13.0780897141,80.2633132935,26096,26106,10
13.0779600143,80.2628631592,26106,26116,10
13.0777902603,80.262298584,26116,26126,10
13.077630043,80.2618331909,26126,26136,10
13.0775203705,80.2614822388,26136,26156,20
13.0775203705,80.2614822388,26156,26166,10
13.0774698257,80.2611618042,26166,26176,10
13.0774097443,80.2609863281,26176,26187,11
13.0773096085,80.2607803345,26187,26197,10
13.0771398544,80.260559082,26197,26287,90
13.0771398544,80.260559082,26287,26296,9
13.0768098831,80.2602996826,26296,26308,12
13.0764799118,80.2600479126,26308,26318,10
13.0761404037,80.2597579956,26318,26328,10
13.075799942,80.2594223022,26328,26338,10
13.0755596161,80.2586898804,26338,26368,30
13.0755596161,80.2586898804,26368,26378,10
13.0755701065,80.2584991455,26378,26388,10
13.0756196976,80.2580871582,26388,26398,10
13.0761604309,80.2576599121,26398,26408,10
13.076789856,80.2570800781,26408,26418,10
13.077460289,80.2567367554,26418,26429,11
13.0783500671,80.2566299438,26429,26439,10
13.0790596008,80.2565002441,26439,26449,10
13.079079628,80.2559127808,26449,26459,10
13.0789899826,80.2548599243,26459,26509,50
13.0789899826,80.2548599243,26509,26519,10
13.0790700912,80.2545471191,26519,26529,10
13.0795898438,80.2545318604,26529,26539,10
13.0801200867,80.2546386719,26539,26550,11
13.0809001923,80.2547836304,26550,26560,10
13.0815696716,80.2548217773,26560,26570,10
13.0818195343,80.2543029785,26570,26580,10
13.0819301605,80.2537078857,26580,26590,10
13.0818500519,80.2529525757,26590,26600,10
13.0814304352,80.2521820068,26600,26610,10
13.0813999176,80.251373291,26610,26620,10
13.0813903809,80.2508621216,26620,26630,10
13.0813903809,80.2502365112,26630,26640,10
13.0815000534,80.2496032715,26640,26650,10
13.0821800232,80.2496795654,26650,26660,10
13.0831003189,80.2498016357,26660,26671,11
13.0840902328,80.2499923706,26671,26681,10
13.0848197937,80.2501373291,26681,26691,10
13.0854997635,80.2502670288,26691,26701,10
13.0859298706,80.2501983643,26701,26711,10
13.0859098434,80.2496490479,26711,26721,10
13.0858802795,80.248878479,26721,26731,10
13.0858402252,80.2480316162,26731,26741,10
13.085849762,80.2471313477,26741,26751,10
13.0857896805,80.2463912964,26751,26761,10
13.085729599,80.2457199097,26761,26771,10
13.0857496262,80.2451400757,26771,26781,10
13.0861101151,80.2448425293,26781,26792,11
13.0867595673,80.2443237305,26792,26802,10
13.0874500275,80.2437820435,26802,26812,10
13.0878601074,80.2431488037,26812,26822,10
13.0879602432,80.2425537109,26822,26832,10
13.088259697,80.2419815063,26832,26842,10
13.0889196396,80.2415008545,26842,26852,10
13.0895996094,80.2410507202,26852,26862,10
13.0904197693,80.2407989502,26862,26872,10
13.0913696289,80.2408370972,26872,26882,10
13.0923204422,80.2408981323,26882,26891,9
13.093000412,80.2409362793,26891,26902,11
13.0937900543,80.2410812378,26902,26913,11
13.0944900513,80.2412109375,26913,26923,10
13.0949897766,80.2413101196,26923,26933,10
13.0955600739,80.2414779663,26933,26943,10
13.0962495804,80.2417373657,26943,26953,10
13.0970201492,80.2419891357,26953,26963,10
13.0973701477,80.2420806885,26963,26973,10
13.0975103378,80.2421035767,26973,26983,10
13.0979795456,80.2422027588,26983,26993,10
13.0984096527,80.2422790527,26993,27003,10
13.098690033,80.2422714233,27003,27013,10
13.0988101959,80.2420425415,27013,27024,11
13.0986700058,80.2418212891,27024,27034,10
13.0985202789,80.2420883179,27034,27074,40
13.0985898972,80.2422485352,27074,28647,1573
13.0985898972,80.2422485352,28647,28657,10
13.0982103348,80.2423629761,28657,28667,10
13.0977802277,80.2422790527,28667,28677,10
13.0974798203,80.2422103882,28677,28687,10
13.0970096588,80.2420425415,28687,28697,10
13.0963096619,80.2417907715,28697,28707,10
13.0958003998,80.2416000366,28707,28717,10
13.0954504013,80.2414627075,28717,28727,10
13.0948696136,80.2412796021,28727,28737,10
13.0944900513,80.2412261963,28737,28747,10
13.0939798355,80.2411499023,28747,28758,11
13.0935897827,80.2410964966,28758,28768,10
13.0934896469,80.2410888672,28768,28778,10
13.0929498672,80.2410125732,28778,28788,10
13.0924797058,80.2409515381,28788,28798,10
13.0919599533,80.2409210205,28798,28808,10
13.0910997391,80.2408905029,28808,28818,10
13.0900497437,80.2409210205,28818,28828,10
13.0891704559,80.2414016724,28828,28838,10
13.0883398056,80.2420120239,28838,28848,10
13.0879096985,80.2428436279,28848,28858,10
13.0878601074,80.2432785034,28858,28868,10
13.0875902176,80.2437133789,28868,28879,11
13.0868797302,80.2442932129,28879,28889,10
13.0861797333,80.2448730469,28889,28899,10
13.085849762,80.2451934814,28899,28909,10
13.0856800079,80.2456970215,28909,28919,10
13.0857496262,80.2464599609,28919,28929,10
13.0857896805,80.2466888428,28929,28939,10
13.0858201981,80.2470779419,28939,28949,10
13.0858802795,80.2479019165,28949,28959,10
13.0859298706,80.2489318848,28959,28969,10
13.0859804153,80.2500991821,28969,28979,10
13.0859003067,80.2508087158,28979,28989,10
13.0857601166,80.2516937256,28989,29000,11
13.0856399536,80.2526397705,29000,29010,10
13.0855903625,80.25340271,29010,29020,10
13.0856304169,80.254119873,29020,29030,10
13.0856199265,80.2546920776,29030,29040,10
13.0851802826,80.254737854,29040,29050,10
13.0845098495,80.2546386719,29050,29060,10
13.083990097,80.2545776367,29060,29070,10
13.0838603973,80.2545776367,29070,29080,10
13.0833597183,80.2545166016,29080,29090,10
13.0826501846,80.2544937134,29090,29100,10
13.0822401047,80.2545013428,29100,29110,10
13.0817203522,80.2547683716,29110,29121,11
13.0810203552,80.2548217773,29121,29131,10
13.0808801651,80.2548065186,29131,29141,10
13.0805397034,80.254737854,29141,29151,10
13.0798397064,80.2546463013,29151,29161,10
13.0791301727,80.2546920776,29161,29171,10
13.0790901184,80.255279541,29171,29181,10
13.0791797638,80.256477356,29181,29201,20
13.0791797638,80.256477356,29201,29211,10
13.0790300369,80.2566680908,29211,29221,10
13.0783700943,80.2566680908,29221,29232,11
13.0775299072,80.2567520142,29232,29241,9
13.0769100189,80.2570114136,29241,29252,11
13.0761604309,80.2576599121,29252,29262,10
13.0756397247,80.2581329346,29262,29272,10
13.0755195618,80.2581863403,29272,29282,10
13.0755701065,80.2586364746,29282,29292,10
13.0758304596,80.2593307495,29292,29302,10
13.0764198303,80.2599105835,29302,29312,10
13.0769395828,80.2604293823,29312,29322,10
13.0773296356,80.2609710693,29322,29332,10
13.0775995255,80.2615814209,29332,29342,10
13.0777997971,80.2621231079,29342,29393,51
13.0777997971,80.2621231079,29393,29403,10
13.07791996,80.2624893188,29403,29413,10
13.0779800415,80.2628173828,29413,29423,10
13.0782403946,80.2632675171,29423,29433,10
13.0780296326,80.2635192871,29433,29443,10
13.0777397156,80.2637405396,29443,29453,10
13.0771999359,80.2640686035,29453,29463,10
13.076499939,80.2641983032,29463,29473,10
13.0758104324,80.2642364502,29473,29484,11
13.0753602982,80.2636413574,29484,29494,10
13.0748901367,80.2630767822,29494,29504,10
13.0744695663,80.2625579834,29504,29514,10
13.0739498138,80.2619476318,29514,29524,10
13.0736703873,80.2616424561,29524,29534,10
13.0735998154,80.2615890503,29534,29544,10
13.073220253,80.261428833,29544,29554,10
13.072930336,80.262008667,29554,29564,10
13.0726995468,80.2627410889,29564,29574,10
13.0725097656,80.2632598877,29574,29584,10
13.0722198486,80.2638626099,29584,29595,11
13.0717096329,80.2644805908,29595,29605,10
13.0714998245,80.2646865845,29605,29615,10
13.0713996887,80.2647705078,29615,29625,10
13.0710401535,80.2651367188,29625,29635,10
13.0705099106,80.2657165527,29635,29645,10
13.0699300766,80.2663192749,29645,29655,10
13.0693397522,80.2669219971,29655,29665,10
13.0688896179,80.267578125,29665,29675,10
13.0686101913,80.268447876,29675,29685,10
13.0684204102,80.2692337036,29685,29695,10
13.0682401657,80.270072937,29695,29705,10
13.068110466,80.2709274292,29705,29716,11
13.0675497055,80.2707824707,29716,29726,10
13.0671300888,80.2703399658,29726,29736,10
13.0670604706,80.2702636719,29736,29746,10
13.0666904449,80.2698669434,29746,29756,10
13.0664701462,80.2691268921,29756,29766,10
13.0661897659,80.2682418823,29766,29776,10
13.065489769,80.2676925659,29776,29786,10
13.065290451,80.2676620483,29786,29796,10
13.065199852,80.2676315308,29796,29806,10
13.064740181,80.2675323486,29806,29816,10
13.0640096664,80.2674102783,29816,29826,10
13.063170433,80.2672424316,29826,29837,11
13.0623903275,80.2667694092,29837,29847,10
13.0618200302,80.2660217285,29847,29857,10
13.0612001419,80.2652587891,29857,29867,10
13.0605297089,80.2654190063,29867,29877,10
13.0604400635,80.2654724121,29877,29887,10
13.060259819,80.2655563354,29887,29897,10
13.059679985,80.2656021118,29897,29907,10
13.0589103699,80.2654800415,29907,29917,10
13.0581998825,80.2652130127,29917,29927,10
13.0580101013,80.2642974854,29927,29937,10
13.057849884,80.2631835938,29937,29947,10
13.0576896667,80.262008667,29947,29958,11
13.0574598312,80.260848999,29958,29968,10
13.0571699142,80.2598114014,29968,29978,10
13.0567798615,80.2585678101,29978,29988,10
13.0565099716,80.2573394775,29988,30008,20
13.0565099716,80.2573394775,30008,30018,10
13.0564002991,80.2569198608,30018,30028,10
13.0561304092,80.2562332153,30028,30038,10
13.0556201935,80.2555007935,30038,30048,10
13.0549898148,80.2546234131,30048,30058,10
13.0543003082,80.2537918091,30058,30068,10
13.0541000366,80.2535400391,30068,30079,11
13.053899765,80.2532577515,30079,30089,10
13.0535001755,80.2526321411,30089,30099,10
13.0528898239,80.2517700195,30099,30109,10
13.0522899628,80.2509536743,30109,30119,10
13.0514698029,80.2502288818,30119,30129,10
13.050330162,80.2499237061,30129,30139,10
13.0491504669,80.2497787476,30139,30149,10
13.0481100082,80.2494125366,30149,30159,10
13.0472698212,80.2487030029,30159,30169,10
13.0469503403,80.248626709,30169,30179,10
13.0467395782,80.2486190796,30179,30189,10
13.0461301804,80.2485275269,30189,30200,11
13.0452203751,80.2481613159,30200,30210,10
13.0441799164,80.2479782104,30210,30220,10
13.0430698395,80.2478179932,30220,30230,10
13.0421800613,80.2476501465,30230,30240,10
13.0415496826,80.2475204468,30240,30250,10
13.0410003662,80.2473678589,30250,30260,10
13.0402402878,80.2472000122,30260,30270,10
13.0397195816,80.2471084595,30270,30280,10
13.0393695831,80.246963501,30280,30290,10
13.0387897491,80.2468566895,30290,30300,10
13.0381402969,80.2467422485,30300,30309,9
13.0374498367,80.2466201782,30309,30321,12
13.0364398956,80.2464370728,30321,30331,10
13.0353002548,80.2461013794,30331,30351,20
13.0353002548,80.2461013794,30351,30361,10
13.0351600647,80.2459716797,30361,30371,10
13.034819603,80.2456588745,30371,30381,10
13.0343399048,80.2450332642,30381,30391,10
13.0336799622,80.2442626953,30391,30401,10
13.0328903198,80.2432479858,30401,30411,10
13.0321998596,80.2422790527,30411,30421,10
13.0316896439,80.2412490845,30421,30431,10
13.0311403275,80.2400970459,30431,30442,11
13.0306997299,80.2392120361,30442,30452,10
13.0301399231,80.2382125854,30452,30462,10
13.0294599533,80.2371520996,30462,30472,10
13.0290699005,80.2367782593,30472,30482,10
13.028840065,80.2365264893,30482,30492,10
13.028380394,80.2359771729,30492,30502,10
13.0278301239,80.2352371216,30502,30510,8
13.0274000168,80.2344512939,30510,30522,12
13.0267601013,80.2334136963,30522,30532,10
13.0266304016,80.2332000732,30532,30542,10
13.0263795853,80.2327270508,30542,30552,10
13.026140213,80.2319717407,30552,30563,11
13.02602005,80.2315216064,30563,30573,10
13.0258703232,80.23097229,30573,30583,10
13.0254602432,80.2301712036,30583,30593,10
13.024889946,80.2293777466,30593,30603,10
13.0246801376,80.2291107178,30603,30613,10
13.0244197845,80.2287597656,30613,30623,10
13.0240497589,80.2283401489,30623,30633,10
13.0240001678,80.2282791138,30633,30643,10
13.0238399506,80.2280502319,30643,30653,10
13.0234203339,80.2276229858,30653,30663,10
13.0228996277,80.2270965576,30663,30673,10
13.0222196579,80.2265090942,30673,30684,11
13.0213298798,80.2257766724,30684,30694,10
13.0205602646,80.2252197266,30694,30704,10
13.0200500488,80.2248687744,30704,30714,10
13.019900322,80.2247695923,30714,30724,10
13.0193300247,80.2245178223,30724,30734,10
13.0184497833,80.2246704102,30734,30744,10
13.0174999237,80.2250595093,30744,30754,10
13.0166397095,80.2254333496,30754,30764,10
13.0161104202,80.2256164551,30764,30774,10
13.0154695511,80.2258300781,30774,30784,10
13.0150203705,80.2260513306,30784,30795,11
13.0146102905,80.2261810303,30795,30805,10
13.0145397186,80.2262191772,30805,30815,10
13.0144996643,80.2262268066,30815,30825,10
13.0141601563,80.226348877,30825,30835,10
13.013469696,80.2266082764,30835,30845,10
13.0126104355,80.2269515991,30845,30855,10
13.0116701126,80.2273330688,30855,30865,10
13.0106496811,80.2277297974,30865,30875,10
13.0096597672,80.2281570435,30875,30885,10
13.0091104507,80.2288131714,30885,30895,10
13.0089302063,80.2298126221,30895,30904,9
13.0087499619,80.230796814,30904,30916,12
13.0085096359,80.2322006226,30916,30926,10
13.0083503723,80.2332305908,30926,30936,10
13.0082798004,80.2336196899,30936,30946,10
13.0082302094,80.2337036133,30946,30956,10
13.0081300735,80.2340774536,30956,30966,10
13.0079898834,80.2347793579,30966,30976,10
13.0079298019,80.2350692749,30976,30986,10
13.0078001022,80.2356414795,30986,30996,10
13.0076198578,80.2365112305,30996,31006,10
13.0074100494,80.2375717163,31006,31016,10
13.0072402954,80.2386627197,31016,31025,9
13.0069503784,80.2401504517,31025,31067,42
13.0069503784,80.2401504517,31067,31077,10
13.0069799423,80.2405700684,31077,31087,10
13.0068702698,80.2409896851,31087,31097,10
13.0067796707,80.2416610718,31097,31107,10
13.006770134,80.2425613403,31107,31117,10
13.0067300797,80.2435073853,31117,31127,10
13.0067100525,80.2445068359,31127,31137,10
13.0067300797,80.2454528809,31137,31147,10
13.0067300797,80.2462997437,31147,31158,11
13.0067300797,80.2471084595,31158,31168,10
13.0067195892,80.2478713989,31168,31178,10
13.0067501068,80.2488632202,31178,31188,10
13.0067796707,80.2499389648,31188,31198,10
13.0067596436,80.2508621216,31198,31208,10
13.0067195892,80.251663208,31208,31218,10
13.0065803528,80.2524490356,31218,31228,10
13.0065803528,80.2532424927,31228,31238,10
13.0065803528,80.2542190552,31238,31248,10
13.0066299438,80.2549972534,31248,31258,10
13.0066099167,80.2550888062,31258,31268,10
13.0066299438,80.2552566528,31268,31279,11
13.006649971,80.2560119629,31279,31289,10
13.0066995621,80.2571716309,31289,31309,20
13.0066995621,80.2571716309,31309,31319,10
13.0067796707,80.2573394775,31319,31329,10
13.0064496994,80.2575378418,31329,31339,10
13.0058097839,80.2574005127,31339,31349,10
13.0050096512,80.2572097778,31349,31359,10
13.0041704178,80.2570266724,31359,31369,10
13.0033302307,80.2568817139,31369,31379,10
13.0024795532,80.2567214966,31379,31388,9
13.0017700195,80.2565994263,31388,31400,12
13.0008296967,80.2564620972,31400,31410,10
12.9997997284,80.2562713623,31410,31420,10
12.9989299774,80.256111145,31420,31430,10
12.9985704422,80.256072998,31430,31440,10
12.9985198975,80.256072998,31440,31450,10
12.9981803894,80.2559967041,31450,31460,10
12.9976396561,80.2559280396,31460,31470,10
12.9969301224,80.2558898926,31470,31480,10
12.9966201782,80.2558670044,31480,31490,10
12.9961004257,80.2558898926,31490,31500,10
12.9953203201,80.2559127808,31500,31510,10
12.9943704605,80.2559432983,31510,31521,11
12.993350029,80.2560272217,31521,31531,10
12.9922800064,80.256072998,31531,31541,10
12.9913101196,80.2560501099,31541,31551,10
12.9904499054,80.2559967041,31551,31561,10
12.9895200729,80.2559661865,31561,31571,10
12.9886798859,80.2559204102,31571,31581,10
12.9884395599,80.2559204102,31581,31591,10
12.9880304337,80.255859375,31591,31601,10
12.9876499176,80.255897522,31601,31611,10
12.9875802994,80.2564468384,31611,31621,10
12.9875097275,80.2572402954,31621,31630,9
12.9874401093,80.2581710815,31630,31642,12
12.9872303009,80.2595291138,31642,31672,30
12.9871501923,80.2595977783,31672,31722,50
12.9871501923,80.2595977783,31722,31732,10
12.9868001938,80.2594985962,31732,31742,10
12.986700058,80.2594833374,31742,31752,10
12.9865999222,80.2594223022,31752,31763,11
12.9865903854,80.2591934204,31763,31833,70
12.9867401123,80.2590026855,31833,31894,61
12.9867401123,80.2590026855,31894,33026,1132
12.9865703583,80.2590332031,33026,33036,10
12.9868097305,80.2590789795,33036,33077,41
12.9868097305,80.2590789795,33077,33087,10
12.9873199463,80.2590637207,33087,33097,10
12.9874000549,80.2586975098,33097,33107,10
12.987449646,80.2581100464,33107,33117,10
12.9875001907,80.2574691772,33117,33127,10
12.9875602722,80.2567977905,33127,33137,10
12.9876298904,80.2562866211,33137,33167,30
12.9876298904,80.2562866211,33167,33177,10
12.9876499176,80.2560501099,33177,33187,10
12.987660408,80.2557830811,33187,33198,11
12.987950325,80.2557525635,33198,33208,10
12.9882497787,80.2557983398,33208,33218,10
12.9885597229,80.2558364868,33218,33228,10
12.9886398315,80.2558517456,33228,33238,10
12.9890604019,80.255897522,33238,33248,10
12.9897298813,80.2559432983,33248,33258,10
12.9903097153,80.2559280396,33258,33268,10
12.9908800125,80.2559585571,33268,33278,10
12.9917602539,80.2559967041,33278,33288,10
12.9928302765,80.2560119629,33288,33298,10
12.9937200546,80.2559585571,33298,33308,10
12.9944000244,80.2559280396,33308,33319,11
12.9953899384,80.2558364868,33319,33329,10
12.9960899353,80.2558364868,33329,33349,20
12.9960899353,80.2558364868,33349,33359,10
12.9963998795,80.255859375,33359,33369,10
12.9967803955,80.2558364868,33369,33379,10
12.997209549,80.2558364868,33379,33389,10
12.9977798462,80.2558822632,33389,33399,10
12.998459816,80.2559585571,33399,33409,10
12.9985599518,80.2559814453,33409,33419,10
12.9988298416,80.2560195923,33419,33428,9
12.9991798401,80.256072998,33428,33460,32
12.9991798401,80.256072998,33460,33470,10
12.9993000031,80.2561035156,33470,33480,10
12.9997501373,80.2561798096,33480,33490,10
13.0004997253,80.2563323975,33490,33500,10
13.0012702942,80.2564620972,33500,33510,10
13.0018796921,80.2565612793,33510,33520,10
13.0022802353,80.2566223145,33520,33530,10
13.002699852,80.2566986084,33530,33540,10
13.0032300949,80.2568206787,33540,33550,10
13.0038795471,80.2569503784,33550,33561,11
13.0047397614,80.2571105957,33561,33571,10
13.0055198669,80.2572402954,33571,33581,10
13.0057897568,80.2573928833,33581,33601,20
13.0057897568,80.2573928833,33601,33611,10
13.0060901642,80.2573928833,33611,33621,10
13.0065202713,80.2574005127,33621,33631,10
13.0065202713,80.2570800781,33631,33641,10
13.006529808,80.2563400269,33641,33651,10
13.0065402985,80.2552566528,33651,33661,10
13.0065402985,80.2541732788,33661,33670,9
13.0065097809,80.2535095215,33670,33682,12
13.0065097809,80.2530212402,33682,33692,10
13.0065002441,80.2524185181,33692,33702,10
13.0065402985,80.2520904541,33702,33712,10
13.0066604614,80.2515869141,33712,33722,10
13.0067396164,80.2509536743,33722,33732,10
13.0067300797,80.25,33732,33742,10
13.0067100525,80.2490234375,33742,33752,10
13.0066404343,80.248336792,33752,33762,10
13.0066204071,80.2479095459,33762,33772,10
13.0066204071,80.2473678589,33772,33782,10
13.0066604614,80.2470016479,33782,33791,9
13.0066299438,80.2467193604,33791,33803,12
13.0066604614,80.2462310791,33803,33813,10
13.0066604614,80.2454681396,33813,33823,10
13.0066099167,80.244720459,33823,33833,10
13.0066003799,80.2440490723,33833,33843,10
13.0066204071,80.2434616089,33843,33853,10
13.0066003799,80.2426681519,33853,33863,10
13.0066003799,80.2416305542,33863,33873,10
13.0067195892,80.2406768799,33873,33883,10
13.006939888,80.2396469116,33883,33893,10
13.0071697235,80.2384033203,33893,33903,10
13.0074195862,80.2369003296,33903,33924,21
13.0074195862,80.2369003296,33924,33934,10
13.0075101852,80.236579895,33934,33944,10
13.0076704025,80.2359085083,33944,33954,10
13.0078496933,80.2350082397,33954,33964,10
13.008099556,80.2339324951,33964,33974,10
13.0083599091,80.2325820923,33974,33984,10
13.0086097717,80.2312088013,33984,33994,10
13.0088796616,80.2299194336,33994,34004,10
13.0091295242,80.2286224365,34004,34014,10
13.0095500946,80.2274093628,34014,34024,10
13.0100803375,80.2262268066,34024,34034,10
13.0105695724,80.225189209,34034,34045,11
13.0109796524,80.2241973877,34045,34055,10
13.0113697052,80.2232589722,34055,34065,10
13.0117502213,80.222328186,34065,34075,10
13.0119304657,80.2216110229,34075,34085,10
13.0122995377,80.2215576172,34085,34095,10
13.0125999451,80.2220535278,34095,34105,10
13.0131597519,80.2226409912,34105,34115,10
13.0138998032,80.2232589722,34115,34125,10
13.0141601563,80.2235183716,34125,34135,10
13.0144300461,80.2239074707,34135,34145,10
13.0149297714,80.2245635986,34145,34155,10
13.0153198242,80.2249603271,34155,34166,11
13.0156698227,80.2251815796,34166,34176,10
13.016169548,80.2253417969,34176,34186,10
13.0167703629,80.2252197266,34186,34196,10
13.0174102783,80.2249832153,34196,34206,10
13.0181503296,80.2246398926,34206,34216,10
13.0192804337,80.2242889404,34216,34236,20
13.0192804337,80.2242889404,34236,34246,10
13.019370079,80.2243423462,34246,34256,10
13.0196504593,80.2244796753,34256,34266,10
13.0196504593,80.2244873047,34266,34276,10
13.0197296143,80.2246322632,34276,34287,11
13.0201797485,80.2249221802,34287,34297,10
13.0207300186,80.2252883911,34297,34307,10
13.0212802887,80.2257232666,34307,34317,10
13.021900177,80.2261810303,34317,34327,10
13.0225801468,80.2267227173,34327,34337,10
13.0233898163,80.2274398804,34337,34347,10
13.024140358,80.2281799316,34347,34357,10
13.0247297287,80.2289810181,34357,34367,10
13.025349617,80.2297592163,34367,34377,10
13.0258197784,80.2305374146,34377,34387,10
13.0260000229,80.23097229,34387,34397,10
13.0261201859,80.2314682007,34397,34408,11
13.0263204575,80.2322387695,34408,34418,10
13.0265398026,80.2327804565,34418,34448,30
13.0265398026,80.2327804565,34448,34458,10
13.0265197754,80.2329025269,34458,34468,10
13.0268001556,80.2333679199,34468,34478,10
13.0272397995,80.2340698242,34478,34488,10
13.0277299881,80.2349319458,34488,34498,10
13.0283699036,80.2358398438,34498,34508,10
13.0291996002,80.2367019653,34508,34518,10
13.0295801163,80.2371673584,34518,34529,11
13.0296297073,80.2372283936,34529,34539,10
13.0298995972,80.2376480103,34539,34549,10
13.0303297043,80.2384262085,34549,34559,10
13.031080246,80.239616394,34559,34650,91
13.031080246,80.239616394,34650,34660,10
13.0312099457,80.2398605347,34660,34670,10
13.0314397812,80.2403106689,34670,34680,10
13.0316295624,80.2409973145,34680,34690,10
13.0319795609,80.2416763306,34690,34700,10
13.0324001312,80.2423629761,34700,34710,10
13.0329504013,80.2430801392,34710,34720,10
13.0335197449,80.2438735962,34720,34730,10
13.0340900421,80.244682312,34730,34740,10
13.0346603394,80.2453536987,34740,34750,10
13.0352602005,80.2459564209,34750,34760,10
13.0357599258,80.246131897,34760,34771,11
13.035779953,80.246131897,34771,34781,10
13.0360498428,80.2462921143,34781,34791,10
13.0366802216,80.246421814,34791,34801,10
13.0374097824,80.246421814,34801,34811,10
13.0380001068,80.2464981079,34811,34821,10
13.0388002396,80.2467575073,34821,34831,10
13.0397500992,80.2470016479,34831,34841,10
13.0406198502,80.2471389771,34841,34851,10
13.0408601761,80.2472000122,34851,34861,10
13.0409698486,80.247253418,34861,34871,10
13.0415401459,80.2473678589,34871,34880,9
13.042140007,80.2475128174,34880,34892,12
13.0430698395,80.247756958,34892,34902,10
13.0439100266,80.2478027344,34902,34912,10
13.044549942,80.2479095459,34912,34922,10
13.0451097488,80.2481307983,34922,34932,10
13.045800209,80.2483673096,34932,34942,10
13.046959877,80.2483520508,34942,34962,20
13.046959877,80.2483520508,34962,34972,10
13.0471200943,80.2484130859,34972,34982,10
13.0474500656,80.2487411499,34982,34992,10
13.0479097366,80.2491989136,34992,35001,9
13.0483398438,80.2495803833,35001,35013,12
13.0491199493,80.2497711182,35013,35023,10
13.0501098633,80.2499237061,35023,35033,10
13.0511302948,80.2501525879,35033,35043,10
13.0520496368,80.2506637573,35043,35053,10
13.0528001785,80.2516021729,35053,35063,10
13.0535802841,80.2526321411,35063,35073,10
13.0542097092,80.2534790039,35073,35083,10
13.0548095703,80.2543106079,35083,35093,10
13.0553798676,80.2550735474,35093,35102,9
13.0559196472,80.2557678223,35102,35113,11
13.0568704605,80.2568817139,35113,35133,20
13.0568704605,80.2568817139,35133,35144,11
13.0572299957,80.2571868896,35144,35154,10
13.0577802658,80.2577133179,35154,35164,10
13.0582704544,80.2583236694,35164,35173,9
13.0586996078,80.2589416504,35173,35184,11
13.0592498779,80.2597198486,35184,35194,10
13.0598802567,80.2602615356,35194,35204,10
13.0604400635,80.2608413696,35204,35214,10
13.0607595444,80.2612609863,35214,35224,10
13.0608100891,80.2613525391,35224,35234,10
13.0610599518,80.26171875,35234,35244,10
13.0614900589,80.262260437,35244,35254,10
13.0620002747,80.262878418,35254,35265,11
13.0627202988,80.2636795044,35265,35275,10
13.0631904602,80.2641906738,35275,35285,10
13.0632095337,80.2641906738,35285,35295,10
13.0633802414,80.2644882202,35295,35305,10
13.0637598038,80.2650680542,35305,35315,10
13.0642299652,80.2657470703,35315,35325,10
13.0648298264,80.2665023804,35325,35335,10
13.0654697418,80.2671203613,35335,35345,10
13.066069603,80.2678070068,35345,35355,10
13.0668001175,80.2684402466,35355,35365,10
13.0671396255,80.2685928345,35365,35375,10
13.0672197342,80.2686309814,35375,35386,11
13.0675897598,80.2688980103,35386,35396,10
13.0681400299,80.269241333,35396,35406,10
13.0684604645,80.2691802979,35406,35416,10
13.0685195923,80.2686920166,35416,35426,10
13.0687503815,80.2680206299,35426,35436,10
13.0689496994,80.2673721313,35436,35446,10
13.0693502426,80.2668075562,35446,35456,10
13.0703601837,80.2657928467,35456,35476,20
13.0703601837,80.2657928467,35476,35485,9
13.0704698563,80.2657012939,35485,35496,11
13.0707902908,80.2653503418,35496,35507,11
13.071269989,80.2648468018,35507,35517,10
13.0718097687,80.2642669678,35517,35527,10
13.0721197128,80.2638778687,35527,35537,10
13.0724096298,80.2632522583,35537,35547,10
13.0726203918,80.2626800537,35547,35557,10
13.0728397369,80.2620162964,35557,35567,10
13.0728702545,80.261932373,35567,35577,10
13.0729398727,80.2617034912,35577,35587,10
13.0730495453,80.2611465454,35587,35597,10
13.0731496811,80.2606430054,35597,35607,10
13.0734901428,80.2601089478,35607,35617,10
13.0739097595,80.2594604492,35617,35628,11
13.0742797852,80.2590713501,35628,35638,10
13.0748195648,80.2586212158,35638,35648,10
13.0752496719,80.2582626343,35648,35658,10
13.0752801895,80.2582397461,35658,35668,10
13.0753202438,80.2582092285,35668,35678,10
13.0756101608,80.2580413818,35678,35688,10
13.0760498047,80.2576980591,35688,35698,10
13.0766000748,80.2571716309,35698,35708,10
13.0772895813,80.2567596436,35708,35718,10
13.0781002045,80.2566070557,35718,35728,10
13.0788898468,80.2565536499,35728,35738,10
13.0790596008,80.256149292,35738,35749,11
13.0790195465,80.2553863525,35749,35759,10
13.0789299011,80.2547607422,35759,35769,10
13.0793199539,80.2545623779,35769,35779,10
13.0798501968,80.2546081543,35779,35789,10
13.079870224,80.2546081543,35789,35799,10
13.0800895691,80.2546920776,35799,35809,10
13.0805997849,80.2547607422,35809,35819,10
13.0812797546,80.2548370361,35819,35829,10
13.081700325,80.2546768188,35829,35839,10
13.0817899704,80.25415802,35839,35849,10
13.0818300247,80.2536087036,35849,35859,10
13.0818500519,80.2529907227,35859,35870,11
13.0815296173,80.252456665,35870,35880,10
13.0813703537,80.2517776489,35880,35890,10
13.0813503265,80.2511291504,35890,35900,10
13.0813503265,80.2507019043,35900,35910,10
13.0813302994,80.2501831055,35910,35920,10
13.0813703537,80.2496185303,35920,35930,10
13.081990242,80.2496795654,35930,35940,10
13.0827798843,80.2498092651,35940,35950,10
13.0834503174,80.2499389648,35950,35960,10
13.0846004486,80.2501220703,35960,35980,20
13.0846004486,80.2501220703,35980,35991,11
13.0851697922,80.2502365112,35991,36001,10
13.085729599,80.2503433228,36001,36011,10
13.0859804153,80.2500534058,36011,36021,10
13.0859203339,80.2493286133,36021,36031,10
13.0858802795,80.248626709,36031,36041,10
13.0858402252,80.2479400635,36041,36051,10
13.0857896805,80.2471466064,36051,36061,10
13.0857696533,80.2466430664,36061,36071,10
13.0857601166,80.2465515137,36071,36081,10
13.0857000351,80.2460174561,36081,36091,10
13.0856599808,80.2453384399,36091,36132,41
13.0856599808,80.2453384399,36132,36142,10
13.0857400894,80.2451782227,36142,36152,10
13.0860795975,80.2448806763,36152,36162,10
13.0866203308,80.2444229126,36162,36172,10
13.0871801376,80.243927002,36172,36182,10
13.0877103806,80.2434082031,36182,36192,10
13.087849617,80.2427825928,36192,36202,10
13.0880899429,80.2420730591,36202,36212,10
13.0888996124,80.2415084839,36212,36222,10
13.0896501541,80.241027832,36222,36233,11
13.0904302597,80.2408065796,36233,36243,10
13.0914001465,80.240852356,36243,36253,10
13.0923204422,80.2408981323,36253,36263,10
13.093079567,80.2409591675,36263,36273,10
13.0944004059,80.2411804199,36273,36293,20
13.0944004059,80.2411804199,36293,36303,10
13.0947504044,80.2412796021,36303,36313,10
13.0953197479,80.2414093018,36313,36323,10
13.0959596634,80.2416305542,36323,36333,10
13.0967502594,80.2419128418,36333,36342,9
13.097410202,80.2420806885,36342,36374,32
13.097410202,80.2420806885,36374,36384,10
13.0975799561,80.2421112061,36384,36394,10
13.0979700089,80.2422332764,36394,36404,10
13.0985002518,80.2423324585,36404,36414,10
13.0985498428,80.2423324585,36414,36424,10
13.0986003876,80.2423324585,36424,36434,10
13.0987796783,80.2421264648,36434,36444,10
13.0986700058,80.2418518066,36444,36454,10
13.0984802246,80.2420806885,36454,37614,1160
13.0984802246,80.2420806885,37614,37624,10
13.098279953,80.2423171997,37624,37634,10
13.0978403091,80.2422637939,37634,37644,10
13.0973997116,80.2421722412,37644,37654,10
13.0970096588,80.2420425415,37654,37664,10
13.0965099335,80.2418670654,37664,37674,10
13.0959100723,80.2416610718,37674,37684,10
13.0953598022,80.2414474487,37684,37694,10
13.0948495865,80.2412796021,37694,37705,11
13.0943698883,80.2412185669,37705,37715,10
13.0937795639,80.2411270142,37715,37725,10
13.0935297012,80.2410812378,37725,37735,10
13.0934200287,80.2410583496,37735,37745,10
13.0929498672,80.2409973145,37745,37755,10
13.0923500061,80.2409362793,37755,37765,10
13.0916004181,80.2409133911,37765,37775,10
13.0907201767,80.2408981323,37775,37785,10
13.0898599625,80.2409667969,37785,37795,10
13.0891895294,80.2413482666,37795,37805,10
13.0885095596,80.2418518066,37805,37814,9
13.0880098343,80.2423324585,37814,37826,12
13.087849617,80.2431564331,37826,37836,10
13.0876998901,80.2434768677,37836,37846,10
13.0872802734,80.2439117432,37846,37856,10
13.086640358,80.2444381714,37856,37866,10
13.0860204697,80.2449264526,37866,37876,10
13.0856800079,80.2454376221,37876,37886,10
13.0857200623,80.2462310791,37886,37896,10
13.0857801437,80.2467803955,37896,37906,10
13.0857601166,80.2470016479,37906,37916,10
13.0858001709,80.2477111816,37916,37926,10
13.085849762,80.2485427856,37926,37935,9
13.0859003067,80.249382019,37935,37947,12
13.0859498978,80.250213623,37947,37957,10
13.0859098434,80.2504119873,37957,37967,10
13.0858697891,80.2506027222,37967,37977,10
13.0857601166,80.2511520386,37977,37987,10
13.0856599808,80.2517166138,37987,37997,10
13.0856399536,80.2518386841,37997,38007,10
13.0856103897,80.2520828247,38007,38017,10
13.0855703354,80.2524795532,38017,38027,10
13.0855197906,80.2531433105,38027,38037,10
13.0855197906,80.253616333,38037,38047,10
13.0855998993,80.2541427612,38047,38057,10
13.0856199265,80.2545700073,38057,38068,11
13.0854597092,80.2546615601,38068,38078,10
13.084980011,80.2547073364,38078,38088,10
13.0843601227,80.2546234131,38088,38098,10
13.0839195251,80.2545928955,38098,38108,10
13.0839099884,80.2546005249,38108,38118,10
13.0835695267,80.2545394897,38118,38128,10
13.0829200745,80.2545013428,38128,38138,10
13.082400322,80.2544708252,38138,38148,10
13.0820503235,80.2545700073,38148,38158,10
13.0814504623,80.2547836304,38158,38168,10
13.0809402466,80.2547836304,38168,38178,10
13.0805702209,80.254699707,38178,38189,11
13.0798301697,80.2546615601,38189,38199,10
13.0792999268,80.2546463013,38199,38239,40
13.0792999268,80.2546463013,38239,38249,10
13.0789403915,80.2549362183,38249,38259,10
13.0790300369,80.2555999756,38259,38269,10
13.0791101456,80.2564926147,38269,38279,10
13.0784797668,80.2566375732,38279,38289,10
13.0778198242,80.256690979,38289,38299,10
13.0770998001,80.2568588257,38299,38310,11
13.0763902664,80.2573699951,38310,38320,10
13.0757598877,80.2579803467,38320,38330,10
13.0754995346,80.2582397461,38330,38340,10
13.0756101608,80.2587585449,38340,38350,10
13.0758104324,80.2593536377,38350,38360,10
13.0761804581,80.2597427368,38360,38370,10
13.0767402649,80.2602233887,38370,38380,10
13.0772199631,80.2607727051,38380,38390,10
13.0775203705,80.2614593506,38390,38400,10
13.0777301788,80.2619171143,38400,38431,31
13.0777301788,80.2619171143,38431,38441,10
13.0778102875,80.2622375488,38441,38451,10
13.0778799057,80.2625808716,38451,38461,10
13.0779800415,80.2629623413,38461,38471,10
13.0781803131,80.2632675171,38471,38481,10
13.0780096054,80.2635269165,38481,38491,10
13.0775699615,80.2638473511,38491,38501,10
13.0770101547,80.2640914917,38501,38511,10
13.0764303207,80.2641906738,38511,38521,10
13.075969696,80.2642288208,38521,38531,10
13.0757799149,80.2642364502,38531,38540,9
13.0755500793,80.2640533447,38540,38552,12
13.0750398636,80.263343811,38552,38562,10
13.074549675,80.2626876831,38562,38572,10
13.0742301941,80.2622909546,38572,38582,10
13.0737800598,80.2617874146,38582,38592,10
13.0736398697,80.2616271973,38592,38602,10
13.0733604431,80.2614135742,38602,38612,10
13.0730104446,80.2617874146,38612,38622,10
13.0727500916,80.2624816895,38622,38632,10
13.0725402832,80.263092041,38632,38642,10
13.0723199844,80.2636489868,38642,38652,10
13.0719203949,80.2642288208,38652,38661,9
13.0715398788,80.2646408081,38661,38673,12
13.0711097717,80.265083313,38673,38683,10
13.0706596375,80.2655410767,38683,38693,10
13.0702400208,80.2660064697,38693,38703,10
13.0699195862,80.2663192749,38703,38713,10
13.069439888,80.2668533325,38713,38723,10
13.0689296722,80.2674865723,38723,38733,10
13.0686197281,80.2682571411,38733,38743,10
13.0684204102,80.268913269,38743,38753,10
13.06828022,80.26953125,38753,38763,10
13.0681495667,80.2701263428,38763,38773,10
13.0680999756,80.2708816528,38773,38783,10
13.0677499771,80.2709579468,38783,38792,9
13.0673799515,80.2706298828,38792,38882,90
13.0645503998,80.2675170898,38882,38892,10
13.0639095306,80.2673873901,38892,38902,10
13.0630998611,80.267250061,38902,38912,10
13.0623703003,80.2668609619,38912,38923,11
13.0617799759,80.2660980225,38923,38933,10
13.0612401962,80.2654190063,38933,38943,10
13.0606403351,80.2653121948,38943,38953,10
13.0604000092,80.2654571533,38953,38963,10
13.0603599548,80.2654724121,38963,38973,10
13.0599098206,80.2655792236,38973,38983,10
13.059220314,80.2655181885,38983,38993,10
13.0586700439,80.2654418945,38993,39003,10
13.0582704544,80.2653274536,39003,39013,10
13.0579795837,80.2646789551,39013,39023,10
13.0578603745,80.2637863159,39023,39033,10
13.0577402115,80.2627716064,39033,39044,11
13.0576000214,80.2617492676,39044,39054,10
13.057390213,80.2608032227,39054,39064,10
13.0571098328,80.2598114014,39064,39074,10
13.0568199158,80.2588119507,39074,39084,10
13.056599617,80.2580032349,39084,39094,10
13.0564804077,80.257270813,39094,39114,20
13.0564804077,80.257270813,39114,39124,10
13.0564498901,80.256942749,39124,39134,10
13.0562095642,80.2563018799,39134,39144,10
13.0557098389,80.2556381226,39144,39154,10
13.0550804138,80.2548065186,39154,39165,11
13.0543498993,80.2538986206,39165,39175,10
13.0540399551,80.2535018921,39175,39185,10
13.0539598465,80.2533798218,39185,39195,10
13.0536603928,80.2529296875,39195,39205,10
13.0531396866,80.2521896362,39205,39215,10
13.0524902344,80.2513198853,39215,39225,10
13.0518102646,80.2505111694,39225,39235,10
13.050860405,80.2500305176,39235,39245,10
13.049659729,80.2498016357,39245,39255,10
13.0484895706,80.2496566772,39255,39265,10
13.0476999283,80.2491073608,39265,39275,10
13.0470199585,80.2486419678,39275,39286,11
13.0468997955,80.2485961914,39286,39296,10
13.0466804504,80.2485122681,39296,39306,10
13.0460100174,80.2484130859,39306,39316,10
13.0452804565,80.2481994629,39316,39326,10
13.044500351,80.2480392456,39326,39336,10
13.0436000824,80.2478790283,39336,39346,10
13.0427703857,80.2477798462,39346,39356,10
13.0415000916,80.247467041,39356,39376,20
13.0415000916,80.247467041,39376,39386,10
13.0414896011,80.2474365234,39386,39396,10
13.041270256,80.2474136353,39396,39407,11
13.040599823,80.2472381592,39407,39417,10
13.0399103165,80.2471313477,39417,39437,20
13.0399103165,80.2471313477,39437,39447,10
13.0396604538,80.2470932007,39447,39457,10
13.0392198563,80.2469863892,39457,39467,10
13.0386400223,80.2468338013,39467,39477,10
13.0379800797,80.2467193604,39477,39487,10
13.0372600555,80.24659729,39487,39497,10
13.0365200043,80.2464675903,39497,39507,10
13.0356998444,80.2462081909,39507,39517,10
13.0351896286,80.2460403442,39517,39528,11
13.0351800919,80.2460403442,39528,39538,10
13.0351104736,80.2459869385,39538,39548,10
13.0347995758,80.2457275391,39548,39558,10
13.0345401764,80.2453613281,39558,39568,10
13.0340595245,80.2447662354,39568,39578,10
13.0334501266,80.2440414429,39578,39588,10
13.0327396393,80.2431030273,39588,39598,10
13.0321102142,80.2422714233,39598,39608,10
13.0316896439,80.2414474487,39608,39659,51
13.0316896439,80.2414474487,39659,39669,10
13.0315799713,80.2411880493,39669,39679,10
13.0312595367,80.2405471802,39679,39689,10
13.0309801102,80.2398300171,39689,39699,10
13.0305404663,80.2390289307,39699,39709,10
13.0299901962,80.2380218506,39709,39719,10
13.0293798447,80.2370986938,39719,39729,10
13.0290002823,80.2367095947,39729,39739,10
13.0285396576,80.2362365723,39739,39749,10
13.0279598236,80.2355804443,39749,39759,10
13.0274200439,80.23462677,39759,39770,11
13.0268802643,80.2337417603,39770,39780,10
13.0266304016,80.2333297729,39780,39790,10
13.0263299942,80.2328033447,39790,39800,10
13.0262403488,80.2325973511,39800,39810,10
13.0262498856,80.2325820923,39810,39820,10
13.0262203217,80.2323532104,39820,39830,10
13.0261096954,80.2319717407,39830,39840,10
13.0260601044,80.2318267822,39840,39850,10
13.0259599686,80.2314910889,39850,39860,10
13.0257701874,80.2308120728,39860,39870,10
13.0253200531,80.2299880981,39870,39880,10
13.0248003006,80.2293395996,39880,39890,10
13.0245704651,80.229057312,39890,39901,11
13.0239696503,80.2283172607,39901,39921,20
13.0239696503,80.2283172607,39921,39931,10
13.0238199234,80.2281265259,39931,39941,10
13.0234203339,80.227722168,39941,39951,10
13.0230703354,80.2273483276,39951,39961,10
13.0225601196,80.2268676758,39961,39971,10
13.0218296051,80.2262496948,39971,39981,10
13.0210399628,80.2256622314,39981,39991,10
13.020359993,80.225189209,39991,40001,10
13.0196695328,80.2247161865,40001,40012,11
13.0186195374,80.2245635986,40012,40022,10
13.0177001953,80.2249526978,40022,40032,10
13.0168199539,80.2253189087,40032,40042,10
13.0163602829,80.2255096436,40042,40052,10
13.0160398483,80.2256164551,40052,40062,10
13.0154800415,80.2257919312,40062,40072,10
13.0150299072,80.2259902954,40072,40082,10
13.0147304535,80.2260818481,40082,40092,10
13.0143404007,80.2262496948,40092,40102,10
13.0142602921,80.2262802124,40102,40112,10
13.0138301849,80.2264404297,40112,40122,10
13.0132198334,80.2266769409,40122,40132,10
13.0125198364,80.2269363403,40132,40143,11
13.0116701126,80.2272796631,40143,40153,10
13.0108203888,80.2276382446,40153,40163,10
13.0099802017,80.2279891968,40163,40173,10
13.0092401505,80.2283706665,40173,40183,10
13.0089998245,80.2292175293,40183,40193,10
13.0088195801,80.2302627563,40193,40203,10
13.0086297989,80.2313232422,40203,40213,10
13.0084400177,80.2323074341,40213,40223,10
13.0082902908,80.2331695557,40223,40233,10
13.0082597733,80.2335281372,40233,40243,10
13.0082197189,80.2336273193,40243,40253,10
13.0081100464,80.234046936,40253,40264,11
13.0079402924,80.2349014282,40264,40274,10
13.0077495575,80.2358779907,40274,40284,10
13.0075397491,80.2369232178,40284,40294,10
13.0073404312,80.2378997803,40294,40304,10
13.0071897507,80.2388534546,40304,40314,10
13.0070295334,80.2395324707,40314,40324,10
13.0069799423,80.2400970459,40324,40374,50
13.0069799423,80.2400970459,40374,40385,11
13.007060051,80.2403411865,40385,40395,10
13.0069599152,80.2406768799,40395,40405,10
13.0068798065,80.241027832,40405,40415,10
13.0067901611,80.2417984009,40415,40425,10
13.0067596436,80.2426605225,40425,40435,10
13.0067100525,80.2435836792,40435,40445,10
13.0067100525,80.2446212769,40445,40455,10
13.0067195892,80.2456893921,40455,40465,10
13.0067796707,80.2465515137,40465,40475,10
13.0067501068,80.2476119995,40475,40485,10
13.0067501068,80.2486114502,40485,40494,9
13.0067996979,80.2496414185,40494,40506,12
13.0068397522,80.2510223389,40506,40516,10
13.0066795349,80.2519226074,40516,40526,10
13.0065498352,80.2529983521,40526,40536,10
13.0065498352,80.2542037964,40536,40546,10
13.0066204071,80.2550430298,40546,40556,10
13.0066204071,80.2551498413,40556,40566,10
13.0066204071,80.2555618286,40566,40576,10
13.0066099167,80.2563476563,40576,40586,10
13.0067396164,80.2572784424,40586,40657,71
13.0067396164,80.2572784424,40657,40667,10
13.0066404343,80.257522583,40667,40677,10
13.0061903,80.2575378418,40677,40687,10
13.0055198669,80.2574005127,40687,40697,10
13.0048103333,80.2572021484,40697,40707,10
13.0040903091,80.2570571899,40707,40717,10
13.0038995743,80.2570419312,40717,40768,51
13.0038995743,80.2570419312,40768,40778,10
13.0037403107,80.2570419312,40778,40788,10
13.0035495758,80.2570037842,40788,40798,10
13.0032196045,80.2569274902,40798,40808,10
13.0028295517,80.2568588257,40808,40818,10
13.0028095245,80.2568588257,40818,40828,10
13.0026102066,80.2568130493,40828,40879,51
13.0026102066,80.2568130493,40879,40889,10
13.0024499893,80.2567596436,40889,40899,10
13.0022001266,80.2566986084,40899,40909,10
13.001950264,80.2566604614,40909,40919,10
13.0013504028,80.2566070557,40919,41000,81
13.0013504028,80.2566070557,41000,41010,10
13.00096035,80.2565307617,41010,41020,10
13.0002603531,80.2564163208,41020,41030,10
12.9995498657,80.2562866211,41030,41050,20
12.9995498657,80.2562866211,41050,41060,10
12.9994602203,80.2562408447,41060,41070,10
12.9989900589,80.2561569214,41070,41080,10
12.9985103607,80.2560882568,41080,41090,10
12.9984197617,80.2560806274,41090,41100,10
12.9980697632,80.2559967041,41100,41110,10
12.997710228,80.2560119629,41110,41121,11
12.9977302551,80.2562408447,41121,41131,10
12.997759819,80.256362915,41131,41141,10
12.9977798462,80.256477356,41141,41151,10
12.997759819,80.256980896,41151,41161,10
12.9975795746,80.2568588257,41161,41282,121
12.9975795746,80.2568588257,41282,41292,10
12.9973697662,80.2566680908,41292,41302,10
12.9975099564,80.2562408447,41302,41312,10
12.9975700378,80.2559967041,41312,41322,10
12.9973096848,80.2559127808,41322,41363,41
12.9973096848,80.2559127808,41363,41373,10
12.9971904755,80.2558898926,41373,41383,10
12.9968595505,80.255897522,41383,41393,10
12.9964799881,80.2558822632,41393,41403,10
12.9957895279,80.2558898926,41403,41413,10
12.9952402115,80.2559280396,41413,41423,10
12.9947500229,80.2559280396,41423,41433,10
12.9940900803,80.2559890747,41433,41443,10
12.9933204651,80.2560424805,41443,41453,10
12.9923400879,80.2560806274,41453,41463,10
12.9913702011,80.2560577393,41463,41473,10
12.9905796051,80.2560272217,41473,41483,10
12.9898195267,80.2559967041,41483,41494,11
12.988940239,80.2559585571,41494,41504,10
12.9884300232,80.2559509277,41504,41514,10
12.9883499146,80.2559585571,41514,41524,10
12.9882698059,80.2559280396,41524,41534,10
12.9879598618,80.2558517456,41534,41584,50
12.9879598618,80.2558517456,41584,41594,10
12.9878501892,80.255859375,41594,41604,10
12.9875898361,80.2559661865,41604,41615,11
12.9876098633,80.2562332153,41615,41625,10
12.9875898361,80.2566070557,41625,41635,10
12.9875602722,80.2571792603,41635,41645,10
12.9875097275,80.257850647,41645,41655,10
12.9874696732,80.2584228516,41655,41665,10
12.9874401093,80.2588806152,41665,41675,10
12.9874095917,80.2590637207,41675,41685,10
12.9873800278,80.2591705322,41685,41695,10
12.9872903824,80.2593536377,41695,41715,20
12.9872903824,80.2593536377,41715,41725,10
12.9872198105,80.2594680786,41725,41736,11
12.9870901108,80.2596817017,41736,41746,10
12.986989975,80.2596511841,41746,41756,10
12.9868402481,80.2595977783,41756,41766,10
12.9865999222,80.2595291138,41766,41776,10
12.9865598679,80.2591934204,41776,41857,81
12.9866504669,80.2592391968,41857,42910,1053
12.9866504669,80.2592391968,42910,42920,10
12.9869203568,80.2590866089,42920,42950,30
12.9869203568,80.2590866089,42950,42960,10
12.9870300293,80.2591094971,42960,42970,10
12.9871797562,80.2591323853,42970,42980,10
12.9873304367,80.2590484619,42980,42990,10
12.9873399734,80.2589111328,42990,43000,10
12.9873600006,80.2586975098,43000,43010,10
12.9874095917,80.2582168579,43010,43021,11
12.987449646,80.2576980591,43021,43031,10
12.9875001907,80.2572174072,43031,43041,10
12.9875402451,80.256729126,43041,43121,80
12.9875402451,80.256729126,43121,43131,10
12.9875497818,80.256401062,43131,43142,11
12.9875497818,80.2560119629,43142,43152,10
12.9876804352,80.2557830811,43152,43162,10
12.9882698059,80.2558898926,43162,43182,20
12.9882698059,80.2558898926,43182,43192,10
12.9884004593,80.2558898926,43192,43202,10
12.9885997772,80.2559280396,43202,43212,10
12.9888000488,80.2559432983,43212,43222,10
12.989279747,80.2559661865,43222,43232,10
12.9901399612,80.2559967041,43232,43242,10
12.9910697937,80.2560424805,43242,43252,10
12.9921998978,80.2560806274,43252,43263,11
12.9935703278,80.2560195923,43263,43273,10
12.9944801331,80.2559432983,43273,43283,10
12.9953699112,80.255897522,43283,43293,10
12.996629715,80.255897522,43293,43343,50
12.996629715,80.255897522,43343,43353,10
12.9968700409,80.2558670044,43353,43363,10
12.9972600937,80.255897522,43363,43373,10
12.9978103638,80.2558898926,43373,43384,11
12.9987897873,80.2560577393,43384,43404,20
12.9987897873,80.2560577393,43404,43414,10
12.9991397858,80.2561187744,43414,43434,20
12.9991397858,80.2561187744,43434,43444,10
12.9993400574,80.2561569214,43444,43454,10
12.9997701645,80.2562484741,43454,43464,10
13.0003595352,80.2563476563,43464,43474,10
13.00096035,80.2564468384,43474,43494,20
13.00096035,80.2564468384,43494,43504,10
13.0012903214,80.2565231323,43504,43515,11
13.0015201569,80.2565994263,43515,43525,10
13.0020503998,80.2566604614,43525,43535,10
13.0027503967,80.2567977905,43535,43545,10
13.0034503937,80.2569122314,43545,43555,10
13.0041799545,80.2570419312,43555,43565,10
13.0049800873,80.2571716309,43565,43575,10
13.0058698654,80.2573165894,43575,43585,10
13.0064096451,80.2574234009,43585,43595,10
13.0065002441,80.2571563721,43595,43605,10
13.006480217,80.256401062,43605,43615,10
13.0065002441,80.2554702759,43615,43625,10
13.0065698624,80.2545394897,43625,43636,11
13.0065498352,80.253616333,43636,43646,10
13.006529808,80.2534179688,43646,43656,10
13.0065002441,80.2533111572,43656,43666,10
13.006529808,80.2530517578,43666,43676,10
13.0065402985,80.2527923584,43676,43686,10
13.0066299438,80.2520828247,43686,43757,71
13.0066299438,80.2520828247,43757,43767,10
13.0067300797,80.2518463135,43767,43777,10
13.0067796707,80.2514266968,43777,43787,10
13.0068101883,80.2508392334,43787,43797,10
13.0067901611,80.2500228882,43797,43807,10
13.0067596436,80.2490234375,43807,43817,10
13.0066604614,80.2481613159,43817,43827,10
13.0065898895,80.247756958,43827,43867,40
13.0065898895,80.247756958,43867,43878,11
13.006529808,80.2477035522,43878,43888,10
13.0065898895,80.2472076416,43888,43898,10
13.0065402985,80.2467498779,43898,43908,10
13.0065402985,80.2467422485,43908,43918,10
13.0065803528,80.2465133667,43918,43928,10
13.0065803528,80.2459106445,43928,43938,10
13.0065898895,80.2452468872,43938,43948,10
13.0066099167,80.2444992065,43948,43958,10
13.0066404343,80.2438278198,43958,43968,10
13.0066003799,80.2432403564,43968,43978,10
13.0065498352,80.2424926758,43978,43988,10
13.0066099167,80.2415313721,43988,43999,11
13.0066995621,80.2404785156,43999,44009,10
13.0068998337,80.239440918,44009,44019,10
13.0071296692,80.2382888794,44019,44029,10
13.0073204041,80.237449646,44029,44039,10
13.0073795319,80.2369003296,44039,44059,20
13.0073795319,80.2369003296,44059,44069,10
13.0073795319,80.2368164063,44069,44079,10
13.0074996948,80.2364196777,44079,44089,10
13.0076599121,80.2357635498,44089,44099,10
13.0078601837,80.2348327637,44099,44109,10
13.0080795288,80.233757019,44109,44120,11
13.0083398819,80.232421875,44120,44130,10
13.0086097717,80.231086731,44130,44140,10
13.0088596344,80.2297821045,44140,44150,10
13.0091199875,80.2285232544,44150,44160,10
13.0095396042,80.2274017334,44160,44170,10
13.0100402832,80.2263183594,44170,44180,10
13.0105104446,80.2253875732,44180,44190,10
13.0106801987,80.2249679565,44190,44200,10
13.0108699799,80.2245025635,44200,44210,10
13.0111398697,80.2238388062,44210,44220,10
13.0112895966,80.2233123779,44220,44230,10
13.0116796494,80.2225418091,44230,44241,11
13.0121297836,80.2215576172,44241,44251,10
13.0125303268,80.2217025757,44251,44261,10
13.0129299164,80.2222900391,44261,44271,10
13.0135097504,80.2229614258,44271,44281,10
13.0140399933,80.2236022949,44281,44291,10
13.0141496658,80.2237472534,44291,44301,10
13.0143604279,80.2240066528,44301,44311,10
13.0145998001,80.2243423462,44311,44321,10
13.0146903992,80.2244033813,44321,44331,10
13.0148897171,80.2245635986,44331,44341,10
13.0151195526,80.2247467041,44341,44351,10
13.0153598785,80.2249679565,44351,44362,11
13.0158500671,80.2253036499,44362,44372,10
13.0163297653,80.2253417969,44372,44382,10
13.0167798996,80.225227356,44382,44392,10
13.0173797607,80.2249908447,44392,44402,10
13.0180997849,80.2246704102,44402,44412,10
13.0190696716,80.2242965698,44412,44432,20
13.0190696716,80.2242965698,44432,44442,10
13.0193595886,80.2243728638,44442,44471,29
13.0193595886,80.2243728638,44471,44482,11
13.0196399689,80.2245025635,44482,44493,11
13.0200004578,80.2247390747,44493,44503,10
13.0205802917,80.2251815796,44503,44513,10
13.0210800171,80.2255783081,44513,44523,10
13.0215997696,80.2259979248,44523,44533,10
13.022190094,80.2264633179,44533,44543,10
13.0228796005,80.2270584106,44543,44553,10
13.0236501694,80.2277603149,44553,44563,10
13.0244197845,80.2286300659,44563,44573,10
13.0251598358,80.2296600342,44573,44583,10
13.0257997513,80.23072052,44583,44593,10
13.026049614,80.231552124,44593,44603,10
13.0262098312,80.2322006226,44603,44614,11
13.0266399384,80.2331619263,44614,44624,10
13.0272598267,80.234161377,44624,44634,10
13.0278501511,80.235206604,44634,44644,10
13.0285396576,80.2360610962,44644,44654,10
13.0291700363,80.2367324829,44654,44664,10
13.0295295715,80.237121582,44664,44674,10
13.0296096802,80.2371902466,44674,44684,10
13.0296697617,80.2373428345,44684,44694,10
13.0300102234,80.2378387451,44694,44704,10
13.0304203033,80.2385406494,44704,44714,10
13.0310201645,80.2394180298,44714,44765,51
13.0310201645,80.2394180298,44765,44775,10
13.0311403275,80.2397232056,44775,44785,10
13.0313100815,80.240020752,44785,44795,10
13.0313796997,80.2406082153,44795,44805,10
13.0316095352,80.2412185669,44805,44815,10
13.0319404602,80.2419204712,44815,44825,10
13.0324802399,80.2425384521,44825,44835,10
13.0330295563,80.243270874,44835,44845,10
13.0333795547,80.2440719604,44845,44856,11
13.0342302322,80.245010376,44856,44866,10
13.034910202,80.2457733154,44866,44876,10
13.035490036,80.2460632324,44876,44886,10
13.0356197357,80.246131897,44886,44896,10
13.0357398987,80.2462081909,44896,44906,10
13.0360002518,80.2463378906,44906,44916,10
13.0362901688,80.2463607788,44916,44926,10
13.0365800858,80.2464370728,44926,44936,10
13.036860466,80.2464981079,44936,44946,10
13.0371999741,80.2465209961,44946,44956,10
13.0376195908,80.2464523315,44956,44967,11
13.0383501053,80.2466430664,44967,44977,10
13.0390396118,80.2468414307,44977,44987,10
13.0394802094,80.2469711304,44987,44997,10
13.0401697159,80.2471008301,44997,45007,10
13.0407600403,80.2472229004,45007,45017,10
13.0408296585,80.2472686768,45017,45027,10
13.0412597656,80.2473526001,45027,45037,10
13.0419197083,80.247467041,45037,45047,10
13.042550087,80.2475662231,45047,45057,10
13.0433597565,80.2477798462,45057,45067,10
13.0441598892,80.2478027344,45067,45077,10
13.0448904037,80.2479629517,45077,45088,11
13.0455303192,80.2482681274,45088,45098,10
13.0462799072,80.2484664917,45098,45108,10
13.0468997955,80.2484130859,45108,45118,10
13.0469398499,80.2484283447,45118,45128,10
13.047129631,80.2485275269,45128,45138,10
13.0475502014,80.2487564087,45138,45148,10
13.0481100082,80.2492599487,45148,45158,10
13.0487203598,80.2496566772,45158,45168,10
13.0494699478,80.2497711182,45168,45178,10
13.0503997803,80.2499694824,45178,45188,10
13.0513095856,80.2501907349,45188,45198,10
13.052069664,80.2507171631,45198,45208,10
13.0527095795,80.2515411377,45208,45219,11
13.0534801483,80.2525634766,45219,45229,10
13.0540599823,80.2533874512,45229,45239,10
13.0546197891,80.2541503906,45239,45249,10
13.0551300049,80.2547988892,45249,45259,10
13.0557203293,80.2556381226,45259,45269,10
13.0563602448,80.2564620972,45269,45279,10
13.0568199158,80.2568435669,45279,45289,10
13.0569601059,80.256942749,45289,45299,10
13.0573501587,80.2572937012,45299,45309,10
13.0578298569,80.2576980591,45309,45319,10
13.0583696365,80.2584228516,45319,45329,10
13.0589103699,80.2591171265,45329,45340,11
13.0593595505,80.2598800659,45340,45350,10
13.0600204468,80.2604904175,45350,45360,10
13.0607299805,80.261390686,45360,45380,20
13.0607299805,80.261390686,45380,45390,10
13.0607700348,80.26171875,45390,45400,10
13.0611896515,80.2621536255,45400,45410,10
13.0617303848,80.2626876831,45410,45420,10
13.0622997284,80.263381958,45420,45430,10
13.0628700256,80.263999939,45430,45440,10
13.0630903244,80.2642669678,45440,45450,10
13.0631799698,80.2643966675,45450,45461,11
13.0635299683,80.2649002075,45461,45471,10
13.063949585,80.2654571533,45471,45481,10
13.0644102097,80.2660217285,45481,45491,10
13.0648298264,80.2665176392,45491,45501,10
13.0651502609,80.2668991089,45501,45511,10
13.0656204224,80.2672729492,45511,45521,10
13.0660896301,80.2678833008,45521,45531,10
13.0663700104,80.2681884766,45531,45551,20
13.0663700104,80.2681884766,45551,45561,10
13.0664901733,80.2682876587,45561,45571,10
13.0668802261,80.2684783936,45571,45581,10
13.0670404434,80.2685775757,45581,45592,11
13.0670995712,80.2686462402,45592,45602,10
13.0674200058,80.2688903809,45602,45612,10
13.0679502487,80.2692108154,45612,45622,10
13.0683097839,80.2693099976,45622,45632,10
13.0683603287,80.26902771,45632,45642,10
13.0685195923,80.2684936523,45642,45652,10
13.0686903,80.2677993774,45652,45662,10
13.0689601898,80.2671585083,45662,45672,10
13.0694198608,80.266708374,45672,45682,10
13.0697002411,80.266418457,45682,45692,10
13.0702800751,80.2658233643,45692,45713,21
13.0702800751,80.2658233643,45713,45723,10
13.0705795288,80.2654800415,45723,45733,10
13.0709400177,80.2651519775,45733,45743,10
13.0711898804,80.2649307251,45743,45753,10
13.0714902878,80.2646179199,45753,45763,10
13.0718002319,80.2642593384,45763,45773,10
13.0722303391,80.2636413574,45773,45783,10
13.0724000931,80.2630767822,45783,45793,10
13.0726003647,80.2626571655,45793,45803,10
13.0727396011,80.2622070313,45803,45813,10
13.0728397369,80.2620620728,45813,45822,9
13.0729198456,80.2620010376,45822,45834,12
13.0730104446,80.2615814209,45834,45844,10
13.0731897354,80.2612304688,45844,45854,10
13.0735197067,80.2614593506,45854,45864,10
13.0740203857,80.2620162964,45864,45874,10
13.0744400024,80.262512207,45874,45884,10
13.0748796463,80.263092041,45884,45894,10
13.0752801895,80.2636566162,45894,45904,10
13.0756902695,80.2641677856,45904,45914,10
13.0761203766,80.2642211914,45914,45924,10
13.0767698288,80.2641525269,45924,45934,10
13.0772199631,80.2640533447,45934,45944,10
13.0777702332,80.2636489868,45944,45955,11
13.0779800415,80.2631225586,45955,45965,10
13.077750206,80.2623672485,45965,45975,10
13.0774803162,80.2614974976,45975,45985,10
13.0772800446,80.2608795166,45985,46005,20
13.0772800446,80.2608795166,46005,46015,10
13.0772895813,80.2608413696,46015,46025,10
13.0770998001,80.2605514526,46025,46035,10
13.0766496658,80.2601318359,46035,46045,10
13.075969696,80.2596511841,46045,46055,10
13.0755300522,80.2588577271,46055,46065,10
13.075460434,80.258430481,46065,46076,11
13.0756597519,80.2580337524,46076,46086,10
13.0761203766,80.2576293945,46086,46096,10
13.0766897202,80.2571105957,46096,46106,10
13.0774202347,80.2567214966,46106,46116,10
13.0782699585,80.2566070557,46116,46126,10
13.0789699554,80.2565078735,46126,46136,10
13.0790500641,80.2562179565,46136,46146,10
13.0790395737,80.2555618286,46146,46156,10
13.0788698196,80.2547988892,46156,46197,41
13.0788698196,80.2547988892,46197,46207,10
13.0788202286,80.2545089722,46207,46217,10
13.07929039,80.2544784546,46217,46227,10
13.07970047,80.2545623779,46227,46237,10
13.0798397064,80.2546005249,46237,46247,10
13.0802497864,80.2546768188,46247,46257,10
13.0808401108,80.2547607422,46257,46267,10
13.0813503265,80.2547988892,46267,46277,10
13.0816802979,80.2544631958,46277,46287,10
13.0818195343,80.2538528442,46287,46297,10
13.0819196701,80.2531585693,46297,46307,10
13.0817298889,80.2526626587,46307,46318,11
13.0814800262,80.2518920898,46318,46328,10
13.0814399719,80.2513198853,46328,46338,10
13.0813703537,80.2511367798,46338,46368,30
13.0813703537,80.2511367798,46368,46378,10
13.0812997818,80.250793457,46378,46388,10
13.0812997818,80.250617981,46388,46398,10
13.0812797546,80.2503662109,46398,46408,10
13.0812501907,80.2498168945,46408,46418,10
13.0815896988,80.2496566772,46418,46428,10
13.0822896957,80.2497634888,46428,46439,11
13.0831098557,80.2498779297,46439,46449,10
13.0838298798,80.2500076294,46449,46459,10
13.0845298767,80.2501296997,46459,46469,10
13.0847597122,80.2501678467,46469,46479,10
13.0848903656,80.2501831055,46479,46489,10
13.0853004456,80.2502365112,46489,46499,10
13.0855903625,80.2502975464,46499,46509,10
13.0858097076,80.250328064,46509,46519,10
13.0858402252,80.249961853,46519,46529,10
13.0858402252,80.2492370605,46529,46539,10
13.0857801437,80.2485427856,46539,46549,10
13.0856800079,80.2478408813,46549,46559,10
13.0856599808,80.2470092773,46559,46570,11
13.0856399536,80.2468032837,46570,46580,10
13.0856399536,80.2465515137,46580,46590,10
13.0855998993,80.2460174561,46590,46600,10
13.0855703354,80.2454376221,46600,46640,40
13.085559845,80.2452011108,46640,46660,20
13.085559845,80.2452011108,46660,46670,10
13.0855998993,80.2451019287,46670,46680,10
13.0859603882,80.2448730469,46680,46691,11
13.0866003036,80.2443771362,46691,46701,10
13.087220192,80.2438812256,46701,46711,10
13.0877199173,80.2433013916,46711,46721,10
13.087849617,80.2425689697,46721,46731,10
13.0881500244,80.2419815063,46731,46741,10
13.0886297226,80.2416915894,46741,46751,10
13.0890598297,80.2413787842,46751,46761,10
13.0897102356,80.2409820557,46761,46771,10
13.0904302597,80.2407989502,46771,46781,10
13.0911998749,80.2408294678,46781,46791,10
13.0919904709,80.2408676147,46791,46801,10
13.0927095413,80.2409133911,46801,46812,11
13.0934896469,80.2410202026,46812,46822,10
13.094039917,80.2410888672,46822,46842,20
13.094039917,80.2410888672,46842,46852,10
13.0943098068,80.2411575317,46852,46862,10
13.0945596695,80.2411880493,46862,46872,10
13.0950899124,80.2413330078,46872,46882,10
13.095749855,80.2415618896,46882,46892,10
13.0964202881,80.2418136597,46892,46902,10
13.0970802307,80.2420196533,46902,46963,61
13.0970802307,80.2420196533,46963,46973,10
13.097530365,80.2421417236,46973,46983,10
13.0980396271,80.2422637939,46983,46993,10
13.0984897614,80.2422790527,46993,47003,10
13.0985202789,80.2422866821,47003,47013,10
13.0986099243,80.2422485352,47013,47023,10
13.0986795425,80.2419509888,47023,47084,61
13.0986795425,80.2419509888,47084,47094,10
13.0985002518,80.2420578003,47094,47467,373
13.0985002518,80.2420578003,47467,47477,10
13.0985603333,80.2423400879,47477,47487,10
13.098400116,80.2423706055,47487,47497,10
13.0980195999,80.2423171997,47497,47507,10
13.0976696014,80.2422637939,47507,47517,10
13.0976600647,80.2422485352,47517,47527,10
13.0975198746,80.2422027588,47527,47537,10
13.0972099304,80.2421035767,47537,47548,11
13.0967197418,80.2419509888,47548,47558,10
13.0961799622,80.2417602539,47558,47568,10
13.095700264,80.2415924072,47568,47578,10
13.0953903198,80.2414932251,47578,47588,10
13.0951404572,80.2413864136,47588,47598,10
13.0950899124,80.2413635254,47598,47608,10
13.0949802399,80.2413024902,47608,47618,10
13.0946102142,80.2412567139,47618,47628,10
13.0942401886,80.2412033081,47628,47638,10
13.0936002731,80.2410964966,47638,47648,10
13.0934696198,80.2410964966,47648,47657,9
13.0933303833,80.2410812378,47657,47669,12
13.0927400589,80.2410125732,47669,47679,10
13.0920200348,80.2409362793,47679,47689,10
13.0911598206,80.2408905029,47689,47699,10
13.0902500153,80.2408599854,47699,47709,10
13.0894603729,80.2411499023,47709,47719,10
13.0886602402,80.2416992188,47719,47729,10
13.0879297256,80.2424163818,47729,47739,10
13.0877895355,80.2431488037,47739,47749,10
13.0876302719,80.2434616089,47749,47759,10
13.0870895386,80.2440109253,47759,47769,10
13.0863704681,80.2446517944,47769,47778,9
13.0859003067,80.2450180054,47778,47790,12
13.0857095718,80.2451095581,47790,47800,10
13.0855798721,80.2454223633,47800,47810,10
13.0856399536,80.2461471558,47810,47820,10
13.0857000351,80.2467422485,47820,47830,10
13.0856704712,80.2470626831,47830,47840,10
13.0857400894,80.2478713989,47840,47850,10
13.0858001709,80.2488479614,47850,47860,10
13.0858402252,80.2498703003,47860,47870,10
13.0858001709,80.2506027222,47870,47880,10
13.0856399536,80.2516708374,47880,47921,41
13.0856399536,80.2516708374,47921,47931,10
13.0855998993,80.2520294189,47931,47941,10
13.0855798721,80.2521209717,47941,47951,10
13.0855398178,80.2523880005,47951,47961,10
13.0855197906,80.2528381348,47961,47971,10
13.0854701996,80.2531280518,47971,47981,10
13.085439682,80.2535705566,47981,47991,10
13.085559845,80.2542572021,47991,48001,10
13.0854101181,80.2546615601,48001,48011,10
13.084810257,80.2546386719,48011,48020,9
13.0841197968,80.2546005249,48020,48032,12
13.0839195251,80.2545776367,48032,48042,10
13.0837602615,80.2545318604,48042,48052,10
13.0832901001,80.2544937134,48052,48062,10
13.0825595856,80.2544708252,48062,48072,10
13.082110405,80.2545166016,48072,48082,10
13.0814304352,80.2548522949,48082,48092,10
13.0809202194,80.2548370361,48092,48102,10
13.0807600021,80.2548217773,48102,48112,10
13.0802602768,80.2547225952,48112,48122,10
13.0794000626,80.2545776367,48122,48153,31
13.0794000626,80.2545776367,48153,48163,10
13.0792198181,80.2545394897,48163,48173,10
13.0789299011,80.2545776367,48173,48183,10
13.0789003372,80.2551193237,48183,48193,10
13.0790700912,80.256362915,48193,48223,30
13.0790700912,80.256362915,48223,48233,10
13.0790500641,80.2565078735,48233,48243,10
13.0786304474,80.2566070557,48243,48253,10
13.0780696869,80.2566299438,48253,48262,9
13.077460289,80.2567214966,48262,48273,11
13.0768203735,80.2570114136,48273,48284,11
13.0760698318,80.2576828003,48284,48294,10
13.0754404068,80.2582473755,48294,48304,10
13.0755596161,80.2588806152,48304,48314,10
13.075969696,80.2595672607,48314,48324,10
13.0762395859,80.2597885132,48324,48334,10
13.0767202377,80.2602081299,48334,48344,10
13.0772399902,80.2608108521,48344,48354,10
13.0775995255,80.2616500854,48354,48364,10
13.0777902603,80.2620773315,48364,48374,10
13.0777997971,80.2621002197,48374,48383,9
13.0778303146,80.2621994019,48383,48395,12
13.0778903961,80.2625427246,48395,48405,10
13.0779600143,80.2628631592,48405,48415,10
13.0782299042,80.2633285522,48415,48425,10
13.0779104233,80.2636032104,48425,48435,10
13.0772104263,80.2640304565,48435,48445,10
13.0765304565,80.2641677856,48445,48455,10
13.0758104324,80.2642364502,48455,48465,10
13.0755195618,80.263999939,48465,48475,10
13.0750999451,80.2633972168,48475,48485,10
13.0746202469,80.2627563477,48485,48495,10
13.0741100311,80.2621383667,48495,48505,10
13.073679924,80.2616500854,48505,48515,10
13.0733098984,80.261390686,48515,48526,11
13.0729398727,80.2618789673,48526,48536,10
13.0727396011,80.2624588013,48536,48545,9
13.0726900101,80.2626495361,48545,48556,11
13.0725402832,80.2630767822,48556,48566,10
13.0722703934,80.2636795044,48566,48576,10
13.0718002319,80.2643280029,48576,48586,10
13.0714998245,80.2646789551,48586,48596,10
13.071439743,80.2647399902,48596,48606,10
13.0710802078,80.265007019,48606,48616,10
13.0707101822,80.2654266357,48616,48626,10
13.0702400208,80.2659225464,48626,48636,10
13.069899559,80.2662963867,48636,48647,11
13.0694503784,80.266746521,48647,48657,10
13.068980217,80.2672195435,48657,48667,10
13.0686903,80.2679672241,48667,48677,10
13.0684404373,80.2687988281,48677,48687,10
13.0682601929,80.2693405151,48687,48697,10
13.0681695938,80.2696609497,48697,48707,10
13.0680503845,80.2703170776,48707,48717,10
13.0678596497,80.2709197998,48717,48727,10
13.0675802231,80.2707519531,48727,48737,10
13.0671796799,80.270362854,48737,48747,10
13.0668401718,80.2700119019,48747,48757,10
13.0665102005,80.269569397,48757,48768,11
13.0664796829,80.2694396973,48768,48778,10
13.0664100647,80.2690124512,48778,48788,10
13.066280365,80.2683792114,48788,48798,10
13.0657901764,80.2677612305,48798,48808,10
13.0654096603,80.2676620483,48808,48818,10
13.0654001236,80.2676620483,48818,48828,10
13.0651798248,80.2676391602,48828,48838,10
13.064620018,80.2675323486,48838,48848,10
13.0638599396,80.2673721313,48848,48858,10
13.0630702972,80.2672729492,48858,48868,10
13.0624399185,80.2668609619,48868,48878,10
13.0618801117,80.2661590576,48878,48889,11
13.0613803864,80.2655181885,48889,48899,10
13.0609197617,80.2651977539,48899,48909,10
13.0604801178,80.2654266357,48909,48919,10
13.0604000092,80.2654800415,48919,48929,10
13.0599603653,80.265586853,48929,48939,10
13.0593996048,80.2655487061,48939,48949,10
13.0589399338,80.2654571533,48949,48959,10
13.0583400726,80.2653198242,48959,48969,10
13.0580101013,80.264831543,48969,48979,10
13.0579204559,80.263999939,48979,48989,10
13.0578203201,80.263092041,48989,48999,10
13.0577402115,80.2624282837,48999,49010,11
13.0575799942,80.2615966797,49010,49020,10
13.0574197769,80.2607498169,49020,49030,10
13.0571603775,80.2598419189,49030,49040,10
13.0569095612,80.2589569092,49040,49050,10
13.05671978,80.2583694458,49050,49060,10
13.0566101074,80.257850647,49060,49070,10
13.056520462,80.2574234009,49070,49080,10
13.0565004349,80.2572937012,49080,49090,10
13.0563602448,80.2567520142,49090,49100,10
13.0560598373,80.2560882568,49100,49110,10
13.0555000305,80.2553100586,49110,49120,10
13.0548696518,80.2544403076,49120,49131,11
13.0542097092,80.2536468506,49131,49141,10
13.0540800095,80.2535018921,49141,49151,10
13.0538396835,80.2531509399,49151,49161,10
13.0534296036,80.2525405884,49161,49171,10
13.0528697968,80.2517623901,49171,49181,10
13.0522603989,80.2509307861,49181,49191,10
13.0515203476,80.25025177,49191,49201,10
13.0504798889,80.2499389648,49201,49211,10
13.0493497849,80.249786377,49211,49221,10
13.048500061,80.2496566772,49221,49231,10
13.0479202271,80.2492828369,49231,49241,10
13.0472602844,80.2487106323,49241,49252,11
13.04708004,80.2486572266,49252,49262,10
13.0467596054,80.2486190796,49262,49272,10
13.0461101532,80.2485275269,49272,49282,10
13.0454101563,80.248298645,49282,49292,10
13.0448598862,80.2481002808,49292,49302,10
13.0441999435,80.2480163574,49302,49312,10
13.043390274,80.2478637695,49312,49322,10
13.0425300598,80.2476882935,49322,49332,10
13.0417098999,80.2475128174,49332,49342,10
13.0411596298,80.2473983765,49342,49352,10
13.0403795242,80.2472229004,49352,49363,11
13.0392599106,80.2470016479,49363,49373,10
13.0383300781,80.2467422485,49373,49383,10
13.0376996994,80.246673584,49383,49393,10
13.0369997025,80.2465591431,49393,49403,10
13.0362901688,80.2463912964,49403,49413,10
13.0355501175,80.2461700439,49413,49423,10
13.0351896286,80.2460174561,49423,49433,10
13.0350904465,80.2459335327,49433,49443,10
13.034740448,80.2456130981,49443,49453,10
13.0343198776,80.2450790405,49453,49463,10
13.033780098,80.244468689,49463,49473,10
13.0331296921,80.243560791,49473,49483,10
13.0324497223,80.2426223755,49483,49493,10
13.0317401886,80.2414779663,49493,49514,21
13.0317401886,80.2414779663,49514,49524,10
13.0317001343,80.2412109375,49524,49534,10
13.0313796997,80.2406005859,49534,49544,10
13.0311203003,80.2400283813,49544,49554,10
13.0307998657,80.2393798828,49554,49564,10
13.0303001404,80.2385025024,49564,49574,10
13.0297203064,80.2375106812,49574,49584,10
13.0290899277,80.2367477417,49584,49594,10
13.028429985,80.2360305786,49594,49604,10
13.0277500153,80.2351989746,49604,49614,10
13.0272397995,80.2342987061,49614,49625,11
13.0269804001,80.2338562012,49625,49635,10
13.0266895294,80.2334136963,49635,49645,10
13.0263395309,80.2327804565,49645,49655,10
13.026260376,80.2325592041,49655,49665,10
13.026260376,80.2325286865,49665,49675,10
13.0262203217,80.2323608398,49675,49685,10
13.0261602402,80.2320098877,49685,49695,10
13.0261201859,80.2318572998,49695,49705,10
13.0260696411,80.2317276001,49705,49715,10
13.0259895325,80.2314529419,49715,49725,10
13.0257997513,80.23072052,49725,49735,10
13.0252504349,80.2298278809,49735,49746,11
13.0245704651,80.2289505005,49746,49756,10
13.0241699219,80.2284698486,49756,49766,10
13.0240802765,80.2284011841,49766,49776,10
13.0241003036,80.2283935547,49776,49786,10
13.0239801407,80.2281417847,49786,49796,10
13.0235595703,80.2276611328,49796,49806,10
13.0228700638,80.2270431519,49806,49816,10
13.0221300125,80.2264175415,49816,49826,10
13.021320343,80.2257919312,49826,49836,10
13.0205097198,80.2251663208,49836,49846,10
13.0198402405,80.2247161865,49846,49856,10
13.0198001862,80.2247009277,49856,49867,11
13.0197401047,80.2247085571,49867,49877,10
13.0192804337,80.2245101929,49877,49887,10
13.0183601379,80.2246627808,49887,49897,10
13.0172195435,80.2251281738,49897,49907,10
13.0162601471,80.2255401611,49907,49917,10
13.0157804489,80.2257232666,49917,49927,10
13.0151395798,80.2259674072,49927,49937,10
13.0147304535,80.2261199951,49937,49947,10
13.0143604279,80.2262802124,49947,49957,10
13.0137500763,80.2265014648,49957,49967,10
13.012960434,80.2267913818,49967,49976,9
13.0121803284,80.2270965576,49976,49988,12
13.0111598969,80.2275009155,49988,49998,10
13.0102100372,80.227897644,49998,50008,10
13.0092802048,80.2283172607,50008,50018,10
13.0089797974,80.2292404175,50018,50028,10
13.0087995529,80.2302703857,50028,50038,10
13.0086202621,80.2313232422,50038,50048,10
13.0084199905,80.232383728,50048,50058,10
13.0082597733,80.2333221436,50058,50068,10
13.0082101822,80.2336425781,50068,50078,10
13.008099556,80.2339401245,50078,50088,10
13.0080099106,80.2344970703,50088,50098,10
13.0078401566,80.2353134155,50098,50109,11
13.0076799393,80.2361907959,50109,50119,10
13.007519722,80.2370223999,50119,50129,10
13.007349968,80.2379226685,50129,50139,10
13.0072002411,80.2387466431,50139,50149,10
13.007060051,80.2394866943,50149,50159,10
13.0069904327,80.2398681641,50159,50199,40
13.0069904327,80.2398681641,50199,50209,10
13.0069503784,80.2401504517,50209,50220,11
13.0068397522,80.2407226563,50220,50229,9
13.006770134,80.2413711548,50229,50240,11
13.0067195892,80.2423782349,50240,50250,10
13.0066995621,80.243270874,50250,50260,10
13.0067100525,80.244102478,50260,50270,10
13.0066900253,80.2450485229,50270,50280,10
13.0067100525,80.2459869385,50280,50290,10
13.0067396164,80.2466583252,50290,50300,10
13.0067501068,80.2469329834,50300,50310,10
13.0067195892,80.2472915649,50310,50320,10
13.0067195892,80.2479629517,50320,50330,10
13.0067501068,80.2489013672,50330,50340,10
13.0067996979,80.2499694824,50340,50351,11
13.0068302155,80.251083374,50351,50361,10
13.006819725,80.2513122559,50361,50371,10
13.0067300797,80.2516784668,50371,50381,10
13.0065898895,80.2523269653,50381,50391,10
13.0065498352,80.2531280518,50391,50401,10
13.0065402985,80.2540817261,50401,50411,10
13.0066099167,80.2549285889,50411,50421,10
13.0066204071,80.2550811768,50421,50431,10
13.0066003799,80.2554779053,50431,50441,10
13.0066003799,80.2562332153,50441,50451,10
13.0066699982,80.2570800781,50451,50512,61
13.0066699982,80.2570800781,50512,50522,10
13.0067996979,80.257270813,50522,50532,10
13.006480217,80.2575836182,50532,50542,10
13.0059404373,80.2574462891,50542,50552,10
13.0053901672,80.2573165894,50552,50562,10
13.00481987,80.2571487427,50562,50572,10
13.0041103363,80.2570037842,50572,50582,10
13.0033302307,80.2568664551,50582,50592,10
13.002579689,80.2567367554,50592,50603,11
13.0020103455,80.2566375732,50603,50613,10
13.0017204285,80.2565994263,50613,50623,10
13.0011501312,80.2565078735,50623,50633,10
13.0003499985,80.2563934326,50633,50643,10
12.9996700287,80.2562484741,50643,50653,10
12.9986400604,80.2560806274,50653,50673,20
12.9986400604,80.2560806274,50673,50683,10
12.9983100891,80.2560577393,50683,50693,10
12.9978199005,80.2559814453,50693,50703,10
12.9975996017,80.2559432983,50703,50713,10
12.997209549,80.255897522,50713,50724,11
12.9970302582,80.255897522,50724,50734,10
12.996720314,80.2558898926,50734,50744,10
12.9961395264,80.2559127808,50744,50754,10
12.9955101013,80.2559127808,50754,50764,10
12.994890213,80.2559432983,50764,50774,10
12.9942302704,80.2559890747,50774,50784,10
12.9935398102,80.2560424805,50784,50794,10
12.9925899506,80.2561035156,50794,50804,10
12.9914903641,80.2560806274,50804,50814,10
12.9905996323,80.2560424805,50814,50824,10
12.989979744,80.2560119629,50824,50834,10
12.989279747,80.2559509277,50834,50845,11
12.9884500504,80.255897522,50845,50855,10
12.988240242,80.2558670044,50855,50865,10
12.987859726,80.2557983398,50865,50875,10
12.9876003265,80.2562026978,50875,50885,10
12.9875602722,80.2568817139,50885,50895,10
12.9875097275,80.2573394775,50895,50905,10
12.9874601364,80.2580032349,50905,50915,10
12.9874095917,80.2582702637,50915,50925,10
12.9873600006,80.2584762573,50925,50935,10
12.9873695374,80.2585220337,50935,50945,10
12.9873695374,80.2587280273,50945,50955,10
12.9873399734,80.2589797974,50955,50966,11
12.9872598648,80.2593688965,50966,51036,70
12.9872598648,80.2593688965,51036,51046,10
12.9869003296,80.2596206665,51046,53766,2720
12.9875802994,80.2558822632,53766,53946,180
12.9884500504,80.2558517456,53946,53987,41
12.9898099899,80.2560119629,53987,54017,30
12.9925203323,80.2560424805,54017,54047,30
12.9925203323,80.2560424805,54047,54078,31
12.9949598312,80.2558517456,54078,54087,9
12.99559021,80.255821228,54087,54098,11
12.9967002869,80.2557983398,54098,54138,40
12.9967002869,80.2557983398,54138,54148,10
12.9967498779,80.255821228,54148,54158,10
12.9972200394,80.2558364868,54158,54168,10
12.997879982,80.255897522,54168,54178,10
12.9985103607,80.2559814453,54178,54188,10
12.9988298416,80.2560577393,54188,54199,11
12.999250412,80.2560882568,54199,54209,10
12.999540329,80.2561416626,54209,54219,10
13.0003595352,80.2563171387,54219,54229,10
13.0013198853,80.2564468384,54229,54239,10
13.0022497177,80.2565994263,54239,54249,10
13.0029296875,80.2567214966,54249,54259,10
13.0037097931,80.2568817139,54259,54269,10
13.0044202805,80.2570114136,54269,54279,10
13.0051803589,80.2571716309,54279,54289,10
13.0058498383,80.2573623657,54289,54330,41
13.0058498383,80.2573623657,54330,54340,10
13.006310463,80.2574386597,54340,54350,10
13.0064897537,80.256980896,54350,54360,10
13.0065002441,80.256111145,54360,54370,10
13.0065202713,80.255317688,54370,54380,10
13.0065498352,80.254699707,54380,54390,10
13.006529808,80.2539520264,54390,54400,10
13.0065698624,80.2531585693,54400,54410,10
13.0065603256,80.2524414063,54410,54420,10
13.0065898895,80.2521820068,54420,54430,10
13.0066003799,80.2520980835,54430,54439,9
13.0067100525,80.2515563965,54439,54451,12
13.0067501068,80.2504882813,54451,54461,10
13.0067396164,80.2496337891,54461,54471,10
13.0067396164,80.2493667603,54471,54481,10
13.0066995621,80.2486877441,54481,54491,10
13.006649971,80.2479324341,54491,54531,40
13.006649971,80.2479324341,54531,54541,10
13.0066299438,80.247718811,54541,54551,10
13.006649971,80.2470169067,54551,54561,10
13.0065803528,80.2465133667,54561,54572,11
13.0065898895,80.2464981079,54572,54582,10
13.0066404343,80.2459564209,54582,54592,10
13.0066299438,80.244972229,54592,54602,10
13.0066404343,80.2441482544,54602,54612,10
13.0066003799,80.2432174683,54612,54622,10
13.0066003799,80.242149353,54622,54632,10
13.0066900253,80.2407989502,54632,54642,10
13.0068502426,80.2398834229,54642,54652,10
13.0070199966,80.2387771606,54652,54662,10
13.0071697235,80.2379684448,54662,54672,10
13.0073699951,80.236907959,54672,54693,21
13.0073699951,80.236907959,54693,54703,10
13.0074100494,80.2366714478,54703,54713,10
13.0075502396,80.2361831665,54713,54723,10
13.0076799393,80.2354812622,54723,54733,10
13.0077896118,80.2350006104,54733,54743,10
13.0079097748,80.2343826294,54743,54753,10
13.0080795288,80.2335968018,54753,54763,10
13.0082702637,80.2325592041,54763,54773,10
13.0085096359,80.231262207,54773,54783,10
13.008769989,80.2298736572,54783,54793,10
13.0090398788,80.2285995483,54793,54803,10
13.0094404221,80.2275085449,54803,54813,10
13.0099697113,80.2263565063,54813,54824,11
13.0105104446,80.2251968384,54824,54834,10
13.0109395981,80.224357605,54834,54844,10
13.0112304688,80.2236175537,54844,54854,10
13.0115203857,80.222869873,54854,54864,10
13.0118398666,80.2220611572,54864,54874,10
13.0120601654,80.2215194702,54874,54884,10
13.012260437,80.2214508057,54884,54894,10
13.0123796463,80.2215194702,54894,54904,10
13.0126199722,80.2219085693,54904,54914,10
13.0128698349,80.2221603394,54914,54924,10
13.0133399963,80.2227325439,54924,54934,10
13.0139198303,80.2233963013,54934,54945,11
13.0144500732,80.2239227295,54945,54955,10
13.014960289,80.2245178223,54955,54965,10
13.0151596069,80.2246932983,54965,54975,10
13.0153799057,80.224861145,54975,54985,10
13.0153903961,80.224861145,54985,54995,10
13.015540123,80.2250366211,54995,55005,10
13.0161399841,80.2252578735,55005,55015,10
13.0171098709,80.2249984741,55015,55025,10
13.0181999207,80.2245864868,55025,55035,10
13.0193195343,80.2242279053,55035,55076,41
13.0193195343,80.2242279053,55076,55086,10
13.0195398331,80.2244567871,55086,55116,30
13.0195398331,80.2244567871,55116,55126,10
13.0197496414,80.2245788574,55126,55136,10
13.0201997757,80.2249069214,55136,55146,10
13.0207700729,80.2253036499,55146,55156,10
13.0213499069,80.225769043,55156,55166,10
13.0220603943,80.2262878418,55166,55175,9
13.0225496292,80.2267074585,55175,55187,12
13.0234003067,80.2275009155,55187,55197,10
13.0239496231,80.2280502319,55197,55207,10
13.024430275,80.2286224365,55207,55217,10
13.0249004364,80.2293014526,55217,55227,10
13.0255298615,80.2301483154,55227,55237,10
13.0259199142,80.2309188843,55237,55247,10
13.0259504318,80.2311706543,55247,55257,10
13.0261001587,80.2317123413,55257,55267,10
13.0263204575,80.2325134277,55267,55277,10
13.026599884,80.2331008911,55277,55287,10
13.0271100998,80.2338867188,55287,55298,11
13.0277795792,80.2350769043,55298,55308,10
13.0285196304,80.2360305786,55308,55318,10
13.029299736,80.236831665,55318,55328,10
13.0295095444,80.2370681763,55328,55338,10
13.0295801163,80.237197876,55338,55348,10
13.0299797058,80.2377929688,55348,55358,10
13.0304803848,80.2386474609,55358,55368,10
13.031080246,80.2396316528,55368,55459,91
13.031080246,80.2396316528,55459,55469,10
13.0311498642,80.2397766113,55469,55479,10
13.0313396454,80.2401428223,55479,55489,10
13.0314903259,80.2408294678,55489,55499,10
13.0318698883,80.2416763306,55499,55509,10
13.032409668,80.24243927,55509,55519,10
13.0329999924,80.2432174683,55519,55529,10
13.0337400436,80.2442092896,55529,55539,10
13.0344104767,80.2450790405,55539,55548,9
13.0348997116,80.2456970215,55548,55560,12
13.0354204178,80.2460098267,55560,55570,10
13.0356197357,80.2460174561,55570,55580,10
13.03565979,80.2460327148,55580,55590,10
13.0358695984,80.2461700439,55590,55600,10
13.036239624,80.2462463379,55600,55610,10
13.0369701385,80.246421814,55610,55620,10
13.0375699997,80.2463531494,55620,55630,10
13.0383996964,80.24659729,55630,55640,10
13.0389003754,80.2467803955,55640,55650,10
13.0391197205,80.2468338013,55650,55660,10
13.0396499634,80.2469329834,55660,55670,10
13.0405502319,80.2470703125,55670,55681,11
13.0407800674,80.2471466064,55681,55691,10
13.0413103104,80.2472000122,55691,55701,10
13.0420503616,80.2474212646,55701,55709,8
13.0426702499,80.2476730347,55709,55722,13
13.0437402725,80.2478485107,55722,55732,10
13.0440597534,80.247833252,55732,55742,10
13.0446796417,80.2479171753,55742,55752,10
13.045249939,80.2481536865,55752,55762,10
13.0460996628,80.2483825684,55762,55772,10
13.0468902588,80.248298645,55772,55782,10
13.0470399857,80.2483825684,55782,55792,10
13.0475597382,80.2487335205,55792,55803,11
13.0482702255,80.2494277954,55803,55813,10
13.0488901138,80.2496566772,55813,55823,10
13.0499696732,80.2498016357,55823,55833,10
13.0512304306,80.2500610352,55833,55843,10
13.0522899628,80.2508926392,55843,55853,10
13.0531702042,80.2520599365,55853,55863,10
13.0538797379,80.253036499,55863,55873,10
13.054599762,80.2539901733,55873,55883,10
13.0551996231,80.2548370361,55883,55893,10
13.0558595657,80.2557525635,55893,55903,10
13.0567903519,80.2568130493,55903,55922,19
13.0567903519,80.2568130493,55922,55934,12
13.0572900772,80.2571716309,55934,55944,10
13.0579299927,80.2578201294,55944,55954,10
13.0586099625,80.2586898804,55954,55964,10
13.0592098236,80.2596206665,55964,55974,10
13.059709549,80.260093689,55974,55984,10
13.0602397919,80.2606506348,55984,55994,10
13.0606203079,80.2611465454,55994,56004,10
13.0606803894,80.2612991333,56004,56014,10
13.0609798431,80.26171875,56014,56024,10
13.0614995956,80.2622833252,56024,56034,10
13.0620698929,80.2629928589,56034,56045,11
13.0628499985,80.2638473511,56045,56055,10
13.063079834,80.2641220093,56055,56065,10
13.0634298325,80.2647018433,56065,56075,10
13.0639400482,80.2653503418,56075,56085,10
13.0644302368,80.2659912109,56085,56095,10
13.0649995804,80.2666702271,56095,56105,10
13.0656404495,80.267250061,56105,56115,10
13.0662002563,80.2679901123,56115,56125,10
13.0667600632,80.2683792114,56125,56135,10
13.0669403076,80.2684783936,56135,56145,10
13.0670795441,80.2685470581,56145,56155,10
13.0675201416,80.2688674927,56155,56165,10
13.0681800842,80.269241333,56165,56176,11
13.0683202744,80.2689285278,56176,56186,10
13.0685796738,80.2682571411,56186,56196,10
13.068860054,80.2675094604,56196,56206,10
13.0694103241,80.2667922974,56206,56216,10
13.0699396133,80.2661819458,56216,56226,10
13.0702896118,80.265838623,56226,56236,10
13.0703697205,80.2657775879,56236,56246,10
13.0707702637,80.2653274536,56246,56256,10
13.0714502335,80.2646026611,56256,56266,10
13.0722103119,80.263710022,56266,56276,10
13.072520256,80.2628936768,56276,56286,10
13.0727300644,80.2623825073,56286,56297,11
13.0728902817,80.2620315552,56297,56307,10
13.0729503632,80.2620010376,56307,56317,10
13.0730695724,80.2615814209,56317,56327,10
13.0732698441,80.2611999512,56327,56337,10
13.0736904144,80.2616195679,56337,56347,10
13.0742397308,80.262260437,56347,56357,10
13.0747299194,80.2628936768,56357,56367,10
13.0752296448,80.2635498047,56367,56377,10
13.0758304596,80.264213562,56377,56387,10
13.0762796402,80.2641525269,56387,56397,10
13.0767602921,80.2641220093,56397,56406,9
13.0773000717,80.2640075684,56406,56418,12
13.077870369,80.2636108398,56418,56428,10
13.0780096054,80.2631225586,56428,56438,10
13.0777797699,80.2623214722,56438,56448,10
13.0773200989,80.2609405518,56448,56468,20
13.0773200989,80.2609405518,56468,56478,10
13.0772399902,80.2607498169,56478,56488,10
13.0769300461,80.2603607178,56488,56498,10
13.0764703751,80.259979248,56498,56508,10
13.075969696,80.2595825195,56508,56518,10
13.0755796432,80.2588424683,56518,56549,31
13.0755796432,80.2588424683,56549,56559,10
13.0754699707,80.2584075928,56559,56569,10
13.0754404068,80.2581100464,56569,56579,10
13.0758695602,80.2577667236,56579,56589,10
13.0764703751,80.2572097778,56589,56599,10
13.0770101547,80.2568206787,56599,56609,10
13.0776796341,80.2566223145,56609,56619,10
13.078379631,80.2565612793,56619,56629,10
13.0789804459,80.2564697266,56629,56639,10
13.0790300369,80.2560501099,56639,56649,10
13.0790100098,80.2553482056,56649,56660,11
13.0789699554,80.2552108765,56660,56670,10
13.0789203644,80.2550201416,56670,56680,10
13.0789299011,80.2548522949,56680,56690,10
13.0791301727,80.2545776367,56690,56700,10
13.0795202255,80.2545471191,56700,56710,10
13.0799303055,80.2545776367,56710,56720,10
13.0804700851,80.254699707,56720,56730,10
13.0810203552,80.2547683716,56730,56740,10
13.0814599991,80.2547531128,56740,56750,10
13.0817203522,80.2543182373,56750,56760,10
13.0818500519,80.2537765503,56760,56770,10
13.0819797516,80.2533187866,56770,56781,11
13.081609726,80.2525482178,56781,56791,10
13.0814199448,80.2516479492,56791,56801,10
13.081410408,80.251083374,56801,56811,10
13.0814399719,80.2506408691,56811,56821,10
13.0813798904,80.2499694824,56821,56831,10
13.0818300247,80.2497177124,56831,56841,10
13.0826396942,80.2498092651,56841,56851,10
13.0834798813,80.2499237061,56851,56861,10
13.0841798782,80.2500915527,56861,56871,10
13.084569931,80.2500762939,56871,56881,10
13.0846595764,80.2500610352,56881,56891,10
13.0850400925,80.2501525879,56891,56901,10
13.0853300095,80.25025177,56901,56912,11
13.0855798721,80.250328064,56912,56922,10
13.0857896805,80.2502822876,56922,56932,10
13.0858201981,80.2498321533,56932,56942,10
13.0858097076,80.2489624023,56942,56952,10
13.0857696533,80.2481231689,56952,56962,10
13.0858001709,80.2472381592,56962,56972,10
13.0857601166,80.24659729,56972,56982,10
13.0857400894,80.2464904785,56982,56992,10
13.0856895447,80.2458724976,56992,57002,10
13.0856895447,80.2457504272,57002,57012,10
13.0856704712,80.2456512451,57012,57022,10
13.0857000351,80.2452316284,57022,57033,11
13.0862398148,80.2447509766,57033,57043,10
13.0868701935,80.244178772,57043,57053,10
13.0874595642,80.2436904907,57053,57063,10
13.0878000259,80.2431030273,57063,57073,10
13.0879602432,80.242401123,57073,57083,10
13.0885295868,80.2417907715,57083,57093,10
13.0893602371,80.2412109375,57093,57103,10
13.0901699066,80.2408218384,57103,57113,10
13.0910797119,80.240852356,57113,57123,10
13.0919399261,80.2408828735,57123,57133,10
13.0925197601,80.2409286499,57133,57143,10
13.0932197571,80.2409820557,57143,57154,11
13.0939903259,80.2410812378,57154,57164,10
13.09416008,80.2410964966,57164,57174,10
13.0943498611,80.2411270142,57174,57184,10
13.0949697495,80.2412185669,57184,57194,10
13.0957403183,80.2414398193,57194,57204,10
13.0970602036,80.2419815063,57204,57263,59
13.0970602036,80.2419815063,57263,57275,12
13.097319603,80.2420425415,57275,57285,10
13.0979099274,80.2422103882,57285,57295,10
13.0984802246,80.2422332764,57295,57305,10
13.0985403061,80.2422180176,57305,57315,10
13.0986299515,80.2421875,57315,57325,10
13.0987596512,80.2419967651,57325,57335,10
13.0986299515,80.2417984009,57335,57345,10
13.0985603333,80.2417526245,57345,57355,10
13.0983600616,80.2421417236,57355,58548,1193
13.0983600616,80.2421417236,58548,58559,11
13.0983800888,80.2424087524,58559,58569,10
13.0981397629,80.2423629761,58569,58579,10
13.0976295471,80.2422714233,58579,58619,40
13.0976295471,80.2422714233,58619,58629,10
13.0972700119,80.2421569824,58629,58639,10
13.0968904495,80.2420272827,58639,58649,10
13.0964298248,80.2418823242,58649,58659,10
13.0958995819,80.2416915894,58659,58669,10
13.0955600739,80.2415618896,58669,58680,11
13.0951004028,80.2413711548,58680,58690,10
13.0947799683,80.2412872314,58690,58700,10
13.0944595337,80.2412414551,58700,58710,10
13.0939598083,80.2411422729,58710,58720,10
13.0935096741,80.2410583496,58720,58730,10
13.0929098129,80.2409896851,58730,58740,10
13.0922899246,80.2409591675,58740,58750,10
13.0916004181,80.2409133911,58750,58760,10
13.0906295776,80.2408828735,58760,58770,10
13.0896396637,80.2410964966,58770,58780,10
13.0887899399,80.2416992188,58780,58790,10
13.0880298615,80.2423324585,58790,58801,11
13.0878400803,80.2432022095,58801,58811,10
13.0877799988,80.2434005737,58811,58821,10
13.0875701904,80.2437286377,58821,58831,10
13.087269783,80.2439727783,58831,58841,10
13.086689949,80.244468689,58841,58851,10
13.0860300064,80.2450180054,58851,58861,10
13.0856895447,80.2454223633,58861,58871,10
13.0857095718,80.2460403442,58871,58881,10
13.0858001709,80.2466278076,58881,58891,10
13.0857896805,80.2466583252,58891,58901,10
13.0857400894,80.2469482422,58901,58911,10
13.0858001709,80.2477035522,58911,58922,11
13.0858697891,80.248878479,58922,58932,10
13.0859298706,80.249961853,58932,58942,10
13.0858802795,80.2507400513,58942,58952,10
13.0857696533,80.2514877319,58952,58961,9
13.0856599808,80.2521362305,58961,58972,11
13.0855798721,80.2529220581,58972,58982,10
13.0855798721,80.2533798218,58982,58992,10
13.0855798721,80.2538070679,58992,59002,10
13.085650444,80.2543411255,59002,59012,10
13.0854597092,80.2547302246,59012,59022,10
13.084859848,80.254699707,59022,59032,10
13.0840396881,80.2546005249,59032,59043,11
13.0837602615,80.2545623779,59043,59053,10
13.0835399628,80.2545471191,59053,59063,10
13.0830402374,80.2545166016,59063,59073,10
13.0826301575,80.2545013428,59073,59083,10
13.082280159,80.2544937134,59083,59093,10
13.0817499161,80.2547531128,59093,59103,10
13.0811300278,80.2548599243,59103,59113,10
13.0804700851,80.2547912598,59113,59123,10
13.07970047,80.2546691895,59123,59133,10
13.0791501999,80.254699707,59133,59143,10
13.0791196823,80.254699707,59143,59153,10
13.0790100098,80.2547225952,59153,59163,10
13.0790195465,80.2551727295,59163,59174,11
13.0791196823,80.2560424805,59174,59184,10
13.0791397095,80.2565078735,59184,59194,10
13.0791501999,80.2565231323,59194,59204,10
13.0790500641,80.2567214966,59204,59214,10
13.0784101486,80.2567214966,59214,59224,10
13.0776901245,80.2567672729,59224,59234,10
13.0769796371,80.256980896,59234,59244,10
13.0763196945,80.257522583,59244,59254,10
13.0756998062,80.2581100464,59254,59264,10
13.0755701065,80.2586975098,59264,59274,10
13.0758800507,80.2594604492,59274,59284,10
13.0765695572,80.2601013184,59284,59295,11
13.0770196915,80.2605895996,59295,59305,10
13.0774097443,80.2611923218,59305,59315,10
13.0776395798,80.2617874146,59315,59325,10
13.0778198242,80.2621383667,59325,59395,70
13.0778198242,80.2621383667,59395,59405,10
13.0778303146,80.2624588013,59405,59436,31
13.0778303146,80.2624588013,59436,59446,10
13.0779104233,80.2627029419,59446,59456,10
13.0780200958,80.2630691528,59456,59466,10
13.078209877,80.2633514404,59466,59476,10
13.0780000687,80.2636108398,59476,59486,10
13.077580452,80.2639389038,59486,59496,10
13.0770702362,80.2641677856,59496,59506,10
13.0764703751,80.2642364502,59506,59516,10
13.0759000778,80.2643127441,59516,59526,10
13.075460434,80.263961792,59526,59537,11
13.0749702454,80.2632522583,59537,59547,10
13.0744695663,80.2626037598,59547,59557,10
13.0739002228,80.2619628906,59557,59567,10
13.0737199783,80.2617416382,59567,59577,10
13.0735397339,80.2615432739,59577,59587,10
13.0731496811,80.2614517212,59587,59597,10
13.0728902817,80.2621002197,59597,59607,10
13.0726804733,80.2628097534,59607,59617,10
13.0724802017,80.2633666992,59617,59627,10
13.0721998215,80.2639389038,59627,59637,10
13.0715999603,80.2646331787,59637,59658,21
13.0715999603,80.2646331787,59658,59668,10
13.0713796616,80.2648468018,59668,59678,10
13.0713396072,80.2649078369,59678,59688,10
13.0710802078,80.2651901245,59688,59698,10
13.0705900192,80.2657012939,59698,59708,10
13.0700702667,80.266242981,59708,59718,10
13.0695199966,80.2667922974,59718,59728,10
13.0690202713,80.2673416138,59728,59738,10
13.0687303543,80.2681121826,59738,59748,10
13.0685100555,80.2687301636,59748,59758,10
13.0683603287,80.26927948,59758,59768,10
13.06828022,80.2696762085,59768,59779,11
13.0681600571,80.2705001831,59779,59789,10
13.0678596497,80.2710494995,59789,59799,10
13.0672597885,80.2705307007,59799,59809,10
13.0670604706,80.2703475952,59809,59819,10
13.066619873,80.2698287964,59819,59829,10
13.0663499832,80.2689666748,59829,59839,10
13.0661096573,80.2682189941,59839,59849,10
13.0656099319,80.2677612305,59849,59859,10
13.065369606,80.2677001953,59859,59869,10
13.0652704239,80.2676696777,59869,59879,10
13.0651597977,80.2676467896,59879,59889,10
13.0646095276,80.267539978,59889,59900,11
13.063750267,80.2673873901,59900,59910,10
13.0629701614,80.267250061,59910,59920,10
13.0622997284,80.2667236328,59920,59930,10
13.0617399216,80.2659835815,59930,59940,10
13.0612001419,80.2652816772,59940,59950,10
13.060500145,80.2654190063,59950,59970,20
13.060500145,80.2654190063,59970,59980,10
13.0602197647,80.2655563354,59980,59990,10
13.0596904755,80.2656021118,59990,60000,10
13.0592498779,80.2655334473,60000,60010,10
13.0585403442,80.2654190063,60010,60021,11
13.0580396652,80.2649765015,60021,60031,10
13.0579299927,80.264251709,60031,60041,10
13.0578203201,80.2634963989,60041,60051,10
13.0577602386,80.2625579834,60051,60061,10
13.0575704575,80.2616271973,60061,60071,10
13.0574197769,80.2608337402,60071,60081,10
13.0572004318,80.2600326538,60081,60091,10
13.0569696426,80.2593231201,60091,60101,10
13.0567398071,80.2586135864,60101,60111,10
13.056599617,80.2577972412,60111,60121,10
13.0565004349,80.2574310303,60121,60131,10
13.0564603806,80.25730896,60131,60142,11
13.0563297272,80.2566604614,60142,60152,10
13.0559196472,80.2559509277,60152,60162,10
13.0553398132,80.2551422119,60162,60172,10
13.0546503067,80.2542495728,60172,60182,10
13.0540800095,80.2535705566,60182,60192,10
13.0540399551,80.2534790039,60192,60202,10
13.0537004471,80.2529907227,60202,60212,10
13.0531196594,80.252166748,60212,60222,10
13.0525598526,80.2514038086,60222,60232,10
13.0519695282,80.2506484985,60232,60242,10
13.0509395599,80.2500686646,60242,60251,9
13.0497598648,80.2498168945,60251,60263,12
13.0485401154,80.2496566772,60263,60273,10
13.0479001999,80.2492904663,60273,60283,10
13.0471000671,80.2486877441,60283,60303,20
13.0471000671,80.2486877441,60303,60313,10
13.0467395782,80.2486419678,60313,60323,10
13.0459699631,80.2485122681,60323,60333,10
13.0450601578,80.2481994629,60333,60343,10
13.0443000793,80.2480621338,60343,60353,10
13.0436201096,80.2479400635,60353,60363,10
13.0431404114,80.247833252,60363,60373,10
13.0429000854,80.2477493286,60373,60384,11
13.0426397324,80.2477035522,60384,60394,10
13.0424499512,80.2476882935,60394,60404,10
13.042090416,80.2476272583,60404,60414,10
13.0414800644,80.2475204468,60414,60424,10
13.0406503677,80.2473220825,60424,60434,10
13.0398397446,80.2471618652,60434,60444,10
13.0390901566,80.2469711304,60444,60454,10
13.038479805,80.2468032837,60454,60464,10
13.0377902985,80.2466964722,60464,60474,10
13.03703022,80.2465591431,60474,60484,10
13.0362501144,80.2463912964,60484,60494,10
13.0355195999,80.2461624146,60494,60505,11
13.035320282,80.24609375,60505,60515,10
13.0352201462,80.2460479736,60515,60525,10
13.0347700119,80.2457275391,60525,60535,10
13.0343799591,80.2452011108,60535,60545,10
13.0338096619,80.2445220947,60545,60555,10
13.033080101,80.2436218262,60555,60565,10
13.0323896408,80.2426528931,60565,60575,10
13.0318403244,80.2417831421,60575,60585,10
13.0314798355,80.2409667969,60585,60595,10
13.03125,80.2404632568,60595,60656,61
13.03125,80.2404632568,60656,60666,10
13.0312004089,80.2402877808,60666,60676,10
13.0309696198,80.2397384644,60676,60686,10
13.0305500031,80.2390136719,60686,60696,10
13.0300197601,80.2381134033,60696,60706,10
13.029419899,80.2371826172,60706,60716,10
13.0291204453,80.236869812,60716,60726,10
13.0290803909,80.2368087769,60726,60736,10
13.0286998749,80.2363891602,60736,60747,11
13.0279798508,80.2355880737,60747,60757,10
13.0273799896,80.2345275879,60757,60767,10
13.0269298553,80.2338409424,60767,60777,10
13.0267801285,80.2335662842,60777,60787,10
13.0264797211,80.2330703735,60787,60797,10
13.0262498856,80.2324829102,60797,60807,10
13.0261697769,80.2322235107,60807,60817,10
13.0261497498,80.2321395874,60817,60827,10
13.0260696411,80.2317581177,60827,60837,10
13.0259103775,80.2311325073,60837,60847,10
13.0255804062,80.2303390503,60847,60857,10
13.0249996185,80.2295303345,60857,60868,11
13.0239696503,80.2282867432,60868,60898,30
13.0239696503,80.2282867432,60898,60908,10
13.0238399506,80.2281036377,60908,60918,10
13.0234298706,80.2276916504,60918,60928,10
13.023059845,80.2273330688,60928,60938,10
13.0223999023,80.2267227173,60938,60948,10
13.0216798782,80.2261123657,60948,60958,10
13.020939827,80.2255020142,60958,60968,10
13.0198602676,80.224822998,60968,60999,31
13.0198602676,80.224822998,60999,61009,10
13.0194797516,80.224609375,61009,61019,10
13.0186004639,80.2246017456,61019,61029,10
13.0175104141,80.2250366211,61029,61039,10
13.016409874,80.225479126,61039,61049,10
13.015540123,80.2257919312,61049,61059,10
13.0146799088,80.2261428833,61059,61069,10
13.0142602921,80.2263031006,61069,61079,10
13.0140895844,80.2263717651,61079,61089,10
13.013420105,80.2266235352,61089,61099,10
13.012339592,80.2269973755,61099,61109,10
13.011059761,80.2275390625,61109,61120,11
13.0097398758,80.2280807495,61120,61130,10
13.0090703964,80.2287216187,61130,61140,10
13.0088596344,80.2299194336,61140,61150,10
13.0086202621,80.2313995361,61150,61160,10
13.0083398819,80.2328033447,61160,61170,10
13.0082101822,80.2337188721,61170,61180,10
13.0081501007,80.2338562012,61180,61190,10
13.008020401,80.2345428467,61190,61200,10
13.0078496933,80.2353668213,61200,61210,10
13.0076799393,80.2363128662,61210,61220,10
13.0074701309,80.2373809814,61220,61230,10
13.0072698593,80.2384567261,61230,61241,11
13.0070495605,80.2395172119,61241,61251,10
13.0069503784,80.2401123047,61251,61301,50
13.0069503784,80.2401123047,61301,61311,10
13.0070199966,80.2405166626,61311,61321,10
13.0068998337,80.2408676147,61321,61331,10
13.0067901611,80.2415313721,61331,61340,9
13.006770134,80.2425231934,61340,61351,11
13.0067195892,80.243598938,61351,61362,11
13.0066995621,80.2447814941,61362,61372,10
13.0067195892,80.2457962036,61372,61382,10
13.0067596436,80.2466125488,61382,61392,10
13.0067901611,80.2469787598,61392,61402,10
13.0067996979,80.2470016479,61402,61412,10
13.0067901611,80.2471466064,61412,61422,10
13.0067796707,80.2473220825,61422,61432,10
13.0067396164,80.2479171753,61432,61442,10
13.006770134,80.2490005493,61442,61452,10
13.0068397522,80.2504272461,61452,61462,10
13.0068502426,80.2514038086,61462,61472,10
13.0068397522,80.2515029907,61472,61483,11
13.0066995621,80.2519607544,61483,61493,10
13.0065498352,80.2528381348,61493,61503,10
13.0065603256,80.2540817261,61503,61513,10
13.0066404343,80.2549362183,61513,61523,10
13.0066299438,80.2551422119,61523,61533,10
13.0066299438,80.255859375,61533,61543,10
13.0066204071,80.2566223145,61543,61553,10
13.0066995621,80.2571868896,61553,61573,20
13.0066299438,80.2572174072,61573,61604,31
13.0066299438,80.2572174072,61604,61614,10
13.0067195892,80.2573318481,61614,61624,10
13.0066604614,80.25756073,61624,61634,10
13.0062398911,80.25756073,61634,61644,10
13.0058002472,80.2574310303,61644,61654,10
13.0053300858,80.2573013306,61654,61664,10
13.0047702789,80.2571716309,61664,61674,10
13.0040197372,80.2570114136,61674,61684,10
13.0032701492,80.2568664551,61684,61694,10
13.0024595261,80.2567214966,61694,61704,10
13.0017900467,80.2566223145,61704,61725,21
13.0017900467,80.2566223145,61725,61735,10
13.0016899109,80.2566223145,61735,61745,10
13.001159668,80.2565536499,61745,61755,10
13.0003004074,80.256401062,61755,61765,10
12.9996795654,80.2563095093,61765,61775,10
12.9992599487,80.2561798096,61775,61785,10
12.998749733,80.2560806274,61785,61795,10
12.9986801147,80.256072998,61795,61805,10
12.9983501434,80.2559967041,61805,61815,10
12.9977302551,80.2559280396,61815,61825,10
12.9971103668,80.255897522,61825,61886,61
12.9971103668,80.255897522,61886,61896,10
12.9968204498,80.2558822632,61896,61906,10
12.9963502884,80.255859375,61906,61916,10
12.9955596924,80.2558822632,61916,61926,10
12.9948301315,80.2559432983,61926,61936,10
12.994020462,80.2559890747,61936,61946,10
12.9930095673,80.256072998,61946,61956,10
12.9917097092,80.256072998,61956,61967,11
12.9903497696,80.2560272217,61967,61977,10
12.9893598557,80.2559967041,61977,61987,10
12.9890403748,80.2559814453,61987,61997,10
12.9887399673,80.2559432983,61997,62007,10
12.9881496429,80.2558670044,62007,62017,10
12.9877595901,80.2558288574,62017,62027,10
12.9875898361,80.2563705444,62027,62037,10
12.9875097275,80.2572631836,62037,62047,10
12.9874296188,80.2583236694,62047,62057,10
12.9873600006,80.2589111328,62057,62067,10
12.9872999191,80.2591323853,62067,62108,41
12.9872999191,80.2591323853,62108,62118,10
12.9871797562,80.2593688965,62118,62128,10
12.9871797562,80.2596206665,62128,62309,181
12.9868202209,80.2595291138,62309,62864,555
12.9868202209,80.2595291138,62864,62874,10
12.9865703583,80.2593917847,62874,62884,10
12.986579895,80.2591171265,62884,63005,121
12.9869403839,80.2591629028,63005,63106,101
12.9872703552,80.2591018677,63106,63197,91
12.9872703552,80.2591018677,63197,63207,10
12.9873695374,80.2587509155,63207,63348,141
12.9873695374,80.2584686279,63348,63560,212
12.9873695374,80.2584686279,63560,63570,10
12.9873800278,80.2582702637,63570,63590,20
12.9873800278,80.2582702637,63590,63600,10
12.9873800278,80.2580337524,63600,63640,40
12.9873800278,80.2580337524,63640,63650,10
12.9874801636,80.2576828003,63650,63660,10
12.9874897003,80.2574768066,63660,63670,10
12.9874897003,80.2573318481,63670,63681,11
12.9875497818,80.2570419312,63681,63691,10
12.9875898361,80.2568435669,63691,63701,10
12.9876203537,80.2564620972,63701,63911,210
12.9875602722,80.2561416626,63911,63943,32
12.9875602722,80.2561416626,63943,63953,10
12.9875602722,80.2560119629,63953,64094,141
12.9875602722,80.2560119629,64094,64104,10
12.987569809,80.2556991577,64104,64114,10
12.9877700806,80.2557067871,64114,64124,10
12.9879598618,80.2557830811,64124,64134,10
12.988360405,80.2558364868,64134,64144,10
12.9886302948,80.2558670044,64144,64165,21
12.9886302948,80.2558670044,64165,64175,10
12.9888000488,80.2559204102,64175,64185,10
12.9891395569,80.2559585571,64185,64195,10
12.9896602631,80.2559967041,64195,64205,10
12.9902000427,80.2559967041,64205,64215,10
12.9905900955,80.2559967041,64215,64225,10
12.991060257,80.2560424805,64225,64235,10
12.9918804169,80.2560577393,64235,64245,10
12.9928798676,80.2560501099,64245,64255,10
12.9938297272,80.2559814453,64255,64265,10
12.9945697784,80.2559280396,64265,64274,9
12.9952497482,80.2558898926,64274,64286,12
12.996049881,80.2558670044,64286,64296,10
12.9965696335,80.2558517456,64296,64336,40
12.9965696335,80.2558517456,64336,64346,10
12.9967403412,80.2558517456,64346,64356,10
12.997010231,80.2558517456,64356,64366,10
12.9974403381,80.2558822632,64366,64376,10
12.9980602264,80.2559280396,64376,64386,10
12.9986400604,80.2560119629,64386,64396,10
12.9987602234,80.2560424805,64396,64407,11
12.9988498688,80.2560806274,64407,64417,10
12.9990196228,80.256111145,64417,64427,10
12.9993896484,80.2561569214,64427,64437,10
12.9999399185,80.2562713623,64437,64447,10
13.0005502701,80.2563781738,64447,64457,10
13.0011301041,80.2564926147,64457,64467,10
13.0015897751,80.2565917969,64467,64477,10
13.0022697449,80.2566986084,64477,64487,10
13.0028896332,80.2568206787,64487,64497,10
13.0035495758,80.256942749,64497,64507,10
13.0042495728,80.2570571899,64507,64517,10
13.0049600601,80.2571792603,64517,64527,10
13.0053596497,80.2572479248,64527,64558,31
13.0053596497,80.2572479248,64558,64568,10
13.0055599213,80.2572937012,64568,64578,10
13.005979538,80.2573928833,64578,64588,10
13.0064401627,80.2574081421,64588,64598,10
13.0065002441,80.2568817139,64598,64608,10
13.0064697266,80.2559814453,64608,64618,10
13.0065002441,80.2551269531,64618,64628,10
13.006480217,80.2543869019,64628,64638,10
13.0065002441,80.2539978027,64638,64649,11
13.0065097809,80.2535095215,64649,64659,10
13.006529808,80.2533569336,64659,64669,10
13.0065097809,80.2529067993,64669,64679,10
13.0065603256,80.2521972656,64679,64729,50
13.0065603256,80.2521972656,64729,64739,10
13.0066099167,80.2520294189,64739,64749,10
13.0066900253,80.2515182495,64749,64759,10
13.0067396164,80.2507705688,64759,64770,11
13.0067100525,80.2496871948,64770,64780,10
13.0066795349,80.2487564087,64780,64790,10
13.0066003799,80.2480392456,64790,64830,40
13.0066003799,80.2480392456,64830,64840,10
13.0065698624,80.2478866577,64840,64850,10
13.0065803528,80.2474899292,64850,64860,10
13.0065698624,80.2467727661,64860,64880,20
13.0065698624,80.2467727661,64880,64890,10
13.0065202713,80.2466201782,64890,64901,11
13.0065898895,80.2462921143,64901,64911,10
13.0065803528,80.2456283569,64911,64921,10
13.0066003799,80.2448196411,64921,64931,10
13.0065803528,80.2441635132,64931,64941,10
13.0065698624,80.2435836792,64941,64951,10
13.0065498352,80.242767334,64951,64961,10
13.0065402985,80.2418289185,64961,64971,10
13.0066204071,80.2406082153,64971,65032,61
13.0066204071,80.2406082153,65032,65042,10
13.0066795349,80.2403411865,65042,65052,10
13.0068502426,80.2397766113,65052,65062,10
13.0069303513,80.2391967773,65062,65072,10
13.0071001053,80.2383422852,65072,65082,10
13.0073604584,80.2369308472,65082,65102,20
13.0073604584,80.2369308472,65102,65112,10
13.0074300766,80.2366409302,65112,65122,10
13.0075798035,80.2361526489,65122,65131,9
13.0076999664,80.2355117798,65131,65143,12
13.0077199936,80.2354202271,65143,65153,10
13.0077600479,80.2351379395,65153,65163,10
13.0078897476,80.2345962524,65163,65173,10
13.0080795288,80.2337265015,65173,65183,10
13.008310318,80.2324905396,65183,65193,10
13.0085601807,80.2311477661,65193,65203,10
13.0088100433,80.2298202515,65203,65213,10
13.0090503693,80.2285614014,65213,65223,10
13.0094404221,80.2274169922,65223,65233,10
13.0100402832,80.2261734009,65233,65243,10
13.0106096268,80.224937439,65243,65252,9
13.0109701157,80.2241287231,65252,65264,12
13.0114002228,80.2231903076,65264,65274,10
13.0117101669,80.2224578857,65274,65284,10
13.0120801926,80.2215194702,65284,65294,10
13.0124397278,80.2216262817,65294,65304,10
13.0129203796,80.2222518921,65304,65314,10
13.0136203766,80.2230072021,65314,65324,10
13.0141496658,80.223739624,65324,65334,10
13.0147895813,80.2244262695,65334,65344,10
13.0152101517,80.2248382568,65344,65354,10
13.0153999329,80.2249603271,65354,65364,10
13.0155000687,80.2250518799,65364,65373,9
13.0159101486,80.2253189087,65373,65385,12
13.0169401169,80.2251281738,65385,65395,10
13.0179395676,80.2247314453,65395,65405,10
13.0188102722,80.2243881226,65405,65415,10
13.0192804337,80.2243118286,65415,65445,30
13.0192804337,80.2243118286,65445,65455,10
13.0195703506,80.2245101929,65455,65465,10
13.0199804306,80.2247924805,65465,65475,10
13.0204401016,80.2251281738,65475,65485,10
13.0207595825,80.2253570557,65485,65495,10
13.0209598541,80.2255172729,65495,65506,11
13.0214300156,80.2258834839,65506,65516,10
13.0221500397,80.2264022827,65516,65526,10
13.0228700638,80.2270278931,65526,65536,10
13.023349762,80.2274703979,65536,65546,10
13.0238599777,80.2279586792,65546,65556,10
13.0242500305,80.2283782959,65556,65566,10
13.0246095657,80.2288665771,65566,65586,20
13.0246095657,80.2288665771,65586,65596,10
13.024889946,80.2293014526,65596,65606,10
13.0254096985,80.229927063,65606,65616,10
13.0257196426,80.2303924561,65616,65627,11
13.0258703232,80.2307281494,65627,65637,10
13.0259895325,80.2312393188,65637,65677,40
13.0259895325,80.2312393188,65677,65687,10
13.0260400772,80.2314682007,65687,65697,10
13.0261898041,80.2320022583,65697,65707,10
13.0263996124,80.2326507568,65707,65717,10
13.0266304016,80.2331008911,65717,65727,10
13.0270299911,80.2337036133,65727,65736,9
13.0274496078,80.2343978882,65736,65748,12
13.0278701782,80.235206604,65748,65758,10
13.0283498764,80.235786438,65758,65768,10
13.029009819,80.2365036011,65768,65778,10
13.0294504166,80.2369766235,65778,65788,10
13.0295295715,80.2370681763,65788,65798,10
13.0296897888,80.2372512817,65798,65808,10
13.0300502777,80.2378616333,65808,65818,10
13.0304899216,80.2386169434,65818,65828,10
13.0307798386,80.2391433716,65828,65848,20
13.0307798386,80.2391433716,65848,65858,10
13.0308904648,80.2392730713,65858,65869,11
13.031080246,80.2395935059,65869,65879,10
13.0311603546,80.2397613525,65879,65889,10
13.0312404633,80.239906311,65889,65899,10
13.0313997269,80.2403106689,65899,65909,10
13.0314798355,80.2408065796,65909,65919,10
13.031709671,80.2412719727,65919,65929,10
13.031920433,80.2417831421,65929,65939,10
13.0324401855,80.2424087524,65939,65969,30
13.0324401855,80.2424087524,65969,65978,9
13.0325603485,80.2425765991,65978,65990,12
13.0331001282,80.2433395386,65990,66000,10
13.0335798264,80.2439727783,66000,66010,10
13.0339899063,80.2445907593,66010,66020,10
13.0344295502,80.2451782227,66020,66030,10
13.0348596573,80.2457199097,66030,66040,10
13.0349597931,80.2458267212,66040,66050,10
13.0350999832,80.2459411621,66050,66060,10
13.0356502533,80.2461166382,66060,66079,19
13.0356502533,80.2461166382,66079,66090,11
13.0359096527,80.2462768555,66090,66100,10
13.0363998413,80.2463912964,66100,66111,11
13.0370502472,80.2465286255,66111,66121,10
13.0375299454,80.2464065552,66121,66131,10
13.0381002426,80.2465591431,66131,66141,10
13.0385599136,80.2467193604,66141,66151,10
13.0390996933,80.2468566895,66151,66161,10
13.0394697189,80.246963501,66161,66171,10
13.0399703979,80.2470703125,66171,66181,10
13.0405502319,80.2471618652,66181,66201,20
13.0405502319,80.2471618652,66201,66211,10
13.0410995483,80.2472763062,66211,66221,10
13.0419597626,80.2474594116,66221,66232,11
13.0427904129,80.247756958,66232,66242,10
13.0433702469,80.2479171753,66242,66252,10
13.0438899994,80.2478637695,66252,66262,10
13.0441703796,80.2478790283,66262,66272,10
13.0446996689,80.2480010986,66272,66282,10
13.0450801849,80.2482376099,66282,66292,10
13.0456199646,80.2484283447,66292,66302,10
13.0461397171,80.2485275269,66302,66312,10
13.0469903946,80.2484130859,66312,66332,20
13.0469903946,80.2484130859,66332,66342,10
13.0473203659,80.2486190796,66342,66353,11
13.0477399826,80.2490463257,66353,66363,10
13.0481004715,80.249420166,66363,66373,10
13.0486497879,80.2497329712,66373,66383,10
13.0491800308,80.2497711182,66383,66393,10
13.0501098633,80.2499465942,66393,66403,10
13.0512199402,80.2501907349,66403,66413,10
13.0521297455,80.250793457,66413,66423,10
13.0528402328,80.2517089844,66423,66433,10
13.0535402298,80.2526397705,66433,66443,10
13.0541095734,80.2534408569,66443,66453,10
13.0546798706,80.2542037964,66453,66462,9
13.0551300049,80.2547836304,66462,66474,12
13.0556402206,80.2554702759,66474,66484,10
13.0558700562,80.2558135986,66484,66494,10
13.056139946,80.2562026978,66494,66504,10
13.0564699173,80.2565994263,66504,66512,8
13.0567703247,80.2568511963,66512,66524,12
13.0568704605,80.2568817139,66524,66534,10
13.0572595596,80.2572479248,66534,66544,10
13.0578098297,80.2577667236,66544,66554,10
13.0582103729,80.2583312988,66554,66564,10
13.0586500168,80.2588806152,66564,66574,10
13.059129715,80.2595672607,66574,66584,10
13.059709549,80.2601470947,66584,66595,11
13.0602998734,80.2607574463,66595,66605,10
13.0606498718,80.2611999512,66605,66615,10
13.0607204437,80.2613220215,66615,66625,10
13.0610599518,80.261756897,66625,66635,10
13.0614595413,80.2622299194,66635,66645,10
13.0618600845,80.2627563477,66645,66655,10
13.062330246,80.2632827759,66655,66665,10
13.062789917,80.2638168335,66665,66675,10
13.0630903244,80.2641830444,66675,66685,10
13.0631999969,80.2643432617,66685,66695,10
13.0635795593,80.2649307251,66695,66704,9
13.0639400482,80.2654418945,66704,66716,12
13.0644102097,80.2660293579,66716,66726,10
13.0648298264,80.2665786743,66726,66736,10
13.0652799606,80.2670288086,66736,66746,10
13.0658397675,80.2676010132,66746,66756,10
13.0664100647,80.2682723999,66756,66766,10
13.0669298172,80.2684783936,66766,66776,10
13.0669498444,80.2685012817,66776,66786,10
13.0670404434,80.2685394287,66786,66796,10
13.0674800873,80.2688674927,66796,66806,10
13.0681295395,80.2692565918,66806,66816,10
13.0682897568,80.2690734863,66816,66826,10
13.0684404373,80.2685089111,66826,66837,11
13.0687398911,80.2677230835,66837,66847,10
13.0691604614,80.2669830322,66847,66857,10
13.0697698593,80.2663803101,66857,66867,10
13.0703001022,80.2658920288,66867,66877,10
13.0703601837,80.2658233643,66877,66887,10
13.0703697205,80.2657775879,66887,66897,10
13.0707302094,80.265411377,66897,66907,10
13.071149826,80.2649917603,66907,66917,10
13.0717000961,80.2643814087,66917,66927,10
13.0721101761,80.263923645,66927,66937,10
13.0723800659,80.2632369995,66937,66947,10
13.0725698471,80.2627029419,66947,66958,11
13.0728502274,80.2619400024,66958,66988,30
13.0728502274,80.2619400024,66988,66998,10
13.0729103088,80.2618026733,66998,67008,10
13.0730304718,80.2613372803,67008,67018,10
13.0733203888,80.2611923218,67018,67028,10
13.0737800598,80.2616882324,67028,67038,10
13.0741901398,80.2621917725,67038,67048,10
13.0746202469,80.2627410889,67048,67058,10
13.0750904083,80.263381958,67058,67068,10
13.0756101608,80.2640762329,67068,67079,11
13.0762796402,80.2641677856,67079,67089,10
13.0769100189,80.2640991211,67089,67099,10
13.0770998001,80.2640609741,67099,67109,10
13.077580452,80.2637863159,67109,67119,10
13.0780296326,80.2633895874,67119,67129,10
13.077870369,80.2628707886,67129,67139,10
13.0777196884,80.2622833252,67139,67149,10
13.0775299072,80.2617034912,67149,67159,10
13.0772695541,80.2608718872,67159,67188,29
13.0772695541,80.2608718872,67188,67200,12
13.0772895813,80.2607727051,67200,67210,10
13.0770797729,80.2604675293,67210,67220,10
13.0765399933,80.2600021362,67220,67230,10
13.0758895874,80.2595367432,67230,67240,10
13.0755300522,80.2588577271,67240,67250,10
13.075460434,80.2585296631,67250,67260,10
13.0753698349,80.2581787109,67260,67270,10
13.0755796432,80.2579803467,67270,67280,10
13.076089859,80.2576065063,67280,67290,10
13.0766897202,80.2570571899,67290,67300,10
13.0773296356,80.256729126,67300,67310,10
13.0780601501,80.2566070557,67310,67321,11
13.0789003372,80.2565383911,67321,67331,10
13.0790195465,80.2560806274,67331,67341,10
13.0789403915,80.2553634644,67341,67351,10
13.0789003372,80.254699707,67351,67361,10
13.0790395737,80.2545166016,67361,67371,10
13.0796298981,80.2545623779,67371,67391,20
13.0796298981,80.2545623779,67391,67401,10
13.0798301697,80.2546310425,67401,67411,10
13.0801897049,80.254699707,67411,67421,10
13.0807104111,80.2547683716,67421,67431,10
13.0811500549,80.2548217773,67431,67442,11
13.081489563,80.2547912598,67442,67452,10
13.0816802979,80.2544784546,67452,67462,10
13.0817604065,80.2540512085,67462,67472,10
13.0818004608,80.253616333,67472,67482,10
13.0818004608,80.2532730103,67482,67492,10
13.0817098618,80.2527694702,67492,67502,10
13.0813598633,80.2521896362,67502,67512,10
13.0813302994,80.2514877319,67512,67522,10
13.0813102722,80.2509689331,67522,67532,10
13.0812702179,80.2506790161,67532,67542,10
13.0812397003,80.250213623,67542,67552,10
13.0812397003,80.2497406006,67552,67563,11
13.0816402435,80.2496185303,67563,67573,10
13.0823297501,80.2497406006,67573,67583,10
13.0827903748,80.2498168945,67583,67593,10
13.0830602646,80.2498474121,67593,67603,10
13.0835599899,80.2499389648,67603,67613,10
13.0844802856,80.2500762939,67613,67643,30
13.0844802856,80.2500762939,67643,67653,10
13.0849103928,80.2501983643,67653,67663,10
13.0852603912,80.2502593994,67663,67673,10
13.0855998993,80.250289917,67673,67684,11
13.0858201981,80.250289917,67684,67694,10
13.0858402252,80.2498016357,67694,67704,10
13.0857896805,80.2490310669,67704,67714,10
13.0857601166,80.2483291626,67714,67724,10
13.0857400894,80.2475662231,67724,67734,10
13.0856599808,80.2464599609,67734,67754,20
13.0856599808,80.2464599609,67754,67764,10
13.0856399536,80.2459869385,67764,67774,10
13.0855998993,80.2454299927,67774,67805,31
13.0855998993,80.2454299927,67805,67815,10
13.0856103897,80.2452163696,67815,67825,10
13.0858097076,80.2449874878,67825,67835,10
13.0861902237,80.2447128296,67835,67845,10
13.0867004395,80.2442779541,67845,67855,10
13.0871601105,80.243888855,67855,67865,10
13.0875501633,80.2435379028,67865,67875,10
13.0877199173,80.2432174683,67875,67885,10
13.0878000259,80.2427597046,67885,67895,10
13.08796978,80.2421264648,67895,67905,10
13.0883998871,80.2418136597,67905,67915,10
13.08852005,80.2417297363,67915,67926,11
13.0890302658,80.2414016724,67926,67936,10
13.089679718,80.2409591675,67936,67946,10
13.089799881,80.2408981323,67946,67956,10
13.0900096893,80.2408218384,67956,68006,50
13.090379715,80.2407608032,68006,68399,393
13.090379715,80.2407608032,68399,68410,11
13.0907201767,80.2408218384,68410,68420,10
13.0908899307,80.2408218384,68420,68450,30
13.0908899307,80.2408218384,68450,68460,10
13.0912599564,80.2408370972,68460,68470,10
13.0912904739,80.2408370972,68470,68480,10
13.0916099548,80.240852356,68480,68500,20
13.0916099548,80.240852356,68500,68510,10
13.0919303894,80.2408599854,68510,68519,9
13.0921602249,80.2408599854,68519,68531,12
13.0925998688,80.2408828735,68531,68541,10
13.0929403305,80.2409286499,68541,68551,10
13.0933704376,80.2409973145,68551,68561,10
13.0939397812,80.2410888672,68561,68571,10
13.0941896439,80.2411422729,68571,68581,10
13.0943803787,80.2411727905,68581,68591,10
13.0948600769,80.2412872314,68591,68601,10
13.0954504013,80.2414474487,68601,68611,10
13.0956201553,80.2415084839,68611,68621,10
13.0959796906,80.2416610718,68621,68631,10
13.0971097946,80.2420120239,68631,68652,21
13.0971097946,80.2420120239,68652,68662,10
13.0973300934,80.2420578003,68662,68672,10
13.0978403091,80.2422027588,68672,68682,10
13.0983200073,80.2422790527,68682,68692,10
13.0985803604,80.2422409058,68692,68702,10
13.0986299515,80.2421875,68702,68712,10
13.0986995697,80.241859436,68712,68722,10
13.0975103378,80.2422790527,68722,69107,385
13.0975103378,80.2422790527,69107,69117,10
13.0972700119,80.2422180176,69117,69127,10
13.0969896317,80.2421188354,69127,69137,10
13.0965595245,80.2419891357,69137,69147,10
13.096039772,80.2418212891,69147,69157,10
13.0955095291,80.2416305542,69157,69167,10
13.0950498581,80.2414398193,69167,69177,10
13.0945596695,80.2413635254,69177,69187,10
13.0941295624,80.2412796021,69187,69197,10
13.093580246,80.2411880493,69197,69206,9
13.0935497284,80.2411804199,69206,69218,12
13.0930900574,80.2410964966,69218,69228,10
13.092880249,80.2410888672,69228,69238,10
13.0926799774,80.2410583496,69238,69248,10
13.0926704407,80.2410507202,69248,69258,10
13.0923204422,80.2410202026,69258,69268,10
13.0918703079,80.2409973145,69268,69278,10
13.091170311,80.2409515381,69278,69288,10
13.0902500153,80.2409362793,69288,69298,10
13.0894403458,80.2412414551,69298,69308,10
13.0888204575,80.2416992188,69308,69318,10
13.088259697,80.2421035767,69318,69328,10
13.0879096985,80.2426834106,69328,69339,11
13.0878295898,80.2431869507,69339,69349,10
13.0877895355,80.2433929443,69349,69359,10
13.0875301361,80.2437896729,69359,69369,10
13.0870399475,80.2440795898,69369,69379,10
13.0870399475,80.2440872192,69379,69398,19
13.0870399475,80.2440872192,69398,69409,11
13.0868301392,80.2443466187,69409,69419,10
13.0865802765,80.2445678711,69419,69429,10
13.0863199234,80.2447967529,69429,69490,61
13.0863199234,80.2447967529,69490,69500,10
13.0861101151,80.2449874878,69500,69510,10
13.0858097076,80.2451934814,69510,69520,10
13.0856199265,80.2454071045,69520,69530,10
13.0855903625,80.2458190918,69530,69540,10
13.0856399536,80.2463226318,69540,69550,10
13.0857000351,80.2468338013,69550,69559,9
13.0856895447,80.2470092773,69559,69571,12
13.085729599,80.2477798462,69571,69581,10
13.0857601166,80.2485198975,69581,69591,10
13.0858001709,80.2493209839,69591,69601,10
13.0858602524,80.2500228882,69601,69611,10
13.085849762,80.2503814697,69611,69621,10
13.085849762,80.2503967285,69621,69631,10
13.0857601166,80.2507476807,69631,69641,10
13.0856800079,80.2511825562,69641,69651,10
13.0856304169,80.2515487671,69651,69661,10
13.0855998993,80.2519073486,69661,69671,10
13.0855503082,80.2523727417,69671,69680,9
13.0854997635,80.2527923584,69680,69692,12
13.0854797363,80.2531890869,69692,69702,10
13.085439682,80.25340271,69702,69712,10
13.0854501724,80.2536315918,69712,69722,10
13.0855102539,80.2540206909,69722,69732,10
13.085559845,80.2544708252,69732,69742,10
13.0854196548,80.2547607422,69742,69752,10
13.084980011,80.2547683716,69752,69762,10
13.0844497681,80.254699707,69762,69772,10
13.0839996338,80.2546615601,69772,69782,10
13.0839099884,80.2546463013,69782,69792,10
13.0836696625,80.2546386719,69792,69802,10
13.0830001831,80.2545776367,69802,69813,11
13.0820302963,80.2546615601,69813,69823,10
13.0820302963,80.2546615601,69823,69833,10
13.0814695358,80.2549209595,69833,69841,8
13.0811395645,80.2549209595,69841,69853,12
13.0808296204,80.2549133301,69853,69863,10
13.0806798935,80.2549209595,69863,69883,20
13.0806798935,80.2549209595,69883,69893,10
13.0804395676,80.2548828125,69893,69903,10
13.0801801682,80.2548217773,69903,69913,10
13.080039978,80.2548217773,69913,69923,10
13.0796699524,80.254737854,69923,69934,11
13.0795402527,80.2547225952,69934,69944,10
13.0793800354,80.2546920776,69944,69954,10
13.079079628,80.2547607422,69954,69964,10
13.0789804459,80.2550201416,69964,69974,10
13.0790500641,80.2557983398,69974,69984,10
13.0790596008,80.2563781738,69984,70065,81
13.0790596008,80.2563781738,70065,70075,10
13.0790596008,80.2565383911,70075,70085,10
13.0788803101,80.2567825317,70085,70095,10
13.0783596039,80.2567825317,70095,70096,1
13.0783004761,80.2567825317,70096,70117,21
13.0770902634,80.256942749,70117,70127,10
13.0766000748,80.2572479248,70127,70137,10
13.0759897232,80.2578582764,70137,70147,10
13.0755996704,80.2581863403,70147,70157,10
13.0754499435,80.2584991455,70157,70167,10
13.0756101608,80.2591094971,70167,70178,11
13.0762996674,80.2599563599,70178,70188,10
13.0770702362,80.2606964111,70188,70198,10
13.0774202347,80.2613372803,70198,70208,10
13.0777397156,80.2621002197,70208,70238,30
13.0777397156,80.2621002197,70238,70248,10
13.0777702332,80.262298584,70248,70258,10
13.0778503418,80.2625427246,70258,70268,10
13.0778903961,80.262802124,70268,70278,10
13.0780496597,80.2632522583,70278,70287,9
13.0781698227,80.2635726929,70287,70299,12
13.0776100159,80.2639083862,70299,70309,10
13.0771598816,80.2641525269,70309,70319,10
13.0767402649,80.264213562,70319,70329,10
13.0762300491,80.2642974854,70329,70339,10
13.0758800507,80.2643508911,70339,70349,10
13.0756998062,80.2643585205,70349,70359,10
13.075510025,80.2641601563,70359,70369,10
13.0752000809,80.2636795044,70369,70379,10
13.0746803284,80.2629776001,70379,70389,10
13.0742197037,80.2624435425,70389,70399,10
13.0738697052,80.2620010376,70399,70409,10
13.0736398697,80.2617416382,70409,70420,11
13.0734901428,80.2615814209,70420,70430,10
13.0730600357,80.2615966797,70430,70440,10
13.072810173,80.262336731,70440,70450,10
13.0726003647,80.2630233765,70450,70460,10
13.0724496841,80.263458252,70460,70470,10
13.0720996857,80.2640609741,70470,70480,10
13.0717401505,80.2644729614,70480,70490,10
13.0714902878,80.2647323608,70490,70500,10
13.071269989,80.2649078369,70500,70510,10
13.070810318,80.2653808594,70510,70520,10
13.0702600479,80.2659606934,70520,70530,10
13.0697898865,80.2664489746,70530,70541,11
13.0692300797,80.2670211792,70541,70551,10
13.0687904358,80.2677078247,70551,70561,10
13.068570137,80.2684020996,70561,70571,10
13.0684299469,80.2688827515,70571,70581,10
13.0683002472,80.2694396973,70581,70591,10
13.0681800842,80.2699966431,70591,70601,10
13.0680799484,80.2707214355,70601,70611,10
13.0678100586,80.2710800171,70611,70621,10
13.0673999786,80.270690918,70621,70631,10
13.066860199,80.2701263428,70631,70641,10
13.0665502548,80.2697982788,70641,70651,10
13.0664196014,80.2692337036,70651,70662,11
13.0663204193,80.2686233521,70662,70672,10
13.0659599304,80.2681121826,70672,70682,10
13.0654697418,80.2677764893,70682,70692,10
13.065320015,80.2677764893,70692,70702,10
13.0648097992,80.2676620483,70702,70712,10
13.0639400482,80.2675170898,70712,70722,10
13.0628499985,80.2673416138,70722,70732,10
13.0621004105,80.2665634155,70732,70742,10
13.0615701675,80.2658996582,70742,70752,10
13.0610103607,80.2653121948,70752,70762,10
13.0605201721,80.2654800415,70762,70772,10
13.0604295731,80.2655181885,70772,70783,11
13.0598602295,80.2657012939,70783,70793,10
13.0594501495,80.2656707764,70793,70803,10
13.0591001511,80.2655792236,70803,70813,10
13.0588197708,80.2655563354,70813,70823,10
13.058719635,80.2655487061,70823,70833,10
13.0585403442,80.2655029297,70833,70843,10
13.0580797195,80.2651977539,70843,70853,10
13.0579500198,80.2644882202,70853,70863,10
13.057849884,80.2637405396,70863,70873,10
13.0577402115,80.2628097534,70873,70883,10
13.0575895309,80.261756897,70883,70893,10
13.0574302673,80.2609176636,70893,70904,11
13.0571298599,80.2599029541,70904,70914,10
13.0568599701,80.258972168,70914,70924,10
13.0566396713,80.2583007813,70924,70934,10
13.0564603806,80.2574615479,70934,70954,20
13.0564603806,80.2574615479,70954,70964,10
13.0563898087,80.2571105957,70964,70974,10
13.0562000275,80.2564697266,70974,70984,10
13.0557603836,80.255821228,70984,70994,10
13.0552597046,80.2551422119,70994,71004,10
13.0546598434,80.25440979,71004,71014,10
13.0541200638,80.2537307739,71014,71025,11
13.0536899567,80.2531280518,71025,71035,10
13.0532197952,80.2524337769,71035,71045,10
13.0526800156,80.2517318726,71045,71055,10
13.0521602631,80.2510604858,71055,71065,10
13.051440239,80.2503814697,71065,71075,10
13.0503501892,80.2500305176,71075,71085,10
13.0491399765,80.2498626709,71085,71095,10
13.0481300354,80.2495574951,71095,71105,10
13.0468196869,80.2487182617,71105,71125,20
13.0468196869,80.2487182617,71125,71134,9
13.0464801788,80.2486572266,71134,71146,12
13.0455503464,80.2484283447,71146,71156,10
13.0447998047,80.2482070923,71156,71166,10
13.0440196991,80.2480697632,71166,71176,10
13.0434503555,80.2479782104,71176,71186,10
13.0431604385,80.2479324341,71186,71196,10
13.042429924,80.2478027344,71196,71206,10
13.0417003632,80.2476577759,71206,71216,10
13.0414800644,80.2476119995,71216,71226,10
13.0410900116,80.2474975586,71226,71236,10
13.0402498245,80.2473373413,71236,71246,10
13.0394897461,80.2471923828,71246,71256,10
13.0391702652,80.2470779419,71256,71267,11
13.0384302139,80.2468795776,71267,71277,10
13.0375204086,80.2467269897,71277,71287,10
13.036649704,80.2465667725,71287,71297,10
13.0359697342,80.2464065552,71297,71307,10
13.035320282,80.2461471558,71307,71317,10
13.035200119,80.2461090088,71317,71327,10
13.0347795486,80.2458267212,71327,71337,10
13.0343399048,80.2452163696,71337,71347,10
13.0337696075,80.2445220947,71347,71357,10
13.033080101,80.2436065674,71357,71367,10
13.0322303772,80.2424163818,71367,71376,9
13.0316896439,80.2414779663,71376,71388,12
13.0311603546,80.2404327393,71388,71458,70
13.0311603546,80.2404327393,71458,71468,10
13.0311403275,80.2403106689,71468,71478,10
13.0309495926,80.2398376465,71478,71488,10
13.0304899216,80.2389984131,71488,71498,10
13.0299396515,80.237991333,71498,71509,11
13.0291900635,80.2369689941,71509,71519,10
13.0283699036,80.2361068726,71519,71529,10
13.0275602341,80.2350463867,71529,71539,10
13.0269699097,80.2340011597,71539,71549,10
13.0266399384,80.2334594727,71549,71559,10
13.0265798569,80.2333831787,71559,71569,10
13.02643013,80.2331390381,71569,71579,10
13.0261697769,80.2324905396,71579,71589,10
13.02602005,80.2318725586,71589,71599,10
13.0259599686,80.2317123413,71599,71609,10
13.0258998871,80.2313690186,71609,71619,10
13.0256500244,80.2305908203,71619,71630,11
13.0249500275,80.2295532227,71630,71640,10
13.024310112,80.2287597656,71640,71650,10
13.0239896774,80.2284011841,71650,71660,10
13.0238800049,80.2282714844,71660,71670,10
13.0235595703,80.2279129028,71670,71680,10
13.0232095718,80.2275695801,71680,71690,10
13.0227203369,80.2271194458,71690,71700,10
13.0220603943,80.2264709473,71700,71710,10
13.0212697983,80.2258377075,71710,71720,10
13.0205602646,80.2253112793,71720,71730,10
13.0200004578,80.224937439,71730,71740,10
13.0194597244,80.224609375,71740,71751,11
13.0185699463,80.2246322632,71751,71761,10
13.0176696777,80.2249984741,71761,71771,10
13.0167999268,80.2253570557,71771,71781,10
13.0163497925,80.2255401611,71781,71791,10
13.0158901215,80.2257080078,71791,71801,10
13.0152797699,80.2259292603,71801,71811,10
13.0146198273,80.2261886597,71811,71821,10
13.0143995285,80.226272583,71821,71831,10
13.0143404007,80.2262878418,71831,71841,10
13.0138502121,80.2264785767,71841,71851,10
13.0129995346,80.2268066406,71851,71861,10
13.0119600296,80.2272033691,71861,71872,11
13.0106401443,80.227722168,71872,71882,10
13.0098896027,80.2280502319,71882,71892,10
13.0091695786,80.2284317017,71892,71902,10
13.0089101791,80.2294387817,71902,71912,10
13.0087003708,80.2305908203,71912,71922,10
13.0085296631,80.2315826416,71922,71932,10
13.0083503723,80.2325592041,71932,71942,10
13.0082197189,80.2334594727,71942,71952,10
13.008099556,80.2339477539,71952,71962,10
13.0079698563,80.2346191406,71962,71972,10
13.007809639,80.2353591919,71972,71983,11
13.0075998306,80.2363510132,71983,71993,10
13.0073900223,80.237487793,71993,72003,10
13.0071802139,80.2386016846,72003,72013,10
13.0069999695,80.2395324707,72013,72023,10
13.0068597794,80.2403335571,72023,72033,10
13.0068397522,80.2406616211,72033,72043,10
13.0068397522,80.240737915,72043,72053,10
13.0067396164,80.2412567139,72053,72063,10
13.0066995621,80.2421188354,72063,72073,10
13.0066795349,80.2428512573,72073,72083,10
13.006649971,80.2435531616,72083,72093,10
13.0066404343,80.2442703247,72093,72103,10
13.0066404343,80.2450866699,72103,72114,11
13.0066699982,80.2459716797,72114,72124,10
13.0066995621,80.2469177246,72124,72134,10
13.0066699982,80.2476196289,72134,72144,10
13.0066795349,80.2485733032,72144,72154,10
13.0067300797,80.24974823,72154,72164,10
13.0067501068,80.2509765625,72164,72174,10
13.0066204071,80.2520980835,72174,72184,10
13.0065202713,80.2532577515,72184,72194,10
13.0065097809,80.2543869019,72194,72204,10
13.0065603256,80.2550201416,72204,72214,10
13.006529808,80.2550506592,72214,72225,11
13.0065402985,80.2555770874,72225,72235,10
13.0065498352,80.2563705444,72235,72245,10
13.0066204071,80.2572479248,72245,72305,60
13.0066204071,80.2572479248,72305,72315,10
13.0066404343,80.2575683594,72315,72325,10
13.0061798096,80.2575912476,72325,72335,10
13.0055198669,80.2574386597,72335,72346,11
13.0048398972,80.257270813,72346,72356,10
13.0041399002,80.2571029663,72356,72366,10
13.0032701492,80.2569503784,72366,72376,10
13.0025997162,80.2568283081,72376,72386,10
13.0019903183,80.2567214966,72386,72396,10
13.0015201569,80.2566375732,72396,72406,10
13.0008897781,80.2565612793,72406,72416,10
13.0002002716,80.2564620972,72416,72426,10
12.999710083,80.2563781738,72426,72436,10
12.999420166,80.2563171387,72436,72446,10
12.9989204407,80.2562103271,72446,72456,10
12.9987096786,80.2561569214,72456,72467,11
12.9984703064,80.2561035156,72467,72477,10
12.9979095459,80.2560424805,72477,72487,10
12.9973201752,80.2559890747,72487,72507,20
12.9973201752,80.2559890747,72507,72517,10
12.9970302582,80.2559661865,72517,72527,10
12.9966897964,80.2559509277,72527,72537,10
12.9961996078,80.2559585571,72537,72547,10
12.9957199097,80.2559585571,72547,72557,10
12.9952602386,80.2559585571,72557,72567,10
12.9945697784,80.2559890747,72567,72577,10
12.9940500259,80.2560577393,72577,72588,11
12.9930896759,80.2561264038,72588,72598,10
12.9920196533,80.256149292,72598,72608,10
12.9912204742,80.2561187744,72608,72618,10
12.9905996323,80.256111145,72618,72628,10
12.9900598526,80.2560806274,72628,72638,10
12.9893598557,80.2560577393,72638,72648,10
12.9887199402,80.2560272217,72648,72860,212
12.9887199402,80.2560272217,72860,72870,10
12.9883203506,80.2559585571,72870,72880,10
12.9879798889,80.2559127808,72880,72890,10
12.9876899719,80.255897522,72890,72900,10
12.9875297546,80.2562103271,72900,72910,10
12.9874801636,80.2567672729,72910,72920,10
12.9874095917,80.2574768066,72920,72930,10
12.9873504639,80.2583312988,72930,72940,10
12.9872903824,80.2590103149,72940,72951,11
12.9872903824,80.2592163086,72951,72961,10
12.9871301651,80.2596511841,72961,73001,40
12.9871301651,80.2596511841,73001,73011,10
12.9870595932,80.2596511841,73011,73021,10
12.9869003296,80.2596206665,73021,73031,10
12.9865503311,80.2593383789,73031,73243,212
12.9865703583,80.2593307495,73243,73576,333
12.9865598679,80.2592697144,73576,73767,191
12.9865598679,80.2592697144,73767,73777,10
12.9868297577,80.2590789795,73777,73848,71
12.9868297577,80.2590789795,73848,73858,10
12.9871702194,80.2591629028,73858,73868,10
12.987279892,80.2590179443,73868,73878,10
12.9872999191,80.2586288452,73878,73888,10
12.9873504639,80.2580413818,73888,73898,10
12.9873895645,80.2573623657,73898,74060,162
12.9873895645,80.2573623657,74060,74070,10
12.9874601364,80.2569503784,74070,74080,10
12.9874897003,80.2564620972,74080,74090,10
12.9875001907,80.256111145,74090,74100,10
12.9875402451,80.2558364868,74100,74110,10
12.9877595901,80.2557678223,74110,74120,10
12.9879999161,80.2558135986,74120,74130,10
12.9882602692,80.2558364868,74130,74140,10
12.9883203506,80.255859375,74140,74150,10
12.9883804321,80.2558898926,74150,74160,10
12.9888296127,80.2559432983,74160,74171,11
12.9890298843,80.2559585571,74171,74181,10
12.9892597198,80.2559661865,74181,74191,10
12.9897899628,80.2560119629,74191,74201,10
12.9903001785,80.2559814453,74201,74211,10
12.9907398224,80.2560119629,74211,74221,10
12.9913196564,80.2560424805,74221,74231,10
12.9921302795,80.2560806274,74231,74241,10
12.9931201935,80.2560424805,74241,74251,10
12.9939203262,80.2560119629,74251,74261,10
12.9945898056,80.2559509277,74261,74271,10
12.9953603745,80.255897522,74271,74282,11
12.9963197708,80.2558822632,74282,74292,10
12.9970197678,80.255897522,74292,74302,10
12.9975996017,80.2559280396,74302,74312,10
12.9985399246,80.2560272217,74312,74352,40
12.9985399246,80.2560272217,74352,74362,10
12.9988603592,80.2560882568,74362,74372,10
12.9989795685,80.2561035156,74372,74382,10
12.9995603561,80.2562179565,74382,74392,10
13.0001602173,80.2563171387,74392,74401,9
13.0011196136,80.256477356,74401,74433,32
13.0011196136,80.256477356,74433,74443,10
13.0013799667,80.2565231323,74443,74453,10
13.0020599365,80.2566299438,74453,74463,10
13.0027503967,80.2567520142,74463,74473,10
13.0033998489,80.2568817139,74473,74483,10
13.0043096542,80.2570495605,74483,74493,10
13.0051603317,80.2572021484,74493,74503,10
13.0064201355,80.2573776245,74503,74554,51
13.0064201355,80.2573776245,74554,74564,10
13.0064401627,80.2570800781,74564,74574,10
13.0064401627,80.2565307617,74574,74584,10
13.0064496994,80.2558898926,74584,74594,10
13.0064401627,80.2554168701,74594,74604,10
13.006480217,80.2546920776,74604,74614,10
13.0064401627,80.2542724609,74614,74624,10
13.0064496994,80.2539367676,74624,74634,10
13.0064401627,80.2532272339,74634,74675,41
13.0064401627,80.2532272339,74675,74685,10
13.0064496994,80.2528991699,74685,74695,10
13.0064401627,80.2526321411,74695,74705,10
13.0065698624,80.2519378662,74705,74765,60
13.0065698624,80.2519378662,74765,74776,11
13.006649971,80.2517623901,74776,74786,10
13.0066795349,80.251411438,74786,74796,10
13.0066795349,80.2506713867,74796,74806,10
13.0066699982,80.2497024536,74806,74816,10
13.0066204071,80.2487411499,74816,74826,10
13.0065698624,80.2480316162,74826,74836,10
13.0065698624,80.2475204468,74836,74907,71
13.0065698624,80.2475204468,74907,74917,10
13.0065898895,80.2471466064,74917,74927,10
13.0065097809,80.2466506958,74927,74937,10
13.0065097809,80.24659729,74937,74947,10
13.0065603256,80.2463226318,74947,74957,10
13.0065402985,80.2455368042,74957,74967,10
13.0065498352,80.2448196411,74967,74977,10
13.0065402985,80.2442321777,74977,74987,10
13.0065097809,80.2436523438,74987,74997,10
13.006480217,80.2429199219,74997,75006,9
13.0064897537,80.2420425415,75006,75018,12
13.0066099167,80.2405471802,75018,75048,30
13.0066099167,80.2405471802,75048,75058,10
13.0066699982,80.2404327393,75058,75068,10
13.0067596436,80.2399520874,75068,75078,10
13.0069303513,80.2390823364,75078,75088,10
13.0070896149,80.2382125854,75088,75098,10
13.0072402954,80.237449646,75098,75108,10
13.0073099136,80.2368621826,75108,75118,10
13.0073604584,80.2366714478,75118,75127,9
13.0073900223,80.2365875244,75127,75139,12
13.0074796677,80.2362213135,75139,75149,10
13.0076398849,80.2354431152,75149,75159,10
13.0078496933,80.2345123291,75159,75169,10
13.0080795288,80.2333984375,75169,75179,10
13.0083303452,80.2321166992,75179,75189,10
13.0085296631,80.2309265137,75189,75199,10
13.0087299347,80.2298583984,75199,75209,10
13.0089797974,80.2286834717,75209,75219,10
13.0094003677,80.2274703979,75219,75229,10
13.0099401474,80.2263031006,75229,75239,10
13.0105495453,80.2251205444,75239,75249,10
13.0110397339,80.2239990234,75249,75260,11
13.0115203857,80.2228622437,75260,75270,10
13.011590004,80.2224578857,75270,75280,10
13.0119600296,80.2217102051,75280,75290,10
13.0122699738,80.2216567993,75290,75300,10
13.0126199722,80.2222137451,75300,75310,10
13.0131597519,80.2227325439,75310,75320,10
13.0137500763,80.2233581543,75320,75330,10
13.0142297745,80.2239837646,75330,75340,10
13.0148496628,80.224609375,75340,75350,10
13.0153102875,80.2249832153,75350,75360,10
13.0153102875,80.2249679565,75360,75370,10
13.0156898499,80.2252426147,75370,75381,11
13.0166101456,80.2253112793,75381,75391,10
13.0176095963,80.2249298096,75391,75401,10
13.0184898376,80.224571228,75401,75411,10
13.0192098618,80.2244033813,75411,75421,10
13.0194301605,80.2244186401,75421,75431,10
13.0196399689,80.2245483398,75431,75441,10
13.02023983,80.2250213623,75441,75451,10
13.0209703445,80.2255172729,75451,75461,10
13.0216302872,80.2259979248,75461,75471,10
13.0219802856,80.2262802124,75471,75481,10
13.0225095749,80.2267684937,75481,75491,10
13.023150444,80.2273178101,75491,75502,11
13.0235900879,80.2277297974,75502,75512,10
13.023900032,80.2280197144,75512,75522,10
13.0241003036,80.2282485962,75522,75532,10
13.0242099762,80.2284317017,75532,75562,30
13.0242099762,80.2284317017,75562,75572,10
13.0244102478,80.2287063599,75572,75582,10
13.0246801376,80.2291412354,75582,75592,10
13.0251598358,80.2297973633,75592,75602,10
13.0257196426,80.2306976318,75602,75612,10
13.0260000229,80.2315673828,75612,75623,11
13.0263395309,80.2326583862,75623,75643,20
13.0263395309,80.2326583862,75643,75653,10
13.0264196396,80.2327804565,75653,75663,10
13.0265398026,80.2331237793,75663,75673,10
13.0267696381,80.2335281372,75673,75683,10
13.0272397995,80.2343063354,75683,75693,10
13.0277996063,80.2352676392,75693,75703,10
13.0284404755,80.2361068726,75703,75713,10
13.0291004181,80.2368164063,75713,75722,9
13.0295200348,80.2372665405,75722,75733,11
13.029589653,80.2373504639,75733,75744,11
13.029800415,80.237701416,75744,75754,10
13.0302295685,80.2384490967,75754,75764,10
13.0306396484,80.2391204834,75764,75774,10
13.0308303833,80.2394866943,75774,75784,10
13.0310201645,80.2398910522,75784,75794,10
13.0311403275,80.2400512695,75794,75804,10
13.0313301086,80.2403030396,75804,75814,10
13.031370163,80.2408370972,75814,75824,10
13.0315599442,80.2412490845,75824,75834,10
13.0317897797,80.2417373657,75834,75844,10
13.0321598053,80.2423400879,75844,75854,10
13.032699585,80.2430114746,75854,75865,11
13.0332899094,80.2438201904,75865,75875,10
13.0338602066,80.2445907593,75875,75885,10
13.0342903137,80.2451629639,75885,75895,10
13.0347700119,80.2457580566,75895,75905,10
13.035320282,80.2461013794,75905,75915,10
13.0357103348,80.2462081909,75915,75925,10
13.0358800888,80.2463302612,75925,75935,10
13.0363197327,80.246421814,75935,75945,10
13.0369997025,80.24659729,75945,75955,10
13.0375204086,80.2464981079,75955,75965,10
13.0381298065,80.246673584,75965,75975,10
13.0387496948,80.2468719482,75975,76036,61
13.0387496948,80.2468719482,76036,76046,10
13.0388298035,80.2468795776,76046,76056,10
13.0389604568,80.2469100952,76056,76066,10
13.0392198563,80.2469711304,76066,76076,10
13.0396003723,80.2470397949,76076,76086,10
13.040309906,80.2471694946,76086,76097,11
13.0405597687,80.2472229004,76097,76107,10
13.0409202576,80.2472991943,76107,76117,10
13.0417404175,80.2474822998,76117,76127,10
13.0425300598,80.247718811,76127,76137,10
13.0432500839,80.2479171753,76137,76147,10
13.0439395905,80.2478637695,76147,76157,10
13.0444602966,80.2479782104,76157,76167,10
13.0448102951,80.248046875,76167,76177,10
13.0451803207,80.248260498,76177,76187,10
13.045800209,80.2485198975,76187,76197,10
13.0464401245,80.2485427856,76197,76206,9
13.0468397141,80.2485198975,76206,76217,11
13.047369957,80.2487335205,76217,76228,11
13.0480003357,80.2493362427,76228,76238,10
13.0482597351,80.2496109009,76238,76248,10
13.0484304428,80.2497024536,76248,76258,10
13.0490503311,80.24974823,76258,76268,10
13.0500001907,80.2499389648,76268,76278,10
13.0510396957,80.2501831055,76278,76288,10
13.0519399643,80.2507019043,76288,76298,10
13.0526399612,80.2515792847,76298,76308,10
13.0532798767,80.2524414063,76308,76318,10
13.0538902283,80.2533035278,76318,76328,10
13.0545301437,80.2541275024,76328,76339,11
13.0551900864,80.2549972534,76339,76349,10
13.0557603836,80.2557983398,76349,76359,10
13.0564002991,80.2565994263,76359,76369,10
13.0568304062,80.2569580078,76369,76379,10
13.0568599701,80.2570037842,76379,76389,10
13.0572395325,80.2573623657,76389,76399,10
13.0577898026,80.2579116821,76399,76409,10
13.0583600998,80.2586288452,76409,76419,10
13.0589399338,80.2593307495,76419,76429,10
13.0593700409,80.2600784302,76429,76439,10
13.0599002838,80.2605133057,76439,76449,10
13.0604600906,80.2611236572,76449,76459,10
13.0606899261,80.261428833,76459,76470,11
13.0608100891,80.2616271973,76470,76480,10
13.0611896515,80.2621383667,76480,76490,10
13.0616397858,80.2626266479,76490,76500,10
13.0621595383,80.2632827759,76500,76510,10
13.0628299713,80.2640380859,76510,76520,10
13.0632400513,80.2645568848,76520,76530,10
13.0636100769,80.2652206421,76530,76540,10
13.0639200211,80.2657394409,76540,76550,10
13.0643701553,80.2662734985,76550,76560,10
13.0647201538,80.2666473389,76560,76570,10
13.0649700165,80.2669372559,76570,76581,11
13.0655097961,80.2673110962,76581,76591,10
13.0661802292,80.2681427002,76591,76611,20
13.0661802292,80.2681427002,76611,76621,10
13.0664100647,80.268371582,76621,76631,10
13.0666904449,80.2685089111,76631,76641,10
13.0666999817,80.2685089111,76641,76651,10
13.0670604706,80.268737793,76651,76661,10
13.0677099228,80.2691574097,76661,76671,10
13.0681800842,80.2693862915,76671,76681,10
13.06828022,80.269203186,76681,76691,10
13.0684404373,80.2686233521,76691,76702,11
13.0686702728,80.2679595947,76702,76712,10
13.0690002441,80.2672195435,76712,76722,10
13.0696401596,80.2665634155,76722,76732,10
13.0701799393,80.2659988403,76732,76742,10
13.0704698563,80.2657012939,76742,76752,10
13.0708904266,80.2652893066,76752,76762,10
13.0712604523,80.2649002075,76762,76772,10
13.0716199875,80.2645187378,76772,76782,10
13.0720396042,80.2640075684,76782,76792,10
13.0723800659,80.263343811,76792,76802,10
13.0725402832,80.262840271,76802,76811,9
13.0726995468,80.262336731,76811,76823,12
13.0727996826,80.262046814,76823,76833,10
13.0728998184,80.2616500854,76833,76843,10
13.0730199814,80.2612762451,76843,76853,10
13.0733098984,80.2613220215,76853,76863,10
13.0736999512,80.261756897,76863,76873,10
13.0740604401,80.2621765137,76873,76883,10
13.0744400024,80.2626419067,76883,76893,10
13.0748195648,80.2631378174,76893,76903,10
13.0752601624,80.2637710571,76903,76913,10
13.0756702423,80.2642669678,76913,76923,10
13.0760698318,80.2643127441,76923,76932,9
13.0764503479,80.264251709,76932,76944,12
13.0764703751,80.2642364502,76944,76954,10
13.0766897202,80.2642364502,76954,76964,10
13.0770196915,80.2641601563,76964,76974,10
13.0773200989,80.2640533447,76974,76984,10
13.0777902603,80.2636566162,76984,76994,10
13.0780096054,80.2633590698,76994,77004,10
13.0778503418,80.2628936768,77004,77014,10
13.0776500702,80.2622299194,77014,77024,10
13.0773096085,80.261138916,77024,77054,30
13.0773096085,80.261138916,77054,77065,11
13.0773200989,80.2609710693,77065,77075,10
13.0771102905,80.2606811523,77075,77085,10
13.0767602921,80.2603225708,77085,77095,10
13.0762500763,80.2598800659,77095,77105,10
13.0757598877,80.2594528198,77105,77115,10
13.0754404068,80.258682251,77115,77196,81
13.0754404068,80.258682251,77196,77206,10
13.0753803253,80.2581710815,77206,77216,10
13.075920105,80.2577590942,77216,77226,10
13.0765304565,80.2571792603,77226,77236,10
13.0771198273,80.2568130493,77236,77246,10
13.0779495239,80.2566375732,77246,77256,10
13.0787496567,80.2565917969,77256,77266,10
13.0790195465,80.2563400269,77266,77276,10
13.0789699554,80.2557907104,77276,77286,10
13.0789003372,80.2552566528,77286,77296,10
13.078909874,80.2551193237,77296,77307,11
13.0789003372,80.2548675537,77307,77317,10
13.0789899826,80.2546463013,77317,77327,10
13.0790700912,80.2546005249,77327,77337,10
13.0794401169,80.2545700073,77337,77347,10
13.0798397064,80.2546615601,77347,77357,10
13.0801696777,80.2546920776,77357,77367,10
13.0803003311,80.2547302246,77367,77377,10
13.0806503296,80.2547836304,77377,77387,10
13.0809898376,80.2548217773,77387,77397,10
13.081489563,80.2547683716,77397,77407,10
13.081700325,80.2542037964,77407,77417,10
13.0818395615,80.2535018921,77417,77428,11
13.0816497803,80.2526473999,77428,77438,10
13.0813703537,80.2519302368,77438,77448,10
13.0813398361,80.251159668,77448,77458,10
13.081319809,80.2507476807,77458,77468,10
13.0812902451,80.2501220703,77468,77478,10
13.0813903809,80.2496490479,77478,77488,10
13.081990242,80.249710083,77488,77498,10
13.0826702118,80.2498321533,77498,77508,10
13.08314991,80.2498779297,77508,77518,10
13.0838098526,80.25,77518,77528,10
13.084400177,80.2500762939,77528,77538,10
13.084690094,80.2501220703,77538,77549,11
13.0848903656,80.2501831055,77549,77559,10
13.0855398178,80.2502975464,77559,77569,10
13.0858097076,80.2502212524,77569,77579,10
13.0858201981,80.2496795654,77579,77589,10
13.0858001709,80.2489318848,77589,77599,10
13.0857801437,80.2480316162,77599,77609,10
13.0857601166,80.2471694946,77609,77619,10
13.0857400894,80.2466506958,77619,77629,10
13.0856895447,80.2463607788,77629,77639,10
13.085650444,80.2457275391,77639,77649,10
13.0856399536,80.245262146,77649,77658,9
13.0858001709,80.2450637817,77658,77670,12
13.0863599777,80.2445831299,77670,77680,10
13.0869398117,80.2440795898,77680,77690,10
13.0874700546,80.2436218262,77690,77700,10
13.0877504349,80.2431716919,77700,77710,10
13.0878801346,80.2425384521,77710,77720,10
13.0881795883,80.2419662476,77720,77730,10
13.0882396698,80.2419128418,77730,77740,10
13.08852005,80.2417221069,77740,77750,10
13.0889596939,80.2413864136,77750,77760,10
13.0895299911,80.2410202026,77760,77770,10
13.0902500153,80.2407913208,77770,77779,9
13.0909900665,80.2408218384,77779,77791,12
13.0918397903,80.2408676147,77791,77801,10
13.09237957,80.2409133911,77801,77811,10
13.0928401947,80.2409362793,77811,77821,10
13.0935602188,80.2410507202,77821,77831,10
13.0942897797,80.2411727905,77831,77851,20
13.0942897797,80.2411727905,77851,77861,10
13.0946702957,80.2412261963,77861,77871,10
13.0953702927,80.2414093018,77871,77881,10
13.0959701538,80.2416610718,77881,77891,10
13.0967702866,80.2419281006,77891,77901,10
13.0974597931,80.2421035767,77901,77912,11
13.0985298157,80.2422485352,77912,77932,20
13.0985298157,80.2422485352,77932,77942,10
13.0985898972,80.2422103882,77942,77952,10
13.0987195969,80.2420501709,77952,77962,10
13.0985803604,80.2417526245,77962,77972,10
13.0984601974,80.2421417236,77972,78002,30
13.0983400345,80.2423095703,78002,78033,31
13.0983400345,80.2423095703,78033,78043,10
13.0980195999,80.2422866821,78043,78053,10
13.0976295471,80.2422103882,78053,78063,10
13.0972795486,80.2421112061,78063,78073,10
13.0968198776,80.2419509888,78073,78083,10
13.0960702896,80.2416992188,78083,78093,10
13.0954999924,80.2415313721,78093,78103,10
13.0950403214,80.2413482666,78103,78113,10
13.0945396423,80.2412414551,78113,78123,10
13.0940999985,80.2411499023,78123,78133,10
13.0936698914,80.2410812378,78133,78143,10
13.0936498642,80.2410812378,78143,78154,11
13.0932102203,80.2409896851,78154,78164,10
13.092590332,80.2409286499,78164,78174,10
13.0918302536,80.2408676147,78174,78184,10
13.0909795761,80.2408218384,78184,78194,10
13.0900297165,80.2408599854,78194,78204,10
13.0892400742,80.2412490845,78204,78214,10
13.0884304047,80.2418365479,78214,78224,10
13.087849617,80.2426605225,78224,78234,10
13.0877799988,80.2432022095,78234,78244,10
13.0875196457,80.2436599731,78244,78254,10
13.0868797302,80.2442016602,78254,78263,9
13.086139679,80.2448272705,78263,78275,12
13.0856304169,80.245262146,78275,78285,10
13.0855998993,80.2457809448,78285,78295,10
13.0856599808,80.2464599609,78295,78305,10
13.0857200623,80.2471618652,78305,78315,10
13.0858097076,80.2481689453,78315,78325,10
13.0858602524,80.2493591309,78325,78335,10
13.0858898163,80.250328064,78335,78345,10
13.0858001709,80.2509231567,78345,78355,10
13.0857200623,80.2516403198,78355,78365,10
13.0856800079,80.2520828247,78365,78375,10
13.0856304169,80.2526473999,78375,78385,10
13.0855903625,80.2531890869,78385,78396,11
13.0855398178,80.2536468506,78396,78406,10
13.0855703354,80.2538604736,78406,78416,10
13.0856399536,80.2544021606,78416,78426,10
13.0856704712,80.2545089722,78426,78436,10
13.085650444,80.2546768188,78436,78446,10
13.0853204727,80.2546920776,78446,78456,10
13.0845403671,80.2546310425,78456,78466,10
13.0838298798,80.2545623779,78466,78476,10
13.0837898254,80.2545623779,78476,78486,10
13.0836296082,80.2545623779,78486,78496,10
13.0833501816,80.2545318604,78496,78507,11
13.0825300217,80.2544708252,78507,78517,10
13.0820302963,80.2545471191,78517,78527,10
13.0814304352,80.2548217773,78527,78537,10
13.0810003281,80.2548294067,78537,78547,10
13.0807600021,80.2547988892,78547,78557,10
13.0803699493,80.2547225952,78557,78567,10
13.0801200867,80.2546920776,78567,78587,20
13.0801200867,80.2546920776,78587,78597,10
13.0797901154,80.2546310425,78597,78607,10
13.0795097351,80.2545776367,78607,78617,10
13.0791301727,80.2546463013,78617,78627,10
13.0790195465,80.254699707,78627,78638,11
13.079000473,80.2553100586,78638,78648,10
13.079079628,80.2562179565,78648,78658,10
13.0791101456,80.2564620972,78658,78668,10
13.0791101456,80.2565612793,78668,78678,10
13.0790395737,80.2566375732,78678,78688,10
13.0784902573,80.256652832,78688,78698,10
13.0776796341,80.2566986084,78698,78708,10
13.07695961,80.2568969727,78708,78718,10
13.0763101578,80.2574386597,78718,78728,10
13.0756702423,80.2580490112,78728,78738,10
13.0755395889,80.258140564,78738,78748,10
13.0754499435,80.2583465576,78748,78759,11
13.0755996704,80.2589874268,78759,78769,10
13.0760202408,80.2596435547,78769,78779,10
13.0764398575,80.260017395,78779,78819,40
13.0764398575,80.260017395,78819,78829,10
13.076669693,80.2601928711,78829,78839,10
13.076669693,80.2602005005,78839,78849,10
13.076880455,80.2604217529,78849,78858,9
13.0771503448,80.2607421875,78858,78869,11
13.0773897171,80.2611999512,78869,78880,11
13.0775098801,80.2614974976,78880,78890,10
13.077630043,80.2618408203,78890,78900,10
13.0777597427,80.2621994019,78900,78920,20
13.0777597427,80.2621994019,78920,78930,10
13.0778102875,80.2624130249,78930,78940,10
13.077870369,80.2627410889,78940,78950,10
13.0780601501,80.2632217407,78950,78960,10
13.0780601501,80.2634506226,78960,78970,10
13.0776901245,80.2637710571,78970,78980,10
13.0771999359,80.263999939,78980,78989,9
13.0768604279,80.2640991211,78989,79001,12
13.0764799118,80.2641830444,79001,79011,10
13.0759897232,80.2642288208,79011,79021,10
13.0756502151,80.2642364502,79021,79031,10
13.0754203796,80.2638931274,79031,79041,10
13.0748796463,80.263130188,79041,79051,10
13.0742902756,80.2623977661,79051,79061,10
13.0737895966,80.261756897,79061,79071,10
13.0732803345,80.2613601685,79071,79081,10
13.0729198456,80.2618637085,79081,79091,10
13.0726499557,80.2626495361,79091,79100,9
13.0724697113,80.2632217407,79100,79112,12
13.0719900131,80.2640914917,79112,79122,10
13.0714797974,80.2646331787,79122,79132,10
13.0714502335,80.2646484375,79132,79142,10
13.0712604523,80.2648620605,79142,79152,10
13.0707702637,80.2653427124,79152,79162,10
13.0701398849,80.2660675049,79162,79172,10
13.0694999695,80.2667236328,79172,79182,10
13.0689096451,80.2673797607,79182,79192,10
13.0686597824,80.2682266235,79192,79202,10
13.0685300827,80.2687911987,79202,79212,10
13.0683403015,80.2693710327,79212,79222,10
13.0681800842,80.2700195313,79222,79233,11
13.068110466,80.2707977295,79233,79243,10
13.0678100586,80.2709579468,79243,79252,9
13.0673799515,80.2705688477,79252,79263,11
13.067029953,80.2702331543,79263,79273,10
13.0666599274,80.269859314,79273,79283,10
13.0664701462,80.2693023682,79283,79293,10
13.0664100647,80.2686233521,79293,79303,10
13.066160202,80.2681732178,79303,79313,10
13.0656299591,80.2676467896,79313,79323,10
13.065320015,80.2676086426,79323,79333,10
13.0652303696,80.2676315308,79333,79342,9
13.0648097992,80.267539978,79342,79354,12
13.0637903214,80.2673492432,79354,79364,10
13.0628299713,80.2671737671,79364,79374,10
13.0620603561,80.2663803101,79374,79384,10
13.0614500046,80.2655792236,79384,79394,10
13.0604896545,80.2653427124,79394,79414,20
13.0604896545,80.2653427124,79414,79424,10
13.0601596832,80.2655181885,79424,79434,10
13.0594596863,80.2655792236,79434,79444,10
13.0588703156,80.2654724121,79444,79454,10
13.0584096909,80.26537323,79454,79464,10
13.0580396652,80.2649078369,79464,79475,11
13.0579500198,80.2640609741,79475,79485,10
13.0578899384,80.2632904053,79485,79495,10
13.0578203201,80.2626037598,79495,79505,10
13.05768013,80.262008667,79505,79515,10
13.0576000214,80.261428833,79515,79525,10
13.0574903488,80.2609481812,79525,79535,10
13.0573101044,80.2602767944,79535,79545,10
13.0570497513,80.2595291138,79545,79555,10
13.0568399429,80.2588500977,79555,79565,10
13.0566596985,80.2580718994,79565,79575,10
13.056520462,80.2574310303,79575,79585,10
13.0564899445,80.2572631836,79585,79596,11
13.0564098358,80.2569122314,79596,79606,10
13.0562400818,80.2563781738,79606,79616,10
13.0558395386,80.255821228,79616,79626,10
13.0553102493,80.2550811768,79626,79636,10
13.0548000336,80.2544021606,79636,79646,10
13.0542697906,80.2537689209,79646,79656,10
13.0541095734,80.2535705566,79656,79666,10
13.0538702011,80.2532424927,79666,79676,10
13.0534601212,80.2526397705,79676,79686,10
13.0529603958,80.2519302368,79686,79696,10
13.0523796082,80.251159668,79696,79705,9
13.051779747,80.2504730225,79705,79717,12
13.0506296158,80.2499771118,79717,79727,10
13.0495300293,80.249786377,79727,79737,10
13.0486097336,80.2496871948,79737,79747,10
13.0479402542,80.2493286133,79747,79757,10
13.0472698212,80.2487335205,79757,79767,10
13.0467300415,80.248588562,79767,79777,10
13.0459499359,80.2484970093,79777,79787,10
13.0451402664,80.2481918335,79787,79797,10
13.0442495346,80.2480163574,79797,79807,10
13.043419838,80.2478713989,79807,79817,10
13.0427398682,80.247756958,79817,79826,9
13.0421199799,80.2476577759,79826,79838,12
13.0414104462,80.247467041,79838,79848,10
13.0409803391,80.2473678589,79848,79858,10
13.0401601791,80.2472000122,79858,79868,10
13.039560318,80.2470703125,79868,79918,50
13.039560318,80.2470703125,79918,79928,10
13.0392103195,80.2469100952,79928,79938,10
13.0386104584,80.2468185425,79938,79948,10
13.0381603241,80.2467575073,79948,79959,11
13.0376300812,80.2466812134,79959,79969,10
13.0368995667,80.2465286255,79969,79979,10
13.0361700058,80.2463607788,79979,79989,10
13.0358695984,80.2462615967,79989,79999,10
13.035369873,80.2460784912,79999,80009,10
13.0349302292,80.245880127,80009,80019,10
13.0346803665,80.2455062866,80019,80029,10
13.0342102051,80.2449264526,80029,80039,10
13.0335998535,80.2442169189,80039,80049,10
13.0328397751,80.2433013916,80049,80059,10
13.0322504044,80.2424468994,80059,80069,10
13.0317497253,80.2415771484,80069,80080,11
13.0314998627,80.2410507202,80080,80090,10
13.031419754,80.240852356,80090,80100,10
13.0312299728,80.2404327393,80100,80110,10
13.0310497284,80.2399673462,80110,80120,10
13.0307397842,80.2393035889,80120,80130,10
13.0302400589,80.2383804321,80130,80140,10
13.0296001434,80.2373428345,80140,80150,10
13.029009819,80.2367324829,80150,80160,10
13.0289001465,80.2366104126,80160,80170,10
13.0284404755,80.2361068726,80170,80180,10
13.0277996063,80.2353363037,80180,80190,10
13.0272703171,80.234336853,80190,80201,11
13.026720047,80.2334976196,80201,80211,10
13.0264196396,80.2329406738,80211,80221,10
13.026049614,80.2318878174,80221,80251,30
13.026049614,80.2318878174,80251,80261,10
13.0259504318,80.2314071655,80261,80271,10
13.0257301331,80.2306365967,80271,80281,10
13.0251703262,80.2297286987,80281,80291,10
13.0247097015,80.2291412354,80291,80301,10
13.0242795944,80.2285690308,80301,80311,10
13.0239496231,80.2282180786,80311,80332,21
13.0239496231,80.2282180786,80332,80342,10
13.023730278,80.2279586792,80342,80352,10
13.0233602524,80.2275924683,80352,80362,10
13.0229301453,80.2271499634,80362,80372,10
13.0221796036,80.2264785767,80372,80382,10
13.0212097168,80.2257003784,80382,80392,10
13.0202198029,80.2249832153,80392,80402,10
13.019200325,80.2244567871,80402,80412,10
13.0180902481,80.2247619629,80412,80422,10
13.016960144,80.225227356,80422,80432,10
13.0163402557,80.225479126,80432,80443,11
13.0157203674,80.225692749,80443,80453,10
13.0150699615,80.2259674072,80453,80463,10
13.0145101547,80.2261886597,80463,80473,10
13.0141897202,80.22631073,80473,80483,10
13.0141000748,80.226348877,80483,80493,10
13.0138101578,80.2264404297,80493,80503,10
13.0131196976,80.2267074585,80503,80513,10
13.0121297836,80.2270889282,80513,80523,10
13.0112199783,80.2274703979,80523,80533,10
13.010219574,80.2278518677,80533,80543,10
13.0091295242,80.2284088135,80543,80553,10
13.0088500977,80.2296676636,80553,80564,11
13.0085496902,80.2313613892,80564,80574,10
13.008310318,80.232749939,80574,80584,10
13.0081796646,80.2335662842,80584,80594,10
13.0081596375,80.2336807251,80594,80604,10
13.008020401,80.2342605591,80604,80614,10
13.0078001022,80.2352981567,80614,80624,10
13.0075702667,80.2364425659,80624,80634,10
13.0073003769,80.2377700806,80634,80644,10
13.0071201324,80.2389831543,80644,80654,10
13.0069198608,80.2401733398,80654,80674,20
13.0069198608,80.2401733398,80674,80685,11
13.0068597794,80.2405471802,80685,80695,10
13.0067996979,80.2408294678,80695,80705,10
13.0067396164,80.2412872314,80705,80715,10
13.0067100525,80.2422790527,80715,80725,10
13.0066699982,80.2434768677,80725,80735,10
13.0066299438,80.2445297241,80735,80745,10
13.0066995621,80.2456436157,80745,80755,10
13.0067596436,80.2467193604,80755,80765,10
13.0067195892,80.2477798462,80765,80775,10
13.0067796707,80.2490234375,80775,80785,10
13.006819725,80.2504119873,80785,80794,9
13.006819725,80.2515487671,80794,80806,12
13.0065402985,80.2530517578,80806,80816,10
13.0065803528,80.2544708252,80816,80826,10
13.0065898895,80.2550582886,80826,80836,10
13.0066003799,80.2550506592,80836,80846,10
13.0065498352,80.2551727295,80846,80856,10
13.0065898895,80.2557830811,80856,80866,10
13.0066003799,80.2564086914,80866,80876,10
13.0066099167,80.2569122314,80876,80886,10
13.0066003799,80.256942749,80886,80896,10
13.0066795349,80.2572402954,80896,80906,10
13.0064401627,80.2575378418,80906,80915,9
13.0059204102,80.2574462891,80915,80927,12
13.0049800873,80.257232666,80927,80937,10
13.004070282,80.2570266724,80937,80947,10
13.0032196045,80.2568435669,80947,80957,10
13.0023698807,80.2566833496,80957,80967,10
13.0015802383,80.2565612793,80967,80977,10
13.0009498596,80.2564926147,80977,80987,10
13.0000696182,80.2563476563,80987,80997,10
12.9995203018,80.2562408447,80997,81007,10
12.9989500046,80.2561035156,81007,81017,10
12.9985704422,80.2560424805,81017,81027,10
12.9984302521,80.2559890747,81027,81037,10
12.997879982,80.2559280396,81037,81048,11
12.9975500107,80.2559127808,81048,81058,10
12.9969997406,80.2558898926,81058,81068,10
12.9966402054,80.2558822632,81068,81078,10
12.9958600998,80.2558822632,81078,81088,10
12.9949703217,80.2559204102,81088,81098,10
12.994099617,80.2559890747,81098,81108,10
12.9931602478,80.2560577393,81108,81118,10
12.9920101166,80.2560806274,81118,81128,10
12.9908504486,80.2559967041,81128,81138,10
12.9901599884,80.2559814453,81138,81148,10
12.9892702103,80.2559585571,81148,81159,11
12.9882898331,80.2558670044,81159,81169,10
12.9881601334,80.2558364868,81169,81179,10
12.9877700806,80.2558135986,81179,81189,10
12.9875802994,80.2563323975,81189,81199,10
12.9875001907,80.2571334839,81199,81209,10
12.9874296188,80.2578201294,81209,81219,10
12.9873895645,80.2584609985,81219,81290,71
12.9873895645,80.2584609985,81290,81300,10
12.9873304367,80.2585830688,81300,81330,30
12.9873304367,80.2585830688,81330,81340,10
12.9873504639,80.2582931519,81340,81350,10
12.9874000549,80.2577133179,81350,81360,10
12.9874801636,80.2567672729,81360,81370,10
12.9875202179,80.2559127808,81370,81380,10
12.9876203537,80.2557067871,81380,81390,10
12.9880504608,80.2557601929,81390,81401,11
12.9887695313,80.255859375,81401,81411,10
12.9895095825,80.2559432983,81411,81421,10
12.9900999069,80.2560119629,81421,81431,10
12.9906101227,80.2559814453,81431,81441,10
12.9913301468,80.2560272217,81441,81451,10
12.9924297333,80.2560195923,81451,81461,10
12.9936599731,80.2559432983,81461,81471,10
12.9948501587,80.2558517456,81471,81481,10
12.9959201813,80.2558288574,81481,81491,10
12.996720314,80.2558288574,81491,81501,10
12.9972896576,80.255859375,81501,81510,9
12.9976797104,80.2558898926,81510,81522,12
12.9977197647,80.256111145,81522,81532,10
