12.9881801605,80.2237091064,11,1444,1433
12.9881496429,80.2236633301,1444,1555,111
12.9882202148,80.2236480713,1555,3068,1513
12.9880895615,80.2236633301,3068,3168,100
12.9881000519,80.2237625122,3168,3310,142
12.9880895615,80.2236404419,3310,3834,524
12.9881801605,80.2236785889,3834,3885,51
12.9881801605,80.2236785889,3885,3895,10
12.9882497787,80.2238693237,3895,5448,1553
12.9881601334,80.223739624,5448,6285,837
12.9884004593,80.2237625122,6285,6336,51
12.9884004593,80.2237625122,6336,6346,10
12.9881801605,80.2237625122,6346,6396,50
12.9881401062,80.2238082886,6396,6467,71
12.9881801605,80.2237167358,6467,9019,2552
12.9881801605,80.2237701416,9019,9059,40
12.9881801605,80.2237701416,9059,9069,10
12.9881000519,80.2236404419,9069,9121,52
12.9881601334,80.223739624,9121,9273,152
12.9881601334,80.223739624,9273,9283,10
12.9883403778,80.2237319946,9283,9424,141
12.9882202148,80.2236022949,9424,10382,958
12.9882097244,80.2236709595,10382,18312,7930
12.988240242,80.2237319946,18312,19230,918
12.9882001877,80.2237319946,19230,21207,1977
12.9880895615,80.2236709595,21207,21611,404
12.9881496429,80.2237701416,21611,21792,181
12.9882297516,80.2236862183,21792,21984,192
12.9882297516,80.2236862183,21984,21994,10
12.9881401062,80.2237091064,21994,23497,1503
12.9881401062,80.2237091064,23497,23507,10
12.988240242,80.2236480713,23507,23608,101
12.988360405,80.2236785889,23608,25798,2190
12.9882097244,80.2235488892,25798,25949,151
12.9882097244,80.2235488892,25949,25959,10
12.9882602692,80.2237167358,25959,26827,868
12.9883403778,80.2236709595,26827,26958,131
12.9883003235,80.2237091064,26958,27129,171
12.9883003235,80.2236480713,27129,27301,172
12.9883003235,80.2236480713,27301,27311,10
12.9883203506,80.2236404419,27311,27442,131
12.988240242,80.2236175537,27442,27553,111
12.9882802963,80.2236480713,27553,28057,504
12.9883003235,80.2236633301,28057,28118,61
12.9882297516,80.223739624,28118,29015,897
12.9882202148,80.2235336304,29015,29197,182
12.9882202148,80.2235336304,29197,29207,10
12.9882297516,80.2236480713,29207,29328,121
12.9883298874,80.2236404419,29328,29449,121
12.988360405,80.2236862183,29449,29479,30
12.9883499146,80.2238006592,29479,29560,81
12.9882001877,80.223777771,29560,29621,61
12.9882001877,80.223777771,29621,29631,10
12.9882297516,80.2236785889,29631,29641,10
12.9883003235,80.2236175537,29641,29661,20
12.9882802963,80.2236785889,29661,29994,333
12.988360405,80.2236099243,29994,30438,444
12.9882802963,80.2236480713,30438,30640,202
12.9882297516,80.2236328125,30640,31326,686
12.9882698059,80.2236175537,31326,32002,676
12.9882698059,80.2237701416,32002,33475,1473
12.9883499146,80.223777771,33475,33515,40
12.9883499146,80.223777771,33515,33525,10
12.9883804321,80.2238311768,33525,33535,10
12.9885501862,80.2234725952,33535,33545,10
12.9889802933,80.2233734131,33545,33554,9
12.98939991,80.2235870361,33554,33565,11
12.9895000458,80.2241592407,33565,33575,10
12.9896402359,80.2249221802,33575,33586,11
12.9900598526,80.2256164551,33586,33596,10
12.9900598526,80.2263793945,33596,33606,10
12.9901599884,80.2271499634,33606,33616,10
12.9903297424,80.2281417847,33616,33626,10
12.9905796051,80.2288818359,33626,33636,10
12.9907398224,80.2294311523,33636,33646,10
12.9908704758,80.2303771973,33646,33656,10
12.9909095764,80.2310791016,33656,33666,10
12.9909896851,80.2317199707,33666,33676,10
12.9912500381,80.2316818237,33676,33686,10
12.991350174,80.2314987183,33686,33697,11
12.9916400909,80.2311630249,33697,35826,2129
12.9916400909,80.2311630249,35826,35836,10
12.9914798737,80.2313232422,35836,35846,10
12.9913301468,80.2316131592,35846,35856,10
12.9910898209,80.2320022583,35856,35866,10
12.9912700653,80.2327575684,35866,35876,10
12.9914598465,80.2333602905,35876,35886,10
12.9917201996,80.234046936,35886,35896,10
12.9920196533,80.2345428467,35896,35907,11
12.9926595688,80.2353973389,35907,35917,10
12.993639946,80.236000061,35917,35927,10
12.9942798615,80.2367782593,35927,35937,10
12.9949197769,80.2371520996,35937,35947,10
12.9956197739,80.2375564575,35947,35957,10
12.9962997437,80.2383575439,35957,35967,10
12.9968795776,80.239151001,35967,35977,10
12.9972696304,80.2399291992,35977,35987,10
12.9976196289,80.2402496338,35987,35997,10
12.9983701706,80.240562439,35997,36007,10
12.9993495941,80.2408065796,36007,36017,10
12.9999399185,80.2409133911,36017,36028,11
13.00096035,80.2410964966,36028,36038,10
13.0019798279,80.2413711548,36038,36048,10
13.0024900436,80.2414703369,36048,36058,10
13.0032701492,80.2415618896,36058,36068,10
13.0039300919,80.2416687012,36068,36078,10
13.0045604706,80.241859436,36078,36088,10
13.0054302216,80.2417068481,36088,36098,10
13.0060396194,80.2413635254,36098,36108,10
13.0064697266,80.2413330078,36108,36118,10
13.0065803528,80.2412719727,36118,36128,10
13.0066204071,80.2408676147,36128,36138,10
13.0067300797,80.2407684326,36138,36149,11
13.006649971,80.2413635254,36149,36159,10
13.0066404343,80.2423400879,36159,36169,10
13.0066299438,80.243309021,36169,36179,10
13.0066099167,80.2443618774,36179,36189,10
13.0066604614,80.2454833984,36189,36199,10
13.0067195892,80.2465591431,36199,36209,10
13.0067501068,80.2472229004,36209,36219,10
13.0067300797,80.2480163574,36219,36229,10
13.006770134,80.2490615845,36229,36239,10
13.0068101883,80.250213623,36239,36249,10
13.0068302155,80.2512435913,36249,36280,31
13.0068302155,80.2512435913,36280,36290,10
13.0067596436,80.2518234253,36290,36300,10
13.0066204071,80.2525863647,36300,36310,10
13.0066003799,80.2533035278,36310,36320,10
13.0066003799,80.2541885376,36320,36330,10
13.0066099167,80.2550430298,36330,36340,10
13.0066404343,80.2561187744,36340,36350,10
13.0066995621,80.2570571899,36350,36360,10
13.0067796707,80.2576217651,36360,36370,10
13.0071401596,80.2583007813,36370,36381,11
13.0079698563,80.2589187622,36381,36391,10
13.0089502335,80.2591171265,36391,36401,10
13.0101299286,80.2591171265,36401,36411,10
13.0115404129,80.2591171265,36411,36421,10
13.0130701065,80.2591629028,36421,36431,10
13.0147199631,80.2592163086,36431,36441,10
13.016119957,80.2595367432,36441,36451,10
13.0166397095,80.2598876953,36451,36461,10
13.0170898438,80.2601928711,36461,36471,10
13.0177001953,80.2606201172,36471,36481,10
13.0183000565,80.2610321045,36481,36491,10
13.0189800262,80.2615585327,36491,36502,11
13.0196199417,80.2621307373,36502,36512,10
13.0201797485,80.2627182007,36512,36522,10
13.0203199387,80.2629013062,36522,36532,10
13.0199403763,80.2629928589,36532,36542,10
13.0193595886,80.2629470825,36542,36552,10
13.0190296173,80.2630386353,36552,36562,10
13.0190896988,80.263671875,36562,36572,10
13.019080162,80.2645111084,36572,36582,10
13.0188798904,80.2652435303,36582,36592,10
13.0187397003,80.2658004761,36592,36602,10
13.0187397003,80.2667922974,36602,36613,11
13.0192403793,80.267791748,36613,36623,10
13.0197401047,80.2684020996,36623,36633,10
13.0203504562,80.2691421509,36633,36643,10
13.0209999084,80.2699584961,36643,36653,10
13.0217695236,80.2708587646,36653,36663,10
13.0225696564,80.2718887329,36663,36673,10
13.0233402252,80.2729721069,36673,36683,10
13.0238599777,80.2736663818,36683,36693,10
13.0241603851,80.2741012573,36693,36703,10
13.0245704651,80.2745513916,36703,36713,10
13.0250301361,80.2748031616,36713,36723,10
13.025560379,80.2750320435,36723,36734,11
13.0264196396,80.275428772,36734,36744,10
13.0272197723,80.2758026123,36744,36754,10
13.0279302597,80.2761001587,36754,36764,10
13.0284004211,80.2762908936,36764,36774,10
13.0285596848,80.2763290405,36774,36784,10
13.0290899277,80.2765579224,36784,36794,10
13.0298204422,80.2767410278,36794,36804,10
13.0305900574,80.2770767212,36804,36814,10
13.03125,80.2774887085,36814,36824,10
13.0320501328,80.277557373,36824,36834,10
13.0325899124,80.2775268555,36834,36855,21
13.0325899124,80.2775268555,36855,36865,10
13.0327501297,80.2775497437,36865,36875,10
13.0333204269,80.2774505615,36875,36885,10
13.0336503983,80.2773971558,36885,36895,10
13.0340099335,80.2774810791,36895,36905,10
13.0346603394,80.2776412964,36905,36915,10
13.0353002548,80.2777175903,36915,36925,10
13.035779953,80.2778091431,36925,36935,10
13.0365200043,80.2779769897,36935,36944,9
13.037150383,80.2782287598,36944,36955,11
13.0380401611,80.2784805298,36955,36966,11
13.0390100479,80.2787780762,36966,36976,10
13.0394802094,80.2789230347,36976,36986,10
13.0403995514,80.2791900635,36986,36996,10
13.0415897369,80.2794265747,36996,37006,10
13.0429601669,80.2796325684,37006,37066,60
13.0429601669,80.2796325684,37066,37076,10
13.0431995392,80.2796478271,37076,37087,11
13.0439395905,80.279838562,37087,37097,10
13.0448799133,80.2799835205,37097,37107,10
13.045920372,80.2801437378,37107,37117,10
13.0468101501,80.2802505493,37117,37127,10
13.0479001999,80.2804031372,37127,37137,10
13.0490903854,80.2805633545,37137,37147,10
13.0500402451,80.280708313,37147,37157,10
13.0505199432,80.2807998657,37157,37167,10
13.0510797501,80.2808685303,37167,37177,10
13.052069664,80.2810211182,37177,37187,10
13.053319931,80.2811965942,37187,37197,10
13.0547599792,80.281463623,37197,37208,11
13.0562696457,80.2817764282,37208,37218,10
13.057220459,80.2819671631,37218,37228,10
13.0579099655,80.2820892334,37228,37238,10
13.0586204529,80.2822570801,37238,37248,10
13.0596904755,80.2824935913,37248,37258,10
13.0609998703,80.2827529907,37258,37268,10
13.0621004105,80.282989502,37268,37278,10
13.0634202957,80.2832794189,37278,37288,10
13.0645599365,80.2835617065,37288,37298,10
13.0659103394,80.2838134766,37298,37308,10
13.067199707,80.2840805054,37308,37318,10
13.0678596497,80.2839202881,37318,37329,11
13.0678396225,80.2829818726,37329,37339,10
13.0678596497,80.2818069458,37339,37349,10
13.0679397583,80.2804031372,37349,37359,10
13.0687398911,80.2790985107,37359,37369,10
13.0694999695,80.277961731,37369,37378,9
13.069899559,80.2772979736,37378,37389,11
13.0704698563,80.2764816284,37389,37399,10
13.0711803436,80.2755126953,37399,37409,10
13.0716199875,80.2748031616,37409,37419,10
13.0716199875,80.2747116089,37419,37429,10
13.0717000961,80.2744293213,37429,37440,11
13.0722198486,80.2748184204,37440,37450,10
13.072930336,80.2755966187,37450,37460,10
13.073800087,80.2763214111,37460,37470,10
13.0749502182,80.2763214111,37470,37480,10
13.0761995316,80.2762832642,37480,37490,10
13.0770998001,80.276222229,37490,37500,10
13.0780200958,80.2760925293,37500,37510,10
13.0783500671,80.2753829956,37510,37520,10
13.079000473,80.275138855,37520,37530,10
13.0797395706,80.2752838135,37530,37540,10
13.0808000565,80.2752075195,37540,37550,10
13.0814504623,80.275138855,37550,37601,51
13.0814504623,80.275138855,37601,37611,10
13.081609726,80.2751235962,37611,37621,10
13.0817604065,80.2754592896,37621,37631,10
13.0818395615,80.276008606,37631,37641,10
13.081990242,80.2761917114,37641,37651,10
13.0822601318,80.275970459,37651,37661,10
13.0821800232,80.275428772,37661,37671,10
13.0821199417,80.2748184204,37671,38004,333
13.0821199417,80.2748184204,38004,38014,10
13.0821695328,80.2747116089,38014,38025,11
13.0822000504,80.2744064331,38025,38035,10
13.0820999146,80.27394104,38035,38045,10
13.0819997787,80.2734375,38045,38055,10
13.0819597244,80.2732391357,38055,38065,10
13.0818004608,80.2730407715,38065,38075,10
13.0814695358,80.2730331421,38075,38085,10
13.0814800262,80.2736282349,38085,38095,10
13.0815896988,80.274520874,38095,38105,10
13.081700325,80.275138855,38105,38115,10
13.081700325,80.2755966187,38115,38125,10
13.0818300247,80.2764282227,38125,38135,10
13.0819597244,80.2774429321,38135,38146,11
13.0820598602,80.2781219482,38146,38176,30
13.0820598602,80.2781219482,38176,38186,10
13.0820703506,80.2785873413,38186,38196,10
13.0821304321,80.2792816162,38196,38206,10
13.0822200775,80.2802124023,38206,38216,10
13.0822896957,80.2814025879,38216,38246,30
13.0822896957,80.2814025879,38246,38256,10
13.082280159,80.2815170288,38256,38267,11
13.0817604065,80.2813186646,38267,38277,10
13.0810003281,80.2807617188,38277,38287,10
13.0800895691,80.28099823,38287,38297,10
13.0792398453,80.2818222046,38297,38307,10
13.0783395767,80.2824020386,38307,38317,10
13.0771598816,80.2829284668,38317,38327,10
13.0761203766,80.2836685181,38327,38337,10
13.0753898621,80.2844161987,38337,38347,10
13.074760437,80.2851104736,38347,38357,10
13.074259758,80.2856216431,38357,38367,10
13.0739898682,80.2858734131,38367,38378,11
13.0731897354,80.2859420776,38378,38388,10
13.0723800659,80.2854690552,38388,38398,10
13.0711803436,80.2851104736,38398,38408,10
13.0696401596,80.2847213745,38408,38418,10
13.0682401657,80.2844161987,38418,38428,10
13.0670900345,80.2842102051,38428,38438,10
13.0657501221,80.2838973999,38438,38448,10
13.0643396378,80.2835693359,38448,38468,20
13.0643396378,80.2835693359,38468,38478,10
13.064330101,80.2835617065,38478,38488,10
13.0639801025,80.2834625244,38488,38499,11
13.0631303787,80.283241272,38499,38509,10
13.0618896484,80.282951355,38509,38519,10
13.0603399277,80.2826309204,38519,38529,10
13.058839798,80.282333374,38529,38539,10
13.0577497482,80.2821273804,38539,38549,10
13.0571498871,80.2819900513,38549,38559,10
13.0560798645,80.28175354,38559,38569,10
13.0547895432,80.28150177,38569,38579,10
13.0533704758,80.28125,38579,38589,10
13.0520401001,80.2810211182,38589,38599,10
13.050860405,80.2808685303,38599,38609,10
13.0495300293,80.280670166,38609,38620,11
13.0478601456,80.2804336548,38620,38630,10
13.0463600159,80.2802429199,38630,38640,10
13.0449199677,80.2800369263,38640,38650,10
13.0438995361,80.2798995972,38650,38660,10
13.0431404114,80.2797622681,38660,38670,10
13.0421495438,80.2795715332,38670,38680,10
13.0408201218,80.2793273926,38680,38690,10
13.0396795273,80.2790679932,38690,38700,10
13.0392799377,80.2791671753,38700,38709,9
13.0391702652,80.2795181274,38709,38720,11
13.0390701294,80.2798233032,38720,38731,11
13.0389404297,80.2802276611,38731,38741,10
13.0387296677,80.2802963257,38741,38751,10
13.0386600494,80.2802963257,38751,38761,10
13.0385904312,80.2802886963,38761,38771,10
13.0383396149,80.2802581787,38771,38801,30
13.0383396149,80.2802581787,38801,38811,10
13.0380601883,80.2802276611,38811,38821,10
13.0379495621,80.2802200317,38821,38831,10
13.0377902985,80.2801971436,38831,38841,10
13.0377101898,80.2801971436,38841,38852,11
13.0374698639,80.2801589966,38852,38862,10
13.037150383,80.2801208496,38862,38872,10
13.0367002487,80.2800598145,38872,38892,20
13.0367002487,80.2800598145,38892,38902,10
13.0365800858,80.2800598145,38902,38912,10
13.0362596512,80.2800292969,38912,38922,10
13.0357599258,80.2800216675,38922,39295,373
13.0356197357,80.2800292969,39295,39548,253
13.0357198715,80.2799377441,39548,40042,494
13.0357198715,80.2799377441,40042,40052,10
13.0355701447,80.2798919678,40052,40062,10
13.0351896286,80.2798614502,40062,40072,10
13.034620285,80.2797775269,40072,40082,10
13.0343103409,80.2797622681,40082,40092,10
13.0337600708,80.2796936035,40092,40102,10
13.0332202911,80.2796325684,40102,40112,10
13.0327100754,80.2795791626,40112,40122,10
13.0319299698,80.2794799805,40122,40133,11
13.0314102173,80.2794189453,40133,40143,10
13.0309095383,80.2793502808,40143,40153,10
13.0302400589,80.2792816162,40153,40163,10
13.0296001434,80.2792205811,40163,40173,10
13.0291004181,80.2791595459,40173,40183,10
13.0284404755,80.279083252,40183,40194,11
13.0280103683,80.2790222168,40194,40204,10
13.0272397995,80.2789230347,40204,40214,10
13.0265903473,80.2788391113,40214,40224,10
13.0262002945,80.278793335,40224,40234,10
13.0255298615,80.2787017822,40234,40245,11
13.0248498917,80.2786026001,40245,40255,10
13.0245599747,80.2785491943,40255,40265,10
13.0240097046,80.2784881592,40265,40275,10
13.0234603882,80.2783966064,40275,40285,10
13.0229797363,80.2782974243,40285,40295,10
13.0224399567,80.2780532837,40295,40305,10
13.0222702026,80.27784729,40305,40315,10
13.0221996307,80.2774963379,40315,40325,10
13.0222997665,80.277130127,40325,40335,10
13.0224304199,80.2768707275,40335,40345,10
13.0225200653,80.2766265869,40345,40386,41
13.0225200653,80.2766265869,40386,40396,10
13.0225696564,80.2766036987,40396,40406,10
13.0228595734,80.2760925293,40406,40416,10
13.0232200623,80.2754211426,40416,40426,10
13.0236301422,80.2746124268,40426,40436,10
13.0239095688,80.2739562988,40436,40446,10
13.0239295959,80.2738418579,40446,40456,10
13.0237798691,80.2735671997,40456,40466,10
13.0233201981,80.2729415894,40466,40476,10
13.0227203369,80.2721328735,40476,40487,11
13.021900177,80.2710494995,40487,40497,10
13.0210599899,80.2700271606,40497,40507,10
13.02023983,80.2690505981,40507,40517,10
13.0195903778,80.2682723999,40517,40527,10
13.0188999176,80.2674636841,40527,40537,10
13.0186100006,80.266418457,40537,40547,10
13.0186595917,80.2657470703,40547,40557,10
13.0188999176,80.2649307251,40557,40567,10
13.0190696716,80.263999939,40567,40577,10
13.0190000534,80.2634811401,40577,40587,10
13.0189199448,80.262878418,40587,40598,11
13.0188302994,80.2621231079,40598,40608,10
13.0187597275,80.2615509033,40608,40618,10
13.0184202194,80.2611083984,40618,40628,10
13.0177898407,80.2606964111,40628,40638,10
13.0170202255,80.2601776123,40638,40648,10
13.0162096024,80.2596817017,40648,40658,10
13.0152797699,80.2593078613,40658,40668,10
13.0143299103,80.2592468262,40668,40678,10
13.0132799149,80.2592086792,40678,40688,10
13.0121898651,80.2591705322,40688,40698,10
13.0112400055,80.2591400146,40698,40708,10
13.0102100372,80.2591323853,40708,40719,11
13.009059906,80.2591094971,40719,40729,10
13.0080499649,80.2590026855,40729,40739,10
13.0071697235,80.2584533691,40739,40749,10
13.0066404343,80.257598877,40749,40759,10
13.0065202713,80.2564926147,40759,40769,10
13.0065097809,80.2553634644,40769,40779,10
13.006480217,80.2543334961,40779,40789,10
13.006480217,80.2533721924,40789,40799,10
13.0064697266,80.2529067993,40799,40809,10
13.0064897537,80.2527770996,40809,40819,10
13.0066404343,80.2517700195,40819,40890,71
13.0066404343,80.2517700195,40890,40900,10
13.0066795349,80.2517318726,40900,40910,10
13.0067796707,80.2509994507,40910,40920,10
13.006770134,80.249786377,40920,40930,10
13.0066900253,80.2484664917,40930,40940,10
13.0066795349,80.247467041,40940,41011,71
13.0066795349,80.247467041,41011,41021,10
13.0066795349,80.246963501,41021,41031,10
13.0066699982,80.2460098267,41031,41041,10
13.0066604614,80.245010376,41041,41051,10
13.0066299438,80.2439804077,41051,41061,10
13.0065803528,80.243019104,41061,41072,11
13.0062799454,80.2425384521,41072,41082,10
13.0056800842,80.2422790527,41082,41092,10
13.0052404404,80.2418823242,41092,41102,10
13.0045404434,80.2418670654,41102,41112,10
13.0038204193,80.2416610718,41112,41122,10
13.003279686,80.2415771484,41122,41132,10
13.0024795532,80.2415237427,41132,41142,10
13.001999855,80.2414627075,41142,41152,10
13.001159668,80.2412185669,41152,41162,10
13.0003004074,80.241027832,41162,41172,10
12.9995203018,80.2408828735,41172,41182,10
12.9989595413,80.2407684326,41182,41193,11
12.9981098175,80.2405090332,41193,41203,10
12.9974498749,80.2402801514,41203,41213,10
12.9972200394,80.2398605347,41213,41223,10
12.9968900681,80.2391967773,41223,41233,10
12.9963502884,80.2384796143,41233,41243,10
12.9957199097,80.2377166748,41243,41253,10
12.9949197769,80.2372283936,41253,41263,10
12.9944400787,80.2369766235,41263,41273,10
12.9939603806,80.2363815308,41273,41283,10
12.9932899475,80.2359313965,41283,41293,10
12.9925699234,80.2353820801,41293,41303,10
12.9919996262,80.2346191406,41303,41314,11
12.9916496277,80.2340927124,41314,41324,10
12.991350174,80.2334213257,41324,41333,9
12.9912099838,80.2329330444,41333,41344,11
12.9909896851,80.232131958,41344,41354,10
12.9909200668,80.2312011719,41354,41364,10
12.9908800125,80.2305984497,41364,41374,10
12.9907798767,80.2297897339,41374,41384,10
12.9905395508,80.2289505005,41384,41394,10
12.9903802872,80.2284622192,41394,41403,9
12.9902095795,80.2277832031,41403,41414,11
12.9900999069,80.2268371582,41414,41425,11
12.9900197983,80.2262802124,41425,41435,10
12.9899501801,80.2255706787,41435,41445,10
12.989569664,80.2249069214,41445,41455,10
12.9894695282,80.2243118286,41455,41465,10
12.9894304276,80.2237091064,41465,41475,10
12.98898983,80.2233810425,41475,41485,10
12.9884901047,80.2233734131,41485,41495,10
12.9881896973,80.2238693237,41495,50664,9169
12.988360405,80.2235717773,50664,50694,30
12.9884195328,80.2233581543,50694,50725,31
12.9884195328,80.2233581543,50725,50735,10
12.9886198044,80.2233581543,50735,50745,10
12.9890699387,80.2233734131,50745,50755,10
12.9894399643,80.2237319946,50755,50765,10
12.9894695282,80.2242965698,50765,50775,10
12.9895801544,80.2248764038,50775,50785,10
12.989979744,80.2255172729,50785,50795,10
12.9900102615,80.2262878418,50795,50805,10
12.9901103973,80.2269363403,50805,50815,10
12.9902000427,80.2275695801,50815,50825,10
12.9902601242,80.2279205322,50825,50835,10
12.9904603958,80.2286224365,50835,50846,11
12.9906597137,80.2293319702,50846,50856,10
12.9908304214,80.2301635742,50856,50866,10
12.9908399582,80.2303695679,50866,50876,10
12.9908599854,80.2309494019,50876,50886,10
12.9909200668,80.231552124,50886,50896,10
12.9909496307,80.2320404053,50896,50906,10
12.991060257,80.2325210571,50906,50916,10
12.9912900925,80.2331466675,50916,50926,10
12.9917697906,80.2336730957,50926,50946,20
12.9917697906,80.2336730957,50946,50956,10
12.9920396805,80.2337493896,50956,50967,11
12.9926700592,80.2338409424,50967,50977,10
12.9933004379,80.2340621948,50977,50987,10
12.9937896729,80.2343826294,50987,50997,10
12.9944000244,80.2347717285,50997,51007,10
12.9951095581,80.2351913452,51007,51017,10
12.9956998825,80.2356109619,51017,51027,10
12.9960298538,80.2359695435,51027,51037,10
12.9963197708,80.2364425659,51037,51047,10
12.9967098236,80.237197876,51047,51057,10
12.9970798492,80.2378234863,51057,51067,10
12.9975404739,80.2385025024,51067,51078,11
12.9981498718,80.2389984131,51078,51088,10
12.9987001419,80.2391891479,51088,51098,10
12.9989595413,80.2392578125,51098,51108,10
12.9992399216,80.2393264771,51108,51118,10
12.9996204376,80.239402771,51118,51128,10
13.000459671,80.2395172119,51128,51138,10
13.0012397766,80.2396469116,51138,51148,10
13.0019903183,80.2398681641,51148,51158,10
13.0025196075,80.2400512695,51158,51168,10
13.0025701523,80.2400970459,51168,51178,10
13.0031499863,80.2402572632,51178,51188,10
13.0036697388,80.2408599854,51188,51199,11
13.0041399002,80.2417602539,51199,51209,10
13.0050296783,80.2418212891,51209,51219,10
13.00578022,80.2418289185,51219,51229,10
13.0057601929,80.2423019409,51229,51269,40
13.0057601929,80.2423019409,51269,51279,10
13.0055103302,80.2420806885,51279,51289,10
13.0050296783,80.2418136597,51289,51299,10
13.0042800903,80.2418212891,51299,51309,10
13.0038003922,80.2412261963,51309,51320,11
13.0033597946,80.2403564453,51320,51330,10
13.0026197433,80.2401123047,51330,51340,10
13.0024900436,80.2400665283,51340,51350,10
13.0019702911,80.2398986816,51350,51360,10
13.0011796951,80.2396697998,51360,51370,10
13.000459671,80.2395401001,51370,51380,10
12.9991703033,80.2393188477,51380,51400,20
12.9991703033,80.2393188477,51400,51410,10
12.9991102219,80.2392807007,51410,51420,10
12.9985599518,80.2391433716,51420,51431,11
12.9978504181,80.2388000488,51431,51441,10
12.9973697662,80.2382507324,51441,51451,10
12.996919632,80.2375411987,51451,51461,10
12.9965400696,80.2368392944,51461,51471,10
12.9962501526,80.2363204956,51471,51481,10
12.9960298538,80.2359695435,51481,51491,10
12.9954900742,80.2354431152,51491,51501,10
12.9949197769,80.2350769043,51501,51511,10
12.9941902161,80.2346496582,51511,51521,10
12.9939203262,80.2345199585,51521,51531,10
12.9937200546,80.2343597412,51531,51541,10
12.9932498932,80.2340316772,51541,51552,11
12.9924898148,80.2337875366,51552,51562,10
12.9918899536,80.2337265015,51562,51572,10
12.9918203354,80.2337417603,51572,51582,10
12.9914999008,80.233757019,51582,51592,10
12.9913101196,80.2332000732,51592,51602,10
12.991109848,80.2326507568,51602,51612,10
12.9909601212,80.2318878174,51612,51622,10
12.990940094,80.2317581177,51622,51632,10
12.9909296036,80.2316207886,51632,51642,10
12.9908895493,80.2311401367,51642,51652,10
12.9908399582,80.2304611206,51652,51662,10
12.9907102585,80.2294921875,51662,51673,11
12.990480423,80.2287216187,51673,51683,10
12.9903001785,80.2281417847,51683,51693,10
12.9901599884,80.2274017334,51693,51703,10
12.9901399612,80.2272186279,51703,51713,10
12.9900398254,80.2266464233,51713,51723,10
12.9900598526,80.2259597778,51723,51733,10
12.9894695282,80.2244567871,51733,51743,10
12.9894695282,80.2244567871,51743,51753,10
12.9894199371,80.2237167358,51753,51763,10
12.988940239,80.2233581543,51763,51773,10
12.9883298874,80.2233505249,51773,51794,21
12.9883298874,80.2233505249,51794,51805,11
12.9883403778,80.2233276367,51805,51815,10
12.9888000488,80.2233428955,51815,51825,10
12.9893198013,80.2235565186,51825,51835,10
12.9894599915,80.2240905762,51835,51845,10
12.9895601273,80.2247924805,51845,51853,8
12.9898700714,80.2253570557,51853,51865,12
12.9900197983,80.2262802124,51865,51875,10
12.9901199341,80.2269592285,51875,51885,10
12.989979744,80.2276611328,51885,51895,10
12.9894504547,80.228012085,51895,51906,11
12.9888401031,80.2286682129,51906,51916,10
12.9885501862,80.2294311523,51916,51926,10
12.9884500504,80.2296295166,51926,51936,10
12.9881896973,80.2302780151,51936,51946,10
12.9878797531,80.2311477661,51946,51956,10
12.9875602722,80.2320327759,51956,51966,10
12.987449646,80.2329025269,51966,51976,10
12.9872398376,80.2332763672,51976,51986,10
12.986700058,80.2333297729,51986,51996,10
12.9864797592,80.2333068848,51996,52006,10
12.986120224,80.2334671021,52006,52017,11
12.9861602783,80.2341995239,52017,52027,10
12.9863595963,80.2348937988,52027,52037,10
12.9865503311,80.2358093262,52037,52047,10
12.986579895,80.2366485596,52047,52057,10
12.9865999222,80.2373275757,52057,52067,10
12.9866104126,80.2379226685,52067,52077,10
12.9865398407,80.2384872437,52077,53146,1069
12.9865398407,80.2384872437,53146,53156,10
12.9866895676,80.238067627,53156,53166,10
12.9866504669,80.2374191284,53166,53176,10
12.9866199493,80.2368011475,53176,53187,11
12.986579895,80.2360534668,53187,53197,10
12.9865398407,80.2354431152,53197,53207,10
12.9865102768,80.2353210449,53207,53217,10
12.9864196777,80.2350997925,53217,53227,10
12.9861803055,80.2344665527,53227,53237,10
12.9860801697,80.2337875366,53237,53247,10
12.9863100052,80.2333068848,53247,53257,10
12.9866695404,80.233291626,53257,53267,10
12.9869298935,80.2332611084,53267,53277,10
12.9873600006,80.2330169678,53277,53287,10
12.9874095917,80.2324829102,53287,53297,10
12.9875802994,80.2317276001,53297,53308,11
12.9878997803,80.2309417725,53308,53318,10
12.9882097244,80.2302017212,53318,53328,10
12.9883003235,80.2299728394,53328,53338,10
12.9884996414,80.2294692993,53338,53348,10
12.9887399673,80.228767395,53348,53358,10
12.9892597198,80.2281265259,53358,53368,10
12.9898796082,80.2277832031,53368,53378,10
12.9901199341,80.2272262573,53378,53388,10
12.989979744,80.2265014648,53388,53398,10
12.9900197983,80.2258071899,53398,53408,10
12.9896402359,80.2251281738,53408,53419,11
12.9894399643,80.2242279053,53419,53429,10
12.9893198013,80.2235870361,53429,53439,10
12.9888000488,80.2233276367,53439,53449,10
12.9883499146,80.2234115601,53449,53459,10
12.9883298874,80.2233505249,53459,53469,10
12.9883899689,80.2232818604,53469,53479,10
12.9888801575,80.2233200073,53479,53489,10
12.9893598557,80.2236175537,53489,53499,10
12.9894504547,80.2241287231,53499,53509,10
12.9895496368,80.2247772217,53509,53519,10
12.9899501801,80.2254562378,53519,53529,10
12.9900302887,80.2262191772,53529,53540,11
12.9901599884,80.2269973755,53540,53550,10
12.9902296066,80.2275924683,53550,53560,10
12.99036026,80.2281265259,53560,53570,10
12.9905500412,80.2288513184,53570,53580,10
12.9907598495,80.2296218872,53580,53590,10
12.9908399582,80.23046875,53590,53600,10
12.9909000397,80.2311172485,53600,53610,10
12.9909601212,80.231842041,53610,53620,10
12.9910001755,80.232131958,53620,53630,10
12.9912004471,80.2327270508,53630,53640,10
12.9914398193,80.2333679199,53640,53651,11
12.9917802811,80.2336578369,53651,53661,10
12.9918298721,80.2337188721,53661,53671,10
12.9921798706,80.2337188721,53671,53681,10
12.9928197861,80.2338562012,53681,53691,10
12.9933795929,80.23412323,53691,53701,10
12.9938297272,80.2344207764,53701,53711,10
12.9940595627,80.2345581055,53711,53721,10
12.9946804047,80.234916687,53721,53731,10
12.9952096939,80.2352294922,53731,53741,10
12.995880127,80.2357711792,53741,53751,10
12.9959697723,80.2358703613,53751,53761,10
12.9962797165,80.2363586426,53761,53772,11
12.9967002869,80.237159729,53772,53782,10
12.9970798492,80.2377929688,53782,53792,10
12.9975404739,80.2384490967,53792,53802,10
12.9980897903,80.2389373779,53802,53812,10
12.9986495972,80.2391586304,53812,53822,10
12.9986696243,80.2391586304,53822,53832,10
12.998840332,80.2392196655,53832,53842,10
12.9994697571,80.2393798828,53842,53852,10
13.0002498627,80.2394790649,53852,53862,10
13.0010900497,80.2396087646,53862,53872,10
13.0017995834,80.2398300171,53872,53882,10
13.0025100708,80.2400588989,53882,53893,11
13.003370285,80.2403488159,53893,53903,10
13.0037603378,80.2411422729,53903,53913,10
13.004360199,80.2418289185,53913,53923,10
13.0053195953,80.2417984009,53923,53933,10
13.0059499741,80.2420425415,53933,53943,10
13.0057001114,80.2422409058,53943,54832,889
13.0057001114,80.2422409058,54832,54842,10
13.0055799484,80.2421188354,54842,54852,10
13.0051498413,80.2418212891,54852,54862,10
13.00440979,80.2418365479,54862,54872,10
13.0038499832,80.2413101196,54872,54882,10
13.003490448,80.2404785156,54882,54892,10
13.0027198792,80.2401199341,54892,54902,10
13.0021295547,80.2399291992,54902,54912,10
13.0013599396,80.2396621704,54912,54922,10
13.0006904602,80.2395401001,54922,54932,10
12.9998197556,80.2394332886,54932,54943,11
12.9991903305,80.2392883301,54943,54963,20
12.9991903305,80.2392883301,54963,54973,10
12.9987697601,80.2391967773,54973,54983,10
12.9981498718,80.2389831543,54983,54993,10
12.9976797104,80.2386169434,54993,55003,10
12.9972496033,80.2380065918,55003,55013,10
12.9968795776,80.2374191284,55013,55023,10
12.9962997437,80.2363586426,55023,55043,20
12.9962997437,80.2363586426,55043,55054,11
12.9960803986,80.2359924316,55054,55064,10
12.9955396652,80.2354736328,55064,55074,10
12.9950399399,80.2351226807,55074,55084,10
12.9939203262,80.2344284058,55084,55104,20
12.9939203262,80.2344284058,55104,55114,10
12.9935903549,80.2341766357,55114,55124,10
12.9931297302,80.2339172363,55124,55134,10
12.992389679,80.2337417603,55134,55144,10
12.9918603897,80.2337036133,55144,55154,10
12.9917097092,80.2337265015,55154,55164,10
12.9913797379,80.2334823608,55164,55175,11
12.9912700653,80.2330627441,55175,55185,10
12.9910898209,80.2325286865,55185,55195,10
12.9909801483,80.231918335,55195,55205,10
12.9909801483,80.2316818237,55205,55215,10
12.990940094,80.2311477661,55215,55225,10
12.9908895493,80.2304916382,55225,55235,10
12.990819931,80.2300033569,55235,55245,10
12.9907398224,80.2295227051,55245,55255,10
12.9905195236,80.2287979126,55255,55265,10
12.99036026,80.2282028198,55265,55275,10
12.9902000427,80.2274475098,55275,55286,11
12.9901599884,80.2272720337,55286,55296,10
12.9901103973,80.2267837524,55296,55306,10
12.9901304245,80.2260818481,55306,55316,10
12.9897899628,80.2252578735,55316,55326,10
12.9895296097,80.2245101929,55326,55336,10
12.9894800186,80.223777771,55336,55346,10
12.9890298843,80.2233505249,55346,55357,11
12.9883298874,80.2233276367,55357,55387,30
12.9883298874,80.2233276367,55387,55397,10
12.988360405,80.2232589722,55397,55408,11
12.9888896942,80.2232971191,55408,55418,10
12.9893798828,80.2236328125,55418,55428,10
12.9894104004,80.2241897583,55428,55438,10
12.9895801544,80.2248764038,55438,55448,10
12.9899997711,80.2255172729,55448,55458,10
12.9899902344,80.2263183594,55458,55469,11
12.9900598526,80.2268829346,55469,55480,11
12.9899301529,80.2276306152,55480,55490,10
12.9897499084,80.2277832031,55490,55500,10
12.989279747,80.2280197144,55500,55510,10
12.9888296127,80.2285919189,55510,55521,11
12.9884796143,80.2294616699,55521,55531,10
12.9882097244,80.2301330566,55531,55541,10
12.987950325,80.2309112549,55541,55551,10
12.9876003265,80.2317504883,55551,55561,10
12.987449646,80.2325973511,55561,55571,10
12.9873800278,80.2331771851,55571,55581,10
12.9868097305,80.2333068848,55581,55591,10
12.9865903854,80.2332992554,55591,55601,10
12.9861402512,80.2334518433,55601,55611,10
12.9861402512,80.23412323,55611,55621,10
12.9864597321,80.2351531982,55621,55642,21
12.9864597321,80.2351531982,55642,55652,10
12.9865198135,80.2355422974,55652,55662,10
12.9865398407,80.2362136841,55662,55672,10
12.9865598679,80.2369232178,55672,55682,10
12.9865903854,80.2375183105,55682,55692,10
12.9866104126,80.2381362915,55692,55702,10
12.9865598679,80.2384796143,55702,56843,1141
12.9865598679,80.2384796143,56843,56853,10
12.9866104126,80.2382507324,56853,56863,10
12.9866199493,80.237953186,56863,56873,10
12.9866199493,80.2372817993,56873,56883,10
12.9866199493,80.2367172241,56883,56893,10
12.9865999222,80.2360305786,56893,56903,10
12.9865598679,80.2354431152,56903,56913,10
12.9865598679,80.2353973389,56913,56924,11
12.9863996506,80.2349777222,56924,56934,10
12.9862003326,80.2343521118,56934,56944,10
12.9861698151,80.233757019,56944,56954,10
12.9864797592,80.2333602905,56954,56964,10
12.9867200851,80.2333374023,56964,56974,10
12.9868402481,80.2333221436,56974,56984,10
12.9873504639,80.2332305908,56984,56994,10
12.9874601364,80.2327194214,56994,57004,10
12.9875602722,80.2320327759,57004,57014,10
12.9878396988,80.2313079834,57014,57024,10
12.9880895615,80.2305603027,57024,57035,11
12.9882698059,80.2300796509,57035,57045,10
12.9884595871,80.2296295166,57045,57055,10
12.9887104034,80.2289886475,57055,57065,10
12.9890403748,80.2282791138,57065,57075,10
12.9897003174,80.2278900146,57075,57085,10
12.9901399612,80.2275085449,57085,57095,10
12.9900999069,80.2268981934,57095,57105,10
12.9900999069,80.2262802124,57105,57115,10
12.9899396896,80.2255325317,57115,57125,10
12.9896097183,80.2248382568,57125,57136,11
12.9895095825,80.2240982056,57136,57146,10
12.9893503189,80.2235794067,57146,57157,11
12.9886798859,80.2233581543,57157,57167,10
12.9883499146,80.2233810425,57167,57177,10
12.9883499146,80.2233581543,57177,57187,10
12.9885702133,80.2233200073,57187,57197,10
12.9891395569,80.2233886719,57197,57207,10
12.9894599915,80.2238616943,57207,57217,10
12.9895200729,80.2245178223,57217,57227,10
12.9898004532,80.2252426147,57227,57237,10
12.9900798798,80.2260284424,57237,57247,10
12.9900903702,80.2265777588,57247,57257,10
12.9902000427,80.2273406982,57257,57267,10
12.9902000427,80.2275695801,57267,57278,11
12.9903097153,80.2280807495,57278,57288,10
12.9905004501,80.2288208008,57288,57298,10
12.9906997681,80.2294616699,57298,57308,10
12.990819931,80.2302703857,57308,57318,10
12.9908599854,80.2310180664,57318,57328,10
12.990940094,80.231590271,57328,57338,10
12.9909296036,80.2318572998,57338,57348,10
12.9910202026,80.2323989868,57348,57358,10
12.9912500381,80.2330474854,57358,57367,9
12.9916000366,80.233581543,57367,57378,11
12.9918003082,80.2336883545,57378,57389,11
12.9919996262,80.233757019,57389,57399,10
12.9925098419,80.2338027954,57399,57409,10
12.9931898117,80.2340087891,57409,57419,10
12.9937200546,80.2343521118,57419,57429,10
12.9939002991,80.2344894409,57429,57439,10
12.994389534,80.2347183228,57439,57449,10
12.9950799942,80.2351303101,57449,57459,10
12.9957103729,80.2356033325,57459,57469,10
12.9962701797,80.236328125,57469,57479,10
12.9967002869,80.2371292114,57479,57489,10
12.9970798492,80.23777771,57489,57499,10
12.9975299835,80.2384567261,57499,57510,11
12.9981098175,80.2389984131,57510,57520,10
12.9987001419,80.2391967773,57520,57530,10
12.9987096786,80.2392120361,57530,57540,10
12.9988498688,80.2392425537,57540,57550,10
12.9993600845,80.2393493652,57550,57560,10
13.0001401901,80.2395019531,57560,57570,10
13.0010204315,80.239616394,57570,57580,10
13.001660347,80.2397994995,57580,57590,10
13.002289772,80.2400131226,57590,57600,10
13.0025100708,80.2400665283,57600,57610,10
13.0025596619,80.2400970459,57610,57620,10
13.0030498505,80.240196228,57620,57631,11
13.0036802292,80.2409133911,57631,57641,10
13.0040502548,80.2416763306,57641,57651,10
13.0048398972,80.2418212891,57651,57661,10
13.0056800842,80.2418212891,57661,57671,10
13.0058002472,80.2422866821,57671,58498,827
13.0058002472,80.2422866821,58498,58508,10
13.0057001114,80.2422790527,58508,58518,10
13.0053796768,80.2419586182,58518,58528,10
13.0048103333,80.2418289185,58528,58538,10
13.0039901733,80.2416534424,58538,58548,10
13.0036697388,80.2408599854,58548,58559,11
13.0029602051,80.2402267456,58559,58569,10
13.0025501251,80.2400894165,58569,58579,10
13.0023002625,80.2400131226,58579,58589,10
13.0015802383,80.2397613525,58589,58598,9
13.0009098053,80.2396011353,58598,58609,11
12.9999704361,80.2394790649,58609,58619,10
12.9991903305,80.2393188477,58619,58639,20
12.9991903305,80.2393188477,58639,58649,10
12.9989404678,80.2392425537,58649,58659,10
12.9983797073,80.2390670776,58659,58669,10
12.9976797104,80.2386398315,58669,58680,11
12.997179985,80.2379302979,58680,58690,10
12.9968204498,80.2373275757,58690,58700,10
12.996430397,80.2366333008,58700,58710,10
12.9962997437,80.2364120483,58710,58720,10
12.9961099625,80.2360992432,58720,58730,10
12.9955701828,80.2355422974,58730,58740,10
12.9949903488,80.2351303101,58740,58750,10
12.9942798615,80.234703064,58750,58760,10
12.9939403534,80.2344970703,58760,58770,10
12.9938097,80.2343673706,58770,58780,10
12.9933795929,80.2340621948,58780,58790,10
12.992770195,80.2338180542,58790,58801,11
12.9917802811,80.2337112427,58801,58831,30
12.9917802811,80.2337112427,58831,58841,10
12.9915399551,80.2337417603,58841,58851,10
12.9913101196,80.2332687378,58851,58861,10
12.9911203384,80.2327423096,58861,58871,10
12.9909496307,80.2320327759,58871,58881,10
12.9909095764,80.2312316895,58881,58891,10
12.9908599854,80.2305526733,58891,58901,10
12.990819931,80.2300186157,58901,58912,11
12.9906902313,80.2293701172,58912,58922,10
12.9904899597,80.2286987305,58922,58932,10
12.9902896881,80.228012085,58932,58942,10
12.9901695251,80.2271575928,58942,58952,10
12.9900503159,80.2264099121,58952,58962,10
12.9900503159,80.2256622314,58962,58972,10
12.9896297455,80.2249069214,58972,58982,10
12.9895000458,80.2243118286,58982,58992,10
12.9894399643,80.2237014771,58992,59002,10
12.9888801575,80.2233734131,59002,59012,10
12.9883403778,80.2233810425,59012,59033,21
12.9884004593,80.2233123779,59033,59043,10
12.9884004593,80.2233123779,59043,59053,10
12.9888801575,80.2233428955,59053,59063,10
12.9893798828,80.2236099243,59063,59073,10
12.9894695282,80.2240524292,59073,59083,10
12.9894800186,80.2243728638,59083,59093,10
12.9896001816,80.2248764038,59093,59103,10
12.9900302887,80.2255706787,59103,59113,10
12.9900102615,80.226348877,59113,59123,10
12.9901599884,80.2270584106,59123,59133,10
12.9899396896,80.2276992798,59133,59143,10
12.989780426,80.2278366089,59143,59154,11
12.9891796112,80.2281570435,59154,59164,10
12.9887399673,80.2288894653,59164,59174,10
12.9884395599,80.229637146,59174,59184,10
12.9881601334,80.2303771973,59184,59192,8
12.9878797531,80.2310409546,59192,59204,12
12.9875602722,80.2320022583,59204,59214,10
12.9874601364,80.2328796387,59214,59224,10
12.9872598648,80.2332611084,59224,59234,10
12.9867801666,80.2332763672,59234,59244,10
12.9862604141,80.2333221436,59244,59254,10
12.9861097336,80.2337799072,59254,59265,11
12.9862203598,80.2345504761,59265,59275,10
12.9864997864,80.2352294922,59275,59285,10
12.9864902496,80.2352294922,59285,59295,10
12.9865398407,80.236000061,59295,59305,10
12.9865398407,80.236000061,59305,59315,10
12.986579895,80.2367935181,59315,59325,10
12.9866104126,80.2374267578,59325,59335,10
12.9866304398,80.2382583618,59335,59345,10
12.9865598679,80.2385101318,59345,60570,1225
12.9865598679,80.2385101318,60570,60580,10
12.9865999222,80.2384567261,60580,60590,10
12.9866600037,80.2379074097,60590,60600,10
12.9866104126,80.2370605469,60600,60610,10
12.9865703583,80.2364807129,60610,60620,10
12.9864797592,80.2353210449,60620,60640,20
12.9864797592,80.2353210449,60640,60650,10
12.9863595963,80.2350082397,60650,60660,10
12.9861402512,80.2342987061,60660,60671,11
12.9860801697,80.2335128784,60671,60681,10
12.9866399765,80.2332763672,60681,60691,10
12.9866895676,80.2332992554,60691,60701,10
12.9870004654,80.2333221436,60701,60711,10
12.9874095917,80.233039856,60711,60721,10
12.9874696732,80.2323913574,60721,60731,10
12.9876899719,80.231590271,60731,60741,10
12.9879398346,80.2309417725,60741,60751,10
12.9882602692,80.2301025391,60751,60761,10
12.9883098602,80.2299804688,60761,60771,10
12.9885101318,80.2294464111,60771,60782,11
12.9888296127,80.2285995483,60782,60792,10
12.9894895554,80.2280578613,60792,60802,10
12.989979744,80.2277526855,60802,60812,10
12.9899997711,80.2277374268,60812,60822,10
12.9901800156,80.2273330688,60822,60832,10
12.9900398254,80.2265625,60832,60842,10
12.9900903702,80.2258605957,60842,60852,10
12.9896697998,80.2250976563,60852,60862,10
12.9894800186,80.2244033813,60862,60872,10
12.9894304276,80.2237014771,60872,60882,10
12.9889602661,80.2233734131,60882,60892,10
12.9883298874,80.2233505249,60892,60913,21
12.9883298874,80.2233505249,60913,60923,10
12.9883899689,80.2232666016,60923,60933,10
12.9889202118,80.2233276367,60933,60944,11
12.9893903732,80.2236175537,60944,60954,10
12.9894800186,80.2243728638,60954,60964,10
12.9896802902,80.2250595093,60964,60974,10
12.9900903702,80.2257995605,60974,60984,10
12.9900398254,80.2265167236,60984,60994,10
12.9901599884,80.2272567749,60994,61004,10
12.9902095795,80.2275924683,61004,61014,10
12.9902801514,80.2280426025,61014,61025,11
12.9905195236,80.2288284302,61025,61035,10
12.9907102585,80.2294769287,61035,61045,10
12.9908399582,80.2301864624,61045,61055,10
12.9908599854,80.2304229736,61055,61065,10
12.9908895493,80.231010437,61065,61074,9
12.9909601212,80.2317428589,61074,61085,11
12.9909696579,80.2320709229,61085,61095,10
12.9910497665,80.2324676514,61095,61105,10
12.9912500381,80.2330780029,61105,61114,9
12.9918003082,80.2337036133,61114,61136,22
12.9918003082,80.2337036133,61136,61146,10
12.9919099808,80.2337875366,61146,61156,10
12.9923696518,80.2338027954,61156,61166,10
12.9930801392,80.2339935303,61166,61176,10
12.9938802719,80.2344970703,61176,61196,20
12.9938802719,80.2344970703,61196,61206,10
12.9941196442,80.2346801758,61206,61216,10
12.9947299957,80.2350234985,61216,61226,10
12.9954004288,80.2354431152,61226,61236,10
12.9960002899,80.2359695435,61236,61246,10
12.9962501526,80.2362976074,61246,61257,11
12.9964599609,80.2367019653,61257,61267,10
12.9968299866,80.2374191284,61267,61277,10
12.9971904755,80.237991333,61277,61287,10
12.9976797104,80.2386703491,61287,61297,10
12.9987201691,80.2392272949,61297,61317,20
12.9987201691,80.2392272949,61317,61327,10
12.9991397858,80.2393417358,61327,61337,10
12.999830246,80.2395019531,61337,61347,10
13.0007295609,80.239616394,61347,61357,10
13.0014295578,80.2397613525,61357,61367,10
13.0022001266,80.2399978638,61367,61378,11
13.0029401779,80.2402420044,61378,61388,10
13.003569603,80.2406234741,61388,61398,10
13.0039100647,80.2414169312,61398,61408,10
13.0045900345,80.241897583,61408,61418,10
13.0054502487,80.241859436,61418,61428,10
13.0059204102,80.2423782349,61428,61468,40
13.0059204102,80.2423782349,61468,61478,10
13.0057001114,80.2424163818,61478,62114,636
13.0057001114,80.2424163818,62114,62124,10
13.0054998398,80.2420883179,62124,62134,10
13.0050296783,80.2417984009,62134,62144,10
13.0042495728,80.2418136597,62144,62154,10
13.0037899017,80.2411880493,62154,62164,10
13.0034198761,80.2404403687,62164,62174,10
13.0026903152,80.2401199341,62174,62184,10
13.0025501251,80.2400665283,62184,62195,11
13.0020503998,80.2398910522,62195,62205,10
13.0012903214,80.2396469116,62205,62215,10
13.0006198883,80.2395401001,62215,62225,10
12.9997301102,80.239440918,62225,62235,10
12.9991703033,80.2393264771,62235,62245,10
12.9990997314,80.2393035889,62245,62255,10
12.9985599518,80.239151001,62255,62265,10
12.997879982,80.2388381958,62265,62275,10
12.9974403381,80.2383499146,62275,62285,10
12.9969797134,80.237701416,62285,62295,10
12.9966697693,80.2371520996,62295,62306,11
12.9963302612,80.2364578247,62306,62316,10
12.996219635,80.2362823486,62316,62326,10
12.995880127,80.2358398438,62326,62336,10
12.9953203201,80.2353515625,62336,62346,10
12.9948196411,80.2350387573,62346,62356,10
12.9941997528,80.2346725464,62356,62366,10
12.9939899445,80.2345275879,62366,62376,10
12.9938201904,80.2344436646,62376,62386,10
12.9935598373,80.2341995239,62386,62396,10
12.9931001663,80.2339172363,62396,62406,10
12.992389679,80.233757019,62406,62416,10
12.9918203354,80.2337265015,62416,62437,21
12.9918203354,80.2337265015,62437,62447,10
12.9915895462,80.2337722778,62447,62457,10
12.9913396835,80.2333679199,62457,62467,10
12.9911699295,80.2328262329,62467,62477,10
12.9909801483,80.2321624756,62477,62487,10
12.9909496307,80.2317504883,62487,62497,10
12.9909696579,80.2316818237,62497,62507,10
12.9909000397,80.2311401367,62507,62517,10
12.9908599854,80.2304992676,62517,62527,10
12.990819931,80.2300491333,62527,62537,10
12.9907798767,80.2297592163,62537,62548,11
12.9905996323,80.2291107178,62548,62558,10
12.9904298782,80.2285308838,62558,62568,10
12.9902496338,80.2278366089,62568,62578,10
12.9900302887,80.2264175415,62578,62588,10
12.9900302887,80.2264175415,62588,62598,10
12.9900503159,80.2257232666,62598,62608,10
12.9896297455,80.2250213623,62608,62618,10
12.9894800186,80.2243423462,62618,62628,10
12.9894199371,80.223739624,62628,62638,10
12.9889202118,80.2233963013,62638,62651,13
12.9883298874,80.2233734131,62651,62673,22
12.9883298874,80.2233734131,62673,62683,10
12.9886703491,80.2233276367,62683,62693,10
12.9892101288,80.2234420776,62693,62703,10
12.9894695282,80.2238998413,62703,62713,10
12.9895200729,80.2245635986,62713,62723,10
12.9898500443,80.2253417969,62723,62733,10
12.9900598526,80.2260894775,62733,62743,10
12.9900598526,80.2267303467,62743,62753,10
12.9901800156,80.2274627686,62753,62763,10
12.9899196625,80.2277297974,62763,62773,10
12.9895801544,80.2279281616,62773,62784,11
12.9889202118,80.2284317017,62784,62794,10
12.9886198044,80.2291870117,62794,62804,10
12.9883298874,80.2299575806,62804,62814,10
12.9880199432,80.2307662964,62814,62824,10
12.987739563,80.2315063477,62824,62834,10
12.9876499176,80.2316894531,62834,62844,10
12.9875001907,80.2322692871,62844,62854,10
12.987449646,80.2330627441,62854,62864,10
12.9870901108,80.233291626,62864,62874,10
12.986579895,80.2332992554,62874,62884,10
12.9865102768,80.2332992554,62884,62895,11
12.9861001968,80.2335281372,62895,62905,10
12.9861297607,80.2341384888,62905,62915,10
12.9863500595,80.234916687,62915,62925,10
12.9864797592,80.2352218628,62925,62935,10
12.9865503311,80.2355270386,62935,62945,10
12.986579895,80.2361907959,62945,62955,10
12.9865999222,80.236831665,62955,62965,10
12.9866199493,80.2376174927,62965,62975,10
12.9866399765,80.2384109497,62975,62985,10
12.9865398407,80.2385025024,62985,64055,1070
12.9865398407,80.2385025024,64055,64066,11
12.986700058,80.2382507324,64066,64076,10
12.9866800308,80.2376937866,64076,64086,10
12.9866399765,80.2370223999,64086,64096,10
12.9866199493,80.2364807129,64096,64106,10
12.9865198135,80.2353591919,64106,64136,30
12.9865198135,80.2353591919,64136,64146,10
12.9863300323,80.2349472046,64146,64156,10
12.9861497879,80.234336853,64156,64166,10
12.9861097336,80.2337188721,64166,64176,10
12.9864597321,80.2333374023,64176,64187,11
12.9866695404,80.2333374023,64187,64197,10
12.9869804382,80.2333297729,64197,64207,10
12.9874095917,80.2331008911,64207,64217,10
12.9874601364,80.2325210571,64217,64227,10
12.9876203537,80.2317962646,64227,64237,10
12.9879598618,80.2309265137,64237,64247,10
12.988240242,80.2301330566,64247,64257,10
12.9884004593,80.2297592163,64257,64267,10
12.9886598587,80.229133606,64267,64277,10
12.9889202118,80.2284317017,64277,64287,10
12.9893302917,80.2281417847,64287,64297,10
12.9899902344,80.2277374268,64297,64308,11
12.9901504517,80.2276000977,64308,64318,10
12.9901504517,80.2271575928,64318,64328,10
12.9900503159,80.2265319824,64328,64338,10
12.9900503159,80.2258071899,64338,64348,10
12.9896602631,80.2250595093,64348,64358,10
12.9894695282,80.2244262695,64358,64368,10
12.9894304276,80.2237625122,64368,64378,10
12.9889698029,80.2233963013,64378,64388,10
12.9883403778,80.2233886719,64388,64419,31
12.9883403778,80.2233886719,64419,64429,10
12.9883804321,80.2232971191,64429,64439,10
12.9888496399,80.2233505249,64439,64449,10
12.9893798828,80.2236175537,64449,64459,10
12.9894695282,80.2241973877,64459,64469,10
12.9896297455,80.2249526978,64469,64479,10
12.9900398254,80.2256317139,64479,64489,10
12.9900398254,80.2262496948,64489,64499,10
12.9901399612,80.2270431519,64499,64509,10
12.9902601242,80.227897644,64509,64519,10
12.9905004501,80.228729248,64519,64529,10
12.9906902313,80.2293395996,64529,64540,11
12.9908504486,80.2301635742,64540,64550,10
12.9908704758,80.2305374146,64550,64560,10
12.9909000397,80.2311401367,64560,64570,10
12.9909801483,80.231842041,64570,64580,10
12.9909896851,80.2320632935,64580,64590,10
12.991109848,80.2326126099,64590,64600,10
12.9913301468,80.2332611084,64600,64610,10
12.9917802811,80.2336883545,64610,64620,10
12.9918003082,80.2337036133,64620,64630,10
12.9920501709,80.2337722778,64630,64640,10
12.9925699234,80.2338180542,64640,64651,11
12.9932498932,80.2340621948,64651,64661,10
12.9937496185,80.2343902588,64661,64671,10
12.9938802719,80.2344970703,64671,64681,10
12.9941997528,80.234703064,64681,64691,10
12.9948596954,80.2350692749,64691,64701,10
12.995470047,80.235458374,64701,64711,10
12.9960203171,80.2359771729,64711,64731,20
12.9960203171,80.2359771729,64731,64741,10
12.9962997437,80.2364196777,64741,64751,10
12.9966802597,80.237159729,64751,64761,10
12.9970598221,80.2378082275,64761,64772,11
12.9975500107,80.2385406494,64772,64782,10
12.9980697632,80.2389907837,64782,64792,10
12.9986600876,80.2392196655,64792,64802,10
12.9987001419,80.2392272949,64802,64812,10
12.9988603592,80.2392883301,64812,64822,10
12.9993600845,80.2394104004,64822,64832,10
13.0000696182,80.2395401001,64832,64842,10
13.0009002686,80.2396469116,64842,64852,10
13.0015201569,80.2397766113,64852,64862,10
13.0022802353,80.2400436401,64862,64872,10
13.0029296875,80.2402496338,64872,64882,10
13.0035600662,80.2406311035,64882,64893,11
13.0039196014,80.2415008545,64893,64903,10
13.0045604706,80.241897583,64903,64913,10
13.005399704,80.2418670654,64913,64923,10
13.0059700012,80.2421035767,64923,64933,10
13.0057201385,80.242401123,64933,65488,555
13.0055904388,80.2423019409,65488,65639,151
13.0056600571,80.2423324585,65639,65720,81
13.0056600571,80.2423324585,65720,65730,10
13.0056200027,80.2422027588,65730,65740,10
13.0052995682,80.2419281006,65740,65750,10
13.0047597885,80.241859436,65750,65760,10
13.0040998459,80.2417831421,65760,65770,10
13.0037698746,80.2411422729,65770,65780,10
13.0033998489,80.2404708862,65780,65790,10
13.002699852,80.2401885986,65790,65800,10
13.0024595261,80.2400817871,65800,65810,10
13.0019197464,80.2398910522,65810,65821,11
13.0011501312,80.239692688,65821,65831,10
13.0004501343,80.2395782471,65831,65841,10
12.9992198944,80.2393722534,65841,65871,30
12.9992198944,80.2393722534,65871,65881,10
12.9988098145,80.2392730713,65881,65891,10
12.9981803894,80.2390975952,65891,65901,10
12.9976797104,80.2387619019,65901,65911,10
12.9972200394,80.2381210327,65911,65921,10
12.9968395233,80.2375411987,65921,65931,10
12.9964599609,80.2368087769,65931,65942,11
12.9962701797,80.2364501953,65942,65952,10
12.9962701797,80.236366272,65952,65962,10
12.9959402084,80.2359466553,65962,65972,10
12.9953203201,80.2354202271,65972,65982,10
12.994799614,80.2351074219,65982,65992,10
12.9941101074,80.2347183228,65992,66002,10
12.9939203262,80.2345581055,66002,66012,10
12.9938697815,80.2344970703,66012,66022,10
12.9935102463,80.2342300415,66022,66032,10
12.9929599762,80.2339477539,66032,66042,10
12.9918403625,80.2337799072,66042,66063,21
12.9918403625,80.2337799072,66063,66073,10
12.9915800095,80.233833313,66073,66083,10
12.991350174,80.2333908081,66083,66093,10
12.9911603928,80.2328414917,66093,66103,10
12.9909601212,80.2321395874,66103,66113,10
12.990940094,80.2317810059,66113,66123,10
12.990940094,80.2316589355,66123,66133,10
12.9908599854,80.2311401367,66133,66143,10
12.9908399582,80.23046875,66143,66153,10
12.9907302856,80.2296066284,66153,66163,10
12.9905004501,80.2287979126,66163,66174,11
12.9903097153,80.2281265259,66174,66184,10
12.9901800156,80.2273406982,66184,66194,10
12.9900197983,80.2265319824,66194,66204,10
12.9900798798,80.2258834839,66204,66214,10
12.9896602631,80.2251281738,66214,66224,10
12.9894800186,80.2244033813,66224,66234,10
12.98939991,80.2237167358,66234,66244,10
12.9889097214,80.2234420776,66244,66254,10
12.988360405,80.2234725952,66254,66295,41
12.988360405,80.2234725952,66295,66305,10
12.9883804321,80.2233505249,66305,66315,10
12.9888801575,80.2233963013,66315,66325,10
12.9893798828,80.2236785889,66325,66335,10
12.9894504547,80.2242507935,66335,66345,10
12.9896202087,80.2249679565,66345,66355,10
12.9900503159,80.225692749,66355,66365,10
12.9900398254,80.2264633179,66365,66375,10
12.9901599884,80.2271575928,66375,66385,10
12.9899597168,80.2277374268,66385,66395,10
12.989859581,80.2277984619,66395,66405,10
12.9894504547,80.228012085,66405,66416,11
12.9888601303,80.2286376953,66416,66426,10
12.9885702133,80.2293701172,66426,66436,10
12.9882898331,80.2300720215,66436,66445,9
12.9880599976,80.2306976318,66445,66456,11
12.9877195358,80.2314910889,66456,66466,10
12.9875001907,80.2322387695,66466,66476,10
12.9874401093,80.233039856,66476,66486,10
12.9872598648,80.2333374023,66486,66496,10
12.9867095947,80.2333679199,66496,66506,10
12.9865598679,80.2333831787,66506,66516,10
12.9862098694,80.2334213257,66516,66526,10
12.9861497879,80.23412323,66526,66537,11
12.9863500595,80.2349777222,66537,66547,10
12.9864702225,80.2352676392,66547,66557,10
12.986530304,80.2355804443,66557,66568,11
12.9865503311,80.2361679077,66568,66578,10
12.986579895,80.2370910645,66578,66588,10
12.9865999222,80.23777771,66588,66598,10
12.9866504669,80.238609314,66598,66608,10
12.9865198135,80.2385482788,66608,67638,1030
12.9865198135,80.2385482788,67638,67648,10
12.9866504669,80.2384033203,67648,67658,10
12.9866504669,80.2379608154,67658,67668,10
12.9866199493,80.2373809814,67668,67678,10
12.9865903854,80.2368392944,67678,67688,10
12.9865503311,80.2362594604,67688,67699,11
12.9864797592,80.2354125977,67699,67729,30
12.9864797592,80.2354125977,67729,67739,10
12.9864597321,80.2352828979,67739,67749,10
12.9862604141,80.2348403931,67749,67759,10
12.9861297607,80.2342681885,67759,67769,10
12.9860696793,80.2337112427,67769,67779,10
12.9863796234,80.2333908081,67779,67789,10
12.9866199493,80.2333831787,67789,67799,10
12.9867696762,80.2333984375,67799,67809,10
12.9873504639,80.2333068848,67809,67819,10
12.9874200821,80.2328186035,67819,67830,11
12.9874897003,80.2321395874,67830,67840,10
12.9876804352,80.2315979004,67840,67850,10
12.987950325,80.2309494019,67850,67860,10
12.9881401062,80.2303390503,67860,67870,10
12.9883804321,80.2297592163,67870,67880,10
12.9886102676,80.2292175293,67880,67890,10
12.988820076,80.2286071777,67890,67900,10
12.9893398285,80.228187561,67900,67910,10
12.989859581,80.2278594971,67910,67920,10
12.9900798798,80.2277069092,67920,67930,10
12.9901304245,80.2272872925,67930,67941,11
12.9900102615,80.2266616821,67941,67951,10
12.9900398254,80.2261123657,67951,67961,10
12.9898395538,80.2255020142,67961,67971,10
12.989569664,80.2249221802,67971,67981,10
12.9894504547,80.224319458,67981,67991,10
12.98939991,80.2237625122,67991,68001,10
12.9889602661,80.2234420776,68001,68010,9
12.9883203506,80.2234191895,68010,68062,52
12.9883203506,80.2234191895,68062,68072,10
12.9884796143,80.2233505249,68072,68082,10
12.988940239,80.2233963013,68082,68092,10
12.9893703461,80.2237014771,68092,68102,10
12.9894399643,80.2240905762,68102,68112,10
12.9894504547,80.2243423462,68112,68122,10
12.9895401001,80.2247924805,68122,68132,10
12.9898395538,80.2253875732,68132,68142,10
12.9900798798,80.2259902954,68142,68152,10
12.9900197983,80.2266082764,68152,68162,10
12.9901895523,80.2276306152,68162,68183,21
12.9901895523,80.2276306152,68183,68193,10
12.9902200699,80.2278594971,68193,68203,10
12.9903497696,80.2283782959,68203,68213,10
12.9905195236,80.2289199829,68213,68223,10
12.9906997681,80.2295379639,68223,68233,10
12.990819931,80.2302017212,68233,68243,10
12.990819931,80.2302932739,68243,68253,10
12.9908599854,80.2307891846,68253,68263,10
12.9908800125,80.2312774658,68263,68273,10
12.990940094,80.231880188,68273,68284,11
12.990940094,80.2320709229,68284,68294,10
12.9910202026,80.2324829102,68294,68304,10
12.991230011,80.2330932617,68304,68314,10
12.9917697906,80.233757019,68314,68344,30
12.9917697906,80.233757019,68344,68354,10
12.9919395447,80.2338027954,68354,68364,10
12.9924001694,80.2338409424,68364,68374,10
12.993060112,80.2340316772,68374,68384,10
12.9934997559,80.2342681885,68384,68394,10
12.9939603806,80.2345962524,68394,68405,11
12.9946699142,80.2350234985,68405,68415,10
12.9952898026,80.2353820801,68415,68425,10
12.9959897995,80.2360229492,68425,68445,20
12.9959897995,80.2360229492,68445,68455,10
12.9960298538,80.2360305786,68455,68465,10
12.9962596893,80.2364120483,68465,68475,10
12.9965400696,80.2369766235,68475,68485,10
12.9968595505,80.2375183105,68485,68495,10
12.9971599579,80.23802948,68495,68505,10
12.9975204468,80.2385482788,68505,68515,10
12.9979696274,80.2389831543,68515,68526,11
12.9986801147,80.2392807007,68526,68546,20
12.9986801147,80.2392807007,68546,68556,10
12.998840332,80.2393417358,68556,68566,10
12.9992599487,80.239440918,68566,68576,10
12.999879837,80.2395629883,68576,68586,10
13.0005302429,80.2396316528,68586,68596,10
13.001159668,80.2397384644,68596,68606,10
13.0017595291,80.2398986816,68606,68616,10
13.0023403168,80.2400970459,68616,68626,10
13.0024795532,80.2401428223,68626,68636,10
13.0026302338,80.2402114868,68636,68647,11
13.0032396317,80.2404022217,68647,68657,10
13.0036401749,80.2409210205,68657,68667,10
13.0039396286,80.2416381836,68667,68677,10
13.0044898987,80.2419662476,68677,68687,10
13.0051002502,80.241897583,68687,68697,10
13.0057601929,80.2419204712,68697,68707,10
13.0059404373,80.2422332764,68707,68717,10
13.0057001114,80.24243927,68717,69252,535
13.0057001114,80.24243927,69252,69262,10
13.0055999756,80.2422866821,69262,69272,10
13.0054502487,80.2421264648,69272,69282,10
13.0049695969,80.2418823242,69282,69292,10
13.0041904449,80.2418670654,69292,69302,10
13.0037698746,80.2412567139,69302,69312,10
13.0033798218,80.2404632568,69312,69322,10
13.0026302338,80.2401733398,69322,69332,10
13.002579689,80.2401580811,69332,69343,11
13.002120018,80.2399902344,69343,69353,10
13.0014801025,80.2397918701,69353,69363,10
13.0008296967,80.2396469116,69363,69373,10
13.0000495911,80.2395401001,69373,69383,10
12.9991798401,80.239402771,69383,69403,20
12.9991798401,80.239402771,69403,69413,10
12.9988002777,80.2393035889,69413,69423,10
12.9982099533,80.2390975952,69423,69433,10
12.9976997375,80.2387771606,69433,69443,10
12.9972896576,80.2382125854,69443,69453,10
12.9969301224,80.237663269,69453,69464,11
12.9966201782,80.2370834351,69464,69474,10
12.9962797165,80.2364730835,69474,69484,10
12.9962596893,80.2364425659,69484,69494,10
12.9961996078,80.2362976074,69494,69504,10
12.9958696365,80.2358627319,69504,69514,10
12.995349884,80.2354278564,69514,69524,10
12.9948396683,80.2350769043,69524,69534,10
12.993929863,80.2345809937,69534,69554,20
12.993929863,80.2345809937,69554,69564,10
12.9938297272,80.2345123291,69564,69575,11
12.9934597015,80.2342071533,69575,69585,10
12.992939949,80.2339401245,69585,69595,10
12.9923200607,80.2338180542,69595,69605,10
12.9918498993,80.2337799072,69605,69615,10
12.9918003082,80.2337875366,69615,69625,10
12.9917201996,80.2338180542,69625,69635,10
12.9913797379,80.2336883545,69635,69645,10
12.9912395477,80.2331390381,69645,69655,10
12.9910402298,80.2325820923,69655,69665,10
12.9909200668,80.2319793701,69665,69675,10
12.9909095764,80.2318191528,69675,69685,10
12.9908704758,80.2314300537,69685,69696,11
12.990819931,80.2307891846,69696,69706,10
12.9907798767,80.2301712036,69706,69716,10
12.9907903671,80.2301177979,69716,69726,10
12.9907398224,80.2297134399,69726,69736,10
12.9905700684,80.2291564941,69736,69746,10
12.9904098511,80.2286376953,69746,69756,10
12.9902200699,80.2279815674,69756,69766,10
12.9901304245,80.2272720337,69766,69776,10
12.9900102615,80.2265701294,69776,69786,10
12.9900798798,80.225982666,69786,69796,10
12.9898099899,80.2254104614,69796,69806,10
12.9895200729,80.2247085571,69806,69817,11
12.9894399643,80.2240371704,69817,69827,10
12.9892301559,80.2235412598,69827,69837,10
12.988650322,80.2233810425,69837,69847,10
12.9882898331,80.2233963013,69847,69877,30
12.9882898331,80.2233963013,69877,69886,9
12.9884500504,80.2233505249,69886,69897,11
12.9885597229,80.2233581543,69897,69907,10
12.989159584,80.2234802246,69907,69917,10
12.9894304276,80.2239532471,69917,69928,11
12.9894800186,80.2246170044,69928,69938,10
12.9897003174,80.2252426147,69938,69948,10
12.9900503159,80.2258682251,69948,69958,10
12.989979744,80.2264862061,69958,69968,10
12.9901103973,80.2271194458,69968,69978,10
12.9900398254,80.2276992798,69978,69988,10
12.9899396896,80.2277603149,69988,69998,10
12.9896602631,80.2279281616,69998,70008,10
12.9891500473,80.2282028198,70008,70018,10
12.9887695313,80.2287826538,70018,70028,10
12.9884996414,80.2294464111,70028,70038,10
12.9882802963,80.2300491333,70038,70049,11
12.9881801605,80.2303237915,70049,70059,10
12.9879302979,80.2309188843,70059,70069,10
12.9876298904,80.2316970825,70069,70079,10
12.987449646,80.2325286865,70079,70089,10
12.9874296188,80.2332000732,70089,70099,10
12.9870796204,80.2333526611,70099,70109,10
12.9866104126,80.2333679199,70109,70119,10
12.9865598679,80.2333679199,70119,70129,10
12.9865102768,80.2333831787,70129,70139,10
12.9861097336,80.2334899902,70139,70148,9
12.9860801697,80.2339096069,70148,70160,12
12.9861602783,80.234588623,70160,70170,10
12.986410141,80.2351913452,70170,70180,10
12.9864301682,80.2352371216,70180,70190,10
12.9864902496,80.2354431152,70190,70200,10
12.986530304,80.2359771729,70200,70210,10
12.9865598679,80.2366409302,70210,70220,10
12.9865598679,80.2370834351,70220,70229,9
12.986579895,80.237701416,70229,70240,11
12.9866104126,80.2384262085,70240,70250,10
12.9864997864,80.2385482788,70250,71380,1130
12.9864997864,80.2385482788,71380,71390,10
12.9866104126,80.2381286621,71390,71400,10
12.986579895,80.2375030518,71400,71410,10
12.9865598679,80.2369003296,71410,71420,10
12.9865398407,80.2363128662,71420,71430,10
12.9864702225,80.2353820801,71430,71451,21
12.9864702225,80.2353820801,71451,71461,10
12.9863901138,80.2351837158,71461,71471,10
12.9861602783,80.2346572876,71471,71481,10
12.9860801697,80.2340164185,71481,71491,10
12.9860897064,80.2334976196,71491,71501,10
12.9866304398,80.2333679199,71501,71521,20
12.9866304398,80.2333679199,71521,71531,10
12.9869604111,80.2333374023,71531,71541,10
12.9873600006,80.2331237793,71541,71551,10
12.9874095917,80.2326202393,71551,71562,11
12.9875802994,80.2318572998,71562,71572,10
12.9878101349,80.2312393188,71572,71582,10
12.9880399704,80.2306213379,71582,71592,10
12.9882698059,80.2300109863,71592,71602,10
12.9884796143,80.2295227051,71602,71612,10
12.9887304306,80.2288208008,71612,71622,10
12.9891004562,80.2282409668,71622,71632,10
12.989689827,80.2279205322,71632,71642,10
12.9900503159,80.2276535034,71642,71652,10
12.9901304245,80.2275390625,71652,71662,10
12.9900798798,80.2271194458,71662,71672,10
12.9899902344,80.2265167236,71672,71683,11
12.9900302887,80.2258071899,71683,71693,10
12.9896402359,80.2251434326,71693,71703,10
12.9894800186,80.2245178223,71703,71713,10
12.9894504547,80.2238922119,71713,71723,10
12.9891004562,80.2234268188,71723,71733,10
12.9883203506,80.223449707,71733,71783,50
12.9883203506,80.223449707,71783,71794,11
12.9884796143,80.2233581543,71794,71804,10
12.9889698029,80.2234115601,71804,71814,10
12.9893598557,80.2237167358,71814,71824,10
12.98939991,80.2241210938,71824,71834,10
12.9895401001,80.224899292,71834,71844,10
12.9898796082,80.2254867554,71844,71854,10
12.9900398254,80.2260131836,71854,71864,10
12.9900197983,80.2267074585,71864,71874,10
12.9901199341,80.2273712158,71874,71884,10
12.9901599884,80.2276687622,71884,71894,10
12.990240097,80.2281417847,71894,71904,10
12.9904499054,80.2287979126,71904,71915,11
12.9906396866,80.2294387817,71915,71925,10
12.99077034,80.2301864624,71925,71935,10
12.990819931,80.2309188843,71935,71945,10
12.9908704758,80.2314605713,71945,71955,10
12.9909095764,80.2320632935,71955,71965,10
12.9909095764,80.232093811,71965,71975,10
12.990940094,80.2322769165,71975,71985,10
12.991109848,80.2328109741,71985,71995,10
12.9912996292,80.2333374023,71995,72005,10
12.9917497635,80.2337188721,72005,72026,21
12.9917497635,80.2337188721,72026,72036,10
12.9918699265,80.2337493896,72036,72046,10
12.9922704697,80.2337493896,72046,72056,10
12.9928798676,80.2339019775,72056,72066,10
12.9933700562,80.2341384888,72066,72076,10
12.9937696457,80.2344207764,72076,72086,10
12.9938201904,80.2344665527,72086,72096,10
12.994020462,80.2346420288,72096,72105,9
12.9944601059,80.2348709106,72105,72116,11
12.9951295853,80.2352523804,72116,72126,10
12.9956598282,80.2356567383,72126,72136,10
12.9959497452,80.2359466553,72136,72147,11
12.9961900711,80.2362976074,72147,72157,10
12.9965496063,80.2370071411,72157,72167,10
12.9969396591,80.2377090454,72167,72177,10
12.997300148,80.2382583618,72177,72187,10
12.9977903366,80.2388534546,72187,72197,10
12.99862957,80.2392196655,72197,72217,20
12.99862957,80.2392196655,72217,72227,10
12.9989500046,80.2393417358,72227,72237,10
12.999420166,80.2394485474,72237,72247,10
13.0001096725,80.2395401001,72247,72257,10
13.0008602142,80.2396469116,72257,72268,11
13.0015201569,80.2397766113,72268,72278,10
13.0022001266,80.2399902344,72278,72288,10
13.0024299622,80.2400817871,72288,72298,10
13.0024795532,80.2401123047,72298,72308,10
13.0029096603,80.2402496338,72308,72318,10
13.0034704208,80.2405471802,72318,72328,10
13.0037202835,80.2411422729,72328,72338,10
13.0041999817,80.241859436,72338,72347,9
13.0048799515,80.241859436,72347,72358,11
13.0055198669,80.241859436,72358,72368,10
13.0059099197,80.2421722412,72368,72378,10
13.0056800842,80.2424087524,72378,72903,525
13.0056800842,80.2424087524,72903,72913,10
13.0055999756,80.2423171997,72913,72923,10
13.0052900314,80.2419662476,72923,72933,10
13.0047397614,80.2418670654,72933,72943,10
13.0040597916,80.2418136597,72943,72953,10
13.0038404465,80.2414932251,72953,72963,10
13.0035896301,80.2408676147,72963,72974,11
13.0031404495,80.2403411865,72974,72984,10
13.0024595261,80.2401275635,72984,72994,10
13.0019397736,80.2399368286,72994,73004,10
13.0012397766,80.2397232056,73004,73014,10
13.0006504059,80.2396087646,73014,73024,10
13.0001802444,80.2395324707,73024,73034,10
12.9991397858,80.2393493652,73034,73054,20
12.9991397858,80.2393493652,73054,73064,10
12.9990797043,80.2393417358,73064,73074,10
12.9986801147,80.2392425537,73074,73085,11
12.9980802536,80.2390289307,73085,73095,10
12.9976396561,80.2386779785,73095,73105,10
12.9973602295,80.2383117676,73105,73115,10
12.997010231,80.23777771,73115,73125,10
12.9967002869,80.2372589111,73125,73135,10
12.996339798,80.2366027832,73135,73145,10
12.996219635,80.2364196777,73145,73155,10
12.9961004257,80.2362136841,73155,73165,10
12.9957199097,80.2357177734,73165,73175,10
12.9952096939,80.2352981567,73175,73185,10
12.9947395325,80.2350234985,73185,73195,10
12.9941797256,80.2347106934,73195,73206,11
12.9938898087,80.2345199585,73206,73216,10
12.9937696457,80.2343902588,73216,73226,10
12.9934301376,80.2341384888,73226,73236,10
12.9930000305,80.2339172363,73236,73246,10
12.9923801422,80.2338027954,73246,73256,10
12.9917898178,80.2337417603,73256,73276,20
12.9917898178,80.2337417603,73276,73286,10
12.9914302826,80.233757019,73286,73296,10
12.9912700653,80.2332763672,73296,73306,10
12.9911003113,80.2327575684,73306,73316,10
12.9909200668,80.232093811,73316,73327,11
12.9908599854,80.2312393188,73327,73337,10
12.990819931,80.2305908203,73337,73347,10
12.9907503128,80.229850769,73347,73357,10
12.9905700684,80.2292022705,73357,73367,10
12.9904003143,80.2286376953,73367,73377,10
12.9901504517,80.2276611328,73377,73548,171
12.9901504517,80.2276611328,73548,73559,11
12.9900798798,80.2272872925,73559,73569,10
12.989979744,80.2266998291,73569,73579,10
12.9900302887,80.2260665894,73579,73589,10
12.9898099899,80.2254104614,73589,73599,10
12.9895296097,80.2248001099,73599,73609,10
12.9894304276,80.223991394,73609,73619,10
12.9892301559,80.2235107422,73619,73628,9
12.9886798859,80.2233505249,73628,73639,11
12.9882802963,80.2233810425,73639,73670,31
12.9882802963,80.2233810425,73670,73680,10
12.9886102676,80.2233200073,73680,73690,10
12.9886102676,80.2233200073,73690,73700,10
12.9891004562,80.2234191895,73700,73710,10
12.98939991,80.2238693237,73710,73720,10
12.9894304276,80.2244567871,73720,73730,10
12.9896202087,80.225112915,73730,73740,10
12.9900302887,80.2257766724,73740,73750,10
12.989979744,80.2265319824,73750,73763,13
12.9900999069,80.2273864746,73763,73773,10
12.9898500443,80.227722168,73773,73783,10
12.989689827,80.2278366089,73783,73794,11
12.9891300201,80.2281570435,73794,73804,10
12.9887800217,80.2286300659,73804,73814,10
12.988530159,80.2292785645,73814,73824,10
12.9883098602,80.229850769,73824,73834,10
12.9882001877,80.2301025391,73834,73844,10
12.9879999161,80.2306289673,73844,73852,8
12.9877796173,80.2311706543,73852,73864,12
12.9875202179,80.2318878174,73864,73874,10
12.9873695374,80.2328186035,73874,73884,10
12.987279892,80.2332763672,73884,73894,10
12.9867696762,80.2333221436,73894,73904,10
12.9864902496,80.2333297729,73904,73915,11
12.9861898422,80.2333602905,73915,73925,10
12.9861001968,80.2344207764,73925,73935,10
12.9861001968,80.2344207764,73935,73945,10
12.9864196777,80.2352371216,73945,73965,20
12.9864196777,80.2352371216,73965,73975,10
12.9864797592,80.2355728149,73975,73985,10
12.9864997864,80.2361526489,73985,73995,10
12.9865198135,80.2368392944,73995,74005,10
12.9865503311,80.2374267578,74005,74015,10
12.9865703583,80.2381362915,74015,74025,10
12.9864902496,80.2385177612,74025,75064,1039
12.9864902496,80.2385177612,75064,75075,11
12.9865999222,80.2380981445,75075,75085,10
12.986579895,80.2375793457,75085,75095,10
12.9865503311,80.2369766235,75095,75105,10
12.9865198135,80.2364273071,75105,75115,10
12.9864397049,80.2353820801,75115,75135,20
12.9864397049,80.2353820801,75135,75145,10
12.9863595963,80.2351837158,75145,75155,10
12.9861402512,80.2346801758,75155,75165,10
12.9860401154,80.234046936,75165,75175,10
12.9860496521,80.2334671021,75175,75185,10
12.9865903854,80.2333679199,75185,75196,11
12.9872398376,80.2333221436,75196,75206,10
12.9873800278,80.2328109741,75206,75216,10
12.9874801636,80.2321014404,75216,75226,10
12.987739563,80.2313766479,75226,75236,10
12.9880399704,80.2306365967,75236,75246,10
12.9882297516,80.2301101685,75246,75256,10
12.9882497787,80.2300567627,75256,75266,10
12.9884195328,80.2296218872,75266,75276,10
12.9886703491,80.229019165,75276,75286,10
12.9889602661,80.2283782959,75286,75296,10
12.9895801544,80.2280197144,75296,75307,11
12.9900798798,80.2276763916,75307,75317,10
12.9900798798,80.2276611328,75317,75327,10
12.9901199341,80.2274017334,75327,75337,10
12.9900302887,80.226852417,75337,75347,10
12.9899997711,80.2262573242,75347,75357,10
12.9899196625,80.2256011963,75357,75367,10
12.989569664,80.2250289917,75367,75377,10
12.9894399643,80.2244033813,75377,75387,10
12.98939991,80.2237930298,75387,75397,10
12.9890499115,80.2234420776,75397,75407,10
12.9884901047,80.2233963013,75407,75417,10
12.9882802963,80.2234191895,75417,75428,11
12.9882802963,80.2234115601,75428,75438,10
12.9883003235,80.2233428955,75438,75448,10
12.9886398315,80.2233505249,75448,75458,10
12.9891300201,80.223449707,75458,75468,10
12.9894104004,80.2238998413,75468,75478,10
12.9894399643,80.2244796753,75478,75488,10
12.9896097183,80.2250900269,75488,75498,10
12.9899902344,80.225692749,75498,75507,9
12.9899702072,80.2262802124,75507,75518,11
12.9900197983,80.2267913818,75518,75528,10
12.9901304245,80.2276000977,75528,75538,10
12.9903001785,80.2284011841,75538,75549,11
12.990480423,80.2289962769,75549,75559,10
12.9906396866,80.2294921875,75559,75568,9
12.99077034,80.2302017212,75568,75579,11
12.9907798767,80.2305221558,75579,75589,10
12.990819931,80.2311172485,75589,75599,10
12.9908800125,80.2317123413,75599,75609,10
12.9909496307,80.232383728,75609,75619,10
12.9911203384,80.2330093384,75619,75629,10
12.9917201996,80.233757019,75629,75649,20
12.9917201996,80.233757019,75649,75660,11
12.992099762,80.2338180542,75660,75670,10
12.9926900864,80.2339019775,75670,75680,10
12.993229866,80.2341003418,75680,75690,10
12.9933996201,80.2342224121,75690,75700,10
12.9937696457,80.2344894409,75700,75710,10
12.9940004349,80.2346572876,75710,75720,10
12.9945297241,80.2349777222,75720,75730,10
12.9951200485,80.2353210449,75730,75740,10
12.9955396652,80.2356109619,75740,75749,9
12.9959096909,80.2359771729,75749,75760,11
12.9959802628,80.236038208,75760,75770,10
12.9963302612,80.2366104126,75770,75781,11
12.9966802597,80.2372894287,75781,75791,10
12.997010231,80.2378463745,75791,75801,10
12.9973802567,80.2384414673,75801,75811,10
12.9978103638,80.238899231,75811,75821,10
12.9983701706,80.2391815186,75821,75831,10
12.9986600876,80.2392730713,75831,75841,10
12.9988698959,80.2393417358,75841,75851,10
12.9993801117,80.2394714355,75851,75861,10
12.9999303818,80.2395629883,75861,75871,10
13.0008001328,80.2396697998,75871,75881,10
13.0013999939,80.2397994995,75881,75891,10
13.0020599365,80.240020752,75891,75902,11
13.0026502609,80.2402114868,75902,75912,10
13.0032997131,80.2404174805,75912,75922,10
13.003660202,80.2410430908,75922,75932,10
13.0039701462,80.2417297363,75932,75942,10
13.0046396255,80.2419433594,75942,75952,10
13.0053701401,80.2419204712,75952,75962,10
13.0059099197,80.2420425415,75962,75972,10
13.0058603287,80.2424087524,75972,75982,10
13.0056295395,80.2423934937,75982,76476,494
13.0056295395,80.2423934937,76476,76487,11
13.0054597855,80.2421722412,76487,76497,10
13.0051202774,80.2418670654,76497,76507,10
13.0044898987,80.241897583,76507,76517,10
13.0038795471,80.2416610718,76517,76527,10
13.0036096573,80.2409591675,76527,76537,10
13.0031795502,80.2403793335,76537,76547,10
13.0024900436,80.2401275635,76547,76557,10
13.0022802353,80.2400588989,76557,76567,10
13.0016899109,80.2398605347,76567,76577,10
13.0010004044,80.2397003174,76577,76587,10
13.0003995895,80.2396087646,76587,76598,11
12.9994697571,80.2394866943,76598,76608,10
12.9991703033,80.2394104004,76608,76618,10
12.9990501404,80.2393722534,76618,76628,10
12.9986095428,80.2392501831,76628,76638,10
12.9980297089,80.2390289307,76638,76648,10
12.997590065,80.2386932373,76648,76658,10
12.9972000122,80.2381362915,76658,76668,10
12.9968795776,80.2376403809,76668,76678,10
12.9965896606,80.2370986938,76678,76688,10
12.9962701797,80.2365036011,76688,76698,10
12.9962100983,80.2363891602,76698,76708,10
12.9959497452,80.236076355,76708,76719,11
12.9955301285,80.2355804443,76719,76729,10
12.9950799942,80.2352828979,76729,76739,10
12.994600296,80.2350234985,76739,76749,10
12.9940395355,80.2346420288,76749,76759,10
12.9935503006,80.2342834473,76759,76769,10
12.993060112,80.2340164185,76769,76779,10
12.9925003052,80.2338485718,76779,76789,10
12.9919395447,80.2338027954,76789,76799,10
12.9917697906,80.2338104248,76799,76809,10
12.9916496277,80.2338104248,76809,76819,10
12.9913196564,80.2337036133,76819,76829,10
12.9912004471,80.2331619263,76829,76840,11
12.9910097122,80.2326126099,76840,76850,10
12.9909095764,80.2320022583,76850,76860,10
12.9909200668,80.2317581177,76860,76870,10
12.9908599854,80.2312774658,76870,76880,10
12.9907999039,80.23072052,76880,76890,10
12.9907598495,80.2301177979,76890,76900,10
12.9907598495,80.2300567627,76900,76910,10
12.9906702042,80.2296066284,76910,76920,10
12.9904899597,80.2289962769,76920,76930,10
12.9903402328,80.2285232544,76930,76940,10
12.9901895523,80.2279586792,76940,76950,10
12.9901103973,80.2273406982,76950,76961,11
12.9899702072,80.2266616821,76961,76971,10
12.9900197983,80.2260971069,76971,76981,10
12.9898099899,80.225479126,76981,76991,10
12.9895200729,80.224861145,76991,77001,10
12.9894104004,80.2242889404,77001,77011,10
12.9893798828,80.2237319946,77011,77021,10
12.9889802933,80.2233963013,77021,77031,10
12.9884901047,80.2233810425,77031,77041,10
12.9882802963,80.2233963013,77041,77061,20
12.9882802963,80.2233963013,77061,77072,11
12.9884595871,80.2233123779,77072,77082,10
12.9890098572,80.2233810425,77082,77092,10
12.9893798828,80.2237625122,77092,77102,10
12.9893798828,80.2243423462,77102,77112,10
12.9895601273,80.2250289917,77112,77122,10
12.9899597168,80.2256469727,77122,77132,10
12.9899597168,80.2262573242,77132,77142,10
12.9900398254,80.2268829346,77142,77152,10
12.9900598526,80.2275695801,77152,77162,10
12.9896802902,80.2278900146,77162,77172,10
12.9890699387,80.2282409668,77172,77182,10
12.9887399673,80.2288665771,77182,77193,11
12.9883899689,80.2296218872,77193,77203,10
12.9882497787,80.2300033569,77203,77213,10
12.9881401062,80.2303390503,77213,77223,10
12.987859726,80.2309417725,77223,77233,10
12.9875802994,80.2316513062,77233,77243,10
12.9874200821,80.2323913574,77243,77253,10
12.9873895645,80.2330474854,77253,77263,10
12.9870595932,80.233291626,77263,77273,10
12.986530304,80.2333297729,77273,77283,10
12.9864702225,80.2333374023,77283,77293,10
12.9860801697,80.2334365845,77293,77304,11
12.9860200882,80.2340011597,77304,77314,10
12.9863996506,80.2352371216,77314,77334,20
12.9863996506,80.2352371216,77334,77344,10
12.9864797592,80.2356719971,77344,77354,10
12.9864902496,80.2362976074,77354,77364,10
12.9865198135,80.2369766235,77364,77374,10
12.9865398407,80.2374572754,77374,77384,10
12.9865598679,80.2384033203,77384,77394,10
12.9864397049,80.23853302,77394,77414,20
12.9864397049,80.23853302,77414,77424,10
12.9865903854,80.23828125,77424,77435,11
12.9865703583,80.237663269,77435,77445,10
12.9865503311,80.2369766235,77445,77455,10
12.9865198135,80.2363891602,77455,77465,10
12.9864902496,80.2357330322,77465,77475,10
12.9863700867,80.2351531982,77475,77485,10
12.9861001968,80.2344207764,77485,77495,10
12.9860296249,80.2339172363,77495,77505,10
12.9861297607,80.2333602905,77505,77515,10
12.9866895676,80.2332992554,77515,77525,10
12.9872903824,80.2332382202,77525,77535,10
12.9873695374,80.2326889038,77535,77546,11
12.9874897003,80.231918335,77546,77556,10
12.9877996445,80.2311706543,77556,77566,10
12.9881000519,80.230430603,77566,77576,10
12.9883298874,80.2298126221,77576,77586,10
12.9885196686,80.2292404175,77586,77596,10
12.988820076,80.2284698486,77596,77606,10
12.9893598557,80.2280578613,77606,77616,10
12.9898900986,80.227722168,77616,77626,10
12.9900798798,80.2272415161,77626,77636,10
12.989979744,80.2265014648,77636,77646,10
12.9900197983,80.2259216309,77646,77656,10
12.9897403717,80.2252883911,77656,77667,11
12.9894695282,80.2244873047,77667,77677,10
12.9894304276,80.2237930298,77677,77687,10
12.9891004562,80.2233276367,77687,77697,10
12.9885396957,80.2232971191,77697,77707,10
12.9881296158,80.2236633301,77707,83733,6026
12.9882698059,80.2237167358,83733,84166,433
12.9881696701,80.2236862183,84166,85246,1080
12.9881801605,80.2237319946,85246,85659,413
