12.9981899261,80.2562179565,20,2352,2332
12.9981603622,80.2561569214,2352,2655,303
12.9981603622,80.2561035156,2655,8650,5995
12.9981603622,80.2560882568,8650,17868,9218
12.9981899261,80.2561721802,17868,18062,194
12.9981899261,80.2561721802,18062,18070,8
12.9985303879,80.2564163208,18070,18092,22
12.9985303879,80.2564163208,18092,18102,10
12.9983100891,80.2562866211,18102,18112,10
12.9981403351,80.2561721802,18112,18223,111
12.9981803894,80.2561798096,18223,18314,91
12.9981803894,80.2561798096,18314,18324,10
12.9982700348,80.2562179565,18324,18395,71
12.9982204437,80.2561569214,18395,18657,262
12.9983196259,80.2561035156,18657,19517,860
12.9983196259,80.2561035156,19517,19526,9
12.9981098175,80.2563705444,19526,19537,11
12.9977703094,80.2563171387,19537,19546,9
12.997710228,80.2561035156,19546,19557,11
12.9976797104,80.2560119629,19557,19567,10
12.9975004196,80.2559280396,19567,19577,10
12.997179985,80.2559204102,19577,19587,10
12.9969396591,80.2559967041,19587,19597,10
12.9969100952,80.2564086914,19597,19607,10
12.9968595505,80.2569732666,19607,19617,10
12.9968004227,80.257598877,19617,19628,11
12.9967403412,80.2583694458,19628,19638,10
12.9966602325,80.259147644,19638,19648,10
12.9965801239,80.2599334717,19648,19658,10
12.996509552,80.2605895996,19658,19668,10
12.9964399338,80.2613067627,19668,19678,10
12.996339798,80.2622299194,19678,19688,10
12.996339798,80.2622299194,19688,19698,10
12.9962902069,80.2626495361,19698,19708,10
12.9962396622,80.2630996704,19708,19718,10
12.9961900711,80.2635421753,19718,19728,10
12.9961099625,80.2641525269,19728,19739,11
12.9960203171,80.2649002075,19739,19749,10
12.995929718,80.2657165527,19749,19760,11
12.9958400726,80.2666320801,19760,19770,10
12.9957704544,80.2673416138,19770,19776,6
12.9957704544,80.2676467896,19776,19790,14
12.9964704514,80.2677764893,19790,19810,20
12.9979295731,80.2674636841,19810,19820,10
12.9986600876,80.267250061,19820,19830,10
12.9992599487,80.2670669556,19830,19840,10
12.9998397827,80.2668685913,19840,19850,10
13.0001497269,80.2665481567,19850,19861,11
13.0003404617,80.2665176392,19861,20360,499
13.0003404617,80.2665176392,20360,20370,10
13.0001296997,80.2669219971,20370,20380,10
12.9997301102,80.266998291,20380,20391,11
12.9991703033,80.2671508789,20391,20401,10
12.9985198975,80.2673416138,20401,20411,10
12.9978904724,80.2675170898,20411,20421,10
12.9972801208,80.2677001953,20421,20431,10
12.9966402054,80.2678070068,20431,20441,10
12.9959697723,80.2677764893,20441,20451,10
12.9956502914,80.2674179077,20451,20522,71
12.9956502914,80.2674179077,20522,20532,10
12.9956903458,80.2672195435,20532,20542,10
12.9957399368,80.2667770386,20542,20552,10
12.9958200455,80.2661437988,20552,20562,10
12.9959001541,80.2654800415,20562,20572,10
12.9959697723,80.2647399902,20572,20582,10
12.9960603714,80.2640609741,20582,20592,10
12.9961395264,80.2633209229,20592,20602,10
12.9961795807,80.2628707886,20602,20612,10
12.996219635,80.2623901367,20612,20633,21
12.996219635,80.2623901367,20633,20643,10
12.9962396622,80.2621383667,20643,20653,10
12.9962997437,80.2617263794,20653,20669,16
12.9964199066,80.2607192993,20669,20681,12
12.9965200424,80.2597808838,20681,20691,10
12.9965896606,80.2590789795,20691,20701,10
12.9967002869,80.2579803467,20701,20711,10
12.9968004227,80.2570724487,20711,20721,10
12.9968595505,80.2563171387,20721,20731,10
12.996919632,80.2558898926,20731,20742,11
12.9972496033,80.2558288574,20742,20752,10
12.9975996017,80.2558364868,20752,20761,9
12.9979400635,80.2558822632,20761,20771,10
12.9985303879,80.2559280396,20771,20782,11
12.9988698959,80.2559585571,20782,20812,30
12.9988698959,80.2559585571,20812,20822,10
12.9991598129,80.2560424805,20822,20832,10
12.99958992,80.2561416626,20832,20843,11
13.0002803802,80.2562637329,20843,20853,10
13.0010004044,80.2563476563,20853,20863,10
13.0017900467,80.256477356,20863,20873,10
13.0025997162,80.2566070557,20873,20883,10
13.0033197403,80.2567825317,20883,20893,10
13.0040197372,80.2569198608,20893,20903,10
13.00481987,80.2570724487,20903,20913,10
13.0055799484,80.2572174072,20913,20923,10
13.0062999725,80.2573318481,20923,20933,10
13.0065698624,80.2573318481,20933,20943,10
13.0065803528,80.2569503784,20943,20954,11
13.0065402985,80.2563400269,20954,20964,10
13.0065002441,80.2556610107,20964,20974,10
13.0065202713,80.2548294067,20974,20984,10
13.006480217,80.2539291382,20984,20994,10
13.0064697266,80.2533111572,20994,21004,10
13.0064697266,80.2532806396,21004,21014,10
13.0064897537,80.2531967163,21014,21024,10
13.0065002441,80.252822876,21024,21034,10
13.0065803528,80.2521972656,21034,21044,10
13.0067195892,80.2515029907,21044,21054,10
13.0067396164,80.2506637573,21054,21065,11
13.0067300797,80.2494888306,21065,21075,10
13.0066795349,80.2484207153,21075,21085,10
13.0066299438,80.2475891113,21085,21095,10
13.0066299438,80.2470474243,21095,21105,10
13.0065698624,80.24659729,21105,21115,10
13.0066099167,80.2464370728,21115,21125,10
13.0066299438,80.2460327148,21125,21135,10
13.0066204071,80.2453384399,21135,21145,10
13.0066299438,80.2445373535,21145,21155,10
13.0066003799,80.2437210083,21155,21166,11
13.0065803528,80.2428131104,21166,21176,10
13.0065603256,80.241859436,21176,21186,10
13.0066204071,80.2409362793,21186,21196,10
13.0068101883,80.2400817871,21196,21205,9
13.0069503784,80.2392883301,21205,21216,11
13.0071601868,80.238243103,21216,21226,10
13.0073604584,80.2373199463,21226,21236,10
13.0074195862,80.2367172241,21236,21246,10
13.0075702667,80.2362594604,21246,21256,10
13.0077295303,80.2355575562,21256,21266,10
13.0078897476,80.2347869873,21266,21277,11
13.0080900192,80.2337417603,21277,21287,10
13.0082998276,80.2326812744,21287,21297,10
13.0085000992,80.231628418,21297,21307,10
13.0087099075,80.2305908203,21307,21317,10
13.0089197159,80.2295303345,21317,21327,10
13.0091199875,80.2285308838,21327,21336,9
13.0093898773,80.2277526855,21336,21347,11
13.0098104477,80.2268218994,21347,21357,10
13.010219574,80.225982666,21357,21367,10
13.0106096268,80.2251663208,21367,21378,11
13.0109796524,80.2242889404,21378,21388,10
13.0112895966,80.2235031128,21388,21398,10
13.011349678,80.2232437134,21398,21408,10
13.0114402771,80.2230224609,21408,21418,10
13.0116596222,80.2224884033,21418,21428,10
13.0119199753,80.2217407227,21428,21438,10
13.012260437,80.221321106,21438,21448,10
13.0124998093,80.2216720581,21448,21458,10
13.0128297806,80.2222976685,21458,21468,10
13.0134096146,80.22290802,21468,21478,10
13.0140199661,80.2235870361,21478,21489,11
13.014169693,80.2242736816,21489,21499,10
13.0148296356,80.2246704102,21499,21509,10
13.0150098801,80.2247467041,21509,21519,10
13.0153598785,80.224937439,21519,21529,10
13.0155000687,80.2249679565,21529,21539,10
13.015709877,80.2250213623,21539,21549,10
13.0161399841,80.2252426147,21549,21559,10
13.0167398453,80.2252120972,21559,21569,10
13.0174798965,80.224899292,21569,21579,10
13.0183401108,80.2245483398,21579,21596,17
13.0192699432,80.2242507935,21596,21618,22
13.0192699432,80.2242507935,21618,21627,9
13.0195398331,80.2243728638,21627,21637,10
13.0197200775,80.2244873047,21637,21647,10
13.0198001862,80.2245635986,21647,21658,11
13.0202798843,80.2249221802,21658,21668,10
13.020819664,80.2253189087,21668,21678,10
13.0215797424,80.2258834839,21678,21688,10
13.0222902298,80.2264404297,21688,21698,10
13.0229997635,80.2270736694,21698,21709,11
13.0237197876,80.227722168,21709,21719,10
13.024310112,80.2283935547,21719,21728,9
13.0247602463,80.229019165,21728,21739,11
13.0250997543,80.2294616699,21739,21749,10
13.0253400803,80.2297592163,21749,21759,10
13.025560379,80.2300872803,21759,21769,10
13.0258598328,80.2306900024,21769,21779,10
13.0260696411,80.2312774658,21779,21789,10
13.0265398026,80.231262207,21789,21799,10
13.0272903442,80.2310562134,21799,21810,11
13.0280895233,80.2309494019,21810,21820,10
13.0285196304,80.2308807373,21820,21830,10
13.0285396576,80.2308807373,21830,21840,10
13.0288801193,80.2308502197,21840,21850,10
13.0293302536,80.2308273315,21850,21860,10
13.029800415,80.2307815552,21860,21870,10
13.0303697586,80.2307128906,21870,21880,10
13.0306596756,80.2306594849,21880,21890,10
13.030670166,80.2304382324,21890,21900,10
13.0305995941,80.2301025391,21900,21910,10
13.0303297043,80.2294006348,21910,21921,11
13.03028965,80.2288513184,21921,21931,10
13.0303497314,80.2283782959,21931,21941,10
13.0303497314,80.2283401489,21941,21951,10
13.0303602219,80.2280502319,21951,21961,10
13.0304203033,80.2276687622,21961,21971,10
13.0302000046,80.2274627686,21971,21981,10
13.0295801163,80.2273483276,21981,21991,10
13.0288801193,80.2272415161,21991,22001,10
13.0284500122,80.2271728516,22001,22011,10
13.0283603668,80.2271575928,22011,22021,10
13.0280303955,80.2270812988,22021,22032,11
13.0278596878,80.2268218994,22032,22042,10
13.0279998779,80.2262802124,22042,22052,10
13.0281400681,80.2256393433,22052,22062,10
13.0282897949,80.224861145,22062,22072,10
13.0284700394,80.2241287231,22072,22082,10
13.0286598206,80.2239837646,22082,22092,10
13.0286998749,80.2239837646,22092,22102,10
13.0289402008,80.2240829468,22102,22112,10
13.0292797089,80.2242507935,22112,22122,10
13.0298900604,80.2242584229,22122,22132,10
13.0306301117,80.2242736816,22132,22143,11
13.031129837,80.2241821289,22143,22153,10
13.0311403275,80.2240982056,22153,22163,10
13.0311403275,80.2239379883,22163,22173,10
13.0311498642,80.223487854,22173,22189,16
13.0312204361,80.2230987549,22189,22201,12
13.0313997269,80.2225723267,22201,22209,8
13.0316400528,80.2221603394,22209,22219,10
13.0319004059,80.2215805054,22219,22231,12
13.032119751,80.2207183838,22231,22241,10
13.0321798325,80.2200012207,22241,22251,10
13.0321798325,80.2198410034,22251,22261,10
13.0321998596,80.2197875977,22261,22272,11
13.0321998596,80.2193908691,22272,22282,10
13.0321998596,80.2187805176,22282,22292,10
13.031920433,80.2184371948,22292,22301,9
13.0314998627,80.2182235718,22301,22312,11
13.0314598083,80.217590332,22312,22322,10
13.0313901901,80.2171173096,22322,22332,10
13.0312700272,80.2169799805,22332,22342,10
13.0309200287,80.2169570923,22342,22353,11
13.0304403305,80.2168121338,22353,22362,9
13.0304403305,80.2166595459,22362,22373,11
13.0304098129,80.2163696289,22373,22383,10
13.0304298401,80.2160415649,22383,22393,10
13.030380249,80.2155303955,22393,22403,10
13.0303602219,80.2150497437,22403,22413,10
13.030380249,80.2144088745,22413,22423,10
13.0304498672,80.2137985229,22423,22433,10
13.0304899216,80.2135391235,22433,22443,10
13.0305500031,80.2132720947,22443,22453,10
13.0306301117,80.2127532959,22453,22464,11
13.0307397842,80.2119598389,22464,22473,9
13.0307798386,80.2116012573,22473,22484,11
13.03083992,80.2112426758,22484,22494,10
13.0308704376,80.2109909058,22494,22504,10
13.0309295654,80.2106170654,22504,22514,10
13.0309801102,80.2101898193,22514,22524,10
13.0309000015,80.2100524902,22524,22534,10
13.0306997299,80.2099761963,22534,22550,16
13.0300102234,80.2097473145,22550,22562,12
13.0301704407,80.2091522217,22562,22570,8
13.0306196213,80.2090988159,22570,22582,12
13.0313997269,80.2092514038,22582,22593,11
13.031539917,80.2093200684,22593,22603,10
13.0316095352,80.2093734741,22603,22612,9
13.0318603516,80.2094192505,22612,22623,11
13.0325298309,80.2095718384,22623,22633,10
13.0331602097,80.2096862793,22633,22643,10
13.0338697433,80.2098388672,22643,22653,10
13.0346002579,80.2099533081,22653,22663,10
13.0351400375,80.2097625732,22663,22673,10
13.0351896286,80.2094497681,22673,22683,10
13.0352497101,80.2088775635,22683,22693,10
13.0352802277,80.2086410522,22693,22704,11
13.0353403091,80.2081680298,22704,22714,10
13.0354299545,80.2074737549,22714,22724,10
13.0355701447,80.2065734863,22724,22734,10
13.0357103348,80.2057723999,22734,22744,10
13.0358200073,80.205078125,22744,22754,10
13.0358600616,80.2049026489,22754,22764,10
13.0359201431,80.2046966553,22764,22774,10
13.0359802246,80.2042922974,22774,22784,10
13.0360498428,80.2037277222,22784,22795,11
13.0361099243,80.2029876709,22795,22805,10
13.0362195969,80.2021789551,22805,22815,10
13.0362997055,80.2016372681,22815,22825,10
13.0362997055,80.2015991211,22825,22835,10
13.0363197327,80.2015075684,22835,22845,10
13.0363702774,80.201171875,22845,22855,10
13.0364599228,80.2005462646,22855,22865,10
13.0365896225,80.19972229,22865,22874,9
13.0367002487,80.198928833,22874,22884,10
13.0367603302,80.1984024048,22884,22895,11
13.0368003845,80.1982421875,22895,22905,10
13.0368795395,80.1977920532,22905,22916,11
13.0369701385,80.1971511841,22916,22926,10
13.0370502472,80.1965332031,22926,22936,10
13.0370798111,80.1963119507,22936,22946,10
13.0370998383,80.1961593628,22946,22956,10
13.0371704102,80.1957778931,22956,22966,10
13.0372400284,80.1953201294,22966,22976,10
13.0373497009,80.1946411133,22976,22986,10
13.0374603271,80.1937789917,22986,22996,10
13.0375995636,80.1928787231,22996,23006,10
13.0382003784,80.1927337646,23006,23017,11
13.0387601852,80.1928482056,23017,23027,10
13.0388498306,80.1928710938,23027,23037,10
13.0391798019,80.1929168701,23037,23047,10
13.039730072,80.193031311,23047,23057,10
13.0403499603,80.1931381226,23057,23067,10
13.0411100388,80.1932907104,23067,23077,10
13.041680336,80.1933822632,23077,23087,10
13.0417604446,80.1937789917,23087,23097,10
13.0416898727,80.1944198608,23097,23107,10
13.0416002274,80.1951370239,23107,23117,10
13.0415201187,80.1958465576,23117,23128,11
13.0414199829,80.1964797974,23128,23138,10
13.0413999557,80.1967773438,23138,23148,10
13.0413599014,80.1969833374,23148,23158,10
13.0412902832,80.1975021362,23158,23168,10
13.041179657,80.1981811523,23168,23178,10
13.0410604477,80.1989822388,23178,23188,10
13.0410299301,80.1992874146,23188,23198,10
13.0409803391,80.1996078491,23198,23208,10
13.04088974,80.2001571655,23208,23218,10
13.0408401489,80.2007522583,23218,23228,10
13.0407495499,80.2013931274,23228,23238,10
13.0406398773,80.2019195557,23238,23249,11
13.0405597687,80.2023925781,23249,23259,10
13.04047966,80.2030105591,23259,23269,10
13.0403795242,80.2035827637,23269,23279,10
13.0402898788,80.2041931152,23279,23289,10
13.0402297974,80.204750061,23289,23299,10
13.0402698517,80.2050170898,23299,23309,10
13.0407400131,80.2051010132,23309,23319,10
13.0412502289,80.2051620483,23319,23329,10
13.0417804718,80.2052383423,23329,23340,11
13.0424098969,80.2053604126,23340,23349,9
13.0427303314,80.2055892944,23349,23360,11
13.0430698395,80.2061386108,23360,23370,10
13.0434799194,80.2066879272,23370,23380,10
13.0439195633,80.207321167,23380,23390,10
13.0441799164,80.2081222534,23390,23399,9
13.044210434,80.2089233398,23399,23410,11
13.044210434,80.2094421387,23410,23420,10
13.044210434,80.2100601196,23420,23429,9
13.0442304611,80.2107925415,23429,23440,11
13.0442800522,80.2116165161,23440,23449,9
13.0443296432,80.212020874,23449,23461,12
13.0443601608,80.2122268677,23461,23471,10
13.044670105,80.2122421265,23471,23481,10
13.0452404022,80.2121963501,23481,23491,10
13.0459403992,80.2121582031,23491,23501,10
13.0466499329,80.2121429443,23501,23511,10
13.0471000671,80.2120666504,23511,23521,10
13.0471200943,80.2119674683,23521,23531,10
13.0471000671,80.211730957,23531,23541,10
13.0470600128,80.2112503052,23541,23551,10
13.0470600128,80.2108306885,23551,23561,10
13.047369957,80.2107391357,23561,23572,11
13.0478696823,80.2107696533,23572,23582,10
13.0485095978,80.2107772827,23582,23592,10
13.0491800308,80.2108230591,23592,23602,10
13.0496301651,80.2107467651,23602,23612,10
13.0496101379,80.2102279663,23612,23628,16
13.0494699478,80.2091217041,23628,23640,12
13.0493001938,80.2082214355,23640,23650,10
13.0489196777,80.2071609497,23650,23681,31
13.0489196777,80.2071609497,23681,23691,10
13.0488595963,80.2069702148,23691,23701,10
13.0489397049,80.2068328857,23701,23710,9
13.049079895,80.2068786621,23710,23720,10
13.0491600037,80.2071228027,23720,26002,2282
13.0491199493,80.2073822021,26002,26032,30
13.0491199493,80.2073822021,26032,26042,10
13.0491199493,80.2076187134,26042,26052,10
13.0492897034,80.2081298828,26052,26062,10
13.049489975,80.2089920044,26062,26072,10
13.0496397018,80.2098770142,26072,26083,11
13.0497398376,80.2108001709,26083,26093,10
13.0498504639,80.2114181519,26093,26103,10
13.0499200821,80.2119293213,26103,26113,10
13.049659729,80.2121887207,26113,26133,20
13.049659729,80.2121887207,26133,26143,10
13.0494403839,80.2121887207,26143,26159,16
13.0483903885,80.2121887207,26159,26171,12
13.0472202301,80.2122268677,26171,26181,10
13.0461196899,80.212272644,26181,26192,11
13.0446100235,80.212348938,26192,26212,20
13.0445299149,80.212562561,26212,26252,40
13.0445299149,80.212562561,26252,26261,9
13.0444002151,80.2124328613,26261,26271,10
13.0442800522,80.2122497559,26271,26282,11
13.0442495346,80.2116012573,26282,26293,11
13.044210434,80.2107620239,26293,26303,10
13.0441598892,80.2099761963,26303,26313,10
13.0440998077,80.2092208862,26313,26323,10
13.0440597534,80.2089004517,26323,26333,10
13.0440502167,80.208770752,26333,26343,10
13.0440597534,80.2082824707,26343,26353,10
13.0439901352,80.2076034546,26353,26363,10
13.0436296463,80.2069320679,26363,26373,10
13.0431203842,80.2062225342,26373,26382,9
13.0425596237,80.2055511475,26382,26392,10
13.041680336,80.2052612305,26392,26404,12
13.0409402847,80.2051696777,26404,26414,10
13.0407600403,80.2051467896,26414,26424,10
13.0403003693,80.2050704956,26424,26434,10
13.0396499634,80.2049636841,26434,26444,10
13.0389404297,80.2048492432,26444,26454,10
13.0382795334,80.2047729492,26454,26464,10
13.0381402969,80.2045898438,26464,26474,10
13.0382099152,80.2041015625,26474,26484,10
13.0382995605,80.2034606934,26484,26494,10
13.0384197235,80.2028274536,26494,26504,10
13.0385198593,80.2021789551,26504,26515,11
13.0385904312,80.2015762329,26515,26525,10
13.0386600494,80.2011413574,26525,26535,10
13.0387401581,80.2005462646,26535,26551,16
13.0388803482,80.1995773315,26551,26563,12
13.0389204025,80.1991729736,26563,26573,10
13.0389604568,80.1989974976,26573,26583,10
13.0390195847,80.1985015869,26583,26593,10
13.0391597748,80.1976776123,26593,26603,10
13.0392198563,80.1970825195,26603,26613,10
13.0392599106,80.1969299316,26613,26623,10
13.0392999649,80.1967926025,26623,26634,11
13.0393295288,80.1964035034,26634,26644,10
13.0394296646,80.1959075928,26644,26654,10
13.039560318,80.1951904297,26654,26664,10
13.0396604538,80.1942977905,26664,26675,11
13.0397996902,80.193397522,26675,26685,10
13.0397396088,80.1930770874,26685,26695,10
13.0393695831,80.1930084229,26695,26704,9
13.0388898849,80.1929168701,26704,26715,11
13.0386800766,80.1928787231,26715,26726,11
13.0383300781,80.1928634644,26726,26736,10
13.0379400253,80.1928405762,26736,26746,10
13.0376596451,80.1931915283,26746,26756,10
13.037560463,80.1938781738,26756,26766,10
13.0374603271,80.1946411133,26766,26776,10
13.0373601913,80.1953735352,26776,26786,10
13.0372800827,80.1959686279,26786,26816,30
13.0372800827,80.1959686279,26816,26826,10
13.0372104645,80.1962509155,26826,26836,10
13.0371398926,80.1967926025,26836,26847,11
13.03703022,80.1975708008,26847,26857,10
13.0369300842,80.1982803345,26857,26867,10
13.0368995667,80.1986618042,26867,26877,10
13.0368204117,80.1989974976,26877,26887,10
13.0368204117,80.1989974976,26887,26897,10
13.0367298126,80.1995391846,26897,26907,10
13.0366201401,80.2002487183,26907,26917,10
13.0364999771,80.2010803223,26917,26927,10
13.0364398956,80.2016601563,26927,26937,10
13.0364198685,80.201789856,26937,26947,10
13.0363798141,80.202041626,26947,26959,12
13.0362596512,80.2026290894,26959,26969,10
13.0361404419,80.203338623,26969,26979,10
13.0360603333,80.2039489746,26979,26989,10
13.0360202789,80.2044830322,26989,26999,10
13.0359401703,80.2049789429,26999,27009,10
13.0358800888,80.2055969238,27009,27019,10
13.0358400345,80.2059020996,27019,27029,10
13.0358295441,80.2059783936,27029,27039,10
13.0357704163,80.2063369751,27039,27049,10
13.0356798172,80.2069396973,27049,27060,11
13.0355997086,80.2077102661,27060,27070,10
13.0355195999,80.2083435059,27070,27080,10
13.035490036,80.2084197998,27080,27090,10
13.0354604721,80.2084884644,27090,27100,10
13.0354003906,80.2088317871,27100,27110,10
13.0353097916,80.2094497681,27110,27120,10
13.035200119,80.2101364136,27120,27130,10
13.0350799561,80.210647583,27130,27140,10
13.0349502563,80.2112579346,27140,27150,10
13.034819603,80.2119674683,27150,27160,10
13.0343904495,80.2121429443,27160,27171,11
13.0336503983,80.2120437622,27171,27181,10
13.0329399109,80.2119827271,27181,27191,10
13.0324897766,80.2119064331,27191,27201,10
13.0324201584,80.2118835449,27201,27211,10
13.0321102142,80.211807251,27211,27221,10
13.0319004059,80.211479187,27221,27231,10
13.0320100784,80.2108306885,27231,27241,10
13.0321102142,80.2100830078,27241,27251,10
13.0319404602,80.2096099854,27251,27261,10
13.0314102173,80.2094573975,27261,27271,10
13.0306596756,80.2092666626,27271,27281,10
13.0300798416,80.2095184326,27281,27302,21
13.0300798416,80.2095184326,27302,27312,10
13.0301103592,80.209777832,27312,27322,10
13.0304098129,80.2098770142,27322,27332,10
13.0308504105,80.2100219727,27332,27342,10
13.0310001373,80.2101364136,27342,27352,10
13.0309896469,80.2103881836,27352,27362,10
13.0309400558,80.2107772827,27362,27372,10
13.0308904648,80.2111206055,27372,27382,10
13.03083992,80.2114181519,27382,27393,11
13.0307998657,80.2117767334,27393,27403,10
13.0307302475,80.2121963501,27403,27413,10
13.0306301117,80.2128829956,27413,27423,10
13.0305404663,80.2134628296,27423,27433,10
13.0305204391,80.2137298584,27433,27443,10
13.0304603577,80.214050293,27443,27453,10
13.030380249,80.2147216797,27453,27473,20
13.030380249,80.2147216797,27473,27483,10
13.0303897858,80.2149581909,27483,27494,11
13.0303897858,80.2155532837,27494,27504,10
13.0304403305,80.2162322998,27504,27514,10
13.0305099487,80.2168197632,27514,27524,10
13.0307197571,80.2169036865,27524,27534,10
13.0308599472,80.2169036865,27534,27544,10
13.0312299728,80.2169113159,27544,27554,10
13.0314903259,80.217086792,27554,27564,10
13.0315504074,80.2176513672,27564,27574,10
13.0316801071,80.2182998657,27574,27584,10
13.0320997238,80.2183990479,27584,27594,10
13.0322904587,80.2189407349,27594,27604,10
13.0322904587,80.219581604,27604,27615,11
13.0322999954,80.2202529907,27615,27625,10
13.0322999954,80.2203216553,27625,27635,10
13.03221035,80.2206420898,27635,27645,10
13.0320796967,80.2211685181,27645,27655,10
13.031829834,80.2218475342,27655,27665,10
13.0314903259,80.2225189209,27665,27675,10
13.0312299728,80.2232208252,27675,27685,10
13.0311803818,80.2238464355,27685,27695,10
13.0311899185,80.2239227295,27695,27705,10
13.0312004089,80.224029541,27705,27715,10
13.0311203003,80.2243270874,27715,27726,11
13.0306501389,80.224319458,27726,27736,10
13.0299901962,80.2242889404,27736,27746,10
13.0293903351,80.2242965698,27746,27756,10
13.0290899277,80.2242736816,27756,27766,10
13.0289697647,80.2242202759,27766,27782,16
13.0285797119,80.2241287231,27782,27794,12
13.0283899307,80.2246627808,27794,27802,8
13.0282802582,80.2252197266,27802,27814,12
13.0280799866,80.2260971069,27814,27825,11
13.0279598236,80.2267608643,27825,27835,10
13.0280103683,80.2269973755,27835,27845,10
13.028260231,80.2270965576,27845,27855,10
13.0286397934,80.2271575928,27855,27865,10
13.0287504196,80.2271575928,27865,27875,10
13.0291595459,80.2272262573,27875,27885,10
13.0297403336,80.2273330688,27885,27895,10
13.0303401947,80.227432251,27895,27905,10
13.0304603577,80.2277679443,27905,27915,10
13.0304098129,80.2280273438,27915,27926,11
13.0304002762,80.2280883789,27926,27936,10
13.0303602219,80.2284622192,27936,27946,10
13.0303001404,80.2289886475,27946,27956,10
13.0304203033,80.2295608521,27956,27966,10
13.0306196213,80.2301177979,27966,27976,10
13.0307197571,80.2305984497,27976,27986,10
13.0305500031,80.2307815552,27986,27996,10
13.0301399231,80.230796814,27996,28006,10
13.0298595428,80.2308273315,28006,28016,10
13.029800415,80.2308425903,28016,28026,10
13.0294904709,80.2308731079,28026,28037,11
13.0288696289,80.2309265137,28037,28047,10
13.0281496048,80.2309875488,28047,28057,10
13.0277004242,80.2310562134,28057,28067,10
13.0276699066,80.2314605713,28067,28077,10
13.0277299881,80.2320022583,28077,28093,16
13.0278596878,80.2327728271,28093,28105,12
13.0272397995,80.2329483032,28105,28115,10
13.02684021,80.233001709,28115,28176,61
13.02684021,80.233001709,28176,28186,10
13.0266504288,80.2330780029,28186,28196,10
13.0264396667,80.2329406738,28196,28206,10
13.0262804031,80.2324523926,28206,28216,10
13.0260801315,80.2317276001,28216,28226,10
13.0260295868,80.2315368652,28226,28236,10
13.0259504318,80.2311325073,28236,28246,10
13.0256700516,80.2304763794,28246,28255,9
13.0251998901,80.2297897339,28255,28267,12
13.0246400833,80.2290878296,28267,28277,10
13.0244102478,80.2287826538,28277,28287,10
13.0240697861,80.2284011841,28287,28307,20
13.0240697861,80.2284011841,28307,28317,10
13.023900032,80.2281494141,28317,28327,10
13.0235996246,80.2278366089,28327,28337,10
13.023440361,80.2276687622,28337,28347,10
13.0233402252,80.2276077271,28347,28357,10
13.0230998993,80.2273788452,28357,28367,10
13.0226697922,80.2269973755,28367,28378,11
13.0220499039,80.2264175415,28378,28388,10
13.0213699341,80.2258605957,28388,28398,10
13.0207004547,80.2253417969,28398,28408,10
13.0201997757,80.2249908447,28408,28418,10
13.0197601318,80.2247009277,28418,28428,10
13.0192298889,80.2245025635,28428,28438,10
13.0184497833,80.224647522,28438,28448,10
13.0175800323,80.2250213623,28448,28457,9
13.0168600082,80.2253112793,28457,28469,12
13.0163297653,80.2255172729,28469,28479,10
13.0158996582,80.2256774902,28479,28489,10
13.0152902603,80.2258987427,28489,28499,10
13.0145397186,80.2262268066,28499,28519,20
13.0145397186,80.2262268066,28519,28529,10
13.0144300461,80.2262573242,28529,28538,9
13.0141201019,80.2263793945,28538,28549,11
13.0134401321,80.2266387939,28549,28559,10
13.0127096176,80.2269210815,28559,28569,10
13.0118999481,80.2272415161,28569,28579,10
13.0110397339,80.2275924683,28579,28590,11
13.0100803375,80.2279663086,28590,28600,10
13.0093097687,80.2283782959,28600,28610,10
13.0090398788,80.2292022705,28610,28620,10
13.0088396072,80.2302017212,28620,28630,10
13.0086402893,80.2312698364,28630,28640,10
13.0084295273,80.2323532104,28640,28650,10
13.0082998276,80.2333297729,28650,28660,10
13.0082397461,80.2336196899,28660,28670,10
13.0081796646,80.2337799072,28670,28680,10
13.0080699921,80.2342681885,28680,28690,10
13.0079803467,80.2348327637,28690,28701,11
13.0078697205,80.2353363037,28701,28711,10
13.0077199936,80.2360305786,28711,28721,10
13.0075397491,80.2369537354,28721,28731,10
13.0073604584,80.2378921509,28731,28741,10
13.0072002411,80.2387313843,28741,28751,10
13.0070495605,80.2394714355,28751,28761,10
13.0069503784,80.2401275635,28761,28771,10
13.0068597794,80.2407608032,28771,28781,10
13.0067901611,80.2415008545,28781,28791,10
13.0067596436,80.2423400879,28791,28802,11
13.0067195892,80.2432022095,28802,28812,10
13.0066995621,80.2439193726,28812,28822,10
13.0066900253,80.2447891235,28822,28832,10
13.0066995621,80.2456588745,28832,28842,10
13.0067300797,80.2465667725,28842,28852,10
13.0067501068,80.2474822998,28852,28862,10
13.0067596436,80.2482681274,28862,28872,10
13.0068502426,80.2490692139,28872,28882,10
13.0068998337,80.249671936,28882,28892,10
13.0068998337,80.2496871948,28892,28902,10
13.0069198608,80.2499923706,28902,28912,10
13.0068998337,80.2505111694,28912,28923,11
13.0068798065,80.2513580322,28923,28933,10
13.0066699982,80.2522125244,28933,28942,9
13.0066099167,80.2530670166,28942,28953,11
13.0066099167,80.2541275024,28953,28963,10
13.0066699982,80.2547988892,28963,28973,10
13.0066795349,80.2549514771,28973,28982,9
13.0066795349,80.2550582886,28982,28993,11
13.0066795349,80.255531311,28993,29003,10
13.0066795349,80.2562179565,29003,29013,10
13.0067996979,80.2572784424,29013,29074,61
13.0067996979,80.2572784424,29074,29084,10
13.0067996979,80.2574691772,29084,29094,10
13.0063199997,80.2574920654,29094,29104,10
13.0057201385,80.2573928833,29104,29114,10
13.0050601959,80.2572174072,29114,29124,10
13.0043001175,80.2570800781,29124,29135,11
13.0034103394,80.2569122314,29135,29145,10
13.0025100708,80.2567520142,29145,29155,10
13.0017700195,80.2566299438,29155,29164,9
13.0011396408,80.2565536499,29164,29175,11
13.0002298355,80.256401062,29175,29185,10
12.9994497299,80.2562637329,29185,29195,10
12.9986400604,80.2561035156,29195,29205,10
12.9978904724,80.2560272217,29205,29215,10
12.9972801208,80.2559967041,29215,29225,10
12.9971103668,80.2559814453,29225,29235,10
12.9969797134,80.2560272217,29235,29246,11
12.9969301224,80.2564468384,29246,29256,10
12.9968900681,80.2568664551,29256,29266,10
12.9968795776,80.2570037842,29266,29276,10
12.9968299866,80.2574768066,29276,29292,16
12.9967098236,80.2586212158,29292,29304,12
12.9966096878,80.2594833374,29304,29312,8
12.9965400696,80.2601013184,29312,29323,11
12.9964504242,80.2610626221,29323,29334,11
12.9963598251,80.2618331909,29334,29345,11
12.9963102341,80.2622909546,29345,29355,10
12.9962501526,80.2627334595,29355,29365,10
12.9961795807,80.2633132935,29365,29375,10
12.9961204529,80.263961792,29375,29385,10
12.9960403442,80.2646865845,29385,29395,10
12.9959402084,80.2654876709,29395,29405,10
12.9958496094,80.2663269043,29405,29415,10
12.9957704544,80.2671737671,29415,29425,10
12.9958200455,80.2676773071,29425,29435,10
12.9960002899,80.2677001953,29435,29445,10
12.9961795807,80.2677230835,29445,29456,11
12.996720314,80.2677536011,29456,29466,10
12.9974002838,80.2675704956,29466,29476,10
12.9981098175,80.2673568726,29476,29486,10
12.9988899231,80.2671279907,29486,29496,10
12.9996700287,80.2668991089,29496,29506,10
13.0001602173,80.2665405273,29506,29516,10
13.0001802444,80.2664413452,29516,29526,10
13.0002202988,80.2661209106,29526,29536,10
13.0002403259,80.2658081055,29536,29546,10
13.0002698898,80.2656784058,29546,29556,10
13.00041008,80.2657775879,29556,29567,11
13.0003795624,80.2660598755,29567,29607,40
13.0003795624,80.2660598755,29607,29617,10
13.0002803802,80.2663803101,29617,30667,1050
13.0003299713,80.266456604,30667,30828,161
13.0003299713,80.266456604,30828,30838,10
13.0002603531,80.266456604,30838,30989,151
13.0002603531,80.266456604,30989,31000,11
13.000120163,80.2667236328,31000,31010,10
12.9998502731,80.266998291,31010,31020,10
12.9991998672,80.2671508789,31020,31030,10
12.9983997345,80.2673416138,31030,31040,10
12.9975996017,80.2676086426,31040,31050,10
12.9966697693,80.2678070068,31050,31060,10
12.9958200455,80.2677612305,31060,31070,10
12.9956197739,80.2674331665,31070,31090,20
12.9956197739,80.2674331665,31090,31100,10
12.9956798553,80.2671508789,31100,31111,11
12.995759964,80.2665481567,31111,31121,10
12.9958696365,80.2657470703,31121,31131,10
12.9959802628,80.2648010254,31131,31141,10
12.9961004257,80.2638015747,31141,31151,10
12.9961795807,80.2630233765,31151,31161,10
12.9961996078,80.262588501,31161,31171,10
12.9962100983,80.2625808716,31171,31181,10
12.9962596893,80.262260437,31181,31191,10
12.9962997437,80.261756897,31191,31201,10
12.9963903427,80.2610397339,31201,31211,10
12.9965000153,80.2601013184,31211,31222,11
12.9966001511,80.2590408325,31222,31232,10
12.9966802597,80.2583007813,31232,31242,10
12.9967403412,80.2575378418,31242,31252,10
12.9968204498,80.2567062378,31252,31262,10
12.9968795776,80.2561798096,31262,31272,10
12.9969301224,80.2559204102,31272,31282,10
12.997130394,80.2558288574,31282,31292,10
12.9976301193,80.255859375,31292,31302,10
12.998339653,80.2559509277,31302,31312,10
12.9987897873,80.2559814453,31312,31323,11
12.9988203049,80.2559814453,31323,31333,10
12.9990301132,80.2560501099,31333,31343,10
12.9993400574,80.256111145,31343,31353,10
12.999879837,80.2562103271,31353,31363,10
13.0005397797,80.2563171387,31363,31373,10
13.0013198853,80.2564620972,31373,31383,10
13.0021896362,80.2565994263,31383,31393,10
13.0030603409,80.2567672729,31393,31403,10
13.0039997101,80.2569503784,31403,31413,10
13.0049800873,80.2571411133,31413,31423,10
13.00578022,80.2572937012,31423,31433,10
13.0064697266,80.2573776245,31433,31464,31
13.0064697266,80.2573776245,31464,31474,10
13.0065498352,80.2572174072,31474,31484,10
13.0065002441,80.2567901611,31484,31494,10
13.0065402985,80.256111145,31494,31504,10
13.006529808,80.2553100586,31504,31514,10
13.0065202713,80.2544784546,31514,31524,10
13.0065002441,80.2532196045,31524,31544,20
13.0065002441,80.2532196045,31544,31554,10
13.0064897537,80.2531433105,31554,31565,11
13.0065097809,80.2528076172,31565,31575,10
13.0065202713,80.2525024414,31575,31585,10
13.0066099167,80.2519226074,31585,31605,20
13.0066099167,80.2519226074,31605,31615,10
13.0066900253,80.2517776489,31615,31625,10
13.0067596436,80.2513809204,31625,31635,10
13.0067596436,80.2507019043,31635,31645,10
13.0067396164,80.2498626709,31645,31656,11
13.0066995621,80.248916626,31656,31665,9
13.0066404343,80.2481994629,31665,31676,11
13.0066299438,80.2473220825,31676,31686,10
13.0065803528,80.2464981079,31686,31706,20
13.0065803528,80.2464981079,31706,31716,10
13.0066003799,80.2464370728,31716,31726,10
13.0066404343,80.2460708618,31726,31736,10
13.0066299438,80.2454299927,31736,31746,10
13.0066204071,80.2449188232,31746,31756,10
13.0066299438,80.2442626953,31756,31767,11
13.0066099167,80.2434768677,31767,31777,10
13.0065898895,80.2426834106,31777,31787,10
13.0065803528,80.2417068481,31787,31797,10
13.0067195892,80.2403411865,31797,31837,40
13.0067195892,80.2403411865,31837,31847,10
13.0067300797,80.2400131226,31847,31857,10
13.0068397522,80.2394485474,31857,31867,10
13.0070400238,80.2386779785,31867,31877,10
13.0072402954,80.2378005981,31877,31888,11
13.0074396133,80.2366485596,31888,31908,20
13.0074396133,80.2366485596,31908,31918,10
13.0075302124,80.2363891602,31918,31928,10
13.0076599121,80.2359085083,31928,31938,10
13.0078001022,80.2351989746,31938,31948,10
13.0079603195,80.2343978882,31948,31958,10
13.0081501007,80.2334594727,31958,31968,10
13.0083599091,80.2323684692,31968,31978,10
13.0085601807,80.231338501,31978,31988,10
13.0087604523,80.2303237915,31988,31999,11
13.0089702606,80.2291793823,31999,32009,10
13.009180069,80.2282562256,32009,32019,10
13.0095500946,80.2273483276,32019,32029,10
13.0099697113,80.2264328003,32029,32039,10
13.0104398727,80.2254867554,32039,32049,10
13.0108699799,80.2245407104,32049,32059,10
13.0112600327,80.2236175537,32059,32069,10
13.0115404129,80.2229232788,32069,32079,10
13.0117797852,80.2222824097,32079,32089,10
13.0120296478,80.2215194702,32089,32100,11
13.0124597549,80.221572876,32100,32110,10
13.0128698349,80.2222213745,32110,32120,10
13.013420105,80.2227935791,32120,32130,10
13.0139799118,80.2232971191,32130,32140,10
13.0143404007,80.2236099243,32140,32150,10
13.0146398544,80.2240219116,32150,32160,10
13.0149898529,80.2244873047,32160,32170,10
13.0152397156,80.2247924805,32170,32180,10
13.0153398514,80.2248535156,32180,32190,10
13.0155296326,80.224937439,32190,32251,61
13.0155296326,80.224937439,32251,32261,10
13.0156803131,80.225151062,32261,32281,20
13.0156803131,80.225151062,32281,32291,10
13.0158004761,80.225227356,32291,32301,10
13.0161600113,80.2253570557,32301,32311,10
13.0165596008,80.2253112793,32311,32321,10
13.0172395706,80.2250595093,32321,32332,11
13.018119812,80.2246932983,32332,32342,10
13.0189399719,80.224357605,32342,32352,10
13.0193300247,80.2242965698,32352,32362,10
13.0194101334,80.2243423462,32362,32372,10
13.0195598602,80.2244415283,32372,32382,10
13.0196800232,80.2245407104,32382,32392,10
13.0199699402,80.2247085571,32392,32402,10
13.0203399658,80.2249908447,32402,32412,10
13.0208997726,80.2253875732,32412,32422,10
13.0215101242,80.2258605957,32422,32432,10
13.022190094,80.2263793945,32432,32443,11
13.0230102539,80.2270889282,32443,32453,10
13.0236701965,80.2276992798,32453,32463,10
13.0244197845,80.228477478,32463,32482,19
13.0244197845,80.228477478,32482,32493,11
13.0244703293,80.2285614014,32493,32503,10
13.0247097015,80.2289276123,32503,32513,10
13.0251703262,80.2295227051,32513,32523,10
13.0256795883,80.2302627563,32523,32533,10
13.0260000229,80.2309799194,32533,32544,11
13.026049614,80.231338501,32544,32554,10
13.0262498856,80.2313232422,32554,32564,10
13.0268201828,80.2311401367,32564,32574,10
13.0275802612,80.2309799194,32574,32584,10
13.0283203125,80.2309265137,32584,32594,10
13.0286397934,80.2309036255,32594,32604,10
13.0291004181,80.2308425903,32604,32614,10
13.0296096802,80.230758667,32614,32624,10
13.0302495956,80.23072052,32624,32634,10
13.0306997299,80.2306671143,32634,32644,10
13.0306997299,80.23046875,32644,32654,10
13.030579567,80.2299804688,32654,32665,11
13.03028965,80.2292175293,32665,32675,10
13.0303201675,80.2285232544,32675,32685,10
13.030380249,80.2279815674,32685,32695,10
13.0304203033,80.2275695801,32695,32705,10
13.0299501419,80.2274093628,32705,32715,10
13.0292196274,80.2272720337,32715,32724,9
13.0287504196,80.227180481,32724,32735,11
13.0284700394,80.2271270752,32735,32745,10
13.0280103683,80.2270431519,32745,32756,11
13.0278997421,80.2266769409,32756,32765,9
13.0280399323,80.2260971069,32765,32776,11
13.0282402039,80.2251434326,32776,32786,10
13.0284004211,80.2242584229,32786,32796,10
13.0287103653,80.2239990234,32796,32806,10
13.0289402008,80.2241363525,32806,32816,10
13.029540062,80.224281311,32816,32826,10
13.0303897858,80.2242965698,32826,32836,10
13.0310897827,80.2242202759,32836,32846,10
13.0311203003,80.2236785889,32846,32856,10
13.0312004089,80.2229232788,32856,32866,10
13.0315799713,80.2221984863,32866,32877,11
13.031829834,80.2216873169,32877,32887,10
13.0320301056,80.2211380005,32887,32897,10
13.0321798325,80.2203979492,32897,32913,16
13.0321903229,80.2197799683,32913,32925,12
13.0322198868,80.2197265625,32925,32935,10
13.0322599411,80.2194366455,32935,32944,9
13.0322303772,80.2189025879,32944,32955,11
13.0316495895,80.2184371948,32955,32965,10
13.0314598083,80.2177429199,32965,32975,10
13.0313997269,80.2171173096,32975,32985,10
13.0312004089,80.2170028687,32985,32996,11
13.0306797028,80.2169723511,32996,33007,11
13.0304803848,80.2166671753,33007,33017,10
13.0304498672,80.216506958,33017,33027,10
13.0304403305,80.2160263062,33027,33037,10
13.0303497314,80.2151794434,33037,33047,10
13.030380249,80.2144622803,33047,33057,10
13.030380249,80.21434021,33057,33067,10
13.0304002762,80.2140808105,33067,33077,10
13.0304698944,80.2136688232,33077,33087,10
13.0305299759,80.2134017944,33087,33097,10
13.0306100845,80.212928772,33097,33108,11
13.0306997299,80.2121963501,33108,33118,10
13.0307998657,80.2117004395,33118,33128,10
13.0308599472,80.2112121582,33128,33138,10
13.0309000015,80.2108230591,33138,33148,10
13.0309801102,80.2102432251,33148,33158,10
13.0308704376,80.2100601196,33158,33168,10
13.0305500031,80.2099609375,33168,33178,10
13.0300397873,80.2097625732,33178,33188,10
13.0301399231,80.2091598511,33188,33239,51
13.0301399231,80.2091598511,33239,33249,10
13.0301303864,80.2090377808,33249,33259,10
13.030380249,80.2089920044,33259,33269,10
13.0309801102,80.2091903687,33269,33278,9
13.0315799713,80.2093505859,33278,33289,11
13.0318403244,80.2094421387,33289,33299,10
13.0324296951,80.2095718384,33299,33310,11
13.0333404541,80.2097473145,33310,33319,9
13.034239769,80.2098770142,33319,33330,11
13.0351295471,80.2098312378,33330,33340,10
13.0352401733,80.2090606689,33340,33350,10
13.0352897644,80.2086105347,33350,33360,10
13.0353097916,80.2083892822,33360,33370,10
13.0353803635,80.2078170776,33370,33380,10
13.0354995728,80.2070007324,33380,33390,10
13.0355997086,80.2061233521,33390,33400,10
13.0354995728,80.2057189941,33400,33410,10
13.0355701447,80.2052764893,33410,33420,10
13.0358104706,80.2049407959,33420,33431,11
13.0359201431,80.2042007446,33431,33447,16
13.0361299515,80.202911377,33447,33459,12
13.0362701416,80.2019424438,33459,33469,10
13.0363397598,80.2014312744,33469,33477,8
13.0363798141,80.2011413574,33477,33489,12
13.03647995,80.2004699707,33489,33499,10
13.0366096497,80.1995697021,33499,33509,10
13.036740303,80.1986465454,33509,33519,10
13.0367803574,80.1982421875,33519,33529,10
13.0368204117,80.1980895996,33529,33539,10
13.0368795395,80.1976089478,33539,33550,11
13.0369997025,80.1968536377,33550,33560,10
13.0371103287,80.1961364746,33560,33570,10
13.0372104645,80.1954803467,33570,33580,10
13.037320137,80.1947021484,33580,33590,10
13.0374403,80.193862915,33590,33600,10
13.0375795364,80.1928863525,33600,33610,10
13.0380001068,80.1926879883,33610,33620,10
13.0384597778,80.1927871704,33620,33630,10
13.0387401581,80.1928405762,33630,33640,10
13.039059639,80.1928863525,33640,33651,11
13.0397100449,80.1930084229,33651,33661,10
13.0403995514,80.1931228638,33661,33671,10
13.0411701202,80.1932373047,33671,33681,10
13.0417900085,80.1933898926,33681,33691,10
13.0418195724,80.1938400269,33691,33701,10
13.0418195724,80.1940002441,33701,33711,10
13.0417699814,80.1944732666,33711,33721,10
13.041680336,80.1951522827,33721,33731,10
13.0415897369,80.1958389282,33731,33741,10
13.0415000916,80.1963806152,33741,33751,10
13.0414400101,80.1967391968,33751,33762,11
13.0413999557,80.1969985962,33762,33772,10
13.0413398743,80.1975326538,33772,33782,10
13.0412101746,80.1982727051,33782,33792,10
13.0410900116,80.1990509033,33792,33802,10
13.0410404205,80.1994781494,33802,33812,10
13.0410003662,80.1999130249,33812,33822,10
13.0408802032,80.2005767822,33822,33832,10
13.0408000946,80.2013626099,33832,33842,10
13.0406398773,80.2019577026,33842,33852,10
13.0405797958,80.2023468018,33852,33862,10
13.0405101776,80.2029190063,33862,33873,11
13.0403795242,80.2036590576,33873,33883,10
13.0402898788,80.2043762207,33883,33893,10
13.0402402878,80.2049484253,33893,33903,10
13.0405797958,80.205078125,33903,33913,10
13.0410604477,80.2051467896,33913,33923,10
13.0412302017,80.2051773071,33923,33933,10
13.0414400101,80.2052001953,33933,33943,10
13.0419301987,80.2052764893,33943,33953,10
13.0425195694,80.2053909302,33953,33963,10
13.0428104401,80.2057189941,33963,33973,10
13.0432100296,80.2063064575,33973,33984,11
13.0437402725,80.2070617676,33984,33994,10
13.0441198349,80.2077636719,33994,34004,10
13.0442199707,80.2085494995,34004,34014,10
13.0442199707,80.2089080811,34014,34024,10
13.0442199707,80.2090606689,34024,34034,10
13.0442199707,80.2094116211,34034,34044,10
13.0442399979,80.2099609375,34044,34054,10
13.044260025,80.2107086182,34054,34064,10
13.0443000793,80.21144104,34064,34074,10
13.0443401337,80.2120895386,34074,34085,11
13.0445995331,80.2122802734,34085,34095,10
13.0451698303,80.2122268677,34095,34105,10
13.0459098816,80.2121963501,34105,34115,10
13.0466995239,80.2121810913,34115,34125,10
13.0470600128,80.2120437622,34125,34135,10
13.0470504761,80.2118301392,34135,34145,10
13.0470504761,80.2117080688,34145,34155,10
13.0470199585,80.2113037109,34155,34165,10
13.0469799042,80.2108535767,34165,34175,10
13.0474500656,80.2107772827,34175,34185,10
13.0479602814,80.2107925415,34185,34195,10
13.0485200882,80.2108001709,34195,34206,11
13.0492401123,80.2108383179,34206,34216,10
13.0496797562,80.2107315063,34216,34226,10
13.049659729,80.2102432251,34226,34236,10
13.0495796204,80.2097015381,34236,34246,10
13.049539566,80.2089996338,34246,34256,10
13.0493497849,80.2082977295,34256,34266,10
13.0490598679,80.2076034546,34266,34276,10
13.0488595963,80.2071609497,34276,34296,20
13.0488595963,80.2071609497,34296,34307,11
13.0488500595,80.2070388794,34307,34317,10
13.0490398407,80.2068481445,34317,34347,30
13.0490398407,80.2068481445,34347,34357,10
13.049369812,80.2069396973,34357,34498,141
13.049369812,80.2069396973,34498,34508,10
13.0494203568,80.2071533203,34508,34599,91
13.0495300293,80.2071380615,34599,34851,252
13.0495300293,80.2072067261,34851,35538,687
13.0495300293,80.2072067261,35538,35548,10
13.0492801666,80.2072982788,35548,35608,60
13.0492801666,80.2072982788,35608,35618,10
13.0491800308,80.2076873779,35618,35628,10
13.0493497849,80.2082901001,35628,35639,11
13.0495500565,80.2091598511,35639,35649,10
13.0496997833,80.2099075317,35649,35659,10
13.0497999191,80.2107162476,35659,35669,10
13.0499095917,80.2116928101,35669,35689,20
13.0499095917,80.2116928101,35689,35699,10
13.049949646,80.2118988037,35699,35709,10
13.0498800278,80.2121582031,35709,35719,10
13.0495500565,80.2121810913,35719,35740,21
13.0495500565,80.2121810913,35740,35750,10
13.049369812,80.2121505737,35750,35760,10
13.0489301682,80.2121734619,35760,35770,10
13.0483102798,80.2122192383,35770,35780,10
13.0476102829,80.212272644,35780,35790,10
13.0467796326,80.2123031616,35790,35800,10
13.045800209,80.212348938,35800,35810,10
13.0447902679,80.2124023438,35810,35861,51
13.0447902679,80.2124023438,35861,35871,10
13.0446195602,80.2124481201,35871,35881,10
13.0443496704,80.212348938,35881,35891,10
13.0442399979,80.2117767334,35891,35901,10
13.0442199707,80.2110290527,35901,35911,10
13.0441799164,80.2101898193,35911,35921,10
13.0441503525,80.2094421387,35921,35931,10
13.0441102982,80.2089691162,35931,35951,20
13.0441102982,80.2089691162,35951,35962,11
13.0440702438,80.2086105347,35962,35972,10
13.0440597534,80.2080230713,35972,35982,10
13.0439195633,80.2074584961,35982,35992,10
13.0435800552,80.2069320679,35992,36002,10
13.0431499481,80.2063064575,36002,36012,10
13.0425796509,80.205619812,36012,36022,10
13.0419301987,80.2052993774,36022,36032,10
13.041469574,80.2052612305,36032,36042,10
13.0410604477,80.2051925659,36042,36052,10
13.0408802032,80.2051773071,36052,36062,10
13.0407600403,80.2051467896,36062,36073,11
13.0403404236,80.2050933838,36073,36083,10
13.0398397446,80.2050094604,36083,36093,10
13.0392599106,80.2049331665,36093,36103,10
13.0387096405,80.204826355,36103,36113,10
13.0382099152,80.2047271729,36113,36123,10
13.0382204056,80.2043304443,36123,36133,10
13.0382795334,80.2037582397,36133,36143,10
13.038359642,80.203163147,36143,36153,10
13.0383996964,80.2026672363,36153,36163,10
13.0384502411,80.2022705078,36163,36173,10
13.0384998322,80.2017974854,36173,36183,10
13.0385799408,80.2013473511,36183,36194,11
13.0386600494,80.2007980347,36194,36204,10
13.038769722,80.2002563477,36204,36214,10
13.0389003754,80.1995391846,36214,36224,10
13.0389299393,80.1991500854,36224,36234,10
13.0389204025,80.1991424561,36234,36244,10
13.0389404297,80.198890686,36244,36253,9
13.0389795303,80.1985626221,36253,36264,11
13.0390901566,80.1979064941,36264,36274,10
13.0391597748,80.1973724365,36274,36284,10
13.0392503738,80.196937561,36284,36294,10
13.0392503738,80.1969223022,36294,36305,11
13.039270401,80.1966400146,36305,36315,10
13.0393104553,80.1963729858,36315,36325,10
13.0393695831,80.1960372925,36325,36335,10
13.0394201279,80.195602417,36335,36345,10
13.0395097733,80.1949462891,36345,36355,10
13.0396203995,80.1942596436,36355,36365,10
13.039730072,80.193572998,36365,36375,10
13.0397901535,80.1931991577,36375,36395,20
13.0397901535,80.1931991577,36395,36406,11
13.0395402908,80.1930084229,36406,36416,10
13.0391197205,80.1929321289,36416,36426,10
13.0386400223,80.1928634644,36426,36446,20
13.0386400223,80.1928634644,36446,36456,10
13.0385398865,80.1928787231,36456,36466,10
13.0382299423,80.192817688,36466,36476,10
13.0378103256,80.1928634644,36476,36486,10
13.0376195908,80.1933288574,36486,36496,10
13.0375299454,80.1940002441,36496,36506,10
13.0374202728,80.1947097778,36506,36516,10
13.037320137,80.1954116821,36516,36527,11
13.0372695923,80.195930481,36527,36547,20
13.0372695923,80.195930481,36547,36557,10
13.0372104645,80.1962127686,36557,36567,10
13.0371398926,80.196647644,36567,36577,10
13.0370397568,80.197303772,36577,36587,10
13.036939621,80.1980133057,36587,36597,10
13.0368700027,80.1985397339,36597,36618,21
13.0368700027,80.1985397339,36618,36628,10
13.0368404388,80.1987762451,36628,36638,10
13.0367603302,80.1992034912,36638,36648,10
13.0366601944,80.1998519897,36648,36658,10
13.0365600586,80.2005691528,36658,36668,10
13.0364599228,80.201133728,36668,36678,10
13.0363998413,80.2016983032,36678,36708,30
13.0363998413,80.2016983032,36708,36718,10
13.0363397598,80.2019195557,36718,36729,11
13.0362596512,80.2023086548,36729,36738,9
13.0362100601,80.2027893066,36738,36749,11
13.0361204147,80.2034072876,36749,36759,10
13.0360603333,80.2039718628,36759,36769,10
13.0360202789,80.2043914795,36769,36779,10
13.0359601974,80.2049179077,36779,36839,60
13.0359601974,80.2049179077,36839,36849,10
13.0358896255,80.2053070068,36849,36860,11
13.0358200073,80.2058029175,36860,36876,16
13.0357398987,80.2062072754,36876,36888,12
13.0356502533,80.2069091797,36888,36898,10
13.0355701447,80.2075271606,36898,36906,8
13.0354299545,80.2084197998,36906,36927,21
13.0354299545,80.2084197998,36927,36938,11
13.035369873,80.2087173462,36938,36949,11
13.0352697372,80.2093429565,36949,36961,12
13.0351600647,80.2101669312,36961,36971,10
13.0350103378,80.210609436,36971,36981,10
13.0348997116,80.2112197876,36981,36990,9
13.0347995758,80.2118682861,36990,37001,11
13.0343599319,80.2120819092,37001,37011,10
13.0337400436,80.212020874,37011,37021,10
13.0330400467,80.2119598389,37021,37031,10
13.0325603485,80.2118988037,37031,37041,10
13.0324897766,80.2118988037,37041,37051,10
13.0322198868,80.2118682861,37051,37061,10
13.0318899155,80.2116394043,37061,37072,11
13.0319595337,80.2110214233,37072,37082,10
13.0320596695,80.2102890015,37082,37092,10
13.0320196152,80.2097091675,37092,37102,10
13.0314397812,80.2095108032,37102,37112,10
13.0306501389,80.2092819214,37112,37122,10
13.0302095413,80.209197998,37122,37132,10
13.0300703049,80.2096176147,37132,37162,30
13.0300703049,80.2096176147,37162,37172,10
13.0301303864,80.2098007202,37172,37183,11
13.0305700302,80.2099227905,37183,37193,10
13.0309200287,80.2100067139,37193,37203,10
13.0310001373,80.2102432251,37203,37213,10
13.0309400558,80.2106323242,37213,37223,10
13.0308904648,80.2110519409,37223,37233,10
13.0308504105,80.2113037109,37233,37243,10
13.0308103561,80.2116317749,37243,37253,10
13.0307502747,80.2119979858,37253,37263,10
13.0306596756,80.2125320435,37263,37273,10
13.0305900574,80.213180542,37273,37283,10
13.0305404663,80.2135620117,37283,37294,11
13.0304803848,80.2138824463,37294,37304,10
13.0304098129,80.21434021,37304,37314,10
13.0303602219,80.2146835327,37314,37324,10
13.0303401947,80.2148284912,37324,37334,10
13.0303497314,80.2152175903,37334,37344,10
13.0303897858,80.2158889771,37344,37354,10
13.0304298401,80.2165527344,37354,37364,10
13.0307397842,80.2169189453,37364,37384,20
13.0307397842,80.2169189453,37384,37394,10
13.0310401917,80.2169189453,37394,37404,10
13.0313396454,80.2169265747,37404,37415,11
13.0314903259,80.2172927856,37415,37425,10
13.0315303802,80.2178878784,37425,37435,10
13.0317802429,80.2183685303,37435,37445,10
13.0322399139,80.218536377,37445,37455,10
13.0322303772,80.2190704346,37455,37465,10
13.0322303772,80.2197189331,37465,37475,10
13.0322504044,80.2202835083,37475,37485,10
13.0322399139,80.2203903198,37485,37495,10
13.0322198868,80.2204589844,37495,37506,11
13.0321302414,80.2207794189,37506,37516,10
13.0320100784,80.2213363647,37516,37526,10
13.0317802429,80.2218475342,37526,37536,10
13.0315599442,80.2222824097,37536,37546,10
13.0313196182,80.2227401733,37546,37556,10
13.0311899185,80.2232894897,37556,37566,10
13.0311603546,80.2238388062,37566,37576,10
13.0311603546,80.2239532471,37576,37586,10
13.0311603546,80.2241363525,37586,37596,10
13.0308904648,80.2242889404,37596,37606,10
13.0304002762,80.2242507935,37606,37616,10
13.029800415,80.2242584229,37616,37627,11
13.0292301178,80.2242736816,37627,37637,10
13.0290203094,80.2242279053,37637,37647,10
13.0289001465,80.2241363525,37647,37657,10
13.0286197662,80.2241134644,37657,37667,10
13.0284204483,80.2244491577,37667,37677,10
13.0282697678,80.2251281738,37677,37687,10
13.0281095505,80.2257995605,37687,37697,10
13.0279998779,80.2263717651,37697,37707,10
13.0279302597,80.2268371582,37707,37717,10
13.0281095505,80.2270278931,37717,37727,10
13.0285997391,80.2271270752,37727,37738,11
13.0293102264,80.2272491455,37738,37748,10
13.0299901962,80.2273635864,37748,37764,16
13.0304203033,80.2277526855,37764,37776,12
13.030380249,80.2280426025,37776,37786,10
13.030380249,80.2280502319,37786,37796,10
13.0303297043,80.2284088135,37796,37806,10
13.0303297043,80.2293624878,37806,37836,30
13.0303297043,80.2293624878,37836,37847,11
13.0304403305,80.2296066284,37847,37857,10
13.0305995941,80.2300491333,37857,37867,10
13.0307197571,80.2306289673,37867,37887,20
13.0307197571,80.2306289673,37887,37897,10
13.0306901932,80.230758667,37897,37907,10
13.0302801132,80.230796814,37907,37917,10
13.0298204422,80.2308425903,37917,37927,10
13.0298099518,80.2308425903,37927,37937,10
13.0295600891,80.2308425903,37937,37947,10
13.029129982,80.2308731079,37947,37958,11
13.028429985,80.2309494019,37958,37968,10
13.0278301239,80.2309799194,37968,37978,10
13.0276298523,80.2311477661,37978,37988,10
13.0276699066,80.2315826416,37988,37998,10
13.0277500153,80.2320785522,37998,38008,10
13.0278902054,80.2326431274,38008,38018,10
13.0274496078,80.2328567505,38018,38028,10
13.0269603729,80.2329483032,38028,38038,10
13.0267896652,80.2329788208,38038,38048,10
13.0264997482,80.2330169678,38048,38058,10
13.0262699127,80.2326202393,38058,38069,11
13.0260896683,80.2319107056,38069,38079,10
13.0258998871,80.2311401367,38079,38089,10
13.0255298615,80.2303009033,38089,38099,10
13.0251197815,80.2297210693,38099,38109,10
13.0250101089,80.2295837402,38109,38119,10
13.0248098373,80.2293167114,38119,38129,10
13.0245504379,80.2289810181,38129,38139,10
13.0242004395,80.2285308838,38139,38149,10
13.0238399506,80.2281036377,38149,38159,10
13.0238199234,80.2280883789,38159,38169,10
13.0237903595,80.2280426025,38169,38180,11
13.0235099792,80.2277526855,38180,38190,10
13.0231199265,80.2273406982,38190,38200,10
13.0225896835,80.2268600464,38200,38210,10
13.0221004486,80.2264328003,38210,38220,10
13.0215797424,80.226020813,38220,38230,10
13.0210103989,80.2255783081,38230,38240,10
13.0204000473,80.225151062,38240,38250,10
13.0200500488,80.224937439,38250,38260,10
13.0200395584,80.2249298096,38260,38270,10
13.0199699402,80.2248764038,38270,38280,10
13.019659996,80.2247009277,38280,38291,11
13.0189599991,80.2245330811,38291,38301,10
13.0181703568,80.2247695923,38301,38311,10
13.0172996521,80.2251281738,38311,38321,10
13.0165901184,80.2254180908,38321,38331,10
13.0161399841,80.2256011963,38331,38341,10
13.0157203674,80.2257385254,38341,38351,10
13.0154800415,80.2258071899,38351,38361,10
13.0151996613,80.2259216309,38361,38371,10
13.0148096085,80.2260818481,38371,38381,10
13.0146999359,80.2261276245,38381,38391,10
13.0146398544,80.2261581421,38391,38402,11
13.0142297745,80.2262802124,38402,38412,10
13.013589859,80.2265167236,38412,38422,10
13.0128002167,80.2268371582,38422,38432,10
13.0119400024,80.2271881104,38432,38442,10
13.0110197067,80.2275466919,38442,38452,10
13.0100603104,80.2279663086,38452,38462,10
13.0092201233,80.2284011841,38462,38472,10
13.0089702606,80.2292861938,38472,38482,10
13.008769989,80.2303466797,38482,38492,10
13.0085601807,80.2314300537,38492,38503,11
13.0083398819,80.2326202393,38503,38513,10
13.0081501007,80.2338027954,38513,38543,30
13.0081501007,80.2338027954,38543,38553,10
13.0080795288,80.2340164185,38553,38563,10
13.0080003738,80.2344284058,38563,38573,10
13.0079402924,80.2347793579,38573,38583,10
13.0078697205,80.2351531982,38583,38593,10
13.0077400208,80.2357635498,38593,38604,11
13.0075902939,80.2365722656,38604,38614,10
13.0074195862,80.237411499,38614,38624,10
13.0072603226,80.2382888794,38624,38634,10
13.0070800781,80.2392883301,38634,38644,10
13.0069103241,80.2401580811,38644,38654,10
13.0068702698,80.2407073975,38654,38664,10
13.0068397522,80.2408828735,38664,38674,10
13.0067796707,80.2411499023,38674,38684,10
13.0067396164,80.2417221069,38684,38694,10
13.0067195892,80.2424163818,38694,38704,10
13.0066900253,80.2431488037,38704,38714,10
13.0066900253,80.243888855,38714,38725,11
13.0066995621,80.2448196411,38725,38735,10
13.0067195892,80.2455673218,38735,38745,10
13.0067501068,80.2462310791,38745,38755,10
13.0067396164,80.2469863892,38755,38765,10
13.0066995621,80.2478027344,38765,38775,10
13.0067396164,80.2486801147,38775,38785,10
13.0068397522,80.249420166,38785,38795,10
13.0068397522,80.2496566772,38795,38805,10
13.0068397522,80.2498168945,38805,38815,10
13.006819725,80.25025177,38815,38825,10
13.0068397522,80.2508163452,38825,38836,11
13.0068302155,80.2513198853,38836,38846,10
13.0066699982,80.2519378662,38846,38856,10
13.0065498352,80.2526473999,38856,38866,10
13.0065498352,80.2534713745,38866,38876,10
13.0065603256,80.2543487549,38876,38886,10
13.0066099167,80.2548065186,38886,38896,10
13.0066099167,80.2548217773,38896,38906,10
13.0066099167,80.2551422119,38906,38916,10
13.0066003799,80.2557678223,38916,38932,16
13.0066604614,80.2571029663,38932,38944,12
13.006360054,80.2575531006,38944,38955,11
13.0056800842,80.2574005127,38955,38965,10
13.0051898956,80.2572784424,38965,38975,10
13.0044298172,80.2571182251,38975,38984,9
13.0039196014,80.2570114136,38984,38995,11
13.0035200119,80.2569732666,38995,39005,10
13.0032901764,80.2569198608,39005,39015,10
13.0031299591,80.2568893433,39015,39025,10
13.0028095245,80.2568283081,39025,39076,51
13.0028095245,80.2568283081,39076,39086,10
13.002699852,80.2568817139,39086,39096,10
13.0024995804,80.2568206787,39096,39106,10
13.0020999908,80.2567214966,39106,39116,10
13.0016899109,80.256652832,39116,39126,10
13.0013504028,80.2566070557,39126,39197,71
13.0013504028,80.2566070557,39197,39207,10
13.0010595322,80.2565612793,39207,39217,10
13.0005598068,80.2564468384,39217,39227,10
12.9999904633,80.256362915,39227,39237,10
12.9996795654,80.2562866211,39237,39247,10
12.9993095398,80.2562179565,39247,39257,10
12.9987001419,80.256111145,39257,39267,10
12.9977703094,80.2560577393,39267,39318,51
12.9977703094,80.2560577393,39318,39328,10
12.9976701736,80.2563171387,39328,39338,10
12.997759819,80.256652832,39338,39348,10
12.9977197647,80.2570800781,39348,39447,99
12.9977197647,80.2570800781,39447,39457,10
12.997590065,80.2568893433,39457,39568,111
12.997590065,80.2568893433,39568,39578,10
12.9975299835,80.256652832,39578,39588,10
12.9976396561,80.2561798096,39588,39609,21
12.9976396561,80.2561798096,39609,39619,10
12.9975795746,80.2559585571,39619,39629,10
12.9971904755,80.2559509277,39629,39639,10
12.9968996048,80.2561798096,39639,39649,10
12.9968395233,80.2566986084,39649,39659,10
12.9968004227,80.2572784424,39659,39669,10
12.9967098236,80.2579879761,39669,39679,10
12.9966497421,80.2586593628,39679,39689,10
12.9966001511,80.259147644,39689,39699,10
12.9965295792,80.2597732544,39699,39709,10
12.9964599609,80.260559082,39709,39720,11
12.9963598251,80.2615585327,39720,39730,10
12.9962997437,80.2620925903,39730,39740,10
12.9962701797,80.262336731,39740,39750,10
12.9962596893,80.2624130249,39750,39760,10
12.9962100983,80.2628097534,39760,39770,10
12.9961500168,80.263381958,39770,39780,10
12.9960699081,80.2640991211,39780,39790,10
12.9959697723,80.2649536133,39790,39800,10
12.995880127,80.2659378052,39800,39810,10
12.995759964,80.2669677734,39810,39820,10
12.9962596893,80.2677078247,39820,39841,21
12.9962596893,80.2677078247,39841,39851,10
12.9963998795,80.2677230835,39851,39861,10
12.9968299866,80.2677230835,39861,39871,10
12.9974603653,80.2675476074,39871,39881,10
12.9981002808,80.2673568726,39881,39891,10
12.9988498688,80.2671508789,39891,39901,10
12.9995098114,80.2669372559,39901,39911,10
12.9999799728,80.266708374,39911,39921,10
13.000120163,80.2665023804,39921,39931,10
13.0001602173,80.2661514282,39931,39942,11
13.0002202988,80.2657928467,39942,39952,10
13.0003299713,80.2656936646,39952,39962,10
13.0003795624,80.26587677,39962,39972,10
13.0002698898,80.2663574219,39972,40083,111
13.0002403259,80.2665405273,40083,40164,81
13.0003795624,80.2664489746,40164,40517,353
13.0003795624,80.2664489746,40517,40527,10
13.0003099442,80.2665176392,40527,40537,10
13.0003004074,80.2668075562,40537,40547,10
12.9999504089,80.2669219971,40547,40557,10
12.9993600845,80.2670593262,40557,40567,10
12.9986400604,80.2672805786,40567,40577,10
12.9979801178,80.2674407959,40577,40587,10
12.9973096848,80.2676391602,40587,40598,11
12.9964504242,80.267791748,40598,40608,10
12.9958095551,80.2677536011,40608,40618,10
12.9956197739,80.2673568726,40618,40638,20
12.9956197739,80.2673568726,40638,40648,10
12.9956703186,80.2671813965,40648,40658,10
12.9957199097,80.2668228149,40658,40668,10
12.9957895279,80.2662200928,40668,40678,10
12.995880127,80.2653884888,40678,40688,10
12.9960002899,80.2644577026,40688,40698,10
12.9961204529,80.2635498047,40698,40708,10
12.9961700439,80.262840271,40708,40719,11
12.9961900711,80.2625427246,40719,40729,10
12.9962100983,80.2623596191,40729,40739,10
12.9962596893,80.261932373,40739,40749,10
12.996339798,80.2612991333,40749,40759,10
12.996430397,80.2604980469,40759,40769,10
12.9965000153,80.2597808838,40769,40779,10
12.9965801239,80.2591781616,40779,40789,10
12.9966402054,80.2585372925,40789,40799,10
12.9967002869,80.2577819824,40799,40809,10
12.9967803955,80.2570800781,40809,40819,10
12.9968004227,80.2568283081,40819,40830,11
12.9968595505,80.256187439,40830,40910,80
12.9968595505,80.256187439,40910,40920,10
12.9967899323,80.2560119629,40920,40931,11
12.997010231,80.2557830811,40931,40941,10
12.9975500107,80.2558288574,40941,40951,10
12.9982404709,80.255897522,40951,40961,10
12.9987697601,80.2559814453,40961,40971,10
12.9989204407,80.2559814453,40971,40981,10
12.9990100861,80.2559890747,40981,40991,10
12.9991197586,80.2559967041,40991,41001,10
12.9995098114,80.2561035156,41001,41011,10
13.0001401901,80.2562179565,41011,41021,10
13.0008201599,80.2563400269,41021,41031,10
13.0013599396,80.2564468384,41031,41041,10
13.0018901825,80.2565612793,41041,41052,11
13.0024499893,80.256652832,41052,41062,10
13.002989769,80.2567596436,41062,41072,10
13.0036096573,80.2568817139,41072,41082,10
13.0041799545,80.2569885254,41082,41092,10
13.0048599243,80.2571334839,41092,41102,10
13.0056800842,80.2572631836,41102,41112,10
13.0061197281,80.2573165894,41112,41128,16
13.006360054,80.2573394775,41128,41140,12
13.0065202713,80.2571411133,41140,41150,10
13.0064897537,80.2565765381,41150,41161,11
13.0065002441,80.2548217773,41161,41171,10
13.0065002441,80.2548217773,41171,41181,10
13.0064401627,80.2538909912,41181,41191,10
13.0064401627,80.2534332275,41191,41201,10
13.0064401627,80.25340271,41201,41211,10
13.006480217,80.2531433105,41211,41221,10
13.0064897537,80.2525405884,41221,41231,10
13.0066003799,80.2518768311,41231,41282,51
13.0066003799,80.2518768311,41282,41292,10
13.0066404343,80.2517623901,41292,41302,10
13.0067396164,80.2514190674,41302,41312,10
13.0067501068,80.2507629395,41312,41322,10
13.0067100525,80.2499008179,41322,41332,10
13.0066795349,80.2489471436,41332,41342,10
13.0066299438,80.2482223511,41342,41351,9
13.0066204071,80.2477264404,41351,41403,52
13.0066204071,80.2477264404,41403,41413,10
13.0065803528,80.2475585938,41413,41423,10
13.0065898895,80.2471389771,41423,41433,10
13.0065603256,80.2467727661,41433,41443,10
13.0065402985,80.2465591431,41443,41463,20
13.0065402985,80.2465591431,41463,41473,10
13.0066204071,80.2463302612,41473,41483,10
13.0066404343,80.2458724976,41483,41494,11
13.0066404343,80.2451782227,41494,41504,10
13.0066204071,80.2446136475,41504,41514,10
13.0066404343,80.2441711426,41514,41524,10
13.0066299438,80.2436065674,41524,41534,10
13.0066099167,80.2429580688,41534,41544,10
13.0066003799,80.2421875,41544,41554,10
13.0066099167,80.2414779663,41554,41564,10
13.0066995621,80.2408599854,41564,41574,10
13.0068502426,80.2401580811,41574,41584,10
13.0069503784,80.2393722534,41584,41594,10
13.0071001053,80.2384796143,41594,41605,11
13.0072898865,80.2375488281,41605,41615,10
13.0073604584,80.2369232178,41615,41625,10
13.0073699951,80.236869812,41625,41635,10
13.0074300766,80.2366714478,41635,41645,10
13.0075798035,80.2362365723,41645,41655,10
13.0076999664,80.2355880737,41655,41665,10
13.0078496933,80.2348403931,41665,41675,10
13.0080003738,80.2340698242,41675,41685,10
13.008190155,80.2330780029,41685,41695,10
13.0084104538,80.2319717407,41695,41705,10
13.0086202621,80.2308578491,41705,41716,11
13.0088500977,80.2296676636,41716,41726,10
13.009059906,80.2285766602,41726,41736,10
13.0094299316,80.2275924683,41736,41746,10
13.0098800659,80.2266082764,41746,41756,10
13.0103197098,80.2257766724,41756,41766,10
13.0106496811,80.225112915,41766,41776,10
13.0108604431,80.2245483398,41776,41786,10
13.0111598969,80.2238922119,41786,41796,10
13.0114603043,80.2231826782,41796,41806,10
13.011759758,80.2224273682,41806,41817,11
13.012049675,80.2215805054,41817,41827,10
13.0124597549,80.2216033936,41827,41837,10
13.0128097534,80.2220993042,41837,41847,10
13.0132598877,80.2226409912,41847,41857,10
13.0138301849,80.2232818604,41857,41867,10
13.0143995285,80.2239074707,41867,41877,10
13.0149402618,80.2244415283,41877,41887,10
13.0152902603,80.2247695923,41887,41938,51
13.0152902603,80.2247695923,41938,41948,10
13.0154304504,80.2249069214,41948,41958,10
13.0157899857,80.225189209,41958,41968,10
13.0164403915,80.2253036499,41968,41978,10
13.0171499252,80.2250595093,41978,41988,10
13.0179395676,80.2247390747,41988,41998,10
13.0186395645,80.2244262695,41998,42008,10
13.0193099976,80.2242584229,42008,42028,20
13.0193099976,80.2242584229,42028,42038,10
13.0195503235,80.2243881226,42038,42049,11
13.0198202133,80.2245407104,42049,42059,10
13.0201702118,80.2248077393,42059,42069,10
13.0207004547,80.2251968384,42069,42079,10
13.0212402344,80.2256011963,42079,42089,10
13.0218200684,80.2260665894,42089,42099,10
13.0224304199,80.2266082764,42099,42109,10
13.0231304169,80.2272109985,42109,42119,10
13.0237703323,80.2277984619,42119,42129,10
13.0242996216,80.2283935547,42129,42139,10
13.024600029,80.228767395,42139,42149,10
13.0248498917,80.2291412354,42149,42160,11
13.0252799988,80.2297210693,42160,42170,10
13.025759697,80.2303695679,42170,42180,10
13.02602005,80.2309799194,42180,42190,10
13.0260696411,80.2312088013,42190,42200,10
13.0261497498,80.2313690186,42200,42210,10
13.0265398026,80.2312316895,42210,42220,10
13.0272197723,80.2310714722,42220,42230,10
13.0280399323,80.2309494019,42230,42240,10
13.0285596848,80.2308578491,42240,42250,10
13.0285797119,80.2308731079,42250,42260,10
13.028840065,80.2308578491,42260,42271,11
13.0293798447,80.2308120728,42271,42311,40
13.0293798447,80.2308120728,42311,42321,10
13.0295600891,80.2307891846,42321,42331,10
13.0300397873,80.2307281494,42331,42341,10
13.0306301117,80.2306518555,42341,42351,10
13.0307197571,80.2304763794,42351,42361,10
13.0305404663,80.2300186157,42361,42371,10
13.0303201675,80.2293777466,42371,42388,17
13.0304203033,80.2284011841,42388,42400,12
13.0304203033,80.2283096313,42400,42410,10
13.0304298401,80.2280578613,42410,42420,10
13.0304498672,80.2276916504,42420,42429,9
13.0300397873,80.2274780273,42429,42441,12
13.0291996002,80.2273406982,42441,42450,9
13.0286397934,80.2272415161,42450,42461,11
13.0281801224,80.2272033691,42461,42471,10
13.0281295776,80.227142334,42471,42480,9
13.0278396606,80.2270278931,42480,42492,12
13.0280303955,80.2265396118,42492,42502,10
13.0282096863,80.2258377075,42502,42512,10
13.0284795761,80.2249832153,42512,42522,10
13.0287799835,80.2240219116,42522,42542,20
13.0287799835,80.2240219116,42542,42551,9
13.0289802551,80.2241210938,42551,42562,11
13.0293197632,80.224281311,42562,42572,10
13.0299196243,80.2241973877,42572,42582,10
13.0305595398,80.2242584229,42582,42592,10
13.0311098099,80.2241897583,42592,42603,11
13.0311403275,80.223777771,42603,42613,10
13.0311803818,80.2230987549,42613,42633,20
13.0311803818,80.2230987549,42633,42643,10
13.0312595367,80.2228622437,42643,42653,10
13.0314702988,80.2224502563,42653,42663,10
13.0316801071,80.2219467163,42663,42673,10
13.0319099426,80.2215881348,42673,42683,10
13.0320196152,80.2210693359,42683,42693,10
13.0321598053,80.2205276489,42693,42703,10
13.0321598053,80.2199630737,42703,42714,11
13.0321702957,80.2197418213,42714,42724,10
13.0321598053,80.2196731567,42724,42734,10
13.0321598053,80.2193374634,42734,42744,10
13.0321598053,80.2187728882,42744,42754,10
13.0317401886,80.2184829712,42754,42764,10
13.0314598083,80.2180023193,42764,42774,10
13.0313796997,80.2173461914,42774,42784,10
13.0313396454,80.2170715332,42784,42794,10
13.0310497284,80.2170181274,42794,42804,10
13.0305500031,80.2169723511,42804,42814,10
13.0304203033,80.2166519165,42814,42825,11
13.030380249,80.2164764404,42825,42835,10
13.0303602219,80.2160186768,42835,42845,10
13.0303297043,80.2152633667,42845,42855,10
13.0303602219,80.2146987915,42855,42865,10
13.0303602219,80.2145462036,42865,42875,10
13.030380249,80.2143783569,42875,42885,10
13.0304498672,80.2139511108,42885,42895,10
13.0304803848,80.2136688232,42895,42905,10
13.0305099487,80.2134094238,42905,42915,10
13.0305700302,80.212928772,42915,42925,10
13.0306901932,80.2123413086,42925,42936,11
13.0307703018,80.2117919922,42936,42946,10
13.030790329,80.2115936279,42946,42956,10
13.0308599472,80.2111968994,42956,42966,10
13.0308904648,80.2110290527,42966,42976,10
13.0309495926,80.2106399536,42976,42986,10
13.0309801102,80.2102737427,42986,42996,10
13.0309801102,80.2102584839,42996,43006,10
13.0308599472,80.2100830078,43006,43016,10
13.0305595398,80.2099914551,43016,43026,10
13.0301198959,80.2098693848,43026,43036,10
13.0301103592,80.2092819214,43036,43057,21
13.0301103592,80.2092819214,43057,43067,10
13.0301799774,80.2091598511,43067,43077,10
13.030670166,80.2091903687,43077,43087,10
13.0313596725,80.2093276978,43087,43097,10
13.0315999985,80.2093811035,43097,43107,10
13.0317802429,80.2093963623,43107,43117,10
13.0322904587,80.2095413208,43117,43127,10
13.0329999924,80.2096633911,43127,43137,10
13.0338697433,80.2098236084,43137,43147,10
13.0347003937,80.2099685669,43147,43158,11
13.0351495743,80.2095794678,43158,43168,10
13.0352201462,80.2089385986,43168,43178,10
13.0352497101,80.2086791992,43178,43188,10
13.0352802277,80.2085800171,43188,43198,10
13.035320282,80.2081604004,43198,43208,10
13.0354099274,80.2074966431,43208,43218,10
13.0355300903,80.2066879272,43218,43228,10
13.0355596542,80.2060470581,43228,43238,10
13.0354795456,80.2057189941,43238,43248,10
13.035490036,80.2054214478,43248,43258,10
13.0357303619,80.2052307129,43258,43269,11
13.0358400345,80.2046585083,43269,43279,10
13.0359802246,80.2039413452,43279,43289,10
13.0360803604,80.2031478882,43289,43299,10
13.0361995697,80.2024230957,43299,43309,10
13.0363397598,80.201713562,43309,43318,9
13.0362997055,80.2015228271,43318,43329,11
13.0363101959,80.2014389038,43329,43339,10
13.0363502502,80.2010726929,43339,43349,10
13.0364398956,80.2004394531,43349,43359,10
13.0366001129,80.1996765137,43359,43369,10
13.0367202759,80.1988067627,43369,43380,11
13.036740303,80.1984786987,43380,43390,10
13.0367898941,80.1982803345,43390,43400,10
13.0368795395,80.1979064941,43400,43410,10
13.0369596481,80.1974029541,43410,43420,10
13.0370197296,80.1968536377,43420,43430,10
13.0370798111,80.1964263916,43430,43440,10
13.0370903015,80.1962585449,43440,43450,10
13.0371398926,80.1958618164,43450,43460,10
13.037229538,80.1953582764,43460,43470,10
13.0373401642,80.1946411133,43470,43480,10
13.0374403,80.1937866211,43480,43491,11
13.037560463,80.1929626465,43491,43501,10
13.0376996994,80.1928329468,43501,43511,10
13.0380001068,80.1927719116,43511,43521,10
13.0385398865,80.1928634644,43521,43531,10
13.038860321,80.1928787231,43531,43541,10
13.0389404297,80.1928710938,43541,43551,10
13.0392599106,80.1928787231,43551,43561,10
13.039730072,80.1929626465,43561,43571,10
13.0401096344,80.1930389404,43571,43581,10
13.0405597687,80.193107605,43581,43591,10
13.0410804749,80.1931762695,43591,43602,11
13.0416202545,80.1932601929,43602,43612,10
13.0417699814,80.1932983398,43612,43622,10
13.0417900085,80.1935882568,43622,43632,10
13.0417604446,80.1938705444,43632,43642,10
13.0417499542,80.1940765381,43642,43652,10
13.0416898727,80.1945800781,43652,43662,10
13.0416002274,80.1952209473,43662,43672,10
13.0415201187,80.1958236694,43672,43682,10
13.0414495468,80.1963424683,43682,43692,10
13.041390419,80.1967926025,43692,43703,11
13.0413103104,80.1972198486,43703,43713,10
13.0412302017,80.1978225708,43713,43723,10
13.0411300659,80.1984634399,43723,43733,10
13.0410499573,80.1991424561,43733,43743,10
13.0410003662,80.1994400024,43743,43753,10
13.0409002304,80.1998977661,43753,43763,10
13.0408201218,80.200592041,43763,43773,10
13.0406999588,80.201461792,43773,43783,10
13.0406303406,80.202003479,43783,43793,10
13.0405797958,80.2023773193,43793,43803,10
13.04047966,80.2029800415,43803,43813,10
13.0403699875,80.2037734985,43813,43830,17
13.0402498245,80.2047119141,43830,43842,12
13.0404396057,80.2050323486,43842,43852,10
13.04088974,80.205078125,43852,43860,8
13.041179657,80.2051086426,43860,43871,11
13.041469574,80.2051696777,43871,43883,12
13.0421695709,80.2052612305,43883,43893,10
13.0426797867,80.2054519653,43893,43903,10
13.0429697037,80.205947876,43903,43913,10
13.0433702469,80.2065200806,43913,43923,10
13.0438203812,80.2071533203,43923,43934,11
13.0441198349,80.2080383301,43934,43944,10
13.0441503525,80.2087783813,43944,43954,10
13.0441598892,80.2090835571,43954,43964,10
13.0441799164,80.2091522217,43964,43974,10
13.0441799164,80.2094573975,43974,43984,10
13.0441904068,80.2100601196,43984,43994,10
13.0442199707,80.2108001709,43994,44004,10
13.0442695618,80.2116470337,44004,44023,19
13.0445699692,80.2122802734,44023,44035,12
13.0452804565,80.2122497559,44035,44046,11
13.0461196899,80.2122192383,44046,44056,10
13.0469102859,80.2121429443,44056,44076,20
13.0469102859,80.2121429443,44076,44086,10
13.0470104218,80.2119979858,44086,44095,9
13.0470199585,80.2116394043,44095,44106,11
13.0469903946,80.2110595703,44106,44115,9
13.0471897125,80.2107696533,44115,44126,11
13.0476999283,80.2107696533,44126,44136,10
13.0481901169,80.2107772827,44136,44146,10
13.0488300323,80.2107925415,44146,44157,11
13.0493497849,80.2108078003,44157,44167,10
13.0496997833,80.2107620239,44167,44177,10
13.0496501923,80.2103881836,44177,44187,10
13.0495700836,80.2097625732,44187,44197,10
13.0493803024,80.2091064453,44197,44207,10
13.0492897034,80.208480835,44207,44217,10
13.0490703583,80.207862854,44217,44227,10
13.0488500595,80.2072601318,44227,44257,30
13.0488500595,80.2072601318,44257,44268,11
13.0489597321,80.2068634033,44268,44288,20
13.0489597321,80.2068634033,44288,44298,10
13.0491399765,80.2068786621,44298,44308,10
13.0493202209,80.2069015503,44308,44318,10
13.0493803024,80.2071380615,44318,44621,303
13.0493803024,80.2071380615,44621,44631,10
13.0494403839,80.2074890137,44631,44702,71
13.0497398376,80.20728302,44702,44833,131
13.0494499207,80.2072525024,44833,45176,343
13.0494499207,80.2072525024,45176,45186,10
13.0492696762,80.2073364258,45186,45196,10
13.0490598679,80.2073364258,45196,45206,10
13.049030304,80.2075195313,45206,45216,10
13.0491399765,80.207862854,45216,45226,10
13.0493001938,80.2083511353,45226,45236,10
13.0494298935,80.2089233398,45236,45246,10
13.0495004654,80.2095031738,45246,45257,11
13.0496101379,80.2100219727,45257,45267,10
13.0496397018,80.2105636597,45267,45277,10
13.0497198105,80.2109985352,45277,45287,10
13.049779892,80.2113571167,45287,45297,10
13.0498199463,80.2116317749,45297,45327,30
13.0498199463,80.2116317749,45327,45337,10
13.0498504639,80.211730957,45337,45347,10
13.0499000549,80.2119598389,45347,45357,10
13.0498800278,80.2120132446,45357,45368,11
13.0496902466,80.2122116089,45368,45398,30
13.0496902466,80.2122116089,45398,45408,10
13.0495300293,80.2121582031,45408,45418,10
13.0493202209,80.2121582031,45418,45428,10
13.0488100052,80.2121734619,45428,45438,10
13.0481395721,80.2122192383,45438,45448,10
13.047369957,80.2122802734,45448,45458,10
13.0464801788,80.2123184204,45458,45468,10
13.0455703735,80.212348938,45468,45479,11
13.0444698334,80.2124099731,45479,45499,20
13.0444698334,80.2124099731,45499,45509,10
13.0443000793,80.2121505737,45509,45519,10
13.0442800522,80.2116012573,45519,45529,10
13.0442399979,80.2108688354,45529,45539,10
13.0442399979,80.2102432251,45539,45549,10
13.0441999435,80.209602356,45549,45559,10
13.0441703796,80.2090682983,45559,45569,10
13.0441303253,80.2089004517,45569,45579,10
13.0440797806,80.2086029053,45579,45590,11
13.0440301895,80.2080001831,45590,45600,10
13.0437698364,80.2073516846,45600,45610,10
13.043390274,80.2067871094,45610,45620,10
13.0429296494,80.2061309814,45620,45630,10
13.0424098969,80.2055206299,45630,45640,10
13.0418395996,80.2053527832,45640,45650,10
13.0408496857,80.2051773071,45650,45670,20
13.0408496857,80.2051773071,45670,45680,10
13.0404596329,80.2051086426,45680,45690,10
13.0399503708,80.205039978,45690,45700,10
13.0393600464,80.2049331665,45700,45717,17
13.0383300781,80.204788208,45717,45729,12
13.0382204056,80.2042922974,45729,45738,9
13.0382900238,80.2037963867,45738,45749,11
13.0383901596,80.2032012939,45749,45759,10
13.0384302139,80.2026901245,45759,45769,10
13.0384597778,80.2022705078,45769,45779,10
13.0385303497,80.2018280029,45779,45789,10
13.038599968,80.2014007568,45789,45799,10
13.038649559,80.2008972168,45799,45809,10
13.0387601852,80.2003936768,45809,45820,11
13.0387897491,80.1997299194,45820,45830,10
13.0388898849,80.1993484497,45830,45840,10
13.0389604568,80.1990814209,45840,45850,10
13.0389795303,80.1986236572,45850,45860,10
13.039150238,80.1979675293,45860,45870,10
13.039270401,80.1974182129,45870,45880,10
13.0392398834,80.1969909668,45880,45890,10
13.0392398834,80.1968917847,45890,45900,10
13.0392599106,80.1966171265,45900,45910,10
13.0393199921,80.1961975098,45910,45920,10
13.0394697189,80.1956176758,45920,45931,11
13.0396299362,80.1948394775,45931,45941,10
13.0397100449,80.1939926147,45941,45951,10
13.0397596359,80.1931762695,45951,45971,20
13.0397596359,80.1931762695,45971,45981,10
13.0396003723,80.1930389404,45981,45991,10
13.0392103195,80.1929626465,45991,46001,10
13.0387601852,80.1929016113,46001,46011,10
13.0386400223,80.1928787231,46011,46021,10
13.0384502411,80.1928405762,46021,46031,10
13.0381002426,80.192817688,46031,46042,11
13.0376796722,80.1930007935,46042,46052,10
13.0375699997,80.193611145,46052,46062,10
13.0374603271,80.1943283081,46062,46072,10
13.0373401642,80.1951828003,46072,46082,10
13.0372400284,80.1958694458,46082,46092,10
13.0371904373,80.1961288452,46092,46102,10
13.0370702744,80.1966018677,46102,46112,10
13.0369701385,80.1973114014,46112,46122,10
13.0368700027,80.1980895996,46122,46132,10
13.0368099213,80.1986083984,46132,46143,11
13.0368003845,80.1986465454,46143,46153,10
13.0367202759,80.1987991333,46153,46163,10
13.0366201401,80.1992416382,46163,46173,10
13.0364904404,80.1999130249,46173,46183,10
13.0364103317,80.2007522583,46183,46193,10
13.0363197327,80.2014083862,46193,46203,10
13.0362501144,80.2017364502,46203,46213,10
13.036239624,80.2017822266,46213,46223,10
13.0361795425,80.2021179199,46223,46233,10
13.0361299515,80.2026062012,46233,46243,10
13.0360498428,80.2032928467,46243,46253,10
13.0359802246,80.2038421631,46253,46264,11
13.0359201431,80.2043991089,46264,46274,10
13.0358600616,80.2048797607,46274,46284,10
13.0357904434,80.2055587769,46284,46294,10
13.0357398987,80.2058563232,46294,46304,10
13.0356798172,80.2062606812,46304,46314,10
13.0355901718,80.2069091797,46314,46324,10
13.035490036,80.2076721191,46324,46334,10
13.0354204178,80.2082519531,46334,46344,10
13.0353899002,80.2083206177,46344,46354,10
13.0354003906,80.2083816528,46354,46365,11
13.0353403091,80.2087097168,46365,46375,10
13.0352401733,80.2092208862,46375,46385,10
13.0351600647,80.2098083496,46385,46395,10
13.0350799561,80.2103271484,46395,46405,10
13.0348796844,80.2107620239,46405,46415,10
13.0347795486,80.2114181519,46415,46425,10
13.0346403122,80.2120513916,46425,46435,10
13.0341501236,80.212059021,46435,46445,10
13.0336399078,80.212020874,46445,46455,10
13.0325403214,80.2119293213,46455,46476,21
13.0325403214,80.2119293213,46476,46486,10
13.0322999954,80.2118835449,46486,46496,10
13.0319004059,80.2116317749,46496,46506,10
13.0319404602,80.2109832764,46506,46516,10
13.0319299698,80.2102737427,46516,46526,10
13.0318899155,80.2096786499,46526,46536,10
13.0313901901,80.2095184326,46536,46546,10
13.0307502747,80.2092971802,46546,46556,10
13.0302801132,80.2091598511,46556,46566,10
13.0300998688,80.2093200684,46566,46576,10
13.0300102234,80.2095184326,46576,46586,10
13.0300102234,80.2097320557,46586,46597,11
13.0304403305,80.2098693848,46597,46607,10
13.0308504105,80.2099761963,46607,46617,10
13.0309400558,80.2101593018,46617,46627,10
13.0308904648,80.2105407715,46627,46637,10
13.03083992,80.2110137939,46637,46647,10
13.0307998657,80.211227417,46647,46663,16
13.0307397842,80.2117462158,46663,46675,12
13.0305995941,80.2123031616,46675,46683,8
13.0305404663,80.2128372192,46683,46695,12
13.0304603577,80.2135162354,46695,46706,11
13.0304298401,80.2137374878,46706,46716,10
13.030380249,80.2141036987,46716,46726,10
13.0303297043,80.2145309448,46726,46736,10
13.0303201675,80.2146835327,46736,46746,10
13.0303401947,80.2149810791,46746,46756,10
13.0303297043,80.2154998779,46756,46766,10
13.0303497314,80.2160568237,46766,46776,10
13.0303897858,80.2165603638,46776,46786,10
13.0305595398,80.2168884277,46786,46796,10
13.0306997299,80.2168884277,46796,46806,10
13.0308198929,80.2169113159,46806,46817,11
13.0311698914,80.2169036865,46817,46827,10
13.031419754,80.2170181274,46827,46837,10
13.0314702988,80.2174606323,46837,46847,10
13.0315198898,80.2180786133,46847,46857,10
13.0319004059,80.2183685303,46857,46867,10
13.0322198868,80.2185974121,46867,46877,10
13.0321798325,80.2191772461,46877,46887,10
13.0321397781,80.2198028564,46887,46897,10
13.0321598053,80.2203521729,46897,46917,20
13.0321598053,80.2203521729,46917,46928,11
13.0321397781,80.2204818726,46928,46938,10
13.0320501328,80.2207565308,46938,46948,10
13.0319404602,80.221282959,46948,46958,10
13.0317697525,80.2218017578,46958,46968,10
13.0315198898,80.2221298218,46968,46978,10
13.0312595367,80.2226104736,46978,46988,10
13.0311603546,80.2231063843,46988,47004,16
13.0311203003,80.2235488892,47004,47016,12
13.031080246,80.223777771,47016,47024,8
13.0310697556,80.2238693237,47024,47037,13
13.0310001373,80.2242889404,47037,47047,10
13.0305404663,80.2242736816,47047,47057,10
13.02987957,80.2242507935,47057,47067,10
13.0292396545,80.2242889404,47067,47077,10
13.0290603638,80.2242507935,47077,47086,9
13.0289697647,80.2241897583,47086,47097,11
13.0287103653,80.2240829468,47097,47107,10
13.0284204483,80.224281311,47107,47117,10
13.0282402039,80.2250289917,47117,47127,10
13.0280199051,80.2259063721,47127,47137,10
13.027879715,80.2266082764,47137,47148,11
13.0278596878,80.2268981934,47148,47158,10
13.0282001495,80.2270584106,47158,47168,10
13.0284404755,80.2270812988,47168,47178,10
13.0285902023,80.2270889282,47178,47188,10
13.0288801193,80.227142334,47188,47198,10
13.0292797089,80.2272109985,47198,47208,10
13.02987957,80.2273178101,47208,47218,10
13.0303401947,80.2274169922,47218,47228,10
13.0303602219,80.2276000977,47228,47238,10
13.0302400589,80.2279510498,47238,47259,21
13.0302400589,80.2279510498,47259,47269,10
13.0302400589,80.2284317017,47269,47279,10
13.0302095413,80.2289505005,47279,47289,10
13.0302600861,80.2293777466,47289,47299,10
13.0304403305,80.2297515869,47299,47309,10
13.0305595398,80.230140686,47309,47319,10
13.0306301117,80.23046875,47319,47339,20
13.0306301117,80.23046875,47339,47349,10
13.0305700302,80.2307434082,47349,47360,11
13.0302696228,80.2307662964,47360,47370,10
13.0301904678,80.2307815552,47370,47380,10
13.0301103592,80.2307815552,47380,47390,10
13.0298204422,80.2308578491,47390,47400,10
13.0293998718,80.2308883667,47400,47410,10
13.0287599564,80.2309188843,47410,47420,10
13.0280599594,80.2309799194,47420,47430,10
13.0277004242,80.2310409546,47430,47440,10
13.0276498795,80.2314224243,47440,47450,10
13.0277204514,80.2319488525,47450,47460,10
13.0278100967,80.2323913574,47460,47471,11
13.0277395248,80.2328414917,47471,47481,10
13.0270395279,80.2329711914,47481,47501,20
13.0270395279,80.2329711914,47501,47511,10
13.0268802643,80.2329864502,47511,47521,10
13.0265798569,80.233039856,47521,47531,10
13.0262804031,80.2326278687,47531,47541,10
13.0261001587,80.2320327759,47541,47551,10
13.025970459,80.231590271,47551,47561,10
13.0257997513,80.2309570313,47561,47571,10
13.02546978,80.2302093506,47571,47581,10
13.0250196457,80.229598999,47581,47592,11
13.0245895386,80.2291030884,47592,47602,10
13.0240602493,80.2284622192,47602,47622,20
13.0240602493,80.2284622192,47622,47632,10
13.0239295959,80.2283172607,47632,47642,10
13.0237998962,80.2280807495,47642,47652,10
13.0234098434,80.2276535034,47652,47662,10
13.0228700638,80.2271499634,47662,47672,10
13.0221595764,80.2265396118,47672,47682,10
13.0214500427,80.2259674072,47682,47693,11
13.0207300186,80.2253799438,47693,47703,10
13.0199804306,80.2248687744,47703,47713,10
13.0191602707,80.2245178223,47713,47723,10
13.0182104111,80.2247467041,47723,47733,10
13.0173196793,80.225112915,47733,47743,10
13.0167503357,80.2253417969,47743,47753,10
13.0164403915,80.2254562378,47753,47763,10
13.0161504745,80.2255477905,47763,47773,10
13.015999794,80.2256011963,47773,47783,10
13.0156097412,80.2257232666,47783,47793,10
13.0152301788,80.2258911133,47793,47804,11
13.0150203705,80.2259902954,47804,47814,10
13.0149698257,80.226020813,47814,47824,10
13.0147104263,80.2260665894,47824,47834,10
13.0143098831,80.2262420654,47834,47844,10
13.0136098862,80.2265319824,47844,47854,10
13.0127401352,80.2269134521,47854,47864,10
13.0117101669,80.2273025513,47864,47874,10
13.0107002258,80.2277069092,47874,47884,10
13.0096502304,80.2281112671,47884,47894,10
13.0090398788,80.2288818359,47894,47904,10
13.0088195801,80.2299804688,47904,47914,10
13.0085897446,80.2311630249,47914,47925,11
13.0083503723,80.2324295044,47925,47941,16
13.0081396103,80.233757019,47941,47953,12
13.0079698563,80.2345275879,47953,47963,10
13.0078201294,80.2352294922,47963,47973,10
13.0075902939,80.2363891602,47973,47983,10
13.0073604584,80.2375183105,47983,47993,10
13.0071496964,80.2387390137,47993,48003,10
13.0069704056,80.2396697998,48003,48013,10
13.0069103241,80.2403793335,48013,48023,10
13.0067901611,80.2409210205,48023,48034,11
13.0067596436,80.2411422729,48034,48044,10
13.0067396164,80.2415618896,48044,48054,10
13.0067100525,80.2422103882,48054,48064,10
13.0066795349,80.243057251,48064,48074,10
13.0066404343,80.2439193726,48074,48084,10
13.0066404343,80.2449264526,48084,48094,10
13.0066900253,80.2459564209,48094,48104,10
13.0066995621,80.2467575073,48104,48114,10
13.0066699982,80.2473220825,48114,48124,10
13.0066795349,80.2479705811,48124,48134,10
13.0067195892,80.2486801147,48134,48145,11
13.0067996979,80.2493667603,48145,48155,10
13.0068101883,80.249458313,48155,48165,10
13.0067796707,80.2496795654,48165,48175,10
13.0067501068,80.2502365112,48175,48185,10
13.006770134,80.2509994507,48185,48195,10
13.0066604614,80.2517471313,48195,48205,10
13.0065002441,80.2525405884,48205,48215,10
13.0064897537,80.2535629272,48215,48225,10
13.006529808,80.2545394897,48225,48235,10
13.0065097809,80.2551422119,48235,48245,10
13.0065202713,80.2552337646,48245,48256,11
13.0065002441,80.2556762695,48256,48266,10
13.0065002441,80.2564086914,48266,48276,10
13.0065898895,80.2571792603,48276,48336,60
13.0065898895,80.2571792603,48336,48346,10
13.0067300797,80.2571868896,48346,48357,11
13.0064001083,80.2574996948,48357,48367,10
13.0058698654,80.2574386597,48367,48377,10
13.005200386,80.257232666,48377,48387,10
13.0043697357,80.2570571899,48387,48397,10
13.0034599304,80.2568969727,48397,48407,10
13.0027704239,80.2567825317,48407,48417,10
13.0023002625,80.256690979,48417,48427,10
13.001950264,80.2566223145,48427,48437,10
13.0016298294,80.2565917969,48437,48478,41
13.0014696121,80.2564697266,48478,48488,10
13.0014696121,80.2564697266,48488,48498,10
13.0010700226,80.256439209,48498,48508,10
13.0004901886,80.2563705444,48508,48518,10
12.9999198914,80.2562866211,48518,48528,10
12.999250412,80.2561569214,48528,48538,10
12.9986000061,80.2560501099,48538,48548,10
12.9980697632,80.2560501099,48548,48560,12
12.9976100922,80.2560119629,48560,48570,10
12.997420311,80.2559814453,48570,48580,10
12.9969997406,80.2560272217,48580,48591,11
12.9968395233,80.2564620972,48591,48601,10
12.9967002869,80.2570114136,48601,48611,10
12.9966096878,80.2577209473,48611,48621,10
12.9964799881,80.2584609985,48621,48631,10
12.9963998795,80.2592163086,48631,48641,10
12.9963102341,80.2599105835,48641,48651,10
12.9962797165,80.2606735229,48651,48661,10
12.9961996078,80.2613983154,48661,48671,10
12.9961700439,80.2618179321,48671,48681,10
12.9961204529,80.2620315552,48681,48692,11
12.9960603714,80.2621765137,48692,48702,10
12.996049881,80.2624282837,48702,48712,10
12.9960403442,80.2625579834,48712,48722,10
12.9959802628,80.2629394531,48722,48732,10
12.9959602356,80.2634506226,48732,48742,10
12.995929718,80.2642211914,48742,48752,10
12.9958400726,80.265007019,48752,48762,10
12.9957304001,80.2659606934,48762,48772,10
12.9956502914,80.2670211792,48772,48782,10
12.9957799911,80.267616272,48782,48792,10
12.9960803986,80.267616272,48792,48803,11
12.9962797165,80.2676315308,48803,48813,10
12.9967803955,80.2676315308,48813,48823,10
12.9974002838,80.2674865723,48823,48833,10
12.9980697632,80.2673034668,48833,48843,10
12.9988098145,80.2670974731,48843,48853,10
12.9996204376,80.2668533325,48853,48863,10
13.0000600815,80.2665023804,48863,48873,10
13.0000696182,80.2664413452,48873,48889,16
13.0001802444,80.26587677,48889,48901,12
13.0003595352,80.2657394409,48901,48911,10
13.0002803802,80.2660827637,48911,48932,21
13.0002803802,80.2660827637,48932,48941,9
13.0001802444,80.2663574219,48941,49538,597
13.0001897812,80.2665405273,49538,50053,515
13.0001897812,80.2665405273,50053,50063,10
13.0002698898,80.2665786743,50063,50073,10
13.0002698898,80.2667388916,50073,50083,10
13.0000600815,80.2668914795,50083,50093,10
12.9996995926,80.266998291,50093,50103,10
12.9991703033,80.2671279907,50103,50113,10
12.998550415,80.2673110962,50113,50124,11
12.9979200363,80.2674789429,50124,50134,10
12.9972896576,80.2676773071,50134,50144,10
12.9965896606,80.2677688599,50144,50154,10
12.9959697723,80.2677536011,50154,50164,10
12.9956197739,80.2673416138,50164,50184,20
12.9956197739,80.2673416138,50184,50194,10
12.9956302643,80.267250061,50194,50204,10
12.9956798553,80.2669525146,50204,50214,10
12.9957103729,80.2664489746,50214,50224,10
12.9957799911,80.2658004761,50224,50234,10
12.9958496094,80.2650909424,50234,50251,17
12.9960603714,80.2639083862,50251,50263,12
12.9961500168,80.2630386353,50263,50273,10
12.9961795807,80.2625808716,50273,50283,10
12.9961795807,80.262512207,50283,50292,9
12.9962301254,80.2622299194,50292,50302,10
12.9962797165,80.2618637085,50302,50314,12
12.9963903427,80.2610626221,50314,50324,10
12.9964704514,80.2603302002,50324,50334,10
12.9965200424,80.2595977783,50334,50345,11
12.9966001511,80.2588119507,50345,50355,10
12.9966697693,80.258140564,50355,50365,10
12.9967498779,80.2573471069,50365,50375,10
12.9968204498,80.2567214966,50375,50385,10
12.9968299866,80.2565231323,50385,50395,10
12.9968595505,80.2562637329,50395,50405,10
12.9970197678,80.255821228,50405,50415,10
12.9974498749,80.2558517456,50415,50425,10
12.9979400635,80.255897522,50425,50435,10
12.9987401962,80.2559661865,50435,50466,31
12.9987401962,80.2559661865,50466,50476,10
12.9988603592,80.2560119629,50476,50486,10
12.9990797043,80.2560424805,50486,50516,30
12.9990797043,80.2560424805,50516,50526,10
12.9993896484,80.256072998,50526,50536,10
12.9998197556,80.2561569214,50536,50546,10
13.0003004074,80.2562789917,50546,50556,10
13.0006999969,80.2563476563,50556,50567,11
13.0010499954,80.2564163208,50567,50577,10
13.001449585,80.2564926147,50577,50587,10
13.0019302368,80.2565917969,50587,50597,10
13.0023698807,80.2566299438,50597,50607,10
13.002790451,80.2567062378,50607,50617,10
13.0032997131,80.2567977905,50617,50627,10
13.0038604736,80.256942749,50627,50637,10
13.0044803619,80.2570800781,50637,50647,10
13.0050697327,80.2572097778,50647,50656,9
13.0056295395,80.2573013306,50656,50667,11
13.0061903,80.2573394775,50667,50678,11
13.0064001083,80.2574615479,50678,50688,10
13.0065002441,80.2572479248,50688,50698,10
13.0065402985,80.2567214966,50698,50707,9
13.0065402985,80.2560424805,50707,50718,11
13.0065202713,80.2552719116,50718,50728,10
13.0065097809,80.2544708252,50728,50738,10
13.0064697266,80.2532196045,50738,50758,20
13.0064697266,80.2532196045,50758,50768,10
13.0065002441,80.253036499,50768,50779,11
13.0064897537,80.2528533936,50779,50789,10
13.0065202713,80.2524185181,50789,50799,10
13.0066299438,80.2518615723,50799,50809,10
13.0067396164,80.251121521,50809,50819,10
13.0067501068,80.2503204346,50819,50829,10
13.0067396164,80.2495269775,50829,50839,10
13.0066900253,80.2487869263,50839,50849,10
13.0066204071,80.2481689453,50849,50859,10
13.0066003799,80.2478103638,50859,50889,30
13.0066003799,80.2478103638,50889,50900,11
13.0065698624,80.2477035522,50900,50910,10
13.0065803528,80.2472991943,50910,50920,10
13.0065698624,80.2467269897,50920,50930,10
13.0065603256,80.2464675903,50930,50940,10
13.0065803528,80.2464599609,50940,50950,10
13.0066204071,80.2461090088,50950,50960,10
13.0066099167,80.2454605103,50960,50970,10
13.0066003799,80.244682312,50970,50980,10
13.0065898895,80.2438964844,50980,50990,10
13.0065498352,80.2430877686,50990,51000,10
13.0065498352,80.2421875,51000,51011,11
13.0065603256,80.2411422729,51011,51021,10
13.0067195892,80.2402496338,51021,51031,10
13.0068702698,80.2395019531,51031,51041,10
13.0070199966,80.2386398315,51041,51051,10
13.0072097778,80.2378463745,51051,51061,10
13.007349968,80.2372283936,51061,51071,10
13.007399559,80.2367172241,51071,51081,10
13.0074195862,80.236618042,51081,51091,10
13.0074796677,80.2365036011,51091,51101,10
13.0075702667,80.2360992432,51101,51111,10
13.0076799393,80.2356414795,51111,51121,10
13.0077800751,80.235168457,51121,51138,17
13.008020401,80.2340011597,51138,51150,12
13.0082302094,80.2328567505,51150,51158,8
13.0083999634,80.2320022583,51158,51169,11
13.0086402893,80.2308807373,51169,51181,12
13.0088796616,80.2296829224,51181,51191,10
13.0090904236,80.2286911011,51191,51201,10
13.0094003677,80.2277832031,51201,51211,10
13.0098896027,80.2266769409,51211,51221,10
13.0103502274,80.2257003784,51221,51231,10
13.0107603073,80.224822998,51231,51242,11
13.0111703873,80.2237319946,51242,51252,10
13.0115003586,80.2229232788,51252,51262,10
13.0118598938,80.2219314575,51262,51272,10
13.0122203827,80.2213592529,51272,51282,10
13.0124597549,80.2215576172,51282,51292,10
13.0129404068,80.2221221924,51292,51302,10
13.0134296417,80.2227020264,51302,51312,10
13.0139303207,80.2232513428,51312,51322,10
13.0142803192,80.2237167358,51322,51332,10
13.0147399902,80.224281311,51332,51342,10
13.0152196884,80.2248077393,51342,51353,11
13.0155200958,80.2249526978,51353,51363,10
13.0155296326,80.2249526978,51363,51373,10
13.0156297684,80.224937439,51373,51383,10
13.0158596039,80.225189209,51383,51393,10
13.0163202286,80.2253189087,51393,51403,10
13.0169897079,80.225151062,51403,51413,10
13.0176296234,80.224899292,51413,51423,10
13.0183296204,80.2246322632,51423,51433,10
13.0193996429,80.2243728638,51433,51454,21
13.0193996429,80.2243728638,51454,51464,10
13.019490242,80.2242736816,51464,51474,10
13.0196504593,80.2244186401,51474,51484,10
13.0196800232,80.2244491577,51484,51494,10
13.0199604034,80.2246780396,51494,51504,10
13.0203895569,80.2250213623,51504,51514,10
13.0208301544,80.2253036499,51514,51524,10
13.0212602615,80.2256164551,51524,51534,10
13.0216999054,80.225982666,51534,51544,10
13.0221004486,80.2262802124,51544,51554,10
13.0226097107,80.2267303467,51554,51565,11
13.0233001709,80.2273330688,51565,51575,10
13.0238599777,80.2278671265,51575,51585,10
13.0243396759,80.2284393311,51585,51595,10
13.0245895386,80.2287979126,51595,51605,10
13.0247402191,80.2290115356,51605,51615,10
13.0251197815,80.2294998169,51615,51625,10
13.0255899429,80.230140686,51625,51635,10
13.0259103775,80.230758667,51635,51644,9
13.0259895325,80.23097229,51644,51655,11
13.0260295868,80.2310180664,51655,51665,10
13.0262403488,80.2312393188,51665,51676,11
13.0268697739,80.2311172485,51676,51686,10
13.0276603699,80.2309265137,51686,51696,10
13.0284700394,80.2308578491,51696,51716,20
13.0284700394,80.2308578491,51716,51726,10
13.0287904739,80.2308425903,51726,51736,10
13.0291795731,80.230796814,51736,51746,10
13.0294303894,80.2307815552,51746,51756,10
13.0299501419,80.2307281494,51756,51766,10
13.0303897858,80.230682373,51766,51776,10
13.0306797028,80.2305908203,51776,51787,11
13.0305995941,80.230140686,51787,51797,10
13.0303897858,80.2295608521,51797,51807,10
13.0302801132,80.2289581299,51807,51817,10
13.0303401947,80.2284088135,51817,51827,10
13.0303401947,80.2282714844,51827,51837,10
13.0303602219,80.2280273438,51837,51847,10
13.0304098129,80.2275695801,51847,51857,10
13.0299501419,80.2274017334,51857,51867,10
13.0292196274,80.2272796631,51867,51877,10
13.0285396576,80.227180481,51877,51887,10
13.0284204483,80.2271270752,51887,51898,11
13.0280599594,80.2270812988,51898,51908,10
13.0279102325,80.2267608643,51908,51918,10
13.0280103683,80.2261199951,51918,51928,10
13.0282001495,80.2252883911,51928,51938,10
13.0283603668,80.2244491577,51938,51948,10
13.0285902023,80.2239837646,51948,51958,10
13.0287504196,80.2239608765,51958,51968,10
13.0289402008,80.2240829468,51968,51978,10
13.0292396545,80.2242507935,51978,51988,10
13.0298299789,80.2242431641,51988,51998,10
13.030579567,80.2242431641,51998,52009,11
13.0311098099,80.2241134644,52009,52019,10
13.0311203003,80.2236480713,52019,52029,10
13.0311803818,80.2231521606,52029,52039,10
13.0311803818,80.2230987549,52039,52049,10
13.0312595367,80.2227630615,52049,52059,10
13.0315103531,80.2223129272,52059,52069,10
13.0317697525,80.2217636108,52069,52079,10
13.0320100784,80.2211380005,52079,52089,10
13.0321702957,80.2205123901,52089,52099,10
13.0321702957,80.2199478149,52099,52109,10
13.0321702957,80.2197418213,52109,52120,11
13.0321798325,80.2195205688,52120,52130,10
13.0321998596,80.2190170288,52130,52140,10
13.0320100784,80.218460083,52140,52150,10
13.0314903259,80.2182235718,52150,52160,10
13.0314302444,80.2175216675,52160,52170,10
13.031370163,80.217048645,52170,52180,10
13.0311899185,80.2169876099,52180,52190,10
13.030790329,80.2169570923,52190,52200,10
13.0304698944,80.2168121338,52200,52210,10
13.0304298401,80.2165985107,52210,52220,10
13.0304203033,80.2163619995,52220,52231,11
13.030380249,80.2159805298,52231,52241,10
13.0303497314,80.2154388428,52241,52251,10
13.0303401947,80.2147216797,52251,52261,10
13.0303602219,80.2145004272,52261,52271,10
13.030380249,80.2142791748,52271,52281,10
13.0304203033,80.2138214111,52281,52291,10
13.0304803848,80.2135314941,52291,52301,10
13.0305299759,80.213180542,52301,52311,10
13.0306196213,80.2125320435,52311,52321,10
13.0306997299,80.2118988037,52321,52331,10
13.030790329,80.211479187,52331,52342,11
13.03083992,80.2110519409,52342,52352,10
13.0309000015,80.2106781006,52352,52362,10
13.0309495926,80.2101898193,52362,52372,10
13.03083992,80.210067749,52372,52382,10
13.0304498672,80.2099609375,52382,52392,10
13.029999733,80.2097320557,52392,52402,10
13.0300703049,80.2093582153,52402,52412,10
13.0300998688,80.2092437744,52412,52422,10
13.0301599503,80.2090988159,52422,52432,10
13.0303297043,80.2090072632,52432,52442,10
13.0308799744,80.2091369629,52442,52453,11
13.0315504074,80.2093200684,52453,52463,10
13.0316801071,80.2093429565,52463,52473,10
13.0320396423,80.2094192505,52473,52483,10
13.0326795578,80.2095413208,52483,52493,10
13.0334701538,80.2096862793,52493,52503,10
13.034330368,80.2098312378,52503,52513,10
13.0350704193,80.2098922729,52513,52523,10
13.035200119,80.2094726563,52523,52533,10
13.0352802277,80.2088470459,52533,52543,10
13.0352802277,80.2086334229,52543,52553,10
13.0353097916,80.2085571289,52553,52570,17
13.0354003906,80.2078094482,52570,52582,12
13.0355300903,80.2068634033,52582,52592,10
13.0356197357,80.2062301636,52592,52602,10
13.0357103348,80.2056732178,52602,52612,10
13.0358400345,80.2049865723,52612,52622,10
13.0359296799,80.2042922974,52622,52632,10
13.0360498428,80.2035598755,52632,52642,10
13.0361700058,80.20262146,52642,52652,10
13.0362596512,80.2018127441,52652,52662,10
13.0362997055,80.2015304565,52662,52672,10
13.0363101959,80.2012863159,52672,52683,11
13.0364198685,80.2006912231,52683,52693,10
13.0365200043,80.1999816895,52693,52702,9
13.0366401672,80.1993179321,52702,52713,11
13.0367698669,80.1986236572,52713,52723,10
13.0368795395,80.1978607178,52723,52733,10
13.0369701385,80.1972198486,52733,52743,10
13.0370597839,80.1965866089,52743,52753,10
13.0371599197,80.1959991455,52753,52763,10
13.0372695923,80.1953735352,52763,52773,10
13.0373802185,80.1946334839,52773,52783,10
13.0374803543,80.1937637329,52783,52794,11
13.0377902985,80.192779541,52794,52814,20
13.0377902985,80.192779541,52814,52824,10
13.0381097794,80.1927490234,52824,52834,10
13.0385904312,80.1928405762,52834,52844,10
13.0389099121,80.192817688,52844,52854,10
13.0390195847,80.1928329468,52854,52864,10
13.0393695831,80.1929168701,52864,52874,10
13.0397996902,80.1930007935,52874,52884,10
13.0402402878,80.1931762695,52884,52894,10
13.0408000946,80.1932373047,52894,52904,10
13.0415401459,80.1933364868,52904,52915,11
13.0417404175,80.193687439,52915,52925,10
13.041680336,80.1943511963,52925,52935,10
13.0416002274,80.1950378418,52935,52945,10
13.0415401459,80.1956787109,52945,52955,10
13.0414400101,80.1961898804,52955,52965,10
13.0413799286,80.1965408325,52965,52975,10
13.0413503647,80.1966781616,52975,52985,10
13.0413103104,80.1970214844,52985,52995,10
13.0412597656,80.1976318359,52995,53005,10
13.041179657,80.1982116699,53005,53016,11
13.0410604477,80.1990585327,53016,53026,10
13.0409898758,80.1996765137,53026,53036,10
13.0408601761,80.2004394531,53036,53046,10
13.0407600403,80.2012863159,53046,53056,10
13.0406599045,80.2018890381,53056,53066,10
13.040599823,80.2023010254,53066,53076,10
13.0405197144,80.2029495239,53076,53086,10
13.0404195786,80.203742981,53086,53096,10
13.0402698517,80.2044830322,53096,53107,11
13.0402898788,80.2049865723,53107,53117,10
13.0407896042,80.2050628662,53117,53127,10
13.0412597656,80.2051391602,53127,53137,10
13.0412902832,80.2051391602,53137,53147,10
13.0415000916,80.2051620483,53147,53157,10
13.0417804718,80.2052307129,53157,53167,10
13.0423498154,80.2053222656,53167,53177,10
13.0427904129,80.2057418823,53177,53187,10
13.0432300568,80.206413269,53187,53197,10
13.0437698364,80.2070922852,53197,53207,10
13.0440998077,80.207862854,53207,53217,10
13.0441799164,80.2085800171,53217,53228,11
13.0441904068,80.2089614868,53228,53238,10
13.0441999435,80.2092666626,53238,53248,10
13.0441999435,80.2098236084,53248,53258,10
13.0442304611,80.2105407715,53258,53268,10
13.044260025,80.2113800049,53268,53278,10
13.0443096161,80.2119979858,53278,53288,10
13.044380188,80.2121582031,53288,53298,10
13.0446796417,80.2121963501,53298,53308,10
13.0452899933,80.2121582031,53308,53318,10
13.0460796356,80.2121429443,53318,53328,10
13.0468196869,80.2121124268,53328,53339,11
13.0470695496,80.2118988037,53339,53349,10
13.04708004,80.2116622925,53349,53359,10
13.04708004,80.2115020752,53359,53369,10
13.0470695496,80.2110290527,53369,53379,10
13.0471496582,80.2106170654,53379,53389,10
13.0476799011,80.2106704712,53389,53399,10
13.0483598709,80.2107009888,53399,53409,10
13.0489902496,80.2107620239,53409,53419,10
13.0495796204,80.2108001709,53419,53429,10
13.0496196747,80.2102737427,53429,53439,10
13.0495300293,80.2095718384,53439,53450,11
13.0494604111,80.2086791992,53450,53460,10
13.0492696762,80.2079162598,53460,53470,10
13.0488996506,80.2071228027,53470,53500,30
13.0488996506,80.2071228027,53500,53510,10
13.0487804413,80.2070770264,53510,53520,10
13.0488004684,80.2069015503,53520,53530,10
13.0489797592,80.2068023682,53530,53540,10
13.0492200851,80.2068481445,53540,53601,61
13.0490598679,80.2069778442,53601,53762,161
13.0491800308,80.20703125,53762,54055,293
13.0492401123,80.207359314,54055,54691,636
13.0493803024,80.2070617676,54691,55004,313
13.0492296219,80.2072982788,55004,55044,40
13.0492296219,80.2072982788,55044,55054,10
13.0490598679,80.207611084,55054,55064,10
13.0492401123,80.2078933716,55064,55074,10
13.0493803024,80.2083435059,55074,55084,10
13.0494203568,80.2088470459,55084,55094,10
13.0495004654,80.2093811035,55094,55105,11
13.0496101379,80.210067749,55105,55115,10
13.0496997833,80.2107391357,55115,55125,10
13.0498199463,80.2116394043,55125,55155,30
13.0498199463,80.2116394043,55155,55165,10
13.0499095917,80.2118835449,55165,55175,10
13.0496101379,80.2121963501,55175,55205,30
13.0496101379,80.2121963501,55205,55216,11
13.0489997864,80.2122192383,55216,55226,10
13.0484104156,80.2122421265,55226,55236,10
13.0477399826,80.2122497559,55236,55246,10
13.0470695496,80.2122879028,55246,55256,10
13.0463495255,80.2123031616,55256,55266,10
13.0455799103,80.2123184204,55266,55276,10
13.0446100235,80.212348938,55276,55347,71
13.0446100235,80.212348938,55347,55357,10
13.0442495346,80.2123184204,55357,55407,50
13.0442495346,80.2123184204,55407,55417,10
13.0442304611,80.212097168,55417,55427,10
13.0441799164,80.2113876343,55427,55438,11
13.0441598892,80.2104873657,55438,55448,10
13.0441398621,80.2096328735,55448,55458,10
13.0440797806,80.2089080811,55458,55468,10
13.0440797806,80.2087936401,55468,55478,10
13.044090271,80.2085266113,55478,55488,10
13.0441102982,80.2079391479,55488,55498,10
13.0437803268,80.2071380615,55498,55508,10
13.0432796478,80.2064208984,55508,55518,10
13.0427303314,80.2056732178,55518,55528,10
13.0419597626,80.2052993774,55528,55538,10
13.0407896042,80.2051696777,55538,55565,27
13.0407896042,80.2051696777,55565,55577,12
13.0404100418,80.2051620483,55577,55586,9
13.0399999619,80.2050476074,55586,55597,11
13.0392904282,80.2050323486,55597,55605,8
13.0387897491,80.2049789429,55605,55617,12
13.0382995605,80.2048034668,55617,55627,10
13.0383300781,80.2042236328,55627,55637,10
13.0383501053,80.2034301758,55637,55647,10
13.0384302139,80.2025604248,55647,55657,10
13.0385103226,80.2018508911,55657,55668,11
13.0386695862,80.2014389038,55668,55678,10
13.0388898849,80.2003326416,55678,55688,10
13.0388898849,80.2003326416,55688,55698,10
13.0390100479,80.1995697021,55698,55708,10
13.0389900208,80.1992797852,55708,55718,10
13.0390501022,80.1989517212,55718,55728,10
13.0391197205,80.1983413696,55728,55738,10
13.0392103195,80.1975784302,55738,55748,10
13.0393104553,80.1969909668,55748,55759,11
13.0393295288,80.1968688965,55759,55769,10
13.0394001007,80.1965408325,55769,55780,11
13.0394697189,80.196182251,55780,55790,10
13.0395402908,80.1954498291,55790,55800,10
13.0396699905,80.1947097778,55800,55810,10
13.0397195816,80.1937789917,55810,55820,10
13.0397396088,80.1931304932,55820,55830,10
13.0397396088,80.1930770874,55830,55840,10
13.0396203995,80.1930084229,55840,55850,10
13.0391798019,80.1929702759,55850,55860,10
13.0387001038,80.1928787231,55860,55870,10
13.0386600494,80.1928787231,55870,55880,10
13.0383796692,80.1928329468,55880,55891,11
13.0378904343,80.1929016113,55891,55901,10
13.037610054,80.1934280396,55901,55911,10
13.0375204086,80.1942214966,55911,55921,10
13.0374002457,80.1951065063,55921,55931,10
13.0372896194,80.1958618164,55931,55941,10
13.0372695923,80.1960601807,55941,55951,10
13.0372495651,80.1962203979,55951,55961,10
13.0371999741,80.1966400146,55961,55971,10
13.0370798111,80.1972579956,55971,55981,10
13.0369701385,80.1979980469,55981,55992,11
13.0368795395,80.198638916,55992,56002,10
13.0368795395,80.1986465454,56002,56012,10
13.0368204117,80.1990127563,56012,56022,10
13.0367298126,80.1995925903,56022,56032,10
13.0366201401,80.200340271,56032,56042,10
13.0365200043,80.2011108398,56042,56052,10
13.0364704132,80.201461792,56052,56062,10
13.0364704132,80.2016677856,56062,56072,10
13.0364704132,80.2016906738,56072,56082,10
13.0364398956,80.2018585205,56082,56092,10
13.036359787,80.2022399902,56092,56102,10
13.036239624,80.2028503418,56102,56113,11
13.0361003876,80.2036437988,56113,56123,10
13.0360002518,80.2042999268,56123,56133,10
13.0359296799,80.2048110962,56133,56143,10
13.035779953,80.2059020996,56143,56163,20
13.035779953,80.2059020996,56163,56173,10
13.0357303619,80.2062606812,56173,56183,10
13.0356903076,80.2067871094,56183,56193,10
13.0355501175,80.2074508667,56193,56203,10
13.0354700089,80.2083816528,56203,56224,21
13.0354700089,80.2083816528,56224,56234,10
13.0353803635,80.2086791992,56234,56244,10
13.035320282,80.2091827393,56244,56254,10
13.0352201462,80.2098617554,56254,56264,10
13.0350704193,80.2105102539,56264,56274,10
13.0348901749,80.2111587524,56274,56284,10
13.0347604752,80.2118988037,56284,56294,10
13.0342102051,80.2120513916,56294,56304,10
13.0334596634,80.2119674683,56304,56314,10
13.0325498581,80.2119064331,56314,56335,21
13.0325498581,80.2119064331,56335,56345,10
13.0323200226,80.2118835449,56345,56355,10
13.031920433,80.2117385864,56355,56365,10
13.031920433,80.2112731934,56365,56375,10
13.0320501328,80.2106170654,56375,56385,10
13.0321598053,80.2099075317,56385,56395,10
13.0317802429,80.2096176147,56395,56405,10
13.0311603546,80.2095108032,56405,56415,10
13.0308103561,80.2094802856,56415,56425,10
13.0304899216,80.2093963623,56425,56435,10
13.0301904678,80.2093429565,56435,56446,11
13.0301198959,80.2096405029,56446,56456,10
13.0301303864,80.2096633911,56456,56466,10
13.0302000046,80.2098922729,56466,56476,10
13.0305204391,80.2099380493,56476,56486,10
13.0309495926,80.2100067139,56486,56496,10
13.0310697556,80.2101669312,56496,56506,10
13.031080246,80.2106018066,56506,56516,10
13.0310096741,80.2110519409,56516,56526,10
13.030960083,80.2114105225,56526,56536,10
13.0308704376,80.2118377686,56536,56546,10
13.0307798386,80.2123794556,56546,56557,11
13.0306596756,80.2131576538,56557,56567,10
13.0305700302,80.2136383057,56567,56577,10
13.030500412,80.2139129639,56577,56587,10
13.0304603577,80.2144393921,56587,56597,10
13.0304098129,80.2147674561,56597,56607,10
13.0304002762,80.214881897,56607,56617,10
13.0304002762,80.2153701782,56617,56627,10
13.0305099487,80.216003418,56627,56637,10
13.0304803848,80.2165222168,56637,56647,10
13.0306997299,80.2168731689,56647,56657,10
13.0307197571,80.2168807983,56657,56668,11
13.0309801102,80.2168502808,56668,56678,10
13.0313796997,80.2169570923,56678,56688,10
13.0314903259,80.2173919678,56688,56698,10
13.0315504074,80.2181167603,56698,56708,10
13.0320701599,80.218421936,56708,56718,10
13.0322704315,80.2188720703,56718,56728,10
13.0322599411,80.2195205688,56728,56738,10
13.0322999954,80.2202224731,56738,56748,10
13.0322999954,80.2204208374,56748,56758,10
13.0321998596,80.2204971313,56758,56769,11
13.032119751,80.2209396362,56769,56779,10
13.0319595337,80.2215499878,56779,56789,10
13.0317401886,80.22215271,56789,56799,10
13.0315704346,80.2226333618,56799,56809,10
13.0313196182,80.2231826782,56809,56819,10
13.0311899185,80.2237625122,56819,56829,10
13.0312204361,80.224029541,56829,56839,10
13.0312204361,80.2242584229,56839,56849,10
13.0308904648,80.224357605,56849,56859,10
13.0302095413,80.224357605,56859,56869,10
13.0294704437,80.224357605,56869,56880,11
13.0290603638,80.2242736816,56880,56896,16
13.0289697647,80.2241897583,56896,56908,12
13.0286197662,80.2241210938,56908,56918,10
13.028429985,80.224609375,56918,56928,10
13.0282201767,80.2254562378,56928,56938,10
13.0280599594,80.226348877,56938,56948,10
13.0279598236,80.226852417,56948,56958,10
13.0280799866,80.2270126343,56958,56968,10
13.0285997391,80.2271499634,56968,56978,10
13.0293502808,80.2273025513,56978,56988,10
13.0300998688,80.227432251,56988,56999,11
13.0305099487,80.2276229858,56999,57009,10
13.0303897858,80.2279281616,57009,57029,20
13.0303401947,80.2282180786,57029,57041,12
13.0302400589,80.2286834717,57041,57051,10
13.0302600861,80.2290878296,57051,57061,10
13.0304002762,80.2295303345,57061,57071,10
13.0306100845,80.2302932739,57071,57081,10
13.0306196213,80.2306671143,57081,57091,10
13.0303201675,80.2307662964,57091,57101,10
13.0298500061,80.2308197021,57101,57112,11
13.0297603607,80.2308425903,57112,57122,10
13.0294399261,80.2309188843,57122,57132,10
13.0288696289,80.2309570313,57132,57142,10
13.0281801224,80.231048584,57142,57152,10
13.0276699066,80.2311172485,57152,57162,10
13.0276403427,80.2314300537,57162,57172,10
13.027680397,80.2319717407,57172,57182,10
13.0277996063,80.2325668335,57182,57192,10
13.0275001526,80.2328720093,57192,57202,10
13.0269804001,80.2329788208,57202,57223,21
13.0269804001,80.2329788208,57223,57233,10
13.0268802643,80.2330932617,57233,57243,10
13.0266103745,80.2331237793,57243,57253,10
13.0263395309,80.2328720093,57253,57263,10
13.0261697769,80.2322692871,57263,57273,10
13.0259599686,80.2314987183,57273,57283,10
13.025759697,80.230682373,57283,57293,10
13.0252304077,80.2298202515,57293,57303,10
13.0247297287,80.2291793823,57303,57313,10
13.0246295929,80.2290496826,57313,57324,11
13.0244903564,80.2288589478,57324,57334,10
13.0242004395,80.2285003662,57334,57344,10
13.0239601135,80.2282409668,57344,57364,20
13.0239601135,80.2282409668,57364,57374,10
13.023850441,80.2280426025,57374,57383,9
13.0236797333,80.2278594971,57383,57394,11
13.0233097076,80.2274932861,57394,57404,10
13.0228099823,80.2269897461,57404,57414,10
13.0222797394,80.2265090942,57414,57424,10
13.0216398239,80.225982666,57424,57435,11
13.0208597183,80.2253723145,57435,57445,10
13.0201196671,80.2248764038,57445,57455,10
13.0193595886,80.2244567871,57455,57465,10
13.018409729,80.2246170044,57465,57475,10
13.0174398422,80.2250213623,57475,57485,10
13.0166597366,80.2253417969,57485,57495,10
13.0162200928,80.2255172729,57495,57505,10
13.0156698227,80.2257385254,57505,57515,10
13.0151195526,80.2259902954,57515,57525,10
13.0147199631,80.2261428833,57525,57535,10
13.0142297745,80.2263336182,57535,57546,11
13.0142002106,80.2263565063,57546,57556,10
13.0139398575,80.2264785767,57556,57566,10
13.0134496689,80.2266693115,57566,57576,10
13.0127496719,80.2269287109,57576,57586,10
13.0119400024,80.2272491455,57586,57596,10
13.0110197067,80.2276000977,57596,57606,10
13.0101003647,80.2279586792,57606,57616,10
13.0092601776,80.2283706665,57616,57626,10
13.0090103149,80.2292098999,57626,57636,10
13.0087995529,80.2302322388,57636,57646,10
13.008600235,80.2312698364,57646,57657,11
13.0084104538,80.2322235107,57657,57667,10
13.0082597733,80.2331008911,57667,57677,10
13.0081996918,80.2335891724,57677,57687,10
13.0081996918,80.2335968018,57687,57697,10
13.0081300735,80.2338027954,57697,57707,10
13.0080404282,80.2342529297,57707,57717,10
13.0079097748,80.2349014282,57717,57727,10
13.0077495575,80.2357406616,57727,57737,10
13.0075702667,80.2367324829,57737,57747,10
13.0073604584,80.2377090454,57747,57757,10
13.007229805,80.2385482788,57757,57768,11
13.0071001053,80.2393035889,57768,57778,10
13.0070400238,80.2397232056,57778,57788,10
13.0069999695,80.2397994995,57788,57798,10
13.0069799423,80.2399368286,57798,57808,10
13.006939888,80.2403030396,57808,57818,10
13.0068397522,80.2406463623,57818,57828,10
13.0067996979,80.2407836914,57828,57838,10
13.0067596436,80.2412796021,57838,57848,10
13.0067300797,80.2420425415,57848,57858,10
13.0067100525,80.2429199219,57858,57868,10
13.0066795349,80.2437286377,57868,57879,11
13.0066995621,80.2447433472,57879,57889,10
13.0067195892,80.2456970215,57889,57899,10
13.0067796707,80.2463607788,57899,57909,10
13.006770134,80.2467727661,57909,57919,10
13.0067501068,80.2470169067,57919,57929,10
13.0067195892,80.247467041,57929,57939,10
13.0067596436,80.2481918335,57939,57949,10
13.0068998337,80.249458313,57949,57969,20
13.0068998337,80.249458313,57969,57979,10
13.0069198608,80.249671936,57979,57990,11
13.0069198608,80.2502670288,57990,58000,10
13.0069198608,80.2509078979,58000,58010,10
13.0068902969,80.2512512207,58010,58020,10
13.0068902969,80.2512969971,58020,58030,10
13.0067796707,80.2515106201,58030,58040,10
13.0066795349,80.2520294189,58040,58050,10
13.0065698624,80.252822876,58050,58060,10
13.0065402985,80.2537918091,58060,58070,10
13.0066299438,80.254989624,58070,58101,31
13.0066299438,80.254989624,58101,58111,10
13.0066204071,80.2552185059,58111,58121,10
13.0066204071,80.255821228,58121,58131,10
13.0066299438,80.2566833496,58131,58141,10
13.0067901611,80.25730896,58141,58201,60
13.0067901611,80.25730896,58201,58212,11
13.0069999695,80.2575302124,58212,58222,10
13.0073204041,80.2574081421,58222,58242,20
13.0073204041,80.2574081421,58242,58252,10
13.0069303513,80.2576370239,58252,58262,10
13.0063400269,80.2576217651,58262,58272,10
13.0055599213,80.2574081421,58272,58282,10
13.0046901703,80.2571792603,58282,58292,10
13.0038404465,80.2569885254,58292,58302,10
13.0030202866,80.2568283081,58302,58312,10
13.0021095276,80.2566680908,58312,58323,11
13.0010700226,80.2565231323,58323,58333,10
13.0002403259,80.2563781738,58333,58343,10
12.999420166,80.2562179565,58343,58353,10
12.9988098145,80.2561035156,58353,58363,10
12.9985103607,80.256072998,58363,58373,10
12.9980802536,80.2560501099,58373,58393,20
12.9980802536,80.2560501099,58393,58403,10
12.9977903366,80.2560195923,58403,58413,10
12.9976596832,80.2560119629,58413,58423,10
12.9973802567,80.2559661865,58423,58434,11
12.9969501495,80.2560806274,58434,58444,10
12.9968996048,80.2566070557,58444,58454,10
12.9969100952,80.2570037842,58454,58464,10
12.9969301224,80.2570495605,58464,58474,10
12.9969301224,80.2574081421,58474,58484,10
12.9968700409,80.2580490112,58484,58494,10
12.9968099594,80.2587814331,58494,58504,10
12.996720314,80.259437561,58504,58514,10
12.9966802597,80.2599487305,58514,58524,10
12.9966001511,80.2606506348,58524,58534,10
12.9964895248,80.2614822388,58534,58545,11
12.9964199066,80.2623825073,58545,58565,20
12.9964199066,80.2623825073,58565,58575,10
12.9963998795,80.2626190186,58575,58585,10
12.9963197708,80.2630996704,58585,58595,10
12.9961900711,80.2637176514,58595,58605,10
12.9960603714,80.2645187378,58605,58615,10
12.9959402084,80.2654037476,58615,58625,10
12.9958295822,80.2663421631,58625,58635,10
12.995759964,80.2672119141,58635,58645,10
12.9961595535,80.2676925659,58645,58676,31
12.9961595535,80.2676925659,58676,58686,10
12.9962997437,80.2677383423,58686,58696,10
12.9968299866,80.2677536011,58696,58706,10
12.9975299835,80.2675476074,58706,58716,10
12.9982204437,80.2673034668,58716,58726,10
12.9988603592,80.2671432495,58726,58736,10
12.9996004105,80.2668991089,58736,58746,10
13.0001096725,80.2666320801,58746,58756,10
13.0001401901,80.2666015625,58756,58767,11
13.0001296997,80.2664718628,58767,58777,10
13.0001802444,80.2660980225,58777,58787,10
13.0002002716,80.2657623291,58787,58797,10
13.0003795624,80.2657318115,58797,58807,10
13.0003299713,80.2659683228,58807,58817,10
13.0002403259,80.266418457,58817,59188,371
13.0001401901,80.2665786743,59188,59249,61
13.0001897812,80.2664794922,59249,59603,354
13.0001897812,80.2664794922,59603,59613,10
13.0003204346,80.2667770386,59613,59623,10
13.0001401901,80.2669525146,59623,59634,11
12.9996900558,80.267036438,59634,59644,10
12.99903965,80.2672195435,59644,59654,10
12.9983901978,80.2673873901,59654,59664,10
12.9978904724,80.2675170898,59664,59674,10
12.9972801208,80.2677078247,59674,59684,10
12.9966201782,80.2678527832,59684,59694,10
12.9959897995,80.267791748,59694,59704,10
12.9955596924,80.2675018311,59704,59724,20
12.9955596924,80.2675018311,59724,59734,10
12.9955396652,80.2673721313,59734,59745,11
12.995639801,80.2671127319,59745,59755,10
12.9957504272,80.2666778564,59755,59765,10
12.9958600998,80.2660293579,59765,59775,10
12.9959497452,80.2653198242,59775,59785,10
12.9960203171,80.2646179199,59785,59795,10
12.9960803986,80.2639389038,59795,59805,10
12.9961595535,80.2632598877,59805,59815,10
12.996219635,80.2625274658,59815,59835,20
12.996219635,80.2625274658,59835,59845,10
12.9961996078,80.2624893188,59845,59856,11
12.9962396622,80.2621765137,59856,59866,10
12.9962797165,80.2618103027,59866,59876,10
12.9963197708,80.2612762451,59876,59886,10
12.9963798523,80.2606887817,59886,59896,10
12.9964799881,80.2601165771,59896,59906,10
12.9965400696,80.2595367432,59906,59916,10
12.9966096878,80.2589416504,59916,59926,10
12.9966802597,80.2583618164,59926,59936,10
12.9967002869,80.2578582764,59936,59946,10
12.9967098236,80.2576980591,59946,59956,10
12.9967098236,80.2576217651,59956,59967,11
12.9967603683,80.257270813,59967,59977,10
12.9967899323,80.2567901611,59977,59987,10
12.9968595505,80.2561264038,59987,60078,91
12.9968595505,80.2561264038,60078,60088,10
12.9969797134,80.2559509277,60088,60098,10
12.9972896576,80.255859375,60098,60108,10
12.9979000092,80.2558822632,60108,60118,10
12.9987602234,80.2559967041,60118,60158,40
12.9989595413,80.2560195923,60158,60209,51
12.9989595413,80.2560195923,60209,60219,10
12.9990997314,80.2562484741,60219,60229,10
12.9992599487,80.256149292,60229,60239,10
12.9997301102,80.2562179565,60239,60249,10
13.0003004074,80.2563095093,60249,60259,10
13.0009202957,80.2564086914,60259,60269,10
13.0015096664,80.2565231323,60269,60278,9
13.002120018,80.2565383911,60278,60289,11
13.0027799606,80.2567214966,60289,60300,11
13.0034999847,80.2567977905,60300,60310,10
13.0041599274,80.2569580078,60310,60320,10
13.0048599243,80.2570571899,60320,60330,10
13.0055303574,80.2571868896,60330,60340,10
13.0059995651,80.2572937012,60340,60350,10
13.0062398911,80.2573318481,60350,60360,10
13.0064096451,80.2573623657,60360,60370,10
13.0064897537,80.2571029663,60370,60380,10
13.0064601898,80.2565231323,60380,60390,10
13.0064296722,80.2557907104,60390,60400,10
13.0064697266,80.2549667358,60400,60411,11
13.0064401627,80.2539520264,60411,60421,10
13.0064601898,80.253288269,60421,60431,10
13.0064601898,80.2532577515,60431,60441,10
13.0064601898,80.2530975342,60441,60451,10
13.0064897537,80.2526626587,60451,60461,10
13.0065698624,80.2520599365,60461,60542,81
13.0065698624,80.2520599365,60542,60552,10
13.0065898895,80.2518768311,60552,60562,10
13.0066795349,80.2515411377,60562,60572,10
13.0067501068,80.2510299683,60572,60582,10
13.0067396164,80.2502365112,60582,60592,10
13.0067195892,80.2496414185,60592,60602,10
13.0066900253,80.2490463257,60602,60612,10
13.0066299438,80.248260498,60612,60622,10
13.0066099167,80.2476882935,60622,60633,11
13.0065803528,80.2475585938,60633,60643,10
13.0065898895,80.2472763062,60643,60653,10
13.0065498352,80.2467193604,60653,60663,10
13.0065698624,80.2465286255,60663,60673,10
13.0066299438,80.2463989258,60673,60683,10
13.0066003799,80.2458267212,60683,60693,10
13.0065498352,80.2450790405,60693,60703,10
13.0065898895,80.2442932129,60703,60713,10
13.0065803528,80.2434616089,60713,60723,10
13.0065498352,80.2425689697,60723,60733,10
13.0065402985,80.241569519,60733,60744,11
13.0066604614,80.2406692505,60744,60754,10
13.0067195892,80.2403411865,60754,60764,10
13.0067396164,80.2401885986,60764,60774,10
13.0068302155,80.2396697998,60774,60784,10
13.0069799423,80.2389373779,60784,60794,10
13.0071496964,80.2380981445,60794,60804,10
13.007349968,80.2373504639,60804,60814,10
13.007399559,80.236831665,60814,60824,10
13.0074100494,80.2366714478,60824,60834,10
13.0074195862,80.2365722656,60834,60844,10
13.0075397491,80.2361831665,60844,60855,11
13.0077104568,80.2354278564,60855,60865,10
13.0078897476,80.2346420288,60865,60875,10
13.0080795288,80.2336807251,60875,60885,10
13.0082902908,80.2325668335,60885,60895,10
13.0085296631,80.2313232422,60895,60905,10
13.008769989,80.2300491333,60905,60915,10
13.0090198517,80.2287521362,60915,60925,10
13.0094203949,80.2275390625,60925,60936,11
13.0099897385,80.2263336182,60936,60946,10
13.0102901459,80.2256393433,60946,60956,10
13.0106601715,80.224861145,60956,60967,11
13.0109300613,80.2242965698,60967,60977,10
13.011179924,80.2237701416,60977,60987,10
13.0112600327,80.2235717773,60987,60997,10
13.0114202499,80.2231826782,60997,61007,10
13.0117197037,80.2224807739,61007,61017,10
13.0119800568,80.2215881348,61017,61027,10
13.0122995377,80.2214279175,61027,61037,10
13.0126800537,80.2218017578,61037,61047,10
13.0131502151,80.2224121094,61047,61057,10
13.0136804581,80.2230606079,61057,61068,11
13.0142602921,80.2237319946,61068,61078,10
13.0147800446,80.224357605,61078,61088,10
13.0150403976,80.2245483398,61088,61098,10
13.0151700974,80.2246627808,61098,61108,10
13.0156402588,80.2250900269,61108,61138,30
13.0156402588,80.2250900269,61138,61148,10
13.0158004761,80.2252426147,61148,61158,10
13.0162496567,80.2253570557,61158,61168,10
13.016960144,80.2251663208,61168,61179,11
13.0179004669,80.2247924805,61179,61189,10
13.0187597275,80.2244262695,61189,61199,10
13.0193595886,80.2242889404,61199,61209,10
13.0193901062,80.2242965698,61209,61219,10
13.0194396973,80.2243423462,61219,61229,10
13.019610405,80.2244415283,61229,61239,10
13.0199098587,80.2246398926,61239,61249,10
13.0203695297,80.2249984741,61249,61259,10
13.0208902359,80.2253570557,61259,61269,10
13.0214099884,80.2257385254,61269,61286,17
13.0224599838,80.2265930176,61286,61298,12
13.0232801437,80.2273483276,61298,61308,10
13.023900032,80.2279510498,61308,61318,10
13.0243501663,80.2284469604,61318,61328,10
13.0246400833,80.2288513184,61328,61338,10
13.0248804092,80.2291870117,61338,61348,10
13.025270462,80.2296905518,61348,61358,10
13.0256500244,80.2302627563,61358,61368,10
13.0259599686,80.2308578491,61368,61378,10
13.0260095596,80.231048584,61378,61388,10
13.0260801315,80.231300354,61388,61399,11
13.0263900757,80.2313308716,61399,61409,10
13.0270795822,80.2311325073,61409,61419,10
13.027879715,80.2309417725,61419,61429,10
13.0284700394,80.2308273315,61429,61449,20
13.0284700394,80.2308273315,61449,61459,10
13.0287103653,80.2308120728,61459,61469,10
13.0290803909,80.2307815552,61469,61479,10
13.0291204453,80.2307662964,61479,61489,10
13.0293397903,80.2307510376,61489,61499,10
13.0298099518,80.23072052,61499,61510,11
13.0304803848,80.2306518555,61510,61520,10
13.0307102203,80.2305831909,61520,61530,10
13.0306596756,80.2302932739,61530,61540,10
13.0304498672,80.229637146,61540,61550,10
13.03028965,80.2289199829,61550,61560,10
13.0303401947,80.2284393311,61560,61570,10
13.030380249,80.2281494141,61570,61586,16
13.0303297043,80.2275009155,61586,61598,12
13.0295600891,80.2273635864,61598,61606,8
13.0289697647,80.2272567749,61606,61618,12
13.0283203125,80.2271499634,61618,61629,11
13.0279197693,80.2269973755,61629,61638,9
13.0279302597,80.2265625,61638,61648,10
13.0280799866,80.2258682251,61648,61659,11
13.0282402039,80.2249908447,61659,61669,10
13.0284099579,80.2242431641,61669,61678,9
13.0286598206,80.2239990234,61678,61689,11
13.028840065,80.2240524292,61689,61699,10
13.0291700363,80.2242584229,61699,61709,10
13.0297498703,80.224281311,61709,61719,10
13.0304203033,80.2243118286,61719,61729,10
13.0310401917,80.2242889404,61729,61740,11
13.0311203003,80.2238235474,61740,61750,10
13.0311403275,80.2232894897,61750,61760,10
13.0311603546,80.2231674194,61760,61770,10
13.03125,80.2227935791,61770,61780,10
13.0314998627,80.222328186,61780,61790,10
13.0318098068,80.2217102051,61790,61800,10
13.0320196152,80.2210235596,61800,61810,10
13.0321598053,80.2202835083,61810,61820,10
13.0321598053,80.2197494507,61820,61830,10
13.0321702957,80.2197113037,61830,61840,10
13.0321598053,80.219581604,61840,61851,11
13.0321598053,80.2191619873,61851,61861,10
13.0321502686,80.2186279297,61861,61871,10
13.0316200256,80.218421936,61871,61881,10
13.0314302444,80.2177886963,61881,61891,10
13.0313596725,80.2171630859,61891,61901,10
13.0312004089,80.2170028687,61901,61911,10
13.0307502747,80.2169570923,61911,61921,10
13.0304203033,80.216758728,61921,61931,10
13.0304203033,80.2166976929,61931,61941,10
13.0304098129,80.2163391113,61941,61952,11
13.0303497314,80.2156600952,61952,61962,10
13.0303201675,80.2149810791,61962,61972,10
13.0303401947,80.2145462036,61972,61982,10
13.0303497314,80.2144699097,61982,61992,10
13.0304002762,80.2140731812,61992,62002,10
13.0304803848,80.2136383057,62002,62012,10
13.0305204391,80.2133636475,62012,62022,10
13.030579567,80.2129516602,62022,62032,10
13.0306997299,80.2121200562,62032,62042,10
13.0307598114,80.2116088867,62042,62053,11
13.0308103561,80.21118927,62053,62063,10
13.0308599472,80.2109069824,62063,62073,10
13.0309295654,80.2103729248,62073,62083,10
13.0309295654,80.2100982666,62083,62093,10
13.0306901932,80.2099990845,62093,62103,10
13.0302000046,80.2098693848,62103,62113,10
13.0300998688,80.2092590332,62113,62133,20
13.0300998688,80.2092590332,62133,62143,10
13.0302095413,80.2090835571,62143,62153,10
13.0303697586,80.2090835571,62153,62164,11
13.0309000015,80.2091827393,62164,62174,10
13.0314903259,80.209312439,62174,62184,10
13.0316801071,80.2093505859,62184,62194,10
13.0320396423,80.2094421387,62194,62204,10
13.0326499939,80.2095794678,62204,62214,10
13.0334196091,80.2097167969,62214,62224,10
13.0342998505,80.2098770142,62224,62234,10
13.0350399017,80.2098922729,62234,62244,10
13.0351696014,80.2093200684,62244,62254,10
13.0352296829,80.2087631226,62254,62264,10
13.0352602005,80.2086715698,62264,62274,10
13.0352897644,80.2082824707,62274,62285,11
13.0353803635,80.2076034546,62285,62295,10
13.0354995728,80.2068023682,62295,62311,16
13.035490036,80.2059936523,62311,62323,12
13.0354604721,80.2056884766,62323,62331,8
13.0354604721,80.2056808472,62331,62343,12
13.0355501175,80.2053222656,62343,62353,10
13.0357398987,80.2052078247,62353,62363,10
13.0358200073,80.2048034668,62363,62373,10
13.0359201431,80.2041320801,62373,62383,10
13.0360403061,80.2033691406,62383,62394,11
13.0361700058,80.2024002075,62394,62404,10
13.0362501144,80.2016372681,62404,62414,10
13.0362796783,80.2014389038,62414,62424,10
13.0363197327,80.2012863159,62424,62434,10
13.0363998413,80.2008132935,62434,62444,10
13.0365200043,80.200088501,62444,62454,10
13.0366296768,80.1992492676,62454,62464,10
13.0367202759,80.198600769,62464,62474,10
13.0367498398,80.1983413696,62474,62484,10
13.0368204117,80.1980819702,62484,62494,10
13.0368995667,80.197517395,62494,62505,11
13.0370101929,80.1967773438,62505,62515,10
13.0370597839,80.1963195801,62515,62525,10
13.0370597839,80.1963119507,62525,62535,10
13.0370998383,80.1960678101,62535,62545,10
13.0371999741,80.1954803467,62545,62555,10
13.037320137,80.1947021484,62555,62565,10
13.0374403,80.1937866211,62565,62575,10
13.0375404358,80.1929702759,62575,62585,10
13.0379800797,80.1927337646,62585,62595,10
13.0386896133,80.1928482056,62595,62615,20
13.0386896133,80.1928482056,62615,62626,11
13.0391397476,80.1929702759,62626,62642,16
13.040140152,80.1931381226,62642,62654,12
13.0409402847,80.1932830811,62654,62662,8
13.0415496826,80.193397522,62662,62674,12
13.0417604446,80.1938171387,62674,62684,10
13.0417604446,80.1940383911,62684,62694,10
13.0417604446,80.1941833496,62694,62704,10
13.0417003632,80.1947021484,62704,62714,10
13.0415897369,80.1954116821,62714,62725,11
13.0415296555,80.1960372925,62725,62735,10
13.0414800644,80.1963577271,62735,62745,10
13.0414199829,80.1967926025,62745,62754,9
13.0413999557,80.1968765259,62754,62765,11
13.0413198471,80.1973419189,62765,62775,10
13.0412197113,80.1980285645,62775,62785,10
13.0411596298,80.1986923218,62785,62795,10
13.0410804749,80.1992874146,62795,62805,10
13.0410604477,80.1994018555,62805,62815,10
13.0410003662,80.1997528076,62815,62825,10
13.0409002304,80.2004089355,62825,62836,11
13.040769577,80.2013092041,62836,62845,9
13.0406799316,80.2019577026,62845,62856,11
13.0406198502,80.2023620605,62856,62866,10
13.0405597687,80.2029418945,62866,62876,10
13.0404396057,80.2036972046,62876,62886,10
13.0402803421,80.2045898438,62886,62896,10
13.0402402878,80.2049484253,62896,62906,10
13.0405197144,80.205078125,62906,62916,10
13.0410900116,80.2051086426,62916,62926,10
13.0412302017,80.2051010132,62926,62936,10
13.0413999557,80.2051391602,62936,62947,11
13.0416603088,80.205116272,62947,62957,10
13.0419597626,80.2051467896,62957,62967,10
13.0425796509,80.2053527832,62967,62977,10
13.0430202484,80.2060165405,62977,62987,10
13.0435600281,80.2067871094,62987,62997,10
13.0440196991,80.2075576782,62997,63007,10
13.0441799164,80.2084121704,63007,63017,10
13.0441999435,80.2090530396,63017,63027,10
13.0441999435,80.209197998,63027,63037,10
13.044210434,80.2095870972,63037,63048,11
13.0442495346,80.2103729248,63048,63058,10
13.0443000793,80.2110977173,63058,63068,10
13.0443401337,80.2118682861,63068,63098,30
13.0443401337,80.2118682861,63098,63108,10
13.0443296432,80.2120895386,63108,63118,10
13.044500351,80.212348938,63118,63128,10
13.0451202393,80.212272644,63128,63138,10
13.0458898544,80.2122268677,63138,63148,10
13.0467100143,80.2121963501,63148,63158,10
13.0470504761,80.2120819092,63158,63169,11
13.0470504761,80.2117767334,63169,63179,10
13.0470399857,80.2117614746,63179,63189,10
13.0470399857,80.2117004395,63189,63199,10
13.0469903946,80.2112426758,63199,63209,10
13.04708004,80.2108383179,63209,63219,10
13.0475902557,80.2108383179,63219,63229,10
13.0482397079,80.2108612061,63229,63239,10
13.0488796234,80.2108764648,63239,63249,10
13.0494804382,80.210899353,63249,63259,10
13.0496101379,80.2105712891,63259,63270,11
13.0494804382,80.2098770142,63270,63280,10
13.0494298935,80.2091598511,63280,63300,20
13.0494298935,80.2091598511,63300,63310,10
13.0494003296,80.2090377808,63310,63320,10
13.0493402481,80.2087783813,63320,63330,10
13.0491800308,80.2083129883,63330,63340,10
13.0490503311,80.207649231,63340,63350,10
13.0489301682,80.20728302,63350,63360,10
13.0488796234,80.2072906494,63360,63370,10
13.0488300323,80.2072219849,63370,63380,10
13.0487604141,80.20703125,63380,63391,11
13.0490398407,80.2068862915,63391,63479,88
13.0492601395,80.2071075439,63479,64307,828
13.049200058,80.207321167,64307,64489,182
13.0492401123,80.20728302,64489,64741,252
13.0492401123,80.20728302,64741,64751,10
13.0490503311,80.2075424194,64751,64761,10
13.0491600037,80.2077789307,64761,64771,10
13.0492200851,80.2079925537,64771,64781,10
13.0492696762,80.2081985474,64781,64801,20
13.0492696762,80.2081985474,64801,64812,11
13.0493602753,80.2086486816,64812,64822,10
13.0494203568,80.2089385986,64822,64832,10
13.0494499207,80.2091217041,64832,64842,10
13.0495100021,80.2092971802,64842,64852,10
13.049539566,80.2095108032,64852,64862,10
13.0495595932,80.2098007202,64862,64872,10
13.0496196747,80.2102279663,64872,64882,10
13.0496702194,80.2107009888,64882,64892,10
13.0497398376,80.2112197876,64892,64902,10
13.0497999191,80.2116928101,64902,64912,10
13.0497999191,80.2122497559,64912,64933,21
13.0497999191,80.2122497559,64933,64943,10
13.0495300293,80.2122192383,64943,64952,9
13.0495100021,80.2121963501,64952,64964,12
13.0493202209,80.2121582031,64964,64974,10
13.0488700867,80.2121810913,64974,64984,10
13.0482501984,80.2122421265,64984,64994,10
13.047539711,80.2123184204,64994,65004,10
13.0467195511,80.2123718262,65004,65014,10
13.0458602905,80.2124023438,65014,65023,9
13.0451202393,80.2124099731,65023,65035,12
13.0446796417,80.2124023438,65035,65065,30
13.0446796417,80.2124023438,65065,65075,10
13.0446596146,80.2124404907,65075,65085,10
13.0443601608,80.2124023438,65085,65095,10
13.0441904068,80.2119369507,65095,65105,10
13.0441703796,80.2111968994,65105,65115,10
13.0441398621,80.2104187012,65115,65125,10
13.0441198349,80.2097167969,65125,65136,11
13.0440502167,80.2092285156,65136,65146,10
13.0440196991,80.2089004517,65146,65156,10
13.0440101624,80.2087402344,65156,65166,10
13.0440196991,80.2082672119,65166,65176,10
13.0439195633,80.2076416016,65176,65186,10
13.0434503555,80.2068786621,65186,65196,10
13.0429601669,80.2061920166,65196,65206,10
13.0424604416,80.2055435181,65206,65216,10
13.0418596268,80.2053070068,65216,65226,10
13.0414104462,80.2052536011,65226,65236,10
13.0412197113,80.2052078247,65236,65246,10
13.0410499573,80.2051773071,65246,65257,11
13.0408201218,80.2051391602,65257,65267,10
13.0407400131,80.205116272,65267,65277,10
13.0403499603,80.2050476074,65277,65287,10
13.0397396088,80.2049713135,65287,65297,10
13.0391101837,80.2048797607,65297,65307,10
13.0384502411,80.2048187256,65307,65317,10
13.0381002426,80.2046813965,65317,65327,10
13.0381603241,80.2043075562,65327,65337,10
13.0382499695,80.2036514282,65337,65347,10
13.0383396149,80.2029571533,65347,65358,11
13.0384397507,80.2022628784,65358,65368,10
13.0384998322,80.2017211914,65368,65378,10
13.038599968,80.2013778687,65378,65388,10
13.0386800766,80.2007522583,65388,65398,10
13.0387401581,80.2002029419,65398,65408,10
13.038860321,80.1994476318,65408,65418,10
13.0388803482,80.19921875,65418,65428,10
13.0389299393,80.198890686,65428,65438,10
13.0390100479,80.1982879639,65438,65448,10
13.0391197205,80.1977310181,65448,65458,10
13.0391998291,80.197227478,65458,65469,11
13.0392398834,80.1968917847,65469,65479,10
13.0392599106,80.1966934204,65479,65489,10
13.0392904282,80.1963806152,65489,65499,10
13.0393600464,80.1959686279,65499,65509,10
13.0394496918,80.1951980591,65509,65519,10
13.0395402908,80.1943969727,65519,65529,10
13.0396699905,80.193572998,65529,65539,10
13.0397195816,80.1931762695,65539,65549,10
13.0396900177,80.1930770874,65549,65559,10
13.0393695831,80.1929779053,65559,65575,16
13.0387201309,80.1928710938,65575,65588,13
13.0386896133,80.1928634644,65588,65598,10
13.0386295319,80.1928482056,65598,65608,10
13.0382404327,80.1928329468,65608,65617,9
13.0378303528,80.1928634644,65617,65628,11
13.0375900269,80.1935119629,65628,65638,10
13.0374002457,80.1949005127,65638,65646,8
13.0374002457,80.1949005127,65646,65693,47
13.0369596481,80.1979980469,65693,65703,10
13.0368795395,80.198638916,65703,65713,10
13.036860466,80.1987228394,65713,65723,10
13.0368204117,80.1990432739,65723,65733,10
13.0367202759,80.1996307373,65733,65743,10
13.0366096497,80.2004165649,65743,65753,10
13.0364904404,80.2012329102,65753,65763,10
13.0364198685,80.2018508911,65763,65786,23
13.0364198685,80.2018508911,65786,65796,10
13.0363197327,80.2022628784,65796,65806,10
13.036239624,80.2028579712,65806,65817,11
13.0361204147,80.2036819458,65817,65827,10
13.0360202789,80.2043685913,65827,65837,10
13.035949707,80.2048187256,65837,65847,10
13.0358495712,80.2055282593,65847,65857,10
13.0358104706,80.2058792114,65857,65867,10
13.0357599258,80.2061233521,65867,65877,10
13.0356903076,80.2066421509,65877,65887,10
13.0355701447,80.2073898315,65887,65897,10
13.0354404449,80.2081985474,65897,65907,10
13.0354204178,80.2085418701,65907,65918,11
13.0353803635,80.2086791992,65918,65928,10
13.0353002548,80.2091674805,65928,65938,10
13.0352096558,80.2098312378,65938,65948,10
13.0350999832,80.2104187012,65948,65958,10
13.0349397659,80.2109298706,65958,65968,10
13.0348100662,80.2116470337,65968,65978,10
13.0347604752,80.2119598389,65978,65988,10
13.0347499847,80.2120437622,65988,65998,10
13.0344495773,80.2121734619,65998,66008,10
13.0338096619,80.212059021,66008,66019,11
13.0325803757,80.2119369507,66019,66049,30
13.0325803757,80.2119369507,66049,66059,10
13.0322704315,80.2118911743,66059,66069,10
13.0318803787,80.2117233276,66069,66079,10
13.031920433,80.2111816406,66079,66089,10
13.0320396423,80.2103881836,66089,66099,10
13.0320196152,80.2097473145,66099,66108,9
13.0314798355,80.2095489502,66108,66119,11
13.0307502747,80.2093429565,66119,66130,11
13.0303001404,80.209197998,66130,66140,10
13.0301303864,80.2093734741,66140,66150,10
13.0301198959,80.2094802856,66150,66160,10
13.0300798416,80.2095870972,66160,66170,10
13.0300798416,80.2098083496,66170,66180,10
13.0304002762,80.2099075317,66180,66190,10
13.0308799744,80.2100524902,66190,66200,10
13.0310001373,80.2102432251,66200,66210,10
13.0309696198,80.2106323242,66210,66220,10
13.0308904648,80.2111206055,66220,66230,10
13.0308599472,80.2114334106,66230,66241,11
13.0307703018,80.2119369507,66241,66251,10
13.030670166,80.2125778198,66251,66261,10
13.030579567,80.2132568359,66261,66271,10
13.0305299759,80.2136993408,66271,66281,10
13.0304803848,80.2140274048,66281,66291,10
13.0303897858,80.2145767212,66291,66301,10
13.0303602219,80.2147979736,66301,66311,10
13.0303602219,80.2150192261,66311,66321,10
13.0303602219,80.2155227661,66321,66331,10
13.0303897858,80.2161865234,66331,66341,10
13.0304298401,80.2167816162,66341,66352,11
13.0306901932,80.2169265747,66352,66362,10
13.0306997299,80.2169265747,66362,66372,10
13.0310001373,80.2169265747,66372,66382,10
13.0312995911,80.2169494629,66382,66392,10
13.0313100815,80.2169494629,66392,66402,10
13.0314998627,80.2172927856,66402,66412,10
13.0315504074,80.2179031372,66412,66422,10
13.031829834,80.2184066772,66422,66432,10
13.0322303772,80.2185211182,66432,66442,10
13.0322303772,80.2189712524,66442,66452,10
13.0322303772,80.219619751,66452,66463,11
13.0322399139,80.2202529907,66463,66473,10
13.03221035,80.2204208374,66473,66483,10
13.0321702957,80.2206115723,66483,66493,10
13.0320701599,80.2210464478,66493,66503,10
13.0319595337,80.2215499878,66503,66513,10
13.0316801071,80.2220916748,66513,66523,10
13.0313997269,80.2226486206,66523,66533,10
13.0311899185,80.2232589722,66533,66543,10
13.0311698914,80.2238998413,66543,66553,10
13.0311803818,80.223991394,66553,66563,10
13.0311899185,80.2240524292,66563,66574,11
13.0310401917,80.2243804932,66574,66584,10
13.030500412,80.2243499756,66584,66594,10
13.0298404694,80.2242889404,66594,66604,10
13.029009819,80.2242507935,66604,66634,30
13.029009819,80.2242507935,66634,66644,10
13.0288496017,80.2241668701,66644,66654,10
13.0285797119,80.2241210938,66654,66664,10
13.028380394,80.224571228,66664,66674,10
13.0282201767,80.2254180908,66674,66685,11
13.0280303955,80.2263565063,66685,66695,10
13.0279397964,80.226890564,66695,66705,10
13.0281200409,80.2270965576,66705,66715,10
13.028550148,80.227180481,66715,66725,10
13.0286397934,80.2271881104,66725,66735,10
13.0288801193,80.2272262573,66735,66745,10
13.0293903351,80.2273101807,66745,66755,10
13.0300102234,80.2274169922,66755,66765,10
13.0304002762,80.2276611328,66765,66775,10
13.0303602219,80.2280578613,66775,66785,10
13.0303602219,80.2281570435,66785,66796,11
13.0303297043,80.2283935547,66796,66806,10
13.03028965,80.2288665771,66806,66816,10
13.0303401947,80.2294616699,66816,66826,10
13.0305700302,80.2300415039,66826,66836,10
13.0306997299,80.2305984497,66836,66876,40
13.0306997299,80.2305984497,66876,66886,10
13.0306196213,80.2308273315,66886,66896,10
13.0298404694,80.2308883667,66896,66917,21
13.0298404694,80.2308883667,66917,66927,10
13.0296096802,80.2309112549,66927,66937,10
13.0291204453,80.2309417725,66937,66947,10
13.0284996033,80.2310028076,66947,66957,10
13.0278701782,80.2310333252,66957,66967,10
13.0276098251,80.2311935425,66967,66977,10
13.0276603699,80.2316970825,66977,66987,10
13.0277500153,80.2322235107,66987,66997,10
13.0278396606,80.232749939,66997,67008,11
13.0273103714,80.2328796387,67008,67018,10
13.0268001556,80.232963562,67018,67068,50
13.0268001556,80.232963562,67068,67078,10
13.026550293,80.233039856,67078,67088,10
13.0263299942,80.2327804565,67088,67098,10
13.0261802673,80.2322387695,67098,67108,10
13.0260095596,80.2315826416,67108,67119,11
13.0258102417,80.2308120728,67119,67129,10
13.0253295898,80.2300186157,67129,67139,10
13.0247097015,80.2292327881,67139,67149,10
13.0239496231,80.2283401489,67149,67169,20
13.0239496231,80.2283401489,67169,67179,10
13.0238800049,80.2282409668,67179,67189,10
13.0236196518,80.2279434204,67189,67199,10
13.0232801437,80.2276000977,67199,67209,10
13.0228796005,80.2271881104,67209,67219,10
13.0222997665,80.2266464233,67219,67230,11
13.0214796066,80.2259902954,67230,67240,10
13.0207195282,80.225402832,67240,67250,10
13.0198402405,80.2248077393,67250,67260,10
13.0188999176,80.2244873047,67260,67270,10
13.0179395676,80.224861145,67270,67280,10
13.0169696808,80.2252807617,67280,67290,10
13.016119957,80.2256164551,67290,67299,9
13.0153198242,80.2258987427,67299,67309,10
13.0142002106,80.226348877,67309,67330,21
13.0142002106,80.226348877,67330,67341,11
13.0140304565,80.2264175415,67341,67351,10
13.0135803223,80.2266082764,67351,67361,10
13.0129499435,80.2268371582,67361,67371,10
13.0122003555,80.2271270752,67371,67381,10
13.0114898682,80.2274093628,67381,67391,10
13.0107002258,80.2277297974,67391,67401,10
13.0098600388,80.2280883789,67401,67411,10
13.0091495514,80.228553772,67411,67421,10
13.008939743,80.2294921875,67421,67431,10
13.0087404251,80.2305374146,67431,67441,10
13.0085496902,80.2315826416,67441,67452,11
13.0083703995,80.2326202393,67452,67462,10
13.0082702637,80.233543396,67462,67482,20
13.0082702637,80.233543396,67482,67492,10
13.0081996918,80.2337417603,67492,67502,10
13.008099556,80.234161377,67502,67512,10
13.0079603195,80.2347793579,67512,67522,10
13.0078001022,80.2355575562,67522,67532,10
13.007610321,80.2365036011,67532,67542,10
13.0074195862,80.2374801636,67542,67552,10
13.0072402954,80.2384262085,67552,67563,11
13.0070400238,80.2395019531,67563,67573,10
13.0068902969,80.2406387329,67573,67593,20
13.0068902969,80.2406387329,67593,67603,10
13.0068302155,80.2409820557,67603,67613,10
13.0067501068,80.2415390015,67613,67623,10
13.0067396164,80.2422485352,67623,67633,10
13.0067195892,80.2429428101,67633,67643,10
13.0066795349,80.243522644,67643,67653,10
13.0066795349,80.2442932129,67653,67663,10
13.0066900253,80.2451171875,67663,67674,11
13.0067195892,80.2459716797,67674,67684,10
13.0067396164,80.2466583252,67684,67694,10
13.0067501068,80.2471313477,67694,67704,10
13.0067501068,80.2471618652,67704,67714,10
13.0067300797,80.2473220825,67714,67724,10
13.0067195892,80.2477035522,67724,67734,10
13.0067300797,80.2483596802,67734,67744,10
13.0068101883,80.2490386963,67744,67754,10
13.0068702698,80.2496414185,67754,67764,10
13.0068798065,80.2496795654,67764,67775,11
13.0068798065,80.2500762939,67775,67785,10
13.0068597794,80.2506790161,67785,67795,10
13.0068702698,80.2510528564,67795,67805,10
13.0068702698,80.2512283325,67805,67815,10
13.0068101883,80.2516174316,67815,67825,10
13.0066795349,80.2520980835,67825,67835,10
13.0065898895,80.2527389526,67835,67845,10
13.0065698624,80.2533569336,67845,67855,10
13.0065803528,80.2540893555,67855,67865,10
13.0066404343,80.2549362183,67865,67886,21
13.0066404343,80.2549362183,67886,67896,10
13.006649971,80.2550125122,67896,67906,10
13.0066404343,80.2553710938,67906,67916,10
13.0066404343,80.2559585571,67916,67926,10
13.0066204071,80.2565231323,67926,67936,10
13.0066604614,80.2568283081,67936,68007,71
13.0066604614,80.2568283081,68007,68017,10
13.0067501068,80.2569503784,68017,68027,10
13.0067901611,80.2573013306,68027,68037,10
13.0065603256,80.2576599121,68037,68047,10
13.0059404373,80.2576293945,68047,68057,10
13.005399704,80.2573928833,68057,68067,10
13.0048303604,80.2572174072,68067,68077,10
13.0043001175,80.2571411133,68077,68087,10
13.0041503906,80.2571411133,68087,68097,10
13.0040597916,80.2571029663,68097,68108,11
13.0038604736,80.2570495605,68108,68118,10
13.0036001205,80.256980896,68118,68128,10
13.0032501221,80.2568893433,68128,68138,10
13.0028400421,80.2568130493,68138,68148,10
13.0023097992,80.2567214966,68148,68158,10
13.0015802383,80.2565917969,68158,68168,10
13.0008802414,80.2565002441,68168,68178,10
13.0002298355,80.2564163208,68178,68188,10
12.9998102188,80.2563476563,68188,68198,10
12.9994602203,80.2562866211,68198,68208,10
12.9990797043,80.256187439,68208,68239,31
12.9990797043,80.256187439,68239,68249,10
12.9988002777,80.256111145,68249,68259,10
12.9983596802,80.2560424805,68259,68275,16
12.9976596832,80.2559967041,68275,68287,12
12.9974403381,80.2559967041,68287,68297,10
12.9972600937,80.2559661865,68297,68317,20
12.9972600937,80.2559661865,68317,68328,11
12.9971399307,80.2559127808,68328,68338,10
12.9968795776,80.2560424805,68338,68347,9
12.9968395233,80.2565383911,68347,68358,11
12.9968204498,80.2570037842,68358,68368,10
12.9968299866,80.257019043,68368,68378,10
12.9968299866,80.2571563721,68378,68388,10
12.9967899323,80.2575073242,68388,68398,10
12.996720314,80.2580184937,68398,68408,10
12.9966697693,80.2586288452,68408,68418,10
12.9966096878,80.2592086792,68418,68428,10
12.9965400696,80.2598266602,68428,68438,10
12.9964799881,80.2605285645,68438,68449,11
12.9963998795,80.2612991333,68449,68459,10
12.996339798,80.2618408203,68459,68469,10
12.9963102341,80.2621231079,68469,68479,10
12.9962596893,80.2624893188,68479,68489,10
12.9962396622,80.262550354,68489,68499,10
12.9962100983,80.2626419067,68499,68509,10
12.9961595535,80.2630233765,68509,68519,10
12.9961099625,80.2636184692,68519,68529,10
12.9960403442,80.2643432617,68529,68539,10
12.9959897995,80.2648162842,68539,68550,11
12.9959402084,80.2652511597,68550,68560,10
12.9958600998,80.2659301758,68560,68570,10
12.9957895279,80.2666015625,68570,68580,10
12.995759964,80.2669906616,68580,68681,101
12.995759964,80.2669906616,68681,68691,10
12.995759964,80.2671508789,68691,68701,10
12.9957399368,80.267326355,68701,68711,10
12.9957199097,80.2674865723,68711,68721,10
12.9957199097,80.2676773071,68721,68731,10
12.9959802628,80.2677383423,68731,68741,10
12.9962396622,80.267791748,68741,68751,10
12.9966802597,80.2677612305,68751,68762,11
12.9972000122,80.2676391602,68762,68772,10
12.9976701736,80.2674865723,68772,68782,10
12.9981603622,80.2673416138,68782,68792,10
12.9987297058,80.2671966553,68792,68802,10
12.9993095398,80.2670288086,68802,68812,10
12.9999904633,80.2667007446,68812,68832,20
12.9999904633,80.2667007446,68832,68842,10
13.0001001358,80.2665023804,68842,68852,10
13.0001497269,80.2661590576,68852,68862,10
13.0001897812,80.2657928467,68862,68873,11
13.0003404617,80.2657623291,68873,68883,10
13.0002698898,80.2660980225,68883,69135,252
13.0002698898,80.2660980225,69135,69145,10
13.0003099442,80.2665100098,69145,69155,10
13.0003004074,80.2665786743,69155,69165,10
13.0003099442,80.266708374,69165,69175,10
13.0002698898,80.2668380737,69175,69185,10
13.0000295639,80.266998291,69185,69195,10
12.9998502731,80.2670135498,69195,69206,11
12.9994297028,80.2670669556,69206,69216,10
12.9991102219,80.2671508789,69216,69226,10
12.9990501404,80.2671890259,69226,69236,10
12.9986400604,80.2672805786,69236,69246,10
12.9980697632,80.2674026489,69246,69256,10
12.9975700378,80.2675704956,69256,69266,10
12.9970598221,80.2676773071,69266,69276,10
12.9964599609,80.2677383423,69276,69286,10
12.9961004257,80.2677001953,69286,69296,10
12.9957103729,80.2677307129,69296,69458,162
12.9957103729,80.2677307129,69458,69468,10
12.9956302643,80.2673797607,69468,69498,30
12.9956302643,80.2673797607,69498,69508,10
12.9956598282,80.2672119141,69508,69518,10
12.9956998825,80.2667922974,69518,69529,11
12.9957399368,80.266166687,69529,69539,10
12.9958400726,80.2655181885,69539,69549,10
12.9959402084,80.2649612427,69549,69559,10
12.9959697723,80.2645492554,69559,69569,10
12.996049881,80.2639389038,69569,69579,10
12.9961204529,80.2632675171,69579,69589,10
12.9961700439,80.2628173828,69589,69599,10
12.9961795807,80.2626724243,69599,69609,10
12.9961900711,80.2625427246,69609,69619,10
12.996219635,80.2621383667,69619,69630,11
12.9962596893,80.2617492676,69630,69640,10
12.9963302612,80.261138916,69640,69650,10
12.996430397,80.2604827881,69650,69660,10
12.9965000153,80.2598571777,69660,69670,10
12.9965400696,80.2592086792,69670,69680,10
12.9966201782,80.2585601807,69680,69690,10
12.9966497421,80.257850647,69690,69700,10
12.9967403412,80.2571792603,69700,69710,10
12.9967803955,80.256690979,69710,69720,10
12.9968004227,80.2563400269,69720,69841,121
12.9968004227,80.2563400269,69841,69851,10
12.9968395233,80.2562789917,69851,69862,11
12.9968996048,80.2559432983,69862,69872,10
12.9972496033,80.2559432983,69872,69882,10
12.9975996017,80.2559585571,69882,69892,10
12.9980201721,80.2560195923,69892,69902,10
12.998840332,80.2561035156,69902,69932,30
12.998840332,80.2561035156,69932,69942,10
12.9990301132,80.2561187744,69942,69962,20
12.9990301132,80.2561187744,69962,69973,11
12.9991798401,80.256149292,69973,69983,10
12.9996099472,80.2562484741,69983,69993,10
13.0002698898,80.2563781738,69993,70003,10
13.0009298325,80.2565002441,70003,70013,10
13.0013399124,80.2565765381,70013,70023,10
13.0016403198,80.2566299438,70023,70033,10
13.0021495819,80.2567062378,70033,70043,10
13.0026903152,80.2568130493,70043,70053,10
13.0032396317,80.2569198608,70053,70063,10
13.0038299561,80.2570266724,70063,70073,10
13.004360199,80.2571411133,70073,70084,11
13.0050401688,80.2572631836,70084,70094,10
13.0056800842,80.2574081421,70094,70114,20
13.0056800842,80.2574081421,70114,70124,10
13.0058403015,80.2574462891,70124,70134,10
13.0061903,80.2575302124,70134,70144,10
13.006529808,80.2573394775,70144,70154,10
13.0064897537,80.256652832,70154,70166,12
13.0064697266,80.255821228,70166,70176,10
13.0064897537,80.2549667358,70176,70185,9
13.0064601898,80.2543487549,70185,70195,10
13.0064401627,80.2538909912,70195,70207,12
13.0064401627,80.2533187866,70207,70217,10
13.0064401627,80.2533111572,70217,70227,10
13.0064401627,80.2530822754,70227,70237,10
13.0064296722,80.2527389526,70237,70247,10
13.0064296722,80.2526397705,70247,70257,10
13.0064897537,80.2522888184,70257,70267,10
13.0066003799,80.2516937256,70267,70277,10
13.0066795349,80.2509384155,70277,70287,10
13.0066795349,80.2501602173,70287,70298,11
13.006649971,80.2493209839,70298,70308,10
13.0066099167,80.2486572266,70308,70318,10
13.0065698624,80.2482070923,70318,70328,10
13.0065603256,80.2477874756,70328,70338,10
13.0065698624,80.2472763062,70338,70348,10
13.0065002441,80.2466125488,70348,70368,20
13.0065002441,80.2466125488,70368,70378,10
13.0065402985,80.2463531494,70378,70388,10
13.0065498352,80.2457962036,70388,70398,10
13.0065603256,80.2450714111,70398,70409,11
13.0065803528,80.2442321777,70409,70419,10
13.0065402985,80.2435379028,70419,70429,10
13.0065202713,80.2429122925,70429,70439,10
13.0064897537,80.2421569824,70439,70449,10
13.0065202713,80.2413635254,70449,70459,10
13.0066204071,80.2407531738,70459,70469,10
13.0066604614,80.2404937744,70469,70479,10
13.0067396164,80.2401275635,70479,70489,10
13.0069198608,80.2395095825,70489,70499,10
13.0070295334,80.2387313843,70499,70509,10
13.0072002411,80.2378997803,70509,70520,11
13.0073699951,80.2368164063,70520,70550,30
13.0073699951,80.2368164063,70550,70560,10
13.0074501038,80.2364883423,70560,70570,10
13.0075798035,80.2359390259,70570,70580,10
13.0076799393,80.2353515625,70580,70590,10
13.0077600479,80.2350082397,70590,70600,10
13.0078697205,80.2345123291,70600,70610,10
13.0080099106,80.2338409424,70610,70620,10
13.0081996918,80.232963562,70620,70631,11
13.0084295273,80.2318115234,70631,70641,10
13.0086603165,80.2306976318,70641,70651,10
13.0088796616,80.2295532227,70651,70661,10
13.0091104507,80.2284393311,70661,70671,10
13.0095300674,80.2274093628,70671,70681,10
13.0100097656,80.226348877,70681,70691,10
13.0104503632,80.225479126,70691,70701,10
13.0108804703,80.2244720459,70701,70711,10
13.0112800598,80.2234191895,70711,70721,10
13.0116596222,80.2224502563,70721,70732,11
13.0119895935,80.2215194702,70732,70742,10
13.0122900009,80.221496582,70742,70752,10
13.0125303268,80.221862793,70752,70762,10
13.0129699707,80.222366333,70762,70772,10
13.013469696,80.2229385376,70772,70782,10
13.0140399933,80.2236175537,70782,70792,10
13.0146198273,80.2243118286,70792,70801,9
13.0151195526,80.2247314453,70801,70822,21
13.0151195526,80.2247314453,70822,70832,10
13.0153903961,80.2249832153,70832,70842,10
13.0156097412,80.2251586914,70842,70853,11
13.0156202316,80.2251586914,70853,70863,10
13.0158004761,80.2253265381,70863,70873,10
13.0163497925,80.2254104614,70873,70883,10
13.0171003342,80.225151062,70883,70893,10
13.0179395676,80.2248001099,70893,70903,10
13.0187797546,80.2244491577,70903,70913,10
13.0193195343,80.2243423462,70913,70932,19
13.0193195343,80.2243423462,70932,70943,11
13.0195798874,80.2244873047,70943,70964,21
13.0195798874,80.2244873047,70964,70974,10
13.0198297501,80.2246627808,70974,70984,10
13.0202198029,80.2249832153,70984,70994,10
13.0207500458,80.2253570557,70994,71004,10
13.0212497711,80.225769043,71004,71014,10
13.0219602585,80.2262802124,71014,71024,10
13.0226602554,80.2268676758,71024,71034,10
13.0232801437,80.2274398804,71034,71044,10
13.0238199234,80.2279205322,71044,71054,10
13.0242595673,80.2284164429,71054,71065,11
13.024600029,80.2288589478,71065,71085,20
13.024600029,80.2288589478,71085,71095,10
13.0246200562,80.2289428711,71095,71105,10
13.0248203278,80.2292480469,71105,71115,10
13.0252103806,80.2297592163,71115,71125,10
13.0256500244,80.2304229736,71125,71135,10
13.0259504318,80.2311172485,71135,71145,10
13.0261297226,80.2313995361,71145,71155,10
13.026599884,80.2312774658,71155,71165,10
13.0272598267,80.231086731,71165,71176,11
13.0280103683,80.2309799194,71176,71186,10
13.0284204483,80.2309417725,71186,71196,10
13.0284795761,80.2309265137,71196,71206,10
13.0287399292,80.2308883667,71206,71226,20
13.0287399292,80.2308883667,71226,71236,10
13.0290899277,80.2308578491,71236,71246,10
13.0293197632,80.2308502197,71246,71256,10
13.029999733,80.2307815552,71256,71307,51
13.029999733,80.2307815552,71307,71317,10
13.0302801132,80.2307434082,71317,71327,10
13.0305500031,80.2307281494,71327,71337,10
13.0306396484,80.2305908203,71337,71347,10
13.0305595398,80.2301712036,71347,71357,10
13.0303001404,80.2295303345,71357,71367,10
13.0302696228,80.2288589478,71367,71377,10
13.0303201675,80.2283477783,71377,71386,9
13.0303297043,80.2282867432,71386,71398,12
13.0303497314,80.2279815674,71398,71408,10
13.0303401947,80.2275772095,71408,71418,10
13.02987957,80.2274780273,71418,71428,10
13.0293197632,80.2273788452,71428,71438,10
13.028670311,80.2272872925,71438,71448,10
13.028169632,80.2271881104,71448,71458,10
13.0278997421,80.2270965576,71458,71468,10
13.0278596878,80.2267074585,71468,71478,10
13.0279998779,80.2260894775,71478,71488,10
13.028169632,80.2253036499,71488,71498,10
13.0283603668,80.2243881226,71498,71509,11
13.0286397934,80.2240600586,71509,71519,10
13.0287399292,80.224067688,71519,71529,10
13.0287799835,80.2240829468,71529,71539,10
13.029009819,80.2242584229,71539,71549,10
13.0293998718,80.2243423462,71549,71559,10
13.0300397873,80.2243499756,71559,71569,10
13.0306301117,80.2243499756,71569,71579,10
13.0310401917,80.2242889404,71579,71589,10
13.0310497284,80.2238616943,71589,71599,10
13.031080246,80.2233505249,71599,71609,10
13.0311203003,80.223197937,71609,71620,11
13.0311498642,80.2230224609,71620,71630,10
13.0313196182,80.2226333618,71630,71640,10
13.031539917,80.2221832275,71640,71650,10
13.0317802429,80.2217102051,71650,71660,10
13.031920433,80.2213134766,71660,71670,10
13.0320796967,80.220703125,71670,71680,10
13.0321102142,80.220123291,71680,71690,10
13.032119751,80.2197723389,71690,71700,10
13.032119751,80.2197418213,71700,71710,10
13.032119751,80.2196273804,71710,71720,10
13.0321302414,80.2192611694,71720,71731,11
13.0320901871,80.2186431885,71731,71741,10
13.0315599442,80.2184677124,71741,71751,10
13.0314102173,80.2179412842,71751,71761,10
13.0313396454,80.2172927856,71761,71771,10
13.0312299728,80.2170562744,71771,71781,10
13.0308599472,80.217048645,71781,71791,10
13.0304203033,80.2170028687,71791,71801,10
13.0303897858,80.2168121338,71801,71811,10
13.0303697586,80.216583252,71811,71821,10
13.0303401947,80.2160568237,71821,71838,17
13.0303001404,80.2146606445,71838,71860,22
13.0303001404,80.2146606445,71860,71870,10
13.0303201675,80.2144775391,71870,71880,10
13.030380249,80.2141113281,71880,71890,10
13.0304403305,80.213722229,71890,71900,10
13.030500412,80.2133865356,71900,71910,10
13.030579567,80.2128067017,71910,71919,9
13.0306797028,80.2121963501,71919,71929,10
13.0307502747,80.2117614746,71929,71941,12
13.0307998657,80.2113800049,71941,71951,10
13.0308303833,80.2110824585,71951,71961,10
13.0308799744,80.2107009888,71961,71971,10
13.0309400558,80.2102584839,71971,71981,10
13.0308198929,80.2101211548,71981,71991,10
13.0304899216,80.2100067139,71991,72001,10
13.0300102234,80.2098617554,72001,72011,10
13.0300703049,80.2092895508,72011,72031,20
13.0300703049,80.2092895508,72031,72041,10
13.0301198959,80.2091369629,72041,72052,11
13.0304002762,80.2091064453,72052,72062,10
13.0309801102,80.2092590332,72062,72072,10
13.0315599442,80.2094192505,72072,72082,10
13.0316495895,80.2094268799,72082,72092,10
13.0317497253,80.2094268799,72092,72102,10
13.0321702957,80.2095184326,72102,72112,10
13.0327196121,80.2096176147,72112,72122,10
13.0336399078,80.2098083496,72122,72132,10
13.0344800949,80.2099533081,72132,72142,10
13.0350704193,80.2098617554,72142,72152,10
13.0351495743,80.2092514038,72152,72163,11
13.0351896286,80.2089004517,72163,72173,10
13.0351896286,80.2088623047,72173,72183,10
13.0352497101,80.2085189819,72183,72193,10
13.035320282,80.2079162598,72193,72203,10
13.0354299545,80.2071533203,72203,72213,10
13.0355501175,80.2063598633,72213,72223,10
13.0354795456,80.2060699463,72223,72233,10
13.0354299545,80.2057266235,72233,72243,10
13.0354604721,80.2053985596,72243,72259,16
13.03565979,80.2052536011,72259,72271,12
13.035779953,80.2048721313,72271,72282,11
13.0358495712,80.2043685913,72282,72292,10
13.0359601974,80.2036972046,72292,72302,10
13.0360498428,80.2030487061,72302,72312,10
13.0361499786,80.2023010254,72312,72321,9
13.036239624,80.2015075684,72321,72342,21
13.036239624,80.2015075684,72342,72352,10
13.0362997055,80.2011795044,72352,72363,11
13.0363998413,80.2005386353,72363,72373,10
13.0364904404,80.1997833252,72373,72383,10
13.0366296768,80.1989822388,72383,72394,11
13.0367002487,80.1984024048,72394,72404,10
13.0367202759,80.1983184814,72404,72414,10
13.0368003845,80.1978988647,72414,72424,10
13.036860466,80.197479248,72424,72434,10
13.0368995667,80.1971664429,72434,72444,10
13.0369796753,80.1965866089,72444,72454,10
13.0370101929,80.1963882446,72454,72464,10
13.0370397568,80.1961975098,72464,72474,10
13.0370998383,80.1957321167,72474,72484,10
13.0372104645,80.1950531006,72484,72495,11
13.0373401642,80.1941986084,72495,72505,10
13.0374603271,80.193321228,72505,72515,10
13.0376996994,80.192817688,72515,72525,10
13.0381298065,80.1927871704,72525,72535,10
13.0385599136,80.1928405762,72535,72545,10
13.0387201309,80.1928634644,72545,72555,10
13.0388097763,80.1928787231,72555,72565,10
13.0392198563,80.1929473877,72565,72575,10
13.0396995544,80.1930389404,72575,72585,10
13.0403003693,80.1931304932,72585,72595,10
13.0409698486,80.1932525635,72595,72606,11
13.0416498184,80.1933670044,72606,72616,10
13.0417299271,80.1937637329,72616,72626,10
13.0417203903,80.1939926147,72626,72636,10
13.0417003632,80.1941375732,72636,72646,10
13.0416297913,80.1946563721,72646,72656,10
13.0415401459,80.1952896118,72656,72666,10
13.0414600372,80.195930481,72666,72676,10
13.0413999557,80.1963806152,72676,72686,10
13.0413799286,80.1964569092,72686,72696,10
13.0413198471,80.1968231201,72696,72707,11
13.0412998199,80.1969299316,72707,72717,10
13.0412397385,80.1972503662,72717,72727,10
13.041179657,80.1977615356,72727,72737,10
13.0410900116,80.1983337402,72737,72747,10
13.041009903,80.1989822388,72747,72757,10
13.0409698486,80.1993865967,72757,72767,10
13.0409603119,80.1994628906,72767,72777,10
13.0409097672,80.1998291016,72777,72787,10
13.0408000946,80.2005233765,72787,72797,10
13.0407104492,80.2012405396,72797,72807,10
13.0405902863,80.2019500732,72807,72818,11
13.0405197144,80.2023620605,72818,72828,10
13.040430069,80.2029800415,72828,72838,10
13.0403203964,80.2036209106,72838,72848,10
13.0402297974,80.204246521,72848,72858,10
13.0401802063,80.2046508789,72858,72868,10
13.0401496887,80.2050170898,72868,72878,10
13.04047966,80.205116272,72878,72888,10
13.0410003662,80.2052001953,72888,72898,10
13.0411701202,80.2052230835,72898,72908,10
13.0413198471,80.2052536011,72908,72918,10
13.0417203903,80.205291748,72918,72929,11
13.0419101715,80.2053222656,72929,72939,10
13.0421600342,80.2053833008,72939,72949,10
13.0425901413,80.2055587769,72949,72959,10
13.0429201126,80.2061004639,72959,72969,10
13.0433702469,80.2067337036,72969,72979,10
13.0438404083,80.2074127197,72979,72989,10
13.0440502167,80.208190918,72989,72999,10
13.0441102982,80.2089385986,72999,73009,10
13.0441198349,80.2091217041,73009,73019,10
13.0441398621,80.2092666626,73019,73029,10
13.0441198349,80.2096176147,73029,73040,11
13.0441598892,80.2103424072,73040,73049,9
13.0441904068,80.2110595703,73049,73060,11
13.0442895889,80.2122268677,73060,73100,40
13.0442895889,80.2122268677,73100,73110,10
13.0444202423,80.212272644,73110,73120,10
13.0447702408,80.2122573853,73120,73130,10
13.0454301834,80.2122421265,73130,73140,10
13.0461797714,80.2122268677,73140,73151,11
13.0469799042,80.2121734619,73151,73171,20
13.0469799042,80.2121734619,73171,73181,10
13.0470104218,80.2119369507,73181,73191,10
13.0469999313,80.2118835449,73191,73201,10
13.0469799042,80.211517334,73201,73211,10
13.0469303131,80.2109985352,73211,73221,10
13.0472202301,80.2107925415,73221,73230,9
13.047750473,80.2108001709,73230,73240,10
13.0483903885,80.2108230591,73240,73251,11
13.0491104126,80.2108306885,73251,73262,11
13.0495700836,80.2108230591,73262,73272,10
13.0495901108,80.2106399536,73272,73282,10
13.0495195389,80.2101669312,73282,73292,10
13.0493898392,80.2094802856,73292,73302,10
13.0493202209,80.2090072632,73302,73312,10
13.0492601395,80.2086181641,73312,73322,10
13.0490999222,80.2081069946,73322,73332,10
13.0488300323,80.2073516846,73332,73352,20
13.0488300323,80.2073516846,73352,73363,11
13.0487699509,80.2071228027,73363,73373,10
13.0488004684,80.2069015503,73373,73383,10
13.0489797592,80.2068481445,73383,73392,9
13.0491199493,80.2068481445,73392,73403,11
13.0492095947,80.2070617676,73403,75008,1605
13.0491800308,80.2073822021,75008,75744,736
13.0490999222,80.2074203491,75744,75785,41
13.0490999222,80.2074203491,75785,75795,10
13.0489902496,80.2077178955,75795,75805,10
13.0491199493,80.2080917358,75805,75815,10
13.0492801666,80.2085494995,75815,75825,10
13.0493803024,80.2090377808,75825,75835,10
13.0494604111,80.209197998,75835,75845,10
13.0495004654,80.2095489502,75845,75855,10
13.0495595932,80.210067749,75855,75865,10
13.0496301651,80.2106781006,75865,75876,11
13.0496902466,80.2112426758,75876,75886,10
13.049779892,80.2118988037,75886,75942,56
13.049779892,80.2118988037,75942,75954,12
13.0498199463,80.2121963501,75954,75963,9
13.0495004654,80.2122802734,75963,76005,42
13.0495004654,80.2122802734,76005,76015,10
13.0492601395,80.2123031616,76015,76025,10
13.0488796234,80.212310791,76025,76035,10
13.0484399796,80.2123336792,76035,76045,10
13.047949791,80.2123794556,76045,76054,9
13.0473403931,80.2124404907,76054,76064,10
13.0467100143,80.2124404907,76064,76075,11
13.0459003448,80.2124328613,76075,76085,10
13.0450496674,80.2124481201,76085,76096,11
13.044549942,80.2124710083,76096,76166,70
13.044549942,80.2124710083,76166,76176,10
13.0443296432,80.2125167847,76176,76186,10
13.0441198349,80.2122116089,76186,76196,10
13.0441303253,80.2116088867,76196,76207,11
13.0441198349,80.2108001709,76207,76217,10
13.0440797806,80.2100524902,76217,76227,10
13.0440502167,80.2095108032,76227,76237,10
13.0440502167,80.209487915,76237,76247,10
13.0440196991,80.208946228,76247,76267,20
13.0440196991,80.208946228,76267,76277,10
13.0439901352,80.2086029053,76277,76287,10
13.0439500809,80.2079315186,76287,76297,10
13.0436000824,80.2071762085,76297,76307,10
13.0430297852,80.2064285278,76307,76318,11
13.0423297882,80.2055969238,76318,76328,10
13.0416002274,80.2053527832,76328,76337,9
13.0411701202,80.2052764893,76337,76348,11
13.0407495499,80.2052230835,76348,76358,10
13.0406198502,80.2052001953,76358,76368,10
13.0401802063,80.2051315308,76368,76378,10
13.0396604538,80.2050628662,76378,76388,10
13.0391197205,80.2049865723,76388,76398,10
13.0386400223,80.2049484253,76398,76408,10
13.0381202698,80.2048416138,76408,76418,10
13.0380601883,80.2045593262,76418,76429,11
13.0381498337,80.203918457,76429,76439,10
13.0382699966,80.2032012939,76439,76449,10
13.0383501053,80.2026901245,76449,76459,10
13.0384397507,80.2020568848,76459,76469,10
13.0385103226,80.2015228271,76469,76479,10
13.0385904312,80.2009811401,76479,76489,10
13.0386800766,80.2002868652,76489,76499,10
13.0388202667,80.1994628906,76499,76509,10
13.0389299393,80.1987380981,76509,76519,10
13.0390701294,80.1979827881,76519,76529,10
13.0391998291,80.1971893311,76529,76540,11
13.0392398834,80.1968688965,76540,76550,10
13.039270401,80.1965637207,76550,76560,10
13.0393295288,80.196182251,76560,76570,10
13.0394296646,80.1953811646,76570,76580,10
13.039560318,80.1945037842,76580,76590,10
13.0396995544,80.1932296753,76590,76610,20
13.0396995544,80.1932296753,76610,76620,10
13.0393600464,80.1930923462,76620,76630,10
13.0385198593,80.1929626465,76630,76651,21
13.0385198593,80.1929626465,76651,76661,10
13.0382795334,80.1929092407,76661,76671,10
13.0377998352,80.1929168701,76671,76681,10
13.0375204086,80.1934585571,76681,76691,10
13.0374202728,80.1941986084,76691,76701,10
13.0373001099,80.1949768066,76701,76711,10
13.0372200012,80.1957092285,76711,76721,10
13.0371704102,80.1960678101,76721,76731,10
13.0371398926,80.1962203979,76731,76741,10
13.0370702744,80.1966323853,76741,76752,11
13.0369596481,80.1973724365,76752,76762,10
13.036860466,80.198097229,76762,76772,10
13.0368003845,80.1986694336,76772,76782,10
13.0367898941,80.1987228394,76782,76792,10
13.0367603302,80.1988983154,76792,76802,10
13.0366802216,80.1994094849,76802,76812,10
13.0365896225,80.2001037598,76812,76822,10
13.0364704132,80.2008285522,76822,76832,10
13.0363998413,80.2013473511,76832,76842,10
13.0363502502,80.201789856,76842,76852,10
13.0363502502,80.2017974854,76852,76863,11
13.0362997055,80.2021484375,76863,76873,10
13.0361995697,80.2027206421,76873,76883,10
13.03606987,80.2033996582,76883,76893,10
13.0359802246,80.2039794922,76893,76903,10
13.0359201431,80.204460144,76903,76913,10
13.0358495712,80.2049789429,76913,76923,10
13.0357503891,80.205619812,76923,76933,10
13.0357198715,80.2058868408,76933,76943,10
13.0357103348,80.2060089111,76943,76953,10
13.03565979,80.2063980103,76953,76963,10
13.0355901718,80.2069702148,76963,76974,11
13.0355396271,80.2073974609,76974,76983,9
13.035490036,80.2077407837,76983,76994,11
13.0354404449,80.2080230713,76994,77004,10
13.035369873,80.2083587646,77004,77014,10
13.0353403091,80.2086181641,77014,77024,10
13.0353097916,80.2087631226,77024,77034,10
13.0352296829,80.2092590332,77034,77044,10
13.0351295471,80.2099609375,77044,77054,10
13.0350103378,80.2105407715,77054,77064,10
13.0348997116,80.2110519409,77064,77074,10
13.0348300934,80.2114562988,77074,77085,11
13.0346698761,80.2121124268,77085,77095,10
13.0341997147,80.2121124268,77095,77105,10
13.0336503983,80.2120437622,77105,77115,10
13.0331201553,80.2119674683,77115,77125,10
13.0328598022,80.2119827271,77125,77135,10
13.0327396393,80.2119598389,77135,77145,10
13.0325098038,80.2119369507,77145,77155,10
13.032500267,80.2119369507,77155,77165,10
13.0322303772,80.2118835449,77165,77175,10
13.0319404602,80.2117996216,77175,77185,10
13.0319004059,80.2114181519,77185,77196,11
13.0319795609,80.2106704712,77196,77206,10
13.0320501328,80.2099914551,77206,77216,10
13.0319700241,80.2096862793,77216,77226,10
13.0314903259,80.2095718384,77226,77236,10
13.0307598114,80.2093887329,77236,77246,10
13.0301704407,80.2092285156,77246,77256,10
13.0300703049,80.2094497681,77256,77266,10
13.0300703049,80.2095108032,77266,77276,10
13.0300302505,80.209602356,77276,77286,10
13.029999733,80.2097930908,77286,77296,10
13.0303001404,80.2098999023,77296,77307,11
13.03083992,80.2100219727,77307,77317,10
13.0309495926,80.2102203369,77317,77327,10
13.0309200287,80.2105789185,77327,77337,10
13.0308504105,80.2110671997,77337,77347,10
13.0308198929,80.2113800049,77347,77357,10
13.0307397842,80.2118301392,77357,77367,10
13.0306396484,80.2123718262,77367,77377,10
13.030579567,80.2128829956,77377,77387,10
13.0305099487,80.213432312,77387,77397,10
13.0304603577,80.2137298584,77397,77407,10
13.030380249,80.2141113281,77407,77418,11
13.0303401947,80.2146835327,77418,77428,10
13.0303201675,80.2147827148,77428,77438,10
13.0303096771,80.2151184082,77438,77448,10
13.0303401947,80.2157363892,77448,77458,10
13.0303602219,80.2164230347,77458,77468,10
13.030500412,80.2169189453,77468,77478,10
13.0306301117,80.2169189453,77478,77488,10
13.0308103561,80.2169265747,77488,77498,10
13.0311899185,80.2169113159,77498,77508,10
13.0314102173,80.2170333862,77508,77518,10
13.0314903259,80.2176208496,77518,77529,11
13.03166008,80.2183685303,77529,77539,10
13.0321998596,80.2185592651,77539,77549,10
13.0321798325,80.2191925049,77549,77559,10
13.0321702957,80.2198562622,77559,77569,10
13.0321998596,80.2203216553,77569,77589,20
13.0321998596,80.2203216553,77589,77599,10
13.0321998596,80.2204971313,77599,77609,10
13.0320997238,80.2209396362,77609,77619,10
13.0319499969,80.2215118408,77619,77630,11
13.0316400528,80.2221221924,77630,77640,10
13.0313396454,80.2226791382,77640,77650,10
13.0311803818,80.2233581543,77650,77660,10
13.0311498642,80.2239303589,77660,77670,10
13.0311498642,80.2240524292,77670,77680,10
13.0310096741,80.224357605,77680,77690,10
13.0304498672,80.2243423462,77690,77700,10
13.0298099518,80.2243423462,77700,77710,10
13.0290002823,80.2242584229,77710,77730,20
13.0290002823,80.2242584229,77730,77741,11
13.0286998749,80.2240982056,77741,77751,10
13.0284204483,80.2241973877,77751,77761,10
13.0282897949,80.2248535156,77761,77771,10
13.0281200409,80.2257537842,77771,77781,10
13.027970314,80.2265167236,77781,77791,10
13.0279102325,80.2269210815,77791,77801,10
13.0282201767,80.2270889282,77801,77811,10
13.0288295746,80.227180481,77811,77821,10
13.0295200348,80.2273025513,77821,77831,10
13.0301799774,80.2274169922,77831,77841,10
13.0303897858,80.2276763916,77841,77852,11
13.0303497314,80.2279281616,77852,77862,10
13.0303401947,80.2281494141,77862,77872,10
13.0303297043,80.2282180786,77872,77882,10
13.0303001404,80.2286224365,77882,77892,10
13.0302600861,80.2288970947,77892,77902,10
13.0303001404,80.2293777466,77902,77912,10
13.0305500031,80.2300415039,77912,77922,10
13.030670166,80.2306365967,77922,77952,30
13.030670166,80.2306365967,77952,77963,11
13.0305595398,80.2307891846,77963,77973,10
13.0301799774,80.230796814,77973,77983,10
13.0297498703,80.2308425903,77983,77993,10
13.0296802521,80.2308197021,77993,78003,10
13.0293798447,80.2308578491,78003,78013,10
13.0288496017,80.2308807373,78013,78023,10
13.0281496048,80.2309494019,78023,78033,10
13.027680397,80.2309799194,78033,78042,9
13.0276203156,80.2312774658,78042,78052,10
13.0277004242,80.2318267822,78052,78063,11
13.0277996063,80.2323989868,78063,78074,11
13.0276403427,80.2328033447,78074,78084,10
13.0270299911,80.2329177856,78084,78114,30
13.0270299911,80.2329177856,78114,78124,10
13.0268297195,80.2329406738,78124,78134,10
13.0265598297,80.233001709,78134,78144,10
13.0262699127,80.2326278687,78144,78154,10
13.0261497498,80.232093811,78154,78164,10
13.0261001587,80.2319107056,78164,78174,10
13.0260400772,80.231628418,78174,78185,11
13.0259304047,80.2311401367,78185,78195,10
13.0256099701,80.2303237915,78195,78205,10
13.0249795914,80.2294616699,78205,78215,10
13.0243902206,80.2287368774,78215,78225,10
13.0239095688,80.2282104492,78225,78245,20
13.0239095688,80.2282104492,78245,78255,10
13.023730278,80.2279968262,78255,78265,10
13.0233697891,80.2276229858,78265,78275,10
13.0229997635,80.2272186279,78275,78285,10
13.0225801468,80.2267990112,78285,78296,11
13.0220098495,80.2262802124,78296,78306,10
13.0213298798,80.2257766724,78306,78316,10
13.0206098557,80.2252426147,78316,78326,10
13.0199604034,80.2248306274,78326,78336,10
13.0194501877,80.2245178223,78336,78346,10
13.0187597275,80.2244491577,78346,78356,10
13.0179195404,80.2248001099,78356,78366,10
13.0169897079,80.2252120972,78366,78376,10
13.0163202286,80.225479126,78376,78386,10
13.0158195496,80.2256469727,78386,78396,10
13.0151100159,80.2259292603,78396,78407,11
13.0143499374,80.2262268066,78407,78417,10
13.0141096115,80.2263565063,78417,78427,10
13.013999939,80.2264099121,78427,78437,10
13.0135097504,80.2265777588,78437,78447,10
13.0128602982,80.2268295288,78447,78457,10
13.0119800568,80.2272109985,78457,78467,10
13.0110197067,80.2275924683,78467,78477,10
13.010020256,80.2279891968,78477,78487,10
13.009180069,80.2284469604,78487,78497,10
13.0089197159,80.2294616699,78497,78507,10
13.0087003708,80.2305603027,78507,78518,11
13.0084695816,80.2318191528,78518,78528,10
13.0082502365,80.2329406738,78528,78538,10
13.0081996918,80.233543396,78538,78548,10
13.008099556,80.2338027954,78548,78558,10
13.0079803467,80.2343826294,78558,78568,10
13.0078201294,80.2351379395,78568,78578,10
13.0076303482,80.2360992432,78578,78588,10
13.007399559,80.2372283936,78588,78598,10
13.0072202682,80.2382583618,78598,78608,10
13.007060051,80.2391433716,78608,78618,10
13.0069103241,80.2400817871,78618,78719,101
13.0069103241,80.2400817871,78719,78730,11
13.0069198608,80.2402572632,78730,78740,10
13.0068597794,80.2406921387,78740,78750,10
13.0068302155,80.2408599854,78750,78760,10
13.0067996979,80.2410430908,78760,78770,10
13.0067300797,80.2416229248,78770,78780,10
13.0067195892,80.242401123,78780,78790,10
13.0066795349,80.2432403564,78790,78800,10
13.0066995621,80.244140625,78800,78810,10
13.0067100525,80.2451400757,78810,78820,10
13.0067195892,80.2460784912,78820,78830,10
13.0067396164,80.2470092773,78830,78841,11
13.0067195892,80.2480163574,78841,78851,10
13.0067396164,80.2488479614,78851,78861,10
13.0068397522,80.2495117188,78861,78871,10
13.0068502426,80.2496185303,78871,78881,10
13.0068397522,80.2499313354,78881,78891,10
13.006819725,80.2505187988,78891,78901,10
13.0068397522,80.2512207031,78901,78911,10
13.0067901611,80.2514572144,78911,78921,10
13.0067796707,80.2515411377,78921,78931,10
13.0066995621,80.2518997192,78931,78941,10
13.0065603256,80.2525482178,78941,78952,11
13.0065498352,80.2534790039,78952,78962,10
13.0065498352,80.254447937,78962,78972,10
13.0066099167,80.2552032471,78972,78982,10
13.0066099167,80.255531311,78982,78992,10
13.0065898895,80.2561416626,78992,79002,10
13.0066003799,80.2567367554,79002,79012,10
13.0066795349,80.2573165894,79012,79022,10
13.0062999725,80.2575378418,79022,79032,10
13.0057296753,80.2573928833,79032,79042,10
13.0051898956,80.2572784424,79042,79052,10
13.0046596527,80.2571563721,79052,79063,11
13.003950119,80.2569885254,79063,79073,10
13.0034103394,80.2568893433,79073,79083,10
13.002869606,80.2567901611,79083,79093,10
13.0022201538,80.2566604614,79093,79103,10
13.0014896393,80.2565536499,79103,79113,10
13.0006799698,80.2564315796,79113,79123,10
12.9997596741,80.2562713623,79123,79133,10
12.9990701675,80.2561264038,79133,79142,9
12.9979200363,80.2559967041,79142,79163,21
12.9979200363,80.2559967041,79163,79174,11
12.9975795746,80.2559585571,79174,79183,9
12.9971599579,80.2559204102,79183,79194,11
12.9968900681,80.2561416626,79194,79204,10
12.9968595505,80.2567214966,79204,79214,10
12.9968595505,80.2570037842,79214,79224,10
12.9968395233,80.2570266724,79224,79234,10
12.9968099594,80.2573699951,79234,79244,10
12.9967603683,80.2578582764,79244,79254,10
12.9966802597,80.2584762573,79254,79264,10
12.9966201782,80.2591171265,79264,79274,10
12.9965200424,80.2596969604,79274,79285,11
12.9964799881,80.260307312,79285,79295,10
12.996430397,80.2608566284,79295,79305,10
12.9963798523,80.2612915039,79305,79315,10
12.9963302612,80.2617492676,79315,79325,10
12.9962501526,80.2622909546,79325,79345,20
12.9962501526,80.2622909546,79345,79355,10
12.9962396622,80.2624435425,79355,79365,10
12.9961795807,80.2629394531,79365,79375,10
12.9961204529,80.2635879517,79375,79385,10
12.9960298538,80.2644195557,79385,79396,11
12.9959096909,80.2654037476,79396,79406,10
12.9958200455,80.2662582397,79406,79416,10
12.9957304001,80.2670211792,79416,79426,10
12.9957399368,80.2676010132,79426,79436,10
12.9961500168,80.2676467896,79436,79446,10
12.9961795807,80.2676467896,79446,79456,10
12.9965200424,80.2676773071,79456,79466,10
12.9972000122,80.2675628662,79466,79476,10
12.9980602264,80.2673110962,79476,79486,10
12.9988803864,80.2670822144,79486,79496,10
12.9996404648,80.2668380737,79496,79507,11
13.0000696182,80.2664718628,79507,79517,10
13.0000896454,80.2664031982,79517,79527,10
13.0001497269,80.2660522461,79527,79537,10
13.0002298355,80.2655181885,79537,79547,10
13.0002603531,80.2651824951,79547,79557,10
13.0003099442,80.2649383545,79557,79567,10
13.0003795624,80.2643737793,79567,79577,10
13.0004796982,80.2636871338,79577,79587,10
13.0006999969,80.263092041,79587,79597,10
13.0007400513,80.2628326416,79597,79607,10
13.0008001328,80.2623291016,79607,79618,11
13.0008602142,80.2616195679,79618,79628,10
13.0009202957,80.2608413696,79628,79638,10
13.0009803772,80.2599563599,79638,79648,10
13.0009803772,80.2590026855,79648,79658,10
13.00096035,80.2580184937,79658,79668,10
13.0010004044,80.2570724487,79668,79678,10
13.0008602142,80.2564697266,79678,79688,10
13.0002202988,80.256401062,79688,79698,10
12.999420166,80.2562484741,79698,79708,10
12.9987802505,80.2561187744,79708,79718,10
12.9983301163,80.2560577393,79718,79729,11
12.9979200363,80.2559967041,79729,79860,131
12.9979200363,80.2559967041,79860,79870,10
12.9977998734,80.2560195923,79870,79880,10
12.9976501465,80.2561035156,79880,79890,10
12.9976902008,80.2562637329,79890,79900,10
12.9978904724,80.2564926147,79900,80100,200
12.9978904724,80.2564926147,80100,80110,10
12.998000145,80.2566299438,80110,80120,10
12.9980096817,80.2570800781,80120,80130,10
12.9983997345,80.2570877075,80130,80938,808
12.9984502792,80.2568588257,80938,81129,191
