13.0003900528,80.2650527954,20,141,121
13.0004997253,80.2654037476,141,182,41
13.0005598068,80.2650375366,182,232,50
13.0004997253,80.2652206421,232,263,31
13.000459671,80.265083313,263,434,171
13.0004901886,80.2652816772,434,586,152
13.0004901886,80.2652816772,586,596,10
13.000289917,80.2652587891,596,757,161
13.0004301071,80.2651824951,757,808,51
13.0003099442,80.2653427124,808,898,90
13.0003099442,80.2653427124,898,908,10
13.0003900528,80.265296936,908,919,11
13.0003900528,80.2652893066,919,929,10
13.0004196167,80.2654495239,929,969,40
13.0004196167,80.2654495239,969,979,10
13.000459671,80.265411377,979,1070,91
13.000459671,80.265411377,1070,1080,10
13.0004997253,80.2652511597,1080,1110,30
13.0004997253,80.2652511597,1110,1120,10
13.0003900528,80.2653198242,1120,1211,91
13.0003900528,80.2653198242,1211,1221,10
13.0003995895,80.2652435303,1221,1231,10
13.00041008,80.2652435303,1231,1241,10
13.000459671,80.2652816772,1241,1403,162
13.000459671,80.2652816772,1403,1413,10
13.0002498627,80.2651977539,1413,1453,40
13.0003700256,80.2652511597,1453,1544,91
13.0004997253,80.2655563354,1544,1575,31
13.0004701614,80.2652130127,1575,1766,191
13.0003404617,80.26512146,1766,1827,61
13.0004701614,80.2650375366,1827,1867,40
13.0004701614,80.2650375366,1867,1877,10
13.0004501343,80.2650222778,1877,2008,131
13.0004396439,80.2651824951,2008,2120,112
13.0005302429,80.2651367188,2120,2180,60
13.0004796982,80.2652130127,2180,2977,797
13.0003204346,80.2651367188,2977,3149,172
13.0005197525,80.2652893066,3149,3169,20
13.0005197525,80.2652893066,3169,3179,10
13.0005397797,80.2655029297,3179,3189,10
13.0005502701,80.2655487061,3189,3199,10
13.0005102158,80.2652893066,3199,3220,21
13.0004796982,80.2651367188,3220,3310,90
13.0005502701,80.2648925781,3310,3371,61
13.0005397797,80.265083313,3371,3583,212
13.000579834,80.26512146,3583,4209,626
13.0006103516,80.26512146,4209,4370,161
13.0005502701,80.2649612427,4370,4471,101
13.0004997253,80.2650985718,4471,5036,565
13.0005302429,80.2650375366,5036,5278,242
13.0006999969,80.2650299072,5278,5542,264
13.0005102158,80.2650222778,5542,6440,898
13.0004701614,80.2651824951,6440,6480,40
13.0004701614,80.2651824951,6480,6491,11
13.0003900528,80.2653884888,6491,6521,30
13.0005197525,80.2652130127,6521,6834,313
13.0005197525,80.2652130127,6834,6844,10
13.0006799698,80.2650604248,6844,6894,50
13.0006799698,80.2650604248,6894,6904,10
13.0005998611,80.2651901245,6904,7106,202
13.0005397797,80.2650299072,7106,7227,121
13.0005197525,80.2651367188,7227,7399,172
13.000459671,80.2650299072,7399,8014,615
13.0006303787,80.26512146,8014,8146,132
13.0006303787,80.26512146,8146,8156,10
13.0007400513,80.2650680542,8156,8226,70
13.0007400513,80.2650680542,8226,8236,10
13.0005197525,80.2650985718,8236,8337,101
13.0003995895,80.2649230957,8337,8509,172
13.0003995895,80.2649230957,8509,8519,10
13.0005302429,80.2650985718,8519,8650,131
13.0005998611,80.2649993896,8650,8670,20
13.0006599426,80.2652206421,8670,8741,71
13.0005998611,80.2650680542,8741,8771,30
13.0005702972,80.2652206421,8771,8872,101
13.0005197525,80.2650375366,8872,9094,222
13.0004997253,80.2652435303,9094,9649,555
13.000670433,80.265007019,9649,9821,172
13.0006198883,80.2651901245,9821,9932,111
13.000670433,80.2650985718,9932,10285,353
13.0005903244,80.2651901245,10285,10316,31
13.0006599426,80.265007019,10316,10457,141
13.000459671,80.2652816772,10457,10608,151
13.0007295609,80.2650680542,10608,10689,81
13.0006999969,80.2651824951,10689,10790,101
13.0005998611,80.2650985718,10790,10951,161
13.0005702972,80.2651596069,10951,11062,111
13.000459671,80.2655334473,11062,11113,51
13.000459671,80.2655334473,11113,11123,10
13.0004997253,80.2654418945,11123,11234,111
13.0004997253,80.2654418945,11234,11244,10
13.0005702972,80.2652435303,11244,11436,192
13.0005702972,80.2652435303,11436,11446,10
13.0004796982,80.2650299072,11446,11476,30
13.0004796982,80.2650299072,11476,11486,10
13.0005397797,80.2648696899,11486,11557,71
13.0005302429,80.2649917603,11557,11618,61
13.000459671,80.2651977539,11618,11759,141
13.0004901886,80.2651290894,11759,11829,70
13.000459671,80.2651977539,11829,12001,172
13.0005102158,80.2649765015,12001,12274,273
13.0004396439,80.2651901245,12274,12385,111
13.0005302429,80.2651367188,12385,13041,656
13.0005302429,80.2651367188,13041,13051,10
13.0005197525,80.265296936,13051,13747,696
13.0005197525,80.265296936,13747,13757,10
13.0005702972,80.2650527954,13757,13777,20
13.0006198883,80.2650222778,13777,13929,152
13.0006198883,80.2650222778,13929,13939,10
13.000459671,80.2650985718,13939,14020,81
13.000459671,80.2650985718,14020,14030,10
13.0005102158,80.26512146,14030,14100,70
13.0005102158,80.26512146,14100,14110,10
13.0005397797,80.2651824951,14110,14696,586
13.0004396439,80.2649612427,14696,14795,99
13.000459671,80.2651367188,14795,14916,121
13.0004997253,80.2654418945,14916,15108,192
13.000459671,80.2651596069,15108,15209,101
13.000459671,80.2651596069,15209,15219,10
13.0005702972,80.2651977539,15219,15966,747
13.0004196167,80.2653808594,15966,16147,181
13.0006799698,80.2652893066,16147,16190,43
13.0004901886,80.2654190063,16190,16291,101
13.0005397797,80.2650909424,16291,16492,201
13.0004901886,80.2652206421,16492,16947,455
13.0004796982,80.26512146,16947,17027,80
13.0005197525,80.2651901245,17027,17088,61
13.0005197525,80.2651901245,17088,17098,10
13.00041008,80.2651596069,17098,17290,192
13.0004196167,80.2650985718,17290,17502,212
13.0004196167,80.2650985718,17502,17512,10
13.0004701614,80.2650222778,17512,17542,30
13.0005903244,80.265083313,17542,17582,40
13.0005903244,80.2649612427,17582,17603,21
13.000670433,80.2650680542,17603,17623,20
13.0006999969,80.2651977539,17623,17653,30
13.0006999969,80.2651977539,17653,17663,10
13.000579834,80.2651596069,17663,17673,10
13.000579834,80.2651519775,17673,17683,10
13.000579834,80.2652206421,17683,17835,152
13.0005903244,80.2650985718,17835,18228,393
13.0004501343,80.2650604248,18228,18481,253
13.0005197525,80.2651367188,18481,18561,80
13.0005197525,80.2650909424,18561,18773,212
13.0005302429,80.26512146,18773,18854,81
13.0004301071,80.2651062012,18854,19379,525
13.0004396439,80.265411377,19379,19561,182
13.0003299713,80.2656478882,19561,19641,80
13.0002603531,80.2657318115,19641,19863,222
13.0001802444,80.265663147,19863,19884,21
13.0001096725,80.2657623291,19884,19995,111
13.0003099442,80.2657012939,19995,20257,262
13.0004997253,80.2656326294,20257,20287,30
13.000289917,80.2657165527,20287,20550,263
13.0003204346,80.2656326294,20550,20711,161
13.0003204346,80.2656326294,20711,20721,10
13.0001001358,80.2657165527,20721,20812,91
13.0003700256,80.2656173706,20812,20853,41
13.0005903244,80.2655487061,20853,20964,111
13.0006303787,80.2655181885,20964,21075,111
13.0006303787,80.2655181885,21075,21085,10
13.0008497238,80.2654571533,21085,21105,20
13.0005102158,80.2656021118,21105,21246,141
13.0005102158,80.2656021118,21246,21256,10
13.0003595352,80.2656707764,21256,21458,202
13.0001602173,80.2655715942,21458,21488,30
13.0003404617,80.2657012939,21488,22074,586
13.0003995895,80.2655105591,22074,22296,222
13.0003995895,80.2655029297,22296,22417,121
13.0003299713,80.2655792236,22417,22467,50
13.0002698898,80.2655563354,22467,22770,303
13.0003900528,80.2653579712,22770,22790,20
13.0003900528,80.2653579712,22790,22800,10
13.0005397797,80.2650909424,22800,22912,112
13.0005197525,80.2650985718,22912,23083,171
13.0004701614,80.2650985718,23083,23335,252
13.0004701614,80.2650985718,23335,23346,11
13.0003099442,80.2656021118,23346,23356,10
13.0003995895,80.2657623291,23356,23366,10
13.0003900528,80.2660293579,23366,23376,10
13.0003204346,80.2664794922,23376,23396,20
13.0003204346,80.2664794922,23396,23406,10
13.0002498627,80.2667388916,23406,23416,10
12.9998903275,80.2669219971,23416,23426,10
12.9993495941,80.2670669556,23426,23436,10
12.9986400604,80.267250061,23436,23446,10
12.997879982,80.2674713135,23446,23457,11
12.997010231,80.2677230835,23457,23467,10
12.9961395264,80.2677078247,23467,23477,10
12.9957304001,80.2676620483,23477,23487,10
12.9956998825,80.2673187256,23487,23507,20
12.9956998825,80.2673187256,23507,23517,10
12.9957103729,80.2672271729,23517,23527,10
12.9957399368,80.2669525146,23527,23537,10
12.9958000183,80.2663803101,23537,23547,10
12.9958896637,80.2656478882,23547,23557,10
12.9959802628,80.2648468018,23557,23568,11
12.9960899353,80.2640533447,23568,23578,10
12.9961700439,80.263458252,23578,23588,10
12.996219635,80.262878418,23588,23598,10
12.9962797165,80.2623672485,23598,23608,10
12.9962997437,80.2622299194,23608,23618,10
12.9963598251,80.2618179321,23618,23628,10
12.9964704514,80.2611999512,23628,23638,10
12.9965295792,80.2604217529,23638,23648,10
12.9966096878,80.2596206665,23648,23658,10
12.9966602325,80.2590026855,23658,23668,10
12.9967403412,80.2582397461,23668,23679,11
12.9968395233,80.2572937012,23679,23689,10
12.9970197678,80.2561035156,23689,23719,30
12.9970197678,80.2561035156,23719,23729,10
12.9970197678,80.2558898926,23729,23759,30
12.9970197678,80.2558898926,23759,23769,10
12.9970397949,80.255821228,23769,23780,11
12.9975404739,80.2558517456,23780,23790,10
12.9980802536,80.2559204102,23790,23800,10
12.9988203049,80.2560119629,23800,23820,20
12.9988203049,80.2560119629,23820,23830,10
12.9989900589,80.2560424805,23830,23840,10
12.999420166,80.2561416626,23840,23850,10
13.0000801086,80.2562484741,23850,23860,10
13.0007801056,80.256401062,23860,23870,10
13.0014400482,80.2565078735,23870,23880,10
13.0021896362,80.2566299438,23880,23891,11
13.003080368,80.2567977905,23891,23901,10
13.0039396286,80.256980896,23901,23911,10
13.0048398972,80.2571563721,23911,23921,10
13.0057001114,80.2573165894,23921,23931,10
13.0064096451,80.2573776245,23931,23941,10
13.0065803528,80.2568511963,23941,23951,10
13.0065402985,80.256072998,23951,23961,10
13.0065202713,80.2552490234,23961,23971,10
13.0065202713,80.2541809082,23971,23981,10
13.0065402985,80.2534637451,23981,23991,10
13.0065603256,80.2524185181,23991,24002,11
13.0067195892,80.251411438,24002,24012,10
13.0067501068,80.2503509521,24012,24022,10
13.0067501068,80.2492828369,24022,24032,10
13.0066900253,80.2482299805,24032,24042,10
13.0066604614,80.2473068237,24042,24052,10
13.0066099167,80.246711731,24052,24062,10
13.0065803528,80.2465362549,24062,24072,10
13.0066099167,80.2464828491,24072,24082,10
13.0066604614,80.2460479736,24082,24092,10
13.0066604614,80.2452163696,24092,24102,10
13.0066995621,80.2442626953,24102,24113,11
13.0066404343,80.2431564331,24113,24123,10
13.0066003799,80.2422409058,24123,24133,10
13.0065603256,80.2417373657,24133,24143,10
13.0066003799,80.2415237427,24143,24153,10
13.0066604614,80.2409591675,24153,24163,10
13.006819725,80.2401809692,24163,24173,10
13.0069599152,80.2392272949,24173,24183,10
13.0071601868,80.2381896973,24183,24193,10
13.007399559,80.237197876,24193,24203,10
13.0074501038,80.2367401123,24203,24214,11
13.0075502396,80.2364273071,24214,24224,10
13.0076999664,80.2358016968,24224,24234,10
13.0078802109,80.2349395752,24234,24244,10
13.0080795288,80.2339324951,24244,24253,9
13.0082798004,80.2328567505,24253,24264,11
13.0085496902,80.2314987183,24264,24274,10
13.0087995529,80.2302474976,24274,24284,10
13.0090198517,80.2291107178,24284,24294,10
13.0092802048,80.2280578613,24294,24304,10
13.0097503662,80.2269821167,24304,24314,10
13.0101900101,80.2260818481,24314,24325,11
13.0105600357,80.2253417969,24325,24335,10
13.0109100342,80.2245635986,24335,24345,10
13.0111703873,80.2238464355,24345,24355,10
13.0115203857,80.2229995728,24355,24365,10
13.0118703842,80.2219772339,24365,24375,10
13.0122804642,80.2213973999,24375,24385,10
13.0124998093,80.2217407227,24385,24401,16
13.0131101608,80.2226333618,24401,24413,12
13.0138502121,80.2232971191,24413,24423,10
13.0143299103,80.2237472534,24423,24434,11
13.0148000717,80.224281311,24434,24446,12
13.0153999329,80.2249221802,24446,24476,30
13.0153999329,80.2249221802,24476,24486,10
13.0156202316,80.2250671387,24486,24496,10
13.0162401199,80.2252807617,24496,24506,10
13.0170497894,80.2250823975,24506,24516,10
13.0178899765,80.2247390747,24516,24526,10
13.0187196732,80.2244033813,24526,24536,10
13.0193004608,80.224281311,24536,24547,11
13.0193004608,80.2242965698,24547,24557,10
13.0194702148,80.2244262695,24557,24567,10
13.019900322,80.2246704102,24567,24577,10
13.0205001831,80.2250976563,24577,24587,10
13.0212001801,80.2256622314,24587,24597,10
13.0219898224,80.226272583,24597,24607,10
13.0228099823,80.2269515991,24607,24617,10
13.0236196518,80.2276763916,24617,24627,10
13.0243501663,80.2285308838,24627,24637,10
13.0249700546,80.2293319702,24637,24648,11
13.0256004333,80.2301635742,24648,24658,10
13.025970459,80.2309494019,24658,24668,10
13.0261497498,80.2313613892,24668,24678,10
13.0268602371,80.2311630249,24678,24688,10
13.0277500153,80.23097229,24688,24698,10
13.0284700394,80.2308731079,24698,24708,10
13.0285301208,80.2308731079,24708,24718,10
13.0289096832,80.2308425903,24718,24728,10
13.0293998718,80.230796814,24728,24738,10
13.0299701691,80.2307662964,24738,24748,10
13.0306301117,80.2307281494,24748,24759,11
13.0307197571,80.2305297852,24759,24769,10
13.0306501389,80.2300872803,24769,24779,10
13.0303897858,80.2294616699,24779,24789,10
13.0303602219,80.2287826538,24789,24799,10
13.0304298401,80.228187561,24799,24809,10
13.0304403305,80.2278213501,24809,24819,10
13.0304403305,80.2276229858,24819,24835,16
13.0298700333,80.2273712158,24835,24847,12
13.029129982,80.2272491455,24847,24855,8
13.0287599564,80.227180481,24855,24867,12
13.0285196304,80.2271270752,24867,24877,10
13.0280399323,80.2270126343,24877,24888,11
13.0279302597,80.2267379761,24888,24898,10
13.0280504227,80.2262268066,24898,24908,10
13.0281896591,80.2256011963,24908,24917,9
13.028380394,80.2247619629,24917,24927,10
13.0285596848,80.2240829468,24927,24937,10
13.0289096832,80.2240371704,24937,24948,11
13.0293798447,80.2241821289,24948,25070,122
13.0293798447,80.2241821289,25070,25079,9
13.0314302444,80.2179412842,25079,25090,11
13.0314598083,80.2175216675,25090,25106,16
13.0312404633,80.2165527344,25106,26115,1009
13.0312404633,80.2165527344,26115,26125,10
13.0439195633,80.20728302,26125,26134,9
13.0441398621,80.2080078125,26134,26145,11
13.0442199707,80.2089385986,26145,26155,10
13.044210434,80.2095565796,26155,26166,11
13.0442495346,80.2103805542,26166,26176,10
13.0442695618,80.211227417,26176,26186,10
13.0443000793,80.2119598389,26186,26196,10
13.0444297791,80.2122421265,26196,26206,10
13.0449104309,80.2121887207,26206,26216,10
13.0455999374,80.2121505737,26216,26226,10
13.0464096069,80.2121429443,26226,26236,10
13.0468301773,80.212097168,26236,26246,10
13.0470695496,80.2120437622,26246,26266,20
13.0470695496,80.2120437622,26266,26277,11
13.04708004,80.2118225098,26277,26287,10
13.0469999313,80.2113037109,26287,26297,10
13.0469799042,80.2108001709,26297,26307,10
13.0474004745,80.2107772827,26307,26317,10
13.0480003357,80.2108230591,26317,26327,10
13.0487203598,80.2108078003,26327,26337,10
13.0494499207,80.2108535767,26337,26347,10
13.0497198105,80.2105865479,26347,26357,10
13.0496501923,80.2099227905,26357,26367,10
13.0495996475,80.209197998,26367,26377,10
13.0494499207,80.208366394,26377,26388,11
13.0489797592,80.2072677612,26388,26408,20
13.0489797592,80.2072677612,26408,26418,10
13.0489797592,80.2071533203,26418,26428,10
13.0489301682,80.2069778442,26428,26438,10
13.0490598679,80.2068405151,26438,26468,30
13.0492601395,80.2068786621,26468,27233,765
13.0494203568,80.20703125,27233,27365,132
13.0493001938,80.2069473267,27365,27819,454
13.0491600037,80.2070922852,27819,27900,81
13.0491504669,80.2073669434,27900,27940,40
13.0491504669,80.2073669434,27940,27950,10
13.0491399765,80.2077178955,27950,27960,10
13.0493001938,80.2082366943,27960,27970,10
13.0494403839,80.2088623047,27970,27980,10
13.0495901108,80.209602356,27980,27990,10
13.0496997833,80.2104034424,27990,28000,10
13.049779892,80.2111282349,28000,28011,11
13.0498504639,80.2116622925,28011,28020,9
13.0498695374,80.2119369507,28020,28032,12
13.0497903824,80.2121429443,28032,28040,8
13.0495796204,80.2121582031,28040,28062,22
13.0495796204,80.2121582031,28062,28072,10
13.0491895676,80.2122116089,28072,28082,10
13.0485801697,80.2121963501,28082,28092,10
13.0478200912,80.212272644,28092,28102,10
13.0469303131,80.2123184204,28102,28112,10
13.0459499359,80.2123336792,28112,28123,11
13.0446500778,80.2123718262,28123,28173,50
13.0446500778,80.2123718262,28173,28183,10
13.0444297791,80.212348938,28183,28193,10
13.044260025,80.2119064331,28193,28203,10
13.0442399979,80.2111816406,28203,28213,10
13.044210434,80.2103805542,28213,28224,11
13.0441799164,80.2095108032,28224,28234,10
13.0441303253,80.2089004517,28234,28244,10
13.0441303253,80.2088012695,28244,28254,10
13.0441303253,80.2087020874,28254,28264,10
13.0441398621,80.2082290649,28264,28274,10
13.0439596176,80.2074813843,28274,28284,10
13.0434799194,80.2067489624,28284,28294,10
13.042889595,80.2059631348,28294,28303,9
13.0422697067,80.2053833008,28303,28314,11
13.041469574,80.2052078247,28314,28324,10
13.0408697128,80.2051086426,28324,28335,11
13.0408000946,80.2050628662,28335,28345,10
13.04047966,80.205078125,28345,28355,10
13.0399799347,80.2049865723,28355,28365,10
13.0392799377,80.2048721313,28365,28375,10
13.0385599136,80.2047576904,28375,28385,10
13.0381298065,80.2046127319,28385,28395,10
13.0382099152,80.2041320801,28395,28405,10
13.0383300781,80.2033996582,28405,28415,10
13.0384502411,80.2027435303,28415,28425,10
13.0385398865,80.2021026611,28425,28435,10
13.0385704041,80.2018814087,28435,28445,10
13.0386104584,80.2015991211,28445,28455,10
13.0386600494,80.2012329102,28455,28466,11
13.0387601852,80.2005386353,28466,28476,10
13.0388898849,80.1998214722,28476,28486,10
13.0389795303,80.1991271973,28486,28496,10
13.0390701294,80.1984024048,28496,28506,10
13.0391998291,80.1975402832,28506,28516,10
13.0392799377,80.1968765259,28516,28526,10
13.0392999649,80.1968612671,28526,28536,10
13.039349556,80.1965179443,28536,28546,10
13.0394001007,80.1960296631,28546,28557,11
13.0395202637,80.1952819824,28557,28567,10
13.0396299362,80.1944503784,28567,28577,10
13.0397701263,80.193572998,28577,28593,16
13.0397195816,80.1930999756,28593,28605,12
13.0394496918,80.1930236816,28605,28615,10
13.0392198563,80.1929626465,28615,28625,10
13.0386896133,80.1928634644,28625,28635,10
13.0386600494,80.1928405762,28635,28645,10
13.0384902954,80.1928024292,28645,28655,10
13.0379600525,80.1927871704,28655,28666,11
13.0375900269,80.1934280396,28666,28676,10
13.0375003815,80.1942367554,28676,28686,10
13.0373401642,80.1952819824,28686,28696,10
13.0372600555,80.1958694458,28696,28706,10
13.0372495651,80.1960372925,28706,28716,10
13.0371999741,80.1961669922,28716,28726,10
13.0371303558,80.1966171265,28726,28736,10
13.0370397568,80.1973114014,28736,28746,10
13.0369195938,80.198059082,28746,28756,10
13.036860466,80.198638916,28756,28766,10
13.0368499756,80.1986618042,28766,28777,11
13.0368003845,80.1987304688,28777,28787,10
13.0367603302,80.1990432739,28787,28797,10
13.0366802216,80.1996612549,28797,28807,10
13.0365800858,80.2004165649,28807,28817,10
13.03647995,80.201171875,28817,28827,10
13.0364303589,80.2016220093,28827,28837,10
13.0364103317,80.201789856,28837,28847,10
13.0363502502,80.2019424438,28847,28857,10
13.0362796783,80.2024993896,28857,28867,10
13.0361604691,80.2032394409,28867,28878,11
13.0360603333,80.2039489746,28878,28888,10
13.0359802246,80.2045974731,28888,28898,10
13.0358600616,80.2053375244,28898,28908,10
13.0357999802,80.2058181763,28908,28918,10
13.0357398987,80.2061080933,28918,28928,10
13.0356502533,80.206741333,28928,28938,10
13.0355796814,80.2076034546,28938,28948,10
13.035490036,80.2081832886,28948,28958,10
13.0354003906,80.2086029053,28958,28989,31
13.0354003906,80.2086029053,28989,28999,10
13.0354204178,80.2084732056,28999,29009,10
13.0348901749,80.2112503052,29009,29029,20
13.0348901749,80.2112503052,29029,29039,10
13.0339403152,80.2117462158,29039,29049,10
13.033780098,80.2124176025,29049,29059,10
13.0333995819,80.2121810913,29059,29069,10
13.0327501297,80.2118988037,29069,29079,10
13.0330200195,80.2121734619,29079,29100,21
13.0323801041,80.2119369507,29100,29120,20
13.0323801041,80.2119369507,29120,29130,10
13.0320796967,80.2095489502,29130,29140,10
13.0317802429,80.2090530396,29140,29148,8
13.0307502747,80.2098083496,29148,29158,10
13.0300598145,80.2094116211,29158,29180,22
13.0300598145,80.2094116211,29180,29190,10
13.0300798416,80.2097015381,29190,29201,11
13.0303602219,80.2099304199,29201,29211,10
13.0310096741,80.2100524902,29211,29221,10
13.031080246,80.2102890015,29221,29231,10
13.0309200287,80.2110671997,29231,29332,101
13.0303897858,80.2146606445,29332,29372,40
13.0303897858,80.2146606445,29372,29382,10
13.030380249,80.2170181274,29382,29392,10
13.0307397842,80.2174987793,29392,29402,10
13.0310096741,80.2170333862,29402,29411,9
13.0314302444,80.2171401978,29411,29423,12
13.0318498611,80.2173995972,29423,29433,10
13.0318698883,80.2183837891,29433,29443,10
13.0322799683,80.2185211182,29443,29453,10
13.0322599411,80.21900177,29453,29463,10
13.0322504044,80.2197036743,29463,29473,10
13.0322599411,80.2202377319,29473,29483,10
13.0322599411,80.2202606201,29483,29493,10
13.0321598053,80.2206268311,29493,29503,10
13.031999588,80.2213134766,29503,29513,10
13.0317201614,80.2219696045,29513,29523,10
13.0314998627,80.2224884033,29523,29534,11
13.0312299728,80.2230987549,29534,29544,10
13.0311899185,80.223777771,29544,29554,10
13.0311698914,80.2242736816,29554,29564,10
13.0307197571,80.224319458,29564,29574,10
13.0301799774,80.2242965698,29574,29584,10
13.0290403366,80.2242279053,29584,29596,12
13.0290403366,80.2242279053,29596,29659,63
13.0279502869,80.2266693115,29659,29669,10
13.0279302597,80.2269363403,29669,29679,10
13.0282297134,80.2271194458,29679,29689,10
13.0285797119,80.227180481,29689,29699,10
13.0286502838,80.2271881104,29699,29709,10
13.0290498734,80.2272415161,29709,29719,10
13.0295295715,80.2273178101,29719,29729,10
13.0301504135,80.227432251,29729,29739,10
13.0304803848,80.2276382446,29739,29750,11
13.0304203033,80.2280426025,29750,29760,10
13.0303897858,80.2281799316,29760,29770,10
13.0303401947,80.2285385132,29770,29780,10
13.03028965,80.2290878296,29780,29790,10
13.0304403305,80.229598999,29790,29800,10
13.0306396484,80.23021698,29800,29810,10
13.0306997299,80.2306137085,29810,29820,10
13.0305204391,80.2307434082,29820,29830,10
13.0300397873,80.230796814,29830,29840,10
13.0298595428,80.2308197021,29840,29862,22
13.0294799805,80.2308502197,29862,29875,13
13.0287799835,80.2308807373,29875,29883,8
13.028260231,80.2309494019,29883,29895,12
13.0277004242,80.2310409546,29895,29905,10
13.0276699066,80.2314300537,29905,29915,10
13.0277204514,80.2319488525,29915,29925,10
13.0278301239,80.2325286865,29925,29934,9
13.0277395248,80.2328186035,29934,29946,12
13.0269298553,80.2329711914,29946,29987,41
13.0269298553,80.2329711914,29987,29997,10
13.0267696381,80.2330780029,29997,30007,10
13.0264396667,80.2329330444,30007,30017,10
13.0262098312,80.2322769165,30017,30026,9
13.0260696411,80.2317428589,30026,30037,11
13.02602005,80.2315063477,30037,30047,10
13.0258398056,80.2308425903,30047,30057,10
13.0254297256,80.2300796509,30057,30067,10
13.0246496201,80.2290802002,30067,30088,21
13.0246496201,80.2290802002,30088,30098,10
13.024600029,80.229019165,30098,30108,10
13.0243597031,80.2286834717,30108,30118,10
13.024020195,80.2283325195,30118,30128,10
13.0239801407,80.2282791138,30128,30138,10
13.0238399506,80.2280578613,30138,30148,10
13.0235204697,80.2277374268,30148,30158,10
13.0232601166,80.2274780273,30158,30168,10
13.022939682,80.227142334,30168,30178,10
13.0225696564,80.2267990112,30178,30189,11
13.0219802856,80.2262878418,30189,30199,10
13.021320343,80.2257995605,30199,30209,10
13.0205698013,80.2252426147,30209,30219,10
13.0199699402,80.2248306274,30219,30229,10
13.0192403793,80.2244567871,30229,30239,10
13.0182304382,80.2246780396,30239,30249,10
13.0172901154,80.2250976563,30249,30259,10
13.0167999268,80.2253036499,30259,30269,10
13.0163803101,80.2254867554,30269,30279,10
13.0159797668,80.2256317139,30279,30289,10
13.0148696899,80.2260818481,30289,30310,21
13.0148696899,80.2260818481,30310,30320,10
13.0147895813,80.2261199951,30320,30330,10
13.0144901276,80.2262268066,30330,30340,10
13.0143098831,80.2262878418,30340,30350,10
13.0142202377,80.22631073,30350,30360,10
13.0138196945,80.2264480591,30360,30370,10
13.0132102966,80.2266769409,30370,30380,10
13.0124597549,80.2269821167,30380,30390,10
13.0116195679,80.2273178101,30390,30400,10
13.0106801987,80.2276916504,30400,30411,11
13.0097398758,80.2280578613,30411,30421,10
13.0091104507,80.2286834717,30421,30431,10
13.008939743,80.2297821045,30431,30441,10
13.0087404251,80.2308807373,30441,30451,10
13.0085201263,80.231918335,30451,30461,10
13.0083398819,80.2329025269,30461,30471,10
13.0082597733,80.233581543,30471,30481,10
13.0082302094,80.2336578369,30481,30491,10
13.0081796646,80.2337799072,30491,30501,10
13.008099556,80.2342071533,30501,30511,10
13.0079698563,80.2348480225,30511,30522,11
13.0078001022,80.2357406616,30522,30532,10
13.007610321,80.236656189,30532,30548,16
13.0073204041,80.2381896973,30548,30560,12
13.0071001053,80.2393035889,30560,30570,10
13.0069503784,80.2401275635,30570,30620,50
13.0069503784,80.2401275635,30620,30631,11
13.0069599152,80.2401809692,30631,30640,9
13.0069103241,80.2405395508,30640,30651,11
13.0067901611,80.2412490845,30651,30661,10
13.0067596436,80.242149353,30661,30671,10
13.0067195892,80.2431488037,30671,30681,10
13.0066795349,80.244140625,30681,30691,10
13.0066699982,80.2449264526,30691,30701,10
13.0066995621,80.2458572388,30701,30711,10
13.0067501068,80.2469329834,30711,30721,10
13.0067396164,80.2477493286,30721,30731,10
13.0067796707,80.2486419678,30731,30742,11
13.0068597794,80.2495193481,30742,30762,20
13.0068597794,80.2495193481,30762,30772,10
13.0068597794,80.249786377,30772,30782,10
13.0068101883,80.2503585815,30782,30792,10
13.006819725,80.2511367798,30792,30802,10
13.006770134,80.2516326904,30802,30812,10
13.0066299438,80.2522964478,30812,30822,10
13.0065698624,80.2531890869,30822,30832,10
13.0065603256,80.2541885376,30832,30842,10
13.0066099167,80.2550201416,30842,30853,11
13.0065898895,80.2552871704,30853,30863,10
13.0065898895,80.2558364868,30863,30873,10
13.0065803528,80.2566986084,30873,30883,10
13.0067195892,80.2573394775,30883,30893,10
13.0068397522,80.2574462891,30893,30984,91
13.0068397522,80.2574462891,30984,30994,10
13.0067501068,80.2573471069,30994,31004,10
13.0064096451,80.257522583,31004,31014,10
13.0057001114,80.2573928833,31014,31024,10
13.0050201416,80.2572174072,31024,31034,10
13.0041704178,80.2570037842,31034,31044,10
13.0032300949,80.2568206787,31044,31054,10
13.0023899078,80.2566680908,31054,31065,11
13.0017595291,80.2565765381,31065,31075,10
13.0013904572,80.2565383911,31075,31085,10
13.0007400513,80.2564620972,31085,31095,10
13.0001802444,80.256362915,31095,31105,10
13.0001602173,80.256362915,31105,31115,10
13.0000295639,80.2563171387,31115,31125,10
12.9995498657,80.2562408447,31125,31135,10
12.998840332,80.2560806274,31135,31145,10
12.9981803894,80.2559890747,31145,31155,10
12.9976501465,80.2559509277,31155,31165,10
12.9974899292,80.2559585571,31165,31176,11
12.9970903397,80.2559280396,31176,31186,10
12.9968795776,80.2562484741,31186,31196,10
12.9968299866,80.256942749,31196,31226,30
12.9968299866,80.256942749,31226,31236,10
12.9968700409,80.2571182251,31236,31246,10
12.9967899323,80.2575378418,31246,31256,10
12.9966897964,80.2581634521,31256,31266,10
12.9966096878,80.2588577271,31266,31276,10
12.9965295792,80.2595672607,31276,31287,11
12.9964504242,80.2602767944,31287,31297,10
12.9963703156,80.2610321045,31297,31307,10
12.9963102341,80.2617263794,31307,31317,10
12.9962701797,80.2621917725,31317,31327,10
12.9962596893,80.2623214722,31327,31337,10
12.9962396622,80.2624816895,31337,31347,10
12.9961700439,80.2628479004,31347,31357,10
12.9961204529,80.2634277344,31357,31367,10
12.9960603714,80.2641220093,31367,31377,10
12.9959402084,80.2652511597,31377,31398,21
12.9959402084,80.2652511597,31398,31408,10
12.9959096909,80.2653503418,31408,31418,10
12.995880127,80.2657470703,31418,31428,10
12.9958095551,80.266418457,31428,31438,10
12.9957304001,80.2671966553,31438,31448,10
12.9958095551,80.2676773071,31448,31458,10
12.996219635,80.2677383423,31458,31478,20
12.996219635,80.2677383423,31478,31488,10
12.9963598251,80.2677764893,31488,31498,10
12.9967403412,80.2677764893,31498,31509,11
12.9974002838,80.2676086426,31509,31519,10
12.9980697632,80.2674179077,31519,31535,16
12.9991998672,80.2670669556,31535,31547,12
13.0001401901,80.2665405273,31547,31577,30
13.0001401901,80.2665405273,31577,31587,10
13.0001897812,80.266242981,31587,31597,10
13.0002498627,80.2658462524,31597,31608,11
13.0003004074,80.2657012939,31608,31618,10
13.0003700256,80.2659835815,31618,31658,40
13.0004501343,80.2659378052,31658,32152,494
13.0003499985,80.2660827637,32152,32223,71
13.0003595352,80.2660217285,32223,32374,151
13.0003595352,80.2661590576,32374,33503,1129
13.0002803802,80.266418457,33503,33533,30
13.0002803802,80.266418457,33533,33543,10
13.0002698898,80.2667388916,33543,33553,10
13.0000400543,80.2668762207,33553,33563,10
12.9995603561,80.266998291,33563,33573,10
12.9989900589,80.2671508789,33573,33584,11
12.9983196259,80.2673416138,33584,33594,10
12.997759819,80.2675018311,33594,33604,10
12.9971504211,80.2676620483,33604,33614,10
12.9963998795,80.2677078247,33614,33623,9
12.995880127,80.2676925659,33623,33634,11
12.9956903458,80.2673492432,33634,33664,30
12.9956903458,80.2673492432,33664,33674,10
12.9957504272,80.266998291,33674,33684,10
12.9958000183,80.2664489746,33684,33695,11
12.9959096909,80.2656707764,33695,33705,10
12.9960002899,80.2649002075,33705,33715,10
12.9960699081,80.2641372681,33715,33725,10
12.9961500168,80.2633285522,33725,33735,10
12.9961996078,80.2627563477,33735,33745,10
12.9962301254,80.2625579834,33745,33755,10
12.9962596893,80.2624588013,33755,33765,10
12.9962902069,80.2623596191,33765,33775,10
12.9963197708,80.2620162964,33775,33785,10
12.9963598251,80.2617034912,33785,33795,10
12.9964199066,80.2611618042,33795,33806,11
12.9964895248,80.2603988647,33806,33816,10
12.9965200424,80.2600021362,33816,33826,10
12.9965200424,80.2599868774,33826,33836,10
12.9965295792,80.2597503662,33836,33846,10
12.9965696335,80.2593917847,33846,33856,10
12.9966001511,80.2590179443,33856,33866,10
12.9966602325,80.258392334,33866,33876,10
12.9967699051,80.2575683594,33876,33886,10
12.9968595505,80.2569580078,33886,33896,10
12.9968996048,80.2561569214,33896,33927,31
12.9967403412,80.2561416626,33927,33977,50
12.9967403412,80.2561416626,33977,33987,10
12.9968004227,80.2559280396,33987,33997,10
12.9973096848,80.2558364868,33997,34007,10
12.9979200363,80.2559127808,34007,34017,10
12.9988203049,80.2560119629,34017,34048,31
12.9988203049,80.2560119629,34048,34058,10
12.9989004135,80.2560195923,34058,34068,10
12.9992904663,80.2561035156,34068,34078,10
13.0002698898,80.2563171387,34078,34088,10
13.0002698898,80.2563171387,34088,34098,10
13.0008497238,80.256401062,34098,34108,10
13.0014801025,80.2565078735,34108,34118,10
13.0021295547,80.2566223145,34118,34128,10
13.0027599335,80.256729126,34128,34139,11
13.0035200119,80.2568969727,34139,34149,10
13.0042695999,80.2570419312,34149,34160,11
13.0051898956,80.257232666,34160,34170,10
13.0059995651,80.2573318481,34170,34180,10
13.0063495636,80.2573928833,34180,34190,10
13.0064096451,80.2574462891,34190,34200,10
13.0065002441,80.2574386597,34200,34210,10
13.0065402985,80.2571029663,34210,34220,10
13.006480217,80.2565002441,34220,34230,10
13.0064897537,80.2556762695,34230,34241,11
13.0065498352,80.2548522949,34241,34251,10
13.0065202713,80.2539520264,34251,34260,9
13.0065202713,80.2533111572,34260,34271,11
13.006529808,80.2532501221,34271,34281,10
13.0065402985,80.2529525757,34281,34291,10
13.0065803528,80.2523269653,34291,34301,10
13.0066604614,80.2518310547,34301,34362,61
13.0066604614,80.2518310547,34362,34372,10
13.0067100525,80.2515487671,34372,34382,10
13.0067796707,80.2508621216,34382,34392,10
13.0068101883,80.2498703003,34392,34402,10
13.0067996979,80.24949646,34402,34412,10
13.0067796707,80.249168396,34412,34422,10
13.0067195892,80.248550415,34422,34432,10
13.0066604614,80.2480010986,34432,34442,10
13.0066404343,80.2478637695,34442,34452,10
13.0066404343,80.247756958,34452,34463,11
13.006649971,80.2472229004,34463,34473,10
13.0066099167,80.2467803955,34473,34483,10
13.0065898895,80.2466812134,34483,34493,10
13.0066099167,80.2465133667,34493,34503,10
13.0066404343,80.246131897,34503,34513,10
13.006649971,80.2454605103,34513,34529,16
13.0066099167,80.2440414429,34529,34541,12
13.0065803528,80.2428512573,34541,34551,10
13.0065498352,80.241859436,34551,34561,10
13.0065698624,80.2415466309,34561,34571,10
13.0065803528,80.2413787842,34571,34582,11
13.0066404343,80.2405929565,34582,34622,40
13.0066404343,80.2405929565,34622,34631,9
13.0066404343,80.2404708862,34631,34642,11
13.0067796707,80.2399902344,34642,34652,10
13.0068502426,80.2395935059,34652,34662,10
13.0070495605,80.2387466431,34662,34672,10
13.0072002411,80.2380218506,34672,34683,11
13.0073900223,80.2371368408,34683,34693,10
13.0074100494,80.2368011475,34693,34703,10
13.0074300766,80.2367401123,34703,34713,10
13.0075502396,80.2363586426,34713,34723,10
13.0076904297,80.235710144,34723,34733,10
13.0078496933,80.2349014282,34733,34743,10
13.0080299377,80.2340621948,34743,34753,10
13.0082597733,80.2328033447,34753,34763,10
13.0085296631,80.2314682007,34763,34773,10
13.0088100433,80.2301635742,34773,34782,9
13.0090398788,80.2290420532,34782,34794,12
13.0094804764,80.2275390625,34794,34803,9
13.0099401474,80.2265014648,34803,34814,11
13.0103998184,80.2255172729,34814,34824,10
13.0108604431,80.2245330811,34824,34834,10
13.0112400055,80.2236480713,34834,34844,10
13.0114898682,80.2230072021,34844,34854,10
13.011759758,80.2221374512,34854,34864,10
13.012169838,80.2213897705,34864,34874,10
13.0125198364,80.2217330933,34874,34884,10
13.0126800537,80.2222976685,34884,34894,10
13.0136604309,80.2230911255,34894,34905,11
13.0143098831,80.2235717773,34905,34915,10
13.0146198273,80.2239227295,34915,34925,10
13.0149803162,80.2244186401,34925,34935,10
13.015250206,80.2248001099,34935,34945,10
13.0156202316,80.2250595093,34945,34985,40
13.0156202316,80.2250595093,34985,34995,10
13.0156898499,80.2251968384,34995,35005,10
13.015999794,80.2253417969,35005,35016,11
13.0165500641,80.2253265381,35016,35026,10
13.0172100067,80.2250595093,35026,35036,10
13.0179395676,80.2247314453,35036,35167,131
13.0179395676,80.2247314453,35167,35177,10
13.0180997849,80.2246704102,35177,35187,10
13.0186300278,80.2244720459,35187,35197,10
13.0192604065,80.2242965698,35197,35228,31
13.0192604065,80.2242965698,35228,35238,10
13.019370079,80.2243423462,35238,35248,10
13.019610405,80.2244873047,35248,35258,10
13.0200099945,80.2247390747,35258,35268,10
13.0205202103,80.2250976563,35268,35278,10
13.0209703445,80.2254104614,35278,35288,10
13.0212898254,80.225692749,35288,35298,10
13.0216798782,80.2259216309,35298,35308,10
13.0221204758,80.2262878418,35308,35318,10
13.0227499008,80.2267990112,35318,35328,10
13.023440361,80.2274398804,35328,35339,11
13.0240898132,80.2280731201,35339,35349,10
13.0245599747,80.2286834717,35349,35359,10
13.0249595642,80.229309082,35359,35369,10
13.0253400803,80.2297592163,35369,35379,10
13.0256500244,80.23021698,35379,35389,10
13.0258903503,80.2307128906,35389,35399,10
13.0260295868,80.2311019897,35399,35409,10
13.0261802673,80.2313766479,35409,35419,10
13.0267295837,80.2312011719,35419,35429,10
13.0274896622,80.2309875488,35429,35439,10
13.0282497406,80.2309188843,35439,35450,11
13.0285396576,80.2308807373,35450,35460,10
13.0287399292,80.2308502197,35460,35470,10
13.0291795731,80.2308502197,35470,35480,10
13.0292701721,80.2308425903,35480,35490,10
13.0294904709,80.2308120728,35490,35500,10
13.0299596786,80.2307434082,35500,35510,10
13.0304899216,80.2306976318,35510,35520,10
13.0307397842,80.2306594849,35520,35530,10
13.0307397842,80.2305679321,35530,35540,10
13.0306997299,80.2302627563,35540,35550,10
13.0305500031,80.2297592163,35550,35561,11
13.0303602219,80.2292709351,35561,35571,10
13.0303602219,80.2287597656,35571,35581,10
13.0303897858,80.2282867432,35581,35611,30
13.0303897858,80.2282867432,35611,35621,10
13.0304098129,80.2279586792,35621,35631,10
13.0304403305,80.2275619507,35631,35641,10
13.0299797058,80.2274169922,35641,35651,10
13.0292196274,80.2272796631,35651,35661,10
13.028719902,80.2272186279,35661,35672,11
13.0285797119,80.227180481,35672,35682,10
13.0282001495,80.2270889282,35682,35692,10
13.0280103683,80.2269287109,35692,35702,10
13.0280199051,80.2263793945,35702,35712,10
13.0281095505,80.2256774902,35712,35722,10
13.028260231,80.2247695923,35722,35732,10
13.0285196304,80.2235717773,35732,35874,142
13.0285196304,80.2235717773,35874,35884,10
13.0322904587,80.2205963135,35884,35894,10
13.0327100754,80.2199172974,35894,35904,10
13.0320701599,80.2197875977,35904,35914,10
13.0321598053,80.2198028564,35914,35924,10
13.0318098068,80.2197723389,35924,35944,20
13.0318098068,80.2197723389,35944,35954,10
13.03166008,80.2184524536,35954,35964,10
13.0315599442,80.2177886963,35964,35974,10
13.0314502716,80.2171630859,35974,35984,10
13.0312595367,80.2169418335,35984,35995,11
13.0308103561,80.2169570923,35995,36005,10
13.0305099487,80.2167510986,36005,36015,10
13.0304403305,80.2165985107,36015,36025,10
13.0305595398,80.2164764404,36025,36035,10
13.0304403305,80.2159576416,36035,36045,10
13.0303096771,80.2154998779,36045,36055,10
13.0303096771,80.215461731,36055,36065,10
13.0303201675,80.2150802612,36065,36075,10
13.0303201675,80.214630127,36075,36085,10
13.0303602219,80.2145233154,36085,36095,10
13.0304203033,80.2144088745,36095,36106,11
13.0306100845,80.2139511108,36106,36116,10
13.0305595398,80.2136001587,36116,36126,10
13.0305204391,80.2133789063,36126,36136,10
13.0304403305,80.2129211426,36136,36146,10
13.0305995941,80.2124862671,36146,36156,10
13.030670166,80.2123031616,36156,36166,10
13.0306997299,80.2118225098,36166,36176,10
13.0307798386,80.2115402222,36176,36186,10
13.03083992,80.211151123,36186,36197,11
13.0307302475,80.2110366821,36197,36206,9
13.0309696198,80.2101364136,36206,36233,27
13.0309696198,80.2101364136,36233,36245,12
13.0301303864,80.2097167969,36245,36255,10
13.0302000046,80.2091827393,36255,36305,50
13.0302000046,80.2091827393,36305,36315,10
13.0302801132,80.2090377808,36315,36325,10
13.0304203033,80.2089691162,36325,36336,11
13.0313997269,80.2092590332,36336,36346,10
13.0317401886,80.2094268799,36346,36356,10
13.0317697525,80.2093505859,36356,36366,10
13.0318698883,80.2092819214,36366,36376,10
13.0320596695,80.2102203369,36376,36386,10
13.0340003967,80.2097625732,36386,36396,10
13.0347499847,80.2099380493,36396,36406,10
13.0353097916,80.2096862793,36406,36416,10
13.035320282,80.2087402344,36416,36437,21
13.035320282,80.2087402344,36437,36447,10
13.0353002548,80.2085571289,36447,36457,10
13.0352096558,80.2083129883,36457,36477,20
13.0352096558,80.2083129883,36477,36487,10
13.0355701447,80.2059936523,36487,36497,10
13.0355596542,80.205406189,36497,36517,20
13.0355997086,80.2052688599,36517,36537,20
13.0355997086,80.2052688599,36537,36548,11
13.0358600616,80.2050018311,36548,36558,10
13.0359296799,80.204498291,36558,36568,10
13.0359697342,80.2039489746,36568,36584,16
13.0358896255,80.2028427124,36584,36596,12
13.0362796783,80.2019195557,36596,36606,10
13.0363101959,80.2015304565,36606,36626,20
13.0363101959,80.2015304565,36626,36636,10
13.0363998413,80.2013397217,36636,36646,10
13.0362997055,80.2010803223,36646,36658,12
13.036239624,80.2009124756,36658,36668,10
13.0367603302,80.1990280151,36668,36678,10
13.0368299484,80.198387146,36678,36708,30
13.0368299484,80.198387146,36708,36719,11
13.0367298126,80.1977005005,36719,36729,10
13.0371198654,80.1967926025,36729,36739,10
13.0370397568,80.1963577271,36739,36749,10
13.03703022,80.1963424683,36749,36759,10
13.0370998383,80.1961898804,36759,36770,11
13.0369997025,80.195892334,36770,36780,10
13.0369796753,80.1955718994,36780,36790,10
13.0369796753,80.1954498291,36790,36800,10
13.0373401642,80.1934814453,36800,36810,10
13.0375204086,80.1928634644,36810,36820,10
13.0379400253,80.1927490234,36820,36830,10
13.0381402969,80.1927108765,36830,36840,10
13.0387201309,80.1928405762,36840,36850,10
13.038769722,80.1928100586,36850,36871,21
13.0388298035,80.192817688,36871,36911,40
13.0388298035,80.192817688,36911,36921,10
13.0417995453,80.1934127808,36921,36931,10
13.0420703888,80.1936569214,36931,36941,10
13.0416402817,80.1940765381,36941,36992,51
13.0416402817,80.1940765381,36992,37002,10
13.041390419,80.1962966919,37002,37012,10
13.0413303375,80.1967468262,37012,37032,20
13.0413303375,80.1967468262,37032,37042,10
13.0413198471,80.1969833374,37042,37052,10
13.0411996841,80.197517395,37052,37062,10
13.0410699844,80.1983184814,37062,37072,10
13.0409402847,80.1990966797,37072,37082,10
13.0409202576,80.1992416382,37082,37092,10
13.0408802032,80.1995162964,37092,37103,11
13.0407400131,80.2002105713,37103,37113,10
13.0406398773,80.2010498047,37113,37123,10
13.0404996872,80.2018127441,37123,37133,10
13.0404396057,80.2021026611,37133,37143,10
13.0404195786,80.2028503418,37143,37153,10
13.0402898788,80.2035903931,37153,37163,10
13.0401697159,80.2042922974,37163,37173,10
13.040140152,80.2046813965,37173,37183,10
13.0403404236,80.205039978,37183,37193,10
13.0412597656,80.2051696777,37193,37214,21
13.0412597656,80.2051696777,37214,37224,10
13.041560173,80.2052230835,37224,37234,10
13.0420598984,80.205291748,37234,37244,10
13.042599678,80.2054595947,37244,37254,10
13.0429000854,80.2059783936,37254,37264,10
13.0433301926,80.2065811157,37264,37273,9
13.0437402725,80.2071533203,37273,37284,11
13.0440502167,80.2078704834,37284,37294,10
13.044090271,80.2085418701,37294,37304,10
13.0441398621,80.2089385986,37304,37314,10
13.0441503525,80.2089385986,37314,37325,11
13.0441799164,80.2093429565,37325,37335,10
13.0442199707,80.2098388672,37335,37345,10
13.0442304611,80.2106933594,37345,37355,10
13.0442495346,80.2115097046,37355,37365,10
13.0442695618,80.2120513916,37365,37375,10
13.0443496704,80.2122421265,37375,37385,10
13.0447301865,80.2122268677,37385,37401,16
13.0458803177,80.2122116089,37401,37413,12
13.0468597412,80.2121429443,37413,37422,9
13.0470304489,80.2118225098,37422,37444,22
13.0470304489,80.2118225098,37444,37454,10
13.0468702316,80.2117004395,37454,37464,10
13.0470104218,80.2109985352,37464,37474,10
13.0471897125,80.2107162476,37474,37484,10
13.0477104187,80.2107391357,37484,37494,10
13.0481796265,80.2107696533,37494,37504,10
13.0488595963,80.2107315063,37504,37514,10
13.0494203568,80.2107391357,37514,37524,10
13.0496797562,80.2106170654,37524,37535,11
13.0496101379,80.2101135254,37535,37545,10
13.0495195389,80.2093276978,37545,37555,10
13.0494203568,80.2085418701,37555,37565,10
13.0491399765,80.2077102661,37565,37575,10
13.0489397049,80.2071609497,37575,37595,20
13.0489397049,80.2071609497,37595,37605,10
13.0489196777,80.2070617676,37605,37615,10
13.0488996506,80.2069091797,37615,37625,10
13.0490398407,80.2068481445,37625,37635,10
13.0493402481,80.206817627,37635,37706,71
13.0492897034,80.2069396973,37706,37726,20
13.0491600037,80.2070465088,37726,37747,21
13.0491600037,80.2070465088,37747,37757,10
13.0491399765,80.2073364258,37757,38171,414
13.0490903854,80.2071075439,38171,38251,80
13.0490903854,80.2071075439,38251,38261,10
13.049030304,80.2074279785,38261,38271,10
13.049030304,80.2075195313,38271,38281,10
13.0491399765,80.207862854,38281,38291,10
13.0493297577,80.2084274292,38291,38302,11
13.0494499207,80.2090988159,38302,38312,10
13.0495300293,80.2097625732,38312,38322,10
13.0496501923,80.2104415894,38322,38332,10
13.0497198105,80.2111206055,38332,38342,10
13.0497903824,80.2117080688,38342,38362,20
13.0497903824,80.2117080688,38362,38372,10
13.0498399734,80.2119598389,38372,38382,10
13.0498304367,80.2121582031,38382,38392,10
13.0495004654,80.2121582031,38392,38413,21
13.0495004654,80.2121582031,38413,38423,10
13.0493602753,80.2121429443,38423,38433,10
13.0490398407,80.2121200562,38433,38443,10
13.04845047,80.2121734619,38443,38453,10
13.0477399826,80.2122421265,38453,38463,10
13.0468597412,80.2122879028,38463,38473,10
13.0459299088,80.2123413086,38473,38483,10
13.0450496674,80.2123565674,38483,38493,10
13.0444602966,80.2124099731,38493,38513,20
13.0444602966,80.2124099731,38513,38524,11
13.0443601608,80.2124786377,38524,38534,10
13.0442695618,80.2125930786,38534,38554,20
13.0443401337,80.2125167847,38554,38574,20
13.0443401337,80.2125167847,38574,38584,10
13.0441799164,80.2123413086,38584,38594,10
13.0441503525,80.2117462158,38594,38604,10
13.0441799164,80.2109603882,38604,38614,10
13.0441598892,80.2101211548,38614,38624,10
13.0441102982,80.2094421387,38624,38635,11
13.0440502167,80.2089233398,38635,38655,20
13.0440502167,80.2089233398,38655,38665,10
13.044090271,80.2087631226,38665,38675,10
13.0440597534,80.2082595825,38675,38685,10
13.0439300537,80.2075424194,38685,38695,10
13.0434999466,80.206817627,38695,38705,10
13.0429801941,80.2061233521,38705,38715,10
13.0424995422,80.2054977417,38715,38725,10
13.0418300629,80.2052764893,38725,38735,10
13.0407600403,80.2051391602,38735,38756,21
13.0407600403,80.2051391602,38756,38766,10
13.040430069,80.2051010132,38766,38776,10
13.0399904251,80.2050323486,38776,38786,10
13.0394001007,80.2049789429,38786,38802,16
13.0382795334,80.2047576904,38802,38814,12
13.0381002426,80.2045822144,38814,38822,8
13.0381603241,80.2042007446,38822,38834,12
13.0382995605,80.203338623,38834,38844,10
13.0384101868,80.2026062012,38844,38854,10
13.0384998322,80.2019805908,38854,38865,11
13.0385303497,80.2018585205,38865,38875,10
13.0385704041,80.2016296387,38875,38885,10
13.0386400223,80.201210022,38885,38895,10
13.0387496948,80.2006072998,38895,38905,10
13.0388698578,80.1998825073,38905,38915,10
13.0389499664,80.1992263794,38915,38925,10
13.0390300751,80.1986999512,38925,38935,10
13.0391302109,80.1978912354,38935,38945,10
13.0392999649,80.1968765259,38945,38966,21
13.0392999649,80.1968765259,38966,38976,10
13.0392999649,80.1966018677,38976,38986,10
13.0393400192,80.1961364746,38986,38996,10
13.0394601822,80.1954803467,38996,39006,10
13.0395898819,80.1946487427,39006,39016,10
13.0397195816,80.1938171387,39016,39026,10
13.0397996902,80.1932067871,39026,39036,10
13.0397596359,80.1931610107,39036,39046,10
13.0397396088,80.1930007935,39046,39056,10
13.0394802094,80.1929397583,39056,39066,10
13.0389699936,80.1929168701,39066,39083,17
13.0386295319,80.1928787231,39083,39095,12
13.0385503769,80.1928787231,39095,39105,10
13.0383501053,80.1928405762,39105,39115,10
13.0378704071,80.1928100586,39115,39125,10
13.0375995636,80.193321228,39125,39135,10
13.0374803543,80.1940765381,39135,39145,10
13.0373497009,80.1948928833,39145,39155,10
13.037229538,80.195640564,39155,39165,10
13.0371999741,80.1960372925,39165,39175,10
13.0371704102,80.1960678101,39175,39186,11
13.0371103287,80.1962203979,39186,39196,10
13.0370702744,80.1963729858,39196,39206,10
13.0368995667,80.1977767944,39206,39216,10
13.0367698669,80.1986618042,39216,39236,20
13.0367498398,80.1987380981,39236,39267,31
13.0367498398,80.1987380981,39267,39276,9
13.0364198685,80.201133728,39276,39287,11
13.0363397598,80.2018203735,39287,39307,20
13.0363397598,80.2018203735,39307,39317,10
13.0362796783,80.2018737793,39317,39327,10
13.0362300873,80.2022781372,39327,39337,10
13.0361604691,80.2028503418,39337,39347,10
13.0360803604,80.2034835815,39347,39357,10
13.0359897614,80.2041625977,39357,39367,10
13.0359296799,80.2045822144,39367,39377,10
13.0358600616,80.2051620483,39377,39387,10
13.0357999802,80.2057037354,39387,39397,10
13.0357704163,80.2058563232,39397,39408,11
13.0356798172,80.2063064575,39408,39418,10
13.0355901718,80.2070007324,39418,39428,10
13.035490036,80.2077865601,39428,39438,10
13.0354204178,80.2083816528,39438,39458,20
13.0354204178,80.2083816528,39458,39468,10
13.0353403091,80.2087020874,39468,39478,10
13.0352602005,80.2092437744,39478,39488,10
13.0351800919,80.2098312378,39488,39498,10
13.0350999832,80.2103118896,39498,39508,10
13.0349502563,80.2105865479,39508,39519,11
13.0348396301,80.2111206055,39519,39529,10
13.034740448,80.2118377686,39529,39539,10
13.0343599319,80.2120819092,39539,39549,10
13.0336999893,80.212020874,39549,39559,10
13.0325298309,80.2119216919,39559,39579,20
13.0325298309,80.2119216919,39579,39589,10
13.032500267,80.2119293213,39589,39599,10
13.0321598053,80.2118606567,39599,39609,10
13.0318603516,80.2116317749,39609,39620,11
13.0319404602,80.2109375,39620,39630,10
13.0320701599,80.2101364136,39630,39640,10
13.0318899155,80.2096328735,39640,39650,10
13.0312404633,80.2094192505,39650,39660,10
13.0306196213,80.2092590332,39660,39670,10
13.0304002762,80.2092132568,39670,39679,9
13.0301198959,80.2092208862,39679,39689,10
13.0300397873,80.2095565796,39689,39699,10
13.0300302505,80.2095718384,39699,39710,11
13.0299901962,80.2097091675,39710,39720,10
13.0303497314,80.2098770142,39720,39731,11
13.0308799744,80.2100067139,39731,39741,10
13.0310001373,80.2101516724,39741,39751,10
13.030960083,80.2104492188,39751,39761,10
13.0308904648,80.2109375,39761,39771,10
13.0308599472,80.2111816406,39771,39781,10
13.030790329,80.2116317749,39781,39791,10
13.0307397842,80.2119827271,39791,39801,10
13.0306596756,80.2123413086,39801,39811,10
13.0306196213,80.2128372192,39811,39821,10
13.0305500031,80.2133636475,39821,39831,10
13.0305099487,80.2136688232,39831,39842,11
13.0304403305,80.2140197754,39842,39852,10
13.0303602219,80.2145385742,39852,39862,10
13.0303401947,80.2147216797,39862,39872,10
13.0303297043,80.2149200439,39872,39882,10
13.0303602219,80.2154769897,39882,39892,10
13.0303897858,80.2159423828,39892,39902,10
13.0304203033,80.2164611816,39902,39912,10
13.0305595398,80.2168884277,39912,39922,10
13.0306901932,80.2169189453,39922,39932,10
13.0308704376,80.2169265747,39932,39942,10
13.0312700272,80.2169418335,39942,39958,16
13.0314702988,80.2175216675,39958,39971,13
13.0316400528,80.2183837891,39971,39981,10
13.0320901871,80.2184524536,39981,39991,10
13.0322198868,80.2188110352,39991,40001,10
13.0322198868,80.2194900513,40001,40011,10
13.0322303772,80.2202911377,40011,40031,20
13.0322303772,80.2202911377,40031,40041,10
13.0321598053,80.2204666138,40041,40051,10
13.0320701599,80.2209777832,40051,40062,11
13.031920433,80.2216415405,40062,40072,10
13.0315999985,80.2222290039,40072,40082,10
13.03125,80.2228012085,40082,40092,10
13.0311498642,80.2235107422,40092,40102,10
13.0311403275,80.2237625122,40102,40112,10
13.0311203003,80.2238311768,40112,40122,10
13.0311698914,80.2241897583,40122,40132,10
13.0307397842,80.2242965698,40132,40142,10
13.0303001404,80.2242965698,40142,40152,10
13.0298595428,80.2242889404,40152,40162,10
13.0293798447,80.2242965698,40162,40172,10
13.0289897919,80.2242584229,40172,40183,11
13.0289802551,80.2242507935,40183,40193,10
13.0288200378,80.2241210938,40193,40203,10
13.028459549,80.2241210938,40203,40213,10
13.0283098221,80.2248001099,40213,40223,10
13.028169632,80.2255325317,40223,40233,10
13.0280504227,80.2261581421,40233,40243,10
13.0275497437,80.2272567749,40243,40514,271
13.0281600952,80.231300354,40514,40534,20
13.0281600952,80.231300354,40534,40544,10
13.0278196335,80.2324523926,40544,40554,10
13.0277004242,80.2328414917,40554,40564,10
13.0273599625,80.2329025269,40564,40574,10
13.0270395279,80.2329864502,40574,40584,10
13.0267496109,80.2330474854,40584,40595,11
13.0263795853,80.2331085205,40595,43831,3236
13.0263795853,80.2331085205,43831,43841,10
12.9964599609,80.2603607178,43841,43851,10
12.9965400696,80.2598724365,43851,43861,10
12.9966001511,80.2593994141,43861,43911,50
12.9966001511,80.2593994141,43911,43921,10
12.9965896606,80.2593307495,43921,43932,11
12.9966602325,80.2588577271,43932,43942,10
12.9968595505,80.2574615479,43942,44406,464
12.9968595505,80.2574615479,44406,44416,10
13.0068597794,80.2513122559,44416,44426,10
13.007349968,80.2512817383,44426,44436,10
13.0067501068,80.2498779297,44436,44446,10
13.006770134,80.2492218018,44446,44456,10
13.0066795349,80.2483520508,44456,44466,10
13.0066404343,80.2475585938,44466,44517,51
13.0066404343,80.2475585938,44517,44527,10
13.0066604614,80.2474212646,44527,44537,10
13.0066099167,80.2465591431,44537,44557,20
13.0066099167,80.2465591431,44557,44567,10
13.0066404343,80.246421814,44567,44577,10
13.0066204071,80.2459182739,44577,44587,10
13.0066604614,80.245262146,44587,44598,11
13.0066404343,80.2445068359,44598,44608,10
13.0066604614,80.2438201904,44608,44618,10
13.0066900253,80.2432022095,44618,44628,10
13.0066099167,80.2417984009,44628,44648,20
13.0066099167,80.2417984009,44648,44658,10
13.0065803528,80.2415084839,44658,44668,10
13.0066299438,80.2410202026,44668,44678,10
13.0067396164,80.2403335571,44678,44698,20
13.0067396164,80.2403335571,44698,44709,11
13.006770134,80.2401428223,44709,44719,10
13.0068798065,80.2396621704,44719,44729,10
13.007060051,80.2389297485,44729,44739,10
13.0072097778,80.2380828857,44739,44749,10
13.0073604584,80.2373504639,44749,44759,10
13.0074300766,80.2367935181,44759,44769,10
13.0074501038,80.2367095947,44769,44779,10
13.0075597763,80.2363586426,44779,44789,10
13.0076799393,80.2357330322,44789,44799,10
13.0078601837,80.23487854,44799,44809,10
13.0080404282,80.2339782715,44809,44820,11
13.0083198547,80.2326431274,44820,44830,10
13.0085401535,80.2315597534,44830,44840,10
13.0087404251,80.2304611206,44840,44850,10
13.0089797974,80.229309082,44850,44860,10
13.0092697144,80.228187561,44860,44870,10
13.0097198486,80.2270889282,44870,44880,10
13.0101499557,80.2261428833,44880,44890,10
13.0105199814,80.2254486084,44890,44900,10
13.0108604431,80.224899292,44900,44910,10
13.0109395981,80.2243804932,44910,44920,10
13.0110702515,80.2241287231,44920,44931,11
13.0111103058,80.2237014771,44931,44941,10
13.0113296509,80.2231521606,44941,44951,10
13.0117101669,80.2224731445,44951,44962,11
13.012169838,80.2218322754,44962,44972,10
13.0124197006,80.2218170166,44972,44982,10
13.0125999451,80.2222824097,44982,44992,10
13.0131397247,80.2229232788,44992,45002,10
13.0139102936,80.223449707,45002,45012,10
13.0145797729,80.2241973877,45012,45022,10
13.014840126,80.2243423462,45022,45032,10
13.0150699615,80.224571228,45032,45043,11
13.0152597427,80.2248001099,45043,45052,9
13.0154304504,80.2248764038,45052,45072,20
13.0154304504,80.2248764038,45072,45083,11
13.0155696869,80.2249832153,45083,45093,10
13.0160303116,80.2252197266,45093,45103,10
13.0165700912,80.2251968384,45103,45113,10
13.0173101425,80.2249603271,45113,45123,10
13.017999649,80.2247009277,45123,45133,10
13.0187702179,80.2244033813,45133,45143,10
13.0192899704,80.224319458,45143,45154,11
13.0193004608,80.224319458,45154,45164,10
13.0193195343,80.2243423462,45164,45174,10
13.0196504593,80.2245330811,45174,45184,10
13.0201101303,80.224861145,45184,45194,10
13.0207195282,80.2252807617,45194,45204,10
13.0212202072,80.225692749,45204,45214,10
13.0218000412,80.2261428833,45214,45224,10
13.0225200653,80.2266921997,45224,45234,10
13.0233001709,80.2273330688,45234,45244,10
13.0239200592,80.2279129028,45244,45254,10
13.0242395401,80.2282333374,45254,45265,11
13.0243301392,80.2283401489,45265,45275,10
13.0245704651,80.2287597656,45275,45285,10
13.0249500275,80.2293395996,45285,45295,10
13.0254297256,80.2299575806,45295,45305,10
13.0258302689,80.2306900024,45305,45315,10
13.0258998871,80.2309570313,45315,45325,10
13.0258998871,80.23097229,45325,45335,10
13.0259304047,80.231338501,45335,45345,10
13.0263595581,80.231300354,45345,45355,10
13.0272197723,80.231086731,45355,45365,10
13.0279798508,80.2309036255,45365,45375,10
13.0284099579,80.2308731079,45375,45386,11
13.0284204483,80.2308731079,45386,45396,10
13.0286397934,80.2308197021,45396,45406,10
13.0290298462,80.2308273315,45406,45416,10
13.0290899277,80.2308578491,45416,45426,10
13.0296096802,80.2308120728,45426,45446,20
13.0296096802,80.2308120728,45446,45456,10
13.0298500061,80.2307662964,45456,45466,10
13.0301399231,80.23072052,45466,45476,10
13.030579567,80.230682373,45476,45487,11
13.0306596756,80.23046875,45487,45496,9
13.0305099487,80.2299804688,45496,45507,11
13.0303001404,80.2294006348,45507,45517,10
13.0303697586,80.2286987305,45517,45527,10
13.0302801132,80.2283401489,45527,45537,10
13.0302495956,80.2282028198,45537,45547,10
13.0303497314,80.2277679443,45547,45557,10
13.0303001404,80.2275619507,45557,45567,10
13.0300197601,80.2274475098,45567,45577,10
13.0293197632,80.2273406982,45577,45588,11
13.0288696289,80.2273025513,45588,45598,10
13.0289201736,80.2273788452,45598,45608,10
13.0285902023,80.2273025513,45608,45618,10
13.0280103683,80.2269592285,45618,45628,10
13.027970314,80.2266693115,45628,45638,10
13.0281600952,80.2256469727,45638,45648,10
13.0283403397,80.2246932983,45648,45658,10
13.0287303925,80.2239990234,45658,45678,20
13.0287303925,80.2239990234,45678,45688,10
13.0289297104,80.2241592407,45688,45699,11
13.0294103622,80.2242507935,45699,45709,10
13.0300302505,80.2241973877,45709,45718,9
13.0306301117,80.2241973877,45718,45729,11
13.031080246,80.2240524292,45729,45739,10
13.031080246,80.2233963013,45739,45749,10
13.0311803818,80.2231216431,45749,45759,10
13.0312004089,80.2231216431,45759,45769,10
13.0313596725,80.22265625,45769,45779,10
13.0315704346,80.2219619751,45779,45789,10
13.031920433,80.221206665,45789,45799,10
13.0321102142,80.2203903198,45799,45810,11
13.0321598053,80.219909668,45810,45820,10
13.0321397781,80.2198562622,45820,45830,10
13.0321702957,80.2194519043,45830,45840,10
13.0322198868,80.218711853,45840,45850,10
13.03166008,80.2184371948,45850,45860,10
13.0315504074,80.2178192139,45860,45870,10
13.0313997269,80.2171401978,45870,45880,10
13.0312099457,80.2170181274,45880,45890,10
13.030670166,80.2169799805,45890,45900,10
13.0304603577,80.2166366577,45900,45910,10
13.0304203033,80.2164535522,45910,45921,11
13.0303697586,80.2157974243,45921,45931,10
13.0303297043,80.2150268555,45931,45941,10
13.0303497314,80.2144775391,45941,45951,10
13.0303401947,80.2144775391,45951,45961,10
13.0304002762,80.2143173218,45961,45971,10
13.0304803848,80.2138824463,45971,45981,10
13.0305099487,80.2135009766,45981,45991,10
13.0305299759,80.2132034302,45991,46605,614
13.0305299759,80.2132034302,46605,46615,10
13.0387601852,80.1929092407,46615,46625,10
13.0389003754,80.193031311,46625,46827,202
13.0389003754,80.193031311,46827,46837,10
13.0408601761,80.2009429932,46837,46847,10
13.0405302048,80.2017974854,46847,46857,10
13.0398397446,80.2022018433,46857,46867,10
13.0394697189,80.2028503418,46867,46877,10
13.0402498245,80.2032394409,46877,46887,10
13.0401296616,80.2037582397,46887,46897,10
13.0400600433,80.2046279907,46897,46907,10
13.0401802063,80.2049102783,46907,46918,11
13.040430069,80.2051086426,46918,46928,10
13.0407495499,80.2052612305,46928,46938,10
13.0413599014,80.2053070068,46938,46948,10
13.0415401459,80.2053222656,46948,46958,10
13.0419397354,80.2053375244,46958,46968,10
13.0425300598,80.2054824829,46968,46978,10
13.0429096222,80.2059402466,46978,46988,10
13.0433597565,80.2066497803,46988,46998,10
13.0437803268,80.2071990967,46998,47008,10
13.0440597534,80.2078933716,47008,47019,11
13.0441398621,80.2090606689,47019,47039,20
13.0441398621,80.2090606689,47039,47049,10
13.0441598892,80.2091903687,47049,47059,10
13.044090271,80.2096176147,47059,47069,10
13.0439596176,80.2101898193,47069,47079,10
13.0440597534,80.2110824585,47079,47089,10
13.0441904068,80.2119293213,47089,47129,40
13.0441904068,80.2119293213,47129,47140,11
13.0443201065,80.2122116089,47140,47150,10
13.044380188,80.2122879028,47150,47160,10
13.0447502136,80.2122573853,47160,47176,16
13.0458402634,80.2121963501,47176,47188,12
13.0467395782,80.2121505737,47188,47198,10
13.0470199585,80.2120132446,47198,47208,10
13.0470104218,80.2118606567,47208,47218,10
13.0470304489,80.2117614746,47218,47228,10
13.0470199585,80.21144104,47228,47238,10
13.0469703674,80.2109603882,47238,47249,11
13.0471801758,80.2106781006,47249,47259,10
13.0476999283,80.2106781006,47259,47268,9
13.0481796265,80.2107162476,47268,47269,1
13.0482196808,80.2107162476,47269,47340,71
13.0495004654,80.209022522,47340,47350,10
13.049369812,80.2084732056,47350,47361,11
13.0492095947,80.207901001,47361,47371,10
13.0488595963,80.2071228027,47371,47401,30
13.0488595963,80.2071228027,47401,47411,10
13.0489196777,80.2068634033,47411,47421,10
13.0491199493,80.2068405151,47421,47432,11
13.0492601395,80.2068786621,47432,47442,10
13.0492897034,80.2071609497,47442,47483,41
13.0492897034,80.2071609497,47483,47493,10
13.0491600037,80.2072219849,47493,47503,10
13.0492296219,80.2071990967,47503,48007,504
13.0491504669,80.2072982788,48007,48028,21
13.0491504669,80.2072982788,48028,48038,10
13.0489702225,80.2075424194,48038,48048,10
13.0490398407,80.2078933716,48048,48058,10
13.0491399765,80.2083206177,48058,48068,10
13.0492401123,80.2088317871,48068,48078,10
13.0492696762,80.2091903687,48078,48088,10
13.0493497849,80.2097702026,48088,48098,10
13.0493898392,80.2102966309,48098,48108,10
13.0495195389,80.2109375,48108,48118,10
13.0497903824,80.2117004395,48118,48189,71
13.0497903824,80.2117004395,48189,48205,16
13.0498800278,80.2119903564,48205,48217,12
13.0497598648,80.2121505737,48217,48227,10
13.0495195389,80.2121582031,48227,48237,10
13.0494699478,80.2121582031,48237,48248,11
13.0493497849,80.2121505737,48248,48258,10
13.0489702225,80.2121505737,48258,48268,10
13.0484800339,80.2121963501,48268,48278,10
13.0477800369,80.212272644,48278,48288,10
13.0468797684,80.2122802734,48288,48298,10
13.0459098816,80.2123184204,48298,48308,10
13.0450401306,80.2123413086,48308,48318,10
13.0444402695,80.2124023438,48318,48348,30
13.0444402695,80.2124023438,48348,48359,11
13.0442399979,80.2120285034,48359,48369,10
13.0441999435,80.2114181519,48369,48379,10
13.0441598892,80.2107086182,48379,48389,10
13.0441198349,80.2099533081,48389,48399,10
13.0440797806,80.2089385986,48399,48419,20
13.0440797806,80.2089385986,48419,48429,10
13.0440998077,80.208732605,48429,48439,10
13.0440702438,80.2082214355,48439,48449,10
13.0440101624,80.2076721191,48449,48460,11
13.0436000824,80.2069702148,48460,48470,10
13.0431203842,80.2062911987,48470,48480,10
13.0425901413,80.2056274414,48480,48490,10
13.0417995453,80.2053222656,48490,48500,10
13.0410604477,80.2052383423,48500,48510,10
13.0408201218,80.2051620483,48510,48520,10
13.0407304764,80.2051315308,48520,48530,10
13.040309906,80.2050933838,48530,48540,10
13.0397500992,80.2049865723,48540,48550,10
13.0390396118,80.2048873901,48550,48561,11
13.0382795334,80.2047805786,48561,48572,11
13.0381202698,80.2045822144,48572,48582,10
13.0381803513,80.2041320801,48582,48592,10
13.0382995605,80.2034301758,48592,48601,9
13.0384197235,80.2027206421,48601,48612,11
13.0385103226,80.2021026611,48612,48622,10
13.0385198593,80.2018814087,48622,48631,9
13.0385799408,80.2016983032,48631,48642,11
13.0386199951,80.2012863159,48642,48652,10
13.0387001038,80.2006988525,48652,48662,10
13.0387802124,80.2001495361,48662,48672,10
13.0388498306,80.1996688843,48672,48683,11
13.0389404297,80.1990127563,48683,48693,10
13.0390100479,80.198348999,48693,48703,10
13.0391597748,80.1976776123,48703,48713,10
13.0391998291,80.1971588135,48713,48723,10
13.0392799377,80.1968383789,48723,48733,10
13.0392999649,80.1966781616,48733,48743,10
13.0393600464,80.1962738037,48743,48753,10
13.0394697189,80.195892334,48753,48763,10
13.0395298004,80.1950378418,48763,48773,10
13.0396299362,80.1942367554,48773,48783,10
13.0397996902,80.1931533813,48783,48804,21
13.0397996902,80.1931533813,48804,48814,10
13.0396203995,80.1930007935,48814,48824,10
13.0391597748,80.1929397583,48824,48834,10
13.0386600494,80.1928710938,48834,48844,10
13.0385704041,80.1928482056,48844,48854,10
13.038359642,80.1928024292,48854,48864,10
13.0378599167,80.1928482056,48864,48874,10
13.037560463,80.1935119629,48874,48884,10
13.0374202728,80.1943664551,48884,48894,10
13.0372695923,80.1952819824,48894,48905,11
13.0371704102,80.1959228516,48905,48915,10
13.0369300842,80.1965332031,48915,48935,20
13.0369300842,80.1965332031,48935,48945,10
13.0368795395,80.1978912354,48945,48955,10
13.0367097855,80.198677063,48955,48975,20
13.0367097855,80.198677063,48975,48985,10
13.0367097855,80.1990737915,48985,48995,10
13.0366296768,80.1996994019,48995,49005,10
13.0364904404,80.2004394531,49005,49016,11
13.036359787,80.2013168335,49016,49026,10
13.0363302231,80.2017288208,49026,49046,20
13.0363302231,80.2017288208,49046,49056,10
13.0361995697,80.201751709,49056,49066,10
13.0361795425,80.2020187378,49066,49076,10
13.0362300873,80.2024536133,49076,49086,10
13.0362195969,80.2029800415,49086,49096,10
13.0362596512,80.2034835815,49096,49106,10
13.0361404419,80.2041015625,49106,49116,10
13.0360097885,80.2047424316,49116,49127,11
13.0357999802,80.2056121826,49127,49137,10
13.0357599258,80.2057723999,49137,49147,10
13.0357398987,80.2059326172,49147,49157,10
13.0355901718,80.2062835693,49157,49167,10
13.0355396271,80.2071304321,49167,49177,10
13.0354499817,80.2078475952,49177,49187,10
13.0354299545,80.2081832886,49187,49197,10
13.035369873,80.2083892822,49197,49207,10
13.0353498459,80.2085037231,49207,49217,10
13.0352602005,80.2089309692,49217,49228,11
13.0351400375,80.2097015381,49228,49238,10
13.0347795486,80.2105026245,49238,49248,10
13.034620285,80.2110137939,49248,49258,10
13.0346603394,80.2118911743,49258,49268,10
13.0342998505,80.2120819092,49268,49278,10
13.0338001251,80.2121200562,49278,49288,10
13.0332202911,80.2121582031,49288,49298,10
13.0325202942,80.2119598389,49298,49308,10
13.0325403214,80.2118988037,49308,49318,10
13.0319499969,80.2117385864,49318,49359,41
13.0319499969,80.2117385864,49359,49369,10
13.0315999985,80.2094421387,49369,49379,10
13.0310096741,80.2092819214,49379,49395,16
13.0304498672,80.2091827393,49395,49407,12
13.0300302505,80.2092971802,49407,49415,8
13.0300302505,80.2093582153,49415,49427,12
13.0300397873,80.2096862793,49427,49437,10
13.0303201675,80.2098083496,49437,49447,10
13.03083992,80.2099609375,49447,49458,11
13.0309696198,80.2101669312,49458,49468,10
13.0309095383,80.2105331421,49468,49478,10
13.0308504105,80.2110366821,49478,49488,10
13.0308198929,80.2112426758,49488,49497,9
13.0307598114,80.2116699219,49497,49508,11
13.0306797028,80.2120285034,49508,49516,8
13.0305995941,80.2126617432,49516,49528,12
13.0304698944,80.2135314941,49528,49538,10
13.0304498672,80.2137374878,49538,49548,10
13.030380249,80.2141799927,49548,49558,10
13.0303497314,80.2146835327,49558,49569,11
13.0303401947,80.2147979736,49569,49579,10
13.0303201675,80.2150268555,49579,49589,10
13.0303897858,80.2161026001,49589,49599,10
13.0304403305,80.2167282104,49599,49609,10
13.0306997299,80.2168884277,49609,49619,10
13.0307502747,80.2169036865,49619,49629,10
13.0308599472,80.2169189453,49629,49639,10
13.0311899185,80.2169189453,49639,49649,10
13.0313196182,80.2169265747,49649,49659,10
13.0314502716,80.2171630859,49659,49669,10
13.0315303802,80.2177581787,49669,49680,11
13.0318698883,80.2183380127,49680,49690,10
13.0321998596,80.2184524536,49690,49700,10
13.0321598053,80.2188568115,49700,49710,10
13.0321598053,80.2194137573,49710,49720,10
13.0321903229,80.2199935913,49720,49730,10
13.0321798325,80.2202529907,49730,49740,10
13.0321598053,80.2203979492,49740,49750,10
13.0320396423,80.2209014893,49750,49760,10
13.0319099426,80.2214126587,49760,49770,10
13.0316801071,80.2219314575,49770,49780,10
13.031419754,80.2225189209,49780,49791,11
13.0312004089,80.2232589722,49791,49801,10
13.0311403275,80.2237930298,49801,49811,10
13.031129837,80.2238006592,49811,49822,11
13.031129837,80.2239608765,49822,49832,10
13.0309896469,80.224281311,49832,49842,10
13.0304603577,80.2242584229,49842,49852,10
13.0297899246,80.2242584229,49852,49862,10
13.0291404724,80.2242279053,49862,49872,10
13.0290203094,80.2241973877,49872,49882,10
13.0288600922,80.2240982056,49882,49892,10
13.0285301208,80.2241363525,49892,49903,11
13.0283203125,80.2249526978,49903,49912,9
13.0281200409,80.2257385254,49912,49923,11
13.0279302597,80.2265167236,49923,49933,10
13.0279102325,80.2268600464,49933,49943,10
13.0281600952,80.2270278931,49943,49953,10
13.0284700394,80.2271194458,49953,49963,10
13.0284700394,80.2271270752,49963,49973,10
13.0286998749,80.227180481,49973,49983,10
13.0291204453,80.2272491455,49983,49993,10
13.0296201706,80.2273178101,49993,50004,11
13.0302000046,80.2274093628,50004,50014,10
13.030380249,80.2276229858,50014,50024,10
13.0303497314,80.227897644,50024,50034,10
13.0303297043,80.2281417847,50034,50044,10
13.0303201675,80.228187561,50044,50054,10
13.0303201675,80.2284393311,50054,50064,10
13.0302801132,80.2287902832,50064,50074,10
13.0303401947,80.2294082642,50074,50084,10
13.0305900574,80.2300796509,50084,50094,10
13.0306797028,80.2305297852,50094,50104,10
13.0305500031,80.23072052,50104,50115,11
13.0298204422,80.230796814,50115,50135,20
13.0298204422,80.230796814,50135,50145,10
13.0296497345,80.230796814,50145,50155,10
13.0291595459,80.2308578491,50155,50165,10
13.0285196304,80.2309417725,50165,50175,10
13.0278596878,80.2310180664,50175,50185,10
13.0276203156,80.2312011719,50185,50195,10
13.0276699066,80.2316818237,50195,50205,10
13.0278100967,80.2323226929,50205,50215,10
13.0277996063,80.2327728271,50215,50226,11
13.0268697739,80.233001709,50226,50276,50
13.0268697739,80.233001709,50276,50292,16
13.0263395309,80.2328186035,50292,50304,12
13.0260896683,80.2320480347,50304,50312,8
13.0259199142,80.2311630249,50312,50324,12
13.0253400803,80.2298583984,50324,50334,10
13.0246095657,80.2290420532,50334,50355,21
13.0246095657,80.2290420532,50355,50365,10
13.0244703293,80.2288284302,50365,50375,10
13.0239896774,80.2283325195,50375,50405,30
13.0239896774,80.2283325195,50405,50415,10
13.0238895416,80.2281417847,50415,50425,10
13.0234899521,80.227722168,50425,50435,10
13.0231599808,80.2273788452,50435,50445,10
13.0228796005,80.2270812988,50445,50456,11
13.0222501755,80.2264862061,50456,50466,10
13.0214595795,80.2258682251,50466,50476,10
13.0207595825,80.2253189087,50476,50486,10
13.0202503204,80.2250213623,50486,50496,10
13.0201597214,80.2249221802,50496,50506,10
13.020190239,80.2249908447,50506,50516,10
13.0200195313,80.2248687744,50516,50526,10
13.0194702148,80.2246398926,50526,50536,10
13.0185804367,80.2245788574,50536,50546,10
13.017539978,80.2249679565,50546,50556,10
13.016699791,80.2253112793,50556,50567,11
13.0160198212,80.2255783081,50567,50577,10
13.01541996,80.2258224487,50577,50593,16
13.0144195557,80.2262420654,50593,50624,31
13.0144195557,80.2262420654,50624,50635,11
13.0143404007,80.2262573242,50635,50645,10
13.0139904022,80.2263870239,50645,50655,10
13.0134496689,80.226600647,50655,50665,10
13.012840271,80.2268295288,50665,50675,10
13.012169838,80.2270812988,50675,50686,11
13.011349678,80.2274017334,50686,50696,10
13.0105895996,80.227722168,50696,50706,10
13.009759903,80.2280502319,50706,50716,10
13.0090799332,80.2285995483,50716,50726,10
13.0088796616,80.229637146,50726,50736,10
13.0087099075,80.2306365967,50736,50746,10
13.0085802078,80.2314605713,50746,50756,10
13.0084400177,80.2321395874,50756,50766,10
13.0083398819,80.2327575684,50766,50776,10
13.0082302094,80.2336120605,50776,50797,21
13.0082302094,80.2336120605,50797,50807,10
13.0081501007,80.2337188721,50807,50817,10
13.0080699921,80.234046936,50817,50827,10
13.0079698563,80.2345581055,50827,50837,10
13.0078401566,80.2351837158,50837,50847,10
13.0076799393,80.236000061,50847,50857,10
13.0074901581,80.2369308472,50857,50867,10
13.0073404312,80.2377929688,50867,50877,10
13.0072097778,80.2385406494,50877,50887,10
13.0070800781,80.2391815186,50887,50898,11
13.006939888,80.2400131226,50898,50958,60
13.006939888,80.2400131226,50958,50968,10
13.0069704056,80.2402191162,50968,50978,10
13.0069303513,80.2406387329,50978,50988,10
13.0068702698,80.2407836914,50988,50998,10
13.0067796707,80.2410583496,50998,51009,11
13.0067195892,80.2417526245,51009,51019,10
13.0066995621,80.2425308228,51019,51029,10
13.006649971,80.2434463501,51029,51039,10
13.0066404343,80.244392395,51039,51049,10
13.006649971,80.2452087402,51049,51059,10
13.0066995621,80.2461090088,51059,51069,10
13.0067300797,80.2469100952,51069,51079,10
13.0066995621,80.2476730347,51079,51089,10
13.0067195892,80.2484970093,51089,51099,10
13.0068302155,80.2495193481,51099,51120,21
13.0068302155,80.2495193481,51120,51130,10
13.0068397522,80.2495880127,51130,51140,10
13.0068101883,80.249961853,51140,51150,10
13.0067996979,80.250579834,51150,51160,10
13.0067901611,80.2512588501,51160,51170,10
13.0066699982,80.2518920898,51170,51180,10
13.006529808,80.2525787354,51180,51190,10
13.0065202713,80.2533187866,51190,51200,10
13.006529808,80.2540969849,51200,51210,10
13.0065498352,80.2548904419,51210,51241,31
13.0065498352,80.2548904419,51241,51251,10
13.0065402985,80.2552337646,51251,51261,10
13.0065603256,80.2557220459,51261,51271,10
13.0065698624,80.256401062,51271,51281,10
13.0066699982,80.2572097778,51281,51321,40
13.0066900253,80.2574462891,51321,51362,41
13.0066900253,80.2574462891,51362,51372,10
13.0067100525,80.2573623657,51372,51382,10
13.0067195892,80.2573394775,51382,51392,10
13.0066604614,80.2574234009,51392,51402,10
13.0063400269,80.2575378418,51402,51412,10
13.0058498383,80.2574691772,51412,51422,10
13.0052995682,80.2573928833,51422,51432,10
13.0050601959,80.257270813,51432,51442,10
13.0046596527,80.2571563721,51442,51453,11
13.0040102005,80.2570114136,51453,51463,10
13.003370285,80.2569122314,51463,51473,10
13.002699852,80.2567977905,51473,51483,10
13.0020399094,80.2566375732,51483,51493,10
13.0015697479,80.2565765381,51493,51503,10
13.0009803772,80.2565002441,51503,51513,10
13.0001497269,80.2563705444,51513,51533,20
13.0001497269,80.2563705444,51533,51543,10
12.9999799728,80.2563323975,51543,51553,10
12.9996900558,80.2562713623,51553,51570,17
12.9990797043,80.256149292,51570,51582,12
12.998459816,80.2560577393,51582,51592,10
12.998000145,80.2559814453,51592,51600,8
12.9977798462,80.2559814453,51600,51609,9
12.997710228,80.2559890747,51609,51622,13
12.997209549,80.2559280396,51622,51652,30
12.997209549,80.2559280396,51652,51662,10
12.9970998764,80.2558822632,51662,51674,12
12.9968595505,80.2561416626,51674,51684,10
12.9968004227,80.2566986084,51684,51693,9
12.9968099594,80.2571487427,51693,51704,11
12.9967298508,80.2578811646,51704,51714,10
12.996629715,80.2588424683,51714,51724,10
12.9965295792,80.2595214844,51724,51734,10
12.9964599609,80.2602310181,51734,51744,10
12.9963798523,80.2610321045,51744,51754,10
12.9962797165,80.2617797852,51754,51764,10
12.996219635,80.2621917725,51764,51774,10
12.9962100983,80.2622070313,51774,51785,11
12.9961595535,80.262588501,51785,51795,10
12.9961204529,80.2630767822,51795,51805,10
12.9960203171,80.2635803223,51805,51815,10
12.9969902039,80.2638168335,51815,51845,30
12.9969902039,80.2638168335,51845,51855,10
12.9956302643,80.2674636841,51855,51865,10
12.9961595535,80.2677001953,51865,51885,20
12.9961595535,80.2677001953,51885,51896,11
12.9963598251,80.2676925659,51896,51906,10
12.9968595505,80.2677993774,51906,51916,10
12.9975404739,80.2675933838,51916,51926,10
12.998339653,80.2673416138,51926,51936,10
12.9992599487,80.2670593262,51936,51946,10
12.9999303818,80.2668533325,51946,51956,10
13.0000801086,80.2665863037,51956,51966,10
13.0000696182,80.2666778564,51966,51976,10
13.0000200272,80.2667694092,51976,51986,10
12.9999198914,80.2667312622,51986,51996,10
12.9998197556,80.2665786743,51996,52007,11
13.0003004074,80.2657470703,52007,52017,10
13.0003595352,80.265663147,52017,52027,10
13.0003795624,80.2659683228,52027,52047,20
13.0003499985,80.2660064697,52047,52077,30
13.0004997253,80.2663269043,52077,52087,10
13.000289917,80.266166687,52087,52118,31
13.0003004074,80.2660522461,52118,52443,325
13.0003004074,80.2660522461,52443,52453,10
13.0004701614,80.2660827637,52453,52463,10
13.0003404617,80.2660598755,52463,52947,484
13.0003004074,80.2660827637,52947,53553,606
13.0003004074,80.2660827637,53553,53563,10
13.0003499985,80.2661819458,53563,53573,10
13.0003700256,80.2661972046,53573,53583,10
13.000289917,80.2661972046,53583,54824,1241
13.0003004074,80.2661972046,54824,54855,31
13.0003004074,80.2661972046,54855,54864,9
13.0006799698,80.2659988403,54864,54875,11
13.0003299713,80.2663421631,54875,54885,10
13.0003499985,80.266418457,54885,54895,10
13.0006799698,80.2663421631,54895,54925,30
13.0006799698,80.2663421631,54925,54935,10
13.0003099442,80.2664794922,54935,54945,10
13.0002603531,80.2667007446,54945,54955,10
13.0002403259,80.2671203613,54955,54986,31
13.0002403259,80.2671203613,54986,54996,10
12.9970397949,80.2677307129,54996,55006,10
12.9962396622,80.2677383423,55006,55016,10
12.9956502914,80.2677078247,55016,55026,10
12.99559021,80.2673721313,55026,55046,20
12.99559021,80.2673721313,55046,55056,10
12.9954500198,80.2676315308,55056,55238,182
12.9954500198,80.2676315308,55238,55248,10
12.9968795776,80.2563171387,55248,55258,10
12.9969997406,80.2561416626,55258,55268,10
12.9971704483,80.2561264038,55268,55278,10
12.997300148,80.2561187744,55278,55288,10
12.9976196289,80.2557678223,55288,55298,10
12.9984197617,80.2559661865,55298,55308,10
12.9989795685,80.2561035156,55308,55319,11
12.9988698959,80.2559890747,55319,55329,10
12.999250412,80.2560424805,55329,55359,30
12.999250412,80.2560424805,55359,55369,10
12.999420166,80.2560806274,55369,55379,10
12.9999599457,80.2561416626,55379,55389,10
13.0006599426,80.2563018799,55389,55399,10
13.0015697479,80.2564315796,55399,55409,10
13.0023803711,80.2565078735,55409,55419,10
13.0028800964,80.2566299438,55419,55430,11
13.0036001205,80.2567825317,55430,55440,10
13.0043497086,80.2569122314,55440,55450,10
13.0051202774,80.2570800781,55450,55460,10
13.0059404373,80.2571792603,55460,55490,30
13.0059404373,80.2571792603,55490,55500,10
13.0061302185,80.2573394775,55500,55510,10
13.0064096451,80.2573318481,55510,55520,10
13.0064001083,80.2568511963,55520,55530,10
13.0065002441,80.2558822632,55530,55541,11
13.0065698624,80.2546081543,55541,55551,10
13.0065202713,80.2536087036,55551,55561,10
13.0066003799,80.2531585693,55561,55571,10
13.0065097809,80.2527008057,55571,55601,30
13.0065097809,80.2527008057,55601,55611,10
13.0066404343,80.2526016235,55611,55621,10
13.0066699982,80.2524032593,55621,55631,10
13.0067596436,80.2522506714,55631,55642,11
13.0067796707,80.2521972656,55642,55651,9
13.0066404343,80.2505111694,55651,55661,10
13.006649971,80.2494430542,55661,55672,11
13.0066795349,80.2493133545,55672,55682,10
13.0067596436,80.2491226196,55682,55692,10
13.0066795349,80.248626709,55692,55702,10
13.0066299438,80.2482833862,55702,55733,31
13.0066299438,80.2482833862,55733,55743,10
13.0068101883,80.2481079102,55743,55753,10
13.0067195892,80.2471237183,55753,55763,10
13.006819725,80.2466812134,55763,55773,10
13.0066099167,80.246307373,55773,55783,10
13.0066699982,80.2454376221,55783,55793,10
13.0066404343,80.2445602417,55793,55803,10
13.0067596436,80.2440109253,55803,55813,10
13.0066404343,80.2434921265,55813,55823,10
13.0066604614,80.2426605225,55823,55833,10
13.0065402985,80.2416381836,55833,55843,10
13.0065803528,80.2409362793,55843,55853,10
13.0069198608,80.2406463623,55853,55863,10
13.0070495605,80.2400131226,55863,55874,11
13.0070495605,80.2393417358,55874,55884,10
13.0070495605,80.238571167,55884,55894,10
13.0074195862,80.2376708984,55894,55910,16
13.0074300766,80.2368164063,55910,55922,12
13.0075597763,80.2365112305,55922,55930,8
13.0076503754,80.236000061,55930,55942,12
13.0078401566,80.2349624634,55942,55952,10
13.008020401,80.2339477539,55952,55962,10
13.0081996918,80.232711792,55962,55972,10
13.0084495544,80.2314376831,55972,55983,11
13.008890152,80.2300796509,55983,55993,10
13.0092201233,80.2276611328,55993,56033,40
13.0092201233,80.2276611328,56033,56043,10
13.0107898712,80.2232589722,56043,56053,10
13.0113201141,80.2227401733,56053,56063,10
13.0117797852,80.2218093872,56063,56074,11
13.0122003555,80.2208404541,56074,56083,9
13.0124101639,80.2217025757,56083,56094,11
13.0123996735,80.2216796875,56094,56104,10
13.0125303268,80.2217025757,56104,56114,10
13.012430191,80.221862793,56114,56265,151
13.012430191,80.221862793,56265,56275,10
13.0126304626,80.222038269,56275,56285,10
13.0129098892,80.2222976685,56285,56295,10
13.0136003494,80.2230224609,56295,56305,10
13.0141296387,80.2234725952,56305,56316,11
13.0143098831,80.2238006592,56316,56326,10
13.0148601532,80.2243118286,56326,56336,10
13.0154304504,80.2248687744,56336,56346,10
13.0154600143,80.2249221802,56346,56356,10
13.0156602859,80.2251586914,56356,56366,10
13.0161104202,80.2253417969,56366,56376,10
13.0166797638,80.2251968384,56376,56386,10
13.0174798965,80.2248764038,56386,56396,10
13.0184001923,80.2244873047,56396,56406,10
13.0192203522,80.2242431641,56406,56433,27
13.0192203522,80.2242431641,56433,56445,12
13.0196199417,80.2244415283,56445,56455,10
13.0199804306,80.2246704102,56455,56465,10
13.0208597183,80.2253799438,56465,56475,10
13.0216398239,80.2258987427,56475,56484,9
13.0222396851,80.226348877,56484,56495,11
13.0230703354,80.2272186279,56495,56505,10
13.0238599777,80.2277984619,56505,56515,10
13.024189949,80.2282714844,56515,56525,10
13.024430275,80.2283477783,56525,56536,11
13.0247097015,80.2289505005,56536,56546,10
13.0250902176,80.2294921875,56546,56556,10
13.0255699158,80.230140686,56556,56566,10
13.0259399414,80.2309570313,56566,56596,30
13.0259399414,80.2309570313,56596,56606,10
13.0260400772,80.2311019897,56606,56616,10
13.0266599655,80.2309265137,56616,56626,10
13.0274896622,80.2307662964,56626,56636,10
13.0282897949,80.2307281494,56636,56647,11
13.0285797119,80.2307662964,56647,56657,10
13.0291204453,80.23072052,56657,56667,10
13.0296201706,80.2306594849,56667,56677,10
13.03028965,80.2305984497,56677,56687,10
13.0306301117,80.2305297852,56687,56697,10
13.030579567,80.2301101685,56697,56707,10
13.0303001404,80.2294006348,56707,56717,10
13.0303201675,80.228843689,56717,56727,10
13.030380249,80.2284088135,56727,56737,10
13.0304002762,80.2283325195,56737,56747,10
13.0304298401,80.228012085,56747,56758,11
13.0303401947,80.2274780273,56758,56768,10
13.0297803879,80.2273635864,56768,56778,10
13.0289201736,80.2272033691,56778,56788,10
13.028260231,80.2270507813,56788,56798,10
13.0279397964,80.2269515991,56798,56808,10
13.0280303955,80.2267074585,56808,56818,10
13.0282402039,80.2259674072,56818,56828,10
13.028459549,80.2250137329,56828,56838,10
13.0284404755,80.223991394,56838,56848,10
13.0286197662,80.2239379883,56848,56858,10
13.0287799835,80.2239532471,56858,56869,11
13.0292196274,80.2241897583,56869,56879,10
13.0299797058,80.2242202759,56879,56889,10
13.0308704376,80.2242279053,56889,56899,10
13.031129837,80.2239227295,56899,56909,10
13.0311498642,80.2233810425,56909,56919,10
13.0311603546,80.2232131958,56919,56929,10
13.0312299728,80.2229690552,56929,56939,10
13.0315198898,80.2224197388,56939,56949,10
13.0318202972,80.2219085693,56949,56959,10
13.0320100784,80.2211990356,56959,56970,11
13.0321903229,80.2202606201,56970,56980,10
13.0321998596,80.2197265625,56980,56990,10
13.0322198868,80.2195510864,56990,57000,10
13.0322303772,80.2190628052,57000,57010,10
13.0319099426,80.2185134888,57010,57020,10
13.0315103531,80.2180175781,57020,57030,10
13.0314998627,80.2172622681,57030,57040,10
13.0313396454,80.2170715332,57040,57050,10
13.0309000015,80.217086792,57050,57060,10
13.0306196213,80.2168807983,57060,57070,10
13.030500412,80.2160568237,57070,57081,11
13.0303897858,80.2151031494,57081,57091,10
13.0304002762,80.21459198,57091,57101,10
13.0304203033,80.2144012451,57101,57111,10
13.0305099487,80.2138595581,57111,57121,10
13.0305700302,80.2135391235,57121,57131,10
13.0307798386,80.2133712769,57131,57734,603
13.0396699905,80.1905822754,57734,57765,31
13.0396699905,80.1905822754,57765,57775,10
13.041469574,80.1960601807,57775,57791,16
13.041390419,80.1966705322,57791,57803,12
13.0412998199,80.1972198486,57803,57811,8
13.041179657,80.1978530884,57811,57823,12
13.0410203934,80.1989135742,57823,57833,10
13.0409803391,80.1993026733,57833,57843,10
13.0409297943,80.1995391846,57843,57853,10
13.0407600403,80.2001037598,57853,57864,11
13.0406198502,80.2011413574,57864,57874,10
13.0405597687,80.2018508911,57874,57884,10
13.0405397415,80.2022781372,57884,57894,10
13.0403795242,80.2030563354,57894,57904,10
13.0402097702,80.2040786743,57904,57914,10
13.0401697159,80.2048492432,57914,57924,10
13.0405702591,80.2050476074,57924,57934,10
13.0412101746,80.2052001953,57934,57944,10
13.0413303375,80.2052688599,57944,57954,10
13.0418195724,80.2053222656,57954,57964,10
13.0424900055,80.2054290771,57964,57975,11
13.0429601669,80.2060012817,57975,57985,10
13.0434503555,80.2067718506,57985,57995,10
13.0439195633,80.2074813843,57995,58005,10
13.0441102982,80.2083969116,58005,58015,10
13.0441703796,80.2091064453,58015,58025,10
13.0441598892,80.2096328735,58025,58035,10
13.0441999435,80.2105026245,58035,58045,10
13.0442304611,80.2115402222,58045,58055,10
13.0443401337,80.2121810913,58055,58086,31
13.0443401337,80.2121810913,58086,58096,10
13.0446996689,80.2122802734,58096,58106,10
13.0453100204,80.2122268677,58106,58122,16
13.0466499329,80.2121582031,58122,58134,12
13.0470399857,80.2121276855,58134,58144,10
13.0470695496,80.212020874,58144,58154,10
13.0470600128,80.2118835449,58154,58164,10
13.0470399857,80.2117233276,58164,58174,10
13.0470304489,80.2112197876,58174,58184,10
13.0470695496,80.2108078003,58184,58194,10
13.0476503372,80.2107925415,58194,58205,11
13.0481901169,80.2107925415,58205,58215,10
13.0488700867,80.2108001709,58215,58225,10
13.0494499207,80.2108535767,58225,58235,10
13.049659729,80.2106170654,58235,58244,9
13.0496397018,80.2101669312,58244,58255,11
13.049539566,80.2096328735,58255,58264,9
13.0495004654,80.2090301514,58264,58274,10
13.0494003296,80.2084274292,58274,58285,11
13.0490503311,80.2075576782,58285,58295,10
13.0488700867,80.2070922852,58295,58306,11
13.0488796234,80.2068481445,58306,58316,10
13.0492401123,80.2068023682,58316,58417,101
13.0492200851,80.2071380615,58417,59133,716
13.0492200851,80.2071380615,59133,59143,10
13.049079895,80.2070007324,59143,59153,10
13.0490999222,80.2072677612,59153,59204,51
13.0490999222,80.2072677612,59204,59214,10
13.049079895,80.2074203491,59214,59224,10
13.0490703583,80.2074279785,59224,59234,10
13.0489997864,80.2075500488,59234,59244,10
13.0491695404,80.2080230713,59244,59254,10
13.0493602753,80.2086410522,59254,59264,10
13.0494699478,80.2090301514,59264,59274,10
13.0495004654,80.2093811035,59274,59284,10
13.0495004654,80.2098388672,59284,59295,11
13.0495996475,80.2104034424,59295,59305,10
13.0496902466,80.2108917236,59305,59315,10
13.0498199463,80.2115783691,59315,59365,50
13.0498199463,80.2115783691,59365,59375,10
13.0498199463,80.2116165161,59375,59385,10
13.0498600006,80.2119598389,59385,59395,10
13.0494804382,80.2122192383,59395,59416,21
13.0494804382,80.2122192383,59416,59426,10
13.0493202209,80.2122116089,59426,59436,10
13.0488300323,80.2122573853,59436,59446,10
13.048119545,80.2123031616,59446,59456,10
13.0472698212,80.2123413086,59456,59466,10
13.0463104248,80.212348938,59466,59476,10
13.0453596115,80.2124023438,59476,59486,10
13.0448799133,80.2124099731,59486,59527,41
13.0448799133,80.2124099731,59527,59537,10
13.0447301865,80.2124710083,59537,59547,10
13.0443201065,80.2124176025,59547,59557,10
13.0442304611,80.2119216919,59557,59567,10
13.0442199707,80.2111282349,59567,59577,10
13.0441904068,80.210319519,59577,59587,10
13.0441598892,80.209602356,59587,59597,10
13.0441198349,80.2090072632,59597,59607,10
13.0440998077,80.2084274292,59607,59617,10
13.0439796448,80.2076263428,59617,59628,11
13.0434503555,80.206703186,59628,59638,10
13.0428304672,80.2059020996,59638,59648,10
13.0420999527,80.2053222656,59648,59658,10
13.0411996841,80.2051773071,59658,59668,10
13.0408496857,80.2051315308,59668,59678,10
13.0406799316,80.2051086426,59678,59688,10
13.0405101776,80.2050933838,59688,59698,10
13.0400104523,80.2050018311,59698,59708,10
13.0392999649,80.2049026489,59708,59718,10
13.0385904312,80.204788208,59718,59728,10
13.0380897522,80.2046127319,59728,59739,11
13.0382099152,80.2040634155,59739,59749,10
13.0383396149,80.203338623,59749,59759,10
13.0384197235,80.2027130127,59759,59769,10
13.038479805,80.2023391724,59769,59779,10
13.0385599136,80.2018432617,59779,59789,10
13.0386104584,80.201423645,59789,59799,10
13.0387096405,80.2007904053,59799,59815,16
13.0388803482,80.1996078491,59815,59827,12
13.0390195847,80.1985473633,59827,59835,8
13.0391597748,80.1977462769,59835,59846,11
13.0392799377,80.1968994141,59846,59857,11
13.0392799377,80.1968307495,59857,59869,12
13.0393295288,80.1964111328,59869,59879,10
13.039440155,80.1957778931,59879,59889,10
13.039560318,80.1949310303,59889,59899,10
13.0396900177,80.193939209,59899,59909,10
13.0397996902,80.1932220459,59909,59919,10
13.0397996902,80.1931610107,59919,59929,10
13.0396795273,80.1930236816,59929,59939,10
13.0391597748,80.1929626465,59939,59949,10
13.0386896133,80.1928787231,59949,59960,11
13.0381498337,80.1928024292,59960,59970,10
13.0377197266,80.1928863525,59970,59980,10
13.0375499725,80.1936187744,59980,59990,10
13.0374202728,80.1946182251,59990,60000,10
13.0372600555,80.1957168579,60000,60010,10
13.0371999741,80.1960525513,60010,60020,10
13.0371799469,80.1961975098,60020,60030,10
13.0370998383,80.1967926025,60030,60040,10
13.0369596481,80.1976470947,60040,60050,10
13.0368404388,80.1984710693,60050,60060,10
13.0368204117,80.198638916,60060,60071,11
13.0367803574,80.198890686,60071,60081,10
13.0366802216,80.199508667,60081,60091,10
13.0365600586,80.2003173828,60091,60101,10
13.0364303589,80.2012786865,60101,60111,10
13.0363702774,80.2017822266,60111,60121,10
13.0363502502,80.2018890381,60121,60131,10
13.0363197327,80.2020263672,60131,60141,10
13.036239624,80.2025680542,60141,60151,10
13.0361204147,80.2033996582,60151,60161,10
13.0360002518,80.2042388916,60161,60172,11
13.035900116,80.2049484253,60172,60182,10
13.035779953,80.2057418823,60182,60192,10
13.03565979,80.2064590454,60192,60202,10
13.0355195999,80.2073669434,60202,60212,10
13.0354499817,80.208190918,60212,60222,10
13.0354003906,80.2084732056,60222,60242,20
13.0354003906,80.2084732056,60242,60252,10
13.0353298187,80.2086105347,60252,60262,10
13.0352802277,80.2091598511,60262,60272,10
13.0351600647,80.2099533081,60272,60282,10
13.0350198746,80.2106170654,60282,60293,11
13.0348796844,80.2113037109,60293,60303,10
13.0347204208,80.2120437622,60303,60313,10
13.0341796875,80.2121200562,60313,60323,10
13.0335197449,80.2119674683,60323,60333,10
13.0327997208,80.2119369507,60333,60343,10
13.0324296951,80.2118835449,60343,60353,10
13.0323696136,80.2118682861,60353,60363,10
13.031999588,80.2117767334,60363,60373,10
13.031920433,80.2112197876,60373,60383,10
13.0320396423,80.2104568481,60383,60393,10
13.0320396423,80.2097015381,60393,60404,11
13.031370163,80.2094802856,60404,60414,10
13.0306301117,80.2092971802,60414,60424,10
13.0301399231,80.2092285156,60424,60433,9
13.030090332,80.2095031738,60433,60443,10
13.030090332,80.2095184326,60443,60454,11
13.029999733,80.2098007202,60454,60464,10
13.0304803848,80.2099685669,60464,60474,10
13.0309495926,80.2100982666,60474,60484,10
13.0310001373,80.2103271484,60484,60494,10
13.0309200287,80.2108535767,60494,60503,9
13.0308704376,80.2112121582,60503,60515,12
13.0307798386,80.2117004395,60515,60525,10
13.0307397842,80.2119598389,60525,60535,10
13.0306301117,80.212600708,60535,60545,10
13.0305404663,80.2134399414,60545,60555,10
13.0304899216,80.2137908936,60555,60565,10
13.0304603577,80.2138824463,60565,60575,10
13.0304203033,80.2139892578,60575,60585,10
13.0303602219,80.2144927979,60585,60595,10
13.0303297043,80.215171814,60595,60605,10
13.0303697586,80.2159423828,60605,60616,11
13.0304298401,80.2169036865,60616,60626,10
13.0307598114,80.2170028687,60626,60636,10
13.0312004089,80.2169799805,60636,60646,10
13.0314598083,80.2170562744,60646,60656,10
13.031539917,80.2176589966,60656,60666,10
13.0317401886,80.2184066772,60666,60676,10
13.0322504044,80.2185211182,60676,60686,10
13.0322599411,80.219078064,60686,60696,10
13.0322399139,80.219833374,60696,60706,10
13.0322399139,80.2201919556,60706,60716,10
13.0322198868,80.2202224731,60716,60727,11
13.0321397781,80.2207183838,60727,60737,10
13.0319499969,80.2214584351,60737,60747,10
13.0316495895,80.2221603394,60747,60757,10
13.0313796997,80.2226791382,60757,60767,10
13.0311098099,80.2238693237,60767,60787,20
13.0311098099,80.2238693237,60787,60797,10
13.0311403275,80.2241973877,60797,60807,10
13.03083992,80.2243728638,60807,60817,10
13.0301198959,80.2243499756,60817,60827,10
13.0294103622,80.2243423462,60827,60838,11
13.0289201736,80.2241668701,60838,60848,10
13.0286302567,80.2240371704,60848,60858,10
13.0284004211,80.2244796753,60858,60868,10
13.0282297134,80.2252578735,60868,60878,10
13.0280504227,80.2261123657,60878,60888,10
13.0279197693,80.2268371582,60888,60898,10
13.0280199051,80.2270507813,60898,60908,10
13.0284204483,80.2271194458,60908,60918,10
13.0285301208,80.2271499634,60918,60928,10
13.0289001465,80.2271881104,60928,60938,10
13.0294904709,80.2273178101,60938,60949,11
13.0302495956,80.2274398804,60949,60959,10
13.0304498672,80.2278137207,60959,60969,10
13.0303897858,80.2282791138,60969,60979,10
13.0303497314,80.2285614014,60979,60995,16
13.0303401947,80.2294616699,60995,61007,12
13.0306797028,80.2304000854,61007,61015,8
13.0306797028,80.2307662964,61015,61027,12
13.0302095413,80.2308425903,61027,61037,10
13.0299901962,80.2307662964,61037,61047,10
13.0296401978,80.2308120728,61047,61058,11
13.0289802551,80.2309494019,61058,61068,10
13.0282001495,80.2309799194,61068,61077,9
13.0278301239,80.231010437,61077,61089,12
13.0275802612,80.2312011719,61089,61099,10
13.0276498795,80.2317581177,61099,61109,10
13.0277395248,80.2323226929,61109,61119,10
13.0278701782,80.2329406738,61119,61129,10
13.0269098282,80.2329177856,61129,61180,51
13.0269098282,80.2329177856,61180,61190,10
13.0268602371,80.2329788208,61190,61200,10
13.026550293,80.2330169678,61200,61210,10
13.0262804031,80.2325820923,61210,61220,10
13.0261297226,80.2320175171,61220,61230,10
13.0260095596,80.2316436768,61230,61260,30
13.0260095596,80.2316436768,61260,61270,10
13.0257701874,80.2309188843,61270,61281,11
13.0254402161,80.2301712036,61281,61290,9
13.0252399445,80.2296981812,61290,61301,11
13.0246295929,80.2290496826,61301,61311,10
13.0243597031,80.2286987305,61311,61322,11
13.0239400864,80.2283782959,61322,61332,10
13.0238800049,80.2282562256,61332,61342,10
13.0235500336,80.2279815674,61342,61352,10
13.0234699249,80.2277526855,61352,61362,10
13.0232801437,80.2274780273,61362,61372,10
13.0229101181,80.227180481,61372,61383,11
13.0222396851,80.2265777588,61383,61393,10
13.0215301514,80.2259902954,61393,61413,20
13.0215301514,80.2259902954,61413,61423,10
13.0201797485,80.2250595093,61423,61432,9
13.0201396942,80.2250213623,61432,61443,11
13.0197896957,80.2248077393,61443,61453,10
13.0190200806,80.2242431641,61453,61462,9
13.0180902481,80.2247161865,61462,61472,10
13.01720047,80.2251281738,61472,61483,11
13.0164804459,80.2253417969,61483,61494,11
13.0158996582,80.2256622314,61494,61504,10
13.0151796341,80.2259521484,61504,61514,10
13.0145101547,80.2262115479,61514,61524,10
13.0144195557,80.2262420654,61524,61534,10
13.0141897202,80.2263183594,61534,61544,10
13.0136003494,80.2265319824,61544,61554,10
13.0128698349,80.2267990112,61554,61564,10
13.0120000839,80.2271194458,61564,61580,16
13.0103197098,80.2278213501,61580,61592,12
13.009180069,80.2284622192,61592,61602,10
13.0089302063,80.2295379639,61602,61613,11
13.0086698532,80.2309188843,61613,61622,9
13.0084600449,80.2320632935,61622,61633,11
13.0082702637,80.2331695557,61633,61644,11
13.0082197189,80.2336578369,61644,61654,10
13.0081701279,80.233757019,61654,61664,10
13.0080604553,80.234161377,61664,61674,10
13.0079298019,80.2348632813,61674,61684,10
13.0077295303,80.2358322144,61684,61694,10
13.0075397491,80.2367782593,61694,61704,10
13.0073604584,80.2377166748,61704,61715,11
13.0071697235,80.2387924194,61715,61725,10
13.0069904327,80.2396392822,61725,61735,10
13.0068998337,80.2401580811,61735,61815,80
13.0068998337,80.2401580811,61815,61826,11
13.0069704056,80.2403182983,61826,61836,10
13.0069198608,80.240737915,61836,61846,10
13.0068702698,80.2408218384,61846,61856,10
13.0067996979,80.2410736084,61856,61866,10
13.0067396164,80.2416915894,61866,61876,10
13.0067195892,80.2425537109,61876,61886,10
13.0066900253,80.2434310913,61886,61896,10
13.0066795349,80.2444000244,61896,61906,10
13.0066604614,80.2448883057,61906,61916,10
13.0066795349,80.2451934814,61916,61925,9
13.0067195892,80.2457809448,61925,61937,12
13.0067396164,80.2466430664,61937,61946,9
13.0067596436,80.2473983765,61946,61957,11
13.0067396164,80.2481536865,61957,61967,10
13.0068101883,80.2490234375,61967,61977,10
13.0068798065,80.24949646,61977,61987,10
13.0068702698,80.2496109009,61987,61997,10
13.0068397522,80.2501220703,61997,62007,10
13.006819725,80.2508392334,62007,62017,10
13.0067596436,80.2516708374,62017,62027,10
13.0065498352,80.2525634766,62027,62037,10
13.0065402985,80.2536468506,62037,62048,11
13.0065898895,80.2549972534,62048,62068,20
13.0065898895,80.2549972534,62068,62078,10
13.0065898895,80.2551574707,62078,62088,10
13.0065603256,80.2555618286,62088,62098,10
13.0066003799,80.2562026978,62098,62108,10
13.0066204071,80.2570037842,62108,62118,10
13.0064601898,80.2576065063,62118,62128,10
13.0057697296,80.2574234009,62128,62138,10
13.0051202774,80.257232666,62138,62148,10
13.00440979,80.2570877075,62148,62159,11
13.0035896301,80.2568969727,62159,62169,10
13.0027704239,80.2567672729,62169,62179,10
13.0020999908,80.2566375732,62179,62189,10
13.0018796921,80.2565994263,62189,62199,10
13.0015602112,80.2565612793,62199,62209,10
13.0010004044,80.2565231323,62209,62219,10
13.0003404617,80.2564163208,62219,62229,10
13.000169754,80.256401062,62229,62239,10
13.0000495911,80.2563781738,62239,62249,10
12.9996004105,80.2562866211,62249,62259,10
12.9989299774,80.2561416626,62259,62270,11
12.9981002808,80.2560195923,62270,62280,10
12.9974498749,80.2559509277,62280,62300,20
12.9974498749,80.2559509277,62300,62310,10
12.9973096848,80.255897522,62310,62320,10
12.9969997406,80.2559280396,62320,62330,10
12.9968395233,80.2562332153,62330,62340,10
12.9968099594,80.2570114136,62340,62371,31
12.9968099594,80.2570114136,62371,62381,10
12.9968099594,80.2572631836,62381,62391,10
12.9967403412,80.2577590942,62391,62401,10
12.9966497421,80.2584381104,62401,62411,10
12.9965696335,80.2591934204,62411,62421,10
12.996509552,80.2597198486,62421,62431,10
12.9964504242,80.2602767944,62431,62441,10
12.9963502884,80.2610321045,62441,62451,10
12.9962797165,80.2618179321,62451,62461,10
12.996219635,80.2623825073,62461,62471,10
12.9961996078,80.2624893188,62471,62482,11
12.9961996078,80.2626800537,62482,62492,10
12.9961204529,80.2631835938,62492,62502,10
12.9960403442,80.2638397217,62502,62512,10
12.9959602356,80.2646636963,62512,62522,10
12.9958400726,80.2656173706,62522,62532,10
12.9957103729,80.2666397095,62532,62542,10
12.9956302643,80.2675704956,62542,62552,10
12.995929718,80.2677612305,62552,62562,10
12.9961595535,80.2677230835,62562,62601,39
12.9961595535,80.2677230835,62601,62610,9
12.9963998795,80.2677078247,62610,62620,10
12.997010231,80.2676925659,62620,62631,11
12.9978303909,80.2674713135,62631,62641,10
12.9982099533,80.2673721313,62641,62651,10
12.9986495972,80.2672424316,62651,62661,10
12.9994802475,80.266998291,62661,62671,10
13.0001296997,80.2666625977,62671,62681,10
13.0001602173,80.2665863037,62681,62691,10
13.0002002716,80.2664031982,62691,62702,11
13.0002498627,80.2658309937,62702,62712,10
13.0003900528,80.2657470703,62712,62722,10
13.0002698898,80.2662734985,62722,62823,101
13.0002698898,80.2662734985,62823,62833,10
13.0002098083,80.2662811279,62833,63186,353
13.0003004074,80.2663269043,63186,63388,202
13.000169754,80.2663803101,63388,63418,30
13.000169754,80.2663803101,63418,63428,10
13.0002298355,80.2663497925,63428,63438,10
13.0004701614,80.2663574219,63438,63741,303
13.0003204346,80.2661819458,63741,63832,91
13.0003204346,80.2661819458,63832,63842,10
13.000289917,80.2665405273,63842,63852,10
13.0002803802,80.2668762207,63852,63862,10
13.0002698898,80.2668762207,63862,63872,10
13.000169754,80.2668075562,63872,63882,10
12.9997701645,80.2670974731,63882,63892,10
12.9990196228,80.2672119141,63892,63902,10
12.9983701706,80.2674789429,63902,63913,11
12.9976797104,80.2676925659,63913,63923,10
12.9968996048,80.2678375244,63923,63933,10
12.9962100983,80.2676620483,63933,63943,10
12.9958600998,80.2675933838,63943,63953,10
12.9956197739,80.2677307129,63953,64003,50
12.9956197739,80.2677307129,64003,64020,17
12.9956197739,80.2674636841,64020,64062,42
12.9956197739,80.2674636841,64062,64072,10
12.995639801,80.2672271729,64072,64082,10
12.9958696365,80.2670135498,64082,64092,10
12.9956102371,80.2663421631,64092,64102,10
12.9958200455,80.2655563354,64102,64112,10
12.9959096909,80.265083313,64112,64123,11
12.9959897995,80.2643280029,64123,64133,10
12.9960803986,80.2636032104,64133,64143,10
12.9962100983,80.2626419067,64143,64163,20
12.9962100983,80.2626419067,64163,64173,10
12.996219635,80.2624435425,64173,64183,10
12.9962596893,80.2621231079,64183,64193,10
12.9962797165,80.2620162964,64193,64203,10
12.9963102341,80.2615737915,64203,64213,10
12.9963903427,80.2608032227,64213,64223,10
12.9964799881,80.260017395,64223,64234,11
12.9965400696,80.2595291138,64234,64244,10
12.9965295792,80.2593231201,64244,64254,10
12.9966001511,80.2587966919,64254,64264,10
12.996629715,80.2582931519,64264,64274,10
12.9967002869,80.2574615479,64274,64284,10
12.9968299866,80.2566680908,64284,64294,10
12.9968299866,80.2563323975,64294,64304,10
12.9968595505,80.2563476563,64304,64314,10
12.9968900681,80.2561416626,64314,64324,10
12.9970502853,80.2559127808,64324,64334,10
12.9975004196,80.255897522,64334,64345,11
12.9981603622,80.2559509277,64345,64355,10
12.9989004135,80.2559814453,64355,64405,50
12.9989004135,80.2559814453,64405,64415,10
12.999329567,80.2561721802,64415,64425,10
12.9997797012,80.2563095093,64425,64435,10
13.0002498627,80.2563476563,64435,64445,10
13.0008296967,80.256439209,64445,64455,10
13.001449585,80.2565231323,64455,64466,11
13.0021896362,80.2566223145,64466,64476,10
13.0029096603,80.2567825317,64476,64485,9
13.0034999847,80.2569274902,64485,64496,11
13.0042295456,80.257019043,64496,64506,10
13.0050897598,80.2571868896,64506,64516,10
13.0056400299,80.2572937012,64516,64546,30
13.0056400299,80.2572937012,64546,64556,10
13.00578022,80.2573623657,64556,64567,11
13.0061903,80.2574386597,64567,64577,10
13.0065498352,80.257270813,64577,64587,10
13.0065002441,80.2566223145,64587,64597,10
13.0065097809,80.2556991577,64597,64613,16
13.0065002441,80.2543334961,64613,64625,12
13.0064897537,80.2541427612,64625,64635,10
13.0064697266,80.2537078857,64635,64645,10
13.006480217,80.253288269,64645,64655,10
13.006480217,80.2532501221,64655,64665,10
13.0064897537,80.2528610229,64665,64676,11
13.0065803528,80.2520675659,64676,64726,50
13.0065803528,80.2520675659,64726,64736,10
13.0066995621,80.2520675659,64736,64746,10
13.0067501068,80.2516326904,64746,64756,10
13.0068101883,80.250869751,64756,64766,10
13.0067996979,80.2499389648,64766,64776,10
13.0067396164,80.2489929199,64776,64787,11
13.0066404343,80.2478866577,64787,64827,40
13.0066404343,80.2478866577,64827,64837,10
13.0066299438,80.2478408813,64837,64847,10
13.0066404343,80.2474365234,64847,64857,10
13.0065603256,80.2465820313,64857,64877,20
13.0065603256,80.2465820313,64877,64887,10
13.0066204071,80.246421814,64887,64898,11
13.0066299438,80.2458724976,64898,64908,10
13.0066299438,80.2451095581,64908,64918,10
13.0066099167,80.2444610596,64918,64928,10
13.0066099167,80.2439498901,64928,64938,10
13.0066299438,80.2429885864,64938,64948,10
13.0065898895,80.2424926758,64948,64958,10
13.0065803528,80.2416610718,64958,64968,10
13.0066995621,80.2408218384,64968,64978,10
13.0067300797,80.240447998,64978,65039,61
13.0067300797,80.240447998,65039,65049,10
13.0068502426,80.2396621704,65049,65059,10
13.0070199966,80.2388534546,65059,65069,10
13.0071897507,80.2379074097,65069,65079,10
13.0074195862,80.236869812,65079,65099,20
13.0074195862,80.236869812,65099,65109,10
13.0074796677,80.2366027832,65109,65120,11
13.0076303482,80.236000061,65120,65130,10
13.0077600479,80.2353286743,65130,65140,10
13.0077695847,80.2352905273,65140,65150,10
13.0078201294,80.2351074219,65150,65160,10
13.007900238,80.2346191406,65160,65170,10
13.0080404282,80.2339096069,65170,65179,9
13.008190155,80.233039856,65179,65189,10
13.0084199905,80.231880188,65189,65200,11
13.0086803436,80.2305374146,65200,65209,9
13.0088796616,80.2295227051,65209,65219,10
13.0091295242,80.2283401489,65219,65231,12
13.0096702576,80.2270126343,65231,65241,10
13.0101804733,80.2259292603,65241,65251,10
13.0106801987,80.2248687744,65251,65261,10
13.0111303329,80.2238235474,65261,65271,10
13.0115499496,80.2229385376,65271,65281,10
13.0118999481,80.2220993042,65281,65291,10
13.012169838,80.2214813232,65291,65301,10
13.0123901367,80.2214889526,65301,65311,10
13.0126399994,80.2219390869,65311,65321,10
13.0131101608,80.2226028442,65321,65331,10
13.0136404037,80.2231674194,65331,65342,11
13.0142698288,80.2238769531,65342,65352,10
13.0148200989,80.224609375,65352,65362,10
13.0152702332,80.224899292,65362,65372,10
13.015540123,80.2249679565,65372,65392,20
13.015540123,80.2249679565,65392,65402,10
13.0157699585,80.225189209,65402,65412,10
13.0163698196,80.2253189087,65412,65422,10
13.01720047,80.2250289917,65422,65432,10
13.0181703568,80.2246398926,65432,65449,17
13.0193004608,80.2242507935,65449,65461,12
13.0193195343,80.2242584229,65461,65471,10
13.0194702148,80.2243270874,65471,65481,10
13.0197200775,80.2244720459,65481,65502,21
13.0197200775,80.2244720459,65502,65512,10
13.0199699402,80.2246398926,65512,65521,9
13.0204401016,80.2249832153,65521,65531,10
13.021030426,80.2254180908,65531,65542,11
13.0215597153,80.2258224487,65542,65552,10
13.022069931,80.2262115479,65552,65563,11
13.0228900909,80.2269210815,65563,65573,10
13.023639679,80.2276306152,65573,65583,10
13.0240898132,80.2281036377,65583,65593,10
13.0241804123,80.2282333374,65593,65603,10
13.0242004395,80.2282867432,65603,65613,10
13.0244398117,80.2286529541,65613,65623,10
13.0247602463,80.2291107178,65623,65633,10
13.0251302719,80.2295684814,65633,65643,10
13.0254096985,80.229888916,65643,65653,10
13.0254201889,80.2298965454,65653,65664,11
13.0256204605,80.2302017212,65664,65674,10
13.0258398056,80.2305679321,65674,65694,20
13.0258398056,80.2305679321,65694,65704,10
13.0258903503,80.2307281494,65704,65714,10
13.0260095596,80.2310562134,65714,65724,10
13.0261096954,80.2313537598,65724,65734,10
13.0265598297,80.2312011719,65734,65744,10
13.0273103714,80.231010437,65744,65754,10
13.0284500122,80.2308502197,65754,65775,21
13.0284500122,80.2308502197,65775,65785,10
13.0285196304,80.2308807373,65785,65795,10
13.0293302536,80.2308120728,65795,65855,60
13.0293302536,80.2308120728,65855,65865,10
13.0295200348,80.2308273315,65865,65875,10
13.0300102234,80.2307815552,65875,65886,11
13.0304899216,80.2307434082,65886,65896,10
13.0306501389,80.2306594849,65896,65906,10
13.0306596756,80.2304000854,65906,65916,10
13.030500412,80.2298126221,65916,65926,10
13.0303096771,80.2293701172,65926,65936,10
13.0303297043,80.2288513184,65936,65946,10
13.030380249,80.2284011841,65946,65966,20
13.030380249,80.2284011841,65966,65976,10
13.0304002762,80.2281570435,65976,65987,11
13.0304298401,80.2277374268,65987,65997,10
13.0302295685,80.2274780273,65997,66007,10
13.0295801163,80.2273635864,66007,66017,10
13.028840065,80.2272415161,66017,66027,10
13.0287399292,80.2272109985,66027,66037,10
13.0285396576,80.227142334,66037,66047,10
13.0281000137,80.2270736694,66047,66057,10
13.027879715,80.2268829346,66057,66067,10
13.0279798508,80.2264328003,66067,66077,10
13.0281400681,80.2257385254,66077,66087,10
13.0283002853,80.224937439,66087,66098,11
13.0287103653,80.2240066528,66098,66118,20
13.0287103653,80.2240066528,66118,66128,10
13.0288801193,80.224067688,66128,66138,10
13.0292596817,80.2242584229,66138,66148,10
13.0298995972,80.2242279053,66148,66158,10
13.0305995941,80.2242584229,66158,66168,10
13.0311203003,80.2241897583,66168,66178,10
13.0311899185,80.2232131958,66178,66198,20
13.0311899185,80.2232131958,66198,66209,11
13.0312204361,80.223197937,66209,66219,10
13.0313196182,80.2228469849,66219,66229,10
13.0315799713,80.2222976685,66229,66239,10
13.0318698883,80.2216415405,66239,66249,10
13.0320997238,80.2208023071,66249,66259,10
13.0321998596,80.2197875977,66259,66279,20
13.0321998596,80.2197875977,66279,66289,10
13.0322399139,80.2196426392,66289,66299,10
13.0322303772,80.219078064,66299,66309,10
13.0320396423,80.21849823,66309,66320,11
13.0314798355,80.2182006836,66320,66330,10
13.0314502716,80.2174987793,66330,66340,10
13.0313901901,80.2170791626,66340,66350,10
13.031129837,80.2170410156,66350,66366,16
13.030500412,80.2169570923,66366,66378,12
13.0304498672,80.2166900635,66378,66387,9
13.0304899216,80.2166137695,66387,66397,10
13.0304002762,80.2161636353,66397,66408,11
13.0303401947,80.2154006958,66408,66418,10
13.0303697586,80.2145614624,66418,66439,21
13.0303697586,80.2145614624,66439,66449,10
13.0304498672,80.2143173218,66449,66459,10
13.0304803848,80.2138671875,66459,66469,10
13.030500412,80.2136383057,66469,66479,10
13.0306196213,80.2128829956,66479,66489,10
13.0306196213,80.2128829956,66489,66499,10
13.0306396484,80.2122421265,66499,66509,10
13.0307397842,80.2117614746,66509,66519,10
13.0307998657,80.21144104,66519,66529,10
13.0308198929,80.2110900879,66529,66540,11
13.0308799744,80.2106781006,66540,66550,10
13.030960083,80.2102279663,66550,66562,12
13.03083992,80.2100830078,66562,66572,10
13.0306396484,80.2100219727,66572,66582,10
13.0301504135,80.2098464966,66582,66591,9
13.0301103592,80.2093582153,66591,66632,41
13.0301103592,80.2093582153,66632,66642,10
13.0301904678,80.2091903687,66642,66653,11
13.0304203033,80.2090988159,66653,66663,10
13.0314102173,80.2094268799,66663,66683,20
13.0314102173,80.2094268799,66683,66692,9
13.0315198898,80.2092971802,66692,66703,11
13.0319795609,80.2093887329,66703,66713,10
13.0327396393,80.209487915,66713,66722,9
13.033490181,80.2096633911,66722,66732,10
13.0344295502,80.2098388672,66732,66743,11
13.0350999832,80.2097396851,66743,66753,10
13.0351800919,80.2087783813,66753,66774,21
13.0351800919,80.2087783813,66774,66784,10
13.0352497101,80.2087173462,66784,66794,10
13.0353097916,80.2081832886,66794,66804,10
13.0353899002,80.2074279785,66804,66814,10
13.0355501175,80.2065963745,66814,66824,10
13.0355701447,80.2060317993,66824,66834,10
13.0355195999,80.2057266235,66834,66844,10
13.0354995728,80.2055511475,66844,66854,10
13.0355100632,80.2054519653,66854,66865,11
13.0357198715,80.2052688599,66865,66875,10
13.0358600616,80.2048797607,66875,66885,10
13.0359601974,80.204246521,66885,66895,10
13.0360603333,80.2034606934,66895,66905,10
13.0361995697,80.2025222778,66905,66915,10
13.0363197327,80.2017822266,66915,66925,10
13.0363397598,80.2016830444,66925,66935,10
13.036359787,80.2016296387,66935,66945,10
13.0363998413,80.2012176514,66945,66955,10
13.0364704132,80.2006530762,66955,66964,9
13.0366001129,80.1999664307,66964,66976,12
13.0367603302,80.1989593506,66976,66986,10
13.0368003845,80.1985321045,66986,67006,20
13.0368003845,80.1985321045,67006,67016,10
13.0368204117,80.1982803345,67016,67026,10
13.0368900299,80.1977996826,67026,67036,10
13.0369596481,80.1973419189,67036,67046,10
13.03703022,80.196762085,67046,67056,10
13.0370798111,80.1964187622,67056,67066,10
13.0370903015,80.1964111328,67066,67076,10
13.0371398926,80.1963424683,67076,67087,11
13.0372200012,80.1958465576,67087,67097,10
13.037320137,80.1951065063,67097,67107,10
13.0374298096,80.1942367554,67107,67117,10
13.037560463,80.1932983398,67117,67127,10
13.0377998352,80.1928710938,67127,67137,10
13.0380001068,80.1928100586,67137,67147,10
13.0387897491,80.1928787231,67147,67167,20
13.0387897491,80.1928787231,67167,67177,10
13.0390195847,80.1929168701,67177,67187,10
13.039440155,80.1930084229,67187,67198,11
13.0400600433,80.193107605,67198,67208,10
13.0405597687,80.1931762695,67208,67218,10
13.0412197113,80.1932907104,67218,67228,10
13.0417404175,80.193397522,67228,67238,10
13.0417699814,80.1938400269,67238,67248,10
13.0417699814,80.1939620972,67248,67258,10
13.0417499542,80.194190979,67258,67268,10
13.041680336,80.1947631836,67268,67278,10
13.0415897369,80.1955413818,67278,67288,10
13.0415201187,80.1960601807,67288,67298,10
13.0413999557,80.1968231201,67298,67319,21
13.0413999557,80.1968231201,67319,67329,10
13.0413703918,80.1970214844,67329,67339,10
13.0413103104,80.1974563599,67339,67349,10
13.0412197113,80.1980895996,67349,67359,10
13.0411396027,80.1986618042,67359,67369,10
13.0410203934,80.1992492676,67369,67379,10
13.041009903,80.1994018555,67379,67389,10
13.0409698486,80.1996765137,67389,67399,10
13.0408802032,80.2003936768,67399,67410,11
13.0407495499,80.2012176514,67410,67420,10
13.0406198502,80.2019119263,67420,67430,10
13.0405797958,80.2022171021,67430,67440,10
13.0405101776,80.2027435303,67440,67450,10
13.0404100418,80.2034988403,67450,67460,10
13.0403003693,80.2042694092,67460,67470,10
13.0401697159,80.2049407959,67470,67480,10
13.04047966,80.2051086426,67480,67490,10
13.0408601761,80.2051315308,67490,67500,10
13.0410804749,80.2051773071,67500,67521,21
13.0410804749,80.2051773071,67521,67531,10
13.0412197113,80.2052230835,67531,67541,10
13.0415401459,80.2052612305,67541,67551,10
13.0420703888,80.2052993774,67551,67561,10
13.0426197052,80.2055282593,67561,67571,10
13.0429201126,80.2060699463,67571,67581,10
13.043419838,80.2067718506,67581,67591,10
13.0438995361,80.2074966431,67591,67601,10
13.0441198349,80.2082519531,67601,67611,10
13.0441598892,80.2090377808,67611,67632,21
13.0441598892,80.2090377808,67632,67642,10
13.0441799164,80.2092437744,67642,67652,10
13.0441904068,80.2094421387,67652,67662,10
13.0441799164,80.2099075317,67662,67672,10
13.0442199707,80.2106323242,67672,67682,10
13.0442399979,80.211479187,67682,67692,10
13.0443096161,80.2120819092,67692,67702,10
13.0443201065,80.2122268677,67702,67718,16
13.0447502136,80.2122879028,67718,67730,12
13.0455799103,80.2122421265,67730,67738,8
13.0461196899,80.2122192383,67738,67751,13
13.046500206,80.2122268677,67751,67761,10
13.0467395782,80.2122268677,67761,67781,20
13.0467395782,80.2122268677,67781,67791,10
13.0469503403,80.2122192383,67791,67801,10
13.0470399857,80.2121276855,67801,67811,10
13.0470104218,80.2119598389,67811,67831,20
13.0470104218,80.2119598389,67831,67841,10
13.0470104218,80.2115783691,67841,67852,11
13.0469799042,80.2109832764,67852,67862,10
13.0471897125,80.2107925415,67862,67872,10
13.0476503372,80.2107467651,67872,67882,10
13.0482501984,80.2107772827,67882,67892,10
13.0488996506,80.2107772827,67892,67902,10
13.0493001938,80.2108001709,67902,67912,10
13.0493402481,80.2107696533,67912,67922,10
13.0495996475,80.2107696533,67922,67932,10
13.0496196747,80.2105789185,67932,67942,10
13.0495595932,80.210067749,67942,67952,10
13.049539566,80.2099761963,67952,67963,11
13.0495195389,80.2098312378,67963,67973,10
13.0495195389,80.2098236084,67973,67983,10
13.0495004654,80.2095184326,67983,67993,10
13.049539566,80.2091903687,67993,68003,10
13.0493898392,80.2086029053,68003,68013,10
13.0491304398,80.2078704834,68013,68023,10
13.0488796234,80.2071914673,68023,68053,30
13.0488796234,80.2071914673,68053,68063,10
13.0488901138,80.2069625854,68063,68094,31
13.0488901138,80.2069625854,68094,68104,10
13.0488996506,80.2069015503,68104,68114,10
13.0491600037,80.206993103,68114,68165,51
13.0491800308,80.2071533203,68165,68193,28
13.0491104126,80.2071914673,68193,68212,19
13.0491104126,80.2071990967,68212,69052,840
13.0491104126,80.2071990967,69052,69062,10
13.0491399765,80.20728302,69062,69082,20
13.0491600037,80.2073364258,69082,69203,121
13.0491600037,80.2073364258,69203,69213,10
13.0491504669,80.2074127197,69213,69223,10
13.0489997864,80.2071228027,69223,69233,10
13.0484399796,80.2065429688,69233,69243,10
13.0489301682,80.2068023682,69243,69253,10
13.0489196777,80.2071609497,69253,69263,10
13.0489702225,80.2073135376,69263,69274,11
13.0489397049,80.2076187134,69274,69284,10
13.0489597321,80.2077102661,69284,69294,10
13.0488595963,80.2078018188,69294,69304,10
13.0486402512,80.2077102661,69304,69334,30
13.0486402512,80.2077102661,69334,69344,10
13.0492401123,80.2087936401,69344,69354,10
13.0493097305,80.2087020874,69354,69364,10
13.0493803024,80.2089004517,69364,69393,29
13.0493803024,80.2089004517,69393,69403,10
13.0494098663,80.2088775635,69403,69413,10
13.0494403839,80.2088775635,69413,69423,10
13.0494003296,80.2093429565,69423,69433,10
13.0494403839,80.2095031738,69433,69443,10
13.0494403839,80.2097167969,69443,69453,10
13.0495004654,80.2099914551,69453,69463,10
13.0495300293,80.2107315063,69463,69484,21
13.0495300293,80.2107315063,69484,69494,10
13.0500001907,80.2117614746,69494,69504,10
13.0499601364,80.2117614746,69504,69514,10
13.049779892,80.2115402222,69514,69524,10
13.049779892,80.2117614746,69524,69534,10
13.0498800278,80.2115783691,69534,69544,10
13.0499095917,80.2116775513,69544,69553,9
13.0498895645,80.2117996216,69553,69563,10
13.0498504639,80.2117462158,69563,69615,52
13.0498504639,80.2117462158,69615,69625,10
13.0498800278,80.2120895386,69625,69635,10
13.049779892,80.2122573853,69635,69645,10
13.0501203537,80.2118606567,69645,69665,20
13.0498600006,80.212097168,69665,69685,20
13.0495595932,80.2122421265,69685,69786,101
13.0493097305,80.2124862671,69786,69817,31
13.0493097305,80.2124862671,69817,69827,10
13.0491895676,80.2122192383,69827,69837,10
13.048740387,80.2122879028,69837,69847,10
13.0481004715,80.2122268677,69847,69857,10
13.0472602844,80.2122192383,69857,69867,10
13.0463600159,80.212348938,69867,69877,10
13.0453996658,80.212348938,69877,69887,10
13.0447702408,80.212348938,69887,69897,10
13.0443000793,80.2123184204,69897,69907,10
13.0441198349,80.2120666504,69907,69917,10
13.0441503525,80.2111434937,69917,69928,11
13.0440998077,80.2101287842,69928,69938,10
13.0439796448,80.2092819214,69938,69948,10
13.0439996719,80.2088317871,69948,69968,20
13.0439996719,80.2088317871,69968,69978,10
13.0440196991,80.2083435059,69978,69988,10
13.0438404083,80.2074813843,69988,69998,10
13.0434303284,80.2067489624,69998,70008,10
13.0428800583,80.2060089111,70008,70018,10
13.0423202515,80.2054672241,70018,70034,16
13.0417299271,80.2052993774,70034,70047,13
13.041469574,80.2052612305,70047,70057,10
13.0412397385,80.2052230835,70057,70067,10
13.0408096313,80.2051696777,70067,70077,10
13.0405197144,80.2050323486,70077,70087,10
13.0405197144,80.2050323486,70087,70097,10
13.0399599075,80.2049407959,70097,70107,10
13.0393600464,80.2048416138,70107,70117,10
13.0386600494,80.2047195435,70117,70127,10
13.0380802155,80.2046203613,70127,70137,10
13.0381202698,80.204208374,70137,70148,11
13.0382299423,80.2034835815,70148,70158,10
13.0382995605,80.2028427124,70158,70167,9
13.0383300781,80.2026901245,70167,70177,10
13.0383901596,80.2023391724,70177,70188,11
13.0384597778,80.2017669678,70188,70198,10
13.0385103226,80.2013778687,70198,70208,10
13.0385599136,80.2009429932,70208,70218,10
13.0386295319,80.2003631592,70218,70228,10
13.0387201309,80.199798584,70228,70238,10
13.0388298035,80.1990814209,70238,70248,10
13.0389299393,80.1983795166,70248,70259,11
13.0390701294,80.197593689,70259,70269,10
13.0391397476,80.1970367432,70269,70279,10
13.0391702652,80.196762085,70279,70289,10
13.0391798019,80.1967163086,70289,70299,10
13.0392198563,80.1963195801,70299,70309,10
13.0393295288,80.1957473755,70309,70319,10
13.039440155,80.1949386597,70319,70329,10
13.0395698547,80.194190979,70329,70339,10
13.0396795273,80.1933822632,70339,70349,10
13.0397195816,80.1930236816,70349,70360,11
13.0397195816,80.1929626465,70360,70369,9
13.0394201279,80.1928787231,70369,70380,11
13.0386104584,80.1927566528,70380,70400,20
13.0386104584,80.1927566528,70400,70410,10
13.0383996964,80.1927337646,70410,70420,10
13.0379295349,80.1927185059,70420,70430,10
13.0375204086,80.1931762695,70430,70440,10
13.0374002457,80.1940689087,70440,70450,10
13.0372400284,80.1950683594,70450,70460,10
13.0371398926,80.1957015991,70460,70471,11
13.0371198654,80.1958694458,70471,70481,10
13.0370998383,80.1960525513,70481,70491,10
13.0369997025,80.1965637207,70491,70501,10
13.0368900299,80.1973724365,70501,70511,10
13.0367603302,80.1982269287,70511,70527,16
13.0367298126,80.1985321045,70527,70539,12
13.0366802216,80.1987991333,70539,70547,8
13.0366001129,80.199256897,70547,70559,12
13.0364599228,80.2002716064,70559,70569,10
13.0363397598,80.2010574341,70569,70579,10
13.0362701416,80.2015533447,70579,70589,10
13.0362596512,80.2016601563,70589,70600,11
13.0362195969,80.2018585205,70600,70610,10
13.0361204147,80.2024612427,70610,70620,10
13.0360002518,80.2033081055,70620,70630,10
13.0358800888,80.2041625977,70630,70640,10
13.0358295441,80.2046813965,70640,70650,10
13.0357398987,80.2054367065,70650,70660,10
13.03565979,80.2060928345,70660,70670,10
13.0356197357,80.206413269,70670,70680,10
13.0355300903,80.2070770264,70680,70691,11
13.0354003906,80.2080993652,70691,70701,10
13.0353403091,80.2085800171,70701,70711,10
13.0353403091,80.2087020874,70711,70721,10
13.035320282,80.2089691162,70721,70731,10
13.035200119,80.2096176147,70731,70741,10
13.0351200104,80.2102584839,70741,70751,10
13.0349302292,80.2107391357,70751,70761,10
13.0347900391,80.21144104,70761,70771,10
13.0345697403,80.2122421265,70771,70781,10
13.0338697433,80.2121124268,70781,70791,10
13.0330200195,80.2119827271,70791,70802,11
13.0324602127,80.2117996216,70802,70812,10
13.0322999954,80.2117385864,70812,70822,10
13.0318498611,80.2115478516,70822,70832,10
13.0319004059,80.2108764648,70832,70842,10
13.0320301056,80.2100601196,70842,70852,10
13.031920433,80.209487915,70852,70862,10
13.0312900543,80.209312439,70862,70872,10
13.030579567,80.2091522217,70872,70882,10
13.0304498672,80.2091064453,70882,70892,10
13.0303001404,80.2090301514,70892,70908,16
13.0299797058,80.2093200684,70908,70931,23
13.0299797058,80.2093200684,70931,70941,10
13.0298995972,80.2096176147,70941,70951,10
13.030380249,80.2098083496,70951,70961,10
13.0308799744,80.2099761963,70961,70971,10
13.0309400558,80.2101974487,70971,70981,10
13.0308904648,80.2106323242,70981,70991,10
13.0308198929,80.2111282349,70991,71001,10
13.0307703018,80.2114028931,71001,71010,9
13.0307397842,80.2116699219,71010,71022,12
13.030670166,80.2121200562,71022,71031,9
13.0305595398,80.2126998901,71031,71042,11
13.0304403305,80.2132797241,71042,71052,10
13.030380249,80.2135925293,71052,71062,10
13.0303497314,80.2138824463,71062,71072,10
13.0302696228,80.2144775391,71072,71082,10
13.0302801132,80.2146606445,71082,71092,10
13.0302801132,80.2148284912,71092,71102,10
13.0303096771,80.2154006958,71102,71112,10
13.0303602219,80.2160797119,71112,71123,11
13.0306301117,80.2168426514,71123,71143,20
13.0306301117,80.2168426514,71143,71153,10
13.0309801102,80.2168807983,71153,71163,10
13.03125,80.2168884277,71163,71173,10
13.0313997269,80.217010498,71173,71183,10
13.0314598083,80.2175598145,71183,71193,10
13.031539917,80.218170166,71193,71203,10
13.0321702957,80.2184066772,71203,71213,10
13.0321798325,80.2188034058,71213,71223,10
13.0321598053,80.2194671631,71223,71234,11
13.0321598053,80.2199401855,71234,71244,10
13.0321702957,80.2201766968,71244,71254,10
13.0321502686,80.2202224731,71254,71264,10
13.0320396423,80.2206573486,71264,71274,10
13.0318698883,80.2213363647,71274,71284,10
13.0316095352,80.2218704224,71284,71294,10
13.0313796997,80.2223434448,71294,71304,10
13.0311498642,80.2229232788,71304,71314,10
13.0311002731,80.2234573364,71314,71324,10
13.0311002731,80.2238006592,71324,71334,10
13.0311002731,80.2240219116,71334,71351,17
13.03028965,80.2241668701,71351,71363,12
13.029540062,80.2241363525,71363,71373,10
13.0291004181,80.2241210938,71373,71381,8
13.0290699005,80.2241210938,71381,71393,12
13.0287599564,80.2239379883,71393,71403,10
13.0284004211,80.2241287231,71403,71413,10
13.0282201767,80.2249221802,71413,71423,10
13.0280399323,80.2258300781,71423,71433,10
13.027879715,80.2265396118,71433,71443,10
13.0278902054,80.2268218994,71443,71454,11
13.0281600952,80.2270202637,71454,71464,10
13.0286397934,80.2271499634,71464,71474,10
13.0293598175,80.2272415161,71474,71484,10
13.0300502777,80.2273406982,71484,71494,10
13.030380249,80.2274932861,71494,71504,10
13.0303401947,80.2278671265,71504,71514,10
13.0303001404,80.2284011841,71514,71524,10
13.0302495956,80.2288970947,71524,71534,10
13.0303001404,80.2293701172,71534,71544,10
13.0305204391,80.2297973633,71544,71554,10
13.0306301117,80.2303009033,71554,71565,11
13.0306396484,80.2306137085,71565,71575,10
13.0304002762,80.230682373,71575,71585,10
13.0298500061,80.2306976318,71585,71615,30
13.0298500061,80.2306976318,71615,71625,10
13.0296802521,80.230682373,71625,71635,10
13.0293598175,80.23072052,71635,71645,10
13.028840065,80.2307662964,71645,71655,10
13.0282402039,80.2308425903,71655,71665,10
13.0277395248,80.2308807373,71665,71676,11
13.0275697708,80.2310562134,71676,71889,213
13.0237102509,80.2280197144,71889,71901,12
13.0233697891,80.2276992798,71901,71913,12
13.0230102539,80.2272796631,71913,71922,9
13.0224599838,80.2268218994,71922,71934,12
13.0214796066,80.2260284424,71934,71944,10
13.020819664,80.2255096436,71944,71952,8
13.0198802948,80.2248916626,71952,71964,12
13.0186901093,80.2245635986,71964,71974,10
13.0174598694,80.2250595093,71974,71984,10
13.0165300369,80.2254562378,71984,71994,10
13.0161399841,80.2256088257,71994,72005,11
13.0155000687,80.2257919312,72005,72015,10
13.0147600174,80.2261123657,72015,72025,10
13.0143299103,80.2263183594,72025,72035,10
13.0143098831,80.226348877,72035,72045,10
13.0138502121,80.2265167236,72045,72055,10
13.0131196976,80.2267913818,72055,72065,10
13.0122003555,80.227142334,72065,72075,10
13.0111999512,80.2275390625,72075,72085,10
13.0101900101,80.2279281616,72085,72095,10
13.0092802048,80.2283630371,72095,72105,10
13.0089597702,80.2293014526,72105,72115,10
13.0087299347,80.2304534912,72115,72126,11
13.0084695816,80.2317962646,72126,72136,10
13.0082702637,80.2329330444,72136,72146,10
13.0082197189,80.2334976196,72146,72156,10
13.0081996918,80.2335205078,72156,72165,9
13.0081501007,80.2337417603,72165,72176,11
13.0080299377,80.2342224121,72176,72186,10
13.0078697205,80.2350387573,72186,72196,10
13.0076599121,80.2360305786,72196,72206,10
13.0074396133,80.2371826172,72206,72216,10
13.007229805,80.238319397,72216,72227,11
13.0070199966,80.239402771,72227,72237,10
13.0068902969,80.240196228,72237,72327,90
13.0068902969,80.240196228,72327,72338,11
13.0069599152,80.2404632568,72338,72348,10
13.0068702698,80.2407684326,72348,72358,10
13.0068101883,80.2408370972,72358,72368,10
13.0067300797,80.2413024902,72368,72378,10
13.0066795349,80.2420501709,72378,72388,10
13.006649971,80.2427978516,72388,72398,10
13.0066299438,80.2434997559,72398,72408,10
13.0066204071,80.2441329956,72408,72418,10
13.0066099167,80.2446975708,72418,72428,10
13.0066003799,80.2454833984,72428,72438,10
13.0066404343,80.2462921143,72438,72448,10
13.0066604614,80.2468032837,72448,72459,11
13.0066699982,80.2468719482,72459,72469,10
13.0066604614,80.247177124,72469,72479,10
13.0066604614,80.2477264404,72479,72489,10
13.0066795349,80.2484893799,72489,72499,10
13.0067195892,80.2492218018,72499,72509,10
13.0067396164,80.2501220703,72509,72519,10
13.0067501068,80.2510910034,72519,72529,10
13.0067396164,80.251411438,72529,72539,10
13.0066995621,80.2516021729,72539,72549,10
13.0065803528,80.252166748,72549,72560,11
13.0065002441,80.253036499,72560,72570,10
13.0065097809,80.2538375854,72570,72580,10
13.0065603256,80.2547073364,72580,72590,10
13.0065603256,80.2548675537,72590,72600,10
13.0065402985,80.2549209595,72600,72610,10
13.0065202713,80.2553100586,72610,72620,10
13.0065202713,80.256072998,72620,72630,10
13.0065498352,80.2568664551,72630,72640,10
13.0066204071,80.2574615479,72640,72650,10
13.0060501099,80.2575531006,72650,72661,11
13.0054197311,80.2573928833,72661,72671,10
13.00481987,80.257232666,72671,72681,10
13.0040798187,80.2570877075,72681,72691,10
13.003279686,80.2569198608,72691,72701,10
13.0026197433,80.2567901611,72701,72711,10
13.0018396378,80.256652832,72711,72721,10
13.0010204315,80.2565383911,72721,72731,10
12.9999904633,80.256401062,72731,72751,20
12.9999904633,80.256401062,72751,72761,10
12.9994297028,80.2562789917,72761,72782,21
12.9994297028,80.2562789917,72782,72792,10
12.9993896484,80.2562789917,72792,72802,10
12.9989004135,80.2561569214,72802,72812,10
12.9981203079,80.2560424805,72812,72822,10
12.9973297119,80.2559585571,72822,72832,10
12.9968595505,80.2561035156,72832,72842,10
12.9967899323,80.2566986084,72842,72852,10
12.9967803955,80.2570266724,72852,72862,10
12.9968204498,80.2570800781,72862,72872,10
12.9967699051,80.2574234009,72872,72883,11
12.9966802597,80.258102417,72883,72893,10
12.9965801239,80.2588500977,72893,72903,10
12.9964799881,80.2595825195,72903,72913,10
12.9963998795,80.2601928711,72913,72923,10
12.996339798,80.2609405518,72923,72933,10
12.9962797165,80.2616119385,72933,72943,10
12.996219635,80.2621765137,72943,72953,10
12.9961595535,80.2624588013,72953,72963,10
12.9961500168,80.2624664307,72963,72973,10
12.9960899353,80.2628097534,72973,72983,10
12.996049881,80.263381958,72983,72994,11
12.9959897995,80.2641372681,72994,73004,10
12.9959001541,80.2648925781,73004,73014,10
12.9958496094,80.2657318115,73014,73024,10
12.9958696365,80.2658996582,73024,73034,10
12.9957895279,80.2662811279,73034,73044,10
12.9957199097,80.2670516968,73044,73054,10
12.9956197739,80.2681808472,73054,73064,10
12.9958400726,80.2677307129,73064,73074,10
12.9963197708,80.2675476074,73074,73084,10
12.9961996078,80.2675628662,73084,73095,11
12.9963302612,80.2677536011,73095,73105,10
12.9968204498,80.2678070068,73105,73115,10
12.9974803925,80.2677536011,73115,73125,10
12.9982500076,80.2674179077,73125,73135,10
12.9990100861,80.2671890259,73135,73145,10
12.9998197556,80.2669067383,73145,73155,10
13.0000200272,80.2667007446,73155,73165,10
13.0000696182,80.2665863037,73165,73175,10
13.0001497269,80.2660598755,73175,73185,10
13.0002698898,80.2657623291,73185,73195,10
13.0001897812,80.2662811279,73195,73256,61
13.0001897812,80.2662811279,73256,73266,10
13.0002202988,80.2666015625,73266,73276,10
13.0000295639,80.2668991089,73276,73286,10
12.9998703003,80.266960144,73286,73296,10
12.9995603561,80.2670211792,73296,73306,10
12.9989900589,80.2671890259,73306,73317,11
12.9986600876,80.2672805786,73317,73327,10
12.9984903336,80.2673416138,73327,73337,10
12.998000145,80.2674636841,73337,73347,10
12.997300148,80.2676773071,73347,73357,10
12.9962501526,80.2677764893,73357,73387,30
12.9962501526,80.2677764893,73387,73397,10
12.9959001541,80.2677307129,73397,73407,10
12.9956598282,80.2677230835,73407,73417,10
12.9956197739,80.2677230835,73417,73428,11
12.9956102371,80.2675018311,73428,73448,20
12.9956102371,80.2675018311,73448,73458,10
12.9955997467,80.2674331665,73458,73468,10
12.9956502914,80.2670822144,73468,73478,10
12.9957304001,80.2664489746,73478,73488,10
12.9958095551,80.2656097412,73488,73498,10
12.9959096909,80.2646789551,73498,73508,10
12.9960298538,80.2637786865,73508,73518,10
12.9961395264,80.2626800537,73518,73539,21
12.9961395264,80.2626800537,73539,73549,10
12.9961996078,80.2623214722,73549,73559,10
12.9962596893,80.2618408203,73559,73569,10
12.9963302612,80.2612075806,73569,73579,10
12.9963998795,80.2604217529,73579,73588,9
12.9964504242,80.2597198486,73588,73599,11
12.996509552,80.258972168,73599,73609,10
12.9965896606,80.2580795288,73609,73619,10
12.9967403412,80.2570037842,73619,73690,71
12.9967403412,80.2570037842,73690,73700,10
12.9967298508,80.256942749,73700,73710,10
12.9967603683,80.256729126,73710,73720,10
12.9967603683,80.2564926147,73720,73730,10
12.9968395233,80.2559661865,73730,73740,10
12.9973297119,80.255859375,73740,73751,11
12.998550415,80.2560577393,73751,73784,33
12.998550415,80.2560577393,73784,73794,10
12.9986696243,80.2560806274,73794,73804,10
12.9989404678,80.2561035156,73804,73814,10
12.9991798401,80.2561264038,73814,73854,40
12.9991798401,80.2561264038,73854,73865,11
12.9994697571,80.2562026978,73865,73874,9
12.9999399185,80.2563095093,73874,73885,11
13.0006799698,80.2564315796,73885,73895,10
13.0012798309,80.2565078735,73895,73905,10
13.0016403198,80.2565612793,73905,73914,9
13.0021896362,80.2566375732,73914,73925,11
13.0029602051,80.2568130493,73925,73934,9
13.0035800934,80.256942749,73934,73944,10
13.0042800903,80.2570495605,73944,73955,11
13.0050897598,80.2572021484,73955,73966,11
13.005610466,80.25730896,73966,73976,10
13.0060300827,80.2573623657,73976,73986,10
13.0064601898,80.2573471069,73986,73996,10
13.0064496994,80.2569122314,73996,74006,10
13.0064401627,80.2561264038,74006,74016,10
13.0064601898,80.2552490234,74016,74026,10
13.0064601898,80.2544708252,74026,74036,10
13.0064296722,80.2538986206,74036,74046,10
13.0064401627,80.2533493042,74046,74056,10
13.0064401627,80.2533187866,74056,74066,10
13.0064601898,80.2531509399,74066,74077,11
13.0064401627,80.2526626587,74077,74137,60
13.0064401627,80.2526626587,74137,74147,10
13.0064401627,80.2526092529,74147,74157,10
13.0065202713,80.2522201538,74157,74167,10
13.006649971,80.2516403198,74167,74177,10
13.0066795349,80.2508010864,74177,74188,11
13.0066795349,80.2499084473,74188,74197,9
13.0066795349,80.2493667603,74197,74208,11
13.0066204071,80.2482910156,74208,74228,20
13.0066204071,80.2482910156,74228,74238,10
13.0065898895,80.2479324341,74238,74248,10
13.0065898895,80.2473983765,74248,74258,10
13.0065898895,80.2469482422,74258,74268,10
13.0065803528,80.2469024658,74268,74278,10
13.0065603256,80.2468414307,74278,74288,10
13.006529808,80.24659729,74288,74299,11
13.0065498352,80.2464981079,74299,74309,10
13.0065603256,80.2460632324,74309,74319,10
13.0065603256,80.2453918457,74319,74329,10
13.0065803528,80.244720459,74329,74339,10
13.0065603256,80.2440414429,74339,74349,10
13.006529808,80.2434997559,74349,74359,10
13.0065202713,80.2428665161,74359,74369,10
13.0065498352,80.2421035767,74369,74379,10
13.0065202713,80.2416992188,74379,74389,10
13.006529808,80.2415008545,74389,74399,10
13.0065603256,80.2409973145,74399,74410,11
13.0066204071,80.2406311035,74410,74420,10
13.0066404343,80.2405090332,74420,74430,10
13.0066995621,80.2400970459,74430,74440,10
13.0068597794,80.2394104004,74440,74450,10
13.0070199966,80.2386398315,74450,74460,10
13.0071697235,80.237953186,74460,74470,10
13.0073003769,80.2372894287,74470,74480,10
13.0073204041,80.2369766235,74480,74490,10
13.0073204041,80.2369232178,74490,74500,10
13.0074100494,80.2365875244,74500,74511,11
13.0075702667,80.2359924316,74511,74521,10
13.0077400208,80.2352523804,74521,74531,10
13.0079202652,80.2344207764,74531,74541,10
13.008099556,80.2334365845,74541,74551,10
13.0083198547,80.2323303223,74551,74561,10
13.0085201263,80.2312088013,74561,74571,10
13.0087499619,80.230140686,74571,74581,10
13.0089702606,80.2290725708,74581,74591,10
13.0092201233,80.2280426025,74591,74601,10
13.0096702576,80.2270431519,74601,74611,10
13.0101299286,80.226020813,74611,74622,11
13.0106697083,80.2249298096,74622,74632,10
13.0110702515,80.223991394,74632,74642,10
13.0114402771,80.2230911255,74642,74652,10
13.011759758,80.2222366333,74652,74662,10
13.012140274,80.2215805054,74662,74672,10
13.0125303268,80.2219085693,74672,74682,10
13.0129203796,80.2225570679,74682,74692,10
13.0135803223,80.22315979,74692,74702,10
13.0142297745,80.2239227295,74702,74712,10
13.0148601532,80.224609375,74712,74722,10
13.0153398514,80.2249603271,74722,74753,31
13.0153398514,80.2249603271,74753,74763,10
13.0154800415,80.2250213623,74763,74773,10
13.0158700943,80.2252807617,74773,74783,10
13.0166101456,80.2252731323,74783,74793,10
13.0174999237,80.2249298096,74793,74803,10
13.0184402466,80.2245483398,74803,74813,10
13.0191898346,80.2243423462,74813,74844,31
13.0191898346,80.2243423462,74844,74854,10
13.0193004608,80.224357605,74854,74864,10
13.0195999146,80.2245101929,74864,74874,10
13.0199604034,80.2248001099,74874,74884,10
13.0204896927,80.225189209,74884,74894,10
13.0210800171,80.2256317139,74894,74904,10
13.0217199326,80.2261123657,74904,74914,10
13.0223903656,80.2266464233,74914,74924,10
13.0230197906,80.2272262573,74924,74934,10
13.0237398148,80.2279205322,74934,74945,11
13.0243997574,80.2286834717,74945,74955,10
13.0252504349,80.2297592163,74955,74975,20
13.0252504349,80.2297592163,74975,74985,10
13.0253896713,80.2299728394,74985,74995,10
13.0256595612,80.2304534912,74995,75005,10
13.0258998871,80.2311630249,75005,75015,10
13.0261001587,80.2313995361,75015,75025,10
13.0266103745,80.231262207,75025,75035,10
13.0273504257,80.231086731,75035,75045,10
13.0284004211,80.2309494019,75045,75066,21
13.0284004211,80.2309494019,75066,75076,10
13.028670311,80.2309112549,75076,75086,10
13.0291996002,80.2308578491,75086,75096,10
13.0296001434,80.2308273315,75096,75106,10
13.0301704407,80.2307891846,75106,75116,10
13.0305995941,80.2307434082,75116,75126,10
13.0305900574,80.23046875,75126,75136,10
13.0304803848,80.2300186157,75136,75146,10
13.0302000046,80.2292480469,75146,75155,9
13.0302400589,80.2286300659,75155,75166,11
13.0302801132,80.2284088135,75166,75177,11
13.0303201675,80.2281723022,75177,75187,10
13.0303401947,80.2278594971,75187,75197,10
13.0302000046,80.2275466919,75197,75207,10
13.0296001434,80.2274475098,75207,75217,10
13.0288696289,80.2273330688,75217,75227,10
13.0286197662,80.2272567749,75227,75237,10
13.0284700394,80.2272109985,75237,75247,10
13.0279998779,80.2271194458,75247,75257,10
13.0278100967,80.2269210815,75257,75267,10
13.027879715,80.2264404297,75267,75278,11
13.0280399323,80.2257232666,75278,75288,10
13.0282001495,80.2249221802,75288,75304,16
13.0286302567,80.2240905762,75304,75326,22
13.0286302567,80.2240905762,75326,75336,10
13.0287103653,80.2240982056,75336,75346,10
13.0289497375,80.2242889404,75346,75356,10
13.0295495987,80.224357605,75356,75366,10
13.0301799774,80.2243423462,75366,75376,10
13.0308599472,80.2243423462,75376,75387,11
13.0310602188,80.2239837646,75387,75396,9
13.031129837,80.2232131958,75396,75427,31
13.031129837,80.2232131958,75427,75437,10
13.0311803818,80.2228317261,75437,75447,10
13.0314798355,80.222366333,75447,75457,10
13.0317697525,80.2218017578,75457,75467,10
13.0319595337,80.2212219238,75467,75477,10
13.0321102142,80.2205581665,75477,75487,10
13.032119751,80.219833374,75487,75528,41
13.032119751,80.219833374,75528,75538,10
13.0321903229,80.2196731567,75538,75548,10
13.0321998596,80.2191696167,75548,75558,10
13.0319900513,80.2185821533,75558,75568,10
13.0314502716,80.2183380127,75568,75578,10
13.0313997269,80.217628479,75578,75588,10
13.0313396454,80.2171936035,75588,75598,10
13.0311498642,80.217048645,75598,75609,11
13.0307397842,80.2170028687,75609,75619,10
13.0304098129,80.2167510986,75619,75639,20
13.0304098129,80.2167510986,75639,75649,10
13.0304098129,80.2163619995,75649,75659,10
13.030380249,80.2158203125,75659,75669,10
13.0303401947,80.2151031494,75669,75679,10
13.0303297043,80.2146072388,75679,75689,10
13.0303096771,80.2146072388,75689,75699,10
13.0303401947,80.2145767212,75699,75710,11
13.0303897858,80.2141189575,75710,75720,10
13.0304403305,80.2137298584,75720,75730,10
13.0305099487,80.2135314941,75730,75740,10
13.030579567,80.2133865356,75740,75750,10
13.0305995941,80.2133789063,75750,75760,10
13.0308198929,80.2115936279,75760,75770,10
13.0308103561,80.2111663818,75770,75779,9
13.0308599472,80.2110366821,75779,75789,10
13.0310697556,80.2108917236,75789,75811,22
13.0310697556,80.2108917236,75811,75821,10
13.0304803848,80.2099380493,75821,75831,10
13.0299100876,80.2098007202,75831,75841,10
13.0300197601,80.2093734741,75841,75851,10
13.0302696228,80.2090072632,75851,75901,50
13.0302696228,80.2090072632,75901,75911,10
13.0295495987,80.210319519,75911,75921,10
13.0304603577,80.2091522217,75921,75932,11
13.0312404633,80.2093887329,75932,75942,10
13.0319595337,80.2095031738,75942,75952,10
13.0327396393,80.2096328735,75952,75992,40
13.0327396393,80.2096328735,75992,76002,10
13.0339202881,80.2100219727,76002,76012,10
13.0348997116,80.2101898193,76012,76021,9
13.0355901718,80.2101898193,76021,76033,12
13.0352897644,80.2090911865,76033,76043,10
13.0355796814,80.208366394,76043,76053,10
13.0351696014,80.2088775635,76053,76073,20
13.0351696014,80.2088775635,76073,76083,10
13.0353603363,80.2075424194,76083,76093,10
13.0354700089,80.2069168091,76093,76103,10
13.0355501175,80.2062225342,76103,76113,10
13.0354003906,80.205947876,76113,76123,10
13.0354299545,80.2058029175,76123,76174,51
13.0354299545,80.2058029175,76174,76184,10
13.0354299545,80.2054977417,76184,76194,10
13.035610199,80.2053375244,76194,76204,10
13.0357303619,80.2051696777,76204,76214,10
13.035779953,80.2045898438,76214,76224,10
13.0358695984,80.2037582397,76224,76235,11
13.0357999802,80.2024002075,76235,76255,20
13.0357999802,80.2024002075,76255,76265,10
13.0363197327,80.2015914917,76265,76275,10
13.0362901688,80.2015991211,76275,76285,10
13.0362796783,80.2011032104,76285,76295,10
13.0363998413,80.2005462646,76295,76305,10
13.036239624,80.1996307373,76305,76315,10
13.0365800858,80.1988220215,76315,76325,10
13.0367002487,80.1985015869,76325,76335,10
13.0366802216,80.1986083984,76335,76345,10
13.0367202759,80.1981735229,76345,76355,10
13.0367803574,80.1976623535,76355,76366,11
13.0369100571,80.1967926025,76366,76376,10
13.0369901657,80.1964111328,76376,76386,10
13.0369997025,80.1964416504,76386,76396,10
13.0370397568,80.1961288452,76396,76406,10
13.0371198654,80.1955108643,76406,76416,10
13.0372600555,80.1946868896,76416,76425,9
13.0373897552,80.1938018799,76425,76436,11
13.0376300812,80.1928710938,76436,76446,10
13.0382795334,80.1928634644,76446,76456,10
13.0385799408,80.1929321289,76456,76466,10
13.0386400223,80.1929397583,76466,76477,11
13.039059639,80.1929779053,76477,76487,10
13.0396003723,80.1930923462,76487,76497,10
13.0402002335,80.1931762695,76497,76507,10
13.0408096313,80.1932525635,76507,76517,10
13.0413599014,80.1933288574,76517,76527,10
13.0417003632,80.1934585571,76527,76537,10
13.0416898727,80.1938705444,76537,76547,10
13.041680336,80.193901062,76547,76557,10
13.0416402817,80.194190979,76557,76567,10
13.0415697098,80.1947402954,76567,76578,11
13.0414600372,80.1955108643,76578,76588,10
13.0414199829,80.1961212158,76588,76598,10
13.0412998199,80.196762085,76598,76608,10
13.0413103104,80.1968078613,76608,76618,10
13.0412397385,80.1970977783,76618,76628,10
13.0411596298,80.1977920532,76628,76638,10
13.0410900116,80.1984863281,76638,76648,10
13.0409603119,80.199180603,76648,76658,10
13.0409002304,80.1996536255,76658,76668,10
13.0408496857,80.199760437,76668,76678,10
13.0408000946,80.2003097534,76678,76689,11
13.0406599045,80.2011413574,76689,76699,10
13.0405397415,80.2019424438,76699,76709,10
13.0402803421,80.2022399902,76709,76719,10
13.0403404236,80.2027511597,76719,76729,10
13.0402603149,80.2036972046,76729,76739,10
13.0401601791,80.2045669556,76739,76749,10
13.0401096344,80.205078125,76749,76759,10
13.040309906,80.2051696777,76759,76769,10
13.0408201218,80.2052230835,76769,76779,10
13.0411500931,80.2052688599,76779,76789,10
13.0413599014,80.2052536011,76789,76800,11
13.0420598984,80.2053909302,76800,76810,10
13.0426197052,80.2056274414,76810,76820,10
13.0429296494,80.2062530518,76820,76830,10
13.043510437,80.2070388794,76830,76840,10
13.0439596176,80.2078323364,76840,76849,9
13.0440797806,80.2085494995,76849,76860,11
13.0440998077,80.2091598511,76860,76870,10
13.0441102982,80.2091598511,76870,76880,10
13.0440998077,80.2092895508,76880,76890,10
13.044090271,80.2097167969,76890,76901,11
13.0441398621,80.2105484009,76901,76910,9
13.0441703796,80.2114105225,76910,76921,11
13.0442695618,80.212348938,76921,76931,10
13.0448198318,80.2123718262,76931,76941,10
13.0456199646,80.2123031616,76941,76951,10
13.0464601517,80.2122573853,76951,76961,10
13.0469398499,80.2122268677,76961,76971,10
13.046959877,80.2122192383,76971,76981,10
13.0470504761,80.2121429443,76981,77001,20
13.0470504761,80.2121429443,77001,77012,11
13.0469999313,80.2119216919,77012,77022,10
13.0469799042,80.2118682861,77022,77032,10
13.046959877,80.2114334106,77032,77042,10
13.0469398499,80.2109222412,77042,77052,10
13.0472402573,80.2108001709,77052,77062,10
13.0477800369,80.2108001709,77062,77072,10
13.0484104156,80.2108230591,77072,77082,10
13.0491600037,80.2108535767,77082,77092,10
13.0495901108,80.2108612061,77092,77102,10
13.0496397018,80.2105712891,77102,77112,10
13.0495500565,80.2098999023,77112,77122,10
13.0495100021,80.2097702026,77122,77133,11
13.0494804382,80.2094497681,77133,77143,10
13.0494604111,80.2090606689,77143,77153,10
13.0493402481,80.2085418701,77153,77163,10
13.0491304398,80.2080001831,77163,77173,10
13.0489797592,80.2075424194,77173,77182,9
13.0487203598,80.2070617676,77182,77223,41
13.0487203598,80.2070617676,77223,77234,11
13.0488700867,80.2070007324,77234,77244,10
13.0491695404,80.2069168091,77244,77254,10
13.0495595932,80.2069320679,77254,77264,10
13.0493001938,80.2068634033,77264,77274,10
13.0492200851,80.2072372437,77274,77284,10
13.0491104126,80.2073516846,77284,78839,1555
13.0491104126,80.2073516846,78839,78848,9
13.0445203781,80.2122497559,78848,78858,10
13.0444698334,80.2123031616,78858,78869,11
13.044380188,80.2122802734,78869,78879,10
13.044210434,80.2119979858,78879,78889,10
13.0437803268,80.2112121582,78889,78909,20
13.0437803268,80.2112121582,78909,78919,10
13.044090271,80.2094497681,78919,78929,10
13.0440397263,80.208770752,78929,78949,20
13.0440397263,80.208770752,78949,78959,10
13.0441999435,80.2086334229,78959,78969,10
13.0443601608,80.208152771,78969,78980,11
13.0436201096,80.2073364258,78980,78990,10
13.0432195663,80.2065124512,78990,79000,10
13.0427904129,80.2058029175,79000,79010,10
13.042090416,80.2053070068,79010,79026,16
13.0409297943,80.2051086426,79026,79038,12
13.0408000946,80.2051010132,79038,79048,10
13.0406999588,80.2050476074,79048,79058,10
13.0403003693,80.2050094604,79058,79068,10
13.0398302078,80.2049484253,79068,79078,10
13.0391702652,80.2048187256,79078,79089,11
13.0383796692,80.2047195435,79089,79099,10
13.0381498337,80.2044677734,79099,79108,9
13.0382204056,80.2039337158,79108,79119,11
13.0382900238,80.2031784058,79119,79129,10
13.038359642,80.2025375366,79129,79138,9
13.0384397507,80.2019500732,79138,79149,11
13.0384502411,80.2018203735,79149,79159,10
13.0385103226,80.2015609741,79159,79169,10
13.0385799408,80.2012710571,79169,79179,10
13.0386199951,80.2007980347,79179,79190,11
13.0387401581,80.2001266479,79190,79200,10
13.0388202667,80.1994400024,79200,79210,10
13.0389204025,80.1988372803,79210,79220,10
13.0389995575,80.1981735229,79220,79230,10
13.0391101837,80.197479248,79230,79240,10
13.0391798019,80.1969223022,79240,79250,10
13.0392103195,80.1967926025,79250,79260,10
13.0392303467,80.1967086792,79260,79270,10
13.0392599106,80.1963729858,79270,79280,10
13.0393400192,80.195892334,79280,79290,10
13.0394201279,80.1952362061,79290,79301,11
13.0395298004,80.1944732666,79301,79311,10
13.0396604538,80.1937484741,79311,79321,10
13.0397500992,80.1931686401,79321,79337,16
13.0396299362,80.1929626465,79337,79349,12
13.0391302109,80.1929321289,79349,79357,8
13.0387401581,80.1928405762,79357,79369,12
13.0386800766,80.192817688,79369,79379,10
13.0383501053,80.192779541,79379,79389,10
13.0378503799,80.1928100586,79389,79399,10
13.0375795364,80.193397522,79399,79409,10
13.0374698639,80.1941833496,79409,79420,11
13.037320137,80.1951599121,79420,79430,10
13.0372400284,80.1958236694,79430,79440,10
13.0372400284,80.1959381104,79440,79450,10
13.0371704102,80.1961517334,79450,79460,10
13.0370597839,80.1966934204,79460,79470,10
13.0369501114,80.1974411011,79470,79480,10
13.0368795395,80.1980361938,79480,79490,10
13.0368499756,80.1981201172,79490,79500,10
13.0368299484,80.1985168457,79500,79510,10
13.0368204117,80.1985931396,79510,79521,11
13.0367898941,80.1986236572,79521,79531,10
13.036740303,80.1989822388,79531,79541,10
13.0366096497,80.1996078491,79541,79551,10
13.0364999771,80.2004623413,79551,79561,10
13.036359787,80.2012634277,79561,79571,10
13.0363502502,80.2017593384,79571,79591,20
13.0363502502,80.2017593384,79591,79601,10
13.0362701416,80.2021789551,79601,79611,10
13.0361700058,80.2027816772,79611,79621,10
13.0360603333,80.2035522461,79621,79632,11
13.0359401703,80.2043762207,79632,79642,10
13.0356502533,80.2052993774,79642,79662,20
13.0356502533,80.2052993774,79662,79672,10
13.0356197357,80.2057876587,79672,79682,10
13.0355100632,80.2057876587,79682,79692,10
13.0355701447,80.2068786621,79692,79702,10
13.0352697372,80.2077331543,79702,79712,10
13.0352802277,80.2083892822,79712,79722,10
13.0350999832,80.208480835,79722,79733,11
13.0348997116,80.2085800171,79733,79743,10
13.0352201462,80.2094268799,79743,79753,10
13.0350599289,80.2101593018,79753,79763,10
13.0346899033,80.2107772827,79763,79773,10
13.0339803696,80.2116470337,79773,80066,293
13.0339803696,80.2116470337,80066,80076,10
13.0302095413,80.2154998779,80076,80086,10
13.0303297043,80.216217041,80086,80096,10
13.030579567,80.216796875,80096,80116,20
13.030579567,80.216796875,80116,80126,10
13.0309896469,80.2168121338,80126,80135,9
13.0312795639,80.2168426514,80135,80146,11
13.0314598083,80.2171173096,80146,80156,10
13.0315504074,80.2177581787,80156,80166,10
13.0317802429,80.2183303833,80166,80177,11
13.0329704285,80.2185592651,80177,80217,40
13.0329704285,80.2185592651,80217,80227,10
13.0320997238,80.2202377319,80227,80237,10
13.0321302414,80.2200927734,80237,80247,10
13.0318498611,80.2213973999,80247,80257,10
13.0314502716,80.2221221924,80257,80267,10
13.0311403275,80.2226409912,80267,80277,10
13.0310297012,80.2233963013,80277,80288,11
13.0309400558,80.2237472534,80288,80298,10
13.0308904648,80.2241287231,80298,80308,10
13.0302000046,80.2241210938,80308,80318,10
13.0293397903,80.2241897583,80318,80328,10
13.0289402008,80.2241210938,80328,80338,10
13.0288496017,80.2240524292,80338,80348,10
13.0285396576,80.2239608765,80348,80358,10
13.0283203125,80.2243499756,80358,80368,10
13.0281000137,80.2251205444,80368,80378,10
13.0279798508,80.2258682251,80378,80389,11
13.0277900696,80.2266921997,80389,80399,10
13.0276699066,80.2270889282,80399,80419,20
13.0276699066,80.2270889282,80419,80429,10
13.0296802521,80.2272872925,80429,80439,10
13.03028965,80.2273483276,80439,80449,10
13.0302696228,80.2275466919,80449,80459,10
13.0302200317,80.2282028198,80459,80469,10
13.0301799774,80.2285614014,80469,80479,10
13.0301599503,80.2289886475,80479,80489,10
13.030380249,80.2296218872,80489,80500,11
13.0305995941,80.2303390503,80500,80510,10
13.0306196213,80.2304077148,80510,80520,10
13.0306301117,80.2305908203,80520,80530,10
13.0305204391,80.230682373,80530,80540,10
13.0300798416,80.2306976318,80540,80550,10
13.0296897888,80.2307434082,80550,80560,10
13.0293798447,80.2307815552,80560,80570,10
13.0288295746,80.2307815552,80570,80580,10
13.0281496048,80.2308120728,80580,80590,10
13.0276403427,80.2308578491,80590,80600,10
13.0275602341,80.231300354,80600,80611,11
13.0276603699,80.2319564819,80611,80621,10
13.0277996063,80.2325820923,80621,80631,10
13.0274400711,80.2328491211,80631,80641,10
13.0269298553,80.2329025269,80641,80651,10
13.026599884,80.2329177856,80651,80863,212
13.026599884,80.2329177856,80863,80873,10
13.0178003311,80.2248382568,80873,80883,10
13.0168800354,80.2251586914,80883,80893,10
13.0158395767,80.2255783081,80893,80903,10
13.0133304596,80.2257537842,80903,80992,89
13.0133304596,80.2257537842,80992,81002,10
13.0089197159,80.2296218872,81002,81012,10
13.0087203979,80.2305908203,81012,81022,10
13.0085096359,80.2316894531,81022,81032,10
13.0081996918,80.2335205078,81032,81053,21
13.0081996918,80.2335205078,81053,81063,10
13.0080604553,80.233757019,81063,81073,10
13.0078697205,80.2343826294,81073,81083,10
13.0077199936,80.2353591919,81083,81093,10
13.007519722,80.2365036011,81093,81103,10
13.0073003769,80.2376785278,81103,81113,10
13.0070800781,80.2388687134,81113,81123,10
13.0069303513,80.2395706177,81123,81133,10
13.006770134,80.2401275635,81133,81143,10
13.0066204071,80.2407608032,81143,81154,11
13.0065898895,80.2416763306,81154,81184,30
13.0065898895,80.2416763306,81184,81194,10
13.0067996979,80.244720459,81194,81204,10
13.0066204071,80.2454223633,81204,81213,9
13.0066204071,80.2463378906,81213,81224,11
13.0067100525,80.247177124,81224,81234,10
13.0065498352,80.2480621338,81234,81244,10
13.0066995621,80.2489624023,81244,81255,11
13.0068101883,80.24949646,81255,81265,10
13.0068397522,80.2498703003,81265,81295,30
13.0068397522,80.2498703003,81295,81305,10
13.0064897537,80.2528915405,81305,81315,10
13.0065402985,80.2548980713,81315,81335,20
13.0065402985,80.2548980713,81335,81345,10
13.0065202713,80.255241394,81345,81355,10
13.0065498352,80.2559432983,81355,81365,10
13.0065498352,80.2567062378,81365,81376,11
13.0066995621,80.2573776245,81376,81386,10
13.0067300797,80.2574234009,81386,81396,10
13.0066604614,80.2573318481,81396,81416,20
13.0066604614,80.2573318481,81416,81426,10
13.0064601898,80.2574081421,81426,81436,10
13.0058803558,80.2574005127,81436,81446,10
13.0051603317,80.2572174072,81446,81456,10
13.0043497086,80.2570724487,81456,81466,10
13.0034999847,80.2568511963,81466,81476,10
13.0025596619,80.2566986084,81476,81487,11
13.0015497208,80.2565612793,81487,81497,10
13.0006303787,80.2564086914,81497,81507,10
13.0000696182,80.2563400269,81507,81517,10
13.0000600815,80.2563400269,81517,81527,10
12.9996795654,80.2562408447,81527,81537,10
12.9990196228,80.256111145,81537,81547,10
12.9982299805,80.2559814453,81547,81557,10
12.997420311,80.255897522,81557,81567,10
12.9968996048,80.2560119629,81567,81577,10
12.9968595505,80.256111145,81577,81587,10
12.9968204498,80.256362915,81587,81598,11
12.9967699051,80.2568817139,81598,81608,10
12.996720314,80.2576293945,81608,81618,10
12.9966201782,80.2585525513,81618,81628,10
12.9965200424,80.2592926025,81628,81638,10
12.9964504242,80.2599487305,81638,81648,10
12.9963903427,80.2609024048,81648,81658,10
12.9962902069,80.2618103027,81658,81668,10
12.9962100983,80.2623901367,81668,81679,11
12.9961204529,80.2631835938,81679,81698,19
12.9961204529,80.2631835938,81698,81709,11
12.9960603714,80.2640533447,81709,81719,10
12.9959402084,80.2649307251,81719,81729,10
12.9958400726,80.2659301758,81729,81739,10
12.9957304001,80.2669372559,81739,81749,10
12.9957199097,80.2676620483,81749,81759,10
12.9958696365,80.2679977417,81759,81769,10
12.9962396622,80.2676391602,81769,81779,10
12.9968900681,80.2676696777,81779,82272,493
12.9968900681,80.2676696777,82272,82282,10
13.0010204315,80.2576904297,82282,82292,10
13.0010795593,80.2568206787,82292,82302,10
13.0008401871,80.2563781738,82302,82312,10
13.000120163,80.2564315796,82312,82322,10
12.9991998672,80.2562866211,82322,82332,10
12.9986095428,80.256072998,82332,82342,10
12.9982204437,80.2558288574,82342,82353,11
12.9986400604,80.2558898926,82353,82363,10
12.9985799789,80.2559890747,82363,82373,10
12.9984102249,80.256072998,82373,82383,10
12.9981498718,80.2561416626,82383,82393,10
12.9981298447,80.256149292,82393,82403,10
12.9977502823,80.2562637329,82403,82413,10
12.9977197647,80.2564620972,82413,82423,10
12.9979095459,80.2569274902,82423,82504,81
12.9979095459,80.2569274902,82504,82514,10
12.9977397919,80.2564163208,82514,82534,20
12.9977397919,80.2564163208,82534,82544,10
12.9976797104,80.2565383911,82544,82554,10
12.9976596832,80.2565307617,82554,82564,10
12.9975996017,80.2566375732,82564,82575,11
12.9975700378,80.2569198608,82575,82585,10
12.9975795746,80.2570037842,82585,82595,10
12.9975404739,80.2571029663,82595,82605,10
