13.0141201019,80.2257003784,17,1477,1460
13.0141801834,80.2256317139,1477,1996,519
13.0142097473,80.2257232666,1996,3050,1054
13.0141801834,80.2256698608,3050,3739,689
13.0141296387,80.225730896,3739,6822,3083
13.0141897202,80.2256469727,6822,7258,436
13.0141897202,80.2256469727,7258,7268,10
13.0141401291,80.2256774902,7268,8464,1196
13.0142498016,80.2256622314,8464,8626,162
13.0140895844,80.2256088257,8626,9043,417
13.0140895844,80.2256088257,9043,9054,11
13.0141401291,80.2256317139,9054,9226,172
13.0141401291,80.2256317139,9226,9236,10
13.0142202377,80.225769043,9236,9388,152
13.0142202377,80.225769043,9388,9398,10
13.0141897202,80.2257995605,9398,9469,71
13.0141897202,80.2257995605,9469,9479,10
13.0141401291,80.2256088257,9479,18378,8899
13.0142002106,80.2257385254,18378,18814,436
13.0141000748,80.2258224487,18814,18936,122
13.0142602921,80.2257385254,18936,19077,141
13.0142097473,80.2257080078,19077,19513,436
13.0142602921,80.2256774902,19513,19716,203
13.0142602921,80.2256774902,19716,19726,10
13.0141401291,80.225692749,19726,19797,71
13.0141401291,80.225692749,19797,19801,4
13.0141401291,80.225692749,19801,19990,189
13.0141401291,80.225692749,19990,20000,10
13.0142498016,80.2256698608,20000,20071,71
13.0142202377,80.2258377075,20071,20334,263
13.0142202377,80.2258377075,20334,20344,10
13.0143699646,80.2256622314,20344,22533,2189
13.0143995285,80.2255325317,22533,22594,61
13.0143299103,80.2256088257,22594,24388,1794
13.0143404007,80.2253875732,24388,24530,142
13.0143404007,80.2255020142,24530,24581,51
13.0143404007,80.2255020142,24581,24591,10
13.014289856,80.2256622314,24591,24844,253
13.0142602921,80.2255477905,24844,25098,254
13.0141897202,80.225479126,25098,25442,344
13.0143203735,80.2255096436,25442,26729,1287
13.0143203735,80.2255096436,26729,26740,11
13.0144796371,80.2256317139,26740,26952,212
13.0143699646,80.2255096436,26952,28473,1521
13.0143699646,80.2255096436,28473,28483,10
13.0143003464,80.2256317139,28483,29071,588
13.0143699646,80.2256317139,29071,30480,1409
13.014380455,80.2256164551,30480,30520,40
13.014380455,80.2256164551,30520,30530,10
13.0144300461,80.2256164551,30530,31069,539
13.014380455,80.2254180908,31069,31130,61
13.014380455,80.2254180908,31130,31140,10
13.0143699646,80.2255325317,31140,31384,244
13.0144195557,80.2255783081,31384,31880,496
13.0144100189,80.2255630493,31880,32326,446
13.0144100189,80.2255630493,32326,32336,10
13.0144195557,80.2253799438,32336,32346,10
13.014289856,80.2255630493,32346,32367,21
13.014289856,80.2255630493,32367,32377,10
13.014289856,80.225692749,32377,32387,10
13.0142698288,80.2261428833,32387,32438,51
13.0142698288,80.2261428833,32438,32448,10
13.0141401291,80.2262878418,32448,32458,10
13.0136804581,80.2264480591,32458,32468,10
13.0130195618,80.2267379761,32468,32478,10
13.012169838,80.227142334,32478,32488,10
13.0112304688,80.2274780273,32488,32498,10
13.0102901459,80.2278289795,32498,32509,11
13.0095701218,80.2277526855,32509,32519,10
13.009759903,80.227180481,32519,32529,10
13.0101099014,80.2264175415,32529,32539,10
13.0104799271,80.2255783081,32539,32549,10
13.0108098984,80.2247467041,32549,32559,10
13.0111303329,80.2239227295,32559,32569,10
13.0114097595,80.2232818604,32569,32579,10
13.0116996765,80.2233581543,32579,32590,11
13.0123100281,80.2236862183,32590,32600,10
13.0131797791,80.2241592407,32600,32610,10
13.0139303207,80.2245483398,32610,32661,51
13.0142498016,80.2247772217,32661,32742,81
13.0142498016,80.2247772217,32742,32752,10
13.0148696899,80.2250595093,32752,32813,61
13.0148696899,80.2250595093,32813,32823,10
13.0152101517,80.2251968384,32823,32833,10
13.0154800415,80.2253112793,32833,32843,10
13.0159502029,80.2253112793,32843,32853,10
13.016500473,80.2252731323,32853,32863,10
13.0170898438,80.2250823975,32863,32873,10
13.0178604126,80.2247772217,32873,32883,10
13.0187301636,80.2244415283,32883,32894,11
13.0195102692,80.2244110107,32894,32904,10
13.019610405,80.2245025635,32904,32914,10
13.0196800232,80.2245864868,32914,32924,10
13.0200195313,80.2248001099,32924,32934,10
13.0205402374,80.225151062,32934,32944,10
13.0210695267,80.2255401611,32944,32954,10
13.0215902328,80.2259292603,32954,32965,11
13.0222597122,80.2265090942,32965,32975,10
13.022939682,80.2271194458,32975,32985,10
13.0234804153,80.2276000977,32985,32995,10
13.0238599777,80.227897644,32995,33005,10
13.0240402222,80.2280426025,33005,33015,10
13.0242595673,80.2283401489,33015,33056,41
13.0242595673,80.2283401489,33056,33066,10
13.024310112,80.2284393311,33066,33076,10
13.0243597031,80.2286224365,33076,33086,10
13.0241003036,80.2284622192,33086,33096,10
13.0237703323,80.2280426025,33096,33106,10
13.0233697891,80.2276382446,33106,33127,21
13.0233697891,80.2276382446,33127,33137,10
13.0231199265,80.2273864746,33137,33664,527
13.0231199265,80.2273864746,33664,33674,10
13.0227899551,80.2270431519,33674,33684,10
13.0226898193,80.2269592285,33684,33694,10
13.022600174,80.226852417,33694,33704,10
13.0223398209,80.2266387939,33704,33715,11
13.0218696594,80.2262802124,33715,33735,20
13.0218696594,80.2262802124,33735,33745,10
13.0214996338,80.2259597778,33745,33755,10
13.0209903717,80.2255172729,33755,33765,10
13.0203800201,80.2251205444,33765,33775,10
13.0196695328,80.224647522,33775,33785,10
13.0187101364,80.2245788574,33785,33796,11
13.0176296234,80.2250137329,33796,33806,10
13.0167102814,80.2253875732,33806,33816,10
13.015999794,80.2256164551,33816,33826,10
13.0153999329,80.2258529663,33826,33836,10
13.0148000717,80.2260971069,33836,33846,10
13.0145397186,80.2262115479,33846,33856,10
13.01445961,80.2262496948,33856,33867,11
13.0140895844,80.2264022827,33867,33877,10
13.013469696,80.2266235352,33877,33887,10
13.0126399994,80.2269287109,33887,33897,10
13.0116996765,80.2273025513,33897,33907,10
13.0107097626,80.2276763916,33907,33917,10
13.0097799301,80.2280502319,33917,33927,10
13.009180069,80.2286376953,33927,33937,10
13.0089702606,80.2296600342,33937,33948,11
13.0087299347,80.2307662964,33948,33958,10
13.008480072,80.2319869995,33958,33968,10
13.0083398819,80.2330169678,33968,33978,10
13.008310318,80.2334899902,33978,33988,10
13.0082702637,80.2335891724,33988,33998,10
13.0081501007,80.2340011597,33998,34008,10
13.0079803467,80.2347183228,34008,34018,10
13.0078201294,80.2356567383,34018,34029,11
13.007610321,80.2368011475,34029,34039,10
13.0074300766,80.23777771,34039,34049,10
13.0072202682,80.2387237549,34049,34059,10
13.0069599152,80.240020752,34059,34140,81
13.0069599152,80.240020752,34140,34152,12
13.0070400238,80.2402191162,34152,34162,10
13.0069198608,80.2407684326,34162,34173,11
13.0068798065,80.2415390015,34173,34183,10
13.006770134,80.2425765991,34183,34193,10
13.0066900253,80.2434310913,34193,34203,10
13.0067195892,80.2446212769,34203,34213,10
13.0066795349,80.2457275391,34213,34223,10
13.0066995621,80.2464828491,34223,34233,10
13.006770134,80.2471618652,34233,34243,10
13.0061397552,80.2474136353,34243,34264,21
13.0061397552,80.2474136353,34264,34274,10
13.0058298111,80.2473983765,34274,34284,10
13.0051603317,80.2474136353,34284,34294,10
13.0043001175,80.2474975586,34294,34304,10
13.0033998489,80.2476196289,34304,34314,10
13.0024700165,80.2478027344,34314,34324,10
13.001660347,80.2480010986,34324,34335,11
13.0005502701,80.248260498,34335,34345,10
12.9994697571,80.2485275269,34345,34355,10
12.9982995987,80.2488098145,34355,34365,10
12.9973297119,80.2490386963,34365,34375,10
12.995880127,80.249420166,34375,34385,10
12.9947004318,80.2497634888,34385,34395,10
12.9935598373,80.250038147,34395,34406,11
12.9923295975,80.2502975464,34406,34416,10
12.9914598465,80.2505493164,34416,34426,10
12.9912395477,80.2506027222,34426,34436,10
12.9910697937,80.2506408691,34436,34446,10
12.9904403687,80.2507781982,34446,34456,10
12.989569664,80.2509918213,34456,34466,10
12.9886598587,80.2512588501,34466,34477,11
12.9884996414,80.2513198853,34477,34487,10
12.9881696701,80.251411438,34487,34578,91
12.9881696701,80.251411438,34578,34588,10
12.9880800247,80.2514419556,34588,34598,10
12.9877300262,80.2515029907,34598,34608,10
12.9871101379,80.251663208,34608,34618,10
12.9862298965,80.2518768311,34618,34629,11
12.985159874,80.2521362305,34629,34639,10
12.9839200974,80.252456665,34639,34649,10
12.9827299118,80.2526702881,34649,34659,10
12.9815196991,80.2526931763,34659,34669,10
12.9804801941,80.252746582,34669,34679,10
12.9796304703,80.2527618408,34679,34689,10
12.9787998199,80.2526702881,34689,34700,11
12.9786996841,80.2526397705,34700,34710,10
12.9785604477,80.252571106,34710,34720,10
12.9780902863,80.2522125244,34720,34730,10
12.9774103165,80.2516403198,34730,34740,10
12.9764900208,80.2512817383,34740,34750,10
12.9754495621,80.2509994507,34750,34760,10
12.9743900299,80.2507171631,34760,34770,10
12.9733200073,80.2504425049,34770,34781,11
12.9721097946,80.2501220703,34781,34791,10
12.9708995819,80.2497787476,34791,34801,10
12.96971035,80.249382019,34801,34811,10
12.9686098099,80.2489013672,34811,34821,10
12.967499733,80.2484436035,34821,34831,10
12.9665203094,80.2479705811,34831,34841,10
12.9655599594,80.2475891113,34841,34852,11
12.9650497437,80.2474365234,34852,34862,10
12.9649496078,80.2473678589,34862,34872,10
12.9644804001,80.2471618652,34872,34882,10
12.9637403488,80.2468795776,34882,34892,10
12.9630203247,80.2465667725,34892,34902,10
12.9617500305,80.2459411621,34902,34912,10
12.9606304169,80.2453918457,34912,34922,10
12.9596595764,80.245010376,34922,34933,11
12.9594602585,80.2449417114,34933,34943,10
12.9593095779,80.2448501587,34943,34953,10
12.9587602615,80.2445831299,34953,34963,10
12.9580001831,80.2443008423,34963,34973,10
12.9573202133,80.2440338135,34973,34983,10
12.9565896988,80.2437820435,34983,34993,10
12.9564399719,80.2437210083,34993,35004,11
12.9561300278,80.2435379028,35004,35014,10
12.9555301666,80.2432022095,35014,35024,10
12.9547300339,80.2428512573,35024,35034,10
12.9539299011,80.2425308228,35034,35044,10
12.9531002045,80.2421875,35044,35054,10
12.9522304535,80.2418670654,35054,35064,10
12.9518203735,80.2417602539,35064,35074,10
12.9516000748,80.2416763306,35074,35085,11
12.9509096146,80.2414016724,35085,35095,10
12.9500598907,80.2411727905,35095,35105,10
12.9492502213,80.2408905029,35105,35115,10
12.9485797882,80.2406311035,35115,35125,10
12.9477796555,80.240272522,35125,35135,10
12.9472198486,80.2400817871,35135,35145,10
12.9471998215,80.2400665283,35145,35156,11
12.9468803406,80.2399673462,35156,35166,10
12.9462795258,80.239692688,35166,35176,10
12.945599556,80.2393493652,35176,35186,10
12.9448795319,80.2387237549,35186,35196,10
12.9441795349,80.237953186,35196,35206,10
12.9434499741,80.2372436523,35206,35216,10
12.942489624,80.2366027832,35216,35226,10
12.9414300919,80.2362976074,35226,35237,11
12.9401798248,80.2359924316,35237,35247,10
12.9398603439,80.2358398438,35247,35257,10
12.9398603439,80.2358322144,35257,35267,10
12.9396400452,80.2357177734,35267,35277,10
12.9390497208,80.235458374,35277,35287,10
12.938249588,80.2350692749,35287,35297,10
12.9372901917,80.2345809937,35297,35308,11
12.9361600876,80.2340393066,35308,35318,10
12.9351797104,80.2335891724,35318,35328,10
12.9338998795,80.2330093384,35328,35348,20
12.9338998795,80.2330093384,35348,35358,10
12.9335803986,80.2328567505,35358,35368,10
12.9329204559,80.2326126099,35368,35378,10
12.9320497513,80.2323303223,35378,35389,11
12.9308700562,80.231918335,35389,35399,10
12.9296703339,80.2316207886,35399,35409,10
12.9284801483,80.2313537598,35409,35419,10
12.927280426,80.2311706543,35419,35429,10
12.926440239,80.2310562134,35429,35439,10
12.9262304306,80.2310714722,35439,35449,10
12.9257802963,80.2310180664,35449,35460,11
12.9249696732,80.2309188843,35460,35470,10
12.9240598679,80.2308120728,35470,35480,10
12.9229898453,80.2306594849,35480,35490,10
12.9217596054,80.2304534912,35490,35500,10
12.9204702377,80.2302780151,35500,35510,10
12.9191703796,80.2301177979,35510,35520,10
12.917889595,80.2299423218,35520,35530,10
12.9166202545,80.2298126221,35530,35541,11
12.9152002335,80.2296295166,35541,35551,10
12.9139499664,80.2294616699,35551,35561,10
12.9132900238,80.2293701172,35561,35571,10
12.9132404327,80.2293624878,35571,35581,10
12.9129896164,80.2293014526,35581,35591,10
12.9124698639,80.2292098999,35591,35601,10
12.9116401672,80.2290802002,35601,35611,10
12.9106197357,80.2289276123,35611,35622,11
12.9093103409,80.2286987305,35622,35632,10
12.9080400467,80.2285079956,35632,35642,10
12.9068698883,80.2283782959,35642,35652,10
12.9062995911,80.2283172607,35652,35662,10
12.9062700272,80.228302002,35662,35672,10
12.90583992,80.2283096313,35672,35682,10
12.9050598145,80.2282714844,35682,35693,11
12.9039697647,80.228187561,35693,35703,10
12.9027996063,80.2280883789,35703,35713,10
12.9017400742,80.2280197144,35713,35723,10
12.9011201859,80.2280426025,35723,35784,61
12.9011201859,80.2280426025,35784,35794,10
12.900759697,80.2279968262,35794,35804,10
12.9003601074,80.2279586792,35804,35814,10
12.8998403549,80.2279510498,35814,35824,10
12.8992395401,80.2279586792,35824,35835,11
12.8991203308,80.2279510498,35835,35845,10
12.8986797333,80.2279205322,35845,35855,10
12.897939682,80.2278213501,35855,35865,10
12.8970098495,80.2277679443,35865,35875,10
12.8959197998,80.2277297974,35875,35885,10
12.8947296143,80.2276763916,35885,35895,10
12.893699646,80.2276000977,35895,35905,10
12.8927898407,80.2275085449,35905,35915,10
12.8922395706,80.227432251,35915,35926,11
12.8914403915,80.2274017334,35926,35936,10
12.89041996,80.2273864746,35936,35946,10
12.8892602921,80.2273864746,35946,35956,10
12.8880996704,80.2273635864,35956,35966,10
12.8872098923,80.2272567749,35966,35976,10
12.886179924,80.2270431519,35976,35987,11
12.8851299286,80.2268218994,35987,35997,10
12.8849897385,80.2267990112,35997,36007,10
12.8845996857,80.2267837524,36007,36017,10
12.8838596344,80.2267608643,36017,36027,10
12.8829097748,80.2267684937,36027,36037,10
12.8817596436,80.2267684937,36037,36047,10
12.8804798126,80.2267608643,36047,36057,10
12.8791704178,80.2267913818,36057,36068,11
12.877699852,80.226890564,36068,36078,10
12.8766403198,80.2269897461,36078,36088,10
12.876449585,80.2270126343,36088,36098,10
12.8759002686,80.2270126343,36098,36108,10
12.8750295639,80.2269592285,36108,36118,10
12.8739500046,80.2268218994,36118,36128,10
12.8726902008,80.2267608643,36128,36149,21
12.8726902008,80.2267608643,36149,36159,10
12.8722896576,80.2267303467,36159,36169,10
12.8715400696,80.2267227173,36169,36179,10
12.87059021,80.2266616821,36179,36189,10
12.8694601059,80.2265472412,36189,36199,10
12.8682403564,80.2264404297,36199,36209,10
12.8670196533,80.2265319824,36209,36220,11
12.8656997681,80.2266311646,36220,36230,10
12.86439991,80.2266235352,36230,36240,10
12.8630599976,80.226600647,36240,36250,10
12.8617601395,80.2266387939,36250,36260,10
12.8606004715,80.226600647,36260,36270,10
12.8594799042,80.2264480591,36270,36280,10
12.858499527,80.2263183594,36280,36291,11
12.857339859,80.2263412476,36291,36301,10
12.8561201096,80.2264709473,36301,36311,10
12.8548202515,80.2265777588,36311,36321,10
12.8534498215,80.2267227173,36321,36331,10
12.8520803452,80.2267227173,36331,36341,10
12.8508901596,80.2266464233,36341,36351,10
12.850060463,80.2266235352,36351,36362,11
12.8500404358,80.2266311646,36362,36372,10
12.8497104645,80.2266235352,36372,36382,10
12.8489904404,80.2266082764,36382,36392,10
12.8479995728,80.2266082764,36392,36402,10
12.8468103409,80.2266311646,36402,36412,10
12.8459100723,80.2266387939,36412,36422,10
12.8455095291,80.2266387939,36422,36432,10
12.8453903198,80.2266464233,36432,36443,11
12.8450698853,80.2266616821,36443,36453,10
12.8449497223,80.2266921997,36453,36463,10
12.8445301056,80.2267303467,36463,36473,10
12.8437795639,80.2267990112,36473,36483,10
12.8428201675,80.2269515991,36483,36493,10
12.841629982,80.2272186279,36493,36503,10
12.8405199051,80.2275009155,36503,36514,11
12.8399801254,80.2276382446,36514,36524,10
12.8398599625,80.2276763916,36524,36554,30
12.8398599625,80.2276763916,36554,36564,10
12.8396997452,80.2277069092,36564,36574,10
12.8395700455,80.2277374268,36574,36584,10
12.8390302658,80.227897644,36584,36595,11
12.8381004333,80.2281265259,36595,36605,10
12.8370399475,80.2283401489,36605,36615,10
12.8358201981,80.2285079956,36615,36625,10
12.8345603943,80.2287063599,36625,36635,10
12.8333396912,80.2289505005,36635,36645,10
12.8323402405,80.2291412354,36645,36655,10
12.8319597244,80.2292404175,36655,36666,11
12.8318395615,80.2292785645,36666,36676,10
12.8312196732,80.2294311523,36676,36686,10
12.8303403854,80.2297286987,36686,36696,10
12.8292303085,80.2301712036,36696,36706,10
12.8280897141,80.230758667,36706,36716,10
12.8269100189,80.2312774658,36716,36726,10
12.825630188,80.2314224243,36726,36736,10
12.8243398666,80.2313079834,36736,36747,11
12.8229799271,80.2309417725,36747,36757,10
12.8217897415,80.2305908203,36757,36767,10
12.8207302094,80.2304763794,36767,36777,10
12.8197402954,80.2305297852,36777,36787,10
12.8190803528,80.2305297852,36787,36797,10
12.8190202713,80.2305297852,36797,36807,10
12.8185501099,80.2303771973,36807,36818,11
12.8177604675,80.2299880981,36818,36828,10
12.8165597916,80.229598999,36828,36838,10
12.8152599335,80.2293624878,36838,36848,10
12.8139600754,80.2291183472,36848,36858,10
12.8127098083,80.2287216187,36858,36868,10
12.8114500046,80.2283096313,36868,36878,10
12.8102197647,80.2278213501,36878,36888,10
12.8091201782,80.2272796631,36888,36899,11
12.8082504272,80.2265777588,36899,36909,10
12.8072004318,80.2256622314,36909,36919,10
12.806429863,80.2249984741,36919,36929,10
12.8058795929,80.2245407104,36929,36939,10
12.8056602478,80.2243270874,36939,36949,10
12.8053998947,80.2241897583,36949,36959,10
12.8051900864,80.2240982056,36959,36980,21
12.8051900864,80.2240982056,36980,36990,10
12.804980278,80.2240524292,36990,37000,10
12.8046998978,80.2240066528,37000,37010,10
12.804599762,80.2239837646,37010,37020,10
12.8044204712,80.2239608765,37020,37030,10
12.803899765,80.2239227295,37030,37040,10
12.8031597137,80.2238616943,37040,37051,11
12.8025503159,80.223739624,37051,37061,10
12.8016700745,80.2236633301,37061,37071,10
12.8010997772,80.2236022949,37071,37081,10
12.8009004593,80.2235870361,37081,37091,10
12.8002500534,80.2235183716,37091,37101,10
12.7993497849,80.223449707,37101,37111,10
12.7982797623,80.2233505249,37111,37122,11
12.79708004,80.2231903076,37122,37132,10
12.7961196899,80.2230224609,37132,37142,10
12.7957696915,80.2229919434,37142,37152,10
12.7954998016,80.2229232788,37152,37162,10
12.7948799133,80.2228012085,37162,37172,10
12.7940196991,80.2226715088,37172,37182,10
12.7929496765,80.2225036621,37182,37192,10
12.7919797897,80.2222976685,37192,37203,11
12.7908000946,80.2220611572,37203,37213,10
12.7899103165,80.2218399048,37213,37223,10
12.7895202637,80.2217102051,37223,37233,10
12.7890396118,80.2215118408,37233,37263,30
12.7890396118,80.2215118408,37263,37274,11
12.7885303497,80.2213134766,37274,37284,10
12.788069725,80.2211608887,37284,37294,10
12.7878799438,80.2211074829,37294,37304,10
12.7873697281,80.2209091187,37304,37314,10
12.786939621,80.2207107544,37314,37334,20
12.786939621,80.2207107544,37334,37344,10
12.7868499756,80.2206268311,37344,37355,11
12.786529541,80.2205505371,37355,37375,20
12.7862997055,80.2204437256,37375,37395,20
12.7862997055,80.2204437256,37395,37405,10
12.786190033,80.220741272,37405,37415,10
12.7861995697,80.2211227417,37415,37426,11
12.7862596512,80.2217330933,37426,38246,820
12.7862596512,80.2217330933,38246,38257,11
12.7862501144,80.2215499878,38257,38267,10
12.7861995697,80.221321106,38267,38277,10
12.7861795425,80.2210769653,38277,38378,101
12.7861499786,80.2207336426,38378,38409,31
12.7861499786,80.2207336426,38409,38419,10
12.7861604691,80.220489502,38419,38490,71
12.7861604691,80.220489502,38490,38500,10
12.7863197327,80.2203826904,38500,38510,10
12.7864103317,80.2203979492,38510,38520,10
12.786649704,80.2204818726,38520,38530,10
12.7871198654,80.2206268311,38530,38540,10
12.7877101898,80.2208480835,38540,38550,10
12.7884302139,80.2211380005,38550,38561,11
12.7893104553,80.2214584351,38561,38571,10
12.7899303436,80.2216796875,38571,38581,10
12.7907495499,80.2218780518,38581,38591,10
12.7917404175,80.2221374512,38591,38601,10
12.792719841,80.2223587036,38601,38611,10
12.7937803268,80.2225189209,38611,38621,10
12.7949495316,80.2227020264,38621,38632,11
12.7960796356,80.2228775024,38632,38642,10
12.7963600159,80.2229309082,38642,38652,10
12.7964200974,80.2229766846,38652,38662,10
12.7968597412,80.2230606079,38662,38672,10
12.7976102829,80.2232131958,38672,38682,10
12.7984695435,80.2233200073,38682,38692,10
12.7994804382,80.2234191895,38692,38703,11
12.8006496429,80.2235031128,38703,38713,10
12.801320076,80.2235717773,38713,38723,10
12.8013896942,80.2236022949,38723,38733,10
12.8018703461,80.2236175537,38733,38743,10
12.8026199341,80.2237167358,38743,38753,10
12.8033895493,80.2238082886,38753,38763,10
12.8042697906,80.2238693237,38763,38773,10
12.8051204681,80.2239837646,38773,38784,11
12.8055095673,80.2240829468,38784,38794,10
12.8055400848,80.2240982056,38794,38804,10
12.8058595657,80.224357605,38804,38814,10
12.8064899445,80.2248687744,38814,38824,10
12.8072595596,80.2255477905,38824,38834,10
12.8081197739,80.2262802124,38834,38844,10
12.8090400696,80.2270278931,38844,38855,11
12.8101797104,80.2276382446,38855,38865,10
12.8113203049,80.2281112671,38865,38875,10
12.8125,80.2285308838,38875,38885,10
12.8136796951,80.2289276123,38885,38895,10
12.8148298264,80.2292175293,38895,38905,10
12.8160495758,80.2293701172,38905,38915,10
12.8172197342,80.2296218872,38915,38925,10
12.8183097839,80.2301101685,38925,38936,11
12.8194599152,80.2304000854,38936,38946,10
12.8206195831,80.2303619385,38946,38956,10
12.8218202591,80.2304611206,38956,38966,10
12.8230495453,80.2308120728,38966,38976,10
12.8242902756,80.2311325073,38976,38986,10
12.8254995346,80.2313079834,38986,38996,10
12.8267097473,80.2312316895,38996,39006,10
12.8277702332,80.230796814,39006,39017,11
12.8289003372,80.23021698,39017,39027,10
12.8300104141,80.2297363281,39027,39037,10
12.830909729,80.2293701172,39037,39047,10
12.8310604095,80.2293624878,39047,39057,10
12.8313798904,80.2292404175,39057,39067,10
12.8314800262,80.2291793823,39067,39077,10
12.8317804337,80.2290802002,39077,39088,11
12.8324403763,80.2289733887,39088,39098,10
12.833319664,80.2287902832,39098,39108,10
12.8344202042,80.2286071777,39108,39118,10
12.8355703354,80.2284164429,39118,39128,10
12.8367500305,80.2282180786,39128,39138,10
12.8378801346,80.2280197144,39138,39148,10
12.8388595581,80.2277908325,39148,39158,10
12.8393602371,80.2276535034,39158,39209,51
12.8393602371,80.2276535034,39209,39219,10
12.839509964,80.2276077271,39219,39229,10
12.8399896622,80.2274780273,39229,39240,11
12.8408203125,80.2272720337,39240,39250,10
12.8417797089,80.2270202637,39250,39260,10
12.8428897858,80.2267990112,39260,39270,10
12.8440504074,80.2266387939,39270,39280,10
12.8450603485,80.2265472412,39280,39290,10
12.845410347,80.2265014648,39290,39300,10
12.8456096649,80.2264862061,39300,39311,11
12.8459997177,80.2264785767,39311,39321,10
12.846739769,80.2264785767,39321,39331,10
12.847700119,80.2264785767,39331,39341,10
12.8487300873,80.2264862061,39341,39351,10
12.8497400284,80.2264633179,39351,39361,10
12.8499698639,80.2264633179,39361,39371,10
12.8502902985,80.2264709473,39371,39382,11
12.8510599136,80.2265014648,39382,39392,10
12.8520002365,80.2265396118,39392,39402,10
12.8531503677,80.2265777588,39402,39412,10
12.8543701172,80.2264785767,39412,39422,10
12.855629921,80.2263412476,39422,39432,10
12.8568897247,80.2262191772,39432,39442,10
12.8581495285,80.2261581421,39442,39452,10
12.8592796326,80.2262802124,39452,39463,11
12.8604698181,80.2264328003,39463,39473,10
12.8609104156,80.2264480591,39473,39483,10
12.8614196777,80.2264404297,39483,39493,10
12.8622598648,80.2264175415,39493,39503,10
12.8633003235,80.2264175415,39503,39513,10
12.8645095825,80.2264709473,39513,39523,10
12.8657598495,80.2265014648,39523,39534,11
12.8671598434,80.2263793945,39534,39544,10
12.8684196472,80.2262802124,39544,39554,10
12.8697004318,80.2264175415,39554,39564,10
12.8709897995,80.2265396118,39564,39574,10
12.8726902008,80.2265777588,39574,39594,20
12.8726902008,80.2265777588,39594,39604,10
12.8729600906,80.2266235352,39604,39615,11
12.8736200333,80.2266464233,39615,39625,10
12.8746004105,80.2267684937,39625,39635,10
12.8756198883,80.2268676758,39635,39645,10
12.8763303757,80.2268295288,39645,39655,10
12.8764095306,80.2268218994,39655,39665,10
12.876540184,80.2267913818,39665,39675,10
12.8770198822,80.2267837524,39675,39686,11
12.877820015,80.2267303467,39686,39696,10
12.8788995743,80.2266616821,39696,39706,10
12.8800497055,80.2266387939,39706,39716,10
12.8812503815,80.2266387939,39716,39726,10
12.8824596405,80.2266235352,39726,39736,10
12.883649826,80.2265777588,39736,39746,10
12.884759903,80.2265701294,39746,39756,10
12.8851804733,80.2265777588,39756,39767,11
12.8854904175,80.2266464233,39767,39777,10
12.8861598969,80.2268371582,39777,39787,10
12.887049675,80.2270812988,39787,39797,10
12.8880996704,80.2272415161,39797,39807,10
12.8893003464,80.2272567749,39807,39817,10
12.8905696869,80.2272415161,39817,39827,10
12.8917999268,80.2272186279,39827,39838,11
12.8930101395,80.2273483276,39838,39848,10
12.8941898346,80.2275085449,39848,39858,10
12.895409584,80.2275466919,39858,39868,10
12.8966197968,80.2276000977,39868,39878,10
12.8977804184,80.2276611328,39878,39888,10
12.8990001678,80.227722168,39888,39898,10
12.8999500275,80.2277526855,39898,39908,10
12.9003200531,80.2277603149,39908,39929,21
12.9005203247,80.2277603149,39929,39959,30
12.9005203247,80.2277603149,39959,39969,10
12.9007101059,80.2277679443,39969,39979,10
12.90102005,80.2278366089,39979,39990,11
12.9011802673,80.2278518677,39990,40000,10
12.9015102386,80.2278594971,40000,40010,10
12.9024200439,80.2278900146,40010,40030,20
12.9024200439,80.2278900146,40030,40040,10
12.9027500153,80.2279510498,40040,40050,10
12.903380394,80.2279815674,40050,40060,10
12.9042396545,80.2280273438,40060,40071,11
12.90528965,80.2280807495,40071,40081,10
12.9061498642,80.2280883789,40081,40091,10
12.9065198898,80.2281417847,40091,40101,10
12.9067802429,80.2281723022,40101,40111,10
12.9067802429,80.2281494141,40111,40121,10
12.9070701599,80.2281799316,40121,40131,10
12.9078998566,80.2283096313,40131,40142,11
12.9089002609,80.2285003662,40142,40152,10
12.9099998474,80.2286834717,40152,40162,10
12.9112300873,80.2288665771,40162,40172,10
12.9125003815,80.2290420532,40172,40182,10
12.9139499664,80.2291870117,40182,40202,20
12.9139499664,80.2291870117,40202,40212,10
12.9143400192,80.2292404175,40212,40223,11
12.915019989,80.2292785645,40223,40233,10
12.9159402847,80.2294311523,40233,40243,10
12.9169397354,80.2295913696,40243,40253,10
12.9177703857,80.2297363281,40253,40263,10
12.9187402725,80.2298965454,40263,40273,10
12.9198598862,80.2300491333,40273,40283,10
12.9210596085,80.230178833,40283,40294,11
12.9224796295,80.2304077148,40294,40304,10
12.9237604141,80.2306213379,40304,40314,10
12.9250402451,80.2307662964,40314,40324,10
12.9260997772,80.2308425903,40324,40334,10
12.9263896942,80.2308731079,40334,40344,10
12.9268198013,80.2309188843,40344,40354,10
12.9275302887,80.2310409546,40354,40364,10
12.9284296036,80.2312011719,40364,40375,11
12.9293403625,80.2313537598,40375,40385,10
12.930270195,80.2315597534,40385,40395,10
12.9313497543,80.2318572998,40395,40405,10
12.9324598312,80.2322387695,40405,40415,10
12.9336595535,80.2326965332,40415,40435,20
12.9336595535,80.2326965332,40435,40446,11
12.9339799881,80.2328567505,40446,40456,10
12.9346399307,80.2331619263,40456,40466,10
12.9354400635,80.2334899902,40466,40476,10
12.9363002777,80.2339096069,40476,40486,10
12.9372501373,80.2343597412,40486,40496,10
12.9382696152,80.23487854,40496,40506,10
12.9392595291,80.2353591919,40506,40517,11
12.9397497177,80.2356033325,40517,40527,10
12.9400596619,80.2357330322,40527,40537,10
12.9407196045,80.2359237671,40537,40547,10
12.9415903091,80.2361068726,40547,40557,10
12.9426403046,80.2364730835,40557,40567,10
12.943570137,80.2371673584,40567,40577,10
12.9443798065,80.2380218506,40577,40587,10
12.9451398849,80.2388305664,40587,40598,11
12.9464302063,80.2395629883,40598,40608,10
12.947259903,80.2398910522,40608,40618,10
12.9473304749,80.2399291992,40618,40628,10
12.947640419,80.2400817871,40628,40638,10
12.9482698441,80.2403488159,40638,40648,10
12.9488201141,80.2405471802,40648,40689,41
12.9488201141,80.2405471802,40689,40699,10
12.949139595,80.2407226563,40699,40709,10
12.9497299194,80.2409133911,40709,40719,10
12.9503803253,80.2410964966,40719,40729,10
12.9510297775,80.2413024902,40729,40739,10
12.9512500763,80.2414016724,40739,40750,11
12.951880455,80.241607666,40750,40760,10
12.9527301788,80.2419128418,40760,40770,10
12.9536600113,80.2422790527,40770,40780,10
12.9546203613,80.2426681519,40780,40790,10
12.9552202225,80.2429122925,40790,40800,10
12.9559402466,80.2431488037,40800,40810,10
12.9564504623,80.2433166504,40810,40821,11
12.9569997787,80.2435684204,40821,40831,10
12.9577598572,80.2439193726,40831,40841,10
12.9585599899,80.2442321777,40841,40851,10
12.9589395523,80.2444229126,40851,40861,10
12.9590101242,80.2444763184,40861,40871,10
12.9595098495,80.2446975708,40871,40881,10
12.9602203369,80.2450332642,40881,40891,10
12.9610900879,80.2454299927,40891,40902,11
12.9621801376,80.2459564209,40902,40912,10
12.9631900787,80.2464599609,40912,40922,10
12.9637002945,80.2467422485,40922,40932,10
12.9644002914,80.246963501,40932,40942,10
12.9652299881,80.2472229004,40942,40952,10
12.9660997391,80.2474975586,40952,40962,10
12.9663600922,80.2476272583,40962,40973,11
12.9665603638,80.2477493286,40973,40983,10
12.9668397903,80.2478866577,40983,40993,10
12.9673900604,80.2481613159,40993,41003,10
12.9681797028,80.2484817505,41003,41013,10
12.9691095352,80.2488327026,41013,41023,10
12.9702997208,80.2493286133,41023,41033,10
12.9715795517,80.2497177124,41033,41043,10
12.9728803635,80.2500762939,41043,41054,11
12.9742603302,80.2504425049,41054,41064,10
12.9755601883,80.2508392334,41064,41074,10
12.9768400192,80.2512283325,41074,41084,10
12.9778699875,80.2518081665,41084,41094,10
12.9785203934,80.2522964478,41094,41104,10
12.9786396027,80.2523422241,41104,41114,10
12.9790697098,80.2524795532,41114,41125,11
12.9796800613,80.2525634766,41125,41165,40
12.9796800613,80.2525634766,41165,41175,10
12.9798402786,80.2526016235,41175,41185,10
12.9802999496,80.2526168823,41185,41195,10
12.9809303284,80.2526168823,41195,41206,11
12.9819202423,80.252571106,41206,41216,10
12.9830799103,80.2525100708,41216,41226,10
12.9843301773,80.2522201538,41226,41236,10
12.9855003357,80.2518997192,41236,41246,10
12.9865198135,80.2516174316,41246,41256,10
12.9873800278,80.2513809204,41256,41347,91
12.9873800278,80.2513809204,41347,41358,11
12.9875097275,80.2513427734,41358,41368,10
12.9880104065,80.2512283325,41368,41378,10
12.9888296127,80.2510299683,41378,41388,10
12.9893798828,80.2508773804,41388,41398,10
12.9894895554,80.2508773804,41398,41408,10
12.9899902344,80.250793457,41408,41418,10
12.9907197952,80.2506027222,41418,41429,11
12.9917697906,80.2503128052,41429,41439,10
12.9928598404,80.2500534058,41439,41449,10
12.9939899445,80.24974823,41449,41459,10
12.9951896667,80.249458313,41459,41469,10
12.9964599609,80.2491226196,41469,41479,10
12.9975004196,80.2488708496,41479,41489,10
12.9991598129,80.2484512329,41489,41500,11
13.0006799698,80.2480773926,41500,41510,10
13.001950264,80.247756958,41510,41520,10
13.0028800964,80.2475509644,41520,41530,10
13.0039396286,80.2473983765,41530,41540,10
13.0048599243,80.2472763062,41540,41550,10
13.0061197281,80.2469100952,41550,41560,10
13.0064496994,80.2464981079,41560,41570,10
13.006529808,80.2463912964,41570,41581,11
13.0066099167,80.2458496094,41581,41591,10
13.0066099167,80.2451019287,41591,41601,10
13.0065898895,80.2442092896,41601,41611,10
13.0065498352,80.243309021,41611,41621,10
13.0065402985,80.2423324585,41621,41631,10
13.0065803528,80.2412796021,41631,41641,10
13.0066604614,80.2404708862,41641,41662,21
13.0066604614,80.2404708862,41662,41672,10
13.0067300797,80.2401580811,41672,41682,10
13.0068798065,80.2395477295,41682,41692,10
13.0070104599,80.2388534546,41692,41702,10
13.0071496964,80.23802948,41702,41712,10
13.0073003769,80.2374191284,41712,41722,10
13.0073795319,80.2369003296,41722,41733,11
13.0075397491,80.2363815308,41733,41743,10
13.0076704025,80.2356414795,41743,41753,10
13.0078401566,80.2347564697,41753,41763,10
13.0080404282,80.2337265015,41763,41773,10
13.0082597733,80.2325820923,41773,41783,10
13.0084896088,80.2313995361,41783,41793,10
13.0087003708,80.2301864624,41793,41804,11
13.0089597702,80.2288970947,41804,41814,10
13.0093097687,80.2277679443,41814,41824,10
13.0098199844,80.2267303467,41824,41834,10
13.0102796555,80.2258377075,41834,41844,10
13.0105695724,80.2252502441,41844,41854,10
13.01060009,80.2251663208,41854,41864,10
13.0107097626,80.2249221802,41864,41874,10
13.0109395981,80.2243423462,41874,41885,11
13.0113296509,80.2233886719,41885,41895,10
13.0117301941,80.2224578857,41895,41905,10
13.0120801926,80.2215423584,41905,41915,10
13.0124397278,80.2215499878,41915,41925,10
13.0127897263,80.2220916748,41925,41935,10
13.0133600235,80.2227325439,41935,41945,10
13.0140104294,80.2233505249,41945,41956,11
13.0145902634,80.2240524292,41956,41966,10
13.0149402618,80.2244186401,41966,41986,20
13.0149402618,80.2244186401,41986,41996,10
13.0152301788,80.2247924805,41996,42026,30
13.0152301788,80.2247924805,42026,42037,11
13.0153598785,80.2248764038,42037,42047,10
13.0156698227,80.2250823975,42047,42057,10
13.0160503387,80.225227356,42057,42067,10
13.0163898468,80.2252731323,42067,42077,10
13.016960144,80.2250976563,42077,42087,10
13.0177602768,80.2248001099,42087,42097,10
13.0185804367,80.2244567871,42097,42108,11
13.0193996429,80.224281311,42108,42148,40
13.0193996429,80.224281311,42148,42158,10
13.0195703506,80.224357605,42158,42168,10
13.019780159,80.2244567871,42168,42178,10
13.0202903748,80.2248001099,42178,42189,11
13.0209503174,80.2253036499,42189,42199,10
13.0215902328,80.2258224487,42199,42209,10
13.0222501755,80.226348877,42209,42219,10
13.0229501724,80.2269821167,42219,42229,10
13.0234804153,80.2275238037,42229,42239,10
13.0239696503,80.2279586792,42239,42249,10
13.0243797302,80.2283477783,42249,42260,11
13.0243597031,80.2285614014,42260,42270,10
13.0241203308,80.2283935547,42270,42280,10
13.023639679,80.227897644,42280,42290,10
13.0230503082,80.2274627686,42290,42422,132
13.0230503082,80.2274627686,42422,42432,10
13.0228004456,80.2270889282,42432,42442,10
13.0224304199,80.2267837524,42442,42452,10
13.0221004486,80.2265319824,42452,42462,10
13.0215301514,80.2260665894,42462,42472,10
13.0208396912,80.2255477905,42472,42483,11
13.0201101303,80.2250595093,42483,42493,10
13.0193796158,80.2246170044,42493,42503,10
13.0184497833,80.2247085571,42503,42513,10
13.0176095963,80.2250671387,42513,42523,10
13.0169000626,80.2253570557,42523,42533,10
13.0166597366,80.2254486084,42533,42543,10
13.0163602829,80.2255477905,42543,42553,10
13.0159196854,80.2256774902,42553,42564,11
13.0154695511,80.2258605957,42564,42574,10
13.0147895813,80.2261199951,42574,42594,20
13.0147895813,80.2261199951,42594,42604,10
13.0145196915,80.2262268066,42604,42614,10
13.0144100189,80.226272583,42614,42624,10
13.0141000748,80.2263793945,42624,42635,11
13.0134601593,80.2266387939,42635,42645,10
13.0126495361,80.2269515991,42645,42655,10
13.0117797852,80.2272567749,42655,42665,10
13.0108203888,80.2276306152,42665,42675,10
13.0098800659,80.2280426025,42675,42685,10
13.0092096329,80.2285003662,42685,42695,10
13.0090398788,80.2293395996,42695,42705,10
13.0088596344,80.2304077148,42705,42716,11
13.0085601807,80.2316436768,42716,42726,10
13.0083599091,80.232749939,42726,42736,10
13.0082798004,80.2334823608,42736,42746,10
13.0082902908,80.2335586548,42746,42756,10
13.0081596375,80.23387146,42756,42766,10
13.0080499649,80.2344436646,42766,42776,10
13.0078897476,80.2351226807,42776,42787,11
13.0077295303,80.2359085083,42787,42797,10
13.0075302124,80.2369384766,42797,42807,10
13.0073003769,80.238067627,42807,42817,10
13.0070896149,80.2390365601,42817,42827,10
13.006939888,80.2400588989,42827,42928,101
13.006939888,80.2400588989,42928,42939,11
13.0069503784,80.2403411865,42939,42949,10
13.0068702698,80.2406768799,42949,42959,10
13.006819725,80.2408599854,42959,42969,10
13.0067501068,80.2410507202,42969,42979,10
13.0066795349,80.2416763306,42979,42989,10
13.0066995621,80.242401123,42989,42999,10
13.006649971,80.2434616089,42999,43010,11
13.006649971,80.2444992065,43010,43020,10
13.0066795349,80.2454071045,43020,43030,10
13.0066995621,80.2462005615,43030,43040,10
13.0067396164,80.2466506958,43040,43050,10
13.0067396164,80.2469711304,43050,43060,10
13.0066404343,80.2473373413,43060,43070,10
13.0062599182,80.2473983765,43070,43080,10
13.0062198639,80.2473983765,43080,43091,11
13.0058803558,80.2474136353,43091,43101,10
13.0051498413,80.2474212646,43101,43111,10
13.004240036,80.2474899292,43111,43121,10
13.0031499863,80.2476730347,43121,43131,10
13.0020904541,80.2478713989,43131,43141,10
13.0009298325,80.2481536865,43141,43151,10
12.9997501373,80.2484436035,43151,43162,11
12.9984798431,80.2487716675,43162,43172,10
12.9972801208,80.2490768433,43172,43182,10
12.9960803986,80.2493896484,43182,43192,10
12.994890213,80.2497024536,43192,43202,10
12.9937696457,80.25,43202,43212,10
12.992650032,80.250289917,43212,43222,10
12.9915895462,80.250579834,43222,43232,10
12.9910697937,80.2507171631,43232,43243,11
12.9908399582,80.250793457,43243,43253,10
12.9900503159,80.2509384155,43253,43263,10
12.9891195297,80.2511367798,43263,43273,10
12.9880695343,80.2514266968,43273,43395,122
12.9880695343,80.2514266968,43395,43405,10
12.9879198074,80.2515029907,43405,43415,10
12.9874200821,80.2516098022,43415,43425,10
12.9867401123,80.2517623901,43425,43435,10
12.9859304428,80.2519378662,43435,43445,10
12.9848604202,80.2522277832,43445,43455,10
12.9836301804,80.2525634766,43455,43466,11
12.9822597504,80.2527236938,43466,43476,10
12.9809799194,80.2527618408,43476,43486,10
12.9802999496,80.2527999878,43486,43496,10
12.9800100327,80.252822876,43496,43506,10
12.979470253,80.2527694702,43506,43516,10
12.9788198471,80.2527008057,43516,43526,10
12.9787197113,80.2526779175,43526,43536,10
12.9785003662,80.2525787354,43536,43547,11
12.9778995514,80.2521286011,43547,43557,10
12.9771404266,80.2515182495,43557,43567,10
12.9760704041,80.2511978149,43567,43577,10
12.9749202728,80.2508621216,43577,43587,10
12.973739624,80.250541687,43587,43597,10
12.9726200104,80.2502593994,43597,43607,10
12.9714603424,80.249961853,43607,43618,11
12.9701795578,80.2496109009,43618,43628,10
12.9690198898,80.2491989136,43628,43638,10
12.9679803848,80.2487869263,43638,43648,10
12.9669599533,80.2483291626,43648,43658,10
12.9660396576,80.2478713989,43658,43668,10
12.965259552,80.2475585938,43668,43678,10
12.9651403427,80.2475128174,43678,43688,10
12.9650802612,80.2474594116,43688,43699,11
12.9645700455,80.2472610474,43699,43709,10
12.9640903473,80.2470397949,43709,43719,10
12.9640398026,80.2470169067,43719,43729,10
12.963809967,80.2469100952,43729,43739,10
12.9631500244,80.2465896606,43739,43749,10
12.962220192,80.2461395264,43749,43759,10
12.961139679,80.2455978394,43759,43770,11
12.9601602554,80.2452087402,43770,43780,10
12.9594898224,80.2449417114,43780,43790,10
12.9593601227,80.2448577881,43790,43800,10
12.9588003159,80.2446212769,43800,43810,10
12.9580001831,80.2443237305,43810,43820,10
12.9573402405,80.2440490723,43820,43830,10
12.9565296173,80.243812561,43830,43901,71
12.9565296173,80.243812561,43901,43911,10
12.9561595917,80.2436294556,43911,43922,11
12.955499649,80.243270874,43922,43932,10
12.9546604156,80.2428970337,43932,43942,10
12.9537696838,80.2425231934,43942,43952,10
12.9527301788,80.2421035767,43952,43962,10
12.9519195557,80.2418212891,43962,43972,10
12.9518003464,80.2417984009,43972,43982,10
12.9514303207,80.2416763306,43982,43993,11
12.9506597519,80.2414169312,43993,44003,10
12.9492797852,80.2409820557,44003,44033,30
12.9492797852,80.2409820557,44033,44043,10
12.948849678,80.2408599854,44043,44053,10
12.9482002258,80.240562439,44053,44063,10
12.9473199844,80.2401885986,44063,44074,11
12.9462995529,80.2397384644,44074,44084,10
12.9451999664,80.2392120361,44084,44094,10
12.9442501068,80.2382888794,44094,44104,10
12.9432897568,80.2373504639,44104,44114,10
12.9424800873,80.2366714478,44114,44124,10
12.9413499832,80.2363128662,44124,44134,10
12.9402799606,80.236038208,44134,44145,11
12.9397602081,80.2358627319,44145,44155,10
12.9397096634,80.2358169556,44155,44165,10
12.9392795563,80.2356185913,44165,44175,10
12.9385004044,80.2352828979,44175,44185,10
12.9376001358,80.2348403931,44185,44195,10
12.9365701675,80.234336853,44195,44205,10
12.9358596802,80.2339706421,44205,44215,10
12.9358100891,80.2339172363,44215,44226,11
12.9353303909,80.2337188721,44226,44236,10
12.9345502853,80.2333908081,44236,44246,10
12.9338703156,80.2330703735,44246,44256,10
12.9338197708,80.2330169678,44256,44266,10
12.9335203171,80.2328491211,44266,44276,10
12.9328203201,80.2325592041,44276,44286,10
12.9319000244,80.2322463989,44286,44297,11
12.9306697845,80.2318191528,44297,44307,10
12.9295501709,80.2315673828,44307,44317,10
12.9287796021,80.2313995361,44317,44327,10
12.9280099869,80.2312469482,44327,44337,10
12.9270200729,80.2311019897,44337,44347,10
12.925860405,80.2309570313,44347,44357,10
12.9248399734,80.2308197021,44357,44367,10
12.9236602783,80.230682373,44367,44378,11
12.9222002029,80.2304763794,44378,44388,10
12.9208498001,80.2302932739,44388,44398,10
12.9195299149,80.2301177979,44398,44408,10
12.918419838,80.2299423218,44408,44418,10
12.9173402786,80.2298431396,44418,44428,10
12.9162597656,80.2296905518,44428,44438,10
12.9150800705,80.2295379639,44438,44449,11
12.9134302139,80.2293701172,44449,44469,20
12.9134302139,80.2293701172,44469,44479,10
12.9131097794,80.2292861938,44479,44489,10
12.9124403,80.2291717529,44489,44499,10
12.9114999771,80.2290267944,44499,44509,10
12.910320282,80.2288970947,44509,44519,10
12.9091100693,80.2287063599,44519,44530,11
12.9078302383,80.2285003662,44530,44540,10
12.907119751,80.2284011841,44540,44550,10
12.9068698883,80.2283630371,44550,44560,10
12.9064397812,80.2283325195,44560,44570,10
12.90583992,80.2283096313,44570,44580,10
12.9049596786,80.2283401489,44580,44590,10
12.9040803909,80.2282333374,44590,44601,11
12.9030399323,80.2281570435,44601,44611,10
12.9019804001,80.2280883789,44611,44621,10
12.9010295868,80.2280197144,44621,44712,91
12.9010295868,80.2280197144,44712,44722,10
12.9006204605,80.2280197144,44722,44732,10
12.8999204636,80.2280197144,44732,44742,10
12.8993997574,80.2279891968,44742,44763,21
12.8993997574,80.2279891968,44763,44773,10
12.8990297318,80.2279586792,44773,44783,10
12.8983697891,80.227897644,44783,44793,10
12.8975000381,80.2278289795,44793,44803,10
12.8964700699,80.2277679443,44803,44813,10
12.8953304291,80.227722168,44813,44824,11
12.8940200806,80.2276306152,44824,44834,10
12.8927402496,80.2274627686,44834,44844,10
12.8914804459,80.2274093628,44844,44854,10
12.8901500702,80.2274169922,44854,44864,10
12.8888902664,80.2274017334,44864,44874,10
12.8877296448,80.2273406982,44874,44884,10
12.8866596222,80.227142334,44884,44894,10
12.8854799271,80.226852417,44894,44905,11
12.8848304749,80.2267684937,44905,44915,10
12.8846302032,80.2267608643,44915,44925,10
12.8840503693,80.2267608643,44925,44935,10
12.8831796646,80.2267684937,44935,44945,10
12.8821697235,80.2267913818,44945,44955,10
12.8810100555,80.2267990112,44955,44965,10
12.8797903061,80.2267990112,44965,44976,11
12.8783998489,80.226852417,44976,44986,10
12.8771495819,80.2269668579,44986,44996,10
12.8764600754,80.2270431519,44996,45006,10
12.8763799667,80.2270584106,45006,45016,10
12.8759098053,80.2270584106,45016,45026,10
12.875120163,80.2269897461,45026,45036,10
12.8741598129,80.2268676758,45036,45046,10
12.8730401993,80.2267684937,45046,45057,11
12.8726701736,80.2267684937,45057,45067,10
12.8723602295,80.2267608643,45067,45077,10
12.8716602325,80.2267303467,45077,45087,10
12.870759964,80.2266769409,45087,45097,10
12.8697004318,80.2265777588,45097,45107,10
12.8684997559,80.2264175415,45107,45117,10
12.8671998978,80.2265014648,45117,45128,11
12.8657598495,80.2266311646,45128,45138,10
12.86439991,80.226600647,45138,45148,10
12.8630504608,80.2265472412,45148,45158,10
12.8617200851,80.2266235352,45158,45168,10
12.861120224,80.2266311646,45168,45178,10
12.861120224,80.2266387939,45178,45188,10
12.8606700897,80.226600647,45188,45198,10
12.8599500656,80.2265014648,45198,45209,11
12.8590097427,80.2263565063,45209,45219,10
12.8586397171,80.2263183594,45219,45229,10
12.8580904007,80.2263031006,45229,45239,10
12.8572597504,80.2263412476,45239,45249,10
12.8563203812,80.2264480591,45249,45259,10
12.8551998138,80.2265625,45259,45269,10
12.8539400101,80.2266998291,45269,45280,11
12.8524799347,80.2267532349,45280,45290,10
12.851149559,80.2266998291,45290,45300,10
12.8499002457,80.2266387939,45300,45310,10
12.8486795425,80.2266235352,45310,45320,10
12.8474798203,80.2266311646,45320,45330,10
12.8463001251,80.2266311646,45330,45340,10
12.8455295563,80.2266616821,45340,45361,21
12.8455295563,80.2266616821,45361,45371,10
12.8452796936,80.2266387939,45371,45381,10
12.8446598053,80.2266921997,45381,45391,10
12.8437995911,80.2267837524,45391,45401,10
12.8427000046,80.2269363403,45401,45411,10
12.8414802551,80.2272033691,45411,45421,10
12.8403396606,80.2275238037,45421,45432,11
12.839679718,80.227722168,45432,45442,10
12.8392896652,80.2278213501,45442,45452,10
12.8385400772,80.2280197144,45452,45462,10
12.8375902176,80.2282333374,45462,45472,10
12.8364295959,80.2284317017,45472,45482,10
12.8351402283,80.2286300659,45482,45492,10
12.8337802887,80.2288665771,45492,45502,10
12.8325500488,80.2291107178,45502,45513,11
12.8322200775,80.2291793823,45513,45523,10
12.8320398331,80.2292327881,45523,45533,10
12.8314599991,80.2293701172,45533,45543,10
12.8305997849,80.229637146,45543,45553,10
12.8295297623,80.2300415039,45553,45563,10
12.8283901215,80.2305603027,45563,45573,10
12.8271999359,80.2311706543,45573,45584,11
12.8257799149,80.2313995361,45584,45594,10
12.8244695663,80.2313613892,45594,45604,10
12.823220253,80.231010437,45604,45614,10
12.8219299316,80.2306213379,45614,45624,10
12.8205900192,80.2304916382,45624,45634,10
12.8193397522,80.2305221558,45634,45644,10
12.818860054,80.2305221558,45644,45654,10
12.8186998367,80.2304534912,45654,45665,11
12.8180503845,80.230140686,45665,45675,10
12.817150116,80.2297515869,45675,45685,10
12.815990448,80.2294921875,45685,45695,10
12.8147296906,80.2293167114,45695,45705,10
12.8134098053,80.2289810181,45705,45715,10
12.81208992,80.2285308838,45715,45725,10
12.8107500076,80.2280273438,45725,45736,11
12.8094997406,80.2274780273,45736,45746,10
12.8084402084,80.2267532349,45746,45756,10
12.8074398041,80.2258911133,45756,45766,10
12.806599617,80.2251205444,45766,45776,10
12.8057899475,80.2244186401,45776,45786,10
12.805270195,80.2241210938,45786,45796,10
12.8050804138,80.2240829468,45796,45806,10
12.8049898148,80.2240600586,45806,45817,11
12.8044500351,80.2239837646,45817,45827,10
12.8035802841,80.2238998413,45827,45837,10
12.8024902344,80.2237701416,45837,45847,10
12.8013000488,80.2236480713,45847,45857,10
12.8003797531,80.2235717773,45857,45867,10
12.7992296219,80.2234573364,45867,45877,10
12.7979402542,80.2233200073,45877,45888,11
12.7966604233,80.2230987549,45888,45898,10
12.7959604263,80.2229995728,45898,45908,10
12.7958402634,80.2229690552,45908,45918,10
12.7953100204,80.222869873,45918,45928,10
12.7944202423,80.2227401733,45928,45938,10
12.7933197021,80.2225799561,45938,45948,10
12.7921199799,80.2223434448,45948,45958,10
12.7908601761,80.2220306396,45958,45969,11
12.7896604538,80.2217178345,45969,45979,10
12.7887897491,80.2213821411,45979,45989,10
12.7876596451,80.2209625244,45989,46029,40
12.7876596451,80.2209625244,46029,46040,11
12.7875003815,80.2208633423,46040,46050,10
12.7871103287,80.2207336426,46050,46080,30
12.7868700027,80.2206573486,46080,46161,81
12.7868700027,80.2206573486,46161,46171,10
12.7866401672,80.2205581665,46171,46192,21
12.7866401672,80.2205581665,46192,46202,10
12.7863798141,80.2204284668,46202,46212,10
12.7862195969,80.2204971313,46212,46222,10
12.7861795425,80.2206726074,46222,46232,10
12.7861299515,80.2209701538,46232,46242,10
12.7861404419,80.2212295532,46242,46252,10
12.786239624,80.2219314575,46252,46891,639
12.7861995697,80.2218399048,46891,47256,365
12.7862596512,80.221786499,47256,48310,1054
12.7862596512,80.221786499,48310,48320,10
12.786239624,80.2215576172,48320,48330,10
12.7861995697,80.2212219238,48330,48340,10
12.7861795425,80.2208633423,48340,48350,10
12.7861404419,80.2207565308,48350,48361,11
12.7861995697,80.2203216553,48361,48391,30
12.7863397598,80.2203369141,48391,48411,20
12.7863397598,80.2203369141,48411,48421,10
12.786649704,80.2204818726,48421,48431,10
12.7869901657,80.2205963135,48431,48442,11
12.7871103287,80.2206497192,48442,48452,10
12.7875404358,80.2207794189,48452,48462,10
12.7880296707,80.2209625244,48462,48472,10
12.7887296677,80.2212524414,48472,48482,10
12.7894201279,80.221496582,48482,48492,10
12.7897100449,80.2216033936,48492,48502,10
12.7903003693,80.2217712402,48502,48513,11
12.7912197113,80.2220077515,48513,48523,10
12.7922697067,80.2222366333,48523,48533,10
12.7934303284,80.2224273682,48533,48543,10
12.7946300507,80.2226333618,48543,48553,10
12.7963895798,80.2229232788,48553,48573,20
12.7963895798,80.2229232788,48573,48584,11
12.7967700958,80.2229919434,48584,48594,10
12.7974004745,80.2230834961,48594,48604,10
12.7982797623,80.223197937,48604,48614,10
12.7991600037,80.2232818604,48614,48624,10
12.8002300262,80.2234115601,48624,48634,10
12.8012104034,80.2235031128,48634,48644,10
12.8013801575,80.2235336304,48644,48654,10
12.8016395569,80.2235794067,48654,48665,11
12.8024396896,80.2236480713,48665,48675,10
12.8032503128,80.2237701416,48675,48685,10
12.8041601181,80.2238388062,48685,48695,10
12.8050699234,80.2239685059,48695,48705,10
12.8055095673,80.2240905762,48705,48715,10
12.8057804108,80.2242507935,48715,48725,10
12.8063201904,80.2247314453,48725,48736,11
12.8071603775,80.2254714966,48736,48746,10
12.8080396652,80.2262191772,48746,48756,10
12.8089895248,80.2269973755,48756,48766,10
12.8100500107,80.2275924683,48766,48776,10
12.8112602234,80.2281036377,48776,48786,10
12.8125600815,80.228553772,48786,48796,10
12.8138198853,80.2289733887,48796,48806,10
12.8150196075,80.2292175293,48806,48817,11
12.8164396286,80.2294311523,48817,48827,10
12.8176498413,80.2298126221,48827,48837,10
12.8187599182,80.2303085327,48837,48847,10
12.8196697235,80.2304000854,48847,48857,10
12.8198099136,80.2303771973,48857,48867,10
12.8202896118,80.2303771973,48867,48877,10
12.8211603165,80.2303771973,48877,48888,11
12.8222904205,80.2305831909,48888,48898,10
12.8234500885,80.2309265137,48898,48908,10
12.8246898651,80.2312316895,48908,48918,10
12.8258495331,80.2312774658,48918,48928,10
12.8269395828,80.2311706543,48928,48938,10
12.8279895782,80.2306594849,48938,48948,10
12.8290596008,80.2300872803,48948,48958,10
12.8300895691,80.2296600342,48958,48969,11
12.8309803009,80.2293319702,48969,48999,30
12.8309803009,80.2293319702,48999,49009,10
12.8312101364,80.2292785645,49009,49019,10
12.8312196732,80.2292709351,49019,49029,10
12.8313598633,80.2292175293,49029,49040,11
12.8313999176,80.2291793823,49040,49050,10
12.8317699432,80.2290725708,49050,49060,10
12.8324604034,80.2288970947,49060,49070,10
12.8333501816,80.2287368774,49070,49080,10
12.8344402313,80.2285614014,49080,49090,10
12.8356800079,80.2283782959,49090,49100,10
12.836979866,80.228187561,49100,49110,10
12.8382301331,80.2279510498,49110,49121,11
12.8394203186,80.2276382446,49121,49141,20
12.8394203186,80.2276382446,49141,49151,10
12.839679718,80.2275695801,49151,49161,10
12.8398199081,80.2275238037,49161,49171,10
12.8403196335,80.2273788452,49171,49181,10
12.8410596848,80.2271575928,49181,49192,11
12.8421096802,80.2269210815,49192,49202,10
12.8432598114,80.2267074585,49202,49212,10
12.844420433,80.2265472412,49212,49222,10
12.8452396393,80.2264862061,49222,49232,10
12.845290184,80.2264785767,49232,49242,10
12.8454198837,80.2264785767,49242,49252,10
12.8459501266,80.2264785767,49252,49262,10
12.8468198776,80.2264633179,49262,49273,11
12.847990036,80.2264709473,49273,49283,10
12.8491601944,80.2264709473,49283,49293,10
12.8503103256,80.2265014648,49293,49303,10
12.8515396118,80.2265319824,49303,49313,10
12.8528699875,80.2265701294,49313,49323,10
12.8541603088,80.2264709473,49323,49333,10
12.855340004,80.226348877,49333,49344,11
12.856880188,80.2261734009,49344,49354,10
12.8579998016,80.2260971069,49354,49364,10
12.8586502075,80.2261276245,49364,49374,10
12.8595104218,80.226272583,49374,49384,10
12.8605604172,80.2264404297,49384,49394,10
12.8617401123,80.2264633179,49394,49404,10
12.8629999161,80.2264175415,49404,49414,10
12.8643102646,80.2264404297,49414,49425,11
12.8658599854,80.2264480591,49425,49435,10
12.8672704697,80.2263412476,49435,49445,10
12.8687095642,80.226272583,49445,49455,10
12.87018013,80.2264480591,49455,49465,10
12.8716001511,80.2265472412,49465,49475,10
12.8726301193,80.2265396118,49475,49485,10
12.872759819,80.2265396118,49485,49496,11
12.8732004166,80.2265701294,49496,49506,10
12.8739500046,80.2266235352,49506,49516,10
12.8748998642,80.2267532349,49516,49526,10
12.8759403229,80.2268371582,49526,49536,10
12.8768100739,80.226852417,49536,49546,10
12.8779001236,80.2267303467,49546,49556,10
12.8790998459,80.2266464233,49556,49566,10
12.8804397583,80.2266311646,49566,49577,11
12.8818798065,80.2266082764,49577,49587,10
12.8831996918,80.226600647,49587,49597,10
12.8844804764,80.226600647,49597,49607,10
12.8851604462,80.2265930176,49607,49617,10
12.8852596283,80.2266082764,49617,49627,10
12.8857803345,80.2267303467,49627,49637,10
12.8866100311,80.2269515991,49637,49648,11
12.8877496719,80.2271575928,49648,49658,10
12.8889598846,80.2272415161,49658,49668,10
12.8902702332,80.2272415161,49668,49678,10
12.8914499283,80.2272415161,49678,49688,10
12.8921804428,80.2272720337,49688,49698,10
12.8922395706,80.2272872925,49698,49708,10
12.8925199509,80.2273178101,49708,49718,10
12.8931598663,80.2273788452,49718,49729,11
12.8941402435,80.2275009155,49729,49739,10
12.8951396942,80.2275390625,49739,49749,10
12.8963603973,80.2275924683,49749,49759,10
12.8976602554,80.2276611328,49759,49769,10
12.8989095688,80.227722168,49769,49779,10
12.8999900818,80.2277526855,49779,49789,10
12.9004001617,80.2277374268,49789,49800,11
12.9006004333,80.2277374268,49800,49810,10
12.9009599686,80.2278137207,49810,49820,10
12.9013900757,80.2278366089,49820,49830,10
12.9024095535,80.2278671265,49830,49850,20
12.9024095535,80.2278671265,49850,49860,10
12.9025297165,80.2278823853,49860,49870,10
12.9030303955,80.2279205322,49870,49881,11
12.9038801193,80.2279663086,49881,49891,10
12.9048500061,80.2280426025,49891,49901,10
12.905790329,80.2280502319,49901,49911,10
12.9065103531,80.2280883789,49911,49921,10
12.9066495895,80.2281036377,49921,49931,10
12.9069004059,80.2281723022,49931,49941,10
12.9075202942,80.2282791138,49941,49952,11
12.908490181,80.2284164429,49952,49962,10
12.9095697403,80.2285995483,49962,49972,10
12.9106397629,80.2287597656,49972,49981,9
12.9118795395,80.2289505005,49981,49992,11
12.913189888,80.229133606,49992,50002,10
12.9138898849,80.2292022705,50002,50012,10
12.9139204025,80.2291870117,50012,50023,11
12.9140396118,80.2291870117,50023,50033,10
12.9145202637,80.2292633057,50033,50043,10
12.9152297974,80.2293395996,50043,50053,10
12.9161901474,80.2295227051,50053,50063,10
12.9173297882,80.2296829224,50063,50073,10
12.9185400009,80.2298583984,50073,50083,10
12.9197597504,80.2300415039,50083,50093,10
12.9210596085,80.2302017212,50093,50104,11
12.9225196838,80.2304229736,50104,50114,10
12.9238300323,80.2305984497,50114,50124,10
12.925069809,80.2307434082,50124,50134,10
12.9261302948,80.2308273315,50134,50144,10
12.926320076,80.2308578491,50144,50154,10
12.9266300201,80.2309112549,50154,50164,10
12.9272499084,80.2309875488,50164,50175,11
12.9281597137,80.2311096191,50175,50185,10
12.9291496277,80.2312698364,50185,50195,10
12.9302902222,80.2315216064,50195,50205,10
12.9314498901,80.231880188,50205,50215,10
12.9326095581,80.2322692871,50215,50225,10
12.9334497452,80.2326126099,50225,50235,10
12.9334802628,80.2326278687,50235,50245,10
12.9336299896,80.2326965332,50245,50256,11
12.9341897964,80.232963562,50256,50266,10
12.9349403381,80.2333221436,50266,50276,10
12.9358196259,80.2337188721,50276,50286,10
12.9368495941,80.2341918945,50286,50296,10
12.9379701614,80.2347412109,50296,50306,10
12.9390802383,80.2352828979,50306,50316,10
12.9397096634,80.2355804443,50316,50327,11
12.939740181,80.2356109619,50327,50337,10
12.9401197433,80.2357711792,50337,50347,10
12.9407901764,80.2359695435,50347,50357,10
12.9416599274,80.2361679077,50357,50367,10
12.9426498413,80.2364883423,50367,50377,10
12.943400383,80.2370223999,50377,50387,10
12.9443998337,80.2380905151,50387,50397,10
12.9452896118,80.2390213013,50397,50408,11
12.946559906,80.239616394,50408,50418,10
12.9472198486,80.2398910522,50418,50428,10
12.9472198486,80.2398986816,50428,50438,10
12.9474802017,80.2400131226,50438,50448,10
12.9480695724,80.2402496338,50448,50458,10
12.9485797882,80.2404403687,50458,50468,10
12.948969841,80.2406005859,50468,50479,11
12.9496002197,80.2408370972,50479,50489,10
12.9502801895,80.2410583496,50489,50499,10
12.9507102966,80.2411575317,50499,50519,20
12.9507102966,80.2411575317,50519,50529,10
12.951089859,80.241317749,50529,50539,10
12.9517002106,80.2415390015,50539,50549,10
12.9524698257,80.2418289185,50549,50560,11
12.9534702301,80.2422103882,50560,50570,10
12.9540300369,80.2424621582,50570,50580,10
12.9545202255,80.2426681519,50580,50590,10
12.955160141,80.2429199219,50590,50600,10
12.9559001923,80.2431793213,50600,50610,10
12.9563503265,80.243347168,50610,50620,10
12.9565496445,80.2434310913,50620,50631,11
12.9572200775,80.2437210083,50631,50641,10
12.9580497742,80.2440719604,50641,50651,10
12.9587001801,80.2443237305,50651,50661,10
12.958729744,80.2443389893,50661,50671,10
12.9590997696,80.2445297241,50671,50681,10
12.9597396851,80.2448272705,50681,50691,10
12.9605503082,80.2452011108,50691,50701,10
12.9615097046,80.2456588745,50701,50712,11
12.9626102448,80.2462005615,50712,50722,10
12.9632501602,80.2464675903,50722,50732,10
12.9637002945,80.2466812134,50732,50742,10
12.96434021,80.2469406128,50742,50752,10
12.9651098251,80.2472229004,50752,50762,10
12.965929985,80.247467041,50762,50772,10
12.9665803909,80.247756958,50772,50783,11
12.9666595459,80.2478179932,50783,50793,10
12.9669599533,80.2479476929,50793,50803,10
12.9670801163,80.2480316162,50803,50813,10
12.9675197601,80.2482376099,50813,50823,10
12.9682197571,80.2485427856,50823,50833,10
12.9690504074,80.2488021851,50833,50843,10
12.9701404572,80.2492523193,50843,50853,10
12.9713201523,80.2496566772,50853,50864,11
12.9727296829,80.250038147,50864,50874,10
12.9740104675,80.2503814697,50874,50884,10
12.975279808,80.2507476807,50884,50894,10
12.9765701294,80.251121521,50894,50904,10
12.9777002335,80.2516784668,50904,50914,10
12.9784603119,80.2522506714,50914,50924,10
12.9785804749,80.2522964478,50924,50935,11
12.9786396027,80.2523498535,50935,50945,10
12.9790897369,80.2525100708,50945,50955,10
12.9798402786,80.2526092529,50955,50965,10
12.9807300568,80.2526321411,50965,50975,10
12.9818496704,80.2525787354,50975,50985,10
12.9830799103,80.2524719238,50985,50995,10
12.9843797684,80.2521820068,50995,51005,10
12.9855203629,80.2518615723,51005,51016,11
12.9861803055,80.2516937256,51016,51026,10
12.9864597321,80.2516174316,51026,51036,10
12.9865198135,80.2516098022,51036,51046,10
12.9866304398,80.2515563965,51046,51056,10
12.986989975,80.2514801025,51056,51066,10
12.9874801636,80.2513275146,51066,51076,10
12.9880895615,80.2511978149,51076,51087,11
12.9890203476,80.2509307861,51087,51097,10
12.9893903732,80.250831604,51097,51107,10
12.9895896912,80.250793457,51107,51117,10
12.9901399612,80.2506790161,51117,51127,10
12.9909296036,80.2504882813,51127,51137,10
12.9918403625,80.25025177,51137,51147,10
12.9929199219,80.25,51147,51158,11
12.9942102432,80.249671936,51158,51168,10
12.9954395294,80.249382019,51168,51178,10
12.9967002869,80.2490692139,51178,51188,10
12.998000145,80.2487487793,51188,51198,10
12.9991903305,80.2484588623,51198,51208,10
13.0004196167,80.2481384277,51208,51218,10
13.0016202927,80.247833252,51218,51228,10
13.0025596619,80.2476119995,51228,51239,11
13.0036697388,80.2473983765,51239,51249,10
13.00481987,80.247253418,51249,51259,10
13.005900383,80.2469863892,51259,51269,10
13.0064496994,80.2465286255,51269,51279,10
13.0064601898,80.2465133667,51279,51289,10
13.0065097809,80.2462387085,51289,51299,10
13.0065603256,80.2455673218,51299,51310,11
13.0065803528,80.2446212769,51310,51320,10
13.0065402985,80.2436599731,51320,51330,10
13.006529808,80.2426605225,51330,51340,10
13.0065402985,80.2415313721,51340,51350,10
13.0067100525,80.2405929565,51350,51360,10
13.0068998337,80.2395629883,51360,51370,10
13.0071001053,80.2384567261,51370,51380,10
13.0073204041,80.237487793,51380,51391,11
13.0074195862,80.2367401123,51391,51401,10
13.0074501038,80.236618042,51401,51411,10
13.0075597763,80.2361984253,51411,51421,10
13.0076904297,80.2354888916,51421,51431,10
13.0078601837,80.2346801758,51431,51441,10
13.0080003738,80.2339172363,51441,51451,10
13.0082798004,80.2325820923,51451,51462,11
13.0085000992,80.2313079834,51462,51472,10
13.0087203979,80.230178833,51472,51482,10
13.0089597702,80.2289962769,51482,51492,10
13.0092802048,80.2278823853,51492,51502,10
13.009759903,80.2268218994,51502,51512,10
13.0102996826,80.2257614136,51512,51522,10
13.010720253,80.224899292,51522,51532,10
13.0109395981,80.2242202759,51532,51543,11
13.0112304688,80.2234191895,51543,51553,10
13.0116195679,80.2225036621,51553,51563,10
13.0119800568,80.2215194702,51563,51573,10
13.0124197006,80.2215805054,51573,51583,10
13.0129003525,80.2220916748,51583,51593,10
13.0135202408,80.2228012085,51593,51603,10
13.0141897202,80.2236022949,51603,51614,11
13.0148801804,80.224319458,51614,51624,10
13.0151500702,80.2246398926,51624,51634,10
13.0154495239,80.2249603271,51634,51644,10
13.0155601501,80.2250137329,51644,51654,10
13.0157003403,80.2250671387,51654,51664,10
13.0161895752,80.2252731323,51664,51674,10
13.0169401169,80.225112915,51674,51684,10
13.0178003311,80.2247772217,51684,51695,11
13.0188703537,80.2243423462,51695,51705,10
13.0193996429,80.2242507935,51705,51755,50
13.0193996429,80.2242507935,51755,51766,11
13.0195398331,80.2242736816,51766,51776,10
13.0196895599,80.2244110107,51776,51786,10
13.0199098587,80.2245788574,51786,51796,10
13.0202703476,80.2248916626,51796,51806,10
13.0208797455,80.2253417969,51806,51816,10
13.0215597153,80.2258682251,51816,51826,10
13.0222702026,80.2264404297,51826,51836,10
13.0230102539,80.2270812988,51836,51847,11
13.0237903595,80.2277832031,51847,51857,10
13.0243301392,80.2283401489,51857,51867,10
13.0243902206,80.2285614014,51867,51877,10
13.0240402222,80.2283325195,51877,51887,10
13.0236301422,80.2278594971,51887,51897,10
13.0234003067,80.2276306152,51897,52354,457
13.0234003067,80.2276306152,52354,52364,10
13.0232696533,80.2274780273,52364,52375,11
13.0230302811,80.2272567749,52375,52385,10
13.0226802826,80.2269134521,52385,52395,10
13.0223798752,80.2266464233,52395,52405,10
13.0219602585,80.2263183594,52405,52415,10
13.0214395523,80.2258911133,52415,52425,10
13.0207996368,80.2254180908,52425,52435,10
13.0201396942,80.2249679565,52435,52446,11
13.0192604065,80.2245178223,52446,52456,10
13.0182600021,80.2247314453,52456,52466,10
13.0172300339,80.2251281738,52466,52476,10
13.0163898468,80.2254714966,52476,52486,10
13.0159196854,80.2256317139,52486,52496,10
13.0153102875,80.2258605957,52496,52506,10
13.0147600174,80.2260818481,52506,52516,10
13.0143299103,80.2261962891,52516,52527,11
13.0142002106,80.2260818481,52527,52537,10
13.0141201019,80.2255325317,52537,52658,121
13.0141201019,80.2255325317,52658,52669,11
13.0140800476,80.2252731323,52669,52679,10
13.0142402649,80.2254180908,52679,52689,10
13.0142402649,80.2257385254,52689,52699,10
13.0142602921,80.2261123657,52699,52750,51
13.0142602921,80.2261123657,52750,52760,10
13.0141201019,80.2263412476,52760,52770,10
13.0136699677,80.2265167236,52770,52780,10
13.0129299164,80.2267913818,52780,52790,10
13.0121202469,80.227142334,52790,52800,10
13.0112199783,80.2275009155,52800,52810,10
13.0103597641,80.2278594971,52810,52821,11
13.0094604492,80.2282409668,52821,52831,10
13.0091199875,80.2289886475,52831,52841,10
13.0089197159,80.2300109863,52841,52851,10
13.0087299347,80.2310714722,52851,52861,10
13.0085201263,80.2322311401,52861,52871,10
13.0083198547,80.2332229614,52871,52881,10
13.0082597733,80.2336425781,52881,52891,10
13.0082302094,80.2337036133,52891,52902,11
13.0081195831,80.2341918945,52902,52912,10
13.0079898834,80.2348632813,52912,52922,10
13.0078802109,80.2354202271,52922,52932,10
13.0077104568,80.2362518311,52932,52942,10
13.0074901581,80.2373275757,52942,52950,8
13.0073003769,80.2381973267,52950,52962,12
13.007060051,80.2394104004,52962,52973,11
13.006939888,80.2403106689,52973,52983,10
13.0068902969,80.2406387329,52983,52993,10
13.0069198608,80.2408218384,52993,53003,10
13.0068302155,80.2414398193,53003,53013,10
13.0067501068,80.2422866821,53013,53023,10
13.0066995621,80.2432098389,53023,53033,10
13.0067596436,80.2440719604,53033,53043,10
13.0067100525,80.2449569702,53043,53054,11
13.0067396164,80.2458190918,53054,53064,10
13.0067396164,80.2461013794,53064,53074,10
13.0067396164,80.2466964722,53074,53084,10
13.0066404343,80.2472991943,53084,53094,10
13.0060195923,80.2473983765,53094,53104,10
13.0058097839,80.2474594116,53104,53114,10
13.0053195953,80.2474517822,53114,53125,11
13.0044202805,80.2474975586,53125,53135,10
13.0033998489,80.2476196289,53135,53145,10
13.0023803711,80.2477874756,53145,53155,10
13.0013504028,80.248046875,53155,53165,10
13.0001802444,80.248336792,53165,53175,10
12.9989299774,80.2486572266,53175,53185,10
12.9976997375,80.2489929199,53185,53195,10
12.9964599609,80.2493209839,53195,53206,11
12.9950799942,80.2497329712,53206,53216,10
12.9937295914,80.250038147,53216,53226,10
12.9923400879,80.2503585815,53226,53236,10
12.9910802841,80.2506484985,53236,53246,10
12.9899997711,80.2509384155,53246,53256,10
12.9890699387,80.2512207031,53256,53266,10
12.988409996,80.2513809204,53266,53287,21
12.988409996,80.2513809204,53287,53297,10
12.9883699417,80.2513580322,53297,53307,10
12.9880399704,80.251449585,53307,53317,10
12.9874401093,80.2515563965,53317,53327,10
12.9866199493,80.2517929077,53327,53337,10
12.9858598709,80.2519607544,53337,53347,10
12.984919548,80.2522125244,53347,53358,11
12.9836902618,80.2525405884,53358,53368,10
12.9827003479,80.2526931763,53368,53378,10
12.9816303253,80.2527236938,53378,53388,10
12.9807195663,80.252746582,53388,53397,9
12.9805202484,80.2527694702,53397,53408,11
12.9801101685,80.2528076172,53408,53418,10
12.9793796539,80.2527389526,53418,53429,11
12.9787197113,80.2526321411,53429,53439,10
12.9783401489,80.2524337769,53439,53449,10
12.9777402878,80.2519378662,53449,53459,10
12.9769096375,80.251411438,53459,53469,10
12.9758300781,80.251083374,53469,53479,10
12.9746799469,80.2507476807,53479,53489,10
12.9735803604,80.2504577637,53489,53499,10
12.972410202,80.2501525879,53499,53510,11
12.9710597992,80.2497634888,53510,53520,10
12.9698600769,80.2493515015,53520,53530,10
12.9687204361,80.248916626,53530,53540,10
12.9676799774,80.2485275269,53540,53550,10
12.9668397903,80.2481231689,53550,53560,10
12.9660997391,80.2477493286,53560,53570,10
12.9653396606,80.2474517822,53570,53581,11
12.9650802612,80.2473373413,53581,53591,10
12.9650297165,80.2472763062,53591,53601,10
12.9646196365,80.2471389771,53601,53611,10
12.9639196396,80.2468795776,53611,53621,10
12.9630203247,80.2465133667,53621,53631,10
12.9621696472,80.2461013794,53631,53641,10
12.9608402252,80.2454605103,53641,53651,10
12.9598302841,80.2450180054,53651,53662,11
12.959569931,80.2449035645,53662,53672,10
12.9594602585,80.2448425293,53672,53682,10
12.9589195251,80.2446212769,53682,53692,10
12.9581298828,80.2442779541,53692,53702,10
12.9575099945,80.2440185547,53702,53712,10
12.9568395615,80.2438430786,53712,53722,10
12.9564304352,80.2437210083,53722,53733,11
12.9563999176,80.2437133789,53733,53743,10
12.9560604095,80.2435836792,53743,53753,10
12.955450058,80.2432327271,53753,53763,10
12.9546604156,80.2428512573,53763,53773,10
12.9538297653,80.242477417,53773,53783,10
12.9529104233,80.2420730591,53783,53793,10
12.9520597458,80.2417984009,53793,53803,10
12.9513902664,80.2415466309,53803,53814,11
12.9505195618,80.2412490845,53814,53824,10
12.9495000839,80.2409515381,53824,53834,10
12.9486303329,80.2406311035,53834,53844,10
12.9476804733,80.2402191162,53844,53854,10
12.9468002319,80.2398681641,53854,53864,10
12.9464998245,80.2397918701,53864,53874,10
12.9462604523,80.2396774292,53874,53885,11
12.9455900192,80.2393569946,53885,53895,10
12.9448699951,80.238822937,53895,53905,10
12.9441099167,80.2379989624,53905,53915,10
12.94328022,80.2371673584,53915,53925,10
12.9422597885,80.2365112305,53925,53935,10
12.9410800934,80.2361831665,53935,53945,10
12.9401702881,80.2359390259,53945,53956,11
12.9397497177,80.2357788086,53956,53966,10
12.9394702911,80.2356262207,53966,53976,10
12.9388399124,80.2353210449,53976,53986,10
12.9379997253,80.23487854,53986,53996,10
12.937040329,80.234413147,53996,54006,10
12.9362001419,80.2340164185,54006,54016,10
12.9355201721,80.2336807251,54016,54026,10
12.9345998764,80.233291626,54026,54037,11
12.9334697723,80.2327804565,54037,54047,10
12.9323301315,80.2323303223,54047,54057,10
12.931139946,80.2319412231,54057,54067,10
12.9300203323,80.2316131592,54067,54077,10
12.9290599823,80.2313995361,54077,54087,10
12.9279003143,80.2312011719,54087,54097,10
12.9266796112,80.231048584,54097,54108,11
12.9259595871,80.2309875488,54108,54118,10
12.9256601334,80.2309417725,54118,54128,10
12.9251804352,80.2308883667,54128,54138,10
12.924489975,80.2308197021,54138,54148,10
12.9235897064,80.2306976318,54148,54158,10
12.9224796295,80.2305297852,54158,54168,10
12.9212503433,80.2303619385,54168,54178,10
12.9200496674,80.2302093506,54178,54189,11
12.9187297821,80.2300262451,54189,54199,10
12.9175300598,80.2298965454,54199,54209,10
12.9163198471,80.2297363281,54209,54219,10
12.9151296616,80.2295837402,54219,54229,10
12.9139499664,80.2294387817,54229,54239,10
12.9134101868,80.2293777466,54239,54249,10
12.9133195877,80.2293624878,54249,54260,11
12.9130802155,80.229309082,54260,54270,10
12.9124603271,80.2291793823,54270,54280,10
12.9115800858,80.2290420532,54280,54290,10
12.9104795456,80.2288894653,54290,54300,10
12.9092597961,80.2286911011,54300,54310,10
12.9081001282,80.2285003662,54310,54320,10
12.90721035,80.2283782959,54320,54330,10
12.9066295624,80.2283172607,54330,54341,11
12.9063997269,80.228302002,54341,54351,10
12.906080246,80.2282791138,54351,54361,10
12.9053697586,80.2282562256,54361,54371,10
12.904419899,80.2281799316,54371,54381,10
12.9033498764,80.2281112671,54381,54391,10
12.9023103714,80.2280578613,54391,54401,10
12.901599884,80.2280197144,54401,54412,11
12.9012699127,80.2280502319,54412,54422,10
12.9007997513,80.2279968262,54422,54432,10
12.9001903534,80.2279815674,54432,54442,10
12.8996400833,80.2279586792,54442,54452,10
12.8996400833,80.2279510498,54452,54462,10
12.8992395401,80.2279205322,54462,54472,10
12.8985099792,80.2278518677,54472,54482,10
12.8975801468,80.2277679443,54482,54493,11
12.8964004517,80.2277069092,54493,54503,10
12.8952999115,80.2276611328,54503,54513,10
12.8941402435,80.2276000977,54513,54523,10
12.8930997849,80.2274780273,54523,54533,10
12.89220047,80.2273864746,54533,54543,10
12.8911399841,80.2273864746,54543,54553,10
12.8900299072,80.2274017334,54553,54564,11
12.8887996674,80.2273788452,54564,54574,10
12.8878803253,80.2273178101,54574,54584,10
12.8874597549,80.2272796631,54584,54594,10
12.8867702484,80.2271575928,54594,54604,10
12.8858995438,80.2269210815,54604,54614,10
12.8849897385,80.2267608643,54614,54624,10
12.8848600388,80.2267532349,54624,54634,10
12.8844404221,80.2267303467,54634,54645,11
12.8835897446,80.2267227173,54645,54655,10
12.8825798035,80.2267227173,54655,54665,10
12.881360054,80.2267532349,54665,54675,10
12.8800802231,80.2267684937,54675,54685,10
12.8787899017,80.2267990112,54685,54695,10
12.877579689,80.2268981934,54695,54705,10
12.876709938,80.2269668579,54705,54716,11
12.8764896393,80.2269897461,54716,54726,10
12.8764200211,80.2269973755,54726,54736,10
12.8759698868,80.2269973755,54736,54746,10
12.8751802444,80.2269363403,54746,54756,10
12.8741598129,80.2268295288,54756,54766,10
12.8731403351,80.2267532349,54766,54776,10
12.8719902039,80.2267074585,54776,54786,10
12.8706998825,80.2266616821,54786,54797,11
12.8691902161,80.2265090942,54797,54807,10
12.8677997589,80.2264404297,54807,54817,10
12.8667001724,80.2265625,54817,54827,10
12.8650503159,80.2266387939,54827,54837,10
12.863699913,80.2265777588,54837,54847,10
12.8623800278,80.2266082764,54847,54857,10
12.861289978,80.2266464233,54857,54868,11
12.8610601425,80.2266387939,54868,54878,10
12.8606100082,80.2265777588,54878,54888,10
12.8597898483,80.2264709473,54888,54898,10
12.8589200974,80.2263412476,54898,54908,10
12.8585195541,80.2263183594,54908,54918,10
12.8578195572,80.2263412476,54918,54928,10
12.8569002151,80.2264328003,54928,54938,10
12.8557796478,80.2265777588,54938,54949,11
12.8544502258,80.2266998291,54949,54959,10
12.8531904221,80.2267990112,54959,54969,10
12.8519496918,80.2267684937,54969,54979,10
12.8507604599,80.2267227173,54979,54989,10
12.8495798111,80.2266616821,54989,54999,10
12.8483800888,80.2266311646,54999,55009,10
12.8472204208,80.2266387939,55009,55020,11
12.8459997177,80.2266616821,55020,55030,10
12.845459938,80.2266616821,55030,55040,10
12.8454198837,80.2266387939,55040,55050,10
12.8450202942,80.2266464233,55050,55060,10
12.8442497253,80.2267532349,55060,55070,10
12.8432502747,80.2268600464,55070,55080,10
12.8420801163,80.2270812988,55080,55090,10
12.8408899307,80.2274017334,55090,55101,11
12.8400602341,80.2276306152,55101,55111,10
12.8396596909,80.2276992798,55111,55121,10
12.8394804001,80.2277374268,55121,55131,10
12.8388996124,80.2279281616,55131,55141,10
12.8380403519,80.2281494141,55141,55151,10
12.8369703293,80.2283325195,55151,55161,10
12.8357200623,80.2285308838,55161,55172,11
12.8343296051,80.228767395,55172,55182,10
12.8331098557,80.2289962769,55182,55192,10
12.8323202133,80.2291412354,55192,55202,10
12.8322296143,80.2291488647,55202,55212,10
12.8317499161,80.2292785645,55212,55222,10
12.8309898376,80.2294998169,55222,55232,10
12.8299598694,80.2298736572,55232,55242,10
12.8288202286,80.2303466797,55242,55253,11
12.8275604248,80.2310562134,55253,55263,10
12.8263902664,80.2314224243,55263,55273,10
12.8250799179,80.2314605713,55273,55283,10
12.8238697052,80.2312011719,55283,55293,10
12.8226203918,80.2308197021,55293,55303,10
12.8213195801,80.2304992676,55303,55313,10
12.820019722,80.2304992676,55313,55324,11
12.818980217,80.2305221558,55324,55334,10
12.8188199997,80.2304763794,55334,55344,10
12.8183403015,80.2302627563,55344,55354,10
12.8175802231,80.2299194336,55354,55364,10
12.8165998459,80.229598999,55364,55374,10
12.8154201508,80.2293930054,55374,55384,10
12.8142499924,80.2291793823,55384,55394,10
12.8131103516,80.2288513184,55394,55405,11
12.8117399216,80.2284011841,55405,55415,10
12.8104896545,80.2279129028,55415,55425,10
12.8092899323,80.2273712158,55425,55435,10
12.8083000183,80.2265777588,55435,55445,10
12.8073596954,80.2257614136,55445,55455,10
12.8066797256,80.2251586914,55455,55465,10
12.8059301376,80.2245025635,55465,55476,11
12.805150032,80.224067688,55476,55486,10
12.804980278,80.2240219116,55486,55496,10
12.8045597076,80.2239379883,55496,55506,10
12.8037796021,80.2238769531,55506,55516,10
12.8027601242,80.2237701416,55516,55526,10
12.8015499115,80.2236175537,55526,55536,10
12.800330162,80.2235336304,55536,55546,10
12.7991399765,80.2234420776,55546,55557,11
12.7977695465,80.2233200073,55557,55567,10
12.7965602875,80.2230834961,55567,55577,10
12.7953300476,80.2228622437,55577,55587,10
12.7940502167,80.22265625,55587,55597,10
12.7928199768,80.2224807739,55597,55607,10
12.7916402817,80.2222137451,55607,55617,10
12.7904596329,80.2219085693,55617,55628,11
12.7894697189,80.2216186523,55628,55638,10
12.7888002396,80.2213821411,55638,55648,10
12.7880001068,80.2210617065,55648,55658,10
12.7873096466,80.2208099365,55658,55688,30
12.7873096466,80.2208099365,55688,55698,10
12.7870903015,80.2206802368,55698,55709,11
12.7865800858,80.2204971313,55709,55719,10
12.7864303589,80.220489502,55719,55729,10
12.7862997055,80.2204589844,55729,55749,20
12.7862997055,80.2204589844,55749,55759,10
12.7861995697,80.2204437256,55759,55769,10
12.7861700058,80.2205429077,55769,55779,10
12.7861604691,80.2205963135,55779,55790,11
12.7861604691,80.2208099365,55790,55800,10
12.7861700058,80.2212524414,55800,55810,10
12.786239624,80.2216491699,55810,55972,162
12.7862300873,80.2220687866,55972,56357,385
12.7862300873,80.2220687866,56357,56367,10
12.786239624,80.221862793,56367,56378,11
12.7862195969,80.2217025757,56378,56438,60
12.7862195969,80.2217025757,56438,56448,10
12.7861700058,80.2209396362,56448,56509,61
12.7861700058,80.2209396362,56509,56519,10
12.7861604691,80.2205886841,56519,56540,21
12.7861700058,80.2203903198,56540,56590,50
12.7861700058,80.2203903198,56590,56600,10
12.7865495682,80.2204208374,56600,56611,11
12.7867698669,80.220489502,56611,56621,10
12.7869796753,80.2205963135,56621,56631,10
12.7873296738,80.2207107544,56631,56641,10
12.7878799438,80.2208786011,56641,56651,10
12.7885303497,80.2211303711,56651,56661,10
12.7892999649,80.2214202881,56661,56671,10
12.7897596359,80.2215881348,56671,56682,11
12.7900896072,80.2216796875,56682,56692,10
12.7907304764,80.221862793,56692,56702,10
12.7916402817,80.2220993042,56702,56712,10
12.7927398682,80.2223434448,56712,56722,10
12.7939500809,80.2225112915,56722,56732,10
12.7951202393,80.2227020264,56732,56742,10
12.7961397171,80.2228622437,56742,56752,10
12.7964801788,80.2229309082,56752,56763,11
12.7969503403,80.2230300903,56763,56773,10
12.7976799011,80.2231369019,56773,56783,10
12.7985200882,80.2232284546,56783,56793,10
12.7995004654,80.2233505249,56793,56803,10
12.800620079,80.2234802246,56803,56813,10
12.801609993,80.2235488892,56813,56823,10
12.8026504517,80.2236785889,56823,56834,11
12.8037204742,80.2238235474,56834,56844,10
12.8045902252,80.2238922119,56844,56854,10
12.8053503036,80.2240066528,56854,56864,10
12.8055496216,80.2240982056,56864,56874,10
12.8059797287,80.2244415283,56874,56884,10
12.8066701889,80.2249984741,56884,56894,10
12.8074197769,80.2256164551,56894,56905,11
12.808380127,80.2264175415,56905,56915,10
12.8090896606,80.2269973755,56915,56925,10
12.8099498749,80.2275238037,56925,56935,10
12.8110599518,80.2279968262,56935,56945,10
12.8122997284,80.2284393311,56945,56955,10
12.8135595322,80.2288818359,56955,56965,10
12.8148498535,80.2291870117,56965,56975,10
12.8161401749,80.2294006348,56975,56986,11
12.8174800873,80.2297286987,56986,56996,10
12.8185997009,80.2302627563,56996,57006,10
12.8196001053,80.2304382324,57006,57016,10
12.8204097748,80.2304077148,57016,57026,10
12.8214597702,80.230430603,57026,57036,10
12.8226804733,80.2306976318,57036,57046,10
12.8238801956,80.231048584,57046,57057,11
12.8252096176,80.2313079834,57057,57067,10
12.826499939,80.2312698364,57067,57077,10
12.8276500702,80.2309570313,57077,57087,10
12.8287801743,80.2303390503,57087,57097,10
12.8299703598,80.2298126221,57097,57107,10
12.8309202194,80.2294006348,57107,57117,10
12.8310499191,80.2294464111,57117,57127,10
12.8313102722,80.2293014526,57127,57138,11
12.8319702148,80.2290878296,57138,57148,10
12.8327999115,80.2289199829,57148,57158,10
12.8337802887,80.2287597656,57158,57168,10
12.8348197937,80.2285995483,57168,57178,10
12.8359804153,80.2284088135,57178,57188,10
12.8371601105,80.2282562256,57188,57198,10
12.8382797241,80.2280197144,57198,57209,11
12.8391199112,80.2277832031,57209,57219,10
12.8394098282,80.227722168,57219,57249,30
12.8394098282,80.227722168,57249,57259,10
12.8396100998,80.2276382446,57259,57269,10
12.8400402069,80.2274932861,57269,57279,10
12.8407897949,80.2273025513,57279,57290,11
12.8418598175,80.2270202637,57290,57300,10
12.8429899216,80.2267990112,57300,57310,10
12.8440504074,80.2266235352,57310,57320,10
12.8453197479,80.2265014648,57320,57340,20
12.8453197479,80.2265014648,57340,57350,10
12.8454303741,80.2264862061,57350,57361,11
12.8459196091,80.2264785767,57361,57371,10
12.8466596603,80.2264709473,57371,57381,10
12.8476200104,80.2264709473,57381,57391,10
12.8486795425,80.2264633179,57391,57401,10
12.849729538,80.2264709473,57401,57411,10
12.8500003815,80.2264785767,57411,57421,10
12.850110054,80.2265014648,57421,57431,10
12.8506097794,80.2265090942,57431,57442,11
12.8514795303,80.2265319824,57442,57452,10
12.8524999619,80.2265701294,57452,57462,10
12.853679657,80.2265625,57462,57472,10
12.8549499512,80.2264328003,57472,57482,10
12.8561897278,80.2262878418,57482,57492,10
12.8574695587,80.2261734009,57492,57502,10
12.8585996628,80.2261734009,57502,57513,11
12.859869957,80.2263336182,57513,57523,10
12.8606996536,80.2264404297,57523,57533,10
12.8607702255,80.2264404297,57533,57543,10
12.8610801697,80.2264633179,57543,57553,10
12.8617401123,80.2264404297,57553,57563,10
12.8626098633,80.2264022827,57563,57573,10
12.8635997772,80.2264328003,57573,57583,10
12.8648004532,80.2264709473,57583,57594,11
12.8662395477,80.2264709473,57594,57604,10
12.8675403595,80.226348877,57604,57614,10
12.8688602448,80.22631073,57614,57624,10
12.8701400757,80.2264709473,57624,57634,10
12.8714799881,80.2265777588,57634,57644,10
12.8726100922,80.226600647,57644,57654,10
12.8728704453,80.226600647,57654,57665,11
12.8732204437,80.2266082764,57665,57675,10
12.8739004135,80.2266616821,57675,57685,10
12.8747997284,80.2267608643,57685,57695,10
12.8758401871,80.226852417,57695,57705,10
12.8765602112,80.2268371582,57705,57715,10
12.8766899109,80.2268295288,57715,57725,10
12.8771295547,80.2268218994,57725,57735,10
12.8779201508,80.2267532349,57735,57746,11
12.8788795471,80.2266921997,57746,57756,10
12.8798599243,80.2266387939,57756,57766,10
12.8810100555,80.2266387939,57766,57776,10
12.8822698593,80.2266387939,57776,57786,10
12.8835496902,80.2266311646,57786,57796,10
12.8847503662,80.2266082764,57796,57806,10
12.8851299286,80.2266235352,57806,57817,11
12.8854799271,80.2266616821,57817,57827,10
12.8861398697,80.2268295288,57827,57837,10
12.8870401382,80.2270584106,57837,57847,10
12.8880901337,80.2272033691,57847,57857,10
12.8892803192,80.2272491455,57857,57867,10
12.8904495239,80.2272415161,57867,57877,10
12.8916196823,80.2272415161,57877,57887,10
12.8923397064,80.2272491455,57887,57928,41
12.8923397064,80.2272491455,57928,57938,10
12.892539978,80.2272491455,57938,57948,10
12.8930101395,80.2273178101,57948,57958,10
12.8937797546,80.2274169922,57958,57969,11
12.8948001862,80.2275009155,57969,57979,10
12.8957595825,80.2275619507,57979,57989,10
12.8968801498,80.2276229858,57989,57999,10
12.8980703354,80.2276992798,57999,58009,10
12.8992595673,80.2277679443,58009,58019,10
12.9004802704,80.2278518677,58019,58029,10
12.901309967,80.2278900146,58029,58040,11
12.9021196365,80.2278823853,58040,58050,10
12.9025697708,80.2279129028,58050,58070,20
12.9025697708,80.2279129028,58070,58080,10
12.9029102325,80.2279586792,58080,58090,10
12.9035797119,80.2279968262,58090,58100,10
12.9045095444,80.2280731201,58100,58110,10
12.9055595398,80.2281036377,58110,58121,11
12.906539917,80.2281570435,58121,58131,10
12.9068002701,80.2281799316,58131,58141,10
12.906920433,80.228187561,58141,58151,10
12.907409668,80.2282485962,58151,58161,10
12.9082403183,80.2283782959,58161,58171,10
12.9092798233,80.228553772,58171,58181,10
12.910490036,80.2287597656,58181,58192,11
12.9118499756,80.2289733887,58192,58202,10
12.9131298065,80.2291488647,58202,58212,10
12.9138402939,80.2292404175,58212,58222,10
12.9139404297,80.2292404175,58222,58232,10
12.9144096375,80.2293167114,58232,58242,10
12.9151697159,80.2294082642,58242,58252,10
12.9161396027,80.2295532227,58252,58262,10
12.917309761,80.2297363281,58262,58273,11
12.9186697006,80.229927063,58273,58283,10
12.9199199677,80.2300567627,58283,58293,10
12.9211101532,80.2302017212,58293,58303,10
12.9223003387,80.2303924561,58303,58313,10
12.9235401154,80.2305679321,58313,58323,10
12.9247598648,80.2307281494,58323,58333,10
12.9259500504,80.2308883667,58333,58344,11
12.9271802902,80.2310409546,58344,58354,10
12.928440094,80.2312011719,58354,58364,10
12.9296798706,80.2314605713,58364,58374,10
12.9309396744,80.2317886353,58374,58384,10
12.9321603775,80.2321624756,58384,58394,10
12.9332103729,80.2325210571,58394,58404,10
12.9336099625,80.232711792,58404,58414,10
12.9338102341,80.2327880859,58414,58425,11
12.9344396591,80.2330703735,58425,58435,10
12.935259819,80.2334136963,58435,58445,10
12.9361600876,80.2338562012,58445,58455,10
12.9371995926,80.2343215942,58455,58465,10
12.9382896423,80.23487854,58465,58475,10
12.9393596649,80.2353973389,58475,58485,10
12.9397096634,80.2355499268,58485,58496,11
12.9397697449,80.2356109619,58496,58506,10
12.9401502609,80.2357330322,58506,58516,10
12.9409103394,80.2359390259,58516,58526,10
12.9418497086,80.2361984253,58526,58536,10
12.9429197311,80.236618042,58536,58546,10
12.9436597824,80.2372894287,58546,58556,10
12.9446001053,80.2382965088,58556,58566,10
12.9456195831,80.2392578125,58566,58577,11
12.9467096329,80.2397232056,58577,58587,10
12.947259903,80.2399291992,58587,58597,10
12.9472799301,80.2399368286,58597,58607,10
12.9475097656,80.2400436401,58607,58617,10
12.9480695724,80.2402496338,58617,58627,10
12.9483203888,80.2403564453,58627,58637,10
12.948559761,80.240447998,58637,58648,11
12.9485797882,80.2404632568,58648,58658,10
12.9488897324,80.2406082153,58658,58668,10
12.9494800568,80.240852356,58668,58678,10
12.9503097534,80.2410888672,58678,58688,10
12.9510297775,80.2412872314,58688,58698,10
12.9510602951,80.241317749,58698,58708,10
12.9514799118,80.2415008545,58708,58719,11
12.9522199631,80.2417373657,58719,58729,10
12.9530897141,80.2420730591,58729,58739,10
12.9538497925,80.2423629761,58739,58749,10
12.9542999268,80.2425613403,58749,58759,10
12.9549503326,80.2427978516,58759,58769,10
12.9555196762,80.2430267334,58769,58779,10
12.9561300278,80.2432327271,58779,58860,81
12.9561300278,80.2432327271,58860,58871,11
12.9566001892,80.2433929443,58871,58881,10
12.956990242,80.243560791,58881,58891,10
12.957690239,80.2438812256,58891,58901,10
12.9585399628,80.2442474365,58901,58911,10
12.9589195251,80.2444381714,58911,58921,10
12.9590101242,80.2445220947,58921,58931,10
12.9594402313,80.244720459,58931,58941,10
12.9601697922,80.2450180054,58941,58952,11
12.961139679,80.2454605103,58952,58962,10
12.9621696472,80.2459564209,58962,58972,10
12.9629802704,80.2463531494,58972,58982,10
12.963259697,80.2465209961,58982,58992,10
12.9633197784,80.2465362549,58992,59002,10
12.9636201859,80.2466812134,59002,59012,10
12.9642095566,80.2469177246,59012,59023,11
12.9651098251,80.2472610474,59023,59033,10
12.9660396576,80.2475814819,59033,59043,10
12.9667596817,80.2478790283,59043,59053,10
12.9668102264,80.2479171753,59053,59063,10
12.9670200348,80.248046875,59063,59073,10
12.9675998688,80.2482681274,59073,59083,10
12.9684095383,80.248588562,59083,59093,10
12.9693698883,80.2489624023,59093,59104,11
12.9706096649,80.2494812012,59104,59114,10
12.9718198776,80.2498397827,59114,59124,10
12.9730100632,80.2501525879,59124,59134,10
12.9742002487,80.2504806519,59134,59144,10
12.9754199982,80.250831604,59144,59154,10
12.9765996933,80.2511672974,59154,59164,10
12.9776802063,80.251701355,59164,59175,11
12.9784698486,80.252281189,59175,59185,10
12.9785003662,80.2522964478,59185,59195,10
12.9788198471,80.2524719238,59195,59205,10
12.9794998169,80.2526016235,59205,59215,10
12.9803199768,80.2526397705,59215,59225,10
12.9813203812,80.2526016235,59225,59235,10
12.9824800491,80.252571106,59235,59245,10
12.9835996628,80.2524414063,59245,59256,11
12.984749794,80.2521362305,59256,59266,10
12.9856901169,80.2518920898,59266,59276,10
12.9866600037,80.251663208,59276,59286,10
12.9875097275,80.2513885498,59286,59398,112
12.9875097275,80.2513885498,59398,59408,10
12.9875898361,80.251373291,59408,59418,10
12.9877700806,80.2513580322,59418,59428,10
12.9881696701,80.2512664795,59428,59438,10
12.9889202118,80.2510910034,59438,59448,10
12.9895496368,80.2508621216,59448,59458,10
12.9896001816,80.2508392334,59458,59468,10
12.9899902344,80.250793457,59468,59479,11
12.9907798767,80.2506027222,59479,59489,10
12.9917001724,80.2503585815,59489,59499,10
12.9927797318,80.2500991821,59499,59509,10
12.9939804077,80.2497787476,59509,59519,10
12.9952402115,80.2494812012,59519,59529,10
12.996430397,80.2491607666,59529,59539,10
12.9976596832,80.2488632202,59539,59550,11
12.9990701675,80.2484970093,59550,59560,10
13.0003499985,80.2482070923,59560,59570,10
13.0013904572,80.2479782104,59570,59580,10
13.0023899078,80.2477111816,59580,59590,10
13.0032501221,80.247543335,59590,59600,10
13.0042800903,80.2473907471,59600,59610,10
13.005399704,80.2472000122,59610,59620,10
13.0062198639,80.2468566895,59620,59631,11
13.0064201355,80.24659729,59631,59641,10
13.0064897537,80.2464523315,59641,59651,10
13.0065803528,80.2458572388,59651,59661,10
13.0066003799,80.2450408936,59661,59671,10
13.0065898895,80.2442016602,59671,59681,10
13.0065498352,80.243347168,59681,59691,10
13.0065498352,80.2424621582,59691,59702,11
13.0065898895,80.241317749,59702,59712,10
13.0067501068,80.2404098511,59712,59722,10
13.0068998337,80.239440918,59722,59732,10
13.0071001053,80.2384567261,59732,59742,10
13.0073003769,80.2374801636,59742,59752,10
13.0073900223,80.2368927002,59752,59762,10
13.0074100494,80.2368011475,59762,59772,10
13.0075101852,80.2364425659,59772,59783,11
13.0076398849,80.2357330322,59783,59793,10
13.0078001022,80.23487854,59793,59803,10
13.0080003738,80.2339172363,59803,59813,10
13.0082197189,80.2328720093,59813,59823,10
13.0084104538,80.2317962646,59823,59833,10
13.0086202621,80.23072052,59833,59843,10
13.0088300705,80.229637146,59843,59854,11
13.0090904236,80.2284622192,59854,59864,10
13.0094299316,80.2275924683,59864,59873,9
13.009929657,80.2265014648,59873,59884,11
13.0104799271,80.2253875732,59884,59894,10
13.0108995438,80.2244033813,59894,59904,10
13.0113296509,80.2234268188,59904,59914,10
13.0116596222,80.2226028442,59914,59924,10
13.0119304657,80.2217636108,59924,59935,11
13.0123701096,80.2215194702,59935,59945,10
13.0126600266,80.2219085693,59945,59955,10
13.0131902695,80.2225570679,59955,59965,10
13.0137996674,80.2232208252,59965,59975,10
13.0143098831,80.2238998413,59975,59985,10
13.0148000717,80.2244796753,59985,59995,10
13.0153102875,80.2248764038,59995,60006,11
13.0153598785,80.224899292,60006,60016,10
13.0154895782,80.2249221802,60016,60026,10
13.0159597397,80.2252807617,60026,60036,10
13.0167398453,80.2252197266,60036,60046,10
13.0175895691,80.2248764038,60046,60056,10
13.0185604095,80.2245025635,60056,60066,10
13.019200325,80.2242889404,60066,60107,41
13.019200325,80.2242889404,60107,60117,10
13.0193595886,80.224281311,60117,60127,10
13.0198001862,80.2244873047,60127,60147,20
13.0198001862,80.2244873047,60147,60158,11
13.0198898315,80.2245483398,60158,60168,10
13.0203504562,80.224899292,60168,60178,10
13.0209999084,80.2253799438,60178,60188,10
13.0215797424,80.2258987427,60188,60198,10
13.0222702026,80.2264175415,60198,60208,10
13.023059845,80.2270812988,60208,60218,10
13.0237703323,80.2277297974,60218,60228,10
13.0243597031,80.2283401489,60228,60259,31
13.0243597031,80.2283401489,60259,60269,10
13.0243597031,80.2284622192,60269,60279,10
13.0242700577,80.2285995483,60279,60289,10
13.0239095688,80.2282409668,60289,60299,10
13.0234098434,80.2276992798,60299,60695,396
13.0234098434,80.2276992798,60695,60705,10
13.0231800079,80.2274703979,60705,60715,10
13.0229101181,80.2271881104,60715,60725,10
13.0225200653,80.2268218994,60725,60735,10
13.0219802856,80.2263717651,60735,60745,10
13.0214595795,80.2259521484,60745,60755,10
13.0209598541,80.2255630493,60755,60766,11
13.0203399658,80.2251434326,60766,60776,10
13.0199403763,80.2248764038,60776,60786,10
13.0199203491,80.2248687744,60786,60796,10
13.0198202133,80.2247924805,60796,60806,10
13.0197896957,80.2247772217,60806,60816,10
13.0193996429,80.2245788574,60816,60826,10
13.0186500549,80.2246170044,60826,60837,11
13.0177097321,80.2250137329,60837,60847,10
13.0167703629,80.2253570557,60847,60857,10
13.0159797668,80.2256622314,60857,60867,10
13.015250206,80.2259521484,60867,60877,10
13.0147304535,80.2261505127,60877,60887,10
13.0144901276,80.2262420654,60887,60897,10
13.0143604279,80.2262802124,60897,60907,10
13.0139904022,80.2263793945,60907,60918,11
13.0132598877,80.2266387939,60918,60928,10
13.0125102997,80.2269668579,60928,60938,10
13.0116300583,80.2273406982,60938,60948,10
13.0106601715,80.2277069092,60948,60958,10
13.0097198486,80.2281036377,60958,60968,10
13.0091199875,80.228729248,60968,60978,10
13.008939743,80.2297821045,60978,60989,11
13.0086898804,80.2311325073,60989,60999,10
13.0084695816,80.2323226929,60999,61009,10
13.0083198547,80.2333221436,61009,61019,10
13.0082597733,80.2336730957,61019,61029,10
13.0082101822,80.2337722778,61029,61039,10
13.008099556,80.2341537476,61039,61049,10
13.0079803467,80.2348175049,61049,61059,10
13.0078001022,80.2357635498,61059,61070,11
13.0075902939,80.2368011475,61070,61080,10
13.0073604584,80.2378463745,61080,61090,10
13.0071897507,80.2388534546,61090,61100,10
13.0069704056,80.2400283813,61100,61171,71
13.0069704056,80.2400283813,61171,61181,10
13.0069999695,80.2401809692,61181,61191,10
13.0069999695,80.2404022217,61191,61201,10
13.0068998337,80.2407684326,61201,61211,10
13.0068702698,80.2408218384,61211,61222,11
13.0068101883,80.2413330078,61222,61232,10
13.0067596436,80.2421569824,61232,61242,10
13.0067396164,80.2431030273,61242,61252,10
13.0067195892,80.2440185547,61252,61262,10
13.0067195892,80.2450408936,61262,61272,10
13.0067501068,80.2460021973,61272,61282,10
13.0067501068,80.246383667,61282,61293,11
13.0067501068,80.2468490601,61293,61303,10
13.0066795349,80.2473678589,61303,61313,10
13.0061903,80.247428894,61313,61323,10
13.0061798096,80.247428894,61323,61333,10
13.0059204102,80.2474136353,61333,61343,10
13.0052604675,80.2473983765,61343,61353,10
13.004360199,80.2474899292,61353,61364,11
13.0032196045,80.2476577759,61364,61374,10
13.0021696091,80.2478637695,61374,61384,10
13.0010204315,80.2481384277,61384,61394,10
12.9997901917,80.2484436035,61394,61404,10
12.9984998703,80.2487564087,61404,61414,10
12.9974603653,80.2490234375,61414,61424,10
12.9959697723,80.249420166,61424,61434,10
12.994720459,80.2497177124,61434,61445,11
12.9933099747,80.2500915527,61445,61455,10
12.9920301437,80.2504119873,61455,61465,10
12.991060257,80.2506790161,61465,61475,10
12.9909000397,80.2507324219,61475,61485,10
12.9904403687,80.2508392334,61485,61495,10
12.9896297455,80.2510299683,61495,61505,10
12.988650322,80.2512817383,61505,61516,11
12.9876098633,80.2515182495,61516,61526,10
12.9868001938,80.2517623901,61526,61536,10
12.9862003326,80.2518920898,61536,61546,10
12.9854202271,80.2520980835,61546,61556,10
12.9844198227,80.2523727417,61556,61566,10
12.9833097458,80.2526397705,61566,61575,9
12.9822902679,80.2527389526,61575,61586,11
12.9811296463,80.2527618408,61586,61597,11
12.980219841,80.2528076172,61597,61607,10
12.9797697067,80.2527770996,61607,61617,10
12.9794502258,80.2527389526,61617,61627,10
12.9786901474,80.2526321411,61627,61637,10
12.9785804749,80.252571106,61637,61647,10
12.9781904221,80.2523117065,61647,61657,10
12.9775800705,80.2517776489,61657,61668,11
12.9765901566,80.2512817383,61668,61678,10
12.975520134,80.2509613037,61678,61688,10
12.9744100571,80.2506332397,61688,61698,10
12.9732398987,80.2503128052,61698,61708,10
12.9720201492,80.25,61708,61718,10
12.9708003998,80.2496566772,61718,61728,10
12.969619751,80.2492294312,61728,61738,10
12.9684896469,80.2487716675,61738,61749,11
12.9672899246,80.2483215332,61749,61759,10
12.966340065,80.2478790283,61759,61769,10
12.9653997421,80.2474975586,61769,61779,10
12.9651699066,80.247428894,61779,61789,10
12.9651699066,80.2474365234,61789,61799,10
12.9647903442,80.2473068237,61799,61809,10
12.9636802673,80.2468719482,61809,61830,21
12.9636802673,80.2468719482,61830,61840,10
12.9635000229,80.2468185425,61840,61850,10
12.9629497528,80.2465591431,61850,61860,10
12.9621200562,80.2461471558,61860,61870,10
12.9611501694,80.2456817627,61870,61880,10
12.9601602554,80.2452163696,61880,61890,10
12.9593896866,80.2449035645,61890,61901,11
12.9593000412,80.2448501587,61901,61911,10
12.9588699341,80.2446289063,61911,61921,10
12.9581699371,80.2443237305,61921,61931,10
12.9575901031,80.244102478,61931,61941,10
12.9566802979,80.243850708,61941,61961,20
12.9566802979,80.243850708,61961,61972,11
12.9566297531,80.2438430786,61972,61982,10
12.9564800262,80.2437973022,61982,61992,10
12.9563999176,80.2437973022,61992,62002,10
12.9561796188,80.2437210083,62002,62012,10
12.9557695389,80.2434463501,62012,62022,10
12.9551000595,80.2430877686,62022,62032,10
12.95429039,80.2426986694,62032,62042,10
12.953379631,80.2423095703,62042,62053,11
12.9523296356,80.2419204712,62053,62063,10
12.9519300461,80.2418289185,62063,62073,10
12.9517498016,80.2417526245,62073,62083,10
12.9511499405,80.2415008545,62083,62093,10
12.9503002167,80.2412185669,62093,62103,10
12.9493103027,80.2409515381,62103,62113,10
12.9483804703,80.2405471802,62113,62124,11
12.9474401474,80.2401580811,62124,62134,10
12.9472303391,80.2400970459,62134,62144,10
12.9472103119,80.2400817871,62144,62154,10
12.9468297958,80.2399291992,62154,62164,10
12.9461803436,80.2396469116,62164,62174,10
12.9453802109,80.2392730713,62174,62184,10
12.9446201324,80.2385406494,62184,62194,10
12.9437999725,80.2376480103,62194,62205,11
12.9430398941,80.2369308472,62205,62215,10
12.9420003891,80.2364273071,62215,62225,10
12.9408798218,80.2361526489,62225,62235,10
12.9399700165,80.2359008789,62235,62245,10
12.9397602081,80.2358322144,62245,62255,10
12.9397001266,80.2358093262,62255,62265,10
12.9393196106,80.2356185913,62265,62276,11
12.9385700226,80.2352218628,62276,62286,10
12.9376802444,80.2348098755,62286,62296,10
12.9367303848,80.234336853,62296,62306,10
12.9360399246,80.2340164185,62306,62316,10
12.9357299805,80.2338485718,62316,62326,10
12.9350996017,80.233581543,62326,62336,10
12.9342803955,80.2332077026,62336,62346,10
12.9339199066,80.2330474854,62346,62357,11
12.9337797165,80.2329711914,62357,62367,10
12.9332399368,80.232711792,62367,62377,10
12.9324302673,80.2323913574,62377,62387,10
12.9314403534,80.2320632935,62387,62397,10
12.9302797318,80.2317199707,62397,62407,10
12.9291000366,80.2314376831,62407,62417,10
12.9279098511,80.2312393188,62417,62428,11
12.9267501831,80.2311172485,62428,62438,10
12.9261703491,80.2310714722,62438,62448,10
12.9261302948,80.231086731,62448,62458,10
12.9256696701,80.231010437,62458,62468,10
12.9249696732,80.2308883667,62468,62478,10
12.9240703583,80.2307891846,62478,62488,10
12.9230499268,80.2306518555,62488,62499,11
12.9217500687,80.2304382324,62499,62509,10
12.9205503464,80.2303009033,62509,62519,10
12.9194002151,80.2301635742,62519,62529,10
12.9184703827,80.2300262451,62529,62539,10
12.9176101685,80.2299118042,62539,62549,10
12.9163799286,80.2297286987,62549,62559,10
12.9152498245,80.2295684814,62559,62569,10
12.9135904312,80.2293930054,62569,62600,31
12.9135904312,80.2293930054,62600,62610,10
12.9132404327,80.2293395996,62610,62620,10
12.9125699997,80.2292404175,62620,62630,10
12.9116802216,80.2290878296,62630,62640,10
12.9106903076,80.2289505005,62640,62651,11
12.9093904495,80.2287368774,62651,62661,10
12.9082202911,80.2285385132,62661,62671,10
12.906920433,80.2283782959,62671,62691,20
12.906920433,80.2283782959,62691,62701,10
12.9069099426,80.2284011841,62701,62711,10
12.9064502716,80.2283630371,62711,62721,10
12.9061403275,80.2283401489,62721,62732,11
12.9057197571,80.2282867432,62732,62742,10
12.9050302505,80.2282333374,62742,62752,10
12.9041595459,80.2281799316,62752,62762,10
12.9032297134,80.2281112671,62762,62771,9
12.9024000168,80.2280578613,62771,62782,11
12.9013299942,80.2280578613,62782,62833,51
12.9013299942,80.2280578613,62833,62843,10
12.9011297226,80.2281036377,62843,62853,10
12.9006204605,80.2280426025,62853,62863,10
12.9000196457,80.2279891968,62863,62873,10
12.8997497559,80.2279815674,62873,62884,11
12.8996896744,80.228012085,62884,62894,10
12.8996095657,80.2280197144,62894,62904,10
12.8993501663,80.2279510498,62904,62914,10
12.8988103867,80.2279129028,62914,62924,10
12.8979597092,80.2278366089,62924,62934,10
12.8969402313,80.2277679443,62934,62944,10
12.8957500458,80.2276992798,62944,62955,11
12.8944396973,80.2276535034,62955,62965,10
12.8934602737,80.2275924683,62965,62975,10
12.8927202225,80.2275238037,62975,62985,10
12.8921203613,80.2274627686,62985,62995,10
12.8913402557,80.2274169922,62995,63005,10
12.8903503418,80.2274169922,63005,63015,10
12.8893098831,80.2274017334,63015,63025,10
12.8883304596,80.2273788452,63025,63036,11
12.8877296448,80.2273483276,63036,63046,10
12.8871898651,80.2272872925,63046,63056,10
12.886349678,80.2270584106,63056,63066,10
12.8853597641,80.2267837524,63066,63076,10
12.8845596313,80.2267379761,63076,63086,10
12.8835601807,80.2267379761,63086,63096,10
12.882349968,80.2267684937,63096,63107,11
12.8809604645,80.2267913818,63107,63117,10
12.8797101974,80.2267990112,63117,63127,10
12.8784399033,80.226852417,63127,63137,10
12.877240181,80.2269668579,63137,63147,10
12.8765296936,80.2270278931,63147,63157,10
12.8765201569,80.2270278931,63157,63167,10
12.8762903214,80.2270278931,63167,63177,10
12.8755598068,80.2270126343,63177,63188,11
12.8746404648,80.2269287109,63188,63198,10
12.8735103607,80.2267990112,63198,63208,10
12.8727798462,80.2267990112,63208,63218,10
12.8727197647,80.2268066406,63218,63228,10
12.8724498749,80.2267913818,63228,63238,10
12.8718004227,80.2267684937,63238,63248,10
12.870880127,80.2267227173,63248,63259,11
12.8697299957,80.226600647,63259,63269,10
12.8685398102,80.2264709473,63269,63279,10
12.8672800064,80.2265319824,63279,63289,10
12.8660497665,80.2266235352,63289,63299,10
12.8647499084,80.2266235352,63299,63309,10
12.8634595871,80.2265701294,63309,63319,10
12.8621902466,80.2266082764,63319,63329,10
12.8611497879,80.2266464233,63329,63340,11
12.8610296249,80.2266387939,63340,63350,10
12.8607797623,80.2266235352,63350,63360,10
12.8600997925,80.2265090942,63360,63370,10
12.8591995239,80.2263565063,63370,63380,10
12.8586702347,80.22631073,63380,63390,10
12.8580799103,80.226272583,63390,63400,10
12.8572397232,80.2263183594,63400,63411,11
12.8561201096,80.2264404297,63411,63421,10
12.8549098969,80.2265777588,63421,63431,10
12.8536195755,80.2267227173,63431,63441,10
12.8522996902,80.2267379761,63441,63451,10
12.8509998322,80.2266769409,63451,63461,10
12.8499097824,80.2266464233,63461,63471,10
12.849820137,80.2266464233,63471,63482,11
12.8493404388,80.2266387939,63482,63492,10
12.8485202789,80.2266387939,63492,63502,10
12.8475103378,80.2266387939,63502,63512,10
12.8464403152,80.2266769409,63512,63522,10
12.8459997177,80.2266921997,63522,63532,10
12.8456096649,80.2266616821,63532,63542,10
12.8455095291,80.2266769409,63542,63552,10
12.845459938,80.2266769409,63552,63563,11
12.8449401855,80.2266921997,63563,63573,10
12.8441200256,80.2267379761,63573,63583,10
12.8431196213,80.2268600464,63583,63593,10
12.8419399261,80.2271270752,63593,63603,10
12.8407897949,80.2274398804,63603,63613,10
12.8397903442,80.2277526855,63613,63644,31
12.8397903442,80.2277526855,63644,63654,10
12.8394804001,80.2278213501,63654,63664,10
12.8388299942,80.2279815674,63664,63674,10
12.8379402161,80.2281799316,63674,63684,10
12.8368997574,80.2283630371,63684,63694,10
12.8357496262,80.2285232544,63694,63704,10
12.8346204758,80.2286911011,63704,63715,11
12.8333396912,80.2289199829,63715,63725,10
12.8324604034,80.2291183472,63725,63735,10
12.8323802948,80.2291412354,63735,63745,10
12.8322601318,80.2291564941,63745,63755,10
12.8320398331,80.2292098999,63755,63765,10
12.8318595886,80.2292633057,63765,63775,10
12.8312997818,80.2293930054,63775,63786,11
12.8303804398,80.2297210693,63786,63796,10
12.8293504715,80.2300796509,63796,63806,10
12.8282299042,80.2306365967,63806,63816,10
12.827050209,80.2312469482,63816,63826,10
12.825799942,80.2314071655,63826,63836,10
12.8245296478,80.2313537598,63836,63846,10
12.8233003616,80.2310333252,63846,63856,10
12.8220901489,80.2306289673,63856,63867,11
12.8208303452,80.23046875,63867,63877,10
12.8196897507,80.2305297852,63877,63887,10
12.8189001083,80.2305374146,63887,63897,10
12.8188695908,80.230506897,63897,63907,10
12.818479538,80.2303237915,63907,63917,10
12.8177404404,80.2299499512,63917,63927,10
12.8168001175,80.2296066284,63927,63938,11
12.8155202866,80.2294006348,63938,63948,10
12.814330101,80.2292098999,63948,63958,10
12.8132295609,80.2288970947,63958,63968,10
12.8123998642,80.2285766602,63968,63978,10
12.811340332,80.228187561,63978,63988,10
12.8102502823,80.2277603149,63988,63998,10
12.8091802597,80.2272491455,63998,64008,10
12.8081798553,80.2264785767,64008,64019,11
12.8072395325,80.2256698608,64019,64029,10
12.8064899445,80.2249908447,64029,64039,10
12.8057403564,80.2243423462,64039,64049,10
12.8053302765,80.2241134644,64049,64059,10
12.8050899506,80.2240600586,64059,64069,10
12.8049898148,80.2240219116,64069,64079,10
12.8045196533,80.2239608765,64079,64090,11
12.8037595749,80.2239074707,64090,64100,10
12.8032999039,80.2238769531,64100,64110,10
12.8027200699,80.2238082886,64110,64120,10
12.8018302917,80.2236862183,64120,64130,10
12.8009996414,80.2236175537,64130,64140,10
12.8007898331,80.2236480713,64140,64150,10
12.8002300262,80.2235794067,64150,64161,11
12.7992696762,80.2234802246,64161,64171,10
12.7981996536,80.2233734131,64171,64181,10
12.7970695496,80.2231903076,64181,64191,10
12.7960996628,80.2230224609,64191,64201,10
12.7958602905,80.2229614258,64201,64211,10
12.7957296371,80.2229232788,64211,64221,10
12.7951498032,80.2228164673,64221,64231,10
12.7942695618,80.2226791382,64231,64242,11
12.7931499481,80.2224884033,64242,64252,10
12.792090416,80.2223129272,64252,64262,10
12.7910900116,80.2220687866,64262,64272,10
12.7900800705,80.2218170166,64272,64282,10
12.7894001007,80.2215805054,64282,64292,10
12.7890701294,80.2214202881,64292,64302,10
12.7883901596,80.2211685181,64302,64313,11
12.7875299454,80.2208480835,64313,64333,20
12.7873401642,80.2208023071,64333,64383,50
12.7873401642,80.2208023071,64383,64394,11
12.7872600555,80.2207565308,64394,64444,50
12.7872600555,80.2207565308,64444,64454,10
12.7870397568,80.2206878662,64454,64465,11
12.7867698669,80.2206192017,64465,64475,10
12.7865200043,80.2204971313,64475,64485,10
12.7862901688,80.2203979492,64485,64606,121
12.7862901688,80.2203979492,64606,64617,11
12.7861795425,80.220741272,64617,64627,10
12.786190033,80.2209701538,64627,64637,10
12.786190033,80.2212982178,64637,64647,10
12.786239624,80.2217330933,64647,64657,10
12.7862596512,80.2219619751,64657,65620,963
12.786190033,80.2215881348,65620,65640,20
12.786190033,80.2215881348,65640,65650,10
12.7862300873,80.2214508057,65650,65660,10
12.7862100601,80.2214126587,65660,65671,11
12.786190033,80.2212219238,65671,65681,10
12.7861299515,80.2209396362,65681,65873,192
12.7861299515,80.2209396362,65873,65883,10
12.7861404419,80.2206192017,65883,66035,152
12.7861404419,80.2206192017,66035,66046,11
12.7863101959,80.2203598022,66046,66056,10
12.7863798141,80.2203903198,66056,66066,10
12.7864704132,80.2204284668,66066,66076,10
12.7868499756,80.2205810547,66076,66086,10
12.7873096466,80.220741272,66086,66096,10
12.7876396179,80.2208480835,66096,66106,10
12.7878599167,80.2209320068,66106,66117,11
12.7883996964,80.2211608887,66117,66127,10
12.7890501022,80.2214126587,66127,66137,10
12.7894802094,80.2215270996,66137,66147,10
12.7895698547,80.2215499878,66147,66157,10
12.7898101807,80.2216415405,66157,66167,10
12.7903003693,80.2217712402,66167,66177,10
12.7910804749,80.2219772339,66177,66187,10
12.7920799255,80.2222518921,66187,66198,11
12.7932500839,80.2224807739,66198,66208,10
12.7943096161,80.2226333618,66208,66218,10
12.7953100204,80.2227783203,66218,66228,10
12.7963600159,80.2229614258,66228,66248,20
12.7963600159,80.2229614258,66248,66258,10
12.7964801788,80.2229690552,66258,66269,11
12.796959877,80.2230682373,66269,66279,10
12.7977104187,80.223197937,66279,66289,10
12.7985401154,80.2233200073,66289,66299,10
12.7995004654,80.2234268188,66299,66309,10
12.8004999161,80.223487854,66309,66319,10
12.8012599945,80.2235412598,66319,66329,10
12.8012895584,80.2235565186,66329,66339,10
12.8016700745,80.2236175537,66339,66350,11
12.8024101257,80.2237014771,66350,66360,10
12.8030996323,80.2237930298,66360,66370,10
12.8038196564,80.2238388062,66370,66380,10
12.8046102524,80.2238998413,66380,66400,20
12.8046102524,80.2238998413,66400,66410,10
12.8047599792,80.2238998413,66410,66421,11
12.8049697876,80.2239608765,66421,66431,10
12.8052597046,80.2240219116,66431,66441,10
12.805439949,80.2240600586,66441,66451,10
12.8054704666,80.2240829468,66451,66461,10
12.8056402206,80.2241821289,66461,66471,10
12.8060598373,80.2245178223,66471,66481,10
12.8066797256,80.2250595093,66481,66491,10
12.8074302673,80.2257080078,66491,66502,11
12.8083095551,80.2264633179,66502,66512,10
12.8091402054,80.2271194458,66512,66522,10
12.8099002838,80.2275314331,66522,66532,10
12.8108100891,80.2279129028,66532,66542,10
12.8118495941,80.2283096313,66542,66554,12
12.8129396439,80.2286911011,66554,66564,10
12.8142795563,80.2290878296,66564,66575,11
12.8156404495,80.2293014526,66575,66585,10
12.81690979,80.2295227051,66585,66595,10
12.8179197311,80.229927063,66595,66604,9
12.8188800812,80.2303390503,66604,66615,11
12.8196401596,80.2303771973,66615,66625,10
12.8197402954,80.2303924561,66625,66635,10
12.8198699951,80.2303924561,66635,66646,11
12.820599556,80.2303466797,66646,66656,10
12.8215198517,80.2304000854,66656,66666,10
12.8225002289,80.2306289673,66666,66676,10
12.8235197067,80.2309417725,66676,66686,10
12.8245401382,80.2312011719,66686,66696,10
12.8255901337,80.2313079834,66696,66706,10
12.8266897202,80.2312164307,66706,66716,10
12.8277397156,80.2307815552,66716,66727,11
12.8288202286,80.2301712036,66727,66737,10
12.8298397064,80.2297592163,66737,66747,10
12.8309803009,80.2293167114,66747,66767,20
12.8309803009,80.2293167114,66767,66777,10
12.8311700821,80.2292404175,66777,66787,10
12.8314695358,80.229133606,66787,66798,11
12.8318395615,80.229019165,66798,66808,10
12.8324899673,80.2288894653,66808,66818,10
12.8333597183,80.2287597656,66818,66828,10
12.8341798782,80.2286071777,66828,66838,10
12.8351802826,80.2284393311,66838,66848,10
12.8363103867,80.2282791138,66848,66858,10
12.8374004364,80.2281112671,66858,66868,10
12.838640213,80.2278213501,66868,66980,112
12.8389997482,80.2277069092,66980,67071,91
12.8393697739,80.2276229858,67071,67112,41
12.8393697739,80.2276229858,67112,67122,10
12.8394498825,80.2275390625,67122,67132,10
12.8398399353,80.2274703979,67132,67142,10
12.8405504227,80.2272872925,67142,67152,10
12.8414402008,80.2270812988,67152,67162,10
12.8424596786,80.226852417,67162,67172,10
12.8435401917,80.2266464233,67172,67183,11
12.8445997238,80.2265625,67183,67193,10
12.8452396393,80.2265090942,67193,67213,20
12.8452396393,80.2265090942,67213,67223,10
12.8454399109,80.2264785767,67223,67233,10
12.8459100723,80.2264785767,67233,67243,10
12.8467197418,80.2264785767,67243,67254,11
12.8478002548,80.2264709473,67254,67264,10
12.8488197327,80.2264862061,67264,67274,10
12.8500499725,80.2264633179,67274,67294,20
12.8500499725,80.2264633179,67294,67304,10
12.8501195908,80.2264709473,67304,67314,10
12.8505001068,80.2264709473,67314,67325,11
12.851269722,80.2265014648,67325,67335,10
12.8521404266,80.2265472412,67335,67345,10
12.8531103134,80.2265777588,67345,67355,10
12.8540897369,80.2265014648,67355,67365,10
12.8550100327,80.2264328003,67365,67375,10
12.8557701111,80.2263183594,67375,67446,71
12.8557701111,80.2263183594,67446,67456,10
12.8560695648,80.2263183594,67456,67466,10
12.8566503525,80.2262802124,67466,67477,11
12.8575801849,80.2261962891,67477,67487,10
12.858499527,80.2261962891,67487,67497,10
12.8594198227,80.2263183594,67497,67507,10
12.8606700897,80.2264785767,67507,67527,20
12.8606700897,80.2264785767,67527,67537,10
12.8608198166,80.2265319824,67537,67547,10
12.8612203598,80.2265319824,67547,67558,11
12.8620300293,80.2264785767,67558,67568,10
12.8629198074,80.2264099121,67568,67578,10
12.8639097214,80.2264404297,67578,67588,10
12.8649902344,80.2264862061,67588,67598,10
12.8661003113,80.2264709473,67598,67608,10
12.8672103882,80.2263793945,67608,67618,10
12.8683595657,80.2262802124,67618,67629,11
12.8695802689,80.2264175415,67629,67639,10
12.8706598282,80.2265319824,67639,67649,10
12.8716697693,80.2265777588,67649,67659,10
12.8727397919,80.2265777588,67659,67679,20
12.8727397919,80.2265777588,67679,67689,10
12.8729295731,80.226600647,67689,67699,10
12.8734302521,80.2266311646,67699,67710,11
12.8743000031,80.2267227173,67710,67720,10
12.8752098083,80.2268295288,67720,67730,10
12.8761196136,80.2268676758,67730,67740,10
12.8765001297,80.226852417,67740,67750,10
12.8765897751,80.2268371582,67750,67760,10
12.8769903183,80.2268218994,67760,67770,10
12.877699852,80.2267608643,67770,67781,11
12.8787097931,80.2266769409,67781,67791,10
12.8797197342,80.2266464233,67791,67801,10
12.8807401657,80.2266464233,67801,67811,10
12.8817501068,80.2266616821,67811,67821,10
12.8828001022,80.2266387939,67821,67831,10
12.8838195801,80.2266235352,67831,67841,10
12.8847303391,80.2266082764,67841,67851,10
12.8851003647,80.226600647,67851,67862,11
12.8852796555,80.2266235352,67862,67872,10
12.8858203888,80.2267532349,67872,67882,10
12.8865604401,80.2269668579,67882,67892,10
12.8873996735,80.227142334,67892,67902,10
12.8883695602,80.2272262573,67902,67912,10
12.8895101547,80.2272491455,67912,67922,10
12.8906602859,80.2272567749,67922,67933,11
12.8916597366,80.2272567749,67933,67943,10
12.8920602798,80.2272567749,67943,67953,10
12.8922195435,80.2272567749,67953,67963,10
12.8927602768,80.2273178101,67963,67973,10
12.8935203552,80.2274169922,67973,67983,10
12.8944301605,80.2275009155,67983,67993,10
12.8954696655,80.2275619507,67993,68003,10
12.8965797424,80.2276229858,68003,68014,11
12.8978300095,80.2276916504,68014,68024,10
12.8988800049,80.2277374268,68024,68034,10
12.8998298645,80.2277832031,68034,68044,10
12.900560379,80.2277832031,68044,68105,61
12.900560379,80.2277832031,68105,68115,10
12.9007101059,80.2277832031,68115,68125,10
12.9009895325,80.2278137207,68125,68135,10
12.9014501572,80.2278900146,68135,68145,10
12.9020700455,80.227897644,68145,68155,10
12.9031400681,80.2279205322,68155,68186,31
12.9031400681,80.2279205322,68186,68196,10
12.9032697678,80.227897644,68196,68206,10
12.903670311,80.2279663086,68206,68216,10
12.9042396545,80.2279968262,68216,68226,10
12.9049100876,80.2280502319,68226,68237,11
12.9056997299,80.2280883789,68237,68247,10
12.9063596725,80.2281265259,68247,68267,20
12.9064903259,80.2281417847,68267,68287,20
12.9064903259,80.2281417847,68287,68297,10
12.9067401886,80.2281723022,68297,68318,21
12.9067401886,80.2281723022,68318,68328,10
12.9070997238,80.2282333374,68328,68338,10
12.9077196121,80.2283172607,68338,68348,10
12.908490181,80.2284393311,68348,68358,10
12.9094200134,80.2285766602,68358,68368,10
12.9103603363,80.2287368774,68368,68378,10
12.9112901688,80.2288665771,68378,68389,11
12.9120903015,80.2289810181,68389,68399,10
12.9129104614,80.2291030884,68399,68409,10
12.913599968,80.2291793823,68409,68419,10
12.9136295319,80.2291793823,68419,68429,10
12.9137401581,80.2291793823,68429,68439,10
12.913860321,80.2291870117,68439,68449,10
12.9142503738,80.2292480469,68449,68460,11
12.9149904251,80.2293701172,68460,68470,10
12.9159002304,80.2294998169,68470,68480,10
12.9168395996,80.229637146,68480,68490,10
12.9178495407,80.2297973633,68490,68500,10
12.9188699722,80.2299499512,68500,68510,10
12.9197902679,80.2300415039,68510,68520,10
12.9208402634,80.230178833,68520,68530,10
12.921959877,80.2303314209,68530,68541,11
12.923210144,80.2305297852,68541,68551,10
12.9244003296,80.230682373,68551,68561,10
12.9255399704,80.230796814,68561,68571,10
12.9263000488,80.2308578491,68571,68581,10
12.9264001846,80.2308731079,68581,68591,10
12.9268302917,80.2309265137,68591,68601,10
12.9275398254,80.2310180664,68601,68612,11
12.9284000397,80.2311401367,68612,68622,10
12.9286003113,80.2311630249,68622,68632,10
12.9287204742,80.2311782837,68632,68642,10
12.9291801453,80.2312774658,68642,68652,10
12.9299001694,80.2314300537,68652,68662,10
12.9308004379,80.2316818237,68662,68672,10
12.9317703247,80.2320022583,68672,68682,10
12.9327497482,80.2323608398,68682,68693,11
12.9335203171,80.2326431274,68693,68703,10
12.9335603714,80.2326507568,68703,68713,10
12.9336004257,80.2326583862,68713,68723,10
12.9339704514,80.2328567505,68723,68733,10
12.9346399307,80.2331695557,68733,68743,10
12.9354295731,80.2334976196,68743,68753,10
12.9360198975,80.2337722778,68753,68764,11
12.9368200302,80.2341537476,68764,68774,10
12.9376602173,80.2345809937,68774,68784,10
12.9386100769,80.2350463867,68784,68794,10
12.9395103455,80.2354812622,68794,68814,20
12.9395103455,80.2354812622,68814,68824,10
12.9398202896,80.2356109619,68824,68834,10
12.9404497147,80.2358398438,68834,68845,11
12.9413995743,80.236076355,68845,68855,10
12.9423599243,80.2363586426,68855,68865,10
12.9432201385,80.2368621826,68865,68875,10
12.9439296722,80.2376174927,68875,68885,10
12.9445400238,80.2382736206,68885,68895,10
12.9455404282,80.2391586304,68895,68905,10
12.9461603165,80.2394714355,68905,68916,11
12.9472503662,80.2398910522,68916,68936,20
12.9472503662,80.2398910522,68936,68946,10
12.9474697113,80.2400131226,68946,68956,10
12.9480199814,80.2402267456,68956,68966,10
12.9487695694,80.2405395508,68966,68976,10
12.949640274,80.240852356,68976,68987,11
12.9505901337,80.2411727905,68987,68997,10
12.9510202408,80.2413024902,68997,69007,10
12.9511098862,80.2413330078,69007,69017,10
12.9515399933,80.2415008545,69017,69027,10
12.9522600174,80.2417373657,69027,69037,10
12.9530696869,80.2420578003,69037,69047,10
12.9539604187,80.2424087524,69047,69057,10
12.9548301697,80.2427597046,69057,69068,11
12.9555902481,80.2430496216,69068,69078,10
12.9560699463,80.2432022095,69078,69088,10
12.9560804367,80.2432098389,69088,69098,10
12.9562797546,80.2432785034,69098,69108,10
12.9564504623,80.2433319092,69108,69118,10
12.9569797516,80.243560791,69118,69128,10
12.9577302933,80.243888855,69128,69139,11
12.9583997726,80.244178772,69139,69149,10
12.9586801529,80.2442932129,69149,69159,10
12.9588804245,80.2443695068,69159,69169,10
12.9593601227,80.2445983887,69169,69179,10
12.9600696564,80.2449188232,69179,69189,10
12.9609098434,80.2453079224,69189,69199,10
12.9617996216,80.2457427979,69199,69209,10
12.9625902176,80.246131897,69209,69220,11
12.9634103775,80.2465515137,69220,69230,10
12.9640398026,80.2468185425,69230,69240,10
12.9647197723,80.2470703125,69240,69250,10
12.9655199051,80.2473297119,69250,69260,10
12.9665298462,80.2477493286,69260,69280,20
12.9665298462,80.2477493286,69280,69291,11
12.9667100906,80.247833252,69291,69301,10
12.9671602249,80.2480773926,69301,69311,10
12.9679203033,80.2483673096,69311,69321,10
12.9688196182,80.2486801147,69321,69331,10
12.9698400497,80.2490997314,69331,69341,10
12.9708595276,80.2495193481,69341,69351,10
12.9719896317,80.2498474121,69351,69361,10
12.9731397629,80.2501373291,69361,69372,11
12.9743795395,80.2504806519,69372,69382,10
12.9755001068,80.2508010864,69382,69392,10
12.9766197205,80.2511291504,69392,69402,10
12.9776096344,80.2516021729,69402,69412,10
12.978219986,80.2520980835,69412,69422,10
12.9784603119,80.2522277832,69422,69432,10
12.9785299301,80.252281189,69432,69443,11
12.979060173,80.2524795532,69443,69453,10
12.9794998169,80.2525177002,69453,69463,10
12.9799203873,80.252571106,69463,69473,10
12.9805498123,80.2525787354,69473,69483,10
12.9813203812,80.2525634766,69483,69493,10
12.9821596146,80.2525405884,69493,69503,10
12.9830904007,80.2524719238,69503,69513,10
12.9840402603,80.2522506714,69513,69524,11
12.9850101471,80.2519607544,69524,69534,10
12.9856700897,80.2517929077,69534,69544,10
12.986120224,80.2516479492,69544,69554,10
12.9866600037,80.2515335083,69554,69564,10
12.9870996475,80.2514190674,69564,69574,10
12.9875802994,80.2512893677,69574,69584,10
12.9881801605,80.251159668,69584,69595,11
12.9892196655,80.2508773804,69595,69605,10
12.9894504547,80.2508010864,69605,69615,10
12.9897403717,80.2507400513,69615,69625,10
12.9903497696,80.2506027222,69625,69635,10
12.9911804199,80.2503890991,69635,69645,10
12.9921398163,80.2501525879,69645,69655,10
12.9931898117,80.2498931885,69655,69665,10
12.9942398071,80.2496185303,69665,69676,11
12.9953203201,80.2493362427,69676,69686,10
12.9962596893,80.2490921021,69686,69696,10
12.9966001511,80.2489929199,69696,69706,10
12.9967403412,80.2489700317,69706,69716,10
12.9972801208,80.2488632202,69716,69726,10
12.9980897903,80.2486495972,69726,69736,10
12.99903965,80.2484207153,69736,69747,11
13.0002603531,80.2481231689,69747,69757,10
13.0014200211,80.2478179932,69757,69767,10
13.0022001266,80.2476425171,69767,69777,10
13.0033597946,80.247428894,69777,69787,10
13.0044603348,80.2472763062,69787,69797,10
13.0055904388,80.2470703125,69797,69807,10
13.0063400269,80.2466125488,69807,69818,11
13.0064496994,80.2462997437,69818,69828,10
13.0064401627,80.2462387085,69828,69838,10
13.006480217,80.2457809448,69838,69848,10
13.0065202713,80.2452087402,69848,69858,10
13.0065002441,80.2444610596,69858,69868,10
13.0065002441,80.2441635132,69868,69878,10
13.0065002441,80.2439880371,69878,69888,10
13.0065002441,80.2436599731,69888,69899,11
13.0065002441,80.2431793213,69899,69909,10
13.0065002441,80.2426300049,69909,69919,10
13.0064897537,80.2418670654,69919,69929,10
13.0065002441,80.2409896851,69929,69939,10
13.0066404343,80.2403411865,69939,69949,10
13.0067396164,80.2397003174,69949,69959,10
13.0068998337,80.2389373779,69959,69970,11
13.0070695877,80.2381286621,69970,69980,10
13.0072097778,80.2375030518,69980,69990,10
13.0073003769,80.2370223999,69990,69999,9
13.0073099136,80.2367324829,69999,70010,11
13.0073299408,80.2366714478,70010,70020,10
13.0074100494,80.2364807129,70020,70030,10
13.0075397491,80.2359237671,70030,70040,10
13.0076999664,80.235168457,70040,70051,11
13.007900238,80.2342071533,70051,70061,10
13.0081195831,80.2331619263,70061,70071,10
13.0083198547,80.2320404053,70071,70081,10
13.0085201263,80.2308807373,70081,70091,10
13.0087499619,80.2297286987,70091,70101,10
13.0089702606,80.2286376953,70101,70111,10
13.0092802048,80.2276611328,70111,70122,11
13.0098104477,80.2265014648,70122,70132,10
13.0102996826,80.2255401611,70132,70142,10
13.0105895996,80.2248764038,70142,70152,10
13.0107898712,80.2243118286,70152,70162,10
13.0110502243,80.2236862183,70162,70172,10
13.0111999512,80.2232589722,70172,70182,10
13.0115404129,80.2225799561,70182,70192,10
13.0117702484,80.2216491699,70192,70203,11
13.012260437,80.2214279175,70203,70213,10
13.0126199722,80.2218780518,70213,70223,10
13.0131902695,80.2225494385,70223,70231,8
13.0136804581,80.2230834961,70231,70243,12
13.0141897202,80.2237091064,70243,70253,10
13.0146303177,80.2242889404,70253,70262,9
13.0151395798,80.2247314453,70262,70274,12
13.0155897141,80.2250518799,70274,70284,10
13.0156698227,80.225112915,70284,70293,9
13.0159797668,80.2252578735,70293,70304,11
13.0166797638,80.2251663208,70304,70314,10
13.0174398422,80.2248687744,70314,70324,10
13.0183200836,80.2245330811,70324,70334,10
13.0193500519,80.2242507935,70334,70365,31
13.0193500519,80.2242507935,70365,70375,10
13.0193595886,80.2242584229,70375,70385,10
13.0196504593,80.2244415283,70385,70395,10
13.0200996399,80.2247772217,70395,70405,10
13.020529747,80.2250823975,70405,70415,10
13.0208597183,80.2253112793,70415,70426,11
13.0212202072,80.2256011963,70426,70436,10
13.0216703415,80.2259368896,70436,70446,10
13.0220298767,80.2262420654,70446,70456,10
13.0226297379,80.2267303467,70456,70466,10
13.0231895447,80.2272262573,70466,70476,10
13.023900032,80.227897644,70476,70486,10
13.0243396759,80.2283325195,70486,70567,81
13.0243396759,80.2283325195,70567,70578,11
13.0242900848,80.2285232544,70578,70588,10
13.0240001678,80.2283172607,70588,70598,10
13.0237503052,80.2280197144,70598,70608,10
13.0235500336,80.2278213501,70608,70618,10
13.0232601166,80.2275390625,70618,70628,10
13.0230398178,80.2273635864,70628,71236,608
13.0230398178,80.2273635864,71236,71246,10
13.0227499008,80.2270889282,71246,71257,11
13.0222902298,80.2266616821,71257,71267,10
13.0217399597,80.2261886597,71267,71277,10
13.0211296082,80.225692749,71277,71287,10
13.020409584,80.2251815796,71287,71297,10
13.0196800232,80.2246704102,71297,71307,10
13.0188398361,80.2244720459,71307,71317,10
13.0180196762,80.2247695923,71317,71328,11
13.0171899796,80.2251205444,71328,71338,10
13.0165596008,80.2253799438,71338,71348,10
13.0160303116,80.2255706787,71348,71358,10
13.0154600143,80.2257614136,71358,71368,10
13.0147800446,80.2260513306,71368,71378,10
13.0143499374,80.2262268066,71378,71388,10
13.0143404007,80.2262268066,71388,71398,10
13.0142297745,80.2262573242,71398,71409,11
13.0136604309,80.2265014648,71409,71419,10
13.0130195618,80.2267303467,71419,71429,10
13.0121898651,80.2270584106,71429,71439,10
13.0112400055,80.2274169922,71439,71449,10
13.0103397369,80.2277832031,71449,71459,10
13.0094995499,80.2281265259,71459,71469,10
13.0090503693,80.2288208008,71469,71480,11
13.0088300705,80.2299499512,71480,71490,10
13.0086097717,80.2309875488,71490,71500,10
13.0083999634,80.2320785522,71500,71510,10
13.0082397461,80.2330627441,71510,71520,10
13.0082302094,80.2334594727,71520,71530,10
13.0082197189,80.233543396,71530,71540,10
13.008099556,80.23387146,71540,71550,10
13.0079698563,80.2344818115,71550,71561,11
13.0078201294,80.2352523804,71561,71571,10
13.0076503754,80.2361373901,71571,71581,10
13.0074396133,80.2371826172,71581,71591,10
13.007229805,80.238243103,71591,71601,10
13.0070400238,80.2391891479,71601,71611,10
13.0069303513,80.2399215698,71611,71682,71
13.0069303513,80.2399215698,71682,71692,10
13.006939888,80.239982605,71692,71702,10
13.0068702698,80.240447998,71702,71713,11
13.0067501068,80.2413635254,71713,71723,10
13.0067100525,80.2424316406,71723,71733,10
13.0066795349,80.2434234619,71733,71743,10
13.0066699982,80.2444381714,71743,71753,10
13.0066604614,80.2453918457,71753,71763,10
13.0066995621,80.2462387085,71763,71773,10
13.0067195892,80.2468566895,71773,71784,11
13.0066099167,80.2473373413,71784,71794,10
13.0061798096,80.2473602295,71794,71804,10
13.0061597824,80.2473602295,71804,71814,10
13.0059204102,80.2473678589,71814,71824,10
13.0052604675,80.2473526001,71824,71834,10
13.0043296814,80.247428894,71834,71843,9
13.0033397675,80.2475814819,71843,71854,11
13.0023498535,80.2477493286,71854,71865,11
13.000869751,80.2481002808,71865,71875,10
12.9996995926,80.2483901978,71875,71885,10
12.9985103607,80.2486877441,71885,71895,10
12.9972696304,80.2489776611,71895,71905,10
12.9960098267,80.2493133545,71905,71915,10
12.994799614,80.2496185303,71915,71925,10
12.9936304092,80.2499389648,71925,71936,11
12.9923200607,80.2502670288,71936,71946,10
12.991230011,80.2505264282,71946,71956,10
12.9901599884,80.2508010864,71956,71966,10
12.9891700745,80.2510604858,71966,71976,10
12.9883804321,80.2512817383,71976,71996,20
12.9883804321,80.2512817383,71996,72006,10
12.9882297516,80.2513198853,72006,72017,11
12.9877996445,80.2514266968,72017,72027,10
12.987159729,80.2515869141,72027,72037,10
12.9864702225,80.2517623901,72037,72047,10
12.9856996536,80.2519378662,72047,72057,10
12.9848203659,80.2521972656,72057,72067,10
12.9840097427,80.2524337769,72067,72077,10
12.983039856,80.2526168823,72077,72088,11
12.9820098877,80.2526779175,72088,72098,10
12.9810800552,80.2527084351,72098,72108,10
12.9800596237,80.252746582,72108,72138,30
12.9800596237,80.252746582,72138,72148,10
12.9798202515,80.2526168823,72148,72159,11
12.9792404175,80.2526168823,72159,72169,10
12.9786596298,80.2525634766,72169,72179,10
12.9786195755,80.2525482178,72179,72189,10
12.978269577,80.2523574829,72189,72199,10
12.9776802063,80.2518768311,72199,72209,10
12.976849556,80.251373291,72209,72219,10
12.9758300781,80.2510604858,72219,72229,10
12.9747896194,80.2507476807,72229,72240,11
12.9735898972,80.2504119873,72240,72250,10
12.9724597931,80.2501068115,72250,72260,10
12.9712400436,80.2497634888,72260,72270,10
12.970199585,80.249420166,72270,72280,10
12.9691801071,80.2490310669,72280,72290,10
12.9680995941,80.248626709,72290,72300,10
12.967089653,80.2481994629,72300,72311,11
12.9661598206,80.2477493286,72311,72321,10
12.9653701782,80.2474517822,72321,72331,10
12.9651203156,80.2473983765,72331,72341,10
12.9649896622,80.2473983765,72341,72351,10
12.9645004272,80.2471923828,72351,72361,10
12.9637403488,80.246887207,72361,72392,31
12.9637403488,80.246887207,72392,72402,10
12.9636802673,80.2468719482,72402,72412,10
12.9633102417,80.2466812134,72412,72422,10
12.9626197815,80.2463378906,72422,72432,10
12.9618301392,80.2459411621,72432,72442,10
12.9610004425,80.2455596924,72442,72452,10
12.9602003098,80.2452011108,72452,72463,11
12.9594402313,80.2448883057,72463,72473,10
12.9594097137,80.2448577881,72473,72483,10
12.9591798782,80.244758606,72483,72493,10
12.9585895538,80.2444763184,72493,72503,10
12.957909584,80.2442016602,72503,72513,10
12.9573202133,80.2439575195,72513,72523,10
12.9564399719,80.243637085,72523,72554,31
12.9564399719,80.243637085,72554,72564,10
12.9561195374,80.2435379028,72564,72574,10
12.9555101395,80.2432403564,72574,72584,10
12.9547796249,80.2428817749,72584,72594,10
12.9539499283,80.2425231934,72594,72604,10
12.9530601501,80.2421569824,72604,72615,11
12.9520101547,80.2417831421,72615,72625,10
12.9515600204,80.2416381836,72625,72635,10
12.9514303207,80.2415924072,72635,72645,10
12.9508800507,80.2413864136,72645,72655,10
12.9500303268,80.2411422729,72655,72665,10
12.949259758,80.2409362793,72665,72685,20
12.949259758,80.2409362793,72685,72696,11
12.9491996765,80.2409515381,72696,72706,10
12.9489202499,80.2408218384,72706,72716,10
12.9482803345,80.2405166626,72716,72726,10
12.9475002289,80.2401885986,72726,72736,10
12.9471797943,80.2400665283,72736,72746,10
12.9470701218,80.2400131226,72746,72756,10
12.9467897415,80.2398834229,72756,72767,11
12.9460897446,80.2395935059,72767,72777,10
12.9453401566,80.2392196655,72777,72787,10
12.9446401596,80.2385864258,72787,72797,10
12.9439001083,80.2378387451,72797,72807,10
12.9431600571,80.2370986938,72807,72817,10
12.942199707,80.2364807129,72817,72827,10
12.9411001205,80.2361679077,72827,72837,10
12.9400196075,80.2358779907,72837,72848,11
12.9388599396,80.2353515625,72848,72858,10
12.9377698898,80.2348098755,72858,72868,10
12.9367103577,80.2343063354,72868,72878,10
12.9357299805,80.2338485718,72878,72888,10
12.9348201752,80.2334289551,72888,72898,10
12.9339599609,80.2330627441,72898,72908,10
12.933839798,80.2330093384,72908,72919,11
12.9334497452,80.2328109741,72919,72929,10
12.9327497482,80.2324981689,72929,72939,10
12.9318199158,80.2321624756,72939,72949,10
12.9307003021,80.2318191528,72949,72959,10
12.9295701981,80.2314987183,72959,72969,10
12.9285001755,80.2312774658,72969,72979,10
12.9273700714,80.2311401367,72979,72989,10
12.9264602661,80.2310562134,72989,73000,11
12.9262104034,80.2310409546,73000,73010,10
12.9260797501,80.2310180664,73010,73020,10
12.9255399704,80.2309494019,73020,73030,10
12.9247598648,80.2308578491,73030,73040,10
12.9238195419,80.2307434082,73040,73050,10
12.9226999283,80.2305679321,73050,73060,10
12.9214801788,80.2303619385,73060,73071,11
12.9201097488,80.2301864624,73071,73081,10
12.9189100266,80.2300415039,73081,73091,10
12.9177598953,80.2298965454,73091,73101,10
12.9169998169,80.2297973633,73101,73111,10
12.9163503647,80.2297210693,73111,73121,10
12.91547966,80.2295837402,73121,73131,10
12.9144601822,80.2294387817,73131,73141,10
12.9136600494,80.229347229,73141,73152,11
12.9133396149,80.2293395996,73152,73162,10
12.9131498337,80.2292785645,73162,73172,10
12.9125404358,80.2291793823,73172,73182,10
12.9116601944,80.2290420532,73182,73192,10
12.9105901718,80.2288665771,73192,73202,10
12.9093904495,80.2286682129,73202,73212,10
12.9081401825,80.2284698486,73212,73223,11
12.9068098068,80.2283172607,73223,73253,30
12.9068098068,80.2283172607,73253,73263,10
12.9064598083,80.228302002,73263,73273,10
12.9057998657,80.2282409668,73273,73283,10
12.9048700333,80.2281799316,73283,73294,11
12.9036502838,80.2281112671,73294,73304,10
12.9024295807,80.2280502319,73304,73314,10
12.9012804031,80.2279815674,73314,73324,10
12.9005298615,80.2279205322,73324,73334,10
12.9000396729,80.2279205322,73334,73344,10
12.8999595642,80.2279205322,73344,73354,10
12.8996400833,80.227897644,73354,73364,10
12.899479866,80.2278823853,73364,73375,11
12.8991203308,80.2278594971,73375,73385,10
12.8986101151,80.2278137207,73385,73395,10
12.8978595734,80.2277832031,73395,73405,10
12.8969402313,80.227722168,73405,73415,10
12.8958997726,80.2276763916,73415,73425,10
12.8948297501,80.2276229858,73425,73435,10
12.8936796188,80.2275619507,73435,73446,11
12.8926095963,80.2274475098,73446,73456,10
12.8924798965,80.2274398804,73456,73466,10
12.8922195435,80.2274093628,73466,73476,10
12.8915901184,80.2273788452,73476,73486,10
12.8906803131,80.2273712158,73486,73496,10
12.8895797729,80.2273483276,73496,73506,10
12.8884401321,80.2273330688,73506,73516,10
12.8874998093,80.2272491455,73516,73527,11
12.8865995407,80.2270584106,73527,73537,10
12.8855895996,80.2268371582,73537,73547,10
12.8845500946,80.2267227173,73547,73557,10
12.8835401535,80.2267227173,73557,73567,10
12.882399559,80.2267227173,73567,73577,10
12.8811903,80.2267303467,73577,73587,10
12.879989624,80.2267379761,73587,73598,11
12.8786697388,80.2267990112,73598,73608,10
12.8774995804,80.2268829346,73608,73618,10
12.8767404556,80.2269515991,73618,73628,10
12.876540184,80.2269668579,73628,73638,10
12.876449585,80.2269668579,73638,73648,10
12.8760404587,80.2269821167,73648,73658,10
12.8753099442,80.2269210815,73658,73668,10
12.8744697571,80.2268218994,73668,73679,11
12.8726396561,80.2266998291,73679,73689,10
12.8726396561,80.2266998291,73689,73699,10
12.8725404739,80.2267303467,73699,73709,10
12.8720798492,80.2266998291,73709,73719,10
12.8712797165,80.2266616821,73719,73729,10
12.8702602386,80.226600647,73729,73739,10
12.8691196442,80.2264633179,73739,73751,12
12.8677597046,80.2264175415,73751,73761,10
12.8664197922,80.2265472412,73761,73771,10
12.8651599884,80.2265777588,73771,73781,10
12.8638601303,80.2265396118,73781,73791,10
12.8625802994,80.2265396118,73791,73802,11
12.8614997864,80.2265930176,73802,73811,9
12.8611497879,80.2266082764,73811,73822,11
12.8609800339,80.2266082764,73822,73833,11
12.860159874,80.2265014648,73833,73843,10
12.8593101501,80.2263793945,73843,73853,10
12.8587598801,80.22631073,73853,73863,10
12.8582696915,80.2262573242,73863,73873,10
12.8574895859,80.2262802124,73873,73883,10
12.8565196991,80.2263717651,73883,73893,10
12.8554296494,80.2264709473,73893,73904,11
12.8541202545,80.2266235352,73904,73914,10
12.8528404236,80.2266998291,73914,73924,10
12.8516302109,80.2266616821,73924,73934,10
12.850569725,80.2266235352,73934,73944,10
12.8499803543,80.2266235352,73944,73954,10
12.8497495651,80.2266235352,73954,73964,10
12.8491296768,80.2266082764,73964,73975,11
12.8481197357,80.226600647,73975,73985,10
12.8469896317,80.2266082764,73985,73995,10
12.8460197449,80.2266311646,73995,74005,10
12.8457098007,80.2266387939,74005,74015,10
12.8454799652,80.2266387939,74015,74025,10
12.845459938,80.2266464233,74025,74035,10
12.8450403214,80.2266387939,74035,74045,10
12.8443698883,80.2266769409,74045,74056,11
12.8433799744,80.2267990112,74056,74066,10
12.842300415,80.2270278931,74066,74076,10
12.8412399292,80.2273101807,74076,74086,10
12.8403100967,80.2275772095,74086,74096,10
12.8398799896,80.2276992798,74096,74106,10
12.8393096924,80.2278366089,74106,74116,10
12.838470459,80.2280578613,74116,74127,11
12.8372802734,80.228302002,74127,74137,10
12.8360300064,80.2284927368,74137,74147,10
12.8347597122,80.2286682129,74147,74157,10
12.8334798813,80.2289123535,74157,74167,10
12.8325395584,80.2291030884,74167,74177,10
12.8323497772,80.2291412354,74177,74187,10
12.8319597244,80.2291793823,74187,74197,10
12.8312501907,80.2293930054,74197,74208,11
12.8302001953,80.2297286987,74208,74218,10
12.8291397095,80.2301483154,74218,74228,10
12.8281097412,80.230682373,74228,74238,10
12.8270702362,80.2312164307,74238,74248,10
12.8258895874,80.2313766479,74248,74258,10
12.8248300552,80.2313766479,74258,74268,10
12.8235797882,80.2310791016,74268,74279,11
12.8223199844,80.230682373,74279,74289,10
12.8211803436,80.2304611206,74289,74299,10
12.8201198578,80.2304611206,74299,74309,10
12.8191699982,80.2304763794,74309,74319,10
12.8188495636,80.23046875,74319,74329,10
12.8186302185,80.2303466797,74329,74339,10
12.8179998398,80.2300415039,74339,74349,10
12.8170700073,80.229637146,74349,74360,11
12.8158597946,80.2293930054,74360,74370,10
12.814740181,80.2292327881,74370,74380,10
12.8135900497,80.2289810181,74380,74390,10
12.8124198914,80.2285919189,74390,74400,10
12.8112897873,80.2281799316,74400,74410,10
12.8101701736,80.227722168,74410,74420,10
12.8091697693,80.2272415161,74420,74431,11
12.8082799911,80.2265319824,74431,74441,10
12.8074798584,80.2258377075,74441,74451,10
12.8067798615,80.225227356,74451,74461,10
12.806139946,80.2246704102,74461,74471,10
12.8055801392,80.2241973877,74471,74481,10
12.8050003052,80.224029541,74481,74491,10
12.8049001694,80.2240066528,74491,74501,10
12.8044099808,80.2239227295,74501,74512,11
12.8036603928,80.2238616943,74512,74522,10
12.8029003143,80.223777771,74522,74532,10
12.8019504547,80.2236633301,74532,74542,10
12.8009796143,80.2235717773,74542,74552,10
12.7999696732,80.2234725952,74552,74562,10
12.7988700867,80.2233734131,74562,74572,10
12.7977104187,80.2232589722,74572,74583,11
12.796620369,80.2230606079,74583,74593,10
12.7959003448,80.2229385376,74593,74603,10
12.7957601547,80.2229309082,74603,74613,10
12.7951898575,80.2228164673,74613,74623,10
12.7943000793,80.2226715088,74623,74633,10
12.7932796478,80.2225036621,74633,74643,10
12.7920999527,80.2223205566,74643,74653,10
12.7910203934,80.2220535278,74653,74664,11
12.7899303436,80.2217788696,74664,74674,10
12.7895402908,80.2216720581,74674,74684,10
12.7891597748,80.2215118408,74684,74694,10
12.7886800766,80.2213363647,74694,74704,10
12.7879800797,80.2210617065,74704,74714,10
12.7874698639,80.2208709717,74714,74724,10
12.7868700027,80.2206420898,74724,74735,11
12.7863397598,80.2204284668,74735,74836,101
12.7861700058,80.2205276489,74836,74866,30
12.7861700058,80.2205276489,74866,74876,10
12.7861795425,80.2208786011,74876,74887,11
12.7862100601,80.2210769653,74887,74897,10
12.7862195969,80.221321106,74897,74907,10
12.786239624,80.2215576172,74907,74917,10
12.7862596512,80.2220001221,74917,75930,1013
12.7862596512,80.2220001221,75930,75941,11
12.7863101959,80.2218170166,75941,75951,10
12.7862300873,80.2216415405,75951,75971,20
12.7862300873,80.2216415405,75971,75981,10
12.786190033,80.2213973999,75981,75991,10
12.7861700058,80.2210769653,75991,76001,10
12.7861604691,80.2207489014,76001,76012,11
12.7861499786,80.2204589844,76012,76032,20
12.7861499786,80.2204589844,76032,76042,10
12.7863903046,80.2203521729,76042,76052,10
12.7866601944,80.220451355,76052,76062,10
12.7870998383,80.2206192017,76062,76072,10
12.7876501083,80.2208175659,76072,76082,10
12.7882995605,80.2210464478,76082,76093,11
12.7890701294,80.2213363647,76093,76103,10
12.7898197174,80.2216262817,76103,76113,10
12.790599823,80.2218399048,76113,76123,10
12.791469574,80.222038269,76123,76133,10
12.7924604416,80.2222824097,76133,76143,10
12.793510437,80.2224578857,76143,76153,10
12.7945604324,80.222618103,76153,76164,11
12.7956800461,80.2228164673,76164,76174,10
12.7964401245,80.2229232788,76174,76184,10
12.796500206,80.2229309082,76184,76194,10
12.7968997955,80.2229919434,76194,76204,10
12.7975997925,80.2231216431,76204,76214,10
12.7984399796,80.2232131958,76214,76224,10
12.7994003296,80.2232971191,76224,76234,10
12.8004102707,80.2234115601,76234,76245,11
12.8015203476,80.2235336304,76245,76255,10
12.8025503159,80.2236633301,76255,76265,10
12.8033599854,80.2237625122,76265,76275,10
12.8042097092,80.2238311768,76275,76285,10
12.8050603867,80.2239227295,76285,76295,10
12.8055400848,80.224067688,76295,76305,10
12.8056898117,80.2241592407,76305,76316,11
12.8062200546,80.2246170044,76316,76326,10
12.8068199158,80.225151062,76326,76336,10
12.8074302673,80.2256622314,76336,76346,10
12.8077402115,80.2259063721,76346,76356,10
12.8082304001,80.226348877,76356,76366,10
12.8088502884,80.226890564,76366,76376,10
12.8096904755,80.2274398804,76376,76386,10
12.8106803894,80.2278671265,76386,76397,11
12.8118600845,80.2283172607,76397,76407,10
12.8128995895,80.2287063599,76407,76417,10
12.8140096664,80.2290420532,76417,76427,10
12.8151702881,80.2292480469,76427,76437,10
12.8163003922,80.2294006348,76437,76447,10
12.8173704147,80.2296829224,76447,76457,10
12.81828022,80.2301101685,76457,76468,11
12.8192796707,80.2304077148,76468,76478,10
12.8201599121,80.2304000854,76478,76488,10
12.8203296661,80.2303771973,76488,76498,10
12.8207998276,80.2303619385,76498,76508,10
12.8216104507,80.2304077148,76508,76518,10
12.8226203918,80.2306518555,76518,76528,10
12.8236398697,80.2310028076,76528,76538,10
12.8247003555,80.231262207,76538,76549,11
12.8258895874,80.231300354,76549,76559,10
12.82695961,80.2311706543,76559,76569,10
12.8279399872,80.2307128906,76569,76579,10
12.8288803101,80.2301864624,76579,76589,10
12.8298902512,80.2297668457,76589,76599,10
12.8308000565,80.2294006348,76599,76609,10
12.8310403824,80.2292861938,76609,76620,11
12.8312902451,80.2291870117,76620,76630,10
12.8319101334,80.2290420532,76630,76640,10
12.83273983,80.2288818359,76640,76650,10
12.8337402344,80.2286987305,76650,76660,10
12.8347997665,80.2285308838,76660,76670,10
12.8358697891,80.2283706665,76670,76680,10
12.8369703293,80.2282104492,76680,76690,10
12.838060379,80.2280197144,76690,76701,11
12.8389101028,80.2277908325,76701,76711,10
12.8394002914,80.2276382446,76711,76731,20
12.8394002914,80.2276382446,76731,76741,10
12.8396596909,80.2275772095,76741,76751,10
12.840180397,80.2274398804,76751,76761,10
12.8409900665,80.2272186279,76761,76772,11
12.8420295715,80.2269515991,76772,76782,10
12.8430299759,80.2267379761,76782,76792,10
12.8440904617,80.2265930176,76792,76802,10
12.8450498581,80.2264862061,76802,76812,10
12.8454198837,80.2264633179,76812,76822,10
12.8457803726,80.2264480591,76822,76832,10
12.8464899063,80.2264404297,76832,76842,10
12.8474502563,80.2264328003,76842,76853,11
12.8486003876,80.2264328003,76853,76863,10
12.8495597839,80.2264328003,76863,76873,10
12.8500204086,80.2264099121,76873,76944,71
12.8500204086,80.2264099121,76944,76954,10
12.8504104614,80.2264404297,76954,76964,10
12.8509902954,80.2264328003,76964,76974,10
12.8517799377,80.2264633179,76974,76984,10
12.852689743,80.2265167236,76984,76995,11
12.8537397385,80.2265090942,76995,77005,10
12.8547801971,80.2264175415,77005,77015,10
12.8557901382,80.2263336182,77015,77025,10
12.8568296432,80.2262191772,77025,77035,10
12.8578901291,80.2261505127,77035,77045,10
12.8589696884,80.2262496948,77045,77055,10
12.8600597382,80.2263870239,77055,77065,10
12.8608398438,80.2264862061,77065,77076,11
12.8610601425,80.2265014648,77076,77086,10
12.8616600037,80.2264862061,77086,77096,10
12.8624801636,80.2264480591,77096,77106,10
12.8634195328,80.2264404297,77106,77116,10
12.8644895554,80.2264785767,77116,77126,10
12.8655996323,80.2265014648,77126,77136,10
12.8667402267,80.2264328003,77136,77147,11
12.867939949,80.2263031006,77147,77157,10
12.8690395355,80.2263565063,77157,77167,10
12.8701095581,80.2264862061,77167,77177,10
12.8711595535,80.2265930176,77177,77187,10
12.8721904755,80.2265930176,77187,77197,10
12.8731899261,80.2266235352,77197,77207,10
12.8741998672,80.2267074585,77207,77217,10
12.875169754,80.2268371582,77217,77228,11
12.8760700226,80.2268829346,77228,77238,10
12.8766202927,80.226852417,77238,77248,10
12.8767795563,80.226852417,77248,77258,10
12.8773202896,80.2267913818,77258,77268,10
12.8781204224,80.2267303467,77268,77278,10
12.8790998459,80.2266616821,77278,77288,10
12.8801403046,80.2266387939,77288,77299,11
12.8813400269,80.2266082764,77299,77309,10
12.8824195862,80.226600647,77309,77319,10
12.8835201263,80.226600647,77319,77329,10
12.8845996857,80.2265777588,77329,77339,10
12.8854598999,80.2266693115,77339,77349,10
12.8864202499,80.2269287109,77349,77359,10
12.8874998093,80.227180481,77359,77369,10
12.8886404037,80.2272567749,77369,77380,11
12.889960289,80.2272720337,77380,77390,10
12.891119957,80.2272720337,77390,77400,10
12.8920297623,80.2272491455,77400,77410,10
12.8923301697,80.2272567749,77410,77420,10
12.8928604126,80.2273178101,77420,77430,10
12.8936100006,80.2274169922,77430,77440,10
12.8945398331,80.2275085449,77440,77451,11
12.8956203461,80.2275695801,77451,77461,10
12.8966598511,80.2276306152,77461,77471,10
12.8977098465,80.2276763916,77471,77481,10
12.8986797333,80.2277297974,77481,77491,10
12.8995704651,80.2277603149,77491,77501,10
12.9004802704,80.2278289795,77501,77511,10
12.9011201859,80.2278366089,77511,77521,10
12.9015703201,80.2278366089,77521,77532,11
12.9020700455,80.2278823853,77532,77542,10
12.9022302628,80.2278823853,77542,77552,10
12.9023895264,80.227897644,77552,77562,10
12.9027795792,80.2279129028,77562,77572,10
12.9031400681,80.2279129028,77572,77582,10
12.9037399292,80.2279815674,77582,77592,10
12.9045000076,80.2280273438,77592,77603,11
12.9054098129,80.2280578613,77603,77613,10
12.9068002701,80.2281417847,77613,77633,20
12.9068002701,80.2281417847,77633,77643,10
12.9070596695,80.2281570435,77643,77653,10
12.9077196121,80.2282409668,77653,77663,10
12.9086198807,80.2284164429,77663,77673,10
12.9096803665,80.2286071777,77673,77684,11
12.9108800888,80.2288131714,77684,77694,10
12.9119596481,80.2289733887,77694,77704,10
12.9129896164,80.2291107178,77704,77714,10
12.9137897491,80.2292022705,77714,77724,10
12.9139099121,80.2292098999,77724,77734,10
12.9140996933,80.2292480469,77734,77744,10
12.9146499634,80.2293014526,77744,77755,11
12.9155902863,80.2294769287,77755,77765,10
12.9165802002,80.229598999,77765,77775,10
12.9175901413,80.2297363281,77775,77785,10
12.9185695648,80.2298736572,77785,77795,10
12.9195203781,80.2299575806,77795,77805,10
12.9205799103,80.2300872803,77805,77815,10
12.92166996,80.2302398682,77815,77825,10
12.9227199554,80.2304077148,77825,77836,11
12.9238700867,80.2305908203,77836,77846,10
12.9248895645,80.2307128906,77846,77856,10
12.925860405,80.2308120728,77856,77866,10
12.926779747,80.2309036255,77866,77876,10
12.9277896881,80.2310409546,77876,77886,10
12.9287395477,80.2311935425,77886,77896,10
12.929479599,80.2313766479,77896,77907,11
12.9304800034,80.2316131592,77907,77917,10
12.9315500259,80.2319412231,77917,77927,10
12.9326200485,80.2322692871,77927,77937,10
12.9334802628,80.2326202393,77937,77947,10
12.9336700439,80.2326965332,77947,77957,10
12.933839798,80.2327728271,77957,77967,10
12.9343299866,80.2329864502,77967,77977,10
12.9350795746,80.2333297729,77977,77988,11
12.9359998703,80.2337722778,77988,77998,10
12.9369497299,80.2342224121,77998,78008,10
12.9379396439,80.2347106934,78008,78018,10
12.9388904572,80.235168457,78018,78028,10
12.9395103455,80.2354812622,78028,78038,10
12.9396600723,80.2355575562,78038,78048,10
12.9400396347,80.235748291,78048,78059,11
12.9408903122,80.2359771729,78059,78069,10
12.941860199,80.2361984253,78069,78079,10
12.9428100586,80.2365570068,78079,78089,10
12.9435396194,80.2371673584,78089,78099,10
12.9442195892,80.237953186,78099,78109,10
12.9449501038,80.2387924194,78109,78119,10
12.9457798004,80.2393417358,78119,78129,10
12.9467201233,80.239730835,78129,78140,11
12.9473400116,80.239982605,78140,78150,10
12.9479598999,80.2402267456,78150,78160,10
12.9484395981,80.2404174805,78160,78170,10
12.9485502243,80.2404632568,78170,78180,10
12.9485998154,80.2404708862,78180,78190,10
12.9489402771,80.2406234741,78190,78200,10
12.949549675,80.2408370972,78200,78211,11
12.9503898621,80.2410736084,78211,78221,10
12.950920105,80.2412261963,78221,78231,10
12.9510002136,80.2412567139,78231,78241,10
12.9512701035,80.2414093018,78241,78251,10
12.9516897202,80.241569519,78251,78261,10
12.9522399902,80.2417984009,78261,78271,10
12.9531402588,80.2421035767,78271,78282,11
12.9540195465,80.24243927,78282,78292,10
12.9547595978,80.2427368164,78292,78302,10
12.9553604126,80.2429580688,78302,78312,10
12.9560699463,80.2431869507,78312,78322,10
12.9563598633,80.2432937622,78322,78332,10
12.9566802979,80.2434387207,78332,78342,10
12.9573497772,80.2437515259,78342,78352,10
12.9582195282,80.2441177368,78352,78363,11
12.9589004517,80.2444000244,78363,78373,10
12.9590797424,80.244468689,78373,78383,10
12.9596300125,80.2447509766,78383,78393,10
12.9604196548,80.2451019287,78393,78403,10
12.961350441,80.2455368042,78403,78413,10
12.9623203278,80.2460327148,78413,78423,10
12.9633798599,80.2465362549,78423,78484,61
12.9633798599,80.2465362549,78484,78494,10
12.9638004303,80.2466888428,78494,78504,10
12.9644002914,80.246963501,78504,78515,11
12.9652996063,80.2472610474,78515,78525,10
12.9661798477,80.2475967407,78525,78535,10
12.9665203094,80.247718811,78535,78545,10
12.9667797089,80.2478790283,78545,78555,10
12.9673995972,80.2481994629,78555,78565,10
12.9682598114,80.248550415,78565,78575,10
12.9693002701,80.2489776611,78575,78586,11
12.9705295563,80.2494506836,78586,78596,10
12.9716596603,80.2497787476,78596,78606,10
12.9728403091,80.2500762939,78606,78616,10
12.9739999771,80.2503814697,78616,78626,10
12.9751796722,80.2507171631,78626,78636,10
12.9763698578,80.2510604858,78636,78646,10
12.9774904251,80.2515182495,78646,78656,10
12.978269577,80.2521362305,78656,78667,11
12.9784803391,80.2522735596,78667,78677,10
12.978770256,80.2524185181,78677,78687,10
12.9794597626,80.2525405884,78687,78697,10
12.9801998138,80.2525482178,78697,78707,10
12.9811201096,80.2525177002,78707,78717,10
12.982219696,80.2524871826,78717,78727,10
12.9833602905,80.2524032593,78727,78738,11
12.9845504761,80.2520904541,78738,78748,10
12.985619545,80.2518005371,78748,78758,10
12.9865999222,80.2515411377,78758,78768,10
12.9875202179,80.2512893677,78768,78849,81
12.9875202179,80.2512893677,78849,78859,10
12.9879999161,80.2511978149,78859,78869,10
12.9887399673,80.2510070801,78869,78879,10
12.9893398285,80.2508163452,78879,78890,11
12.9893503189,80.2508163452,78890,78900,10
12.9896602631,80.2507171631,78900,78910,10
12.9903497696,80.2505493164,78910,78920,10
12.991230011,80.250328064,78920,78930,10
12.9922399521,80.2500991821,78930,78940,10
12.9930801392,80.2499084473,78940,78950,10
12.9944095612,80.2495727539,78950,78960,10
12.9955196381,80.2492904663,78960,78971,11
12.9967498779,80.2489624023,78971,78981,10
12.9979295731,80.2486572266,78981,78991,10
12.9990901947,80.2483901978,78991,79001,10
13.0002002716,80.2481231689,79001,79011,10
13.0012998581,80.2478408813,79011,79021,10
13.0022497177,80.2476196289,79021,79031,10
13.0032196045,80.247428894,79031,79042,11
13.00440979,80.2472610474,79042,79052,10
13.0054302216,80.2470779419,79052,79062,10
13.0064697266,80.2463226318,79062,79082,20
13.0064697266,80.2463226318,79082,79092,10
13.0065002441,80.2459564209,79092,79102,10
13.006529808,80.2453689575,79102,79113,11
13.0065498352,80.2446136475,79113,79123,10
13.0065803528,80.2439804077,79123,79133,10
13.0065498352,80.2431716919,79133,79143,10
13.0065202713,80.2422790527,79143,79153,10
13.0065498352,80.2412872314,79153,79163,10
13.006649971,80.2404632568,79163,79173,10
13.0067396164,80.2398986816,79173,79183,10
13.0068998337,80.2390594482,79183,79194,11
13.007109642,80.238067627,79194,79204,10
13.0073003769,80.2371902466,79204,79214,10
13.0073404312,80.236831665,79214,79224,10
13.0073795319,80.2366485596,79224,79234,10
13.007519722,80.2361297607,79234,79244,10
13.0076704025,80.2353668213,79244,79254,10
13.0078496933,80.2345428467,79254,79265,11
13.0080699921,80.2334899902,79265,79275,10
13.0082597733,80.2324676514,79275,79285,10
13.0084600449,80.2314224243,79285,79295,10
13.0086803436,80.2303314209,79295,79305,10
13.0088701248,80.2293167114,79305,79315,10
13.009059906,80.2284011841,79315,79325,10
13.0093898773,80.2274780273,79325,79335,10
13.0098400116,80.2265090942,79335,79346,11
13.010310173,80.2255172729,79346,79356,10
13.0106801987,80.2246932983,79356,79366,10
13.0109796524,80.2238998413,79366,79376,10
13.0112695694,80.2230606079,79376,79386,10
13.0116195679,80.2222366333,79386,79396,10
13.0119400024,80.2214431763,79396,79406,10
13.0122804642,80.2214279175,79406,79417,11
13.0127401352,80.2221298218,79417,79427,10
13.0132904053,80.2227630615,79427,79437,10
13.0139799118,80.2234573364,79437,79447,10
13.0145597458,80.2241821289,79447,79457,10
13.0149803162,80.2245788574,79457,79467,10
13.0150203705,80.2245788574,79467,79477,10
13.0151700974,80.2246932983,79477,79487,10
13.0153598785,80.2248687744,79487,79498,11
13.0154495239,80.224899292,79498,79508,10
13.0158195496,80.2251663208,79508,79518,10
13.0163698196,80.225227356,79518,79528,10
13.0171203613,80.2249984741,79528,79538,10
13.0179796219,80.2246704102,79538,79548,10
13.0188398361,80.224319458,79548,79558,10
13.0193395615,80.2242202759,79558,79569,11
13.019370079,80.2242202759,79569,79579,10
13.0195398331,80.2242965698,79579,79589,10
13.0198097229,80.2244796753,79589,79599,10
13.0201396942,80.2247695923,79599,79609,10
13.0205602646,80.2250900269,79609,79619,10
13.0210199356,80.2254333496,79619,79629,10
13.0214099884,80.2257919312,79629,79639,10
13.0218000412,80.2260818481,79639,79650,11
13.0221796036,80.2263793945,79650,79660,10
13.0229902267,80.2270812988,79660,79731,71
13.0229902267,80.2270812988,79731,79741,10
13.0228700638,80.2273330688,79741,79751,10
13.0230903625,80.2273864746,79751,79761,10
13.0235099792,80.2276611328,79761,79771,10
13.0240297318,80.2281036377,79771,79781,10
13.0242795944,80.2283401489,79781,79791,10
13.0242900848,80.228553772,79791,79802,11
13.0241098404,80.2284088135,79802,79812,10
13.0238103867,80.2280426025,79812,79822,10
13.0233802795,80.2275924683,79822,79832,10
13.0232400894,80.2274475098,79832,79842,10
13.0230998993,80.2273483276,79842,79852,10
13.0226097107,80.2269287109,79852,79862,10
13.0220003128,80.2264022827,79862,79873,11
13.0213003159,80.2257995605,79873,79883,10
13.0206298828,80.2253036499,79883,79893,10
13.019900322,80.2248382568,79893,79903,10
13.0191898346,80.2245407104,79903,79913,10
13.0183401108,80.2247161865,79913,79923,10
13.0175104141,80.2250595093,79923,79933,10
13.016699791,80.2253799438,79933,79943,10
13.0159597397,80.2256622314,79943,79954,11
13.0151901245,80.2258911133,79954,79964,10
13.0144395828,80.2260971069,79964,82386,2422
13.0144395828,80.2260971069,82386,82396,10
13.0143404007,80.2261962891,82396,82406,10
13.0142297745,80.2261123657,82406,82416,10
13.0142297745,80.2258071899,82416,82447,31
13.0142297745,80.2258071899,82447,82457,10
13.0142002106,80.2256317139,82457,82467,10
13.0142097473,80.225479126,82467,82477,10
13.0142602921,80.2254104614,82477,82487,10
13.0144500732,80.2252197266,82487,83156,669
13.0144500732,80.2252197266,83156,83166,10
13.01445961,80.2254486084,83166,83288,122
13.0144195557,80.2252731323,83288,84190,902
13.0144300461,80.2254486084,84190,84312,122
13.0144500732,80.225151062,84312,85589,1277
13.0144395828,80.2254562378,85589,85873,284
