12.9982795715,80.2566680908,18,3598,3580
12.9981899261,80.256652832,3598,3828,230
12.9983797073,80.2566299438,3828,17332,13504
12.9983797073,80.2566299438,17332,17342,10
12.9981603622,80.2563934326,17342,17352,10
12.9977197647,80.2563018799,17352,17423,71
12.9977197647,80.2563018799,17423,17433,10
12.9975004196,80.2559814453,17433,17544,111
12.9975004196,80.2559814453,17544,17554,10
12.9972496033,80.2559280396,17554,17564,10
12.9969396591,80.2559204102,17564,17574,10
12.9964895248,80.2558898926,17574,17584,10
12.9958400726,80.2559127808,17584,17594,10
12.9952602386,80.2559280396,17594,17605,11
12.9946298599,80.2559585571,17605,17615,10
12.994099617,80.2559890747,17615,17625,10
12.9933004379,80.2560424805,17625,17635,10
12.9923295975,80.2560806274,17635,17645,10
12.9914302826,80.2560577393,17645,17655,10
12.990650177,80.2560272217,17655,17665,10
12.9898500443,80.2560119629,17665,17675,10
12.9889001846,80.2559585571,17675,17685,10
12.9879903793,80.2558517456,17685,17695,10
12.9875001907,80.2557830811,17695,17705,10
12.9871501923,80.2557220459,17705,17715,10
12.9865598679,80.2556228638,17715,17726,11
12.9860696793,80.255531311,17726,17736,10
12.9857997894,80.2554626465,17736,17746,10
12.985159874,80.255317688,17746,17756,10
12.9844198227,80.2551269531,17756,17766,10
12.9836597443,80.2549514771,17766,17776,10
12.9830198288,80.2547607422,17776,17786,10
12.9823503494,80.2545623779,17786,17796,10
12.9819297791,80.2539291382,17796,17806,10
12.9817399979,80.2531433105,17806,17816,10
12.9811601639,80.252822876,17816,17826,10
12.9804697037,80.2527923584,17826,17836,10
12.9796695709,80.252746582,17836,17847,11
12.9786596298,80.2526092529,17847,17867,20
12.9786596298,80.2526092529,17867,17877,10
12.97838974,80.252456665,17877,17887,10
12.9778404236,80.251991272,17887,17897,10
12.9770002365,80.251411438,17897,17907,10
12.9759397507,80.2510986328,17907,17917,10
12.9748401642,80.2507781982,17917,17927,10
12.9737300873,80.2504730225,17927,17937,10
12.9727296829,80.2502365112,17937,17947,10
12.9725999832,80.250213623,17947,17958,11
12.9723701477,80.2501296997,17958,17968,10
12.9717197418,80.2499389648,17968,17978,10
12.9708099365,80.2497024536,17978,17988,10
12.9697504044,80.2493133545,17988,17998,10
12.9686803818,80.2488937378,17998,18008,10
12.9676198959,80.2484512329,18008,18018,10
12.9666204453,80.2479934692,18018,18028,10
12.9652099609,80.247428894,18028,18048,20
12.9652099609,80.247428894,18048,18058,10
12.9650201797,80.2473526001,18058,18068,10
12.9644899368,80.2471618652,18068,18079,11
12.963640213,80.2468338013,18079,18089,10
12.9628295898,80.246421814,18089,18099,10
12.9618902206,80.2459793091,18099,18109,10
12.9608802795,80.2454910278,18109,18119,10
12.9598903656,80.2450485229,18119,18129,10
12.959230423,80.2447662354,18129,18139,10
12.9586496353,80.2444915771,18139,18149,10
12.957909584,80.2442092896,18149,18158,9
12.9573001862,80.2439804077,18158,18169,11
12.9565200806,80.2437362671,18169,18179,10
12.9562902451,80.2436599731,18179,18189,10
12.9557800293,80.2434005737,18189,18200,11
12.9550104141,80.243057251,18200,18210,10
12.9545297623,80.2428817749,18210,18220,10
12.9540100098,80.2426681519,18220,18230,10
12.953619957,80.2425003052,18230,18240,10
12.9531803131,80.2423019409,18240,18250,10
12.9527902603,80.2421417236,18250,18260,10
12.9525499344,80.2419586182,18260,18270,10
12.9519796371,80.2417602539,18270,18280,10
12.9513502121,80.2415466309,18280,18290,10
12.9504995346,80.2412796021,18290,18300,10
12.9494695663,80.2409667969,18300,18310,10
12.9486198425,80.2406463623,18310,18321,11
12.9475898743,80.2402267456,18321,18331,10
12.9467401505,80.2398834229,18331,18341,10
12.9459104538,80.2395095825,18341,18351,10
12.9450101852,80.2389373779,18351,18361,10
12.9442300797,80.2380981445,18361,18371,10
12.9434700012,80.2372894287,18371,18381,10
12.9426803589,80.236656189,18381,18391,10
12.9415903091,80.2362976074,18391,18401,10
12.9404802322,80.2360305786,18401,18411,10
12.9394798279,80.2356491089,18411,18421,10
12.9384498596,80.2351379395,18421,18432,11
12.9372901917,80.2345733643,18432,18442,10
12.936249733,80.2340698242,18442,18452,10
12.9352998734,80.2336196899,18452,18462,10
12.9339103699,80.2330093384,18462,18482,20
12.9339103699,80.2330093384,18482,18492,10
12.9337100983,80.2329177856,18492,18502,10
12.9330797195,80.2326278687,18502,18512,10
12.9321804047,80.2322998047,18512,18522,10
12.9310798645,80.2319335938,18522,18532,10
12.9299602509,80.2315979004,18532,18542,10
12.9288196564,80.2313766479,18542,18553,11
12.9275102615,80.2311935425,18553,18563,10
12.9264202118,80.2310409546,18563,18573,10
12.9260101318,80.2310409546,18573,18583,10
12.9259004593,80.2310409546,18583,18593,10
12.9253997803,80.2309570313,18593,18603,10
12.9246397018,80.2308731079,18603,18613,10
12.9236497879,80.2307434082,18613,18623,10
12.9225196838,80.2305679321,18623,18633,10
12.921330452,80.2303771973,18633,18643,10
12.9201097488,80.2302322388,18643,18653,10
12.9189195633,80.2300796509,18653,18663,10
12.9177598953,80.229927063,18663,18674,11
12.9165201187,80.2297592163,18674,18684,10
12.9153995514,80.2295913696,18684,18694,10
12.9142999649,80.2294387817,18694,18704,10
12.9134302139,80.2293395996,18704,18714,10
12.9133300781,80.2293167114,18714,18724,10
12.9129600525,80.2292709351,18724,18734,10
12.9122600555,80.2291564941,18734,18744,10
12.9113798141,80.2290115356,18744,18754,10
12.910369873,80.2288894653,18754,18764,10
12.9092702866,80.2287216187,18764,18774,10
12.9081897736,80.2285232544,18774,18785,11
12.9070501328,80.2283630371,18785,18795,10
12.9063196182,80.2283096313,18795,18805,10
12.9061603546,80.228302002,18805,18815,10
12.9055995941,80.2282562256,18815,18825,10
12.9047298431,80.2282028198,18825,18835,10
12.9037303925,80.2281188965,18835,18845,10
12.9028902054,80.2280731201,18845,18855,10
12.9020004272,80.2280197144,18855,18865,10
12.9010295868,80.2279815674,18865,18875,10
12.9001598358,80.2279205322,18875,18884,9
12.8995399475,80.2279281616,18884,18906,22
12.8995399475,80.2279281616,18906,18916,10
12.8992395401,80.2278900146,18916,18926,10
12.8985595703,80.2278366089,18926,18936,10
12.8976097107,80.2277984619,18936,18946,10
12.8964796066,80.2277374268,18946,18956,10
12.8953104019,80.2276992798,18956,18966,10
12.8941402435,80.2276306152,18966,18976,10
12.8932199478,80.2275466919,18976,18986,10
12.8931102753,80.2275390625,18986,18996,10
12.8929395676,80.2275085449,18996,19006,10
12.892370224,80.2274398804,19006,19017,11
12.8914403915,80.2274017334,19017,19027,10
12.890370369,80.2274017334,19027,19037,10
12.8892297745,80.2273864746,19037,19047,10
12.8881397247,80.2273406982,19047,19057,10
12.8871097565,80.2272262573,19057,19067,10
12.8859901428,80.2269515991,19067,19077,10
12.8849897385,80.2267684937,19077,19087,10
12.8848400116,80.2267608643,19087,19097,10
12.884469986,80.2267532349,19097,19107,10
12.8837404251,80.2267532349,19107,19117,10
12.8827295303,80.2267608643,19117,19127,10
12.8815803528,80.2267608643,19127,19138,11
12.8805599213,80.2267608643,19138,19148,10
12.8798999786,80.2267608643,19148,19158,10
12.8789300919,80.2267913818,19158,19168,10
12.8777704239,80.226890564,19168,19178,10
12.8767204285,80.2269821167,19178,19188,10
12.8764200211,80.2266235352,19188,19217,29
12.8764200211,80.2266235352,19217,19228,11
12.8764400482,80.2264480591,19228,19238,10
12.8765096664,80.2258834839,19238,19248,10
12.8765802383,80.2250900269,19248,19259,11
12.8767004013,80.2240982056,19259,19269,10
12.8768997192,80.2232437134,19269,19279,10
12.8771295547,80.2222595215,19279,19289,10
12.8773803711,80.221206665,19289,19299,10
12.8776197433,80.2201538086,19299,19309,10
12.8777198792,80.2196578979,19309,19319,10
12.8778400421,80.2192382813,19319,19329,10
12.8780298233,80.2184524536,19329,19339,10
12.8782300949,80.2174835205,19339,19349,10
12.8784198761,80.2164764404,19349,19359,10
12.8786296844,80.2155227661,19359,19369,10
12.8788499832,80.2144470215,19369,19380,11
12.8790798187,80.2132415771,19380,19390,10
12.8792695999,80.2121887207,19390,19400,10
12.8794298172,80.2113037109,19400,19410,10
12.8792295456,80.2109909058,19410,19430,20
12.8792295456,80.2109909058,19430,19440,10
12.8789300919,80.2109375,19440,19450,10
12.8784303665,80.2108535767,19450,19460,10
12.8777799606,80.2107315063,19460,19470,10
12.8771495819,80.2106018066,19470,19480,10
12.8765201569,80.2104797363,19480,19491,11
12.8758401871,80.210357666,19491,19501,10
12.8752098083,80.2102432251,19501,19511,10
12.8744802475,80.2101135254,19511,19541,30
12.8744802475,80.2101135254,19541,19551,10
12.8744497299,80.2100982666,19551,19561,10
12.8744001389,80.2098464966,19561,19571,10
12.87458992,80.2095718384,19571,19580,9
12.8747596741,80.2099227905,19580,19702,122
12.8747596741,80.2099227905,19702,19712,10
12.8748397827,80.2101898193,19712,19722,10
12.8749704361,80.2102127075,19722,19733,11
12.8750295639,80.2102127075,19733,19743,10
12.8752603531,80.2102584839,19743,19753,10
12.8755702972,80.210319519,19753,19763,10
12.8758296967,80.210357666,19763,19773,10
12.8761796951,80.2104263306,19773,19783,10
12.876540184,80.2105026245,19783,19793,10
12.8769798279,80.2105865479,19793,19803,10
12.8774900436,80.2106781006,19803,19813,10
12.8780002594,80.2107925415,19813,19822,9
12.878490448,80.2108764648,19822,19833,11
12.879240036,80.2110137939,19833,19854,21
12.879240036,80.2110137939,19854,19864,10
12.8793401718,80.2110366821,19864,19874,10
12.8795099258,80.2112579346,19874,19884,10
12.87940979,80.2117614746,19884,19894,10
12.8792600632,80.2125015259,19894,19904,10
12.8790998459,80.2133789063,19904,19914,10
12.8789196014,80.2143096924,19914,19924,10
12.8787403107,80.2152633667,19924,19934,10
12.8785295486,80.2161712646,19934,19944,10
12.8783502579,80.2170715332,19944,19953,9
12.8781795502,80.2179031372,19953,19965,12
12.8779401779,80.2190170288,19965,19975,10
12.8777399063,80.2199325562,19975,19985,10
12.8775196075,80.2208786011,19985,19995,10
12.8773002625,80.2218399048,19995,20005,10
12.8770704269,80.2227935791,20005,20015,10
12.8768596649,80.223739624,20015,20025,10
12.8767004013,80.2246932983,20025,20035,10
12.8766002655,80.2256317139,20035,20045,10
12.8764696121,80.2264022827,20045,20055,10
12.8766403198,80.2268829346,20055,20074,19
12.8766403198,80.2268829346,20074,20086,12
12.8768196106,80.2268676758,20086,20096,10
12.8771696091,80.2268371582,20096,20106,10
12.8778400421,80.2267990112,20106,20116,10
12.8786802292,80.2267608643,20116,20126,10
12.8795795441,80.2266998291,20126,20136,10
12.8805599213,80.2266921997,20136,20146,10
12.881529808,80.2266769409,20146,20156,10
12.8825302124,80.2266693115,20156,20166,10
12.8835296631,80.2266464233,20166,20176,10
12.884519577,80.2266387939,20176,20186,10
12.8851995468,80.2266616821,20186,20197,11
12.8852300644,80.2266616821,20197,20207,10
12.8853502274,80.2266693115,20207,20217,10
12.8858003616,80.2267684937,20217,20227,10
12.8864898682,80.2269821167,20227,20237,10
12.8873300552,80.2271728516,20237,20247,10
12.8882799149,80.2272720337,20247,20257,10
12.8892297745,80.2273101807,20257,20267,10
12.8902797699,80.2273101807,20267,20277,10
12.8913803101,80.2273025513,20277,20287,10
12.892490387,80.2273406982,20287,20297,10
12.8935604095,80.2274627686,20297,20307,10
12.8940601349,80.2274932861,20307,20318,11
12.8942699432,80.2275238037,20318,20328,10
12.8948602676,80.2275619507,20328,20338,10
12.8957099915,80.2276000977,20338,20348,10
12.8967599869,80.2276611328,20348,20358,10
12.8978700638,80.227722168,20358,20368,10
12.8990001678,80.2277984619,20368,20378,10
12.9001197815,80.2278671265,20378,20388,10
12.900970459,80.2279129028,20388,20398,10
12.9014596939,80.2279205322,20398,20459,61
12.9014596939,80.2279205322,20459,20469,10
12.9016799927,80.2279586792,20469,20479,10
12.9021396637,80.2279891968,20479,20489,10
12.9028196335,80.2280273438,20489,20499,10
12.9036397934,80.2280807495,20499,20509,10
12.9046096802,80.2281188965,20509,20519,10
12.9056301117,80.2281723022,20519,20529,10
12.9067296982,80.2282333374,20529,20549,20
12.9067296982,80.2282333374,20549,20560,11
12.9068603516,80.2282791138,20560,20570,10
12.9072399139,80.2283096313,20570,20580,10
12.907959938,80.2284088135,20580,20590,10
12.9089202881,80.2285614014,20590,20600,10
12.9099903107,80.2287368774,20600,20610,10
12.91106987,80.2289123535,20610,20620,10
12.9120903015,80.2290496826,20620,20630,10
12.9131603241,80.2291870117,20630,20640,10
12.9140501022,80.2293014526,20640,20650,10
12.9140996933,80.229309082,20650,20660,10
12.9142198563,80.2293319702,20660,20670,10
12.914730072,80.2294006348,20670,20681,11
12.9155597687,80.2295227051,20681,20691,10
12.9163703918,80.229637146,20691,20701,10
12.9172000885,80.2297515869,20701,20711,10
12.9180202484,80.2298736572,20711,20721,10
12.9188604355,80.2299804688,20721,20731,10
12.9193296432,80.2300186157,20731,20741,10
12.9194803238,80.2300262451,20741,20751,10
12.9200296402,80.2300872803,20751,20761,10
12.9208202362,80.2302017212,20761,20771,10
12.9217300415,80.2303237915,20771,20781,10
12.922659874,80.23046875,20781,20790,9
12.9236297607,80.2306137085,20790,20802,12
12.9249897003,80.230796814,20802,20812,10
12.9261198044,80.2309188843,20812,20822,10
12.9264698029,80.2309570313,20822,20832,10
12.9267597198,80.2310028076,20832,20842,10
12.9273700714,80.2310791016,20842,20852,10
12.9281997681,80.2311782837,20852,20862,10
12.9291200638,80.231338501,20862,20872,10
12.929980278,80.2315292358,20872,20882,10
12.9310102463,80.2318191528,20882,20892,10
12.932100296,80.2321929932,20892,20902,10
12.9336395264,80.232749939,20902,20923,21
12.9336395264,80.232749939,20923,20933,10
12.9338998795,80.2328872681,20933,20943,10
12.9345703125,80.2331924438,20943,20953,10
12.9354095459,80.2335586548,20953,20963,10
12.9363498688,80.2340011597,20963,20973,10
12.9373397827,80.2344665527,20973,20983,10
12.9383497238,80.2349700928,20983,20993,10
12.9397201538,80.2356491089,20993,21013,20
12.9397201538,80.2356491089,21013,21023,10
12.9398298264,80.2357025146,21023,21034,11
12.9403600693,80.2359085083,21034,21044,10
12.9411201477,80.2360992432,21044,21054,10
12.9420499802,80.2363204956,21054,21064,10
12.9429597855,80.2367019653,21064,21074,10
12.9436597824,80.2372665405,21074,21084,10
12.9437704086,80.2374191284,21084,21094,10
12.9440402985,80.2377471924,21094,21104,10
12.944560051,80.2383270264,21104,21114,10
12.9452695847,80.2390594482,21114,21124,10
12.9462604523,80.2395935059,21124,21134,10
12.9471702576,80.2399520874,21134,21145,11
12.9473304749,80.2400131226,21145,21155,10
12.9474201202,80.2400436401,21155,21165,10
12.947810173,80.2402114868,21165,21175,10
12.9483299255,80.2404174805,21175,21185,10
12.9487895966,80.2406005859,21185,21195,10
12.949090004,80.2407073975,21195,21205,10
12.9496898651,80.2409210205,21205,21215,10
12.9504995346,80.2411804199,21215,21225,10
12.9510803223,80.2413406372,21225,21235,10
12.9511098862,80.2413635254,21235,21245,10
12.9512500763,80.2414321899,21245,21255,10
12.9517297745,80.2416000366,21255,21266,11
12.9524803162,80.241859436,21266,21276,10
12.9532804489,80.2421798706,21276,21286,10
12.9540300369,80.242477417,21286,21296,10
12.9547700882,80.2427825928,21296,21306,10
12.955280304,80.242980957,21306,21316,10
12.956319809,80.2433395386,21316,21346,30
12.956319809,80.2433395386,21346,21356,10
12.9566698074,80.2434082031,21356,21366,10
12.9572296143,80.2436981201,21366,21376,10
12.9580001831,80.2440719604,21376,21387,11
12.9588098526,80.2444076538,21387,21397,10
12.9589004517,80.2444381714,21397,21407,10
12.9590396881,80.2445220947,21407,21417,10
12.9595003128,80.2447509766,21417,21427,10
12.9602298737,80.2450790405,21427,21437,10
12.9611101151,80.2454910278,21437,21447,10
12.9620599747,80.2459564209,21447,21457,10
12.9629402161,80.2463989258,21457,21467,10
12.9637403488,80.2467880249,21467,21477,10
12.9646396637,80.2471389771,21477,21487,10
12.9656095505,80.2474365234,21487,21497,10
12.9665298462,80.2478027344,21497,21508,11
12.9667100906,80.2478790283,21508,21518,10
12.9667797089,80.2479324341,21518,21528,10
12.9671001434,80.2481231689,21528,21538,10
12.9677200317,80.2483673096,21538,21548,10
12.9685497284,80.2487106323,21548,21558,10
12.9693803787,80.2490463257,21558,21568,10
12.970199585,80.249382019,21568,21577,9
12.9709796906,80.2496414185,21577,21588,11
12.9719896317,80.2499237061,21588,21598,10
12.9730195999,80.2501678467,21598,21608,10
12.97397995,80.2504119873,21608,21619,11
12.9743900299,80.25050354,21619,21629,10
12.9746599197,80.2506027222,21629,21639,10
12.9752702713,80.2508010864,21639,21649,10
12.9761199951,80.2510528564,21649,21659,10
12.9770898819,80.2513427734,21659,21669,10
12.9779396057,80.2519302368,21669,21679,10
12.9788303375,80.2525100708,21679,21689,10
12.9799604416,80.2522888184,21689,21709,20
12.9799604416,80.2522888184,21709,21719,10
12.9799604416,80.2521972656,21719,21729,10
12.9800796509,80.2518081665,21729,21740,11
12.9803104401,80.2510681152,21740,21750,10
12.9805402756,80.2502212524,21750,21760,10
12.9806995392,80.2493515015,21760,21770,10
12.9807596207,80.2484130859,21770,21780,10
12.9808301926,80.2474136353,21780,21790,10
12.9809103012,80.2463378906,21790,21800,10
12.9810400009,80.2453079224,21800,21810,10
12.9811601639,80.2443389893,21810,21820,10
12.9812602997,80.2436981201,21820,21830,10
12.9813604355,80.2433166504,21830,21840,10
12.9813699722,80.2428207397,21840,21851,11
12.9813699722,80.2428131104,21851,21861,10
12.9813899994,80.2426300049,21861,21871,10
12.9813899994,80.2422485352,21871,21881,10
12.9813804626,80.2416229248,21881,21891,10
12.9813804626,80.2409210205,21891,21901,10
12.9813604355,80.2401275635,21901,21911,10
12.9813299179,80.2392425537,21911,21921,10
12.9812803268,80.237953186,21921,21941,20
12.9812803268,80.237953186,21941,21951,10
12.9812803268,80.2377929688,21951,21961,10
12.9812602997,80.2372970581,21961,21972,11
12.9812402725,80.2364578247,21972,21982,10
12.9812097549,80.2355575562,21982,21992,10
12.9811897278,80.2346496582,21992,22002,10
12.9816503525,80.2333221436,22002,22022,20
12.9816503525,80.2333221436,22022,22032,10
12.9816999435,80.2332382202,22032,22042,10
12.9818401337,80.2329483032,22042,22052,10
12.9819803238,80.2324676514,22052,22062,10
12.9819898605,80.2319869995,22062,22072,10
12.9819498062,80.2313995361,22072,22082,10
12.9816999435,80.2307815552,22082,22093,11
12.9812803268,80.2300186157,22093,22103,10
12.9808998108,80.2293930054,22103,22113,10
12.9806804657,80.2290420532,22113,22123,10
12.9806098938,80.2289123535,22123,22133,10
12.9805202484,80.228767395,22133,22143,10
12.9803304672,80.2284088135,22143,22153,10
12.9800701141,80.2279510498,22153,22163,10
12.9797897339,80.2274475098,22163,22173,10
12.9794197083,80.2268066406,22173,22183,10
12.978969574,80.2260665894,22183,22193,10
12.978679657,80.2255706787,22193,22203,10
12.9783000946,80.2249069214,22203,22214,11
12.9778499603,80.2242965698,22214,22224,10
12.9774703979,80.2236862183,22224,22234,10
12.977060318,80.2230072021,22234,22244,10
12.9771995544,80.2226867676,22244,22264,20
12.9771995544,80.2226867676,22264,22274,10
12.9774503708,80.2226486206,22274,22284,10
12.9774799347,80.2223510742,22284,22294,10
12.9774503708,80.2218093872,22294,22304,10
12.9774398804,80.2213287354,22304,22314,10
12.9777202606,80.2212371826,22314,22325,11
12.9783296585,80.2211837769,22325,22335,10
12.9790897369,80.2211227417,22335,22345,10
12.9799804688,80.2210693359,22345,22355,10
12.980890274,80.2210083008,22355,22365,10
12.9816198349,80.2213287354,22365,22375,10
12.9820203781,80.2215881348,22375,22385,10
12.9824199677,80.2217636108,22385,22395,10
12.9829902649,80.2219619751,22395,22405,10
12.9830503464,80.2220001221,22405,22415,10
12.9833202362,80.2221908569,22415,22425,10
12.983830452,80.2225189209,22425,22435,10
12.9845399857,80.2229385376,22435,22446,11
12.9852104187,80.2232666016,22446,22456,10
12.9856100082,80.2230911255,22456,22466,10
12.9862499237,80.2229614258,22466,22476,10
12.9864997864,80.2229690552,22476,22486,10
12.9866199493,80.2229995728,22486,22496,10
12.9869699478,80.2230377197,22496,22506,10
12.9876403809,80.2230529785,22506,22516,10
12.9881696701,80.2227020264,22516,22526,10
12.9887599945,80.2221908569,22526,22536,10
12.9893198013,80.2215270996,22536,22546,10
12.9899101257,80.220741272,22546,22556,10
12.99036026,80.2203903198,22556,22567,11
12.9904603958,80.2203598022,22567,22577,10
12.9907798767,80.220123291,22577,22587,10
12.9913597107,80.2196731567,22587,22597,10
12.9920101166,80.2191925049,22597,22607,10
12.9927997589,80.2185974121,22607,22617,10
12.9936304092,80.2179718018,22617,22627,10
12.9944095612,80.2174377441,22627,22637,10
12.9952001572,80.2169113159,22637,22647,10
12.9960098267,80.2165908813,22647,22657,10
12.9966497421,80.216506958,22657,22667,10
12.9972295761,80.2163391113,22667,22678,11
12.9975404739,80.2160797119,22678,22688,10
12.9976396561,80.2160110474,22688,22698,10
12.9980602264,80.2156524658,22698,22708,10
12.9985399246,80.2152023315,22708,22718,10
12.99903965,80.2147979736,22718,22728,10
12.999329567,80.2145614624,22728,22738,10
12.9998102188,80.2141571045,22738,22748,10
13.0003204346,80.2136993408,22748,22758,10
13.0009803772,80.2131271362,22758,22768,10
13.0016803741,80.212600708,22768,22778,10
13.0024299622,80.2121887207,22778,22788,10
13.0032501221,80.2120819092,22788,22799,11
13.0037097931,80.211730957,22799,22809,10
13.0036697388,80.2109603882,22809,22819,10
13.003569603,80.2101974487,22819,22829,10
13.0035600662,80.2094421387,22829,22839,10
13.0037498474,80.2087173462,22839,22849,10
13.0044603348,80.2088165283,22849,22859,10
13.0054101944,80.2092437744,22859,22869,10
13.0063695908,80.2095870972,22869,22879,10
13.007349968,80.2098312378,22879,22909,30
13.007349968,80.2098312378,22909,22920,11
13.0076599121,80.2099380493,22920,22930,10
13.0081501007,80.2099914551,22930,22940,10
13.0080699921,80.2093963623,22940,22950,10
13.0079097748,80.208442688,22950,22960,10
13.0077495575,80.207321167,22960,22970,10
13.0075902939,80.206199646,22970,22980,10
13.007519722,80.2052307129,22980,22990,10
13.007519722,80.2042617798,22990,23000,10
13.0074100494,80.2033996582,23000,23010,10
13.0071201324,80.2026062012,23010,23020,10
13.0065402985,80.2029037476,23020,23031,11
13.006939888,80.203453064,23031,23041,10
13.0077199936,80.2037124634,23041,23051,10
13.0087099075,80.2037124634,23051,23061,10
13.009929657,80.2036514282,23061,23071,10
13.0112495422,80.2036972046,23071,23081,10
13.0125799179,80.2039031982,23081,23091,10
13.0135097504,80.2041625977,23091,23101,10
13.013710022,80.2042770386,23101,23111,10
13.0136899948,80.2045669556,23111,23121,10
13.0136299133,80.2047195435,23121,23131,10
13.0134801865,80.2051315308,23131,23141,10
13.013250351,80.2059020996,23141,23152,11
13.0130596161,80.2070465088,23152,23162,10
13.0129804611,80.2077178955,23162,23172,10
13.0129404068,80.2078704834,23172,23182,10
13.012960434,80.2083129883,23182,23192,10
13.0129699707,80.2086715698,23192,23202,10
13.0130796432,80.2092819214,23202,23212,10
13.0133104324,80.2097473145,23212,23222,10
13.0132102966,80.2104110718,23222,23232,10
13.0129098892,80.2111968994,23232,23242,10
13.0124998093,80.2119598389,23242,23252,10
13.0120897293,80.212600708,23252,23262,10
13.0118598938,80.2127838135,23262,23273,11
13.0114297867,80.2124786377,23273,23283,10
13.0107498169,80.2119979858,23283,23293,10
13.0101299286,80.211517334,23293,23303,10
13.0098800659,80.2113265991,23303,23313,10
13.0097103119,80.2112121582,23313,23372,59
13.0094003677,80.2110214233,23372,24563,1191
13.0094003677,80.2110214233,24563,24573,10
13.0092802048,80.2111282349,24573,24584,11
13.0090799332,80.21144104,24584,24594,10
13.0090799332,80.2117080688,24594,24604,10
13.0092000961,80.2121963501,24604,24614,10
13.0094299316,80.2128372192,24614,24624,10
13.0096902847,80.2134933472,24624,24634,10
13.0099802017,80.2141799927,24634,24644,10
13.0101804733,80.2149429321,24644,24654,10
13.0103397369,80.2158203125,24654,24663,9
13.0107097626,80.2166519165,24663,24674,11
13.0112199783,80.2177810669,24674,24684,10
13.011639595,80.2188796997,24684,24694,10
13.0120000839,80.2200622559,24694,24705,11
13.0123701096,80.2212524414,24705,24715,10
13.0126104355,80.221862793,24715,24725,10
13.0131397247,80.2225189209,24725,24735,10
13.0136995316,80.2232589722,24735,24745,10
13.014380455,80.2238769531,24745,24755,10
13.0150203705,80.2246017456,24755,24765,10
13.0154495239,80.2253189087,24765,24775,10
13.0151500702,80.2258529663,24775,24785,10
13.0145397186,80.2261199951,24785,24795,10
13.0136995316,80.2264633179,24795,24805,10
13.0127496719,80.2268600464,24805,24816,11
13.0116195679,80.2273330688,24816,24826,10
13.0105495453,80.2277374268,24826,24836,10
13.0096597672,80.2278594971,24836,24846,10
13.0097398758,80.227180481,24846,24856,10
13.0101003647,80.2263183594,24856,24866,10
13.0104904175,80.2253723145,24866,24876,10
13.0108995438,80.2244873047,24876,24886,10
13.0112495422,80.2235107422,24886,24896,10
13.0110397339,80.2230987549,24896,24906,10
13.0103998184,80.2227478027,24906,24916,10
13.00963974,80.2223434448,24916,24926,10
13.0091495514,80.222076416,24926,24937,11
13.0085697174,80.2217407227,24937,24947,10
13.0078201294,80.2213668823,24947,24957,10
13.0069799423,80.2208862305,24957,24967,10
13.0060195923,80.2205505371,24967,24977,10
13.0050697327,80.2203292847,24977,24987,10
13.0046796799,80.2202529907,24987,24997,10
13.0045003891,80.2202224731,24997,25007,10
13.0039196014,80.2200927734,25007,25017,10
13.0031003952,80.2198562622,25017,25027,10
13.0022697449,80.2192993164,25027,25037,10
13.0015897751,80.2186584473,25037,25047,10
13.0007095337,80.2180404663,25047,25058,11
12.9997596741,80.2174530029,25058,25068,10
12.9988899231,80.2169570923,25068,25078,10
12.9979400635,80.216583252,25078,25088,10
12.9974403381,80.2165222168,25088,25098,10
12.9974002838,80.2164993286,25098,25108,10
12.9970197678,80.2165298462,25108,25118,10
12.9962701797,80.2165985107,25118,25128,10
12.9954004288,80.2169113159,25128,25138,10
12.9945697784,80.2174606323,25138,25148,10
12.9937801361,80.2180633545,25148,25157,9
12.9930095673,80.2186126709,25157,25168,11
12.9920396805,80.2193069458,25168,25179,11
12.9911403656,80.2199478149,25179,25189,10
12.9908800125,80.2201690674,25189,25199,10
12.9906902313,80.2203063965,25199,25209,10
12.9901895523,80.2207183838,25209,25219,10
12.9895896912,80.2213973999,25219,25229,10
12.98939991,80.2216033936,25229,25239,10
12.9892196655,80.2218170166,25239,25249,10
12.9887399673,80.222366333,25249,25259,10
12.9880800247,80.2229766846,25259,25269,10
12.9877004623,80.2231063843,25269,25279,10
12.9876298904,80.2230911255,25279,25290,11
12.9871797562,80.2230377197,25290,25300,10
12.9866304398,80.2229537964,25300,25310,10
12.9859304428,80.2229690552,25310,25320,10
12.9854698181,80.2232666016,25320,25330,10
12.9848203659,80.2230606079,25330,25340,10
12.9841499329,80.2226486206,25340,25350,10
12.9834899902,80.2222671509,25350,25360,10
12.9832801819,80.2221374512,25360,25370,10
12.9830904007,80.222038269,25370,25380,10
12.9825000763,80.2218170166,25380,25390,10
12.9818897247,80.221496582,25390,25400,10
12.9811601639,80.2211227417,25400,25411,11
12.9801502228,80.2210922241,25411,25421,10
12.9791402817,80.2211380005,25421,25431,10
12.9781398773,80.2211685181,25431,25441,10
12.9771499634,80.221206665,25441,25451,10
12.9767799377,80.2212371826,25451,25461,10
12.9765701294,80.2212219238,25461,25471,10
12.9762201309,80.2213897705,25471,25481,10
12.9764699936,80.2217636108,25481,25511,30
12.9764699936,80.2217636108,25511,25521,10
12.9764699936,80.2220230103,25521,25532,11
12.9768400192,80.2226104736,25532,25542,10
12.9772996902,80.2233276367,25542,25552,10
12.9778604507,80.2241973877,25552,25562,10
12.9784402847,80.2251281738,25562,25572,10
12.9786596298,80.225479126,25572,25582,10
12.9787998199,80.2256774902,25582,25592,10
12.9791297913,80.2262496948,25592,25602,10
12.9795598984,80.2269821167,25602,25612,10
12.9800796509,80.2278671265,25612,25622,10
12.9806499481,80.228843689,25622,25632,10
12.9812097549,80.2297515869,25632,25643,11
12.9817304611,80.230506897,25643,25653,10
12.981760025,80.2305526733,25653,25663,10
12.9819097519,80.2309188843,25663,25673,10
12.982049942,80.2316436768,25673,25683,10
12.9820098877,80.2325592041,25683,25693,10
12.9816904068,80.2334213257,25693,25703,10
12.9816303253,80.2335586548,25703,25713,10
12.9815797806,80.2336578369,25713,25723,10
12.9813404083,80.2341690063,25723,25733,10
12.9812602997,80.2350082397,25733,25743,10
12.9812698364,80.2361068726,25743,25753,10
12.9812898636,80.2372894287,25753,25764,11
12.9813404083,80.2387084961,25764,25784,20
12.9813404083,80.2387084961,25784,25794,10
12.9813404083,80.238822937,25794,25804,10
12.9813299179,80.2393569946,25804,25814,10
12.9813404083,80.2401580811,25814,25824,10
12.9813604355,80.2411270142,25824,25834,10
12.9813699722,80.2421722412,25834,25844,10
12.9813899994,80.242767334,25844,25854,10
12.9813995361,80.242767334,25854,25864,10
12.9813604355,80.2429733276,25864,25873,9
12.9813604355,80.2435073853,25873,25885,12
12.9812402725,80.2445678711,25885,25895,10
12.9811000824,80.2456970215,25895,25905,10
12.9809799194,80.2468719482,25905,25915,10
12.9808797836,80.2480773926,25915,25925,10
12.9807901382,80.2493133545,25925,25935,10
12.9805498123,80.2505264282,25935,25945,10
12.9802303314,80.2517318726,25945,25955,10
12.9799604416,80.2525177002,25955,25975,20
12.9799604416,80.2525177002,25975,25984,9
12.9799003601,80.2527236938,25984,25996,12
12.9794101715,80.2527236938,25996,26006,10
12.9786996841,80.2526168823,26006,26016,10
12.9785804749,80.2525634766,26016,26026,10
12.9782400131,80.2523422241,26026,26036,10
12.977640152,80.2518005371,26036,26046,10
12.9766902924,80.2512969971,26046,26056,10
12.975569725,80.2509765625,26056,26066,10
12.9744300842,80.2506484985,26066,26076,10
12.9733695984,80.2503585815,26076,26086,10
12.9725999832,80.2501602173,26086,26096,10
12.9724798203,80.2500915527,26096,26105,9
12.9720401764,80.2499694824,26105,26117,12
12.9710798264,80.2497024536,26117,26127,10
12.9700298309,80.2493515015,26127,26137,10
12.9689397812,80.248916626,26137,26147,10
12.9678401947,80.2484512329,26147,26157,10
12.966799736,80.248008728,26157,26167,10
12.9658699036,80.2476119995,26167,26177,10
12.9652996063,80.2473983765,26177,26187,10
12.9652996063,80.2473907471,26187,26197,10
12.9649400711,80.2472610474,26197,26207,10
12.9642400742,80.2470169067,26207,26217,10
12.9633998871,80.246673584,26217,26227,10
12.9626502991,80.2463226318,26227,26238,11
12.9615402222,80.2457885742,26238,26248,10
12.9604501724,80.2452774048,26248,26258,10
12.9595003128,80.2448883057,26258,26268,10
12.9593896866,80.2448425293,26268,26278,10
12.9591197968,80.244682312,26278,26288,10
12.9584703445,80.2443771362,26288,26298,10
12.9577703476,80.244102478,26298,26308,10
12.9570503235,80.2438430786,26308,26318,10
12.9564695358,80.2436828613,26318,26338,20
12.9564695358,80.2436828613,26338,26348,10
12.9563703537,80.2436218262,26348,26359,11
12.9558000565,80.2433319092,26359,26369,10
12.954990387,80.2429504395,26369,26379,10
12.9540395737,80.2425537109,26379,26389,10
12.9529600143,80.2421035767,26389,26399,10
12.9518995285,80.2417221069,26399,26409,10
12.9516496658,80.2416381836,26409,26419,10
12.9513998032,80.2415618896,26419,26429,10
12.9507398605,80.2413330078,26429,26439,10
12.9497804642,80.2410583496,26439,26449,10
12.9487104416,80.2406768799,26449,26459,10
12.9476203918,80.2402420044,26459,26470,11
12.9470996857,80.240020752,26470,26480,10
12.946969986,80.2399597168,26480,26490,10
12.9464597702,80.2397537231,26490,26500,10
12.9456796646,80.2394104004,26500,26510,10
12.9448699951,80.2387695313,26510,26520,10
12.9440803528,80.2378997803,26520,26530,10
12.9434204102,80.2372207642,26530,26540,10
12.9433097839,80.2371063232,26540,26550,10
12.9429101944,80.2367706299,26550,26560,10
12.9420900345,80.2364120483,26560,26570,10
12.9410200119,80.2361602783,26570,26580,10
12.9399499893,80.2358398438,26580,26591,11
12.9388399124,80.2353210449,26591,26601,10
12.9377803802,80.2348022461,26601,26611,10
12.9366998672,80.2342910767,26611,26621,10
12.9356899261,80.2338104248,26621,26631,10
12.9346599579,80.2333602905,26631,26641,10
12.9338903427,80.2330093384,26641,26651,10
12.9338302612,80.2329788208,26651,26661,10
12.9334201813,80.2327804565,26661,26671,10
12.9326696396,80.2324676514,26671,26681,10
12.9316501617,80.2321166992,26681,26691,10
12.9305200577,80.2317428589,26691,26701,10
12.9293203354,80.2314529419,26701,26712,11
12.9280004501,80.2312393188,26712,26722,10
12.9267902374,80.2311096191,26722,26732,10
12.9261398315,80.231048584,26732,26742,10
12.9260997772,80.2310562134,26742,26752,10
12.9256496429,80.2309799194,26752,26762,10
12.9248895645,80.2308883667,26762,26772,10
12.9238700867,80.2307662964,26772,26782,10
12.922750473,80.2305984497,26782,26792,10
12.9215602875,80.230430603,26792,26802,10
12.9203596115,80.2302703857,26802,26812,10
12.9194002151,80.230178833,26812,26823,11
12.9191503525,80.230140686,26823,26833,10
12.9190702438,80.2301101685,26833,26843,10
12.9185400009,80.2300262451,26843,26853,10
12.9176797867,80.2299118042,26853,26863,10
12.9168596268,80.2297973633,26863,26873,10
12.9158096313,80.229637146,26873,26883,10
12.9146604538,80.2294769287,26883,26893,10
12.9133396149,80.2293319702,26893,26923,30
12.9133396149,80.2293319702,26923,26932,9
12.9132003784,80.2293167114,26932,26944,12
12.9124803543,80.2291717529,26944,26954,10
12.9115104675,80.2290496826,26954,26964,10
12.9103603363,80.2288894653,26964,26974,10
12.9091796875,80.2286834717,26974,26984,10
12.9079904556,80.228477478,26984,26994,10
12.9070701599,80.2283630371,26994,27004,10
12.9066696167,80.2283096313,27004,27014,10
12.9062004089,80.2283172607,27014,27024,10
12.9061603546,80.2282333374,27024,27034,10
12.9057197571,80.2281570435,27034,27044,10
12.9048404694,80.2281417847,27044,27054,10
12.9037303925,80.2281112671,27054,27065,11
12.9024400711,80.2280731201,27065,27075,10
12.9016304016,80.2280502319,27075,27095,20
12.9016304016,80.2280502319,27095,27105,10
12.9014196396,80.228012085,27105,27115,10
12.9012203217,80.2280197144,27115,27125,10
12.9008798599,80.2279968262,27125,27135,10
12.9006204605,80.2279815674,27135,27145,10
12.9003000259,80.2279891968,27145,27155,10
12.8996200562,80.2279586792,27155,27206,51
12.8996200562,80.2279586792,27206,27216,10
12.8992004395,80.227897644,27216,27226,10
12.8984804153,80.2278366089,27226,27236,10
12.8974599838,80.2277679443,27236,27246,10
12.8963003159,80.2276992798,27246,27256,10
12.8951196671,80.2276611328,27256,27266,10
12.8938999176,80.2276077271,27266,27276,10
12.8930196762,80.2275314331,27276,27286,10
12.8929901123,80.2275314331,27286,27297,11
12.8926200867,80.2274780273,27297,27307,10
12.8921203613,80.2274398804,27307,27317,10
12.8914499283,80.2274093628,27317,27327,10
12.8905801773,80.2274169922,27327,27337,10
12.8896198273,80.2274169922,27337,27347,10
12.8886804581,80.2274169922,27347,27357,10
12.8883199692,80.2274017334,27357,27367,10
12.8880195618,80.2273712158,27367,27377,10
12.8875102997,80.2273025513,27377,27387,10
12.8866796494,80.2271499634,27387,27397,10
12.8856697083,80.2269134521,27397,27407,10
12.8851604462,80.2268066406,27407,27418,11
12.8851003647,80.2267990112,27418,27428,10
12.8850603104,80.2267913818,27428,27438,10
12.8846597672,80.2267837524,27438,27448,10
12.883890152,80.2267684937,27448,27458,10
12.8828897476,80.2267684937,27458,27468,10
12.8817901611,80.2267684937,27468,27478,10
12.8806695938,80.2267913818,27478,27488,10
12.8795404434,80.2267913818,27488,27498,10
12.8783397675,80.226852417,27498,27508,10
12.8772296906,80.2269287109,27508,27518,10
12.8765602112,80.2269668579,27518,27528,10
12.8764200211,80.2266616821,27528,27539,11
12.8764400482,80.2265167236,27539,27549,10
12.8764600754,80.2262878418,27549,27559,10
12.8765497208,80.2256622314,27559,27569,10
12.8766403198,80.2247695923,27569,27579,10
12.8767995834,80.223739624,27579,27589,10
12.8770704269,80.2225875854,27589,27599,10
12.8773498535,80.2214126587,27599,27609,10
12.8776302338,80.2202224731,27609,27619,10
12.8778896332,80.2190475464,27619,27629,10
12.8781499863,80.2178573608,27629,27639,10
12.8783903122,80.2166671753,27639,27649,10
12.8786401749,80.2154769897,27649,27660,11
12.8789100647,80.2141723633,27660,27670,10
12.8791303635,80.2129821777,27670,27680,10
12.8793497086,80.2117919922,27680,27690,10
12.8793697357,80.2110137939,27690,27700,10
12.8789796829,80.2109222412,27700,27710,10
12.8789796829,80.2109298706,27710,27720,10
12.878660202,80.2108764648,27720,27730,10
12.8780202866,80.2107467651,27730,27740,10
12.8773097992,80.2106170654,27740,27750,10
12.876830101,80.2105407715,27750,27759,9
12.8764095306,80.2104492188,27759,27771,12
12.8755598068,80.2102966309,27771,27781,10
12.8744602203,80.2100982666,27781,27801,20
12.8744602203,80.2100982666,27801,27811,10
12.8743801117,80.2099380493,27811,27821,10
12.8745002747,80.2095794678,27821,27831,10
12.8747396469,80.2098770142,27831,28608,777
12.8747396469,80.2098770142,28608,28618,10
12.8747196198,80.2100219727,28618,28628,10
12.8748598099,80.2101821899,28628,28638,10
12.8753099442,80.2102813721,28638,28648,10
12.87596035,80.210357666,28648,28658,10
12.8767004013,80.2105102539,28658,28668,10
12.8774700165,80.2106704712,28668,28678,10
12.8782596588,80.2108078003,28678,28688,10
12.8792896271,80.2110137939,28688,28718,30
12.8792896271,80.2110137939,28718,28729,11
12.8794698715,80.2110824585,28729,28739,10
12.8794803619,80.211517334,28739,28749,10
12.8793401718,80.2121963501,28749,28759,10
12.8791704178,80.2130279541,28759,28769,10
12.8789796829,80.2139968872,28769,28779,10
12.8787698746,80.2150726318,28779,28789,10
12.8785200119,80.216178894,28789,28799,10
12.8783102036,80.2172927856,28799,28809,10
12.878080368,80.2184371948,28809,28819,10
12.8778400421,80.219581604,28819,28829,10
12.877579689,80.2207183838,28829,28839,10
12.8773097992,80.221862793,28839,28850,11
12.8770198822,80.2231292725,28850,28860,10
12.8767499924,80.2245025635,28860,28920,60
12.8767499924,80.2245025635,28920,28930,10
12.8766899109,80.2246704102,28930,28940,10
12.8766202927,80.2253036499,28940,28950,10
12.8765001297,80.2261276245,28950,28960,10
12.876449585,80.2268600464,28960,28971,11
12.876660347,80.2268829346,28971,28981,10
12.8767404556,80.2268829346,28981,28991,10
12.8771295547,80.226852417,28991,29001,10
12.8778400421,80.2267837524,29001,29011,10
12.8787498474,80.2267227173,29011,29021,10
12.8798398972,80.2266693115,29021,29031,10
12.8809995651,80.2266769409,29031,29041,10
12.8821697235,80.2266464233,29041,29051,10
12.8833398819,80.2266387939,29051,29061,10
12.8852300644,80.2266311646,29061,29082,21
12.8852300644,80.2266311646,29082,29092,10
12.8855895996,80.2266921997,29092,29102,10
12.8862400055,80.2268676758,29102,29112,10
12.8871002197,80.2270889282,29112,29122,10
12.8881196976,80.2272186279,29122,29132,10
12.8884296417,80.2272415161,29132,29142,10
12.8885097504,80.2272720337,29142,29152,10
12.8889904022,80.2272872925,29152,29162,10
12.8897600174,80.2272796631,29162,29172,10
12.8907299042,80.2272796631,29172,29182,10
12.8922996521,80.2273330688,29182,29233,51
12.8922996521,80.2273330688,29233,29243,10
12.8925600052,80.2273483276,29243,29253,10
12.8931598663,80.2274169922,29253,29263,10
12.8942098618,80.2275009155,29263,29283,20
12.8942098618,80.2275009155,29283,29293,10
12.8945198059,80.2275314331,29293,29303,10
12.8951702118,80.2275619507,29303,29313,10
12.8960599899,80.2275924683,29313,29324,11
12.8972702026,80.2276535034,29324,29334,10
12.8984003067,80.2277297974,29334,29344,10
12.8994398117,80.2277832031,29344,29354,10
12.9008197784,80.2278671265,29354,29404,50
12.9008197784,80.2278671265,29404,29414,10
12.9011201859,80.227897644,29414,29424,10
12.9017000198,80.2279281616,29424,29435,11
12.9026098251,80.2279510498,29435,29445,10
12.9028396606,80.2279586792,29445,29455,10
12.9028701782,80.2279586792,29455,29465,10
12.9032697678,80.2279891968,29465,29475,10
12.9039897919,80.2280273438,29475,29485,10
12.9049301147,80.2281036377,29485,29495,10
12.9059896469,80.2281265259,29495,29505,10
12.906539917,80.2281570435,29505,29525,20
12.906539917,80.2281570435,29525,29535,10
12.9068202972,80.2282028198,29535,29545,10
12.9070596695,80.2282180786,29545,29556,11
12.9073495865,80.2282485962,29556,29566,10
12.9079999924,80.2283706665,29566,29576,10
12.9088802338,80.2285079956,29576,29586,10
12.9098300934,80.2287063599,29586,29596,10
12.910949707,80.2288818359,29596,29606,10
12.9121103287,80.2290267944,29606,29616,10
12.9132699966,80.2291564941,29616,29626,10
12.9140300751,80.2292709351,29626,29636,10
12.914059639,80.2292709351,29636,29646,10
12.9142198563,80.2293014526,29646,29656,10
12.9147396088,80.2293777466,29656,29666,10
12.9155302048,80.2294769287,29666,29677,11
12.9166498184,80.2296295166,29677,29687,10
12.9175701141,80.2297668457,29687,29697,10
12.9185199738,80.229888916,29697,29707,10
12.9191198349,80.2299575806,29707,29717,10
12.9191703796,80.2299575806,29717,29727,10
12.9195604324,80.2300033569,29727,29737,10
12.9202299118,80.2301025391,29737,29747,10
12.9211196899,80.23021698,29747,29757,10
12.9222002029,80.2303771973,29757,29767,10
12.9233503342,80.2305603027,29767,29777,10
12.9245300293,80.2306976318,29777,29787,10
12.926320076,80.2309036255,29787,29808,21
12.926320076,80.2309036255,29808,29818,10
12.9263601303,80.2309112549,29818,29828,10
12.9267702103,80.23097229,29828,29838,10
12.9274396896,80.231048584,29838,29848,10
12.9282598495,80.2311630249,29848,29858,10
12.9292497635,80.231338501,29858,29868,10
12.9303398132,80.231590271,29868,29878,10
12.9314603806,80.2319335938,29878,29888,10
12.9325704575,80.2322921753,29888,29898,10
12.9336099625,80.2326889038,29898,29919,21
12.9336099625,80.2326889038,29919,29929,10
12.9336795807,80.232749939,29929,29939,10
12.9340896606,80.2329406738,29939,29949,10
12.9348096848,80.2332611084,29949,29959,10
12.9356298447,80.2336273193,29959,29969,10
12.9360399246,80.233833313,29969,29979,10
12.936630249,80.2341079712,29979,29989,10
12.9374103546,80.2344818115,29989,29999,10
12.9383401871,80.2349395752,29999,30009,10
12.9392595291,80.2353820801,30009,30019,10
12.9395799637,80.2355422974,30019,30029,10
12.9396400452,80.2355804443,30029,30040,11
12.9399299622,80.2357177734,30040,30050,10
12.9405899048,80.2359390259,30050,30060,10
12.9414100647,80.2361297607,30060,30070,10
12.9424104691,80.2363967896,30070,30080,10
12.9433603287,80.2369613647,30080,30090,10
12.9437999725,80.2373809814,30090,30100,10
12.943860054,80.2374572754,30100,30110,10
12.9441900253,80.2378463745,30110,30120,10
12.9447202682,80.2384262085,30120,30130,10
12.9454402924,80.2391281128,30130,30140,10
12.9464502335,80.2396087646,30140,30150,10
12.9472198486,80.2399215698,30150,30161,11
12.947259903,80.2399368286,30161,30171,10
12.9474401474,80.240020752,30171,30181,10
12.9479598999,80.2402420044,30181,30191,10
12.9485902786,80.2405014038,30191,30201,10
12.9492797852,80.2407608032,30201,30211,10
12.9500102997,80.2409820557,30211,30221,10
12.9508199692,80.2412185669,30221,30231,10
12.9510002136,80.2412872314,30231,30241,10
12.9510202408,80.241317749,30241,30251,10
12.951379776,80.2414398193,30251,30261,10
12.9520397186,80.2416763306,30261,30271,10
12.95291996,80.2420120239,30271,30282,11
12.9539403915,80.242401123,30282,30292,10
12.9547300339,80.2427062988,30292,30302,10
12.9553899765,80.2429733276,30302,30312,10
12.9561796188,80.2432403564,30312,30322,10
12.9564695358,80.2433700562,30322,30332,10
12.9569301605,80.2435684204,30332,30342,10
12.9576797485,80.243927002,30342,30352,10
12.9585599899,80.2442932129,30352,30362,10
12.9587602615,80.2443771362,30362,30372,10
12.9590702057,80.2445373535,30372,30382,10
12.9596700668,80.2448272705,30382,30392,10
12.9605102539,80.2451934814,30392,30403,11
12.9616298676,80.2457122803,30403,30413,10
12.9626703262,80.2462081909,30413,30423,10
12.9631700516,80.2464599609,30423,30433,10
12.9632902145,80.2465209961,30433,30443,10
12.9636096954,80.246711731,30443,30453,10
12.9641399384,80.2469329834,30453,30463,10
12.9648199081,80.247177124,30463,30473,10
12.9656000137,80.2474517822,30473,30483,10
12.9664001465,80.247756958,30483,30493,10
12.9668798447,80.2479095459,30493,30503,10
12.966919899,80.2479400635,30503,30514,11
12.9671697617,80.2481613159,30514,30524,10
12.9679298401,80.2484436035,30524,30534,10
12.9689102173,80.2488174438,30534,30544,10
12.970000267,80.2492523193,30544,30554,10
12.9711303711,80.2496414185,30554,30564,10
12.9723100662,80.249961853,30564,30574,10
12.9734802246,80.2502593994,30574,30584,10
12.9744195938,80.2504882813,30584,30594,10
12.9745597839,80.250541687,30594,30604,10
12.9750003815,80.2506866455,30604,30614,10
12.9757404327,80.2509231567,30614,30624,10
12.9767599106,80.2512130737,30624,30635,11
12.9778699875,80.2518386841,30635,30645,10
12.9788198471,80.2525024414,30645,30655,10
12.9795598984,80.2525634766,30655,30665,10
12.9799499512,80.2523422241,30665,30675,10
12.9799499512,80.2523193359,30675,30685,10
12.9799699783,80.2521972656,30685,30695,10
12.9800596237,80.2518005371,30695,30705,10
12.9802598953,80.2511520386,30705,30714,9
12.9805002213,80.2503585815,30714,30725,11
12.9807195663,80.2491912842,30725,30735,10
12.9807796478,80.2480316162,30735,30745,10
12.980890274,80.2468490601,30745,30756,11
12.9810495377,80.2455215454,30756,30766,10
12.981180191,80.2443313599,30766,30776,10
12.9812803268,80.2436904907,30776,30786,10
12.9813899994,80.2427978516,30786,30806,20
12.9813899994,80.2427978516,30806,30816,10
12.9814100266,80.2426528931,30816,30826,10
12.9814195633,80.2421417236,30826,30836,10
12.9813995361,80.2413024902,30836,30846,10
12.9813995361,80.2403182983,30846,30856,10
12.9813699722,80.239440918,30856,30866,10
12.9813098907,80.2378921509,30866,30887,21
12.9813098907,80.2378921509,30887,30897,10
12.981300354,80.237701416,30897,30907,10
12.9812803268,80.237159729,30907,30917,10
12.9812602997,80.2363433838,30917,30927,10
12.9812297821,80.2353668213,30927,30937,10
12.9812402725,80.2343673706,30937,30947,10
12.9816703796,80.2333221436,30947,30967,20
12.9816703796,80.2333221436,30967,30977,10
12.9818201065,80.233001709,30977,30987,10
12.9819898605,80.2325363159,30987,30998,11
12.982000351,80.232093811,30998,31008,10
12.982000351,80.2316513062,31008,31018,10
12.9819002151,80.2311401367,31018,31028,10
12.9816102982,80.230506897,31028,31038,10
12.9811401367,80.2297668457,31038,31048,10
12.9808301926,80.2292709351,31048,31058,10
12.9806203842,80.2289505005,31058,31068,10
12.9806098938,80.2289276123,31068,31078,10
12.9804697037,80.2286605835,31078,31088,10
12.9802398682,80.2281723022,31088,31098,10
12.9798202515,80.2275085449,31098,31109,11
12.9792699814,80.2266235352,31109,31119,10
12.9787101746,80.2257003784,31119,31129,10
12.9781599045,80.2247924805,31129,31139,10
12.9777698517,80.2242279053,31139,31149,10
12.9774703979,80.2237701416,31149,31159,10
12.9770698547,80.2231369019,31159,31169,10
12.9769601822,80.2228088379,31169,31179,10
12.977230072,80.2227096558,31179,31189,10
12.9772396088,80.2227020264,31189,31199,10
12.9775400162,80.2226028442,31199,31209,10
12.9775104523,80.2221984863,31209,31218,9
12.9774799347,80.2216415405,31218,31230,12
12.9775495529,80.2212295532,31230,31240,10
12.977930069,80.2211685181,31240,31250,10
12.9786596298,80.2211303711,31250,31260,10
12.9796199799,80.2210769653,31260,31270,10
12.9806098938,80.221031189,31270,31280,10
12.9814300537,80.2212524414,31280,31290,10
12.9821395874,80.2216720581,31290,31300,10
12.9828596115,80.2219085693,31300,31310,10
12.9830799103,80.2220077515,31310,31320,10
12.9831800461,80.2220535278,31320,31330,10
12.9834499359,80.2222366333,31330,31340,10
12.9838600159,80.2224884033,31340,31351,11
12.98458004,80.2229309082,31351,31361,10
12.9852600098,80.2232513428,31361,31371,10
12.9856300354,80.2230529785,31371,31381,10
12.9863195419,80.2229537964,31381,31391,10
12.9865198135,80.2229614258,31391,31401,10
12.9867801666,80.2229766846,31401,31411,10
12.9873104095,80.2230606079,31411,31421,10
12.9879598618,80.2229003906,31421,31431,10
12.9886703491,80.2223205566,31431,31441,10
12.9892997742,80.2216033936,31441,31451,10
12.9899501801,80.2207870483,31451,31461,10
12.9905004501,80.2202835083,31461,31472,11
12.9905195236,80.2202682495,31472,31482,10
12.9906396866,80.2202377319,31482,31492,10
12.9909801483,80.2199630737,31492,31502,10
12.9915895462,80.2194900513,31502,31512,10
12.9923696518,80.2189025879,31512,31522,10
12.9932603836,80.2182769775,31522,31532,10
12.9941101074,80.2176818848,31532,31542,10
12.9948101044,80.2171707153,31542,31552,10
12.9956502914,80.2166900635,31552,31562,10
12.9966497421,80.2164916992,31562,31572,10
12.9976100922,80.2160873413,31572,31593,21
12.9976100922,80.2160873413,31593,31603,10
12.9978103638,80.2158813477,31603,31613,10
12.998290062,80.2154312134,31613,31623,10
12.9989795685,80.21484375,31623,31633,10
12.9993000031,80.2145767212,31633,31643,10
12.9997997284,80.2141494751,31643,31653,10
13.0002698898,80.213760376,31653,31663,10
13.0008897781,80.2132034302,31663,31673,10
13.0016098022,80.212638855,31673,31682,9
13.0023403168,80.2121887207,31682,31693,11
13.0027303696,80.2120819092,31693,31704,11
13.0032997131,80.2120437622,31704,31714,10
13.0036401749,80.2119369507,31714,31724,10
13.0037097931,80.211769104,31724,31734,10
13.0036802292,80.2111434937,31734,31744,10
13.0035896301,80.2103729248,31744,31754,10
13.0035400391,80.2096862793,31754,31764,10
13.003660202,80.209022522,31764,31774,10
13.0040397644,80.2086410522,31774,31784,10
13.0048599243,80.2089996338,31784,31794,10
13.0058002472,80.2093887329,31794,31804,10
13.0067100525,80.2096786499,31804,31813,9
13.0076303482,80.2098693848,31813,31835,22
13.0076303482,80.2098693848,31835,31845,10
13.0078496933,80.2099685669,31845,31855,10
13.008190155,80.2098999023,31855,31865,10
13.0080699921,80.2092971802,31865,31875,10
13.0079097748,80.2083435059,31875,31885,10
13.0077400208,80.2071685791,31885,31895,10
13.0075798035,80.2060089111,31895,31905,10
13.0075397491,80.2048797607,31905,31915,10
13.0075101852,80.2038879395,31915,31925,10
13.0073299408,80.2029876709,31925,31934,9
13.0068397522,80.2025375366,31934,31946,12
13.0067796707,80.2033309937,31946,31956,10
13.0076599121,80.2036819458,31956,31966,10
13.0088596344,80.2036895752,31966,31976,10
13.0102300644,80.20362854,31976,31986,10
13.0116701126,80.203742981,31986,31996,10
13.0130300522,80.2040023804,31996,32006,10
13.0136995316,80.2043075562,32006,32016,10
13.0136699677,80.2046203613,32016,32026,10
13.0136299133,80.2047119141,32026,32036,10
13.0134496689,80.2051620483,32036,32057,21
13.0134496689,80.2051620483,32057,32067,10
13.0133695602,80.2053604126,32067,32077,10
13.0131902695,80.2059631348,32077,32087,10
13.0130596161,80.206817627,32087,32097,10
13.013010025,80.2074966431,32097,32107,10
13.0129499435,80.2079086304,32107,32117,10
13.0129098892,80.2081375122,32117,32127,10
13.0129003525,80.2085189819,32127,32137,10
13.0129404068,80.2090377808,32137,32147,10
13.0131196976,80.2096328735,32147,32157,10
13.013130188,80.2102127075,32157,32167,10
13.0129499435,80.2110671997,32167,32177,10
13.0125703812,80.2118377686,32177,32188,11
13.012140274,80.2125015259,32188,32198,10
13.0119495392,80.2127914429,32198,32208,10
13.0117902756,80.2127990723,32208,32218,10
13.0114002228,80.2124862671,32218,32228,10
13.0107498169,80.2120132446,32228,32238,10
13.0100898743,80.211479187,32238,32248,10
13.0096797943,80.2112197876,32248,32490,242
13.0094404221,80.2110519409,32490,33791,1301
13.0094404221,80.2110519409,33791,33801,10
13.00922966,80.2111968994,33801,33811,10
13.0091295242,80.2113723755,33811,33821,10
13.0091104507,80.2117080688,33821,33831,10
13.0092496872,80.2122268677,33831,33841,10
13.0094203949,80.2128295898,33841,33851,10
13.00963974,80.2134094238,33851,33861,10
13.0099201202,80.2140274048,33861,33872,11
13.0101604462,80.2147674561,33872,33882,10
13.0102701187,80.2155532837,33882,33892,10
13.0105800629,80.2163314819,33892,33902,10
13.0109796524,80.2171630859,33902,33912,10
13.0113401413,80.2180709839,33912,33922,10
13.0116500854,80.2190170288,33922,33932,10
13.0119695663,80.2199707031,33932,33942,10
13.0122900009,80.220916748,33942,33952,10
13.0124702454,80.2216415405,33952,33962,10
13.0129299164,80.2222824097,33962,33972,10
13.0134601593,80.2227783203,33972,33982,10
13.0139799118,80.2233734131,33982,33993,11
13.0145797729,80.2240982056,33993,34003,10
13.0150403976,80.2246704102,34003,34013,10
13.0153102875,80.2250289917,34013,34023,10
13.0154800415,80.2252807617,34023,34033,10
13.0154399872,80.2256011963,34033,34043,10
13.0151395798,80.2258682251,34043,34053,10
13.0147104263,80.2260818481,34053,34063,10
13.0143899918,80.2262573242,34063,34114,51
13.0143899918,80.2262573242,34114,34124,10
13.0140199661,80.22631073,34124,34134,10
13.0135097504,80.2265396118,34134,34144,10
13.0128097534,80.2268066406,34144,34154,10
13.0119695663,80.227142334,34154,34164,10
13.0110702515,80.2275085449,34164,34174,10
13.010219574,80.2278594971,34174,34184,10
13.0097503662,80.2279281616,34184,34194,10
13.0095500946,80.2275238037,34194,34204,10
13.0097503662,80.2270431519,34204,34214,10
13.0100603104,80.22631073,34214,34225,11
13.0104503632,80.2253799438,34225,34235,10
13.0108003616,80.2246170044,34235,34245,10
13.0111103058,80.2238464355,34245,34255,10
13.0113201141,80.2232971191,34255,34265,10
13.0112304688,80.2231292725,34265,34275,10
13.0108203888,80.2229537964,34275,34285,10
13.0104999542,80.2228012085,34285,34295,10
13.0103597641,80.2227020264,34295,34305,10
13.009929657,80.2224578857,34305,34315,10
13.0093002319,80.2221221924,34315,34325,10
13.0085697174,80.2217102051,34325,34335,10
13.0077800751,80.2212982178,34335,34346,11
13.0069303513,80.2208404541,34346,34356,10
13.0060396194,80.2205581665,34356,34366,10
13.0050897598,80.2203521729,34366,34376,10
13.0043296814,80.220161438,34376,34386,10
13.0035896301,80.2199783325,34386,34396,10
13.0027999878,80.2197189331,34396,34406,10
13.0020799637,80.219078064,34406,34416,10
13.0013904572,80.2184066772,34416,34426,10
13.0007295609,80.2179107666,34426,34436,10
12.9999704361,80.2174987793,34436,34446,10
12.9991998672,80.2170715332,34446,34455,9
12.9984703064,80.2167205811,34455,34467,12
12.997590065,80.2165603638,34467,34497,30
12.997590065,80.2165603638,34497,34507,10
12.9971399307,80.2165374756,34507,34517,10
12.9965295792,80.2165908813,34517,34527,10
12.9958600998,80.2167282104,34527,34537,10
12.9951496124,80.2170410156,34537,34547,10
12.9945001602,80.2175064087,34547,34557,10
12.9938802719,80.2179794312,34557,34567,10
12.9931201935,80.2184829712,34567,34578,11
12.9923095703,80.2191009521,34578,34588,10
12.9915895462,80.2195968628,34588,34598,10
12.9910697937,80.2199783325,34598,34608,10
12.9909200668,80.2201004028,34608,34618,10
12.9908103943,80.2201919556,34618,34628,10
12.9905099869,80.2204589844,34628,34638,10
12.990070343,80.2209320068,34638,34648,10
12.9894399643,80.2215881348,34648,34658,10
12.9888401031,80.2223129272,34658,34668,10
12.9880399704,80.2229690552,34668,34678,10
12.9876699448,80.2231063843,34678,34688,10
12.9876003265,80.2230987549,34688,34699,11
12.9872102737,80.2230377197,34699,34709,10
12.986700058,80.2229690552,34709,34719,10
12.9859304428,80.2230300903,34719,34729,10
12.9854898453,80.2232589722,34729,34739,10
12.9849300385,80.2230987549,34739,34749,10
12.9844999313,80.2228469849,34749,34759,10
12.9839897156,80.2225875854,34759,34769,10
12.9832601547,80.2221374512,34769,34789,20
12.9832601547,80.2221374512,34789,34799,10
12.9828100204,80.2218933105,34799,34850,51
12.9828100204,80.2218933105,34850,34860,10
12.9824399948,80.2218322754,34860,34870,10
12.9822702408,80.2217407227,34870,34880,10
12.9818401337,80.2214202881,34880,34890,10
12.9810695648,80.2210693359,34890,34900,10
12.9802703857,80.2210998535,34900,34910,10
12.9793395996,80.2211303711,34910,34920,10
12.9784898758,80.221206665,34920,34930,10
12.9774999619,80.2212295532,34930,34941,11
12.976650238,80.2212524414,34941,34951,10
12.976149559,80.2212982178,34951,34961,10
12.9763498306,80.2217483521,34961,34991,30
12.9763498306,80.2217483521,34991,35001,10
12.9764604568,80.22215271,35001,35011,10
12.9767103195,80.2225418091,35011,35021,10
12.9770097733,80.2229385376,35021,35031,10
12.9773597717,80.2235107422,35031,35041,10
12.9777698517,80.2241821289,35041,35051,10
12.9782104492,80.2248535156,35051,35062,11
12.9785900116,80.2254180908,35062,35072,10
12.9786300659,80.2254486084,35072,35082,10
12.9788303375,80.2257766724,35082,35092,10
12.9791498184,80.226348877,35092,35102,10
12.9795198441,80.2269668579,35102,35112,10
12.9799699783,80.2276992798,35112,35122,10
12.9804296494,80.2285385132,35122,35132,10
12.9809103012,80.2293319702,35132,35142,10
12.9817199707,80.2305603027,35142,35162,20
12.9817199707,80.2305603027,35162,35172,10
12.9817800522,80.2306900024,35172,35183,11
12.9819202423,80.2311019897,35183,35193,10
12.9819898605,80.2317581177,35193,35203,10
12.9819803238,80.2324523926,35203,35213,10
12.9818096161,80.2330932617,35213,35223,10
12.9816198349,80.2335205078,35223,35233,10
12.9816198349,80.2335281372,35233,35243,10
12.9815597534,80.2336730957,35243,35253,10
12.9813203812,80.2341690063,35253,35263,10
12.9812402725,80.234992981,35263,35273,10
12.9812498093,80.2359771729,35273,35283,10
12.9812498093,80.237121582,35283,35293,10
12.9812698364,80.2386932373,35293,35314,21
12.9812698364,80.2386932373,35314,35324,10
12.981300354,80.238899231,35324,35334,10
12.9812898636,80.2394790649,35334,35344,10
12.981300354,80.2403030396,35344,35354,10
12.9812803268,80.2411727905,35354,35364,10
12.9812898636,80.2419509888,35364,35374,10
12.9813203812,80.2428588867,35374,35404,30
12.9813203812,80.2428588867,35404,35414,10
12.9813699722,80.2430496216,35414,35425,11
12.9813604355,80.2435913086,35425,35435,10
12.9812698364,80.2443389893,35435,35445,10
12.9811601639,80.2452011108,35445,35455,10
12.9810400009,80.2462081909,35455,35465,10
12.9809303284,80.2473068237,35465,35475,10
12.9808502197,80.2484512329,35475,35485,10
12.9807300568,80.2496185303,35485,35495,10
12.9804697037,80.2507171631,35495,35505,10
12.9802103043,80.2517700195,35505,35515,10
12.9799699783,80.2525787354,35515,35596,81
12.9799699783,80.2525787354,35596,35606,10
12.9798698425,80.2527999878,35606,35616,10
12.9794597626,80.2527313232,35616,35626,10
12.9789104462,80.2526702881,35626,35636,10
12.9788103104,80.2526473999,35636,35646,10
12.9785995483,80.2525634766,35646,35656,10
12.9781398773,80.2522277832,35656,35667,11
12.9774303436,80.2516098022,35667,35677,10
12.9764795303,80.2512130737,35677,35687,10
12.9755296707,80.2509384155,35687,35697,10
12.9746599197,80.2507019043,35697,35707,10
12.9736099243,80.2504196167,35707,35717,10
12.9726800919,80.250213623,35717,35727,10
12.9725503922,80.2501602173,35727,35737,10
12.9721298218,80.2500228882,35737,35747,10
12.9714202881,80.2498168945,35747,35757,10
12.9705295563,80.2495574951,35757,35766,9
12.9695997238,80.2491989136,35766,35778,12
12.9683303833,80.2487030029,35778,35788,10
12.9672603607,80.2482376099,35788,35798,10
12.966340065,80.2477722168,35798,35808,10
12.9654598236,80.2474594116,35808,35818,10
12.9651002884,80.2473602295,35818,35828,10
12.9650402069,80.2473297119,35828,35838,10
12.9646596909,80.247177124,35838,35848,10
12.9640102386,80.2469406128,35848,35858,10
12.9632101059,80.2465591431,35858,35868,10
12.9622097015,80.2461013794,35868,35878,10
12.9611597061,80.2455825806,35878,35888,10
12.9601297379,80.2451095581,35888,35899,11
12.9594402313,80.2448272705,35899,35909,10
12.9594097137,80.2448196411,35909,35919,10
12.9590797424,80.2446365356,35919,35929,10
12.958439827,80.2443618774,35929,35939,10
12.95773983,80.2440872192,35939,35949,10
12.9569501877,80.2438278198,35949,35959,10
12.9563598633,80.2436218262,35959,35969,10
12.9559602737,80.2434387207,35969,35979,10
12.9552602768,80.2431030273,35979,35989,10
12.954460144,80.242729187,35989,35999,10
12.9535102844,80.2423324585,35999,36009,10
12.9525098801,80.2419204712,36009,36020,11
12.9517402649,80.2416763306,36020,36030,10
12.9516601563,80.2416534424,36030,36040,10
12.9514198303,80.2415313721,36040,36050,10
12.9508304596,80.2413482666,36050,36060,10
12.9499998093,80.2410964966,36060,36070,10
12.9490098953,80.2407836914,36070,36080,10
12.9479598999,80.2403411865,36080,36090,10
12.9473495483,80.2400970459,36090,36110,20
12.9473495483,80.2400970459,36110,36120,10
12.9472799301,80.2400436401,36120,36129,9
12.9468898773,80.2398681641,36129,36141,12
12.9460096359,80.2395095825,36141,36151,10
12.9451799393,80.2390365601,36151,36161,10
12.9444704056,80.2382583618,36161,36171,10
12.9437103271,80.2375335693,36171,36181,10
12.9433603287,80.237159729,36181,36191,10
12.9433298111,80.2370910645,36191,36201,10
12.9429998398,80.2367782593,36201,36211,10
12.9422798157,80.2364425659,36211,36221,10
12.941280365,80.2361907959,36221,36231,10
12.940320015,80.2359313965,36231,36241,10
12.9397802353,80.2357330322,36241,36251,10
12.9397296906,80.235710144,36251,36262,11
12.9394397736,80.2355499268,36262,36272,10
12.9388399124,80.2352676392,36272,36282,10
12.9380598068,80.23487854,36282,36292,10
12.9371204376,80.2344207764,36292,36302,10
12.9362096786,80.2339935303,36302,36312,10
12.935500145,80.2336578369,36312,36322,10
12.934630394,80.2332763672,36322,36332,10
12.9339199066,80.232963562,36332,36342,10
12.9339103699,80.232963562,36342,36352,10
12.9338903427,80.232963562,36352,36362,10
12.9335403442,80.2327880859,36362,36373,11
12.9328098297,80.2324676514,36373,36383,10
12.9319095612,80.2321395874,36383,36393,10
12.9308204651,80.2317962646,36393,36403,10
12.9296703339,80.2314910889,36403,36413,10
12.9285802841,80.2312698364,36413,36423,10
12.9274997711,80.2311401367,36423,36433,10
12.926030159,80.2310028076,36433,36453,20
12.926030159,80.2310028076,36453,36463,10
12.9259500504,80.2309799194,36463,36473,10
12.9255599976,80.2309188843,36473,36483,10
12.9248695374,80.2308197021,36483,36494,11
12.9238996506,80.2307128906,36494,36504,10
12.9228096008,80.2305679321,36504,36514,10
12.9216499329,80.2303924561,36514,36524,10
12.9204301834,80.2302398682,36524,36534,10
12.919380188,80.2301330566,36534,36544,10
12.9191303253,80.2300872803,36544,36554,10
12.918800354,80.2300415039,36554,36564,10
12.9181699753,80.2299499512,36564,36574,10
12.9172697067,80.2298202515,36574,36584,10
12.9161596298,80.2296600342,36584,36594,10
12.9150104523,80.2294769287,36594,36604,10
12.9131803513,80.2292709351,36604,36625,21
12.9131803513,80.2292709351,36625,36635,10
12.9128503799,80.2291488647,36635,36645,10
12.9121999741,80.229057312,36645,36655,10
12.9112596512,80.2289428711,36655,36665,10
12.9101400375,80.2287826538,36665,36675,10
12.9089803696,80.2285919189,36675,36685,10
12.9078302383,80.2284164429,36685,36695,10
12.9067602158,80.2282867432,36695,36705,10
12.9062299728,80.2282409668,36705,36715,10
12.9061403275,80.2282180786,36715,36725,10
12.9056596756,80.2282028198,36725,36736,11
12.9047203064,80.2281570435,36736,36746,10
12.9036302567,80.2281036377,36746,36756,10
12.9024600983,80.2280426025,36756,36766,10
12.9012804031,80.2280273438,36766,36796,30
12.9012804031,80.2280273438,36796,36806,10
12.9012403488,80.2279891968,36806,36816,10
12.9009199142,80.2279815674,36816,36826,10
12.9003400803,80.2279205322,36826,36836,10
12.8996200562,80.2278900146,36836,36846,10
12.8992700577,80.227897644,36846,36857,11
12.8992595673,80.227897644,36857,36867,10
12.8992099762,80.2278823853,36867,36877,10
12.8988199234,80.2278366089,36877,36887,10
12.8981304169,80.2277908325,36887,36897,10
12.8973302841,80.2277603149,36897,36907,10
12.8963298798,80.227722168,36907,36917,10
12.8952198029,80.2276763916,36917,36927,10
12.8941001892,80.2276229858,36927,36937,10
12.8932504654,80.2275390625,36937,36947,10
12.8930997849,80.2275085449,36947,36957,10
12.8926801682,80.2274398804,36957,36967,10
12.8926200867,80.227432251,36967,36978,11
12.892490387,80.2274169922,36978,36988,10
12.8919696808,80.2273864746,36988,36998,10
12.8911600113,80.2273864746,36998,37008,10
12.8901100159,80.2273864746,37008,37018,10
12.8891000748,80.2273864746,37018,37028,10
12.8886499405,80.2273788452,37028,37038,10
12.8886404037,80.2273788452,37038,37048,10
12.888299942,80.2273635864,37048,37058,10
12.8876304626,80.2272796631,37058,37068,10
12.8867502213,80.2271270752,37068,37078,10
12.8857402802,80.2268829346,37078,37088,10
12.8851499557,80.2267684937,37088,37099,11
12.8850898743,80.2267608643,37099,37109,10
12.8849000931,80.2267074585,37109,37119,10
12.8843097687,80.2267074585,37119,37129,10
12.8834199905,80.2267074585,37129,37139,10
12.8822898865,80.2267227173,37139,37149,10
12.8811101913,80.2267303467,37149,37159,10
12.8798904419,80.2267379761,37159,37169,10
12.8786401749,80.2267837524,37169,37179,10
12.8774299622,80.2268829346,37179,37189,10
12.8767795563,80.2269515991,37189,37199,10
12.8765096664,80.2269287109,37199,37209,10
12.8764295578,80.2267074585,37209,37220,11
12.8764400482,80.2264175415,37220,37230,10
12.8764600754,80.2262802124,37230,37240,10
12.8765201569,80.2257232666,37240,37250,10
12.8766202927,80.2248535156,37250,37260,10
12.8767795563,80.2238006592,37260,37270,10
12.8770399094,80.22265625,37270,37280,10
12.8773298264,80.2214736938,37280,37290,10
12.8775997162,80.2202987671,37290,37300,10
12.877869606,80.2191085815,37300,37310,10
12.8781204224,80.2179031372,37310,37320,10
12.878370285,80.2166900635,37320,37330,10
12.8786201477,80.2155303955,37330,37341,11
12.8788795471,80.2142333984,37341,37351,10
12.8790798187,80.2131576538,37351,37361,10
12.8793001175,80.2119827271,37361,37371,10
12.8792200089,80.2109680176,37371,37391,20
12.8792200089,80.2109680176,37391,37401,10
12.8791704178,80.2109680176,37401,37411,10
12.8788299561,80.2109069824,37411,37421,10
12.8782196045,80.2107772827,37421,37431,10
12.877530098,80.2106628418,37431,37441,10
12.8767795563,80.2105026245,37441,37452,11
12.8765001297,80.2104568481,37452,37462,10
12.8760004044,80.2103729248,37462,37472,10
12.8752202988,80.2102432251,37472,37482,10
12.8746299744,80.2101211548,37482,37502,20
12.8746299744,80.2101211548,37502,37512,10
12.874540329,80.2100906372,37512,37522,10
12.8743600845,80.2098770142,37522,37532,10
12.8745498657,80.2095413208,37532,37542,10
12.8746595383,80.2098007202,37542,37985,443
12.874540329,80.2098693848,37985,38126,141
12.874540329,80.2098693848,38126,38197,71
12.8747501373,80.2098312378,38197,39647,1450
12.8747501373,80.2098312378,39647,39657,10
12.8746795654,80.2100524902,39657,39667,10
12.874830246,80.2101516724,39667,39677,10
12.8752098083,80.2102127075,39677,39687,10
12.8755903244,80.2102890015,39687,39697,10
12.8759403229,80.2103500366,39697,39707,10
12.8764400482,80.2104492188,39707,39717,10
12.8769903183,80.2105636597,39717,39727,10
12.8776702881,80.2107009888,39727,39738,11
12.8784503937,80.2108383179,39738,39748,10
12.8792600632,80.2109909058,39748,39778,30
12.8792600632,80.2109909058,39778,39788,10
12.8793401718,80.2110671997,39788,39798,10
12.8794698715,80.2113113403,39798,39808,10
12.8793497086,80.2118682861,39808,39818,10
12.8791799545,80.2126693726,39818,39828,10
12.8789997101,80.2136383057,39828,39838,10
12.8788003922,80.2147216797,39838,39848,10
12.8785600662,80.2158508301,39848,39859,11
12.8783102036,80.2170715332,39859,39869,10
12.8780899048,80.218170166,39869,39879,10
12.8778400421,80.2192993164,39879,39889,10
12.8775701523,80.2204437256,39889,39899,10
12.8773097992,80.2215881348,39899,39909,10
12.8770503998,80.2227325439,39909,39919,10
12.8767795563,80.2238693237,39919,39929,10
12.8766098022,80.2250366211,39929,39939,10
12.8764801025,80.2261505127,39939,39949,10
12.8764200211,80.2268371582,39949,39968,19
12.8764200211,80.2268371582,39968,39980,12
12.8765897751,80.2268981934,39980,39990,10
12.8768796921,80.226852417,39990,40000,10
12.8775196075,80.2267990112,40000,40010,10
12.8784303665,80.2267303467,40010,40020,10
12.8795499802,80.2266769409,40020,40030,10
12.8807201385,80.2266693115,40030,40040,10
12.8819303513,80.2266616821,40040,40050,10
12.8831300735,80.2266387939,40050,40060,10
12.8842897415,80.2266387939,40060,40070,10
12.8851804733,80.2266311646,40070,40080,10
12.8852396011,80.2266387939,40080,40090,10
12.8855695724,80.2266998291,40090,40101,11
12.8863296509,80.2269134521,40101,40111,10
12.8872699738,80.227142334,40111,40121,10
12.8883199692,80.2272415161,40121,40131,10
12.8886699677,80.2272491455,40131,40141,10
12.8890399933,80.2272567749,40141,40151,10
12.8897399902,80.2272796631,40151,40161,10
12.8907003403,80.2272872925,40161,40171,10
12.8917703629,80.2272872925,40171,40181,10
12.8923196793,80.2273025513,40181,40191,10
12.8923301697,80.2273025513,40191,40201,10
12.8924198151,80.2273025513,40201,40211,10
12.8926095963,80.2273101807,40211,40222,11
12.8932199478,80.2274017334,40222,40232,10
12.8940496445,80.2274780273,40232,40242,10
12.8942298889,80.2275009155,40242,40252,10
12.8946304321,80.2275390625,40252,40262,10
12.8953695297,80.2275466919,40262,40272,10
12.8964195251,80.2276000977,40272,40282,10
12.8975496292,80.2276535034,40282,40292,10
12.8987398148,80.2277374268,40292,40302,10
12.8998203278,80.2277984619,40302,40312,10
12.9006900787,80.2278213501,40312,40393,81
12.9006900787,80.2278213501,40393,40403,10
12.9007997513,80.2278137207,40403,40413,10
12.9011297226,80.2278518677,40413,40423,10
12.9016103745,80.227897644,40423,40433,10
12.9026002884,80.2279434204,40433,40453,20
12.9026002884,80.2279434204,40453,40464,11
12.9030103683,80.2279815674,40464,40474,10
12.9037399292,80.2280197144,40474,40484,10
12.9046897888,80.2280807495,40484,40494,10
12.9057502747,80.2281265259,40494,40504,10
12.9067001343,80.228187561,40504,40514,10
12.9068803787,80.2282104492,40514,40524,10
12.9069900513,80.2282409668,40524,40534,10
12.9075202942,80.2283096313,40534,40544,10
12.9083499908,80.2284317017,40544,40554,10
12.9094295502,80.2286071777,40554,40564,10
12.9106197357,80.2287979126,40564,40573,9
12.9117202759,80.2289581299,40573,40585,12
12.9131298065,80.2291412354,40585,40595,10
12.9139900208,80.2292480469,40595,40615,20
12.9139900208,80.2292480469,40615,40625,10
12.9143104553,80.2293319702,40625,40635,10
12.9149103165,80.2294006348,40635,40645,10
12.915719986,80.2294998169,40645,40655,10
12.9167499542,80.2296829224,40655,40665,10
12.9178800583,80.2298431396,40665,40675,10
12.9189901352,80.2300033569,40675,40685,10
12.9193696976,80.2300109863,40685,40695,10
12.919500351,80.2300262451,40695,40706,11
12.920129776,80.2301330566,40706,40716,10
12.9209804535,80.2302322388,40716,40726,10
12.9220600128,80.2303771973,40726,40736,10
12.923210144,80.2305374146,40736,40746,10
12.9243803024,80.2306976318,40746,40756,10
12.9262895584,80.2309188843,40756,40776,20
12.9262895584,80.2309188843,40776,40786,10
12.9263696671,80.2309188843,40786,40796,10
12.9268198013,80.2309570313,40796,40806,10
12.9275598526,80.231048584,40806,40816,10
12.9284896851,80.2311706543,40816,40827,11
12.9295597076,80.2313919067,40827,40837,10
12.9306097031,80.2316665649,40837,40847,10
12.9316902161,80.2320022583,40847,40857,10
12.9327497482,80.2323379517,40857,40867,10
12.9337100983,80.2327270508,40867,40887,20
12.9337100983,80.2327270508,40887,40897,10
12.9338502884,80.2328186035,40897,40907,10
12.9342603683,80.2330322266,40907,40917,10
12.9349803925,80.2333602905,40917,40927,10
12.935669899,80.2336730957,40927,40938,11
12.9357404709,80.2337112427,40938,40948,10
12.9361095428,80.2338867188,40948,40958,10
12.936750412,80.2341918945,40958,40968,10
12.9376096725,80.234588623,40968,40978,10
12.9385700226,80.2350692749,40978,40988,10
12.9394197464,80.2354888916,40988,40998,10
12.9397096634,80.2356414795,40998,41008,10
12.9397296906,80.2356491089,41008,41018,10
12.9399404526,80.2357177734,41018,41028,10
12.9405403137,80.2359313965,41028,41038,10
12.9413795471,80.2361602783,41038,41047,9
12.9422998428,80.2363891602,41047,41059,12
12.9434499741,80.2370986938,41059,41069,10
12.9442501068,80.2379608154,41069,41079,10
12.9450798035,80.238861084,41079,41089,10
12.9461202621,80.2394866943,41089,41099,10
12.9471502304,80.2398986816,41099,41109,10
12.9473199844,80.2399597168,41109,41119,10
12.9475603104,80.2400665283,41119,41129,10
12.9481401443,80.2403106689,41129,41139,10
12.9489402771,80.2406311035,41139,41149,10
12.9499197006,80.2409667969,41149,41159,10
12.950799942,80.2412109375,41159,41169,10
12.9510002136,80.2413024902,41169,41180,11
12.9510297775,80.241317749,41180,41190,10
12.9514102936,80.2414932251,41190,41200,10
12.9520902634,80.2417373657,41200,41210,10
12.9529495239,80.2420501709,41210,41220,10
12.9539499283,80.2424468994,41220,41230,10
12.9549198151,80.2428207397,41230,41240,10
12.9556303024,80.2430877686,41240,41250,10
12.9563398361,80.2434005737,41250,41280,30
12.9563398361,80.2434005737,41280,41290,10
12.9567699432,80.2434997559,41290,41301,11
12.9575500488,80.2438430786,41301,41310,9
12.9583501816,80.2441635132,41310,41321,11
12.9590196609,80.244430542,41321,41331,10
12.9591703415,80.2445602417,41331,41341,10
12.9596796036,80.2448120117,41341,41351,10
12.9604701996,80.2451705933,41351,41361,10
12.9614696503,80.2456436157,41361,41371,10
12.9624996185,80.2461624146,41371,41381,10
12.9635095596,80.2466583252,41381,41391,10
12.9644498825,80.2470397949,41391,41401,10
12.9653902054,80.2473602295,41401,41410,9
12.966050148,80.2475967407,41410,41422,12
12.9664402008,80.2477722168,41422,41432,10
12.9665002823,80.2478027344,41432,41442,10
12.9667396545,80.2479324341,41442,41452,10
12.966799736,80.2479629517,41452,41462,10
12.9671297073,80.2481307983,41462,41472,10
12.9677600861,80.2483825684,41472,41482,10
12.968629837,80.2487335205,41482,41492,10
12.9696302414,80.2491378784,41492,41502,10
12.970700264,80.2495269775,41502,41512,10
12.9718198776,80.2498474121,41512,41522,10
12.9729700089,80.2501373291,41522,41532,10
12.9740800858,80.2504196167,41532,41543,11
12.9752397537,80.2507629395,41543,41553,10
12.9763698578,80.2510910034,41553,41563,10
12.9774703979,80.2515182495,41563,41573,10
12.97838974,80.2522583008,41573,41583,10
12.9793996811,80.252571106,41583,41593,10
12.979929924,80.2523193359,41593,41613,20
12.979929924,80.2523193359,41613,41623,10
12.9799604416,80.2520828247,41623,41633,10
12.980099678,80.2516174316,41633,41643,10
12.9803600311,80.2508468628,41643,41653,10
12.9806003571,80.2499008179,41653,41664,11
12.9807395935,80.2487106323,41664,41674,10
12.9808301926,80.2476806641,41674,41684,10
12.980919838,80.2465820313,41684,41694,10
12.9810600281,80.2453765869,41694,41704,10
12.9811496735,80.2442932129,41704,41714,10
12.9811897278,80.2438201904,41714,41724,10
12.9812602997,80.2436523438,41724,41734,10
12.9813404083,80.243309021,41734,41744,10
12.9813499451,80.2427978516,41744,41754,10
12.9813604355,80.2426986694,41754,41764,10
12.9813699722,80.2424087524,41764,41774,10
12.9813499451,80.2417373657,41774,41785,11
12.9813604355,80.2408065796,41785,41795,10
12.9813404083,80.2399597168,41795,41805,10
12.9813203812,80.2390975952,41805,41815,10
12.9812898636,80.2381591797,41815,41825,10
12.9812898636,80.2379226685,41825,41835,10
12.9812898636,80.2378463745,41835,41845,10
12.9812803268,80.237411499,41845,41855,10
12.9812698364,80.2367401123,41855,41865,10
12.9812402725,80.2359771729,41865,41875,10
12.9812202454,80.2351379395,41875,41884,9
12.9812297821,80.2344970703,41884,41895,11
12.9813995361,80.233833313,41895,41906,11
12.9814996719,80.2336502075,41906,41916,10
12.9816398621,80.2333374023,41916,41936,20
12.9816398621,80.2333374023,41936,41946,10
12.9817695618,80.2331085205,41946,41956,10
12.9819402695,80.2325820923,41956,41966,10
12.9819803238,80.2320098877,41966,41976,10
12.9819402695,80.2314224243,41976,41986,10
12.9817695618,80.2308273315,41986,41996,10
12.9814195633,80.2302474976,41996,42006,10
12.9809598923,80.2295532227,42006,42017,11
12.9807500839,80.2292327881,42017,42027,10
12.9806203842,80.2289962769,42027,42037,10
12.9806098938,80.2289810181,42037,42047,10
12.9804401398,80.2286605835,42047,42057,10
12.9802303314,80.228187561,42057,42067,10
12.9798202515,80.2275390625,42067,42077,10
12.9793796539,80.2268218994,42077,42087,10
12.9789600372,80.2261199951,42087,42097,10
12.9785900116,80.225440979,42097,42107,10
12.9781904221,80.2248764038,42107,42117,10
12.977930069,80.2245101929,42117,42127,10
12.9778003693,80.2242965698,42127,42138,11
12.9776496887,80.2240524292,42138,42148,10
12.9773197174,80.2234802246,42148,42158,10
12.9769697189,80.222869873,42158,42168,10
12.9770898819,80.2227325439,42168,42178,10
12.9771604538,80.2227020264,42178,42188,10
12.9774599075,80.2226333618,42188,42198,10
12.9774999619,80.2222824097,42198,42208,10
12.9774904251,80.2213973999,42208,42228,20
12.9774904251,80.2213973999,42228,42238,10
12.9777498245,80.221206665,42238,42248,10
12.9782400131,80.2211227417,42248,42259,11
12.9790496826,80.2210235596,42259,42269,10
12.9798498154,80.2209777832,42269,42279,10
12.9806604385,80.2209396362,42279,42289,10
12.981180191,80.2210617065,42289,42299,10
12.9817199707,80.2214202881,42299,42309,10
12.9820299149,80.2215118408,42309,42319,10
12.9824800491,80.2217102051,42319,42329,10
12.9828901291,80.221862793,42329,42339,10
12.9829301834,80.2218780518,42339,42349,10
12.9831495285,80.2220306396,42349,42359,10
12.9834499359,80.2222366333,42359,42369,10
12.9840202332,80.2225875854,42369,42380,11
12.9847602844,80.2230606079,42380,42390,10
12.9853601456,80.2232284546,42390,42400,10
12.9857301712,80.2229919434,42400,42410,10
12.986410141,80.2229385376,42410,42420,10
12.986530304,80.2229385376,42420,42430,10
12.9867296219,80.2229614258,42430,42480,50
12.9867296219,80.2229614258,42480,42490,10
12.9871397018,80.2230606079,42490,42501,11
12.9872999191,80.2230606079,42501,42511,10
12.9875602722,80.2230224609,42511,42521,10
12.9880304337,80.2228012085,42521,42531,10
12.9885196686,80.2222976685,42531,42541,10
12.9890403748,80.2216720581,42541,42551,10
12.9896001816,80.220916748,42551,42561,10
12.9902200699,80.2203521729,42561,42571,10
12.9903802872,80.2202606201,42571,42581,10
12.9907197952,80.2200698853,42581,42591,10
12.9912099838,80.2197036743,42591,42601,10
12.991399765,80.219581604,42601,42611,10
12.9915800095,80.2194824219,42611,42622,11
12.9921503067,80.2190628052,42622,42632,10
12.9928703308,80.2185134888,42632,42642,10
12.9936800003,80.2179412842,42642,42652,10
12.9943799973,80.2174530029,42652,42662,10
12.9947595596,80.2171783447,42662,42672,10
12.9952096939,80.2169036865,42672,42682,10
12.9957704544,80.2166213989,42682,42692,10
12.9964199066,80.2164764404,42692,42702,10
12.9969396591,80.2164230347,42702,42712,10
12.9972295761,80.2162780762,42712,42722,10
12.9974002838,80.2161331177,42722,42731,9
12.9974899292,80.2160797119,42731,42743,12
12.9979400635,80.2156829834,42743,42753,10
12.9986000061,80.2151184082,42753,42763,10
12.9990997314,80.2146911621,42763,42773,10
12.9995098114,80.2143630981,42773,42783,10
13.0000095367,80.2139587402,42783,42793,10
13.000579834,80.213432312,42793,42803,10
13.0012102127,80.212852478,42803,42813,10
13.0018596649,80.2124023438,42813,42823,10
13.002409935,80.2121200562,42823,42833,10
13.0030002594,80.2119827271,42833,42843,10
13.0034704208,80.2119064331,42843,42854,11
13.0036201477,80.2118682861,42854,42864,10
13.003660202,80.2113876343,42864,42874,10
13.0036096573,80.210647583,42874,42884,10
13.0034999847,80.2098999023,42884,42894,10
13.0035896301,80.2091217041,42894,42904,10
13.0040798187,80.2086410522,42904,42914,10
13.0050296783,80.2090835571,42914,42924,10
13.0058002472,80.2093887329,42924,42934,10
13.0061798096,80.2095108032,42934,42944,10
13.0068101883,80.2097167969,42944,42953,9
13.0073204041,80.2097702026,42953,42975,22
13.0073204041,80.2097702026,42975,42985,10
13.0073900223,80.2097625732,42985,42995,10
13.0077199936,80.2098464966,42995,43005,10
13.0080404282,80.2099380493,43005,43015,10
13.0081396103,80.2097167969,43015,43025,10
13.0080900192,80.2095718384,43025,43035,10
13.0080604553,80.2094268799,43035,43045,10
13.0079498291,80.2088470459,43045,43055,10
13.0078201294,80.2078475952,43055,43065,10
13.0076799393,80.206703186,43065,43075,10
13.0075798035,80.2055511475,43075,43085,10
13.0075597763,80.2044906616,43085,43096,11
13.0074596405,80.2035522461,43096,43106,10
13.0072402954,80.2027206421,43106,43116,10
13.0065698624,80.2027587891,43116,43126,10
13.0068902969,80.2033996582,43126,43136,10
13.0077600479,80.2036972046,43136,43146,10
13.0089197159,80.2036819458,43146,43156,10
13.010219574,80.2036209106,43156,43166,10
13.0116100311,80.2037200928,43166,43176,10
13.0128803253,80.2039413452,43176,43186,10
13.0135402679,80.2041778564,43186,43196,10
13.0136404037,80.2043762207,43196,43206,10
13.0134897232,80.2048721313,43206,43217,11
13.0131702423,80.2058181763,43217,43227,10
13.0130300522,80.2067184448,43227,43237,10
13.0129804611,80.2074813843,43237,43247,10
13.0128898621,80.2079086304,43247,43257,10
13.0128698349,80.2085266113,43257,43267,10
13.0129299164,80.2089996338,43267,43277,10
13.0131502151,80.2096786499,43277,43287,10
13.0131196976,80.2103805542,43287,43297,10
13.0128803253,80.2112579346,43297,43307,10
13.0124702454,80.2119979858,43307,43317,10
13.0120096207,80.2126998901,43317,43327,10
13.0117702484,80.2127990723,43327,43338,11
13.0112895966,80.2124786377,43338,43348,10
13.0106296539,80.2119598389,43348,43358,10
13.0098600388,80.2113494873,43358,43479,121
13.0098600388,80.2113494873,43479,43489,10
13.0096702576,80.2112579346,43489,43499,10
13.0097503662,80.2111968994,43499,43509,10
13.0094404221,80.2114334106,43509,43519,10
13.0091104507,80.2116394043,43519,43559,40
13.0099201202,80.2108688354,43559,43650,91
13.0095100403,80.2111663818,43650,43741,91
13.0092096329,80.211151123,43741,44638,897
13.0092096329,80.211151123,44638,44648,10
13.0092201233,80.2111816406,44648,44659,11
13.0089998245,80.2114181519,44659,44669,10
13.0089902878,80.2117462158,44669,44679,10
13.0091400146,80.212272644,44679,44689,10
13.0093898773,80.2129592896,44689,44699,10
13.0097303391,80.2137908936,44699,44709,10
13.0100402832,80.2146606445,44709,44719,10
13.0102300644,80.2153320313,44719,44729,10
13.0104103088,80.2160797119,44729,44739,10
13.0108003616,80.2169570923,44739,44749,10
13.0113096237,80.2178115845,44749,44759,10
13.0113296509,80.2187805176,44759,44769,10
13.011879921,80.220161438,44769,44779,10
13.0122900009,80.2211380005,44779,44790,11
13.0124597549,80.2217712402,44790,44800,10
13.0132398605,80.222366333,44800,44810,10
13.0137300491,80.2230682373,44810,44820,10
13.0141096115,80.2236480713,44820,44830,10
13.0142097473,80.223777771,44830,44840,10
13.0142803192,80.2238998413,44840,44850,10
13.0144796371,80.2241897583,44850,44860,10
13.0149803162,80.2246704102,44860,44870,10
13.0153102875,80.2250671387,44870,44880,10
13.0153198242,80.2251968384,44880,44890,10
13.0153398514,80.2253799438,44890,44900,10
13.0153999329,80.2255783081,44900,44910,10
13.0153799057,80.2257995605,44910,44921,11
13.0152301788,80.2259521484,44921,44931,10
13.0150098801,80.2260284424,44931,44981,50
13.0150098801,80.2260284424,44981,44991,10
13.0146102905,80.2261810303,44991,45001,10
13.0140304565,80.2263870239,45001,45011,10
13.0132703781,80.2266616821,45011,45022,11
13.0123195648,80.2270736694,45022,45032,10
13.0112695694,80.2274703979,45032,45042,10
13.0102100372,80.2278671265,45042,45052,10
13.0095396042,80.2278671265,45052,45062,10
13.0095300674,80.2275238037,45062,45072,10
13.0096998215,80.2271270752,45072,45082,10
13.0100402832,80.22631073,45082,45092,10
13.0104999542,80.2252578735,45092,45102,10
13.0109395981,80.224357605,45102,45112,10
13.0112600327,80.2234420776,45112,45122,10
13.0109996796,80.2231369019,45122,45132,10
13.0103597641,80.2228469849,45132,45142,10
13.0102796555,80.2227401733,45142,45153,11
13.0097999573,80.2225875854,45153,45163,10
13.009180069,80.2221832275,45163,45173,10
13.008310318,80.2217712402,45173,45183,10
13.0073900223,80.2212982178,45183,45193,10
13.0065498352,80.2208099365,45193,45203,10
13.0055303574,80.2205505371,45203,45213,10
13.0046195984,80.2203292847,45213,45223,10
13.0039396286,80.220161438,45223,45233,10
13.0031995773,80.2199325562,45233,45243,10
13.0024204254,80.2195205688,45243,45253,10
13.0018196106,80.2188796997,45253,45263,10
13.0011100769,80.2183609009,45263,45274,11
13.0002498627,80.2178878784,45274,45284,10
12.99958992,80.2174072266,45284,45294,10
12.9988803864,80.2170028687,45294,45304,10
12.998000145,80.2166519165,45304,45314,10
12.9973201752,80.2166366577,45314,45334,20
12.9973201752,80.2166366577,45334,45344,10
12.9971904755,80.2165679932,45344,45354,10
12.9966201782,80.2166137695,45354,45364,10
12.9959602356,80.2167434692,45364,45374,10
12.9952096939,80.2170181274,45374,45385,11
12.9946603775,80.2173690796,45385,45395,10
12.9940900803,80.2177886963,45395,45405,10
12.9935398102,80.2181777954,45405,45415,10
12.9928102493,80.2186203003,45415,45425,10
12.9922895432,80.2190170288,45425,45435,10
12.9916696548,80.2194824219,45435,45445,10
12.9913101196,80.2197723389,45445,45455,10
12.9908103943,80.220123291,45455,45465,10
12.9907798767,80.2201385498,45465,45475,10
12.9906597137,80.2202606201,45475,45485,10
12.9902696609,80.2205810547,45485,45494,9
12.9897499084,80.2210769653,45494,45505,11
12.9891796112,80.2217407227,45505,45516,11
12.9888696671,80.2221221924,45516,45526,10
12.9883403778,80.2226333618,45526,45536,10
12.9877500534,80.2230606079,45536,45546,10
12.9875898361,80.2230911255,45546,45556,10
12.9875001907,80.2230911255,45556,45566,10
12.987159729,80.2230606079,45566,45576,10
12.9867696762,80.2230300903,45576,45586,10
12.9866304398,80.2229766846,45586,45596,10
12.9862499237,80.2229995728,45596,45606,10
12.9857397079,80.2230529785,45606,45615,9
12.9854001999,80.2232666016,45615,45627,12
12.9848098755,80.22315979,45627,45647,20
12.984749794,80.2230682373,45647,45687,40
12.984749794,80.2230682373,45687,45697,10
12.9845199585,80.2229232788,45697,45707,10
12.984120369,80.2227935791,45707,45717,10
12.9839496613,80.2226486206,45717,45727,10
12.9835796356,80.2224731445,45727,45736,9
12.9832201004,80.2221984863,45736,45758,22
12.9832201004,80.2221984863,45758,45768,10
12.9828901291,80.2220916748,45768,45778,10
12.982460022,80.2219390869,45778,45788,10
12.9819402695,80.2217102051,45788,45798,10
12.9813299179,80.2212905884,45798,45808,10
12.9806804657,80.2211532593,45808,45818,10
12.9801502228,80.2211608887,45818,45828,10
12.979470253,80.2211837769,45828,45838,10
12.9787597656,80.2212295532,45838,45848,10
12.9780302048,80.2212219238,45848,45858,10
12.9772596359,80.2212295532,45858,45869,11
12.9766197205,80.2212524414,45869,45879,10
12.9762001038,80.2214202881,45879,45889,10
12.976360321,80.2217636108,45889,45899,10
12.9763898849,80.2218093872,45899,45909,10
12.9764204025,80.2219085693,45909,45919,10
12.9765796661,80.2222671509,45919,45929,10
12.976940155,80.2228469849,45929,45939,10
12.9774198532,80.2236480713,45939,45949,10
12.9779500961,80.2244796753,45949,45959,10
12.9784603119,80.2253112793,45959,45969,10
12.9785604477,80.2254486084,45969,45979,10
12.9786596298,80.2256164551,45979,45990,11
12.9790000916,80.2261810303,45990,46000,10
12.9794101715,80.2268600464,46000,46010,10
12.9798402786,80.2275695801,46010,46020,10
12.9802503586,80.2282409668,46020,46030,10
12.9806900024,80.2290115356,46030,46040,10
12.9808998108,80.2293624878,46040,46050,10
12.9811096191,80.2296905518,46050,46060,10
12.9814901352,80.2302627563,46060,46070,10
12.9816799164,80.2305526733,46070,46079,9
12.981710434,80.2306137085,46079,46090,11
12.9818696976,80.231010437,46090,46100,10
12.982000351,80.2316894531,46100,46111,11
12.9819698334,80.2324829102,46111,46121,10
12.9818000793,80.2330627441,46121,46131,10
12.9815998077,80.2334899902,46131,46141,10
12.9815998077,80.2334976196,46141,46151,10
12.9815597534,80.2336120605,46151,46161,10
12.9813203812,80.2340621948,46161,46171,10
12.981180191,80.2348022461,46171,46181,10
12.9812002182,80.2355880737,46181,46191,10
12.9812202454,80.2364120483,46191,46201,10
12.9812498093,80.2372817993,46201,46211,10
12.9812898636,80.2383804321,46211,46242,31
12.9812898636,80.2383804321,46242,46252,10
12.9812602997,80.2387695313,46252,46262,10
12.9812498093,80.239402771,46262,46272,10
12.9812803268,80.2399597168,46272,46282,10
12.9812803268,80.2406234741,46282,46292,10
12.981300354,80.2414779663,46292,46302,10
12.9813098907,80.2421569824,46302,46312,10
12.9812898636,80.2422714233,46312,46322,10
12.9812803268,80.2424087524,46322,46332,10
12.9812402725,80.2426376343,46332,46342,10
12.9812402725,80.2426605225,46342,46353,11
12.9812803268,80.2428665161,46353,46363,10
12.9813098907,80.2431793213,46363,46373,10
12.9812898636,80.2438201904,46373,46383,10
12.9811897278,80.2446899414,46383,46393,10
12.9810600281,80.2457427979,46393,46403,10
12.9809503555,80.2469024658,46403,46413,10
12.9808301926,80.2480621338,46413,46423,10
12.9807500839,80.2492294312,46423,46433,10
12.9805698395,80.2503585815,46433,46443,10
12.9802598953,80.2514877319,46443,46453,10
12.9800195694,80.2522964478,46453,46463,10
12.9799804688,80.2526016235,46463,46474,11
12.9799804688,80.2527008057,46474,46484,10
12.9796600342,80.2528076172,46484,46494,10
12.9790401459,80.2527389526,46494,46504,10
12.9787397385,80.2526779175,46504,46514,10
12.9785995483,80.2526168823,46514,46524,10
12.9781703949,80.2523269653,46524,46534,10
12.9775600433,80.2517700195,46534,46544,10
12.9766197205,80.2513275146,46544,46554,10
12.975569725,80.2509994507,46554,46564,10
12.9744796753,80.2507095337,46564,46574,10
12.9734201431,80.2504119873,46574,46583,9
12.9726295471,80.2502212524,46583,46595,12
12.9724397659,80.2501678467,46595,46605,10
12.9719896317,80.2500305176,46605,46615,10
12.9712495804,80.2498321533,46615,46625,10
12.9703197479,80.2495193481,46625,46635,10
12.9692697525,80.2491073608,46635,46645,10
12.9682197571,80.2486724854,46645,46655,10
12.9671602249,80.2482223511,46655,46665,10
12.9661998749,80.2477874756,46665,46675,10
12.9652996063,80.2474517822,46675,46685,10
12.9650602341,80.2473678589,46685,46695,10
12.9649896622,80.2473526001,46695,46705,10
12.9645795822,80.2472000122,46705,46716,11
12.9639797211,80.2469482422,46716,46726,10
12.9637899399,80.2468566895,46726,46736,10
12.9634103775,80.2466964722,46736,46746,10
12.9627399445,80.246383667,46746,46756,10
12.9618902206,80.2459564209,46756,46766,10
12.9609603882,80.2455215454,46766,46776,10
12.9600601196,80.2451019287,46776,46786,10
12.9593296051,80.2447967529,46786,46796,10
12.9592895508,80.2447814941,46796,46806,10
12.9590702057,80.2446365356,46806,46816,10
12.9585103989,80.244392395,46816,46827,11
12.9577798843,80.2441101074,46827,46837,10
12.9570798874,80.2438812256,46837,46847,10
12.9564199448,80.2436828613,46847,46887,40
12.9564199448,80.2436828613,46887,46897,10
12.9559602737,80.243560791,46897,46907,10
12.9553804398,80.2432479858,46907,46917,10
12.9546203613,80.2428817749,46917,46927,10
12.9537200928,80.242477417,46927,46937,10
12.952750206,80.2420578003,46937,46947,10
12.9518499374,80.2417602539,46947,46958,11
12.9517202377,80.2416915894,46958,46968,10
12.9516801834,80.2416687012,46968,46978,10
12.9513196945,80.2415390015,46978,46988,10
12.9506597519,80.2413406372,46988,46998,10
12.9497900009,80.2411117554,46998,47008,10
12.9491996765,80.2409133911,47008,47018,10
12.9486503601,80.2406921387,47018,47028,10
12.9478902817,80.2403717041,47028,47038,10
12.9472904205,80.2401428223,47038,47048,10
12.9472703934,80.2401275635,47048,47058,10
12.9471797943,80.2400665283,47058,47068,10
12.9467697144,80.2398986816,47068,47079,11
12.9460401535,80.2395935059,47079,47089,10
12.9452800751,80.2391662598,47089,47099,10
12.9445400238,80.2384796143,47099,47109,10
12.9437799454,80.2377090454,47109,47119,10
12.94328022,80.2371826172,47119,47129,10
12.9432001114,80.2370834351,47129,47139,10
12.9428300858,80.2367935181,47139,47149,10
12.9421300888,80.2364807129,47149,47159,10
12.9412097931,80.2362365723,47159,47169,10
12.940369606,80.2360229492,47169,47179,10
12.9395503998,80.235748291,47179,47200,21
12.9395503998,80.235748291,47200,47210,10
12.9395198822,80.235748291,47210,47220,10
12.9391899109,80.2356033325,47220,47230,10
12.9386301041,80.2352981567,47230,47240,10
12.9379196167,80.2349395752,47240,47250,10
12.9371595383,80.2345581055,47250,47260,10
12.9364404678,80.2342224121,47260,47270,10
12.9356603622,80.2338485718,47270,47280,10
12.934709549,80.2334213257,47280,47290,10
12.9339103699,80.2330474854,47290,47300,10
12.9338703156,80.2330093384,47300,47310,10
12.9337701797,80.232963562,47310,47321,11
12.9332799911,80.2327423096,47321,47331,10
12.9325799942,80.2324523926,47331,47341,10
12.9317398071,80.2321777344,47341,47351,10
12.9307498932,80.2318496704,47351,47361,10
12.9297399521,80.2315826416,47361,47371,10
12.9287204742,80.2313995361,47371,47381,10
12.9276399612,80.2312164307,47381,47391,10
12.926609993,80.231086731,47391,47401,10
12.9259700775,80.231048584,47401,47411,10
12.9259595871,80.2310562134,47411,47421,10
12.9258003235,80.2310791016,47421,47431,10
12.925330162,80.231010437,47431,47442,11
12.9245595932,80.2309112549,47442,47452,10
12.9237003326,80.230796814,47452,47462,10
12.922659874,80.2306594849,47462,47472,10
12.9215097427,80.2304763794,47472,47482,10
12.9203596115,80.2303085327,47482,47492,10
12.9193201065,80.2301864624,47492,47512,20
12.9193201065,80.2301864624,47512,47522,10
12.919260025,80.2301864624,47522,47532,10
12.9190397263,80.2301635742,47532,47542,10
12.9189796448,80.2301635742,47542,47552,10
12.918800354,80.2301177979,47552,47563,11
12.9181995392,80.2300186157,47563,47573,10
12.9174003601,80.2299194336,47573,47583,10
12.9165897369,80.2297821045,47583,47593,10
12.9155797958,80.2296218872,47593,47603,10
12.9144496918,80.2294616699,47603,47613,10
12.9134502411,80.2293624878,47613,47623,10
12.9133501053,80.2293624878,47623,47633,10
12.9132699966,80.2293395996,47633,47643,10
12.9127998352,80.2292327881,47643,47653,10
12.91203022,80.2291183472,47653,47663,10
12.9110403061,80.2289810181,47663,47673,10
12.9099302292,80.228843689,47673,47684,11
12.9086704254,80.2286300659,47684,47694,10
12.9075403214,80.2284698486,47694,47704,10
12.9065799713,80.2283706665,47704,47714,10
12.9061498642,80.2283172607,47714,47724,10
12.9061098099,80.2283096313,47724,47734,10
12.9057102203,80.2282791138,47734,47744,10
12.9049797058,80.2282409668,47744,47754,10
12.9040203094,80.2281723022,47754,47764,10
12.9028997421,80.2281265259,47764,47774,10
12.9017496109,80.2280502319,47774,47784,10
12.9006204605,80.2279815674,47784,47794,10
12.899720192,80.2279205322,47794,47805,11
12.8993501663,80.227897644,47805,47825,20
12.8993501663,80.227897644,47825,47835,10
12.8990697861,80.2278900146,47835,47845,10
12.8984699249,80.2278518677,47845,47855,10
12.8976402283,80.2277984619,47855,47865,10
12.8966703415,80.2277603149,47865,47875,10
12.896109581,80.2277374268,47875,47885,10
12.8960103989,80.2277603149,47885,47895,10
12.8955202103,80.2277297974,47895,47905,10
12.8947496414,80.2276763916,47905,47916,11
12.8936595917,80.2276229858,47916,47926,10
12.893239975,80.2275695801,47926,47936,10
12.8931398392,80.2275466919,47936,47946,10
12.8926401138,80.2274932861,47946,47956,10
12.8918800354,80.2274398804,47956,47966,10
12.8908700943,80.227432251,47966,47976,10
12.8897304535,80.2274169922,47976,47986,10
12.8886404037,80.2274169922,47986,47996,10
12.8883895874,80.2274169922,47996,48006,10
12.8883495331,80.2274627686,48006,48016,10
12.8879899979,80.2274017334,48016,48026,10
12.8873195648,80.2273025513,48026,48036,10
12.8864498138,80.2271194458,48036,48047,11
12.8853502274,80.226852417,48047,48057,10
12.8848104477,80.2267913818,48057,48067,10
12.8847799301,80.2267990112,48067,48077,10
12.8844203949,80.2267837524,48077,48087,10
12.8837299347,80.2267532349,48087,48097,10
12.8827896118,80.2267379761,48097,48107,10
12.8816900253,80.2267608643,48107,48117,10
12.8805503845,80.2267837524,48117,48127,10
12.8793802261,80.2267990112,48127,48137,10
12.8781795502,80.226852417,48137,48147,10
12.8770503998,80.2269592285,48147,48157,10
12.8764200211,80.2270278931,48157,48168,11
12.8762998581,80.2269592285,48168,48178,10
12.8763999939,80.2266921997,48178,48188,10
12.8764095306,80.2266464233,48188,48198,10
12.8763904572,80.2264709473,48198,48208,10
12.8764295578,80.2263031006,48208,48218,10
12.8765201569,80.2257232666,48218,48228,10
12.8766002655,80.224899292,48228,48238,10
12.8767499924,80.2239379883,48238,48248,10
12.8769798279,80.2229003906,48248,48258,10
12.8772497177,80.2217407227,48258,48268,10
12.8775196075,80.2205429077,48268,48278,10
12.877790451,80.2193832397,48278,48289,11
12.8780603409,80.2181167603,48289,48299,10
12.878279686,80.2170410156,48299,48309,10
12.8784999847,80.2158813477,48309,48319,10
12.8787603378,80.2146987915,48319,48329,10
12.8789796829,80.2135009766,48329,48339,10
12.8791799545,80.2123336792,48339,48349,10
12.8793802261,80.2112884521,48349,48359,10
12.8790197372,80.2109375,48359,48379,20
12.8790197372,80.2109375,48379,48389,10
12.8789396286,80.2109298706,48389,48399,10
12.8785495758,80.2108688354,48399,48410,11
12.8778495789,80.2107391357,48410,48420,10
12.8771600723,80.2106018066,48420,48430,10
12.8763999939,80.2104492188,48430,48440,10
12.8757801056,80.2103424072,48440,48450,10
12.8750495911,80.2102127075,48450,48460,10
12.8744001389,80.2100906372,48460,48490,30
12.8744001389,80.2100906372,48490,48499,9
12.8746299744,80.2098236084,48499,48600,101
12.8747701645,80.2097473145,48600,48730,130
12.8747701645,80.2097473145,48730,50183,1453
12.874879837,80.209777832,50183,50193,10
12.8746900558,80.2096710205,50193,50203,10
12.8746500015,80.2098922729,50203,50214,11
12.8746995926,80.2100906372,50214,50224,10
12.8749198914,80.2101821899,50224,50234,10
12.8753795624,80.2102584839,50234,50244,10
12.8756504059,80.2102127075,50244,50254,10
12.8760204315,80.2103271484,50254,50264,10
12.8766002655,80.2104110718,50264,50274,10
12.8779602051,80.2106781006,50274,50284,10
12.8779602051,80.2106781006,50284,50294,10
12.8786201477,80.2108383179,50294,50302,8
12.8789997101,80.2108917236,50302,50322,20
12.8791999817,80.2109680176,50322,50332,10
12.8793096542,80.2110671997,50332,50343,11
12.8794498444,80.2113723755,50343,50353,10
12.8792800903,80.2121124268,50353,50363,10
12.8791704178,80.2128677368,50363,50373,10
12.8790102005,80.213760376,50373,50383,10
12.8788099289,80.2147903442,50383,50393,10
12.8785600662,80.2158889771,50393,50402,9
12.8783197403,80.2169570923,50402,50413,11
12.8781604767,80.218132019,50413,50423,10
12.8779497147,80.2191009521,50423,50433,10
12.8777599335,80.2199401855,50433,50443,10
12.8775901794,80.2206726074,50443,50453,10
12.8774204254,80.2214202881,50453,50464,11
12.8771400452,80.2224884033,50464,50474,10
12.8768701553,80.223487854,50474,50484,10
12.8766098022,80.224647522,50484,50494,10
12.8765001297,80.2258224487,50494,50504,10
12.8764400482,80.2269134521,50504,50524,20
12.8764400482,80.2269134521,50524,50534,10
12.8766298294,80.2269287109,50534,50544,10
12.8771295547,80.2268371582,50544,50554,10
12.8780002594,80.2267608643,50554,50564,10
12.879070282,80.2266693115,50564,50574,10
12.8802404404,80.2266311646,50574,50585,11
12.8815603256,80.2266082764,50585,50595,10
12.8827800751,80.2266082764,50595,50605,10
12.8839902878,80.2265930176,50605,50615,10
12.8849802017,80.2265777588,50615,50625,10
12.8850603104,80.226600647,50625,50635,10
12.8851203918,80.2266082764,50635,50645,10
12.8855895996,80.2266921997,50645,50655,10
12.8863897324,80.2269134521,50655,50665,10
12.8874597549,80.2271575928,50665,50675,10
12.8886203766,80.2272796631,50675,50685,10
12.8898296356,80.2272720337,50685,50695,10
12.8910503387,80.2272720337,50695,50706,11
12.8924102783,80.2273101807,50706,50716,10
12.8936195374,80.2274703979,50716,50726,10
12.8948202133,80.2275695801,50726,50736,10
12.8960504532,80.2276229858,50736,50746,10
12.897310257,80.2276611328,50746,50756,10
12.8985500336,80.2277374268,50756,50766,10
12.8997602463,80.2278137207,50766,50776,10
12.9006996155,80.2277984619,50776,50806,30
12.9006996155,80.2277984619,50806,50816,10
12.9009895325,80.2278289795,50816,50827,11
12.9016799927,80.2278823853,50827,50837,10
12.9022397995,80.227897644,50837,50867,30
12.9022397995,80.227897644,50867,50877,10
12.9025096893,80.2279281616,50877,50887,10
12.9030895233,80.2279663086,50887,50897,10
12.9039497375,80.2280197144,50897,50907,10
12.904999733,80.2281036377,50907,50917,10
12.906080246,80.2281494141,50917,50927,10
12.906709671,80.2281723022,50927,50936,9
12.9068403244,80.228187561,50936,50948,12
12.9073495865,80.2282791138,50948,50958,10
12.9081897736,80.2283630371,50958,50968,10
12.9092502594,80.2285308838,50968,50978,10
12.9104204178,80.2287216187,50978,50988,10
12.9116096497,80.2289428711,50988,50998,10
12.9127998352,80.2291107178,50998,51008,10
12.9138202667,80.2292480469,51008,51018,10
12.9140996933,80.2292861938,51018,51028,10
12.9141702652,80.2293167114,51028,51038,10
12.9146003723,80.2293395996,51038,51048,10
12.9153404236,80.2294616699,51048,51059,11
12.9164400101,80.2295913696,51059,51069,10
12.9175701141,80.2297515869,51069,51079,10
12.9186897278,80.2299118042,51079,51089,10
12.9198198318,80.2300491333,51089,51099,10
12.9209804535,80.2301712036,51099,51109,10
12.9221601486,80.2303314209,51109,51119,10
12.9233398438,80.2305221558,51119,51129,10
12.924539566,80.2306900024,51129,51139,10
12.9257497787,80.2308120728,51139,51149,10
12.9264001846,80.2309036255,51149,51159,10
12.926440239,80.2309188843,51159,51169,10
12.9268598557,80.2309799194,51169,51180,11
12.9276695251,80.2310714722,51180,51190,10
12.9285497665,80.2312011719,51190,51200,10
12.929599762,80.2313995361,51200,51210,10
12.9307203293,80.2316970825,51210,51220,10
12.9318399429,80.2320480347,51220,51230,10
12.9329395294,80.2324295044,51230,51240,10
12.9336996078,80.2327423096,51240,51250,10
12.933719635,80.232749939,51250,51260,10
12.9338798523,80.2327880859,51260,51270,10
12.9343004227,80.233001709,51270,51280,10
12.9350099564,80.2333068848,51280,51290,10
12.9358997345,80.2337112427,51290,51301,11
12.9369802475,80.2342376709,51301,51311,10
12.9380197525,80.2347488403,51311,51321,10
12.9390697479,80.2352676392,51321,51331,10
12.9397697449,80.2356109619,51331,51341,10
12.9398002625,80.2356262207,51341,51351,10
12.9398899078,80.235710144,51351,51361,10
12.9403095245,80.2358474731,51361,51371,10
12.9409999847,80.2360305786,51371,51381,10
12.941860199,80.2362289429,51381,51391,10
12.9428501129,80.236579895,51391,51401,10
12.9437198639,80.2373123169,51401,51411,10
12.9445295334,80.2381820679,51411,51421,10
12.9453601837,80.2390518188,51421,51432,11
12.9465303421,80.239616394,51432,51442,10
12.9471998215,80.2398986816,51442,51452,10
12.9473400116,80.2399597168,51452,51462,10
12.9473896027,80.2399902344,51462,51472,10
12.9476604462,80.2400970459,51472,51482,10
12.9481801987,80.2403182983,51482,51492,10
12.9486398697,80.2404785156,51492,51502,10
12.948679924,80.2405014038,51502,51512,10
12.9489603043,80.2406387329,51512,51522,10
12.9495401382,80.2408599854,51522,51532,10
12.9503202438,80.2410964966,51532,51543,11
12.9509096146,80.2412872314,51543,51553,10
12.9509496689,80.2413024902,51553,51563,10
12.9510498047,80.2413024902,51563,51573,10
12.9513702393,80.2413787842,51573,51583,10
12.9518995285,80.241569519,51583,51593,10
12.952580452,80.2418212891,51593,51603,10
12.95333004,80.2421264648,51603,51613,10
12.9542398453,80.2424621582,51613,51623,10
12.9551200867,80.2428207397,51623,51633,10
12.9558897018,80.2431488037,51633,51643,10
12.9563503265,80.2434082031,51643,51653,10
12.9565200806,80.2434768677,51653,51664,11
12.9571399689,80.2437210083,51664,51674,10
12.9579200745,80.2440490723,51674,51684,10
12.9587001801,80.2443389893,51684,51714,30
12.9587001801,80.2443389893,51714,51724,10
12.9590396881,80.2445297241,51724,51734,10
12.9596099854,80.2447814941,51734,51744,10
12.9603500366,80.2451019287,51744,51754,10
12.9612798691,80.2455291748,51754,51764,10
12.9622602463,80.2460021973,51764,51774,10
12.9629096985,80.2462997437,51774,51784,10
12.9629898071,80.2463531494,51784,51795,11
12.9631204605,80.2463302612,51795,51805,10
12.9634599686,80.2465286255,51805,51815,10
12.9639101028,80.2467727661,51815,51825,10
12.9644899368,80.2470092773,51825,51835,10
12.9652395248,80.2472763062,51835,51845,10
12.9660902023,80.2475891113,51845,51855,10
12.9669504166,80.2479476929,51855,51875,20
12.9669504166,80.2479476929,51875,51885,10
12.967089653,80.2481002808,51885,51895,10
12.9675703049,80.2482833862,51895,51906,11
12.9684095383,80.2485733032,51906,51916,10
12.9693603516,80.2489395142,51916,51926,10
12.9703998566,80.2493362427,51926,51936,10
12.9715099335,80.2497024536,51936,51946,10
12.9726400375,80.2500076294,51946,51956,10
12.973739624,80.2502822876,51956,51966,10
12.9743299484,80.2504272461,51966,51976,10
12.974360466,80.2504577637,51976,51986,10
12.9745998383,80.2505493164,51986,51996,10
12.9748401642,80.2506408691,51996,52006,10
12.9754199982,80.250831604,52006,52016,10
12.9762201309,80.2510528564,52016,52027,11
12.9772596359,80.2514038086,52027,52037,10
12.9781398773,80.2521209717,52037,52047,10
12.9790401459,80.252532959,52047,52057,10
12.9796695709,80.2525024414,52057,52067,10
12.9799699783,80.2522964478,52067,52087,20
12.9799699783,80.2522964478,52087,52097,10
12.9799804688,80.251953125,52097,52107,10
12.9801101685,80.2514724731,52107,52117,10
12.9803199768,80.2507171631,52117,52127,10
12.9805698395,80.2498092651,52127,52138,11
12.9807500839,80.2486572266,52138,52148,10
12.9808301926,80.2475891113,52148,52158,10
12.9809303284,80.2464599609,52158,52168,10
12.9810695648,80.2452926636,52168,52178,10
12.9811897278,80.2441177368,52178,52188,10
12.9813203812,80.2435073853,52188,52198,10
12.9813404083,80.242729187,52198,52228,30
12.9813404083,80.242729187,52228,52238,10
12.9813604355,80.2425689697,52238,52248,10
12.9813995361,80.2422180176,52248,52259,11
12.9813995361,80.2415618896,52259,52269,10
12.9813899994,80.2407913208,52269,52279,10
12.9813699722,80.2399597168,52279,52289,10
12.9813604355,80.2392883301,52289,52299,10
12.9813404083,80.2387084961,52299,52309,10
12.9813098907,80.2380065918,52309,52319,10
12.9813098907,80.2379226685,52319,52329,10
12.9812898636,80.2378692627,52329,52339,10
12.981300354,80.2375564575,52339,52349,10
12.981300354,80.2369766235,52349,52359,10
12.9812803268,80.2361907959,52359,52369,10
12.9812498093,80.2352905273,52369,52380,11
12.9812602997,80.2342300415,52380,52390,10
12.9816904068,80.2332229614,52390,52420,30
12.9816904068,80.2332229614,52420,52430,10
12.9818000793,80.2330703735,52430,52440,10
12.9819602966,80.2326507568,52440,52450,10
12.9820098877,80.232131958,52450,52460,10
12.9819898605,80.2315597534,52460,52470,10
12.9819002151,80.2308425903,52470,52480,10
12.9816503525,80.2303619385,52480,52490,10
12.9812202454,80.2296981812,52490,52500,10
12.9807500839,80.2289505005,52500,52521,21
12.9807500839,80.2289505005,52521,52531,10
12.9806995392,80.2288513184,52531,52541,10
12.9805002213,80.2284698486,52541,52551,10
12.9803104401,80.2280578613,52551,52561,10
12.9799203873,80.2274627686,52561,52571,10
12.9794101715,80.2267074585,52571,52581,10
12.9789400101,80.2258834839,52581,52591,10
12.9784698486,80.2250366211,52591,52601,10
12.9780397415,80.224357605,52601,52611,10
12.9778900146,80.2240982056,52611,52622,11
12.9778499603,80.2241210938,52622,52632,10
12.9776697159,80.2237930298,52632,52642,10
12.977399826,80.2231826782,52642,52652,10
12.9771203995,80.2226867676,52652,52662,10
12.9772901535,80.2226104736,52662,52682,20
12.9772901535,80.2226104736,52682,52692,10
12.977399826,80.22265625,52692,52702,10
12.9775600433,80.2224273682,52702,52712,10
12.9775104523,80.2219390869,52712,52722,10
12.9774703979,80.2213363647,52722,52733,11
12.9776802063,80.2211837769,52733,52742,9
12.9780797958,80.2211608887,52742,52753,11
12.9789600372,80.2210769653,52753,52763,10
12.9798297882,80.2209625244,52763,52773,10
12.9806203842,80.2208786011,52773,52783,10
12.9816703796,80.2212295532,52783,52793,10
12.9823703766,80.2216873169,52793,52803,10
12.982749939,80.2218399048,52803,52813,10
12.9829797745,80.2219696045,52813,52823,10
12.9829998016,80.2219696045,52823,52833,10
12.9833202362,80.222076416,52833,52842,9
12.983590126,80.2222518921,52842,52853,11
12.9840602875,80.2226028442,52853,52864,11
12.984749794,80.2230606079,52864,52874,10
12.9852304459,80.2232208252,52874,52884,10
12.9856500626,80.2229995728,52884,52894,10
12.986240387,80.2229537964,52894,52904,10
12.9864902496,80.2229309082,52904,52914,10
12.9866104126,80.2229537964,52914,52924,10
12.9869098663,80.2231292725,52924,52934,10
12.9875001907,80.2230834961,52934,52944,10
12.9881696701,80.2227706909,52944,52954,10
12.9888000488,80.2221374512,52954,52964,10
12.9893198013,80.2215270996,52964,52975,11
12.9903297424,80.2203903198,52975,52995,20
12.9903297424,80.2203903198,52995,53005,10
12.990650177,80.2202072144,53005,53015,10
12.9909896851,80.2199401855,53015,53025,10
12.9913396835,80.2196273804,53025,53035,10
12.9916601181,80.2193984985,53035,53045,10
12.9922399521,80.2190170288,53045,53055,10
12.9928197861,80.2185516357,53055,53075,20
12.9928197861,80.2185516357,53075,53085,10
12.9932003021,80.2182617188,53085,53095,10
12.993689537,80.217918396,53095,53106,11
12.9942502975,80.2175064087,53106,53116,10
12.9946403503,80.2172088623,53116,53126,10
12.9950304031,80.2169494629,53126,53136,10
12.9955701828,80.2166824341,53136,53146,10
12.9960002899,80.2166824341,53146,53156,10
12.9966802597,80.216583252,53156,53166,10
12.9971599579,80.2163085938,53166,53176,10
12.997469902,80.2160797119,53176,53186,10
12.9975500107,80.2160186768,53186,53196,10
12.9977903366,80.2158432007,53196,53206,10
12.9982404709,80.2154083252,53206,53217,11
12.9989795685,80.2147979736,53217,53227,10
12.9992599487,80.2146224976,53227,53237,10
12.9997501373,80.2142105103,53237,53247,10
13.0002403259,80.2137680054,53247,53257,10
13.0008201599,80.213218689,53257,53267,10
13.0014200211,80.2127227783,53267,53277,10
13.0020999908,80.2122497559,53277,53287,10
13.0028295517,80.2120895386,53287,53297,10
13.0035400391,80.2119369507,53297,53317,20
13.0035400391,80.2119369507,53317,53327,10
13.0036497116,80.2117004395,53327,53338,11
13.0036697388,80.2110290527,53338,53348,10
13.0035800934,80.2102813721,53348,53358,10
13.0035295486,80.2095336914,53358,53368,10
13.0037002563,80.2087631226,53368,53378,10
13.0043802261,80.2087631226,53378,53388,10
13.0052995682,80.2091598511,53388,53398,10
13.0061702728,80.2094497681,53398,53408,10
13.0068798065,80.2096633911,53408,53418,10
13.0071697235,80.2097473145,53418,53428,10
13.0074796677,80.2097396851,53428,53469,41
13.0074796677,80.2097396851,53469,53479,10
13.0076599121,80.2098388672,53479,53489,10
13.0080604553,80.2098999023,53489,53499,10
13.0082798004,80.209602356,53499,53509,10
13.0080003738,80.2088470459,53509,53519,10
13.0078601837,80.207901001,53519,53529,10
13.0077104568,80.2068405151,53529,53539,10
13.0075702667,80.2057876587,53539,53549,10
13.0075397491,80.2047805786,53549,53559,10
13.0074796677,80.2038192749,53559,53569,10
13.0073299408,80.2029190063,53569,53580,11
13.0066795349,80.2025985718,53580,53590,10
13.0067596436,80.2033004761,53590,53600,10
13.0075101852,80.2036514282,53600,53610,10
13.0085496902,80.203666687,53610,53620,10
13.0098104477,80.2035980225,53620,53630,10
13.011179924,80.2036514282,53630,53640,10
13.0124397278,80.2038574219,53640,53650,10
13.0134296417,80.2041015625,53650,53660,10
13.0136699677,80.2044296265,53660,53670,10
13.0134897232,80.2049026489,53670,53680,10
13.013250351,80.2057113647,53680,53689,9
13.0130796432,80.2066116333,53689,53701,12
13.0129899979,80.2076187134,53701,53711,10
13.0129003525,80.2079086304,53711,53721,10
13.0129003525,80.2084121704,53721,53731,10
13.0129404068,80.2088699341,53731,53741,10
13.0131397247,80.2095108032,53741,53751,10
13.0131902695,80.2101135254,53751,53761,10
13.0129995346,80.2109603882,53761,53771,10
13.0125598907,80.2117767334,53771,53781,10
13.0120801926,80.2125167847,53781,53791,10
13.0118904114,80.2127380371,53791,53801,10
13.011639595,80.2125778198,53801,53810,9
13.0111398697,80.2122268677,53810,53822,12
13.0103302002,80.2116165161,53822,53832,10
13.0098199844,80.211227417,53832,53912,80
13.0094804764,80.2110366821,53912,53973,61
13.0094804764,80.2110366821,53973,53983,10
13.0092601776,80.2110900879,53983,53993,10
13.0091295242,80.2113571167,53993,54003,10
13.0090999603,80.2117385864,54003,54013,10
13.0092802048,80.212348938,54013,54023,10
13.0095300674,80.2131118774,54023,54033,10
13.0098104477,80.2137908936,54033,54043,10
13.0100898743,80.2145233154,54043,54053,10
13.0102300644,80.2153701782,54053,54063,10
13.0105600357,80.2163162231,54063,54074,11
13.0110797882,80.2174377441,54074,54084,10
13.0115003586,80.2185592651,54084,54094,10
13.0119199753,80.2197799683,54094,54104,10
13.0122995377,80.2209396362,54104,54114,10
13.0126895905,80.221786499,54114,54124,10
13.0133199692,80.2225723267,54124,54134,10
13.0140399933,80.2233200073,54134,54144,10
13.0145101547,80.2238311768,54144,54154,10
13.0150995255,80.2246017456,54154,54164,10
13.01541996,80.2250823975,54164,54175,11
13.0153198242,80.2257385254,54175,54185,10
13.014840126,80.2259597778,54185,54195,10
13.0142202377,80.2262268066,54195,54205,10
13.0134000778,80.2265625,54205,54215,10
13.0123996735,80.2269363403,54215,54225,10
13.0113401413,80.2273712158,54225,54235,10
13.0102596283,80.2277832031,54235,54245,10
13.009519577,80.2277374268,54245,54255,10
13.0096502304,80.227180481,54255,54265,10
13.010020256,80.2264022827,54265,54275,10
13.0103397369,80.2255477905,54275,54285,10
13.0105800629,80.2250213623,54285,54296,11
13.0108203888,80.2244796753,54296,54306,10
13.0112104416,80.2236785889,54306,54316,10
13.0111398697,80.2231063843,54316,54326,10
13.0105304718,80.2227935791,54326,54336,10
13.0097703934,80.2223815918,54336,54346,10
13.0089502335,80.2219161987,54346,54356,10
13.0080604553,80.2214431763,54356,54366,10
13.0071496964,80.2209777832,54366,54376,10
13.0062198639,80.2205810547,54376,54386,10
13.005200386,80.2203598022,54386,54396,10
13.0046396255,80.2202224731,54396,54406,10
13.0045099258,80.220199585,54406,54417,11
13.0039396286,80.2200698853,54417,54427,10
13.0031204224,80.219871521,54427,54437,10
13.0023002625,80.2193603516,54437,54447,10
13.0015897751,80.2186126709,54447,54457,10
13.0008096695,80.2180786133,54457,54467,10
13.0000495911,80.2176208496,54467,54477,10
12.9991703033,80.2171020508,54477,54487,10
12.9982299805,80.2166519165,54487,54497,10
12.9973897934,80.2165222168,54497,54507,10
12.9972496033,80.2165222168,54507,54517,10
12.9968900681,80.2165374756,54517,54527,10
12.9963102341,80.2165985107,54527,54538,11
12.9950895309,80.217010498,54538,54558,20
12.9950895309,80.217010498,54558,54568,10
12.9949703217,80.2170791626,54568,54578,10
12.9947595596,80.2172470093,54578,54588,10
12.9942998886,80.2175979614,54588,54598,10
12.9937000275,80.2180099487,54598,54608,10
12.9930200577,80.2184524536,54608,54618,10
12.9922504425,80.2190093994,54618,54628,10
12.9914503098,80.2196273804,54628,54637,9
12.9908800125,80.2200775146,54637,54655,18
12.9905900955,80.2202835083,54655,54667,12
12.990070343,80.2206726074,54667,54677,10
12.9894800186,80.221321106,54677,54687,10
12.9890403748,80.2220001221,54687,54696,9
12.9885101318,80.2226028442,54696,54707,11
12.9876699448,80.2231216431,54707,54717,10
12.9876098633,80.2230987549,54717,54727,10
12.9875001907,80.2230682373,54727,54737,10
12.9870500565,80.2230300903,54737,54747,10
12.986579895,80.2229690552,54747,54757,10
12.9859399796,80.2229766846,54757,54767,10
12.9854402542,80.2232894897,54767,54777,10
12.9847898483,80.2230911255,54777,54788,11
12.9840402603,80.2226715088,54788,54798,10
12.9836301804,80.222442627,54798,54808,10
12.9832696915,80.2221984863,54808,54818,10
12.9832496643,80.2221832275,54818,54828,10
12.9832000732,80.2220535278,54828,54838,10
12.9830703735,80.2220077515,54838,54848,10
12.9825696945,80.2219085693,54848,54858,10
12.9820203781,80.2216033936,54858,54868,10
12.9811897278,80.2211990356,54868,54878,10
12.9803304672,80.2211074829,54878,54888,10
12.97935009,80.2211685181,54888,54899,11
12.9781599045,80.2212371826,54899,54909,10
12.9771299362,80.2212905884,54909,54919,10
12.9763002396,80.221282959,54919,54929,10
12.9760799408,80.2214431763,54929,54939,10
12.9763803482,80.2217636108,54939,54959,20
12.9763803482,80.2217636108,54959,54969,10
12.9764499664,80.2220077515,54969,54979,10
12.9766998291,80.2224197388,54979,54989,10
12.9771299362,80.2230834961,54989,54999,10
12.977640152,80.2238769531,54999,55009,10
12.9781503677,80.2246704102,55009,55020,11
12.9785804749,80.2253417969,55020,55030,10
12.9786195755,80.2253799438,55030,55040,10
12.9788103104,80.2256622314,55040,55050,10
12.9791202545,80.2262420654,55050,55060,10
12.9795398712,80.2269515991,55060,55070,10
12.9800300598,80.2277526855,55070,55080,10
12.9805297852,80.2286300659,55080,55090,10
12.9809799194,80.2294311523,55090,55100,10
12.9815101624,80.2302322388,55100,55110,10
12.9816799164,80.2304992676,55110,55120,10
12.9817199707,80.2305908203,55120,55130,10
12.9818496704,80.23097229,55130,55141,11
12.9819803238,80.2317428589,55141,55151,10
12.9819202423,80.2325820923,55151,55161,10
12.9816703796,80.2333602905,55161,55171,10
12.9815998077,80.2334976196,55171,55181,10
12.9815702438,80.2335510254,55181,55191,10
12.9813499451,80.2339324951,55191,55201,10
12.9811897278,80.23462677,55201,55211,10
12.9812097549,80.2353973389,55211,55221,10
12.9812402725,80.2363204956,55221,55231,10
12.9812698364,80.2373428345,55231,55241,10
12.9812602997,80.2386779785,55241,55262,21
12.9812602997,80.2386779785,55262,55272,10
12.9812297821,80.2387924194,55272,55282,10
12.9812202454,80.2392425537,55282,55292,10
12.9812498093,80.2399520874,55292,55302,10
12.9812602997,80.2407836914,55302,55312,10
12.9812402725,80.2417831421,55312,55322,10
12.9812698364,80.2425231934,55322,55342,20
12.9812698364,80.2425231934,55342,55352,10
12.9812698364,80.2426376343,55352,55362,10
12.981300354,80.2429275513,55362,55371,9
12.9813299179,80.2434463501,55371,55383,12
12.9812002182,80.244430542,55383,55393,10
12.9810695648,80.2454299927,55393,55403,10
12.9809703827,80.2465209961,55403,55413,10
12.9808797836,80.2476577759,55413,55423,10
12.980799675,80.2488327026,55423,55433,10
12.9806995392,80.2496566772,55433,55443,10
12.9805297852,80.2504501343,55443,55453,10
12.9803199768,80.2512130737,55453,55463,10
12.9801597595,80.2518997192,55463,55473,10
12.9800796509,80.2521820068,55473,55483,10
12.9799804688,80.2523880005,55483,55494,11
12.9799404144,80.2525787354,55494,55504,10
12.9797897339,80.2527999878,55504,55514,10
12.9792499542,80.2527618408,55514,55524,10
12.9786300659,80.2526626587,55524,55534,10
12.9785900116,80.2526321411,55534,55544,10
12.9784097672,80.2525177002,55544,55554,10
12.9779701233,80.2521591187,55554,55564,10
12.9773197174,80.2516021729,55564,55574,10
12.976360321,80.2512283325,55574,55584,10
12.9753303528,80.2509307861,55584,55594,10
12.9742298126,80.2506103516,55594,55603,9
12.9731798172,80.2502975464,55603,55615,12
12.9725503922,80.2501373291,55615,55625,10
12.9722700119,80.2500534058,55625,55635,10
12.9716997147,80.2498931885,55635,55645,10
12.9707603455,80.2496414185,55645,55655,10
12.9697999954,80.2493591309,55655,55665,10
12.9687299728,80.2489089966,55665,55675,10
12.9675998688,80.2484664917,55675,55685,10
12.9665899277,80.2480163574,55685,55695,10
12.9656801224,80.2476119995,55695,55705,10
12.9651699066,80.2474212646,55705,55715,10
12.9651403427,80.2474136353,55715,55725,10
12.9649200439,80.2472991943,55725,55735,10
12.9644098282,80.2471008301,55735,55745,10
12.9636697769,80.2468338013,55745,55756,11
12.9627304077,80.2463607788,55756,55766,10
12.9617500305,80.2458877563,55766,55776,10
12.9607496262,80.2454071045,55776,55786,10
12.9597797394,80.2449874878,55786,55796,10
12.9593095779,80.2447967529,55796,55806,10
12.9593000412,80.2447967529,55806,55816,10
12.9591503143,80.2446975708,55816,55826,10
12.9586801529,80.244468689,55826,55836,10
12.9580001831,80.244178772,55836,55845,9
12.9574403763,80.2439575195,55845,55857,12
12.9565696716,80.2436599731,55857,55907,50
12.9565696716,80.2436599731,55907,55917,10
12.9562902451,80.2435379028,55917,55927,10
12.9558000565,80.243309021,55927,55937,10
12.9550600052,80.2429885864,55937,55947,10
12.9541797638,80.2425994873,55947,55957,10
12.9531898499,80.2421875,55957,55967,10
12.9521799088,80.2418212891,55967,55978,11
12.9515895844,80.2416229248,55978,55988,10
12.9515800476,80.2416229248,55988,55998,10
12.9512500763,80.2415084839,55998,56008,10
12.9506397247,80.2413024902,56008,56018,10
12.9499197006,80.2410583496,56018,56028,10
12.9490003586,80.2407836914,56028,56038,10
12.9480199814,80.2403793335,56038,56048,10
12.9471902847,80.2400436401,56048,56058,10
12.9470901489,80.2399978638,56058,56068,10
12.9470100403,80.2399597168,56068,56078,10
12.9465904236,80.2397994995,56078,56088,10
12.9459495544,80.2395172119,56088,56099,11
12.9451599121,80.2390823364,56099,56109,10
12.9444799423,80.2383728027,56109,56119,10
12.9437599182,80.2374801636,56119,56129,10
12.9428796768,80.2367401123,56129,56139,10
12.9418096542,80.236328125,56139,56149,10
12.9406900406,80.2360534668,56149,56159,10
12.9398603439,80.2358398438,56159,56169,10
12.9398097992,80.2358169556,56169,56179,10
12.9397802353,80.2358093262,56179,56189,10
12.939450264,80.2356719971,56189,56199,10
12.9388799667,80.2353591919,56199,56209,10
12.9380998611,80.2349624634,56209,56220,11
12.9370603561,80.2344589233,56220,56230,10
12.9360704422,80.2340011597,56230,56240,10
12.9355096817,80.2337112427,56240,56250,10
12.9348802567,80.2334289551,56250,56260,10
12.9341201782,80.2331085205,56260,56270,10
12.9340000153,80.2330474854,56270,56280,10
12.933839798,80.232963562,56280,56290,10
12.9333600998,80.2327270508,56290,56300,10
12.9326200485,80.2324295044,56300,56310,10
12.9317102432,80.2321395874,56310,56320,10
12.9305896759,80.2317504883,56320,56330,10
12.9294996262,80.2314834595,56330,56341,11
12.9282302856,80.2312316895,56341,56351,10
12.9270401001,80.2310791016,56351,56361,10
12.9261598587,80.2310028076,56361,56371,10
12.9261302948,80.2310028076,56371,56381,10
12.9260196686,80.231010437,56381,56391,10
12.9255199432,80.2309112549,56391,56401,10
12.9248199463,80.2308197021,56401,56411,10
12.9239902496,80.2307281494,56411,56421,10
12.9229602814,80.2305831909,56421,56431,10
12.9218397141,80.2304000854,56431,56441,10
12.9206695557,80.2302322388,56441,56452,11
12.9194202423,80.2301177979,56452,56462,10
12.9191198349,80.2300720215,56462,56472,10
12.9189300537,80.2300262451,56472,56482,10
12.918419838,80.2299575806,56482,56492,10
12.9176101685,80.2298431396,56492,56502,10
12.9165697098,80.2296829224,56502,56512,10
12.9154596329,80.2295227051,56512,56522,10
12.9143600464,80.2293701172,56522,56532,10
12.9134597778,80.2293014526,56532,56542,10
12.9133195877,80.2292480469,56542,56552,10
12.913189888,80.2292022705,56552,56562,10
12.9127597809,80.229133606,56562,56573,11
12.9124202728,80.2290802002,56573,56583,10
12.911860466,80.2289886475,56583,56593,10
12.9110803604,80.2288894653,56593,56603,10
12.9100999832,80.2287521362,56603,56613,10
12.9090003967,80.2285690308,56613,56623,10
12.9078798294,80.2284011841,56623,56633,10
12.9069004059,80.2282867432,56633,56643,10
12.9067296982,80.228302002,56643,56653,10
12.9066801071,80.2282867432,56653,56663,10
12.9063796997,80.2282485962,56663,56673,10
12.9062700272,80.2282485962,56673,56683,10
12.9059696198,80.2282333374,56683,56694,11
12.9052400589,80.2282333374,56694,56704,10
12.904299736,80.2281723022,56704,56714,10
12.9032001495,80.2281112671,56714,56724,10
12.9021501541,80.2280502319,56724,56734,10
12.9011001587,80.228012085,56734,56764,30
12.9011001587,80.228012085,56764,56774,10
12.9008197784,80.2279586792,56774,56784,10
12.9001502991,80.2279205322,56784,56794,10
12.8992099762,80.2278900146,56794,56825,31
12.8992099762,80.2278900146,56825,56835,10
12.8987998962,80.2278137207,56835,56845,10
12.8981199265,80.2277679443,56845,56855,10
12.8972196579,80.227722168,56855,56865,10
12.8961400986,80.2276763916,56865,56875,10
12.8949899673,80.2276306152,56875,56885,10
12.8938302994,80.2275619507,56885,56895,10
12.8930797577,80.2274780273,56895,56905,10
12.8929395676,80.2274627686,56905,56915,10
12.8924198151,80.2273864746,56915,56925,10
12.8916101456,80.2273483276,56925,56936,11
12.8904800415,80.2273788452,56936,56946,10
12.8893604279,80.2273712158,56946,56956,10
12.8884496689,80.2273712158,56956,56966,10
12.8883895874,80.2273712158,56966,56976,10
12.8883495331,80.2273635864,56976,56986,10
12.8879299164,80.2273101807,56986,56996,10
12.8872098923,80.2272033691,56996,57006,10
12.8862695694,80.2269973755,57006,57016,10
12.8852500916,80.2267608643,57016,57026,10
12.8848199844,80.2267303467,57026,57036,10
12.8848104477,80.2267379761,57036,57045,9
12.8844900131,80.2267379761,57045,57057,12
12.883649826,80.2267379761,57057,57067,10
12.8826599121,80.2267532349,57067,57077,10
12.8815002441,80.2267608643,57077,57087,10
12.8803195953,80.2267608643,57087,57097,10
12.8790998459,80.2267913818,57097,57107,10
12.8778600693,80.2268676758,57107,57117,10
12.8767204285,80.2269592285,57117,57127,10
12.8764400482,80.2268371582,57127,57137,10
12.8764400482,80.2265701294,57137,57147,10
12.8764400482,80.2265625,57147,57157,10
12.8764801025,80.2264709473,57157,57167,10
12.876540184,80.2259902954,57167,57178,11
12.8766202927,80.2250976563,57178,57188,10
12.8767404556,80.2240905762,57188,57198,10
12.8769702911,80.2229537964,57198,57208,10
12.877240181,80.2217712402,57208,57218,10
12.8775100708,80.2205581665,57218,57228,10
12.877790451,80.2193374634,57228,57238,10
12.8780498505,80.2181167603,57238,57248,10
12.8782701492,80.2169570923,57248,57258,10
12.8783798218,80.2164382935,57258,57268,10
12.8784799576,80.2159576416,57268,57278,10
12.8786401749,80.215171814,57278,57288,10
12.8788499832,80.2141418457,57288,57299,11
12.8790903091,80.2128829956,57299,57309,10
12.8793096542,80.2117233276,57309,57319,10
12.8793201447,80.2110137939,57319,57329,10
12.8789796829,80.2109298706,57329,57349,20
12.8789796829,80.2109298706,57349,57359,10
12.8788404465,80.2109222412,57359,57369,10
12.8783998489,80.2108306885,57369,57379,10
12.8778095245,80.2107162476,57379,57389,10
12.8771896362,80.2106018066,57389,57399,10
12.8764896393,80.2104568481,57399,57409,10
12.8757295609,80.2103271484,57409,57420,11
12.8744897842,80.2100982666,57420,57460,40
12.8744897842,80.2100982666,57460,57470,10
12.8744001389,80.2100982666,57470,57480,10
12.8743600845,80.2098770142,57480,57490,10
12.8745603561,80.2095489502,57490,57500,10
12.8746404648,80.2097625732,57500,58121,621
12.8746404648,80.2097625732,58121,58132,11
12.8746299744,80.2098388672,58132,58482,350
12.8745603561,80.2097320557,58482,59055,573
12.8745603561,80.2097320557,59055,59065,10
12.8746700287,80.2100296021,59065,59085,20
12.8746700287,80.2100296021,59085,59095,10
12.8747596741,80.2101516724,59095,59106,11
12.8750600815,80.2102127075,59106,59116,10
12.8756399155,80.2103424072,59116,59126,10
12.8762197495,80.2104721069,59126,59136,10
12.8769197464,80.2105865479,59136,59146,10
12.8775701523,80.2107162476,59146,59156,10
12.877869606,80.2107772827,59156,59166,10
12.8784303665,80.2108917236,59166,59176,10
12.8793001175,80.2110671997,59176,59216,40
12.8793001175,80.2110671997,59216,59227,11
12.8794898987,80.2111968994,59227,59237,10
12.8794403076,80.2116317749,59237,59247,10
12.8792896271,80.2123184204,59247,59257,10
12.879119873,80.2131576538,59257,59267,10
12.8789396286,80.2141265869,59267,59277,10
12.8787403107,80.2151565552,59277,59287,10
12.8784999847,80.2162017822,59287,59297,10
12.8782997131,80.2172393799,59297,59307,10
12.878080368,80.2183074951,59307,59317,10
12.8778400421,80.2193832397,59317,59327,10
12.8775997162,80.2204284668,59327,59338,11
12.8773298264,80.221572876,59338,59348,10
12.8770999908,80.2226028442,59348,59358,10
12.8768701553,80.2236328125,59358,59368,10
12.8766899109,80.2246627808,59368,59378,10
12.8765802383,80.225692749,59378,59388,10
12.876449585,80.2265625,59388,59398,10
12.8767204285,80.2268981934,59398,59418,20
12.8767204285,80.2268981934,59418,59428,10
12.8768100739,80.2269210815,59428,59438,10
12.8771600723,80.2268600464,59438,59448,10
12.8779602051,80.2268295288,59448,59459,11
12.8790197372,80.2267608643,59459,59469,10
12.8801403046,80.2267227173,59469,59479,10
12.881310463,80.2266998291,59479,59489,10
12.8824796677,80.2266769409,59489,59499,10
12.883649826,80.2266616821,59499,59509,10
12.8851699829,80.2266616821,59509,59529,20
12.8851699829,80.2266616821,59529,59539,10
12.8853302002,80.2266616821,59539,59549,10
12.8857803345,80.2267684937,59549,59559,10
12.8865203857,80.2269973755,59559,59569,10
12.8874597549,80.2272033691,59569,59580,11
12.8893604279,80.2272567749,59580,59600,20
12.8893604279,80.2272567749,59600,59610,10
12.8896799088,80.2272796631,59610,59620,10
12.8903303146,80.2273025513,59620,59630,10
12.8911399841,80.2273101807,59630,59640,10
12.8921098709,80.2273101807,59640,59650,10
12.8929300308,80.2273864746,59650,59660,10
12.8938398361,80.2274932861,59660,59670,10
12.8940696716,80.2275238037,59670,59680,10
12.8943796158,80.2275695801,59680,59690,10
12.8950500488,80.2276000977,59690,59701,11
12.8960399628,80.2276306152,59701,59711,10
12.8971595764,80.227722168,59711,59721,10
12.8983402252,80.2278137207,59721,59731,10
12.8995199203,80.2278671265,59731,59741,10
12.9008102417,80.2279129028,59741,59781,40
12.9008102417,80.2279129028,59781,59791,10
12.9007701874,80.2278900146,59791,59801,10
12.9012403488,80.2280197144,59801,59810,9
12.9018096924,80.2279663086,59810,59822,12
12.903260231,80.2279968262,59822,59842,20
12.903260231,80.2279968262,59842,59852,10
12.9035997391,80.2280426025,59852,59862,10
12.9043197632,80.2281036377,59862,59872,10
12.9052600861,80.2281723022,59872,59882,10
12.9062004089,80.2281570435,59882,59892,10
12.9068899155,80.2282562256,59892,59902,10
12.9069595337,80.2282714844,59902,59912,10
12.9070997238,80.2282867432,59912,59922,10
12.9076499939,80.2283630371,59922,59932,10
12.9085302353,80.2285308838,59932,59943,11
12.9097204208,80.2287063599,59943,59953,10
12.9108800888,80.2289123535,59953,59963,10
12.9120397568,80.229057312,59963,59973,10
12.9131402969,80.2291793823,59973,59983,10
12.9140195847,80.2293319702,59983,60003,20
12.9140195847,80.2293319702,60003,60013,10
12.9143695831,80.2295379639,60013,60023,10
12.9148797989,80.2295608521,60023,60033,10
12.9156398773,80.229598999,60033,60042,9
12.9164600372,80.2297210693,60042,60053,11
12.917599678,80.2298736572,60053,60064,11
12.9187602997,80.2300186157,60064,60074,10
12.9192800522,80.2300262451,60074,60084,10
12.9193696976,80.2300186157,60084,60094,10
12.9198799133,80.2301025391,60094,60104,10
12.9206600189,80.2302017212,60104,60114,10
12.92166996,80.2303466797,60114,60124,10
12.9227800369,80.2305374146,60124,60134,10
12.9238796234,80.2306671143,60134,60144,10
12.9250001907,80.2308120728,60144,60154,10
12.9261302948,80.2309112549,60154,60164,10
12.9264202118,80.2309417725,60164,60175,11
12.9266195297,80.2309570313,60175,60185,10
12.9272098541,80.2310409546,60185,60195,10
12.9280099869,80.2311325073,60195,60205,10
12.9290103912,80.2313079834,60205,60215,10
12.9300699234,80.2315673828,60215,60225,10
12.9311704636,80.2319030762,60225,60235,10
12.9322500229,80.2322387695,60235,60245,10
12.9332103729,80.2325820923,60245,60255,10
12.9336795807,80.2327880859,60255,60265,10
12.933719635,80.2328262329,60265,60275,10
12.9340801239,80.2329406738,60275,60285,10
12.9347696304,80.2332611084,60285,60296,11
12.9356498718,80.2336807251,60296,60306,10
12.9358100891,80.233757019,60306,60316,10
12.9361896515,80.2339324951,60316,60326,10
12.9368495941,80.2342529297,60326,60336,10
12.9376897812,80.2346725464,60336,60346,10
12.9386196136,80.2351379395,60346,60356,10
12.939740181,80.2356719971,60356,60376,20
12.939740181,80.2356719971,60376,60386,10
12.9398603439,80.2356872559,60386,60396,10
12.9403800964,80.2358932495,60396,60406,10
12.9411001205,80.2360916138,60406,60417,11
12.9419202805,80.2363128662,60417,60427,10
12.942779541,80.236618042,60427,60437,10
12.9435901642,80.2372589111,60437,60447,10
12.9443302155,80.2380523682,60447,60457,10
12.9450902939,80.2388687134,60457,60467,10
12.9460496902,80.2395019531,60467,60477,10
12.9472703934,80.2399978638,60477,60507,30
12.9472703934,80.2399978638,60507,60517,10
12.9474897385,80.2400970459,60517,60526,9
12.9479103088,80.240272522,60526,60538,12
12.9484395981,80.2405014038,60538,60548,10
12.9488401413,80.2406311035,60548,60558,10
12.9494400024,80.2408676147,60558,60568,10
12.9502401352,80.2411422729,60568,60578,10
12.950920105,80.2413101196,60578,60588,10
12.9509801865,80.241317749,60588,60598,10
12.9512395859,80.2414321899,60598,60608,10
12.9518098831,80.2416534424,60608,60618,10
12.9525699615,80.2419281006,60618,60628,10
12.9534902573,80.2422790527,60628,60638,10
12.9543895721,80.2426300049,60638,60648,10
12.9550800323,80.2429199219,60648,60659,11
12.9558401108,80.2431793213,60659,60669,10
12.9563703537,80.243309021,60669,60689,20
12.9563703537,80.243309021,60689,60699,10
12.956609726,80.2433624268,60699,60709,10
12.9571199417,80.2436676025,60709,60719,10
12.9578695297,80.2440490723,60719,60729,10
12.9587001801,80.2443695068,60729,60739,10
12.9588804245,80.2444610596,60739,60749,10
12.9590902328,80.2445602417,60749,60759,10
12.9596004486,80.2447814941,60759,60769,10
12.9603204727,80.2451171875,60769,60780,11
12.9612703323,80.2455673218,60780,60790,10
12.9622802734,80.2460784912,60790,60800,10
12.9633102417,80.24659729,60800,60810,10
12.9642601013,80.2470321655,60810,60820,10
12.9650802612,80.2473373413,60820,60830,10
12.9658603668,80.2475967407,60830,60840,10
12.9664802551,80.2478179932,60840,60850,10
12.9665403366,80.247833252,60850,60860,10
12.9666204453,80.2478790283,60860,60870,10
12.9667901993,80.2479629517,60870,60879,9
12.9668197632,80.2479782104,60879,60890,11
12.9671802521,80.2481689453,60890,60901,11
12.9679002762,80.2484664917,60901,60911,10
12.9687900543,80.248840332,60911,60921,10
12.9697999954,80.2492599487,60921,60931,10
12.9709100723,80.2496185303,60931,60941,10
12.9720497131,80.2499237061,60941,60951,10
12.9731502533,80.2501983643,60951,60961,10
12.9742603302,80.2505111694,60961,60971,10
12.97453022,80.2505722046,60971,60981,10
12.9745702744,80.2506027222,60981,60991,10
12.9749803543,80.2507324219,60991,61001,10
12.9756603241,80.2508926392,61001,61012,11
12.9767303467,80.2512283325,61012,61022,10
12.9777097702,80.2517471313,61022,61032,10
12.9786100388,80.2524337769,61032,61042,10
12.9788999557,80.2525405884,61042,61052,10
12.9790296555,80.252571106,61052,61062,10
12.9795503616,80.2526016235,61062,61072,10
12.9799404144,80.2524108887,61072,61082,10
12.9799499512,80.2522735596,61082,61092,10
12.9800300598,80.2519073486,61092,61102,10
12.9802503586,80.2512588501,61102,61112,10
12.980509758,80.2503814697,61112,61122,10
12.9807195663,80.2493362427,61122,61132,10
12.9808301926,80.2482223511,61132,61143,11
12.9809103012,80.2469711304,61143,61153,10
12.9810400009,80.2457809448,61153,61163,10
12.9811697006,80.2445907593,61163,61173,10
12.9812803268,80.2436676025,61173,61183,10
12.9813804626,80.2433013916,61183,61193,10
12.9813995361,80.2427062988,61193,61223,30
12.9813995361,80.2427062988,61223,61233,10
12.9813699722,80.2422409058,61233,61243,10
12.9813899994,80.2415237427,61243,61254,11
12.9813899994,80.2406005859,61254,61264,10
12.9813604355,80.2397079468,61264,61274,10
12.9813098907,80.238899231,61274,61284,10
12.9812803268,80.2380599976,61284,61294,10
12.981300354,80.2379302979,61294,61304,10
12.981300354,80.2378768921,61304,61314,10
12.9812898636,80.2374725342,61314,61324,10
12.9812698364,80.2367401123,61324,61334,10
12.9812202454,80.2358016968,61334,61344,10
12.9811897278,80.2347793579,61344,61354,10
12.9814195633,80.2338027954,61354,61364,10
12.9816398621,80.2333908081,61364,61375,11
12.9817199707,80.2332077026,61375,61385,10
12.9819097519,80.2327728271,61385,61395,10
12.9819898605,80.2321472168,61395,61405,10
12.9819602966,80.2315597534,61405,61415,10
12.9818096161,80.231010437,61415,61425,10
12.9814996719,80.2303771973,61425,61435,10
12.981089592,80.2296981812,61435,61445,10
12.9808502197,80.2293624878,61445,61455,10
12.9807300568,80.2291793823,61455,61465,10
12.9806995392,80.2291030884,61465,61475,10
12.9806003571,80.2289276123,61475,61486,11
12.9803304672,80.2284622192,61486,61496,10
12.980099678,80.2279815674,61496,61506,10
12.9797096252,80.2273178101,61506,61516,10
12.9793100357,80.2266387939,61516,61526,10
12.9788799286,80.2259597778,61526,61536,10
12.9784698486,80.2253036499,61536,61546,10
12.9781799316,80.2248687744,61546,61556,10
12.9779996872,80.2246017456,61556,61566,10
12.9778003693,80.2243118286,61566,61576,10
12.9777297974,80.2241821289,61576,61586,10
12.9775600433,80.2238388062,61586,61596,10
12.9771299362,80.2232513428,61596,61607,11
12.9769601822,80.2229537964,61607,61617,10
12.976940155,80.2228012085,61617,61627,10
12.977230072,80.2227020264,61627,61647,20
12.977230072,80.2227020264,61647,61657,10
12.9773197174,80.2227478027,61657,61667,10
12.9774904251,80.2231674194,61667,61677,10
12.9774799347,80.2220306396,61677,61687,10
12.9773397446,80.2217407227,61687,61697,10
12.9775400162,80.2213516235,61697,61707,10
12.9779901505,80.2211303711,61707,61717,10
12.9785995483,80.2211837769,61717,61728,11
12.9796800613,80.2211380005,61728,61738,10
12.980629921,80.2210617065,61738,61748,10
12.9814395905,80.2212677002,61748,61758,10
12.982049942,80.2216110229,61758,61768,10
12.9826602936,80.2219085693,61768,61778,10
12.9830799103,80.2220306396,61778,61788,10
12.9831199646,80.222038269,61788,61798,10
12.9834899902,80.222328186,61798,61808,10
12.9841899872,80.2227401733,61808,61818,10
12.9847803116,80.2230987549,61818,61828,10
12.9854297638,80.2233200073,61828,61838,10
12.9858798981,80.2229766846,61838,61849,11
12.9863395691,80.2229003906,61849,61859,10
12.9863700867,80.2229766846,61859,61869,10
12.9868202209,80.2229995728,61869,61879,10
12.9872598648,80.2230300903,61879,61889,10
12.9878902435,80.2230529785,61889,61899,10
12.9886102676,80.2225723267,61899,61909,10
12.9891395569,80.2218475342,61909,61919,10
12.9896602631,80.2209701538,61919,61929,10
12.9900798798,80.2203674316,61929,61939,10
12.9908399582,80.2201080322,61939,61959,20
12.9908399582,80.2201080322,61959,61970,11
12.9912595749,80.2197265625,61970,61980,10
12.9914102554,80.219619751,61980,61990,10
12.9916095734,80.2194671631,61990,62000,10
12.9920101166,80.2191314697,62000,62010,10
12.9928302765,80.2186203003,62010,62030,20
12.9938402176,80.2170791626,62030,62040,10
12.9944095612,80.2174301147,62040,62050,10
12.9947500229,80.2171936035,62050,62060,10
12.9951095581,80.2169494629,62060,62070,10
12.9955301285,80.2168197632,62070,62080,10
12.9962797165,80.216583252,62080,62091,11
12.997130394,80.2164611816,62091,62101,10
12.9973897934,80.2162094116,62101,62111,10
12.9974899292,80.2161636353,62111,62121,10
12.9976797104,80.2160263062,62121,62131,10
12.9982004166,80.2154922485,62131,62141,10
12.9989795685,80.2146606445,62141,62151,10
12.9991998672,80.2145767212,62151,62161,10
12.9993696213,80.2144775391,62161,62201,40
13.0018100739,80.212097168,62201,62212,11
13.0021896362,80.2117233276,62212,62222,10
13.0027503967,80.2106399536,62222,62242,20
13.0033102036,80.2121200562,62242,62252,10
13.0037202835,80.2118377686,62252,62262,10
13.0037298203,80.2114562988,62262,62272,10
13.003660202,80.2107467651,62272,62282,10
13.0035495758,80.2099685669,62282,62292,10
13.0035600662,80.2092666626,62292,62302,10
13.0039100647,80.208656311,62302,62312,10
13.004650116,80.2090682983,62312,62323,11
13.0055999756,80.2093200684,62323,62333,10
13.0062303543,80.2095870972,62333,62343,10
13.0068101883,80.209777832,62343,62353,10
13.0070400238,80.2098770142,62353,62363,10
13.0070400238,80.2099685669,62363,62373,10
13.0069704056,80.2098922729,62373,62383,10
13.0072097778,80.2098999023,62383,62393,10
13.0077104568,80.2098617554,62393,62403,10
13.0079097748,80.2098770142,62403,62413,10
13.0080795288,80.2097625732,62413,62423,10
13.0082998276,80.2095718384,62423,62474,51
13.0075502396,80.2049713135,62474,62484,10
13.007519722,80.2039794922,62484,62494,10
13.0073699951,80.2030715942,62494,62504,10
13.0068998337,80.2023010254,62504,62514,10
13.0065603256,80.2031478882,62514,62524,10
13.0070104599,80.2036132813,62524,62534,10
13.0074396133,80.203742981,62534,62544,10
13.0082798004,80.2038803101,62544,62554,10
13.009469986,80.2037734985,62554,62565,11
13.0108804703,80.2038269043,62565,62575,10
13.0121498108,80.2039108276,62575,62585,10
13.0133800507,80.2042236328,62585,62595,10
13.0143499374,80.2047271729,62595,62605,10
13.0138101578,80.2044830322,62605,62615,10
13.0137996674,80.204460144,62615,62625,10
13.013759613,80.204460144,62625,62635,10
13.0135698318,80.2048034668,62635,62645,10
13.0133695602,80.205329895,62645,62655,10
13.0131597519,80.2060928345,62655,62665,10
13.013010025,80.2070617676,62665,62675,10
13.0129499435,80.2077102661,62675,62686,11
13.0129203796,80.2082595825,62686,62696,10
13.0129003525,80.2086791992,62696,62706,10
13.0129404068,80.2091903687,62706,62716,10
13.0130596161,80.2094802856,62716,62726,10
13.0131998062,80.2100219727,62726,62736,10
13.0130996704,80.2106399536,62736,62746,10
13.0128297806,80.2113189697,62746,62756,10
13.0124101639,80.2121276855,62756,62766,10
13.0119104385,80.2127838135,62766,62776,10
13.0117702484,80.2128601074,62776,62786,10
13.0114803314,80.2126235962,62786,62796,10
13.0108699799,80.2121429443,62796,62807,11
13.0100698471,80.2115020752,62807,62887,80
13.0100698471,80.2115020752,62887,62897,10
13.0097999573,80.2113189697,62897,62907,10
13.0097198486,80.211227417,62907,62928,21
13.0097198486,80.211227417,62928,62938,10
13.0095901489,80.2112426758,62938,62998,60
13.0095901489,80.2112426758,62998,63008,10
13.00963974,80.2112731934,63008,63018,10
13.0096302032,80.2113418579,63018,63027,9
13.0097198486,80.2112503052,63027,63089,62
13.0097198486,80.2112503052,63089,63099,10
13.00963974,80.2112503052,63099,63109,10
13.0099201202,80.2112808228,63109,63119,10
13.0094995499,80.2113113403,63119,63129,10
13.0097303391,80.2110671997,63129,63139,10
13.0096502304,80.2110290527,63139,63149,10
13.0096998215,80.2110214233,63149,63160,11
13.0097198486,80.2110290527,63160,63170,10
13.0096702576,80.2110977173,63170,63180,10
13.0096902847,80.2110214233,63180,63190,10
13.0095701218,80.2111129761,63190,63200,10
13.0092096329,80.2113571167,63200,63210,10
13.009180069,80.2114105225,63210,63220,10
13.0091199875,80.2114181519,63220,63230,10
13.0090999603,80.2115707397,63230,63240,10
13.009059906,80.2116622925,63240,63250,10
13.0093002319,80.2114562988,63250,63260,10
13.0093002319,80.2113571167,63260,63270,10
13.0094203949,80.2112121582,63270,63311,41
13.0095701218,80.2110366821,63311,63331,20
13.0095701218,80.2110366821,63331,63341,10
13.0095100403,80.2111206055,63341,63351,10
13.0095596313,80.2110977173,63351,63361,10
13.0098600388,80.2108535767,63361,63402,41
13.0094404221,80.2112426758,63402,63412,10
13.0094604492,80.2111816406,63412,63422,10
13.009519577,80.2109680176,63422,63543,121
13.009519577,80.2109680176,63543,63553,10
13.0092201233,80.2110290527,63553,63563,10
13.0089902878,80.2109222412,63563,63573,10
13.0086898804,80.2107696533,63573,63583,10
13.0084400177,80.2106170654,63583,63593,10
13.0082902908,80.2105407715,63593,63603,10
13.0081195831,80.2105178833,63603,63613,10
13.008020401,80.2105102539,63613,63623,10
13.0096302032,80.2110977173,63623,63644,21
13.0096302032,80.2110977173,63644,63654,10
13.0095701218,80.2108612061,63654,63664,10
13.0092802048,80.2113113403,63664,63674,10
13.0090904236,80.211479187,63674,63684,10
13.0090799332,80.2115631104,63684,63694,10
13.00922966,80.2117919922,63694,63704,10
13.0093002319,80.2124633789,63704,63714,10
13.009469986,80.2131195068,63714,63724,10
13.0097303391,80.2137908936,63724,63734,10
13.0100002289,80.2144012451,63734,63744,10
13.0102100372,80.2152023315,63744,63755,11
13.0103998184,80.2160263062,63755,63765,10
13.0107603073,80.2168807983,63765,63775,10
13.0111703873,80.2179718018,63775,63785,10
13.0115404129,80.219078064,63785,63795,10
13.0119600296,80.2203063965,63795,63805,10
13.012430191,80.2212982178,63805,63815,10
13.0127401352,80.2216415405,63815,63825,10
13.0131797791,80.2214813232,63825,63835,10
13.0136604309,80.2230834961,63835,63845,10
13.0141401291,80.223739624,63845,63855,10
13.0145998001,80.2244186401,63855,63864,9
13.0148801804,80.2246627808,63864,63876,12
13.0150403976,80.2248382568,63876,63886,10
13.0153799057,80.2252197266,63886,63896,10
13.0155096054,80.2257766724,63896,63906,10
13.0150604248,80.2259902954,63906,63916,10
13.0144500732,80.2260513306,63916,63926,10
13.0136699677,80.2263565063,63926,63936,10
13.0126399994,80.2268066406,63936,63946,10
13.0115804672,80.2271881104,63946,63956,10
13.0105199814,80.2275009155,63956,63966,10
13.00963974,80.2276000977,63966,63976,10
13.0092697144,80.2272567749,63976,63985,9
13.00963974,80.2270889282,63985,63997,12
13.0102596283,80.2261581421,63997,64007,10
13.0109796524,80.2247009277,64007,64017,10
13.0116300583,80.2234573364,64017,64037,20
13.0108995438,80.2229614258,64037,64047,10
13.0102796555,80.2225799561,64047,64057,10
13.0095901489,80.2220916748,64057,64067,10
13.0086803436,80.2215805054,64067,64077,10
13.007809639,80.2211074829,64077,64087,10
13.0069198608,80.2205200195,64087,64097,10
13.0059204102,80.2200775146,64097,64107,10
13.004699707,80.2202224731,64107,64118,11
13.0038499832,80.2200622559,64118,64128,10
13.0030403137,80.2198867798,64128,64138,10
13.002409935,80.219543457,64138,64148,10
13.0018196106,80.2190322876,64148,64158,10
13.0012903214,80.218460083,64158,64168,10
13.000869751,80.2180786133,64168,64178,10
13.0004301071,80.2177505493,64178,64188,10
12.9992704391,80.2172164917,64188,64198,10
12.9982995987,80.216796875,64198,64208,10
12.9976797104,80.2165527344,64208,64218,10
12.9974603653,80.2164764404,64218,64229,11
12.997209549,80.216468811,64229,64239,10
12.9968900681,80.2164611816,64239,64249,10
12.9965295792,80.216506958,64249,64259,10
12.9963998795,80.2165985107,64259,64269,10
12.9960203171,80.2166519165,64269,64279,10
12.995639801,80.2167816162,64279,64289,10
12.9954795837,80.2168121338,64289,64299,10
12.9952898026,80.2169113159,64299,64309,10
12.9950704575,80.2170715332,64309,64319,10
12.9949598312,80.2171325684,64319,64329,10
12.994720459,80.2173309326,64329,64339,10
12.994310379,80.217666626,64339,64350,11
12.9938497543,80.2179718018,64350,64360,10
12.9932098389,80.2183837891,64360,64370,10
12.9925699234,80.2188186646,64370,64380,10
12.9919500351,80.2192764282,64380,64390,10
12.9916000366,80.2195510864,64390,64400,10
12.9912500381,80.2197418213,64400,64410,10
12.9908800125,80.2200012207,64410,64420,10
12.9907398224,80.2201766968,64420,64430,10
12.9907398224,80.2204437256,64430,64440,10
12.9905099869,80.2205276489,64440,64450,10
12.9900598526,80.220916748,64450,64460,10
12.9895496368,80.2213973999,64460,64471,11
12.9890804291,80.2219924927,64471,64481,10
12.9885797501,80.2224731445,64481,64491,10
12.9876203537,80.2230300903,64491,64511,20
12.9876203537,80.2230300903,64511,64521,10
12.9874296188,80.2230377197,64521,64531,10
12.9869499207,80.2229995728,64531,64541,10
12.9865102768,80.22290802,64541,64551,10
12.9860296249,80.2229003906,64551,64561,10
12.9855003357,80.2231903076,64561,64571,10
12.9850196838,80.2231521606,64571,64581,10
12.9844102859,80.2228012085,64581,64592,11
12.9836797714,80.2224578857,64592,64602,10
12.9832897186,80.2221679688,64602,64612,10
12.98320961,80.2221221924,64612,64622,10
12.9831695557,80.2220535278,64622,64632,10
12.9829597473,80.2219161987,64632,64642,10
12.9827404022,80.2218322754,64642,64652,10
12.9822797775,80.2216567993,64652,64662,10
12.9818897247,80.2212677002,64662,64672,10
12.9811000824,80.2210464478,64672,64682,10
12.9804401398,80.2210235596,64682,64692,10
12.979590416,80.2211227417,64692,64703,11
12.9786100388,80.2211532593,64703,64713,10
12.9777002335,80.2211608887,64713,64723,10
12.9770298004,80.2211990356,64723,64733,10
12.9762802124,80.2211914063,64733,64743,10
12.9762096405,80.2217712402,64743,64763,20
12.9762096405,80.2217712402,64763,64773,10
12.9763002396,80.2217788696,64773,64783,10
12.9764003754,80.2219314575,64783,64793,10
12.9765701294,80.2223129272,64793,64803,10
12.9769897461,80.2229003906,64803,64812,9
12.9774904251,80.2234802246,64812,64824,12
12.9780797958,80.2244720459,64824,64834,10
12.97838974,80.2251205444,64834,64844,10
12.9784898758,80.2253189087,64844,64854,10
12.9785499573,80.2253494263,64854,64864,10
12.9788799286,80.2258834839,64864,64874,10
12.9792299271,80.2265319824,64874,64884,10
12.9794998169,80.2269668579,64884,64894,10
12.9798803329,80.2275924683,64894,64904,10
12.9803199768,80.2283401489,64904,64914,10
12.9808101654,80.2291488647,64914,64924,10
12.9812402725,80.2298965454,64924,64934,10
12.9816904068,80.2305297852,64934,64945,11
12.9817800522,80.2306900024,64945,64955,10
12.9818201065,80.2308425903,64955,64965,10
12.9819297791,80.2313079834,64965,64975,10
12.9820203781,80.2319793701,64975,64985,10
12.9819803238,80.2324905396,64985,64995,10
12.9817495346,80.2332229614,64995,65005,10
12.9815502167,80.2335891724,65005,65015,10
12.9814996719,80.2337036133,65015,65025,10
12.9813699722,80.2340164185,65025,65035,10
12.9812698364,80.2345504761,65035,65045,10
12.9812898636,80.2354888916,65045,65055,10
12.981300354,80.2366027832,65055,65066,11
12.9812602997,80.2377471924,65066,65076,10
12.981300354,80.2379837036,65076,65086,10
12.9813098907,80.2384414673,65086,65096,10
12.9813098907,80.2386779785,65096,65106,10
12.9813098907,80.2387619019,65106,65116,10
12.981300354,80.2391967773,65116,65126,10
12.9813203812,80.2397079468,65126,65136,10
12.9813995361,80.2403411865,65136,65146,10
12.9813699722,80.2412414551,65146,65156,10
12.9814100266,80.2415008545,65156,65166,10
12.9813995361,80.2418670654,65166,65175,9
12.9813995361,80.2421875,65175,65187,12
12.9813995361,80.2422180176,65187,65197,10
12.9813804626,80.2423629761,65197,65207,10
12.9813804626,80.2426605225,65207,65217,10
12.9813699722,80.2428207397,65217,65227,10
12.9813699722,80.242980957,65227,65237,10
12.9813699722,80.2434463501,65237,65247,10
12.9812698364,80.2442016602,65247,65257,10
12.9811496735,80.2451705933,65257,65267,10
12.9810304642,80.2462310791,65267,65277,10
12.980919838,80.2473373413,65277,65287,10
12.9808397293,80.2484588623,65287,65297,10
12.9807300568,80.2494888306,65297,65308,11
12.980509758,80.2505111694,65308,65318,10
12.9802303314,80.2515182495,65318,65328,10
12.9799098969,80.2525863647,65328,65348,20
12.9799098969,80.2525863647,65348,65358,10
12.9798402786,80.2527694702,65358,65368,10
12.9793395996,80.2527389526,65368,65378,10
12.9786100388,80.2526092529,65378,65388,10
12.9784803391,80.2525405884,65388,65398,10
12.9781904221,80.2523117065,65398,65408,10
12.9776296616,80.2518005371,65408,65419,11
12.9766197205,80.2512588501,65419,65429,10
12.9754896164,80.2509307861,65429,65439,10
12.974360466,80.2506103516,65439,65449,10
12.9732303619,80.2503128052,65449,65459,10
12.9721698761,80.250038147,65459,65469,10
12.9710502625,80.24974823,65469,65479,10
12.9699201584,80.2494277954,65479,65489,10
12.9687995911,80.2489776611,65489,65499,10
12.9676399231,80.2485275269,65499,65509,10
12.9667196274,80.2480392456,65509,65519,10
12.9659900665,80.2477035522,65519,65529,10
12.9651899338,80.2474212646,65529,65540,11
12.9650402069,80.2473678589,65540,65550,10
12.9649000168,80.2473297119,65550,65560,10
12.9644498825,80.2471389771,65560,65570,10
12.9637098312,80.2468566895,65570,65580,10
12.9628696442,80.2464599609,65580,65590,10
12.9619398117,80.2459793091,65590,65600,10
12.9611101151,80.2455596924,65600,65610,10
12.9602203369,80.2451477051,65610,65620,10
12.9595499039,80.2448883057,65620,65630,10
12.9594802856,80.2448577881,65630,65640,10
12.9593000412,80.2447433472,65640,65650,10
12.9587402344,80.244468689,65650,65661,11
12.9579200745,80.244140625,65661,65671,10
12.9573202133,80.243927002,65671,65681,10
12.9566698074,80.2436904907,65681,65691,10
12.9564199448,80.2436523438,65691,65711,20
12.9564199448,80.2436523438,65711,65721,10
12.956199646,80.243522644,65721,65731,10
12.955619812,80.2432403564,65731,65741,10
12.9548597336,80.2428970337,65741,65751,10
12.9539604187,80.2425308228,65751,65760,9
12.9532604218,80.2422332764,65760,65771,11
12.9523096085,80.241859436,65771,65782,11
12.9517698288,80.2417068481,65782,65792,10
12.9516601563,80.2416534424,65792,65802,10
12.9511499405,80.2414627075,65802,65812,10
12.9503602982,80.2412033081,65812,65822,10
12.9494600296,80.2409286499,65822,65832,10
12.9486703873,80.2406387329,65832,65842,10
12.9477901459,80.2402801514,65842,65852,10
12.9473304749,80.2401123047,65852,65862,10
12.9473199844,80.2400894165,65862,65872,10
12.9470596313,80.239982605,65872,65882,10
12.9464998245,80.2397613525,65882,65893,11
12.9456701279,80.239402771,65893,65903,10
12.9449300766,80.2388763428,65903,65913,10
12.9442195892,80.2381210327,65913,65923,10
12.9435396194,80.237411499,65923,65933,10
12.9434204102,80.2372817993,65933,65943,10
12.9433803558,80.2372131348,65943,65953,10
12.9431295395,80.2369537354,65953,65963,10
12.9425096512,80.2365875244,65963,65973,10
12.9415998459,80.2362976074,65973,65983,10
12.9406604767,80.2360610962,65983,65993,10
12.9397697449,80.2357711792,65993,66002,9
12.9395198822,80.2356719971,66002,66014,12
12.939499855,80.2356414795,66014,66024,10
12.939160347,80.2354736328,66024,66034,10
12.9384899139,80.2351379395,66034,66044,10
12.937620163,80.2347335815,66044,66054,10
12.9366798401,80.2342834473,66054,66064,10
12.9359397888,80.2339401245,66064,66074,10
12.9358301163,80.2338790894,66074,66084,10
12.9354095459,80.2336807251,66084,66094,10
12.9346599579,80.2333374023,66094,66104,10
12.9339199066,80.2330322266,66104,66123,19
12.9339199066,80.2330322266,66123,66135,12
12.9338502884,80.2329483032,66135,66145,10
12.9335803986,80.2328033447,66145,66155,10
12.9329395294,80.2325515747,66155,66165,10
12.9320297241,80.2322235107,66165,66175,10
12.9309396744,80.2318496704,66175,66185,10
12.9297599792,80.231552124,66185,66195,10
12.9285697937,80.2313079834,66195,66205,10
12.927359581,80.2311325073,66205,66215,10
12.9262895584,80.2310180664,66215,66225,10
12.9260101318,80.231010437,66225,66235,10
12.925860405,80.2309875488,66235,66245,10
12.925330162,80.2309112549,66245,66256,11
12.9244604111,80.230796814,66256,66266,10
12.92345047,80.230682373,66266,66276,10
12.9223098755,80.2304992676,66276,66286,10
12.9211101532,80.2303237915,66286,66296,10
12.9198799133,80.230178833,66296,66306,10
12.9190301895,80.2300796509,66306,66316,10
12.9190101624,80.2300796509,66316,66326,10
12.9186401367,80.2300186157,66326,66336,10
12.9179201126,80.229927063,66336,66346,10
12.9170799255,80.2298202515,66346,66356,10
12.9162597656,80.2296905518,66356,66367,11
12.9151496887,80.2295379639,66367,66377,10
12.9140701294,80.2294006348,66377,66387,10
12.9132900238,80.229309082,66387,66397,10
12.9132604599,80.2292861938,66397,66407,10
12.9129896164,80.2292404175,66407,66417,10
12.9123401642,80.229133606,66417,66427,10
12.9113998413,80.2289886475,66427,66437,10
12.9103097916,80.2288208008,66437,66447,10
12.9091796875,80.2286529541,66447,66457,10
12.908080101,80.2284698486,66457,66467,10
12.9072799683,80.2283706665,66467,66477,10
12.9068098068,80.2283401489,66477,66488,11
12.9062995911,80.2282714844,66488,66498,10
12.9062204361,80.2282485962,66498,66499,1
12.9061899185,80.2282409668,66499,66518,19
12.9049100876,80.2281723022,66518,66528,10
12.9038600922,80.2281036377,66528,66538,10
12.9027500153,80.2280502319,66538,66548,10
12.9017601013,80.2279968262,66548,66558,10
12.9012498856,80.228012085,66558,66568,10
12.9011497498,80.2280197144,66568,66578,10
12.9010295868,80.228012085,66578,66588,10
12.9007301331,80.2279434204,66588,66598,10
12.9003000259,80.2278900146,66598,66609,11
12.8996095657,80.2278823853,66609,66619,10
12.8991699219,80.2278671265,66619,66629,10
12.8991603851,80.2278594971,66629,66639,10
12.8991203308,80.2278518677,66639,66649,10
12.8990402222,80.2278366089,66649,66659,10
12.8987903595,80.2278213501,66659,66669,10
12.8981800079,80.2277832031,66669,66679,10
12.8973398209,80.2277297974,66679,66689,10
12.8964004517,80.2276763916,66689,66699,10
12.8953800201,80.2276382446,66699,66709,10
12.8943595886,80.2275924683,66709,66720,11
12.8933296204,80.2275009155,66720,66730,10
12.8925695419,80.2274017334,66730,66740,10
12.8919401169,80.2273635864,66740,66750,10
12.8910503387,80.2273406982,66750,66760,10
12.8900299072,80.2273483276,66760,66770,10
12.8890895844,80.2273406982,66770,66780,10
12.8885402679,80.2273635864,66780,66790,10
12.8884601593,80.2273635864,66790,66800,10
12.8882198334,80.2273483276,66800,66810,10
12.8876399994,80.2272796631,66810,66820,10
12.8869600296,80.2271499634,66820,66830,10
12.8861198425,80.2269515991,66830,66839,9
12.8853998184,80.2267608643,66839,66851,12
12.8848304749,80.2266998291,66851,66861,10
12.8842096329,80.2266998291,66861,66871,10
12.8832998276,80.2267074585,66871,66881,10
12.8822002411,80.2267227173,66881,66891,10
12.8810501099,80.2267303467,66891,66901,10
12.8798904419,80.2267532349,66901,66911,10
12.8787002563,80.2267913818,66911,66921,10
12.8775100708,80.2268600464,66921,66931,10
12.8765697479,80.2269363403,66931,66941,10
12.8763799667,80.2265396118,66941,66962,21
12.8763799667,80.2265396118,66962,66972,10
12.8763904572,80.2264175415,66972,66982,10
12.8764400482,80.2260665894,66982,66992,10
12.8764696121,80.2256164551,66992,67002,10
12.8765497208,80.2248382568,67002,67012,10
12.876660347,80.2240066528,67012,67022,10
12.8767795563,80.223487854,67022,67032,10
12.8769302368,80.2228393555,67032,67042,10
12.877120018,80.2220535278,67042,67052,10
12.8773298264,80.2211532593,67052,67062,10
12.8775396347,80.2202529907,67062,67072,10
12.8777599335,80.2192306519,67072,67083,11
12.8779802322,80.2182312012,67083,67093,10
12.8781404495,80.2174606323,67093,67103,10
12.8782997131,80.2166366577,67103,67113,10
12.8784399033,80.2160110474,67113,67123,10
12.8786096573,80.2152404785,67123,67133,10
12.878780365,80.2144012451,67133,67143,10
12.8789396286,80.2135620117,67143,67153,10
12.8790903091,80.2127609253,67153,67163,10
12.879240036,80.2119522095,67163,67173,10
12.8793201447,80.2115020752,67173,67183,10
12.879360199,80.2110977173,67183,67193,10
12.8790502548,80.2109375,67193,67214,21
12.8790502548,80.2109375,67214,67224,10
12.8788995743,80.210899353,67224,67234,10
12.8785800934,80.2108078003,67234,67244,10
12.8782196045,80.2107391357,67244,67254,10
12.8777599335,80.210647583,67254,67264,10
12.877240181,80.2105636597,67264,67274,10
12.8768596649,80.2104797363,67274,67284,10
12.8764801025,80.2104034424,67284,67294,10
12.8760595322,80.2103271484,67294,67304,10
12.8755998611,80.2102432251,67304,67315,11
12.875120163,80.2101593018,67315,67325,10
12.8746700287,80.2100906372,67325,67345,20
12.8746700287,80.2100906372,67345,67355,10
12.8745298386,80.210067749,67355,67365,10
12.8743400574,80.2099609375,67365,67375,10
12.8743801117,80.2096176147,67375,67385,10
12.8747396469,80.2096405029,67385,67405,20
12.8747396469,80.2096405029,67405,67415,10
12.8746700287,80.2099075317,67415,67496,81
12.8746700287,80.2099075317,67496,67506,10
12.8748703003,80.2101669312,67506,67515,9
12.8751802444,80.2102203369,67515,67526,11
12.8756599426,80.210319519,67526,67536,10
12.8760499954,80.2103805542,67536,67546,10
12.8763599396,80.2104415894,67546,67557,11
12.8767700195,80.2105331421,67557,67567,10
12.8770599365,80.2105865479,67567,67577,10
12.8774299622,80.2106628418,67577,67587,10
12.8777999878,80.2107086182,67587,67597,10
12.8782396317,80.2108078003,67597,67607,10
12.8786401749,80.2108688354,67607,67617,10
12.8792104721,80.2109985352,67617,67647,30
12.8792104721,80.2109985352,67647,67657,10
12.8793201447,80.2110366821,67657,67667,10
12.8794298172,80.2111968994,67667,67678,11
12.8793697357,80.2115478516,67678,67688,10
12.8792695999,80.212020874,67688,67698,10
12.8791704178,80.2125473022,67698,67708,10
12.8790397644,80.2132415771,67708,67718,10
12.8789300919,80.2138214111,67718,67728,10
12.8788003922,80.2144622803,67728,67738,10
12.878660202,80.2151489258,67738,67748,10
12.8784999847,80.2158584595,67748,67758,10
12.878370285,80.2164993286,67758,67768,10
12.8782396317,80.2171936035,67768,67778,10
12.8780899048,80.2179412842,67778,67787,9
12.8779401779,80.2186813354,67787,67799,12
12.877699852,80.2197418213,67799,67809,10
12.8774900436,80.2206268311,67809,67819,10
12.8772802353,80.221572876,67819,67829,10
12.8770704269,80.2225112915,67829,67839,10
12.8768501282,80.2234573364,67839,67849,10
12.8766803741,80.224319458,67849,67859,10
12.8765802383,80.2251434326,67859,67869,10
12.8765096664,80.2258911133,67869,67879,10
12.8763999939,80.2266616821,67879,67910,31
12.8763999939,80.2266616821,67910,67920,10
12.8764200211,80.2267608643,67920,67930,10
12.8764400482,80.2268218994,67930,67940,10
12.8766098022,80.2268371582,67940,67950,10
12.8770103455,80.2267990112,67950,67960,10
12.8777399063,80.2267379761,67960,67970,10
12.8786697388,80.2266769409,67970,67980,10
12.8796901703,80.2266387939,67980,67990,10
12.88078022,80.2266311646,67990,68000,10
12.8818597794,80.2266235352,68000,68010,10
12.8829298019,80.2266082764,68010,68020,10
12.8838596344,80.2266082764,68020,68031,11
12.88463974,80.2265930176,68031,68041,10
12.8850698471,80.2266082764,68041,68051,10
12.8851900101,80.2266387939,68051,68061,10
12.8856801987,80.2267379761,68061,68071,10
12.8864002228,80.2269363403,68071,68081,10
12.887049675,80.2270889282,68081,68091,10
12.8877296448,80.2271881104,68091,68101,10
12.8884401321,80.2272415161,68101,68111,10
12.888589859,80.2272567749,68111,68121,10
12.8890304565,80.2272720337,68121,68131,10
12.8897895813,80.2272720337,68131,68141,10
12.8907003403,80.2272720337,68141,68152,11
12.8914604187,80.2272415161,68152,68172,20
12.8914604187,80.2272415161,68172,68182,10
12.8916101456,80.2272415161,68182,68192,10
12.8919696808,80.2272567749,68192,68202,10
12.8924503326,80.2273025513,68202,68212,10
12.8930301666,80.2273712158,68212,68222,10
12.8936395645,80.2274627686,68222,68232,10
12.8940200806,80.2274932861,68232,68242,10
12.8941602707,80.2275009155,68242,68252,10
12.8946800232,80.2275390625,68252,68262,10
12.8954601288,80.2275695801,68262,68273,11
12.8965101242,80.2276229858,68273,68283,10
12.8975696564,80.2276763916,68283,68293,10
12.8985004425,80.2277374268,68293,68303,10
12.8991603851,80.2277832031,68303,68313,10
12.899889946,80.2278213501,68313,68323,10
12.9005203247,80.2278366089,68323,68394,71
12.9005203247,80.2278366089,68394,68404,10
12.900850296,80.2278366089,68404,68414,10
12.9013004303,80.2278823853,68414,68424,10
12.9019403458,80.2279129028,68424,68434,10
12.9026098251,80.2279281616,68434,68444,10
12.9030504227,80.2279129028,68444,68464,20
12.9030504227,80.2279129028,68464,68474,10
12.9034404755,80.2279434204,68474,68484,10
12.9041204453,80.2279968262,68484,68494,10
12.9049501419,80.2280502319,68494,68505,11
12.9058198929,80.2280883789,68505,68515,10
12.9062995911,80.2281188965,68515,68525,10
12.9066801071,80.2281570435,68525,68535,10
12.9068698883,80.228187561,68535,68545,10
12.9070396423,80.2282485962,68545,68555,10
12.9075403214,80.2283172607,68555,68565,10
12.9083204269,80.2284393311,68565,68575,10
12.9093599319,80.2285995483,68575,68585,10
12.910490036,80.2287826538,68585,68595,10
12.9114103317,80.2289199829,68595,68605,10
12.9122200012,80.2290420532,68605,68615,10
12.9128599167,80.2291412354,68615,68626,11
12.913479805,80.2292327881,68626,68636,10
12.9141902924,80.2292785645,68636,68656,20
12.9141902924,80.2292785645,68656,68666,10
12.9145097733,80.2293167114,68666,68676,10
12.9151697159,80.2294387817,68676,68686,10
12.9160804749,80.2295837402,68686,68696,10
12.917140007,80.2297286987,68696,68706,10
12.9182300568,80.2298812866,68706,68716,10
12.9191598892,80.2299880981,68716,68726,10
12.9201602936,80.2301025391,68726,68736,10
12.9212999344,80.2302322388,68736,68747,11
12.9225196838,80.2304229736,68747,68757,10
12.9236698151,80.2305831909,68757,68767,10
12.9248504639,80.2307281494,68767,68777,10
12.9261198044,80.2308731079,68777,68797,20
12.9261198044,80.2308731079,68797,68807,10
12.9262599945,80.2308807373,68807,68827,20
12.9262599945,80.2308807373,68827,68837,10
12.9266004562,80.2309188843,68837,68847,10
12.9272499084,80.231010437,68847,68857,10
12.9280796051,80.2311096191,68857,68868,11
12.9287996292,80.2312316895,68868,68878,10
12.9294996262,80.2313766479,68878,68888,10
12.9302902222,80.2315597534,68888,68898,10
12.931189537,80.2318267822,68898,68908,10
12.932100296,80.2321395874,68908,68918,10
12.9329795837,80.2324295044,68918,68928,10
12.9334897995,80.2326583862,68928,68938,10
12.9335203171,80.232673645,68938,68948,10
12.9335803986,80.2327194214,68948,68958,10
12.933930397,80.2328872681,68958,68967,9
12.9345197678,80.2331466675,68967,68979,12
12.9354696274,80.233581543,68979,68989,10
12.9362602234,80.2339706421,68989,68999,10
12.9371299744,80.2343673706,68999,69009,10
12.9381198883,80.2348632813,69009,69019,10
12.9391002655,80.2353363037,69019,69029,10
12.9394397736,80.2355117798,69029,69039,10
12.9394903183,80.2355422974,69039,69049,10
12.9395198822,80.2355575562,69049,69059,10
12.9396295547,80.2356185913,69059,69069,10
12.939740181,80.2356796265,69069,69079,10
12.940199852,80.2358627319,69079,69089,10
12.9409103394,80.236038208,69089,69100,11
12.9419002533,80.2362670898,69100,69110,10
12.942899704,80.236656189,69110,69120,10
12.9436197281,80.2372589111,69120,69130,10
12.9436903,80.2373199463,69130,69140,10
12.9439096451,80.2376098633,69140,69150,10
12.9443798065,80.2381515503,69150,69160,10
12.9449901581,80.238822937,69160,69170,10
12.9458503723,80.2393875122,69170,69180,10
12.9472398758,80.2399368286,69180,69200,20
12.9472398758,80.2399368286,69200,69210,10
12.9475603104,80.2400665283,69210,69221,11
12.948220253,80.2403488159,69221,69231,10
12.9486598969,80.2405319214,69231,69241,10
12.948679924,80.2405395508,69241,69251,10
12.9487104416,80.2405776978,69251,69261,10
12.9490699768,80.2407073975,69261,69271,10
12.9497203827,80.2409210205,69271,69281,10
12.950510025,80.2411499023,69281,69291,10
12.951089859,80.241317749,69291,69301,10
12.9511003494,80.2413330078,69301,69311,10
12.9512996674,80.2414093018,69311,69321,10
12.9515600204,80.2415390015,69321,69331,10
12.9521398544,80.2417373657,69331,69342,11
12.9530096054,80.2420730591,69342,69352,10
12.953789711,80.2423706055,69352,69362,10
12.9542999268,80.2425765991,69362,69372,10
12.9549598694,80.2428436279,69372,69382,10
12.9560499191,80.2432098389,69382,69392,10
12.9561004639,80.2432174683,69392,69442,50
12.9561004639,80.2432174683,69442,69451,9
12.9565000534,80.2433700562,69451,69463,12
12.9571504593,80.2436828613,69463,69473,10
12.9578800201,80.2440185547,69473,69483,10
12.958609581,80.2443313599,69483,69493,10
12.9589099884,80.2444610596,69493,69503,10
12.9590301514,80.2445373535,69503,69513,10
12.9595098495,80.2447662354,69513,69523,10
12.9602003098,80.2450790405,69523,69533,10
12.9610700607,80.2454833984,69533,69543,10
12.9620399475,80.2459487915,69543,69553,10
12.9626903534,80.2462463379,69553,69563,10
12.9628896713,80.2463378906,69563,69574,11
12.9633398056,80.2465591431,69574,69584,10
12.9638996124,80.2468185425,69584,69594,10
12.9646396637,80.2470932007,69594,69604,10
12.9654998779,80.2473907471,69604,69614,10
12.9662799835,80.2477035522,69614,69624,10
12.9668197632,80.2479171753,69624,69634,10
12.9668598175,80.2479476929,69634,69644,10
12.9669399261,80.2479934692,69644,69654,10
12.9673204422,80.2481689453,69654,69664,10
12.9680099487,80.2484588623,69664,69674,10
12.9688596725,80.2488021851,69674,69684,10
12.9698801041,80.2491989136,69684,69695,11
12.9710798264,80.2496337891,69695,69705,10
12.9722099304,80.2499237061,69705,69715,10
12.9733200073,80.250213623,69715,69725,10
12.9742202759,80.2504196167,69725,69735,10
12.974360466,80.2504501343,69735,69745,10
12.9746303558,80.2505493164,69745,69755,10
12.9752197266,80.2507324219,69755,69765,10
12.9760303497,80.2509689331,69765,69775,10
12.9769802094,80.2512588501,69775,69785,10
12.977809906,80.2518234253,69785,69795,10
12.9786500931,80.2523880005,69795,69805,10
12.9790096283,80.2525024414,69805,69816,11
12.9793701172,80.2525024414,69816,69826,10
12.9797697067,80.2524414063,69826,69836,10
12.9798402786,80.2523727417,69836,69846,10
12.9799203873,80.2521591187,69846,69856,10
12.9799995422,80.2517166138,69856,69866,10
12.9801998138,80.2510681152,69866,69876,10
12.9804401398,80.2502288818,69876,69886,10
12.9806098938,80.2492980957,69886,69896,10
12.9806804657,80.2482833862,69896,69906,10
12.9807701111,80.2472381592,69906,69916,10
12.9808702469,80.2461090088,69916,69927,11
12.9810304642,80.2448196411,69927,69937,10
12.9811496735,80.2437820435,69937,69947,10
12.9812898636,80.2433624268,69947,69957,10
12.9812898636,80.2429122925,69957,69997,40
12.9812898636,80.2429122925,69997,70007,10
12.981300354,80.2424621582,70007,70017,10
12.9812898636,80.2419815063,70017,70027,10
12.9812803268,80.2413330078,70027,70037,10
12.9812803268,80.2407684326,70037,70048,11
12.9812698364,80.2401199341,70048,70058,10
12.9812602997,80.2399597168,70058,70068,10
12.9812602997,80.2397613525,70068,70078,10
12.9812498093,80.2396316528,70078,70088,10
12.9812297821,80.2392196655,70088,70098,10
12.9812097549,80.2387008667,70098,70108,10
12.9812002182,80.2382125854,70108,70118,10
12.9811897278,80.2378234863,70118,70138,20
12.9811897278,80.2378234863,70138,70148,10
12.9811897278,80.2376785278,70148,70158,10
12.9811697006,80.2371902466,70158,70169,11
12.9811496735,80.2363891602,70169,70179,10
12.9811296463,80.2355804443,70179,70189,10
12.9811096191,80.2346878052,70189,70199,10
12.9812002182,80.2340698242,70199,70209,10
12.9814395905,80.2335205078,70209,70219,10
12.981470108,80.2334365845,70219,70229,10
12.9815301895,80.2333068848,70229,70239,10
12.9815397263,80.2332992554,70239,70249,10
12.9816799164,80.2330093384,70249,70259,10
12.9818496704,80.2325515747,70259,70269,10
12.9818897247,80.2320327759,70269,70279,10
12.981880188,80.2315368652,70279,70290,11
12.9817695618,80.2310562134,70290,70300,10
12.9815301895,80.230506897,70300,70310,10
12.9811601639,80.2298812866,70310,70320,10
12.9809503555,80.2295379639,70320,70330,10
12.9808197021,80.2293167114,70330,70340,10
12.9807596207,80.2292022705,70340,70350,10
12.9806098938,80.2289733887,70350,70360,10
12.9805603027,80.2288970947,70360,70370,10
12.9804201126,80.2286300659,70370,70380,10
12.9802503586,80.2282714844,70380,70390,10
12.9800300598,80.227897644,70390,70400,10
12.9797096252,80.2273712158,70400,70411,11
12.9793395996,80.2267684937,70411,70421,10
12.9790897369,80.226348877,70421,70431,10
12.9789400101,80.2260971069,70431,70441,10
12.9787397385,80.2257766724,70441,70451,10
12.9785203934,80.225402832,70451,70461,10
12.9782400131,80.224937439,70461,70471,10
12.9780397415,80.2246170044,70471,70481,10
12.97797966,80.2245407104,70481,70491,10
12.9777698517,80.2243118286,70491,70501,10
12.9777402878,80.2242279053,70501,70511,10
12.9776201248,80.2240066528,70511,70522,11
12.9773197174,80.2235031128,70522,70532,10
12.9771003723,80.2231292725,70532,70542,10
12.9769897461,80.2229385376,70542,70552,10
12.9769096375,80.2227630615,70552,70562,10
12.977230072,80.222618103,70562,70582,20
12.977230072,80.222618103,70582,70592,10
12.9774904251,80.2225418091,70592,70602,10
12.9774599075,80.2221832275,70602,70612,10
12.9774303436,80.2217483521,70612,70622,10
12.9774103165,80.2212905884,70622,70632,10
12.9776296616,80.2211685181,70632,70643,11
12.9780902863,80.2211380005,70643,70653,10
12.9787302017,80.2210769653,70653,70663,10
12.9793100357,80.2210464478,70663,70673,10
12.9798803329,80.2210083008,70673,70683,10
12.9804296494,80.2209625244,70683,70693,10
12.9809103012,80.2209777832,70693,70703,10
12.981470108,80.2212371826,70703,70713,10
12.9820404053,80.2216033936,70713,70723,10
12.9826002121,80.221786499,70723,70733,10
12.9829397202,80.2219314575,70733,70743,10
12.9829998016,80.2219467163,70743,70752,9
12.9833097458,80.2221679688,70752,70794,42
12.9833097458,80.2221679688,70794,70804,10
12.9835996628,80.2223815918,70804,70814,10
12.9838695526,80.2225418091,70814,70824,10
12.9841098785,80.2226791382,70824,70834,10
12.9842395782,80.2227630615,70834,70844,10
12.9846000671,80.2229766846,70844,70854,10
12.9850797653,80.2231903076,70854,70864,10
12.9854402542,80.2231369019,70864,70874,10
12.9858903885,80.2229232788,70874,70885,11
12.9864196777,80.22290802,70885,70895,10
12.9864501953,80.2229003906,70895,70905,10
12.9866800308,80.2228927612,70905,70915,10
12.9870796204,80.2229690552,70915,70925,10
12.9875602722,80.2229995728,70925,70935,10
12.9880504608,80.2227401733,70935,70945,10
12.9885702133,80.2222976685,70945,70955,10
12.9894895554,80.2211532593,70955,70965,10
12.9894895554,80.2211532593,70965,70975,10
12.9903097153,80.2203216553,70975,70995,20
12.9903097153,80.2203216553,70995,71006,11
12.9906396866,80.2201385498,71006,71016,10
12.9912996292,80.2196502686,71016,71036,20
12.9912996292,80.2196502686,71036,71046,10
12.9914102554,80.2195129395,71046,71056,10
12.9916801453,80.219329834,71056,71066,10
12.9921398163,80.2189865112,71066,71076,10
12.9927501678,80.218536377,71076,71086,10
12.9932498932,80.2181777954,71086,71096,10
12.9937801361,80.2177963257,71096,71106,10
12.9942502975,80.2174682617,71106,71117,11
12.9947395325,80.2171020508,71117,71127,10
12.9952402115,80.216796875,71127,71137,10
12.9958000183,80.2165908813,71137,71147,10
12.9965295792,80.2164306641,71147,71157,10
12.9970903397,80.2163619995,71157,71167,10
12.9974403381,80.2160263062,71167,71187,20
12.9974403381,80.2160263062,71187,71197,10
12.9976501465,80.2158813477,71197,71207,10
12.9979896545,80.2155685425,71207,71217,10
12.9984197617,80.215171814,71217,71226,9
12.9988803864,80.2147979736,71226,71238,12
12.9992599487,80.2144699097,71238,71248,10
12.9997501373,80.2140731812,71248,71258,10
13.0001897812,80.2136688232,71258,71268,10
13.000579834,80.2133102417,71268,71278,10
13.0010995865,80.2129135132,71278,71288,10
13.0016403198,80.2125091553,71288,71298,10
13.002240181,80.2121505737,71298,71308,10
13.002820015,80.212020874,71308,71318,10
13.003370285,80.2119674683,71318,71328,10
13.0035495758,80.2118911743,71328,71338,10
13.0036201477,80.2116317749,71338,71347,9
13.0036096573,80.2110824585,71347,71359,12
13.0034999847,80.2101821899,71359,71369,10
13.0034799576,80.2094192505,71369,71379,10
13.0036401749,80.2087173462,71379,71389,10
13.004240036,80.2087020874,71389,71399,10
13.0050897598,80.2090835571,71399,71409,10
13.0059900284,80.2094192505,71409,71419,10
13.006770134,80.2096710205,71419,71429,10
13.0073204041,80.2097396851,71429,71458,29
13.0073204041,80.2097396851,71458,71469,11
13.0074796677,80.2098617554,71469,71480,11
13.0079202652,80.2099533081,71480,71490,10
13.0081396103,80.2098388672,71490,71500,10
13.0080404282,80.2093200684,71500,71510,10
13.007900238,80.2085113525,71510,71520,10
13.0077400208,80.207572937,71520,71530,10
13.0075798035,80.2067108154,71530,71540,10
13.0074796677,80.2059020996,71540,71550,10
13.0074596405,80.2050933838,71550,71560,10
13.0074596405,80.2042694092,71560,71570,10
13.0073699951,80.2034606934,71570,71580,10
13.0071697235,80.20262146,71580,71591,11
13.0065002441,80.2027206421,71591,71601,10
13.0066995621,80.2032928467,71601,71611,10
13.0072603226,80.2035827637,71611,71621,10
13.0080900192,80.203666687,71621,71631,10
13.0092096329,80.2035980225,71631,71641,10
13.0104398727,80.2035598755,71641,71651,10
13.0116100311,80.2036819458,71651,71661,10
13.012720108,80.2038726807,71661,71671,10
13.0135002136,80.2041320801,71671,71681,10
13.0136299133,80.2043914795,71681,71691,10
13.0135097504,80.2047576904,71691,71701,10
13.013420105,80.2049865723,71701,71712,11
13.0131902695,80.2056732178,71712,71722,10
13.013010025,80.2064819336,71722,71732,10
13.0129699707,80.2071304321,71732,71742,10
13.0128898621,80.2076721191,71742,71752,10
13.0128498077,80.2080993652,71752,71762,10
13.0128498077,80.208366394,71762,71772,10
13.0128698349,80.2086105347,71772,71782,10
13.0129404068,80.2091598511,71782,71792,10
13.0132102966,80.2096862793,71792,71802,10
13.0131196976,80.2102508545,71802,71812,10
13.0129404068,80.2109603882,71812,71822,10
13.0126800537,80.2114715576,71822,71833,11
13.0124197006,80.2119598389,71833,71843,10
13.0121002197,80.2124099731,71843,71853,10
13.011879921,80.2127075195,71853,71863,10
13.011639595,80.2126693726,71863,71873,10
13.011179924,80.2123718262,71873,72014,141
13.0111398697,80.2122268677,72014,72135,121
13.0111398697,80.2122268677,72135,72145,10
13.0110998154,80.2122421265,72145,72155,10
13.010840416,80.212059021,72155,72165,10
13.0104799271,80.2118301392,72165,72175,10
13.0099802017,80.211479187,72175,72609,434
13.0099802017,80.211479187,72609,72619,10
13.0097503662,80.2111968994,72619,72629,10
13.0095701218,80.2110671997,72629,72639,10
13.009349823,80.2110366821,72639,72649,10
13.0092496872,80.2111434937,72649,72658,9
13.0091695786,80.2112426758,72658,72670,12
13.0089998245,80.21144104,72670,72680,10
13.0089797974,80.2116622925,72680,72690,10
13.0090799332,80.2119827271,72690,72700,10
13.0092496872,80.2124786377,72700,72710,10
13.0094995499,80.2131500244,72710,72720,10
13.0097904205,80.2138900757,72720,72730,10
13.0100803375,80.2146987915,72730,72740,10
13.0102100372,80.215637207,72740,72750,10
13.0105895996,80.2165222168,72750,72760,10
13.0110502243,80.2174530029,72760,72770,10
13.0114603043,80.2185287476,72770,72780,10
13.0118503571,80.2196807861,72780,72791,11
13.0122203827,80.2209014893,72791,72801,10
13.0123500824,80.2214736938,72801,72811,10
13.0127296448,80.2220230103,72811,72821,10
13.0132904053,80.22265625,72821,72831,10
13.0138902664,80.2233505249,72831,72841,10
13.014380455,80.2239837646,72841,72851,10
13.0147800446,80.2244415283,72851,72861,10
13.0149803162,80.224647522,72861,72871,10
13.0151395798,80.2248001099,72871,72881,10
13.0153903961,80.2252502441,72881,72891,10
13.0152301788,80.2257614136,72891,72902,11
13.0145702362,80.22605896,72902,72912,10
13.013710022,80.2264022827,72912,72922,10
13.0128297806,80.2267608643,72922,72932,10
13.0118303299,80.2271575928,72932,72942,10
13.0107603073,80.2275924683,72942,72952,10
13.0099096298,80.2279510498,72952,72962,10
13.009180069,80.2283325195,72962,72972,10
13.0089702606,80.2291564941,72972,72982,10
13.008769989,80.2301864624,72982,72992,10
13.008600235,80.2312393188,72992,73002,10
13.0083799362,80.2323303223,73002,73012,10
13.0081796646,80.2333984375,73012,73023,11
13.008020401,80.2342529297,73023,73033,10
13.0078296661,80.2351837158,73033,73043,10
13.0076503754,80.2361526489,73043,73053,10
13.0074596405,80.2370910645,73053,73063,10
13.0073003769,80.2379608154,73063,73073,10
13.0071802139,80.2387008667,73073,73083,10
13.0070295334,80.2394866943,73083,73093,10
13.0068998337,80.2399291992,73093,73133,40
13.0068998337,80.2399291992,73133,73144,11
13.006819725,80.2401885986,73144,73154,10
13.0067501068,80.2406234741,73154,73164,10
13.0066699982,80.2414627075,73164,73174,10
13.0066795349,80.2425918579,73174,73184,10
13.0066795349,80.2434997559,73184,73194,10
13.0066699982,80.2444915771,73194,73204,10
13.0066795349,80.2453994751,73204,73214,10
13.0067195892,80.2462310791,73214,73224,10
13.0067195892,80.2470932007,73224,73234,10
13.0066900253,80.2479782104,73234,73243,9
13.0067300797,80.2487869263,73243,73254,11
13.0067501068,80.2498168945,73254,73265,11
13.0067796707,80.2509384155,73265,73275,10
13.006770134,80.2513885498,73275,73305,30
13.006770134,80.2513885498,73305,73315,10
13.0066995621,80.2515182495,73315,73325,10
13.0066099167,80.2519836426,73325,73335,10
13.0065097809,80.2527236938,73335,73345,10
13.0065097809,80.253578186,73345,73355,10
13.006529808,80.2544631958,73355,73365,10
13.0065498352,80.255027771,73365,73376,11
13.0065603256,80.2559890747,73376,73386,10
13.0065898895,80.256980896,73386,73426,40
13.0065898895,80.256980896,73426,73436,10
13.0067195892,80.2573394775,73436,73446,10
13.0065202713,80.2574996948,73446,73456,10
13.0060997009,80.2574234009,73456,73466,10
13.0056495667,80.2573394775,73466,73476,10
13.0050497055,80.2572021484,73476,73486,10
13.0042800903,80.2570266724,73486,73497,11
13.003490448,80.2568817139,73497,73507,10
13.0027999878,80.2567520142,73507,73517,10
13.0021800995,80.256652832,73517,73527,10
13.0017404556,80.2565765381,73527,73577,50
13.0017404556,80.2565765381,73577,73587,10
13.0015897751,80.2565078735,73587,73597,10
13.0011396408,80.2564697266,73597,73607,10
13.0004796982,80.256362915,73607,73618,11
12.9998998642,80.2562637329,73618,73628,10
12.999540329,80.256187439,73628,73648,20
12.999540329,80.256187439,73648,73658,10
12.9994001389,80.256149292,73658,73668,10
12.9988603592,80.256072998,73668,73678,10
12.9982204437,80.2559814453,73678,73688,10
12.9977397919,80.2560119629,73688,73699,11
12.9977197647,80.2566680908,73699,74374,675
12.9977197647,80.2566680908,74374,74384,10
12.9977397919,80.256942749,74384,74394,10
12.9975700378,80.2567977905,74394,74485,91
12.9975700378,80.2567977905,74485,74495,10
12.9975996017,80.2566070557,74495,74606,111
12.9976301193,80.2565002441,74606,74646,40
12.9976301193,80.2565002441,74646,74656,10
12.997879982,80.2566223145,74656,74666,10
12.9982299805,80.2566986084,74666,75100,434
12.9984397888,80.2568969727,75100,79961,4861
12.9982299805,80.2567367554,79961,83046,3085
12.9982404709,80.2568283081,83046,84690,1644
