13.0500097275,80.2069015503,17,78,61
13.0500001907,80.2070236206,78,502,424
13.0500001907,80.2070236206,502,512,10
13.0500602722,80.2069091797,512,1016,504
13.0500602722,80.2069091797,1016,1026,10
13.0501804352,80.2070770264,1026,2186,1160
13.0501499176,80.2069473267,2186,2236,50
13.0501098633,80.2069396973,2236,2731,495
13.0501098633,80.2069396973,2731,2741,10
13.0501403809,80.2069091797,2741,2811,70
13.0501403809,80.2069091797,2811,2821,10
13.050160408,80.2069625854,2821,5182,2361
13.0501499176,80.2069396973,5182,5444,262
13.050069809,80.206817627,5444,7260,1816
13.050069809,80.206817627,7260,7270,10
13.050330162,80.2069168091,7270,7441,171
13.0501203537,80.206817627,7441,10286,2845
13.0501003265,80.2070999146,10286,10427,141
13.0501003265,80.2070999146,10427,10437,10
13.0500602722,80.2069396973,10437,11103,666
13.0501499176,80.2070999146,11103,11415,312
13.050160408,80.2068328857,11415,14028,2613
13.050160408,80.20703125,14028,14351,323
13.0500497818,80.206741333,14351,15985,1634
13.0501499176,80.2068786621,15985,16862,877
13.0501003265,80.207069397,16862,17346,484
13.0501699448,80.2069396973,17346,17810,464
13.0501699448,80.2069396973,17810,17820,10
13.0501003265,80.2068481445,17820,18083,263
13.0501804352,80.2069168091,18083,18264,181
13.0501804352,80.2069320679,18264,18557,293
13.0502500534,80.2070388794,18557,18728,171
13.0501203537,80.207069397,18728,18890,162
13.050160408,80.2069778442,18890,19001,111
13.0502195358,80.2069778442,19001,19505,504
13.0501298904,80.2069015503,19505,20251,746
13.0501203537,80.2070236206,20251,21331,1080
13.0502300262,80.2069778442,21331,21754,423
13.0501203537,80.2070770264,21754,22521,767
13.0501203537,80.2070770264,22521,22531,10
13.0499401093,80.2069320679,22531,22541,10
13.0497903824,80.2069168091,22541,22551,10
13.0494699478,80.2068786621,22551,22602,51
13.0494699478,80.2068786621,22602,22612,10
13.0490999222,80.2069702148,22612,22854,242
13.0491399765,80.207321167,22854,22965,111
13.0491399765,80.207321167,22965,22975,10
13.0491399765,80.2074890137,22975,22985,10
13.049200058,80.2078094482,22985,22995,10
13.0493402481,80.2083282471,22995,23005,10
13.0494499207,80.209022522,23005,23015,10
13.0495796204,80.2097167969,23015,23025,10
13.049659729,80.2104415894,23025,23036,11
13.0497703552,80.2112503052,23036,23046,10
13.0498800278,80.2117996216,23046,23056,10
13.0500202179,80.2119598389,23056,23066,10
13.0505199432,80.2119827271,23066,23076,10
13.0511398315,80.212020874,23076,23087,11
13.0521802902,80.2119369507,23087,23097,10
13.0532798767,80.2116775513,23097,23107,10
13.0542402267,80.2114486694,23107,23117,10
13.0552196503,80.2113876343,23117,23127,10
13.0563097,80.21144104,23127,23137,10
13.0573997498,80.2114486694,23137,23147,10
13.0585002899,80.2114715576,23147,23158,11
13.059709549,80.211517334,23158,23168,10
13.0608100891,80.2115936279,23168,23178,10
13.0616903305,80.2116317749,23178,23188,10
13.0625696182,80.2116317749,23188,23198,10
13.0635499954,80.2115402222,23198,23208,10
13.0644397736,80.2113800049,23208,23218,10
13.0653495789,80.210899353,23218,23227,9
13.0661001205,80.2102966309,23227,23238,11
13.0669498444,80.2095184326,23238,23248,10
13.0674495697,80.208732605,23248,23257,9
13.0678501129,80.2080688477,23257,23269,12
13.0684604645,80.2070999146,23269,23279,10
13.0692901611,80.2058181763,23279,23289,10
13.0692901611,80.2058181763,23289,23299,10
13.069560051,80.205406189,23299,23309,10
13.0696601868,80.2052001953,23309,23319,10
13.0696802139,80.2048797607,23319,23329,10
13.0693101883,80.2048568726,23329,23339,10
13.0690402985,80.2052764893,23339,23350,11
13.0687503815,80.2052536011,23350,23361,11
13.0685796738,80.2051620483,23361,23371,10
13.0682401657,80.2051620483,23371,23714,343
13.0682401657,80.2051620483,23714,23724,10
13.0681600571,80.2049636841,23724,23735,11
13.0681800842,80.2049636841,23735,23745,10
13.0687503815,80.2048110962,23745,23755,10
13.0687503815,80.2048110962,23755,23765,10
13.0688495636,80.204788208,23765,23775,10
13.0690898895,80.2047424316,23775,23785,10
13.0693902969,80.2047729492,23785,23795,10
13.0696802139,80.2048187256,23795,23858,63
13.0696802139,80.2048187256,23858,23867,9
13.0697898865,80.2049026489,23867,23878,11
13.0698099136,80.2049179077,23878,23888,10
13.0698795319,80.2050323486,23888,23898,10
13.0698404312,80.2052001953,23898,23908,10
13.0696802139,80.2054519653,23908,23918,10
13.0693702698,80.2059402466,23918,23927,9
13.0690002441,80.20652771,23927,23939,12
13.0684604645,80.2073898315,23939,23950,11
13.0679197311,80.2082595825,23950,23961,11
13.0673704147,80.2090988159,23961,23971,10
13.0667695999,80.2099227905,23971,23979,8
13.0661201477,80.2104568481,23979,23991,12
13.0652599335,80.211227417,23991,24000,9
13.0648899078,80.21144104,24000,24011,11
13.0646800995,80.2115478516,24011,24020,9
13.0643701553,80.2116394043,24020,24031,11
13.0637798309,80.2117614746,24031,24041,10
13.0629196167,80.2117919922,24041,24051,10
13.062040329,80.2117767334,24051,24061,10
13.0610103607,80.2117233276,24061,24071,10
13.0599002838,80.2116928101,24071,24082,11
13.0587301254,80.2116622925,24082,24092,10
13.057849884,80.2116775513,24092,24102,10
13.0576200485,80.2116775513,24102,24112,10
13.0574598312,80.2116775513,24112,24122,10
13.0569801331,80.2116699219,24122,24132,10
13.0562801361,80.2116622925,24132,24142,10
13.0554599762,80.2116165161,24142,24152,10
13.0545301437,80.2116165161,24152,24162,10
13.0535802841,80.2117996216,24162,24172,10
13.0526199341,80.2120437622,24172,24182,10
13.0517101288,80.2121963501,24182,24193,11
13.0502195358,80.2121963501,24193,24213,20
13.0502195358,80.2121963501,24213,24223,10
13.0499296188,80.2122192383,24223,24233,10
13.0496501923,80.2122268677,24233,24243,10
13.0496397018,80.2122268677,24243,24253,10
13.049539566,80.2121887207,24253,24263,10
13.0491800308,80.2121963501,24263,24273,10
13.0485496521,80.2122192383,24273,24283,10
13.0477399826,80.2122497559,24283,24293,10
13.0467500687,80.212310791,24293,24303,10
13.0457000732,80.212348938,24303,24314,11
13.0447397232,80.212348938,24314,24344,30
13.0447397232,80.212348938,24344,24354,10
13.0445804596,80.2123794556,24354,24364,10
13.0441398621,80.2123718262,24364,24374,10
13.0434598923,80.2123718262,24374,24384,10
13.0426502228,80.2123718262,24384,24394,10
13.0418300629,80.2123794556,24394,24404,10
13.0408401489,80.2124023438,24404,24414,10
13.0397500992,80.2124023438,24414,24425,11
13.0385704041,80.2123718262,24425,24435,10
13.0379295349,80.2124023438,24435,24445,10
13.0377502441,80.212387085,24445,24455,10
13.0376796722,80.2123718262,24455,24465,10
13.0373096466,80.2123718262,24465,24475,10
13.0365600586,80.2123413086,24475,24485,10
13.0356903076,80.212348938,24485,24495,10
13.0348796844,80.2122802734,24495,24504,9
13.034119606,80.2121429443,24504,24525,21
13.034119606,80.2121429443,24525,24535,10
13.033829689,80.212097168,24535,24545,10
13.0332202911,80.2119369507,24545,24556,11
13.0323095322,80.2117767334,24556,24566,10
13.0320396423,80.2111434937,24566,24576,10
13.0320901871,80.2102432251,24576,24586,10
13.0319099426,80.209602356,24586,24596,10
13.0311698914,80.2094116211,24596,24606,10
13.0304203033,80.2091827393,24606,24615,9
13.0303497314,80.2091598511,24615,24625,10
13.0302200317,80.2091293335,24625,24636,11
13.029800415,80.2089996338,24636,24646,10
13.0295696259,80.2089385986,24646,24657,11
13.029299736,80.2088928223,24657,24667,10
13.0286903381,80.208732605,24667,24677,10
13.0278997421,80.2084732056,24677,24687,10
13.0271596909,80.2080383301,24687,24697,10
13.0263595581,80.2075576782,24697,24707,10
13.0254402161,80.2070999146,24707,24717,10
13.024479866,80.2069168091,24717,24727,10
13.0236196518,80.2066879272,24727,24737,10
13.0226202011,80.206489563,24737,24747,10
13.021490097,80.2064590454,24747,24757,10
13.0202598572,80.2064590454,24757,24773,16
13.0189599991,80.2063064575,24773,24786,13
13.018699646,80.2061920166,24786,24796,10
13.0182695389,80.2060470581,24796,24805,9
13.017490387,80.2057418823,24805,24816,11
13.016699791,80.2054367065,24816,24826,10
13.0157003403,80.2050323486,24826,24836,10
13.0146999359,80.204750061,24836,24846,10
13.0142297745,80.2045822144,24846,24856,10
13.0140399933,80.2044906616,24856,24866,10
13.0137500763,80.2044067383,24866,24876,10
13.0136003494,80.2045593262,24876,24887,11
13.013420105,80.2051315308,24887,24897,10
13.0131797791,80.2058486938,24897,24907,10
13.0130500793,80.2066802979,24907,24917,10
13.0129804611,80.2074813843,24917,24927,10
13.0128898621,80.2079162598,24927,24937,10
13.0129003525,80.2084274292,24937,24947,10
13.0129404068,80.2087783813,24947,24957,10
13.0130796432,80.2093734741,24957,24967,10
13.0132398605,80.2098388672,24967,24977,10
13.013130188,80.2105407715,24977,24987,10
13.0128898621,80.211227417,24987,24997,10
13.0124702454,80.2119369507,24997,25008,11
13.0120000839,80.2126617432,25008,25018,10
13.0117797852,80.2127838135,25018,25028,10
13.0114402771,80.2125320435,25028,25038,10
13.0108804703,80.2121429443,25038,25048,10
13.010310173,80.2116775513,25048,25058,10
13.0098400116,80.2112808228,25058,25068,10
13.0093603134,80.2109985352,25068,25098,30
13.0093603134,80.2109985352,25098,25108,10
13.0091495514,80.2112731934,25108,25119,11
13.0090198517,80.2116088867,25119,25128,9
13.0091495514,80.2120513916,25128,25139,11
13.0094099045,80.2127685547,25139,25149,10
13.0096702576,80.213432312,25149,25159,10
13.0099401474,80.2141036987,25159,25169,10
13.0101804733,80.2147903442,25169,25179,10
13.0102901459,80.2156219482,25179,25189,10
13.0106201172,80.2164230347,25189,25199,10
13.0110502243,80.2173614502,25199,25209,10
13.0114402771,80.2184829712,25209,25219,10
13.011879921,80.2197189331,25219,25230,11
13.0122995377,80.2210464478,25230,25239,9
13.0126104355,80.2218017578,25239,25250,11
13.0132198334,80.2225494385,25250,25260,10
13.0137701035,80.2231369019,25260,25270,10
13.0142803192,80.2236633301,25270,25280,10
13.0146503448,80.2241592407,25280,25290,10
13.0150003433,80.2246170044,25290,25300,10
13.0152997971,80.2249526978,25300,25310,10
13.0155200958,80.2253417969,25310,25320,10
13.0153398514,80.2257919312,25320,25330,10
13.014840126,80.2260284424,25330,25340,10
13.0141000748,80.2263412476,25340,25351,11
13.0130996704,80.2267227173,25351,25361,10
13.0120801926,80.2271270752,25361,25371,10
13.0109901428,80.2275695801,25371,25381,10
13.0099201202,80.2279510498,25381,25391,10
13.0096302032,80.2274093628,25391,25401,10
13.0099401474,80.2266998291,25401,25411,10
13.0103302002,80.2258911133,25411,25421,10
13.010720253,80.2249298096,25421,25431,10
13.0110797882,80.2239685059,25431,25441,10
13.0112800598,80.2232131958,25441,25451,10
13.0107402802,80.2228775024,25451,25462,11
13.0099096298,80.222442627,25462,25472,10
13.0090999603,80.2220230103,25472,25482,10
13.008310318,80.2215881348,25482,25492,10
13.0074901581,80.2211685181,25492,25502,10
13.0067300797,80.2207565308,25502,25512,10
13.0057601929,80.2204589844,25512,25522,10
13.0048103333,80.2202224731,25522,25532,10
13.0041103363,80.2200698853,25532,25542,10
13.003080368,80.2198028564,25542,25552,10
13.0022802353,80.2192764282,25552,25562,10
13.0016403198,80.2186203003,25562,25572,10
13.0009002686,80.2181091309,25572,25583,11
13.0001096725,80.2175979614,25583,25593,10
12.9993600845,80.2171401978,25593,25603,10
12.9985303879,80.2167510986,25603,25613,10
12.9976797104,80.2165374756,25613,25623,10
12.9975500107,80.2165374756,25623,25633,10
12.997420311,80.2165298462,25633,25643,10
12.997179985,80.2165374756,25643,25653,10
12.9967603683,80.2165527344,25653,25663,10
12.9961299896,80.2166366577,25663,25673,10
12.9954004288,80.2168731689,25673,25682,9
12.9948196411,80.2172470093,25682,25694,12
12.9941301346,80.2177734375,25694,25704,10
12.993470192,80.2182235718,25704,25714,10
12.9927196503,80.21875,25714,25724,10
12.991979599,80.2192993164,25724,25734,10
12.991399765,80.2195892334,25734,25744,10
12.9910097122,80.2194366455,25744,25754,10
12.990819931,80.2193527222,25754,25764,10
12.9903001785,80.2191619873,25764,25774,10
12.9895401001,80.2189102173,25774,25784,10
12.9886703491,80.2185974121,25784,25794,10
12.9878101349,80.2183837891,25794,25804,10
12.9872598648,80.2183074951,25804,25815,11
12.9872398376,80.2182998657,25815,25825,10
12.9870004654,80.2182617188,25825,25835,10
12.9864997864,80.2181015015,25835,25845,10
12.9857397079,80.217918396,25845,25855,10
12.9847803116,80.2179031372,25855,25865,10
12.9840297699,80.2179412842,25865,25875,10
12.9839200974,80.2179489136,25875,25885,10
12.9835395813,80.217956543,25885,25895,10
12.9828901291,80.217956543,25895,25905,10
12.9820604324,80.2179718018,25905,25915,10
12.9811096191,80.2181396484,25915,25926,11
12.9801301956,80.2184829712,25926,25936,10
12.9794902802,80.21875,25936,25946,10
12.9788799286,80.21900177,25946,25956,10
12.9784297943,80.2191925049,25956,25966,10
12.9777498245,80.2194671631,25966,25976,10
12.9769296646,80.2198181152,25976,25986,10
12.9760398865,80.2202224731,25986,25996,10
12.9756097794,80.2205200195,25996,26006,10
12.9755496979,80.2207565308,26006,26016,10
12.9756202698,80.2208786011,26016,26026,10
12.9757099152,80.2209625244,26026,26036,10
12.9758701324,80.2211074829,26036,26047,11
12.976360321,80.2217102051,26047,26077,30
12.976360321,80.2217102051,26077,26087,10
12.9764099121,80.2218399048,26087,26097,10
12.9766101837,80.2222366333,26097,26107,10
12.9769802094,80.2227401733,26107,26127,20
12.9769802094,80.2227401733,26127,26137,10
12.9770698547,80.22290802,26137,26147,10
12.977230072,80.2231826782,26147,26158,11
12.9775600433,80.2236862183,26158,26168,10
12.97797966,80.224357605,26168,26178,10
12.9784402847,80.2251281738,26178,26188,10
12.9789199829,80.2259292603,26188,26198,10
12.9794197083,80.2267608643,26198,26208,10
12.9799203873,80.2275772095,26208,26218,10
12.9804201126,80.2284164429,26218,26228,10
12.9808797836,80.2292175293,26228,26238,10
12.9813604355,80.2299575806,26238,26248,10
12.9817495346,80.2305374146,26248,26258,10
12.9817895889,80.2306213379,26258,26268,10
12.9819202423,80.2309799194,26268,26279,11
12.982049942,80.2316436768,26279,26289,10
12.9820404053,80.232383728,26289,26299,10
12.9818201065,80.2331237793,26299,26309,10
12.9815998077,80.2336120605,26309,26318,9
12.9815797806,80.2336273193,26318,26329,11
12.9814100266,80.2339477539,26329,26339,10
12.9812297821,80.2346496582,26339,26349,10
12.9812498093,80.235496521,26349,26359,10
12.9812803268,80.2364807129,26359,26369,10
12.9813098907,80.2374725342,26369,26379,10
12.9813203812,80.2383422852,26379,26390,11
12.9813404083,80.2388000488,26390,26400,10
12.9813299179,80.2389678955,26400,26410,10
12.9813203812,80.239440918,26410,26420,10
12.9813499451,80.2400894165,26420,26430,10
12.9813604355,80.2408676147,26430,26440,10
12.9813699722,80.2417297363,26440,26450,10
12.9813899994,80.2424621582,26450,26460,10
12.9813804626,80.2428588867,26460,26470,10
12.9813804626,80.2429580688,26470,26480,10
12.9813804626,80.2434005737,26480,26490,10
12.9813098907,80.2440872192,26490,26500,10
12.9812002182,80.2449569702,26500,26511,11
12.9810695648,80.2460021973,26511,26521,10
12.9809799194,80.2470169067,26521,26531,10
12.9808998108,80.2481231689,26531,26541,10
12.9808197021,80.249206543,26541,26551,10
12.9806499481,80.250213623,26551,26561,10
12.9804000854,80.2511367798,26561,26570,9
12.9802103043,80.2519226074,26570,26581,11
12.9801702499,80.2522201538,26581,26591,10
12.9801397324,80.2522964478,26591,26601,10
12.9801502228,80.2524871826,26601,26611,10
12.9804296494,80.2526473999,26611,26622,11
12.9810695648,80.2526397705,26622,26632,10
12.981880188,80.2526092529,26632,26642,10
12.9828796387,80.252571106,26642,26652,10
12.9839200974,80.2523880005,26652,26662,10
12.9849395752,80.2521209717,26662,26672,10
12.9859304428,80.2518615723,26672,26682,10
12.9868202209,80.2516403198,26682,26692,10
12.9873304367,80.2514801025,26692,26702,10
12.987660408,80.2514038086,26702,26712,10
12.9879703522,80.2515869141,26712,26722,10
12.9880599976,80.2519989014,26722,26732,10
12.9880800247,80.2521896362,26732,26749,17
12.9880399704,80.2527236938,26749,26761,12
12.987950325,80.2535934448,26761,26771,10
12.9878797531,80.2542724609,26771,26781,10
12.9877700806,80.2551803589,26781,26821,40
12.9877700806,80.2551803589,26821,26831,10
12.9877195358,80.2552337646,26831,26841,10
12.9877004623,80.2555084229,26841,26853,12
12.9876203537,80.2560806274,26853,26863,10
12.9875802994,80.2568130493,26863,26872,9
12.9875202179,80.25756073,26872,26883,11
12.9874801636,80.2583999634,26883,26893,10
12.9873199463,80.2593078613,26893,26923,30
12.9873199463,80.2593078613,26923,26933,10
12.9873399734,80.2594604492,26933,26943,10
12.9870300293,80.2595901489,26943,27932,989
12.9866695404,80.2596511841,27932,28588,656
12.9866695404,80.2596511841,28588,28598,10
12.9865703583,80.259437561,28598,28608,10
12.986579895,80.2593994141,28608,28618,10
12.9865903854,80.2591171265,28618,28658,40
12.9865903854,80.2591171265,28658,28668,10
12.986869812,80.2590637207,28668,28678,10
12.9871101379,80.2591171265,28678,28729,51
12.9871101379,80.2591171265,28729,28739,10
12.9874000549,80.2588424683,28739,28748,9
12.9874000549,80.2585830688,28748,28759,11
12.9874296188,80.2581710815,28759,28769,10
12.9874696732,80.2575836182,28769,28779,10
12.9875297546,80.2568283081,28779,28789,10
12.9875497818,80.256111145,28789,28799,10
12.9876804352,80.2556228638,28799,28810,11
12.987739563,80.2549591064,28810,28820,10
12.9877901077,80.2543106079,28820,28830,10
12.9878501892,80.2535171509,28830,28840,10
12.9879102707,80.2525787354,28840,28850,10
12.987859726,80.2518386841,28850,28860,10
12.987739563,80.2516326904,28860,28870,10
12.9874000549,80.2516098022,28870,28880,10
12.9867200851,80.251739502,28880,28890,10
12.9858703613,80.2519607544,28890,28900,10
12.9848804474,80.2522201538,28900,28910,10
12.9838199615,80.2525100708,28910,28920,10
12.982749939,80.2526779175,28920,28931,11
12.9815797806,80.2527084351,28931,28941,10
12.9805498123,80.2527313232,28941,28951,10
12.9800796509,80.252746582,28951,28961,10
12.9799404144,80.2527313232,28961,28971,10
12.9798803329,80.2523880005,28971,28981,10
12.9798898697,80.2523803711,28981,28991,10
12.9799098969,80.2522888184,28991,29001,10
12.9799499512,80.2520675659,29001,29011,10
12.9801397324,80.2516174316,29011,29021,10
12.9803495407,80.2509384155,29021,29031,10
12.9805698395,80.2500762939,29031,29047,16
12.9807701111,80.2484588623,29047,29060,13
12.9808597565,80.2471084595,29060,29070,10
12.9809703827,80.2460632324,29070,29080,10
12.9811000824,80.2450027466,29080,29090,10
12.981180191,80.2441177368,29090,29100,10
12.9812803268,80.243598938,29100,29110,10
12.9813604355,80.2433013916,29110,29120,10
12.9813699722,80.2427597046,29120,29130,10
12.9813699722,80.2427062988,29130,29140,10
12.9813699722,80.2426223755,29140,29150,10
12.9813699722,80.2422180176,29150,29161,11
12.9813699722,80.2415313721,29161,29171,10
12.9813604355,80.2407684326,29171,29181,10
12.9813404083,80.2399520874,29181,29191,10
12.9813098907,80.239112854,29191,29201,10
12.9812698364,80.2378768921,29201,29221,20
12.9812698364,80.2378768921,29221,29231,10
12.9812698364,80.237663269,29231,29241,10
12.9812498093,80.2371826172,29241,29251,10
12.9812297821,80.2364578247,29251,29261,10
12.9812002182,80.2356185913,29261,29272,11
12.9811897278,80.2346572876,29272,29282,10
12.9813604355,80.2338790894,29282,29292,10
12.981590271,80.2334213257,29292,29302,10
12.9816102982,80.2333984375,29302,29312,10
12.981710434,80.2332382202,29312,29322,10
12.9818601608,80.2329025269,29322,29332,10
12.982000351,80.232460022,29332,29342,10
12.9820604324,80.2320098877,29342,29352,10
12.9819602966,80.2311630249,29352,29361,9
12.9816904068,80.2306289673,29361,29372,11
12.9813699722,80.2301101685,29372,29382,10
12.9809999466,80.2295227051,29382,29393,11
12.9807500839,80.2291488647,29393,29403,10
12.9807300568,80.2291183472,29403,29413,10
12.9806499481,80.2289505005,29413,29423,10
12.9804201126,80.2285919189,29423,29433,10
12.9802398682,80.2281723022,29433,29443,10
12.9799003601,80.2276229858,29443,29453,10
12.9794797897,80.2269363403,29453,29463,10
12.9790802002,80.2262802124,29463,29473,10
12.9786195755,80.2255401611,29473,29483,10
12.9781703949,80.2247772217,29483,29493,10
12.9778795242,80.2244262695,29493,29504,11
12.9775800705,80.2239227295,29504,29514,10
12.9772500992,80.2233810425,29514,29524,10
12.9769496918,80.222869873,29524,29534,10
12.9767398834,80.2225570679,29534,29544,10
12.9764499664,80.2220916748,29544,29554,10
12.9761295319,80.2216110229,29554,29564,10
12.9756498337,80.2210464478,29564,29584,20
12.9756498337,80.2210464478,29584,29594,10
12.9754104614,80.2208328247,29594,29645,51
12.9754104614,80.2208328247,29645,29655,10
12.9752902985,80.2206802368,29655,29665,10
12.9754695892,80.2204589844,29665,29675,10
12.9757099152,80.2202835083,29675,29685,10
12.9761295319,80.2200927734,29685,29695,10
12.9767303467,80.2198181152,29695,29705,10
12.9774398804,80.2195281982,29705,29715,10
12.9782600403,80.2192001343,29715,29725,10
12.9787397385,80.2190170288,29725,29736,11
12.9793901443,80.2187728882,29736,29746,10
12.980050087,80.2184906006,29746,29756,10
12.9807796478,80.2182235718,29756,29766,10
12.9816102982,80.2179489136,29766,29776,10
12.9823598862,80.2178573608,29776,29786,10
12.982749939,80.2178497314,29786,29796,10
12.9833602905,80.2178192139,29796,29806,10
12.9838399887,80.2178192139,29806,29816,10
12.983880043,80.2177886963,29816,29826,10
12.9841995239,80.2178192139,29826,29836,10
12.9847698212,80.2177886963,29836,29846,10
12.9855203629,80.2178192139,29846,29857,11
12.9864196777,80.2180175781,29857,29867,10
12.987449646,80.2182388306,29867,29887,20
12.987449646,80.2182388306,29887,29897,10
12.9877595901,80.2183532715,29897,29907,10
12.9883203506,80.2184829712,29907,29917,10
12.9890499115,80.2186813354,29917,29927,10
12.9898700714,80.2189407349,29927,29937,10
12.9907903671,80.2192382813,29937,29947,10
12.9916200638,80.2194519043,29947,29957,10
12.9921998978,80.2191085815,29957,29967,10
12.9928503036,80.2186508179,29967,29978,11
12.993639946,80.2180480957,29978,29988,10
12.994310379,80.2175598145,29988,29997,9
12.9948997498,80.2171173096,29997,30008,11
12.99559021,80.2167282104,30008,30018,10
12.9962997437,80.2165603638,30018,30028,10
12.9969797134,80.216468811,30028,30038,10
12.9976301193,80.2160263062,30038,30058,20
12.9976301193,80.2160263062,30058,30068,10
12.9978704453,80.2158279419,30068,30078,10
12.9982500076,80.2154922485,30078,30089,11
12.9988203049,80.2150115967,30089,30099,10
12.9991798401,80.2146911621,30099,30109,10
12.9994297028,80.2144699097,30109,30119,10
12.9998197556,80.2141265869,30119,30129,10
13.0001802444,80.2138290405,30129,30139,10
13.0006904602,80.2133865356,30139,30149,10
13.0012702942,80.212928772,30149,30159,10
13.0018596649,80.2124710083,30159,30169,10
13.0024595261,80.2121429443,30169,30179,10
13.0030002594,80.2120513916,30179,30189,10
13.0036001205,80.2119827271,30189,30199,10
13.0037298203,80.2117767334,30199,30210,11
13.0037002563,80.2112121582,30210,30220,10
13.0036401749,80.2105636597,30220,30230,10
13.0035495758,80.2099380493,30230,30240,10
13.0035800934,80.2093200684,30240,30250,10
13.0038003922,80.2086791992,30250,30260,10
13.0045099258,80.2088317871,30260,30270,10
13.0053796768,80.2092208862,30270,30280,10
13.0062599182,80.2095489502,30280,30290,10
13.0069999695,80.209777832,30290,30300,10
13.0074796677,80.2098464966,30300,30310,10
13.0074901581,80.2098617554,30310,30321,11
13.0077495575,80.2099075317,30321,30331,10
13.0081796646,80.2099761963,30331,30341,10
13.0081300735,80.2094802856,30341,30351,10
13.0079803467,80.208732605,30351,30361,10
13.0078601837,80.2078475952,30361,30371,10
13.0076999664,80.2069015503,30371,30381,10
13.0075597763,80.2059173584,30381,30391,10
13.0075397491,80.2050170898,30391,30401,10
13.0075397491,80.2042999268,30401,30411,10
13.0074596405,80.2035598755,30411,30421,10
13.0072402954,80.2026672363,30421,30431,10
13.0066003799,80.2027587891,30431,30442,11
13.0068502426,80.2033462524,30442,30452,10
13.0074796677,80.20362854,30452,30462,10
13.0082302094,80.2036972046,30462,30472,10
13.0090999603,80.2036514282,30472,30482,10
13.0101003647,80.2035980225,30482,30492,10
13.0112199783,80.2036590576,30492,30502,10
13.0123796463,80.2038421631,30502,30512,10
13.0134296417,80.2040863037,30512,30522,10
13.0143499374,80.2044067383,30522,30532,10
13.0152301788,80.204750061,30532,30542,10
13.016119957,80.2051010132,30542,30553,11
13.0169696808,80.2052307129,30553,30563,10
13.0179300308,80.205619812,30563,30573,10
13.0186595917,80.2059020996,30573,30583,10
13.0187797546,80.205947876,30583,30593,10
13.0189399719,80.2060317993,30593,30603,10
13.0193004608,80.2061462402,30603,30613,10
13.0199403763,80.2062530518,30613,30623,10
13.0207395554,80.2062683105,30623,30633,10
13.0216598511,80.2062988281,30633,30643,10
13.0225400925,80.2063903809,30643,30653,10
13.0234804153,80.2065887451,30653,30663,10
13.0242795944,80.2066879272,30663,30674,11
13.0243501663,80.206703186,30674,30684,10
13.024600029,80.206741333,30684,30694,10
13.0251703262,80.2068710327,30694,30704,10
13.0259599686,80.2072067261,30704,30714,10
13.0267400742,80.2076568604,30714,30724,10
13.0275497437,80.208152771,30724,30734,10
13.0283699036,80.2085189819,30734,30744,10
13.0293197632,80.208732605,30744,30754,10
13.0299501419,80.2089080811,30754,30770,16
13.0304803848,80.2090682983,30770,30782,12
13.0315999985,80.2093963623,30782,30801,19
13.0315999985,80.2093963623,30801,30811,10
13.0318803787,80.2094802856,30811,30822,11
13.032500267,80.2096176147,30822,30833,11
13.0333404541,80.2097930908,30833,30843,10
13.0340900421,80.2099685669,30843,30853,10
13.0349597931,80.2101364136,30853,30863,10
13.035030365,80.2106704712,30863,30873,10
13.0350599289,80.2112503052,30873,30883,10
13.0350399017,80.2113723755,30883,30893,10
13.0350103378,80.2114486694,30893,30904,11
13.0349397659,80.2118988037,30904,30914,10
13.035200119,80.2121963501,30914,30923,9
13.0357599258,80.2122421265,30923,30934,11
13.0365800858,80.2122802734,30934,30944,10
13.0372200012,80.2122879028,30944,30954,10
13.0378704071,80.2122802734,30954,30964,10
13.0386800766,80.2122421265,30964,30974,10
13.0396203995,80.2122192383,30974,30984,10
13.0406999588,80.2122421265,30984,30994,10
13.0417804718,80.2122573853,30994,31004,10
13.042719841,80.212272644,31004,31014,10
13.0441598892,80.2122421265,31014,31075,61
13.0441598892,80.2122421265,31075,31085,10
13.0443401337,80.2121429443,31085,31095,10
13.0446596146,80.2121734619,31095,31105,10
13.0452098846,80.2121810913,31105,31115,10
13.0459604263,80.2121887207,31115,31125,10
13.0468101501,80.2121734619,31125,31136,11
13.047659874,80.212097168,31136,31146,10
13.048500061,80.212020874,31146,31166,20
13.048500061,80.212020874,31166,31176,10
13.0487203598,80.212059021,31176,31186,10
13.0492801666,80.2119979858,31186,31196,10
13.0499095917,80.2119293213,31196,31206,10
13.0504798889,80.2119903564,31206,31216,10
13.0511102676,80.212020874,31216,31226,10
13.0520401001,80.2120132446,31226,31236,10
13.0528697968,80.2118225098,31236,31246,10
13.0539398193,80.2115478516,31246,31257,11
13.0548801422,80.2114028931,31257,31267,10
13.0557804108,80.21144104,31267,31277,10
13.0567598343,80.21144104,31277,31287,10
13.0575199127,80.2113876343,31287,31297,10
13.0576601028,80.2113800049,31297,31307,10
13.0579299927,80.2113800049,31307,31317,10
13.0584897995,80.2114028931,31317,31327,10
13.0592098236,80.2114562988,31327,31337,10
13.0600404739,80.2115097046,31337,31347,10
13.060959816,80.2115707397,31347,31357,10
13.0618200302,80.2116088867,31357,31366,9
13.0625295639,80.2115783691,31366,31378,12
13.0632696152,80.2115097046,31378,31388,10
13.0633001328,80.2115097046,31388,31398,10
13.0635499954,80.2115097046,31398,31408,10
13.0640697479,80.211479187,31408,31418,10
13.0647802353,80.2112426758,31418,31428,10
13.0655002594,80.2107696533,31428,31438,10
13.0661897659,80.2101669312,31438,31448,10
13.0669002533,80.2094802856,31448,31458,10
13.0673999786,80.2086410522,31458,31468,10
13.067899704,80.2078018188,31468,31478,10
13.0684499741,80.2070007324,31478,31489,11
13.0690402985,80.2061233521,31489,31499,10
13.0694799423,80.2054367065,31499,31509,10
13.0696802139,80.2050018311,31509,31519,10
13.0693998337,80.204788208,31519,31529,10
13.0690803528,80.2051773071,31529,31539,10
13.0688896179,80.2053222656,31539,31549,10
13.068810463,80.205329895,31549,31559,10
13.0686502457,80.2051773071,31559,31569,10
13.0682201385,80.2051620483,31569,32094,525
13.0682201385,80.2051620483,32094,32104,10
13.0680198669,80.2049636841,32104,32114,10
13.0683202744,80.2049407959,32114,32124,10
13.0688695908,80.2047805786,32124,32134,10
13.0694904327,80.2047805786,32134,32144,10
13.0697698593,80.2049026489,32144,32164,20
13.0697698593,80.2049026489,32164,32174,10
13.0698795319,80.2051010132,32174,32185,11
13.0696802139,80.2054595947,32185,32195,10
13.069319725,80.2060623169,32195,32205,10
13.0688495636,80.2067871094,32205,32215,10
13.0683002472,80.2076568604,32215,32225,10
13.0678596497,80.2084121704,32225,32235,10
13.0675697327,80.2088928223,32235,32245,10
13.0671796799,80.2095489502,32245,32255,10
13.0666599274,80.2100830078,32255,32265,10
13.0656700134,80.210899353,32265,32275,10
13.065079689,80.2113571167,32275,32285,10
13.0650501251,80.2113723755,32285,32295,10
13.0648403168,80.2113723755,32295,32306,11
13.0643396378,80.2115707397,32306,32316,10
13.0638599396,80.2117385864,32316,32325,9
13.0638504028,80.2117385864,32325,32336,11
13.0637102127,80.2117462158,32336,32346,10
13.0633401871,80.2117462158,32346,32356,10
13.0627403259,80.2117614746,32356,32366,10
13.0621299744,80.2117614746,32366,32376,10
13.0611200333,80.211769104,32376,32386,10
13.059969902,80.2117385864,32386,32396,10
13.0590000153,80.2117004395,32396,32406,10
13.058259964,80.2116699219,32406,32416,10
13.057510376,80.2116394043,32416,32427,11
13.0566596985,80.2116317749,32427,32443,16
13.0551300049,80.2115783691,32443,32455,12
13.0540103912,80.2116928101,32455,32465,10
13.0532302856,80.2118682861,32465,32475,10
13.0521001816,80.2121276855,32475,32485,10
13.0511798859,80.2121582031,32485,32494,9
13.0505399704,80.2121429443,32494,32505,11
13.0500001907,80.2121734619,32505,32514,9
13.0495901108,80.2121963501,32514,32525,11
13.0495195389,80.2121963501,32525,32535,10
13.0492601395,80.2121887207,32535,32546,11
13.0486402512,80.2121963501,32546,32556,10
13.0479001999,80.2122421265,32556,32566,10
13.0469799042,80.2123031616,32566,32576,10
13.0459403992,80.2123413086,32576,32586,10
13.0446796417,80.2124176025,32586,32657,71
13.0446796417,80.2124176025,32657,32667,10
13.0444297791,80.212387085,32667,32677,10
13.0438995361,80.2123413086,32677,32687,10
13.0431098938,80.212348938,32687,32697,10
13.0422096252,80.2123336792,32697,32707,10
13.0412197113,80.2123184204,32707,32717,10
13.040140152,80.2123565674,32717,32727,10
13.0390701294,80.212348938,32727,32737,10
13.037560463,80.212348938,32737,32828,91
13.037560463,80.212348938,32828,32838,10
13.037150383,80.212348938,32838,32848,10
13.0365400314,80.2123184204,32848,32858,10
13.035779953,80.2123184204,32858,32868,10
13.0351400375,80.2123031616,32868,32878,10
13.0347099304,80.2122192383,32878,32889,11
13.0341396332,80.2121429443,32889,32899,10
13.0340595245,80.2121276855,32899,32909,10
13.0339603424,80.2121276855,32909,32919,10
13.0335102081,80.2120132446,32919,32929,10
13.0327997208,80.2118682861,32929,32939,10
13.0320796967,80.211730957,32939,32949,10
13.0320196152,80.2111816406,32949,32959,10
13.0320501328,80.2104263306,32959,32969,10
13.0320796967,80.2097396851,32969,32979,10
13.0315799713,80.2095489502,32979,32989,10
13.0304603577,80.2092590332,32989,33010,21
13.0304603577,80.2092590332,33010,33020,10
13.0300397873,80.2091217041,33020,33030,10
13.029589653,80.2089996338,33030,33040,10
13.029540062,80.2089691162,33040,33050,10
13.0292596817,80.2089309692,33050,33060,10
13.0286397934,80.2087402344,33060,33070,10
13.0279197693,80.2085113525,33070,33080,10
13.0272703171,80.2081604004,33080,33090,10
13.0265398026,80.2077102661,33090,33100,10
13.0257396698,80.2072372437,33100,33110,10
13.0247898102,80.2070236206,33110,33121,11
13.0242700577,80.2069015503,33121,33131,10
13.0241699219,80.2068786621,33131,33141,10
13.0237503052,80.20677948,33141,33151,10
13.0230998993,80.2066192627,33151,33161,10
13.0222902298,80.206451416,33161,33177,16
13.0208396912,80.2064437866,33177,33189,12
13.0197095871,80.2064285278,33189,33199,10
13.0192499161,80.2063598633,33199,33219,20
13.0192499161,80.2063598633,33219,33229,10
13.0188798904,80.2062530518,33229,33239,10
13.0183095932,80.2060317993,33239,33250,11
13.0177097321,80.2058410645,33250,33260,10
13.0172700882,80.205619812,33260,33270,10
13.0168600082,80.2054290771,33270,33280,10
13.0160999298,80.2052230835,33280,33291,11
13.015250206,80.2049407959,33291,33301,10
13.0144300461,80.2046813965,33301,33311,10
13.0142202377,80.2045974731,33311,33321,10
13.0138902664,80.2044830322,33321,33331,10
13.0136699677,80.2044372559,33331,33341,10
13.0136098862,80.204536438,33341,33351,10
13.0134801865,80.2049179077,33351,33362,11
13.0132598877,80.2055587769,33362,33372,10
13.0130701065,80.2062835693,33372,33382,10
13.0129899979,80.2070999146,33382,33392,10
13.0129003525,80.2076873779,33392,33402,10
13.0128803253,80.2080001831,33402,33412,10
13.0128803253,80.208480835,33412,33422,10
13.0129203796,80.2088012695,33422,33432,10
13.0129995346,80.2093582153,33432,33442,10
13.0132198334,80.2097930908,33442,33452,10
13.0131196976,80.2104721069,33452,33462,10
13.0129404068,80.2111129761,33462,33472,10
13.0126695633,80.2115707397,33472,33483,11
13.0122995377,80.2121887207,33483,33493,10
13.0119800568,80.2126693726,33493,33503,10
13.0118103027,80.2127914429,33503,33513,10
13.0115203857,80.212600708,33513,33523,10
13.0110397339,80.2122573853,33523,33533,10
13.0107002258,80.2119903564,33533,33543,10
13.0102500916,80.2116012573,33543,33583,40
13.010219574,80.2113876343,33583,33604,21
13.0103197098,80.2113189697,33604,33684,80
13.0101099014,80.2113571167,33684,33705,21
13.0101099014,80.2113571167,33705,33715,10
13.0101604462,80.2116012573,33715,33725,10
13.0100297928,80.2114181519,33725,33745,20
13.0100297928,80.2114181519,33745,33755,10
13.0099496841,80.2113037109,33755,33765,10
13.0094995499,80.2111206055,33765,33795,30
13.0094995499,80.2111206055,33795,33805,10
13.0093002319,80.2111206055,33805,33815,10
13.0091495514,80.2113189697,33815,33826,11
13.009059906,80.2116394043,33826,33836,10
13.0092201233,80.2121963501,33836,33846,10
13.0094499588,80.212852478,33846,33856,10
13.0097103119,80.2135162354,33856,33866,10
13.0100002289,80.2141876221,33866,33876,10
13.0101804733,80.2149200439,33876,33886,10
13.0103197098,80.2157974243,33886,33896,10
13.0107498169,80.2167510986,33896,33906,10
13.0112495422,80.2178573608,33906,33916,10
13.0116500854,80.2190704346,33916,33926,10
13.0120601654,80.2203063965,33926,33936,10
13.0123796463,80.2211837769,33936,33947,11
13.0127096176,80.2220535278,33947,33957,10
13.0132398605,80.2226867676,33957,33967,10
13.0138196945,80.2232818604,33967,33977,10
13.0142498016,80.2238311768,33977,33987,10
13.0147695541,80.2244873047,33987,33997,10
13.0150899887,80.2247772217,33997,34007,10
13.0153598785,80.2251281738,34007,34017,10
13.0155200958,80.2255020142,34017,34027,10
13.0152902603,80.2258224487,34027,34037,10
13.0146903992,80.22605896,34037,34047,10
13.0139598846,80.2263717651,34047,34058,11
13.0129804611,80.2267608643,34058,34068,10
13.0119600296,80.2271575928,34068,34078,10
13.0098600388,80.2279586792,34078,34088,10
13.0098600388,80.2279586792,34088,34098,10
13.0095100403,80.2275238037,34098,34108,10
13.0097799301,80.2269287109,34108,34118,10
13.0101099014,80.2261962891,34118,34128,10
13.0104103088,80.2253799438,34128,34138,10
13.0107603073,80.224609375,34138,34148,10
13.0110998154,80.2237625122,34148,34158,10
13.0112895966,80.2231826782,34158,34168,10
13.0108003616,80.2229232788,34168,34179,11
13.0100603104,80.2225570679,34179,34188,9
13.0094203949,80.2221984863,34188,34199,11
13.0085601807,80.2217178345,34199,34209,10
13.0077400208,80.221282959,34209,34219,10
13.0069198608,80.2208404541,34219,34229,10
13.0059900284,80.2205581665,34229,34239,10
13.0050802231,80.2203598022,34239,34249,10
13.004360199,80.220161438,34249,34259,10
13.0035200119,80.2199630737,34259,34269,10
13.0027399063,80.2197113037,34269,34279,10
13.0020999908,80.2191009521,34279,34289,10
13.0015201569,80.218536377,34289,34300,11
13.0007600784,80.2180023193,34300,34310,10
13.0000200272,80.2175292969,34310,34320,10
12.9993000031,80.2171096802,34320,34330,10
12.9988603592,80.2169036865,34330,34340,10
12.9982500076,80.2165985107,34340,34350,10
12.9975404739,80.2165222168,34350,34360,10
12.9974403381,80.2165298462,34360,34370,10
12.9972200394,80.2165527344,34370,34380,10
12.9968004227,80.2165527344,34380,34390,10
12.9962396622,80.2166290283,34390,34400,10
12.9954900742,80.2168273926,34400,34411,11
12.9947500229,80.2172775269,34411,34421,10
12.9941301346,80.2177200317,34421,34431,10
12.9934597015,80.2181625366,34431,34441,10
12.9927597046,80.2186889648,34441,34451,10
12.9920597076,80.2192306519,34451,34461,10
12.9915103912,80.2195892334,34461,34471,10
12.9911899567,80.2194824219,34471,34481,10
12.991060257,80.2194290161,34481,34491,10
12.9907798767,80.2193374634,34491,34501,10
12.9902601242,80.2191467285,34501,34511,10
12.9895401001,80.2189025879,34511,34522,11
12.9885797501,80.2185821533,34522,34532,10
12.9877195358,80.2184066772,34532,34542,10
12.9872398376,80.2183303833,34542,34552,10
12.9871797562,80.2183227539,34552,34562,10
12.9868497849,80.2182312012,34562,34572,10
12.986289978,80.2180786133,34572,34582,10
12.9855203629,80.2179489136,34582,34592,10
12.9846801758,80.2179412842,34592,34602,10
12.9839801788,80.2179718018,34602,34612,10
12.9839200974,80.2179718018,34612,34622,10
12.9836196899,80.2179718018,34622,34632,10
12.9830598831,80.217956543,34632,34643,11
12.9822502136,80.2179718018,34643,34653,10
12.9813699722,80.2180633545,34653,34663,10
12.9804801941,80.2183609009,34663,34673,10
12.9796895981,80.2186737061,34673,34683,10
12.9790000916,80.2189483643,34683,34693,10
12.9785699844,80.2191162109,34693,34703,10
12.9779596329,80.2193603516,34703,34713,10
12.9771995544,80.2196807861,34713,34723,10
12.9759597778,80.2202606201,34723,34784,61
12.9759597778,80.2202606201,34784,34794,10
12.9756698608,80.2203369141,34794,34804,10
12.9755601883,80.2204971313,34804,34814,10
12.9756002426,80.2208633423,34814,34824,10
12.9758796692,80.2211532593,34824,34834,10
12.9761600494,80.221496582,34834,34844,10
12.9763002396,80.2217178345,34844,34864,20
12.9763002396,80.2217178345,34864,34875,11
12.9763202667,80.2220077515,34875,34885,10
12.9764604568,80.2222976685,34885,34895,10
12.9767103195,80.2226104736,34895,34905,10
12.977060318,80.2231216431,34905,34915,10
12.9774599075,80.2237167358,34915,34925,10
12.9778299332,80.224319458,34925,34935,10
12.9782495499,80.2249679565,34935,34945,10
12.9786396027,80.2255935669,34945,34955,10
12.9790296555,80.2262420654,34955,34965,10
12.9794397354,80.2269134521,34965,34975,10
12.9798297882,80.2275314331,34975,34985,10
12.9802999496,80.2283401489,34985,34996,11
12.9807100296,80.2290267944,34996,35006,10
12.9810800552,80.2296600342,35006,35016,10
12.9816598892,80.2304992676,35016,35036,20
12.9816598892,80.2304992676,35036,35046,10
12.9817800522,80.23072052,35046,35056,10
12.9819202423,80.2311401367,35056,35066,10
12.982000351,80.2317123413,35066,35076,10
12.982000351,80.2323989868,35076,35085,9
12.9818201065,80.2330627441,35085,35096,11
12.9816598892,80.2333984375,35096,35107,11
12.9816398621,80.2334594727,35107,35117,10
12.9814596176,80.233833313,35117,35127,10
12.9812498093,80.2343978882,35127,35137,10
12.9812202454,80.2351379395,35137,35147,10
12.9812498093,80.2359695435,35147,35157,10
12.9812803268,80.2369308472,35157,35167,10
12.981300354,80.2377700806,35167,35177,10
12.9813203812,80.238319397,35177,35187,10
12.9813404083,80.2387924194,35187,35198,11
12.9813404083,80.2388534546,35198,35207,9
12.9813404083,80.2391586304,35207,35217,10
12.9813499451,80.2397079468,35217,35228,11
12.9813699722,80.2405090332,35228,35238,10
12.9813804626,80.241317749,35238,35248,10
12.9813699722,80.2421188354,35248,35258,10
12.9813804626,80.242729187,35258,35268,10
12.9813804626,80.2429122925,35268,35278,10
12.9813804626,80.2430725098,35278,35288,10
12.9813804626,80.2435379028,35288,35298,10
12.9812898636,80.2442092896,35298,35308,10
12.9811897278,80.2450180054,35308,35318,10
12.9810800552,80.2459335327,35318,35328,10
12.9809904099,80.246963501,35328,35338,10
12.980890274,80.2480392456,35338,35349,11
12.9808101654,80.249206543,35349,35359,10
12.980629921,80.2502593994,35359,35369,10
12.9803695679,80.2512435913,35369,35379,10
12.9801502228,80.2522125244,35379,35399,20
12.9801502228,80.2522125244,35399,35409,10
12.9800901413,80.2523574829,35409,35419,10
12.9802303314,80.2525634766,35419,35429,10
12.9805698395,80.2526397705,35429,35439,10
12.9811201096,80.2526321411,35439,35449,10
12.9819097519,80.2526016235,35449,35460,11
12.9829797745,80.2525634766,35460,35470,10
12.984000206,80.2523498535,35470,35480,10
12.9849901199,80.2520828247,35480,35490,10
12.9859104156,80.2518234253,35490,35500,10
12.9865598679,80.2516708374,35500,35510,10
12.9871101379,80.2515182495,35510,35550,40
12.9871101379,80.2515182495,35550,35560,10
12.9872903824,80.2514724731,35560,35570,10
12.9876499176,80.251373291,35570,35581,11
12.9879703522,80.2515869141,35581,35591,10
12.9880800247,80.2520294189,35591,35601,10
12.9880800247,80.2521362305,35601,35611,10
12.9880599976,80.2526168823,35611,35621,10
12.9879903793,80.2533721924,35621,35631,10
12.9879102707,80.2541809082,35631,35641,10
12.9877300262,80.2553405762,35641,35722,81
12.9877300262,80.2553405762,35722,35738,16
12.9876699448,80.2556381226,35738,35750,12
12.9876003265,80.2561721802,35750,35760,10
12.9875802994,80.2566299438,35760,35770,10
12.9875602722,80.2570266724,35770,35780,10
12.9875297546,80.2576370239,35780,35790,10
12.9874696732,80.2583999634,35790,35800,10
12.9872999191,80.2593002319,35800,35841,41
12.9872999191,80.2593002319,35841,35851,10
12.9872703552,80.2595977783,35851,35861,10
12.9871101379,80.2595977783,35861,35871,10
12.9867801666,80.2595672607,35871,36870,999
12.9867801666,80.2595672607,36870,36880,10
12.9865598679,80.2594070435,36880,36890,10
12.9865903854,80.2591400146,36890,36900,10
12.9865999222,80.2591171265,36900,36910,10
12.9867601395,80.2589874268,36910,36920,10
12.9870595932,80.2590637207,36920,36940,20
12.9871997833,80.2590789795,36940,36970,30
12.9871997833,80.2590789795,36970,36981,11
12.9873800278,80.2586212158,36981,36991,10
12.9874000549,80.2583999634,36991,37001,10
12.9874296188,80.2581634521,37001,37011,10
12.9874801636,80.2577133179,37011,37021,10
12.9875097275,80.2571182251,37021,37030,9
12.9875602722,80.256477356,37030,37041,11
12.9876203537,80.2557830811,37041,37051,10
12.9877004623,80.2552185059,37051,37061,10
12.9877195358,80.2548065186,37061,37071,10
12.987739563,80.2546386719,37071,37081,10
12.9877901077,80.2541809082,37081,37091,10
12.987830162,80.2535171509,37091,37102,11
12.9878997803,80.2526397705,37102,37112,10
12.9878702164,80.2518768311,37112,37132,20
12.9878702164,80.2518768311,37132,37142,10
12.9878501892,80.2517089844,37142,37152,10
12.9876203537,80.2516021729,37152,37162,10
12.9870901108,80.2516403198,37162,37172,10
12.986410141,80.2518081665,37172,37182,10
12.985619545,80.2520294189,37182,37192,10
12.9847202301,80.2522735596,37192,37202,10
12.9837598801,80.252532959,37202,37212,10
12.98279953,80.2526931763,37212,37223,11
12.9817399979,80.2527236938,37223,37233,10
12.9808397293,80.2527313232,37233,37243,10
12.9800796509,80.2527313232,37243,37253,10
12.9798603058,80.252281189,37253,37273,20
12.9798603058,80.252281189,37273,37289,16
12.9799098969,80.2521591187,37289,37301,12
12.9800395966,80.2517700195,37301,37311,10
12.9801998138,80.251373291,37311,37321,10
12.9804496765,80.2504882813,37321,37331,10
12.9806404114,80.2496414185,37331,37342,11
12.9807395935,80.2486114502,37342,37352,10
12.9808101654,80.2476501465,37352,37362,10
12.9808998108,80.2466812134,37362,37372,10
12.9810199738,80.2456512451,37372,37382,10
12.9811296463,80.2447662354,37382,37392,10
12.981180191,80.2438201904,37392,37402,10
12.981300354,80.2435302734,37402,37412,10
12.9813404083,80.2431716919,37412,37422,10
12.9813404083,80.2427597046,37422,37432,10
12.9813499451,80.2426834106,37432,37442,10
12.9813604355,80.2426300049,37442,37453,11
12.9813499451,80.2424087524,37453,37463,10
12.9813404083,80.2419204712,37463,37473,10
12.9813404083,80.2412033081,37473,37483,10
12.9813299179,80.2403564453,37483,37493,10
12.9813203812,80.2395401001,37493,37503,10
12.981300354,80.238822937,37503,37513,10
12.9812602997,80.2381362915,37513,37523,10
12.9812602997,80.2378692627,37523,37533,10
12.9812602997,80.23777771,37533,37543,10
12.9812402725,80.2373580933,37543,37553,10
12.9812297821,80.2367095947,37553,37563,10
12.9812097549,80.2359008789,37563,37574,11
12.9811897278,80.2349472046,37574,37584,10
12.9812602997,80.2341079712,37584,37594,10
12.9815502167,80.2334213257,37594,37604,10
12.9816398621,80.2332611084,37604,37614,10
12.981710434,80.2331237793,37614,37624,10
12.9818696976,80.2327423096,37624,37634,10
12.9819898605,80.2322769165,37634,37644,10
12.9819803238,80.2318496704,37644,37654,10
12.9819402695,80.2313537598,37654,37663,9
12.9818096161,80.2308807373,37663,37674,11
12.9815397263,80.230430603,37674,37685,11
12.9811201096,80.2297363281,37685,37695,10
12.9808301926,80.2292633057,37695,37705,10
12.9806604385,80.229057312,37705,37715,10
12.9806098938,80.2289581299,37715,37724,9
12.9805402756,80.2288589478,37724,37735,11
12.9803104401,80.2284927368,37735,37745,10
12.9801197052,80.2280731201,37745,37755,10
12.9798002243,80.2275390625,37755,37765,10
12.9794597626,80.2269668579,37765,37775,10
12.9792299271,80.2265777588,37775,37785,10
12.9789400101,80.2261123657,37785,37795,10
12.9785804749,80.2255096436,37795,37806,11
12.9781103134,80.2247390747,37806,37816,10
12.9779100418,80.2245178223,37816,37826,10
12.9777498245,80.224281311,37826,37836,10
12.9776802063,80.2241363525,37836,37846,10
12.9774599075,80.2237701416,37846,37856,10
12.9771299362,80.2232284546,37856,37866,10
12.9768295288,80.2227401733,37866,37876,10
12.9765996933,80.2223434448,37876,37885,9
12.9762802124,80.2218399048,37885,37896,11
12.9756698608,80.2210769653,37896,37916,20
12.9756698608,80.2210769653,37916,37927,11
12.9755096436,80.2209091187,37927,37977,50
12.9755096436,80.2209091187,37977,37987,10
12.9753799438,80.2208175659,37987,37997,10
12.9753599167,80.2205429077,37997,38007,10
12.9755296707,80.2203598022,38007,38017,10
12.9758396149,80.2201919556,38017,38027,10
12.9763498306,80.2199707031,38027,38037,10
12.9770202637,80.2197036743,38037,38048,11
12.9778900146,80.2193374634,38048,38058,10
12.9785003662,80.2191314697,38058,38068,10
12.9789896011,80.2189483643,38068,38078,10
12.9796600342,80.2186737061,38078,38088,10
12.9803304672,80.2183837891,38088,38098,10
12.9811201096,80.2181015015,38098,38108,10
12.9819602966,80.2178878784,38108,38118,10
12.9824895859,80.217880249,38118,38128,10
12.9831600189,80.2178573608,38128,38138,10
12.9837799072,80.2178421021,38138,38148,10
12.9838399887,80.2178878784,38148,38164,16
12.9845399857,80.217880249,38164,38178,14
12.9856300354,80.2179031372,38178,38187,9
12.9863796234,80.2180633545,38187,38198,11
12.9871397018,80.2182006836,38198,38208,10
12.9873504639,80.2182388306,38208,38218,10
12.9874601364,80.2182617188,38218,38228,10
12.987830162,80.2183609009,38228,38238,10
12.9883804321,80.2184829712,38238,38248,10
12.9892196655,80.2187194824,38248,38258,10
12.9897203445,80.2188796997,38258,38268,10
12.9902496338,80.2190475464,38268,38279,11
12.9910497665,80.2192993164,38279,38289,10
12.991689682,80.2193984985,38289,38299,10
12.992190361,80.2190704346,38299,38309,10
12.9928503036,80.2185974121,38309,38319,10
12.9935598373,80.2180633545,38319,38329,10
12.9942302704,80.2175827026,38329,38339,10
12.9948101044,80.2171630859,38339,38349,10
12.9952802658,80.2168502808,38349,38359,10
12.9958896637,80.2166213989,38359,38369,10
12.9966802597,80.2164764404,38369,38379,10
12.9972696304,80.2163391113,38379,38389,10
12.9975500107,80.2160720825,38389,38400,11
12.9975595474,80.2160568237,38400,38410,10
12.9976301193,80.2160110474,38410,38420,10
12.9979400635,80.2157363892,38420,38430,10
12.9983901978,80.2153625488,38430,38440,10
12.9989204407,80.2149124146,38440,38450,10
12.9991998672,80.2146911621,38450,38460,10
12.9995098114,80.2144088745,38460,38470,10
12.9999103546,80.2140579224,38470,38486,16
13.0006799698,80.2133407593,38486,38498,12
13.0013504028,80.2128219604,38498,38508,10
13.0019302368,80.212387085,38508,38519,11
13.0026102066,80.2121124268,38519,38529,10
13.0031299591,80.2120437622,38529,38539,10
13.0035896301,80.2119064331,38539,38549,10
13.0036001205,80.2118988037,38549,38559,10
13.0036697388,80.2117233276,38559,38569,10
13.0036497116,80.2112503052,38569,38579,10
13.0035896301,80.2105331421,38579,38589,10
13.0035104752,80.2098770142,38589,38599,10
13.0035600662,80.2092285156,38599,38609,10
13.0037899017,80.2086334229,38609,38619,10
13.0044698715,80.2088012695,38619,38630,11
13.005399704,80.2092132568,38630,38640,10
13.0061502457,80.2094802856,38640,38650,10
13.0068902969,80.2097015381,38650,38660,10
13.0074195862,80.2098007202,38660,38670,10
13.0074796677,80.2098007202,38670,38680,10
13.0075902939,80.2098236084,38680,38690,10
13.0079402924,80.2098999023,38690,38700,10
13.008190155,80.2098617554,38700,38710,10
13.0080900192,80.2094116211,38710,38720,10
13.0079202652,80.2087020874,38720,38730,10
13.007809639,80.2078475952,38730,38740,10
13.0076599121,80.2069168091,38740,38751,11
13.0075101852,80.2059173584,38751,38761,10
13.0074796677,80.2052001953,38761,38771,10
13.0074996948,80.2045822144,38771,38781,10
13.0074596405,80.203918457,38781,38791,10
13.007349968,80.2031402588,38791,38801,10
13.006939888,80.2025222778,38801,38811,10
13.0065202713,80.2029418945,38811,38821,10
13.0069303513,80.2034072876,38821,38831,10
13.0076198578,80.2036514282,38831,38841,10
13.0084896088,80.2036590576,38841,38851,10
13.0094804764,80.2035903931,38851,38861,10
13.0105495453,80.2035827637,38861,38872,11
13.011759758,80.2036972046,38872,38882,10
13.0127401352,80.2038879395,38882,38892,10
13.0135498047,80.2040863037,38892,38902,10
13.0143098831,80.2043609619,38902,38912,10
13.0149497986,80.2045593262,38912,38922,10
13.0150995255,80.2045669556,38922,38932,10
13.0154304504,80.2046966553,38932,38942,10
13.0160503387,80.2049179077,38942,38952,10
13.0166597366,80.2051315308,38952,38962,10
13.0171403885,80.2052612305,38962,38972,10
13.0174798965,80.205406189,38972,38983,11
13.0178403854,80.205581665,38983,38993,10
13.0183897018,80.2057571411,38993,39003,10
13.0187196732,80.2058563232,39003,39013,10
13.0188102722,80.2058868408,39013,39023,10
13.0192203522,80.2060394287,39023,39033,10
13.0198402405,80.2061767578,39033,39043,10
13.0205698013,80.2062301636,39043,39053,10
13.0213804245,80.2062530518,39053,39063,10
13.0221300125,80.2062835693,39063,39073,10
13.022939682,80.206413269,39073,39083,10
13.023850441,80.2065811157,39083,39093,10
13.0245599747,80.2067565918,39093,39104,11
13.0255002975,80.2070236206,39104,39114,10
13.0264596939,80.2075119019,39114,39124,10
13.0274095535,80.2080688477,39124,39134,10
13.0283203125,80.2084884644,39134,39144,10
13.0292196274,80.208732605,39144,39154,10
13.029800415,80.2088699341,39154,39164,10
13.0301704407,80.208946228,39164,39174,10
13.0307197571,80.2090988159,39174,39184,10
13.031419754,80.2092590332,39184,39194,10
13.0316801071,80.2092895508,39194,39204,10
13.0317602158,80.2092437744,39204,39215,11
13.0322198868,80.2094421387,39215,39225,10
13.032910347,80.209602356,39225,39235,10
13.0337295532,80.2097930908,39235,39245,10
13.0345697403,80.2099761963,39245,39255,10
13.0350704193,80.2102966309,39255,39265,10
13.0350103378,80.2108535767,39265,39275,10
13.0350198746,80.2113037109,39275,39285,10
13.0350103378,80.2113723755,39285,39295,10
13.0349597931,80.2115631104,39295,39305,10
13.0349197388,80.212020874,39305,39315,10
13.0354499817,80.2121963501,39315,39325,10
13.0360803604,80.2122421265,39325,39336,11
13.036529541,80.2122879028,39336,39346,10
13.0365400314,80.2122879028,39346,39356,10
13.0367898941,80.2123031616,39356,39366,10
13.0369997025,80.2123031616,39366,39376,10
13.0373802185,80.2122879028,39376,39386,10
13.038020134,80.2122802734,39386,39396,10
13.0388202667,80.2122802734,39396,39406,10
13.0397195816,80.2122573853,39406,39415,9
13.0406198502,80.2122497559,39415,39425,10
13.0416498184,80.2122268677,39425,39435,10
13.0426397324,80.2122268677,39435,39446,11
13.0440998077,80.2122421265,39446,39568,122
13.0440998077,80.2122421265,39568,39578,10
13.0444002151,80.2123336792,39578,39588,10
13.044960022,80.2122879028,39588,39598,10
13.0456495285,80.2122573853,39598,39608,10
13.0466499329,80.2122192383,39608,39618,10
13.0475597382,80.2121505737,39618,39628,10
13.0483102798,80.2120666504,39628,39638,10
13.0484600067,80.2120513916,39638,39648,10
13.0486698151,80.2120437622,39648,39658,10
13.049200058,80.2119979858,39658,39668,10
13.0499095917,80.2119598389,39668,39678,10
13.050620079,80.212020874,39678,39689,11
13.0513801575,80.212097168,39689,39699,10
13.0523700714,80.2119598389,39699,39709,10
13.0533399582,80.211730957,39709,39718,9
13.0541400909,80.211517334,39718,39729,11
13.0544099808,80.2114715576,39729,39739,10
13.0544300079,80.211479187,39739,39749,10
13.0548000336,80.2114181519,39749,39759,10
13.0554800034,80.2114181519,39759,39769,10
13.0564203262,80.2114486694,39769,39779,10
13.0574398041,80.2114181519,39779,39789,10
13.0577201843,80.2114334106,39789,39799,10
13.0579395294,80.21144104,39799,39810,11
13.0585002899,80.2114562988,39810,39820,10
13.0591802597,80.2115020752,39820,39830,10
13.0599899292,80.2115402222,39830,39840,10
13.0608997345,80.2115783691,39840,39850,10
13.0616798401,80.2116088867,39850,39860,10
13.0624303818,80.2115783691,39860,39870,10
13.0631399155,80.2115020752,39870,39880,10
13.0632400513,80.211479187,39880,39890,10
13.0635299683,80.2114715576,39890,39900,10
13.0640001297,80.2114715576,39900,39910,10
13.0646600723,80.2112731934,39910,39921,11
13.0654602051,80.2107620239,39921,39931,10
13.0662403107,80.2101364136,39931,39941,10
13.0669298172,80.2094573975,39941,39951,10
13.0673103333,80.2088317871,39951,39961,10
13.0674800873,80.2085418701,39961,39971,10
13.067779541,80.2080535889,39971,39981,10
13.0682001114,80.2073669434,39981,39991,10
13.0687303543,80.2065887451,39991,40001,10
13.0692596436,80.2057800293,40001,40011,10
13.0696001053,80.2051315308,40011,40021,10
13.0696802139,80.2049102783,40021,40031,10
13.0694198608,80.2048110962,40031,40042,11
13.0690803528,80.2051467896,40042,40052,10
13.068860054,80.2053375244,40052,40062,10
13.0687799454,80.2053070068,40062,40072,10
13.0685396194,80.2051773071,40072,40798,726
13.0685396194,80.2051773071,40798,40808,10
13.0683803558,80.2052307129,40808,40818,10
13.0681495667,80.2052307129,40818,40909,91
13.0681495667,80.2052307129,40909,40919,10
13.0681600571,80.2049484253,40919,40929,10
13.0682897568,80.2049407959,40929,40939,10
13.0685100555,80.2048797607,40939,40949,10
13.0686903,80.2048187256,40949,40959,10
13.0688800812,80.2047805786,40959,40969,10
13.0690803528,80.2047195435,40969,40980,11
13.0693397522,80.204750061,40980,40990,10
13.0696697235,80.2048110962,40990,41030,40
13.0696697235,80.2048110962,41030,41040,10
13.0697202682,80.204826355,41040,41050,10
13.0698299408,80.2051696777,41050,41060,10
13.0695104599,80.2056427002,41060,41070,10
13.0690803528,80.2062988281,41070,41080,10
13.0686397552,80.2069778442,41080,41090,10
13.0680704117,80.207901001,41090,41101,11
13.0675601959,80.2088012695,41101,41111,10
13.0670795441,80.2096176147,41111,41121,10
13.0663604736,80.2102890015,41121,41131,10
13.0656604767,80.2108688354,41131,41141,10
13.0651903152,80.2112426758,41141,41151,10
13.0651397705,80.2112579346,41151,41161,10
13.0648002625,80.21144104,41161,41171,10
13.0642004013,80.2116394043,41171,41181,10
13.0635299683,80.2117385864,41181,41191,10
13.0628499985,80.2117614746,41191,41201,10
13.0620803833,80.2117614746,41201,41212,11
13.0612697601,80.2117462158,41212,41222,10
13.0603904724,80.2117080688,41222,41231,9
13.059630394,80.2116699219,41231,41242,11
13.0589399338,80.2116394043,41242,41252,10
13.058719635,80.2116165161,41252,41262,10
13.0583295822,80.2116088867,41262,41272,10
13.0577697754,80.2115936279,41272,41282,10
13.0572004318,80.2115783691,41282,41292,10
13.0564603806,80.2115631104,41292,41302,10
13.0556001663,80.2115707397,41302,41312,10
13.0547895432,80.2115402222,41312,41322,10
13.0542201996,80.2115783691,41322,41333,11
13.0534896851,80.2117385864,41333,41343,10
13.0527496338,80.2119674683,41343,41353,10
13.0522098541,80.2121200562,41353,41363,10
13.0516996384,80.2121963501,41363,41379,16
13.0502595901,80.2121429443,41379,41411,32
13.0502595901,80.2121429443,41411,41420,9
13.0499296188,80.2121124268,41420,41431,11
13.049659729,80.2121734619,41431,41441,10
13.0496196747,80.2121582031,41441,41452,11
13.0494003296,80.2121200562,41452,41462,10
13.0488796234,80.2121276855,41462,41471,9
13.0482397079,80.2121734619,41471,41482,11
13.0473203659,80.2122573853,41482,41492,10
13.0463600159,80.2123184204,41492,41502,10
13.0454502106,80.2123565674,41502,41512,10
13.0448703766,80.2123794556,41512,41522,10
13.0444097519,80.2124023438,41522,41532,10
13.0438098907,80.2123565674,41532,41542,10
13.043009758,80.2123565674,41542,41552,10
13.0420503616,80.2123565674,41552,41563,11
13.0409402847,80.2123794556,41563,41573,10
13.039899826,80.212387085,41573,41583,10
13.0389404297,80.2123718262,41583,41593,10
13.0377101898,80.2123184204,41593,41683,90
13.0377101898,80.2123184204,41683,41694,11
13.0373001099,80.2122497559,41694,41704,10
13.0366601944,80.2122497559,41704,41720,16
13.035369873,80.2122573853,41720,41732,12
13.0346603394,80.2122192383,41732,41742,10
13.0343704224,80.2121734619,41742,41750,8
13.0343399048,80.2121582031,41750,41763,13
13.0340995789,80.2121200562,41763,41773,10
13.0336999893,80.2120437622,41773,41783,10
13.0330896378,80.2119293213,41783,41793,10
13.0324001312,80.2118377686,41793,41804,11
13.0319004059,80.2115936279,41804,41814,10
13.0319900513,80.2110137939,41814,41824,10
13.0320396423,80.2103500366,41824,41834,10
13.0320396423,80.2097320557,41834,41844,10
13.031709671,80.2096176147,41844,41854,10
13.0310897827,80.2094192505,41854,41864,10
13.0303401947,80.2091903687,41864,41874,10
13.0298299789,80.2090377808,41874,41884,10
13.0298204422,80.2090377808,41884,41894,10
13.0296897888,80.2089767456,41894,41904,10
13.0293397903,80.2088623047,41904,41914,10
13.0286302567,80.2087020874,41914,41925,11
13.0277204514,80.2083816528,41925,41935,10
13.0269002914,80.2079086304,41935,41945,10
13.0260095596,80.2073669434,41945,41955,10
13.0249700546,80.2070236206,41955,41965,10
13.0242300034,80.2069015503,41965,41975,10
13.0241298676,80.2068481445,41975,41985,10
13.0237398148,80.2067565918,41985,41995,10
13.0231304169,80.2066192627,41995,42005,10
13.0223798752,80.2064437866,42005,42015,10
13.0215301514,80.2063980103,42015,42025,10
13.0206203461,80.206413269,42025,42035,10
13.0197000504,80.2063903809,42035,42046,11
13.0191402435,80.2062988281,42046,42056,10
13.0187997818,80.2062225342,42056,42066,10
13.0187902451,80.2062225342,42066,42082,16
13.0181999207,80.2060165405,42082,42094,12
13.0176801682,80.2058181763,42094,42104,10
13.0173501968,80.2056808472,42104,42114,10
13.0168600082,80.2055435181,42114,42123,9
13.0159902573,80.2052612305,42123,42134,11
13.0150203705,80.2049179077,42134,42146,12
13.01404953,80.2045822144,42146,42155,9
13.013589859,80.2044906616,42155,42165,10
13.0134801865,80.2048492432,42165,42177,12
13.013250351,80.2055892944,42177,42186,9
13.0130596161,80.2062606812,42186,42197,11
13.0129995346,80.2070770264,42197,42207,10
13.0129203796,80.2077636719,42207,42216,9
13.0129003525,80.2081604004,42216,42227,11
13.0129003525,80.2085418701,42227,42237,10
13.012960434,80.2089691162,42237,42247,10
13.0131101608,80.2095336914,42247,42257,10
13.0132198334,80.2100524902,42257,42267,10
13.0130796432,80.2107467651,42267,42278,11
13.0127096176,80.2115402222,42278,42288,10
13.0123701096,80.2121124268,42288,42298,10
13.0120000839,80.2126312256,42298,42308,10
13.0118198395,80.2128067017,42308,42318,10
13.0116195679,80.2126998901,42318,42328,10
13.0112895966,80.2124023438,42328,42338,10
13.0107402802,80.2120132446,42338,42348,10
13.0102701187,80.2116317749,42348,42358,10
13.0099201202,80.2113571167,42358,42368,10
13.0098199844,80.2113189697,42368,42378,10
13.00963974,80.211151123,42378,42388,10
13.0096101761,80.2111434937,42388,42399,11
13.0094804764,80.2111206055,42399,42409,10
13.0094499588,80.2110977173,42409,42419,10
13.0092897415,80.211151123,42419,42429,10
13.0091104507,80.2113800049,42429,42439,10
13.009059906,80.211769104,42439,42449,10
13.00922966,80.2123184204,42449,42459,10
13.009469986,80.2129821777,42459,42469,10
13.0097303391,80.2136230469,42469,42479,10
13.0100002289,80.2142715454,42479,42489,10
13.0101699829,80.2149810791,42489,42499,10
13.010310173,80.2157669067,42499,42509,10
13.0106601715,80.2165908813,42509,42520,11
13.0111103058,80.2175216675,42520,42530,10
13.0114402771,80.2183914185,42530,42540,10
13.011759758,80.2192764282,42540,42550,10
13.0120801926,80.2202224731,42550,42560,10
13.012339592,80.2211990356,42560,42580,20
13.012339592,80.2211990356,42580,42590,10
13.0123500824,80.2213287354,42590,42600,10
13.0124902725,80.2215805054,42600,42610,10
13.0128202438,80.2220916748,42610,42620,10
13.0132904053,80.2225570679,42620,42631,11
13.0138502121,80.2232437134,42631,42641,10
13.0142803192,80.2238693237,42641,42651,10
13.0147895813,80.2245101929,42651,42661,10
13.0153999329,80.2252807617,42661,42681,20
13.0153999329,80.2252807617,42681,42691,10
13.0154304504,80.2256393433,42691,42701,10
13.0151195526,80.2258987427,42701,42711,10
13.0145397186,80.2261428833,42711,42721,10
13.0138597488,80.2264404297,42721,42731,10
13.0130500793,80.2267608643,42731,42741,10
13.0121603012,80.2270965576,42741,42752,11
13.0111103058,80.2274932861,42752,42762,10
13.010219574,80.2278213501,42762,42772,10
13.0095701218,80.2278671265,42772,42782,10
13.0096197128,80.2273178101,42782,42792,10
13.0099201202,80.2266769409,42792,42801,9
13.010219574,80.2259902954,42801,42811,10
13.0105495453,80.2252197266,42811,42822,11
13.0109195709,80.2243728638,42822,42832,10
13.0112600327,80.2234802246,42832,42842,10
13.0110797882,80.2231521606,42842,42851,9
13.0106096268,80.2229003906,42851,42862,11
13.0098896027,80.2225036621,42862,42873,11
13.0090703964,80.2220687866,42873,42883,10
13.0083503723,80.2216567993,42883,42893,10
13.007610321,80.2212600708,42893,42903,10
13.0068798065,80.2209091187,42903,42913,10
13.0059995651,80.2206115723,42913,42923,10
13.0051202774,80.2203903198,42923,42933,10
13.0045099258,80.2202301025,42933,42943,10
13.0037498474,80.2200393677,42943,42953,10
13.0032596588,80.2199630737,42953,42963,10
13.002699852,80.2197113037,42963,42973,10
13.0021696091,80.2192306519,42973,42982,9
13.0016899109,80.2187271118,42982,42994,12
13.0009298325,80.2181930542,42994,43004,10
13.0003299713,80.2177886963,43004,43014,10
12.9996995926,80.2173995972,43014,43023,9
12.9990701675,80.217048645,43023,43035,12
12.9981002808,80.2166290283,43035,43045,10
12.9974002838,80.2165374756,43045,43055,10
12.9973402023,80.2165374756,43055,43065,10
12.9972801208,80.2165374756,43065,43075,10
12.9969997406,80.2165374756,43075,43085,10
12.9966001511,80.2165603638,43085,43095,10
12.9960002899,80.2166824341,43095,43106,11
12.9952001572,80.2169723511,43106,43116,10
12.9946403503,80.2173461914,43116,43126,10
12.994099617,80.2177581787,43126,43136,10
12.9934997559,80.2181625366,43136,43146,10
12.9928798676,80.2186431885,43146,43156,10
12.9921598434,80.2191390991,43156,43166,10
12.9915504456,80.2195892334,43166,43176,10
12.9913396835,80.219619751,43176,43186,10
12.9910497665,80.2194824219,43186,43196,10
12.9909095764,80.2194290161,43196,43206,10
12.9904603958,80.2192687988,43206,43216,10
12.9897899628,80.219039917,43216,43227,11
12.9889001846,80.2187194824,43227,43237,10
12.9880104065,80.2184677124,43237,43247,10
12.9871902466,80.2182998657,43247,43257,10
12.9867696762,80.2182312012,43257,43267,10
12.9865999222,80.2181777954,43267,43277,10
12.9861297607,80.2180633545,43277,43287,10
12.9853696823,80.2179336548,43287,43297,10
12.9844799042,80.2179489136,43297,43307,10
12.9839296341,80.2179718018,43307,43317,10
12.9838104248,80.217956543,43317,43327,10
12.983420372,80.217956543,43327,43337,10
12.9828395844,80.217956543,43337,43348,11
12.982049942,80.2179718018,43348,43358,10
12.9812698364,80.2180862427,43358,43368,10
12.9806003571,80.2182998657,43368,43378,10
12.9801797867,80.218460083,43378,43388,10
12.9800300598,80.218536377,43388,43398,10
12.97976017,80.2186279297,43398,43408,10
12.9791402817,80.2188873291,43408,43418,10
12.978679657,80.2190704346,43418,43428,10
12.9781799316,80.2192611694,43428,43438,10
12.9774999619,80.2195510864,43438,43448,10
12.9767398834,80.2199020386,43448,43458,10
12.9760503769,80.2202301025,43458,43499,41
12.9760503769,80.2202301025,43499,43509,10
12.9758996964,80.2202835083,43509,43519,10
12.9757604599,80.2203369141,43519,43529,10
12.9756402969,80.2204437256,43529,43539,10
12.9755601883,80.2206573486,43539,43549,10
12.9755897522,80.2208328247,43549,43559,10
12.9758396149,80.2211074829,43559,43569,10
12.9762096405,80.2216415405,43569,43590,21
12.9762096405,80.2216415405,43590,43600,10
12.976360321,80.2219390869,43600,43610,10
12.9765796661,80.2223510742,43610,43620,10
12.9769001007,80.2228088379,43620,43630,10
12.9772396088,80.2233734131,43630,43640,10
12.9776601791,80.2240371704,43640,43650,10
12.9781103134,80.2247467041,43650,43660,10
12.9784803391,80.2253112793,43660,43670,10
12.9785995483,80.2255401611,43670,43680,10
12.9788599014,80.2259674072,43680,43690,10
12.9792003632,80.2265472412,43690,43701,11
12.979590416,80.2272033691,43701,43711,10
12.9799900055,80.2278289795,43711,43721,10
12.9802598953,80.2282867432,43721,43731,10
12.9804801941,80.2286529541,43731,43741,10
12.9807796478,80.2291412354,43741,43751,10
12.9810695648,80.2296218872,43751,43761,10
12.9814500809,80.2301864624,43761,43771,10
12.9816503525,80.2304916382,43771,43780,9
12.9816999435,80.2306213379,43780,43790,10
12.9818601608,80.2310028076,43790,43801,11
12.9819498062,80.231628418,43801,43811,10
12.9819698334,80.2323684692,43811,43822,11
12.981710434,80.2332229614,43822,43832,10
12.9815397263,80.2336196899,43832,43842,10
12.9815196991,80.2336730957,43842,43852,10
12.9813404083,80.2340316772,43852,43862,10
12.981180191,80.2346572876,43862,43872,10
12.9811897278,80.2354736328,43872,43882,10
12.9812297821,80.2363510132,43882,43892,10
12.9812498093,80.2372512817,43892,43902,10
12.9812698364,80.2378997803,43902,43912,10
12.9813098907,80.2387008667,43912,43932,20
12.9813098907,80.2387008667,43932,43943,11
12.9813098907,80.2389373779,43943,43953,10
12.9813098907,80.2393112183,43953,43963,10
12.9813203812,80.2397079468,43963,43973,10
12.9813299179,80.240196228,43973,43983,10
12.9813299179,80.2408218384,43983,43993,10
12.9813404083,80.2414779663,43993,44003,10
12.9813604355,80.2421569824,44003,44013,10
12.9813699722,80.2426834106,44013,44023,10
12.9813699722,80.2427215576,44023,44033,10
12.9813098907,80.2428817749,44033,44043,10
12.9813404083,80.2432785034,44043,44054,11
12.9812698364,80.2439804077,44054,44064,10
12.9811697006,80.2447662354,44064,44074,10
12.9810695648,80.245552063,44074,44084,10
12.9809799194,80.2464294434,44084,44094,10
12.9808998108,80.2474136353,44094,44104,10
12.9808301926,80.2484207153,44104,44114,10
12.9807395935,80.249458313,44114,44124,10
12.9805297852,80.2504577637,44124,44134,10
12.9803104401,80.2513198853,44134,44144,10
12.9801197052,80.252243042,44144,44164,20
12.9801197052,80.252243042,44164,44175,11
12.980099678,80.2524795532,44175,44185,10
12.9802999496,80.2526092529,44185,44195,10
12.9806995392,80.2526397705,44195,44205,10
12.9813499451,80.2526092529,44205,44215,10
12.982170105,80.2525863647,44215,44225,10
12.9830799103,80.252532959,44225,44235,10
12.9839696884,80.2523422241,44235,44245,10
12.9848403931,80.2520980835,44245,44255,10
12.9856996536,80.2518768311,44255,44265,10
12.9864397049,80.2516784668,44265,44275,10
12.987279892,80.2514419556,44275,44356,81
12.987279892,80.2514419556,44356,44366,10
12.9874200821,80.2514038086,44366,44376,10
12.9877099991,80.251373291,44376,44386,10
12.9879302979,80.2516098022,44386,44396,10
12.9879903793,80.2520904541,44396,44407,11
12.9879398346,80.2528686523,44407,44417,10
12.987859726,80.253692627,44417,44427,10
12.9877901077,80.2545471191,44427,44437,10
12.9877195358,80.2553710938,44437,44588,151
12.9877195358,80.2553710938,44588,44598,10
12.9875602722,80.255569458,44598,44608,10
12.9875202179,80.2558822632,44608,44618,10
12.9874601364,80.256362915,44618,44628,10
12.9874401093,80.2567367554,44628,44638,10
12.9874000549,80.2571563721,44638,44649,11
12.9873304367,80.2579193115,44649,44659,10
12.987279892,80.2586517334,44659,44669,10
12.9871902466,80.2591171265,44669,44679,10
12.9871501923,80.2595672607,44679,44719,40
12.9871501923,80.2595672607,44719,44729,10
12.9870595932,80.2596435547,44729,44759,30
12.9870595932,80.2596435547,44759,44770,11
12.9866600037,80.2595214844,44770,45033,263
12.9865198135,80.2591781616,45033,47040,2007
12.9868202209,80.258972168,47040,47131,91
12.9868202209,80.258972168,47131,47141,10
12.9871797562,80.2591323853,47141,47151,10
12.9873199463,80.2589492798,47151,47161,10
12.9873504639,80.2585220337,47161,47171,10
12.9873800278,80.2580108643,47171,47181,10
12.9874296188,80.2574996948,47181,47191,10
12.9874696732,80.2568969727,47191,47201,10
12.9875402451,80.2564163208,47201,47231,30
12.9875402451,80.2564163208,47231,47242,11
12.9876098633,80.2560806274,47242,47252,10
12.9876403809,80.2557601929,47252,47262,10
12.987739563,80.2552490234,47262,47271,9
12.9877500534,80.2547683716,47271,47282,11
12.9877595901,80.254699707,47282,47292,10
12.9877996445,80.2543334961,47292,47302,10
12.987830162,80.2537307739,47302,47312,10
12.9878997803,80.2529373169,47312,47322,10
12.9879102707,80.2520980835,47322,47332,10
12.9877195358,80.2516174316,47332,47342,10
12.9871702194,80.251663208,47342,47352,10
12.9864196777,80.2518310547,47352,47363,11
12.9853801727,80.2520675659,47363,47373,10
12.9843397141,80.2523574829,47373,47383,10
12.9832601547,80.2526321411,47383,47393,10
12.9821796417,80.2527084351,47393,47403,10
12.9810695648,80.2527389526,47403,47413,10
12.9800300598,80.2527313232,47413,47502,89
12.9800300598,80.2527313232,47502,47512,10
12.979809761,80.2525177002,47512,47521,9
12.9798297882,80.2523117065,47521,47532,11
12.9798402786,80.252243042,47532,47541,9
12.9798603058,80.2521820068,47541,47552,11
12.9799900055,80.2517776489,47552,47562,10
12.9801902771,80.2513122559,47562,47573,11
12.9804000854,80.2505493164,47573,47583,10
12.9806003571,80.24974823,47583,47593,10
12.9806995392,80.2489929199,47593,47603,10
12.9807395935,80.2482070923,47603,47613,10
12.9807796478,80.2475128174,47613,47624,11
12.9808397293,80.2467269897,47624,47634,10
12.9809398651,80.2456893921,47634,47644,10
12.9810600281,80.2446975708,47644,47654,10
12.9811401367,80.2438201904,47654,47664,10
12.981300354,80.2434616089,47664,47674,10
12.9813404083,80.2426986694,47674,47694,20
12.9813404083,80.2426986694,47694,47704,10
12.9813404083,80.2425003052,47704,47714,10
12.9813203812,80.2420272827,47714,47725,11
12.9813203812,80.2412719727,47725,47735,10
12.9813098907,80.2404708862,47735,47745,10
12.981300354,80.2397766113,47745,47755,10
12.9812898636,80.239616394,47755,47765,10
12.9812803268,80.2393035889,47765,47775,10
12.9812602997,80.2387084961,47775,47785,10
12.9812297821,80.2378921509,47785,47805,20
12.9812297821,80.2378921509,47805,47815,10
12.9812202454,80.2376937866,47815,47825,10
12.9811897278,80.2372589111,47825,47835,10
12.9811897278,80.2366409302,47835,47846,11
12.9811601639,80.2358322144,47846,47856,10
12.9811496735,80.2350463867,47856,47866,10
12.9811601639,80.2343063354,47866,47876,10
12.9814100266,80.2336425781,47876,47886,10
12.9815998077,80.2332763672,47886,47896,10
12.9816102982,80.2332687378,47896,47906,10
12.9816799164,80.2331924438,47906,47916,10
12.981880188,80.2326431274,47916,47936,20
12.981880188,80.2326431274,47936,47946,10
12.9819498062,80.2324066162,47946,47957,11
12.9819498062,80.2320404053,47957,47967,10
12.9819402695,80.2316436768,47967,47977,10
12.9819402695,80.2314376831,47977,47987,10
12.9819097519,80.2310180664,47987,47996,9
12.981760025,80.230682373,47996,48007,11
12.981470108,80.2302322388,48007,48017,10
12.9810495377,80.2295684814,48017,48027,10
12.9808197021,80.2291870117,48027,48037,10
12.9806604385,80.2289581299,48037,48047,10
12.9806404114,80.2289199829,48047,48057,10
12.9806404114,80.2288513184,48057,48067,10
12.9804401398,80.2285385132,48067,48078,11
12.9803800583,80.2284164429,48078,48088,10
12.9803304672,80.2282714844,48088,48098,10
12.9800901413,80.2278900146,48098,48108,10
12.9797401428,80.2273178101,48108,48118,10
12.97935009,80.2266769409,48118,48128,10
12.9789304733,80.2259902954,48128,48138,10
12.9785203934,80.2253036499,48138,48148,10
12.9781198502,80.2246170044,48148,48158,10
12.9777698517,80.2241592407,48158,48168,10
12.9774599075,80.2236633301,48168,48178,10
12.9771795273,80.2231903076,48178,48188,10
12.9770698547,80.2229614258,48188,48199,11
12.9769001007,80.2226791382,48199,48209,10
12.976650238,80.2223129272,48209,48219,10
12.9763298035,80.2218399048,48219,48229,10
12.9760904312,80.2214584351,48229,48239,10
12.9756603241,80.221031189,48239,48279,40
12.9755001068,80.2208709717,48279,48350,71
12.9755001068,80.2208709717,48350,48360,10
12.9752998352,80.2205581665,48360,48370,10
12.9755001068,80.2203826904,48370,48380,10
12.975810051,80.2201385498,48380,48390,10
12.9763097763,80.2199020386,48390,48400,10
12.9769802094,80.219619751,48400,48410,10
12.9777297974,80.2193069458,48410,48420,10
12.9784202576,80.219078064,48420,48431,11
12.9789104462,80.2188796997,48431,48441,10
12.9795398712,80.2186203003,48441,48451,10
12.980099678,80.2183837891,48451,48461,10
12.9806995392,80.2181625366,48461,48471,10
12.9813804626,80.217918396,48471,48481,10
12.9821195602,80.2177963257,48481,48491,10
12.9825801849,80.2177810669,48491,48501,10
12.9832496643,80.2177886963,48501,48511,10
12.9837799072,80.2177886963,48511,48521,10
12.9837799072,80.2177963257,48521,48531,10
12.9839601517,80.2178268433,48531,48541,10
12.9843301773,80.2178192139,48541,48552,11
12.9849500656,80.2177963257,48552,48563,11
12.9857597351,80.2178573608,48563,48573,10
12.9865398407,80.2180404663,48573,48583,10
12.9871997833,80.2181777954,48583,48592,9
12.9873199463,80.2181930542,48592,48603,11
12.9873600006,80.2182235718,48603,48613,10
12.9874696732,80.218208313,48613,48623,10
12.9878196716,80.2183227539,48623,48633,10
12.9883804321,80.218460083,48633,48643,10
12.9889698029,80.2186279297,48643,48653,10
12.9895896912,80.2188415527,48653,48663,10
12.9903402328,80.2190628052,48663,48674,11
12.9912204742,80.2193374634,48674,48684,10
12.9917497635,80.2193222046,48684,48693,9
12.9922304153,80.2189865112,48693,48704,11
12.9929199219,80.2184829712,48704,48714,10
12.9935398102,80.2180023193,48714,48724,10
12.9940004349,80.2176818848,48724,48734,10
12.9945602417,80.2172775269,48734,48743,9
12.9950799942,80.2169189453,48743,48754,11
12.995639801,80.2166519165,48754,48764,10
12.9962501526,80.2165222168,48764,48774,10
12.9968204498,80.2164382935,48774,48785,11
12.9972400665,80.2163009644,48785,48795,10
12.9975404739,80.2160415649,48795,48815,20
12.9975404739,80.2160415649,48815,48825,10
12.9976196289,80.216003418,48825,48835,10
12.9979000092,80.2157363892,48835,48845,10
12.9983701706,80.2153091431,48845,48855,10
12.9989500046,80.2148590088,48855,48865,10
12.9992198944,80.2146377563,48865,48875,10
12.99958992,80.2143173218,48875,48885,10
12.9999198914,80.2140197754,48885,48895,10
13.0003995895,80.2135772705,48895,48906,11
13.00096035,80.2130889893,48906,48916,10
13.0012397766,80.2128829956,48916,48926,10
13.0015802383,80.2126235962,48926,48936,10
13.0020799637,80.2123031616,48936,48946,10
13.002699852,80.2120895386,48946,48956,10
13.0036001205,80.2119293213,48956,48976,20
13.0036001205,80.2119293213,48976,48986,10
13.003660202,80.2117767334,48986,48996,10
13.003660202,80.2113494873,48996,49006,10
13.0036001205,80.2107315063,49006,49016,10
13.0035200119,80.2100830078,49016,49027,11
13.0035400391,80.2093429565,49027,49037,10
13.0037298203,80.2086791992,49037,49047,10
13.00440979,80.2087783813,49047,49057,10
13.0052404404,80.2091522217,49057,49067,10
13.006070137,80.2094726563,49067,49077,10
13.0071401596,80.209777832,49077,49097,20
13.0071401596,80.209777832,49097,49107,10
13.0073604584,80.2098388672,49107,49117,10
13.0074596405,80.2098388672,49117,49127,10
13.0075798035,80.2098770142,49127,49137,10
13.0078601837,80.2099075317,49137,49148,11
13.0081195831,80.2099075317,49148,49158,10
13.0080699921,80.2094802856,49158,49168,10
13.0079498291,80.2087936401,49168,49178,10
13.0078201294,80.2079086304,49178,49188,10
13.0076904297,80.2069778442,49188,49198,10
13.0075502396,80.2060089111,49198,49208,10
13.0075101852,80.2050628662,49208,49218,10
13.0074996948,80.2042694092,49218,49228,10
13.0074195862,80.2035217285,49228,49238,10
13.0072002411,80.2026367188,49238,49248,10
13.0065603256,80.2027206421,49248,49258,10
13.0066900253,80.2032470703,49258,49269,11
13.007229805,80.2035522461,49269,49279,10
13.007900238,80.2036819458,49279,49289,10
13.0087203979,80.2036437988,49289,49299,10
13.0097198486,80.2035675049,49299,49309,10
13.0108604431,80.2035827637,49309,49319,10
13.0120601654,80.203742981,49319,49329,10
13.0130901337,80.2039489746,49329,49339,10
13.0137996674,80.204208374,49339,49349,10
13.01445961,80.204460144,49349,49359,10
13.0150299072,80.2046127319,49359,49369,10
13.0151100159,80.2046432495,49369,49379,10
13.0153102875,80.2047576904,49379,49390,11
13.0157403946,80.2049789429,49390,49400,10
13.0164899826,80.2052383423,49400,49410,10
13.0172700882,80.2053604126,49410,49420,10
13.017660141,80.2055587769,49420,49430,10
13.0183200836,80.2058029175,49430,49440,10
13.0186796188,80.2059173584,49440,49450,10
13.0187501907,80.2059402466,49450,49460,10
13.0191001892,80.2060699463,49460,49470,10
13.0197000504,80.2062301636,49470,49480,10
13.0205001831,80.2062606812,49480,49490,10
13.0214300156,80.2062835693,49490,49501,11
13.0224199295,80.2063598633,49501,49511,10
13.0233402252,80.2065734863,49511,49521,10
13.0241804123,80.2066879272,49521,49531,10
13.0245399475,80.2067337036,49531,49541,10
13.0247297287,80.2068023682,49541,49551,10
13.025270462,80.2069396973,49551,49561,10
13.0259504318,80.2072067261,49561,49571,10
13.0265703201,80.207572937,49571,49581,10
13.0272798538,80.2079772949,49581,49591,10
13.0280504227,80.2083892822,49591,49601,10
13.0286998749,80.2085876465,49601,49611,10
13.0293998718,80.2087631226,49611,49622,11
13.0301198959,80.2089691162,49622,49652,30
13.0301198959,80.2089691162,49652,49662,10
13.0303401947,80.2090606689,49662,49672,10
13.0308103561,80.2091827393,49672,49682,10
13.0314397812,80.2093429565,49682,49692,10
13.0316095352,80.2093963623,49692,49702,10
13.0316696167,80.2094573975,49702,49712,10
13.0320196152,80.2095718384,49712,49722,10
13.0326099396,80.2096633911,49722,49732,10
13.0333003998,80.209777832,49732,49743,11
13.0340795517,80.2099609375,49743,49752,9
13.0347099304,80.210067749,49752,49763,11
13.0350198746,80.2103805542,49763,49773,10
13.0349798203,80.2108764648,49773,49783,10
13.0349998474,80.2111968994,49783,49793,10
13.0349998474,80.2112121582,49793,49803,10
13.0349798203,80.2113571167,49803,49813,10
13.034910202,80.2117919922,49813,49823,10
13.0350198746,80.2121276855,49823,49833,10
13.0354995728,80.2122192383,49833,49843,10
13.0361700058,80.2122573853,49843,49853,10
13.0368299484,80.2122802734,49853,49864,11
13.0369796753,80.212272644,49864,49874,10
13.0372495651,80.2122802734,49874,49884,10
13.0377902985,80.212272644,49884,49894,10
13.0385398865,80.2122802734,49894,49904,10
13.0394601822,80.2122573853,49904,49914,10
13.04047966,80.2122497559,49914,49924,10
13.0414800644,80.2122497559,49924,49934,10
13.0425100327,80.2122421265,49934,49944,10
13.0437002182,80.2122802734,49944,49964,20
13.0437002182,80.2122802734,49964,49975,11
13.0440101624,80.2122802734,49975,49985,10
13.0444202423,80.2122802734,49985,49995,10
13.0449199677,80.212272644,49995,50005,10
13.0456104279,80.2122497559,50005,50015,10
13.0464401245,80.2122192383,50015,50025,10
13.0473003387,80.2121582031,50025,50035,10
13.0480203629,80.2120819092,50035,50045,10
13.0484800339,80.2120437622,50045,50055,10
13.048500061,80.2120437622,50055,50065,10
13.0487003326,80.212020874,50065,50075,10
13.0491600037,80.2119903564,50075,50085,10
13.0495996475,80.2119674683,50085,50096,11
13.049779892,80.2119674683,50096,50106,10
13.0499401093,80.2119674683,50106,50116,10
13.0501804352,80.2119903564,50116,50126,10
13.050620079,80.2120437622,50126,50136,10
13.0511302948,80.2121124268,50136,50146,10
13.0521202087,80.2119979858,50146,50156,10
13.0531101227,80.2117462158,50156,50166,10
13.0541000366,80.21144104,50166,50186,20
13.0541000366,80.21144104,50186,50196,10
13.0545101166,80.2113876343,50196,50206,10
13.0550603867,80.2114105225,50206,50217,11
13.0559597015,80.21144104,50217,50227,10
13.0568799973,80.2114562988,50227,50243,16
13.058259964,80.211479187,50243,50255,12
13.0587501526,80.2114486694,50255,50265,10
13.0590200424,80.2114715576,50265,50275,10
13.059510231,80.2115325928,50275,50285,10
13.0602197647,80.2115783691,50285,50295,10
13.0610799789,80.2116088867,50295,50305,10
13.0618600845,80.2116165161,50305,50315,10
13.0626897812,80.2115631104,50315,50325,10
13.0631504059,80.2115325928,50325,50336,11
13.0631599426,80.2115325928,50336,50345,9
13.0634002686,80.2115402222,50345,50356,11
13.0638999939,80.2115020752,50356,50366,10
13.0645399094,80.2113189697,50366,50376,10
13.0652399063,80.210899353,50376,50386,10
13.0659198761,80.210319519,50386,50396,10
13.0665302277,80.2097930908,50396,50405,9
13.0670604706,80.2091522217,50405,50415,10
13.0673303604,80.2087173462,50415,50426,11
13.0675897598,80.2082901001,50426,50436,10
13.0679502487,80.2077331543,50436,50447,11
13.0684299469,80.2070236206,50447,50457,10
13.0689001083,80.2063064575,50457,50467,10
13.0693597794,80.205581665,50467,50477,10
13.0696802139,80.2049789429,50477,50487,10
13.0694198608,80.2047805786,50487,50497,10
13.0691404343,80.2050170898,50497,50507,10
13.0689496994,80.2053070068,50507,50517,10
13.0688295364,80.205368042,50517,50527,10
13.0684604645,80.2054214478,50527,50921,394
13.0684604645,80.2054214478,50921,50931,10
13.0680198669,80.2054290771,50931,50941,10
13.0679597855,80.2051467896,50941,50951,10
13.0682296753,80.2049331665,50951,51536,585
13.0682296753,80.2049331665,51536,51546,10
13.0685796738,80.2049026489,51546,51556,10
13.0689001083,80.2047805786,51556,51566,10
13.0689296722,80.2047805786,51566,51576,10
13.0691299438,80.2047271729,51576,51586,10
13.0694303513,80.2047805786,51586,51596,10
13.0696001053,80.2048110962,51596,51606,10
13.0697603226,80.2049102783,51606,51616,10
13.0698204041,80.2049713135,51616,51626,10
13.0698604584,80.2051467896,51626,51637,11
13.0695800781,80.2055892944,51637,51647,10
13.0691995621,80.206199646,51647,51657,10
13.0687398911,80.2069091797,51657,51667,10
13.0682601929,80.2076873779,51667,51677,10
13.0677604675,80.2084884644,51677,51687,10
13.0672397614,80.209312439,51687,51697,10
13.0666103363,80.2100524902,51697,51707,10
13.0658597946,80.2106704712,51707,51717,10
13.0652999878,80.2111206055,51717,51727,10
13.0651597977,80.2112197876,51727,51737,10
13.0650701523,80.2112426758,51737,51748,11
13.0646696091,80.2114562988,51748,51758,10
13.0640096664,80.2116775513,51758,51768,10
13.0632696152,80.2117385864,51768,51778,10
13.0623998642,80.2117614746,51778,51788,10
13.0615196228,80.2116394043,51788,51798,10
13.0604200363,80.2116317749,51798,51808,10
13.0593795776,80.2116088867,51808,51818,10
13.0584001541,80.2115707397,51818,51828,10
13.0576000214,80.2115783691,51828,51838,10
13.0570001602,80.2115783691,51838,51848,10
13.0562496185,80.2115936279,51848,51858,10
13.0553998947,80.2115402222,51858,51869,11
13.054400444,80.2115402222,51869,51879,10
13.0534801483,80.2117614746,51879,51889,10
13.0525798798,80.2119979858,51889,51899,10
13.0517501831,80.2121887207,51899,51909,10
13.0509500504,80.2121276855,51909,51919,10
13.0501098633,80.2121200562,51919,51959,40
13.0501098633,80.2121200562,51959,51969,10
13.0498504639,80.2121429443,51969,51985,16
13.0494804382,80.2121429443,51985,52008,23
13.0494804382,80.2121429443,52008,52018,10
13.0491600037,80.2121200562,52018,52028,10
13.048620224,80.2121582031,52028,52038,10
13.0480298996,80.2121963501,52038,52048,10
13.0472202301,80.2122421265,52048,52058,10
13.0461397171,80.2122802734,52058,52068,10
13.045129776,80.2123184204,52068,52078,10
13.0434799194,80.2123413086,52078,52088,10
13.0434799194,80.2123413086,52088,52098,10
13.0425901413,80.2123413086,52098,52109,11
13.0416402817,80.212348938,52109,52119,10
13.0406398773,80.2123413086,52119,52129,10
13.0395898819,80.2123413086,52129,52139,10
13.038599968,80.2123565674,52139,52149,10
13.0381002426,80.2123794556,52149,52160,11
13.0378398895,80.2123718262,52160,52180,20
13.0378398895,80.2123718262,52180,52190,10
13.037560463,80.2123413086,52190,52200,10
13.0369901657,80.212310791,52200,52210,10
13.0362997055,80.2122879028,52210,52221,11
13.035490036,80.212272644,52221,52231,10
13.0350999832,80.2122421265,52231,52241,10
13.0346498489,80.2121734619,52241,52251,10
13.0342197418,80.212097168,52251,52271,20
13.0342197418,80.212097168,52271,52281,10
13.0339002609,80.212059021,52281,52291,10
13.0333795547,80.2119598389,52291,52301,10
13.0326795578,80.211807251,52301,52311,10
13.0320100784,80.2115936279,52311,52321,10
13.0320301056,80.2108764648,52321,52331,10
13.0320701599,80.2101211548,52331,52342,11
13.0318603516,80.209602356,52342,52352,10
13.03125,80.2094573975,52352,52362,10
13.0307598114,80.209312439,52362,52372,10
13.0306301117,80.2092437744,52372,52382,10
13.0302400589,80.2091293335,52382,52392,10
13.0295495987,80.2089309692,52392,52412,20
13.0295495987,80.2089309692,52412,52422,10
13.0293397903,80.2088165283,52422,52432,10
13.0288200378,80.2087020874,52432,52442,10
13.0281000137,80.2085037231,52442,52453,11
13.0273599625,80.2081375122,52453,52463,10
13.0266304016,80.2077026367,52463,52472,9
13.0258903503,80.20728302,52472,52483,11
13.0248403549,80.2070007324,52483,52493,10
13.0241699219,80.2068786621,52493,52503,10
13.0240497589,80.2068405151,52503,52513,10
13.0236597061,80.2067337036,52513,52523,10
13.023059845,80.2065963745,52523,52533,10
13.0222997665,80.2064590454,52533,52543,10
13.0214195251,80.2064208984,52543,52553,10
13.0204601288,80.2063980103,52553,52563,10
13.0194797516,80.2063674927,52563,52573,10
13.0189800262,80.2062683105,52573,52584,11
13.0189599991,80.2062683105,52584,52594,10
13.0186195374,80.2061462402,52594,52604,10
13.0180397034,80.2059402466,52604,52614,10
13.0173997879,80.2056808472,52614,52624,10
13.0168199539,80.2053909302,52624,52634,10
13.015879631,80.2050476074,52634,52644,10
13.014960289,80.2047805786,52644,52654,10
13.0142498016,80.2045516968,52654,52664,10
13.0142002106,80.2045288086,52664,52674,10
13.0140199661,80.2044525146,52674,52684,10
13.0136604309,80.2043685913,52684,52695,11
13.0135602951,80.2045898438,52695,52705,10
13.0134801865,80.204826355,52705,52721,16
13.0132303238,80.2056808472,52721,52733,12
13.0130395889,80.2065505981,52733,52743,10
13.0129995346,80.2071990967,52743,52753,10
13.0129098892,80.2077713013,52753,52762,9
13.0128898621,80.2081375122,52762,52773,11
13.0129003525,80.2085723877,52773,52783,10
13.0129499435,80.2089614868,52783,52793,10
13.0130701065,80.2093887329,52793,52804,11
13.0131702423,80.2099914551,52804,52815,11
13.0130395889,80.2107620239,52815,52826,11
13.0127096176,80.2114562988,52826,52836,10
13.0123796463,80.2120437622,52836,52845,9
13.0120296478,80.2125396729,52845,52856,11
13.0118598938,80.2127990723,52856,52866,10
13.0115499496,80.212600708,52866,52876,10
13.0111103058,80.2122802734,52876,52886,10
13.01060009,80.2118988037,52886,52896,10
13.0101299286,80.211517334,52896,52906,10
13.0097799301,80.2112579346,52906,52916,10
13.0096101761,80.2111282349,52916,52947,31
13.0096101761,80.2111282349,52947,52957,10
13.0094499588,80.2109985352,52957,52967,10
13.0093002319,80.2110595703,52967,52977,10
13.0091600418,80.2112197876,52977,52987,10
13.0090398788,80.2115325928,52987,52997,10
13.009180069,80.2119827271,52997,53007,10
13.0093898773,80.2126312256,53007,53017,10
13.0096197128,80.2132797241,53017,53027,10
13.0098800659,80.2139511108,53027,53037,10
13.0101299286,80.2146377563,53037,53048,11
13.0102396011,80.2155380249,53048,53058,10
13.0105695724,80.2163619995,53058,53068,10
13.0109901428,80.2172698975,53068,53078,10
13.0113601685,80.2182388306,53078,53088,10
13.0117301941,80.2192611694,53088,53098,10
13.0120897293,80.2202835083,53098,53108,10
13.0123500824,80.2211074829,53108,53118,10
13.0125703812,80.2216720581,53118,53128,10
13.0129699707,80.2221984863,53128,53138,10
13.0135097504,80.2227783203,53138,53148,10
13.0140600204,80.2234268188,53148,53158,10
13.0144395828,80.2239379883,53158,53169,11
13.0149698257,80.2245101929,53169,53179,10
13.0150299072,80.2245407104,53179,53189,10
13.0152196884,80.2247390747,53189,53199,10
13.0154800415,80.225151062,53199,53209,10
13.0154104233,80.2256469727,53209,53219,10
13.0150604248,80.2258605957,53219,53229,10
13.0145301819,80.2260894775,53229,53239,10
13.0138702393,80.2263717651,53239,53249,10
13.0131196976,80.2266998291,53249,53259,10
13.0122404099,80.2270431519,53259,53269,10
13.0112600327,80.2274093628,53269,53279,10
13.0102396011,80.2277984619,53279,53290,11
13.0094804764,80.2276611328,53290,53300,10
13.0097503662,80.2269973755,53300,53310,10
13.0100803375,80.2262573242,53310,53320,10
13.0104398727,80.2253875732,53320,53336,16
13.0110197067,80.2241134644,53336,53348,12
13.0112600327,80.2233963013,53348,53356,8
13.0112600327,80.2232131958,53356,53368,12
13.0108499527,80.2229690552,53368,53378,10
13.0102396011,80.22265625,53378,53388,10
13.00963974,80.2223205566,53388,53397,9
13.0089101791,80.2219161987,53397,53408,11
13.0080299377,80.2214431763,53408,53419,11
13.0071201324,80.2209625244,53419,53430,11
13.0061302185,80.2205581665,53430,53440,10
13.0051803589,80.2203598022,53440,53449,9
13.0044298172,80.2201766968,53449,53461,12
13.0034599304,80.2199401855,53461,53471,10
13.002869606,80.2197494507,53471,53481,10
13.0021095276,80.2191314697,53481,53491,10
13.0016002655,80.2185974121,53491,53501,10
13.0010004044,80.2181777954,53501,53511,10
13.0003995895,80.2177886963,53511,53522,11
12.9996404648,80.2173309326,53522,53532,10
12.9988698959,80.2169265747,53532,53542,10
12.9980297089,80.2165985107,53542,53552,10
12.9974002838,80.2165222168,53552,53562,10
12.9973697662,80.2165222168,53562,53572,10
12.9972295761,80.2165222168,53572,53582,10
12.9968004227,80.2165298462,53582,53592,10
12.9961900711,80.2166137695,53592,53602,10
12.9954996109,80.2168121338,53602,53612,10
12.995059967,80.2170410156,53612,53622,10
12.995059967,80.217048645,53622,53632,10
12.9948797226,80.2171783447,53632,53643,11
12.9944696426,80.2174606323,53643,53653,10
12.9940795898,80.2177810669,53653,53663,10
12.9935398102,80.218132019,53663,53673,10
12.992939949,80.2185516357,53673,53683,10
12.9922800064,80.219039917,53683,53693,10
12.9916496277,80.2195205688,53693,53703,10
12.9914197922,80.2196426392,53703,53713,10
12.9910802841,80.2194595337,53713,53723,10
12.990940094,80.2193984985,53723,53733,10
12.9906597137,80.2192764282,53733,53743,10
12.9901504517,80.2191009521,53743,53753,10
12.9894304276,80.2188186646,53753,53770,17
12.9878797531,80.2183837891,53770,53782,12
12.986989975,80.2182388306,53782,53792,10
12.9868803024,80.2182235718,53792,53802,10
12.9866800308,80.218170166,53802,53811,9
12.9863395691,80.2180786133,53811,53822,11
12.9854602814,80.2179031372,53822,53832,10
12.9846000671,80.2179031372,53832,53842,10
12.984120369,80.217918396,53842,53852,10
12.9839897156,80.217918396,53852,53862,10
12.9836397171,80.2178878784,53862,53873,11
12.9829998016,80.2179031372,53873,53883,10
12.9822301865,80.2179107666,53883,53893,10
12.9813604355,80.2180404663,53893,53903,10
12.9805402756,80.2182769775,53903,53913,10
12.9798803329,80.2185211182,53913,53923,10
12.9792404175,80.2187576294,53923,53945,22
12.9781904221,80.2191619873,53945,53957,12
12.977350235,80.2195129395,53957,53967,10
12.9766998291,80.2198028564,53967,53977,10
12.9757795334,80.2202224731,53977,53987,10
12.9756298065,80.2203369141,53987,53998,11
12.9755601883,80.220703125,53998,54008,10
12.9759502411,80.2211303711,54008,54018,10
12.9761800766,80.2214584351,54018,54028,10
12.976269722,80.2216491699,54028,54048,20
12.976269722,80.2216491699,54048,54058,10
12.9763803482,80.2219085693,54058,54067,9
12.9765300751,80.2221984863,54067,54077,10
12.9768800735,80.2227172852,54077,54088,11
12.9773397446,80.2234573364,54088,54098,10
12.9778404236,80.2242584229,54098,54108,10
12.9783496857,80.2250671387,54108,54119,11
12.9789104462,80.2259597778,54119,54129,10
12.9792995453,80.2266082764,54129,54139,10
12.9797096252,80.2272567749,54139,54149,10
12.9801797867,80.2280197144,54149,54159,10
12.980629921,80.2288208008,54159,54169,10
12.9810695648,80.2295532227,54169,54179,10
12.9815397263,80.2302398682,54179,54189,10
12.9816904068,80.2304763794,54189,54199,10
12.981760025,80.2306289673,54199,54209,10
12.9819097519,80.2310333252,54209,54219,10
12.982000351,80.2316436768,54219,54230,11
12.9819698334,80.232421875,54230,54240,10
12.9817304611,80.2331771851,54240,54250,10
12.9815702438,80.2335510254,54250,54260,10
12.9814996719,80.2337036133,54260,54270,10
12.9812803268,80.2341537476,54270,54286,16
12.9812202454,80.2353515625,54286,54298,12
12.9812498093,80.2363815308,54298,54306,8
12.9812602997,80.2371063232,54306,54317,11
12.9813098907,80.2386932373,54317,54338,21
12.9813098907,80.2386932373,54338,54349,11
12.9812803268,80.238822937,54349,54359,10
12.9812803268,80.2392578125,54359,54369,10
12.981300354,80.2398986816,54369,54379,10
12.9813299179,80.2406768799,54379,54389,10
12.9813499451,80.2414932251,54389,54399,10
12.9813699722,80.2422485352,54399,54409,10
12.9813804626,80.2426834106,54409,54419,10
12.9813699722,80.2427368164,54419,54429,10
12.9813699722,80.2428588867,54429,54439,10
12.9813699722,80.2432327271,54439,54449,10
12.9813299179,80.2437973022,54449,54459,10
12.9812297821,80.2445602417,54459,54470,11
12.9811201096,80.2454986572,54470,54480,10
12.981010437,80.2464065552,54480,54490,10
12.9809303284,80.2473678589,54490,54500,10
12.9808597565,80.2483901978,54500,54510,10
12.9807701111,80.2493591309,54510,54520,10
12.9805803299,80.250289917,54520,54530,10
12.980340004,80.2511672974,54530,54540,10
12.9801597595,80.2520065308,54540,54550,10
12.9801197052,80.252281189,54550,54560,10
12.9800796509,80.2523269653,54560,54570,10
12.9801797867,80.2525177002,54570,54580,10
12.9805202484,80.2526092529,54580,54597,17
12.9815998077,80.252571106,54597,54609,12
12.9826698303,80.2525405884,54609,54619,10
12.9834804535,80.2524414063,54619,54629,10
12.9846801758,80.2521133423,54629,54638,9
12.9853801727,80.2519226074,54638,54649,11
12.9862203598,80.251701355,54649,54659,10
12.9868803024,80.2515182495,54659,54679,20
12.9868803024,80.2515182495,54679,54689,10
12.9869203568,80.2515029907,54689,54700,11
12.9873399734,80.2513809204,54700,54710,10
12.9877700806,80.2513198853,54710,54720,10
12.9878997803,80.2514419556,54720,54730,10
12.9879798889,80.2518234253,54730,54740,10
12.9880104065,80.2519607544,54740,54750,10
12.9880399704,80.252243042,54750,54758,8
12.9879798889,80.2527084351,54758,54770,12
12.9878997803,80.2535095215,54770,54779,9
12.987859726,80.2539825439,54779,54789,10
12.9878501892,80.2541885376,54789,54800,11
12.987830162,80.2542877197,54800,54810,10
12.9877996445,80.2545776367,54810,54821,11
12.9877300262,80.2550888062,54821,54831,10
12.9876699448,80.2555923462,54831,54841,10
12.9876203537,80.255897522,54841,54851,10
12.9875602722,80.2563095093,54851,54861,10
12.9875202179,80.2567520142,54861,54871,10
12.9874601364,80.2573699951,54871,54881,10
12.9874095917,80.2580566406,54881,54891,10
12.9873600006,80.2584533691,54891,54901,10
12.9873600006,80.2584686279,54901,54911,10
12.9873199463,80.2587280273,54911,54921,10
12.987279892,80.2589035034,54921,54931,10
12.9871997833,80.2593307495,54931,54952,21
12.9871997833,80.2593307495,54952,54962,10
12.9872198105,80.2594223022,54962,54972,10
12.9871397018,80.2595596313,54972,54982,10
12.9870100021,80.2595062256,54982,54998,16
12.9865598679,80.2594833374,54998,55142,144
12.9865598679,80.2594833374,55142,55152,10
12.9867095947,80.2595825195,55152,56100,948
12.9867095947,80.2595825195,56100,56111,11
12.9865198135,80.2593536377,56111,56121,10
12.986579895,80.2591094971,56121,56131,10
12.9868497849,80.2590637207,56131,56151,20
12.9868497849,80.2590637207,56151,56161,10
12.9871397018,80.2591018677,56161,56181,20
12.9871397018,80.2591018677,56181,56191,10
12.9872903824,80.2589416504,56191,56201,10
12.9873399734,80.2585601807,56201,56212,11
12.9873800278,80.2583236694,56212,56221,9
12.9874095917,80.2580184937,56221,56232,11
12.9874897003,80.2573623657,56232,56242,10
12.9876003265,80.2562637329,56242,56312,70
12.9876003265,80.2562637329,56312,56322,10
12.9875802994,80.255821228,56322,56332,10
12.9876804352,80.2553863525,56332,56343,11
12.987739563,80.2548522949,56343,56353,10
12.9877300262,80.2548370361,56353,56362,9
12.9877595901,80.2545394897,56362,56373,11
12.9877901077,80.2539901733,56373,56383,10
12.987859726,80.2531967163,56383,56392,9
12.9879198074,80.2524490356,56392,56403,11
12.987830162,80.2518615723,56403,56413,10
12.987739563,80.2516326904,56413,56423,10
12.9876298904,80.2515716553,56423,56433,10
12.9871902466,80.2516174316,56433,56443,10
12.9865102768,80.2517623901,56443,56453,10
12.9856595993,80.2519683838,56453,56464,11
12.9846000671,80.2522583008,56464,56474,10
12.9836196899,80.2525177002,56474,56484,10
12.9826698303,80.2526626587,56484,56494,10
12.9817199707,80.2526779175,56494,56504,10
12.9807500839,80.2527008057,56504,56514,10
12.9799699783,80.2527084351,56514,56524,10
12.9798898697,80.2522888184,56524,56534,10
12.9799203873,80.2521972656,56534,56544,10
12.9799699783,80.2519302368,56544,56560,16
12.9802799225,80.251121521,56560,56572,12
12.9805202484,80.2501373291,56572,56583,11
12.9806995392,80.2491378784,56583,56593,10
12.9807596207,80.2482070923,56593,56603,10
12.9808301926,80.2472610474,56603,56613,10
12.980919838,80.2462768555,56613,56623,10
12.9810400009,80.2452774048,56623,56633,10
12.9811201096,80.2443389893,56633,56643,10
12.981180191,80.2437591553,56643,56653,10
12.9813098907,80.2434997559,56653,56663,10
12.9813404083,80.2430496216,56663,56672,9
12.9813404083,80.2428436279,56672,56683,11
12.9813299179,80.2428131104,56683,56693,10
12.9813499451,80.242477417,56693,56704,11
12.9813404083,80.2418899536,56704,56714,10
12.9813299179,80.2411727905,56714,56724,10
12.9813203812,80.2403488159,56724,56734,10
12.981300354,80.2396087646,56734,56744,10
12.9812803268,80.2391281128,56744,56754,10
12.9812698364,80.2385025024,56754,56764,10
12.9812498093,80.2378921509,56764,56774,10
12.9812402725,80.2377471924,56774,56784,10
12.9812202454,80.2373428345,56784,56794,10
12.9812202454,80.2367324829,56794,56804,10
12.9811897278,80.2360305786,56804,56815,11
12.981180191,80.2352294922,56815,56825,10
12.981180191,80.2344436646,56825,56835,10
12.9814100266,80.2337188721,56835,56845,10
12.9815998077,80.2333297729,56845,56855,10
12.9816398621,80.2332687378,56855,56865,10
12.9817800522,80.2329330444,56865,56875,10
12.9819402695,80.2324066162,56875,56885,10
12.9819402695,80.2320632935,56885,56895,10
12.9819402695,80.2315826416,56895,56905,10
12.9819002151,80.2312393188,56905,56915,10
12.9817399979,80.2308120728,56915,56925,10
12.9814596176,80.2303085327,56925,56936,11
12.9810400009,80.2296218872,56936,56946,10
12.9808301926,80.2292098999,56946,56956,10
12.9805402756,80.2286911011,56956,56966,10
12.980219841,80.2281494141,56966,56976,10
12.9798898697,80.2275924683,56976,56986,10
12.979470253,80.2268829346,56986,56996,10
12.979060173,80.2262268066,56996,57006,10
12.9786300659,80.2255172729,57006,57016,10
12.9781999588,80.2248077393,57016,57026,10
12.9779596329,80.2244567871,57026,57036,10
12.9776802063,80.2240066528,57036,57047,11
12.977350235,80.2234573364,57047,57057,10
12.9770698547,80.2229690552,57057,57067,10
12.9768104553,80.2225570679,57067,57077,10
12.9765100479,80.222076416,57077,57087,10
12.9761800766,80.2216186523,57087,57097,10
12.9758396149,80.2211685181,57097,57113,16
12.9753599167,80.2205810547,57113,57125,12
12.975520134,80.220451355,57125,57133,8
12.9757404327,80.2202606201,57133,57145,12
12.9764003754,80.2199325562,57145,57155,10
12.9771699905,80.219619751,57155,57165,10
12.9780702591,80.2192687988,57165,57176,11
12.9786901474,80.2190170288,57176,57186,10
12.9793395996,80.2187728882,57186,57196,10
12.9801197052,80.2184906006,57196,57206,10
12.9809904099,80.2181777954,57206,57216,10
12.9819498062,80.217918396,57216,57226,10
12.9827699661,80.2178878784,57226,57236,10
12.983710289,80.217880249,57236,57246,10
12.9843597412,80.2178573608,57246,57256,10
12.9849796295,80.2178421021,57256,57266,10
12.9857997894,80.2178878784,57266,57276,10
12.9866504669,80.2180786133,57276,57287,11
12.9873895645,80.2182235718,57287,57297,10
12.9875001907,80.2182617188,57297,57307,10
12.9879798889,80.2183532715,57307,57317,10
12.9887104034,80.218536377,57317,57327,10
12.9895801544,80.2188186646,57327,57337,10
12.9905500412,80.2191314697,57337,57347,10
12.9914999008,80.2193908691,57347,57357,10
12.9921398163,80.2191085815,57357,57373,16
12.9932603836,80.2182769775,57373,57385,12
12.9940595627,80.2176971436,57385,57393,8
12.994600296,80.2173233032,57393,57416,23
12.994600296,80.2173233032,57416,57426,10
12.9946899414,80.2172470093,57426,57436,10
12.9949398041,80.2170562744,57436,57445,9
12.9953298569,80.2168121338,57445,57456,11
12.9960002899,80.2165908813,57456,57466,10
12.9967403412,80.2164764404,57466,57476,10
12.9971904755,80.2164001465,57476,57486,10
12.9973697662,80.2162017822,57486,57495,9
12.9973802567,80.2161865234,57495,57505,10
12.9975404739,80.2160568237,57505,57516,11
12.9979200363,80.2157363892,57516,57526,10
12.998459816,80.2152709961,57526,57537,11
12.9990797043,80.2147216797,57537,57547,10
12.9993000031,80.2145385742,57547,57557,10
12.9996795654,80.2142028809,57557,57567,10
13.0000801086,80.2138595581,57567,57577,10
13.0005598068,80.2134094238,57577,57587,10
13.0011301041,80.2129516602,57587,57597,10
13.0016202927,80.2125930786,57597,57607,10
13.0022296906,80.2122192383,57607,57617,10
13.0028800964,80.212059021,57617,57626,9
13.0034599304,80.2119903564,57626,57638,12
13.0036497116,80.2118988037,57638,57648,10
13.0036802292,80.2116699219,57648,57658,10
13.0036697388,80.211151123,57658,57668,10
13.0036001205,80.2105026245,57668,57678,10
13.0035200119,80.2098388672,57678,57688,10
13.0036001205,80.2091598511,57688,57698,10
13.0039196014,80.2086105347,57698,57708,10
13.0045995712,80.2088775635,57708,57718,10
13.0054597855,80.2092514038,57718,57728,10
13.0063199997,80.2095413208,57728,57738,10
13.0074596405,80.2097930908,57738,57759,21
13.0074596405,80.2097930908,57759,57769,10
13.0076904297,80.2098312378,57769,57778,9
13.0080499649,80.2099227905,57778,57789,11
13.0081300735,80.2095718384,57789,57799,10
13.0079898834,80.2088165283,57799,57809,10
13.0078601837,80.2079620361,57809,57819,10
13.0077199936,80.2070388794,57819,57829,10
13.0075798035,80.2061004639,57829,57839,10
13.007519722,80.2051391602,57839,57849,10
13.0075101852,80.2043304443,57849,57859,10
13.0074300766,80.2035903931,57859,57869,10
13.0072402954,80.2027435303,57869,57880,11
13.0065603256,80.202796936,57880,57890,10
13.006770134,80.2033081055,57890,57900,10
13.0073299408,80.2035827637,57900,57910,10
13.0080900192,80.2036972046,57910,57926,16
13.0096998215,80.2035980225,57926,57938,12
13.0110902786,80.20362854,57938,57947,9
13.0121603012,80.2037811279,57947,57957,10
13.0130901337,80.2039794922,57957,57968,11
13.0141897202,80.2043609619,57968,57978,10
13.0151395798,80.2047271729,57978,57988,10
13.0161104202,80.205116272,57988,57998,10
13.0169095993,80.205291748,57998,58008,10
13.017780304,80.2055892944,58008,58020,12
13.0187397003,80.205947876,58020,58030,10
13.0195703506,80.2062072754,58030,58040,10
13.0205402374,80.2062835693,58040,58050,10
13.0214796066,80.2062835693,58050,58060,10
13.0223999023,80.2063293457,58060,58070,10
13.0233402252,80.206489563,58070,58080,10
13.0242395401,80.2066879272,58080,58090,10
13.0251998901,80.2069091797,58090,58100,10
13.0261201859,80.2072982788,58100,58111,11
13.0270204544,80.207862854,58111,58120,9
13.0277395248,80.2082824707,58120,58131,11
13.0287303925,80.2086334229,58131,58141,10
13.0296697617,80.2088623047,58141,58151,10
13.0305595398,80.2090988159,58151,58161,10
13.0313796997,80.2093429565,58161,58171,10
13.03166008,80.2094268799,58171,58181,10
13.031920433,80.2095108032,58181,58191,10
13.0324497223,80.2096176147,58191,58201,10
13.033200264,80.2097473145,58201,58211,10
13.0339803696,80.2099380493,58211,58221,10
13.0347995758,80.2100830078,58221,58232,11
13.0350103378,80.2106781006,58232,58242,10
13.0349903107,80.2110366821,58242,58252,10
13.0349702835,80.2111434937,58252,58262,10
13.0349197388,80.211517334,58262,58272,10
13.0348596573,80.2119979858,58272,58282,10
13.0351295471,80.2121582031,58282,58292,10
13.0357398987,80.2122116089,58292,58302,10
13.03647995,80.2122573853,58302,58312,10
13.0371999741,80.212272644,58312,58322,10
13.0380401611,80.2122573853,58322,58332,10
13.0389795303,80.2122497559,58332,58342,10
13.0399303436,80.2122573853,58342,58353,11
13.0410299301,80.2122573853,58353,58363,10
13.0419902802,80.2122268677,58363,58373,10
13.0429201126,80.2122192383,58373,58383,10
13.0438604355,80.2122116089,58383,58393,10
13.044549942,80.2122268677,58393,58403,10
13.0452804565,80.2122268677,58403,58413,10
13.046090126,80.2122192383,58413,58423,10
13.0468997955,80.2121734619,58423,58433,10
13.0476903915,80.2121124268,58433,58443,10
13.0479602814,80.2120895386,58443,58453,10
13.0480604172,80.212097168,58453,58463,10
13.0484304428,80.2120895386,58463,58474,11
13.0491399765,80.212020874,58474,58484,10
13.0497198105,80.2119903564,58484,58494,10
13.0499095917,80.2119598389,58494,58504,10
13.0502099991,80.2119598389,58504,58514,10
13.0507097244,80.2120437622,58514,58524,10
13.0512399673,80.212059021,58524,58534,10
13.0521602631,80.2119674683,58534,58544,10
13.0530595779,80.2117385864,58544,58554,10
13.0540103912,80.2115097046,58554,58564,10
13.0544700623,80.2114562988,58564,58574,10
13.054479599,80.2114715576,58574,58585,11
13.0549402237,80.2115020752,58585,58595,10
13.0556001663,80.2115020752,58595,58605,10
13.056429863,80.2114715576,58605,58615,10
13.0573501587,80.21144104,58615,58625,10
13.0582304001,80.2114715576,58625,58635,10
13.0590400696,80.2115020752,58635,58645,10
13.0599298477,80.2115707397,58645,58655,10
13.0608797073,80.2116012573,58655,58665,10
13.0617704391,80.2116394043,58665,58675,10
13.0625400543,80.2116317749,58675,58685,10
13.0632095337,80.2115020752,58685,58695,10
13.0633201599,80.2114715576,58695,58706,11
13.0634403229,80.2114562988,58706,58716,10
13.0638198853,80.211479187,58716,58725,9
13.064330101,80.2114028931,58725,58736,11
13.0650997162,80.2110519409,58736,58746,10
13.0658197403,80.2104721069,58746,58756,10
13.0665397644,80.209777832,58756,58766,10
13.067150116,80.2090377808,58766,58776,10
13.0673303604,80.2087097168,58776,58786,10
13.0673704147,80.2086715698,58786,58796,10
13.0675697327,80.2083511353,58796,58806,10
13.0678596497,80.2079086304,58806,58816,10
13.0683002472,80.2072067261,58816,58827,11
13.0688295364,80.2064208984,58827,58837,10
13.0693101883,80.2057189941,58837,58847,10
13.0695800781,80.2052001953,58847,58857,10
13.0696802139,80.2049102783,58857,58867,10
13.0694303513,80.204788208,58867,58877,10
13.0692396164,80.2050323486,58877,58887,10
13.0690603256,80.2053375244,58887,58897,10
13.0689601898,80.205406189,58897,58907,10
13.0688400269,80.2053985596,58907,58917,10
13.0685195923,80.2054290771,58917,58927,10
13.0681295395,80.2054367065,58927,58937,10
13.0679798126,80.2053222656,58937,58948,11
13.0680398941,80.2051315308,58948,58958,10
13.0683002472,80.2049484253,58958,59582,624
13.0683002472,80.2049484253,59582,59592,10
13.0686597824,80.2048721313,59592,59602,10
13.0687799454,80.2048110962,59602,59612,10
13.0689697266,80.204750061,59612,59622,10
13.0691795349,80.2047195435,59622,59632,10
13.0693998337,80.2047729492,59632,59643,11
13.069560051,80.2048110962,59643,59653,10
13.0698099136,80.2049636841,59653,59663,10
13.0698795319,80.2050628662,59663,59673,10
13.0697603226,80.2053604126,59673,59683,10
13.0694799423,80.2058029175,59683,59693,10
13.0691299438,80.2063369751,59693,59703,10
13.0687398911,80.2069625854,59703,59713,10
13.0683097839,80.2076416016,59713,59723,10
13.0678796768,80.2083511353,59723,59733,10
13.0676898956,80.2087020874,59733,59743,10
13.0676202774,80.2088928223,59743,59753,10
13.0673704147,80.2093429565,59753,59764,11
13.0669603348,80.2099761963,59764,59774,10
13.0663499832,80.2104873657,59774,59784,10
13.0657196045,80.2110137939,59784,59794,10
13.065079689,80.21144104,59794,59814,20
13.065079689,80.21144104,59814,59824,10
13.064740181,80.2115402222,59824,59834,10
13.0642204285,80.2117233276,59834,59844,10
13.0637903214,80.2117996216,59844,59854,10
13.0635404587,80.2117919922,59854,59864,10
13.0630397797,80.211807251,59864,59874,10
13.0624103546,80.2118377686,59874,59885,11
13.0615997314,80.2117462158,59885,59895,10
13.0606803894,80.2117919922,59895,59904,9
13.0598697662,80.211769104,59904,59916,12
13.0588598251,80.2117614746,59916,59926,10
13.0580797195,80.2117233276,59926,59936,10
13.0574703217,80.2117004395,59936,59946,10
13.0568199158,80.2116622925,59946,59956,10
13.0560703278,80.2116622925,59956,59966,10
13.0552396774,80.2116394043,59966,59976,10
13.0544595718,80.2116470337,59976,59986,10
13.053730011,80.2118301392,59986,59997,11
13.0528202057,80.212059021,59997,60007,10
13.0519599915,80.2122802734,60007,60017,10
13.0509300232,80.2122268677,60017,60037,20
13.0509300232,80.2122268677,60037,60047,10
13.0505504608,80.2122116089,60047,60057,10
13.0496997833,80.2122573853,60057,60077,20
13.0496997833,80.2122573853,60077,60087,10
13.0496397018,80.2121963501,60087,60097,10
13.0492801666,80.2121810913,60097,60107,10
13.0486803055,80.2122116089,60107,60118,11
13.0478401184,80.2122802734,60118,60128,10
13.046959877,80.2123413086,60128,60138,10
13.0460100174,80.2123794556,60138,60148,10
13.0450601578,80.2124328613,60148,60158,10
13.0443401337,80.2124404907,60158,60168,10
13.0436697006,80.2124404907,60168,60178,10
13.0429296494,80.2124481201,60178,60188,10
13.0420999527,80.2124328613,60188,60198,10
13.0411901474,80.2124404907,60198,60208,10
13.040189743,80.2124633789,60208,60218,10
13.0391998291,80.2124404907,60218,60228,10
13.0381698608,80.2124099731,60228,60239,11
13.0371303558,80.2123718262,60239,60255,16
13.0356998444,80.212348938,60255,60267,12
13.0351295471,80.2123336792,60267,60277,10
13.0347995758,80.2122802734,60277,60287,10
13.0346002579,80.2122268677,60287,60297,10
13.0340795517,80.2121429443,60297,60316,19
13.0340795517,80.2121429443,60316,60327,11
13.0339202881,80.2121124268,60327,60337,10
13.0336198807,80.2119827271,60337,60348,11
13.0329904556,80.2118835449,60348,60357,9
13.0323200226,80.2117767334,60357,60368,11
13.0319900513,80.2112503052,60368,60378,10
13.0320501328,80.2103805542,60378,60388,10
13.0320596695,80.2097015381,60388,60398,10
13.0315303802,80.2095413208,60398,60408,10
13.0308198929,80.2093582153,60408,60418,10
13.0301904678,80.2091674805,60418,60428,10
13.0296401978,80.2090072632,60428,60448,20
13.0296401978,80.2090072632,60448,60458,10
13.029419899,80.2089385986,60458,60469,11
13.0288496017,80.2088012695,60469,60479,10
13.0281095505,80.2085723877,60479,60489,10
13.0274200439,80.2082519531,60489,60499,10
13.0267696381,80.207862854,60499,60509,10
13.0259504318,80.207359314,60509,60519,10
13.0250997543,80.2070617676,60519,60529,10
13.0243997574,80.2069091797,60529,60539,10
13.0239295959,80.2068099976,60539,60549,10
13.0233697891,80.2066879272,60549,60559,10
13.0226097107,80.2065505981,60559,60569,10
13.0217199326,80.2064590454,60569,60579,10
13.0207595825,80.2064666748,60579,60590,11
13.0196895599,80.206489563,60590,60600,10
13.0190401077,80.2063674927,60600,60620,20
13.0190401077,80.2063674927,60620,60630,10
13.0187196732,80.2062225342,60630,60640,10
13.0182199478,80.2060394287,60640,60650,10
13.0177097321,80.2058410645,60650,60660,10
13.0176200867,80.2058029175,60660,60670,10
13.0172796249,80.2056884766,60670,60680,10
13.0168600082,80.2055130005,60680,60690,10
13.0161504745,80.2052536011,60690,60701,11
13.0152597427,80.2050018311,60701,60711,10
13.0144395828,80.2047424316,60711,60721,10
13.0139703751,80.2045516968,60721,60731,10
13.013879776,80.2045211792,60731,60741,10
13.0136404037,80.2044677734,60741,60751,10
13.0135297775,80.204788208,60751,60761,10
13.0133600235,80.2053375244,60761,60771,10
13.0131597519,80.2060012817,60771,60781,10
13.0130300522,80.2067718506,60781,60791,10
13.012960434,80.2074966431,60791,60801,10
13.0128898621,80.2078475952,60801,60811,10
13.0128898621,80.2082824707,60811,60822,11
13.0129098892,80.2086486816,60822,60832,10
13.0129699707,80.2090530396,60832,60842,10
13.013130188,80.209602356,60842,60852,10
13.0131797791,80.2101364136,60852,60861,9
13.0130996704,80.2106170654,60861,60872,11
13.0130796432,80.2107391357,60872,60882,10
13.0130596161,80.2109222412,60882,60892,10
13.0128698349,80.2113265991,60892,60902,10
13.0125799179,80.2118301392,60902,60912,10
13.0122299194,80.2123565674,60912,60922,10
13.0119199753,80.2127838135,60922,60933,11
13.0116796494,80.2127609253,60933,60943,10
13.0113697052,80.2125091553,60943,60953,10
13.0108699799,80.2121276855,60953,60963,10
13.0103397369,80.211730957,60963,60973,10
13.009929657,80.2114028931,60973,61023,50
13.009929657,80.2114028931,61023,61033,10
13.0094995499,80.2110977173,61033,61043,10
13.0094604492,80.2110671997,61043,61054,11
13.0093202591,80.2111206055,61054,61064,10
13.0091295242,80.2113800049,61064,61074,10
13.0090398788,80.2117004395,61074,61084,10
13.0092096329,80.2121963501,61084,61094,10
13.0094203949,80.2128219604,61094,61104,10
13.0096502304,80.213432312,61104,61114,10
13.0099201202,80.2140579224,61114,61116,2
13.0099201202,80.2140579224,61116,61183,67
13.0117397308,80.2192382813,61183,61193,10
13.0120296478,80.2201690674,61193,61203,10
13.0122900009,80.2210235596,61203,61213,10
13.0124197006,80.2215194702,61213,61223,10
13.0127296448,80.2219924927,61223,61233,10
13.0132102966,80.2225494385,61233,61243,10
13.0137300491,80.2231521606,61243,61253,10
13.0142297745,80.223739624,61253,61263,10
13.0146598816,80.2243423462,61263,61274,11
13.0152597427,80.2249984741,61274,61284,10
13.0154304504,80.2255477905,61284,61295,11
13.0149898529,80.2259597778,61295,61305,10
13.0149002075,80.2259979248,61305,61315,10
13.0147600174,80.2260665894,61315,61325,10
13.0143604279,80.2262496948,61325,61335,10
13.0137901306,80.2264709473,61335,61344,9
13.0130596161,80.2267532349,61344,61355,11
13.0122699738,80.2270584106,61355,61365,10
13.011349678,80.2274169922,61365,61375,10
13.0105199814,80.2277526855,61375,61385,10
13.0097703934,80.2279815674,61385,61395,10
13.009519577,80.2275390625,61395,61406,11
13.0097904205,80.2269592285,61406,61416,10
13.0101003647,80.2262496948,61416,61426,10
13.0103998184,80.2254486084,61426,61436,10
13.0107498169,80.2246704102,61436,61446,10
13.0110902786,80.2238616943,61446,61456,10
13.0112800598,80.2232284546,61456,61466,10
13.010840416,80.2229385376,61466,61475,9
13.0102796555,80.22265625,61475,61486,11
13.009519577,80.2222518921,61486,61496,10
13.0088195801,80.2218780518,61496,61506,10
13.0081195831,80.2214813232,61506,61517,11
13.0073003769,80.2210693359,61517,61528,11
13.006480217,80.2206802368,61528,61538,10
13.0056200027,80.2204589844,61538,61548,10
13.0048303604,80.2202682495,61548,61558,10
13.0040597916,80.2200775146,61558,61568,10
13.0031995773,80.2198867798,61568,61578,10
13.0025701523,80.2195968628,61578,61588,10
13.0018596649,80.2188873291,61588,61598,10
13.001250267,80.2183837891,61598,61608,10
13.0006399155,80.217956543,61608,61618,10
12.9999799728,80.2175521851,61618,61627,9
12.9993696213,80.2171936035,61627,61638,11
12.9986400604,80.2168121338,61638,61649,11
12.9974002838,80.2165222168,61649,61679,30
12.9974002838,80.2165222168,61679,61689,10
12.9971399307,80.2164993286,61689,61699,10
12.996629715,80.2165374756,61699,61709,10
12.9960298538,80.2166519165,61709,61719,10
12.9953804016,80.2168731689,61719,61729,10
12.9948101044,80.2172317505,61729,61739,10
12.9942798615,80.2176132202,61739,61749,10
12.9938201904,80.2179412842,61749,61760,11
12.9932203293,80.2183609009,61760,61770,10
12.9926395416,80.2187805176,61770,61780,10
12.991979599,80.2192611694,61780,61790,10
12.9914598465,80.2195892334,61790,61800,10
12.9910297394,80.2194595337,61800,61810,10
12.990940094,80.2194290161,61810,61820,10
12.9905996323,80.2192993164,61820,61830,10
12.9900197983,80.2191009521,61830,61840,10
12.989279747,80.2188415527,61840,61850,10
12.9884300232,80.2185592651,61850,61860,10
12.9875802994,80.2183990479,61860,61871,11
12.9870300293,80.2182998657,61871,61881,10
12.9869298935,80.2182693481,61881,61891,10
12.986530304,80.2181625366,61891,61901,10
12.9858798981,80.2180023193,61901,61911,10
12.9850502014,80.217918396,61911,61921,10
12.9842596054,80.217956543,61921,61931,10
12.9837503433,80.2179870605,61931,61941,10
12.9836502075,80.2179870605,61941,61951,10
12.9832201004,80.2179870605,61951,61961,10
12.9825897217,80.2179794312,61961,61971,10
12.9818401337,80.2180023193,61971,61981,10
12.9809999466,80.2181930542,61981,61992,11
12.9801397324,80.2184906006,61992,62002,10
12.9795198441,80.2187576294,62002,62012,10
12.9789199829,80.2189865112,62012,62022,10
12.9785299301,80.2191467285,62022,62032,10
12.9779500961,80.2193908691,62032,62042,10
12.9772195816,80.2197036743,62042,62052,10
12.9764003754,80.2200393677,62052,62062,10
12.9757299423,80.2203674316,62062,62072,10
12.9755401611,80.2206573486,62072,62082,10
12.9756498337,80.220916748,62082,62092,10
12.9759197235,80.2211990356,62092,62103,11
12.9762496948,80.2216415405,62103,62143,40
12.9762496948,80.2216415405,62143,62153,10
12.9764499664,80.2218780518,62153,62163,10
12.9766902924,80.2223205566,62163,62173,10
12.9769802094,80.2228012085,62173,62183,10
12.9773101807,80.2233886719,62183,62193,10
12.977689743,80.2240219116,62193,62203,10
12.978099823,80.2246627808,62203,62214,11
12.9785299301,80.2253494263,62214,62224,10
12.9789400101,80.2260284424,62224,62234,10
12.9793796539,80.2267837524,62234,62244,10
12.9798402786,80.2275314331,62244,62254,10
12.9802799225,80.2282562256,62254,62264,10
12.9806900024,80.2289733887,62264,62274,10
12.9811000824,80.229637146,62274,62284,10
12.9815502167,80.2303237915,62284,62294,10
12.981880188,80.2309036255,62294,62304,10
12.9819297791,80.2310180664,62304,62314,10
12.9820299149,80.2313690186,62314,62324,10
12.9820899963,80.231918335,62324,62334,10
12.9820404053,80.2325820923,62334,62345,11
12.9815998077,80.2336578369,62345,62365,20
12.9815998077,80.2336578369,62365,62375,10
12.9815196991,80.2337875366,62375,62391,16
12.9812602997,80.2344818115,62391,62403,12
12.9812402725,80.2352218628,62403,62413,10
12.9812602997,80.2357788086,62413,62423,10
12.981300354,80.2367935181,62423,62433,10
12.9813098907,80.2373962402,62433,62443,10
12.9813604355,80.2387237549,62443,62484,41
12.9813604355,80.2387237549,62484,62494,10
12.9813699722,80.2390213013,62494,62505,11
12.9813804626,80.2395324707,62505,62515,10
12.9813995361,80.2401275635,62515,62525,10
12.9814100266,80.2407836914,62525,62535,10
12.9814195633,80.2414627075,62535,62545,10
12.9814195633,80.2421569824,62545,62555,10
12.9814195633,80.242767334,62555,62565,10
12.9814300537,80.2429199219,62565,62576,11
12.9814100266,80.2431182861,62576,62586,10
12.9814100266,80.2435302734,62586,62596,10
12.9813203812,80.244140625,62596,62606,10
12.9812202454,80.2449188232,62606,62616,10
12.9811201096,80.2457733154,62616,62626,10
12.9810199738,80.2466583252,62626,62636,10
12.9809398651,80.2475891113,62636,62646,10
12.9808702469,80.2485427856,62646,62656,10
12.980799675,80.2494506836,62656,62666,10
12.980629921,80.250328064,62666,62676,10
12.9804096222,80.251159668,62676,62686,10
12.9801502228,80.2522506714,62686,62707,21
12.9801502228,80.2522506714,62707,62716,9
12.9800901413,80.2524185181,62716,62727,11
12.9802398682,80.2525863647,62727,62737,10
12.980340004,80.2526397705,62737,62747,10
12.9807195663,80.2526626587,62747,62757,10
12.9813804626,80.2526397705,62757,62767,10
12.982219696,80.2526168823,62767,62777,10
12.9831695557,80.2525634766,62777,62787,10
12.9841098785,80.2523422241,62787,62797,10
12.9850301743,80.2520904541,62797,62808,11
12.9859600067,80.2518310547,62808,62818,10
12.986869812,80.2515563965,62818,62858,40
12.986869812,80.2515563965,62858,62868,10
12.9870996475,80.2514572144,62868,62878,10
12.9879198074,80.2515411377,62878,62888,10
12.9879198074,80.2515411377,62888,62898,10
12.9880199432,80.2520980835,62898,62908,10
12.9880199432,80.2527008057,62908,62918,10
12.9879999161,80.2528610229,62918,62929,11
12.9879398346,80.2534408569,62929,62939,10
12.987859726,80.2543106079,62939,63174,235
12.987859726,80.2543106079,63174,63184,10
12.9878501892,80.2546005249,63184,63194,10
12.987830162,80.2548904419,63194,63204,10
12.9877996445,80.2551498413,63204,63325,121
12.9877996445,80.2551498413,63325,63335,10
12.9876203537,80.2554626465,63335,63345,10
12.9876203537,80.2558364868,63345,63355,10
12.9875602722,80.2562789917,63355,63365,10
12.9875202179,80.2568817139,63365,63375,10
12.9874696732,80.2575912476,63375,63386,11
12.9874200821,80.2584915161,63386,63396,10
12.9872198105,80.2595596313,63396,63416,20
12.9872198105,80.2595596313,63416,63426,10
12.9871501923,80.2595977783,63426,63436,10
12.9869203568,80.2595672607,63436,65068,1632
12.9869203568,80.2595672607,65068,65078,10
12.986700058,80.2595825195,65078,65088,10
12.986530304,80.2593994141,65088,65098,10
12.9865598679,80.259147644,65098,65108,10
12.9867095947,80.2590484619,65108,65118,10
12.9869499207,80.2591094971,65118,65209,91
12.9869499207,80.2591094971,65209,65219,10
12.9872999191,80.2590332031,65219,65250,31
12.9872999191,80.2590332031,65250,65260,10
12.9872999191,80.2587966919,65260,65270,10
12.9873504639,80.2586364746,65270,65280,10
12.9873600006,80.2583618164,65280,65290,10
12.9873895645,80.2580718994,65290,65300,10
12.9874401093,80.2577362061,65300,65310,10
12.9875001907,80.2571487427,65310,65319,9
12.9875802994,80.2561569214,65319,65339,20
12.9875802994,80.2561569214,65339,65350,11
12.9875898361,80.2558288574,65350,65361,11
12.987660408,80.2555236816,65361,65371,10
12.9877004623,80.2552566528,65371,65391,20
12.9877004623,80.2552566528,65391,65401,10
12.9877004623,80.2550735474,65401,65411,10
12.9877195358,80.2549591064,65411,65421,10
12.987739563,80.2546386719,65421,65431,10
12.9877700806,80.25440979,65431,65441,10
12.9877796173,80.2539596558,65441,65451,10
12.987830162,80.253288269,65451,65461,10
12.9878797531,80.2527389526,65461,65471,10
12.9878902435,80.2524795532,65471,65481,10
12.9878797531,80.2521972656,65481,65492,11
12.9878101349,80.2518615723,65492,65502,10
12.987739563,80.251701355,65502,65512,10
12.9875202179,80.2515792847,65512,65522,10
12.9870195389,80.251663208,65522,65532,10
12.9863300323,80.2518386841,65532,65542,10
12.98554039,80.2520065308,65542,65552,10
12.9846401215,80.2522583008,65552,65562,10
12.9837198257,80.2525024414,65562,65572,10
12.9827699661,80.2526626587,65572,65582,10
12.9818000793,80.2526779175,65582,65593,11
12.9808101654,80.2527084351,65593,65603,10
12.9802103043,80.2527313232,65603,65613,10
12.9799404144,80.2527084351,65613,65623,10
12.9798498154,80.2526397705,65623,65633,10
12.9798603058,80.2524414063,65633,65643,10
12.9799098969,80.252243042,65643,65653,10
12.9799699783,80.2518692017,65653,65663,10
12.9801502228,80.2513580322,65663,65673,10
12.9803495407,80.2506713867,65673,65683,10
12.9805402756,80.2499008179,65683,65693,10
12.9806699753,80.2490997314,65693,65704,11
12.9807395935,80.2481689453,65704,65714,10
12.9808101654,80.2472991943,65714,65724,10
12.980890274,80.2464065552,65724,65734,10
12.9809904099,80.2454986572,65734,65744,10
12.9810800552,80.2446136475,65744,65754,10
12.9811296463,80.243850708,65754,65764,10
12.9812297821,80.2435913086,65764,65774,10
12.9813098907,80.2433319092,65774,65784,10
12.9813098907,80.2432022095,65784,65794,10
12.9813098907,80.2429733276,65794,65804,10
12.9813203812,80.2428817749,65804,65814,10
12.9813203812,80.2428207397,65814,65825,11
12.9813604355,80.2425079346,65825,65835,10
12.9813299179,80.2421112061,65835,65845,10
12.9813299179,80.2415618896,65845,65855,10
12.9813203812,80.2410125732,65855,65865,10
12.9813098907,80.2404327393,65865,65875,10
12.981300354,80.2398681641,65875,65885,10
12.9812803268,80.2393417358,65885,65895,10
12.9812602997,80.2387771606,65895,65905,10
12.9812297821,80.238067627,65905,65925,20
12.9812297821,80.238067627,65925,65935,10
12.9812297821,80.2377700806,65935,65945,10
12.9812002182,80.2372894287,65945,65962,17
12.981180191,80.2361984253,65962,65974,12
12.9811601639,80.2353897095,65974,65984,10
12.9811401367,80.2348098755,65984,65993,9
12.9812202454,80.2341003418,65993,66004,11
12.9814796448,80.2335205078,66004,66014,10
12.9816198349,80.233253479,66014,66034,20
12.9816198349,80.233253479,66034,66043,9
12.9816999435,80.2330932617,66043,66053,10
12.9818401337,80.2327194214,66053,66065,12
12.9819297791,80.2321395874,66065,66075,10
12.9819297791,80.2317199707,66075,66085,10
12.9818696976,80.2313079834,66085,66095,10
12.9817304611,80.2308578491,66095,66105,10
12.9814901352,80.2304229736,66105,66115,10
12.9811401367,80.229850769,66115,66125,10
12.9808397293,80.2293395996,66125,66135,10
12.9806699753,80.2290878296,66135,66145,10
12.9805603027,80.2288513184,66145,66155,10
12.9805402756,80.228843689,66155,66165,10
12.9803695679,80.2285690308,66165,66175,10
12.980219841,80.2282104492,66175,66186,11
12.9798898697,80.2276611328,66186,66196,10
12.9795398712,80.2270736694,66196,66206,10
12.979180336,80.2264862061,66206,66216,10
12.9787998199,80.2258377075,66216,66226,10
12.97838974,80.2251663208,66226,66236,10
12.9780397415,80.2246170044,66236,66246,10
12.9778299332,80.224357605,66246,66256,10
12.9777402878,80.2242202759,66256,66266,10
12.9775600433,80.2238998413,66266,66276,10
12.9773397446,80.2235107422,66276,66286,10
12.9770698547,80.2230987549,66286,66297,11
12.9768400192,80.2227020264,66297,66307,10
12.9766302109,80.2223587036,66307,66317,10
12.9763803482,80.2219467163,66317,66327,10
12.9761295319,80.2216033936,66327,66337,10
12.9757795334,80.2211532593,66337,66357,20
12.9757795334,80.2211532593,66357,66367,10
12.9756803513,80.2210388184,66367,66377,10
12.9753904343,80.2208099365,66377,66387,10
12.9753398895,80.2205505371,66387,66418,31
12.9753398895,80.2205505371,66418,66428,10
12.9756002426,80.2202529907,66428,66438,10
12.9759502411,80.2201004028,66438,66448,10
12.9765100479,80.2198486328,66448,66458,10
12.9771795273,80.2195892334,66458,66468,10
12.9779195786,80.219291687,66468,66478,10
12.9784898758,80.2190704346,66478,66494,16
12.9792995453,80.2187728882,66494,66506,12
12.9799995422,80.2184829712,66506,66515,9
12.9805603027,80.2182769775,66515,66527,12
12.9813404083,80.2180099487,66527,66537,10
12.9820604324,80.217880249,66537,66547,10
12.9824399948,80.2178726196,66547,66557,10
12.9829797745,80.2178573608,66557,66567,10
12.9836196899,80.2178573608,66567,66576,9
12.983830452,80.2178497314,66576,66587,11
12.984120369,80.217880249,66587,66599,12
12.9846401215,80.2178573608,66599,66609,10
12.9852600098,80.2178726196,66609,66619,10
12.9859600067,80.2179718018,66619,66628,9
12.9865102768,80.2180862427,66628,66640,12
12.9871397018,80.218208313,66640,66650,10
12.9873504639,80.21824646,66650,66660,10
12.987449646,80.2182693481,66660,66670,10
12.987859726,80.2183609009,66670,66680,10
12.9884004593,80.21849823,66680,66690,10
12.9891004562,80.2186965942,66690,66700,10
12.9895496368,80.2188415527,66700,66710,10
12.9899301529,80.2189712524,66710,66720,10
12.9905500412,80.2191619873,66720,66730,10
12.9912004471,80.2193374634,66730,66740,10
12.9916000366,80.2194213867,66740,66750,10
12.9919300079,80.2192382813,66750,66761,11
12.9924201965,80.2188796997,66761,66771,10
12.9929103851,80.2185211182,66771,66781,10
12.9933996201,80.2181472778,66781,66791,10
12.9938697815,80.2177886963,66791,66801,10
12.9939403534,80.2177505493,66801,66811,10
12.9940395355,80.2177124023,66811,66821,10
12.9942798615,80.2175216675,66821,66831,10
12.994600296,80.2172927856,66831,66841,10
12.9948196411,80.2171173096,66841,66851,10
12.9952001572,80.2168807983,66851,66861,10
12.9957304001,80.2166671753,66861,66872,11
12.9962100983,80.2165603638,66872,66882,10
12.9964504242,80.2165222168,66882,66892,10
12.9967002869,80.2164993286,66892,66902,10
12.9967699051,80.2164916992,66902,66912,10
12.9968996048,80.2164611816,66912,66922,10
12.9970197678,80.216468811,66922,66932,10
12.9972295761,80.2163619995,66932,66942,10
12.997420311,80.2161712646,66942,66952,10
12.9975299835,80.2161026001,66952,66962,10
12.9976797104,80.2159881592,66962,66972,10
12.9980602264,80.2156600952,66972,66982,10
12.9985198975,80.2152481079,66982,66993,11
12.9990196228,80.2148208618,66993,67003,10
12.9992198944,80.2146606445,67003,67013,10
12.999540329,80.2143783569,67013,67023,10
12.999879837,80.2140731812,67023,67033,10
13.0002803802,80.2137069702,67033,67043,10
13.0006999969,80.2133483887,67043,67053,10
13.0010995865,80.2130432129,67053,67063,10
13.0015201569,80.2127304077,67063,67073,10
13.0020198822,80.2123718262,67073,67083,10
13.0025196075,80.2121429443,67083,67093,10
13.002989769,80.2120895386,67093,67104,11
13.0036401749,80.2119369507,67104,67134,30
13.0036401749,80.2119369507,67134,67144,10
13.0036802292,80.2117233276,67144,67154,10
13.0036697388,80.2116394043,67154,67164,10
13.003660202,80.2113037109,67164,67174,10
13.0036001205,80.2107772827,67174,67184,10
13.0035400391,80.2102890015,67184,67194,10
13.0034799576,80.2098007202,67194,67210,16
13.0035896301,80.208946228,67210,67222,12
13.0041303635,80.2086410522,67222,67233,11
13.0049600601,80.2090301514,67233,67243,10
13.0057697296,80.2093734741,67243,67252,9
13.006360054,80.2095718384,67252,67263,11
13.0069999695,80.2097473145,67263,67272,9
13.0073795319,80.2098236084,67272,67333,61
13.0073795319,80.2098236084,67333,67344,11
13.0077400208,80.2099227905,67344,67354,10
13.0078201294,80.2099304199,67354,67364,10
13.0079402924,80.2099533081,67364,67374,10
13.0081300735,80.2099533081,67374,67384,10
13.0080900192,80.2095870972,67384,67394,10
13.0079603195,80.2089767456,67394,67404,10
13.0078296661,80.2081375122,67404,67414,10
13.0076799393,80.2072219849,67414,67424,10
13.0075397491,80.2063980103,67424,67434,10
13.0074596405,80.2056427002,67434,67444,10
13.0074396133,80.2051010132,67444,67455,11
13.0074501038,80.2045974731,67455,67465,10
13.0074396133,80.2042236328,67465,67475,10
13.007399559,80.2037734985,67475,67485,10
13.0072698593,80.2030410767,67485,67495,10
13.0068397522,80.2024993896,67495,67505,10
13.0064601898,80.2029418945,67505,67514,9
13.0067996979,80.2033691406,67514,67525,11
13.0074796677,80.2036437988,67525,67534,9
13.0081796646,80.2036895752,67534,67544,10
13.0090999603,80.2036209106,67544,67555,11
13.0102796555,80.2035827637,67555,67565,10
13.0113801956,80.2036590576,67565,67576,11
13.0124797821,80.2038497925,67576,67586,10
13.0133304596,80.2040405273,67586,67596,10
13.0140600204,80.2043075562,67596,67606,10
13.0148000717,80.2045211792,67606,67616,10
13.015130043,80.2046432495,67616,67626,10
13.0155897141,80.2048416138,67626,67636,10
13.0161800385,80.205078125,67636,67646,10
13.0167102814,80.2051391602,67646,67656,10
13.0171804428,80.2053375244,67656,67666,10
13.0175104141,80.2054901123,67666,67675,9
13.0175199509,80.2054977417,67675,67687,12
13.0177297592,80.2055892944,67687,67697,10
13.0181503296,80.2057266235,67697,67707,10
13.0186500549,80.2059020996,67707,67717,10
13.0186595917,80.205909729,67717,67727,10
13.0189304352,80.2060089111,67727,67737,10
13.0194301605,80.206161499,67737,67747,10
13.0200595856,80.2062530518,67747,67757,10
13.0207901001,80.2062606812,67757,67766,9
13.0213899612,80.2062530518,67766,67777,11
13.0219202042,80.2062835693,67777,67787,10
13.0225400925,80.2063369751,67787,67797,10
13.0232200623,80.2064819336,67797,67808,11
13.0239095688,80.2065505981,67808,67818,10
13.0242700577,80.2066421509,67818,67828,10
13.0243396759,80.2066497803,67828,67838,10
13.0246801376,80.206741333,67838,67848,10
13.0253000259,80.2069168091,67848,67858,10
13.0259799957,80.2072525024,67858,67868,10
13.0266399384,80.2076416016,67868,67878,10
13.0273399353,80.2080612183,67878,67888,10
13.0280399323,80.2084197998,67888,67898,10
13.0287799835,80.2086486816,67898,67908,10
13.029419899,80.2087936401,67908,67918,10
13.0297203064,80.2088317871,67918,67929,11
13.0297803879,80.2088470459,67929,67939,10
13.0299196243,80.2088699341,67939,67949,10
13.0302600861,80.2089691162,67949,67959,10
13.0308303833,80.2091293335,67959,67969,10
13.0315799713,80.2093429565,67969,67989,20
13.0315799713,80.2093429565,67989,67999,10
13.0318899155,80.2093963623,67999,68009,10
13.0324201584,80.2095108032,68009,68019,10
13.0331401825,80.2096481323,68019,68029,10
13.0338802338,80.2098312378,68029,68040,11
13.0346403122,80.2100067139,68040,68050,10
13.0350103378,80.2102966309,68050,68060,10
13.0349502563,80.2107391357,68060,68070,10
13.0349798203,80.2110366821,68070,68080,10
13.0349798203,80.2111129761,68080,68090,10
13.0349502563,80.2112426758,68090,68100,10
13.0348997116,80.2115631104,68100,68116,16
13.0348596573,80.2119598389,68116,68136,20
13.0348596573,80.2119598389,68136,68148,12
13.0351400375,80.2121887207,68148,68158,10
13.0356397629,80.2122421265,68158,68169,11
13.036239624,80.2122573853,68169,68179,10
13.03647995,80.2122879028,68179,68189,10
13.0367298126,80.2123031616,68189,68199,10
13.036860466,80.2122879028,68199,68209,10
13.0372200012,80.212272644,68209,68218,9
13.0376596451,80.2122879028,68218,68229,11
13.0383300781,80.2122802734,68229,68239,10
13.0392198563,80.2122497559,68239,68248,9
13.0400495529,80.2122421265,68248,68259,11
13.0412101746,80.2122268677,68259,68270,11
13.0424098969,80.2122192383,68270,68280,10
13.0434904099,80.2122192383,68280,68290,10
13.0441999435,80.2121963501,68290,68300,10
13.0445604324,80.2121963501,68300,68310,10
13.0451097488,80.2121887207,68310,68320,10
13.0458498001,80.2121810913,68320,68330,10
13.0465803146,80.2121505737,68330,68340,10
13.0472002029,80.2121200562,68340,68350,10
13.0478401184,80.2120513916,68350,68360,10
13.0482797623,80.2120437622,68360,68370,10
13.0486803055,80.2119903564,68370,68380,10
13.0489196777,80.2119522095,68380,68391,11
13.0491104126,80.2119369507,68391,68401,10
13.0492296219,80.2119369507,68401,68411,10
13.0495195389,80.2119369507,68411,68421,10
13.0496397018,80.2119369507,68421,68431,10
13.0498504639,80.2119216919,68431,68441,10
13.0500602722,80.2119293213,68441,68457,16
13.0505199432,80.2119369507,68457,68469,12
13.0509395599,80.2120285034,68469,68477,8
13.0515604019,80.2120132446,68477,68489,12
13.0523099899,80.2118988037,68489,68499,10
13.0530195236,80.2117462158,68499,68510,11
13.0538902283,80.2115097046,68510,68520,10
13.0544300079,80.2114028931,68520,68530,10
13.0550699234,80.2113876343,68530,68540,10
13.055850029,80.2114028931,68540,68550,10
13.0566301346,80.2113800049,68550,68559,9
13.0571699142,80.2113571167,68559,68570,11
13.0574302673,80.2113571167,68570,68579,9
13.0577602386,80.2113571167,68579,68589,10
13.0582399368,80.2113800049,68589,68600,11
13.0585002899,80.2113876343,68600,68609,9
13.0589103699,80.2114028931,68609,68621,12
13.0597000122,80.2114562988,68621,68631,10
13.0604295731,80.2115020752,68631,68641,10
13.0611200333,80.2115402222,68641,68651,10
13.0616102219,80.2115478516,68651,68661,10
13.0622301102,80.2115097046,68661,68671,10
13.0628700256,80.211479187,68671,68681,10
13.06291008,80.2114715576,68681,68691,10
13.0632400513,80.211479187,68691,68701,10
13.0636997223,80.21144104,68701,68711,10
13.0642795563,80.2113494873,68711,68721,10
13.0649795532,80.2110290527,68721,68731,10
13.0656700134,80.2104873657,68731,68742,11
13.0664796829,80.2098236084,68742,68752,10
13.0673103333,80.2086791992,68752,68773,21
13.0673103333,80.2086791992,68773,68783,10
13.0672998428,80.2086105347,68783,68793,10
13.0674800873,80.2083282471,68793,68803,10
13.0677499771,80.2078933716,68803,68813,10
13.0681400299,80.2072982788,68813,68823,10
13.0685796738,80.2066574097,68823,68833,10
13.0690202713,80.2060012817,68833,68843,10
13.069319725,80.2055130005,68843,68854,11
13.0695896149,80.2050476074,68854,68864,10
13.0695896149,80.204826355,68864,68874,10
13.0692596436,80.204788208,68874,68884,10
13.0690202713,80.2051086426,68884,68894,10
13.0688695908,80.2052993774,68894,68904,10
13.0686998367,80.2052536011,68904,68914,10
13.0684700012,80.2052307129,68914,69388,474
13.0684700012,80.2052307129,69388,69398,10
13.0682401657,80.2052078247,69398,69761,363
13.0678596497,80.2051696777,69761,69782,21
13.0678596497,80.2051696777,69782,69792,10
13.0679998398,80.2050018311,69792,69802,10
13.0683202744,80.2049407959,69802,69812,10
13.0685396194,80.2048187256,69812,69822,10
13.0687599182,80.2047195435,69822,69832,10
13.0691003799,80.2046813965,69832,69842,10
13.0694904327,80.2047424316,69842,69852,10
13.0697202682,80.2048492432,69852,69933,81
13.0697202682,80.2048492432,69933,69943,10
13.0698003769,80.2051086426,69943,69953,10
13.0697002411,80.2052764893,69953,69963,10
13.0694303513,80.2057037354,69963,69979,16
13.0687599182,80.2067489624,69979,69991,12
13.0681600571,80.2077178955,69991,70000,9
13.0676803589,80.2084884644,70000,70011,11
13.067150116,80.2093582153,70011,70022,11
13.0664300919,80.2101669312,70022,70033,11
13.065580368,80.2108612061,70033,70044,11
13.0649795532,80.2113037109,70044,70056,12
13.0648403168,80.2113571167,70056,70066,10
13.0645399094,80.2115020752,70066,70076,10
13.0643701553,80.2115631104,70076,70086,10
13.064160347,80.2116088867,70086,70096,10
13.0638399124,80.2116775513,70096,70106,10
13.0634899139,80.2116928101,70106,70116,10
13.0629701614,80.2117080688,70116,70126,10
13.0624303818,80.211730957,70126,70137,11
13.061920166,80.2116928101,70137,70147,10
13.0612602234,80.2116775513,70147,70155,8
13.060669899,80.2116622925,70155,70168,13
13.0596399307,80.2116317749,70168,70178,10
13.0588998795,80.2116088867,70178,70188,10
13.0584096909,80.2116088867,70188,70198,10
13.0577096939,80.2116012573,70198,70218,20
13.0577096939,80.2116012573,70218,70228,10
13.0573997498,80.2116012573,70228,70238,10
13.056889534,80.2115783691,70238,70249,11
13.0561199188,80.2115631104,70249,70259,10
13.0552997589,80.2115402222,70259,70269,10
13.0545196533,80.2115631104,70269,70279,10
13.053899765,80.2116622925,70279,70289,10
13.0531797409,80.2118377686,70289,70299,10
13.0524702072,80.212020874,70299,70309,10
13.0518198013,80.2121582031,70309,70319,10
13.0510101318,80.2121734619,70319,70400,81
13.0510101318,80.2121734619,70400,70410,10
13.0506601334,80.2120819092,70410,70420,10
13.0503196716,80.2120819092,70420,70430,10
13.0496997833,80.2121200562,70430,70450,20
13.0496997833,80.2121200562,70450,70460,10
13.0495004654,80.2121124268,70460,70470,10
13.0490598679,80.2121124268,70470,70480,10
13.0484199524,80.2121429443,70480,70491,11
13.0475702286,80.2122192383,70491,70501,10
13.0466804504,80.2122573853,70501,70510,9
13.045800209,80.2123031616,70510,70521,11
13.0447998047,80.2123794556,70521,70531,10
13.0441904068,80.2123718262,70531,70541,10
13.0434999466,80.212348938,70541,70551,10
13.0426597595,80.2123413086,70551,70560,9
13.0418395996,80.2123413086,70560,70571,11
13.0407400131,80.2123413086,70571,70581,10
13.0396995544,80.2123565674,70581,70591,10
13.0387401581,80.2123718262,70591,70602,11
13.038069725,80.2124176025,70602,70632,30
13.038069725,80.2124176025,70632,70642,10
13.0377397537,80.2124404907,70642,70652,10
13.0371799469,80.2124023438,70652,70662,10
13.0365200043,80.212348938,70662,70672,10
13.035779953,80.2123413086,70672,70682,10
13.035320282,80.212310791,70682,70692,10
13.0348901749,80.2122421265,70692,70702,10
13.0344600677,80.2121582031,70702,70723,21
13.0344600677,80.2121582031,70723,70733,10
13.0343704224,80.2121429443,70733,70743,10
13.0342502594,80.2121200562,70743,70753,10
13.034239769,80.212097168,70753,70763,10
13.0339403152,80.212059021,70763,70773,10
13.0335197449,80.2119522095,70773,70783,10
13.0328598022,80.2118225098,70783,70799,16
13.0319299698,80.2114562988,70799,70811,12
13.0319795609,80.2108230591,70811,70821,10
13.0320100784,80.2101287842,70821,70831,10
13.031920433,80.2095794678,70831,70842,11
13.0312700272,80.2094192505,70842,70852,10
13.0303001404,80.2091369629,70852,70881,29
13.0303001404,80.2091369629,70881,70893,12
13.0300197601,80.2090911865,70893,70903,10
13.0295600891,80.2089309692,70903,70913,10
13.0293798447,80.2088699341,70913,70924,11
13.0292196274,80.2088165283,70924,70934,10
13.0286998749,80.2087020874,70934,70944,10
13.0279903412,80.208480835,70944,70955,11
13.0272598267,80.2081069946,70955,70965,10
13.0265398026,80.2076797485,70965,70975,10
13.0257701874,80.2072296143,70975,70985,10
13.0249500275,80.206993103,70985,70995,10
13.0241298676,80.206817627,70995,71005,10
13.0232696533,80.2066268921,71005,71015,10
13.0223903656,80.2064437866,71015,71024,9
13.0216302872,80.2063674927,71024,71034,10
13.0207300186,80.2063827515,71034,71045,11
13.0196800232,80.2063827515,71045,71055,10
13.0190000534,80.2062835693,71055,71065,10
13.0189399719,80.2062683105,71065,71076,11
13.0187902451,80.2061767578,71076,71086,10
13.0183401108,80.2060165405,71086,71096,10
13.0177097321,80.2058334351,71096,71106,10
13.0171098709,80.2055664063,71106,71116,10
13.0165195465,80.2053985596,71116,71126,10
13.0157003403,80.2051086426,71126,71136,10
13.0149202347,80.2048187256,71136,71146,10
13.0142202377,80.2045822144,71146,71156,10
13.0136804581,80.2043609619,71156,71166,10
13.0135402679,80.2045135498,71166,71176,10
13.0134000778,80.2049484253,71176,71187,11
13.0131702423,80.2056732178,71187,71197,10
13.0129899979,80.2064437866,71197,71207,10
13.0129299164,80.2071533203,71207,71217,10
13.0128602982,80.2077026367,71217,71227,10
13.0128202438,80.2080078125,71227,71243,16
13.012840271,80.2085800171,71243,71255,12
13.0129098892,80.2090835571,71255,71265,10
13.0131397247,80.2096176147,71265,71274,9
13.0130796432,80.2101211548,71274,71285,11
13.0129699707,80.2108001709,71285,71295,10
13.0126800537,80.2114181519,71295,71306,11
13.0122900009,80.2120819092,71306,71315,9
13.0119695663,80.2125701904,71315,71326,11
13.011759758,80.2127914429,71326,71336,10
13.0115203857,80.2126464844,71336,71346,10
13.0111703873,80.2123565674,71346,71356,10
13.0106801987,80.2119979858,71356,71366,10
13.0101900101,80.2116165161,71366,71376,10
13.0096797943,80.2111968994,71376,71427,51
13.0093898773,80.2109832764,71427,71457,30
13.0093898773,80.2109832764,71457,71467,10
13.0091495514,80.2111587524,71467,71477,10
13.0089998245,80.2113800049,71477,71487,10
13.0089597702,80.2116088867,71487,71497,10
13.0090904236,80.2119903564,71497,71507,10
13.0092496872,80.2124633789,71507,71517,10
13.0094099045,80.2128829956,71517,71527,10
13.0095701218,80.2132797241,71527,71538,11
13.0097398758,80.2136917114,71538,71548,10
13.0099000931,80.2140579224,71548,71558,10
13.0100498199,80.2144317627,71558,71568,10
13.010140419,80.2149200439,71568,71578,10
13.010219574,80.2155303955,71578,71588,10
13.0104598999,80.2161636353,71588,71598,10
13.0108003616,80.2169036865,71598,71608,10
13.0111398697,80.2176437378,71608,71618,10
13.0114803314,80.2185592651,71618,71628,10
13.0117902756,80.2194900513,71628,71638,10
13.0120801926,80.220413208,71638,71647,9
13.0122804642,80.2211380005,71647,71659,12
13.0125904083,80.2217636108,71659,71669,10
13.0129899979,80.2222976685,71669,71679,10
13.0134401321,80.2228088379,71679,71689,10
13.0139398575,80.2233963013,71689,71699,10
13.0143098831,80.2239074707,71699,71709,10
13.0146999359,80.2244110107,71709,71719,10
13.0151996613,80.2249526978,71719,71729,10
13.015370369,80.2254714966,71729,71739,10
13.0151395798,80.2257995605,71739,71749,10
13.0146999359,80.225982666,71749,71759,10
13.0140695572,80.2262496948,71759,71770,11
13.013250351,80.2266082764,71770,71780,10
13.0123901367,80.2269592285,71780,71790,10
13.0114898682,80.2273178101,71790,71800,10
13.01060009,80.2276611328,71800,71810,10
13.0097703934,80.2279510498,71810,71826,16
13.0096502304,80.2271575928,71826,71838,12
13.010020256,80.226348877,71838,71848,10
13.0102396011,80.2257537842,71848,71858,10
13.0106401443,80.224822998,71858,71868,10
13.0109596252,80.2240371704,71868,71878,10
13.0111904144,80.2234420776,71878,71889,11
13.0111703873,80.2230606079,71889,71898,9
13.0108098984,80.222869873,71898,71909,11
13.0101604462,80.2225799561,71909,71919,10
13.0095396042,80.2222366333,71919,71929,10
13.0088396072,80.221862793,71929,71939,10
13.0080795288,80.2214736938,71939,71949,10
13.0072603226,80.2210388184,71949,71959,10
13.0064897537,80.2206573486,71959,71969,10
13.0056600571,80.220451355,71969,71979,10
13.0048999786,80.2202835083,71979,71988,9
13.0043201447,80.2201385498,71988,72000,12
13.0034399033,80.2199401855,72000,72010,10
13.0027399063,80.2197036743,72010,72019,9
13.0021896362,80.2192611694,72019,72030,11
13.0016202927,80.2186584473,72030,72040,10
13.0010700226,80.21824646,72040,72050,10
13.0005302429,80.217880249,72050,72059,9
13.0000095367,80.2175369263,72059,72069,10
12.9994401932,80.2172012329,72069,72080,11
12.9988603592,80.2169113159,72080,72089,9
12.9982595444,80.2166366577,72089,72100,11
12.9973201752,80.2164993286,72100,72121,21
12.9973201752,80.2164993286,72121,72131,10
12.997010231,80.2164993286,72131,72141,10
12.9965295792,80.2165374756,72141,72151,10
12.9959402084,80.2166366577,72151,72161,10
12.9952402115,80.2169036865,72161,72171,10
12.9947395325,80.2172393799,72171,72181,10
12.9942703247,80.2175979614,72181,72191,10
12.9941701889,80.217666626,72191,72201,10
12.9939203262,80.2178497314,72201,72211,10
12.9935302734,80.2181091309,72211,72221,10
12.9930095673,80.2184829712,72221,72231,10
12.9924697876,80.2188796997,72231,72242,11
12.9918804169,80.2193222046,72242,72252,10
12.9914398193,80.219581604,72252,72262,10
12.9910202026,80.2194366455,72262,72272,10
12.9909696579,80.2194213867,72272,72282,10
12.9909095764,80.2193984985,72282,72292,10
12.9905195236,80.21925354,72292,72302,10
12.9899301529,80.219039917,72302,72312,10
12.9891996384,80.2187805176,72312,72322,10
12.9884195328,80.2185287476,72322,72332,10
12.9876804352,80.2183837891,72332,72342,10
12.9872102737,80.2182998657,72342,72353,11
12.9869499207,80.2182617188,72353,72363,10
12.9867296219,80.218208313,72363,72373,10
12.9862804413,80.2180862427,72373,72383,10
12.9856595993,80.2179489136,72383,72393,10
12.984919548,80.2179031372,72393,72403,10
12.9842796326,80.2179412842,72403,72413,10
12.9840698242,80.2179489136,72413,72423,10
12.9840202332,80.2179489136,72423,72433,10
12.9836902618,80.2179412842,72433,72443,10
12.9831199646,80.2179412842,72443,72453,10
12.9823999405,80.2179412842,72453,72463,10
12.9816999435,80.217956543,72463,72474,11
12.9810199738,80.2181396484,72474,72484,10
12.980509758,80.2182998657,72484,72494,10
12.9800796509,80.2184677124,72494,72504,10
12.979809761,80.2185821533,72504,72513,9
12.9793996811,80.2187576294,72513,72524,11
12.9788599014,80.218963623,72524,72534,10
12.9784698486,80.2191162109,72534,72544,10
12.9779100418,80.2193374634,72544,72554,10
12.9772596359,80.2196121216,72554,72564,10
12.9765396118,80.219909668,72564,72574,10
12.9758996964,80.2202224731,72574,72585,11
12.9755401611,80.2204589844,72585,72595,10
12.9755601883,80.2208099365,72595,72605,10
12.9758996964,80.2211685181,72605,72615,10
12.9762401581,80.2216415405,72615,72655,40
12.9762401581,80.2216415405,72655,72665,10
12.9762496948,80.2217407227,72665,72675,10
12.976360321,80.2219772339,72675,72685,10
12.9765501022,80.222328186,72685,72695,10
12.9768695831,80.2228012085,72695,72706,11
12.9772701263,80.2234420776,72706,72716,10
12.9775695801,80.2239074707,72716,72726,10
12.9779500961,80.2244873047,72726,72736,10
12.9782304764,80.224937439,72736,72746,10
12.9785203934,80.2253799438,72746,72756,10
12.9785404205,80.225402832,72756,72766,10
12.9786300659,80.2255783081,72766,72776,10
12.9788503647,80.2259368896,72776,72786,10
12.9791402817,80.2264404297,72786,72796,10
12.9793395996,80.2267379761,72796,72806,10
12.9794597626,80.2269287109,72806,72817,11
12.9797201157,80.2273635864,72817,72827,10
12.980050087,80.2279205322,72827,72837,10
12.9804296494,80.2285766602,72837,72847,10
12.9807701111,80.2291488647,72847,72857,10
12.9809303284,80.2294311523,72857,72867,10
12.9812002182,80.2298431396,72867,72877,10
12.9815397263,80.2303619385,72877,72887,10
12.9816198349,80.23046875,72887,72897,10
12.9816799164,80.2306213379,72897,72907,10
12.9818496704,80.2310180664,72907,72917,10
12.9819498062,80.2315826416,72917,72927,10
12.9819898605,80.2321395874,72927,72938,11
12.981880188,80.2326812744,72938,72948,10
12.981710434,80.2331924438,72948,72958,10
12.9815502167,80.2335510254,72958,72968,10
12.9815397263,80.2335662842,72968,72978,10
12.9815101624,80.2336578369,72978,72988,10
12.9812898636,80.2340698242,72988,72998,10
12.9811496735,80.234703064,72998,73008,10
12.9811697006,80.2355117798,73008,73018,10
12.9812002182,80.2364273071,73018,73028,10
12.9812402725,80.2373275757,73028,73038,10
12.9812602997,80.2377471924,73038,73048,10
12.9812602997,80.2381515503,73048,73059,11
12.9812803268,80.2385406494,73059,73069,10
12.9812698364,80.2386703491,73069,73079,10
12.9812602997,80.2387084961,73079,73089,10
12.9812698364,80.2390594482,73089,73099,10
12.9812803268,80.2395019531,73099,73109,10
12.9812803268,80.2396087646,73109,73119,10
12.9812898636,80.2399368286,73119,73135,16
12.9813098907,80.2407913208,73135,73147,12
12.9813098907,80.2414703369,73147,73155,8
12.9813203812,80.2419662476,73155,73168,13
12.9813299179,80.2428817749,73168,73198,30
12.9813299179,80.2428817749,73198,73207,9
12.9813098907,80.2431182861,73207,73217,10
12.9813203812,80.2435379028,73217,73228,11
12.9812202454,80.2442703247,73228,73237,9
12.9811096191,80.2451019287,73237,73248,11
12.9809799194,80.2461395264,73248,73258,10
12.980890274,80.2471389771,73258,73268,10
12.9808197021,80.2481307983,73268,73279,11
12.9807300568,80.2491378784,73279,73289,10
12.9806098938,80.2499694824,73289,73299,10
12.9804000854,80.2508163452,73299,73309,10
12.980219841,80.2515487671,73309,73319,10
12.9800701141,80.2522125244,73319,73339,20
12.9800300598,80.2523117065,73339,73359,20
12.9800300598,80.2523117065,73359,73369,10
12.9801502228,80.2525177002,73369,73379,10
12.9804201126,80.2526168823,73379,73389,10
12.9809598923,80.2526016235,73389,73400,11
12.9818201065,80.2525787354,73400,73410,10
12.9827604294,80.2525405884,73410,73420,10
12.9837198257,80.2523803711,73420,73430,10
12.9846801758,80.2521133423,73430,73440,10
12.985619545,80.2518615723,73440,73450,10
12.9864397049,80.2516479492,73450,73460,10
12.9877195358,80.2513198853,73460,73591,131
12.9877195358,80.2513198853,73591,73601,10
12.9879102707,80.2514419556,73601,73611,10
12.9879999161,80.2518386841,73611,73621,10
12.9879999161,80.2525100708,73621,73632,11
12.9878997803,80.2535324097,73632,73642,10
12.9877996445,80.2545013428,73642,73652,10
12.9876804352,80.2555389404,73652,73824,172
12.9876804352,80.2555389404,73824,73834,10
12.9876804352,80.2556762695,73834,73844,10
12.9876403809,80.2559204102,73844,73854,10
12.987569809,80.2563400269,73854,73865,11
12.9875297546,80.2569122314,73865,73875,10
12.9874696732,80.2574615479,73875,73885,10
12.9874296188,80.2581710815,73885,73895,10
12.9873695374,80.2589035034,73895,73905,10
12.9871997833,80.2595291138,73905,73935,30
12.9871997833,80.2595291138,73935,73945,10
12.9869203568,80.2595825195,73945,74388,443
12.9869203568,80.2595825195,74388,74398,10
12.986749649,80.2594528198,74398,74408,10
12.986579895,80.2593002319,74408,74469,61
12.986579895,80.2593002319,74469,74479,10
12.9868402481,80.2590026855,74479,74549,70
12.9870595932,80.2590789795,74549,74590,41
12.9870595932,80.2590789795,74590,74600,10
12.9873304367,80.2589035034,74600,74610,10
12.9873695374,80.2584915161,74610,74620,10
12.9874095917,80.2579574585,74620,74630,10
12.9874601364,80.2573394775,74630,74640,10
12.9875097275,80.256439209,74640,74802,162
12.9875097275,80.256439209,74802,74812,10
12.9876203537,80.2561798096,74812,74822,10
12.9876003265,80.2559204102,74822,74832,10
12.9877099991,80.2555618286,74832,74842,10
12.987739563,80.2549667358,74842,74862,20
12.987739563,80.2549667358,74862,74872,10
12.9877595901,80.2547912598,74872,74882,10
12.9877901077,80.2543029785,74882,74892,10
12.9878396988,80.2536087036,74892,74902,10
12.9878902435,80.252532959,74902,74993,91
12.9878902435,80.252532959,74993,75003,10
12.9878797531,80.2524414063,75003,75013,10
12.9878902435,80.2521820068,75013,75024,11
12.9877996445,80.2517623901,75024,75034,10
12.9877004623,80.2516098022,75034,75044,10
12.9875001907,80.2515869141,75044,75054,10
12.9871501923,80.2516174316,75054,75064,10
12.9867401123,80.2517318726,75064,75074,10
12.9863595963,80.2518386841,75074,75084,10
12.9858503342,80.2519378662,75084,75094,10
12.9850997925,80.2521514893,75094,75104,10
12.9843196869,80.2523574829,75104,75114,10
12.9833202362,80.2526016235,75114,75124,10
12.9823598862,80.2526931763,75124,75134,10
12.9813899994,80.2527084351,75134,75145,11
12.9804601669,80.2527236938,75145,75155,10
12.9799404144,80.2527389526,75155,75165,10
12.9798498154,80.2524337769,75165,75175,10
12.9798898697,80.2521896362,75175,75185,10
12.9799098969,80.2521209717,75185,75195,10
12.9800300598,80.2517700195,75195,75205,10
12.980219841,80.2512435913,75205,75215,10
12.9804201126,80.2505111694,75215,75223,8
12.9805698395,80.2498626709,75223,75235,12
12.9807100296,80.2487411499,75235,75245,10
12.980799675,80.2477035522,75245,75255,10
12.980890274,80.2466125488,75255,75266,11
12.9810199738,80.2453536987,75266,75276,10
12.9811201096,80.2443237305,75276,75286,10
12.9811897278,80.2436904907,75286,75296,10
12.9813098907,80.2434082031,75296,75306,10
12.9813203812,80.2429275513,75306,75316,10
12.9813299179,80.2427368164,75316,75326,10
12.9813404083,80.2426376343,75326,75336,10
12.9813404083,80.2422409058,75336,75346,10
12.9813299179,80.2416381836,75346,75356,10
12.9813203812,80.2409133911,75356,75366,10
12.9813098907,80.2401428223,75366,75377,11
12.9812898636,80.2393417358,75377,75387,10
12.9812698364,80.2386703491,75387,75397,10
12.9812498093,80.2381134033,75397,75413,16
12.9812498093,80.2380828857,75413,75425,12
12.9812498093,80.2378234863,75425,75435,10
12.9812402725,80.2374801636,75435,75445,10
12.9812202454,80.2368774414,75445,75455,10
12.9812002182,80.236076355,75455,75465,10
12.981180191,80.2351989746,75465,75475,10
12.9811897278,80.2344284058,75475,75485,10
12.9813995361,80.2337722778,75485,75496,11
12.9816102982,80.2333297729,75496,75506,10
12.9816398621,80.2332687378,75506,75516,10
12.9817199707,80.2331008911,75516,75526,10
12.9818696976,80.2327423096,75526,75537,11
12.982000351,80.2322769165,75537,75547,10
12.982000351,80.2321777344,75547,75556,9
12.9819803238,80.2319107056,75556,75567,11
12.9819402695,80.2315216064,75567,75577,10
12.9818401337,80.2310409546,75577,75587,10
12.9816904068,80.2306976318,75587,75597,10
12.9814395905,80.2302703857,75597,75608,11
12.9810400009,80.229637146,75608,75618,10
12.9808397293,80.2292785645,75618,75628,10
12.9807100296,80.229019165,75628,75638,10
12.9804096222,80.2285308838,75638,75648,10
12.9801197052,80.2280502319,75648,75658,10
12.9798297882,80.2275390625,75658,75668,10
12.9794998169,80.2269973755,75668,75678,10
12.9792003632,80.2265167236,75678,75688,10
12.9788599014,80.2259597778,75688,75698,10
12.9784803391,80.2253417969,75698,75708,10
12.9780797958,80.2246932983,75708,75718,10
12.9777803421,80.224281311,75718,75729,11
12.9777402878,80.2242202759,75729,75739,10
12.9775400162,80.2238998413,75739,75749,10
12.9772996902,80.2235031128,75749,75759,10
12.9770402908,80.2230682373,75759,75769,10
12.9768104553,80.2226791382,75769,75779,10
12.9765195847,80.2221984863,75779,75789,10
12.9761800766,80.2216873169,75789,75799,10
12.9755897522,80.2210006714,75799,75910,111
12.9752702713,80.2208328247,75910,75971,61
12.9752702713,80.2208328247,75971,75981,10
12.9752101898,80.220741272,75981,75991,10
12.9753398895,80.2205734253,75991,76001,10
12.9756002426,80.2203292847,76001,76011,10
12.9760398865,80.220123291,76011,76021,10
12.976650238,80.2198562622,76021,76031,10
12.9773597717,80.2195663452,76031,76041,10
12.9781198502,80.2192611694,76041,76051,10
12.9785499573,80.219078064,76051,76061,10
12.9788799286,80.218963623,76061,76072,11
12.9795799255,80.2186813354,76072,76082,10
12.9800300598,80.21849823,76082,76092,10
12.9802398682,80.2184066772,76092,76102,10
12.9806604385,80.2182617188,76102,76112,10
12.9812698364,80.2180404663,76112,76122,10
12.982000351,80.217880249,76122,76132,10
12.9827604294,80.2178573608,76132,76142,10
12.9837903976,80.2178497314,76142,76162,20
12.9837903976,80.2178497314,76162,76172,10
12.9840698242,80.217880249,76172,76182,10
12.9844999313,80.2178497314,76182,76193,11
12.9850902557,80.2178573608,76193,76203,10
12.9858398438,80.2179336548,76203,76213,10
12.9865999222,80.2181015015,76213,76223,10
12.9871902466,80.218208313,76223,76233,10
12.9873800278,80.2182388306,76233,76243,10
12.9874696732,80.2182693481,76243,76253,10
12.9878702164,80.2183685303,76253,76263,10
12.9884796143,80.2185211182,76263,76273,10
12.9892101288,80.21875,76273,76283,10
12.9899997711,80.2190322876,76283,76293,10
12.9908504486,80.2192993164,76293,76310,17
12.9918498993,80.219367981,76310,76322,12
12.9924697876,80.2189025879,76322,76332,10
12.9930400848,80.2184524536,76332,76341,9
12.9935102463,80.2180786133,76341,76352,11
12.9940795898,80.2176818848,76352,76362,10
12.9945898056,80.2173080444,76362,76372,10
12.9950304031,80.2170028687,76372,76382,10
12.9954595566,80.2167510986,76382,76391,9
12.9958896637,80.2165985107,76391,76402,11
12.9960899353,80.2165603638,76402,76433,31
12.996339798,80.2165298462,76433,76473,40
12.996339798,80.2165298462,76473,76483,10
12.9967403412,80.2164993286,76483,76493,10
12.9969301224,80.2164916992,76493,76503,10
12.9971504211,80.216468811,76503,76513,10
12.9973602295,80.216293335,76513,76523,10
12.9975700378,80.2161026001,76523,76534,11
12.9976196289,80.2160568237,76534,76544,10
12.997879982,80.2158203125,76544,76554,10
12.9982795715,80.2154769897,76554,76564,10
12.998749733,80.2150421143,76564,76574,10
12.9990997314,80.2147293091,76574,76584,10
12.9993600845,80.2145080566,76584,76594,10
12.9997501373,80.2141799927,76594,76604,10
13.0000896454,80.2138671875,76604,76614,10
13.0006198883,80.2134017944,76614,76624,10
13.0011100769,80.2130126953,76624,76634,10
13.0016002655,80.212638855,76634,76644,10
13.0021295547,80.2123031616,76644,76655,11
13.0027999878,80.2120819092,76655,76665,10
13.0036697388,80.2119064331,76665,76685,20
13.0036697388,80.2119064331,76685,76695,10
13.0037097931,80.2117614746,76695,76705,10
13.0037097931,80.2113418579,76705,76715,10
13.003660202,80.2107391357,76715,76725,10
13.0035800934,80.2101593018,76725,76735,10
13.0035400391,80.2095870972,76735,76745,10
13.0036497116,80.2089767456,76745,76755,10
13.0040798187,80.2086181641,76755,76765,10
13.0047702789,80.208946228,76765,76776,11
13.0055704117,80.209312439,76776,76786,10
13.0063295364,80.2095794678,76786,76796,10
13.0070295334,80.2097702026,76796,76806,10
13.0075397491,80.2098464966,76806,76826,20
13.0075397491,80.2098464966,76826,76836,10
13.0077295303,80.2098999023,76836,76846,10
13.0080795288,80.2099990845,76846,76856,10
13.0081796646,80.2098083496,76856,76866,10
13.0080499649,80.2092819214,76866,76876,10
13.0079402924,80.2085113525,76876,76887,11
13.0077896118,80.2075119019,76887,76897,10
13.0076398849,80.2065963745,76897,76907,10
13.0075302124,80.2057723999,76907,76917,10
13.0075302124,80.2050704956,76917,76927,10
13.0075397491,80.2044906616,76927,76937,10
13.0074796677,80.2038726807,76937,76947,10
13.007349968,80.2030181885,76947,76957,10
13.0068101883,80.2025375366,76957,76967,10
13.0065603256,80.2031021118,76967,76977,10
13.0069599152,80.2034378052,76977,76987,10
13.0074901581,80.2036514282,76987,76997,10
13.0082101822,80.2036972046,76997,77008,11
13.0092096329,80.2036514282,77008,77018,10
13.010140419,80.2036132813,77018,77028,10
13.011059761,80.2036590576,77028,77038,10
13.0121603012,80.2038192749,77038,77048,10
13.013010025,80.2039871216,77048,77057,9
13.0136995316,80.2042312622,77057,77068,11
13.0145597458,80.2045211792,77068,77078,10
13.0150203705,80.2046432495,77078,77088,10
13.0151596069,80.2046279907,77088,77098,10
13.0156202316,80.2048568726,77098,77108,10
13.0163002014,80.2051391602,77108,77119,11
13.0170497894,80.2052612305,77119,77129,10
13.017780304,80.2055664063,77129,77139,10
13.0184297562,80.2058181763,77139,77149,10
13.0188703537,80.2059707642,77149,77159,10
13.0188999176,80.2060089111,77159,77169,10
13.0192804337,80.2061309814,77169,77179,10
13.0199203491,80.2062606812,77179,77189,10
13.0207300186,80.2062835693,77189,77199,10
13.0215196609,80.2062835693,77199,77209,10
13.0222101212,80.2063064575,77209,77219,10
13.022939682,80.2064285278,77219,77229,10
13.023730278,80.2065811157,77229,77240,11
13.0242996216,80.2066802979,77240,77250,10
13.0243997574,80.2067184448,77250,77266,16
13.0251998901,80.2069396973,77266,77278,12
13.0261497498,80.2074203491,77278,77288,10
13.0269203186,80.2078781128,77288,77298,10
13.0277700424,80.2083816528,77298,77308,10
13.0286598206,80.2086791992,77308,77318,10
13.0294904709,80.2088699341,77318,77328,10
13.0301198959,80.2090072632,77328,77338,10
13.0304298401,80.2090835571,77338,77348,10
13.0309295654,80.2092132568,77348,77359,11
13.0315198898,80.2093582153,77359,77369,10
13.0316095352,80.2093887329,77369,77379,10
13.0319700241,80.209487915,77379,77389,10
13.0325202942,80.209602356,77389,77399,10
13.033249855,80.2097625732,77399,77409,10
13.0339603424,80.2099609375,77409,77419,10
13.034740448,80.2100982666,77419,77429,10
13.0349597931,80.2105636597,77429,77439,10
13.0349597931,80.2110595703,77439,77449,10
13.0349502563,80.2110977173,77449,77459,10
13.0348997116,80.2113037109,77459,77470,11
13.0348596573,80.2120437622,77470,77500,30
13.0348596573,80.2120437622,77500,77510,10
13.0348997116,80.2122116089,77510,77520,10
13.0351896286,80.212272644,77520,77530,10
13.0357198715,80.2122879028,77530,77540,10
13.0364198685,80.2123031616,77540,77550,10
13.0369997025,80.2123031616,77550,77560,10
13.0373802185,80.2123031616,77560,77570,10
13.0377397537,80.2123031616,77570,77580,10
13.038359642,80.2122802734,77580,77591,11
13.0391702652,80.2122573853,77591,77601,10
13.0400600433,80.2122573853,77601,77611,10
13.0410003662,80.2122421265,77611,77621,10
13.0419101715,80.2122268677,77621,77631,10
13.0427799225,80.2122192383,77631,77641,10
13.043800354,80.2121963501,77641,77702,61
13.043800354,80.2121963501,77702,77712,10
13.0440797806,80.2121810913,77712,77722,10
13.0444402695,80.2121810913,77722,77732,10
13.0450000763,80.2121887207,77732,77742,10
13.0456895828,80.2121734619,77742,77752,10
13.0463399887,80.2121810913,77752,77762,10
13.0469198227,80.2121582031,77762,77772,10
13.0475597382,80.212097168,77772,77782,10
13.0481796265,80.2120285034,77782,77802,20
13.0481796265,80.2120285034,77802,77813,11
13.0483999252,80.212020874,77813,77823,10
13.0486402512,80.2119979858,77823,77833,10
13.0493297577,80.2119293213,77833,77853,20
13.0495595932,80.2119064331,77853,77903,50
13.0495595932,80.2119064331,77903,77913,10
13.0496997833,80.2118988037,77913,77923,10
13.0499897003,80.2118988037,77923,77934,11
13.050359726,80.2119369507,77934,77944,10
13.0508499146,80.2120285034,77944,77954,10
13.0515804291,80.2120513916,77954,77964,10
13.0523500443,80.2119293213,77964,77974,10
13.053150177,80.211730957,77974,77984,10
13.0539398193,80.2115097046,77984,77994,10
13.0546598434,80.2114028931,77994,78004,10
13.055439949,80.2113876343,78004,78014,10
13.0563402176,80.2114028931,78014,78024,10
13.0571899414,80.2114028931,78024,78034,10
13.0579204559,80.2114181519,78034,78044,10
13.0586500168,80.2113876343,78044,78055,11
13.0586996078,80.2113800049,78055,78065,10
13.058839798,80.2113800049,78065,78075,10
13.0592403412,80.2114181519,78075,78085,10
13.0598497391,80.2114486694,78085,78095,10
13.0606002808,80.2114868164,78095,78105,10
13.0612802505,80.2115478516,78105,78115,10
13.061920166,80.2115478516,78115,78125,10
13.0625896454,80.2115402222,78125,78135,10
13.063170433,80.2114715576,78135,78145,10
13.0631999969,80.2114562988,78145,78155,10
13.0635004044,80.21144104,78155,78166,11
13.0640602112,80.2114028931,78166,78176,10
13.0646896362,80.2111663818,78176,78186,10
13.065369606,80.2107391357,78186,78196,10
13.0659999847,80.2102203369,78196,78206,10
13.0665998459,80.2096862793,78206,78216,10
13.0670700073,80.2090911865,78216,78226,10
13.0672798157,80.2086868286,78226,78236,10
13.0675401688,80.2082824707,78236,78246,10
13.0678901672,80.2077331543,78246,78256,10
13.06828022,80.2071228027,78256,78266,10
13.0686702728,80.2065505981,78266,78276,10
13.0690202713,80.2059783936,78276,78287,11
13.0692300797,80.2056503296,78287,78297,10
13.0693101883,80.2055435181,78297,78347,50
13.0693101883,80.2055435181,78347,78357,10
13.0695896149,80.2050933838,78357,78367,10
13.0696496964,80.2048416138,78367,78377,10
13.0694198608,80.2047195435,78377,78387,10
13.0691404343,80.2049407959,78387,78398,11
13.0688800812,80.205291748,78398,78408,10
13.0688295364,80.2053222656,78408,78418,10
13.0686101913,80.2054367065,78418,78589,171
13.0686101913,80.2054367065,78589,78599,10
13.0683803558,80.2054290771,78599,78609,10
13.0682601929,80.2054290771,78609,78619,10
13.068110466,80.2054519653,78619,78630,11
13.0680198669,80.2054367065,78630,78640,10
13.0679397583,80.2053527832,78640,78650,10
13.0680198669,80.205078125,78650,78660,10
13.0683298111,80.2049331665,78660,78670,10
13.0686702728,80.2047805786,78670,78680,10
13.0689697266,80.2046890259,78680,78690,10
13.0692396164,80.2047119141,78690,78700,10
13.0694799423,80.204750061,78700,78710,10
13.0697202682,80.2048797607,78710,78751,41
13.0697202682,80.2048797607,78751,78761,10
13.0698299408,80.2051620483,78761,78771,10
13.0695495605,80.2055892944,78771,78781,10
13.069149971,80.206199646,78781,78791,10
13.0687398911,80.2068405151,78791,78801,10
13.0682401657,80.2076568604,78801,78811,10
13.0678100586,80.2083206177,78811,78821,10
13.0673799515,80.2089996338,78821,78831,10
13.0670003891,80.2095870972,78831,78841,10
13.0662498474,80.2103118896,78841,78851,10
13.0656099319,80.2108306885,78851,78862,11
13.0649204254,80.2113265991,78862,78872,10
13.0642900467,80.2116317749,78872,78882,10
13.0637598038,80.211769104,78882,78892,10
13.0637598038,80.2117767334,78892,78902,10
13.0634498596,80.2117767334,78902,78912,10
13.0628404617,80.2118225098,78912,78922,10
13.0622596741,80.2118225098,78922,78932,10
13.0615997314,80.2117462158,78932,78942,10
13.0605897903,80.2117385864,78942,78952,10
13.0597000122,80.2117080688,78952,78962,10
13.0588598251,80.2117004395,78962,78972,10
13.0584001541,80.2116775513,78972,78983,11
13.0578298569,80.2116394043,78983,78993,10
13.0571098328,80.2116317749,78993,79003,10
13.0563097,80.2116088867,79003,79012,9
13.0554895401,80.2115783691,79012,79023,11
13.0545597076,80.2115707397,79023,79033,10
13.0537796021,80.2117233276,79033,79043,10
13.0529899597,80.2119369507,79043,79053,10
13.0523004532,80.2121276855,79053,79063,10
13.0516300201,80.2122192383,79063,79073,10
13.0508804321,80.2121963501,79073,79083,10
13.0503997803,80.2121887207,79083,79104,21
13.0503997803,80.2121887207,79104,79114,10
13.0501499176,80.2121963501,79114,79124,10
13.0499200821,80.2122192383,79124,79134,10
13.0499095917,80.2125015259,79134,79144,10
13.0499601364,80.212928772,79144,79154,10
13.0500402451,80.2133636475,79154,79164,10
13.0502099991,80.2138900757,79164,79174,10
13.0504302979,80.2144393921,79174,79184,10
13.0502996445,80.2146377563,79184,79194,10
13.0498199463,80.2146377563,79194,79204,10
13.0492801666,80.2145996094,79204,79215,11
13.0488195419,80.2145462036,79215,79225,10
13.0482301712,80.2144622803,79225,79235,10
13.0477199554,80.2143936157,79235,79245,10
13.047129631,80.2144012451,79245,79255,10
13.0464200974,80.2144775391,79255,79271,16
13.0450801849,80.2147216797,79271,79283,12
13.044500351,80.21459198,79283,79292,9
13.0444898605,80.2141418457,79292,79303,11
13.0444402695,80.2132797241,79303,79313,10
13.0444202423,80.2125091553,79313,79395,82
13.0444202423,80.2125091553,79395,79405,10
13.0443897247,80.2122268677,79405,79415,10
13.0446901321,80.2121582031,79415,79425,10
13.045249939,80.2121810913,79425,79435,10
13.0459804535,80.2121887207,79435,79446,11
13.0467395782,80.2121582031,79446,79456,10
13.0470199585,80.2120895386,79456,79466,10
13.0470304489,80.2119293213,79466,79476,10
13.0470199585,80.2115402222,79476,79486,10
13.0469799042,80.2110595703,79486,79496,10
13.0470600128,80.2107009888,79496,79506,10
13.047419548,80.2107086182,79506,79516,10
13.0480003357,80.2107620239,79516,79526,10
13.048620224,80.2107772827,79526,79536,10
13.0492200851,80.2108306885,79536,79546,10
13.0496101379,80.2107391357,79546,79556,10
13.0496101379,80.2103271484,79556,79567,11
13.049539566,80.2097015381,79567,79577,10
13.049489975,80.2091064453,79577,79587,10
13.0493803024,80.2086791992,79587,79597,10
13.0493803024,80.208656311,79597,79607,10
13.0493001938,80.2083816528,79607,79617,10
13.0491199493,80.2078933716,79617,79627,10
13.0489702225,80.2073516846,79627,79637,10
13.0488004684,80.2069396973,79637,79647,10
13.0489501953,80.2068023682,79647,79657,10
13.0491600037,80.2068405151,79657,79667,10
13.0493803024,80.2068099976,79667,79708,41
13.0493803024,80.2068099976,79708,79718,10
13.0496397018,80.2068481445,79718,79728,10
13.0499401093,80.2068405151,79728,79738,10
13.0503101349,80.2068786621,79738,79748,10
13.0506801605,80.2069702148,79748,79849,101
13.0507698059,80.2070007324,79849,80212,363
13.0507698059,80.2070007324,80212,80222,10
13.0509300232,80.2069091797,80222,80232,10
13.0509395599,80.2070922852,80232,80242,10
13.0507602692,80.2071914673,80242,80252,10
13.0506000519,80.2069778442,80252,80263,11
13.0504198074,80.2067565918,80263,80273,10
13.0501899719,80.2067718506,80273,83277,3004
13.0502300262,80.2070999146,83277,84538,1261
13.050239563,80.206817627,84538,85023,485
13.050239563,80.206817627,85023,85034,11
13.0502099991,80.2069702148,85034,85064,30
13.0502099991,80.2069702148,85064,85074,10
13.0500497818,80.2072296143,85074,85094,20
13.0501499176,80.2069702148,85094,86173,1079
13.0501699448,80.2071609497,86173,86345,172
