12.9970397949,80.1918487549,19,544,525
12.9970397949,80.1918487549,544,554,10
12.9970798492,80.1918182373,554,2846,2292
12.9972496033,80.1917190552,2846,3169,323
12.9971399307,80.1916885376,3169,6068,2899
12.9972200394,80.1917800903,6068,6704,636
12.997300148,80.1918869019,6704,7391,687
12.9969997406,80.1918182373,7391,7683,292
12.997179985,80.1918487549,7683,7905,222
12.9972000122,80.1918411255,7905,8420,515
12.9972200394,80.1918029785,8420,8572,152
12.9970397949,80.1919403076,8572,8673,101
12.9971599579,80.1918563843,8673,8733,60
12.9971704483,80.1918106079,8733,9036,303
12.9971704483,80.1918106079,9036,9046,10
12.9972600937,80.1918029785,9046,9288,242
12.9970703125,80.1917800903,9288,11136,1848
12.9971704483,80.1918029785,11136,12592,1456
12.9971704483,80.1918029785,12592,12603,11
12.9972000122,80.1917800903,12603,15127,2524
12.9972000122,80.1917800903,15127,15137,10
12.9970998764,80.19165802,15137,15197,60
12.9972200394,80.1917800903,15197,16449,1252
12.9972200394,80.1917800903,16449,16459,10
12.9970798492,80.1917190552,16459,16691,232
12.9972200394,80.1918182373,16691,17913,1222
12.997130394,80.1917266846,17913,18579,666
12.9971704483,80.1918182373,18579,19266,687
12.9971704483,80.1918182373,19266,19276,10
12.9970397949,80.1917495728,19276,19286,10
12.9970397949,80.1917419434,19286,19296,10
12.9970598221,80.1917037964,19296,19306,10
12.9969501495,80.1914520264,19306,19377,71
12.9969501495,80.1914520264,19377,19387,10
12.9968795776,80.1912765503,19387,19397,10
12.9965000153,80.1913833618,19397,19427,30
12.9965000153,80.1913833618,19427,19437,10
12.9964103699,80.1914367676,19437,19447,10
12.9963302612,80.1912384033,19447,19558,111
12.9962997437,80.1911315918,19558,19952,394
12.9962997437,80.1911315918,19952,19962,10
12.9962797165,80.1909713745,19962,19971,9
12.9962100983,80.1907501221,19971,19981,10
12.9960899353,80.190322876,19981,19993,12
12.9959402084,80.1898193359,19993,20003,10
12.9960603714,80.1892929077,20003,20023,20
12.9960603714,80.1892929077,20023,20033,10
12.9961795807,80.1893081665,20033,20043,10
12.9964799881,80.1896820068,20043,20053,10
12.9968795776,80.1901397705,20053,20063,10
12.9973297119,80.1906890869,20063,20073,10
12.9978904724,80.191368103,20073,20083,10
12.9984903336,80.1921234131,20083,20093,10
12.9990301132,80.1928329468,20093,20104,11
12.9994602203,80.1933822632,20104,20114,10
12.9997301102,80.1937179565,20114,20124,10
13.0001401901,80.1942367554,20124,20134,10
13.0006504059,80.1948165894,20134,20144,10
13.0011796951,80.1954574585,20144,20154,10
13.0016899109,80.1961135864,20154,20164,10
13.0022001266,80.1969909668,20164,20174,10
13.0020999908,80.1979675293,20174,20184,10
13.001950264,80.1986999512,20184,20194,10
13.0018901825,80.1990585327,20194,20205,11
13.0018396378,80.1994400024,20205,20215,10
13.0019302368,80.1998825073,20215,20225,10
13.0022296906,80.2003173828,20225,20235,10
13.0029096603,80.2006835938,20235,20245,10
13.0036296844,80.2008590698,20245,20255,10
13.004119873,80.2009887695,20255,20265,10
13.0044698715,80.2010803223,20265,20275,10
13.0050697327,80.2013397217,20275,20285,10
13.0056695938,80.2018737793,20285,20295,10
13.0060396194,80.2025299072,20295,20306,11
13.0065698624,80.203163147,20306,20316,10
13.0073204041,80.2035522461,20316,20326,10
13.0081396103,80.2036514282,20326,20336,10
13.0084295273,80.20287323,20336,20346,10
13.0077104568,80.2028579712,20346,20356,10
13.0076398849,80.2039031982,20356,20366,10
13.0076503754,80.205078125,20366,20376,10
13.0077400208,80.2062835693,20376,20386,10
13.0079298019,80.2074432373,20386,20396,10
13.0079803467,80.208366394,20396,20406,10
13.0082597733,80.2095184326,20406,20417,11
13.0087404251,80.2107467651,20417,20427,10
13.0091104507,80.2118301392,20427,20437,10
13.0094404221,80.2128372192,20437,20447,10
13.0097904205,80.2138137817,20447,20457,10
13.010140419,80.2147903442,20457,20467,10
13.010310173,80.2158203125,20467,20477,10
13.0107402802,80.2167282104,20477,20487,10
13.0112199783,80.2177581787,20487,20497,10
13.0116300583,80.2188262939,20497,20507,10
13.0120000839,80.2199478149,20507,20517,10
13.0123195648,80.2210083008,20517,20534,17
13.0128297806,80.2220993042,20534,20546,12
13.013469696,80.222869873,20546,20556,10
13.013999939,80.223449707,20556,20566,10
13.0143299103,80.2239379883,20566,20575,9
13.0147104263,80.2243423462,20575,20586,11
13.0156202316,80.2251205444,20586,20596,10
13.0164604187,80.2253265381,20596,20606,10
13.0173196793,80.2249984741,20606,20616,10
13.0182304382,80.2246322632,20616,20627,11
13.0192403793,80.2243270874,20627,20637,10
13.0199899673,80.224647522,20637,20647,10
13.0207004547,80.2251815796,20647,20657,10
13.0213003159,80.2256469727,20657,20667,10
13.0219202042,80.2261428833,20667,20677,10
13.0225496292,80.2266998291,20677,20687,10
13.0233001709,80.2273406982,20687,20697,10
13.0244197845,80.2284698486,20697,20727,30
13.0244197845,80.2284698486,20727,20738,11
13.0244398117,80.2285614014,20738,20748,10
13.0242500305,80.2286224365,20748,20758,10
13.0240602493,80.2284011841,20758,20768,10
13.0237998962,80.2280578613,20768,20778,10
13.0234203339,80.2276687622,20778,20788,10
13.0230798721,80.2274169922,20788,20808,20
13.0230798721,80.2274169922,20808,20818,10
13.0229797363,80.2273788452,20818,20828,10
13.0228595734,80.227180481,20828,20839,11
13.022600174,80.2268676758,20839,20849,10
13.0221204758,80.2264633179,20849,20859,10
13.0215301514,80.2259597778,20859,20869,10
13.0209197998,80.225479126,20869,20879,10
13.0202503204,80.2250289917,20879,20889,10
13.019490242,80.2245330811,20889,20899,10
13.0185403824,80.2245788574,20899,20909,10
13.0176496506,80.2249908447,20909,20919,10
13.0167703629,80.2253494263,20919,20929,10
13.0159797668,80.2256622314,20929,20939,10
13.0151901245,80.2259368896,20939,20950,11
13.0143299103,80.2263031006,20950,20960,10
13.0142402649,80.2263412476,20960,20970,10
13.0139398575,80.2264404297,20970,20980,10
13.0134096146,80.2266311646,20980,20990,10
13.0127000809,80.2268600464,20990,21000,10
13.0118598938,80.227180481,21000,21010,10
13.0109300613,80.2275466919,21010,21020,10
13.0100097656,80.2279205322,21020,21030,10
13.0095300674,80.2275695801,21030,21040,10
13.0098600388,80.226852417,21040,21051,11
13.0102901459,80.2259216309,21051,21061,10
13.0107002258,80.2250289917,21061,21071,10
13.011059761,80.2241134644,21071,21081,10
13.0113401413,80.2233581543,21081,21091,10
13.0115499496,80.2228622437,21091,21100,9
13.0117702484,80.2222213745,21100,21111,11
13.0121097565,80.2212295532,21111,21121,10
13.0119600296,80.2204818726,21121,21131,10
13.0116796494,80.2196121216,21131,21141,10
13.0113801956,80.2187194824,21141,21151,10
13.011059761,80.2178726196,21151,21162,11
13.0107002258,80.2169418335,21162,21172,10
13.0103902817,80.2162094116,21172,21182,10
13.0098800659,80.2152786255,21182,21192,10
13.0094203949,80.2146530151,21192,21202,10
13.0088796616,80.2139587402,21202,21212,10
13.0083198547,80.2134170532,21212,21222,10
13.0078496933,80.213218689,21222,21232,10
13.008099556,80.2133178711,21232,21242,10
13.008099556,80.2133102417,21242,21252,10
13.0080099106,80.2132415771,21252,21263,11
13.0079202652,80.2131195068,21263,21273,10
13.0075597763,80.212890625,21273,21283,10
13.0070896149,80.2127838135,21283,21294,11
13.0065603256,80.2127532959,21294,21304,10
13.0059404373,80.2129974365,21304,21314,10
13.0054798126,80.2128219604,21314,21324,10
13.0047397614,80.2123413086,21324,21334,10
13.0038995743,80.2120513916,21334,21344,10
13.0036802292,80.2115631104,21344,21354,10
13.0036096573,80.2108764648,21354,21365,11
13.0035400391,80.2100601196,21365,21375,10
13.0035800934,80.2092666626,21375,21385,10
13.0038995743,80.2086410522,21385,21395,10
13.0045995712,80.2089080811,21395,21405,10
13.0053195953,80.2092208862,21405,21415,10
13.0060796738,80.209487915,21415,21425,10
13.006819725,80.2097015381,21425,21435,10
13.0069503784,80.2097320557,21435,21445,10
13.0072402954,80.2097625732,21445,21455,10
13.0077600479,80.2098770142,21455,21465,10
13.0081701279,80.2098617554,21465,21476,11
13.0080699921,80.2092971802,21476,21486,10
13.0079202652,80.2085266113,21486,21496,10
13.0077695847,80.2076721191,21496,21506,10
13.0076198578,80.206817627,21506,21516,10
13.0074701309,80.2058868408,21516,21526,10
13.0071601868,80.2049026489,21526,21536,10
13.0066404343,80.2039794922,21536,21546,10
13.0061798096,80.2033462524,21546,21556,10
13.0056295395,80.2023696899,21556,21566,10
13.0050601959,80.2016067505,21566,21577,11
13.0042800903,80.2012329102,21577,21597,20
13.0042800903,80.2012329102,21597,21607,10
13.004240036,80.2012023926,21607,21617,10
13.0039196014,80.2010803223,21617,21627,10
13.0033998489,80.2008972168,21627,21637,10
13.0026798248,80.2006835938,21637,21647,10
13.0019702911,80.2002029419,21647,21657,10
13.001660347,80.1993789673,21657,21667,10
13.0017995834,80.1984786987,21667,21677,10
13.0019197464,80.1975479126,21677,21688,11
13.0017404556,80.1965484619,21688,21698,10
13.001159668,80.1957778931,21698,21708,10
13.0004997253,80.1949615479,21708,21718,10
12.9998598099,80.1941375732,21718,21728,10
12.9992198944,80.193359375,21728,21738,10
12.9987802505,80.192741394,21738,21748,10
12.998339653,80.1922607422,21748,21758,10
12.9978599548,80.1926193237,21758,21768,10
12.997300148,80.1930999756,21768,21778,10
12.9969902039,80.1933288574,21778,21789,11
12.9965600967,80.1933898926,21789,21799,10
12.9959096909,80.1933822632,21799,21809,10
12.995059967,80.1933898926,21809,21819,10
12.994099617,80.193397522,21819,21829,10
12.9930896759,80.1934280396,21829,21839,10
12.9921503067,80.1934585571,21839,21849,10
12.9915895462,80.1940383911,21849,21859,10
12.9913702011,80.1943969727,21859,21869,10
12.9912395477,80.1946563721,21869,21879,10
12.990940094,80.1950683594,21879,21889,10
12.9905796051,80.1953811646,21889,21900,11
12.9900302887,80.1955718994,21900,21910,10
12.9895095825,80.1955566406,21910,21920,10
12.9887800217,80.1955413818,21920,21930,10
12.9879302979,80.1955413818,21930,21940,10
12.9870700836,80.1957931519,21940,21950,10
12.9861297607,80.1960983276,21950,21960,10
12.9849996567,80.1962203979,21960,21970,10
12.983880043,80.1962585449,21970,21980,10
12.9832496643,80.1964416504,21980,21990,10
12.9829301834,80.1965789795,21990,22001,11
12.9824800491,80.1969680786,22001,22011,10
12.9823503494,80.1970825195,22011,22021,10
12.9821796417,80.1971282959,22021,22031,10
12.9821300507,80.1969909668,22031,22041,10
12.9821300507,80.1969833374,22041,22051,10
12.9821996689,80.1968994141,22051,22061,10
12.9825496674,80.1966400146,22061,22071,10
12.9827699661,80.196472168,22071,22081,10
12.9827098846,80.1962814331,22081,22091,10
12.9825000763,80.1961593628,22091,22102,11
12.9822397232,80.1960296631,22102,22112,10
12.9817495346,80.1958007813,22112,22122,10
12.9816799164,80.1957397461,22122,22132,10
12.9813604355,80.1955566406,22132,22142,10
12.9808797836,80.1953582764,22142,22152,10
12.9802799225,80.19506073,22152,22162,10
12.9795598984,80.1945724487,22162,22172,10
12.9788503647,80.194152832,22172,22182,10
12.9780397415,80.193901062,22182,22192,10
12.977640152,80.1938400269,22192,22202,10
12.9775600433,80.1938095093,22202,22213,11
12.9771795273,80.1937026978,22213,22223,10
12.9766101837,80.1934127808,22223,22233,10
12.976099968,80.193031311,22233,22243,10
12.9756097794,80.1926574707,22243,22253,10
12.9750099182,80.1923980713,22253,22263,10
12.9744596481,80.1921920776,22263,22273,10
12.9738302231,80.1919403076,22273,22283,10
12.9730701447,80.1916732788,22283,22293,10
12.9723796844,80.1913986206,22293,22303,10
12.9721603394,80.1913070679,22303,22314,11
12.9720697403,80.1912689209,22314,22324,10
12.9716300964,80.1910629272,22324,22334,10
12.9710197449,80.190788269,22334,22344,10
12.9702596664,80.1904602051,22344,22354,10
12.9695596695,80.1901397705,22354,22364,10
12.9690799713,80.1899185181,22364,22374,10
12.9680404663,80.1894378662,22374,22394,20
12.9680404663,80.1894378662,22394,22404,10
12.9677600861,80.1893310547,22404,22421,17
12.9666204453,80.1888580322,22421,22433,12
12.9659404755,80.1885986328,22433,22443,10
12.9654197693,80.1884231567,22443,22453,10
12.9649200439,80.1882095337,22453,22463,10
12.9647502899,80.1881790161,22463,22473,10
12.9643201828,80.1880187988,22473,22483,10
12.9635801315,80.1877975464,22483,22493,10
12.9629201889,80.1876525879,22493,22503,10
12.9620895386,80.1874771118,22503,22513,10
12.961350441,80.1873626709,22513,22524,11
12.9608001709,80.18724823,22524,22534,10
12.960650444,80.1872177124,22534,22544,10
12.9603300095,80.187171936,22544,22554,10
12.9599399567,80.1871109009,22554,22564,10
12.9593601227,80.1870574951,22564,22574,10
12.9585399628,80.1870117188,22574,22584,10
12.9576396942,80.1870193481,22584,22594,10
12.9570503235,80.18699646,22594,22604,10
12.9565000534,80.186958313,22604,22614,10
12.9557800293,80.1869125366,22614,22635,21
12.9557800293,80.1869125366,22635,22645,10
12.9556398392,80.186882019,22645,22655,10
12.9554004669,80.1868362427,22655,22665,10
12.9549198151,80.1867675781,22665,22675,10
12.9542999268,80.1866912842,22675,22685,10
12.9535303116,80.1865692139,22685,22695,10
12.9526996613,80.1864624023,22695,22705,10
12.9518203735,80.1862030029,22705,22715,10
12.9508895874,80.1859130859,22715,22725,10
12.9501104355,80.1855926514,22725,22736,11
12.9493303299,80.1853790283,22736,22746,10
12.9487199783,80.1851806641,22746,22756,10
12.9479904175,80.184928894,22756,22766,10
12.9472799301,80.184463501,22766,22776,10
12.9465303421,80.1838684082,22776,22786,10
12.9457197189,80.1832427979,22786,22796,10
12.9448299408,80.1830291748,22796,22806,10
12.9446201324,80.1830368042,22806,22816,10
12.9445295334,80.183052063,22816,22826,10
12.9442596436,80.1830368042,22826,22836,10
12.9436702728,80.1829605103,22836,22847,11
12.9428501129,80.1829376221,22847,22857,10
12.9419498444,80.1828308105,22857,22867,10
12.9409999847,80.1827316284,22867,22877,10
12.9395198822,80.1825790405,22877,22897,20
12.9395198822,80.1825790405,22897,22907,10
12.9393796921,80.1825637817,22907,22917,10
12.9390296936,80.182472229,22917,22927,10
12.9387798309,80.1823883057,22927,22937,10
12.9384098053,80.1823196411,22937,22948,11
12.9377403259,80.1822433472,22948,22958,10
12.9369697571,80.182220459,22958,22968,10
12.9361095428,80.1822891235,22968,22978,10
12.9351301193,80.1823577881,22978,22994,16
12.9334402084,80.1819763184,22994,23006,12
12.9321403503,80.1817092896,23006,23016,10
12.9311599731,80.1815795898,23016,23026,10
12.9310598373,80.1815719604,23026,23036,10
12.9308204651,80.1815414429,23036,23046,10
12.9302196503,80.181640625,23046,23057,11
12.9293498993,80.1818389893,23057,23066,9
12.9285202026,80.1820526123,23066,23076,10
12.927570343,80.1822814941,23076,23087,11
12.9264602661,80.182510376,23087,23098,11
12.9254102707,80.1826934814,23098,23108,10
12.9242601395,80.1828613281,23108,23118,10
12.9233903885,80.1830215454,23118,23128,10
12.922539711,80.1831970215,23128,23138,10
12.9217596054,80.1834716797,23138,23148,10
12.9211797714,80.1837310791,23148,23159,11
12.9204702377,80.1840591431,23159,23169,10
12.9201602936,80.1836013794,23169,23179,10
12.9199695587,80.1828079224,23179,23189,10
12.9199199677,80.1825866699,23189,23199,10
12.9198999405,80.1825714111,23199,23209,10
12.9198102951,80.1821365356,23209,23219,10
12.919670105,80.1814575195,23219,23229,10
12.919500351,80.1806488037,23229,23239,10
12.9193000793,80.1797103882,23239,23249,10
12.9188098907,80.1788787842,23249,23260,11
12.9182300568,80.1779937744,23260,23270,10
12.9183101654,80.1769180298,23270,23280,10
12.9185304642,80.1758422852,23280,23290,10
12.918800354,80.1747436523,23290,23300,10
12.919090271,80.1735534668,23300,23310,10
12.9194297791,80.1723098755,23310,23320,10
12.9197397232,80.1711578369,23320,23330,10
12.9200696945,80.1701278687,23330,23340,10
12.9203996658,80.1689987183,23340,23350,10
12.9207801819,80.1678619385,23350,23362,12
12.9212198257,80.1664810181,23362,23373,11
12.9216403961,80.1652297974,23373,23383,10
12.9219999313,80.1641082764,23383,23393,10
12.9223203659,80.1630172729,23393,23403,10
12.9226703644,80.1619110107,23403,23413,10
12.9229898453,80.1609268188,23413,23423,10
12.9232702255,80.1598968506,23423,23433,10
12.9233903885,80.1587982178,23433,23443,10
12.9234800339,80.1579284668,23443,23453,10
12.9235696793,80.1570205688,23453,23463,10
12.9236402512,80.1559524536,23463,23474,11
12.9233798981,80.1550369263,23474,23484,10
12.9233598709,80.1549606323,23484,23494,10
12.9232997894,80.1546096802,23494,23504,10
12.9231300354,80.1539611816,23504,23514,10
12.9228801727,80.1530685425,23514,23524,10
12.9226503372,80.1520614624,23524,23534,10
12.9226303101,80.1510009766,23534,23544,10
12.9226303101,80.150138855,23544,23554,10
12.9225997925,80.1491622925,23554,23564,10
12.9225797653,80.1481018066,23564,23574,10
12.922539711,80.1470718384,23574,23585,11
12.922539711,80.146812439,23585,23595,10
12.9225196838,80.1463088989,23595,23605,10
12.9224901199,80.1455078125,23605,23615,10
12.9224500656,80.1445770264,23615,23625,10
12.9224004745,80.1432723999,23625,23655,30
12.9224004745,80.1432723999,23655,23665,10
12.9224300385,80.143081665,23665,23675,10
12.922419548,80.142539978,23675,23686,11
12.9224004745,80.1416625977,23686,23696,10
12.9223899841,80.1414413452,23696,23706,10
12.922369957,80.1410522461,23706,23716,10
12.9223804474,80.1403427124,23716,23726,10
12.922369957,80.1394882202,23726,23736,10
12.9224004745,80.1385574341,23736,23746,10
12.9224596024,80.137512207,23746,23756,10
12.9225196838,80.136428833,23756,23766,10
12.922539711,80.1353530884,23766,23776,10
12.9225997925,80.1342697144,23776,23786,10
12.9226503372,80.1332092285,23786,23797,11
12.9226799011,80.1320877075,23797,23807,10
12.9227104187,80.1311264038,23807,23817,10
12.922750473,80.1302566528,23817,23827,10
12.9228096008,80.1293411255,23827,23837,10
12.9228897095,80.1284103394,23837,23847,10
12.9229001999,80.1276168823,23847,23857,10
12.9229097366,80.1267471313,23857,23867,10
12.9229402542,80.1257400513,23867,23877,10
12.9229803085,80.1246795654,23877,23887,10
12.92304039,80.1236114502,23887,23898,11
12.9230804443,80.122428894,23898,23908,10
12.9231395721,80.1212997437,23908,23918,10
12.9231901169,80.1204986572,23918,23928,10
12.9231996536,80.1204833984,23928,23938,10
12.9232196808,80.1203384399,23938,23948,10
12.9232597351,80.119758606,23948,23958,10
12.9232797623,80.1189880371,23958,23968,10
12.9233398438,80.1182403564,23968,23978,10
12.9234304428,80.1174697876,23978,23988,10
12.9234304428,80.1169815063,23988,24009,21
12.9234304428,80.1169815063,24009,24019,10
12.9236402512,80.1168670654,24019,24039,20
12.9236402512,80.1168670654,24039,24049,10
12.9236402512,80.1169815063,24049,24059,10
12.9235897064,80.1174621582,24059,24069,10
12.9236803055,80.1177902222,24069,24079,10
12.923620224,80.1181335449,24079,24089,10
12.9235601425,80.1186599731,24089,24099,10
12.923500061,80.1192626953,24099,24110,11
12.9233999252,80.1200790405,24110,24120,10
12.9233198166,80.1208114624,24120,24130,10
12.9232597351,80.1213226318,24130,24140,10
12.9232501984,80.1216201782,24140,24150,10
12.9232997894,80.1219177246,24150,24836,686
12.9232997894,80.1219177246,24836,24847,11
12.9232397079,80.1221923828,24847,24857,10
12.9232196808,80.1228027344,24857,24867,10
12.9231796265,80.1235580444,24867,24877,10
12.9231300354,80.1243133545,24877,24887,10
12.9230804443,80.1252593994,24887,24897,10
12.9230499268,80.1262207031,24897,24907,10
12.92304039,80.1272125244,24907,24917,10
12.9229898453,80.1280822754,24917,24927,10
12.9229001999,80.1289367676,24927,24937,10
12.9228401184,80.1298370361,24937,24948,11
12.9228496552,80.1308517456,24948,24958,10
12.9228496552,80.1312408447,24958,24968,10
12.9228401184,80.1315307617,24968,24978,10
12.9228000641,80.1321792603,24978,24988,10
12.9227600098,80.1329727173,24988,24998,10
12.9227199554,80.1339035034,24998,25008,10
12.922659874,80.1349563599,25008,25018,10
12.9225997925,80.1359710693,25018,25028,10
12.922539711,80.13697052,25028,25038,10
12.9225101471,80.1379623413,25038,25048,10
12.9224300385,80.1388397217,25048,25059,11
12.9224300385,80.1399612427,25059,25069,10
12.9224700928,80.1409683228,25069,25079,10
12.9224996567,80.1420822144,25079,25089,10
12.9225702286,80.1434783936,25089,25109,20
12.9225702286,80.1434783936,25109,25119,10
12.9225702286,80.1436080933,25119,25129,10
12.9225597382,80.1437225342,25129,25139,10
12.9225702286,80.1441879272,25139,25149,10
12.9226303101,80.1450195313,25149,25160,11
12.9226799011,80.1462097168,25160,25170,10
12.9226903915,80.1473236084,25170,25180,10
12.922659874,80.1483383179,25180,25190,10
12.9226903915,80.1494903564,25190,25200,10
12.9227399826,80.150680542,25200,25210,10
12.9227800369,80.1518630981,25210,25220,10
12.9229898453,80.1530075073,25220,25230,10
12.9234399796,80.1546096802,25230,25271,41
12.9234399796,80.1546096802,25271,25281,10
12.9235200882,80.1547622681,25281,25291,10
12.9236097336,80.1552810669,25291,25301,10
12.9237804413,80.1560821533,25301,25311,10
12.9236898422,80.1570587158,25311,25321,10
12.9235801697,80.1579208374,25321,25337,16
12.9235401154,80.1584320068,25337,25349,12
12.9234895706,80.1587905884,25349,25359,10
12.92345047,80.1593322754,25359,25369,10
12.9233798981,80.1601104736,25369,25380,11
12.9233198166,80.16040802,25380,25390,10
12.9232397079,80.1606674194,25390,25400,10
12.9230604172,80.1612167358,25400,25410,10
12.9227895737,80.1620483398,25410,25419,9
12.9224996567,80.162902832,25419,25430,11
12.9221601486,80.1640396118,25430,25440,10
12.9218301773,80.1651000977,25440,25450,10
12.9214801788,80.1661682129,25450,25460,10
12.9211196899,80.1672515869,25460,25470,10
12.9207801819,80.1683578491,25470,25481,11
12.9203996658,80.1695480347,25481,25491,10
12.9200601578,80.1706695557,25491,25501,10
12.9199104309,80.1711730957,25501,25511,10
12.9197597504,80.1716918945,25511,25521,10
12.919549942,80.1725234985,25521,25531,10
12.9192695618,80.173500061,25531,25541,10
12.9189796448,80.1745910645,25541,25551,10
12.9186601639,80.17578125,25551,25561,10
12.918390274,80.1770401001,25561,25571,10
12.9184598923,80.178237915,25571,25582,11
12.9192399979,80.1793365479,25582,25592,10
12.9195804596,80.1805877686,25592,25602,10
12.9198303223,80.1817779541,25602,25612,10
12.9200696945,80.1827774048,25612,25622,10
12.920249939,80.1834716797,25622,25632,10
12.9202804565,80.1835403442,25632,25642,10
12.9203701019,80.183883667,25642,25652,10
12.9206600189,80.1838912964,25652,25662,10
12.9212799072,80.1836624146,25662,25672,10
12.9220600128,80.1833572388,25672,25682,10
12.9222898483,80.1832809448,25682,25699,17
12.9234600067,80.1829986572,25699,25711,12
12.9246301651,80.1827774048,25711,25721,10
12.9257698059,80.1825866699,25721,25731,10
12.9269304276,80.1823730469,25731,25741,10
12.9281101227,80.1821212769,25741,25751,10
12.9292898178,80.1818466187,25751,25760,9
12.9302196503,80.181602478,25760,25771,11
12.9314203262,80.1815185547,25771,25780,9
12.9315099716,80.1815338135,25780,25792,12
12.9320201874,80.1816329956,25792,25802,10
12.9327898026,80.1817626953,25802,25812,10
12.933719635,80.1819763184,25812,25822,10
12.9347600937,80.1822280884,25822,25832,10
12.9355802536,80.1823272705,25832,25842,10
12.9365301132,80.1822280884,25842,25852,10
12.9374904633,80.1821975708,25852,25862,10
12.9388504028,80.1823120117,25862,25892,30
12.9388504028,80.1823120117,25892,25903,11
12.9391298294,80.1823577881,25903,25913,10
12.9394798279,80.182510376,25913,25923,10
12.9401302338,80.1826629639,25923,25933,10
12.9409999847,80.1827011108,25933,25943,10
12.9419803619,80.182800293,25943,25953,10
12.9430303574,80.1828994751,25953,25963,10
12.9441099167,80.1829376221,25963,25973,10
12.9446802139,80.1829528809,25973,25983,10
12.9451904297,80.1829833984,25983,25993,10
12.9459104538,80.1832809448,25993,26004,11
12.9467897415,80.1839904785,26004,26014,10
12.9476995468,80.1846923828,26014,26023,9
12.94851017,80.1850662231,26023,26034,11
12.9490203857,80.1850662231,26034,26044,10
12.9495201111,80.1850204468,26044,26054,10
12.9491796494,80.1856231689,26054,26064,10
12.9496898651,80.1854095459,26064,26074,10
12.9503002167,80.1856079102,26074,26084,10
12.9510498047,80.1858596802,26084,26094,10
12.9519100189,80.1861495972,26094,26104,10
12.9527797699,80.186378479,26104,26115,11
12.9538002014,80.1865234375,26115,26125,10
12.9546098709,80.1866378784,26125,26135,10
12.9553403854,80.1867370605,26135,26145,10
12.9556398392,80.1867980957,26145,26155,10
12.9559602737,80.1868362427,26155,26165,10
12.9559898376,80.1868362427,26165,26175,10
12.9561901093,80.1868667603,26175,26185,10
12.9567298889,80.186920166,26185,26195,10
12.9574804306,80.1869888306,26195,26205,10
12.9583101273,80.1870193481,26205,26216,11
12.9592504501,80.1870422363,26216,26232,16
12.9604196548,80.1871185303,26232,26244,12
12.9610900879,80.1872177124,26244,26254,10
12.9615001678,80.1872787476,26254,26263,9
12.9616298676,80.1873016357,26263,26273,10
12.9621295929,80.1874008179,26273,26284,11
12.9630498886,80.1875686646,26284,26294,10
12.96393013,80.187789917,26294,26304,10
12.9647102356,80.188041687,26304,26314,10
12.9652900696,80.1882781982,26314,26325,11
12.9654397964,80.1883392334,26325,26335,10
12.965760231,80.1884689331,26335,26345,10
12.9662904739,80.1886825562,26345,26355,10
12.9669599533,80.1889266968,26355,26365,10
12.9676399231,80.1892166138,26365,26374,9
12.9681596756,80.189453125,26374,26385,11
12.9681901932,80.1894607544,26385,26395,10
12.9684000015,80.1895370483,26395,26405,10
12.9688501358,80.1897735596,26405,26415,10
12.969329834,80.1900024414,26415,26425,10
12.9698896408,80.1902770996,26425,26436,11
12.9705600739,80.1905975342,26436,26446,10
12.9711904526,80.1908569336,26446,26456,10
12.9719200134,80.1911697388,26456,26465,9
12.9725799561,80.1914367676,26465,26476,11
12.9730596542,80.1916275024,26476,26486,10
12.9737701416,80.1918792725,26486,26496,10
12.9744501114,80.1921310425,26496,26506,10
12.9748802185,80.1922836304,26506,26516,10
12.9752998352,80.1924591064,26516,26526,10
12.975859642,80.1927719116,26526,26537,11
12.9765396118,80.1932907104,26537,26547,10
12.9772500992,80.1936798096,26547,26557,10
12.9777002335,80.1937866211,26557,26567,10
12.9779996872,80.1938323975,26567,26577,10
12.9780597687,80.1938171387,26577,26587,10
12.978099823,80.1938171387,26587,26597,10
12.9783601761,80.1939086914,26597,26605,8
12.9788103104,80.1940765381,26605,26617,12
12.9794998169,80.1945114136,26617,26627,10
12.980099678,80.1949005127,26627,26638,11
12.9808197021,80.1952819824,26638,26648,10
12.9810600281,80.1953811646,26648,26658,10
12.9812803268,80.1955108643,26658,26668,10
12.9815998077,80.1956863403,26668,26678,10
12.9818401337,80.1958084106,26678,26688,10
12.9822902679,80.1960525513,26688,26698,10
12.9828596115,80.1963424683,26698,26708,10
12.9831895828,80.1962509155,26708,26728,20
12.9831895828,80.1962509155,26728,26738,10
12.9833803177,80.1960983276,26738,26749,11
12.9838399887,80.1959762573,26749,26759,10
12.98458004,80.1959228516,26759,26769,10
12.9854898453,80.1959228516,26769,26779,10
12.9864797592,80.1957397461,26779,26789,10
12.9874296188,80.1954421997,26789,26799,10
12.9884901047,80.1953735352,26799,26809,10
12.9895401001,80.1953811646,26809,26819,10
12.9905595779,80.1952209473,26819,26829,10
12.9911203384,80.1945800781,26829,26839,10
12.9912004471,80.1945037842,26839,26850,11
12.9914302826,80.1941680908,26850,26860,10
12.9918804169,80.1934967041,26860,26870,10
12.992770195,80.1933288574,26870,26880,10
12.9937000275,80.1933364868,26880,26890,10
12.9945802689,80.1933288574,26890,26900,10
12.9954004288,80.193321228,26900,26910,10
12.9963998795,80.1932525635,26910,26920,10
12.9967803955,80.1932373047,26920,26930,10
12.9967403412,80.192817688,26930,26940,10
12.9965400696,80.1921463013,26940,26950,10
12.9963302612,80.1914825439,26950,26964,14
12.996219635,80.1909866333,26964,26974,10
12.9961004257,80.1904373169,26974,26984,10
12.9959096909,80.189781189,26984,26994,10
12.9960603714,80.1892776489,26994,27004,10
12.9962997437,80.1894683838,27004,27014,10
12.9968395233,80.1900634766,27014,27024,10
12.9974403381,80.1908111572,27024,27034,10
12.9981298447,80.1916809082,27034,27044,10
12.9988203049,80.1925582886,27044,27054,10
12.9995098114,80.1934814453,27054,27065,11
13.0002698898,80.1944732666,27065,27075,10
13.0010004044,80.1953735352,27075,27084,9
13.0016803741,80.1961975098,27084,27095,11
13.0021400452,80.1973876953,27095,27105,10
13.0019397736,80.1986236572,27105,27115,10
13.0018501282,80.1996002197,27115,27125,10
13.0023603439,80.2004165649,27125,27135,10
13.0032300949,80.2007522583,27135,27145,10
13.0037603378,80.2007980347,27145,27155,10
13.0037698746,80.2007980347,27155,27166,11
13.0041103363,80.200920105,27166,27176,10
13.0047702789,80.2011566162,27176,27186,10
13.0055398941,80.2016983032,27186,27196,10
13.0060501099,80.2025985718,27196,27206,10
13.0068302155,80.2033004761,27206,27216,10
13.0077104568,80.2036590576,27216,27226,10
13.0084199905,80.2034988403,27226,27236,10
13.0077695847,80.2026824951,27236,27246,10
13.0075502396,80.2037277222,27246,27256,10
13.0076599121,80.2048797607,27256,27266,10
13.0077400208,80.2061004639,27266,27277,11
13.0079402924,80.207359314,27277,27287,10
13.0080604553,80.2084732056,27287,27297,10
13.0082798004,80.2095718384,27297,27307,10
13.0087404251,80.2104492188,27307,27317,10
13.0093402863,80.2108764648,27317,27327,10
13.0093698502,80.210899353,27327,27337,10
13.0094404221,80.2110366821,27337,27347,10
13.0092401505,80.2113265991,27347,27357,10
13.0090703964,80.2117614746,27357,27367,10
13.0092897415,80.2123718262,27367,27378,11
13.0095901489,80.213218689,27378,27379,1
13.0096197128,80.2133026123,27379,27380,1
13.0096502304,80.2133789063,27380,27445,65
13.0120801926,80.2201690674,27445,27455,10
13.0124998093,80.2212219238,27455,27465,10
13.0130195618,80.2219619751,27465,27475,10
13.0135602951,80.2227401733,27475,27486,11
13.0141401291,80.2233963013,27486,27496,10
13.0145101547,80.2238693237,27496,27506,10
13.014960289,80.2243881226,27506,27516,10
13.015080452,80.2245407104,27516,27526,10
13.0155601501,80.2249603271,27526,27547,21
13.0155601501,80.2249603271,27547,27558,11
13.0159301758,80.2252807617,27558,27568,10
13.0164604187,80.2253417969,27568,27578,10
13.0172395706,80.2250518799,27578,27588,10
13.0180397034,80.2247161865,27588,27599,11
13.0192098618,80.224357605,27599,27609,10
13.0199804306,80.2247009277,27609,27619,10
13.0207595825,80.2252731323,27619,27629,10
13.0215902328,80.2258377075,27629,27639,10
13.0220603943,80.2261810303,27639,27649,10
13.022069931,80.2261962891,27649,27659,10
13.022359848,80.2264709473,27659,27669,10
13.0228595734,80.2269210815,27669,27679,10
13.0235204697,80.2275085449,27679,27689,10
13.0244102478,80.2284927368,27689,27710,21
13.0244102478,80.2284927368,27710,27720,10
13.0246200562,80.2287521362,27720,27730,10
13.0250396729,80.2293167114,27730,27740,10
13.0255699158,80.2300796509,27740,27750,10
13.0260095596,80.2309112549,27750,27760,10
13.026309967,80.2313079834,27760,27770,10
13.0269804001,80.2311325073,27770,27787,17
13.028260231,80.2308883667,27787,27798,11
13.0285301208,80.2308731079,27798,27809,11
13.028840065,80.2308502197,27809,27819,10
13.029419899,80.2308120728,27819,27829,10
13.029800415,80.2307815552,27829,27839,10
13.0304803848,80.2307128906,27839,27849,10
13.0311603546,80.2306594849,27849,27859,10
13.0316400528,80.2306213379,27859,27869,10
13.0325899124,80.2305221558,27869,27879,10
13.0333995819,80.230506897,27879,27889,10
13.0343599319,80.2304000854,27889,27912,23
13.0343599319,80.2304000854,27912,27922,10
13.0345497131,80.2303466797,27922,27932,10
13.0348901749,80.23021698,27932,27942,10
13.0348396301,80.2299575806,27942,28225,283
13.0347204208,80.2300720215,28225,28305,80
13.0346899033,80.229927063,28305,28366,61
13.0346899033,80.229927063,28366,28376,10
13.034740448,80.229888916,28376,28639,263
13.0346803665,80.229927063,28639,29456,817
13.0343198776,80.229888916,29456,29598,142
13.0343198776,80.229888916,29598,29608,10
13.0341997147,80.2302932739,29608,29618,10
13.0340795517,80.2304611206,29618,29628,10
13.033659935,80.2306518555,29628,29638,10
13.0327196121,80.2305831909,29638,29648,10
13.0319099426,80.2306518555,29648,29658,10
13.031129837,80.2307128906,29658,29668,10
13.0304403305,80.2307662964,29668,29678,10
13.0300502777,80.2308120728,29678,29688,10
13.0298204422,80.2308273315,29688,29699,11
13.0293598175,80.2308425903,29699,29709,10
13.0287303925,80.2308578491,29709,29719,10
13.0281295776,80.2309188843,29719,29729,10
13.0277795792,80.2310028076,29729,29739,10
13.0277004242,80.2313308716,29739,29749,10
13.0277099609,80.2318267822,29749,29759,10
13.0278100967,80.232460022,29759,29769,10
13.0276603699,80.2328414917,29769,29780,11
13.0270500183,80.2329483032,29780,29790,10
13.0267496109,80.2330322266,29790,29801,11
13.0263595581,80.2326126099,29801,29811,10
13.0260896683,80.2317962646,29811,29821,10
13.0257902145,80.2308425903,29821,29831,10
13.0252799988,80.229888916,29831,29841,10
13.024600029,80.229019165,29841,29851,10
13.0239896774,80.2281799316,29851,29861,10
13.0234003067,80.2276000977,29861,29871,10
13.0231103897,80.2274703979,29871,29881,10
13.0230197906,80.2274169922,29881,29891,10
13.0229101181,80.2273178101,29891,29901,10
13.0227203369,80.2270812988,29901,29912,11
13.0224504471,80.2267379761,29912,29922,10
13.0220003128,80.22631073,29922,29932,10
13.0213298798,80.2258071899,29932,29942,10
13.0205698013,80.2252502441,29942,29952,10
13.0199298859,80.2248382568,29952,29962,10
13.0198402405,80.2248001099,29962,29978,16
13.0191297531,80.2244415283,29978,29990,12
13.0180501938,80.2248077393,29990,30000,10
13.0170602798,80.225227356,30000,30010,10
13.016119957,80.2255783081,30010,30021,11
13.0151996613,80.2259216309,30021,30031,10
13.0144996643,80.2262115479,30031,30039,8
13.0142498016,80.2263183594,30039,30051,12
13.0140104294,80.2263793945,30051,30061,10
13.0134296417,80.2265701294,30061,30071,10
13.0126304626,80.2268829346,30071,30080,9
13.0118598938,80.227180481,30080,30091,11
13.0105800629,80.2276916504,30091,30101,10
13.0096998215,80.2279281616,30101,30111,10
13.0095596313,80.2275085449,30111,30122,11
13.0098695755,80.2268829346,30122,30132,10
13.010219574,80.2260971069,30132,30142,10
13.0106201172,80.2252197266,30142,30152,10
13.0110502243,80.2242736816,30152,30162,10
13.011349678,80.2235107422,30162,30172,10
13.0115404129,80.2230529785,30172,30182,10
13.011759758,80.222442627,30182,30192,10
13.0120401382,80.2215499878,30192,30202,10
13.0121097565,80.2208023071,30202,30212,10
13.0118198395,80.2200012207,30212,30222,10
13.0115299225,80.2191162109,30222,30233,11
13.0111703873,80.2181625366,30233,30243,10
13.010840416,80.2172470093,30243,30253,10
13.0103197098,80.2163391113,30253,30263,10
13.0099697113,80.2154769897,30263,30273,10
13.0094604492,80.2147293091,30273,30283,10
13.0089197159,80.2140197754,30283,30293,10
13.0085296631,80.2135162354,30293,30303,10
13.0082597733,80.2133636475,30303,30314,11
13.0076904297,80.2132034302,30314,30334,20
13.0076904297,80.2132034302,30334,30344,10
13.0080699921,80.2133026123,30344,30364,20
13.0080699921,80.2133026123,30364,30374,10
13.008020401,80.2130966187,30374,30384,10
13.0076999664,80.2129821777,30384,30394,10
13.007399559,80.2128372192,30394,30404,10
13.0069198608,80.2127380371,30404,30414,10
13.0062904358,80.2127914429,30414,30424,10
13.0056400299,80.2128601074,30424,30434,10
13.0049800873,80.2124404907,30434,30445,11
13.0039701462,80.2120666504,30445,30455,10
13.0037002563,80.2116317749,30455,30465,10
13.003660202,80.2108383179,30465,30475,10
13.0035800934,80.2099914551,30475,30485,10
13.003660202,80.2091522217,30485,30495,10
13.0040998459,80.2086486816,30495,30505,10
13.0049200058,80.2090301514,30505,30515,10
13.0058202744,80.2093887329,30515,30525,10
13.0066795349,80.2096786499,30525,30535,10
13.0069503784,80.2097473145,30535,30546,11
13.0072603226,80.2098312378,30546,30556,10
13.0078496933,80.2099075317,30556,30566,10
13.0082597733,80.2098236084,30566,30576,10
13.0080900192,80.2092971802,30576,30586,10
13.0078697205,80.2085189819,30586,30596,10
13.0076999664,80.2074813843,30596,30606,10
13.0075502396,80.2063903809,30606,30616,10
13.0073299408,80.2053909302,30616,30626,10
13.0069198608,80.2043685913,30626,30636,10
13.0063295364,80.2034378052,30636,30646,10
13.0057601929,80.2025909424,30646,30657,11
13.0053501129,80.2018508911,30657,30667,10
13.0045099258,80.2013397217,30667,30677,10
13.0041399002,80.2012329102,30677,30687,10
13.0039997101,80.2011795044,30687,30697,10
13.0035495758,80.2009963989,30697,30707,10
13.0028600693,80.2007827759,30707,30723,16
13.0018596649,80.2000274658,30723,30735,12
13.0017004013,80.1990890503,30735,30745,10
13.0018701553,80.1980819702,30745,30755,10
13.0018997192,80.1970214844,30755,30766,11
13.00137043,80.1960296631,30766,30776,10
13.0006799698,80.1951675415,30776,30786,10
13.0000600815,80.1943511963,30786,30796,10
12.9994401932,80.1935806274,30796,30806,10
12.9988899231,80.1928634644,30806,30815,9
12.9983196259,80.1923294067,30815,30826,11
12.9979000092,80.1926574707,30826,30836,10
12.9972000122,80.1932067871,30836,30846,10
12.9968900681,80.193397522,30846,30856,10
12.996339798,80.1933898926,30856,30866,10
12.9955301285,80.1934127808,30866,30877,11
12.9943799973,80.1934280396,30877,30887,10
12.9932603836,80.1934509277,30887,30897,10
12.9921598434,80.1934661865,30897,30907,10
12.9915399551,80.1940917969,30907,30917,10
12.9913101196,80.1944580078,30917,30927,10
12.9910898209,80.1948394775,30927,30937,10
12.9906396866,80.1953201294,30937,30947,10
12.9898395538,80.1955871582,30947,30957,10
12.988820076,80.1955566406,30957,30968,11
12.9876003265,80.1956329346,30968,30978,10
12.9865198135,80.1959991455,30978,30988,10
12.9853696823,80.1962203979,30988,30998,10
12.9841804504,80.1962203979,30998,31008,10
12.9833097458,80.1964187622,31008,31018,10
12.9830503464,80.1965484619,31018,31028,10
12.9825801849,80.1969223022,31028,31038,10
12.982339859,80.1971511841,31038,31048,10
12.9821596146,80.1969833374,31048,31068,20
12.9821596146,80.1969833374,31068,31079,11
12.9823303223,80.1968002319,31079,31089,10
12.9827098846,80.1965026855,31089,31099,10
12.9827699661,80.1962890625,31099,31109,10
12.9824399948,80.1961212158,31109,31119,10
12.9818601608,80.1958618164,31119,31129,10
12.9816999435,80.1957778931,31129,31145,16
12.9814100266,80.195602417,31145,31157,12
12.980919838,80.1954116821,31157,31167,10
12.9802904129,80.19506073,31167,31177,10
12.9796600342,80.1946182251,31177,31188,11
12.9789199829,80.194190979,31188,31198,10
12.9787502289,80.1940917969,31198,31208,10
12.9784297943,80.1939926147,31208,31217,9
12.9776697159,80.193862915,31217,31239,22
12.9776697159,80.193862915,31239,31249,10
12.9774703979,80.1938323975,31249,31259,10
12.9770698547,80.1937026978,31259,31269,10
12.9765396118,80.193397522,31269,31279,10
12.9761295319,80.1930465698,31279,31290,11
12.9755096436,80.1926116943,31290,31300,10
12.9749298096,80.1923828125,31300,31310,10
12.9745397568,80.1922225952,31310,31320,10
12.9741802216,80.1921005249,31320,31330,10
12.9735603333,80.1918563843,31330,31340,10
12.9729099274,80.1915893555,31340,31350,10
12.9722499847,80.1913375854,31350,31360,10
12.9721803665,80.1913223267,31360,31370,10
12.9718198776,80.1911621094,31370,31380,10
12.9713001251,80.1909637451,31380,31390,10
12.9707603455,80.1907272339,31390,31401,11
12.9701004028,80.1904525757,31401,31411,10
12.9695501328,80.1901702881,31411,31421,10
12.9690303802,80.1899414063,31421,31431,10
12.9681396484,80.1895217896,31431,31451,20
12.9681396484,80.1895217896,31451,31461,10
12.9676504135,80.1893081665,31461,31471,10
12.966919899,80.1890182495,31471,31481,10
12.966219902,80.1887435913,31481,31502,21
12.966219902,80.1887435913,31502,31512,10
12.965959549,80.188659668,31512,31522,10
12.9654598236,80.1884689331,31522,31532,10
12.9649496078,80.1882476807,31532,31542,10
12.9647302628,80.1881713867,31542,31552,10
12.964220047,80.18800354,31552,31562,10
12.96352005,80.1877670288,31562,31572,10
12.9628801346,80.1876220703,31572,31582,10
12.9622001648,80.187461853,31582,31592,10
12.9614601135,80.1873397827,31592,31602,10
12.9609098434,80.1872787476,31602,31613,11
12.9607200623,80.1872406006,31613,31623,10
12.9603700638,80.1871871948,31623,31633,10
12.9599199295,80.1871414185,31633,31634,1
12.9598703384,80.1871337891,31634,31635,1
12.9598197937,80.1871337891,31635,31681,46
12.9561595917,80.1869888306,31681,31691,10
12.9558296204,80.186958313,31691,31701,10
12.9557600021,80.186920166,31701,31711,10
12.955499649,80.1868896484,31711,31722,11
12.955039978,80.1868286133,31722,31732,10
12.9542598724,80.1867218018,31732,31742,10
12.9532804489,80.1865768433,31742,31752,10
12.9522399902,80.1863632202,31752,31762,10
12.9511995316,80.1860427856,31762,31774,12
12.9500799179,80.1856231689,31774,31784,10
12.949259758,80.1854095459,31784,31825,41
12.949259758,80.1854095459,31825,31835,10
12.9491996765,80.1853713989,31835,31846,11
12.9487400055,80.1852035522,31846,31856,10
12.9480800629,80.1849975586,31856,31866,10
12.9474096298,80.1845932007,31866,31876,10
12.9467401505,80.1840591431,31876,31886,10
12.945980072,80.1834564209,31886,31896,10
12.9452695847,80.1830596924,31896,31906,10
12.944609642,80.1830596924,31906,31916,10
12.9445295334,80.1830596924,31916,31927,11
12.9440002441,80.1830215454,31927,31937,10
12.9432601929,80.1829833984,31937,31947,10
12.94231987,80.1829223633,31947,31957,10
12.9413499832,80.1827926636,31957,31967,10
12.9406099319,80.182762146,31967,31977,10
12.9399595261,80.1826934814,31977,31987,10
12.9395198822,80.1826019287,31987,32007,20
12.9395198822,80.1826019287,32007,32017,10
12.9392204285,80.182510376,32017,32027,10
12.9388799667,80.1824111938,32027,32038,11
12.9382896423,80.1822891235,32038,32048,10
12.9374599457,80.1822433472,32048,32058,10
12.9365196228,80.182258606,32058,32068,10
12.9356403351,80.1823806763,32068,32078,10
12.9348802567,80.1823577881,32078,32088,10
12.9340000153,80.1821212769,32088,32098,10
12.9331102371,80.181892395,32098,32108,10
12.9322900772,80.1817321777,32108,32118,10
12.9311704636,80.1815795898,32118,32139,21
12.9311704636,80.1815795898,32139,32149,10
12.9310398102,80.1815795898,32149,32159,10
12.930560112,80.1815490723,32159,32169,10
12.9299097061,80.181678772,32169,32179,10
12.9291801453,80.1818771362,32179,32189,10
12.9282999039,80.1820907593,32189,32199,10
12.9273395538,80.1822967529,32199,32209,10
12.9263496399,80.1824874878,32209,32219,10
12.925330162,80.1826705933,32219,32229,10
12.9243097305,80.1828536987,32229,32239,10
12.9232997894,80.183052063,32239,32250,11
12.9222803116,80.1833267212,32250,32260,10
12.9214696884,80.1836166382,32260,32270,10
12.920800209,80.1838912964,32270,32320,50
12.920800209,80.1838912964,32320,32330,10
12.9204797745,80.1840362549,32330,32340,10
12.9201402664,80.1836776733,32340,32350,10
12.9199495316,80.182762146,32350,32371,21
12.9199495316,80.182762146,32371,32381,10
12.9199104309,80.1825866699,32381,32391,10
12.9198198318,80.1821212769,32391,32401,10
12.919670105,80.1814193726,32401,32411,10
12.919500351,80.1806106567,32411,32421,10
12.9193000793,80.1796722412,32421,32431,10
12.9187803268,80.1787872314,32431,32441,10
12.9182195663,80.1779022217,32441,32451,10
12.9183301926,80.1768493652,32451,32462,11
12.9185695648,80.1757202148,32462,32472,10
12.9188203812,80.1747512817,32472,32482,10
12.919090271,80.1736679077,32482,32492,10
12.919380188,80.1725463867,32492,32502,10
12.9196300507,80.1715774536,32502,32512,10
12.9197502136,80.1710891724,32512,32522,10
12.9197797775,80.1709899902,32522,32532,10
12.9197797775,80.1709823608,32532,32542,10
12.9199199677,80.1705474854,32542,32552,10
12.9201498032,80.1698226929,32552,32562,10
12.9204397202,80.1688995361,32562,32573,11
12.9207897186,80.1678466797,32573,32583,10
12.9210395813,80.1670303345,32583,32593,10
12.9213895798,80.1660003662,32593,32603,10
12.9217596054,80.1648788452,32603,32613,10
12.9220600128,80.1638717651,32613,32623,10
12.9223604202,80.162940979,32623,32633,10
12.9226398468,80.1620483398,32633,32643,10
12.9229202271,80.1611785889,32643,32653,10
12.9230804443,80.1605911255,32653,32663,10
12.9231300354,80.1604385376,32663,32674,11
12.9232797623,80.1598510742,32674,32684,10
12.9233598709,80.1590194702,32684,32694,10
12.9234600067,80.1580505371,32694,32704,10
12.9235401154,80.1572494507,32704,32714,10
12.9236497879,80.1562728882,32714,32724,10
12.9234895706,80.1553115845,32724,32734,10
12.9234199524,80.1551132202,32734,32744,10
12.9233999252,80.1550369263,32744,32754,10
12.9233198166,80.1545791626,32754,32764,10
12.923119545,80.1538009644,32764,32774,10
12.9228801727,80.1528625488,32774,32785,11
12.922659874,80.1520080566,32785,32815,30
12.922659874,80.1520080566,32815,32825,10
12.9226398468,80.1516876221,32825,32835,10
12.9226503372,80.1509780884,32835,32845,10
12.9226198196,80.1501312256,32845,32855,10
12.9225797653,80.1491012573,32855,32865,10
12.9225597382,80.1480331421,32865,32875,10
12.922539711,80.1470565796,32875,32886,11
12.922539711,80.1464385986,32886,32896,10
12.922539711,80.1456680298,32896,32906,10
12.9224996567,80.1446990967,32906,32916,10
12.9224901199,80.1437988281,32916,32926,10
12.9224500656,80.1429672241,32926,32936,10
12.9224100113,80.1422424316,32936,32946,10
12.9223899841,80.1416091919,32946,32955,9
12.9224004745,80.1415481567,32955,32966,11
12.9223899841,80.1414108276,32966,32975,9
12.9223804474,80.1409378052,32975,32986,11
12.922369957,80.140296936,32986,32996,10
12.922369957,80.1394882202,32996,33007,11
12.922419548,80.1384429932,33007,33017,10
12.9224700928,80.1373825073,33017,33027,10
12.9225196838,80.1363525391,33027,33037,10
12.9225597382,80.1353378296,33037,33047,10
12.9225797653,80.1346817017,33047,33057,10
12.9226198196,80.1338500977,33057,33067,10
12.9226503372,80.1329879761,33067,33077,10
12.9226799011,80.132232666,33077,33087,10
12.9226999283,80.1313934326,33087,33098,11
12.9227104187,80.1311416626,33098,33108,10
12.922750473,80.1305999756,33108,33118,10
12.9228096008,80.1298980713,33118,33128,10
12.9228496552,80.1291503906,33128,33138,10
12.9228801727,80.12840271,33138,33148,10
12.9229001999,80.1276626587,33148,33158,10
12.9229202271,80.1268234253,33158,33168,10
12.9229602814,80.125793457,33168,33178,10
12.9230003357,80.1247787476,33178,33188,10
12.92304039,80.1236877441,33188,33199,11
12.9231004715,80.122467041,33199,33209,10
12.9231500626,80.1214370728,33209,33219,10
12.9231796265,80.1206893921,33219,33229,10
12.9231901169,80.1206207275,33229,33239,10
12.9232196808,80.1204223633,33239,33249,10
12.9232702255,80.1198806763,33249,33259,10
12.9232797623,80.1191177368,33259,33269,10
12.9232797623,80.1183624268,33269,33279,10
12.9234399796,80.1169662476,33279,33320,41
12.9234399796,80.1169662476,33320,33330,10
12.9236602783,80.116859436,33330,33350,20
12.9236602783,80.116859436,33350,33360,10
12.9236497879,80.1170120239,33360,33376,16
12.9236803055,80.1176605225,33376,33388,12
12.9236097336,80.118057251,33388,33398,10
12.923500061,80.1186904907,33398,33408,10
12.9234199524,80.1193008423,33408,33419,11
12.9233198166,80.1202011108,33419,33439,20
12.9233198166,80.1202011108,33439,33449,10
12.9233598709,80.1204376221,33449,33458,9
12.9232797623,80.1212081909,33458,33478,20
12.9232797623,80.1212081909,33478,33489,11
12.923330307,80.1212615967,33489,33498,9
12.9233198166,80.1214675903,33498,34620,1122
12.9233198166,80.1214675903,34620,34630,10
12.923210144,80.1215820313,34630,34640,10
12.9231996536,80.1220932007,34640,34650,10
12.9231700897,80.1228485107,34650,34660,10
12.9231395721,80.1237792969,34660,34670,10
12.923119545,80.1246871948,34670,34681,11
12.9230804443,80.1256027222,34681,34690,9
12.9230203629,80.1260910034,34690,34701,11
12.9230203629,80.126739502,34701,34711,10
12.9229803085,80.1275405884,34711,34721,10
12.9229402542,80.1283035278,34721,34731,10
12.9229001999,80.1289367676,34731,34741,10
12.9228496552,80.1296691895,34741,34751,10
12.9228200912,80.1304702759,34751,34761,10
12.9228200912,80.131187439,34761,34771,10
12.9227895737,80.1315307617,34771,34781,10
12.9227695465,80.1322174072,34781,34791,10
12.9227399826,80.1329193115,34791,34802,11
12.9226903915,80.1337814331,34802,34812,10
12.9226303101,80.1347808838,34812,34822,10
12.9225797653,80.1357421875,34822,34832,10
12.922539711,80.13671875,34832,34842,10
12.9224700928,80.1377410889,34842,34852,10
12.9224100113,80.1387405396,34852,34862,10
12.9223899841,80.1397018433,34862,34872,10
12.9224300385,80.1404571533,34872,34882,10
12.9224300385,80.1409683228,34882,34892,10
12.9224300385,80.1418075562,34892,34902,10
12.9224500656,80.1426086426,34902,34913,11
12.9225196838,80.1433792114,34913,34933,20
12.9225196838,80.1433792114,34933,34943,10
12.922539711,80.1435012817,34943,34953,10
12.922539711,80.143661499,34953,34963,10
12.9225301743,80.1438293457,34963,34973,10
12.9225502014,80.1444778442,34973,34983,10
12.9226102829,80.1454467773,34983,34993,10
12.922659874,80.1465606689,34993,35003,10
12.9226799011,80.1473770142,35003,35013,10
12.9226799011,80.1479110718,35013,35024,11
12.9226799011,80.1488189697,35024,35034,10
12.9227104187,80.1499023438,35034,35044,10
12.9227199554,80.1510314941,35044,35054,10
12.9227695465,80.1516418457,35054,35064,10
12.9227800369,80.1518630981,35064,35074,10
12.9228401184,80.1524581909,35074,35084,10
12.9230499268,80.1533279419,35084,35094,10
12.923330307,80.1543273926,35094,35104,10
12.9234600067,80.1546630859,35104,35114,10
12.9234399796,80.1547393799,35114,35125,11
12.9235200882,80.1551589966,35125,35135,10
12.9236803055,80.1558990479,35135,35145,10
12.9236297607,80.1568832397,35145,35155,10
12.9235401154,80.157913208,35155,35165,10
12.9234600067,80.1587677002,35165,35175,10
12.9234104156,80.1597366333,35175,35185,10
12.9233198166,80.1603012085,35185,35195,10
12.9232196808,80.1605834961,35195,35205,10
12.9230098724,80.1612472534,35205,35215,10
12.9226999283,80.1621627808,35215,35226,11
12.9223403931,80.1632614136,35226,35236,10
12.9220199585,80.1642990112,35236,35246,10
12.9216804504,80.165397644,35246,35256,10
12.921330452,80.1664886475,35256,35266,10
12.920999527,80.1675796509,35266,35276,10
12.9206495285,80.1686477661,35276,35286,10
12.9203300476,80.1697387695,35286,35296,10
12.9200296402,80.1707763672,35296,35306,10
12.9199495316,80.1710128784,35306,35316,10
12.9198198318,80.1713409424,35316,35333,17
12.919500351,80.1725616455,35333,35345,12
12.9191598892,80.1737365723,35345,35355,10
12.9188604355,80.1748123169,35355,35365,10
12.9185400009,80.1759872437,35365,35375,10
12.918299675,80.1772689819,35375,35385,10
12.9184503555,80.178352356,35385,35395,10
12.919210434,80.1794281006,35395,35405,10
12.9195404053,80.1806030273,35405,35415,10
12.9197902679,80.1818084717,35415,35425,10
12.9200496674,80.1828308105,35425,35435,10
12.9202404022,80.1834793091,35435,35446,11
12.9202604294,80.1835708618,35446,35457,11
12.9203596115,80.183883667,35457,35467,10
12.9205102921,80.1839828491,35467,35477,10
12.9207000732,80.1838607788,35477,35487,10
12.9212398529,80.1836700439,35487,35497,10
12.9220199585,80.183380127,35497,35507,10
12.9229202271,80.1830978394,35507,35517,10
12.9237298965,80.1829605103,35517,35527,10
12.9247503281,80.182762146,35527,35537,10
12.9256801605,80.1826019287,35537,35547,10
12.9263801575,80.1824874878,35547,35558,11
12.9272499084,80.1822967529,35558,35568,10
12.9281597137,80.1820907593,35568,35578,10
12.9290599823,80.1818695068,35578,35588,10
12.929889679,80.1816711426,35588,35598,10
12.9306602478,80.1814804077,35598,35608,10
12.9313802719,80.1815338135,35608,35618,10
12.9314804077,80.1815338135,35618,35628,10
12.9318304062,80.181602478,35628,35638,10
12.9324903488,80.1817016602,35638,35648,10
12.9333200455,80.1818771362,35648,35658,10
12.9341096878,80.1820678711,35658,35669,11
12.9347896576,80.1822509766,35669,35679,10
12.9354896545,80.1823425293,35679,35689,10
12.9362201691,80.182258606,35689,35699,10
12.9370002747,80.1821899414,35699,35709,10
12.9377803802,80.1821899414,35709,35719,10
12.9388599396,80.1823272705,35719,35749,30
12.9388599396,80.1823272705,35749,35760,11
12.939040184,80.1823272705,35760,35770,10
12.9392900467,80.1824417114,35770,35780,10
12.9398202896,80.1825790405,35780,35790,10
12.9404802322,80.1827011108,35790,35800,10
12.9412403107,80.1827087402,35800,35810,10
12.9421596527,80.182800293,35810,35820,10
12.9431800842,80.1828765869,35820,35830,10
12.9442195892,80.1829223633,35830,35840,10
12.9446001053,80.1829376221,35840,35850,10
12.9447002411,80.1829376221,35850,35860,10
12.9450597763,80.1829681396,35860,35870,10
12.9457302094,80.1831207275,35870,35881,11
12.9464302063,80.1837005615,35881,35891,10
12.9471797943,80.1843185425,35891,35901,10
12.9480304718,80.1848983765,35901,35911,10
12.9487199783,80.1851196289,35911,35921,10
12.9487800598,80.1851425171,35921,35931,10
12.9488601685,80.1851119995,35931,35941,10
12.9489002228,80.1851196289,35941,35951,10
12.9493198395,80.185256958,35951,35961,10
12.9498100281,80.1854400635,35961,35971,10
12.9505300522,80.1856918335,35971,35981,10
12.9513998032,80.1859817505,35981,35992,11
12.9523296356,80.1862716675,35992,36002,10
12.9531803131,80.1864624023,36002,36012,10
12.9540395737,80.1865921021,36012,36022,10
12.9548997879,80.1866989136,36022,36032,10
12.9555997849,80.1868133545,36032,36042,10
12.9559402466,80.1868362427,36042,36052,10
12.9561195374,80.1868515015,36052,36062,10
12.9561901093,80.1868362427,36062,36072,10
12.956580162,80.186920166,36072,36082,10
12.957159996,80.1869735718,36082,36093,11
12.9575996399,80.1869812012,36093,36103,10
12.9582595825,80.1869888306,36103,36113,10
12.9589796066,80.18699646,36113,36123,10
12.9595899582,80.1870498657,36123,36133,10
12.9601802826,80.1871032715,36133,36143,10
12.9606399536,80.1871337891,36143,36153,10
12.9611101151,80.1872024536,36153,36163,10
12.9615497589,80.1872711182,36163,36173,10
12.9615898132,80.1872787476,36173,36183,10
12.9617795944,80.1873168945,36183,36193,10
12.9623403549,80.1874313354,36193,36204,11
12.9629602432,80.1875610352,36204,36214,10
12.9633903503,80.1876525879,36214,36224,10
12.9637203217,80.1877288818,36224,36234,10
12.9643201828,80.1879272461,36234,36244,10
12.964969635,80.1881637573,36244,36254,10
12.9654102325,80.188331604,36254,36264,10
12.9654598236,80.1883621216,36264,36274,10
12.9656095505,80.1884231567,36274,36284,10
12.9658498764,80.1885070801,36284,36294,10
12.9661798477,80.1886520386,36294,36305,11
12.9667100906,80.188873291,36305,36315,10
12.967300415,80.1891021729,36315,36325,10
12.9683504105,80.1895294189,36325,36345,20
12.9683504105,80.1895294189,36345,36355,10
12.9685201645,80.1896591187,36355,36365,10
12.9688100815,80.1897964478,36365,36375,10
12.9689998627,80.1898880005,36375,36385,10
12.9692497253,80.190032959,36385,36395,10
12.9695796967,80.1901779175,36395,36405,10
12.9701099396,80.1904220581,36405,36416,11
12.9704999924,80.1905899048,36416,36426,10
12.9710502625,80.190826416,36426,36436,10
12.9715595245,80.1910629272,36436,36446,10
12.9719495773,80.1912002563,36446,36456,10
12.9727602005,80.1915206909,36456,36486,30
12.9727602005,80.1915206909,36486,36496,10
12.972820282,80.1915435791,36496,36506,10
12.9731798172,80.1916885376,36506,36516,10
12.9736204147,80.1918487549,36516,36527,11
12.9742097855,80.1920776367,36527,36537,10
12.9748001099,80.1922912598,36537,36553,16
12.9757699966,80.1927566528,36553,36565,12
12.976099968,80.193031311,36565,36575,10
12.9762496948,80.1931304932,36575,36585,10
12.9766597748,80.1934280396,36585,36595,10
12.9772796631,80.1937179565,36595,36605,10
12.9777803421,80.1937866211,36605,36615,10
12.9781303406,80.1938400269,36615,36625,10
12.9781398773,80.1938400269,36625,36636,11
12.9785299301,80.193939209,36636,36645,9
12.9789199829,80.1941223145,36645,36656,11
12.9794301987,80.194442749,36656,36666,10
12.9799003601,80.1947784424,36666,36676,10
12.9804801941,80.1951293945,36676,36686,10
12.981010437,80.1953582764,36686,36706,20
12.981010437,80.1953582764,36706,36716,10
12.981180191,80.1954803467,36716,36726,10
12.9815597534,80.1956710815,36726,36737,11
12.9821395874,80.1959991455,36737,36747,10
12.9826097488,80.1961975098,36747,36757,10
12.9828996658,80.1963577271,36757,36767,10
12.9830303192,80.1962738037,36767,36777,10
12.9836196899,80.1960525513,36777,36787,10
12.9844503403,80.1959609985,36787,36797,10
12.9854602814,80.1959228516,36797,36807,10
12.9865102768,80.1957015991,36807,36817,10
12.9875497818,80.1953735352,36817,36827,10
12.9885702133,80.195350647,36827,36837,10
12.9896497726,80.1953811646,36837,36848,11
12.9906396866,80.1951293945,36848,36858,10
12.991060257,80.1945877075,36858,36874,16
12.9911804199,80.1944580078,36874,36886,12
12.9912595749,80.1943969727,36886,36896,10
12.9914398193,80.1940612793,36896,36906,10
12.9919500351,80.193397522,36906,36915,9
12.992770195,80.1933288574,36915,36925,10
12.993689537,80.1933364868,36925,36936,11
12.9946403503,80.1933364868,36936,36946,10
12.9954395294,80.193321228,36946,36957,11
12.9964504242,80.1932601929,36957,36967,10
12.9967603683,80.1931991577,36967,36977,10
12.9966802597,80.1928100586,36977,36987,10
12.9965200424,80.1921615601,36987,36997,10
12.9962701797,80.191368103,36997,37008,11
12.9960403442,80.190536499,37008,37017,9
12.9958600998,80.1898498535,37017,37027,10
12.9958600998,80.1898193359,37027,37038,11
12.995880127,80.1894989014,37038,37048,10
12.9961500168,80.1893081665,37048,37059,11
12.9965400696,80.1897888184,37059,37069,10
12.9970598221,80.1903991699,37069,37079,10
12.9976596832,80.1911392212,37079,37089,10
12.9982995987,80.1919631958,37089,37099,10
12.9989099503,80.192741394,37099,37109,10
12.9995002747,80.1935195923,37109,37119,10
13.0000801086,80.1942520142,37119,37129,10
13.0007200241,80.1949768066,37129,37139,10
13.0012903214,80.1956634521,37139,37149,10
13.0017004013,80.1961669922,37149,37159,10
13.0021295547,80.1970214844,37159,37170,11
13.0020399094,80.1980209351,37170,37180,10
13.0018901825,80.1989135742,37180,37190,10
13.0018901825,80.19972229,37190,37200,10
13.0023899078,80.2004318237,37200,37210,10
13.0037403107,80.2007827759,37210,37230,20
13.0037403107,80.2007827759,37230,37240,10
13.0038299561,80.2008132935,37240,37250,10
13.0042600632,80.2009811401,37250,37260,10
13.0049695969,80.2012634277,37260,37270,10
13.0056695938,80.2018966675,37270,37281,11
13.0061903,80.2028503418,37281,37291,10
13.0069198608,80.2034606934,37291,37301,10
13.0078001022,80.2037124634,37301,37311,10
13.0084295273,80.2033691406,37311,37321,10
13.0078296661,80.2028198242,37321,37331,10
13.0075702667,80.2036895752,37331,37341,10
13.0076398849,80.2047119141,37341,37351,10
13.0076704025,80.2058181763,37351,37361,10
13.0078601837,80.2069778442,37361,37371,10
13.0080003738,80.2080612183,37371,37381,10
13.0081501007,80.2090377808,37381,37392,11
13.008890152,80.2105407715,37392,37430,38
13.008890152,80.2105407715,37430,37439,9
13.0090398788,80.210647583,37439,37450,11
13.0091495514,80.2107620239,37450,37460,10
13.0092802048,80.2108764648,37460,37469,9
13.0093002319,80.2108917236,37469,37482,13
13.0093202591,80.2111434937,37482,37493,11
13.0090799332,80.2113876343,37493,37504,11
13.0091199875,80.2118835449,37504,37513,9
13.0093202591,80.2124862671,37513,37524,11
13.0095701218,80.2132034302,37524,37534,10
13.0099000931,80.2140426636,37534,37543,9
13.0101499557,80.2147979736,37543,37554,11
13.010310173,80.2158203125,37554,37563,9
13.0106496811,80.216583252,37563,37574,11
13.0111103058,80.217590332,37574,37583,9
13.0114402771,80.2184829712,37583,37595,12
13.0118999481,80.2196731567,37595,37604,9
13.0122003555,80.2205734253,37604,37615,11
13.0125303268,80.2213821411,37615,37625,10
13.0126800537,80.2216796875,37625,37635,10
13.0129699707,80.2219772339,37635,37645,10
13.0133399963,80.2224807739,37645,37655,10
13.0136899948,80.2229385376,37655,37665,10
13.0140199661,80.2233123779,37665,37675,10
13.01445961,80.2238082886,37675,37685,10
13.01445961,80.2238082886,37685,37695,10
13.0147199631,80.2240600586,37695,37736,41
13.0149002075,80.224319458,37736,37766,30
13.0149002075,80.224319458,37766,37776,10
13.0150203705,80.2244491577,37776,37786,10
13.0151500702,80.2246627808,37786,37796,10
13.0153999329,80.2248916626,37796,37827,31
13.0153999329,80.2248916626,37827,37837,10
13.0156602859,80.2250595093,37837,37857,20
13.0156602859,80.2250595093,37857,37867,10
13.0157699585,80.2251968384,37867,37877,10
13.015879631,80.2252578735,37877,37887,10
13.0162496567,80.2253265381,37887,37897,10
13.0169095993,80.2251586914,37897,37907,10
13.0176496506,80.2248764038,37907,37908,1
13.0177297592,80.2248382568,37908,37910,2
13.0178899765,80.2247772217,37910,37919,9
13.0186395645,80.2244720459,37919,37989,70
13.0208902359,80.2253723145,37989,37999,10
13.0215797424,80.2258987427,37999,38009,10
13.0220003128,80.2261962891,38009,38060,51
13.0220003128,80.2261962891,38060,38070,10
13.0220804214,80.2262573242,38070,38080,10
13.0222797394,80.2264328003,38080,38090,10
13.0227603912,80.2268371582,38090,38100,10
13.0233097076,80.2273788452,38100,38110,10
13.0239200592,80.2279510498,38110,38120,10
13.024479866,80.2286300659,38120,38130,10
13.0249004364,80.2292404175,38130,38141,11
13.0253601074,80.2298812866,38141,38151,10
13.0258197784,80.2306289673,38151,38161,10
13.0259895325,80.2311019897,38161,38171,10
13.0260601044,80.2313079834,38171,38181,10
13.02643013,80.2312774658,38181,38191,10
13.0271701813,80.2310562134,38191,38201,10
13.0280504227,80.2309112549,38201,38211,10
13.0292100906,80.2307891846,38211,38252,41
13.0292100906,80.2307891846,38252,38262,10
13.0293598175,80.2308883667,38262,38272,10
13.0297203064,80.2308120728,38272,38282,10
13.0302600861,80.2307434082,38282,38292,10
13.0306301117,80.2307128906,38292,38302,10
13.0310096741,80.230682373,38302,38312,10
13.0312595367,80.2306594849,38312,38322,10
13.0318098068,80.2306137085,38322,38332,10
13.03262043,80.2305374146,38332,38342,10
13.0334100723,80.2304916382,38342,38353,11
13.0338802338,80.2304611206,38353,38363,10
13.0341997147,80.2304382324,38363,38373,10
13.034620285,80.2303085327,38373,38433,60
13.034620285,80.2303085327,38433,38443,10
13.0347700119,80.2303009033,38443,38453,10
13.0348701477,80.23021698,38453,38464,11
13.0349397659,80.2300415039,38464,38474,10
13.0349197388,80.2300033569,38474,38484,10
13.0347204208,80.229888916,38484,38595,111
13.0343999863,80.2298812866,38595,38948,353
13.0343198776,80.2298583984,38948,39019,71
13.0343198776,80.2298583984,39019,39029,10
13.0342798233,80.2298736572,39029,39493,464
13.0341396332,80.2302474976,39493,39544,51
13.034119606,80.2304077148,39544,39564,20
13.034119606,80.2304077148,39564,39574,10
13.033949852,80.2304763794,39574,39584,10
13.0335702896,80.2304916382,39584,39594,10
13.0328397751,80.2305374146,39594,39604,10
13.0321798325,80.2305908203,39604,39614,10
13.0312900543,80.230682373,39614,39624,10
13.0307798386,80.230758667,39624,39634,10
13.0303001404,80.2307662964,39634,39645,11
13.029800415,80.2308273315,39645,39655,10
13.0296401978,80.2308578491,39655,39665,10
13.0290899277,80.2309036255,39665,39675,10
13.0282201767,80.2309570313,39675,39685,10
13.0277099609,80.2309799194,39685,39695,10
13.0276498795,80.2314224243,39695,39705,10
13.0277099609,80.2320404053,39705,39715,10
13.0278396606,80.2327194214,39715,39725,10
13.0273704529,80.2328720093,39725,39735,10
13.02684021,80.2329711914,39735,39746,11
13.0265102386,80.2330093384,39746,39756,10
13.0262403488,80.2325210571,39756,39766,10
13.0260295868,80.2316970825,39766,39776,10
13.0257196426,80.23072052,39776,39786,10
13.0251197815,80.2297286987,39786,39796,10
13.0248403549,80.2293701172,39796,39806,10
13.0247602463,80.2292785645,39806,39816,10
13.024479866,80.2288665771,39816,39826,10
13.0240697861,80.2283096313,39826,39836,10
13.0235204697,80.227722168,39836,39847,11
13.0231103897,80.2274703979,39847,39887,40
13.0231103897,80.2274703979,39887,39897,10
13.0227899551,80.2271881104,39897,39907,10
13.0226202011,80.2268981934,39907,39917,10
13.0221996307,80.2265014648,39917,39927,10
13.0215597153,80.226020813,39927,39937,10
13.0207901001,80.225440979,39937,39947,10
13.0200395584,80.2249298096,39947,39958,11
13.0191402435,80.2245101929,39958,39968,10
13.0181598663,80.2247619629,39968,39978,10
13.0172100067,80.2251281738,39978,39988,10
13.0165100098,80.2254333496,39988,39998,10
13.0159101486,80.2256393433,39998,40008,10
13.01541996,80.2258300781,40008,40018,10
13.0149402618,80.2260131836,40018,40028,10
13.014550209,80.2261428833,40028,40038,10
13.014169693,80.226348877,40038,40054,16
13.0138597488,80.2264404297,40054,40066,12
13.0131597519,80.2266769409,40066,40076,10
13.0123596191,80.2269668579,40076,40087,11
13.011639595,80.2272415161,40087,40099,12
13.0106401443,80.2276229858,40099,40109,10
13.009759903,80.2279281616,40109,40119,10
13.009519577,80.2274932861,40119,40128,9
13.0098896027,80.2268066406,40128,40140,12
13.0103902817,80.2258300781,40140,40150,10
13.010840416,80.2248382568,40150,40159,9
13.0111904144,80.2238998413,40159,40171,12
13.0114498138,80.2232589722,40171,40181,10
13.0116195679,80.2228469849,40181,40191,10
13.0118598938,80.2220611572,40191,40201,10
13.012140274,80.2212600708,40201,40211,10
13.0120296478,80.2207183838,40211,40221,10
13.011759758,80.2199020386,40221,40231,10
13.0114297867,80.2189407349,40231,40241,10
13.0111103058,80.2179489136,40241,40251,10
13.0107097626,80.2169570923,40251,40261,10
13.0102596283,80.2161331177,40261,40272,11
13.0097904205,80.2151870728,40272,40281,9
13.0094203949,80.2146606445,40281,40292,11
13.0088300705,80.2138519287,40292,40302,10
13.0082597733,80.2133636475,40302,40312,10
13.0081996918,80.2133331299,40312,40322,10
13.0080795288,80.2132873535,40322,40332,10
13.007900238,80.213180542,40332,40342,10
13.007610321,80.2129211426,40342,40352,10
13.0071697235,80.2128372192,40352,40362,10
13.0064601898,80.2127990723,40362,40372,10
13.0058202744,80.2130203247,40372,40382,10
13.0051698685,80.2126693726,40382,40393,11
13.0044803619,80.2122497559,40393,40403,10
13.0037899017,80.212020874,40403,40413,10
13.0037002563,80.211479187,40413,40423,10
13.0036401749,80.2107772827,40423,40433,10
13.0035400391,80.2100372314,40433,40443,10
13.003569603,80.2093200684,40443,40453,10
13.0037698746,80.208656311,40453,40463,10
13.0044298172,80.2088012695,40463,40473,10
13.0051898956,80.2091522217,40473,40483,10
13.0059299469,80.2094497681,40483,40493,10
13.0066404343,80.2096633911,40493,40504,11
13.0068998337,80.2097091675,40504,40514,10
13.0072803497,80.209777832,40514,40524,10
13.0079698563,80.2098999023,40524,40534,10
13.0081195831,80.2096786499,40534,40544,10
13.0079603195,80.2090530396,40544,40554,10
13.0078496933,80.2081985474,40554,40564,10
13.0078001022,80.2072067261,40564,40574,10
13.0081100464,80.2059631348,40574,40591,17
13.0074796677,80.204460144,40591,40602,11
13.0065803528,80.2036972046,40602,40613,11
13.005979538,80.2029190063,40613,40623,10
13.0056600571,80.2023620605,40623,40633,10
13.0051803589,80.2017288208,40633,40643,10
13.0043001175,80.2012176514,40643,40673,30
13.0043001175,80.2012176514,40673,40683,10
13.0040597916,80.2009963989,40683,40693,10
13.0034399033,80.200920105,40693,40704,11
13.0025501251,80.2006072998,40704,40713,9
13.001950264,80.2001571655,40713,40724,11
13.0016298294,80.1993637085,40724,40735,11
13.0017900467,80.1984405518,40735,40745,10
13.0019302368,80.1975021362,40745,40755,10
13.0018100739,80.1966018677,40755,40765,10
13.0010795593,80.1957168579,40765,40775,10
13.0003404617,80.1948165894,40775,40785,10
12.9996404648,80.1939620972,40785,40795,10
12.9991903305,80.1934127808,40795,40805,10
12.9990997314,80.1932830811,40805,40816,11
12.9989900589,80.1930770874,40816,40826,10
12.9986200333,80.1925811768,40826,40836,10
12.998169899,80.1923980713,40836,40846,10
12.9975795746,80.1928787231,40846,40856,10
12.9970197678,80.193321228,40856,40866,10
12.9966697693,80.1934204102,40866,40876,10
12.9959402084,80.1934204102,40876,40886,10
12.995059967,80.1934204102,40886,40896,10
12.9941196442,80.1934280396,40896,40906,10
12.9930896759,80.1934585571,40906,40916,10
12.9921197891,80.1934967041,40916,40926,10
12.9915895462,80.1939926147,40926,40937,11
12.9912996292,80.1944580078,40937,40947,10
12.9911899567,80.1946563721,40947,40957,10
12.9911203384,80.194770813,40957,40967,10
12.990819931,80.1951370239,40967,40977,10
12.9902000427,80.1955566406,40977,40987,10
12.989279747,80.1955413818,40987,40997,10
12.9882202148,80.1955108643,40997,41007,10
12.9871101379,80.1957092285,41007,41017,10
12.9860200882,80.1961135864,41017,41027,10
12.9848499298,80.196182251,41027,41038,11
12.9836196899,80.1962585449,41038,41048,10
12.9833097458,80.1963500977,41048,41058,10
12.9831800461,80.1963806152,41058,41068,10
12.9828701019,80.1965713501,41068,41078,10
12.9824304581,80.1969528198,41078,41088,10
12.9821100235,80.1969833374,41088,41118,30
12.9821100235,80.1969833374,41118,41128,10
12.9822301865,80.1968307495,41128,41138,10
12.9826202393,80.1965789795,41138,41149,11
12.9826602936,80.1963272095,41149,41159,10
12.9823198318,80.1961212158,41159,41169,10
12.9818096161,80.1958770752,41169,41179,10
12.9816102982,80.1957778931,41179,41189,10
12.9814996719,80.1957168579,41189,41199,10
12.9812202454,80.1955718994,41199,41209,10
12.9808397293,80.1953811646,41209,41219,10
12.9802799225,80.195098877,41219,41229,10
12.9797000885,80.1947479248,41229,41239,10
12.9791898727,80.1943817139,41239,41249,10
12.9788398743,80.1941833496,41249,41260,11
12.9787597656,80.1941223145,41260,41270,10
12.9784097672,80.1940002441,41270,41280,10
12.9778995514,80.193901062,41280,41290,10
12.9776802063,80.1938934326,41290,41300,10
12.9775695801,80.193862915,41300,41310,10
12.977230072,80.1937484741,41310,41320,10
12.9767904282,80.193572998,41320,41330,10
12.9765195847,80.1933670044,41330,41340,10
12.9763498306,80.1931762695,41340,41350,10
12.9760799408,80.1929702759,41350,41362,12
12.9755496979,80.1926574707,41362,41372,10
12.9750003815,80.1924514771,41372,41382,10
12.9745597839,80.1922531128,41382,41391,9
12.9740495682,80.1920776367,41391,41402,11
12.9736003876,80.1919326782,41402,41412,10
12.9731903076,80.1917724609,41412,41422,10
12.9729995728,80.1917190552,41422,41432,10
12.9729604721,80.1917037964,41432,41442,10
12.9727096558,80.1915893555,41442,41452,10
12.9724397659,80.1914901733,41452,41462,10
12.9722795486,80.1914215088,41462,41473,11
12.9721298218,80.1913223267,41473,41483,10
12.9716796875,80.1911315918,41483,41493,10
12.971280098,80.1909866333,41493,41503,10
12.9711198807,80.1909408569,41503,41513,10
12.9707899094,80.1907577515,41513,41523,10
12.9702596664,80.1905593872,41523,41533,10
12.9699602127,80.1904220581,41533,41543,10
12.9695796967,80.1902084351,41543,41563,20
12.9695796967,80.1902084351,41563,41573,10
12.9693002701,80.1900634766,41573,41584,11
12.9687404633,80.1898193359,41584,41594,10
12.9681501389,80.1895370483,41594,41604,10
12.9681301117,80.1895294189,41604,41614,10
12.9678401947,80.1894302368,41614,41624,10
12.9672698975,80.189201355,41624,41634,10
12.9666500092,80.1889572144,41634,41644,10
12.9660902023,80.1887588501,41644,41654,10
12.9654798508,80.1885299683,41654,41664,10
12.964969635,80.188331604,41664,41674,10
12.9649000168,80.188293457,41674,41685,11
12.9647703171,80.1882171631,41685,41695,10
12.9643497467,80.1880722046,41695,41705,10
12.9637298584,80.1878814697,41705,41715,10
12.963139534,80.1877212524,41715,41725,10
12.9625396729,80.1875762939,41725,41735,10
12.9618997574,80.1874389648,41735,41745,10
12.9613800049,80.1873397827,41745,41755,10
12.9608402252,80.187286377,41755,41765,10
12.960650444,80.1872406006,41765,41775,10
12.9603700638,80.1871795654,41775,41786,11
12.9598999023,80.1871185303,41786,41796,10
12.9593200684,80.1870727539,41796,41806,10
12.9589004517,80.1870574951,41806,41816,10
12.9583902359,80.1870574951,41816,41826,10
12.9576196671,80.1870574951,41826,41836,10
12.9567899704,80.1870574951,41836,41846,10
12.9557504654,80.1869812012,41846,41876,30
12.9557504654,80.1869812012,41876,41886,10
12.9556102753,80.1869506836,41886,41897,11
12.9553003311,80.1868896484,41897,41907,10
12.9546499252,80.1867904663,41907,41917,10
12.9537601471,80.186668396,41917,41927,10
12.9527301788,80.1865234375,41927,41937,10
12.951669693,80.1862030029,41937,41947,10
12.9505796432,80.1858291626,41947,41957,10
12.9493398666,80.1854476929,41957,42008,51
12.9493398666,80.1854476929,42008,42018,10
12.9490699768,80.1853408813,42018,42028,10
12.9486398697,80.1851882935,42028,42038,10
12.9482402802,80.1850509644,42038,42048,10
12.9475803375,80.1847000122,42048,42058,10
12.9468698502,80.1841964722,42058,42068,10
12.9463396072,80.1837615967,42068,42078,10
12.9457998276,80.183380127,42078,42088,10
12.9452199936,80.18309021,42088,42098,10
12.9446001053,80.1830596924,42098,42108,10
12.9444904327,80.1830673218,42108,42119,11
12.9439401627,80.1830291748,42119,42129,10
12.9431695938,80.1829605103,42129,42139,10
12.9422702789,80.1828994751,42139,42149,10
12.9413404465,80.1828231812,42149,42159,10
12.9409399033,80.182800293,42159,42169,10
12.9407300949,80.182800293,42169,42179,10
12.940369606,80.182800293,42179,42189,10
12.9398403168,80.1827163696,42189,42199,10
12.9395198822,80.1826324463,42199,42209,10
12.9395103455,80.1826171875,42209,42219,10
12.9393196106,80.1825790405,42219,42230,11
12.938949585,80.1825027466,42230,42240,10
12.9386997223,80.1824188232,42240,42250,10
12.938079834,80.1823120117,42250,42260,10
12.9372701645,80.1822662354,42260,42270,10
12.9367599487,80.1822662354,42270,42280,10
12.9359903336,80.1823272705,42280,42296,16
12.9345903397,80.1822433472,42296,42308,12
12.9334001541,80.181968689,42308,42318,10
12.9323396683,80.1817474365,42318,42329,11
12.9313001633,80.1816101074,42329,42339,10
12.9310503006,80.1815872192,42339,42349,10
12.9310102463,80.1815872192,42349,42358,9
12.9306201935,80.1815719604,42358,42369,11
12.9298200607,80.1817092896,42369,42379,10
12.9289302826,80.1819076538,42379,42389,10
12.9279403687,80.1821594238,42389,42399,10
12.9268903732,80.1823883057,42399,42409,10
12.9260196686,80.1825637817,42409,42419,10
12.9251899719,80.1827011108,42419,42429,10
12.924200058,80.1828689575,42429,42440,11
12.9233503342,80.1830596924,42440,42450,10
12.9226102829,80.1831893921,42450,42459,9
12.9220399857,80.1834030151,42459,42470,11
12.9209299088,80.1838378906,42470,42510,40
12.9207401276,80.1839599609,42510,42561,51
12.9207401276,80.1839599609,42561,42571,10
12.9205999374,80.1839981079,42571,42581,10
12.9202003479,80.1838684082,42581,42591,10
12.9200401306,80.1831817627,42591,42601,10
12.9198904037,80.1826019287,42601,42611,10
12.9197902679,80.182182312,42611,42621,10
12.9196195602,80.1815109253,42621,42631,10
12.9194602966,80.1806030273,42631,42641,10
12.9192695618,80.1797637939,42641,42652,11
12.9187097549,80.1787872314,42652,42662,10
12.9181604385,80.1779098511,42662,42672,10
12.9182796478,80.1768188477,42672,42682,10
12.918510437,80.175819397,42682,42692,10
12.9187297821,80.1748962402,42692,42702,10
12.9189996719,80.173789978,42702,42712,10
12.9192695618,80.1725387573,42712,42722,10
12.9195995331,80.1714477539,42722,42732,10
12.9198904037,80.1705627441,42732,42742,10
12.9202003479,80.1696014404,42742,42759,17
12.920800209,80.1678085327,42759,42772,13
12.9212503433,80.1663818359,42772,42782,10
12.9216403961,80.1652374268,42782,42792,10
12.9219398499,80.1643066406,42792,42802,10
12.9222698212,80.1632003784,42802,42812,10
12.9225797653,80.1622619629,42812,42822,10
12.9228801727,80.1613616943,42822,42832,10
12.9230899811,80.1606369019,42832,42842,10
12.9232997894,80.1597366333,42842,42852,10
12.9234304428,80.1585998535,42852,42863,11
12.9235401154,80.1574325562,42863,42873,10
12.9236097336,80.1566085815,42873,42883,10
12.9236402512,80.1558990479,42883,42893,10
12.9234600067,80.1552429199,42893,42903,10
12.9233598709,80.1549606323,42903,42913,10
12.9232997894,80.1546020508,42913,42923,10
12.9231595993,80.1539611816,42923,42933,10
12.9229898453,80.1533203125,42933,42943,10
12.9227399826,80.1522369385,42943,42984,41
12.9227399826,80.1522369385,42984,42994,10
12.9226703644,80.1519775391,42994,43004,10
12.9226303101,80.1516799927,43004,43014,10
12.9226198196,80.1512374878,43014,43024,10
12.9226102829,80.1507034302,43024,43034,10
12.9225797653,80.1498413086,43034,43050,16
12.9225597382,80.1482162476,43050,43062,12
12.922539711,80.1472625732,43062,43072,10
12.9225597382,80.1469497681,43072,43082,10
12.9225702286,80.1467819214,43082,43093,11
12.9225597382,80.146156311,43093,43103,10
12.9225196838,80.1454467773,43103,43113,10
12.9224996567,80.1446762085,43113,43123,10
12.9224395752,80.1436386108,43123,43173,50
12.9224395752,80.1436386108,43173,43183,10
12.9224300385,80.1433334351,43183,43194,11
12.9224395752,80.1429672241,43194,43204,10
12.9224796295,80.1425628662,43204,43214,10
12.9224500656,80.1420822144,43214,43224,10
12.9224100113,80.1415328979,43224,43234,10
12.922419548,80.1414489746,43234,43244,10
12.9224300385,80.1411590576,43244,43254,10
12.9224500656,80.1404800415,43254,43264,10
12.9224500656,80.1396865845,43264,43274,10
12.9224500656,80.1388168335,43274,43284,10
12.9224901199,80.1378631592,43284,43295,11
12.922539711,80.1368026733,43295,43305,10
12.9225597382,80.1358413696,43305,43315,10
12.9225702286,80.1351394653,43315,43325,10
12.9225797653,80.1345291138,43325,43335,10
12.9226398468,80.1336669922,43335,43345,10
12.922659874,80.1326980591,43345,43355,10
12.9226999283,80.1317214966,43355,43365,10
12.922750473,80.1306762695,43365,43375,10
12.922829628,80.1296234131,43375,43385,10
12.9229097366,80.1288528442,43385,43395,10
12.9229202271,80.1283111572,43395,43406,11
12.9229202271,80.127571106,43406,43416,10
12.9229297638,80.1268997192,43416,43426,10
12.9229698181,80.1260604858,43426,43436,10
12.9230003357,80.1251678467,43436,43446,10
12.92304039,80.1241226196,43446,43456,10
12.9231100082,80.1229476929,43456,43466,10
12.9231395721,80.1218185425,43466,43476,10
12.9231796265,80.1210403442,43476,43486,10
12.9232301712,80.1206207275,43486,43517,31
12.9232301712,80.1206207275,43517,43527,10
12.9232597351,80.120300293,43527,43537,10
12.9233102798,80.1197662354,43537,43547,10
12.9233503342,80.1191635132,43547,43557,10
12.923330307,80.1184692383,43557,43567,10
12.9234399796,80.1177215576,43567,43577,10
12.9234399796,80.1170196533,43577,43618,41
12.9234399796,80.1170196533,43618,43628,10
12.9233903885,80.1169128418,43628,43638,10
12.9235696793,80.1168670654,43638,43648,10
12.9235801697,80.1168670654,43648,43658,10
12.9235601425,80.1169815063,43658,43668,10
12.9235200882,80.1173400879,43668,43678,10
12.923620224,80.1177215576,43678,43688,10
12.9235601425,80.1178512573,43688,43698,10
12.923500061,80.1183319092,43698,43708,10
12.9234600067,80.1190719604,43708,43718,10
12.9233598709,80.1198806763,43718,43728,10
12.9232997894,80.1204986572,43728,43739,11
12.9232501984,80.1209411621,43739,43749,10
12.9232902527,80.121307373,43749,44132,383
12.9232902527,80.121307373,44132,44142,10
12.9232902527,80.1214904785,44142,44152,10
12.9231996536,80.1218032837,44152,44162,10
12.9231595993,80.1223983765,44162,44173,11
12.9231300354,80.1231689453,44173,44183,10
12.9230899811,80.1240005493,44183,44193,10
12.92304039,80.1249389648,44193,44203,10
12.9230298996,80.1254425049,44203,44213,10
12.92304039,80.125617981,44213,44233,20
12.92304039,80.125617981,44233,44243,10
12.9230298996,80.1257171631,44243,44253,10
12.9229698181,80.1262283325,44253,44264,11
12.9229297638,80.1271591187,44264,44274,10
12.9228801727,80.1280822754,44274,44284,10
12.922829628,80.1288604736,44284,44294,10
12.9228000641,80.1296386719,44294,44304,10
12.9227695465,80.1299209595,44304,44314,10
12.9227600098,80.130531311,44314,44324,10
12.9227695465,80.131187439,44324,44334,10
12.9227399826,80.1316223145,44334,44344,10
12.9226999283,80.1323928833,44344,44354,10
12.9226398468,80.1333007813,44354,44364,10
12.9226102829,80.1343536377,44364,44375,11
12.9225597382,80.1354980469,44375,44385,10
12.9225196838,80.1365127563,44385,44395,10
12.9224796295,80.1374511719,44395,44405,10
12.9224395752,80.1382827759,44405,44415,10
12.922369957,80.1388702393,44415,44425,10
12.9223403931,80.1396636963,44425,44435,10
12.922369957,80.1405334473,44435,44445,10
12.9224004745,80.1414794922,44445,44455,10
12.922419548,80.1424179077,44455,44465,10
12.9224700928,80.1428909302,44465,44506,41
12.9224700928,80.1428909302,44506,44516,10
12.9224996567,80.1429977417,44516,44526,10
12.9225301743,80.1436767578,44526,44546,20
12.9225301743,80.1436767578,44546,44556,10
12.9225196838,80.1437683105,44556,44566,10
12.9224996567,80.1443023682,44566,44576,10
12.9225196838,80.1451187134,44576,44586,10
12.9225702286,80.145942688,44586,44597,11
12.9225902557,80.1469268799,44597,44607,10
12.9226102829,80.1474914551,44607,44617,10
12.9225902557,80.1481170654,44617,44627,10
12.9225997925,80.1490097046,44627,44637,10
12.9226303101,80.1499633789,44637,44647,10
12.922659874,80.1509628296,44647,44657,10
12.9227199554,80.1518630981,44657,44667,10
12.922829628,80.1525421143,44667,44677,10
12.9230499268,80.1533737183,44677,44687,10
12.9232997894,80.1543121338,44687,44697,10
12.9234304428,80.1547164917,44697,44708,11
12.9234600067,80.1549377441,44708,44718,10
12.9235200882,80.1552886963,44718,44728,10
12.9236803055,80.1560592651,44728,44738,10
12.9235897064,80.1571121216,44738,44748,10
12.923500061,80.1580963135,44748,44758,10
12.9234304428,80.1588897705,44758,44768,10
12.9233398438,80.1598815918,44768,44778,10
12.9232597351,80.1603775024,44778,44788,10
12.9231901169,80.1605987549,44788,44799,11
12.9229402542,80.1613235474,44799,44809,10
12.9226398468,80.1622695923,44809,44819,10
12.9222803116,80.1633529663,44819,44829,10
12.9219102859,80.1644973755,44829,44839,10
12.9215497971,80.1656570435,44839,44849,10
12.9211597443,80.1667709351,44849,44859,10
12.9208297729,80.1678466797,44859,44869,10
12.9205198288,80.1688537598,44869,44879,10
12.9199304581,80.1706924438,44879,44889,10
12.9199304581,80.1706924438,44889,44899,10
12.9198598862,80.1710510254,44899,44910,11
12.9196596146,80.1715927124,44910,44920,10
12.9194602966,80.1724319458,44920,44930,10
12.9191799164,80.1733169556,44930,44940,10
12.9189100266,80.1743011475,44940,44950,10
12.9186000824,80.1752471924,44950,44961,11
12.9183502197,80.1762771606,44961,44971,10
12.9182195663,80.1770629883,44971,44981,10
12.9183101654,80.1780776978,44981,44991,10
12.9189300537,80.1789321899,44991,45000,9
12.9194002151,80.1798019409,45000,45011,11
12.9196596146,80.1810913086,45011,45021,10
12.9198999405,80.1821670532,45021,45032,11
12.9201202393,80.1831512451,45032,45042,10
12.9202899933,80.1837310791,45042,45053,11
12.9203500748,80.1839599609,45053,45063,10
12.9205102921,80.1839523315,45063,45073,10
12.9208803177,80.1837997437,45073,45083,10
12.9215602875,80.1835174561,45083,45093,10
12.922419548,80.1831893921,45093,45103,10
12.9233798981,80.1830062866,45103,45113,10
12.9244098663,80.1827926636,45113,45123,10
12.9254999161,80.1826171875,45123,45134,11
12.9262599945,80.1824874878,45134,45144,10
12.9265699387,80.1824188232,45144,45154,10
12.9270896912,80.1822967529,45154,45164,10
12.9275302887,80.182220459,45164,45174,10
12.9277000427,80.1821975708,45174,45184,10
12.92786026,80.1821517944,45184,45194,10
12.928150177,80.1820831299,45194,45204,10
12.9288196564,80.181930542,45204,45214,10
12.9295301437,80.1817321777,45214,45224,10
12.9303798676,80.1815032959,45224,45235,11
12.9313697815,80.1815109253,45235,45245,10
12.9315299988,80.1815414429,45245,45255,10
12.9320898056,80.1816482544,45255,45265,10
12.9329595566,80.1818237305,45265,45275,10
12.9339799881,80.1820678711,45275,45285,10
12.9350204468,80.1823196411,45285,45295,10
12.9356498718,80.1823272705,45295,45305,10
12.9362201691,80.182258606,45305,45315,10
12.9370098114,80.182220459,45315,45325,10
12.9377603531,80.1822280884,45325,45335,10
12.9388599396,80.1823883057,45335,45366,31
12.9388599396,80.1823883057,45366,45376,10
12.939040184,80.1824493408,45376,45386,10
12.9392299652,80.182510376,45386,45396,10
12.9395999908,80.1826019287,45396,45406,10
12.9401397705,80.1826934814,45406,45416,10
12.9407701492,80.1827392578,45416,45426,10
12.9413204193,80.182762146,45426,45436,10
12.942150116,80.1828384399,45436,45446,10
12.9430599213,80.1829071045,45446,45457,11
12.9441099167,80.1829528809,45457,45467,10
12.9445495605,80.1829605103,45467,45477,10
12.944729805,80.1829833984,45477,45487,10
12.9449396133,80.1829910278,45487,45497,10
12.9455699921,80.18309021,45497,45507,10
12.9463100433,80.1836471558,45507,45517,10
12.9471597672,80.1843414307,45517,45527,10
12.9479799271,80.1848983765,45527,45537,10
12.9488296509,80.1851501465,45537,45568,31
12.9488296509,80.1851501465,45568,45578,10
12.9492101669,80.1852264404,45578,45588,10
12.949669838,80.1854095459,45588,45598,10
12.9503698349,80.1856613159,45598,45608,10
12.9511804581,80.1859207153,45608,45618,10
12.9520397186,80.1862030029,45618,45628,10
12.9528799057,80.186416626,45628,45638,10
12.9535598755,80.1865234375,45638,45648,10
12.9539699554,80.1865768433,45648,45658,10
12.9545898438,80.186668396,45658,45668,10
12.9552497864,80.1867523193,45668,45679,11
12.9556598663,80.1868362427,45679,45689,10
12.956029892,80.1868896484,45689,45709,20
12.956029892,80.1868896484,45709,45719,10
12.9562397003,80.186920166,45719,45729,10
12.9567298889,80.1869888306,45729,45739,10
12.9572200775,80.1870193481,45739,45749,10
12.9579401016,80.1870498657,45749,45759,10
12.9587001801,80.1870574951,45759,45769,10
12.9593601227,80.1870803833,45769,45778,9
12.9599199295,80.1871185303,45778,45790,12
12.9605398178,80.187171936,45790,45800,10
12.9608402252,80.1872177124,45800,45810,10
12.9613304138,80.187286377,45810,45820,10
12.9614801407,80.1873092651,45820,45830,10
12.9616498947,80.1873474121,45830,45840,10
12.9620895386,80.1874237061,45840,45850,10
12.9627599716,80.187538147,45850,45860,10
12.9633197784,80.1876602173,45860,45870,10
12.9638500214,80.1878204346,45870,45881,11
12.9644002914,80.1879806519,45881,45891,10
12.9649000168,80.1881408691,45891,45901,10
12.9653997421,80.188331604,45901,45911,10
12.9655199051,80.1883773804,45911,45921,10
12.9658002853,80.1884994507,45921,45931,10
12.9660596848,80.1886291504,45931,45941,10
12.9664497375,80.1887893677,45941,45951,10
12.9671001434,80.1890487671,45951,45961,10
12.9682798386,80.1895980835,45961,45981,20
12.9682798386,80.1895980835,45981,45992,11
12.9686899185,80.1898498535,45992,46002,10
12.9692201614,80.190071106,46002,46012,10
12.9694595337,80.1901626587,46012,46022,10
12.9698801041,80.1903381348,46022,46032,10
12.9704399109,80.1905899048,46032,46042,10
12.9709596634,80.190788269,46042,46052,10
12.971449852,80.1909713745,46052,46062,10
12.9720497131,80.1912536621,46062,46072,10
12.9725704193,80.1914672852,46072,46082,10
12.9727201462,80.1915283203,46082,46092,10
12.9728899002,80.1915969849,46092,46102,10
12.9733495712,80.1917572021,46102,46113,11
12.9738998413,80.1919708252,46113,46123,10
12.9745397568,80.1922073364,46123,46133,10
12.9750204086,80.1923980713,46133,46143,10
12.9756803513,80.1927032471,46143,46153,10
12.9761400223,80.1930618286,46153,46163,10
12.9765100479,80.1933135986,46163,46173,10
12.9770803452,80.193649292,46173,46183,10
12.9775600433,80.1937713623,46183,46193,10
12.97797966,80.1938400269,46193,46204,11
12.9780302048,80.1938400269,46204,46214,10
12.9781703949,80.1938705444,46214,46224,10
12.9785804749,80.1940231323,46224,46234,10
12.9791202545,80.1942596436,46234,46244,10
12.9795303345,80.1945495605,46244,46254,10
12.9799699783,80.1948318481,46254,46264,10
12.9809904099,80.1953582764,46264,46284,20
12.9809904099,80.1953582764,46284,46294,10
12.981180191,80.1954803467,46294,46304,10
12.9814901352,80.1956481934,46304,46314,10
12.9819202423,80.1958770752,46314,46325,11
12.9825201035,80.1961593628,46325,46335,10
12.9828596115,80.1963729858,46335,46345,10
12.9831800461,80.1961975098,46345,46355,10
12.9837503433,80.1959915161,46355,46365,10
12.9846200943,80.195930481,46365,46375,10
12.9856700897,80.1958999634,46375,46385,10
12.9867095947,80.1956329346,46385,46395,10
12.9876699448,80.1953735352,46395,46405,10
12.9886398315,80.1953887939,46405,46416,11
12.9898195267,80.1954193115,46416,46426,10
12.9907398224,80.1950378418,46426,46436,10
12.991109848,80.1944885254,46436,46456,20
12.991109848,80.1944885254,46456,46466,10
12.9912204742,80.1943435669,46466,46476,10
12.9915504456,80.1938018799,46476,46486,10
12.9921798706,80.1932983398,46486,46496,10
12.9930696487,80.1933288574,46496,46506,10
12.9938802719,80.193321228,46506,46516,10
12.9946804047,80.1933135986,46516,46527,11
12.9956502914,80.1932907104,46527,46537,10
12.9964799881,80.1932601929,46537,46547,10
12.9967498779,80.1931762695,46547,46557,10
12.9966497421,80.1927185059,46557,46567,10
12.9964704514,80.1919937134,46567,46577,10
12.9962797165,80.1911392212,46577,46587,10
12.9960403442,80.1902618408,46587,46597,10
12.9958696365,80.1895904541,46597,46607,10
12.9958496094,80.1894989014,46607,46617,10
12.9958496094,80.1893386841,46617,46627,10
12.9961500168,80.1893692017,46627,46638,11
12.9965496063,80.1898269653,46638,46648,10
12.9970703125,80.1904830933,46648,46658,10
12.9977197647,80.1912612915,46658,46668,10
12.9984197617,80.1921615601,46668,46678,10
12.9990701675,80.1929779053,46678,46688,10
12.9997301102,80.1938171387,46688,46698,10
13.00041008,80.1946792603,46698,46708,10
13.0011301041,80.1955337524,46708,46718,10
13.0016403198,80.1961364746,46718,46728,10
13.0020999908,80.1972808838,46728,46739,11
13.0018997192,80.1985626221,46739,46749,10
13.0017900467,80.1995162964,46749,46759,10
13.0022001266,80.2003326416,46759,46769,10
13.0035495758,80.2007598877,46769,46799,30
13.0035495758,80.2007598877,46799,46809,10
13.0038700104,80.200881958,46809,46819,10
13.0045099258,80.2011032104,46819,46829,10
13.0052995682,80.2015914917,46829,46839,10
13.0058803558,80.2024307251,46839,46849,10
13.0064401627,80.2031784058,46849,46860,11
13.007349968,80.2036437988,46860,46870,10
13.0082101822,80.2036132813,46870,46880,10
13.0081300735,80.2028427124,46880,46890,10
13.0074901581,80.2033004761,46890,46900,10
13.0075798035,80.2042770386,46900,46910,10
13.007610321,80.205406189,46910,46920,10
13.0077600479,80.2066268921,46920,46930,10
13.0079097748,80.2077789307,46930,46940,10
13.0080699921,80.2088317871,46940,46950,10
13.0083703995,80.2098999023,46950,46960,10
13.0093202591,80.2109222412,46960,46991,31
13.0093202591,80.2109222412,46991,47001,10
13.0094003677,80.2111434937,47001,47011,10
13.0092697144,80.2112197876,47011,47021,10
13.009059906,80.2114868164,47021,47031,10
13.0091600418,80.2119979858,47031,47041,10
13.0093803406,80.2127227783,47041,47051,10
13.00963974,80.2134170532,47051,47061,10
13.0099401474,80.2141494751,47061,47072,11
13.010140419,80.2149581909,47072,47082,10
13.0102996826,80.2158203125,47082,47092,10
13.0106601715,80.2166290283,47092,47102,10
13.011059761,80.2174987793,47102,47118,16
13.0116300583,80.2189483643,47118,47130,12
13.0120801926,80.2201004028,47130,47140,10
13.0124502182,80.221031189,47140,47150,10
13.0126895905,80.2215423584,47150,47160,10
13.0129899979,80.2219314575,47160,47170,10
13.0133695602,80.2223968506,47170,47180,10
13.0137300491,80.22290802,47180,47190,10
13.0142002106,80.2234725952,47190,47201,11
13.0145301819,80.223777771,47201,47211,10
13.014960289,80.2244110107,47211,47221,10
13.0153198242,80.2248306274,47221,47231,10
13.0155200958,80.2249908447,47231,47241,10
13.015540123,80.2249984741,47241,47251,10
13.0156497955,80.2251586914,47251,47261,10
13.0161399841,80.2253265381,47261,47271,10
13.0168399811,80.225151062,47271,47282,11
13.0177602768,80.2247924805,47282,47292,10
13.0185899734,80.2244491577,47292,47302,10
13.0195302963,80.2243728638,47302,47342,40
13.0195302963,80.2243728638,47342,47352,10
13.0197095871,80.2245178223,47352,47362,10
13.0200300217,80.2247772217,47362,47372,10
13.0205202103,80.2251434326,47372,47389,17
13.0214300156,80.2258377075,47389,47400,11
13.0220899582,80.2263336182,47400,47411,11
13.0227403641,80.2268676758,47411,47421,10
13.0233097076,80.2274169922,47421,47429,8
13.0243196487,80.2283706665,47429,47451,22
13.0243196487,80.2283706665,47451,47461,10
13.0243902206,80.2285614014,47461,47471,10
13.0242004395,80.2285919189,47471,47481,10
13.0240697861,80.2283630371,47481,47491,10
13.0236301422,80.2278594971,47491,47501,10
13.0231103897,80.2273635864,47501,47512,11
13.0223999023,80.2266998291,47512,47535,23
13.0199899673,80.224937439,47535,47557,22
13.0199899673,80.224937439,47557,47567,10
13.0198297501,80.2248382568,47567,47577,10
13.0195798874,80.2246627808,47577,47587,10
13.0187902451,80.2245635986,47587,47597,10
13.0179100037,80.224861145,47597,47608,11
13.0169200897,80.2252578735,47608,47618,10
13.0162000656,80.2255401611,47618,47627,9
13.0151996613,80.2258911133,47627,47651,24
13.0151996613,80.2258911133,47651,47661,10
13.0149497986,80.225982666,47661,47671,10
13.0145998001,80.2260971069,47671,47681,10
13.0142297745,80.2261505127,47681,47691,10
13.0141897202,80.2259902954,47691,47701,10
13.0141897202,80.2257003784,47701,47711,10
13.0142498016,80.225402832,47711,47735,24
13.0144195557,80.2255630493,47735,47747,12
13.0144500732,80.2255630493,47747,49456,1709
13.0144500732,80.2255630493,49456,49466,10
13.0142698288,80.225402832,49466,49496,30
13.0142202377,80.2255630493,49496,49536,40
13.0142202377,80.2255630493,49536,49547,11
13.0141601563,80.2259216309,49547,49557,10
13.014169693,80.2261199951,49557,49567,10
13.0140600204,80.2263412476,49567,49577,10
13.0137395859,80.2264328003,49577,49587,10
13.0131902695,80.2266616821,49587,49597,10
13.0124702454,80.2269668579,49597,49607,10
13.0118999481,80.227180481,49607,49617,10
13.0112304688,80.2274169922,49617,49627,10
13.0105199814,80.227722168,49627,49637,10
13.0098800659,80.2279205322,49637,49647,10
13.0095796585,80.2275466919,49647,49657,10
13.0098400116,80.2269515991,49657,49668,11
13.0102500916,80.2260818481,49668,49678,10
13.0106697083,80.2252807617,49678,49688,10
13.011059761,80.2244796753,49688,49698,10
13.0115203857,80.2236633301,49698,49708,10
13.0117998123,80.2227630615,49708,49718,10
13.0120601654,80.2218093872,49718,49728,10
13.0123500824,80.2214431763,49728,49738,10
13.0125598907,80.2218017578,49738,49748,10
13.0130195618,80.2223129272,49748,49765,17
13.0139198303,80.2233200073,49765,49777,12
13.0143404007,80.2238998413,49777,49787,10
13.0151395798,80.2247314453,49787,49806,19
13.0151395798,80.2247314453,49806,49817,11
13.0153503418,80.2248382568,49817,49827,10
13.0157003403,80.2252120972,49827,49836,9
13.0163202286,80.2253570557,49836,49847,11
13.0172996521,80.2250289917,49847,49856,9
13.0180196762,80.2247390747,49856,49866,10
13.0188398361,80.2244110107,49866,49878,12
13.0194101334,80.224319458,49878,49888,10
13.0195398331,80.2243728638,49888,49898,10
13.0197296143,80.2244796753,49898,49908,10
13.0200796127,80.2247467041,49908,49918,10
13.0205698013,80.2251205444,49918,49928,10
13.0210103989,80.2254562378,49928,49938,10
13.0214700699,80.2258224487,49938,49948,10
13.0218000412,80.2261123657,49948,49958,10
13.0222902298,80.2264862061,49958,49968,10
13.0228204727,80.2269592285,49968,49979,11
13.0232601166,80.2273788452,49979,49989,10
13.0237102509,80.2277526855,49989,49999,10
13.0242004395,80.2281799316,49999,50019,20
13.0242004395,80.2281799316,50019,50029,10
13.0243597031,80.2283782959,50029,50039,10
13.0242900848,80.2285766602,50039,50049,10
13.0240402222,80.2283782959,50049,50059,10
13.0236797333,80.2279434204,50059,50069,10
13.0233402252,80.2276000977,50069,50079,10
13.0229597092,80.2273406982,50079,50199,120
13.0226898193,80.2272415161,50199,50259,60
13.0226898193,80.2272415161,50259,50269,10
13.0225896835,80.2270584106,50269,50279,10
13.0225601196,80.2269592285,50279,50289,10
13.0225400925,80.2268676758,50289,50299,10
13.0222501755,80.2265930176,50299,50310,11
13.0217599869,80.2261734009,50310,50320,10
13.0212697983,80.2257766724,50320,50330,10
13.020529747,80.2252807617,50330,50340,10
13.0196800232,80.2247161865,50340,50350,10
13.0185203552,80.2246627808,50350,50360,10
13.0174102783,80.2250900269,50360,50370,10
13.0165700912,80.225440979,50370,50380,10
13.0160503387,80.2256164551,50380,50390,10
13.0153799057,80.2258834839,50390,50400,10
13.0148000717,80.2261123657,50400,50459,59
13.0148000717,80.2261123657,50459,50469,10
13.0143098831,80.2263183594,50469,50479,10
13.0141401291,80.2263793945,50479,50488,9
13.0136804581,80.2265319824,50488,50499,11
13.0128002167,80.2268600464,50499,50509,10
13.0120296478,80.227180481,50509,50518,9
13.0113201141,80.2274703979,50518,50530,12
13.010219574,80.2278900146,50530,50540,10
13.0095996857,80.2278823853,50540,50550,10
13.0095596313,80.2275390625,50550,50560,10
13.0097999573,80.2269973755,50560,50570,10
13.0101604462,80.2261962891,50570,50580,10
13.0105495453,80.2253189087,50580,50590,10
13.0108098984,80.2245788574,50590,50600,10
13.0110397339,80.2240600586,50600,50610,10
13.0112199783,80.2234115601,50610,50620,10
13.011469841,80.2227935791,50620,50631,11
13.0118598938,80.2217712402,50631,50641,10
13.0121002197,80.2211837769,50641,50651,10
13.0120296478,80.2206878662,50651,50661,10
13.0118103027,80.2200012207,50661,50670,9
13.0116300583,80.2193984985,50670,50681,11
13.0113401413,80.2185516357,50681,50691,10
13.0109596252,80.2175369263,50691,50700,9
13.0106601715,80.2168807983,50700,50712,12
13.0102701187,80.2161102295,50712,50722,10
13.0098600388,80.2152633667,50722,50732,10
13.0094003677,80.2145996094,50732,50743,11
13.008890152,80.2139205933,50743,50753,10
13.0083799362,80.213432312,50753,50813,60
13.0083799362,80.213432312,50813,50823,10
13.0082302094,80.2133712769,50823,50833,10
13.0079603195,80.213218689,50833,50844,11
13.0077600479,80.2130203247,50844,50854,10
13.0073099136,80.2128372192,50854,50864,10
13.0066604614,80.2127838135,50864,50874,10
13.0059099197,80.2129898071,50874,50884,10
13.0051498413,80.2125778198,50884,50894,10
13.0041599274,80.2121200562,50894,50904,10
13.0037202835,80.2117233276,50904,50914,10
13.003660202,80.2110137939,50914,50924,10
13.003569603,80.2102890015,50924,50934,10
13.0035104752,80.2095870972,50934,50944,10
13.0036697388,80.2088165283,50944,50955,11
13.0043802261,80.2087936401,50955,50965,10
13.0053195953,80.209197998,50965,50975,10
13.0062904358,80.2095413208,50975,50985,10
13.0068597794,80.2097167969,50985,50995,10
13.0068702698,80.2097167969,50995,51005,10
13.0069704056,80.2097015381,51005,51015,10
13.0071802139,80.209777832,51015,51025,10
13.0077495575,80.2098999023,51025,51035,10
13.008099556,80.2098236084,51035,51045,10
13.0079898834,80.209312439,51045,51055,10
13.0078897476,80.2085800171,51055,51066,11
13.0077295303,80.207572937,51066,51076,10
13.007610321,80.2068023682,51076,51086,10
13.0075101852,80.2060317993,51086,51096,10
13.0072603226,80.2052383423,51096,51106,10
13.0069999695,80.2046279907,51106,51116,10
13.0066900253,80.2040481567,51116,51126,10
13.0062198639,80.2033615112,51126,51136,10
13.00578022,80.2026824951,51136,51146,10
13.0055198669,80.2020721436,51146,51156,10
13.004940033,80.2015304565,51156,51166,10
13.0040798187,80.2011566162,51166,51187,21
13.0040798187,80.2011566162,51187,51203,16
13.0037298203,80.200958252,51203,51215,12
13.003080368,80.2007827759,51215,51225,10
13.0023603439,80.2005004883,51225,51234,9
13.001830101,80.1999130249,51234,51244,10
13.0017204285,80.1991271973,51244,51255,11
13.0018796921,80.1979293823,51255,51265,10
13.0018596649,80.1968231201,51265,51276,11
13.001250267,80.1959381104,51276,51286,10
13.0006904602,80.1951980591,51286,51295,9
13.0000600815,80.1943893433,51295,51306,11
12.9993801117,80.1935119629,51306,51317,11
12.9987697601,80.192741394,51317,51327,10
12.9982795715,80.1922988892,51327,51337,10
12.9977703094,80.1927032471,51337,51347,10
12.9971504211,80.1931991577,51347,51357,10
12.9968395233,80.193397522,51357,51367,10
12.9962997437,80.193397522,51367,51377,10
12.9954395294,80.193397522,51377,51388,11
12.9941797256,80.1934204102,51388,51398,10
12.992890358,80.1934509277,51398,51408,10
12.9918699265,80.1936187744,51408,51418,10
12.9914903641,80.194152832,51418,51428,10
12.9911298752,80.1947402954,51428,51448,20
12.9911298752,80.1947402954,51448,51458,10
12.990940094,80.1949768066,51458,51468,10
12.990530014,80.1953735352,51468,51478,10
12.989780426,80.1955413818,51478,51488,10
12.9889802933,80.1955108643,51488,51499,11
12.9880304337,80.1955108643,51499,51509,10
12.9871501923,80.1957397461,51509,51519,10
12.9861698151,80.1960830688,51519,51529,10
12.9850702286,80.1961669922,51529,51545,16
12.9834299088,80.1962966919,51545,51557,12
12.9829998016,80.1964874268,51557,51567,10
12.9825401306,80.1968536377,51567,51577,10
12.9822702408,80.1971206665,51577,51588,11
12.9821395874,80.1971435547,51588,51598,10
12.9820995331,80.1969833374,51598,51618,20
12.9820995331,80.1969833374,51618,51628,10
12.9821901321,80.1968612671,51628,51639,11
12.9826698303,80.1965179443,51639,51650,11
12.9827203751,80.1962890625,51650,51660,10
12.982219696,80.1960296631,51660,51670,10
12.981760025,80.1957931519,51670,51700,30
12.981760025,80.1957931519,51700,51711,11
12.9813404083,80.1955795288,51711,51721,10
12.9808597565,80.1953735352,51721,51731,10
12.9803304672,80.195098877,51731,51741,10
12.9798002243,80.194770813,51741,51751,10
12.9792499542,80.1943893433,51751,51761,10
12.9787197113,80.1940994263,51761,51771,10
12.9782600403,80.1939620972,51771,51781,10
12.977640152,80.193862915,51781,51791,10
12.9776000977,80.1938476563,51791,51801,10
12.9775400162,80.1938171387,51801,51811,10
12.9772396088,80.1937408447,51811,51822,11
12.9766798019,80.1934585571,51822,51832,10
12.9762296677,80.1931228638,51832,51842,10
12.9757604599,80.1927871704,51842,51852,10
12.9751701355,80.192489624,51852,51862,10
12.9745998383,80.1922531128,51862,51872,10
12.97397995,80.1920394897,51872,51882,10
12.9734897614,80.1918411255,51882,51892,10
12.9728899002,80.1916809082,51892,51902,10
12.9722099304,80.191368103,51902,51912,10
12.9721097946,80.1913299561,51912,51923,11
12.972029686,80.1912689209,51923,51933,10
12.9717302322,80.1911315918,51933,51943,10
12.9712600708,80.1909637451,51943,51953,10
12.9706602097,80.1906967163,51953,51963,10
12.9699602127,80.1903991699,51963,51973,10
12.9691896439,80.1900100708,51973,51983,10
12.9680204391,80.189453125,51983,52003,20
12.9680204391,80.189453125,52003,52013,10
12.9676704407,80.1893234253,52013,52023,10
12.9670000076,80.1890487671,52023,52034,11
12.9661798477,80.1887435913,52034,52044,10
12.965959549,80.1886367798,52044,52054,10
12.9655704498,80.1884765625,52054,52064,10
12.9650497437,80.1883010864,52064,52074,10
12.9648199081,80.1882095337,52074,52084,10
12.9647502899,80.1881790161,52084,52094,10
12.9642601013,80.1880111694,52094,52104,10
12.9635801315,80.1878585815,52104,52114,10
12.9631595612,80.1877365112,52114,52124,10
12.9624996185,80.1876068115,52124,52134,10
12.9617300034,80.1874237061,52134,52145,11
12.9610204697,80.187286377,52145,52155,10
12.9608201981,80.18724823,52155,52165,10
12.9607601166,80.187210083,52165,52175,10
12.9603700638,80.1871795654,52175,52185,10
12.9598903656,80.1871032715,52185,52195,10
12.9591503143,80.1870193481,52195,52205,10
12.958439827,80.1869812012,52205,52215,10
12.9579696655,80.18699646,52215,52225,10
12.9572401047,80.1869812012,52225,52235,10
12.9560403824,80.1869125366,52235,52286,51
12.9560403824,80.1869125366,52286,52296,10
12.9557600021,80.186920166,52296,52306,10
12.9555797577,80.1868896484,52306,52316,10
12.9550800323,80.1868209839,52316,52326,10
12.9542598724,80.186706543,52326,52336,10
12.9532203674,80.1865615845,52336,52353,17
12.9514398575,80.1861190796,52353,52365,12
12.9502601624,80.1857070923,52365,52375,10
12.9493303299,80.1854171753,52375,52455,80
12.9493303299,80.1854171753,52455,52466,11
12.9487695694,80.1852111816,52466,52476,10
12.9481496811,80.1850204468,52476,52486,10
12.9473800659,80.1845397949,52486,52496,10
12.9466199875,80.1839370728,52496,52506,10
12.9458503723,80.18334198,52506,52516,10
12.9453201294,80.1830596924,52516,52526,10
12.9449796677,80.1830368042,52526,52536,10
12.944560051,80.1830368042,52536,52546,10
12.9445495605,80.1830291748,52546,52556,10
12.944439888,80.1829833984,52556,52566,10
12.9439601898,80.1829681396,52566,52577,11
12.9431695938,80.1829528809,52577,52587,10
12.9422798157,80.1828918457,52587,52597,10
12.9413204193,80.1827926636,52597,52607,10
12.9405698776,80.1827697754,52607,52617,10
12.939499855,80.1825866699,52617,52667,50
12.939499855,80.1825866699,52667,52678,11
12.9393701553,80.1825714111,52678,52688,10
12.9389600754,80.182472229,52688,52698,10
12.9385900497,80.1823806763,52698,52708,10
12.9378595352,80.1822891235,52708,52718,10
12.9369297028,80.1822662354,52718,52728,10
12.9358901978,80.1823425293,52728,52738,10
12.9352998734,80.1823806763,52738,52748,10
12.9348602295,80.1823120117,52748,52758,10
12.9341802597,80.1821594238,52758,52768,10
12.9332799911,80.1819381714,52768,52778,10
12.9321603775,80.1817016602,52778,52789,11
12.9310503006,80.1815567017,52789,52799,10
12.9309301376,80.1815490723,52799,52809,10
12.9307203293,80.1815338135,52809,52819,10
12.9301996231,80.1816101074,52819,52829,10
12.9294900894,80.1817779541,52829,52839,10
12.9285297394,80.1820068359,52839,52849,10
12.9274196625,80.1822662354,52849,52859,10
12.9262504578,80.1825027466,52859,52869,10
12.9252996445,80.1826705933,52869,52879,10
12.9243803024,80.1828308105,52879,52889,10
12.9234104156,80.1830062866,52889,52900,11
12.9221801758,80.1833114624,52900,52910,10
12.9210395813,80.1837692261,52910,52920,10
12.9203796387,80.1840286255,52920,52990,70
12.9203796387,80.1840286255,52990,53000,10
12.9201698303,80.1839675903,53000,53011,11
12.9200201035,80.1832275391,53011,53021,10
12.9198703766,80.1825637817,53021,53031,10
12.9198503494,80.1824798584,53031,53041,10
12.9197702408,80.1819915771,53041,53051,10
12.9195995331,80.1811981201,53051,53061,10
12.9193696976,80.1801528931,53061,53071,10
12.9188804626,80.1790084839,53071,53081,10
12.9181900024,80.1779403687,53081,53091,10
12.9183101654,80.1767425537,53091,53101,10
12.918589592,80.1755065918,53101,53111,10
12.9189195633,80.1742095947,53111,53122,11
12.9192800522,80.1727218628,53122,53132,10
12.9195604324,80.17162323,53132,53142,10
12.9197597504,80.1709365845,53142,53152,10
12.9198999405,80.1705474854,53152,53162,10
12.9201803207,80.1697006226,53162,53172,10
12.9204998016,80.1686706543,53172,53182,10
12.9208602905,80.1676101685,53182,53192,10
12.9212398529,80.1663894653,53192,53202,10
12.9216604233,80.1651229858,53202,53212,10
12.9219999313,80.1640472412,53212,53222,10
12.9223299026,80.1629486084,53222,53233,11
12.9227304459,80.1617126465,53233,53243,10
12.9230298996,80.1607971191,53243,53253,10
12.9231004715,80.1605072021,53253,53263,10
12.9231300354,80.1603927612,53263,53273,10
12.9232702255,80.1598434448,53273,53283,10
12.9233703613,80.1589584351,53283,53293,10
12.9234695435,80.1578598022,53293,53303,10
12.9235801697,80.1567306519,53303,53313,10
12.9235801697,80.1556625366,53313,53323,10
12.9233198166,80.1549682617,53323,53334,11
12.9232997894,80.154876709,53334,53344,10
12.9232797623,80.154548645,53344,53354,10
12.923119545,80.1539306641,53354,53364,10
12.9229202271,80.153137207,53364,53374,10
12.9227800369,80.1526184082,53374,53384,10
12.9227399826,80.1524887085,53384,53394,10
12.9226903915,80.1523208618,53394,53404,10
12.9226398468,80.1521224976,53404,53475,71
12.9226398468,80.1521224976,53475,53485,10
12.9226102829,80.1519088745,53485,53495,10
12.9226198196,80.151550293,53495,53505,10
12.9225997925,80.1509399414,53505,53515,10
12.9225902557,80.1500473022,53515,53525,10
12.9225597382,80.1490783691,53525,53535,10
12.922539711,80.1481323242,53535,53546,11
12.9225196838,80.1472702026,53546,53556,10
12.9225196838,80.1467971802,53556,53566,10
12.9225301743,80.1467132568,53566,53576,10
12.9225196838,80.1461791992,53576,53586,10
12.9224901199,80.1453475952,53586,53596,10
12.9224596024,80.1443023682,53596,53606,10
12.9223804474,80.1431884766,53606,53657,51
12.9223804474,80.1431884766,53657,53667,10
12.922419548,80.1430587769,53667,53677,10
12.922419548,80.1427307129,53677,53687,10
12.9224100113,80.1420898438,53687,53697,10
12.922369957,80.1414489746,53697,53707,10
12.9223604202,80.1412811279,53707,53717,10
12.9223604202,80.1408081055,53717,53727,10
12.9223604202,80.1399688721,53727,53737,10
12.9223604202,80.1388778687,53737,53747,10
12.9224300385,80.1376037598,53747,53757,10
12.9224901199,80.1363601685,53757,53768,11
12.922539711,80.134979248,53768,53778,10
12.9225997925,80.1335983276,53778,53788,10
12.9226303101,80.1325378418,53788,53798,10
12.9226503372,80.1315536499,53798,53808,10
12.922659874,80.1312103271,53808,53818,10
12.9226703644,80.131111145,53818,53828,10
12.9226799011,80.1309204102,53828,53838,10
12.9227304459,80.1302719116,53838,53848,10
12.9227800369,80.1295166016,53848,53858,10
12.9228401184,80.1287765503,53858,53868,10
12.9228601456,80.1281967163,53868,53879,11
12.9228801727,80.1274337769,53879,53889,10
12.9228897095,80.1265487671,53889,53899,10
12.9228801727,80.1259384155,53899,53909,10
12.9229001999,80.1257400513,53909,53919,10
12.9229202271,80.1251602173,53919,53929,10
12.9229602814,80.1243286133,53929,53939,10
12.9230003357,80.1233596802,53939,53949,10
12.9230499268,80.1222381592,53949,53959,10
12.9231300354,80.12109375,53959,53969,10
12.9231901169,80.1204910278,53969,53990,21
12.9231901169,80.1204910278,53990,54000,10
12.923210144,80.1203765869,54000,54010,10
12.9232597351,80.1199035645,54010,54020,10
12.9232702255,80.119140625,54020,54030,10
12.9232997894,80.1182785034,54030,54040,10
12.9233999252,80.116859436,54040,54070,30
12.9233999252,80.116859436,54070,54080,10
12.9236001968,80.116859436,54080,54111,31
12.9236001968,80.116859436,54111,54121,10
12.9235696793,80.1170578003,54121,54131,10
12.923620224,80.1176223755,54131,54141,10
12.9235496521,80.1182403564,54141,54151,10
12.923500061,80.1190185547,54151,54161,10
12.9233999252,80.1197814941,54161,54171,10
12.9233703613,80.120300293,54171,54181,10
12.9233198166,80.1205978394,54181,54282,101
12.9233198166,80.1205978394,54282,54292,10
12.9232501984,80.1211013794,54292,54302,10
12.9232196808,80.1213989258,54302,54313,11
12.9232797623,80.1217575073,54313,54484,171
12.9232797623,80.1217575073,54484,54494,10
12.9232597351,80.121963501,54494,54504,10
12.9232196808,80.1225509644,54504,54514,10
12.9231500626,80.1234588623,54514,54525,11
12.9230899811,80.124671936,54525,54535,10
12.9230003357,80.1258163452,54535,54545,10
12.9229803085,80.1266174316,54545,54555,10
12.9229297638,80.127571106,54555,54565,10
12.9228801727,80.1284408569,54565,54575,10
12.9228200912,80.1289596558,54575,54585,10
12.9227895737,80.1297225952,54585,54595,10
12.9227695465,80.1305465698,54595,54605,10
12.9227399826,80.1312713623,54605,54615,10
12.922750473,80.132019043,54615,54625,10
12.9226903915,80.1329727173,54625,54636,11
12.9226303101,80.1342010498,54636,54646,10
12.9225702286,80.135383606,54646,54656,10
12.9225101471,80.1366500854,54656,54666,10
12.9224395752,80.1377716064,54666,54675,9
12.922369957,80.1386108398,54675,54686,11
12.9223403931,80.1397781372,54686,54696,10
12.9223604202,80.1404876709,54696,54706,10
12.922369957,80.1414108276,54706,54716,10
12.9223804474,80.1421203613,54716,54726,10
12.9224500656,80.142616272,54726,54757,31
12.9224500656,80.142616272,54757,54767,10
12.9224901199,80.1428222656,54767,54777,10
12.9225101471,80.1431427002,54777,54787,10
12.922539711,80.1436233521,54787,54815,28
12.922539711,80.1436233521,54815,54825,10
12.9224596024,80.1441497803,54825,54834,9
12.9225101471,80.1448669434,54834,54845,11
12.9225997925,80.1459732056,54845,54856,11
12.9225997925,80.1471328735,54856,54865,9
12.9226102829,80.1478118896,54865,54876,11
12.9225997925,80.1489334106,54876,54885,9
12.9226303101,80.1500701904,54885,54896,11
12.9226903915,80.1514282227,54896,54906,10
12.9227600098,80.1522979736,54906,54916,10
12.9230699539,80.1535415649,54916,54926,10
12.9233703613,80.1544876099,54926,54936,10
12.9234304428,80.154800415,54936,54946,10
12.9235897064,80.1554489136,54946,54956,10
12.9236698151,80.1564788818,54956,54967,11
12.9235401154,80.1578521729,54967,54977,10
12.9234104156,80.1591567993,54977,54987,10
12.9232797623,80.1602935791,54987,54997,10
12.9232501984,80.1604232788,54997,55007,10
12.9231100082,80.1608123779,55007,55017,10
12.9229001999,80.1614608765,55017,55027,10
12.9226303101,80.162322998,55027,55037,10
12.9223203659,80.1632766724,55037,55047,10
12.9219799042,80.1642990112,55047,55057,10
12.9216403961,80.1654129028,55057,55068,11
12.9211997986,80.1667633057,55068,55078,10
12.9208898544,80.1678390503,55078,55088,10
12.920539856,80.1689300537,55088,55098,10
12.9201602936,80.1701431274,55098,55108,10
12.9199104309,80.1709899902,55108,55118,10
12.9198904037,80.1710586548,55118,55128,10
12.9197702408,80.1714096069,55128,55138,10
12.9196100235,80.1720428467,55138,55148,10
12.9193496704,80.172958374,55148,55158,10
12.9190502167,80.1740570068,55158,55168,10
12.9187803268,80.1751785278,55168,55179,11
12.9184598923,80.1763305664,55179,55189,10
12.9183597565,80.176940918,55189,55199,10
12.9182500839,80.1777420044,55199,55209,10
12.9186601639,80.1785202026,55209,55219,10
12.9192304611,80.179359436,55219,55229,10
12.919549942,80.180557251,55229,55239,10
12.9198598862,80.181968689,55239,55248,9
12.920129776,80.1831893921,55248,55258,10
12.9203596115,80.1839065552,55258,55269,11
12.9207296371,80.1838226318,55269,55279,10
12.921500206,80.1835327148,55279,55290,11
12.922659874,80.1830825806,55290,55300,10
12.9238195419,80.1828384399,55300,55310,10
12.9250297546,80.1826400757,55310,55320,10
12.926199913,80.1824417114,55320,55330,10
12.9271697998,80.182258606,55330,55340,10
12.9280900955,80.1820602417,55340,55350,10
12.9288597107,80.1818771362,55350,55360,10
12.9295902252,80.1817169189,55360,55370,10
12.9304103851,80.1814880371,55370,55380,10
12.9312295914,80.1814880371,55380,55390,10
12.9314498901,80.1815414429,55390,55401,11
12.9319601059,80.1816101074,55401,55411,10
12.9326400757,80.1817169189,55411,55421,10
12.933429718,80.1819076538,55421,55430,9
12.9341802597,80.1820983887,55430,55441,11
12.9347896576,80.1822662354,55441,55451,10
12.9348297119,80.1822814941,55451,55461,10
12.9351301193,80.1822967529,55461,55471,10
12.9356603622,80.1822967529,55471,55481,10
12.9363498688,80.1821899414,55481,55491,10
12.9371795654,80.1821594238,55491,55502,11
12.937959671,80.182182312,55502,55512,10
12.9388399124,80.1822891235,55512,55552,40
12.9388399124,80.1822891235,55552,55562,10
12.9390802383,80.1823730469,55562,55572,10
12.9391403198,80.1824035645,55572,55582,10
12.9395704269,80.1825637817,55582,55592,10
12.9402799606,80.1826705933,55592,55602,10
12.9412698746,80.1827011108,55602,55613,11
12.9425201416,80.1828384399,55613,55623,10
12.9437198639,80.1828918457,55623,55633,10
12.9446001053,80.1829376221,55633,55653,20
12.9446001053,80.1829376221,55653,55663,10
12.9449701309,80.1829605103,55663,55673,10
12.9457502365,80.1831665039,55673,55683,10
12.9466295242,80.1838684082,55683,55693,10
12.9475002289,80.1845321655,55693,55703,10
12.9486999512,80.1850814819,55703,55724,21
12.9486999512,80.1850814819,55724,55734,10
12.9488201141,80.1851119995,55734,55745,11
12.9492502213,80.1852874756,55745,55755,10
12.9499197006,80.185508728,55755,55765,10
12.950630188,80.1857528687,55765,55775,10
12.9515800476,80.1860733032,55775,55785,10
12.9525403976,80.1863327026,55785,55795,10
12.9536104202,80.1864929199,55795,55805,10
12.9546403885,80.186630249,55805,55815,10
12.9553899765,80.1867370605,55815,55826,11
12.9560604095,80.1868515015,55826,55846,20
12.9560604095,80.1868515015,55846,55856,10
12.9563598633,80.1868896484,55856,55866,10
12.9569196701,80.1869430542,55866,55876,10
12.9571800232,80.186958313,55876,55886,10
12.9577198029,80.1869506836,55886,55896,10
12.9586296082,80.1869735718,55896,55906,10
12.959569931,80.1870269775,55906,55916,10
12.9603099823,80.1870803833,55916,55926,10
12.9609298706,80.1872177124,55926,55937,11
12.961640358,80.1873397827,55937,55947,10
12.9622802734,80.1874389648,55947,55957,10
12.9629001617,80.1875610352,55957,55967,10
12.9636602402,80.1877212524,55967,55977,10
12.9645395279,80.1880111694,55977,55987,10
12.9653701782,80.1883468628,55987,56007,20
12.9653701782,80.1883468628,56007,56017,10
12.9656801224,80.1884613037,56017,56027,10
12.9661397934,80.188659668,56027,56037,10
12.9667196274,80.188911438,56037,56048,11
12.9677000046,80.1892929077,56048,56058,10
12.9682598114,80.1895370483,56058,56078,20
12.9682598114,80.1895370483,56078,56088,10
12.9685401917,80.1896972656,56088,56098,10
12.9689798355,80.1899032593,56098,56108,10
12.9693698883,80.1901016235,56108,56118,10
12.9698200226,80.190322876,56118,56134,16
12.9706201553,80.1906814575,56134,56146,12
12.971540451,80.1910629272,56146,56157,11
12.9719600677,80.1912384033,56157,56167,10
12.9725704193,80.1914978027,56167,56177,10
12.9727096558,80.1915512085,56177,56186,9
12.9727897644,80.1915817261,56186,56197,11
12.9733600616,80.1917800903,56197,56207,10
12.9740896225,80.1920623779,56207,56217,10
12.974729538,80.1923065186,56217,56227,10
12.9754199982,80.1925811768,56227,56237,10
12.976099968,80.193069458,56237,56247,10
12.9766798019,80.1934661865,56247,56258,11
12.9773597717,80.1937484741,56258,56268,10
12.9780502319,80.1938476563,56268,56288,20
12.9780502319,80.1938476563,56288,56298,10
12.9785404205,80.1939926147,56298,56308,10
12.9791202545,80.1942825317,56308,56318,10
12.9797000885,80.1946716309,56318,56336,18
12.9810695648,80.1954421997,56336,56358,22
12.9810695648,80.1954421997,56358,56369,11
12.9814300537,80.1956100464,56369,56379,10
12.9817199707,80.1957778931,56379,56389,10
12.9822397232,80.1960601807,56389,56399,10
12.9827098846,80.1962814331,56399,56409,10
12.9830303192,80.1963272095,56409,56418,9
12.9833803177,80.1961288452,56418,56429,11
12.9841604233,80.1959609985,56429,56439,10
12.9850797653,80.1959609985,56439,56450,11
12.9863004684,80.1958007813,56450,56460,10
12.9874200821,80.1954727173,56460,56470,10
12.9883203506,80.1953887939,56470,56481,11
12.9894104004,80.1954193115,56481,56491,10
12.990480423,80.1952972412,56491,56501,10
12.9911003113,80.1946182251,56501,56521,20
12.9911003113,80.1946182251,56521,56531,10
12.9912204742,80.194480896,56531,56541,10
12.9913301468,80.1942977905,56541,56551,10
12.9916601181,80.1937637329,56551,56561,10
12.9923496246,80.1933822632,56561,56571,10
12.9933700562,80.193321228,56571,56582,11
12.9945497513,80.1932983398,56582,56592,10
12.9955396652,80.1932830811,56592,56602,10
12.9964199066,80.1932525635,56602,56612,10
12.9967699051,80.1931228638,56612,56622,10
12.9966602325,80.1925582886,56622,56632,10
12.9964399338,80.1917419434,56632,56642,10
12.9961700439,80.1907501221,56642,56652,10
12.995880127,80.189491272,56652,56688,36
12.995880127,80.189491272,56688,56701,13
12.9958600998,80.189453125,56701,56711,10
12.9961004257,80.1893005371,56711,56721,10
12.9964799881,80.189743042,56721,56731,10
12.9970703125,80.1904373169,56731,56741,10
12.9978303909,80.1913375854,56741,56751,10
12.9985904694,80.1923065186,56751,56761,10
12.9994497299,80.1934280396,56761,56771,10
13.0002603531,80.194480896,56771,56781,10
13.0008802414,80.1952819824,56781,56791,10
13.0015602112,80.1960830688,56791,56802,11
13.0020198822,80.197227478,56802,56813,11
13.0018396378,80.1985321045,56813,56823,10
13.0017795563,80.1994018555,56823,56833,10
13.0020303726,80.2001419067,56833,56843,10
13.0027503967,80.2005996704,56843,56853,10
13.0035400391,80.2007293701,56853,56863,10
13.0036201477,80.2007598877,56863,56873,10
13.0040302277,80.2009277344,56873,56883,10
13.0047302246,80.2012023926,56883,56893,10
13.0055704117,80.2018432617,56893,56903,10
13.0061798096,80.2028579712,56903,56914,11
13.0071601868,80.2035903931,56914,56924,10
13.0080404282,80.2037277222,56924,56934,10
13.0084199905,80.203086853,56934,56944,10
13.0076198578,80.2029876709,56944,56954,10
13.007610321,80.2040710449,56954,56964,10
13.0076198578,80.205368042,56964,56974,10
13.0077600479,80.2064437866,56974,56984,10
13.0078802109,80.207359314,56984,56994,10
13.0079803467,80.2082824707,56994,57004,10
13.0081501007,80.2093429565,57004,57015,11
13.0086603165,80.2104110718,57015,57025,10
13.0090799332,80.2107391357,57025,57045,20
13.0090799332,80.2107391357,57045,57055,10
13.0092802048,80.2109832764,57055,57065,10
13.0092401505,80.2110824585,57065,57075,10
13.009059906,80.2115402222,57075,57085,10
13.0092201233,80.2121887207,57085,57095,10
13.0095396042,80.2131195068,57095,57105,10
13.0099201202,80.2140808105,57105,57115,10
13.0101804733,80.2150802612,57115,57126,11
13.0104598999,80.2162017822,57126,57136,10
13.0109596252,80.2172470093,57136,57146,10
13.0113601685,80.218132019,57146,57156,10
13.0117301941,80.2191619873,57156,57166,10
13.0120801926,80.2203826904,57166,57175,9
13.0123996735,80.2211990356,57175,57186,11
13.0126800537,80.2217102051,57186,57196,10
13.0132904053,80.222442627,57196,57206,10
13.013879776,80.2230987549,57206,57216,10
13.0141601563,80.2234725952,57216,57226,10
13.014840126,80.2242431641,57226,57237,11
13.0153503418,80.2247924805,57237,57257,20
13.0153503418,80.2247924805,57257,57267,10
13.015709877,80.225151062,57267,57277,10
13.0165195465,80.2252426147,57277,57287,10
13.0176496506,80.2248077393,57287,57297,10
13.0188999176,80.2243804932,57297,57307,10
13.0195198059,80.2244567871,57307,57327,20
13.0195198059,80.2244567871,57327,57338,11
13.0199298859,80.2247314453,57338,57348,10
13.0204801559,80.2251434326,57348,57358,10
13.0209999084,80.2255172729,57358,57368,10
13.0215396881,80.2259216309,57368,57378,10
13.0218400955,80.2261199951,57378,57388,10
13.02202034,80.2262496948,57388,57398,10
13.022480011,80.2266693115,57398,57408,10
13.0230903625,80.2272033691,57408,57418,10
13.023730278,80.2277832031,57418,57428,10
13.0242500305,80.2284011841,57428,57438,10
13.0248203278,80.2291793823,57438,57449,11
13.0255203247,80.2301025391,57449,57459,10
13.0259504318,80.2309570313,57459,57469,10
13.0262002945,80.2312774658,57469,57479,10
13.0268096924,80.2311477661,57479,57489,10
13.0276203156,80.2309494019,57489,57499,10
13.0282897949,80.2308578491,57499,57509,10
13.0288696289,80.2308425903,57509,57519,10
13.0296201706,80.2307510376,57519,57529,10
13.0302600861,80.2306976318,57529,57539,10
13.030960083,80.2306518555,57539,57549,10
13.031419754,80.2306289673,57549,57560,11
13.0322198868,80.2305603027,57560,57570,10
13.0329999924,80.2304763794,57570,57580,10
13.0338802338,80.2304611206,57580,57600,20
13.0341100693,80.2303771973,57600,57630,30
13.0341100693,80.2303771973,57630,57640,10
13.0342702866,80.2304229736,57640,57650,10
13.0344896317,80.2304000854,57650,57671,21
13.0344896317,80.2304000854,57671,57681,10
13.0346603394,80.2303466797,57681,57691,10
13.0348901749,80.2303009033,57691,57711,20
13.0348901749,80.2303009033,57711,57721,10
13.0349597931,80.2300872803,57721,57731,10
13.0347995758,80.2299804688,57731,57812,81
13.0344600677,80.2298736572,57812,59104,1292
13.0341796875,80.2301330566,59104,59144,40
13.0341796875,80.2301330566,59144,59154,10
13.0341796875,80.2303924561,59154,59165,11
13.0340003967,80.2304992676,59165,59175,10
13.0335197449,80.2304992676,59175,59185,10
13.0330200195,80.2305374146,59185,59195,10
13.0323495865,80.2305984497,59195,59205,10
13.0317802429,80.2306671143,59205,59215,10
13.0312204361,80.23072052,59215,59225,10
13.0306396484,80.2307510376,59225,59235,10
13.0298900604,80.230796814,59235,59255,20
13.0298900604,80.230796814,59255,59265,10
13.0294599533,80.2308578491,59265,59276,11
13.0286502838,80.2309188843,59276,59286,10
13.0278997421,80.23097229,59286,59296,10
13.0276403427,80.2310333252,59296,59306,10
13.0276699066,80.2314300537,59306,59316,10
13.0277500153,80.2320022583,59316,59326,10
13.0278701782,80.2326812744,59326,59336,10
13.0274600983,80.2328567505,59336,59346,10
13.0268697739,80.2329483032,59346,59376,30
13.0268697739,80.2329483032,59376,59387,11
13.0267601013,80.2329711914,59387,59397,10
13.0264997482,80.232963562,59397,59407,10
13.026260376,80.2325210571,59407,59417,10
13.0260696411,80.2317962646,59417,59427,10
13.0259399414,80.2311630249,59427,59437,10
13.025560379,80.2303009033,59437,59447,10
13.0249595642,80.2294692993,59447,59457,10
13.0244998932,80.2288894653,59457,59467,10
13.0241003036,80.2284393311,59467,59477,10
13.0235996246,80.2278518677,59477,59488,11
13.0232400894,80.2275695801,59488,59497,9
13.0230302811,80.2274169922,59497,59548,51
13.0230302811,80.2274169922,59548,59558,10
13.0228204727,80.2272796631,59558,59568,10
13.0226202011,80.2269897461,59568,59578,10
13.0222101212,80.2265472412,59578,59588,10
13.0214996338,80.2259597778,59588,59599,11
13.020529747,80.2252426147,59599,59609,10
13.0198497772,80.224822998,59609,59629,20
13.0198497772,80.224822998,59629,59639,10
13.0196199417,80.2246780396,59639,59649,10
13.0190496445,80.2245025635,59649,59659,10
13.0181598663,80.2247619629,59659,59669,10
13.017080307,80.2251815796,59669,59679,10
13.0163097382,80.2255172729,59679,59689,10
13.0156002045,80.225769043,59689,59700,11
13.0146999359,80.2261276245,59700,59710,10
13.0142602921,80.22631073,59710,59720,10
13.0142402649,80.2263183594,59720,59730,10
13.0137996674,80.2264785767,59730,59740,10
13.0130796432,80.2267303467,59740,59750,10
13.0121202469,80.2270812988,59750,59760,10
13.0111503601,80.2274169922,59760,59770,10
13.0101099014,80.2278366089,59770,59780,10
13.0094900131,80.2276382446,59780,59790,10
13.009759903,80.2270812988,59790,59800,10
13.0101203918,80.226272583,59800,59811,11
13.0105495453,80.2252883911,59811,59821,10
13.0107097626,80.2249069214,59821,59831,10
13.0108604431,80.2244873047,59831,59841,10
13.0111503601,80.2238235474,59841,59851,10
13.0113296509,80.2234420776,59851,59861,10
13.0115299225,80.2229614258,59861,59871,10
13.0118303299,80.2221221924,59871,59881,10
13.0120697021,80.2214508057,59881,59897,16
13.0119104385,80.2202529907,59897,59909,12
13.0115404129,80.2191009521,59909,59920,11
13.0111598969,80.2179794312,59920,59929,9
13.0107603073,80.2170410156,59929,59939,10
13.0103302002,80.2162017822,59939,59949,10
13.009929657,80.2154312134,59949,59960,11
13.00963974,80.2149581909,59960,59970,10
13.00922966,80.2144317627,59970,59980,10
13.0084400177,80.2134780884,59980,60010,30
13.0084400177,80.2134780884,60010,60020,10
13.0082702637,80.2133789063,60020,60031,11
13.0082597733,80.2133789063,60031,60041,10
13.0081501007,80.2133331299,60041,60051,10
13.0080499649,80.2132797241,60051,60061,10
13.0078802109,80.213142395,60061,60071,10
13.0074996948,80.2128829956,60071,60081,10
13.0069904327,80.2127609253,60081,60091,10
13.0062398911,80.2128219604,60091,60101,10
13.0055103302,80.2128372192,60101,60111,10
13.0047597885,80.2123794556,60111,60121,10
13.0039396286,80.2121124268,60121,60131,10
13.0037002563,80.2117462158,60131,60142,11
13.0036697388,80.2110366821,60142,60152,10
13.0035800934,80.2103271484,60152,60162,10
13.0035200119,80.2096176147,60162,60172,10
13.0036697388,80.2088394165,60172,60182,10
13.0043802261,80.2088012695,60182,60192,10
13.0052995682,80.2092437744,60192,60202,10
13.0061597824,80.2095489502,60202,60212,10
13.0067501068,80.2097091675,60212,60222,10
13.0067996979,80.2097167969,60222,60232,10
13.0069503784,80.209777832,60232,60243,11
13.0073795319,80.2098770142,60243,60253,10
13.0079202652,80.2099761963,60253,60263,10
13.0081596375,80.2098693848,60263,60273,10
13.008020401,80.2092666626,60273,60283,10
13.0078897476,80.2084503174,60283,60293,10
13.0077600479,80.2074966431,60293,60303,10
13.007610321,80.2067718506,60303,60313,10
13.0074996948,80.2061233521,60313,60323,10
13.0073099136,80.2054367065,60323,60333,10
13.0069704056,80.2045974731,60333,60343,10
13.0066204071,80.2039718628,60343,60354,11
13.0059499741,80.2030410767,60354,60364,10
13.0056400299,80.2023773193,60364,60374,10
13.0051002502,80.2016525269,60374,60384,10
13.004360199,80.2012786865,60384,60394,10
13.0042600632,80.2012329102,60394,60404,10
13.0040597916,80.2011489868,60404,60414,10
13.0038604736,80.2010574341,60414,60424,10
13.0032901764,80.2008590698,60424,60434,10
13.0024995804,80.2005767822,60434,60444,10
13.0019302368,80.2000808716,60444,60461,17
13.0017700195,80.1986465454,60461,60473,12
13.0019397736,80.1974563599,60473,60483,10
13.001660347,80.1964492798,60483,60493,10
13.0009098053,80.1955032349,60493,60503,10
13.0001001358,80.1944732666,60503,60513,10
12.9993200302,80.1934814453,60513,60522,9
12.998749733,80.1927566528,60522,60533,11
12.9980201721,80.1924591064,60533,60543,10
12.9973802567,80.1930236816,60543,60553,10
12.9969501495,80.1933364868,60553,60564,11
12.9963598251,80.1933898926,60564,60574,10
12.9954395294,80.193397522,60574,60584,10
12.9942998886,80.1934280396,60584,60594,10
12.9930496216,80.1934509277,60594,60604,10
12.9919204712,80.1935501099,60604,60614,10
12.9914703369,80.1941680908,60614,60624,10
12.991230011,80.1945266724,60624,60633,9
12.991109848,80.1947784424,60633,60644,11
12.9910402298,80.1949005127,60644,60654,10
12.9906902313,80.1952667236,60654,60664,10
12.9899997711,80.1955795288,60664,60675,11
12.9888601303,80.1955718994,60675,60684,9
12.9877901077,80.195602417,60684,60695,11
12.9864501953,80.1960296631,60695,60705,10
12.9850797653,80.1962203979,60705,60715,10
12.9838104248,80.1962738037,60715,60725,10
12.9832201004,80.1964187622,60725,60735,10
12.9828796387,80.1965866089,60735,60745,10
12.9825296402,80.1969604492,60745,60755,10
12.9824399948,80.1970672607,60755,60765,10
12.9823198318,80.1972198486,60765,60775,10
12.9823102951,80.1972198486,60775,60786,11
12.9821195602,80.1970901489,60786,60796,10
12.9822597504,80.1968765259,60796,60806,10
12.9826498032,80.1966018677,60806,60816,10
12.9827098846,80.1963424683,60816,60826,10
12.982219696,80.1960601807,60826,60836,10
12.9821500778,80.1960296631,60836,60846,10
12.9819898605,80.1959533691,60846,60856,10
12.9816503525,80.1957626343,60856,60876,20
12.9816503525,80.1957626343,60876,60887,11
12.9814796448,80.1956787109,60887,60897,10
12.9809799194,80.1954269409,60897,60907,10
12.980340004,80.195098877,60907,60917,10
12.9797201157,80.1947097778,60917,60927,10
12.9791603088,80.1943283081,60927,60937,10
12.9785995483,80.1940231323,60937,60947,10
12.9775600433,80.1938171387,60947,60977,30
12.9775600433,80.1938171387,60977,60987,10
12.9772100449,80.1937637329,60987,60998,11
12.9765501022,80.1933898926,60998,61008,10
12.9759902954,80.1929702759,61008,61018,10
12.9753599167,80.1925582886,61018,61028,10
12.9749202728,80.1923980713,61028,61038,10
12.9745702744,80.1922607422,61038,61048,10
12.9740600586,80.1920623779,61048,61058,10
12.9735298157,80.1918563843,61058,61068,10
12.9729003906,80.191619873,61068,61078,10
12.9721603394,80.1913299561,61078,61098,20
12.9721603394,80.1913299561,61098,61109,11
12.9717597961,80.1911315918,61109,61119,10
12.971159935,80.1908569336,61119,61129,10
12.9705400467,80.1905975342,61129,61139,10
12.9699401855,80.1903381348,61139,61149,10
12.9693202972,80.1900634766,61149,61159,10
12.9688997269,80.1898727417,61159,61169,10
12.968460083,80.1896820068,61169,61179,10
12.9681997299,80.1895599365,61179,61189,10
12.9680500031,80.1894989014,61189,61199,10
12.9675703049,80.1892700195,61199,61210,11
12.966919899,80.1890182495,61210,61220,10
12.9662103653,80.1887283325,61220,61240,20
12.9662103653,80.1887283325,61240,61250,10
12.9658203125,80.1885604858,61250,61260,10
12.9653196335,80.1883392334,61260,61270,10
12.9650497437,80.1882400513,61270,61280,10
12.9649400711,80.1882095337,61280,61290,10
12.9644603729,80.1880493164,61290,61300,10
12.9638795853,80.1878814697,61300,61310,10
12.9631595612,80.1876602173,61310,61321,11
12.9623203278,80.1875228882,61321,61331,10
12.9615602493,80.1874008179,61331,61341,10
12.9609899521,80.1873016357,61341,61351,10
12.9609098434,80.1872787476,61351,61361,10
12.9606304169,80.18724823,61361,61371,10
12.9601202011,80.187171936,61371,61381,10
12.9594497681,80.1870880127,61381,61391,10
12.9586801529,80.1870422363,61391,61401,10
12.9578199387,80.1870727539,61401,61411,10
12.9559803009,80.1869812012,61411,61450,39
12.9559803009,80.1869812012,61450,61460,10
12.9558401108,80.1869812012,61460,61470,10
12.9555997849,80.186920166,61470,61479,9
12.9553499222,80.1868591309,61479,61490,11
12.9545497894,80.1867599487,61490,61500,10
12.953669548,80.1866378784,61500,61509,9
12.9527597427,80.1865005493,61509,61519,10
12.9517602921,80.1862106323,61519,61531,12
12.9506397247,80.185836792,61531,61541,10
12.9494104385,80.1854400635,61541,61581,40
12.9494104385,80.1854400635,61581,61591,10
12.9492502213,80.1854019165,61591,61601,10
12.9487695694,80.1852264404,61601,61611,10
12.9482097626,80.185043335,61611,61621,10
12.9475498199,80.1846466064,61621,61631,10
12.9468698502,80.1841430664,61631,61642,11
12.945980072,80.1834487915,61642,61652,10
12.945019722,80.1830596924,61652,61662,10
12.9446001053,80.1830368042,61662,61672,10
12.9445199966,80.1830596924,61672,61682,10
12.9439897537,80.1830215454,61682,61692,10
12.943189621,80.1829833984,61692,61702,10
12.9421796799,80.1828994751,61702,61712,10
12.9410200119,80.1827697754,61712,61722,10
12.940079689,80.1827163696,61722,61732,10
12.9394598007,80.1825790405,61732,61753,21
12.9394598007,80.1825790405,61753,61763,10
12.9392595291,80.1825332642,61763,61773,10
12.9391298294,80.1825027466,61773,61783,10
12.9388399124,80.1824035645,61783,61793,10
12.9382896423,80.1822967529,61793,61803,10
12.9374599457,80.1822433472,61803,61813,10
12.9364595413,80.182258606,61813,61823,10
12.935500145,80.1823806763,61823,61833,10
12.9347000122,80.1822891235,61833,61843,10
12.933839798,80.1820831299,61843,61854,11
12.9327602386,80.1818084717,61854,61864,10
12.93171978,80.181640625,61864,61874,10
12.9308395386,80.1815414429,61874,61884,10
12.9308099747,80.1815414429,61884,61894,10
12.9305801392,80.1815414429,61894,61904,10
12.9300298691,80.181640625,61904,61914,10
12.9292802811,80.1818313599,61914,61924,10
12.9282503128,80.1820831299,61924,61934,10
12.9270896912,80.1823425293,61934,61944,10
12.9258499146,80.1825714111,61944,61954,10
12.924539566,80.1827926636,61954,61965,11
12.9234399796,80.1829910278,61965,61981,16
12.9219999313,80.1833724976,61981,61993,12
12.9205799103,80.1839599609,61993,62013,20
12.9205799103,80.1839599609,62013,62023,10
12.9205198288,80.1839828491,62023,62033,10
12.9201803207,80.1838531494,62033,62043,10
12.9200496674,80.1831970215,62043,62053,10
12.9198999405,80.1826171875,62053,62063,10
12.9198799133,80.1824798584,62063,62074,11
12.919719696,80.1817932129,62074,62084,10
12.9195299149,80.1808776855,62084,62094,10
12.9193000793,80.1797637939,62094,62104,10
12.9188804626,80.1789627075,62104,62113,9
12.9184503555,80.1783676147,62113,62123,10
12.9182195663,80.1774215698,62123,62133,10
12.9183998108,80.176361084,62133,62144,11
12.9187698364,80.1748428345,62144,62154,10
12.9191102982,80.1734771729,62154,62164,10
12.9194202423,80.1722869873,62164,62175,11
12.9196796417,80.171333313,62175,62185,10
12.9197998047,80.1709289551,62185,62195,10
12.919960022,80.1704177856,62195,62205,10
12.9202404022,80.1695404053,62205,62215,10
12.9205904007,80.1684570313,62215,62225,10
12.9209699631,80.1672592163,62225,62235,10
12.921380043,80.1660308838,62235,62245,10
12.9217700958,80.1648330688,62245,62255,10
12.9220399857,80.1639404297,62255,62265,10
12.9222898483,80.1631088257,62265,62275,10
12.9226303101,80.162109375,62275,62292,17
12.9230804443,80.1606216431,62292,62314,22
12.9230804443,80.1606216431,62314,62324,10
12.923119545,80.1604690552,62324,62334,10
12.9232702255,80.1598815918,62334,62344,10
12.9233703613,80.1590194702,62344,62354,10
12.9235095978,80.1577606201,62354,62364,10
12.923620224,80.1564178467,62364,62374,10
12.9235200882,80.1554336548,62374,62384,10
12.9233903885,80.1550216675,62384,62395,11
12.9233198166,80.1546401978,62395,62405,10
12.9231395721,80.1539611816,62405,62415,10
12.9229001999,80.1530380249,62415,62425,10
12.9226799011,80.1521530151,62425,62435,10
12.9226303101,80.1514434814,62435,62445,10
12.9225997925,80.1504211426,62445,62455,10
12.9225702286,80.1492385864,62455,62473,18
12.9225301743,80.1475830078,62473,62485,12
12.9225502014,80.1468505859,62485,62495,10
12.922539711,80.1461105347,62495,62506,11
12.9224996567,80.1450195313,62506,62515,9
12.9224300385,80.1434783936,62515,62536,21
12.9224300385,80.1434783936,62536,62546,10
12.9224100113,80.1433868408,62546,62556,10
12.9223899841,80.1430664063,62556,62566,10
12.9224004745,80.1427307129,62566,62576,10
12.9223899841,80.1422805786,62576,62586,10
12.9223804474,80.1417617798,62586,62596,10
12.9223604202,80.1414413452,62596,62607,11
12.9223604202,80.1412887573,62607,62617,10
12.9223604202,80.1408004761,62617,62627,10
12.9223604202,80.1406326294,62627,62637,10
12.9223604202,80.1403503418,62637,62647,10
12.9223604202,80.1397628784,62647,62657,10
12.9223604202,80.1389312744,62657,62667,10
12.9224300385,80.1381530762,62667,62677,10
12.9224596024,80.1373291016,62677,62687,10
12.9224996567,80.1364135742,62687,62697,10
12.922539711,80.1354217529,62697,62707,10
12.9225702286,80.1346588135,62707,62718,11
12.9226303101,80.1335983276,62718,62728,10
12.9226398468,80.1326065063,62728,62738,10
12.9226799011,80.1315231323,62738,62748,10
12.9226999283,80.1311798096,62748,62758,10
12.9227199554,80.1310119629,62758,62768,10
12.9227399826,80.1304779053,62768,62778,10
12.9227695465,80.1298828125,62778,62788,10
12.9228200912,80.1291427612,62788,62798,10
12.9228801727,80.1284408569,62798,62808,10
12.9228801727,80.1277389526,62808,62819,11
12.9228801727,80.1270828247,62819,62829,10
12.9229001999,80.1261672974,62829,62839,10
12.9229602814,80.1251220703,62839,62849,10
12.9230203629,80.1239776611,62849,62859,10
12.9230699539,80.122718811,62859,62869,10
12.9231595993,80.1209106445,62869,62909,40
12.9231595993,80.1209106445,62909,62919,10
12.9231595993,80.1205368042,62919,62930,11
12.923210144,80.1201019287,62930,62940,10
12.9232797623,80.1194534302,62940,62951,11
12.9232797623,80.1187515259,62951,62962,11
12.9232997894,80.1182403564,62962,62972,10
12.9233503342,80.1179122925,62972,62982,10
12.9233598709,80.1178588867,62982,62992,10
12.9233798981,80.1174087524,62992,63507,515
12.9233798981,80.1174087524,63507,63517,10
12.9234800339,80.1172332764,63517,63527,10
12.9234399796,80.1170120239,63527,63537,10
12.9236097336,80.1169509888,63537,63557,20
12.9236097336,80.1169509888,63557,63568,11
12.9235401154,80.1171035767,63568,63578,10
12.9235296249,80.1175384521,63578,63588,10
12.9236001968,80.1178970337,63588,63598,10
12.9235200882,80.1185836792,63598,63608,10
12.9234600067,80.119178772,63608,63618,10
12.9233598709,80.1198501587,63618,63628,10
12.9232997894,80.1204833984,63628,63638,10
12.9232902527,80.1207885742,63638,63648,10
12.9232902527,80.1208724976,63648,63658,10
12.9232797623,80.1209411621,63658,63668,10
12.9232597351,80.1211395264,63668,63679,11
12.9232597351,80.1215896606,63679,63689,10
12.9232702255,80.1219177246,63689,63921,232
12.9232702255,80.1219177246,63921,63931,10
12.9231796265,80.122253418,63931,63941,10
12.9231395721,80.1230163574,63941,63951,10
12.9231004715,80.1239624023,63951,63961,10
12.9231004715,80.1248092651,63961,63971,10
12.9230899811,80.1253128052,63971,63981,10
12.9230499268,80.1256790161,63981,63991,10
12.9230203629,80.126083374,63991,64002,11
12.9229898453,80.1267700195,64002,64012,10
12.9229602814,80.1273498535,64012,64022,10
12.922949791,80.1277999878,64022,64032,10
12.9229202271,80.1281433105,64032,64042,10
12.9228801727,80.1285629272,64042,64052,10
12.922829628,80.1290664673,64052,64062,10
12.9228000641,80.1296920776,64062,64072,10
12.9227800369,80.1303787231,64072,64082,10
12.9228000641,80.1310195923,64082,64092,10
12.9228000641,80.1310806274,64092,64103,11
12.9227800369,80.1315231323,64103,64113,10
12.9227399826,80.1323013306,64113,64123,10
12.9226999283,80.1332092285,64123,64133,10
12.9226503372,80.1343307495,64133,64143,10
12.9226198196,80.135017395,64143,64153,10
12.9225902557,80.1357269287,64153,64163,10
12.922539711,80.1366500854,64163,64173,10
12.9224796295,80.1376266479,64173,64183,10
12.9224395752,80.1384124756,64183,64193,10
12.9223804474,80.1391525269,64193,64203,10
12.9223899841,80.1399383545,64203,64213,10
12.9223899841,80.1404418945,64213,64223,10
12.9224004745,80.1411437988,64223,64234,11
12.9224300385,80.1421127319,64234,64274,40
12.9224300385,80.1421127319,64274,64284,10
12.9224901199,80.1422424316,64284,64294,10
12.9225101471,80.1425704956,64294,64304,10
12.9225101471,80.1429672241,64304,64315,11
12.922539711,80.1434783936,64315,64335,20
12.922539711,80.1434783936,64335,64345,10
12.9225301743,80.1436920166,64345,64355,10
12.9225196838,80.1442565918,64355,64365,10
12.9225597382,80.1450576782,64365,64375,10
12.9225997925,80.1460571289,64375,64391,16
12.9226398468,80.147102356,64391,64403,12
12.9226503372,80.1474609375,64403,64413,10
12.922659874,80.1481018066,64413,64424,11
12.922659874,80.1491470337,64424,64434,10
12.9227104187,80.1502685547,64434,64444,10
12.922750473,80.1513900757,64444,64454,10
12.9228096008,80.1522216797,64454,64464,10
12.9230298996,80.1532287598,64464,64474,10
12.9232597351,80.1541366577,64474,64483,9
12.9233903885,80.154548645,64483,64494,11
12.9233999252,80.1546401978,64494,64504,10
12.9234895706,80.1549987793,64504,64514,10
12.9235296249,80.1551971436,64514,64524,10
12.9237003326,80.1558990479,64524,64535,11
12.9236297607,80.1569595337,64535,64545,10
12.9235095978,80.1581802368,64545,64555,10
12.9233903885,80.1594619751,64555,64565,10
12.9232797623,80.1603164673,64565,64575,10
12.9231004715,80.1609191895,64575,64585,10
12.9228096008,80.1618270874,64585,64595,10
12.9224500656,80.1629333496,64595,64605,10
12.922129631,80.1639328003,64605,64615,10
12.9218101501,80.1648864746,64615,64625,10
12.9214696884,80.1659927368,64625,64642,17
12.9208402634,80.1679763794,64642,64654,12
12.9204702377,80.1690979004,64654,64664,10
12.9202098846,80.1699676514,64664,64674,10
12.9199695587,80.1708374023,64674,64684,10
12.9199304581,80.1709594727,64684,64693,9
12.9197902679,80.1713027954,64693,64704,11
12.9195604324,80.1721801758,64704,64714,10
12.9193201065,80.1730575562,64714,64724,10
12.9189796448,80.1743392944,64724,64734,10
12.9186897278,80.1755828857,64734,64745,11
12.9183597565,80.176940918,64745,64755,10
12.9183397293,80.1781311035,64755,64765,10
12.9189500809,80.1789779663,64765,64775,10
12.9194202423,80.1800079346,64775,64785,10
12.919670105,80.1811904907,64785,64795,10
12.9199304581,80.1822967529,64795,64805,10
12.9202203751,80.1834564209,64805,64825,20
12.9202203751,80.1834564209,64825,64835,10
12.9202699661,80.1836166382,64835,64845,10
12.92029953,80.1837768555,64845,64856,11
12.9204902649,80.1839981079,64856,64866,10
12.9207401276,80.1838607788,64866,64876,10
12.9213199615,80.183631897,64876,64886,10
12.9218902588,80.1834030151,64886,64895,9
12.9225902557,80.1831588745,64895,64906,11
12.9234399796,80.1829681396,64906,64916,10
12.9243297577,80.182800293,64916,64926,10
12.924949646,80.1827011108,64926,64936,10
12.9258098602,80.1825790405,64936,64946,10
12.9268398285,80.1823883057,64946,64957,11
12.9280996323,80.1821289063,64957,64967,10
12.9291496277,80.1818695068,64967,64977,10
12.9302597046,80.1815795898,64977,64987,10
12.9311800003,80.1815109253,64987,64997,10
12.9314203262,80.1815414429,64997,65007,10
12.9314899445,80.1815567017,65007,65017,10
12.9317398071,80.1816101074,65017,65027,10
12.9323396683,80.1817092896,65027,65037,10
12.9331703186,80.181892395,65037,65047,10
12.9342002869,80.1821365356,65047,65057,10
12.9350204468,80.1823577881,65057,65068,11
12.935669899,80.1823577881,65068,65078,10
12.9362201691,80.1822891235,65078,65088,10
12.9366598129,80.1822280884,65088,65098,10
12.9374103546,80.182220459,65098,65108,10
12.9382095337,80.182258606,65108,65128,20
12.9384202957,80.1822891235,65128,65197,69
12.9387798309,80.1823883057,65197,65227,30
12.9387798309,80.1823883057,65227,65237,10
12.9391002655,80.1824493408,65237,65247,10
12.9393796921,80.1825408936,65247,65257,10
12.9396696091,80.1826171875,65257,65267,10
12.9398097992,80.1826629639,65267,65277,10
12.9402103424,80.1827392578,65277,65288,11
12.9410400391,80.182762146,65288,65298,10
12.9420604706,80.1828613281,65298,65308,10
12.9432401657,80.1829376221,65308,65318,10
12.9446201324,80.1829986572,65318,65338,20
12.9446201324,80.1829986572,65338,65348,10
12.9447603226,80.1830062866,65348,65358,10
12.9453897476,80.183052063,65358,65368,10
12.9461603165,80.1835479736,65368,65378,10
12.9470796585,80.1842727661,65378,65389,11
12.9482097626,80.1849899292,65389,65399,10
12.9488697052,80.1852035522,65399,65459,60
12.9488697052,80.1852035522,65459,65469,10
12.9491901398,80.1853179932,65469,65479,10
12.9498300552,80.1855316162,65479,65489,10
12.950630188,80.185798645,65489,65500,11
12.9516601563,80.1861419678,65500,65510,10
12.9524898529,80.186378479,65510,65520,10
12.9532604218,80.1865234375,65520,65530,10
12.954079628,80.1866607666,65530,65540,10
12.9549503326,80.1867675781,65540,65550,10
12.9555997849,80.1868667603,65550,65560,10
12.9560203552,80.1869277954,65560,65569,9
12.9561195374,80.1869277954,65569,65579,10
12.9562397003,80.1869506836,65579,65590,11
12.9568595886,80.1870193481,65590,65601,11
12.9577503204,80.1870269775,65601,65611,10
12.958439827,80.1870269775,65611,65621,10
12.9591398239,80.1870727539,65621,65631,10
12.9597101212,80.1871109009,65631,65641,10
12.9601697922,80.1871414185,65641,65651,10
12.9606800079,80.1872329712,65651,65661,10
12.9610996246,80.1872787476,65661,65671,10
12.9614601135,80.1873397827,65671,65681,10
12.9618396759,80.1874008179,65681,65691,10
12.962220192,80.187461853,65691,65701,10
12.9625997543,80.187538147,65701,65712,11
12.9632101059,80.1876678467,65712,65722,10
12.9637203217,80.1878128052,65722,65732,10
12.9642896652,80.1879882813,65732,65742,10
12.9647397995,80.1881332397,65742,65762,20
12.9647397995,80.1881332397,65762,65772,10
12.9649200439,80.1881866455,65772,65782,10
12.9651699066,80.1882781982,65782,65792,10
12.9652996063,80.1883392334,65792,65802,10
12.9654302597,80.1884002686,65802,65813,11
12.9656400681,80.1884765625,65813,65823,10
12.9657697678,80.1885299683,65823,65833,10
12.966170311,80.1886825562,65833,65843,10
12.9666595459,80.188873291,65843,65853,10
12.9670801163,80.1890182495,65853,65863,10
12.967499733,80.1892089844,65863,65873,10
12.9680204391,80.1894226074,65873,65883,10
12.9681997299,80.189491272,65883,65893,10
12.9682798386,80.1895294189,65893,65903,10
12.9683599472,80.1895599365,65903,65913,10
12.9686002731,80.1896896362,65913,65924,11
12.9687700272,80.1897583008,65924,65934,10
12.9689598083,80.1898574829,65934,65944,10
12.9692001343,80.1899871826,65944,65954,10
12.9694299698,80.1901016235,65954,65964,10
12.9697799683,80.1902618408,65964,65974,10
12.9700603485,80.1903991699,65974,65984,10
12.9705600739,80.190612793,65984,66014,30
12.9705600739,80.190612793,66014,66024,10
12.9710702896,80.1908493042,66024,66035,11
12.9716596603,80.1911087036,66035,66045,10
12.9725198746,80.1914596558,66045,66065,20
12.9725198746,80.1914596558,66065,66075,10
12.9726495743,80.1914978027,66075,66085,10
12.9730100632,80.191619873,66085,66095,10
12.97356987,80.1918334961,66095,66105,10
12.9740600586,80.1920089722,66105,66115,10
12.9744195938,80.1921386719,66115,66125,10
12.9749298096,80.1923370361,66125,66135,10
12.9754104614,80.1925582886,66135,66146,11
12.9758901596,80.1928482056,66146,66156,10
12.9761800766,80.1930999756,66156,66166,10
12.9765396118,80.1933364868,66166,66176,10
12.9771203995,80.193649292,66176,66186,10
12.9776201248,80.1937866211,66186,66196,10
12.9778203964,80.1938171387,66196,66206,10
12.9778995514,80.1938476563,66206,66216,10
12.9779996872,80.1938705444,66216,66226,10
12.9783802032,80.1939620972,66226,66236,10
12.9788103104,80.1941223145,66236,66247,11
12.9793195724,80.1944122314,66247,66257,10
12.9797801971,80.194732666,66257,66267,10
12.9802503586,80.1950378418,66267,66277,10
12.9806804657,80.1952514648,66277,66287,10
12.9809999466,80.1953964233,66287,66307,20
12.9809999466,80.1953964233,66307,66317,10
12.9813804626,80.1956100464,66317,66337,20
12.9813804626,80.1956100464,66337,66348,11
12.9816999435,80.1957778931,66348,66358,10
12.9821300507,80.1960220337,66358,66368,10
12.9825601578,80.1961975098,66368,66378,10
12.9828796387,80.1963729858,66378,66388,10
12.9832401276,80.1961975098,66388,66398,10
12.9838895798,80.1959991455,66398,66408,10
12.9848804474,80.1959381104,66408,66418,10
12.9860601425,80.1958312988,66418,66428,10
12.987159729,80.1955032349,66428,66438,10
12.9881896973,80.1953582764,66438,66448,10
12.9892196655,80.1953735352,66448,66459,11
12.9903402328,80.1953277588,66459,66469,10
12.9908504486,80.1949462891,66469,66479,10
12.9911003113,80.1945800781,66479,66499,20
12.9911003113,80.1945800781,66499,66509,10
12.9912099838,80.1944503784,66509,66519,10
12.9914798737,80.193977356,66519,66529,10
12.9921197891,80.1933822632,66529,66539,10
12.9931602478,80.1933898926,66539,66549,10
12.99421978,80.193359375,66549,66561,12
12.9951295853,80.1933288574,66561,66571,10
12.9959402084,80.1932983398,66571,66581,10
12.9965600967,80.1932983398,66581,66592,11
12.9967699051,80.1931762695,66592,66602,10
12.9966402054,80.1925964355,66602,66612,10
12.9964199066,80.1917800903,66612,66622,10
12.9961996078,80.1909866333,66622,66632,10
12.9958896637,80.1897964478,66632,66662,30
12.9958896637,80.1897964478,66662,66673,11
12.9958600998,80.1897201538,66673,66683,10
12.9958400726,80.1893997192,66683,66693,10
12.9961099625,80.1892929077,66693,66703,10
12.9964599609,80.189743042,66703,66713,10
12.9970197678,80.1903762817,66713,66723,10
12.9975996017,80.191078186,66723,66733,10
12.9982299805,80.1918716431,66733,66743,10
12.9988803864,80.1927032471,66743,66753,10
12.9994401932,80.1933898926,66753,66763,10
12.9998197556,80.1938934326,66763,66774,11
13.0002202988,80.1944198608,66774,66784,10
13.000670433,80.1949615479,66784,66794,10
13.0011796951,80.1956100464,66794,66804,10
13.0016899109,80.1962585449,66804,66814,10
13.0020599365,80.1971206665,66814,66824,10
13.0019598007,80.1981277466,66824,66834,10
13.0018701553,80.198638916,66834,66844,10
13.0018196106,80.1989593506,66844,66854,10
13.0017995834,80.19947052,66854,66864,10
13.001999855,80.2000808716,66864,66874,10
13.0026597977,80.2005767822,66874,66885,11
13.0036401749,80.2007827759,66885,66905,20
13.0036401749,80.2007827759,66905,66915,10
13.0037498474,80.2008514404,66915,66925,10
13.0042896271,80.2010574341,66925,66935,10
13.0050897598,80.2014389038,66935,66945,10
13.00578022,80.2022476196,66945,66955,10
13.0062999725,80.2030715942,66955,66965,10
13.0067100525,80.20337677,66965,66975,10
13.007229805,80.2035980225,66975,66986,11
13.0078401566,80.2036972046,66986,66996,10
13.0083799362,80.2034225464,66996,67006,10
13.0079603195,80.2027664185,67006,67016,10
13.0075101852,80.2034606934,67016,67026,10
13.0075998306,80.204498291,67026,67036,10
13.0076398849,80.2056503296,67036,67046,10
13.0077896118,80.2066726685,67046,67056,10
13.007900238,80.2075881958,67056,67066,10
13.0080299377,80.2085800171,67066,67076,10
13.0082798004,80.2097015381,67076,67086,10
13.0087795258,80.2105407715,67086,67097,11
13.0092496872,80.2108764648,67097,67137,40
13.0092496872,80.2108764648,67137,67147,10
13.0093603134,80.2110824585,67147,67177,30
13.0093603134,80.2110824585,67177,67187,10
13.009180069,80.2112503052,67187,67198,11
13.0089998245,80.211479187,67198,67208,10
13.0089797974,80.2116622925,67208,67218,10
13.0091495514,80.2121963501,67218,67228,10
13.0093803406,80.212890625,67228,67238,10
13.0096702576,80.2136077881,67238,67248,10
13.0099601746,80.2143173218,67248,67258,10
13.010140419,80.2151794434,67258,67267,9
13.0103797913,80.2160263062,67267,67278,11
13.0108699799,80.2171096802,67278,67288,10
13.0112895966,80.2181015015,67288,67298,10
13.0116796494,80.2192382813,67298,67309,11
13.0121002197,80.2204971313,67309,67319,10
13.0124702454,80.2213821411,67319,67329,10
13.0126895905,80.2218704224,67329,67339,10
13.0131101608,80.2222976685,67339,67349,10
13.0133304596,80.2225799561,67349,67359,10
13.013710022,80.2230224609,67359,67369,10
13.0141096115,80.2235412598,67369,67379,10
13.0143995285,80.2238311768,67379,67389,10
13.014749527,80.2242507935,67389,67399,10
13.0149698257,80.2245635986,67399,67409,10
13.0150203705,80.2246322632,67409,67420,11
13.0152196884,80.2248535156,67420,67430,10
13.0152397156,80.224861145,67430,67440,10
13.0152902603,80.224899292,67440,67450,10
13.0156202316,80.2252120972,67450,67460,10
13.0160598755,80.2253417969,67460,67470,10
13.0167598724,80.2252197266,67470,67480,10
13.0176200867,80.2248916626,67480,67490,10
13.0184803009,80.2245178223,67490,67507,17
13.0193500519,80.2244110107,67507,67518,11
13.0196199417,80.2245178223,67518,67529,11
13.0200395584,80.2248077393,67529,67539,10
13.0205497742,80.2251815796,67539,67549,10
13.0209598541,80.2254562378,67549,67559,10
13.0213699341,80.2258224487,67559,67569,10
13.0218601227,80.2261199951,67569,67578,9
13.02202034,80.2262496948,67578,67589,11
13.0225095749,80.2266921997,67589,67599,10
13.0230998993,80.2272262573,67599,67609,10
13.0236701965,80.2277297974,67609,67619,10
13.024189949,80.2282409668,67619,67630,11
13.0245599747,80.2287521362,67630,67639,9
13.0247802734,80.2291030884,67639,67650,11
13.0252504349,80.2296905518,67650,67660,10
13.0256996155,80.2303771973,67660,67670,10
13.0258398056,80.2306900024,67670,67680,10
13.0259103775,80.2309036255,67680,67690,10
13.0260000229,80.2312774658,67690,67700,10
13.0264797211,80.2312393188,67700,67710,10
13.027179718,80.2310562134,67710,67720,10
13.0278701782,80.2309570313,67720,67730,10
13.0282897949,80.2308883667,67730,67741,11
13.0290699005,80.2308197021,67741,67789,48
13.0290699005,80.2308197021,67789,67799,10
13.0292596817,80.2308578491,67799,67809,10
13.0296497345,80.230796814,67809,67819,10
13.0300798416,80.2307434082,67819,67829,10
13.0301799774,80.2307434082,67829,67840,11
13.0303401947,80.2307434082,67840,67850,10
13.0307197571,80.23072052,67850,67860,10
13.0310401917,80.2306900024,67860,67870,10
13.0316400528,80.2306289673,67870,67880,10
13.0321702957,80.2305831909,67880,67890,10
13.0329198837,80.2305221558,67890,67900,10
13.0338001251,80.2304611206,67900,67930,30
13.0338001251,80.2304611206,67930,67940,10
13.0340003967,80.2304534912,67940,67961,21
13.0340003967,80.2304534912,67961,67971,10
13.0344295502,80.2303924561,67971,67981,10
13.0349597931,80.2301712036,67981,68041,60
13.0349597931,80.2301712036,68041,68052,11
13.0349502563,80.2297821045,68052,68062,10
13.0346899033,80.2297515869,68062,68072,10
13.0342798233,80.2297286987,68072,68142,70
13.0340995789,80.2299423218,68142,69151,1009
13.0340995789,80.2299423218,69151,69161,10
13.0341796875,80.2301101685,69161,69171,10
13.034119606,80.2302322388,69171,69181,10
13.0341100693,80.2302322388,69181,69191,10
13.0340299606,80.2303924561,69191,69201,10
13.0337200165,80.2304229736,69201,69211,10
13.0330696106,80.23046875,69211,69222,11
13.0324001312,80.2305221558,69222,69232,10
13.0319004059,80.2305679321,69232,69242,10
13.0313396454,80.2306213379,69242,69282,40
13.0313396454,80.2306213379,69282,69292,10
13.0310001373,80.2306671143,69292,69302,10
13.0308704376,80.230682373,69302,69312,10
13.0306196213,80.2306900024,69312,69322,10
13.0300502777,80.2307662964,69322,69343,21
13.0300502777,80.2307662964,69343,69353,10
13.0297603607,80.230796814,69353,69363,10
13.0297498703,80.230796814,69363,69373,10
13.0295600891,80.2308120728,69373,69383,10
13.0291500092,80.2308883667,69383,69393,10
13.0284500122,80.2309188843,69393,69403,10
13.0278301239,80.2309188843,69403,69413,10
13.0276298523,80.2311401367,69413,69423,10
13.0276699066,80.2316513062,69423,69433,10
13.0277299881,80.2322311401,69433,69444,11
13.027680397,80.2327804565,69444,69454,10
13.027130127,80.2328796387,69454,69484,30
13.027130127,80.2328796387,69484,69494,10
13.02684021,80.2329406738,69494,69504,10
13.0265197754,80.2329483032,69504,69514,10
13.0262098312,80.2324829102,69514,69524,10
13.0260400772,80.2318267822,69524,69534,10
13.0259599686,80.2315826416,69534,69545,11
13.0258302689,80.2311019897,69545,69555,10
13.0255403519,80.2303466797,69555,69565,10
13.0246801376,80.2291870117,69565,69595,30
13.0246801376,80.2291870117,69595,69605,10
13.0245304108,80.2289886475,69605,69615,10
13.0241804123,80.2285385132,69615,69625,10
13.0237197876,80.2279815674,69625,69635,10
13.023639679,80.227897644,69635,69645,10
13.0234098434,80.2276611328,69645,69656,11
13.0229797363,80.2273483276,69656,69684,28
13.0229797363,80.2273483276,69684,69694,10
13.0228004456,80.2272186279,69694,69702,8
13.0226602554,80.2269592285,69702,69714,12
13.0226402283,80.2269363403,69714,69724,10
13.0224895477,80.2267532349,69724,69734,10
13.0220403671,80.226348877,69734,69744,10
13.0214004517,80.2258529663,69744,69754,10
13.0207395554,80.2253799438,69754,69765,11
13.0198402405,80.2247467041,69765,69775,10
13.0187196732,80.2244796753,69775,69785,10
13.0177001953,80.2248535156,69785,69795,10
13.0169401169,80.2251815796,69795,69805,10
13.016579628,80.2253189087,69805,69813,8
13.0164003372,80.225402832,69813,69825,12
13.0160303116,80.2255096436,69825,69835,10
13.0155601501,80.2257003784,69835,69845,10
13.0151996613,80.2258529663,69845,69855,10
13.0145101547,80.2261199951,69855,69876,21
13.0145101547,80.2261199951,69876,69886,10
13.0141801834,80.2261962891,69886,69896,10
13.013589859,80.2263870239,69896,69906,10
13.0128202438,80.2266616821,69906,69916,10
13.0120096207,80.2269897461,69916,69926,10
13.0111103058,80.2273635864,69926,69936,10
13.0102500916,80.2277297974,69936,69946,10
13.0096197128,80.2278594971,69946,69956,10
13.0094604492,80.2274780273,69956,69966,10
13.0097398758,80.2269363403,69966,69977,11
13.0101299286,80.2260818481,69977,69987,10
13.0104598999,80.2252502441,69987,69997,10
13.0107097626,80.2246170044,69997,70007,10
13.0110397339,80.223777771,70007,70017,10
13.0114202499,80.22290802,70017,70027,10
13.0116796494,80.2220687866,70027,70037,10
13.0119304657,80.2213668823,70037,70047,10
13.0120096207,80.220916748,70047,70057,10
13.0117998123,80.2202529907,70057,70074,17
13.0114002228,80.2188491821,70074,70086,12
13.01101017,80.2177886963,70086,70096,10
13.0107297897,80.2170791626,70096,70106,10
13.0105199814,80.2165679932,70106,70116,10
13.0102100372,80.2160720825,70116,70124,8
13.0099897385,80.2155838013,70124,70136,12
13.0096998215,80.2150421143,70136,70146,10
13.0093297958,80.2145614624,70146,70156,10
13.0088996887,80.2139968872,70156,70166,10
13.0085201263,80.2135391235,70166,70197,31
13.0085201263,80.2135391235,70197,70207,10
13.0082597733,80.2133636475,70207,70227,20
13.0082597733,80.2133636475,70227,70237,10
13.0080604553,80.2132568359,70237,70257,20
13.0080604553,80.2132568359,70257,70267,10
13.0078802109,80.2131576538,70267,70277,10
13.0077199936,80.2130203247,70277,70287,10
13.0073099136,80.2127838135,70287,70298,11
13.0065698624,80.2126693726,70298,70307,9
13.0059900284,80.212852478,70307,70317,10
13.005279541,80.2126693726,70317,70328,11
13.0044898987,80.2122421265,70328,70338,10
13.0036897659,80.2118988037,70338,70348,10
13.0036497116,80.2113265991,70348,70358,10
13.0035800934,80.2106704712,70358,70368,10
13.0034999847,80.2100067139,70368,70378,10
13.0035104752,80.2093200684,70378,70388,10
13.0037498474,80.2086181641,70388,70399,11
13.0045604706,80.2088623047,70399,70409,10
13.0053701401,80.2092132568,70409,70419,10
13.0061101913,80.2094726563,70419,70429,10
13.0067796707,80.2096633911,70429,70459,30
13.0067796707,80.2096633911,70459,70469,10
13.0071001053,80.2097320557,70469,70479,10
13.0074300766,80.2097930908,70479,70489,10
13.0076799393,80.2098464966,70489,70499,10
13.0080099106,80.2099380493,70499,70510,11
13.008099556,80.209602356,70510,70520,10
13.0079402924,80.2088775635,70520,70530,10
13.0078001022,80.2079696655,70530,70540,10
13.0076398849,80.2070083618,70540,70550,10
13.0075101852,80.2061309814,70550,70560,10
13.0072603226,80.2052764893,70560,70570,10
13.0068502426,80.2043609619,70570,70580,10
13.0062999725,80.2034683228,70580,70590,10
13.0058202744,80.2027435303,70590,70600,10
13.0055398941,80.2021179199,70600,70611,11
13.0048398972,80.201423645,70611,70621,10
13.0041999817,80.201171875,70621,70641,20
13.0041999817,80.201171875,70641,70651,10
13.0039396286,80.200958252,70651,70661,10
13.0034103394,80.2007980347,70661,70671,10
13.0026197433,80.2005691528,70671,70681,10
13.0018901825,80.200050354,70681,70691,10
13.0016202927,80.1993789673,70691,70701,10
13.0016899109,80.1987228394,70701,70711,10
13.0018100739,80.1979980469,70711,70722,11
13.0018501282,80.1969604492,70722,70732,10
13.0013399124,80.1960830688,70732,70742,10
13.0007801056,80.1953430176,70742,70751,9
13.0002603531,80.1946563721,70751,70762,11
12.9996004105,80.1938095093,70762,70772,10
12.9990196228,80.1930923462,70772,70782,10
12.9984397888,80.1923980713,70782,70792,10
12.9979000092,80.1925201416,70792,70802,10
12.9972200394,80.1930770874,70802,70812,10
12.9968500137,80.1933288574,70812,70822,10
12.9962100983,80.1933364868,70822,70833,11
12.9951696396,80.193359375,70833,70843,10
12.9942398071,80.1933822632,70843,70853,10
12.9932498932,80.1934127808,70853,70863,10
12.9924001694,80.1934204102,70863,70873,10
12.9916200638,80.1938476563,70873,70883,10
12.9913196564,80.1943206787,70883,70893,10
12.9911003113,80.1947097778,70893,70913,20
12.9911003113,80.1947097778,70913,70923,10
12.9910402298,80.1948165894,70923,70934,11
12.9906396866,80.1952362061,70934,70944,10
12.9899196625,80.1955184937,70944,70954,10
12.9888896942,80.1954879761,70954,70964,10
12.9877901077,80.1954879761,70964,70974,10
12.9868202209,80.1957473755,70974,70984,10
12.9856901169,80.1961135864,70984,70994,10
12.9843397141,80.1961364746,70994,71004,10
12.9833097458,80.1963577271,71004,71014,10
12.983039856,80.1964569092,71014,71024,10
12.9828901291,80.1965332031,71024,71034,10
12.9827804565,80.1966171265,71034,71045,11
12.9824800491,80.1968688965,71045,71054,9
12.982219696,80.1971282959,71054,71095,41
12.982219696,80.1971282959,71095,71105,10
12.9822597504,80.1968002319,71105,71115,10
12.9826202393,80.1965026855,71115,71125,10
12.9827804565,80.1963119507,71125,71135,10
12.9826898575,80.1962203979,71135,71146,11
12.9822902679,80.1960220337,71146,71156,10
12.9816198349,80.1957015991,71156,71176,20
12.9816198349,80.1957015991,71176,71186,10
12.9815301895,80.1956634521,71186,71196,10
12.9813699722,80.195602417,71196,71206,10
12.9811496735,80.1954803467,71206,71216,10
12.9810400009,80.1954193115,71216,71226,10
12.9806699753,80.1952590942,71226,71236,10
12.9801998138,80.1949996948,71236,71246,10
12.979590416,80.1946029663,71246,71257,11
12.9788599014,80.1941223145,71257,71267,10
12.9783000946,80.1939163208,71267,71277,10
12.9776697159,80.1937866211,71277,71287,10
12.9774303436,80.1937484741,71287,71297,10
12.9773397446,80.1937179565,71297,71307,10
12.9768695831,80.1935424805,71307,71317,10
12.9764003754,80.1932373047,71317,71327,10
12.9762401581,80.1931228638,71327,71337,10
12.9760398865,80.1930084229,71337,71347,10
12.9756803513,80.1927337646,71347,71438,91
12.9756803513,80.1927337646,71438,71448,10
12.9753704071,80.192527771,71448,71458,10
12.9752101898,80.1924819946,71458,71469,11
12.9750204086,80.1923980713,71469,71479,10
12.9749698639,80.1923828125,71479,71489,10
12.9747200012,80.1922912598,71489,71539,50
12.9743900299,80.1921081543,71539,71630,91
12.9740200043,80.1920089722,71630,71660,30
12.9738397598,80.191947937,71660,71681,21
12.9736003876,80.1918716431,71681,71711,30
12.9736003876,80.1918716431,71711,71721,10
12.9730997086,80.1916503906,71721,71761,40
12.9730997086,80.1916503906,71761,71771,10
12.9728403091,80.1915969849,71771,71782,11
12.9727201462,80.1915435791,71782,71792,10
12.9726400375,80.1915130615,71792,71802,10
12.9724502563,80.1914215088,71802,71812,10
12.9720697403,80.1912536621,71812,71832,20
12.9720697403,80.1912536621,71832,71842,10
12.9720096588,80.1912231445,71842,71852,10
12.9717302322,80.1911010742,71852,71862,10
12.9711704254,80.1908493042,71862,71893,31
12.9711704254,80.1908493042,71893,71903,10
12.9706001282,80.190612793,71903,71913,10
12.9700803757,80.1903686523,71913,71923,10
12.9695796967,80.1901397705,71923,71933,10
12.9691801071,80.189956665,71933,71953,20
12.9691801071,80.189956665,71953,71963,10
12.9690103531,80.1898498535,71963,71973,10
12.9687204361,80.1897201538,71973,71983,10
12.9680204391,80.1894226074,71983,72004,21
12.9680204391,80.1894226074,72004,72014,10
12.9678297043,80.1893463135,72014,72024,10
12.9673099518,80.1891403198,72024,72034,10
12.966799736,80.1889419556,72034,72044,10
12.9663095474,80.1887588501,72044,72054,10
12.965880394,80.1885910034,72054,72064,10
12.9654598236,80.1884078979,72064,72080,16
12.9648399353,80.1881484985,72080,72092,12
12.964630127,80.1880722046,72092,72103,11
12.9640703201,80.1879196167,72103,72113,10
12.963470459,80.187713623,72113,72123,10
12.9630804062,80.1876068115,72123,72133,10
12.9625797272,80.1874771118,72133,72143,10
12.9624700546,80.187461853,72143,72152,9
12.9623003006,80.1874313354,72152,72163,11
12.9621496201,80.1873931885,72163,72173,10
12.9617395401,80.1873321533,72173,72183,10
12.9613399506,80.1872634888,72183,72193,10
12.9609498978,80.1872024536,72193,72204,11
12.9606895447,80.1871566772,72204,72214,10
12.9606199265,80.1871414185,72214,72224,10
12.9602603912,80.1870880127,72224,72234,10
12.9597997665,80.1870422363,72234,72244,10
12.9590997696,80.1869888306,72244,72254,10
12.9584197998,80.1869430542,72254,72264,10
12.9577798843,80.1869812012,72264,72274,10
12.9573602676,80.1869812012,72274,72284,10
12.9568195343,80.1869430542,72284,72294,10
12.9562597275,80.1869125366,72294,72304,10
12.9557199478,80.1868972778,72304,72325,21
12.9557199478,80.1868972778,72325,72335,10
12.9555101395,80.186882019,72335,72345,10
12.9551000595,80.1867980957,72345,72355,10
12.9544200897,80.1866836548,72355,72365,10
12.9536104202,80.1865615845,72365,72375,10
12.9526996613,80.186416626,72375,72385,10
12.951880455,80.1861877441,72385,72395,10
12.9510202408,80.1859207153,72395,72405,10
12.9500999451,80.1856002808,72405,72416,11
12.9492397308,80.1853637695,72416,72426,10
12.9487199783,80.1851501465,72426,72436,10
12.9483995438,80.185043335,72436,72446,10
12.9479904175,80.1848907471,72446,72456,10
12.9475603104,80.1846389771,72456,72466,10
12.9473304749,80.1844863892,72466,72476,10
12.9468097687,80.1840896606,72476,72486,10
12.9462099075,80.1836166382,72486,72496,10
12.9454898834,80.18309021,72496,72506,10
12.9445199966,80.1829986572,72506,72527,21
12.9445199966,80.1829986572,72527,72537,10
12.9441795349,80.1829833984,72537,72547,10
12.9436197281,80.1829376221,72547,72557,10
12.9428596497,80.1829223633,72557,72567,10
12.9418897629,80.1828308105,72567,72577,10
12.9408998489,80.1827392578,72577,72587,10
12.9401397705,80.1827087402,72587,72597,10
12.939450264,80.1825408936,72597,72627,30
12.939450264,80.1825408936,72627,72638,11
12.9390296936,80.1824188232,72638,72648,10
12.9386396408,80.1822967529,72648,72658,10
12.9379396439,80.1821975708,72658,72668,10
12.9371004105,80.182182312,72668,72678,10
12.9364099503,80.182220459,72678,72688,10
12.935839653,80.1822967529,72688,72704,16
12.9348297119,80.1822891235,72704,72716,12
12.9338197708,80.1820526123,72716,72726,10
12.9329204559,80.1818237305,72726,72736,10
12.9320297241,80.1816635132,72736,72747,11
12.931139946,80.1815414429,72747,72757,10
12.9309396744,80.1815338135,72757,72767,10
12.9308395386,80.1815414429,72767,72777,10
12.9303102493,80.1815719604,72777,72787,10
12.9295902252,80.1817169189,72787,72797,10
12.928730011,80.1819381714,72797,72807,10
12.9277801514,80.1821670532,72807,72817,10
12.9267997742,80.1823883057,72817,72827,10
12.9258403778,80.1825485229,72827,72837,10
12.9250202179,80.1826782227,72837,72848,11
12.9242601395,80.1828079224,72848,72858,10
12.9236297607,80.1829299927,72858,72868,10
12.9230003357,80.183052063,72868,72878,10
12.9223604202,80.1832199097,72878,72888,10
12.9216403961,80.1835021973,72888,72898,10
12.9208297729,80.1838378906,72898,72908,10
12.9205904007,80.1839294434,72908,72918,10
12.9201698303,80.1838302612,72918,72928,10
12.9198999405,80.1826171875,72928,72948,20
12.9198999405,80.1826171875,72948,72959,11
12.9197998047,80.1821594238,72959,72969,10
12.9196300507,80.1813735962,72969,72979,10
12.9194297791,80.1804428101,72979,72989,10
12.9191999435,80.1794662476,72989,72999,10
12.9187202454,80.1787490845,72999,73008,9
12.9182395935,80.1780776978,73008,73019,11
12.9182195663,80.1770401001,73019,73028,9
12.918390274,80.1761627197,73028,73039,11
12.9187097549,80.1748580933,73039,73049,10
12.9190196991,80.1736373901,73049,73060,11
12.9193401337,80.1723632813,73060,73070,10
12.9196300507,80.1713180542,73070,73080,10
12.9197597504,80.1708374023,73080,73090,10
12.9197998047,80.1707000732,73090,73100,10
12.9200000763,80.1700973511,73100,73110,10
12.9202804565,80.1692504883,73110,73120,10
12.9206104279,80.16822052,73120,73130,10
12.9209604263,80.1671295166,73130,73140,10
12.9213199615,80.1660308838,73140,73150,10
12.9216403961,80.1650619507,73150,73160,10
12.9218702316,80.1643600464,73160,73171,11
12.9221000671,80.1635437012,73171,73181,10
12.9223403931,80.1627731323,73181,73191,10
12.9226303101,80.1619415283,73191,73201,10
12.9228496552,80.1611709595,73201,73211,10
12.9230203629,80.1605606079,73211,73221,10
12.92304039,80.1605224609,73221,73231,10
12.9231004715,80.1603164673,73231,73241,10
12.9232501984,80.1597137451,73241,73251,10
12.9233398438,80.1588821411,73251,73261,10
12.9234399796,80.1577911377,73261,73271,10
12.9235496521,80.1566925049,73271,73282,11
12.9235401154,80.1556015015,73282,73292,10
12.923330307,80.1549835205,73292,73302,10
12.9232997894,80.1548919678,73302,73312,10
12.9232501984,80.1546020508,73312,73322,10
12.9231796265,80.1542816162,73322,73332,10
12.9230203629,80.153678894,73332,73342,10
12.9228401184,80.152961731,73342,73352,10
12.9227399826,80.1525802612,73352,73362,10
12.9226703644,80.1522979736,73362,73372,10
12.9225997925,80.1518783569,73372,73383,11
12.9225702286,80.1511306763,73383,73393,10
12.9225597382,80.150390625,73393,73403,10
12.922539711,80.1495819092,73403,73413,10
12.9224996567,80.1488800049,73413,73423,10
12.9224996567,80.1482391357,73423,73433,10
12.9224796295,80.1477584839,73433,73443,10
12.9224596024,80.1474304199,73443,73453,10
12.9224500656,80.1472320557,73453,73463,10
12.9224596024,80.147102356,73463,73473,10
12.9224700928,80.1466903687,73473,73483,10
12.9224700928,80.1461181641,73483,73494,11
12.9224395752,80.1453933716,73494,73504,10
12.922419548,80.1445999146,73504,73514,10
12.9223899841,80.1437225342,73514,73544,30
12.9223899841,80.1437225342,73544,73554,10
12.922369957,80.1435089111,73554,73564,10
12.9223604202,80.1431274414,73564,73574,10
12.9223499298,80.1426773071,73574,73584,10
12.9223403931,80.1423187256,73584,73595,11
12.9223203659,80.1417770386,73595,73605,10
12.9223203659,80.1417007446,73605,73615,10
12.9223299026,80.1413421631,73615,73625,10
12.9223203659,80.1407699585,73625,73635,10
12.9223203659,80.1402206421,73635,73645,10
12.9223003387,80.139503479,73645,73655,10
12.9223203659,80.1387481689,73655,73665,10
12.9223804474,80.1380615234,73665,73675,10
12.9224004745,80.1373825073,73675,73685,10
12.9224395752,80.13671875,73685,73696,11
12.9224796295,80.1357803345,73696,73706,10
12.9225101471,80.1348800659,73706,73716,10
12.922539711,80.1341094971,73716,73726,10
12.9225702286,80.1333770752,73726,73736,10
12.9225797653,80.1329727173,73736,73746,10
12.9226198196,80.13256073,73746,73756,10
12.9226398468,80.1318817139,73756,73766,10
12.9226503372,80.1315002441,73766,73776,10
12.9226903915,80.1309280396,73776,73786,10
12.9227104187,80.1303482056,73786,73796,10
12.9227399826,80.1297988892,73796,73807,11
12.9227600098,80.1292495728,73807,73817,10
12.9228096008,80.1287384033,73817,73827,10
12.9228200912,80.1282196045,73827,73837,10
12.9228401184,80.1276397705,73837,73847,10
12.9228601456,80.1269683838,73847,73863,16
12.9228897095,80.1257019043,73863,73875,12
12.9229297638,80.124710083,73875,73885,10
12.9229602814,80.1238479614,73885,73895,10
12.9229898453,80.1229782104,73895,73905,10
12.92304039,80.1220397949,73905,73916,11
12.9231100082,80.1209716797,73916,73935,19
12.9231100082,80.1209716797,73935,73946,11
12.9231395721,80.1208724976,73946,73955,9
12.9231700897,80.1206207275,73955,73966,11
12.9232196808,80.1201171875,73966,73976,10
12.9232597351,80.1196365356,73976,73986,10
12.9232597351,80.1192016602,73986,73997,11
12.9232501984,80.1187973022,73997,74007,10
12.9232702255,80.1183013916,74007,74018,11
12.9233398438,80.1177597046,74018,74028,10
12.9233598709,80.1173934937,74028,74058,30
12.9233598709,80.1173934937,74058,74068,10
12.9233903885,80.1170578003,74068,74159,91
12.9233903885,80.1170578003,74159,74169,10
12.9235897064,80.1168365479,74169,74189,20
12.9235897064,80.1168365479,74189,74199,10
12.9235401154,80.1172790527,74199,74209,10
12.9236097336,80.1176300049,74209,74219,10
12.9236001968,80.117767334,74219,74230,11
12.9235496521,80.1182174683,74230,74240,10
12.923500061,80.1189422607,74240,74250,10
12.9233703613,80.1198120117,74250,74260,10
12.9232797623,80.1205215454,74260,74270,10
12.9232397079,80.1210098267,74270,74280,10
12.9232301712,80.1210708618,74280,74290,10
12.923210144,80.1214370728,74290,74300,10
12.9232702255,80.1217803955,74300,75088,788
12.9232702255,80.1217803955,75088,75098,10
12.9232196808,80.1220397949,75098,75108,10
12.9231700897,80.1225814819,75108,75118,10
12.923119545,80.1234207153,75118,75128,10
12.9230804443,80.124382019,75128,75138,10
12.9230699539,80.1252593994,75138,75148,10
12.9230499268,80.1257095337,75148,75158,10
12.92304039,80.125831604,75158,75168,10
12.9230098724,80.1261062622,75168,75178,10
12.9229803085,80.126663208,75178,75189,11
12.9229402542,80.1274490356,75189,75199,10
12.9229202271,80.1279220581,75199,75209,10
12.9228801727,80.1282196045,75209,75219,10
12.9228601456,80.1286621094,75219,75229,10
12.9228200912,80.1292419434,75229,75239,10
12.9228000641,80.1297302246,75239,75249,10
12.9227895737,80.1302719116,75249,75259,10
12.9227800369,80.1308822632,75259,75269,10
12.9227800369,80.1311416626,75269,75279,10
12.9227800369,80.1312408447,75279,75289,10
12.9227695465,80.1315917969,75289,75300,11
12.9227600098,80.1321334839,75300,75310,10
12.9227304459,80.1327514648,75310,75320,10
12.9226999283,80.1330413818,75320,75330,10
12.9226799011,80.1335830688,75330,75340,10
12.9226303101,80.1345291138,75340,75350,10
12.9225997925,80.1353988647,75350,75360,10
12.9225502014,80.1364364624,75360,75370,10
12.9225101471,80.137260437,75370,75380,10
12.9224700928,80.1381835938,75380,75390,10
12.9224004745,80.1391601563,75390,75401,11
12.922419548,80.1403198242,75401,75411,10
12.9224300385,80.1409072876,75411,75421,10
12.9224500656,80.141746521,75421,75431,10
12.9224796295,80.1426315308,75431,75441,10
12.9225196838,80.1433410645,75441,75451,10
12.9225597382,80.143661499,75451,75461,10
12.9225702286,80.143737793,75461,75471,10
12.922539711,80.14427948,75471,75481,10
12.9225702286,80.1451797485,75481,75491,10
12.9226303101,80.1461105347,75491,75501,10
12.922659874,80.1473617554,75501,75522,21
12.922659874,80.1473617554,75522,75532,10
12.9226303101,80.1476821899,75532,75542,10
12.9226198196,80.1483383179,75542,75552,10
12.922659874,80.1492996216,75552,75562,10
12.9226999283,80.1503677368,75562,75572,10
12.9227304459,80.1512908936,75572,75582,10
12.9227800369,80.1521072388,75582,75592,10
12.9229803085,80.1530532837,75592,75602,10
12.9231901169,80.1539230347,75602,75613,11
12.9234104156,80.1546936035,75613,75623,10
12.9234304428,80.1547470093,75623,75633,10
12.9235496521,80.1552429199,75633,75643,10
12.9237203598,80.1561508179,75643,75653,10
12.923620224,80.1572799683,75653,75663,10
12.9235095978,80.158493042,75663,75673,10
12.9233999252,80.1597213745,75673,75683,10
12.9231300354,80.1608734131,75683,75693,10
12.9227800369,80.1619186401,75693,75703,10
12.9224596024,80.1629104614,75703,75713,10
12.9221696854,80.1638412476,75713,75724,11
12.9218797684,80.1647415161,75724,75734,10
12.9215803146,80.1656112671,75734,75744,10
12.9213199615,80.1663970947,75744,75754,10
12.9210596085,80.1671829224,75754,75764,10
12.9208602905,80.1678924561,75764,75774,10
12.9205999374,80.1686935425,75774,75784,10
12.9203796387,80.1694869995,75784,75794,10
12.9201498032,80.1702575684,75794,75804,10
12.9199495316,80.1709289551,75804,75814,10
12.9197902679,80.17137146,75814,75825,11
12.9195098877,80.1722869873,75825,75834,9
12.9192800522,80.1731796265,75834,75845,11
12.9189796448,80.1744232178,75845,75855,10
12.9187498093,80.175453186,75855,75865,10
12.9184904099,80.1764678955,75865,75875,10
12.9183101654,80.1776733398,75875,75885,10
12.9187602997,80.1786117554,75885,75895,10
12.9193401337,80.1795501709,75895,75905,10
12.9196300507,80.1808319092,75905,75915,10
12.9198503494,80.1817932129,75915,75925,10
12.9200496674,80.1827163696,75925,75936,11
12.9203195572,80.1837768555,75936,75956,20
12.9203195572,80.1837768555,75956,75966,10
12.9204301834,80.1840133667,75966,75976,10
12.9207601547,80.183883667,75976,75986,10
12.9214296341,80.1836166382,75986,75996,10
12.9221801758,80.1833267212,75996,76006,10
12.9230203629,80.1830825806,76006,76016,10
12.9239902496,80.1829071045,76016,76026,10
12.925160408,80.1827163696,76026,76037,11
12.9263696671,80.1825027466,76037,76047,10
12.9274597168,80.1822662354,76047,76057,10
12.928560257,80.1820297241,76057,76067,10
12.9295597076,80.1817779541,76067,76077,10
12.9303798676,80.1815567017,76077,76087,10
12.9312400818,80.1815185547,76087,76097,10
12.9314403534,80.1815490723,76097,76107,10
12.9318399429,80.1816177368,76107,76117,10
12.9326200485,80.1817703247,76117,76127,10
12.9335699081,80.1819915771,76127,76137,10
12.9343299866,80.1821670532,76137,76148,11
12.9354000092,80.1823730469,76148,76158,10
12.9361200333,80.1822967529,76158,76168,10
12.9368200302,80.1822433472,76168,76178,10
12.9376497269,80.1822280884,76178,76188,10
12.9388399124,80.1823577881,76188,76218,30
12.9388399124,80.1823577881,76218,76228,10
12.93887043,80.1823883057,76228,76238,10
12.9390802383,80.1824264526,76238,76249,11
12.9394598007,80.1825408936,76249,76259,10
12.9400501251,80.1826782227,76259,76268,9
12.9407300949,80.1827163696,76268,76279,11
12.9416999817,80.1827926636,76279,76289,10
12.9425601959,80.1829071045,76289,76299,10
12.943479538,80.1829528809,76299,76308,9
12.9443397522,80.1829833984,76308,76319,11
12.9451904297,80.1830215454,76319,76329,10
12.9456396103,80.1831130981,76329,76339,10
12.9457597733,80.1831893921,76339,76349,10
12.946149826,80.1835174561,76349,76360,11
12.9469003677,80.1841201782,76360,76370,10
12.947640419,80.1846923828,76370,76380,10
12.9488401413,80.1851730347,76380,76461,81
12.9488401413,80.1851730347,76461,76471,10
12.9491796494,80.185256958,76471,76481,10
12.9495897293,80.1854019165,76481,76491,10
12.9500102997,80.1855392456,76491,76501,10
12.9504404068,80.1856689453,76501,76511,10
12.9510498047,80.1858825684,76511,76521,10
12.9518098831,80.1861419678,76521,76531,10
12.9526796341,80.1863937378,76531,76541,10
12.9535598755,80.1865386963,76541,76551,10
12.9541397095,80.186630249,76551,76561,10
12.9548797607,80.1867370605,76561,76572,11
12.9555597305,80.1868362427,76572,76582,10
12.9560203552,80.1868896484,76582,76602,20
12.9560203552,80.1868896484,76602,76612,10
12.9561300278,80.186920166,76612,76622,10
12.9563503265,80.1869430542,76622,76632,10
12.9567403793,80.1869812012,76632,76642,10
12.957280159,80.18699646,76642,76652,10
12.9579696655,80.1870193481,76652,76662,10
12.9585504532,80.1870269775,76662,76673,11
12.9592103958,80.1870269775,76673,76683,10
12.9598197937,80.1870880127,76683,76693,10
12.9602403641,80.1871185303,76693,76703,10
12.9606599808,80.187171936,76703,76713,10
12.9610795975,80.1872406006,76713,76723,10
12.9612503052,80.1872634888,76723,76733,10
12.9614095688,80.1872787476,76733,76743,10
12.9618196487,80.1873626709,76743,76753,10
12.9623098373,80.1874694824,76753,76763,10
12.9628896713,80.1875610352,76763,76773,10
12.963350296,80.1876373291,76773,76784,11
12.9639596939,80.187828064,76784,76794,10
12.9644298553,80.1879806519,76794,76804,10
12.9650602341,80.1882019043,76804,76814,10
12.9652299881,80.1882705688,76814,76824,10
12.9653596878,80.188331604,76824,76834,10
12.9657697678,80.1884765625,76834,76844,10
12.9661197662,80.1886291504,76844,76854,10
12.9666996002,80.1888809204,76854,76864,10
12.967300415,80.1891174316,76864,76874,10
12.9680404663,80.1894378662,76874,76915,41
12.9680404663,80.1894378662,76915,76925,10
12.9682102203,80.1895370483,76925,76935,10
12.9688196182,80.1898193359,76935,76965,30
12.9689798355,80.1898803711,76965,76985,20
12.9689798355,80.1898803711,76985,76996,11
12.9693002701,80.1900405884,76996,77006,10
12.9698200226,80.190322876,77006,77016,10
12.9702596664,80.190536499,77016,77026,10
12.9707298279,80.1907196045,77026,77036,10
12.9711503983,80.19090271,77036,77046,10
12.9716396332,80.191116333,77046,77056,10
12.9722700119,80.1913986206,77056,77066,10
12.9726400375,80.1915588379,77066,77076,10
12.9726400375,80.1915664673,77076,77086,10
12.9730100632,80.1917190552,77086,77097,11
12.9737300873,80.1919784546,77097,77107,10
12.9743995667,80.1922073364,77107,77117,10
12.9751396179,80.192489624,77117,77127,10
12.975859642,80.1929168701,77127,77137,10
12.9763402939,80.1932830811,77137,77147,10
12.9769296646,80.1936798096,77147,77157,10
12.9775800705,80.193862915,77157,77167,10
12.9780101776,80.1939086914,77167,77177,10
12.9781999588,80.193939209,77177,77187,10
12.9783401489,80.1939926147,77187,77197,10
12.9788198471,80.1941680908,77197,77208,11
12.9793596268,80.1944885254,77208,77218,10
12.9798698425,80.1948394775,77218,77228,10
12.9803800583,80.1951522827,77228,77238,10
12.9810304642,80.1954727173,77238,77258,20
12.9810304642,80.1954727173,77258,77268,10
12.9812402725,80.1955566406,77268,77278,10
12.981880188,80.1959228516,77278,77288,10
12.981880188,80.1959228516,77288,77298,10
12.9823904037,80.1961593628,77298,77309,11
12.9828100204,80.1963806152,77309,77319,10
12.9831399918,80.1962585449,77319,77329,10
12.9837598801,80.1960220337,77329,77339,10
12.9847097397,80.1959609985,77339,77350,11
12.9860401154,80.1958465576,77350,77360,10
12.987279892,80.1955032349,77360,77370,10
12.9882497787,80.1953811646,77370,77381,11
12.9893198013,80.1953964233,77381,77391,10
12.9904203415,80.1952667236,77391,77402,11
12.9909000397,80.1948318481,77402,77411,9
12.9910001755,80.1946792603,77411,77423,12
12.9910802841,80.1946029663,77423,77433,10
12.9911403656,80.1945037842,77433,77443,10
12.9913597107,80.194152832,77443,77453,10
12.9918298721,80.1934814453,77453,77463,10
12.9927597046,80.1933364868,77463,77473,10
12.9938898087,80.1933364868,77473,77483,10
12.9949197769,80.193321228,77483,77493,10
12.9959602356,80.1932907104,77493,77503,10
12.9965496063,80.1932601929,77503,77513,10
12.9966697693,80.1930007935,77513,77524,11
12.9964799881,80.1922836304,77524,77534,10
12.9962396622,80.1913833618,77534,77544,10
12.9960002899,80.1904602051,77544,77554,10
12.9958095551,80.189666748,77554,77564,10
12.9957895279,80.1895065308,77564,77574,10
12.9959497452,80.1893234253,77574,77584,10
12.9961795807,80.1893997192,77584,77594,10
12.9965801239,80.1898727417,77594,77604,10
12.9970998764,80.1904830933,77604,77614,10
12.9976596832,80.1911697388,77614,77625,11
12.9982299805,80.1918869019,77625,77635,10
12.9986801147,80.1924591064,77635,77645,10
12.9989500046,80.1928329468,77645,77655,10
12.9992704391,80.1932373047,77655,77665,10
12.99958992,80.193649292,77665,77675,10
13.0000200272,80.1941986084,77675,77685,10
13.0005598068,80.1948471069,77685,77695,10
13.0011301041,80.1955566406,77695,77704,9
13.0014400482,80.1959533691,77704,77715,11
13.001950264,80.1967010498,77715,77725,10
13.001999855,80.1977233887,77725,77736,11
13.0018196106,80.1987991333,77736,77746,10
13.0017595291,80.1994018555,77746,77756,10
13.0019702911,80.200088501,77756,77766,10
13.0026502609,80.2006225586,77766,77776,10
13.0037403107,80.2008209229,77776,77816,40
13.0037403107,80.2008209229,77816,77826,10
13.003950119,80.2008666992,77826,77837,11
13.0045995712,80.2011108398,77837,77847,10
13.0053901672,80.2016372681,77847,77857,10
13.0059299469,80.2024993896,77857,77867,10
13.0064401627,80.2031478882,77867,77877,10
13.0069599152,80.2034912109,77877,77887,10
13.0075397491,80.203666687,77887,77897,10
13.0081396103,80.2036437988,77897,77907,10
13.0083198547,80.2030029297,77907,77917,10
13.0075998306,80.2029190063,77917,77927,10
13.0075502396,80.2038192749,77927,77937,10
13.0075702667,80.2048568726,77937,77946,9
13.0076303482,80.2058563232,77946,77958,12
13.0078201294,80.2070999146,77958,77968,10
13.0079402924,80.2082214355,77968,77978,10
13.0081501007,80.2093505859,77978,77988,10
13.0084600449,80.2101821899,77988,77998,10
13.0092000961,80.2108764648,77998,78038,40
13.0092000961,80.2108764648,78038,78049,11
13.0092496872,80.211151123,78049,78059,10
13.0091104507,80.2113189697,78059,78069,10
13.0090703964,80.211769104,78069,78079,10
13.0092601776,80.2124862671,78079,78089,10
13.0095500946,80.2132797241,78089,78099,10
13.0098896027,80.2140884399,78099,78109,10
13.0101099014,80.2148666382,78109,78119,10
13.0102901459,80.2158279419,78119,78129,10
13.0107297897,80.216796875,78129,78139,10
13.011179924,80.2178421021,78139,78149,10
13.0115804672,80.218963623,78149,78160,11
13.0119695663,80.2201080322,78160,78170,10
13.0122995377,80.2210464478,78170,78180,10
13.0126600266,80.2216873169,78180,78190,10
13.0131502151,80.2222976685,78190,78200,10
13.013589859,80.2228088379,78200,78210,10
13.01404953,80.2233963013,78210,78220,10
13.0144500732,80.2238616943,78220,78230,10
13.0148801804,80.2244262695,78230,78240,10
13.015250206,80.2248535156,78240,78250,10
13.0152997971,80.224861145,78250,78261,11
13.0155601501,80.2250518799,78261,78271,10
13.0162401199,80.2252578735,78271,78281,10
13.017080307,80.2249984741,78281,78291,10
13.0180997849,80.2246170044,78291,78301,10
13.0190000534,80.2243270874,78301,78311,10
13.0196399689,80.2244186401,78311,78331,20
13.0196399689,80.2244186401,78331,78341,10
13.0198097229,80.2246398926,78341,78351,10
13.0202302933,80.2249679565,78351,78361,10
13.0208702087,80.225402832,78361,78372,11
13.0216197968,80.2259368896,78372,78382,10
13.0218296051,80.2260971069,78382,78392,10
13.0222396851,80.2264709473,78392,78402,10
13.022939682,80.2270889282,78402,78412,10
13.0235996246,80.2276992798,78412,78422,10
13.0241003036,80.2281799316,78422,78432,10
13.0243396759,80.2284164429,78432,78491,59
13.0243396759,80.2284164429,78491,78501,10
13.0242595673,80.2285919189,78501,78510,9
13.024020195,80.2283706665,78510,78521,11
13.0234804153,80.2277526855,78521,78533,12
13.0229597092,80.2272186279,78533,78543,10
13.0224504471,80.2267303467,78543,78553,10
13.0216999054,80.2260971069,78553,78563,10
13.0208396912,80.2254104614,78563,78573,10
13.0200195313,80.2248535156,78573,78584,11
13.0186195374,80.2245025635,78584,78594,10
13.0174598694,80.2249603271,78594,78604,10
13.0164403915,80.225402832,78604,78614,10
13.0159397125,80.2255783081,78614,78624,10
13.0151395798,80.2258911133,78624,78634,10
13.01445961,80.2261428833,78634,78644,10
13.0136995316,80.2264404297,78644,78654,10
13.0127601624,80.2267990112,78654,78664,10
13.011759758,80.2271499634,78664,78674,10
13.0106496811,80.2275924683,78674,78684,10
13.0097799301,80.2279129028,78684,78695,11
13.009519577,80.2275238037,78695,78705,10
13.0097999573,80.2268981934,78705,78715,10
13.0100803375,80.2261734009,78715,78725,10
13.0103397369,80.2256088257,78725,78735,10
13.0104999542,80.2252426147,78735,78745,10
13.010720253,80.2247314453,78745,78755,10
13.0109996796,80.2240905762,78755,78765,10
13.011300087,80.2233276367,78765,78775,10
13.0116195679,80.2225189209,78775,78785,10
13.0119695663,80.2215805054,78785,78796,11
13.0120401382,80.2208404541,78796,78806,10
13.0117998123,80.2200469971,78806,78816,10
13.0115203857,80.219078064,78816,78826,10
13.0111999512,80.2181777954,78826,78836,10
13.0108995438,80.2173614502,78836,78846,10
13.0105104446,80.2165527344,78846,78856,10
13.0101299286,80.215713501,78856,78866,10
13.0100002289,80.2148590088,78866,78876,10
13.0097198486,80.2139663696,78876,78886,10
13.0094003677,80.213142395,78886,78897,11
13.0092401505,80.2126235962,78897,78907,10
13.0091600418,80.2124786377,78907,78917,10
13.0090198517,80.2121505737,78917,78927,10
13.0088796616,80.2117462158,78927,78937,10
13.0086603165,80.2111206055,78937,78947,10
13.0083703995,80.2102508545,78947,78957,10
13.0080900192,80.2093429565,78957,78967,10
13.0078802109,80.2082824707,78967,78977,10
13.0076999664,80.2072067261,78977,78987,10
13.0075302124,80.2062530518,78987,78997,10
13.0072698593,80.2052612305,78997,79008,11
13.0068502426,80.2043228149,79008,79018,10
13.0064401627,80.2036514282,79018,79028,10
13.0060100555,80.2030410767,79028,79038,10
13.0056600571,80.2024612427,79038,79048,10
13.0051803589,80.2017211914,79048,79058,10
13.0044898987,80.201133728,79058,79068,10
13.0039796829,80.2009811401,79068,79078,10
13.0031795502,80.2008132935,79078,79088,10
13.0023002625,80.2004776001,79088,79098,10
13.0017795563,80.1998825073,79098,79109,11
13.0016698837,80.1994400024,79109,79119,10
13.0017204285,80.1988220215,79119,79129,10
13.0017995834,80.1983337402,79129,79139,10
13.0018396378,80.198059082,79139,79169,30
13.0018396378,80.198059082,79169,79179,10
13.0019197464,80.1976470947,79179,79189,10
13.0019397736,80.1971588135,79189,79199,10
13.0015602112,80.1963195801,79199,79209,10
13.0009498596,80.1955032349,79209,79220,11
13.0000696182,80.1943511963,79220,79230,10
12.9992799759,80.193359375,79230,79240,10
12.9986095428,80.1925201416,79240,79250,10
12.9980697632,80.1923828125,79250,79260,10
12.9974002838,80.1929397583,79260,79270,10
12.9969701767,80.1932678223,79270,79280,10
12.9967403412,80.193359375,79280,79290,10
12.9967098236,80.1931304932,79290,79300,10
12.9966497421,80.1927108765,79300,79316,16
12.9964199066,80.1918029785,79316,79329,13
12.996509552,80.1912612915,79329,80207,878
12.996509552,80.1912612915,80207,80217,10
12.9968099594,80.1909637451,80217,80530,313
12.9968099594,80.1909637451,80530,80540,10
12.9970998764,80.1909332275,80540,80550,10
12.9971704483,80.1911773682,80550,80560,10
12.9973897934,80.1912307739,80560,80752,192
12.9970998764,80.1911468506,80752,83952,3200
12.9970998764,80.1911468506,83952,83962,10
