13.0342903137,80.2057571411,18,18862,18844
13.0342903137,80.2057571411,18862,18872,10
13.0342597961,80.2056427002,18872,20165,1293
13.0342597961,80.205871582,20165,20952,787
13.0341997147,80.2057418823,20952,22638,1686
13.0341997147,80.2057418823,22638,22648,10
13.0342197418,80.2058792114,22648,30802,8154
13.0342197418,80.2058792114,30802,30812,10
13.0341997147,80.2056503296,30812,30823,11
13.0342102051,80.2055435181,30823,30833,10
13.0343599319,80.2056732178,30833,30843,10
13.0344696045,80.2058181763,30843,31910,1067
13.0344696045,80.2058181763,31910,31920,10
13.0342798233,80.205871582,31920,32284,364
13.0342798233,80.205871582,32284,32294,10
13.0342998505,80.2057418823,32294,32304,10
13.0343399048,80.205619812,32304,32314,10
13.0342102051,80.2058486938,32314,34333,2019
13.0342102051,80.2058486938,34333,34343,10
13.0342597961,80.2056884766,34343,34353,10
13.0343599319,80.205657959,34353,34363,10
13.0347099304,80.2053375244,34363,34373,10
13.0351104736,80.2051773071,34373,34383,10
13.0352096558,80.2051925659,34383,34393,10
13.0354700089,80.2053909302,34393,34767,374
13.0354700089,80.2053909302,34767,34777,10
13.0355100632,80.2053985596,34777,34787,10
13.0356798172,80.2053604126,34787,34797,10
13.0357904434,80.2052230835,34797,34807,10
13.0358495712,80.2048568726,34807,34817,10
13.0359096527,80.2044219971,34817,34827,10
13.0359897614,80.2039794922,34827,34837,10
13.0360803604,80.2034301758,34837,34847,10
13.0361604691,80.2028427124,34847,34858,11
13.0362195969,80.2023773193,34858,34868,10
13.0362701416,80.2018890381,34868,34878,10
13.0363197327,80.2015228271,34878,34888,10
13.0363197327,80.201499939,34888,34898,10
13.036359787,80.2013168335,34898,34908,10
13.0363903046,80.2010192871,34908,34918,10
13.0364599228,80.2005615234,34918,34928,10
13.0365400314,80.1998977661,34928,34938,10
13.036649704,80.1991577148,34938,34948,10
13.0367298126,80.1985168457,34948,34958,10
13.0367603302,80.1983566284,34958,34969,11
13.0368204117,80.1981124878,34969,34979,10
13.0368795395,80.1977233887,34979,34995,16
13.0369901657,80.1967468262,34995,35007,12
13.0370702744,80.1963195801,35007,35017,10
13.0371303558,80.1962280273,35017,35026,9
13.0371398926,80.195930481,35026,35036,10
13.0372400284,80.1954116821,35036,35047,11
13.0373897552,80.1943893433,35047,35059,12
13.0375404358,80.1931762695,35059,35068,9
13.0377902985,80.1927719116,35068,35080,12
13.0382795334,80.192779541,35080,35089,9
13.0388202667,80.1928710938,35089,35110,21
13.0388202667,80.1928710938,35110,35120,10
13.0391597748,80.1929397583,35120,35130,10
13.0396299362,80.193031311,35130,35140,10
13.0402498245,80.1931304932,35140,35150,10
13.0409002304,80.1932067871,35150,35160,10
13.0415802002,80.193321228,35160,35170,10
13.0418195724,80.1934585571,35170,35180,10
13.0417995453,80.1938934326,35180,35191,11
13.0417900085,80.1941223145,35191,35201,10
13.0417604446,80.1942901611,35201,35211,10
13.041680336,80.1946868896,35211,35221,10
13.0415802002,80.1953887939,35221,35231,10
13.0415201187,80.1960830688,35231,35241,10
13.0414600372,80.1966018677,35241,35251,10
13.0414400101,80.1967163086,35251,35261,10
13.041390419,80.1969299316,35261,35271,10
13.0413303375,80.1974334717,35271,35281,10
13.0412302017,80.1981811523,35281,35291,10
13.0410404205,80.1992721558,35291,35312,21
13.0410404205,80.1992721558,35312,35322,10
13.0410003662,80.1995010376,35322,35332,10
13.0409202576,80.2000732422,35332,35342,10
13.0407600403,80.2008972168,35342,35352,10
13.0406198502,80.201789856,35352,35362,10
13.040599823,80.2022094727,35362,35372,10
13.0405197144,80.2028274536,35372,35382,10
13.040430069,80.2035064697,35382,35392,10
13.0403404236,80.2043075562,35392,35402,10
13.0402498245,80.2049102783,35402,35413,11
13.0405797958,80.2050704956,35413,35423,10
13.0411996841,80.2051620483,35423,35433,10
13.0413198471,80.2051773071,35433,35443,10
13.0416002274,80.2052230835,35443,35453,10
13.0422096252,80.2053070068,35453,35463,10
13.0427598953,80.2055587769,35463,35473,10
13.0431203842,80.2061920166,35473,35483,10
13.0436201096,80.2069015503,35483,35493,10
13.0439596176,80.2074203491,35493,35503,10
13.0441598892,80.2080993652,35503,35513,10
13.0442304611,80.2090682983,35513,35534,21
13.0442304611,80.2090682983,35534,35544,10
13.0441999435,80.2091903687,35544,35554,10
13.0440196991,80.2092819214,35554,35564,10
13.0434999466,80.2091827393,35564,35574,10
13.0427103043,80.2090530396,35574,35584,10
13.0419397354,80.2089614868,35584,35594,10
13.0414600372,80.2089004517,35594,35604,10
13.0408096313,80.2088088989,35604,35614,10
13.0400104523,80.2086791992,35614,35624,10
13.0392303467,80.2085494995,35624,35634,10
13.0388202667,80.2085189819,35634,35645,11
13.0387401581,80.2085113525,35645,35655,10
13.0383796692,80.2084503174,35655,35665,10
13.0377101898,80.2083435059,35665,35675,10
13.0370597839,80.2082519531,35675,35685,10
13.036239624,80.2081069946,35685,35695,10
13.0354995728,80.2082901001,35695,35715,20
13.0354995728,80.2082901001,35715,35725,10
13.0354604721,80.2083892822,35725,35741,16
13.035320282,80.2091827393,35741,35754,13
13.035200119,80.2101135254,35754,35764,10
13.0350999832,80.2107086182,35764,35774,10
13.0350904465,80.2113800049,35774,35794,20
13.0350904465,80.2113800049,35794,35803,9
13.0350999832,80.2115402222,35803,35814,11
13.0349998474,80.2119903564,35814,35833,19
13.0349998474,80.2119903564,35833,35844,11
13.0349502563,80.2121887207,35844,35854,10
13.0353298187,80.212310791,35854,35865,11
13.0360803604,80.2123413086,35865,35874,9
13.0371904373,80.2123184204,35874,35905,31
13.0371904373,80.2123184204,35905,35915,10
13.0374097824,80.2124176025,35915,35925,10
13.0374803543,80.2129516602,35925,35935,10
13.0378198624,80.2132568359,35935,35945,10
13.0384101868,80.2136917114,35945,35955,10
13.0391597748,80.2142181396,35955,35965,10
13.040019989,80.2148208618,35965,35976,11
13.0408496857,80.2153701782,35976,35986,10
13.0414495468,80.2157974243,35986,35996,10
13.0421800613,80.2162780762,35996,36016,20
13.0421800613,80.2162780762,36016,36026,10
13.0423402786,80.2163925171,36026,36036,10
13.0427999496,80.2167205811,36036,36046,10
13.0432596207,80.2170562744,36046,36056,10
13.043299675,80.2170791626,36056,36066,10
13.0434103012,80.2171630859,36066,36076,10
13.0436296463,80.2173080444,36076,36087,11
13.0440998077,80.2176437378,36087,36097,10
13.044719696,80.2180786133,36097,36107,10
13.0453500748,80.218421936,36107,36117,10
13.0460796356,80.2186203003,36117,36127,10
13.0466899872,80.2187728882,36127,36137,10
13.0471401215,80.2189178467,36137,36147,10
13.0471601486,80.2189178467,36147,36157,10
13.0474100113,80.2190322876,36157,36167,10
13.0479402542,80.2191696167,36167,36177,10
13.0485401154,80.2193527222,36177,36187,10
13.0491504669,80.2195129395,36187,36198,11
13.0499000549,80.2197113037,36198,36208,10
13.0506000519,80.2198867798,36208,36218,10
13.0513801575,80.2201004028,36218,36228,10
13.0521697998,80.220123291,36228,36308,80
13.0521697998,80.220123291,36308,36319,11
13.0523900986,80.2201385498,36319,36329,10
13.0525197983,80.2205200195,36329,36339,10
13.0526599884,80.2211685181,36339,36349,10
13.05286026,80.2218933105,36349,36359,10
13.0530796051,80.2227172852,36359,36369,10
13.0532398224,80.2233886719,36369,36379,10
13.0533399582,80.2237625122,36379,36399,20
13.0533399582,80.2237625122,36399,36409,10
13.0534000397,80.2240066528,36409,36419,10
13.0534801483,80.2244110107,36419,36430,11
13.0536298752,80.2250671387,36430,36440,10
13.0537796021,80.2257537842,36440,36450,10
13.0538396835,80.2261810303,36450,36460,10
13.0538396835,80.2261886597,36460,36470,10
13.0538902283,80.2265167236,36470,36480,10
13.0539102554,80.2269973755,36480,36490,10
13.0540103912,80.2277069092,36490,36500,10
13.0540800095,80.2282180786,36500,36510,10
13.0541200638,80.2287979126,36510,36520,10
13.0541400909,80.2294006348,36520,36530,10
13.0541601181,80.2298736572,36530,36547,17
13.0541601181,80.2306137085,36547,36559,12
13.054019928,80.2306213379,36559,36569,10
13.0533800125,80.2305374146,36569,36599,30
13.0533800125,80.2305374146,36599,36609,10
13.053030014,80.2305221558,36609,36619,10
13.0525102615,80.2304077148,36619,36628,9
13.0521202087,80.2303695679,36628,36638,10
13.0520896912,80.2303771973,36638,36650,12
13.0518598557,80.2303466797,36650,36660,10
13.0515403748,80.2302627563,36660,36670,10
13.0509500504,80.2301635742,36670,36680,10
13.0502996445,80.2300872803,36680,36690,10
13.0495595932,80.2300567627,36690,36700,10
13.0488195419,80.2300720215,36700,36710,10
13.0481300354,80.2301025391,36710,36720,10
13.0477304459,80.2305374146,36720,36730,10
13.0476303101,80.2312698364,36730,36740,10
13.0475196838,80.2321777344,36740,36750,10
13.0474395752,80.2329101563,36750,36761,11
13.0477800369,80.2330780029,36761,36771,10
13.0483102798,80.2332000732,36771,36781,10
13.0488500595,80.2333374023,36781,36791,10
13.0492601395,80.2334594727,36791,36801,10
13.0499000549,80.2336196899,36801,36811,10
13.0506696701,80.233757019,36811,36821,10
13.0511398315,80.2338562012,36821,36831,10
13.0516195297,80.2339477539,36831,36841,10
13.0522203445,80.2340927124,36841,36851,10
13.0528802872,80.2342834473,36851,36867,16
13.0536804199,80.2344589233,36867,36880,13
13.0536899567,80.2350387573,36880,36888,8
13.0536003113,80.2355194092,36888,36900,12
13.0535202026,80.235748291,36900,36910,10
13.0534496307,80.2361984253,36910,36920,10
13.0533399582,80.2367935181,36920,36930,10
13.053319931,80.2368774414,36930,36940,10
13.0532598495,80.237197876,36940,36950,10
13.0531702042,80.237739563,36950,36960,10
13.0530395508,80.2384567261,36960,36970,10
13.0528802872,80.2392272949,36970,36979,9
13.0525903702,80.2405471802,36979,37001,22
13.0525903702,80.2405471802,37001,37011,10
13.0525598526,80.2406997681,37011,37021,10
13.0525302887,80.2411193848,37021,37031,10
13.0527801514,80.2417068481,37031,37041,10
13.0538101196,80.2421569824,37041,37061,20
13.0538101196,80.2421569824,37061,37071,10
13.0540895462,80.2422485352,37071,37081,10
13.0546598434,80.2423324585,37081,37091,10
13.0554504395,80.2422180176,37091,37102,11
13.0562400818,80.242477417,37102,37112,10
13.0566997528,80.2426071167,37112,37122,10
13.0570201874,80.2427062988,37122,37132,10
13.0575799942,80.2427597046,37132,37142,10
13.0581998825,80.2426681519,37142,37152,10
13.058839798,80.2425613403,37152,37162,10
13.0592498779,80.2425003052,37162,37172,10
13.0598297119,80.2426681519,37172,37182,10
13.0604801178,80.2428817749,37182,37192,10
13.0609302521,80.2430267334,37192,37202,10
13.0613698959,80.2431488037,37202,37213,11
13.0617904663,80.2432174683,37213,37223,10
13.062040329,80.2432632446,37223,37233,10
13.0621795654,80.243270874,37233,37243,10
13.0625896454,80.2433624268,37243,37253,10
13.0630397797,80.2434387207,37253,37263,10
13.0633602142,80.2434921265,37263,37273,10
13.0639095306,80.2435073853,37273,37283,10
13.0645599365,80.2435684204,37283,37293,10
13.065290451,80.2436294556,37293,37303,10
13.0659999847,80.2437362671,37303,37313,10
13.0661201477,80.2443695068,37313,37324,11
13.066280365,80.2452774048,37324,37334,10
13.0667104721,80.2460403442,37334,37344,10
13.067609787,80.2464370728,37344,37360,16
13.0679197311,80.2476196289,37360,37372,12
13.0678501129,80.2484130859,37372,37380,8
13.0678396225,80.2484207153,37380,37391,11
13.0677700043,80.2488632202,37391,37402,11
13.0676603317,80.2494812012,37402,37412,10
13.0675401688,80.2502288818,37412,37422,10
13.0673904419,80.2510604858,37422,37432,10
13.0673999786,80.2519607544,37432,37443,11
13.0681695938,80.2525634766,37443,37453,10
13.0680103302,80.2531814575,37453,37463,10
13.0672903061,80.2537002563,37463,37473,10
13.066860199,80.2542572021,37473,37483,10
13.0673103333,80.2547225952,37483,37493,10
13.0676898956,80.2550506592,37493,37503,10
13.067700386,80.2550506592,37503,37513,10
13.0679302216,80.2552566528,37513,37523,10
13.0683202744,80.2557296753,37523,37533,10
13.068860054,80.2562637329,37533,37543,10
13.0693798065,80.2567977905,37543,37554,11
13.0700397491,80.2574920654,37554,37564,10
13.0707197189,80.2582092285,37564,37574,10
13.0713396072,80.2588500977,37574,37584,10
13.0715398788,80.2590484619,37584,37594,10
13.0715799332,80.2591018677,37594,37604,10
13.071849823,80.2594299316,37604,37614,10
13.0723600388,80.259979248,37614,37624,10
13.0729598999,80.2606582642,37624,37634,10
13.0732402802,80.2607421875,37634,37644,10
13.0733203888,80.261138916,37644,37654,10
13.0737895966,80.26171875,37654,37665,11
13.0744199753,80.2624511719,37665,37675,10
13.0749101639,80.263092041,37675,37685,10
13.0754003525,80.2637634277,37685,37695,10
13.0759296417,80.2642211914,37695,37705,10
13.0765199661,80.2641601563,37705,37715,10
13.0771598816,80.2640533447,37715,37725,10
13.0776901245,80.2637405396,37725,37735,10
13.0781698227,80.2634429932,37735,37745,10
13.0783100128,80.2636184692,37745,37755,10
13.0783100128,80.2636566162,37755,37766,11
13.0783500671,80.263999939,37766,37776,10
13.0784502029,80.2645263672,37776,37786,10
13.0786104202,80.2651977539,37786,37796,10
13.0791196823,80.2653121948,37796,37805,9
13.0797996521,80.2652206421,37805,37816,11
13.0804700851,80.2650909424,37816,37826,10
13.0807695389,80.2652206421,37826,37835,9
13.0807600021,80.2656936646,37835,37845,10
13.080739975,80.2663803101,37845,37856,11
13.0807199478,80.2674179077,37856,37865,9
13.0807199478,80.2682800293,37865,37876,11
13.0807504654,80.2694396973,37876,37887,11
13.0807504654,80.2700195313,37887,37897,10
13.0807800293,80.2705001831,37897,37907,10
13.0809402466,80.2710037231,37907,37917,10
13.081319809,80.2714767456,37917,37927,10
13.0814399719,80.2720108032,37927,37937,10
13.0815200806,80.2725219727,37937,37947,10
13.0814199448,80.2730102539,37947,37957,10
13.0814599991,80.2735366821,37957,37967,10
13.0817804337,80.27394104,37967,37977,10
13.0820102692,80.2743377686,37977,37987,10
13.0820102692,80.2748336792,37987,37998,11
13.0820302963,80.2751235962,37998,38028,30
13.0820302963,80.2751235962,38028,38038,10
13.0820798874,80.2754592896,38038,38058,20
13.0820798874,80.2754592896,38058,38068,10
13.0820999146,80.275642395,38068,38078,10
13.0820398331,80.2758636475,38078,38088,10
13.0818595886,80.2759628296,38088,38098,10
13.0818395615,80.2762069702,38098,38109,11
13.0819196701,80.2768173218,38109,38119,10
13.0820198059,80.2775497437,38119,38129,10
13.0821399689,80.278213501,38129,38169,40
13.0821399689,80.278213501,38169,38179,10
13.0821199417,80.2784805298,38179,38189,10
13.0821399689,80.2790679932,38189,38199,10
13.0822200775,80.279838562,38199,38209,10
13.0823202133,80.28099823,38209,38219,10
13.0823802948,80.2816696167,38219,38230,11
13.0830097198,80.2821578979,38230,38240,10
13.0834798813,80.2824020386,38240,38250,10
13.0835504532,80.2824325562,38250,38260,10
13.0839099884,80.2826919556,38260,38270,10
13.0844802856,80.2830886841,38270,38280,10
13.0850095749,80.2836227417,38280,38290,10
13.0853796005,80.283706665,38290,38300,10
13.0853996277,80.2836990356,38300,38310,10
13.0853996277,80.2836608887,38310,38320,10
13.0855903625,80.2835235596,38320,38331,11
13.085940361,80.283531189,38331,38341,10
13.086400032,80.2836380005,38341,38351,10
13.086930275,80.2836837769,38351,38361,10
13.0871601105,80.2836608887,38361,38371,10
13.0874996185,80.2836685181,38371,38391,20
13.0874996185,80.2836685181,38391,38401,10
13.0876903534,80.283821106,38401,38492,91
13.0877399445,80.2838973999,38492,38855,363
13.0876998901,80.283821106,38855,38916,61
13.0876998901,80.283821106,38916,38926,10
13.0878200531,80.2837371826,38926,38936,10
13.0880899429,80.2836608887,38936,38946,10
13.0882396698,80.2835922241,38946,38956,10
13.0882701874,80.2834091187,38956,38966,10
13.0882701874,80.2830581665,38966,38976,10
13.0882701874,80.2825927734,38976,38986,10
13.0881900787,80.2820281982,38986,38996,10
13.0879602432,80.2815628052,38996,39007,11
13.0872802734,80.2813110352,39007,39017,10
13.0866804123,80.2811431885,39017,39027,10
13.0860204697,80.2809524536,39027,39037,10
13.0856599808,80.2805633545,39037,39047,10
13.0855503082,80.2800216675,39047,39057,10
13.0852403641,80.2795028687,39057,39067,10
13.0846204758,80.279296875,39067,39077,10
13.0840301514,80.2792129517,39077,39093,16
13.0830698013,80.2788772583,39093,39105,12
13.0823202133,80.2786178589,39105,39156,51
13.0823202133,80.2786178589,39156,39166,10
13.0821504593,80.2785568237,39166,39176,10
13.0818996429,80.278213501,39176,39186,10
13.0817699432,80.2771072388,39186,39207,21
13.0817699432,80.2771072388,39207,39217,10
13.0818099976,80.2769927979,39217,39228,11
13.0817604065,80.2765426636,39228,39238,10
13.0816402435,80.2759475708,39238,39248,10
13.0815200806,80.2752990723,39248,39288,40
13.0815200806,80.2752990723,39288,39298,10
13.0815200806,80.2750167847,39298,39308,10
13.0815401077,80.2747421265,39308,39318,10
13.0814599991,80.2742462158,39318,39328,10
13.081410408,80.2736206055,39328,39339,11
13.0813102722,80.2729034424,39339,39359,20
13.0813102722,80.2729034424,39359,39369,10
13.0814304352,80.2725601196,39369,39379,10
13.0813398361,80.271987915,39379,39389,10
13.0811195374,80.2713317871,39389,39399,10
13.0808000565,80.270866394,39399,39409,10
13.0807104111,80.2701873779,39409,39419,10
13.0807199478,80.2692871094,39419,39429,10
13.0806999207,80.2682113647,39429,39439,10
13.0806798935,80.2674789429,39439,39450,11
13.0806703568,80.2666397095,39450,39460,10
13.0806903839,80.2657012939,39460,39470,10
13.0806398392,80.2652282715,39470,39480,10
13.0805702209,80.2651596069,39480,39489,9
13.0803098679,80.2651672363,39489,39500,11
13.0798597336,80.2652282715,39500,39510,10
13.0793399811,80.265296936,39510,39520,10
13.0788602829,80.2653808594,39520,39530,10
13.0784797668,80.2650680542,39530,39540,10
13.0783195496,80.2642974854,39540,39550,10
13.0781202316,80.2635421753,39550,39561,11
13.0777797699,80.2636489868,39561,39581,20
13.0777797699,80.2636489868,39581,39591,10
13.0776500702,80.2637710571,39591,39601,10
13.0771999359,80.2640304565,39601,39611,10
13.0766601563,80.2641601563,39611,39621,10
13.0759496689,80.2642364502,39621,39631,10
13.0755195618,80.2640228271,39631,39641,10
13.0751199722,80.2634429932,39641,39651,10
13.0747404099,80.2629165649,39651,39661,10
13.0743303299,80.2624435425,39661,39672,11
13.0736398697,80.2616271973,39672,39692,20
13.0736398697,80.2616271973,39692,39702,10
13.0734996796,80.2614898682,39702,39712,10
13.0731801987,80.2613296509,39712,39722,10
13.0730304718,80.2608795166,39722,39732,10
13.0725803375,80.2602996826,39732,39742,10
13.0718002319,80.2594299316,39742,39762,20
13.0718002319,80.2594299316,39762,39772,10
13.071559906,80.2591629028,39772,39783,11
13.071269989,80.2588577271,39783,39793,10
13.0708503723,80.2584075928,39793,39803,10
13.0704097748,80.2579498291,39803,39813,10
13.0699596405,80.2574386597,39813,39823,10
13.0695495605,80.2570114136,39823,39833,10
13.0688495636,80.2563018799,39833,39843,10
13.0681800842,80.2556228638,39843,39853,10
13.0674295425,80.2549362183,39853,39894,41
13.0674295425,80.2549362183,39894,39904,10
13.0671796799,80.2547225952,39904,39914,10
13.0667896271,80.2543029785,39914,39934,20
13.0667896271,80.2543029785,39934,39944,10
13.0668497086,80.2540130615,39944,39954,10
13.0672903061,80.2536468506,39954,39964,10
13.0673303604,80.253616333,39964,39974,10
13.0676002502,80.2534637451,39974,39984,10
13.068110466,80.2530288696,39984,39994,10
13.0678396225,80.2524719238,39994,40004,10
13.0672101974,80.2519226074,40004,40015,11
13.0673599243,80.2509689331,40015,40025,10
13.0675096512,80.2502365112,40025,40035,10
13.0675201416,80.2501678467,40035,40045,10
13.0675697327,80.249961853,40045,40055,10
13.0676498413,80.2494430542,40055,40065,10
13.067779541,80.2486801147,40065,40075,10
13.0676298141,80.2479934692,40075,40085,10
13.0668401718,80.2479019165,40085,40095,10
13.0665102005,80.2478790283,40095,40105,10
13.0664100647,80.2478790283,40105,40115,10
13.0659103394,80.247833252,40115,40126,11
13.0650501251,80.247833252,40126,40136,10
13.0640897751,80.247718811,40136,40146,10
13.0631504059,80.2476425171,40146,40156,10
13.0622701645,80.2476425171,40156,40166,10
13.0615797043,80.2474365234,40166,40176,10
13.0613698959,80.2469024658,40176,40186,10
13.0617904663,80.2464294434,40186,40196,10
13.0619802475,80.2456512451,40196,40206,10
13.0621700287,80.2451629639,40206,40216,10
13.0625295639,80.2449035645,40216,40226,10
13.063170433,80.2442398071,40226,40247,21
13.063170433,80.2442398071,40247,40257,10
13.0632896423,80.2440719604,40257,40267,10
13.0634298325,80.2436065674,40267,40277,10
13.0629396439,80.2434387207,40277,40287,10
13.0624904633,80.243347168,40287,40303,16
13.0617303848,80.2432174683,40303,40315,12
13.0610799789,80.2431030273,40315,40325,10
13.0604696274,80.2429122925,40325,40335,10
13.0599603653,80.2427368164,40335,40345,10
13.0594501495,80.2425994873,40345,40355,10
13.0589199066,80.2426071167,40355,40366,11
13.058719635,80.2426528931,40366,40376,10
13.0586004257,80.24269104,40376,40386,10
13.0582399368,80.242729187,40386,40396,10
13.057510376,80.2428283691,40396,40406,10
13.0568504333,80.242767334,40406,40416,10
13.0562601089,80.2425308228,40416,40426,10
13.0555801392,80.2423019409,40426,40436,10
13.0547504425,80.2424316406,40436,40445,9
13.0539398193,80.2423400879,40445,40457,12
13.0536403656,80.2422180176,40457,40467,10
13.0535802841,80.2421722412,40467,40477,10
13.0532302856,80.2419586182,40477,40487,10
13.0526103973,80.2417373657,40487,40497,10
13.0521802902,80.2411880493,40497,40507,10
13.0520000458,80.2408981323,40507,40517,10
13.0517396927,80.2407302856,40517,40527,10
13.0513601303,80.2406311035,40527,40537,10
13.0509195328,80.2405395508,40537,40547,10
13.0507802963,80.2405319214,40547,40557,10
13.050359726,80.240447998,40557,40567,10
13.0498504639,80.2403182983,40567,40578,11
13.0490198135,80.2401580811,40578,40588,10
13.048119545,80.2399597168,40588,40598,10
13.047369957,80.2397766113,40598,40608,10
13.0467395782,80.2396774292,40608,40618,10
13.0462999344,80.2395477295,40618,40628,10
13.0463104248,80.2392730713,40628,40638,10
13.0464200974,80.2386779785,40638,40648,10
13.0465803146,80.2378921509,40648,40658,10
13.0467700958,80.2369613647,40658,40668,10
13.0469198227,80.2362594604,40668,40678,10
13.0469703674,80.2359695435,40678,40689,11
13.0470199585,80.2356414795,40689,40699,10
13.0470695496,80.2353134155,40699,40709,10
13.0471801758,80.2346191406,40709,40719,10
13.0472602844,80.2338104248,40719,40729,10
13.0472898483,80.2332992554,40729,40739,10
13.0472898483,80.233253479,40739,40749,10
13.0472698212,80.2331008911,40749,40759,10
13.047369957,80.2326889038,40759,40769,10
13.0474796295,80.2320175171,40769,40779,10
13.0475702286,80.231300354,40779,40789,10
13.0476398468,80.2306213379,40789,40800,11
13.047419548,80.2300567627,40800,40810,10
13.0468597412,80.2298202515,40810,40820,10
13.0459403992,80.2296829224,40820,40830,10
13.0450296402,80.2294998169,40830,40840,10
13.0445604324,80.2294235229,40840,40850,10
13.0442800522,80.229347229,40850,40860,10
13.0438699722,80.2292404175,40860,40870,10
13.0439195633,80.2288894653,40870,40880,10
13.044090271,80.2282867432,40880,40890,10
13.0443096161,80.2275390625,40890,40906,16
13.0446596146,80.2263031006,40906,40919,13
13.0448703766,80.2257232666,40919,40929,10
13.0451803207,80.2257614136,40929,40939,10
13.0459499359,80.2259521484,40939,40949,10
13.0465898514,80.2261734009,40949,40958,9
13.0468997955,80.2262802124,40958,40969,11
13.0476198196,80.2265319824,40969,40979,10
13.0482702255,80.2267074585,40979,40989,10
13.0489397049,80.2268829346,40989,40996,7
13.0493803024,80.2269134521,40996,41009,13
13.0504102707,80.2271194458,41009,41019,10
13.0509796143,80.2272262573,41019,41030,11
13.0517196655,80.2274017334,41030,41040,10
13.0521697998,80.2274780273,41040,41050,10
13.0527801514,80.2275924683,41050,41060,10
13.0535202026,80.2277069092,41060,41070,10
13.0538597107,80.2274398804,41070,41102,32
13.0538597107,80.2274398804,41102,41114,12
13.0538797379,80.2272033691,41114,41123,9
13.053850174,80.2268218994,41123,41133,10
13.0537700653,80.2262573242,41133,41145,12
13.0535802841,80.2253265381,41145,41155,10
13.0533504486,80.2245101929,41155,41195,40
13.0533504486,80.2245101929,41195,41205,10
13.0533504486,80.2242279053,41205,41215,10
13.0532999039,80.2238464355,41215,41224,9
13.0531902313,80.2232971191,41224,41234,10
13.0530195236,80.2226409912,41234,41246,12
13.0528497696,80.2220611572,41246,41256,10
13.0526199341,80.2213363647,41256,41266,10
13.0523796082,80.2205123901,41266,41276,10
13.0517196655,80.2202606201,41276,41294,18
13.0517196655,80.2202606201,41294,41306,12
13.0515403748,80.2202377319,41306,41316,10
13.0511198044,80.2200698853,41316,41326,10
13.0506000519,80.2199172974,41326,41336,10
13.0499401093,80.2197799683,41336,41346,10
13.0491399765,80.2195587158,41346,41357,11
13.048330307,80.219329834,41357,41367,10
13.0475101471,80.2191009521,41367,41377,10
13.0465202332,80.2188491821,41377,41397,20
13.0465202332,80.2188491821,41397,41407,10
13.046210289,80.2187271118,41407,41417,10
13.0457401276,80.2186279297,41417,41427,10
13.0450601578,80.2183837891,41427,41437,10
13.0443401337,80.2178726196,41437,41447,10
13.0438499451,80.2175598145,41447,41506,59
13.0438499451,80.2175598145,41506,41516,10
13.0437402725,80.2174606323,41516,41525,9
13.0434999466,80.217300415,41525,41536,11
13.0430803299,80.2169876099,41536,41546,10
13.0425195694,80.216583252,41546,41556,10
13.0417003632,80.2160568237,41556,41587,31
13.0417003632,80.2160568237,41587,41597,10
13.041390419,80.2158432007,41597,41607,10
13.0409803391,80.2155227661,41607,41617,10
13.0402803421,80.2150497437,41617,41627,10
13.0394296646,80.2144775391,41627,41637,10
13.0385904312,80.2138977051,41637,41647,10
13.0376701355,80.2132797241,41647,41657,10
13.0372200012,80.212677002,41657,41667,10
13.0369100571,80.2123718262,41667,41677,10
13.0361499786,80.212348938,41677,41687,10
13.0353002548,80.2123413086,41687,41698,11
13.0347204208,80.2122497559,41698,41707,9
13.0340995789,80.2121582031,41707,41728,21
13.0340995789,80.2121582031,41728,41738,10
13.0338401794,80.2121200562,41738,41748,10
13.0334501266,80.212020874,41748,41758,10
13.0328197479,80.2118911743,41758,41768,10
13.0321702957,80.2117919922,41768,41778,10
13.0319595337,80.2113876343,41778,41788,10
13.0320796967,80.2107391357,41788,41798,10
13.0322198868,80.2099533081,41798,41809,11
13.0327396393,80.209777832,41809,41819,10
13.0334796906,80.2098388672,41819,41829,10
13.0343599319,80.2098999023,41829,41839,10
13.0350799561,80.2098388672,41839,41849,10
13.035200119,80.2091827393,41849,41859,10
13.0352497101,80.2086334229,41859,41869,10
13.0352497101,80.2086105347,41869,41879,10
13.0353097916,80.2083129883,41879,41889,10
13.0353603363,80.2080917358,41889,41899,10
13.0355596542,80.2080230713,41899,41909,10
13.0360298157,80.2080764771,41909,41920,11
13.0367898941,80.2081680298,41920,41930,10
13.0374603271,80.2082595825,41930,41940,10
13.0385799408,80.2084274292,41940,41960,20
13.0385799408,80.2084274292,41960,41970,10
13.0389204025,80.2084884644,41970,41980,10
13.039440155,80.2085723877,41980,41990,10
13.0402002335,80.2086791992,41990,42000,10
13.0411195755,80.2088165283,42000,42010,10
13.0419301987,80.2089309692,42010,42020,10
13.0427999496,80.2090606689,42020,42031,11
13.0436201096,80.2091827393,42031,42041,10
13.0440397263,80.2091903687,42041,42051,10
13.0440597534,80.2088165283,42051,42061,10
13.0440597534,80.2087631226,42061,42071,10
13.0440597534,80.2086105347,42071,42081,10
13.0440502167,80.2081375122,42081,42091,10
13.0438699722,80.2074508667,42091,42101,10
13.0433797836,80.2067337036,42101,42111,10
13.0428199768,80.2059783936,42111,42121,10
13.0422401428,80.2054290771,42121,42131,10
13.0416097641,80.2052612305,42131,42142,11
13.0407495499,80.2051467896,42142,42152,10
13.0406503677,80.2051467896,42152,42162,10
13.0403203964,80.2051086426,42162,42172,10
13.0399904251,80.205039978,42172,42182,10
13.039850235,80.2050170898,42182,42192,10
13.039440155,80.2049713135,42192,42202,10
13.0388898849,80.2048721313,42202,42212,10
13.0382604599,80.2048034668,42212,42222,10
13.0381402969,80.2043991089,42222,42232,10
13.0382604599,80.2037582397,42232,42241,9
13.0383501053,80.2031021118,42241,42253,12
13.0384197235,80.2025375366,42253,42263,10
13.0384998322,80.2021179199,42263,42273,10
13.0385704041,80.2016067505,42273,42283,10
13.0386295319,80.2011795044,42283,42293,10
13.0387201309,80.2006835938,42293,42303,10
13.0388202667,80.1999588013,42303,42313,10
13.0389099121,80.1993179321,42313,42323,10
13.0389204025,80.1992492676,42323,42333,10
13.0389795303,80.1987915039,42333,42343,10
13.0390701294,80.1981735229,42343,42353,10
13.0391902924,80.1974411011,42353,42362,9
13.0392799377,80.1967926025,42362,42374,12
13.0392799377,80.1966934204,42374,42384,10
13.039349556,80.1963119507,42384,42394,10
13.0394201279,80.1957778931,42394,42404,10
13.0395202637,80.1950912476,42404,42414,10
13.0396795273,80.1941070557,42414,42424,10
13.0397596359,80.1932983398,42424,42434,10
13.0397596359,80.1931762695,42434,42444,10
13.0397396088,80.1930923462,42444,42454,10
13.0393800735,80.1930236816,42454,42464,10
13.038599968,80.1929016113,42464,42485,21
13.038599968,80.1929016113,42485,42495,10
13.0382204056,80.1928482056,42495,42505,10
13.0377197266,80.1929626465,42505,42515,10
13.0375699997,80.1936264038,42515,42525,10
13.0374498367,80.1945266724,42525,42535,10
13.0373001099,80.1955566406,42535,42545,10
13.0372495651,80.1959762573,42545,42555,10
13.0372400284,80.1960372925,42555,42565,10
13.0371904373,80.1962432861,42565,42575,10
13.0371103287,80.1967773438,42575,42585,10
13.0369901657,80.1975326538,42585,42596,11
13.0368995667,80.1981582642,42596,42606,10
13.0368499756,80.1985168457,42606,42616,10
13.0368299484,80.1987304688,42616,42626,10
13.0368099213,80.1988601685,42626,42636,10
13.036740303,80.1993484497,42636,42646,10
13.0366401672,80.2001037598,42646,42656,10
13.0364599228,80.2012863159,42656,42692,36
13.0364599228,80.2012863159,42692,42704,12
13.0363502502,80.2018585205,42704,42715,11
13.0362701416,80.2024230957,42715,42725,10
13.0361795425,80.2031478882,42725,42735,10
13.03606987,80.2038574219,42735,42745,10
13.0360298157,80.2041473389,42745,42754,9
13.0359802246,80.2045822144,42754,42765,11
13.0358896255,80.2051086426,42765,42774,9
13.0354700089,80.2052612305,42774,42796,22
13.0354700089,80.2052612305,42796,42806,10
13.0353899002,80.2052307129,42806,42817,11
13.0350799561,80.2051773071,42817,42827,10
13.0346803665,80.2054290771,42827,42836,9
13.034529686,80.205909729,42836,61636,18800
13.034529686,80.205909729,61636,61646,10
13.0345697403,80.2057495117,61646,61656,10
13.0344800949,80.2057723999,61656,61666,10
13.0342798233,80.2055969238,61666,61676,10
13.034529686,80.2054367065,61676,61737,61
13.034529686,80.2054367065,61737,61747,10
13.0346002579,80.2057037354,61747,61757,10
13.0345602036,80.2059326172,61757,62564,807
13.0345602036,80.2059326172,62564,62574,10
13.034819603,80.2059173584,62574,62584,10
13.0348300934,80.2055435181,62584,62594,10
13.0348596573,80.2053375244,62594,62604,10
13.0352296829,80.2051925659,62604,63089,485
13.0352296829,80.2051925659,63089,63099,10
13.0354003906,80.2052612305,63099,63109,10
13.035779953,80.2053222656,63109,63129,20
13.035779953,80.2053222656,63129,63139,10
13.035900116,80.205368042,63139,63149,10
13.0358400345,80.2057495117,63149,63159,10
13.0357999802,80.2059936523,63159,63169,10
13.0357303619,80.2063217163,63169,63179,10
13.03565979,80.2069015503,63179,63190,11
13.0355396271,80.2077407837,63190,63200,10
13.0354299545,80.2083206177,63200,63210,10
13.0353298187,80.2089996338,63210,63220,10
13.0352201462,80.2097167969,63220,63230,10
13.0351400375,80.2103805542,63230,63240,10
13.0349798203,80.2109832764,63240,63250,10
13.0349397659,80.2116928101,63250,63260,10
13.0350399017,80.2122116089,63260,63270,10
13.0355796814,80.212272644,63270,63280,10
13.0362997055,80.2123031616,63280,63290,10
13.0370702744,80.212310791,63290,63301,11
13.0377998352,80.2123184204,63301,63311,10
13.0387001038,80.2123184204,63311,63321,10
13.0396699905,80.2123031616,63321,63331,10
13.0405902863,80.2122497559,63331,63341,10
13.0414600372,80.2122421265,63341,63351,10
13.0423402786,80.2122421265,63351,63361,10
13.043299675,80.2122268677,63361,63371,10
13.0440397263,80.2122192383,63371,63452,81
13.0440397263,80.2122192383,63452,63462,10
13.0442495346,80.2122573853,63462,63472,10
13.044670105,80.2122802734,63472,63482,10
13.0453300476,80.2122802734,63482,63492,10
13.0461702347,80.2122573853,63492,63502,10
13.0472002029,80.2122192383,63502,63512,10
13.0481500626,80.2121200562,63512,63523,11
13.0491800308,80.212020874,63523,63533,10
13.0499601364,80.2119369507,63533,63543,10
13.0506601334,80.2119827271,63543,63553,10
13.0514802933,80.2120437622,63553,63563,10
13.0524597168,80.2119064331,63563,63573,10
13.0533704758,80.2117080688,63573,63583,10
13.0542898178,80.211479187,63583,63593,10
13.0548601151,80.2114105225,63593,63603,10
13.0556297302,80.21144104,63603,63613,10
13.0565700531,80.2114715576,63613,63623,10
13.0575895309,80.211479187,63623,63634,11
13.0585803986,80.2114562988,63634,63644,10
13.0594301224,80.211517334,63644,63654,10
13.0603399277,80.2115707397,63654,63664,10
13.0612001419,80.2116012573,63664,63674,10
13.0618400574,80.2115936279,63674,63684,10
13.0625200272,80.2115936279,63684,63700,16
13.0637903214,80.2115020752,63700,63712,12
13.0647602081,80.2112426758,63712,63720,8
13.0654296875,80.2108230591,63720,63732,12
13.0663604736,80.2100601196,63732,63742,10
13.0670204163,80.2093276978,63742,63753,11
13.0674695969,80.2086181641,63753,63763,10
13.0678396225,80.2080307007,63763,63772,9
13.0682897568,80.2073364258,63772,63783,11
13.0689001083,80.2063980103,63783,63793,10
13.0692596436,80.2058029175,63793,63803,10
13.0694999695,80.2053985596,63803,63813,10
13.069849968,80.2048568726,63813,63823,10
13.0702199936,80.2043609619,63823,63833,10
13.0706996918,80.203742981,63833,63843,10
13.0712404251,80.2031173706,63843,63853,10
13.0717401505,80.2025375366,63853,63874,21
13.0717401505,80.2025375366,63874,63884,10
13.0717802048,80.2024993896,63884,63894,10
13.0719804764,80.2022781372,63894,63904,10
13.0722103119,80.2020568848,63904,63914,10
13.0725002289,80.2017593384,63914,63924,10
13.0728797913,80.2013397217,63924,63934,10
13.0731401443,80.2010498047,63934,63944,10
13.0731897354,80.2010116577,63944,63954,10
13.0734300613,80.2007522583,63954,63964,10
13.0738401413,80.2002868652,63964,63975,11
13.0742702484,80.1997909546,63975,63985,10
13.0745601654,80.1994934082,63985,63995,10
13.0750904083,80.1991729736,63995,64005,10
13.0758399963,80.1990890503,64005,64015,10
13.0766401291,80.1990509033,64015,64025,10
13.0773601532,80.1989898682,64025,64034,9
13.0781002045,80.198890686,64034,64045,11
13.0790901184,80.1987686157,64045,64055,10
13.0798902512,80.1986999512,64055,64065,10
13.0806999207,80.198638916,64065,64075,10
13.0815000534,80.1986083984,64075,64086,11
13.0824804306,80.1985321045,64086,64096,10
13.0831604004,80.1985321045,64096,64106,10
13.0837602615,80.1984863281,64106,64116,10
13.0841798782,80.1985092163,64116,64126,10
13.0846700668,80.1985168457,64126,64136,10
13.0851402283,80.1985168457,64136,64146,10
13.085559845,80.1984786987,64146,64156,10
13.0860595703,80.1984405518,64156,64166,10
13.0866498947,80.1984176636,64166,64176,10
13.0870304108,80.1984405518,64176,64186,10
13.087439537,80.1986923218,64186,64197,11
13.0881299973,80.1987228394,64197,64207,10
13.0888004303,80.1987380981,64207,64217,10
13.0895595551,80.1987380981,64217,64227,10
13.0901603699,80.1986999512,64227,64237,10
13.0905504227,80.1986465454,64237,64247,10
13.0911397934,80.198638916,64247,64257,10
13.0918998718,80.198600769,64257,64267,10
13.0926904678,80.198600769,64267,64277,10
13.0933103561,80.198600769,64277,64287,10
13.0934495926,80.1984405518,64287,64297,10
13.0934400558,80.1981964111,64297,64308,11
13.0937404633,80.1981506348,64308,64318,10
13.0939998627,80.1979980469,64318,64328,10
13.094209671,80.1979217529,64328,64338,10
13.0944404602,80.1978912354,64338,64348,10
13.0947198868,80.1978988647,64348,64358,10
13.0950803757,80.1980209351,64358,64368,10
13.0953798294,80.1981506348,64368,64378,10
13.0954999924,80.1983566284,64378,64388,10
13.0951900482,80.1981964111,64388,64398,10
13.0947704315,80.197883606,64398,65397,999
13.0947704315,80.197883606,65397,65407,10
13.0944700241,80.197883606,65407,65428,21
13.0944700241,80.197883606,65428,65438,10
13.0943403244,80.1979217529,65438,65448,10
13.09416008,80.1979370117,65448,65458,10
13.0939998627,80.1980209351,65458,65468,10
13.0939102173,80.1982421875,65468,65478,10
13.0938997269,80.1984863281,65478,65488,10
13.0939798355,80.198600769,65488,65498,10
13.0942897797,80.1986312866,65498,65508,10
13.0947198868,80.198638916,65508,65517,9
13.0948200226,80.1986618042,65517,65529,12
13.0948400497,80.1989593506,65529,65539,10
13.0948495865,80.1994476318,65539,65549,10
13.0948400497,80.200012207,65549,65559,10
13.0948200226,80.2005233765,65559,65569,10
13.0945196152,80.2007064819,65569,65579,10
13.093919754,80.2006835938,65579,65589,10
13.0932598114,80.2006607056,65589,65599,10
13.0929498672,80.2006607056,65599,65609,10
13.0928201675,80.2006607056,65609,65619,10
13.0923500061,80.2006378174,65619,65629,10
13.0916595459,80.200630188,65629,65640,11
13.090929985,80.2005996704,65640,65650,10
13.0902700424,80.2005691528,65650,65660,10
13.0895595551,80.2005386353,65660,65676,16
13.0884599686,80.2005081177,65676,65688,12
13.0876302719,80.2005004883,65688,65698,10
13.0871601105,80.2004928589,65698,65706,8
13.0866203308,80.2004776001,65706,65719,13
13.0857601166,80.2004623413,65719,65729,10
13.0854301453,80.2004394531,65729,65739,10
13.0852603912,80.2002716064,65739,65750,11
13.085269928,80.1999206543,65750,65760,10
13.0852899551,80.1994628906,65760,65770,10
13.0852899551,80.198928833,65770,65780,10
13.0852003098,80.1987228394,65780,65790,10
13.0849599838,80.1987228394,65790,65800,10
13.08452034,80.1987075806,65800,65810,10
13.0840597153,80.1986923218,65810,65820,10
13.0832996368,80.198677063,65820,65871,51
13.0832996368,80.198677063,65871,65881,10
13.0831403732,80.198677063,65881,65890,9
13.0829000473,80.198677063,65890,65901,11
13.0824899673,80.198677063,65901,65911,10
13.0820703506,80.1986923218,65911,65921,10
13.0816497803,80.1986999512,65921,65931,10
13.081199646,80.1986923218,65931,65941,10
13.0806999207,80.1987228394,65941,65951,10
13.0801000595,80.1987762451,65951,65961,10
13.0794696808,80.1988525391,65961,65972,11
13.0788002014,80.1988983154,65972,65982,10
13.0781602859,80.1989822388,65982,65992,10
13.0774202347,80.1990737915,65992,66002,10
13.0766801834,80.1991500854,66002,66012,10
13.0759801865,80.1992263794,66012,66022,10
13.0752801895,80.1993484497,66022,66032,10
13.0745601654,80.1996765137,66032,66042,10
13.0739498138,80.2001800537,66042,66052,10
13.073559761,80.200630188,66052,66062,10
13.0734500885,80.2007827759,66062,66072,10
13.07310009,80.201210022,66072,66083,11
13.0725698471,80.2018585205,66083,66093,10
13.0720796585,80.2024078369,66093,66103,10
13.0714597702,80.2030792236,66103,66113,10
13.0708904266,80.2037506104,66113,66123,10
13.0703802109,80.2044219971,66123,66133,10
13.0700101852,80.2049636841,66133,66143,10
13.0698099136,80.205116272,66143,66153,10
13.0696001053,80.2049789429,66153,66163,10
13.0693397522,80.2049407959,66163,66173,10
13.0691204071,80.2053375244,66173,66183,10
13.0687303543,80.2055282593,66183,66333,150
13.0687303543,80.2055282593,66333,66343,10
13.0683898926,80.2055130005,66343,66353,10
13.0680704117,80.2054901123,66353,66383,30
13.0679197311,80.2053222656,66383,66747,364
13.0679197311,80.2053222656,66747,66757,10
13.0681695938,80.2050018311,66757,66767,10
13.0684299469,80.2049865723,66767,66777,10
13.0685997009,80.2049102783,66777,66787,10
13.0690002441,80.2047729492,66787,66797,10
13.0692596436,80.2047805786,66797,66807,10
13.0697402954,80.2049331665,66807,66868,61
13.0697402954,80.2049331665,66868,66878,10
13.069849968,80.2051010132,66878,66888,10
13.069609642,80.205581665,66888,66898,10
13.0691995621,80.2062301636,66898,66908,10
13.0687503815,80.2069778442,66908,66918,10
13.0682497025,80.2078018188,66918,66928,10
13.0677700043,80.2085571289,66928,66938,10
13.0675201416,80.2089385986,66938,66948,10
13.067150116,80.2095108032,66948,66958,10
13.0665397644,80.2101364136,66958,66969,11
13.0656499863,80.2108612061,66969,66979,10
13.0650501251,80.2113494873,66979,66989,10
13.0649204254,80.2114181519,66989,66999,10
13.064450264,80.2116012573,66999,67009,10
13.0637197495,80.2117919922,67009,67019,10
13.0628404617,80.211807251,67019,67029,10
13.0620298386,80.2117767334,67029,67039,10
13.061249733,80.2117233276,67039,67049,10
13.0600795746,80.2117080688,67049,67059,10
13.0591001511,80.2116928101,67059,67069,10
13.0584497452,80.2116622925,67069,67080,11
13.0580196381,80.2116622925,67080,67090,10
13.0573301315,80.2116622925,67090,67100,10
13.0564899445,80.2117004395,67100,67110,10
13.0562496185,80.2117080688,67110,67120,10
13.0559101105,80.2116928101,67120,67130,10
13.0552301407,80.2116622925,67130,67140,10
13.0544700623,80.2116394043,67140,67150,10
13.0544099808,80.2116470337,67150,67160,10
13.0541400909,80.2117004395,67160,67170,10
13.0535497665,80.2118377686,67170,67180,10
13.0527896881,80.2120513916,67180,67191,11
13.05189991,80.2122573853,67191,67201,10
13.0510902405,80.2122573853,67201,67211,10
13.0501699448,80.2122192383,67211,67251,40
13.0501699448,80.2122192383,67251,67261,10
13.0500602722,80.2121963501,67261,67271,10
13.049659729,80.2122192383,67271,67291,20
13.049659729,80.2122192383,67291,67302,11
13.0495195389,80.2122268677,67302,67312,10
13.0491304398,80.2122192383,67312,67322,10
13.0486602783,80.2122421265,67322,67332,10
13.0482397079,80.212272644,67332,67342,10
13.0473003387,80.212348938,67342,67352,10
13.0463895798,80.2123794556,67352,67362,10
13.0454301834,80.2124328613,67362,67372,10
13.0444602966,80.2124710083,67372,67382,10
13.043510437,80.2124404907,67382,67392,10
13.0424900055,80.2124404907,67392,67402,10
13.0413703918,80.2124710083,67402,67412,10
13.0403795242,80.2124710083,67412,67423,11
13.0394601822,80.2124710083,67423,67433,10
13.0386600494,80.2125015259,67433,67443,10
13.0382604599,80.2125091553,67443,67481,38
13.0382604599,80.2125091553,67481,67489,8
13.038189888,80.2124786377,67489,67500,11
13.0377998352,80.2124710083,67500,67511,11
13.0372695923,80.2124404907,67511,67521,10
13.0366697311,80.2124023438,67521,67531,10
13.0359802246,80.2124176025,67531,67542,11
13.0354604721,80.2124176025,67542,67552,10
13.0352296829,80.2123794556,67552,67562,10
13.0349302292,80.2123336792,67562,67565,3
13.0348596573,80.2123184204,67565,67609,44
13.034119606,80.2121887207,67609,67619,10
13.0338497162,80.2121429443,67619,67629,10
13.0334796906,80.212059021,67629,67639,10
13.0329198837,80.2119369507,67639,67650,11
13.0321998596,80.2118225098,67650,67660,10
13.0319700241,80.2113265991,67660,67670,10
13.0320196152,80.2107086182,67670,67680,10
13.0320701599,80.2100524902,67680,67690,10
13.0318698883,80.2096633911,67690,67701,11
13.0312595367,80.2095031738,67701,67713,12
13.0303001404,80.2091903687,67713,67733,20
13.0303001404,80.2091903687,67733,67743,10
13.0299901962,80.2091217041,67743,67754,11
13.0295801163,80.2090072632,67754,67772,18
13.0295801163,80.2090072632,67772,67783,11
13.0293703079,80.2089233398,67783,67794,11
13.0288200378,80.2087936401,67794,67805,11
13.0280504227,80.2085723877,67805,67816,11
13.0272703171,80.208190918,67816,67827,11
13.0265302658,80.2077407837,67827,67837,10
13.0256795883,80.2072601318,67837,67847,10
13.0248403549,80.2070617676,67847,67857,10
13.0241804123,80.2069396973,67857,67867,10
13.0237197876,80.206817627,67867,67878,11
13.0229797363,80.2066726685,67878,67888,10
13.0222301483,80.2065505981,67888,67898,10
13.0215997696,80.2065200806,67898,67908,10
13.0209903717,80.2065124512,67908,67918,10
13.0202999115,80.2065200806,67918,67928,10
13.0193996429,80.206489563,67928,67938,10
13.0190401077,80.206413269,67938,67948,10
13.0188703537,80.2063522339,67948,67958,10
13.0183801651,80.206161499,67958,67968,10
13.0178203583,80.2059783936,67968,67979,11
13.0172395706,80.2057266235,67979,67989,10
13.0166797638,80.2055435181,67989,67999,10
13.0157604218,80.2052001953,67999,68009,10
13.0149202347,80.2049026489,68009,68019,10
13.0143203735,80.2046890259,68019,68029,10
13.0136699677,80.2044830322,68029,68039,10
13.0135002136,80.2048034668,68039,68049,10
13.0133304596,80.2053604126,68049,68059,10
13.0131196976,80.2060089111,68059,68069,10
13.0129995346,80.2067489624,68069,68079,10
13.0129404068,80.2074584961,68079,68090,11
13.0128803253,80.207901001,68090,68100,10
13.0128498077,80.2083816528,68100,68110,10
13.0128698349,80.2087173462,68110,68120,10
13.0129404068,80.2092208862,68120,68130,10
13.0131597519,80.2097473145,68130,68140,10
13.0130996704,80.2103271484,68140,68150,10
13.0129699707,80.2109985352,68150,68160,10
13.0126495361,80.2116317749,68160,68170,10
13.0122804642,80.2122802734,68170,68180,10
13.0119104385,80.2127990723,68180,68196,16
13.0115203857,80.2126922607,68196,68209,13
13.010840416,80.2121963501,68209,68219,10
13.0102596283,80.2117614746,68219,68229,10
13.0099201202,80.2114715576,68229,68239,10
13.0099096298,80.2114715576,68239,68249,10
13.0098400116,80.2114028931,68249,68259,10
13.0097398758,80.2113418579,68259,68269,10
13.0094900131,80.2111434937,68269,68330,61
13.0094900131,80.2111434937,68330,68340,10
13.0092096329,80.2114105225,68340,68370,30
13.0092096329,80.2114105225,68370,68380,10
13.0089998245,80.2117614746,68380,68390,10
13.0091600418,80.2122268677,68390,68400,10
13.0093698502,80.2128067017,68400,68410,10
13.0095796585,80.2134017944,68410,68420,10
13.0098199844,80.2139816284,68420,68431,11
13.0100698471,80.2146224976,68431,68441,10
13.0101804733,80.2153015137,68441,68451,10
13.0103797913,80.2160797119,68451,68461,10
13.0108003616,80.2169570923,68461,68471,10
13.0112104416,80.217880249,68471,68481,10
13.0115699768,80.2188796997,68481,68491,10
13.0119104385,80.2199401855,68491,68501,10
13.0122203827,80.2208633423,68501,68511,10
13.012430191,80.2216186523,68511,68521,10
13.0128498077,80.2222137451,68521,68532,11
13.0133695602,80.2228164673,68532,68542,10
13.0139102936,80.2234191895,68542,68551,9
13.0143203735,80.2239303589,68551,68562,11
13.0148496628,80.2245483398,68562,68572,10
13.0153198242,80.2250671387,68572,68582,10
13.0154800415,80.2254714966,68582,68592,10
13.0153598785,80.225769043,68592,68602,10
13.0149202347,80.226020813,68602,68612,10
13.0143003464,80.2262496948,68612,68622,10
13.0135602951,80.2265396118,68622,68632,10
13.0127496719,80.2268829346,68632,68643,11
13.0118598938,80.2272415161,68643,68653,10
13.011059761,80.2275619507,68653,68663,10
13.0102500916,80.2278823853,68663,68673,10
13.0095396042,80.2278900146,68673,68683,10
13.0096597672,80.2272491455,68683,68693,10
13.0100002289,80.2265319824,68693,68703,10
13.0103197098,80.2257614136,68703,68713,10
13.0104999542,80.2253723145,68713,68723,10
13.0105199814,80.2253417969,68723,68733,10
13.0106601715,80.2250289917,68733,68743,10
13.0108003616,80.2246322632,68743,68754,11
13.0110397339,80.2239685059,68754,68764,10
13.0112495422,80.2233963013,68764,68774,10
13.0109500885,80.2230987549,68774,68784,10
13.0104198456,80.2228317261,68784,68794,10
13.0098304749,80.2225189209,68794,68804,10
13.0091695786,80.2221603394,68804,68814,10
13.008480072,80.2217788696,68814,68824,10
13.007809639,80.2214126587,68824,68834,10
13.0071201324,80.2210388184,68834,68844,10
13.0063800812,80.2207183838,68844,68855,11
13.0054597855,80.2205123901,68855,68871,16
13.0041999817,80.220199585,68871,68883,12
13.0032997131,80.2199783325,68883,68893,10
13.0027198792,80.2197723389,68893,68903,10
13.0020399094,80.2191390991,68903,68913,10
13.0015201569,80.2186203003,68913,68923,10
13.0012702942,80.2184677124,68923,68933,10
13.0012197495,80.2184371948,68933,68943,10
13.0009202957,80.2182235718,68943,68953,10
13.000459671,80.217918396,68953,68963,10
13.0000095367,80.2176437378,68963,68974,11
12.9994001389,80.2172775269,68974,68985,11
12.9985799789,80.2168731689,68985,68995,10
12.9974403381,80.2165908813,68995,69015,20
12.9974403381,80.2165908813,69015,69025,10
12.997300148,80.216583252,69025,69035,10
12.9968395233,80.2166137695,69035,69045,10
12.996219635,80.2166671753,69045,69055,10
12.9955101013,80.2168579102,69055,69064,9
12.9951400757,80.2170562744,69064,69075,11
12.9947900772,80.217300415,69075,69086,11
12.9943399429,80.2176132202,69086,69096,10
12.9939804077,80.2178573608,69096,69106,10
12.9935703278,80.2181472778,69106,69116,10
12.9930801392,80.2184906006,69116,69126,10
12.992600441,80.2188491821,69126,69136,10
12.9920597076,80.2192382813,69136,69146,10
12.9916801453,80.219543457,69146,69166,20
12.9916801453,80.219543457,69166,69176,10
12.9914999008,80.2196731567,69176,69187,11
12.9910497665,80.219543457,69187,69217,30
12.9910497665,80.219543457,69217,69227,10
12.9906702042,80.2193908691,69227,69237,10
12.9900798798,80.2191772461,69237,69247,10
12.98939991,80.2189407349,69247,69257,10
12.9886302948,80.2186584473,69257,69267,10
12.9878196716,80.2184829712,69267,69277,10
12.9873104095,80.2184066772,69277,69287,10
12.9869804382,80.2183380127,69287,69297,10
12.9869203568,80.2183303833,69297,69308,11
12.9864902496,80.2182235718,69308,69318,10
12.985830307,80.2180633545,69318,69328,10
12.9849996567,80.2180023193,69328,69338,10
12.9839897156,80.2180404663,69338,69358,20
12.9839897156,80.2180404663,69358,69368,10
12.9837598801,80.2180175781,69368,69378,10
12.9832696915,80.2180404663,69378,69388,10
12.9826402664,80.2180404663,69388,69398,10
12.9820098877,80.2180480957,69398,69408,10
12.9814300537,80.2181167603,69408,69419,11
12.981180191,80.2181930542,69419,69429,10
12.9807195663,80.2183380127,69429,69439,10
12.9801197052,80.2185592651,69439,69448,9
12.9795999527,80.2187728882,69448,69459,11
12.9790000916,80.2190170288,69459,69468,9
12.9785404205,80.2192001343,69468,69479,11
12.977930069,80.2194671631,69479,69489,10
12.9771203995,80.2198028564,69489,69499,10
12.9766397476,80.2200088501,69499,69509,10
12.9763803482,80.220123291,69509,69519,10
12.9762496948,80.2201919556,69519,69530,11
12.9760904312,80.2202606201,69530,69540,10
12.9758996964,80.2203216553,69540,69719,179
12.9758996964,80.2203216553,69719,69729,10
12.9754896164,80.2205734253,69729,69739,10
12.9755096436,80.2208328247,69739,69750,11
12.975859642,80.2211990356,69750,69760,10
12.9761600494,80.2216415405,69760,69790,30
12.9761600494,80.2216415405,69790,69800,10
12.9762802124,80.2218170166,69800,69810,10
12.9764900208,80.2222290039,69810,69820,10
12.9768104553,80.2227478027,69820,69830,10
12.9771995544,80.2233581543,69830,69840,10
12.9776201248,80.224029541,69840,69850,10
12.9779596329,80.2245407104,69850,69861,11
12.9781398773,80.2248535156,69861,69871,10
12.9784498215,80.2253417969,69871,69881,10
12.9787797928,80.2258987427,69881,69891,10
12.9791402817,80.2264862061,69891,69901,10
12.9794797897,80.2270507813,69901,69911,10
12.9798297882,80.2276306152,69911,69921,10
12.9802103043,80.2282485962,69921,69931,10
12.9805498123,80.2288589478,69931,69941,10
12.9807596207,80.2292327881,69941,69951,10
12.9810400009,80.2296829224,69951,69961,10
12.9813995361,80.2302093506,69961,69972,11
12.9816799164,80.2306213379,69972,69982,10
12.9816904068,80.230682373,69982,69992,10
12.9818401337,80.2310409546,69992,70002,10
12.9819803238,80.2316589355,70002,70012,10
12.982000351,80.2322616577,70012,70022,10
12.9819202423,80.232711792,70022,70032,10
12.9817399979,80.2331924438,70032,70042,10
12.9816102982,80.2335205078,70042,70052,10
12.9815998077,80.2335510254,70052,70062,10
12.9814500809,80.2338562012,70062,70072,10
12.9812297821,80.2343902588,70072,70082,10
12.9812002182,80.2350463867,70082,70093,11
12.9812202454,80.2358322144,70093,70103,10
12.9812297821,80.236541748,70103,70119,16
12.9812602997,80.2375793457,70119,70131,12
12.9812803268,80.23828125,70131,70141,10
12.9812803268,80.2384414673,70141,70151,10
12.9812803268,80.2384719849,70151,70160,9
12.9812898636,80.2386474609,70160,70171,11
12.981300354,80.2386703491,70171,70181,10
12.981300354,80.2390213013,70181,70191,10
12.9813098907,80.2395401001,70191,70202,11
12.9813203812,80.240020752,70202,70212,10
12.9813404083,80.2405471802,70212,70222,10
12.9813499451,80.2411880493,70222,70232,10
12.9813604355,80.2420196533,70232,70252,20
12.9813604355,80.2420196533,70252,70262,10
12.9813604355,80.2422485352,70262,70272,10
12.9813699722,80.2426986694,70272,70282,10
12.9813604355,80.2428512573,70282,70292,10
12.9813404083,80.2429733276,70292,70302,10
12.9813299179,80.2432098389,70302,70313,11
12.981300354,80.243812561,70313,70323,10
12.9812202454,80.2444992065,70323,70333,10
12.9811201096,80.2452926636,70333,70343,10
12.9810199738,80.2461166382,70343,70353,10
12.9809303284,80.2469787598,70353,70363,10
12.9808597565,80.2478485107,70363,70373,10
12.9807796478,80.2487030029,70373,70383,10
12.9806995392,80.2495574951,70383,70393,10
12.9805498123,80.2503662109,70393,70403,10
12.9803600311,80.2510910034,70403,70413,10
12.9801797867,80.2518005371,70413,70424,11
12.9800796509,80.2522888184,70424,70434,10
12.9800596237,80.2523803711,70434,70444,10
12.9801301956,80.2525863647,70444,70454,10
12.9804201126,80.2527236938,70454,70464,10
12.9809303284,80.2526931763,70464,70474,10
12.9816598892,80.2526702881,70474,70484,10
12.9824800491,80.2526473999,70484,70494,10
12.9833202362,80.2525787354,70494,70504,10
12.984120369,80.2523880005,70504,70514,10
12.984919548,80.252166748,70514,70525,11
12.9857397079,80.2519378662,70525,70535,10
12.9863195419,80.2517776489,70535,70545,10
12.9867296219,80.2516708374,70545,70595,50
12.9867296219,80.2516708374,70595,70605,10
12.9868602753,80.2516098022,70605,70615,10
12.9872398376,80.2514724731,70615,70625,10
12.9877004623,80.2513809204,70625,70635,10
12.9878997803,80.2516403198,70635,70646,11
12.9879703522,80.2520294189,70646,70656,10
12.9879703522,80.252456665,70656,70666,10
12.9878997803,80.253036499,70666,70676,10
12.987830162,80.2537231445,70676,70686,10
12.9877595901,80.2544708252,70686,70706,20
12.9877595901,80.2545394897,70706,70888,182
12.9877595901,80.2545394897,70888,70898,10
12.987739563,80.2546920776,70898,70908,10
12.9877004623,80.2550506592,70908,70918,10
12.987660408,80.2553405762,70918,70928,10
12.9876203537,80.2557220459,70928,70938,10
12.987569809,80.2563323975,70938,70958,20
12.987569809,80.2563323975,70958,70969,11
12.9875297546,80.2565307617,70969,70979,10
12.9875001907,80.2568969727,70979,70989,10
12.9874401093,80.2574234009,70989,70999,10
12.9873895645,80.2581100464,70999,71009,10
12.9873304367,80.2587890625,71009,71019,10
12.9872198105,80.259262085,71019,71049,30
12.9872198105,80.259262085,71049,71059,10
12.9872198105,80.2593612671,71059,71069,10
12.987159729,80.2595825195,71069,71079,10
12.9869699478,80.2595672607,71079,71090,11
12.9866600037,80.2595367432,71090,71100,10
12.9866199493,80.2593307495,71100,72422,1322
12.9866199493,80.2593307495,72422,72432,10
12.9865503311,80.2591781616,72432,72523,91
12.9869203568,80.2591171265,72523,72583,60
12.9872598648,80.2590103149,72583,72634,51
12.9872598648,80.2590103149,72634,72644,10
12.9872598648,80.2588195801,72644,72664,20
12.9872598648,80.2588195801,72664,72674,10
12.9872903824,80.2585906982,72674,72684,10
12.9873399734,80.2581787109,72684,72694,10
12.9873800278,80.2579803467,72694,72704,10
12.9874095917,80.2574462891,72704,72835,131
12.9874401093,80.2570571899,72835,73017,182
12.9874401093,80.2570571899,73017,73027,10
12.9874601364,80.2568130493,73027,73037,10
12.9875001907,80.2566223145,73037,73047,10
12.9875202179,80.2564315796,73047,73057,10
12.9875202179,80.2561187744,73057,73067,10
12.9875602722,80.2558135986,73067,73077,10
12.9876403809,80.2551422119,73077,73098,21
12.9876403809,80.2551422119,73098,73108,10
12.9876699448,80.2547988892,73108,73118,10
12.987739563,80.2541732788,73118,73128,10
12.9877996445,80.253288269,73128,73138,10
12.9877796173,80.2519073486,73138,73219,81
12.9877796173,80.2519073486,73219,73229,10
12.987739563,80.2518997192,73229,73239,10
12.9875297546,80.251663208,73239,73249,10
12.9868497849,80.2517318726,73249,73259,10
12.98595047,80.2519378662,73259,73269,10
12.9851503372,80.2521286011,73269,73279,10
12.9838895798,80.2524719238,73279,73289,10
12.98279953,80.2526779175,73289,73299,10
12.9816799164,80.2527236938,73299,73310,11
12.9804801941,80.2527618408,73310,73320,10
12.9798402786,80.2527618408,73320,73340,20
12.9798402786,80.2527618408,73340,73350,10
12.9798202515,80.2524414063,73350,73360,10
12.9798603058,80.2522201538,73360,73370,10
12.9798603058,80.2521591187,73370,73380,10
12.9799900055,80.2517623901,73380,73390,10
12.980219841,80.251083374,73390,73400,10
12.9804801941,80.2501220703,73400,73411,11
12.9806604385,80.2488632202,73411,73421,10
12.9807195663,80.2477874756,73421,73431,10
12.9808502197,80.2464828491,73431,73441,10
12.9809904099,80.2452774048,73441,73451,10
12.9811000824,80.2441329956,73451,73461,10
12.9812202454,80.2436599731,73461,73471,10
12.9812402725,80.2431411743,73471,73481,10
12.9812498093,80.2430419922,73481,73491,10
12.9812698364,80.2428207397,73491,73501,10
12.9812803268,80.2423171997,73501,73511,10
12.9812803268,80.2415466309,73511,73521,10
12.9812698364,80.2405776978,73521,73532,11
12.9812402725,80.2396316528,73532,73541,9
12.9812202454,80.2388763428,73541,73552,11
12.9812202454,80.2381668091,73552,73562,10
12.9811897278,80.2377471924,73562,73572,10
12.981180191,80.2376327515,73572,73582,10
12.9811601639,80.2371292114,73582,73592,10
12.9811401367,80.2363204956,73592,73602,10
12.9811201096,80.2353668213,73602,73612,10
12.9811201096,80.2344818115,73612,73622,10
12.9813404083,80.2338027954,73622,73633,11
12.9813804626,80.2337188721,73633,73643,10
12.9814500809,80.233581543,73643,73653,10
12.9814796448,80.2334976196,73653,73663,10
12.9815797806,80.2333221436,73663,73673,10
12.9818000793,80.2328109741,73673,73683,10
12.9819402695,80.2321166992,73683,73693,10
12.9819202423,80.2315979004,73693,73703,10
12.9817199707,80.2308197021,73703,73713,10
12.9815196991,80.2305526733,73713,73723,10
12.9811897278,80.2300186157,73723,73733,10
12.9808597565,80.2295074463,73733,73744,11
12.9807500839,80.2292785645,73744,73754,10
12.9805803299,80.2289581299,73754,73766,12
12.9801597595,80.2282333374,73766,73776,10
12.9797697067,80.2275695801,73776,73786,10
12.9793701172,80.2269363403,73786,73796,10
12.9789104462,80.2261581421,73796,73806,10
12.9785203934,80.2254867554,73806,73815,9
12.9781303406,80.224861145,73815,73825,10
12.9777498245,80.2243499756,73825,73836,11
12.9773197174,80.2236633301,73836,73846,10
12.9770097733,80.2231369019,73846,73857,11
12.9768400192,80.2228164673,73857,73867,10
12.9765996933,80.2224502563,73867,73877,10
12.9762496948,80.2219009399,73877,73887,10
12.9759397507,80.2214279175,73887,73897,10
12.9756498337,80.2211074829,73897,73947,50
12.9756498337,80.2211074829,73947,73958,11
12.9755096436,80.2209701538,73958,73968,10
12.9753599167,80.2208404541,73968,74028,60
12.9753599167,80.2208404541,74028,74038,10
12.9752397537,80.2206573486,74038,74048,10
12.9754199982,80.2204818726,74048,74058,10
12.9757404327,80.2202682495,74058,74068,10
12.9763402939,80.2199707031,74068,74085,17
12.9778203964,80.2193527222,74085,74097,12
12.9785404205,80.2190475464,74097,74107,10
12.9788599014,80.2189102173,74107,74117,10
12.9794998169,80.2186889648,74117,74127,10
12.979929924,80.2185134888,74127,74137,10
12.9804496765,80.2183074951,74137,74147,10
12.9810800552,80.2180862427,74147,74157,10
12.9819898605,80.2179031372,74157,74167,10
12.982629776,80.2178573608,74167,74177,10
12.9833097458,80.2178573608,74177,74188,11
12.9834804535,80.2178573608,74188,74198,10
12.9837703705,80.217880249,74198,74208,10
12.9842996597,80.2178497314,74208,74218,10
12.9850597382,80.217880249,74218,74228,10
12.9859895706,80.2179794312,74228,74238,10
12.9868202209,80.2181625366,74238,74248,10
12.9875802994,80.2183074951,74248,74258,10
12.9877700806,80.2183380127,74258,74268,10
12.9878196716,80.2183609009,74268,74278,10
12.9881601334,80.2184371948,74278,74288,10
12.9885196686,80.218536377,74288,74298,10
12.9889001846,80.2186584473,74298,74309,11
12.9896602631,80.2189025879,74309,74319,10
12.990530014,80.2191925049,74319,74329,10
12.9914197922,80.2194213867,74329,74339,10
12.9920301437,80.2191467285,74339,74349,10
12.9926900864,80.2186584473,74349,74359,10
12.9932804108,80.2182388306,74359,74369,10
12.9938802719,80.2177963257,74369,74379,10
12.9944200516,80.2173995972,74379,74389,10
12.9946203232,80.2172393799,74389,74399,10
12.994890213,80.2170562744,74399,74410,11
12.9954299927,80.2167816162,74410,74420,10
12.9960298538,80.216583252,74420,74430,10
12.9966697693,80.2164916992,74430,74440,10
12.9969797134,80.2164611816,74440,74450,10
12.9974498749,80.2161102295,74450,74500,50
12.9974498749,80.2161102295,74500,74510,10
12.9977703094,80.2158584595,74510,74521,11
12.9982595444,80.2154083252,74521,74531,10
12.998749733,80.2149734497,74531,74541,10
12.9991197586,80.2146682739,74541,74551,10
12.999540329,80.2143173218,74551,74561,10
12.9999704361,80.2139511108,74561,74571,10
13.0004997253,80.2134933472,74571,74581,10
13.0010099411,80.2130432129,74581,74591,10
13.0014200211,80.2127609253,74591,74601,10
13.0018997192,80.2124023438,74601,74611,10
13.0025901794,80.2121276855,74611,74621,10
13.0032997131,80.2120819092,74621,74632,11
13.0036401749,80.2117996216,74632,74642,10
13.0036201477,80.2111587524,74642,74652,10
13.0035400391,80.2105026245,74652,74662,10
13.0034704208,80.2098617554,74662,74672,10
13.0035495758,80.2091674805,74672,74682,10
13.0039901733,80.2086715698,74682,74692,10
13.0047597885,80.209022522,74692,74702,10
13.0055999756,80.2093887329,74702,74718,16
13.007109642,80.2098312378,74718,74741,23
13.007109642,80.2098312378,74741,74751,10
13.0074796677,80.2098693848,74751,74761,10
13.007900238,80.2099609375,74761,74771,10
13.0081100464,80.2099609375,74771,74781,10
13.0080404282,80.2095108032,74781,74791,10
13.0079097748,80.2087936401,74791,74801,10
13.007809639,80.2080612183,74801,74811,10
13.0076599121,80.2071380615,74811,74821,10
13.0075302124,80.2062988281,74821,74831,10
13.0074701309,80.205406189,74831,74841,10
13.0074701309,80.2046203613,74841,74852,11
13.0073900223,80.2037811279,74852,74862,10
13.0072402954,80.20287323,74862,74872,10
13.0066003799,80.2026672363,74872,74882,10
13.006649971,80.2033233643,74882,74892,10
13.0071897507,80.2036209106,74892,74902,10
13.0079097748,80.2037582397,74902,74912,10
13.0088996887,80.2037124634,74912,74922,10
13.0099697113,80.2036590576,74922,74932,10
13.0110998154,80.2036972046,74932,74942,10
13.012260437,80.2038803101,74942,74952,10
13.013299942,80.2041168213,74952,74962,10
13.0142803192,80.2044906616,74962,74973,11
13.0153303146,80.2048797607,74973,74983,10
13.0162801743,80.2052230835,74983,74993,10
13.0171403885,80.2053527832,74993,75003,10
13.0179300308,80.2056427002,75003,75013,10
13.0186395645,80.2058868408,75013,75023,10
13.0187797546,80.2059402466,75023,75033,10
13.0192298889,80.2061080933,75033,75043,10
13.0200004578,80.2062530518,75043,75053,10
13.0209703445,80.2062988281,75053,75069,16
13.0224103928,80.2063827515,75069,75081,12
13.0235996246,80.2065963745,75081,75092,11
13.0246896744,80.2068405151,75092,75102,10
13.0257501602,80.2071914673,75102,75111,9
13.0265703201,80.2076797485,75111,75122,11
13.0276098251,80.2082977295,75122,75132,10
13.0286502838,80.2086791992,75132,75142,10
13.0296201706,80.2089233398,75142,75152,10
13.0304803848,80.2091827393,75152,75162,10
13.0313901901,80.2093963623,75162,75172,10
13.0315904617,80.2094497681,75172,75181,9
13.032119751,80.2095718384,75181,75193,12
13.033200264,80.2097396851,75193,75203,10
13.0342998505,80.2099685669,75203,75213,10
13.0350103378,80.2102279663,75213,75223,10
13.0349798203,80.2107696533,75223,75232,9
13.0349903107,80.2111434937,75232,75243,11
13.0349903107,80.211151123,75243,75253,10
13.0349197388,80.2114868164,75253,75263,10
13.0347795486,80.2119598389,75263,75273,10
13.0349903107,80.2122573853,75273,75283,10
13.0355396271,80.2123031616,75283,75294,11
13.0363197327,80.2123413086,75294,75304,10
13.0369796753,80.2123413086,75304,75313,9
13.0376396179,80.2123413086,75313,75324,11
13.0386695862,80.2123031616,75324,75333,9
13.039560318,80.2122879028,75333,75344,11
13.0406799316,80.2122573853,75344,75354,10
13.041680336,80.2122573853,75354,75364,10
13.0426397324,80.2122421265,75364,75374,10
13.043800354,80.2122268677,75374,75445,71
13.043800354,80.2122268677,75445,75455,10
13.0438995361,80.2122421265,75455,75465,10
13.0441999435,80.2122268677,75465,75475,10
13.044670105,80.2122497559,75475,75485,10
13.0453796387,80.2122497559,75485,75495,10
13.046210289,80.2122268677,75495,75505,10
13.0470895767,80.2122116089,75505,75515,10
13.0479202271,80.2121276855,75515,75525,10
13.0487604141,80.2119979858,75525,75536,11
13.0493402481,80.2119827271,75536,75546,10
13.0500402451,80.2119827271,75546,75556,10
13.0507898331,80.2120513916,75556,75566,10
13.0516700745,80.2120666504,75566,75576,10
13.0526103973,80.2118988037,75576,75586,10
13.0535802841,80.2116622925,75586,75596,10
13.0544395447,80.2114715576,75596,75606,10
13.0552797318,80.211479187,75606,75616,10
13.0563001633,80.211479187,75616,75626,10
13.0574998856,80.2114334106,75626,75647,21
13.0574998856,80.2114334106,75647,75657,10
13.057800293,80.2114181519,75657,75673,16
13.0589599609,80.2115020752,75673,75685,12
13.0601196289,80.2115707397,75685,75695,10
13.0611600876,80.2116394043,75695,75705,10
13.0621004105,80.2116622925,75705,75715,10
13.0629997253,80.2115936279,75715,75725,10
13.0631999969,80.2115402222,75725,75735,10
13.063369751,80.2115020752,75735,75746,11
13.0637998581,80.2114868164,75746,75756,10
13.0643396378,80.2114028931,75756,75765,9
13.0648899078,80.2111282349,75765,75776,11
13.0656099319,80.2105865479,75776,75786,10
13.0662698746,80.2100372314,75786,75795,9
13.0667896271,80.2095413208,75795,75806,11
13.0672197342,80.2088012695,75806,75816,10
13.0672702789,80.208732605,75816,75827,11
13.0675096512,80.2083969116,75827,75837,10
13.0678796768,80.2078094482,75837,75847,10
13.068400383,80.20703125,75847,75858,11
13.0689697266,80.2061920166,75858,75868,10
13.0692996979,80.2056427002,75868,75878,10
13.069439888,80.205368042,75878,75888,10
13.0695400238,80.2052230835,75888,75898,10
13.0696201324,80.2049865723,75898,75908,10
13.0693502426,80.2049026489,75908,75918,10
13.0691099167,80.2052536011,75918,75928,10
13.0687704086,80.2054367065,75928,75938,10
13.0683298111,80.205329895,75938,76655,717
13.0679302216,80.2052764893,76655,76705,50
13.0679302216,80.2052764893,76705,76715,10
13.0681200027,80.2050018311,76715,76725,10
13.068189621,80.2050018311,76725,76735,10
13.068479538,80.2049331665,76735,76746,11
13.0687799454,80.2048110962,76746,76756,10
13.0689897537,80.2047729492,76756,76766,10
13.0692300797,80.204788208,76766,76776,10
13.0694999695,80.2048416138,76776,76786,10
13.0696496964,80.2048873901,76786,76796,10
13.0697097778,80.2049484253,76796,76806,10
13.0697402954,80.2050018311,76806,76816,10
13.0697898865,80.2052688599,76816,76826,10
13.069560051,80.205657959,76826,76836,10
13.0692596436,80.2061309814,76836,76845,9
13.0689897537,80.2065582275,76845,76857,12
13.0688400269,80.2068481445,76857,76897,40
13.0688400269,80.2068481445,76897,76907,10
13.0686998367,80.2070465088,76907,76917,10
13.0684204102,80.2074890137,76917,76927,10
13.0680398941,80.2080764771,76927,76937,10
13.0675802231,80.2087783813,76937,76947,10
13.0670795441,80.2095718384,76947,76957,10
13.0663795471,80.2102890015,76957,76968,11
13.065489769,80.2110519409,76968,76978,10
13.0650501251,80.21144104,76978,76988,10
13.0650501251,80.2114486694,76988,76998,10
13.0649404526,80.211517334,76998,77008,10
13.0645103455,80.2116775513,77008,77018,10
13.0638799667,80.211807251,77018,77028,10
13.0637397766,80.2118377686,77028,77038,10
13.0635404587,80.2118377686,77038,77048,10
13.0630903244,80.2118682861,77048,77058,10
13.0624799728,80.2118835449,77058,77068,10
13.0617799759,80.2117919922,77068,77078,10
13.0607795715,80.2117996216,77078,77089,11
13.0597696304,80.2117614746,77089,77099,10
13.0588798523,80.211730957,77099,77109,10
13.0580701828,80.2117233276,77109,77119,10
13.0572595596,80.2117233276,77119,77129,10
13.056429863,80.2117080688,77129,77139,10
13.0555400848,80.2116928101,77139,77149,10
13.0548000336,80.2116775513,77149,77159,10
13.0543699265,80.2116928101,77159,77169,10
13.0538396835,80.2118225098,77169,77180,11
13.0530900955,80.2119903564,77180,77190,10
13.0523099899,80.2121734619,77190,77200,10
13.0514497757,80.2123031616,77200,77210,10
13.0507097244,80.2122268677,77210,77220,10
13.0499200821,80.2122573853,77220,77230,10
13.0495195389,80.2122268677,77230,77301,71
13.0495195389,80.2122268677,77301,77311,10
13.0491399765,80.2121887207,77311,77321,10
13.0486497879,80.2122116089,77321,77331,10
13.0479803085,80.2122879028,77331,77341,10
13.0471601486,80.2123565674,77341,77352,11
13.0461502075,80.2124023438,77352,77364,12
13.0451202393,80.2124710083,77364,77374,10
13.0449399948,80.2124786377,77374,77384,10
13.0448503494,80.2124862671,77384,77394,10
13.044500351,80.2124786377,77394,77403,9
13.044090271,80.2124786377,77403,77415,12
13.0432500839,80.2124710083,77415,77425,10
13.0424900055,80.2124481201,77425,77435,10
13.0416603088,80.2124481201,77435,77445,10
13.0407800674,80.2124404907,77445,77455,10
13.0398597717,80.2124481201,77455,77465,10
13.0389499664,80.2124633789,77465,77475,10
13.0381803513,80.2124481201,77475,77485,10
13.0378599167,80.2124710083,77485,77495,10
13.0377101898,80.2124633789,77495,77505,10
13.037610054,80.2124633789,77505,77516,11
13.0373497009,80.2124176025,77516,77525,9
13.0371799469,80.2123794556,77525,77536,11
13.036860466,80.2123565674,77536,77546,10
13.0363197327,80.2123413086,77546,77556,10
13.035610199,80.2123184204,77556,77566,10
13.0348901749,80.212272644,77566,77586,20
13.0348901749,80.212272644,77586,77596,10
13.0346002579,80.2121963501,77596,77606,10
13.034239769,80.2121505737,77606,77627,21
13.034239769,80.2121505737,77627,77637,10
13.0341596603,80.2121429443,77637,77647,10
13.0338602066,80.2120895386,77647,77657,10
13.0334501266,80.2119674683,77657,77667,10
13.0329198837,80.2118606567,77667,77677,10
13.0322904587,80.2117614746,77677,77687,10
13.0319404602,80.2116088867,77687,77697,10
13.0319499969,80.2112579346,77697,77707,10
13.031999588,80.2107391357,77707,77717,10
13.0320501328,80.2101593018,77717,77727,10
13.0319795609,80.2096481323,77727,77738,11
13.0313596725,80.209487915,77738,77748,10
13.0306501389,80.2093200684,77748,77758,10
13.0300102234,80.2091369629,77758,77768,10
13.0295600891,80.2090072632,77768,77788,20
13.0295600891,80.2090072632,77788,77798,10
13.0293397903,80.2089385986,77798,77808,10
13.028840065,80.2088012695,77808,77818,10
13.0281000137,80.2085723877,77818,77828,10
13.0274200439,80.2082290649,77828,77837,9
13.0267601013,80.2078323364,77837,77849,12
13.0257997513,80.2072677612,77849,77859,10
13.0248603821,80.2070007324,77859,77869,10
13.0242204666,80.2069168091,77869,77879,10
13.0242004395,80.2069168091,77879,77889,10
13.0240097046,80.2068786621,77889,77899,10
13.0235395432,80.20677948,77899,77909,10
13.0228595734,80.2066421509,77909,77919,10
13.0220603943,80.2064819336,77919,77929,10
13.0212697983,80.2064590454,77929,77939,10
13.0203399658,80.2064590454,77939,77949,10
13.019109726,80.2063598633,77949,77980,31
13.019109726,80.2063598633,77980,77990,10
13.0189695358,80.2062606812,77990,78000,10
13.0186195374,80.2061920166,78000,78010,10
13.0180101395,80.2060012817,78010,78020,10
13.0173597336,80.2057418823,78020,78030,10
13.0166501999,80.2054367065,78030,78040,10
13.0157699585,80.2051391602,78040,78049,9
13.0149297714,80.2048797607,78049,78059,10
13.0140399933,80.2045593262,78059,78071,12
13.0135402679,80.2045898438,78071,78081,10
13.0133695602,80.2051010132,78081,78091,10
13.0131597519,80.2057189941,78091,78101,10
13.0129899979,80.2064819336,78101,78111,10
13.0129098892,80.207321167,78111,78121,10
13.0128297806,80.2078018188,78121,78131,10
13.0128002167,80.2082595825,78131,78141,10
13.0128002167,80.2086334229,78141,78151,10
13.0128602982,80.2090911865,78151,78161,10
13.0130901337,80.2096405029,78161,78171,10
13.0130901337,80.2101898193,78171,78182,11
13.0129299164,80.2109603882,78182,78192,10
13.0125703812,80.2116622925,78192,78208,16
13.0118999481,80.2127075195,78208,78220,12
13.0116100311,80.2126998901,78220,78230,10
13.0113201141,80.2124862671,78230,78240,10
13.0107097626,80.2120437622,78240,78250,10
13.0101995468,80.2116775513,78250,78260,10
13.009469986,80.2110900879,78260,78311,51
13.009469986,80.2110900879,78311,78321,10
13.0092496872,80.2110595703,78321,78331,10
13.0091199875,80.2112579346,78331,78341,10
13.0089597702,80.211517334,78341,78351,10
13.0090303421,80.2118835449,78351,78361,10
13.0092000961,80.2124023438,78361,78371,10
13.0094003677,80.2129516602,78371,78381,10
13.0096197128,80.2134780884,78381,78391,10
13.0098304749,80.2139968872,78391,78401,10
13.0100402832,80.2145385742,78401,78412,11
13.0101604462,80.2153167725,78412,78422,10
13.0103998184,80.2160873413,78422,78432,10
13.0108098984,80.2169799805,78432,78442,10
13.0112199783,80.2179336548,78442,78452,10
13.0115804672,80.2189788818,78452,78468,16
13.0121097565,80.2206573486,78468,78480,12
13.0123996735,80.2216033936,78480,78490,10
13.0127000809,80.222038269,78490,78500,10
13.0132598877,80.2227096558,78500,78510,10
13.0138196945,80.2233581543,78510,78521,11
13.0143899918,80.224067688,78521,78531,10
13.0150003433,80.2247619629,78531,78541,10
13.0154104233,80.2253036499,78541,78550,9
13.0153102875,80.2257232666,78550,78561,11
13.0147304535,80.2260513306,78561,78571,10
13.0140800476,80.2262878418,78571,78581,10
13.0133304596,80.2265777588,78581,78591,10
13.0124797821,80.2268981934,78591,78601,10
13.0115995407,80.2272491455,78601,78611,10
13.0107002258,80.2276000977,78611,78621,10
13.0098800659,80.2279129028,78621,78632,11
13.0094995499,80.2275085449,78632,78642,10
13.0097703934,80.2269210815,78642,78652,10
13.0100803375,80.2262420654,78652,78662,10
13.0103902817,80.2254562378,78662,78672,10
13.0107297897,80.2246398926,78672,78682,10
13.0110797882,80.2237625122,78682,78692,10
13.0112400055,80.2231674194,78692,78702,10
13.0107698441,80.2229003906,78702,78711,9
13.0101995468,80.222618103,78711,78722,11
13.0094404221,80.2222213745,78722,78731,9
13.0087900162,80.221862793,78731,78743,12
13.0079097748,80.2213821411,78743,78753,10
13.0071401596,80.2209777832,78753,78763,10
13.006310463,80.2206115723,78763,78773,10
13.0053596497,80.2203979492,78773,78783,10
13.0045700073,80.220199585,78783,78793,10
13.0038499832,80.2200393677,78793,78803,10
13.0032100677,80.219871521,78803,78813,10
13.0026702881,80.2196731567,78813,78823,10
13.002120018,80.2191925049,78823,78833,10
13.001660347,80.2186737061,78833,78843,10
13.0011196136,80.2182998657,78843,78854,11
13.0004396439,80.2178573608,78854,78864,10
12.9998502731,80.2174835205,78864,78874,10
12.9992198944,80.2171173096,78874,78884,10
12.9985599518,80.2167892456,78884,78894,10
12.9973297119,80.2165222168,78894,78934,40
12.9973297119,80.2165222168,78934,78944,10
12.9969396591,80.2165222168,78944,78954,10
12.9964504242,80.2165603638,78954,78965,11
12.9957103729,80.2167205811,78965,78975,10
12.9951400757,80.2169799805,78975,78985,10
12.9949903488,80.2170791626,78985,78995,10
12.9946603775,80.217300415,78995,79005,10
12.9942398071,80.2176132202,79005,79015,10
12.9938697815,80.2178573608,79015,79025,10
12.9933595657,80.218208313,79025,79035,10
12.9928197861,80.2185974121,79035,79045,10
12.9922199249,80.2190475464,79045,79054,9
12.9916801453,80.2194595337,79054,79064,10
12.9910402298,80.2194519043,79064,79084,20
12.9910402298,80.2194519043,79084,79096,12
12.9907598495,80.2193374634,79096,79106,10
12.9902200699,80.2191390991,79106,79116,10
12.9895200729,80.2188873291,79116,79126,10
12.9887104034,80.2185974121,79126,79136,10
12.9878797531,80.2183990479,79136,79146,10
12.9873199463,80.2183074951,79146,79156,10
12.9868602753,80.2182312012,79156,79166,10
12.9868497849,80.2182312012,79166,79176,10
12.9865503311,80.2181625366,79176,79187,11
12.9858999252,80.2179794312,79187,79197,10
12.9850597382,80.2179031372,79197,79207,10
12.9843196869,80.217918396,79207,79217,10
12.9837799072,80.2179412842,79217,79227,10
12.9837703705,80.2179412842,79227,79237,10
12.9835300446,80.2179412842,79237,79247,10
12.9829902649,80.2179412842,79247,79257,10
12.9823303223,80.2179412842,79257,79267,10
12.981710434,80.2179718018,79267,79277,10
12.9809598923,80.218170166,79277,79287,10
12.9801998138,80.218421936,79287,79298,11
12.9795598984,80.2186965942,79298,79308,10
12.9789199829,80.218963623,79308,79318,10
12.9784402847,80.2191390991,79318,79328,10
12.9777898788,80.2193984985,79328,79338,10
12.9770202637,80.2197189331,79338,79348,10
12.9762601852,80.2200698853,79348,79358,10
12.9758195877,80.2202911377,79358,79368,10
12.9757204056,80.2203216553,79368,79398,30
12.9757204056,80.2203216553,79398,79409,11
12.9755897522,80.2203369141,79409,79419,10
12.9754695892,80.2206573486,79419,79429,10
12.9757995605,80.2210769653,79429,79439,10
12.9761800766,80.2215805054,79439,79469,30
12.9761800766,80.2215805054,79469,79479,10
12.9762201309,80.2216567993,79479,79489,10
12.9764099121,80.2219467163,79489,79499,10
12.9767198563,80.2224502563,79499,79509,10
12.9770803452,80.2230529785,79509,79520,11
12.9775600433,80.2238235474,79520,79530,10
12.9780397415,80.2245635986,79530,79540,10
12.9784803391,80.2253036499,79540,79550,10
12.9788398743,80.2258682251,79550,79560,10
12.9792804718,80.2266235352,79560,79570,10
12.9797000885,80.2273178101,79570,79580,10
12.9801397324,80.2280502319,79580,79590,10
12.9805698395,80.228767395,79590,79600,10
12.9809503555,80.2294235229,79600,79610,10
12.9813995361,80.2301101685,79610,79620,10
12.9816799164,80.2305221558,79620,79631,11
12.981710434,80.2305831909,79631,79640,9
12.9818401337,80.2309112549,79640,79651,11
12.9819898605,80.2315597534,79651,79661,10
12.9820299149,80.2321014404,79661,79671,10
12.982000351,80.232383728,79671,79681,10
12.9818897247,80.2328720093,79681,79691,10
12.9816303253,80.2334594727,79691,79701,10
12.9815597534,80.233581543,79701,79711,10
12.9815397263,80.233581543,79711,79721,10
12.9813604355,80.2339324951,79721,79731,10
12.9811897278,80.2345199585,79731,79742,11
12.981180191,80.2352523804,79742,79752,10
12.9812002182,80.236038208,79752,79762,10
12.9812402725,80.2369384766,79762,79772,10
12.9812498093,80.2378234863,79772,79782,10
12.9812602997,80.238571167,79782,79792,10
12.9812602997,80.2386398315,79792,79802,10
12.9812698364,80.2388305664,79802,79812,10
12.9812803268,80.2393798828,79812,79822,10
12.981300354,80.2401428223,79822,79832,10
12.9813203812,80.2409820557,79832,79842,10
12.9813299179,80.2417984009,79842,79853,11
12.9813499451,80.2429504395,79853,79873,20
12.9813499451,80.2429504395,79873,79883,10
12.9813299179,80.2432632446,79883,79893,10
12.9812803268,80.2438735962,79893,79903,10
12.9811897278,80.2446517944,79903,79913,10
12.9810695648,80.2455596924,79913,79923,10
12.9809799194,80.2465362549,79923,79933,10
12.980890274,80.2475128174,79933,79943,10
12.9808101654,80.2484893799,79943,79959,16
12.980629921,80.2499771118,79959,79972,13
12.980340004,80.2511291504,79972,79982,10
12.9800901413,80.252243042,79982,80001,19
12.9800901413,80.252243042,80001,80012,11
12.9800701141,80.2523498535,80012,80022,10
12.9802103043,80.2525787354,80022,80032,10
12.9806604385,80.2526397705,80032,80042,10
12.9814596176,80.2526168823,80042,80052,10
12.9823598862,80.2526016235,80052,80062,10
12.9833402634,80.2525024414,80062,80073,11
12.9844303131,80.2522201538,80073,80083,10
12.9853897095,80.2519607544,80083,80093,10
12.9863195419,80.2517166138,80093,80103,10
12.987159729,80.2514877319,80103,80113,10
12.9877796173,80.2513580322,80113,80173,60
12.9877796173,80.2513580322,80173,80184,11
12.9879198074,80.2516479492,80184,80194,10
12.9879999161,80.2522964478,80194,80204,10
12.9878997803,80.2532501221,80204,80214,10
12.9878196716,80.2542800903,80214,80224,10
12.9877004623,80.2557067871,80224,80295,71
12.9877004623,80.2557067871,80295,80305,10
12.987660408,80.255859375,80305,80315,10
12.9875802994,80.2562484741,80315,80325,10
12.9875297546,80.2565994263,80325,80335,10
12.9874801636,80.2570724487,80335,80345,10
12.9874200821,80.2577896118,80345,80355,10
12.9873695374,80.2583694458,80355,80365,10
12.9873504639,80.2585067749,80365,80375,10
12.9872303009,80.2585296631,80375,80537,162
12.9872303009,80.2585296631,80537,80547,10
12.9873600006,80.2580718994,80547,80557,10
12.9873600006,80.2580108643,80557,80567,10
12.9874200821,80.2576065063,80567,80577,10
12.9874696732,80.2569198608,80577,80587,10
12.9875202179,80.256072998,80587,80597,10
12.9875497818,80.2556762695,80597,80607,10
12.9876499176,80.2553710938,80607,80617,10
12.9876804352,80.255241394,80617,80628,11
12.9876899719,80.2549285889,80628,80638,10
12.9877004623,80.2549285889,80638,80648,10
12.9876899719,80.2548522949,80648,80658,10
12.9877004623,80.2545394897,80658,80668,10
12.9877595901,80.2539672852,80668,80678,10
12.9878196716,80.2532730103,80678,80688,10
12.9879102707,80.2524414063,80688,80698,10
12.9878101349,80.2518005371,80698,80708,10
12.9877700806,80.251701355,80708,80718,10
12.9875097275,80.2515869141,80718,80728,10
12.9870004654,80.2516403198,80728,80739,11
12.9861402512,80.2518463135,80739,80748,9
12.9853096008,80.2520599365,80748,80759,11
12.98416996,80.2523803711,80759,80769,10
12.9831104279,80.2526016235,80769,80779,10
12.9820098877,80.2526702881,80779,80789,10
12.980890274,80.2527008057,80789,80799,10
12.9798898697,80.2526702881,80799,80819,20
12.9798898697,80.2526702881,80819,80829,10
12.9798603058,80.2522583008,80829,80850,21
12.9798603058,80.2522583008,80850,80860,10
12.9799203873,80.2521209717,80860,80870,10
12.9800300598,80.251701355,80870,80880,10
12.9804801941,80.2502212524,80880,80890,10
12.9804801941,80.2502212524,80890,80900,10
12.9806499481,80.2492904663,80900,80910,10
12.9807395935,80.2482223511,80910,80920,10
12.9808397293,80.2470703125,80920,80930,10
12.9809503555,80.2459030151,80930,80940,10
12.981089592,80.244720459,80940,80951,11
12.9811697006,80.2437896729,80951,80962,11
12.981300354,80.2435302734,80962,80973,11
12.9813404083,80.243019104,80973,80983,10
12.9813499451,80.2428207397,80983,80993,10
12.9813699722,80.242729187,80993,81003,10
12.9813699722,80.2422866821,81003,81014,11
12.9813604355,80.241569519,81014,81024,10
12.9813404083,80.2406005859,81024,81034,10
12.9813203812,80.2398834229,81034,81044,10
12.9813098907,80.2393493652,81044,81054,10
12.9812898636,80.2386398315,81054,81064,10
12.9812698364,80.237953186,81064,81075,11
12.9812698364,80.2378082275,81075,81085,10
12.9812602997,80.2376022339,81085,81095,10
12.9812402725,80.237159729,81095,81105,10
12.9812202454,80.2366409302,81105,81115,10
12.9812097549,80.2359619141,81115,81125,10
12.9811897278,80.2352218628,81125,81135,10
12.9812002182,80.2343826294,81135,81145,10
12.9814796448,80.2336196899,81145,81155,10
12.9815702438,80.2334365845,81155,81165,10
12.9815998077,80.2333908081,81165,81175,10
12.9817495346,80.2330627441,81175,81186,11
12.9819698334,80.2324676514,81186,81196,10
12.9820203781,80.2317810059,81196,81206,10
12.981880188,80.2309799194,81206,81216,10
12.9815397263,80.2303009033,81216,81226,10
12.9810800552,80.2295913696,81226,81236,10
12.9807796478,80.2291030884,81236,81245,9
12.9807195663,80.2289962769,81245,81256,11
12.9805498123,80.228729248,81256,81266,10
12.9802103043,80.2281570435,81266,81276,10
12.9797697067,80.2274398804,81276,81286,10
12.9792804718,80.2266387939,81286,81297,11
12.9787197113,80.2257080078,81297,81307,10
12.978219986,80.2249069214,81307,81317,10
12.9778203964,80.2243499756,81317,81327,10
12.9774703979,80.2237701416,81327,81337,10
12.977060318,80.2230987549,81337,81347,10
12.9767599106,80.2226028442,81347,81357,10
12.9764604568,80.2220993042,81357,81367,10
12.9761295319,80.2216110229,81367,81377,10
12.975859642,80.2212371826,81377,81408,31
12.975859642,80.2212371826,81408,81418,10
12.9757003784,80.2210388184,81418,81428,10
12.9754495621,80.2208175659,81428,81444,16
12.9753303528,80.2206802368,81444,81456,12
12.9755601883,80.2203521729,81456,81465,9
12.9759197235,80.2201385498,81465,81475,10
12.9766302109,80.2198028564,81475,81486,11
12.9774904251,80.2194366455,81486,81496,10
12.9783000946,80.2190933228,81496,81506,10
12.9787502289,80.2189483643,81506,81516,10
12.9793796539,80.2186965942,81516,81527,11
12.9801397324,80.2183837891,81527,81537,10
12.9807796478,80.2181472778,81537,81547,10
12.9815502167,80.2179031372,81547,81557,10
12.9823799133,80.2178115845,81557,81567,10
12.9837999344,80.2177886963,81567,81587,20
12.9837999344,80.2177886963,81587,81597,10
12.9838104248,80.2178573608,81597,81607,10
12.9841604233,80.2178268433,81607,81617,10
12.9847297668,80.2178192139,81617,81628,11
12.9855499268,80.2178421021,81628,81638,10
12.986410141,80.2180023193,81638,81648,10
12.9872398376,80.218170166,81648,81658,10
12.9876899719,80.2182617188,81658,81668,10
12.9877099991,80.2182617188,81668,81678,10
12.9879703522,80.2183380127,81678,81688,10
12.9885396957,80.2184829712,81688,81698,10
12.9892997742,80.2187194824,81698,81708,10
12.9901399612,80.2190170288,81708,81718,10
12.9909696579,80.2192764282,81718,81728,10
12.991519928,80.2194137573,81728,81739,11
12.9919395447,80.2192001343,81739,81749,10
12.9924497604,80.2188415527,81749,81759,10
12.9929800034,80.2184295654,81759,81769,10
12.9936199188,80.2179412842,81769,81779,10
12.9941196442,80.2175979614,81779,81789,10
12.994600296,80.2172698975,81789,81799,10
12.9948396683,80.2170715332,81799,81809,10
12.9949197769,80.2170181274,81809,81819,10
12.9952602386,80.2168197632,81819,81829,10
12.9958696365,80.2166213989,81829,81839,10
12.9966201782,80.216506958,81839,81850,11
12.9974298477,80.2161636353,81850,81870,20
12.9974298477,80.2161636353,81870,81880,10
12.997590065,80.2160263062,81880,81890,10
12.9979600906,80.2157287598,81890,81900,10
12.998459816,80.2153091431,81900,81910,10
12.9990196228,80.214881897,81910,81920,10
12.9992599487,80.2146377563,81920,81930,10
12.9996900558,80.2142333984,81930,81939,9
13.0000400543,80.2139205933,81939,81950,11
13.000579834,80.2134170532,81950,81961,11
13.0012397766,80.2129135132,81961,81971,10
13.0018796921,80.2124176025,81971,81981,10
13.0025596619,80.2120895386,81981,81991,10
13.0032501221,80.2120513916,81991,82001,10
13.0036401749,80.2119064331,82001,82011,10
13.0036497116,80.2118988037,82011,82021,10
13.0036697388,80.2117614746,82021,82031,10
13.0036802292,80.2114181519,82031,82041,10
13.0036497116,80.2108764648,82041,82051,10
13.0035800934,80.210319519,82051,82061,10
13.0035200119,80.2097167969,82061,82072,11
13.0036296844,80.2089996338,82072,82082,10
13.004119873,80.2086715698,82082,82092,10
13.004940033,80.2090377808,82092,82102,10
13.0058698654,80.2094116211,82102,82112,10
13.0066995621,80.2096633911,82112,82122,10
13.007349968,80.2098083496,82122,82162,40
13.007349968,80.2098083496,82162,82172,10
13.0075902939,80.2098693848,82172,82183,11
13.0080299377,80.2099609375,82183,82193,10
13.0081396103,80.2096633911,82193,82203,10
13.0080604553,80.2094421387,82203,82213,10
13.0079698563,80.2089996338,82213,82223,10
13.0078697205,80.2082595825,82223,82233,10
13.0077199936,80.2073822021,82233,82243,10
13.0075597763,80.2063674927,82243,82253,10
13.0074996948,80.2054672241,82253,82263,10
13.0074901581,80.2048797607,82263,82273,10
13.0074901581,80.2042999268,82273,82283,10
13.0074300766,80.2035675049,82283,82294,11
13.0071601868,80.2025985718,82294,82304,10
13.0065402985,80.2027664185,82304,82314,10
13.0067100525,80.2032928467,82314,82324,10
13.0072097778,80.2035369873,82324,82334,10
13.007900238,80.2036819458,82334,82344,10
13.0088300705,80.2036514282,82344,82354,10
13.009929657,80.2035827637,82354,82364,10
13.0111198425,80.2036132813,82364,82374,10
13.0123500824,80.2037963867,82374,82384,10
13.0134801865,80.2040863037,82384,82394,10
13.0144300461,80.2044296265,82394,82405,11
13.0154495239,80.204826355,82405,82415,10
13.0163497925,80.205116272,82415,82425,10
13.0170698166,80.205291748,82425,82435,10
13.0179004669,80.205581665,82435,82445,10
13.0186901093,80.205909729,82445,82485,40
13.0186901093,80.205909729,82485,82495,10
13.0187797546,80.205947876,82495,82505,10
13.0191802979,80.2060775757,82505,82516,11
13.019900322,80.2062225342,82516,82526,10
13.0207300186,80.2062301636,82526,82536,10
13.0216798782,80.2062530518,82536,82546,10
13.0225696564,80.2063369751,82546,82562,16
13.0242004395,80.2066726685,82562,82574,12
13.0254602432,80.206993103,82574,82582,8
13.0262203217,80.2073822021,82582,82593,11
13.0271701813,80.2079620361,82593,82604,11
13.028169632,80.2084579468,82604,82615,11
13.0292701721,80.2087402344,82615,82626,11
13.0302400589,80.2089767456,82626,82636,10
13.0311403275,80.2092285156,82636,82646,10
13.0315599442,80.2093582153,82646,82656,10
13.0315799713,80.2093734741,82656,82665,9
13.0316896439,80.2094573975,82665,82676,11
13.0321798325,80.2095565796,82676,82686,10
13.0328998566,80.2096633911,82686,82696,10
13.0337200165,80.2098464966,82696,82706,10
13.0346403122,80.2100372314,82706,82716,10
13.0350103378,80.2105178833,82716,82726,10
13.0349903107,80.2112503052,82726,82747,21
13.0349903107,80.2112503052,82747,82757,10
13.0349597931,80.211479187,82757,82767,10
13.0348997116,80.2119369507,82767,82777,10
13.0352602005,80.2121963501,82777,82787,10
13.035779953,80.2122421265,82787,82797,10
13.0368499756,80.2122497559,82797,82807,10
13.0378799438,80.212272644,82807,82817,10
13.0389099121,80.2122573853,82817,82827,10
13.039899826,80.2122573853,82827,82837,10
13.0409498215,80.2122421265,82837,82848,11
13.0420799255,80.2122421265,82848,82858,10
13.0433301926,80.2122192383,82858,82908,50
13.0433301926,80.2122192383,82908,82918,10
13.0436096191,80.2121963501,82918,82969,51
13.0436096191,80.2121963501,82969,82979,10
13.044090271,80.2121887207,82979,82989,10
13.044500351,80.2121810913,82989,82999,10
13.0450401306,80.2121810913,82999,83009,10
13.0460500717,80.2121505737,83009,83019,10
13.0470104218,80.2121200562,83019,83029,10
13.0479402542,80.212020874,83029,83039,10
13.0484695435,80.2119598389,83039,83049,10
13.0484800339,80.2119598389,83049,83059,10
13.048910141,80.2119369507,83059,83070,11
13.0495901108,80.2118988037,83070,83080,10
13.0501699448,80.2119064331,83080,83090,10
13.0506601334,80.2119293213,83090,83100,10
13.0509901047,80.2119674683,83100,83110,10
13.0518598557,80.2119369507,83110,83120,10
13.0528001785,80.2117614746,83120,83130,10
13.0537395477,80.211517334,83130,83140,10
13.0547103882,80.2113494873,83140,83150,10
13.0557003021,80.2113189697,83150,83160,10
13.05671978,80.2113571167,83160,83170,10
13.0577497482,80.2113876343,83170,83181,11
13.058719635,80.2114181519,83181,83191,10
13.0596599579,80.211479187,83191,83201,10
13.0606203079,80.2115402222,83201,83211,10
13.0616197586,80.2116012573,83211,83221,10
13.0624399185,80.2116622925,83221,83231,10
13.0631599426,80.211517334,83231,83241,10
13.0632600784,80.211517334,83241,83251,10
13.063659668,80.2115020752,83251,83261,10
13.064160347,80.2114181519,83261,83271,10
13.0647802353,80.2112197876,83271,83281,10
13.0656003952,80.2106399536,83281,83292,11
13.0664596558,80.2099075317,83292,83302,10
13.0671195984,80.2091293335,83302,83312,10
13.0676698685,80.2082519531,83312,83322,10
13.0682096481,80.2073898315,83322,83331,9
13.0687103271,80.2066421509,83331,83342,11
13.0692195892,80.2059173584,83342,83352,10
13.0695199966,80.2053985596,83352,83372,20
13.0695199966,80.2053985596,83372,83382,10
13.0695695877,80.2053222656,83382,83392,10
13.0696802139,80.2049407959,83392,83403,11
13.0691995621,80.204826355,83403,83413,10
13.0687904358,80.2051696777,83413,83423,10
13.0682096481,80.2051773071,83423,83897,474
13.0682096481,80.2051773071,83897,83907,10
13.0681400299,80.2051010132,83907,83917,10
13.0681800842,80.2049713135,83917,83927,10
13.0683298111,80.2049331665,83927,83937,10
13.0686597824,80.2048110962,83937,83947,10
13.0688800812,80.2047271729,83947,83958,11
13.0692501068,80.2047271729,83958,83968,10
13.0697498322,80.2048721313,83968,83988,20
13.0697498322,80.2048721313,83988,83998,10
13.0698003769,80.2049331665,83998,84008,10
13.0698099136,80.2052383423,84008,84018,10
13.0694704056,80.2057189941,84018,84028,10
13.0690498352,80.2063674927,84028,84037,9
13.0686397552,80.2070236206,84037,84048,11
13.0681295395,80.207862854,84048,84058,10
13.0676298141,80.2086410522,84058,84069,11
13.0670700073,80.2095108032,84069,84079,10
13.0663795471,80.2101974487,84079,84089,10
13.0656204224,80.2108535767,84089,84099,10
13.0648097992,80.2114181519,84099,84109,10
13.0640802383,80.2116928101,84109,84119,10
13.0639801025,80.2117004395,84119,84129,10
13.0637798309,80.2117233276,84129,84139,10
13.0635404587,80.2117614746,84139,84149,10
13.0635204315,80.2117614746,84149,84159,10
13.063249588,80.2117385864,84159,84169,10
13.0626296997,80.211769104,84169,84180,11
13.0619001389,80.211807251,84180,84190,10
13.0609397888,80.2117767334,84190,84200,10
13.059969902,80.2117385864,84200,84210,10
13.059009552,80.2116775513,84210,84220,10
13.0580301285,80.2116470337,84220,84230,10
13.0572395325,80.2116622925,84230,84240,10
13.0569000244,80.2116699219,84240,84250,10
13.0562601089,80.2116775513,84250,84260,10
13.055390358,80.2116470337,84260,84270,10
13.054479599,80.2116470337,84270,84280,10
13.0536203384,80.211807251,84280,84291,11
13.0525999069,80.212059021,84291,84301,10
13.0516500473,80.2122421265,84301,84311,10
13.0507202148,80.2122268677,84311,84321,10
13.0500297546,80.2122116089,84321,84329,8
13.0499696732,80.2122116089,84329,84341,12
13.0496702194,80.2121887207,84341,84352,11
13.0491895676,80.2121887207,84352,84362,10
13.0484600067,80.2122192383,84362,84372,10
13.0476198196,80.2122802734,84372,84382,10
13.0467100143,80.2123184204,84382,84391,9
13.0458803177,80.2123565674,84391,84403,12
13.0449199677,80.2124023438,84403,84413,10
13.0444202423,80.2124176025,84413,84423,10
13.0437002182,80.2124023438,84423,84433,10
13.0428199768,80.2124023438,84433,84443,10
13.0419197083,80.2124099731,84443,84453,10
13.0409603119,80.2124176025,84453,84463,10
13.0399799347,80.2124404907,84463,84473,10
13.0389699936,80.2124176025,84473,84483,10
13.0380401611,80.2123794556,84483,84493,10
13.0374202728,80.212348938,84493,84503,10
13.0367002487,80.2123184204,84503,84514,11
13.0359201431,80.2123718262,84514,84524,10
13.0355501175,80.2123794556,84524,84534,10
13.0349397659,80.2123031616,84534,84544,10
13.0342998505,80.2121429443,84544,84554,10
13.0335302353,80.2119903564,84554,84564,10
13.032699585,80.2118606567,84564,84574,10
13.0319795609,80.2116699219,84574,84584,10
13.0320501328,80.2109375,84584,84594,10
13.0321798325,80.2101211548,84594,84604,10
13.0325899124,80.2097625732,84604,84614,10
13.0333499908,80.2098617554,84614,84625,11
13.0343198776,80.2099304199,84625,84635,10
13.0350904465,80.2098693848,84635,84645,10
13.0352201462,80.2091827393,84645,84655,10
13.035320282,80.208366394,84655,84665,10
13.0354299545,80.2076873779,84665,84675,10
13.0355501175,80.2068099976,84675,84685,10
13.0356197357,80.2060775757,84685,84695,10
13.0356302261,80.2059783936,84695,84705,10
13.0357103348,80.205581665,84705,84715,10
13.0356397629,80.2052536011,84715,84725,10
13.0353403091,80.2052307129,84725,84736,11
13.0353403091,80.2052230835,84736,84746,10
13.0350799561,80.2052001953,84746,84756,10
13.0348300934,80.2056808472,84756,84847,91
13.0348300934,80.2056808472,84847,84857,10
13.0348100662,80.2057723999,84857,84867,10
13.034740448,80.2059402466,84867,84877,10
13.0346403122,80.2057876587,84877,84887,10
13.0346403122,80.2057723999,84887,85058,171
13.0346403122,80.2057723999,85058,85069,11
