13.0190401077,80.2243499756,16,16,0
13.0200901031,80.2247314453,16,26,10
13.0209197998,80.2253570557,26,36,10
13.0216302872,80.2259063721,36,46,10
13.0222902298,80.2264404297,46,62,16
13.0233001709,80.2274169922,62,74,12
13.0235099792,80.2276306152,74,84,10
13.0236797333,80.2278137207,84,94,10
13.0242004395,80.2283935547,94,104,10
13.0248603821,80.2292480469,104,114,10
13.0252399445,80.2296905518,114,124,10
13.0255203247,80.2300491333,124,135,11
13.0259304047,80.2308425903,135,145,10
13.026140213,80.2313613892,145,155,10
13.0264196396,80.2312393188,155,165,10
13.0271997452,80.2310562134,165,175,10
13.0280199051,80.2308883667,175,185,10
13.0286998749,80.23072052,185,195,10
13.0293903351,80.2306976318,195,205,10
13.0300998688,80.230682373,205,215,10
13.0310497284,80.2306213379,215,225,10
13.0320396423,80.2305374146,225,236,11
13.0331602097,80.2304992676,236,246,10
13.034070015,80.230430603,246,256,10
13.0344104767,80.2304229736,256,266,10
13.0345602036,80.2303466797,266,276,10
13.0348901749,80.2302703857,276,286,10
13.0350599289,80.2302398682,286,316,30
13.0344400406,80.230430603,316,326,10
13.0339803696,80.230506897,326,2023,1697
13.0338001251,80.2302017212,2023,2881,858
13.0339899063,80.2303695679,2881,3032,151
13.0338897705,80.23021698,3032,3456,424
13.0337200165,80.2303466797,3456,3517,61
13.0338401794,80.23021698,3517,3890,373
13.033780098,80.2303237915,3890,4011,121
13.033780098,80.2303237915,4011,4021,10
13.0339803696,80.2303237915,4021,4072,51
13.0339803696,80.2303237915,4072,4082,10
13.0339899063,80.2302703857,4082,4233,151
13.0338802338,80.2303009033,4233,4314,81
13.033780098,80.23021698,4314,4567,253
13.0339899063,80.2303237915,4567,5576,1009
13.0339803696,80.2302932739,5576,5606,30
13.0339298248,80.2302627563,5606,7453,1847
13.0339298248,80.2302627563,7453,7463,10
13.0339298248,80.2302627563,7463,7796,333
13.0340995789,80.2303085327,7796,8129,333
13.0339002609,80.2303390503,8129,8251,122
13.0340595245,80.2303466797,8251,8543,292
13.0338897705,80.23046875,8543,10785,2242
13.0338897705,80.23046875,10785,10808,23
13.0339603424,80.2301483154,10808,11510,702
13.0338802338,80.2303314209,11510,12817,1307
13.0338802338,80.2303314209,12817,19621,6804
13.0338802338,80.2303466797,19621,20008,387
13.0338802338,80.2303466797,20008,20019,11
13.0335597992,80.2304382324,20019,20029,10
13.0331201553,80.2305221558,20029,20038,9
13.0323801041,80.2305908203,20038,20049,11
13.0312900543,80.230682373,20049,20057,8
13.0306100845,80.2307510376,20057,20068,11
13.0297803879,80.2308273315,20068,20079,11
13.0297803879,80.2308425903,20079,20089,10
13.0295696259,80.2308731079,20089,20099,10
13.0289096832,80.2309494019,20099,20109,10
13.0280399323,80.2310028076,20109,20120,11
13.0276098251,80.2312316895,20120,20131,11
13.0276899338,80.2319564819,20131,20141,10
13.0278100967,80.2328109741,20141,20151,10
13.0270996094,80.2329483032,20151,20161,10
13.0266895294,80.2330322266,20161,20171,10
13.0263395309,80.2327423096,20171,20181,10
13.0261297226,80.2320632935,20181,20189,8
13.0258903503,80.2311630249,20189,20201,12
13.0251998901,80.2297897339,20201,20211,10
13.0246601105,80.2290496826,20211,20221,10
13.0240297318,80.2283172607,20221,20232,11
13.0239801407,80.2282485962,20232,20242,10
13.0238399506,80.2280578613,20242,20252,10
13.0234003067,80.2275772095,20252,20262,10
13.0227804184,80.2269134521,20262,20272,10
13.02202034,80.2262802124,20272,20282,10
13.021320343,80.2257614136,20282,20292,10
13.0205001831,80.225189209,20292,20302,10
13.0197000504,80.224647522,20302,20312,10
13.0186595917,80.2245483398,20312,20322,10
13.0173902512,80.2250595093,20322,20333,11
13.0165700912,80.2254180908,20333,20342,9
13.0159196854,80.2256622314,20342,20353,11
13.0149097443,80.22605896,20353,20362,9
13.0142002106,80.2263412476,20362,20381,19
13.0142002106,80.2263412476,20381,20392,11
13.01404953,80.2264022827,20392,20403,11
13.0134801865,80.2266082764,20403,20413,10
13.0126800537,80.2269210815,20413,20423,10
13.0116300583,80.2273635864,20423,20433,10
13.010430336,80.2278366089,20433,20444,11
13.0092000961,80.2284927368,20444,20454,10
13.0089597702,80.2296600342,20454,20464,10
13.0087299347,80.2309570313,20464,20474,10
13.0084896088,80.2321929932,20474,20484,10
13.0081996918,80.2337799072,20484,20504,20
13.0081996918,80.2337799072,20504,20514,10
13.0081100464,80.234161377,20514,20524,10
13.0079603195,80.2349014282,20524,20535,11
13.0077199936,80.2360610962,20535,20545,10
13.0074701309,80.2373809814,20545,20554,9
13.0073003769,80.2383804321,20554,20565,11
13.007060051,80.2395324707,20565,20575,10
13.0068998337,80.2402420044,20575,20585,10
13.0067996979,80.2409133911,20585,20595,10
13.0067796707,80.2410964966,20595,20605,10
13.0067501068,80.2418289185,20605,20615,10
13.0067596436,80.2428131104,20615,20625,10
13.0067796707,80.2439575195,20625,20636,11
13.0067796707,80.2455062866,20636,20644,8
13.006819725,80.2466278076,20644,20656,12
13.006770134,80.2480392456,20656,20666,10
13.0068798065,80.2491912842,20666,20676,10
13.0069103241,80.2496185303,20676,20686,10
13.0068998337,80.2497177124,20686,20696,10
13.0068702698,80.2502365112,20696,20706,10
13.0068702698,80.2511367798,20706,20716,10
13.0066299438,80.2522201538,20716,20726,10
13.0065803528,80.2535629272,20726,20736,10
13.0066299438,80.2549972534,20736,20746,10
13.0066604614,80.2563400269,20746,20757,11
13.006770134,80.2575378418,20757,20766,9
13.0072202682,80.258392334,20766,20777,11
13.0078697205,80.2587509155,20777,20787,10
13.0079698563,80.2587814331,20787,20797,10
13.0083599091,80.2589111328,20797,20807,10
13.0092096329,80.2590484619,20807,20817,10
13.0103397369,80.2590713501,20817,20827,10
13.0116500854,80.2590637207,20827,20837,10
13.0130195618,80.2591171265,20837,20847,10
13.0144395828,80.2591781616,20847,20858,11
13.0159196854,80.2594223022,20858,20868,10
13.0170698166,80.2601394653,20868,20878,10
13.0181798935,80.260887146,20878,20888,10
13.019080162,80.2615814209,20888,20897,9
13.0198097229,80.2623291016,20897,20908,11
13.0207996368,80.262878418,20908,20918,10
13.021900177,80.2632675171,20918,20928,10
13.0222196579,80.263420105,20928,20938,10
13.0228300095,80.2637405396,20938,20947,9
13.0235700607,80.2641372681,20947,20959,12
13.0246496201,80.2648696899,20959,20969,10
13.0253095627,80.2653198242,20969,20979,10
13.026049614,80.2657699585,20979,20989,10
13.0263500214,80.2657165527,20989,20999,10
13.0263700485,80.2652206421,20999,21009,10
13.0264902115,80.2643814087,21009,21019,10
13.0266199112,80.2635269165,21019,21029,10
13.0271596909,80.2634506226,21029,21039,10
13.0280303955,80.263710022,21039,21049,10
13.0283603668,80.2637863159,21049,21059,10
13.0287599564,80.2638626099,21059,21070,11
13.029299736,80.2641677856,21070,21080,10
13.0293302536,80.2649765015,21080,21090,10
13.029299736,80.2658462524,21090,21100,10
13.0292701721,80.2660598755,21100,21110,10
13.0292396545,80.2664794922,21110,21120,10
13.0298204422,80.2665405273,21120,21130,10
13.0307598114,80.2667007446,21130,21140,10
13.0315799713,80.2668991089,21140,21150,10
13.0322399139,80.2672576904,21150,21160,10
13.0328502655,80.2675933838,21160,21170,10
13.0338802338,80.267868042,21170,21191,21
13.0338802338,80.267868042,21191,21201,10
13.0340299606,80.2679290771,21201,21211,10
13.0345201492,80.2679672241,21211,21241,30
13.0345201492,80.2679672241,21241,21251,10
13.0345096588,80.2681274414,21251,21261,10
13.0342798233,80.2680130005,21261,21271,10
13.033490181,80.2678833008,21271,21302,31
13.033490181,80.2678833008,21302,21312,10
13.0331897736,80.2678375244,21312,21322,10
13.0327596664,80.2677230835,21322,21332,10
13.0321998596,80.2673187256,21332,21342,10
13.0313100815,80.2669219971,21342,21352,10
13.0301799774,80.2667007446,21352,21362,10
13.0296201706,80.2666397095,21362,21372,10
13.0294399261,80.2666168213,21372,21382,10
13.0288801193,80.266418457,21382,21392,10
13.0279998779,80.2662734985,21392,21403,11
13.026889801,80.2661132813,21403,21413,10
13.0261497498,80.2659225464,21413,21423,10
13.0255403519,80.2655334473,21423,21433,10
13.0252799988,80.2653579712,21433,21443,10
13.0251598358,80.2652511597,21443,21453,10
13.0246896744,80.2648696899,21453,21463,10
13.0239200592,80.2643432617,21463,21473,10
13.0232095718,80.2639312744,21473,21483,10
13.0223398209,80.2634735107,21483,21493,10
13.0221395493,80.2633895874,21493,21503,10
13.0218601227,80.2632522583,21503,21514,11
13.0210800171,80.2630386353,21514,21524,10
13.0200901031,80.2629928589,21524,21534,10
13.0191698074,80.2629013062,21534,21544,10
13.0189399719,80.2625274658,21544,21554,10
13.0188598633,80.2616271973,21554,21564,10
13.0181798935,80.2609481812,21564,21574,10
13.0172700882,80.2603225708,21574,21584,10
13.0163602829,80.2597579956,21584,21594,10
13.0161104202,80.2596282959,21594,21604,10
13.0158004761,80.2595062256,21604,21615,11
13.0149497986,80.2593078613,21615,21625,10
13.0139598846,80.259262085,21625,21635,10
13.0126895905,80.2592010498,21635,21645,10
13.0113096237,80.259147644,21645,21655,10
13.0101003647,80.2592010498,21655,21665,10
13.0089597702,80.2591705322,21665,21675,10
13.0086297989,80.2591629028,21675,21685,10
13.0080003738,80.2592163086,21685,21695,10
13.0073099136,80.2590484619,21695,21705,10
13.0069303513,80.2582702637,21705,21715,10
13.0066003799,80.2577133179,21715,21726,11
13.0065202713,80.2574386597,21726,21736,10
13.0065002441,80.2568435669,21736,21746,10
13.0065202713,80.2559127808,21746,21756,10
13.0065498352,80.2547836304,21756,21766,10
13.0065402985,80.2535400391,21766,21776,10
13.0065402985,80.2531814575,21776,21786,10
13.0065402985,80.2528991699,21786,21796,10
13.0066099167,80.252166748,21796,21806,10
13.0067996979,80.2512969971,21806,21816,10
13.006819725,80.2500228882,21816,21826,10
13.006770134,80.249382019,21826,21837,11
13.006770134,80.2492218018,21837,21847,10
13.0066995621,80.2485198975,21847,21857,10
13.0066404343,80.2475585938,21857,21907,50
13.0066404343,80.2475585938,21907,21917,10
13.0065898895,80.2473983765,21917,21927,10
13.0066099167,80.246887207,21927,21937,10
13.0066099167,80.2464904785,21937,21948,11
13.0066795349,80.2457427979,21948,21958,10
13.0066995621,80.244720459,21958,21968,10
13.0066699982,80.2436904907,21968,21978,10
13.0066204071,80.2426605225,21978,21988,10
13.0066204071,80.2414321899,21988,21998,10
13.0067796707,80.2403182983,21998,22008,10
13.0069599152,80.2392883301,22008,22018,10
13.0071201324,80.2384033203,22018,22028,10
13.0073404312,80.2373275757,22028,22038,10
13.0074300766,80.2367095947,22038,22048,10
13.0076303482,80.2360687256,22048,22059,11
13.0078697205,80.2349090576,22059,22069,10
13.0081396103,80.2336120605,22069,22079,10
13.0084199905,80.2321929932,22079,22089,10
13.0087203979,80.2306976318,22089,22099,10
13.0089998245,80.2291870117,22099,22109,10
13.0093097687,80.2278518677,22109,22119,10
13.0098400116,80.2266387939,22119,22129,10
13.0104503632,80.2253570557,22129,22139,10
13.0110197067,80.2240829468,22139,22149,10
13.0116100311,80.2229003906,22149,22159,10
13.0120697021,80.2217712402,22159,22170,11
13.0123996735,80.221496582,22170,22180,10
13.0125398636,80.2218322754,22180,22190,10
13.0132102966,80.2225799561,22190,22200,10
13.013879776,80.2233428955,22200,22210,10
13.0141801834,80.2237930298,22210,22220,10
13.0146198273,80.224281311,22220,22230,10
13.0154399872,80.2250137329,22230,22250,20
13.0154399872,80.2250137329,22250,22260,10
13.0157299042,80.2252578735,22260,22270,10
13.0166397095,80.2252807617,22270,22281,11
13.0179395676,80.2247695923,22281,22291,10
13.019080162,80.2243804932,22291,22301,10
13.0197896957,80.2245483398,22301,22311,10
13.0205001831,80.2250900269,22311,22321,10
13.0213699341,80.2257537842,22321,22331,10
13.0219202042,80.2261276245,22331,22341,10
13.0222196579,80.2264022827,22341,22351,10
13.0228395462,80.2269592285,22351,22361,10
13.0236902237,80.2277374268,22361,22371,10
13.0243902206,80.2285003662,22371,22381,10
13.024939537,80.229309082,22381,22392,11
13.0256700516,80.2303466797,22392,22402,10
13.02602005,80.2312469482,22402,22412,10
13.0264797211,80.2312774658,22412,22422,10
13.0273799896,80.2310409546,22422,22432,10
13.028459549,80.2309036255,22432,22441,9
13.0292701721,80.2308197021,22441,22453,12
13.0300397873,80.2307510376,22453,22463,10
13.0310001373,80.2306671143,22463,22473,10
13.0319700241,80.2305908203,22473,22484,11
13.0329704285,80.230506897,22484,22495,11
13.0340299606,80.2304229736,22495,22505,10
13.0343503952,80.2303771973,22505,22515,10
13.0345201492,80.2303390503,22515,22525,10
13.0349302292,80.2301635742,22525,22535,10
13.0350799561,80.2298583984,22535,22545,10
13.0344800949,80.2297668457,22545,22797,252
13.0344800949,80.2297668457,22797,22807,10
13.034119606,80.2298736572,22807,22817,10
13.033949852,80.2298736572,22817,22828,11
13.033539772,80.2298202515,22828,23118,290
13.0335102081,80.2298431396,23118,23229,111
13.0333995819,80.2299499512,23229,23947,718
13.0333995819,80.2299499512,23947,23957,10
13.0337495804,80.2298202515,23957,23967,10
13.0339298248,80.2298736572,23967,24177,210
13.0339298248,80.2298736572,24177,24187,10
13.0342197418,80.2301635742,24187,24217,30
13.0342197418,80.2301635742,24217,24227,10
13.0342102051,80.2304077148,24227,24237,10
13.0338802338,80.2304382324,24237,24248,11
13.0332403183,80.23046875,24248,24257,9
13.0323801041,80.2305297852,24257,24267,10
13.0312204361,80.2306213379,24267,24278,11
13.0299901962,80.2307434082,24278,24286,8
13.0297803879,80.2307662964,24286,24297,11
13.0294799805,80.230796814,24297,24308,11
13.0286102295,80.2308883667,24308,24318,10
13.0277996063,80.2309494019,24318,24328,10
13.0277004242,80.2313232422,24328,24338,10
13.0277996063,80.2321929932,24338,24348,10
13.0278301239,80.2328033447,24348,24359,11
13.027179718,80.2329025269,24359,24369,10
13.0268096924,80.2329483032,24369,24379,10
13.0263595581,80.2326965332,24379,24389,10
13.0261297226,80.2319335938,24389,24399,10
13.0258798599,80.2308197021,24399,24409,10
13.0253295898,80.2298736572,24409,24419,10
13.0248098373,80.2292022705,24419,24428,9
13.0244398117,80.2287216187,24428,24439,11
13.0240297318,80.2282562256,24439,24449,10
13.0239601135,80.2281570435,24449,24459,10
13.023639679,80.2277832031,24459,24470,11
13.022939682,80.2271575928,24470,24480,10
13.0221796036,80.2264175415,24480,24490,10
13.0213499069,80.2257537842,24490,24500,10
13.0206604004,80.2252426147,24500,24510,10
13.0202703476,80.2249679565,24510,24520,10
13.019900322,80.2247161865,24520,24530,10
13.0192403793,80.2244567871,24530,24540,10
13.0182695389,80.2247009277,24540,24550,10
13.0171003342,80.2251586914,24550,24560,10
13.0163097382,80.2254867554,24560,24576,16
13.0151700974,80.2259216309,24576,24589,13
13.0145397186,80.2261734009,24589,24599,10
13.014380455,80.2262115479,24599,24609,10
13.0137500763,80.2264404297,24609,24619,10
13.0127801895,80.226852417,24619,24629,10
13.0115203857,80.2273483276,24629,24639,10
13.0101995468,80.2278671265,24639,24649,10
13.0091600418,80.2286682129,24649,24659,10
13.008939743,80.2298431396,24659,24669,10
13.0087203979,80.2310791016,24669,24679,10
13.0084199905,80.232460022,24679,24690,11
13.0082798004,80.2334213257,24690,24700,10
13.0082502365,80.233543396,24700,24710,10
13.0081501007,80.2339401245,24710,24720,10
13.0079603195,80.2347717285,24720,24730,10
13.0077800751,80.2357635498,24730,24740,10
13.0075702667,80.2367782593,24740,24750,10
13.0073795319,80.2377700806,24750,24760,10
13.0072097778,80.2387390137,24760,24770,10
13.0069799423,80.2398910522,24770,24780,10
13.0068798065,80.2405776978,24780,24790,10
13.0067501068,80.241569519,24790,24801,11
13.0067195892,80.2429122925,24801,24811,10
13.0066795349,80.243812561,24811,24821,10
13.0066699982,80.2448577881,24821,24831,10
13.0066995621,80.2459030151,24831,24841,10
13.0067396164,80.2466201782,24841,24851,10
13.0067501068,80.247428894,24851,24861,10
13.0067396164,80.2482681274,24861,24871,10
13.0068397522,80.2492675781,24871,24881,10
13.0068597794,80.250289917,24881,24891,10
13.0068597794,80.251159668,24891,24901,10
13.006770134,80.2518081665,24901,24912,11
13.0066204071,80.2530212402,24912,24922,10
13.0066204071,80.2542724609,24922,24932,10
13.0066604614,80.2555465698,24932,24942,10
13.0066604614,80.2566299438,24942,24952,10
13.0067996979,80.2571868896,24952,24962,10
13.0067996979,80.2572402954,24962,24972,10
13.0069704056,80.2577667236,24972,24982,10
13.0073604584,80.2583694458,24982,24992,10
13.0078802109,80.258682251,24992,25002,10
13.0080604553,80.2587966919,25002,25012,10
13.0088100433,80.2590484619,25012,25023,11
13.0097398758,80.2590637207,25023,25033,10
13.0109596252,80.2590637207,25033,25043,10
13.0122995377,80.2590637207,25043,25053,10
13.0137195587,80.2591171265,25053,25063,10
13.0151596069,80.2591934204,25063,25073,10
13.0162801743,80.2595977783,25073,25083,10
13.0172796249,80.2602767944,25083,25093,10
13.0183897018,80.2610397339,25093,25103,10
13.0192899704,80.2617721558,25103,25113,10
13.0199604034,80.2624435425,25113,25124,11
13.0203399658,80.2626876831,25124,25134,10
13.0207796097,80.2628631592,25134,25144,10
13.0216503143,80.2631530762,25144,25154,10
13.0221500397,80.2633895874,25154,25164,10
13.0226402283,80.2636566162,25164,25174,10
13.0234003067,80.2640533447,25174,25184,10
13.0243597031,80.2647323608,25184,25194,10
13.0253000259,80.2653579712,25194,25204,10
13.0260801315,80.2658462524,25204,25220,16
13.0263700485,80.2651062012,25220,25232,12
13.0265102386,80.2644119263,25232,25243,11
13.0265798569,80.2640762329,25243,25253,10
13.0266704559,80.2636184692,25253,25263,10
13.0271196365,80.2635726929,25263,25273,10
13.0279502869,80.2637329102,25273,25283,10
13.0283098221,80.2638168335,25283,25293,10
13.0285997391,80.2639083862,25293,25303,10
13.0292596817,80.2641296387,25303,25312,9
13.0293798447,80.2647171021,25312,25323,11
13.0292396545,80.2657470703,25323,25332,9
13.0292301178,80.2659912109,25332,25342,10
13.0292196274,80.2661514282,25342,25354,12
13.0293397903,80.266456604,25354,25364,10
13.0299501419,80.2665863037,25364,25374,10
13.0307998657,80.2667999268,25374,25384,10
13.0315799713,80.2670669556,25384,25394,10
13.0322303772,80.2673568726,25394,25404,10
13.0327196121,80.267616272,25404,25414,10
13.0333595276,80.2677764893,25414,25424,10
13.0336399078,80.2678527832,25424,25434,10
13.0338697433,80.267906189,25434,25444,10
13.0341396332,80.2679595947,25444,25454,10
13.0345697403,80.2680130005,25454,25465,11
13.0345001221,80.2681503296,25465,25475,10
13.0341796875,80.2680206299,25475,25485,10
13.0333204269,80.2678527832,25485,26422,937
13.0333204269,80.2678527832,26422,26433,11
13.0331296921,80.2677764893,26433,26443,10
13.0326795578,80.2676620483,26443,26453,10
13.0323095322,80.2674026489,26453,26463,10
13.0314998627,80.2670822144,26463,26473,10
13.0305099487,80.2668075562,26473,26483,10
13.0299596786,80.2666625977,26483,26493,10
13.0296897888,80.2666091919,26493,26503,10
13.0292797089,80.2665176392,26503,26512,9
13.0288000107,80.266418457,26512,26523,11
13.0280199051,80.2662277222,26523,26533,10
13.0272397995,80.2660827637,26533,26544,11
13.0269403458,80.2660903931,26544,26554,10
13.0266304016,80.2660293579,26554,26564,10
13.0261297226,80.2658615112,26564,26574,10
13.025639534,80.2655792236,26574,26584,10
13.0253400803,80.2654037476,26584,26594,10
13.0253295898,80.2654037476,26594,26604,10
13.0249996185,80.2651290894,26604,26614,10
13.0244197845,80.2647018433,26614,26624,10
13.0236797333,80.264213562,26624,26634,10
13.0231304169,80.263923645,26634,26644,10
13.0226802826,80.2636795044,26644,26655,11
13.0221996307,80.2635116577,26655,26665,10
13.0221204758,80.2634429932,26665,26675,10
13.0218095779,80.2633209229,26675,26685,10
13.0210695267,80.2630767822,26685,26695,10
13.020190239,80.2630386353,26695,26705,10
13.0195198059,80.2629623413,26705,26715,10
13.0190095901,80.262840271,26715,26725,10
13.0188598633,80.2620697021,26725,26735,10
13.0186500549,80.2612991333,26735,26745,10
13.0180397034,80.2608795166,26745,26755,10
13.0174102783,80.2604827881,26755,26766,11
13.0164203644,80.2598495483,26766,26776,10
13.0160903931,80.2597122192,26776,26786,10
13.015879631,80.2596206665,26786,26796,10
13.015250206,80.2594070435,26796,26806,10
13.0143299103,80.2593002319,26806,26816,10
13.0131196976,80.2592315674,26816,26826,10
13.0117797852,80.2592010498,26826,26836,10
13.0108003616,80.2592086792,26836,26846,10
13.0094203949,80.2592163086,26846,26856,10
13.0088396072,80.2592163086,26856,26866,10
13.0083398819,80.2591705322,26866,26877,11
13.0075798035,80.2592163086,26877,26887,10
13.0071697235,80.2584609985,26887,26897,10
13.006649971,80.2576828003,26897,26917,20
13.0066604614,80.2574386597,26917,26998,81
13.0066604614,80.2574386597,26998,27008,10
13.0065898895,80.2571792603,27008,27018,10
13.0065698624,80.2566833496,27018,27028,10
13.0065803528,80.2557830811,27028,27038,10
13.0066204071,80.254737854,27038,27048,10
13.0065898895,80.2538833618,27048,27058,10
13.0065898895,80.2532196045,27058,27068,10
13.0065803528,80.2531433105,27068,27078,10
13.0065803528,80.252746582,27078,27089,11
13.0066699982,80.2520828247,27089,27119,30
13.0066699982,80.2520828247,27119,27129,10
13.0066995621,80.2520217896,27129,27139,10
13.006770134,80.2516403198,27139,27149,10
13.0068101883,80.2507629395,27149,27159,10
13.0067996979,80.2496795654,27159,27169,10
13.0067996979,80.249382019,27169,27179,10
13.0067796707,80.2487716675,27179,27189,10
13.0066995621,80.2476806641,27189,27240,51
13.0066995621,80.2476806641,27240,27250,10
13.0066299438,80.2473602295,27250,27260,10
13.0066404343,80.2469329834,27260,27276,16
13.0066404343,80.2467727661,27276,27288,12
13.0066604614,80.2464599609,27288,27298,10
13.0066699982,80.2457199097,27298,27308,10
13.0066604614,80.2448272705,27308,27319,11
13.0066204071,80.2438583374,27319,27329,10
13.0066003799,80.2429962158,27329,27339,10
13.0065803528,80.2420120239,27339,27349,10
13.0066299438,80.241027832,27349,27359,10
13.0068397522,80.2401123047,27359,27369,10
13.0070199966,80.2391204834,27369,27378,9
13.0071897507,80.2381362915,27378,27388,10
13.0074195862,80.2369232178,27388,27410,22
13.0074195862,80.2369232178,27410,27421,11
13.0075397491,80.2365112305,27421,27431,10
13.0077104568,80.235710144,27431,27441,10
13.0079097748,80.2346801758,27441,27451,10
13.0081596375,80.2333984375,27451,27461,10
13.0084295273,80.2319717407,27461,27471,10
13.0087099075,80.2304534912,27471,27481,10
13.0090198517,80.2289962769,27481,27491,10
13.0092802048,80.2279510498,27491,27500,9
13.0098896027,80.2266464233,27500,27511,11
13.0104799271,80.2253799438,27511,27521,10
13.0109901428,80.224319458,27521,27532,11
13.0115299225,80.2230224609,27532,27542,10
13.0119800568,80.2218322754,27542,27552,10
13.0123100281,80.2214202881,27552,27562,10
13.0125598907,80.2218170166,27562,27572,10
13.0130796432,80.2224197388,27572,27582,10
13.0136804581,80.2230300903,27582,27592,10
13.0142002106,80.2236480713,27592,27602,10
13.014749527,80.2241821289,27602,27612,10
13.0151395798,80.2246780396,27612,27622,10
13.0156002045,80.2250823975,27622,27643,21
13.0156002045,80.2250823975,27643,27653,10
13.0158500671,80.2252883911,27653,27663,10
13.0162801743,80.2253723145,27663,27673,10
13.0168800354,80.2252120972,27673,27683,10
13.017660141,80.2249069214,27683,27693,10
13.0186195374,80.2245178223,27693,27703,10
13.0196504593,80.2245178223,27703,27713,10
13.0205698013,80.2251434326,27713,27723,10
13.0214395523,80.2257537842,27723,27733,10
13.0218200684,80.226020813,27733,27743,10
13.0219802856,80.2261734009,27743,27754,11
13.022600174,80.2267379761,27754,27764,10
13.023440361,80.2275085449,27764,27774,10
13.0242700577,80.2283096313,27774,27784,10
13.0244197845,80.2285003662,27784,27794,10
13.0246601105,80.2288589478,27794,27804,10
13.0252399445,80.229637146,27804,27814,10
13.025850296,80.2306518555,27814,27830,16
13.026599884,80.2312698364,27830,27842,12
13.0277395248,80.2309799194,27842,27851,9
13.0282001495,80.2309188843,27851,27863,12
13.0286397934,80.2308883667,27863,27873,10
13.0292301178,80.2308502197,27873,27883,10
13.0295600891,80.2308197021,27883,27893,10
13.0303897858,80.2307815552,27893,27903,10
13.0311603546,80.23072052,27903,27913,10
13.0318803787,80.2306671143,27913,27922,9
13.0329399109,80.2305908203,27922,27933,11
13.0337495804,80.2305297852,27933,27942,9
13.0340795517,80.2305297852,27942,27952,10
13.0348300934,80.2303390503,27952,27974,22
13.0348300934,80.2303390503,27974,27984,10
13.0349597931,80.2300872803,27984,28044,60
13.0346698761,80.2299804688,28044,29276,1232
13.0346698761,80.2299804688,29276,29286,10
13.0345001221,80.2300186157,29286,29417,131
13.0342502594,80.2299880981,29417,29629,212
13.0341796875,80.2303771973,29629,29649,20
13.0341796875,80.2303771973,29649,29659,10
13.0338401794,80.230430603,29659,29669,10
13.0335702896,80.2304077148,29669,29678,9
13.0333795547,80.2304382324,29678,29689,11
13.03262043,80.2305221558,29689,29698,9
13.0318002701,80.2305984497,29698,29709,11
13.0309896469,80.230682373,29709,29720,11
13.0302000046,80.230758667,29720,29730,10
13.0298404694,80.230796814,29730,29740,10
13.0297203064,80.2308120728,29740,29750,10
13.0292100906,80.2308578491,29750,29760,10
13.0283498764,80.2309188843,29760,29770,10
13.0277700424,80.2310562134,29770,29779,9
13.0277395248,80.2314910889,29779,29790,11
13.0278196335,80.2323379517,29790,29800,10
13.0277900696,80.2328262329,29800,29810,10
13.0269403458,80.2329406738,29810,29851,41
13.0269403458,80.2329406738,29851,29861,10
13.0267801285,80.232963562,29861,29871,10
13.0263996124,80.2328186035,29871,29881,10
13.0261802673,80.2321014404,29881,29891,10
13.0259399414,80.2312393188,29891,29901,10
13.0254602432,80.2301635742,29901,29911,10
13.0248603821,80.2293167114,29911,29921,10
13.0243797302,80.2286834717,29921,29932,11
13.0240001678,80.2282562256,29932,29942,10
13.0239295959,80.2281799316,29942,29952,10
13.0235700607,80.2277832031,29952,29962,10
13.023059845,80.2273025513,29962,29972,10
13.0224199295,80.2266616821,29972,29982,10
13.0216999054,80.2260513306,29982,29992,10
13.0208902359,80.2253799438,29992,30002,10
13.0200395584,80.2248001099,30002,30012,10
13.0190000534,80.2244110107,30012,30022,10
13.017829895,80.224861145,30022,30038,16
13.0165500641,80.2254333496,30038,30051,13
13.015999794,80.2256317139,30051,30061,10
13.0156002045,80.225769043,30061,30070,9
13.014960289,80.2260131836,30070,30080,10
13.0146903992,80.2261123657,30080,30092,12
13.0144395828,80.2262115479,30092,30102,10
13.0144195557,80.2262115479,30102,30112,10
13.0142602921,80.2262496948,30112,30121,9
13.0138397217,80.2264328003,30121,30132,11
13.0127801895,80.2268371582,30132,30141,9
13.0117301941,80.2272415161,30141,30153,12
13.010219574,80.2278518677,30153,30163,10
13.0091600418,80.2286071777,30163,30173,10
13.0088796616,80.2299575806,30173,30183,10
13.008600235,80.2313995361,30183,30193,10
13.0083703995,80.2326583862,30193,30203,10
13.0082597733,80.2334518433,30203,30213,10
13.008190155,80.233757019,30213,30223,10
13.0081501007,80.2339172363,30223,30233,10
13.008020401,80.2345733643,30233,30243,10
13.0078201294,80.2355575562,30243,30253,10
13.0075998306,80.2367401123,30253,30264,11
13.0073795319,80.2378616333,30264,30274,10
13.0072402954,80.2386322021,30274,30284,10
13.0071401596,80.2393188477,30284,30294,10
13.0069704056,80.2400970459,30294,30304,10
13.0069103241,80.2405776978,30304,30314,10
13.0068798065,80.2407608032,30314,30324,10
13.0068101883,80.2412872314,30324,30334,10
13.0067596436,80.2423019409,30334,30344,10
13.0067300797,80.2433013916,30344,30354,10
13.0067596436,80.2443008423,30354,30364,10
13.0067596436,80.2453384399,30364,30375,11
13.0067901611,80.2464599609,30375,30384,9
13.0067996979,80.2474212646,30384,30395,11
13.0068101883,80.2485275269,30395,30405,10
13.0069103241,80.249458313,30405,30425,20
13.0069103241,80.249458313,30425,30435,10
13.0068998337,80.2498779297,30435,30445,10
13.0068597794,80.2506484985,30445,30455,10
13.0067796707,80.2517318726,30455,30465,10
13.0065803528,80.2528915405,30465,30475,10
13.0065803528,80.2540435791,30475,30486,11
13.0066299438,80.2551193237,30486,30496,10
13.006649971,80.256187439,30496,30506,10
13.0066795349,80.2570114136,30506,30516,10
13.0066900253,80.257270813,30516,30526,10
13.0067901611,80.2577590942,30526,30536,10
13.0072498322,80.2584228516,30536,30546,10
13.0077896118,80.2587127686,30546,30556,10
13.007900238,80.2587585449,30556,30566,10
13.0083398819,80.2589569092,30566,30576,10
13.009349823,80.2590866089,30576,30586,10
13.0106601715,80.2590866089,30586,30597,11
13.012169838,80.2590866089,30597,30607,10
13.0136003494,80.259147644,30607,30617,10
13.0150403976,80.2592010498,30617,30627,10
13.0166597366,80.2598419189,30627,30647,20
13.0166597366,80.2598419189,30647,30657,10
13.0168399811,80.2600402832,30657,30667,10
13.0175304413,80.2604827881,30667,30677,10
13.0183897018,80.2611083984,30677,30687,10
13.0191898346,80.2617416382,30687,30697,10
13.0199899673,80.2624588013,30697,30708,11
13.0202798843,80.2626495361,30708,30718,10
13.0203800201,80.2627182007,30718,30728,10
13.0208301544,80.2628936768,30728,30738,10
13.0215997696,80.2631607056,30738,30748,10
13.0220804214,80.2633666992,30748,30758,10
13.0225000381,80.2635803223,30758,30768,10
13.0230302811,80.2638778687,30768,30778,10
13.0235595703,80.264213562,30778,30788,10
13.0241603851,80.264541626,30788,30798,10
13.0248403549,80.2650222778,30798,30808,10
13.0252895355,80.2653274536,30808,30819,11
13.0259199142,80.2657165527,30819,30829,10
13.0263500214,80.2656097412,30829,30837,8
13.0263700485,80.2650222778,30837,30849,12
13.0264797211,80.2642822266,30849,30857,8
13.0265102386,80.2639923096,30857,30869,12
13.0265398026,80.2636795044,30869,30878,9
13.0266399384,80.2633514404,30878,30889,11
13.027179718,80.2634887695,30889,30899,10
13.0277500153,80.2636413574,30899,30909,10
13.0284004211,80.2638168335,30909,30919,10
13.0289497375,80.2639770508,30919,30930,11
13.0292901993,80.2641067505,30930,30940,10
13.0293302536,80.2644271851,30940,30950,10
13.029299736,80.2650985718,30950,30960,10
13.0292596817,80.2656936646,30960,30969,9
13.029250145,80.2659072876,30969,30980,11
13.0292396545,80.2661972046,30980,30990,10
13.0292797089,80.2665634155,30990,31000,10
13.0297899246,80.2666168213,31000,31010,10
13.030500412,80.2667236328,31010,31020,10
13.0317697525,80.2671127319,31020,31030,10
13.0322999954,80.2673492432,31030,31252,222
13.0326299667,80.2675476074,31252,31283,31
13.0326299667,80.2675476074,31283,31293,10
13.0330295563,80.2677230835,31293,31323,30
13.0333995819,80.2678375244,31323,31363,40
13.0338001251,80.2678985596,31363,31404,41
13.0338001251,80.2678985596,31404,31414,10
13.0341701508,80.2679824829,31414,31454,40
13.0345602036,80.2680130005,31454,31515,61
13.0345602036,80.2680130005,31515,31525,10
13.0346498489,80.2681121826,31525,31535,10
13.034620285,80.2681503296,31535,31545,10
13.0344696045,80.2681503296,31545,31555,10
13.0341596603,80.2680511475,31555,31565,10
13.0335597992,80.267906189,31565,31606,41
13.0332202911,80.2677688599,31606,31747,141
13.0331602097,80.2677001953,31747,32272,525
13.0331602097,80.2677001953,32272,32282,10
13.0330400467,80.2676773071,32282,32292,10
13.0328598022,80.2676696777,32292,32302,10
13.0326700211,80.267578125,32302,32312,10
13.0322399139,80.2674026489,32312,32322,10
13.0314702988,80.2670822144,32322,32332,10
13.0306100845,80.2668228149,32332,32342,10
13.0299596786,80.2666625977,32342,32352,10
13.0299196243,80.2666625977,32352,32363,11
13.029419899,80.2665176392,32363,32373,10
13.0287799835,80.2663574219,32373,32383,10
13.0280504227,80.2661590576,32383,32393,10
13.0273599625,80.2659301758,32393,32403,10
13.0266399384,80.2658691406,32403,32413,10
13.0260095596,80.2656478882,32413,32423,10
13.0254201889,80.26537323,32423,32443,20
13.0254201889,80.26537323,32443,32453,10
13.0250997543,80.2652435303,32453,32463,10
13.0247402191,80.2649612427,32463,32474,11
13.0240802765,80.2644424438,32474,32484,10
13.0235700607,80.2642211914,32484,32494,10
13.0229301453,80.2637863159,32494,32504,10
13.0223197937,80.2634735107,32504,32514,10
13.0222702026,80.2634429932,32514,32524,10
13.0218400955,80.2632827759,32524,32534,10
13.0210399628,80.2630691528,32534,32544,10
13.0200796127,80.2630081177,32544,32554,10
13.0193796158,80.2629165649,32554,32564,10
13.0190200806,80.2626876831,32564,32574,10
13.0188798904,80.2618637085,32574,32585,11
13.0184698105,80.2611465454,32585,32595,10
13.0177297592,80.2606430054,32595,32605,10
13.016960144,80.2601089478,32605,32615,10
13.0162200928,80.2596893311,32615,32625,10
13.016119957,80.2596511841,32625,32635,10
13.0159196854,80.2595596313,32635,32645,10
13.0152902603,80.2593536377,32645,32655,10
13.0144195557,80.2592697144,32655,32665,10
13.0132598877,80.2592391968,32665,32675,10
13.0120697021,80.2592086792,32675,32685,10
13.0109996796,80.2591934204,32685,32696,11
13.0098800659,80.2592468262,32696,32706,10
13.0097103119,80.2592391968,32706,32722,16
13.0093297958,80.2592391968,32722,32734,12
13.0089702606,80.2592010498,32734,32744,10
13.0087604523,80.2591705322,32744,32754,10
13.0082302094,80.2591171265,32754,32764,10
13.0077104568,80.2592391968,32764,32774,10
13.0073404312,80.2588424683,32774,32784,10
13.0073204041,80.2588424683,32784,32793,9
13.0071802139,80.2584915161,32793,32805,12
13.0066604614,80.2577133179,32805,32866,61
13.0066604614,80.2577133179,32866,32876,10
13.0065002441,80.2574310303,32876,32886,10
13.006480217,80.2571487427,32886,32896,10
13.0064697266,80.2565383911,32896,32906,10
13.0064697266,80.2554779053,32906,32917,11
13.0065097809,80.2544174194,32917,32927,10
13.0064897537,80.2535324097,32927,32936,9
13.006480217,80.2530670166,32936,32947,11
13.0064897537,80.2528991699,32947,32957,10
13.0066404343,80.2518081665,32957,33038,81
13.0066404343,80.2518081665,33038,33048,10
13.0068101883,80.2514038086,33048,33058,10
13.0067901611,80.2507400513,33058,33068,10
13.0067501068,80.2499389648,33068,33078,10
13.006770134,80.2495727539,33078,33088,10
13.0067501068,80.2492828369,33088,33098,10
13.0067100525,80.2486724854,33098,33108,10
13.006649971,80.2480621338,33108,33118,10
13.0066699982,80.247543335,33118,33179,61
13.0066699982,80.247543335,33179,33189,10
13.0067796707,80.2473678589,33189,33199,10
13.0067396164,80.2469329834,33199,33209,10
13.0066404343,80.2465515137,33209,33219,10
13.0066299438,80.2464981079,33219,33229,10
13.0066900253,80.246131897,33229,33239,10
13.0066795349,80.2456207275,33239,33250,11
13.0066604614,80.2449798584,33250,33259,9
13.006649971,80.2443237305,33259,33270,11
13.0066404343,80.243637085,33270,33280,10
13.0066099167,80.2429580688,33280,33290,10
13.0065698624,80.2420730591,33290,33300,10
13.0066003799,80.2410202026,33300,33310,10
13.0066699982,80.2404022217,33310,33340,30
13.0066699982,80.2404022217,33340,33350,10
13.0067596436,80.2400512695,33350,33361,11
13.0068998337,80.2393875122,33361,33371,10
13.007060051,80.2384262085,33371,33381,10
13.0072498322,80.2376785278,33381,33391,10
13.0073699951,80.2369232178,33391,33401,10
13.007399559,80.2367401123,33401,33411,10
13.0074796677,80.2366027832,33411,33421,10
13.0076198578,80.2360610962,33421,33431,10
13.0077800751,80.2352371216,33431,33441,10
13.0079202652,80.2343215942,33441,33451,10
13.0081796646,80.233039856,33451,33461,10
13.0085096359,80.2315673828,33461,33472,11
13.0088396072,80.2299118042,33472,33482,10
13.0091495514,80.2284164429,33482,33491,9
13.0096502304,80.227180481,33491,33502,11
13.0103702545,80.225692749,33502,33512,10
13.0109195709,80.2244873047,33512,33522,10
13.0114002228,80.2234191895,33522,33532,10
13.0116701126,80.2226715088,33532,33542,10
13.0119199753,80.2219085693,33542,33552,10
13.012339592,80.2215576172,33552,33562,10
13.0125904083,80.2219924927,33562,33572,10
13.0131902695,80.2226715088,33572,33583,11
13.0140600204,80.2235565186,33583,33593,10
13.0145998001,80.2242431641,33593,33603,10
13.0153398514,80.2248764038,33603,33653,50
13.0153398514,80.2248764038,33653,33663,10
13.0155696869,80.2249984741,33663,33673,10
13.0159196854,80.2252731323,33673,33683,10
13.016289711,80.2253417969,33683,33694,11
13.0165395737,80.2253112793,33694,33704,10
13.0171604156,80.2250900269,33704,33714,10
13.0180397034,80.2247390747,33714,33724,10
13.0190200806,80.224357605,33724,33734,10
13.019610405,80.2244110107,33734,33744,10
13.019659996,80.2244567871,33744,33754,10
13.0197200775,80.224571228,33754,33764,10
13.019949913,80.2247314453,33764,33774,10
13.0202302933,80.2249679565,33774,33784,10
13.0207595825,80.2253417969,33784,33794,10
13.0213298798,80.2257766724,33794,33805,11
13.0220003128,80.2262420654,33805,33824,19
13.0220003128,80.2262420654,33824,33834,10
13.0223398209,80.2264709473,33834,33845,11
13.0228500366,80.2269363403,33845,33855,10
13.0235300064,80.2275772095,33855,33864,9
13.0240097046,80.2280578613,33864,33875,11
13.0243501663,80.2284393311,33875,33895,20
13.0243501663,80.2284393311,33895,33905,10
13.0245399475,80.2286834717,33905,33916,11
13.0249004364,80.2292175293,33916,33926,10
13.0252199173,80.229637146,33926,33936,10
13.0255498886,80.2301330566,33936,33946,10
13.0258798599,80.2307434082,33946,33956,10
13.0259799957,80.2312774658,33956,33966,10
13.0265398026,80.2312393188,33966,33976,10
13.027469635,80.231010437,33976,33986,10
13.0281400681,80.2309417725,33986,33996,10
13.0284996033,80.2309036255,33996,34006,10
13.0285396576,80.2308883667,34006,34016,10
13.0294504166,80.230796814,34016,34077,61
13.029540062,80.2307434082,34077,34087,10
13.029540062,80.2307434082,34087,34097,10
13.0300598145,80.2307128906,34097,34107,10
13.0307302475,80.2306671143,34107,34117,10
13.0314702988,80.2306213379,34117,34127,10
13.0321798325,80.2305526733,34127,34138,11
13.0330400467,80.2304763794,34138,34148,10
13.0337696075,80.230430603,34148,34159,11
13.0349197388,80.23021698,34159,34250,91
13.0351600647,80.2300415039,34250,34300,50
13.0349798203,80.2297592163,34300,34532,232
13.0346002579,80.2297821045,34532,34583,51
13.034239769,80.2298202515,34583,34784,201
13.0342798233,80.2302017212,34784,34875,91
13.0342798233,80.2302017212,34875,34885,10
13.0341596603,80.2304000854,34885,34895,10
13.0339298248,80.2304077148,34895,34906,11
13.0335798264,80.2304382324,34906,34916,10
13.0331296921,80.2304611206,34916,34926,10
13.0325603485,80.2305221558,34926,34936,10
13.0320100784,80.2305908203,34936,34946,10
13.0312004089,80.2306518555,34946,34956,10
13.0307798386,80.2306976318,34956,34966,10
13.0300703049,80.2307662964,34966,34986,20
13.0300703049,80.2307662964,34986,34996,10
13.0298204422,80.2308120728,34996,35017,21
13.0298204422,80.2308120728,35017,35027,10
13.0293397903,80.2308578491,35027,35037,10
13.0285997391,80.2308807373,35037,35047,10
13.0279998779,80.2309188843,35047,35057,10
13.0277996063,80.2311477661,35057,35067,10
13.0277996063,80.2317962646,35067,35083,16
13.0277395248,80.2327194214,35083,35095,12
13.0269098282,80.2329025269,35095,35146,51
13.0269098282,80.2329025269,35146,35156,10
13.0265798569,80.2330093384,35156,35166,10
13.0263595581,80.2328033447,35166,35176,10
13.0261001587,80.2319412231,35176,35186,10
13.0258398056,80.230796814,35186,35196,10
13.0252199173,80.2297286987,35196,35206,10
13.0245800018,80.2288970947,35206,35216,10
13.0241003036,80.2283401489,35216,35226,10
13.024020195,80.2282409668,35226,35237,11
13.0239200592,80.2280502319,35237,35247,10
13.0235204697,80.2276306152,35247,35257,10
13.0229701996,80.2271270752,35257,35275,18
13.021490097,80.2258987427,35275,35287,12
13.0205402374,80.2251586914,35287,35297,10
13.0200595856,80.2248306274,35297,35307,10
13.0198602676,80.2246780396,35307,35317,10
13.0198497772,80.224647522,35317,35327,10
13.019490242,80.2244720459,35327,35337,10
13.0186395645,80.2245101929,35337,35348,11
13.0173997879,80.2250213623,35348,35358,10
13.0163803101,80.2254714966,35358,35368,10
13.0155696869,80.225769043,35368,35378,10
13.0151395798,80.2259597778,35378,35388,10
13.0146799088,80.2261428833,35388,35438,50
13.0146799088,80.2261428833,35438,35448,10
13.0143299103,80.2261962891,35448,35459,11
13.0137395859,80.2264480591,35459,35469,10
13.0128803253,80.2267608643,35469,35479,10
13.0118503571,80.2272033691,35479,35489,10
13.0107803345,80.2276763916,35489,35499,10
13.0097398758,80.2280807495,35499,35509,10
13.0090904236,80.2289276123,35509,35519,10
13.0088500977,80.2300872803,35519,35529,10
13.008600235,80.231300354,35529,35539,10
13.0084199905,80.2323226929,35539,35549,10
13.0082998276,80.2331466675,35549,35559,10
13.0082597733,80.2334671021,35559,35569,10
13.0082197189,80.2336578369,35569,35580,11
13.0080795288,80.2342834473,35580,35590,10
13.0079603195,80.2349777222,35590,35600,10
13.0077400208,80.2360992432,35600,35610,10
13.0074996948,80.2372589111,35610,35620,10
13.0073204041,80.238243103,35620,35630,10
13.0071697235,80.2390823364,35630,35640,10
13.0069599152,80.239906311,35640,35741,101
13.0069599152,80.239906311,35741,35751,10
13.0069103241,80.2404174805,35751,35761,10
13.0068302155,80.2409210205,35761,35771,10
13.0067501068,80.2417221069,35771,35781,10
13.0067195892,80.2427597046,35781,35792,11
13.0066604614,80.2438201904,35792,35802,10
13.0066204071,80.244972229,35802,35812,10
13.0066795349,80.2458267212,35812,35822,10
13.0067396164,80.2466812134,35822,35832,10
13.0067100525,80.2475585938,35832,35842,10
13.0067396164,80.2484512329,35842,35852,10
13.0068597794,80.2493896484,35852,35882,30
13.0068597794,80.2493896484,35882,35892,10
13.0069198608,80.2495803833,35892,35903,11
13.0068798065,80.2501296997,35903,35913,10
13.0068302155,80.2509078979,35913,35923,10
13.0067195892,80.2517623901,35923,35933,10
13.0066003799,80.2524490356,35933,35943,10
13.0065898895,80.2533874512,35943,35953,10
13.0066204071,80.2544174194,35953,35963,10
13.0066003799,80.2553787231,35963,35973,10
13.0065803528,80.256362915,35973,35983,10
13.0066404343,80.2574234009,35983,35993,10
13.0071401596,80.2583389282,35993,36003,10
13.0076599121,80.2586593628,36003,36014,11
13.0076999664,80.2586669922,36014,36024,10
13.0080003738,80.2587890625,36024,36034,10
13.008600235,80.2590179443,36034,36044,10
13.0093097687,80.2590789795,36044,36054,10
13.0103302002,80.2590637207,36054,36064,10
13.0115499496,80.2590789795,36064,36074,10
13.0128602982,80.2591400146,36074,36084,10
13.0142602921,80.2591705322,36084,36094,10
13.0156002045,80.2592697144,36094,36104,10
13.016579628,80.2597732544,36104,36125,21
13.016579628,80.2597732544,36125,36135,10
13.0168504715,80.2600021362,36135,36145,10
13.0173902512,80.2603912354,36145,36155,10
13.0179796219,80.2608032227,36155,36165,10
13.0185499191,80.2611999512,36165,36175,10
13.019080162,80.2616577148,36175,36185,10
13.0195598602,80.2621231079,36185,36195,10
13.0201597214,80.262588501,36195,36205,10
13.0202302933,80.2626571655,36205,36215,10
13.0206098557,80.2628326416,36215,36225,10
13.0213003159,80.2630386353,36225,36235,10
13.0218801498,80.2632904053,36235,36246,11
13.0222101212,80.2634429932,36246,36256,10
13.0228004456,80.2637176514,36256,36266,10
13.0229701996,80.2638168335,36266,36275,9
13.0231199265,80.2639465332,36275,36286,11
13.0235795975,80.2641830444,36286,36296,10
13.024140358,80.2644805908,36296,36306,10
13.0247602463,80.2649612427,36306,36316,10
13.0253601074,80.2653808594,36316,36326,10
13.0259399414,80.2657394409,36326,36336,10
13.0263299942,80.2657012939,36336,36346,10
13.0263795853,80.265007019,36346,36357,11
13.0264997482,80.2641906738,36357,36367,10
13.0265102386,80.2640991211,36367,36377,10
13.026550293,80.2640304565,36377,36387,10
13.0265798569,80.2636566162,36387,36397,10
13.026720047,80.2633590698,36397,36407,10
13.027130127,80.2634735107,36407,36417,10
13.0275802612,80.2635574341,36417,36427,10
13.0280895233,80.263710022,36427,36437,10
13.028169632,80.2637405396,36437,36447,10
13.0284996033,80.2638473511,36447,36458,11
13.0289402008,80.2639770508,36458,36468,10
13.029299736,80.2641067505,36468,36478,10
13.0293397903,80.2644195557,36478,36488,10
13.0293102264,80.2650299072,36488,36498,10
13.0292797089,80.2658691406,36498,36518,20
13.0292797089,80.2658691406,36518,36528,10
13.0292596817,80.2662734985,36528,36538,10
13.0296201706,80.2665023804,36538,36548,10
13.0302200317,80.2666320801,36548,36558,10
13.0310096741,80.2667999268,36558,36569,11
13.0316095352,80.2670288086,36569,36579,10
13.0321702957,80.2673187256,36579,36589,10
13.0325803757,80.2675476074,36589,36599,10
13.0330896378,80.2677001953,36599,36608,9
13.0336503983,80.2678375244,36608,36649,41
13.0336503983,80.2678375244,36649,36659,10
13.0339803696,80.2679367065,36659,36669,10
13.0341396332,80.2679672241,36669,36680,11
13.0344200134,80.2680130005,36680,36690,10
13.0344600677,80.2680206299,36690,36700,10
13.0345897675,80.2681121826,36700,36710,10
13.0344896317,80.2681732178,36710,36720,10
13.0343503952,80.2680587769,36720,36730,10
13.0341596603,80.2679901123,36730,36740,10
13.033659935,80.267868042,36740,36821,81
13.0333900452,80.2677536011,36821,38237,1416
13.0333900452,80.2677536011,38237,38247,10
13.0330696106,80.2677078247,38247,38257,10
13.0327596664,80.267616272,38257,38267,10
13.0325498581,80.2674484253,38267,38277,10
13.0321302414,80.2672195435,38277,38287,10
13.0316095352,80.2669906616,38287,38297,10
13.0310001373,80.2667770386,38297,38307,10
13.030380249,80.2666625977,38307,38317,10
13.0299396515,80.2665786743,38317,38328,11
13.0298299789,80.2665786743,38328,38338,10
13.0295200348,80.2665634155,38338,38348,10
13.0292797089,80.2664871216,38348,38358,10
13.0288600922,80.2663726807,38358,38368,10
13.0282897949,80.2662277222,38368,38378,10
13.0277700424,80.266166687,38378,38388,10
13.0271596909,80.2661209106,38388,38398,10
13.0263996124,80.2659912109,38398,38414,16
13.0254402161,80.2654190063,38414,38426,12
13.0252895355,80.2653274536,38426,38434,8
13.025179863,80.2652893066,38434,38447,13
13.0247802734,80.2649612427,38447,38457,10
13.0241003036,80.2644729614,38457,38467,10
13.0233602524,80.2640533447,38467,38477,10
13.0226202011,80.2635803223,38477,38487,10
13.022190094,80.263420105,38487,38497,10
13.0221796036,80.263420105,38497,38507,10
13.0220098495,80.2633285522,38507,38517,10
13.0217695236,80.2632369995,38517,38527,10
13.0215902328,80.2631607056,38527,38537,10
13.0213003159,80.2630615234,38537,38548,11
13.0211400986,80.2630386353,38548,38558,10
13.0207796097,80.2630004883,38558,38568,10
13.02023983,80.2629928589,38568,38578,10
13.0196895599,80.2629394531,38578,38588,10
13.0191297531,80.2628707886,38588,38598,10
13.018910408,80.2624588013,38598,38608,10
13.0187797546,80.2618179321,38608,38618,10
13.0186500549,80.2613601685,38618,38628,10
13.0181503296,80.2609634399,38628,38638,10
13.0176801682,80.2606811523,38638,38648,10
13.0174198151,80.2605209351,38648,38679,31
13.0174198151,80.2605209351,38679,38689,10
13.0173597336,80.2604827881,38689,38699,10
13.0171203613,80.2602996826,38699,38709,10
13.0166397095,80.259979248,38709,38719,10
13.0160903931,80.2596893311,38719,38729,10
13.0160503387,80.2596817017,38729,38739,10
13.0157403946,80.2595214844,38739,38749,10
13.0150899887,80.2593383789,38749,38759,10
13.014289856,80.2592773438,38759,38770,11
13.0131902695,80.2592391968,38770,38780,10
13.0121297836,80.2592010498,38780,38790,10
13.0111999512,80.2591705322,38790,38800,10
13.0103597641,80.2592391968,38800,38810,10
13.0098695755,80.2592163086,38810,38820,10
13.009759903,80.2592163086,38820,38830,10
13.0094404221,80.2592391968,38830,38840,10
13.0089998245,80.2592086792,38840,38850,10
13.0087995529,80.2591781616,38850,38860,10
13.0084600449,80.2591094971,38860,38870,10
13.0078601837,80.2592163086,38870,38880,10
13.0074195862,80.2590637207,38880,38891,11
13.0072097778,80.2586669922,38891,38901,10
13.0071401596,80.2585678101,38901,38911,10
13.0069303513,80.2582015991,38911,38921,10
13.0067195892,80.2578582764,38921,38961,40
13.0064897537,80.2576904297,38961,38981,20
13.0064897537,80.2576904297,38981,38992,11
13.0064296722,80.2572479248,38992,39002,10
13.0064201355,80.2567977905,39002,39011,9
13.0063896179,80.2561569214,39011,39022,11
13.0064401627,80.2553024292,39022,39032,10
13.006480217,80.2542037964,39032,39042,10
13.0064601898,80.253288269,39042,39052,10
13.006480217,80.253112793,39052,39062,10
13.0064897537,80.2527770996,39062,39072,10
13.0065603256,80.2520065308,39072,39103,31
13.0065603256,80.2520065308,39103,39113,10
13.0066604614,80.251701355,39113,39123,10
13.0067195892,80.2510375977,39123,39133,10
13.0066995621,80.2501831055,39133,39143,10
13.0066699982,80.2492523193,39143,39153,10
13.0066003799,80.2483062744,39153,39163,10
13.0065803528,80.2477416992,39163,39193,30
13.0065803528,80.2477416992,39193,39203,10
13.0066795349,80.2474594116,39203,39214,11
13.006649971,80.2469482422,39214,39224,10
13.0065803528,80.2464675903,39224,39234,10
13.0066003799,80.2463912964,39234,39244,10
13.006649971,80.2460174561,39244,39254,10
13.0066604614,80.245300293,39254,39264,10
13.006649971,80.244392395,39264,39274,10
13.0066404343,80.243560791,39274,39284,10
13.0066204071,80.2428131104,39284,39294,10
13.0065402985,80.2419204712,39294,39304,10
13.0065402985,80.2414703369,39304,39314,10
13.0065498352,80.2412033081,39314,39325,11
13.0066604614,80.2405776978,39325,39335,10
13.006770134,80.2399978638,39335,39345,10
13.0069599152,80.2391662598,39345,39354,9
13.0071201324,80.238319397,39354,39365,11
13.0072803497,80.2375183105,39365,39375,10
13.0073699951,80.2368392944,39375,39385,10
13.0074100494,80.2366409302,39385,39395,10
13.0074501038,80.2365112305,39395,39405,10
13.0075597763,80.2361221313,39405,39415,10
13.0076999664,80.2353897095,39415,39425,10
13.0077800751,80.2350463867,39425,39436,11
13.0078496933,80.2347106934,39436,39446,10
13.0079898834,80.2340316772,39446,39456,10
13.0081796646,80.2330703735,39456,39466,10
13.0083999634,80.2319488525,39466,39476,10
13.0086402893,80.2307128906,39476,39486,10
13.0089197159,80.2293319702,39486,39495,9
13.0092000961,80.2281036377,39495,39505,10
13.0096902847,80.2269363403,39505,39516,11
13.0102100372,80.2257995605,39516,39526,10
13.0104999542,80.2251281738,39526,39536,10
13.0107402802,80.2246780396,39536,39547,11
13.0110397339,80.2239990234,39547,39557,10
13.0113296509,80.2233505249,39557,39567,10
13.0114002228,80.2231903076,39567,39577,10
13.0115499496,80.2228164673,39577,39587,10
13.0118398666,80.2221069336,39587,39597,10
13.0122995377,80.2214813232,39597,39607,10
13.0125198364,80.2217788696,39607,39617,10
13.0131196976,80.2223892212,39617,39627,10
13.0136499405,80.2230300903,39627,39637,10
13.0141000748,80.2237014771,39637,39647,10
13.0147399902,80.2242965698,39647,39658,11
13.0152101517,80.2247924805,39658,39668,10
13.0154600143,80.2249984741,39668,39688,20
13.0154600143,80.2249984741,39688,39698,10
13.0155200958,80.2250595093,39698,39708,10
13.0158596039,80.2252731323,39708,39718,10
13.0166196823,80.2252578735,39718,39728,10
13.0175800323,80.224899292,39728,39744,16
13.019080162,80.2243423462,39744,39756,12
13.0197601318,80.2245101929,39756,39776,20
13.0197601318,80.2245101929,39776,39787,11
13.0200395584,80.2247695923,39787,39797,10
13.0206098557,80.2252120972,39797,39807,10
13.0213603973,80.2257766724,39807,39817,10
13.0219297409,80.2261734009,39817,39827,10
13.0219697952,80.2261886597,39827,39837,10
13.0220499039,80.2262802124,39837,39848,11
13.0225000381,80.2267074585,39848,39857,9
13.0230798721,80.2272109985,39857,39868,11
13.023850441,80.227897644,39868,39879,11
13.0242004395,80.2282791138,39879,39889,10
13.0244998932,80.2286682129,39889,39899,10
13.0248403549,80.2291717529,39899,39909,10
13.0254602432,80.2299194336,39909,39929,20
13.0254602432,80.2299194336,39929,39939,10
13.0256299973,80.230140686,39939,39949,10
13.0258598328,80.2304992676,39949,39959,10
13.0258903503,80.2305831909,39959,39969,10
13.0259399414,80.2308120728,39969,39979,10
13.0260000229,80.2310562134,39979,39990,11
13.0260801315,80.2313613892,39990,40000,10
13.0264501572,80.231300354,40000,40010,10
13.0271997452,80.2310562134,40010,40020,10
13.0284900665,80.2308578491,40020,40040,20
13.0284900665,80.2308578491,40040,40050,10
13.0291204453,80.2308197021,40050,40080,30
13.0291204453,80.2308197021,40080,40090,10
13.0294704437,80.2308425903,40090,40101,11
13.0300102234,80.230758667,40101,40111,10
13.0302696228,80.2307281494,40111,40121,10
13.0304298401,80.23072052,40121,40131,10
13.0306797028,80.2306976318,40131,40141,10
13.0308799744,80.230682373,40141,40151,10
13.0313796997,80.2306213379,40151,40161,10
13.031999588,80.2305831909,40161,40171,10
13.0326499939,80.2305221558,40171,40181,10
13.0332098007,80.2305221558,40181,40191,10
13.0335798264,80.2304992676,40191,40282,91
13.0335798264,80.2304992676,40282,40292,10
13.033659935,80.2305831909,40292,40302,10
13.0338802338,80.2305297852,40302,40312,10
13.0341100693,80.2304763794,40312,40323,11
13.0342798233,80.2304534912,40323,40333,10
13.0344400406,80.2304229736,40333,40343,10
13.0349397659,80.230140686,40343,40454,111
13.0350399017,80.2298126221,40454,40514,60
13.0346803665,80.2297897339,40514,40585,71
13.0346803665,80.2297897339,40585,40595,10
13.0342903137,80.2297973633,40595,40706,111
13.0342903137,80.2297973633,40706,40716,10
13.0342702866,80.230178833,40716,41342,626
13.0342702866,80.230178833,41342,41352,10
13.0339603424,80.2304077148,41352,41362,10
13.0335702896,80.230430603,41362,41372,10
13.0329504013,80.2305221558,41372,41382,10
13.0322399139,80.2305831909,41382,41392,10
13.0316200256,80.2306365967,41392,41402,10
13.0310001373,80.2306976318,41402,41412,10
13.0301599503,80.2307891846,41412,41433,21
13.0301599503,80.2307891846,41433,41443,10
13.0298700333,80.2308120728,41443,41453,10
13.0296401978,80.2308425903,41453,41463,10
13.0290803909,80.2308883667,41463,41473,10
13.0284500122,80.2309036255,41473,41483,10
13.027879715,80.2309570313,41483,41493,10
13.0276498795,80.2312164307,41493,41509,16
13.0277700424,80.2323608398,41509,41521,12
13.0276098251,80.2327804565,41521,41529,8
13.0274000168,80.2328262329,41529,41542,13
13.0270595551,80.2329483032,41542,41552,10
13.0268297195,80.2329788208,41552,41562,10
13.0263996124,80.2328796387,41562,41572,10
13.0261297226,80.2321090698,41572,41580,8
13.0259304047,80.2313613892,41580,41592,12
13.0254898071,80.2302322388,41592,41602,10
13.0248804092,80.2293624878,41602,41612,10
13.0243997574,80.228729248,41612,41621,9
13.0241098404,80.2284622192,41621,41632,11
13.0240402222,80.2284011841,41632,41642,10
13.0238599777,80.2281570435,41642,41653,11
13.0236902237,80.2279281616,41653,41663,10
13.0235099792,80.2277679443,41663,41673,10
13.0234003067,80.2276687622,41673,41683,10
13.0232000351,80.2275085449,41683,41693,10
13.023059845,80.2273406982,41693,41703,10
13.0228500366,80.2271728516,41703,41713,10
13.022480011,80.2268600464,41713,41723,10
13.0220098495,80.2264404297,41723,41733,10
13.0215997696,80.2260971069,41733,41743,10
13.0210895538,80.2257080078,41743,41753,10
13.0205001831,80.2253036499,41753,41764,11
13.0198097229,80.2248535156,41764,41774,10
13.0188798904,80.2245483398,41774,41784,10
13.017999649,80.2248382568,41784,41794,10
13.0172901154,80.2251205444,41794,41804,10
13.0167198181,80.2253417969,41804,41814,10
13.0164499283,80.2254562378,41814,41824,10
13.0162401199,80.2255477905,41824,41834,10
13.0157899857,80.225692749,41834,41844,10
13.0150098801,80.225982666,41844,41864,20
13.0150098801,80.225982666,41864,41875,11
13.0149202347,80.2260513306,41875,41885,10
13.0145597458,80.2262191772,41885,41895,10
13.0143499374,80.2263031006,41895,41905,10
13.0141897202,80.2263412476,41905,41915,10
13.0136003494,80.2265625,41915,41925,10
13.0128297806,80.2268371582,41925,41935,10
13.0119400024,80.2272033691,41935,41945,10
13.0109500885,80.2275924683,41945,41955,10
13.0099000931,80.2279891968,41955,41965,10
13.0091104507,80.2285690308,41965,41976,11
13.0088796616,80.2297515869,41976,41986,10
13.0086803436,80.2309875488,41986,41996,10
13.0084295273,80.2322998047,41996,42006,10
13.0082502365,80.2334365845,42006,42016,10
13.0080499649,80.2343215942,42016,42026,10
13.0078897476,80.2350997925,42026,42036,10
13.0077495575,80.2358398438,42036,42046,10
13.0075597763,80.236831665,42046,42056,10
13.0073795319,80.2378005981,42056,42066,10
13.0072002411,80.2386779785,42066,42076,10
13.0069198608,80.2399215698,42076,42137,61
13.0069198608,80.2399215698,42137,42147,10
13.0070104599,80.2400588989,42147,42156,9
13.0068998337,80.2403411865,42156,42167,11
13.0068101883,80.2409286499,42167,42177,10
13.0067501068,80.2417373657,42177,42187,10
13.0067300797,80.24269104,42187,42197,10
13.0066699982,80.2434082031,42197,42208,11
13.006649971,80.2443237305,42208,42218,10
13.0066795349,80.2451934814,42218,42228,10
13.0066795349,80.2459793091,42228,42238,10
13.0066795349,80.2466812134,42238,42248,10
13.0066900253,80.2470169067,42248,42258,10
13.0066795349,80.2473220825,42258,42268,10
13.0066299438,80.2479095459,42268,42284,16
13.0068101883,80.2493209839,42284,42296,12
13.0068397522,80.2496337891,42296,42305,9
13.0068397522,80.2499694824,42305,42317,12
13.0067596436,80.2507629395,42317,42327,10
13.0067396164,80.2516021729,42327,42336,9
13.0065803528,80.2521972656,42336,42347,11
13.0065402985,80.2532424927,42347,42357,10
13.0064601898,80.254119873,42357,42366,9
13.0065498352,80.2548904419,42366,42376,10
13.0066003799,80.2557678223,42376,42387,11
13.0066003799,80.2565612793,42387,42397,10
13.0066299438,80.2571411133,42397,42407,10
13.0066604614,80.2574462891,42407,42417,10
13.0069799423,80.2581100464,42417,42428,11
13.0075397491,80.2585525513,42428,42438,10
13.0077295303,80.2586364746,42438,42448,10
13.0078802109,80.2587280273,42448,42458,10
13.0082798004,80.2588806152,42458,42468,10
13.0090904236,80.2590332031,42468,42478,10
13.0103797913,80.2590408325,42478,42488,10
13.0117301941,80.2590408325,42488,42498,10
13.0130500793,80.2591018677,42498,42508,10
13.0142803192,80.2591400146,42508,42518,10
13.0153503418,80.2592163086,42518,42528,10
13.0164804459,80.2596969604,42528,42559,31
13.0164804459,80.2596969604,42559,42569,10
13.0171003342,80.2602005005,42569,42579,10
13.0179595947,80.2607803345,42579,42589,10
13.0187501907,80.2613296509,42589,42599,10
13.019370079,80.2618637085,42599,42609,10
13.0200099945,80.2624664307,42609,42619,10
13.0201597214,80.2626190186,42619,42629,10
13.0204801559,80.2627563477,42629,42639,10
13.021109581,80.262878418,42639,42650,11
13.0218601227,80.2632064819,42650,42660,10
13.0222396851,80.2634124756,42660,42670,10
13.0227098465,80.2636032104,42670,42680,10
13.022769928,80.2636566162,42680,42690,10
13.0230398178,80.2638168335,42690,42700,10
13.0234603882,80.2640228271,42700,42710,10
13.0241603851,80.2644424438,42710,42720,10
13.0246400833,80.2647781372,42720,42730,10
13.0250396729,80.2650985718,42730,42740,10
13.025560379,80.2654418945,42740,42750,10
13.0262002945,80.2657470703,42750,42761,11
13.0263700485,80.2651824951,42761,42771,10
13.0263595581,80.2647628784,42771,42781,10
13.0264701843,80.2641067505,42781,42791,10
13.0264902115,80.2640380859,42791,42801,10
13.0265798569,80.2635803223,42801,42811,10
13.0268201828,80.263458252,42811,42821,10
13.0272798538,80.2634811401,42821,42831,10
13.0277795792,80.2635803223,42831,42841,10
13.0282897949,80.2637329102,42841,42851,10
13.0284996033,80.2637863159,42851,42861,10
13.0289402008,80.2638778687,42861,42872,11
13.0292797089,80.2641220093,42872,42882,10
13.0292901993,80.2645187378,42882,42892,10
13.0292396545,80.2650222778,42892,42902,10
13.0292196274,80.2658309937,42902,42912,10
13.0291795731,80.266242981,42912,42922,10
13.0291595459,80.2664794922,42922,42932,10
13.0293798447,80.2665405273,42932,42942,10
13.0297498703,80.2665481567,42942,42952,10
13.0302200317,80.2665863037,42952,42962,10
13.0308904648,80.2667617798,42962,42972,10
13.0314903259,80.2669219971,42972,42983,11
13.0320901871,80.2671585083,42983,42993,10
13.032500267,80.2674026489,42993,43003,10
13.0328302383,80.267578125,43003,43013,10
13.0330400467,80.2676391602,43013,43023,10
13.0334396362,80.2677688599,43023,43063,40
13.0334396362,80.2677688599,43063,43073,10
13.0338602066,80.2678985596,43073,43089,16
13.0344600677,80.2679672241,43089,43102,13
13.0344800949,80.2679824829,43102,43112,10
13.0344104767,80.268119812,43112,43132,20
13.0344104767,80.268119812,43132,43142,10
13.0342102051,80.2679901123,43142,43152,10
13.0339202881,80.2679595947,43152,43162,10
13.033659935,80.2678985596,43162,43263,101
13.0333003998,80.2678070068,43263,43848,585
13.0333003998,80.2678070068,43848,43858,10
13.0329399109,80.2677612305,43858,43868,10
13.0326700211,80.2676773071,43868,43879,11
13.032409668,80.2675323486,43879,43889,10
13.0320196152,80.2673187256,43889,43899,10
13.0316696167,80.2671279907,43899,43909,10
13.0311698914,80.2669830322,43909,43919,10
13.0307102203,80.2668762207,43919,43929,10
13.0306501389,80.2668685913,43929,43938,9
13.0301504135,80.266708374,43938,43950,12
13.0296897888,80.2665786743,43950,43960,10
13.0291700363,80.2664413452,43960,43970,10
13.0285902023,80.2662963867,43970,43980,10
13.028380394,80.2662582397,43980,43991,11
13.0274295807,80.2661437988,43991,44001,10
13.0266599655,80.2660827637,44001,44031,30
13.0266599655,80.2660827637,44031,44041,10
13.0262403488,80.2659988403,44041,44051,10
13.0259199142,80.2658233643,44051,44061,10
13.0254402161,80.2655563354,44061,44071,10
13.0252799988,80.2654266357,44071,44081,10
13.0251598358,80.2653274536,44081,44091,10
13.0249700546,80.2651367188,44091,44108,17
13.0244998932,80.2648391724,44108,44120,12
13.0239496231,80.2644729614,44120,44130,10
13.0235595703,80.2642211914,44130,44140,10
13.0226602554,80.2637863159,44140,44150,10
13.0221204758,80.2635269165,44150,44160,10
13.0220899582,80.2635192871,44160,44170,10
13.0217399597,80.2632980347,44170,44180,10
13.0212202072,80.2630996704,44180,44190,10
13.0203895569,80.2630691528,44190,44200,10
13.0198001862,80.2630081177,44200,44211,11
13.0192298889,80.2629470825,44211,44221,10
13.0188999176,80.2626800537,44221,44231,10
13.0188102722,80.2619094849,44231,44241,10
13.0186901093,80.2613830566,44241,44251,10
13.0182104111,80.2610168457,44251,44261,10
13.0176296234,80.2606430054,44261,44271,10
13.0170402527,80.2602386475,44271,44281,10
13.0160999298,80.2596969604,44281,44301,20
13.0160999298,80.2596969604,44301,44311,10
13.0160198212,80.2596893311,44311,44322,11
13.0156402588,80.2595214844,44322,44332,10
13.0149402618,80.2593612671,44332,44342,10
13.0141296387,80.2593078613,44342,44352,10
13.0131597519,80.259262085,44352,44362,10
13.0121603012,80.2592315674,44362,44372,10
13.0112199783,80.2592010498,44372,44382,10
13.0103902817,80.2592468262,44382,44392,10
13.0098896027,80.2592391968,44392,44402,10
13.0098199844,80.2592010498,44402,44412,10
13.0095396042,80.2591781616,44412,44422,10
13.0091104507,80.2591629028,44422,44433,11
13.008769989,80.2591400146,44433,44443,10
13.0081796646,80.2591629028,44443,44453,10
13.0075798035,80.259262085,44453,44463,10
13.0072498322,80.2588577271,44463,44473,10
13.0071802139,80.2587280273,44473,44483,10
13.0070295334,80.2584533691,44483,44493,10
13.0067796707,80.2580337524,44493,44503,10
13.006529808,80.2577362061,44503,44523,20
13.0065402985,80.2575378418,44523,44554,31
13.0065402985,80.2575378418,44554,44564,10
13.0065002441,80.2571792603,44564,44574,10
13.006480217,80.2566299438,44574,44584,10
13.0065202713,80.2559204102,44584,44594,10
13.0065698624,80.2552566528,44594,44604,10
13.0066003799,80.2545471191,44604,44614,10
13.0066404343,80.2538299561,44614,44624,10
13.0066299438,80.2532730103,44624,44634,10
13.0066099167,80.2532501221,44634,44644,10
13.0065898895,80.2530975342,44644,44655,11
13.0066404343,80.2525405884,44655,44665,10
13.0065698624,80.2523193359,44665,44675,10
13.0065498352,80.2523193359,44675,44685,10
13.0065498352,80.2521514893,44685,44695,10
13.0066404343,80.2516708374,44695,44705,10
13.0067796707,80.2509613037,44705,44715,10
13.0067996979,80.2496337891,44715,44735,20
13.0067996979,80.2496337891,44735,44745,10
13.0067996979,80.2493362427,44745,44755,10
13.0066995621,80.2484283447,44755,44796,41
13.0066995621,80.2484283447,44796,44806,10
13.0066604614,80.2482910156,44806,44816,10
13.0066404343,80.2479019165,44816,44826,10
13.0066604614,80.2472991943,44826,44836,10
13.0065898895,80.2465591431,44836,44856,20
13.0065898895,80.2465591431,44856,44866,10
13.0066299438,80.246307373,44866,44877,11
13.0066604614,80.2456970215,44877,44887,10
13.0066404343,80.2450332642,44887,44897,10
13.0066404343,80.2444610596,44897,44906,9
13.0066699982,80.2439804077,44906,44917,11
13.0066604614,80.2432785034,44917,44927,10
13.0066404343,80.242477417,44927,44937,10
13.0066204071,80.2417068481,44937,44947,10
13.0066795349,80.2409515381,44947,44957,10
13.0068101883,80.2404022217,44957,44967,10
13.0069799423,80.2397079468,44967,44977,10
13.0071496964,80.2387237549,44977,44988,11
13.0073699951,80.2376174927,44988,44998,10
13.0074901581,80.2367095947,44998,45018,20
13.0074901581,80.2367095947,45018,45028,10
13.0075397491,80.2364501953,45028,45038,10
13.0076503754,80.2359390259,45038,45048,10
13.0078001022,80.2351989746,45048,45058,10
13.0079898834,80.2342834473,45058,45068,10
13.0082197189,80.2332000732,45068,45078,10
13.0085296631,80.2317810059,45078,45089,11
13.0088195801,80.23046875,45089,45099,10
13.0090398788,80.2291030884,45099,45109,10
13.0093097687,80.2278518677,45109,45119,10
13.0098199844,80.2267074585,45119,45129,10
13.0102500916,80.2257919312,45129,45139,10
13.0106601715,80.2249069214,45139,45149,10
13.0109996796,80.2241821289,45149,45159,10
13.011349678,80.2233886719,45159,45169,10
13.0115699768,80.2229232788,45169,45179,10
13.0117998123,80.2221298218,45179,45189,10
13.012260437,80.2214202881,45189,45199,10
13.0125598907,80.2217102051,45199,45210,11
13.0129899979,80.2223434448,45210,45220,10
13.0136003494,80.2230224609,45220,45230,10
13.0141897202,80.2236633301,45230,45240,10
13.0146398544,80.2241592407,45240,45250,10
13.0150003433,80.2245635986,45250,45260,10
13.0150499344,80.2246017456,45260,45270,10
13.0151500702,80.2246780396,45270,45280,10
13.0153102875,80.2248382568,45280,45290,10
13.0156002045,80.2250976563,45290,45310,20
13.0156002045,80.2250976563,45310,45321,11
13.0156698227,80.2252502441,45321,45331,10
13.0159397125,80.2253799438,45331,45341,10
13.0161800385,80.225402832,45341,45351,10
13.0164499283,80.2253723145,45351,45361,10
13.0170602798,80.2251434326,45361,45371,10
13.0179004669,80.2248001099,45371,45381,10
13.0187702179,80.2244262695,45381,45391,10
13.0194196701,80.2244110107,45391,45401,10
13.0199604034,80.2247390747,45401,45411,10
13.0204801559,80.225112915,45411,45421,10
13.0210504532,80.2255401611,45421,45432,11
13.0220298767,80.2262573242,45432,45462,30
13.0220298767,80.2262573242,45462,45472,10
13.0221796036,80.2263793945,45472,45482,10
13.0225801468,80.2267303467,45482,45492,10
13.0231199265,80.2272567749,45492,45502,10
13.0237598419,80.2278366089,45502,45512,10
13.0242795944,80.2283782959,45512,45522,10
13.0246696472,80.2289428711,45522,45532,10
13.0251903534,80.229598999,45532,45543,11
13.0256900787,80.2303314209,45543,45553,10
13.0258903503,80.2308883667,45553,45563,10
13.0259599686,80.2313079834,45563,45573,10
13.0265102386,80.2312774658,45573,45583,10
13.0272798538,80.231086731,45583,45593,10
13.0284795761,80.2309265137,45593,45613,20
13.0288600922,80.2308883667,45613,45643,30
13.0288600922,80.2308883667,45643,45654,11
13.0290899277,80.2309188843,45654,45664,10
13.0293998718,80.2308883667,45664,45674,10
13.0297403336,80.2308425903,45674,45684,10
13.0301198959,80.2308120728,45684,45694,10
13.0305299759,80.2307662964,45694,45704,10
13.0306901932,80.230758667,45704,45714,10
13.0309095383,80.2307281494,45714,45724,10
13.03125,80.2307128906,45724,45734,10
13.0318403244,80.2306594849,45734,45744,10
13.0324802399,80.2306137085,45744,45754,10
13.0332803726,80.2305831909,45754,45785,31
13.0334997177,80.2305526733,45785,45835,50
13.0334997177,80.2305526733,45835,45845,10
13.0337200165,80.2305297852,45845,45855,10
13.034040451,80.2304992676,45855,45906,51
13.034040451,80.2304992676,45906,45916,10
13.0344400406,80.2304382324,45916,45926,10
13.0348100662,80.2303390503,45926,45936,10
13.0349998474,80.2300720215,45936,47863,1927
13.0347003937,80.2298965454,47863,48428,565
13.0344696045,80.229850769,48428,49194,766
13.0343198776,80.2299118042,49194,49517,323
13.0341997147,80.2298431396,49517,49679,162
13.0341501236,80.2302093506,49679,49780,101
13.0341501236,80.2302093506,49780,49790,10
13.0335903168,80.23046875,49790,49800,10
13.0328998566,80.2304763794,49800,49810,10
13.0322504044,80.2305374146,49810,49820,10
13.0320796967,80.2305603027,49820,49830,10
13.0318002701,80.2305526733,49830,49840,10
13.03125,80.2305908203,49840,49850,10
13.0306396484,80.2306518555,49850,49860,10
13.0299797058,80.2307434082,49860,49870,10
13.0297698975,80.2308120728,49870,49880,10
13.0296096802,80.2308425903,49880,49891,11
13.029129982,80.2309112549,49891,49901,10
13.0285701752,80.2309265137,49901,49911,10
13.0278997421,80.2309799194,49911,49921,10
13.0277204514,80.2313613892,49921,49931,10
13.0277500153,80.2318191528,49931,49941,10
13.0278701782,80.2326431274,49941,49951,10
13.0274600983,80.2328414917,49951,49961,10
13.0268001556,80.2329711914,49961,50022,61
13.0268001556,80.2329711914,50022,50032,10
13.0265798569,80.2330322266,50032,50042,10
13.0263299942,80.2328262329,50042,50052,10
13.026140213,80.232170105,50052,50062,10
13.0259399414,80.2313079834,50062,50072,10
13.0256595612,80.2304534912,50072,50082,10
13.0251998901,80.2297592163,50082,50092,10
13.0246200562,80.2290267944,50092,50123,31
13.0246200562,80.2290267944,50123,50133,10
13.0243797302,80.228729248,50133,50143,10
13.0240001678,80.228302002,50143,50163,20
13.0240001678,80.228302002,50163,50179,16
13.0236196518,80.2277908325,50179,50191,12
13.0231599808,80.2273178101,50191,50199,8
13.0228204727,80.2269973755,50199,50210,11
13.0221595764,80.2264404297,50210,50221,11
13.0214195251,80.2258300781,50221,50232,11
13.0206804276,80.2252578735,50232,50242,10
13.019949913,80.2247695923,50242,50252,10
13.0192499161,80.2244491577,50252,50262,10
13.0182800293,80.2246780396,50262,50272,10
13.0173397064,80.2250595093,50272,50280,8
13.0167798996,80.2252883911,50280,50291,11
13.016169548,80.2255325317,50291,50302,11
13.0155601501,80.2257614136,50302,50312,10
13.0147695541,80.2260818481,50312,50333,21
13.0147695541,80.2260818481,50333,50344,11
13.0145101547,80.2261505127,50344,50354,10
13.0143404007,80.2262268066,50354,50364,10
13.0138902664,80.2264099121,50364,50374,10
13.0132598877,80.2266464233,50374,50384,10
13.0125102997,80.2269592285,50384,50394,10
13.0116901398,80.2273025513,50394,50404,10
13.0107803345,80.2276611328,50404,50414,10
13.0099000931,80.2280197144,50414,50424,10
13.0092000961,80.2284698486,50424,50434,10
13.0089998245,80.2293395996,50434,50444,10
13.0087995529,80.2303390503,50444,50455,11
13.0085897446,80.2313766479,50455,50465,10
13.0083799362,80.2324981689,50465,50475,10
13.0082798004,80.2334213257,50475,50485,10
13.0082302094,80.2335968018,50485,50495,10
13.0081596375,80.2337875366,50495,50505,10
13.0080699921,80.234336853,50505,50521,16
13.0078201294,80.2356414795,50521,50533,12
13.0075902939,80.2367172241,50533,50541,8
13.0074300766,80.2375335693,50541,50552,11
13.007229805,80.2385787964,50552,50563,11
13.0070400238,80.2395782471,50563,50574,11
13.0068998337,80.2401275635,50574,50634,60
13.0068998337,80.2401275635,50634,50644,10
13.0069503784,80.2403030396,50644,50654,10
13.0068101883,80.2408905029,50654,50674,20
13.0068101883,80.2408905029,50674,50685,11
13.0067501068,80.2413024902,50685,50695,10
13.0067195892,80.2420196533,50695,50705,10
13.0067195892,80.2427825928,50705,50715,10
13.0067300797,80.243598938,50715,50725,10
13.0067396164,80.2445220947,50725,50735,10
13.0067195892,80.2454223633,50735,50745,10
13.0067596436,80.2463607788,50745,50755,10
13.0067796707,80.2472610474,50755,50765,10
13.0067396164,80.2481002808,50765,50775,10
13.0067996979,80.2490234375,50775,50785,10
13.0068597794,80.249458313,50785,50796,11
13.0068702698,80.2494735718,50796,50806,10
13.0068597794,80.2496032715,50806,50816,10
13.0068502426,80.25,50816,50826,10
13.006819725,80.2506103516,50826,50836,10
13.0067996979,80.2515411377,50836,50866,30
13.0067996979,80.2515411377,50866,50876,10
13.0066995621,80.2518386841,50876,50886,10
13.0065803528,80.252456665,50886,50896,10
13.0065498352,80.2533569336,50896,50907,11
13.0065698624,80.2544784546,50907,50917,10
13.0066003799,80.2553787231,50917,50927,10
13.0066099167,80.2562637329,50927,50937,10
13.0066604614,80.2570266724,50937,50947,10
13.0066900253,80.257270813,50947,50957,10
13.0067396164,80.25756073,50957,50967,10
13.0070199966,80.2580566406,50967,50977,10
13.0076799393,80.2586212158,50977,51003,26
13.0076799393,80.2586212158,51003,51015,12
13.0082101822,80.2588806152,51015,51026,11
13.0087795258,80.2589797974,51026,51036,10
13.0098896027,80.2590103149,51036,51046,10
13.01101017,80.2590179443,51046,51056,10
13.0120897293,80.2590408325,51056,51066,10
13.0132303238,80.2590789795,51066,51076,10
13.0144195557,80.2591400146,51076,51086,10
13.0154600143,80.2592163086,51086,51096,10
13.0163202286,80.2596206665,51096,51116,20
13.0163202286,80.2596206665,51116,51126,10
13.0165996552,80.2599105835,51126,51137,11
13.0171604156,80.2602996826,51137,51147,10
13.0177497864,80.2606964111,51147,51157,10
13.0183401108,80.2610931396,51157,51167,10
13.0188503265,80.2614974976,51167,51177,10
13.0193500519,80.2619018555,51177,51187,10
13.0200796127,80.2625427246,51187,51216,29
13.0200796127,80.2625427246,51216,51227,11
13.0206604004,80.2628631592,51227,51237,10
13.0213098526,80.2630767822,51237,51248,11
13.0219202042,80.2633590698,51248,51258,10
13.0222702026,80.2635269165,51258,51268,10
13.0226802826,80.2637481689,51268,51278,10
13.0228796005,80.2638473511,51278,51288,10
13.0232200623,80.2640228271,51288,51298,10
13.0237598419,80.2643890381,51298,51308,10
13.0243196487,80.2646789551,51308,51318,10
13.0247602463,80.2649230957,51318,51328,10
13.0251502991,80.2652206421,51328,51338,10
13.0256700516,80.2656478882,51338,51348,10
13.026140213,80.2658081055,51348,51359,11
13.026260376,80.2653884888,51359,51369,10
13.0263595581,80.2647399902,51369,51379,10
13.0264797211,80.263999939,51379,51389,10
13.0264997482,80.2639007568,51389,51399,10
13.0265398026,80.263671875,51399,51409,10
13.0267400742,80.2633972168,51409,51419,10
13.0271902084,80.2636184692,51419,51429,10
13.0278701782,80.2637176514,51429,51439,10
13.0282096863,80.2637863159,51439,51449,10
13.0283699036,80.2638015747,51449,51459,10
13.0287399292,80.2640304565,51459,51470,11
13.0290403366,80.2642822266,51470,51480,10
13.0291595459,80.2646484375,51480,51490,10
13.0291700363,80.2653503418,51490,51500,10
13.0291795731,80.2661590576,51500,51510,10
13.0291795731,80.2663726807,51510,51530,20
13.0291795731,80.2663726807,51530,51546,16
13.0294599533,80.2665634155,51546,51558,12
13.0298204422,80.266708374,51558,51569,11
13.030500412,80.2668533325,51569,51579,10
13.0312004089,80.2670211792,51579,51588,9
13.0318899155,80.2672805786,51588,51599,11
13.0323400497,80.2674636841,51599,51609,10
13.0327100754,80.267616272,51609,51619,10
13.0333595276,80.2677536011,51619,51648,29
13.0333595276,80.2677536011,51648,51658,10
13.033780098,80.2679214478,51658,51700,42
13.033780098,80.2679214478,51700,51710,10
13.0340795517,80.2679595947,51710,51720,10
13.0344104767,80.2680206299,51720,51730,10
13.0345401764,80.2680587769,51730,51740,10
13.0344495773,80.2681808472,51740,51750,10
13.0343399048,80.268081665,51750,51760,10
13.0339403152,80.2679824829,51760,51770,10
13.0335302353,80.267906189,51770,51982,212
13.0335302353,80.267906189,51982,51992,10
13.0332698822,80.2678222656,51992,52002,10
13.0329399109,80.2677612305,52002,52012,10
13.0325899124,80.2675704956,52012,52023,11
13.032119751,80.2673492432,52023,52033,10
13.0315799713,80.2670822144,52033,52043,10
13.0309295654,80.2668380737,52043,52053,10
13.03028965,80.266708374,52053,52062,9
13.0297803879,80.2666320801,52062,52073,11
13.0294799805,80.2665634155,52073,52083,10
13.0290803909,80.266418457,52083,52093,10
13.0286302567,80.2663803101,52093,52103,10
13.0279302597,80.266242981,52103,52113,10
13.0271902084,80.2661209106,52113,52123,10
13.02643013,80.2659606934,52123,52134,11
13.0257196426,80.2655715942,52134,52144,10
13.025270462,80.2652893066,52144,52154,10
13.025179863,80.2652435303,52154,52164,10
13.0247802734,80.2649078369,52164,52174,10
13.0242300034,80.264503479,52174,52184,10
13.0235500336,80.2641372681,52184,52194,10
13.0228004456,80.263710022,52194,52204,10
13.0221204758,80.2633590698,52204,52214,10
13.0218200684,80.2632217407,52214,52224,10
13.0211296082,80.2630004883,52224,52234,10
13.0202999115,80.2629470825,52234,52245,11
13.0195999146,80.2629013062,52245,52255,10
13.0190401077,80.2628326416,52255,52265,10
13.0188703537,80.2621917725,52265,52274,9
13.0187597275,80.2615509033,52274,52285,11
13.0183897018,80.261100769,52285,52295,10
13.0178098679,80.2606964111,52295,52305,10
13.0171203613,80.2602386475,52305,52315,10
13.0164003372,80.259803772,52315,52325,10
13.0160198212,80.2596511841,52325,52335,10
13.0158596039,80.2595596313,52335,52345,10
13.0152397156,80.2593612671,52345,52356,11
13.0143098831,80.2592697144,52356,52366,10
13.0133104324,80.2592315674,52366,52376,10
13.0123901367,80.2592010498,52376,52386,10
13.0115003586,80.259147644,52386,52396,10
13.0106401443,80.2591781616,52396,52406,10
13.0099897385,80.2592468262,52406,52416,10
13.0099201202,80.2592086792,52416,52426,10
13.0095100403,80.2591781616,52426,52436,10
13.0089502335,80.259147644,52436,52446,10
13.0086603165,80.2591400146,52446,52456,10
13.008099556,80.2591629028,52456,52467,11
13.0075397491,80.2593002319,52467,52477,10
13.0072002411,80.2586975098,52477,52487,10
13.0071201324,80.2585220337,52487,52497,10
13.0068998337,80.258102417,52497,52507,10
13.0066404343,80.2577209473,52507,52527,20
13.0066404343,80.2577209473,52527,52537,10
13.006529808,80.2573394775,52537,52547,10
13.0065202713,80.2567901611,52547,52557,10
13.0065002441,80.2561416626,52557,52567,10
13.0065202713,80.2553100586,52567,52578,11
13.0065402985,80.2543716431,52578,52588,10
13.0065498352,80.2534103394,52588,52598,10
13.0065603256,80.2528762817,52598,52608,10
13.0065603256,80.2523422241,52608,52618,10
13.0066204071,80.2521514893,52618,52628,10
13.0067396164,80.2514877319,52628,52638,10
13.0067596436,80.250617981,52638,52648,10
13.0067596436,80.2497177124,52648,52658,10
13.0067300797,80.2487411499,52658,52668,10
13.006649971,80.2479019165,52668,52709,41
13.006649971,80.2479019165,52709,52719,10
13.0066404343,80.2478713989,52719,52729,10
13.006649971,80.2473983765,52729,52739,10
13.0066204071,80.2467498779,52739,52749,10
13.0065898895,80.2464675903,52749,52759,10
13.0066299438,80.2460632324,52759,52769,10
13.0066204071,80.2453231812,52769,52779,10
13.0066003799,80.2445983887,52779,52789,10
13.0065803528,80.243927002,52789,52800,11
13.0065498352,80.2431182861,52800,52810,10
13.006529808,80.2423477173,52810,52820,10
13.0065202713,80.2420120239,52820,52830,10
13.0065402985,80.2416534424,52830,52840,10
13.0066003799,80.2409820557,52840,52850,10
13.0066604614,80.2406921387,52850,52860,10
13.0066900253,80.2404785156,52860,52870,10
13.0067796707,80.240020752,52870,52880,10
13.0068998337,80.2392120361,52880,52890,10
13.0071001053,80.2383575439,52890,52900,10
13.0072402954,80.2377090454,52900,52911,11
13.0074300766,80.2368392944,52911,52921,10
13.0075902939,80.2359695435,52921,52931,10
13.0077199936,80.2352981567,52931,52941,10
13.0078601837,80.2345962524,52941,52951,10
13.0080299377,80.2337722778,52951,52961,10
13.0082397461,80.2327804565,52961,52971,10
13.0084400177,80.2317733765,52971,52981,10
13.0086402893,80.2308578491,52981,52991,10
13.0088396072,80.2297592163,52991,53000,9
13.0090303421,80.2288208008,53000,53011,11
13.0093402863,80.2278289795,53011,53022,11
13.0098199844,80.2267608643,53022,53032,10
13.0102901459,80.2257614136,53032,53042,10
13.010720253,80.224822998,53042,53052,10
13.0110702515,80.2239990234,53052,53062,10
13.0111999512,80.2234802246,53062,53072,10
13.0114297867,80.2229690552,53072,53082,10
13.0116596222,80.2225189209,53082,53092,10
13.0119199753,80.2218475342,53092,53102,10
13.0122900009,80.2214736938,53102,53112,10
13.0126800537,80.2220535278,53112,53123,11
13.0133104324,80.2227630615,53123,53133,10
13.0139904022,80.2235870361,53133,53143,10
13.0146198273,80.2242889404,53143,53153,10
13.0152196884,80.2249679565,53153,53163,10
13.0159902573,80.2253494263,53163,53173,10
13.0170402527,80.225112915,53173,53183,10
13.0182695389,80.2246170044,53183,53193,10
13.0196304321,80.2245025635,53193,53223,30
13.0196304321,80.2245025635,53223,53233,10
13.0198497772,80.2247085571,53233,53244,11
13.0202999115,80.2250518799,53244,53254,10
13.0208997726,80.2254562378,53254,53264,10
13.0215196609,80.2259216309,53264,53274,10
13.0220098495,80.2262268066,53274,53290,16
13.022190094,80.2264022827,53290,53302,12
13.0226802826,80.2268371582,53302,53310,8
13.0231103897,80.2272491455,53310,53322,12
13.0238199234,80.2279205322,53322,53332,10
13.0242900848,80.2284927368,53332,53342,10
13.0246601105,80.2289581299,53342,53353,11
13.0250797272,80.2295227051,53353,53363,10
13.0255203247,80.2301025391,53363,53373,10
13.0259199142,80.2308120728,53373,53382,9
13.0260095596,80.231300354,53382,53393,11
13.0263996124,80.2312469482,53393,53403,10
13.0270795822,80.231086731,53403,53413,10
13.0280303955,80.2309417725,53413,53423,10
13.0286197662,80.2308883667,53423,53433,10
13.0291099548,80.2308273315,53433,53443,10
13.0291795731,80.2308197021,53443,53452,9
13.029419899,80.2307815552,53452,53464,12
13.0299596786,80.2307434082,53464,53474,10
13.030500412,80.2306976318,53474,53484,10
13.0310001373,80.2306671143,53484,53494,10
13.0314798355,80.2306365967,53494,53504,10
13.0322303772,80.2305679321,53504,53514,10
13.0330400467,80.230506897,53514,53524,10
13.0337600708,80.2304763794,53524,53534,10
13.0340299606,80.2304763794,53534,53544,10
13.0343399048,80.2304382324,53544,53554,10
13.0348300934,80.2302398682,53554,53655,101
13.0345201492,80.2300491333,53655,54231,576
13.0343198776,80.2298583984,54231,56158,1927
13.0341396332,80.2302093506,56158,56178,20
13.0341396332,80.2302093506,56178,56188,10
13.0339403152,80.2303771973,56188,56198,10
13.0335903168,80.230430603,56198,56208,10
13.0334997177,80.2304229736,56208,56218,10
13.0333404541,80.2303771973,56218,56228,10
13.0329504013,80.230430603,56228,56239,11
13.0324401855,80.2304916382,56239,56249,10
13.0318698883,80.2305679321,56249,56259,10
13.031129837,80.2306365967,56259,56269,10
13.0305500031,80.2306976318,56269,56279,10
13.0299701691,80.230758667,56279,56289,10
13.0297603607,80.2307891846,56289,56299,10
13.0296201706,80.2308120728,56299,56315,16
13.0292396545,80.2308578491,56315,56327,12
13.0287399292,80.2308883667,56327,56335,8
13.0284404755,80.2309188843,56335,56347,12
13.0279197693,80.2309875488,56347,56356,9
13.0277004242,80.2310714722,56356,56368,12
13.0277204514,80.2315368652,56368,56378,10
13.0278301239,80.2319869995,56378,56388,10
13.0279197693,80.2325134277,56388,56397,9
13.0277099609,80.2327194214,56397,56408,11
13.0270395279,80.2329101563,56408,56418,10
13.0268001556,80.2329483032,56418,56428,10
13.0263700485,80.2328720093,56428,56438,10
13.0262002945,80.2323913574,56438,56448,10
13.0261096954,80.2318267822,56448,56458,10
13.0259799957,80.2314224243,56458,56468,10
13.0258398056,80.230796814,56468,56479,11
13.0256299973,80.2304382324,56479,56550,71
13.0256299973,80.2304382324,56550,56560,10
13.0254898071,80.2303619385,56560,56571,11
13.0252199173,80.2298736572,56571,56581,10
13.0248403549,80.2293701172,56581,56591,10
13.024720192,80.2291870117,56591,56601,10
13.0246696472,80.2291488647,56601,56611,10
13.0244903564,80.2288894653,56611,56621,10
13.0239896774,80.228302002,56621,56641,20
13.0239896774,80.228302002,56641,56651,10
13.0238704681,80.2280883789,56651,56661,10
13.0236997604,80.227897644,56661,56671,10
13.0234003067,80.2276000977,56671,56681,10
13.0230998993,80.2272567749,56681,56692,11
13.0225496292,80.2267608643,56692,56702,10
13.0218801498,80.2261810303,56702,56712,10
13.0212802887,80.2257232666,56712,56722,10
13.0204896927,80.2251281738,56722,56732,10
13.0197000504,80.2246170044,56732,56742,10
13.0187997818,80.2244796753,56742,56752,10
13.0178499222,80.2248535156,56752,56762,10
13.0169696808,80.2252120972,56762,56772,10
13.0164604187,80.225440979,56772,56782,10
13.0160703659,80.2256011963,56782,56793,11
13.0153999329,80.2258071899,56793,56803,10
13.0143899918,80.2262420654,56803,56823,20
13.0143899918,80.2262420654,56823,56833,10
13.0142498016,80.2262802124,56833,56843,10
13.0137300491,80.2264862061,56843,56853,10
13.0130395889,80.2267608643,56853,56863,10
13.0122995377,80.2270507813,56863,56873,10
13.0114402771,80.2273864746,56873,56883,10
13.0104799271,80.2277832031,56883,56893,10
13.0096197128,80.2281494141,56893,56903,10
13.0091400146,80.2286376953,56903,56920,17
13.0088396072,80.2300796509,56920,56932,12
13.008600235,80.2312088013,56932,56940,8
13.0084495544,80.2320175171,56940,56952,12
13.0082597733,80.2331771851,56952,56961,9
13.0082101822,80.233581543,56961,56973,12
13.0081701279,80.2336425781,56973,56983,10
13.0080699921,80.2340393066,56983,56993,10
13.0079603195,80.2345809937,56993,57003,10
13.0078802109,80.2350006104,57003,57013,10
13.0077800751,80.2355270386,57013,57024,11
13.0076398849,80.2362670898,57024,57035,11
13.0074501038,80.237121582,57035,57044,9
13.0072898865,80.2379226685,57044,57055,11
13.0071401596,80.2388381958,57055,57065,10
13.0070495605,80.2394638062,57065,57075,10
13.0069599152,80.2399520874,57075,57115,40
13.0069599152,80.2399520874,57115,57125,10
13.0068998337,80.240562439,57125,57146,21
13.0068998337,80.240562439,57146,57156,10
13.0068101883,80.2406616211,57156,57166,10
13.0067796707,80.2410430908,57166,57176,10
13.0067596436,80.2418670654,57176,57186,10
13.0067596436,80.2428817749,57186,57196,10
13.0067195892,80.2438201904,57196,57206,10
13.0067100525,80.2445602417,57206,57216,10
13.0067195892,80.2456970215,57216,57226,10
13.0067996979,80.2464828491,57226,57236,10
13.0068101883,80.2472610474,57236,57246,10
13.0067596436,80.2479171753,57246,57257,11
13.0067996979,80.2488937378,57257,57267,10
13.0069198608,80.24949646,57267,57277,10
13.0068998337,80.2495574951,57277,57287,10
13.0068502426,80.2496109009,57287,57297,10
13.006819725,80.2499008179,57297,57307,10
13.0067796707,80.2502288818,57307,57317,10
13.0067996979,80.2508392334,57317,57327,10
13.0068597794,80.2513427734,57327,57337,10
13.0067396164,80.2519683838,57337,57347,10
13.0066204071,80.2527999878,57347,57358,11
13.0066099167,80.2539520264,57358,57368,10
13.0066404343,80.2549514771,57368,57378,10
13.0066699982,80.2559585571,57378,57388,10
13.0066404343,80.2567520142,57388,57398,10
13.0067100525,80.257232666,57398,57469,71
13.0067100525,80.257232666,57469,57479,10
13.0066900253,80.2574615479,57479,57489,10
13.0068998337,80.2578811646,57489,57499,10
13.0072603226,80.2584533691,57499,57509,10
13.0076503754,80.2586593628,57509,57519,10
13.0077295303,80.2587203979,57519,57529,10
13.0081195831,80.2589111328,57529,57539,10
13.0087604523,80.2590408325,57539,57549,10
13.009519577,80.2590789795,57549,57559,10
13.0105104446,80.2590713501,57559,57569,10
13.0115404129,80.2590408325,57569,57579,10
13.0125999451,80.2590789795,57579,57590,11
13.0138502121,80.2591171265,57590,57600,10
13.015080452,80.2591705322,57600,57610,10
13.016289711,80.2595977783,57610,57630,20
13.016289711,80.2595977783,57630,57640,10
13.0164499283,80.2597503662,57640,57650,10
13.0168800354,80.2601089478,57650,57660,10
13.0176000595,80.2605819702,57660,57670,10
13.0183401108,80.2610702515,57670,57680,10
13.0189304352,80.2615127563,57680,57690,10
13.0194501877,80.2619934082,57690,57701,11
13.0201702118,80.2626113892,57701,57721,20
13.0201702118,80.2626113892,57721,57731,10
13.0206098557,80.2628631592,57731,57741,10
13.0212001801,80.2630081177,57741,57751,10
13.0218000412,80.2632675171,57751,57761,10
13.0221204758,80.2634277344,57761,57771,10
13.0228500366,80.2637329102,57771,57791,20
13.0228500366,80.2637329102,57791,57801,10
13.0234603882,80.2641067505,57801,57812,11
13.0241003036,80.2644577026,57812,57822,10
13.0246295929,80.2648391724,57822,57832,10
13.0250396729,80.2651824951,57832,57842,10
13.0255498886,80.2655410767,57842,57851,9
13.0260400772,80.2658004761,57851,57862,11
13.0262403488,80.2653884888,57862,57872,10
13.0263595581,80.2647399902,57872,57882,10
13.0264797211,80.2640228271,57882,57892,10
13.0265197754,80.2639007568,57892,57902,10
13.0265903473,80.2635879517,57902,57912,10
13.0267601013,80.2633209229,57912,57922,10
13.027130127,80.2633514404,57922,57933,11
13.0278997421,80.2636871338,57933,57943,10
13.0280599594,80.2637176514,57943,57953,10
13.028260231,80.2637634277,57953,57963,10
13.0285596848,80.2638168335,57963,57973,10
13.0290002823,80.2640228271,57973,57983,10
13.0291700363,80.2643432617,57983,57993,10
13.0292396545,80.2645568848,57993,58003,10
13.029250145,80.2649307251,58003,58013,10
13.0292196274,80.2658996582,58013,58034,21
13.0292196274,80.2658996582,58034,58044,10
13.0291996002,80.2663421631,58044,58054,10
13.0295000076,80.2664794922,58054,58064,10
13.0298900604,80.2664413452,58064,58074,10
13.0305404663,80.2666778564,58074,58084,10
13.0312204361,80.266960144,58084,58094,10
13.0317802429,80.2671966553,58094,58104,10
13.0322303772,80.2674179077,58104,58114,10
13.032699585,80.2676391602,58114,58124,10
13.0333003998,80.2677230835,58124,58155,31
13.0333003998,80.2677230835,58155,58165,10
13.0335798264,80.2678909302,58165,58175,10
13.0338497162,80.2679595947,58175,58185,10
13.0343103409,80.2680587769,58185,58195,10
13.0344600677,80.268081665,58195,58205,10
13.0345697403,80.268157959,58205,58215,10
13.0344600677,80.2682266235,58215,58225,10
13.0343599319,80.2681121826,58225,58235,10
13.0340204239,80.2679824829,58235,58245,10
13.0336198807,80.267906189,58245,58286,41
13.0332603455,80.2678222656,58286,58891,605
13.0332603455,80.2678222656,58891,58901,10
13.032959938,80.2676086426,58901,58912,11
13.0326795578,80.2675476074,58912,58922,10
13.0323801041,80.2673187256,58922,58932,10
13.0317802429,80.2670669556,58932,58942,10
13.031080246,80.2668533325,58942,58952,10
13.0304403305,80.2667007446,58952,58962,10
13.0298299789,80.2666168213,58962,58972,10
13.0297803879,80.2666168213,58972,58982,10
13.0295696259,80.2666168213,58982,58992,10
13.0293397903,80.2665786743,58992,59002,10
13.0291004181,80.2664413452,59002,59012,10
13.0285196304,80.2663192749,59012,59022,10
13.0279197693,80.2662124634,59022,59033,11
13.0271196365,80.2660903931,59033,59043,10
13.0265197754,80.2659988403,59043,59103,60
13.0265197754,80.2659988403,59103,59113,10
13.0262203217,80.2658462524,59113,59123,10
13.0257501602,80.2655792236,59123,59134,11
13.0252599716,80.2652816772,59134,59144,10
13.0252304077,80.2652664185,59144,59154,10
13.0249595642,80.2650680542,59154,59164,10
13.0244197845,80.2646865845,59164,59174,10
13.0237398148,80.2642974854,59174,59184,10
13.0231304169,80.263923645,59184,59194,10
13.022069931,80.2634277344,59194,59214,20
13.022069931,80.2634277344,59214,59224,10
13.0218601227,80.2633132935,59224,59234,10
13.0212697983,80.2630996704,59234,59245,11
13.0203895569,80.2630233765,59245,59255,10
13.0199604034,80.2630004883,59255,59265,10
13.0193500519,80.2629318237,59265,59275,10
13.0189399719,80.2627410889,59275,59285,10
13.0188598633,80.2620162964,59285,59295,10
13.0186700821,80.2612991333,59295,59311,16
13.017780304,80.2606964111,59311,59323,12
13.0169200897,80.2601394653,59323,59333,10
13.0162601471,80.2597579956,59333,59343,10
13.0160503387,80.2596817017,59343,59353,10
13.0160198212,80.2596664429,59353,59364,11
13.0155496597,80.2594833374,59364,59374,10
13.0148000717,80.2593231201,59374,59384,10
13.0139398575,80.2592697144,59384,59393,9
13.0130395889,80.2592391968,59393,59404,11
13.0119199753,80.2592010498,59404,59413,9
13.0110397339,80.2591781616,59413,59424,11
13.0100498199,80.259262085,59424,59434,10
13.0098800659,80.259262085,59434,59444,10
13.0096702576,80.2592391968,59444,59454,10
13.0093002319,80.2592163086,59454,59465,11
13.008939743,80.2591781616,59465,59475,10
13.0087404251,80.2591781616,59475,59485,10
13.0082702637,80.2591705322,59485,59495,10
13.0076398849,80.2593383789,59495,59505,10
13.0072603226,80.2588577271,59505,59506,1
13.007229805,80.2588195801,59506,59507,1
13.0065898895,80.2576065063,59507,59667,160
13.0065898895,80.2576065063,59667,59677,10
13.0064897537,80.2571792603,59677,59687,10
13.0065002441,80.2566604614,59687,59698,11
13.0065097809,80.2558517456,59698,59708,10
13.0065402985,80.2549591064,59708,59718,10
13.0065202713,80.254119873,59718,59728,10
13.0065202713,80.2535400391,59728,59738,10
13.0065202713,80.2532501221,59738,59748,10
13.0065097809,80.2532424927,59748,59758,10
13.0064897537,80.2531204224,59758,59768,10
13.0065002441,80.2527923584,59768,59778,10
13.0065402985,80.2522735596,59778,59788,10
13.0066404343,80.2516937256,59788,59798,10
13.0067100525,80.2508773804,59798,59809,11
13.0067195892,80.25,59809,59819,10
13.0066795349,80.2493896484,59819,59829,10
13.0066900253,80.2493209839,59829,59839,10
13.0066900253,80.2492370605,59839,59849,10
13.0066699982,80.2488174438,59849,59859,10
13.0066299438,80.2482223511,59859,59869,10
13.0066003799,80.2475509644,59869,59930,61
13.0066003799,80.2475509644,59930,59940,10
13.0066204071,80.2474594116,59940,59950,10
13.0066404343,80.2470703125,59950,59960,10
13.0065603256,80.2465362549,59960,59970,10
13.0065803528,80.2464370728,59970,59980,10
13.0066299438,80.2462768555,59980,59990,10
13.0066099167,80.2456588745,59990,60000,10
13.0066003799,80.2448120117,60000,60010,10
13.0066003799,80.2440032959,60010,60020,10
13.0065603256,80.2431182861,60020,60031,11
13.0065402985,80.2420425415,60031,60041,10
13.006529808,80.2416763306,60041,60051,10
13.0065402985,80.2416229248,60051,60061,10
13.0065803528,80.2411422729,60061,60071,10
13.0066995621,80.2403717041,60071,60090,19
13.0066995621,80.2403717041,60090,60100,10
13.0067100525,80.2402801514,60100,60111,11
13.0068702698,80.2398223877,60111,60121,10
13.0069904327,80.2391281128,60121,60131,10
13.0071201324,80.2382888794,60131,60142,11
13.0072898865,80.2374572754,60142,60152,10
13.007349968,80.2369003296,60152,60162,10
13.007349968,80.2368774414,60162,60172,10
13.0073795319,80.2367706299,60172,60182,10
13.0075101852,80.2363815308,60182,60192,10
13.0076398849,80.2356567383,60192,60202,10
13.0078201294,80.2347412109,60202,60211,9
13.0080003738,80.2338104248,60211,60222,11
13.0082302094,80.2326507568,60222,60232,10
13.0084495544,80.2315216064,60232,60243,11
13.0086803436,80.23021698,60243,60253,10
13.0088996887,80.2291488647,60253,60263,10
13.0091600418,80.2281265259,60263,60268,5
13.0093698502,80.2275924683,60268,60283,15
13.0101099014,80.226020813,60283,60293,10
13.0104503632,80.2252502441,60293,60303,10
13.0106601715,80.2248077393,60303,60313,10
13.0108804703,80.2242965698,60313,60323,10
13.0111598969,80.2236785889,60323,60333,10
13.0114002228,80.2231674194,60333,60343,10
13.0116596222,80.2225570679,60343,60353,10
13.0119695663,80.2218399048,60353,60377,24
13.0128002167,80.2221984863,60377,60389,12
13.0134401321,80.2229003906,60389,60399,10
13.0138702393,80.2233581543,60399,60409,10
13.0143899918,80.2240066528,60409,60419,10
13.0151395798,80.2247467041,60419,60429,10
13.0154600143,80.2249832153,60429,60439,10
13.0155801773,80.2250976563,60439,60449,10
13.0158195496,80.2253036499,60449,60459,10
13.0163402557,80.2253494263,60459,60470,11
13.0171804428,80.2250595093,60470,60479,9
13.0179004669,80.2247390747,60479,60490,11
13.018819809,80.2243881226,60490,60500,10
13.0195198059,80.2243728638,60500,60510,10
13.0200300217,80.2246932983,60510,60520,10
13.0205402374,80.2250900269,60520,60530,10
13.0209999084,80.225440979,60530,60540,10
13.0214996338,80.2258377075,60540,60550,10
13.0219402313,80.2260818481,60550,60570,20
13.0219402313,80.2260818481,60570,60581,11
13.0221004486,80.2262878418,60581,60591,10
13.0225400925,80.2266921997,60591,60601,10
13.0230998993,80.2271881104,60601,60611,10
13.0236797333,80.227722168,60611,60621,10
13.0241804123,80.2282333374,60621,60631,10
13.024479866,80.2286224365,60631,60641,10
13.0248003006,80.2291030884,60641,60651,10
13.0252399445,80.2296600342,60651,60661,10
13.0257196426,80.2303390503,60661,60671,10
13.0260095596,80.231048584,60671,60681,10
13.0262098312,80.2314300537,60681,60692,11
13.0267295837,80.2312774658,60692,60702,10
13.0274295807,80.2310791016,60702,60712,10
13.0282001495,80.2309417725,60712,60722,10
13.0284404755,80.2309265137,60722,60732,10
13.0285797119,80.2309417725,60732,60742,10
13.0289802551,80.2308731079,60742,60752,10
13.0294303894,80.2308197021,60752,60762,10
13.0298995972,80.230796814,60762,60772,10
13.0304403305,80.2307281494,60772,60782,10
13.0308103561,80.230682373,60782,60792,10
13.0311603546,80.2306518555,60792,60803,11
13.0317697525,80.2306213379,60803,60812,9
13.0321903229,80.2305908203,60812,60823,11
13.0327196121,80.2305603027,60823,60833,10
13.0331802368,80.2305297852,60833,60843,10
13.033490181,80.230506897,60843,60853,10
13.0335197449,80.2305221558,60853,60863,10
13.0339002609,80.2304763794,60863,60914,51
13.0339002609,80.2304763794,60914,60924,10
13.034239769,80.2304382324,60924,60934,10
13.0345602036,80.2304000854,60934,60944,10
13.0346298218,80.2304077148,60944,60954,10
13.0348901749,80.2303237915,60954,61065,111
13.0347499847,80.2299804688,61065,61418,353
13.0344104767,80.2300872803,61418,61983,565
13.034119606,80.230178833,61983,62195,212
13.034119606,80.230178833,62195,62205,10
13.0340299606,80.2304763794,62205,62215,10
13.0338697433,80.2304534912,62215,62225,10
13.0335597992,80.2304611206,62225,62236,11
13.0334701538,80.2304763794,62236,62246,10
13.0333204269,80.2304992676,62246,62256,10
13.0328903198,80.230506897,62256,62266,10
13.0323696136,80.2305374146,62266,62276,10
13.0317401886,80.2306213379,62276,62286,10
13.0310897827,80.2306900024,62286,62296,10
13.0306100845,80.2307128906,62296,62306,10
13.0300197601,80.2307662964,62306,62316,10
13.0297698975,80.2307891846,62316,62326,10
13.0296001434,80.2308120728,62326,62336,10
13.0291595459,80.2308273315,62336,62347,11
13.028459549,80.2308883667,62347,62357,10
13.0277996063,80.2309188843,62357,62367,10
13.0276699066,80.2312164307,62367,62377,10
13.0277204514,80.2317581177,62377,62387,10
13.0277996063,80.2322692871,62387,62397,10
13.0278701782,80.2327575684,62397,62407,10
13.027680397,80.2328414917,62407,62423,16
13.0273799896,80.2329025269,62423,62435,12
13.0270395279,80.2329406738,62435,62443,8
13.0268697739,80.232963562,62443,62506,63
13.0268697739,80.232963562,62506,62516,10
13.0266704559,80.2330169678,62516,62525,9
13.0263900757,80.2329788208,62525,62535,10
13.0262298584,80.2325134277,62535,62545,10
13.0260696411,80.231842041,62545,62556,11
13.0258798599,80.2310180664,62556,62566,10
13.025560379,80.2303009033,62566,62577,11
13.0250797272,80.229637146,62577,62587,10
13.0247602463,80.2292404175,62587,62597,10
13.0247402191,80.2292098999,62597,62607,10
13.0246696472,80.2291183472,62607,62617,10
13.024430275,80.2288131714,62617,62627,10
13.0241203308,80.2284393311,62627,62647,20
13.0241203308,80.2284393311,62647,62657,10
13.0238704681,80.2281188965,62657,62667,10
13.0235004425,80.227722168,62667,62678,11
13.0231704712,80.2274017334,62678,62688,10
13.0227603912,80.2270126343,62688,62698,10
13.022480011,80.2266693115,62698,62708,10
13.021900177,80.2261962891,62708,62718,10
13.0212402344,80.2256774902,62718,62728,10
13.0206003189,80.2252120972,62728,62738,10
13.0199403763,80.2247772217,62738,62748,10
13.019109726,80.2244110107,62748,62758,10
13.0182104111,80.2247009277,62758,62768,10
13.0172595978,80.2250976563,62768,62777,9
13.0164699554,80.2254180908,62777,62789,12
13.0156002045,80.225769043,62789,62798,9
13.0150403976,80.2259979248,62798,62808,10
13.0144195557,80.2261962891,62808,62819,11
13.014169693,80.2263565063,62819,62829,10
13.0141401291,80.2263565063,62829,62839,10
13.0137300491,80.2265014648,62839,62849,10
13.0130300522,80.2267684937,62849,62859,10
13.0122299194,80.2270965576,62859,62869,10
13.0113697052,80.2274398804,62869,62879,10
13.0096797943,80.2281188965,62879,62889,10
13.0096797943,80.2281188965,62889,62900,11
13.0091199875,80.2286605835,62900,62910,10
13.0089597702,80.2295227051,62910,62920,10
13.0087604523,80.2305374146,62920,62930,10
13.0085496902,80.2316207886,62930,62940,10
13.0083599091,80.2326583862,62940,62950,10
13.0082902908,80.2333984375,62950,62963,13
13.0082597733,80.2334899902,62963,62973,10
13.008190155,80.2336807251,62973,62983,10
13.0080795288,80.2341766357,62983,62993,10
13.0079097748,80.2350234985,62993,63014,21
13.0079097748,80.2350234985,63014,63023,9
13.0078802109,80.235206604,63023,63034,11
13.0077400208,80.2358703613,63034,63044,10
13.0075597763,80.2367477417,63044,63054,10
13.0073699951,80.2377090454,63054,63064,10
13.007229805,80.2385482788,63064,63074,10
13.007060051,80.2394180298,63074,63084,10
13.0069303513,80.2399978638,63084,63104,20
13.0069303513,80.2399978638,63104,63114,10
13.0069198608,80.2402877808,63114,63125,11
13.0068798065,80.2406616211,63125,63135,10
13.0068702698,80.2406692505,63135,63145,10
13.0067796707,80.2410430908,63145,63155,10
13.0067396164,80.2416687012,63155,63165,10
13.0067195892,80.2424697876,63165,63175,10
13.0066795349,80.2432479858,63175,63185,10
13.0066795349,80.2440490723,63185,63195,10
13.0066795349,80.2447433472,63195,63205,10
13.0066995621,80.2457427979,63205,63215,10
13.0067195892,80.2463378906,63215,63225,10
13.0067300797,80.2467498779,63225,63236,11
13.0067501068,80.2471618652,63236,63246,10
13.0067195892,80.2476806641,63246,63256,10
13.0067300797,80.2483901978,63256,63266,10
13.0068302155,80.2491989136,63266,63276,10
13.0068597794,80.2495269775,63276,63286,10
13.0068702698,80.2496032715,63286,63296,10
13.006819725,80.2500762939,63296,63306,10
13.0067901611,80.2507629395,63306,63316,10
13.006770134,80.2513504028,63316,63326,10
13.0066604614,80.2518463135,63326,63336,10
13.0065498352,80.2525634766,63336,63347,11
13.0065402985,80.2533569336,63347,63357,10
13.0065402985,80.2540817261,63357,63367,10
13.0065803528,80.2547607422,63367,63377,10
13.0065803528,80.2555923462,63377,63387,10
13.0065803528,80.2565231323,63387,63397,10
13.0066604614,80.2573699951,63397,63407,10
13.0070199966,80.2582168579,63407,63417,10
13.0076904297,80.258682251,63417,63447,30
13.0076904297,80.258682251,63447,63458,11
13.0079698563,80.2587814331,63458,63468,10
13.0084104538,80.2589263916,63468,63478,10
13.0089902878,80.2590637207,63478,63488,10
13.0097398758,80.2590637207,63488,63498,10
13.0106801987,80.2590789795,63498,63508,10
13.0116300583,80.2590637207,63508,63518,10
13.0125598907,80.2591018677,63518,63528,10
13.013589859,80.2591400146,63528,63538,10
13.0146503448,80.2591781616,63538,63548,10
13.0156497955,80.2593002319,63548,63559,11
13.0163097382,80.2595825195,63559,63569,10
13.0163202286,80.2595977783,63569,63579,10
13.0163602829,80.2596588135,63579,63589,10
13.0166702271,80.2599105835,63589,63599,10
13.0170297623,80.2601623535,63599,63608,9
13.0175800323,80.2605514526,63608,63619,11
13.0183801651,80.261100769,63619,63629,10
13.0190000534,80.2615814209,63629,63639,10
13.0195302963,80.2620773315,63639,63649,10
13.0201101303,80.2626037598,63649,63659,10
13.0202102661,80.2626724243,63659,63669,10
13.0202999115,80.2627563477,63669,63680,11
13.020819664,80.2629165649,63680,63690,10
13.0215301514,80.2631530762,63690,63699,9
13.0220403671,80.263381958,63699,63710,11
13.022359848,80.2635498047,63710,63720,10
13.0228500366,80.2638092041,63720,63729,9
13.0229797363,80.2638778687,63729,63740,11
13.0232601166,80.2640304565,63740,63750,10
13.0237903595,80.2643280029,63750,63760,10
13.0243902206,80.2647094727,63760,63770,10
13.0248498917,80.2650604248,63770,63780,10
13.0254001617,80.2654190063,63780,63791,11
13.0260601044,80.2658004761,63791,63801,10
13.0263004303,80.2656936646,63801,63811,10
13.0263204575,80.2652587891,63811,63821,10
13.0264701843,80.2642593384,63821,63841,20
13.0265102386,80.2640075684,63841,63861,20
13.0265102386,80.2640075684,63861,63871,10
13.0265598297,80.2637405396,63871,63881,10
13.0266399384,80.2634506226,63881,63892,11
13.0270299911,80.2634887695,63892,63902,10
13.0275497437,80.2635803223,63902,63912,10
13.0281200409,80.2637405396,63912,63922,10
13.0283002853,80.2637786865,63922,63932,10
13.0285396576,80.2638473511,63932,63942,10
13.0290203094,80.263999939,63942,63952,10
13.0293302536,80.264213562,63952,63962,10
13.0293197632,80.2645721436,63962,63972,10
13.0293197632,80.2647171021,63972,63982,10
13.0292901993,80.2651824951,63982,63992,10
13.0292596817,80.2658691406,63992,64003,11
13.0292396545,80.2661514282,64003,64013,10
13.0291996002,80.2662734985,64013,64023,10
13.0292596817,80.2665481567,64023,64033,10
13.0295600891,80.2665863037,64033,64043,10
13.0296497345,80.2666015625,64043,64053,10
13.0299797058,80.2666320801,64053,64062,9
13.0304498672,80.2667007446,64062,64073,11
13.0312595367,80.2669296265,64073,64083,10
13.0317201614,80.2670822144,64083,64094,11
13.0322303772,80.2673187256,64094,64104,10
13.0325698853,80.2675018311,64104,64115,11
13.0329399109,80.2677001953,64115,64125,10
13.0334396362,80.2677612305,64125,64155,30
13.0334396362,80.2677612305,64155,64165,10
13.0336799622,80.2678985596,64165,64175,10
13.0338497162,80.2679519653,64175,64185,10
13.0340795517,80.2679672241,64185,64195,10
13.0344200134,80.2679977417,64195,64205,10
13.0344896317,80.2679977417,64205,64215,10
13.0345697403,80.2681427002,64215,64226,11
13.0343904495,80.2680892944,64226,64246,20
13.0343904495,80.2680892944,64246,64256,10
13.0340499878,80.2679290771,64256,64266,10
13.0337495804,80.267868042,64266,64276,10
13.0334100723,80.2678070068,64276,64508,232
13.0331001282,80.2676010132,64508,64579,71
13.0331001282,80.2676010132,64579,64589,10
13.0329799652,80.267578125,64589,64599,10
13.0327396393,80.2675170898,64599,64609,10
13.0325498581,80.2673873901,64609,64619,10
13.0323495865,80.2673110962,64619,64629,10
13.0318498611,80.2670593262,64629,64639,10
13.0314598083,80.2668991089,64639,64649,10
13.0309896469,80.2667236328,64649,64659,10
13.0304403305,80.2666320801,64659,64670,11
13.0299701691,80.2665634155,64670,64680,10
13.0298595428,80.2665405273,64680,64690,10
13.0296602249,80.2665786743,64690,64700,10
13.0293798447,80.2665176392,64700,64710,10
13.0291996002,80.2664413452,64710,64720,10
13.0286798477,80.2663116455,64720,64730,10
13.0281000137,80.2661437988,64730,64740,10
13.0275497437,80.2660522461,64740,64750,10
13.0266895294,80.2659378052,64750,64760,10
13.0259599686,80.2656707764,64760,64771,11
13.0253000259,80.2652664185,64771,64781,10
13.0252399445,80.2652435303,64781,64791,10
13.0250396729,80.2651290894,64791,64801,10
13.0246200562,80.264831543,64801,64811,10
13.0240497589,80.2644271851,64811,64821,10
13.0234699249,80.2640762329,64821,64831,10
13.0228900909,80.2637405396,64831,64841,10
13.0221996307,80.2633972168,64841,64851,10
13.0221099854,80.2633514404,64851,64861,10
13.0218601227,80.2632217407,64861,64871,10
13.0213098526,80.2630081177,64871,64882,11
13.0204801559,80.2629776001,64882,64892,10
13.0198698044,80.2629089355,64892,64902,10
13.0192804337,80.2628707886,64902,64912,10
13.0189599991,80.2627410889,64912,64922,10
13.0188798904,80.262260437,64922,64932,10
13.0187196732,80.2616271973,64932,64942,10
13.018409729,80.2611923218,64942,64952,10
13.0178003311,80.2607498169,64952,64962,10
13.0171403885,80.2602920532,64962,64972,10
13.0164003372,80.2598114014,64972,64982,10
13.0160198212,80.2596511841,64982,64993,11
13.0159797668,80.2596206665,64993,65003,10
13.0157604218,80.2594985962,65003,65013,10
13.0151395798,80.2593078613,65013,65023,10
13.0144300461,80.2592468262,65023,65033,10
13.0136203766,80.2592163086,65033,65043,10
13.012720108,80.2591934204,65043,65053,10
13.0117197037,80.259147644,65053,65063,10
13.0108098984,80.259147644,65063,65073,10
13.0099601746,80.2592010498,65073,65083,10
13.0092601776,80.2591705322,65083,65093,10
13.0087995529,80.2591629028,65093,65103,10
13.0084295273,80.2591629028,65103,65114,11
13.0076599121,80.2593536377,65114,65124,10
13.0073003769,80.2590637207,65124,65134,10
13.0071401596,80.2587432861,65134,65144,10
13.0070400238,80.2584915161,65144,65154,10
13.0066003799,80.2577133179,65154,65235,81
13.0066003799,80.2577133179,65235,65245,10
13.006480217,80.2573471069,65245,65255,10
13.0064496994,80.2568206787,65255,65265,10
13.006480217,80.2562332153,65265,65275,10
13.0064897537,80.2555999756,65275,65285,10
13.0065202713,80.2549285889,65285,65295,10
13.0065002441,80.2541809082,65295,65305,10
13.0065202713,80.2535934448,65305,65315,10
13.0064897537,80.2531204224,65315,65326,11
13.0064897537,80.2530899048,65326,65336,10
13.006529808,80.2528610229,65336,65346,10
13.0065498352,80.2525405884,65346,65356,10
13.0066900253,80.2519302368,65356,65366,10
13.0067901611,80.2512588501,65366,65376,10
13.0067396164,80.2504196167,65376,65386,10
13.0066995621,80.2497406006,65386,65396,10
13.0066995621,80.2494812012,65396,65406,10
13.0066699982,80.248878479,65406,65416,10
13.0066204071,80.2484970093,65416,65426,10
13.0065898895,80.2481384277,65426,65437,11
13.0066003799,80.2477035522,65437,65447,10
13.0066204071,80.2473068237,65447,65457,10
13.006649971,80.2471618652,65457,65467,10
13.0066404343,80.2467880249,65467,65477,10
13.0066404343,80.2461090088,65477,65487,10
13.0066404343,80.2454986572,65487,65497,10
13.0066299438,80.2449417114,65497,65507,10
13.0066299438,80.2442703247,65507,65517,10
13.0065898895,80.2435836792,65517,65527,10
13.0065402985,80.242767334,65527,65538,11
13.0065002441,80.2421569824,65538,65548,10
13.0065202713,80.2418365479,65548,65558,10
13.0065803528,80.2412033081,65558,65568,10
13.0066795349,80.2404403687,65568,65578,10
13.0068798065,80.2397384644,65578,65588,10
13.0070199966,80.2389373779,65588,65598,10
13.0071802139,80.2380371094,65598,65608,10
13.0073204041,80.2374191284,65608,65618,10
13.0073404312,80.2370376587,65618,65628,10
13.0073404312,80.2369384766,65628,65638,10
13.0074195862,80.236618042,65638,65649,11
13.007610321,80.2358474731,65649,65659,10
13.0077896118,80.2348937988,65659,65669,10
13.0080003738,80.2339019775,65669,65679,10
13.0082597733,80.2325592041,65679,65689,10
13.0084896088,80.231338501,65689,65699,10
13.0087099075,80.2301864624,65699,65709,10
13.0089502335,80.229019165,65709,65719,10
13.0092401505,80.227897644,65719,65729,10
13.0097503662,80.2267837524,65729,65739,10
13.010219574,80.2258071899,65739,65749,10
13.0105600357,80.2251205444,65749,65760,11
13.0108003616,80.2246170044,65760,65770,10
13.011059761,80.224029541,65770,65780,10
13.0113697052,80.2232818604,65780,65790,10
13.0116996765,80.2225036621,65790,65800,10
13.012049675,80.2216186523,65800,65810,10
13.0124197006,80.2216720581,65810,65820,10
13.0128898621,80.2222671509,65820,65830,10
13.013420105,80.2228012085,65830,65840,10
13.0139198303,80.2233963013,65840,65850,10
13.014289856,80.2238616943,65850,65860,10
13.0148000717,80.2244567871,65860,65870,10
13.0152196884,80.2248306274,65870,65881,11
13.0154800415,80.2249679565,65881,65891,10
13.0156402588,80.2251434326,65891,65907,16
13.0164403915,80.2252883911,65907,65919,12
13.0172700882,80.2249908447,65919,65929,10
13.0178899765,80.2247390747,65929,65938,9
13.0186395645,80.2244415283,65938,65949,11
13.0194597244,80.2243728638,65949,65959,10
13.019900322,80.2246322632,65959,65969,10
13.020359993,80.2249832153,65969,65979,10
13.0207595825,80.2252807617,65979,65988,9
13.0211400986,80.2255706787,65988,66000,12
13.0216598511,80.2259597778,66000,66010,10
13.0219297409,80.2261581421,66010,66020,10
13.0220499039,80.2262496948,66020,66030,10
13.0224304199,80.2266082764,66030,66040,10
13.0229501724,80.2270965576,66040,66050,10
13.0234003067,80.2275085449,66050,66060,10
13.0238895416,80.2279205322,66060,66070,10
13.0242204666,80.2283096313,66070,66091,21
13.0242204666,80.2283096313,66091,66101,10
13.0243597031,80.2284622192,66101,66111,10
13.0245704651,80.2288208008,66111,66121,10
13.024939537,80.2293167114,66121,66131,10
13.0254402161,80.2299804688,66131,66141,10
13.0257797241,80.2305831909,66141,66151,10
13.0259599686,80.2309570313,66151,66161,10
13.0260601044,80.2314071655,66161,66171,10
13.0265703201,80.2312927246,66171,66181,10
13.0271902084,80.231086731,66181,66191,10
13.0278396606,80.2309570313,66191,66202,11
13.0284099579,80.2308807373,66202,66212,10
13.0285301208,80.2308807373,66212,66222,10
13.028840065,80.2308502197,66222,66232,10
13.0291795731,80.2308425903,66232,66282,50
13.0291795731,80.2308425903,66282,66292,10
13.0293798447,80.2308425903,66292,66302,10
13.0296096802,80.2308197021,66302,66313,11
13.030090332,80.2307662964,66313,66323,10
13.0302600861,80.230758667,66323,66333,10
13.0303297043,80.230758667,66333,66343,10
13.0306596756,80.2307434082,66343,66353,10
13.0310602188,80.2306900024,66353,66363,10
13.0315599442,80.2306518555,66363,66373,10
13.031999588,80.2306213379,66373,66383,10
13.0328998566,80.2305526733,66383,66403,20
13.0328998566,80.2305526733,66403,66413,10
13.0330200195,80.2305526733,66413,66424,11
13.0334796906,80.2305297852,66424,66464,40
13.0336503983,80.2304611206,66464,66512,48
13.0336503983,80.2304611206,66512,66522,10
13.0342903137,80.2304000854,66522,66532,10
13.0347700119,80.2302627563,66532,66785,253
13.0345697403,80.2299575806,66785,67845,1060
13.0341997147,80.2299880981,67845,68299,454
13.0340995789,80.2303466797,68299,68339,40
13.0340995789,80.2303466797,68339,68349,10
13.0334701538,80.2304534912,68349,68379,30
13.0334701538,80.2304534912,68379,68390,11
13.0330600739,80.2304916382,68390,68400,10
13.0324897766,80.2305221558,68400,68410,10
13.0318803787,80.2305908203,68410,68420,10
13.0312795639,80.2306213379,68420,68430,10
13.0309400558,80.2306213379,68430,68460,30
13.0309400558,80.2306213379,68460,68476,16
13.0306797028,80.2306518555,68476,68488,12
13.0302200317,80.230682373,68488,68496,8
13.0298900604,80.2307128906,68496,68509,13
13.0297899246,80.2307434082,68509,68518,9
13.0296802521,80.2308120728,68518,68529,11
13.0293703079,80.2308425903,68529,68539,10
13.0289402008,80.2308578491,68539,68549,10
13.028459549,80.2308807373,68549,68558,9
13.0278902054,80.2309112549,68558,68569,11
13.0276699066,80.2312393188,68569,68579,10
13.0277004242,80.2317276001,68579,68589,10
13.0277795792,80.2323226929,68589,68599,10
13.0277099609,80.232749939,68599,68610,11
13.0272397995,80.2328414917,68610,68620,10
13.0268602371,80.2329025269,68620,68630,10
13.0268201828,80.2329101563,68630,68640,10
13.0267496109,80.2329483032,68640,68650,10
13.0264797211,80.2329711914,68650,68660,10
13.0262804031,80.2326507568,68660,68670,10
13.0261001587,80.2320632935,68670,68680,10
13.0259399414,80.2314834595,68680,68690,10
13.0257997513,80.2308807373,68690,68700,10
13.025560379,80.2303390503,68700,68710,10
13.025270462,80.2299728394,68710,68741,31
13.025270462,80.2299728394,68741,68751,10
13.0251398087,80.2297515869,68751,68761,10
13.0248804092,80.2294235229,68761,68771,10
13.0246200562,80.2291030884,68771,68781,10
13.024430275,80.2288284302,68781,68791,10
13.0240297318,80.2283401489,68791,68821,30
13.0240297318,80.2283401489,68821,68832,11
13.0239496231,80.2282562256,68832,68842,10
13.0236797333,80.2279205322,68842,68852,10
13.0233402252,80.2275695801,68852,68862,10
13.0231399536,80.2273635864,68862,68872,10
13.0229701996,80.2271575928,68872,68882,10
13.0225296021,80.2267608643,68882,68892,10
13.0220499039,80.2263412476,68892,68902,10
13.0215902328,80.2259597778,68902,68912,10
13.021109581,80.2255935669,68912,68922,10
13.0206699371,80.2252731323,68922,68932,10
13.0197896957,80.2246780396,68932,68963,31
13.0197896957,80.2246780396,68963,68973,10
13.0196304321,80.2246398926,68973,68983,10
13.0191497803,80.2244415283,68983,68993,10
13.0184402466,80.224571228,68993,69003,10
13.0176801682,80.2248764038,69003,69013,10
13.0168504715,80.2251968384,69013,69023,10
13.0162401199,80.225440979,69023,69033,10
13.0155801773,80.2256774902,69033,69049,16
13.0142297745,80.2261962891,69049,69082,33
13.0142297745,80.2261962891,69082,69092,10
13.0141296387,80.2262496948,69092,69102,10
13.0136804581,80.2264175415,69102,69112,10
13.0130796432,80.2266616821,69112,69122,10
13.0124101639,80.2269210815,69122,69132,10
13.0116596222,80.2272109985,69132,69142,10
13.0108499527,80.2275314331,69142,69153,11
13.0098600388,80.2279281616,69153,69164,11
13.0091400146,80.2284927368,69164,69174,10
13.0089502335,80.2293777466,69174,69184,10
13.0087404251,80.2304611206,69184,69194,10
13.0085401535,80.2314605713,69194,69204,10
13.0083503723,80.232460022,69204,69214,10
13.0081796646,80.2335586548,69214,69244,30
13.0081796646,80.2335586548,69244,69254,10
13.0080900192,80.2338562012,69254,69264,10
13.0080299377,80.2342605591,69264,69275,11
13.0079202652,80.2347793579,69275,69285,10
13.0077896118,80.2354202271,69285,69295,10
13.0076398849,80.2361526489,69295,69305,10
13.0074996948,80.236907959,69305,69315,10
13.0073204041,80.237739563,69315,69325,10
13.0071897507,80.2385177612,69325,69335,10
13.0070495605,80.2392425537,69335,69345,10
13.0068998337,80.2400436401,69345,69396,51
13.0068998337,80.2400436401,69396,69406,10
13.0068502426,80.2407302856,69406,69426,20
13.0068502426,80.2407302856,69426,69436,10
13.0067396164,80.2410736084,69436,69445,9
13.0066995621,80.2416763306,69445,69456,11
13.0066795349,80.242477417,69456,69466,10
13.0066404343,80.2432785034,69466,69476,10
13.0066404343,80.2441635132,69476,69486,10
13.0066404343,80.2450408936,69486,69497,11
13.0066795349,80.2459564209,69497,69507,10
13.0067100525,80.2466964722,69507,69517,10
13.0067396164,80.2471618652,69517,69527,10
13.0067300797,80.2472763062,69527,69537,10
13.0067100525,80.2475814819,69537,69547,10
13.0066900253,80.2480926514,69547,69557,10
13.0067195892,80.2487182617,69557,69567,10
13.006819725,80.2494430542,69567,69595,28
13.006819725,80.2494430542,69595,69604,9
13.0068302155,80.2498016357,69604,69616,12
13.0067796707,80.2503204346,69616,69625,9
13.0067901611,80.2507171631,69625,69636,11
13.0067796707,80.2509613037,69636,69646,10
13.0067396164,80.2513427734,69646,69656,10
13.0066299438,80.2519073486,69656,69665,9
13.0065002441,80.2525100708,69665,69675,10
13.0065002441,80.2532272339,69675,69686,11
13.0065097809,80.2539825439,69686,69696,10
13.0065603256,80.2548675537,69696,69706,10
13.0065698624,80.2556381226,69706,69716,10
13.0065803528,80.2565002441,69716,69728,12
13.0066003799,80.2570571899,69728,69746,18
13.0066003799,80.2570571899,69746,69758,12
13.0065803528,80.2573471069,69758,69767,9
13.006819725,80.2579421997,69767,69780,13
13.0075998306,80.2586135864,69780,69800,20
13.0075998306,80.2586135864,69800,69810,10
13.0079202652,80.2587738037,69810,69820,10
13.0084600449,80.2589569092,69820,69831,11
13.0088996887,80.2590408325,69831,69841,10
13.0094299316,80.2590179443,69841,69851,10
13.0102596283,80.2590179443,69851,69861,10
13.0111398697,80.2590103149,69861,69871,10
13.0119695663,80.2590179443,69871,69881,10
13.0129003525,80.2590637207,69881,69891,10
13.0139198303,80.2591094971,69891,69900,9
13.0148696899,80.259147644,69900,69911,11
13.0158395767,80.2593612671,69911,69921,10
13.0163202286,80.2596130371,69921,69932,11
13.0163602829,80.2596588135,69932,69942,10
13.0164299011,80.2597198486,69942,69952,10
13.0167503357,80.2599334717,69952,69962,10
13.0171899796,80.2602310181,69962,69972,10
13.0178098679,80.2606506348,69972,69982,10
13.0183897018,80.2610626221,69982,69991,9
13.0189199448,80.2614822388,69991,70002,11
13.0193004608,80.2617721558,70002,70012,10
13.0196800232,80.2621612549,70012,70022,10
13.0201396942,80.2625427246,70022,70032,10
13.0201597214,80.2625579834,70032,70043,11
13.0203104019,80.2626571655,70043,70053,10
13.0207901001,80.2628173828,70053,70063,10
13.0214300156,80.2630462646,70063,70073,10
13.0219402313,80.2632827759,70073,70083,10
13.0222597122,80.2634429932,70083,70093,10
13.0229501724,80.2637863159,70093,70113,20
13.0229501724,80.2637863159,70113,70123,10
13.0232801437,80.263961792,70123,70133,10
13.0238399506,80.2643127441,70133,70143,10
13.0243797302,80.2646408081,70143,70154,11
13.0248603821,80.265007019,70154,70165,11
13.0253601074,80.2653274536,70165,70175,10
13.0259399414,80.2657165527,70175,70185,10
13.0262403488,80.2657394409,70185,70195,10
13.0262203217,80.2653427124,70195,70205,10
13.0262498856,80.2648925781,70205,70215,10
13.0263595581,80.263961792,70215,70235,20
13.0263595581,80.263961792,70235,70245,10
13.0263996124,80.2636566162,70245,70255,10
13.0265398026,80.263343811,70255,70266,11
13.0270900726,80.2634429932,70266,70276,10
13.0276403427,80.2635726929,70276,70286,10
13.0281496048,80.2637023926,70286,70296,10
13.0283002853,80.2637481689,70296,70306,10
13.0287303925,80.2638778687,70306,70316,10
13.0291996002,80.2640380859,70316,70326,10
13.0291996002,80.2642593384,70326,70336,10
13.0292301178,80.2646713257,70336,70346,10
13.0292196274,80.2652206421,70346,70356,10
13.0292196274,80.2657699585,70356,70366,10
13.0292196274,80.2658996582,70366,70377,11
13.0291595459,80.2661819458,70377,70397,20
13.0291595459,80.2661819458,70397,70413,16
13.029419899,80.2665328979,70413,70425,12
13.0296802521,80.2665786743,70425,70435,10
13.0301198959,80.2666320801,70435,70445,10
13.0305404663,80.2667007446,70445,70455,10
13.031080246,80.2668380737,70455,70463,8
13.0314302444,80.2669677734,70463,70474,11
13.0319299698,80.2671813965,70474,70486,12
13.0323801041,80.2673721313,70486,70495,9
13.0325803757,80.2675170898,70495,70506,11
13.0329198837,80.2676391602,70506,70516,10
13.0333595276,80.2677612305,70516,70566,50
13.0333595276,80.2677612305,70566,70576,10
13.0337400436,80.267868042,70576,70586,10
13.0344200134,80.2679672241,70586,70637,51
13.0344200134,80.2679672241,70637,70647,10
13.0344200134,80.2680892944,70647,70677,30
13.0344200134,80.2680892944,70677,70687,10
13.0340499878,80.2679290771,70687,70698,11
13.033829689,80.2678375244,70698,70708,10
13.0334796906,80.267791748,70708,70940,232
13.0331897736,80.2677307129,70940,71313,373
13.0331897736,80.2677307129,71313,71323,10
13.0329704285,80.2676696777,71323,71333,10
13.0326795578,80.267578125,71333,71354,21
13.0326795578,80.267578125,71354,71364,10
13.032409668,80.2674026489,71364,71374,10
13.0320701599,80.267250061,71374,71384,10
13.0317201614,80.267036438,71384,71394,10
13.0313100815,80.2668991089,71394,71404,10
13.0309000015,80.266746521,71404,71414,10
13.0303201675,80.2666625977,71414,71424,10
13.0298595428,80.2665634155,71424,71434,10
13.029800415,80.2665634155,71434,71444,10
13.0295200348,80.2665405273,71444,71454,10
13.0291795731,80.2663879395,71454,71464,10
13.0287103653,80.2662582397,71464,71475,11
13.0281200409,80.2661590576,71475,71485,10
13.0274400711,80.2660522461,71485,71495,10
13.0264196396,80.2659225464,71495,71553,58
13.0264196396,80.2659225464,71553,71563,10
13.0260400772,80.26587677,71563,71573,10
13.0257797241,80.2656936646,71573,71584,11
13.0253896713,80.265411377,71584,71591,7
13.0252399445,80.2653121948,71591,71604,13
13.0251197815,80.2652206421,71604,71614,10
13.0248203278,80.2649917603,71614,71624,10
13.0244398117,80.2647094727,71624,71634,10
13.0238800049,80.2643432617,71634,71645,11
13.0232801437,80.263999939,71645,71655,10
13.0225696564,80.2636032104,71655,71665,10
13.0220403671,80.2633666992,71665,71675,10
13.0219202042,80.2633209229,71675,71686,11
13.0214700699,80.263092041,71686,71696,10
13.0206899643,80.2629776001,71696,71706,10
13.0201501846,80.2629470825,71706,71715,9
13.0196304321,80.2629013062,71715,71726,11
13.0190601349,80.262840271,71726,71736,10
13.0188598633,80.2624893188,71736,71746,10
13.0187997818,80.2618637085,71746,71756,10
13.0187101364,80.2613830566,71756,71766,10
13.0182800293,80.2610092163,71766,71776,10
13.0176496506,80.2605667114,71776,71786,10
13.0170602798,80.2601623535,71786,71797,11
13.0163002014,80.259727478,71797,71807,10
13.0161104202,80.2596511841,71807,71817,10
13.0157604218,80.2594833374,71817,71827,10
13.0151996613,80.2593231201,71827,71837,10
13.0145301819,80.2592391968,71837,71847,10
13.0137395859,80.2592086792,71847,71857,10
13.0129098892,80.2591781616,71857,71867,10
13.0120601654,80.259147644,71867,71877,10
13.0112400055,80.2591323853,71877,71887,10
13.0105304718,80.2591400146,71887,71897,10
13.0098199844,80.2591629028,71897,71908,11
13.009059906,80.2591094971,71908,71918,10
13.0087604523,80.2590789795,71918,71928,10
13.0085201263,80.2591018677,71928,71938,10
13.0079698563,80.2591705322,71938,71948,10
13.0074796677,80.2592315674,71948,71958,10
13.0071697235,80.2586669922,71958,71978,20
13.0071697235,80.2586669922,71978,71988,10
13.0070104599,80.2583007813,71988,71998,10
13.0066099167,80.2576370239,71998,72120,122
13.0066099167,80.2576370239,72120,72130,10
13.0065002441,80.2573318481,72130,72140,10
13.0065002441,80.2572097778,72140,72150,10
13.0065002441,80.2568969727,72150,72160,10
13.0065202713,80.2562637329,72160,72170,10
13.0065097809,80.2555770874,72170,72180,10
13.0065498352,80.2550125122,72180,72190,10
13.0065202713,80.2543716431,72190,72200,10
13.006480217,80.2531890869,72200,72220,20
13.006480217,80.2531890869,72220,72230,10
13.0064601898,80.2529296875,72230,72241,11
13.0064601898,80.2526779175,72241,72251,10
13.0065402985,80.2521514893,72251,72311,60
13.0065402985,80.2521514893,72311,72321,10
13.0066003799,80.2519683838,72321,72331,10
13.0066604614,80.2515792847,72331,72342,11
13.0067396164,80.2509613037,72342,72352,10
13.0067501068,80.2502288818,72352,72362,10
13.0067195892,80.2495803833,72362,72372,10
13.0067195892,80.2493209839,72372,72382,10
13.0066795349,80.2487411499,72382,72392,10
13.0066204071,80.2480163574,72392,72402,10
13.0066099167,80.247833252,72402,72412,10
13.0066099167,80.2474136353,72412,72422,10
13.0066099167,80.2469711304,72422,72432,10
13.0065402985,80.24659729,72432,72442,10
13.0065603256,80.2464675903,72442,72453,11
13.0065898895,80.2462615967,72453,72463,10
13.0065898895,80.2456665039,72463,72473,10
13.0065803528,80.2449798584,72473,72483,10
13.0065803528,80.2443237305,72483,72493,10
13.0065898895,80.2437591553,72493,72503,10
13.0065603256,80.2431335449,72503,72513,10
13.006529808,80.2424087524,72513,72523,10
13.0065202713,80.2421035767,72523,72533,10
13.0065202713,80.2417602539,72533,72543,10
13.0065698624,80.2411270142,72543,72553,10
13.0067100525,80.240447998,72553,72563,10
13.0068902969,80.2397079468,72563,72574,11
13.0070104599,80.238861084,72574,72584,10
13.0071201324,80.2381591797,72584,72594,10
13.0072803497,80.2374572754,72594,72604,10
13.0073404312,80.2368621826,72604,72620,16
13.0074501038,80.2364730835,72620,72632,12
13.007610321,80.235710144,72632,72640,8
13.0077495575,80.2350463867,72640,72652,12
13.0080099106,80.233757019,72652,72662,10
13.0082397461,80.2326583862,72662,72672,10
13.0084400177,80.2316513062,72672,72683,11
13.0086803436,80.230430603,72683,72693,10
13.0089197159,80.2292022705,72693,72703,10
13.0092000961,80.2280426025,72703,72713,10
13.0096197128,80.2270812988,72713,72722,9
13.0100002289,80.2262802124,72722,72733,11
13.0103502274,80.2255172729,72733,72742,9
13.0106897354,80.2247619629,72742,72752,10
13.0109996796,80.2239990234,72752,72763,11
13.0113601685,80.2231674194,72763,72772,9
13.011590004,80.2226028442,72772,72783,11
13.0119104385,80.2217330933,72783,72794,11
13.0123195648,80.2214202881,72794,72804,10
13.0126695633,80.2219314575,72804,72814,10
13.0131797791,80.2225265503,72814,72824,10
13.013759613,80.223197937,72824,72834,10
13.0143003464,80.2238311768,72834,72844,10
13.0149898529,80.224609375,72844,72864,20
13.0149898529,80.224609375,72864,72874,10
13.0151596069,80.2247924805,72874,72884,10
13.0154399872,80.2249526978,72884,72895,11
13.0154600143,80.2249679565,72895,72905,10
13.0156097412,80.225112915,72905,72915,10
13.016119957,80.2252807617,72915,72925,10
13.016960144,80.2250900269,72925,72935,10
13.0179004669,80.2247085571,72935,72945,10
13.0187397003,80.2243804932,72945,72955,10
13.0193004608,80.2243270874,72955,72965,10
13.0193500519,80.224357605,72965,72975,10
13.0195102692,80.2244415283,72975,72985,10
13.0198001862,80.2246170044,72985,72995,10
13.0201702118,80.224899292,72995,73006,11
13.0206699371,80.2252731323,73006,73016,10
13.0211496353,80.2256164551,73016,73026,10
13.02202034,80.2261962891,73026,73056,30
13.02202034,80.2261962891,73056,73066,10
13.0222702026,80.2264709473,73066,73076,10
13.0227499008,80.226890564,73076,73086,10
13.0233001709,80.2274169922,73086,73096,10
13.0238895416,80.2279815674,73096,73106,10
13.0242004395,80.2283172607,73106,73117,11
13.024479866,80.2287063599,73117,73127,10
13.0248003006,80.2291564941,73127,73137,10
13.0252504349,80.2297210693,73137,73147,10
13.0256500244,80.2303390503,73147,73157,10
13.0258998871,80.2307891846,73157,73167,10
13.025970459,80.2310562134,73167,73177,10
13.0259799957,80.231262207,73177,73187,10
13.0263004303,80.2312774658,73187,73197,10
13.0269603729,80.2311325073,73197,73207,10
13.0276098251,80.2309494019,73207,73217,10
13.0280599594,80.2307510376,73217,73228,11
13.0283002853,80.230758667,73228,73238,10
13.0284204483,80.2308273315,73238,73248,10
13.0287504196,80.2307815552,73248,73258,10
13.0290603638,80.2307815552,73258,73268,10
13.0294303894,80.2307434082,73268,73278,10
13.0298900604,80.2307128906,73278,73288,10
13.0302400589,80.2306900024,73288,73298,10
13.0305404663,80.2306671143,73298,73308,10
13.0309095383,80.2306365967,73308,73318,10
13.0315799713,80.2305984497,73318,73328,10
13.0321702957,80.2305603027,73328,73339,11
13.0328598022,80.2304763794,73339,73349,10
13.0334796906,80.2304077148,73349,73409,60
13.0334796906,80.2304077148,73409,73419,10
13.0337400436,80.2303466797,73419,73429,10
13.0337896347,80.2302017212,73429,73439,10
13.0341997147,80.2302398682,73439,73450,11
13.0345497131,80.2302474976,73450,73460,10
13.0348501205,80.2301177979,73460,73510,50
13.0348501205,80.2301177979,73510,73526,16
13.0345201492,80.2298965454,73526,73579,53
13.0341997147,80.229927063,73579,74560,981
13.0341396332,80.2303009033,74560,74580,20
13.0341396332,80.2303009033,74580,74590,10
13.0335302353,80.2304534912,74590,74610,20
13.0335302353,80.2304534912,74610,74620,10
13.0333900452,80.2304534912,74620,74630,10
13.0329999924,80.2304916382,74630,74641,11
13.0324497223,80.2305297852,74641,74651,10
13.0318403244,80.2306137085,74651,74661,10
13.0311498642,80.230682373,74661,74671,10
13.0306901932,80.23072052,74671,74681,10
13.0302000046,80.230758667,74681,74691,10
13.0297803879,80.2308425903,74691,74711,20
13.0297803879,80.2308425903,74711,74721,10
13.0294704437,80.2308578491,74721,74731,10
13.0289697647,80.2309188843,74731,74741,10
13.0283298492,80.2310180664,74741,74752,11
13.0277204514,80.2310714722,74752,74762,10
13.0277004242,80.2314376831,74762,74772,10
13.0277500153,80.2319107056,74772,74782,10
13.0277996063,80.2323608398,74782,74792,10
13.0278196335,80.2327575684,74792,74802,10
13.0273599625,80.2328186035,74802,74812,10
13.0268697739,80.2328872681,74812,74863,51
13.0268697739,80.2328872681,74863,74873,10
13.0266399384,80.2329788208,74873,74883,10
13.0263996124,80.232963562,74883,74893,10
13.0262804031,80.2324981689,74893,74903,10
13.0261001587,80.231918335,74903,74913,10
13.0260095596,80.2315826416,74913,74923,10
13.0259799957,80.2314910889,74923,74933,10
13.0259399414,80.2312393188,74933,74943,10
13.0257902145,80.230758667,74943,74953,10
13.0254602432,80.2300491333,74953,74963,10
13.0250396729,80.2294769287,74963,74974,11
13.0246601105,80.2290420532,74974,74994,20
13.0246601105,80.2290420532,74994,75004,10
13.0245199203,80.2288665771,75004,75014,10
13.0242204666,80.2285079956,75014,75024,10
13.0239696503,80.2282409668,75024,75034,10
13.0239601135,80.2282409668,75034,75044,10
13.0238199234,80.2280197144,75044,75054,10
13.0234804153,80.2276535034,75054,75064,10
13.0232095718,80.2273864746,75064,75074,10
13.0226802826,80.2269287109,75074,75085,11
13.0222797394,80.2265014648,75085,75095,10
13.0216598511,80.2260131836,75095,75105,10
13.0210399628,80.2255401611,75105,75115,10
13.0204000473,80.2250900269,75115,75125,10
13.0196199417,80.2245788574,75125,75135,10
13.0187397003,80.2245101929,75135,75145,10
13.0178203583,80.2248764038,75145,75155,10
13.0169000626,80.2252807617,75155,75165,10
13.016409874,80.225479126,75165,75175,10
13.0159397125,80.2256317139,75175,75185,10
13.0153799057,80.2258377075,75185,75196,11
13.0150203705,80.2259979248,75196,75206,10
13.0144195557,80.2262191772,75206,75236,30
13.0144195557,80.2262191772,75236,75246,10
13.0143203735,80.2262496948,75246,75256,10
13.0138301849,80.2264404297,75256,75266,10
13.0130701065,80.2267303467,75266,75276,10
13.0122699738,80.2270431519,75276,75286,10
13.0113201141,80.227432251,75286,75296,10
13.0103502274,80.2278366089,75296,75307,11
13.0094003677,80.2282562256,75307,75317,10
13.0090799332,80.2288589478,75317,75327,10
13.0088996887,80.2298736572,75327,75337,10
13.0086803436,80.2309417725,75337,75347,10
13.0085096359,80.2319564819,75347,75357,10
13.0083198547,80.2330169678,75357,75367,10
13.0082597733,80.2335205078,75367,75377,10
13.0082197189,80.2336578369,75377,75387,10
13.0081100464,80.2341537476,75387,75397,10
13.0079698563,80.2348632813,75397,75408,11
13.0077695847,80.2358703613,75408,75418,10
13.0075397491,80.2370223999,75418,75428,10
13.0073204041,80.2380599976,75428,75438,10
13.007229805,80.2386932373,75438,75448,10
13.0071001053,80.2393569946,75448,75458,10
13.0069303513,80.2401123047,75458,75498,40
13.0069303513,80.2401123047,75498,75508,10
13.0069599152,80.2403182983,75508,75519,11
13.0068397522,80.2408828735,75519,75529,10
13.0068101883,80.2409973145,75529,75539,10
13.0067596436,80.241317749,75539,75549,10
13.0067396164,80.2421035767,75549,75558,9
13.0067300797,80.2429428101,75558,75568,10
13.0067300797,80.2436599731,75568,75579,11
13.0066995621,80.2446517944,75579,75589,10
13.0066900253,80.2456588745,75589,75599,10
13.0067396164,80.2465820313,75599,75609,10
13.0067501068,80.2474975586,75609,75619,10
13.0067796707,80.2485122681,75619,75630,11
13.0068902969,80.2494812012,75630,75640,10
13.0068902969,80.2495574951,75640,75650,10
13.0068798065,80.249961853,75650,75660,10
13.0068397522,80.2503128052,75660,75670,10
13.0068397522,80.2509994507,75670,75680,10
13.0066995621,80.2518768311,75680,75690,10
13.0065803528,80.2527084351,75690,75700,10
13.0065603256,80.2536087036,75700,75710,10
13.0066003799,80.2545394897,75710,75720,10
13.0066404343,80.2552871704,75720,75730,10
13.0066404343,80.2562026978,75730,75741,11
13.0066795349,80.2570571899,75741,75809,68
13.0066795349,80.2570571899,75809,75819,10
13.0066795349,80.2572784424,75819,75829,10
13.0067596436,80.2576980591,75829,75839,10
13.0070800781,80.2582626343,75839,75850,11
13.0076704025,80.258682251,75850,75860,10
13.007809639,80.2587432861,75860,75870,10
13.0082302094,80.2589035034,75870,75879,9
13.0088396072,80.2590789795,75879,75890,11
13.0095996857,80.2590866089,75890,75900,10
13.0107002258,80.2591018677,75900,75910,10
13.0116596222,80.2590789795,75910,75920,10
13.0127000809,80.2591171265,75920,75930,10
13.013759613,80.2591705322,75930,75940,10
13.0146903992,80.2592086792,75940,75950,10
13.0155200958,80.2592926025,75950,75961,11
13.0163698196,80.2596282959,75961,75971,10
13.0164604187,80.2597122192,75971,75981,10
13.0165901184,80.2598495483,75981,75991,10
13.0171003342,80.2601928711,75991,76001,10
13.017829895,80.2606887817,76001,76011,10
13.0186395645,80.2612533569,76011,76021,10
13.0191402435,80.261680603,76021,76031,10
13.0195398331,80.2620391846,76031,76041,10
13.0199403763,80.2624435425,76041,76051,10
13.0201997757,80.2626190186,76051,76061,10
13.0202999115,80.2627105713,76061,76072,11
13.0207195282,80.2628707886,76072,76082,10
13.0212898254,80.2630462646,76082,76092,10
13.0218296051,80.2632598877,76092,76102,10
13.0221500397,80.2633972168,76102,76112,10
13.0226697922,80.2636566162,76112,76122,10
13.0230703354,80.2639007568,76122,76138,16
13.0234003067,80.2641067505,76138,76150,12
13.0242099762,80.2645492554,76150,76158,8
13.0246601105,80.2648925781,76158,76169,11
13.0251903534,80.2652816772,76169,76180,11
13.0258197784,80.2656784058,76180,76191,11
13.0262403488,80.2659072876,76191,76201,10
13.0263500214,80.2658462524,76201,76211,10
13.0263595581,80.2656784058,76211,76221,10
13.0263900757,80.2652130127,76221,76231,10
13.0264396667,80.2646865845,76231,76241,10
13.0265302658,80.263923645,76241,76261,20
13.0265302658,80.263923645,76261,76271,10
13.026599884,80.2637634277,76271,76290,19
13.02684021,80.2633972168,76290,76303,13
13.0274295807,80.2634963989,76303,76313,10
13.0277900696,80.2636032104,76313,76322,9
13.0282001495,80.2637023926,76322,76333,11
13.028459549,80.2638015747,76333,76343,10
13.028840065,80.2638778687,76343,76353,10
13.0293197632,80.2640762329,76353,76362,9
13.0293302536,80.264289856,76362,76373,11
13.0293197632,80.2645874023,76373,76383,10
13.0293197632,80.2648162842,76383,76393,10
13.0292596817,80.2652587891,76393,76404,11
13.0292797089,80.2658233643,76404,76414,10
13.0292797089,80.2658996582,76414,76424,10
13.0292100906,80.2662277222,76424,76433,9
13.0291996002,80.2663116455,76433,76444,11
13.0292701721,80.2665328979,76444,76454,10
13.029540062,80.2665634155,76454,76464,10
13.0299596786,80.2666320801,76464,76474,10
13.0303201675,80.2666625977,76474,76484,10
13.0310096741,80.2668075562,76484,76494,10
13.03166008,80.2670211792,76494,76504,10
13.032119751,80.2672424316,76504,76515,11
13.0325202942,80.2674484253,76515,76525,10
13.0329303741,80.2676925659,76525,76535,10
13.0336103439,80.2678604126,76535,76565,30
13.0336103439,80.2678604126,76565,76575,10
13.0339899063,80.2679290771,76575,76585,10
13.0343198776,80.2679824829,76585,76595,10
13.0346002579,80.2679824829,76595,76605,10
13.0346298218,80.2679901123,76605,76615,10
13.0346603394,80.2680969238,76615,76626,11
13.0345497131,80.2681503296,76626,76636,10
13.0345001221,80.2681274414,76636,76646,10
13.0342597961,80.2680206299,76646,76656,10
13.0340299606,80.2679672241,76656,76666,10
13.0336399078,80.267868042,76666,76797,131
13.0332899094,80.2678375244,76797,76969,172
13.0331802368,80.2677536011,76969,77120,151
13.0331802368,80.2677536011,77120,77130,10
13.0331201553,80.267791748,77130,77140,10
13.0327596664,80.2677001953,77140,77150,10
13.032500267,80.2675628662,77150,77160,10
13.0313997269,80.266998291,77160,77171,11
13.0313997269,80.266998291,77171,77181,10
13.0307798386,80.2668228149,77181,77191,10
13.0300798416,80.2666702271,77191,77201,10
13.0297603607,80.2666397095,77201,77211,10
13.0293903351,80.2665863037,77211,77221,10
13.0289697647,80.266418457,77221,77231,10
13.0283403397,80.2663116455,77231,77241,10
13.0277299881,80.2662124634,77241,77257,16
13.0269203186,80.2660522461,77257,77269,12
13.0263795853,80.2659912109,77269,77280,11
13.0259199142,80.2657775879,77280,77288,8
13.0256099701,80.2655487061,77288,77300,12
13.0253801346,80.2654190063,77300,77310,10
13.0250597,80.265083313,77310,77320,10
13.0245304108,80.2647018433,77320,77330,10
13.023900032,80.2643127441,77330,77340,10
13.0232696533,80.2639770508,77340,77351,11
13.0225000381,80.2635879517,77351,77362,11
13.0221004486,80.2633972168,77362,77372,10
13.0218801498,80.2632980347,77372,77382,10
13.0214195251,80.2631225586,77382,77393,11
13.0205698013,80.2630462646,77393,77403,10
13.0200796127,80.2630081177,77403,77413,10
13.0194597244,80.2629623413,77413,77423,10
13.0190000534,80.2628631592,77423,77433,10
13.0188598633,80.2621231079,77433,77443,10
13.018699646,80.261390686,77443,77453,10
13.0181102753,80.2609710693,77453,77463,10
13.0174503326,80.260559082,77463,77472,9
13.0168104172,80.2601318359,77472,77483,11
13.0159797668,80.2596817017,77483,77493,10
13.0157499313,80.2595977783,77493,77504,11
13.0150499344,80.2593917847,77504,77513,9
13.0142803192,80.2593307495,77513,77524,11
13.0132799149,80.2593002319,77524,77533,9
13.012169838,80.259262085,77533,77544,11
13.0111598969,80.2592163086,77544,77554,10
13.0099897385,80.259262085,77554,77564,10
13.0091199875,80.2592163086,77564,77574,10
13.0087604523,80.2591781616,77574,77584,10
13.0082798004,80.2591705322,77584,77594,10
13.0075998306,80.2592773438,77594,77604,10
13.0072603226,80.2589111328,77604,77615,11
13.0071697235,80.258682251,77615,77625,10
13.0069303513,80.2582778931,77625,77635,10
13.0066404343,80.2577819824,77635,77675,40
13.0066404343,80.2577819824,77675,77685,10
13.0065002441,80.2577514648,77685,77695,10
13.0064201355,80.2573394775,77695,77705,10
13.0064096451,80.2568206787,77705,77716,11
13.0064401627,80.2559509277,77716,77726,10
13.0064496994,80.2554702759,77726,77736,10
13.0064897537,80.2550964355,77736,77746,10
13.006480217,80.2543869019,77746,77756,10
13.0064897537,80.2537307739,77756,77766,10
13.0064697266,80.2531433105,77766,77806,40
13.0064697266,80.2531433105,77806,77816,10
13.0064601898,80.252822876,77816,77827,11
13.006529808,80.2523422241,77827,77887,60
13.006529808,80.2523422241,77887,77897,10
13.0066204071,80.2521209717,77897,77907,10
13.0066795349,80.2517623901,77907,77958,51
13.0066795349,80.2517623901,77958,77968,10
13.0067195892,80.2516479492,77968,77978,10
13.006770134,80.2512207031,77978,77988,10
13.0067501068,80.2505111694,77988,77998,10
13.006770134,80.2494506836,77998,78008,10
13.0066795349,80.2484588623,78008,78018,10
13.0066404343,80.2480163574,78018,78028,10
13.0066299438,80.2476119995,78028,78038,10
13.0066404343,80.2470397949,78038,78049,11
13.0065603256,80.2465286255,78049,78059,10
13.0065698624,80.2464981079,78059,78069,10
13.0066204071,80.2462615967,78069,78079,10
13.0066204071,80.2456588745,78079,78089,10
13.0066204071,80.2450027466,78089,78099,10
13.0066003799,80.244392395,78099,78109,10
13.0065698624,80.2440338135,78109,78119,10
13.006480217,80.2435684204,78119,78129,10
13.0064897537,80.2428512573,78129,78139,10
13.0064897537,80.2419586182,78139,78149,10
13.006529808,80.2410888672,78149,78160,11
13.0066900253,80.2399520874,78160,78170,10
13.0069198608,80.238861084,78170,78180,10
13.0070896149,80.2380065918,78180,78190,10
13.0072002411,80.237487793,78190,78200,10
13.0073003769,80.2369003296,78200,78210,10
13.0073404312,80.2367172241,78210,78220,10
13.0074100494,80.2365112305,78220,78230,10
13.0075597763,80.2358932495,78230,78240,10
13.0076904297,80.2351913452,78240,78250,10
13.0078496933,80.2343597412,78250,78259,9
13.0080404282,80.2334594727,78259,78271,12
13.0082597733,80.2322921753,78271,78281,10
13.0084400177,80.231338501,78281,78291,10
13.0086202621,80.2304000854,78291,78301,10
13.0087900162,80.2294692993,78301,78311,10
13.0089597702,80.2285995483,78311,78321,10
13.009180069,80.2278594971,78321,78331,10
13.0095300674,80.2270202637,78331,78341,10
13.0099802017,80.2260971069,78341,78351,10
13.0103302002,80.2253875732,78351,78361,10
13.0105695724,80.2248535156,78361,78371,10
13.0108003616,80.2243118286,78371,78382,11
13.011059761,80.2236785889,78382,78392,10
13.0110797882,80.2236175537,78392,78402,10
13.0112104416,80.2233810425,78402,78412,10
13.0114603043,80.2228164673,78412,78422,10
13.0116500854,80.2222518921,78422,78432,10
13.0119695663,80.2215270996,78432,78442,10
13.0122995377,80.2214813232,78442,78452,10
13.0126199722,80.2219696045,78452,78462,10
13.0130195618,80.2225112915,78462,78472,10
13.0135297775,80.2230911255,78472,78483,11
13.01404953,80.2238082886,78483,78493,10
13.0146903992,80.2244720459,78493,78503,10
13.0150499344,80.2247467041,78503,78513,10
13.0151700974,80.224861145,78513,78523,10
13.0153598785,80.2249832153,78523,78533,10
13.0155000687,80.2250366211,78533,78543,10
13.0160198212,80.2252807617,78543,78553,10
13.0167798996,80.225151062,78553,78563,10
13.017660141,80.2248306274,78563,78573,10
13.0185604095,80.2244567871,78573,78583,10
13.0193500519,80.2244033813,78583,78594,11
13.0202999115,80.2249603271,78594,78604,10
13.0210399628,80.225479126,78604,78614,10
13.021730423,80.2259979248,78614,78624,10
13.021900177,80.2261276245,78624,78634,10
13.0220403671,80.226272583,78634,78644,10
13.0222902298,80.2264709473,78644,78660,16
13.0232601166,80.2273635864,78660,78672,12
13.0240001678,80.2280578613,78672,78682,10
13.0242795944,80.2283782959,78682,78692,10
13.0245304108,80.2288513184,78692,78702,10
13.0249700546,80.2294616699,78702,78712,10
13.0255498886,80.2303009033,78712,78723,11
13.0259103775,80.2311172485,78723,78735,12
13.0261001587,80.231338501,78735,78745,10
13.02684021,80.2311477661,78745,78755,10
13.0275096893,80.2309799194,78755,78765,10
13.0282402039,80.2308883667,78765,78775,10
13.0284204483,80.2308807373,78775,78785,10
13.0287599564,80.2308578491,78785,78795,10
13.0291900635,80.2308425903,78795,78805,10
13.0294599533,80.2308120728,78805,78816,11
13.0300102234,80.2307815552,78816,78826,10
13.0305700302,80.23072052,78826,78836,10
13.0311098099,80.2306671143,78836,78846,10
13.0317201614,80.2306213379,78846,78856,10
13.0324602127,80.2305603027,78856,78866,10
13.0333404541,80.23046875,78866,78876,10
13.0338497162,80.2304077148,78876,78896,20
13.0338497162,80.2304077148,78896,78912,16
13.0340795517,80.2304229736,78912,78924,12
13.0342197418,80.2304000854,78924,78935,11
13.0344295502,80.2303466797,78935,78945,10
13.0347003937,80.2302627563,78945,78955,10
13.0347299576,80.2302627563,78955,78965,10
13.0349397659,80.2300872803,78965,78974,9
13.0350399017,80.2298736572,78974,78985,11
13.0349798203,80.2297821045,78985,78995,10
13.0343904495,80.2296829224,78995,79036,41
13.0342197418,80.2300109863,79036,79873,837
13.0342597961,80.2302398682,79873,82952,3079
13.0342597961,80.2305526733,82952,83163,211
13.0341701508,80.2302627563,83163,85192,2029
13.0341701508,80.2302627563,85192,85202,10
13.0342102051,80.2304992676,85202,85212,10
13.0339403152,80.2305221558,85212,85222,10
13.0334997177,80.2305374146,85222,85232,10
13.0331201553,80.2305526733,85232,85404,172
13.0331201553,80.2305526733,85404,85414,10
13.0328702927,80.2304229736,85414,86373,959
13.0328702927,80.2304229736,86373,86383,10
