13.0760498047,80.2755508423,20400,20490,90
13.0760498047,80.2755508423,20490,20501,11
13.0759801865,80.2757034302,20501,20511,10
13.0760297775,80.2758483887,20511,20521,10
13.0759496689,80.2760696411,20521,20581,60
13.0759496689,80.2760696411,20581,20591,10
13.0759096146,80.2762069702,20591,20672,81
13.0759096146,80.2762069702,20672,20682,10
13.0761804581,80.2762908936,20682,20692,10
13.0767297745,80.276260376,20692,20702,10
13.0774803162,80.2761993408,20702,20711,9
13.0781497955,80.2759780884,20711,20723,12
13.0786600113,80.2751617432,20723,20733,10
13.0795001984,80.2752609253,20733,20743,10
13.0803003311,80.2752685547,20743,20753,10
13.0810403824,80.2751922607,20753,20763,10
13.0815000534,80.2751464844,20763,20773,10
13.0817403793,80.2753601074,20773,20783,10
13.0818004608,80.2759780884,20783,20793,10
13.0819196701,80.276802063,20793,20803,10
13.081990242,80.2776031494,20803,20813,10
13.0821199417,80.2785415649,20813,20823,10
13.0822000504,80.2795562744,20823,20833,10
13.0823001862,80.2806777954,20833,20844,11
13.0823898315,80.2817077637,20844,20853,9
13.0828895569,80.2821121216,20853,20864,11
13.0838098526,80.2826766968,20864,20874,10
13.0846395493,80.2832565308,20874,20884,10
13.0852603912,80.2837371826,20884,20894,10
13.0856199265,80.2835922241,20894,20904,10
13.0860595703,80.2835769653,20904,20914,10
13.0864400864,80.2836990356,20914,20924,10
13.086930275,80.2839508057,20924,20934,10
13.0873804092,80.2839279175,20934,20985,51
13.0873804092,80.2839279175,20985,20995,10
13.0877304077,80.2839202881,20995,21106,111
13.0877304077,80.2839202881,21106,21116,10
13.0878896713,80.2839431763,21116,21257,141
13.0878896713,80.2839431763,21257,21267,10
13.0879497528,80.2839202881,21267,21278,11
13.088139534,80.283821106,21278,21298,20
13.088139534,80.283821106,21298,21308,10
13.0881595612,80.2836608887,21308,21318,10
13.0881700516,80.2836303711,21318,21328,10
13.0882797241,80.2834091187,21328,21338,10
13.0882997513,80.282913208,21338,21348,10
13.0882797241,80.2822723389,21348,21358,10
13.0881004333,80.2817001343,21358,21368,10
13.0883197784,80.2814331055,21368,21377,9
13.0886001587,80.2817306519,21377,21389,12
13.0884304047,80.2824630737,21389,21399,10
13.0883703232,80.2831878662,21399,21409,10
13.0883798599,80.283821106,21409,21419,10
13.0884199142,80.2844619751,21419,21429,10
13.0884504318,80.2852783203,21429,21439,10
13.0885095596,80.2860870361,21439,21449,10
13.08852005,80.2865066528,21449,21459,10
13.088549614,80.2869567871,21459,21469,10
13.0885801315,80.2874603271,21469,21479,10
13.0886201859,80.2878036499,21479,21489,10
13.0886898041,80.2883987427,21489,21500,11
13.0887002945,80.2886886597,21500,21510,10
13.0887403488,80.2892608643,21510,21520,10
13.088809967,80.2901763916,21520,21540,20
13.088809967,80.2901763916,21540,21550,10
13.088760376,80.2904205322,21550,21560,10
13.0882997513,80.2902603149,21560,21570,10
13.087679863,80.2899398804,21570,21580,10
13.0868701935,80.2896118164,21580,21590,10
13.0859298706,80.2893371582,21590,21599,9
13.0851097107,80.2891921997,21599,21611,12
13.0839996338,80.2891769409,21611,21621,10
13.0832004547,80.2892074585,21621,21631,10
13.0824098587,80.2889328003,21631,21641,10
13.0816497803,80.2886505127,21641,21651,10
13.0809001923,80.2884063721,21651,21661,10
13.080160141,80.2882080078,21661,21671,10
13.0792398453,80.2880096436,21671,21681,10
13.078379631,80.2876434326,21681,21691,10
13.0775098801,80.2874603271,21691,21701,10
13.0764799118,80.2871780396,21701,21711,10
13.0755195618,80.2868499756,21711,21721,10
13.0747804642,80.2864303589,21721,21732,11
13.0738601685,80.2860488892,21732,21742,10
13.0729799271,80.2857208252,21742,21752,10
13.0719604492,80.2852935791,21752,21762,10
13.0708503723,80.2849884033,21762,21772,10
13.0696201324,80.2846984863,21772,21782,10
13.0683498383,80.2844085693,21782,21792,10
13.0671901703,80.2842102051,21792,21802,10
13.0661001205,80.2839736938,21802,21812,10
13.065079689,80.2837371826,21812,21821,9
13.064330101,80.2835922241,21821,21833,12
13.063659668,80.2834014893,21833,21843,10
13.0628995895,80.2832183838,21843,21853,10
13.062620163,80.2831497192,21853,21863,10
13.0625400543,80.2831268311,21863,21873,10
13.0620698929,80.2830200195,21873,21883,10
13.061249733,80.2828292847,21883,21893,10
13.0603599548,80.2826309204,21893,21903,10
13.0593299866,80.2824325562,21903,21913,10
13.0581102371,80.2821807861,21913,21923,10
13.0571098328,80.2819900513,21923,21932,9
13.0567798615,80.2819290161,21932,21944,12
13.0566797256,80.2819137573,21944,21954,10
13.0562200546,80.2818069458,21954,21964,10
13.0555400848,80.2816619873,21964,21974,10
13.0546503067,80.2814788818,21974,21984,10
13.0536003113,80.2812728882,21984,21994,10
13.0524997711,80.2811126709,21994,22004,10
13.0514698029,80.2809524536,22004,22014,10
13.0506801605,80.2808303833,22014,22024,10
13.0497598648,80.2806777954,22024,22034,10
13.0487003326,80.2805404663,22034,22044,10
13.0474996567,80.2803573608,22044,22055,11
13.0463199615,80.2802124023,22055,22065,10
13.0452604294,80.2800598145,22065,22075,10
13.0440797806,80.2799072266,22075,22085,10
13.0429601669,80.2797012329,22085,22095,10
13.0418195724,80.2794723511,22095,22105,10
13.0405902863,80.2792434692,22105,22115,10
13.039560318,80.2789916992,22115,22125,10
13.039059639,80.2788619995,22125,22135,10
13.0388898849,80.2788009644,22135,22145,10
13.0385103226,80.2786712646,22145,22155,10
13.0382699966,80.2785873413,22155,22166,11
13.0376701355,80.2783966064,22166,22176,10
13.036939621,80.2781524658,22176,22186,10
13.0360803604,80.2778701782,22186,22196,10
13.0351495743,80.2777023315,22196,22206,10
13.0340900421,80.2774810791,22206,22216,10
13.0331697464,80.2774276733,22216,22226,10
13.0320396423,80.2775421143,22226,22236,10
13.0311098099,80.2774200439,22236,22246,10
13.0308799744,80.2772903442,22246,22256,10
13.0308198929,80.2772369385,22256,22266,10
13.0304403305,80.2770080566,22266,22277,11
13.0295801163,80.2766799927,22277,22287,10
13.0286798477,80.2763900757,22287,22297,10
13.0278196335,80.2760467529,22297,22307,10
13.0269603729,80.2756500244,22307,22317,10
13.026260376,80.2753601074,22317,22327,10
13.0261802673,80.2753219604,22327,22337,10
13.0259599686,80.2751998901,22337,22347,10
13.0254898071,80.2750167847,22347,22358,11
13.0247297287,80.2746734619,22358,22368,10
13.0242300034,80.2742233276,22368,22378,10
13.0237998962,80.2736282349,22378,22389,11
13.0232000351,80.272819519,22389,22399,10
13.0225200653,80.2719116211,22399,22409,10
13.0218095779,80.2709884644,22409,22419,10
13.0211896896,80.2702407837,22419,22429,10
13.0209903717,80.2700424194,22429,22439,10
13.020819664,80.2698516846,22439,22449,10
13.0204000473,80.269317627,22449,22458,9
13.0199203491,80.2687301636,22458,22469,11
13.0191802979,80.2678222656,22469,22479,10
13.0186796188,80.2668380737,22479,22489,10
13.0186100006,80.2659835815,22489,22500,11
13.0187997818,80.2652511597,22500,22510,10
13.0190496445,80.2643432617,22510,22520,10
13.0190095901,80.2635421753,22520,22530,10
13.0189504623,80.2631072998,22530,22540,10
13.0188999176,80.2628173828,22540,22550,10
13.0188398361,80.262260437,22550,22560,10
13.0187301636,80.2614974976,22560,22570,10
13.0182695389,80.2610321045,22570,22580,10
13.0174798965,80.2605133057,22580,22590,10
13.0165901184,80.2599411011,22590,22600,10
13.016169548,80.2597198486,22600,22611,11
13.0161304474,80.2596969604,22611,22621,10
13.0157403946,80.2595214844,22621,22631,10
13.0150499344,80.2593536377,22631,22641,10
13.014169693,80.2593002319,22641,22651,10
13.0131597519,80.259262085,22651,22661,10
13.0119400024,80.2592163086,22661,22671,10
13.0105695724,80.2591705322,22671,22681,10
13.0092000961,80.2591323853,22681,22691,10
13.0080003738,80.2589797974,22691,22701,10
13.0069904327,80.2582397461,22701,22710,9
13.0065603256,80.2572631836,22710,22722,12
13.006529808,80.255859375,22722,22732,10
13.0064897537,80.2541275024,22732,22752,20
13.0064897537,80.2541275024,22752,22762,10
13.0065097809,80.2537078857,22762,22772,10
13.006529808,80.2529525757,22772,22782,10
13.006649971,80.2520217896,22782,22792,10
13.0067796707,80.2511825562,22792,22802,10
13.0067796707,80.250038147,22802,22812,10
13.0067501068,80.2489013672,22812,22822,10
13.0066795349,80.2480621338,22822,22833,11
13.0066795349,80.2476882935,22833,22843,10
13.0066795349,80.247177124,22843,22853,10
13.0066604614,80.2468566895,22853,22863,10
13.0066604614,80.2467422485,22863,22873,10
13.0066795349,80.2461624146,22873,22883,10
13.0066604614,80.2452392578,22883,22893,10
13.006649971,80.2444992065,22893,22903,10
13.0066404343,80.2438430786,22903,22913,10
13.0066099167,80.2430877686,22913,22923,10
13.0066003799,80.2421569824,22923,22933,10
13.0066204071,80.2411117554,22933,22944,11
13.0067796707,80.2401275635,22944,22954,10
13.0069198608,80.2393264771,22954,22964,10
13.0070896149,80.2384490967,22964,22974,10
13.0072603226,80.2376708984,22974,22984,10
13.0073795319,80.2371292114,22984,22994,10
13.007399559,80.2369232178,22994,23004,10
13.0074195862,80.2368164063,23004,23014,10
13.0075101852,80.2365036011,23014,23024,10
13.0076503754,80.2358779907,23024,23034,10
13.0078201294,80.2350082397,23034,23044,10
13.008020401,80.2339935303,23044,23055,11
13.0082998276,80.2326202393,23055,23065,10
13.0085697174,80.2312316895,23065,23075,10
13.0088596344,80.2298736572,23075,23085,10
13.0091199875,80.2284698486,23085,23095,10
13.0096502304,80.2271499634,23095,23105,10
13.0102300644,80.2258529663,23105,23115,10
13.0108003616,80.2246322632,23115,23125,10
13.0112400055,80.2235107422,23125,23135,10
13.0111303329,80.2230834961,23135,23145,10
13.0105600357,80.2228012085,23145,23155,10
13.0098400116,80.2224197388,23155,23166,11
13.009059906,80.2220001221,23166,23176,10
13.0082798004,80.221572876,23176,23186,10
13.0073003769,80.2210617065,23186,23196,10
13.0062904358,80.2206115723,23196,23206,10
13.0051002502,80.2203292847,23206,23216,10
13.0039997101,80.2200775146,23216,23226,10
13.0029401779,80.2198028564,23226,23236,10
13.001999855,80.2190322876,23236,23246,10
13.0011100769,80.2182617188,23246,23256,10
13.0003404617,80.2177505493,23256,23266,10
12.9995002747,80.2172470093,23266,23277,11
12.9983596802,80.2166900635,23277,23287,10
12.9975004196,80.2165374756,23287,23297,10
12.9974498749,80.2165298462,23297,23307,10
12.9970598221,80.2165527344,23307,23317,10
12.996339798,80.2166366577,23317,23327,10
12.9955301285,80.2168731689,23327,23337,10
12.9948196411,80.2172775269,23337,23347,10
12.9941501617,80.2177505493,23347,23357,10
12.9934501648,80.2182235718,23357,23367,10
12.9925899506,80.2188186646,23367,23377,10
12.9917097092,80.2194671631,23377,23388,11
12.9909200668,80.2200393677,23388,23398,10
12.9901504517,80.2206497192,23398,23408,10
12.9893798828,80.2215423584,23408,23418,10
12.9885902405,80.2224578857,23418,23428,10
12.9877996445,80.2230834961,23428,23438,10
12.9876499176,80.2230987549,23438,23448,10
12.9872598648,80.2230682373,23448,23458,10
12.9866304398,80.2229995728,23458,23469,11
12.9857597351,80.2230606079,23469,23479,10
12.9851398468,80.2232666016,23479,23489,10
12.9843797684,80.2228775024,23489,23500,11
12.983590126,80.2223968506,23500,23510,10
12.9832496643,80.2221832275,23510,23520,10
12.9831800461,80.2221298218,23520,23530,10
12.9828100204,80.2219619751,23530,23540,10
12.9824895859,80.221862793,23540,23550,10
12.9819602966,80.2216186523,23550,23560,10
12.9814195633,80.2212295532,23560,23570,10
12.9807500839,80.221031189,23570,23580,10
12.9799699783,80.2211303711,23580,23590,10
12.9791898727,80.2211685181,23590,23601,11
12.9782400131,80.2212219238,23601,23611,10
12.9774103165,80.2212600708,23611,23621,10
12.9765901566,80.2212677002,23621,23631,10
12.9762296677,80.221282959,23631,23641,10
12.9761695862,80.2213134766,23641,23651,10
12.9763202667,80.2217178345,23651,23661,10
12.9766101837,80.2220916748,23661,24619,958
12.9775104523,80.2216796875,24619,24629,10
12.977519989,80.2212982178,24629,24639,10
12.9778795242,80.2212371826,24639,24649,10
12.9784202576,80.2211685181,24649,24659,10
12.9792404175,80.2211074829,24659,24669,10
12.9801702499,80.2210464478,24669,24679,10
12.981089592,80.2210083008,24679,24689,10
12.9818096161,80.2213668823,24689,24699,10
12.9823198318,80.2217102051,24699,24709,10
12.982919693,80.2219085693,24709,24720,11
12.9832801819,80.2221603394,24720,24730,10
12.9838495255,80.2225112915,24730,24740,10
12.9844503403,80.2228622437,24740,24750,10
12.9851198196,80.2232131958,24750,24760,10
12.9856595993,80.2230606079,24760,24770,10
12.9863395691,80.2229385376,24770,24780,10
12.986530304,80.2229537964,24780,24790,10
12.9868001938,80.2229995728,24790,24800,10
12.9871997833,80.2230606079,24800,24810,10
12.9876899719,80.2230834961,24810,24820,10
12.9878396988,80.2230377197,24820,24831,11
12.9883298874,80.2226867676,24831,24841,10
12.9888601303,80.2221603394,24841,24851,10
12.9894304276,80.2214736938,24851,24861,10
12.9901103973,80.2206573486,24861,24871,10
12.9906997681,80.2201690674,24871,24881,10
12.991399765,80.2196426392,24881,24891,10
12.9922399521,80.2190475464,24891,24901,10
12.9931297302,80.2183990479,24901,24911,10
12.994020462,80.2177505493,24911,24921,10
12.9948701859,80.2171173096,24921,24931,10
12.9956798553,80.2166900635,24931,24942,11
12.996720314,80.216506958,24942,24952,10
12.9975204468,80.216468811,24952,24962,10
12.9980096817,80.2165603638,24962,24972,10
12.9987897873,80.2168197632,24972,24982,10
12.9996204376,80.2172775269,24982,24992,10
13.0005197525,80.2178421021,24992,25002,10
13.0013999939,80.2183990479,25002,25010,8
13.0020704269,80.2190170288,25010,25022,12
13.0030698776,80.2198410034,25022,25032,10
13.0041503906,80.2201080322,25032,25042,10
13.0052604675,80.2203826904,25042,25053,11
13.0065898895,80.2206497192,25053,25063,10
13.0076799393,80.2211914063,25063,25073,10
13.0087404251,80.2217636108,25073,25083,10
13.0096998215,80.2222976685,25083,25093,10
13.0106601715,80.2228088379,25093,25103,10
13.0114002228,80.2231292725,25103,25133,30
13.0114002228,80.2231292725,25133,25143,10
13.0117797852,80.2234115601,25143,25153,10
13.0122995377,80.2236785889,25153,25164,11
13.0130701065,80.2241134644,25164,25174,10
13.0138502121,80.2245407104,25174,25184,10
13.0145597458,80.224899292,25184,25194,10
13.0150995255,80.2251586914,25194,25204,10
13.0154304504,80.2254486084,25204,25214,10
13.0151700974,80.2258224487,25214,25224,10
13.0144701004,80.2261505127,25224,25234,10
13.0135498047,80.2265396118,25234,25244,10
13.0125799179,80.2269287109,25244,25254,10
13.0115995407,80.2273406982,25254,25264,10
13.0106201172,80.2277374268,25264,25275,11
13.0095100403,80.2282028198,25275,25285,10
13.0090503693,80.2291183472,25285,25295,10
13.0088100433,80.2303390503,25295,25305,10
13.0085802078,80.231628418,25305,25315,10
13.0083503723,80.2329483032,25315,25325,10
13.0082502365,80.2336578369,25325,25335,10
13.0081996918,80.2337799072,25335,25345,10
13.008099556,80.2342224121,25345,25355,10
13.0079603195,80.2349624634,25355,25365,10
13.0077495575,80.2359619141,25365,25375,10
13.0075302124,80.2370834351,25375,25385,10
13.0073204041,80.2381591797,25385,25397,12
13.007109642,80.2393493652,25397,25407,10
13.0069303513,80.2401580811,25407,25447,40
13.0069303513,80.2401580811,25447,25457,10
13.0069303513,80.2405090332,25457,25467,10
13.0068101883,80.2411422729,25467,25477,10
13.0067796707,80.2420272827,25477,25486,9
13.0067596436,80.2428436279,25486,25496,10
13.0067300797,80.2437973022,25496,25506,10
13.0066900253,80.2448883057,25506,25518,12
13.0067195892,80.2461395264,25518,25528,10
13.0067396164,80.2471313477,25528,25538,10
13.0067596436,80.2482223511,25538,25548,10
13.0068302155,80.249382019,25548,25558,10
13.0068702698,80.2504882813,25558,25567,9
13.0068597794,80.2513122559,25567,25578,11
13.006649971,80.2523117065,25578,25588,10
13.0066099167,80.2534713745,25588,25597,9
13.0066404343,80.2545471191,25597,25609,12
13.0066404343,80.2559127808,25609,25619,10
13.0066900253,80.2570114136,25619,25629,10
13.0067596436,80.2573471069,25629,25639,10
13.0068397522,80.2575531006,25639,25649,10
13.007109642,80.258102417,25649,25659,10
13.0076599121,80.2586135864,25659,25669,10
13.0083999634,80.2589035034,25669,25679,10
13.0085401535,80.2589416504,25679,25689,10
13.0088596344,80.2590408325,25689,25699,10
13.0095300674,80.2590713501,25699,25710,11
13.0105400085,80.2590866089,25710,25720,10
13.011639595,80.2590866089,25720,25730,10
13.0127897263,80.2591323853,25730,25740,10
13.0139102936,80.2591781616,25740,25750,10
13.0149002075,80.2592086792,25750,25760,10
13.0158500671,80.2593994141,25760,25770,10
13.0164003372,80.2596664429,25770,25780,10
13.0164403915,80.2597122192,25780,25790,10
13.0167598724,80.2599487305,25790,25800,10
13.0173902512,80.2603683472,25800,25810,10
13.0181303024,80.2608795166,25810,25820,10
13.0188302994,80.2614135742,25820,25831,11
13.0195503235,80.2620391846,25831,25841,10
13.0202102661,80.2627334595,25841,25851,10
13.0201301575,80.2630615234,25851,25861,10
13.0194797516,80.2629928589,25861,25871,10
13.0190200806,80.2630691528,25871,25881,10
13.0191202164,80.2637481689,25881,25891,10
13.0190496445,80.2647094727,25891,25901,10
13.0188703537,80.2653427124,25901,25911,10
13.0187501907,80.2658615112,25911,25921,10
13.0187501907,80.2666702271,25921,25931,10
13.0191001892,80.2675704956,25931,25942,11
13.0198202133,80.268447876,25942,25952,10
13.0205097198,80.2693023682,25952,25962,10
13.0211496353,80.2700271606,25962,25972,10
13.0215101242,80.2704162598,25972,25982,10
13.0216798782,80.2706604004,25982,25992,10
13.0220804214,80.2711791992,25992,26002,10
13.0226297379,80.2719192505,26002,26012,10
13.0232601166,80.2727813721,26012,26022,10
13.0239496231,80.273727417,26022,26032,10
13.0245704651,80.2744979858,26032,26042,10
13.025270462,80.274848938,26042,26053,11
13.02546978,80.2749404907,26053,26063,10
13.0258302689,80.2751083374,26063,26073,10
13.0264396667,80.2753982544,26073,26083,10
13.0272197723,80.2757492065,26083,26093,10
13.0280399323,80.2761077881,26093,26103,10
13.0285396576,80.2762985229,26103,26113,10
13.0290203094,80.2764968872,26113,26123,10
13.0296096802,80.2766571045,26123,26133,10
13.0301103592,80.2768173218,26133,26143,10
13.0307998657,80.2770767212,26143,26153,10
13.0313100815,80.277381897,26153,26164,11
13.03166008,80.2775497437,26164,26174,10
13.0322799683,80.2775115967,26174,26184,10
13.032699585,80.2774505615,26184,26194,10
13.032959938,80.2774505615,26194,26204,10
13.0334300995,80.2773590088,26204,26214,10
13.0338602066,80.2773895264,26214,26224,10
13.0343704224,80.2775268555,26224,26234,10
13.0347795486,80.2776184082,26234,26244,10
13.035490036,80.2777481079,26244,26254,10
13.0363302231,80.2779083252,26254,26264,10
13.0371599197,80.2782211304,26264,26275,11
13.0380496979,80.2784576416,26275,26285,10
13.0388698578,80.278678894,26285,26295,10
13.0389995575,80.2787094116,26295,26305,10
13.0393199921,80.2788162231,26305,26315,10
13.0399599075,80.279006958,26315,26325,10
13.0408296585,80.2792434692,26325,26335,10
13.0419197083,80.2794418335,26335,26345,10
13.0431404114,80.2796096802,26345,26406,61
13.0431404114,80.2796096802,26406,26416,10
13.0433397293,80.2796401978,26416,26426,10
13.0439596176,80.2798309326,26426,26436,10
13.0448703766,80.2799987793,26436,26446,10
13.045920372,80.2801437378,26446,26457,11
13.0471496582,80.2803192139,26457,26468,11
13.0483798981,80.2805023193,26468,26478,10
13.049539566,80.2806625366,26478,26488,10
13.0506896973,80.2808303833,26488,26497,9
13.0517501831,80.2809906006,26497,26509,12
13.0532197952,80.2811965942,26509,26519,10
13.0544700623,80.2814102173,26519,26527,8
13.055390358,80.2816009521,26527,26537,10
13.0564203262,80.2817993164,26537,26547,10
13.056599617,80.281829834,26547,26557,10
13.0567302704,80.2818527222,26557,26567,10
13.05727005,80.2819671631,26567,26579,12
13.0581903458,80.2821731567,26579,26587,8
13.0589895248,80.2823410034,26587,26599,12
13.0601701736,80.2825775146,26599,26610,11
13.0613002777,80.2828216553,26610,26620,10
13.0623502731,80.2830200195,26620,26630,10
13.063369751,80.283241272,26630,26640,10
13.0639600754,80.2833786011,26640,26670,30
13.0639600754,80.2833786011,26670,26680,10
13.0642900467,80.2835006714,26680,26690,10
13.0649595261,80.2836685181,26690,26700,10
13.0659303665,80.2838821411,26700,26710,10
13.0670604706,80.2841415405,26710,26720,10
13.0681495667,80.2843170166,26720,26731,11
13.0693798065,80.2846069336,26731,26741,10
13.0704603195,80.2848815918,26741,26751,10
13.0715999603,80.2851409912,26751,26761,10
13.0727701187,80.2853622437,26761,26771,10
13.0738296509,80.2854690552,26771,26781,10
13.0744600296,80.2861404419,26781,26791,10
13.0752696991,80.2866592407,26791,26801,10
13.0762195587,80.2870635986,26801,26811,10
13.0773496628,80.2873916626,26811,26821,10
13.0784301758,80.287651062,26821,26832,11
13.0796403885,80.2880706787,26832,26842,10
13.0806303024,80.2882614136,26842,26852,10
13.0814304352,80.288520813,26852,26862,10
13.082449913,80.2889099121,26862,26872,10
13.0834302902,80.2892074585,26872,26882,10
13.0844297409,80.2891769409,26882,26892,10
13.085559845,80.2892227173,26892,26902,10
13.0866203308,80.2894973755,26902,26912,10
13.0875701904,80.2898330688,26912,26922,10
13.088760376,80.2901687622,26922,26943,21
13.088760376,80.2901687622,26943,26953,10
13.088809967,80.2901611328,26953,26963,10
13.0887899399,80.2904434204,26963,26973,10
13.0882396698,80.290222168,26973,26983,10
13.0874300003,80.2899169922,26983,26993,10
13.0864200592,80.2896118164,26993,27003,10
13.0856800079,80.2892684937,27003,27013,10
13.0852804184,80.28855896,27013,27023,10
13.085149765,80.2875976563,27023,27033,10
13.0852203369,80.2864532471,27033,27043,10
13.0853395462,80.2852401733,27043,27054,11
13.085269928,80.2842178345,27054,27064,10
13.0853900909,80.2838668823,27064,27074,10
13.0855102539,80.2835693359,27074,27084,10
13.0857696533,80.2835388184,27084,27094,10
13.0861701965,80.2835388184,27094,27104,10
13.0864295959,80.2837219238,27104,27114,10
13.0866203308,80.2838592529,27114,27134,20
13.0866203308,80.2838592529,27134,27144,10
13.0869703293,80.2839431763,27144,27153,9
13.0871601105,80.2839126587,27153,27165,12
13.0873203278,80.2839126587,27165,27175,10
13.0876703262,80.2839431763,27175,27265,90
13.0876703262,80.2839431763,27265,27276,11
13.08796978,80.2840805054,27276,27438,162
13.08796978,80.2840805054,27438,27448,10
13.0881595612,80.2838287354,27448,27456,8
13.0882396698,80.2836380005,27456,27467,11
13.0883197784,80.2832717896,27467,27478,11
13.0883398056,80.282661438,27478,27488,10
13.0883197784,80.2822418213,27488,27499,11
13.088139534,80.2816696167,27499,27509,10
13.0883703232,80.2814483643,27509,27519,10
13.0885801315,80.2816619873,27519,27528,9
13.0884799957,80.2820663452,27528,27538,10
13.0883998871,80.2825164795,27538,27549,11
13.088350296,80.2828826904,27549,27559,10
13.0883302689,80.2832794189,27559,27569,10
13.0883598328,80.2834014893,27569,27579,10
13.0883903503,80.2837371826,27579,27588,9
13.0883998871,80.2842788696,27588,27598,10
13.0884304047,80.2849197388,27598,27610,12
13.0884799957,80.2856063843,27610,27620,10
13.0885095596,80.2861099243,27620,27630,10
13.08852005,80.2864227295,27630,27640,10
13.0885601044,80.2867126465,27640,27650,10
13.0886001587,80.2871627808,27650,27660,10
13.0886201859,80.2874984741,27660,27670,10
13.0886602402,80.2878265381,27670,27680,10
13.0887098312,80.2883682251,27680,27688,8
13.0887403488,80.2885818481,27688,27698,10
13.0887899399,80.2892532349,27698,27721,23
13.0887899399,80.2892532349,27721,27731,10
13.0887498856,80.2896499634,27731,27741,10
13.0887699127,80.2902297974,27741,27751,10
13.08852005,80.2903594971,27751,27761,10
13.0881004333,80.2901306152,27761,27771,10
13.0875396729,80.2898635864,27771,27781,10
13.0868501663,80.2895965576,27781,27791,10
13.0859804153,80.2893600464,27791,27801,10
13.0852298737,80.2891693115,27801,27811,10
13.0843400955,80.2891998291,27811,27821,10
13.0835599899,80.2892227173,27821,27832,11
13.0826997757,80.2890930176,27832,27842,10
13.0818901062,80.288772583,27842,27852,10
13.0810604095,80.2884597778,27852,27862,10
13.0802602768,80.288269043,27862,27872,10
13.0799798965,80.2882080078,27872,27882,10
13.0794000626,80.2880935669,27882,27892,10
13.078619957,80.2877426147,27892,27902,10
13.0776500702,80.2874984741,27902,27912,10
13.0765695572,80.2872085571,27912,27922,10
13.0755300522,80.2868881226,27922,27932,10
13.0746297836,80.2863311768,27932,27943,11
13.0736198425,80.2860183716,27943,27953,10
13.0728502274,80.2856674194,27953,27963,10
13.0719099045,80.2852935791,27963,27973,10
13.0708599091,80.2850189209,27973,27983,10
13.0697002411,80.2847518921,27983,27993,10
13.0686397552,80.2845230103,27993,28003,10
13.0676298141,80.2843322754,28003,28013,10
13.0665397644,80.2841033936,28013,28023,10
13.0655097961,80.2838592529,28023,28033,10
13.0645704269,80.2836380005,28033,28043,10
13.063659668,80.283416748,28043,28054,11
13.0627498627,80.283203125,28054,28064,10
13.0624904633,80.2831497192,28064,28074,10
13.0621204376,80.2830581665,28074,28084,10
13.0613899231,80.2828903198,28084,28094,10
13.0604896545,80.2826919556,28094,28104,10
13.0595302582,80.2824935913,28104,28114,10
13.0586004257,80.2823028564,28114,28124,10
13.0579595566,80.2821807861,28124,28134,10
13.0577402115,80.2821273804,28134,28144,10
13.0573501587,80.2820281982,28144,28154,10
13.0568799973,80.2819519043,28154,28165,11
13.0567903519,80.2819290161,28165,28175,10
13.0563697815,80.2818222046,28175,28185,10
13.0560903549,80.2817611694,28185,28195,10
13.0556898117,80.2816772461,28195,28205,10
13.0549602509,80.2815322876,28205,28215,10
13.0539903641,80.2813415527,28215,28225,10
13.0528898239,80.2811889648,28225,28235,10
13.0518198013,80.2810287476,28235,28245,10
13.050909996,80.2808990479,28245,28255,10
13.0501804352,80.2807617188,28255,28265,10
13.0492801666,80.280632019,28265,28276,11
13.0480098724,80.2804489136,28276,28286,10
13.0467300415,80.2802734375,28286,28296,10
13.0456800461,80.280128479,28296,28306,10
13.0445404053,80.2799987793,28306,28316,10
13.0434598923,80.279838562,28316,28326,10
13.0423498154,80.2795715332,28326,28336,10
13.0411500931,80.2793807983,28336,28346,10
13.0400695801,80.2791290283,28346,28356,10
13.0390701294,80.2788696289,28356,28376,20
13.0390701294,80.2788696289,28376,28387,11
13.0387601852,80.2787704468,28387,28397,10
13.0382003784,80.2785797119,28397,28407,10
13.0374498367,80.2783584595,28407,28417,10
13.0365896225,80.2780609131,28417,28427,10
13.0356397629,80.2778015137,28427,28437,10
13.0347995758,80.2776412964,28437,28447,10
13.0341396332,80.2774810791,28447,28457,10
13.0337600708,80.277381897,28457,28467,10
13.0332698822,80.2774505615,28467,28477,10
13.0326900482,80.2774887085,28477,28487,10
13.0319404602,80.277557373,28487,28498,11
13.0311403275,80.2773971558,28498,28509,11
13.0309095383,80.2772827148,28509,28519,10
13.0307197571,80.2771606445,28519,28529,10
13.0301198959,80.2768630981,28529,28538,9
13.0294399261,80.2766494751,28538,28548,10
13.0286102295,80.2763824463,28548,28558,10
13.0278196335,80.2760391235,28558,28568,10
13.0268201828,80.2755889893,28568,28578,10
13.0260601044,80.2752838135,28578,28588,10
13.0260295868,80.2752685547,28588,28598,10
13.0258703232,80.2751998901,28598,28610,12
13.025179863,80.2749023438,28610,28620,10
13.0244598389,80.2744903564,28620,28630,10
13.0242595673,80.2742462158,28630,28640,10
13.0239496231,80.2738265991,28640,28649,9
13.0235204697,80.2732391357,28649,28659,10
13.0229501724,80.2724609375,28659,28670,11
13.0221996307,80.2714996338,28670,28680,10
13.0215702057,80.2706604004,28680,28690,10
13.0210103989,80.2700195313,28690,28700,10
13.0208597183,80.2698287964,28700,28709,9
13.02064991,80.26953125,28709,28721,12
13.020070076,80.2687911987,28721,28731,10
13.0194301605,80.2680435181,28731,28741,10
13.0187797546,80.2671737671,28741,28751,10
13.0186004639,80.2661514282,28751,28761,10
13.0187196732,80.2655181885,28761,28771,10
13.0189599991,80.2647399902,28771,28781,10
13.0190401077,80.2637481689,28781,28791,10
13.0189695358,80.2633285522,28791,28799,8
13.0188999176,80.2628707886,28799,28811,12
13.0187597275,80.2618484497,28811,28821,10
13.0184202194,80.2611312866,28821,28832,11
13.0175600052,80.2605514526,28832,28842,10
13.0166196823,80.2599487305,28842,28852,10
13.0161399841,80.2597122192,28852,28860,8
13.0161104202,80.2596893311,28860,28872,12
13.0156297684,80.2594985962,28872,28882,10
13.0149497986,80.2593383789,28882,28892,10
13.0140800476,80.2593002319,28892,28902,10
13.0130596161,80.259262085,28902,28912,10
13.0119104385,80.2592086792,28912,28922,10
13.0108499527,80.2591781616,28922,28932,10
13.0096797943,80.2591629028,28932,28943,11
13.0084600449,80.2591171265,28943,28953,10
13.0074195862,80.2586898804,28953,28963,10
13.0067501068,80.2578277588,28963,28973,10
13.0065402985,80.2567901611,28973,28983,10
13.0065603256,80.255607605,28983,28993,10
13.0065002441,80.2544708252,28993,29002,9
13.0065002441,80.2541275024,29002,29013,11
13.0065097809,80.2539520264,29013,29023,10
13.0065202713,80.25340271,29023,29033,10
13.006529808,80.2526016235,29033,29043,10
13.0066900253,80.2517776489,29043,29054,11
13.0067596436,80.250793457,29054,29064,10
13.0067501068,80.2498931885,29064,29074,10
13.0067396164,80.2491073608,29074,29084,10
13.0066995621,80.2484512329,29084,29094,10
13.0066699982,80.2480392456,29094,29124,30
13.0066699982,80.2480392456,29124,29134,10
13.0066795349,80.2480010986,29134,29144,10
13.0066795349,80.2476272583,29144,29153,9
13.0066795349,80.2471618652,29153,29165,12
13.0066299438,80.2467727661,29165,29175,10
13.0065898895,80.2466964722,29175,29185,10
13.006649971,80.2462692261,29185,29195,10
13.0066604614,80.2455596924,29195,29205,10
13.0066604614,80.2447967529,29205,29215,10
13.0066604614,80.2440109253,29215,29225,10
13.0066204071,80.2431106567,29225,29235,10
13.0065898895,80.2420578003,29235,29245,10
13.0066604614,80.2411193848,29245,29255,10
13.0067996979,80.2403030396,29255,29265,10
13.0069704056,80.2393035889,29265,29276,11
13.0072002411,80.2380828857,29276,29286,10
13.0074300766,80.2368392944,29286,29306,20
13.0074300766,80.2368392944,29306,29316,10
13.0075302124,80.2365112305,29316,29326,10
13.0076503754,80.2359390259,29326,29336,10
13.007809639,80.2351608276,29336,29346,10
13.0080003738,80.2342376709,29346,29355,9
13.0082101822,80.2331924438,29355,29366,11
13.0084896088,80.2317886353,29366,29376,10
13.0087404251,80.2304992676,29376,29387,11
13.0089998245,80.2291870117,29387,29397,10
13.0092401505,80.2281036377,29397,29407,10
13.0096998215,80.2269821167,29407,29417,10
13.010219574,80.2258682251,29417,29427,10
13.0106201172,80.2249984741,29427,29437,10
13.0109195709,80.2243118286,29437,29447,10
13.0112304688,80.2235336304,29447,29457,10
13.011179924,80.2230834961,29457,29467,10
13.0105600357,80.2227783203,29467,29474,7
13.0100402832,80.2225112915,29474,29487,13
13.0089197159,80.2219161987,29487,29498,11
13.0079402924,80.2213973999,29498,29508,10
13.0070800781,80.2209472656,29508,29520,12
13.0060501099,80.2205581665,29520,29530,10
13.0051002502,80.2203521729,29530,29540,10
13.0041999817,80.2201385498,29540,29550,10
13.0032997131,80.2199401855,29550,29560,10
13.002409935,80.2195205688,29560,29570,10
13.0017900467,80.2188262939,29570,29579,9
13.0011100769,80.2182998657,29579,29590,11
13.0002603531,80.2177276611,29590,29600,10
12.9994497299,80.2171936035,29600,29611,11
12.9985904694,80.2167816162,29611,29621,10
12.9977197647,80.2165527344,29621,29631,10
12.9975004196,80.2165374756,29631,29639,8
12.9974298477,80.2165298462,29639,29649,10
12.9970798492,80.2165527344,29649,29661,12
12.9963598251,80.2166213989,29661,29669,8
12.9957399368,80.2167663574,29669,29681,12
12.9948301315,80.2172470093,29681,29691,10
12.9941596985,80.2177429199,29691,29700,9
12.993470192,80.2182235718,29700,29710,10
12.9927501678,80.21875,29710,29722,12
12.9918203354,80.2194213867,29722,29732,10
12.991109848,80.2199630737,29732,29742,10
12.9908504486,80.220161438,29742,29752,10
12.9907503128,80.2202529907,29752,29762,10
12.9903497696,80.2205810547,29762,29772,10
12.989780426,80.2211380005,29772,29782,10
12.9892501831,80.2217636108,29782,29792,10
12.9887104034,80.2223434448,29792,29802,10
12.9880504608,80.2229232788,29802,29812,10
12.9877500534,80.2230987549,29812,29822,10
12.9875802994,80.2231063843,29822,29833,11
12.9871196747,80.2230606079,29833,29843,10
12.9865999222,80.2229690552,29843,29853,10
12.9858798981,80.2229919434,29853,29863,10
12.9855098724,80.2232818604,29863,29873,10
12.9850997925,80.2232284546,29873,29883,10
12.9845104218,80.2229614258,29883,29893,10
12.9839401245,80.2226104736,29893,29903,10
12.9835300446,80.2223510742,29903,29913,10
12.9833097458,80.2222213745,29913,29923,10
12.9832000732,80.22215271,29923,29932,9
12.9829902649,80.2220230103,29932,29944,12
12.9826803207,80.221862793,29944,29954,10
12.982170105,80.2216873169,29954,29964,10
12.9817399979,80.2213821411,29964,29974,10
12.9811000824,80.2210693359,29974,29984,10
12.9803104401,80.2210998535,29984,29994,10
12.9794998169,80.2211608887,29994,30004,10
12.9787197113,80.2211914063,30004,30014,10
12.9779701233,80.2212219238,30014,30024,10
12.9772500992,80.2212371826,30024,30034,10
12.9765396118,80.221282959,30034,30166,132
12.9765396118,80.221282959,30166,30176,10
12.9763002396,80.2211685181,30176,30186,10
12.9761199951,80.2213821411,30186,30196,10
12.976559639,80.2220611572,30196,30327,131
12.9765300751,80.2222900391,30327,30388,61
12.9765300751,80.2222900391,30388,30398,10
12.976650238,80.2221603394,30398,30498,100
12.9765996933,80.2220993042,30498,30579,81
12.9766597748,80.2221298218,30579,30800,221
12.9765501022,80.2221221924,30800,30853,53
12.9765396118,80.2221984863,30853,31629,776
12.9765396118,80.2221984863,31629,31640,11
12.9766597748,80.2222976685,31640,31650,10
12.9768295288,80.2225723267,31650,31660,10
12.9770402908,80.2227630615,31660,31670,10
12.9773797989,80.2227020264,31670,31680,10
12.9775104523,80.2224731445,31680,31690,10
12.9775104523,80.2220611572,31690,31700,10
12.9774799347,80.2214813232,31700,31710,10
12.9775295258,80.2212219238,31710,31721,11
12.9779901505,80.221206665,31721,31731,10
12.9786901474,80.2211303711,31731,31740,9
12.9793701172,80.2210769653,31740,31752,12
12.9803199768,80.2210388184,31752,31760,8
12.9809799194,80.2210006714,31760,31772,12
12.9818096161,80.2214279175,31772,31781,9
12.9822797775,80.2217407227,31781,31792,11
12.9828996658,80.2219161987,31792,31802,10
12.9830102921,80.2219924927,31802,31812,10
12.9831199646,80.2220611572,31812,31822,10
12.9833803177,80.2222366333,31822,31832,10
12.9837703705,80.2225112915,31832,31841,9
12.9842596054,80.2227783203,31841,31852,11
12.9848499298,80.2231521606,31852,31863,11
12.9853897095,80.2233200073,31863,31873,10
12.9856300354,80.2231292725,31873,31883,10
12.9865102768,80.2229690552,31883,31903,20
12.9865102768,80.2229690552,31903,31913,10
12.9868497849,80.2229995728,31913,31921,8
12.9872598648,80.2230529785,31921,31933,12
12.9880304337,80.2228927612,31933,31943,10
12.9886598587,80.2223205566,31943,31951,8
12.9891195297,80.2218093872,31951,31963,12
12.9895401001,80.2212371826,31963,31974,11
12.9901304245,80.2205963135,31974,31984,10
12.9905500412,80.2202606201,31984,31994,10
12.9906902313,80.2201766968,31994,32004,10
12.9909896851,80.2199325562,32004,32014,10
12.9915800095,80.2194976807,32014,32024,10
12.9922504425,80.2190170288,32024,32034,10
12.9929895401,80.2184829712,32034,32044,10
12.9937696457,80.2179107666,32044,32054,10
12.9945201874,80.2173614502,32054,32064,10
12.9953298569,80.2168197632,32064,32073,9
12.9963102341,80.2165374756,32073,32085,12
12.9974803925,80.2164535522,32085,32093,8
12.9976396561,80.216468811,32093,32105,12
12.997710228,80.2164764404,32105,32115,10
12.9980697632,80.2165527344,32115,32125,10
12.9986400604,80.2167434692,32125,32135,10
12.9993400574,80.2171020508,32135,32145,10
13.0001001358,80.2175674438,32145,32155,10
13.0008401871,80.2180404663,32155,32165,10
13.0016002655,80.2185668945,32165,32175,10
13.0022602081,80.2192382813,32175,32185,10
13.0030698776,80.2198181152,32185,32196,11
13.0041399002,80.2201004028,32196,32206,10
13.0052995682,80.2203598022,32206,32216,10
13.0065402985,80.2206268311,32216,32226,10
13.0077400208,80.2212295532,32226,32234,8
13.0087003708,80.2217483521,32234,32246,12
13.010140419,80.2225418091,32246,32256,10
13.0112304688,80.2230377197,32256,32266,10
13.0116195679,80.2233276367,32266,32276,10
13.0120401382,80.2235565186,32276,32286,10
13.0126895905,80.2239303589,32286,32296,10
13.0131998062,80.2241592407,32296,32307,11
13.0134496689,80.224319458,32307,32317,10
13.0138902664,80.2245407104,32317,32367,50
13.0138902664,80.2245407104,32367,32377,10
13.0142097473,80.2247695923,32377,32458,81
13.0145597458,80.2249298096,32458,32478,20
13.0145597458,80.2249298096,32478,32488,10
13.0146303177,80.2249679565,32488,32498,10
13.0148296356,80.2250671387,32498,32579,81
13.0148296356,80.2250671387,32579,32589,10
13.0151901245,80.2252197266,32589,32599,10
13.015370369,80.2253265381,32599,32609,10
13.0154304504,80.2256164551,32609,32619,10
13.0151796341,80.2258377075,32619,32629,10
13.015080452,80.2258911133,32629,32639,10
13.0147399902,80.225982666,32639,32650,11
13.0143098831,80.2262496948,32650,32660,10
13.0140895844,80.2263565063,32660,32670,10
13.0135297775,80.2265701294,32670,32680,10
13.0127601624,80.2268600464,32680,32690,10
13.011879921,80.2272109985,32690,32700,10
13.01101017,80.2275619507,32700,32710,10
13.0100898743,80.2279510498,32710,32720,10
13.0092401505,80.2284088135,32720,32730,10
13.0089597702,80.2294769287,32730,32740,10
13.0087203979,80.2307281494,32740,32750,10
13.0084600449,80.2320632935,32750,32760,10
13.0082902908,80.2331924438,32760,32770,10
13.0082597733,80.2334899902,32770,32782,12
13.0082197189,80.2336120605,32782,32790,8
13.0081596375,80.2338562012,32790,32800,10
13.0080604553,80.2343673706,32800,32810,10
13.0079097748,80.2351226807,32810,32822,12
13.0076999664,80.2361679077,32822,32830,8
13.0075302124,80.2370376587,32830,32840,10
13.0073404312,80.238067627,32840,32852,12
13.0071001053,80.2392272949,32852,32862,10
13.0069999695,80.2397766113,32862,32872,10
13.0070199966,80.2398605347,32872,32881,9
13.006939888,80.2402496338,32881,32892,11
13.0069303513,80.240562439,32892,32902,10
13.0069103241,80.2406234741,32902,32912,10
13.0068101883,80.2410583496,32912,32922,10
13.0067501068,80.2417373657,32922,32933,11
13.0067195892,80.2426528931,32933,32942,9
13.0067100525,80.2433319092,32942,32952,10
13.0067195892,80.2441101074,32952,32963,11
13.0067796707,80.2452087402,32963,32972,9
13.0067100525,80.2460784912,32972,32983,11
13.0067100525,80.2470397949,32983,32994,11
13.0067300797,80.2480621338,32994,33004,10
13.0067901611,80.2492370605,33004,33014,10
13.0068397522,80.2506103516,33014,33024,10
13.0067396164,80.2519607544,33024,33034,10
13.0065698624,80.2532272339,33034,33044,10
13.0066099167,80.2544631958,33044,33054,10
13.006649971,80.2557067871,33054,33064,10
13.0066404343,80.2566375732,33064,33074,10
13.0067300797,80.2570419312,33074,33084,10
13.0067901611,80.2574386597,33084,33095,11
13.0070295334,80.2580413818,33095,33105,10
13.0075798035,80.2586135864,33105,33115,10
13.0084896088,80.2589492798,33115,33125,10
13.0086297989,80.2590026855,33125,33135,10
13.0087203979,80.2590637207,33135,33145,10
13.0091495514,80.2591094971,33145,33155,10
13.0098800659,80.2590866089,33155,33165,10
13.0108499527,80.2591018677,33165,33175,10
13.0120096207,80.2590789795,33175,33185,10
13.0133199692,80.2591323853,33185,33195,10
13.0147304535,80.2591781616,33195,33205,10
13.0159502029,80.2593765259,33205,33216,11
13.0164003372,80.2596282959,33216,33226,10
13.016409874,80.2596588135,33226,33236,10
13.0167398453,80.2599182129,33236,33246,10
13.017370224,80.2603607178,33246,33256,10
13.0181703568,80.2609024048,33256,33266,10
13.0189399719,80.2614593506,33266,33276,10
13.0196304321,80.2620925903,33276,33286,10
13.0202903748,80.2627105713,33286,33296,10
13.0203199387,80.2630233765,33296,33306,10
13.0197296143,80.2629776001,33306,33316,10
13.0190696716,80.2629699707,33316,33327,11
13.019080162,80.2636566162,33327,33337,10
13.0190696716,80.2645568848,33337,33345,8
13.0188598633,80.2652587891,33345,33357,12
13.0187101364,80.2658996582,33357,33365,8
13.0187196732,80.2665786743,33365,33377,12
13.0192298889,80.2677307129,33377,33387,10
13.0200004578,80.2686691284,33387,33397,10
13.0206899643,80.2695388794,33397,33407,10
13.0213403702,80.2703094482,33407,33417,10
13.0220603943,80.2712097168,33417,33427,10
13.0228099823,80.2721862793,33427,33440,13
13.0238103867,80.2735519409,33440,33480,40
13.0238103867,80.2735519409,33480,33490,10
13.0239200592,80.2737426758,33490,33500,10
13.0242996216,80.2742233276,33500,33510,10
13.0246801376,80.2746124268,33510,33520,10
13.0250101089,80.2747802734,33520,33530,10
13.0254402161,80.2749328613,33530,33540,10
13.0255498886,80.2750015259,33540,33551,11
13.0260601044,80.2752380371,33551,33561,10
13.0267496109,80.2755432129,33561,33571,10
13.0274896622,80.2759017944,33571,33581,10
13.0282897949,80.276260376,33581,33591,10
13.0290403366,80.2765426636,33591,33601,10
13.0297698975,80.2767181396,33601,33611,10
13.0303001404,80.2769012451,33611,33622,11
13.0309896469,80.2773132324,33622,33632,10
13.0317697525,80.2775802612,33632,33642,10
13.0325403214,80.2775115967,33642,33650,8
13.032910347,80.2774887085,33650,33671,21
13.032910347,80.2774887085,33671,33683,12
13.033080101,80.2774581909,33683,33693,10
13.033539772,80.2773666382,33693,33703,10
13.0340003967,80.2774276733,33703,33713,10
13.0344800949,80.277557373,33713,33721,8
13.0348901749,80.2776412964,33721,33732,11
13.035490036,80.2777481079,33732,33743,11
13.035779953,80.2778015137,33743,33752,9
13.0360603333,80.2778320313,33752,33763,11
13.0367603302,80.2780532837,33763,33772,9
13.0373601913,80.2782974243,33772,33784,12
13.0382795334,80.2785415649,33784,33792,8
13.0388498306,80.2787017822,33792,33804,12
13.0389900208,80.2787628174,33804,33812,8
13.0393104553,80.2788772583,33812,33822,10
13.0399904251,80.279083252,33822,33832,10
13.0409202576,80.279296875,33832,33842,10
13.0420198441,80.2795028687,33842,33852,10
13.0431003571,80.2796401978,33852,33915,63
13.0431003571,80.2796401978,33915,33925,10
13.0432796478,80.2796630859,33925,33935,10
13.0438098907,80.2798080444,33935,33945,10
13.0446996689,80.2799682617,33945,33955,10
13.045800209,80.2801208496,33955,33965,10
13.0469398499,80.2802810669,33965,33975,10
13.0481996536,80.280456543,33975,33985,10
13.0493898392,80.280632019,33985,33995,10
13.0503797531,80.2807769775,33995,34006,11
13.0512199402,80.2809066772,34006,34016,10
13.0522203445,80.2810592651,34016,34026,10
13.0533399582,80.2812423706,34026,34036,10
13.0544900894,80.2814483643,34036,34046,10
13.0556297302,80.2816772461,34046,34056,10
13.0564603806,80.281829834,34056,34066,10
13.056520462,80.2818374634,34066,34076,10
13.0567998886,80.2818984985,34076,34085,9
13.0573501587,80.2819976807,34085,34096,11
13.0582704544,80.2822036743,34096,34106,10
13.0593500137,80.2824401855,34106,34117,11
13.060669899,80.2827224731,34117,34136,19
13.06291008,80.2831878662,34136,34144,8
13.0633096695,80.2832717896,34144,34157,13
13.0638198853,80.2833786011,34157,34197,40
13.0638198853,80.2833786011,34197,34207,10
13.0638799667,80.2834014893,34207,34216,9
13.0642995834,80.2835083008,34216,34228,12
13.0652704239,80.2837371826,34228,34238,10
13.0663900375,80.2840118408,34238,34248,10
13.0675697327,80.2842712402,34248,34258,10
13.0685100555,80.2844161987,34258,34268,10
13.0695400238,80.2846603394,34268,34278,10
13.0705099106,80.2848968506,34278,34288,10
13.0712099075,80.2850494385,34288,34298,10
13.0720996857,80.2852783203,34298,34308,10
13.0732498169,80.2853469849,34308,34318,10
13.0741596222,80.2858505249,34318,34327,9
13.0749197006,80.2864379883,34327,34339,12
13.0755701065,80.2868118286,34339,34349,10
13.0762796402,80.2870788574,34349,34359,10
13.0771303177,80.2873077393,34359,34369,10
13.0778999329,80.2874908447,34369,34379,10
13.0788297653,80.2877578735,34379,34389,10
13.0796499252,80.2880630493,34389,34399,10
13.079990387,80.2881011963,34399,34409,10
13.0804395676,80.2882385254,34409,34419,10
13.0809402466,80.2883605957,34419,34429,10
13.0817203522,80.2886505127,34429,34439,10
13.0827102661,80.2890625,34439,34450,11
13.0838699341,80.2891998291,34450,34460,10
13.0848703384,80.2891693115,34460,34470,10
13.0859003067,80.2893066406,34470,34480,10
13.0869998932,80.2896194458,34480,34490,10
13.0880899429,80.2900466919,34490,34500,10
13.0887804031,80.2901611328,34500,34510,10
13.0888500214,80.2902832031,34510,34520,10
13.0885000229,80.2904205322,34520,34530,10
13.0878200531,80.2900695801,34530,34540,10
13.0869398117,80.2897491455,34540,34549,9
13.0860700607,80.2895202637,34549,34561,12
13.0854501724,80.2888717651,34561,34571,10
13.085149765,80.2880325317,34571,34581,10
13.0851602554,80.2870178223,34581,34591,10
13.0852499008,80.2859573364,34591,34601,10
13.0853395462,80.2849731445,34601,34611,10
13.0852603912,80.2842330933,34611,34621,10
13.0852804184,80.2840194702,34621,34632,11
13.0854501724,80.2836380005,34632,34642,10
13.0857400894,80.2835235596,34642,34653,11
13.0861597061,80.2835388184,34653,34662,9
13.086350441,80.2836990356,34662,34674,12
13.086689949,80.2838973999,34674,34714,40
13.086689949,80.2838973999,34714,34724,10
13.0868797302,80.2839889526,34724,35198,474
13.0868797302,80.2839889526,35198,35208,10
13.0874300003,80.2839202881,35208,35350,142
13.0878000259,80.2839508057,35350,35481,131
13.0881595612,80.2839508057,35481,35531,50
13.0881595612,80.2839508057,35531,35541,10
13.0883102417,80.2834396362,35541,35551,10
13.0883197784,80.2828979492,35551,35560,9
13.0883197784,80.2822799683,35560,35571,11
13.0881204605,80.2815170288,35571,35582,11
13.0885095596,80.2814331055,35582,35592,10
13.0885295868,80.2819671631,35592,35602,10
13.0884199142,80.282661438,35602,35612,10
13.0883703232,80.2831497192,35612,35622,10
13.0883998871,80.2838363647,35622,35632,10
13.0884399414,80.2845916748,35632,35642,10
13.0885095596,80.2853469849,35642,35652,10
13.0885601044,80.2859725952,35652,35662,10
13.088549614,80.2863388062,35662,35672,10
13.0885696411,80.2866973877,35672,35682,10
13.0886297226,80.287322998,35682,35694,12
13.0886602402,80.2876815796,35694,35702,8
13.0887002945,80.2880630493,35702,35712,10
13.0887403488,80.2884979248,35712,35722,10
13.0887002945,80.2885971069,35722,35733,11
13.088760376,80.2892379761,35733,35742,9
13.0887804031,80.2900085449,35742,35804,62
13.0887804031,80.2900085449,35804,35815,11
13.0886602402,80.290512085,35815,35824,9
13.0882997513,80.2903213501,35824,35835,11
13.0875196457,80.2898864746,35835,35844,9
13.0867795944,80.2895736694,35844,35855,11
13.0856704712,80.2892837524,35855,35864,9
13.0848302841,80.2890472412,35864,35873,9
13.0838003159,80.2891311646,35873,35884,11
13.0827503204,80.2890472412,35884,35894,10
13.0818099976,80.2886962891,35894,35904,10
13.0809497833,80.2883987427,35904,35916,12
13.080280304,80.2882232666,35916,35926,10
13.080160141,80.2882080078,35926,35936,10
13.0796499252,80.2881317139,35936,35946,10
13.0788898468,80.2878417969,35946,35956,10
13.0780801773,80.2875595093,35956,35966,10
13.0772104263,80.287361145,35966,35976,10
13.0761899948,80.2871017456,35976,35986,10
13.0752496719,80.2867279053,35986,35996,10
13.0743503571,80.2861633301,35996,36006,10
13.0732498169,80.2858886719,36006,36016,10
13.0722198486,80.2853469849,36016,36027,11
13.0708303452,80.2850036621,36027,36037,10
13.0694704056,80.2846908569,36037,36047,10
13.0682296753,80.2843780518,36047,36057,10
13.0669603348,80.2841491699,36057,36067,10
13.0657396317,80.2838821411,36067,36077,10
13.0646400452,80.2836380005,36077,36087,10
13.0636100769,80.2833862305,36087,36097,10
13.0628004074,80.2832107544,36097,36107,10
13.0625600815,80.2831573486,36107,36117,10
13.0623502731,80.2831115723,36117,36128,11
13.0617198944,80.282951355,36128,36138,10
13.0608501434,80.2827606201,36138,36148,10
13.0597896576,80.2825317383,36148,36158,10
13.0585603714,80.2822875977,36158,36168,10
13.0573797226,80.2820587158,36168,36178,10
13.0567998886,80.2819366455,36178,36188,10
13.0566396713,80.2818984985,36188,36198,10
13.0560598373,80.2817611694,36198,36208,10
13.0552196503,80.2815933228,36208,36218,10
13.0541496277,80.2813720703,36218,36228,10
13.0529298782,80.2811584473,36228,36238,10
13.0516195297,80.2809677124,36238,36249,11
13.050330162,80.2807769775,36249,36259,10
13.0491600037,80.2806091309,36259,36269,10
13.0479602814,80.2804412842,36269,36279,10
13.0466899872,80.2802734375,36279,36289,10
13.0453300476,80.280090332,36289,36299,10
13.0442495346,80.2799682617,36299,36309,10
13.0437402725,80.2798919678,36309,36319,10
13.0437297821,80.279876709,36319,36329,10
13.0435600281,80.2798461914,36329,36339,10
13.0430803299,80.2797470093,36339,36349,10
13.042309761,80.279586792,36349,36359,10
13.0413198471,80.2794113159,36359,36370,11
13.0401496887,80.2791595459,36370,36380,10
13.0395202637,80.2789993286,36380,36390,10
13.0392198563,80.2788925171,36390,36400,10
13.0391597748,80.2788619995,36400,36410,10
13.0388097763,80.2787322998,36410,36420,10
13.0381202698,80.2785415649,36420,36430,10
13.0373497009,80.2783126831,36430,36440,10
13.0365200043,80.2779998779,36440,36450,10
13.0357198715,80.2778015137,36450,36460,10
13.0350704193,80.2776489258,36460,36470,10
13.033829689,80.2773895264,36470,36491,21
13.033829689,80.2773895264,36491,36501,10
13.0336999893,80.2773513794,36501,36511,10
13.0332298279,80.2774505615,36511,36521,10
13.0326404572,80.2774734497,36521,36531,10
13.0320100784,80.2775268555,36531,36541,10
13.0314903259,80.2775421143,36541,36551,10
13.0311203003,80.2773284912,36551,36561,10
13.0310697556,80.2772979736,36561,36571,10
13.0309200287,80.2772216797,36571,36582,11
13.0305700302,80.2770080566,36582,36592,10
13.030090332,80.2768630981,36592,36602,10
13.0292701721,80.2766036987,36602,36612,10
13.0286302567,80.2763595581,36612,36622,10
13.0279102325,80.2760467529,36622,36632,10
13.0270795822,80.2757110596,36632,36642,10
13.0263299942,80.2753295898,36642,36652,10
13.0262098312,80.2752685547,36652,36662,10
13.0258798599,80.275138855,36662,36672,10
13.025270462,80.2749023438,36672,36682,10
13.024479866,80.2744598389,36682,36692,10
13.0239095688,80.2737503052,36692,36703,11
13.0232400894,80.2728271484,36703,36713,10
13.0225296021,80.2719116211,36713,36723,10
13.0219402313,80.2711486816,36723,36735,12
13.0214099884,80.2704772949,36735,36745,10
13.0211400986,80.2701721191,36745,36764,19
13.0211400986,80.2701721191,36764,36774,10
13.0208702087,80.2698974609,36774,36784,10
13.0204200745,80.2693405151,36784,36796,12
13.0197496414,80.2685089111,36796,36807,11
13.019200325,80.2678222656,36807,36817,10
13.0187501907,80.2671585083,36817,36827,10
13.0186100006,80.2663879395,36827,36837,10
13.0186395645,80.2657928467,36837,36847,10
13.0188398361,80.2650604248,36847,36855,8
13.0190296173,80.2644119263,36855,36867,12
13.0190000534,80.263633728,36867,36877,10
13.0189504623,80.2633285522,36877,36887,10
13.0188703537,80.2627410889,36887,36897,10
13.0187902451,80.2619628906,36897,36907,10
13.0186901093,80.2613830566,36907,36917,10
13.0182800293,80.2610626221,36917,36928,11
13.0177001953,80.2606430054,36928,36938,10
13.0171804428,80.260269165,36938,36948,10
13.016699791,80.2599563599,36948,36958,10
13.0161600113,80.2596817017,36958,36968,10
13.0161304474,80.2596664429,36968,36978,10
13.0157804489,80.2595062256,36978,36988,10
13.0151596069,80.2593307495,36988,36998,10
13.0143404007,80.2592773438,36998,37008,10
13.0133800507,80.2592315674,37008,37018,10
13.012339592,80.2591934204,37018,37027,9
13.0114498138,80.2591629028,37027,37039,12
13.0104198456,80.2591400146,37039,37049,10
13.0094099045,80.2591171265,37049,37059,10
13.0083999634,80.2590866089,37059,37069,10
13.0074195862,80.2586593628,37069,37079,10
13.0067195892,80.2577362061,37079,37089,10
13.0065402985,80.2566223145,37089,37099,10
13.0065402985,80.2553634644,37099,37109,10
13.0065002441,80.2544784546,37109,37119,10
13.006480217,80.2540588379,37119,37129,10
13.0064697266,80.2539978027,37129,37139,10
13.0065002441,80.2535476685,37139,37149,10
13.0065097809,80.2528915405,37149,37160,11
13.0066299438,80.2518768311,37160,37210,50
13.0066299438,80.2518768311,37210,37220,10
13.0067195892,80.2517700195,37220,37230,10
13.006770134,80.251373291,37230,37240,10
13.0068101883,80.2506637573,37240,37250,10
13.0067996979,80.2497634888,37250,37261,11
13.0067195892,80.2487030029,37261,37271,10
13.0066404343,80.2479400635,37271,37281,10
13.006649971,80.2472915649,37281,37291,10
13.0066099167,80.2467269897,37291,37301,10
13.0065698624,80.2465820313,37301,37311,10
13.0066003799,80.246421814,37311,37321,10
13.0066795349,80.245880127,37321,37331,10
13.0066795349,80.2452392578,37331,37341,10
13.006649971,80.2445907593,37341,37351,10
13.0066404343,80.2439575195,37351,37361,10
13.0066404343,80.2434616089,37361,37371,10
13.0066003799,80.2427520752,37371,37382,11
13.0065603256,80.2416915894,37382,37392,10
13.0066604614,80.2407302856,37392,37402,10
13.0068302155,80.2398071289,37402,37412,10
13.0070104599,80.2388381958,37412,37422,10
13.0071802139,80.2379837036,37422,37432,10
13.0073204041,80.2372970581,37432,37442,10
13.0073900223,80.2367095947,37442,37452,10
13.0074396133,80.2365188599,37452,37462,10
13.0075798035,80.236000061,37462,37472,10
13.0077400208,80.2352218628,37472,37482,10
13.0079298019,80.2342987061,37482,37493,11
13.0081996918,80.233001709,37493,37503,10
13.0084695816,80.2316665649,37503,37513,10
13.0087499619,80.2302398682,37513,37523,10
13.0090198517,80.2288589478,37523,37533,10
13.0093898773,80.2276382446,37533,37543,10
13.0099000931,80.2265167236,37543,37553,10
13.0103702545,80.2254562378,37553,37563,10
13.0107603073,80.2246322632,37563,37573,10
13.0110197067,80.223991394,37573,37583,10
13.0112600327,80.2234268188,37583,37594,11
13.0109996796,80.2229919434,37594,37604,10
13.0105400085,80.2228012085,37604,37614,10
13.0104503632,80.2227706909,37614,37624,10
13.0100603104,80.2225570679,37624,37634,10
13.0094099045,80.2222290039,37634,37644,10
13.0087003708,80.2218170166,37644,37654,10
13.0078601837,80.2213592529,37654,37664,10
13.0069198608,80.2209014893,37664,37674,10
13.005979538,80.2205581665,37674,37685,11
13.0049200058,80.2203216553,37685,37695,10
13.0041303635,80.2201309204,37695,37704,9
13.000459671,80.2178268433,37704,37746,42
13.000459671,80.2178268433,37746,37777,31
12.9981603622,80.2166213989,37777,37788,11
12.9976396561,80.2165527344,37788,37798,10
12.9976396561,80.2165603638,37798,37808,10
12.9975299835,80.2165603638,37808,37819,11
12.9969596863,80.2165527344,37819,37829,10
12.9961395264,80.2166366577,37829,37839,10
12.9953203201,80.2169036865,37839,37849,10
12.9948101044,80.2172317505,37849,37859,10
12.9943199158,80.2175521851,37859,37869,10
12.9937601089,80.2179412842,37869,37879,10
12.9930400848,80.2184524536,37879,37889,10
12.9923295975,80.21900177,37889,37899,10
12.9916296005,80.219543457,37899,37909,10
12.9911003113,80.2199172974,37909,37918,9
12.9909296036,80.2200622559,37918,37929,11
12.9907598495,80.2201919556,37929,37940,11
12.9901800156,80.2206268311,37940,37950,10
12.9895296097,80.221282959,37950,37960,10
12.9889802933,80.2220077515,37960,37970,10
12.9882097244,80.2227401733,37970,37980,10
12.9877500534,80.2230834961,37980,37990,10
12.9873399734,80.2230911255,37990,38010,20
12.9873399734,80.2230911255,38010,38020,10
12.9871797562,80.2230834961,38020,38030,10
12.9867296219,80.2229995728,38030,38040,10
12.986289978,80.2229766846,38040,38050,10
12.9856595993,80.2230834961,38050,38061,11
12.9850702286,80.2232284546,38061,38071,10
12.9843702316,80.2229003906,38071,38081,10
12.9837999344,80.2225570679,38081,38091,10
12.9833498001,80.2222900391,38091,38101,10
12.9833097458,80.2222671509,38101,38111,10
12.9831895828,80.2221984863,38111,38121,10
12.9829397202,80.222038269,38121,38131,10
12.9827604294,80.2219696045,38131,38141,10
12.9826202393,80.2219009399,38141,38152,11
12.982170105,80.2217636108,38152,38161,9
12.9817695618,80.2214889526,38161,38172,11
12.9812297821,80.2211685181,38172,38182,10
12.9804601669,80.2210998535,38182,38192,10
12.979640007,80.2211227417,38192,38202,10
12.9787302017,80.2211837769,38202,38212,10
12.9777297974,80.2211914063,38212,38222,10
12.9765195847,80.2212371826,38222,38262,40
12.9765195847,80.2212371826,38262,38273,11
12.9763803482,80.2211990356,38273,38283,10
12.9761199951,80.2214279175,38283,38293,10
12.9764499664,80.2218704224,38293,38303,10
12.9765701294,80.2220993042,38303,38828,525
12.9765701294,80.2220993042,38828,38838,10
12.9765796661,80.2222366333,38838,38849,11
12.9766597748,80.2223815918,38849,38859,10
12.9768896103,80.2227325439,38859,38869,10
12.9773797989,80.2227172852,38869,38879,10
12.9774999619,80.222442627,38879,38889,10
12.9774904251,80.2220306396,38889,38899,10
12.9774599075,80.2214126587,38899,38909,10
12.9775400162,80.221206665,38909,38919,10
12.9780101776,80.221206665,38919,38929,10
12.9786701202,80.2211608887,38929,38939,10
12.9792900085,80.2211303711,38939,38950,11
12.9800195694,80.2210693359,38950,38960,10
12.9807395935,80.220993042,38960,38970,10
12.9813098907,80.2211380005,38970,38978,8
12.981710434,80.2214126587,38978,38990,12
12.9822502136,80.2217102051,38990,39000,10
12.9824895859,80.2218093872,39000,39010,10
12.9828395844,80.2219314575,39010,39030,20
12.9828395844,80.2219314575,39030,39040,10
12.9831600189,80.2220916748,39040,39050,10
12.9835395813,80.2223434448,39050,39060,10
12.9839801788,80.2225875854,39060,39071,11
12.98458004,80.2229614258,39071,39081,10
12.9850702286,80.223197937,39081,39091,10
12.9854803085,80.2231903076,39091,39101,10
12.9859399796,80.2229690552,39101,39111,10
12.9863300323,80.2229614258,39111,39121,10
12.9864196777,80.2229690552,39121,39131,10
12.9866695404,80.2229766846,39131,39141,10
12.9870595932,80.2230529785,39141,39151,10
12.9875402451,80.2230682373,39151,39161,10
12.9881801605,80.2227401733,39161,39171,10
12.9887895584,80.2221832275,39171,39182,11
12.9892101288,80.2216796875,39182,39192,10
12.9897098541,80.2210464478,39192,39202,10
12.9902696609,80.220489502,39202,39212,10
12.9903697968,80.2203903198,39212,39222,10
12.9906702042,80.2201690674,39222,39232,10
12.9911603928,80.2197723389,39232,39242,10
12.9914598465,80.2195510864,39242,39252,10
12.9918699265,80.2192611694,39252,39262,10
12.9925498962,80.21875,39262,39272,10
12.9933204651,80.2181777954,39272,39282,10
12.9940004349,80.2177200317,39282,39293,11
12.9946403503,80.2172622681,39293,39303,10
12.99518013,80.2168884277,39303,39313,10
12.9958200455,80.2166290283,39313,39323,10
12.9965496063,80.2164916992,39323,39333,10
12.9971199036,80.2164306641,39333,39343,10
12.9975700378,80.2164382935,39343,39353,10
12.9976902008,80.2164611816,39353,39363,10
12.9981899261,80.2165679932,39363,39373,10
12.9988098145,80.2168273926,39373,39383,10
12.9996099472,80.2172698975,39383,39393,10
13.000459671,80.2178115845,39393,39404,11
13.0012702942,80.2183532715,39404,39414,10
13.0019798279,80.218963623,39414,39424,10
13.0026702881,80.219619751,39424,39434,10
13.0035800934,80.2199707031,39434,39444,10
13.0045404434,80.2201766968,39444,39454,10
13.0055398941,80.2203979492,39454,39464,10
13.0065603256,80.2206192017,39464,39473,9
13.0072698593,80.2209625244,39473,39485,12
13.0085201263,80.2216415405,39485,39496,11
13.0097799301,80.2223205566,39496,39505,9
13.0108299255,80.222869873,39505,39515,10
13.0114402771,80.2230682373,39515,39527,12
13.0116796494,80.2225799561,39527,39535,8
13.0119199753,80.2219696045,39535,39545,10
13.0122003555,80.2214431763,39545,39555,10
13.0123596191,80.2214736938,39555,39565,10
13.0126104355,80.2218170166,39565,39575,10
13.0130596161,80.222366333,39575,39585,10
13.0135698318,80.2229919434,39585,39597,12
13.0142297745,80.2237625122,39597,39607,10
13.0146198273,80.2242507935,39607,39616,9
13.0150403976,80.2246704102,39616,39628,12
13.0152797699,80.2249526978,39628,39636,8
13.0153198242,80.2250671387,39636,39648,12
13.0154304504,80.2253799438,39648,39656,8
13.0153903961,80.2256088257,39656,39666,10
13.0151195526,80.2258605957,39666,39676,10
13.0145196915,80.2261428833,39676,39686,10
13.0137395859,80.2265014648,39686,39696,10
13.0128602982,80.2268295288,39696,39706,10
13.0118503571,80.2272415161,39706,39716,10
13.0107803345,80.2276611328,39716,39726,10
13.0097703934,80.2280578613,39726,39739,13
13.0090103149,80.2290115356,39739,39749,10
13.0087900162,80.2301330566,39749,39759,10
13.0086297989,80.2310714722,39759,39769,10
13.0085000992,80.2317810059,39769,39779,10
13.0083198547,80.2327194214,39779,39789,10
13.0082101822,80.2336273193,39789,39799,10
13.0081996918,80.2336883545,39799,39809,10
13.0081396103,80.2338867188,39809,39819,10
13.0080299377,80.2344665527,39819,39829,10
13.0078496933,80.2353363037,39829,39839,10
13.0076799393,80.2361602783,39839,39850,11
13.0074901581,80.2371063232,39850,39860,10
13.0073204041,80.2380523682,39860,39870,10
13.0071296692,80.2390594482,39870,39880,10
13.006939888,80.2399368286,39880,39900,20
13.006939888,80.2399368286,39900,39910,10
13.006939888,80.2402191162,39910,39920,10
13.0068702698,80.2406082153,39920,39930,10
13.0068302155,80.2407302856,39930,39940,10
13.006770134,80.2411499023,39940,39948,8
13.0067396164,80.2418212891,39948,39960,12
13.0067100525,80.2430801392,39960,39971,11
13.0066900253,80.2443008423,39971,39981,10
13.0066995621,80.245262146,39981,39991,10
13.0067300797,80.2462234497,39991,40001,10
13.0067596436,80.246887207,40001,40011,10
13.0067596436,80.2474365234,40011,40021,10
13.0067501068,80.2482681274,40021,40031,10
13.0067796707,80.2493591309,40031,40041,10
13.0067996979,80.2505874634,40041,40051,10
13.006819725,80.2513809204,40051,40082,31
13.006819725,80.2513809204,40082,40092,10
13.0067501068,80.2515029907,40092,40102,10
13.0066404343,80.2519836426,40102,40112,10
13.006529808,80.2527999878,40112,40122,10
13.0065202713,80.2538604736,40122,40132,10
13.0065698624,80.2550506592,40132,40142,10
13.0066003799,80.256187439,40142,40152,10
13.0066699982,80.2572631836,40152,40213,61
13.0066699982,80.2572631836,40213,40223,10
13.0067396164,80.2577133179,40223,40233,10
13.0071496964,80.2583236694,40233,40243,10
13.0079402924,80.2587738037,40243,40253,10
13.0085496902,80.2589797974,40253,40263,10
13.0087604523,80.2590637207,40263,40273,10
13.0094003677,80.2590713501,40273,40283,10
13.0103397369,80.2590789795,40283,40293,10
13.0115003586,80.2590789795,40293,40304,11
13.0128803253,80.2591171265,40304,40314,10
13.0141897202,80.259147644,40314,40324,10
13.0154800415,80.2592315674,40324,40334,10
13.0163402557,80.2595825195,40334,40344,10
13.0163803101,80.2596206665,40344,40354,10
13.0166301727,80.2598419189,40354,40364,10
13.0171203613,80.2601776123,40364,40374,10
13.0178203583,80.2606582642,40374,40384,10
13.0186300278,80.2612075806,40384,40394,10
13.0193195343,80.2618179321,40394,40404,10
13.0200004578,80.2624969482,40404,40414,10
13.02023983,80.2629776001,40414,40425,11
13.0197401047,80.2629776001,40425,40435,10
13.019080162,80.2629623413,40435,40445,10
13.0190296173,80.2634506226,40445,40455,10
13.019109726,80.2643127441,40455,40465,10
13.0188503265,80.2652282715,40465,40475,10
13.0187301636,80.2656326294,40475,40485,10
13.0186595917,80.2663726807,40485,40495,10
13.0188798904,80.2672424316,40495,40502,7
13.0193500519,80.2678833008,40502,40515,13
13.0202798843,80.2689971924,40515,40525,10
13.0208902359,80.2697525024,40525,40536,11
13.0216398239,80.2706680298,40536,40546,10
13.0224199295,80.2716827393,40546,40554,8
13.0230503082,80.2725296021,40554,40566,12
13.023639679,80.2733535767,40566,40576,10
13.0237503052,80.2734985352,40576,40586,10
13.0240497589,80.2739105225,40586,40596,10
13.0245304108,80.2744369507,40596,40607,11
13.0250196457,80.2747421265,40607,40617,10
13.0254096985,80.2748794556,40617,40627,10
13.0255403519,80.2749633789,40627,40637,10
13.02602005,80.2751998901,40637,40647,10
13.0264101028,80.275390625,40647,40657,10
13.026889801,80.2756118774,40657,40667,10
13.0274095535,80.2758483887,40667,40677,10
13.0279903412,80.2761001587,40677,40687,10
13.0284700394,80.2762832642,40687,40697,10
13.0288696289,80.2764511108,40697,40707,10
13.0293998718,80.2766189575,40707,40717,10
13.0301399231,80.2768173218,40717,40727,10
13.0308904648,80.2771835327,40727,40739,12
13.0318002701,80.2775497437,40739,40747,8
13.0324201584,80.2774810791,40747,40760,13
13.0327501297,80.2774429321,40760,40770,10
13.0327997208,80.2774429321,40770,40780,10
13.0330495834,80.2774276733,40780,40790,10
13.0334100723,80.27734375,40790,40800,10
13.0338802338,80.277381897,40800,40810,10
13.0342998505,80.2774887085,40810,40820,10
13.0350103378,80.2776184082,40820,40830,10
13.0357904434,80.2777709961,40830,40839,9
13.036450386,80.2779083252,40839,40851,12
13.0372800827,80.2782211304,40851,40861,10
13.0380401611,80.2784423828,40861,40872,11
13.038769722,80.2786483765,40872,40882,10
13.0388402939,80.278678894,40882,40892,10
13.0391101837,80.2787780762,40892,40902,10
13.039560318,80.2789306641,40902,40912,10
13.0403499603,80.2791366577,40912,40922,10
13.0413303375,80.2793579102,40922,40932,10
13.0423803329,80.2795181274,40932,40942,10
13.0430297852,80.2795791626,40942,40983,41
13.0430297852,80.2795791626,40983,40993,10
13.0432300568,80.2796020508,40993,41003,10
13.0438098907,80.2797622681,41003,41013,10
13.0446100235,80.2799224854,41013,41023,10
13.0454397202,80.2800521851,41023,41033,10
13.0462598801,80.280166626,41033,41043,10
13.0472002029,80.2802963257,41043,41053,10
13.0482797623,80.2804489136,41053,41063,10
13.0493202209,80.2806015015,41063,41073,10
13.0503101349,80.2807388306,41073,41082,9
13.0510797501,80.2808609009,41082,41094,12
13.0522203445,80.2810287476,41094,41104,10
13.0532302856,80.2811813354,41104,41114,10
13.0543298721,80.2813720703,41114,41124,10
13.0553998947,80.281578064,41124,41134,10
13.0561599731,80.2817230225,41134,41144,10
13.0562896729,80.2817382813,41144,41154,10
13.0563898087,80.2817687988,41154,41164,10
13.0571098328,80.2819213867,41164,41184,20
13.0571098328,80.2819213867,41184,41194,10
13.0572500229,80.2819366455,41194,41204,10
13.0578098297,80.2820587158,41204,41215,11
13.0586500168,80.2822494507,41215,41225,10
13.059630394,80.2824630737,41225,41235,10
13.0606203079,80.282661438,41235,41245,10
13.0616502762,80.2828903198,41245,41255,10
13.062620163,80.2830810547,41255,41265,10
13.0629796982,80.2831497192,41265,41275,10
13.0631599426,80.283203125,41275,41285,10
13.0637102127,80.2833404541,41285,41305,20
13.0637102127,80.2833404541,41305,41315,10
13.0638198853,80.2833786011,41315,41326,11
13.0643396378,80.2835006714,41326,41336,10
13.0651798248,80.283706665,41336,41346,10
13.0663003922,80.2839736938,41346,41356,10
13.0675401688,80.2842178345,41356,41366,10
13.0686302185,80.2844085693,41366,41376,10
13.0698099136,80.2846984863,41376,41386,10
13.0708303452,80.2848968506,41386,41396,10
13.0719404221,80.2852020264,41396,41406,10
13.0732402802,80.2853012085,41406,41416,10
13.0740499496,80.2856521606,41416,41426,10
13.074090004,80.2857131958,41426,41437,11
13.074139595,80.2857894897,41437,41447,10
13.0744600296,80.2861175537,41447,41457,10
13.0750799179,80.2865066528,41457,41467,10
13.0764503479,80.2871017456,41467,41477,10
13.0764503479,80.2871017456,41477,41488,11
13.0775203705,80.2873916626,41488,41497,9
13.0785102844,80.2876281738,41497,41516,19
13.0798797607,80.2880935669,41516,41525,9
13.0801401138,80.2881164551,41525,41536,11
13.0808095932,80.288269043,41536,41547,11
13.0817499161,80.2886199951,41547,41557,10
13.0826997757,80.2890014648,41557,41567,10
13.0836801529,80.2891616821,41567,41577,10
13.0849199295,80.2891311646,41577,41588,11
13.0862102509,80.2893981934,41588,41598,10
13.0873403549,80.2897262573,41598,41608,10
13.0887804031,80.2901687622,41608,41627,19
13.0887804031,80.2901687622,41627,41637,10
13.0888500214,80.2903366089,41637,41647,10
13.0885095596,80.2903366089,41647,41657,10
13.0879802704,80.2901077271,41657,41667,10
13.0871896744,80.2898178101,41667,41678,11
13.0862598419,80.2895584106,41678,41688,10
13.0856199265,80.2892532349,41688,41698,10
13.0852203369,80.28855896,41698,41708,10
13.0850896835,80.2875289917,41708,41719,11
13.0852203369,80.2860870361,41719,41728,9
13.0853395462,80.2848968506,41728,41738,10
13.0852298737,80.2842483521,41738,41748,10
13.0852298737,80.2840881348,41748,41758,10
13.0853996277,80.2837982178,41758,41768,10
13.0854997635,80.2835998535,41768,41780,12
13.0858602524,80.283531189,41780,41788,8
13.0860900879,80.283531189,41788,41800,12
13.0866098404,80.2839126587,41800,41952,152
13.0871295929,80.2839508057,41952,41982,30
13.0878601074,80.2839126587,41982,42004,22
13.0878696442,80.2839126587,42004,42267,263
13.0878696442,80.2839126587,42267,42277,10
13.0883197784,80.2836532593,42277,42297,20
13.0883197784,80.2836532593,42297,42307,10
13.088350296,80.2833404541,42307,42317,10
13.0883398056,80.2829971313,42317,42327,10
13.0883398056,80.282699585,42327,42334,7
13.0883102417,80.2824783325,42334,42348,14
13.0881700516,80.281867981,42348,42358,10
13.0880804062,80.2816390991,42358,42368,10
13.0880804062,80.2815475464,42368,42378,10
13.0883903503,80.2815170288,42378,42388,10
13.08852005,80.2818832397,42388,42398,10
13.0884304047,80.2822875977,42398,42408,10
13.0883903503,80.2826766968,42408,42418,10
13.0883703232,80.2829666138,42418,42428,10
13.0883197784,80.2831802368,42428,42438,10
13.0883398056,80.2835083008,42438,42448,10
13.0883398056,80.2839813232,42448,42459,11
13.0884199142,80.2847366333,42459,42469,10
13.0884599686,80.2851104736,42469,42499,30
13.0884599686,80.2851104736,42499,42509,10
13.088470459,80.2852630615,42509,42519,10
13.0884799957,80.2857131958,42519,42529,10
13.0885000229,80.2863006592,42529,42539,10
13.0885000229,80.2866363525,42539,42549,10
13.0885601044,80.2872161865,42549,42559,10
13.0885696411,80.2875595093,42559,42570,11
13.0886096954,80.2881393433,42570,42580,10
13.0886898041,80.2885665894,42580,42590,10
13.0887203217,80.2889022827,42590,42600,10
13.0888204575,80.2895736694,42600,42610,10
13.088809967,80.2902526855,42610,42630,20
13.088809967,80.2902526855,42630,42640,10
13.0886602402,80.2904663086,42640,42650,10
13.0881004333,80.2902069092,42650,42660,10
13.0872898102,80.2898178101,42660,42669,9
13.0863399506,80.2894897461,42669,42681,12
13.0848197937,80.2892227173,42681,42691,10
13.083609581,80.2892303467,42691,42701,10
13.0825901031,80.2890701294,42701,42711,10
13.0815696716,80.2886581421,42711,42721,10
13.080619812,80.2883834839,42721,42729,8
13.0800695419,80.2882080078,42729,42741,12
13.0791301727,80.287979126,42741,42751,10
13.0782699585,80.287651062,42751,42761,10
13.0775699615,80.2874908447,42761,42771,10
13.0768404007,80.2873001099,42771,42780,9
13.0759801865,80.2870788574,42780,42790,10
13.0751304626,80.2866973877,42790,42802,12
13.0740404129,80.2861099243,42802,42812,10
13.0729999542,80.2858123779,42812,42822,10
13.0719099045,80.2853164673,42822,42832,10
13.0706396103,80.2850036621,42832,42842,10
13.0694303513,80.2847137451,42842,42852,10
13.0683202744,80.2844467163,42852,42862,10
13.0672903061,80.2842788696,42862,42872,10
13.0660800934,80.283996582,42872,42882,10
13.0648202896,80.2837219238,42882,42892,10
13.0642204285,80.2835693359,42892,42902,10
13.064209938,80.2835693359,42902,42913,11
13.0638799667,80.2835006714,42913,42923,10
13.0632400513,80.2833480835,42923,42933,10
13.0625495911,80.2831878662,42933,42943,10
13.0624504089,80.2831573486,42943,42953,10
13.0620203018,80.2830429077,42953,42963,10
13.0612602234,80.2828826904,42963,42973,10
13.0602998734,80.282661438,42973,42982,9
13.0593004227,80.2824478149,42982,42993,11
13.0580396652,80.2822189331,42993,43003,10
13.0575199127,80.282119751,43003,43013,10
13.0568704605,80.2819824219,43013,43024,11
13.0567798615,80.2819595337,43024,43034,10
13.0563802719,80.2818832397,43034,43044,10
13.0556402206,80.2817306519,43044,43054,10
13.0547103882,80.2815170288,43054,43064,10
13.0535497665,80.2813034058,43064,43074,10
13.0523099899,80.2811126709,43074,43084,10
13.0513696671,80.2809677124,43084,43094,10
13.0508403778,80.2809066772,43094,43104,10
13.0501003265,80.2807769775,43104,43115,11
13.0490903854,80.2806396484,43115,43124,9
13.0480804443,80.2804870605,43124,43134,10
13.0468702316,80.2803192139,43134,43144,10
13.0458097458,80.2801589966,43144,43154,10
13.044719696,80.2800369263,43154,43164,10
13.0437498093,80.2798995972,43164,43174,10
13.0432500839,80.2798233032,43174,43185,11
13.0424003601,80.2796325684,43185,43194,9
13.0414800644,80.2794723511,43194,43205,11
13.0403003693,80.2792205811,43205,43215,10
13.0394296646,80.2789993286,43215,43225,10
13.0389900208,80.2788772583,43225,43236,11
13.0388898849,80.2788391113,43236,43245,9
13.0385198593,80.2786636353,43245,43255,10
13.0377902985,80.2784500122,43255,43265,10
13.037320137,80.2783203125,43265,43275,10
13.037150383,80.2782669067,43275,43285,10
13.0368795395,80.2781829834,43285,43295,10
13.0365400314,80.2780303955,43295,43305,10
13.0360097885,80.2779006958,43305,43315,10
13.035320282,80.2777175903,43315,43325,10
13.0344600677,80.2776031494,43325,43335,10
13.0337400436,80.2774200439,43335,43345,10
13.0334100723,80.2774200439,43345,43358,13
13.0325298309,80.2775115967,43358,43368,10
13.0317497253,80.2776031494,43368,43378,10
13.0309801102,80.27734375,43378,43388,10
13.0308303833,80.2772293091,43388,43398,10
13.0304098129,80.2770614624,43398,43407,9
13.0296802521,80.2768173218,43407,43419,12
13.0286998749,80.2764434814,43419,43429,10
13.0278902054,80.2761306763,43429,43439,10
13.0272598267,80.2758407593,43439,43449,10
13.0266199112,80.2755279541,43449,43459,10
13.0260801315,80.2753219604,43459,43470,11
13.0256204605,80.2751083374,43470,43480,10
13.0250597,80.2748336792,43480,43490,10
13.0243501663,80.2744598389,43490,43520,30
13.0243501663,80.2744598389,43520,43530,10
13.0241498947,80.2742614746,43530,43540,10
13.023900032,80.2739028931,43540,43550,10
13.0235395432,80.2733612061,43550,43560,10
13.0230197906,80.2726287842,43560,43570,10
13.0223798752,80.2717895508,43570,43581,11
13.0216302872,80.2707977295,43581,43591,10
13.0209999084,80.2700500488,43591,43601,10
13.020819664,80.2698364258,43601,43611,10
13.020529747,80.26953125,43611,43621,10
13.0200395584,80.2689285278,43621,43631,10
13.0194597244,80.2681884766,43631,43641,10
13.0188503265,80.2674407959,43641,43651,10
13.0186195374,80.2665634155,43651,43661,10
13.0186395645,80.2658920288,43661,43671,10
13.0187997818,80.2652206421,43671,43681,10
13.0190296173,80.2644195557,43681,43692,11
13.018989563,80.2636566162,43692,43702,10
13.0189399719,80.2632980347,43702,43712,10
13.0188703537,80.2626876831,43712,43722,10
13.0187902451,80.26197052,43722,43732,10
13.0186901093,80.2613983154,43732,43742,10
13.0182695389,80.2610931396,43742,43752,10
13.0179700851,80.2608795166,43752,43762,10
13.0175895691,80.2606124878,43762,43772,10
13.016960144,80.2601928711,43772,43782,10
13.0162801743,80.2598190308,43782,43792,10
13.0160703659,80.2597198486,43792,43801,9
13.01583004,80.2596130371,43801,43813,12
13.0151100159,80.2593994141,43813,43823,10
13.0143003464,80.2593231201,43823,43833,10
13.0133399963,80.2592697144,43833,43843,10
13.012339592,80.2592315674,43843,43853,10
13.0114297867,80.2592010498,43853,43863,10
13.0104103088,80.2591705322,43863,43873,10
13.0093202591,80.2591629028,43873,43883,10
13.0083703995,80.2591171265,43883,43893,10
13.0075302124,80.2587966919,43893,43903,10
13.006819725,80.2580795288,43903,43913,10
13.0065002441,80.2571105957,43913,43924,11
13.0065002441,80.2558517456,43924,43934,10
13.006480217,80.2546768188,43934,43944,10
13.006480217,80.2542114258,43944,43954,10
13.006480217,80.2542037964,43954,43964,10
13.0065202713,80.2540206909,43964,43974,10
13.0065202713,80.2534484863,43974,43984,10
13.0065498352,80.2524414063,43984,44035,51
13.0065498352,80.2524414063,44035,44045,10
13.0066003799,80.2520217896,44045,44055,10
13.0066995621,80.2514724731,44055,44065,10
13.0067195892,80.2507324219,44065,44075,10
13.0067300797,80.2498779297,44075,44085,10
13.0067396164,80.2489776611,44085,44095,10
13.0066900253,80.2484588623,44095,44145,50
13.0066900253,80.2484588623,44145,44155,10
13.0067396164,80.248298645,44155,44167,12
13.0066900253,80.2478713989,44167,44175,8
13.0066900253,80.2473297119,44175,44186,11
13.0066204071,80.24659729,44186,44196,10
13.006649971,80.2464828491,44196,44206,10
13.006649971,80.2459869385,44206,44216,10
13.006649971,80.2454299927,44216,44227,11
13.0066404343,80.2450790405,44227,44236,9
13.0066204071,80.2446136475,44236,44246,10
13.0066003799,80.2438964844,44246,44258,12
13.0065803528,80.2433013916,44258,44268,10
13.0065803528,80.2429885864,44268,44278,10
13.0065803528,80.2422866821,44278,44286,8
13.0065803528,80.2415313721,44286,44298,12
13.0066003799,80.2404403687,44298,44308,10
13.0067996979,80.2395324707,44308,44318,10
13.0070199966,80.2385025024,44318,44328,10
13.0072097778,80.2376327515,44328,44338,10
13.0073404312,80.2368392944,44338,44346,8
13.0073604584,80.2367706299,44346,44356,10
13.0074501038,80.2365875244,44356,44369,13
13.0076198578,80.2358016968,44369,44379,10
13.0077896118,80.2349090576,44379,44389,10
13.0080003738,80.23387146,44389,44399,10
13.0082397461,80.232711792,44399,44409,10
13.0084600449,80.2315673828,44409,44419,10
13.0086698532,80.2304382324,44419,44429,10
13.008890152,80.2293319702,44429,44439,10
13.0091495514,80.2281723022,44439,44449,10
13.0096101761,80.2270965576,44449,44459,10
13.0100803375,80.2260894775,44459,44469,10
13.0105400085,80.2251205444,44469,44476,7
13.0108098984,80.2245330811,44476,44490,14
13.0111398697,80.2236862183,44490,44500,10
13.0112495422,80.2234268188,44500,44510,10
13.0110502243,80.2230987549,44510,44520,10
13.0106096268,80.2229003906,44520,44530,10
13.0104904175,80.2228088379,44530,44540,10
13.0100297928,80.2225723267,44540,44550,10
13.0095796585,80.2223434448,44550,44560,10
13.009059906,80.222038269,44560,44570,10
13.0082902908,80.2216262817,44570,44580,10
13.0073795319,80.2211532593,44580,44590,10
13.0064201355,80.2206802368,44590,44601,11
13.0053701401,80.220451355,44601,44611,10
13.0044403076,80.2202301025,44611,44621,10
13.0035600662,80.2200164795,44621,44631,10
13.0026597977,80.2197418213,44631,44641,10
13.001950264,80.2190704346,44641,44651,10
13.0011701584,80.2183914185,44651,44661,10
13.0003700256,80.2178497314,44661,44671,10
12.9996204376,80.217376709,44671,44678,7
12.9990997314,80.217086792,44678,44691,13
12.998000145,80.2166213989,44691,44701,10
12.9975099564,80.2165603638,44701,44712,11
12.9973096848,80.2165527344,44712,44722,10
12.9970798492,80.2165679932,44722,44732,10
12.9965896606,80.2165985107,44732,44742,10
12.9958600998,80.2166900635,44742,44752,10
12.9954204559,80.2168502808,44752,44762,10
12.9952001572,80.2169723511,44762,44772,10
12.9948196411,80.2172088623,44772,44782,10
12.9944200516,80.2174911499,44782,44792,10
12.9941997528,80.2176971436,44792,44802,10
12.9937801361,80.2180099487,44802,44812,10
12.9932098389,80.2184295654,44812,44823,11
12.9924497604,80.218963623,44823,44833,10
12.991900444,80.2193527222,44833,44843,10
12.9916496277,80.2195281982,44843,44853,10
12.9908895493,80.2200698853,44853,44873,20
12.9908895493,80.2200698853,44873,44883,10
12.9905595779,80.2203216553,44883,44893,10
12.9899501801,80.2207717896,44893,44903,10
12.9893703461,80.2215118408,44903,44912,9
12.9888000488,80.2220993042,44912,44925,13
12.9880599976,80.2228927612,44925,44936,11
12.9878702164,80.2230300903,44936,44946,10
12.987569809,80.2230911255,44946,44956,10
12.9871997833,80.2230606079,44956,44966,10
12.9870195389,80.2230529785,44966,44976,10
12.9867801666,80.2230072021,44976,44986,10
12.9864301682,80.2229919434,44986,44996,10
12.9856996536,80.2231216431,44996,45006,10
12.9852304459,80.2232589722,45006,45016,10
12.9846401215,80.2230377197,45016,45026,10
12.984120369,80.2227325439,45026,45036,10
12.9836502075,80.2224731445,45036,45049,13
12.9833202362,80.2222824097,45049,45059,10
12.98320961,80.2222290039,45059,45069,10
12.98279953,80.2219772339,45069,45079,10
12.9823503494,80.2218399048,45079,45089,10
12.9818897247,80.2216262817,45089,45099,10
12.9818000793,80.2215118408,45099,45109,10
12.9813098907,80.221206665,45109,45119,10
12.9804601669,80.2211303711,45119,45129,10
12.9793796539,80.2211990356,45129,45139,10
12.9785203934,80.2211914063,45139,45149,10
12.977640152,80.2211837769,45149,45160,11
12.9768400192,80.2212600708,45160,45170,10
12.9763298035,80.2212295532,45170,45180,10
12.9763002396,80.2212295532,45180,45190,10
12.9761199951,80.2215118408,45190,45200,10
12.9764604568,80.2220001221,45200,45210,10
12.9765996933,80.2222213745,45210,45714,504
12.9774599075,80.222076416,45714,45772,58
12.9781799316,80.2212219238,45772,45802,30
12.9814901352,80.2212600708,45802,45841,39
12.9826402664,80.221862793,45841,45871,30
12.9831495285,80.2220916748,45871,45903,32
12.9836997986,80.222442627,45903,45931,28
12.9840898514,80.2226791382,45931,45961,30
12.9842100143,80.2227935791,45961,45992,31
12.98554039,80.2230834961,45992,46022,30
12.9868202209,80.2230072021,46022,46052,30
12.9889602661,80.2219619751,46052,46085,33
12.9889602661,80.2219619751,46085,46112,27
12.9904203415,80.2203292847,46112,46125,13
12.9905796051,80.2202377319,46125,46135,10
12.9910202026,80.2199020386,46135,46145,10
12.9916095734,80.2194366455,46145,46155,10
12.9921998978,80.2190170288,46155,46164,9
12.992770195,80.2186203003,46164,46175,11
12.9936103821,80.2179794312,46175,46186,11
12.9941902161,80.2175827026,46186,46196,10
12.9944896698,80.2173461914,46196,46206,10
12.9947299957,80.2171783447,46206,46216,10
12.9950704575,80.2169570923,46216,46226,10
12.9955596924,80.2167129517,46226,46236,10
12.9963302612,80.2165374756,46236,46246,10
12.9968900681,80.2164916992,46246,46256,10
12.9973402023,80.2164535522,46256,46266,10
12.9974403381,80.2164535522,46266,46276,10
12.9976596832,80.2164916992,46276,46286,10
12.9981899261,80.2166137695,46286,46297,11
12.9990596771,80.2169876099,46297,46307,10
12.999879837,80.2174606323,46307,46317,10
13.0006399155,80.2179412842,46317,46327,10
13.0013198853,80.2183914185,46327,46337,10
13.0020103455,80.2190628052,46337,46347,10
13.0027799606,80.2197265625,46347,46357,10
13.0036897659,80.2200164795,46357,46367,10
13.0046596527,80.2202377319,46367,46377,10
13.0056295395,80.220451355,46377,46387,10
13.0065698624,80.2206573486,46387,46395,8
13.0072498322,80.2209777832,46395,46408,13
13.0081501007,80.2214584351,46408,46418,10
13.0085897446,80.2216720581,46418,46438,20
13.0085897446,80.2216720581,46438,46448,10
13.0088596344,80.2218322754,46448,46458,10
13.0091600418,80.2220001221,46458,46468,10
13.0097703934,80.222366333,46468,46478,10
13.0106201172,80.2228088379,46478,46488,10
13.0112695694,80.2231063843,46488,46519,31
13.0112695694,80.2231063843,46519,46529,10
13.0114202499,80.2231521606,46529,46539,10
13.0115995407,80.2233581543,46539,46549,10
13.0119400024,80.2235412598,46549,46559,10
13.012550354,80.2238235474,46559,46566,7
13.0130996704,80.2240905762,46566,46579,13
13.0140600204,80.2246017456,46579,46589,10
13.0145196915,80.2248764038,46589,46599,10
13.0149803162,80.2250900269,46599,46609,10
13.0152301788,80.2252731323,46609,46619,10
13.0153799057,80.2254714966,46619,46630,11
13.0151195526,80.2258300781,46630,46640,10
13.0150604248,80.2258911133,46640,46650,10
13.0147199631,80.226020813,46650,46660,10
13.0140895844,80.2263031006,46660,46670,10
13.0132598877,80.2266616821,46670,46680,10
13.0122404099,80.2270812988,46680,46690,10
13.0112304688,80.2274932861,46690,46700,10
13.0101900101,80.2279205322,46700,46710,10
13.0092401505,80.2284011841,46710,46720,10
13.0089502335,80.2294769287,46720,46730,10
13.0086803436,80.2307662964,46730,46740,10
13.0084199905,80.2321624756,46740,46751,11
13.0082397461,80.2334289551,46751,46761,10
13.008190155,80.2336502075,46761,46771,10
13.0081501007,80.2337875366,46771,46781,10
13.0080604553,80.2341690063,46781,46791,10
13.0079097748,80.234916687,46791,46801,10
13.0077104568,80.2359313965,46801,46811,10
13.0074901581,80.2369995117,46811,46821,10
13.0072803497,80.2380905151,46821,46831,10
13.0070896149,80.239112854,46831,46841,10
13.0068798065,80.2400894165,46841,46891,50
13.0068798065,80.2400894165,46891,46901,10
13.0068502426,80.2402114868,46901,46912,11
13.0067501068,80.2408294678,46912,46922,10
13.0066795349,80.2417602539,46922,46932,10
13.0066604614,80.242767334,46932,46942,10
13.0066299438,80.2436294556,46942,46952,10
13.0066099167,80.2445602417,46952,46962,10
13.0066299438,80.2453536987,46962,46972,10
13.0066795349,80.2462005615,46972,46982,10
13.0067300797,80.2471466064,46982,46992,10
13.0066900253,80.2481079102,46992,47002,10
13.0067396164,80.249168396,47002,47012,10
13.0067901611,80.2503585815,47012,47022,10
13.0067996979,80.2513580322,47022,47032,10
13.0066204071,80.2522125244,47032,47042,10
13.0065498352,80.2528076172,47042,47052,10
13.0065603256,80.2536773682,47052,47062,10
13.0065803528,80.2545013428,47062,47072,10
13.0065898895,80.2547225952,47072,47085,13
13.0065402985,80.2548980713,47085,47095,10
13.006529808,80.2553710938,47095,47105,10
13.0065498352,80.2562026978,47105,47115,10
13.0066299438,80.2571868896,47115,47175,60
13.0066299438,80.2571868896,47175,47185,10
13.0066404343,80.2573394775,47185,47195,10
13.0068101883,80.2578430176,47195,47206,11
13.0074300766,80.2585601807,47206,47216,10
13.0083303452,80.2589263916,47216,47226,10
13.0085000992,80.2589797974,47226,47236,10
13.0088396072,80.2590484619,47236,47246,10
13.0095996857,80.2590408325,47246,47256,10
13.0106096268,80.2590637207,47256,47266,10
13.011759758,80.2590408325,47266,47276,10
13.0130596161,80.2590789795,47276,47286,10
13.01445961,80.2591400146,47286,47296,10
13.0158395767,80.2593307495,47296,47306,10
13.0163803101,80.2596282959,47306,47317,11
13.0166301727,80.2599105835,47317,47327,10
13.0172796249,80.2603378296,47327,47337,10
13.0181102753,80.2609100342,47337,47347,10
13.0189399719,80.2615432739,47347,47357,10
13.0196199417,80.2621765137,47357,47367,10
13.0202598572,80.2627563477,47367,47377,10
13.0201501846,80.2630233765,47377,47387,10
13.0195999146,80.2629776001,47387,47397,10
13.0190200806,80.2629699707,47397,47407,10
13.0190296173,80.2635498047,47407,47416,9
13.0190696716,80.2643890381,47416,47428,12
13.0187997818,80.2653274536,47428,47438,10
13.0186595917,80.26587677,47438,47448,10
13.0186901093,80.2667007446,47448,47457,9
13.0190296173,80.267539978,47457,47468,11
13.0197696686,80.2684402466,47468,47478,10
13.0204696655,80.269317627,47478,47488,10
13.0211696625,80.270149231,47488,47498,10
13.0219497681,80.2711410522,47498,47508,10
13.0227403641,80.2721710205,47508,47515,7
13.0232095718,80.2728118896,47515,47528,13
13.0240097046,80.2739028931,47528,47538,10
13.0245199203,80.2745285034,47538,47550,12
13.0251903534,80.274848938,47550,47560,10
13.0255298615,80.2749862671,47560,47570,10
13.0258798599,80.275138855,47570,47580,10
13.026140213,80.2752609253,47580,47590,10
13.0262899399,80.2753295898,47590,47600,10
13.0266895294,80.2755126953,47600,47610,10
13.0271596909,80.2757568359,47610,47620,10
13.0277204514,80.2760391235,47620,47630,10
13.0281200409,80.2761993408,47630,47640,10
13.0284996033,80.2763519287,47640,47651,11
13.0290498734,80.2765579224,47651,47661,10
13.0293903351,80.2766113281,47661,47671,10
13.0299196243,80.2767486572,47671,47681,10
13.0306396484,80.27709198,47681,47691,10
13.0313997269,80.2775192261,47691,47701,10
13.0322904587,80.2774810791,47701,47711,10
13.0328302383,80.2774581909,47711,47721,10
13.0331201553,80.2774200439,47721,47731,10
13.0334100723,80.2773513794,47731,47741,10
13.0338897705,80.2773971558,47741,47751,10
13.0344200134,80.2775497437,47751,47762,11
13.0350999832,80.2776565552,47762,47772,10
13.0355701447,80.2777481079,47772,47782,10
13.0361995697,80.2778625488,47782,47792,10
13.036740303,80.2780303955,47792,47802,10
13.0372600555,80.2782592773,47802,47812,10
13.038020134,80.2784423828,47812,47822,10
13.0388202667,80.2786712646,47822,47832,10
13.0389795303,80.278717041,47832,47842,10
13.0393695831,80.2788467407,47842,47852,10
13.0400495529,80.2790374756,47852,47862,10
13.0409698486,80.2792510986,47862,47872,10
13.042090416,80.2794265747,47872,47882,10
13.0428495407,80.2795181274,47882,47913,31
13.0428495407,80.2795181274,47913,47923,10
13.0431203842,80.279548645,47923,47933,10
13.043589592,80.2796707153,47933,47943,10
13.0441799164,80.2798233032,47943,47952,9
13.0448503494,80.2799301147,47952,47963,11
13.0455102921,80.2800369263,47963,47973,10
13.0459499359,80.280090332,47973,47983,10
13.0464601517,80.2801589966,47983,47995,12
13.0474300385,80.2802963257,47995,48005,10
13.0484800339,80.2804412842,48005,48015,10
13.0495300293,80.2806015015,48015,48023,8
13.0502195358,80.2806930542,48023,48035,12
13.0509595871,80.2807998657,48035,48045,10
13.0517396927,80.280921936,48045,48055,10
13.0525999069,80.2810592651,48055,48065,10
13.0532102585,80.2811508179,48065,48075,10
13.054019928,80.281288147,48075,48085,10
13.0550403595,80.2814788818,48085,48095,10
13.0560102463,80.2816772461,48095,48106,11
13.0565595627,80.2818222046,48106,48116,10
13.0570697784,80.2819213867,48116,48126,10
13.057100296,80.2819290161,48126,48136,10
13.0572004318,80.2819366455,48136,48146,10
13.05768013,80.2820510864,48146,48156,10
13.0584802628,80.2822113037,48156,48166,10
13.0593900681,80.2824020386,48166,48176,10
13.0603704453,80.2826004028,48176,48186,10
13.0613002777,80.2827911377,48186,48196,10
13.0622196198,80.282989502,48196,48206,10
13.0629701614,80.2831726074,48206,48217,11
13.0638198853,80.2833328247,48217,48227,10
13.0646896362,80.2835388184,48227,48237,10
13.0655298233,80.2836685181,48237,48247,10
13.0656003952,80.2836914063,48247,48257,10
13.0659999847,80.283782959,48257,48266,9
13.0666904449,80.2839431763,48266,48277,11
13.0677995682,80.2841873169,48277,48284,7
13.0685901642,80.284362793,48284,48297,13
13.0701799393,80.2847595215,48297,48307,10
13.0709295273,80.2848968506,48307,48317,10
13.0717601776,80.2851333618,48317,48328,11
13.0729398727,80.2852706909,48328,48338,10
13.0738697052,80.2854995728,48338,48348,10
13.0743503571,80.2860870361,48348,48358,10
13.0751695633,80.2865829468,48358,48368,10
13.0759401321,80.2869491577,48368,48378,10
13.0770101547,80.2872314453,48378,48388,10
13.0781402588,80.2874984741,48388,48398,10
13.07929039,80.2879104614,48398,48408,10
13.0798397064,80.2880172729,48408,48418,10
13.0800504684,80.2880630493,48418,48428,10
13.0805196762,80.2882003784,48428,48439,11
13.0810899734,80.2883605957,48439,48449,10
13.0819396973,80.2886734009,48449,48459,10
13.0830097198,80.2891082764,48459,48469,10
13.0841798782,80.2891235352,48469,48479,10
13.0867900848,80.2894897461,48479,48489,10
13.0867900848,80.2894897461,48489,48499,10
13.08796978,80.2899398804,48499,48508,9
13.0888204575,80.2901535034,48508,48552,44
13.0888204575,80.2901535034,48552,48562,10
13.0888595581,80.2902374268,48562,48572,10
13.0886697769,80.2904205322,48572,48582,10
13.0884199142,80.2902908325,48582,48592,10
13.0878601074,80.2900314331,48592,48602,10
13.0870304108,80.2897262573,48602,48612,10
13.0861701965,80.2894973755,48612,48622,10
13.0855703354,80.2890777588,48622,48632,10
13.0851802826,80.2882232666,48632,48642,10
13.0851602554,80.2870635986,48642,48652,10
13.0852499008,80.2859191895,48652,48662,10
13.0853500366,80.2848434448,48662,48672,10
13.0852804184,80.2842636108,48672,48684,12
13.0852499008,80.2841873169,48684,48694,10
13.0853595734,80.2839126587,48694,48702,8
13.0854101181,80.2837524414,48702,48712,10
13.0855998993,80.2835006714,48712,48722,10
13.0666704178,80.267326355,48722,48723,1
13.0666999817,80.2671737671,48723,48730,7
13.0666999817,80.2671737671,48730,48732,2
13.0862903595,80.2835693359,48732,48743,11
13.0864896774,80.2837295532,48743,48754,11
13.0867595673,80.2838973999,48754,48773,19
13.0666999817,80.2671737671,48773,48780,7
13.0867595673,80.2838973999,48780,49102,322
13.0867395401,80.2838134766,49102,49891,789
13.0867996216,80.2840194702,49891,51133,1242
13.0868701935,80.2838363647,51133,51163,30
13.0870800018,80.2838821411,51163,51193,30
13.0876598358,80.2838973999,51193,51224,31
13.0877599716,80.2838821411,51224,51314,90
13.0881595612,80.283706665,51314,51345,31
13.0882997513,80.2833709717,51345,51375,30
13.0882501602,80.282081604,51375,51404,29
13.0884504318,80.2815322876,51404,51436,32
13.0883703232,80.2825698853,51436,51466,30
13.0883703232,80.2825698853,51466,51496,30
13.0883598328,80.283821106,51496,51506,10
13.0883798599,80.2844772339,51506,51516,10
13.0883903503,80.2850799561,51516,51526,10
13.0884504318,80.2855529785,51526,51537,11
13.0884799957,80.2862472534,51537,51547,10
13.0884599686,80.2865371704,51547,51557,10
13.0885000229,80.287071228,51557,51567,10
13.0885400772,80.2874832153,51567,51577,10
13.0885801315,80.2878494263,51577,51587,10
13.0886697769,80.2884368896,51587,51597,10
13.0886802673,80.2886734009,51597,51607,10
13.0887403488,80.2891998291,51607,51617,10
13.088760376,80.2898864746,51617,51627,10
13.0886602402,80.2903900146,51627,51637,10
13.0881595612,80.2901763916,51637,51647,10
13.0874099731,80.2898025513,51647,51658,11
13.0864400864,80.2894592285,51658,51668,10
13.0853500366,80.2891921997,51668,51678,10
13.0843095779,80.2891387939,51678,51688,10
13.0833396912,80.2891616821,51688,51698,10
13.0824899673,80.2889633179,51698,51708,10
13.0817804337,80.2886962891,51708,51718,10
13.0809898376,80.2884216309,51718,51727,9
13.0803203583,80.2882385254,51727,51738,11
13.0792503357,80.2879867554,51738,51748,10
13.0781602859,80.2875900269,51748,51760,12
13.077050209,80.287322998,51760,51770,10
13.0759496689,80.2870330811,51770,51780,10
13.0750799179,80.2866516113,51780,51790,10
13.074259758,80.2861785889,51790,51800,10
13.0740003586,80.2861404419,51800,51810,10
13.0739002228,80.2861328125,51810,51820,10
13.073390007,80.285987854,51820,51830,10
13.0726604462,80.2855834961,51830,51840,10
13.0716600418,80.2852401733,51840,51850,10
13.0704298019,80.2849197388,51850,51860,10
13.0690898895,80.2845993042,51860,51871,11
13.0676698685,80.2843170166,51871,51881,10
13.0663299561,80.2840423584,51881,51891,10
13.065079689,80.2837524414,51891,51901,10
13.0643596649,80.2835922241,51901,51911,10
13.064330101,80.2835922241,51911,51921,10
13.0642204285,80.2835769653,51921,51931,10
13.0637702942,80.2834396362,51931,51941,10
13.0631504059,80.2832870483,51941,51951,10
13.0625896454,80.2831573486,51951,51961,10
13.0624799728,80.2831420898,51961,51971,10
13.0621404648,80.2830581665,51971,51981,10
13.0614995956,80.2828903198,51981,51992,11
13.0605401993,80.2826766968,51992,52002,10
13.059419632,80.2824630737,52002,52010,8
13.058549881,80.2822875977,52010,52022,12
13.057559967,80.2821121216,52022,52032,10
13.0569000244,80.2819595337,52032,52042,10
13.0566701889,80.2819290161,52042,52052,10
13.0562400818,80.2818374634,52052,52062,10
13.0555095673,80.2816696167,52062,52072,10
13.0545597076,80.2814788818,52072,52082,10
13.0534696579,80.2812805176,52082,52092,10
13.0523099899,80.2810974121,52092,52103,11
13.0512504578,80.2809371948,52103,52113,10
13.0510196686,80.2809066772,52113,52123,10
13.0509595871,80.2808990479,52123,52133,10
13.0505199432,80.2808380127,52133,52143,10
13.0499401093,80.28074646,52143,52153,10
13.0492095947,80.2806472778,52153,52163,10
13.0482702255,80.2805099487,52163,52173,10
13.0471401215,80.2803421021,52173,52183,10
13.045999527,80.2801895142,52183,52193,10
13.0448904037,80.2800521851,52193,52202,9
13.0440502167,80.2799301147,52202,52214,12
13.0431699753,80.2797927856,52214,52224,10
13.0422697067,80.279586792,52224,52234,10
13.0411701202,80.2794036865,52234,52244,10
13.040140152,80.2791671753,52244,52254,10
13.0393104553,80.2789535522,52254,52264,10
13.0390996933,80.2788925171,52264,52274,10
13.0389604568,80.2788162231,52274,52284,10
13.0384702682,80.2786102295,52284,52294,10
13.0377502441,80.2783889771,52294,52304,10
13.0371103287,80.2782211304,52304,52314,10
13.0363798141,80.2779388428,52314,52325,11
13.0354995728,80.2777404785,52325,52335,10
13.0347900391,80.277633667,52335,52345,10
13.0342798233,80.2775115967,52345,52355,10
13.0342102051,80.2774887085,52355,52365,10
13.0339002609,80.2773895264,52365,52375,10
13.0335998535,80.2773590088,52375,52385,10
13.0331697464,80.2774581909,52385,52395,10
13.0326004028,80.2774963379,52395,52405,10
13.0320301056,80.2775726318,52405,52415,10
13.0312995911,80.2775115967,52415,52425,10
13.0309400558,80.2772674561,52425,52434,9
13.0309000015,80.2772216797,52434,52446,12
13.0304803848,80.2769470215,52446,52456,10
13.0298204422,80.2767333984,52456,52466,10
13.0289497375,80.2764587402,52466,52476,10
13.0284404755,80.2762680054,52476,52486,10
13.0277700424,80.276008606,52486,52496,10
13.0268201828,80.2756118774,52496,52506,10
13.0260295868,80.2752838135,52506,52516,10
13.0257396698,80.2751235962,52516,52526,10
13.0252103806,80.2748794556,52526,52536,10
13.0245599747,80.274559021,52536,52546,10
13.0241003036,80.2741012573,52546,52555,9
13.023730278,80.2735671997,52555,52567,12
13.0231599808,80.2727890015,52567,52577,10
13.0225696564,80.2720031738,52577,52587,10
13.0220003128,80.271232605,52587,52597,10
13.0214395523,80.2705230713,52597,52607,10
13.0209598541,80.2699890137,52607,52617,10
13.0209197998,80.2699279785,52617,52627,10
13.0206604004,80.2695770264,52627,52637,10
13.0202102661,80.2690124512,52637,52647,10
13.0196304321,80.2683029175,52647,52657,10
13.0190095901,80.267578125,52657,52667,10
13.0186500549,80.2666397095,52667,52677,10
13.0186300278,80.2658920288,52677,52687,10
13.0187702179,80.2652893066,52687,52698,11
13.0190095901,80.2643890381,52698,52708,10
13.018989563,80.2636032104,52708,52720,12
13.0189304352,80.2631530762,52720,52727,7
13.0188798904,80.2627716064,52727,52738,11
13.0187997818,80.26197052,52738,52748,10
13.0187101364,80.2614135742,52748,52758,10
13.0183496475,80.2610626221,52758,52769,11
13.0176401138,80.2606201172,52769,52781,12
13.0167398453,80.260017395,52781,52789,8
13.0161895752,80.259727478,52789,52799,10
13.0160999298,80.2596817017,52799,52811,12
13.0156803131,80.2594833374,52811,52821,10
13.0150203705,80.2593231201,52821,52831,10
13.0142602921,80.2592697144,52831,52841,10
13.0132799149,80.2592315674,52841,52851,10
13.0120801926,80.2591934204,52851,52861,10
13.0108995438,80.2591629028,52861,52871,10
13.0096597672,80.2591400146,52871,52881,10
13.0084896088,80.2591323853,52881,52891,10
13.0074100494,80.2586975098,52891,52902,11
13.0065898895,80.2575073242,52902,52912,10
13.0065002441,80.2561721802,52912,52922,10
13.0065002441,80.255027771,52922,52932,10
13.0064697266,80.2541809082,52932,52942,10
13.0064697266,80.2539520264,52942,52952,10
13.0065402985,80.253868103,52952,52962,10
13.0065698624,80.2534713745,52962,52972,10
13.0066099167,80.2523269653,52972,52992,20
13.0066099167,80.2523269653,52992,53002,10
13.0066404343,80.2522964478,53002,53013,11
13.0066995621,80.2519073486,53013,53023,10
13.0067901611,80.2512969971,53023,53033,10
13.0068101883,80.2504806519,53033,53043,10
13.0067996979,80.2494812012,53043,53053,10
13.0067300797,80.2485198975,53053,53063,10
13.006649971,80.2479400635,53063,53113,50
13.006649971,80.2479400635,53113,53124,11
13.0066404343,80.2476501465,53124,53134,10
13.006649971,80.2470779419,53134,53144,10
13.0065803528,80.2466278076,53144,53154,10
13.0065803528,80.2466201782,53154,53164,10
13.0066099167,80.2464065552,53164,53174,10
13.0066299438,80.2460021973,53174,53184,10
13.0066099167,80.2454528809,53184,53194,10
13.0066003799,80.2448272705,53194,53204,10
13.0066003799,80.2442398071,53204,53214,10
13.0065803528,80.2437667847,53214,53224,10
13.0065698624,80.243347168,53224,53235,11
13.0065603256,80.2425613403,53235,53245,10
13.0065803528,80.2416305542,53245,53255,10
13.0066604614,80.2407531738,53255,53265,10
13.0067195892,80.2402877808,53265,53275,10
13.006819725,80.2397689819,53275,53285,10
13.0069599152,80.2389678955,53285,53295,10
13.0071697235,80.2379989624,53295,53305,10
13.0074195862,80.2366409302,53305,53325,20
13.0074195862,80.2366409302,53325,53335,10
13.0075302124,80.2363510132,53335,53345,10
13.0076303482,80.235786438,53345,53356,11
13.0077896118,80.2349777222,53356,53366,10
13.0079898834,80.2340393066,53366,53376,10
13.0082302094,80.2328109741,53376,53386,10
13.0084896088,80.2314910889,53386,53396,10
13.0087404251,80.2301712036,53396,53406,10
13.0089902878,80.2288970947,53406,53416,10
13.0093402863,80.2277526855,53416,53426,10
13.0098695755,80.2265625,53426,53436,10
13.0103902817,80.2254333496,53436,53446,10
13.0108699799,80.2243881226,53446,53455,9
13.0111198425,80.2237319946,53455,53467,12
13.0111999512,80.2233505249,53467,53475,8
13.0111398697,80.2230834961,53475,53487,12
13.0104503632,80.2227478027,53487,53497,10
13.0096502304,80.2223205566,53497,53507,10
13.0088300705,80.2218780518,53507,53517,10
13.0079402924,80.2213897705,53517,53527,10
13.0069799423,80.2208633423,53527,53537,10
13.0059995651,80.2205200195,53537,53547,10
13.0050096512,80.2203063965,53547,53557,10
13.0044403076,80.2201919556,53557,53567,10
13.0037298203,80.2200317383,53567,53578,11
13.0030002594,80.2198028564,53578,53588,10
13.0023403168,80.2193832397,53588,53598,10
13.0018501282,80.2189025879,53598,53608,10
13.0013303757,80.2184371948,53608,53618,10
13.0008602142,80.2180709839,53618,53628,10
13.0003299713,80.2177505493,53628,53638,10
12.9996500015,80.217338562,53638,53648,10
12.9989595413,80.2169799805,53648,53658,10
12.9982204437,80.2166366577,53658,53668,10
12.9976196289,80.2165374756,53668,53678,10
12.9975795746,80.2165298462,53678,53688,10
12.9973297119,80.2165222168,53688,53698,10
12.9972600937,80.2165298462,53698,53708,10
12.9969100952,80.2165374756,53708,53718,10
12.9963302612,80.216583252,53718,53728,10
12.99559021,80.2167510986,53728,53738,10
12.9952602386,80.2169189453,53738,53749,11
12.9951400757,80.2170028687,53749,53789,40
12.9951400757,80.2170028687,53789,53799,10
12.9948596954,80.2171783447,53799,53809,10
12.9944801331,80.2174606323,53809,53819,10
12.9939804077,80.2178192139,53819,53829,10
12.9933700562,80.2182312012,53829,53839,10
12.9926900864,80.21875,53839,53849,10
12.9918804169,80.2193527222,53849,53859,10
12.9912395477,80.219833374,53859,53869,10
12.9908103943,80.220161438,53869,53879,10
12.9903402328,80.2205200195,53879,53889,10
12.9898195267,80.2210235596,53889,53899,10
12.9892301559,80.2217025757,53899,53909,10
12.9886302948,80.2225036621,53909,53922,13
12.9878501892,80.2230911255,53922,53932,10
12.9874200821,80.2230987549,53932,53942,10
12.9868898392,80.2229995728,53942,53952,10
12.9862203598,80.2229690552,53952,53962,10
12.9855699539,80.2231903076,53962,53972,10
12.9850196838,80.2232131958,53972,53982,10
12.9845504761,80.2229537964,53982,53992,10
12.9841003418,80.2226715088,53992,54002,10
12.9835500717,80.2223587036,54002,54012,10
12.9832496643,80.2221603394,54012,54022,10
12.9832000732,80.2221221924,54022,54033,11
12.9830999374,80.2219772339,54033,54043,10
12.9826898575,80.221862793,54043,54053,10
12.9823503494,80.221786499,54053,54063,10
12.9818401337,80.2214813232,54063,54073,10
12.9811601639,80.2210769653,54073,54083,10
12.9802503586,80.2210464478,54083,54093,10
12.9792404175,80.2211227417,54093,54103,10
12.9782896042,80.2211837769,54103,54113,10
12.977350235,80.2211914063,54113,54123,10
12.9765901566,80.221206665,54123,54133,10
12.9762897491,80.221206665,54133,54144,11
12.9761896133,80.221206665,54144,54154,10
12.9760398865,80.221321106,54154,54164,10
12.9764995575,80.2219772339,54164,55911,1747
12.9764995575,80.2219772339,55911,55921,10
12.9766702652,80.2222213745,55921,55930,9
12.9768295288,80.2225112915,55930,55941,11
12.9769697189,80.2227020264,55941,55951,10
12.9772901535,80.22265625,55951,55961,10
12.9774503708,80.2225494385,55961,55973,12
12.9774703979,80.2223587036,55973,55981,8
12.9774599075,80.2219390869,55981,55993,12
12.9774303436,80.2213897705,55993,56003,10
12.9774303436,80.2213592529,56003,56013,10
12.9777202606,80.2211914063,56013,56023,10
12.9781904221,80.2211685181,56023,56033,10
12.9789600372,80.2211532593,56033,56043,10
12.9797296524,80.2210235596,56043,56053,10
12.9806604385,80.2210006714,56053,56063,10
12.981470108,80.2212295532,56063,56073,10
12.9818496704,80.221496582,56073,56083,10
12.9822702408,80.2216796875,56083,56094,11
12.9827804565,80.2218399048,56094,56104,10
12.9829101563,80.2219161987,56104,56114,10
12.9830799103,80.2220230103,56114,56124,10
12.9833602905,80.2222290039,56124,56134,10
12.9837503433,80.2224578857,56134,56144,10
12.9843301773,80.2227783203,56144,56154,10
12.9849300385,80.2231063843,56154,56164,10
12.9854001999,80.2231369019,56164,56174,10
12.9859399796,80.22290802,56174,56184,10
12.9864196777,80.2229232788,56184,56194,10
12.9864702225,80.2229232788,56194,56205,11
12.9867095947,80.2229003906,56205,56215,10
12.987159729,80.2229766846,56215,56225,10
12.9876298904,80.2229537964,56225,56235,10
12.9881496429,80.2226333618,56235,56245,10
12.9887104034,80.2221984863,56245,56255,10
12.9891195297,80.2217407227,56255,56265,10
12.9895896912,80.221206665,56265,56275,10
12.9901895523,80.2206115723,56275,56285,10
12.9908304214,80.2201690674,56285,56295,10
12.9910202026,80.2199172974,56295,56305,10
12.991230011,80.2197036743,56305,56316,11
12.9916296005,80.2193908691,56316,56326,10
12.9919500351,80.2191696167,56326,56336,10
12.9924097061,80.2188415527,56336,56346,10
12.9929199219,80.21849823,56346,56356,10
12.9933900833,80.2181015015,56356,56366,10
12.9938497543,80.2177429199,56366,56376,10
12.9943399429,80.2174377441,56376,56386,10
12.9946498871,80.2172164917,56386,56396,10
12.9951200485,80.2169036865,56396,56406,10
12.9957304001,80.2166366577,56406,56416,10
12.9964599609,80.2164916992,56416,56427,11
12.9970502853,80.2164077759,56427,56437,10
12.9974899292,80.2164306641,56437,56457,20
12.9974899292,80.2164306641,56457,56467,10
12.9977903366,80.216506958,56467,56477,10
12.9982500076,80.2166137695,56477,56487,10
12.9988803864,80.2168502808,56487,56497,10
12.9995698929,80.2171707153,56497,56507,10
13.0002403259,80.2176132202,56507,56517,10
13.0009498596,80.2180099487,56517,56526,9
13.0016002655,80.2185134888,56526,56538,12
13.0023603439,80.2193374634,56538,56549,11
13.0033102036,80.2198410034,56549,56559,10
13.0043001175,80.2200927734,56559,56569,10
13.0052404404,80.2202911377,56569,56579,10
13.0062999725,80.2205123901,56579,56589,10
13.0073003769,80.2209472656,56589,56599,10
13.0082502365,80.2214584351,56599,56609,10
13.0092096329,80.2220077515,56609,56619,10
13.0100898743,80.2224807739,56619,56629,10
13.0109100342,80.22290802,56629,56639,10
13.0114498138,80.22315979,56639,56649,10
13.011639595,80.2233428955,56649,56660,11
13.0120897293,80.2235717773,56660,56670,10
13.0127496719,80.2239608765,56670,56680,10
13.0134897232,80.2243804932,56680,56690,10
13.0143098831,80.2247619629,56690,56700,10
13.0150003433,80.2250137329,56700,56710,10
13.0151901245,80.2251968384,56710,56720,10
13.0153903961,80.2253570557,56720,56730,10
13.0153303146,80.225730896,56730,56740,10
13.0151596069,80.2258834839,56740,56750,10
13.0147399902,80.22605896,56750,56760,10
13.0141000748,80.2263031006,56760,56770,10
13.0134096146,80.2265701294,56770,56780,10
13.012720108,80.2268600464,56780,56790,10
13.0119895935,80.2271575928,56790,56800,10
13.0111198425,80.2275009155,56800,56810,10
13.0101699829,80.227897644,56810,56820,10
13.009349823,80.2282714844,56820,56830,10
13.0090303421,80.2290496826,56830,56841,11
13.0087995529,80.2301864624,56841,56851,10
13.0085601807,80.2313995361,56851,56861,10
13.0083398819,80.2326126099,56861,56871,10
13.0082397461,80.2334976196,56871,56883,12
13.0082197189,80.2336196899,56883,56892,9
13.0081501007,80.2338409424,56892,56904,12
13.0080499649,80.234413147,56904,56914,10
13.0080003738,80.2345962524,56914,56924,10
13.0079402924,80.2349014282,56924,56934,10
13.0078201294,80.2354888916,56934,56944,10
13.0076599121,80.236328125,56944,56954,10
13.0074596405,80.2372970581,56954,56964,10
13.0072698593,80.2383117676,56964,56974,10
13.0070896149,80.2392196655,56974,56981,7
13.006939888,80.2399215698,56981,57015,34
13.006939888,80.2399215698,57015,57025,10
13.0068302155,80.2398986816,57025,57035,10
13.0068302155,80.2402191162,57035,57045,10
13.006819725,80.2405014038,57045,57055,10
13.0068302155,80.2406616211,57055,57065,10
13.0067596436,80.2411193848,57065,57075,10
13.0067195892,80.2418670654,57075,57085,10
13.0067300797,80.2427597046,57085,57095,10
13.0067396164,80.2436599731,57095,57106,11
13.0067195892,80.2447280884,57106,57116,10
13.0067195892,80.2458190918,57116,57126,10
13.0067796707,80.2469177246,57126,57136,10
13.0067396164,80.2479019165,57136,57146,10
13.0067796707,80.2490081787,57146,57156,10
13.0068101883,80.2501068115,57156,57166,10
13.0068902969,80.251159668,57166,57174,8
13.0068302155,80.251701355,57174,57186,12
13.0066204071,80.2527618408,57186,57196,10
13.0066099167,80.253868103,57196,57206,10
13.0066204071,80.2548828125,57206,57217,11
13.0066204071,80.2558822632,57217,57227,10
13.0066404343,80.2567520142,57227,57237,10
13.0066699982,80.2572021484,57237,57287,50
13.0065803528,80.2572784424,57287,57328,41
13.0065803528,80.2572784424,57328,57338,10
13.0066404343,80.2573623657,57338,57348,10
13.0068597794,80.2577819824,57348,57358,10
13.0071897507,80.2583236694,57358,57368,10
13.0076904297,80.2586517334,57368,57378,10
13.0082197189,80.2588577271,57378,57388,10
13.0086097717,80.2589797974,57388,57398,10
13.0091199875,80.2590179443,57398,57408,10
13.009929657,80.2590332031,57408,57418,10
13.0108995438,80.2590408325,57418,57428,10
13.0120201111,80.2590408325,57428,57438,10
13.0132598877,80.2591018677,57438,57449,11
13.0146903992,80.259147644,57449,57459,10
13.0158004761,80.2593307495,57459,57469,10
13.0164203644,80.2596282959,57469,57479,10
13.016500473,80.2596893311,57479,57489,10
13.0166101456,80.2598266602,57489,57499,10
13.0170097351,80.2601318359,57499,57509,10
13.017660141,80.260559082,57509,57519,10
13.0183801651,80.2610397339,57519,57529,10
13.0188398361,80.2614212036,57529,57539,10
13.0193796158,80.2619018555,57539,57549,10
13.0199899673,80.2624969482,57549,57560,11
13.0202198029,80.2629776001,57560,57570,10
13.0198097229,80.2629776001,57570,57580,10
13.0191402435,80.2629394531,57580,57590,10
13.0190496445,80.2633590698,57590,57600,10
13.0191497803,80.2641220093,57600,57610,10
13.0189304352,80.2649993896,57610,57620,10
13.0187797546,80.2654876709,57620,57630,10
13.0186595917,80.2660827637,57630,57640,10
13.0187301636,80.2668609619,57640,57650,10
13.0191602707,80.2676773071,57650,57660,10
13.0197896957,80.2685165405,57660,57671,11
13.0205497742,80.2693786621,57671,57681,10
13.0208396912,80.2697219849,57681,57691,10
13.0210199356,80.2699508667,57691,57701,10
13.0213603973,80.270362854,57701,57711,10
13.0215797424,80.2705764771,57711,57721,10
13.0218200684,80.2709197998,57721,57731,10
13.0222301483,80.2714614868,57731,57741,10
13.0227298737,80.272102356,57741,57751,10
13.0232896805,80.2728729248,57751,57761,10
13.0238704681,80.27368927,57761,57831,70
13.0238704681,80.27368927,57831,57841,10
13.0241298676,80.2740097046,57841,57852,11
13.0246095657,80.2745666504,57852,57862,10
13.0252199173,80.2748184204,57862,57872,10
13.0252799988,80.2748413086,57872,57883,11
13.0254201889,80.2749099731,57883,57892,9
13.0257301331,80.275062561,57892,57902,10
13.0263004303,80.2753295898,57902,57912,10
13.0269298553,80.2755889893,57912,57922,10
13.0276603699,80.2759094238,57922,57934,12
13.0285196304,80.2762298584,57934,57944,10
13.0290699005,80.2764434814,57944,57952,8
13.029709816,80.2766113281,57952,57962,10
13.030500412,80.2769393921,57962,57972,10
13.0312795639,80.2774276733,57972,57982,10
13.0318098068,80.2774810791,57982,57994,12
13.0324897766,80.2774200439,57994,58003,9
13.0326404572,80.2774429321,58003,58015,12
13.0329303741,80.2774276733,58015,58025,10
13.0333900452,80.277381897,58025,58035,10
13.0340204239,80.2773971558,58035,58043,8
13.0346002579,80.2775192261,58043,58055,12
13.0355997086,80.2776565552,58055,58064,9
13.0364303589,80.2779083252,58064,58076,12
13.0373497009,80.2782974243,58076,58086,10
13.0383300781,80.2785491943,58086,58096,10
13.0388803482,80.278678894,58096,58106,10
13.0388803482,80.2786865234,58106,58116,10
13.0391902924,80.2788162231,58116,58127,11
13.0396900177,80.2789611816,58127,58137,10
13.0403995514,80.2791519165,58137,58147,10
13.0412797928,80.2793426514,58147,58157,10
13.0423297882,80.2795028687,58157,58167,10
13.0434703827,80.2797012329,58167,58177,10
13.0444898605,80.2799301147,58177,58187,10
13.0453996658,80.2800598145,58187,58197,10
13.0463895798,80.2802200317,58197,58207,10
13.0473804474,80.2803421021,58207,58217,10
13.0483102798,80.2804794312,58217,58227,10
13.049249649,80.2806167603,58227,58238,11
13.0500802994,80.28074646,58238,58248,10
13.0509996414,80.2808837891,58248,58258,10
13.0520401001,80.2810287476,58258,58268,10
13.0531597137,80.2811965942,58268,58278,10
13.0542697906,80.2813873291,58278,58288,10
13.0552997589,80.2816009521,58288,58298,10
13.0563697815,80.2817993164,58298,58318,20
13.0563697815,80.2817993164,58318,58328,10
13.0565395355,80.281829834,58328,58338,10
13.057009697,80.2819290161,58338,58349,11
13.057800293,80.2820968628,58349,58359,10
13.0585403442,80.2822570801,58359,58369,10
13.059419632,80.2824401855,58369,58379,10
13.0602502823,80.2826080322,58379,58389,10
13.0609798431,80.2827529907,58389,58399,10
13.0618896484,80.2829437256,58399,58409,10
13.062959671,80.2831726074,58409,58429,20
13.062959671,80.2831726074,58429,58439,10
13.0631303787,80.2831878662,58439,58449,10
13.0636396408,80.2833175659,58449,58460,11
13.0644302368,80.2835388184,58460,58470,10
13.0652103424,80.2837295532,58470,58480,10
13.0662603378,80.2839736938,58480,58490,10
13.067489624,80.2842102051,58490,58500,10
13.0686702728,80.2844314575,58500,58510,10
13.0698099136,80.2847137451,58510,58520,10
13.0704803467,80.284866333,58520,58530,10
13.0709295273,80.2849197388,58530,58540,10
13.0717201233,80.2851409912,58540,58550,10
13.0727300644,80.2852630615,58550,58560,10
13.0733499527,80.2852325439,58560,58571,11
13.0737304688,80.2853317261,58571,58581,10
13.0740404129,80.2857208252,58581,58601,20
13.0740404129,80.2857208252,58601,58611,10
13.0740995407,80.2858200073,58611,58621,10
13.0744800568,80.2861785889,58621,58631,10
13.0751495361,80.2865829468,58631,58641,10
13.0757398605,80.2869110107,58641,58651,10
13.0765600204,80.2871398926,58651,58661,10
13.0775003433,80.2873764038,58661,58671,10
13.0783004761,80.2875671387,58671,58681,10
13.0792703629,80.2879333496,58681,58692,11
13.0802202225,80.2881469727,58692,58702,10
13.0808401108,80.2882919312,58702,58712,10
13.0815095901,80.2885284424,58712,58722,10
13.082280159,80.288772583,58722,58733,11
13.0832195282,80.2891616821,58733,58743,10
13.084280014,80.2891464233,58743,58751,8
13.0851402283,80.2891235352,58751,58762,11
13.0861196518,80.2893371582,58762,58773,11
13.0871601105,80.289642334,58773,58783,10
13.0880098343,80.2900085449,58783,58792,9
13.0885095596,80.2901306152,58792,58803,11
13.0887098312,80.2901306152,58803,58813,10
13.0888299942,80.290222168,58813,58823,10
13.088640213,80.2904815674,58823,58833,10
13.0881299973,80.2901992798,58833,58843,10
13.0874595642,80.289932251,58843,58853,10
13.0866699219,80.2896881104,58853,58863,10
13.085940361,80.2894973755,58863,58872,9
13.085559845,80.289100647,58872,58883,11
13.0851802826,80.288269043,58883,58893,10
13.085149765,80.2872009277,58893,58903,10
13.0852403641,80.2860870361,58903,58915,12
13.0853500366,80.2848815918,58915,58925,10
13.0852899551,80.2840576172,58925,58935,10
13.085439682,80.2837295532,58935,58945,10
13.0855302811,80.2835388184,58945,58953,8
13.085729599,80.2835388184,58953,58965,12
13.0860996246,80.283531189,58965,58975,10
13.0863704681,80.2836837769,58975,58983,8
13.0865898132,80.2838363647,58983,59026,43
13.0865898132,80.2838363647,59026,59036,10
13.0867004395,80.2838821411,59036,59046,10
13.0868797302,80.2839279175,59046,59490,444
13.0868797302,80.2839279175,59490,59500,10
13.087269783,80.2839508057,59500,59510,10
13.0876302719,80.2839889526,59510,59560,50
13.0880203247,80.2839813232,59560,59580,20
13.0880203247,80.2839813232,59580,59591,11
13.0881299973,80.2837600708,59591,59601,10
13.0881996155,80.2835998535,59601,59611,10
13.0883102417,80.2834472656,59611,59621,10
13.0882997513,80.2830581665,59621,59631,10
13.0882902145,80.2825622559,59631,59641,10
13.0882196426,80.2819900513,59641,59651,10
13.0880804062,80.281463623,59651,59661,10
13.0882501602,80.281463623,59661,59671,10
13.0884895325,80.2815704346,59671,59681,10
13.0884799957,80.2820281982,59681,59691,10
13.0883798599,80.2825393677,59691,59702,11
13.0883102417,80.2830200195,59702,59712,10
13.0883302689,80.283531189,59712,59722,10
13.0883903503,80.2842178345,59722,59732,10
13.0884304047,80.2848510742,59732,59742,10
13.0884504318,80.2855224609,59742,59752,10
13.0884895325,80.2860488892,59752,59762,10
13.0885095596,80.2864227295,59762,59772,10
13.0885095596,80.2867507935,59772,59782,10
13.0885696411,80.2873535156,59782,59792,10
13.0885896683,80.2876281738,59792,59802,10
13.0886297226,80.2880020142,59802,59812,10
13.0886898041,80.2885437012,59812,59822,10
13.0887298584,80.2887878418,59822,59832,10
13.0887899399,80.2892379761,59832,59841,9
13.0888204575,80.2893371582,59841,59852,11
13.0888395309,80.2897033691,59852,59862,10
13.0888299942,80.2902374268,59862,59892,30
13.0888299942,80.2902374268,59892,59903,11
13.0887203217,80.2904510498,59903,59913,10
13.0884103775,80.2903671265,59913,59923,10
13.0878601074,80.2900619507,59923,59933,10
13.0871200562,80.2897109985,59933,59943,10
13.086230278,80.2894210815,59943,59954,11
13.085149765,80.2891998291,59954,59963,9
13.0842504501,80.2892227173,59963,59973,10
13.083319664,80.2892379761,59973,59983,10
13.082449913,80.2889862061,59983,59994,11
13.0816602707,80.2886886597,59994,60004,10
13.0809297562,80.2884063721,60004,60014,10
13.0802297592,80.288230896,60014,60024,10
13.0799703598,80.288192749,60024,60034,10
13.0796699524,80.2881393433,60034,60046,12
13.0789604187,80.287902832,60046,60056,10
13.0781602859,80.2875900269,60056,60066,10
13.0773601532,80.2873916626,60066,60076,10
13.0764303207,80.287147522,60076,60086,10
13.0754699707,80.2868270874,60086,60094,8
13.0749597549,80.2865371704,60094,60106,12
13.0741996765,80.2861480713,60106,60116,10
13.0741100311,80.2861328125,60116,60126,10
13.0740003586,80.2861099243,60126,60136,10
13.0735502243,80.2860107422,60136,60145,9
13.0729904175,80.2857589722,60145,60157,12
13.0720100403,80.2853012085,60157,60167,10
13.0708799362,80.2850036621,60167,60177,10
13.0695896149,80.2846908569,60177,60187,10
13.0683698654,80.2844085693,60187,60197,10
13.0673704147,80.2842636108,60197,60205,8
13.0664396286,80.2840499878,60205,60217,12
13.0650501251,80.283706665,60217,60227,10
13.0643701553,80.2835693359,60227,60237,10
13.0638504028,80.283416748,60237,60247,10
13.0632600784,80.2832794189,60247,60258,11
13.0631799698,80.2832565308,60258,60269,11
13.063079834,80.2832336426,60269,60279,10
13.0626802444,80.2831268311,60279,60289,10
13.0624504089,80.2830734253,60289,60299,10
13.062210083,80.2830123901,60299,60309,10
13.0616703033,80.2828903198,60309,60319,10
13.0609703064,80.2827224731,60319,60329,10
13.0602397919,80.2825622559,60329,60339,10
13.0593099594,80.282371521,60339,60349,10
13.0583200455,80.2821807861,60349,60359,10
13.0579595566,80.282119751,60359,60368,9
13.0577898026,80.2820892334,60368,60380,12
13.0573701859,80.2820205688,60380,60390,10
13.0568599701,80.2819213867,60390,60400,10
13.05671978,80.2818908691,60400,60410,10
13.0564804077,80.2818374634,60410,60420,10
13.0561199188,80.2817382813,60420,60430,10
13.0557804108,80.2816696167,60430,60440,10
13.0551204681,80.281539917,60440,60450,10
13.0542201996,80.2813491821,60450,60460,10
13.0530595779,80.2811584473,60460,60470,10
13.0518102646,80.2809677124,60470,60480,10
13.050620079,80.2807998657,60480,60491,11
13.0494003296,80.2806167603,60491,60501,10
13.0483198166,80.280456543,60501,60511,10
13.0471897125,80.2802963257,60511,60521,10
13.0462903976,80.2801895142,60521,60531,10
13.0452804565,80.2800521851,60531,60541,10
13.0442800522,80.2799301147,60541,60551,10
13.0436201096,80.279838562,60551,60561,10
13.0434103012,80.2798233032,60561,60571,10
13.0429697037,80.2797088623,60571,60581,10
13.0422496796,80.2795562744,60581,60591,10
13.0412797928,80.2793731689,60591,60602,11
13.0400695801,80.279083252,60602,60612,10
13.0392303467,80.2789001465,60612,60622,10
13.0390100479,80.2788391113,60622,60632,10
13.0389204025,80.2788009644,60632,60642,10
13.0384998322,80.2786483765,60642,60652,10
13.0379104614,80.2784500122,60652,60662,10
13.0374803543,80.2783432007,60662,60672,10
13.0368299484,80.2781295776,60672,60682,10
13.0360603333,80.2778701782,60682,60692,10
13.0351896286,80.2777099609,60692,60701,9
13.0344495773,80.2776031494,60701,60713,12
13.033829689,80.2774124146,60713,60723,10
13.0334997177,80.277381897,60723,60733,10
13.0329399109,80.2774810791,60733,60743,10
13.0322799683,80.2775192261,60743,60753,10
13.0314798355,80.2775802612,60753,60763,10
13.0310001373,80.2773590088,60763,60773,10
13.0307302475,80.2771835327,60773,60784,11
13.0301399231,80.2768783569,60784,60793,9
13.0295000076,80.2766876221,60793,60804,11
13.0285902023,80.2763977051,60804,60813,9
13.0279798508,80.2761383057,60813,60822,9
13.0273303986,80.2758636475,60822,60833,11
13.0264396667,80.2754516602,60833,60845,12
13.026049614,80.2752838135,60845,60857,12
13.0258798599,80.2751922607,60857,60867,10
13.0254001617,80.2749862671,60867,60877,10
13.0247402191,80.2747116089,60877,60887,10
13.0242004395,80.2742080688,60887,60915,28
13.0242004395,80.2742080688,60915,60927,12
13.0238199234,80.2737121582,60927,60938,11
13.0238199234,80.2737121582,60938,60948,10
13.0234603882,80.2732086182,60948,60956,8
13.0230703354,80.2726821899,60956,61000,44
13.020939827,80.2699890137,61000,61010,10
13.0208597183,80.2699127197,61010,61020,10
13.0206403732,80.2696228027,61020,61030,10
13.0202198029,80.2690963745,61030,61040,10
13.0196895599,80.2684402466,61040,61051,11
13.0190296173,80.2676391602,61051,61061,10
13.0186500549,80.2667617798,61061,61071,10
13.0186004639,80.2660217285,61071,61081,10
13.0187397003,80.2654037476,61081,61091,10
13.0189599991,80.2646026611,61091,61101,10
13.0190200806,80.2637634277,61101,61111,10
13.0189695358,80.2634124756,61111,61121,10
13.0188999176,80.2629089355,61121,61131,10
13.0188302994,80.2623672485,61131,61141,10
13.0187597275,80.2617797852,61141,61151,10
13.0185403824,80.2612609863,61151,61161,10
13.0178899765,80.2608337402,61161,61172,11
13.0170497894,80.2602615356,61172,61182,10
13.016169548,80.2597427368,61182,61202,20
13.016169548,80.2597427368,61202,61212,10
13.0159196854,80.2595825195,61212,61222,10
13.0153102875,80.2593917847,61222,61232,10
13.0145397186,80.2592926025,61232,61242,10
13.0136299133,80.259262085,61242,61252,10
13.0125598907,80.2592010498,61252,61262,10
13.0115604401,80.2591629028,61262,61272,10
13.0105695724,80.2591323853,61272,61283,11
13.0093202591,80.2591171265,61283,61293,10
13.0082702637,80.2590637207,61293,61303,10
13.007399559,80.2586669922,61303,61313,10
13.0067901611,80.2579727173,61313,61323,10
13.006529808,80.2571792603,61323,61333,10
13.0065002441,80.256149292,61333,61343,10
13.0065002441,80.2550506592,61343,61355,12
13.0064401627,80.2540588379,61355,61365,10
13.0064496994,80.2539367676,61365,61375,10
13.0064897537,80.2538070679,61375,61386,11
13.0065097809,80.2532730103,61386,61396,10
13.0065097809,80.2526931763,61396,61404,8
13.0065803528,80.2521362305,61404,61414,10
13.0066995621,80.2515411377,61414,61424,10
13.0067796707,80.251159668,61424,61435,11
13.0067596436,80.2503585815,61435,61445,10
13.0067396164,80.2493896484,61445,61455,10
13.0066699982,80.2484817505,61455,61465,10
13.0066204071,80.2479400635,61465,61485,20
13.0066204071,80.2479400635,61485,61495,10
13.0066099167,80.2475891113,61495,61505,10
13.0066204071,80.2469787598,61505,61517,12
13.0065698624,80.2465362549,61517,61527,10
13.0066204071,80.2462615967,61527,61537,10
13.0066003799,80.2456283569,61537,61547,10
13.0066003799,80.2449035645,61547,61557,10
13.0066299438,80.2443695068,61557,61567,10
13.0066099167,80.2440719604,61567,61577,10
13.0065898895,80.2434997559,61577,61587,10
13.0065898895,80.242767334,61587,61597,10
13.0065803528,80.2418136597,61597,61607,10
13.0066995621,80.2403793335,61607,61668,61
13.0066995621,80.2403793335,61668,61678,10
13.0067501068,80.2400588989,61678,61688,10
13.0068798065,80.2394180298,61688,61698,10
13.0070295334,80.2386398315,61698,61708,10
13.0072097778,80.2378921509,61708,61718,10
13.0073699951,80.2370300293,61718,61729,11
13.0073900223,80.2368164063,61729,61739,10
13.007399559,80.2368011475,61739,61749,10
13.0074996948,80.2364730835,61749,61759,10
13.0076303482,80.2359008789,61759,61769,10
13.0077800751,80.2351837158,61769,61779,10
13.0079603195,80.2343215942,61779,61789,10
13.0081796646,80.2332077026,61789,61799,10
13.0084199905,80.2319564819,61799,61809,10
13.0086297989,80.230758667,61809,61819,10
13.0088500977,80.229637146,61819,61829,10
13.009059906,80.2285766602,61829,61842,13
13.0095100403,80.2273483276,61842,61852,10
13.010020256,80.226272583,61852,61862,10
13.0104904175,80.2251968384,61862,61872,10
13.0107803345,80.2245330811,61872,61882,10
13.011059761,80.2238464355,61882,61892,10
13.0112304688,80.223449707,61892,61902,10
13.0112895966,80.2232589722,61902,61912,10
13.0110301971,80.2230606079,61912,61922,10
13.0104398727,80.2227630615,61922,61931,9
13.0097703934,80.2224121094,61931,61942,11
13.0088100433,80.2218933105,61942,61953,11
13.0077896118,80.2213363647,61953,61963,10
13.0070199966,80.2209320068,61963,61973,10
13.0062303543,80.2206192017,61973,61983,10
13.0052099228,80.2203826904,61983,61993,10
13.0042495728,80.2201538086,61993,62003,10
13.0034704208,80.2199707031,62003,62012,9
13.0027103424,80.2197113037,62012,62024,12
13.0018901825,80.2189331055,62024,62035,11
13.0012102127,80.2183609009,62035,62045,10
13.0005998611,80.2179489136,62045,62054,9
13.0000600815,80.217628479,62054,62066,12
12.9992103577,80.2171401978,62066,62078,12
12.9986896515,80.2168731689,62078,62088,10
12.9980401993,80.2166137695,62088,62098,10
12.9974098206,80.2165222168,62098,62108,10
12.9972696304,80.2165222168,62108,62118,10
12.9968900681,80.2165298462,62118,62128,10
12.996219635,80.2166290283,62128,62138,10
12.9952602386,80.2169265747,62138,62158,20
12.9952602386,80.2169265747,62158,62168,10
12.9951095581,80.217010498,62168,62179,11
12.9947500229,80.2172622681,62179,62189,10
12.9942998886,80.2175827026,62189,62199,10
12.9937400818,80.2179794312,62199,62209,10
12.993060112,80.2184677124,62209,62219,10
12.9923696518,80.2189788818,62219,62229,10
12.9917497635,80.2194366455,62229,62239,10
12.9913196564,80.2197418213,62239,62249,10
12.9909095764,80.2200393677,62249,62259,10
12.9908800125,80.2200775146,62259,62269,10
12.9905595779,80.2203216553,62269,62279,10
12.9900197983,80.2207717896,62279,62290,11
12.9894504547,80.2214126587,62290,62300,10
12.9889802933,80.2219772339,62300,62310,10
12.988530159,80.2224731445,62310,62320,10
12.9879798889,80.2229385376,62320,62330,10
12.987739563,80.2230682373,62330,62340,10
12.9876403809,80.2230911255,62340,62348,8
12.9873800278,80.2230911255,62348,62360,12
12.9870004654,80.2230377197,62360,62370,10
12.986579895,80.2229690552,62370,62380,10
12.9858598709,80.2229995728,62380,62389,9
12.9854698181,80.2232666016,62389,62400,11
12.9849004745,80.2231521606,62400,62411,11
12.9842700958,80.2228088379,62411,62421,10
12.9836997986,80.2224884033,62421,62431,10
12.9833202362,80.2222595215,62431,62451,20
12.9833202362,80.2222595215,62451,62461,10
12.9832000732,80.22215271,62461,62471,10
12.9830598831,80.222038269,62471,62481,10
12.9828100204,80.2219314575,62481,62491,10
12.9825000763,80.2218322754,62491,62501,10
12.9823999405,80.2217788696,62501,62510,9
12.9820804596,80.2216491699,62510,62522,12
12.9813804626,80.2211990356,62522,62532,10
12.9805202484,80.2210693359,62532,62542,10
12.9794397354,80.2211532593,62542,62552,10
12.9784202576,80.2212295532,62552,62562,10
12.9776201248,80.2212524414,62562,62572,10
12.9768104553,80.2212600708,62572,62582,10
12.976099968,80.2213973999,62582,62612,30
12.976099968,80.2213973999,62612,62622,10
12.9761199951,80.2215423584,62622,62633,11
12.9761896133,80.2216567993,62633,62643,10
12.9765996933,80.2221984863,62643,62945,302
12.9765996933,80.2221984863,62945,62955,10
12.9767799377,80.2225265503,62955,62966,11
12.9770402908,80.2228164673,62966,62977,11
12.9772596359,80.2227478027,62977,62987,10
12.9774999619,80.2225875854,62987,62997,10
12.9774799347,80.2221603394,62997,63007,10
12.9774599075,80.2216033936,63007,63016,9
12.9774799347,80.2212677002,63016,63026,10
12.9777898788,80.2212295532,63026,63035,9
12.9782600403,80.2212219238,63035,63046,11
12.9791402817,80.2211608887,63046,63056,10
12.980099678,80.2210922241,63056,63066,10
12.9809503555,80.2210617065,63066,63076,10
12.9816904068,80.2214126587,63076,63088,12
12.9823904037,80.2218093872,63088,63096,8
12.9826002121,80.221862793,63096,63108,12
12.9829597473,80.2220001221,63108,63118,10
12.9831399918,80.2220993042,63118,63128,10
12.9835300446,80.222366333,63128,63138,10
12.984000206,80.2226409912,63138,63148,10
12.9844799042,80.2229385376,63148,63158,10
12.9849300385,80.2231826782,63158,63168,10
12.9854297638,80.2232894897,63168,63178,10
12.9858798981,80.2229919434,63178,63188,10
12.9865102768,80.2229690552,63188,63199,11
12.9870195389,80.2230529785,63199,63209,10
12.9876499176,80.2230911255,63209,63219,10
12.9883403778,80.22265625,63219,63229,10
12.9888296127,80.2221679688,63229,63239,10
12.9893198013,80.221572876,63239,63249,10
12.9898395538,80.2209396362,63249,63259,10
12.9904203415,80.2203903198,63259,63269,10
12.9905796051,80.2202606201,63269,63279,10
12.9909601212,80.2199401855,63279,63289,10
12.9914999008,80.2195281982,63289,63299,10
12.992099762,80.2191009521,63299,63310,11
12.992650032,80.2186965942,63310,63320,10
12.9931201935,80.2183685303,63320,63330,10
12.9938097,80.217880249,63330,63340,10
12.9941396713,80.2176513672,63340,63350,10
12.9944400787,80.2174301147,63350,63360,10
12.9946603775,80.2172622681,63360,63370,10
12.9949703217,80.2170562744,63370,63380,10
12.9954004288,80.2168121338,63380,63390,10
12.9960298538,80.2166290283,63390,63400,10
12.9967403412,80.2165222168,63400,63410,10
12.9970998764,80.2164764404,63410,63421,11
12.9975099564,80.2164916992,63421,63431,10
12.9975204468,80.2164916992,63431,63441,10
12.9978704453,80.2165527344,63441,63451,10
12.9984397888,80.2166976929,63451,63461,10
12.9991197586,80.2170181274,63461,63471,10
12.9999103546,80.2174835205,63471,63481,10
13.0007400513,80.2180023193,63481,63491,10
13.0013103485,80.2183609009,63491,63499,8
13.0018100739,80.218788147,63499,63511,12
13.0025501251,80.2195510864,63511,63521,10
13.0032997131,80.219909668,63521,63532,11
13.0039196014,80.2200622559,63532,63542,10
13.0046396255,80.2202224731,63542,63552,10
13.0055303574,80.2204284668,63552,63561,9
13.006480217,80.2206420898,63561,63572,11
13.0077199936,80.2212371826,63572,63582,10
13.008890152,80.2218704224,63582,63592,10
13.0099601746,80.2224578857,63592,63602,10
13.0109100342,80.2229614258,63602,63612,10
13.0113296509,80.2230911255,63612,63622,10
13.0115098953,80.2232208252,63622,63631,9
13.011759758,80.2234268188,63631,63643,12
13.0124797821,80.2237930298,63643,63653,10
13.013250351,80.2242126465,63653,63663,10
13.013999939,80.2246017456,63663,63673,10
13.0146598816,80.2249526978,63673,63683,10
13.0152702332,80.2253189087,63683,63713,30
13.0152702332,80.2253189087,63713,63723,10
13.0154600143,80.225479126,63723,63733,10
13.0152301788,80.2258529663,63733,63743,10
13.0146102905,80.2260665894,63743,63754,11
13.0138101578,80.2263870239,63754,63764,10
13.0130395889,80.2266998291,63764,63774,10
13.0121803284,80.2270584106,63774,63784,10
13.0112199783,80.2274627686,63784,63794,10
13.0102500916,80.2278594971,63794,63804,10
13.0093002319,80.2283172607,63804,63814,10
13.0090103149,80.2292709351,63814,63824,10
13.0087795258,80.23046875,63824,63834,10
13.0085496902,80.2316665649,63834,63844,10
13.0083703995,80.232673645,63844,63854,10
13.0082998276,80.2333297729,63854,63863,9
13.0082597733,80.233581543,63863,63875,12
13.0081701279,80.2338180542,63875,63885,10
13.0080795288,80.2342834473,63885,63895,10
13.0079402924,80.2349777222,63895,63905,10
13.0077800751,80.2357635498,63905,63915,10
13.0076198578,80.2366027832,63915,63925,10
13.0074501038,80.237449646,63925,63935,10
13.0073003769,80.2382583618,63935,63945,10
13.0071601868,80.2389373779,63945,63955,10
13.0069704056,80.2399978638,63955,64047,92
13.0069704056,80.2399978638,64047,64056,9
13.0069503784,80.2400436401,64056,64066,10
13.0069198608,80.2404327393,64066,64076,10
13.0068998337,80.2406616211,64076,64086,10
13.0068798065,80.2408218384,64086,64098,12
13.0068101883,80.2414779663,64098,64106,8
13.0067796707,80.2421722412,64106,64118,12
13.0067396164,80.243347168,64118,64128,10
13.0067195892,80.2442626953,64128,64136,8
13.0067300797,80.2449798584,64136,64146,10
13.0067501068,80.2459335327,64146,64156,10
13.006770134,80.2466506958,64156,64166,10
13.0067996979,80.247253418,64166,64176,10
13.0067396164,80.2478790283,64176,64186,10
13.0067596436,80.2487030029,64186,64196,10
13.0067901611,80.2493515015,64196,64209,13
13.0068302155,80.2501907349,64209,64219,10
13.0068597794,80.2509078979,64219,64229,10
13.0068502426,80.251373291,64229,64239,10
13.006770134,80.2517623901,64239,64249,10
13.0066204071,80.2524719238,64249,64259,10
13.0066003799,80.2534179688,64259,64269,10
13.0066099167,80.2543029785,64269,64279,10
13.0066099167,80.2548904419,64279,64289,10
13.0066299438,80.255569458,64289,64299,10
13.0066404343,80.2563934326,64299,64309,10
13.0066699982,80.2568664551,64309,64330,21
13.0066699982,80.2568664551,64330,64340,10
13.0066404343,80.2569198608,64340,64350,10
13.0066604614,80.2572402954,64350,64360,10
13.006819725,80.2578582764,64360,64370,10
13.0072402954,80.2584686279,64370,64380,10
13.0079698563,80.2588424683,64380,64390,10
13.0085201263,80.2590332031,64390,64400,10
13.0085897446,80.2590484619,64400,64410,10
13.0089502335,80.2591171265,64410,64420,10
13.009469986,80.2591171265,64420,64431,11
13.0103502274,80.2591171265,64431,64441,10
13.011349678,80.2591094971,64441,64451,10
13.0125198364,80.259147644,64451,64461,10
13.0137195587,80.2592010498,64461,64471,10
13.0149698257,80.259262085,64471,64481,10
13.0159397125,80.2594604492,64481,64491,10
13.0163698196,80.2596817017,64491,64501,10
13.0163898468,80.2596893311,64501,64511,10
13.0165901184,80.2598495483,64511,64521,10
13.017080307,80.2601928711,64521,64530,9
13.017660141,80.260597229,64530,64542,12
13.0185804367,80.2612304688,64542,64552,10
13.0190496445,80.2616500854,64552,64562,10
13.0195503235,80.2620620728,64562,64572,10
13.0201196671,80.2626037598,64572,64582,10
13.0202102661,80.2630386353,64582,64592,10
13.0196304321,80.2630310059,64592,64602,10
13.0190401077,80.2630233765,64602,64612,10
13.0190601349,80.2634963989,64612,64622,10
13.0191402435,80.2640609741,64622,64632,10
13.0191497803,80.2642288208,64632,64642,10
13.0190200806,80.2647094727,64642,64653,11
13.018819809,80.2654037476,64653,64663,10
13.018699646,80.2659683228,64663,64673,10
13.0187397003,80.2667999268,64673,64683,10
13.0191497803,80.2676696777,64683,64693,10
13.0198602676,80.2685089111,64693,64703,10
13.0206203461,80.269493103,64703,64713,10
13.0213499069,80.2703399658,64713,64723,10
13.0221204758,80.2713088989,64723,64733,10
13.0228900909,80.2723236084,64733,64743,10
13.0234098434,80.2730407715,64743,64753,10
13.0237197876,80.2734527588,64753,64784,31
13.0237197876,80.2734527588,64784,64794,10
13.0238199234,80.2735977173,64794,64804,10
13.0240802765,80.273979187,64804,64814,10
13.0244398117,80.2744369507,64814,64824,10
13.0250101089,80.2748184204,64824,64834,10
13.0252599716,80.2749099731,64834,64844,10
13.0254402161,80.2749862671,64844,64854,10
13.0256900787,80.2750930786,64854,64864,10
13.025970459,80.2752380371,64864,64874,10
13.0264501572,80.2754821777,64874,64885,11
13.0271701813,80.2758102417,64885,64895,10
13.0278596878,80.2761001587,64895,64905,10
13.028550148,80.2763824463,64905,64915,10
13.0291795731,80.2766036987,64915,64925,10
13.029540062,80.2767028809,64925,64935,10
13.0298099518,80.2767486572,64935,64945,10
13.0300598145,80.27684021,64945,64955,10
13.0304002762,80.2770309448,64955,64965,10
13.0308904648,80.2772979736,64965,64975,10
13.0314302444,80.2776031494,64975,64985,10
13.0321998596,80.277557373,64985,65006,21
13.0321998596,80.277557373,65006,65016,10
13.0324296951,80.2775421143,65016,65026,10
13.0329799652,80.2775192261,65026,65036,10
13.0334997177,80.2773971558,65036,65046,10
13.0338201523,80.2774505615,65046,65056,10
13.0342998505,80.2775726318,65056,65066,10
13.0347099304,80.2776565552,65066,65076,10
13.0352897644,80.2777633667,65076,65086,10
13.0357303619,80.2778625488,65086,65097,11
13.0364303589,80.2779998779,65097,65106,9
13.0370798111,80.2782592773,65106,65118,12
13.0376796722,80.2784194946,65118,65126,8
13.0387601852,80.2787094116,65126,65148,22
13.0387601852,80.2787094116,65148,65158,10
13.039059639,80.2788162231,65158,65167,9
13.039349556,80.2789077759,65167,65178,11
13.0400495529,80.2790985107,65178,65187,9
13.0407104492,80.2792663574,65187,65198,11
13.0414600372,80.2794189453,65198,65207,9
13.0421895981,80.2795410156,65207,65217,10
13.0429201126,80.279586792,65217,65257,40
13.0429201126,80.279586792,65257,65269,12
13.043009758,80.2796096802,65269,65277,8
13.0432701111,80.2796630859,65277,65287,10
13.0436601639,80.2797927856,65287,65297,10
13.0441398621,80.2799301147,65297,65307,10
13.0448198318,80.2800369263,65307,65319,12
13.0456104279,80.2801513672,65319,65330,11
13.0463199615,80.2802276611,65330,65340,10
13.0471496582,80.2803497314,65340,65350,10
13.0480604172,80.2804794312,65350,65360,10
13.0488595963,80.2806091309,65360,65370,10
13.049489975,80.2807006836,65370,65380,10
13.0500297546,80.2807769775,65380,65390,10
13.0505895615,80.2808609009,65390,65400,10
13.0512895584,80.2809829712,65400,65410,10
13.0521202087,80.2810974121,65410,65420,10
13.0527296066,80.2811889648,65420,65430,10
13.0532302856,80.2812576294,65430,65441,11
13.0539798737,80.2813873291,65441,65451,10
13.0548295975,80.2815475464,65451,65461,10
13.0554599762,80.2816772461,65461,65471,10
13.0558795929,80.2817611694,65471,65481,10
13.0562601089,80.281829834,65481,65491,10
13.0564002991,80.2818603516,65491,65501,10
13.0571298599,80.2819976807,65501,65521,20
13.0571298599,80.2819976807,65521,65531,10
13.0571804047,80.2820129395,65531,65541,10
13.0575399399,80.2820968628,65541,65552,11
13.0581998825,80.2822418213,65552,65562,10
13.0589399338,80.2824020386,65562,65572,10
13.0597896576,80.2825775146,65572,65582,10
13.060669899,80.2827529907,65582,65592,10
13.0616197586,80.282951355,65592,65602,10
13.0629997253,80.2832336426,65602,65622,20
13.0629997253,80.2832336426,65622,65632,10
13.0630998611,80.2832489014,65632,65642,10
13.0635004044,80.2833480835,65642,65652,10
13.0641803741,80.2835083008,65652,65663,11
13.0651197433,80.2837600708,65663,65673,10
13.067199707,80.2841873169,65673,65683,10
13.067199707,80.2841873169,65683,65693,10
13.0675401688,80.2842330933,65693,65701,8
13.067899704,80.2843017578,65701,65716,15
13.0686597824,80.2844696045,65716,65726,10
13.0692996979,80.2846298218,65726,65736,10
13.0700302124,80.2848129272,65736,65746,10
13.0705604553,80.2849502563,65746,65756,10
13.0709600449,80.2850112915,65756,65766,10
13.0716495514,80.2852020264,65766,65777,11
13.0726604462,80.2853088379,65777,65787,10
13.0734996796,80.2852783203,65787,65796,9
13.0737199783,80.2853469849,65796,65808,12
13.0737800598,80.28540802,65808,65817,9
13.0739603043,80.2856521606,65817,65828,11
13.0743904114,80.2861709595,65828,65837,9
13.0749797821,80.2865524292,65837,65847,10
13.0757799149,80.2870025635,65847,65857,10
13.0768404007,80.2873077393,65857,65868,11
13.0778398514,80.2875366211,65868,65878,10
13.0787601471,80.2878036499,65878,65889,11
13.079750061,80.2881469727,65889,65899,10
13.0803604126,80.2882766724,65899,65909,10
13.0806999207,80.2883300781,65909,65918,9
13.0812301636,80.2885284424,65918,65928,10
13.0819997787,80.2887878418,65928,65938,10
13.0826997757,80.289100647,65938,65949,11
13.0836601257,80.2892608643,65949,65958,9
13.08452034,80.2892379761,65958,65968,10
13.0854597092,80.2892608643,65968,65978,10
13.0864601135,80.2894973755,65978,65988,10
13.0874204636,80.2898330688,65988,66000,12
13.0882997513,80.2901763916,66000,66010,10
13.0888004303,80.2902297974,66010,66060,50
13.0888004303,80.2902297974,66060,66070,10
13.0888004303,80.2905273438,66070,66080,10
13.0883703232,80.2903823853,66080,66090,10
13.0876998901,80.2900772095,66090,66100,10
13.0867795944,80.2897872925,66100,66111,11
13.0857896805,80.2895202637,66111,66121,10
13.0853900909,80.2888870239,66121,66131,10
13.0851202011,80.287979126,66131,66139,8
13.085149765,80.2870407104,66139,66152,13
13.0853099823,80.2854003906,66152,66162,10
13.0852203369,80.2842102051,66162,66202,40
13.0852203369,80.2842102051,66202,66212,10
13.0852098465,80.2841567993,66212,66223,11
13.0853996277,80.283782959,66223,66233,10
13.0855503082,80.2835617065,66233,66243,10
13.0860595703,80.2835769653,66243,66253,10
13.0867099762,80.2839508057,66253,66313,60
13.0867099762,80.2839508057,66313,66323,10
13.0867996216,80.2839889526,66323,66334,11
13.0871200562,80.2839889526,66334,66344,10
13.0874795914,80.2840118408,66344,66354,10
13.0879001617,80.283996582,66354,66569,215
13.0879001617,80.283996582,66569,66579,10
13.0881099701,80.2838592529,66579,66587,8
13.0881795883,80.2836380005,66587,66597,10
13.088259697,80.2833023071,66597,66608,11
13.0882396698,80.2827224731,66608,66619,11
13.0882101059,80.2821807861,66619,66629,10
13.0880298615,80.2816390991,66629,66639,10
13.0882396698,80.2815475464,66639,66649,10
13.0885601044,80.2817764282,66649,66658,9
13.0885000229,80.2821426392,66658,66669,11
13.0885000229,80.2821502686,66669,66678,9
13.0884504318,80.2823562622,66678,66688,10
13.088350296,80.282951355,66688,66698,10
13.0883703232,80.2837905884,66698,66710,12
13.088470459,80.2849884033,66710,66768,58
13.088470459,80.2849884033,66768,66778,10
13.0885000229,80.2851715088,66778,66791,13
13.0885400772,80.2857513428,66791,66801,10
13.0885601044,80.2861862183,66801,66811,10
13.0885601044,80.2864608765,66811,66821,10
13.0885696411,80.286857605,66821,66831,10
13.0886201859,80.2873916626,66831,66841,10
13.0886297226,80.2876205444,66841,66851,10
13.0886802673,80.2880477905,66851,66861,10
13.0887298584,80.2885665894,66861,66871,10
13.0887403488,80.28881073,66871,66881,10
13.0887804031,80.2892913818,66881,66889,8
13.088760376,80.2895202637,66889,66902,13
13.088760376,80.2900390625,66902,66912,10
13.0887804031,80.2901077271,66912,66922,10
13.0887403488,80.2904434204,66922,66932,10
13.0883598328,80.2903671265,66932,66942,10
13.0877199173,80.2900695801,66942,66952,10
13.0870199203,80.2897491455,66952,66962,10
13.0862102509,80.2894897461,66962,66972,10
13.0852899551,80.2892379761,66972,66982,10
13.0843601227,80.2892227173,66982,66992,10
13.0835399628,80.2892913818,66992,67001,9
13.082859993,80.2892379761,67001,67013,12
13.0821199417,80.2889175415,67013,67023,10
13.0814800262,80.2886581421,67023,67033,10
13.080739975,80.2884597778,67033,67043,10
13.0799798965,80.2882614136,67043,67053,10
13.0790300369,80.2880020142,67053,67063,10
13.0782299042,80.2876968384,67063,67073,10
13.0776996613,80.2875976563,67073,67083,10
13.0769901276,80.2873916626,67083,67093,10
13.0761699677,80.2871780396,67093,67102,9
13.0755195618,80.2869491577,67102,67113,11
13.0748901367,80.2865982056,67113,67124,11
13.0742702484,80.2862701416,67124,67134,10
13.0738801956,80.2862167358,67134,67144,10
13.0738697052,80.2862167358,67144,67154,10
13.073340416,80.2860870361,67154,67184,30
13.073340416,80.2860870361,67184,67193,9
13.0731801987,80.2860336304,67193,67205,12
13.0725898743,80.28565979,67205,67215,10
13.0718297958,80.285369873,67215,67225,10
13.0708198547,80.2851028442,67225,67236,11
13.069729805,80.284828186,67236,67246,10
13.0686998367,80.2845916748,67246,67256,10
13.0678195953,80.2844314575,67256,67266,10
13.0668897629,80.2843399048,67266,67276,10
13.064740181,80.2837371826,67276,67339,63
13.0635404587,80.2834701538,67339,67369,30
13.0628795624,80.2833175659,67369,67396,27
13.0614700317,80.2829437256,67396,67448,52
13.0597200394,80.2826004028,67448,67480,32
13.0578899384,80.2822570801,67480,67510,30
13.0567998886,80.2820205688,67510,67538,28
13.0565700531,80.2819595337,67538,67571,33
13.0565700531,80.2819595337,67571,67590,19
13.0559196472,80.2818222046,67590,67602,12
13.0559196472,80.2818222046,67602,67612,10
13.0553398132,80.2817077637,67612,67620,8
13.0490703583,80.2806777954,67620,67689,69
13.0464096069,80.2803192139,67689,67720,31
13.0464096069,80.2803192139,67720,67748,28
13.0440502167,80.2800216675,67748,67779,31
13.0440502167,80.2800216675,67779,67790,11
13.0439996719,80.2799987793,67790,67801,11
13.0436601639,80.2799606323,67801,67811,10
13.0434303284,80.2799224854,67811,67821,10
13.0429201126,80.2797927856,67821,67831,10
13.0421695709,80.2796325684,67831,67841,10
13.0413503647,80.2794723511,67841,67851,10
13.0404701233,80.2792816162,67851,67861,10
13.0391397476,80.278968811,67861,67881,20
13.0391397476,80.278968811,67881,67891,10
13.0389795303,80.2788772583,67891,67901,10
13.0385599136,80.2787475586,67901,67912,11
13.0377597809,80.2785186768,67912,67922,10
13.0371904373,80.2783508301,67922,67932,10
13.0365896225,80.2781219482,67932,67942,10
13.0360498428,80.277961731,67942,67952,10
13.0360202789,80.277961731,67952,67962,10
13.0358400345,80.2778701782,67962,67972,10
13.0355501175,80.2778091431,67972,67982,10
13.0351800919,80.2777633667,67982,67992,10
13.0347995758,80.2777023315,67992,68002,10
13.0345201492,80.2776489258,68002,68012,10
13.0343503952,80.2776107788,68012,68023,11
13.0339403152,80.2775115967,68023,68063,40
13.0339403152,80.2775115967,68063,68073,10
13.0336999893,80.2774429321,68073,68083,10
13.0333003998,80.2775115967,68083,68093,10
13.0327796936,80.2775726318,68093,68103,10
13.0321998596,80.2776031494,68103,68113,10
13.0315904617,80.277633667,68113,68123,10
13.0312700272,80.2775497437,68123,68134,11
13.0310201645,80.2773971558,68134,68144,10
13.0307102203,80.2772369385,68144,68154,10
13.0301799774,80.2769699097,68154,68164,10
13.029589653,80.2767486572,68164,68174,10
13.0290899277,80.2766189575,68174,68184,10
13.0286302567,80.2764587402,68184,68194,10
13.0280799866,80.2762298584,68194,68204,10
13.0273704529,80.275932312,68204,68213,9
13.0267295837,80.275642395,68213,68224,11
13.0260801315,80.2753829956,68224,68234,10
13.0259304047,80.2753219604,68234,68245,11
13.0258398056,80.2752914429,68245,68255,10
13.0254602432,80.2751083374,68255,68265,10
13.0248403549,80.2748184204,68265,68275,10
13.0242700577,80.2743911743,68275,68283,8
13.0238800049,80.2739028931,68283,68295,12
13.0233402252,80.2731323242,68295,68305,10
13.0228004456,80.2723999023,68305,68315,10
13.0222597122,80.271697998,68315,68325,10
13.0218296051,80.2711334229,68325,68335,10
13.0214004517,80.2705917358,68335,68345,10
13.0208997726,80.2700424194,68345,68367,22
13.0208997726,80.2700424194,68367,68377,10
13.020819664,80.2699203491,68377,68387,10
13.0205698013,80.2695617676,68387,68397,10
13.0200796127,80.2689590454,68397,68407,10
13.0194797516,80.2682418823,68407,68417,10
13.0188798904,80.267539978,68417,68427,10
13.0186300278,80.266746521,68427,68437,10
13.0185804367,80.2660827637,68437,68447,10
13.018699646,80.2655105591,68447,68457,10
13.0188999176,80.2648162842,68457,68468,11
13.0190000534,80.2640228271,68468,68478,10
13.0189504623,80.2636108398,68478,68488,10
13.018910408,80.2632522583,68488,68498,10
13.0188398361,80.262550354,68498,68508,10
13.0187501907,80.261680603,68508,68518,10
13.0183496475,80.261177063,68518,68528,10
13.017829895,80.260848999,68528,68538,10
13.0171604156,80.2603988647,68538,68548,10
13.0164003372,80.2599411011,68548,68558,10
13.0160503387,80.2597732544,68558,68568,10
13.015999794,80.2597503662,68568,68580,12
13.0155601501,80.2595825195,68580,68588,8
13.0150299072,80.2594528198,68588,68598,10
13.0143299103,80.2593994141,68598,68610,12
13.0132598877,80.2593688965,68610,68620,10
13.012260437,80.2593307495,68620,68630,10
13.0113801956,80.2592773438,68630,68639,9
13.0105104446,80.259262085,68639,68650,11
13.0093002319,80.2592391968,68650,68660,10
13.0083398819,80.2592010498,68660,68669,9
13.007610321,80.2589263916,68669,68679,10
13.0069799423,80.2583465576,68679,68689,10
13.0065898895,80.2575912476,68689,68701,12
13.0064897537,80.2565002441,68701,68709,8
13.0064897537,80.2557220459,68709,68719,10
13.006480217,80.2547836304,68719,68729,10
13.0064601898,80.254119873,68729,68739,10
13.0064496994,80.2539596558,68739,68749,10
13.0064697266,80.2536697388,68749,68761,12
13.0064897537,80.2532577515,68761,68769,8
13.0064697266,80.2527770996,68769,68812,43
13.0064697266,80.2527770996,68812,68822,10
13.0065002441,80.2524719238,68822,68832,10
13.0066003799,80.2519378662,68832,68842,10
13.0067195892,80.2511978149,68842,68852,10
13.0067195892,80.2503128052,68852,68862,10
13.0067195892,80.2494888306,68862,68872,10
13.0066204071,80.2484130859,68872,68913,41
13.0066204071,80.2484130859,68913,68923,10
13.0066003799,80.2482299805,68923,68933,10
13.0066003799,80.247833252,68933,68943,10
13.0066003799,80.2472610474,68943,68953,10
13.0065402985,80.246673584,68953,68963,10
13.0065603256,80.2465591431,68963,68973,10
13.0066003799,80.2462615967,68973,68983,10
13.0066003799,80.2456130981,68983,68993,10
13.0065898895,80.2451019287,68993,69003,10
13.0065698624,80.2447433472,69003,69013,10
13.0065803528,80.2445831299,69013,69023,10
13.0065803528,80.2443008423,69023,69034,11
13.0065603256,80.2439880371,69034,69044,10
13.0065498352,80.2434921265,69044,69054,10
13.006529808,80.2427520752,69054,69064,10
13.006529808,80.2418365479,69064,69074,10
13.0066404343,80.2410964966,69074,69084,10
13.0067100525,80.2405471802,69084,69094,10
13.0066995621,80.2404785156,69094,69104,10
13.0067195892,80.2401885986,69104,69114,10
13.0068597794,80.2396621704,69114,69124,10
13.0070104599,80.2389068604,69124,69135,11
13.0071897507,80.2379608154,69135,69145,10
13.0073604584,80.236869812,69145,69165,20
13.0073604584,80.236869812,69165,69175,10
13.0074195862,80.2366790771,69175,69185,10
13.007519722,80.2362670898,69185,69195,10
13.0076398849,80.2356491089,69195,69205,10
13.0077896118,80.2348937988,69205,69215,10
13.0079803467,80.2339477539,69215,69225,10
13.0082302094,80.2327575684,69225,69235,10
13.0084896088,80.2314834595,69235,69246,11
13.0087203979,80.23021698,69246,69256,10
13.0089597702,80.2289962769,69256,69266,10
13.0093002319,80.2278366089,69266,69276,10
13.0097503662,80.2268676758,69276,69286,10
13.0101699829,80.2259597778,69286,69296,10
13.010430336,80.2253189087,69296,69306,10
13.0107002258,80.2248077393,69306,69316,10
13.010890007,80.2242889404,69316,69326,10
13.0110702515,80.2238235474,69326,69336,10
13.0111503601,80.2236099243,69336,69346,10
13.0111999512,80.2233428955,69346,69356,10
13.0111398697,80.2232437134,69356,69367,11
13.0106897354,80.2229766846,69367,69377,10
13.0099897385,80.2226104736,69377,69387,10
13.0091495514,80.22215271,69387,69397,10
13.0082998276,80.2216873169,69397,69407,10
13.0074501038,80.2212524414,69407,69417,10
13.0065803528,80.2208099365,69417,69427,10
13.0055599213,80.2205581665,69427,69437,10
13.0047101974,80.2203598022,69437,69447,10
13.0042695999,80.2202377319,69447,69457,10
13.0037603378,80.220123291,69457,69468,11
13.002989769,80.2199020386,69468,69478,10
13.002289772,80.2194595337,69478,69488,10
13.0018100739,80.2189407349,69488,69498,10
13.0012998581,80.2184906006,69498,69508,10
13.0008602142,80.2181777954,69508,69518,10
13.0002803802,80.2178268433,69518,69528,10
12.9999103546,80.217590332,69528,69537,9
12.9996404648,80.2174224854,69537,69548,11
12.9994602203,80.2173233032,69548,69558,10
12.9993095398,80.2172470093,69558,69568,10
12.9989595413,80.2170715332,69568,69578,10
12.9983596802,80.216796875,69578,69589,11
12.9974603653,80.2166290283,69589,69609,20
12.9974603653,80.2166290283,69609,69619,10
12.9973096848,80.2166366577,69619,69629,10
12.9969902039,80.2166290283,69629,69639,10
12.9965295792,80.2166290283,69639,69649,10
12.9960403442,80.2166976929,69649,69658,9
12.9955997467,80.2168273926,69658,69670,12
12.9953098297,80.2169494629,69670,69679,9
12.9952497482,80.2169799805,69679,69690,11
12.995010376,80.2171630859,69690,69701,11
12.9944801331,80.2175216675,69701,69709,8
12.99421978,80.2177200317,69709,69721,12
12.993689537,80.2180786133,69721,69730,9
12.9931402206,80.2184677124,69730,69741,11
12.9925203323,80.2188796997,69741,69751,10
12.991900444,80.2193832397,69751,69763,12
12.991350174,80.2197723389,69763,69770,7
12.9910497665,80.2200164795,69770,69783,13
12.9909801483,80.2200622559,69783,69793,10
12.99077034,80.220199585,69793,69803,10
12.9903001785,80.2205886841,69803,69814,11
12.989689827,80.2211914063,69814,69824,10
12.9891996384,80.2217788696,69824,69834,10
12.9885501862,80.2225189209,69834,69844,10
12.987859726,80.2230911255,69844,69854,10
12.9875497818,80.2231903076,69854,69864,10
12.9871301651,80.2231369019,69864,69874,10
12.9871301651,80.2231369019,69874,69884,10
12.9866399765,80.2230606079,69884,69893,9
12.9861001968,80.2230529785,69893,69903,10
12.9855804443,80.2232208252,69903,69914,11
12.9851799011,80.2233505249,69914,69925,11
12.9846601486,80.2231292725,69925,69935,10
12.9841403961,80.2228088379,69935,69945,10
12.9839496613,80.2227020264,69945,69955,10
12.9837503433,80.2226028442,69955,69965,10
12.9835100174,80.222442627,69965,69985,20
12.9835100174,80.222442627,69985,69995,10
12.9832401276,80.2222595215,69995,70005,10
12.9828996658,80.2220611572,70005,70015,10
12.9824895859,80.2219314575,70015,70025,10
12.9823198318,80.2219009399,70025,70036,11
12.9819297791,80.2216567993,70036,70046,10
12.9812602997,80.2212371826,70046,70056,10
12.980389595,80.2211380005,70056,70066,10
12.9795303345,80.221206665,70066,70076,10
12.9785995483,80.221282959,70076,70086,10
12.9777603149,80.2212982178,70086,70096,10
12.9773397446,80.2213363647,70096,70106,10
12.9768295288,80.2213363647,70106,70116,10
12.9762296677,80.2213287354,70116,70136,20
12.9762296677,80.2213287354,70136,70147,11
12.9760799408,80.2213516235,70147,70157,10
12.9761600494,80.2216796875,70157,70167,10
12.9765796661,80.2222518921,70167,70983,816
12.9765796661,80.2222518921,70983,70995,12
12.9766597748,80.2224807739,70995,71005,10
12.9768600464,80.2227935791,71005,71015,10
12.9770698547,80.222869873,71015,71025,10
12.977350235,80.2228012085,71025,71036,11
12.9774703979,80.2226028442,71036,71046,10
12.9774503708,80.2222518921,71046,71056,10
12.9774103165,80.2218017578,71056,71066,10
12.977399826,80.2215499878,71066,71076,10
12.977399826,80.2214431763,71076,71086,10
12.9773902893,80.2213821411,71086,71096,10
12.9774599075,80.2212600708,71096,71106,10
12.9778604507,80.221282959,71106,71116,10
12.9784402847,80.2212524414,71116,71126,10
12.9791202545,80.2211914063,71126,71136,10
12.9800100327,80.2211303711,71136,71147,11
12.9810400009,80.2211227417,71147,71157,10
12.9817199707,80.2215118408,71157,71167,10
12.9822502136,80.2218170166,71167,71177,10
12.9828996658,80.2220230103,71177,71187,10
12.9830303192,80.2220993042,71187,71197,10
12.9832496643,80.2222595215,71197,71207,10
12.9834499359,80.2223892212,71207,71217,10
12.9836196899,80.2225036621,71217,71237,20
12.9836196899,80.2225036621,71237,71246,9
12.9839096069,80.22265625,71246,71278,32
12.9839096069,80.22265625,71278,71288,10
12.9841499329,80.2228164673,71288,71298,10
12.9842700958,80.2228927612,71298,71308,10
12.9846696854,80.22315979,71308,71318,10
12.985250473,80.2233886719,71318,71328,10
12.9855499268,80.2231903076,71328,71338,10
12.986000061,80.2230529785,71338,71348,10
12.9864301682,80.2230377197,71348,71358,10
12.9864597321,80.2230377197,71358,71369,11
12.9867601395,80.2230834961,71369,71379,10
12.9869699478,80.2231063843,71379,71389,10
12.9870901108,80.2231292725,71389,71399,10
12.987449646,80.22315979,71399,71409,10
12.9877300262,80.2230987549,71409,71419,10
12.9882497787,80.2227401733,71419,71429,10
12.9888601303,80.2221374512,71429,71439,10
12.9894399643,80.2214126587,71439,71449,10
12.9899396896,80.2207794189,71449,71459,10
12.9904298782,80.2203903198,71459,71469,10
12.9904699326,80.2203674316,71469,71478,9
12.9907302856,80.2201919556,71478,71490,12
12.991230011,80.2197799683,71490,71520,30
12.991230011,80.2197799683,71520,71530,10
12.9913597107,80.2196731567,71530,71540,10
12.9918003082,80.2193832397,71540,71550,10
12.9923696518,80.2189788818,71550,71562,12
12.9931402206,80.2184066772,71562,71571,9
12.9937496185,80.2179718018,71571,71581,10
12.9942903519,80.2175827026,71581,71591,10
12.9946899414,80.2172775269,71591,71601,10
12.9948997498,80.2171325684,71601,71611,10
12.995300293,80.2168807983,71611,71621,10
12.9959201813,80.2166595459,71621,71631,10
12.9966802597,80.2165527344,71631,71641,10
12.9972600937,80.2165222168,71641,71651,10
12.9975299835,80.2165374756,71651,71661,10
12.9976100922,80.2165527344,71661,71671,10
12.998000145,80.2166213989,71671,71681,10
12.9986495972,80.2168579102,71681,71691,10
12.9994297028,80.2172470093,71691,71703,12
13.0004301071,80.217880249,71703,71714,11
13.0012397766,80.2184066772,71714,71724,10
13.0018997192,80.2189788818,71724,71734,10
13.0025396347,80.2196426392,71734,71744,10
13.003370285,80.2200012207,71744,71754,10
13.0041704178,80.2201919556,71754,71764,10
13.004940033,80.2203598022,71764,71774,10
13.0058498383,80.2205810547,71774,71784,10
13.0067996979,80.2208328247,71784,71794,10
13.0077199936,80.221321106,71794,71804,10
13.0088300705,80.2219085693,71804,71814,10
13.0100097656,80.2225494385,71814,71825,11
13.0113201141,80.2231674194,71825,71875,50
13.0113201141,80.2231674194,71875,71885,10
13.0114803314,80.2233276367,71885,71895,10
13.0118398666,80.2235565186,71895,71905,10
13.0124502182,80.2238922119,71905,71915,10
13.0131797791,80.2242507935,71915,71925,10
13.0139503479,80.2246627808,71925,71936,11
13.0146198273,80.2250213623,71936,71946,10
13.0150299072,80.2252578735,71946,71956,10
13.0152997971,80.2254104614,71956,71966,10
13.015250206,80.2258224487,71966,71976,10
13.0146398544,80.2260971069,71976,71986,10
13.013879776,80.2264099121,71986,71996,10
13.0130796432,80.2267303467,71996,72006,10
13.0122804642,80.2270736694,72006,72016,10
13.0113601685,80.2274475098,72016,72026,10
13.0102901459,80.2278900146,72026,72036,10
13.0093002319,80.2283172607,72036,72047,11
13.0089197159,80.2293701172,72047,72057,10
13.0087003708,80.2305679321,72057,72067,10
13.0085096359,80.2316818237,72067,72077,10
13.0082101822,80.2334671021,72077,72097,20
13.0082101822,80.2334671021,72097,72107,10
13.0081596375,80.2336196899,72107,72117,10
13.0080604553,80.2340393066,72117,72127,10
13.0079298019,80.2346725464,72127,72137,10
13.0077695847,80.235458374,72137,72146,9
13.0076303482,80.2361679077,72146,72158,12
13.0074195862,80.2372665405,72158,72168,10
13.0072498322,80.2380523682,72168,72178,10
13.0071296692,80.2386322021,72178,72188,10
13.0069799423,80.2393798828,72188,72198,10
13.0068302155,80.2401733398,72198,72208,10
13.0066795349,80.2409973145,72208,72218,10
13.0066099167,80.2418136597,72218,72228,10
13.0066099167,80.2426986694,72228,72238,10
13.0066299438,80.2435913086,72238,72248,10
13.0066404343,80.2444915771,72248,72258,10
13.006649971,80.2454528809,72258,72269,11
13.0066900253,80.2464065552,72269,72279,10
13.0067300797,80.2471008301,72279,72289,10
13.0066900253,80.2477874756,72289,72299,10
13.0066995621,80.2486877441,72299,72309,10
13.0067501068,80.2497406006,72309,72319,10
13.006770134,80.2508468628,72319,72329,10
13.0066900253,80.2517776489,72329,72339,10
13.0065002441,80.2526779175,72339,72349,10
13.0065002441,80.2536087036,72349,72359,10
13.006529808,80.2545928955,72359,72369,10
13.0065498352,80.255279541,72369,72380,11
13.0065498352,80.2561187744,72380,72390,10
13.0065803528,80.2570724487,72390,72460,70
13.0065803528,80.2570724487,72460,72470,10
13.0065402985,80.2572784424,72470,72480,10
13.0066795349,80.2577590942,72480,72491,11
13.007109642,80.2584075928,72491,72501,10
13.0077600479,80.2587890625,72501,72511,10
13.0083799362,80.2590026855,72511,72521,10
13.0085000992,80.2590408325,72521,72531,10
13.0088996887,80.2591400146,72531,72541,10
13.0096302032,80.259147644,72541,72552,11
13.0107097626,80.2591171265,72552,72561,9
13.011759758,80.2591018677,72561,72571,10
13.0130500793,80.2591400146,72571,72581,10
13.0144100189,80.2591934204,72581,72592,11
13.0157003403,80.2593612671,72592,72603,11
13.0164003372,80.2597122192,72603,72613,10
13.0164699554,80.2597808838,72613,72621,8
13.016579628,80.2598876953,72621,72631,10
13.0169401169,80.2601470947,72631,72643,12
13.017660141,80.2606582642,72643,72652,9
13.0183801651,80.261138916,72652,72662,10
13.0190496445,80.2616882324,72662,72672,10
13.0196399689,80.26222229,72672,72682,10
13.0202198029,80.262802124,72682,72692,10
13.0200500488,80.2630996704,72692,72703,11
13.0193195343,80.2630310059,72703,72712,9
13.0189399719,80.2631607056,72712,72722,10
13.0190200806,80.2638320923,72722,72734,12
13.0188999176,80.2649002075,72734,72744,10
13.0187501907,80.2654418945,72744,72752,8
13.0186395645,80.2658691406,72752,72762,10
13.0186395645,80.2666702271,72762,72774,12
13.0190000534,80.267616272,72774,72783,9
13.0194396973,80.268157959,72783,72792,9
13.0197896957,80.2685775757,72792,72802,10
13.0202999115,80.2692108154,72802,72812,10
13.0207700729,80.26978302,72812,72823,11
13.0212602615,80.2703781128,72823,72835,12
13.0214796066,80.2706298828,72835,72845,10
13.0215797424,80.2707519531,72845,72855,10
13.021900177,80.2711715698,72855,72865,10
13.0223798752,80.2717819214,72865,72875,10
13.0229701996,80.2725372314,72875,72885,10
13.0237398148,80.2735900879,72885,72922,37
13.0237398148,80.2735900879,72922,72935,13
13.0238399506,80.2737426758,72935,72946,11
13.0241498947,80.2741699219,72946,72956,10
13.0246095657,80.2746429443,72956,72966,10
13.0252504349,80.2749176025,72966,72976,10
13.0253601074,80.2749633789,72976,72986,10
13.0254898071,80.2750473022,72986,72996,10
13.0259399414,80.2752532959,72996,73006,10
13.0266504288,80.2755889893,73006,73016,10
13.0274200439,80.2759628296,73016,73026,10
13.0281095505,80.276260376,73026,73036,10
13.0283498764,80.2763366699,73036,73046,10
13.0286302567,80.2764511108,73046,73077,31
13.0286302567,80.2764511108,73077,73087,10
13.0288600922,80.276512146,73087,73097,10
13.0289001465,80.2765274048,73097,73107,10
13.029009819,80.2765808105,73107,73127,20
13.0291700363,80.2766036987,73127,73147,20
13.0291700363,80.2766036987,73147,73157,10
13.0292701721,80.2766265869,73157,73168,11
13.0294399261,80.2766876221,73168,73198,30
13.0294399261,80.2766876221,73198,73208,10
13.0294904709,80.2767181396,73208,73218,10
13.0296697617,80.2767410278,73218,73228,10
13.029709816,80.2767486572,73228,73238,10
13.0298404694,80.2767791748,73238,73248,10
13.0301799774,80.2769470215,73248,73309,61
13.0304203033,80.2770385742,73309,73339,30
13.0304203033,80.2770385742,73339,73349,10
13.0306797028,80.2771682739,73349,73359,10
13.03083992,80.2772598267,73359,73369,10
13.0311002731,80.2774581909,73369,73390,21
13.0311002731,80.2774581909,73390,73400,10
13.0312595367,80.2775802612,73400,73410,10
13.0314998627,80.277633667,73410,73420,10
13.0319595337,80.2776031494,73420,73440,20
13.0319595337,80.2776031494,73440,73450,10
13.0321102142,80.2775497437,73450,73460,10
13.0321397781,80.2775497437,73460,73470,10
13.0325098038,80.2775115967,73470,73480,10
13.0330095291,80.2774734497,73480,73490,10
13.0333099365,80.2774124146,73490,73501,11
13.033539772,80.2773590088,73501,73551,50
13.033539772,80.2773590088,73551,73561,10
13.033780098,80.2774124146,73561,73571,10
13.0339097977,80.2774505615,73571,73581,10
13.0340995789,80.2774963379,73581,73591,10
13.0342998505,80.277557373,73591,73601,10
13.0345201492,80.2776107788,73601,73611,10
13.0349998474,80.277671814,73611,73674,63
13.0349998474,80.277671814,73674,73683,9
13.035369873,80.2777786255,73683,73693,10
13.0355396271,80.2778091431,73693,73704,11
13.0359401703,80.2778701782,73704,73713,9
13.0364198685,80.2779769897,73713,73725,12
13.0368299484,80.2781600952,73725,73735,10
13.0368900299,80.2781982422,73735,73745,10
13.0372896194,80.2783432007,73745,73755,10
13.0377597809,80.2784423828,73755,73765,10
13.0385103226,80.2786483765,73765,73775,10
13.0388298035,80.2787322998,73775,73785,10
13.0389499664,80.2787628174,73785,73795,10
13.0393104553,80.2788925171,73795,73805,10
13.0399503708,80.279083252,73805,73815,10
13.0407495499,80.2792816162,73815,73825,10
13.0416402817,80.2794265747,73825,73836,11
13.0428600311,80.2796096802,73836,73846,10
13.043800354,80.2798233032,73846,73856,10
13.044549942,80.2799682617,73856,73866,10
13.0453701019,80.2800827026,73866,73876,10
13.0461997986,80.2801971436,73876,73886,10
13.0469999313,80.2802963257,73886,73896,10
13.0478000641,80.280418396,73896,73906,10
13.0485496521,80.2805328369,73906,73916,10
13.0493297577,80.2806625366,73916,73926,10
13.0499696732,80.28074646,73926,73936,10
13.0504302979,80.2808074951,73936,73946,10
13.0505304337,80.2808303833,73946,73957,11
13.0509004593,80.2808914185,73957,73967,10
13.0514297485,80.2809677124,73967,73977,10
13.0522098541,80.2810897827,73977,73987,10
13.0530700684,80.2812194824,73987,73997,10
13.0539999008,80.2813720703,73997,74007,10
13.0550298691,80.2815704346,74007,74017,10
13.0557899475,80.2817306519,74017,74027,10
13.0560703278,80.2817764282,74027,74037,10
13.0563898087,80.2818374634,74037,74047,10
13.0564804077,80.2818603516,74047,74057,10
13.0571699142,80.2819900513,74057,74078,21
13.0571699142,80.2819900513,74078,74088,10
13.0573997498,80.2820510864,74088,74098,10
13.0579299927,80.2821578979,74098,74108,10
13.0586795807,80.282333374,74108,74118,10
13.0595502853,80.2825164795,74118,74128,10
13.0604295731,80.2826919556,74128,74138,10
13.0613002777,80.2828826904,74138,74148,10
13.0622797012,80.2830886841,74148,74158,10
13.0629997253,80.2832336426,74158,74168,10
13.0631399155,80.2832565308,74168,74179,11
13.0633497238,80.2833175659,74179,74189,10
13.0639200211,80.2834472656,74189,74199,10
13.0645999908,80.2836227417,74199,74209,10
13.065489769,80.2838363647,74209,74219,10
13.0665903091,80.2840881348,74219,74229,10
13.0676698685,80.284286499,74229,74237,8
13.0683403015,80.2844009399,74237,74249,12
13.0693902969,80.2846374512,74249,74259,10
13.0703697205,80.2848968506,74259,74269,10
13.070810318,80.2849578857,74269,74279,10
13.071439743,80.2851333618,74279,74290,11
13.0723199844,80.2853088379,74290,74300,10
13.0731296539,80.2852630615,74300,74310,10
13.0734100342,80.2852630615,74310,74320,10
13.0735998154,80.2853088379,74320,74330,10
13.0739002228,80.2856216431,74330,74340,10
13.0743198395,80.2861175537,74340,74350,10
13.0749797821,80.2865829468,74350,74360,10
13.0757198334,80.2869796753,74360,74370,10
13.0766897202,80.2872695923,74370,74380,10
13.0776500702,80.2875137329,74380,74390,10
13.078619957,80.2877426147,74390,74401,11
13.0794897079,80.2880783081,74401,74411,10
13.0801200867,80.2882080078,74411,74421,10
13.0804595947,80.2882919312,74421,74431,10
13.0809402466,80.2884063721,74431,74441,10
13.0816497803,80.2886734009,74441,74451,10
13.0823602676,80.2889328003,74451,74461,10
13.0832395554,80.2892532349,74461,74471,10
13.0842103958,80.2892227173,74471,74481,10
13.0852098465,80.2891998291,74481,74491,10
13.0862503052,80.2894287109,74491,74501,10
13.0870103836,80.289642334,74501,74512,11
13.0876102448,80.2898864746,74512,74522,10
13.0882797241,80.2901611328,74522,74532,10
13.0887804031,80.2902908325,74532,74572,40
13.0887804031,80.2902908325,74572,74582,10
13.0886602402,80.2905883789,74582,74592,10
13.0883102417,80.2904129028,74592,74602,10
13.0876398087,80.2901000977,74602,74612,10
13.0867395401,80.2898025513,74612,74622,10
13.0858201981,80.2895584106,74622,74632,10
13.0853996277,80.2890319824,74632,74644,12
13.0850601196,80.2880096436,74644,74654,10
13.0851097107,80.286819458,74654,74664,10
13.0852098465,80.2856216431,74664,74672,8
13.085269928,80.2848587036,74672,74684,12
13.0851802826,80.284362793,74684,74694,10
13.0852203369,80.2840194702,74694,74702,8
13.0853796005,80.2836990356,74702,74713,11
13.0857801437,80.2835693359,74713,74723,10
13.0862102509,80.2836074829,74723,74733,10
13.0865402222,80.2838821411,74733,74793,60
13.0865402222,80.2838821411,74793,74803,10
13.0866603851,80.283996582,74803,74815,12
13.0868997574,80.2840118408,74815,74825,10
13.0871496201,80.2839813232,74825,74835,10
13.0875597,80.2839813232,74835,74866,31
13.0875597,80.2839813232,74866,74876,10
13.0879602432,80.2839889526,74876,74886,10
13.0881099701,80.2838973999,74886,74896,10
13.0881099701,80.2838821411,74896,74926,30
13.0881500244,80.2837219238,74926,75068,142
13.0881500244,80.2837219238,75068,75078,10
13.0881004333,80.2837219238,75078,75088,10
13.0881595612,80.2835617065,75088,75098,10
13.088259697,80.283203125,75098,75108,10
13.0882301331,80.2826538086,75108,75118,10
13.0881204605,80.2819519043,75118,75128,10
13.088060379,80.281463623,75128,75138,10
13.0884895325,80.2817001343,75138,75148,10
13.088350296,80.2824020386,75148,75158,10
13.088259697,80.2831573486,75158,75168,10
13.0882997513,80.283821106,75168,75178,10
13.0883398056,80.2846069336,75178,75189,11
13.0883598328,80.2853775024,75189,75199,10
13.0884199142,80.2859420776,75199,75209,10
13.0884304047,80.2864303589,75209,75219,10
13.0884304047,80.2867279053,75219,75229,10
13.0884799957,80.287322998,75229,75239,10
13.0885095596,80.2876205444,75239,75249,10
13.0885601044,80.2880630493,75249,75259,10
13.0886201859,80.2886123657,75259,75269,10
13.0886602402,80.2889328003,75269,75279,10
13.0887203217,80.2895431519,75279,75289,10
13.0887403488,80.2901992798,75289,75330,41
13.0887403488,80.2901992798,75330,75340,10
13.0887699127,80.2902603149,75340,75350,10
13.0887098312,80.2904815674,75350,75360,10
13.088350296,80.2904434204,75360,75370,10
13.0876998901,80.2901000977,75370,75380,10
13.0869197845,80.2897567749,75380,75390,10
13.0859298706,80.2894668579,75390,75399,9
13.0848903656,80.2892379761,75399,75411,12
13.0834598541,80.2892990112,75411,75421,10
13.0824203491,80.2890777588,75421,75431,10
13.0815896988,80.2887802124,75431,75441,10
13.0807504654,80.2884979248,75441,75451,10
13.0799102783,80.2882537842,75451,75461,10
13.0788402557,80.2879486084,75461,75471,10
13.0776796341,80.2875900269,75471,75481,10
13.0765695572,80.2873001099,75481,75491,10
13.0754003525,80.2869491577,75491,75501,10
13.0746002197,80.2864685059,75501,75510,9
13.0739898682,80.2862319946,75510,75523,13
13.0732603073,80.2860565186,75523,75533,10
13.0725097656,80.2856369019,75533,75543,10
13.071439743,80.2853012085,75543,75553,10
13.0689401627,80.2846832275,75553,75563,10
13.0689401627,80.2846832275,75563,75573,10
13.0678300858,80.2844390869,75573,75583,10
13.0670404434,80.2843017578,75583,75605,22
13.0648097992,80.2837982178,75605,75625,20
13.0639696121,80.2836074829,75625,75636,11
13.0632600784,80.2834320068,75636,75644,8
13.0627202988,80.2832794189,75644,75656,12
13.0624904633,80.283241272,75656,75666,10
13.0623397827,80.283203125,75666,75674,8
13.0619897842,80.2831115723,75674,75686,12
13.0611801147,80.2829208374,75686,75694,8
13.0608701706,80.2828598022,75694,75704,10
13.0603504181,80.2827529907,75704,75716,12
13.0594396591,80.2825622559,75716,75726,10
13.0585603714,80.2824172974,75726,75737,11
13.0580196381,80.282333374,75737,75747,10
13.057800293,80.2822799683,75747,75757,10
13.0576200485,80.2822418213,75757,75767,10
13.0573196411,80.2821807861,75767,75777,10
13.0567998886,80.2820587158,75777,75787,10
13.0566701889,80.2820281982,75787,75797,10
13.0564603806,80.2819824219,75797,75807,10
13.0559501648,80.281867981,75807,75817,10
13.0552902222,80.2817306519,75817,75827,10
13.0544996262,80.2815628052,75827,75837,10
13.0536203384,80.2814102173,75837,75847,10
13.0527000427,80.2812805176,75847,75858,11
13.0518398285,80.2811584473,75858,75868,10
13.0510997772,80.281036377,75868,75878,10
13.0502796173,80.280921936,75878,75888,10
13.0495300293,80.2807922363,75888,75898,10
13.0485496521,80.2806472778,75898,75908,10
13.0474700928,80.2805023193,75908,75918,10
13.0464696884,80.2803573608,75918,75928,10
13.0456800461,80.2802505493,75928,75938,10
13.0447702408,80.2801208496,75938,75948,10
13.0438899994,80.2799987793,75948,75958,10
13.0431003571,80.2798690796,75958,75969,11
13.042140007,80.2796478271,75969,75979,10
13.0412502289,80.2794876099,75979,75989,10
13.0406103134,80.2793731689,75989,75999,10
13.0398797989,80.2791976929,75999,76009,10
13.039270401,80.2790374756,76009,76019,10
13.0390501022,80.278968811,76019,76029,10
13.038769722,80.2788619995,76029,76039,10
13.0382795334,80.2787094116,76039,76049,10
13.0375204086,80.2784881592,76049,76059,10
13.0367097855,80.2782211304,76059,76069,10
13.0358200073,80.2779388428,76069,76080,11
13.0347604752,80.2777328491,76080,76090,10
13.0340995789,80.2776031494,76090,76100,10
13.0337400436,80.2774887085,76100,76110,10
13.0332202911,80.2775192261,76110,76120,10
13.0324602127,80.2776107788,76120,76130,10
13.0317001343,80.277671814,76130,76140,10
13.0309696198,80.2774734497,76140,76150,10
13.03083992,80.2773895264,76150,76160,10
13.0307197571,80.2773284912,76160,76170,10
13.0302801132,80.2770767212,76170,76179,9
13.0296602249,80.2768325806,76179,76191,12
13.0287799835,80.2765579224,76191,76201,10
13.0281000137,80.2762985229,76201,76211,10
13.0274200439,80.2760162354,76211,76221,10
13.026599884,80.2756576538,76221,76241,20
13.026599884,80.2756576538,76241,76251,10
13.0262899399,80.2755126953,76251,76261,10
13.0259504318,80.2753677368,76261,76271,10
13.0259103775,80.2753372192,76271,76281,10
13.0255804062,80.275177002,76281,76291,10
13.0249996185,80.2749328613,76291,76302,11
13.0244398117,80.2746429443,76302,76322,20
13.0244398117,80.2746429443,76322,76332,10
13.0243396759,80.2745437622,76332,76342,10
13.0240898132,80.2742385864,76342,76352,10
13.0236597061,80.2736663818,76352,76362,10
13.0231895447,80.2730178833,76362,76372,10
13.0225896835,80.2722091675,76372,76381,9
13.0220804214,80.2715606689,76381,76392,11
13.02161026,80.270942688,76392,76402,10
13.0212097168,80.2704391479,76402,76411,9
13.0208702087,80.270072937,76411,76424,13
13.0207700729,80.2699737549,76424,76434,10
13.0206804276,80.2698364258,76434,76445,11
13.020529747,80.2696075439,76445,76454,9
13.0201997757,80.2692108154,76454,76465,11
13.019659996,80.2685394287,76465,76474,9
13.019109726,80.2679367065,76474,76484,10
13.0185899734,80.266998291,76484,76494,10
13.018529892,80.2660827637,76494,76504,10
13.0186500549,80.2655029297,76504,76515,11
13.0188903809,80.2646484375,76515,76524,9
13.0189304352,80.2638015747,76524,76535,11
13.0188798904,80.2633590698,76535,76545,10
13.0187997818,80.2627410889,76545,76555,10
13.0187196732,80.2619018555,76555,76566,11
13.0185003281,80.2612762451,76566,76576,10
13.0179004669,80.2609100342,76576,76585,9
13.0172796249,80.2605133057,76585,76595,10
13.0164604187,80.2600021362,76595,76605,10
13.0160903931,80.2598114014,76605,76616,11
13.015879631,80.2597198486,76616,76625,9
13.0157604218,80.2596664429,76625,76637,12
13.0152101517,80.2595062256,76637,76647,10
13.0145101547,80.2594223022,76647,76657,10
13.013710022,80.2593917847,76657,76667,10
13.0126895905,80.2593231201,76667,76677,10
13.0115804672,80.2592697144,76677,76687,10
13.0105695724,80.259262085,76687,76697,10
13.0094404221,80.2592391968,76697,76707,10
13.0083503723,80.2592086792,76707,76717,10
13.0073699951,80.2588195801,76717,76727,10
13.0066795349,80.2580337524,76727,76737,10
13.0064296722,80.2570266724,76737,76748,11
13.0064296722,80.2557525635,76748,76758,10
13.0064296722,80.2547073364,76758,76768,10
13.0064001083,80.2542114258,76768,76778,10
13.0064201355,80.2539978027,76778,76788,10
13.0064401627,80.2538833618,76788,76798,10
13.0064601898,80.2534790039,76798,76808,10
13.0064496994,80.2531280518,76808,76828,20
13.006480217,80.2530212402,76828,76848,20
13.006480217,80.2530212402,76848,76859,11
13.0064601898,80.2526092529,76859,76869,10
13.0065498352,80.2519607544,76869,76899,30
13.0065498352,80.2519607544,76899,76909,10
13.0066299438,80.2518692017,76909,76919,10
13.0066995621,80.2515106201,76919,76929,10
13.0067100525,80.2509231567,76929,76939,10
13.0066995621,80.2500228882,76939,76949,10
13.0066795349,80.2490081787,76949,76959,10
13.0066099167,80.2482910156,76959,76970,11
13.0065603256,80.2479934692,76970,77020,50
13.0065603256,80.2479934692,77020,77030,10
13.0065498352,80.2477722168,77030,77040,10
13.0065698624,80.2472915649,77040,77050,10
13.0065498352,80.2468185425,77050,77060,10
13.006529808,80.24659729,77060,77070,10
13.0065498352,80.2464599609,77070,77081,11
13.0065603256,80.2458877563,77081,77091,10
13.0065603256,80.2452468872,77091,77101,10
13.0065603256,80.2446289063,77101,77111,10
13.0065498352,80.2442398071,77111,77121,10
13.0065498352,80.2439575195,77121,77131,10
13.0065402985,80.2437286377,77131,77141,10
13.0065202713,80.2433929443,77141,77151,10
13.0065002441,80.2428970337,77151,77161,10
13.0065002441,80.2422409058,77161,77171,10
13.0065202713,80.2413864136,77171,77181,10
13.0066204071,80.2405090332,77181,77192,11
13.0068101883,80.2395019531,77192,77202,10
13.0070400238,80.2384033203,77202,77212,10
13.007229805,80.2375335693,77212,77222,10
13.0073299408,80.2368164063,77222,77242,20
13.0073299408,80.2368164063,77242,77252,10
13.0073604584,80.2367477417,77252,77262,10
13.0074596405,80.2364273071,77262,77272,10
13.0075798035,80.2359313965,77272,77282,10
13.0077104568,80.2352218628,77282,77292,10
13.0078802109,80.2343673706,77292,77303,11
13.0081100464,80.2332000732,77303,77313,10
13.0083503723,80.2319412231,77313,77323,10
13.008600235,80.2306289673,77323,77333,10
13.0088701248,80.2293167114,77333,77343,10
13.0090999603,80.2282562256,77343,77353,10
13.0094804764,80.2273483276,77353,77363,10
13.0099201202,80.2263336182,77363,77373,10
13.0102796555,80.2254867554,77373,77383,10
13.0105400085,80.2249526978,77383,77393,10
13.0107498169,80.2244415283,77393,77402,9
13.0109701157,80.2238769531,77402,77413,11
13.011179924,80.2233200073,77413,77424,11
13.0109996796,80.2230911255,77424,77434,10
13.0104503632,80.2228012085,77434,77444,10
13.0097503662,80.2224197388,77444,77454,10
13.0090503693,80.2220535278,77454,77464,10
13.0084295273,80.2217025757,77464,77474,10
13.0078001022,80.2213516235,77474,77484,10
13.0071201324,80.220993042,77484,77494,10
13.006310463,80.2206573486,77494,77504,10
13.005399704,80.2204284668,77504,77514,10
13.0044403076,80.2202529907,77514,77525,11
13.0036001205,80.2200622559,77525,77534,9
13.0029001236,80.2198410034,77534,77546,12
13.0020599365,80.2191467285,77546,77556,10
13.0015497208,80.2186584473,77556,77566,10
13.0009403229,80.2182235718,77566,77576,10
13.0002098083,80.2177429199,77576,77584,8
12.9994897842,80.2172927856,77584,77594,10
12.9985599518,80.2168197632,77594,77604,10
12.9974403381,80.2165374756,77604,77624,20
12.9974403381,80.2165374756,77624,77636,12
12.9970798492,80.2165603638,77636,77647,11
12.9963703156,80.2166137695,77647,77657,10
12.9955301285,80.216758728,77657,77665,8
12.9952001572,80.2169265747,77665,77675,10
12.9949197769,80.2171325684,77675,77685,10
12.9945001602,80.2174301147,77685,77697,12
12.994020462,80.2177810669,77697,77707,10
12.9935998917,80.2180709839,77707,77716,9
12.9931201935,80.218421936,77716,77727,11
12.9925403595,80.2188568115,77727,77735,8
12.9919996262,80.21925354,77735,77746,11
12.9910402298,80.2199325562,77746,77778,32
12.9910402298,80.2199325562,77778,77788,10
12.9908504486,80.2200469971,77788,77798,10
12.9905700684,80.2202835083,77798,77808,10
12.9900903702,80.2206726074,77808,77818,10
12.9896001816,80.2211532593,77818,77828,10
12.9892101288,80.2217178345,77828,77838,10
12.9887104034,80.2222976685,77838,77848,10
12.9876804352,80.2230682373,77848,77869,21
12.9876804352,80.2230682373,77869,77879,10
12.9874897003,80.2230987549,77879,77889,10
12.9871997833,80.2230682373,77889,77899,10
12.9868202209,80.2229995728,77899,77909,10
12.9864797592,80.2229690552,77909,77919,10
12.9859895706,80.2229690552,77919,77929,10
12.9854803085,80.2232284546,77929,77939,10
12.9850502014,80.2232131958,77939,77949,10
12.984459877,80.2229309082,77949,77959,10
12.983880043,80.2226028442,77959,77969,10
12.9832601547,80.2222213745,77969,78000,31
12.9832601547,80.2222213745,78000,78010,10
12.9829597473,80.2220535278,78010,78020,10
12.9827003479,80.2219085693,78020,78030,10
12.982339859,80.2217712402,78030,78040,10
12.9818000793,80.2214736938,78040,78050,10
12.9811201096,80.2211074829,78050,78060,10
12.9804601669,80.2210464478,78060,78070,10
12.9796104431,80.2210998535,78070,78080,10
12.9786901474,80.2211532593,78080,78091,11
12.9777803421,80.2211685181,78091,78101,10
12.9769001007,80.2212219238,78101,78111,10
12.9760904312,80.2213668823,78111,78141,30
12.9760904312,80.2213668823,78141,78151,10
12.976099968,80.2215881348,78151,78161,10
12.9765396118,80.2221298218,78161,79151,990
12.9765396118,80.2221298218,79151,79161,10
12.9766998291,80.2224273682,79161,79171,10
12.9770097733,80.2227630615,79171,79181,10
12.9774198532,80.2227020264,79181,79191,10
12.9775104523,80.2224807739,79191,79201,10
12.9774999619,80.2220611572,79201,79211,10
12.9774398804,80.221572876,79211,79222,11
12.9774999619,80.221206665,79222,79232,10
12.9779701233,80.2211837769,79232,79242,10
12.9785995483,80.2211227417,79242,79252,10
12.9793195724,80.2210693359,79252,79262,10
12.9801101685,80.2210083008,79262,79272,10
12.9808502197,80.2209625244,79272,79282,10
12.9813604355,80.2211532593,79282,79292,10
12.9819498062,80.2215576172,79292,79302,10
12.9824895859,80.2218093872,79302,79312,10
12.9829397202,80.2219696045,79312,79322,10
12.9834604263,80.2223129272,79322,79333,11
12.9841003418,80.2226791382,79333,79343,10
12.984749794,80.2230911255,79343,79353,10
12.9853200912,80.2232818604,79353,79363,10
12.985619545,80.2230529785,79363,79373,10
12.986240387,80.2229385376,79373,79383,10
12.986579895,80.2229309082,79383,79403,20
12.986579895,80.2229309082,79403,79413,10
12.9869804382,80.2229766846,79413,79423,10
12.987449646,80.2230377197,79423,79433,10
12.9881095886,80.2227630615,79433,79444,11
12.9888401031,80.222038269,79444,79454,10
12.9894800186,80.221282959,79454,79464,10
12.9902095795,80.220451355,79464,79474,10
12.9905395508,80.220199585,79474,79484,10
12.990650177,80.2201309204,79484,79494,10
12.9910202026,80.2198410034,79494,79504,10
12.9913702011,80.2195510864,79504,79514,10
12.9917602539,80.2192687988,79514,79524,10
12.9923496246,80.2188186646,79524,79534,10
12.9930095673,80.2183609009,79534,79544,10
12.9936800003,80.2178573608,79544,79555,11
12.994310379,80.2173995972,79555,79565,10
12.9947004318,80.2171096802,79565,79575,10
12.9951601028,80.2168197632,79575,79585,10
12.9957103729,80.2166213989,79585,79595,10
12.9963598251,80.2164916992,79595,79605,10
12.9967002869,80.2164611816,79605,79615,10
12.9967899323,80.2164611816,79615,79627,12
12.9970598221,80.2164611816,79627,79637,10
12.9974498749,80.216468811,79637,79646,9
12.9974803925,80.216468811,79646,79657,11
12.9977903366,80.2165222168,79657,79666,9
12.9982004166,80.2166137695,79666,79678,12
12.9989500046,80.2169494629,79678,79686,8
12.9994897842,80.2172470093,79686,79697,11
13.0002403259,80.2177276611,79697,79707,10
13.0009498596,80.2181777954,79707,79717,10
13.0016202927,80.2186813354,79717,79729,12
13.0023899078,80.2194595337,79729,79739,10
13.0032300949,80.2199020386,79739,79749,10
13.0040597916,80.2201080322,79749,79759,10
13.0048503876,80.2202911377,79759,79769,10
13.00578022,80.2204818726,79769,79780,11
13.0069503784,80.2208175659,79780,79790,10
13.0080299377,80.2214126587,79790,79800,10
13.00922966,80.2220611572,79800,79810,10
13.0104703903,80.2227478027,79810,79820,10
13.0113697052,80.2231521606,79820,79830,10
13.0117702484,80.2234573364,79830,79840,10
13.0123500824,80.2237701416,79840,79849,9
13.0129404068,80.2240829468,79849,79861,12
13.0137796402,80.2245025635,79861,79871,10
13.0144701004,80.2248764038,79871,79881,10
13.015080452,80.2252120972,79881,79892,11
13.015370369,80.2254104614,79892,79902,10
13.0152597427,80.2257614136,79902,79912,10
13.0146598816,80.2260437012,79912,79922,10
13.0138702393,80.2263793945,79922,79932,10
13.0128602982,80.2267990112,79932,79942,10
13.0117101669,80.2272567749,79942,79952,10
13.0105495453,80.2277374268,79952,79962,10
13.009519577,80.2281723022,79962,79972,10
13.0090799332,80.2289199829,79972,79982,10
13.0088500977,80.2300262451,79982,79992,10
13.0086297989,80.2312316895,79992,80003,11
13.0083599091,80.2325668335,80003,80013,10
13.0081996918,80.2335891724,80013,80023,10
13.0080604553,80.2341308594,80023,80033,10
13.0078897476,80.2349472046,80033,80043,10
13.0076704025,80.236038208,80043,80053,10
13.0074100494,80.2373275757,80053,80063,10
13.0071697235,80.2384033203,80063,80073,10
13.0069799423,80.2393722534,80073,80083,10
13.0067901611,80.2403030396,80083,80093,10
13.006649971,80.2412490845,80093,80103,10
13.0066299438,80.2423171997,80103,80114,11
13.0066604614,80.2434768677,80114,80124,10
13.0066995621,80.2447128296,80124,80134,10
13.0067796707,80.2459106445,80134,80144,10
13.0067996979,80.2470092773,80144,80154,10
13.0067300797,80.2479476929,80154,80164,10
13.0068101883,80.2490386963,80164,80174,10
13.0068397522,80.2498092651,80174,80184,10
13.006819725,80.2499237061,80184,80194,10
13.0067996979,80.2503967285,80194,80204,10
13.0067996979,80.251159668,80204,80214,10
13.0066204071,80.2521133423,80214,80225,11
13.0065402985,80.2532806396,80225,80235,10
13.0065603256,80.2544021606,80235,80245,10
13.0066099167,80.2555465698,80245,80255,10
13.0066404343,80.2565383911,80255,80265,10
13.0066604614,80.2571563721,80265,80295,30
13.0066604614,80.2571563721,80295,80305,10
13.0066404343,80.257270813,80305,80315,10
13.0066604614,80.2574081421,80315,80325,10
13.0068597794,80.2578964233,80325,80335,10
13.0072898865,80.2584762573,80335,80346,11
13.0081996918,80.2588882446,80346,80356,10
13.0089502335,80.2590789795,80356,80366,10
13.0099496841,80.2590866089,80366,80376,10
13.0111503601,80.2590713501,80376,80386,10
13.012430191,80.2590789795,80386,80396,10
13.0137796402,80.2591323853,80396,80406,10
13.0150403976,80.2591705322,80406,80416,10
13.0164403915,80.2596969604,80416,80436,20
13.0164403915,80.2596969604,80436,80448,12
13.0167102814,80.2598876953,80448,80456,8
13.0171499252,80.2601928711,80456,80466,10
13.0178604126,80.2606811523,80466,80478,12
13.0189399719,80.2614898682,80478,80488,10
13.0198402405,80.2623596191,80488,80496,8
13.0203504562,80.2629318237,80496,80508,12
13.0197200775,80.2629776001,80508,80518,10
13.0191297531,80.2629623413,80518,80528,10
13.0190200806,80.2633666992,80528,80538,10
13.019109726,80.2641906738,80538,80548,10
13.0188703537,80.2650909424,80548,80557,9
13.0187397003,80.2654876709,80557,80569,12
13.0186500549,80.2664031982,80569,80577,8
13.0187997818,80.2671279907,80577,80589,12
13.019659996,80.2682800293,80589,80599,10
13.0204401016,80.26927948,80599,80607,8
13.0210399628,80.2699966431,80607,80619,12
13.0216798782,80.2707519531,80619,80629,10
13.0216798782,80.2708129883,80629,80637,8
13.0218696594,80.2710418701,80637,80647,10
13.0222597122,80.2715301514,80647,80657,10
13.0227499008,80.2721786499,80657,80667,10
13.0233201981,80.2729492188,80667,80680,13
13.0238199234,80.2736663818,80680,80690,10
13.0238599777,80.273727417,80690,80700,10
13.0240802765,80.2740097046,80700,80708,8
13.0244102478,80.2744216919,80708,80720,12
13.0252895355,80.2748794556,80720,80730,10
13.025560379,80.2750091553,80730,80740,10
13.0259799957,80.2751998901,80740,80750,10
13.0264596939,80.2754211426,80750,80760,10
13.0270700455,80.2756881714,80760,80770,10
13.0277795792,80.2760009766,80770,80780,10
13.0285797119,80.2763137817,80780,80791,11
13.0294799805,80.2765884399,80791,80801,10
13.0301704407,80.2767868042,80801,80811,10
13.030790329,80.277130127,80811,80821,10
13.0312404633,80.2774429321,80821,80831,10
13.0318403244,80.2775115967,80831,80841,10
13.0325803757,80.2774429321,80841,80851,10
13.0327196121,80.2774429321,80851,80861,10
13.0329198837,80.2774734497,80861,80871,10
13.0334100723,80.2773284912,80871,80881,10
13.0339899063,80.2774429321,80881,80890,9
13.0346603394,80.2776031494,80890,80902,12
13.0357503891,80.2777786255,80902,80910,8
13.0364303589,80.2779388428,80910,80926,16
13.0375299454,80.2783126831,80926,80936,10
13.0384101868,80.2785568237,80936,80946,10
13.0389995575,80.2787094116,80946,80956,10
13.0390996933,80.2787399292,80956,80966,10
13.0395498276,80.2788925171,80966,80976,10
13.0402698517,80.279083252,80976,80986,10
13.0410203934,80.279258728,80986,80996,10
13.0418796539,80.2793884277,80996,81007,11
13.0430498123,80.279510498,81007,81049,42
13.0430498123,80.279510498,81049,81058,9
13.0433197021,80.2795791626,81058,81068,10
13.0438804626,80.2797775269,81068,81078,10
13.0447101593,80.2799301147,81078,81087,9
13.0457000732,80.2800827026,81087,81099,12
13.0469999313,80.2802505493,81099,81108,9
13.048119545,80.2804107666,81108,81120,12
13.0495901108,80.2806091309,81120,81130,10
13.050620079,80.2807769775,81130,81138,8
13.0512504578,80.2808837891,81138,81150,12
13.0524301529,80.2810592651,81150,81160,10
13.0536699295,80.2812423706,81160,81170,10
13.0549201965,80.2814788818,81170,81180,10
13.0560998917,80.2817077637,81180,81190,10
13.0571098328,80.2819213867,81190,81200,10
13.0574102402,80.2820205688,81200,81210,10
13.0579500198,80.282119751,81210,81220,10
13.0587701797,80.2822799683,81220,81231,11
13.0598602295,80.2825088501,81231,81241,10
13.0603904724,80.2826004028,81241,81251,10
13.0610599518,80.2827377319,81251,81261,10
13.0620002747,80.2829437256,81261,81269,8
13.0629301071,80.2831420898,81269,81281,12
13.064209938,80.2834701538,81281,81291,10
13.0667600632,80.2840270996,81291,81301,10
13.0667600632,80.2840270996,81301,81311,10
13.0678396225,80.2842102051,81311,81321,10
13.068860054,80.2844467163,81321,81332,11
13.0701599121,80.2847824097,81332,81343,11
13.0712995529,80.2850265503,81343,81353,10
13.0723695755,80.2852783203,81353,81363,10
13.0733604431,80.2853088379,81363,81373,10
13.0740098953,80.28565979,81373,81383,10
13.0740499496,80.2857437134,81383,81393,10
13.0740604401,80.2857666016,81393,81403,10
13.0741996765,80.2858810425,81403,81413,10
13.0744895935,80.2861480713,81413,81423,10
13.0750904083,80.2865371704,81423,81432,9
13.0756902695,80.2868728638,81432,81443,11
13.0767097473,80.2871627808,81443,81454,11
13.0778398514,80.287437439,81454,81464,10
13.0789403915,80.2877578735,81464,81474,10
13.0800800323,80.2881011963,81474,81484,10
13.0808496475,80.2882766724,81484,81494,10
13.0815601349,80.2885437012,81494,81504,10
13.0822601318,80.288772583,81504,81514,10
13.0829801559,80.2891311646,81514,81524,10
13.0838899612,80.2891387939,81524,81534,10
13.0850296021,80.2891464233,81534,81544,10
13.0862197876,80.2893371582,81544,81554,10
13.0873804092,80.2897186279,81554,81564,10
13.0884399414,80.2901306152,81564,81575,11
13.0887098312,80.2898635864,81575,81585,10
13.0886898041,80.2895278931,81585,81595,10
13.088640213,80.2888565063,81595,81603,8
13.0886201859,80.2886505127,81603,81615,12
13.0885601044,80.2881317139,81615,81625,10
13.08852005,80.2876586914,81625,81635,10
13.0885000229,80.2874832153,81635,81645,10
13.0884599686,80.2870101929,81645,81655,10
13.0884504318,80.2865600586,81655,81665,10
13.0884399414,80.2861862183,81665,81675,10
13.0883903503,80.2855377197,81675,81686,11
13.0883703232,80.2848205566,81686,81696,10
13.0882902145,80.2836990356,81696,81716,20
13.0882902145,80.2836990356,81716,81726,10
13.0883197784,80.283493042,81726,81736,10
13.0882997513,80.2831115723,81736,81746,10
13.0882902145,80.2824783325,81746,81756,10
13.0881996155,80.2818832397,81756,81766,10
13.0877799988,80.2814102173,81766,81776,10
13.0870800018,80.281211853,81776,81787,11
13.0863304138,80.2810211182,81787,81797,10
13.0857400894,80.2807235718,81797,81807,10
13.0855197906,80.279876709,81807,81817,10
13.0848703384,80.2793121338,81817,81827,10
13.0839004517,80.2791595459,81827,81837,10
13.083029747,80.2788467407,81837,81849,12
13.0820198059,80.2783889771,81849,81859,10
13.0818901062,80.2777328491,81859,81871,12
13.0818004608,80.2767105103,81871,81881,10
13.0816802979,80.2760009766,81881,81891,10
13.0816497803,80.2758102417,81891,81902,11
13.0816602707,80.2756729126,81902,81912,10
13.081609726,80.2754669189,81912,81922,10
13.081489563,80.2752609253,81922,81932,10
13.0811004639,80.2751922607,81932,81942,10
13.0806798935,80.2752685547,81942,81952,10
13.0803003311,80.2753219604,81952,81962,10
13.0800104141,80.2753677368,81962,81972,10
13.0796499252,80.2753677368,81972,81982,10
13.0791301727,80.2752838135,81982,81992,10
13.0784397125,80.2753372192,81992,82002,10
13.0780897141,80.2761077881,82002,82013,11
13.0772199631,80.2762680054,82013,82023,10
13.0763597488,80.2763214111,82023,82033,10
13.0759000778,80.2762985229,82033,82043,10
