12.9869098663,80.2594070435,14,3060,3046
12.9869804382,80.2593536377,3060,3839,779
12.986749649,80.2592773438,3839,6015,2176
12.9869098663,80.2594909668,6015,6936,921
12.9869604111,80.2593078613,6936,8748,1812
12.9869804382,80.2592391968,8748,9001,253
12.9869403839,80.2593383789,9001,18778,9777
12.9869604111,80.2593307495,18778,18919,141
12.9870004654,80.2593612671,18919,19962,1043
12.9870004654,80.2593612671,19962,19972,10
12.9870500565,80.259437561,19972,19982,10
12.9872703552,80.2595214844,19982,21824,1842
12.9872703552,80.2595214844,21824,21834,10
12.9873304367,80.259552002,21834,21844,10
12.9873600006,80.2592468262,21844,21854,10
12.9873800278,80.2588195801,21854,21864,10
12.9874095917,80.2584609985,21864,21874,10
12.9874401093,80.2580108643,21874,21885,11
12.9874696732,80.2574691772,21885,21895,10
12.9875001907,80.2570037842,21895,21905,10
12.9875497818,80.2565383911,21905,21915,10
12.9876003265,80.2560806274,21915,21925,10
12.987660408,80.2556991577,21925,21935,10
12.987739563,80.2551116943,21935,21945,10
12.9878196716,80.2543029785,21945,21955,10
12.9878902435,80.2534484863,21955,21966,11
12.9879703522,80.2524871826,21966,21976,10
12.987859726,80.2515563965,21976,22077,101
12.987859726,80.2515563965,22077,22087,10
12.9879302979,80.2512588501,22087,22097,10
12.9884500504,80.251121521,22097,22107,10
12.9891195297,80.2509384155,22107,22117,10
12.9894199371,80.250869751,22117,22127,10
12.9896497726,80.250831604,22127,22138,11
12.9902896881,80.2506790161,22138,22148,10
12.9911699295,80.2504806519,22148,22158,10
12.992190361,80.2502288818,22158,22168,10
12.9932899475,80.249961853,22168,22178,10
12.9943799973,80.2497024536,22178,22188,10
12.9954500198,80.2494277954,22188,22198,10
12.9963998795,80.2491836548,22198,22208,10
12.9974002838,80.2489395142,22208,22219,11
12.9985704422,80.2486419678,22219,22229,10
12.9996500015,80.2483825684,22229,22239,10
13.0007400513,80.2481002808,22239,22249,10
13.0017795563,80.2478637695,22249,22259,10
13.0027103424,80.2476425171,22259,22269,10
13.0037403107,80.2474594116,22269,22279,10
13.0047998428,80.2473297119,22279,22289,10
13.0057096481,80.2471466064,22289,22299,10
13.0063800812,80.2467880249,22299,22310,11
13.0065202713,80.2464981079,22310,22320,10
13.0065803528,80.2463378906,22320,22330,10
13.0066404343,80.2457885742,22330,22340,10
13.006649971,80.2449874878,22340,22350,10
13.0066204071,80.2441329956,22350,22360,10
13.0066003799,80.2432479858,22360,22370,10
13.0065603256,80.2423477173,22370,22380,10
13.0065803528,80.2413406372,22380,22391,11
13.0067300797,80.2403335571,22391,22401,10
13.0068998337,80.2394714355,22401,22411,10
13.0070800781,80.2384262085,22411,22421,10
13.0073204041,80.237487793,22421,22431,10
13.0074100494,80.2368087769,22431,22441,10
13.0074300766,80.2367172241,22441,22451,10
13.0074596405,80.2366333008,22451,22461,10
13.0075798035,80.2362213135,22461,22472,11
13.0077295303,80.2354736328,22472,22482,10
13.0079097748,80.234588623,22482,22492,10
13.0081100464,80.2335891724,22492,22502,10
13.0083303452,80.2324829102,22502,22512,10
13.0085496902,80.2313766479,22512,22522,10
13.0087499619,80.2303237915,22522,22532,10
13.0089502335,80.2292633057,22532,22542,10
13.0091896057,80.228187561,22542,22552,10
13.0096597672,80.227180481,22552,22563,11
13.0101995468,80.2260513306,22563,22573,10
13.0106801987,80.2250595093,22573,22583,10
13.0111398697,80.2240371704,22583,22593,10
13.0114898682,80.2232208252,22593,22603,10
13.0116596222,80.2226791382,22603,22613,10
13.0119400024,80.2219467163,22613,22623,10
13.0123195648,80.2215576172,22623,22633,10
13.0126495361,80.222038269,22633,22644,11
13.0133104324,80.2227172852,22644,22654,10
13.013879776,80.2233276367,22654,22664,10
13.0142002106,80.2236480713,22664,22674,10
13.0142498016,80.2237701416,22674,22684,10
13.0143203735,80.2238998413,22684,22694,10
13.0145597458,80.224029541,22694,22704,10
13.0149002075,80.2244873047,22704,22714,10
13.0150995255,80.2247009277,22714,22725,11
13.0151395798,80.2247924805,22725,22735,10
13.0153398514,80.2249832153,22735,22745,10
13.0155601501,80.2251663208,22745,22755,10
13.0161399841,80.2253799438,22755,22765,10
13.0169200897,80.2251968384,22765,22775,10
13.0177698135,80.224861145,22775,22785,10
13.0186195374,80.2245178223,22785,22795,10
13.0194101334,80.2244110107,22795,22805,10
13.0197000504,80.2245101929,22805,22816,11
13.019900322,80.2246780396,22816,22826,10
13.0204000473,80.2250595093,22826,22836,10
13.0210800171,80.2255630493,22836,22846,10
13.0218296051,80.2261276245,22846,22856,10
13.0225896835,80.2267608643,22856,22866,10
13.0233402252,80.2274398804,22866,22876,10
13.023900032,80.2279586792,22876,22886,10
13.0244102478,80.2285308838,22886,22907,21
13.0244102478,80.2285308838,22907,22917,10
13.024189949,80.2285995483,22917,22927,10
13.0239496231,80.2282714844,22927,22937,10
13.023440361,80.227722168,22937,24083,1146
13.023440361,80.227722168,24083,24093,10
13.0232896805,80.2274780273,24093,24103,10
13.023059845,80.2272491455,24103,24113,10
13.0228099823,80.2270126343,24113,24123,10
13.0225296021,80.2267074585,24123,24133,10
13.0219802856,80.2262268066,24133,24143,10
13.0213699341,80.2257614136,24143,24154,11
13.0207901001,80.2252883911,24154,24164,10
13.0199804306,80.224822998,24164,24235,71
13.0199804306,80.224822998,24235,24245,10
13.0196399689,80.224609375,24245,24255,10
13.019109726,80.2244415283,24255,24265,10
13.0184202194,80.2246170044,24265,24275,10
13.0176496506,80.224937439,24275,24285,10
13.0168600082,80.2252578735,24285,24295,10
13.0162200928,80.2255096436,24295,24305,10
13.0155801773,80.2257080078,24305,24315,10
13.0149803162,80.2259368896,24315,24326,11
13.0145998001,80.2261199951,24326,24346,20
13.0145998001,80.2261199951,24346,24356,10
13.0142698288,80.2262420654,24356,24366,10
13.0136404037,80.2264709473,24366,24376,10
13.0127801895,80.2267990112,24376,24386,10
13.011759758,80.2272186279,24386,24396,10
13.0107698441,80.2276382446,24396,24407,11
13.0097799301,80.2280426025,24407,24417,10
13.0091495514,80.2285919189,24417,24427,10
13.0089597702,80.2295379639,24427,24437,10
13.0087404251,80.2306594849,24437,24447,10
13.0085296631,80.2316818237,24447,24457,10
13.008310318,80.2328796387,24457,24467,10
13.0082702637,80.2334365845,24467,24477,10
13.0082101822,80.2336425781,24477,24488,11
13.0081501007,80.233833313,24488,24498,10
13.0080404282,80.2343597412,24498,24508,10
13.0078601837,80.2352218628,24508,24518,10
13.0076303482,80.2363128662,24518,24528,10
13.0073795319,80.2375564575,24528,24538,10
13.0071697235,80.2387084961,24538,24548,10
13.0069704056,80.2397994995,24548,24558,10
13.0068702698,80.2402267456,24558,24568,10
13.0068702698,80.2405471802,24568,24579,11
13.0068397522,80.2407913208,24579,24589,10
13.0067501068,80.2414169312,24589,24599,10
13.0067396164,80.2423934937,24599,24609,10
13.0066699982,80.2434310913,24609,24619,10
13.0066604614,80.2445907593,24619,24629,10
13.0066699982,80.2458114624,24629,24639,10
13.0067100525,80.2468795776,24639,24649,10
13.0063800812,80.2473983765,24649,24660,11
13.0061998367,80.2473831177,24660,24670,10
13.0060901642,80.2473526001,24670,24680,10
13.0057001114,80.2473068237,24680,24690,10
13.004940033,80.2473220825,24690,24700,10
13.0038795471,80.2474517822,24700,24710,10
13.002820015,80.2476196289,24710,24720,10
13.0017795563,80.2478485107,24720,24730,10
13.0005598068,80.2481536865,24730,24740,10
12.9992904663,80.2484970093,24740,24751,11
12.9978504181,80.2488479614,24751,24761,10
12.996509552,80.249168396,24761,24771,10
12.9952001572,80.2495193481,24771,24781,10
12.9939603806,80.2498474121,24781,24791,10
12.9926795959,80.2501602173,24791,24801,10
12.9915399551,80.2504577637,24801,24811,10
12.9911298752,80.2505722046,24811,24821,10
12.9909000397,80.2506103516,24821,24832,11
12.9901504517,80.2507705688,24832,24842,10
12.9891004562,80.2510299683,24842,24852,10
12.9879798889,80.2513427734,24852,24953,101
12.9879798889,80.2513427734,24953,24963,10
12.987830162,80.2513427734,24963,24973,10
12.9873800278,80.2514572144,24973,24983,10
12.9865598679,80.251701355,24983,24993,10
12.9855804443,80.2519302368,24993,25004,11
12.9842596054,80.2522888184,25004,25014,10
12.9829702377,80.2525787354,25014,25024,10
12.9816598892,80.2526397705,25024,25034,10
12.9804201126,80.2526931763,25034,25044,10
12.9795103073,80.2526626587,25044,25054,10
12.9785804749,80.252532959,25054,25064,10
12.9785003662,80.2524795532,25064,25074,10
12.9780702591,80.2521820068,25074,25085,11
12.9772701263,80.2514877319,25085,25095,10
12.9761400223,80.251083374,25095,25105,10
12.9749403,80.2507400513,25105,25115,10
12.9738702774,80.2504425049,25115,25125,10
12.9728899002,80.2501525879,25125,25135,10
12.9718599319,80.2498703003,25135,25145,10
12.9707202911,80.2495498657,25145,25155,10
12.9695196152,80.2490997314,25155,25166,11
12.968170166,80.2485961914,25166,25176,10
12.9670200348,80.2481002808,25176,25186,10
12.9659404755,80.2476196289,25186,25196,10
12.9652299881,80.2473602295,25196,25206,10
12.965089798,80.2472915649,25206,25216,10
12.9646196365,80.2471008301,25216,25226,10
12.9638004303,80.2468032837,25226,25236,10
12.9628295898,80.2463302612,25236,25246,10
12.9615402222,80.2456893921,25246,25257,11
12.9603395462,80.2451400757,25257,25267,10
12.959569931,80.2448425293,25267,25277,10
12.95952034,80.2448196411,25277,25287,10
12.9592695236,80.2446975708,25287,25297,10
12.9586400986,80.2443771362,25297,25307,10
12.9578199387,80.2440185547,25307,25317,10
12.9569702148,80.2436904907,25317,25327,10
12.9563999176,80.2434768677,25327,25338,11
12.9560804367,80.2433624268,25338,25348,10
12.9553499222,80.243057251,25348,25358,10
12.9544000626,80.2426605225,25358,25368,10
12.953499794,80.2422714233,25368,25378,10
12.9525203705,80.241897583,25378,25388,10
12.9518995285,80.2416763306,25388,25398,10
12.9518604279,80.2416305542,25398,25408,10
12.9514598846,80.2414932251,25408,25419,11
12.9505996704,80.2412185669,25419,25429,10
12.9495296478,80.2408905029,25429,25439,10
12.9483699799,80.240447998,25439,25449,10
12.9473495483,80.2400512695,25449,25459,10
12.9471597672,80.2399673462,25459,25469,10
12.9467802048,80.2398223877,25469,25479,10
12.9460601807,80.2395172119,25479,25489,10
12.9451398849,80.2389831543,25489,25499,10
12.9442996979,80.2380981445,25499,25510,11
12.943400383,80.2371368408,25510,25530,20
12.943400383,80.2371368408,25530,25540,10
12.9432201385,80.2369384766,25540,25550,10
12.942609787,80.2365264893,25550,25560,10
12.9415502548,80.2362136841,25560,25570,10
12.9404401779,80.2359390259,25570,25580,10
12.9397602081,80.2357177734,25580,25591,11
12.9395503998,80.2356414795,25591,25601,10
12.938949585,80.2353210449,25601,25611,10
12.9380197525,80.2348480225,25611,25621,10
12.9369001389,80.2342910767,25621,25631,10
12.9357795715,80.2337417603,25631,25641,10
12.934679985,80.2332687378,25641,25651,10
12.9338798523,80.2329406738,25651,25672,21
12.9338798523,80.2329406738,25672,25682,10
12.9337902069,80.2328720093,25682,25692,10
12.9333295822,80.2326507568,25692,25702,10
12.9325199127,80.2323303223,25702,25712,10
12.9314203262,80.2319717407,25712,25722,10
12.9301300049,80.2315673828,25722,25732,10
12.9291801453,80.2313232422,25732,25742,10
12.9283304214,80.2311935425,25742,25752,10
12.927189827,80.2310409546,25752,25763,11
12.9260997772,80.2309188843,25763,25773,10
12.9260597229,80.2309265137,25773,25783,10
12.9259395599,80.2309417725,25783,25793,10
12.9254198074,80.2308425903,25793,25803,10
12.9245996475,80.2307434082,25803,25813,10
12.923500061,80.2305984497,25813,25823,10
12.9221696854,80.2304077148,25823,25833,10
12.9206495285,80.2302017212,25833,25844,11
12.9188804626,80.2299804688,25844,25854,10
12.9173402786,80.2297592163,25854,25864,10
12.9158201218,80.2295379639,25864,25874,10
12.9143600464,80.229347229,25874,25884,10
12.9133901596,80.2292480469,25884,25904,20
12.9133901596,80.2292480469,25904,25914,10
12.913310051,80.2291793823,25914,25925,11
12.9127502441,80.2290802002,25925,25935,10
12.9118499756,80.2289733887,25935,25945,10
12.9106702805,80.2288208008,25945,25955,10
12.9093599319,80.2285995483,25955,25965,10
12.9079999924,80.2283782959,25965,25975,10
12.9068603516,80.2282485962,25975,25985,10
12.9064302444,80.2282333374,25985,25995,10
12.9063100815,80.2282028198,25995,26005,10
12.9056797028,80.2281417847,26005,26016,11
12.9045801163,80.2280578613,26016,26026,10
12.9033603668,80.228012085,26026,26036,10
12.9020795822,80.2279586792,26036,26046,10
12.9011602402,80.2279281616,26046,26066,20
12.9011602402,80.2279281616,26066,26076,10
12.9009504318,80.2279510498,26076,26086,10
12.900349617,80.2278823853,26086,26097,11
12.899720192,80.2278671265,26097,26107,10
12.8997097015,80.2278671265,26107,26117,10
12.8994598389,80.2278366089,26117,26127,10
12.8987703323,80.2278366089,26127,26137,10
12.8977804184,80.2277374268,26137,26147,10
12.8965597153,80.2276916504,26147,26157,10
12.8952102661,80.2276382446,26157,26167,10
12.8938102722,80.2275619507,26167,26177,10
12.8927097321,80.2274169922,26177,26188,11
12.8924303055,80.2273788452,26188,26198,10
12.8919200897,80.2273712158,26198,26208,10
12.8910198212,80.2273635864,26208,26218,10
12.8897895813,80.2273635864,26218,26228,10
12.8884000778,80.2273330688,26228,26238,10
12.8871898651,80.2272109985,26238,26248,10
12.8859395981,80.2269134521,26248,26258,10
12.8849496841,80.2267379761,26258,26269,11
12.8848400116,80.2267303467,26269,26279,10
12.8844604492,80.2267227173,26279,26289,10
12.8836603165,80.2267227173,26289,26299,10
12.882519722,80.2267303467,26299,26309,10
12.8811597824,80.2267379761,26309,26319,10
12.8796796799,80.2267532349,26319,26329,10
12.8781900406,80.2268218994,26329,26339,10
12.8770599365,80.2269363403,26339,26350,11
12.8765001297,80.2269821167,26350,26360,10
12.8763198853,80.2269897461,26360,26370,10
12.8757295609,80.2269821167,26370,26380,10
12.874830246,80.2268829346,26380,26390,10
12.8736600876,80.2267379761,26390,26400,10
12.8723897934,80.2266693115,26400,26410,10
12.8710203171,80.2266235352,26410,26420,10
12.869600296,80.2264862061,26420,26430,10
12.8682098389,80.2263717651,26430,26441,11
12.8669500351,80.2264785767,26441,26451,10
12.8658504486,80.2265777588,26451,26461,10
12.8647203445,80.2265701294,26461,26471,10
12.8633699417,80.2265014648,26471,26481,10
12.8619403839,80.2265625,26481,26491,10
12.8610200882,80.2266235352,26491,26501,10
12.8608598709,80.2265625,26501,26511,10
12.8604001999,80.2265090942,26511,26522,11
12.8594903946,80.2263793945,26522,26532,10
12.8587398529,80.2262878418,26532,26542,10
12.8578901291,80.2262573242,26542,26552,10
12.8567399979,80.226348877,26552,26562,10
12.8554201126,80.2265014648,26562,26572,10
12.853969574,80.2266616821,26572,26582,10
12.852689743,80.2267227173,26582,26592,10
12.8513002396,80.2266616821,26592,26603,11
12.8501996994,80.2266235352,26603,26613,10
12.8500404358,80.2266082764,26613,26623,10
12.8496398926,80.2265930176,26623,26633,10
12.8488302231,80.2265777588,26633,26643,10
12.8476600647,80.2265930176,26643,26653,10
12.8463497162,80.226600647,26653,26663,10
12.845459938,80.2266235352,26663,26673,10
12.8453998566,80.2266082764,26673,26683,10
12.8452396393,80.2265777588,26683,26694,11
12.8446102142,80.2266235352,26694,26704,10
12.8436203003,80.2267303467,26704,26714,10
12.8423500061,80.2269592285,26714,26724,10
12.8409795761,80.2273025513,26724,26734,10
12.8401203156,80.2275238037,26734,26744,10
12.8396396637,80.2276763916,26744,26754,10
12.8390398026,80.2278518677,26754,26764,10
12.8380899429,80.2281112671,26764,26775,11
12.8369197845,80.2283401489,26775,26785,10
12.8366498947,80.2283782959,26785,26795,10
12.8366003036,80.2284011841,26795,26805,10
12.8361597061,80.2284469604,26805,26815,10
12.8352899551,80.2285766602,26815,26825,10
12.8340797424,80.2287597656,26825,26835,10
12.8328104019,80.2290115356,26835,26845,10
12.8323497772,80.2290878296,26845,26856,11
12.8322601318,80.2291030884,26856,26866,10
12.8321895599,80.229133606,26866,26876,10
12.8317203522,80.2292175293,26876,26886,10
12.8308496475,80.2294998169,26886,26896,10
12.829750061,80.2298965454,26896,26906,10
12.8285703659,80.2304229736,26906,26916,10
12.8273801804,80.2310714722,26916,26926,10
12.826259613,80.231338501,26926,26936,10
12.8257703781,80.2313995361,26936,26947,11
12.8254804611,80.2313995361,26947,26957,10
12.8247804642,80.2313690186,26957,26967,10
12.8237600327,80.2311172485,26967,26977,10
12.8225297928,80.2307281494,26977,26987,10
12.8211603165,80.2304534912,26987,26997,10
12.8197603226,80.2304763794,26997,27007,10
12.8185796738,80.2303390503,27007,27017,10
12.8173704147,80.2297592163,27017,27028,11
12.8157997131,80.2293930054,27028,27038,10
12.8142995834,80.2291717529,27038,27048,10
12.8130197525,80.2287979126,27048,27058,10
12.8119401932,80.2284011841,27058,27068,10
12.8108301163,80.2279891968,27068,27078,10
12.8096504211,80.2275009155,27078,27088,10
12.8085002899,80.2266998291,27088,27098,10
12.8073997498,80.225769043,27098,27109,11
12.806429863,80.2249069214,27109,27119,10
12.8056497574,80.2242431641,27119,27129,10
12.804980278,80.2239990234,27129,27149,20
12.804980278,80.2239990234,27149,27159,10
12.8046197891,80.2239227295,27159,27169,10
12.8038902283,80.2238693237,27169,27179,10
12.8029403687,80.223777771,27179,27189,10
12.8018198013,80.2236480713,27189,27200,11
12.8009395599,80.2235870361,27200,27210,10
12.8007898331,80.2235794067,27210,27220,10
12.8002004623,80.2235107422,27220,27230,10
12.7992200851,80.2234268188,27230,27240,10
12.7979898453,80.2232818604,27240,27250,10
12.7967195511,80.2230682373,27250,27260,10
12.7958202362,80.2229385376,27260,27270,10
12.79570961,80.2229309082,27270,27281,11
12.7952299118,80.2228164673,27281,27291,10
12.7943401337,80.2226867676,27291,27301,10
12.7932395935,80.2225112915,27301,27311,10
12.7920598984,80.2222671509,27311,27321,10
12.79088974,80.2219772339,27321,27331,10
12.7899904251,80.2217712402,27331,27341,10
12.7892799377,80.2215270996,27341,27351,10
12.7888002396,80.2213363647,27351,27361,10
12.7881097794,80.2210617065,27361,27372,11
12.7874097824,80.2207794189,27372,27382,10
12.7866697311,80.2205123901,27382,27392,10
12.7861404419,80.2205123901,27392,27412,20
12.7861404419,80.2205123901,27412,27422,10
12.7861499786,80.2207107544,27422,27432,10
12.7861604691,80.2210922241,27432,27442,10
12.7861995697,80.221496582,27442,27453,11
12.7862596512,80.2218475342,27453,28657,1204
12.7862596512,80.2218475342,28657,28667,10
12.7862596512,80.2215270996,28667,28677,10
12.786239624,80.2212524414,28677,28687,10
12.786239624,80.2208709717,28687,28697,10
12.786239624,80.2204818726,28697,28708,11
12.7862796783,80.2203521729,28708,28718,10
12.7865896225,80.2203979492,28718,28748,30
12.7865896225,80.2203979492,28748,28758,10
12.7866697311,80.2205429077,28758,28768,10
12.7870101929,80.2206878662,28768,28778,10
12.7876195908,80.2209014893,28778,28789,11
12.7883300781,80.2211914063,28789,28799,10
12.7890996933,80.2214584351,28799,28809,10
12.7897996902,80.2217025757,28809,28819,10
12.7904996872,80.2218780518,28819,28829,10
12.7914104462,80.2221069336,28829,28839,10
12.7924499512,80.222366333,28839,28849,10
12.7936201096,80.2225494385,28849,28859,10
12.7947998047,80.2227172852,28859,28869,10
12.7958602905,80.2229003906,28869,28880,11
12.796500206,80.2229766846,28880,28890,10
12.7967195511,80.2230224609,28890,28900,10
12.7973499298,80.2231521606,28900,28910,10
12.798330307,80.2232894897,28910,28920,10
12.7994804382,80.2233963013,28920,28930,10
12.8006601334,80.2235107422,28930,28940,10
12.8015098572,80.2235794067,28940,28950,10
12.8015804291,80.2236099243,28950,28961,11
12.8021602631,80.2236785889,28961,28971,10
12.8029899597,80.2238006592,28971,28981,10
12.8039302826,80.2238922119,28981,28991,10
12.8048801422,80.2239685059,28991,29001,10
12.8055696487,80.2241363525,29001,29011,10
12.8056697845,80.2241897583,29011,29021,10
12.8059597015,80.2244415283,29021,29031,10
12.8065900803,80.2249984741,29031,29042,11
12.8074798584,80.2257919312,29042,29052,10
12.8084201813,80.226600647,29052,29062,10
12.809419632,80.2273635864,29062,29072,10
12.8105697632,80.2278823853,29072,29082,10
12.8118495941,80.2283782959,29082,29092,10
12.8131303787,80.2288284302,29092,29102,10
12.8144302368,80.2292098999,29102,29112,10
12.8157997131,80.2294082642,29112,29122,10
12.817150116,80.2296676636,29122,29133,11
12.8184404373,80.2302398682,29133,29143,10
12.8194599152,80.2304916382,29143,29153,10
12.8198099136,80.23046875,29153,29163,10
12.8198900223,80.2304611206,29163,29173,10
12.8203201294,80.2304534912,29173,29183,10
12.8211803436,80.2304534912,29183,29193,10
12.8222503662,80.2306213379,29193,29203,10
12.8234100342,80.2309875488,29203,29214,11
12.8247203827,80.2313079834,29214,29224,10
12.8258399963,80.2313690186,29224,29234,10
12.8261604309,80.2313232422,29234,29244,10
12.8264303207,80.2313079834,29244,29254,10
12.8270797729,80.2312088013,29254,29264,10
12.8279895782,80.2307662964,29264,29274,10
12.8290395737,80.2302017212,29274,29284,10
12.8301401138,80.2297592163,29284,29295,11
12.8310699463,80.2293930054,29295,29305,10
12.8311004639,80.2293701172,29305,29315,10
12.8313703537,80.2292861938,29315,29325,10
12.8316602707,80.2292404175,29325,29335,10
12.8320798874,80.229133606,29335,29345,10
12.832909584,80.2289581299,29345,29355,10
12.8339796066,80.228767395,29355,29365,10
12.8352203369,80.2285614014,29365,29376,11
12.836640358,80.2283477783,29376,29386,10
12.8379297256,80.2281417847,29386,29396,10
12.8389797211,80.2278823853,29396,29406,10
12.839509964,80.2277526855,29406,29416,10
12.8395595551,80.227722168,29416,29426,10
12.8397798538,80.2276306152,29426,29436,10
12.8404397964,80.2274475098,29436,29446,10
12.8413600922,80.2272033691,29446,29456,10
12.8424797058,80.2269134521,29456,29467,11
12.8437595367,80.2266998291,29467,29477,10
12.8454704285,80.2265396118,29477,29517,40
12.8454704285,80.2265396118,29517,29527,10
12.8457803726,80.2265472412,29527,29537,10
12.8460903168,80.2265319824,29537,29548,11
12.8467798233,80.2265396118,29548,29558,10
12.847530365,80.2265396118,29558,29568,10
12.8483495712,80.2265319824,29568,29578,10
12.8491802216,80.2265167236,29578,29588,10
12.8500003815,80.2265167236,29588,29598,10
12.8507795334,80.2265396118,29598,29608,10
12.8516397476,80.2265777588,29608,29618,10
12.8525695801,80.2266235352,29618,29628,10
12.8535404205,80.2266235352,29628,29639,11
12.854590416,80.2265014648,29639,29649,10
12.8555202484,80.2264099121,29649,29659,10
12.8564195633,80.2263183594,29659,29669,10
12.857339859,80.2262268066,29669,29679,10
12.8582897186,80.2261962891,29679,29689,10
12.8592796326,80.2262802124,29689,29699,10
12.8602800369,80.2264328003,29699,29709,10
12.8608598709,80.2265014648,29709,29720,11
12.8609800339,80.2265167236,29720,29730,10
12.8614397049,80.2265396118,29730,29740,10
12.8622598648,80.2265090942,29740,29750,10
12.8633403778,80.2264785767,29750,29760,10
12.8645401001,80.2265472412,29760,29770,10
12.8658399582,80.2265625,29770,29780,10
12.8671703339,80.2264404297,29780,29790,10
12.8684597015,80.2263412476,29790,29800,10
12.8697299957,80.2264633179,29800,29811,11
12.8711595535,80.2266235352,29811,29821,10
12.8723697662,80.2266311646,29821,29831,10
12.8728303909,80.2266235352,29831,29841,10
12.8729000092,80.2266235352,29841,29851,10
12.8733701706,80.2266464233,29851,29861,10
12.8741798401,80.2267227173,29861,29871,10
12.8752098083,80.2268600464,29871,29881,10
12.8761997223,80.2269134521,29881,29892,11
12.8767499924,80.2268829346,29892,29902,10
12.8767795563,80.2268676758,29902,29912,10
12.8770904541,80.2268600464,29912,29922,10
12.8778095245,80.2267990112,29922,29932,10
12.8788204193,80.2267303467,29932,29942,10
12.8799800873,80.2266769409,29942,29952,10
12.8812198639,80.2266769409,29952,29962,10
12.8824996948,80.2266693115,29962,29973,11
12.8839101791,80.2266464233,29973,29983,10
12.8849401474,80.2266387939,29983,29993,10
12.8852100372,80.2266464233,29993,30003,10
12.8853797913,80.2266769409,30003,30013,10
12.8859701157,80.2268295288,30013,30023,10
12.886879921,80.2270812988,30023,30033,10
12.8880300522,80.2272720337,30033,30043,10
12.8892602921,80.2273406982,30043,30053,10
12.89041996,80.2273406982,30053,30064,11
12.8919897079,80.2273406982,30064,30074,10
12.892660141,80.2273788452,30074,30084,10
12.8934402466,80.2274780273,30084,30094,10
12.8944797516,80.2276000977,30094,30104,10
12.8957595825,80.2276382446,30104,30114,10
12.8971700668,80.2276992798,30114,30124,10
12.8986196518,80.2277832031,30124,30134,10
12.8997898102,80.2278289795,30134,30145,11
12.9005203247,80.2278366089,30145,30205,60
12.9005203247,80.2278366089,30205,30215,10
12.9006204605,80.2278366089,30215,30226,11
12.9008398056,80.2278671265,30226,30236,10
12.9011297226,80.2279205322,30236,30246,10
12.9016895294,80.2279586792,30246,30256,10
12.9021902084,80.2279815674,30256,30266,10
12.9024400711,80.2279815674,30266,30276,10
12.9026002884,80.2279891968,30276,30286,10
12.9026098251,80.2279891968,30286,30296,10
12.9027395248,80.2279968262,30296,30306,10
12.9031095505,80.2279815674,30306,30317,11
12.9038095474,80.2280578613,30317,30327,10
12.9047203064,80.2281265259,30327,30337,10
12.9057598114,80.2281570435,30337,30347,10
12.9066801071,80.2282180786,30347,30367,20
12.9066801071,80.2282180786,30367,30377,10
12.9071397781,80.2282791138,30377,30387,10
12.9079198837,80.2284011841,30387,30398,11
12.9090995789,80.2286071777,30398,30408,10
12.9103002548,80.2288131714,30408,30418,10
12.9115200043,80.2289581299,30418,30428,10
12.9127597809,80.2291564941,30428,30438,10
12.9137496948,80.2292785645,30438,30448,10
12.9141197205,80.229309082,30448,30458,10
12.9142398834,80.2293319702,30458,30468,10
12.9146795273,80.2294006348,30468,30479,11
12.9167203903,80.2296905518,30479,30489,10
12.9167203903,80.2296905518,30489,30499,10
12.9179697037,80.2298583984,30499,30509,10
12.9193696976,80.2300567627,30509,30519,10
12.920920372,80.2302703857,30519,30529,10
12.9225196838,80.2304916382,30529,30539,10
12.9240703583,80.23072052,30539,30550,11
12.9253797531,80.2308807373,30550,30560,10
12.9264202118,80.231010437,30560,30571,11
12.9275598526,80.2311401367,30571,30581,10
12.9287996292,80.2313232422,30581,30591,10
12.930100441,80.2315597534,30591,30601,10
12.9315099716,80.2319793701,30601,30611,10
12.9329004288,80.2324371338,30611,30621,10
12.9337596893,80.2328033447,30621,30631,10
12.9337701797,80.2328109741,30631,30641,10
12.9340000153,80.2328872681,30641,30652,11
12.9347000122,80.2332229614,30652,30662,10
12.9356203079,80.2336425781,30662,30672,10
12.9367198944,80.234161377,30672,30682,10
12.9379196167,80.2347488403,30682,30692,10
12.9391202927,80.2353591919,30692,30702,10
12.9396696091,80.2356262207,30702,30712,10
12.939740181,80.2356719971,30712,30722,10
12.9400596619,80.235786438,30722,30732,10
12.9407997131,80.236000061,30732,30743,11
12.9419202805,80.2362976074,30743,30753,10
12.9430398941,80.2367782593,30753,30763,10
12.9439296722,80.2376174927,30763,30773,10
12.944899559,80.2386779785,30773,30783,10
12.9460601807,80.2395019531,30783,30793,10
12.9472198486,80.2399673462,30793,30803,10
12.9474496841,80.2400588989,30803,30813,10
12.9475898743,80.2401123047,30813,30824,11
12.9481801987,80.2403488159,30824,30834,10
12.9489803314,80.2406921387,30834,30844,10
12.9497995377,80.2409896851,30844,30854,10
12.9506702423,80.2412185669,30854,30864,10
12.9510803223,80.2413406372,30864,30874,10
12.9511299133,80.2413635254,30874,30884,10
12.9515199661,80.2415237427,30884,30894,10
12.9522199631,80.2417984009,30894,30905,11
12.9532604218,80.2422103882,30905,30915,10
12.9543504715,80.2426223755,30915,30925,10
12.9552602768,80.2429733276,30925,30935,10
12.9559803009,80.2432632446,30935,30945,10
12.9565200806,80.2434997559,30945,30955,10
12.9571304321,80.2437362671,30955,30965,10
12.958029747,80.2441101074,30965,30975,10
12.958820343,80.2444076538,30975,30985,10
12.9588603973,80.244430542,30985,30996,11
12.9592103958,80.2445983887,30996,31006,10
12.959859848,80.2449035645,31006,31016,10
12.9607696533,80.2453308105,31016,31026,10
12.9618597031,80.2458496094,31026,31036,10
12.9629201889,80.246383667,31036,31046,10
12.9638004303,80.2468109131,31046,31056,10
12.9646100998,80.2471084595,31056,31066,10
12.9653701782,80.2473831177,31066,31077,11
12.9666004181,80.247833252,31077,31097,20
12.9666004181,80.247833252,31097,31107,10
12.9667100906,80.2478790283,31107,31117,10
12.9668397903,80.2479629517,31117,31127,10
12.9671602249,80.2481307983,31127,31137,10
12.9676799774,80.2483825684,31137,31147,10
12.9685096741,80.2487182617,31147,31158,11
12.9695997238,80.249168396,31158,31168,10
12.9707098007,80.2496032715,31168,31178,10
12.9719104767,80.2499313354,31178,31188,10
12.9731397629,80.2502593994,31188,31198,10
12.9743404388,80.2505722046,31198,31208,10
12.9756298065,80.2509384155,31208,31218,10
12.9768400192,80.2512893677,31218,31228,10
12.9783802032,80.2522583008,31228,31249,21
12.9783802032,80.2522583008,31249,31259,10
12.9784202576,80.2522964478,31259,31269,10
12.9787797928,80.2524795532,31269,31279,10
12.9795799255,80.2526397705,31279,31299,20
12.9795799255,80.2526397705,31299,31309,10
12.979929924,80.2526779175,31309,31319,10
12.9806003571,80.2526931763,31319,31330,11
12.9816198349,80.2526626587,31330,31340,10
12.9826402664,80.2526397705,31340,31350,10
12.9837703705,80.2524795532,31350,31360,10
12.9848499298,80.2521896362,31360,31370,10
12.9858703613,80.2518997192,31370,31380,10
12.9867801666,80.251663208,31380,31390,10
12.9872903824,80.2515029907,31390,31461,71
12.9872903824,80.2515029907,31461,31471,10
12.9875402451,80.2514419556,31471,31481,10
12.9880800247,80.2513198853,31481,31491,10
12.9893398285,80.2509613037,31491,31512,21
12.9893398285,80.2509613037,31512,31522,10
12.9896097183,80.2508773804,31522,31532,10
12.990240097,80.2507400513,31532,31542,10
12.9910202026,80.2505493164,31542,31552,10
12.9922199249,80.25025177,31552,31562,10
12.9934301376,80.2499389648,31562,31572,10
12.9946203232,80.2496490479,31572,31583,11
12.9959201813,80.2493133545,31583,31593,10
12.9971199036,80.2490005493,31593,31603,10
12.9984102249,80.2486877441,31603,31613,10
12.9996995926,80.2483596802,31613,31623,10
13.0009498596,80.2480697632,31623,31633,10
13.0019903183,80.2478179932,31633,31643,10
13.0028800964,80.2476272583,31643,31653,10
13.0039796829,80.2474517822,31653,31663,10
13.0051803589,80.2472763062,31663,31674,11
13.0065202713,80.2465591431,31674,31694,20
13.0065202713,80.2465591431,31694,31704,10
13.0066099167,80.246421814,31704,31714,10
13.0066900253,80.2459869385,31714,31724,10
13.0066795349,80.2453994751,31724,31734,10
13.0066699982,80.2449493408,31734,31744,10
13.0066795349,80.2442321777,31744,31755,11
13.0066699982,80.2433395386,31755,31765,10
13.0066099167,80.2424163818,31765,31775,10
13.0066099167,80.2413406372,31775,31785,10
13.0067195892,80.2403411865,31785,31795,10
13.0069503784,80.2392730713,31795,31805,10
13.0071802139,80.2380828857,31805,31815,10
13.0074100494,80.2370605469,31815,31825,10
13.0074596405,80.2366790771,31825,31836,11
13.007519722,80.236618042,31836,31846,10
13.0076398849,80.2362289429,31846,31856,10
13.0077800751,80.235496521,31856,31866,10
13.0079698563,80.2345428467,31866,31876,10
13.0082101822,80.2333374023,31876,31886,10
13.0084695816,80.2319412231,31886,31896,10
13.008769989,80.2305221558,31896,31906,10
13.0090398788,80.229133606,31906,31916,10
13.0093002319,80.2280578613,31916,31927,11
13.0098199844,80.2268981934,31927,31937,10
13.0103902817,80.2257232666,31937,31947,10
13.0108203888,80.224822998,31947,31957,10
13.0111398697,80.2240371704,31957,31967,10
13.0115003586,80.2232437134,31967,31977,10
13.0118398666,80.2224197388,31977,31987,10
13.0121202469,80.2216415405,31987,31997,10
13.0124397278,80.2215805054,31997,32008,11
13.0127601624,80.22215271,32008,32018,10
13.0133199692,80.2227401733,32018,32028,10
13.0136804581,80.2231292725,32028,32038,10
13.0140800476,80.2235870361,32038,32048,10
13.0145702362,80.2241592407,32048,32058,10
13.0149803162,80.2245864868,32058,32068,10
13.0151195526,80.2247390747,32068,32078,10
13.0155200958,80.2250823975,32078,32119,41
13.0155200958,80.2250823975,32119,32129,10
13.0158901215,80.2253189087,32129,32139,10
13.0163002014,80.2253799438,32139,32149,10
13.0169696808,80.2251968384,32149,32159,10
13.0179100037,80.2248382568,32159,32169,10
13.0188798904,80.2244262695,32169,32180,11
13.0197601318,80.2245483398,32180,32200,20
13.0197601318,80.2245483398,32200,32210,10
13.0197896957,80.2246398926,32210,32220,10
13.0200796127,80.2248687744,32220,32230,10
13.02064991,80.2252883911,32230,32240,10
13.0214099884,80.2258682251,32240,32250,10
13.0222101212,80.2264709473,32250,32261,11
13.0231199265,80.2272567749,32261,32271,10
13.0238704681,80.2279510498,32271,32281,10
13.0242900848,80.2283477783,32281,32291,10
13.0244102478,80.228477478,32291,32372,81
13.0244102478,80.228477478,32372,32382,10
13.0242395401,80.2286224365,32382,32392,10
13.0239400864,80.2282333374,32392,32402,10
13.0235099792,80.2277069092,32402,33333,931
13.0235099792,80.2277069092,33333,33343,10
13.0232000351,80.2274398804,33343,33354,11
13.0231103897,80.2272872925,33354,33364,10
13.0229997635,80.2271575928,33364,33374,10
13.0227098465,80.2268295288,33374,33384,10
13.022190094,80.2263717651,33384,33394,10
13.0215797424,80.2258911133,33394,33404,10
13.0209197998,80.2253799438,33404,33414,10
13.02023983,80.2249526978,33414,33424,10
13.0199298859,80.2247772217,33424,33434,10
13.0198802948,80.2247161865,33434,33445,11
13.0194997787,80.2245025635,33445,33455,10
13.0187196732,80.2244720459,33455,33465,10
13.0179004669,80.2248001099,33465,33475,10
13.0171003342,80.2251281738,33475,33485,10
13.0164804459,80.2254104614,33485,33495,10
13.0161104202,80.2255630493,33495,33505,10
13.0156202316,80.225730896,33505,33515,10
13.0151796341,80.2258987427,33515,33526,11
13.0147695541,80.2260665894,33526,33546,20
13.0147695541,80.2260665894,33546,33556,10
13.0144796371,80.2261199951,33556,33566,10
13.0143404007,80.2261810303,33566,33576,10
13.0142402649,80.2261962891,33576,33586,10
13.013759613,80.2263870239,33586,33596,10
13.0129699707,80.2266998291,33596,33607,11
13.0119895935,80.2271194458,33607,33617,10
13.0109901428,80.2275314331,33617,33627,10
13.0099897385,80.2279586792,33627,33637,10
13.009180069,80.228477478,33637,33647,10
13.0089702606,80.2295303345,33647,33657,10
13.0087404251,80.2306671143,33657,33667,10
13.0084695816,80.231918335,33667,33677,10
13.0082902908,80.2330703735,33677,33687,10
13.0082798004,80.2335128784,33687,33698,11
13.0081996918,80.2336730957,33698,33708,10
13.0080900192,80.2342300415,33708,33718,10
13.0078601837,80.2352218628,33718,33728,10
13.0076503754,80.2362518311,33728,33738,10
13.0074300766,80.2373275757,33738,33748,10
13.0072898865,80.2383117676,33748,33758,10
13.0071201324,80.2392196655,33758,33768,10
13.0069799423,80.2400894165,33768,33819,51
13.0069799423,80.2400894165,33819,33829,10
13.0069103241,80.2404403687,33829,33839,10
13.0068702698,80.2407684326,33839,33849,10
13.006819725,80.2408981323,33849,33859,10
13.0067195892,80.2415390015,33859,33870,11
13.0067195892,80.2424087524,33870,33880,10
13.0067195892,80.2432327271,33880,33890,10
13.0066299438,80.2442169189,33890,33900,10
13.0066204071,80.245300293,33900,33910,10
13.0066795349,80.2460174561,33910,33920,10
13.006770134,80.2468032837,33920,33930,10
13.0067796707,80.247177124,33930,33940,10
13.0066995621,80.2473602295,33940,33951,11
13.006480217,80.2474212646,33951,33961,10
13.0061502457,80.2473983765,33961,33971,10
13.0060396194,80.2473526001,33971,33981,10
13.0055198669,80.2473297119,33981,33991,10
13.0046195984,80.2473526001,33991,34001,10
13.0035400391,80.247467041,34001,34011,10
13.0025501251,80.2476425171,34011,34021,10
13.0016899109,80.2478713989,34021,34032,11
13.0004396439,80.2481994629,34032,34042,10
12.9991798401,80.2485198975,34042,34052,10
12.9978599548,80.2488632202,34052,34062,10
12.9965200424,80.2491836548,34062,34072,10
12.9952402115,80.2495193481,34072,34082,10
12.9940004349,80.2498474121,34082,34092,10
12.9927797318,80.2501373291,34092,34102,10
12.9916200638,80.2504425049,34102,34112,10
12.9911203384,80.2506027222,34112,34123,11
12.9909095764,80.2506408691,34123,34133,10
12.9902801514,80.2507781982,34133,34143,10
12.9895200729,80.2509536743,34143,34156,13
12.989279747,80.2509994507,34156,34166,10
12.9889202118,80.2510604858,34166,34176,10
12.9885396957,80.2511825562,34176,34186,10
12.9878902435,80.2513580322,34186,34196,10
12.9871797562,80.2515563965,34196,34207,11
12.9862604141,80.2518005371,34207,34217,10
12.985250473,80.2520599365,34217,34227,10
12.9840297699,80.2523574829,34227,34237,10
12.9828100204,80.2525787354,34237,34247,10
12.981590271,80.2526397705,34247,34257,10
12.9805002213,80.2527008057,34257,34267,10
12.9800395966,80.2527313232,34267,34277,10
12.9797296524,80.2526473999,34277,34288,11
12.9790000916,80.2525787354,34288,34298,10
12.978509903,80.2524795532,34298,34308,10
12.9785003662,80.2524719238,34308,34318,10
12.9782400131,80.2522964478,34318,34328,10
12.977640152,80.2517776489,34328,34338,10
12.9766902924,80.2512435913,34338,34348,10
12.9754600525,80.250869751,34348,34358,10
12.9741601944,80.25050354,34358,34368,10
12.9728899002,80.2501831055,34368,34379,11
12.9714403152,80.249786377,34379,34389,10
12.9700803757,80.2493515015,34389,34399,10
12.9687700272,80.248840332,34399,34409,10
12.9675703049,80.2483596802,34409,34419,10
12.9665498734,80.2478713989,34419,34429,10
12.9655399323,80.247467041,34429,34439,10
12.9651203156,80.2473373413,34439,34449,10
12.965089798,80.2473297119,34449,34460,11
12.9649400711,80.2472763062,34460,34470,10
12.9644203186,80.2470703125,34470,34480,10
12.9637899399,80.2467880249,34480,34490,10
12.963470459,80.2466201782,34490,34500,10
12.9629096985,80.246421814,34500,34510,10
12.9621696472,80.2460632324,34510,34520,10
12.9612102509,80.2455978394,34520,34530,10
12.9601697922,80.2451171875,34530,34540,10
12.9595403671,80.2448577881,34540,34551,11
12.9595403671,80.2448501587,34551,34561,10
12.9593496323,80.244758606,34561,34571,10
12.9591703415,80.2446670532,34571,34581,10
12.9586200714,80.2444000244,34581,34591,10
12.9579000473,80.2440795898,34591,34601,10
12.9570302963,80.2437362671,34601,34611,10
12.9563703537,80.2434768677,34611,34621,10
12.9556999207,80.2431869507,34621,34632,11
12.95470047,80.2427825928,34632,34642,10
12.9537000656,80.2423782349,34642,34652,10
12.9525699615,80.2419204712,34652,34662,10
12.9518203735,80.2416610718,34662,34672,10
12.9517297745,80.2416381836,34672,34682,10
12.9512796402,80.2414703369,34682,34692,10
12.9504699707,80.2411804199,34692,34702,10
12.949379921,80.240852356,34702,34712,10
12.9481897354,80.2403717041,34712,34723,11
12.9471998215,80.2399978638,34723,34733,10
12.9470701218,80.2399368286,34733,34743,10
12.9467000961,80.2397766113,34743,34753,10
12.945980072,80.2394714355,34753,34763,10
12.945110321,80.2389526367,34763,34773,10
12.9442396164,80.2380371094,34773,34783,10
12.9433002472,80.2370529175,34783,34793,10
12.9420795441,80.2363586426,34793,34804,11
12.9406900406,80.2359924316,34804,34814,10
12.939909935,80.235748291,34814,34824,10
12.9391698837,80.2354431152,34824,34834,10
12.9385995865,80.2351989746,34834,34844,10
12.9384498596,80.2351074219,34844,34854,10
12.9378900528,80.2348175049,34854,34864,10
12.9370098114,80.2343826294,34864,34874,10
12.935959816,80.2339019775,34874,34885,11
12.9347896576,80.2333374023,34885,34895,10
12.9340000153,80.2330093384,34895,34905,10
12.9339399338,80.232963562,34905,34915,10
12.9337797165,80.2329025269,34915,34925,10
12.9331798553,80.2326126099,34925,34935,10
12.932220459,80.2322311401,34935,34945,10
12.9310398102,80.2318267822,34945,34955,10
12.9297304153,80.2314605713,34955,34965,10
12.9284200668,80.2312164307,34965,34976,11
12.9270496368,80.2310714722,34976,34986,10
12.9262504578,80.23097229,34986,34996,10
12.9262399673,80.23097229,34996,35006,10
12.9260101318,80.2309494019,35006,35016,10
12.9253797531,80.2308731079,35016,35026,10
12.9244298935,80.2307510376,35026,35036,10
12.9232196808,80.2305908203,35036,35046,10
12.9217996597,80.2303390503,35046,35057,11
12.9201202393,80.2301330566,35057,35067,10
12.9185600281,80.229927063,35067,35077,10
12.9170799255,80.2297286987,35077,35087,10
12.9156198502,80.2295227051,35087,35097,10
12.9141597748,80.2293167114,35097,35107,10
12.9132795334,80.2292480469,35107,35117,10
12.9132003784,80.2292327881,35117,35127,10
12.9129104614,80.2291488647,35127,35137,10
12.9121799469,80.2290420532,35137,35148,11
12.9109802246,80.2288589478,35148,35158,10
12.9096899033,80.2286529541,35158,35168,10
12.908370018,80.2284393311,35168,35178,10
12.9073600769,80.2282791138,35178,35188,10
12.9065599442,80.2282104492,35188,35198,10
12.9063196182,80.2282028198,35198,35208,10
12.906129837,80.2282028198,35208,35218,10
12.9055204391,80.2281494141,35218,35229,11
12.904540062,80.2280883789,35229,35239,10
12.9035196304,80.2280273438,35239,35249,10
12.9023599625,80.2279891968,35249,35259,10
12.9014596939,80.2279434204,35259,35269,10
12.9009103775,80.2279129028,35269,35279,10
12.9003295898,80.2278518677,35279,35289,10
12.8994703293,80.2278594971,35289,35320,31
12.8994703293,80.2278594971,35320,35330,10
12.899189949,80.2277908325,35330,35340,10
12.8985595703,80.2277374268,35340,35350,10
12.8975896835,80.2276916504,35350,35360,10
12.8964004517,80.2276382446,35360,35370,10
12.8951797485,80.2276229858,35370,35380,10
12.8938598633,80.2275238037,35380,35390,10
12.8925304413,80.2273635864,35390,35401,11
12.8909797668,80.2273025513,35401,35411,10
12.8895196915,80.2273101807,35411,35421,10
12.8883495331,80.2272872925,35421,35431,10
12.8873996735,80.2272109985,35431,35441,10
12.8862895966,80.2269821167,35441,35451,10
12.8852500916,80.2267379761,35451,35461,10
12.8850402832,80.2267227173,35461,35471,10
12.884759903,80.2266998291,35471,35481,10
12.884059906,80.2266769409,35481,35492,11
12.8828802109,80.2266998291,35492,35502,10
12.8816003799,80.2267227173,35502,35512,10
12.880200386,80.2267303467,35512,35522,10
12.8787698746,80.2267608643,35522,35532,10
12.8774003983,80.2268829346,35532,35542,10
12.8765897751,80.2269515991,35542,35552,10
12.8765602112,80.2269592285,35552,35562,10
12.8762397766,80.2269668579,35562,35573,11
12.8754396439,80.2269210815,35573,35583,10
12.8743400574,80.2267913818,35583,35593,10
12.8731203079,80.2266921997,35593,35603,10
12.8722200394,80.2266769409,35603,35613,10
12.8711795807,80.2266235352,35613,35623,10
12.8699302673,80.2265167236,35623,35633,10
12.8685903549,80.2263793945,35633,35643,10
12.8674001694,80.2264404297,35643,35654,11
12.8661699295,80.2265777588,35654,35664,10
12.8648700714,80.2265777588,35664,35674,10
12.8634796143,80.2265167236,35674,35684,10
12.8620996475,80.2265625,35684,35694,10
12.8611097336,80.226600647,35694,35704,10
12.8610200882,80.2265930176,35704,35714,10
12.8607501984,80.2265472412,35714,35724,10
12.8600702286,80.2264633179,35724,35734,10
12.8590602875,80.2263031006,35734,35745,11
12.8578596115,80.2262268066,35745,35755,10
12.856590271,80.2263412476,35755,35765,10
12.8552398682,80.2264862061,35765,35775,10
12.8538303375,80.2266311646,35775,35785,10
12.8524198532,80.2266616821,35785,35795,10
12.8510398865,80.226600647,35795,35805,10
12.850060463,80.2265930176,35805,35815,10
12.8498802185,80.2265930176,35815,35826,11
12.8492603302,80.2265701294,35826,35836,10
12.8483104706,80.2265625,35836,35846,10
12.8470802307,80.2265701294,35846,35856,10
12.8459196091,80.2265777588,35856,35866,10
12.8454704285,80.226600647,35866,35876,10
12.8452596664,80.2266082764,35876,35886,10
12.8445796967,80.2266387939,35886,35896,10
12.8435401917,80.2267303467,35896,35906,10
12.8422803879,80.2269668579,35906,35917,11
12.8408603668,80.2273483276,35917,35927,10
12.8400802612,80.2275695801,35927,35937,10
12.8397102356,80.2276916504,35937,35957,20
12.8397102356,80.2276916504,35957,35967,10
12.8393497467,80.2277832031,35967,35977,10
12.8385801315,80.2279891968,35977,35987,10
12.8374500275,80.2282333374,35987,35998,11
12.8359298706,80.2284622192,35998,36008,10
12.8344497681,80.2287063599,36008,36018,10
12.8323402405,80.229133606,36018,36038,20
12.8323402405,80.229133606,36038,36048,10
12.8320198059,80.2291870117,36048,36058,10
12.8314399719,80.2293167114,36058,36068,10
12.8306303024,80.2295837402,36068,36079,11
12.8295202255,80.2300033569,36079,36089,10
12.8284797668,80.23046875,36089,36099,10
12.8273801804,80.231086731,36099,36109,10
12.8261404037,80.2313690186,36109,36119,10
12.8248500824,80.2313766479,36119,36129,10
12.8237800598,80.2311172485,36129,36139,10
12.8226299286,80.2307510376,36139,36149,10
12.821439743,80.2304611206,36149,36159,10
12.8201799393,80.2304534912,36159,36170,11
12.8188495636,80.2304229736,36170,36180,10
12.8177204132,80.2298965454,36180,36190,10
12.8164300919,80.2294616699,36190,36200,10
12.8149995804,80.2292480469,36200,36210,10
12.8135595322,80.2289199829,36210,36220,10
12.8122301102,80.2284698486,36220,36230,10
12.810959816,80.228012085,36230,36240,10
12.8098297119,80.2275238037,36240,36251,11
12.8086795807,80.2267990112,36251,36261,10
12.8078098297,80.2260665894,36261,36271,10
12.8070697784,80.2254104614,36271,36281,10
12.8064002991,80.224822998,36281,36291,10
12.8057203293,80.2242202759,36291,36301,10
12.8051700592,80.2239990234,36301,36311,10
12.8050003052,80.2239608765,36311,36321,10
12.8046598434,80.2238998413,36321,36331,10
12.8039398193,80.2238311768,36331,36342,11
12.8028697968,80.223739624,36342,36352,10
12.8017597198,80.2235870361,36352,36362,10
12.8006601334,80.2234802246,36362,36372,10
12.7995595932,80.2233886719,36372,36382,10
12.7982702255,80.2232437134,36382,36392,10
12.7968597412,80.2230300903,36392,36402,10
12.7960300446,80.2228775024,36402,36412,10
12.7959699631,80.222869873,36412,36423,11
12.7957201004,80.2228012085,36423,36433,10
12.7951097488,80.2227020264,36433,36443,10
12.794090271,80.2225494385,36443,36453,10
12.7928800583,80.2223815918,36453,36463,10
12.7916698456,80.2221298218,36463,36473,10
12.7904596329,80.2218322754,36473,36483,10
12.7894496918,80.2215270996,36483,36493,10
12.7885904312,80.221206665,36493,36504,11
12.7878599167,80.2209396362,36504,36514,10
12.7876701355,80.2208480835,36514,36524,10
12.7875204086,80.2208023071,36524,36534,10
12.7873497009,80.2207183838,36534,36544,10
12.7872400284,80.2206726074,36544,36554,10
12.787229538,80.2206726074,36554,36564,10
12.7870798111,80.2206192017,36564,36574,10
12.786860466,80.2205429077,36574,36584,10
12.7867097855,80.2204589844,36584,36605,21
12.7867097855,80.2204589844,36605,36615,10
12.7863903046,80.2203598022,36615,36625,10
12.7862501144,80.2203292847,36625,36635,10
12.7861995697,80.2204971313,36635,36645,10
12.7862195969,80.2208023071,36645,36655,10
12.7862100601,80.2212219238,36655,36665,10
12.7862596512,80.2216033936,36665,36676,11
12.7862796783,80.2219085693,36676,38153,1477
12.7862796783,80.2219085693,38153,38163,10
12.7862195969,80.2213897705,38163,38224,61
12.7862195969,80.2213897705,38224,38234,10
12.7861995697,80.2210464478,38234,38244,10
12.7861995697,80.2209625244,38244,38254,10
12.786190033,80.2207565308,38254,38345,91
12.786190033,80.2207565308,38345,38355,10
12.7862100601,80.2203674316,38355,38396,41
12.7862100601,80.2203674316,38396,38406,10
12.78647995,80.2203598022,38406,38436,30
12.78647995,80.2203598022,38436,38447,11
12.7868003845,80.2205581665,38447,38457,10
12.7872896194,80.2207183838,38457,38467,10
12.7879295349,80.2209777832,38467,38477,10
12.7887096405,80.2212982178,38477,38487,10
12.7895002365,80.2216033936,38487,38497,10
12.7900400162,80.2217788696,38497,38507,10
12.7908296585,80.2219696045,38507,38517,10
12.7918300629,80.2222213745,38517,38527,10
12.7929496765,80.222442627,38527,38538,11
12.7942399979,80.2226333618,38538,38548,10
12.7954101563,80.2228164673,38548,38558,10
12.7963600159,80.2229614258,38558,38568,10
12.7965698242,80.2229995728,38568,38578,10
12.7970104218,80.2230834961,38578,38588,10
12.797829628,80.2232208252,38588,38598,10
12.7988595963,80.2233428955,38598,38608,10
12.8000001907,80.223449707,38608,38619,11
12.8011903763,80.2235565186,38619,38629,10
12.8015604019,80.2236175537,38629,38639,10
12.8019504547,80.2236633301,38639,38649,10
12.8026599884,80.223739624,38649,38659,10
12.8032398224,80.2238311768,38659,38669,10
12.8038196564,80.2238693237,38669,38679,10
12.8046798706,80.2239379883,38679,38689,10
12.8052797318,80.224067688,38689,38699,10
12.8055400848,80.2241363525,38699,38710,11
12.8057603836,80.2242965698,38710,38720,10
12.8062896729,80.2247619629,38720,38730,10
12.8070602417,80.2254486084,38730,38740,10
12.8078804016,80.2261505127,38740,38750,10
12.8087902069,80.2269210815,38750,38760,10
12.8098497391,80.2275695801,38760,38770,10
12.8109302521,80.2279968262,38770,38780,10
12.8111095428,80.2280807495,38780,38791,11
12.8115501404,80.2282562256,38791,38801,10
12.8123397827,80.2285385132,38801,38811,10
12.81346035,80.2289199829,38811,38821,10
12.8147802353,80.2292480469,38821,38831,10
12.8162202835,80.2294464111,38831,38841,10
12.8176403046,80.2298583984,38841,38851,10
12.8188495636,80.2304229736,38851,38861,10
12.819729805,80.2304382324,38861,38871,10
12.8198099136,80.2304382324,38871,38882,11
12.8203401566,80.2304382324,38882,38892,10
12.8212995529,80.2304382324,38892,38902,10
12.8224897385,80.2306976318,38902,38912,10
12.8237895966,80.2310791016,38912,38922,10
12.8250999451,80.2313766479,38922,38932,10
12.8261203766,80.2313232422,38932,38942,10
12.8263101578,80.2313079834,38942,38952,10
12.8268995285,80.2312316895,38952,38963,11
12.8278999329,80.230796814,38963,38973,10
12.829000473,80.2302017212,38973,38983,10
12.8301897049,80.2296981812,38983,38993,10
12.8309803009,80.2293777466,38993,39003,10
12.8310098648,80.2293701172,39003,39013,10
12.831199646,80.2293014526,39013,39023,10
12.8315095901,80.2292098999,39023,39033,10
12.8320903778,80.229057312,39033,39043,10
12.8330402374,80.2288894653,39043,39054,11
12.8343601227,80.2286682129,39054,39064,10
12.8356599808,80.2284622192,39064,39074,10
12.8368701935,80.2282714844,39074,39084,10
12.8381299973,80.2280273438,39084,39094,10
12.8390598297,80.2277984619,39094,39104,10
12.8394498825,80.2276763916,39104,39145,41
12.8394498825,80.2276763916,39145,39155,10
12.839630127,80.2276229858,39155,39165,10
12.8402099609,80.2274780273,39165,39175,10
12.8411798477,80.2272262573,39175,39185,10
12.8424301147,80.2269515991,39185,39195,10
12.8438196182,80.2267227173,39195,39205,10
12.8450403214,80.226600647,39205,39215,10
12.8453798294,80.2265701294,39215,39226,11
12.8455896378,80.2265701294,39226,39236,10
12.8460302353,80.2265472412,39236,39246,10
12.8468198776,80.2265396118,39246,39256,10
12.8478603363,80.2265472412,39256,39266,10
12.8489999771,80.2265472412,39266,39276,10
12.8498802185,80.2265319824,39276,39286,10
12.8506002426,80.2265625,39286,39296,10
12.8516597748,80.2266235352,39296,39307,11
12.8530702591,80.2266998291,39307,39317,10
12.8542995453,80.2265777588,39317,39327,10
12.8556003571,80.2264175415,39327,39337,10
12.8569803238,80.226272583,39337,39347,10
12.8582601547,80.2262115479,39347,39357,10
12.85958004,80.2263717651,39357,39367,10
12.8606796265,80.2264862061,39367,39377,10
12.8608102798,80.2265090942,39377,39387,10
12.8609104156,80.2265167236,39387,39398,11
12.8611097336,80.2265167236,39398,39408,10
12.8617897034,80.2265167236,39408,39418,10
12.8628101349,80.2264709473,39418,39428,10
12.8640604019,80.2264862061,39428,39438,10
12.8654298782,80.2265319824,39438,39448,10
12.8665800095,80.2264709473,39448,39458,10
12.8677196503,80.2263565063,39458,39468,10
12.8690395355,80.2263565063,39468,39479,11
12.8705101013,80.2265472412,39479,39489,10
12.8718996048,80.2266235352,39489,39499,10
12.8727703094,80.2266082764,39499,39509,10
12.8727998734,80.2266235352,39509,39519,10
12.8731498718,80.2266387939,39519,39529,10
12.8739204407,80.2266998291,39529,39539,10
12.8749799728,80.2268295288,39539,39549,10
12.8766698837,80.2268676758,39549,39570,21
12.8766698837,80.2268676758,39570,39580,10
12.8770399094,80.2268600464,39580,39590,10
12.8778095245,80.2267990112,39590,39600,10
12.8788700104,80.2267303467,39600,39610,10
12.880109787,80.2266998291,39610,39620,10
12.8814401627,80.2266921997,39620,39630,10
12.8828401566,80.2266769409,39630,39640,10
12.8842401505,80.2266464233,39640,39651,11
12.8851699829,80.2266464233,39651,39661,10
12.8851900101,80.2266464233,39661,39671,10
12.8855400085,80.2267227173,39671,39681,10
12.8862800598,80.2269134521,39681,39691,10
12.8873100281,80.2271575928,39691,39701,10
12.8885498047,80.2273025513,39701,39711,10
12.8899402618,80.2273330688,39711,39721,10
12.8913602829,80.2273178101,39721,39732,11
12.8923597336,80.2273635864,39732,39742,10
12.8928403854,80.2273864746,39742,39752,10
12.8936901093,80.2275085449,39752,39762,10
12.8948097229,80.2275924683,39762,39772,10
12.8961200714,80.2276382446,39772,39782,10
12.8974704742,80.2276992798,39782,39792,10
12.8988599777,80.2277908325,39792,39802,10
12.9000101089,80.2278366089,39802,39812,10
12.900639534,80.2278594971,39812,39823,11
12.9011201859,80.2279129028,39823,39833,10
12.9015598297,80.2279586792,39833,39843,10
12.9022197723,80.2279586792,39843,39853,10
12.9028301239,80.2279891968,39853,39873,20
12.9028301239,80.2279891968,39873,39883,10
12.9030895233,80.2279663086,39883,39893,10
12.9037303925,80.2280273438,39893,39904,11
12.9047603607,80.2281112671,39904,39914,10
12.9059095383,80.2281723022,39914,39924,10
12.906829834,80.2282485962,39924,39934,10
12.906920433,80.2282562256,39934,39944,10
12.9072999954,80.2283401489,39944,39954,10
12.908080101,80.2284393311,39954,39964,10
12.9091501236,80.2286224365,39964,39974,10
12.9103803635,80.2288131714,39974,39984,10
12.9118204117,80.2290115356,39984,39995,11
12.9130897522,80.2291793823,39995,40005,10
12.9139404297,80.2292861938,40005,40015,10
12.9140100479,80.229309082,40015,40025,10
12.9144601822,80.2293624878,40025,40035,10
12.9152803421,80.2294998169,40035,40045,10
12.9163999557,80.2296829224,40045,40055,10
12.917719841,80.2298736572,40055,40065,10
12.9191398621,80.2300491333,40065,40076,11
12.9208202362,80.2302627563,40076,40086,10
12.9224004745,80.2304763794,40086,40096,10
12.9239902496,80.2307128906,40096,40106,10
12.9253902435,80.2308883667,40106,40116,10
12.9263000488,80.23097229,40116,40126,10
12.926440239,80.2309799194,40126,40136,10
12.9268598557,80.2310180664,40136,40146,10
12.9276800156,80.2311325073,40146,40156,10
12.9287004471,80.231262207,40156,40167,11
12.9299898148,80.2315597534,40167,40177,10
12.9313201904,80.2319412231,40177,40187,10
12.9325799942,80.2323608398,40187,40197,10
12.9336595535,80.2328033447,40197,40207,10
12.9338903427,80.2328567505,40207,40217,10
12.9341402054,80.2329864502,40217,40227,10
12.9347801208,80.233291626,40227,40237,10
12.9357099533,80.2337417603,40237,40248,11
12.9369802475,80.2343597412,40248,40258,10
12.9382400513,80.2349777222,40258,40268,10
12.9392995834,80.2354736328,40268,40278,10
12.9397497177,80.2356796265,40278,40288,10
12.9397497177,80.2356872559,40288,40298,10
12.940079689,80.2358474731,40298,40308,10
12.9408302307,80.2360916138,40308,40318,10
12.9416999817,80.2362976074,40318,40329,11
12.9428100586,80.2366790771,40329,40339,10
12.9436903,80.2374191284,40339,40349,10
12.9446201324,80.2384414673,40349,40359,10
12.9456195831,80.2393417358,40359,40369,10
12.9467401505,80.2397766113,40369,40379,10
12.9472703934,80.2399902344,40379,40389,10
12.9473896027,80.2400436401,40389,40399,10
12.9479503632,80.240272522,40399,40409,10
12.948800087,80.2406311035,40409,40420,11
12.9499397278,80.241027832,40420,40430,10
12.9509000778,80.241317749,40430,40440,10
12.9510202408,80.2413635254,40440,40450,10
12.951379776,80.2415237427,40450,40460,10
12.9520998001,80.2417678833,40460,40470,10
12.9531002045,80.2421569824,40470,40480,10
12.9542398453,80.2426300049,40480,40490,10
12.9551801682,80.242980957,40490,40501,11
12.9563598633,80.2434463501,40501,40521,20
12.9563598633,80.2434463501,40521,40531,10
12.9566602707,80.2435836792,40531,40541,10
12.9573602676,80.2438430786,40541,40551,10
12.9582901001,80.2442016602,40551,40561,10
12.958820343,80.2444381714,40561,40571,10
12.9588804245,80.2445220947,40571,40581,10
12.9592103958,80.2446899414,40581,40592,11
12.959980011,80.2450637817,40592,40602,10
12.9609498978,80.2454833984,40602,40612,10
12.9619998932,80.2459869385,40612,40622,10
12.9628200531,80.2463912964,40622,40632,10
12.96296978,80.2464904785,40632,40642,10
12.9630804062,80.2465515137,40642,40652,10
12.9635095596,80.2467498779,40652,40662,10
12.9640398026,80.246963501,40662,40673,11
12.9648799896,80.247253418,40673,40683,10
12.9658002853,80.2475585938,40683,40693,10
12.9664802551,80.2478408813,40693,40703,10
12.9666099548,80.2479019165,40703,40713,10
12.9667797089,80.2479400635,40713,40723,10
12.9669399261,80.2480316162,40723,40733,10
12.9674196243,80.248260498,40733,40743,10
12.9682502747,80.2486114502,40743,40753,10
12.969329834,80.2490386963,40753,40764,11
12.9703197479,80.2494430542,40764,40774,10
12.971280098,80.24974823,40774,40784,10
12.9722299576,80.25,40784,40794,10
12.9731397629,80.2502593994,40794,40804,10
12.9739599228,80.2504806519,40804,40814,10
12.9747800827,80.2507019043,40814,40824,10
12.9757204056,80.2509613037,40824,40834,10
12.9768695831,80.2512893677,40834,40845,11
12.9779596329,80.251991272,40845,40855,10
12.9785404205,80.2523422241,40855,40865,10
12.9786996841,80.2524337769,40865,40875,10
12.9796600342,80.2526168823,40875,40915,40
12.9796600342,80.2526168823,40915,40926,11
12.9798297882,80.2526931763,40926,40936,10
12.9804000854,80.2526931763,40936,40946,10
12.981300354,80.2526626587,40946,40956,10
12.9823799133,80.2526321411,40956,40966,10
12.9835596085,80.2524795532,40966,40976,10
12.9847202301,80.2521896362,40976,40986,10
12.9858102798,80.2518768311,40986,40996,10
12.986749649,80.2516403198,40996,41006,10
12.9875802994,80.2513885498,41006,41128,122
12.9875802994,80.2513885498,41128,41138,10
12.987830162,80.2514266968,41138,41148,10
12.9884195328,80.2512512207,41148,41158,10
12.9892597198,80.2509994507,41158,41168,10
12.9894504547,80.2509307861,41168,41179,11
12.9898996353,80.2508163452,41179,41189,10
12.9906997681,80.2506408691,41189,41199,10
12.9917402267,80.2503890991,41199,41209,10
12.9928998947,80.2500991821,41209,41219,10
12.994099617,80.249786377,41219,41229,10
12.995349884,80.249458313,41229,41239,10
12.9962997437,80.2491989136,41239,41249,10
12.9966201782,80.2491073608,41249,41259,10
12.9969701767,80.2490386963,41259,41270,11
12.9978199005,80.2488632202,41270,41280,10
13.0001602173,80.2482833862,41280,41290,10
13.0001602173,80.2482833862,41290,41300,10
13.0014095306,80.2479629517,41300,41310,10
13.0024995804,80.2476882935,41310,41320,10
13.0035800934,80.2474822998,41320,41330,10
13.0047397614,80.2473373413,41330,41340,10
13.0057697296,80.2471923828,41340,41352,12
13.0064296722,80.2466278076,41352,41363,11
13.0064897537,80.2465286255,41363,41373,10
13.0066404343,80.2461471558,41373,41383,10
13.0066604614,80.2454605103,41383,41394,11
13.006649971,80.2446289063,41394,41403,9
13.0066604614,80.2436218262,41403,41414,11
13.0066299438,80.24243927,41414,41424,10
13.0066099167,80.2414779663,41424,41435,11
13.0066795349,80.2406692505,41435,41445,10
13.0067796707,80.2403182983,41445,41505,60
13.0067796707,80.2403182983,41505,41515,10
13.0067996979,80.2400436401,41515,41526,11
13.0069503784,80.2393798828,41526,41536,10
13.007109642,80.2384414673,41536,41546,10
13.0073003769,80.2375564575,41546,41556,10
13.0074100494,80.2368087769,41556,41566,10
13.0074596405,80.2366790771,41566,41576,10
13.0075597763,80.2362976074,41576,41586,10
13.0076999664,80.2355804443,41586,41596,10
13.0078697205,80.234703064,41596,41607,11
13.0081501007,80.2334823608,41607,41617,10
13.0083904266,80.2321929932,41617,41627,10
13.0086402893,80.2308883667,41627,41637,10
13.0088996887,80.2295684814,41637,41647,10
13.009180069,80.2282867432,41647,41657,10
13.0096502304,80.227180481,41657,41667,10
13.0101604462,80.2260665894,41667,41677,10
13.0106296539,80.2250976563,41677,41688,11
13.0110397339,80.2240982056,41688,41698,10
13.0113697052,80.2233581543,41698,41708,10
13.0114202499,80.2232971191,41708,41718,10
13.0115003586,80.2231903076,41718,41728,10
13.0116100311,80.2227935791,41728,41738,10
13.0118198395,80.2222824097,41738,41748,10
13.012140274,80.2216110229,41748,41758,10
13.0124797821,80.2215881348,41758,41768,10
13.0129699707,80.2222137451,41768,41779,11
13.0136299133,80.2229385376,41779,41789,10
13.0141000748,80.2236480713,41789,41799,10
13.0148296356,80.2244262695,41799,41809,10
13.0152797699,80.2248535156,41809,41819,10
13.0153398514,80.224899292,41819,41829,10
13.0154104233,80.2249526978,41829,41839,10
13.0155801773,80.225112915,41839,41849,10
13.0159902573,80.2253799438,41849,41860,11
13.0167798996,80.2252578735,41860,41870,10
13.0176095963,80.2249221802,41870,41880,10
13.018529892,80.2245407104,41880,41890,10
13.0197601318,80.2245483398,41890,41930,40
13.0197601318,80.2245483398,41930,41940,10
13.0199899673,80.2247924805,41940,41951,11
13.0205202103,80.2251586914,41951,41961,10
13.0211200714,80.2256011963,41961,41971,10
13.0217504501,80.2260971069,41971,41981,10
13.0223703384,80.2266235352,41981,41991,10
13.0230197906,80.2272186279,41991,42001,10
13.0236701965,80.2277603149,42001,42011,10
13.0242004395,80.2282791138,42011,42021,10
13.0243797302,80.2285385132,42021,42032,11
13.0242700577,80.2286605835,42032,42042,10
13.024020195,80.2283935547,42042,42052,10
13.0236501694,80.2279281616,42052,42062,10
13.023349762,80.2276916504,42062,42457,395
13.023440361,80.2274627686,42457,42942,485
13.023440361,80.2274627686,42942,42953,11
13.0231599808,80.2273330688,42953,42963,10
13.0229597092,80.227142334,42963,42973,10
13.0226802826,80.2268981934,42973,42993,20
13.0226802826,80.2268981934,42993,43003,10
13.0225496292,80.2268066406,43003,43013,10
13.0223703384,80.2266235352,43013,43023,10
13.02202034,80.2263183594,43023,43033,10
13.0215301514,80.2259597778,43033,43044,11
13.020939827,80.2255172729,43044,43054,10
13.0203504562,80.2251205444,43054,43064,10
13.0198898315,80.2248382568,43064,43084,20
13.0198898315,80.2248382568,43084,43094,10
13.0198097229,80.2248001099,43094,43104,10
13.0195398331,80.2246398926,43104,43114,10
13.0190496445,80.2245101929,43114,43125,11
13.0183296204,80.2247009277,43125,43135,10
13.0176095963,80.2249908447,43135,43145,10
13.0168304443,80.2253036499,43145,43155,10
13.0162401199,80.2255325317,43155,43165,10
13.0156803131,80.2257003784,43165,43175,10
13.0148696899,80.2260284424,43175,43226,51
13.0148696899,80.2260284424,43226,43236,10
13.0146198273,80.2261428833,43236,43246,10
13.0145101547,80.2261886597,43246,43256,10
13.0140695572,80.2263565063,43256,43266,10
13.0134000778,80.2266082764,43266,43276,10
13.0126104355,80.2268829346,43276,43286,10
13.0117702484,80.2272567749,43286,43297,11
13.010720253,80.2276763916,43297,43307,10
13.0097703934,80.2280578613,43307,43317,10
13.0091199875,80.2286300659,43317,43327,10
13.0089797974,80.2295227051,43327,43337,10
13.0088396072,80.2302017212,43337,43347,10
13.0087404251,80.2307434082,43347,43509,162
13.0087404251,80.2307434082,43509,43519,10
13.008649826,80.231010437,43519,43529,10
13.0086202621,80.2312316895,43529,43539,10
13.0085201263,80.2316665649,43539,43550,11
13.0083999634,80.2324066162,43550,43560,10
13.0082502365,80.2332382202,43560,43570,10
13.0081796646,80.2336196899,43570,43580,10
13.0081195831,80.2337188721,43580,43590,10
13.0080404282,80.2341079712,43590,43600,10
13.0079402924,80.2346420288,43600,43610,10
13.0078802109,80.2349014282,43610,43620,10
13.0078001022,80.2353820801,43620,43630,10
13.0076599121,80.2362213135,43630,43641,11
13.0074195862,80.2373809814,43641,43651,10
13.0072698593,80.23828125,43651,43661,10
13.0071001053,80.2391433716,43661,43671,10
13.0068902969,80.2400817871,43671,43711,40
13.0068902969,80.2400817871,43711,43722,11
13.0068101883,80.2406005859,43722,43732,10
13.006770134,80.2408065796,43732,43742,10
13.0067100525,80.2411422729,43742,43752,10
13.0066604614,80.241859436,43752,43762,10
13.0066795349,80.2427902222,43762,43772,10
13.0066003799,80.243598938,43772,43782,10
13.0065803528,80.2445373535,43782,43792,10
13.0066003799,80.2454376221,43792,43803,11
13.0066404343,80.2460632324,43803,43813,10
13.0066604614,80.2462997437,43813,43823,10
13.0066795349,80.2465286255,43823,43833,10
13.0066795349,80.2470016479,43833,43843,10
13.0064401627,80.2474212646,43843,43853,10
13.0061302185,80.2473983765,43853,43863,10
13.0060997009,80.2473373413,43863,43873,10
13.0056400299,80.2473373413,43873,43883,10
13.0048303604,80.2473373413,43883,43894,11
13.003660202,80.2475204468,43894,43904,10
13.0026102066,80.2477111816,43904,43914,10
13.001540184,80.2479782104,43914,43924,10
13.0004396439,80.248260498,43924,43934,10
12.9993896484,80.2485198975,43934,43944,10
12.9984302521,80.2487792969,43944,43954,10
12.9982700348,80.2488327026,43954,43964,10
12.9979600906,80.2488937378,43964,43975,11
12.997179985,80.2490463257,43975,43985,10
12.9961900711,80.2492828369,43985,43995,10
12.9950799942,80.2495574951,43995,44005,10
12.9940395355,80.2498474121,44005,44015,10
12.9929800034,80.2501220703,44015,44025,10
12.9917802811,80.2504196167,44025,44035,10
12.9911003113,80.2506637573,44035,44045,10
12.9910402298,80.2507019043,44045,44055,10
12.9904899597,80.2508010864,44055,44066,11
12.9896497726,80.2509918213,44066,44076,10
12.988699913,80.2512207031,44076,44086,10
12.9877004623,80.2514724731,44086,44096,10
12.9870300293,80.251663208,44096,44106,10
12.9864397049,80.2518234253,44106,44116,10
12.9857196808,80.251991272,44116,44126,10
12.9847602844,80.2522277832,44126,44136,10
12.9843997955,80.2523422241,44136,44147,11
12.9838695526,80.2524795532,44147,44157,10
12.9830799103,80.2526397705,44157,44167,10
12.9821300507,80.2526931763,44167,44177,10
12.981089592,80.2527236938,44177,44187,10
12.9802303314,80.252746582,44187,44197,10
12.9796600342,80.2527084351,44197,44207,10
12.9791498184,80.2526702881,44207,44217,10
12.9787397385,80.2526321411,44217,44228,11
12.9786996841,80.2526168823,44228,44238,10
12.9785699844,80.252571106,44238,44248,10
12.978219986,80.2523498535,44248,44258,10
12.977930069,80.2520904541,44258,44268,10
12.9774303436,80.2516479492,44268,44278,10
12.9765701294,80.2512207031,44278,44288,10
12.9754695892,80.2508773804,44288,44297,9
12.9743700027,80.2505722046,44297,44308,11
12.9730596542,80.250213623,44308,44319,11
12.9716997147,80.2498779297,44319,44329,10
12.9704504013,80.2495422363,44329,44339,10
12.9693098068,80.2491073608,44339,44349,10
12.9682302475,80.2486572266,44349,44359,10
12.9671897888,80.2482376099,44359,44369,10
12.9662399292,80.2477798462,44369,44379,10
12.9654798508,80.247467041,44379,44389,10
12.9652099609,80.2473831177,44389,44400,11
12.9651699066,80.2473602295,44400,44410,10
12.9647397995,80.2471923828,44410,44420,10
12.9640703201,80.2469177246,44420,44430,10
12.9637899399,80.2468185425,44430,44440,10
12.9634799957,80.246673584,44440,44450,10
12.9627799988,80.2462997437,44450,44460,10
12.9617795944,80.24584198,44460,44470,10
12.9606399536,80.2453079224,44470,44480,10
12.9596004486,80.2448883057,44480,44491,11
12.9594497681,80.2448272705,44491,44501,10
12.9592695236,80.244758606,44501,44511,10
12.9587001801,80.2444915771,44511,44521,10
12.9579696655,80.244178772,44521,44531,10
12.9572296143,80.2438964844,44531,44541,10
12.956580162,80.2437667847,44541,44582,41
12.956580162,80.2437667847,44582,44592,10
12.9560604095,80.2435531616,44592,44602,10
12.9555196762,80.2432632446,44602,44612,10
12.9547595978,80.2428894043,44612,44622,10
12.9539003372,80.2425308228,44622,44632,10
12.95291996,80.2421035767,44632,44642,10
12.9519395828,80.2417602539,44642,44652,10
12.9517002106,80.2416763306,44652,44662,10
12.9515199661,80.2416000366,44662,44673,11
12.9508695602,80.2413635254,44673,44683,10
12.9499597549,80.2410736084,44683,44693,10
12.9490499496,80.2407913208,44693,44703,10
12.9481801987,80.2404174805,44703,44713,10
12.9472398758,80.2400436401,44713,44723,10
12.9469900131,80.2399520874,44723,44733,10
12.9469404221,80.2399368286,44733,44744,11
12.9464502335,80.2397384644,44744,44754,10
12.9457197189,80.2394104004,44754,44764,10
12.944899559,80.2388076782,44764,44774,10
12.9441404343,80.2379837036,44774,44784,10
12.9433403015,80.2371063232,44784,44794,10
12.9422998428,80.2364578247,44794,44804,10
12.9410400391,80.2361221313,44804,44814,10
12.9397497177,80.235786438,44814,44835,21
12.9397497177,80.235786438,44835,44845,10
12.939620018,80.235710144,44845,44855,10
12.9390602112,80.2354278564,44855,44865,10
12.9382600784,80.234992981,44865,44875,10
12.9372301102,80.2344970703,44875,44885,10
12.9361200333,80.2339477539,44885,44895,10
12.935090065,80.2334899902,44895,44905,10
12.9341602325,80.2331085205,44905,44916,11
12.9340200424,80.2330474854,44916,44926,10
12.9339704514,80.233039856,44926,44936,10
12.9337100983,80.2329101563,44936,44946,10
12.9330596924,80.2325973511,44946,44956,10
12.9321203232,80.2322387695,44956,44966,10
12.9309597015,80.2318572998,44966,44976,10
12.9297504425,80.2315292358,44976,44986,10
12.9286403656,80.2313232422,44986,44996,10
12.9274301529,80.2311477661,44996,45007,11
12.9260797501,80.231010437,45007,45027,20
12.9260797501,80.231010437,45027,45037,10
12.9259195328,80.2309799194,45037,45047,10
12.9253997803,80.2309036255,45047,45057,10
12.9246301651,80.2308120728,45057,45067,10
12.9236097336,80.230682373,45067,45077,10
12.9223899841,80.2304992676,45077,45088,11
12.9208498001,80.2302627563,45088,45098,10
12.919380188,80.2300796509,45098,45108,10
12.918009758,80.2298965454,45108,45118,10
12.9168901443,80.2297592163,45118,45128,10
12.9156503677,80.2295684814,45128,45138,10
12.9143600464,80.2293930054,45138,45148,10
12.9132995605,80.2293014526,45148,45169,21
12.9132995605,80.2293014526,45169,45179,10
12.9133300781,80.2292709351,45179,45189,10
12.9129199982,80.2291870117,45189,45199,10
12.9121198654,80.2290802002,45199,45209,10
12.9110898972,80.2289505005,45209,45219,10
12.9099197388,80.228767395,45219,45229,10
12.9086904526,80.2285614014,45229,45239,10
12.90762043,80.2283782959,45239,45249,10
12.9069700241,80.2283172607,45249,45290,41
12.9069700241,80.2283172607,45290,45300,10
12.9067497253,80.2282562256,45300,45310,10
12.9061603546,80.2282333374,45310,45320,10
12.9052600861,80.2281723022,45320,45330,10
12.9041404724,80.2281112671,45330,45341,11
12.9028196335,80.2280578613,45341,45351,10
12.9017896652,80.2280197144,45351,45361,10
12.9013395309,80.2279891968,45361,45371,10
12.9012498856,80.2279815674,45371,45381,10
12.9009895325,80.2279510498,45381,45391,10
12.9004802704,80.227897644,45391,45401,10
12.8998098373,80.2278823853,45401,45411,10
12.8991498947,80.2278518677,45411,45432,21
12.8991498947,80.2278518677,45432,45442,10
12.8988895416,80.2278671265,45442,45452,10
12.8982601166,80.2278137207,45452,45462,10
12.8973798752,80.2277526855,45462,45472,10
12.8963003159,80.2276992798,45472,45482,10
12.8951997757,80.2276535034,45482,45492,10
12.894080162,80.2276000977,45492,45502,10
12.8929901123,80.2274780273,45502,45513,11
12.8921098709,80.2273712158,45513,45523,10
12.8910703659,80.2273635864,45523,45533,10
12.8898897171,80.2273635864,45533,45543,10
12.8886899948,80.2273635864,45543,45553,10
12.8875303268,80.2272567749,45553,45563,10
12.8863096237,80.2270126343,45563,45573,10
12.8851804733,80.2267532349,45573,45583,10
12.8848600388,80.2267303467,45583,45593,10
12.8846597672,80.2267227173,45593,45604,11
12.8839902878,80.2266998291,45604,45614,10
12.8830404282,80.2267074585,45614,45624,10
12.8818902969,80.2267227173,45624,45634,10
12.8807201385,80.2267227173,45634,45644,10
12.8793897629,80.2267532349,45644,45654,10
12.8779697418,80.226852417,45654,45664,10
12.8768701553,80.2269592285,45664,45674,10
12.8764896393,80.2269973755,45674,45685,11
12.876449585,80.2269973755,45685,45695,10
12.8760595322,80.2269973755,45695,45705,10
12.875289917,80.2269515991,45705,45715,10
12.8742303848,80.2267990112,45715,45725,10
12.8731098175,80.2267227173,45725,45735,10
12.8725004196,80.2267303467,45735,45745,10
12.8722801208,80.2267227173,45745,45755,10
12.8716602325,80.2266769409,45755,45765,10
12.8707199097,80.2266387939,45765,45776,11
12.8694295883,80.2265090942,45776,45786,10
12.8680801392,80.2264099121,45786,45796,10
12.8667201996,80.2265319824,45796,45806,10
12.8653898239,80.2266082764,45806,45816,10
12.8640499115,80.2265396118,45816,45826,10
12.8626298904,80.2265167236,45826,45836,10
12.8613595963,80.2266235352,45836,45846,10
12.861000061,80.2266235352,45846,45857,11
12.8606300354,80.2266082764,45857,45867,10
12.859869957,80.2264862061,45867,45877,10
12.8589296341,80.2263336182,45877,45887,10
12.8582897186,80.2262802124,45887,45897,10
12.8574199677,80.2262802124,45897,45907,10
12.8563203812,80.2263717651,45907,45917,10
12.8550596237,80.2265014648,45917,45927,10
12.8537502289,80.2266387939,45927,45938,11
12.8523101807,80.2266693115,45938,45948,10
12.8510503769,80.2266235352,45948,45958,10
12.8501195908,80.226600647,45958,45968,10
12.8499603271,80.2266082764,45968,45978,10
12.8494901657,80.2265930176,45978,45988,10
12.8486404419,80.2265777588,45988,45998,10
12.8475198746,80.2265930176,45998,46008,10
12.8464899063,80.2266082764,46008,46018,10
12.845459938,80.2265930176,46018,46039,21
12.845459938,80.2265930176,46039,46049,10
12.8450899124,80.2265930176,46049,46059,10
12.8443803787,80.2266464233,46059,46069,10
12.8433799744,80.2267608643,46069,46079,10
12.8421697617,80.2269897461,46079,46089,10
12.8409099579,80.2273101807,46089,46099,10
12.8397397995,80.2276611328,46099,46130,31
12.8397397995,80.2276611328,46130,46140,10
12.8395395279,80.2277374268,46140,46150,10
12.8389101028,80.227897644,46150,46160,10
12.8379602432,80.2281188965,46160,46170,10
12.8367700577,80.2283325195,46170,46180,10
12.835439682,80.2285308838,46180,46190,10
12.8340902328,80.2287597656,46190,46201,11
12.8327598572,80.2290115356,46201,46211,10
12.832400322,80.2290878296,46211,46221,10
12.8323602676,80.2291030884,46221,46231,10
12.8319301605,80.2292022705,46231,46241,10
12.8311195374,80.2294311523,46241,46251,10
12.830039978,80.2298278809,46251,46261,10
12.8288803101,80.2303390503,46261,46271,10
12.8276395798,80.2310180664,46271,46282,11
12.8258895874,80.2314224243,46282,46302,20
12.8258895874,80.2314224243,46302,46312,10
12.8256502151,80.2313919067,46312,46322,10
12.8250198364,80.2313995361,46322,46332,10
12.8240804672,80.2312164307,46332,46342,10
12.8229103088,80.2308578491,46342,46352,10
12.8216199875,80.2304992676,46352,46362,10
12.8203001022,80.23046875,46362,46373,11
12.8190698624,80.23046875,46373,46383,10
12.818860054,80.2304763794,46383,46393,10
12.8186397552,80.2303924561,46393,46403,10
12.8180303574,80.2300796509,46403,46413,10
12.8170700073,80.229637146,46413,46423,10
12.8158502579,80.2294006348,46423,46433,10
12.8145103455,80.2292098999,46433,46443,10
12.8132696152,80.2288818359,46443,46454,11
12.8118200302,80.2283630371,46454,46464,10
12.8105297089,80.2278671265,46464,46474,10
12.8095903397,80.2274627686,46474,46484,10
12.8086996078,80.2268676758,46484,46494,10
12.8077402115,80.22605896,46494,46504,10
12.8068799973,80.2253036499,46504,46514,10
12.8060798645,80.2245788574,46514,46524,10
12.8053302765,80.224067688,46524,46534,10
12.8047800064,80.2239379883,46534,46545,11
12.8043804169,80.2238998413,46545,46555,10
12.8036003113,80.2238464355,46555,46565,10
12.8026103973,80.2237319946,46565,46575,10
12.8021402359,80.2236633301,46575,46585,10
12.8018703461,80.2236480713,46585,46595,10
12.801199913,80.2236022949,46595,46605,10
12.8009004593,80.2235717773,46605,46615,10
12.8005895615,80.2235488892,46615,46626,11
12.7997598648,80.2234573364,46626,46636,10
12.798789978,80.2233886719,46636,46646,10
12.7975997925,80.2232208252,46646,46656,10
12.7965898514,80.2230529785,46656,46666,10
12.7958803177,80.2229232788,46666,46676,10
12.7957801819,80.2229003906,46676,46686,10
12.795630455,80.2228775024,46686,46696,10
12.7950496674,80.2227401733,46696,46706,10
12.7941303253,80.2226028442,46706,46717,11
12.7929000854,80.2224197388,46717,46727,10
12.7917404175,80.2221832275,46727,46737,10
12.7905597687,80.2218933105,46737,46747,10
12.7895298004,80.2216110229,46747,46767,20
12.7895298004,80.2216110229,46767,46777,10
12.7895002365,80.2216033936,46777,46787,10
12.7891397476,80.2214736938,46787,46798,11
12.7883300781,80.2211532593,46798,46808,10
12.7876901627,80.2209014893,46808,46818,10
12.7873802185,80.2207794189,46818,46828,10
12.7872400284,80.2207183838,46828,46838,10
12.7870101929,80.2206268311,46838,46848,10
12.7866201401,80.2204818726,46848,46899,51
12.7866201401,80.2204818726,46899,46909,10
12.7862997055,80.2203369141,46909,46970,61
12.7861604691,80.2207183838,46970,46990,20
12.7861604691,80.2207183838,46990,47000,10
12.7861795425,80.2210235596,47000,47010,10
12.7861995697,80.2213363647,47010,47020,10
12.7862195969,80.221862793,47020,47476,456
12.7862195969,80.221862793,47476,47486,10
12.7861995697,80.2216186523,47486,47496,10
12.7862100601,80.221496582,47496,47506,10
12.7861995697,80.2214431763,47506,47516,10
12.7861995697,80.2211685181,47516,47526,10
12.7861604691,80.220741272,47526,47607,81
12.7861604691,80.220741272,47607,47617,10
12.786190033,80.2203674316,47617,47668,51
12.786190033,80.2203674316,47668,47678,10
12.786450386,80.2204284668,47678,47688,10
12.7865695953,80.220489502,47688,47698,10
12.7869100571,80.2206192017,47698,47708,10
12.7874403,80.2208099365,47708,47718,10
12.7881097794,80.2210617065,47718,47729,11
12.7890100479,80.2213973999,47729,47739,10
12.7896995544,80.2216491699,47739,47749,10
12.7904701233,80.221862793,47749,47759,10
12.7914600372,80.2221069336,47759,47769,10
12.7926397324,80.2223815918,47769,47779,10
12.7938995361,80.2225723267,47779,47789,10
12.7951402664,80.2227630615,47789,47799,10
12.7962198257,80.2229385376,47799,47809,10
12.7965497971,80.2229919434,47809,47820,11
12.7970695496,80.2230911255,47820,47830,10
12.7979402542,80.2232208252,47830,47840,10
12.7990198135,80.2233505249,47840,47850,10
12.8001899719,80.2234573364,47850,47860,10
12.801150322,80.2235412598,47860,47870,10
12.801659584,80.2236022949,47870,47880,10
12.8024396896,80.2237091064,47880,47890,10
12.8031997681,80.2238082886,47890,47901,11
12.8041801453,80.2238922119,47901,47911,10
12.804980278,80.2239837646,47911,47921,10
12.805390358,80.2240829468,47921,47931,10
12.8054599762,80.2240982056,47931,47941,10
12.8058900833,80.2244033813,47941,47951,10
12.8065900803,80.2250289917,47951,47961,10
12.8074598312,80.2257766724,47961,47971,10
12.8084201813,80.2266082764,47971,47981,10
12.8094100952,80.2273635864,47981,47992,11
12.8111095428,80.2280578613,47992,48012,20
12.8111095428,80.2280578613,48012,48022,10
12.8114004135,80.2281799316,48022,48032,10
12.8121004105,80.2284393311,48032,48042,10
12.8131399155,80.2288208008,48042,48052,10
12.8142795563,80.2291564941,48052,48062,10
12.8155202866,80.229347229,48062,48073,11
12.8168802261,80.2295684814,48073,48083,10
12.8180303574,80.2300415039,48083,48093,10
12.8190002441,80.2304611206,48093,48103,10
12.8197402954,80.2304534912,48103,48113,10
12.8199300766,80.2304382324,48113,48123,10
12.8206195831,80.2304229736,48123,48133,10
12.8217201233,80.2304992676,48133,48143,10
12.8229799271,80.2308578491,48143,48153,10
12.8242902756,80.2312011719,48153,48164,11
12.8256797791,80.231338501,48164,48174,10
12.8261003494,80.2313079834,48174,48184,10
12.8262996674,80.231300354,48184,48194,10
12.8269300461,80.2312011719,48194,48204,10
12.8278598785,80.2307662964,48204,48214,10
12.8289604187,80.2301864624,48214,48224,10
12.8301696777,80.2296905518,48224,48234,10
12.8309602737,80.2294006348,48234,48255,21
12.8309602737,80.2294006348,48255,48265,10
12.8310203552,80.2294311523,48265,48275,10
12.8313798904,80.2292785645,48275,48285,10
12.832159996,80.2290802002,48285,48295,10
12.8332300186,80.2288665771,48295,48305,10
12.8344802856,80.2286529541,48305,48315,10
12.835849762,80.2284393311,48315,48325,10
12.8372297287,80.2282409668,48325,48336,11
12.838549614,80.2279586792,48336,48346,10
12.8392601013,80.2277679443,48346,48386,40
12.8392601013,80.2277679443,48386,48396,10
12.83934021,80.2277526855,48396,48406,10
12.8393697739,80.2277374268,48406,48417,11
12.8395500183,80.2276763916,48417,48427,10
12.8398704529,80.2275772095,48427,48437,10
12.8406200409,80.2273635864,48437,48447,10
12.8416500092,80.2270812988,48447,48457,10
12.8428201675,80.2268600464,48457,48467,10
12.8439102173,80.2266921997,48467,48477,10
12.8452100754,80.2265472412,48477,48497,20
12.8452100754,80.2265472412,48497,48508,11
12.8453903198,80.2265396118,48508,48518,10
12.8459796906,80.2265319824,48518,48528,10
12.8469495773,80.2265396118,48528,48538,10
12.8482303619,80.2265319824,48538,48548,10
12.8493700027,80.2265014648,48548,48558,10
12.8499202728,80.2265014648,48558,48568,10
12.850520134,80.2265014648,48568,48578,10
12.8515195847,80.2265396118,48578,48589,11
12.8529396057,80.226600647,48589,48599,10
12.8543701172,80.2264862061,48599,48609,10
12.8558797836,80.2263412476,48609,48619,10
12.8574399948,80.2261810303,48619,48629,10
12.8587799072,80.2262115479,48629,48639,10
12.8601799011,80.2264022827,48639,48649,10
12.8609399796,80.2264709473,48649,48659,10
12.8613395691,80.2264862061,48659,48669,10
12.8621797562,80.2264633179,48669,48680,11
12.8633804321,80.2264328003,48680,48690,10
12.8646602631,80.2264862061,48690,48700,10
12.8661203384,80.2264785767,48700,48710,10
12.8676700592,80.2263565063,48710,48720,10
12.8691797256,80.2264022827,48720,48730,10
12.8706502914,80.2265472412,48730,48740,10
12.8719596863,80.226600647,48740,48750,10
12.8727302551,80.226600647,48750,48761,11
12.8728199005,80.226600647,48761,48771,10
12.8729801178,80.226600647,48771,48781,10
12.8735904694,80.2266387939,48781,48791,10
12.8745603561,80.2267608643,48791,48801,10
12.8757095337,80.226890564,48801,48811,10
12.8765001297,80.2268829346,48811,48821,10
12.8765697479,80.2268829346,48821,48831,10
12.8768997192,80.2268600464,48831,48841,10
12.8777599335,80.2267913818,48841,48852,11
12.8788604736,80.2267303467,48852,48862,10
12.8801403046,80.2266693115,48862,48872,10
12.8815202713,80.2266616821,48872,48882,10
12.8829898834,80.2266616821,48882,48892,10
12.8843097687,80.2266387939,48892,48902,10
12.8851299286,80.2266311646,48902,48912,10
12.8851604462,80.2266311646,48912,48922,10
12.8853702545,80.2266693115,48922,48933,11
12.8861398697,80.2268600464,48933,48943,10
12.8871603012,80.2271194458,48943,48953,10
12.8884000778,80.2272567749,48953,48963,10
12.8897895813,80.2272796631,48963,48973,10
12.8911800385,80.2272720337,48973,48983,10
12.8923101425,80.2272872925,48983,49024,41
12.8923101425,80.2272872925,49024,49034,10
12.8923797607,80.2273178101,49034,49044,10
12.8928003311,80.2273712158,49044,49054,10
12.8936195374,80.2274780273,49054,49064,10
12.8947401047,80.2275772095,49064,49074,10
12.8960199356,80.2276306152,49074,49084,10
12.8973503113,80.2276916504,49084,49094,10
12.8986997604,80.2277679443,49094,49105,11
12.8999099731,80.2278137207,49105,49115,10
12.9005098343,80.2278289795,49115,49145,30
12.9005098343,80.2278289795,49145,49155,10
12.9005899429,80.2278594971,49155,49165,10
12.9008703232,80.2278900146,49165,49175,10
12.9012699127,80.2279205322,49175,49186,11
12.9019498825,80.2279434204,49186,49196,10
12.9024000168,80.2279510498,49196,49206,10
12.9024095535,80.2279510498,49206,49216,10
12.9024295807,80.2279586792,49216,49226,10
12.9027996063,80.2279586792,49226,49236,10
12.9034204483,80.2279891968,49236,49246,10
12.904250145,80.2280502319,49246,49256,10
12.9052200317,80.2280883789,49256,49266,10
12.9063196182,80.2281417847,49266,49287,21
12.9063196182,80.2281417847,49287,49297,10
12.906419754,80.2281494141,49297,49307,10
12.9068603516,80.2282028198,49307,49317,10
12.9076299667,80.2283096313,49317,49327,10
12.9083404541,80.2284164429,49327,49337,10
12.909620285,80.2286529541,49337,49347,10
12.9108200073,80.2288284302,49347,49358,11
12.9121904373,80.2290420532,49358,49368,10
12.9135503769,80.2292404175,49368,49378,10
12.9141197205,80.2292709351,49378,49388,10
12.914150238,80.2292709351,49388,49398,10
12.9145803452,80.2293395996,49398,49408,10
12.9154195786,80.2294921875,49408,49418,10
12.9165802002,80.2296600342,49418,49428,10
12.9177703857,80.2298431396,49428,49438,10
12.9191198349,80.2300186157,49438,49449,11
12.9207401276,80.23021698,49449,49459,10
12.922249794,80.2304229736,49459,49469,10
12.9237003326,80.2306289673,49469,49479,10
12.9250297546,80.230796814,49479,49489,10
12.926199913,80.2309112549,49489,49499,10
12.9264497757,80.2309417725,49499,49509,10
12.9265699387,80.2309417725,49509,49519,10
12.9271602631,80.231010437,49519,49530,11
12.9281997681,80.2311630249,49530,49540,10
12.9292898178,80.2313613892,49540,49550,10
12.9304704666,80.2316207886,49550,49560,10
12.9316596985,80.2319869995,49560,49570,10
12.9326896667,80.2323379517,49570,49580,10
12.9334497452,80.2326583862,49580,49600,20
12.9334497452,80.2326583862,49600,49610,10
12.9334697723,80.2326812744,49610,49621,11
12.9338903427,80.2328567505,49621,49631,10
12.9346504211,80.2332229614,49631,49641,10
12.9355897903,80.2336425781,49641,49651,10
12.9364995956,80.2340774536,49651,49661,10
12.9376296997,80.2346191406,49661,49671,10
12.9388399124,80.2352218628,49671,49681,10
12.9396600723,80.2356109619,49681,49691,10
12.9397802353,80.2356796265,49691,49702,11
12.9402303696,80.2358627319,49702,49712,10
12.9410495758,80.2360916138,49712,49722,10
12.9421195984,80.2363433838,49722,49732,10
12.9432001114,80.2368927002,49732,49742,10
12.9441003799,80.2378234863,49742,49752,10
12.9448003769,80.2386169434,49752,49762,10
12.9459600449,80.2394790649,49762,49772,10
12.9468803406,80.2398376465,49772,49783,11
12.9470796585,80.2399215698,49783,49793,10
12.9472503662,80.239982605,49793,49803,10
12.9477996826,80.2402420044,49803,49813,10
12.94851017,80.2405319214,49813,49823,10
12.9486303329,80.2405776978,49823,49833,10
12.9489402771,80.2407226563,49833,49843,10
12.9494895935,80.2408905029,49843,49853,10
12.9503202438,80.2411270142,49853,49863,10
12.9510402679,80.2413330078,49863,49874,11
12.9511003494,80.2413635254,49874,49884,10
12.951499939,80.2415084839,49884,49894,10
12.9522800446,80.2417907715,49894,49904,10
12.9532499313,80.2421722412,49904,49914,10
12.9542398453,80.2425918579,49914,49924,10
12.9549598694,80.2428436279,49924,49934,10
12.9557199478,80.2431182861,49934,49944,10
12.9563102722,80.2433166504,49944,49965,21
12.9563102722,80.2433166504,49965,49975,10
12.9566001892,80.2434234619,49975,49985,10
12.9572496414,80.2437286377,49985,49995,10
12.9581403732,80.2441177368,49995,50005,10
12.9589099884,80.2444381714,50005,50015,10
12.9597101212,80.2448272705,50015,50025,10
12.9607896805,80.2453384399,50025,50035,10
12.9621400833,80.2460021973,50035,50046,11
12.9633598328,80.2465667725,50046,50096,50
12.9633598328,80.2465667725,50096,50106,10
12.9633998871,80.246673584,50106,50116,10
12.9637699127,80.2468490601,50116,50127,11
12.964509964,80.2471084595,50127,50137,10
12.9653902054,80.2474136353,50137,50147,10
12.9663496017,80.2477722168,50147,50157,10
12.9669799805,80.2480392456,50157,50167,10
12.9669904709,80.248046875,50167,50177,10
12.967089653,80.2481079102,50177,50187,10
12.9675502777,80.248298645,50187,50197,10
12.9684200287,80.2486572266,50197,50208,11
12.9696702957,80.2491989136,50208,50218,10
12.9709596634,80.2496566772,50218,50228,10
12.9723396301,80.2500228882,50228,50238,10
12.9736700058,80.2503585815,50238,50248,10
12.9749803543,80.2507095337,50248,50258,10
12.9763803482,80.251121521,50258,50268,10
12.9776201248,80.251663208,50268,50278,10
12.9785299301,80.2523269653,50278,50288,10
12.9786596298,80.2524032593,50288,50299,11
12.9791002274,80.2525482178,50299,50309,10
12.9796600342,80.2526016235,50309,50319,10
12.9803304672,80.2526397705,50319,50329,10
12.9812297821,80.2526168823,50329,50339,10
12.9822902679,80.2526092529,50339,50349,10
12.983499527,80.2524871826,50349,50359,10
12.984629631,80.2521972656,50359,50369,10
12.9855604172,80.251953125,50369,50380,11
12.9863100052,80.2517700195,50380,50390,10
12.9869203568,80.2516021729,50390,50400,10
12.9875001907,80.251411438,50400,50410,10
12.9878997803,80.2515106201,50410,50420,10
12.9879903793,80.2518768311,50420,50430,10
12.9880104065,80.2519836426,50430,50440,10
12.9880304337,80.2523193359,50440,50450,10
12.9879598618,80.253036499,50450,50460,10
12.987830162,80.2540512085,50460,50471,11
12.9877595901,80.2550201416,50471,50491,20
12.9877595901,80.2550201416,50491,50501,10
12.9877099991,80.2553405762,50501,50511,10
12.987660408,80.2557296753,50511,50521,10
12.9875802994,80.2562637329,50521,50531,10
12.9875602722,80.256980896,50531,50541,10
12.9875001907,80.257850647,50541,50693,152
12.9875001907,80.257850647,50693,50703,10
12.9873895645,80.2580032349,50703,50713,10
12.9873895645,80.2581863403,50713,50724,11
12.9873695374,80.258392334,50724,50774,50
12.9873695374,80.258392334,50774,50784,10
12.9869403839,80.2584991455,50784,50886,102
12.986749649,80.2586593628,50886,51179,293
12.986749649,80.2586593628,51179,51189,10
12.9866895676,80.2586975098,51189,51493,304
12.9866895676,80.2586975098,51493,51503,10
12.9867095947,80.2591781616,51503,52882,1379
12.9866104126,80.2595062256,52882,54967,2085
12.9866104126,80.2595062256,54967,54977,10
12.9865999222,80.2594833374,54977,54987,10
12.9866695404,80.2590789795,54987,55028,41
12.9866695404,80.2590789795,55028,55038,10
12.9868097305,80.2589111328,55038,55048,10
12.9867897034,80.2587509155,55048,55058,10
12.9867200851,80.2586898804,55058,55109,51
12.9866504669,80.2586669922,55109,55392,283
12.9866504669,80.2586669922,55392,55402,10
12.9866800308,80.2590026855,55402,55493,91
12.9866800308,80.2590026855,55493,55503,10
12.9870300293,80.2591323853,55503,55513,10
12.9872102737,80.2590179443,55513,55523,10
12.9872703552,80.2589187622,55523,55534,11
12.9873399734,80.2584915161,55534,55544,10
12.9873800278,80.258102417,55544,55554,10
12.9873800278,80.2580871582,55554,55564,10
12.987449646,80.2577667236,55564,55574,10
12.9875001907,80.2572402954,55574,55584,10
12.9875802994,80.2566375732,55584,55615,31
12.9875802994,80.2566375732,55615,55625,10
12.987569809,80.256439209,55625,55635,10
12.9876203537,80.2561569214,55635,55645,10
12.9876203537,80.2557983398,55645,55695,50
12.9876203537,80.2557983398,55695,55706,11
12.9876804352,80.2556915283,55706,55716,10
12.9880800247,80.2557373047,55716,55726,10
12.9884500504,80.2557907104,55726,55736,10
12.9886798859,80.255821228,55736,55756,20
12.9886798859,80.255821228,55756,55766,10
12.9888296127,80.255859375,55766,55776,10
12.9892501831,80.255859375,55776,55787,11
12.9898996353,80.2559280396,55787,55797,10
12.9905395508,80.2559814453,55797,55807,10
12.9910202026,80.2560501099,55807,55817,10
12.991900444,80.2560806274,55817,55827,10
12.9927501678,80.2559967041,55827,55837,10
12.9937696457,80.2559890747,55837,55847,10
12.9943704605,80.2559204102,55847,55857,10
12.9952602386,80.2558898926,55857,55867,10
12.9960803986,80.255897522,55867,55878,11
12.9966001511,80.2558898926,55878,55918,40
12.9966001511,80.2558898926,55918,55928,10
12.9969797134,80.2559204102,55928,55938,10
12.9975099564,80.2559280396,55938,55948,10
12.9981899261,80.2559814453,55948,55959,11
12.9987897873,80.2560806274,55959,55969,10
12.9988899231,80.2560806274,55969,55979,10
12.9991197586,80.2561187744,55979,56019,40
12.9991197586,80.2561187744,56019,56029,10
12.9992103577,80.2561416626,56029,56040,11
12.9996995926,80.2562408447,56040,56050,10
13.0003404617,80.2563476563,56050,56060,10
13.0009202957,80.2564620972,56060,56070,10
13.0014600754,80.2565689087,56070,56080,10
13.001999855,80.2566604614,56080,56090,10
13.0027103424,80.2567825317,56090,56100,10
13.0033502579,80.2568817139,56100,56110,10
13.0043001175,80.2570724487,56110,56120,10
13.0050096512,80.2572097778,56120,56131,11
13.0057001114,80.2573318481,56131,56141,10
13.0064096451,80.2574920654,56141,56201,60
13.0064096451,80.2574920654,56201,56212,11
13.0065603256,80.257522583,56212,56222,10
13.0067501068,80.2576675415,56222,56232,10
13.0070800781,80.2582168579,56232,56242,10
13.0076799393,80.2586364746,56242,56252,10
13.0084104538,80.2589111328,56252,56262,10
13.0085401535,80.258972168,56262,56272,10
13.0087099075,80.2590408325,56272,56282,10
13.0093002319,80.2590408325,56282,56293,11
13.0103397369,80.2590408325,56293,56303,10
13.0113601685,80.2590408325,56303,56313,10
13.0124597549,80.2590789795,56313,56323,10
13.0135803223,80.2591171265,56323,56333,10
13.0145196915,80.2591629028,56333,56343,10
13.0155296326,80.259262085,56343,56353,10
13.0162601471,80.2595672607,56353,56363,10
13.0163497925,80.2596282959,56363,56373,10
13.0164403915,80.2597198486,56373,56384,11
13.0165700912,80.2598419189,56384,56394,10
13.0166702271,80.2599105835,56394,56404,10
13.0171604156,80.2602310181,56404,56414,10
13.0179004669,80.2607269287,56414,56424,10
13.0185699463,80.2612075806,56424,56434,10
13.0189599991,80.2614898682,56434,56444,10
13.0190200806,80.2615509033,56444,56454,10
13.019370079,80.2618103027,56454,56465,11
13.0199403763,80.2624130249,56465,56475,10
13.0202598572,80.2628936768,56475,56485,10
13.0196695328,80.2629165649,56485,56495,10
13.0190896988,80.2629013062,56495,56505,10
13.0190296173,80.2633972168,56505,56515,10
13.019080162,80.2640228271,56515,56525,10
13.0190401077,80.264503479,56525,56535,10
13.0188598633,80.2651977539,56535,56545,10
13.0187196732,80.2656478882,56545,56556,11
13.0186595917,80.2664718628,56556,56566,10
13.0188798904,80.2673034668,56566,56576,10
13.0194597244,80.2680206299,56576,56586,10
13.0201301575,80.2687911987,56586,56596,10
13.02064991,80.26953125,56596,56606,10
13.0211400986,80.2701187134,56606,56616,10
13.021490097,80.2705230713,56616,56626,10
13.0216302872,80.270690918,56626,56637,11
13.0221004486,80.2712783813,56637,56647,10
13.0226202011,80.2719726563,56647,56657,10
13.0232000351,80.2727813721,56657,56667,10
13.0239400864,80.2737731934,56667,56717,50
13.0239400864,80.2737731934,56717,56728,11
13.024020195,80.2738876343,56728,56738,10
13.0243501663,80.2742767334,56738,56748,10
13.0253000259,80.2748794556,56748,56768,20
13.0253000259,80.2748794556,56768,56778,10
13.0254201889,80.2749786377,56778,56788,10
13.0258302689,80.2751693726,56788,56798,10
13.0264101028,80.2754211426,56798,56809,11
13.0271396637,80.2757415771,56809,56819,10
13.0278100967,80.2759933472,56819,56829,10
13.0285797119,80.2762298584,56829,56839,10
13.029299736,80.2765274048,56839,56849,10
13.0299701691,80.2767562866,56849,56859,10
13.0307302475,80.2770996094,56859,56869,10
13.0314397812,80.2775421143,56869,56879,10
13.0322599411,80.2774810791,56879,56890,11
13.032699585,80.2774581909,56890,56900,10
13.0328798294,80.2774887085,56900,56910,10
13.0334701538,80.2774200439,56910,56920,10
13.0341997147,80.2774963379,56920,56930,10
13.0349798203,80.2775726318,56930,56940,10
13.0356197357,80.2777328491,56940,56950,10
13.0363397598,80.2779083252,56950,56960,10
13.0370702744,80.2781677246,56960,56970,10
13.0374298096,80.2783126831,56970,56981,11
13.0378398895,80.2784194946,56981,56991,10
13.038769722,80.278717041,56991,57011,20
13.038769722,80.278717041,57011,57021,10
13.0388898849,80.2788314819,57021,57031,10
13.0391998291,80.2789077759,57031,57041,10
13.0396900177,80.2790374756,57041,57051,10
13.0405797958,80.2792892456,57051,57062,11
13.0417604446,80.2794876099,57062,57072,10
13.042719841,80.2795791626,57072,57082,10
13.0434904099,80.2797012329,57082,57092,10
13.0439596176,80.2798690796,57092,57102,10
13.044670105,80.2799987793,57102,57112,10
13.0455102921,80.2800979614,57112,57122,10
13.0457601547,80.280128479,57122,57132,10
13.0457801819,80.280128479,57132,57142,10
13.0462198257,80.2801895142,57142,57153,11
13.0470695496,80.2803115845,57153,57163,10
13.0480098724,80.2804489136,57163,57173,10
13.0490198135,80.2805862427,57173,57183,10
13.0494098663,80.280632019,57183,57193,10
13.0495195389,80.2806472778,57193,57203,10
13.0500898361,80.2807388306,57203,57213,10
13.0508403778,80.2808685303,57213,57223,10
13.0515403748,80.2809906006,57223,57234,11
13.0524301529,80.2811203003,57234,57244,10
13.0533399582,80.2812576294,57244,57254,10
13.0543603897,80.2814178467,57254,57264,10
13.0553197861,80.2816162109,57264,57274,10
13.0563402176,80.2818222046,57274,57294,20
13.0563402176,80.2818222046,57294,57304,10
13.0564804077,80.2818527222,57304,57315,11
13.0571098328,80.2819824219,57315,57325,10
13.0574398041,80.2820281982,57325,57345,20
13.0574398041,80.2820281982,57345,57355,10
13.057510376,80.2820510864,57355,57365,10
13.0579795837,80.2821502686,57365,57375,10
13.058719635,80.2823028564,57375,57385,10
13.0596399307,80.2825012207,57385,57395,10
13.0605602264,80.282699585,57395,57406,11
13.0616798401,80.2829208374,57406,57416,10
13.0631799698,80.2832183838,57416,57436,20
13.0631799698,80.2832183838,57436,57446,10
13.0634002686,80.2833099365,57446,57456,10
13.0638999939,80.2834091187,57456,57466,10
13.0639696121,80.2834320068,57466,57476,10
13.0640201569,80.2834701538,57476,57487,11
13.0643796921,80.2835769653,57487,57497,10
13.064909935,80.2836990356,57497,57507,10
13.0657396317,80.2838668823,57507,57517,10
13.0665903091,80.2840423584,57517,57527,10
13.0673599243,80.2841873169,57527,57537,10
13.0679798126,80.284286499,57537,57547,10
13.0685997009,80.2844314575,57547,57557,10
13.0693101883,80.2845916748,57557,57567,10
13.0700502396,80.2847824097,57567,57578,11
13.0705099106,80.2848968506,57578,57588,10
13.0708904266,80.2849731445,57588,57598,10
13.0716295242,80.2851715088,57598,57608,10
13.0725002289,80.2853317261,57608,57618,10
13.0731601715,80.2852478027,57618,57628,10
13.0733299255,80.2852401733,57628,57638,10
13.0735197067,80.2852783203,57638,57648,10
13.0739803314,80.2856292725,57648,57659,11
13.0744800568,80.2861862183,57659,57669,10
13.0750904083,80.2865829468,57669,57679,10
13.0754995346,80.2868423462,57679,57689,10
13.0762300491,80.2871017456,57689,57699,10
13.0770902634,80.2873382568,57699,57709,10
13.0777997971,80.2875137329,57709,57719,10
13.0786600113,80.287727356,57719,57729,10
13.079580307,80.2880706787,57729,57740,11
13.080280304,80.2882080078,57740,57750,10
13.0806798935,80.2882766724,57750,57760,10
13.081319809,80.288520813,57760,57770,10
13.0820598602,80.2887573242,57770,57780,10
13.0828199387,80.2891082764,57780,57790,10
13.0836496353,80.2891998291,57790,57800,10
13.0846004486,80.2891693115,57800,57810,10
13.085269928,80.2891387939,57810,57820,10
13.0865402222,80.2893829346,57820,57831,11
13.0875301361,80.2897567749,57831,57841,10
13.0887203217,80.2901687622,57841,57871,30
13.0887203217,80.2901687622,57871,57881,10
13.0888299942,80.290222168,57881,57891,10
13.0888299942,80.2903594971,57891,57901,10
13.0885801315,80.2904586792,57901,57912,11
13.0880002975,80.2901535034,57912,57922,10
13.0873403549,80.2898788452,57922,57932,10
13.0864295959,80.2896118164,57932,57942,10
13.0856800079,80.2893066406,57942,57952,10
13.0852403641,80.2885437012,57952,57962,10
13.085100174,80.2875595093,57962,57972,10
13.0852003098,80.2864990234,57972,57982,10
13.0853004456,80.2854309082,57982,57992,10
13.0853204727,80.2844619751,57992,58003,11
13.0853996277,80.2837982178,58003,58013,10
13.0855998993,80.2835235596,58013,58023,10
13.0859699249,80.2834701538,58023,58033,10
13.0862798691,80.2835769653,58033,58043,10
13.0865402222,80.2837600708,58043,58073,30
13.0865402222,80.2837600708,58073,58084,11
13.0867004395,80.2838668823,58084,58094,10
13.0869398117,80.2837371826,58094,58164,70
13.0869398117,80.2837371826,58164,58175,11
13.0874700546,80.2837600708,58175,58195,20
13.0874700546,80.2837600708,58195,58205,10
13.087770462,80.2837295532,58205,58225,20
13.0879201889,80.2838363647,58225,58782,557
13.0880203247,80.2837295532,58782,58802,20
13.0880203247,80.2837295532,58802,58812,10
13.0882396698,80.2836608887,58812,58822,10
13.0883398056,80.2834320068,58822,58832,10
13.0883197784,80.282913208,58832,58843,11
13.0882902145,80.2822036743,58843,58853,10
13.0880699158,80.2815628052,58853,58863,10
13.0882902145,80.281463623,58863,58873,10
13.08852005,80.2816162109,58873,58883,10
13.0884799957,80.282081604,58883,58893,10
13.0884199142,80.2825164795,58893,58903,10
13.0883598328,80.2830200195,58903,58913,10
13.0883703232,80.2836608887,58913,58923,10
13.0883598328,80.2841186523,58923,58934,11
13.0883998871,80.2850875854,58934,58964,30
13.0882396698,80.2851715088,58964,58994,30
13.0882396698,80.2851715088,58994,59004,10
13.0883197784,80.2854614258,59004,59015,11
13.0883903503,80.2858581543,59015,59025,10
13.0884504318,80.2863464355,59025,59035,10
13.088470459,80.286567688,59035,59045,10
13.08852005,80.2871170044,59045,59055,10
13.0885400772,80.2874984741,59055,59065,10
13.0885696411,80.2878112793,59065,59075,10
13.0886497498,80.2883987427,59075,59085,10
13.0886802673,80.2885665894,59085,59096,11
13.0887498856,80.2889709473,59096,59106,10
13.0887804031,80.2892837524,59106,59116,10
13.0888004303,80.2894973755,59116,59126,10
13.0888595581,80.2898712158,59126,59136,10
13.0888595581,80.2899017334,59136,59145,9
13.0888204575,80.2901535034,59145,59156,11
13.088760376,80.2903900146,59156,59166,10
13.088350296,80.2902984619,59166,59176,10
13.0876703262,80.2899627686,59176,59187,11
13.0868997574,80.2896270752,59187,59197,10
13.0860395432,80.2893829346,59197,59207,10
13.0852298737,80.2892074585,59207,59217,10
13.0843000412,80.2891998291,59217,59227,10
13.0833797455,80.2892074585,59227,59237,10
13.0825595856,80.2890014648,59237,59247,10
13.0818500519,80.2887420654,59247,59257,10
13.0810804367,80.2884292603,59257,59268,11
13.0804395676,80.2882766724,59268,59278,10
13.080280304,80.288230896,59278,59288,10
13.0799999237,80.2881622314,59288,59298,10
13.07929039,80.2880096436,59298,59308,10
13.078379631,80.2876281738,59308,59318,10
13.0775604248,80.2874526978,59318,59328,10
13.0766401291,80.2871932983,59328,59338,10
13.0757198334,80.2869415283,59338,59348,10
13.0751199722,80.2866287231,59348,59359,11
13.074090004,80.2861175537,59359,59379,20
13.074090004,80.2861175537,59379,59389,10
13.0737199783,80.2860412598,59389,59399,10
13.0731201172,80.2858276367,59399,59409,10
13.0724802017,80.2854614258,59409,59419,10
13.071680069,80.2852172852,59419,59429,10
13.0707597733,80.2849807739,59429,59440,11
13.0696897507,80.2847213745,59440,59450,10
13.068860054,80.2845306396,59450,59460,10
13.0681400299,80.2843780518,59460,59480,20
13.0681400299,80.2843780518,59480,59490,10
13.0677995682,80.2843399048,59490,59500,10
13.0669698715,80.2842102051,59500,59510,10
13.0659599304,80.2839736938,59510,59520,10
13.0649003983,80.2836990356,59520,59531,11
13.0643997192,80.2835998535,59531,59541,10
13.0643796921,80.2835922241,59541,59551,10
13.0643596649,80.2835922241,59551,59561,10
13.0640296936,80.2835006714,59561,59571,10
13.0635795593,80.2833786011,59571,59581,10
13.0631399155,80.2832717896,59581,59591,10
13.0629196167,80.283203125,59591,59601,10
13.0626296997,80.2831268311,59601,59612,11
13.0625095367,80.2830963135,59612,59622,10
13.0619697571,80.2829818726,59622,59632,10
13.0612802505,80.2828292847,59632,59642,10
13.0606298447,80.2826919556,59642,59652,10
13.0603704453,80.2826385498,59652,59662,10
13.0602502823,80.2826080322,59662,59672,10
13.0598096848,80.2825164795,59672,59682,10
13.0589599609,80.2823486328,59682,59693,11
13.0581197739,80.2821807861,59693,59703,10
13.0576295853,80.282081604,59703,59713,10
13.0568399429,80.2819213867,59713,59733,20
13.0568399429,80.2819213867,59733,59743,10
13.056429863,80.2818222046,59743,59753,10
13.0560598373,80.2817382813,59753,59763,10
13.0560398102,80.2817306519,59763,59773,10
13.0557098389,80.2816619873,59773,59784,11
13.0548696518,80.2814865112,59784,59794,10
13.0539398193,80.2813110352,59794,59804,10
13.0529699326,80.2811584473,59804,59814,10
13.0519800186,80.2810211182,59814,59824,10
13.0512304306,80.2809066772,59824,59834,10
13.0507001877,80.2808380127,59834,59844,10
13.0502796173,80.2807769775,59844,59854,10
13.0498800278,80.280708313,59854,59865,11
13.0490903854,80.2806015015,59865,59875,10
13.0482997894,80.2804794312,59875,59885,10
13.047419548,80.2803421021,59885,59895,10
13.0465202332,80.2802200317,59895,59905,10
13.0457401276,80.2801437378,59905,59915,10
13.04570961,80.280128479,59915,59925,10
13.0453796387,80.2800827026,59925,59935,10
13.0446596146,80.2799835205,59935,59946,11
13.0437898636,80.2798614502,59946,59956,10
13.0432195663,80.2797622681,59956,59966,10
13.0424404144,80.2795791626,59966,59976,10
13.0416202545,80.2794265747,59976,59986,10
13.0408000946,80.2792816162,59986,59996,10
13.0399703979,80.279083252,59996,60006,10
13.0390796661,80.2788467407,60006,60037,31
13.0390796661,80.2788467407,60037,60047,10
13.038860321,80.2787704468,60047,60057,10
13.0385599136,80.2786483765,60057,60067,10
13.0381298065,80.278503418,60067,60077,10
13.0375900269,80.2783432007,60077,60087,10
13.0370101929,80.2781600952,60087,60097,10
13.0363798141,80.2779312134,60097,60107,10
13.0357198715,80.2777786255,60107,60118,11
13.0347900391,80.2776184082,60118,60128,10
13.0339899063,80.2774429321,60128,60138,10
13.0333995819,80.2773971558,60138,60148,10
13.0330600739,80.2774734497,60148,60158,10
13.0328397751,80.2774963379,60158,60168,10
13.0324201584,80.2775192261,60168,60178,10
13.0317201614,80.2775802612,60178,60188,10
13.0312004089,80.2774200439,60188,60199,11
13.0309400558,80.2772598267,60199,60209,10
13.0307598114,80.2771835327,60209,60219,10
13.0302696228,80.2769012451,60219,60229,10
13.029589653,80.2766799927,60229,60239,10
13.0289096832,80.2764816284,60239,60249,10
13.028260231,80.2762374878,60249,60259,10
13.0275001526,80.2759017944,60259,60269,10
13.0267295837,80.2755279541,60269,60279,10
13.026140213,80.2752685547,60279,60290,11
13.0259895325,80.2751998901,60290,60300,10
13.0256996155,80.275062561,60300,60310,10
13.0250797272,80.2748031616,60310,60320,10
13.0243196487,80.2743225098,60320,60340,20
13.0243196487,80.2743225098,60340,60350,10
13.0242099762,80.2741775513,60350,60360,10
13.0239496231,80.2738265991,60360,60371,11
13.0235395432,80.2732772827,60371,60381,10
13.0230503082,80.2726364136,60381,60391,10
13.0225000381,80.2719192505,60391,60401,10
13.0219202042,80.2711486816,60401,60411,10
13.0213699341,80.2704620361,60411,60421,10
13.0210895538,80.2700881958,60421,60431,10
13.0208301544,80.2697982788,60431,60441,10
13.0206804276,80.2695999146,60441,60451,10
13.0203199387,80.2691192627,60451,60462,11
13.0197601318,80.2684326172,60462,60472,10
13.0191698074,80.2677536011,60472,60482,10
13.0187397003,80.267036438,60482,60492,10
13.0186004639,80.2661819458,60492,60502,10
13.0186500549,80.2657470703,60502,60512,10
13.0188302994,80.2650604248,60512,60522,10
13.0190200806,80.2642288208,60522,60532,10
13.0189695358,80.2635192871,60532,60543,11
13.0188798904,80.2630767822,60543,60553,10
13.0187702179,80.2624435425,60553,60563,10
13.018699646,80.2617797852,60563,60573,10
13.0185203552,80.2612762451,60573,60583,10
13.0179395676,80.2608566284,60583,60593,10
13.0172901154,80.2604064941,60593,60603,10
13.016579628,80.2599487305,60603,60613,10
13.0162601471,80.2597579956,60613,60623,10
13.0161104202,80.2596817017,60623,60634,11
13.0158004761,80.2595291138,60634,60644,10
13.0150995255,80.2593307495,60644,60654,10
13.0143299103,80.2592697144,60654,60664,10
13.0134801865,80.2592391968,60664,60674,10
13.0124902725,80.2592010498,60674,60684,10
13.0115098953,80.2591629028,60684,60694,10
13.0105495453,80.2591934204,60694,60704,10
13.0095300674,80.2592010498,60704,60715,11
13.0088701248,80.2591781616,60715,60725,10
13.0086803436,80.2591781616,60725,60735,10
13.0082397461,80.2591629028,60735,60745,10
13.0076599121,80.2593307495,60745,60755,10
13.0073204041,80.2590484619,60755,60765,10
13.0072603226,80.2588806152,60765,60775,10
13.0072002411,80.2587280273,60775,60785,10
13.0069599152,80.2583007813,60785,60796,11
13.0067396164,80.2579116821,60796,60806,10
13.0061197281,80.2575378418,60806,60816,10
13.0053100586,80.2573623657,60816,60826,10
13.0044298172,80.2571411133,60826,60836,10
13.0035200119,80.256942749,60836,60846,10
13.0026502609,80.2567596436,60846,60856,10
13.0018196106,80.2566070557,60856,60866,10
13.00096035,80.2564926147,60866,60876,10
13.0003004074,80.2563781738,60876,60887,11
13.0,80.2563095093,60887,60897,10
12.9996004105,80.2562637329,60897,60907,10
12.9991703033,80.2561569214,60907,60917,10
12.998749733,80.2560806274,60917,60937,20
12.998749733,80.2560806274,60937,60947,10
12.9986600876,80.2560424805,60947,60957,10
12.9983701706,80.2559585571,60957,60968,11
12.9978599548,80.2559204102,60968,60978,10
12.9972000122,80.2558898926,60978,60988,10
12.9967699051,80.2558822632,60988,60998,10
12.9962596893,80.255859375,60998,61008,10
12.99559021,80.2558822632,61008,61018,10
12.9949598312,80.2559127808,61018,61028,10
12.99421978,80.2559585571,61028,61038,10
12.9933595657,80.2560424805,61038,61048,10
12.9923400879,80.2560806274,61048,61059,11
12.9914398193,80.2560424805,61059,61069,10
12.9907398224,80.2560195923,61069,61079,10
12.989979744,80.2560119629,61079,61089,10
12.9890899658,80.2559585571,61089,61160,71
12.9890899658,80.2559585571,61160,61170,10
12.9889497757,80.2559204102,61170,61180,10
12.9886598587,80.255897522,61180,61190,10
12.9883899689,80.255859375,61190,61200,10
12.9881296158,80.2558288574,61200,61210,10
12.9877004623,80.255821228,61210,61221,11
12.9875802994,80.256401062,61221,61231,10
12.9875297546,80.2571487427,61231,61241,10
12.987449646,80.2579498291,61241,61251,10
12.9874000549,80.2586975098,61251,61261,10
12.9873504639,80.2591629028,61261,61271,10
12.9872903824,80.2595214844,61271,61281,10
12.9870700836,80.2598114014,61281,61291,10
12.9868097305,80.2598266602,61291,61301,10
12.986579895,80.2598114014,61301,61312,11
12.9864196777,80.2597885132,61312,61322,10
12.9861497879,80.2597427368,61322,61332,10
12.9853601456,80.2596511841,61332,61362,30
12.9853601456,80.2596511841,61362,61372,10
12.9851799011,80.2596435547,61372,61382,10
12.9849100113,80.2595977783,61382,61413,31
12.9849100113,80.2595977783,61413,61423,10
12.9848804474,80.259552002,61423,61433,10
12.9847202301,80.2595214844,61433,61443,10
12.9844398499,80.2594985962,61443,61484,41
12.9844398499,80.2594985962,61484,61494,10
12.9841499329,80.2594833374,61494,61504,10
12.9839401245,80.2594680786,61504,61625,121
12.9839401245,80.2594680786,61625,61635,10
12.9838199615,80.2594223022,61635,61646,11
12.9835500717,80.259437561,61646,61656,10
12.9832601547,80.2594299316,61656,61666,10
12.9829301834,80.2593917847,61666,61676,10
12.9824800491,80.2593536377,61676,61686,10
12.9817199707,80.2593231201,61686,61696,10
12.9810495377,80.2593231201,61696,61706,10
12.9803199768,80.259262085,61706,61716,10
12.9797201157,80.2591705322,61716,61727,11
12.9789600372,80.2590637207,61727,61737,10
12.9782800674,80.2590866089,61737,61747,10
12.9777898788,80.2591094971,61747,61757,10
12.977230072,80.2591400146,61757,61767,10
12.9766597748,80.2591018677,61767,61777,10
12.9766197205,80.2590866089,61777,61787,10
12.9763202667,80.2590103149,61787,61797,10
12.9758300781,80.2588882446,61797,61807,10
12.9753198624,80.2587432861,61807,61818,11
12.9746999741,80.2585525513,61818,61828,10
12.9743099213,80.2584609985,61828,61838,10
12.9743003845,80.2584609985,61838,61848,10
12.9741802216,80.2584228516,61848,61858,10
12.9738197327,80.2583389282,61858,61868,10
12.9733600616,80.2582397461,61868,61878,10
12.9726104736,80.2581176758,61878,61888,10
12.9716901779,80.2581100464,61888,61899,11
12.9708003998,80.2580718994,61899,61909,10
12.9700298309,80.2578735352,61909,61919,10
12.9697504044,80.2577819824,61919,61929,10
12.9696598053,80.2577285767,61929,61939,10
12.9692497253,80.2575912476,61939,61949,10
12.9686203003,80.2574005127,61949,61959,10
12.9679002762,80.2572174072,61959,61969,10
12.967089653,80.257019043,61969,61980,11
12.9664001465,80.2568969727,61980,61990,10
12.9659099579,80.2568206787,61990,62000,10
12.9653100967,80.256690979,62000,62010,10
12.9647703171,80.2565994263,62010,62020,10
12.9641599655,80.2565231323,62020,62030,10
12.9633998871,80.256439209,62030,62040,10
12.9626398087,80.256401062,62040,62050,10
12.962100029,80.2563171387,62050,62060,10
12.9612398148,80.2561569214,62060,62071,11
12.9608097076,80.256072998,62071,62081,10
12.9607601166,80.2560577393,62081,62091,10
12.9603099823,80.2559585571,62091,62101,10
12.9595003128,80.2557830811,62101,62111,10
12.9585599899,80.2555770874,62111,62121,10
12.9578399658,80.2554168701,62121,62131,10
12.9568796158,80.2552566528,62131,62141,10
12.9558696747,80.2552032471,62141,62152,11
12.9549703598,80.2551727295,62152,62162,10
12.9542999268,80.2551727295,62162,62172,10
12.9541902542,80.2551574707,62172,62182,10
12.9538097382,80.2551422119,62182,62192,10
12.9530601501,80.2551193237,62192,62202,10
12.9521102905,80.2550811768,62202,62212,10
12.9506702423,80.2549972534,62212,62232,20
12.9506702423,80.2549972534,62232,62243,11
12.9506196976,80.2549667358,62243,62253,10
12.9502296448,80.2549133301,62253,62263,10
12.949760437,80.2548065186,62263,62273,10
12.9494104385,80.2547302246,62273,62283,10
12.9490499496,80.2546463013,62283,62293,10
12.9485397339,80.2545089722,62293,62303,10
12.9478597641,80.2543334961,62303,62313,10
12.9472999573,80.2541809082,62313,62324,11
12.9463996887,80.2539367676,62324,62334,10
12.9455900192,80.2538070679,62334,62344,10
12.9447603226,80.2537078857,62344,62354,10
12.9438800812,80.253578186,62354,62364,10
12.9431400299,80.2534637451,62364,62374,10
12.942150116,80.253288269,62374,62384,10
12.9419803619,80.2532577515,62384,62394,10
12.9419002533,80.2532424927,62394,62404,10
12.9414396286,80.2531661987,62404,62415,11
12.9406003952,80.2529907227,62415,62425,10
12.939789772,80.252822876,62425,62435,10
12.9389400482,80.2527770996,62435,62445,10
12.9387598038,80.2527694702,62445,62455,10
12.9387302399,80.2527618408,62455,62465,10
12.9383802414,80.2527313232,62465,62475,10
12.9383602142,80.2527236938,62475,62485,10
12.9382896423,80.2527008057,62485,62496,11
12.9378004074,80.2525787354,62496,62506,10
12.9372196198,80.2525024414,62506,62516,10
12.9363698959,80.2524032593,62516,62526,10
12.9354496002,80.2522964478,62526,62536,10
12.9345502853,80.2521972656,62536,62546,10
12.9335098267,80.2520980835,62546,62556,10
12.9324302673,80.2519607544,62556,62566,10
12.9313802719,80.2518463135,62566,62577,11
12.9303398132,80.2517318726,62577,62587,10
12.929479599,80.2516174316,62587,62597,10
12.9286804199,80.2515411377,62597,62607,10
12.9277896881,80.2514419556,62607,62617,10
12.927359581,80.2514038086,62617,62627,10
12.9272899628,80.2513809204,62627,62637,10
12.9267902374,80.2513198853,62637,62647,10
12.9259595871,80.2512283325,62647,62657,10
12.9241800308,80.2512130737,62657,62678,21
12.9241800308,80.2512130737,62678,62688,10
12.9238300323,80.2511367798,62688,62698,10
12.9230899811,80.2510910034,62698,62708,10
12.9221496582,80.2510681152,62708,62718,10
12.9211196899,80.2512588501,62718,62728,10
12.9201898575,80.2513198853,62728,62738,10
12.9188604355,80.2508926392,62738,62769,31
12.9188604355,80.2508926392,62769,62779,10
12.9187803268,80.2508621216,62779,62789,10
12.9187602997,80.2508468628,62789,62799,10
12.9185199738,80.2508087158,62799,62809,10
12.9179000854,80.2507019043,62809,62819,10
12.9170303345,80.2506027222,62819,62829,10
12.9160299301,80.25050354,62829,62840,11
12.9146099091,80.2503967285,62840,62860,20
12.9146099091,80.2503967285,62860,62870,10
12.9145698547,80.25025177,62870,62880,10
12.9152202606,80.2503128052,62880,62890,10
12.9152498245,80.2503204346,62890,62921,31
12.9152498245,80.2503204346,62921,62931,10
12.9154195786,80.2503967285,62931,62941,10
12.9159803391,80.2504577637,62941,62951,10
12.9167995453,80.2505264282,62951,62961,10
12.9175701141,80.2506332397,62961,62971,10
12.9185400009,80.2507781982,62971,62981,10
12.9194002151,80.2509994507,62981,62992,11
12.9197902679,80.251159668,62992,63003,11
12.9203100204,80.2512969971,63003,63519,516
12.9203100204,80.2512969971,63519,63529,10
12.9204998016,80.251373291,63529,63539,10
12.9209098816,80.251373291,63539,63549,10
12.9216003418,80.2511978149,63549,63559,10
12.922419548,80.251083374,63559,63569,10
12.9233598709,80.2511367798,63569,63579,10
12.9242801666,80.2511978149,63579,63590,11
12.925239563,80.2512207031,63590,63600,10
12.9263095856,80.2512893677,63600,63610,10
12.9273195267,80.2513809204,63610,63620,10
12.9281301498,80.2514801025,63620,63630,10
12.9288597107,80.2515411377,63630,63640,10
12.929400444,80.2515716553,63640,63650,10
12.9294204712,80.2515792847,63650,63660,10
12.9297895432,80.2516326904,63660,63670,10
12.9305000305,80.2517318726,63670,63681,11
12.931520462,80.2518463135,63681,63691,10
12.9324998856,80.2519683838,63691,63701,10
12.9334697723,80.2520904541,63701,63711,10
12.9344301224,80.2521972656,63711,63721,10
12.9355802536,80.2523193359,63721,63731,10
12.9365501404,80.2524414063,63731,63741,10
12.9372901917,80.2525177002,63741,63751,10
12.9379901886,80.2526168823,63751,63762,11
12.9384098053,80.2526779175,63762,63792,30
12.9384098053,80.2526779175,63792,63802,10
12.938750267,80.252746582,63802,63812,10
12.9392995834,80.252822876,63812,63822,10
12.9401197433,80.2528915405,63822,63832,10
12.9409999847,80.2530975342,63832,63842,10
12.9419603348,80.2532272339,63842,63853,11
12.9423398972,80.2533035278,63853,63863,10
12.9425201416,80.2533416748,63863,63873,10
12.9429798126,80.2534103394,63873,63883,10
12.9432697296,80.2534484863,63883,63893,10
12.9437503815,80.2535400391,63893,63903,10
12.9445495605,80.2537002563,63903,63913,10
12.9453697205,80.2538070679,63913,63923,10
12.9463195801,80.2539215088,63923,63934,11
12.9472799301,80.2541503906,63934,63944,10
12.9480400085,80.2543869019,63944,63954,10
12.948800087,80.2546081543,63954,63964,10
12.9497203827,80.2548217773,63964,63984,20
12.9497203827,80.2548217773,63984,63994,10
12.9497995377,80.2548294067,63994,64004,10
12.9498596191,80.2548294067,64004,64015,11
12.9500102997,80.2548828125,64015,64025,10
12.9505195618,80.2550201416,64025,64035,10
12.9513301849,80.2550811768,64035,64045,10
12.9523096085,80.2551269531,64045,64055,10
12.9532699585,80.2551803589,64055,64065,10
12.9542303085,80.2551803589,64065,64075,10
12.9546203613,80.2551727295,64075,64085,10
12.9546403885,80.2551727295,64085,64095,10
12.9550504684,80.2551803589,64095,64106,11
12.9558200836,80.2552108765,64106,64116,10
12.9565200806,80.2552337646,64116,64126,10
12.9573698044,80.2553634644,64126,64136,10
12.9580602646,80.2554702759,64136,64146,10
12.958820343,80.2556381226,64146,64156,10
12.9596099854,80.2558288574,64156,64166,10
12.960439682,80.2560119629,64166,64176,10
12.9610795975,80.2561264038,64176,64187,11
12.9612703323,80.2561569214,64187,64197,10
12.9613199234,80.2561798096,64197,64207,10
12.9617204666,80.2562789917,64207,64217,10
12.9623498917,80.2564163208,64217,64227,10
12.9630002975,80.256477356,64227,64237,10
12.9635696411,80.2565078735,64237,64247,10
12.9638795853,80.2565383911,64247,64257,10
12.9643802643,80.2565994263,64257,64268,11
12.9652795792,80.2567214966,64268,64278,10
12.9657297134,80.2567901611,64278,64288,10
12.9657402039,80.2567901611,64288,64298,10
12.9660797119,80.2568664551,64298,64308,10
12.9666996002,80.256980896,64308,64318,10
12.9674501419,80.2571411133,64318,64328,10
12.9681797028,80.2573165894,64328,64338,10
12.9687204361,80.2574615479,64338,64348,10
12.96916008,80.2575912476,64348,64359,11
12.9694595337,80.2576904297,64359,64369,10
12.969619751,80.2577514648,64369,64379,10
12.9696598053,80.2577667236,64379,64389,10
12.9700498581,80.2579193115,64389,64399,10
12.9706001282,80.258102417,64399,64409,10
12.9713602066,80.2581863403,64409,64419,10
12.9722499847,80.258140564,64419,64429,10
12.9731502533,80.2582397461,64429,64440,11
12.9739198685,80.2583770752,64440,64480,40
12.9739198685,80.2583770752,64480,64490,10
12.9741697311,80.2584381104,64490,64500,10
12.9746799469,80.2585830688,64500,64510,10
12.9752101898,80.2587509155,64510,64520,10
12.9758996964,80.2589492798,64520,64531,11
12.9765195847,80.2591171265,64531,64541,10
12.9768896103,80.2591705322,64541,64551,10
12.9768896103,80.2591629028,64551,64561,10
12.9770202637,80.2591629028,64561,64571,10
12.9771995544,80.2591629028,64571,64581,10
12.9776096344,80.2591629028,64581,64601,20
12.9776096344,80.2591629028,64601,64612,11
12.9781398773,80.2591323853,64612,64622,10
12.978890419,80.2590866089,64622,64632,10
12.9797401428,80.2592086792,64632,64642,10
12.9805202484,80.2593231201,64642,64652,10
12.9813699722,80.2593536377,64652,64662,10
12.9822502136,80.2593917847,64662,64672,10
12.9829702377,80.2594223022,64672,64682,10
12.983590126,80.2594833374,64682,64693,11
12.9839200974,80.2592010498,64693,64703,10
12.984000206,80.2585678101,64703,64713,10
12.9840602875,80.2580032349,64713,64723,10
12.9841899872,80.2577819824,64723,64733,10
12.9846096039,80.2577667236,64733,64743,10
12.9852800369,80.257850647,64743,64753,10
12.9862804413,80.2579421997,64753,64794,41
12.9862804413,80.2579421997,64794,64804,10
12.9865999222,80.2580184937,64804,64814,10
12.9866600037,80.2580184937,64814,64824,10
12.9868497849,80.2580566406,64824,64854,30
12.9868497849,80.2580566406,64854,64865,11
12.9872598648,80.2580871582,64865,64875,10
12.9873895645,80.2579421997,64875,64885,10
12.9874401093,80.2575302124,64885,64895,10
12.9874095917,80.2571563721,64895,64905,10
12.9875001907,80.2567214966,64905,64915,10
12.9875802994,80.2562866211,64915,64925,10
12.9876003265,80.2559432983,64925,64935,10
12.987830162,80.2557525635,64935,64946,11
12.9881601334,80.2558135986,64946,64956,10
12.9883203506,80.255859375,64956,64966,10
12.9885597229,80.2558898926,64966,64986,20
12.9885597229,80.2558898926,64986,64996,10
12.9887399673,80.2559280396,64996,65006,10
12.9890699387,80.2559509277,65006,65016,10
12.9894199371,80.2559890747,65016,65026,10
12.9898900986,80.2560272217,65026,65037,11
12.9904003143,80.2560195923,65037,65047,10
12.9908399582,80.2560501099,65047,65057,10
12.9915704727,80.256072998,65057,65067,10
12.9923400879,80.256072998,65067,65077,10
12.9928598404,80.2560424805,65077,65118,41
12.9928598404,80.2560424805,65118,65128,10
12.9930896759,80.2560195923,65128,65138,10
12.9931898117,80.2560119629,65138,65148,10
12.9934396744,80.2559814453,65148,65158,10
12.9936800003,80.2559509277,65158,65168,10
12.9937801361,80.2559280396,65168,65178,10
12.9939699173,80.2559814453,65178,65229,51
12.9939699173,80.2559814453,65229,65239,10
12.9943399429,80.2559890747,65239,65249,10
12.9946298599,80.2559280396,65249,65259,10
12.9950199127,80.2559204102,65259,65269,10
12.9954099655,80.2559204102,65269,65320,51
12.9954099655,80.2559204102,65320,65330,10
12.99559021,80.2559509277,65330,65340,10
12.9959802628,80.2559280396,65340,65350,10
12.996509552,80.2559204102,65350,65360,10
12.9969797134,80.2559127808,65360,65371,11
12.9974603653,80.2559280396,65371,65381,10
12.9981603622,80.2559661865,65381,65401,20
12.9981603622,80.2559661865,65401,65411,10
12.9985599518,80.2560501099,65411,65431,20
12.9985599518,80.2560501099,65431,65441,10
12.9988899231,80.2561187744,65441,65462,21
12.9988899231,80.2561187744,65462,65472,10
12.9992799759,80.2561721802,65472,65482,10
12.9996004105,80.2562484741,65482,65492,10
12.9999399185,80.2563323975,65492,65502,10
13.0005102158,80.2564315796,65502,65532,30
13.0005102158,80.2564315796,65532,65543,11
13.0007095337,80.2564697266,65543,65553,10
13.0009899139,80.2565078735,65553,65563,10
13.0012903214,80.2565383911,65563,65573,10
13.001540184,80.2565917969,65573,65583,10
13.0019302368,80.2566604614,65583,65593,10
13.0024900436,80.2567520142,65593,65603,10
13.002989769,80.2568435669,65603,65613,10
13.0032396317,80.2568817139,65613,65624,11
13.0038900375,80.2570114136,65624,65634,10
13.0045604706,80.2571334839,65634,65644,10
13.0053901672,80.2573013306,65644,65654,10
13.0058403015,80.2574005127,65654,65664,10
13.0060396194,80.2574386597,65664,65674,10
13.0064096451,80.257522583,65674,65684,10
13.006819725,80.2578201294,65684,65694,10
13.0072097778,80.2584228516,65694,65705,11
13.0080604553,80.2588577271,65705,65715,10
13.0085000992,80.2590103149,65715,65725,10
13.0085897446,80.2590637207,65725,65735,10
13.0089197159,80.2591171265,65735,65745,10
13.0094099045,80.2591094971,65745,65755,10
13.0102500916,80.2591094971,65755,65765,10
13.011179924,80.2591094971,65765,65775,10
13.0121803284,80.2591094971,65775,65785,10
13.0131998062,80.259147644,65785,65796,11
13.0143299103,80.2591934204,65796,65806,10
13.0153198242,80.2592468262,65806,65816,10
13.0160503387,80.2594909668,65816,65826,10
13.0163497925,80.2596664429,65826,65836,10
13.0163898468,80.2597122192,65836,65846,10
13.0167398453,80.259979248,65846,65856,10
13.017250061,80.260307312,65856,65866,10
13.0176296234,80.2605667114,65866,65877,11
13.0181102753,80.2609100342,65877,65887,10
13.0186004639,80.2612380981,65887,65897,10
13.0189695358,80.2615737915,65897,65907,10
13.0194301605,80.2619628906,65907,65917,10
13.0199298859,80.2624664307,65917,65927,10
13.0203199387,80.2628631592,65927,65937,10
13.0201997757,80.2629928589,65937,65947,10
13.0195903778,80.2629470825,65947,65957,10
13.0190296173,80.2629699707,65957,65968,11
13.0190601349,80.2635269165,65968,65978,10
13.0191202164,80.2640228271,65978,65988,10
13.0191001892,80.2641067505,65988,65998,10
13.0190296173,80.2645797729,65998,66008,10
13.0188598633,80.2652130127,66008,66018,10
13.0187301636,80.2656784058,66018,66028,10
13.0186901093,80.2664871216,66028,66038,10
13.018819809,80.2671585083,66038,66049,11
13.0192804337,80.2678527832,66049,66059,10
13.0197401047,80.2684326172,66059,66069,10
13.0202598572,80.2690811157,66069,66079,10
13.0208101273,80.2697296143,66079,66089,10
13.0212898254,80.2702789307,66089,66099,10
13.021490097,80.2705078125,66099,66109,10
13.0217399597,80.270866394,66109,66119,10
13.0221395493,80.2713928223,66119,66130,11
13.0228004456,80.2722625732,66130,66140,10
13.0232496262,80.2728424072,66140,66150,10
13.0235700607,80.2732772827,66150,66160,10
13.023730278,80.2734985352,66160,66221,61
13.023730278,80.2734985352,66221,66231,10
13.023730278,80.2735595703,66231,66241,10
13.0239601135,80.2738723755,66241,66251,10
13.0242099762,80.2741775513,66251,66261,10
13.0244703293,80.2744827271,66261,66271,10
13.0249099731,80.2747573853,66271,66281,10
13.0254001617,80.2749481201,66281,66291,10
13.0254602432,80.2749786377,66291,66302,11
13.0255298615,80.2750167847,66302,66312,10
13.0258598328,80.275177002,66312,66322,10
13.026260376,80.275390625,66322,66332,10
13.0267000198,80.2755737305,66332,66342,10
13.0272903442,80.2758483887,66342,66352,10
13.0278997421,80.2761001587,66352,66362,10
13.0283899307,80.2762908936,66362,66372,10
13.0284204483,80.2762985229,66372,66383,11
13.0286998749,80.2764282227,66383,66393,10
13.0292701721,80.2766113281,66393,66403,10
13.0299396515,80.2767868042,66403,66413,10
13.0305995941,80.2770996094,66413,66423,10
13.0311899185,80.2774581909,66423,66433,10
13.0318098068,80.2776031494,66433,66443,10
13.0321302414,80.2775726318,66443,66453,10
13.0326404572,80.2775115967,66453,66484,31
13.0326404572,80.2775115967,66484,66494,10
13.032790184,80.2775421143,66494,66504,10
13.0331802368,80.2774810791,66504,66514,10
13.0336198807,80.2773971558,66514,66524,10
13.034119606,80.2775192261,66524,66534,10
13.0346498489,80.2776565552,66534,66544,10
13.0352296829,80.2777328491,66544,66555,11
13.0355501175,80.2778091431,66555,66565,10
13.0360202789,80.2779006958,66565,66575,10
13.0365896225,80.2780532837,66575,66585,10
13.0373401642,80.2783584595,66585,66605,20
13.0373401642,80.2783584595,66605,66615,10
13.0374002457,80.2783966064,66615,66625,10
13.0378303528,80.2784805298,66625,66636,11
13.0389299393,80.2787780762,66636,66656,20
13.0389299393,80.2787780762,66656,66666,10
13.0390501022,80.2788314819,66666,66676,10
13.0394601822,80.2789535522,66676,66686,10
13.0402498245,80.2791671753,66686,66696,10
13.0412797928,80.2793807983,66696,66706,10
13.0422697067,80.279510498,66706,66716,10
13.0430698395,80.279586792,66716,66797,81
13.0430698395,80.279586792,66797,66808,11
13.0434598923,80.2797088623,66808,66818,10
13.0439500809,80.2798461914,66818,66828,10
13.0445899963,80.2799606323,66828,66838,10
13.045419693,80.2800598145,66838,66848,10
13.0457296371,80.280090332,66848,66858,10
13.0458202362,80.2800979614,66858,66868,10
13.0460700989,80.2801513672,66868,66878,10
13.046210289,80.2801589966,66878,66888,10
13.0466899872,80.2802276611,66888,66899,11
13.0473899841,80.2803268433,66899,66909,10
13.0481901169,80.2804412842,66909,66919,10
13.0489902496,80.2805633545,66919,66929,10
13.0493001938,80.2805862427,66929,66939,10
13.0493602753,80.2806015015,66939,66949,10
13.0498504639,80.2806777954,66949,66959,10
13.0504198074,80.2807617188,66959,66969,10
13.0505399704,80.2807693481,66969,66980,11
13.0505800247,80.2807769775,66980,66990,10
13.0510101318,80.2808532715,66990,67000,10
13.0517997742,80.2809829712,67000,67010,10
13.0526895523,80.2811279297,67010,67020,10
13.0534000397,80.2812271118,67020,67030,10
13.0543203354,80.2814025879,67030,67040,10
13.0551395416,80.2815628052,67040,67050,10
13.0564203262,80.2818222046,67050,67072,22
13.0564203262,80.2818222046,67072,67082,10
13.0566701889,80.2818832397,67082,67092,10
13.0569601059,80.2819213867,67092,67102,10
13.0569801331,80.2819290161,67102,67112,10
13.0570802689,80.2819595337,67112,67122,10
13.0574598312,80.2820205688,67122,67132,10
13.0579395294,80.2821273804,67132,67142,10
13.0586395264,80.2822799683,67142,67153,11
13.0595598221,80.2824707031,67153,67163,10
13.0603303909,80.2826309204,67163,67173,10
13.0609703064,80.2827606201,67173,67183,10
13.0613203049,80.2828216553,67183,67193,10
13.0617904663,80.2829208374,67193,67203,10
13.0624103546,80.2830581665,67203,67213,10
13.0628795624,80.2831802368,67213,67223,10
13.0631198883,80.2832183838,67223,67235,12
13.0631303787,80.2832336426,67235,67245,10
13.0635099411,80.2833328247,67245,67255,10
13.0641298294,80.2834625244,67255,67265,10
13.0647802353,80.2836227417,67265,67275,10
13.0655698776,80.283782959,67275,67285,10
13.0664100647,80.2839584351,67285,67295,10
13.067199707,80.2841033936,67295,67305,10
13.0675697327,80.2841567993,67305,67316,11
13.0679502487,80.2842330933,67316,67326,10
13.0685501099,80.284362793,67326,67336,10
13.0693798065,80.2845611572,67336,67349,13
13.0702104568,80.2847900391,67349,67359,10
13.0708398819,80.2849197388,67359,67369,10
13.0715999603,80.2851333618,67369,67379,10
13.0723896027,80.2852706909,67379,67389,10
13.0734395981,80.2852020264,67389,67410,21
13.0734395981,80.2852020264,67410,67420,10
13.0734996796,80.2852401733,67420,67430,10
13.0737600327,80.285369873,67430,67440,10
13.0740404129,80.2857437134,67440,67450,10
13.0746202469,80.2862701416,67450,67460,10
13.0751199722,80.2865982056,67460,67470,10
13.0753498077,80.2867584229,67470,67480,10
13.0758495331,80.2869720459,67480,67491,11
13.0767602921,80.2872161865,67491,67501,10
13.0776100159,80.2874526978,67501,67511,10
13.0784597397,80.287651062,67511,67521,10
13.0792703629,80.2879714966,67521,67531,10
13.0800104141,80.2881317139,67531,67541,10
13.0804395676,80.2882385254,67541,67551,10
13.080739975,80.2882766724,67551,67561,10
13.0812997818,80.288482666,67561,67572,11
13.0820398331,80.2887268066,67572,67582,10
13.0827102661,80.2890472412,67582,67592,10
13.0834999084,80.2891769409,67592,67602,10
13.084280014,80.2891616821,67602,67612,10
13.0850400925,80.2891387939,67612,67622,10
13.0857896805,80.2892837524,67622,67632,10
13.0865898132,80.2894821167,67632,67642,10
13.0871496201,80.2896575928,67642,67653,11
13.0877304077,80.2899017334,67653,67663,10
13.0886802673,80.2900924683,67663,67693,30
13.0888004303,80.2901687622,67693,67744,51
13.0888004303,80.2901687622,67744,67754,10
13.0888299942,80.2901611328,67754,67764,10
13.0887002945,80.2903594971,67764,67774,10
13.0882396698,80.2901306152,67774,67784,10
13.0874595642,80.2898406982,67784,67794,10
13.0865802765,80.2895584106,67794,67804,10
13.0857400894,80.2893295288,67804,67814,10
13.0852899551,80.2886428833,67814,67825,11
13.0850696564,80.2875366211,67825,67835,10
13.085149765,80.2864685059,67835,67845,10
13.0852403641,80.2855606079,67845,67855,10
13.0853004456,80.2846221924,67855,67865,10
13.0852003098,80.2841186523,67865,67885,20
13.0852003098,80.2841186523,67885,67895,10
13.0852403641,80.2840118408,67895,67905,10
13.0854196548,80.2836074829,67905,67916,11
13.0856103897,80.2835235596,67916,67926,10
13.0860099792,80.2835388184,67926,67936,10
13.0863399506,80.2836685181,67936,67946,10
13.0866699219,80.2837677002,67946,67956,10
13.0869102478,80.283706665,67956,67966,10
13.0872602463,80.2836685181,67966,67976,10
13.0872898102,80.2836685181,67976,67986,10
13.0874996185,80.2836914063,67986,67997,11
13.0876598358,80.2836914063,67997,68007,10
13.0878400803,80.2836837769,68007,68017,10
13.0880098343,80.2837982178,68017,68675,658
13.0881099701,80.2837905884,68675,68695,20
13.0881099701,80.2837905884,68695,68705,10
13.0882396698,80.2835083008,68705,68715,10
13.0882396698,80.2831802368,68715,68725,10
13.088259697,80.2827224731,68725,68735,10
13.0882396698,80.2822570801,68735,68746,11
13.0881204605,80.2817382813,68746,68756,10
13.0880498886,80.2814407349,68756,68766,10
13.0882997513,80.281463623,68766,68776,10
13.0884599686,80.2817764282,68776,68786,10
13.0883598328,80.2822113037,68786,68796,10
13.0882997513,80.2825012207,68796,68806,10
13.088259697,80.2830200195,68806,68816,10
13.0882701874,80.2834777832,68816,68826,10
13.0882997513,80.2839508057,68826,68837,11
13.0883598328,80.2848968506,68837,68857,20
13.0883598328,80.2848968506,68857,68867,10
13.0883798599,80.2850189209,68867,68877,10
13.0884199142,80.2854919434,68877,68887,10
13.0884199142,80.2857437134,68887,68897,10
13.0884504318,80.2862091064,68897,68907,10
13.0884599686,80.2864227295,68907,68918,11
13.0884799957,80.2869415283,68918,68928,10
13.08852005,80.2873764038,68928,68938,10
13.088549614,80.2877120972,68938,68948,10
13.0886201859,80.2883224487,68948,68958,10
13.088640213,80.2885437012,68958,68968,10
13.0887002945,80.2892684937,68968,68988,20
13.0887002945,80.2892684937,68988,68999,11
13.0887203217,80.289680481,68999,69009,10
13.0887298584,80.2898330688,69009,69019,10
13.0887298584,80.2901000977,69019,69059,40
13.0887298584,80.2901000977,69059,69069,10
13.0886001587,80.2903137207,69069,69079,10
13.088259697,80.2901992798,69079,69090,11
13.0876302719,80.2898864746,69090,69100,10
13.0870199203,80.2896118164,69100,69110,10
13.0862998962,80.2893676758,69110,69120,10
13.0855197906,80.2891693115,69120,69130,10
13.0848798752,80.2890701294,69130,69140,10
13.0840597153,80.289100647,69140,69150,10
13.0831899643,80.2891235352,69150,69160,10
13.0823698044,80.2888565063,69160,69171,11
13.0816602707,80.2886199951,69171,69181,10
13.0809402466,80.2883377075,69181,69191,10
13.0802602768,80.2881774902,69191,69201,10
13.0798501968,80.2880783081,69201,69211,10
13.0794000626,80.2879867554,69211,69221,10
13.0786600113,80.2876968384,69221,69231,10
13.0779104233,80.2874526978,69231,69241,10
13.0772304535,80.2873001099,69241,69251,10
13.0762500763,80.2870483398,69251,69262,11
13.0754098892,80.2867584229,69262,69272,10
13.0748195648,80.2864227295,69272,69282,10
13.0740604401,80.2860336304,69282,69302,20
13.0740604401,80.2860336304,69302,69312,10
13.073679924,80.2859573364,69312,69322,10
13.07310009,80.2857894897,69322,69332,10
13.0725002289,80.2854309082,69332,69343,11
13.0716295242,80.28515625,69343,69353,10
13.0707101822,80.2849197388,69353,69363,10
13.0697002411,80.2846603394,69363,69373,10
13.0687799454,80.2844467163,69373,69383,10
13.0679798126,80.284286499,69383,69393,10
13.0672798157,80.2842407227,69393,69403,10
13.0664100647,80.2840805054,69403,69424,21
13.0664100647,80.2840805054,69424,69434,10
13.0663204193,80.2840423584,69434,69444,10
13.0660295486,80.2839584351,69444,69454,10
13.0656604767,80.2838363647,69454,69464,10
13.0652704239,80.2837295532,69464,69474,10
13.0648403168,80.2836074829,69474,69484,10
13.0645399094,80.2835388184,69484,69494,10
13.0642299652,80.2834777832,69494,69525,31
13.0642299652,80.2834777832,69525,69535,10
13.0638799667,80.2833633423,69535,69545,10
13.0634498596,80.2832489014,69545,69555,10
13.0629196167,80.2830963135,69555,69565,10
13.0624799728,80.2830123901,69565,69596,31
13.0623197556,80.2829589844,69596,69606,10
13.0623197556,80.2829589844,69606,69616,10
13.0618495941,80.2828598022,69616,69626,10
13.0612897873,80.2827377319,69626,69636,10
13.0606603622,80.2826080322,69636,69646,10
13.0601596832,80.2825088501,69646,69656,10
13.0595197678,80.2823867798,69656,69666,10
13.0588598251,80.2822570801,69666,69677,11
13.0582103729,80.2821426392,69677,69687,10
13.0577402115,80.282043457,69687,69697,10
13.0572595596,80.2819366455,69697,69707,10
13.0565299988,80.2817993164,69707,69737,30
13.0565299988,80.2817993164,69737,69747,10
13.0562801361,80.2817611694,69747,69757,10
13.0560398102,80.2817001343,69757,69768,11
13.0554800034,80.281578064,69768,69778,10
13.0549497604,80.2814788818,69778,69788,10
13.0545396805,80.2814025879,69788,69808,20
13.0545396805,80.2814025879,69808,69818,10
13.0541000366,80.2812805176,69818,69828,10
13.0535001755,80.2811889648,69828,69838,10
13.0528697968,80.2810821533,69838,69849,11
13.0521602631,80.2809829712,69849,69859,10
13.0514802933,80.2808914185,69859,69869,10
13.0512399673,80.2808609009,69869,69879,10
13.051150322,80.2808380127,69879,69889,10
13.0507001877,80.2807693481,69889,69899,10
13.050330162,80.2807235718,69899,69908,9
13.0501203537,80.2806777954,69908,69919,11
13.0496702194,80.2806015015,69919,69930,11
13.0488395691,80.2804794312,69930,69940,10
13.0479402542,80.2803421021,69940,69950,10
13.0469799042,80.2802124023,69950,69960,10
13.0462703705,80.2801208496,69960,69970,10
13.0458402634,80.2800674438,69970,69980,10
13.0457401276,80.2800598145,69980,69990,10
13.0455799103,80.2800369263,69990,70000,10
13.0451498032,80.2799835205,70000,70010,10
13.0443401337,80.2798690796,70010,70021,11
13.0435695648,80.2797470093,70021,70031,10
13.0426998138,80.279548645,70031,70041,10
13.0419101715,80.2793884277,70041,70051,10
13.0410900116,80.2792510986,70051,70061,10
13.0403795242,80.2790985107,70061,70071,10
13.0397796631,80.2789611816,70071,70081,10
13.0392999649,80.2788391113,70081,70091,10
13.0389995575,80.2787475586,70091,70102,11
13.0389795303,80.2787399292,70102,70112,10
13.0387096405,80.2786483765,70112,70122,10
13.0381803513,80.2784805298,70122,70132,10
13.0376796722,80.2783432007,70132,70142,10
13.0374603271,80.2782974243,70142,70153,11
13.0371398926,80.278213501,70153,70173,20
13.0371398926,80.278213501,70173,70184,11
13.036939621,80.2781524658,70184,70194,10
13.0368099213,80.2780914307,70194,70204,10
13.0366401672,80.2780227661,70204,70214,10
13.0363798141,80.2779083252,70214,70224,10
13.0361003876,80.2778396606,70224,70234,10
13.0357999802,80.2777786255,70234,70244,10
13.035369873,80.2776870728,70244,70286,42
13.0349798203,80.2776412964,70286,70367,81
13.0349798203,80.2776412964,70367,70377,10
13.0346002579,80.2775192261,70377,70387,10
13.0342197418,80.2774505615,70387,70417,30
13.0342197418,80.2774505615,70417,70427,10
13.0338401794,80.2773284912,70427,70478,51
13.0338401794,80.2773284912,70478,70488,10
13.0336103439,80.2772674561,70488,70498,10
13.0333404541,80.2773284912,70498,70529,31
13.0333404541,80.2773284912,70529,70539,10
13.0331001282,80.2773666382,70539,70549,10
13.0328397751,80.2774429321,70549,70559,10
13.0324897766,80.2774505615,70559,70569,10
13.0321302414,80.2774963379,70569,70579,10
13.0318002701,80.2775421143,70579,70589,10
13.0313796997,80.2775115967,70589,70599,10
13.0313396454,80.2774963379,70599,70610,11
13.031080246,80.2773284912,70610,70620,10
13.0309200287,80.2772293091,70620,70630,10
13.0305995941,80.2770767212,70630,70640,10
13.0301599503,80.2768630981,70640,70650,10
13.0297603607,80.2767333984,70650,70660,10
13.0291595459,80.2765579224,70660,70670,10
13.0285797119,80.2763519287,70670,70680,10
13.0278997421,80.2760391235,70680,70691,11
13.0270595551,80.2756576538,70691,70701,10
13.0258998871,80.275138855,70701,70720,19
13.0258998871,80.275138855,70720,70731,11
13.0255002975,80.2749633789,70731,70741,10
13.0248498917,80.2746734619,70741,70751,10
13.0242900848,80.2742919922,70751,70761,10
13.0241603851,80.2741699219,70761,70772,11
13.0239295959,80.2738037109,70772,70782,10
13.0236301422,80.2734222412,70782,70792,10
13.023150444,80.2727813721,70792,70802,10
13.022600174,80.2720413208,70802,70812,10
13.0220003128,80.2712478638,70812,70822,10
13.0214395523,80.2705383301,70822,70832,10
13.0210800171,80.2701034546,70832,70842,10
13.0208597183,80.2698364258,70842,70852,10
13.0208101273,80.26978302,70852,70863,11
13.0205202103,80.2694015503,70863,70873,10
13.0200004578,80.2687530518,70873,70883,10
13.0194501877,80.268081665,70883,70893,10
13.0188999176,80.2674179077,70893,70903,10
13.0186300278,80.2666778564,70903,70913,10
13.0185499191,80.2660064697,70913,70923,10
13.0186595917,80.2654800415,70923,70933,10
13.0188999176,80.2646713257,70933,70944,11
13.0189800262,80.2637405396,70944,70954,10
13.0189399719,80.2633972168,70954,70964,10
13.0188703537,80.2629699707,70964,70974,10
13.0188798904,80.2629165649,70974,70984,10
13.018819809,80.262512207,70984,70994,10
13.0187501907,80.26197052,70994,71004,10
13.0185403824,80.2611694336,71004,71014,10
13.0180397034,80.2608566284,71014,71024,10
13.0174798965,80.2604827881,71024,71035,11
13.0167303085,80.259979248,71035,71045,10
13.015999794,80.2595977783,71045,71055,10
13.0159502029,80.2595672607,71055,71065,10
13.0159101486,80.2595367432,71065,71075,10
13.0155200958,80.2593994141,71075,71085,10
13.0148000717,80.2592391968,71085,71095,10
13.0139703751,80.2592010498,71095,71105,10
13.0130395889,80.2591705322,71105,71116,11
13.0120096207,80.2591400146,71116,71126,10
13.0113697052,80.2591018677,71126,71136,10
13.0106401443,80.2591323853,71136,71146,10
13.0097198486,80.2591400146,71146,71156,10
13.0088996887,80.2591094971,71156,71166,10
13.0085802078,80.2590789795,71166,71176,10
13.0079698563,80.2591400146,71176,71186,10
13.0073795319,80.2591781616,71186,71197,11
13.0071296692,80.2586364746,71197,71207,10
13.0071201324,80.2585906982,71207,71217,10
13.0069198608,80.2582168579,71217,71227,10
13.0066795349,80.2578125,71227,71237,10
13.0062198639,80.2574768066,71237,71247,10
13.0057001114,80.2573318481,71247,71257,10
13.0050601959,80.2571792603,71257,71267,10
13.0042896271,80.2570114136,71267,71277,10
13.0035104752,80.2568511963,71277,71288,11
13.0027399063,80.2566986084,71288,71298,10
13.0019397736,80.2565612793,71298,71328,30
13.0019397736,80.2565612793,71328,71338,10
13.0018396378,80.2565383911,71338,71348,10
13.0014295578,80.2564697266,71348,71358,10
13.0008001328,80.2563781738,71358,71369,11
12.9998397827,80.2562484741,71369,71389,20
12.9998397827,80.2562484741,71389,71399,10
12.9994697571,80.2561569214,71399,71409,10
12.9988899231,80.2560195923,71409,71450,41
12.9988899231,80.2560195923,71450,71460,10
12.9984903336,80.2559585571,71460,71480,20
12.9984903336,80.2559585571,71480,71490,10
12.9983196259,80.2558898926,71490,71500,10
12.9982404709,80.2558898926,71500,71510,10
12.9980802536,80.2558898926,71510,71520,10
12.9976596832,80.255859375,71520,71530,10
12.9973802567,80.2558822632,71530,71551,21
12.9973802567,80.2558822632,71551,71561,10
12.9971704483,80.2558517456,71561,71571,10
12.9968595505,80.2558364868,71571,71581,10
12.9966697693,80.2558288574,71581,71591,10
12.9965200424,80.2558288574,71591,71601,10
12.9960603714,80.255821228,71601,71611,10
12.9955301285,80.255821228,71611,71622,11
12.9949598312,80.2558288574,71622,71632,10
12.9944295883,80.2558670044,71632,71642,10
12.9939899445,80.2559204102,71642,71652,10
12.9933204651,80.2559280396,71652,71662,10
12.9924001694,80.2559967041,71662,71672,10
12.9914598465,80.2559814453,71672,71682,10
12.9909000397,80.2559585571,71682,71692,10
12.9903202057,80.2559432983,71692,71703,11
12.9895401001,80.2559204102,71703,71723,20
12.9895401001,80.2559204102,71723,71733,10
12.9893903732,80.2558898926,71733,71743,10
12.9890403748,80.2558822632,71743,71753,10
12.988820076,80.255859375,71753,71763,10
12.9886598587,80.2558288574,71763,71773,10
12.9883499146,80.255821228,71773,71783,10
12.9881296158,80.2557907104,71783,71794,11
12.9879302979,80.2557907104,71794,71804,10
12.9878196716,80.2557907104,71804,71814,10
12.9875602722,80.2560272217,71814,71824,10
12.9875497818,80.256690979,71824,71834,10
12.9874801636,80.2574462891,71834,71844,10
12.9874200821,80.2583236694,71844,71854,10
12.9873504639,80.2590637207,71854,71864,10
12.9872303009,80.2596130371,71864,71875,11
12.9867801666,80.2597579956,71875,71885,10
12.9864301682,80.259727478,71885,71895,10
12.9862203598,80.2596969604,71895,71905,10
12.9858503342,80.2596511841,71905,71915,10
12.9854202271,80.2595977783,71915,71925,10
12.9852800369,80.2595825195,71925,71935,10
12.9852104187,80.2595825195,71935,71945,10
12.984919548,80.259552002,71945,71956,11
12.9844503403,80.2594680786,71956,71966,10
12.9837598801,80.2594223022,71966,71976,10
12.9833602905,80.2593994141,71976,72006,30
12.9833602905,80.2593994141,72006,72016,10
12.9832496643,80.2593917847,72016,72026,10
12.9828395844,80.2593536377,72026,72036,10
12.9823799133,80.2593307495,72036,72047,11
12.9815998077,80.2592926025,72047,72057,10
12.9807901382,80.2592773438,72057,72067,10
12.9801702499,80.2592163086,72067,72076,9
12.9792299271,80.2590789795,72076,72087,11
12.9780797958,80.2590637207,72087,72157,70
12.9780797958,80.2590637207,72157,72168,11
12.9779701233,80.2590637207,72168,72178,10
12.9777603149,80.2590789795,72178,72188,10
12.9775800705,80.2590789795,72188,72198,10
12.9769601822,80.2590789795,72198,72209,11
12.976269722,80.2589416504,72209,72219,10
12.9758796692,80.2588500977,72219,72229,10
12.975399971,80.2587127686,72229,72239,10
12.9748296738,80.2585296631,72239,72249,10
12.9742803574,80.2583999634,72249,72259,10
12.9739303589,80.2583236694,72259,72269,10
12.9733400345,80.2581863403,72269,72279,10
12.9725704193,80.2580566406,72279,72289,10
12.9716396332,80.2580566406,72289,72300,11
12.9706602097,80.2580108643,72300,72310,10
12.9698801041,80.2577819824,72310,72320,10
12.96971035,80.2577209473,72320,72330,10
12.9695596695,80.2576599121,72330,72340,10
12.9690904617,80.2575073242,72340,72350,10
12.9685001373,80.2573394775,72350,72360,10
12.9677200317,80.2571411133,72360,72370,10
12.9668598175,80.256942749,72370,72381,11
12.9661998749,80.2568283081,72381,72391,10
12.9655504227,80.2566986084,72391,72401,10
12.9646997452,80.2565536499,72401,72411,10
12.9637298584,80.256439209,72411,72431,20
12.9637298584,80.256439209,72431,72441,10
12.9634799957,80.2564163208,72441,72451,10
12.9628000259,80.2563781738,72451,72462,11
12.9618997574,80.2562637329,72462,72472,10
12.9612998962,80.2561187744,72472,72482,10
12.9608697891,80.2560501099,72482,72492,10
12.9608201981,80.2560424805,72492,72502,10
12.9603796005,80.2559204102,72502,72512,10
12.959569931,80.2557525635,72512,72522,10
12.9586000443,80.2555465698,72522,72532,10
12.9578695297,80.2553863525,72532,72542,10
12.9569101334,80.2552337646,72542,72553,11
12.9558200836,80.2551422119,72553,72563,10
12.9550304413,80.2551422119,72563,72573,10
12.95429039,80.2551193237,72573,72583,10
12.9541196823,80.2551116943,72583,72593,10
12.9537096024,80.2551116943,72593,72603,10
12.9530000687,80.2550964355,72603,72613,10
12.9521598816,80.2550582886,72613,72623,10
12.9511899948,80.2550201416,72623,72634,11
12.9505596161,80.2549591064,72634,72664,30
12.9505596161,80.2549591064,72664,72674,10
12.9500598907,80.2548370361,72674,72694,20
12.9500598907,80.2548370361,72694,72704,10
12.9500303268,80.2547225952,72704,72735,31
12.9500303268,80.2547225952,72735,72745,10
12.9503002167,80.2548370361,72745,72755,10
12.9506597519,80.2549209595,72755,72765,10
12.9510202408,80.2549362183,72765,73038,273
12.9510202408,80.2549362183,73038,73048,10
12.9514598846,80.2551269531,73048,73059,11
12.9521198273,80.2551422119,73059,73069,10
12.9527397156,80.2551574707,73069,73079,10
12.9534196854,80.2551803589,73079,73089,10
12.9541702271,80.2551727295,73089,73099,10
12.9544696808,80.2551574707,73099,73109,10
12.9547395706,80.2551498413,73109,73119,10
12.955160141,80.2551727295,73119,73129,10
12.9556398392,80.2551727295,73129,73140,11
12.9564304352,80.2551879883,73140,73150,10
12.9572401047,80.2552871704,73150,73160,10
12.9579896927,80.2554168701,73160,73170,10
12.9588403702,80.2555999756,73170,73180,10
12.9597301483,80.2557983398,73180,73190,10
12.9612503052,80.2561264038,73190,73210,20
12.9612503052,80.2561264038,73210,73221,11
12.961640358,80.2562179565,73221,73231,10
12.9621696472,80.2563476563,73231,73241,10
12.9628601074,80.2564468384,73241,73251,10
12.9634504318,80.2564620972,73251,73261,10
12.9637203217,80.256477356,73261,73271,10
12.9641704559,80.2565536499,73271,73281,10
12.9648504257,80.2566375732,73281,73291,10
12.9657497406,80.2567825317,73291,73301,10
12.9665699005,80.2569198608,73301,73312,11
12.9674901962,80.2571105957,73312,73322,10
12.9683599472,80.2573394775,73322,73332,10
12.9695396423,80.2576599121,73332,73352,20
12.9695396423,80.2576599121,73352,73362,10
12.9698400497,80.2577819824,73362,73372,10
12.970459938,80.2580108643,73372,73382,10
12.9712896347,80.258140564,73382,73393,11
12.9723596573,80.2580795288,73393,73403,10
12.9731998444,80.2582015991,73403,73413,10
12.9737701416,80.2582931519,73413,73423,10
12.9738397598,80.2583007813,73423,73433,10
12.9741001129,80.2583618164,73433,73443,10
12.9746799469,80.2585296631,73443,73453,10
12.9753303528,80.2587509155,73453,73463,10
12.9759998322,80.2589416504,73463,73473,10
12.9766597748,80.2590866089,73473,73484,11
12.9772796631,80.2591400146,73484,73494,10
12.9776000977,80.2591323853,73494,73504,10
12.9778203964,80.2591018677,73504,73514,10
12.9784097672,80.2590789795,73514,73524,10
12.9791202545,80.2590789795,73524,73534,10
12.9798297882,80.2591781616,73534,73544,10
12.980509758,80.2592697144,73544,73554,10
12.9810695648,80.2593002319,73554,73565,11
12.9818601608,80.2593231201,73565,73575,10
12.9826602936,80.2593612671,73575,73585,10
12.9832801819,80.2593994141,73585,73595,10
12.983880043,80.2594223022,73595,73605,10
12.9839601517,80.2591781616,73605,73615,10
12.9840297699,80.2584991455,73615,73625,10
12.9841403961,80.2578430176,73625,73635,10
12.9845895767,80.2577209473,73635,73646,11
12.9854001999,80.2578125,73646,73656,10
12.9860095978,80.2578811646,73656,73666,10
12.9866504669,80.2579574585,73666,73676,10
12.9868602753,80.2579879761,73676,73686,10
12.9870796204,80.2580337524,73686,73696,10
12.9873504639,80.2579879761,73696,73706,10
12.9873800278,80.2577514648,73706,73818,112
12.9873800278,80.2577514648,73818,73828,10
12.9875097275,80.2573318481,73828,73838,10
12.9874801636,80.2571105957,73838,73848,10
12.9875001907,80.2567901611,73848,73858,10
12.9875297546,80.256362915,73858,73868,10
12.9875402451,80.2563018799,73868,73878,10
12.9875497818,80.2560806274,73878,74030,152
12.9875497818,80.2560806274,74030,74040,10
12.9876203537,80.2557373047,74040,74050,10
12.987859726,80.2556915283,74050,74060,10
12.988530159,80.255821228,74060,74081,21
12.988530159,80.255821228,74081,74091,10
12.9886703491,80.2558364868,74091,74101,10
12.9890403748,80.2558822632,74101,74111,10
12.9893102646,80.255897522,74111,74121,10
12.9898796082,80.2559280396,74121,74131,10
12.9903497696,80.2559280396,74131,74141,10
12.9907197952,80.2559509277,74141,74152,11
12.9915800095,80.2559890747,74152,74162,10
12.992600441,80.2560195923,74162,74172,10
12.9935598373,80.2559814453,74172,74182,10
12.9942398071,80.2559280396,74182,74192,10
12.9949598312,80.255859375,74192,74202,10
12.9956998825,80.2558288574,74202,74212,10
12.9962596893,80.255821228,74212,74221,9
12.9965801239,80.255821228,74221,74232,11
12.9967603683,80.255821228,74232,74243,11
12.9971399307,80.2558364868,74243,74253,10
12.9975996017,80.2558822632,74253,74263,10
12.9982299805,80.255897522,74263,74273,10
12.9986896515,80.2559585571,74273,74283,10
12.9987001419,80.2559585571,74283,74293,10
12.9990797043,80.2560501099,74293,74334,41
12.9990797043,80.2560501099,74334,74344,10
12.9992599487,80.2561264038,74344,74354,10
12.9996004105,80.2562026978,74354,74364,10
13.0000400543,80.2562637329,74364,74374,10
13.0007295609,80.2563781738,74374,74384,10
13.0013904572,80.2565002441,74384,74394,10
13.0020999908,80.2566070557,74394,74405,11
13.0029296875,80.2567596436,74405,74415,10
13.003660202,80.2568969727,74415,74425,10
13.0043001175,80.2570037842,74425,74435,10
13.0050201416,80.2571487427,74435,74445,10
13.0056800842,80.2573013306,74445,74455,10
13.0062999725,80.2574234009,74455,74465,10
13.0067901611,80.2576599121,74465,74475,10
13.0071201324,80.2582397461,74475,74485,10
13.0075101852,80.2586135864,74485,74496,11
13.0082197189,80.2588729858,74496,74506,10
13.0085601807,80.2589569092,74506,74516,10
13.0086803436,80.2590026855,74516,74526,10
13.0090303421,80.2590484619,74526,74536,10
13.0096797943,80.2590408325,74536,74546,10
13.0102796555,80.2590484619,74546,74556,10
13.0108995438,80.2590484619,74556,74566,10
13.0117397308,80.2590637207,74566,74577,11
13.0128602982,80.2591018677,74577,74587,10
13.0139703751,80.2591400146,74587,74597,10
13.0149698257,80.2591781616,74597,74607,10
13.0158700943,80.2593765259,74607,74617,10
13.0164699554,80.2597503662,74617,74627,10
13.0169095993,80.2600402832,74627,74637,10
13.0174999237,80.2604370117,74637,74647,10
13.0181303024,80.2608566284,74647,74657,10
13.0187301636,80.2612991333,74657,74668,11
13.0192098618,80.26171875,74668,74678,10
13.019659996,80.2621612549,74678,74688,10
13.0201797485,80.2626724243,74688,74698,10
13.0202503204,80.2629623413,74698,74708,10
13.0199403763,80.2629699707,74708,74718,10
13.0193099976,80.2629165649,74718,74728,10
13.0190095901,80.2630767822,74728,74738,10
13.019080162,80.2636413574,74738,74749,11
13.0190496445,80.2646026611,74749,74759,10
13.0188703537,80.2652511597,74759,74769,10
13.0187397003,80.2657699585,74769,74779,10
13.0187196732,80.2666015625,74779,74789,10
13.0189399719,80.2673416138,74789,74799,10
13.0193996429,80.2679214478,74799,74809,10
13.0202198029,80.2689437866,74809,74819,10
13.0207500458,80.2695999146,74819,74830,11
13.0212202072,80.2701416016,74830,74840,10
13.0214796066,80.2704620361,74840,74850,10
13.0216398239,80.270652771,74850,74860,10
13.0220603943,80.2712020874,74860,74870,10
13.0225801468,80.2718734741,74870,74879,9
13.0230503082,80.2725219727,74879,74890,11
13.0236797333,80.2733764648,74890,74910,20
13.0236797333,80.2733764648,74910,74921,11
13.0238599777,80.2736816406,74921,74931,10
13.0241603851,80.2740936279,74931,74941,10
13.0245199203,80.2745285034,74941,74951,10
13.0249700546,80.2748031616,74951,74961,10
13.0254001617,80.2749404907,74961,74971,10
13.0254497528,80.2749710083,74971,74981,10
13.0257501602,80.2751083374,74981,74991,10
13.0261096954,80.2752914429,74991,75002,11
13.0265703201,80.2755126953,75002,75012,10
13.0271701813,80.2757873535,75012,75022,10
13.0278196335,80.2760772705,75022,75032,10
13.0282096863,80.276222229,75032,75042,10
13.028459549,80.2763214111,75042,75052,10
13.0285196304,80.2763366699,75052,75062,10
13.0286798477,80.2764129639,75062,75072,10
13.0289402008,80.2764968872,75072,75082,10
13.0293502808,80.2766113281,75082,75093,11
13.0299701691,80.276802063,75093,75103,10
13.0306797028,80.2771377563,75103,75113,10
13.0314903259,80.2775802612,75113,75133,20
13.0314903259,80.2775802612,75133,75143,10
13.0319004059,80.2775192261,75143,75153,10
13.0326404572,80.2774734497,75153,75224,71
13.0326404572,80.2774734497,75224,75234,10
13.0330200195,80.2774505615,75234,75244,10
13.0334300995,80.27734375,75244,75255,11
13.0338001251,80.2773666382,75255,75265,10
13.0342702866,80.2774963379,75265,75275,10
13.0349502563,80.2776412964,75275,75285,10
13.0354099274,80.2777175903,75285,75295,10
13.0359201431,80.2778320313,75295,75305,10
13.0366897583,80.2780532837,75305,75315,10
13.0373697281,80.2782897949,75315,75325,10
13.0380601883,80.2784729004,75325,75336,11
13.0388498306,80.278678894,75336,75346,10
13.0389003754,80.2787017822,75346,75356,10
13.0389795303,80.278717041,75356,75366,10
13.0392799377,80.2788314819,75366,75376,10
13.0398101807,80.2789916992,75376,75386,10
13.0405597687,80.2791976929,75386,75396,10
13.0412597656,80.2793502808,75396,75406,10
13.0420503616,80.2794723511,75406,75416,10
13.0428800583,80.2795410156,75416,75427,11
13.0435199738,80.2796936035,75427,75437,10
13.0439996719,80.2798309326,75437,75447,10
13.0446195602,80.2799377441,75447,75457,10
13.0457696915,80.280090332,75457,75477,20
13.0457696915,80.280090332,75477,75487,10
13.0460395813,80.280128479,75487,75497,10
13.0464401245,80.2801971436,75497,75508,11
13.0472602844,80.2803268433,75508,75518,10
13.0481996536,80.2804489136,75518,75528,10
13.0491600037,80.2805862427,75528,75538,10
13.0497903824,80.2806625366,75538,75548,10
13.0498104095,80.2806625366,75548,75558,10
13.0500202179,80.2806930542,75558,75568,10
13.0505504608,80.2807769775,75568,75578,10
13.051199913,80.2808990479,75578,75588,10
13.0521602631,80.281036377,75588,75599,11
13.0531902313,80.2811965942,75599,75609,10
13.0541496277,80.2813491821,75609,75619,10
13.0550699234,80.2815170288,75619,75629,10
13.0560703278,80.2817306519,75629,75639,10
13.0564804077,80.2817993164,75639,75649,10
13.0565795898,80.2818222046,75649,75659,10
13.0570602417,80.2819213867,75659,75669,10
13.0577297211,80.2820663452,75669,75680,11
13.0586700439,80.2822799683,75680,75690,10
13.0595502853,80.2824630737,75690,75700,10
13.0603103638,80.2826080322,75700,75710,10
13.0610799789,80.2827682495,75710,75720,10
13.0618600845,80.282951355,75720,75730,10
13.0627498627,80.2831420898,75730,75740,10
13.0633001328,80.2832489014,75740,75750,10
13.0633096695,80.2832489014,75750,75761,11
13.0634498596,80.2832794189,75761,75771,10
13.0639200211,80.2833862305,75771,75781,10
13.0645399094,80.2835464478,75781,75791,10
13.0652999878,80.2836990356,75791,75801,10
13.0661296844,80.2838973999,75801,75811,10
13.0671100616,80.2841186523,75811,75821,10
13.0679798126,80.2842712402,75821,75831,10
13.0686798096,80.2844314575,75831,75841,10
13.0696401596,80.2846603394,75841,75852,11
13.0705499649,80.2848968506,75852,75862,10
13.0708398819,80.2849197388,75862,75872,10
13.0714797974,80.2851104736,75872,75882,10
13.0723400116,80.2852783203,75882,75892,10
13.0735397339,80.2852630615,75892,75922,30
13.0735397339,80.2852630615,75922,75933,11
13.073800087,80.2854003906,75933,75943,10
13.0740604401,80.2857208252,75943,75953,10
13.0745296478,80.2862091064,75953,75963,10
13.0752401352,80.2866592407,75963,75973,10
13.0759296417,80.2870025635,75973,75983,10
13.0766496658,80.2871932983,75983,75993,10
13.077580452,80.2874526978,75993,76003,10
13.0783500671,80.287612915,76003,76014,11
13.0792598724,80.2879562378,76014,76024,10
13.0800199509,80.2881317139,76024,76034,10
13.0805997849,80.2882537842,76034,76044,10
13.0811796188,80.2884521484,76044,76054,10
13.0819101334,80.2887268066,76054,76064,10
13.0825500488,80.2889709473,76064,76074,10
13.0833301544,80.2892227173,76074,76084,10
13.0843000412,80.2891998291,76084,76094,10
13.0853700638,80.2891998291,76094,76105,11
13.0864896774,80.2894592285,76105,76115,10
13.0873498917,80.2897415161,76115,76125,10
13.0879898071,80.2900238037,76125,76135,10
13.088809967,80.2901916504,76135,76186,51
13.088809967,80.2901916504,76186,76196,10
13.0888395309,80.2903137207,76196,76206,10
13.0886201859,80.2904586792,76206,76216,10
13.0880098343,80.2901306152,76216,76226,10
13.0871496201,80.2897872925,76226,76236,10
13.0862598419,80.2895278931,76236,76246,10
13.0856304169,80.2891769409,76246,76256,10
13.0852203369,80.2883911133,76256,76266,10
13.0851402283,80.2874679565,76266,76277,11
13.0852203369,80.2862930298,76277,76287,10
13.0853395462,80.2852020264,76287,76297,10
13.0853004456,80.2843170166,76297,76307,10
13.0854501724,80.2837219238,76307,76337,30
13.0854501724,80.2837219238,76337,76347,10
13.0855503082,80.2835998535,76347,76358,11
13.0858201981,80.2835617065,76358,76368,10
13.0861997604,80.2835769653,76368,76378,10
13.086520195,80.2837219238,76378,76388,10
13.086810112,80.283782959,76388,76398,10
13.0870895386,80.283782959,76398,76408,10
13.0873403549,80.2837600708,76408,76418,10
13.0876197815,80.283782959,76418,76428,10
13.0878801346,80.2838516235,76428,77026,598
13.0878601074,80.2839202881,77026,77817,791
13.0878601074,80.2839202881,77817,77827,10
13.0880002975,80.2836990356,77827,77837,10
13.0881996155,80.2836227417,77837,77847,10
13.0882997513,80.2833709717,77847,77857,10
13.0882797241,80.2829208374,77857,77868,11
13.0883197784,80.2826766968,77868,77878,10
13.0882797241,80.2821807861,77878,77888,10
13.088060379,80.2816009521,77888,77898,10
13.0881996155,80.2814178467,77898,77908,10
13.0885400772,80.2816390991,77908,77918,10
13.0884504318,80.2821502686,77918,77928,10
13.0883197784,80.2827911377,77928,77938,10
13.0882701874,80.2835235596,77938,77949,11
13.0882797241,80.2842483521,77949,77959,10
13.088350296,80.2850570679,77959,77989,30
13.088350296,80.2850570679,77989,77999,10
13.0884599686,80.2852325439,77999,78009,10
13.0884799957,80.285697937,78009,78019,10
13.0885000229,80.2860794067,78019,78030,11
13.0884599686,80.2864990234,78030,78040,10
13.088470459,80.2869415283,78040,78050,10
13.0885295868,80.2874679565,78050,78060,10
13.0885696411,80.2877197266,78060,78070,10
13.0886297226,80.2883911133,78070,78080,10
13.0886602402,80.2886581421,78080,78090,10
13.0886802673,80.2891387939,78090,78100,10
13.0887298584,80.2898406982,78100,78110,10
13.0887098312,80.2903213501,78110,78131,21
13.0887098312,80.2903213501,78131,78141,10
13.0884599686,80.2905731201,78141,78151,10
13.0878896713,80.2901535034,78151,78161,10
13.0871200562,80.2897262573,78161,78171,10
13.0862598419,80.2894210815,78171,78181,10
13.085439682,80.2891769409,78181,78191,10
13.0847396851,80.2891921997,78191,78202,11
13.0837202072,80.2891998291,78202,78212,10
13.0827903748,80.289100647,78212,78222,10
13.0820198059,80.2887802124,78222,78232,10
13.0813102722,80.2884902954,78232,78242,10
13.0806102753,80.2882995605,78242,78252,10
13.0796899796,80.2880630493,78252,78262,10
13.0786304474,80.2876815796,78262,78272,10
13.0777196884,80.2874298096,78272,78282,10
13.0768098831,80.2872085571,78282,78293,11
13.0756397247,80.2868728638,78293,78303,10
13.0751399994,80.2866287231,78303,78313,10
13.0744400024,80.2861785889,78313,78323,10
13.0740203857,80.2860565186,78323,78333,10
13.0739803314,80.2860565186,78333,78343,10
13.0735797882,80.2859802246,78343,78353,10
13.0730600357,80.2857971191,78353,78363,10
13.0724000931,80.2854232788,78363,78374,11
13.0714502335,80.2851409912,78374,78384,10
13.0703697205,80.284866333,78384,78394,10
13.0693302155,80.2846221924,78394,78404,10
13.0684299469,80.2844085693,78404,78414,10
13.0676002502,80.2842788696,78414,78424,10
13.0665998459,80.2840805054,78424,78434,10
13.065580368,80.2838363647,78434,78444,10
13.0648002625,80.2836608887,78444,78455,11
13.0642595291,80.283531189,78455,78465,10
13.0637102127,80.2833862305,78465,78475,10
13.0629701614,80.283203125,78475,78485,10
13.0624704361,80.2830886841,78485,78495,10
13.0622797012,80.2830429077,78495,78505,10
13.0616998672,80.2828979492,78505,78515,10
13.0608901978,80.2827529907,78515,78525,10
13.0600004196,80.2825698853,78525,78535,10
13.0590600967,80.2823791504,78535,78546,11
13.0580997467,80.2821807861,78546,78556,10
13.0572795868,80.2819976807,78556,78566,10
13.0566797256,80.281867981,78566,78576,10
13.0566701889,80.281867981,78576,78586,10
13.0564699173,80.2818222046,78586,78596,10
13.0559501648,80.2817077637,78596,78606,10
13.0551595688,80.2815475464,78606,78616,10
13.0541801453,80.2813568115,78616,78627,11
13.0530595779,80.2811737061,78627,78637,10
13.0523796082,80.2810592651,78637,78647,10
13.0513601303,80.280921936,78647,78657,10
13.0504398346,80.2807922363,78657,78667,10
13.0501499176,80.28074646,78667,78677,10
13.0500202179,80.2807312012,78677,78687,10
13.0494804382,80.280632019,78687,78697,10
13.0486497879,80.2805099487,78697,78707,10
13.0475196838,80.2803421021,78707,78718,11
13.0466499329,80.2802200317,78718,78728,10
13.0458402634,80.280128479,78728,78738,10
13.0456399918,80.2801132202,78738,78748,10
13.0453996658,80.2800827026,78748,78758,10
13.0447797775,80.2799835205,78758,78768,10
13.0439596176,80.2798614502,78768,78778,10
13.0431604385,80.2797164917,78778,78788,10
13.0423603058,80.2795181274,78788,78799,11
13.041469574,80.2794036865,78799,78809,10
13.0406398773,80.2792282104,78809,78819,10
13.0397195816,80.279006958,78819,78829,10
13.0390501022,80.2788162231,78829,78839,10
13.0389795303,80.278793335,78839,78849,10
13.0385704041,80.2786331177,78849,78859,10
13.0378398895,80.2783966064,78859,78869,10
13.0373802185,80.2782669067,78869,78880,11
13.0367698669,80.2780838013,78880,78890,10
13.0361404419,80.2778396606,78890,78900,10
13.0354204178,80.2777099609,78900,78910,10
13.0346498489,80.2775802612,78910,78920,10
13.0339002609,80.2773895264,78920,78930,10
13.0335597992,80.2773208618,78930,78940,10
13.0331897736,80.2773895264,78940,78950,10
13.0327501297,80.2774505615,78950,78960,10
13.0323600769,80.2774734497,78960,78971,11
13.0318002701,80.2775497437,78971,78981,10
13.0311899185,80.2774505615,78981,78991,10
13.0306797028,80.2771377563,78991,79001,10
13.030090332,80.2768478394,79001,79011,10
13.029540062,80.2766723633,79011,79021,10
13.0290203094,80.2765274048,79021,79031,10
13.0288896561,80.2764663696,79031,79041,10
13.0284900665,80.2763290405,79041,79052,11
13.0277500153,80.2760162354,79052,79062,10
13.0270996094,80.2757492065,79062,79072,10
13.0264196396,80.2754135132,79072,79082,10
13.0259199142,80.2751617432,79082,79092,10
13.0259199142,80.2751464844,79092,79102,10
13.025639534,80.2750015259,79102,79112,10
13.0250196457,80.2747421265,79112,79122,10
13.0242500305,80.2743225098,79122,79183,61
13.0242500305,80.2743225098,79183,79193,10
13.0240402222,80.2738876343,79193,79203,10
13.0235996246,80.2733230591,79203,79213,10
13.0230703354,80.2726287842,79213,79224,11
13.0223903656,80.2717285156,79224,79234,10
13.021780014,80.2709274292,79234,79244,10
13.0212402344,80.2702484131,79244,79254,10
13.0208301544,80.2698287964,79254,79264,10
13.020819664,80.269821167,79264,79274,10
13.0207796097,80.2696685791,79274,79284,10
13.0204801559,80.2693786621,79284,79294,10
13.0199804306,80.2687606812,79294,79305,11
13.0192499161,80.2678527832,79305,79315,10
13.018699646,80.267036438,79315,79325,10
13.0185699463,80.2661972046,79325,79335,10
13.0186004639,80.2658233643,79335,79345,10
13.0187702179,80.2651824951,79345,79355,10
13.0189695358,80.2643966675,79355,79365,10
13.0189695358,80.2635803223,79365,79375,10
13.0189399719,80.2632598877,79375,79386,11
13.0188398361,80.2624969482,79386,79396,10
13.0187196732,80.261680603,79396,79406,10
13.0184602737,80.2611236572,79406,79416,10
13.0177297592,80.2606430054,79416,79426,10
13.0168399811,80.2600479126,79426,79436,10
13.0160799026,80.2596206665,79436,79446,10
13.0158996582,80.2595367432,79446,79456,10
13.0153102875,80.2593383789,79456,79466,10
13.0144796371,80.2592468262,79466,79477,11
13.0133800507,80.2592163086,79477,79487,10
13.0123996735,80.2591705322,79487,79497,10
13.0115404129,80.2591400146,79497,79507,10
13.0105695724,80.2591705322,79507,79517,10
13.0094900131,80.2591705322,79517,79527,10
13.008769989,80.2591705322,79527,79537,10
13.0084199905,80.259147644,79537,79547,10
13.0077400208,80.2593078613,79547,79558,11
13.0072402954,80.2589035034,79558,79568,10
13.0071401596,80.2586593628,79568,79578,10
13.0068902969,80.2581863403,79578,79588,10
13.0063896179,80.2576217651,79588,79598,10
13.0058002472,80.2574005127,79598,79608,10
13.0050601959,80.2572174072,79608,79618,10
13.0043201447,80.2570495605,79618,79628,10
13.0035400391,80.2568817139,79628,79638,10
13.0028400421,80.2567520142,79638,79649,11
13.0020399094,80.2565994263,79649,79659,10
13.0013399124,80.2565002441,79659,79669,10
13.0005998611,80.2563934326,79669,79679,10
12.9996700287,80.2562637329,79679,79689,10
12.9987201691,80.2560577393,79689,79730,41
12.9987201691,80.2560577393,79730,79740,10
12.998459816,80.2559814453,79740,79750,10
12.9981603622,80.2559509277,79750,79760,10
12.9979496002,80.2559280396,79760,79770,10
12.9978599548,80.2559127808,79770,79780,10
12.9976902008,80.2558670044,79780,79790,10
12.9973297119,80.2558898926,79790,79800,10
12.9968004227,80.2558822632,79800,79811,11
12.9960803986,80.255859375,79811,79821,10
12.9953603745,80.2558898926,79821,79831,10
12.9946699142,80.2559204102,79831,79841,10
12.9941997528,80.2559509277,79841,79851,10
12.9936800003,80.2559890747,79851,79861,10
12.9928503036,80.2560424805,79861,79871,10
12.9917898178,80.2560501099,79871,79881,10
12.9908704758,80.2560272217,79881,79891,10
12.9901103973,80.2559814453,79891,79902,11
12.9896802902,80.2560119629,79902,79912,10
12.989159584,80.2559814453,79912,79922,10
12.9886198044,80.2559509277,79922,79942,20
12.9886198044,80.2559509277,79942,79952,10
12.9884595871,80.2559432983,79952,79962,10
12.9881296158,80.2558822632,79962,79972,10
12.9878396988,80.2557983398,79972,79983,11
12.9878196716,80.2557983398,79983,79993,10
12.9875497818,80.2560424805,79993,80003,10
12.9875097275,80.2565765381,80003,80013,10
12.9874401093,80.2573165894,80013,80023,10
12.9873800278,80.2580718994,80023,80033,10
12.9873199463,80.2588500977,80033,80043,10
12.9872198105,80.2594909668,80043,80053,10
12.9870595932,80.2597732544,80053,80064,11
12.9864797592,80.259803772,80064,80074,10
12.9857301712,80.2596817017,80074,80084,10
12.9852199554,80.2596435547,80084,80094,10
12.985159874,80.2596282959,80094,80104,10
12.9849596024,80.2595901489,80104,80114,10
12.9844703674,80.2595214844,80114,80124,10
12.9836597443,80.2594833374,80124,80134,10
12.9830904007,80.2594223022,80134,80144,10
12.9826002121,80.2593917847,80144,80155,11
12.9815998077,80.2593231201,80155,80165,10
12.9806098938,80.2593002319,80165,80175,10
12.9798002243,80.2591781616,80175,80185,10
12.9788503647,80.2590637207,80185,80195,10
12.97797966,80.2590866089,80195,80205,10
12.9773702621,80.2591171265,80205,80215,10
12.9765796661,80.2591018677,80215,80225,10
12.9764404297,80.2590637207,80225,80236,11
12.9758796692,80.258972168,80236,80246,10
12.9753398895,80.2587585449,80246,80256,10
12.9745998383,80.2584991455,80256,80266,10
12.9738397598,80.2583236694,80266,80276,10
12.972990036,80.258140564,80276,80286,10
12.9720096588,80.2580490112,80286,80296,10
12.9711103439,80.2580566406,80296,80306,10
12.9702997208,80.2579193115,80306,80316,10
12.9696302414,80.2577209473,80316,80327,11
12.9694900513,80.2576599121,80327,80337,10
12.9690704346,80.2575302124,80337,80347,10
12.9684495926,80.2573699951,80347,80357,10
12.9678602219,80.2572097778,80357,80367,10
12.967040062,80.2570037842,80367,80377,10
12.9661502838,80.2568588257,80377,80387,10
12.9652204514,80.2566833496,80387,80397,10
12.9643201828,80.2565383911,80397,80408,11
12.9637203217,80.2564697266,80408,80418,10
12.9633398056,80.2564315796,80418,80428,10
12.9625301361,80.2563781738,80428,80438,10
12.9616804123,80.2562408447,80438,80448,10
12.9609804153,80.2561035156,80448,80458,10
12.9609298706,80.2560882568,80458,80468,10
12.9606599808,80.2560501099,80468,80478,10
12.9599304199,80.2558898926,80478,80489,11
12.9588403702,80.2556381226,80489,80499,10
12.957859993,80.2554168701,80499,80509,10
12.9566898346,80.2552337646,80509,80519,10
12.9555597305,80.2551803589,80519,80529,10
12.9547700882,80.2551574707,80529,80539,10
12.9541397095,80.2551422119,80539,80549,10
12.9540395737,80.2551422119,80549,80559,10
12.9537801743,80.2551269531,80559,80569,10
12.9533500671,80.2551193237,80569,80580,11
12.9524097443,80.2550811768,80580,80590,10
12.9513196945,80.255027771,80590,80600,10
12.950460434,80.254989624,80600,80610,10
12.9502601624,80.2549514771,80610,80620,10
12.9497299194,80.2547988892,80620,80630,10
12.9489202499,80.2546005249,80630,80640,10
12.9478998184,80.2543106079,80640,80650,10
12.9468698502,80.2540435791,80650,80661,11
12.945599556,80.2538223267,80661,80671,10
12.9444999695,80.2536773682,80671,80681,10
12.9434099197,80.2535018921,80681,80691,10
12.9424600601,80.2533187866,80691,80701,10
12.9420795441,80.2532806396,80701,80711,10
12.9420003891,80.2532272339,80711,80721,10
12.9415597916,80.2531814575,80721,80731,10
12.940870285,80.2530517578,80731,80742,11
12.9398899078,80.2528533936,80742,80752,10
12.9384002686,80.2527236938,80752,80772,20
12.9384002686,80.2527236938,80772,80782,10
12.938249588,80.2526626587,80782,80792,10
12.9376602173,80.2525177002,80792,80802,10
12.9367399216,80.2524032593,80802,80812,10
12.9356603622,80.2522888184,80812,80822,10
12.9345397949,80.2521591187,80822,80833,11
12.9333896637,80.2520599365,80833,80843,10
12.9322900772,80.2519073486,80843,80853,10
12.931139946,80.2517623901,80853,80863,10
12.9301996231,80.2516403198,80863,80873,10
12.9293403625,80.2515716553,80873,80883,10
12.9283895493,80.2514801025,80883,80893,10
12.9274396896,80.2513809204,80893,80903,10
12.9272603989,80.2513580322,80903,80914,11
12.926659584,80.2512969971,80914,80924,10
12.9257698059,80.2512130737,80924,80934,10
12.9247503281,80.2511825562,80934,80944,10
12.9237098694,80.251121521,80944,80954,10
12.9226398468,80.2510375977,80954,80964,10
12.9215097427,80.2511672974,80964,80974,10
12.9203300476,80.2513580322,80974,80985,11
12.9188404083,80.2508621216,80985,81007,22
12.9188404083,80.2508621216,81007,81017,10
12.9186697006,80.2508087158,81017,81027,10
12.9181404114,80.2507095337,81027,81037,10
12.9173002243,80.2505874634,81037,81048,11
12.9163503647,80.25050354,81048,81057,9
12.9154701233,80.2504730225,81057,81068,11
12.9146795273,80.2504196167,81068,81240,172
12.9146795273,80.2504196167,81240,81251,11
12.9145402908,80.2502975464,81251,81261,10
12.9146795273,80.2502593994,81261,81271,10
12.9149398804,80.2502975464,81271,81281,10
12.9153203964,80.250328064,81281,81291,10
12.9159002304,80.2503814697,81291,81301,10
12.9166002274,80.2504425049,81301,81311,10
12.9172897339,80.2505187988,81311,81321,10
12.9180698395,80.2506332397,81321,81331,10
12.9188604355,80.2507781982,81331,81342,11
12.919549942,80.2510223389,81342,81352,10
12.9198503494,80.2511291504,81352,81362,10
12.9201402664,80.2512283325,81362,81817,455
12.9201402664,80.2512283325,81817,81827,10
12.9203796387,80.2512969971,81827,81838,11
12.9208698273,80.2513122559,81838,81848,10
12.921380043,80.2511825562,81848,81858,10
12.9220504761,80.2510375977,81858,81868,10
12.9223604202,80.2509918213,81868,81878,10
12.9228096008,80.2510070801,81878,81888,10
12.9236001968,80.251083374,81888,81898,10
12.9243602753,80.251121521,81898,81908,10
12.925239563,80.2511291504,81908,81919,11
12.9262695313,80.2511901855,81919,81929,10
12.9272899628,80.2512893677,81929,81939,10
12.9281396866,80.2513809204,81939,81949,10
12.9289999008,80.251449585,81949,81959,10
12.9300003052,80.2515716553,81959,81969,10
12.9309396744,80.2516784668,81969,81979,10
12.9318304062,80.2517776489,81979,81989,10
12.9327602386,80.2519073486,81989,81999,10
12.9337100983,80.2520217896,81999,82010,11
12.9347000122,80.2521209717,82010,82020,10
12.9357595444,80.2522583008,82020,82030,10
12.9366798401,80.2523574829,82030,82040,10
12.9375295639,80.2524719238,82040,82050,10
12.9384002686,80.2526016235,82050,82060,10
12.9388799667,80.2526779175,82060,82070,10
12.9395799637,80.2527770996,82070,82080,10
12.9404201508,80.2528915405,82080,82091,11
12.9413995743,80.253112793,82091,82101,10
12.94231987,80.2532501221,82101,82111,10
12.9431400299,80.2533569336,82111,82121,10
12.9439496994,80.2535018921,82121,82131,10
12.9449796677,80.253692627,82131,82141,10
12.9460096359,80.2538223267,82141,82151,10
12.9469203949,80.2539825439,82151,82161,10
12.9477996826,80.2542495728,82161,82171,10
12.9486198425,80.2545013428,82171,82182,11
12.9496202469,80.2547912598,82182,82192,10
12.9504995346,80.2549972534,82192,82202,10
12.9512796402,80.2550506592,82202,82212,10
12.9525899887,80.2550964355,82212,82222,10
12.9535999298,80.2551116943,82222,82232,10
12.9543895721,80.2551193237,82232,82242,10
12.9553203583,80.2551422119,82242,82252,10
12.9562501907,80.2551574707,82252,82263,11
12.9572000504,80.255279541,82263,82273,10
12.9581003189,80.2554397583,82273,82283,10
12.958990097,80.2556228638,82283,82293,10
12.9597797394,80.2557907104,82293,82303,10
12.9606599808,80.2559814453,82303,82313,10
12.961400032,80.2561569214,82313,82323,10
12.9621200562,80.2563400269,82323,82333,10
12.9631004333,80.2564620972,82333,82344,11
12.9639596939,80.2565002441,82344,82354,10
12.9647703171,80.2565765381,82354,82364,10
12.9655303955,80.2566986084,82364,82374,10
12.9662799835,80.2568511963,82374,82384,10
12.9671897888,80.2570266724,82384,82394,10
12.968170166,80.2572784424,82394,82404,10
12.969039917,80.2575302124,82404,82414,10
12.9697999954,80.2577819824,82414,82424,10
12.9707899094,80.2580718994,82424,82435,11
12.9719104767,80.258102417,82435,82445,10
12.9728002548,80.258102417,82445,82455,10
12.9736604691,80.2582778931,82455,82465,10
12.9744701385,80.2584762573,82465,82475,10
12.9753198624,80.2587432861,82475,82485,10
12.9761400223,80.258972168,82485,82495,10
12.9770202637,80.2591094971,82495,82505,10
12.9778995514,80.2591094971,82505,82516,11
12.9788799286,80.2590789795,82516,82526,10
12.9798297882,80.2592010498,82526,82536,10
12.9806804657,80.2593002319,82536,82546,10
12.9816598892,80.2593536377,82546,82556,10
12.9825801849,80.2593917847,82556,82566,10
12.9833602905,80.2594070435,82566,82576,10
12.9839200974,80.259437561,82576,82586,10
12.9839897156,80.2592926025,82586,82596,10
12.9839801788,80.2588500977,82596,82607,11
12.9840497971,80.2580032349,82607,82617,10
12.9844198227,80.2578201294,82617,82627,10
12.9852800369,80.2577972412,82627,82637,10
12.986240387,80.2578201294,82637,82647,10
12.9869699478,80.2579421997,82647,82677,30
12.9870901108,80.2580108643,82677,82799,122
12.9870901108,80.2580108643,82799,82809,10
12.9874000549,80.2579421997,82809,82819,10
12.9874401093,80.2574768066,82819,82829,10
12.9874897003,80.2570266724,82829,82839,10
12.9875497818,80.2565231323,82839,82849,10
12.9875898361,80.2558517456,82849,82890,41
12.9875898361,80.2558517456,82890,82900,10
12.9877195358,80.2558670044,82900,82910,10
12.9876203537,80.2561035156,82910,82920,10
12.9875898361,80.2565536499,82920,82930,10
12.9875297546,80.257019043,82930,82941,11
12.9874897003,80.257598877,82941,82951,10
12.987449646,80.2580795288,82951,82961,10
12.9874200821,80.2583465576,82961,83123,162
12.9872303009,80.2585525513,83123,83264,141
12.9872303009,80.2586212158,83264,83345,81
12.9872303009,80.2586212158,83345,83355,10
