12.9978399277,80.256980896,18,1785,1767
12.9978399277,80.256980896,1785,1795,10
12.9980401993,80.2571563721,1795,1805,10
12.9983797073,80.2570114136,1805,1815,10
12.9982995987,80.256477356,1815,3299,1484
12.9982995987,80.256477356,3299,3309,10
12.998290062,80.256401062,3309,3319,10
12.9981098175,80.2563171387,3319,4652,1333
12.9979095459,80.2563781738,4652,4864,212
12.9979496002,80.2563476563,4864,7430,2566
12.9979496002,80.2563476563,7430,7440,10
12.9976997375,80.2564163208,7440,7450,10
12.9977397919,80.2568435669,7450,7612,162
12.9977397919,80.2568435669,7612,7622,10
12.9977703094,80.256942749,7622,7733,111
12.9977703094,80.256942749,7733,7743,10
12.997759819,80.2571411133,7743,7753,10
12.9981002808,80.2571716309,7753,8468,715
12.9983196259,80.2570724487,8468,9054,586
12.9983196259,80.2570724487,9054,9064,10
12.9983501434,80.2569580078,9064,10892,1828
12.9982404709,80.2571182251,10892,12547,1655
12.9983501434,80.2571411133,12547,19477,6930
12.9981298447,80.2570800781,19477,24171,4694
12.9981298447,80.2570800781,24171,24181,10
12.9979295731,80.2570495605,24181,24191,10
12.9977502823,80.2566833496,24191,24351,160
12.9977502823,80.2566833496,24351,24361,10
12.9977502823,80.256187439,24361,24472,111
12.9977502823,80.256187439,24472,24482,10
12.9976701736,80.255897522,24482,24492,10
12.9974002838,80.255897522,24492,24502,10
12.997130394,80.2558898926,24502,24512,10
12.9968500137,80.2558898926,24512,24522,10
12.9963302612,80.2558898926,24522,24533,11
12.9956598282,80.2558898926,24533,24543,10
12.9950399399,80.2559127808,24543,24553,10
12.9944095612,80.2559509277,24553,24563,10
12.9937696457,80.2560195923,24563,24573,10
12.9930095673,80.2560577393,24573,24583,10
12.9921998978,80.2560806274,24583,24593,10
12.9914398193,80.2560424805,24593,24603,10
12.9907398224,80.2560272217,24603,24613,10
12.9900903702,80.2559967041,24613,24623,10
12.9894304276,80.2559814453,24623,24634,11
12.9886598587,80.255897522,24634,24644,10
12.9877996445,80.2557907104,24644,24714,70
12.9877996445,80.2557907104,24714,24724,10
12.9874601364,80.2557067871,24724,24735,11
12.9866895676,80.2555999756,24735,24745,10
12.9858102798,80.2554092407,24745,24755,10
12.9848804474,80.2552337646,24755,24765,10
12.9841604233,80.2550430298,24765,24775,10
12.9832496643,80.2547683716,24775,24785,10
12.9823904037,80.2545318604,24785,24795,10
12.9819602966,80.2539672852,24795,24805,10
12.9817800522,80.2531814575,24805,24815,10
12.981300354,80.2527770996,24815,24825,10
12.9804601669,80.2527770996,24825,24836,11
12.9794998169,80.2526779175,24836,24846,10
12.9786500931,80.252571106,24846,24856,10
12.97797966,80.2520904541,24856,24866,10
12.9771003723,80.2514266968,24866,24876,10
12.9760398865,80.2510681152,24876,24886,10
12.9749298096,80.2507324219,24886,24896,10
12.973859787,80.2504425049,24896,24906,10
12.9727201462,80.2501373291,24906,24916,10
12.9715099335,80.2498168945,24916,24926,10
12.9703998566,80.2494888306,24926,24936,10
12.9693098068,80.2490615845,24936,24947,11
12.9680404663,80.2485580444,24947,24957,10
12.9669399261,80.2480773926,24957,24967,10
12.9658403397,80.2475814819,24967,24977,10
12.9651699066,80.2473602295,24977,24987,10
12.9650201797,80.2473068237,24987,24997,10
12.9644603729,80.2471084595,24997,25007,10
12.9635801315,80.2467727661,25007,25023,16
12.9617900848,80.245880127,25023,25035,12
12.9604797363,80.2452468872,25035,25043,8
12.95952034,80.2448196411,25043,25056,13
12.9580898285,80.2442016602,25056,25066,10
12.9573602676,80.2439575195,25066,25076,10
12.9566402435,80.2437820435,25076,25085,9
12.956410408,80.2436981201,25085,25095,10
12.9561901093,80.2436294556,25095,25106,11
12.955450058,80.2432022095,25106,25116,10
12.9546098709,80.2427978516,25116,25126,10
12.9537200928,80.2424087524,25126,25136,10
12.9526395798,80.2419815063,25136,25147,11
12.951499939,80.2415771484,25147,25157,10
12.9504804611,80.2412185669,25157,25167,10
12.9494600296,80.2409286499,25167,25177,10
12.9488296509,80.2406997681,25177,25187,10
12.9479799271,80.2403564453,25187,25197,10
12.9472503662,80.2400817871,25197,25207,10
12.9470796585,80.2399978638,25207,25217,10
12.9466199875,80.2397994995,25217,25227,10
12.9458303452,80.2394638062,25227,25237,10
12.9449100494,80.2388000488,25237,25248,11
12.9439201355,80.237739563,25248,25258,10
12.9429998398,80.2368164063,25258,25268,10
12.941740036,80.236289978,25268,25278,10
12.9405498505,80.236000061,25278,25288,10
12.9397697449,80.2357788086,25288,25298,10
12.9396600723,80.2357330322,25298,25308,10
12.9392004013,80.2355194092,25308,25318,10
12.9384002686,80.2350997925,25318,25328,10
12.9373397827,80.2345733643,25328,25338,10
12.9361896515,80.2340164185,25338,25348,10
12.9351301193,80.2335205078,25348,25365,17
12.9339399338,80.2330093384,25365,25377,12
12.9336004257,80.2328262329,25377,25387,10
12.9328699112,80.2325134277,25387,25397,10
12.9318399429,80.2321395874,25397,25407,10
12.9305896759,80.2317276001,25407,25417,10
12.9295196533,80.2314605713,25417,25427,10
12.9283704758,80.2312469482,25427,25436,9
12.9272003174,80.2311172485,25436,25446,10
12.9263296127,80.2310180664,25446,25458,12
12.9259901047,80.2309799194,25458,25467,9
12.9254398346,80.2309036255,25467,25478,11
12.9245195389,80.2307891846,25478,25488,10
12.9234895706,80.2306594849,25488,25498,10
12.9222898483,80.2304763794,25498,25508,10
12.9209499359,80.2303009033,25508,25518,10
12.9193096161,80.230140686,25518,25538,20
12.9193096161,80.230140686,25538,25548,10
12.9189195633,80.2300796509,25548,25559,11
12.9180402756,80.2299499512,25559,25569,10
12.9169397354,80.2297897339,25569,25579,10
12.9157896042,80.2296218872,25579,25589,10
12.9146003723,80.2294616699,25589,25599,10
12.9133701324,80.2293167114,25599,25619,20
12.9133701324,80.2293167114,25619,25629,10
12.9129600525,80.2292175293,25629,25639,10
12.912150383,80.229133606,25639,25649,10
12.9110202789,80.2289733887,25649,25660,11
12.9095897675,80.2287368774,25660,25670,10
12.9082603455,80.2285232544,25670,25680,10
12.9070501328,80.2283630371,25680,25690,10
12.9062900543,80.2283172607,25690,25700,10
12.9061899185,80.2282867432,25700,25710,10
12.9056901932,80.2282562256,25710,25720,10
12.9048099518,80.2282028198,25720,25730,10
12.9036197662,80.2281417847,25730,25740,10
12.9022798538,80.2280502319,25740,25750,10
12.9010095596,80.2279815674,25750,25760,10
12.8992795944,80.2279205322,25760,25781,21
12.8992795944,80.2279205322,25781,25791,10
12.8990802765,80.227897644,25791,25801,10
12.8984603882,80.2278366089,25801,25811,10
12.8975496292,80.2277908325,25811,25821,10
12.8963699341,80.2277069092,25821,25831,10
12.8950300217,80.2276535034,25831,25841,10
12.8938102722,80.2276229858,25841,25851,10
12.8932800293,80.2275619507,25851,25861,10
12.8932600021,80.2275619507,25861,25872,11
12.8927898407,80.2274780273,25872,25882,10
12.891960144,80.2274093628,25882,25892,10
12.8908195496,80.2274017334,25892,25902,10
12.8894796371,80.2273864746,25902,25912,10
12.888130188,80.2273483276,25912,25922,10
12.8868598938,80.227180481,25922,25932,10
12.8855695724,80.226852417,25932,25942,10
12.8848695755,80.2267608643,25942,25952,10
12.8847999573,80.2267837524,25952,25962,10
12.8843898773,80.2267837524,25962,25973,11
12.8834495544,80.2267608643,25973,25982,9
12.8824195862,80.2267608643,25982,25993,11
12.8809499741,80.2267684937,25993,26003,10
12.8795499802,80.2267837524,26003,26013,10
12.8781404495,80.226852417,26013,26023,10
12.8769397736,80.2269592285,26023,26033,10
12.8764295578,80.2264633179,26033,26053,20
12.8764295578,80.2264633179,26053,26063,10
12.8764600754,80.2261810303,26063,26074,11
12.8765296936,80.225479126,26074,26084,10
12.8766403198,80.2246170044,26084,26094,10
12.8767995834,80.2236633301,26094,26104,10
12.8770503998,80.2226028442,26104,26114,10
12.877289772,80.2215805054,26114,26124,10
12.8775596619,80.2204437256,26124,26134,10
12.8778400421,80.2192001343,26134,26144,10
12.8780899048,80.2180633545,26144,26154,10
12.8783302307,80.2168502808,26154,26164,10
12.8785600662,80.2157363892,26164,26174,10
12.8788404465,80.2144470215,26174,26191,17
12.8792600632,80.2121582031,26191,26203,12
12.8794002533,80.2110595703,26203,26211,8
12.879070282,80.2109375,26211,26222,11
12.8790302277,80.2109298706,26222,26234,12
12.8786001205,80.2108535767,26234,26244,10
12.877820015,80.2107009888,26244,26254,10
12.8770103455,80.2105484009,26254,26264,10
12.8762702942,80.2104110718,26264,26274,10
12.8754501343,80.2102813721,26274,26284,10
12.8744697571,80.2100982666,26284,26305,21
12.8744697571,80.2100982666,26305,26315,10
12.8743896484,80.2100067139,26315,26325,10
12.874420166,80.2096786499,26325,26335,10
12.8746700287,80.2095718384,26335,26345,10
12.8747396469,80.2098770142,26345,26497,152
12.8747396469,80.2098770142,26497,26507,10
12.8747301102,80.2100601196,26507,26537,30
12.8747301102,80.2100601196,26537,26547,10
12.8749799728,80.2102279663,26547,26557,10
12.8750801086,80.2102432251,26557,26567,10
12.8754501343,80.2103118896,26567,26577,10
12.8760004044,80.2104034424,26577,26588,11
12.876709938,80.2105331421,26588,26598,10
12.8774003983,80.2106628418,26598,26608,10
12.8788499832,80.2109222412,26608,26618,10
12.8788499832,80.2109222412,26618,26628,10
12.8792295456,80.2109985352,26628,26638,10
12.8792800903,80.2109985352,26638,26648,10
12.8793201447,80.2110214233,26648,26658,10
12.8795204163,80.2112426758,26658,26668,10
12.8794403076,80.2116775513,26668,26678,10
12.8793296814,80.2122421265,26678,26692,14
12.8791599274,80.2131271362,26692,26702,10
12.8790197372,80.2138214111,26702,26712,10
12.8788995743,80.2145004272,26712,26722,10
12.8787603378,80.215171814,26722,26732,10
12.8786001205,80.2158966064,26732,26742,10
12.8784399033,80.2166290283,26742,26752,10
12.8782997131,80.217376709,26752,26762,10
12.8781604767,80.2181625366,26762,26772,10
12.877989769,80.2189483643,26772,26782,10
12.8777999878,80.2197570801,26782,26792,10
12.8776302338,80.2205429077,26792,26803,11
12.8774595261,80.221321106,26803,26811,8
12.8773202896,80.2219009399,26811,26824,13
12.8771295547,80.2227935791,26824,26834,10
12.8769798279,80.2234573364,26834,26844,10
12.876830101,80.2241210938,26844,26854,10
12.8767204285,80.2248001099,26854,26864,10
12.8766298294,80.2255401611,26864,26874,10
12.8765201569,80.2262420654,26874,26884,10
12.8764896393,80.226852417,26884,26904,20
12.8764896393,80.226852417,26904,26915,11
12.8765897751,80.2269592285,26915,26925,10
12.8770399094,80.2269134521,26925,26935,10
12.8778600693,80.2268371582,26935,26945,10
12.8788795471,80.2267608643,26945,26955,10
12.8800401688,80.2267227173,26955,26965,10
12.8812799454,80.2266921997,26965,26975,10
12.8824796677,80.2266769409,26975,26985,10
12.8837404251,80.2266616821,26985,26995,10
12.8848600388,80.2266311646,26995,27005,10
12.8852100372,80.2266387939,27005,27016,11
12.8853998184,80.2266693115,27016,27026,10
12.8860197067,80.2268218994,27026,27036,10
12.8868999481,80.2270584106,27036,27046,10
12.8878898621,80.2272262573,27046,27056,10
12.8885202408,80.2272567749,27056,27066,10
12.8885803223,80.2272567749,27066,27076,10
12.8890600204,80.2272796631,27076,27086,10
12.8898897171,80.2272796631,27086,27096,10
12.8909702301,80.2273025513,27096,27106,10
12.8920297623,80.2273101807,27106,27116,10
12.8929300308,80.2273635864,27116,27127,11
12.8939599991,80.2274780273,27127,27137,10
12.8941001892,80.2274780273,27137,27147,10
12.8942899704,80.2275085449,27147,27156,9
12.8948297501,80.2275466919,27156,27167,11
12.8957996368,80.2276000977,27167,27177,10
12.8970003128,80.2276611328,27177,27187,10
12.8983201981,80.2277374268,27187,27197,10
12.8994598389,80.2277908325,27197,27207,10
12.9001998901,80.2278213501,27207,27217,10
12.9005804062,80.2278594971,27217,27227,10
12.9011297226,80.2278823853,27227,27238,11
12.9020299911,80.2279281616,27238,27248,10
12.902680397,80.2279510498,27248,27261,13
12.9027204514,80.2279586792,27261,27271,10
12.902879715,80.2279663086,27271,27281,10
12.9035100937,80.2280197144,27281,27291,10
12.9043998718,80.2280578613,27291,27301,10
12.9054803848,80.2281112671,27301,27311,10
12.9062404633,80.2281417847,27311,27321,10
12.9064903259,80.2281570435,27321,27331,10
12.9068899155,80.2282028198,27331,27342,11
12.9070100784,80.2282180786,27342,27352,10
12.9075603485,80.2282791138,27352,27362,10
12.9084796906,80.2284164429,27362,27372,10
12.9096403122,80.2286224365,27372,27382,10
12.9108104706,80.2288284302,27382,27391,9
12.9120197296,80.2289962769,27391,27401,10
12.9131002426,80.2291412354,27401,27412,11
12.9138898849,80.2292404175,27412,27432,20
12.9138898849,80.2292404175,27432,27443,11
12.9142198563,80.2293167114,27443,27453,10
12.9147100449,80.2293777466,27453,27463,10
12.9155302048,80.2294921875,27463,27473,10
12.9166402817,80.229637146,27473,27483,10
12.9177799225,80.2297897339,27483,27493,10
12.9189395905,80.2299575806,27493,27503,10
12.9195604324,80.2299880981,27503,27513,10
12.9196901321,80.2300109863,27513,27523,10
12.9202604294,80.2300872803,27523,27533,10
12.9211196899,80.2302093506,27533,27544,11
12.9223604202,80.2304000854,27544,27554,10
12.9236698151,80.2305908203,27554,27563,9
12.9248895645,80.2307510376,27563,27574,11
12.9257802963,80.2308120728,27574,27583,9
12.9262399673,80.2308731079,27583,27594,11
12.9263296127,80.2308883667,27594,27603,9
12.9266796112,80.2309417725,27603,27614,11
12.9276199341,80.2310562134,27614,27624,10
12.9286804199,80.2312011719,27624,27634,10
12.9299201965,80.2314834595,27634,27645,11
12.9313802719,80.231880188,27645,27655,10
12.9325799942,80.2322769165,27655,27665,10
12.9334001541,80.2325973511,27665,27675,10
12.9335899353,80.2326889038,27675,27685,10
12.9338903427,80.2328567505,27685,27695,10
12.9346599579,80.2332000732,27695,27705,10
12.9356203079,80.2336425781,27705,27715,10
12.9367704391,80.2341995239,27715,27725,10
12.9380197525,80.2348175049,27725,27736,11
12.9392795563,80.2354202271,27736,27746,10
12.9397201538,80.2356185913,27746,27756,10
12.9398202896,80.2356796265,27756,27766,10
12.9399995804,80.2357635498,27766,27776,10
12.940580368,80.2359466553,27776,27786,10
12.9414196014,80.2361602783,27786,27796,10
12.9425001144,80.2364425659,27796,27806,10
12.9433603287,80.2369613647,27806,27816,10
12.9436798096,80.2372589111,27816,27826,10
12.943860054,80.2374725342,27826,27837,11
12.9443998337,80.238067627,27837,27847,10
12.945110321,80.2388534546,27847,27857,10
12.9461402893,80.2395019531,27857,27867,10
12.9469604492,80.2398300171,27867,27877,10
12.9472198486,80.2399368286,27877,27894,17
12.9479103088,80.2402420044,27894,27906,12
12.9489002228,80.2406463623,27906,27914,8
12.949669838,80.2409210205,27914,27926,12
12.9507398605,80.2412261963,27926,27937,11
12.9510602951,80.241317749,27937,27947,10
12.9511604309,80.2413482666,27947,27957,10
12.9516401291,80.2415313721,27957,27967,10
12.9524202347,80.2418212891,27967,27977,10
12.9533996582,80.2422027588,27977,27987,10
12.9543104172,80.2425765991,27987,27997,10
12.9550104141,80.2428512573,27997,28007,10
12.955739975,80.2431030273,28007,28017,10
12.9562101364,80.2432937622,28017,28027,10
12.9563703537,80.2433624268,28027,28038,11
12.956580162,80.2434234619,28038,28048,10
12.9570798874,80.2436599731,28048,28058,10
12.9577798843,80.2439880371,28058,28068,10
12.9586000443,80.2443008423,28068,28078,10
12.9589195251,80.244430542,28078,28088,10
12.9589500427,80.2444763184,28088,28098,10
12.9593400955,80.244682312,28098,28108,10
12.9600696564,80.2450027466,28108,28118,10
12.9610004425,80.2454299927,28118,28128,10
12.9621200562,80.2459716797,28128,28139,11
12.9631004333,80.2464523315,28139,28149,10
12.9635400772,80.2466812134,28149,28159,10
12.964099884,80.2469177246,28159,28169,10
12.9648704529,80.2471923828,28169,28179,10
12.9657402039,80.2474899292,28179,28189,10
12.9664201736,80.2477416992,28189,28199,10
12.9666004181,80.2478103638,28199,28209,10
12.9666900635,80.2479095459,28209,28219,10
12.9672203064,80.2481918335,28219,28229,10
12.9680700302,80.2485427856,28229,28240,11
12.969329834,80.2490386963,28240,28250,10
12.9706201553,80.2495269775,28250,28260,10
12.9720201492,80.2499084473,28260,28270,10
12.9734096527,80.2502822876,28270,28280,10
12.974729538,80.2506484985,28280,28290,10
12.975979805,80.2510070801,28290,28300,10
12.9771003723,80.2513504028,28300,28310,10
12.9781198502,80.2520599365,28310,28326,16
12.9796800613,80.252571106,28326,28338,12
12.9799804688,80.2523269653,28338,28349,11
12.9800100327,80.2521820068,28349,28359,10
12.9801397324,80.2516937256,28359,28369,10
12.9803800583,80.2508926392,28369,28379,10
12.9806404114,80.2498168945,28379,28389,10
12.9807901382,80.2485198975,28389,28399,10
12.9808797836,80.2473602295,28399,28409,10
12.9810304642,80.2458496094,28409,28419,10
12.9812002182,80.2444534302,28419,28429,10
12.9812698364,80.2436676025,28429,28439,10
12.9813699722,80.2432022095,28439,28450,11
12.9813804626,80.2427978516,28450,28460,10
12.9813995361,80.2425537109,28460,28470,10
12.9813804626,80.2419204712,28470,28480,10
12.9813804626,80.2410202026,28480,28490,10
12.9813604355,80.2400436401,28490,28500,10
12.9813404083,80.2391967773,28500,28510,10
12.981300354,80.2383422852,28510,28520,10
12.9812803268,80.237953186,28520,28530,10
12.9812803268,80.2379226685,28530,28540,10
12.9812803268,80.2375106812,28540,28551,11
12.9812602997,80.236656189,28551,28561,10
12.9812297821,80.2357177734,28561,28571,10
12.9812097549,80.2346420288,28571,28581,10
12.9814395905,80.2337417603,28581,28591,10
12.9816503525,80.2333297729,28591,28601,10
12.9816703796,80.2332992554,28601,28611,10
12.9818296432,80.2329711914,28611,28621,10
12.9820203781,80.2323608398,28621,28631,10
12.9820203781,80.2319030762,28631,28641,10
12.9819803238,80.2314987183,28641,28652,11
12.9818201065,80.2309417725,28652,28662,10
12.9815702438,80.2304229736,28662,28672,10
12.9811401367,80.2297286987,28672,28682,10
12.980890274,80.2293319702,28682,28692,10
12.9806804657,80.2290267944,28692,28702,10
12.9806499481,80.2289733887,28702,28712,10
12.9804601669,80.2286529541,28712,28722,10
12.9802799225,80.2282409668,28722,28732,10
12.979929924,80.2276763916,28732,28742,10
12.9794397354,80.2268829346,28742,28752,10
12.9788999557,80.2259597778,28752,28763,11
12.9783000946,80.2249832153,28763,28773,10
12.9778995514,80.2244567871,28773,28783,10
12.9778299332,80.2243270874,28783,28793,10
12.9776201248,80.2239608765,28793,28803,10
12.977230072,80.2233200073,28803,28813,10
12.9769601822,80.2228393555,28813,28823,10
12.9771003723,80.2226867676,28823,28833,10
12.9771795273,80.2226715088,28833,28843,10
12.9774503708,80.22265625,28843,28853,10
12.9775400162,80.2223968506,28853,28864,11
12.977519989,80.2217407227,28864,28874,10
12.9774999619,80.221282959,28874,28884,10
12.9778795242,80.2212219238,28884,28894,10
12.9786100388,80.2211914063,28894,28910,16
12.9800195694,80.2210769653,28910,28922,12
12.981089592,80.2210617065,28922,28932,10
12.9816904068,80.2213592529,28932,28942,10
12.9822597504,80.2217025757,28942,28952,10
12.9829397202,80.2219161987,28952,28962,10
12.9829998016,80.2219390869,28962,28972,10
12.9832801819,80.2221374512,28972,28982,10
12.983590126,80.2223587036,28982,28993,11
12.9841499329,80.2226867676,28993,29003,10
12.9847898483,80.2230987549,29003,29013,10
12.9853401184,80.2232894897,29013,29023,10
12.9858198166,80.2229919434,29023,29033,10
12.9864997864,80.2229614258,29033,29043,10
12.9866399765,80.2229690552,29043,29053,10
12.9870300293,80.2230300903,29053,29063,10
12.9873800278,80.2230834961,29063,29074,11
12.9881401062,80.2228469849,29074,29085,11
12.9889097214,80.2221298218,29085,29095,10
12.9893198013,80.2216110229,29095,29105,10
12.989780426,80.2209777832,29105,29115,10
12.9904603958,80.2203598022,29115,29125,10
12.9906196594,80.2202529907,29125,29135,10
12.9909801483,80.2199630737,29135,29145,10
12.9916801453,80.2194595337,29145,29155,10
12.9925298691,80.2188262939,29155,29166,11
12.9934902191,80.2181396484,29166,29176,10
12.9942998886,80.2175827026,29176,29186,10
12.9950799942,80.2170181274,29186,29196,10
12.9959096909,80.2166366577,29196,29206,10
12.9968996048,80.2164764404,29206,29216,10
12.9974403381,80.2162094116,29216,29226,10
12.9976301193,80.2160415649,29226,29236,10
12.9976997375,80.2159881592,29236,29246,10
12.9980602264,80.2156829834,29246,29256,10
12.9986600876,80.2151107788,29256,29267,11
12.9991397858,80.2147216797,29267,29277,10
12.9995203018,80.2144012451,29277,29287,10
12.9999904633,80.214012146,29287,29297,10
13.0005502701,80.2134933472,29297,29307,10
13.0012598038,80.2129364014,29307,29317,10
13.0020399094,80.2123794556,29317,29327,10
13.0029001236,80.2120666504,29327,29337,10
13.0036497116,80.2119827271,29337,29347,10
13.0037403107,80.2116928101,29347,29357,10
13.0037097931,80.2110290527,29357,29367,10
13.0036001205,80.2101669312,29367,29378,11
13.0036201477,80.2092208862,29378,29388,10
13.0039396286,80.2086105347,29388,29398,10
13.0047197342,80.2089233398,29398,29408,10
13.0055999756,80.2092971802,29408,29418,10
13.0064601898,80.209602356,29418,29428,10
13.0071201324,80.2097625732,29428,29458,30
13.0071201324,80.2097625732,29458,29468,10
13.007349968,80.2097473145,29468,29484,16
13.0078897476,80.2098999023,29484,29497,13
13.0081596375,80.2095565796,29497,29507,10
13.0080404282,80.2089691162,29507,29517,10
13.0078401566,80.2077636719,29517,29526,9
13.0076599121,80.206817627,29526,29537,11
13.0075397491,80.2055130005,29537,29547,10
13.0075502396,80.2043380737,29547,29557,10
13.0074300766,80.2033615112,29557,29568,11
13.0069799423,80.2025222778,29568,29578,10
13.0065803528,80.2031402588,29578,29589,11
13.0074501038,80.2036590576,29589,29600,11
13.0085601807,80.2037277222,29600,29609,9
13.0095796585,80.2036590576,29609,29620,11
13.0107498169,80.2036590576,29620,29630,10
13.0120897293,80.2038116455,29630,29640,10
13.0131797791,80.2040328979,29640,29650,10
13.0137195587,80.2043228149,29650,29660,10
13.0136604309,80.2046737671,29660,29670,10
13.0136003494,80.2047424316,29670,29680,10
13.0134496689,80.2051391602,29680,29691,11
13.0132398605,80.2058029175,29691,29701,10
13.0130596161,80.2066116333,29701,29711,10
13.0129804611,80.2074584961,29711,29721,10
13.0129098892,80.2078933716,29721,29731,10
13.0129003525,80.2084274292,29731,29741,10
13.0129499435,80.2087631226,29741,29751,10
13.0130901337,80.2094497681,29751,29761,10
13.0131998062,80.2099685669,29761,29777,16
13.0129995346,80.2110137939,29777,29789,12
13.0125198364,80.2118988037,29789,29800,11
13.0120897293,80.2125930786,29800,29810,10
13.0118904114,80.2128372192,29810,29820,10
13.0115404129,80.2126312256,29820,29830,10
13.0107402802,80.2120819092,29830,29941,111
13.0105495453,80.2119522095,29941,30305,364
13.0105495453,80.211769104,30305,30405,100
13.0105199814,80.211769104,30405,30577,172
13.0105400085,80.2118988037,30577,30830,253
13.0105400085,80.2118988037,30830,30840,10
13.0105199814,80.2118225098,30840,30850,10
13.0103397369,80.2117080688,30850,30860,10
13.0100898743,80.2115707397,30860,31122,262
13.0100898743,80.2115707397,31122,31132,10
13.0097503662,80.2112579346,31132,31203,71
13.0094299316,80.2110900879,31203,31718,515
13.0094299316,80.2110900879,31718,31728,10
13.0093097687,80.2110595703,31728,31738,10
13.0091600418,80.2113037109,31738,31748,10
13.009059906,80.2116165161,31748,31758,10
13.0091896057,80.212059021,31758,31769,11
13.0094203949,80.2127532959,31769,31779,10
13.0096702576,80.2134475708,31779,31789,10
13.010020256,80.2142868042,31789,31799,10
13.0102100372,80.215133667,31799,31810,11
13.0104398727,80.2160415649,31810,31820,10
13.0108804703,80.2170410156,31820,31830,10
13.0113096237,80.2179870605,31830,31840,10
13.0116901398,80.2190475464,31840,31850,10
13.0120201111,80.2200775146,31850,31860,10
13.0122804642,80.2209777832,31860,31871,11
13.0125598907,80.2217407227,31871,31881,10
13.0131196976,80.2224502563,31881,31891,10
13.013710022,80.2231063843,31891,31901,10
13.0141801834,80.2236480713,31901,31917,16
13.0145702362,80.2242507935,31917,31929,12
13.0148601532,80.2245025635,31929,31939,10
13.0149898529,80.224647522,31939,31949,10
13.015250206,80.2249832153,31949,31959,10
13.0154399872,80.2252578735,31959,31969,10
13.0154304504,80.2255401611,31969,31980,11
13.0152101517,80.2258377075,31980,31990,10
13.0148096085,80.2259979248,31990,32000,10
13.0141496658,80.2262573242,32000,32010,10
13.0134601593,80.2265167236,32010,32020,10
13.0127401352,80.2267990112,32020,32029,9
13.0120000839,80.2270965576,32029,32040,11
13.0111598969,80.2274169922,32040,32050,10
13.0102596283,80.2277832031,32050,32060,10
13.0096502304,80.2278366089,32060,32070,10
13.00963974,80.2273712158,32070,32081,11
13.010020256,80.2265472412,32081,32091,10
13.010310173,80.2257003784,32091,32101,10
13.0106401443,80.2249679565,32101,32111,10
13.0109100342,80.2243881226,32111,32121,10
13.0111999512,80.2236862183,32121,32131,10
13.011300087,80.22315979,32131,32141,10
13.0107898712,80.2229232788,32141,32151,10
13.0103902817,80.2227172852,32151,32161,10
13.0102701187,80.22265625,32161,32171,10
13.0097904205,80.2223968506,32171,32182,11
13.0089902878,80.2219696045,32182,32192,10
13.0081396103,80.2215194702,32192,32202,10
13.0071897507,80.2210083008,32202,32212,10
13.0063695908,80.2206573486,32212,32222,10
13.0054397583,80.2204437256,32222,32232,10
13.0046701431,80.2202301025,32232,32242,10
13.0044403076,80.2202072144,32242,32252,10
13.0040998459,80.2201385498,32252,32262,10
13.0034103394,80.2199707031,32262,32272,10
13.0026302338,80.2196502686,32272,32282,10
13.0019798279,80.2190093994,32282,32293,11
13.0012302399,80.2183609009,32293,32303,10
13.0004997253,80.217880249,32303,32313,10
12.9996700287,80.2173690796,32313,32323,10
12.9989299774,80.2169723511,32323,32333,10
12.9981002808,80.2166290283,32333,32343,10
12.9974603653,80.2165374756,32343,32363,20
12.9974603653,80.2165374756,32363,32373,10
12.9972801208,80.2165298462,32373,32383,10
12.9968595505,80.2165603638,32383,32394,11
12.9962596893,80.2166595459,32394,32404,10
12.995639801,80.2168197632,32404,32414,10
12.9950504303,80.2171173096,32414,32424,10
12.9945201874,80.2174911499,32424,32434,10
12.9940004349,80.2178573608,32434,32444,10
12.9934797287,80.2182617188,32444,32454,10
12.9932203293,80.2183990479,32454,32464,10
12.9927797318,80.2187271118,32464,32474,10
12.992190361,80.2191772461,32474,32484,10
12.9915704727,80.219619751,32484,32495,11
12.9909601212,80.2200393677,32495,32505,10
12.9907999039,80.2202301025,32505,32515,10
12.9907903671,80.2202301025,32515,32525,10
12.9904603958,80.2204589844,32525,32535,10
12.9900598526,80.2208023071,32535,32545,10
12.989569664,80.2213287354,32545,32555,10
12.9891195297,80.2218322754,32555,32571,16
12.9882202148,80.2227325439,32571,32583,12
12.9877004623,80.2230377197,32583,32591,8
12.9876699448,80.2230606079,32591,32603,12
12.9874401093,80.2230834961,32603,32614,11
12.9870901108,80.2230529785,32614,32624,10
12.9866504669,80.2229919434,32624,32634,10
12.9860801697,80.2229690552,32634,32644,10
12.9855804443,80.223197937,32644,32654,10
12.985250473,80.2232818604,32654,32664,10
12.9846601486,80.2230606079,32664,32674,10
12.9842700958,80.2228164673,32674,32684,10
12.9837999344,80.2225570679,32684,32694,10
12.9833698273,80.2222976685,32694,32705,11
12.9832201004,80.2221908569,32705,32715,10
12.9830999374,80.2221221924,32715,32725,10
12.9828996658,80.2220077515,32725,32735,10
12.9825401306,80.2218704224,32735,32745,10
12.9820699692,80.2216415405,32745,32755,10
12.9815397263,80.2212905884,32755,32765,10
12.9807901382,80.2210769653,32765,32775,10
12.9798698425,80.2211608887,32775,32785,10
12.9789896011,80.2211685181,32785,32795,10
12.9780702591,80.221206665,32795,32805,10
12.9771900177,80.2212600708,32805,32815,10
12.9764204025,80.2212677002,32815,32826,11
12.9761896133,80.2214736938,32826,32836,10
12.9763803482,80.2218399048,32836,32856,20
12.9763803482,80.2218399048,32856,32866,10
12.9763898849,80.22215271,32866,32876,10
12.976650238,80.2224884033,32876,32886,10
12.9769601822,80.2229309082,32886,32896,10
12.9773797989,80.2235794067,32896,32906,10
12.9778404236,80.2242965698,32906,32917,11
12.9782800674,80.2249984741,32917,32927,10
12.9787101746,80.2257080078,32927,32937,10
12.9791698456,80.2264633179,32937,32947,10
12.9796304703,80.2272109985,32947,32957,10
12.980099678,80.2279586792,32957,32967,10
12.9805002213,80.2286376953,32967,32977,10
12.9808502197,80.2292709351,32977,32987,10
12.9812202454,80.2298736572,32987,32997,10
12.9816398621,80.23046875,32997,33007,10
12.9816799164,80.2305374146,33007,33018,11
12.9818201065,80.2308502197,33018,33028,10
12.9820203781,80.2314529419,33028,33038,10
12.982049942,80.2322387695,33038,33048,10
12.9818696976,80.2330093384,33048,33058,10
12.9816598892,80.2335281372,33058,33068,10
12.9816303253,80.2335968018,33068,33078,10
12.9815101624,80.2338180542,33078,33088,10
12.9812602997,80.2344207764,33088,33098,10
12.9812402725,80.2353363037,33098,33108,10
12.9812803268,80.2363204956,33108,33118,10
12.981300354,80.2373199463,33118,33129,11
12.9813203812,80.2380905151,33129,33139,10
12.9813499451,80.2386398315,33139,33149,10
12.9813499451,80.2386627197,33149,33159,10
12.9813404083,80.2388763428,33159,33169,10
12.9813604355,80.2394485474,33169,33179,10
12.9813699722,80.2399597168,33179,33189,10
12.9813899994,80.2406997681,33189,33199,10
12.9813899994,80.2415771484,33199,33209,10
12.9813995361,80.2421722412,33209,33219,10
12.9814195633,80.2428436279,33219,33250,31
12.9814195633,80.2428436279,33250,33260,10
12.9814100266,80.2430877686,33260,33270,10
12.9813995361,80.2435302734,33270,33280,10
12.9813098907,80.244140625,33280,33290,10
12.9811897278,80.2450180054,33290,33300,10
12.9810600281,80.2460403442,33300,33310,10
12.9809398651,80.2471694946,33310,33320,10
12.9808397293,80.2484130859,33320,33331,11
12.9807195663,80.2497177124,33331,33341,10
12.9804697037,80.2507781982,33341,33351,10
12.980219841,80.2517776489,33351,33361,10
12.9800796509,80.2522964478,33361,33371,10
12.9799699783,80.2526397705,33371,33462,91
12.9799699783,80.2526397705,33462,33472,10
12.9799098969,80.2527084351,33472,33482,10
12.979590416,80.252746582,33482,33492,10
12.9789400101,80.2526702881,33492,33502,10
12.9785499573,80.252571106,33502,33512,10
12.9785299301,80.2525482178,33512,33522,10
12.9781999588,80.2522888184,33522,33532,10
12.9776296616,80.2517776489,33532,33543,11
12.9766302109,80.2512893677,33543,33553,10
12.9754695892,80.2509384155,33553,33563,10
12.9742202759,80.2505874634,33563,33573,10
12.9730501175,80.2502822876,33573,33583,10
12.9725799561,80.2501831055,33583,33593,10
12.9724397659,80.2501296997,33593,33603,10
12.9718904495,80.2499465942,33603,33613,10
12.9710798264,80.2497024536,33613,33623,10
12.9700698853,80.249382019,33623,33633,10
12.968919754,80.2489089966,33633,33643,10
12.9677801132,80.2484817505,33643,33654,11
12.9667396545,80.2480163574,33654,33664,10
12.9658002853,80.2475967407,33664,33674,10
12.965259552,80.2474517822,33674,33684,10
12.9652299881,80.2474517822,33684,33693,9
12.9651498795,80.247428894,33693,33704,11
12.9646501541,80.2472229004,33704,33714,10
12.9636297226,80.2468338013,33714,33745,31
12.9636297226,80.2468338013,33745,33755,10
12.96352005,80.2467727661,33755,33765,10
12.963139534,80.2465896606,33765,33775,10
12.962439537,80.2462310791,33775,33785,10
12.9615602493,80.2457885742,33785,33795,10
12.9605998993,80.2453384399,33795,33805,10
12.9594402313,80.2448425293,33805,33825,20
12.9594402313,80.2448425293,33825,33835,10
12.9592199326,80.2447662354,33835,33845,10
12.9586496353,80.2444992065,33845,33856,11
12.9578800201,80.2441711426,33856,33866,10
12.9571800232,80.2438964844,33866,33876,10
12.9565601349,80.2436218262,33876,33892,16
12.956410408,80.2435684204,33892,33904,12
12.9563102722,80.243560791,33904,33914,10
12.9559497833,80.2433929443,33914,33924,10
12.9551496506,80.2430267334,33924,33934,10
12.9541196823,80.2425994873,33934,33944,10
12.9530096054,80.242149353,33944,33954,10
12.9517202377,80.2416915894,33954,33975,21
12.9517202377,80.2416915894,33975,33985,10
12.9513702393,80.2415466309,33985,33995,10
12.9507703781,80.2414093018,33995,34005,10
12.9498195648,80.2410812378,34005,34015,10
12.9487695694,80.2406997681,34015,34025,10
12.9476995468,80.2402496338,34025,34035,10
12.9471797943,80.2400512695,34035,34045,10
12.9471797943,80.2400436401,34045,34055,10
12.9470500946,80.2399902344,34055,34066,11
12.9464797974,80.2397384644,34066,34076,10
12.9456996918,80.239402771,34076,34086,10
12.9448795319,80.2388305664,34086,34096,10
12.9440603256,80.2379226685,34096,34106,10
12.9434404373,80.2373123169,34106,34116,10
12.9433898926,80.2372512817,34116,34126,10
12.9431600571,80.2369918823,34126,34136,10
12.9425497055,80.2366027832,34136,34146,10
12.9415998459,80.2362976074,34146,34156,10
12.9405097961,80.2360229492,34156,34167,11
12.9398603439,80.2358169556,34167,34177,10
12.9398403168,80.2358169556,34177,34187,10
12.9395999908,80.235710144,34187,34197,10
12.9389801025,80.2354202271,34197,34207,10
12.9382696152,80.2350616455,34207,34217,10
12.937379837,80.2345962524,34217,34227,10
12.9363899231,80.23412323,34227,34237,10
12.9355697632,80.2337265015,34237,34247,10
12.9346704483,80.2333602905,34247,34257,10
12.9340696335,80.2331008911,34257,34267,10
12.9339895248,80.233039856,34267,34278,11
12.9338798523,80.2329483032,34278,34288,10
12.9334001541,80.2327423096,34288,34298,10
12.9326496124,80.2324523926,34298,34308,10
12.9316797256,80.2321166992,34308,34318,10
12.930560112,80.2317581177,34318,34328,10
12.929400444,80.2314834595,34328,34338,10
12.9281702042,80.2312469482,34338,34348,10
12.9269599915,80.2311172485,34348,34358,10
12.9260902405,80.2310409546,34358,34379,21
12.9260902405,80.2310409546,34379,34389,10
12.9258403778,80.2310180664,34389,34399,10
12.9252796173,80.2309494019,34399,34409,10
12.9245300293,80.2308578491,34409,34419,10
12.9236803055,80.2307434082,34419,34429,10
12.9226999283,80.2305984497,34429,34439,10
12.9216003418,80.2304077148,34439,34449,10
12.9204502106,80.2302703857,34449,34459,10
12.9195404053,80.2302017212,34459,34469,10
12.9193601608,80.230178833,34469,34480,11
12.9191799164,80.230140686,34480,34490,10
12.918800354,80.2300796509,34490,34500,10
12.9181804657,80.2300033569,34500,34510,10
12.9173803329,80.2298812866,34510,34519,9
12.9165897369,80.2297821045,34519,34530,11
12.915599823,80.2296066284,34530,34540,10
12.9146604538,80.2294998169,34540,34550,10
12.913769722,80.2294006348,34550,34560,10
12.9133396149,80.2293624878,34560,34570,10
12.9133195877,80.2293624878,34570,34580,10
12.913189888,80.2293319702,34580,34591,11
12.9125699997,80.2291870117,34591,34601,10
12.9117202759,80.2290725708,34601,34611,10
12.9106197357,80.2288970947,34611,34621,10
12.9093503952,80.2286987305,34621,34631,10
12.9081897736,80.2285308838,34631,34641,10
12.9069404602,80.2283782959,34641,34712,71
12.9069404602,80.2283782959,34712,34722,10
12.9069004059,80.2283477783,34722,34732,10
12.9064903259,80.228302002,34732,34742,10
12.9061498642,80.2282791138,34742,34752,10
12.9056196213,80.2282409668,34752,34762,10
12.9047403336,80.2282028198,34762,34772,10
12.9035902023,80.2281417847,34772,34782,10
12.9024496078,80.2280807495,34782,34792,10
12.901309967,80.2280578613,34792,34813,21
12.901309967,80.2280578613,34813,34823,10
12.901260376,80.228012085,34823,34839,16
12.9006795883,80.2279586792,34839,34851,12
12.8999795914,80.2278900146,34851,34859,8
12.8990297318,80.2279129028,34859,34881,22
12.8990297318,80.2279129028,34881,34891,10
12.8989601135,80.2279281616,34891,34902,11
12.898440361,80.2278823853,34902,34911,9
12.8977203369,80.2278213501,34911,34921,10
12.8966903687,80.2277679443,34921,34932,11
12.8953304291,80.2276916504,34932,34942,10
12.8942203522,80.2276535034,34942,34952,10
12.8935203552,80.2276000977,34952,34962,10
12.8932800293,80.2275619507,34962,34972,10
12.892999649,80.2275085449,34972,34982,10
12.8924398422,80.2274398804,34982,34992,10
12.8915996552,80.2274017334,34992,35003,11
12.8903598785,80.2274017334,35003,35013,10
12.8892002106,80.2274093628,35013,35023,10
12.8886404037,80.2274093628,35023,35033,10
12.8886098862,80.2274093628,35033,35043,10
12.8882598877,80.2273788452,35043,35053,10
12.8875303268,80.2273025513,35053,35063,10
12.8865804672,80.2271118164,35063,35073,10
12.8855400085,80.226852417,35073,35083,10
12.8849697113,80.2267837524,35083,35093,10
12.8847799301,80.2267684937,35093,35103,10
12.8841600418,80.2267608643,35103,35113,10
12.8832302094,80.2267379761,35113,35124,11
12.8819303513,80.2267379761,35124,35134,10
12.8806200027,80.2267379761,35134,35144,10
12.8793001175,80.2267608643,35144,35154,10
12.8779497147,80.226852417,35154,35163,9
12.8769903183,80.2269363403,35163,35174,11
12.8764896393,80.2269287109,35174,35184,10
12.8764200211,80.2264862061,35184,35204,20
12.8764200211,80.2264862061,35204,35215,11
12.8764896393,80.2260818481,35215,35225,10
12.8765602112,80.2253570557,35225,35235,10
12.876660347,80.2244415283,35235,35245,10
12.8768701553,80.2234191895,35245,35255,10
12.877120018,80.2223129272,35255,35265,10
12.8773803711,80.2211532593,35265,35275,10
12.8776302338,80.2200622559,35275,35285,10
12.8777799606,80.2193603516,35285,35295,10
12.877869606,80.2190093994,35295,35305,10
12.8780298233,80.2182693481,35305,35316,11
12.8782596588,80.2171401978,35316,35326,10
12.8785200119,80.2159423828,35326,35336,10
12.8788003922,80.2145767212,35336,35346,10
12.879070282,80.2131729126,35346,35356,10
12.8793201447,80.2118682861,35356,35366,10
12.8794202805,80.2110214233,35366,35376,10
12.8790903091,80.210899353,35376,35386,10
12.8790903091,80.2109069824,35386,35396,10
12.8787698746,80.2108612061,35396,35406,10
12.8781099319,80.2107467651,35406,35416,10
12.877579689,80.210647583,35416,35427,11
12.8768196106,80.2105102539,35427,35437,10
12.8762197495,80.2104034424,35437,35447,10
12.8756303787,80.2102966309,35447,35457,10
12.8749103546,80.2101669312,35457,35467,10
12.8744802475,80.2100982666,35467,35477,10
12.8744697571,80.2100982666,35477,35487,10
12.8744401932,80.2100906372,35487,35497,10
12.8743696213,80.2098999023,35497,35507,10
12.8745298386,80.2095413208,35507,35517,10
12.8747196198,80.2097625732,35517,36376,859
12.8747196198,80.2097625732,36376,36386,10
12.8747596741,80.2098312378,36386,36396,10
12.874710083,80.210067749,36396,36406,10
12.8748998642,80.2101821899,36406,36416,10
12.8754501343,80.2102890015,36416,36426,10
12.87596035,80.2103805542,36426,36436,10
12.8765001297,80.2104873657,36436,36446,10
12.8770503998,80.2105865479,36446,36456,10
12.8776397705,80.2107009888,36456,36467,11
12.8784103394,80.2108383179,36467,36477,10
12.8792104721,80.2109832764,36477,36497,20
12.8792104721,80.2109832764,36497,36507,10
12.8793001175,80.2110137939,36507,36517,10
12.8794803619,80.2113189697,36517,36527,10
12.8793697357,80.2118606567,36527,36537,10
12.8791799545,80.2128219604,36537,36547,10
12.8790302277,80.2136383057,36547,36557,10
12.8788604736,80.2145309448,36557,36568,11
12.8786497116,80.2155380249,36568,36578,10
12.8784503937,80.2164611816,36578,36588,10
12.8782701492,80.2173919678,36588,36598,10
12.878080368,80.2183227539,36598,36608,10
12.877869606,80.21925354,36608,36618,10
12.8776597977,80.2201766968,36618,36628,10
12.8774404526,80.2211074829,36628,36638,10
12.877240181,80.2220001221,36638,36648,10
12.8770399094,80.2228775024,36648,36658,10
12.8768396378,80.2237930298,36658,36668,10
12.8766803741,80.2247467041,36668,36679,11
12.8765697479,80.2258224487,36679,36689,10
12.8764600754,80.226852417,36689,36719,30
12.8764600754,80.226852417,36719,36729,10
12.876660347,80.2269210815,36729,36739,10
12.8771896362,80.2268829346,36739,36749,10
12.8780603409,80.2267990112,36749,36759,10
12.879119873,80.2267227173,36759,36769,10
12.8803901672,80.2266769409,36769,36780,11
12.8819303513,80.2266464233,36780,36790,10
12.8833904266,80.2266387939,36790,36800,10
12.8846101761,80.2266082764,36800,36810,10
12.8851203918,80.2266082764,36810,36820,10
12.8851299286,80.2266082764,36820,36830,10
12.8854999542,80.2266693115,36830,36840,10
12.8861398697,80.2268295288,36840,36850,10
12.8870601654,80.2270584106,36850,36860,10
12.8880996704,80.2272109985,36860,36870,10
12.8884897232,80.2272415161,36870,36881,11
12.8887300491,80.2272567749,36881,36891,10
12.8893899918,80.2272567749,36891,36901,10
12.8903398514,80.2272720337,36901,36911,10
12.891409874,80.2272567749,36911,36921,10
12.8921003342,80.2272491455,36921,36931,10
12.89220047,80.2272567749,36931,36941,10
12.8923997879,80.2272872925,36941,36951,10
12.8929901123,80.2273635864,36951,36961,10
12.8938398361,80.2274703979,36961,36971,10
12.8948202133,80.2275390625,36971,36981,10
12.8960399628,80.2276000977,36981,36992,11
12.8973903656,80.2276611328,36992,37002,10
12.8985700607,80.2277297974,37002,37012,10
12.8996601105,80.2277908325,37012,37022,10
12.9004402161,80.2277908325,37022,37032,10
12.9010095596,80.2278366089,37032,37042,10
12.9015102386,80.227897644,37042,37052,10
12.9026603699,80.2279281616,37052,37072,20
12.9026603699,80.2279281616,37072,37082,10
12.9027996063,80.2279129028,37082,37093,11
12.9034404755,80.2279586792,37093,37103,10
12.9042196274,80.228012085,37103,37113,10
12.9051103592,80.2280807495,37113,37123,10
12.9063596725,80.2281112671,37123,37153,30
12.9063596725,80.2281112671,37153,37163,10
12.9064903259,80.2280883789,37163,37173,10
12.9068498611,80.2281417847,37173,37183,10
12.9075899124,80.2282562256,37183,37194,11
12.9087696075,80.2284622192,37194,37204,10
12.9099197388,80.2286605835,37204,37214,10
12.911239624,80.2288589478,37214,37224,10
12.9125995636,80.2290420532,37224,37234,10
12.9135799408,80.2291488647,37234,37244,10
12.9137802124,80.2291870117,37244,37254,10
12.9138298035,80.2292098999,37254,37264,10
12.9141902924,80.2292709351,37264,37274,10
12.9147701263,80.2293395996,37274,37284,10
12.9155702591,80.2294616699,37284,37294,10
12.9164800644,80.229598999,37294,37305,11
12.9175901413,80.2297363281,37305,37315,10
12.9185400009,80.2298736572,37315,37324,9
12.9191904068,80.2299499512,37324,37335,11
12.9194202423,80.2299728394,37335,37345,10
12.9199104309,80.2300186157,37345,37355,10
12.9206800461,80.230140686,37355,37365,10
12.9216499329,80.2302780151,37365,37375,10
12.9227104187,80.2304382324,37375,37385,10
12.9237203598,80.2305679321,37385,37395,10
12.9248104095,80.2307128906,37395,37406,11
12.9258804321,80.2308273315,37406,37416,10
12.9263000488,80.2308807373,37416,37426,10
12.926440239,80.2309188843,37426,37436,10
12.9270000458,80.2309799194,37436,37446,10
12.9278497696,80.2310791016,37446,37456,10
12.9288597107,80.2312393188,37456,37466,10
12.9299201965,80.2314682007,37466,37476,10
12.9309797287,80.2317733765,37476,37486,10
12.9320497513,80.2321166992,37486,37496,10
12.9330196381,80.232460022,37496,37506,10
12.9336299896,80.232711792,37506,37516,10
12.9336700439,80.2327423096,37516,37527,11
12.9338903427,80.2328414917,37527,37537,10
12.9345197678,80.2331237793,37537,37547,10
12.9352703094,80.2334518433,37547,37557,10
12.9361095428,80.2338562012,37557,37567,10
12.9371404648,80.2343597412,37567,37577,10
12.9381103516,80.2348175049,37577,37587,10
12.9390096664,80.2352600098,37587,37597,10
12.9396495819,80.2355804443,37597,37607,10
12.9397802353,80.2356262207,37607,37618,11
12.9399003983,80.2357025146,37618,37628,10
12.9404201508,80.2358779907,37628,37638,10
12.9411001205,80.236038208,37638,37648,10
12.9420404434,80.2362670898,37648,37658,10
12.9429998398,80.2366714478,37658,37668,10
12.9435997009,80.2371673584,37668,37669,1
12.9435997009,80.2371826172,37669,37703,34
12.9447202682,80.2384796143,37703,37714,11
12.9456501007,80.2393035889,37714,37725,11
12.946849823,80.2397994995,37725,37735,10
12.9473304749,80.239982605,37735,37745,10
12.9474401474,80.240020752,37745,37755,10
12.947930336,80.2402420044,37755,37765,10
12.9487304688,80.2405395508,37765,37775,10
12.9496603012,80.2408828735,37775,37785,10
12.9506397247,80.2411804199,37785,37795,10
12.9510803223,80.2413024902,37795,37805,10
12.9511804581,80.2413787842,37805,37815,10
12.9516601563,80.2415618896,37815,37825,10
12.9523801804,80.2418289185,37825,37836,11
12.9533500671,80.2421875,37836,37846,10
12.9540395737,80.2425003052,37846,37856,10
12.9546003342,80.2427062988,37856,37866,10
12.9552698135,80.2429504395,37866,37876,10
12.9562301636,80.2433319092,37876,37896,20
12.9562301636,80.2433319092,37896,37906,10
12.9564599991,80.2434234619,37906,37916,10
12.9568996429,80.2436065674,37916,37926,10
12.9576797485,80.243927002,37926,37937,11
12.9586000443,80.2442932129,37937,37947,10
12.9587497711,80.2443618774,37947,37957,10
12.9588699341,80.244468689,37957,37967,10
12.9593400955,80.2446975708,37967,37977,10
12.9601097107,80.2450332642,37977,37987,10
12.9611101151,80.2454833984,37987,37997,10
12.962220192,80.2460021973,37997,38007,10
12.9628400803,80.2463226318,38007,38017,10
12.9631795883,80.2464981079,38017,38027,10
12.9635601044,80.2466812134,38027,38038,11
12.9643096924,80.2469787598,38038,38048,10
12.9651603699,80.2472686768,38048,38058,10
12.9659204483,80.247543335,38058,38068,10
12.9663095474,80.2477035522,38068,38078,10
12.9664201736,80.247718811,38078,38088,10
12.9665699005,80.247756958,38088,38098,10
12.9666795731,80.247833252,38098,38108,10
12.9671201706,80.2480621338,38108,38118,10
12.9678602219,80.2483901978,38118,38128,10
12.9688301086,80.2487716675,38128,38139,11
12.9699497223,80.2492218018,38139,38149,10
12.9710597992,80.2496185303,38149,38159,10
12.9721698761,80.2499237061,38159,38169,10
12.9732503891,80.250213623,38169,38179,10
12.9741897583,80.2504196167,38179,38189,10
12.9744195938,80.2504577637,38189,38199,10
12.9746303558,80.2505187988,38199,38209,10
12.9752101898,80.2507171631,38209,38219,10
12.9760599136,80.2509689331,38219,38229,10
12.977060318,80.2512817383,38229,38239,10
12.9779596329,80.2519073486,38239,38250,11
12.9790496826,80.2525024414,38250,38260,10
12.9796895981,80.2525100708,38260,38270,10
12.9799203873,80.2523498535,38270,38280,10
12.9799404144,80.2522964478,38280,38290,10
12.9799804688,80.2520828247,38290,38300,10
12.9801301956,80.2516021729,38300,38310,10
12.9803695679,80.2508163452,38310,38320,10
12.9806003571,80.2499313354,38320,38330,10
12.9807500839,80.2490234375,38330,38340,10
12.9808101654,80.248008728,38340,38351,11
12.980890274,80.2468185425,38351,38361,10
12.9810304642,80.2455596924,38361,38371,10
12.9811401367,80.244430542,38371,38381,10
12.9811897278,80.2438430786,38381,38391,10
12.9812602997,80.2436599731,38391,38401,10
12.9813499451,80.2433776855,38401,38411,10
12.9813699722,80.2428894043,38411,38431,20
12.9813699722,80.2428894043,38431,38441,10
12.9813604355,80.2426986694,38441,38451,10
12.9813699722,80.2423782349,38451,38462,11
12.9813499451,80.2418136597,38462,38472,10
12.9813404083,80.2412872314,38472,38482,10
12.9813404083,80.2406082153,38482,38492,10
12.9813098907,80.2398834229,38492,38502,10
12.981300354,80.2393188477,38502,38512,10
12.9812698364,80.2386169434,38512,38522,10
12.9812602997,80.2379989624,38522,38532,10
12.9812602997,80.2379226685,38532,38542,10
12.9812602997,80.2377700806,38542,38552,10
12.9812402725,80.2372665405,38552,38563,11
12.9812097549,80.2364425659,38563,38573,10
12.9811897278,80.2357177734,38573,38583,10
12.9811601639,80.234916687,38583,38593,10
12.9812402725,80.23412323,38593,38603,10
12.9815502167,80.2334213257,38603,38613,10
12.9816102982,80.2333068848,38613,38623,10
12.9816904068,80.2331619263,38623,38633,10
12.9818696976,80.232749939,38633,38642,9
12.982000351,80.2322998047,38642,38653,11
12.9819803238,80.2318267822,38653,38664,11
12.9819002151,80.2313079834,38664,38674,10
12.9817399979,80.2308273315,38674,38684,10
12.9814901352,80.2303771973,38684,38694,10
12.9811296463,80.2297821045,38694,38704,10
12.9808702469,80.2293930054,38704,38714,10
12.9807100296,80.2291488647,38714,38724,10
12.9805498123,80.2288665771,38724,38734,10
12.9804096222,80.2286376953,38734,38744,10
12.9802799225,80.2284088135,38744,38754,10
12.980219841,80.2282104492,38754,38764,10
12.9799804688,80.2278213501,38764,38775,11
12.9796600342,80.2272796631,38775,38785,10
12.97935009,80.2267837524,38785,38795,10
12.9790401459,80.2262802124,38795,38805,10
12.9786701202,80.2256622314,38805,38815,10
12.9782600403,80.2249832153,38815,38825,10
12.9780302048,80.2246398926,38825,38835,10
12.9777898788,80.2243423462,38835,38845,10
12.9777297974,80.2242507935,38845,38855,10
12.9776802063,80.2241134644,38855,38865,10
12.9774503708,80.2237319946,38865,38875,10
12.9771299362,80.2232131958,38875,38886,11
12.976940155,80.2227783203,38886,38896,10
12.9771404266,80.2226715088,38896,38916,20
12.9771404266,80.2226715088,38916,38926,10
12.9774799347,80.2226028442,38926,38936,10
12.9774999619,80.2222976685,38936,38946,10
12.9774799347,80.2217788696,38946,38956,10
12.9774599075,80.2213134766,38956,38966,10
12.977689743,80.2211990356,38966,38977,11
12.978269577,80.2211685181,38977,38987,10
12.9789400101,80.2211227417,38987,38997,10
12.9796495438,80.2210693359,38997,39007,10
12.9803199768,80.2210235596,39007,39017,10
12.9809904099,80.2210083008,39017,39027,10
12.9815502167,80.2212982178,39027,39037,10
12.982219696,80.2216873169,39037,39047,10
12.9827804565,80.2218780518,39047,39057,10
12.9829397202,80.2219467163,39057,39067,10
12.9830703735,80.2220230103,39067,39077,10
12.9834403992,80.2222824097,39077,39088,11
12.9839801788,80.2226028442,39088,39098,10
12.9845104218,80.2228927612,39098,39108,10
12.984919548,80.2231063843,39108,39118,10
12.9853496552,80.2232284546,39118,39128,10
12.9856996536,80.2229995728,39128,39138,10
12.9864997864,80.2229537964,39138,39158,20
12.9864997864,80.2229537964,39158,39168,10
12.9868402481,80.2229995728,39168,39179,11
12.9872903824,80.2230606079,39179,39189,10
12.9879198074,80.2229537964,39189,39199,10
12.9885396957,80.2224502563,39199,39209,10
12.9890699387,80.221862793,39209,39219,10
12.9896001816,80.2212219238,39219,39229,10
12.9904499054,80.2203292847,39229,39249,20
12.9904499054,80.2203292847,39249,39259,10
12.9907302856,80.2201385498,39259,39269,10
12.9911804199,80.2197723389,39269,39279,10
12.9915800095,80.2194671631,39279,39290,11
12.9921998978,80.2190170288,39290,39300,10
12.9929199219,80.21849823,39300,39310,10
12.9937200546,80.217918396,39310,39320,10
12.9944000244,80.2174301147,39320,39330,10
12.994890213,80.2170791626,39330,39340,10
12.995349884,80.216796875,39340,39350,10
12.9960603714,80.216583252,39350,39360,10
12.9968395233,80.2164764404,39360,39370,10
12.9973201752,80.2162475586,39370,39380,10
12.9974803925,80.2161102295,39380,39390,10
12.9975500107,80.2160568237,39390,39401,11
12.9979600906,80.2157211304,39401,39411,10
12.9985599518,80.2152099609,39411,39421,10
12.9990797043,80.2147598267,39421,39431,10
12.9993495941,80.2145080566,39431,39441,10
12.9997997284,80.2141189575,39441,39451,10
13.0001602173,80.2138214111,39451,39461,10
13.0009098053,80.2131576538,39461,39471,10
13.0015497208,80.212677002,39471,39481,10
13.002240181,80.2122192383,39481,39491,10
13.0028600693,80.2120666504,39491,39502,11
13.0036401749,80.2119369507,39502,39512,10
13.0036897659,80.211807251,39512,39522,10
13.0036897659,80.2112884521,39522,39532,10
13.0036001205,80.2104797363,39532,39542,10
13.0035200119,80.2096405029,39542,39552,10
13.003660202,80.2088623047,39552,39562,10
13.0041799545,80.2086715698,39562,39572,10
13.0050601959,80.2090911865,39572,39582,10
13.0060396194,80.2094497681,39582,39592,10
13.007060051,80.2097320557,39592,39623,31
13.007060051,80.2097320557,39623,39633,10
13.0074501038,80.2098464966,39633,39643,10
13.0081300735,80.2099304199,39643,39653,10
13.0080604553,80.2093276978,39653,39663,10
13.0079097748,80.2084197998,39663,39673,10
13.0077295303,80.2074279785,39673,39683,10
13.0075597763,80.206489563,39683,39693,10
13.0074996948,80.205581665,39693,39704,11
13.0075302124,80.2046203613,39704,39714,10
13.0074701309,80.2036819458,39714,39724,10
13.0072498322,80.2027587891,39724,39734,10
13.0066003799,80.2026824951,39734,39744,10
13.0067796707,80.2033309937,39744,39754,10
13.0074596405,80.2036895752,39754,39764,10
13.0085000992,80.2037200928,39764,39774,10
13.0097503662,80.20362854,39774,39784,10
13.0109796524,80.2036514282,39784,39794,10
13.012169838,80.2038116455,39794,39804,10
13.0131196976,80.2040100098,39804,39814,10
13.0136804581,80.2042388916,39814,39825,11
13.0137395859,80.2043075562,39825,39841,16
13.0135402679,80.2048187256,39841,39853,12
13.0132703781,80.2056121826,39853,39863,10
13.0130596161,80.2064208984,39863,39871,8
13.0129995346,80.2071304321,39871,39883,12
13.0129003525,80.2077865601,39883,39893,10
13.0128803253,80.2083129883,39893,39903,10
13.0128898621,80.2085723877,39903,39913,10
13.0129804611,80.2090835571,39913,39924,11
13.0131998062,80.2096862793,39924,39933,9
13.0131502151,80.2101593018,39933,39944,11
13.0130796432,80.210609436,39944,39954,10
13.0128297806,80.2112579346,39954,39964,10
13.0124397278,80.2119598389,39964,39974,10
13.012049675,80.212562561,39974,39984,10
13.0118198395,80.2128219604,39984,39994,10
13.0114603043,80.2125930786,39994,40004,10
13.0108995438,80.2121887207,40004,40014,10
13.010430336,80.2118530273,40014,40085,71
13.010219574,80.2116928101,40085,40358,273
13.0102596283,80.2117767334,40358,40600,242
13.0102596283,80.2117767334,40600,40610,10
13.0100898743,80.2115707397,40610,40620,10
13.0098400116,80.2114028931,40620,40681,61
13.0095500946,80.2112121582,40681,41143,462
13.0095500946,80.2112121582,41143,41153,10
13.0092096329,80.2112121582,41153,41163,10
13.0090198517,80.2114868164,41163,41174,11
13.0090999603,80.2119827271,41174,41184,10
13.009349823,80.2127609253,41184,41194,10
13.0096797943,80.2135925293,41194,41204,10
13.0100097656,80.2143783569,41204,41214,10
13.0101604462,80.2150802612,41214,41224,10
13.0103302002,80.2159118652,41224,41234,10
13.0107402802,80.2167816162,41234,41244,10
13.0112695694,80.2178726196,41244,41254,10
13.0117702484,80.2191696167,41254,41264,10
13.0122203827,80.2205276489,41264,41273,9
13.0125598907,80.2214202881,41273,41285,12
13.0130195618,80.2220306396,41285,41295,10
13.0134000778,80.2225036621,41295,41305,10
13.0138597488,80.2231521606,41305,41314,9
13.0142097473,80.2238311768,41314,41325,11
13.0150699615,80.2247314453,41325,41335,10
13.0152902603,80.2250671387,41335,41365,30
13.0152902603,80.2250671387,41365,41375,10
13.015370369,80.2252731323,41375,41385,10
13.015370369,80.2256164551,41385,41396,11
13.0151395798,80.2258911133,41396,41406,10
13.0146598816,80.2260818481,41406,41423,17
13.013250351,80.2266387939,41423,41435,12
13.0119800568,80.2271499634,41435,41445,10
13.01101017,80.2275238037,41445,41455,10
13.0099096298,80.2279510498,41455,41465,10
13.0095396042,80.2275009155,41465,41475,10
13.009929657,80.2266616821,41475,41485,10
13.0103998184,80.2256088257,41485,41495,10
13.0108299255,80.2245483398,41495,41506,11
13.0112895966,80.2234420776,41506,41516,10
13.0109596252,80.2230377197,41516,41525,9
13.0103797913,80.2227630615,41525,41536,11
13.0099897385,80.2225494385,41536,41546,10
13.0093202591,80.2221984863,41546,41556,10
13.0084600449,80.2217330933,41556,41566,10
13.0074796677,80.2211990356,41566,41576,10
13.0067796707,80.2208480835,41576,41586,10
13.0060396194,80.2205963135,41586,41597,11
13.004940033,80.2203598022,41597,41607,10
13.0045995712,80.2202682495,41607,41617,10
13.0043201447,80.2201919556,41617,41627,10
13.0036201477,80.2200393677,41627,41637,10
13.0028295517,80.2197799683,41637,41647,10
13.002120018,80.2191772461,41647,41663,16
13.0010099411,80.2182388306,41663,41675,12
13.0000095367,80.2176132202,41675,41685,10
12.9992399216,80.2171936035,41685,41695,10
12.9984302521,80.2167892456,41695,41706,11
12.9978399277,80.2166213989,41706,41716,10
12.9976196289,80.216583252,41716,41726,10
12.9973697662,80.2165603638,41726,41736,10
12.9972000122,80.2165603638,41736,41746,10
12.9968004227,80.2165908813,41746,41756,10
12.9962902069,80.2166366577,41756,41766,10
12.9955396652,80.2168197632,41766,41774,8
12.995059967,80.2170562744,41774,41787,13
12.9945297241,80.2174301147,41787,41797,10
12.9941997528,80.2176818848,41797,41807,10
12.9939002991,80.2179107666,41807,41818,11
12.9932603836,80.2183609009,41818,41828,10
12.9926996231,80.218788147,41828,41838,10
12.9920597076,80.2192687988,41838,41848,10
12.9914903641,80.2197036743,41848,41858,10
12.9908800125,80.2201538086,41858,41868,10
12.9907398224,80.2202377319,41868,41878,10
12.9903297424,80.2205276489,41878,41888,10
12.9897203445,80.2211227417,41888,41898,10
12.9893398285,80.2216110229,41898,41908,10
12.9890003204,80.2220077515,41908,41918,10
12.988360405,80.2226715088,41918,41929,11
12.9876804352,80.2231674194,41929,41939,10
12.9875497818,80.22315979,41939,41949,10
12.9871997833,80.2231216431,41949,41959,10
12.9871101379,80.2231063843,41959,41969,10
12.9868297577,80.2230606079,41969,41979,10
12.9864797592,80.2229995728,41979,41989,10
12.9857196808,80.2230682373,41989,41999,10
12.9854602814,80.2232971191,41999,42008,9
12.9852399826,80.2233200073,42008,42019,11
12.984629631,80.2230834961,42019,42029,10
12.9840698242,80.2227935791,42029,42040,11
12.9835796356,80.2225189209,42040,42050,10
12.9832496643,80.2222976685,42050,42060,10
12.9832000732,80.2222518921,42060,42070,10
12.9829702377,80.2220993042,42070,42080,10
12.9825201035,80.2218933105,42080,42090,10
12.9819698334,80.2217102051,42090,42100,10
12.9817895889,80.2215499878,42100,42113,13
12.9815998077,80.2214813232,42113,42123,10
12.9809598923,80.2213516235,42123,42134,11
12.9800395966,80.2212982178,42134,42143,9
12.9793395996,80.2212982178,42143,42154,11
12.9784803391,80.2213134766,42154,42164,10
12.9776201248,80.221321106,42164,42174,10
12.976849556,80.2213287354,42174,42184,10
12.9762201309,80.2213363647,42184,42194,10
12.9762296677,80.2216262817,42194,42204,10
12.9763097763,80.2217330933,42204,42214,10
12.9764499664,80.2220230103,42214,42224,10
12.9768295288,80.2226409912,42224,42234,10
12.9773702621,80.2235336304,42234,42244,10
12.97797966,80.2244567871,42244,42255,11
12.9784603119,80.2252578735,42255,42265,10
12.9788799286,80.2259292603,42265,42275,10
12.9793195724,80.2266693115,42275,42285,10
12.979640007,80.2272033691,42285,42295,10
12.9799604416,80.2277374268,42295,42305,10
12.980340004,80.2283782959,42305,42315,10
12.9807701111,80.2290878296,42315,42325,10
12.9812498093,80.2298812866,42325,42334,9
12.9816904068,80.2305221558,42334,42345,11
12.9817304611,80.2306213379,42345,42355,10
12.9819002151,80.2310409546,42355,42366,11
12.9820404053,80.2318878174,42366,42376,10
12.9819297791,80.2327728271,42376,42386,10
12.981710434,80.2333221436,42386,42396,10
12.9816102982,80.2335281372,42396,42406,10
12.981470108,80.2337875366,42406,42416,10
12.9812202454,80.2343978882,42416,42426,10
12.9812002182,80.2351074219,42426,42437,11
12.9812202454,80.2358169556,42437,42448,11
12.9812602997,80.236618042,42448,42459,11
12.981300354,80.2375411987,42459,42470,11
12.9813098907,80.2382736206,42470,42480,10
12.9813203812,80.2386322021,42480,42490,10
12.9813203812,80.2388000488,42490,42500,10
12.9813299179,80.2394332886,42500,42510,10
12.9813604355,80.240196228,42510,42519,9
12.9813699722,80.2408599854,42519,42529,10
12.9813804626,80.2416000366,42529,42540,11
12.9813995361,80.2424163818,42540,42550,10
12.9814100266,80.242729187,42550,42560,10
12.9813995361,80.2428436279,42560,42571,11
12.9813995361,80.2431488037,42571,42581,10
12.9813404083,80.2438430786,42581,42591,10
12.9811897278,80.2447967529,42591,42601,10
12.9810400009,80.2460327148,42601,42610,9
12.980919838,80.2472610474,42610,42621,11
12.9808301926,80.2485427856,42621,42630,9
12.9806604385,80.2500076294,42630,42643,13
12.9801797867,80.2517776489,42643,42653,10
12.9800300598,80.252243042,42653,42663,10
12.9799499512,80.2525863647,42663,42714,51
12.9799499512,80.2525863647,42714,42723,9
12.9799404144,80.2527084351,42723,42734,11
12.9795303345,80.2527770996,42734,42744,10
12.9786996841,80.2526626587,42744,42754,10
12.9785404205,80.2526016235,42754,42764,10
12.9781503677,80.2523193359,42764,42775,11
12.9773797989,80.251663208,42775,42785,10
12.9762496948,80.2511978149,42785,42795,10
12.9749202728,80.2508087158,42795,42805,10
12.9735298157,80.2504425049,42805,42815,10
12.9722995758,80.2501373291,42815,42824,9
12.9711198807,80.2498474121,42824,42834,10
12.9697399139,80.2494735718,42834,42845,11
12.9682397842,80.2488632202,42845,42855,10
12.9669504166,80.2482910156,42855,42865,10
12.9658699036,80.2477722168,42865,42876,11
12.9650201797,80.2474899292,42876,42884,8
12.9649095535,80.247428894,42884,42895,11
12.9643096924,80.2471694946,42895,42906,11
12.9633197784,80.2467422485,42906,42916,10
12.9622297287,80.2461776733,42916,42926,10
12.9611597061,80.2456817627,42926,42936,10
12.9601602554,80.2452163696,42936,42946,10
12.9595403671,80.2449798584,42946,42956,10
12.9593896866,80.2449035645,42956,42966,10
12.9592695236,80.2448196411,42966,42977,11
12.9586000443,80.2445297241,42977,42987,10
12.9578199387,80.2442092896,42987,42997,10
12.9567499161,80.2437973022,42997,43098,101
12.9567499161,80.2437973022,43098,43108,10
12.9562997818,80.2436218262,43108,43118,10
12.9557504654,80.2433624268,43118,43128,10
12.9549303055,80.2429885864,43128,43138,10
12.9539203644,80.2425689697,43138,43148,10
12.9528398514,80.2421188354,43148,43158,10
12.9517602921,80.2417221069,43158,43168,10
12.950750351,80.2413635254,43168,43179,11
12.9495296478,80.2409896851,43179,43189,10
12.9492301941,80.2408981323,43189,43199,10
12.948969841,80.2408218384,43199,43209,10
12.948390007,80.2405776978,43209,43219,10
12.9475002289,80.2402191162,43219,43229,10
12.9469604492,80.240020752,43229,43239,10
12.9467401505,80.2399215698,43239,43249,10
12.9461097717,80.2396469116,43249,43259,10
12.9451999664,80.2392120361,43259,43269,10
12.9442796707,80.2383422852,43269,43280,11
12.9433097839,80.2372817993,43280,43290,10
12.9421701431,80.2365036011,43290,43300,10
12.9408397675,80.2361373901,43300,43310,10
12.9399204254,80.2358932495,43310,43320,10
12.9397497177,80.2358398438,43320,43330,10
12.9395999908,80.2357788086,43330,43340,10
12.9389801025,80.235496521,43340,43350,10
12.9380903244,80.2350616455,43350,43360,10
12.9369401932,80.2345123291,43360,43370,10
12.9357995987,80.2339477539,43370,43380,10
12.9346599579,80.2334365845,43380,43391,11
12.9339199066,80.2330780029,43391,43401,10
12.9338798523,80.2330627441,43401,43411,10
12.9337997437,80.233001709,43411,43427,16
12.9331197739,80.2326812744,43427,43439,12
12.9319801331,80.2322769165,43439,43449,10
12.9309902191,80.2319564819,43449,43459,10
12.9295597076,80.2315826416,43459,43469,10
12.9280996323,80.2312927246,43469,43479,10
12.9268198013,80.2311019897,43479,43489,10
12.9256896973,80.2309570313,43489,43500,11
12.9242801666,80.2308120728,43500,43510,10
12.9228897095,80.2306213379,43510,43520,10
12.9215402603,80.2304000854,43520,43529,9
12.9202804565,80.2302474976,43529,43539,10
12.9190797806,80.2301025391,43539,43550,11
12.9175195694,80.2298965454,43550,43561,11
12.916179657,80.2297210693,43561,43570,9
12.9149599075,80.2295684814,43570,43580,10
12.9137802124,80.2294235229,43580,43591,11
12.9133195877,80.2293930054,43591,43602,11
12.913069725,80.2293319702,43602,43612,10
12.9123497009,80.2292175293,43612,43622,10
12.911239624,80.2290496826,43622,43632,10
12.9099397659,80.2288513184,43632,43642,10
12.9085302353,80.2286224365,43642,43652,10
12.9072198868,80.2283782959,43652,43682,30
12.9072198868,80.2283782959,43682,43693,11
12.9068698883,80.228302002,43693,43702,9
12.906419754,80.2282562256,43702,43713,11
12.9058103561,80.2282409668,43713,43723,10
12.9049100876,80.2282028198,43723,43733,10
12.9036798477,80.2281570435,43733,43743,10
12.902299881,80.2281036377,43743,43753,10
12.9010295868,80.2280273438,43753,43854,101
12.9010295868,80.2280273438,43854,43864,10
12.9009304047,80.2280502319,43864,43874,10
12.9003601074,80.2280197144,43874,43884,10
12.8992900848,80.2279815674,43884,43904,20
12.8992900848,80.2279815674,43904,43915,11
12.8990802765,80.2279663086,43915,43925,10
12.8985700607,80.2279510498,43925,43935,10
12.8978204727,80.2278594971,43935,43945,10
12.8968896866,80.2277984619,43945,43955,10
12.8959598541,80.2277526855,43955,43965,10
12.8950500488,80.2277297974,43965,43975,10
12.8940200806,80.2276611328,43975,43985,10
12.8926296234,80.2274398804,43985,44026,41
12.8926296234,80.2274398804,44026,44036,10
12.8923501968,80.2274017334,44036,44046,10
12.8916196823,80.2273712158,44046,44056,10
12.8906002045,80.2273712158,44056,44066,10
12.8893203735,80.2273788452,44066,44076,10
12.8879499435,80.2273406982,44076,44086,10
12.8870697021,80.2272415161,44086,44096,10
12.8868503571,80.2271881104,44096,44106,10
12.886179924,80.2270278931,44106,44116,10
12.8852596283,80.2268066406,44116,44127,11
12.8848800659,80.2267837524,44127,44137,10
12.8848199844,80.2267837524,44137,44147,10
12.884349823,80.2267303467,44147,44157,10
12.8835000992,80.2267227173,44157,44167,10
12.8823404312,80.2267303467,44167,44177,10
12.8810300827,80.2267379761,44177,44187,10
12.8798398972,80.2267608643,44187,44197,10
12.8786802292,80.2267990112,44197,44207,10
12.877289772,80.2268981934,44207,44217,10
12.8765001297,80.2269515991,44217,44227,10
12.8763799667,80.2266082764,44227,44238,11
12.8763799667,80.2264785767,44238,44248,10
12.8763999939,80.2263870239,44248,44258,10
12.8764696121,80.2258605957,44258,44268,10
12.8765602112,80.2249603271,44268,44278,10
12.8767204285,80.2238693237,44278,44288,10
12.876999855,80.2226486206,44288,44298,10
12.8773202896,80.2212677002,44298,44308,10
12.8776597977,80.2198410034,44308,44318,10
12.8779401779,80.2186279297,44318,44328,10
12.8782100677,80.2172775269,44328,44339,11
12.8785400391,80.2156906128,44339,44349,10
12.8788499832,80.2142105103,44349,44359,10
12.8791103363,80.2128372192,44359,44369,10
12.8793401718,80.2116622925,44369,44379,10
12.8789596558,80.2109222412,44379,44409,30
12.8789596558,80.2109222412,44409,44419,10
12.8787202835,80.2108917236,44419,44429,10
12.8781099319,80.2107925415,44429,44440,11
12.8773403168,80.2106323242,44440,44450,10
12.8765802383,80.2105026245,44450,44460,10
12.8757801056,80.2103500366,44460,44470,10
12.875,80.2102203369,44470,44480,10
12.8744401932,80.2101211548,44480,44490,10
12.8744297028,80.2101211548,44490,44500,10
12.8743400574,80.2100601196,44500,44510,10
12.8743600845,80.2097015381,44510,44520,10
12.874710083,80.2096176147,44520,44531,11
12.8747196198,80.2098083496,44531,44540,9
12.8746099472,80.2098388672,44540,45411,871
12.8746995926,80.2098922729,45411,45633,222
12.8746995926,80.2098922729,45633,45642,9
12.8746900558,80.2099761963,45642,45653,11
12.8746700287,80.2100830078,45653,45663,10
12.8746700287,80.2100906372,45663,45673,10
12.8747797012,80.2101669312,45673,45683,10
12.8753099442,80.2102737427,45683,45693,10
12.8760004044,80.2103805542,45693,45703,10
12.8767004013,80.2105178833,45703,45714,11
12.8775501251,80.2106933594,45714,45724,10
12.8781499863,80.2108001709,45724,45733,9
12.8788404465,80.2109298706,45733,45744,11
12.8791704178,80.2109909058,45744,45754,10
12.8792695999,80.2110214233,45754,45774,20
12.8792695999,80.2110214233,45774,45784,10
12.8794498444,80.211151123,45784,45794,10
12.8793897629,80.211479187,45794,45804,10
12.8792896271,80.212020874,45804,45815,11
12.8791599274,80.2127532959,45815,45825,10
12.8790197372,80.213508606,45825,45835,10
12.8788604736,80.2143630981,45835,45845,10
12.8786897659,80.2152175903,45845,45855,10
12.8784999847,80.2160873413,45855,45865,10
12.8783197403,80.2169418335,45865,45875,10
12.8781404495,80.2178421021,45875,45885,10
12.8779602051,80.2187423706,45885,45895,10
12.8777599335,80.219581604,45895,45905,10
12.8775701523,80.2204284668,45905,45916,11
12.8773803711,80.2213592529,45916,45926,10
12.8771800995,80.2222213745,45926,45936,10
12.8769702911,80.2231292725,45936,45946,10
12.8767595291,80.2240524292,45946,45956,10
12.8766202927,80.2249984741,45956,45966,10
12.8765201569,80.2259216309,45966,45976,10
12.8764200211,80.226852417,45976,45996,20
12.8764200211,80.226852417,45996,46006,10
12.8765001297,80.2269287109,46006,46017,11
12.876950264,80.2268829346,46017,46027,10
12.8777599335,80.2268218994,46027,46037,10
12.8787899017,80.2267532349,46037,46047,10
12.8800001144,80.2267074585,46047,46057,10
12.8812904358,80.2266921997,46057,46067,10
12.8825798035,80.2266769409,46067,46077,10
12.8837995529,80.2266464233,46077,46087,10
12.8847999573,80.2266235352,46087,46097,10
12.8849897385,80.2266311646,46097,46107,10
12.8850803375,80.2266387939,46107,46117,10
12.8855600357,80.2267227173,46117,46128,11
12.8864297867,80.2269592285,46128,46138,10
12.887430191,80.227180481,46138,46148,10
12.8882398605,80.2272491455,46148,46158,10
12.8886499405,80.2272567749,46158,46168,10
12.8886804581,80.2272567749,46168,46178,10
12.8888196945,80.2272720337,46178,46188,10
12.8893995285,80.2272720337,46188,46198,10
12.8900699615,80.2272796631,46198,46208,10
12.8913803101,80.2272796631,46208,46218,10
12.89220047,80.2272796631,46218,46229,11
12.8925895691,80.2273178101,46229,46239,10
12.8932800293,80.2274017334,46239,46249,10
12.893989563,80.2274780273,46249,46259,10
12.8941802979,80.2275009155,46259,46269,10
12.8947496414,80.2275619507,46269,46279,10
12.8956203461,80.2276000977,46279,46289,10
12.8966903687,80.2276382446,46289,46299,10
12.897939682,80.227722168,46299,46309,10
12.8992595673,80.2277908325,46309,46319,10
12.9000396729,80.2277908325,46319,46329,10
12.9002895355,80.2277832031,46329,46350,21
12.9002895355,80.2277832031,46350,46360,10
12.9004402161,80.2277984619,46360,46370,10
12.9006099701,80.2278213501,46370,46380,10
12.9009895325,80.2278823853,46380,46390,10
12.9014797211,80.2279281616,46390,46400,10
12.9018001556,80.2279510498,46400,46410,10
12.9023103714,80.2279586792,46410,46420,10
12.9029998779,80.2279891968,46420,46430,10
12.9037303925,80.2280273438,46430,46440,10
12.9046897888,80.2280883789,46440,46451,11
12.9056901932,80.2281570435,46451,46461,10
12.906129837,80.2281417847,46461,46471,10
12.9062099457,80.2281417847,46471,46481,10
12.9064903259,80.2281570435,46481,46491,10
12.9066400528,80.2281570435,46491,46501,10
12.9068698883,80.2281799316,46501,46511,10
12.9069900513,80.2282028198,46511,46521,10
12.9075498581,80.2282867432,46521,46531,10
12.9084196091,80.2284317017,46531,46541,10
12.9096002579,80.2286224365,46541,46552,11
12.9111003876,80.2288818359,46552,46562,10
12.9125099182,80.229057312,46562,46572,10
12.9139003754,80.2292404175,46572,46592,20
12.9139003754,80.2292404175,46592,46602,10
12.9140300751,80.2292785645,46602,46612,10
12.9144001007,80.2293395996,46612,46622,10
12.9150800705,80.2294311523,46622,46632,10
12.9159698486,80.2295608521,46632,46642,10
12.9169397354,80.2296829224,46642,46653,11
12.9180402756,80.2298431396,46653,46663,10
12.9190502167,80.2299728394,46663,46673,10
12.9200201035,80.2301177979,46673,46683,10
12.9212303162,80.2302627563,46683,46693,10
12.9225597382,80.2304534912,46693,46703,10
12.9238395691,80.2306213379,46703,46713,10
12.9251203537,80.2307891846,46713,46723,10
12.9263000488,80.2309036255,46723,46743,20
12.9263000488,80.2309036255,46743,46753,10
12.9266796112,80.2309494019,46753,46764,11
12.9274501801,80.231048584,46764,46774,10
12.9283504486,80.2311706543,46774,46784,10
12.9286499023,80.2312469482,46784,46794,10
12.9289903641,80.2313079834,46794,46804,10
12.9297103882,80.2314605713,46804,46814,10
12.930560112,80.2316818237,46814,46824,10
12.9316396713,80.2320098877,46824,46834,10
12.9327096939,80.2323379517,46834,46844,10
12.9335699081,80.2326889038,46844,46875,31
12.9335699081,80.2326889038,46875,46885,10
12.9336795807,80.232749939,46885,46895,10
12.9340200424,80.2329025269,46895,46905,10
12.934709549,80.2332077026,46905,46915,10
12.935500145,80.2335968018,46915,46925,10
12.9357004166,80.2337036133,46925,46935,10
12.9358701706,80.2337799072,46935,46945,10
12.9364404678,80.234046936,46945,46955,10
12.9372596741,80.2344512939,46955,46966,11
12.9384498596,80.2350234985,46966,46976,10
12.9397201538,80.2356033325,46976,46996,20
12.9397201538,80.2356033325,46996,47006,10
12.9398298264,80.2356872559,47006,47016,10
12.9402799606,80.2358627319,47016,47026,10
12.941069603,80.236076355,47026,47036,10
12.94190979,80.2362594604,47036,47046,10
12.9428396225,80.236579895,47046,47056,10
12.943479538,80.2370834351,47056,47066,10
12.9437103271,80.2373199463,47066,47077,11
12.9437799454,80.237411499,47077,47087,10
12.9441404343,80.2378616333,47087,47097,10
12.9447202682,80.2385025024,47097,47107,10
12.9454603195,80.2391586304,47107,47117,10
12.9463996887,80.2396011353,47117,47127,10
12.9470596313,80.2398605347,47127,47137,10
12.9471797943,80.2399215698,47137,47147,10
12.9474601746,80.2400436401,47147,47157,10
12.9480104446,80.240272522,47157,47167,10
12.9487495422,80.2405166626,47167,47198,31
12.9487495422,80.2405166626,47198,47208,10
12.9490604401,80.2406692505,47208,47218,10
12.949549675,80.2408599854,47218,47228,10
12.9503002167,80.2410812378,47228,47238,10
12.9509000778,80.2412414551,47238,47258,20
12.9509000778,80.2412414551,47258,47268,10
12.9509801865,80.241317749,47268,47278,10
12.9513998032,80.2414627075,47278,47289,11
12.9521999359,80.2417373657,47289,47299,10
12.9530096054,80.2420501709,47299,47309,10
12.9539403915,80.2424087524,47309,47319,10
12.9547195435,80.242729187,47319,47329,10
12.9553604126,80.242980957,47329,47339,10
12.9561195374,80.2432403564,47339,47349,10
12.9563598633,80.2433166504,47349,47359,10
12.9564599991,80.2433624268,47359,47369,10
12.956870079,80.2435379028,47369,47379,10
12.9575996399,80.2438735962,47379,47390,11
12.9584999084,80.2442474365,47390,47400,10
12.9588699341,80.2444000244,47400,47410,10
12.9589996338,80.2444992065,47410,47420,10
12.9595298767,80.2447509766,47420,47430,10
12.9603204727,80.2451019287,47430,47440,10
12.9612598419,80.2455291748,47440,47450,10
12.9621896744,80.2459793091,47450,47460,10
12.9628400803,80.2463226318,47460,47470,10
12.9629297256,80.2463684082,47470,47480,10
12.9630002975,80.2463912964,47480,47490,10
12.9633598328,80.2465667725,47490,47501,11
12.9640398026,80.2468719482,47501,47511,10
12.9648895264,80.2471923828,47511,47521,10
12.9659204483,80.247543335,47521,47531,10
12.9665403366,80.247756958,47531,47541,10
12.9666900635,80.2478485107,47541,47551,10
12.966799736,80.2479019165,47551,47561,10
12.9672002792,80.2481231689,47561,47571,10
12.9679203033,80.2484436035,47571,47581,10
12.9688796997,80.2488021851,47581,47591,10
12.9700603485,80.2492675781,47591,47602,11
12.9714202881,80.2497177124,47602,47612,10
12.9725599289,80.2500228882,47612,47622,10
12.9739303589,80.2503509521,47622,47632,10
12.9743900299,80.2504501343,47632,47642,10
12.9746999741,80.2505722046,47642,47651,9
12.9752998352,80.2507629395,47651,47662,11
12.9763298035,80.2510604858,47662,47672,10
12.9774799347,80.2515182495,47672,47682,10
12.9784097672,80.252281189,47682,47692,10
12.9786596298,80.2523803711,47692,47703,11
12.9787797928,80.2524414063,47703,47713,10
12.9793596268,80.2525405884,47713,47723,10
12.9798898697,80.2523574829,47723,47733,10
12.9798898697,80.2523193359,47733,47743,10
12.979929924,80.2522125244,47743,47753,10
12.9800300598,80.2517700195,47753,47763,10
12.9802703857,80.2510528564,47763,47773,10
12.9805297852,80.2500762939,47773,47783,10
12.9806995392,80.2490310669,47783,47793,10
12.980799675,80.2478179932,47793,47803,10
12.980890274,80.2466506958,47803,47814,11
12.9810600281,80.2452163696,47814,47824,10
12.9811601639,80.2440109253,47824,47834,10
12.981300354,80.243560791,47834,47844,10
12.9813404083,80.2430114746,47844,47854,10
12.9813604355,80.242729187,47854,47864,10
12.9813604355,80.2426681519,47864,47874,10
12.9813604355,80.2422103882,47874,47884,10
12.9813404083,80.2414169312,47884,47894,10
12.9813404083,80.2405471802,47894,47904,10
12.9813203812,80.239692688,47904,47915,11
12.9812898636,80.2387771606,47915,47925,10
12.9812602997,80.2378921509,47925,47945,20
12.9812602997,80.2378921509,47945,47955,10
12.9812602997,80.2377319336,47955,47965,10
12.9812402725,80.2371673584,47965,47975,10
12.9812297821,80.2363204956,47975,47985,10
12.9811897278,80.2352600098,47985,47995,10
12.9812002182,80.2343215942,47995,48005,10
12.9816303253,80.2332763672,48005,48026,21
12.9816303253,80.2332763672,48026,48036,10
12.9817304611,80.2330780029,48036,48046,10
12.9819297791,80.2325820923,48046,48056,10
12.9819898605,80.2322387695,48056,48066,10
12.9819803238,80.2317886353,48066,48076,10
12.9818696976,80.2312469482,48076,48086,10
12.981710434,80.2307281494,48086,48096,10
12.9813404083,80.2300796509,48096,48106,10
12.9809503555,80.2294616699,48106,48116,10
12.9806995392,80.2290802002,48116,48127,11
12.980629921,80.2289428711,48127,48137,10
12.9806098938,80.2288894653,48137,48147,10
12.980389595,80.2285385132,48147,48157,10
12.9802703857,80.2282409668,48157,48166,9
12.9799995422,80.2277984619,48166,48177,11
12.9794998169,80.2269821167,48177,48187,10
12.9790000916,80.2261276245,48187,48197,10
12.978509903,80.2253189087,48197,48207,10
12.9782495499,80.224899292,48207,48217,10
12.9779396057,80.2244873047,48217,48228,11
12.9777898788,80.2242889404,48228,48238,10
12.9776601791,80.224029541,48238,48247,9
12.9774198532,80.2236480713,48247,48258,11
12.9770402908,80.2230224609,48258,48268,10
12.9771299362,80.22265625,48268,48288,20
12.9771299362,80.22265625,48288,48298,10
12.9774703979,80.2225570679,48298,48308,10
12.9774904251,80.2223434448,48308,48318,10
12.9774503708,80.2218399048,48318,48329,11
12.9774198532,80.221282959,48329,48339,10
12.9776697159,80.2211914063,48339,48349,10
12.9782304764,80.2211227417,48349,48359,10
12.9790201187,80.2210464478,48359,48369,10
12.9800596237,80.220993042,48369,48379,10
12.9809904099,80.2209701538,48379,48388,9
12.9816398621,80.221321106,48388,48399,11
12.9823799133,80.2217407227,48399,48409,10
12.9828996658,80.2219314575,48409,48419,10
12.982919693,80.2219390869,48419,48429,10
12.9832201004,80.22215271,48429,48440,11
12.9834098816,80.2222824097,48440,48450,10
12.9836797714,80.2224731445,48450,48460,10
12.9841299057,80.2227096558,48460,48470,10
12.9847097397,80.2230911255,48470,48480,10
12.9852104187,80.2232437134,48480,48490,10
12.9857196808,80.2229614258,48490,48500,10
12.9864397049,80.2229232788,48500,48520,20
12.9864397049,80.2229232788,48520,48530,10
12.9866399765,80.2229537964,48530,48541,11
12.9871997833,80.2230224609,48541,48551,10
12.9879703522,80.2228469849,48551,48561,10
12.9885902405,80.2223129272,48561,48571,10
12.9890804291,80.2217025757,48571,48580,9
12.9897203445,80.2208633423,48580,48591,11
12.9905195236,80.2201766968,48591,48601,10
12.9912796021,80.2195892334,48601,48610,9
12.9916496277,80.219329834,48610,48621,11
12.9918899536,80.2191696167,48621,48631,10
12.9923601151,80.2188415527,48631,48642,11
12.9931602478,80.2182388306,48642,48652,10
12.9938402176,80.2177124023,48652,48662,10
12.99421978,80.2174224854,48662,48672,10
12.9945297241,80.2172088623,48672,48682,10
12.9949903488,80.2169036865,48682,48692,10
12.9955797195,80.2166213989,48692,48702,10
12.9962997437,80.2164764404,48702,48712,10
12.9968395233,80.2164077759,48712,48722,10
12.9972696304,80.2162322998,48722,48732,10
12.9975099564,80.2160263062,48732,48742,10
12.9976196289,80.2159576416,48742,48753,11
12.998049736,80.2155914307,48753,48763,10
12.9986400604,80.2150802612,48763,48773,10
12.9990596771,80.2147216797,48773,48783,10
12.9993400574,80.2144775391,48783,48793,10
12.9998102188,80.2140579224,48793,48803,10
13.0002498627,80.2136688232,48803,48813,10
13.0008802414,80.2131195068,48813,48823,10
13.0015802383,80.2125778198,48823,48833,10
13.0021800995,80.2122116089,48833,48843,10
13.0027399063,80.2120513916,48843,48854,11
13.0034704208,80.2119827271,48854,48864,10
13.0036001205,80.2118988037,48864,48873,9
13.0036497116,80.2118606567,48873,48884,11
13.003660202,80.2114486694,48884,48894,10
13.0036001205,80.2106018066,48894,48904,10
13.0034999847,80.2097396851,48904,48914,10
13.0035800934,80.2090911865,48914,48924,10
13.0041599274,80.2086410522,48924,48934,10
13.0050697327,80.2090606689,48934,48944,10
13.0059604645,80.2094192505,48944,48954,10
13.0070199966,80.2097091675,48954,48985,31
13.0070199966,80.2097091675,48985,48995,10
13.007229805,80.209777832,48995,49005,10
13.0075302124,80.2098312378,49005,49015,10
13.0079097748,80.2098999023,49015,49025,10
13.0081501007,80.209777832,49025,49035,10
13.0080099106,80.2091369629,49035,49045,10
13.0078697205,80.2081604004,49045,49055,10
13.0076799393,80.2070236206,49055,49066,11
13.0075397491,80.2059402466,49066,49076,10
13.0074996948,80.2051010132,49076,49086,10
13.0074996948,80.2042388916,49086,49096,10
13.0074100494,80.20337677,49096,49106,10
13.0071201324,80.2025680542,49106,49116,10
13.0065097809,80.2028884888,49116,49126,10
13.0069799423,80.2034835815,49126,49136,10
13.0078601837,80.2037124634,49136,49146,10
13.0089797974,80.2036590576,49146,49156,10
13.0101499557,80.2035980225,49156,49167,11
13.0114202499,80.2036819458,49167,49177,10
13.0125198364,80.2038803101,49177,49187,10
13.0134496689,80.2041091919,49187,49197,10
13.0136604309,80.2042617798,49197,49207,10
13.0136404037,80.2044219971,49207,49217,10
13.0134601593,80.2049179077,49217,49227,10
13.0132303238,80.2055892944,49227,49237,10
13.0129995346,80.2066116333,49237,49247,10
13.0129299164,80.2074279785,49247,49257,10
13.012840271,80.2078781128,49257,49268,11
13.012840271,80.2084121704,49268,49278,10
13.0128898621,80.2087936401,49278,49288,10
13.0130195618,80.2093734741,49288,49298,10
13.0131597519,80.2099380493,49298,49307,9
13.0130901337,80.2105178833,49307,49318,11
13.0128202438,80.2112731934,49318,49328,10
13.0123500824,80.212097168,49328,49338,10
13.0119600296,80.2126693726,49338,49348,10
13.011759758,80.2127914429,49348,49358,10
13.0110702515,80.2123413086,49358,49540,182
13.0110702515,80.2123413086,49540,49550,10
13.0108804703,80.2122802734,49550,49560,10
13.0106601715,80.2120666504,49560,50671,1111
13.0106601715,80.2120666504,50671,50681,10
13.0105695724,80.2119598389,50681,50691,10
13.0102596283,80.2117233276,50691,50701,10
13.0097799301,80.2113494873,50701,51044,343
13.0097799301,80.2113494873,51044,51054,10
13.0095300674,80.2111206055,51054,51287,233
13.0095300674,80.2111206055,51287,51297,10
13.0092096329,80.2111968994,51297,51307,10
13.0090904236,80.2113571167,51307,51317,10
13.0090198517,80.2115707397,51317,51327,10
13.0091400146,80.2119979858,51327,51337,10
13.0093097687,80.212562561,51337,51347,10
13.0095596313,80.213218689,51347,51357,10
13.0098400116,80.2139205933,51357,51367,10
13.0101003647,80.2145690918,51367,51378,11
13.010219574,80.2154006958,51378,51388,10
13.0104703903,80.2161407471,51388,51398,10
13.010840416,80.2169494629,51398,51408,10
13.0112199783,80.2177276611,51408,51418,10
13.0115604401,80.2186737061,51418,51428,10
13.0118503571,80.219619751,51428,51438,10
13.0121002197,80.2204589844,51438,51448,10
13.0123300552,80.2212524414,51448,51458,10
13.0126399994,80.2218780518,51458,51468,10
13.0132703781,80.2226409912,51468,51479,11
13.0140104294,80.2234573364,51479,51489,10
13.0144901276,80.2241516113,51489,51499,10
13.0149297714,80.2245788574,51499,51509,10
13.0151395798,80.2247619629,51509,51519,10
13.0154600143,80.2253036499,51519,51529,10
13.0151596069,80.2257919312,51529,51539,10
13.0144901276,80.2260894775,51539,51549,10
13.0138397217,80.2263565063,51549,51559,10
13.0131502151,80.2266464233,51559,51569,10
13.0123996735,80.2269363403,51569,51579,10
13.0115499496,80.2272720337,51579,51590,11
13.0106601715,80.2276306152,51590,51600,10
13.0099096298,80.2279205322,51600,51610,10
13.0094995499,80.2276077271,51610,51620,10
13.0097198486,80.2271118164,51620,51630,10
13.0100803375,80.2263031006,51630,51640,10
13.0104703903,80.2253875732,51640,51650,10
13.0108203888,80.2245025635,51650,51660,10
13.0111598969,80.2236633301,51660,51670,10
13.0111598969,80.2231292725,51670,51680,10
13.01060009,80.2228393555,51680,51691,11
13.0103197098,80.22265625,51691,51701,10
13.0101203918,80.2225265503,51701,51711,10
13.0095996857,80.2222671509,51711,51721,10
13.0088596344,80.2218780518,51721,51731,10
13.0079803467,80.2213973999,51731,51741,10
13.007060051,80.220916748,51741,51751,10
13.0061397552,80.2205581665,51751,51761,10
13.0051698685,80.2203598022,51761,51771,10
13.0043296814,80.220161438,51771,51781,10
13.0034704208,80.2199478149,51781,51791,10
13.0026302338,80.2196426392,51791,51802,11
13.0018701553,80.2188873291,51802,51812,10
13.0011100769,80.2182998657,51812,51822,10
13.0003099442,80.2177734375,51822,51832,10
12.9993600845,80.2172088623,51832,51842,10
12.9983501434,80.2167129517,51842,51852,10
12.9974002838,80.2165374756,51852,51872,20
12.9974002838,80.2165374756,51872,51882,10
12.9970903397,80.2165298462,51882,51892,10
12.9964199066,80.216583252,51892,51903,11
12.9955501556,80.2168121338,51903,51913,10
12.9952096939,80.2169876099,51913,51923,10
12.9949998856,80.2171325684,51923,51933,10
12.9946603775,80.2173614502,51933,51943,10
12.9941396713,80.2177886963,51943,51953,10
12.9934797287,80.2182312012,51953,51963,10
12.9928302765,80.2186965942,51963,51973,10
12.9922199249,80.2191696167,51973,51983,10
12.9914999008,80.2197036743,51983,51993,10
12.9909000397,80.220123291,51993,52003,10
12.9908304214,80.220161438,52003,52014,11
12.9906797409,80.2202835083,52014,52024,10
12.9902496338,80.2206192017,52024,52034,10
12.9897499084,80.2211074829,52034,52044,10
12.9894895554,80.2214431763,52044,52054,10
12.9891195297,80.2219314575,52054,52064,10
12.9885997772,80.2224807739,52064,52074,10
12.9880599976,80.2229614258,52074,52084,10
12.9876003265,80.2231216431,52084,52094,10
12.9873800278,80.2230987549,52094,52104,10
12.9868097305,80.2230224609,52104,52115,11
12.9861602783,80.2229995728,52115,52125,10
12.9856100082,80.2231216431,52125,52135,10
12.9851999283,80.2232818604,52135,52145,10
12.9845695496,80.2229995728,52145,52155,10
12.9840202332,80.2226486206,52155,52165,10
12.9836196899,80.2224197388,52165,52175,10
12.98320961,80.2221832275,52175,52185,10
12.9828701019,80.2220077515,52185,52195,10
12.9823799133,80.2218704224,52195,52205,10
12.9819002151,80.2216262817,52205,52215,10
12.9813203812,80.2212905884,52215,52226,11
12.9805498123,80.2211227417,52226,52236,10
12.9797000885,80.2211914063,52236,52246,10
12.9788599014,80.2211837769,52246,52256,10
12.9780797958,80.2211837769,52256,52266,10
12.9773797989,80.2212219238,52266,52276,10
12.9766397476,80.2212600708,52276,52286,10
12.9761896133,80.2212982178,52286,52296,10
12.9763202667,80.2217102051,52296,52306,10
12.9763402939,80.2217407227,52306,52316,10
12.9764795303,80.2219619751,52316,52327,11
12.9768104553,80.2225418091,52327,52337,10
12.9772396088,80.2232513428,52337,52347,10
12.9777402878,80.2240371704,52347,52357,10
12.9782600403,80.224861145,52357,52367,10
12.9787502289,80.2256622314,52367,52377,10
12.9791202545,80.226272583,52377,52387,10
12.9795103073,80.2268981934,52387,52397,10
12.9799604416,80.2276611328,52397,52407,10
12.9804296494,80.2284622192,52407,52417,10
12.9808397293,80.2291717529,52417,52433,16
12.9815196991,80.2302093506,52433,52446,13
12.9816904068,80.2304534912,52446,52456,10
12.9817800522,80.2306213379,52456,52466,10
12.9819898605,80.2311782837,52466,52476,10
12.9820604324,80.2319869995,52476,52486,10
12.9819202423,80.2328414917,52486,52496,10
12.9816398621,80.2335128784,52496,52506,10
12.9816398621,80.2335205078,52506,52516,10
12.9814195633,80.2339401245,52516,52526,10
12.9812202454,80.2346801758,52526,52537,11
12.9812498093,80.2357406616,52537,52548,11
12.9812803268,80.2369384766,52548,52558,10
12.9813098907,80.2379684448,52558,52567,9
12.9813404083,80.2385101318,52567,52578,11
12.9813404083,80.2386703491,52578,52588,10
12.9813404083,80.239151001,52588,52598,10
12.9813499451,80.2397079468,52598,52608,10
12.9813699722,80.2403411865,52608,52618,10
12.9813804626,80.2411575317,52618,52628,10
12.9813899994,80.241897583,52628,52639,11
12.9814195633,80.2425384521,52639,52659,20
12.9814195633,80.2425384521,52659,52669,10
12.9813995361,80.2426834106,52669,52679,10
12.9813995361,80.2427825928,52679,52689,10
12.9813899994,80.2430419922,52689,52699,10
12.9813699722,80.2436294556,52699,52709,10
12.9812202454,80.2444915771,52709,52719,10
12.9811000824,80.2455368042,52719,52729,10
12.9809598923,80.2467422485,52729,52739,10
12.9808597565,80.2479782104,52739,52750,11
12.9807500839,80.2493362427,52750,52760,10
12.9805202484,80.2504806519,52760,52770,10
12.9802398682,80.2515411377,52770,52780,10
12.9800701141,80.252166748,52780,52790,10
12.9799203873,80.2526092529,52790,52840,50
12.9799203873,80.2526092529,52840,52851,11
12.9798603058,80.252822876,52851,52861,10
12.9794797897,80.2528076172,52861,52871,10
12.9787998199,80.2527084351,52871,52881,10
12.9786996841,80.2526626587,52881,52891,10
12.9784402847,80.252532959,52891,52901,10
12.9778995514,80.2520904541,52901,52911,10
12.9771604538,80.2514877319,52911,52921,10
12.9761295319,80.2511367798,52921,52931,10
12.9749898911,80.2508087158,52931,52941,10
12.973859787,80.25050354,52941,52951,10
12.9729204178,80.2502670288,52951,52962,11
12.9726295471,80.250213623,52962,52972,10
12.9726200104,80.2501831055,52972,52982,10
12.9721698761,80.2500534058,52982,52992,10
12.9713497162,80.2498168945,52992,53008,16
12.9695796967,80.2491989136,53008,53020,12
12.9681596756,80.2486572266,53020,53028,8
12.9671401978,80.2482299805,53028,53040,12
12.9657697678,80.2476196289,53040,53050,10
12.9647397995,80.247253418,53050,53060,10
12.9638996124,80.2469329834,53060,53071,11
12.9636096954,80.2468109131,53071,53081,10
12.9634504318,80.2467575073,53081,53091,10
12.9628801346,80.2464828491,53091,53101,10
12.9620103836,80.2460327148,53101,53112,11
12.9610204697,80.2455368042,53112,53122,10
12.9600000381,80.2450790405,53122,53132,10
12.9594402313,80.2448730469,53132,53142,10
12.9592695236,80.2447891235,53142,53152,10
12.9587898254,80.2445602417,53152,53162,10
12.9580402374,80.2442321777,53162,53173,11
12.9572496414,80.243927002,53173,53183,10
12.9564399719,80.243637085,53183,53213,30
12.9564399719,80.243637085,53213,53223,10
12.9563102722,80.2435913086,53223,53233,10
12.9558401108,80.2433776855,53233,53243,10
12.9550600052,80.243019104,53243,53253,10
12.954079628,80.2425918579,53253,53263,10
12.9529800415,80.2421264648,53263,53274,11
12.951880455,80.2417373657,53274,53284,10
12.9516601563,80.2416610718,53284,53294,10
12.9513196945,80.2415237427,53294,53304,10
12.9507398605,80.2413101196,53304,53314,10
12.9498701096,80.2410736084,53314,53324,10
12.9487895966,80.2406768799,53324,53334,10
12.9477100372,80.2402420044,53334,53344,10
12.9470596313,80.2400131226,53344,53354,10
12.9467201233,80.2398681641,53354,53364,10
12.9460296631,80.2395706177,53364,53375,11
12.9450702667,80.2389984131,53375,53385,10
12.9442195892,80.2381362915,53385,53395,10
12.9435100555,80.2373580933,53395,53405,10
12.94328022,80.2371063232,53405,53415,10
12.9429197311,80.2367782593,53415,53425,10
12.9421396255,80.2363967896,53425,53435,10
12.940990448,80.2361068726,53435,53445,10
12.9399995804,80.2358398438,53445,53455,10
12.9396896362,80.2357177734,53455,53465,10
12.9393997192,80.2356033325,53465,53475,10
12.9387197495,80.2352523804,53475,53486,11
12.9377002716,80.2347412109,53486,53496,10
12.9367198944,80.2342834473,53496,53506,10
12.9360399246,80.2339401245,53506,53516,10
12.9356803894,80.2337722778,53516,53526,10
12.9349603653,80.2334594727,53526,53536,10
12.9341201782,80.2331008911,53536,53546,10
12.9339895248,80.2330474854,53546,53556,10
12.9338302612,80.2329330444,53556,53566,10
12.9334402084,80.2327194214,53566,53576,10
12.9327001572,80.2324066162,53576,53586,10
12.9316501617,80.2320632935,53586,53597,11
12.9302997589,80.2316436768,53597,53607,10
12.9293203354,80.2314376831,53607,53617,10
12.92827034,80.2312316895,53617,53627,10
12.9270601273,80.231086731,53627,53637,10
12.9262800217,80.231010437,53637,53647,10
12.9260597229,80.23097229,53647,53657,10
12.9253997803,80.2308578491,53657,53667,10
12.9244699478,80.2307662964,53667,53677,10
12.9232597351,80.2306213379,53677,53687,10
12.9219398499,80.2304000854,53687,53698,11
12.9205102921,80.23021698,53698,53708,10
12.9192800522,80.2300567627,53708,53718,10
12.9181098938,80.2299118042,53718,53728,10
12.917090416,80.2297897339,53728,53738,10
12.916009903,80.2296295166,53738,53748,10
12.9148101807,80.2294616699,53748,53758,10
12.9137802124,80.2293395996,53758,53768,10
12.913599968,80.2293014526,53768,53778,10
12.9130496979,80.2292175293,53778,53788,10
12.9121198654,80.2290802002,53788,53799,11
12.9107704163,80.2288818359,53799,53809,10
12.9093904495,80.2286605835,53809,53819,10
12.9080200195,80.2284393311,53819,53829,10
12.90721035,80.2283477783,53829,53839,10
12.9071102142,80.2283477783,53839,53849,10
12.9070196152,80.2283401489,53849,53859,10
12.9066400528,80.2282791138,53859,53869,10
12.9060401917,80.2282028198,53869,53879,10
12.9051103592,80.2281723022,53879,53889,10
12.9038600922,80.2281036377,53889,53899,10
12.9025697708,80.2280578613,53899,53910,11
12.9013299942,80.2280273438,53910,53950,40
12.9013299942,80.2280273438,53950,53960,10
12.9012403488,80.2279205322,53960,53970,10
12.9009599686,80.2278823853,53970,53980,10
12.9005298615,80.2278213501,53980,53990,10
12.8998603821,80.2277984619,53990,54006,16
12.8990802765,80.2278213501,54006,54019,13
12.8989295959,80.2278366089,54019,54029,10
12.8983097076,80.2277908325,54029,54039,10
12.8973999023,80.2276992798,54039,54049,10
12.8963603973,80.2276535034,54049,54058,9
12.8953304291,80.2276000977,54058,54069,11
12.8939304352,80.2275466919,54069,54080,11
12.8928098679,80.2274017334,54080,54090,10
12.8915395737,80.2273330688,54090,54100,10
12.8902101517,80.2273178101,54100,54110,10
12.8888397217,80.2273101807,54110,54121,11
12.8875198364,80.2272415161,54121,54131,10
12.8863201141,80.2269821167,54131,54141,10
12.8851804733,80.2267227173,54141,54151,10
12.8839902878,80.2266921997,54151,54161,10
12.8826704025,80.2266998291,54161,54171,10
12.8814697266,80.2267074585,54171,54181,10
12.8802404404,80.2267303467,54181,54191,10
12.8789701462,80.2267608643,54191,54201,10
12.8778400421,80.2268371582,54201,54211,10
12.8767700195,80.2269363403,54211,54222,11
12.8763799667,80.2266235352,54222,54242,20
12.8763799667,80.2266235352,54242,54252,10
12.8763999939,80.226348877,54252,54262,10
12.8764696121,80.2256622314,54262,54272,10
12.8765802383,80.2246398926,54272,54282,10
12.8768196106,80.2233581543,54282,54292,10
12.8771400452,80.2219390869,54292,54302,10
12.8774900436,80.2204284668,54302,54312,10
12.8778400421,80.2189712524,54312,54323,11
12.8781795502,80.2173614502,54323,54333,10
12.878490448,80.2158966064,54333,54343,10
12.8787899017,80.2144927979,54343,54353,10
12.8790597916,80.2130966187,54353,54363,10
12.8792800903,80.2119598389,54363,54373,10
12.87940979,80.2112121582,54373,54383,10
12.8790502548,80.2108917236,54383,54393,10
12.8789796829,80.2108764648,54393,54403,10
12.8788700104,80.2108764648,54403,54413,10
12.8783302307,80.2107925415,54413,54423,10
12.8776702881,80.2106704712,54423,54434,11
12.8769197464,80.2105331421,54434,54444,10
12.8765096664,80.2104492188,54444,54454,10
12.8757696152,80.210319519,54454,54464,10
12.8749103546,80.2101669312,54464,54474,10
12.874420166,80.2100830078,54474,54484,10
12.8743801117,80.2100601196,54484,54494,10
12.8743801117,80.2097015381,54494,54504,10
12.8747396469,80.2095870972,54504,54514,10
12.8746595383,80.209777832,54514,56293,1779
12.8746595383,80.209777832,56293,56303,10
12.8747301102,80.2100372314,56303,56313,10
12.8748598099,80.2101974487,56313,56324,11
12.8754501343,80.2103118896,56324,56334,10
12.8762197495,80.2104263306,56334,56343,9
12.8769397736,80.2105636597,56343,56354,11
12.8776502609,80.2107009888,56354,56364,10
12.8782300949,80.2108001709,56364,56374,10
12.8791799545,80.2109680176,56374,56393,19
12.8791799545,80.2109680176,56393,56404,11
12.879240036,80.2109909058,56404,56413,9
12.8794403076,80.2110977173,56413,56425,12
12.8793897629,80.2116622925,56425,56435,10
12.8792295456,80.2125167847,56435,56445,10
12.8790597916,80.2134017944,56445,56455,10
12.8788700104,80.2144317627,56455,56465,10
12.878660202,80.2155227661,56465,56475,10
12.8784198761,80.2166290283,56475,56485,10
12.8781795502,80.2178573608,56485,56495,10
12.8779001236,80.2191162109,56495,56505,10
12.8776397705,80.2202682495,56505,56515,10
12.8773698807,80.2214584351,56515,56526,11
12.8770599365,80.222869873,56526,56536,10
12.8767595291,80.2241592407,56536,56546,10
12.8766098022,80.2254333496,56546,56556,10
12.876449585,80.2264175415,56556,56566,10
12.876449585,80.226852417,56566,56576,10
12.8767299652,80.2269363403,56576,56586,10
12.8774595261,80.2268829346,56586,56596,10
12.8785295486,80.2267837524,56596,56606,10
12.879699707,80.2267227173,56606,56616,10
12.8808603287,80.2266921997,56616,56626,10
12.8819599152,80.2266693115,56626,56637,11
12.8832302094,80.2266464233,56637,56647,10
12.8842401505,80.2266311646,56647,56657,10
12.8848800659,80.2266235352,56657,56667,10
12.8849496841,80.2266387939,56667,56677,10
12.8854703903,80.2267227173,56677,56687,10
12.8863401413,80.2269363403,56687,56697,10
12.8874797821,80.227180481,56697,56707,10
12.8886404037,80.2272796631,56707,56717,10
12.8899297714,80.2272567749,56717,56727,10
12.8913602829,80.2272491455,56727,56738,11
12.8923797607,80.2272720337,56738,56748,10
12.8928203583,80.2273330688,56748,56758,10
12.8935403824,80.2274398804,56758,56768,10
12.8945999146,80.2275238037,56768,56778,10
12.8959302902,80.2275619507,56778,56788,10
12.8973999023,80.2276229858,56788,56798,10
12.8986101151,80.2276916504,56798,56808,10
12.8997297287,80.2277679443,56808,56818,10
12.9007997513,80.2277984619,56818,56879,61
12.9007997513,80.2277984619,56879,56889,10
12.9010896683,80.2278137207,56889,56899,10
12.9016704559,80.2278594971,56899,56909,10
12.9020700455,80.2278823853,56909,56929,20
12.9020700455,80.2278823853,56929,56939,10
12.9024295807,80.2279205322,56939,56950,11
12.9032096863,80.2279815674,56950,56960,10
12.9041595459,80.2280273438,56960,56970,10
12.9051504135,80.2280807495,56970,56980,10
12.9060401917,80.2281036377,56980,57010,30
12.9060401917,80.2281036377,57010,57020,10
12.9061098099,80.2281112671,57020,57030,10
12.906370163,80.2281417847,57030,57040,10
12.9067201614,80.2282028198,57040,57051,11
12.9071702957,80.2282409668,57051,57061,10
12.9073696136,80.2282562256,57061,57071,10
12.9079198837,80.2283325195,57071,57081,10
12.908829689,80.2284927368,57081,57091,10
12.9100198746,80.2286834717,57091,57101,10
12.911239624,80.2288818359,57101,57111,10
12.9124803543,80.2290496826,57111,57121,10
12.9137601852,80.2292098999,57121,57151,30
12.9137601852,80.2292098999,57151,57162,11
12.9138402939,80.2292098999,57162,57172,10
12.9141798019,80.2292785645,57172,57182,10
12.9148197174,80.2293930054,57182,57192,10
12.9157400131,80.2295227051,57192,57202,10
12.9169197083,80.2296829224,57202,57212,10
12.9180698395,80.2298431396,57212,57222,10
12.9189796448,80.2299575806,57222,57232,10
12.9200000763,80.2301025391,57232,57242,10
12.9211397171,80.2302398682,57242,57252,10
12.9222803116,80.2304000854,57252,57263,11
12.9236803055,80.2305831909,57263,57273,10
12.9250497818,80.2307434082,57273,57283,10
12.9261102676,80.2308502197,57283,57293,10
12.9263296127,80.2308807373,57293,57303,10
12.9264202118,80.2308807373,57303,57313,10
12.9269504547,80.2309494019,57313,57323,10
12.9278202057,80.2310562134,57323,57333,10
12.9286003113,80.2311706543,57333,57343,10
12.9287395477,80.2312011719,57343,57353,10
12.9291801453,80.2312927246,57353,57369,16
12.9304800034,80.2315979004,57369,57382,13
12.931889534,80.2320404053,57382,57392,10
12.9336595535,80.2326965332,57392,57412,20
12.9336595535,80.2326965332,57412,57422,10
12.9337396622,80.2326889038,57422,57432,10
12.9342899323,80.232963562,57432,57442,10
12.9350795746,80.2333297729,57442,57452,10
12.9360198975,80.2337875366,57452,57462,10
12.9370203018,80.2342681885,57462,57473,11
12.9380903244,80.2347869873,57473,57484,11
12.9391298294,80.2353210449,57484,57494,10
12.9396896362,80.2355804443,57494,57504,10
12.9397296906,80.2356185913,57504,57514,10
12.9401102066,80.235786438,57514,57524,10
12.9408597946,80.236000061,57524,57534,10
12.9418401718,80.2362213135,57534,57544,10
12.9429502487,80.236656189,57544,57554,10
12.943860054,80.2375335693,57554,57565,11
12.944899559,80.2386398315,57565,57574,9
12.9458999634,80.2394104004,57574,57585,11
12.9470596313,80.2398605347,57585,57595,10
12.9473199844,80.2399520874,57595,57605,10
12.947429657,80.2400131226,57605,57615,10
12.9479198456,80.2402191162,57615,57625,10
12.948679924,80.2405166626,57625,57635,10
12.9496603012,80.2408828735,57635,57645,10
12.9506998062,80.2411804199,57645,57655,10
12.951089859,80.2412872314,57655,57665,10
12.9511299133,80.241317749,57665,57675,10
12.9515600204,80.2414779663,57675,57686,11
12.9523601532,80.2417602539,57686,57696,10
12.9533195496,80.2421417236,57696,57706,10
12.9544496536,80.2426071167,57706,57716,10
12.9551401138,80.2428817749,57716,57726,10
12.955789566,80.2431335449,57726,57736,10
12.9562196732,80.2432632446,57736,57807,71
12.9562196732,80.2432632446,57807,57817,10
12.9565496445,80.2433624268,57817,57827,10
12.9567699432,80.2434310913,57827,57837,10
12.9573402405,80.2437133789,57837,57847,10
12.9581203461,80.2440490723,57847,57857,10
12.958820343,80.2443389893,57857,57867,10
12.9589099884,80.2443771362,57867,57877,10
12.95911026,80.2445373535,57877,57887,10
12.9596796036,80.2448272705,57887,57898,11
12.9605703354,80.2452392578,57898,57907,9
12.9615001678,80.2456665039,57907,57918,11
12.9626998901,80.2462387085,57918,57928,10
12.9635801315,80.2466888428,57928,57938,10
12.9644804001,80.2470626831,57938,57948,10
12.9654798508,80.2473907471,57948,57958,10
12.9663496017,80.2477035522,57958,57968,10
12.9668197632,80.2479019165,57968,57978,10
12.9668798447,80.2479324341,57978,57988,10
12.9670095444,80.248008728,57988,57999,11
12.9676198959,80.2482910156,57999,58009,10
12.9684400558,80.2486190796,58009,58019,10
12.9694795609,80.2490463257,58019,58029,10
12.9706201553,80.2494888306,58029,58039,10
12.9717798233,80.2498474121,58039,58049,10
12.9729604721,80.2501525879,58049,58059,10
12.9740800858,80.2504425049,58059,58069,10
12.9752597809,80.2507781982,58069,58079,10
12.9765100479,80.2511291504,58079,58089,10
12.977689743,80.2516784668,58089,58100,11
12.9786596298,80.2524185181,58100,58110,10
12.9796600342,80.2525405884,58110,58120,10
12.9799604416,80.2523117065,58120,58130,10
12.9799699783,80.252281189,58130,58140,10
12.980050087,80.2519073486,58140,58150,10
12.9802398682,80.2512512207,58150,58160,10
12.980509758,80.2503433228,58160,58170,10
12.9807300568,80.249168396,58170,58180,10
12.9808301926,80.2478179932,58180,58190,10
12.9809503555,80.2463912964,58190,58200,10
12.981089592,80.2449417114,58200,58211,11
12.9811897278,80.2438278198,58211,58227,16
12.9813499451,80.2427978516,58227,58259,32
12.9813499451,80.2427978516,58259,58269,10
12.9813804626,80.242477417,58269,58279,10
12.9813604355,80.241859436,58279,58289,10
12.9813604355,80.2410583496,58289,58299,10
12.9813404083,80.2403030396,58299,58310,11
12.9813098907,80.2395706177,58310,58320,10
12.9812898636,80.2389068604,58320,58330,10
12.9812698364,80.2381210327,58330,58340,10
12.9812602997,80.2378692627,58340,58350,10
12.9812602997,80.2378082275,58350,58360,10
12.9812402725,80.2373733521,58360,58370,10
12.9812202454,80.2366409302,58370,58380,10
12.9811897278,80.2357635498,58380,58390,10
12.981180191,80.2350997925,58390,58400,10
12.9811897278,80.2344207764,58400,58411,11
12.9815797806,80.2333297729,58411,58441,30
12.9815797806,80.2333297729,58441,58451,10
12.9816999435,80.2331619263,58451,58461,10
12.9818496704,80.2327804565,58461,58471,10
12.9819898605,80.2323226929,58471,58481,10
12.9819602966,80.2317581177,58481,58491,10
12.9819002151,80.2312469482,58491,58501,10
12.9816999435,80.2307281494,58501,58511,10
12.9813203812,80.2300872803,58511,58522,11
12.980919838,80.2294464111,58522,58532,10
12.9806804657,80.2291107178,58532,58542,10
12.9806003571,80.2289810181,58542,58552,10
12.9804601669,80.2287368774,58552,58562,10
12.9802503586,80.2282867432,58562,58572,10
12.9798898697,80.2276763916,58572,58582,10
12.9793996811,80.2268600464,58582,58592,10
12.9787998199,80.2258987427,58592,58602,10
12.9783096313,80.2250976563,58602,58612,10
12.9778699875,80.2244796753,58612,58623,11
12.977519989,80.2238922119,58623,58633,10
12.9770898819,80.2231826782,58633,58649,16
12.9769697189,80.2227325439,58649,58661,12
12.9771604538,80.2227020264,58661,58671,10
12.9772396088,80.2226867676,58671,58681,10
12.9774703979,80.2225189209,58681,58691,10
12.9774599075,80.2219009399,58691,58701,10
12.9774398804,80.221321106,58701,58711,10
12.9775400162,80.2211990356,58711,58721,10
12.9780101776,80.2211837769,58721,58732,11
12.978890419,80.2211380005,58732,58742,10
12.9797697067,80.2210922241,58742,58752,10
12.9806604385,80.221031189,58752,58762,10
12.9814395905,80.2212524414,58762,58772,10
12.9821395874,80.2217330933,58772,58782,10
12.9828500748,80.2219467163,58782,58792,10
12.9829998016,80.2220001221,58792,58802,10
12.9831399918,80.2220916748,58802,58812,10
12.9834098816,80.2222671509,58812,58822,10
12.9840097427,80.2226333618,58822,58833,11
12.9847698212,80.2230911255,58833,58843,10
12.9853401184,80.2232666016,58843,58853,10
12.9855203629,80.2231292725,58853,58863,10
12.9860496521,80.2229690552,58863,58873,10
12.9864902496,80.2229614258,58873,58883,10
12.986579895,80.2229766846,58883,58893,10
12.9870300293,80.2230606079,58893,58903,10
12.987449646,80.2230911255,58903,58913,10
12.9880800247,80.2228622437,58913,58923,10
12.9887399673,80.2222671509,58923,58933,10
12.9892196655,80.2216796875,58933,58944,11
12.9897203445,80.2210693359,58944,58954,10
12.9904603958,80.2203598022,58954,58984,30
12.9904603958,80.2203598022,58984,58994,10
12.9907598495,80.2201309204,58994,59004,10
12.9912204742,80.2197799683,59004,59014,10
12.9916200638,80.2194824219,59014,59024,10
12.9922399521,80.2190475464,59024,59034,10
12.992939949,80.218536377,59034,59045,11
12.9934797287,80.2181396484,59045,59055,10
12.9939603806,80.2178192139,59055,59064,9
12.9942998886,80.217590332,59064,59075,11
12.9946603775,80.2173080444,59075,59085,10
12.9947795868,80.2172164917,59085,59095,10
12.9949197769,80.2171173096,59095,59105,10
12.995349884,80.2168731689,59105,59115,10
12.9961395264,80.2165985107,59115,59125,10
12.9970197678,80.2164611816,59125,59135,10
12.9974803925,80.2161407471,59135,59146,11
12.9975500107,80.2160873413,59146,59156,10
12.9977397919,80.2159729004,59156,59166,10
12.9982099533,80.2155532837,59166,59176,10
12.9988803864,80.2149505615,59176,59186,10
12.9991903305,80.2146987915,59186,59196,10
12.9996404648,80.2143173218,59196,59206,10
12.9999704361,80.2140274048,59206,59216,10
13.0005998611,80.2134628296,59216,59226,10
13.0012397766,80.2129592896,59226,59236,10
13.0019598007,80.2124176025,59236,59247,11
13.0027503967,80.2121124268,59247,59257,10
13.0034198761,80.212059021,59257,59267,10
13.003660202,80.2118988037,59267,59277,10
13.0036802292,80.2115631104,59277,59287,10
13.0036401749,80.2108078003,59287,59297,10
13.0035295486,80.2099761963,59297,59307,10
13.0036001205,80.2091598511,59307,59317,10
13.0040302277,80.2086105347,59317,59327,10
13.0048303604,80.2089767456,59327,59337,10
13.0057697296,80.2093963623,59337,59347,10
13.006360054,80.2095794678,59347,59358,11
13.0070199966,80.2097473145,59358,59378,20
13.0070199966,80.2097473145,59378,59388,10
13.0070800781,80.2098007202,59388,59398,10
13.007519722,80.2098922729,59398,59408,10
13.0081596375,80.2099380493,59408,59418,10
13.0080604553,80.2092666626,59418,59428,10
13.007900238,80.2083206177,59428,59438,10
13.0077400208,80.2071990967,59438,59448,10
13.0075397491,80.2059173584,59448,59459,11
13.007519722,80.2045669556,59459,59469,10
13.0074195862,80.2035598755,59469,59479,10
13.0071897507,80.2026367188,59479,59489,10
13.0065002441,80.20287323,59489,59499,10
13.007060051,80.2035064697,59499,59509,10
13.0082101822,80.2037277222,59509,59520,11
13.0082101822,80.2037277222,59520,59587,67
13.0135803223,80.2047576904,59587,59596,9
13.013420105,80.2051925659,59596,59607,11
13.0131998062,80.2058792114,59607,59617,10
13.0130596161,80.2066497803,59617,59627,10
13.0129995346,80.2072982788,59627,59637,10
13.0129404068,80.2077484131,59637,59647,10
13.0129098892,80.2081832886,59647,59657,10
13.0129203796,80.2085418701,59657,59668,11
13.0129899979,80.2091064453,59668,59678,10
13.0132102966,80.2096633911,59678,59688,10
13.0131998062,80.2101974487,59688,59698,10
13.0130500793,80.2109375,59698,59708,10
13.0126800537,80.2117004395,59708,59718,10
13.0122804642,80.212348938,59718,59728,10
13.0119600296,80.2127914429,59728,59738,10
13.011759758,80.212852478,59738,59748,10
13.0113296509,80.2125167847,59748,59758,10
13.0107002258,80.2120513916,59758,59769,11
13.0104703903,80.2118988037,59769,59779,10
13.0102996826,80.2117767334,59779,59930,151
13.0102996826,80.2117767334,59930,59940,10
13.0101699829,80.2116012573,59940,59950,10
13.0097904205,80.2113037109,59950,60354,404
13.0094604492,80.2111282349,60354,60516,162
13.0094604492,80.2111282349,60516,60526,10
13.0092096329,80.2112121582,60526,60536,10
13.0090799332,80.2113876343,60536,60546,10
13.0090799332,80.211730957,60546,60556,10
13.0092697144,80.2123718262,60556,60566,10
13.0095500946,80.2131500244,60566,60576,10
13.0098600388,80.2139282227,60576,60586,10
13.0101203918,80.2145767212,60586,60596,10
13.0102396011,80.2153167725,60596,60607,11
13.0104598999,80.2161178589,60607,60617,10
13.0108604431,80.2169799805,60617,60627,10
13.0112400055,80.2177963257,60627,60637,10
13.0115404129,80.2186431885,60637,60647,10
13.0118703842,80.2195587158,60647,60657,10
13.0121803284,80.2205200195,60657,60667,10
13.0124797821,80.2212905884,60667,60683,16
13.0129699707,80.2220230103,60683,60695,12
13.0133895874,80.2225036621,60695,60703,8
13.0136995316,80.2229309082,60703,60716,13
13.0140800476,80.2236175537,60716,60726,10
13.0143499374,80.2240066528,60726,60736,10
13.0146903992,80.2244033813,60736,60746,10
13.0149097443,80.2245864868,60746,60755,9
13.0150499344,80.2247390747,60755,60766,11
13.0153503418,80.225151062,60766,60776,10
13.0154695511,80.2254562378,60776,60785,9
13.0153102875,80.2258529663,60785,60795,10
13.0147600174,80.22605896,60795,60806,11
13.0139503479,80.2263565063,60806,60817,11
13.0130796432,80.2266998291,60817,60827,10
13.012339592,80.2269897461,60827,60837,10
13.0115499496,80.2273101807,60837,60847,10
13.0107498169,80.2276306152,60847,60857,10
13.0098800659,80.2279434204,60857,60867,10
13.0095396042,80.2275390625,60867,60877,10
13.0098400116,80.2268676758,60877,60887,10
13.0102500916,80.225982666,60887,60897,10
13.0107002258,80.2249526978,60897,60907,10
13.0111198425,80.2238998413,60907,60918,11
13.0112304688,80.2231521606,60918,60928,10
13.0106801987,80.2228775024,60928,60938,10
13.010020256,80.2225418091,60938,60948,10
13.0092802048,80.2221374512,60948,60958,10
13.0085401535,80.2217330933,60958,60968,10
13.0077896118,80.2213363647,60968,60978,10
13.0069904327,80.220916748,60978,60988,10
13.0061302185,80.2205886841,60988,60998,10
13.0051803589,80.2203903198,60998,61008,10
13.0046195984,80.2202606201,61008,61018,10
13.0044202805,80.2202072144,61018,61029,11
13.0040302277,80.2201004028,61029,61039,10
13.0032901764,80.2199325562,61039,61049,10
13.0024995804,80.2195663452,61049,61059,10
13.0018997192,80.218963623,61059,61069,10
13.0013303757,80.2184371948,61069,61079,10
13.0006799698,80.2180023193,61079,61089,10
13.0000200272,80.2175674438,61089,61099,10
12.9993400574,80.2171783447,61099,61109,10
12.9987001419,80.2168426514,61109,61119,10
12.9978599548,80.2165527344,61119,61130,11
12.9973697662,80.2165222168,61130,61140,10
12.9973602295,80.2165222168,61140,61150,10
12.997130394,80.216506958,61150,61160,10
12.9966697693,80.2165374756,61160,61170,10
12.9960699081,80.2166366577,61170,61180,10
12.9954004288,80.2168426514,61180,61190,10
12.9949197769,80.2171401978,61190,61200,10
12.9945402145,80.2174072266,61200,61210,10
12.9940595627,80.2177810669,61210,61220,10
12.9934997559,80.2181777954,61220,61230,10
12.9928998947,80.2185974121,61230,61241,11
12.992190361,80.2191085815,61241,61251,10
12.9914999008,80.2196426392,61251,61261,10
12.99077034,80.2201766968,61261,61281,20
12.99077034,80.2201766968,61281,61291,10
12.9906997681,80.2202529907,61291,61301,10
12.99036026,80.2205276489,61301,61311,10
12.9898796082,80.2209320068,61311,61321,10
12.9894599915,80.2215118408,61321,61331,10
12.9890003204,80.222076416,61331,61342,11
12.9884595871,80.2226104736,61342,61352,10
12.9879398346,80.2230224609,61352,61362,10
12.9876499176,80.2231292725,61362,61372,10
12.9875602722,80.2230987549,61372,61382,10
12.9871501923,80.2230682373,61382,61392,10
12.9868202209,80.2230072021,61392,61402,10
12.9864301682,80.2229690552,61402,61412,10
12.9859600067,80.2229919434,61412,61422,10
12.9855203629,80.2232208252,61422,61432,10
12.985159874,80.2232666016,61432,61443,11
12.9846096039,80.2230300903,61443,61453,10
12.9841299057,80.2227401733,61453,61463,10
12.983710289,80.2225036621,61463,61473,10
12.9831800461,80.22215271,61473,61493,20
12.9831800461,80.22215271,61493,61503,10
12.9828996658,80.2219772339,61503,61513,10
12.9824800491,80.2218170166,61513,61523,10
12.9818601608,80.2215194702,61523,61533,10
12.9810800552,80.2210998535,61533,61544,11
12.9802303314,80.2210769653,61544,61554,10
12.9793901443,80.2211532593,61554,61564,10
12.9785003662,80.2211990356,61564,61573,9
12.9778299332,80.2212219238,61573,61584,11
12.9769001007,80.2212677002,61584,61594,10
12.976099968,80.2214584351,61594,61624,30
12.976099968,80.2214584351,61624,61634,10
12.9762001038,80.2216567993,61634,61644,10
12.9763803482,80.2219619751,61644,61655,11
12.9767599106,80.2225570679,61655,61665,10
12.9772195816,80.2233123779,61665,61675,10
12.9777698517,80.2241897583,61675,61685,10
12.9782400131,80.224937439,61685,61695,10
12.9787397385,80.2257614136,61695,61705,10
12.9792404175,80.2265625,61705,61715,10
12.9796600342,80.2272491455,61715,61725,10
12.9801101685,80.2279968262,61725,61735,10
12.9804801941,80.2286224365,61735,61745,10
12.9808797836,80.2293167114,61745,61756,11
12.9814195633,80.230140686,61756,61766,10
12.9816703796,80.2304992676,61766,61776,10
12.9816799164,80.230506897,61776,61786,10
12.9818401337,80.2308197021,61786,61796,10
12.9820203781,80.2313613892,61796,61806,10
12.9820804596,80.2320632935,61806,61816,10
12.9820404053,80.2325363159,61816,61826,10
12.9818897247,80.233039856,61826,61836,10
12.9817895889,80.233253479,61836,61846,10
12.9816398621,80.2335586548,61846,61857,11
12.9815502167,80.2337417603,61857,61867,10
12.9813299179,80.2341690063,61867,61877,10
12.9812297821,80.2348632813,61877,61887,10
12.9812498093,80.2357330322,61887,61897,10
12.9812803268,80.2366867065,61897,61907,10
12.9813098907,80.2377090454,61907,61916,9
12.9813203812,80.2384033203,61916,61927,11
12.9813404083,80.2387084961,61927,61937,10
12.9813404083,80.2388000488,61937,61947,10
12.9813499451,80.2392425537,61947,61957,10
12.9813699722,80.2398223877,61957,61968,11
12.9813899994,80.2406387329,61968,61978,10
12.9813995361,80.2415084839,61978,61988,10
12.9813995361,80.2423019409,61988,61998,10
12.9814195633,80.2426605225,61998,62008,10
12.9814195633,80.2427520752,62008,62018,10
12.9814100266,80.2431182861,62018,62028,10
12.9813899994,80.2436981201,62028,62038,10
12.9812698364,80.244468689,62038,62048,10
12.9811496735,80.2453765869,62048,62058,10
12.9810400009,80.2462615967,62058,62068,10
12.9809398651,80.2472991943,62068,62079,11
12.9808597565,80.2483596802,62079,62089,10
12.9807796478,80.2493362427,62089,62099,10
12.9806203842,80.2502975464,62099,62109,10
12.9803800583,80.2511978149,62109,62118,9
12.9801902771,80.2519302368,62118,62129,11
12.9800596237,80.2522964478,62129,62139,10
12.9799900055,80.252571106,62139,62149,10
12.9797401428,80.2527923584,62149,62159,10
12.9791402817,80.2527313232,62159,62169,10
12.9786396027,80.2526321411,62169,62180,11
12.9785299301,80.252571106,62180,62189,9
12.9781303406,80.252281189,62189,62200,11
12.9773597717,80.2516174316,62200,62210,10
12.9762802124,80.2511901855,62210,62220,10
12.9752101898,80.2508926392,62220,62230,10
12.9741401672,80.2505874634,62230,62240,10
12.9729995728,80.250289917,62240,62250,10
12.9725599289,80.2501831055,62250,62260,10
12.9722204208,80.2500686646,62260,62270,10
12.9715003967,80.2498703003,62270,62281,11
12.970410347,80.2495269775,62281,62291,10
12.9692201614,80.2490692139,62291,62301,10
12.9679403305,80.248588562,62301,62311,10
12.9668397903,80.2481002808,62311,62321,10
12.9659204483,80.2476806641,62321,62331,10
12.9651603699,80.247428894,62331,62341,10
12.9650497437,80.2473983765,62341,62351,10
12.9648599625,80.2473373413,62351,62361,10
12.9643602371,80.2471313477,62361,62371,10
12.9636497498,80.2468490601,62371,62382,11
12.9627199173,80.246383667,62382,62392,10
12.9617004395,80.2458877563,62392,62402,10
12.9605998993,80.2453689575,62402,62412,10
12.959690094,80.2449798584,62412,62422,10
12.9594497681,80.2448730469,62422,62432,10
12.9593696594,80.2448272705,62432,62442,10
12.9590101242,80.2446594238,62442,62452,10
12.958319664,80.2443618774,62452,62462,10
12.9576196671,80.244102478,62462,62472,10
12.9568996429,80.2438812256,62472,62482,10
12.9563903809,80.2437210083,62482,62513,31
12.9563903809,80.2437210083,62513,62523,10
12.956199646,80.2436981201,62523,62533,10
12.9558200836,80.2434692383,62533,62543,10
12.9552001953,80.2431335449,62543,62553,10
12.9544000626,80.242767334,62553,62563,10
12.9535102844,80.2423934937,62563,62573,10
12.952580452,80.2420196533,62573,62583,10
12.9518699646,80.2417907715,62583,62594,11
12.9516897202,80.2417297363,62594,62604,10
12.9515800476,80.2416763306,62604,62614,10
12.9510602951,80.2414779663,62614,62624,10
12.9502296448,80.2412185669,62624,62634,10
12.9492502213,80.2409133911,62634,62644,10
12.9483003616,80.2405166626,62644,62654,10
12.9475402832,80.2402114868,62654,62664,10
12.9472398758,80.2400970459,62664,62674,10
12.9471998215,80.2400817871,62674,62684,10
12.9468097687,80.2399291992,62684,62694,10
12.9461402893,80.2396392822,62694,62705,11
12.9452199936,80.2391586304,62705,62715,10
12.944439888,80.2383728027,62715,62725,10
12.9436903,80.2375717163,62725,62735,10
12.9433698654,80.2372283936,62735,62745,10
12.9432201385,80.2370681763,62745,62755,10
12.9426698685,80.2366714478,62755,62765,10
12.941740036,80.2363433838,62765,62775,10
12.9406604767,80.236076355,62775,62785,10
12.9398403168,80.2358398438,62785,62795,10
12.9397497177,80.2358169556,62795,62806,11
12.939450264,80.2356872559,62806,62816,10
12.9387998581,80.2353363037,62816,62826,10
12.9379196167,80.2349014282,62826,62836,10
12.9369897842,80.2344512939,62836,62846,10
12.9361400604,80.2340011597,62846,62856,10
12.9358196259,80.233833313,62856,62866,10
12.9357795715,80.2338104248,62866,62876,10
12.9352998734,80.2335968018,62876,62886,10
12.9345197678,80.2332611084,62886,62896,10
12.9339704514,80.2330322266,62896,62906,10
12.9339599609,80.2330169678,62906,62917,11
12.9336795807,80.2328262329,62917,62927,10
12.9329996109,80.2325363159,62927,62937,10
12.932100296,80.2322235107,62937,62947,10
12.9310798645,80.2318878174,62947,62957,10
12.9300203323,80.231590271,62957,62967,10
12.9289999008,80.2313766479,62967,62977,10
12.9279003143,80.2312088013,62977,62987,10
12.9268302917,80.2310714722,62987,62997,10
12.9261398315,80.2310180664,62997,63007,10
12.9260396957,80.231010437,63007,63018,11
12.9256095886,80.2309570313,63018,63028,10
12.9248600006,80.2308502197,63028,63038,10
12.9238996506,80.2307434082,63038,63048,10
12.9228096008,80.2305908203,63048,63058,10
12.9216899872,80.2304077148,63058,63068,10
12.9205198288,80.2302627563,63068,63078,10
12.919500351,80.2301635742,63078,63088,10
12.9191598892,80.2301177979,63088,63098,10
12.9188995361,80.2300720215,63098,63108,10
12.9182395935,80.2299804688,63108,63119,11
12.9172401428,80.229850769,63119,63129,10
12.9162397385,80.2296981812,63129,63139,10
12.9152402878,80.2295608521,63139,63149,10
12.9142599106,80.2294082642,63149,63159,10
12.9137601852,80.2293624878,63159,63169,10
12.9136695862,80.2293624878,63169,63179,10
12.9133996964,80.2293395996,63179,63189,10
12.913359642,80.2293319702,63189,63199,10
12.9128904343,80.2292480469,63199,63209,10
12.9120397568,80.2291183472,63209,63219,10
12.910900116,80.2289505005,63219,63230,11
12.9094800949,80.228729248,63230,63240,10
12.9081802368,80.2285232544,63240,63250,10
12.9072704315,80.2283630371,63250,63260,10
12.9067201614,80.2283325195,63260,63270,10
12.9062004089,80.228302002,63270,63280,10
12.9061603546,80.2283096313,63280,63290,10
12.9056997299,80.2282485962,63290,63300,10
12.90487957,80.2282028198,63300,63310,10
12.903960228,80.2281417847,63310,63320,10
12.9027795792,80.2280807495,63320,63331,11
12.9016799927,80.2280197144,63331,63341,10
12.9010601044,80.2280197144,63341,63411,70
12.9010601044,80.2280197144,63411,63421,10
12.9007501602,80.228012085,63421,63432,11
12.9002895355,80.2279586792,63432,63442,10
12.8997602463,80.2279510498,63442,63452,10
12.8995704651,80.2279281616,63452,63462,10
12.8992795944,80.2278900146,63462,63482,20
12.8992795944,80.2278900146,63482,63492,10
12.8990898132,80.2278823853,63492,63502,10
12.8986101151,80.2278366089,63502,63512,10
12.8978204727,80.2277984619,63512,63522,10
12.8967599869,80.2277374268,63522,63533,11
12.8953399658,80.2276763916,63533,63543,10
12.893989563,80.2276077271,63543,63553,10
12.8925504684,80.2274398804,63553,63603,50
12.8925504684,80.2274398804,63603,63619,16
12.8919401169,80.2274017334,63619,63631,12
12.8908596039,80.2274017334,63631,63642,11
12.8895301819,80.2273864746,63642,63650,8
12.8884401321,80.2273712158,63650,63662,12
12.8870000839,80.2272033691,63662,63672,10
12.8857498169,80.2268981934,63672,63682,10
12.885020256,80.2267608643,63682,63692,10
12.8848600388,80.2267532349,63692,63702,10
12.8847703934,80.2267532349,63702,63711,9
12.8842601776,80.2267227173,63711,63721,10
12.8833799362,80.2267303467,63721,63732,11
12.8822498322,80.2267379761,63732,63743,11
12.8806400299,80.2267684937,63743,63753,10
12.8791799545,80.2267913818,63753,63763,10
12.8777399063,80.2268600464,63763,63773,10
12.8766899109,80.2269592285,63773,63783,10
12.8763799667,80.2267074585,63783,63793,10
12.8763799667,80.2264633179,63793,63803,10
12.8764400482,80.2261505127,63803,63813,10
12.8765201569,80.2253875732,63813,63823,10
12.8766403198,80.224357605,63823,63833,10
12.8769197464,80.2230911255,63833,63844,11
12.8772602081,80.2215805054,63844,63854,10
12.877579689,80.2201766968,63854,63864,10
12.8779001236,80.2188415527,63864,63874,10
12.8781604767,80.217628479,63874,63884,10
12.878370285,80.2166290283,63884,63894,10
12.8785800934,80.2155990601,63894,63904,10
12.8788499832,80.21434021,63904,63914,10
12.8790903091,80.2130584717,63914,63924,10
12.8793096542,80.2118911743,63924,63934,10
12.8794298172,80.2111434937,63934,63944,10
12.8790197372,80.2109222412,63944,63965,21
12.8790197372,80.2109222412,63965,63975,10
12.8787899017,80.2108917236,63975,63985,10
12.8783798218,80.2108078003,63985,63995,10
12.8778896332,80.2107086182,63995,64004,9
12.8773498535,80.210609436,64004,64014,10
12.876660347,80.2104797363,64014,64025,11
12.8761796951,80.2103881836,64025,64035,10
12.8756399155,80.2102813721,64035,64045,10
12.8749799728,80.2101669312,64045,64056,11
12.874420166,80.2100830078,64056,64076,20
12.874420166,80.2100830078,64076,64085,9
12.8743495941,80.2098693848,64085,64096,11
12.8745298386,80.2095184326,64096,64106,10
12.8747396469,80.2098083496,64106,64752,646
12.8747396469,80.2098083496,64752,64762,10
12.8746404648,80.2100067139,64762,64772,10
12.8746795654,80.2101593018,64772,64783,11
12.8750200272,80.2102279663,64783,64793,10
12.8753995895,80.2103118896,64793,64803,10
12.8757400513,80.2103729248,64803,64813,10
12.876159668,80.2104415894,64813,64823,10
12.8766298294,80.2105331421,64823,64832,9
12.8770999908,80.2106170654,64832,64843,11
12.8775501251,80.2107009888,64843,64853,10
12.878080368,80.2108230591,64853,64863,10
12.8786401749,80.2109222412,64863,64873,10
12.8792495728,80.2110290527,64873,64894,21
12.8792495728,80.2110290527,64894,64904,10
12.8793802261,80.2110824585,64904,64914,10
12.8794803619,80.2112503052,64914,64924,10
12.8793802261,80.2117385864,64924,64934,10
12.879240036,80.2125015259,64934,64944,10
12.8790903091,80.2133178711,64944,64954,10
12.8789100647,80.2142868042,64954,64964,10
12.8786697388,80.2154922485,64964,64974,10
12.8783798218,80.2168426514,64974,64984,10
12.8780899048,80.21824646,64984,64995,11
12.8777704239,80.2197265625,64995,65005,10
12.8774595261,80.2210235596,65005,65015,10
12.8771495819,80.2223892212,65015,65025,10
12.876830101,80.2237472534,65025,65035,10
12.8766403198,80.2249908447,65035,65045,10
12.8765201569,80.2260665894,65045,65055,10
12.8764400482,80.2267608643,65055,65065,10
12.876449585,80.2268676758,65065,65075,10
12.8764696121,80.2268981934,65075,65085,10
12.8767700195,80.2269287109,65085,65096,11
12.877530098,80.2268600464,65096,65106,10
12.8784799576,80.2267913818,65106,65116,10
12.8795404434,80.2267303467,65116,65126,10
12.8807296753,80.2267227173,65126,65136,10
12.8819904327,80.2266998291,65136,65146,10
12.8832197189,80.2266921997,65146,65156,10
12.8843698502,80.2266616821,65156,65166,10
12.8851203918,80.2266616821,65166,65176,10
12.8851604462,80.2266616821,65176,65186,10
12.885430336,80.2267074585,65186,65196,10
12.8860998154,80.2268676758,65196,65207,11
12.8870601654,80.2271118164,65207,65217,10
12.8879995346,80.2272491455,65217,65227,10
12.8891296387,80.2273025513,65227,65237,10
12.89041996,80.2273025513,65237,65247,10
12.8916501999,80.2273025513,65247,65257,10
12.8922595978,80.2273178101,65257,65297,40
12.8922595978,80.2273178101,65297,65308,11
12.8924303055,80.2273330688,65308,65318,10
12.8930501938,80.2274017334,65318,65328,10
12.8938102722,80.2274932861,65328,65338,10
12.8945798874,80.2275772095,65338,65348,10
12.8955898285,80.2276229858,65348,65358,10
12.8968400955,80.2276763916,65358,65368,10
12.898150444,80.2277526855,65368,65378,10
12.8992996216,80.2278137207,65378,65388,10
12.9002399445,80.2278366089,65388,65398,10
12.9007101059,80.2278137207,65398,65439,41
12.9007101059,80.2278137207,65439,65449,10
12.9008398056,80.2278518677,65449,65459,10
12.9011898041,80.2279205322,65459,65469,10
12.9018697739,80.2279586792,65469,65479,10
12.9033002853,80.2279815674,65479,65509,30
12.9033002853,80.2279815674,65509,65520,11
12.9034004211,80.2279891968,65520,65530,10
12.903840065,80.2280426025,65530,65540,10
12.9044103622,80.2280883789,65540,65550,10
12.9051303864,80.2281265259,65550,65560,10
12.9059400558,80.2281723022,65560,65570,10
12.9064302444,80.2281799316,65570,65600,30
12.9064302444,80.2281799316,65600,65611,11
12.9067296982,80.2282104492,65611,65621,10
12.9068498611,80.2282180786,65621,65631,10
12.9071998596,80.2282562256,65631,65641,10
12.9078798294,80.2283630371,65641,65651,10
12.9087696075,80.2285079956,65651,65661,10
12.9098100662,80.2286834717,65661,65671,10
12.9108800888,80.2288513184,65671,65681,10
12.9119195938,80.2289962769,65681,65691,10
12.912899971,80.2291412354,65691,65701,10
12.9136400223,80.2292327881,65701,65711,10
12.9137401581,80.2292480469,65711,65722,11
12.913860321,80.2292709351,65722,65732,10
12.9142999649,80.2293395996,65732,65742,10
12.915019989,80.2294311523,65742,65752,10
12.9159803391,80.229598999,65752,65762,10
12.9170999527,80.2297515869,65762,65772,10
12.9182395935,80.2298965454,65772,65782,10
12.9191398621,80.2299880981,65782,65792,10
12.9194202423,80.2300186157,65792,65802,10
12.9197597504,80.2300567627,65802,65812,10
12.9204301834,80.2301635742,65812,65823,11
12.9214000702,80.2302780151,65823,65833,10
12.9225101471,80.2304534912,65833,65843,10
12.923740387,80.2306213379,65843,65853,10
12.9249095917,80.2307815552,65853,65863,10
12.9258298874,80.2308807373,65863,65873,10
12.9264097214,80.2309417725,65873,65889,16
12.9267196655,80.2309799194,65889,65901,12
12.9275598526,80.2310791016,65901,65909,8
12.9282398224,80.2311706543,65909,65921,12
12.9286899567,80.2312164307,65921,65931,10
12.9292097092,80.2313308716,65931,65942,11
12.930100441,80.231552124,65942,65952,10
12.9310998917,80.231842041,65952,65962,10
12.9322099686,80.2321929932,65962,65971,9
12.9330997467,80.2324981689,65971,65982,11
12.9336395264,80.2327575684,65982,65992,10
12.9337396622,80.2327880859,65992,66002,10
12.9337396622,80.2328109741,66002,66012,10
12.9340896606,80.2329711914,66012,66022,10
12.9347696304,80.2332763672,66022,66033,11
12.9357204437,80.2337188721,66033,66043,10
12.9367399216,80.2341995239,66043,66053,10
12.93791008,80.2347793579,66053,66063,10
12.9390001297,80.2352981567,66063,66073,10
12.9395599365,80.2355804443,66073,66083,10
12.9395799637,80.2355804443,66083,66093,10
12.9398403168,80.2357177734,66093,66103,10
12.9404096603,80.2359313965,66103,66113,10
12.9412603378,80.2361526489,66113,66123,10
12.9422597885,80.2363891602,66123,66134,11
12.9432401657,80.2369003296,66134,66144,10
12.9439001083,80.2375869751,66144,66154,10
12.9447097778,80.2384796143,66154,66164,10
12.945599556,80.2392883301,66164,66174,10
12.9467000961,80.2397384644,66174,66184,10
12.9472904205,80.239982605,66184,66194,10
12.9473104477,80.2399902344,66194,66204,10
12.9476203918,80.2401199341,66204,66214,10
12.9482402802,80.2403793335,66214,66224,10
12.9488697052,80.2406234741,66224,66235,11
12.949640274,80.2409210205,66235,66245,10
12.9504995346,80.2411804199,66245,66255,10
12.9510498047,80.2413330078,66255,66265,10
12.9510698318,80.2413406372,66265,66275,10
12.9513597488,80.2414627075,66275,66285,10
12.9519901276,80.2416915894,66285,66295,10
12.9528198242,80.2420120239,66295,66305,10
12.9535398483,80.2423171997,66305,66315,10
12.9546298981,80.2427520752,66315,66325,10
12.9552202225,80.2429733276,66325,66335,10
12.9559001923,80.2431793213,66335,66346,11
12.9563503265,80.2433624268,66346,66406,60
12.9563503265,80.2433624268,66406,66416,10
12.9565401077,80.2433700562,66416,66426,10
12.9568901062,80.2435379028,66426,66436,10
12.9573297501,80.2437515259,66436,66447,11
12.9580402374,80.2440567017,66447,66457,10
12.9584999084,80.2442474365,66457,66467,10
12.9587802887,80.2443771362,66467,66477,10
12.9593601227,80.2446975708,66477,66487,10
12.9593601227,80.2446975708,66487,66497,10
12.9601297379,80.2450485229,66497,66507,10
12.9611101151,80.2454910278,66507,66517,10
12.962220192,80.2460174561,66517,66527,10
12.9630002975,80.2463912964,66527,66537,10
12.9631996155,80.2464904785,66537,66547,10
12.9632196426,80.2464981079,66547,66558,11
12.9635400772,80.2466812134,66558,66568,10
12.9640703201,80.2469024658,66568,66578,10
12.9648895264,80.2472000122,66578,66587,9
12.9657897949,80.2475128174,66587,66598,11
12.9664402008,80.2478027344,66598,66608,10
12.9666795731,80.2479095459,66608,66617,9
12.9668598175,80.2479476929,66617,66627,10
12.966919899,80.2479934692,66627,66638,11
12.9672403336,80.2481765747,66638,66648,10
12.9679203033,80.2484893799,66648,66659,11
12.9689102173,80.2488937378,66659,66669,10
12.9699602127,80.2493209839,66669,66679,10
12.9710798264,80.2497024536,66679,66689,10
12.972319603,80.250038147,66689,66699,10
12.9734802246,80.2503204346,66699,66709,10
12.9742603302,80.2504806519,66709,66719,10
12.9743700027,80.2505111694,66719,66729,10
12.9747104645,80.250617981,66729,66739,10
12.9753904343,80.250831604,66739,66749,10
12.976269722,80.2510681152,66749,66760,11
12.9774303436,80.2515487671,66760,66770,10
12.9783201218,80.2522735596,66770,66780,10
12.9791297913,80.2525482178,66780,66790,10
12.9798803329,80.2524185181,66790,66810,20
12.9798803329,80.2524185181,66810,66820,10
12.9799804688,80.2521514893,66820,66830,10
12.9800901413,80.251663208,66830,66840,10
12.9803199768,80.2509613037,66840,66850,10
12.9805603027,80.2500762939,66850,66861,11
12.9806699753,80.2494125366,66861,66871,10
12.9807395935,80.2485427856,66871,66881,10
12.9808101654,80.247428894,66881,66891,10
12.9809303284,80.246131897,66891,66901,10
12.9810695648,80.2448196411,66901,66911,10
12.9811601639,80.243927002,66911,66921,10
12.9812402725,80.2436218262,66921,66931,10
12.981300354,80.243270874,66931,66941,10
12.981300354,80.2429733276,66941,66951,10
12.9813098907,80.2429580688,66951,66961,10
12.9813299179,80.2427368164,66961,66972,11
12.9813299179,80.2423706055,66972,66982,10
12.9813098907,80.2418670654,66982,66992,10
12.9813098907,80.2410888672,66992,67002,10
12.981300354,80.2401885986,67002,67012,10
12.9812898636,80.2397003174,67012,67022,10
12.9812698364,80.2392501831,67022,67032,10
12.9812498093,80.2385864258,67032,67042,10
12.9812402725,80.238243103,67042,67052,10
12.9812297821,80.2380828857,67052,67062,10
12.9812202454,80.2379837036,67062,67073,11
12.9812297821,80.2378692627,67073,67083,10
12.9812097549,80.2373809814,67083,67093,10
12.9811897278,80.236618042,67093,67103,10
12.981180191,80.2359771729,67103,67113,10
12.9811601639,80.2352828979,67113,67123,10
12.9811601639,80.2344436646,67123,67133,10
12.9813995361,80.2337036133,67133,67143,10
12.9815196991,80.2334365845,67143,67153,10
12.9815998077,80.2333068848,67153,67163,10
12.9816904068,80.2331390381,67163,67174,11
12.981880188,80.2326507568,67174,67184,10
12.9819402695,80.2321090698,67184,67194,10
12.9819202423,80.231552124,67194,67204,10
12.9817800522,80.2310333252,67204,67214,10
12.9815502167,80.2305831909,67214,67224,10
12.9812002182,80.2299575806,67224,67234,10
12.9808998108,80.2294921875,67234,67244,10
12.9806003571,80.2289962769,67244,67264,20
12.9806003571,80.2289962769,67264,67275,11
12.9804000854,80.2287063599,67275,67285,10
12.980219841,80.2282867432,67285,67295,10
12.9799098969,80.2277679443,67295,67305,10
12.9794797897,80.2270584106,67305,67315,10
12.9792604446,80.2266769409,67315,67325,10
12.9788999557,80.2260894775,67325,67335,10
12.9784898758,80.2254180908,67335,67345,10
12.9781799316,80.2249221802,67345,67355,10
12.9779500961,80.2245788574,67355,67365,10
12.9778003693,80.2244033813,67365,67375,10
12.9777002335,80.2242736816,67375,67386,11
12.9775800705,80.2240371704,67386,67396,10
12.9773902893,80.2236709595,67396,67406,10
12.9772396088,80.2234115601,67406,67416,10
12.9771900177,80.2233428955,67416,67426,10
12.9770402908,80.2230911255,67426,67436,10
12.9769897461,80.2229995728,67436,67446,10
12.9769296646,80.2228164673,67446,67456,10
12.9770298004,80.2226791382,67456,67466,10
12.9770898819,80.2226715088,67466,67476,10
12.9771203995,80.2226409912,67476,67487,11
12.9774599075,80.2225570679,67487,67497,10
12.9774198532,80.2220077515,67497,67527,30
12.9774198532,80.2220077515,67527,67537,10
12.9774198532,80.2216262817,67537,67547,10
12.977399826,80.2212371826,67547,67557,10
12.9776802063,80.2211837769,67557,67567,10
12.9782600403,80.2211608887,67567,67577,10
12.9790401459,80.2211227417,67577,67588,11
12.9798803329,80.2210769653,67588,67598,10
12.9806804657,80.220993042,67598,67608,10
12.9813499451,80.2211914063,67608,67618,10
12.9817895889,80.221496582,67618,67628,10
12.9822902679,80.2217636108,67628,67638,10
12.9826002121,80.2218399048,67638,67648,10
12.9829101563,80.2219619751,67648,67658,10
12.9829797745,80.2219924927,67658,67668,10
12.98320961,80.2221374512,67668,67678,10
12.9834403992,80.2223129272,67678,67688,10
12.9835100174,80.2223587036,67688,67699,11
12.9836101532,80.2224273682,67699,67709,10
12.9838199615,80.2225494385,67709,67719,10
12.9838895798,80.2225875854,67719,67729,10
12.9842395782,80.2227935791,67729,67739,10
12.9846897125,80.2230987549,67739,67749,10
12.985329628,80.2233123779,67749,67759,10
12.9857797623,80.2229995728,67759,67769,10
12.9864797592,80.2229690552,67769,67789,20
12.9864797592,80.2229690552,67789,67800,11
12.9868402481,80.2229995728,67800,67820,20
12.9868402481,80.2229995728,67820,67830,10
12.9871902466,80.2230529785,67830,67840,10
12.9875001907,80.2230606079,67840,67850,10
12.9879598618,80.2228622437,67850,67860,10
12.988530159,80.222366333,67860,67870,10
12.9889497757,80.2219161987,67870,67880,10
12.989279747,80.2215270996,67880,67890,10
12.9896402359,80.2210617065,67890,67901,11
12.9902801514,80.220413208,67901,67910,9
12.9904403687,80.2202911377,67910,67921,11
12.9905395508,80.220199585,67921,67931,10
12.9908704758,80.2199707031,67931,67941,10
12.9911804199,80.2196807861,67941,67971,30
12.9911804199,80.2196807861,67971,67981,10
12.9914999008,80.2194519043,67981,67991,10
12.9919900894,80.2191162109,67991,68002,11
12.9927196503,80.2185974121,68002,68012,10
12.9933099747,80.2181472778,68012,68022,10
12.9938001633,80.2177963257,68022,68032,10
12.9940595627,80.2176208496,68032,68042,10
12.9943704605,80.2173995972,68042,68052,10
12.9945402145,80.2172775269,68052,68062,10
12.9947099686,80.2171707153,68062,68072,10
12.9949102402,80.2170181274,68072,68082,10
12.9952898026,80.2167816162,68082,68092,10
12.9958496094,80.216583252,68092,68103,11
12.9961595535,80.2165222168,68103,68113,10
12.9964599609,80.216468811,68113,68153,40
12.9964599609,80.216468811,68153,68163,10
12.9970703125,80.2164230347,68163,68173,10
12.9975595474,80.2160110474,68173,68193,20
12.9975595474,80.2160110474,68193,68203,10
12.9978103638,80.2158203125,68203,68214,11
12.9983701706,80.2153167725,68214,68224,10
12.9989299774,80.2148284912,68224,68234,10
12.9991998672,80.2145767212,68234,68244,10
12.9996900558,80.2141494751,68244,68254,10
13.0000696182,80.2138214111,68254,68264,10
13.0005998611,80.2133178711,68264,68274,10
13.0012102127,80.2128601074,68274,68284,10
13.0018100739,80.2124176025,68284,68294,10
13.0024299622,80.2121124268,68294,68305,11
13.0031795502,80.2120285034,68305,68315,10
13.0036296844,80.2118377686,68315,68325,10
13.0036296844,80.2112731934,68325,68335,10
13.003569603,80.2105026245,68335,68345,10
13.0034799576,80.2098464966,68345,68355,10
13.0035200119,80.2092819214,68355,68365,10
13.0036401749,80.208770752,68365,68375,10
13.0041599274,80.2086715698,68375,68385,10
13.0047302246,80.2089233398,68385,68395,10
13.0053701401,80.2092132568,68395,68405,10
13.005900383,80.2094192505,68405,68416,11
13.0064496994,80.209602356,68416,68426,10
13.0070199966,80.2097396851,68426,68446,20
13.0070199966,80.2097396851,68446,68456,10
13.0071201324,80.209777832,68456,68466,10
13.0074100494,80.2098236084,68466,68476,10
13.0075798035,80.2098770142,68476,68486,10
13.0080499649,80.2099609375,68486,68496,10
13.008099556,80.2096786499,68496,68506,10
13.0079498291,80.2089614868,68506,68517,11
13.0078201294,80.2079925537,68517,68527,10
13.0076904297,80.2072067261,68527,68537,10
13.0075702667,80.2063980103,68537,68547,10
13.0074796677,80.2054595947,68547,68557,10
13.0074796677,80.2044219971,68557,68567,10
13.0073699951,80.2034301758,68567,68577,10
13.0070800781,80.2025375366,68577,68587,10
13.0064697266,80.2029266357,68587,68597,10
13.0069198608,80.2034225464,68597,68607,10
13.0076599121,80.2036895752,68607,68618,11
13.0087900162,80.2036590576,68618,68628,10
13.0100402832,80.2035980225,68628,68638,10
13.0112600327,80.2036590576,68638,68648,10
13.0123195648,80.2038269043,68648,68658,10
13.0131597519,80.2040100098,68658,68668,10
13.0136203766,80.2042388916,68668,68678,10
13.0136499405,80.2043991089,68678,68688,10
13.0135402679,80.2046966553,68688,68698,10
13.0135402679,80.2047195435,68698,68708,10
13.0134296417,80.2050323486,68708,68718,10
13.0131902695,80.2057418823,68718,68729,11
13.0129995346,80.2067565918,68729,68739,10
13.0129003525,80.2076416016,68739,68749,10
13.0128602982,80.2080230713,68749,68759,10
13.0128602982,80.2084579468,68759,68769,10
13.0129098892,80.2089004517,68769,68779,10
13.0131597519,80.2096405029,68779,68789,10
13.0131196976,80.2102584839,68789,68799,10
13.0129404068,80.2110366821,68799,68809,10
13.0125598907,80.2117385864,68809,68819,10
13.0121803284,80.2123184204,68819,68829,10
13.0118598938,80.2127532959,68829,68840,11
13.0115804672,80.2126464844,68840,68856,16
13.0105495453,80.2118988037,68856,68868,12
13.0098104477,80.2113571167,68868,70071,1203
13.0098104477,80.2113571167,70071,70082,11
13.0093898773,80.2110595703,70082,70102,20
13.0093898773,80.2110595703,70102,70112,10
13.0092401505,80.2110595703,70112,70122,10
13.0090398788,80.2113418579,70122,70132,10
13.0089797974,80.2116165161,70132,70142,10
13.0091400146,80.2121124268,70142,70152,10
13.0093402863,80.2127227783,70152,70165,13
13.0097198486,80.2136993408,70165,70175,10
13.0100097656,80.2144470215,70175,70185,10
13.0101203918,80.2151184082,70185,70196,11
13.0103197098,80.2159805298,70196,70206,10
13.0106697083,80.216758728,70206,70216,10
13.011059761,80.217590332,70216,70226,10
13.0114002228,80.2185516357,70226,70236,10
13.0117197037,80.2194671631,70236,70245,9
13.012049675,80.2205200195,70245,70256,11
13.0122995377,80.2213363647,70256,70266,10
13.0126399994,80.2218933105,70266,70276,10
13.0130701065,80.2224273682,70276,70287,11
13.0136499405,80.2230529785,70287,70296,9
13.0141000748,80.2235794067,70296,70307,11
13.0146102905,80.2241973877,70307,70317,10
13.0151395798,80.2248306274,70317,70327,10
13.0154104233,80.225151062,70327,70337,10
13.0154304504,80.2253570557,70337,70347,10
13.0152997971,80.2257003784,70347,70357,10
13.0146999359,80.2259979248,70357,70367,10
13.0138397217,80.2263412476,70367,70377,10
13.0128498077,80.2267227173,70377,70387,10
13.0118398666,80.2271270752,70387,70404,17
13.0101003647,80.2277984619,70404,70416,12
13.0094404221,80.2276000977,70416,70426,10
13.0095796585,80.2272415161,70426,70436,10
13.0099401474,80.2264328003,70436,70446,10
13.0103397369,80.2255020142,70446,70456,10
13.0106401443,80.2247619629,70456,70466,10
13.0108804703,80.2240982056,70466,70476,10
13.0110797882,80.2235870361,70476,70486,10
13.0111703873,80.2231369019,70486,70496,10
13.0106496811,80.2228622437,70496,70507,11
13.0102596283,80.2226715088,70507,70517,10
13.010020256,80.2225418091,70517,70526,9
13.0095500946,80.2222900391,70526,70537,11
13.0087499619,80.2218475342,70537,70547,10
13.0078496933,80.2213592529,70547,70557,10
13.0068597794,80.2208404541,70557,70567,10
13.0058403015,80.2204971313,70567,70577,10
13.0047998428,80.2202606201,70577,70587,10
13.0039396286,80.2200622559,70587,70597,10
13.0031099319,80.2198562622,70597,70608,11
13.0023803711,80.2194671631,70608,70618,10
13.0019197464,80.218963623,70618,70628,10
13.0015296936,80.2185821533,70628,70638,10
13.0011396408,80.2182998657,70638,70648,10
13.0006103516,80.2179489136,70648,70658,10
13.0000295639,80.217590332,70658,70668,10
12.9994697571,80.2172317505,70668,70678,10
12.9988603592,80.2169418335,70678,70688,10
12.9982204437,80.2166366577,70688,70698,10
12.9978704453,80.2165374756,70698,70709,11
12.997420311,80.2164993286,70709,70739,30
12.997420311,80.2164993286,70739,70749,10
12.9969701767,80.2164764404,70749,70759,10
12.9965000153,80.216506958,70759,70769,10
12.9959697723,80.2166137695,70769,70779,10
12.9958000183,80.2166595459,70779,70789,10
12.9956598282,80.2166976929,70789,70799,10
12.9953804016,80.2167816162,70799,70810,11
12.9953203201,80.2168121338,70810,70820,10
12.9952096939,80.2168731689,70820,70830,10
12.9951095581,80.2169265747,70830,70840,10
12.9949102402,80.2170715332,70840,70850,10
12.9945802689,80.2173233032,70850,70860,10
12.9941596985,80.2176208496,70860,70870,10
12.9938201904,80.2178878784,70870,70880,10
12.9932699203,80.2182693481,70880,70890,10
12.9929704666,80.2184829712,70890,70900,10
12.9925403595,80.218788147,70900,70911,11
12.9918203354,80.2193222046,70911,70921,10
12.9913301468,80.2196807861,70921,70931,10
12.9908599854,80.2200317383,70931,70941,10
12.9907503128,80.220123291,70941,70951,10
12.9906997681,80.220161438,70951,70961,10
12.9904603958,80.2203598022,70961,70971,10
12.989979744,80.2207565308,70971,70981,10
12.9895000458,80.221282959,70981,70991,10
12.989159584,80.2217178345,70991,71001,10
12.9888496399,80.2220993042,71001,71012,11
12.9884004593,80.2225570679,71012,71022,10
12.9878902435,80.2229690552,71022,71032,10
12.9876003265,80.2230606079,71032,71062,30
12.9876003265,80.2230606079,71062,71072,10
12.9872703552,80.2230224609,71072,71082,10
12.9870595932,80.2230072021,71082,71092,10
12.9869203568,80.2229995728,71092,71102,10
12.9865503311,80.2229385376,71102,71112,10
12.9862298965,80.2229309082,71112,71122,10
12.9857196808,80.2229690552,71122,71133,11
12.9854202271,80.2232437134,71133,71143,10
12.9853000641,80.2232589722,71143,71153,10
12.9849796295,80.22315979,71153,71163,10
12.9845104218,80.2229537964,71163,71173,10
12.9844503403,80.2229232788,71173,71183,10
12.9842796326,80.2228317261,71183,71223,40
12.984000206,80.2226791382,71223,71264,41
12.984000206,80.2226791382,71264,71274,10
12.9838495255,80.2226486206,71274,71284,10
12.9836196899,80.2225036621,71284,71294,10
12.9832296371,80.2222213745,71294,71304,10
12.9831695557,80.2221679688,71304,71314,10
12.9828395844,80.2219772339,71314,71324,10
12.9825201035,80.2218475342,71324,71335,11
12.9821100235,80.2217025757,71335,71345,10
12.9817199707,80.2213973999,71345,71355,10
12.9811401367,80.2211227417,71355,71365,10
12.9804496765,80.2210769653,71365,71375,10
12.9797697067,80.2211227417,71375,71385,10
12.9788198471,80.2211685181,71385,71395,10
12.9779701233,80.2211990356,71395,71405,10
12.9774799347,80.2211990356,71405,71415,10
12.9768800735,80.2212295532,71415,71425,10
12.9764499664,80.2212371826,71425,71435,10
12.9763202667,80.2212371826,71435,71446,11
12.976099968,80.2212600708,71446,71456,10
12.9762401581,80.2216110229,71456,71466,10
12.9763002396,80.2217178345,71466,71482,16
12.9763202667,80.2218322754,71482,71494,12
12.9765796661,80.2222976685,71494,71504,10
12.9767799377,80.2225799561,71504,71514,10
12.9770202637,80.2229766846,71514,71524,10
12.9774599075,80.2237091064,71524,71535,11
12.9778499603,80.2242965698,71535,71545,10
12.9780197144,80.2245407104,71545,71555,10
12.9781703949,80.2248077393,71555,71565,10
12.9781999588,80.2248535156,71565,71575,10
12.9783496857,80.2250976563,71575,71585,10
12.9786396027,80.2255706787,71585,71595,10
12.9789600372,80.2261199951,71595,71605,10
12.9793195724,80.2266998291,71605,71615,10
12.9796304703,80.2272033691,71615,71625,10
12.9800195694,80.2278366089,71625,71635,10
12.9802999496,80.2283172607,71635,71646,11
12.9806995392,80.2289810181,71646,71656,10
12.9808797836,80.229309082,71656,71666,10
12.9811201096,80.2296905518,71666,71676,10
12.9815196991,80.2303009033,71676,71686,10
12.9816799164,80.2305374146,71686,71696,10
12.9817695618,80.230758667,71696,71706,10
12.9819602966,80.231338501,71706,71716,10
12.9820203781,80.2320709229,71716,71726,10
12.9818401337,80.2328567505,71726,71736,10
12.9816398621,80.2333679199,71736,71747,11
12.9813699722,80.2339019775,71747,71757,10
12.981180191,80.2346115112,71757,71767,10
12.9811897278,80.235458374,71767,71777,10
12.9812097549,80.2362289429,71777,71787,10
12.9812297821,80.2371063232,71787,71797,10
12.9812498093,80.2379226685,71797,71807,10
12.9812698364,80.2384796143,71807,71817,10
12.9812803268,80.23853302,71817,71827,10
12.9812803268,80.2388763428,71827,71837,10
12.9812898636,80.2394790649,71837,71847,10
12.9813098907,80.2401733398,71847,71858,11
12.9813299179,80.2409973145,71858,71868,10
12.9813299179,80.2416763306,71868,71878,10
12.9813404083,80.2426834106,71878,71898,20
12.9813404083,80.2426834106,71898,71908,10
12.9813404083,80.2426986694,71908,71918,10
12.9813299179,80.2430877686,71918,71928,10
12.9812602997,80.2438430786,71928,71938,10
12.9811401367,80.2447662354,71938,71949,11
12.9809904099,80.2460327148,71949,71959,10
12.9808597565,80.2473373413,71959,71969,10
12.9807500839,80.2487182617,71969,71979,10
12.9805698395,80.2500762939,71979,71989,10
12.9802503586,80.2512969971,71989,71999,10
12.9800395966,80.2521209717,71999,72009,10
12.979929924,80.2524185181,72009,72019,10
12.9799003601,80.2525863647,72019,72090,71
12.9799003601,80.2525863647,72090,72100,10
12.9798297882,80.2527618408,72100,72110,10
12.9793996811,80.2527618408,72110,72120,10
12.978679657,80.2526702881,72120,72130,10
12.9784698486,80.2525634766,72130,72140,10
12.9779901505,80.2521591187,72140,72150,10
12.9772500992,80.2515335083,72150,72160,10
12.9760799408,80.2510986328,72160,72171,11
12.9746799469,80.2507019043,72171,72181,10
12.9735002518,80.2503890991,72181,72191,10
12.9726600647,80.2501983643,72191,72201,10
12.9723596573,80.2500762939,72201,72211,10
12.9716796875,80.2498931885,72211,72221,10
12.9707603455,80.2496185303,72221,72231,10
12.9697303772,80.2492294312,72231,72241,10
12.9686403275,80.2487869263,72241,72251,10
12.9675102234,80.2483596802,72251,72261,10
12.9666500092,80.2479476929,72261,72272,11
12.9657001495,80.2475509644,72272,72282,10
12.9652395248,80.2473983765,72282,72292,10
12.9650802612,80.2473526001,72292,72302,10
12.9645004272,80.2471313477,72302,72312,10
12.9637804031,80.2468490601,72312,72322,10
12.9633798599,80.2466812134,72322,72332,10
12.9627103806,80.2463607788,72332,72342,10
12.9617395401,80.2459030151,72342,72352,10
12.9605903625,80.2453231812,72352,72362,10
12.9597101212,80.2449493408,72362,72373,11
12.9595403671,80.2448577881,72373,72383,10
12.9590902328,80.2446517944,72383,72393,10
12.9583396912,80.2443237305,72393,72403,10
12.9577198029,80.2440795898,72403,72419,16
12.9565696716,80.2436599731,72419,72431,12
12.9563398361,80.2435684204,72431,72439,8
12.9561901093,80.2435302734,72439,72450,11
12.955619812,80.243270874,72450,72461,11
12.9546003342,80.2427825928,72461,72472,11
12.9535598755,80.2423477173,72472,72482,10
12.9526100159,80.2419662476,72482,72492,10
12.9517803192,80.2416763306,72492,72502,10
12.9515399933,80.241607666,72502,72511,9
12.9511699677,80.2414703369,72511,72522,11
12.9504404068,80.2412185669,72522,72532,10
12.9493503571,80.2408981323,72532,72542,10
12.9483804703,80.2405166626,72542,72551,9
12.9474096298,80.2400970459,72551,72562,11
12.9468803406,80.239906311,72562,72572,10
12.9467096329,80.2398376465,72572,72583,11
12.9460601807,80.2395629883,72583,72593,10
12.9452295303,80.2391281128,72593,72603,10
12.9444198608,80.238319397,72603,72613,10
12.9437398911,80.2376022339,72613,72623,10
12.9435100555,80.2373580933,72623,72633,10
12.9433202744,80.237121582,72633,72643,10
12.9427404404,80.236656189,72643,72653,10
12.9417295456,80.2362670898,72653,72663,10
12.9405097961,80.2359771729,72663,72673,10
12.9397802353,80.2357711792,72673,72684,11
12.9395904541,80.2357025146,72684,72693,9
12.9390697479,80.2354431152,72693,72704,11
12.9382095337,80.234992981,72704,72714,10
12.9369802475,80.2343673706,72714,72724,10
12.9357995987,80.2338180542,72724,72734,10
12.9347600937,80.2333679199,72734,72744,10
12.934009552,80.2330474854,72744,72754,10
12.9338903427,80.2329864502,72754,72764,10
12.9338302612,80.2329406738,72764,72774,10
12.9333896637,80.2327194214,72774,72784,10
12.9326095581,80.2323989868,72784,72795,11
12.9315795898,80.2320709229,72795,72805,10
12.9304504395,80.2316970825,72805,72815,10
12.9294595718,80.2314529419,72815,72816,1
12.9293003082,80.2314071655,72816,72826,10
12.9293003082,80.2314071655,72826,72891,65
12.9218597412,80.2304000854,72891,72902,11
12.9204702377,80.2302322388,72902,72912,10
12.9196195602,80.230140686,72912,72922,10
12.9193000793,80.230140686,72922,72933,11
12.9188995361,80.2300491333,72933,72943,10
12.9180202484,80.229927063,72943,72953,10
12.9168796539,80.2297821045,72953,72963,10
12.9158201218,80.229598999,72963,72973,10
12.9146404266,80.2294311523,72973,72983,10
12.9137601852,80.2293167114,72983,72993,10
12.9134502411,80.2293167114,72993,73004,11
12.9133996964,80.229309082,73004,73014,10
12.9128904343,80.2292175293,73014,73024,10
12.9120397568,80.2290802002,73024,73034,10
12.910900116,80.2289276123,73034,73044,10
12.909620285,80.2287368774,73044,73054,10
12.9083404541,80.2285308838,73054,73064,10
12.9072399139,80.2283401489,73064,73074,10
12.9067001343,80.2282791138,73074,73115,41
12.9067001343,80.2282791138,73115,73125,10
12.9065504074,80.2282791138,73125,73135,10
12.9060001373,80.2282485962,73135,73145,10
12.905090332,80.2282028198,73145,73154,9
12.9039897919,80.2281417847,73154,73165,11
12.9025297165,80.2280731201,73165,73175,10
12.9013299942,80.2279891968,73175,73185,10
12.900270462,80.2279129028,73185,73195,10
12.8993196487,80.2278823853,73195,73216,21
12.8993196487,80.2278823853,73216,73226,10
12.899140358,80.2278671265,73226,73236,10
12.8985395432,80.2278213501,73236,73246,10
12.8976297379,80.2277679443,73246,73256,10
12.8964395523,80.227722168,73256,73266,10
12.8951797485,80.2276687622,73266,73276,10
12.8940000534,80.2275924683,73276,73286,10
12.892999649,80.2274780273,73286,73297,11
12.8924102783,80.227432251,73297,73307,10
12.891699791,80.2273712158,73307,73317,10
12.8908195496,80.2273635864,73317,73327,10
12.8897895813,80.2273635864,73327,73337,10
12.8886995316,80.2273635864,73337,73347,10
12.8884000778,80.2273635864,73347,73357,10
12.8882598877,80.2273406982,73357,73367,10
12.8876600266,80.2272796631,73367,73377,10
12.886759758,80.2271270752,73377,73387,10
12.8856401443,80.2268371582,73387,73397,10
12.8847303391,80.2267303467,73397,73407,10
12.8845796585,80.2266998291,73407,73418,11
12.8839197159,80.2266998291,73418,73428,10
12.8830795288,80.2266998291,73428,73438,10
12.8819999695,80.2266921997,73438,73448,10
12.8809204102,80.2266998291,73448,73458,10
12.8798799515,80.2266998291,73458,73468,10
12.8786802292,80.2267379761,73468,73478,10
12.8774595261,80.2268295288,73478,73488,10
12.8766002655,80.2269287109,73488,73498,10
12.8763599396,80.2265777588,73498,73509,11
12.8763599396,80.2264785767,73509,73519,10
12.8764200211,80.2260665894,73519,73529,10
12.8765096664,80.2252426147,73529,73539,10
12.8766298294,80.2241897583,73539,73549,10
12.8768796921,80.2230377197,73549,73559,10
12.8771800995,80.2217330933,73559,73569,10
12.8774795532,80.220451355,73569,73579,10
12.8777704239,80.2191772461,73579,73589,10
12.8780698776,80.2178268433,73589,73599,10
12.8783197403,80.2165603638,73599,73609,10
12.8785600662,80.2154312134,73609,73620,11
12.878780365,80.2144088745,73620,73630,10
12.8789396286,80.2135620117,73630,73640,10
12.879119873,80.212562561,73640,73650,10
12.8792896271,80.2116775513,73650,73660,10
12.8791503906,80.2109375,73660,73690,30
12.8791503906,80.2109375,73690,73700,10
12.8789997101,80.2108917236,73700,73710,10
12.8788204193,80.2108612061,73710,73720,10
12.8784799576,80.2108230591,73720,73731,11
12.877869606,80.2107009888,73731,73741,10
12.877409935,80.210609436,73741,73751,10
12.8769397736,80.2105178833,73751,73764,13
12.8763198853,80.2104034424,73764,73774,10
12.8758401871,80.210319519,73774,73784,10
12.8753299713,80.2102279663,73784,73794,10
12.8746404648,80.2100982666,73794,73814,20
12.8746404648,80.2100982666,73814,73824,10
12.8743896484,80.2100296021,73824,73835,11
12.8743600845,80.2096481323,73835,73845,10
12.8747301102,80.209602356,73845,73855,10
12.8746795654,80.2099075317,73855,74733,878
12.8746795654,80.2099075317,74733,74743,10
12.8746595383,80.2101593018,74743,74754,11
12.874879837,80.2101669312,74754,74945,191
12.874879837,80.2101669312,74945,74955,10
12.8751602173,80.2102737427,74955,74966,11
12.8753004074,80.2102890015,74966,74976,10
12.875459671,80.2102966309,74976,74985,9
12.8758201599,80.2103805542,74985,74996,11
12.8765602112,80.2105026245,74996,75006,10
12.8772096634,80.2106323242,75006,75015,9
12.8778295517,80.2107467651,75015,75026,11
12.8784799576,80.2108688354,75026,75035,9
12.8789300919,80.2109603882,75035,75046,11
12.8792695999,80.2110214233,75046,75056,10
12.8793201447,80.2110366821,75056,75067,11
12.8794603348,80.2113571167,75067,75077,10
12.8793296814,80.2119979858,75077,75087,10
12.8791704178,80.2127990723,75087,75097,10
12.8789901733,80.2137298584,75097,75107,10
12.8788299561,80.2145767212,75107,75117,10
12.8786401749,80.2154998779,75117,75127,10
12.8783998489,80.2166290283,75127,75137,10
12.8781604767,80.2178192139,75137,75147,10
12.8779096603,80.2190093994,75147,75157,10
12.8776302338,80.2202301025,75157,75168,11
12.8773097992,80.2216186523,75168,75178,10
12.8770399094,80.2228012085,75178,75188,10
12.8767795563,80.2238998413,75188,75198,10
12.8766202927,80.2250213623,75198,75208,10
12.8765096664,80.2259979248,75208,75218,10
12.8764200211,80.2268829346,75218,75238,20
12.8764200211,80.2268829346,75238,75248,10
12.8767795563,80.2269363403,75248,75258,10
12.8775196075,80.2268676758,75258,75269,11
12.8786897659,80.2267684937,75269,75279,10
12.8798799515,80.2267227173,75279,75289,10
12.8810997009,80.2267074585,75289,75299,10
12.882349968,80.2266616821,75299,75309,10
12.883600235,80.2266464233,75309,75319,10
12.8846797943,80.2266387939,75319,75329,10
12.8851003647,80.2266387939,75329,75339,10
12.8851604462,80.2266464233,75339,75349,10
12.8856296539,80.2267379761,75349,75359,10
12.8864498138,80.2269668579,75359,75369,10
12.8874597549,80.2271881104,75369,75380,11
12.888710022,80.2273025513,75380,75390,10
12.8900203705,80.2273178101,75390,75400,10
12.8913202286,80.2273178101,75400,75410,10
12.8921899796,80.2273178101,75410,75420,10
12.8926200867,80.2273483276,75420,75430,10
12.8933696747,80.2274398804,75430,75440,10
12.8943004608,80.2275466919,75440,75450,10
12.8954496384,80.2276229858,75450,75460,10
12.8966903687,80.2276611328,75460,75471,11
12.8980798721,80.2277374268,75471,75481,10
12.8992204666,80.2277984619,75481,75491,10
12.9002399445,80.2278594971,75491,75501,10
12.9007701874,80.2278594971,75501,75561,60
12.9007701874,80.2278594971,75561,75571,10
12.9010295868,80.2279205322,75571,75581,10
12.9016304016,80.2279586792,75581,75592,11
12.9024095535,80.2279891968,75592,75602,10
12.9026098251,80.2279891968,75602,75612,10
12.9027099609,80.2279891968,75612,75622,10
12.9034900665,80.228012085,75622,75723,101
12.9034900665,80.228012085,75723,75733,10
12.9036102295,80.2280426025,75733,75743,10
12.9036798477,80.2280426025,75743,75753,10
12.9040498734,80.2280731201,75753,75763,10
12.9047403336,80.2281112671,75763,75773,10
12.905670166,80.2281570435,75773,75783,10
12.9063396454,80.228187561,75783,75794,11
12.90666008,80.2282028198,75794,75804,10
12.9069700241,80.2282180786,75804,75814,10
12.9071798325,80.2282409668,75814,75824,10
12.9078502655,80.2283477783,75824,75834,10
12.9087495804,80.2285079956,75834,75844,10
12.9098596573,80.2286834717,75844,75885,41
12.9098596573,80.2286834717,75885,75895,10
12.9100399017,80.2287368774,75895,75905,10
12.910200119,80.2287597656,75905,75915,10
12.9108400345,80.2288513184,75915,75925,10
12.9116802216,80.2289810181,75925,75935,10
12.9125003815,80.2290878296,75935,75945,10
12.9138402939,80.2292404175,75945,75965,20
12.9138402939,80.2292404175,75965,75975,10
12.9139499664,80.2292633057,75975,75986,11
12.914560318,80.229347229,75986,75996,10
12.9154396057,80.2294769287,75996,76005,9
12.9163799286,80.2296295166,76005,76016,11
12.9175300598,80.2297821045,76016,76026,10
12.9186296463,80.229927063,76026,76036,10
12.9196996689,80.2300491333,76036,76046,10
12.9200401306,80.2301101685,76046,76056,10
12.9207601547,80.2302017212,76056,76066,10
12.9216995239,80.2303314209,76066,76076,10
12.9228496552,80.2304992676,76076,76086,10
12.9240903854,80.2306671143,76086,76097,11
12.9253902435,80.2308197021,76097,76107,10
12.9258403778,80.2308502197,76107,76117,10
12.925860405,80.2308578491,76117,76127,10
12.9263496399,80.2309417725,76127,76137,10
12.9272003174,80.2310409546,76137,76147,10
12.9282598495,80.2312011719,76147,76157,10
12.9292898178,80.2313766479,76157,76167,10
12.9304800034,80.231628418,76167,76177,10
12.9314498901,80.2319335938,76177,76187,10
12.93227005,80.232208252,76187,76197,10
12.9330596924,80.2324829102,76197,76208,11
12.9336204529,80.2327194214,76208,76218,10
12.9336500168,80.232749939,76218,76228,10
12.9338302612,80.2328262329,76228,76238,10
12.9343395233,80.2330780029,76238,76248,10
12.9351100922,80.2334365845,76248,76258,10
12.9360198975,80.2338485718,76258,76268,10
12.9370098114,80.2343215942,76268,76278,10
12.9379796982,80.2348022461,76278,76288,10
12.9388799667,80.2352294922,76288,76299,11
12.9395198822,80.2355499268,76299,76309,10
12.9395999908,80.2356033325,76309,76319,10
12.9397802353,80.2356872559,76319,76329,10
12.9404096603,80.2359313965,76329,76347,18
12.9422197342,80.2363815308,76347,76359,12
12.9433898926,80.2370529175,76359,76369,10
12.9441404343,80.2378387451,76369,76378,9
12.9448003769,80.238571167,76378,76389,11
12.9457197189,80.2393417358,76389,76400,11
12.9467802048,80.2397994995,76400,76411,11
12.9472799301,80.2399902344,76411,76421,10
12.9474201202,80.2400436401,76421,76431,10
12.9479904175,80.2403030396,76431,76441,10
12.9488801956,80.2406387329,76441,76480,39
12.9488801956,80.2406387329,76480,76490,10
12.9489898682,80.2406921387,76490,76501,11
12.9495000839,80.2408905029,76501,76511,10
12.9503002167,80.2411193848,76511,76522,11
12.9510402679,80.2413406372,76522,76532,10
12.9511699677,80.2414016724,76532,76542,10
12.9516296387,80.2415924072,76542,76552,10
12.9523897171,80.241859436,76552,76562,10
12.9533996582,80.2422409058,76562,76572,10
12.9544000626,80.2426605225,76572,76582,10
12.9551000595,80.2429199219,76582,76592,10
12.9558696747,80.2432022095,76592,76602,10
12.9563999176,80.2433624268,76602,76703,101
12.9563999176,80.2433624268,76703,76714,11
12.956700325,80.2434234619,76714,76724,10
12.9573497772,80.2437362671,76724,76734,10
12.9581699371,80.2441101074,76734,76744,10
12.9587697983,80.2443237305,76744,76754,10
12.958820343,80.2443695068,76754,76764,10
12.9592103958,80.2445678711,76764,76774,10
12.9599199295,80.2449035645,76774,76784,10
12.9608402252,80.2453231812,76784,76794,10
12.9618301392,80.2457962036,76794,76804,10
12.9627304077,80.2462768555,76804,76814,10
12.9634199142,80.2466201782,76814,76855,41
12.9634199142,80.2466201782,76855,76865,10
12.9634799957,80.2466812134,76865,76875,10
12.9638395309,80.2468490601,76875,76885,10
12.9644899368,80.2471008301,76885,76895,10
12.9653396606,80.2473907471,76895,76905,10
12.9661998749,80.2477035522,76905,76915,10
12.9668102264,80.2479476929,76915,76936,21
12.9668102264,80.2479476929,76936,76946,10
12.9669599533,80.2480392456,76946,76956,10
12.9674596786,80.2482833862,76956,76966,10
12.9682502747,80.2486114502,76966,76976,10
12.9692602158,80.2490234375,76976,76986,10
12.970290184,80.249420166,76986,77002,16
12.9720401764,80.2499237061,77002,77014,12
12.9734201431,80.2502822876,77014,77022,8
12.9742097855,80.25050354,77022,77035,13
12.9755096436,80.2508468628,77035,77045,10
12.9765100479,80.2511291504,77045,77055,10
12.9774398804,80.2515029907,77055,77065,10
12.9781703949,80.2520904541,77065,77075,10
12.9790201187,80.252532959,77075,77085,10
12.9798402786,80.2525100708,77085,77095,10
12.9799804688,80.2523193359,77095,77105,10
12.9800100327,80.2522277832,77105,77115,10
12.9800796509,80.2518005371,77115,77127,12
12.980340004,80.2509689331,77127,77137,10
12.9805698395,80.2500915527,77137,77147,10
12.9807100296,80.2491989136,77147,77157,10
12.9807701111,80.2482070923,77157,77167,10
12.9808301926,80.2472229004,77167,77177,10
12.980919838,80.2461929321,77177,77187,10
12.9810400009,80.2451171875,77187,77197,10
12.9811401367,80.2441101074,77197,77207,10
12.9812602997,80.243598938,77207,77217,10
12.981300354,80.2427978516,77217,77237,20
12.981300354,80.2427978516,77237,77248,11
12.9813404083,80.24243927,77248,77258,10
12.9813299179,80.2419204712,77258,77268,10
12.9813203812,80.2412261963,77268,77278,10
12.9812898636,80.2397689819,77278,77288,10
12.9812898636,80.2397689819,77288,77298,10
12.9812803268,80.2392807007,77298,77308,10
12.9812498093,80.23853302,77308,77318,10
12.9812297821,80.2379608154,77318,77328,10
12.9812297821,80.237953186,77328,77339,11
12.9812202454,80.2378005981,77339,77349,10
12.9812002182,80.2373123169,77349,77360,11
12.981180191,80.2364196777,77360,77370,10
12.9811496735,80.2356185913,77370,77380,10
12.9811296463,80.23462677,77380,77390,10
12.9812803268,80.2339401245,77390,77401,11
12.9815196991,80.2334594727,77401,77411,10
12.981590271,80.2333297729,77411,77421,10
12.9817199707,80.2330703735,77421,77431,10
12.9819202423,80.2325134277,77431,77441,10
12.9819202423,80.232093811,77441,77452,11
12.9819002151,80.231552124,77452,77462,10
12.9818601608,80.2312698364,77462,77472,10
12.9816904068,80.2308273315,77472,77482,10
12.9813699722,80.2302627563,77482,77492,10
12.981010437,80.2296981812,77492,77502,10
12.9807701111,80.2293014526,77502,77512,10
12.9806003571,80.2290725708,77512,77532,20
12.9806003571,80.2290725708,77532,77543,11
12.9804000854,80.2287521362,77543,77553,10
12.980219841,80.2283401489,77553,77563,10
12.9799098969,80.2277984619,77563,77573,10
12.9794797897,80.2270965576,77573,77583,10
12.9791097641,80.2264480591,77583,77593,10
12.9789400101,80.2261276245,77593,77603,10
12.9785900116,80.2255630493,77603,77613,10
12.9781599045,80.224861145,77613,77623,10
12.9778003693,80.2243881226,77623,77633,10
12.9774703979,80.2238311768,77633,77644,11
12.9771003723,80.223197937,77644,77654,10
12.9769201279,80.2228393555,77654,77664,10
12.9771203995,80.2227020264,77664,77674,10
12.9771699905,80.22265625,77674,77684,10
12.9774799347,80.2225723267,77684,77694,10
12.9774799347,80.2221069336,77694,77704,10
12.9774303436,80.2215423584,77704,77714,10
12.977399826,80.221282959,77714,77724,10
12.9775400162,80.2211914063,77724,77734,10
12.9780197144,80.2211837769,77734,77745,11
12.9786901474,80.2211303711,77745,77755,10
12.9793395996,80.2210769653,77755,77765,10
12.9801797867,80.2210235596,77765,77775,10
12.9809999466,80.220993042,77775,77785,10
12.9817495346,80.2214279175,77785,77795,10
12.982460022,80.2217788696,77795,77805,10
12.9827899933,80.2218780518,77805,77815,10
12.9829301834,80.2219619751,77815,77825,10
12.9830703735,80.2220611572,77825,77835,10
12.9834403992,80.2223205566,77835,77845,10
12.9836502075,80.2224578857,77845,77856,11
12.9841003418,80.2227172852,77856,77866,10
12.9846801758,80.2230834961,77866,77876,10
12.9852399826,80.2232894897,77876,77886,10
12.9856500626,80.2230072021,77886,77896,10
12.986240387,80.2229537964,77896,77906,10
12.9863595963,80.2229385376,77906,77922,16
12.9864797592,80.2229385376,77922,77934,12
12.9867296219,80.2229766846,77934,77942,8
12.9870004654,80.2230224609,77942,77954,12
12.9874095917,80.2230377197,77954,77965,11
12.987830162,80.2229385376,77965,77974,9
12.9883499146,80.2225265503,77974,77985,11
12.9890203476,80.2218399048,77985,77995,10
12.9895401001,80.2211837769,77995,78005,10
12.9904403687,80.2202682495,78005,78025,20
12.9904403687,80.2202682495,78025,78035,10
12.9906301498,80.2201309204,78035,78045,10
12.9910802841,80.2197723389,78045,78056,11
12.9917802811,80.2192382813,78056,78066,10
12.9925098419,80.2187194824,78066,78076,10
12.9931097031,80.2182769775,78076,78086,10
12.993639946,80.2179031372,78086,78096,10
12.9940395355,80.2176132202,78096,78106,10
12.9943704605,80.2173614502,78106,78116,10
12.9946098328,80.2171707153,78116,78126,10
12.9948596954,80.2169799805,78126,78136,10
12.9952898026,80.2167434692,78136,78146,10
12.9959001541,80.2165603638,78146,78156,10
12.9964199066,80.2164535522,78156,78167,11
12.9967298508,80.2164230347,78167,78177,10
12.9969501495,80.2163925171,78177,78187,10
12.997209549,80.2162780762,78187,78197,10
12.9975004196,80.216003418,78197,78207,10
12.9975996017,80.2159194946,78207,78217,10
12.998000145,80.2155914307,78217,78227,10
12.9985399246,80.2151184082,78227,78237,10
12.9990196228,80.2147064209,78237,78247,10
12.9993400574,80.2144165039,78247,78257,10
12.9997396469,80.2140579224,78257,78266,9
13.0001001358,80.2137527466,78266,78278,12
13.0007600784,80.2131576538,78278,78288,10
13.0013799667,80.2126922607,78288,78298,10
13.0020198822,80.2122573853,78298,78308,10
13.0026597977,80.2120285034,78308,78318,10
13.0032100677,80.2120132446,78318,78328,10
13.0036096573,80.2118377686,78328,78338,10
13.0036401749,80.2115783691,78338,78348,10
13.0036296844,80.2108917236,78348,78358,10
13.0035200119,80.2100372314,78358,78369,11
13.0035600662,80.2090835571,78369,78379,10
13.0039596558,80.2085723877,78379,78389,10
13.0048503876,80.2089767456,78389,78399,10
13.0057201385,80.2093429565,78399,78409,10
13.0064897537,80.209602356,78409,78419,10
13.0070495605,80.2097396851,78419,78439,20
13.0070495605,80.2097396851,78439,78449,10
13.0071001053,80.2098236084,78449,78459,10
13.0073604584,80.2098693848,78459,78469,10
13.0075998306,80.2098999023,78469,78480,11
13.0078601837,80.2099304199,78480,78490,10
13.0080795288,80.2099380493,78490,78499,9
13.0080900192,80.2096633911,78499,78510,11
13.0079898834,80.2091217041,78510,78520,10
13.0078897476,80.2084197998,78520,78530,10
13.0077896118,80.2076797485,78530,78540,10
13.0076599121,80.2069473267,78540,78550,10
13.0075502396,80.2062606812,78550,78560,10
13.0074796677,80.2056427002,78560,78570,10
13.0074796677,80.2050704956,78570,78581,11
13.0074901581,80.2043609619,78581,78591,10
13.0074300766,80.2037200928,78591,78601,10
13.0073099136,80.2030181885,78601,78611,10
13.006939888,80.2024765015,78611,78621,10
13.006480217,80.2029037476,78621,78631,10
13.0068502426,80.20337677,78631,78641,10
13.0074796677,80.2036209106,78641,78651,10
13.0081501007,80.2036209106,78651,78661,10
13.0083198547,80.2029571533,78661,78671,10
13.007610321,80.2029037476,78671,78681,10
13.0075397491,80.2037277222,78681,78692,11
13.0075902939,80.2047805786,78692,78702,10
13.0076198578,80.2057189941,78702,78712,10
13.0077600479,80.2066879272,78712,78722,10
13.0078601837,80.2075500488,78722,78732,10
13.0080003738,80.2084732056,78732,78742,10
13.0081701279,80.2093963623,78742,78752,10
13.0084896088,80.2103271484,78752,78762,10
13.0088100433,80.2111816406,78762,78772,10
13.0090799332,80.2119598389,78772,78783,11
13.0094003677,80.2128829956,78783,78793,10
13.0096998215,80.2136764526,78793,78803,10
13.0100097656,80.2144470215,78803,78813,10
13.0101604462,80.2152633667,78813,78823,10
13.0103702545,80.2160797119,78823,78833,10
13.0107402802,80.2169189453,78833,78843,10
13.0111198425,80.2177276611,78843,78853,10
13.0114803314,80.2186584473,78853,78863,10
13.0118198395,80.219619751,78863,78873,10
13.0121097565,80.2205810547,78873,78884,11
13.0123500824,80.2214126587,78884,78894,10
13.0124797821,80.2217025757,78894,78904,10
13.0128698349,80.2222824097,78904,78914,10
13.0133800507,80.222869873,78914,78930,16
13.0141401291,80.2237091064,78930,78942,12
13.0145397186,80.2242126465,78942,78950,8
13.0149002075,80.224609375,78950,78962,12
13.0153102875,80.2250976563,78962,78972,10
13.01541996,80.2255706787,78972,78982,10
13.0150403976,80.2259521484,78982,78993,11
13.0145998001,80.2261199951,78993,79003,10
13.0140695572,80.22631073,79003,79012,9
13.0134000778,80.2265777588,79012,79023,11
13.0124702454,80.2269363403,79023,79032,9
13.011639595,80.2272567749,79032,79043,11
13.0108604431,80.2276000977,79043,79053,10
13.0100097656,80.2279586792,79053,79063,10
13.0093297958,80.2283096313,79063,79073,10
13.0091199875,80.2288208008,79073,79083,10
13.0089797974,80.2294082642,79083,79094,11
13.0088701248,80.2299575806,79094,79104,10
13.0088100433,80.2302932739,79104,79114,10
13.0087203979,80.2307434082,79114,79164,50
13.0087203979,80.2307434082,79164,79174,10
13.0086698532,80.2311325073,79174,79184,10
13.0085897446,80.2314834595,79184,79195,11
13.0084400177,80.2321166992,79195,79205,10
13.0082798004,80.2328872681,79205,79215,10
13.0081100464,80.2337188721,79215,79224,9
13.0079603195,80.2344818115,79224,79235,11
13.0077896118,80.2353134155,79235,79245,10
13.007610321,80.2362365723,79245,79255,10
13.0074300766,80.237159729,79255,79265,10
13.0072402954,80.237991333,79265,79275,10
13.0070695877,80.2387924194,79275,79285,10
13.0069103241,80.2396469116,79285,79296,11
13.0067195892,80.2406005859,79296,79306,10
13.0066204071,80.2414169312,79306,79316,10
13.0066099167,80.2423400879,79316,79326,10
13.0066204071,80.2432632446,79326,79336,10
13.0066204071,80.2442016602,79336,79346,10
13.0066404343,80.2452011108,79346,79356,10
13.0066795349,80.2461471558,79356,79366,10
13.0067396164,80.2470321655,79366,79376,10
13.0067195892,80.2479095459,79376,79386,10
13.0067501068,80.248878479,79386,79396,10
13.0067796707,80.2499694824,79396,79407,11
13.0067996979,80.251121521,79407,79417,10
13.0066604614,80.2519302368,79417,79427,10
13.0065402985,80.2527236938,79427,79437,10
13.0065402985,80.253616333,79437,79447,10
13.0065603256,80.2544326782,79447,79457,10
13.0065898895,80.2550811768,79457,79467,10
13.0066099167,80.2558898926,79467,79477,10
13.0066204071,80.2567214966,79477,79487,10
13.0066995621,80.2573394775,79487,79568,81
13.0066995621,80.2573394775,79568,79578,10
13.0066900253,80.2574768066,79578,79588,10
13.0065097809,80.2575531006,79588,79598,10
13.0061397552,80.2574996948,79598,79609,11
13.0053195953,80.2573165894,79609,79619,10
13.0045404434,80.2571411133,79619,79629,10
13.003780365,80.2569732666,79629,79638,9
13.0031499863,80.2568511963,79638,79649,11
13.002409935,80.2567062378,79649,79659,10
13.001660347,80.2565917969,79659,79669,10
13.000869751,80.2564697266,79669,79679,10
12.9999399185,80.2563095093,79679,79689,10
12.9990797043,80.256149292,79689,79699,10
12.9986400604,80.256072998,79699,79709,10
12.9978199005,80.2559814453,79709,79861,152
12.9978199005,80.2559814453,79861,79871,10
12.9976396561,80.2560424805,79871,79881,10
12.9976596832,80.2562789917,79881,79891,10
12.9976997375,80.2566986084,79891,80245,354
12.9976997375,80.2566986084,80245,80255,10
12.9977302551,80.256980896,80255,80396,141
12.9977302551,80.256980896,80396,80406,10
12.9976797104,80.2570495605,80406,80416,10
12.9977397919,80.2571487427,80416,80426,10
12.9979295731,80.2570419312,80426,80437,11
12.9979600906,80.2566986084,80437,80447,10
12.9979600906,80.2564086914,80447,80598,151
12.9977197647,80.2561187744,80598,82023,1425
12.9977197647,80.2561187744,82023,82033,10
12.9975700378,80.2559280396,82033,82043,10
12.9972000122,80.2559204102,82043,82053,10
12.9968996048,80.2559204102,82053,82063,10
12.9967403412,80.2559127808,82063,82073,10
12.9962396622,80.255897522,82073,82083,10
12.9956102371,80.255897522,82083,82094,11
12.9950304031,80.2559204102,82094,82104,10
12.9944000244,80.2559585571,82104,82114,10
12.9938097,80.2560195923,82114,82124,10
12.9930400848,80.256072998,82124,82134,10
12.9921798706,80.2561035156,82134,82144,10
12.9913301468,80.2560577393,82144,82154,10
12.9906702042,80.2560272217,82154,82164,10
12.9900398254,80.2560119629,82164,82174,10
12.98939991,80.2560119629,82174,82184,10
12.9887104034,80.2559661865,82184,82195,11
12.9879598618,80.2558898926,82195,82204,9
12.9876804352,80.2559127808,82204,82215,11
12.9875898361,80.2560501099,82215,82224,9
12.9875602722,80.2564697266,82224,82235,11
12.9875001907,80.2571792603,82235,82245,10
12.9874601364,80.2579193115,82245,82255,10
12.987449646,80.2582015991,82255,82265,10
12.9874296188,80.2584686279,82265,82275,10
12.9872903824,80.2585906982,82275,82316,41
12.9873199463,80.2584609985,82316,82474,158
12.9874095917,80.258140564,82474,83000,526
12.9874095917,80.258140564,83000,83010,10
12.9874401093,80.2580108643,83010,83020,10
12.9874696732,80.2576522827,83020,83031,11
12.9875297546,80.256980896,83031,83041,10
12.9875898361,80.2562637329,83041,83051,10
12.9876203537,80.2558364868,83051,83061,10
12.9878797531,80.2557067871,83061,83071,10
12.9883403778,80.2557907104,83071,83081,10
12.9890403748,80.2558822632,83081,83091,10
12.9898395538,80.2559432983,83091,83101,10
12.990530014,80.2559204102,83101,83111,10
12.9912204742,80.2559814453,83111,83121,10
12.9921197891,80.2560195923,83121,83132,11
12.993180275,80.2559814453,83132,83142,10
12.9940595627,80.2559204102,83142,83152,10
12.9947900772,80.2558517456,83152,83162,10
12.9957399368,80.2558288574,83162,83172,10
12.9965896606,80.255821228,83172,83182,10
12.9971399307,80.2558517456,83182,83192,10
12.9975500107,80.255859375,83192,83212,20
12.9975500107,80.255859375,83212,83222,10
12.9976596832,80.2558898926,83222,83233,11
12.998000145,80.2559204102,83233,83243,10
12.9985704422,80.2560119629,83243,83253,10
12.9992303848,80.256111145,83253,83263,10
12.9999103546,80.2562332153,83263,83273,10
13.0006799698,80.2563781738,83273,83283,10
13.0013799667,80.2565002441,83283,83293,10
13.0020999908,80.2566070557,83293,83303,10
13.0028400421,80.2567367554,83303,83313,10
13.0034799576,80.2568664551,83313,83323,10
13.0041599274,80.257019043,83323,83333,10
13.0048799515,80.2571563721,83333,83343,10
13.0056800842,80.2573165894,83343,83354,11
13.0063800812,80.2574005127,83354,83364,10
13.0064601898,80.2574386597,83364,83374,10
13.0065002441,80.2574768066,83374,83384,10
13.0067596436,80.257598877,83384,83394,10
13.0070400238,80.2580871582,83394,83404,10
13.007610321,80.2585830688,83404,83414,10
13.0084495544,80.2589187622,83414,83424,10
13.0092496872,80.2590408325,83424,83434,10
13.010219574,80.2590408325,83434,83445,11
13.0113801956,80.2590179443,83445,83455,10
13.0124797821,80.2590637207,83455,83465,10
13.0136699677,80.2591094971,83465,83475,10
13.014840126,80.259147644,83475,83485,10
13.0159597397,80.2593994141,83485,83495,10
13.0168800354,80.2600021362,83495,83511,16
13.0182800293,80.2609405518,83511,83523,12
13.0191802979,80.2616271973,83523,83533,10
13.0197896957,80.2622375488,83533,83542,9
13.0204296112,80.2627410889,83542,83554,12
13.0214195251,80.2630462646,83554,83564,10
13.0220003128,80.2633209229,83564,83574,10
13.0222797394,80.263458252,83574,83584,10
13.0226602554,80.263671875,83584,83594,10
13.0233001709,80.2639694214,83594,83604,10
13.0238895416,80.2643203735,83604,83615,11
13.0245895386,80.2648010254,83615,83625,10
13.0250902176,80.2651977539,83625,83634,9
13.0256500244,80.2655410767,83634,83644,10
13.0261201859,80.2658233643,83644,83686,42
13.0261201859,80.2658233643,83686,83696,10
13.0263204575,80.2657165527,83696,83706,10
13.0263395309,80.2655487061,83706,83716,10
13.0263900757,80.2651901245,83716,83726,10
13.02643013,80.264793396,83726,83736,10
13.0264902115,80.2643737793,83736,83746,10
13.0265302658,80.2641525269,83746,83757,11
13.0265903473,80.2635269165,83757,83767,10
13.0266799927,80.2629013062,83767,83777,10
13.0267601013,80.2621307373,83777,83787,10
13.0268602371,80.2613220215,83787,83797,10
13.0269699097,80.2605819702,83797,83807,10
13.0270700455,80.260017395,83807,83817,10
13.0270700455,80.2592926025,83817,83827,10
13.0270795822,80.2584991455,83827,83837,10
13.0270996094,80.2576217651,83837,83847,10
13.0270996094,80.256942749,83847,83858,11
13.027130127,80.2565536499,83858,83868,10
13.0274295807,80.2564315796,83868,83878,10
13.0280399323,80.256362915,83878,83888,10
13.028670311,80.2564926147,83888,83898,10
13.029250145,80.2565307617,83898,83908,10
13.0300502777,80.2565994263,83908,83918,10
13.030579567,80.2566299438,83918,83928,10
13.0308599472,80.2566604614,83928,83938,10
13.0312099457,80.256690979,83938,83948,10
13.0317497253,80.2567367554,83948,83958,10
13.0325498581,80.2568206787,83958,83969,11
13.0333995819,80.2569122314,83969,83979,10
13.0341901779,80.2569885254,83979,83989,10
13.0346899033,80.2568969727,83989,83999,10
13.0347604752,80.2564315796,83999,84009,10
13.0348901749,80.2557067871,84009,84019,10
13.0349702835,80.2549972534,84019,84029,10
13.0350399017,80.254699707,84029,84039,10
13.0351295471,80.2545623779,84039,84049,10
13.0354204178,80.254737854,84049,84059,10
13.0359296799,80.2551422119,84059,84070,11
13.0367097855,80.2556686401,84070,84079,9
13.037320137,80.2561035156,84079,84090,11
13.0380802155,80.2566299438,84090,84100,10
13.0386800766,80.2570800781,84100,84110,10
13.0394601822,80.2576065063,84110,84120,10
13.0403003693,80.2580337524,84120,84130,10
13.0410900116,80.2584533691,84130,84140,10
13.0419301987,80.2589569092,84140,84150,10
13.0427103043,80.2593612671,84150,84160,10
13.0435304642,80.2595291138,84160,84171,11
13.0445804596,80.2596817017,84171,84181,10
13.0452404022,80.2596969604,84181,84191,10
13.0453500748,80.2592468262,84191,84201,10
13.0454702377,80.2584533691,84201,84211,10
13.0456800461,80.257522583,84211,84221,10
13.045999527,80.2566680908,84221,84231,10
13.0463399887,80.2557067871,84231,84241,10
13.04666996,80.2548370361,84241,84251,10
13.0474004745,80.2542190552,84251,84261,10
13.0483102798,80.2537002563,84261,84272,11
13.0493602753,80.2532577515,84272,84282,10
13.0502500534,80.2526397705,84282,84292,10
13.0511198044,80.251953125,84292,84302,10
13.0518102646,80.2513580322,84302,84312,10
13.0521802902,80.250831604,84312,84322,10
13.0524101257,80.2507019043,84322,84332,10
13.0529203415,80.250579834,84332,84342,10
13.0535202026,80.2503128052,84342,84352,10
13.0537004471,80.2499237061,84352,84362,10
13.0535402298,80.2491912842,84362,84372,10
13.0533704758,80.248336792,84372,84383,11
13.0531301498,80.2473220825,84383,84393,10
13.0529298782,80.246421814,84393,84403,10
13.0528097153,80.2455368042,84403,84413,10
13.0527496338,80.2451019287,84413,84423,10
13.0526800156,80.2447433472,84423,84433,10
13.0526800156,80.2440185547,84433,84443,10
13.0527496338,80.2434997559,84443,84453,10
13.0527095795,80.2425689697,84453,84463,10
13.0524597168,80.2417373657,84463,84473,10
13.0521697998,80.2410964966,84473,84484,11
13.0519695282,80.2407913208,84484,84494,10
13.0516700745,80.2407073975,84494,84504,10
13.0511302948,80.2406082153,84504,84514,10
13.0504398346,80.2404708862,84514,84524,10
13.0497198105,80.2403182983,84524,84534,10
13.049079895,80.2401733398,84534,84544,10
13.04845047,80.2400436401,84544,84554,10
13.0476999283,80.2398681641,84554,84564,10
13.0468997955,80.2397003174,84564,84574,10
13.0462903976,80.2395782471,84574,84585,11
13.0462799072,80.2392272949,84585,84595,10
13.0464200974,80.23853302,84595,84605,10
13.0466003418,80.2376480103,84605,84615,10
13.0467596054,80.2368011475,84615,84625,10
13.0469198227,80.2361831665,84625,84635,10
13.0470104218,80.235748291,84635,84645,10
13.0470304489,80.2355804443,84645,84655,10
13.0471200943,80.234992981,84655,84665,10
13.0472297668,80.2342376709,84665,84675,10
13.0473203659,80.2333602905,84675,84686,11
13.0474500656,80.2327194214,84686,84696,10
13.0475502014,80.2320404053,84696,84706,10
13.0476398468,80.2312774658,84706,84716,10
13.0476999283,80.2305908203,84716,84726,10
13.0474500656,80.2300415039,84726,84736,10
13.0467796326,80.2298126221,84736,84746,10
13.0458898544,80.2296829224,84746,84756,10
13.0450601578,80.2295074463,84756,84766,10
13.0445995331,80.2294311523,84766,84776,10
13.044260025,80.2293319702,84776,84786,10
13.0438604355,80.2291717529,84786,84797,11
13.0439796448,80.228767395,84797,84807,10
13.0441598892,80.228187561,84807,84817,10
13.0443601608,80.2274398804,84817,84827,10
13.0446100235,80.2265396118,84827,84837,10
13.0447502136,80.2259674072,84837,84847,10
13.0449800491,80.225769043,84847,84857,10
13.0455598831,80.2259216309,84857,84867,10
13.0463895798,80.2261734009,84867,84877,10
13.0469102859,80.2263183594,84877,84887,10
13.047659874,80.2265625,84887,84898,11
13.0485401154,80.2267990112,84898,84908,10
13.0493602753,80.2269287109,84908,84918,10
13.0502901077,80.2271270752,84918,84927,9
13.0509300232,80.2272415161,84927,84938,11
13.0516901016,80.2274169922,84938,84948,10
13.0522403717,80.2275009155,84948,84958,10
13.0529403687,80.2276382446,84958,84968,10
13.0537004471,80.2277374268,84968,84978,10
13.053899765,80.227432251,84978,84987,9
13.0538396835,80.2268066406,84987,84998,11
13.0537004471,80.2257537842,84998,85009,11
13.053440094,80.2245330811,85009,85019,10
13.0532197952,80.2234573364,85019,85029,10
13.0529298782,80.2223129272,85029,85039,10
13.0526199341,80.2211914063,85039,85049,10
13.0523700714,80.2203369141,85049,85059,10
13.0521697998,80.219619751,85059,85069,10
13.0519304276,80.2188720703,85069,85079,10
13.0515899658,80.217918396,85079,85089,10
13.0513095856,80.2170715332,85089,85099,10
13.0510396957,80.2163009644,85099,85110,11
13.0508298874,80.2155303955,85110,85147,37
13.0502099991,80.2146835327,85147,85160,13
13.0493297577,80.214630127,85160,85170,10
13.0484895706,80.2145614624,85170,85180,10
13.0478696823,80.2145309448,85180,85190,10
13.047539711,80.2144775391,85190,85200,10
13.0468997955,80.2145080566,85200,85211,11
13.0459804535,80.2146606445,85211,85220,9
13.0451402664,80.2147979736,85220,85231,11
13.0445899963,80.2148284912,85231,85241,10
13.044500351,80.2144622803,85241,85251,10
13.0444602966,80.213760376,85251,85261,10
13.0444297791,80.2128372192,85261,85271,10
13.0445203781,80.2123031616,85271,85281,10
13.0450801849,80.212272644,85281,85291,10
13.045920372,80.2122192383,85291,85301,10
13.0467100143,80.2121582031,85301,85312,11
13.0471000671,80.2120437622,85312,85322,10
13.04708004,80.2117996216,85322,85332,10
13.0470399857,80.2111587524,85332,85342,10
13.0471897125,80.2107772827,85342,85352,10
13.0477600098,80.2107620239,85352,85362,10
13.0485401154,80.2107772827,85362,85372,10
13.0495901108,80.2108306885,85372,85402,30
13.0495901108,80.2108306885,85402,85413,11
13.0496397018,80.2105102539,85413,85423,10
13.0495595932,80.2098693848,85423,85432,9
13.0494604111,80.2091827393,85432,85443,11
13.0493602753,80.2085113525,85443,85453,10
13.0491199493,80.2078170776,85453,85463,10
13.0489597321,80.2072906494,85463,85473,10
13.0488901138,80.2068786621,85473,85483,10
13.0492200851,80.2067871094,85483,85493,10
13.0493497849,80.2070465088,85493,86362,869
13.0493497849,80.2070465088,86362,86372,10
13.0492897034,80.207321167,86372,86382,10
