12.9984302521,80.2570037842,26,707,681
12.9984302521,80.2570037842,707,724,17
12.9983797073,80.2571792603,724,1031,307
12.9984798431,80.2571029663,1031,2840,1809
12.9984798431,80.2571029663,2840,3395,555
12.9984798431,80.256980896,3395,3763,368
12.9984798431,80.256980896,3763,4058,295
12.9984502792,80.2571182251,4058,4129,71
12.9983100891,80.2571563721,4129,4186,57
12.9984903336,80.2571334839,4186,4810,624
12.9983997345,80.2570419312,4810,5275,465
12.9983997345,80.2571029663,5275,19231,13956
12.9983997345,80.2571029663,19231,19241,10
12.9985399246,80.2570800781,19241,19251,10
12.9985103607,80.2571411133,19251,19473,222
12.9985103607,80.2571411133,19473,19693,220
12.9983100891,80.2563781738,19693,19707,14
12.9979696274,80.2563781738,19707,19717,10
12.9977302551,80.2562484741,19717,19757,40
12.9977302551,80.2562484741,19757,19767,10
12.997710228,80.2560195923,19767,19777,10
12.9976997375,80.2560119629,19777,19787,10
12.997420311,80.2559661865,19787,19798,11
12.9970598221,80.2559280396,19798,19807,9
12.9968204498,80.2559432983,19807,19818,11
12.9964399338,80.2559204102,19818,19828,10
12.9961099625,80.2559890747,19828,19838,10
12.9957199097,80.2559204102,19838,19848,10
12.9950304031,80.2559509277,19848,19858,10
12.9942798615,80.2559814453,19858,19868,10
12.9935398102,80.2559967041,19868,19878,10
12.9925403595,80.2560424805,19878,19888,10
12.9916296005,80.2560272217,19888,19898,10
12.9908504486,80.256072998,19898,19909,11
12.9899902344,80.2560806274,19909,19919,10
12.9891500473,80.256072998,19919,19929,10
12.9883804321,80.2560272217,19929,19939,10
12.9877996445,80.2559585571,19939,19949,10
12.9873600006,80.2558288574,19949,19959,10
12.9864301682,80.2555999756,19959,19969,10
12.9857397079,80.2554092407,19969,19979,10
12.9849500656,80.2551879883,19979,19989,10
12.9842100143,80.2550506592,19989,19999,10
12.9834003448,80.2548828125,19999,20010,11
12.9825401306,80.2545776367,20010,20020,10
12.9820604324,80.2542877197,20020,20030,10
12.9817800522,80.25340271,20030,20040,10
12.9815196991,80.252822876,20040,20050,10
12.9807901382,80.2527694702,20050,20060,10
12.9801502228,80.2527770996,20060,20070,10
12.9794101715,80.2527389526,20070,20080,10
12.9787197113,80.2526626587,20080,20090,10
12.9780397415,80.252243042,20090,20100,10
12.9772500992,80.2515792847,20100,20110,10
12.976099968,80.2511901855,20110,20121,11
12.9748497009,80.2508010864,20121,20131,10
12.9737701416,80.2504577637,20131,20141,10
12.9728498459,80.2502593994,20141,20151,10
12.9725599289,80.2501831055,20151,20161,10
12.9723796844,80.2501525879,20161,20170,9
12.9716997147,80.2499694824,20170,20181,11
12.9707603455,80.2496871948,20181,20191,10
12.9695796967,80.249206543,20191,20201,10
12.968580246,80.2488098145,20201,20211,10
12.9676504135,80.2484588623,20211,20221,10
12.9668102264,80.2480621338,20221,20231,10
12.9660396576,80.2476882935,20231,20242,11
12.9650096893,80.2473831177,20242,20262,20
12.9650096893,80.2473831177,20262,20272,10
12.9646701813,80.247253418,20272,20282,10
12.9639596939,80.2469863892,20282,20292,10
12.9629001617,80.2465362549,20292,20302,10
12.9618196487,80.2460098267,20302,20312,10
12.9609603882,80.2455978394,20312,20322,10
12.9596595764,80.2449493408,20322,20333,11
12.9587402344,80.2445373535,20333,20343,10
12.9579601288,80.2442169189,20343,20353,10
12.9573497772,80.2440032959,20353,20362,9
12.9566497803,80.2437667847,20362,20373,11
12.9563598633,80.2436599731,20373,20383,10
12.9559402466,80.2434616089,20383,20393,10
12.9552497864,80.2431488037,20393,20403,10
12.9547100067,80.2429504395,20403,20413,10
12.9542398453,80.2427597046,20413,20423,10
12.9537200928,80.2425537109,20423,20433,10
12.9534397125,80.24243927,20433,20444,11
12.9530897141,80.2422790527,20444,20454,10
12.9528903961,80.2422027588,20454,20464,10
12.9526796341,80.2421264648,20464,20474,10
12.9524002075,80.2419281006,20474,20484,10
12.9517002106,80.2416534424,20484,20494,10
12.9507598877,80.2413330078,20494,20504,10
12.9498996735,80.2410736084,20504,20513,9
12.949090004,80.2408370972,20513,20524,11
12.9481897354,80.2404632568,20524,20534,10
12.9473600388,80.2401275635,20534,20545,11
12.9470996857,80.2400283813,20545,20554,9
12.9469099045,80.2399520874,20554,20565,11
12.9462404251,80.2397003174,20565,20575,10
12.9454498291,80.2393035889,20575,20584,9
12.9448795319,80.2387924194,20584,20594,10
12.9441795349,80.2380065918,20594,20605,11
12.9433097839,80.2370910645,20605,20615,10
12.9423398972,80.2364807129,20615,20625,10
12.9412498474,80.2361907959,20625,20635,10
12.9402303696,80.2359237671,20635,20646,11
12.939160347,80.2354812622,20646,20656,10
12.9380197525,80.234916687,20656,20665,9
12.9369401932,80.2343673706,20665,20677,12
12.9357004166,80.2338104248,20677,20687,10
12.9346199036,80.2333068848,20687,20696,9
12.9337596893,80.2329177856,20696,20707,11
12.9325895309,80.2324295044,20707,20717,10
12.9313602448,80.2320022583,20717,20727,10
12.9301595688,80.2316436768,20727,20737,10
12.9290704727,80.2313690186,20737,20747,10
12.9279203415,80.2311782837,20747,20758,11
12.9266796112,80.2310791016,20758,20768,10
12.9259500504,80.231010437,20768,20777,9
12.9250202179,80.2309112549,20777,20787,10
12.9239597321,80.2307434082,20787,20798,11
12.9229001999,80.2305831909,20798,20808,10
12.9218597412,80.2304382324,20808,20818,10
12.9207897186,80.2303237915,20818,20828,10
12.9197397232,80.2301330566,20828,20838,10
12.9187498093,80.2300033569,20838,20848,10
12.9175300598,80.2298583984,20848,20858,10
12.9162397385,80.2296676636,20858,20869,11
12.9147701263,80.2294921875,20869,20879,10
12.9137001038,80.2293395996,20879,20889,10
12.9127597809,80.2292022705,20889,20898,9
12.9116802216,80.2290420532,20898,20909,11
12.910200119,80.2288131714,20909,20919,10
12.908949852,80.2286071777,20919,20929,10
12.9075899124,80.2284164429,20929,20939,10
12.906539917,80.2283325195,20939,20949,10
12.9057998657,80.2282791138,20949,20959,10
12.9047603607,80.2282104492,20959,20970,11
12.903380394,80.2281112671,20970,20980,10
12.902130127,80.2280273438,20980,20990,10
12.9012098312,80.228012085,20990,20999,9
12.9006299973,80.2279586792,20999,21010,11
12.8996200562,80.2279281616,21010,21030,20
12.8996200562,80.2279281616,21030,21040,10
12.8992595673,80.227897644,21040,21050,10
12.8983697891,80.2278213501,21050,21060,10
12.8973302841,80.2277526855,21060,21070,10
12.8960599899,80.227722168,21070,21081,11
12.8946399689,80.2276763916,21081,21091,10
12.8934297562,80.2275619507,21091,21101,10
12.8924198151,80.2274169922,21101,21111,10
12.8910903931,80.2273712158,21111,21121,10
12.8901395798,80.2273712158,21121,21131,10
12.8884000778,80.2273483276,21131,21141,10
12.8872203827,80.2272262573,21141,21151,10
12.8859596252,80.2269363403,21151,21161,10
12.8847398758,80.2267379761,21161,21171,10
12.8834104538,80.2267227173,21171,21181,10
12.8819904327,80.2267227173,21181,21192,11
12.8807497025,80.2267532349,21192,21202,10
12.8804397583,80.2267608643,21202,21224,22
12.8788404465,80.2267913818,21224,21236,12
12.877409935,80.2268981934,21236,21246,10
12.8765697479,80.2269592285,21246,21256,10
12.8764200211,80.2267227173,21256,21266,10
12.8764400482,80.2266616821,21266,21276,10
12.8764600754,80.2263565063,21276,21286,10
12.8765802383,80.2255630493,21286,21296,10
12.8766698837,80.2245483398,21296,21307,11
12.8769598007,80.2232818604,21307,21316,9
12.8772201538,80.2222137451,21316,21326,10
12.8774995804,80.220993042,21326,21337,11
12.8777704239,80.2198028564,21337,21347,10
12.8780403137,80.2186508179,21347,21356,9
12.8781604767,80.2177810669,21356,21366,10
12.8783798218,80.2166366577,21366,21377,11
12.8787202835,80.2151794434,21377,21387,10
12.8789596558,80.2139205933,21387,21397,10
12.8791599274,80.2126998901,21397,21408,11
12.8793897629,80.2114181519,21408,21418,10
12.8791503906,80.2109909058,21418,21428,10
12.8790197372,80.2109680176,21428,21438,10
12.878780365,80.2109222412,21438,21448,10
12.8781995773,80.2108078003,21448,21458,10
12.8774700165,80.2106781006,21458,21468,10
12.8768100739,80.2105484009,21468,21478,10
12.8760204315,80.2103729248,21478,21488,10
12.8751602173,80.2102203369,21488,21498,10
12.8746004105,80.2101211548,21498,21509,11
12.8744802475,80.2101135254,21509,21519,10
12.8743400574,80.2098999023,21519,21529,10
12.8745002747,80.2095794678,21529,21539,10
12.8748197556,80.2096405029,21539,21548,9
12.8747701645,80.2098388672,21548,21721,173
12.8747701645,80.2098388672,21721,21731,10
12.8748703003,80.2101898193,21731,21741,10
12.8753004074,80.2102813721,21741,21751,10
12.8760404587,80.2104110718,21751,21761,10
12.8766698837,80.2105636597,21761,21771,10
12.8774995804,80.2107162476,21771,21781,10
12.8782701492,80.2108383179,21781,21791,10
12.8792104721,80.2109909058,21791,21810,19
12.8792104721,80.2109909058,21810,21821,11
12.8794202805,80.2110137939,21821,21833,12
12.8795404434,80.2113189697,21833,21843,10
12.8794202805,80.2118911743,21843,21853,10
12.8792495728,80.2128295898,21853,21863,10
12.8790502548,80.2138595581,21863,21873,10
12.8788204193,80.2149963379,21873,21883,10
12.8785495758,80.2161407471,21883,21893,10
12.8783502579,80.2171783447,21893,21903,10
12.8780899048,80.21849823,21903,21913,10
12.877820015,80.2196426392,21913,21923,10
12.8775396347,80.2208328247,21923,21934,11
12.8772201538,80.2221832275,21934,21943,9
12.8769598007,80.2232971191,21943,21954,11
12.8767204285,80.2246398926,21954,21964,10
12.8765802383,80.2258071899,21964,21974,10
12.8764801025,80.226890564,21974,21994,20
12.8764801025,80.226890564,21994,22004,10
12.876540184,80.2269134521,22004,22014,10
12.8769102097,80.2268981934,22014,22024,10
12.8776702881,80.2268295288,22024,22033,9
12.8786497116,80.2267532349,22033,22043,10
12.8798799515,80.2267303467,22043,22054,11
12.8811302185,80.2266998291,22054,22066,12
12.8824901581,80.2267227173,22066,22076,10
12.8837003708,80.2266998291,22076,22086,10
12.8846797943,80.2266693115,22086,22096,10
12.885310173,80.2266769409,22096,22106,10
12.8853397369,80.2266921997,22106,22116,10
12.8857498169,80.2267608643,22116,22126,10
12.8866796494,80.2270126343,22126,22136,10
12.8876199722,80.2271881104,22136,22146,10
12.8885803223,80.2273025513,22146,22157,11
12.8897800446,80.2273178101,22157,22167,10
12.8910303116,80.2273025513,22167,22177,10
12.8921804428,80.2273330688,22177,22187,10
12.8933095932,80.2274398804,22187,22197,10
12.894080162,80.2275009155,22197,22207,10
12.8941602707,80.2275009155,22207,22217,10
12.8945398331,80.2275314331,22217,22227,10
12.8953104019,80.2275924683,22227,22237,10
12.8964004517,80.2276382446,22237,22246,9
12.8975696564,80.2276992798,22246,22258,12
12.8991603851,80.2277984619,22258,22268,10
12.900270462,80.2278594971,22268,22278,10
12.9008798599,80.227897644,22278,22288,10
12.9014396667,80.2279434204,22288,22298,10
12.9017801285,80.2279205322,22298,22308,10
12.9019098282,80.2279281616,22308,22318,10
12.902469635,80.2279815674,22318,22328,10
12.9034404755,80.2280273438,22328,22338,10
12.9046602249,80.2281112671,22338,22359,21
12.9068202972,80.2282180786,22359,22371,12
12.9070596695,80.2282409668,22371,22382,11
12.9075698853,80.2283477783,22382,22391,9
12.908659935,80.2284927368,22391,22403,12
12.9101600647,80.2287368774,22403,22413,10
12.9113998413,80.2289199829,22413,22423,10
12.9128904343,80.2291412354,22423,22433,10
12.913860321,80.2292404175,22433,22443,10
12.9140501022,80.2292709351,22443,22453,10
12.9140901566,80.2292633057,22453,22463,10
12.914730072,80.2293319702,22463,22473,10
12.9156398773,80.2294769287,22473,22484,11
12.9169902802,80.2296600342,22484,22494,10
12.918299675,80.2298812866,22494,22503,9
12.9191303253,80.2300109863,22503,22514,11
12.9193696976,80.2300415039,22514,22524,10
12.9201202393,80.2301177979,22524,22534,10
12.921090126,80.2302703857,22534,22544,10
12.9223604202,80.230430603,22544,22554,10
12.9235801697,80.2306213379,22554,22564,10
12.9251804352,80.2307891846,22564,22574,10
12.9264802933,80.2309417725,22574,22584,10
12.9278001785,80.2311019897,22584,22595,11
12.9292097092,80.2313079834,22595,22605,10
12.9304800034,80.2316131592,22605,22615,10
12.9318199158,80.2319869995,22615,22625,10
12.9330301285,80.2324371338,22625,22635,10
12.9335899353,80.2326812744,22635,22645,10
12.9336500168,80.2327194214,22645,22655,10
12.9338598251,80.2328414917,22655,22663,8
12.9343004227,80.2330627441,22663,22674,11
12.9354295731,80.2335510254,22674,22685,11
12.9366703033,80.2341079712,22685,22696,11
12.9380102158,80.2347412109,22696,22707,11
12.9393396378,80.235458374,22707,22719,12
12.9407196045,80.2359771729,22719,22729,10
12.9419898987,80.236289978,22729,22739,10
12.942990303,80.2366867065,22739,22749,10
12.9439296722,80.2375564575,22749,22759,10
12.9447202682,80.2384414673,22759,22769,10
12.9456596375,80.2392883301,22769,22779,10
12.9468603134,80.2397994995,22779,22789,10
12.9480400085,80.2402267456,22789,22799,10
12.9490203857,80.2406463623,22799,22810,11
12.9503297806,80.2410736084,22810,22820,10
12.9511203766,80.2413330078,22820,22830,10
12.951259613,80.2413711548,22830,22840,10
12.9518098831,80.2415466309,22840,22850,10
12.9526596069,80.2418670654,22850,22860,10
12.9537496567,80.2422866821,22860,22870,10
12.9548196793,80.2427368164,22870,22880,10
12.9555196762,80.2429885864,22880,22890,10
12.9563503265,80.2433395386,22890,22900,10
12.9567604065,80.2434997559,22900,22911,11
12.9577598572,80.243927002,22911,22920,9
12.9586200714,80.2443008423,22920,22931,11
12.9590101242,80.2444763184,22931,22940,9
12.9591598511,80.2445373535,22940,22951,11
12.9598903656,80.2448577881,22951,22961,10
12.960729599,80.2452468872,22961,22971,10
12.9618597031,80.2458114624,22971,22981,10
12.9631204605,80.2464294434,22981,22991,10
12.9640302658,80.2468490601,22991,23001,10
12.9652299881,80.2472915649,23001,23011,10
12.9666900635,80.2478103638,23011,23032,21
12.9666900635,80.2478103638,23032,23042,10
12.9668102264,80.2478637695,23042,23052,10
12.9672298431,80.2480697632,23052,23062,10
12.9681196213,80.2484817505,23062,23072,10
12.9690999985,80.2488479614,23072,23080,8
12.9701099396,80.2492599487,23080,23092,12
12.9718999863,80.2498626709,23092,23102,10
12.9733295441,80.25025177,23102,23112,10
12.974729538,80.2506408691,23112,23123,11
12.976269722,80.2510681152,23123,23133,10
12.9774398804,80.2514801025,23133,23143,10
12.9784603119,80.2522735596,23143,23151,8
12.97935009,80.2525634766,23151,23163,12
12.9800195694,80.2523117065,23163,23172,9
12.9800100327,80.2522735596,23172,23183,11
12.9799995422,80.2521209717,23183,23193,10
12.9801197052,80.2516708374,23193,23203,10
12.980389595,80.2507171631,23203,23213,10
12.9806499481,80.2495803833,23213,23224,11
12.9807901382,80.2481536865,23224,23234,10
12.9808998108,80.2468795776,23234,23244,10
12.9810495377,80.2454833984,23244,23254,10
12.9811697006,80.2442932129,23254,23264,10
12.9812402725,80.2437286377,23264,23274,10
12.9813699722,80.2432098389,23274,23283,9
12.9813699722,80.2432098389,23283,23294,11
12.9813804626,80.2427902222,23294,23304,10
12.9814100266,80.2425994873,23304,23314,10
12.9813899994,80.2418899536,23314,23324,10
12.9813995361,80.2409973145,23324,23335,11
12.9813804626,80.2399597168,23335,23345,10
12.9813604355,80.2390594482,23345,23355,10
12.9812803268,80.2379379272,23355,23374,19
12.9812803268,80.2379379272,23374,23385,11
12.981300354,80.2377090454,23385,23395,10
12.9812803268,80.2372283936,23395,23405,10
12.9812602997,80.2362518311,23405,23415,10
12.9812202454,80.2350997925,23415,23425,10
12.9813499451,80.2339706421,23425,23435,10
12.9816799164,80.2333068848,23435,23446,11
12.9818401337,80.233039856,23446,23456,10
12.982000351,80.2324066162,23456,23466,10
12.9820203781,80.2319488525,23466,23476,10
12.9819698334,80.2313537598,23476,23486,10
12.9817800522,80.23072052,23486,23496,10
12.9813499451,80.2300872803,23496,23506,10
12.9809598923,80.2295379639,23506,23516,10
12.9807195663,80.2291488647,23516,23526,10
12.980629921,80.2289962769,23526,23536,10
12.9803695679,80.2287368774,23536,23546,10
12.9801702499,80.2282867432,23546,23557,11
12.9798202515,80.2277069092,23557,23567,10
12.9795103073,80.2271881104,23567,23587,20
12.9784803391,80.2254180908,23587,23599,12
12.9779701233,80.2244796753,23599,23609,10
12.9777498245,80.2241210938,23609,23619,10
12.9772500992,80.2233886719,23619,23629,10
12.9769601822,80.2228164673,23629,23639,10
12.9771795273,80.2227172852,23639,23649,10
12.9772796631,80.2226715088,23649,23659,10
12.9775400162,80.2225418091,23659,23670,11
12.9775495529,80.2218017578,23670,23680,10
12.9775295258,80.221321106,23680,23689,9
12.9776697159,80.221206665,23689,23700,11
12.9782400131,80.2212295532,23700,23710,10
12.978890419,80.2211532593,23710,23720,10
12.9795703888,80.2210617065,23720,23730,10
12.9804601669,80.2210235596,23730,23740,10
12.9812698364,80.2211227417,23740,23750,10
12.9820203781,80.2216491699,23750,23760,10
12.9825000763,80.2218322754,23760,23770,10
12.9827604294,80.2218780518,23770,23781,11
12.9828996658,80.2219390869,23781,23790,9
12.9830198288,80.2220306396,23790,23801,11
12.9834003448,80.2223815918,23801,23811,10
12.9837799072,80.2225723267,23811,23821,10
12.9842996597,80.2228927612,23821,23831,10
12.985039711,80.2232131958,23831,23841,10
12.9856796265,80.2229690552,23841,23851,10
12.9863100052,80.2229385376,23851,23861,10
12.9864597321,80.2229309082,23861,23871,10
12.9865903854,80.2229003906,23871,23882,11
12.9870996475,80.2229995728,23882,23892,10
12.9878101349,80.2229614258,23892,23902,10
12.9884700775,80.2224884033,23902,23912,10
12.9889698029,80.222038269,23912,23922,10
12.9896001816,80.2212600708,23922,23932,10
12.9902896881,80.2204589844,23932,23942,10
12.990530014,80.2203216553,23942,23952,10
12.9906902313,80.2201385498,23952,23962,10
12.9912204742,80.2197265625,23962,23972,10
12.9919500351,80.21925354,23972,23983,11
12.9929103851,80.2186203003,23983,23993,10
12.9937496185,80.2180099487,23993,24003,10
12.9944200516,80.2174987793,24003,24013,10
12.9950399399,80.2170410156,24013,24023,10
12.9957504272,80.2166671753,24023,24033,10
12.9965200424,80.2165298462,24033,24043,10
12.9973402023,80.2164611816,24043,24053,10
12.9975996017,80.2162094116,24053,24063,10
12.9976902008,80.2161331177,24063,24073,10
12.9978199005,80.2158126831,24073,24083,10
12.9983997345,80.2152786255,24083,24094,11
12.9989700317,80.2148208618,24094,24104,10
12.9991798401,80.2146377563,24104,24113,9
12.9995002747,80.2144088745,24113,24124,11
12.9997797012,80.2141876221,24124,24134,10
13.0001497269,80.2138900757,24134,24144,10
13.0005502701,80.2135314941,24144,24154,10
13.0012102127,80.2129592896,24154,24164,10
13.0017204285,80.2125778198,24164,24174,10
13.0023403168,80.2122802734,24174,24184,10
13.0029201508,80.2121200562,24184,24194,10
13.003490448,80.2120437622,24194,24205,11
13.0036802292,80.2119369507,24205,24214,9
13.0036802292,80.211479187,24214,24224,10
13.0036296844,80.2107315063,24224,24236,12
13.0035400391,80.2097091675,24236,24246,10
13.0036897659,80.2088165283,24246,24256,10
13.0042104721,80.2086715698,24256,24266,10
13.0051498413,80.2090911865,24266,24275,9
13.0058898926,80.2093963623,24275,24286,11
13.0070199966,80.2096862793,24286,24317,31
13.0070199966,80.2096862793,24317,24327,10
13.0071496964,80.2097702026,24327,24337,10
13.0077199936,80.2098693848,24337,24347,10
13.0081996918,80.2098617554,24347,24357,10
13.0080900192,80.2092666626,24357,24367,10
13.0080900192,80.2085037231,24367,24377,10
13.0078201294,80.2075576782,24377,24387,10
13.0076799393,80.2069015503,24387,24397,10
13.0076198578,80.2066192627,24397,24408,11
13.007519722,80.2063064575,24408,24418,10
13.0074396133,80.2058486938,24418,24429,11
13.0074901581,80.2050933838,24429,24439,10
13.007519722,80.2042999268,24439,24448,9
13.0074501038,80.2036209106,24448,24459,11
13.0072603226,80.2027587891,24459,24469,10
13.0066204071,80.2026901245,24469,24479,10
13.0067396164,80.2033004761,24479,24489,10
13.0075597763,80.2036437988,24489,24499,10
13.0085096359,80.2036972046,24499,24509,10
13.0099601746,80.2036209106,24509,24520,11
13.0114202499,80.2036895752,24520,24530,10
13.0125904083,80.2038803101,24530,24540,10
13.0135202408,80.2041397095,24540,24550,10
13.013759613,80.2042694092,24550,24560,10
13.013759613,80.2044067383,24560,24570,10
13.0136003494,80.2048187256,24570,24580,10
13.0133495331,80.2056274414,24580,24590,10
13.0131196976,80.2066574097,24590,24600,10
13.0130195618,80.2077102661,24600,24610,10
13.0129404068,80.2083892822,24610,24620,10
13.0129404068,80.2086181641,24620,24630,10
13.0131196976,80.2091598511,24630,24641,11
13.0132904053,80.2099761963,24641,24651,10
13.0131101608,80.2107925415,24651,24661,10
13.0127696991,80.2115631104,24661,24671,10
13.0122995377,80.2123413086,24671,24681,10
13.0119895935,80.2127838135,24681,24691,10
13.0117397308,80.2127075195,24691,24701,10
13.0111303329,80.2123413086,24701,24711,10
13.010310173,80.2117233276,24711,24721,10
13.009759903,80.2112503052,24721,24731,10
13.0094804764,80.2110824585,24731,25418,687
13.0094003677,80.2108001709,25418,25438,20
13.0094099045,80.2108001709,25438,25488,50
13.0094099045,80.2108001709,25488,25498,10
13.0092897415,80.2111587524,25498,25508,10
13.0091199875,80.2114028931,25508,25518,10
13.0091199875,80.211769104,25518,25529,11
13.0093898773,80.2123565674,25529,25539,10
13.0096597672,80.213180542,25539,25549,10
13.0099802017,80.2140579224,25549,25559,10
13.0102396011,80.2149200439,25559,25569,10
13.0103998184,80.2158966064,25569,25579,10
13.0108604431,80.2168426514,25579,25589,10
13.0113296509,80.2178573608,25589,25599,10
13.0117502213,80.2191314697,25599,25609,10
13.0121202469,80.2204589844,25609,25619,10
13.0123596191,80.2214736938,25619,25629,10
13.0128898621,80.2222824097,25629,25640,11
13.013589859,80.2231063843,25640,25650,10
13.0142297745,80.2238693237,25650,25660,10
13.0149402618,80.224571228,25660,25680,20
13.0149402618,80.224571228,25680,25690,10
13.0150604248,80.2246627808,25690,25700,10
13.0151996613,80.2248306274,25700,25710,10
13.0153398514,80.2249603271,25710,25720,10
13.0155000687,80.2251205444,25720,25730,10
13.015540123,80.2253417969,25730,25740,10
13.0153503418,80.225692749,25740,25751,11
13.0149898529,80.2257995605,25751,25760,9
13.0145797729,80.2259216309,25760,25771,11
13.013879776,80.2262878418,25771,25781,10
13.0130701065,80.2266693115,25781,25791,10
13.012169838,80.2270431519,25791,25801,10
13.0111598969,80.2274780273,25801,25811,10
13.0101699829,80.2278823853,25811,25821,10
13.0095396042,80.2277908325,25821,25831,10
13.0096597672,80.2273025513,25831,25841,10
13.010020256,80.2264862061,25841,25851,10
13.0103797913,80.2254867554,25851,25862,11
13.010840416,80.2244415283,25862,25872,10
13.0111904144,80.2235031128,25872,25882,10
13.0111503601,80.2231369019,25882,25892,10
13.0106296539,80.2229232788,25892,25902,10
13.0096797943,80.2223892212,25902,25912,10
13.0088596344,80.2219009399,25912,25922,10
13.0080003738,80.2214202881,25922,25931,9
13.0070800781,80.2209625244,25931,25942,11
13.0060195923,80.2205200195,25942,25952,10
13.0049600601,80.2202835083,25952,25962,10
13.0039596558,80.2201309204,25962,25972,10
13.0030899048,80.2198562622,25972,25983,11
13.002120018,80.2192001343,25983,25993,10
13.0014600754,80.2185516357,25993,26003,10
13.0007095337,80.2180404663,26003,26013,10
12.9997997284,80.217376709,26013,26023,10
12.9987897873,80.2168807983,26023,26033,10
12.9978103638,80.2165374756,26033,26043,10
12.9973402023,80.2164764404,26043,26053,10
12.9974603653,80.2165374756,26053,26063,10
12.9969596863,80.2165374756,26063,26073,10
12.9961595535,80.2167434692,26073,26083,10
12.9952402115,80.2170028687,26083,26094,11
12.9946403503,80.2174224854,26094,26104,10
12.9940500259,80.217918396,26104,26114,10
12.9934997559,80.2183227539,26114,26124,10
12.992770195,80.2188720703,26124,26134,10
12.9917697906,80.219543457,26134,26144,10
12.9910497665,80.220123291,26144,26154,10
12.9907798767,80.2202377319,26154,26164,10
12.990530014,80.2204818726,26164,26174,10
12.9899396896,80.2209777832,26174,26184,10
12.9892501831,80.2216873169,26184,26194,10
12.9886798859,80.222366333,26194,26205,11
12.9875802994,80.2230987549,26205,26225,20
12.9875802994,80.2230987549,26225,26235,10
12.9874095917,80.2230987549,26235,26245,10
12.9869699478,80.2229995728,26245,26255,10
12.9861297607,80.2229385376,26255,26265,10
12.98554039,80.2232894897,26265,26275,10
12.9851999283,80.2232284546,26275,26285,10
12.9841499329,80.2227935791,26285,26295,10
12.9835395813,80.2225418091,26295,26305,10
12.9832000732,80.2222671509,26305,26316,11
12.9829301834,80.2221679688,26316,26326,10
12.9823303223,80.2219772339,26326,26336,10
12.9817495346,80.2214736938,26336,26346,10
12.9811496735,80.2211837769,26346,26356,10
12.9802598953,80.2211074829,26356,26366,10
12.9792404175,80.2212371826,26366,26376,10
12.9780302048,80.221282959,26376,26386,10
12.9769296646,80.2212600708,26386,26395,9
12.976099968,80.2213516235,26395,26405,10
12.9761800766,80.2216262817,26405,26416,11
12.9763202667,80.2217407227,26416,26427,11
12.976559639,80.2214813232,26427,26437,10
12.976559639,80.2219161987,26437,26447,10
12.9768695831,80.2225570679,26447,26457,10
12.9772901535,80.2232971191,26457,26467,10
12.9777498245,80.2241363525,26467,26477,10
12.9781799316,80.2248382568,26477,26486,9
12.9784603119,80.2253417969,26486,26497,11
12.9788703918,80.2260818481,26497,26507,10
12.9792900085,80.2268218994,26507,26517,10
12.9797000885,80.2274475098,26517,26527,10
12.9801702499,80.2281570435,26527,26537,10
12.9808197021,80.2292404175,26537,26548,11
12.9816799164,80.2305984497,26548,26568,20
12.9816799164,80.2305984497,26568,26578,10
12.9818401337,80.2309570313,26578,26588,10
12.9819803238,80.2317123413,26588,26598,10
12.9819898605,80.2325973511,26598,26608,10
12.9816904068,80.2334213257,26608,26618,10
12.9816198349,80.2335510254,26618,26628,10
12.9815196991,80.2337036133,26628,26638,10
12.9812402725,80.2344589233,26638,26648,10
12.9812498093,80.2354736328,26648,26659,11
12.9813098907,80.2367706299,26659,26669,10
12.9813404083,80.2378921509,26669,26679,10
12.9813804626,80.2387237549,26679,26689,10
12.9813804626,80.2387390137,26689,26699,10
12.9813995361,80.2390823364,26699,26709,10
12.9814100266,80.2398529053,26709,26719,10
12.9814395905,80.2407913208,26719,26729,10
12.9814100266,80.2417526245,26729,26739,10
12.9814195633,80.2426071167,26739,26749,10
12.9814300537,80.2427825928,26749,26759,10
12.9814300537,80.2430801392,26759,26770,11
12.9814195633,80.2438583374,26770,26780,10
12.9812002182,80.2448730469,26780,26790,10
12.9810495377,80.2458496094,26790,26800,10
12.9809398651,80.2468032837,26800,26810,10
12.9808597565,80.2480163574,26810,26820,10
12.9807500839,80.2492599487,26820,26830,10
12.9806203842,80.2501983643,26830,26840,10
12.9802598953,80.2516021729,26840,26850,10
12.980099678,80.2522506714,26850,26860,10
12.9799804688,80.2525863647,26860,26901,41
12.9800195694,80.2526931763,26901,26973,72
12.9800195694,80.2526931763,26973,26983,10
12.9797201157,80.252746582,26983,26993,10
12.9790201187,80.2526931763,26993,27004,11
12.9786996841,80.2526321411,27004,27013,9
12.9784603119,80.252532959,27013,27024,11
12.9778404236,80.2519836426,27024,27034,10
12.9769802094,80.2513809204,27034,27043,9
12.9758996964,80.2510528564,27043,27054,11
12.9745998383,80.2506637573,27054,27064,10
12.97315979,80.2502822876,27064,27074,10
12.9725103378,80.2501068115,27074,27084,10
12.9724302292,80.2500762939,27084,27094,10
12.9718904495,80.2499389648,27094,27104,10
12.9710197449,80.2497024536,27104,27115,11
12.9698696136,80.2493362427,27115,27125,10
12.9688396454,80.2489471436,27125,27135,10
12.9678602219,80.2485275269,27135,27145,10
12.966919899,80.2481536865,27145,27155,10
12.9661102295,80.247756958,27155,27165,10
12.9650402069,80.2473831177,27165,27185,20
12.9650402069,80.2473831177,27185,27195,10
12.9649295807,80.2473602295,27195,27205,10
12.9644203186,80.2471466064,27205,27215,10
12.9635400772,80.2467727661,27215,27226,11
12.962439537,80.2462234497,27226,27236,10
12.9612598419,80.2456665039,27236,27246,10
12.9601898193,80.2451782227,27246,27256,10
12.9593801498,80.2448272705,27256,27266,10
12.9593296051,80.2447967529,27266,27276,10
12.9589004517,80.2445831299,27276,27286,10
12.9582004547,80.2442779541,27286,27296,10
12.9575796127,80.2440490723,27296,27306,10
12.9568004608,80.2437515259,27306,27316,10
12.9563703537,80.2435913086,27316,27326,10
12.9559402466,80.2433776855,27326,27337,11
12.955039978,80.242980957,27337,27347,10
12.9541397095,80.2426223755,27347,27357,10
12.9531497955,80.2422409058,27357,27367,10
12.9523801804,80.2419433594,27367,27377,10
12.9518203735,80.2417221069,27377,27387,10
12.9517202377,80.2416915894,27387,27397,10
12.9516897202,80.2416763306,27397,27407,10
12.9510602951,80.2414779663,27407,27417,10
12.950050354,80.2411575317,27417,27427,10
12.9493598938,80.2409591675,27427,27437,10
12.9492301941,80.2409133911,27437,27448,11
12.9491195679,80.2408599854,27448,27458,10
12.9486198425,80.2406463623,27458,27468,10
12.9478397369,80.2403488159,27468,27478,10
12.9473600388,80.2401199341,27478,27488,10
12.9472398758,80.2400665283,27488,27498,10
12.9470396042,80.239982605,27498,27508,10
12.9464998245,80.2397232056,27508,27518,10
12.9457397461,80.239402771,27518,27528,10
12.9449195862,80.2388000488,27528,27538,10
12.9441795349,80.2380065918,27538,27548,10
12.9434700012,80.2373199463,27548,27559,11
12.9433002472,80.2371826172,27559,27569,10
12.9430103302,80.2369232178,27569,27579,10
12.9422903061,80.2365112305,27579,27589,10
12.9413003922,80.2362136841,27589,27599,10
12.9402198792,80.2359466553,27599,27609,10
12.9397201538,80.2357711792,27609,27619,10
12.9397201538,80.235748291,27619,27630,11
12.9392299652,80.2355270386,27630,27640,10
12.93846035,80.2351531982,27640,27650,10
12.9376096725,80.2347488403,27650,27660,10
12.9366197586,80.2342376709,27660,27670,10
12.9356603622,80.2337722778,27670,27681,11
12.9344797134,80.2332687378,27681,27691,10
12.9338703156,80.2329711914,27691,27701,10
12.933839798,80.2329406738,27701,27711,10
12.9336996078,80.2329101563,27711,27721,10
12.9331197739,80.2326812744,27721,27731,10
12.9322595596,80.2322998047,27731,27741,10
12.931139946,80.231918335,27741,27751,10
12.9299602509,80.231590271,27751,27761,10
12.9288301468,80.2313308716,27761,27771,10
12.9275398254,80.2311401367,27771,27781,10
12.9265098572,80.231048584,27781,27792,11
12.9260997772,80.231010437,27792,27802,10
12.9261198044,80.2310180664,27802,27812,10
12.9256896973,80.2309494019,27812,27828,16
12.9244604111,80.230796814,27828,27840,12
12.9231996536,80.2306518555,27840,27850,10
12.9222097397,80.2304916382,27850,27860,10
12.92070961,80.2302932739,27860,27870,10
12.9195098877,80.2301635742,27870,27880,10
12.9193096161,80.230140686,27880,27890,10
12.9192800522,80.230140686,27890,27900,10
12.9187803268,80.2300491333,27900,27911,11
12.917840004,80.2299118042,27911,27920,9
12.9168796539,80.2297210693,27920,27931,11
12.9154500961,80.2295532227,27931,27941,10
12.9141597748,80.2293930054,27941,27951,10
12.913359642,80.2292785645,27951,27961,10
12.9132995605,80.2292785645,27961,27971,10
12.913189888,80.2292785645,27971,27981,10
12.912560463,80.2291793823,27981,27991,10
12.9116096497,80.2290496826,27991,28001,10
12.9105195999,80.2288818359,28001,28011,10
12.9092597961,80.2286605835,28011,28022,11
12.9079704285,80.2284622192,28022,28032,10
12.9070396423,80.2283477783,28032,28042,10
12.9062995911,80.2282714844,28042,28052,10
12.9062204361,80.2282867432,28052,28062,10
12.9060297012,80.2282562256,28062,28072,10
12.9053201675,80.2281799316,28072,28082,10
12.904299736,80.2281799316,28082,28092,10
12.9030504227,80.2280883789,28092,28102,10
12.9019403458,80.2280578613,28102,28112,10
12.9012699127,80.2279815674,28112,28122,10
12.9011602402,80.2279510498,28122,28133,11
12.9013299942,80.2278213501,28133,28153,20
12.9013299942,80.2278213501,28153,28163,10
12.9011201859,80.2279891968,28163,28173,10
12.9007101059,80.2279815674,28173,28183,10
12.9000902176,80.2279205322,28183,28193,10
12.8995800018,80.227897644,28193,28203,10
12.8995304108,80.2279129028,28203,28213,10
12.8994398117,80.227897644,28213,28223,10
12.8988599777,80.2278671265,28223,28233,10
12.8980503082,80.2278213501,28233,28244,11
12.8968801498,80.2277526855,28244,28254,10
12.8957099915,80.2276992798,28254,28264,10
12.8946504593,80.2276535034,28264,28274,10
12.8936195374,80.2275695801,28274,28284,10
12.8927097321,80.2274780273,28284,28304,20
12.8927097321,80.2274780273,28304,28314,10
12.8925800323,80.2274398804,28314,28324,10
12.8920698166,80.2274093628,28324,28334,10
12.8912601471,80.2274398804,28334,28344,10
12.8901996613,80.2274093628,28344,28355,11
12.8891296387,80.227432251,28355,28365,10
12.8884096146,80.2273712158,28365,28375,10
12.8883304596,80.2273712158,28375,28385,10
12.8878002167,80.2273330688,28385,28395,10
12.8869304657,80.227180481,28395,28405,10
12.8858604431,80.2268981934,28405,28415,10
12.8850803375,80.2267608643,28415,28425,10
12.8848304749,80.2267837524,28425,28435,10
12.8844995499,80.2267608643,28435,28445,10
12.8837404251,80.2267837524,28445,28455,10
12.8826799393,80.2267913818,28455,28465,10
12.8814001083,80.2267608643,28465,28476,11
12.8799495697,80.2267608643,28476,28484,8
12.8788204193,80.2267990112,28484,28495,11
12.8774003983,80.2269287109,28495,28506,11
12.8766298294,80.2269821167,28506,28516,10
12.8764200211,80.2265625,28516,28536,20
12.8764200211,80.2265625,28536,28546,10
12.8765001297,80.2262496948,28546,28556,10
12.8765802383,80.2255096436,28556,28566,10
12.876660347,80.2245407104,28566,28576,10
12.8767404556,80.2239074707,28576,28587,11
12.8769302368,80.2231903076,28587,28597,10
12.8771600723,80.2221984863,28597,28607,10
12.8774003983,80.2211685181,28607,28617,10
12.8776702881,80.2200622559,28617,28627,10
12.8779201508,80.2190170288,28627,28637,10
12.8781604767,80.2178115845,28637,28647,10
12.8784103394,80.2166137695,28647,28657,10
12.878660202,80.2154312134,28657,28667,10
12.8789196014,80.2141876221,28667,28677,10
12.8791599274,80.2128601074,28677,28687,10
12.8793802261,80.2116088867,28687,28698,11
12.8790798187,80.2109375,28698,28728,30
12.8790798187,80.2109375,28728,28738,10
12.8788700104,80.2109603882,28738,28748,10
12.8783102036,80.2108383179,28748,28758,10
12.8775701523,80.2107009888,28758,28768,10
12.8768501282,80.2105102539,28768,28778,10
12.8761796951,80.2104415894,28778,28788,10
12.8755998611,80.2103424072,28788,28798,10
12.8745803833,80.2101364136,28798,28819,21
12.8745803833,80.2101364136,28819,28829,10
12.8743801117,80.2100524902,28829,28839,10
12.8743896484,80.2098007202,28839,28849,10
12.8746500015,80.2095489502,28849,28859,10
12.8746795654,80.2097930908,28859,28930,71
12.8746795654,80.2097930908,28930,28940,10
12.8746795654,80.2097320557,28940,28960,20
12.8746700287,80.209777832,28960,29051,91
12.8746404648,80.2099075317,29051,29071,20
12.8746404648,80.2099075317,29071,29081,10
12.8745803833,80.2099914551,29081,29091,10
12.8745498657,80.2100601196,29091,29101,10
12.8745803833,80.2100219727,29101,29121,20
12.8746004105,80.2098464966,29121,29364,243
12.8746004105,80.2098464966,29364,29374,10
12.8746099472,80.2099533081,29374,29384,10
12.8746099472,80.2099761963,29384,29394,10
12.8746299744,80.2099761963,29394,29404,10
12.8745803833,80.2095870972,29404,29414,10
12.8746500015,80.2097930908,29414,29777,363
12.8745203018,80.2098388672,29777,29807,30
12.8746204376,80.2098922729,29807,29898,91
12.8746204376,80.2098922729,29898,29908,10
12.8747797012,80.2098236084,29908,29918,10
12.8746995926,80.2099914551,29918,29929,11
12.8747196198,80.2100601196,29929,29939,10
12.8748397827,80.2101593018,29939,29949,10
12.8752803802,80.2102584839,29949,29959,10
12.8758296967,80.2103424072,29959,29969,10
12.8764801025,80.2104568481,29969,29979,10
12.8768596649,80.2105178833,29979,29989,10
12.8772697449,80.210647583,29989,29999,10
12.8779602051,80.2107391357,29999,30009,10
12.8785896301,80.2108764648,30009,30019,10
12.8791103363,80.2109527588,30019,30029,10
12.8792695999,80.2109985352,30029,30040,11
12.8793201447,80.2110137939,30040,30050,10
12.8795099258,80.2112426758,30050,30060,10
12.8793802261,80.2117996216,30060,30070,10
12.8792695999,80.212562561,30070,30080,10
12.8791303635,80.2133331299,30080,30090,10
12.8789596558,80.2141113281,30090,30100,10
12.8787899017,80.2149200439,30100,30110,10
12.8786096573,80.2157287598,30110,30120,10
12.8784704208,80.2165527344,30120,30130,10
12.8782997131,80.2173614502,30130,30140,10
12.8781499863,80.2181625366,30140,30150,10
12.8779602051,80.2189331055,30150,30161,11
12.8777999878,80.2195510864,30161,30171,10
12.8777599335,80.2198410034,30171,30231,60
12.8777599335,80.2198410034,30231,30241,10
12.8776502609,80.2202835083,30241,30251,10
12.8774499893,80.2211380005,30251,30261,10
12.8772497177,80.2221298218,30261,30272,11
12.8769397736,80.223449707,30272,30282,10
12.8766899109,80.2247009277,30282,30292,10
12.8765897751,80.2258529663,30292,30302,10
12.8764801025,80.2267608643,30302,30332,30
12.8764801025,80.2267608643,30332,30342,10
12.8766202927,80.2269287109,30342,30352,10
12.8769798279,80.2268829346,30352,30362,10
12.8778095245,80.2268218994,30362,30372,10
12.8787603378,80.2267227173,30372,30383,11
12.8800601959,80.2266464233,30383,30393,10
12.8813400269,80.2266464233,30393,30403,10
12.8827400208,80.2266616821,30403,30413,10
12.8839998245,80.2266082764,30413,30423,10
12.884929657,80.2265930176,30423,30433,10
12.8852100372,80.2266387939,30433,30443,10
12.8853397369,80.2266616821,30443,30453,10
12.8858699799,80.2267913818,30453,30469,16
12.8872404099,80.2271270752,30469,30481,12
12.8881797791,80.2272415161,30481,30491,10
12.8884496689,80.2272567749,30491,30506,15
12.8886299133,80.2272415161,30506,30515,9
12.8893995285,80.2273483276,30515,30526,11
12.8906402588,80.2273406982,30526,30536,10
12.891960144,80.2272567749,30536,30556,20
12.891960144,80.2272567749,30556,30566,10
12.8923597336,80.2272720337,30566,30576,10
12.8929595947,80.2272567749,30576,30586,10
12.8938102722,80.2273864746,30586,30596,10
12.8941898346,80.2274169922,30596,30606,10
12.894200325,80.2274169922,30606,30617,11
12.8944702148,80.227432251,30617,30627,10
12.8952999115,80.2275238037,30627,30637,10
12.896320343,80.2275695801,30637,30647,10
12.8975696564,80.2275924683,30647,30656,9
12.8986196518,80.2276611328,30656,30666,10
12.8996696472,80.2277526855,30666,30677,11
12.9005899429,80.2277908325,30677,30748,71
12.9005899429,80.2277908325,30748,30758,10
12.9009103775,80.2277832031,30758,30768,10
12.901550293,80.2278366089,30768,30778,10
12.9022598267,80.227897644,30778,30788,10
12.9027004242,80.2279434204,30788,30798,10
12.9027500153,80.2279510498,30798,30808,10
12.9028902054,80.2279510498,30808,30818,10
12.9034404755,80.2279891968,30818,30828,10
12.9042701721,80.2280426025,30828,30839,11
12.9052696228,80.2281036377,30839,30848,9
12.9059801102,80.2281036377,30848,30859,11
12.9063301086,80.2281188965,30859,30869,10
12.9068002701,80.2281799316,30869,30879,10
12.907119751,80.2282409668,30879,30889,10
12.9073400497,80.2282333374,30889,30899,10
12.9078798294,80.2283096313,30899,30909,10
12.9085798264,80.2284469604,30909,30919,10
12.9098901749,80.2286987305,30919,30929,10
12.91106987,80.2288970947,30929,30939,10
12.9123096466,80.2290725708,30939,30950,11
12.9134302139,80.2291793823,30950,30960,10
12.9140100479,80.2292175293,30960,30970,10
12.9140396118,80.2292175293,30970,30980,10
12.914059639,80.2292404175,30980,30990,10
12.9145002365,80.229309082,30990,31000,10
12.9153604507,80.2294082642,31000,31010,10
12.916390419,80.2295913696,31010,31020,10
12.9176397324,80.2297592163,31020,31030,10
12.9187898636,80.2299118042,31030,31040,10
12.9194097519,80.2299728394,31040,31050,10
12.9195804596,80.2299880981,31050,31060,10
12.9202404022,80.2300872803,31060,31071,11
12.9212903976,80.23021698,31071,31081,10
12.9224996567,80.2304077148,31081,31091,10
12.9237604141,80.2305908203,31091,31101,10
12.9249801636,80.2307434082,31101,31111,10
12.926030159,80.2308807373,31111,31121,10
12.9263896942,80.2309112549,31121,31131,10
12.9266901016,80.2309417725,31131,31147,16
12.9278802872,80.2311096191,31147,31159,12
12.9290800095,80.231300354,31159,31167,8
12.9300098419,80.2315292358,31167,31180,13
12.9315099716,80.231918335,31180,31190,10
12.9325895309,80.2322998047,31190,31200,10
12.9334897995,80.232673645,31200,31210,10
12.933719635,80.2327575684,31210,31220,10
12.933839798,80.2327804565,31220,31230,10
12.9343299866,80.2330093384,31230,31240,10
12.9350795746,80.2333679199,31240,31250,10
12.9355802536,80.2336120605,31250,31260,10
12.9357004166,80.2336730957,31260,31270,10
12.936050415,80.23387146,31270,31280,10
12.9367399216,80.2341384888,31280,31291,11
12.9377803802,80.2346420288,31291,31301,10
12.9388198853,80.2351531982,31301,31311,10
12.9395999908,80.235496521,31311,31321,10
12.9397697449,80.2356033325,31321,31331,10
12.9398698807,80.2357025146,31331,31341,10
12.9404602051,80.2359008789,31341,31351,10
12.9413003922,80.2360992432,31351,31361,10
12.9421100616,80.2362976074,31361,31371,10
12.9430198669,80.2366867065,31371,31381,10
12.9436197281,80.237197876,31381,31391,10
12.9436903,80.2373275757,31391,31401,10
12.9439697266,80.2377090454,31401,31412,11
12.9445800781,80.2383575439,31412,31422,10
12.945309639,80.2391204834,31422,31432,10
12.9462795258,80.239616394,31432,31442,10
12.9470901489,80.2398910522,31442,31452,10
12.9472999573,80.239982605,31452,31462,10
12.9475097656,80.2400588989,31462,31472,10
12.9481296539,80.2403182983,31472,31482,10
12.9489297867,80.2406463623,31482,31492,10
12.9497404099,80.2409133911,31492,31502,10
12.9506597519,80.2412719727,31502,31512,10
12.9511203766,80.2413787842,31512,31523,11
12.9511804581,80.2413635254,31523,31533,10
12.951379776,80.2414321899,31533,31543,10
12.9519701004,80.2416534424,31543,31553,10
12.9527702332,80.2419433594,31553,31563,10
12.9537000656,80.2423019409,31563,31573,10
12.9545602798,80.2426681519,31573,31583,10
12.9552497864,80.2429199219,31583,31593,10
12.9560804367,80.2432022095,31593,31603,10
12.9565200806,80.243347168,31603,31613,10
12.9570903778,80.2436218262,31613,31623,10
12.957909584,80.2439880371,31623,31633,10
12.9587402344,80.2443389893,31633,31644,11
12.9589996338,80.2444381714,31644,31654,10
12.9591197968,80.2445068359,31654,31664,10
12.9596796036,80.244758606,31664,31674,10
12.9604597092,80.2451477051,31674,31684,10
12.9614601135,80.2456283569,31684,31694,10
12.9624300003,80.24609375,31694,31703,9
12.9631204605,80.2464370728,31703,31714,11
12.9633998871,80.2465820313,31714,31745,31
12.9633998871,80.2465820313,31745,31755,10
12.9635400772,80.2466583252,31755,31765,10
12.9641103745,80.2468795776,31765,31775,10
12.9649400711,80.2471618652,31775,31785,10
12.9659404755,80.247467041,31785,31795,10
12.9666004181,80.2477493286,31795,31805,10
12.9666404724,80.2477874756,31805,31815,10
12.966750145,80.2478713989,31815,31825,10
12.9668998718,80.2479171753,31825,31835,10
12.96737957,80.2481689453,31835,31845,10
12.9682502747,80.2485198975,31845,31855,10
12.9692897797,80.2489471436,31855,31866,11
12.9704999924,80.249458313,31866,31876,10
12.9716501236,80.2498016357,31876,31892,16
12.9733695984,80.250213623,31892,31904,12
12.9743404388,80.2504425049,31904,31912,8
12.9743795395,80.2504425049,31912,31923,11
12.9745397568,80.2505187988,31923,31935,12
12.9753599167,80.2507781982,31935,31943,8
12.9760904312,80.2509918213,31943,31955,12
12.9774103165,80.2514572144,31955,31966,11
12.9785499573,80.2523422241,31966,31977,11
12.9795598984,80.2525405884,31977,31987,10
12.9799404144,80.252281189,31987,32007,20
12.9799404144,80.252281189,32007,32017,10
12.9800395966,80.2519683838,32017,32027,10
12.9802598953,80.2513198853,32027,32037,10
12.9805002213,80.2504196167,32037,32047,10
12.9807300568,80.249420166,32047,32057,10
12.9808502197,80.248046875,32057,32067,10
12.9809303284,80.2468566895,32067,32077,10
12.9811096191,80.2453308105,32077,32087,10
12.9812002182,80.2441177368,32087,32098,11
12.9813404083,80.2435836792,32098,32108,10
12.9813604355,80.2432785034,32108,32118,10
12.9813804626,80.2428512573,32118,32138,20
12.9813804626,80.2428512573,32138,32148,10
12.9814596176,80.2425918579,32148,32158,10
12.9814300537,80.2421035767,32158,32168,10
12.9814195633,80.2414016724,32168,32178,10
12.9813995361,80.240562439,32178,32188,10
12.9813804626,80.2397766113,32188,32198,10
12.9813699722,80.2394714355,32198,32209,11
12.9813404083,80.2386703491,32209,32219,10
12.9813203812,80.2379226685,32219,32239,20
12.9813203812,80.2379226685,32239,32249,10
12.9813404083,80.2377166748,32249,32259,10
12.981300354,80.2371063232,32259,32269,10
12.9812498093,80.2362213135,32269,32279,10
12.9812297821,80.2352676392,32279,32289,10
12.9812498093,80.2343826294,32289,32299,10
12.9815196991,80.2336730957,32299,32309,10
12.9816598892,80.2333984375,32309,32320,11
12.9816598892,80.2334136963,32320,32330,10
12.9817399979,80.2332382202,32330,32340,10
12.9819202423,80.2327880859,32340,32350,10
12.9820203781,80.2323074341,32350,32360,10
12.9820098877,80.2319717407,32360,32370,10
12.982000351,80.2314987183,32370,32380,10
12.9818201065,80.2309799194,32380,32390,10
12.9815196991,80.23046875,32390,32400,10
12.981089592,80.2297286987,32400,32410,10
12.9808397293,80.2293014526,32410,32420,10
12.980629921,80.229019165,32420,32430,10
12.9805402756,80.2289123535,32430,32441,11
12.9803600311,80.228477478,32441,32451,10
12.9800701141,80.2279205322,32451,32461,10
12.9797897339,80.2273788452,32461,32471,10
12.9794197083,80.2268066406,32471,32481,10
12.9789600372,80.2261123657,32481,32491,10
12.9784898758,80.2253265381,32491,32501,10
12.9781198502,80.2246932983,32501,32511,10
12.9777898788,80.2242889404,32511,32521,10
12.9777698517,80.2242202759,32521,32531,10
12.9775800705,80.2238922119,32531,32541,10
12.9772100449,80.2232589722,32541,32552,11
12.976940155,80.2227935791,32552,32562,10
12.9772396088,80.2226791382,32562,32572,10
12.9772596359,80.2226715088,32572,32582,10
12.9774904251,80.2227020264,32582,32592,10
12.9775400162,80.2222595215,32592,32602,10
12.9774703979,80.2217025757,32602,32612,10
12.9774703979,80.2213516235,32612,32622,10
12.9776201248,80.2213134766,32622,32632,10
12.9781599045,80.2212677002,32632,32642,10
12.9788303375,80.2211990356,32642,32652,10
12.9798402786,80.2210998535,32652,32662,10
12.9806404114,80.2210388184,32662,32673,11
12.9815397263,80.2213134766,32673,32683,10
12.9823102951,80.2217025757,32683,32693,10
12.9826602936,80.2218704224,32693,32703,10
12.9827804565,80.2218933105,32703,32713,10
12.983039856,80.2219696045,32713,32723,10
12.9831695557,80.2220993042,32723,32733,10
12.9835596085,80.222366333,32733,32743,10
12.9837303162,80.2224578857,32743,32753,10
12.9841995239,80.2227172852,32753,32763,10
12.984749794,80.2230606079,32763,32774,11
12.9853601456,80.2232666016,32774,32784,10
12.9857997894,80.2229690552,32784,32794,10
12.9863195419,80.2229232788,32794,32804,10
12.9865598679,80.2229003906,32804,32814,10
12.9867296219,80.2229919434,32814,32824,10
12.9870195389,80.2230300903,32824,32834,10
12.9872999191,80.2230377197,32834,32844,10
12.9876899719,80.2230300903,32844,32853,9
12.9881601334,80.2226867676,32853,32864,11
12.9888601303,80.2220993042,32864,32874,10
12.989159584,80.2217483521,32874,32884,10
12.9896202087,80.2212219238,32884,32895,11
12.9903097153,80.2205505371,32895,32905,10
12.9905395508,80.2203216553,32905,32915,10
12.9907903671,80.2200622559,32915,32925,10
12.9913196564,80.2196578979,32925,32935,10
12.9919996262,80.2191925049,32935,32945,10
12.992770195,80.2185974121,32945,32955,10
12.9935598373,80.2180328369,32955,32965,10
12.9942398071,80.2175521851,32965,32975,10
12.9947500229,80.2171630859,32975,32985,10
12.995010376,80.2169876099,32985,32995,10
12.9955196381,80.2167282104,32995,33006,11
12.9964504242,80.2164993286,33006,33016,10
12.9970598221,80.216468811,33016,33025,9
12.9974298477,80.2161483765,33025,33036,11
12.9975795746,80.2160568237,33036,33046,10
12.9977502823,80.2158966064,33046,33056,10
12.9981603622,80.2154769897,33056,33066,10
12.9988203049,80.2149810791,33066,33076,10
12.9991998672,80.2146530151,33076,33086,10
12.9996099472,80.2143173218,33086,33096,10
13.0,80.2139587402,33096,33106,10
13.0007095337,80.2133483887,33106,33117,11
13.0014200211,80.2127990723,33117,33127,10
13.0020399094,80.2123413086,33127,33137,10
13.0026397705,80.2120437622,33137,33147,10
13.0031900406,80.2120513916,33147,33157,10
13.003660202,80.2119522095,33157,33167,10
13.0036201477,80.2119216919,33167,33177,10
13.0037002563,80.2115707397,33177,33187,10
13.0036497116,80.2108764648,33187,33197,10
13.0035495758,80.2100219727,33197,33207,10
13.0036001205,80.2092437744,33207,33217,10
13.0039196014,80.2086486816,33217,33227,10
13.0048103333,80.2090072632,33227,33238,11
13.0058202744,80.2094116211,33238,33248,10
13.0065603256,80.2096328735,33248,33258,10
13.0071201324,80.2097320557,33258,33288,30
13.0071201324,80.2097320557,33288,33298,10
13.0074596405,80.2097702026,33298,33308,10
13.008020401,80.2098770142,33308,33318,10
13.0081501007,80.2096633911,33318,33328,10
13.008020401,80.2089996338,33328,33338,10
13.007900238,80.208190918,33338,33349,11
13.0077600479,80.2072372437,33349,33359,10
13.007610321,80.2063674927,33359,33369,10
13.0074796677,80.2054214478,33369,33379,10
13.0074901581,80.2044677734,33379,33389,10
13.0074396133,80.2039031982,33389,33399,10
13.0073204041,80.2031936646,33399,33409,10
13.0069799423,80.2025909424,33409,33419,10
13.0065202713,80.2030487061,33419,33429,10
13.0071201324,80.2035217285,33429,33439,10
13.0079097748,80.2036972046,33439,33449,10
13.0089902878,80.2036514282,33449,33460,11
13.0102996826,80.2035827637,33460,33470,10
13.0115098953,80.2036514282,33470,33480,10
13.0126199722,80.2038269043,33480,33490,10
13.0135202408,80.2041091919,33490,33500,10
13.0136804581,80.2041778564,33500,33510,10
13.0136995316,80.2043762207,33510,33520,10
13.0135803223,80.204750061,33520,33530,10
13.0134897232,80.2052001953,33530,33540,10
13.0132799149,80.2059173584,33540,33550,10
13.013130188,80.2067871094,33550,33560,10
13.0130395889,80.2075881958,33560,33571,11
13.0128898621,80.2079925537,33571,33581,10
13.0128803253,80.2084579468,33581,33591,10
13.0128898621,80.2090377808,33591,33601,10
13.0130996704,80.2097167969,33601,33611,10
13.0130901337,80.2101516724,33611,33621,10
13.0130901337,80.2107315063,33621,33631,10
13.0126800537,80.2114562988,33631,33641,10
13.0122404099,80.2121505737,33641,33651,10
13.0119600296,80.2125778198,33651,33661,10
13.0118398666,80.2127075195,33661,33671,10
13.0114603043,80.2124786377,33671,33682,11
13.0110797882,80.2122421265,33682,33692,10
13.0109300613,80.2121429443,33692,33702,10
13.0107803345,80.2121124268,33702,33944,242
13.0107803345,80.2121124268,33944,33954,10
13.0108098984,80.2122192383,33954,33974,20
13.010840416,80.2121963501,33974,34055,81
13.010840416,80.2121963501,34055,34065,10
13.0108098984,80.2121429443,34065,34085,20
13.0108098984,80.2121429443,34085,34095,10
13.0107898712,80.2119216919,34095,34216,121
13.010840416,80.2119979858,34216,34257,41
13.010840416,80.2119979858,34257,34267,10
13.0106697083,80.2121582031,34267,34408,141
13.0108003616,80.2121582031,34408,34458,50
13.0108203888,80.2121276855,34458,34549,91
13.0108203888,80.2121276855,34549,34559,10
13.0105600357,80.2119369507,34559,34569,10
13.0101995468,80.2116394043,34569,34579,10
13.0100498199,80.2116012573,34579,34590,11
13.0099201202,80.2116470337,34590,34600,10
13.0098896027,80.2114868164,34600,34610,10
13.0098304749,80.2113494873,34610,34620,10
13.0097999573,80.2112579346,34620,34630,10
13.0095996857,80.2111663818,34630,34660,30
13.0095996857,80.2111663818,34660,34670,10
13.0094299316,80.2106628418,34670,34699,29
13.0094299316,80.2106628418,34699,34709,10
13.0095901489,80.2111587524,34709,34719,10
13.0095796585,80.2110366821,34719,34729,10
13.0100002289,80.2116317749,34729,34739,10
13.0097503662,80.2114715576,34739,34749,10
13.0097303391,80.2113189697,34749,34759,10
13.0096998215,80.2113418579,34759,34769,10
13.0096797943,80.2113723755,34769,34778,9
13.0096197128,80.2113571167,34778,34788,10
13.0096998215,80.2113723755,34788,34799,11
13.0097303391,80.2113189697,34799,34810,11
13.0095796585,80.2111282349,34810,34860,50
13.0095100403,80.211151123,34860,34880,20
13.0095100403,80.211151123,34880,34890,10
13.0095100403,80.2111129761,34890,34900,10
13.0095100403,80.2110671997,34900,34910,10
13.0093603134,80.2110214233,34910,34921,11
13.0094995499,80.2111282349,34921,34931,10
13.0097904205,80.2109832764,34931,34951,20
13.0094804764,80.2110595703,34951,34991,40
13.0094804764,80.2110595703,34991,35001,10
13.0093898773,80.2110137939,35001,35021,20
13.0093898773,80.2110137939,35021,35032,11
13.0091199875,80.2114105225,35032,35042,10
13.009059906,80.2117385864,35042,35052,10
13.0092401505,80.2123184204,35052,35062,10
13.0095100403,80.2130203247,35062,35072,10
13.0098199844,80.2137908936,35072,35082,10
13.0101203918,80.2145767212,35082,35092,10
13.010219574,80.2153701782,35092,35102,10
13.0104398727,80.2161712646,35102,35112,10
13.0108098984,80.2169876099,35112,35122,10
13.0111999512,80.2178497314,35122,35132,10
13.0114097595,80.2185668945,35132,35142,10
13.0118303299,80.2196273804,35142,35153,11
13.0122203827,80.2207794189,35153,35163,10
13.0123796463,80.221496582,35163,35173,10
13.0125904083,80.2220077515,35173,35183,10
13.0127696991,80.2225189209,35183,35193,10
13.0135602951,80.223197937,35193,35203,10
13.0142097473,80.2238235474,35203,35213,10
13.0146503448,80.2244033813,35213,35223,10
13.0152196884,80.2250366211,35223,35233,10
13.0153303146,80.2251586914,35233,35243,10
13.0153799057,80.2252120972,35243,35253,10
13.0155296326,80.225479126,35253,35263,10
13.0153598785,80.2258300781,35263,35274,11
13.0148200989,80.2260284424,35274,35284,10
13.0139799118,80.2263412476,35284,35294,10
13.0130701065,80.2267379761,35294,35304,10
13.0121002197,80.2271194458,35304,35314,10
13.0110301971,80.2274932861,35314,35324,10
13.010020256,80.2278671265,35324,35334,10
13.009519577,80.2276535034,35334,35344,10
13.0096998215,80.2270736694,35344,35354,10
13.0101203918,80.2261428833,35354,35364,10
13.0104503632,80.2252578735,35364,35374,10
13.0108098984,80.2244796753,35374,35385,11
13.0111999512,80.2236022949,35385,35395,10
13.0113296509,80.2231674194,35395,35405,10
13.0107498169,80.2229537964,35405,35415,10
13.0099601746,80.2225189209,35415,35425,10
13.0090398788,80.2220230103,35425,35435,10
13.0080795288,80.2214889526,35435,35451,16
13.006819725,80.2208023071,35451,35463,12
13.0060901642,80.2205886841,35463,35471,8
13.0055198669,80.220451355,35471,35483,12
13.0046195984,80.2201766968,35483,35493,10
13.0045099258,80.2201309204,35493,35504,11
13.0039396286,80.2199935913,35504,35514,10
13.0031700134,80.2198181152,35514,35522,8
13.0025100708,80.2195281982,35522,35534,12
13.001950264,80.2188720703,35534,35544,10
13.001250267,80.2183837891,35544,35554,10
13.0005702972,80.2179794312,35554,35563,9
12.9999704361,80.2176437378,35563,35575,12
12.9992103577,80.2171401978,35575,35585,10
12.9982995987,80.216796875,35585,35595,10
12.9975204468,80.216583252,35595,35605,10
12.9973497391,80.2165374756,35605,35616,11
12.9972295761,80.2164993286,35616,35627,11
12.996720314,80.216506958,35627,35636,9
12.9961099625,80.2165222168,35636,35647,11
12.9952802658,80.2167663574,35647,35657,10
12.9945898056,80.2171936035,35657,35667,10
12.9941501617,80.2176589966,35667,35677,10
12.9937295914,80.2180099487,35677,35687,10
12.9930496216,80.2185974121,35687,35697,10
12.9923400879,80.2192382813,35697,35707,10
12.9914398193,80.2197799683,35707,35717,10
12.9909000397,80.220161438,35717,35728,11
12.9909095764,80.220199585,35728,35738,10
12.9904603958,80.2202911377,35738,35748,10
12.9898195267,80.2206802368,35748,35758,10
12.9893798828,80.2213134766,35758,35768,10
12.9890203476,80.222038269,35768,35778,10
12.9882698059,80.2229614258,35778,35788,10
12.9877004623,80.2230682373,35788,35798,10
12.9875297546,80.2230911255,35798,35808,10
12.9870996475,80.2230300903,35808,35818,10
12.9864997864,80.2229690552,35818,35828,10
12.9857997894,80.2230224609,35828,35839,11
12.9853801727,80.2233581543,35839,35849,10
12.9849700928,80.2231903076,35849,35859,10
12.9845399857,80.2229537964,35859,35869,10
12.9841299057,80.2228393555,35869,35879,10
12.9836502075,80.2225189209,35879,35889,10
12.9832897186,80.2223205566,35889,35899,10
12.9832496643,80.2222671509,35899,35909,10
12.983130455,80.2220916748,35909,35919,10
12.9827604294,80.2219467163,35919,35929,10
12.9824800491,80.2218399048,35929,35945,16
12.9816999435,80.2216033936,35945,35958,13
12.9807901382,80.2211380005,35958,35968,10
12.9800395966,80.2211227417,35968,35978,10
12.979060173,80.2211608887,35978,35988,10
12.9781103134,80.2210464478,35988,35998,10
12.9774599075,80.2210998535,35998,36008,10
12.9767999649,80.2212219238,36008,36018,10
12.9762201309,80.2212371826,36018,36028,10
12.9762897491,80.2216491699,36028,36048,20
12.9762897491,80.2216491699,36048,36059,11
12.9763803482,80.2217102051,36059,36069,10
12.9765701294,80.2219390869,36069,36080,11
12.9768896103,80.2225494385,36080,36090,10
12.9769001007,80.2225875854,36090,36100,10
12.9770097733,80.2228393555,36100,36110,10
12.977230072,80.2232971191,36110,36120,10
12.9776000977,80.2238388062,36120,36130,10
12.9779500961,80.2244110107,36130,36140,10
12.9785499573,80.2253570557,36140,36160,20
12.9785499573,80.2253570557,36160,36170,10
12.9787302017,80.2256698608,36170,36181,11
12.9791002274,80.226272583,36181,36191,10
12.9795198441,80.2269134521,36191,36201,10
12.9800195694,80.2276382446,36201,36211,10
12.9804601669,80.2284469604,36211,36221,10
12.9808197021,80.2290725708,36221,36231,10
12.9811000824,80.2295684814,36231,36241,10
12.9814195633,80.2301025391,36241,36251,10
12.9816799164,80.2304992676,36251,36291,40
12.9816799164,80.2304992676,36291,36302,11
12.9818696976,80.2308273315,36302,36312,10
12.9820404053,80.2314605713,36312,36322,10
12.982049942,80.2322006226,36322,36332,10
12.9819002151,80.2328720093,36332,36342,10
12.9816398621,80.2334289551,36342,36352,10
12.9815998077,80.2334976196,36352,36362,10
12.9814596176,80.2337722778,36362,36372,10
12.9812602997,80.2343826294,36372,36382,10
12.9812498093,80.2351608276,36382,36392,10
12.9812803268,80.2360992432,36392,36402,10
12.9812803268,80.2368774414,36402,36413,11
12.981300354,80.2375106812,36413,36423,10
12.981300354,80.2378921509,36423,36433,10
12.981300354,80.2384719849,36433,36443,10
12.9813098907,80.2385635376,36443,36453,10
12.981300354,80.2387008667,36453,36463,10
12.981300354,80.2391967773,36463,36473,10
12.9813299179,80.2398605347,36473,36483,10
12.9813203812,80.2406692505,36483,36493,10
12.9813604355,80.2415390015,36493,36509,16
12.9813804626,80.2425613403,36509,36521,12
12.9813699722,80.242729187,36521,36532,11
12.9813604355,80.2429580688,36532,36542,10
12.9813203812,80.2436904907,36542,36552,10
12.9812202454,80.2446365356,36552,36562,10
12.9811000824,80.2457885742,36562,36572,10
12.9809598923,80.2471237183,36572,36582,10
12.9808597565,80.2483291626,36582,36592,10
12.9807395935,80.2495880127,36592,36602,10
12.9804401398,80.250831604,36602,36612,10
12.9801597595,80.2518463135,36612,36622,10
12.9800395966,80.2523727417,36622,36632,10
12.9799499512,80.2526321411,36632,36723,91
12.9799499512,80.2526321411,36723,36733,10
12.9798498154,80.252822876,36733,36743,10
12.9793395996,80.2527389526,36743,36754,11
12.9786596298,80.2526168823,36754,36764,10
12.9785804749,80.2525634766,36764,36773,9
12.9782400131,80.2523193359,36773,36784,11
12.9775295258,80.2517089844,36784,36794,10
12.9765501022,80.2512283325,36794,36804,10
12.9755001068,80.2509231567,36804,36814,10
12.9743900299,80.2506027222,36814,36824,10
12.9733600616,80.250328064,36824,36834,10
12.9725904465,80.2501602173,36834,36844,10
12.9723901749,80.2500762939,36844,36854,10
12.9718198776,80.2499237061,36854,36864,10
12.9709701538,80.2497024536,36864,36875,11
12.9697999954,80.2492828369,36875,36885,10
12.9687299728,80.2488632202,36885,36895,10
12.9677400589,80.2484588623,36895,36905,10
12.9669399261,80.2480926514,36905,36915,10
12.9660396576,80.2476882935,36915,36925,10
12.9652500153,80.2474136353,36925,36935,10
12.9650602341,80.2473220825,36935,36945,10
12.9649000168,80.2472610474,36945,36955,10
12.9643602371,80.2471008301,36955,36965,10
12.963760376,80.246887207,36965,36996,31
12.963760376,80.246887207,36996,37006,10
12.9636497498,80.2468032837,37006,37016,10
12.9631700516,80.24659729,37016,37026,10
12.9625101089,80.2462997437,37026,37036,10
12.9617099762,80.2459182739,37036,37046,10
12.9608201981,80.2454910278,37046,37056,10
12.9598903656,80.2450790405,37056,37066,10
12.959400177,80.2448501587,37066,37076,10
12.9593000412,80.2446975708,37076,37086,10
12.9588403702,80.2445068359,37086,37097,11
12.9580097198,80.2442016602,37097,37107,10
12.9573802948,80.2440109253,37107,37117,10
12.9568099976,80.2438201904,37117,37187,70
12.9568099976,80.2438201904,37187,37197,10
12.9568099976,80.2438583374,37197,37207,10
12.9566898346,80.2438278198,37207,37218,11
12.9564304352,80.2437133789,37218,37228,10
12.956410408,80.2436904907,37228,37238,10
12.9562902451,80.243637085,37238,37248,10
12.9558200836,80.2433929443,37248,37258,10
12.955039978,80.2430114746,37258,37268,10
12.9541597366,80.2426300049,37268,37278,10
12.9531297684,80.2422027588,37278,37288,10
12.9521303177,80.2417678833,37288,37298,10
12.9516401291,80.2416000366,37298,37308,10
12.9515399933,80.2415008545,37308,37318,10
12.9509801865,80.2411575317,37318,37329,11
12.9501304626,80.2409820557,37329,37339,10
12.9492101669,80.2408218384,37339,37349,10
12.9483299255,80.2404708862,37349,37359,10
12.9476003647,80.2401809692,37359,37369,10
12.9473495483,80.2400894165,37369,37379,10
12.9472398758,80.2400588989,37379,37389,10
12.9471797943,80.2400436401,37389,37399,10
12.9467496872,80.2398910522,37399,37409,10
12.946149826,80.2396316528,37409,37419,10
12.9454202652,80.2393417358,37419,37429,10
12.9447202682,80.2386932373,37429,37440,11
12.9438800812,80.2378005981,37440,37450,10
12.9432897568,80.2371368408,37450,37460,10
12.9426298141,80.2366790771,37460,37470,10
12.9416503906,80.2363204956,37470,37480,10
12.9407596588,80.2360992432,37480,37490,10
12.9399795532,80.2358779907,37490,37500,10
12.9397497177,80.2358093262,37500,37510,10
12.9395799637,80.2356719971,37510,37520,10
12.9391298294,80.2354736328,37520,37530,10
12.9383602142,80.2350997925,37530,37540,10
12.9374399185,80.2346801758,37540,37551,11
12.9364204407,80.2341308594,37551,37561,10
12.9359502792,80.2338867188,37561,37581,20
12.9359502792,80.2338867188,37581,37591,10
12.9356298447,80.2337493896,37591,37601,10
12.9349899292,80.2334899902,37601,37611,10
12.9338197708,80.2329406738,37611,37631,20
12.9338197708,80.2329406738,37631,37641,10
12.9335002899,80.2328796387,37641,37651,10
12.9327697754,80.2326126099,37651,37661,10
12.9317998886,80.2322463989,37661,37672,11
12.9305200577,80.2318115234,37672,37682,10
12.9294099808,80.2315216064,37682,37692,10
12.9284095764,80.231300354,37692,37702,10
12.9272403717,80.2311401367,37702,37712,10
12.9264001846,80.231048584,37712,37722,10
12.9262104034,80.231010437,37722,37732,10
12.9260396957,80.2309875488,37732,37742,10
12.9254703522,80.2309188843,37742,37752,10
12.9246702194,80.230796814,37752,37762,10
12.9237499237,80.2306976318,37762,37772,10
12.9227399826,80.2305831909,37772,37783,11
12.9215202332,80.2303695679,37783,37793,10
12.9202899933,80.2302093506,37793,37803,10
12.919380188,80.2301101685,37803,37813,10
12.9190301895,80.2300796509,37813,37823,10
12.9186000824,80.2300186157,37823,37833,10
12.9177999496,80.229888916,37833,37843,10
12.9167404175,80.2297286987,37843,37853,10
12.9154996872,80.2295608521,37853,37863,10
12.9143104553,80.2294082642,37863,37873,10
12.9133901596,80.2293167114,37873,37883,10
12.9131803513,80.2292709351,37883,37893,10
12.9131298065,80.2292098999,37893,37904,11
12.9125003815,80.2291412354,37904,37914,10
12.9115400314,80.229019165,37914,37924,10
12.9104499817,80.2288513184,37924,37934,10
12.9092102051,80.2286529541,37934,37944,10
12.9079999924,80.2284393311,37944,37954,10
12.9072399139,80.2283401489,37954,37964,10
12.9070701599,80.2283096313,37964,38025,61
12.9070701599,80.2283096313,38025,38035,10
12.906920433,80.2283401489,38035,38045,10
12.9064502716,80.2282791138,38045,38055,10
12.9061403275,80.2282409668,38055,38065,10
12.9060096741,80.2282409668,38065,38075,10
12.9053001404,80.2281112671,38075,38085,10
12.9044599533,80.2280807495,38085,38095,10
12.9038496017,80.2280502319,38095,38105,10
12.9029397964,80.2280197144,38105,38115,10
12.9020996094,80.2279891968,38115,38126,11
12.9013004303,80.2279891968,38126,38186,60
12.9013004303,80.2279891968,38186,38196,10
12.9010801315,80.2281036377,38196,38206,10
12.9008102417,80.2280197144,38206,38216,10
12.9004001617,80.2279815674,38216,38226,10
12.8998804092,80.2279586792,38226,38236,10
12.8993797302,80.2279205322,38236,38267,31
12.8993797302,80.2279205322,38267,38277,10
12.8990602493,80.2278594971,38277,38287,10
12.8984603882,80.2278366089,38287,38297,10
12.897600174,80.2277908325,38297,38307,10
12.8967199326,80.2277374268,38307,38317,10
12.8959503174,80.227722168,38317,38327,10
12.8951101303,80.2276992798,38327,38337,10
12.894200325,80.2276611328,38337,38347,10
12.8933696747,80.2275772095,38347,38358,11
12.8931398392,80.2275390625,38358,38368,10
12.8925304413,80.2274627686,38368,38408,40
12.8925304413,80.2274627686,38408,38418,10
12.8922395706,80.227432251,38418,38428,10
12.8916196823,80.2274169922,38428,38438,10
12.890709877,80.2274017334,38438,38448,10
12.8896198273,80.2273788452,38448,38458,10
12.8887901306,80.2273864746,38458,38469,11
12.8884296417,80.2273864746,38469,38479,10
12.888420105,80.2273635864,38479,38489,10
12.8879899979,80.2273406982,38489,38499,10
12.8872098923,80.2272109985,38499,38509,10
12.8862304688,80.2269821167,38509,38519,10
12.8847999573,80.2267303467,38519,38539,20
12.8847999573,80.2267303467,38539,38549,10
12.8843603134,80.2267303467,38549,38559,10
12.8835697174,80.2267227173,38559,38569,10
12.8826198578,80.2267379761,38569,38579,10
12.8814401627,80.2267608643,38579,38590,11
12.8800096512,80.2267837524,38590,38600,10
12.878660202,80.2268218994,38600,38610,10
12.8773002625,80.2268981934,38610,38620,10
12.8766002655,80.2269821167,38620,38630,10
12.8764400482,80.2265396118,38630,38650,20
12.8764400482,80.2265396118,38650,38660,10
12.8764400482,80.2262420654,38660,38670,10
12.8765296936,80.2255096436,38670,38680,10
12.8766202927,80.224609375,38680,38690,10
12.8768501282,80.2234725952,38690,38701,11
12.8772096634,80.2220993042,38701,38711,10
12.8774995804,80.2208404541,38711,38721,10
12.8777503967,80.2195663452,38721,38731,10
12.8780202866,80.2182998657,38731,38741,10
12.8782901764,80.2169876099,38741,38751,10
12.8785600662,80.2157821655,38751,38761,10
12.8788499832,80.2145309448,38761,38777,16
12.8792104721,80.2124710083,38777,38789,12
12.8794202805,80.2113037109,38789,38797,8
12.8791599274,80.2109527588,38797,38820,23
12.8791599274,80.2109527588,38820,38830,10
12.8789300919,80.2109375,38830,38839,9
12.8786401749,80.2108688354,38839,38850,11
12.8780097961,80.2107162476,38850,38860,10
12.8774299622,80.2106323242,38860,38870,10
12.8767299652,80.2105484009,38870,38900,30
12.8767299652,80.2105484009,38900,38910,10
12.8763999939,80.2104721069,38910,38920,10
12.8758401871,80.2103805542,38920,38931,11
12.8750295639,80.2102127075,38931,38941,10
12.8744401932,80.2100830078,38941,38961,20
12.8744401932,80.2100830078,38961,38971,10
12.8743896484,80.2100067139,38971,38981,10
12.874420166,80.2096328735,38981,38991,10
12.8747797012,80.2097015381,38991,39011,20
12.8747797012,80.2097015381,39011,39021,10
12.8747901917,80.2096862793,39021,39031,10
12.8750095367,80.2096633911,39031,39132,101
12.8750095367,80.2096633911,39132,39142,10
12.873459816,80.2095184326,39142,39152,10
12.8732595444,80.2093963623,39152,39163,11
12.8745603561,80.2098464966,39163,39173,10
12.8746099472,80.2098693848,39173,39183,10
12.8746795654,80.2098388672,39183,39193,10
12.8746900558,80.2098083496,39193,39203,10
12.8746595383,80.2098007202,39203,39213,10
12.8745698929,80.2098617554,39213,39223,10
12.8743000031,80.2097473145,39223,39304,81
12.8745498657,80.2099761963,39304,39334,30
12.8745498657,80.2099761963,39334,39344,10
12.8746595383,80.2098388672,39344,39354,10
12.8746099472,80.2097473145,39354,39364,10
12.8747196198,80.2098922729,39364,39374,10
12.8746004105,80.2096786499,39374,39385,11
12.8746099472,80.2097473145,39385,39395,10
12.8745698929,80.2097930908,39395,39405,10
12.8745803833,80.2097625732,39405,39415,10
12.8745603561,80.2097930908,39415,39425,10
12.874420166,80.2097473145,39425,39435,10
12.8744297028,80.2097396851,39435,39445,10
12.8745498657,80.2098083496,39445,39455,10
12.8746404648,80.2098007202,39455,39465,10
12.8743696213,80.2097930908,39465,39475,10
12.8746004105,80.2098007202,39475,39485,10
12.8747301102,80.2097473145,39485,39496,11
12.8744697571,80.2098007202,39496,39506,10
12.8740196228,80.2095718384,39506,39516,10
12.8742599487,80.2096862793,39516,39526,10
12.8740100861,80.2096481323,39526,39536,10
12.8748502731,80.2099761963,39536,39546,10
12.8740797043,80.2096176147,39546,39556,10
12.8749303818,80.2097473145,39556,39566,10
12.875169754,80.2097091675,39566,39818,252
12.8747797012,80.2100906372,39818,39869,51
12.8747797012,80.2100906372,39869,39879,10
12.8763799667,80.2101974487,39879,39889,10
12.8753900528,80.2104873657,39889,39899,10
12.8750495911,80.2097320557,39899,39909,10
12.87541008,80.2094192505,39909,39960,51
12.87541008,80.2094192505,39960,39970,10
12.8747997284,80.2097015381,39970,39980,10
12.8747301102,80.2097702026,39980,39990,10
12.874710083,80.2097625732,39990,40000,10
12.8747301102,80.2099761963,40000,40010,10
12.8746995926,80.2100601196,40010,40020,10
12.8747396469,80.2101898193,40020,40030,10
12.8750801086,80.2102203369,40030,40040,10
12.8755702972,80.2103424072,40040,40050,10
12.8760700226,80.2104415894,40050,40060,10
12.8766698837,80.2105026245,40060,40071,11
12.8772497177,80.210609436,40071,40081,10
12.877699852,80.2107620239,40081,40091,10
12.8782901764,80.2108078003,40091,40101,10
12.8788604736,80.210899353,40101,40111,10
12.8792200089,80.2109527588,40111,40121,10
12.8792295456,80.2109527588,40121,40131,10
12.8794403076,80.2110671997,40131,40141,10
12.8794803619,80.2113494873,40141,40151,10
12.8793201447,80.2120513916,40151,40161,10
12.879119873,80.2129364014,40161,40171,10
12.8789100647,80.2139968872,40171,40181,10
12.8787202835,80.215133667,40181,40192,11
12.8784399033,80.2163619995,40192,40202,10
12.8782596588,80.2174835205,40202,40212,10
12.8780202866,80.2186431885,40212,40222,10
12.8778600693,80.2195281982,40222,40232,10
12.877579689,80.2205505371,40232,40242,10
12.8773202896,80.2217102051,40242,40252,10
12.8770399094,80.2229385376,40252,40262,10
12.8767995834,80.2241592407,40262,40272,10
12.8766403198,80.2253494263,40272,40282,10
12.8764400482,80.2263183594,40282,40292,10
12.876449585,80.2268600464,40292,40323,31
12.876449585,80.2268600464,40323,40333,10
12.8765802383,80.2269363403,40333,40343,10
12.8769302368,80.2268600464,40343,40353,10
12.8776798248,80.2267837524,40353,40363,10
12.8788003922,80.2267227173,40363,40373,10
12.8801002502,80.2266769409,40373,40383,10
12.8814201355,80.2266998291,40383,40393,10
12.8826799393,80.2266769409,40393,40409,16
12.8845596313,80.2266235352,40409,40422,13
12.8853502274,80.2266769409,40422,40432,10
12.8852996826,80.2266464233,40432,40442,10
12.8861103058,80.2268371582,40442,40452,10
12.8870296478,80.2270965576,40452,40462,10
12.8881397247,80.2272567749,40462,40472,10
12.8892002106,80.2272872925,40472,40482,10
12.8902301788,80.2272796631,40482,40492,10
12.8914299011,80.2272491455,40492,40502,10
12.8922595978,80.2272796631,40502,40573,71
12.8922595978,80.2272796631,40573,40583,10
12.8926200867,80.2273101807,40583,40593,10
12.8933696747,80.2273864746,40593,40603,10
12.894109726,80.2274780273,40603,40613,10
12.8941898346,80.2275009155,40613,40623,10
12.8947896957,80.2275390625,40623,40633,10
12.8955497742,80.2275695801,40633,40644,11
12.8966703415,80.2276306152,40644,40654,10
12.897769928,80.2277069092,40654,40664,10
12.8986501694,80.2277679443,40664,40674,10
12.8992795944,80.2277984619,40674,40684,10
12.9000597,80.2278137207,40684,40694,10
12.9003400803,80.2278289795,40694,40704,10
12.9004802704,80.2278366089,40704,40714,10
12.900759697,80.2278594971,40714,40724,10
12.9009599686,80.2278900146,40724,40734,10
12.9014101028,80.2279129028,40734,40744,10
12.9023799896,80.2279510498,40744,40765,21
12.9023799896,80.2279510498,40765,40775,10
12.9025697708,80.2279586792,40775,40785,10
12.9027900696,80.2279815674,40785,40795,10
12.9033403397,80.2279968262,40795,40805,10
12.9040603638,80.2280502319,40805,40815,10
12.9048595428,80.2280883789,40815,40825,10
12.9058103561,80.2281188965,40825,40835,10
12.9065504074,80.2281723022,40835,40845,10
12.9069004059,80.2282028198,40845,40861,16
12.9071702957,80.2282562256,40861,40873,12
12.9081096649,80.2283630371,40873,40884,11
12.9092798233,80.2285385132,40884,40893,9
12.9104604721,80.2287597656,40893,40904,11
12.9119195938,80.2289810181,40904,40914,10
12.9129896164,80.2291412354,40914,40924,10
12.9138803482,80.2292480469,40924,40934,10
12.9139795303,80.2292633057,40934,40944,10
12.9140996933,80.2292861938,40944,40954,10
12.9147100449,80.2293624878,40954,40964,10
12.9155302048,80.2294769287,40964,40974,10
12.9166498184,80.229637146,40974,40984,10
12.9177703857,80.2298126221,40984,40995,11
12.9188899994,80.2299575806,40995,41005,10
12.9193000793,80.2300720215,41005,41015,10
12.9194097519,80.2300491333,41015,41025,10
12.920009613,80.2301101685,41025,41035,10
12.9209003448,80.2302017212,41035,41045,10
12.9220399857,80.2303695679,41045,41055,10
12.9233102798,80.2305831909,41055,41065,10
12.9245300293,80.2307434082,41065,41075,10
12.9255304337,80.2308731079,41075,41085,10
12.9263296127,80.2309265137,41085,41095,10
12.9263401031,80.2309265137,41095,41106,11
12.9266796112,80.23097229,41106,41116,10
12.9274501801,80.231048584,41116,41126,10
12.9283399582,80.2311630249,41126,41136,10
12.9292697906,80.2313232422,41136,41146,10
12.9303798676,80.231590271,41146,41155,9
12.9314899445,80.2319335938,41155,41166,11
12.9326095581,80.2322769165,41166,41176,10
12.9335403442,80.2326583862,41176,41186,10
12.9337100983,80.2327423096,41186,41196,10
12.9338798523,80.2328033447,41196,41206,10
12.9344902039,80.2330780029,41206,41216,10
12.9353599548,80.2334594727,41216,41227,11
12.9361200333,80.23387146,41227,41237,10
12.9369897842,80.2342376709,41237,41247,10
12.9380598068,80.2347869873,41247,41257,10
12.9390897751,80.2353210449,41257,41267,10
12.9398603439,80.235710144,41267,41276,9
12.9402999878,80.2358627319,41276,41287,11
12.9402999878,80.2358627319,41287,41297,10
12.9408197403,80.2359619141,41297,41307,10
12.9416103363,80.2361526489,41307,41317,10
12.9425296783,80.2364196777,41317,41327,10
12.9433803558,80.2369613647,41327,41338,11
12.9441299438,80.2377929688,41338,41349,11
12.9450302124,80.238822937,41349,41360,11
12.9462499619,80.2395706177,41360,41369,9
12.9470500946,80.2398986816,41369,41379,10
12.9472999573,80.2399902344,41379,41390,11
12.9473600388,80.2399673462,41390,41400,10
12.9474401474,80.2400131226,41400,41410,10
12.9478197098,80.2401809692,41410,41420,10
12.9483804703,80.2404174805,41420,41430,10
12.948679924,80.2405166626,41430,41440,10
12.9490995407,80.2406768799,41440,41451,11
12.9497804642,80.2408905029,41451,41461,10
12.9505395889,80.2410964966,41461,41471,10
12.9508895874,80.2412261963,41471,41480,9
12.9508895874,80.2412185669,41480,41491,11
12.9509401321,80.2413406372,41491,41501,10
12.951499939,80.2414627075,41501,41511,10
12.9522199631,80.2417297363,41511,41521,10
12.9529800415,80.2420272827,41521,41531,10
12.9536600113,80.2423019409,41531,41541,10
12.9546699524,80.24269104,41541,41551,10
12.9552602768,80.2428970337,41551,41562,11
12.9560804367,80.2431793213,41562,41572,10
12.956489563,80.243309021,41572,41582,10
12.9569797516,80.2435379028,41582,41592,10
12.9577302933,80.243888855,41592,41602,10
12.9586496353,80.2442626953,41602,41622,20
12.9586496353,80.2442626953,41622,41632,10
12.9588699341,80.2443389893,41632,41642,10
12.959280014,80.2445297241,41642,41652,10
12.9599704742,80.2448501587,41652,41662,10
12.9607601166,80.2452316284,41662,41672,10
12.961640358,80.2456512451,41672,41683,11
12.9626197815,80.246131897,41683,41693,10
12.9631795883,80.2464370728,41693,41713,20
12.9631795883,80.2464370728,41713,41723,10
12.9634504318,80.2466583252,41723,41733,10
12.9639101028,80.2468795776,41733,41743,10
12.9645700455,80.2471389771,41743,41753,10
12.9653701782,80.2473602295,41753,41763,10
12.9660797119,80.2476119995,41763,41773,10
12.9661798477,80.2476196289,41773,41783,10
12.9663496017,80.2477111816,41783,41804,21
12.9663496017,80.2477111816,41804,41814,10
12.9666996002,80.2478179932,41814,41824,10
12.9670295715,80.2479782104,41824,41834,10
12.967590332,80.2481689453,41834,41844,10
12.9685001373,80.2485275269,41844,41854,10
12.9693803787,80.2488632202,41854,41864,10
12.9703197479,80.2492675781,41864,41874,10
12.9709997177,80.2496185303,41874,41884,10
12.971739769,80.2498779297,41884,41894,10
12.9727096558,80.2501602173,41894,41904,10
12.9737195969,80.2503890991,41904,41915,11
12.9743795395,80.2505187988,41915,41925,10
12.9744997025,80.2505187988,41925,41941,16
12.9756402969,80.2508621216,41941,41953,12
12.9768600464,80.2512435913,41953,41963,10
12.977689743,80.2517089844,41963,41971,8
12.9785804749,80.2524185181,41971,41982,11
12.9794797897,80.2525634766,41982,41994,12
12.9800195694,80.2523117065,41994,42004,10
12.9800100327,80.252281189,42004,42014,10
12.9799995422,80.251991272,42014,42025,11
12.9802103043,80.2513427734,42025,42035,10
12.9804601669,80.2504806519,42035,42045,10
12.9806699753,80.2495880127,42045,42054,9
12.9807395935,80.2487335205,42054,42065,11
12.9808197021,80.2476501465,42065,42075,10
12.9809398651,80.2464294434,42075,42085,10
12.9810800552,80.2451705933,42085,42095,10
12.9811697006,80.244102478,42095,42105,10
12.9812803268,80.2436218262,42105,42115,10
12.9813404083,80.243270874,42115,42125,10
12.9813499451,80.2427978516,42125,42136,11
12.9813499451,80.2427902222,42136,42146,10
12.9813804626,80.2426605225,42146,42156,10
12.9813699722,80.2422103882,42156,42166,10
12.9813699722,80.2415008545,42166,42176,10
12.9813404083,80.2407302856,42176,42186,10
12.9813098907,80.2401580811,42186,42196,10
12.9813098907,80.2397994995,42196,42257,61
12.9813098907,80.2397994995,42257,42267,10
12.9813299179,80.2394790649,42267,42277,10
12.981300354,80.2389221191,42277,42287,10
12.9812698364,80.2380981445,42287,42297,10
12.9812602997,80.2378921509,42297,42307,10
12.9812602997,80.237663269,42307,42317,10
12.9812698364,80.2370605469,42317,42327,10
12.9812402725,80.2361526489,42327,42337,10
12.9812002182,80.2352600098,42337,42347,10
12.9812097549,80.2344665527,42347,42357,10
12.9816102982,80.2333831787,42357,42378,21
12.9816102982,80.2333831787,42378,42388,10
12.9817495346,80.2331237793,42388,42398,10
12.9819402695,80.2326202393,42398,42408,10
12.9819402695,80.2321777344,42408,42418,10
12.9819297791,80.2316436768,42418,42428,10
12.9818000793,80.2311477661,42428,42438,10
12.9813804626,80.2303466797,42438,42448,10
12.980919838,80.2296218872,42448,42458,10
12.9807300568,80.2292175293,42458,42468,10
12.9805402756,80.2289886475,42468,42479,11
12.9805202484,80.2289505005,42479,42489,10
12.980389595,80.2286987305,42489,42499,10
12.9802103043,80.2282409668,42499,42509,10
12.979929924,80.2276687622,42509,42519,10
12.9794902802,80.2269897461,42519,42529,10
12.9791202545,80.2264099121,42529,42539,10
12.9787302017,80.2257385254,42539,42549,10
12.9783401489,80.2250823975,42549,42559,10
12.9780502319,80.2246170044,42559,42569,10
12.9777698517,80.2242584229,42569,42579,10
12.9777402878,80.2242202759,42579,42589,10
12.9775295258,80.2238464355,42589,42600,11
12.9771604538,80.2232666016,42600,42610,10
12.976940155,80.2228622437,42610,42620,10
12.9771795273,80.2227096558,42620,42630,10
12.9774398804,80.2223968506,42630,42640,10
12.9774503708,80.2224578857,42640,42650,10
12.9776000977,80.2224273682,42650,42660,10
12.9775600433,80.2220001221,42660,42670,10
12.9774799347,80.221496582,42670,42680,10
12.9776201248,80.2211990356,42680,42690,10
12.9779500961,80.2210083008,42690,42700,10
12.9782495499,80.2206802368,42700,42711,11
12.9788799286,80.2203369141,42711,42721,10
12.9798603058,80.2204437256,42721,42731,10
12.9808702469,80.220741272,42731,42740,9
12.9815502167,80.2212600708,42740,42751,11
12.9819202423,80.2214889526,42751,42761,10
12.9823904037,80.2217025757,42761,42771,10
12.9825601578,80.2217178345,42771,42781,10
12.9827699661,80.221786499,42781,42791,10
12.98279953,80.2218093872,42791,42801,10
12.9830102921,80.2219772339,42801,42811,10
12.9832201004,80.2220001221,42811,42822,11
12.9836797714,80.2222976685,42822,42832,10
12.9839000702,80.2224273682,42832,42842,10
12.9841995239,80.2226333618,42842,42852,10
12.9845199585,80.2228088379,42852,42862,10
12.984919548,80.2227401733,42862,42872,10
12.9853696823,80.222618103,42872,42882,10
12.9858703613,80.2224273682,42882,42892,10
12.986240387,80.2225799561,42892,42902,10
12.9866695404,80.2228164673,42902,42912,10
12.9869604111,80.2229232788,42912,42922,10
12.9870004654,80.2229385376,42922,42933,11
12.9873600006,80.2229995728,42933,42943,10
12.9877099991,80.2226333618,42943,42953,10
12.9882698059,80.2221298218,42953,42963,10
12.98898983,80.221496582,42963,42973,10
12.9896297455,80.2209701538,42973,42983,10
12.99036026,80.2203598022,42983,42993,10
12.9905004501,80.2203063965,42993,43003,10
12.9905195236,80.2202606201,43003,43013,10
12.9908704758,80.2200088501,43013,43023,10
12.9912996292,80.2196426392,43023,43033,10
12.9916200638,80.2193832397,43033,43043,10
12.9921398163,80.2189788818,43043,43054,11
12.9929504395,80.2182693481,43054,43064,10
12.993639946,80.2176895142,43064,43074,10
12.9943199158,80.217300415,43074,43084,10
12.9950399399,80.2168807983,43084,43094,10
12.995759964,80.216583252,43094,43104,10
12.9965400696,80.2164077759,43104,43114,10
12.9973201752,80.2163314819,43114,43124,10
12.9975700378,80.2160797119,43124,43134,10
12.9975795746,80.2160797119,43134,43144,10
12.9976701736,80.2159423828,43144,43154,10
12.9980602264,80.2154922485,43154,43165,11
12.9987802505,80.2148666382,43165,43175,10
12.9990997314,80.2146606445,43175,43185,10
12.9994602203,80.2143783569,43185,43195,10
12.9999103546,80.2139511108,43195,43205,10
13.0003900528,80.2134933472,43205,43215,10
13.000869751,80.2128601074,43215,43225,10
13.0015201569,80.2124023438,43225,43235,10
13.0020399094,80.2120132446,43235,43245,10
13.002820015,80.2120513916,43245,43255,10
13.0033197403,80.2118377686,43255,43265,10
13.0035295486,80.2117767334,43265,43275,10
13.0036296844,80.2117614746,43275,43286,11
13.0036497116,80.2111434937,43286,43296,10
13.0035800934,80.2102890015,43296,43306,10
13.0035200119,80.2094726563,43306,43316,10
13.0037298203,80.2086715698,43316,43326,10
13.0044202805,80.2088088989,43326,43336,10
13.0052995682,80.2092208862,43336,43346,10
13.0062799454,80.2095336914,43346,43356,10
13.0070199966,80.2097167969,43356,43417,61
13.0070199966,80.2097167969,43417,43427,10
13.0074501038,80.2097167969,43427,43437,10
13.007900238,80.2098236084,43437,43447,10
13.0080900192,80.2098770142,43447,43457,10
13.008099556,80.2096328735,43457,43467,10
13.0080099106,80.2090377808,43467,43477,10
13.0078401566,80.2081298828,43477,43487,10
13.0077104568,80.2071533203,43487,43496,9
13.007610321,80.206199646,43496,43508,12
13.007519722,80.2051696777,43508,43518,10
13.0075397491,80.2043380737,43518,43528,10
13.0074796677,80.2036972046,43528,43538,10
13.0073099136,80.2028427124,43538,43548,10
13.0067596436,80.2025909424,43548,43558,10
13.0066204071,80.2032394409,43558,43568,10
13.0073099136,80.2035980225,43568,43578,10
13.0081996918,80.2037277222,43578,43588,10
13.0091104507,80.2036590576,43588,43598,10
13.0101804733,80.20362854,43598,43609,11
13.0113697052,80.203666687,43609,43618,9
13.0122804642,80.2038192749,43618,43629,11
13.0133304596,80.2041168213,43629,43639,10
13.0136499405,80.2043075562,43639,43649,10
13.0136203766,80.204536438,43649,43659,10
13.0134000778,80.205116272,43659,43669,10
13.0131196976,80.2058868408,43669,43679,10
13.0130195618,80.206703186,43679,43689,10
13.0129804611,80.2074966431,43689,43699,10
13.0128803253,80.2079162598,43699,43709,10
13.0128002167,80.2085418701,43709,43719,10
13.0128498077,80.2090072632,43719,43729,10
13.0130796432,80.2096633911,43729,43740,11
13.0131702423,80.210319519,43740,43750,10
13.0129699707,80.2110519409,43750,43760,10
13.0125398636,80.2117080688,43760,43770,10
13.0122003555,80.2122879028,43770,43780,10
13.0118598938,80.2127685547,43780,43790,10
13.0116701126,80.2128067017,43790,43800,10
13.0112104416,80.2125015259,43800,43810,10
13.0105600357,80.2119598389,43810,43820,10
13.0100898743,80.2116470337,43820,43836,16
13.0096797943,80.2113418579,43836,43859,23
13.0097999573,80.2111968994,43859,43919,60
13.0094995499,80.2113037109,43919,43949,30
13.0094995499,80.2113037109,43949,43959,10
13.0095596313,80.2113571167,43959,44192,233
13.0097904205,80.2111816406,44192,44252,60
13.0097904205,80.2111816406,44252,44262,10
13.0094604492,80.2112808228,44262,44282,20
13.0094604492,80.2112808228,44282,44292,10
13.0096597672,80.2112503052,44292,44302,10
13.0095300674,80.211227417,44302,44403,101
13.00963974,80.2112731934,44403,44494,91
13.00963974,80.2112731934,44494,44504,10
13.0097799301,80.2112426758,44504,44514,10
13.009759903,80.211227417,44514,44535,21
13.0096998215,80.2112579346,44535,44605,70
13.0096998215,80.2112579346,44605,44615,10
13.0095996857,80.2112197876,44615,44666,51
13.0095996857,80.2112197876,44666,44676,10
13.0097198486,80.2112579346,44676,44696,20
13.0095701218,80.2112503052,44696,44716,20
13.0096197128,80.2112808228,44716,44736,20
13.0096197128,80.2112808228,44736,44746,10
13.0096702576,80.2111968994,44746,44777,31
13.0094604492,80.2111434937,44777,44948,171
13.0094604492,80.2111434937,44948,44959,11
13.0093202591,80.2110366821,44959,44979,20
13.0093202591,80.2110366821,44979,44990,11
13.0092401505,80.2111587524,44990,44999,9
13.0092401505,80.211151123,44999,45040,41
13.0092401505,80.211151123,45040,45050,10
13.0093297958,80.2109832764,45050,45060,10
13.0093603134,80.2109832764,45060,45070,10
13.0095701218,80.2109527588,45070,45101,31
13.0095701218,80.2109527588,45101,45111,10
13.0093402863,80.2109375,45111,45121,10
13.0093002319,80.2109222412,45121,45131,10
13.0094404221,80.2109680176,45131,45191,60
13.0094404221,80.2109680176,45191,45201,10
13.0092000961,80.2112426758,45201,45211,10
13.0090303421,80.2115325928,45211,45222,11
13.009180069,80.2120132446,45222,45232,10
13.0093603134,80.212600708,45232,45242,10
13.0095596313,80.2132492065,45242,45252,10
13.009759903,80.2136993408,45252,45262,10
13.0099601746,80.21434021,45262,45272,10
13.010140419,80.2151031494,45272,45282,10
13.010310173,80.2158966064,45282,45292,10
13.0106496811,80.2166213989,45292,45302,10
13.0109901428,80.2173919678,45302,45312,10
13.011349678,80.2182388306,45312,45322,10
13.0116996765,80.2192230225,45322,45333,11
13.0120201111,80.2202987671,45333,45343,10
13.0123195648,80.2210922241,45343,45353,10
13.0124397278,80.2215499878,45353,45363,10
13.0128602982,80.222076416,45363,45373,10
13.0133600235,80.2226867676,45373,45383,10
13.013999939,80.2233963013,45383,45393,10
13.0144500732,80.2240524292,45393,45403,10
13.0149202347,80.2245178223,45403,45413,10
13.0152902603,80.2247009277,45413,45423,10
13.015370369,80.2249984741,45423,45433,10
13.0153903961,80.2252731323,45433,45443,10
13.0153999329,80.2255401611,45443,45460,17
13.0149497986,80.2258987427,45460,45472,12
13.0146102905,80.226020813,45472,45482,10
13.0141296387,80.2262268066,45482,45492,10
13.0135698318,80.2264633179,45492,45502,10
13.0128002167,80.2266693115,45502,45512,10
13.0121202469,80.2268981934,45512,45522,10
13.0113601685,80.2273025513,45522,45532,10
13.0104398727,80.2276763916,45532,45541,9
13.0097703934,80.2279281616,45541,45551,10
13.009519577,80.2276687622,45551,45563,12
13.0096302032,80.2270584106,45563,45573,10
13.0099601746,80.2263183594,45573,45583,10
13.0103197098,80.2255020142,45583,45593,10
13.0106697083,80.2247390747,45593,45603,10
13.0109596252,80.2241592407,45603,45613,10
13.0111999512,80.2236480713,45613,45623,10
13.0112800598,80.2233734131,45623,45633,10
13.0112495422,80.2231521606,45633,45643,10
13.0108299255,80.2229690552,45643,45653,10
13.0101003647,80.222618103,45653,45663,10
13.0093002319,80.2222213745,45663,45673,10
13.0085897446,80.2218322754,45673,45684,11
13.0078601837,80.2213973999,45684,45694,10
13.0071496964,80.2209625244,45694,45704,10
13.0064496994,80.2207183838,45704,45714,10
13.0056400299,80.2204666138,45714,45724,10
13.0048999786,80.2203369141,45724,45734,10
13.0039596558,80.2203674316,45734,45744,10
13.0032300949,80.2200012207,45744,45754,10
13.0026197433,80.2196731567,45754,45764,10
13.0022201538,80.2192382813,45764,45780,16
13.0015602112,80.2186889648,45780,45792,12
13.0007801056,80.2181472778,45792,45803,11
13.0001897812,80.2176818848,45803,45813,10
12.9995498657,80.2172088623,45813,45823,10
12.9989795685,80.2169876099,45823,45833,10
12.9982500076,80.2166519165,45833,45843,10
12.9975500107,80.216583252,45843,45852,9
12.9973402023,80.2165374756,45852,45863,11
12.9972000122,80.216506958,45863,45873,10
12.996919632,80.2164993286,45873,45883,10
12.9964103699,80.2164382935,45883,45893,10
12.9955797195,80.2165374756,45893,45903,10
12.9949598312,80.2169570923,45903,45914,11
12.9944896698,80.2173233032,45914,45924,10
12.9940004349,80.2176589966,45924,45934,10
12.9934597015,80.2181396484,45934,45944,10
12.9928503036,80.2186508179,45944,45954,10
12.9921398163,80.2191467285,45954,45963,9
12.9915895462,80.219543457,45963,45974,11
12.9912595749,80.2197799683,45974,45984,10
12.9907798767,80.220123291,45984,45994,10
12.9907798767,80.2201309204,45994,46004,10
12.9904203415,80.2204208374,46004,46014,10
12.9899501801,80.2206878662,46014,46025,11
12.9892396927,80.2213287354,46025,46035,10
12.988699913,80.2220001221,46035,46045,10
12.9883203506,80.2224884033,46045,46055,10
12.9879703522,80.2229385376,46055,46065,10
12.9875602722,80.2231216431,46065,46075,10
12.9875497818,80.2231216431,46075,46085,10
12.9873199463,80.2230224609,46085,46095,10
12.986869812,80.2229766846,46095,46105,10
12.9863796234,80.2229766846,46105,46115,10
12.9856700897,80.2231826782,46115,46125,10
12.9853401184,80.2232818604,46125,46135,10
12.9848899841,80.22315979,46135,46166,31
12.9848403931,80.2231369019,46166,46186,20
12.9848403931,80.2231369019,46186,46196,10
12.9846496582,80.2230606079,46196,46206,10
12.9841098785,80.2229003906,46206,46216,10
12.9837703705,80.2226104736,46216,46226,10
12.9833898544,80.2224578857,46226,46236,10
12.9831695557,80.2224273682,46236,46246,10
12.9830102921,80.2223892212,46246,46257,11
12.9828300476,80.2222137451,46257,46267,10
12.9825601578,80.2221221924,46267,46277,10
12.9821395874,80.2219390869,46277,46287,10
12.9817304611,80.2215805054,46287,46297,10
12.9813499451,80.2213821411,46297,46307,10
12.980890274,80.2212524414,46307,46317,10
12.9800300598,80.2208862305,46317,46327,10
12.9791202545,80.2210617065,46327,46336,9
12.978509903,80.2210998535,46336,46347,11
12.9786996841,80.2212905884,46347,46357,10
12.9772195816,80.2210769653,46357,46367,10
12.9764900208,80.2211532593,46367,46378,11
12.9764099121,80.2216873169,46378,46418,40
12.9764099121,80.2216873169,46418,46428,10
12.9764003754,80.2218322754,46428,46438,10
12.9766702652,80.2223434448,46438,46448,10
12.9769802094,80.2227935791,46448,46458,10
12.9773797989,80.2234420776,46458,46468,10
12.9778604507,80.2241592407,46468,46478,10
12.9783201218,80.2248916626,46478,46489,11
12.9786100388,80.2253265381,46489,46499,10
12.9786300659,80.2253265381,46499,46509,10
12.9787902832,80.2255401611,46509,46519,10
12.9791002274,80.2260894775,46519,46529,10
12.9794597626,80.2267684937,46529,46539,10
12.9797697067,80.2274475098,46539,46549,10
12.9801998138,80.2281570435,46549,46559,10
12.9806804657,80.2289733887,46559,46569,10
12.9811000824,80.2297210693,46569,46579,10
12.9815101624,80.2302703857,46579,46589,10
12.9816799164,80.23046875,46589,46599,10
12.9817895889,80.2306213379,46599,46610,11
12.9819803238,80.2311019897,46610,46620,10
12.9820604324,80.2318572998,46620,46630,10
12.9820203781,80.2325515747,46630,46640,10
12.9817399979,80.2331314087,46640,46650,10
12.9816102982,80.2334823608,46650,46660,10
12.9816102982,80.2334976196,46660,46670,10
12.9815397263,80.2336578369,46670,46680,10
12.981300354,80.2341537476,46680,46690,10
12.9812002182,80.2349395752,46690,46700,10
12.9812202454,80.2358322144,46700,46710,10
12.9812498093,80.2368011475,46710,46721,11
12.9812698364,80.2378692627,46721,46731,10
12.9813404083,80.2387771606,46731,46751,20
12.9813404083,80.2387771606,46751,46761,10
12.9813098907,80.238861084,46761,46771,10
12.9812898636,80.239151001,46771,46781,10
12.9813098907,80.2395782471,46781,46791,10
12.981300354,80.2397384644,46791,46801,10
12.981300354,80.2401428223,46801,46811,10
12.981300354,80.2410430908,46811,46821,10
12.981300354,80.2419509888,46821,46832,11
12.9813604355,80.2428512573,46832,46842,10
12.9813804626,80.2429733276,46842,46852,10
12.9813699722,80.2431182861,46852,46862,10
12.9813699722,80.243560791,46862,46872,10
12.9813203812,80.2440185547,46872,46882,10
12.9812002182,80.2447280884,46882,46892,10
12.981089592,80.2456283569,46892,46902,10
12.9809398651,80.2467803955,46902,46912,10
12.9808301926,80.2479934692,46912,46922,10
12.9806995392,80.2490615845,46922,46932,10
12.9804401398,80.2500610352,46932,46942,10
12.9802103043,80.2512588501,46942,46952,10
12.9800596237,80.2521820068,46952,46963,11
12.9799499512,80.2525482178,46963,46983,20
12.9799499512,80.2525482178,46983,46993,10
12.9796600342,80.2527236938,46993,47003,10
12.9789800644,80.2526626587,47003,47013,10
12.9785995483,80.252571106,47013,47023,10
12.978509903,80.252532959,47023,47033,10
12.9782104492,80.2522277832,47033,47043,10
12.9775600433,80.2516784668,47043,47053,10
12.9765996933,80.2512664795,47053,47064,11
12.9754400253,80.2509536743,47064,47074,10
12.9742002487,80.250617981,47074,47084,10
12.9726600647,80.2501983643,47084,47104,20
12.9726600647,80.2501983643,47104,47114,10
12.9722604752,80.250038147,47114,47124,10
12.9715795517,80.2498626709,47124,47134,10
12.9706602097,80.2496185303,47134,47144,10
12.9695901871,80.2492218018,47144,47154,10
12.9684400558,80.2487564087,47154,47164,10
12.9673299789,80.248298645,47164,47174,10
12.9663000107,80.247833252,47174,47185,11
12.9654502869,80.2474822998,47185,47195,10
12.9651203156,80.2473831177,47195,47205,10
12.9651203156,80.2473678589,47205,47215,10
12.9647502899,80.2472305298,47215,47225,10
12.9640598297,80.2469787598,47225,47235,10
12.9632797241,80.2466812134,47235,47245,10
12.9624700546,80.2462615967,47245,47255,10
12.9614696503,80.2457962036,47255,47265,10
12.9604101181,80.245300293,47265,47275,10
12.9598197937,80.2450408936,47275,47285,10
12.9595003128,80.2448806763,47285,47296,11
12.9593801498,80.2448196411,47296,47306,10
12.9588603973,80.2445907593,47306,47316,10
12.9581604004,80.2442932129,47316,47326,10
12.9576196671,80.2440719604,47326,47336,10
12.9568901062,80.2438735962,47336,47346,10
12.9564399719,80.2437362671,47346,47356,10
12.9561901093,80.243637085,47356,47366,10
12.9557304382,80.2433776855,47366,47376,10
12.955039978,80.2430114746,47376,47386,10
12.9542398453,80.2426300049,47386,47396,10
12.9533700943,80.2422637939,47396,47406,10
12.952340126,80.241897583,47406,47417,11
12.9517803192,80.2416992188,47417,47427,10
12.9516401291,80.2416915894,47427,47437,10
12.9514799118,80.2416000366,47437,47447,10
12.9508895874,80.2413482666,47447,47457,10
12.9502801895,80.2411727905,47457,47467,10
12.949640274,80.2409973145,47467,47477,10
12.9491901398,80.2408676147,47477,47487,10
12.949139595,80.2408599854,47487,47497,10
12.9490203857,80.240852356,47497,47507,10
12.9486103058,80.2406768799,47507,47517,10
12.9478197098,80.2403182983,47517,47528,11
12.9473400116,80.2401428223,47528,47538,10
12.9470500946,80.2400131226,47538,47548,10
12.9465398788,80.2397766113,47548,47558,10
12.9457597733,80.239440918,47558,47568,10
12.9450302124,80.2389602661,47568,47578,10
12.9443597794,80.2381896973,47578,47588,10
12.9436798096,80.2373809814,47588,47598,10
12.9433202744,80.2371292114,47598,47608,10
12.9432601929,80.2370910645,47608,47618,10
12.9428596497,80.2367401123,47618,47628,10
12.9421195984,80.2363510132,47628,47638,10
12.9412097931,80.2361602783,47638,47649,11
12.9397497177,80.235786438,47649,47669,20
12.9397497177,80.235786438,47669,47679,10
12.9395999908,80.2358093262,47679,47689,10
12.9390802383,80.2356796265,47689,47699,10
12.9385004044,80.2352523804,47699,47709,10
12.9376497269,80.2348098755,47709,47719,10
12.9366903305,80.2343521118,47719,47729,10
12.9360399246,80.2341003418,47729,47739,10
12.9358797073,80.2339401245,47739,47749,10
12.9354095459,80.2336883545,47749,47760,11
12.9344997406,80.2333068848,47760,47770,10
12.9339599609,80.233039856,47770,47780,10
12.9338998795,80.2329788208,47780,47790,10
12.9337396622,80.2329406738,47790,47800,10
12.9331798553,80.2326583862,47800,47810,10
12.932299614,80.2323608398,47810,47819,9
12.9313201904,80.2320404053,47819,47830,11
12.930100441,80.2316436768,47830,47840,10
12.9291496277,80.2314071655,47840,47850,10
12.9278297424,80.2312011719,47850,47860,10
12.9267196655,80.2310714722,47860,47871,11
12.9261198044,80.231010437,47871,47881,10
12.925860405,80.2309799194,47881,47891,10
12.9252595901,80.2309112549,47891,47901,10
12.9244098663,80.2308120728,47901,47911,10
12.9233798981,80.230682373,47911,47921,10
12.9222002029,80.2304992676,47921,47931,10
12.9208698273,80.2303085327,47931,47941,10
12.9196796417,80.2301635742,47941,47951,10
12.9191598892,80.2301101685,47951,47961,10
12.9191598892,80.2301025391,47961,47971,10
12.918970108,80.2300491333,47971,47981,10
12.9183797836,80.2299804688,47981,47992,11
12.9175195694,80.229850769,47992,48002,10
12.9166202545,80.2297286987,48002,48012,10
12.91547966,80.229598999,48012,48022,10
12.9141902924,80.2294235229,48022,48032,10
12.9133300781,80.229309082,48032,48042,10
12.9132204056,80.2292861938,48042,48052,10
12.912779808,80.2292327881,48052,48062,10
12.9119701385,80.2291030884,48062,48072,10
12.9108800888,80.2288970947,48072,48082,10
12.9096298218,80.2287063599,48082,48092,10
12.9083404541,80.2284927368,48092,48103,11
12.9073400497,80.2283477783,48103,48113,10
12.9069900513,80.2283096313,48113,48143,30
12.9069900513,80.2283096313,48143,48153,10
12.9068403244,80.2283172607,48153,48163,10
12.9065504074,80.2282791138,48163,48179,16
12.9058704376,80.2282485962,48179,48191,12
12.9049797058,80.2282409668,48191,48200,9
12.9041795731,80.2281570435,48200,48211,11
12.9030103683,80.2281036377,48211,48222,11
12.9016895294,80.2280197144,48222,48232,10
12.9007902145,80.2279510498,48232,48242,10
12.8999595642,80.2278823853,48242,48252,10
12.8992395401,80.2278594971,48252,48291,39
12.8992395401,80.2278594971,48291,48302,11
12.8991003036,80.2278594971,48302,48311,9
12.8986196518,80.2278137207,48311,48322,11
12.8977203369,80.2277679443,48322,48333,11
12.8965902328,80.2277069092,48333,48343,10
12.8954296112,80.2276611328,48343,48353,10
12.8941698074,80.2276077271,48353,48363,10
12.8933000565,80.2275390625,48363,48373,10
12.8931999207,80.2275390625,48373,48383,10
12.8930997849,80.2275238037,48383,48393,10
12.892950058,80.2274932861,48393,48403,10
12.8928804398,80.2275009155,48403,48413,10
12.8925104141,80.2274475098,48413,48423,10
12.8918800354,80.2273864746,48423,48433,10
12.8909702301,80.2273635864,48433,48443,10
12.8898696899,80.2273635864,48443,48454,11
12.8883695602,80.2273635864,48454,48474,20
12.8883695602,80.2273635864,48474,48484,10
12.8879899979,80.2273712158,48484,48494,10
12.887339592,80.2272415161,48494,48504,10
12.8864898682,80.2270584106,48504,48514,10
12.8856096268,80.2268218994,48514,48524,10
12.8850603104,80.2267379761,48524,48534,10
12.8847799301,80.2267379761,48534,48544,10
12.8846302032,80.2267227173,48544,48554,10
12.884059906,80.2267074585,48554,48565,11
12.8831596375,80.2266998291,48565,48575,10
12.8821496964,80.2267074585,48575,48585,10
12.8809499741,80.2267227173,48585,48595,10
12.8797702789,80.2267303467,48595,48604,9
12.8784103394,80.2267913818,48604,48615,11
12.8771800995,80.2268981934,48615,48625,10
12.8765201569,80.2269134521,48625,48635,10
12.8764400482,80.2268829346,48635,48645,10
12.8764095306,80.2266464233,48645,48655,10
12.8764295578,80.226600647,48655,48665,10
12.8764400482,80.2265472412,48665,48676,11
12.8764295578,80.2265014648,48676,48686,10
12.8764600754,80.2260665894,48686,48696,10
12.8765697479,80.2252731323,48696,48706,10
12.8766803741,80.2242507935,48706,48716,10
12.8768901825,80.2230606079,48716,48726,10
12.8771896362,80.2217788696,48726,48736,10
12.8775100708,80.2204818726,48736,48746,10
12.877790451,80.2192230225,48746,48756,10
12.8780698776,80.2179107666,48756,48766,10
12.8782901764,80.2170791626,48766,48786,20
12.8782901764,80.2170791626,48786,48797,11
12.8782901764,80.2170715332,48797,48807,10
12.878370285,80.2166366577,48807,48817,10
12.8785400391,80.2158889771,48817,48827,10
12.8787498474,80.2149200439,48827,48837,10
12.878950119,80.2137832642,48837,48847,10
12.8791503906,80.2125015259,48847,48857,10
12.8793802261,80.2113189697,48857,48867,10
12.8790998459,80.2108917236,48867,48907,40
12.8790998459,80.2108917236,48907,48918,11
12.878780365,80.2109298706,48918,48928,10
12.8781499863,80.2107772827,48928,48938,10
12.8773403168,80.2106170654,48938,48948,10
12.8766098022,80.2105026245,48948,48958,10
12.87596035,80.2103805542,48958,48968,10
12.8750801086,80.2102203369,48968,48978,10
12.8744401932,80.2100906372,48978,49008,30
12.8744401932,80.2100906372,49008,49018,10
12.8743696213,80.2098312378,49018,49029,11
12.8746404648,80.2095413208,49029,49039,10
12.8747901917,80.2097702026,49039,49049,10
12.8747701645,80.2098464966,49049,49069,20
12.8746995926,80.2099609375,49069,49129,60
12.8746995926,80.2099609375,49129,49140,11
12.8746700287,80.2098388672,49140,49180,40
12.8746700287,80.2098388672,49180,49190,10
12.8745698929,80.2093887329,49190,49200,10
12.8748397827,80.2098388672,49200,49209,9
12.8749599457,80.2102432251,49209,49220,11
12.8748502731,80.2101135254,49220,49230,10
12.8750200272,80.2101287842,49230,49240,10
12.8750696182,80.2101287842,49240,49250,10
12.8746004105,80.2101364136,49250,49261,11
12.8745803833,80.2094802856,49261,49271,10
12.8746204376,80.2101974487,49271,49281,10
12.8745098114,80.2093734741,49281,49291,10
12.8745698929,80.2094192505,49291,49301,10
12.87458992,80.2096633911,49301,49311,10
12.8746900558,80.210319519,49311,49321,10
12.8746204376,80.2092895508,49321,49331,10
12.8746795654,80.2099075317,49331,49341,10
12.874710083,80.2101898193,49341,49351,10
12.8746795654,80.2101669312,49351,49361,10
12.8746500015,80.2100830078,49361,49382,21
12.8746500015,80.2100830078,49382,49392,10
12.8746700287,80.2095870972,49392,49402,10
12.8746700287,80.209602356,49402,49412,10
12.8746700287,80.2096099854,49412,49422,10
12.8746900558,80.2100601196,49422,49432,10
12.8746204376,80.2102508545,49432,49442,10
12.8746404648,80.210067749,49442,49452,10
12.8746595383,80.2100219727,49452,49462,10
12.8746595383,80.2100601196,49462,49472,10
12.8746700287,80.2098464966,49472,49483,11
12.8746795654,80.2098922729,49483,49493,10
12.8746404648,80.2102584839,49493,49503,10
12.8746404648,80.2100219727,49503,49512,9
12.8746795654,80.2095184326,49512,49523,11
12.8746700287,80.2097167969,49523,49533,10
12.8746995926,80.2096862793,49533,49543,10
12.8746500015,80.2100830078,49543,49553,10
12.8746500015,80.2100601196,49553,49563,10
12.8746595383,80.2099380493,49563,49573,10
12.8746404648,80.2099304199,49573,49583,10
12.8747596741,80.2098617554,49583,49614,31
12.8747596741,80.2098617554,49614,49624,10
12.874830246,80.2097473145,49624,49745,121
12.8748197556,80.209602356,49745,49764,19
12.8748197556,80.209602356,49764,49775,11
12.8748502731,80.2094268799,49775,49785,10
12.8748903275,80.2093582153,49785,49795,10
12.8748598099,80.2094497681,49795,49805,10
12.8747596741,80.2096633911,49805,49826,21
12.8747596741,80.2096633911,49826,49836,10
12.8746700287,80.2097930908,49836,49846,10
12.8746995926,80.2097625732,49846,49856,10
12.874710083,80.2098007202,49856,49896,40
12.874710083,80.2098007202,49896,49906,10
12.8747501373,80.209602356,49906,49916,10
12.8747301102,80.2098007202,49916,49926,10
12.8746995926,80.2100906372,49926,49936,10
12.8746900558,80.2101211548,49936,49947,11
12.8746795654,80.2101135254,49947,49957,10
12.8746795654,80.2100219727,49957,49967,10
12.8746995926,80.2099609375,49967,49977,10
12.8745698929,80.2101364136,49977,49997,20
12.8745698929,80.2101364136,49997,50007,10
12.8746795654,80.2097167969,50007,50027,20
12.8746795654,80.2097167969,50027,50036,9
12.874710083,80.2098388672,50036,50047,11
12.8746900558,80.2099761963,50047,50058,11
12.8746795654,80.2096405029,50058,50068,10
12.8746995926,80.2092666626,50068,50078,10
12.8746995926,80.2095870972,50078,50088,10
12.8746900558,80.2099380493,50088,50097,9
12.8746795654,80.2098999023,50097,50108,11
12.8746595383,80.2098236084,50108,50118,10
12.8746595383,80.2096633911,50118,50128,10
12.8746995926,80.2091369629,50128,50138,10
12.8747196198,80.208770752,50138,50148,10
12.8746204376,80.2090301514,50148,50158,10
12.8746299744,80.2091369629,50158,50168,10
12.8746404648,80.2092208862,50168,50179,11
12.8746500015,80.2093963623,50179,50189,10
12.87458992,80.2095870972,50189,50199,10
12.8746995926,80.2100219727,50199,50209,10
12.8747301102,80.2100372314,50209,50219,10
12.8746299744,80.2099761963,50219,50249,30
12.8746299744,80.2099761963,50249,50259,10
12.8747301102,80.2095565796,50259,50278,19
12.8747301102,80.2095565796,50278,50290,12
12.874830246,80.2091217041,50290,50300,10
12.8748397827,80.209022522,50300,50309,9
12.8747997284,80.2091522217,50309,50320,11
12.8747501373,80.2094192505,50320,50330,10
12.8746500015,80.2098083496,50330,50340,10
12.8746099472,80.2099533081,50340,50350,10
12.8746595383,80.2097091675,50350,50411,61
12.8746595383,80.2097091675,50411,50421,10
12.8745002747,80.2100219727,50421,50430,9
12.8745603561,80.2098312378,50430,50460,30
12.8745603561,80.2098312378,50460,50471,11
12.8746204376,80.2098236084,50471,50481,10
12.8746004105,80.2096176147,50481,50501,20
12.8746004105,80.2096176147,50501,50511,10
12.8747901917,80.2097015381,50511,50552,41
12.8747901917,80.2097015381,50552,50562,10
12.8748998642,80.2096786499,50562,50572,10
12.8746595383,80.2096633911,50572,50582,10
12.8746204376,80.2097320557,50582,50592,10
12.8746099472,80.2097167969,50592,50633,41
12.8746099472,80.2097167969,50633,50643,10
12.87458992,80.2099685669,50643,50653,10
12.8745803833,80.2100601196,50653,50663,10
12.87458992,80.2100601196,50663,50673,10
12.8744401932,80.2106399536,50673,50683,10
12.8741903305,80.2116775513,50683,50714,31
12.8741903305,80.2116775513,50714,50724,10
12.8745298386,80.2105484009,50724,50734,10
12.8746795654,80.2097396851,50734,50745,11
12.8746004105,80.2099304199,50745,50755,10
12.8746299744,80.2096328735,50755,50765,10
12.8746099472,80.2098312378,50765,50775,10
12.874710083,80.2097167969,50775,50785,10
12.8746099472,80.2099075317,50785,50795,10
12.8746595383,80.2098007202,50795,50805,10
12.8746404648,80.2098770142,50805,50815,10
12.8746404648,80.2099075317,50815,50825,10
12.8746099472,80.2097702026,50825,50835,10
12.87458992,80.2099075317,50835,50876,41
12.87458992,80.2099075317,50876,50885,9
12.8746204376,80.2095413208,50885,50896,11
12.8746004105,80.2097625732,50896,50916,20
12.8746004105,80.2097167969,50916,50987,71
12.8746004105,80.2097167969,50987,50997,10
12.874710083,80.2098388672,50997,51007,10
12.8746700287,80.2100524902,51007,51017,10
12.8748998642,80.2101364136,51017,51027,10
12.8753299713,80.2102279663,51027,51037,10
12.8758296967,80.210319519,51037,51047,10
12.8763904572,80.2104415894,51047,51057,10
12.8770799637,80.2105331421,51057,51067,10
12.8778095245,80.2106933594,51067,51077,10
12.8784999847,80.2108230591,51077,51088,11
12.8792295456,80.2109985352,51088,51118,30
12.8792295456,80.2109985352,51118,51128,10
12.8793897629,80.2110595703,51128,51138,10
12.8795003891,80.2112808228,51138,51148,10
12.8793697357,80.2118911743,51148,51158,10
12.8791999817,80.2127380371,51158,51168,10
12.8790302277,80.2136306763,51168,51178,10
12.8788499832,80.2145996094,51178,51188,10
12.8786096573,80.215637207,51188,51199,11
12.8783597946,80.2168121338,51199,51209,10
12.8781404495,80.2179794312,51209,51219,10
12.8778800964,80.2191619873,51219,51229,10
12.8776397705,80.2202301025,51229,51239,10
12.8773603439,80.2213973999,51239,51249,10
12.8770799637,80.2226104736,51249,51259,10
12.8768196106,80.2237625122,51259,51269,10
12.8766298294,80.2249832153,51269,51279,10
12.8765201569,80.2261123657,51279,51289,10
12.876449585,80.2268600464,51289,51309,20
12.876449585,80.2268600464,51309,51320,11
12.8767204285,80.2268829346,51320,51330,10
12.8773403168,80.2268371582,51330,51340,10
12.8783197403,80.2267532349,51340,51350,10
12.8795404434,80.2266998291,51350,51360,10
12.8808898926,80.2266769409,51360,51370,10
12.8823299408,80.2266769409,51370,51380,10
12.8837404251,80.2266693115,51380,51390,10
12.8848600388,80.2266235352,51390,51406,16
12.8851804733,80.2266387939,51406,51418,12
12.8854703903,80.2266998291,51418,51427,9
12.8860998154,80.226852417,51427,51438,11
12.8871603012,80.227142334,51438,51449,11
12.8883199692,80.2272720337,51449,51459,10
12.8885202408,80.2272491455,51459,51469,10
12.8889904022,80.2272720337,51469,51479,10
12.8898296356,80.2272720337,51479,51489,10
12.8909101486,80.2272796631,51489,51500,11
12.8920202255,80.2272796631,51500,51510,10
12.8931903839,80.2274017334,51510,51520,10
12.8940496445,80.2275009155,51520,51530,10
12.8943004608,80.2275314331,51530,51541,11
12.8950500488,80.2275772095,51541,51551,10
12.896030426,80.2276229858,51551,51561,10
12.8972597122,80.2276992798,51561,51571,10
12.8986196518,80.2277679443,51571,51581,10
12.8999700546,80.2278594971,51581,51591,10
12.9007701874,80.2279129028,51591,51708,117
12.9007701874,80.2279129028,51708,51719,11
12.9011201859,80.2278900146,51719,51730,11
12.9015798569,80.2279129028,51730,51742,12
12.902009964,80.2279205322,51742,51762,20
12.902009964,80.2279205322,51762,51772,10
12.9022197723,80.2280197144,51772,51783,11
12.9029598236,80.2280273438,51783,51793,10
12.9037599564,80.2280578613,51793,51803,10
12.9046001434,80.2281265259,51803,51813,10
12.9055404663,80.2281723022,51813,51823,10
12.9065198898,80.2282028198,51823,51873,50
12.9065198898,80.2282028198,51873,51883,10
12.9065799713,80.2282028198,51883,51894,11
12.9069700241,80.2282485962,51894,51904,10
12.906999588,80.2282791138,51904,51914,10
12.9075098038,80.2283325195,51914,51924,10
12.9083404541,80.2284469604,51924,51934,10
12.9094600677,80.2286224365,51934,51944,10
12.9107503891,80.228843689,51944,51954,10
12.9121198654,80.2290420532,51954,51964,10
12.9133901596,80.2292098999,51964,51974,10
12.914059639,80.229309082,51974,51994,20
12.914059639,80.229309082,51994,52004,10
12.9143600464,80.2293624878,52004,52015,11
12.9151000977,80.2294464111,52015,52025,10
12.9160203934,80.2295684814,52025,52035,10
12.9170999527,80.2297210693,52035,52045,10
12.9182500839,80.2298812866,52045,52055,10
12.9192800522,80.2300109863,52055,52075,20
12.9192800522,80.2300109863,52075,52085,10
12.9193201065,80.2300033569,52085,52095,10
12.9197301865,80.2300262451,52095,52105,10
12.92029953,80.2301101685,52105,52115,10
12.9209604263,80.2301864624,52115,52126,11
12.9217700958,80.2302932739,52126,52136,10
12.9226102829,80.2304382324,52136,52146,10
12.9234800339,80.2305679321,52146,52156,10
12.9244298935,80.2306976318,52156,52166,10
12.9253997803,80.2308273315,52166,52176,10
12.9261798859,80.2309265137,52176,52186,10
12.9262800217,80.2309417725,52186,52196,10
12.9263401031,80.2309494019,52196,52206,10
12.9268198013,80.231010437,52206,52216,10
12.9275798798,80.2311019897,52216,52226,10
12.9283800125,80.2311935425,52226,52237,11
12.9291296005,80.2313232422,52237,52247,10
12.929980278,80.2315216064,52247,52257,10
12.9309997559,80.2318115234,52257,52267,10
12.932100296,80.2321777344,52267,52277,10
12.9331903458,80.2325363159,52277,52287,10
12.9337396622,80.2327880859,52287,52297,10
12.9337501526,80.2327880859,52297,52307,10
12.9337997437,80.2327804565,52307,52317,10
12.9341697693,80.2329788208,52317,52327,10
12.9348602295,80.2332992554,52327,52337,10
12.9357204437,80.2336730957,52337,52347,10
12.9367303848,80.2341384888,52347,52358,11
12.9379796982,80.2347412109,52358,52368,10
12.9390602112,80.2352905273,52368,52378,10
12.9397602081,80.2356262207,52378,52388,10
12.9398202896,80.2356796265,52388,52398,10
12.9399995804,80.2357788086,52398,52408,10
12.9406099319,80.2359924316,52408,52418,10
12.9414701462,80.2361907959,52418,52428,10
12.9425001144,80.2364578247,52428,52438,10
12.9434995651,80.2370605469,52438,52448,10
12.9437799454,80.237449646,52448,52459,11
12.943810463,80.2375717163,52459,52469,10
12.9442195892,80.23802948,52469,52479,10
12.9448099136,80.2386322021,52479,52489,10
12.9456100464,80.2392425537,52489,52499,10
12.9466495514,80.2396697998,52499,52509,10
12.9472703934,80.239906311,52509,52519,10
12.9473800659,80.239982605,52519,52529,10
12.9475603104,80.2400817871,52529,52539,10
12.9480800629,80.2403106689,52539,52555,16
12.9487304688,80.2405471802,52555,52567,12
12.9491796494,80.240737915,52567,52575,8
12.9497404099,80.2409362793,52575,52588,13
12.9508800507,80.2412719727,52588,52598,10
12.9511404037,80.2413482666,52598,52608,10
12.9513196945,80.2414016724,52608,52618,10
12.9518899918,80.2416305542,52618,52628,10
12.9526100159,80.241897583,52628,52638,10
12.9535903931,80.2422790527,52638,52647,9
12.9546499252,80.242729187,52647,52658,11
12.9553499222,80.2429885864,52658,52668,10
12.9561100006,80.2432785034,52668,52678,10
12.9563999176,80.2434082031,52678,52688,10
12.9567804337,80.243637085,52688,52699,11
12.9576597214,80.2439804077,52699,52709,10
12.958609581,80.2443466187,52709,52719,10
12.9589300156,80.2444610596,52719,52729,10
12.9589700699,80.244468689,52729,52739,10
12.9593601227,80.2446594238,52739,52749,10
12.9600801468,80.2449874878,52749,52759,10
12.9609804153,80.2454071045,52759,52769,10
12.9619998932,80.2459182739,52769,52779,10
12.9630899429,80.2464370728,52779,52789,10
12.9638299942,80.2468032837,52789,52799,10
12.9647102356,80.2471237183,52799,52809,10
12.9657802582,80.2474822998,52809,52820,11
12.966629982,80.2478103638,52820,52840,20
12.966629982,80.2478103638,52840,52856,16
12.9667196274,80.2478713989,52856,52868,12
12.9672498703,80.2481765747,52868,52878,10
12.9679002762,80.2484893799,52878,52888,10
12.969039917,80.2489700317,52888,52898,10
12.9702396393,80.249420166,52898,52908,10
12.9716796875,80.2498626709,52908,52918,10
12.9729604721,80.250213623,52918,52929,11
12.9742097855,80.25050354,52929,52939,10
12.9743795395,80.2505493164,52939,52949,10
12.9748601913,80.2506790161,52949,52959,10
12.9756498337,80.2509231567,52959,52969,10
12.9766902924,80.2512207031,52969,52979,10
12.977809906,80.2517700195,52979,52989,10
12.9788599014,80.2525024414,52989,52999,10
12.9797897339,80.252532959,52999,53009,10
12.9799995422,80.252243042,53009,53019,10
12.9799995422,80.2519378662,53019,53029,10
12.9801797867,80.2513580322,53029,53040,11
12.9804601669,80.2503204346,53040,53050,10
12.9806995392,80.249130249,53050,53060,10
12.980799675,80.2478179932,53060,53069,9
12.9808998108,80.2465820313,53069,53080,11
12.9810600281,80.2452163696,53080,53090,10
12.9811601639,80.244140625,53090,53100,10
12.9812297821,80.2436904907,53100,53110,10
12.9813299179,80.2432785034,53110,53120,10
12.9813804626,80.2427902222,53120,53130,10
12.9813604355,80.2423477173,53130,53140,10
12.9813499451,80.2421264648,53140,53150,10
12.9813404083,80.2414627075,53150,53161,11
12.9813404083,80.2404174805,53161,53171,10
12.9813203812,80.2397003174,53171,53181,10
12.9813203812,80.2395782471,53181,53191,10
12.981300354,80.2390365601,53191,53201,10
12.9812698364,80.2381591797,53201,53211,10
12.9812602997,80.2378387451,53211,53221,10
12.9812402725,80.2374572754,53221,53231,10
12.9812202454,80.2366790771,53231,53241,10
12.981180191,80.2356262207,53241,53251,10
12.9811697006,80.2344970703,53251,53261,10
12.9814996719,80.2335281372,53261,53272,11
12.9816303253,80.2332992554,53272,53282,10
12.9817304611,80.2331008911,53282,53292,10
12.9819297791,80.2325286865,53292,53302,10
12.9819498062,80.2320404053,53302,53312,10
12.9819002151,80.2314300537,53312,53322,10
12.9816904068,80.2306594849,53322,53332,10
12.9812803268,80.2299499512,53332,53342,10
12.9808301926,80.2292327881,53342,53358,16
12.9806203842,80.2289428711,53358,53370,12
12.9804401398,80.2286300659,53370,53378,8
12.9802598953,80.2282409668,53378,53391,13
12.97976017,80.2273788452,53391,53401,10
12.9793395996,80.2266998291,53401,53411,10
12.9790697098,80.2261886597,53411,53421,10
12.9786901474,80.2255706787,53421,53431,10
12.9783000946,80.2249221802,53431,53441,10
12.9779596329,80.2244567871,53441,53451,10
12.9777603149,80.2242126465,53451,53461,10
12.9776697159,80.2240829468,53461,53471,10
12.9774103165,80.2236175537,53471,53481,10
12.977060318,80.2230300903,53481,53491,10
12.9770002365,80.2227325439,53491,53502,11
12.9772596359,80.22265625,53502,53512,10
12.9773302078,80.2226028442,53512,53522,10
12.9774198532,80.2223129272,53522,53532,10
12.9772996902,80.2216186523,53532,53542,10
12.9773597717,80.2212677002,53542,53552,10
12.9776601791,80.2210617065,53552,53562,10
12.9781904221,80.2207870483,53562,53572,10
12.9792299271,80.2208709717,53572,53582,10
12.9802999496,80.2209320068,53582,53592,10
12.9812297821,80.2210693359,53592,53602,10
12.9816503525,80.2212982178,53602,53613,11
12.9823102951,80.2218017578,53613,53623,10
12.9828701019,80.2220077515,53623,53633,10
12.9829397202,80.222038269,53633,53643,10
12.9830904007,80.2220993042,53643,53653,10
12.9834003448,80.2222824097,53653,53663,10
12.983880043,80.2226104736,53663,53673,10
12.9843196869,80.2228469849,53673,53683,10
12.9846601486,80.2230987549,53683,53693,10
12.9852695465,80.2232971191,53693,53703,10
12.9857702255,80.2229995728,53703,53713,10
12.986000061,80.2229309082,53713,53723,10
12.9863996506,80.2229232788,53723,53734,11
12.986700058,80.2229537964,53734,53744,10
12.9873800278,80.2230606079,53744,53754,10
12.9881095886,80.2226791382,53754,53764,10
12.988820076,80.2220993042,53764,53774,10
12.9893198013,80.2215270996,53774,53784,10
12.9899396896,80.2206878662,53784,53794,10
12.9905195236,80.2201538086,53794,53804,10
12.9905500412,80.2201385498,53804,53814,10
12.9905796051,80.2201385498,53814,53824,10
12.990940094,80.2199401855,53824,53835,11
12.9915800095,80.2195587158,53835,53845,10
12.9923400879,80.218963623,53845,53855,10
12.9928798676,80.2185821533,53855,53865,10
12.9932203293,80.218208313,53865,53875,10
12.9936599731,80.217880249,53875,53885,10
12.9940500259,80.2176513672,53885,53895,10
12.9944000244,80.2173614502,53895,53905,10
12.9946699142,80.2171401978,53905,53915,10
12.9948196411,80.2170410156,53915,53925,10
12.9949798584,80.2169494629,53925,53935,10
12.9952802658,80.2167663574,53935,53945,10
12.9956998825,80.2166976929,53945,53956,11
12.9962396622,80.2166213989,53956,53966,10
12.9967603683,80.2164230347,53966,53976,10
12.9973802567,80.2161102295,53976,53986,10
12.9976797104,80.215927124,53986,53996,10
12.9981298447,80.2155685425,53996,54006,10
12.9987401962,80.2150192261,54006,54016,10
12.9990997314,80.2146682739,54016,54026,10
12.9995002747,80.2143325806,54026,54036,10
12.9998998642,80.2140197754,54036,54046,10
13.0004997253,80.213432312,54046,54056,10
13.0010995865,80.2129592896,54056,54066,10
13.0016899109,80.2125167847,54066,54077,11
13.0021696091,80.2121582031,54077,54087,10
13.0027799606,80.2120437622,54087,54097,10
13.0033302307,80.212020874,54097,54107,10
13.003569603,80.2119369507,54107,54117,10
13.0036201477,80.2118225098,54117,54127,10
13.0035800934,80.211151123,54127,54137,10
13.0035295486,80.2102890015,54137,54147,10
13.0034999847,80.2094116211,54147,54157,10
13.0037899017,80.2086029053,54157,54167,10
13.0046796799,80.2089233398,54167,54177,10
13.0056200027,80.2093429565,54177,54188,11
13.0069904327,80.2098007202,54188,54218,30
13.0069904327,80.2098007202,54218,54228,10
13.0070896149,80.2098693848,54228,54238,10
13.007610321,80.2099533081,54238,54248,10
13.0080900192,80.2098770142,54248,54258,10
13.0079603195,80.2092285156,54258,54268,10
13.007809639,80.2084121704,54268,54278,10
13.0076599121,80.2073364258,54278,54288,10
13.0075502396,80.2061920166,54288,54298,10
13.0074596405,80.2050476074,54298,54309,11
13.0074300766,80.2039871216,54309,54319,10
13.0072803497,80.2031021118,54319,54329,10
13.0068902969,80.2024765015,54329,54339,10
13.0064601898,80.2031097412,54339,54349,10
13.0071697235,80.2035827637,54349,54359,10
13.0080499649,80.2037277222,54359,54369,10
13.0089902878,80.2036590576,54369,54379,10
13.0101203918,80.2036132813,54379,54389,10
13.0112600327,80.2036514282,54389,54399,10
13.012339592,80.2038269043,54399,54409,10
13.0136404037,80.2042694092,54409,54430,21
13.0136404037,80.2042694092,54430,54446,16
13.0136804581,80.2043991089,54446,54458,12
13.0134897232,80.2048187256,54458,54468,10
13.013299942,80.2054595947,54468,54478,10
13.0130901337,80.2066574097,54478,54488,10
13.012960434,80.207649231,54488,54498,10
13.0128498077,80.2081298828,54498,54508,10
13.0128202438,80.208480835,54508,54519,11
13.0129098892,80.2090835571,54519,54529,10
13.013130188,80.209602356,54529,54540,11
13.0130796432,80.2102966309,54540,54550,10
13.0128803253,80.2111968994,54550,54560,10
13.0124197006,80.2119903564,54560,54570,10
13.012049675,80.2126617432,54570,54580,10
13.0118598938,80.212852478,54580,54589,9
13.0115499496,80.212677002,54589,54600,11
13.0109796524,80.2121887207,54600,54610,10
13.0105600357,80.2118301392,54610,54620,10
13.0101995468,80.2115478516,54620,54630,10
13.0099496841,80.2114105225,54630,54640,10
13.0098304749,80.2113189697,54640,54651,11
13.0098104477,80.2113189697,54651,54681,30
13.0097999573,80.2112731934,54681,54741,60
13.0097103119,80.2112197876,54741,54974,233
13.0096502304,80.2111587524,54974,55024,50
13.0096502304,80.2111587524,55024,55034,10
13.0096197128,80.2112197876,55034,55155,121
13.0096197128,80.2112197876,55155,55165,10
13.0092897415,80.2110671997,55165,55175,10
13.0092802048,80.2110824585,55175,55185,10
13.0091400146,80.2112579346,55185,55195,10
13.0090503693,80.2114562988,55195,55205,10
13.0090303421,80.2115783691,55205,55215,10
13.009180069,80.2119293213,55215,55226,11
13.0094499588,80.2127838135,55226,55236,10
13.0097799301,80.2136688232,55236,55246,10
13.010140419,80.2145767212,55246,55256,10
13.0102500916,80.2155227661,55256,55266,10
13.0105895996,80.2163772583,55266,55276,10
13.0110397339,80.2173309326,55276,55286,10
13.0114202499,80.21824646,55286,55296,10
13.0117301941,80.2193374634,55296,55306,10
13.0120801926,80.2202224731,55306,55316,10
13.012260437,80.2211227417,55316,55333,17
13.0127096176,80.2220077515,55333,55345,12
13.0135097504,80.2229232788,55345,55355,10
13.0141096115,80.2236404419,55355,55364,9
13.0147199631,80.2241821289,55364,55375,11
13.0153598785,80.2250366211,55375,55385,10
13.0154304504,80.2251663208,55385,55394,9
13.01541996,80.2254867554,55394,55405,11
13.0148696899,80.2258071899,55405,55415,10
13.0142698288,80.22605896,55415,55425,10
13.0135803223,80.2264328003,55425,55435,10
13.0129404068,80.2267074585,55435,55445,10
13.0120000839,80.2270736694,55445,55456,11
13.0109395981,80.2275085449,55456,55466,10
13.0100803375,80.2279129028,55466,55476,10
13.0095596313,80.2278518677,55476,55486,10
13.0095300674,80.2275238037,55486,55496,10
13.0097503662,80.2270507813,55496,55506,10
13.0100898743,80.2263183594,55506,55516,10
13.0103902817,80.2256164551,55516,55526,10
13.0105104446,80.225189209,55526,55536,10
13.0108299255,80.2247695923,55536,55546,10
13.0110301971,80.2242507935,55546,55556,10
13.0110797882,80.2234802246,55556,55567,11
13.011179924,80.2231369019,55567,55577,10
13.0107498169,80.2229385376,55577,55587,10
13.0102596283,80.2227172852,55587,55597,10
13.0096902847,80.2224273682,55597,55607,10
13.0090999603,80.222076416,55607,55617,10
13.0083198547,80.2216491699,55617,55627,10
13.0074501038,80.2211685181,55627,55637,10
13.0065498352,80.2208023071,55637,55647,10
13.0055198669,80.2205505371,55647,55657,10
13.0046901703,80.2203292847,55657,55667,10
13.0044803619,80.2202682495,55667,55677,10
13.0038499832,80.220161438,55677,55687,10
13.0029802322,80.2199020386,55687,55698,11
13.0020799637,80.2192230225,55698,55707,9
13.0015497208,80.2186508179,55707,55717,10
13.0009098053,80.2181396484,55717,55728,11
13.0000295639,80.217628479,55728,55738,10
12.9992599487,80.2171783447,55738,55748,10
12.9983501434,80.216758728,55748,55758,10
12.9975996017,80.2165679932,55758,55768,10
12.9974899292,80.2165527344,55768,55778,10
12.9974002838,80.2164916992,55778,55788,10
12.9970502853,80.2165527344,55788,55799,11
12.9963102341,80.2166824341,55799,55809,10
12.9954996109,80.2169113159,55809,55819,10
12.9949903488,80.2171173096,55819,55829,10
12.99477005,80.2172775269,55829,55839,10
12.9943504333,80.2176132202,55839,55849,10
12.9939899445,80.2179794312,55849,55859,10
12.9933700562,80.2183609009,55859,55869,10
12.9927396774,80.2188415527,55869,55879,10
12.9919900894,80.2193374634,55879,55889,10
12.9915103912,80.2197799683,55889,55899,10
12.991060257,80.2201309204,55899,55910,11
12.9909200668,80.2202377319,55910,55920,10
12.9908103943,80.2203292847,55920,55930,10
12.9903697968,80.2206573486,55930,55940,10
12.9898195267,80.2211837769,55940,55950,10
12.9893798828,80.2215118408,55950,55960,10
12.9891004562,80.2218933105,55960,55970,10
12.9887599945,80.2224578857,55970,55980,10
12.9883804321,80.2227935791,55980,55990,10
12.9879703522,80.2231826782,55990,56000,10
12.9876403809,80.223197937,56000,56010,10
12.9875602722,80.2230834961,56010,56020,10
12.9873199463,80.2230682373,56020,56031,11
12.9868803024,80.2230072021,56031,56041,10
12.9863395691,80.2229614258,56041,56051,10
12.985619545,80.2230834961,56051,56061,10
12.9852399826,80.2233581543,56061,56071,10
12.9847202301,80.2230834961,56071,56081,10
12.9843597412,80.2228469849,56081,56091,10
12.9839601517,80.2226409912,56091,56101,10
12.9834604263,80.2223129272,56101,56111,10
12.9832601547,80.2221374512,56111,56121,10
12.9832201004,80.2221221924,56121,56131,10
12.9830198288,80.2219467163,56131,56142,11
12.9823703766,80.221786499,56142,56151,9
12.9818897247,80.2215499878,56151,56162,11
12.981300354,80.2212219238,56162,56172,10
12.9804897308,80.2211990356,56172,56182,10
12.9795398712,80.2212600708,56182,56192,10
12.978679657,80.2212905884,56192,56202,10
12.9778404236,80.2213134766,56202,56212,10
12.9769601822,80.221321106,56212,56222,10
12.9762401581,80.2214736938,56222,56242,20
12.9762401581,80.2214736938,56242,56252,10
12.9762201309,80.2215805054,56252,56263,11
12.9764604568,80.2219161987,56263,56273,10
12.9767799377,80.2224502563,56273,56283,10
12.9772396088,80.2232437134,56283,56293,10
12.9778203964,80.2241897583,56293,56303,10
12.9783000946,80.2250213623,56303,56313,10
12.9786996841,80.2257080078,56313,56323,10
12.9790000916,80.2261810303,56323,56333,10
12.9793796539,80.2267608643,56333,56343,10
12.9798202515,80.2275466919,56343,56353,10
12.9802999496,80.2282104492,56353,56363,10
12.9806804657,80.2288818359,56363,56374,11
12.981089592,80.2295684814,56374,56384,10
12.9815397263,80.2303085327,56384,56394,10
12.9816102982,80.2304382324,56394,56404,10
12.9816398621,80.2304992676,56404,56414,10
12.9817495346,80.2309036255,56414,56424,10
12.982049942,80.2316589355,56424,56434,10
12.9820203781,80.2322311401,56434,56444,10
12.9819402695,80.232749939,56444,56454,10
12.9816904068,80.233291626,56454,56464,10
12.9815397263,80.2336425781,56464,56474,10
12.9813098907,80.2340927124,56474,56485,11
12.9811897278,80.2349472046,56485,56495,10
12.9812297821,80.2358627319,56495,56505,10
12.9812698364,80.2367019653,56505,56515,10
12.9812898636,80.2376022339,56515,56525,10
12.981300354,80.2381591797,56525,56535,10
12.9813499451,80.2386627197,56535,56545,10
12.9813203812,80.2386779785,56545,56555,10
12.9812803268,80.2390670776,56555,56565,10
12.9813203812,80.2396316528,56565,56575,10
12.9813299179,80.2404937744,56575,56585,10
12.9813404083,80.2414932251,56585,56595,10
12.9813604355,80.2420196533,56595,56606,11
12.9813899994,80.2425003052,56606,56622,16
12.981470108,80.242729187,56622,56634,12
12.9813995361,80.2433166504,56634,56644,10
12.9813203812,80.2439727783,56644,56654,10
12.9811496735,80.2451934814,56654,56664,10
12.9809904099,80.2464065552,56664,56674,10
12.9808702469,80.2476196289,56674,56684,10
12.9807500839,80.2490310669,56684,56694,10
12.9805297852,80.2503967285,56694,56704,10
12.9802303314,80.2515792847,56704,56714,10
12.9800300598,80.252281189,56714,56725,11
12.9799499512,80.2524795532,56725,56735,10
12.9798402786,80.2526321411,56735,56745,10
12.9794101715,80.2526931763,56745,56755,10
12.978770256,80.2526168823,56755,56765,10
12.9785804749,80.2525634766,56765,56775,10
12.9782304764,80.2523193359,56775,56785,10
12.9775695801,80.2517776489,56785,56795,10
12.9766597748,80.2512969971,56795,56805,10
12.9755401611,80.2509765625,56805,56815,10
12.9743900299,80.2506713867,56815,56826,11
12.9731998444,80.250328064,56826,56836,10
12.9725198746,80.2501525879,56836,56846,10
12.9724197388,80.2501373291,56846,56856,10
12.9718399048,80.2499771118,56856,56866,10
12.9709701538,80.2497177124,56866,56876,10
12.9700298309,80.249420166,56876,56886,10
12.9689798355,80.2490005493,56886,56896,10
12.967880249,80.2485427856,56896,56906,10
12.9667701721,80.2480392456,56906,56916,10
12.9656801224,80.2475662231,56916,56925,9
12.965089798,80.2473373413,56925,56936,11
12.9650697708,80.2473526001,56936,56947,11
12.9647502899,80.2472610474,56947,56957,10
12.964050293,80.2470016479,56957,56967,10
12.9631299973,80.2465591431,56967,56977,10
12.961979866,80.2460021973,56977,56987,10
12.9608097076,80.2454528809,56987,56997,10
12.9598999023,80.2450332642,56997,57007,10
12.959569931,80.2448501587,57007,57017,10
12.9593801498,80.2447433472,57017,57027,10
12.958729744,80.2444763184,57027,57037,10
12.9578895569,80.2441177368,57037,57047,10
12.9571399689,80.243927002,57047,57057,10
12.9564599991,80.2437362671,57057,57096,39
12.9564599991,80.2437362671,57096,57106,10
12.9560203552,80.243560791,57106,57116,10
12.955280304,80.2431411743,57116,57126,10
12.954369545,80.242729187,57126,57136,10
12.9533901215,80.2423019409,57136,57145,9
12.9522800446,80.241897583,57145,57156,11
12.9516201019,80.2416763306,57156,57166,10
12.9515600204,80.2416610718,57166,57177,11
12.9509000778,80.2414169312,57177,57187,10
12.9500598907,80.2411880493,57187,57197,10
12.9490804672,80.2408676147,57197,57207,10
12.9479999542,80.2404022217,57207,57217,10
12.9472503662,80.2400970459,57217,57227,10
12.9471101761,80.2399902344,57227,57237,10
12.9469404221,80.2399291992,57237,57247,10
12.9463300705,80.2396774292,57247,57257,10
12.9456396103,80.239402771,57257,57267,10
12.944899559,80.2388534546,57267,57277,10
12.9440803528,80.2380065918,57277,57288,11
12.9433498383,80.2371902466,57288,57298,10
12.9433202744,80.2370986938,57298,57308,10
12.9430303574,80.2368621826,57308,57318,10
12.94231987,80.2365112305,57318,57328,10
12.9412403107,80.2362136841,57328,57338,10
12.9401197433,80.2359390259,57338,57348,10
12.9396800995,80.2357406616,57348,57358,10
12.9395399094,80.2357025146,57358,57368,10
12.9390001297,80.2354278564,57368,57378,10
12.9381904602,80.2350234985,57378,57388,10
12.9371995926,80.2345275879,57388,57398,10
12.9362001419,80.2340393066,57398,57409,11
12.9350996017,80.2334976196,57409,57419,10
12.9338598251,80.2330093384,57419,57439,20
12.9338598251,80.2330093384,57439,57449,10
12.9334602356,80.2327880859,57449,57459,10
12.9326696396,80.2324523926,57459,57469,10
12.9316301346,80.2321014404,57469,57479,10
12.930439949,80.2316665649,57479,57489,10
12.9294996262,80.2314376831,57489,57499,10
12.9287395477,80.2313232422,57499,57509,10
12.9278402328,80.2311935425,57509,57520,11
12.9266004562,80.2310562134,57520,57530,10
12.9260702133,80.231010437,57530,57540,10
12.9256696701,80.2309570313,57540,57550,10
12.9249000549,80.2308425903,57550,57560,10
12.9238700867,80.2307128906,57560,57570,10
12.9226303101,80.2305374146,57570,57580,10
12.9213600159,80.2303390503,57580,57590,10
12.9201002121,80.2302017212,57590,57600,10
12.9191598892,80.2301177979,57600,57610,10
12.9191198349,80.2301177979,57610,57627,17
12.9179201126,80.2299499512,57627,57639,12
12.9166498184,80.2297592163,57639,57649,10
12.9154996872,80.229598999,57649,57658,9
12.9144096375,80.2294387817,57658,57669,11
12.9133996964,80.2293395996,57669,57679,10
12.9132699966,80.2293167114,57679,57689,10
12.9129199982,80.2292785645,57689,57699,10
12.9122400284,80.2291564941,57699,57709,10
12.9110603333,80.2289733887,57709,57718,9
12.909910202,80.228767395,57718,57729,11
12.9083995819,80.2285232544,57729,57738,9
12.9071903229,80.2283401489,57738,57750,12
12.9064798355,80.2282867432,57750,57759,9
12.9064598083,80.2282791138,57759,57770,11
12.906080246,80.2282867432,57770,57780,10
12.9052696228,80.2282409668,57780,57790,10
12.9041996002,80.2281723022,57790,57800,10
12.9029502869,80.2281265259,57800,57810,10
12.9019804001,80.2280807495,57810,57820,10
12.9014196396,80.2280502319,57820,57840,20
12.9014196396,80.2280502319,57840,57850,10
12.9012899399,80.2280426025,57850,57861,11
12.9010000229,80.2280197144,57861,57871,10
12.9005002975,80.2279510498,57871,57881,10
12.8997097015,80.2279129028,57881,57911,30
12.8997097015,80.2279129028,57911,57921,10
12.899600029,80.227897644,57921,57931,10
12.8990802765,80.2278900146,57931,57941,10
12.898150444,80.2278366089,57941,57951,10
12.8971395493,80.2277603149,57951,57961,10
12.8960800171,80.227722168,57961,57971,10
12.8948602676,80.2276611328,57971,57982,11
12.8935699463,80.2275695801,57982,57992,10
12.8930196762,80.2274780273,57992,58012,20
12.8930196762,80.2274780273,58012,58022,10
12.8928203583,80.2274627686,58022,58032,10
12.8924398422,80.227432251,58032,58042,10
12.8917503357,80.2273864746,58042,58052,10
12.8907499313,80.2273788452,58052,58062,10
12.8897399902,80.2273788452,58062,58079,17
12.8884496689,80.2273788452,58079,58090,11
12.8883800507,80.2273712158,58090,58101,11
12.8878297806,80.2273101807,58101,58110,9
12.887169838,80.2272186279,58110,58120,10
12.8862199783,80.2270202637,58120,58131,11
12.8854198456,80.2268371582,58131,58141,10
12.8848199844,80.2267837524,58141,58151,10
12.884759903,80.2267608643,58151,58161,10
12.8842601776,80.2267303467,58161,58170,9
12.8834600449,80.2267303467,58170,58180,10
12.882349968,80.2267379761,58180,58191,11
12.880979538,80.2267608643,58191,58202,11
12.8801603317,80.2267608643,58202,58212,10
12.8793201447,80.2267608643,58212,58222,10
12.8781995773,80.2268066406,58222,58232,10
12.8770303726,80.2269287109,58232,58242,10
12.8764801025,80.2269210815,58242,58252,10
12.8764095306,80.2266769409,58252,58262,10
12.8764295578,80.2266082764,58262,58272,10
12.8765001297,80.2262268066,58272,58282,10
12.8765897751,80.2253875732,58282,58292,10
12.876709938,80.224319458,58292,58302,10
12.876999855,80.2230606079,58302,58312,10
12.8773002625,80.2216262817,58312,58323,11
12.8776597977,80.2199478149,58323,58333,10
12.877989769,80.2184829712,58333,58343,10
12.878279686,80.2171478271,58343,58353,10
12.8783798218,80.2164230347,58353,58363,10
12.8784103394,80.2162780762,58363,58373,10
12.8784999847,80.2159194946,58373,58383,10
12.878660202,80.2152099609,58383,58393,10
12.8788499832,80.2143173218,58393,58403,10
12.8790798187,80.2131500244,58403,58413,10
12.8793201447,80.2119216919,58413,58423,10
12.8794403076,80.2110290527,58423,58444,21
12.8794403076,80.2110290527,58444,58454,10
12.8793897629,80.2110671997,58454,58464,10
12.8791503906,80.2109985352,58464,58474,10
12.8787097931,80.2109222412,58474,58484,10
12.8780603409,80.2108001709,58484,58494,10
12.8773298264,80.2106628418,58494,58504,10
12.8766403198,80.2105102539,58504,58514,10
12.8759098053,80.2103805542,58514,58524,10
12.8749799728,80.2102279663,58524,58555,31
12.8749799728,80.2102279663,58555,58565,10
12.8746995926,80.2101593018,58565,58575,10
12.8743801117,80.2099914551,58575,58585,10
12.8745098114,80.2095870972,58585,58595,10
12.8747997284,80.2097396851,58595,58604,9
12.8746595383,80.2098312378,58604,58635,31
12.8746595383,80.2098312378,58635,58645,10
12.8746795654,80.2099609375,58645,58655,10
12.8746795654,80.2097015381,58655,58696,41
12.8745203018,80.2097473145,58696,58716,20
12.8745203018,80.2097473145,58716,58726,10
12.8746204376,80.2098083496,58726,58777,51
12.8746204376,80.2098083496,58777,58787,10
12.8745698929,80.2097320557,58787,58888,101
12.8745698929,80.2097320557,58888,58898,10
12.8745203018,80.2096176147,58898,58918,20
12.8745203018,80.2096176147,58918,58928,10
12.8746795654,80.2099990845,58928,58938,10
12.8746299744,80.2101364136,58938,58947,9
12.8746700287,80.2102279663,58947,58958,11
12.8747301102,80.2102813721,58958,58978,20
12.8747301102,80.2102813721,58978,58988,10
12.874540329,80.2093963623,58988,59019,31
12.874540329,80.2093963623,59019,59029,10
12.8748703003,80.2102279663,59029,59039,10
12.8747997284,80.2100601196,59039,59049,10
12.8745603561,80.2097396851,59049,59059,10
12.8746404648,80.2096633911,59059,59069,10
12.8747301102,80.2095489502,59069,59099,30
12.8747301102,80.2095489502,59099,59109,10
12.8744602203,80.2094802856,59109,59120,11
12.8747196198,80.2098083496,59120,59130,10
12.8743600845,80.2090530396,59130,59140,10
12.8743600845,80.2090530396,59140,59150,10
12.8742799759,80.2081604004,59150,59190,40
12.8752202988,80.2099304199,59190,59220,30
12.8752202988,80.2099304199,59220,59230,10
12.8746500015,80.2100067139,59230,59241,11
12.874830246,80.2102584839,59241,59382,141
12.874830246,80.2102584839,59382,59392,10
12.8745498657,80.2099075317,59392,59432,40
12.8745498657,80.2099075317,59432,59442,10
12.8751497269,80.2104110718,59442,59452,10
12.8752403259,80.2105026245,59452,59463,11
12.8745002747,80.2090911865,59463,59755,292
12.8745002747,80.2090911865,59755,59765,10
12.8745698929,80.2101211548,59765,59775,10
12.8746404648,80.2099914551,59775,59785,10
12.8746404648,80.2098312378,59785,59816,31
12.8746404648,80.2098312378,59816,59826,10
12.8747596741,80.2099533081,59826,59836,10
12.8748903275,80.2101364136,59836,59907,71
12.8748903275,80.2101364136,59907,59917,10
12.8745498657,80.209777832,59917,59927,10
12.8745298386,80.2096099854,59927,59937,10
12.8746595383,80.2097702026,59937,59947,10
12.8748598099,80.2099075317,59947,59957,10
12.8748502731,80.2097015381,59957,59967,10
12.8748197556,80.2095108032,59967,59977,10
12.8745803833,80.2097473145,59977,59987,10
12.8747596741,80.2098693848,59987,59997,10
12.8747596741,80.2100067139,59997,60007,10
12.8747301102,80.2101516724,60007,60017,10
12.874879837,80.2102127075,60017,60027,10
12.8751602173,80.2102432251,60027,60038,11
12.8756599426,80.2103424072,60038,60048,10
12.8762197495,80.2104110718,60048,60058,10
12.8767995834,80.2105178833,60058,60068,10
12.8774499893,80.2106781006,60068,60078,10
12.8780097961,80.2107696533,60078,60088,10
12.8786802292,80.2109069824,60088,60098,10
12.8791999817,80.2109985352,60098,60118,20
12.8791999817,80.2109985352,60118,60128,10
12.8794298172,80.2110977173,60128,60138,10
12.8794803619,80.2115478516,60138,60149,11
12.8793001175,80.2124023438,60149,60159,10
12.8790998459,80.2134017944,60159,60169,10
12.8788604736,80.2146224976,60169,60179,10
12.8786001205,80.2159194946,60179,60189,10
12.8783197403,80.2171783447,60189,60199,10
12.8780498505,80.218536377,60199,60209,10
12.8777399063,80.2199020386,60209,60219,10
12.8774299622,80.221206665,60219,60229,10
12.8770904541,80.2225723267,60229,60239,10
12.8767995834,80.2239379883,60239,60249,10
12.8766202927,80.2252807617,60249,60260,11
12.8764801025,80.2263870239,60260,60270,10
12.8764801025,80.2268829346,60270,60280,10
12.8764896393,80.226890564,60280,60290,10
12.8766298294,80.2269363403,60290,60300,10
12.8771400452,80.2269210815,60300,60310,10
12.8781003952,80.2268218994,60310,60320,10
12.8791904449,80.2267227173,60320,60330,10
12.8804597855,80.2266769409,60330,60340,10
12.8818502426,80.2266464233,60340,60350,10
12.8832998276,80.2266464233,60350,60360,10
12.885219574,80.2266693115,60360,60381,21
12.885219574,80.2266693115,60381,60391,10
12.8852901459,80.2266387939,60391,60401,10
12.8858804703,80.2267608643,60401,60411,10
12.8867998123,80.2270278931,60411,60421,10
12.8879404068,80.2272186279,60421,60431,10
12.8885402679,80.2272872925,60431,60441,10
12.8885402679,80.2272720337,60441,60451,10
12.8889598846,80.2272796631,60451,60467,16
12.8904304504,80.2273178101,60467,60479,12
12.8917999268,80.2273025513,60479,60490,11
12.8930397034,80.2273788452,60490,60500,10
12.8940696716,80.2275238037,60500,60519,19
12.8940696716,80.2275238037,60519,60529,10
12.8944101334,80.2275390625,60529,60540,11
12.8953695297,80.2276229858,60540,60550,10
12.8962802887,80.2276382446,60550,60560,10
12.8973197937,80.2276916504,60560,60570,10
12.8984298706,80.2277603149,60570,60580,10
12.8996496201,80.2278366089,60580,60590,10
12.9005699158,80.2279129028,60590,60601,11
12.9011602402,80.2279205322,60601,60611,10
12.9017496109,80.2279891968,60611,60621,10
12.9024400711,80.2280197144,60621,60631,10
12.9030895233,80.2279968262,60631,60651,20
12.9030895233,80.2279968262,60651,60661,10
12.9032897949,80.2279815674,60661,60671,10
12.9035596848,80.2279968262,60671,60681,10
12.9040899277,80.2280426025,60681,60691,10
12.904800415,80.2281112671,60691,60701,10
12.9057302475,80.2281723022,60701,60712,11
12.9064102173,80.2282028198,60712,60732,20
12.9064102173,80.2282028198,60732,60742,10
12.9065999985,80.2282180786,60742,60762,20
12.9065999985,80.2282180786,60762,60772,10
12.9068202972,80.2282409668,60772,60782,10
12.906999588,80.2282409668,60782,60792,10
12.907500267,80.228302002,60792,60802,10
12.9082603455,80.2284164429,60802,60812,10
12.9094295502,80.2285995483,60812,60822,10
12.910490036,80.2287826538,60822,60833,11
12.9120397568,80.2290420532,60833,60843,10
12.9132204056,80.2291793823,60843,60853,10
12.913860321,80.2292785645,60853,60863,10
12.9139404297,80.2293014526,60863,60873,10
12.9143295288,80.2293395996,60873,60883,10
12.9150600433,80.2293777466,60883,60893,10
12.9160404205,80.2295227051,60893,60903,10
12.9171495438,80.2297363281,60903,60913,10
12.9181404114,80.2298202515,60913,60923,10
12.9189996719,80.2299423218,60923,60933,10
12.9193096161,80.2300262451,60933,60944,11
12.919719696,80.230140686,60944,60954,10
12.9204797745,80.23021698,60954,60964,10
12.9214897156,80.2303237915,60964,60974,10
12.9227304459,80.2304992676,60974,60984,10
12.9241104126,80.2307434082,60984,60994,10
12.925359726,80.2309036255,60994,61004,10
12.9261598587,80.2309570313,61004,61014,10
12.9263696671,80.2310028076,61014,61024,10
12.9266004562,80.231010437,61024,61034,10
12.9272403717,80.2310562134,61034,61044,10
12.9281597137,80.2311630249,61044,61055,11
12.9293403625,80.2313690186,61055,61065,10
12.9305696487,80.2316970825,61065,61075,10
12.9316997528,80.2320098877,61075,61085,10
12.93268013,80.2323532104,61085,61095,10
12.9334096909,80.2326278687,61095,61105,10
12.933719635,80.2327728271,61105,61115,10
12.9337997437,80.2328109741,61115,61125,10
12.9343099594,80.233039856,61125,61135,10
12.9351196289,80.2334365845,61135,61145,10
12.936050415,80.2338867188,61145,61155,10
12.9371004105,80.2343673706,61155,61165,10
12.9382295609,80.2349395752,61165,61176,11
12.9392204285,80.2354431152,61176,61186,10
12.9397296906,80.2356414795,61186,61226,40
12.9397296906,80.2356414795,61226,61236,10
12.9398403168,80.2357635498,61236,61246,10
12.9400997162,80.2358169556,61246,61256,10
12.9404802322,80.2359085083,61256,61266,10
12.9412698746,80.2361373901,61266,61276,10
12.9422798157,80.2363586426,61276,61287,11
12.9433898926,80.2369995117,61287,61297,10
12.9436903,80.2372970581,61297,61307,10
12.9438199997,80.2374267578,61307,61317,10
12.9442796707,80.2379684448,61317,61327,10
12.9449300766,80.2386779785,61327,61337,10
12.945810318,80.2393569946,61337,61347,10
12.9467802048,80.2397766113,61347,61357,10
12.9472398758,80.2399368286,61357,61377,20
12.9472398758,80.2399368286,61377,61387,10
12.9475603104,80.2400512695,61387,61397,10
12.9482297897,80.2403411865,61397,61408,11
12.9491195679,80.240737915,61408,61418,10
12.9501304626,80.2410888672,61418,61428,10
12.9510097504,80.2413330078,61428,61448,20
12.9510097504,80.2413330078,61448,61458,10
12.9512996674,80.2414398193,61458,61468,10
12.95195961,80.2416763306,61468,61478,10
12.952630043,80.2419281006,61478,61488,10
12.9537096024,80.2423400879,61488,61498,10
12.9544401169,80.2426376343,61498,61508,10
12.9551095963,80.2428970337,61508,61519,11
12.9558401108,80.2431564331,61519,61529,10
12.9561004639,80.2432632446,61529,61569,40
12.9561004639,80.2432632446,61569,61579,10
12.956489563,80.2434234619,61579,61589,10
12.9568004608,80.2435836792,61589,61599,10
12.9574203491,80.243850708,61599,61609,10
12.9580097198,80.2440872192,61609,61619,10
12.9586801529,80.2443618774,61619,61630,11
12.9589195251,80.244468689,61630,61640,10
12.9589796066,80.2444915771,61640,61650,10
12.9593801498,80.2446594238,61650,61660,10
12.9600400925,80.2449417114,61660,61670,10
12.9608898163,80.2453384399,61670,61680,10
12.9619598389,80.2458496094,61680,61690,10
12.9628896713,80.2463226318,61690,61700,10
12.9633703232,80.2465591431,61700,61741,41
12.9633703232,80.2465591431,61741,61751,10
12.9634504318,80.2465667725,61751,61761,10
12.9638395309,80.2467727661,61761,61771,10
12.9644403458,80.2470092773,61771,61781,10
12.9651699066,80.247253418,61781,61791,10
12.9659004211,80.2474822998,61791,61801,10
12.9664402008,80.2477035522,61801,61811,10
12.9665603638,80.2477493286,61811,61821,10
12.9666204453,80.2478179932,61821,61831,10
12.966919899,80.2479934692,61831,61841,10
12.9671201706,80.2480926514,61841,61851,10
12.9676599503,80.248336792,61851,61862,11
12.9686498642,80.2487716675,61862,61872,10
12.9697198868,80.249206543,61872,61882,10
12.9709196091,80.2496337891,61882,61892,10
12.9722099304,80.2499771118,61892,61902,10
12.9733400345,80.250289917,61902,61912,10
12.9741697311,80.25050354,61912,61922,10
12.9751701355,80.2508010864,61922,61932,10
12.9763097763,80.2511291504,61932,61942,10
12.977399826,80.2515411377,61942,61952,10
12.9782896042,80.2522583008,61952,61962,10
12.979180336,80.2526168823,61962,61973,11
12.9799995422,80.2524337769,61973,61983,10
12.9799900055,80.252243042,61983,61993,10
12.9799499512,80.2520599365,61993,62003,10
12.9800300598,80.251663208,62003,62013,10
12.9803104401,80.2508926392,62013,62023,10
12.9805698395,80.2499694824,62023,62033,10
12.9807500839,80.2488174438,62033,62043,10
12.9808998108,80.247543335,62043,62053,10
12.981010437,80.2462692261,62053,62063,10
12.9811496735,80.2449035645,62063,62073,10
12.9812202454,80.2439575195,62073,62084,11
12.9813299179,80.2435379028,62084,62093,9
12.9813604355,80.2431030273,62093,62104,11
12.9813604355,80.2428283691,62104,62114,10
12.9813995361,80.2426834106,62114,62124,10
12.9813995361,80.2424087524,62124,62134,10
12.9813804626,80.241897583,62134,62144,10
12.9813699722,80.2410736084,62144,62154,10
12.9813699722,80.2401809692,62154,62164,10
12.9813404083,80.239402771,62164,62174,10
12.9813203812,80.238609314,62174,62184,10
12.9812803268,80.2379074097,62184,62195,11
12.9812803268,80.2378311157,62195,62205,10
12.9812698364,80.2373886108,62205,62215,10
12.9812803268,80.2367401123,62215,62225,10
12.9812498093,80.2358703613,62225,62235,10
12.9812297821,80.2350006104,62235,62245,10
12.9812803268,80.2341766357,62245,62255,10
12.9815702438,80.2335205078,62255,62265,10
12.9816398621,80.2333526611,62265,62275,10
12.9817199707,80.2332077026,62275,62285,10
12.9819297791,80.2327423096,62285,62295,10
12.9820098877,80.232208252,62295,62305,10
12.9819498062,80.2317199707,62305,62316,11
12.9818201065,80.231010437,62316,62326,10
12.9815196991,80.2303695679,62326,62336,10
12.9811296463,80.2298126221,62336,62346,10
12.9808797836,80.2294387817,62346,62356,10
12.9806995392,80.2291717529,62356,62366,10
12.9806203842,80.229019165,62366,62376,10
12.9805698395,80.2289505005,62376,62386,10
12.9803695679,80.2285995483,62386,62396,10
12.9801797867,80.2281570435,62396,62406,10
12.9798898697,80.2276535034,62406,62417,11
12.9794998169,80.2270278931,62417,62426,9
12.9794197083,80.2268829346,62426,62437,11
12.9793796539,80.2267608643,62437,62447,10
12.9791402817,80.2264022827,62447,62457,10
12.9787302017,80.2257385254,62457,62467,10
12.9782495499,80.224937439,62467,62477,10
12.9778995514,80.2244262695,62477,62487,10
12.9775695801,80.2239227295,62487,62497,10
12.9771003723,80.2231521606,62497,62507,10
12.976940155,80.2228012085,62507,62517,10
12.977230072,80.2227325439,62517,62527,10
12.9772901535,80.2226715088,62527,62537,10
12.9775495529,80.2225570679,62537,62548,11
12.9773702621,80.2221069336,62548,62558,10
12.9774198532,80.2215423584,62558,62578,20
12.9774198532,80.2215423584,62578,62588,10
12.9778699875,80.2212295532,62588,62598,10
12.9785299301,80.2211990356,62598,62608,10
12.97935009,80.2211380005,62608,62618,10
12.9802398682,80.2210617065,62618,62628,10
12.9811201096,80.2210464478,62628,62638,10
12.9815998077,80.2213287354,62638,62648,10
12.9819803238,80.2215576172,62648,62659,11
12.9825801849,80.2218399048,62659,62669,10
12.9827804565,80.2219085693,62669,62679,10
12.9828901291,80.2220077515,62679,62689,10
12.9828996658,80.2220077515,62689,62699,10
12.9832296371,80.2221298218,62699,62709,10
12.9835300446,80.2222976685,62709,62719,10
12.983710289,80.222442627,62719,62729,10
12.9840803146,80.2226791382,62729,62739,10
12.9846601486,80.2229995728,62739,62749,10
12.9852104187,80.2232208252,62749,62759,10
12.9856300354,80.2230377197,62759,62770,11
12.9863395691,80.2229690552,62770,62780,10
12.986530304,80.2229614258,62780,62790,10
12.9867401123,80.2229766846,62790,62800,10
12.9869499207,80.2229995728,62800,62810,10
12.9873504639,80.2230834961,62810,62820,10
12.9878902435,80.2229232788,62820,62830,10
12.9883203506,80.2224502563,62830,62846,16
12.9893102646,80.2213363647,62846,62858,12
12.9902000427,80.2204818726,62858,62878,20
12.9902000427,80.2204818726,62878,62889,11
12.990480423,80.2203369141,62889,62899,10
12.9905395508,80.2202072144,62899,62909,10
12.99077034,80.2200698853,62909,62919,10
12.9909601212,80.2200164795,62919,62929,10
12.9912996292,80.2197189331,62929,62939,10
12.9913396835,80.2196807861,62939,62949,10
12.9915399551,80.2195968628,62949,62959,10
12.991900444,80.2194137573,62959,62969,10
12.9923696518,80.2191390991,62969,62979,10
12.9929599762,80.218788147,62979,62989,10
12.9935302734,80.2182617188,62989,63000,11
12.9940500259,80.2178115845,63000,63010,10
12.9944801331,80.2174606323,63010,63020,10
12.9948701859,80.2171020508,63020,63030,10
12.995349884,80.2168502808,63030,63040,10
12.9959697723,80.2166137695,63040,63050,10
12.9965600967,80.2164535522,63050,63060,10
12.9968395233,80.2164382935,63060,63070,10
12.9970397949,80.216468811,63070,63080,10
12.9973297119,80.2163162231,63080,63090,10
12.9974899292,80.2160568237,63090,63100,10
12.9976396561,80.2159500122,63100,63111,11
12.9980096817,80.2155838013,63111,63121,10
12.9983596802,80.2151031494,63121,63131,10
12.9987897873,80.2146987915,63131,63141,10
12.9991703033,80.2143478394,63141,63151,10
12.9997301102,80.2139511108,63151,63161,10
13.00041008,80.2135009766,63161,63171,10
13.0009899139,80.2130813599,63171,63181,10
13.0017004013,80.2125778198,63181,63191,10
13.002240181,80.2121582031,63191,63201,10
13.0029497147,80.2120285034,63201,63211,10
13.0035495758,80.2119674683,63211,63221,10
13.0036401749,80.2119369507,63221,63232,11
13.0037097931,80.2115402222,63232,63242,10
13.0036697388,80.2110290527,63242,63252,10
13.0035800934,80.210357666,63252,63262,10
13.0035200119,80.209602356,63262,63272,10
13.0036697388,80.2088623047,63272,63282,10
13.0042800903,80.2087173462,63282,63292,10
13.0050497055,80.2090682983,63292,63302,10
13.0057897568,80.2093887329,63302,63312,10
13.0065603256,80.2096405029,63312,63322,10
13.0070199966,80.209777832,63322,63363,41
13.0070199966,80.209777832,63363,63373,10
13.0076599121,80.2098770142,63373,63383,10
13.0082101822,80.2098693848,63383,63393,10
13.0080604553,80.2091827393,63393,63403,10
13.0079097748,80.2081985474,63403,63413,10
13.0077495575,80.2071685791,63413,63423,10
13.0075902939,80.2061004639,63423,63433,10
13.007519722,80.2049713135,63433,63443,10
13.0074901581,80.2038879395,63443,63454,11
13.0072898865,80.2028808594,63454,63464,10
13.0068502426,80.2024765015,63464,63474,10
13.006529808,80.2031326294,63474,63484,10
13.0069503784,80.2034683228,63484,63494,10
13.0075998306,80.2037124634,63494,63504,10
13.0083398819,80.2037734985,63504,63514,10
13.0093202591,80.2036819458,63514,63524,10
13.0106897354,80.2036514282,63524,63534,10
13.0120000839,80.2037887573,63534,63544,10
13.0131597519,80.2040405273,63544,63554,10
13.0136804581,80.2042999268,63554,63564,10
13.0136098862,80.2047576904,63564,63653,89
13.0136098862,80.2047576904,63653,63663,10
13.0135002136,80.2051010132,63663,63673,10
13.0133399963,80.2055969238,63673,63683,10
13.0131597519,80.2063064575,63683,63694,11
13.0130195618,80.2073287964,63694,63704,10
13.0129499435,80.2079315186,63704,63714,10
13.0129203796,80.2085113525,63714,63724,10
13.0128898621,80.208946228,63724,63734,10
13.0131397247,80.2096786499,63734,63743,9
13.0131597519,80.2101135254,63743,63754,11
13.0129804611,80.2109909058,63754,63764,10
13.0126495361,80.2116775513,63764,63774,10
13.0121803284,80.2123794556,63774,63783,9
13.0118999481,80.2127990723,63783,63794,11
13.0116100311,80.2126998901,63794,63805,11
13.0109996796,80.2122421265,63805,63815,10
13.0107803345,80.212020874,63815,63825,10
13.0106801987,80.2118988037,63825,63835,10
13.0105800629,80.2118301392,63835,63845,10
13.0104398727,80.2117080688,63845,63855,10
13.010219574,80.2115783691,63855,63864,9
13.010020256,80.211517334,63864,63926,62
13.010020256,80.211517334,63926,63936,10
13.0102596283,80.2113494873,63936,63946,10
13.0100498199,80.2113800049,63946,64027,81
13.0097799301,80.2113189697,64027,64541,514
13.0095100403,80.2110366821,64541,64602,61
13.0095100403,80.2110366821,64602,64612,10
13.0092601776,80.2110595703,64612,64622,10
13.0091199875,80.2113571167,64622,64632,10
13.0091495514,80.2117004395,64632,64642,10
13.0093097687,80.2123565674,64642,64651,9
13.0095396042,80.2130584717,64651,64662,11
13.0098495483,80.2139129639,64662,64672,10
13.0101499557,80.2147216797,64672,64682,10
13.0102500916,80.2155914307,64682,64692,10
13.0106096268,80.2164611816,64692,64703,11
13.0110702515,80.2175216675,64703,64713,10
13.0114603043,80.2186203003,64713,64723,10
13.0118904114,80.2199020386,64723,64733,10
13.0122098923,80.2210235596,64733,64742,9
13.0124797821,80.2217025757,64742,64752,10
13.0129404068,80.2223815918,64752,64763,11
13.0136404037,80.2231216431,64763,64773,10
13.0141601563,80.2237625122,64773,64783,10
13.0149002075,80.2244796753,64783,64793,10
13.01541996,80.2251968384,64793,64803,10
13.0153999329,80.2257080078,64803,64814,11
13.0149097443,80.2259979248,64814,64824,10
13.0142803192,80.2262191772,64824,64834,10
13.0134000778,80.2266235352,64834,64844,10
13.012430191,80.2269668579,64844,64854,10
13.0115098953,80.2273483276,64854,64864,10
13.0104799271,80.2276687622,64864,64874,10
13.0096597672,80.2279205322,64874,64884,10
13.0095300674,80.2274169922,64884,64894,10
13.0097904205,80.2270278931,64894,64904,10
13.0100603104,80.2264328003,64904,64914,10
13.0103597641,80.2256317139,64914,64925,11
13.0105695724,80.2250976563,64925,64935,10
13.0106697083,80.2249984741,64935,64945,10
13.0108299255,80.2244491577,64945,64955,10
13.0111103058,80.2235794067,64955,64965,10
13.0109596252,80.2231521606,64965,64975,10
13.0103502274,80.2228164673,64975,64985,10
13.00963974,80.2224273682,64985,64995,10
13.0087404251,80.2219924927,64995,65005,10
13.0076904297,80.2213516235,65005,65015,10
13.0066995621,80.2207107544,65015,65025,10
13.0058803558,80.2204437256,65025,65035,10
13.0049695969,80.2202606201,65035,65046,11
13.0045995712,80.2202224731,65046,65056,10
13.0042695999,80.2201385498,65056,65066,10
13.0036001205,80.2199478149,65066,65076,10
13.0028600693,80.2197265625,65076,65086,10
13.0021696091,80.2191925049,65086,65096,10
13.0016098022,80.2185974121,65096,65112,16
13.0008001328,80.2180175781,65112,65124,12
13.0002098083,80.2177124023,65124,65132,8
12.9996795654,80.217338562,65132,65143,11
12.9989299774,80.2169494629,65143,65154,11
12.9982404709,80.2166595459,65154,65165,11
12.9973402023,80.2165374756,65165,65184,19
12.9973402023,80.2165374756,65184,65195,11
12.9970998764,80.2165222168,65195,65205,10
12.9965600967,80.216583252,65205,65215,10
12.9959897995,80.2167129517,65215,65225,10
12.995349884,80.2169570923,65225,65235,10
12.9950199127,80.2171325684,65235,65245,10
12.9947299957,80.2172698975,65245,65255,10
12.99421978,80.2176589966,65255,65266,11
12.9935798645,80.2181167603,65266,65276,10
12.9928998947,80.2186431885,65276,65286,10
12.9922504425,80.2191390991,65286,65296,10
12.9917201996,80.2195892334,65296,65306,10
12.9913396835,80.2198410034,65306,65316,10
12.9907598495,80.2202072144,65316,65346,30
12.9907598495,80.2202072144,65346,65356,10
12.9905500412,80.2203369141,65356,65366,10
12.9900999069,80.220703125,65366,65376,10
12.9895000458,80.2212982178,65376,65387,11
12.9890403748,80.2219696045,65387,65397,10
12.9884996414,80.2225723267,65397,65407,10
12.987950325,80.2230224609,65407,65417,10
12.9876298904,80.2230987549,65417,65427,10
12.9875802994,80.2231216431,65427,65437,10
12.9872102737,80.2230377197,65437,65447,10
12.9869699478,80.2229995728,65447,65457,10
12.9866199493,80.2229385376,65457,65467,10
12.9859600067,80.2229385376,65467,65477,10
12.9854803085,80.2232284546,65477,65487,10
12.9850301743,80.2232208252,65487,65498,11
12.9845600128,80.2229995728,65498,65508,10
12.9842700958,80.2228164673,65508,65518,10
12.9839696884,80.22265625,65518,65528,10
12.9836301804,80.2224502563,65528,65538,10
12.9834003448,80.222328186,65538,65548,10
12.9832601547,80.2222366333,65548,65558,10
12.98320961,80.2221832275,65558,65568,10
12.9830598831,80.222038269,65568,65578,10
12.9828596115,80.2219161987,65578,65588,10
12.9825601578,80.2218093872,65588,65598,10
12.9821596146,80.2216873169,65598,65609,11
12.9818096161,80.2214279175,65609,65619,10
12.9815301895,80.2211608887,65619,65629,10
12.9808197021,80.2210464478,65629,65639,10
12.9802904129,80.221031189,65639,65649,10
12.9794797897,80.2211303711,65649,65659,10
12.9787197113,80.2211837769,65659,65669,10
12.9778795242,80.2212219238,65669,65679,10
12.9771900177,80.2212371826,65679,65695,16
12.9761400223,80.2213363647,65695,65707,12
12.976360321,80.2217330933,65707,65738,31
12.976360321,80.2217330933,65738,65748,10
12.9764499664,80.2218475342,65748,65758,10
12.9766197205,80.2222137451,65758,65768,10
12.9768400192,80.2226333618,65768,65778,10
12.9770698547,80.2230377197,65778,65788,10
12.9774703979,80.2236862183,65788,65798,10
12.977930069,80.2244567871,65798,65808,10
12.9783802032,80.2251663208,65808,65818,10
12.9785804749,80.225440979,65818,65828,10
12.9786195755,80.2254486084,65828,65839,11
12.9788703918,80.2259063721,65839,65849,10
12.9792699814,80.2266082764,65849,65858,9
12.9796695709,80.2272720337,65858,65869,11
12.9801702499,80.2280883789,65869,65879,10
12.9806499481,80.2289123535,65879,65889,10
12.9809799194,80.2294616699,65889,65899,10
12.9813899994,80.2300796509,65899,65909,10
12.9816999435,80.2305603027,65909,65919,10
12.981710434,80.2305603027,65919,65929,10
12.9818096161,80.2307662964,65929,65939,10
12.982000351,80.231338501,65939,65950,11
12.9820699692,80.2321777344,65950,65960,10
12.9819803238,80.2327194214,65960,65970,10
12.9817495346,80.2332382202,65970,65980,10
12.9815998077,80.233543396,65980,65990,10
12.9816102982,80.233543396,65990,66000,10
12.9813899994,80.2339477539,66000,66010,10
12.9812202454,80.2346496582,66010,66020,10
12.9812002182,80.235458374,66020,66030,10
12.9812402725,80.2363433838,66030,66040,10
12.9812698364,80.2373123169,66040,66050,10
12.9812803268,80.2381362915,66050,66067,17
12.9813203812,80.2386703491,66067,66079,12
12.9813299179,80.2391433716,66079,66089,10
12.9813299179,80.2397689819,66089,66098,9
12.9813404083,80.2404785156,66098,66108,10
12.9813404083,80.2412872314,66108,66118,10
12.9813699722,80.2421417236,66118,66129,11
12.9813804626,80.242767334,66129,66139,10
12.9813995361,80.2428207397,66139,66149,10
12.9814100266,80.2429199219,66149,66159,10
12.9813899994,80.2433166504,66159,66169,10
12.9812898636,80.2439880371,66169,66180,11
12.9811601639,80.2449493408,66180,66190,10
12.9810199738,80.2459869385,66190,66200,10
12.980890274,80.2472305298,66200,66210,10
12.9807796478,80.248550415,66210,66220,10
12.9806499481,80.2497787476,66220,66230,10
12.9803495407,80.2510070801,66230,66240,10
12.9800796509,80.2520217896,66240,66250,10
12.9799404144,80.2525405884,66250,66341,91
12.9799404144,80.2525405884,66341,66351,10
12.979929924,80.2526168823,66351,66361,10
12.9794998169,80.2527236938,66361,66371,10
12.9787998199,80.2526397705,66371,66381,10
12.9786195755,80.252571106,66381,66392,11
12.9784698486,80.2524795532,66392,66402,10
12.97797966,80.2521133423,66402,66412,10
12.9772596359,80.2514877319,66412,66421,9
12.9763202667,80.251121521,66421,66432,11
12.9751996994,80.2508163452,66432,66442,10
12.9738197327,80.2504425049,66442,66452,10
12.9727897644,80.250213623,66452,66462,10
12.9724197388,80.2501068115,66462,66472,10
12.9722099304,80.2500228882,66472,66482,10
12.9716100693,80.2498626709,66482,66492,10
12.970749855,80.2496566772,66492,66502,10
12.9696598053,80.2492675781,66502,66512,10
12.9685201645,80.2488174438,66512,66523,11
12.9673595428,80.248336792,66523,66533,10
12.9666004181,80.2479782104,66533,66543,10
12.9657001495,80.2475585938,66543,66553,10
12.9651603699,80.2474136353,66553,66563,10
12.9651403427,80.2474136353,66563,66573,10
12.9651098251,80.2473983765,66573,66583,10
12.964679718,80.2472381592,66583,66593,10
12.9640102386,80.2469787598,66593,66603,10
12.963549614,80.2468032837,66603,66634,31
12.963549614,80.2468032837,66634,66644,10
12.9633703232,80.2466812134,66644,66654,10
12.9628295898,80.2464065552,66654,66664,10
12.9620199203,80.2460174561,66664,66674,10
12.9609498978,80.2455215454,66674,66684,10
12.9600200653,80.2451019287,66684,66694,10
12.9595403671,80.2449035645,66694,66704,10
12.959400177,80.2448272705,66704,66714,10
12.9592695236,80.2447280884,66714,66724,10
12.9587497711,80.2445373535,66724,66734,10
12.9580202103,80.244178772,66734,66745,11
12.9574298859,80.2439880371,66745,66755,10
12.9567699432,80.2438430786,66755,66765,10
12.9564399719,80.2437362671,66765,66781,16
12.9561395645,80.2435684204,66781,66793,12
12.9554100037,80.2431793213,66793,66803,10
12.9547901154,80.2429275513,66803,66813,10
12.9537000656,80.242477417,66813,66823,10
12.9526996613,80.2420425415,66823,66833,10
12.9515895844,80.2416229248,66833,66853,20
12.9515895844,80.2416229248,66853,66864,11
12.9513101578,80.2414779663,66864,66874,10
12.9506502151,80.2412567139,66874,66884,10
12.9497804642,80.2410125732,66884,66894,10
12.9491901398,80.2408599854,66894,66904,10
12.9491100311,80.2408294678,66904,66914,10
12.9490003586,80.2407913208,66914,66924,10
12.9484996796,80.240562439,66924,66934,10
12.9476900101,80.2402191162,66934,66944,10
12.9471302032,80.240020752,66944,66954,10
12.9470996857,80.2400131226,66954,66965,11
12.9467496872,80.2398376465,66965,66975,10
12.9460897446,80.2395401001,66975,66985,10
12.9452400208,80.2391281128,66985,66995,10
12.9444198608,80.23828125,66995,67005,10
12.9436302185,80.2374420166,67005,67015,10
12.942990303,80.2368164063,67015,67025,10
12.9420204163,80.236328125,67025,67035,10
12.9407997131,80.236038208,67035,67045,10
12.9399204254,80.2358322144,67045,67055,10
12.9397001266,80.2357406616,67055,67065,10
12.9396295547,80.2356872559,67065,67075,10
12.9391803741,80.235496521,67075,67086,11
12.9383001328,80.2350387573,67086,67096,10
12.9373102188,80.2345275879,67096,67106,10
12.9364404678,80.2341308594,67106,67116,10
12.9359197617,80.2338790894,67116,67126,10
12.9354696274,80.2336730957,67126,67136,10
12.9346704483,80.2333297729,67136,67146,10
12.9338197708,80.2329101563,67146,67166,20
12.9338197708,80.2329101563,67166,67176,10
12.9336004257,80.2328262329,67176,67186,10
12.9329500198,80.2325286865,67186,67197,11
12.9319496155,80.232170105,67197,67207,10
12.9308004379,80.2318115234,67207,67217,10
12.9296398163,80.2315063477,67217,67227,10
12.9286603928,80.231300354,67227,67237,10
12.9275302887,80.2311172485,67237,67247,10
12.926440239,80.2310028076,67247,67257,10
12.926030159,80.2310028076,67257,67267,10
12.9259796143,80.23097229,67267,67277,10
12.9255695343,80.2308807373,67277,67287,10
12.9247903824,80.2308273315,67287,67297,10
12.9238395691,80.230682373,67297,67308,11
12.9225502014,80.2304763794,67308,67318,10
12.9212198257,80.2303009033,67318,67328,10
12.919960022,80.2301177979,67328,67338,10
12.9193201065,80.2301177979,67338,67348,10
12.919210434,80.2301025391,67348,67358,10
12.9190196991,80.2300491333,67358,67368,10
12.9184103012,80.2299423218,67368,67378,10
12.9175300598,80.2298583984,67378,67388,10
12.9165401459,80.2297363281,67388,67398,10
12.9156303406,80.2296218872,67398,67408,10
12.9146003723,80.2294616699,67408,67418,10
12.9137201309,80.2293701172,67418,67429,11
12.9132404327,80.2292861938,67429,67439,10
12.913189888,80.2292633057,67439,67449,10
12.9126701355,80.2291564941,67449,67459,10
12.9118404388,80.2290420532,67459,67469,10
12.9108200073,80.2289199829,67469,67479,10
12.9096097946,80.2286987305,67479,67489,10
12.9083204269,80.2285003662,67489,67499,10
12.9074697495,80.2284088135,67499,67509,10
12.9072904587,80.2283630371,67509,67519,10
12.9071502686,80.2283172607,67519,67529,10
12.9067697525,80.2282409668,67529,67570,41
12.9067697525,80.2282409668,67570,67580,10
12.9063396454,80.2282104492,67580,67590,10
12.9062099457,80.228187561,67590,67600,10
12.9058504105,80.2282104492,67600,67610,10
12.9051504135,80.2281417847,67610,67620,10
12.9043102264,80.2280883789,67620,67630,10
12.9033603668,80.2280273438,67630,67641,11
12.9020996094,80.2279663086,67641,67651,10
12.9012098312,80.2279434204,67651,67661,10
12.9005498886,80.2278671265,67661,67671,10
12.8999595642,80.2278671265,67671,67681,10
12.8994903564,80.2278213501,67681,67711,30
12.8994903564,80.2278213501,67711,67721,10
12.8994102478,80.2278594971,67721,67731,10
12.899140358,80.2278594971,67731,67741,10
12.8985204697,80.2277603149,67741,67751,10
12.8976402283,80.2276992798,67751,67762,11
12.8964195251,80.2276382446,67762,67772,10
12.8952198029,80.2275924683,67772,67782,10
12.8940095901,80.2275238037,67782,67792,10
12.8931903839,80.2274627686,67792,67802,10
12.8931398392,80.2274703979,67802,67812,10
12.8928003311,80.2274093628,67812,67822,10
12.8922796249,80.2273406982,67822,67832,10
12.8914804459,80.2273025513,67832,67842,10
12.8904495239,80.2273101807,67842,67852,10
12.8893404007,80.2273178101,67852,67862,10
12.888420105,80.2273178101,67862,67872,10
12.8882904053,80.2273025513,67872,67883,11
12.8878297806,80.2272415161,67883,67899,16
12.8864402771,80.2269897461,67899,67911,12
12.8853397369,80.2267227173,67911,67921,10
12.8849601746,80.2266769409,67921,67951,30
12.8849601746,80.2266769409,67951,67961,10
12.8847303391,80.2266693115,67961,67971,10
12.8841295242,80.2266616821,67971,67981,10
12.8832302094,80.2266235352,67981,67993,12
12.8818597794,80.2266616821,67993,68003,10
12.8806495667,80.2266693115,68003,68013,10
12.8793401718,80.2266616821,68013,68023,10
12.8779602051,80.2267608643,68023,68033,10
12.8768701553,80.226852417,68033,68043,10
12.8763999939,80.2268066406,68043,68053,10
12.8763799667,80.2267837524,68053,68063,10
12.8763599396,80.2264785767,68063,68073,10
12.8763599396,80.2264633179,68073,68083,10
12.87637043,80.2263183594,68083,68094,11
12.876449585,80.2256774902,68094,68104,10
12.8765497208,80.2248001099,68104,68114,10
12.876660347,80.2239303589,68114,68124,10
12.8769302368,80.2228164673,68124,68134,10
12.8772001266,80.2215881348,68134,68144,10
12.8774795532,80.2203903198,68144,68154,10
12.877699852,80.2194366455,68154,68164,10
12.8778896332,80.2185287476,68164,68174,10
12.8780603409,80.217666626,68174,68184,10
12.8782596588,80.2167510986,68184,68194,10
12.8783903122,80.216003418,68194,68204,10
12.8786001205,80.215057373,68204,68214,10
12.8788204193,80.2139205933,68214,68225,11
12.8790903091,80.2125320435,68225,68235,10
12.8792695999,80.2115707397,68235,68245,10
12.8792896271,80.2109603882,68245,68255,10
12.8789596558,80.2108612061,68255,68275,20
12.8789596558,80.2108612061,68275,68285,10
12.8788204193,80.2108383179,68285,68295,10
12.8784999847,80.2107772827,68295,68305,10
12.8780202866,80.2106933594,68305,68315,10
12.877820015,80.2106628418,68315,68325,10
12.8775596619,80.2105636597,68325,68335,10
12.8772201538,80.2105407715,68335,68347,12
12.8765602112,80.2104110718,68347,68356,9
12.8761796951,80.210357666,68356,68366,10
12.8758201599,80.2102966309,68366,68377,11
12.8750801086,80.2101364136,68377,68387,10
12.8744697571,80.2100219727,68387,68407,20
12.8744697571,80.2100219727,68407,68417,10
12.874420166,80.2100067139,68417,68427,10
12.8743400574,80.2097396851,68427,68437,10
12.8745698929,80.2095184326,68437,68448,11
12.8746795654,80.2100067139,68448,68811,363
12.8746795654,80.2100067139,68811,68821,10
12.8748998642,80.2101364136,68821,68831,10
12.8751802444,80.2101821899,68831,68841,10
12.8755903244,80.2102584839,68841,68851,10
12.8759899139,80.210319519,68851,68861,10
12.8765001297,80.2104263306,68861,68871,10
12.8769302368,80.2104873657,68871,68880,9
12.877240181,80.2105636597,68880,68892,12
12.8777198792,80.210647583,68892,68902,10
12.8781099319,80.2106933594,68902,68912,10
12.8786201477,80.2108078003,68912,68921,9
12.8791999817,80.2109222412,68921,68943,22
12.8791999817,80.2109222412,68943,68953,10
12.879360199,80.2110290527,68953,68962,9
12.8793897629,80.2113037109,68962,68974,12
12.8792600632,80.212020874,68974,68984,10
12.8790998459,80.2127838135,68984,68994,10
12.8789596558,80.2135772705,68994,69005,11
12.8787698746,80.2145690918,69005,69015,10
12.8785896301,80.2155227661,69015,69025,10
12.8783798218,80.216468811,69025,69035,10
12.8781795502,80.2174682617,69035,69045,10
12.8779802322,80.21849823,69045,69055,10
12.8777198792,80.2195510864,69055,69065,10
12.8774700165,80.2205429077,69065,69075,10
12.877240181,80.2216262817,69075,69085,10
12.876999855,80.2227020264,69085,69095,10
12.8767595291,80.223739624,69095,69105,10
12.8766002655,80.2247924805,69105,69115,10
12.8765096664,80.2258224487,69115,69126,11
12.8763904572,80.2266082764,69126,69136,10
12.876449585,80.2269210815,69136,69146,10
12.8766202927,80.2268371582,69146,69156,10
12.8766202927,80.2268295288,69156,69166,10
12.8769197464,80.2267608643,69166,69176,10
12.8775997162,80.2266769409,69176,69186,10
12.8785800934,80.2266387939,69186,69196,10
12.8797998428,80.226600647,69196,69206,10
12.8811302185,80.2266082764,69206,69216,10
12.882519722,80.2266082764,69216,69226,10
12.8838300705,80.2266082764,69226,69237,11
12.8852100372,80.2265777588,69237,69257,20
12.8852100372,80.2265777588,69257,69267,10
12.8855495453,80.2266387939,69267,69277,10
12.8862199783,80.2268295288,69277,69287,10
12.8870897293,80.2270507813,69287,69297,10
12.8879804611,80.227180481,69297,69307,10
12.8886003494,80.2272109985,69307,69317,10
12.8888998032,80.2272109985,69317,69327,10
12.8896198273,80.2272262573,69327,69337,10
12.8905696869,80.2272415161,69337,69354,17
12.8921899796,80.2272186279,69354,69396,42
12.8921899796,80.2272186279,69396,69406,10
12.8923902512,80.2272720337,69406,69416,10
12.8929595947,80.2273712158,69416,69426,10
12.8937902451,80.2274780273,69426,69436,10
12.8941297531,80.2274932861,69436,69446,10
12.8943004608,80.2274780273,69446,69456,10
12.8945903778,80.2274932861,69456,69467,11
12.8952999115,80.2275390625,69467,69477,10
12.8962202072,80.2275695801,69477,69487,10
12.8971500397,80.2276077271,69487,69497,10
12.8983097076,80.2276611328,69497,69507,10
12.8993196487,80.2277526855,69507,69517,10
12.9000701904,80.2277679443,69517,69527,10
12.9003601074,80.2277526855,69527,69536,9
12.9006204605,80.2277603149,69536,69547,11
12.9009599686,80.2277603149,69547,69557,10
12.9012203217,80.2277984619,69557,69567,10
12.9014701843,80.2278518677,69567,69578,11
12.9022197723,80.227897644,69578,69588,10
12.9028997421,80.2278823853,69588,69608,20
12.9028997421,80.2278823853,69608,69618,10
12.9032297134,80.227897644,69618,69628,10
12.903840065,80.2279586792,69628,69638,10
12.9047203064,80.2280426025,69638,69648,10
12.9056596756,80.2280883789,69648,69658,10
12.90625,80.2281570435,69658,69719,61
12.90625,80.2281570435,69719,69729,10
12.906539917,80.2281188965,69729,69739,10
12.9067602158,80.2281494141,69739,69749,10
12.9068002701,80.2281723022,69749,69759,10
12.906920433,80.2282485962,69759,69769,10
12.9073400497,80.228302002,69769,69779,10
12.9081001282,80.2283782959,69779,69789,10
12.9090099335,80.2285308838,69789,69800,11
12.910490036,80.2287826538,69800,69810,10
12.9117202759,80.2289428711,69810,69820,10
12.9128799438,80.2291030884,69820,69830,10
12.9139204025,80.2292175293,69830,69850,20
12.9139204025,80.2292175293,69850,69860,10
12.914150238,80.2292633057,69860,69870,10
12.9147500992,80.2293167114,69870,69880,10
12.9156398773,80.2294464111,69880,69890,10
12.9166603088,80.2296066284,69890,69900,10
12.9177999496,80.2297515869,69900,69910,10
12.9188699722,80.2299118042,69910,69921,11
12.9193000793,80.2299423218,69921,69937,16
12.9205198288,80.2301330566,69937,69949,12
12.9205198288,80.2301330566,69949,69957,8
12.9212598801,80.23021698,69957,69969,12
12.922539711,80.2303771973,69969,69979,10
12.9237804413,80.2305908203,69979,69988,9
12.9248199463,80.23072052,69988,69999,11
12.9258203506,80.2308578491,69999,70009,10
12.9264097214,80.2309112549,70009,70019,10
12.926440239,80.2309188843,70019,70030,11
12.92689991,80.2309570313,70030,70040,10
12.9276399612,80.2310409546,70040,70050,10
12.9283704758,80.2311782837,70050,70060,10
12.9286003113,80.2311630249,70060,70070,10
12.9286804199,80.2311935425,70070,70080,10
12.9290895462,80.231300354,70080,70090,10
12.9297199249,80.2313919067,70090,70100,10
12.9305801392,80.2316436768,70100,70110,10
12.9314098358,80.231880188,70110,70120,10
12.9324197769,80.232208252,70120,70130,10
12.9335899353,80.2326812744,70130,70149,19
12.9335899353,80.2326812744,70149,70161,12
12.9336996078,80.2327270508,70161,70171,10
12.9341402054,80.2329177856,70171,70181,10
12.9348897934,80.2332611084,70181,70191,10
12.9354696274,80.2335662842,70191,70211,20
12.9354696274,80.2335662842,70211,70221,10
12.9356899261,80.2336578369,70221,70231,10
12.9362401962,80.2339096069,70231,70241,10
12.9370098114,80.2342910767,70241,70252,11
12.9379396439,80.2347335815,70252,70262,10
12.9387702942,80.2351379395,70262,70272,10
12.939620018,80.2355575562,70272,70292,20
12.939620018,80.2355575562,70292,70302,10
12.9398002625,80.2356796265,70302,70312,10
12.9403400421,80.2358703613,70312,70322,10
12.9411697388,80.2360916138,70322,70332,10
12.9420499802,80.2362976074,70332,70342,10
12.9431200027,80.2367935181,70342,70352,10
12.9436903,80.2373275757,70352,70363,11
12.9437799454,80.237487793,70363,70373,10
12.9441099167,80.2378921509,70373,70383,10
12.9446601868,80.2385177612,70383,70393,10
12.9453401566,80.2391967773,70393,70403,10
12.9462203979,80.2395935059,70403,70413,10
12.9469203949,80.2398376465,70413,70423,10
12.9469804764,80.2398529053,70423,70433,10
12.947259903,80.2399597168,70433,70443,10
12.9478797913,80.2402191162,70443,70453,10
12.9487400055,80.2406082153,70453,70504,51
12.9487400055,80.2406082153,70504,70514,10
12.9488697052,80.2406387329,70514,70524,10
12.9493398666,80.2407913208,70524,70534,10
12.9500799179,80.2410202026,70534,70544,10
12.9510803223,80.2413406372,70544,70564,20
12.9510803223,80.2413406372,70564,70574,10
12.9514102936,80.2415008545,70574,70585,11
12.9520797729,80.2417526245,70585,70595,10
12.95291996,80.2420578003,70595,70605,10
12.9536399841,80.2423706055,70605,70615,10
12.9542198181,80.2426071167,70615,70625,10
12.9549598694,80.2428894043,70625,70635,10
12.955739975,80.2432022095,70635,70645,10
12.9561004639,80.2433319092,70645,70655,10
12.9561901093,80.2433166504,70655,70685,30
12.9561901093,80.2433166504,70685,70695,10
12.956609726,80.2435302734,70695,70706,11
12.9574298859,80.2438430786,70706,70716,10
12.9582195282,80.244178772,70716,70726,10
12.9588298798,80.244468689,70726,70736,10
12.9588899612,80.2444610596,70736,70746,10
12.9589500427,80.244468689,70746,70756,10
12.9593296051,80.2446670532,70756,70766,10
12.9599704742,80.2449264526,70766,70776,10
12.9608201981,80.2453384399,70776,70786,10
12.9618501663,80.2458496094,70786,70796,10
12.9628295898,80.2463302612,70796,70806,10
12.9632997513,80.24659729,70806,70867,61
12.9632997513,80.24659729,70867,70877,10
12.963549614,80.2467498779,70877,70887,10
12.964050293,80.2469100952,70887,70897,10
12.9648103714,80.2471694946,70897,70907,10
12.9656896591,80.2474594116,70907,70917,10
12.9666900635,80.2478485107,70917,70938,21
12.9666900635,80.2478485107,70938,70948,10
12.9670200348,80.2480621338,70948,70958,10
12.9676599503,80.248336792,70958,70968,10
12.9685001373,80.2486801147,70968,70978,10
12.9694900513,80.2490997314,70978,70988,10
12.9704303741,80.2494888306,70988,70998,10
12.9713001251,80.2497177124,70998,71008,10
12.9724197388,80.2500305176,71008,71018,10
12.9735202789,80.2502593994,71018,71028,10
12.9743204117,80.2504425049,71028,71039,11
12.9744100571,80.2504577637,71039,71049,10
12.9748802185,80.250617981,71049,71059,10
12.9756603241,80.2508773804,71059,71069,10
12.9766597748,80.251159668,71069,71079,10
12.9777297974,80.2517471313,71079,71095,16
12.9792804718,80.2525405884,71095,71107,12
12.9797000885,80.2524337769,71107,71115,8
12.9798603058,80.2521362305,71115,71137,22
12.9798603058,80.2521362305,71137,71147,10
12.9799098969,80.251953125,71147,71158,11
12.9800796509,80.2514877319,71158,71168,10
12.9803104401,80.2507171631,71168,71178,10
12.9805603027,80.2497406006,71178,71187,9
12.9806995392,80.2486724854,71187,71198,11
12.9808197021,80.2473068237,71198,71208,10
12.9809703827,80.2458572388,71208,71218,10
12.9811096191,80.2446289063,71218,71227,9
12.9811601639,80.243927002,71227,71237,10
12.9812202454,80.243560791,71237,71248,11
12.9813203812,80.2433776855,71248,71258,10
12.9813404083,80.2426986694,71258,71279,21
12.9813404083,80.2426986694,71279,71289,10
12.9813699722,80.2425994873,71289,71299,10
12.9813699722,80.2423400879,71299,71309,10
12.9813699722,80.2418365479,71309,71319,10
12.9813499451,80.2411499023,71319,71329,10
12.9813404083,80.2405319214,71329,71338,9
12.9813299179,80.2399291992,71338,71349,11
12.9812898636,80.2393417358,71349,71359,10
12.9812602997,80.2386322021,71359,71370,11
12.9812498093,80.2379379272,71370,71380,10
12.9812402725,80.2378616333,71380,71390,10
12.9812202454,80.2377700806,71390,71400,10
12.9812297821,80.2373580933,71400,71410,10
12.9812097549,80.2367172241,71410,71420,10
12.9811897278,80.2359313965,71420,71430,10
12.9811897278,80.2351379395,71430,71440,10
12.9811897278,80.2343597412,71440,71450,10
12.9813699722,80.2337188721,71450,71460,10
12.9816102982,80.2332305908,71460,71470,10
12.9816198349,80.2332229614,71470,71480,10
12.9816904068,80.2331085205,71480,71491,11
12.9818696976,80.2326889038,71491,71501,10
12.982000351,80.2322006226,71501,71511,10
12.9819498062,80.2320480347,71511,71521,10
12.9819602966,80.2315673828,71521,71531,10
12.9818496704,80.2310562134,71531,71541,10
12.9816904068,80.2306594849,71541,71551,10
12.9813604355,80.2301177979,71551,71561,10
12.9809799194,80.2295227051,71561,71571,10
12.980799675,80.2292098999,71571,71581,10
12.9806404114,80.229019165,71581,71591,10
12.9806404114,80.2289962769,71591,71601,10
12.9805297852,80.2287979126,71601,71611,10
12.9803199768,80.2284088135,71611,71622,11
12.9801702499,80.2280502319,71622,71632,10
12.9798603058,80.2275390625,71632,71642,10
12.9794797897,80.2268676758,71642,71652,10
12.979060173,80.2261428833,71652,71662,10
12.9785699844,80.2253417969,71662,71672,10
12.9781198502,80.2246398926,71672,71682,10
12.9778299332,80.224319458,71682,71692,10
12.9777297974,80.2242202759,71692,71702,10
12.9775400162,80.2238998413,71702,71712,10
12.9771995544,80.2232971191,71712,71723,11
12.976940155,80.2228088379,71723,71733,10
12.9771404266,80.2226333618,71733,71753,20
12.9771404266,80.2226333618,71753,71769,16
12.9773397446,80.2225036621,71769,71781,12
12.9775400162,80.2221984863,71781,71789,8
12.9774999619,80.221282959,71789,71811,22
12.9774999619,80.221282959,71811,71821,10
12.9776296616,80.2211608887,71821,71831,10
12.9781398773,80.2210922241,71831,71842,11
12.9788103104,80.2209777832,71842,71852,10
12.9793901443,80.2209472656,71852,71859,7
12.9798603058,80.2209396362,71859,71872,13
12.9808301926,80.2208709717,71872,71882,10
12.9813804626,80.2211608887,71882,71892,10
12.9817800522,80.2214813232,71892,71902,10
12.9821796417,80.2216796875,71902,71912,10
12.9824104309,80.2217712402,71912,71922,10
12.9827804565,80.2218780518,71922,71932,10
12.982919693,80.2219696045,71932,71942,10
12.9832296371,80.2221374512,71942,71978,36
12.9832296371,80.2221374512,71978,71988,10
12.9835596085,80.2223434448,71988,71998,10
12.9839897156,80.2226104736,71998,72007,9
12.9842195511,80.2227401733,72007,72018,11
12.9848299026,80.2231063843,72018,72028,10
12.9853496552,80.2232208252,72028,72038,10
12.9857902527,80.2228775024,72038,72048,10
12.9863004684,80.2228164673,72048,72058,10
12.9863700867,80.2228393555,72058,72069,11
12.9868803024,80.2229537964,72069,72079,10
12.9874095917,80.2229614258,72079,72089,10
12.9879398346,80.2227630615,72089,72099,10
12.9882297516,80.2224578857,72099,72109,10
12.9886598587,80.2218704224,72109,72119,10
12.9890604019,80.2211990356,72119,72129,10
12.989859581,80.2203063965,72129,72139,10
12.9903001785,80.220161438,72139,72149,10
12.9904699326,80.220123291,72149,72159,10
12.99077034,80.2198562622,72159,72170,11
12.9912996292,80.2195205688,72170,72200,30
12.9912996292,80.2195205688,72200,72210,10
12.9916400909,80.2192764282,72210,72220,10
12.9921398163,80.2189178467,72220,72230,10
12.9927301407,80.218460083,72230,72240,10
12.9932804108,80.2180175781,72240,72250,10
12.9938497543,80.2176132202,72250,72260,10
12.9942398071,80.217300415,72260,72270,10
12.9945001602,80.2171173096,72270,72280,10
12.9947900772,80.2169418335,72280,72291,11
12.9953899384,80.2166290283,72291,72301,10
12.9959897995,80.2164764404,72301,72311,10
12.9968395233,80.2163009644,72311,72331,20
12.9968395233,80.2163009644,72331,72341,10
12.9973297119,80.2161026001,72341,72351,10
12.9974899292,80.2159805298,72351,72361,10
12.9976997375,80.2158203125,72361,72371,10
12.998049736,80.215423584,72371,72381,10
12.9986495972,80.2148666382,72381,72391,10
12.9990501404,80.2145309448,72391,72402,11
12.9995603561,80.2140731812,72402,72412,10
13.0000295639,80.2136611938,72412,72422,10
13.000579834,80.2130813599,72422,72432,10
13.0009899139,80.2127838135,72432,72442,10
13.0015296936,80.2123413086,72442,72452,10
13.0020399094,80.2120132446,72452,72462,10
13.0025501251,80.2119216919,72462,72472,10
13.003569603,80.2117996216,72472,72492,20
13.003569603,80.2117996216,72492,72502,10
13.0036802292,80.2114334106,72502,72512,10
13.0036201477,80.2107009888,72512,72523,11
13.0035104752,80.209777832,72523,72533,10
13.0036001205,80.2089385986,72533,72543,10
13.0040903091,80.2085800171,72543,72553,10
13.0048904419,80.208946228,72553,72563,10
13.0055799484,80.2092590332,72563,72579,16
13.0069303513,80.2096633911,72579,72673,94
13.0069303513,80.2096633911,72673,72682,9
13.0072402954,80.2097930908,72682,72693,11
13.0077199936,80.2098312378,72693,72703,10
13.0081195831,80.2098007202,72703,72713,10
13.0080003738,80.2092437744,72713,72723,10
13.0078401566,80.2083435059,72723,72733,10
13.0077199936,80.2074279785,72733,72744,11
13.0075502396,80.206413269,72744,72754,10
13.0074901581,80.2053909302,72754,72764,10
13.0074901581,80.2044219971,72764,72774,10
13.0074300766,80.2035217285,72774,72784,10
13.0072202682,80.2025985718,72784,72794,10
13.0065698624,80.2026367188,72794,72804,10
13.0066604614,80.2032699585,72804,72814,10
13.0073299408,80.2035827637,72814,72824,10
13.0082597733,80.2036590576,72824,72834,10
13.0094003677,80.2035980225,72834,72844,10
13.0105800629,80.2035903931,72844,72855,11
13.0118999481,80.203742981,72855,72865,10
13.0129003525,80.203918457,72865,72875,10
13.0135602951,80.2041625977,72875,72885,10
13.0136003494,80.2042617798,72885,72895,10
13.0135803223,80.2044372559,72895,72905,10
13.0135097504,80.2047729492,72905,72915,10
13.013420105,80.2050704956,72915,72925,10
13.0131797791,80.2057418823,72925,72935,10
13.0129804611,80.2065811157,72935,72945,10
13.0129003525,80.2074966431,72945,72955,10
13.012840271,80.2080993652,72955,72966,11
13.0128498077,80.2086334229,72966,72976,10
13.0128602982,80.2088012695,72976,72986,10
13.0129699707,80.2092971802,72986,72996,10
13.0131597519,80.2097473145,72996,73006,10
13.0130996704,80.2103424072,73006,73016,10
13.0129804611,80.2110519409,73016,73026,10
13.0126895905,80.2116317749,73026,73036,10
13.0123500824,80.2122116089,73036,73046,10
13.0121002197,80.2125396729,73046,73056,10
13.011879921,80.2127609253,73056,73066,10
13.0115499496,80.212600708,73066,73076,10
13.01101017,80.2122268677,73076,73087,11
13.010430336,80.2118530273,73087,73097,10
13.0100603104,80.2115402222,73097,73107,10
13.0098199844,80.2112808228,73107,73117,10
13.0095100403,80.2111129761,73117,73188,71
13.0094003677,80.2108306885,73188,73379,191
13.0094003677,80.2108306885,73379,73389,10
13.0091896057,80.211151123,73389,73399,10
13.0089902878,80.2115325928,73399,73409,10
13.0091600418,80.2120895386,73409,73420,11
13.0094604492,80.2130584717,73420,73430,10
13.0098199844,80.2139434814,73430,73440,10
13.0101299286,80.2148208618,73440,73450,10
13.0102796555,80.2157363892,73450,73460,10
13.0106897354,80.2166900635,73460,73470,10
13.0111598969,80.2176589966,73470,73480,10
13.0115203857,80.2187728882,73480,73490,10
13.0118598938,80.2199783325,73490,73500,10
13.0120601654,80.2208175659,73500,73510,10
13.0123701096,80.2216567993,73510,73520,10
13.0127601624,80.2222290039,73520,73530,10
13.0134496689,80.2228775024,73530,73541,11
13.0140199661,80.2236175537,73541,73551,10
13.0144395828,80.2240066528,73551,73561,10
13.0149402618,80.224647522,73561,73581,20
13.0149402618,80.224647522,73581,73591,10
13.0150995255,80.2248077393,73591,73601,10
13.0153198242,80.2251663208,73601,73611,10
13.0152597427,80.2257385254,73611,73621,10
13.0149803162,80.2258605957,73621,73631,10
13.0149402618,80.2259063721,73631,73641,10
13.0145397186,80.2260284424,73641,73658,17
13.0133199692,80.2265396118,73658,73670,12
13.0124101639,80.2268829346,73670,73680,10
13.0115995407,80.2272109985,73680,73690,10
13.0106897354,80.2275695801,73690,73699,9
13.0100097656,80.2278594971,73699,73710,11
13.0095596313,80.2274475098,73710,73718,8
13.0098199844,80.2268981934,73718,73730,12
13.0102701187,80.2259368896,73730,73740,10
13.01060009,80.2250289917,73740,73751,11
13.0108995438,80.2243118286,73751,73760,9
13.0110797882,80.2237930298,73760,73771,11
13.0111598969,80.2233886719,73771,73781,10
13.0111999512,80.2231216431,73781,73791,10
13.0106897354,80.2228088379,73791,73801,10
13.0103502274,80.2226028442,73801,73811,10
13.0100402832,80.2224578857,73811,73821,10
13.0094203949,80.2221298218,73821,73831,10
13.0086097717,80.2217025757,73831,73841,10
13.0077104568,80.2212600708,73841,73851,10
13.0069198608,80.2207565308,73851,73861,10
13.0059900284,80.2204589844,73861,73872,11
13.0049800873,80.2202987671,73872,73882,10
13.0045204163,80.2202377319,73882,73892,10
13.0041904449,80.220123291,73892,73902,10
13.0034999847,80.2199707031,73902,73912,10
13.0026798248,80.2196426392,73912,73922,10
13.0020303726,80.2190628052,73922,73932,10
13.0014696121,80.2184371948,73932,73942,10
13.0008897781,80.2180633545,73942,73952,10
13.0003404617,80.2177124023,73952,73962,10
12.9996700287,80.2173080444,73962,73972,10
12.9990196228,80.2170028687,73972,73982,10
12.9980802536,80.2165679932,73982,73993,11
12.9977502823,80.2165374756,73993,74003,10
12.997420311,80.2165222168,74003,74023,20
12.997420311,80.2165222168,74023,74033,10
12.9970197678,80.216506958,74033,74043,10
12.9967699051,80.2165222168,74043,74053,10
12.9961900711,80.2166137695,74053,74063,10
12.9953699112,80.2168121338,74063,74073,10
12.9948501587,80.2171325684,74073,74083,10
12.9940500259,80.2177505493,74083,74093,10
12.9933595657,80.21824646,74093,74104,11
12.9929704666,80.2185821533,74104,74114,10
12.9924602509,80.218963623,74114,74124,10
12.9916000366,80.2195663452,74124,74135,11
12.9911899567,80.2198410034,74135,74144,9
12.9909601212,80.2200393677,74144,74175,31
12.9909601212,80.2200393677,74175,74185,10
12.9907503128,80.2201690674,74185,74195,10
12.990480423,80.2204208374,74195,74206,11
12.9900102615,80.2209014893,74206,74216,10
12.9894895554,80.2214584351,74216,74226,10
12.9890899658,80.2219619751,74226,74236,10
12.9886102676,80.2224197388,74236,74246,10
12.9880800247,80.2228775024,74246,74256,10
12.9876203537,80.2230911255,74256,74266,10
12.9876003265,80.2230911255,74266,74276,10
12.9873304367,80.2230224609,74276,74286,10
12.9869804382,80.2229766846,74286,74296,10
12.9867200851,80.2229385376,74296,74306,10
12.986579895,80.2229309082,74306,74316,10
12.9863395691,80.2229614258,74316,74327,11
12.9857196808,80.2230072021,74327,74337,10
12.9853200912,80.2232437134,74337,74347,10
12.9848203659,80.2230911255,74347,74357,10
12.9844398499,80.2228622437,74357,74367,10
12.9841995239,80.2227325439,74367,74377,10
12.9839200974,80.2225723267,74377,74387,10
12.9835596085,80.222328186,74387,74397,10
12.9832801819,80.2220916748,74397,74407,10
12.9832496643,80.2220611572,74407,74417,10
12.9830999374,80.2220230103,74417,74427,10
12.9828300476,80.2219772339,74427,74437,10
12.9825897217,80.2218170166,74437,74448,11
12.9820604324,80.2216415405,74448,74457,9
12.9816398621,80.2213363647,74457,74468,11
12.980799675,80.2210388184,74468,74478,10
12.9800701141,80.2210769653,74478,74488,10
12.9791603088,80.2211303711,74488,74498,10
12.9784097672,80.2211532593,74498,74508,10
12.9777698517,80.2212219238,74508,74518,10
12.9768695831,80.2212600708,74518,74528,10
12.9762201309,80.2213287354,74528,74538,10
12.9764003754,80.2216491699,74538,74579,41
12.9764003754,80.2216491699,74579,74589,10
12.976269722,80.2219390869,74589,74599,10
12.9764204025,80.2220001221,74599,74609,10
12.9766197205,80.2223129272,74609,74619,10
12.9769496918,80.2228088379,74619,74629,10
12.9773101807,80.2234268188,74629,74639,10
12.9777498245,80.2241363525,74639,74649,10
12.9781398773,80.2247390747,74649,74659,10
12.9784297943,80.2252120972,74659,74670,11
12.9787197113,80.2257080078,74670,74680,10
12.9790897369,80.2263183594,74680,74690,10
12.97935009,80.2267913818,74690,74700,10
12.9796600342,80.2273635864,74700,74710,10
12.9800796509,80.2280807495,74710,74720,10
12.9806203842,80.2289123535,74720,74730,10
12.9809503555,80.2294387817,74730,74740,10
12.9812402725,80.2300186157,74740,74750,10
12.9815502167,80.2304763794,74750,74760,10
12.9815797806,80.2304916382,74760,74770,10
12.9817199707,80.2306594849,74770,74781,11
12.9818897247,80.231010437,74781,74791,10
12.9820404053,80.2316513062,74791,74801,10
12.9820203781,80.2323226929,74801,74811,10
12.9818897247,80.2328567505,74811,74821,10
12.9815597534,80.233581543,74821,74841,20
12.9815597534,80.233581543,74841,74850,9
12.9815101624,80.2337188721,74850,74861,11
12.9814195633,80.2339096069,74861,74871,10
12.9812097549,80.2344589233,74871,74881,10
12.9812002182,80.2353515625,74881,74892,11
12.9812202454,80.2363967896,74892,74902,10
12.9812498093,80.2373428345,74902,74912,10
12.9812402725,80.2381362915,74912,74922,10
12.9812898636,80.2387237549,74922,74942,20
12.9812898636,80.2387237549,74942,74952,10
12.9813098907,80.238861084,74952,74962,10
12.981300354,80.239440918,74962,74972,10
12.981300354,80.2399215698,74972,74982,10
12.9813203812,80.2407073975,74982,74992,10
12.9813404083,80.2416305542,74992,75002,10
12.9813995361,80.2429199219,75002,75023,21
12.9813995361,80.2429199219,75023,75033,10
12.9813804626,80.2431716919,75033,75043,10
12.9813203812,80.2438430786,75043,75053,10
12.9811697006,80.2448196411,75053,75063,10
12.9810400009,80.2459869385,75063,75073,10
12.980919838,80.2472763062,75073,75083,10
12.9808101654,80.2486801147,75083,75093,10
12.9806203842,80.2501220703,75093,75103,10
12.9802703857,80.2514419556,75103,75113,10
12.9801197052,80.2521972656,75113,75124,11
12.9800701141,80.2523117065,75124,75134,10
12.980050087,80.2523574829,75134,75144,10
12.9802398682,80.2525787354,75144,75154,10
12.9807901382,80.2526016235,75154,75164,10
12.9817304611,80.252571106,75164,75174,10
12.9829502106,80.2524871826,75174,75190,16
12.9851198196,80.2520370483,75190,75202,12
12.9864597321,80.2516784668,75202,75211,9
12.9876699448,80.2513275146,75211,75313,102
12.9876699448,80.2513275146,75313,75323,10
12.9879302979,80.2515029907,75323,75333,10
12.9880304337,80.2520980835,75333,75342,9
12.9879703522,80.2527999878,75342,75354,12
12.9878196716,80.2540969849,75354,75364,10
12.9877700806,80.254989624,75364,75374,10
12.9877195358,80.2555007935,75374,75485,111
12.9877195358,80.2555007935,75485,75495,10
12.9877099991,80.2556304932,75495,75505,10
12.9879302979,80.255821228,75505,75515,10
12.988120079,80.2558135986,75515,75525,10
12.988240242,80.255821228,75525,75535,10
12.9884595871,80.2558364868,75535,75545,10
12.9886398315,80.255859375,75545,75555,10
12.9889297485,80.2558364868,75555,75566,11
12.9891004562,80.2558822632,75566,75576,10
12.9896402359,80.2558822632,75576,75586,10
12.9904403687,80.255859375,75586,75596,10
12.9910097122,80.2559204102,75596,75606,10
12.9917602539,80.2558898926,75606,75616,10
12.9927797318,80.2558898926,75616,75625,9
12.9933595657,80.2558135986,75625,75636,11
12.99421978,80.2557983398,75636,75646,10
12.995059967,80.2557830811,75646,75656,10
12.9959897995,80.2557373047,75656,75666,10
12.9967002869,80.2557373047,75666,75727,61
12.9967002869,80.2557373047,75727,75737,10
12.9969701767,80.2557525635,75737,75747,10
12.9972696304,80.2557678223,75747,75757,10
12.9975795746,80.255821228,75757,75777,20
12.9975795746,80.255821228,75777,75787,10
12.9977502823,80.2561721802,75787,75797,10
12.9977798462,80.256477356,75797,77150,1353
12.9977798462,80.256477356,77150,77160,10
12.997710228,80.2565383911,77160,77657,497
12.9976596832,80.256439209,77657,77768,111
12.9976701736,80.2564620972,77768,78343,575
12.9976701736,80.2564620972,78343,78353,10
12.9979400635,80.2564926147,78353,78565,212
12.9975795746,80.256477356,78565,79080,515
12.9978103638,80.2565536499,79080,79322,242
12.9977502823,80.2566223145,79322,79766,444
12.9977502823,80.2566223145,79766,79776,10
12.9976797104,80.2567977905,79776,80089,313
12.9976797104,80.2567977905,80089,80099,10
12.9977798462,80.2571029663,80099,80109,10
12.9979200363,80.2570877075,80109,80119,10
12.9984197617,80.2571105957,80119,80291,172
12.9984197617,80.2571105957,80291,80301,10
12.9985799789,80.2571182251,80301,81537,1236
12.9985799789,80.2571182251,81537,81547,10
12.9986600876,80.257232666,81547,81671,124
12.9986600876,80.257232666,81671,81681,10
12.9985599518,80.2570800781,81681,82228,547
12.9984798431,80.2571487427,82228,82436,208
12.9984798431,80.2571487427,82436,82460,24
12.9985599518,80.2570877075,82460,83076,616
12.9985599518,80.2570877075,83076,83094,18
12.9984998703,80.2569885254,83094,83104,10
12.9984998703,80.2569580078,83104,83114,10
12.9985198975,80.2571411133,83114,83481,367
12.9984798431,80.2571487427,83481,83884,403
12.9986200333,80.2571868896,83884,84166,282
12.9984502792,80.2570877075,84166,84230,64
12.9984502792,80.2570877075,84230,84239,9
12.9988203049,80.257232666,84239,84346,107
12.9985399246,80.2570877075,84346,84394,48
12.9985399246,80.2570877075,84394,84404,10
