13.0759000778,80.2753372192,12,5648,5636
13.076259613,80.2754135132,5648,8697,3049
13.0760202408,80.2753829956,8697,8960,263
13.076089859,80.2754135132,8960,9445,485
13.076089859,80.2754135132,9445,9455,10
13.0761203766,80.2753829956,9455,9536,81
13.0761098862,80.2753295898,9536,9566,30
13.0761098862,80.2753295898,9566,9576,10
13.0761404037,80.2753372192,9576,9597,21
13.0761404037,80.2753372192,9597,9607,10
13.0761203766,80.2753295898,9607,12767,3160
13.0760698318,80.2752990723,12767,12908,141
13.0760698318,80.2752990723,12908,12918,10
13.0758695602,80.2754135132,12918,12929,11
13.0757703781,80.2754592896,12929,12938,9
13.0759401321,80.2757110596,12938,12949,11
13.0761203766,80.275970459,12949,12959,10
13.0760803223,80.275932312,12959,12969,10
13.0760498047,80.2759017944,12969,12979,10
13.075969696,80.2757034302,12979,12989,10
13.0759496689,80.2756271362,12989,12999,10
13.0760402679,80.2755813599,12999,13019,20
13.0758895874,80.2756271362,13019,13039,20
13.0758895874,80.2756271362,13039,13049,10
13.0758304596,80.2754516602,13049,13060,11
13.0760202408,80.2757034302,13060,13070,10
13.0761404037,80.2758102417,13070,13080,10
13.0761699677,80.2758407593,13080,13090,10
13.0755701065,80.2753372192,13090,13100,10
13.0762796402,80.2763214111,13100,13110,10
13.0763902664,80.276512146,13110,13120,10
13.0763597488,80.2763519287,13120,13130,10
13.0760402679,80.275932312,13130,13140,10
13.0757598877,80.2755737305,13140,13150,10
13.0756502151,80.2754364014,13150,13161,11
13.075969696,80.2755508423,13161,13292,131
13.075969696,80.2755508423,13292,13302,10
13.075750351,80.2758102417,13302,13312,10
13.0756101608,80.2755203247,13312,13322,10
13.0760602951,80.2759094238,13322,13332,10
13.0759096146,80.2758102417,13332,13342,10
13.0757799149,80.275642395,13342,13352,10
13.0758199692,80.2753601074,13352,13383,31
13.0758199692,80.2753601074,13383,13393,10
13.0763397217,80.276008606,13393,13403,10
13.0757198334,80.2755889893,13403,13433,30
13.0757598877,80.2756576538,13433,13484,51
13.0757198334,80.2756195068,13484,13645,161
13.0757198334,80.2754974365,13645,13746,101
13.0757799149,80.2755508423,13746,13787,41
13.0757303238,80.2754974365,13787,13877,90
13.0757303238,80.2754974365,13877,13887,10
13.0757703781,80.2754135132,13887,13988,101
13.0756797791,80.275680542,13988,14009,21
13.0756797791,80.275680542,14009,14019,10
13.0756196976,80.2757720947,14019,14039,20
13.0756196976,80.2757720947,14039,14049,10
13.0758304596,80.2755584717,14049,14059,10
13.0758895874,80.2753372192,14059,14069,10
13.075920105,80.2752075195,14069,14079,10
13.0757799149,80.2757415771,14079,14089,10
13.0758600235,80.275680542,14089,14100,11
13.0759000778,80.2757492065,14100,14110,10
13.0759096146,80.275680542,14110,14120,10
13.0757598877,80.2756576538,14120,14130,10
13.075799942,80.2755737305,14130,14200,70
13.0755395889,80.2756881714,14200,14281,81
13.0755395889,80.2756881714,14281,14291,10
13.0758104324,80.2754364014,14291,14301,10
13.0758199692,80.275352478,14301,14675,374
13.0758199692,80.275352478,14675,14685,10
13.0758399963,80.2756881714,14685,14897,212
13.0759897232,80.274848938,14897,15463,566
13.0759897232,80.274848938,15463,15473,10
13.0756902695,80.2755584717,15473,15483,10
13.0756998062,80.2754592896,15483,15493,10
13.0757198334,80.2753829956,15493,15503,10
13.0757398605,80.2753677368,15503,15513,10
13.0756196976,80.2755966187,15513,15523,10
13.0756196976,80.2757415771,15523,15533,10
13.0757198334,80.2753829956,15533,15695,162
13.0757198334,80.2753829956,15695,15705,10
13.0756597519,80.2754211426,15705,15715,10
13.0755796432,80.2755737305,15715,15725,10
13.075460434,80.2756729126,15725,15735,10
13.0756902695,80.2755126953,15735,15745,10
13.075750351,80.2755966187,15745,15755,10
13.0759000778,80.2757415771,15755,15765,10
13.0758399963,80.275718689,15765,15776,11
13.075799942,80.2754821777,15776,15816,40
13.075799942,80.2754821777,15816,15826,10
13.0757198334,80.2754669189,15826,15836,10
13.0757102966,80.2755584717,15836,15907,71
13.075510025,80.2754592896,15907,15927,20
13.075510025,80.2754592896,15927,15937,10
13.0757598877,80.2755966187,15937,15947,10
13.0757198334,80.2755203247,15947,15957,10
13.0756998062,80.2756729126,15957,15967,10
13.0757799149,80.2757415771,15967,15988,21
13.0757398605,80.2759094238,15988,16028,40
13.0757398605,80.2759094238,16028,16038,10
13.0757703781,80.2758636475,16038,16079,41
13.0756101608,80.2758712769,16079,16170,91
13.0756101608,80.2758712769,16170,16180,10
13.0757303238,80.2755432129,16180,16211,31
13.0759000778,80.2753219604,16211,16231,20
13.0759000778,80.2753219604,16231,16241,10
13.0760202408,80.2750930786,16241,16251,10
13.0755901337,80.2754592896,16251,16372,121
13.0755901337,80.2754592896,16372,16382,10
13.0753602982,80.2753982544,16382,16393,11
13.0758600235,80.2754364014,16393,16423,30
13.0758600235,80.2754364014,16423,16433,10
13.0755796432,80.2756195068,16433,16443,10
13.0754899979,80.2755126953,16443,16453,10
13.0755796432,80.2754821777,16453,16463,10
13.0757303238,80.2754516602,16463,16473,10
13.0757198334,80.2755203247,16473,16483,10
13.075630188,80.2756118774,16483,16494,11
13.0756196976,80.2756195068,16494,16504,10
13.0756502151,80.2754821777,16504,16574,70
13.0756502151,80.2754821777,16574,16584,10
13.0758104324,80.2760009766,16584,16594,10
13.0757799149,80.2755889893,16594,16605,11
13.0758495331,80.2755432129,16605,16726,121
13.0757598877,80.2755737305,16726,16746,20
13.0757598877,80.2755737305,16746,16756,10
13.0756902695,80.2756195068,16756,16766,10
13.0757598877,80.2755432129,16766,16786,20
13.0758304596,80.2755432129,16786,16817,31
13.0760402679,80.2757415771,16817,16847,30
13.0760402679,80.2757415771,16847,16857,10
13.0757398605,80.2754211426,16857,16867,10
13.0757398605,80.2753829956,16867,16877,10
13.075630188,80.2752838135,16877,16887,10
13.0756196976,80.2753601074,16887,16907,20
13.0755395889,80.2752838135,16907,16928,21
13.0755395889,80.2752838135,16928,16938,10
13.0756597519,80.2755203247,16938,16958,20
13.0756597519,80.2755203247,16958,16968,10
13.0759601593,80.275642395,16968,16978,10
13.0753898621,80.2751235962,16978,17089,111
13.0753898621,80.2751235962,17089,17099,10
13.0756597519,80.2756271362,17099,17109,10
13.0758600235,80.2755203247,17109,17119,10
13.0758304596,80.2753601074,17119,17140,21
13.0758304596,80.2753601074,17140,17150,10
13.0757198334,80.2756271362,17150,17160,10
13.0756502151,80.2754669189,17160,17170,10
13.0755901337,80.2754211426,17170,17190,20
13.0755901337,80.2754211426,17190,17200,10
13.0757198334,80.2757034302,17200,17210,10
13.0758104324,80.2756576538,17210,17220,10
13.0756998062,80.2755508423,17220,17271,51
13.0756998062,80.2755508423,17271,17281,10
13.0757398605,80.275642395,17281,17291,10
13.0757799149,80.2754898071,17291,17301,10
13.0758304596,80.2754135132,17301,17311,10
13.0757598877,80.2755203247,17311,17322,11
13.0757398605,80.2755126953,17322,17332,10
13.075799942,80.2754592896,17332,17352,20
13.075799942,80.2754592896,17352,17362,10
13.0757198334,80.2755432129,17362,17372,10
13.0757102966,80.2755889893,17372,17382,10
13.0759096146,80.2756576538,17382,17392,10
13.0757303238,80.2755126953,17392,17402,10
13.0754995346,80.2753601074,17402,17513,111
13.0754995346,80.2753601074,17513,17523,10
13.0756902695,80.2755432129,17523,17564,41
13.0756902695,80.2755432129,17564,17574,10
13.075750351,80.2756195068,17574,17604,30
13.075750351,80.2756195068,17604,17614,10
13.0757598877,80.2755279541,17614,17634,20
13.0756196976,80.2754516602,17634,17685,51
13.0756902695,80.2755813599,17685,18270,585
13.0757398605,80.2755279541,18270,18937,667
13.0758495331,80.2754821777,18937,19331,394
13.0756196976,80.2757034302,19331,19442,111
13.0756797791,80.2753219604,19442,19472,30
13.0756502151,80.2754974365,19472,19714,242
13.0757598877,80.2755432129,19714,19795,81
13.0757598877,80.2755432129,19795,19800,5
13.0757598877,80.2755432129,19800,19815,15
13.0757799149,80.2755432129,19815,19946,131
13.0757703781,80.2755584717,19946,20431,485
13.0756702423,80.275680542,20431,20653,222
13.0757198334,80.2755584717,20653,21582,929
13.0758800507,80.2755508423,21582,21663,81
13.0757303238,80.2755432129,21663,23329,1666
13.0757303238,80.2755432129,23329,23339,10
13.0760002136,80.2756729126,23339,23349,10
13.0760602951,80.275932312,23349,23931,582
13.0758895874,80.2762527466,23931,23961,30
13.0758895874,80.2762527466,23961,23971,10
13.0761299133,80.2763137817,23971,23981,10
13.0764598846,80.2762832642,23981,23991,10
13.0769901276,80.2762298584,23991,24001,10
13.0776596069,80.2761917114,24001,24011,10
13.0782403946,80.2756271362,24011,24021,10
13.0787496567,80.2751083374,24021,24022,1
13.0788202286,80.2751083374,24022,24062,40
13.0796003342,80.2752838135,24062,24072,10
13.079870224,80.2753067017,24072,24082,10
13.0800600052,80.2752990723,24082,24092,10
13.0802698135,80.2752685547,24092,24102,10
13.0804395676,80.2752532959,24102,24112,10
13.0806999207,80.2752304077,24112,24122,10
13.0813598633,80.2751617432,24122,24209,87
13.0813598633,80.2751617432,24209,24219,10
13.0816202164,80.2751693726,24219,24229,10
13.0819702148,80.2752685547,24229,24260,31
13.0820798874,80.2755584717,24260,24980,720
13.0820598602,80.275932312,24980,25061,81
13.0820598602,80.275932312,25061,25071,10
13.0818595886,80.2764205933,25071,25080,9
13.0817899704,80.2770309448,25080,25092,12
13.0817804337,80.2779922485,25092,25102,10
13.0821895599,80.2783203125,25102,25112,10
13.0827198029,80.2782897949,25112,25122,10
13.0831203461,80.2781677246,25122,25132,10
13.0833797455,80.2782592773,25132,25142,10
13.0835199356,80.278678894,25142,25152,10
13.0834703445,80.279083252,25152,25162,10
13.0831804276,80.2789306641,25162,25172,10
13.0823898315,80.2785568237,25172,25182,10
13.0819997787,80.2781677246,25182,25192,10
13.0819597244,80.2775421143,25192,25203,11
13.081700325,80.2764511108,25203,25213,10
13.0816297531,80.2759780884,25213,25293,80
13.0816001892,80.2755889893,25293,25334,41
13.0816001892,80.2755889893,25334,25344,10
13.0815000534,80.2752838135,25344,25354,10
13.0811700821,80.2751998901,25354,25364,10
13.0806503296,80.2752609253,25364,25374,10
13.0798902512,80.2753295898,25374,25384,10
13.0790901184,80.2752304077,25384,25394,10
13.0783700943,80.2754821777,25394,25404,10
13.0779895782,80.2762069702,25404,25415,11
13.0769500732,80.2762908936,25415,25425,10
13.0761003494,80.2763519287,25425,25435,10
13.0758304596,80.2763214111,25435,25445,10
13.0754699707,80.2763366699,25445,25455,10
13.074760437,80.2763214111,25455,25471,16
13.073559761,80.2764205933,25471,25483,12
13.0728197098,80.2756500244,25483,25491,8
13.0722198486,80.2750015259,25491,25503,12
13.0712604523,80.2744827271,25503,25513,10
13.0708303452,80.2743530273,25513,25524,11
13.0707597733,80.2742614746,25524,25533,9
13.0705404282,80.2739028931,25533,25544,11
13.0701999664,80.2732696533,25544,25554,10
13.069609642,80.2725524902,25554,25564,10
13.0689401627,80.2719116211,25564,25572,8
13.0686597824,80.2718887329,25572,25583,11
13.0683002472,80.2716369629,25583,25593,10
13.0680999756,80.2712402344,25593,25604,11
13.0675401688,80.2705688477,25604,25613,9
13.0669698715,80.2700271606,25613,25624,11
13.0665597916,80.2694168091,25624,25635,11
13.0664300919,80.2685394287,25635,25645,10
13.0659599304,80.2678604126,25645,25655,10
13.0653600693,80.2675704956,25655,25665,10
13.0651197433,80.2675704956,25665,25676,11
13.0644598007,80.2673797607,25676,25686,10
13.0636301041,80.267288208,25686,25696,10
13.0627803802,80.2670822144,25696,25706,10
13.0622301102,80.2664489746,25706,25716,10
13.0617399216,80.26587677,25716,25726,10
13.0612297058,80.2652587891,25726,25737,11
13.0605201721,80.2654037476,25737,25757,20
13.0605201721,80.2654037476,25757,25767,10
13.0601997375,80.2655487061,25767,25777,10
13.059510231,80.2655181885,25777,25787,10
13.058839798,80.2655105591,25787,25797,10
13.0581598282,80.2651596069,25797,25807,10
13.0580701828,80.2643814087,25807,25817,10
13.0580196381,80.2635192871,25817,25827,10
13.0579004288,80.2625732422,25827,25837,10
13.0577297211,80.26171875,25837,25848,11
13.0574903488,80.2606201172,25848,25858,10
13.0571899414,80.2596588135,25858,25868,10
13.0568399429,80.2586288452,25868,25878,10
13.0566701889,80.2576980591,25878,25888,10
13.0565595627,80.2572402954,25888,25898,10
13.0564498901,80.2568893433,25898,25908,10
13.0562200546,80.2562713623,25908,25918,10
13.0557098389,80.2555770874,25918,25928,10
13.0550899506,80.2547225952,25928,25938,10
13.0543899536,80.2538299561,25938,25949,11
13.0536203384,80.2527923584,25949,25959,10
13.0529203415,80.2518234253,25959,25969,10
13.0522499084,80.2509002686,25969,25979,10
13.0514001846,80.250213623,25979,25989,10
13.0501899719,80.2499008179,25989,25999,10
13.0489501953,80.2497406006,25999,26009,10
13.0479803085,80.2492523193,26009,26019,10
13.0472002029,80.248626709,26019,26029,10
13.0468902588,80.2485275269,26029,26039,10
13.0463104248,80.2484283447,26039,26049,10
13.045539856,80.2482070923,26049,26060,11
13.0445804596,80.248008728,26060,26070,10
13.0436496735,80.2478790283,26070,26080,10
13.0427999496,80.2477035522,26080,26090,10
13.0418796539,80.2474899292,26090,26100,10
13.040769577,80.247253418,26100,26110,10
13.0395898819,80.2470016479,26110,26119,9
13.0387001038,80.2468109131,26119,26129,10
13.0377502441,80.2466506958,26129,26140,11
13.0367002487,80.2464599609,26140,26150,10
13.0359897614,80.2462615967,26150,26161,11
13.0355701447,80.2461166382,26161,26171,10
13.0352602005,80.2460021973,26171,26181,10
13.0351800919,80.2459487915,26181,26191,10
13.0348300934,80.2456665039,26191,26201,10
13.0344200134,80.2451019287,26201,26211,10
13.0338897705,80.2444381714,26211,26221,10
13.0332202911,80.2436981201,26221,26231,10
13.0326595306,80.2428588867,26231,26241,10
13.0320796967,80.2420425415,26241,26251,10
13.0316896439,80.2411804199,26251,26261,10
13.03125,80.240272522,26261,26272,11
13.0308599472,80.2393798828,26272,26282,10
13.0303897858,80.2385635376,26282,26292,10
13.029800415,80.2375030518,26292,26302,10
13.0290298462,80.2366409302,26302,26312,10
13.0280399323,80.2355194092,26312,26321,9
13.0274095535,80.2344894409,26321,26332,11
13.0267601013,80.2334365845,26332,26342,10
13.0263004303,80.2324523926,26342,26352,10
13.0261297226,80.2316970825,26352,26362,10
13.0259599686,80.2310409546,26362,26373,11
13.0255403519,80.2301635742,26373,26383,10
13.0250196457,80.2294616699,26383,26393,10
13.024479866,80.2287979126,26393,26403,10
13.0239696503,80.2282333374,26403,26413,10
13.0234498978,80.2276535034,26413,26453,40
13.0234498978,80.2276535034,26453,26463,10
13.0233097076,80.227432251,26463,26473,10
13.0230102539,80.227180481,26473,26484,11
13.022600174,80.2268066406,26484,26494,10
13.02202034,80.2263031006,26494,26504,10
13.0211896896,80.2256393433,26504,26514,10
13.0202903748,80.2250289917,26514,26524,10
13.0194702148,80.2245178223,26524,26534,10
13.0184402466,80.2246398926,26534,26544,10
13.0173902512,80.2250595093,26544,26554,10
13.016409874,80.2253570557,26554,26564,10
13.0158195496,80.2256393433,26564,26574,10
13.015250206,80.2258377075,26574,26590,16
13.0145101547,80.2261886597,26590,26622,32
13.0145101547,80.2261886597,26622,26633,11
13.0142602921,80.2262420654,26633,26643,10
13.0138101578,80.2264328003,26643,26652,9
13.0133199692,80.2266311646,26652,26663,11
13.0124597549,80.2269973755,26663,26673,10
13.0115995407,80.2273178101,26673,26683,10
13.010720253,80.2276687622,26683,26694,11
13.0097503662,80.2280578613,26694,26704,10
13.0091400146,80.2286300659,26704,26714,10
13.0089797974,80.2295303345,26714,26724,10
13.0088300705,80.2303009033,26724,26734,10
13.0087099075,80.2309417725,26734,26744,10
13.0085897446,80.2315216064,26744,26754,10
13.0084400177,80.2322235107,26754,26764,10
13.0082998276,80.2329711914,26764,26772,8
13.0082397461,80.233581543,26772,26784,12
13.0082101822,80.2336807251,26784,26794,10
13.0081596375,80.2337799072,26794,26805,11
13.0080795288,80.2341690063,26805,26815,10
13.0079603195,80.2347488403,26815,26825,10
13.0078201294,80.2354507446,26825,26835,10
13.0076398849,80.236328125,26835,26845,10
13.0074501038,80.2373504639,26845,26855,10
13.0072898865,80.238319397,26855,26865,10
13.0071401596,80.2390365601,26865,26875,10
13.0069704056,80.2398834229,26875,26895,20
13.0069704056,80.2398834229,26895,26905,10
13.0069904327,80.2401428223,26905,26916,11
13.0068998337,80.2406082153,26916,26926,10
13.0068397522,80.2407989502,26926,26936,10
13.0067796707,80.2411880493,26936,26946,10
13.0067501068,80.2419433594,26946,26956,10
13.0067300797,80.2429199219,26956,26966,10
13.0066995621,80.2437973022,26966,26976,10
13.0066795349,80.244682312,26976,26986,10
13.0067100525,80.2457809448,26986,26996,10
13.0067396164,80.2473831177,26996,27027,31
13.0067396164,80.2473831177,27027,27037,10
13.0065803528,80.2474594116,27037,27047,10
13.0062198639,80.2474365234,27047,27057,10
13.0061798096,80.2474365234,27057,27067,10
13.0059900284,80.2474365234,27067,27077,10
13.0054197311,80.2474212646,27077,27087,10
13.0045604706,80.2474517822,27087,27097,10
13.0035600662,80.2475814819,27097,27107,10
13.0026397705,80.2477035522,27107,27117,10
13.0018796921,80.2478637695,27117,27128,11
13.0008897781,80.2481307983,27128,27138,10
12.9997701645,80.2483978271,27138,27148,10
12.9985599518,80.2487030029,27148,27158,10
12.9973602295,80.2489929199,27158,27168,10
12.9961395264,80.2493209839,27168,27178,10
12.9948997498,80.2496414185,27178,27188,10
12.9936504364,80.2499465942,27188,27198,10
12.9924201965,80.25025177,27198,27208,10
12.9913797379,80.250541687,27208,27217,9
12.991109848,80.2506103516,27217,27229,12
12.9907598495,80.2507095337,27229,27239,10
12.9901304245,80.2508621216,27239,27249,10
12.9892902374,80.2510528564,27249,27259,10
12.9881696701,80.251373291,27259,27279,20
12.9881696701,80.251373291,27279,27289,10
12.9879798889,80.2514038086,27289,27299,10
12.9877796173,80.2514266968,27299,27309,10
12.9872503281,80.2515716553,27309,27319,10
12.986410141,80.2517929077,27319,27329,10
12.9855203629,80.2520294189,27329,27340,11
12.9842500687,80.2523574829,27340,27350,10
12.9830598831,80.2526092529,27350,27360,10
12.9818496704,80.2526626587,27360,27370,10
12.9807300568,80.2527084351,27370,27380,10
12.9801998138,80.252746582,27380,27390,10
12.9799003601,80.2527236938,27390,27400,10
12.979470253,80.2526702881,27400,27410,10
12.978969574,80.2526397705,27410,27420,10
12.9785404205,80.252532959,27420,27430,10
12.9781599045,80.252281189,27430,27441,11
12.9774904251,80.2516708374,27441,27451,10
12.9765501022,80.2512207031,27451,27461,10
12.9754104614,80.2509231567,27461,27471,10
12.9742898941,80.2506027222,27471,27481,10
12.9732503891,80.2502975464,27481,27491,10
12.9721899033,80.250038147,27491,27501,10
12.9710798264,80.2497406006,27501,27511,10
12.9700098038,80.249420166,27511,27521,10
12.9689397812,80.2489776611,27521,27531,10
12.9679803848,80.2486114502,27531,27541,10
12.9671802521,80.2482376099,27541,27552,11
12.9662904739,80.2478027344,27552,27562,10
12.9654502869,80.2474594116,27562,27572,10
12.9650602341,80.2473526001,27572,27582,10
12.9649600983,80.2473068237,27582,27592,10
12.9645595551,80.2471389771,27592,27602,10
12.9638500214,80.2468566895,27602,27612,10
12.9632997513,80.2466201782,27612,27622,10
12.9626102448,80.2462768555,27622,27632,10
12.961689949,80.2458496094,27632,27642,10
12.9606199265,80.2453536987,27642,27652,10
12.959569931,80.2449035645,27652,27663,11
12.9593400955,80.2447967529,27663,27673,10
12.9592695236,80.244758606,27673,27683,10
12.9591798782,80.2446975708,27683,27693,10
12.9587497711,80.2444992065,27693,27709,16
12.9577198029,80.2440338135,27709,27721,12
12.9569597244,80.2438278198,27721,27729,8
12.9564800262,80.2436523438,27729,27741,12
12.9562397003,80.243598938,27741,27751,10
12.9556999207,80.2433013916,27751,27761,10
12.9549598694,80.2429275513,27761,27772,11
12.9539403915,80.2424926758,27772,27782,10
12.9528799057,80.2420806885,27782,27791,9
12.9519500732,80.2417602539,27791,27802,11
12.9516401291,80.2416610718,27802,27811,9
12.95154953,80.2416305542,27811,27822,11
12.9509296417,80.2414016724,27822,27832,10
12.9499998093,80.2411499023,27832,27842,10
12.9491701126,80.2408599854,27842,27862,20
12.9491701126,80.2408599854,27862,27873,11
12.9487600327,80.2406921387,27873,27883,10
12.9480695724,80.2404022217,27883,27893,10
12.9474000931,80.2401275635,27893,27903,10
12.9472999573,80.2400970459,27903,27913,10
12.947259903,80.2400970459,27913,27923,10
12.9468603134,80.239906311,27923,27933,10
12.9461402893,80.2395935059,27933,27943,10
12.9452896118,80.2391281128,27943,27953,10
12.9444999695,80.2383422852,27953,27969,16
12.9432001114,80.2369689941,27969,27982,13
12.9417104721,80.236289978,27982,27992,10
12.9406003952,80.236076355,27992,28002,10
12.9399204254,80.2358779907,28002,28012,10
12.9398803711,80.2358398438,28012,28022,10
12.9398202896,80.235786438,28022,28032,10
12.9394197464,80.2356033325,28032,28042,10
12.9386501312,80.2352218628,28042,28052,10
12.9377698898,80.2347793579,28052,28063,11
12.9366703033,80.2342605591,28063,28073,10
12.9357500076,80.2338180542,28073,28084,11
12.9347496033,80.2333679199,28084,28094,10
12.9341802597,80.2331390381,28094,28104,10
12.9339599609,80.2330322266,28104,28114,10
12.9339504242,80.2330169678,28114,28124,10
12.9335899353,80.2328567505,28124,28134,10
12.9329004288,80.2325973511,28134,28144,10
12.932009697,80.2322463989,28144,28160,16
12.930270195,80.2316894531,28160,28172,12
12.9287595749,80.2313537598,28172,28180,8
12.9277200699,80.2312011719,28180,28192,12
12.9264802933,80.2310791016,28192,28203,11
12.9261398315,80.2310409546,28203,28213,10
12.9259996414,80.231010437,28213,28223,10
12.9254798889,80.2309188843,28223,28233,10
12.9246997833,80.2308197021,28233,28243,10
12.9238395691,80.2307128906,28243,28253,10
12.9227399826,80.2305603027,28253,28263,10
12.9213895798,80.2303466797,28263,28273,10
12.9201402664,80.23021698,28273,28283,10
12.9190597534,80.2300491333,28283,28294,11
12.9180603027,80.2299194336,28294,28304,10
12.9169197083,80.2297821045,28304,28314,10
12.9156599045,80.2295913696,28314,28324,10
12.9143600464,80.2293930054,28324,28334,10
12.9135799408,80.229309082,28334,28344,10
12.9135198593,80.229309082,28344,28354,10
12.9133796692,80.229309082,28354,28364,10
12.9128398895,80.2292098999,28364,28374,10
12.9119796753,80.2290878296,28374,28384,10
12.9110002518,80.2289428711,28384,28394,10
12.9098501205,80.228767395,28394,28405,11
12.9084196091,80.2285308838,28405,28415,10
12.9073600769,80.2284011841,28415,28425,10
12.9071702957,80.2283630371,28425,28435,10
12.906999588,80.2282562256,28435,28445,10
12.9065103531,80.2282562256,28445,28455,10
12.9062204361,80.2282562256,28455,28465,10
12.9056997299,80.2282180786,28465,28475,10
12.90487957,80.2281799316,28475,28485,10
12.9038200378,80.2281188965,28485,28495,10
12.9026002884,80.2280502319,28495,28505,10
12.9012203217,80.2280197144,28505,28596,91
12.9012203217,80.2280197144,28596,28606,10
12.9009599686,80.2279891968,28606,28617,11
12.900349617,80.2279510498,28617,28627,10
12.8999099731,80.2279205322,28627,28637,10
12.8999099731,80.2279129028,28637,28647,10
12.8995103836,80.2278823853,28647,28657,10
12.8987903595,80.2278289795,28657,28667,10
12.8977804184,80.2277679443,28667,28677,10
12.8966503143,80.227722168,28677,28687,10
12.8953399658,80.2276916504,28687,28697,10
12.8939504623,80.2276306152,28697,28707,10
12.8929004669,80.2275085449,28707,28717,10
12.8924598694,80.227432251,28717,28728,11
12.8917798996,80.2273788452,28728,28738,10
12.8908395767,80.2273788452,28738,28754,16
12.888879776,80.2273635864,28754,28766,12
12.8874197006,80.2272491455,28766,28774,8
12.8864297867,80.2270507813,28774,28786,12
12.8849802017,80.2267684937,28786,28796,10
12.8847503662,80.2267379761,28796,28806,10
12.884759903,80.2267608643,28806,28816,10
12.8834400177,80.2267379761,28816,28826,10
12.8823604584,80.2267532349,28826,28837,11
12.8810796738,80.2267532349,28837,28848,11
12.8798398972,80.2267608643,28848,28857,9
12.8787603378,80.2267990112,28857,28868,11
12.8776502609,80.2268981934,28868,28877,9
12.8767204285,80.2269897461,28877,28888,11
12.8764801025,80.2269973755,28888,28898,10
12.8763399124,80.2270126343,28898,28908,10
12.8757696152,80.2269973755,28908,28918,10
12.8748703003,80.226890564,28918,28928,10
12.8737602234,80.2267532349,28928,28939,11
12.8727397919,80.2267227173,28939,28949,10
12.8726596832,80.2267303467,28949,28959,10
12.8723297119,80.2267227173,28959,28969,10
12.8716201782,80.2266998291,28969,28979,10
12.870639801,80.2266464233,28979,28989,10
12.8694696426,80.2265319824,28989,28999,10
12.8681001663,80.2264328003,28999,29009,10
12.8666095734,80.2265701294,29009,29019,10
12.8650503159,80.2266235352,29019,29029,10
12.8634700775,80.2265396118,29029,29039,10
12.8620996475,80.226600647,29039,29050,11
12.8612203598,80.2266311646,29050,29060,10
12.8611898422,80.2266235352,29060,29070,10
12.8611297607,80.2266311646,29070,29080,10
12.8606595993,80.2265777588,29080,29090,10
12.8598203659,80.2264709473,29090,29100,10
12.8588399887,80.2263336182,29100,29110,10
12.8578195572,80.226272583,29110,29120,10
12.8566102982,80.226348877,29120,29130,10
12.855219841,80.2264785767,29130,29140,10
12.8538103104,80.2266387939,29140,29151,11
12.8521203995,80.2266616821,29151,29161,10
12.850520134,80.226600647,29161,29171,10
12.8488702774,80.2265930176,29171,29181,10
12.8472604752,80.2266082764,29181,29191,10
12.8461303711,80.2266235352,29191,29207,16
12.8454999924,80.2266082764,29207,29219,12
12.8454198837,80.2266387939,29219,29227,8
12.8451099396,80.2267379761,29227,29238,11
12.8442897797,80.2267608643,29238,29249,11
12.8432703018,80.226852417,29249,29260,11
12.8420000076,80.2270812988,29260,29270,10
12.8407402039,80.2274475098,29270,29280,10
12.8400602341,80.2276535034,29280,29290,10
12.8397397995,80.2277679443,29290,29300,10
12.8395996094,80.2277832031,29300,29310,10
12.839099884,80.2278900146,29310,29320,10
12.8382301331,80.2281112671,29320,29330,10
12.8371400833,80.2283172607,29330,29340,10
12.8358097076,80.2285003662,29340,29350,10
12.8343601227,80.2287368774,29350,29360,10
12.8324604034,80.2291183472,29360,29381,21
12.8324604034,80.2291183472,29381,29391,10
12.8322896957,80.2291412354,29391,29401,10
12.8316402435,80.2292785645,29401,29411,10
12.8307504654,80.2295532227,29411,29421,10
12.8296604156,80.2299575806,29421,29431,10
12.8284702301,80.2304992676,29431,29441,10
12.8272895813,80.2311477661,29441,29451,10
12.8262300491,80.2313766479,29451,29461,10
12.8259496689,80.2314224243,29461,29472,11
12.8256101608,80.2314300537,29472,29482,10
12.8248996735,80.2314224243,29482,29492,10
12.8239803314,80.2312164307,29492,29502,10
12.8228502274,80.2308807373,29502,29512,10
12.8215799332,80.2305374146,29512,29522,10
12.8202600479,80.2304916382,29522,29532,10
12.8189601898,80.230506897,29532,29552,20
12.8189601898,80.230506897,29552,29562,10
12.8185796738,80.2303314209,29562,29572,10
12.8178796768,80.2300186157,29572,29583,11
12.8167896271,80.2295837402,29583,29593,10
12.8155202866,80.2293701172,29593,29603,10
12.8141298294,80.2291488647,29603,29613,10
12.8127202988,80.2287063599,29613,29623,10
12.8112802505,80.2281799316,29623,29633,10
12.8099002838,80.2276077271,29633,29643,10
12.8086700439,80.226852417,29643,29653,10
12.807559967,80.2258987427,29653,29663,10
12.8067302704,80.2251663208,29663,29673,10
12.8059997559,80.2245178223,29673,29683,10
12.8052902222,80.224067688,29683,29694,11
12.804980278,80.2240066528,29694,29704,10
12.8048601151,80.2239837646,29704,29714,10
12.8043603897,80.2239227295,29714,29724,10
12.8036403656,80.2238616943,29724,29734,10
12.802740097,80.2237701416,29734,29744,10
12.8016500473,80.2236404419,29744,29754,10
12.8009195328,80.2236022949,29754,29764,10
12.8007898331,80.2236022949,29764,29774,10
12.8002796173,80.2235412598,29774,29784,10
12.7994804382,80.2234802246,29784,29795,11
12.798330307,80.2233505249,29795,29805,10
12.79708004,80.2231674194,29805,29815,10
12.7959804535,80.2229614258,29815,29825,10
12.7957801819,80.2229385376,29825,29835,10
12.7954101563,80.222869873,29835,29845,10
12.7946996689,80.2227401733,29845,29854,9
12.7938804626,80.2226104736,29854,29865,11
12.7926597595,80.2224578857,29865,29875,10
12.7914600372,80.2221679688,29875,29885,10
12.7902603149,80.221862793,29885,29895,10
12.7893695831,80.2215805054,29895,29906,11
12.7884597778,80.2212295532,29906,29916,10
12.7875995636,80.2208862305,29916,29926,10
12.7866296768,80.2205200195,29926,29956,30
12.7866296768,80.2205200195,29956,29966,10
12.7863197327,80.2203903198,29966,30017,51
12.7863197327,80.2203903198,30017,30027,10
12.7861795425,80.220703125,30027,30037,10
12.7861995697,80.2211685181,30037,30047,10
12.7861995697,80.2212982178,30047,30057,10
12.786239624,80.2215881348,30057,30067,10
12.7862596512,80.2218704224,30067,30077,10
12.7862701416,80.222038269,30077,31774,1697
12.7862701416,80.222038269,31774,31784,10
12.7863397598,80.2219161987,31784,31794,10
12.7862596512,80.221496582,31794,31804,10
12.7861995697,80.2211074829,31804,31815,11
12.7862100601,80.2210083008,31815,31825,10
12.7861995697,80.2206802368,31825,31835,10
12.7861795425,80.2203674316,31835,31845,10
12.7863502502,80.2203369141,31845,31915,70
12.7863502502,80.2203369141,31915,31926,11
12.7864999771,80.2204589844,31926,31936,10
12.7868003845,80.2205581665,31936,31946,10
12.7874603271,80.2208023071,31946,31956,10
12.7882900238,80.2210998535,31956,31966,10
12.7892103195,80.2214431763,31966,31976,10
12.7899799347,80.2217102051,31976,31986,10
12.7909402847,80.2219619751,31986,31996,10
12.7922000885,80.2222824097,31996,32006,10
12.7936496735,80.2225265503,32006,32016,10
12.7951602936,80.2227630615,32016,32026,10
12.796330452,80.2229385376,32026,32037,11
12.7965097427,80.2229690552,32037,32047,10
12.7970399857,80.2230834961,32047,32057,10
12.7979898453,80.2232437134,32057,32067,10
12.7991600037,80.2233581543,32067,32077,10
12.8004198074,80.2234725952,32077,32087,10
12.8015899658,80.2235870361,32087,32097,10
12.8026599884,80.2237167358,32097,32107,10
12.8036003113,80.2238388062,32107,32117,10
12.8045196533,80.2239074707,32117,32127,10
12.8052396774,80.224029541,32127,32138,11
12.8055295944,80.2240982056,32138,32148,10
12.8057498932,80.2242202759,32148,32158,10
12.8063201904,80.2247009277,32158,32168,10
12.8070697784,80.2253799438,32168,32178,10
12.8079500198,80.2261428833,32178,32188,10
12.8090000153,80.2270278931,32188,32198,10
12.8102397919,80.2276916504,32198,32208,10
12.8116397858,80.2282562256,32208,32218,10
12.8132095337,80.2288131714,32218,32228,10
12.8148002625,80.2292327881,32228,32238,10
12.8163900375,80.2294616699,32238,32249,11
12.8179597855,80.2299804688,32249,32259,10
12.8191404343,80.2304534912,32259,32269,10
12.8197698593,80.2304382324,32269,32279,10
12.8199396133,80.2304382324,32279,32289,10
12.820599556,80.2304077148,32289,32299,10
12.8216400146,80.2304763794,32299,32309,10
12.822810173,80.2307815552,32309,32319,10
12.8240499496,80.2311172485,32319,32329,10
12.8251895905,80.2313613892,32329,32339,10
12.8264303207,80.2313079834,32339,32349,10
12.8275995255,80.2309799194,32349,32360,11
12.8288698196,80.2302627563,32360,32370,10
12.8300800323,80.2297363281,32370,32380,10
12.8310604095,80.2293395996,32380,32390,10
12.8313598633,80.2292404175,32390,32400,10
12.831870079,80.2291030884,32400,32410,10
12.8327302933,80.2289276123,32410,32420,10
12.8337802887,80.2287368774,32420,32430,10
12.834859848,80.2285690308,32430,32440,10
12.8360204697,80.2283935547,32440,32450,10
12.8372097015,80.2282180786,32450,32461,11
12.8385000229,80.2279815674,32461,32471,10
12.8392295837,80.2277832031,32471,32481,10
12.8395900726,80.2276992798,32481,32491,10
12.8400001526,80.2275695801,32491,32501,10
12.8408603668,80.2273330688,32501,32511,10
12.8419399261,80.2270431519,32511,32521,10
12.8430500031,80.2268066406,32521,32531,10
12.8442401886,80.2266235352,32531,32541,10
12.8452796936,80.2265167236,32541,32551,10
12.8454303741,80.2265014648,32551,32561,10
12.845580101,80.2264862061,32561,32572,11
12.845700264,80.2265014648,32572,32582,10
12.8458795547,80.2265014648,32582,32592,10
12.8465204239,80.2265014648,32592,32602,10
12.8474702835,80.2265167236,32602,32612,10
12.8486404419,80.2265167236,32612,32622,10
12.8499202728,80.2265090942,32622,32632,10
12.8512802124,80.2265472412,32632,32642,10
12.8527297974,80.2266235352,32642,32652,10
12.8542299271,80.2265396118,32652,32662,10
12.8557500839,80.2263870239,32662,32672,10
12.8572502136,80.2262268066,32672,32683,11
12.8587598801,80.2262115479,32683,32693,10
12.8599996567,80.2263793945,32693,32703,10
12.8606796265,80.2264709473,32703,32713,10
12.8607196808,80.2264709473,32713,32723,10
12.861120224,80.2265090942,32723,32733,10
12.8619604111,80.2264862061,32733,32743,10
12.8630800247,80.2264633179,32743,32753,10
12.8644304276,80.2265014648,32753,32763,10
12.8659095764,80.2265167236,32763,32773,10
12.8674097061,80.2264022827,32773,32784,11
12.8690004349,80.2263565063,32784,32794,10
12.8704004288,80.2265319824,32794,32804,10
12.8717699051,80.2266082764,32804,32814,10
12.8726596832,80.2265930176,32814,32824,10
12.8727302551,80.226600647,32824,32834,10
12.8729400635,80.2266082764,32834,32844,10
12.8736696243,80.2266616821,32844,32854,10
12.8747396469,80.2267913818,32854,32864,10
12.8760004044,80.226890564,32864,32874,10
12.8766202927,80.2268829346,32874,32884,10
12.8767795563,80.226890564,32884,32895,11
12.8774900436,80.226852417,32895,32905,10
12.8785495758,80.2267837524,32905,32915,10
12.8798904419,80.2267074585,32915,32925,10
12.8813400269,80.2266921997,32925,32935,10
12.882809639,80.2266769409,32935,32945,10
12.8842601776,80.2266464233,32945,32955,10
12.8851499557,80.2266387939,32955,32965,10
12.8851804733,80.2266387939,32965,32981,16
12.8859901428,80.2268218994,32981,32993,12
12.887169838,80.2271194458,32993,33004,11
12.8881998062,80.2272720337,33004,33014,10
12.8896903992,80.2273178101,33014,33024,10
12.8910903931,80.2273101807,33024,33034,10
12.8924102783,80.2273406982,33034,33044,10
12.8936004639,80.2274780273,33044,33054,10
12.8949804306,80.2275924683,33054,33064,10
12.8964796066,80.2276535034,33064,33073,9
12.8977804184,80.2277069092,33073,33083,10
12.899140358,80.2277984619,33083,33094,11
12.9008903503,80.2278594971,33094,33165,71
12.9008903503,80.2278594971,33165,33175,10
12.9011096954,80.2279434204,33175,33185,10
12.9016199112,80.2279815674,33185,33195,10
12.9023103714,80.2279663086,33195,33205,10
12.9027900696,80.2279815674,33205,33246,41
12.9027900696,80.2279815674,33246,33256,10
12.9029397964,80.2279891968,33256,33266,10
12.9034996033,80.2280197144,33266,33276,10
12.9043397903,80.2280731201,33276,33286,10
12.9053001404,80.2281265259,33286,33296,10
12.9062595367,80.2281723022,33296,33306,10
12.9069004059,80.2282180786,33306,33316,10
12.9070701599,80.2282333374,33316,33326,10
12.9075698853,80.2282867432,33326,33337,11
12.9085197449,80.2284622192,33337,33347,10
12.9096298218,80.2286376953,33347,33357,10
12.9107103348,80.2288131714,33357,33367,10
12.9117603302,80.2289733887,33367,33377,10
12.9127101898,80.2291107178,33377,33387,10
12.9139499664,80.2292480469,33387,33417,30
12.9139499664,80.2292480469,33417,33427,10
12.9141397476,80.2292861938,33427,33438,11
12.9148702621,80.2294006348,33438,33448,10
12.9158496857,80.2295532227,33448,33458,10
12.9170303345,80.2297210693,33458,33468,10
12.9182195663,80.2298736572,33468,33478,10
12.9194803238,80.2300415039,33478,33488,10
12.9208202362,80.2302017212,33488,33498,10
12.9221601486,80.2303771973,33498,33508,10
12.9235200882,80.2305831909,33508,33518,10
12.9248304367,80.2307510376,33518,33528,10
12.9259195328,80.2308883667,33528,33539,11
12.9263401031,80.2309188843,33539,33549,10
12.9265203476,80.2309417725,33549,33559,10
12.9270601273,80.231010437,33559,33569,10
12.9279003143,80.2311096191,33569,33579,10
12.9288196564,80.2312393188,33579,33589,10
12.9297704697,80.2314376831,33589,33599,10
12.9307603836,80.2317123413,33599,33609,10
12.9317798615,80.2320404053,33609,33619,10
12.9328203201,80.2324066162,33619,33629,10
12.9335002899,80.2326583862,33629,33639,10
12.9335603714,80.2326889038,33639,33650,11
12.9336299896,80.2327270508,33650,33660,10
12.9338703156,80.2328491211,33660,33670,10
12.9344997406,80.2331314087,33670,33680,10
12.9354200363,80.2335586548,33680,33690,10
12.9363498688,80.2340011597,33690,33700,10
12.9372596741,80.2344284058,33700,33710,10
12.9380302429,80.2348022461,33710,33720,10
12.9391298294,80.2353515625,33720,33730,10
12.939789772,80.2356567383,33730,33751,21
12.939789772,80.2356567383,33751,33761,10
12.940199852,80.2358398438,33761,33771,10
12.9409999847,80.2360610962,33771,33781,10
12.942029953,80.2363204956,33781,33791,10
12.9430503845,80.2367782593,33791,33801,10
12.9438695908,80.2375793457,33801,33811,10
12.9446601868,80.2384414673,33811,33820,9
12.9454698563,80.2391815186,33820,33830,10
12.9464998245,80.2396621704,33830,33841,11
12.9473304749,80.239982605,33841,33851,10
12.9474201202,80.2400131226,33851,33862,11
12.9478502274,80.240196228,33862,33872,10
12.9484596252,80.2404632568,33872,33882,10
12.9490995407,80.2407073975,33882,33892,10
12.9498195648,80.2409820557,33892,33902,10
12.9506998062,80.2412109375,33902,33912,10
12.950969696,80.2412796021,33912,33922,10
12.9510297775,80.2413024902,33922,33932,10
12.9514904022,80.2414779663,33932,33942,10
12.9522199631,80.2417678833,33942,33952,10
12.9530897141,80.2421035767,33952,33962,10
12.9538497925,80.242401123,33962,33973,11
12.9548196793,80.2427825928,33973,33983,10
12.9554195404,80.243019104,33983,33993,10
12.9561700821,80.2433166504,33993,34003,10
12.9566202164,80.2435073853,34003,34013,10
12.9574098587,80.2438430786,34013,34023,10
12.9583101273,80.2442016602,34023,34033,10
12.9588804245,80.2444000244,34033,34043,10
12.9589004517,80.2444000244,34043,34053,10
12.9592103958,80.2445602417,34053,34063,10
12.9598999023,80.2448730469,34063,34073,10
12.9608097076,80.245300293,34073,34084,11
12.9619598389,80.2458724976,34084,34094,10
12.9632701874,80.2465286255,34094,34152,58
12.9632701874,80.2465286255,34152,34162,10
12.9636297226,80.2468032837,34162,34172,10
12.9642601013,80.2470092773,34172,34182,10
12.9651002884,80.2472915649,34182,34193,11
12.9660396576,80.2476196289,34193,34202,9
12.9663496017,80.2477416992,34202,34213,11
12.9664201736,80.2477416992,34213,34222,9
12.9666004181,80.2478179932,34222,34233,11
12.9668197632,80.2479400635,34233,34243,10
12.9671401978,80.2481231689,34243,34253,10
12.9678001404,80.2484207153,34253,34263,10
12.96875,80.2488021851,34263,34273,10
12.969909668,80.2492599487,34273,34283,10
12.9711399078,80.2497024536,34283,34294,11
12.9725503922,80.2500610352,34294,34304,10
12.9738197327,80.2504119873,34304,34314,10
12.9749698639,80.2507324219,34314,34324,10
12.9761695862,80.2510681152,34324,34334,10
12.9772596359,80.2514266968,34334,34344,10
12.9783697128,80.2522201538,34344,34374,30
12.9783697128,80.2522201538,34374,34384,10
12.9786100388,80.2523803711,34384,34394,10
12.979590416,80.2525863647,34394,34425,31
12.979590416,80.2525863647,34425,34435,10
12.9799995422,80.2526397705,34435,34445,10
12.9806804657,80.2526397705,34445,34455,10
12.9815998077,80.2526168823,34455,34465,10
12.9827404022,80.2525634766,34465,34475,10
12.9838895798,80.2523803711,34475,34485,10
12.9849700928,80.2520980835,34485,34495,10
12.9858703613,80.2518386841,34495,34505,10
12.9866199493,80.251663208,34505,34516,11
12.9874401093,80.251411438,34516,34526,10
12.987950325,80.2512817383,34526,34536,10
12.988699913,80.2510910034,34536,34546,10
12.9895000458,80.2508621216,34546,34556,10
12.9901800156,80.2506866455,34556,34566,10
12.9910898209,80.2504806519,34566,34576,10
12.9920902252,80.2502365112,34576,34586,10
12.9931602478,80.2499771118,34586,34596,10
12.9943399429,80.2497024536,34596,34606,10
12.9955196381,80.2493896484,34606,34617,11
12.9965400696,80.2490768433,34617,34626,9
12.9966697693,80.2490386963,34626,34637,11
12.9972200394,80.248916626,34637,34647,10
12.9980602264,80.2487182617,34647,34657,10
12.9991397858,80.2484588623,34657,34667,10
13.00041008,80.2481384277,34667,34677,10
13.0016298294,80.2478637695,34677,34687,10
13.0025701523,80.2476425171,34687,34697,10
13.003569603,80.2474517822,34697,34707,10
13.004699707,80.2472915649,34707,34717,10
13.0057001114,80.2471008301,34717,34728,11
13.0064496994,80.24659729,34728,34738,10
13.006529808,80.2464599609,34738,34748,10
13.0066299438,80.2462310791,34748,34758,10
13.0066404343,80.2457427979,34758,34768,10
13.0066404343,80.2449493408,34768,34784,16
13.0066604614,80.2436981201,34784,34796,12
13.0066299438,80.2428436279,34796,34804,8
13.0066299438,80.2419891357,34804,34816,12
13.0066099167,80.2409286499,34816,34826,10
13.0066900253,80.2404174805,34826,34837,11
13.0068597794,80.2397003174,34837,34847,10
13.0070400238,80.2389297485,34847,34857,10
13.0072402954,80.2380065918,34857,34866,9
13.0073900223,80.2372894287,34866,34876,10
13.0074300766,80.2367782593,34876,34887,11
13.0074396133,80.2367706299,34887,34897,10
13.0074996948,80.2367019653,34897,34907,10
13.007610321,80.2363510132,34907,34917,10
13.0077199936,80.2357406616,34917,34927,10
13.0078601837,80.2349700928,34927,34938,11
13.0080499649,80.2339019775,34938,34948,10
13.0082397461,80.2327804565,34948,34958,10
13.008480072,80.2314682007,34958,34968,10
13.0087604523,80.2301330566,34968,34978,10
13.0090303421,80.2287979126,34978,34988,10
13.0094299316,80.2275619507,34988,34998,10
13.0099897385,80.2264099121,34998,35008,10
13.0104703903,80.2254333496,35008,35018,10
13.0109195709,80.2245178223,35018,35028,10
13.0114202499,80.2232437134,35028,35049,21
13.0114202499,80.2232437134,35049,35059,10
13.0115299225,80.2231063843,35059,35069,10
13.011639595,80.2226028442,35069,35079,10
13.0120000839,80.2217636108,35079,35089,10
13.0123901367,80.2214813232,35089,35099,10
13.0126399994,80.2220687866,35099,35109,10
13.0130596161,80.2226333618,35109,35119,10
13.0138101578,80.2233581543,35119,35129,10
13.0143899918,80.2240066528,35129,35139,10
13.0148801804,80.2245788574,35139,35149,10
13.0155601501,80.2249603271,35149,35170,21
13.0155601501,80.2249603271,35170,35180,10
13.0157003403,80.225151062,35180,35190,10
13.0160999298,80.2253494263,35190,35200,10
13.01679039,80.2252197266,35200,35210,10
13.0175695419,80.2249069214,35210,35220,10
13.0184698105,80.2245407104,35220,35230,10
13.0192804337,80.2243804932,35230,35240,10
13.0197296143,80.2245483398,35240,35250,10
13.0200099945,80.2247467041,35250,35261,11
13.0205001831,80.2250976563,35261,35271,10
13.0209903717,80.225440979,35271,35281,10
13.0212697983,80.2256698608,35281,35291,10
13.0215597153,80.2259216309,35291,35301,10
13.0219898224,80.2262191772,35301,35311,10
13.0223798752,80.2265090942,35311,35321,10
13.0225200653,80.2266464233,35321,35349,28
13.0225200653,80.2266464233,35349,35357,8
13.0226402283,80.2267303467,35357,35370,13
13.0231304169,80.2272109985,35370,35380,10
13.0235996246,80.2275772095,35380,35390,10
13.0241003036,80.2280807495,35390,35400,10
13.0242300034,80.2282409668,35400,35410,10
13.0244102478,80.2285232544,35410,35420,10
13.0247402191,80.2289962769,35420,35430,10
13.0251598358,80.229598999,35430,35439,9
13.0255498886,80.2302627563,35439,35449,10
13.0258598328,80.2307891846,35449,35460,11
13.025970459,80.2311477661,35460,35470,10
13.0261096954,80.2316207886,35470,35481,11
13.0263500214,80.2324829102,35481,35491,10
13.0267601013,80.2333221436,35491,35501,10
13.0273103714,80.2342071533,35501,35511,10
13.0277996063,80.2350769043,35511,35521,10
13.0283603668,80.2358627319,35521,35531,10
13.0290603638,80.2366333008,35531,35541,10
13.0294399261,80.2370300293,35541,35551,10
13.0297498703,80.2374420166,35551,35567,16
13.0303897858,80.2385177612,35567,35579,12
13.0308103561,80.2392883301,35579,35590,11
13.031080246,80.2397384644,35590,35599,9
13.0311899185,80.239906311,35599,35609,10
13.0313196182,80.2401504517,35609,35620,11
13.0313796997,80.2406997681,35620,35630,10
13.0315504074,80.2410812378,35630,35640,10
13.0318098068,80.2416381836,35640,35649,9
13.03221035,80.2422485352,35649,35659,10
13.0327396393,80.2428894043,35659,35670,11
13.0333204269,80.2436828613,35670,35680,10
13.0338602066,80.2444610596,35680,35691,11
13.0349397659,80.2455215454,35691,35711,20
13.0349397659,80.2455215454,35711,35721,10
13.0351495743,80.2456588745,35721,35731,10
13.0353403091,80.2458496094,35731,35741,10
13.0354995728,80.2460479736,35741,35751,10
13.0357503891,80.2461624146,35751,35761,10
13.0357704163,80.2461700439,35761,35771,10
13.0360002518,80.2463378906,35771,35781,10
13.0363197327,80.2464370728,35781,35791,10
13.0369701385,80.2465362549,35791,35802,11
13.0376596451,80.2464370728,35802,35812,10
13.0384597778,80.2466583252,35812,35862,50
13.0384597778,80.2466583252,35862,35872,10
13.0386400223,80.246887207,35872,35882,10
13.0389204025,80.246963501,35882,35892,10
13.0393600464,80.2470016479,35892,35903,11
13.0397596359,80.2470397949,35903,35913,10
13.0403900146,80.2471237183,35913,35923,10
13.0411396027,80.2472610474,35923,35933,10
13.0419902802,80.2473983765,35933,35943,10
13.042719841,80.2476425171,35943,35953,10
13.043299675,80.2478790283,35953,35963,10
13.0438699722,80.2479095459,35963,35973,10
13.0442695618,80.2478637695,35973,35983,10
13.0448198318,80.2479400635,35983,35993,10
13.0453701019,80.2482070923,35993,36003,10
13.0460596085,80.2484817505,36003,36014,11
13.0466899872,80.2484893799,36014,36024,10
13.0468597412,80.2484283447,36024,36034,10
13.0469503403,80.2484588623,36034,36044,10
13.0473203659,80.2485275269,36044,36060,16
13.0480604172,80.2491607666,36060,36072,12
13.0486001968,80.2496337891,36072,36082,10
13.0489702225,80.2497024536,36082,36092,10
13.0496997833,80.2497787476,36092,36102,10
13.0504398346,80.2499313354,36102,36112,10
13.0511798859,80.2500991821,36112,36123,11
13.0519399643,80.250541687,36123,36133,10
13.0525598526,80.2512893677,36133,36143,10
13.0532999039,80.2522583008,36143,36152,9
13.0538902283,80.2530975342,36152,36163,11
13.0547199249,80.2542037964,36163,36173,10
13.0554199219,80.2550964355,36173,36183,10
13.0560503006,80.2559661865,36183,36193,10
13.0564699173,80.2564926147,36193,36203,10
13.0570802689,80.2570877075,36203,36213,10
13.0577402115,80.2576370239,36213,36224,11
13.0583200455,80.2583007813,36224,36234,10
13.0588903427,80.2589797974,36234,36244,10
13.0592699051,80.2595977783,36244,36254,10
13.0597295761,80.2601089478,36254,36264,10
13.0601797104,80.2605514526,36264,36274,10
13.0605201721,80.2609481812,36274,36284,10
13.0606603622,80.2611923218,36284,36294,10
13.0607004166,80.2612915039,36294,36304,10
13.0608901978,80.2615737915,36304,36314,10
13.0613498688,80.2620925903,36314,36324,10
13.0618400574,80.2626419067,36324,36335,11
13.062379837,80.2633209229,36335,36345,10
13.0629196167,80.2639770508,36345,36355,10
13.0634498596,80.2646713257,36355,36365,10
13.0638504028,80.2653198242,36365,36375,10
13.0642995834,80.2659072876,36375,36385,10
13.0647697449,80.2665023804,36385,36395,10
13.065079689,80.2668685913,36395,36405,10
13.0655097961,80.2671890259,36405,36415,10
13.0658903122,80.267616272,36415,36425,10
13.066280365,80.2680969238,36425,36435,10
13.0667600632,80.2684707642,36435,36446,11
13.0670795441,80.268661499,36446,36456,10
13.0676498413,80.2690505981,36456,36466,10
13.0682201385,80.2693862915,36466,36476,10
13.0682201385,80.2697372437,36476,36486,10
13.068110466,80.2703781128,36486,36496,10
13.0680503845,80.2712020874,36496,36506,10
13.0683202744,80.2715606689,36506,36516,10
13.0686998367,80.2718734741,36516,36526,10
13.069149971,80.2720489502,36526,36536,10
13.0695695877,80.2724761963,36536,36547,11
13.0701398849,80.273109436,36547,36557,10
13.070599556,80.2736968994,36557,36567,10
13.0711297989,80.2741699219,36567,36577,10
13.0713796616,80.2742614746,36577,36587,10
13.0716295242,80.2743377686,36587,36597,10
13.0721302032,80.2747421265,36597,36607,10
13.072719574,80.2753677368,36607,36617,10
13.0733804703,80.2760620117,36617,36627,10
13.0740604401,80.2763519287,36627,36637,10
13.0748596191,80.2763214111,36637,36647,10
13.0756502151,80.2762908936,36647,36664,17
13.0768098831,80.2762374878,36664,36676,12
13.0773801804,80.2761917114,36676,36686,10
13.0779600143,80.2761230469,36686,36696,10
13.0783500671,80.2753829956,36696,36706,10
13.0789604187,80.2751312256,36706,36716,10
13.0797796249,80.2752609253,36716,36726,10
13.080619812,80.2751998901,36726,36736,10
13.0811395645,80.275138855,36736,36746,10
13.081319809,80.2751235962,36746,36756,10
13.0817499161,80.2751235962,36756,36808,52
13.0817499161,80.2751235962,36808,36818,10
13.0820398331,80.2752685547,36818,37068,250
13.0820398331,80.2755813599,37068,37361,293
13.0821800232,80.2757263184,37361,37452,91
13.0820999146,80.2758102417,37452,37725,273
13.082110405,80.275718689,37725,38108,383
13.0820503235,80.2758789063,38108,38320,212
13.0820598602,80.2756576538,38320,38623,303
13.0820598602,80.2756576538,38623,38633,10
13.0821399689,80.2759170532,38633,38643,10
13.0819597244,80.2759933472,38643,38653,10
13.0818300247,80.2761306763,38653,38663,10
13.0818395615,80.2765579224,38663,38672,9
13.081870079,80.2771224976,38672,38684,12
13.0820903778,80.2779388428,38684,38694,10
13.0826396942,80.2780380249,38694,38704,10
13.0832395554,80.2780685425,38704,38714,10
13.0833797455,80.2781677246,38714,38724,10
13.0834999084,80.2785797119,38724,38734,10
13.0834197998,80.2789306641,38734,38744,10
13.0827903748,80.278717041,38744,38753,9
13.0823402405,80.2785873413,38753,38763,10
13.0823297501,80.2785797119,38763,38774,11
13.0821800232,80.2783203125,38774,38805,31
13.0821800232,80.2783203125,38805,38815,10
13.0821304321,80.2782592773,38815,38825,10
13.0819101334,80.2781295776,38825,38835,10
13.081870079,80.2776412964,38835,38845,10
13.0818004608,80.2767868042,38845,38855,10
13.0816497803,80.2759628296,38855,38865,10
13.0815496445,80.2756271362,38865,38885,20
13.0815496445,80.2756271362,38885,38896,11
13.0814695358,80.2752685547,38896,38906,10
13.0810699463,80.2752075195,38906,38916,10
13.0804395676,80.2752914429,38916,38926,10
13.0798101425,80.2753829956,38926,38936,10
13.0792398453,80.2752990723,38936,38946,10
13.0784397125,80.2753829956,38946,38956,10
13.078040123,80.2761764526,38956,38966,10
13.0770998001,80.2762832642,38966,38976,10
13.0761003494,80.2763214111,38976,38986,10
13.0749998093,80.2763519287,38986,38997,11
13.0740203857,80.2764282227,38997,39007,10
13.0739803314,80.2764434814,39007,39017,10
13.0738096237,80.2764587402,39017,39027,10
13.0733699799,80.2762527466,39027,39037,10
13.0727996826,80.2756195068,39037,39047,10
13.0721197128,80.2748794556,39047,39057,10
13.0716600418,80.274597168,39057,39067,10
13.0711603165,80.2744903564,39067,39077,10
13.0707798004,80.274307251,39077,39087,10
13.0706501007,80.2741470337,39087,39097,10
13.0704402924,80.2736816406,39097,39108,11
13.0699796677,80.2730331421,39108,39118,10
13.0693397522,80.2723388672,39118,39128,10
13.0686101913,80.2719573975,39128,39148,20
13.0686101913,80.2719573975,39148,39158,10
13.0685100555,80.2719192505,39158,39168,10
13.0681800842,80.2715988159,39168,39178,10
13.067779541,80.2710418701,39178,39188,10
13.0672702789,80.2704772949,39188,39198,10
13.0666599274,80.2698364258,39198,39208,10
13.066450119,80.2693023682,39208,39219,11
13.0663795471,80.2685394287,39219,39229,10
13.0659704208,80.2679595947,39229,39239,10
13.0654401779,80.2676773071,39239,39249,10
13.065369606,80.2676773071,39249,39259,10
13.0651102066,80.267616272,39259,39269,10
13.0645503998,80.2675170898,39269,39279,10
13.0638504028,80.2673797607,39279,39289,10
13.0631198883,80.2672576904,39289,39299,10
13.0624599457,80.2668914795,39299,39309,10
13.061920166,80.2662200928,39309,39319,10
13.0614204407,80.2655563354,39319,39330,11
13.0608301163,80.2651977539,39330,39340,10
13.0605201721,80.2653808594,39340,39350,10
13.0604000092,80.2654724121,39350,39360,10
13.0599298477,80.2655792236,39360,39370,10
13.0593500137,80.2655181885,39370,39380,10
13.0587100983,80.2654800415,39380,39390,10
13.0586395264,80.2654495239,39390,39400,10
13.0585403442,80.2654266357,39400,39410,10
13.0581502914,80.2652130127,39410,39420,10
13.0579996109,80.2646179199,39420,39431,11
13.0578699112,80.2637405396,39431,39441,10
13.057800293,80.2629013062,39441,39451,10
13.0576896667,80.2621383667,39451,39461,10
13.057559967,80.2612991333,39461,39470,9
13.0573596954,80.2604675293,39470,39481,11
13.0570697784,80.2594528198,39481,39491,10
13.0568199158,80.2586288452,39491,39501,10
13.0566797256,80.2581176758,39501,39511,10
13.0565500259,80.2575073242,39511,39521,10
13.0565004349,80.2573165894,39521,39531,10
13.0564899445,80.2572479248,39531,39542,11
13.0564603806,80.2569503784,39542,39552,10
13.0563602448,80.2565307617,39552,39562,10
13.0560503006,80.2560806274,39562,39572,10
13.055560112,80.2554397583,39572,39582,10
13.0549602509,80.2546081543,39582,39592,10
13.0542097092,80.2536468506,39592,39602,10
13.0535497665,80.2527084351,39602,39612,10
13.052980423,80.2519378662,39612,39622,10
13.0524301529,80.2511978149,39622,39632,10
13.0518198013,80.25050354,39632,39643,11
13.0508499146,80.250038147,39643,39653,10
13.0497102737,80.2498168945,39653,39663,10
13.0487298965,80.249710083,39663,39673,10
13.0479202271,80.2492599487,39673,39683,10
13.0471601486,80.2486724854,39683,39693,10
13.0468301773,80.248588562,39693,39703,10
13.0465698242,80.2485198975,39703,39719,16
13.0454502106,80.2481994629,39719,39731,12
13.0443601608,80.2479705811,39731,39739,8
13.043589592,80.2478485107,39739,39750,11
13.0426702499,80.2477035522,39750,39762,12
13.0418596268,80.2474975586,39762,39771,9
13.0415201187,80.247428894,39771,39783,12
13.0406799316,80.2472610474,39783,39793,10
13.0398101807,80.2471008301,39793,39803,10
13.0389995575,80.2469177246,39803,39813,10
13.0382003784,80.2467498779,39813,39823,10
13.037320137,80.2466125488,39823,39833,10
13.0365495682,80.2464675903,39833,39843,10
13.0363101959,80.2463912964,39843,39853,10
13.0359296799,80.2462768555,39853,39864,11
13.035320282,80.2460784912,39864,39874,10
13.0352096558,80.2460784912,39874,39884,10
13.0351600647,80.2460403442,39884,39894,10
13.0349502563,80.2459030151,39894,39904,10
13.0346097946,80.2454376221,39904,39914,10
13.0340595245,80.2447967529,39914,39924,10
13.0334100723,80.2439498901,39924,39934,10
13.0326795578,80.2429504395,39934,39944,10
13.0320396423,80.2420806885,39944,39954,10
13.0314598083,80.2408905029,39954,39995,41
13.0314598083,80.2408905029,39995,40005,10
13.0313997269,80.2407073975,40005,40015,10
13.0312099457,80.2403488159,40015,40025,10
13.0309801102,80.2398223877,40025,40035,10
13.0305995941,80.2390670776,40035,40045,10
13.0300703049,80.2381134033,40045,40055,10
13.0294103622,80.2371368408,40055,40065,10
13.0286903381,80.2363586426,40065,40076,11
13.0278701782,80.2354202271,40076,40086,10
13.027299881,80.2344284058,40086,40096,10
13.0268201828,80.2336578369,40096,40126,30
13.0268201828,80.2336578369,40126,40136,10
13.0266895294,80.2334671021,40136,40146,10
13.0264196396,80.233001709,40146,40156,10
13.0261697769,80.2322998047,40156,40166,10
13.0260095596,80.2317428589,40166,40176,10
13.0258798599,80.2312164307,40176,40187,11
13.0255699158,80.2303619385,40187,40197,10
13.0250396729,80.229637146,40197,40207,10
13.0247297287,80.2292480469,40207,40217,10
13.0244903564,80.2289276123,40217,40227,10
13.0241498947,80.2285003662,40227,40237,10
13.0238199234,80.2280883789,40237,40247,10
13.0235300064,80.2277832031,40247,40257,10
13.0231304169,80.2273635864,40257,40277,20
13.0231304169,80.2273635864,40277,40288,11
13.0230998993,80.2271881104,40288,40298,10
13.0230197906,80.227180481,40298,40308,10
13.0227403641,80.2269897461,40308,40318,10
13.0222396851,80.2265319824,40318,40328,10
13.0215301514,80.225982666,40328,40338,10
13.0208501816,80.2254486084,40338,40348,10
13.0203800201,80.2251434326,40348,40358,10
13.0202903748,80.2250900269,40358,40368,10
13.0200595856,80.2249526978,40368,40378,10
13.0196895599,80.2247085571,40378,40388,10
13.0192604065,80.2245407104,40388,40399,11
13.0181999207,80.2247161865,40399,40409,10
13.0173902512,80.2250595093,40409,40419,10
13.0166101456,80.2254486084,40419,40429,10
13.0164003372,80.2255172729,40429,40439,10
13.0160198212,80.2256393433,40439,40449,10
13.0154895782,80.2258224487,40449,40459,10
13.0148801804,80.2260437012,40459,40469,10
13.0145702362,80.2261886597,40469,40499,30
13.0145702362,80.2261886597,40499,40510,11
13.0140695572,80.226348877,40510,40520,10
13.0134601593,80.2265625,40520,40530,10
13.0125799179,80.2269134521,40530,40540,10
13.0115499496,80.2273101807,40540,40550,10
13.0103998184,80.2277832031,40550,40560,10
13.0093803406,80.2282333374,40560,40570,10
13.0089998245,80.2291030884,40570,40580,10
13.008769989,80.2302017212,40580,40590,10
13.0085296631,80.2314910889,40590,40606,16
13.0082397461,80.2333602905,40606,40619,13
13.0081701279,80.2337036133,40619,40629,10
13.0081501007,80.2337265015,40629,40639,10
13.0080604553,80.2340698242,40639,40648,9
13.0079803467,80.2346420288,40648,40658,10
13.0078296661,80.2353591919,40658,40669,11
13.0075998306,80.2365264893,40669,40679,10
13.0073900223,80.2376708984,40679,40689,10
13.0072498322,80.2384796143,40689,40699,10
13.0070104599,80.2393569946,40699,40709,10
13.0069599152,80.2397994995,40709,40720,11
13.0068702698,80.240447998,40720,40730,10
13.0068101883,80.2407531738,40730,40740,10
13.0067596436,80.2409591675,40740,40750,10
13.0067195892,80.2414627075,40750,40760,10
13.0067100525,80.2423706055,40760,40770,10
13.0066699982,80.2433776855,40770,40780,10
13.0066900253,80.2444992065,40780,40790,10
13.0066995621,80.2456512451,40790,40800,10
13.0067501068,80.2465515137,40800,40810,10
13.0067300797,80.2472229004,40810,40820,10
13.0060796738,80.2473983765,40820,40841,21
13.0060796738,80.2473983765,40841,40851,10
13.00578022,80.2473678589,40851,40861,10
13.005200386,80.2473678589,40861,40871,10
13.004360199,80.2474517822,40871,40887,16
13.002790451,80.2476501465,40887,40899,12
13.0015802383,80.2479476929,40899,40909,10
13.00041008,80.2482376099,40909,40919,10
12.9991703033,80.248550415,40919,40929,10
12.9980096817,80.248840332,40929,40939,10
12.9969100952,80.2491073608,40939,40951,12
12.99559021,80.2494430542,40951,40961,10
12.9945697784,80.249710083,40961,40971,10
12.9937200546,80.2499237061,40971,40981,10
12.9930000305,80.2501068115,40981,40991,10
12.9921197891,80.250328064,40991,41001,10
12.9913702011,80.2505264282,41001,41011,10
12.9910402298,80.2506332397,41011,41021,10
12.9909200668,80.2506637573,41021,41031,10
12.9904298782,80.2507781982,41031,41042,11
12.9895801544,80.2509994507,41042,41052,10
12.9888696671,80.2512130737,41052,41062,10
12.9883804321,80.2513198853,41062,41072,10
12.9879302979,80.251411438,41072,41082,10
12.9876003265,80.2514724731,41082,41092,10
12.9870195389,80.2516174316,41092,41102,10
12.9863004684,80.2518234253,41102,41112,10
12.9855098724,80.2520217896,41112,41122,10
12.984629631,80.2522583008,41122,41132,10
12.9837503433,80.2525024414,41132,41142,10
12.9828195572,80.2526626587,41142,41153,11
12.9817800522,80.2526779175,41153,41163,10
12.9808597565,80.2526931763,41163,41173,10
12.9800701141,80.2527389526,41173,41183,10
12.979590416,80.2527236938,41183,41193,10
12.9790000916,80.2526626587,41193,41203,10
12.978679657,80.2526168823,41203,41213,10
12.9784898758,80.2525100708,41213,41223,10
12.9779701233,80.2521133423,41223,41233,10
12.977230072,80.2515182495,41233,41243,10
12.976269722,80.2511367798,41243,41253,10
12.9751596451,80.2508163452,41253,41264,11
12.9739704132,80.2504882813,41264,41274,10
12.9730100632,80.2502288818,41274,41284,10
12.9719896317,80.2499389648,41284,41294,10
12.9710102081,80.249710083,41294,41304,10
12.9700803757,80.2493972778,41304,41314,10
12.9691400528,80.2490234375,41314,41324,10
12.9681901932,80.2486572266,41324,41334,10
12.9673595428,80.2483291626,41334,41344,10
12.9666700363,80.2479934692,41344,41354,10
12.965929985,80.2476577759,41354,41364,10
12.9654302597,80.2474594116,41364,41375,11
12.9652500153,80.2473526001,41375,41385,10
12.9652004242,80.2472763062,41385,41395,10
12.9647798538,80.2471389771,41395,41405,10
12.9636602402,80.2467727661,41405,41435,30
12.9636602402,80.2467727661,41435,41445,10
12.9634399414,80.2466583252,41445,41455,10
12.9629201889,80.2463912964,41455,41465,10
12.9621601105,80.2460479736,41465,41476,11
12.9611301422,80.2455596924,41476,41486,10
12.9600696564,80.2451171875,41486,41496,10
12.9593400955,80.2447814941,41496,41506,10
12.9593200684,80.2447662354,41506,41516,10
12.9590702057,80.2446517944,41516,41526,10
12.9586801529,80.2445068359,41526,41536,10
12.9580898285,80.2442398071,41536,41546,10
12.9575195313,80.2440185547,41546,41556,10
12.9568395615,80.2438430786,41556,41566,10
12.9564399719,80.2437210083,41566,41576,10
12.9563102722,80.2436828613,41576,41587,11
12.9557199478,80.2433624268,41587,41597,10
12.9550104141,80.2429885864,41597,41607,10
12.9541501999,80.2426071167,41607,41617,10
12.9532003403,80.2421798706,41617,41627,10
12.9518299103,80.2416763306,41627,41647,20
12.9518299103,80.2416763306,41647,41663,16
12.9513597488,80.2415237427,41663,41676,13
12.9504499435,80.2412414551,41676,41686,10
12.9492301941,80.2407989502,41686,41707,21
12.9492301941,80.2407989502,41707,41717,10
12.9490404129,80.2406997681,41717,41727,10
12.9484901428,80.2405166626,41727,41736,9
12.9478197098,80.2402572632,41736,41747,11
12.9471302032,80.240020752,41747,41756,9
12.9470596313,80.2399902344,41756,41766,10
12.9466600418,80.2398300171,41766,41777,11
12.9459104538,80.2394485474,41777,41787,10
12.9451198578,80.2389984131,41787,41798,11
12.9442796707,80.2381362915,41798,41808,10
12.9435501099,80.2373428345,41808,41818,10
12.9426002502,80.236579895,41818,41828,10
12.9413003922,80.2361831665,41828,41837,9
12.9402198792,80.2359237671,41837,41848,11
12.9398603439,80.2357711792,41848,41858,10
12.939740181,80.2357177734,41858,41868,10
12.939160347,80.235496521,41868,41878,10
12.9384002686,80.2351226807,41878,41888,10
12.9374799728,80.2346572876,41888,41898,10
12.9364204407,80.2340316772,41898,41909,11
12.9354696274,80.2336578369,41909,41919,10
12.9339103699,80.233001709,41919,41939,20
12.9339103699,80.233001709,41939,41949,10
12.933719635,80.2328796387,41949,41959,10
12.9332399368,80.2326812744,41959,41969,10
12.9326000214,80.2324676514,41969,41979,10
12.9317302704,80.2320022583,41979,41995,16
12.9297895432,80.2314987183,41995,42007,12
12.9284000397,80.2312469482,42007,42018,11
12.9270401001,80.2310791016,42018,42028,10
12.9262199402,80.2310180664,42028,42037,9
12.9260597229,80.2309875488,42037,42048,11
12.9254798889,80.2309188843,42048,42058,10
12.9246997833,80.2308425903,42058,42068,10
12.9237003326,80.2307128906,42068,42078,10
12.922659874,80.2305603027,42078,42088,10
12.921330452,80.2303390503,42088,42098,10
12.9196901321,80.2301330566,42098,42108,10
12.918419838,80.2299728394,42108,42118,10
12.9170398712,80.2297897339,42118,42129,11
12.9156398773,80.229598999,42129,42139,10
12.9143695831,80.2294006348,42139,42149,10
12.9133195877,80.229309082,42149,42169,20
12.9133195877,80.229309082,42169,42179,10
12.9129600525,80.2292404175,42179,42189,10
12.9122400284,80.2291107178,42189,42199,10
12.9112501144,80.2289581299,42199,42209,10
12.9101200104,80.2287979126,42209,42219,10
12.9089298248,80.2286224365,42219,42230,11
12.9078397751,80.2284393311,42230,42240,10
12.9070901871,80.2283477783,42240,42250,10
12.9064903259,80.2283096313,42250,42260,10
12.9063301086,80.228302002,42260,42270,10
12.9060897827,80.2283096313,42270,42280,10
12.9054899216,80.2282562256,42280,42290,10
12.9046697617,80.2282104492,42290,42300,10
12.9036903381,80.2281570435,42300,42310,10
12.9028196335,80.2281036377,42310,42320,10
12.9016199112,80.2280578613,42320,42341,21
12.9016199112,80.2280578613,42341,42351,10
12.9014596939,80.2281036377,42351,42361,10
12.9014196396,80.2280807495,42361,42371,10
12.9012203217,80.2279891968,42371,42381,10
12.9008398056,80.2279510498,42381,42391,10
12.9003000259,80.2279510498,42391,42401,10
12.8996601105,80.2279281616,42401,42441,40
12.8996601105,80.2279281616,42441,42452,11
12.8995304108,80.227897644,42452,42462,10
12.8991003036,80.2278671265,42462,42472,10
12.8984098434,80.2278366089,42472,42482,10
12.8975400925,80.2277908325,42482,42492,10
12.8964300156,80.227722168,42492,42502,10
12.8952198029,80.2276763916,42502,42512,10
12.8940696716,80.2276077271,42512,42522,10
12.8929796219,80.2274780273,42522,42532,10
12.8919200897,80.2273788452,42532,42542,10
12.8906803131,80.2273635864,42542,42553,11
12.8893098831,80.2273712158,42553,42563,10
12.888250351,80.2273483276,42563,42573,10
12.8875999451,80.2272872925,42573,42583,10
12.8869304657,80.2271575928,42583,42593,10
12.8860397339,80.2269592285,42593,42603,10
12.8853597641,80.2267379761,42603,42613,10
12.8849802017,80.2266235352,42613,42623,10
12.8846797943,80.2265319824,42623,42634,11
12.8846197128,80.2265090942,42634,42643,9
12.8835401535,80.2267303467,42643,42653,10
12.882519722,80.2267608643,42653,42664,11
12.8814897537,80.2267379761,42664,42674,10
12.8803501129,80.2267608643,42674,42684,10
12.8790197372,80.2267913818,42684,42694,10
12.8777503967,80.2268829346,42694,42704,10
12.8769598007,80.2269592285,42704,42714,10
12.8766899109,80.2269897461,42714,42724,10
12.8766098022,80.2270202637,42724,42734,10
12.8762302399,80.2270278931,42734,42744,10
12.8754997253,80.2270126343,42744,42754,10
12.874540329,80.2268829346,42754,42764,10
12.8734102249,80.2267608643,42764,42775,11
12.872710228,80.2267379761,42775,42785,10
12.8726997375,80.2267379761,42785,42795,10
12.8724803925,80.2267303467,42795,42805,10
12.8718395233,80.2267074585,42805,42815,10
12.8709802628,80.2266693115,42815,42824,9
12.8700199127,80.226600647,42824,42835,11
12.8686599731,80.2264328003,42835,42845,10
12.8673801422,80.2264709473,42845,42855,10
12.8661499023,80.2265930176,42855,42865,10
12.8649101257,80.2265930176,42865,42876,11
12.8634500504,80.2265396118,42876,42886,10
12.8621997833,80.2265777588,42886,42896,10
12.8610601425,80.2266082764,42896,42916,20
12.8610601425,80.2266082764,42916,42926,10
12.8606996536,80.2265777588,42926,42936,10
12.8600196838,80.2264785767,42936,42946,10
12.8591003418,80.2263565063,42946,42956,10
12.8581800461,80.2262802124,42956,42966,10
12.8570604324,80.2263336182,42966,42976,10
12.8558101654,80.2264633179,42976,42987,11
12.8542804718,80.2266235352,42987,42997,10
12.8529100418,80.2267379761,42997,43007,10
12.851559639,80.2266769409,43007,43017,10
12.8502998352,80.2266082764,43017,43027,10
12.8490400314,80.226600647,43027,43037,10
12.8478403091,80.2266082764,43037,43047,10
12.8467597961,80.2266311646,43047,43057,10
12.8458204269,80.2266311646,43057,43067,10
12.8454399109,80.2266082764,43067,43077,10
12.8455896378,80.2264785767,43077,43088,11
12.8453702927,80.2265472412,43088,43098,10
12.8450603485,80.2265472412,43098,43108,10
12.8443002701,80.2266311646,43108,43118,10
12.8433704376,80.2267837524,43118,43128,10
12.8423500061,80.2269821167,43128,43138,10
12.841340065,80.2271881104,43138,43148,10
12.8404102325,80.2274398804,43148,43158,10
12.8398199081,80.2276306152,43158,43229,71
12.8398199081,80.2276306152,43229,43239,10
12.8391895294,80.2278366089,43239,43249,10
12.8384599686,80.2280426025,43249,43259,10
12.8374996185,80.2282485962,43259,43269,10
12.8363103867,80.2284393311,43269,43279,10
12.8350601196,80.2286300659,43279,43289,10
12.8339996338,80.2288131714,43289,43299,10
12.8329696655,80.2289962769,43299,43310,11
12.8323602676,80.229133606,43310,43320,10
12.8322601318,80.2291412354,43320,43330,10
12.8317499161,80.2292480469,43330,43340,10
12.8310003281,80.2294616699,43340,43350,10
12.8300199509,80.2297973633,43350,43360,10
12.8290300369,80.230178833,43360,43370,10
12.8280296326,80.23072052,43370,43380,10
12.8269701004,80.2312393188,43380,43390,10
12.8259296417,80.2313766479,43390,43400,10
12.8248500824,80.2313995361,43400,43411,11
12.8235702515,80.231086731,43411,43421,10
12.8224000931,80.23072052,43421,43431,10
12.8211803436,80.2304763794,43431,43441,10
12.8198604584,80.230506897,43441,43451,10
12.8190402985,80.2305221558,43451,43461,10
12.8188695908,80.2304763794,43461,43471,10
12.8183403015,80.2303009033,43471,43481,10
12.8175201416,80.229888916,43481,43491,10
12.8164100647,80.2295074463,43491,43501,10
12.815079689,80.2293167114,43501,43511,10
12.8137998581,80.2290802002,43511,43522,11
12.8124599457,80.2286224365,43522,43532,10
12.8111696243,80.2281570435,43532,43542,10
12.8099498749,80.2276611328,43542,43552,10
12.8089704514,80.2270812988,43552,43562,10
12.8079900742,80.2262878418,43562,43572,10
12.8071603775,80.2255630493,43572,43582,10
12.8065900803,80.2250518799,43582,43592,10
12.8059101105,80.2244796753,43592,43602,10
12.8052396774,80.2241516113,43602,43612,10
12.804889679,80.2240600586,43612,43622,10
12.8047599792,80.223991394,43622,43633,11
12.8041601181,80.2239074707,43633,43651,18
12.802740097,80.2237701416,43651,43663,12
12.8014297485,80.2236175537,43663,43673,10
12.8008804321,80.2236328125,43673,43683,10
12.8007802963,80.2236022949,43683,43693,10
12.8002004623,80.2235488892,43693,43703,10
12.7993402481,80.2235031128,43703,43713,10
12.7983598709,80.2234573364,43713,43723,10
12.7972402573,80.2232818604,43723,43734,11
12.7961196899,80.2230377197,43734,43744,10
12.7959299088,80.2229690552,43744,43754,10
12.7956695557,80.22290802,43754,43764,10
12.7950201035,80.2228088379,43764,43774,10
12.7940597534,80.2226486206,43774,43784,10
12.7929801941,80.2223815918,43784,43794,10
12.7918796539,80.2221908569,43794,43804,10
12.7908601761,80.2219619751,43804,43814,10
12.7899198532,80.2217178345,43814,43824,10
12.7892799377,80.2215194702,43824,43834,10
12.7888298035,80.2213668823,43834,43855,21
12.7886800766,80.221282959,43855,43885,30
12.7886800766,80.221282959,43885,43895,10
12.7883996964,80.2211990356,43895,43935,40
12.7883996964,80.2211990356,43935,43945,10
12.7881498337,80.2210617065,43945,44016,71
12.7881498337,80.2210617065,44016,44026,10
12.787560463,80.2209014893,44026,44046,20
12.787560463,80.2209014893,44046,44057,11
12.7874202728,80.2209091187,44057,44067,10
12.7872400284,80.2208480835,44067,44077,10
12.7871103287,80.220916748,44077,44087,10
12.7872400284,80.2207870483,44087,44097,10
12.7872495651,80.2207870483,44097,44107,10
12.7871198654,80.220703125,44107,44117,10
12.7871599197,80.2206115723,44117,44127,10
12.7868404388,80.2205963135,44127,44137,10
12.7865600586,80.2205123901,44137,44157,20
12.7865600586,80.2205123901,44157,44168,11
12.7862901688,80.2203979492,44168,44208,40
12.7862901688,80.2203979492,44208,44218,10
12.7861604691,80.2207107544,44218,44228,10
12.7861795425,80.2211380005,44228,44248,20
12.7861795425,80.2211380005,44248,44258,10
12.7861700058,80.2213134766,44258,44268,10
12.7861995697,80.2215805054,44268,44279,11
12.7861700058,80.222038269,44279,45954,1675
12.7861700058,80.222038269,45954,45964,10
12.7861795425,80.2212295532,45964,45984,20
12.7861795425,80.2212295532,45984,45995,11
12.7861604691,80.2210693359,45995,46005,10
12.7861499786,80.2207870483,46005,46015,10
12.7861404419,80.2207107544,46015,46025,10
12.7861404419,80.2203979492,46025,46126,101
12.7861404419,80.2203979492,46126,46136,10
12.7864599228,80.2203979492,46136,46146,10
12.7866601944,80.2204971313,46146,46156,10
12.7869997025,80.2206268311,46156,46166,10
12.787560463,80.2208328247,46166,46176,10
12.7881097794,80.2210464478,46176,46186,10
12.7888002396,80.221321106,46186,46196,10
12.7894496918,80.2215576172,46196,46207,11
12.789899826,80.2217025757,46207,46217,10
12.7902698517,80.2217788696,46217,46227,10
12.7910604477,80.2219772339,46227,46237,10
12.7922401428,80.2222671509,46237,46247,10
12.7936496735,80.2225189209,46247,46257,10
12.7951402664,80.2227478027,46257,46267,10
12.7962503433,80.2229309082,46267,46277,10
12.7965898514,80.2229995728,46277,46287,10
12.7973098755,80.2231369019,46287,46297,10
12.7984104156,80.2232971191,46297,46307,10
12.7997703552,80.2234268188,46307,46318,11
12.8011798859,80.2235336304,46318,46328,10
12.8014602661,80.2235565186,46328,46338,10
12.8018598557,80.2236022949,46338,46348,10
12.8026599884,80.2237091064,46348,46358,10
12.8035497665,80.2238235474,46358,46368,10
12.8045396805,80.2238998413,46368,46378,10
12.8053302765,80.2240524292,46378,46388,10
12.8055801392,80.2241287231,46388,46398,10
12.8059597015,80.2244491577,46398,46408,10
12.8066196442,80.2250289917,46408,46418,10
12.8074102402,80.2257385254,46418,46429,11
12.8084602356,80.2266311646,46429,46439,10
12.8093795776,80.2273101807,46439,46449,10
12.8101902008,80.227722168,46449,46459,10
12.8109998703,80.2280197144,46459,46469,10
12.8111696243,80.2280807495,46469,46479,10
12.8118200302,80.2283325195,46479,46489,10
12.8128099442,80.2286834717,46489,46499,10
12.8139600754,80.2290725708,46499,46509,10
12.8151397705,80.2292861938,46509,46519,10
12.8164100647,80.2294616699,46519,46530,11
12.816740036,80.2294921875,46530,46540,10
12.8169803619,80.2295608521,46540,46550,10
12.8175401688,80.2297897339,46550,46560,10
12.8184299469,80.2302322388,46560,46570,10
12.8193397522,80.2304611206,46570,46580,10
12.8197803497,80.2304382324,46580,46590,10
12.8202104568,80.2304229736,46590,46600,10
12.8211603165,80.2304382324,46600,46610,10
12.8224000931,80.230682373,46610,46620,10
12.8238201141,80.2310791016,46620,46630,10
12.8251600266,80.2313537598,46630,46640,10
12.8261203766,80.231300354,46640,46650,10
12.8263998032,80.2312774658,46650,46661,11
12.8271999359,80.2311172485,46661,46671,10
12.8281297684,80.2306213379,46671,46681,10
12.8292198181,80.2300567627,46681,46691,10
12.830329895,80.2296295166,46691,46701,10
12.8310499191,80.2293777466,46701,46711,10
12.8311100006,80.2293624878,46711,46721,10
12.8311300278,80.229347229,46721,46731,10
12.8312501907,80.2293014526,46731,46741,10
12.8317804337,80.2291564941,46741,46752,11
12.8326396942,80.2289581299,46752,46762,10
12.8336296082,80.2287826538,46762,46772,10
12.8347196579,80.2285766602,46772,46782,10
12.8358802795,80.2284011841,46782,46792,10
12.8368597031,80.2282409668,46792,46802,10
12.8383197784,80.2279586792,46802,46812,10
12.83934021,80.2276916504,46812,46852,40
12.83934021,80.2276916504,46852,46863,11
12.8395595551,80.2277984619,46863,46873,10
12.8396997452,80.2276916504,46873,46883,10
12.8402204514,80.2275238037,46883,46893,10
12.8410797119,80.2272720337,46893,46903,10
12.8422298431,80.2270126343,46903,46913,10
12.8434000015,80.2267684937,46913,46923,10
12.8445701599,80.2265930176,46923,46933,10
12.8453798294,80.2265167236,46933,46963,30
12.8453798294,80.2265167236,46963,46974,11
12.8454303741,80.2265167236,46974,46984,10
12.8457603455,80.2265090942,46984,46994,10
12.8463497162,80.2265167236,46994,47004,10
12.8472900391,80.2265167236,47004,47014,10
12.8484897614,80.2265167236,47014,47024,10
12.8496398926,80.2265014648,47024,47034,10
12.850060463,80.2264785767,47034,47044,10
12.8502702713,80.2264709473,47044,47054,10
12.850979805,80.2265014648,47054,47064,10
12.8520402908,80.2265625,47064,47074,10
12.85338974,80.226600647,47074,47085,11
12.8550395966,80.2264404297,47085,47095,10
12.8566198349,80.226272583,47095,47105,10
12.8580904007,80.2261734009,47105,47115,10
12.8593702316,80.22631073,47115,47125,10
12.8605098724,80.2264633179,47125,47135,10
12.8609104156,80.2264709473,47135,47145,10
12.86095047,80.2264785767,47145,47155,10
12.8614501953,80.2264785767,47155,47165,10
12.8623600006,80.2264633179,47165,47175,10
12.8635597229,80.2264633179,47175,47185,10
12.8649597168,80.2265396118,47185,47196,11
12.8665895462,80.2264709473,47196,47206,10
12.8681297302,80.2263336182,47206,47216,10
12.8696804047,80.2264480591,47216,47226,10
12.8711795807,80.2265777588,47226,47236,10
12.872420311,80.226600647,47236,47246,10
12.8728103638,80.226600647,47246,47256,10
12.8729400635,80.226600647,47256,47266,10
12.8735904694,80.2266311646,47266,47276,10
12.8745603561,80.2267532349,47276,47286,10
12.8757400513,80.2268829346,47286,47297,11
12.8766202927,80.226852417,47297,47307,10
12.8766803741,80.2268371582,47307,47317,10
12.877120018,80.2268218994,47317,47327,10
12.8779697418,80.2267608643,47327,47337,10
12.8791303635,80.2266769409,47337,47347,10
12.8804502487,80.2266616821,47347,47357,10
12.8818302155,80.2266464233,47357,47367,10
12.8832502365,80.2266387939,47367,47377,10
12.8851699829,80.2266235352,47377,47397,20
12.8851699829,80.2266235352,47397,47408,11
12.8852796555,80.2266387939,47408,47418,10
12.8858299255,80.2267837524,47418,47428,10
12.8867301941,80.2270202637,47428,47438,10
12.8879203796,80.2272262573,47438,47448,10
12.8893203735,80.2273025513,47448,47458,10
12.8908004761,80.2272872925,47458,47468,10
12.8921203613,80.2272567749,47468,47488,20
12.8921203613,80.2272567749,47488,47498,10
12.8921499252,80.2272796631,47498,47508,10
12.8926000595,80.2273406982,47508,47519,11
12.8935203552,80.2274703979,47519,47529,10
12.8946504593,80.2275695801,47529,47539,10
12.8958997726,80.2276229858,47539,47549,10
12.8972501755,80.2276763916,47549,47559,10
12.8985395432,80.2277374268,47559,47569,10
12.8996601105,80.2277984619,47569,47579,10
12.9004096985,80.2277984619,47579,47589,10
12.9006996155,80.2277908325,47589,47640,51
12.9006996155,80.2277908325,47640,47650,10
12.9010095596,80.2278900146,47650,47660,10
12.9016304016,80.2279510498,47660,47670,10
12.9025402069,80.2279663086,47670,47690,20
12.9025402069,80.2279663086,47690,47700,10
12.9026603699,80.2279891968,47700,47710,10
12.903260231,80.2280426025,47710,47720,10
12.9041500092,80.2280731201,47720,47731,11
12.9052400589,80.2281188965,47731,47741,10
12.9065303802,80.2281494141,47741,47771,30
12.9065303802,80.2281494141,47771,47781,10
12.9066801071,80.2282104492,47781,47791,10
12.9071502686,80.2282485962,47791,47801,10
12.9080495834,80.2283935547,47801,47811,10
12.9091396332,80.2285690308,47811,47821,10
12.9107599258,80.2288284302,47821,47831,10
12.9122200012,80.2290420532,47831,47842,11
12.9135198593,80.2292022705,47842,47852,10
12.9140300751,80.2292633057,47852,47862,10
12.9141302109,80.2292785645,47862,47872,10
12.9146900177,80.2293701172,47872,47882,10
12.9156398773,80.2295303345,47882,47892,10
12.9168996811,80.2296981812,47892,47902,10
12.9183101654,80.2299118042,47902,47912,10
12.9197397232,80.2300872803,47912,47922,10
12.9211797714,80.2302627563,47922,47932,10
12.9226903915,80.2304763794,47932,47943,11
12.924369812,80.2306976318,47943,47953,10
12.9255895615,80.2308502197,47953,47963,10
12.9263601303,80.2309188843,47963,47993,30
12.9263601303,80.2309188843,47993,48003,10
12.9264001846,80.2309265137,48003,48013,10
12.9268598557,80.2309799194,48013,48023,10
12.9276304245,80.2310791016,48023,48033,10
12.9286003113,80.2312164307,48033,48043,10
12.9297399521,80.2314300537,48043,48054,11
12.9312696457,80.2318572998,48054,48064,10
12.9326601028,80.2323226929,48064,48074,10
12.9336395264,80.2327270508,48074,48094,20
12.9336395264,80.2327270508,48094,48104,10
12.9338302612,80.2328567505,48104,48114,10
12.934419632,80.2331085205,48114,48124,10
12.9353103638,80.2335205078,48124,48134,10
12.9359903336,80.2338180542,48134,48144,10
12.9366703033,80.23412323,48144,48161,17
12.9384202957,80.234992981,48161,48173,12
12.9395999908,80.2356033325,48173,48193,20
12.9395999908,80.2356033325,48193,48203,10
12.9398202896,80.2357406616,48203,48213,10
12.9404602051,80.2359390259,48213,48223,10
12.9412403107,80.2361297607,48223,48232,9
12.9427099228,80.2365570068,48232,48244,12
12.9438800812,80.2375869751,48244,48254,10
12.9446697235,80.2384567261,48254,48264,10
12.9454603195,80.2391967773,48264,48275,11
12.9466199875,80.2397003174,48275,48285,10
12.9470996857,80.2398910522,48285,48295,10
12.94713974,80.2398986816,48295,48305,10
12.9475097656,80.2400665283,48305,48315,10
12.9482498169,80.2403869629,48315,48325,10
12.9486904144,80.2405776978,48325,48355,30
12.9486904144,80.2405776978,48355,48365,10
12.9490203857,80.240737915,48365,48376,11
12.9496898651,80.2409591675,48376,48386,10
12.9506397247,80.2412185669,48386,48395,9
12.9511804581,80.2413711548,48395,48406,11
12.9513196945,80.2414169312,48406,48416,10
12.9518995285,80.2416305542,48416,48426,10
12.9527301788,80.2419509888,48426,48436,10
12.9535703659,80.2422790527,48436,48446,10
12.9542703629,80.2425613403,48446,48456,10
12.9551095963,80.2428817749,48456,48466,10
12.9561595917,80.2433013916,48466,48497,31
12.9561595917,80.2433013916,48497,48507,10
12.9565601349,80.2434921265,48507,48517,10
12.9572401047,80.2437667847,48517,48527,10
12.9581003189,80.2441177368,48527,48537,10
12.9589195251,80.244430542,48537,48547,10
12.9590101242,80.2444763184,48547,48557,10
12.9593601227,80.2446517944,48557,48567,10
12.9600095749,80.2449493408,48567,48577,10
12.9608697891,80.2453384399,48577,48588,11
12.9620304108,80.2459106445,48588,48598,10
12.9634304047,80.24659729,48598,48628,30
12.9634304047,80.24659729,48628,48638,10
12.96352005,80.2466583252,48638,48648,10
12.9638595581,80.2468185425,48648,48658,10
12.9645004272,80.2470626831,48658,48668,10
12.9653701782,80.2473373413,48668,48678,10
12.9669103622,80.2479629517,48678,48698,20
12.9669103622,80.2479629517,48698,48709,11
12.9671001434,80.2480926514,48709,48719,10
12.9676198959,80.248336792,48719,48729,10
12.9684200287,80.248626709,48729,48739,10
12.9693899155,80.2490386963,48739,48749,10
12.9705400467,80.24949646,48749,48759,10
12.9718704224,80.2498703003,48759,48769,10
12.9730396271,80.2501602173,48769,48779,10
12.9741001129,80.2504577637,48779,48789,10
12.9752702713,80.250793457,48789,48800,11
12.9765901566,80.251159668,48800,48810,10
12.9776802063,80.251701355,48810,48820,10
12.9784803391,80.2522964478,48820,48830,10
12.9785900116,80.2523574829,48830,48839,9
12.978679657,80.2524108887,48839,48850,11
12.9791002274,80.2525405884,48850,48860,10
12.9797096252,80.2526092529,48860,48921,61
12.9797096252,80.2526092529,48921,48931,10
12.9797801971,80.2527389526,48931,48941,10
12.9801397324,80.2527313232,48941,48951,10
12.9807796478,80.2526779175,48951,48961,10
12.9816398621,80.2526397705,48961,48971,10
12.9827098846,80.2525863647,48971,48981,10
12.9838695526,80.2523880005,48981,48991,10
12.985039711,80.2520828247,48991,49001,10
12.9860496521,80.2517929077,49001,49011,10
12.9868097305,80.2515869141,49011,49022,11
12.9874801636,80.2513580322,49022,49082,60
12.9874801636,80.2513580322,49082,49092,10
12.987660408,80.2513198853,49092,49102,10
12.9880104065,80.2512435913,49102,49112,10
12.988699913,80.2510910034,49112,49123,11
12.9894304276,80.2509078979,49123,49133,10
12.9894504547,80.2509231567,49133,49143,10
12.9899597168,80.2510070801,49143,49153,10
12.990530014,80.2508010864,49153,49163,10
12.9913101196,80.250541687,49163,49173,10
12.9922504425,80.2502365112,49173,49183,10
12.9934196472,80.2499313354,49183,49193,10
12.9946298599,80.2496185303,49193,49203,10
12.9957895279,80.2493362427,49203,49213,10
12.9968595505,80.2490463257,49213,49223,10
12.9982795715,80.2486724854,49223,49234,11
12.999879837,80.2482833862,49234,49244,10
13.0013799667,80.2479019165,49244,49253,9
13.0024003983,80.2476501465,49253,49264,11
13.0036201477,80.247428894,49264,49274,10
13.0048599243,80.2472686768,49274,49284,10
13.0060396194,80.246963501,49284,49294,10
13.0065202713,80.2464065552,49294,49304,10
13.0065202713,80.246383667,49304,49314,10
13.0065603256,80.2460784912,49314,49324,10
13.0066204071,80.2454223633,49324,49334,10
13.0066003799,80.2445373535,49334,49345,11
13.0066404343,80.243560791,49345,49355,10
13.0066204071,80.2426681519,49355,49365,10
13.0065898895,80.2415618896,49365,49375,10
13.0067596436,80.2405014038,49375,49385,10
13.0069799423,80.2394485474,49385,49395,10
13.0071601868,80.2385177612,49395,49405,10
13.0073204041,80.2378082275,49405,49415,10
13.0074596405,80.2370910645,49415,49425,10
13.0074796677,80.2367172241,49425,49435,10
13.0074796677,80.2365875244,49435,49446,11
13.007610321,80.2361373901,49446,49456,10
13.0077495575,80.2354278564,49456,49466,10
13.0079202652,80.2345809937,49466,49476,10
13.0081195831,80.2334976196,49476,49486,10
13.0083904266,80.2322692871,49486,49496,10
13.0086603165,80.23097229,49496,49506,10
13.0088596344,80.229850769,49506,49516,10
13.0092096329,80.2282409668,49516,49526,10
13.0097398758,80.2270431519,49526,49536,10
13.0102996826,80.2259216309,49536,49546,10
13.0107698441,80.2248916626,49546,49557,11
13.0111398697,80.2239990234,49557,49567,10
13.0112495422,80.2236175537,49567,49577,10
13.0113801956,80.2231903076,49577,49587,10
13.0116195679,80.2226333618,49587,49597,10
13.0119304657,80.2219467163,49597,49607,10
13.0122404099,80.2213897705,49607,49617,10
13.0123901367,80.2215881348,49617,49627,10
13.0126695633,80.2221221924,49627,49637,10
13.0132303238,80.2227020264,49637,49647,10
13.0138397217,80.2234268188,49647,49657,10
13.0144300461,80.2240829468,49657,49668,11
13.014840126,80.2245407104,49668,49677,9
13.015080452,80.2248001099,49677,49688,11
13.0153503418,80.2249221802,49688,49698,10
13.0156002045,80.2250518799,49698,49708,10
13.0156002045,80.2250595093,49708,49718,10
13.0157804489,80.2251815796,49718,49728,10
13.0161504745,80.2253417969,49728,49738,10
13.0167598724,80.2251968384,49738,49748,10
13.0176200867,80.2248382568,49748,49758,10
13.0186004639,80.2244567871,49758,49769,11
13.0193195343,80.2243423462,49769,49779,10
13.0194597244,80.2244033813,49779,49789,10
13.0197095871,80.2245178223,49789,49799,10
13.0199403763,80.2246627808,49799,49809,10
13.0203800201,80.2249984741,49809,49819,10
13.0209903717,80.2254714966,49819,49829,10
13.0216999054,80.2259597778,49829,49845,16
13.0225400925,80.2266387939,49845,49866,21
13.0225400925,80.2266387939,49866,49878,12
13.0227203369,80.2268676758,49878,49888,10
13.023150444,80.2273178101,49888,49898,10
13.0232896805,80.2279891968,49898,49908,10
13.0238704681,80.228302002,49908,49918,10
13.0243797302,80.2286529541,49918,49928,10
13.0249004364,80.2293319702,49928,49937,9
13.0254402161,80.2300415039,49937,49947,10
13.0258102417,80.2306289673,49947,49958,11
13.0258998871,80.2309188843,49958,49968,10
13.02602005,80.2313995361,49968,49978,10
13.0262403488,80.2321472168,49978,49989,11
13.0266199112,80.2330932617,49989,49999,10
13.027130127,80.2339706421,49999,50009,10
13.0276403427,80.2348937988,50009,50019,10
13.0280199051,80.2355117798,50019,50029,10
13.0285100937,80.2360992432,50029,50039,10
13.0291795731,80.2368087769,50039,50049,10
13.0295600891,80.2372207642,50049,50065,16
13.0298404694,80.2376785278,50065,50077,12
13.0302095413,80.238319397,50077,50085,8
13.0305404663,80.2388381958,50085,50098,13
13.0309200287,80.239402771,50098,50108,10
13.0309400558,80.2394180298,50108,50117,9
13.031080246,80.2396774292,50117,50127,10
13.03125,80.2399673462,50127,50138,11
13.0313997269,80.2405471802,50138,50148,10
13.0315504074,80.2410202026,50148,50158,10
13.0318202972,80.2415924072,50158,50168,10
13.0321798325,80.2422180176,50168,50178,10
13.0326700211,80.2428131104,50178,50188,10
13.0332899094,80.2437210083,50188,50199,11
13.0339002609,80.2444381714,50199,50209,10
13.034330368,80.2451324463,50209,50219,10
13.0347204208,80.245552063,50219,50229,10
13.0350399017,80.24584198,50229,50239,10
13.0351800919,80.2460021973,50239,50249,10
13.0354404449,80.2461700439,50249,50259,10
13.0356903076,80.2462005615,50259,50269,10
13.0356998444,80.2462081909,50269,50279,10
13.0359201431,80.2464065552,50279,50289,10
13.0362195969,80.2464599609,50289,50300,11
13.0368204117,80.2465515137,50300,50310,10
13.0373802185,80.2464599609,50310,50320,10
13.037779808,80.2464675903,50320,50330,10
13.038189888,80.2465667725,50330,50340,10
13.0386104584,80.2467422485,50340,50350,10
13.0389604568,80.2469100952,50350,50360,10
13.0395402908,80.2469787598,50360,50370,10
13.0401000977,80.2471237183,50370,50380,10
13.0408601761,80.2472381592,50380,50390,10
13.041680336,80.2473678589,50390,50400,10
13.0423002243,80.2475662231,50400,50411,11
13.0426502228,80.2479019165,50411,50421,10
13.0431995392,80.2482833862,50421,50431,10
13.0438098907,80.2481765747,50431,50441,10
13.0444602966,80.248046875,50441,50451,10
13.0449800491,80.2482223511,50451,50461,10
13.0454797745,80.2483901978,50461,50471,10
13.0461397171,80.2485580444,50471,50481,10
13.0467796326,80.2484436035,50481,50491,10
13.0468997955,80.2484436035,50491,50501,10
13.0473203659,80.248588562,50501,50511,10
13.0477600098,80.2489776611,50511,50522,11
13.0483999252,80.2496414185,50522,50532,10
13.0489597321,80.2498168945,50532,50542,10
13.0497598648,80.2498703003,50542,50552,10
13.0507202148,80.2500305176,50552,50562,10
13.0516195297,80.2503204346,50562,50572,10
13.0523700714,80.2510528564,50572,50582,10
13.0530796051,80.2520065308,50582,50592,10
13.0539798737,80.2532577515,50592,50602,10
13.0547504425,80.2543029785,50602,50612,10
13.0554199219,80.2551879883,50612,50623,11
13.0560398102,80.2560882568,50623,50633,10
13.0566701889,80.2567062378,50633,50643,10
13.057510376,80.2573318481,50643,50653,10
13.058139801,80.2580413818,50653,50663,10
13.0587396622,80.2587814331,50663,50673,10
13.0592803955,80.259803772,50673,50683,10
13.0600004196,80.2604827881,50683,50693,10
13.0606298447,80.2611465454,50693,50709,16
13.0607795715,80.2614135742,50709,50721,12
13.0612401962,80.2618789673,50721,50729,8
13.0615997314,80.262260437,50729,50742,13
13.0621795654,80.2631072998,50742,50752,10
13.0628900528,80.2638778687,50752,50761,9
13.0634498596,80.2647018433,50761,50772,11
13.0639600754,80.2655029297,50772,50782,10
13.0644397736,80.2660903931,50782,50791,9
13.0649003983,80.2666320801,50791,50802,11
13.0654201508,80.2670898438,50802,50812,10
13.0656995773,80.2673034668,50812,50822,10
13.0657997131,80.2675018311,50822,50832,10
13.0660896301,80.2679519653,50832,50843,11
13.066619873,80.2685089111,50843,50853,10
13.0672597885,80.268913269,50853,50863,10
13.0678901672,80.269317627,50863,50873,10
13.0681800842,80.2695999146,50873,50883,10
13.068110466,80.2701416016,50883,50893,10
13.0680904388,80.2706604004,50893,50903,10
13.0680999756,80.2710571289,50903,50913,10
13.0683603287,80.2716217041,50913,50923,10
13.0690698624,80.271987915,50923,50933,10
13.0697603226,80.2726593018,50933,50943,10
13.0704097748,80.2734222412,50943,50960,17
13.0717601776,80.2743988037,50960,50972,12
13.0727796555,80.2754211426,50972,50982,10
13.0734500885,80.2761077881,50982,50990,8
13.0743398666,80.2763137817,50990,51002,12
13.0753698349,80.276260376,51002,51012,10
13.0761003494,80.2762374878,51012,51020,8
13.0765800476,80.2762298584,51020,51032,12
13.0775604248,80.2761688232,51032,51042,10
13.0781698227,80.2759017944,51042,51053,11
13.0784301758,80.2752685547,51053,51063,10
13.0790500641,80.2751312256,51063,51073,10
13.0797100067,80.2752609253,51073,51083,10
13.0804796219,80.2752304077,51083,51093,10
13.0809202194,80.2751693726,51093,51103,10
13.0810003281,80.2751617432,51103,51113,10
13.0813102722,80.2751312256,51113,51123,10
13.0816602707,80.2751617432,51123,51133,10
13.0819101334,80.2752914429,51133,51224,91
13.0819101334,80.2752914429,51224,51234,10
13.0820503235,80.2754898071,51234,51254,20
13.0820503235,80.2754898071,51254,51265,11
13.0819702148,80.275932312,51265,51275,10
13.0818996429,80.276222229,51275,51285,10
13.0819702148,80.2768783569,51285,51295,10
13.0820598602,80.2777023315,51295,51305,10
13.0821695328,80.2781524658,51305,51315,10
13.0820503235,80.2783126831,51315,51325,10
13.0819597244,80.2779083252,51325,51335,10
13.0818595886,80.2771377563,51335,51345,10
13.0817403793,80.2761688232,51345,51355,10
13.0815696716,80.2754592896,51355,51365,10
13.081489563,80.2752609253,51365,51376,11
13.0811195374,80.2751998901,51376,51386,10
13.0805597305,80.2752609253,51386,51396,10
13.0799398422,80.2753372192,51396,51406,10
13.0792398453,80.2752609253,51406,51416,10
13.0784397125,80.2753067017,51416,51426,10
13.0780601501,80.2761306763,51426,51436,10
13.0772199631,80.2762680054,51436,51446,10
13.0763196945,80.2763214111,51446,51456,10
13.0759401321,80.2763214111,51456,51466,10
13.0758895874,80.2761535645,51466,51476,10
13.0759296417,80.2758789063,51476,51487,11
13.075969696,80.2754516602,51487,51497,10
13.0759096146,80.2749633789,51497,51507,10
13.0759601593,80.2747421265,51507,51517,10
13.0761299133,80.2747268677,51517,51608,91
13.0761299133,80.2747268677,51608,51618,10
13.076259613,80.2747497559,51618,51769,151
13.076259613,80.2747497559,51769,51779,10
13.0759897232,80.2750167847,51779,51789,10
13.0760297775,80.2754974365,51789,51800,11
13.0761804581,80.2758407593,51800,52799,999
13.0761804581,80.2758407593,52799,52809,10
13.0759401321,80.2759780884,52809,52819,10
13.075920105,80.2761077881,52819,52829,10
13.0761003494,80.2761993408,52829,52839,10
13.0766496658,80.2761993408,52839,52849,10
13.0773801804,80.2761001587,52849,52859,10
13.0781402588,80.2759475708,52859,52870,11
13.0785398483,80.2751617432,52870,52880,10
13.0794000626,80.2751998901,52880,52890,10
13.0802097321,80.2752380371,52890,52900,10
13.0810098648,80.2751617432,52900,52910,10
13.0816497803,80.275138855,52910,52920,10
13.081990242,80.2752838135,52920,52950,30
13.0820598602,80.2755584717,52950,53574,624
13.0820598602,80.2755584717,53574,53584,10
13.0820598602,80.2758407593,53584,53594,10
13.0818500519,80.2760009766,53594,53604,10
13.0818395615,80.2763824463,53604,53615,11
13.0818996429,80.2771835327,53615,53625,10
13.0820503235,80.277923584,53625,53635,10
13.0825901031,80.2779998779,53635,53645,10
13.0831899643,80.2780609131,53645,53655,10
13.0833902359,80.2781524658,53655,53665,10
13.0834999084,80.2784576416,53665,53675,10
13.0834598541,80.2788772583,53675,53685,10
13.0829000473,80.2786865234,53685,53695,10
13.0823402405,80.2784729004,53695,53756,61
13.0823402405,80.2784729004,53756,53766,10
13.0821800232,80.2783966064,53766,53776,10
13.0819797516,80.2780075073,53776,53786,10
13.081870079,80.2772598267,53786,53796,10
13.0817499161,80.2763595581,53796,53806,10
13.0815601349,80.2757110596,53806,53857,51
13.0815601349,80.2757110596,53857,53867,10
13.081489563,80.2752914429,53867,53877,10
13.0814304352,80.2751693726,53877,53887,10
13.0811004639,80.2751617432,53887,53897,10
13.0804595947,80.2752304077,53897,53907,10
13.0797100067,80.2752990723,53907,53917,10
13.0788602829,80.2751464844,53917,53927,10
13.0782203674,80.2756881714,53927,53938,11
13.0775403976,80.2761993408,53938,53948,10
13.0765695572,80.2762298584,53948,53958,10
13.0755395889,80.276260376,53958,53968,10
13.0750303268,80.2763137817,53968,53978,10
13.0745201111,80.2762985229,53978,53988,10
13.0737304688,80.2763671875,53988,53998,10
13.0730600357,80.2758789063,53998,54008,10
13.0723495483,80.2750778198,54008,54018,10
13.071849823,80.2746429443,54018,54049,31
13.071849823,80.2746429443,54049,54059,10
13.0716896057,80.274559021,54059,54069,10
13.0713300705,80.2744369507,54069,54079,10
13.0707798004,80.2742767334,54079,54089,10
13.0706300735,80.2741165161,54089,54099,10
13.0705795288,80.2740097046,54099,54109,10
13.0703802109,80.2735137939,54109,54119,10
13.0698795319,80.2728805542,54119,54129,10
13.0692195892,80.2721786499,54129,54139,10
13.0684900284,80.2718276978,54139,54150,11
13.0680999756,80.271446228,54150,54160,10
13.0678195953,80.270942688,54160,54170,10
13.0672502518,80.2703399658,54170,54180,10
13.0667104721,80.2698135376,54180,54190,10
13.0665102005,80.2692565918,54190,54200,10
13.0664300919,80.2685470581,54200,54210,10
13.0660295486,80.2679595947,54210,54220,10
13.0653896332,80.2676086426,54220,54240,20
13.0653896332,80.2676086426,54240,54250,10
13.0651102066,80.2675323486,54250,54267,17
13.0642204285,80.2673797607,54267,54279,12
13.0635700226,80.2672805786,54279,54289,10
13.0629701614,80.2671737671,54289,54299,10
13.0624399185,80.2667694092,54299,54308,9
13.061920166,80.2661209106,54308,54319,11
13.0613603592,80.265411377,54319,54328,9
13.0604801178,80.2654037476,54328,54351,23
13.0604801178,80.2654037476,54351,54363,12
13.060259819,80.2655410767,54363,54373,10
13.0597295761,80.2656021118,54373,54383,10
13.0591802597,80.2655105591,54383,54393,10
13.058719635,80.2653579712,54393,54403,10
13.0585699081,80.2653427124,54403,54413,10
13.0582895279,80.265296936,54413,54423,10
13.0580501556,80.2649765015,54423,54433,10
13.057970047,80.2643203735,54433,54443,10
13.0579099655,80.2637481689,54443,54453,10
13.0578699112,80.263130188,54453,54464,11
13.0577802658,80.2624893188,54464,54474,10
13.0577497482,80.262260437,54474,54484,10
13.0576601028,80.261680603,54484,54494,10
13.0574798584,80.2608795166,54494,54504,10
13.0572299957,80.2600479126,54504,54514,10
13.0569601059,80.2591323853,54514,54524,10
13.0567598343,80.2585067749,54524,54534,10
13.0566196442,80.2578582764,54534,54544,10
13.0565595627,80.257522583,54544,54554,10
13.0565500259,80.2573776245,54554,54564,10
13.0565395355,80.2573471069,54564,54575,11
13.0564498901,80.257019043,54575,54585,10
13.0564098358,80.2567214966,54585,54595,10
13.0562801361,80.2563171387,54595,54605,10
13.0559196472,80.2557830811,54605,54615,10
13.0553598404,80.255027771,54615,54625,10
13.0546598434,80.254119873,54625,54635,10
13.0539398193,80.2531585693,54635,54645,10
13.0532903671,80.2522888184,54645,54655,10
13.0526103973,80.2513504028,54655,54665,10
13.05189991,80.2504806519,54665,54675,10
13.0508003235,80.2499771118,54675,54686,11
13.0493202209,80.2497177124,54686,54696,10
13.0483398438,80.24949646,54696,54706,10
13.0475797653,80.248878479,54706,54715,9
13.0469503403,80.2485275269,54715,54726,11
13.0468597412,80.2485275269,54726,54736,10
13.0466995239,80.2485122681,54736,54745,9
13.0463495255,80.2484588623,54745,54756,11
13.0456199646,80.248336792,54756,54766,10
13.0448904037,80.2480621338,54766,54776,10
13.0439796448,80.2478866577,54776,54787,11
13.0429801941,80.2477264404,54787,54797,10
13.042140007,80.2475280762,54797,54807,10
13.0411396027,80.2473297119,54807,54817,10
13.0402603149,80.2471923828,54817,54827,10
13.0396604538,80.2469863892,54827,54867,40
13.0396604538,80.2469863892,54867,54877,10
13.0394496918,80.2468185425,54877,54887,10
13.0391302109,80.2467727661,54887,54898,11
13.038599968,80.246711731,54898,54908,10
13.0378398895,80.2466125488,54908,54918,10
13.0369701385,80.2464294434,54918,54928,10
13.0360603333,80.2462463379,54928,54938,10
13.0356798172,80.2461471558,54938,54948,10
13.0356502533,80.2461395264,54948,54958,10
13.0353403091,80.2460098267,54958,54968,10
13.0351495743,80.2459564209,54968,54978,10
13.035030365,80.245880127,54978,54988,10
13.034740448,80.2455825806,54988,54998,10
13.0345697403,80.245300293,54998,55008,10
13.0341796875,80.2447662354,55008,55019,11
13.0336198807,80.2441101074,55019,55029,10
13.0329504013,80.2432403564,55029,55039,10
13.0322799683,80.2423324585,55039,55049,10
13.031709671,80.2414016724,55049,55059,10
13.03125,80.2404632568,55059,55069,10
13.0310897827,80.2400817871,55069,55079,10
13.0308599472,80.2395782471,55079,55089,10
13.0304203033,80.2387771606,55089,55099,10
13.0298595428,80.23777771,55099,55110,11
13.0289802551,80.236656189,55110,55120,10
13.0281400681,80.2357025146,55120,55130,10
13.0275402069,80.2347793579,55130,55140,10
13.0270500183,80.2339630127,55140,55150,10
13.0265798569,80.2332077026,55150,55160,10
13.026260376,80.2325286865,55160,55170,10
13.0260896683,80.2319793701,55170,55180,10
13.0260400772,80.2317810059,55180,55190,10
13.0260295868,80.2315826416,55190,55200,10
13.0259199142,80.2311172485,55200,55210,10
13.0256204605,80.2303009033,55210,55221,11
13.0248804092,80.2293395996,55221,55231,10
13.0246496201,80.2290725708,55231,55241,10
13.0246200562,80.2290420532,55241,55251,10
13.0243797302,80.228729248,55251,55261,10
13.0239496231,80.2282028198,55261,55271,10
13.0234603882,80.2276763916,55271,55281,10
13.0231599808,80.227432251,55281,55291,10
13.0231599808,80.2274169922,55291,55301,10
13.0229196548,80.2271499634,55301,55311,10
13.0224504471,80.2266693115,55311,55322,11
13.0217504501,80.22605896,55322,55332,10
13.0211696625,80.2256088257,55332,55342,10
13.0207004547,80.2252426147,55342,55352,10
13.0206604004,80.2252197266,55352,55362,10
13.020409584,80.2250595093,55362,55372,10
13.0200300217,80.2248077393,55372,55382,10
13.0194501877,80.2244415283,55382,55392,10
13.0186300278,80.2244491577,55392,55402,10
13.0175800323,80.2249069214,55402,55412,10
13.0169095993,80.2252120972,55412,55422,10
13.016500473,80.2253494263,55422,55433,11
13.0161399841,80.225479126,55433,55443,10
13.0156202316,80.2256698608,55443,55453,10
13.0149202347,80.2259597778,55453,55463,10
13.0143499374,80.2262191772,55463,55473,10
13.0142402649,80.2262802124,55473,55483,10
13.0140399933,80.2263717651,55483,55493,10
13.0134801865,80.2265777588,55493,55503,10
13.0126104355,80.2269134521,55503,55519,16
13.0108203888,80.2276000977,55519,55531,12
13.0094099045,80.2282028198,55531,55542,11
13.0090503693,80.2289886475,55542,55552,10
13.0089502335,80.2298126221,55552,55562,10
13.0087099075,80.2308425903,55562,55572,10
13.0084295273,80.2320632935,55572,55582,10
13.0082597733,80.2332229614,55582,55591,9
13.008099556,80.2340011597,55591,55602,11
13.007900238,80.2349472046,55602,55612,10
13.0077199936,80.2358779907,55612,55622,10
13.0074996948,80.2369918823,55622,55632,10
13.0073099136,80.2379608154,55632,55642,10
13.0071401596,80.2388076782,55642,55652,10
13.0068798065,80.2399902344,55652,55693,41
13.0068798065,80.2399902344,55693,55703,10
13.006819725,80.240020752,55703,55713,10
13.0067501068,80.2404708862,55713,55723,10
13.0066995621,80.2413635254,55723,55733,10
13.0066900253,80.2424468994,55733,55743,10
13.006649971,80.243347168,55743,55754,11
13.0066404343,80.2443466187,55754,55764,10
13.0066404343,80.2453994751,55764,55774,10
13.0066900253,80.2462768555,55774,55784,10
13.0066995621,80.246711731,55784,55794,10
13.0066003799,80.2472915649,55794,55804,10
13.0062303543,80.2473602295,55804,55814,10
13.0061302185,80.2473602295,55814,55824,10
13.0056400299,80.2473297119,55824,55834,10
13.00481987,80.2473602295,55834,55844,10
13.0037403107,80.2474899292,55844,55854,10
13.0027198792,80.2476501465,55854,55865,11
13.001950264,80.2478179932,55865,55875,10
13.0010004044,80.2480926514,55875,55885,10
12.9998102188,80.2483596802,55885,55895,10
12.998459816,80.2486801147,55895,55905,10
12.9970703125,80.2490005493,55905,55915,10
12.9956197739,80.2494125366,55915,55925,10
12.9941797256,80.249786377,55925,55935,10
12.9927101135,80.2501373291,55935,55945,10
12.9912900925,80.2504806519,55945,55955,10
12.9898700714,80.2508468628,55955,55965,10
12.9881095886,80.251373291,55965,56085,120
12.9881095886,80.251373291,56085,56095,10
12.987859726,80.2514266968,56095,56105,10
12.9871797562,80.2516021729,56105,56115,10
12.9863395691,80.2518234253,56115,56125,10
12.9853801727,80.2520523071,56125,56135,10
12.9841995239,80.2523803711,56135,56145,10
12.9829597473,80.2526397705,56145,56155,10
12.9818496704,80.2526931763,56155,56165,10
12.9808597565,80.2527313232,56165,56175,10
12.9798698425,80.252746582,56175,56186,11
12.9789400101,80.2526702881,56186,56196,10
12.9788198471,80.2526397705,56196,56206,10
12.9785203934,80.252532959,56206,56216,10
12.9778795242,80.2520294189,56216,56226,10
12.9769802094,80.2514038086,56226,56236,10
12.9757404327,80.2509918213,56236,56246,10
12.9744501114,80.250617981,56246,56256,10
12.9732503891,80.2502822876,56256,56266,10
12.9722499847,80.25,56266,56276,10
12.9710798264,80.249710083,56276,56286,10
12.9697999954,80.2492828369,56286,56297,11
12.9685001373,80.2487411499,56297,56306,9
12.967499733,80.248336792,56306,56317,11
12.9665298462,80.2478866577,56317,56327,10
12.9656801224,80.2475128174,56327,56337,10
12.9651203156,80.2473220825,56337,56347,10
12.9647598267,80.2472381592,56347,56357,10
12.9647502899,80.2472305298,56357,56367,10
12.9645795822,80.2471466064,56367,56377,10
12.9638700485,80.246887207,56377,56387,10
12.9632701874,80.2466125488,56387,56398,11
12.9622001648,80.24609375,56398,56408,10
12.9609899521,80.2455291748,56408,56418,10
12.9597902298,80.2450180054,56418,56428,10
12.9589796066,80.2446365356,56428,56438,10
12.9580402374,80.2442016602,56438,56448,10
12.957400322,80.2439498901,56448,56458,10
12.9568595886,80.2437820435,56458,56468,10
12.9566202164,80.2436828613,56468,56478,10
12.9565000534,80.2436523438,56478,56488,10
12.9563503265,80.2436065674,56488,56498,10
12.9558801651,80.2433929443,56498,56509,11
12.9550104141,80.2429580688,56509,56519,10
12.9540395737,80.2425765991,56519,56529,10
12.9531803131,80.2422027588,56529,56539,10
12.9522600174,80.2418365479,56539,56549,10
12.9511699677,80.2414627075,56549,56559,10
12.9498500824,80.2410583496,56559,56569,10
12.948559761,80.2405700684,56569,56579,10
12.947429657,80.2400970459,56579,56589,10
12.9469804764,80.2399215698,56589,56599,10
12.9462900162,80.2396316528,56599,56609,10
12.9453601837,80.2391815186,56609,56620,11
12.9443798065,80.2382278442,56620,56630,10
12.9434404373,80.237197876,56630,56640,10
12.9422597885,80.2364120483,56640,56650,10
12.9407901764,80.236038208,56650,56660,10
12.9398097992,80.2357711792,56660,56676,16
12.9395103455,80.2356414795,56676,56688,12
12.9386701584,80.235206604,56688,56696,8
12.9379196167,80.2348175049,56696,56708,12
12.9366598129,80.2342300415,56708,56719,11
12.9356098175,80.2337265015,56719,56731,12
12.9338703156,80.2329483032,56731,56751,20
12.9338703156,80.2329483032,56751,56761,10
12.9336700439,80.2328414917,56761,56771,10
12.93309021,80.2325897217,56771,56780,9
12.9324197769,80.2323379517,56780,56792,12
12.9309997559,80.2318878174,56792,56802,10
12.9296503067,80.2315292358,56802,56812,10
12.9282302856,80.231262207,56812,56822,10
12.9268903732,80.2311019897,56822,56832,10
12.9258403778,80.2309570313,56832,56843,11
12.9245901108,80.230796814,56843,56853,10
12.9232997894,80.2306518555,56853,56863,10
12.9219503403,80.2304229736,56863,56873,10
12.9207801819,80.2302474976,56873,56883,10
12.9195299149,80.2300872803,56883,56893,10
12.918129921,80.2298965454,56893,56903,10
12.9167003632,80.2297134399,56903,56913,10
12.9152297974,80.2294998169,56913,56923,10
12.9133300781,80.2292861938,56923,56944,21
12.9133300781,80.2292861938,56944,56954,10
12.9131202698,80.2292480469,56954,56964,10
12.9124298096,80.2291412354,56964,56974,10
12.9114599228,80.2289962769,56974,56984,10
12.9102602005,80.2288208008,56984,56994,10
12.9088802338,80.2285766602,56994,57004,10
12.9074802399,80.2283477783,57004,57014,10
12.9067001343,80.2282791138,57014,57024,10
12.90666008,80.2282791138,57024,57033,9
12.9063901901,80.2282562256,57033,57045,12
12.9055700302,80.2282028198,57045,57055,10
12.9046001434,80.2281417847,57055,57065,10
12.9036197662,80.2280731201,57065,57075,10
12.9024200439,80.2280197144,57075,57085,10
12.901049614,80.2279891968,57085,57156,71
12.901049614,80.2279891968,57156,57172,16
12.9008998871,80.2279586792,57172,57184,12
12.9002304077,80.227897644,57184,57194,10
12.8993797302,80.2278671265,57194,57213,19
12.8993797302,80.2278671265,57213,57225,12
12.8989295959,80.2278213501,57225,57235,10
12.8981103897,80.2277603149,57235,57245,10
12.8971204758,80.2276992798,57245,57255,10
12.8959102631,80.2276382446,57255,57266,11
12.8943796158,80.2275695801,57266,57275,9
12.8931398392,80.2274398804,57275,57286,11
12.8920001984,80.2273330688,57286,57296,10
12.8905496597,80.2273178101,57296,57306,10
12.8891096115,80.2273178101,57306,57316,10
12.8877696991,80.2272567749,57316,57326,10
12.886590004,80.2270431519,57326,57336,10
12.8853302002,80.2267608643,57336,57346,10
12.8846101761,80.2265090942,57346,57356,10
12.8847198486,80.2267074585,57356,57367,11
12.8843402863,80.2267303467,57367,57377,10
12.8835000992,80.2267303467,57377,57387,10
12.8824195862,80.2267303467,57387,57397,10
12.8812198639,80.2267532349,57397,57407,10
12.8798999786,80.2267608643,57407,57417,10
12.8784103394,80.2268066406,57417,57427,10
12.8770599365,80.2269363403,57427,57437,10
12.8764200211,80.2269973755,57437,57447,10
12.8763799667,80.2269973755,57447,57457,10
12.8759002686,80.2269592285,57457,57467,10
12.8750400543,80.226890564,57467,57478,11
12.8738098145,80.2267532349,57478,57495,17
12.872010231,80.2267074585,57495,57507,12
12.8705396652,80.2266311646,57507,57517,10
12.8694400787,80.2265090942,57517,57526,9
12.8677797318,80.2264328003,57526,57538,12
12.8662796021,80.2265701294,57538,57548,10
12.8650798798,80.2266235352,57548,57558,10
12.8637504578,80.2265625,57558,57568,10
12.8623304367,80.2265777588,57568,57579,11
12.8611402512,80.2265930176,57579,57589,10
12.8606996536,80.2265930176,57589,57599,10
12.8604898453,80.2265625,57599,57609,10
12.8598003387,80.2264709473,57609,57619,10
12.8588600159,80.2263183594,57619,57629,10
12.857749939,80.2262802124,57629,57639,10
12.856470108,80.2263793945,57639,57649,10
12.855050087,80.2265396118,57649,57659,10
12.8535003662,80.2266998291,57659,57669,10
12.8519201279,80.2266693115,57669,57679,10
12.8506002426,80.2266235352,57679,57690,11
12.8502702713,80.2266082764,57690,57700,10
12.849820137,80.226600647,57700,57710,10
12.8489599228,80.2265930176,57710,57720,10
12.847820282,80.2265777588,57720,57730,10
12.846449852,80.2265777588,57730,57740,10
12.8454704285,80.226600647,57740,57750,10
12.8453798294,80.2266082764,57750,57760,10
12.845199585,80.226600647,57760,57770,10
12.8445596695,80.2266387939,57770,57780,10
12.8436203003,80.2267608643,57780,57791,11
12.8422803879,80.2269973755,57791,57801,10
12.8409204483,80.2273635864,57801,57811,10
12.8401098251,80.2275924683,57811,57821,10
12.8396196365,80.2277069092,57821,57831,10
12.8394403458,80.2277679443,57831,57841,10
12.8389196396,80.2279281616,57841,57851,10
12.838060379,80.2281570435,57851,57861,10
12.8369503021,80.2283630371,57861,57871,10
12.8356103897,80.2285614014,57871,57881,10
12.8341703415,80.2287902832,57881,57891,10
12.8329696655,80.2289962769,57891,57902,11
12.8325796127,80.2291030884,57902,57912,10
12.8322896957,80.2291412354,57912,57922,10
12.8316202164,80.2292709351,57922,57932,10
12.8307504654,80.2295532227,57932,57942,10
12.8296203613,80.2299804688,57942,57952,10
12.8283395767,80.2305908203,57952,57962,10
12.8271198273,80.2312393188,57962,57972,10
12.8259000778,80.2314071655,57972,57982,10
12.8242797852,80.2313308716,57982,58002,20
12.8242797852,80.2313308716,58002,58013,11
12.8240604401,80.231262207,58013,58023,10
12.8234300613,80.2310791016,58023,58033,10
12.822520256,80.2307815552,58033,58043,10
12.8213796616,80.230506897,58043,58053,10
12.8200902939,80.2304992676,58053,58063,10
12.8188295364,80.2304534912,58063,58073,10
12.8176898956,80.229927063,58073,58083,10
12.8164100647,80.2295074463,58083,58093,10
12.8151197433,80.2293167114,58093,58103,10
12.8140001297,80.2291183472,58103,58114,11
12.8126296997,80.2286682129,58114,58124,10
12.8112001419,80.2281570435,58124,58134,10
12.8098497391,80.2276000977,58134,58144,10
12.8086700439,80.2268600464,58144,58154,10
12.8075895309,80.2259597778,58154,58164,10
12.8067598343,80.2252197266,58164,58174,10
12.8060598373,80.2246017456,58174,58184,10
12.8053798676,80.2241210938,58184,58194,10
12.8050003052,80.2240219116,58194,58204,10
12.804889679,80.2239990234,58204,58214,10
12.804400444,80.2239379883,58214,58225,11
12.8036003113,80.2238693237,58225,58235,10
12.8026399612,80.2237625122,58235,58245,10
12.8015203476,80.2236404419,58245,58255,10
12.8009500504,80.2236022949,58255,58265,10
12.800909996,80.2236022949,58265,58275,10
12.8005199432,80.2235565186,58275,58285,10
12.7997999191,80.2235031128,58285,58295,10
12.7988796234,80.2234115601,58295,58305,10
12.797829628,80.2232894897,58305,58315,10
12.7967596054,80.2231216431,58315,58325,10
12.7958698273,80.2229614258,58325,58336,11
12.7955198288,80.2229003906,58336,58346,10
12.7948598862,80.2227783203,58346,58356,10
12.7939596176,80.2226409912,58356,58366,10
12.7928695679,80.2224807739,58366,58376,10
12.7919101715,80.2222824097,58376,58386,10
12.7909498215,80.2220306396,58386,58396,10
12.7898702621,80.2217636108,58396,58406,10
12.7891397476,80.2214889526,58406,58416,10
12.7885303497,80.2212600708,58416,58426,10
12.7878198624,80.2209777832,58426,58437,11
12.7870798111,80.220703125,58437,58446,9
12.7863197327,80.2203979492,58446,58467,21
12.7863197327,80.2203979492,58467,58477,10
12.7862501144,80.2203826904,58477,58487,10
12.7860498428,80.2202835083,58487,58497,10
12.7856998444,80.2201309204,58497,58507,10
12.7854499817,80.2200012207,58507,58517,10
12.7850103378,80.2197799683,58517,58527,10
12.7846803665,80.219619751,58527,58537,10
12.7842798233,80.2193984985,58537,58548,11
12.7835502625,80.2189712524,58548,58558,10
12.7827501297,80.2185287476,58558,58568,10
12.7817296982,80.2179718018,58568,58578,10
12.7805204391,80.2173080444,58578,58588,10
12.7791900635,80.2165908813,58588,58598,10
12.7777996063,80.2158966064,58598,58608,10
12.7764396667,80.2153320313,58608,58618,10
12.7750797272,80.2147827148,58618,58628,10
12.7736597061,80.2142028809,58628,58638,10
12.7721996307,80.2136383057,58638,58649,11
12.7707300186,80.2131271362,58649,58659,10
12.7693595886,80.2126312256,58659,58669,10
12.7679195404,80.2121200562,58669,58679,10
12.7664203644,80.2115783691,58679,58689,10
12.7649002075,80.2110214233,58689,58699,10
12.7633800507,80.2104568481,58699,58709,10
12.7619695663,80.2098999023,58709,58718,9
12.7607002258,80.209312439,58718,58729,11
12.7593603134,80.2085800171,58729,58739,10
12.7580604553,80.2078704834,58739,58749,10
12.7566995621,80.2071228027,58749,58760,11
12.755200386,80.2062911987,58760,58770,10
12.7538099289,80.2055282593,58770,58780,10
12.7524003983,80.2047805786,58780,58790,10
12.7510700226,80.2040863037,58790,58800,10
12.7497797012,80.2034225464,58800,58810,10
12.7484197617,80.2027282715,58810,58820,10
12.7471599579,80.2020797729,58820,58830,10
12.7460699081,80.2015228271,58830,58840,10
12.7451601028,80.2010574341,58840,58850,10
12.7443799973,80.2004776001,58850,58860,10
12.7437000275,80.1997299194,58860,58871,11
12.7429504395,80.1988830566,58871,58881,10
12.7422199249,80.1979827881,58881,58891,10
12.7415800095,80.1971511841,58891,59002,111
12.7415800095,80.1971511841,59002,59012,10
12.7415704727,80.1970901489,59012,59022,10
12.7412700653,80.1966629028,59022,59032,10
12.74077034,80.1959762573,59032,59042,10
12.7402000427,80.1951980591,59042,59052,10
12.7395000458,80.1942214966,59052,59062,10
12.7387895584,80.1932067871,59062,59073,11
12.737859726,80.1921615601,59073,59083,10
12.7369604111,80.1912536621,59083,59093,10
12.7360801697,80.1903381348,59093,59103,10
12.7350902557,80.1896514893,59103,59113,10
12.7338600159,80.1894683838,59113,59123,10
12.7327003479,80.1893310547,59123,59133,10
12.7316398621,80.1891403198,59133,59143,10
12.7308597565,80.1890716553,59143,59153,10
12.7305002213,80.1890411377,59153,59163,10
12.7302904129,80.1890106201,59163,59173,10
12.7299203873,80.1889572144,59173,59184,11
12.7299003601,80.1889724731,59184,59194,10
12.7297000885,80.188949585,59194,59204,10
12.7290697098,80.1889266968,59204,59214,10
12.7282400131,80.1887130737,59214,59224,10
12.7274999619,80.1884918213,59224,59234,10
12.7267799377,80.1883087158,59234,59244,10
12.7261199951,80.1881713867,59244,59254,10
12.725399971,80.1880569458,59254,59264,10
12.7247200012,80.1879196167,59264,59274,10
12.7241001129,80.1878128052,59274,59284,10
12.7235403061,80.1876602173,59284,59295,11
12.7228498459,80.187461853,59295,59305,10
12.7222499847,80.1875,59305,59355,50
12.7222499847,80.1875,59355,59365,10
12.7221698761,80.1879577637,59365,59375,10
12.7220001221,80.1879425049,59375,59880,505
12.7222099304,80.1878585815,59880,60082,202
12.7222003937,80.187828064,60082,60102,20
12.7222003937,80.1877975464,60102,60435,333
12.7222003937,80.1877975464,60435,60445,10
12.7222604752,80.1875762939,60445,60607,162
12.7222604752,80.1875762939,60607,60617,10
12.7225799561,80.1874084473,60617,60627,10
12.7230396271,80.187538147,60627,60637,10
12.7235002518,80.1876831055,60637,60647,10
12.7243204117,80.1878967285,60647,60668,21
12.7243204117,80.1878967285,60668,60678,10
12.7245998383,80.1879577637,60678,60688,10
12.7252197266,80.1880722046,60688,60698,10
12.7259197235,80.1881866455,60698,60708,10
12.7266302109,80.188331604,60708,60718,10
12.7273702621,80.1884918213,60718,60728,10
12.7282104492,80.1887435913,60728,60738,10
12.7290697098,80.1889724731,60738,60748,10
12.7295503616,80.1889801025,60748,60779,31
12.7295503616,80.1889801025,60779,60789,10
12.7296800613,80.1889877319,60789,60799,10
12.7297000885,80.1889877319,60799,60809,10
12.7298803329,80.1890106201,60809,60819,10
12.7300395966,80.1890106201,60819,60829,10
12.7300596237,80.1890106201,60829,60839,10
12.7302598953,80.1890563965,60839,60849,10
12.7306404114,80.1891174316,60849,60859,10
12.7313203812,80.1891937256,60859,60869,10
12.732339859,80.1893463135,60869,60879,10
12.7337198257,80.1895217896,60879,60890,11
12.7353200912,80.189781189,60890,60900,10
12.7362804413,80.1904907227,60900,60910,10
12.7371101379,80.1913375854,60910,60920,10
12.7381496429,80.1923828125,60920,60930,10
12.7392196655,80.1937026978,60930,60940,10
12.7402200699,80.1950836182,60940,60950,10
12.7412204742,80.1964569092,60950,60960,10
12.7420196533,80.1976089478,60960,60970,10
12.7429704666,80.1986999512,60970,60980,10
12.7436800003,80.199546814,60980,60991,11
12.7446899414,80.2006530762,60991,61001,10
12.7460403442,80.2014923096,61001,61011,10
12.7475404739,80.2022476196,61011,61021,10
12.7490596771,80.2030181885,61021,61031,10
12.7505197525,80.2037582397,61031,61041,10
12.7515697479,80.2042770386,61041,61051,10
12.7526903152,80.2048873901,61051,61061,10
12.7540102005,80.205581665,61061,61071,10
12.7554397583,80.2063598633,61071,61081,10
12.7568702698,80.2071609497,61081,61091,10
12.7582302094,80.207901001,61091,61102,11
12.7597103119,80.208732605,61102,61112,10
12.7611503601,80.2094802856,61112,61122,10
12.7627000809,80.2101669312,61122,61132,10
12.7642202377,80.2107467651,61132,61142,10
12.7657804489,80.2113113403,61142,61152,10
12.7673597336,80.2118911743,61152,61162,10
12.7689399719,80.2124786377,61162,61172,10
12.7710800171,80.213218689,61172,61192,20
12.7710800171,80.213218689,61192,61203,11
12.7713699341,80.2133102417,61203,61213,10
12.7720804214,80.2135772705,61213,61223,10
12.7730703354,80.2139587402,61223,61233,10
12.7742395401,80.2144393921,61233,61243,10
12.7755403519,80.2149581909,61243,61253,10
12.7769403458,80.2155380249,61253,61263,10
12.7784204483,80.216178894,61263,61273,10
12.7798099518,80.2169113159,61273,61283,10
12.781129837,80.2176208496,61283,61293,10
12.7823600769,80.2182998657,61293,61303,10
12.7830600739,80.2186813354,61303,61314,11
12.7835102081,80.2189331055,61314,61324,10
12.7841396332,80.2192764282,61324,61334,10
12.7848300934,80.2196807861,61334,61344,10
12.7855100632,80.2200317383,61344,61354,10
12.7858295441,80.2201919556,61354,61364,10
12.786190033,80.2203369141,61364,61445,81
12.786190033,80.2203369141,61445,61455,10
12.7865200043,80.220489502,61455,61475,20
12.7865200043,80.220489502,61475,61485,10
12.7868003845,80.2205886841,61485,61495,10
12.7871303558,80.2207183838,61495,61505,10
12.7876195908,80.2208786011,61505,61515,10
12.7882699966,80.2211303711,61515,61525,10
12.7892303467,80.221496582,61525,61667,142
12.7892303467,80.221496582,61667,61677,10
12.7893400192,80.2215270996,61677,61687,10
12.7893695831,80.2215499878,61687,61697,10
12.7896604538,80.2216567993,61697,61707,10
12.7901296616,80.221786499,61707,61717,10
12.7908496857,80.2219772339,61717,61727,10
12.7917995453,80.2222213745,61727,61737,10
12.793009758,80.2224807739,61737,61748,11
12.7945404053,80.2227096558,61748,61758,10
12.7958097458,80.2229385376,61758,61768,10
12.7964696884,80.2230300903,61768,61778,10
12.7964897156,80.2230377197,61778,61788,10
12.7968301773,80.2230987549,61788,61798,10
12.7974500656,80.2232208252,61798,61808,10
12.7982702255,80.2233276367,61808,61818,10
12.7991504669,80.2234191895,61818,61828,10
12.8001804352,80.2235183716,61828,61838,10
12.8012599945,80.2236175537,61838,61849,11
12.8024597168,80.2237472534,61849,61859,10
12.8033895493,80.2238769531,61859,61869,10
12.8040599823,80.2239227295,61869,61879,10
12.8046998978,80.2239837646,61879,61889,10
12.8053798676,80.2241210938,61889,61899,10
12.8055801392,80.2241821289,61899,61909,10
12.8056497574,80.2242279053,61909,61925,16
12.8062496185,80.2247161865,61925,61937,12
12.8070402145,80.2254180908,61937,61945,8
12.8077201843,80.2259979248,61945,61958,13
12.8089895248,80.2270736694,61958,61968,10
12.8100795746,80.2276916504,61968,61978,10
12.8113298416,80.2282104492,61978,61988,10
12.8127403259,80.2287063599,61988,61997,9
12.813659668,80.2290115356,61997,62008,11
12.8151102066,80.2293395996,62008,62018,10
12.8164701462,80.2295303345,62018,62028,10
12.8177995682,80.2299575806,62028,62038,10
12.8190002441,80.2304763794,62038,62048,10
12.8198003769,80.2304763794,62048,62058,10
12.8198099136,80.2304763794,62058,62069,11
12.8200302124,80.23046875,62069,62079,10
12.820690155,80.2304534912,62079,62089,10
12.8214998245,80.2304992676,62089,62099,10
12.8223199844,80.230682373,62099,62109,10
12.8233499527,80.231010437,62109,62119,10
12.8245000839,80.231300354,62119,62129,10
12.8257303238,80.2313995361,62129,62139,10
12.8270101547,80.2312774658,62139,62149,10
12.8281898499,80.23072052,62149,62159,10
12.8293199539,80.2301177979,62159,62170,11
12.8305702209,80.229598999,62170,62180,10
12.8310604095,80.2293701172,62180,62190,10
12.8311195374,80.2293624878,62190,62200,10
12.8314695358,80.2292327881,62200,62210,10
12.8319797516,80.2291030884,62210,62220,10
12.8327198029,80.2289810181,62220,62230,10
12.8336496353,80.2288208008,62230,62240,10
12.8346300125,80.2286376953,62240,62250,10
12.8356304169,80.2284927368,62250,62260,10
12.836640358,80.2283401489,62260,62270,10
12.837679863,80.2281799316,62270,62281,11
12.8387899399,80.2279281616,62281,62291,10
12.8393297195,80.2277984619,62291,62371,80
12.8393297195,80.2277984619,62371,62382,11
12.839509964,80.2277374268,62382,62392,10
12.8397397995,80.2276306152,62392,62402,10
12.8402900696,80.2275009155,62402,62412,10
12.8410596848,80.2273025513,62412,62422,10
12.8419704437,80.2270584106,62422,62431,9
12.8429498672,80.2268600464,62431,62442,11
12.8443002701,80.2266387939,62442,62452,10
12.845459938,80.2265396118,62452,62472,20
12.845459938,80.2265396118,62472,62482,10
12.845700264,80.2265625,62482,62493,11
12.8461799622,80.2265777588,62493,62503,10
12.8468999863,80.2265777588,62503,62513,10
12.8478403091,80.2265777588,62513,62523,10
12.8489198685,80.2265701294,62523,62533,10
12.8499603271,80.2265777588,62533,62549,16
12.8518896103,80.2266387939,62549,62561,12
12.8535804749,80.2266464233,62561,62569,8
12.85476017,80.2265319824,62569,62581,12
12.8565702438,80.2263412476,62581,62591,10
12.858039856,80.2262191772,62591,62602,11
12.8594703674,80.2263565063,62602,62612,10
12.8605499268,80.2265014648,62612,62622,10
12.8606796265,80.2265319824,62622,62632,10
12.8609600067,80.2265625,62632,62642,10
12.8615703583,80.2265777588,62642,62652,10
12.8624601364,80.2265319824,62652,62662,10
12.863530159,80.2265014648,62662,62672,10
12.8647699356,80.2265701294,62672,62682,10
12.8660802841,80.2265777588,62682,62692,10
12.867389679,80.2264633179,62692,62703,11
12.8688802719,80.2264022827,62703,62713,10
12.8703098297,80.2265625,62713,62723,10
12.8716497421,80.2266387939,62723,62733,10
12.8728103638,80.2266387939,62733,62753,20
12.8728103638,80.2266387939,62753,62763,10
12.8729200363,80.2266464233,62763,62773,10
12.8732700348,80.2266693115,62773,62783,10
12.8739004135,80.2267227173,62783,62793,10
12.8747701645,80.2268295288,62793,62803,10
12.8757400513,80.2269287109,62803,62814,11
12.8762998581,80.2269287109,62814,62824,10
12.8766202927,80.2269134521,62824,62834,10
12.8767795563,80.2268981934,62834,62844,10
12.8769702911,80.226890564,62844,62854,10
12.8775997162,80.2268371582,62854,62864,10
12.8785200119,80.2267837524,62864,62874,10
12.8796195984,80.2267227173,62874,62884,10
12.8808603287,80.2267074585,62884,62894,10
12.8822498322,80.2267303467,62894,62904,10
12.8836402893,80.2266769409,62904,62914,10
12.8848400116,80.2266464233,62914,62925,11
12.8851995468,80.2266616821,62925,62935,10
12.8854103088,80.2266998291,62935,62944,9
12.8859300613,80.2268295288,62944,62955,11
12.8867702484,80.2270584106,62955,62965,10
12.8879203796,80.2272567749,62965,62975,10
12.8891801834,80.2273406982,62975,62985,10
12.890540123,80.2273406982,62985,62995,10
12.8915700912,80.2273178101,62995,63005,10
12.8918504715,80.2273178101,63005,63015,10
12.8921098709,80.2273178101,63015,63026,11
12.8926401138,80.2273635864,63026,63036,10
12.8933801651,80.2274627686,63036,63046,10
12.894200325,80.2275466919,63046,63056,10
12.8951196671,80.2276229858,63056,63066,10
12.8962402344,80.2276763916,63066,63076,10
12.8973703384,80.2277297974,63076,63086,10
12.8984603882,80.2277908325,63086,63096,10
12.8993902206,80.2278366089,63096,63106,10
12.9003400803,80.2278823853,63106,63147,41
12.9003400803,80.2278823853,63147,63157,10
12.9006204605,80.2279129028,63157,63167,10
12.9009304047,80.2279434204,63167,63177,10
12.9012098312,80.2279586792,63177,63187,10
12.9016199112,80.2279891968,63187,63197,10
12.9022798538,80.2280197144,63197,63207,10
12.9032897949,80.2280197144,63207,63227,20
12.9032897949,80.2280197144,63227,63238,11
12.9035596848,80.2280578613,63238,63248,10
12.9040403366,80.2281036377,63248,63258,10
12.9043998718,80.2281112671,63258,63268,10
12.9049301147,80.2281570435,63268,63278,10
12.9056396484,80.2281799316,63278,63288,10
12.9058799744,80.2281799316,63288,63298,10
12.9063596725,80.2282180786,63298,63308,10
12.9069795609,80.2282791138,63308,63317,9
12.9076499939,80.2283706665,63317,63328,11
12.9086103439,80.2285308838,63328,63338,10
12.9095401764,80.2286834717,63338,63349,11
12.9109296799,80.2288970947,63349,63359,10
12.9121103287,80.2290725708,63359,63369,10
12.9131698608,80.2292098999,63369,63379,10
12.9137001038,80.2292633057,63379,63389,10
12.9137201309,80.2292633057,63389,63399,10
12.9139604568,80.229309082,63399,63408,9
12.9144802094,80.2293777466,63408,63419,11
12.9153995514,80.2295532227,63419,63429,10
12.9164495468,80.2296905518,63429,63439,10
12.9175100327,80.2298278809,63439,63450,11
12.9188098907,80.2300109863,63450,63460,10
12.9201097488,80.2301712036,63460,63470,10
12.9214801788,80.2303390503,63470,63480,10
12.9229001999,80.2305603027,63480,63490,10
12.9242601395,80.2307434082,63490,63500,10
12.9254903793,80.2308807373,63500,63510,10
12.9265403748,80.2310028076,63510,63520,10
12.9276304245,80.2311325073,63520,63530,10
12.9287395477,80.2312774658,63530,63540,10
12.929889679,80.2315216064,63540,63550,10
12.9309997559,80.2318115234,63550,63561,11
12.9323101044,80.2322311401,63561,63571,10
12.9332399368,80.2325973511,63571,63581,10
12.9340295792,80.2329406738,63581,63591,10
12.9342603683,80.2330322266,63591,63601,10
12.9346704483,80.2332229614,63601,63611,10
12.9353904724,80.2335510254,63611,63621,10
12.9362602234,80.2339630127,63621,63631,10
12.9373703003,80.2344894409,63631,63641,10
12.9384803772,80.2350311279,63641,63651,10
12.9393396378,80.2354431152,63651,63661,10
12.9394397736,80.235496521,63661,63672,11
12.939620018,80.2356109619,63672,63682,10
12.9398202896,80.235710144,63682,63692,10
12.9404802322,80.2359390259,63692,63702,10
12.9413995743,80.2361679077,63702,63712,10
12.942489624,80.2364807129,63712,63722,10
12.9435300827,80.237197876,63722,63732,10
12.9443798065,80.2381515503,63732,63742,10
12.9454498291,80.2392196655,63742,63752,10
12.9464197159,80.2396469116,63752,63762,10
12.9471597672,80.2399368286,63762,63773,11
12.9473495483,80.2400131226,63773,63783,10
12.9478397369,80.2402191162,63783,63793,10
12.9483499527,80.2404174805,63793,63803,10
12.9486198425,80.2405319214,63803,63813,10
12.9490604401,80.2407226563,63813,63823,10
12.9495897293,80.2409362793,63823,63833,10
12.9502897263,80.2411499023,63833,63843,10
12.9510402679,80.2413864136,63843,63853,10
12.9519300461,80.2416915894,63853,63863,10
12.9529600143,80.2420806885,63863,63873,10
12.9537000656,80.2423706055,63873,63884,11
12.9543800354,80.2426528931,63884,63894,10
12.9549798965,80.2428970337,63894,63904,10
12.9555397034,80.2431335449,63904,63914,10
12.9560499191,80.243347168,63914,63995,81
12.9560499191,80.243347168,63995,64005,10
12.9563598633,80.2433776855,64005,64015,10
12.9564800262,80.2434463501,64015,64025,10
12.9568395615,80.2436065674,64025,64035,10
12.9575796127,80.2439193726,64035,64045,10
12.9584503174,80.2442779541,64045,64055,10
12.9589099884,80.2444381714,64055,64065,10
12.9590196609,80.2444992065,64065,64075,10
12.9594802856,80.2447128296,64075,64085,10
12.9602403641,80.2450485229,64085,64095,10
12.9611997604,80.2454910278,64095,64106,11
12.962389946,80.2461013794,64106,64116,10
12.9633302689,80.2465515137,64116,64146,30
12.9633302689,80.2465515137,64146,64156,10
12.9634799957,80.2466278076,64156,64166,10
12.9638595581,80.2468185425,64166,64176,10
12.9645004272,80.2470703125,64176,64186,10
12.9653301239,80.2473602295,64186,64197,11
12.9662504196,80.2477035522,64197,64207,10
12.9666404724,80.2478713989,64207,64217,10
12.9666996002,80.2479095459,64217,64227,10
12.9667596817,80.2479476929,64227,64237,10
12.9669103622,80.2480392456,64237,64247,10
12.9672698975,80.2482070923,64247,64257,10
12.9680099487,80.2485198975,64257,64267,10
12.9689397812,80.248916626,64267,64277,10
12.9699897766,80.2493362427,64277,64287,10
12.9711799622,80.2497634888,64287,64297,10
12.9723796844,80.2500686646,64297,64308,11
12.973739624,80.2504196167,64308,64317,9
12.9749202728,80.2507476807,64317,64328,11
12.9764499664,80.2511672974,64328,64337,9
12.9776096344,80.2516784668,64337,64348,11
12.9784603119,80.2523117065,64348,64358,10
12.9785604477,80.2523727417,64358,64368,10
12.9789199829,80.252532959,64368,64378,10
12.9796600342,80.2526321411,64378,64419,41
12.9796600342,80.2526321411,64419,64429,10
12.9799804688,80.2526779175,64429,64439,10
12.9805202484,80.2526702881,64439,64449,10
12.9812402725,80.2526397705,64449,64459,10
12.9821996689,80.2526092529,64459,64469,10
12.9833402634,80.252532959,64469,64479,10
12.9844903946,80.2522506714,64479,64489,10
12.9856100082,80.2519302368,64489,64499,10
12.9864997864,80.2517166138,64499,64509,10
12.9871501923,80.2515106201,64509,64570,61
12.9871501923,80.2515106201,64570,64580,10
12.9872999191,80.2515106201,64580,64590,10
12.987739563,80.251373291,64590,64600,10
12.9884195328,80.2511672974,64600,64610,10
12.989279747,80.2509384155,64610,64620,10
12.9895801544,80.250869751,64620,64631,11
12.9898996353,80.2508087158,64631,64641,10
12.9905195236,80.2506713867,64641,64651,10
12.9913196564,80.2504577637,64651,64661,10
12.9922704697,80.2502365112,64661,64671,10
12.9933795929,80.249961853,64671,64681,10
12.9946298599,80.2496414185,64681,64691,10
12.9959096909,80.2493133545,64691,64701,10
12.996919632,80.2490692139,64701,64711,10
12.9985599518,80.2486724854,64711,64721,10
13.0000295639,80.248298645,64721,64732,11
13.0016098022,80.2479019165,64732,64742,10
13.0027399063,80.2476272583,64742,64752,10
13.0039596558,80.2474212646,64752,64762,10
13.005200386,80.247253418,64762,64772,10
13.0061798096,80.2469329834,64772,64782,10
13.006480217,80.2465209961,64782,64792,10
13.006480217,80.2464599609,64792,64802,10
13.0065603256,80.2460784912,64802,64812,10
13.0065898895,80.2453689575,64812,64822,10
13.0066099167,80.2445297241,64822,64832,10
13.0065898895,80.2437896729,64832,64843,11
13.0065898895,80.2431182861,64843,64859,16
13.0065402985,80.2417373657,64859,64871,12
13.0065803528,80.2410430908,64871,64921,50
13.0065803528,80.2410430908,64921,64931,10
13.0066604614,80.2406768799,64931,64942,11
13.0067300797,80.2401275635,64942,64952,10
13.0069303513,80.2393875122,64952,64962,10
13.0070800781,80.2384719849,64962,64972,10
13.0072803497,80.2375106812,64972,64982,10
13.0073795319,80.2367782593,64982,64992,10
13.0074100494,80.2366867065,64992,65002,10
13.007519722,80.2363433838,65002,65012,10
13.0077495575,80.2352294922,65012,65032,20
13.0077495575,80.2352294922,65032,65042,10
13.0077800751,80.2351303101,65042,65053,11
13.0078697205,80.2346725464,65053,65063,10
13.0080003738,80.2339172363,65063,65073,10
13.0081796646,80.2329025269,65073,65083,10
13.0084104538,80.2316665649,65083,65093,10
13.0086698532,80.2304000854,65093,65103,10
13.0089302063,80.2290496826,65103,65113,10
13.0092401505,80.2278900146,65113,65123,10
13.0096597672,80.2269668579,65123,65133,10
13.0102396011,80.2257232666,65133,65143,10
13.0106897354,80.2248535156,65143,65153,10
13.0111398697,80.2239685059,65153,65163,10
13.0115804672,80.2228393555,65163,65174,11
13.0120601654,80.2218170166,65174,65184,10
13.0123901367,80.2215805054,65184,65194,10
13.0126304626,80.2219772339,65194,65204,10
13.0130796432,80.2224578857,65204,65214,10
13.013589859,80.2230529785,65214,65224,10
13.0140399933,80.2235870361,65224,65234,10
13.0146198273,80.2241897583,65234,65244,10
13.0155601501,80.2250213623,65244,65265,21
13.0155601501,80.2250213623,65265,65275,10
13.0156002045,80.2250976563,65275,65285,10
13.0159397125,80.2253417969,65285,65295,10
13.0167102814,80.2252731323,65295,65305,10
13.0176801682,80.2248764038,65305,65315,10
13.0186100006,80.2245025635,65315,65325,10
13.0192203522,80.224357605,65325,65335,10
13.0195598602,80.2244415283,65335,65345,10
13.0198297501,80.224609375,65345,65355,10
13.0202198029,80.2248916626,65355,65365,10
13.0205202103,80.2251205444,65365,65376,11
13.0208597183,80.2253570557,65376,65386,10
13.0212697983,80.2257003784,65386,65396,10
13.0217599869,80.22605896,65396,65406,10
13.0221004486,80.22631073,65406,65416,10
13.0224399567,80.226600647,65416,65426,10
13.0224599838,80.2266235352,65426,65436,10
13.0225200653,80.2266769409,65436,65446,10
13.0228900909,80.2269821167,65446,65456,10
13.0234203339,80.2274780273,65456,65466,10
13.0242300034,80.2283096313,65466,65497,31
13.0242300034,80.2283096313,65497,65507,10
13.0243797302,80.2285308838,65507,65517,10
13.0246601105,80.2289199829,65517,65527,10
13.0249996185,80.2293930054,65527,65537,10
13.0254602432,80.2300033569,65537,65547,10
13.0258197784,80.2306594849,65547,65557,10
13.0259504318,80.2310409546,65557,65588,31
13.0259504318,80.2310409546,65588,65598,10
13.0259103775,80.2311630249,65598,65608,10
13.0259799957,80.2314682007,65608,65618,10
13.026140213,80.2320709229,65618,65628,10
13.0265102386,80.232963562,65628,65678,50
13.0265102386,80.232963562,65678,65689,11
13.0266704559,80.2332229614,65689,65699,10
13.0270395279,80.2338104248,65699,65709,10
13.0275402069,80.2346572876,65709,65719,10
13.0281295776,80.2356185913,65719,65729,10
13.0289497375,80.2365112305,65729,65739,10
13.029540062,80.2371063232,65739,65749,10
13.029589653,80.2371826172,65749,65759,10
13.0298204422,80.2375411987,65759,65769,10
13.0301399231,80.2381286621,65769,65779,10
13.0305299759,80.2387771606,65779,65789,10
13.0310297012,80.2395629883,65789,65860,71
13.0310297012,80.2395629883,65860,65870,10
13.0311203003,80.2397766113,65870,65880,10
13.0312299728,80.2399368286,65880,65890,10
13.0313997269,80.2402572632,65890,65900,10
13.0314702988,80.2407989502,65900,65911,11
13.0317401886,80.2414016724,65911,65921,10
13.0320301056,80.2420196533,65921,65931,10
13.0324296951,80.2424621582,65931,65941,10
13.0328798294,80.2430496216,65941,65951,10
13.0334501266,80.2438201904,65951,65961,10
13.0340003967,80.2445602417,65961,65971,10
13.0345697403,80.2453308105,65971,65981,10
13.0352201462,80.2459716797,65981,65991,10
13.0357599258,80.2461471558,65991,66000,9
13.0357999802,80.2462081909,66000,66012,12
13.0361795425,80.2463912964,66012,66022,10
13.0367898941,80.2465133667,66022,66032,10
13.0374097824,80.2464294434,66032,66042,10
13.0380096436,80.2465591431,66042,66052,10
13.0389003754,80.2468185425,66052,66112,60
13.0389003754,80.2468185425,66112,66123,11
13.0389604568,80.2468795776,66123,66133,10
13.0393400192,80.246963501,66133,66143,10
13.0399599075,80.2470703125,66143,66153,10
13.0406904221,80.2471923828,66153,66163,10
13.0415697098,80.2473602295,66163,66173,10
13.0424003601,80.2476272583,66173,66183,10
13.0430402756,80.2479782104,66183,66193,10
13.0435600281,80.2480773926,66193,66203,10
13.0440502167,80.2479324341,66203,66213,10
13.0444803238,80.2479934692,66213,66224,11
13.0450296402,80.2482223511,66224,66234,10
13.0455999374,80.2484436035,66234,66244,10
13.0461797714,80.248588562,66244,66254,10
13.0466995239,80.2485198975,66254,66264,10
13.0468997955,80.2484588623,66264,66274,10
13.0470104218,80.2484817505,66274,66284,10
13.0474300385,80.2487030029,66284,66294,10
13.0479402542,80.249168396,66294,66304,10
13.048500061,80.2496414185,66304,66314,10
13.048740387,80.2497024536,66314,66325,11
13.0491695404,80.2497406006,66325,66334,9
13.0498199463,80.2498703003,66334,66345,11
13.0508403778,80.2500686646,66345,66355,10
13.0516300201,80.2503509521,66355,66365,10
13.0523195267,80.2510223389,66365,66375,10
13.0530900955,80.2520217896,66375,66385,10
13.0538902283,80.2531204224,66385,66395,10
13.0545701981,80.2539978027,66395,66404,9
13.0550699234,80.2546310425,66404,66415,11
13.0555896759,80.2553405762,66415,66425,10
13.0558204651,80.2556304932,66425,66436,11
13.055970192,80.2558898926,66436,66446,10
13.0563802719,80.2564086914,66446,66456,10
13.0570201874,80.2570037842,66456,66466,10
13.057559967,80.2574768066,66466,66476,10
13.0579395294,80.2578964233,66476,66486,10
13.058429718,80.2585296631,66486,66496,10
13.0589103699,80.2590408325,66496,66505,9
13.0591697693,80.2595214844,66505,66516,11
13.059679985,80.2601089478,66516,66526,10
13.0601997375,80.2606430054,66526,66536,10
13.0606203079,80.261138916,66536,66547,11
13.0609197617,80.2615737915,66547,66557,10
13.0613203049,80.2620391846,66557,66567,10
13.0615701675,80.2623214722,66567,66577,10
13.0619001389,80.262802124,66577,66587,10
13.0623998642,80.2634277344,66587,66597,10
13.0629501343,80.2640991211,66597,66607,10
13.0634899139,80.2648925781,66607,66617,10
13.0638799667,80.2655181885,66617,66627,10
13.0643196106,80.2660675049,66627,66637,10
13.0647497177,80.2665710449,66637,66647,10
13.0650501251,80.2669067383,66647,66658,11
13.0655899048,80.2672805786,66658,66668,10
13.0656404495,80.2673416138,66668,66678,10
13.0657501221,80.2674865723,66678,66688,10
13.0662202835,80.2681121826,66688,66718,30
13.0662202835,80.2681121826,66718,66728,10
13.0663795471,80.2682571411,66728,66738,10
13.0666503906,80.2684402466,66738,66748,10
13.0670003891,80.268661499,66748,66759,11
13.0676202774,80.2690734863,66759,66769,10
13.0681495667,80.2694320679,66769,66779,10
13.0681495667,80.2698898315,66779,66789,10
13.0681200027,80.2703933716,66789,66799,10
13.0680799484,80.2709579468,66799,66809,10
13.0680999756,80.2713317871,66809,66819,10
13.0682401657,80.2715682983,66819,66829,10
13.0685796738,80.2718887329,66829,66839,10
13.0692300797,80.2722015381,66839,66849,10
13.069729805,80.2727127075,66849,66859,10
13.0700902939,80.2731018066,66859,66870,11
13.0703897476,80.2734603882,66870,66880,10
13.0706796646,80.2738876343,66880,66890,10
13.0709400177,80.2740631104,66890,66900,10
13.0713195801,80.274230957,66900,66910,10
13.071849823,80.2745132446,66910,66920,10
13.0723199844,80.2750091553,66920,66930,10
13.0728702545,80.2755966187,66930,66940,10
13.073340416,80.2760772705,66940,66950,10
13.0737895966,80.2763366699,66950,66960,10
13.0744104385,80.2763214111,66960,66971,11
13.0751600266,80.2763137817,66971,66981,10
13.0758304596,80.2762908936,66981,66991,10
13.0764198303,80.2762680054,66991,67001,10
13.0767498016,80.276260376,67001,67011,10
13.0771198273,80.276222229,67011,67021,10
13.0777997971,80.2761688232,67021,67031,10
13.0781803131,80.275642395,67031,67041,10
13.0787000656,80.275100708,67041,67051,10
13.0795402527,80.2752380371,67051,67061,10
13.0805196762,80.2751998901,67061,67072,11
13.0812101364,80.2751235962,67072,67082,10
13.0814800262,80.2750930786,67082,67092,10
13.0817899704,80.2752227783,67092,67102,10
13.0819997787,80.275352478,67102,67112,10
13.0820302963,80.2755279541,67112,67253,141
13.0820302963,80.2755279541,67253,67263,10
13.0820503235,80.275718689,67263,68181,918
13.0820503235,80.275718689,68181,68191,10
13.0820398331,80.2758483887,68191,68201,10
13.0818195343,80.2759628296,68201,68211,10
13.0817604065,80.2762298584,68211,68221,10
13.0818195343,80.2769012451,68221,68232,11
13.0819196701,80.2777099609,68232,68242,10
13.0822601318,80.2779998779,68242,68252,10
13.0827302933,80.2780227661,68252,68262,10
13.0831804276,80.2780609131,68262,68272,10
13.0833501816,80.2783203125,68272,68282,10
13.0835103989,80.2788009644,68282,68292,10
13.0831804276,80.2788391113,68292,68302,10
13.082280159,80.2785415649,68302,68363,61
13.082280159,80.2785415649,68363,68373,10
13.0820102692,80.2783813477,68373,68383,10
13.0818595886,80.2778701782,68383,68393,10
13.0817499161,80.2771072388,68393,68403,10
13.0816402435,80.276260376,68403,68413,10
13.0815000534,80.275718689,68413,68423,10
13.081489563,80.275642395,68423,68433,10
13.081489563,80.2754592896,68433,68443,10
13.0814399719,80.2752532959,68443,68454,11
13.0811300278,80.2751464844,68454,68464,10
13.0806703568,80.2751998901,68464,68474,10
13.0801401138,80.2752532959,68474,68484,10
13.0795202255,80.2752532959,68484,68494,10
13.0788097382,80.2751235962,68494,68504,10
13.078209877,80.2756195068,68504,68514,10
13.0777397156,80.2761688232,68514,68524,10
13.0769300461,80.2761993408,68524,68534,10
13.0761995316,80.2762374878,68534,68544,10
13.0753803253,80.2762832642,68544,68555,11
13.0739803314,80.2763671875,68555,68605,50
13.0739803314,80.2763671875,68605,68615,10
13.0738697052,80.2764511108,68615,68625,10
13.0734395981,80.2763671875,68625,68635,10
13.0729598999,80.2758102417,68635,68645,10
13.0724697113,80.2752609253,68645,68655,10
13.0719499588,80.2747268677,68655,68696,41
13.0719499588,80.2747268677,68696,68706,10
13.0716199875,80.2745132446,68706,68716,10
13.070980072,80.2743988037,68716,68726,10
13.0706796646,80.2741928101,68726,68736,10
13.0705699921,80.2740631104,68736,68746,10
13.0704202652,80.273651123,68746,68756,10
13.0701599121,80.2732086182,68756,68767,11
13.0696802139,80.2726898193,68767,68777,10
13.0692901611,80.272277832,68777,68787,10
13.0689897537,80.2720184326,68787,68797,10
13.0688199997,80.2719268799,68797,68807,10
13.0686101913,80.2719192505,68807,68817,10
13.0682601929,80.2717132568,68817,68827,10
13.0680103302,80.2713470459,68827,68837,10
13.0677204132,80.2708816528,68837,68847,10
13.0672197342,80.2703170776,68847,68857,10
13.0667495728,80.269859314,68857,68867,10
13.0665102005,80.2694396973,68867,68878,11
13.0663900375,80.2689971924,68878,68888,10
13.0663204193,80.2683792114,68888,68898,10
13.0658798218,80.2678527832,68898,68908,10
13.0654001236,80.2676086426,68908,68928,20
13.0654001236,80.2676086426,68928,68938,10
13.0651903152,80.2675628662,68938,68948,10
13.0647201538,80.2674636841,68948,68958,10
13.064040184,80.2673492432,68958,68968,10
13.0633001328,80.2672195435,68968,68979,11
13.0625600815,80.2669525146,68979,68988,9
13.0621595383,80.266418457,68988,68999,11
13.061630249,80.2657394409,68999,69009,10
13.0612297058,80.2652511597,69009,69019,10
13.0607204437,80.2651824951,69019,69029,10
13.0604896545,80.2653427124,69029,69039,10
13.0601501465,80.2655029297,69039,69049,10
13.059679985,80.2655334473,69049,69059,10
13.0593500137,80.2654190063,69059,69069,10
13.0591001511,80.2652816772,69069,69079,10
13.0584201813,80.2652893066,69079,69090,11
13.0580196381,80.2646865845,69090,69100,10
13.0579795837,80.2641983032,69100,69110,10
13.0579099655,80.2636184692,69110,69120,10
13.0578203201,80.262802124,69120,69130,10
13.0577201843,80.2621612549,69130,69140,10
13.0576295853,80.2614822388,69140,69150,10
13.0574998856,80.2609710693,69150,69160,10
13.05727005,80.2602386475,69160,69170,10
13.057009697,80.2593688965,69170,69180,10
13.0568304062,80.2587585449,69180,69191,11
13.0566902161,80.2581710815,69191,69200,9
13.0565595627,80.2576980591,69200,69211,11
13.0565299988,80.2574996948,69211,69221,10
13.0565004349,80.2573623657,69221,69231,10
13.0564002991,80.2569274902,69231,69241,10
13.0562896729,80.2564926147,69241,69251,10
13.0560398102,80.2560195923,69251,69261,10
13.0555801392,80.2554168701,69261,69271,10
13.055100441,80.254737854,69271,69281,10
13.0545396805,80.2540435791,69281,69291,10
13.0539598465,80.2532424927,69291,69302,11
13.0533504486,80.2523803711,69302,69312,10
13.0529003143,80.2517776489,69312,69322,10
13.0525598526,80.2512893677,69322,69332,10
13.0521602631,80.2507629395,69332,69342,10
13.0515003204,80.250213623,69342,69352,10
13.0505504608,80.2499084473,69352,69362,10
13.0496902466,80.2497406006,69362,69372,10
13.0484895706,80.2495574951,69372,69382,10
13.0478601456,80.2491378784,69382,69392,10
13.0468196869,80.2485427856,69392,69413,21
13.0468196869,80.2485427856,69413,69423,10
13.0467300415,80.2485733032,69423,69433,10
13.0463399887,80.2484970093,69433,69443,10
13.0456495285,80.2483520508,69443,69452,9
13.0450201035,80.2480926514,69452,69463,11
13.0441799164,80.2479019165,69463,69473,10
13.043419838,80.247756958,69473,69483,10
13.0427904129,80.2476501465,69483,69493,10
13.0420999527,80.2474899292,69493,69503,10
13.0413303375,80.2473068237,69503,69514,11
13.0403499603,80.2471389771,69514,69524,10
13.0396795273,80.2470397949,69524,69564,40
13.0396795273,80.2470397949,69564,69574,10
13.039440155,80.2469711304,69574,69584,10
13.0389499664,80.2468566895,69584,69594,10
13.0382404327,80.2466583252,69594,69604,10
13.0375404358,80.2465591431,69604,69614,10
13.0367298126,80.246421814,69614,69625,11
13.0359201431,80.2462387085,69625,69635,10
13.0357103348,80.2461700439,69635,69645,10
13.0353097916,80.2460174561,69645,69655,10
13.0351400375,80.2459793091,69655,69665,10
13.0348997116,80.2458190918,69665,69675,10
13.0346603394,80.2454376221,69675,69685,10
13.0342702866,80.2448806763,69685,69695,10
13.0337200165,80.2442703247,69695,69705,10
13.0330095291,80.2433319092,69705,69715,10
13.0323696136,80.2424468994,69715,69726,11
13.0319004059,80.2417678833,69726,69736,10
13.03166008,80.2412261963,69736,69746,10
13.0314302444,80.240737915,69746,69756,10
13.0312004089,80.2402877808,69756,69766,10
13.0309400558,80.2397003174,69766,69776,10
13.0305299759,80.2389297485,69776,69786,10
13.0300302505,80.23802948,69786,69796,10
13.0295295715,80.237197876,69796,69806,10
13.0288801193,80.2365036011,69806,69816,10
13.0281801224,80.2357406616,69816,69826,10
13.0276403427,80.234916687,69826,69837,11
13.0269804001,80.2338485718,69837,69847,10
13.0266504288,80.2333297729,69847,69877,30
13.0266504288,80.2333297729,69877,69887,10
13.0265903473,80.2332382202,69887,69897,10
13.0263795853,80.2328567505,69897,69907,10
13.0261802673,80.2323532104,69907,69917,10
13.026049614,80.2319564819,69917,69927,10
13.0259399414,80.2315292358,69927,69937,10
13.0257997513,80.2309799194,69937,69948,11
13.0254001617,80.2301177979,69948,69958,10
13.0250396729,80.2295837402,69958,69967,9
13.0245704651,80.2289810181,69967,69988,21
13.0245704651,80.2289810181,69988,69998,10
13.0245304108,80.2289276123,69998,70008,10
13.0242900848,80.2286071777,70008,70018,10
13.0240097046,80.2283096313,70018,70028,10
13.0237598419,80.2279663086,70028,70038,10
13.023440361,80.2276611328,70038,70059,21
13.023440361,80.2276611328,70059,70069,10
13.0233001709,80.2275390625,70069,70079,10
13.0231599808,80.2273712158,70079,70089,10
13.0231599808,80.2273712158,70089,70099,10
13.0228004456,80.2270202637,70099,70109,10
13.0221700668,80.2264480591,70109,70119,10
13.0213899612,80.2258224487,70119,70129,10
13.0206098557,80.2252120972,70129,70139,10
13.0200996399,80.2248916626,70139,70151,12
13.0196800232,80.2245864868,70151,70162,11
13.0190401077,80.2244262695,70162,70172,10
13.0183401108,80.2246017456,70172,70182,10
13.0175600052,80.2249221802,70182,70192,10
13.0167503357,80.2253036499,70192,70202,10
13.0162801743,80.225479126,70202,70212,10
13.0158395767,80.2256317139,70212,70222,10
13.0151901245,80.2258529663,70222,70232,10
13.014289856,80.2262191772,70232,70252,20
13.014289856,80.2262191772,70252,70263,11
13.0138597488,80.2263717651,70263,70273,10
13.0131196976,80.2266387939,70273,70283,10
13.0121603012,80.2269821167,70283,70293,10
13.0111598969,80.2273712158,70293,70303,10
13.0101995468,80.2277679443,70303,70313,10
13.0093297958,80.2281494141,70313,70323,10
13.0089797974,80.2289962769,70323,70333,10
13.0087604523,80.2301712036,70333,70343,10
13.0085601807,80.2312927246,70343,70353,10
13.0083599091,80.2323684692,70353,70364,11
13.0082302094,80.2332763672,70364,70374,10
13.0082197189,80.2333984375,70374,70383,9
13.0081596375,80.2335586548,70383,70394,11
13.0080604553,80.2340393066,70394,70404,10
13.0079202652,80.2347564697,70404,70414,10
13.0077800751,80.235496521,70414,70424,10
13.0075998306,80.2363815308,70424,70434,10
13.0073795319,80.2374191284,70434,70444,10
13.0071897507,80.2384414673,70444,70454,10
13.0070400238,80.2392730713,70454,70465,11
13.0068998337,80.2399291992,70465,70475,10
13.0067796707,80.2405014038,70475,70485,10
13.0067396164,80.240737915,70485,70495,10
13.0067100525,80.2409362793,70495,70505,10
13.0066699982,80.241569519,70505,70515,10
13.0066604614,80.242401123,70515,70525,10
13.0066604614,80.2432403564,70525,70535,10
13.0066699982,80.2441711426,70535,70545,10
13.0066604614,80.2450714111,70545,70555,10
13.0066900253,80.245880127,70555,70564,9
13.0067195892,80.2466430664,70564,70576,12
13.0064897537,80.2473297119,70576,70586,10
13.0061597824,80.2473602295,70586,70596,10
13.0059995651,80.2473602295,70596,70606,10
13.0053596497,80.2473297119,70606,70616,10
13.0044298172,80.2473907471,70616,70626,10
13.0032701492,80.2475585938,70626,70636,10
13.0020599365,80.2477722168,70636,70646,10
13.0007295609,80.2480926514,70646,70656,10
12.9993095398,80.2484436035,70656,70666,10
12.9982204437,80.2487564087,70666,70676,10
12.998000145,80.2488021851,70676,70687,11
12.997420311,80.248916626,70687,70697,10
12.9965200424,80.2491226196,70697,70707,10
12.9954204559,80.249420166,70707,70717,10
12.9941797256,80.2497406006,70717,70727,10
12.9928302765,80.2500534058,70727,70737,10
12.9915399551,80.2503814697,70737,70747,10
12.990940094,80.2505569458,70747,70757,10
12.9905996323,80.2506332397,70757,70767,10
12.9898796082,80.2508163452,70767,70777,10
12.9889497757,80.2510528564,70777,70788,11
12.9878902435,80.2513427734,70788,70909,121
12.9878902435,80.2513427734,70909,70919,10
12.987859726,80.2513275146,70919,70929,10
12.9876403809,80.251373291,70929,70939,10
12.9871397018,80.2515029907,70939,70949,10
12.9864702225,80.251701355,70949,70959,10
12.9858703613,80.2518615723,70959,70969,10
12.9849901199,80.2520904541,70969,70979,10
12.9838895798,80.2523574829,70979,70989,10
12.9827899933,80.2525634766,70989,71000,11
12.9814195633,80.2526092529,71000,71010,10
12.980389595,80.2526626587,71010,71020,10
12.9798898697,80.2527008057,71020,71030,10
12.9791603088,80.2526321411,71030,71040,10
12.9786100388,80.2525405884,71040,71050,10
12.9785299301,80.2525100708,71050,71060,10
12.9780502319,80.2521591187,71060,71070,10
12.9772796631,80.2515182495,71070,71080,10
12.9761400223,80.2510910034,71080,71090,10
12.9750003815,80.2507629395,71090,71100,10
12.9738702774,80.2504272461,71100,71111,11
12.9727497101,80.2501373291,71111,71121,10
12.9717597961,80.2498703003,71121,71131,10
12.9706401825,80.2495574951,71131,71141,10
12.9695396423,80.2491378784,71141,71151,10
12.9685001373,80.2487335205,71151,71161,10
12.9675703049,80.2483901978,71161,71171,10
12.9669799805,80.2480926514,71171,71181,10
12.9662904739,80.247756958,71181,71191,10
12.9650297165,80.2473373413,71191,71211,20
12.9650297165,80.2473373413,71211,71228,17
12.9644203186,80.2470779419,71228,71240,12
12.9634504318,80.2466888428,71240,71250,10
12.9624795914,80.2462005615,71250,71258,8
12.9616804123,80.2458114624,71258,71270,12
12.9600801468,80.2450408936,71270,71280,10
12.9594202042,80.2448501587,71280,71290,10
12.9594402313,80.2448272705,71290,71300,10
12.9593200684,80.2447433472,71300,71310,10
12.9587802887,80.2444915771,71310,71321,11
12.9580001831,80.2441635132,71321,71331,10
12.9574604034,80.2439498901,71331,71341,10
12.9565000534,80.2436599731,71341,71391,50
12.9565000534,80.2436599731,71391,71401,10
12.956199646,80.243560791,71401,71411,10
12.9556999207,80.2432785034,71411,71421,10
12.955039978,80.2429504395,71421,71432,11
12.954079628,80.2425537109,71432,71442,10
12.9532804489,80.2422409058,71442,71452,10
12.9524297714,80.241897583,71452,71462,10
12.9517498016,80.2416610718,71462,71472,10
12.9516897202,80.2416305542,71472,71482,10
12.951259613,80.2414398193,71482,71492,10
12.9504899979,80.2411880493,71492,71502,10
12.9488801956,80.2407226563,71502,71522,20
12.9488801956,80.2407226563,71522,71532,10
12.9487600327,80.2406616211,71532,71543,11
12.9481401443,80.2403869629,71543,71553,10
12.9473400116,80.2400665283,71553,71563,10
12.9470701218,80.2399597168,71563,71573,10
12.9468297958,80.2398605347,71573,71583,10
12.9462099075,80.2396392822,71583,71593,10
12.9454097748,80.2392196655,71593,71603,10
12.9446201324,80.2384796143,71603,71613,10
12.9437599182,80.2375335693,71613,71623,10
12.9427404404,80.2366027832,71623,71633,10
12.9412899017,80.2361297607,71633,71644,11
12.9399299622,80.235786438,71644,71654,10
12.939740181,80.2357406616,71654,71664,10
12.9393501282,80.2355499268,71664,71674,10
12.9386396408,80.2351837158,71674,71684,10
12.9377498627,80.2347488403,71684,71694,10
12.9367303848,80.2342529297,71694,71704,10
12.9357204437,80.2337493896,71704,71714,10
12.934630394,80.2333068848,71714,71724,10
12.9338703156,80.2329788208,71724,71734,10
12.933839798,80.232963562,71734,71744,10
12.9337797165,80.2329177856,71744,71755,11
12.9334802628,80.2327880859,71755,71764,9
12.9334802628,80.2327804565,71764,71775,11
12.9334402084,80.232749939,71775,71785,10
12.9330701828,80.2325592041,71785,71795,10
12.9324197769,80.2323303223,71795,71805,10
12.9315595627,80.2320098877,71805,71815,10
12.9304504395,80.2316436768,71815,71825,10
12.9293003082,80.2313995361,71825,71835,10
12.9286003113,80.2312469482,71835,71845,10
12.9278202057,80.2311325073,71845,71856,11
12.9268198013,80.231010437,71856,71866,10
12.9261798859,80.2309570313,71866,71876,10
12.9260396957,80.2309570313,71876,71886,10
12.9258403778,80.2309494019,71886,71896,10
12.9252901077,80.2308578491,71896,71906,10
12.9245004654,80.2307891846,71906,71916,10
12.9235601425,80.2306594849,71916,71926,10
12.9224700928,80.2304763794,71926,71936,10
12.9212303162,80.2303085327,71936,71946,10
12.9199304581,80.2301635742,71946,71956,10
12.9185800552,80.2299728394,71956,71967,11
12.9172201157,80.2297973633,71967,71968,1
12.9171104431,80.2297821045,71968,71969,1
12.9169998169,80.2297592163,71969,72015,46
12.9132795334,80.2292404175,72015,72025,10
12.9128503799,80.2291488647,72025,72035,10
12.9120597839,80.2290420532,72035,72045,10
12.9110498428,80.2288970947,72045,72055,10
12.9098396301,80.2287216187,72055,72065,10
12.9085197449,80.2285003662,72065,72076,11
12.9071598053,80.2283096313,72076,72107,31
12.9071598053,80.2283096313,72107,72119,12
12.9069299698,80.2282562256,72119,72128,9
12.9064998627,80.2282180786,72128,72139,11
12.9057197571,80.2281723022,72139,72149,10
12.9048900604,80.2281265259,72149,72159,10
12.9043197632,80.2281112671,72159,72169,10
12.9036197662,80.2280807495,72169,72180,11
12.902589798,80.2280197144,72180,72190,10
12.9013900757,80.2279815674,72190,72210,20
12.9013900757,80.2279815674,72210,72220,10
12.901309967,80.2279586792,72220,72230,10
12.9010000229,80.2279434204,72230,72240,10
12.9006204605,80.227897644,72240,72250,10
12.9002103806,80.2278671265,72250,72260,10
12.8995103836,80.2278366089,72260,72281,21
12.8995103836,80.2278366089,72281,72291,10
12.8992204666,80.2278213501,72291,72301,10
12.8985996246,80.2277832031,72301,72311,10
12.8977499008,80.2277297974,72311,72321,10
12.8967199326,80.2276763916,72321,72331,10
12.8954896927,80.2276229858,72331,72341,10
12.8941602707,80.2275466919,72341,72351,10
12.8925895691,80.2274169922,72351,72412,61
12.8925895691,80.2274169922,72412,72422,10
12.8922796249,80.2273712158,72422,72432,10
12.8916196823,80.2273406982,72432,72442,10
12.8906803131,80.2273330688,72442,72452,10
12.8895597458,80.2273101807,72452,72462,10
12.8883695602,80.2273025513,72462,72472,10
12.8873796463,80.2272109985,72472,72482,10
12.8863201141,80.2269821167,72482,72493,11
12.8850803375,80.2267303467,72493,72503,10
12.8846197128,80.2267074585,72503,72513,10
12.884519577,80.2266921997,72513,72523,10
12.8839101791,80.2266921997,72523,72533,10
12.8829603195,80.2266769409,72533,72543,10
12.8818902969,80.2266921997,72543,72552,9
12.8807897568,80.2266921997,72552,72562,10
12.8794403076,80.2266998291,72562,72573,11
12.8780403137,80.2267913818,72573,72583,10
12.8768901825,80.2268981934,72583,72593,10
12.8764600754,80.2269592285,72593,72604,11
12.8763799667,80.2269363403,72604,72614,10
12.8759698868,80.2269515991,72614,72624,10
12.8752403259,80.2268981934,72624,72634,10
12.8742904663,80.2267684937,72634,72644,10
12.8731603622,80.2266769409,72644,72654,10
12.8725700378,80.2266921997,72654,72664,10
12.8723897934,80.2266769409,72664,72674,10
12.8717603683,80.2266616821,72674,72684,10
12.8708200455,80.2266235352,72684,72694,10
12.8697500229,80.2265319824,72694,72705,11
12.8685102463,80.2263565063,72705,72715,10
12.8672399521,80.2264328003,72715,72725,10
12.8659601212,80.2265472412,72725,72733,8
12.8648796082,80.2265625,72733,72745,12
12.8631801605,80.2265014648,72745,72755,10
12.8618402481,80.2265396118,72755,72765,10
12.8611001968,80.2265777588,72765,72775,10
12.8610897064,80.2265777588,72775,72784,9
12.8607501984,80.2265625,72784,72795,11
12.8599300385,80.2264480591,72795,72805,10
12.8590803146,80.2263183594,72805,72816,11
12.8584003448,80.2262496948,72816,72826,10
12.8576002121,80.2262496948,72826,72836,10
12.8566102982,80.2263336182,72836,72846,10
12.8554296494,80.2264480591,72846,72856,10
12.8540802002,80.2265777588,72856,72866,10
12.8526296616,80.2266693115,72866,72876,10
12.851360321,80.2266311646,72876,72886,10
12.8501901627,80.2265930176,72886,72896,10
12.8490104675,80.2265625,72896,72906,10
12.8477602005,80.2265472412,72906,72916,10
12.8464899063,80.2265625,72916,72927,11
12.8454704285,80.2265930176,72927,72937,10
12.8450803757,80.2266387939,72937,72947,10
12.8451099396,80.2266387939,72947,72957,10
12.8448295593,80.226600647,72957,72967,10
12.84416008,80.2266693115,72967,72977,10
12.8431997299,80.2267990112,72977,72987,10
12.8420295715,80.2270507813,72987,72997,10
12.8408298492,80.2273635864,72997,73007,10
12.8401002884,80.2275466919,73007,73017,10
12.8397302628,80.2276382446,73017,73028,11
12.8393697739,80.2277374268,73028,73038,10
12.838760376,80.2279129028,73038,73048,10
12.8378896713,80.2281188965,73048,73058,10
12.8367996216,80.2283096313,73058,73068,10
12.8356304169,80.228477478,73068,73078,10
12.834400177,80.2286682129,73078,73088,10
12.8333902359,80.2288665771,73088,73098,10
12.8326997757,80.2290420532,73098,73108,10
12.8325500488,80.2290725708,73108,73118,10
12.8323402405,80.2290802002,73118,73128,10
12.8317499161,80.2292175293,73128,73139,11
12.8308000565,80.2295074463,73139,73149,10
12.8298301697,80.2298736572,73149,73159,10
12.8286504745,80.2303619385,73159,73169,10
12.8275003433,80.2309875488,73169,73179,10
12.8262500763,80.2313537598,73179,73189,10
12.8249101639,80.2313995361,73189,73199,10
12.823849678,80.2311630249,73199,73209,10
12.8227300644,80.2308120728,73209,73219,10
12.821559906,80.230506897,73219,73229,10
12.8202600479,80.23046875,73229,73240,11
12.8190698624,80.2304916382,73240,73250,10
12.8188695908,80.23046875,73250,73260,10
12.818479538,80.2302932739,73260,73270,10
12.8177204132,80.2299423218,73270,73280,10
12.8166904449,80.2295608521,73280,73290,10
12.8154001236,80.229347229,73290,73300,10
12.8139896393,80.2291107178,73300,73310,10
12.8126001358,80.2286682129,73310,73320,10
12.8112401962,80.2281723022,73320,73330,10
12.8099498749,80.2276611328,73330,73340,10
12.8088798523,80.2270507813,73340,73351,11
12.8079395294,80.2262573242,73351,73361,10
12.8070497513,80.2254867554,73361,73371,10
12.8063697815,80.2248687744,73371,73381,10
12.8056497574,80.2242507935,73381,73397,16
12.8048801422,80.2239608765,73397,73409,12
12.804479599,80.2238922119,73409,73417,8
12.8039798737,80.2238616943,73417,73429,12
12.8032398224,80.2238006592,73429,73439,10
12.8025798798,80.2237091064,73439,73449,10
12.8016796112,80.2236099243,73449,73460,11
12.8009195328,80.2235565186,73460,73470,10
12.8006401062,80.2235336304,73470,73479,9
12.800069809,80.2234802246,73479,73490,11
12.7991695404,80.2233886719,73490,73500,10
12.7979202271,80.2232284546,73500,73510,10
12.7967100143,80.2230300903,73510,73520,10
12.7956199646,80.2228393555,73520,73530,10
12.7944402695,80.2226409912,73530,73540,10
12.7932100296,80.2224731445,73540,73550,10
12.7920799255,80.2222671509,73550,73561,11
12.7910404205,80.2220230103,73561,73571,10
12.7902498245,80.2218093872,73571,73581,10
12.7897596359,80.2216796875,73581,73591,10
12.7892799377,80.221496582,73591,73601,10
12.7886800766,80.221282959,73601,73611,10
12.7880601883,80.2210235596,73611,73621,10
12.7876195908,80.2208480835,73621,73631,10
12.7869997025,80.2206268311,73631,73641,10
12.7864999771,80.2204208374,73641,73651,10
12.78647995,80.2204208374,73651,73662,11
12.7863397598,80.2203598022,73662,73692,30
12.7863397598,80.2203598022,73692,73702,10
12.7861204147,80.2202835083,73702,73712,10
12.7858600616,80.2201766968,73712,73722,10
12.7854604721,80.2199783325,73722,73732,10
12.7850103378,80.2197494507,73732,73742,10
12.7845096588,80.2195281982,73742,73783,41
12.7845096588,80.2195281982,73783,73792,9
12.7842502594,80.2193222046,73792,73803,11
12.7836399078,80.2189788818,73803,73814,11
12.782910347,80.2185897827,73814,73824,10
12.781920433,80.2180480957,73824,73834,10
12.7809896469,80.2175674438,73834,73844,10
12.7801799774,80.2171401978,73844,73854,10
12.7795000076,80.2167663574,73854,73864,10
12.7789001465,80.2164611816,73864,73874,10
12.7783603668,80.216178894,73874,73885,11
12.7776203156,80.2158203125,73885,73895,10
12.7766895294,80.2154388428,73895,73905,10
12.7756099701,80.2149963379,73905,73915,10
12.7743797302,80.2144927979,73915,73925,10
12.7730998993,80.2139816284,73925,73935,10
12.7719497681,80.2135620117,73935,73945,10
12.7709703445,80.2132263184,73945,73955,10
12.7704200745,80.2130432129,73955,73965,10
12.770409584,80.2130432129,73965,73975,10
12.7701301575,80.212928772,73975,73986,11
12.7694301605,80.2126922607,73986,73996,10
12.7685403824,80.2123718262,73996,74006,10
12.767490387,80.2119598389,74006,74016,10
12.766289711,80.211517334,74016,74026,10
12.764960289,80.2110290527,74026,74036,10
12.7635698318,80.2105178833,74036,74046,10
12.7621498108,80.2099914551,74046,74056,10
12.7609195709,80.2094421387,74056,74066,10
12.7599201202,80.2089233398,74066,74076,10
12.7595100403,80.2087020874,74076,74092,16
12.759059906,80.2084274292,74092,74105,13
12.7581501007,80.2079315186,74105,74115,10
12.7574796677,80.2075500488,74115,74124,9
12.7563896179,80.2069396973,74124,74137,13
12.7549104691,80.2061309814,74137,74147,10
12.7536897659,80.2054672241,74147,74157,10
12.7526102066,80.2049026489,74157,74167,10
12.7516899109,80.2044219971,74167,74177,10
12.7510995865,80.2041320801,74177,74187,10
12.7510795593,80.2041168213,74187,74198,11
12.7508401871,80.2039871216,74198,74208,10
12.7502698898,80.2036895752,74208,74218,10
12.7494697571,80.2032775879,74218,74228,10
12.7484998703,80.2027816772,74228,74238,10
12.7473697662,80.2022018433,74238,74248,10
12.7461395264,80.2015762329,74248,74258,10
12.7449998856,80.2009811401,74258,74268,10
12.7442798615,80.2003936768,74268,74278,10
12.7441797256,80.2002487183,74278,74288,10
12.7438802719,80.1998825073,74288,74298,10
12.7433700562,80.1992874146,74298,74309,11
12.742650032,80.1984710693,74309,74319,10
12.7419500351,80.1976089478,74319,74329,10
12.7415895462,80.1971282959,74329,74339,10
12.7415103912,80.1969909668,74339,74349,10
12.7411804199,80.1965103149,74349,74359,10
12.7406902313,80.1958236694,74359,74369,10
12.7400999069,80.195022583,74369,74379,10
12.7394199371,80.1940765381,74379,74389,10
12.7386598587,80.193031311,74389,74399,10
12.737739563,80.1920089722,74399,74410,11
12.7366504669,80.1909484863,74410,74420,10
12.7359199524,80.190246582,74420,74430,10
12.7358198166,80.1901626587,74430,74440,10
12.7356004715,80.1899337769,74440,74450,10
12.7349796295,80.1896209717,74450,74460,10
12.7340803146,80.189491272,74460,74470,10
12.7330503464,80.1893768311,74470,74480,10
12.732000351,80.1891784668,74480,74490,10
12.7310199738,80.1890563965,74490,74500,10
12.7305698395,80.1890487671,74500,74510,10
12.730340004,80.1889877319,74510,74521,11
12.7299003601,80.1889572144,74521,74531,10
12.7298202515,80.1889419556,74531,74541,10
12.7294998169,80.1889266968,74541,74551,10
12.7288503647,80.188873291,74551,74561,10
12.7281198502,80.188659668,74561,74571,10
12.7275800705,80.1885070801,74571,74581,10
12.7270498276,80.1883621216,74581,74591,10
12.7264003754,80.1882095337,74591,74601,10
12.7256603241,80.1880874634,74601,74611,10
12.7250204086,80.1879806519,74611,74622,11
12.7249498367,80.1879730225,74622,74632,10
12.7247200012,80.1879119873,74632,74642,10
12.7242002487,80.1877975464,74642,74652,10
12.7236700058,80.1876525879,74652,74662,10
12.72315979,80.1875305176,74662,74672,10
12.7225999832,80.1873703003,74672,74682,10
12.7222795486,80.1874465942,74682,74712,30
12.7222795486,80.1874465942,74712,74723,11
12.7222204208,80.1877212524,74723,74733,10
12.7219400406,80.1878890991,74733,74743,10
12.7221899033,80.1875610352,74743,75571,828
12.7222795486,80.1873168945,75571,75954,383
12.7222795486,80.1873168945,75954,75964,10
12.722319603,80.1873321533,75964,75974,10
12.7223596573,80.1873092651,75974,75984,10
12.7226200104,80.1873626709,75984,75995,11
12.7233200073,80.1875610352,75995,76004,9
12.7238302231,80.1876907349,76004,76015,11
12.7240695953,80.1877670288,76015,76025,10
12.7246103287,80.1879119873,76025,76045,20
12.7246103287,80.1879119873,76045,76055,10
12.7249002457,80.1879806519,76055,76065,10
12.7254695892,80.188079834,76065,76075,10
12.7261400223,80.1881866455,76075,76085,10
12.7269201279,80.1883468628,76085,76096,11
12.7278404236,80.188583374,76096,76106,10
12.7286100388,80.1888427734,76106,76116,10
12.7292995453,80.1889724731,76116,76126,10
12.7297401428,80.1889724731,76126,76136,10
12.7298402786,80.1889801025,76136,76146,10
12.7301902771,80.1890182495,76146,76156,10
12.7302904129,80.1890335083,76156,76166,10
12.7306604385,80.1890869141,76166,76176,10
12.7313404083,80.1891403198,76176,76186,10
12.7321796417,80.1892700195,76186,76196,10
12.7331199646,80.1894226074,76196,76207,11
12.7343797684,80.1895294189,76207,76217,10
12.7356595993,80.1899185181,76217,76227,10
12.7364702225,80.1906585693,76227,76237,10
12.7373304367,80.1915283203,76237,76247,10
12.7382698059,80.1924209595,76247,76257,10
12.739159584,80.193572998,76257,76267,10
12.7400798798,80.1948471069,76267,76277,10
12.7410297394,80.1961288452,76277,76287,10
12.741809845,80.1972198486,76287,76297,10
12.7420597076,80.1975784302,76297,76308,11
12.7421998978,80.197769165,76308,76318,10
12.7425804138,80.1982269287,76318,76328,10
12.7431402206,80.1988983154,76328,76338,10
12.7438802719,80.1997375488,76338,76348,10
12.7446603775,80.200592041,76348,76358,10
12.7456903458,80.2012710571,76358,76368,10
12.7469596863,80.2019195557,76368,76378,10
12.7483596802,80.2026596069,76378,76388,10
12.7498197556,80.2033920288,76388,76398,10
12.7512302399,80.2041091919,76398,76408,10
12.7525997162,80.2048492432,76408,76419,11
12.7541599274,80.205657959,76419,76429,10
12.7555704117,80.2064285278,76429,76439,10
12.7569799423,80.2072067261,76439,76449,10
12.7583703995,80.2079772949,76449,76459,10
12.7595796585,80.2086410522,76459,76468,9
12.7600898743,80.2089080811,76468,76479,11
12.7601995468,80.2089691162,76479,76489,10
12.7606201172,80.2091903687,76489,76499,10
12.761349678,80.2095718384,76499,76509,10
12.7622499466,80.2099685669,76509,76520,11
12.7634096146,80.2104187012,76520,76530,10
12.7646398544,80.2108917236,76530,76540,10
12.7660303116,80.2114028931,76540,76550,10
12.7675199509,80.2119369507,76550,76560,10
12.7690696716,80.2124786377,76560,76570,10
12.7704801559,80.2129974365,76570,76580,10
12.771229744,80.2132492065,76580,76590,10
12.7712697983,80.2132568359,76590,76600,10
12.7716197968,80.2133865356,76600,76610,10
12.7722997665,80.2136383057,76610,76620,10
12.7731599808,80.2139587402,76620,76631,11
12.7743501663,80.2144317627,76631,76641,10
12.7756099701,80.2149429321,76641,76651,10
12.7769804001,80.2154998779,76651,76661,10
12.7783203125,80.2160720825,76661,76671,10
12.7796001434,80.2167434692,76671,76681,10
12.7808704376,80.2174377441,76681,76691,10
12.7822303772,80.2181777954,76691,76701,10
12.7834997177,80.2188873291,76701,76711,10
12.7845201492,80.2194824219,76711,76721,10
12.7852802277,80.2198791504,76721,76732,11
12.7863397598,80.2203598022,76732,76762,30
12.7863397598,80.2203598022,76762,76772,10
12.786359787,80.2203598022,76772,76782,10
12.7867498398,80.2205200195,76782,76792,10
12.7873401642,80.2207489014,76792,76802,10
12.7880001068,80.220993042,76802,76812,10
12.788769722,80.2212905884,76812,76822,10
12.7895803452,80.2215805054,76822,76832,10
12.7903995514,80.2218170166,76832,76843,11
12.7915897369,80.2221221924,76843,76853,10
12.792889595,80.2224121094,76853,76863,10
12.7943296432,80.2226104736,76863,76873,10
12.7962703705,80.22290802,76873,76893,20
12.7962703705,80.22290802,76893,76903,10
12.7963695526,80.2229385376,76903,76913,10
12.7968902588,80.2230377197,76913,76923,10
12.7976703644,80.2231826782,76923,76933,10
12.798500061,80.2232818604,76933,76944,11
12.7995796204,80.2233963013,76944,76954,10
12.8007001877,80.2235031128,76954,76964,10
12.8018398285,80.2236022949,76964,76974,10
12.8027496338,80.223739624,76974,76984,10
12.8034200668,80.2238464355,76984,76994,10
12.8042201996,80.2239227295,76994,77004,10
12.804980278,80.2240219116,77004,77014,10
12.8054800034,80.2241363525,77014,77024,10
12.805560112,80.2241897583,77024,77034,10
12.8058700562,80.2244415283,77034,77044,10
12.8064498901,80.2249603271,77044,77055,11
12.8073101044,80.2257232666,77055,77065,10
12.8082704544,80.2265396118,77065,77075,10
12.8093395233,80.2273788452,77075,77085,10
12.8105802536,80.2279510498,77085,77095,10
12.8120203018,80.2285003662,77095,77105,10
12.8135404587,80.229019165,77105,77115,10
12.8151102066,80.229347229,77115,77125,10
12.8167200089,80.2295913696,77125,77135,10
12.8181400299,80.2301635742,77135,77145,10
12.8192996979,80.2305221558,77145,77156,11
12.8197002411,80.2304916382,77156,77166,10
12.8199501038,80.2304763794,77166,77176,10
12.8217000961,80.2305374146,77176,77186,10
12.8217000961,80.2305374146,77186,77196,10
12.8228797913,80.2308807373,77196,77206,10
12.8241996765,80.2312316895,77206,77216,10
12.8255300522,80.2314224243,77216,77226,10
12.8270101547,80.2312469482,77226,77236,10
12.828379631,80.2305297852,77236,77252,16
12.8305501938,80.2295684814,77252,77264,12
12.8309803009,80.2293930054,77264,77275,11
12.8312301636,80.2293014526,77275,77285,10
12.8315095901,80.2292098999,77285,77295,10
12.8319396973,80.2291030884,77295,77305,10
12.8327102661,80.2289581299,77305,77315,10
12.8337402344,80.2287826538,77315,77325,10
12.834980011,80.2285690308,77325,77335,10
12.8363399506,80.2283782959,77335,77345,10
12.8376502991,80.2281723022,77345,77355,10
12.8386602402,80.2279281616,77355,77365,10
12.8392496109,80.2277297974,77365,77376,11
12.8394098282,80.2276763916,77376,77386,10
12.8395900726,80.2276077271,77386,77396,10
12.8401498795,80.2274780273,77396,77406,10
12.8410196304,80.2272567749,77406,77416,10
12.842089653,80.2269973755,77416,77426,10
12.84333992,80.2267379761,77426,77435,9
12.8453197479,80.2265319824,77435,77455,20
12.8453197479,80.2265319824,77455,77466,11
12.8457803726,80.2265319824,77466,77477,11
12.8466396332,80.2265319824,77477,77487,10
12.8476600647,80.2265319824,77487,77497,10
12.8487796783,80.2265319824,77497,77507,10
12.8500099182,80.2265396118,77507,77517,10
12.8512601852,80.2265777588,77517,77527,10
12.8523702621,80.2266387939,77527,77537,10
12.8533496857,80.2266235352,77537,77547,10
12.8542404175,80.2265319824,77547,77557,10
12.8549995422,80.2264328003,77557,77567,10
12.8556900024,80.2263565063,77567,77578,11
12.8563699722,80.2262802124,77578,77588,10
12.8569402695,80.2262268066,77588,77598,10
12.8576002121,80.2261810303,77598,77608,10
12.8585195541,80.2262191772,77608,77618,10
12.8596601486,80.2263717651,77618,77628,10
12.8608102798,80.2265319824,77628,77638,10
12.8620796204,80.2265014648,77638,77648,10
12.8635101318,80.2264709473,77648,77658,10
12.8650798798,80.2265396118,77658,77668,10
12.8667001724,80.2264633179,77668,77678,10
12.8682403564,80.2263412476,77678,77689,11
12.8698101044,80.2264862061,77689,77699,10
12.8711595535,80.226600647,77699,77709,10
12.8724803925,80.2266235352,77709,77719,10
12.8735399246,80.2266769409,77719,77729,10
12.8747701645,80.2268218994,77729,77739,10
12.8760299683,80.2268981934,77739,77749,10
12.876660347,80.226852417,77749,77759,10
12.8767795563,80.226852417,77759,77769,10
12.8772201538,80.2268218994,77769,77779,10
12.8780403137,80.2267608643,77779,77790,11
12.8791904449,80.2266921997,77790,77800,10
12.8804502487,80.2266693115,77800,77810,10
12.8818798065,80.2266616821,77810,77820,10
12.8832902908,80.2266387939,77820,77830,10
12.8844995499,80.2266082764,77830,77840,10
12.8849897385,80.2266082764,77840,77850,10
12.8851604462,80.2266387939,77850,77860,10
12.8857402802,80.2267684937,77860,77870,10
12.8865995407,80.2269973755,77870,77880,10
12.8875598907,80.227180481,77880,77890,10
12.8887300491,80.2272796631,77890,77901,11
12.890250206,80.2272872925,77901,77911,10
12.8915395737,80.2272796631,77911,77921,10
12.892370224,80.2272872925,77921,77937,16
12.8935403824,80.2274780273,77937,77949,12
12.8948001862,80.2275924683,77949,77959,10
12.8960800171,80.2276306152,77959,77969,10
12.8975000381,80.2276916504,77969,77979,10
12.8988704681,80.2277603149,77979,77989,10
12.8998804092,80.2277984619,77989,77998,9
12.9007396698,80.2277984619,77998,78059,61
12.9007396698,80.2277984619,78059,78070,11
12.9008398056,80.2278366089,78070,78080,10
12.9012899399,80.227897644,78080,78090,10
12.9020395279,80.2279281616,78090,78100,10
12.9024295807,80.2279434204,78100,78111,11
12.9026403427,80.2279586792,78111,78121,10
12.9032697678,80.2279968262,78121,78131,10
12.9041795731,80.2280426025,78131,78141,10
12.9053096771,80.2281036377,78141,78151,10
12.9061803818,80.2281417847,78151,78161,10
12.9062795639,80.2281417847,78161,78171,10
12.9063396454,80.2281417847,78171,78181,10
12.9067602158,80.2282028198,78181,78191,10
12.9075498581,80.2283096313,78191,78201,10
12.9085903168,80.228477478,78201,78211,10
12.9098701477,80.2286987305,78211,78222,11
12.9113197327,80.2289199829,78222,78238,16
12.9138298035,80.2292404175,78238,78258,20
12.9138298035,80.2292404175,78258,78270,12
12.9142599106,80.2293014526,78270,78280,10
12.9151000977,80.2294311523,78280,78290,10
12.9161396027,80.2295913696,78290,78300,10
12.9172296524,80.2297286987,78300,78310,10
12.9184598923,80.2299118042,78310,78321,11
12.9198303223,80.2300872803,78321,78331,10
12.921090126,80.2302474976,78331,78340,9
12.922249794,80.2304077148,78340,78351,11
12.923500061,80.2305908203,78351,78361,10
12.9247903824,80.230758667,78361,78371,10
12.9258499146,80.2308807373,78371,78381,10
12.9264297485,80.2309188843,78381,78391,10
12.926779747,80.2309570313,78391,78401,10
12.9275197983,80.2310562134,78401,78411,10
12.9284696579,80.2311935425,78411,78421,10
12.9291696548,80.2313232422,78421,78432,11
12.9300203323,80.2315063477,78432,78442,10
12.9310102463,80.2317886353,78442,78452,10
12.9320402145,80.2321395874,78452,78462,10
12.9329099655,80.2324066162,78462,78472,10
12.9334497452,80.2326431274,78472,78482,10
12.9334697723,80.2326507568,78482,78492,10
12.9336204529,80.2327270508,78492,78502,10
12.9341497421,80.2329711914,78502,78518,16
12.9354896545,80.2336120605,78518,78530,12
12.9362001419,80.2339477539,78530,78541,11
12.9368600845,80.2342681885,78541,78551,10
12.9380302429,80.2348480225,78551,78561,10
12.939160347,80.2353897095,78561,78571,10
12.9401597977,80.2358322144,78571,78581,10
12.9413995743,80.2361679077,78581,78591,10
12.94272995,80.2365875244,78591,78601,10
12.9437904358,80.2375030518,78601,78609,8
12.9445695877,80.2383575439,78609,78621,12
12.9457798004,80.2393875122,78621,78631,10
12.946849823,80.2398223877,78631,78641,10
12.9472303391,80.2399520874,78641,78652,11
12.9474601746,80.2400512695,78652,78662,10
12.9480695724,80.2403335571,78662,78672,10
12.9488601685,80.2406616211,78672,78692,20
12.9488601685,80.2406616211,78692,78702,10
12.9491701126,80.2407836914,78702,78712,10
12.9498796463,80.2410125732,78712,78722,10
12.950750351,80.2412872314,78722,78732,10
12.9519996643,80.2417221069,78732,78743,11
12.9533500671,80.2422180176,78743,78753,10
12.9544200897,80.2426605225,78753,78763,10
12.9550600052,80.2429199219,78763,78773,10
12.9558095932,80.2432327271,78773,78783,10
12.9563102722,80.2434387207,78783,78793,10
12.9566402435,80.243560791,78793,78803,10
12.9573202133,80.2438201904,78803,78813,10
12.9583101273,80.2441864014,78813,78823,10
12.9593400955,80.2446289063,78823,78833,10
12.9604997635,80.2451705933,78833,78843,10
12.9617300034,80.2457733154,78843,78854,11
12.9630403519,80.2464294434,78854,78864,10
12.964220047,80.246963501,78864,78874,10
12.9655399323,80.247428894,78874,78884,10
12.9665603638,80.2478408813,78884,78893,9
12.9668998718,80.2479782104,78893,78904,11
12.9670600891,80.2480773926,78904,78914,10
12.9676103592,80.248336792,78914,78924,10
12.9685297012,80.2487030029,78924,78934,10
12.9696598053,80.2491607666,78934,78944,10
12.9709701538,80.2496414185,78944,78954,10
12.9723901749,80.2500305176,78954,78965,11
12.9738197327,80.2503967285,78965,78975,10
12.9752702713,80.2508087158,78975,78985,10
12.9767799377,80.2512512207,78985,78995,10
12.9779195786,80.2519302368,78995,79005,10
12.9786300659,80.2523880005,79005,79015,10
12.9789304733,80.2525100708,79015,79025,10
12.9793996811,80.2525482178,79025,79045,20
12.9793996811,80.2525482178,79045,79055,10
12.9795999527,80.252571106,79055,79066,11
12.9800901413,80.2526016235,79066,79076,10
12.9806203842,80.2526016235,79076,79086,10
12.9813899994,80.2525787354,79086,79096,10
12.9823198318,80.252571106,79096,79106,10
12.9834899902,80.2524414063,79106,79116,10
12.984629631,80.2521286011,79116,79126,10
12.9856700897,80.2518463135,79126,79136,10
12.9861297607,80.251739502,79136,79146,10
12.9865903854,80.2516174316,79146,79156,10
12.9870195389,80.2514877319,79156,79167,11
12.9873199463,80.2513885498,79167,79177,10
12.9876804352,80.2512893677,79177,79187,10
12.9881896973,80.2511901855,79187,79197,10
12.9890003204,80.2509765625,79197,79207,10
12.9894304276,80.2508468628,79207,79217,10
12.989689827,80.2508010864,79217,79227,10
12.9903202057,80.2506484985,79227,79236,9
12.9911003113,80.2504501343,79236,79246,10
12.9921598434,80.2501831055,79246,79257,11
12.9932804108,80.2499084473,79257,79267,10
12.9948596954,80.2495117188,79267,79278,11
12.9964199066,80.2490997314,79278,79288,10
12.9978704453,80.2487411499,79288,79298,10
12.9993600845,80.2483825684,79298,79308,10
13.0008201599,80.2480163574,79308,79318,10
13.0020999908,80.2477035522,79318,79328,10
13.0032396317,80.247467041,79328,79338,10
13.0045995712,80.2472763062,79338,79348,10
13.0057697296,80.2470474243,79348,79358,10
13.0064601898,80.2464828491,79358,79368,10
13.0065202713,80.2461624146,79368,79378,10
13.0065603256,80.2458572388,79378,79389,11
13.0066003799,80.2451400757,79389,79399,10
13.0065402985,80.2444992065,79399,79409,10
13.0065402985,80.2439727783,79409,79419,10
13.0065603256,80.2437210083,79419,79429,10
13.0065402985,80.2432022095,79429,79439,10
13.0065002441,80.2423782349,79439,79449,10
13.0065202713,80.2413101196,79449,79459,10
13.0066299438,80.2404174805,79459,79469,10
13.006649971,80.2402801514,79469,79479,10
13.0067300797,80.2399978638,79479,79490,11
13.0067796707,80.2392425537,79490,79500,10
13.0069999695,80.2383117676,79500,79510,10
13.0071802139,80.2376022339,79510,79520,10
13.0073003769,80.2369613647,79520,79530,10
13.0073604584,80.2366867065,79530,79540,10
13.0074501038,80.2363433838,79540,79550,10
13.0075798035,80.2357025146,79550,79560,10
13.0077495575,80.2348480225,79560,79570,10
13.0079603195,80.2339019775,79570,79586,16
13.0083398819,80.2321090698,79586,79599,13
13.0087003708,80.230430603,79599,79609,10
13.008939743,80.2291793823,79609,79619,10
13.00922966,80.2279968262,79619,79629,10
13.0097398758,80.2268676758,79629,79638,9
13.0101604462,80.2259979248,79638,79649,11
13.0107698441,80.2248382568,79649,79659,10
13.0111103058,80.2240066528,79659,79669,10
13.0114898682,80.2229690552,79669,79679,10
13.0117902756,80.2219161987,79679,79689,10
13.012260437,80.2214508057,79689,79700,11
13.0124702454,80.2217636108,79700,79710,10
13.0129404068,80.2223815918,79710,79720,10
13.0135602951,80.2230911255,79720,79730,10
13.0142202377,80.2238769531,79730,79740,10
13.0149402618,80.224609375,79740,79750,10
13.0153398514,80.2249298096,79750,79770,20
13.0153398514,80.2249298096,79770,79780,10
13.0156698227,80.2251586914,79780,79790,10
13.0162601471,80.2253494263,79790,79800,10
13.0171804428,80.2250595093,79800,79810,10
13.0182600021,80.2246170044,79810,79821,11
13.0193195343,80.2244186401,79821,79831,10
13.0202198029,80.2249069214,79831,79841,10
13.0211000443,80.2255630493,79841,79851,10
13.0219602585,80.2261962891,79851,79861,10
13.022359848,80.2265014648,79861,79871,10
13.0223903656,80.2265319824,79871,79881,10
13.0226802826,80.2267990112,79881,79891,10
13.023229599,80.2273101807,79891,79901,10
13.0238199234,80.227897644,79901,79912,11
13.0245599747,80.228843689,79912,79922,10
13.025270462,80.2297821045,79922,79932,10
13.0258197784,80.2307434082,79932,79942,10
13.0261201859,80.2317428589,79942,79952,10
13.0264501572,80.2328109741,79952,79962,10
13.0270204544,80.2338180542,79962,79971,9
13.0276403427,80.2348937988,79971,79982,11
13.0285196304,80.2360916138,79982,79992,10
13.029299736,80.236907959,79992,80002,10
13.0295801163,80.2371902466,80002,80012,10
13.0297403336,80.2373962402,80012,80023,11
13.0301799774,80.2382278442,80023,80033,10
13.0306997299,80.239112854,80033,80043,10
13.0311899185,80.2399520874,80043,80053,10
13.0313997269,80.2406463623,80053,80063,10
13.0316801071,80.241317749,80063,80073,10
13.0320396423,80.2420806885,80073,80083,10
13.0325403214,80.2426376343,80083,80093,10
13.0331802368,80.2435073853,80093,80103,10
13.0336999893,80.2442321777,80103,80113,10
13.0342702866,80.2449798584,80113,80124,11
13.0349702835,80.2457962036,80124,80134,10
13.03565979,80.2460632324,80134,80144,10
13.0357999802,80.2462081909,80144,80154,10
13.0362100601,80.2463607788,80154,80164,10
13.0368795395,80.2465515137,80164,80174,10
13.0375499725,80.2464523315,80174,80184,10
13.0380897522,80.2465667725,80184,80194,10
13.0389099121,80.2467498779,80194,80235,41
13.0389099121,80.2467498779,80235,80245,10
13.0389995575,80.2467727661,80245,80255,10
13.0392503738,80.2468338013,80255,80265,10
13.0396299362,80.2469177246,80265,80275,10
13.0402202606,80.2470397949,80275,80285,10
13.0409402847,80.2471618652,80285,80295,10
13.0418395996,80.2473526001,80295,80305,10
13.0426197052,80.2476119995,80305,80315,10
13.0433998108,80.2478179932,80315,80325,10
13.0440502167,80.247756958,80325,80335,10
13.0445995331,80.2478637695,80335,80346,11
13.0451202393,80.2481231689,80346,80356,10
13.0457401276,80.2483825684,80356,80366,10
13.046500206,80.2484436035,80366,80376,10
13.0471897125,80.2484512329,80376,80386,10
13.0478000641,80.2489471436,80386,80396,10
13.0484895706,80.2495117188,80396,80406,10
13.0492401123,80.249671936,80406,80416,10
13.0502099991,80.2498703003,80416,80426,10
13.0512199402,80.2501220703,80426,80436,10
13.052069664,80.2506790161,80436,80447,11
13.0528202057,80.2516708374,80447,80457,10
13.0534801483,80.2525482178,80457,80467,10
13.0541200638,80.2534713745,80467,80477,10
13.0547800064,80.2543182373,80477,80487,10
13.0553998947,80.2551193237,80487,80496,9
13.0558900833,80.2557983398,80496,80507,11
13.0563697815,80.2564086914,80507,80517,10
13.0569400787,80.2569198608,80517,80527,10
13.0576000214,80.2575378418,80527,80536,9
13.0581302643,80.2581329346,80536,80548,12
13.0587997437,80.2589569092,80548,80558,10
13.0592603683,80.2597198486,80558,80568,10
13.0598402023,80.2602767944,80568,80578,10
13.0604400635,80.2608795166,80578,80588,10
13.0607595444,80.2612609863,80588,80598,10
13.0608701706,80.2613983154,80598,80608,10
13.0612201691,80.2618179321,80608,80618,10
13.0616102219,80.2623214722,80618,80628,10
13.0620803833,80.2629470825,80628,80638,10
13.0627202988,80.2637863159,80638,80648,10
13.0633201599,80.264541626,80648,80659,11
13.0637903214,80.265296936,80659,80669,10
13.0641899109,80.2658691406,80669,80679,10
13.0646400452,80.2663803101,80679,80689,10
13.0649700165,80.2668304443,80689,80699,10
13.0654001236,80.2671432495,80699,80709,10
13.0657196045,80.2674484253,80709,80719,10
13.065779686,80.267539978,80719,80729,10
13.0659599304,80.2677993774,80729,80739,10
13.0662202835,80.268119812,80739,80749,10
13.0663003922,80.2681884766,80749,80760,11
13.0664901733,80.2683334351,80760,80770,10
13.0666503906,80.2684402466,80770,80780,10
13.0670099258,80.2686691284,80780,80790,10
13.0674495697,80.2689437866,80790,80800,10
13.0680599213,80.2693405151,80800,80810,10
13.0682001114,80.269569397,80810,80820,10
13.0681295395,80.2701187134,80820,80830,10
13.0680599213,80.2708129883,80830,80840,10
13.068110466,80.2713775635,80840,80850,10
13.0685100555,80.2717971802,80850,80860,10
13.0691099167,80.2720565796,80860,80870,10
13.0696401596,80.2726135254,80870,80881,11
13.0701198578,80.2731399536,80881,80891,10
13.0704698563,80.2735977173,80891,80901,10
13.0713596344,80.2742614746,80901,80921,20
13.0713596344,80.2742614746,80921,80931,10
13.0714597702,80.274307251,80931,80941,10
13.0717000961,80.2743835449,80941,80951,10
13.0719900131,80.274597168,80951,80963,12
13.0724401474,80.275100708,80963,80974,11
13.0730199814,80.275718689,80974,80982,8
13.0734996796,80.2761993408,80982,80995,13
13.0744199753,80.2763137817,80995,81005,10
13.0753002167,80.2762680054,81005,81015,10
13.0759801865,80.2762298584,81015,81045,30
13.0759801865,80.2762298584,81045,81056,11
13.0763502121,80.2762069702,81056,81066,10
13.0768604279,80.2761993408,81066,81077,11
13.0775604248,80.2761383057,81077,81087,10
13.0780897141,80.2759780884,81087,81097,10
13.0783195496,80.2753372192,81097,81107,10
13.0789003372,80.275100708,81107,81117,10
13.0796604156,80.2752609253,81117,81127,10
13.0805196762,80.2752075195,81127,81137,10
13.0810203552,80.2751464844,81137,81147,10
13.0812501907,80.275138855,81147,81157,10
13.0816402435,80.2751617432,81157,81167,10
13.0819196701,80.2753067017,81167,81177,10
13.0819702148,80.2755279541,81177,81198,21
13.0819702148,80.2755279541,81198,81208,10
13.0819797516,80.2755737305,81208,81218,10
13.0819797516,80.2758407593,81218,81228,10
13.0818395615,80.2760314941,81228,81238,10
13.0818195343,80.276222229,81238,81248,10
13.081870079,80.2767181396,81248,81258,10
13.0819501877,80.2774124146,81258,81268,10
13.0821399689,80.2779693604,81268,81278,10
13.0824804306,80.2780303955,81278,81289,11
13.0830602646,80.2780685425,81289,81299,10
13.083319664,80.2781219482,81299,81309,10
13.0834102631,80.2783584595,81309,81319,10
13.083530426,80.2788391113,81319,81329,10
13.0831203461,80.2788696289,81329,81339,10
13.0824899673,80.2786026001,81339,81349,10
13.0823001862,80.2785186768,81349,81359,10
13.0822200775,80.2784881592,81359,81369,10
13.0819997787,80.2783203125,81369,81386,17
13.0818595886,80.2773590088,81386,81399,13
13.081700325,80.2762985229,81399,81407,8
13.0816297531,80.2758407593,81407,81419,12
13.0816001892,80.2754974365,81419,81429,10
13.0815000534,80.2752990723,81429,81439,10
13.081199646,80.2751998901,81439,81449,10
13.0807800293,80.2752609253,81449,81459,10
13.0802698135,80.2753067017,81459,81468,9
13.0797700882,80.2753601074,81468,81479,11
13.0789804459,80.2752075195,81479,81489,10
13.0783195496,80.2754898071,81489,81499,10
13.0779600143,80.2761993408,81499,81510,11
13.0770301819,80.2762680054,81510,81520,10
13.076259613,80.2763214111,81520,81530,10
13.075920105,80.2762832642,81530,81540,10
13.0759096146,80.2760772705,81540,81550,10
13.0759496689,80.2758865356,81550,81994,444
13.0759496689,80.2758865356,81994,82004,10
13.0759096146,80.2756881714,82004,82045,41
13.0759096146,80.2756881714,82045,82055,10
13.0759801865,80.2754364014,82055,82065,10
13.0758800507,80.2753067017,82065,82075,10
13.0758800507,80.2752990723,82075,82085,10
13.0759296417,80.2751998901,82085,84662,2577
13.0759296417,80.2751998901,84662,84672,10
