12.9868803024,80.2590637207,12,184,172
12.9868803024,80.2590332031,184,4059,3875
12.9869604111,80.2590637207,4059,4372,313
12.9868497849,80.2590637207,4372,7082,2710
12.9868898392,80.2590637207,7082,7254,172
12.9868898392,80.258972168,7254,9924,2670
12.9869804382,80.2590103149,9924,10207,283
12.9868097305,80.2590332031,10207,10551,344
12.9869604111,80.2590408325,10551,10945,394
12.9867601395,80.2590179443,10945,11229,284
12.9867601395,80.2590179443,11229,11239,10
12.9869298935,80.2589492798,11239,11582,343
12.9868297577,80.2590637207,11582,11906,324
12.9869403839,80.2590026855,11906,11967,61
12.9869403839,80.2590026855,11967,11977,10
12.9868297577,80.2590332031,11977,12523,546
12.9870300293,80.2590484619,12523,12837,314
12.9870300293,80.2590484619,12837,12847,10
12.9870300293,80.2590026855,12847,13606,759
12.9868803024,80.2590026855,13606,14758,1152
12.9868001938,80.2590408325,14758,19764,5006
12.9868898392,80.2590179443,19764,20532,768
12.9868402481,80.2591400146,20532,20906,374
12.9868803024,80.2590179443,20906,21482,576
12.9869699478,80.2589416504,21482,21796,314
12.9868602753,80.2590866089,21796,21816,20
12.9868602753,80.2590866089,21816,21826,10
12.9868001938,80.2589111328,21826,21836,10
12.9867897034,80.2588500977,21836,21846,10
12.9868402481,80.2586212158,21846,21857,11
12.9871397018,80.2585296631,21857,21867,10
12.987279892,80.2585525513,21867,21877,10
12.9873695374,80.2584228516,21877,21887,10
12.9874000549,80.2582473755,21887,21897,10
12.9874200821,80.2578811646,21897,21917,20
12.9874200821,80.2578811646,21917,21927,10
12.9874696732,80.2576599121,21927,22119,192
12.9875602722,80.2574005127,22119,22221,102
12.9876298904,80.2573776245,22221,22301,80
12.9876298904,80.2573776245,22301,22312,11
12.9876003265,80.2571868896,22312,22322,10
12.9876003265,80.2566223145,22322,22332,10
12.9876203537,80.2559585571,22332,22342,10
12.9877195358,80.2554626465,22342,22352,10
12.987739563,80.2551193237,22352,22362,10
12.9877595901,80.2549285889,22362,22372,10
12.9877996445,80.2542724609,22372,22382,10
12.987859726,80.2533493042,22382,22392,10
12.9879302979,80.2522888184,22392,22403,11
12.987830162,80.2514038086,22403,22413,10
12.988360405,80.251159668,22413,22423,10
12.989279747,80.2509231567,22423,22433,10
12.9903802872,80.2506637573,22433,22443,10
12.9916296005,80.2503585815,22443,22453,10
12.9929199219,80.250038147,22453,22463,10
12.9942502975,80.2497024536,22463,22473,10
12.9955301285,80.249382019,22473,22483,10
12.9967803955,80.2490386963,22483,22494,11
12.9982004166,80.2487030029,22494,22504,10
12.9994802475,80.2483901978,22504,22514,10
13.0007400513,80.2480773926,22514,22524,10
13.001999855,80.2477798462,22524,22534,10
13.0031604767,80.2475280762,22534,22544,10
13.0044403076,80.2473220825,22544,22554,10
13.0055503845,80.2471694946,22554,22564,10
13.0063400269,80.246711731,22564,22574,10
13.0065603256,80.2459030151,22574,22585,11
13.0066099167,80.2451019287,22585,22595,10
13.0066204071,80.2442169189,22595,22605,10
13.0066299438,80.2433776855,22605,22615,10
13.0065803528,80.2423934937,22615,22625,10
13.0066099167,80.2413101196,22625,22635,10
13.0067501068,80.2402420044,22635,22645,10
13.0069303513,80.2392196655,22645,22655,10
13.0071697235,80.2380981445,22655,22665,10
13.0074300766,80.2370223999,22665,22676,11
13.0076398849,80.2358779907,22676,22686,10
13.0078401566,80.2348327637,22686,22696,10
13.0080699921,80.2336730957,22696,22706,10
13.008310318,80.2323379517,22706,22716,10
13.0085697174,80.2309799194,22716,22726,10
13.0087900162,80.2298583984,22726,22736,10
13.0091495514,80.228187561,22736,22746,10
13.0097303391,80.2268829346,22746,22756,10
13.010310173,80.2256393433,22756,22766,10
13.0107898712,80.2246780396,22766,22777,11
13.0112400055,80.2236022949,22777,22787,10
13.0115404129,80.2233276367,22787,22797,10
13.0121097565,80.2236175537,22797,22807,10
13.012840271,80.2239837646,22807,22817,10
13.0136404037,80.2243728638,22817,22827,10
13.0143203735,80.2247619629,22827,22837,10
13.0149202347,80.225112915,22837,22847,10
13.0152702332,80.2253036499,22847,22857,10
13.0156602859,80.2252883911,22857,22868,11
13.0163497925,80.2253112793,22868,22878,10
13.0172195435,80.2250213623,22878,22888,10
13.0181398392,80.2246627808,22888,22898,10
13.0190696716,80.2243728638,22898,22908,10
13.0197200775,80.2245635986,22908,22928,20
13.0197200775,80.2245635986,22928,22938,10
13.0200796127,80.2248687744,22938,22948,10
13.0206604004,80.2252578735,22948,22959,11
13.021320343,80.2257614136,22959,22969,10
13.0219602585,80.2262420654,22969,22979,10
13.0227003098,80.2268600464,22979,22989,10
13.0233802795,80.2274780273,22989,22999,10
13.0243501663,80.2283630371,22999,23050,51
13.0243501663,80.2283630371,23050,23060,10
13.0244503021,80.2285614014,23060,23070,10
13.0242099762,80.2285614014,23070,23080,10
13.0239095688,80.2281723022,23080,23090,10
13.0236101151,80.2278366089,23090,23100,10
13.0233001709,80.2275695801,23100,23110,10
13.0231304169,80.2274017334,23110,23161,51
13.0231304169,80.2274017334,23161,23171,10
13.0229301453,80.227142334,23171,23181,10
13.0225801468,80.2267913818,23181,23191,10
13.0223903656,80.2266387939,23191,23201,10
13.0220403671,80.226348877,23201,23211,10
13.0214595795,80.2258682251,23211,23221,10
13.0208797455,80.2253875732,23221,23232,11
13.0200595856,80.2249069214,23232,23454,222
13.0200595856,80.2249069214,23454,23464,10
13.0197496414,80.2246780396,23464,23474,10
13.0191802979,80.2244796753,23474,23484,10
13.0184297562,80.224647522,23484,23494,10
13.0176496506,80.2249679565,23494,23504,10
13.0167398453,80.2253417969,23504,23515,11
13.0160903931,80.2255630493,23515,23525,10
13.0153398514,80.2258377075,23525,23535,10
13.014380455,80.2262420654,23535,23555,20
13.014380455,80.2262420654,23555,23565,10
13.0143299103,80.2262268066,23565,23575,10
13.013999939,80.226348877,23575,23585,10
13.0133600235,80.2266235352,23585,23595,10
13.0125303268,80.2269363403,23595,23606,11
13.0115203857,80.2273635864,23606,23616,10
13.0104904175,80.2277832031,23616,23626,10
13.0094900131,80.2282104492,23626,23636,10
13.0090999603,80.2289886475,23636,23646,10
13.0089302063,80.2299423218,23646,23656,10
13.0087404251,80.2309799194,23656,23666,10
13.0085201263,80.2321166992,23666,23676,10
13.0083398819,80.2332229614,23676,23686,10
13.0082702637,80.2335891724,23686,23697,11
13.0081396103,80.2340087891,23697,23707,10
13.0080003738,80.2347335815,23707,23717,10
13.0078296661,80.2356109619,23717,23727,10
13.0076503754,80.2366790771,23727,23737,10
13.0074300766,80.23777771,23737,23747,10
13.0072402954,80.2387619019,23747,23757,10
13.006939888,80.2400970459,23757,23808,51
13.006939888,80.2400970459,23808,23818,10
13.0069999695,80.2402191162,23818,23828,10
13.0069503784,80.2406387329,23828,23838,10
13.0069198608,80.2407684326,23838,23848,10
13.0068397522,80.2412567139,23848,23858,10
13.0067501068,80.2421722412,23858,23868,10
13.0067100525,80.2431869507,23868,23879,11
13.0066699982,80.2444076538,23879,23889,10
13.0067195892,80.2455673218,23889,23899,10
13.0067796707,80.2466812134,23899,23909,10
13.0067195892,80.2473831177,23909,23919,10
13.0062999725,80.247428894,23919,23929,10
13.0061502457,80.2473983765,23929,23939,10
13.0055904388,80.2473373413,23939,23949,10
13.0047597885,80.2473678589,23949,23959,10
13.0037403107,80.2474975586,23959,23970,11
13.0025100708,80.2477035522,23970,23980,10
13.0015497208,80.2479476929,23980,23990,10
13.0004396439,80.2482376099,23990,24000,10
12.9992599487,80.2485198975,24000,24010,10
12.9982500076,80.2488021851,24010,24020,10
12.9979696274,80.2488632202,24020,24030,10
12.9972600937,80.2490310669,24030,24040,10
12.9962596893,80.2492370605,24040,24050,10
12.9951295853,80.24949646,24050,24061,11
12.9939002991,80.2498474121,24061,24071,10
12.9927396774,80.2501296997,24071,24081,10
12.9916000366,80.2504272461,24081,24091,10
12.991109848,80.2505493164,24091,24101,10
12.9909095764,80.250579834,24101,24111,10
12.9902000427,80.2507476807,24111,24121,10
12.9892101288,80.2509918213,24121,24131,10
12.9879798889,80.2513198853,24131,24202,71
12.9879798889,80.2513198853,24202,24212,10
12.9877595901,80.2514190674,24212,24222,10
12.9871702194,80.2515716553,24222,24232,10
12.9863395691,80.2517776489,24232,24242,10
12.9853801727,80.2520370483,24242,24253,11
12.9842100143,80.2523574829,24253,24263,10
12.9830703735,80.2526092529,24263,24273,10
12.9819202423,80.2526702881,24273,24283,10
12.9807701111,80.2527008057,24283,24293,10
12.9799203873,80.2527236938,24293,24303,10
12.9790096283,80.2526473999,24303,24313,10
12.9787597656,80.2526168823,24313,24323,10
12.9785003662,80.2525100708,24323,24333,10
12.9779596329,80.2520904541,24333,24344,11
12.9771299362,80.2514419556,24344,24354,10
12.9760799408,80.2510986328,24354,24364,10
12.9749403,80.2507705688,24364,24374,10
12.9737300873,80.2504272461,24374,24384,10
12.972530365,80.2501068115,24384,24394,10
12.9713001251,80.2497787476,24394,24404,10
12.9700899124,80.2494125366,24404,24414,10
12.9689502716,80.2489624023,24414,24424,10
12.9678602219,80.2485275269,24424,24435,11
12.9668302536,80.2480926514,24435,24445,10
12.9658699036,80.2476501465,24445,24455,10
12.9652004242,80.2473983765,24455,24465,10
12.9650402069,80.2473297119,24465,24475,10
12.9644203186,80.2471008301,24475,24485,10
12.9635801315,80.2467880249,24485,24495,10
12.9628095627,80.2463607788,24495,24505,10
12.9617500305,80.2458496094,24505,24515,10
12.9606103897,80.2453079224,24515,24526,11
12.9595098495,80.2448425293,24526,24536,10
12.9592599869,80.2447280884,24536,24546,10
12.9587898254,80.2444992065,24546,24556,10
12.9580402374,80.244178772,24556,24566,10
12.9573402405,80.243927002,24566,24576,10
12.9565200806,80.2436676025,24576,24586,10
12.9561004639,80.2435073853,24586,24596,10
12.9553003311,80.2431182861,24596,24606,10
12.9543504715,80.24269104,24606,24617,11
12.9532203674,80.2422027588,24617,24627,10
12.9523096085,80.2418518066,24627,24637,10
12.9517803192,80.2416992188,24637,24647,10
12.9517602921,80.2416915894,24647,24657,10
12.9511899948,80.2414779663,24657,24667,10
12.9503002167,80.2412033081,24667,24677,10
12.9493398666,80.2408905029,24677,24687,10
12.9485998154,80.2406234741,24687,24697,10
12.9477596283,80.240272522,24697,24708,11
12.9470996857,80.2400131226,24708,24718,10
12.9464101791,80.2397384644,24718,24728,10
12.945520401,80.2393112183,24728,24738,10
12.9446697235,80.238571167,24738,24748,10
12.9438199997,80.237663269,24748,24758,10
12.9430398941,80.2368621826,24758,24768,10
12.9420003891,80.2363967896,24768,24778,10
12.940779686,80.2360916138,24778,24788,10
12.9399900436,80.2358627319,24788,24799,11
12.9399003983,80.2358627319,24799,24809,10
12.9392404556,80.2355499268,24809,24819,10
12.9383201599,80.2350921631,24819,24829,10
12.9372701645,80.2345733643,24829,24839,10
12.9361600876,80.2340316772,24839,24849,10
12.9351396561,80.2335586548,24849,24859,10
12.9342403412,80.2331466675,24859,24869,10
12.9339103699,80.2329864502,24869,24879,10
12.9337301254,80.2329101563,24879,24889,10
12.9330701828,80.2325973511,24889,24900,11
12.9320201874,80.2322235107,24900,24910,10
12.9308795929,80.231842041,24910,24920,10
12.9297399521,80.2315216064,24920,24930,10
12.9287004471,80.231300354,24930,24940,10
12.9274997711,80.2311172485,24940,24950,10
12.9263601303,80.2309799194,24950,24960,10
12.9254598618,80.2308883667,24960,24970,10
12.9244003296,80.230758667,24970,24980,10
12.9230804443,80.2305984497,24980,24991,11
12.9217500687,80.2304000854,24991,25001,10
12.9203395844,80.23021698,25001,25011,10
12.9189395905,80.2300415039,25011,25021,10
12.9176797867,80.2298812866,25021,25031,10
12.9170198441,80.2297668457,25031,25041,10
12.9166002274,80.2296981812,25041,25051,10
12.9157600403,80.2295837402,25051,25061,10
12.9146604538,80.2294464111,25061,25071,10
12.9137001038,80.2293167114,25071,25082,11
12.9133300781,80.229309082,25082,25092,10
12.9130496979,80.2292480469,25092,25102,10
12.9128904343,80.2292098999,25102,25112,10
12.9124002457,80.2291183472,25112,25122,10
12.9115495682,80.2289962769,25122,25132,10
12.9105100632,80.2288513184,25132,25142,10
12.9093799591,80.2286605835,25142,25152,10
12.9082202911,80.2284698486,25152,25162,10
12.9071102142,80.2283096313,25162,25173,11
12.9062900543,80.2282409668,25173,25183,10
12.9061899185,80.2282180786,25183,25193,10
12.9056797028,80.228187561,25193,25203,10
12.9047803879,80.2281417847,25203,25213,10
12.9037399292,80.2280731201,25213,25223,10
12.9026098251,80.2279968262,25223,25233,10
12.9014797211,80.2279434204,25233,25243,10
12.9004802704,80.2278823853,25243,25253,10
12.899600029,80.2278518677,25253,25264,11
12.8994998932,80.2278366089,25264,25274,10
12.8993797302,80.2278366089,25274,25284,10
12.8987197876,80.2277908325,25284,25294,10
12.8977403641,80.2277297974,25294,25304,10
12.8965702057,80.2276687622,25304,25314,10
12.8952598572,80.2276077271,25314,25324,10
12.8938703537,80.2275314331,25324,25334,10
12.8925695419,80.2273788452,25334,25344,10
12.8913297653,80.2273178101,25344,25355,11
12.889749527,80.2273330688,25355,25365,10
12.8882703781,80.2273025513,25365,25375,10
12.8868904114,80.2271270752,25375,25385,10
12.8855600357,80.2267990112,25385,25395,10
12.8843002319,80.2266998291,25395,25405,10
12.8829402924,80.2267074585,25405,25415,10
12.881529808,80.2267227173,25415,25425,10
12.8800802231,80.2267379761,25425,25435,10
12.8786001205,80.2267913818,25435,25446,11
12.8770399094,80.2269134521,25446,25456,10
12.8758497238,80.2269515991,25456,25466,10
12.8746004105,80.2268295288,25466,25476,10
12.873290062,80.2266998291,25476,25486,10
12.8723497391,80.2266464233,25486,25496,10
12.8713302612,80.2266235352,25496,25506,10
12.8703203201,80.2265625,25506,25516,10
12.8690299988,80.2264099121,25516,25526,10
12.8675899506,80.2264022827,25526,25537,11
12.8662700653,80.2265396118,25537,25547,10
12.8648996353,80.2265701294,25547,25557,10
12.8634996414,80.2265014648,25557,25567,10
12.8621101379,80.2265396118,25567,25577,10
12.8609199524,80.2265625,25577,25587,10
12.8596696854,80.2264099121,25587,25597,10
12.8584804535,80.226272583,25597,25607,10
12.8572301865,80.2262802124,25607,25617,10
12.8558998108,80.2264328003,25617,25628,11
12.8543796539,80.2265777588,25628,25638,10
12.852930069,80.2266998291,25638,25648,10
12.8514499664,80.2266387939,25648,25658,10
12.8499403,80.2265930176,25658,25668,10
12.8484201431,80.2265930176,25668,25678,10
12.8468904495,80.226600647,25678,25688,10
12.8457803726,80.2266082764,25688,25698,10
12.8453598022,80.2266235352,25698,25708,10
12.8451404572,80.2266235352,25708,25719,11
12.844329834,80.2266769409,25719,25729,10
12.84333992,80.2267990112,25729,25739,10
12.842209816,80.2269973755,25739,25749,10
12.8409500122,80.2273406982,25749,25759,10
12.8400802612,80.2275466919,25759,25769,10
12.8395795822,80.2276916504,25769,25779,10
12.8389902115,80.2278594971,25779,25789,10
12.8380298615,80.2281188965,25789,25799,10
12.8368501663,80.2283401489,25799,25810,11
12.8353996277,80.2285614014,25810,25820,10
12.8340301514,80.2287979126,25820,25830,10
12.8327503204,80.2290267944,25830,25840,10
12.8322200775,80.2291412354,25840,25850,10
12.831990242,80.2291793823,25850,25860,10
12.8312501907,80.2293624878,25860,25870,10
12.8302402496,80.2297210693,25870,25880,10
12.8291397095,80.2301483154,25880,25890,10
12.8279695511,80.2307662964,25890,25900,10
12.8267803192,80.2313232422,25900,25911,11
12.8253297806,80.2314300537,25911,25921,10
12.8240098953,80.2312316895,25921,25931,10
12.8226995468,80.2308197021,25931,25941,10
12.8213701248,80.2304992676,25941,25951,10
12.8199996948,80.2304916382,25951,25961,10
12.8187503815,80.2304229736,25961,25971,10
12.817779541,80.2299804688,25971,25981,10
12.8166999817,80.2295837402,25981,25991,10
12.8154401779,80.2293624878,25991,26002,11
12.8139600754,80.2291030884,26002,26012,10
12.8126401901,80.2286834717,26012,26022,10
12.8113002777,80.2282028198,26022,26032,10
12.8100299835,80.2276763916,26032,26042,10
12.8088798523,80.2270431519,26042,26052,10
12.8078603745,80.2261962891,26052,26062,10
12.8069400787,80.225402832,26062,26072,10
12.8062601089,80.2247924805,26072,26082,10
12.8055295944,80.2241973877,26082,26093,11
12.8050403595,80.2240371704,26093,26103,10
12.8047800064,80.223991394,26103,26113,10
12.804019928,80.2239074707,26113,26123,10
12.8031396866,80.2238311768,26123,26133,10
12.8021202087,80.2236862183,26133,26143,10
12.8009595871,80.2235717773,26143,26153,10
12.7996997833,80.2234725952,26153,26163,10
12.7983503342,80.2233428955,26163,26173,10
12.7969102859,80.2231216431,26173,26184,11
12.7954797745,80.2228622437,26184,26194,10
12.7941799164,80.22265625,26194,26204,10
12.7928800583,80.2224731445,26204,26214,10
12.7916297913,80.2221984863,26214,26224,10
12.790430069,80.2218780518,26224,26234,10
12.7895097733,80.2216186523,26234,26244,10
12.7887296677,80.2213287354,26244,26254,10
12.7878198624,80.2209701538,26254,26264,10
12.7868995667,80.2206268311,26264,26275,11
12.7862596512,80.2203903198,26275,26295,20
12.7862596512,80.2203903198,26295,26305,10
12.7861995697,80.2203292847,26305,26315,10
12.7859201431,80.2202377319,26315,26325,10
12.7854604721,80.2200393677,26325,26335,10
12.784910202,80.2197570801,26335,26345,10
12.7845697403,80.2195892334,26345,26355,10
12.7840099335,80.2192687988,26355,26366,11
12.7831602097,80.2187805176,26366,26376,10
12.7822198868,80.2182693481,26376,26386,10
12.7812299728,80.2177276611,26386,26396,10
12.7802000046,80.2171783447,26396,26406,10
12.7791996002,80.2166290283,26406,26416,10
12.7781095505,80.2160797119,26416,26426,10
12.7770395279,80.2156295776,26426,26436,10
12.7761001587,80.2152404785,26436,26446,10
12.7754402161,80.2149810791,26446,26457,11
12.7746400833,80.2146530151,26457,26467,10
12.7739896774,80.2144012451,26467,26477,10
12.773440361,80.2141723633,26477,26487,10
12.7727804184,80.2138977051,26487,26497,10
12.7721004486,80.2136611938,26497,26507,10
12.7714796066,80.2134475708,26507,26517,10
12.7711601257,80.2133483887,26517,27460,943
12.7711601257,80.2133483887,27460,27470,10
12.7708702087,80.2131881714,27470,27480,10
12.7707500458,80.2130432129,27480,27490,10
12.7708597183,80.2127990723,27490,27500,10
12.7709798813,80.2125015259,27500,27510,10
12.771030426,80.212059021,27510,27520,10
12.7712001801,80.2115020752,27520,27530,10
12.7714300156,80.2110214233,27530,27540,10
12.7716798782,80.2105407715,27540,27551,11
12.7721004486,80.2097930908,27551,27561,10
12.7723302841,80.2091064453,27561,27571,10
12.7725400925,80.208366394,27571,27581,10
12.7727003098,80.2077484131,27581,27591,10
12.7728099823,80.207359314,27591,27601,10
12.7728796005,80.2071228027,27601,27611,10
12.7730102539,80.2066116333,27611,27621,10
12.7732000351,80.2060012817,27621,27631,10
12.7733602524,80.2053222656,27631,27642,11
12.7734603882,80.204498291,27642,27652,10
12.7735500336,80.2036819458,27652,27662,10
12.7737398148,80.20287323,27662,27672,10
12.7738304138,80.2021026611,27672,27682,10
12.7738895416,80.2013702393,27682,27692,10
12.7739601135,80.2006225586,27692,27702,10
12.7740297318,80.1997909546,27702,27712,10
12.7741003036,80.1989517212,27712,27722,10
12.7741699219,80.1980667114,27722,27733,11
12.774189949,80.1972579956,27733,27743,10
12.7742300034,80.1965332031,27743,27753,10
12.7742700577,80.1958236694,27753,27763,10
12.7743396759,80.1951217651,27763,27773,10
12.7744998932,80.1944198608,27773,27783,10
12.7746601105,80.1937637329,27783,27793,10
12.7748699188,80.1931228638,27793,27803,10
12.7753000259,80.1925430298,27803,27813,10
12.7753400803,80.1919784546,27813,27824,11
12.7752304077,80.1913986206,27824,27834,10
12.7750101089,80.1908493042,27834,27844,10
12.774889946,80.1906585693,27844,27854,10
12.7748203278,80.1905593872,27854,27864,10
12.774430275,80.1901626587,27864,27874,10
12.7739295959,80.1896362305,27874,27884,10
12.7731895447,80.1894073486,27884,27894,10
12.7724599838,80.1890563965,27894,27904,10
12.7717103958,80.1888198853,27904,27915,11
12.7711200714,80.1884689331,27915,27925,10
12.7709999084,80.187828064,27925,27935,10
12.770939827,80.1872177124,27935,27945,10
12.7708597183,80.1865692139,27945,27955,10
12.7707901001,80.1860275269,27955,27965,10
12.7707099915,80.1848068237,27965,27975,10
12.7707099915,80.1848068237,27975,27985,10
12.7704601288,80.1846084595,27985,27995,10
12.7700300217,80.1845169067,27995,28005,10
12.7694997787,80.1843414307,28005,28016,11
12.7690296173,80.18409729,28016,28026,10
12.768699646,80.183807373,28026,28039,13
12.7683601379,80.1835098267,28039,28049,10
12.7677402496,80.1832580566,28049,28059,10
12.7672195435,80.18309021,28059,28069,10
12.7666397095,80.1828079224,28069,28079,10
12.7659301758,80.1826629639,28079,28089,10
12.7653903961,80.1826019287,28089,28099,10
12.7647199631,80.1825027466,28099,28110,11
12.76404953,80.1824188232,28110,28120,10
12.7636203766,80.1823883057,28120,28130,10
12.7634801865,80.1827926636,28130,28140,10
12.763299942,80.1833496094,28140,28150,10
12.7631597519,80.1837615967,28150,28160,10
12.7630796432,80.1840286255,28160,28170,10
12.7630596161,80.184211731,28170,28180,10
12.7630901337,80.184463501,28180,28190,10
12.7630500793,80.184753418,28190,28201,11
12.7628498077,80.1849975586,28201,28211,10
12.7625598907,80.1849517822,28211,28221,10
12.7621898651,80.1849517822,28221,28231,10
12.7618303299,80.184928894,28231,28241,10
12.7615098953,80.1848602295,28241,28251,10
12.7612895966,80.1848297119,28251,28261,10
12.7613201141,80.1847000122,28261,28270,9
12.7613201141,80.1846923828,28270,28281,11
12.7614803314,80.1847763062,28281,28413,132
12.7616796494,80.1848220825,28413,28485,72
12.7615404129,80.1847915649,28485,28555,70
12.7616195679,80.1848068237,28555,28657,102
12.7615499496,80.1847915649,28657,28889,232
12.7615499496,80.1847915649,28889,28899,10
12.7616596222,80.1848678589,28899,28909,10
12.7618703842,80.184928894,28909,28919,10
12.762140274,80.1849517822,28919,28930,11
12.7623796463,80.1849365234,28930,28940,10
12.7624998093,80.1849365234,28940,28950,10
12.7626399994,80.184967041,28950,28960,10
12.7628498077,80.1850128174,28960,28970,10
12.7630300522,80.1848831177,28970,28980,10
12.7630796432,80.1845397949,28980,28990,10
12.7630596161,80.1842803955,28990,29000,10
12.7630395889,80.1840209961,29000,29010,10
12.7630996704,80.1837921143,29010,29021,11
12.7631998062,80.1835479736,29021,29031,10
12.7632398605,80.1834869385,29031,29041,10
12.763299942,80.1832809448,29041,29051,10
12.7634096146,80.1828918457,29051,29061,10
12.7635202408,80.182510376,29061,29071,10
12.7638301849,80.1824035645,29071,29082,11
12.7642002106,80.1824493408,29082,29092,10
12.7648496628,80.1825408936,29092,29102,10
12.7653598785,80.1826019287,29102,29113,11
12.7659502029,80.1826629639,29113,29123,10
12.7663602829,80.1827392578,29123,29133,10
12.7669401169,80.1829376221,29133,29143,10
12.7673597336,80.1831436157,29143,29153,10
12.7679100037,80.1833267212,29153,29163,10
12.7683095932,80.1834793091,29163,29173,10
12.7686300278,80.1837387085,29173,29183,10
12.7689399719,80.1839981079,29183,29193,10
12.7692899704,80.1842422485,29193,29214,21
12.7692899704,80.1842422485,29214,29224,10
12.769610405,80.1843719482,29224,29234,10
12.7700796127,80.1845397949,29234,29244,10
12.7705698013,80.184677124,29244,29254,10
12.7706298828,80.1846923828,29254,29264,10
12.7707700729,80.1848220825,29264,29273,9
12.770819664,80.1852874756,29273,29284,11
12.7708597183,80.1862335205,29284,29295,11
12.7709598541,80.1869812012,29295,29305,10
12.7709999084,80.187538147,29305,29315,10
12.7711200714,80.1883163452,29315,29325,10
12.7715997696,80.1888198853,29325,29335,10
12.7723999023,80.1890869141,29335,29345,10
12.7732496262,80.1894836426,29345,29355,10
12.774140358,80.1898498535,29355,29365,10
12.7748298645,80.1905899048,29365,29375,10
12.7752599716,80.1914215088,29375,29386,11
12.7754096985,80.1922302246,29386,29396,10
12.7752399445,80.1927566528,29396,29406,10
12.7746696472,80.1938095093,29406,29436,30
12.7746696472,80.1938095093,29436,29446,10
12.7746200562,80.1940002441,29446,29456,10
12.7744998932,80.1946334839,29456,29466,10
12.7743196487,80.1954498291,29466,29477,11
12.7742395401,80.196472168,29477,29487,10
12.7742099762,80.197303772,29487,29497,10
12.7742004395,80.198097229,29497,29507,10
12.7741699219,80.1984100342,29507,29517,10
12.7741498947,80.1987228394,29517,29527,10
12.7741203308,80.1990737915,29527,29537,10
12.7740497589,80.1996231079,29537,29547,10
12.7739896774,80.2005081177,29547,29557,10
12.7739295959,80.2011795044,29557,29568,11
12.7739200592,80.2012634277,29568,29578,10
12.7738800049,80.201789856,29578,29588,10
12.7738199234,80.2026367188,29588,29598,10
12.7735996246,80.2035598755,29598,29608,10
12.7735004425,80.2044906616,29608,29618,10
12.7733697891,80.2053070068,29618,29628,10
12.7731704712,80.2061920166,29628,29638,10
12.7730703354,80.206489563,29638,29648,10
12.7729597092,80.2068405151,29648,29659,11
12.7729301453,80.2069168091,29659,29669,10
12.7728300095,80.2073135376,29669,29679,10
12.7726202011,80.2080535889,29679,29689,10
12.7723903656,80.2089004517,29689,29699,10
12.7720403671,80.2099304199,29699,29709,10
12.7715597153,80.2108306885,29709,29719,10
12.7711696625,80.2116622925,29719,29729,10
12.7709798813,80.2125167847,29729,29739,10
12.7709798813,80.2131729126,29739,29770,31
12.7709798813,80.2131729126,29770,29780,10
12.7711801529,80.2132415771,29780,29790,10
12.7716798782,80.2134170532,29790,29800,10
12.7724599838,80.2136993408,29800,29810,10
12.7733802795,80.2140579224,29810,29820,10
12.7744102478,80.2144699097,29820,29830,10
12.7755002975,80.2149124146,29830,29840,10
12.7767095566,80.2154083252,29840,29851,11
12.7778596878,80.2158813477,29851,29861,10
12.779009819,80.2164382935,29861,29871,10
12.7800998688,80.2170181274,29871,29881,10
12.7811203003,80.2175674438,29881,29891,10
12.7821598053,80.2181396484,29891,29901,10
12.7831201553,80.2186584473,29901,29911,10
12.7839899063,80.2191619873,29911,29921,10
12.7848396301,80.2196426392,29921,29931,10
12.7856798172,80.2200622559,29931,29942,11
12.7861499786,80.2202606201,29942,29972,30
12.7864198685,80.2203674316,29972,30002,30
12.7864198685,80.2203674316,30002,30012,10
12.7867002487,80.2205123901,30012,30022,10
12.7869997025,80.2206268311,30022,30033,11
12.7872400284,80.2207183838,30033,30043,10
12.7874898911,80.2208023071,30043,30053,10
12.7881402969,80.221031189,30053,30063,10
12.7890501022,80.2213897705,30063,30073,10
12.7898397446,80.2216796875,30073,30083,10
12.7907400131,80.2219161987,30083,30093,10
12.7919502258,80.2222213745,30093,30103,10
12.7933702469,80.2224807739,30103,30113,10
12.7948799133,80.2227096558,30113,30124,11
12.796210289,80.2229003906,30124,30134,10
12.7964696884,80.2229385376,30134,30144,10
12.7966995239,80.2229919434,30144,30154,10
12.7973499298,80.2231216431,30154,30164,10
12.7982301712,80.2232437134,30164,30174,10
12.7992296219,80.2233581543,30174,30184,10
12.8003396988,80.2234573364,30184,30194,10
12.8013401031,80.2235488892,30194,30204,10
12.8015298843,80.2235794067,30204,30215,11
12.8017597198,80.2236328125,30215,30225,10
12.8024997711,80.2237167358,30225,30235,10
12.8034601212,80.2238311768,30235,30245,10
12.8044900894,80.2238998413,30245,30255,10
12.8053302765,80.2240371704,30255,30265,10
12.805560112,80.2240982056,30265,30275,10
12.8056697845,80.2241592407,30275,30285,10
12.8061504364,80.2245407104,30285,30295,10
12.8068504333,80.2251663208,30295,30306,11
12.8077001572,80.2259216309,30306,30316,10
12.8086500168,80.2267227173,30316,30326,10
12.8097295761,80.2274703979,30326,30336,10
12.8109397888,80.2279891968,30336,30346,10
12.8122196198,80.2284622192,30346,30356,10
12.8135404587,80.2289199829,30356,30366,10
12.8149204254,80.2292480469,30366,30376,10
12.8163499832,80.2294464111,30376,30386,10
12.8177204132,80.229850769,30386,30397,11
12.8190097809,80.2304000854,30397,30407,10
12.8198099136,80.2304229736,30407,30417,10
12.8199300766,80.2304229736,30417,30427,10
12.8205404282,80.2304077148,30427,30437,10
12.8214797974,80.230430603,30437,30447,10
12.8226003647,80.230682373,30447,30457,10
12.8238601685,80.2310409546,30457,30467,10
12.8250799179,80.2313079834,30467,30477,10
12.8261203766,80.2313079834,30477,30487,10
12.8262500763,80.231300354,30487,30498,11
12.8267002106,80.231262207,30498,30508,10
12.8275403976,80.2309875488,30508,30518,10
12.8284902573,80.2304611206,30518,30528,10
12.8295497894,80.2299575806,30528,30538,10
12.8311300278,80.2293319702,30538,30558,20
12.8311300278,80.2293319702,30558,30568,10
12.8312397003,80.2292633057,30568,30578,10
12.8316402435,80.2291488647,30578,30589,11
12.8321399689,80.2290420532,30589,30599,10
12.8330497742,80.2288894653,30599,30609,10
12.8342599869,80.2286682129,30609,30619,10
12.8355903625,80.2284622192,30619,30629,10
12.836979866,80.2282485962,30629,30639,10
12.8382396698,80.2280197144,30639,30649,10
12.8391199112,80.2277908325,30649,30659,10
12.839509964,80.2276763916,30659,30669,10
12.839630127,80.2276382446,30669,30680,11
12.8403396606,80.2274627686,30680,30690,10
12.8405303955,80.2274093628,30690,30700,10
12.8411302567,80.2272491455,30700,30710,10
12.8418197632,80.2270812988,30710,30720,10
12.8431501389,80.2267913818,30720,30730,10
12.8444004059,80.2266235352,30730,30740,10
12.8453598022,80.2265319824,30740,30750,10
12.8454799652,80.2265167236,30750,30760,10
12.8457202911,80.2265090942,30760,30771,11
12.8460502625,80.2265167236,30771,30781,10
12.8467998505,80.2265167236,30781,30791,10
12.8477401733,80.2265090942,30791,30801,10
12.8488502502,80.2265090942,30801,30811,10
12.8500499725,80.2265014648,30811,30821,10
12.8503799438,80.2265014648,30821,30831,10
12.8508701324,80.2265319824,30831,30841,10
12.8517103195,80.2265625,30841,30851,10
12.8527202606,80.226600647,30851,30862,11
12.8539304733,80.2265625,30862,30872,10
12.8550395966,80.2264480591,30872,30882,10
12.8561201096,80.2263412476,30882,30892,10
12.8572301865,80.2262191772,30892,30902,10
12.8582201004,80.2261810303,30902,30912,10
12.8590602875,80.2262420654,30912,30922,10
12.8600502014,80.2263793945,30922,30932,10
12.8607902527,80.2264709473,30932,30942,10
12.8608999252,80.2264862061,30942,30953,11
12.8613395691,80.2265396118,30953,30963,10
12.8621501923,80.2265014648,30963,30973,10
12.8631601334,80.2264480591,30973,30983,10
12.8642997742,80.2264862061,30983,30993,10
12.8654699326,80.2265319824,30993,31003,10
12.8666801453,80.2264709473,31003,31013,10
12.867939949,80.2263565063,31013,31023,10
12.8691396713,80.2263793945,31023,31033,10
12.8703804016,80.2265319824,31033,31044,11
12.8717803955,80.2266235352,31044,31054,10
12.8727903366,80.226600647,31054,31074,20
12.8727903366,80.226600647,31074,31084,10
12.8731899261,80.2266235352,31084,31094,10
12.8739795685,80.2266693115,31094,31104,10
12.875,80.2267990112,31104,31114,10
12.87596035,80.226890564,31114,31124,10
12.8764095306,80.226890564,31124,31135,11
12.8767299652,80.2268600464,31135,31145,10
12.8768196106,80.2268676758,31145,31155,10
12.877289772,80.2268371582,31155,31165,10
12.8781604767,80.2267837524,31165,31175,10
12.8791399002,80.2267227173,31175,31185,10
12.8802404404,80.2266921997,31185,31195,10
12.8814201355,80.2266693115,31195,31205,10
12.8826198578,80.2266464233,31205,31215,10
12.8838701248,80.2266387939,31215,31226,11
12.8848104477,80.2266082764,31226,31236,10
12.8851203918,80.2266082764,31236,31246,10
12.8852396011,80.2266235352,31246,31256,10
12.8853597641,80.2266387939,31256,31266,10
12.8859195709,80.2267608643,31266,31276,10
12.8867902756,80.2269973755,31276,31286,10
12.8877801895,80.2271881104,31286,31296,10
12.8887996674,80.2272720337,31296,31306,10
12.8899202347,80.2272796631,31306,31316,10
12.8910903931,80.2272796631,31316,31327,11
12.8921499252,80.2272872925,31327,31337,10
12.8926200867,80.2273406982,31337,31347,10
12.8933897018,80.2274398804,31347,31357,10
12.8943996429,80.2275390625,31357,31367,10
12.8954801559,80.2276000977,31367,31377,10
12.8966798782,80.2276535034,31377,31387,10
12.8978700638,80.227722168,31387,31397,10
12.8990697861,80.2277908325,31397,31407,10
12.900270462,80.2278366089,31407,31418,11
12.9010095596,80.227897644,31418,31428,10
12.9016103745,80.2279281616,31428,31438,10
12.9026203156,80.2279586792,31438,31458,20
12.9026203156,80.2279586792,31458,31468,10
12.9027900696,80.2279663086,31468,31488,20
12.9027900696,80.2279663086,31488,31498,10
12.9031000137,80.228012085,31498,31509,11
12.9038696289,80.2280426025,31509,31519,10
12.9047899246,80.2281036377,31519,31529,10
12.9057703018,80.2281494141,31529,31539,10
12.9065103531,80.228187561,31539,31549,10
12.9069795609,80.2282028198,31549,31559,10
12.9071102142,80.2282104492,31559,31569,10
12.9076499939,80.2282867432,31569,31579,10
12.9085102081,80.2284393311,31579,31589,10
12.9095697403,80.2286224365,31589,31600,11
12.9108600616,80.2288284302,31600,31610,10
12.9120597839,80.2290267944,31610,31620,10
12.9132003784,80.2291793823,31620,31630,10
12.9139299393,80.2292480469,31630,31640,10
12.9140195847,80.2292709351,31640,31650,10
12.9144496918,80.2293167114,31650,31660,10
12.9152202606,80.2294311523,31660,31670,10
12.9162397385,80.2295913696,31670,31680,10
12.9173202515,80.2297515869,31680,31691,11
12.9185495377,80.2299118042,31691,31701,10
12.9195804596,80.2300567627,31701,31711,10
12.9206695557,80.2302093506,31711,31721,10
12.9218301773,80.2303466797,31721,31731,10
12.9230499268,80.2305374146,31731,31741,10
12.9243297577,80.2307128906,31741,31751,10
12.9255199432,80.2308425903,31751,31761,10
12.926320076,80.2309036255,31761,31771,10
12.9264802933,80.2309188843,31771,31782,11
12.9269504547,80.2309799194,31782,31792,10
12.9277896881,80.231086731,31792,31802,10
12.9287996292,80.2312164307,31802,31812,10
12.9295597076,80.2313766479,31812,31822,10
12.9305400848,80.2316207886,31822,31832,10
12.9316396713,80.2319412231,31832,31842,10
12.9327602386,80.2323226929,31842,31852,10
12.9336900711,80.2326965332,31852,31873,21
12.9336900711,80.2326965332,31873,31883,10
12.9338703156,80.2328109741,31883,31893,10
12.9343595505,80.2330474854,31893,31903,10
12.935210228,80.2334365845,31903,31913,10
12.9358997345,80.233757019,31913,31923,10
12.9366397858,80.2341308594,31923,31933,10
12.9374103546,80.2344970703,31933,31943,10
12.9382896423,80.2349319458,31943,31953,10
12.9391002655,80.2353515625,31953,31964,11
12.9398002625,80.2356719971,31964,31984,20
12.9398002625,80.2356719971,31984,31994,10
12.9401798248,80.2358093262,31994,32004,10
12.9409303665,80.2360229492,32004,32014,10
12.9418897629,80.2362594604,32014,32024,10
12.9429397583,80.2366333008,32024,32034,10
12.9438199997,80.2374267578,32034,32044,10
12.9445896149,80.23828125,32044,32055,11
12.9457597733,80.2393188477,32055,32065,10
12.9468297958,80.2397613525,32065,32075,10
12.9473199844,80.2399520874,32075,32085,10
12.9474096298,80.2399902344,32085,32095,10
12.9478902817,80.240196228,32095,32105,10
12.9486503601,80.2405166626,32105,32115,10
12.9494600296,80.240852356,32115,32125,10
12.950340271,80.2410964966,32125,32135,10
12.9510202408,80.2413024902,32135,32156,21
12.9510202408,80.2413024902,32156,32166,10
12.9511899948,80.2413787842,32166,32176,10
12.9515199661,80.2414779663,32176,32186,10
12.9519300461,80.2416229248,32186,32196,10
12.9525299072,80.2418365479,32196,32206,10
12.9532899857,80.242149353,32206,32216,10
12.9541301727,80.2425003052,32216,32226,10
12.9548501968,80.2427825928,32226,32236,10
12.9556798935,80.2431335449,32236,32247,11
12.9563598633,80.2434310913,32247,32257,10
12.9567098618,80.2435913086,32257,32267,10
12.9574804306,80.2438735962,32267,32277,10
12.9588298798,80.2443771362,32277,32297,20
12.9588298798,80.2443771362,32297,32307,10
12.9590997696,80.2445297241,32307,32317,10
12.9593696594,80.2446670532,32317,32327,10
12.9600095749,80.2449493408,32327,32338,11
12.9609603882,80.2453689575,32338,32348,10
12.9619197845,80.24584198,32348,32358,10
12.9629602432,80.2463607788,32358,32368,10
12.9637699127,80.2467422485,32368,32378,10
12.9647302628,80.2471084595,32378,32388,10
12.965760231,80.2474822998,32388,32398,10
12.9662103653,80.2476730347,32398,32408,10
12.9666204453,80.247833252,32408,32429,21
12.9666204453,80.247833252,32429,32439,10
12.9669799805,80.2480392456,32439,32449,10
12.9676198959,80.2483291626,32449,32459,10
12.9685497284,80.2487030029,32459,32469,10
12.9695701599,80.2490615845,32469,32479,10
12.9706897736,80.2494888306,32479,32489,10
12.9718904495,80.2498779297,32489,32499,10
12.9730997086,80.2501983643,32499,32509,10
12.9743299484,80.2505187988,32509,32520,11
12.9756803513,80.2508926392,32520,32530,10
12.9768800735,80.2512283325,32530,32540,10
12.9778795242,80.2517623901,32540,32550,10
12.9783296585,80.2521591187,32550,32560,10
12.9784202576,80.2522277832,32560,32570,10
12.9787502289,80.2524108887,32570,32580,10
12.9789199829,80.2524795532,32580,32590,10
12.9795198441,80.2525863647,32590,32600,10
12.9804000854,80.2526397705,32600,32611,11
12.9814596176,80.2526168823,32611,32621,10
12.9826402664,80.2525787354,32621,32631,10
12.9839096069,80.2523880005,32631,32641,10
12.9850797653,80.2520904541,32641,32651,10
12.9861097336,80.2517776489,32651,32661,10
12.9872198105,80.2514801025,32661,32742,81
12.9872198105,80.2514801025,32742,32752,10
12.9874200821,80.2513885498,32752,32762,10
12.9877796173,80.2513198853,32762,32772,10
12.988409996,80.2511672974,32772,32782,10
12.9892396927,80.2509384155,32782,32793,11
12.9894800186,80.250869751,32793,32803,10
12.9897403717,80.2508163452,32803,32813,10
12.9904203415,80.2506637573,32813,32823,10
12.9913396835,80.2504425049,32823,32833,10
12.9924402237,80.2501602173,32833,32843,10
12.9936599731,80.2498626709,32843,32853,10
12.9949197769,80.2495574951,32853,32863,10
12.996219635,80.2492370605,32863,32873,10
12.9975299835,80.2488937378,32873,32883,10
12.9989099503,80.2485580444,32883,32894,11
13.0004701614,80.2481613159,32894,32904,10
13.0017299652,80.2478637695,32904,32914,10
13.002790451,80.2476196289,32914,32924,10
13.0038604736,80.2474365234,32924,32934,10
13.004940033,80.2473297119,32934,32944,10
13.0058202744,80.2471313477,32944,32954,10
13.0062599182,80.2468719482,32954,32964,10
13.0065202713,80.2464523315,32964,32974,10
13.0065603256,80.2463378906,32974,32985,11
13.0066404343,80.2457427979,32985,32995,10
13.0066604614,80.244972229,32995,33005,10
13.0066699982,80.2440872192,33005,33015,10
13.0066604614,80.2432174683,33015,33025,10
13.0066604614,80.2423019409,33025,33035,10
13.0066699982,80.2413330078,33035,33045,10
13.0067996979,80.2404022217,33045,33055,10
13.0069904327,80.2394180298,33055,33065,10
13.0071201324,80.2384033203,33065,33076,11
13.0072698593,80.2375030518,33076,33086,10
13.0073404312,80.2369766235,33086,33096,10
13.007349968,80.2368774414,33096,33106,10
13.0073795319,80.2368011475,33106,33116,10
13.0074701309,80.236541748,33116,33126,10
13.0075798035,80.2359313965,33126,33136,10
13.0077400208,80.2350692749,33136,33146,10
13.0079402924,80.2341003418,33146,33156,10
13.0081996918,80.232963562,33156,33167,11
13.0084695816,80.2316131592,33167,33177,10
13.0086803436,80.230430603,33177,33187,10
13.008939743,80.2292785645,33187,33197,10
13.0091600418,80.2282028198,33197,33207,10
13.0095996857,80.2272262573,33207,33218,11
13.0100698471,80.2262573242,33218,33227,9
13.0105400085,80.225402832,33227,33238,11
13.0108499527,80.2246780396,33238,33248,10
13.0112895966,80.2236175537,33248,33259,11
13.0115203857,80.2231521606,33259,33269,10
13.0116701126,80.2228088379,33269,33279,10
13.0119600296,80.2220230103,33279,33289,10
13.0123100281,80.2214431763,33289,33299,10
13.0125904083,80.2218170166,33299,33309,10
13.0131597519,80.2225189209,33309,33319,10
13.0138597488,80.2232437134,33319,33329,10
13.0142803192,80.2238998413,33329,33339,10
13.0149297714,80.2245330811,33339,33360,21
13.0149297714,80.2245330811,33360,33370,10
13.0151100159,80.2246704102,33370,33380,10
13.0152597427,80.2248535156,33380,33390,10
13.0154895782,80.2250595093,33390,33400,10
13.0160198212,80.2253112793,33400,33410,10
13.0167503357,80.2252120972,33410,33420,10
13.0176496506,80.2248764038,33420,33430,10
13.0185499191,80.2245025635,33430,33441,11
13.0193901062,80.2243423462,33441,33451,10
13.0197095871,80.2244796753,33451,33461,10
13.0200595856,80.2247619629,33461,33471,10
13.0206699371,80.2251815796,33471,33481,10
13.0211000443,80.2255325317,33481,33491,10
13.0214700699,80.2258377075,33491,33501,10
13.0219402313,80.2261428833,33501,33521,20
13.0219402313,80.2261428833,33521,33532,11
13.0221700668,80.2263565063,33532,33542,10
13.0226697922,80.2268371582,33542,33552,10
13.0233898163,80.2274780273,33552,33562,10
13.0240497589,80.2281112671,33562,33572,10
13.0243196487,80.2284088135,33572,33592,20
13.0243196487,80.2284088135,33592,33602,10
13.0243997574,80.2285079956,33602,33612,10
13.0246696472,80.2289123535,33612,33622,10
13.0250997543,80.2294769287,33622,33633,11
13.0256900787,80.2303009033,33633,33643,10
13.0259799957,80.2309494019,33643,33653,10
13.02602005,80.2312316895,33653,33663,10
13.0262699127,80.2313079834,33663,33673,10
13.027009964,80.2311019897,33673,33683,10
13.0277900696,80.2309188843,33683,33693,10
13.0284900665,80.2308883667,33693,33703,10
13.0285301208,80.2308883667,33703,33714,11
13.0292196274,80.2308425903,33714,33764,50
13.0292196274,80.2308425903,33764,33774,10
13.0295200348,80.2308425903,33774,33784,10
13.0300998688,80.2307815552,33784,33794,10
13.0307798386,80.23072052,33794,33804,10
13.0311899185,80.2306671143,33804,33815,11
13.0318498611,80.2306213379,33815,33825,10
13.0326404572,80.2305603027,33825,33835,10
13.033490181,80.2304992676,33835,33845,10
13.0341796875,80.2304611206,33845,33855,10
13.0347499847,80.2303009033,33855,33885,30
13.0347499847,80.2303009033,33885,33895,10
13.0349998474,80.2302093506,33895,33906,11
13.0351896286,80.230140686,33906,33916,10
13.0351696014,80.2298126221,33916,34189,273
13.0348300934,80.2297897339,34189,34269,80
13.0348300934,80.2297897339,34269,34280,11
13.0344400406,80.2297515869,34280,34522,242
13.0344400406,80.2297515869,34522,34532,10
13.0341701508,80.2300567627,34532,35614,1082
13.0341501236,80.2304229736,35614,35634,20
13.0341501236,80.2304229736,35634,35645,11
13.0338201523,80.2304229736,35645,35655,10
13.0333795547,80.2304763794,35655,35665,10
13.0327196121,80.230506897,35665,35675,10
13.0322399139,80.2305603027,35675,35685,10
13.0318803787,80.2306137085,35685,35695,10
13.0309801102,80.230682373,35695,35735,40
13.0309801102,80.230682373,35735,35746,11
13.0304698944,80.2307128906,35746,35756,10
13.0300102234,80.2306976318,35756,35766,10
13.0297002792,80.2307510376,35766,35776,10
13.0292797089,80.2307815552,35776,35786,10
13.0285797119,80.2306594849,35786,35796,10
13.027970314,80.2307815552,35796,35806,10
13.0278301239,80.2311630249,35806,35816,10
13.0278596878,80.2318191528,35816,35826,10
13.0279102325,80.2325820923,35826,35837,11
13.027299881,80.2328262329,35837,35877,40
13.027299881,80.2328262329,35877,35887,10
13.0269203186,80.2329406738,35887,35897,10
13.0266504288,80.2329711914,35897,35907,10
13.0263299942,80.2325134277,35907,35917,10
13.0261001587,80.2316589355,35917,35928,11
13.0257701874,80.2305679321,35928,35938,10
13.0251598358,80.2296218872,35938,35948,10
13.0245895386,80.2288818359,35948,35958,10
13.024140358,80.2283630371,35958,35968,10
13.0237903595,80.2279281616,35968,35978,10
13.0232696533,80.2274475098,35978,36039,61
13.0231304169,80.2272033691,36039,36079,40
13.0231304169,80.2272033691,36079,36089,10
13.0230102539,80.227142334,36089,36110,21
13.0230102539,80.227142334,36110,36120,10
13.0227098465,80.2268600464,36120,36130,10
13.0222101212,80.2264328003,36130,36140,10
13.0217103958,80.226020813,36140,36150,10
13.0212697983,80.225692749,36150,36160,10
13.0207300186,80.2253417969,36160,36170,10
13.0204401016,80.2251434326,36170,36180,10
13.0202999115,80.2250289917,36180,36190,10
13.0199604034,80.2247772217,36190,36201,11
13.0194396973,80.2245178223,36201,36211,10
13.018699646,80.2245788574,36211,36221,10
13.0179195404,80.2248764038,36221,36231,10
13.0170898438,80.2252197266,36231,36241,10
13.016699791,80.2253723145,36241,36251,10
13.016579628,80.225440979,36251,36261,10
13.0164003372,80.2255096436,36261,36271,10
13.0160198212,80.2256622314,36271,36281,10
13.0151700974,80.2259216309,36281,36302,21
13.0151700974,80.2259216309,36302,36312,10
13.0150899887,80.2259979248,36312,36322,10
13.0145797729,80.2261810303,36322,36342,20
13.0145797729,80.2261810303,36342,36352,10
13.0143699646,80.2262573242,36352,36362,10
13.0139799118,80.2264022827,36362,36372,10
13.0133199692,80.2266616821,36372,36383,11
13.0124101639,80.2270507813,36383,36393,10
13.0115003586,80.2274093628,36393,36403,10
13.0105304718,80.2277984619,36403,36413,10
13.0095901489,80.2281799316,36413,36423,10
13.0091495514,80.2288970947,36423,36433,10
13.0089597702,80.2299118042,36433,36443,10
13.0087604523,80.231010437,36443,36453,10
13.0086202621,80.2318572998,36453,36463,10
13.0083904266,80.2331008911,36463,36473,10
13.0083303452,80.2335510254,36473,36484,11
13.0082101822,80.2338485718,36484,36494,10
13.0080795288,80.2345199585,36494,36504,10
13.007900238,80.2353591919,36504,36514,10
13.0076799393,80.2364578247,36514,36524,10
13.0074796677,80.2376022339,36524,36534,10
13.0073204041,80.2385635376,36534,36544,10
13.0071697235,80.2392196655,36544,36554,10
13.0070495605,80.2397232056,36554,36564,10
13.0068798065,80.2405090332,36564,36575,11
13.0067596436,80.2416000366,36575,36585,10
13.0067596436,80.242729187,36585,36595,10
13.006770134,80.2437210083,36595,36605,10
13.0066299438,80.2450637817,36605,36615,10
13.0066795349,80.2459564209,36615,36625,10
13.0067195892,80.2469329834,36625,36635,10
13.0066404343,80.2473831177,36635,36645,10
13.0062198639,80.2473983765,36645,36655,10
13.0061998367,80.2473983765,36655,36666,11
13.0059604645,80.247428894,36666,36676,10
13.005279541,80.2474212646,36676,36686,10
13.0043201447,80.2474365234,36686,36696,10
13.0032997131,80.2475585938,36696,36706,10
13.0024003983,80.2477493286,36706,36716,10
13.0016002655,80.2479400635,36716,36726,10
13.0005197525,80.2482070923,36726,36736,10
12.9992399216,80.2485427856,36736,36746,10
12.9979000092,80.2488708496,36746,36757,11
12.9963502884,80.2492599487,36757,36767,10
12.9949598312,80.2496414185,36767,36777,10
12.9935998917,80.2499771118,36777,36787,10
12.9922599792,80.2502975464,36787,36797,10
12.9912996292,80.250579834,36797,36807,10
12.9912099838,80.2505874634,36807,36817,10
12.9908103943,80.2506713867,36817,36827,10
12.9899902344,80.2508087158,36827,36837,10
12.9889602661,80.2510986328,36837,36848,11
12.9880800247,80.251373291,36848,36949,101
12.9880800247,80.251373291,36949,36959,10
12.9878396988,80.2513580322,36959,36969,10
12.987279892,80.2515106201,36969,36979,10
12.9865102768,80.2517318726,36979,36989,10
12.9856901169,80.2519226074,36989,36999,10
12.9846401215,80.2522277832,36999,37009,10
12.983499527,80.2525482178,37009,37019,10
12.9822797775,80.2526626587,37019,37030,11
12.9809503555,80.2527008057,37030,37040,10
12.9801902771,80.2527313232,37040,37050,10
12.9794397354,80.2526626587,37050,37060,10
12.9787197113,80.2526016235,37060,37070,10
12.9786596298,80.2525863647,37070,37080,10
12.9785604477,80.2525482178,37080,37090,10
12.9781999588,80.2523193359,37090,37100,10
12.9774904251,80.2516937256,37100,37110,10
12.9764699936,80.2512512207,37110,37120,10
12.9751596451,80.2508468628,37120,37131,11
12.9736604691,80.2504196167,37131,37141,10
12.9722099304,80.2500305176,37141,37151,10
12.970749855,80.2496032715,37151,37161,10
12.9693403244,80.2490615845,37161,37171,10
12.9679298401,80.2485198975,37171,37181,10
12.9667196274,80.2479705811,37181,37191,10
12.9656600952,80.2475204468,37191,37201,10
12.9650402069,80.2473220825,37201,37211,10
12.9649600983,80.2472991943,37211,37222,11
12.9644203186,80.2470932007,37222,37232,10
12.9638004303,80.2468795776,37232,37242,10
12.9635601044,80.2467575073,37242,37252,10
12.9629402161,80.2464370728,37252,37262,10
12.9619998932,80.2459793091,37262,37272,10
12.9609203339,80.2454528809,37272,37282,10
12.9597902298,80.2449798584,37282,37292,10
12.9593696594,80.2447967529,37292,37302,10
12.9592399597,80.244720459,37302,37313,11
12.9585695267,80.2444076538,37313,37323,10
12.9578199387,80.244102478,37323,37333,10
12.9570903778,80.2438735962,37333,37343,10
12.9565896988,80.2437667847,37343,37414,71
12.9565896988,80.2437667847,37414,37424,10
12.9561700821,80.2436599731,37424,37434,10
12.9555101395,80.2432403564,37434,37444,10
12.9546203613,80.2428207397,37444,37454,10
12.9537200928,80.24243927,37454,37464,10
12.9526195526,80.2419967651,37464,37474,10
12.9517097473,80.2416915894,37474,37484,10
12.9516296387,80.2416534424,37484,37495,11
12.9510202408,80.2414016724,37495,37505,10
12.9501399994,80.2411193848,37505,37515,10
12.9493398666,80.2408599854,37515,37525,10
12.9489803314,80.240737915,37525,37535,10
12.9482603073,80.2404785156,37535,37545,10
12.9473600388,80.2401123047,37545,37555,10
12.9470996857,80.2400131226,37555,37565,10
12.9469804764,80.2399597168,37565,37575,10
12.9463996887,80.2397079468,37575,37586,11
12.9454698563,80.2392883301,37586,37596,10
12.9447002411,80.2386169434,37596,37606,10
12.9439001083,80.2377166748,37606,37616,10
12.9429798126,80.2368011475,37616,37626,10
12.941740036,80.2362594604,37626,37636,10
12.9405403137,80.2359924316,37636,37646,10
12.9397697449,80.2357788086,37646,37656,10
12.9397201538,80.235748291,37656,37666,10
12.9392404556,80.2355575562,37666,37677,11
12.9384098053,80.2351074219,37677,37687,10
12.9374303818,80.2346191406,37687,37697,10
12.936340332,80.2340927124,37697,37707,10
12.9351902008,80.2335586548,37707,37716,9
12.9341497421,80.2331008911,37716,37727,11
12.9338598251,80.2329788208,37727,37737,10
12.9337396622,80.2329177856,37737,37747,10
12.9331998825,80.2326583862,37747,37757,10
12.9323101044,80.2322921753,37757,37767,10
12.931189537,80.231918335,37767,37778,11
12.9298601151,80.2315292358,37778,37788,10
12.9287004471,80.231300354,37788,37798,10
12.9274702072,80.2311172485,37798,37808,10
12.9264001846,80.2310562134,37808,37818,10
12.9261398315,80.2310562134,37818,37828,10
12.9257698059,80.2309875488,37828,37838,10
12.9250001907,80.2308807373,37838,37848,10
12.9239702225,80.2307434082,37848,37858,10
12.9228000641,80.2305679321,37858,37869,11
12.9212999344,80.2303390503,37869,37879,10
12.9197902679,80.2301483154,37879,37889,10
12.9183101654,80.2299575806,37889,37899,10
12.9168996811,80.2297897339,37899,37909,10
12.9155902863,80.2296218872,37909,37919,10
12.914349556,80.2294387817,37919,37929,10
12.9133996964,80.2293395996,37929,37939,10
12.9132795334,80.2293167114,37939,37949,10
12.9131202698,80.2292709351,37949,37960,11
12.9124202728,80.2291412354,37960,37970,10
12.9114103317,80.2289810181,37970,37980,10
12.9101600647,80.2287826538,37980,37990,10
12.9088497162,80.2285614014,37990,38000,10
12.9078397751,80.2284088135,38000,38010,10
12.9074296951,80.2283782959,38010,38040,30
12.9074296951,80.2283782959,38040,38051,11
12.9070901871,80.2283477783,38051,38061,10
12.9064798355,80.228302002,38061,38071,10
12.9062004089,80.2282867432,38071,38081,10
12.905790329,80.2282180786,38081,38091,10
12.9049701691,80.2281570435,38091,38101,10
12.9041204453,80.2281188965,38101,38111,10
12.9032297134,80.2281036377,38111,38121,10
12.902299881,80.2280578613,38121,38131,10
12.901550293,80.2280197144,38131,38192,61
12.901550293,80.2280197144,38192,38202,10
12.9012002945,80.2280807495,38202,38212,10
12.9008598328,80.2280426025,38212,38222,10
12.9003295898,80.2279891968,38222,38233,11
12.8998603821,80.2279586792,38233,38243,10
12.8995399475,80.2279281616,38243,38293,50
12.8995399475,80.2279281616,38293,38303,10
12.8992300034,80.227897644,38303,38313,10
12.8986597061,80.2278594971,38313,38324,11
12.8978395462,80.2278137207,38324,38334,10
12.8969297409,80.2277679443,38334,38344,10
12.8958501816,80.227722168,38344,38354,10
12.8947200775,80.2276763916,38354,38364,10
12.8936796188,80.2275695801,38364,38374,10
12.8926401138,80.2274627686,38374,38414,40
12.8926401138,80.2274627686,38414,38425,11
12.8922100067,80.2274017334,38425,38435,10
12.8914699554,80.2273788452,38435,38445,10
12.8904895782,80.2273788452,38445,38455,10
12.8893604279,80.2273712158,38455,38465,10
12.8882703781,80.2273406982,38465,38475,10
12.8872299194,80.2272415161,38475,38485,10
12.8861703873,80.2269897461,38485,38495,10
12.8851099014,80.2267608643,38495,38505,10
12.8842000961,80.2267303467,38505,38516,11
12.8829698563,80.2267379761,38516,38526,10
12.881770134,80.2267608643,38526,38536,10
12.8805198669,80.2267684937,38536,38546,10
12.879240036,80.2267913818,38546,38556,10
12.8779001236,80.2268676758,38556,38566,10
12.8768501282,80.2269668579,38566,38576,10
12.8765697479,80.2269973755,38576,38586,10
12.8762998581,80.2270126343,38586,38596,10
12.8755702972,80.2269973755,38596,38607,11
12.8744602203,80.2268600464,38607,38617,10
12.8732995987,80.2267379761,38617,38627,10
12.8729496002,80.2267303467,38627,38637,10
12.8726997375,80.2267227173,38637,38647,10
12.8719301224,80.2266769409,38647,38657,10
12.8710203171,80.2266387939,38657,38667,10
12.8698501587,80.2265396118,38667,38677,10
12.8684597015,80.2264099121,38677,38687,10
12.866979599,80.2265167236,38687,38698,11
12.8653001785,80.226600647,38698,38708,10
12.8637104034,80.2265396118,38708,38718,10
12.8620996475,80.2265777588,38718,38728,10
12.8610801697,80.2266235352,38728,38738,10
12.861000061,80.2266235352,38738,38748,10
12.8608398438,80.2266235352,38748,38758,10
12.8601503372,80.2265319824,38758,38768,10
12.8590898514,80.2263793945,38768,38778,10
12.8578796387,80.2262802124,38778,38789,11
12.8564195633,80.2263870239,38789,38799,10
12.8550100327,80.2265396118,38799,38809,10
12.8535299301,80.2266998291,38809,38819,10
12.8519802094,80.2266769409,38819,38829,10
12.850520134,80.2266235352,38829,38839,10
12.8499498367,80.2266387939,38839,38849,10
12.8497800827,80.2266311646,38849,38859,10
12.8490495682,80.2266235352,38859,38869,10
12.847990036,80.2266235352,38869,38880,11
12.8465900421,80.2266235352,38880,38890,10
12.8457403183,80.2266311646,38890,38900,10
12.8453102112,80.2266464233,38900,38910,10
12.8452997208,80.2266464233,38910,38920,10
12.8450899124,80.2266387939,38920,38930,10
12.844420433,80.2267074585,38930,38940,10
12.8435001373,80.2268218994,38940,38950,10
12.8424100876,80.2270202637,38950,38960,10
12.8411798477,80.2273178101,38960,38971,11
12.8401498795,80.2276077271,38971,38981,10
12.8397197723,80.2277526855,38981,39001,20
12.8397197723,80.2277526855,39001,39011,10
12.8395204544,80.2277908325,39011,39021,10
12.8389196396,80.2279281616,39021,39031,10
12.8379898071,80.2281494141,39031,39041,10
12.8368301392,80.2283477783,39041,39051,10
12.8355398178,80.2285385132,39051,39061,10
12.8342399597,80.2287521362,39061,39072,11
12.8329200745,80.2289886475,39072,39082,10
12.8323497772,80.2291107178,39082,39092,10
12.8321199417,80.2291564941,39092,39102,10
12.8314304352,80.2293395996,39102,39112,10
12.8304796219,80.2296600342,39112,39122,10
12.8294200897,80.2300491333,39122,39132,10
12.8283195496,80.2305831909,39132,39142,10
12.8271799088,80.2311935425,39142,39152,10
12.8259601593,80.2313995361,39152,39163,11
12.8257198334,80.2314300537,39163,39173,10
12.8253698349,80.2314529419,39173,39183,10
12.8245897293,80.2313995361,39183,39193,10
12.8235902786,80.2311325073,39193,39203,10
12.8224201202,80.2307510376,39203,39213,10
12.8211803436,80.2304916382,39213,39223,10
12.820019722,80.2304992676,39223,39233,10
12.8191003799,80.2305221558,39233,39243,10
12.818860054,80.2304992676,39243,39254,11
12.8185100555,80.2303771973,39254,39264,10
12.8178396225,80.2300415039,39264,39274,10
12.816860199,80.229637146,39274,39284,10
12.8156604767,80.2294311523,39284,39294,10
12.8143396378,80.2292404175,39294,39304,10
12.8130197525,80.2288589478,39304,39314,10
12.8116903305,80.2283630371,39314,39324,10
12.8103303909,80.2278213501,39324,39334,10
12.8091402054,80.2272415161,39334,39345,11
12.8080301285,80.2263565063,39345,39355,10
12.8070402145,80.2255020142,39355,39365,10
12.8063001633,80.2248382568,39365,39375,10
12.8055000305,80.2241897583,39375,39385,10
12.8049201965,80.2240219116,39385,39395,10
12.8049097061,80.2240219116,39395,39405,10
12.8044395447,80.2239379883,39405,39415,10
12.8036003113,80.2238922119,39415,39425,10
12.8026199341,80.223777771,39425,39436,11
12.8016004562,80.2236633301,39436,39446,10
12.8009395599,80.2236175537,39446,39456,10
12.8007802963,80.2236022949,39456,39466,10
12.8001499176,80.2235336304,39466,39476,10
12.7991695404,80.2234725952,39476,39486,10
12.79804039,80.2233581543,39486,39496,10
12.7968902588,80.22315979,39496,39506,10
12.7958202362,80.2229919434,39506,39516,10
12.7957000732,80.2229690552,39516,39527,11
12.7955999374,80.2229385376,39527,39537,10
12.7950601578,80.2228393555,39537,39547,10
12.7941598892,80.2227020264,39547,39557,10
12.7930898666,80.2225265503,39557,39567,10
12.7919101715,80.2222976685,39567,39577,10
12.7906799316,80.2220001221,39577,39587,10
12.789730072,80.2217407227,39587,39597,10
12.789349556,80.2215881348,39597,39607,10
12.7889299393,80.2214202881,39607,39618,11
12.7881402969,80.2210998535,39618,39628,10
12.7877702713,80.2209625244,39628,39638,10
12.7874403,80.2208404541,39638,39648,10
12.7870197296,80.2206878662,39648,39658,10
12.7867298126,80.2205810547,39658,39668,10
12.7864599228,80.220489502,39668,39698,30
12.7864599228,80.220489502,39698,39708,10
12.7861499786,80.2204208374,39708,39719,11
12.7861700058,80.2207565308,39719,39729,10
12.7861795425,80.2211227417,39729,39749,20
12.7861795425,80.2211227417,39749,39759,10
12.7861995697,80.2214584351,39759,39769,10
12.7862195969,80.2218704224,39769,39911,142
12.786359787,80.2219467163,39911,40062,151
12.7862596512,80.2219314575,40062,41134,1072
12.7862596512,80.2219314575,41134,41144,10
12.7863397598,80.2218475342,41144,41154,10
12.7862596512,80.2217025757,41154,41164,10
12.7862300873,80.2214431763,41164,41175,11
12.7861795425,80.2208862305,41175,41215,40
12.7861795425,80.2204971313,41215,41245,30
12.7861795425,80.2204971313,41245,41255,10
12.7865600586,80.2204284668,41255,41296,41
12.7865600586,80.2204284668,41296,41306,10
12.7869901657,80.2206420898,41306,41316,10
12.7875299454,80.2208404541,41316,41326,10
12.7880496979,80.2210235596,41326,41336,10
12.7887496948,80.221282959,41336,41346,10
12.7894096375,80.2215194702,41346,41357,11
12.7896795273,80.2216186523,41357,41367,10
12.7902898788,80.2217636108,41367,41377,10
12.7911300659,80.2219619751,41377,41387,10
12.7921495438,80.2222213745,41387,41397,10
12.7933101654,80.2224273682,41397,41407,10
12.7944803238,80.2226028442,41407,41417,10
12.7955999374,80.2228088379,41417,41427,10
12.7964296341,80.2229385376,41427,41437,10
12.7966098785,80.2229614258,41437,41448,11
12.7972202301,80.2230911255,41448,41458,10
12.79804039,80.2232208252,41458,41468,10
12.7989597321,80.2233123779,41468,41478,10
12.7999696732,80.2234191895,41478,41488,10
12.801030159,80.2235183716,41488,41498,10
12.8015098572,80.2235412598,41498,41508,10
12.8016500473,80.2235565186,41508,41518,10
12.8022403717,80.2236328125,41518,41528,10
12.8030996323,80.2237701416,41528,41538,10
12.8040103912,80.2238388062,41538,41549,11
12.8048601151,80.2239227295,41549,41559,10
12.8054304123,80.2240371704,41559,41569,10
12.8055696487,80.2240829468,41569,41579,10
12.8057804108,80.2242431641,41579,41589,10
12.8063097,80.2247009277,41589,41599,10
12.8070201874,80.2253417969,41599,41609,10
12.807510376,80.2257385254,41609,41619,10
12.8077402115,80.2259368896,41619,41629,10
12.8082895279,80.2264099121,41629,41640,11
12.8091402054,80.2271194458,41640,41650,10
12.8101797104,80.2276611328,41650,41660,10
12.811340332,80.2281417847,41660,41670,10
12.8125896454,80.2285919189,41670,41680,10
12.8138599396,80.2290115356,41680,41690,10
12.8152103424,80.2292785645,41690,41700,10
12.8165998459,80.2294769287,41700,41710,10
12.817899704,80.2299423218,41710,41720,10
12.8190202713,80.2304229736,41720,41731,11
12.8197803497,80.2304382324,41731,41741,10
12.8198003769,80.2304382324,41741,41751,10
12.8202600479,80.2304382324,41751,41761,10
12.821149826,80.230430603,41761,41771,10
12.8222503662,80.2306213379,41771,41781,10
12.8234596252,80.2309875488,41781,41791,10
12.8247299194,80.2312774658,41791,41801,10
12.8260402679,80.2313232422,41801,41811,10
12.8273200989,80.2311325073,41811,41822,11
12.8285303116,80.2304534912,41822,41832,10
12.8296699524,80.2299118042,41832,41842,10
12.8307800293,80.2294616699,41842,41852,10
12.8311500549,80.2293319702,41852,41862,10
12.8313302994,80.2292633057,41862,41872,10
12.8318595886,80.2290878296,41872,41882,10
12.8319196701,80.2290725708,41882,41892,10
12.8319597244,80.2290725708,41892,41902,10
12.8323602676,80.2289886475,41902,41913,11
12.8332595825,80.2288208008,41913,41923,10
12.8343200684,80.2286376953,41923,41933,10
12.8354501724,80.2284164429,41933,41943,10
12.8366804123,80.2282791138,41943,41953,10
12.8378896713,80.2281036377,41953,41963,10
12.8389701843,80.2278366089,41963,41973,10
12.8395395279,80.2276992798,41973,41983,10
12.8396100998,80.2276763916,41983,41993,10
12.8399896622,80.2275772095,41993,42004,11
12.8407897949,80.2273635864,42004,42014,10
12.8417596817,80.2270889282,42014,42024,10
12.842880249,80.226852417,42024,42034,10
12.8440799713,80.2266387939,42034,42044,10
12.8454303741,80.2265319824,42044,42064,20
12.8454303741,80.2265319824,42064,42074,10
12.8456201553,80.2265625,42074,42084,10
12.8460998535,80.2265396118,42084,42095,11
12.8470802307,80.2265319824,42095,42105,10
12.8481903076,80.2265167236,42105,42115,10
12.849439621,80.2265090942,42115,42125,10
12.8505802155,80.2265014648,42125,42135,10
12.8518104553,80.2265625,42135,42145,10
12.8530597687,80.2266082764,42145,42155,10
12.8543195724,80.2265167236,42155,42165,10
12.8556003571,80.2263870239,42165,42175,10
12.8568897247,80.2262573242,42175,42185,10
12.8583297729,80.2261886597,42185,42196,11
12.8596496582,80.2263336182,42196,42206,10
12.8607702255,80.2264709473,42206,42216,10
12.8609304428,80.2264709473,42216,42226,10
12.8612203598,80.2264862061,42226,42236,10
12.8619699478,80.2264633179,42236,42246,10
12.8629903793,80.2264175415,42246,42256,10
12.8641796112,80.2264633179,42256,42266,10
12.8655195236,80.2265014648,42266,42276,10
12.8669204712,80.2264175415,42276,42287,11
12.8684396744,80.2263183594,42287,42297,10
12.8698101044,80.2264633179,42297,42307,10
12.8711900711,80.2265930176,42307,42317,10
12.872420311,80.2266235352,42317,42327,10
12.8728904724,80.2266082764,42327,42337,10
12.8729295731,80.2266082764,42337,42347,10
12.8732404709,80.2266235352,42347,42357,10
12.8739299774,80.2266693115,42357,42367,10
12.874879837,80.2267913818,42367,42378,11
12.8761301041,80.2268981934,42378,42388,10
12.876830101,80.226852417,42388,42398,10
12.8768997192,80.2268600464,42398,42408,10
12.8771600723,80.226852417,42408,42418,10
12.8778400421,80.2267913818,42418,42428,10
12.8787698746,80.2267227173,42428,42438,10
12.8798704147,80.2266693115,42438,42448,10
12.8810901642,80.2266464233,42448,42458,10
12.8823604584,80.2266387939,42458,42469,11
12.883769989,80.2266235352,42469,42479,10
12.8851604462,80.2266235352,42479,42509,30
12.8851604462,80.2266235352,42509,42519,10
12.8853998184,80.2266464233,42519,42529,10
12.8860902786,80.2268218994,42529,42539,10
12.8870401382,80.2270584106,42539,42549,10
12.8881397247,80.2272415161,42549,42560,11
12.8895397186,80.2272720337,42560,42570,10
12.8908700943,80.2272720337,42570,42580,10
12.8921899796,80.2272796631,42580,42590,10
12.8932800293,80.2274017334,42590,42600,10
12.8944301605,80.2275466919,42600,42610,10
12.8956699371,80.2276229858,42610,42620,10
12.8970003128,80.2276611328,42620,42630,10
12.8982200623,80.227722168,42630,42640,10
12.8991098404,80.2277832031,42640,42651,11
12.9003200531,80.2278213501,42651,42701,50
12.9003200531,80.2278213501,42701,42711,10
12.9006204605,80.2278823853,42711,42721,10
12.9009304047,80.227897644,42721,42731,10
12.9013996124,80.2279510498,42731,42742,11
12.902179718,80.2279586792,42742,42782,40
12.902179718,80.2279586792,42782,42792,10
12.9024896622,80.2280426025,42792,42802,10
12.9029397964,80.2280426025,42802,42812,10
12.9037103653,80.2280731201,42812,42822,10
12.9046802521,80.2281188965,42822,42833,11
12.9058103561,80.2281799316,42833,42843,10
12.9062595367,80.2282028198,42843,42863,20
12.9062595367,80.2282028198,42863,42873,10
12.9065904617,80.2282333374,42873,42883,10
12.9068899155,80.2282485962,42883,42893,10
12.9069795609,80.2282409668,42893,42903,10
12.9075098038,80.2282791138,42903,42913,10
12.9083404541,80.2284317017,42913,42924,11
12.9095201492,80.2286300659,42924,42934,10
12.9107198715,80.2288284302,42934,42944,10
12.9119796753,80.2289962769,42944,42954,10
12.9131402969,80.2291717529,42954,42964,10
12.9139003754,80.2292633057,42964,42984,20
12.9139003754,80.2292633057,42984,42994,10
12.9140901566,80.229309082,42994,43004,10
12.9146795273,80.2293777466,43004,43014,10
12.9154996872,80.2294769287,43014,43025,11
12.9166402817,80.2296295166,43025,43035,10
12.9177303314,80.2297821045,43035,43045,10
12.9186897278,80.2299423218,43045,43055,10
12.9197397232,80.2300872803,43055,43065,10
12.9208602905,80.23021698,43065,43075,10
12.9220104218,80.2303924561,43075,43085,10
12.923210144,80.2305679321,43085,43095,10
12.9244604111,80.23072052,43095,43105,10
12.9257001877,80.2309036255,43105,43116,11
12.9263896942,80.2309494019,43116,43126,10
12.926440239,80.2309417725,43126,43136,10
12.9268798828,80.2309875488,43136,43146,10
12.9276399612,80.2310791016,43146,43156,10
12.9285898209,80.2312316895,43156,43166,10
12.9296598434,80.2314605713,43166,43176,10
12.9308204651,80.2317428589,43176,43186,10
12.9320001602,80.2321166992,43186,43196,10
12.9331302643,80.2324981689,43196,43207,11
12.9336395264,80.2327423096,43207,43217,10
12.9336500168,80.232749939,43217,43227,10
12.9336996078,80.2328186035,43227,43237,10
12.9340295792,80.2329406738,43237,43247,10
12.9347896576,80.2332763672,43247,43257,10
12.935500145,80.2335891724,43257,43267,10
12.9360599518,80.2338485718,43267,43277,10
12.9366998672,80.234161377,43277,43287,10
12.9375200272,80.2345733643,43287,43298,11
12.9385700226,80.2350769043,43298,43308,10
12.9398202896,80.2356796265,43308,43328,20
12.9398202896,80.2356796265,43328,43338,10
12.9398899078,80.2357406616,43338,43348,10
12.9403495789,80.2359008789,43348,43358,10
12.9409503937,80.2360610962,43358,43368,10
12.9420700073,80.2363510132,43368,43378,10
12.9430398941,80.2367630005,43378,43389,11
12.9439296722,80.2376022339,43389,43399,10
12.9446897507,80.2384490967,43399,43409,10
12.9455299377,80.2392196655,43409,43419,10
12.9465799332,80.2396697998,43419,43429,10
12.9473400116,80.239982605,43429,43439,10
12.9473600388,80.2399902344,43439,43449,10
12.9476604462,80.2401275635,43449,43459,10
12.9482803345,80.2404022217,43459,43469,10
12.9489002228,80.2406387329,43469,43520,51
12.9489002228,80.2406387329,43520,43530,10
12.9491796494,80.2408218384,43530,43540,10
12.9497203827,80.2410202026,43540,43550,10
12.950510025,80.2412414551,43550,43560,10
12.9510803223,80.2414016724,43560,43571,11
12.9511804581,80.2414779663,43571,43581,10
12.951669693,80.2416534424,43581,43591,10
12.9523496628,80.2418670654,43591,43601,10
12.9530000687,80.2421112061,43601,43611,10
12.9537401199,80.2423629761,43611,43621,10
12.9543199539,80.2426071167,43621,43631,10
12.9550199509,80.2428970337,43631,43641,10
12.955789566,80.2432022095,43641,43651,10
12.9564399719,80.2434616089,43651,43661,10
12.9570198059,80.2436904907,43661,43672,11
12.9578695297,80.2440414429,43672,43682,10
12.9587697983,80.2444229126,43682,43702,20
12.9587697983,80.2444229126,43702,43712,10
12.9589099884,80.2444992065,43712,43722,10
12.9592599869,80.2446670532,43722,43732,10
12.9596395493,80.2448425293,43732,43742,10
12.9603595734,80.2451629639,43742,43752,10
12.9612598419,80.2455825806,43752,43763,11
12.9623498917,80.2461090088,43763,43773,10
12.9632701874,80.2465667725,43773,43783,10
12.9640598297,80.2469024658,43783,43793,10
12.9650201797,80.2472076416,43793,43803,10
12.9667100906,80.2478866577,43803,43833,30
12.9667100906,80.2478866577,43833,43843,10
12.9668302536,80.2480010986,43843,43854,11
12.9669799805,80.2480773926,43854,43864,10
12.9673900604,80.2482376099,43864,43874,10
12.9681301117,80.2485427856,43874,43884,10
12.9689798355,80.2488632202,43884,43894,10
12.9699001312,80.2492218018,43894,43904,10
12.9708795547,80.2495422363,43904,43914,10
12.9719800949,80.2498779297,43914,43924,10
12.9730701447,80.2501602173,43924,43934,10
12.974149704,80.2505187988,43934,43945,11
12.9753599167,80.2508621216,43945,43955,10
12.9764900208,80.251159668,43955,43965,10
12.9775495529,80.2516174316,43965,43975,10
12.9785499573,80.2523498535,43975,43995,20
12.9785499573,80.2523498535,43995,44005,10
12.9788503647,80.2525100708,44005,44015,10
12.9791002274,80.2525787354,44015,44025,10
12.9793796539,80.2526321411,44025,44046,21
12.9793796539,80.2526321411,44046,44056,10
12.9797801971,80.2527084351,44056,44066,10
12.9803800583,80.2527236938,44066,44076,10
12.981089592,80.2526702881,44076,44086,10
12.9819698334,80.2526473999,44086,44096,10
12.9829597473,80.2526016235,44096,44106,10
12.9839601517,80.2523880005,44106,44116,10
12.9849100113,80.2521286011,44116,44127,11
12.9858903885,80.2518615723,44127,44137,10
12.9864597321,80.2517166138,44137,44147,10
12.9867200851,80.251663208,44147,44157,10
12.9867801666,80.2516403198,44157,44167,10
12.9869403839,80.2515792847,44167,44177,10
12.9873895645,80.251449585,44177,44187,10
12.9877099991,80.251373291,44187,44197,10
12.9882802963,80.2512435913,44197,44207,10
12.9890899658,80.2509918213,44207,44218,11
12.9894895554,80.250869751,44218,44228,10
12.9898004532,80.2508163452,44228,44238,10
12.9904499054,80.2506637573,44238,44248,10
12.9913196564,80.2504501343,44248,44258,10
12.9922800064,80.250213623,44258,44268,10
12.9933395386,80.2499389648,44268,44278,10
12.9944896698,80.2496490479,44278,44288,10
12.9956502914,80.2493591309,44288,44298,10
12.9965600967,80.2490768433,44298,44308,10
12.9966897964,80.2490921021,44308,44319,11
12.997209549,80.2489624023,44319,44329,10
12.9979600906,80.2487716675,44329,44339,10
12.9988803864,80.2485275269,44339,44349,10
12.999879837,80.2482910156,44349,44359,10
13.0009698868,80.248008728,44359,44369,10
13.001999855,80.2477722168,44369,44379,10
13.0027799606,80.2476196289,44379,44389,10
13.0036897659,80.2474594116,44389,44399,10
13.0046796799,80.2473297119,44399,44410,11
13.0058202744,80.2471084595,44410,44420,10
13.0064401627,80.2465591431,44420,44430,10
13.0065202713,80.246383667,44430,44440,10
13.0065698624,80.2461929321,44440,44450,10
13.0066204071,80.2456970215,44450,44460,10
13.0066604614,80.2452697754,44460,44470,10
13.0066404343,80.2449188232,44470,44480,10
13.0066604614,80.2443771362,44480,44490,10
13.0066604614,80.2437362671,44490,44501,11
13.0066299438,80.242980957,44501,44511,10
13.0066299438,80.2421035767,44511,44521,10
13.0066204071,80.2411575317,44521,44531,10
13.0067100525,80.2404174805,44531,44541,10
13.0068597794,80.2394790649,44541,44551,10
13.0070800781,80.2384567261,44551,44561,10
13.0073003769,80.2374572754,44561,44571,10
13.0073795319,80.2367706299,44571,44581,10
13.0074100494,80.2366714478,44581,44592,11
13.0075101852,80.236328125,44592,44602,10
13.0076599121,80.2356872559,44602,44612,10
13.0078201294,80.2348632813,44612,44622,10
13.008020401,80.2339096069,44622,44632,10
13.0082302094,80.232749939,44632,44642,10
13.008480072,80.2315292358,44642,44652,10
13.0087299347,80.2303237915,44652,44662,10
13.0089998245,80.229019165,44662,44672,10
13.0093002319,80.2278594971,44672,44683,11
13.0097799301,80.2267379761,44683,44693,10
13.0102100372,80.2258377075,44693,44703,10
13.0106201172,80.2250976563,44703,44713,10
13.0108604431,80.2244796753,44713,44723,10
13.0111103058,80.2238998413,44723,44733,10
13.0111999512,80.2235565186,44733,44743,10
13.0114002228,80.2230911255,44743,44753,10
13.0117301941,80.2222824097,44753,44763,10
13.0122003555,80.2215499878,44763,44774,11
13.0126199722,80.2218704224,44774,44784,10
13.0130500793,80.222442627,44784,44794,10
13.0134601593,80.2229003906,44794,44804,10
13.0137395859,80.2233276367,44804,44814,10
13.0141601563,80.2238006592,44814,44824,10
13.0146903992,80.2242202759,44824,44834,10
13.014960289,80.2244796753,44834,44844,10
13.0151500702,80.2246704102,44844,44854,10
13.0152597427,80.2248001099,44854,44865,11
13.0155601501,80.2250518799,44865,44915,50
13.0158596039,80.2252883911,44915,44955,40
13.0158596039,80.2252883911,44955,44966,11
13.0163402557,80.2253799438,44966,44976,10
13.0167703629,80.2252426147,44976,44986,10
13.0174703598,80.2249526978,44986,44996,10
13.0181703568,80.2246704102,44996,45006,10
13.0188703537,80.2243881226,45006,45016,10
13.0194797516,80.2243804932,45016,45087,71
13.0194797516,80.2243804932,45087,45097,10
13.0196895599,80.2245407104,45097,45107,10
13.0199098587,80.2246780396,45107,45117,10
13.0202302933,80.2249221802,45117,45127,10
13.0207004547,80.2252502441,45127,45137,10
13.0211000443,80.2255630493,45137,45148,11
13.0215797424,80.2259368896,45148,45158,10
13.0219097137,80.2261810303,45158,45168,10
13.022359848,80.2265625,45168,45178,10
13.0228700638,80.2269973755,45178,45188,10
13.0232601166,80.2273864746,45188,45198,10
13.023730278,80.2277984619,45198,45208,10
13.0243501663,80.2284088135,45208,45228,20
13.0243501663,80.2284088135,45228,45239,11
13.0243797302,80.2284927368,45239,45249,10
13.0242700577,80.2286224365,45249,45259,10
13.0240802765,80.2284011841,45259,45269,10
13.0237102509,80.2279815674,45269,45279,10
13.0230998993,80.2274627686,45279,45340,61
13.0230998993,80.2274627686,45340,45350,10
13.0228700638,80.2271881104,45350,45360,10
13.0225601196,80.2269210815,45360,45370,10
13.0221595764,80.2265396118,45370,45380,10
13.0216503143,80.2261123657,45380,45390,10
13.0212697983,80.2258071899,45390,45400,10
13.0207595825,80.2254486084,45400,45410,10
13.0201501846,80.2250366211,45410,45421,11
13.0195198059,80.224647522,45421,45431,10
13.0187797546,80.2245635986,45431,45441,10
13.017999649,80.224861145,45441,45451,10
13.0171203613,80.2252120972,45451,45461,10
13.0164699554,80.225479126,45461,45471,10
13.0160703659,80.2256011963,45471,45481,10
13.0154600143,80.2257919312,45481,45491,10
13.014670372,80.2260971069,45491,45512,21
13.014670372,80.2260971069,45512,45522,10
13.0141096115,80.226348877,45522,45542,20
13.0141096115,80.226348877,45542,45552,10
13.013759613,80.2265014648,45552,45562,10
13.0131196976,80.2267303467,45562,45572,10
13.0123300552,80.2270431519,45572,45582,10
13.0114202499,80.2273712158,45582,45592,10
13.0104598999,80.2277526855,45592,45602,10
13.0095701218,80.2281265259,45602,45613,11
13.0090198517,80.2288894653,45613,45623,10
13.0088396072,80.229927063,45623,45633,10
13.0086402893,80.2308807373,45633,45643,10
13.0084495544,80.2318115234,45643,45653,10
13.0082798004,80.2328720093,45653,45663,10
13.0081195831,80.2338104248,45663,45673,10
13.0079498291,80.2346801758,45673,45683,10
13.0077199936,80.2356414795,45683,45693,10
13.0074996948,80.2368011475,45693,45704,11
13.0072402954,80.2380371094,45704,45714,10
13.0070295334,80.2390365601,45714,45724,10
13.0068702698,80.2399902344,45724,45734,10
13.0066795349,80.2409591675,45734,45744,10
13.0066204071,80.2420806885,45744,45754,10
13.0066299438,80.2429885864,45754,45764,10
13.0066699982,80.2432632446,45764,45774,10
13.0066404343,80.2434463501,45774,45784,10
13.0065603256,80.244140625,45784,45795,11
13.0066003799,80.2452163696,45795,45805,10
13.0066604614,80.2461700439,45805,45815,10
13.0066795349,80.2471237183,45815,45825,10
13.0062599182,80.2473907471,45825,45835,10
13.0060796738,80.2473678589,45835,45845,10
13.0056600571,80.2473373413,45845,45855,10
13.0049200058,80.2473602295,45855,45865,10
13.0039596558,80.2474365234,45865,45875,10
13.0028600693,80.2476196289,45875,45886,11
13.0016098022,80.2479476929,45886,45896,10
13.0003995895,80.248260498,45896,45906,10
12.9991502762,80.248588562,45906,45916,10
12.9981203079,80.2488632202,45916,45926,10
12.996629715,80.2492370605,45926,45936,10
12.9953899384,80.2495880127,45936,45946,10
12.9941196442,80.2499389648,45946,45956,10
12.9929599762,80.2501983643,45956,45966,10
12.9915895462,80.250541687,45966,45977,11
12.9903202057,80.2508392334,45977,45987,10
12.9893398285,80.2510528564,45987,45997,10
12.9888601303,80.2511367798,45997,46007,10
12.9884595871,80.2512817383,46007,46017,10
12.9879999161,80.2516326904,46017,46027,10
12.9880199432,80.2524871826,46027,46037,10
12.9878501892,80.2542572021,46037,46078,41
12.9878501892,80.2542572021,46078,46088,10
12.9878196716,80.2546920776,46088,46098,10
12.9877099991,80.2550201416,46098,46108,10
12.9876499176,80.2553710938,46108,46118,10
12.9875898361,80.2557220459,46118,46128,10
12.9875297546,80.2563400269,46128,46138,10
12.9874601364,80.2567672729,46138,46148,10
12.9874401093,80.2570266724,46148,46159,11
12.9873600006,80.2577285767,46159,46169,10
12.9873600006,80.2584075928,46169,46179,10
12.9872703552,80.2585372925,46179,46189,10
12.9872598648,80.2585296631,46189,46199,10
12.9872198105,80.2585220337,46199,46209,10
12.9869098663,80.2585067749,46209,46411,202
12.9867801666,80.2588500977,46411,49718,3307
12.9866895676,80.2589797974,49718,52549,2831
12.9866895676,80.2589797974,52549,52559,10
12.9870700836,80.2591781616,52559,52579,20
12.9870700836,80.2591781616,52579,52589,10
12.9872903824,80.2588195801,52589,52599,10
12.9873600006,80.2581634521,52599,52609,10
12.9874095917,80.2575683594,52609,52619,10
12.9874801636,80.2571792603,52619,52629,10
12.9875402451,80.2563095093,52629,52640,11
12.9876804352,80.2555236816,52640,52650,10
12.9877796173,80.2545394897,52650,52660,10
12.9878902435,80.2533569336,52660,52670,10
12.987950325,80.2522583008,52670,52680,10
12.9877796173,80.2515792847,52680,52822,142
12.9877796173,80.2515792847,52822,52832,10
12.9877595901,80.2513885498,52832,52842,10
12.9882698059,80.251159668,52842,52852,10
12.9892301559,80.2509002686,52852,52862,10
12.9894599915,80.2508468628,52862,52872,10
12.9898004532,80.250831604,52872,52882,10
12.9903202057,80.2506866455,52882,52892,10
12.9905796051,80.2506332397,52892,52902,10
12.9912996292,80.2504425049,52902,52913,11
12.9924402237,80.2501373291,52913,52923,10
12.993639946,80.2498474121,52923,52933,10
12.9948596954,80.2495269775,52933,52943,10
12.9961500168,80.2492523193,52943,52953,10
12.9974498749,80.2489318848,52953,52963,10
12.9988498688,80.2485733032,52963,52973,10
13.0002698898,80.2482223511,52973,52983,10
13.0015296936,80.2479019165,52983,52993,10
13.002289772,80.2477111816,52993,53004,11
13.0032396317,80.2475280762,53004,53014,10
13.0041999817,80.2473907471,53014,53024,10
13.0051498413,80.2472763062,53024,53034,10
13.0059604645,80.2470779419,53034,53044,10
13.0063400269,80.2467422485,53044,53054,10
13.0064296722,80.2465515137,53054,53064,10
13.0065803528,80.2460632324,53064,53074,10
13.0066404343,80.2451705933,53074,53084,10
13.0066404343,80.2440719604,53084,53094,10
13.0065803528,80.2431564331,53094,53105,11
13.0065603256,80.2419891357,53105,53115,10
13.0066204071,80.2410202026,53115,53125,10
13.0067796707,80.240020752,53125,53134,9
13.0069103241,80.2392730713,53134,53145,11
13.0071201324,80.2382278442,53145,53154,9
13.0072898865,80.2375335693,53154,53165,11
13.0074195862,80.2367172241,53165,53175,10
13.0074300766,80.2366714478,53175,53185,10
13.0075998306,80.2361984253,53185,53196,11
13.0077400208,80.235458374,53196,53206,10
13.0077896118,80.2351226807,53206,53216,10
13.0079097748,80.2345428467,53216,53226,10
13.008099556,80.233581543,53226,53236,10
13.0083599091,80.2322692871,53236,53246,10
13.0086402893,80.2309036255,53246,53256,10
13.0088796616,80.2297897339,53256,53266,10
13.0092201233,80.2281494141,53266,53276,10
13.0097398758,80.2269592285,53276,53287,11
13.010219574,80.2259597778,53287,53297,10
13.0106096268,80.2251815796,53297,53307,10
13.0110197067,80.2243118286,53307,53317,10
13.0113697052,80.2233581543,53317,53327,10
13.0115995407,80.2227325439,53327,53337,10
13.0121297836,80.2214889526,53337,53347,10
13.0125904083,80.2218170166,53347,53357,10
13.0132102966,80.2225723267,53357,53367,10
13.0138998032,80.2234725952,53367,53378,11
13.0146303177,80.2241592407,53378,53388,10
13.015250206,80.224822998,53388,53398,10
13.0154495239,80.2249679565,53398,53408,10
13.0159797668,80.2252807617,53408,53418,10
13.0167798996,80.2251586914,53418,53428,10
13.017780304,80.2247695923,53428,53438,10
13.0187196732,80.2244033813,53438,53448,10
13.0193595886,80.224281311,53448,53458,10
13.0194702148,80.224319458,53458,53469,11
13.0196800232,80.2244796753,53469,53479,10
13.0198802948,80.2246322632,53479,53489,10
13.0202703476,80.2249526978,53489,53499,10
13.0208101273,80.2254104614,53499,53509,10
13.0214099884,80.2258224487,53509,53519,10
13.0216503143,80.2260513306,53519,53529,10
13.0221004486,80.2263565063,53529,53539,10
13.0226602554,80.2268066406,53539,53549,10
13.0232200623,80.2273788452,53549,53560,11
13.0238199234,80.227897644,53560,53570,10
13.0240602493,80.2281799316,53570,53580,10
13.024310112,80.2284698486,53580,53610,30
13.024310112,80.2284698486,53610,53620,10
13.024189949,80.2285995483,53620,53630,10
13.0238199234,80.2281494141,53630,53640,10
13.023440361,80.2277374268,53640,53701,61
13.023440361,80.2277374268,53701,53711,10
13.0232896805,80.2274780273,53711,53721,10
13.0231199265,80.2273101807,53721,53883,162
13.0231199265,80.2273101807,53883,53893,10
13.0228395462,80.2270202637,53893,53903,10
13.0227403641,80.2269134521,53903,53913,10
13.0225896835,80.2267303467,53913,53923,10
13.0222396851,80.2264328003,53923,53934,11
13.0217599869,80.2260513306,53934,53944,10
13.0213899612,80.225769043,53944,53954,10
13.0209102631,80.2253875732,53954,53964,10
13.0203504562,80.2250289917,53964,53974,10
13.0200996399,80.2248687744,53974,53984,10
13.0197601318,80.2246322632,53984,53994,10
13.019080162,80.2244415283,53994,54004,10
13.0182199478,80.2247009277,54004,54014,10
13.0173397064,80.2250518799,54014,54025,11
13.0165901184,80.2253723145,54025,54035,10
13.0162801743,80.2254867554,54035,54045,10
13.0157499313,80.2256622314,54045,54055,10
13.0151901245,80.2258987427,54055,54065,10
13.014749527,80.22605896,54065,54075,10
13.0147399902,80.2260665894,54075,54085,10
13.0144500732,80.2262115479,54085,54095,10
13.0139198303,80.2264328003,54095,54105,10
13.0132598877,80.2266769409,54105,54116,11
13.012430191,80.2269973755,54116,54126,10
13.0116796494,80.2273025513,54126,54136,10
13.0109395981,80.2276000977,54136,54146,10
13.0102796555,80.2278823853,54146,54156,10
13.0095596313,80.2282028198,54156,54166,10
13.0091695786,80.2287368774,54166,54176,10
13.0090398788,80.2294082642,54176,54429,253
13.0090398788,80.2294082642,54429,54439,10
13.0090103149,80.229637146,54439,54449,10
13.0089197159,80.2300262451,54449,54459,10
13.008769989,80.2307891846,54459,54469,10
13.0085496902,80.231842041,54469,54479,10
13.0083799362,80.2329483032,54479,54490,11
13.0082702637,80.2336196899,54490,54500,10
13.0082597733,80.2336196899,54500,54510,10
13.0081396103,80.23387146,54510,54520,10
13.0080404282,80.2344512939,54520,54530,10
13.0079498291,80.2348937988,54530,54540,10
13.0078897476,80.2352294922,54540,54550,10
13.0077600479,80.2359466553,54550,54560,10
13.0075597763,80.2369384766,54560,54570,10
13.0073795319,80.2378234863,54570,54581,11
13.0071697235,80.2388305664,54581,54591,10
13.0070199966,80.2395477295,54591,54601,10
13.0069599152,80.2398986816,54601,54611,10
13.0069198608,80.2401733398,54611,54621,10
13.0068798065,80.240562439,54621,54631,10
13.0068702698,80.2406082153,54631,54641,10
13.0067796707,80.2410202026,54641,54651,10
13.0067100525,80.2418212891,54651,54661,10
13.0067195892,80.2429962158,54661,54672,11
13.006649971,80.2442092896,54672,54682,10
13.006649971,80.2453613281,54682,54692,10
13.0067100525,80.246383667,54692,54702,10
13.0067596436,80.2471008301,54702,54712,10
13.006770134,80.2472763062,54712,54722,10
13.0063400269,80.2474212646,54722,54742,20
13.0063400269,80.2474212646,54742,54752,10
13.0061197281,80.2474212646,54752,54763,11
13.0060796738,80.2473983765,54763,54773,10
13.0059404373,80.2473220825,54773,54783,10
13.005399704,80.2472915649,54783,54793,10
13.0045700073,80.2473297119,54793,54803,10
13.0035600662,80.247467041,54803,54813,10
13.0026302338,80.2476272583,54813,54823,10
13.0017995834,80.2478408813,54823,54833,10
13.0007095337,80.2481307983,54833,54843,10
12.9995098114,80.2484436035,54843,54854,11
12.9983100891,80.2487792969,54854,54864,10
12.9980096817,80.2488632202,54864,54874,10
12.9975404739,80.2489471436,54874,54884,10
12.9967298508,80.2491378784,54884,54894,10
12.995639801,80.2493972778,54894,54904,10
12.9944200516,80.249710083,54904,54914,10
12.9932403564,80.2500305176,54914,54924,10
12.9920902252,80.2503204346,54924,54934,10
12.9911699295,80.2506103516,54934,54945,11
12.9909200668,80.2506790161,54945,54955,10
12.99036026,80.2508010864,54955,54965,10
12.9894800186,80.2509994507,54965,54975,10
12.9881696701,80.251373291,54975,55005,30
12.9881696701,80.251373291,55005,55015,10
12.9880304337,80.2513275146,55015,55025,10
12.987739563,80.2513809204,55025,55035,10
12.9872303009,80.2515182495,55035,55046,11
12.9864501953,80.2517471313,55046,55056,10
12.9856796265,80.2519302368,55056,55066,10
12.9847602844,80.2521896362,55066,55076,10
12.9837703705,80.252456665,55076,55086,10
12.9828195572,80.2526321411,55086,55096,10
12.9819698334,80.2526779175,55096,55106,10
12.981010437,80.2527084351,55106,55116,10
12.9801702499,80.2527999878,55116,55137,21
12.9801702499,80.2527999878,55137,55147,10
12.9798202515,80.2527084351,55147,55157,10
12.9791898727,80.2526168823,55157,55167,10
12.9786701202,80.2525634766,55167,55177,10
12.9785900116,80.252532959,55177,55187,10
12.9781503677,80.2522506714,55187,55197,10
12.9778699875,80.2519607544,55197,55207,10
12.9772596359,80.2514724731,55207,55217,10
12.9762401581,80.251121521,55217,55228,11
12.9749498367,80.2507400513,55228,55238,10
12.9738197327,80.2504196167,55238,55248,10
12.9726696014,80.2501220703,55248,55258,10
12.9715099335,80.2498168945,55258,55268,10
12.9703302383,80.24949646,55268,55278,10
12.9691801071,80.2490692139,55278,55288,10
12.9680595398,80.2486495972,55288,55298,10
12.967089653,80.2482223511,55298,55308,10
12.9661998749,80.2477874756,55308,55319,11
12.9652099609,80.2474365234,55319,55329,10
12.9650297165,80.2473602295,55329,55339,10
12.9647598267,80.247253418,55339,55349,10
12.9641199112,80.2470092773,55349,55359,10
12.9638004303,80.2469024658,55359,55369,10
12.9637203217,80.2468719482,55369,55379,10
12.9633197784,80.246673584,55379,55389,10
12.9625301361,80.2462387085,55389,55399,10
12.9614696503,80.2457199097,55399,55410,11
12.9602098465,80.2451400757,55410,55420,10
12.9594402313,80.2448272705,55420,55430,10
12.9593601227,80.2447967529,55430,55440,10
12.9591503143,80.244682312,55440,55450,10
12.958530426,80.2444000244,55450,55460,10
12.9578199387,80.2441101074,55460,55470,10
12.9570198059,80.2438430786,55470,55480,10
12.9564399719,80.2436065674,55480,55501,21
12.9564399719,80.2436065674,55501,55511,10
12.9558801651,80.2433700562,55511,55521,10
12.9551000595,80.243019104,55521,55531,10
12.9541902542,80.2426376343,55531,55541,10
12.9532403946,80.2422409058,55541,55551,10
12.9521999359,80.2418365479,55551,55561,10
12.9516601563,80.2416534424,55561,55571,10
12.9515600204,80.2415924072,55571,55581,10
12.9511499405,80.2414169312,55581,55592,11
12.9503202438,80.2411422729,55592,55602,10
12.9493598938,80.2408599854,55602,55612,10
12.9484395981,80.2405090332,55612,55622,10
12.9470796585,80.2399673462,55622,55642,20
12.9470796585,80.2399673462,55642,55652,10
12.9468698502,80.2398834229,55652,55662,10
12.9462604523,80.2396087646,55662,55672,10
12.945400238,80.2391967773,55672,55682,10
12.9446601868,80.23853302,55682,55693,11
12.9437398911,80.2375183105,55693,55703,10
12.9429302216,80.2367324829,55703,55713,10
12.9419898987,80.2363204956,55713,55723,10
12.9407701492,80.2360534668,55723,55733,10
12.9398403168,80.235786438,55733,55743,10
12.9397001266,80.2357177734,55743,55752,9
12.9395303726,80.2356185913,55752,55763,11
12.9390201569,80.2353515625,55763,55773,10
12.9379501343,80.2348403931,55773,55784,11
12.9368696213,80.2343292236,55784,55794,10
12.9358797073,80.2338562012,55794,55804,10
12.9348602295,80.2333908081,55804,55814,10
12.933930397,80.2329864502,55814,55824,10
12.9337596893,80.2329025269,55824,55834,10
12.9336795807,80.2328567505,55834,55844,10
12.9330396652,80.2325820923,55844,55854,10
12.9321603775,80.2322387695,55854,55864,10
12.9310398102,80.2318725586,55864,55875,11
12.929599762,80.2314910889,55875,55885,10
12.92827034,80.2312316895,55885,55895,10
12.9269399643,80.2310562134,55895,55905,10
12.9257698059,80.2308807373,55905,55915,10
12.9244804382,80.2307281494,55915,55925,10
12.9231300354,80.2305603027,55925,55935,10
12.9217195511,80.2303466797,55935,55945,10
12.9203596115,80.2301712036,55945,55955,10
12.9191398621,80.2300186157,55955,55966,11
12.9180002213,80.2298812866,55966,55976,10
12.9170198441,80.2297515869,55976,55986,10
12.9160003662,80.2296066284,55986,55996,10
12.9149303436,80.2294464111,55996,56006,10
12.913769722,80.229309082,56006,56016,10
12.913189888,80.2292633057,56016,56026,10
12.9131498337,80.2292480469,56026,56036,10
12.9126996994,80.2291488647,56036,56046,10
12.911860466,80.2290115356,56046,56057,11
12.91065979,80.228843689,56057,56067,10
12.9094104767,80.2286376953,56067,56077,10
12.9082603455,80.2284622192,56077,56087,10
12.9070196152,80.228302002,56087,56117,30
12.9070196152,80.228302002,56117,56127,10
12.9069099426,80.2282867432,56127,56137,10
12.9064702988,80.2282409668,56137,56148,11
12.9061603546,80.2282180786,56148,56158,10
12.9057998657,80.2282028198,56158,56168,10
12.9049901962,80.2281417847,56168,56178,10
12.9039697647,80.2280807495,56178,56188,10
12.9028902054,80.2280426025,56188,56198,10
12.9017896652,80.2279815674,56198,56208,10
12.9009304047,80.2279281616,56208,56218,10
12.9002599716,80.2278900146,56218,56228,10
12.8996801376,80.2278823853,56228,56238,10
12.8993396759,80.2278518677,56238,56269,31
12.8993396759,80.2278518677,56269,56279,10
12.8989400864,80.2277984619,56279,56289,10
12.8981895447,80.2277832031,56289,56299,10
12.8971595764,80.227722168,56299,56309,10
12.8959598541,80.2276763916,56309,56319,10
12.894659996,80.2276229858,56319,56329,10
12.8935003281,80.2275466919,56329,56340,11
12.8928203583,80.2274703979,56340,56350,10
12.8926801682,80.2274475098,56350,56360,10
12.8923196793,80.2274169922,56360,56370,10
12.8916196823,80.2273712158,56370,56380,10
12.8905696869,80.2273712158,56380,56390,10
12.8893299103,80.2273635864,56390,56400,10
12.8880195618,80.2273178101,56400,56410,10
12.8867101669,80.2271194458,56410,56420,10
12.8855695724,80.2268295288,56420,56431,11
12.8849401474,80.2267379761,56431,56441,10
12.8849000931,80.2267303467,56441,56451,10
12.8845500946,80.2266921997,56451,56461,10
12.883769989,80.2266998291,56461,56471,10
12.8826503754,80.2266998291,56471,56481,10
12.8812904358,80.2267074585,56481,56491,10
12.8797798157,80.2267303467,56491,56501,10
12.8783998489,80.2267990112,56501,56511,10
12.8771896362,80.2268981934,56511,56522,11
12.8762598038,80.2269515991,56522,56532,10
12.8755302429,80.2269668579,56532,56542,10
12.8754796982,80.2269668579,56542,56552,10
12.8749399185,80.2269134521,56552,56562,10
12.8739595413,80.2267913818,56562,56572,10
12.8728704453,80.2267074585,56572,56582,10
12.8725204468,80.2267074585,56582,56592,10
12.8720197678,80.2266921997,56592,56602,10
12.8711004257,80.2266616821,56602,56613,11
12.8697595596,80.2265396118,56613,56623,10
12.8683595657,80.2264022827,56623,56633,10
12.8668498993,80.2265090942,56633,56643,10
12.8653001785,80.2265777588,56643,56653,10
12.8637104034,80.2265167236,56653,56663,10
12.8622198105,80.2265625,56663,56673,10
12.8607997894,80.2265472412,56673,56683,10
12.8593797684,80.2264022827,56683,56693,10
12.858420372,80.2262802124,56693,56704,11
12.8571796417,80.2263031006,56704,56714,10
12.8558301926,80.2264404297,56714,56724,10
12.85435009,80.226600647,56724,56734,10
12.8528499603,80.2267074585,56734,56744,10
12.8513402939,80.2266616821,56744,56754,10
12.8503599167,80.2266311646,56754,56764,10
12.850279808,80.2266235352,56764,56774,10
12.849729538,80.2266082764,56774,56784,10
12.8487796783,80.2266082764,56784,56795,11
12.8473997116,80.2266082764,56795,56805,10
12.8462896347,80.2266082764,56805,56815,10
12.8454198837,80.2266082764,56815,56835,20
12.8454198837,80.2266082764,56835,56845,10
12.8452501297,80.2265777588,56845,56855,10
12.8445796967,80.2266235352,56855,56865,10
12.8435096741,80.2266769409,56865,56875,10
12.8423595428,80.2268981934,56875,56886,11
12.8409404755,80.2272491455,56886,56896,10
12.8398399353,80.2275619507,56896,56976,80
12.8398399353,80.2275619507,56976,56987,11
12.8396997452,80.2276611328,56987,56997,10
12.8392601013,80.2277832031,56997,57007,10
12.8383798599,80.2280578613,57007,57017,10
12.8371400833,80.228302002,57017,57027,10
12.8356599808,80.2285308838,57027,57037,10
12.8341598511,80.2287826538,57037,57047,10
12.8327503204,80.2290115356,57047,57057,10
12.8320999146,80.229133606,57057,57067,10
12.8320703506,80.2291412354,57067,57078,11
12.831489563,80.2292861938,57078,57088,10
12.8305397034,80.229598999,57088,57098,10
12.829369545,80.2300262451,57098,57108,10
12.8282403946,80.2305831909,57108,57118,10
12.8271198273,80.2311782837,57118,57128,10
12.8259801865,80.2313766479,57128,57138,10
12.8247203827,80.2313766479,57138,57148,10
12.8234300613,80.2310409546,57148,57158,10
12.8220796585,80.2306289673,57158,57169,11
12.8205003738,80.2304763794,57169,57179,10
12.8192195892,80.2304992676,57179,57189,10
12.8188199997,80.2304916382,57189,57199,10
12.8184604645,80.2303237915,57199,57209,10
12.8176403046,80.2299194336,57209,57219,10
12.8164701462,80.2295303345,57219,57229,10
12.8150901794,80.2293167114,57229,57239,10
12.813659668,80.2290267944,57239,57249,10
12.8122701645,80.2285614014,57249,57260,11
12.810790062,80.2280197144,57260,57270,10
12.809510231,80.2274627686,57270,57280,10
12.808429718,80.2266998291,57280,57290,10
12.807510376,80.2259063721,57290,57300,10
12.8067398071,80.2252197266,57300,57310,10
12.8061800003,80.2247085571,57310,57320,10
12.8056497574,80.2242584229,57320,57330,10
12.8049097061,80.2239990234,57330,57361,31
12.8049097061,80.2239990234,57361,57371,10
12.8046197891,80.2239379883,57371,57381,10
12.8039102554,80.2238922119,57381,57391,10
12.8028802872,80.223777771,57391,57401,10
12.801659584,80.2236480713,57401,57411,10
12.8008098602,80.2235794067,57411,57421,10
12.8007497787,80.2235794067,57421,57431,10
12.8002300262,80.2235183716,57431,57442,11
12.7992601395,80.223449707,57442,57452,10
12.7981004715,80.2232818604,57452,57462,10
12.7968397141,80.2230911255,57462,57472,10
12.7960395813,80.2229614258,57472,57482,10
12.7960100174,80.2229614258,57482,57492,10
12.7955799103,80.2228927612,57492,57502,10
12.7949104309,80.2227630615,57502,57512,10
12.7939796448,80.2226104736,57512,57522,10
12.7929000854,80.2224502563,57522,57533,11
12.7917995453,80.2222290039,57533,57543,10
12.7907896042,80.2220001221,57543,57553,10
12.7899599075,80.2217788696,57553,57563,10
12.7894096375,80.2216033936,57563,57573,10
12.7886600494,80.221321106,57573,57583,10
12.7878799438,80.2210083008,57583,57593,10
12.7873802185,80.2208328247,57593,57603,10
12.7867298126,80.2205810547,57603,57623,20
12.7867298126,80.2205810547,57623,57634,11
12.786450386,80.2204589844,57634,57644,10
12.7861700058,80.2205581665,57644,57674,30
12.7861700058,80.2205581665,57674,57684,10
12.7861700058,80.2209777832,57684,57694,10
12.7862100601,80.2215194702,57694,57755,61
12.7862901688,80.2218704224,57755,57785,30
12.7862901688,80.2218704224,57785,57795,10
12.7863197327,80.2220230103,57795,58422,627
12.786239624,80.2217407227,58422,58594,172
12.7862901688,80.2218399048,58594,59120,526
12.7862300873,80.2220001221,59120,59638,518
12.7862501144,80.2218475342,59638,59941,303
12.7864198685,80.2220001221,59941,60062,121
12.7864198685,80.2220001221,60062,60072,10
12.7863702774,80.2218170166,60072,60082,10
12.7862701416,80.2215881348,60082,60093,11
12.7862195969,80.2214126587,60093,60103,10
12.7862195969,80.2211303711,60103,60113,10
12.7861995697,80.2209625244,60113,60123,10
12.7861995697,80.2204437256,60123,60163,40
12.7861995697,80.2204437256,60163,60173,10
12.7866697311,80.2204971313,60173,60214,41
12.7866697311,80.2204971313,60214,60224,10
12.7868700027,80.2206192017,60224,60234,10
12.7873001099,80.2207794189,60234,60244,10
12.7878303528,80.2209777832,60244,60254,10
12.7884502411,80.2212219238,60254,60264,10
12.7891302109,80.2214813232,60264,60275,11
12.7897596359,80.2217102051,60275,60285,10
12.7904596329,80.2218780518,60285,60295,10
12.7913503647,80.222076416,60295,60305,10
12.7923002243,80.2222976685,60305,60315,10
12.7932796478,80.2224578857,60315,60325,10
12.7942800522,80.2226028442,60325,60335,10
12.79529953,80.2227783203,60335,60345,10
12.796210289,80.2229309082,60345,60355,10
12.79666996,80.2229995728,60355,60366,11
12.797419548,80.22315979,60366,60376,10
12.798330307,80.2232818604,60376,60386,10
12.7993001938,80.2234115601,60386,60396,10
12.8002300262,80.2234725952,60396,60406,10
12.8011302948,80.2235565186,60406,60416,10
12.80148983,80.2235794067,60416,60426,10
12.8018198013,80.2236328125,60426,60436,10
12.8025503159,80.2237091064,60436,60446,10
12.803319931,80.2238082886,60446,60457,11
12.8041601181,80.2238998413,60457,60467,10
12.804889679,80.2239685059,60467,60477,10
12.8054704666,80.2241210938,60477,60487,10
12.8055801392,80.2241592407,60487,60497,10
12.8058700562,80.224357605,60497,60507,10
12.8062095642,80.2246627808,60507,60517,10
12.80671978,80.2251205444,60517,60527,10
12.8074903488,80.2258224487,60527,60537,10
12.8084402084,80.2266235352,60537,60548,11
12.809510231,80.227432251,60548,60558,10
12.8106002808,80.2279205322,60558,60568,10
12.8117799759,80.2283706665,60568,60578,10
12.812959671,80.2287826538,60578,60588,10
12.8141403198,80.2291412354,60588,60598,10
12.8153095245,80.2293395996,60598,60608,10
12.8165502548,80.2295227051,60608,60618,10
12.8177404404,80.2299118042,60618,60628,10
12.8187704086,80.2303771973,60628,60638,10
12.8196697235,80.2304534912,60638,60649,11
12.819899559,80.23046875,60649,60659,10
12.820309639,80.2304611206,60659,60669,10
12.8204402924,80.2304534912,60669,60679,10
12.8209896088,80.2304534912,60679,60689,10
12.8218603134,80.2305297852,60689,60699,10
12.8228797913,80.230796814,60699,60709,10
12.8239202499,80.2311019897,60709,60719,10
12.8248500824,80.2313079834,60719,60729,10
12.8257598877,80.2313537598,60729,60740,11
12.8267803192,80.2312774658,60740,60750,10
12.8276796341,80.2309494019,60750,60760,10
12.8285903931,80.2304229736,60760,60770,10
12.8295297623,80.2299728394,60770,60780,10
12.8305196762,80.2295837402,60780,60790,10
12.8311796188,80.2293167114,60790,60800,10
12.8311796188,80.229309082,60800,60810,10
12.8315200806,80.2292175293,60810,60820,10
12.8321695328,80.2290725708,60820,60831,11
12.8331298828,80.2289199829,60831,60841,10
12.8340797424,80.2287597656,60841,60851,10
12.835100174,80.2285995483,60851,60861,10
12.8360500336,80.2284469604,60861,60871,10
12.8370504379,80.228302002,60871,60881,10
12.8380403519,80.2281265259,60881,60891,10
12.8388996124,80.2279205322,60891,60901,10
12.8393297195,80.2278137207,60901,60972,71
12.8393297195,80.2278137207,60972,60982,10
12.8395795822,80.2277374268,60982,60992,10
12.8400497437,80.2275924683,60992,61002,10
12.8408603668,80.2273635864,61002,61013,11
12.8418598175,80.2270812988,61013,61023,10
12.8427696228,80.2268981934,61023,61033,10
12.8437004089,80.2267379761,61033,61043,10
12.844619751,80.2266235352,61043,61053,10
12.8453998566,80.2265701294,61053,61063,10
12.845459938,80.2265625,61063,61073,10
12.8456802368,80.2265625,61073,61083,10
12.8462295532,80.2265472412,61083,61093,10
12.8470697403,80.2265396118,61093,61104,11
12.8481302261,80.2265319824,61104,61114,10
12.8491401672,80.2265319824,61114,61124,10
12.8501596451,80.2265319824,61124,61134,10
12.8507995605,80.2265396118,61134,61144,10
12.8515796661,80.2265777588,61144,61154,10
12.8525495529,80.2266235352,61154,61164,10
12.8534698486,80.2266235352,61164,61174,10
12.8544101715,80.2265319824,61174,61184,10
12.8554000854,80.2264099121,61184,61194,10
12.8564596176,80.2263031006,61194,61205,11
12.8574104309,80.2262115479,61205,61215,10
12.8583402634,80.2261962891,61215,61225,10
12.8592596054,80.2262802124,61225,61235,10
12.8608798981,80.2265167236,61235,61255,20
12.8608798981,80.2265167236,61255,61265,10
12.8613300323,80.2265319824,61265,61275,10
12.8620595932,80.2265090942,61275,61285,10
12.8629999161,80.2264633179,61285,61296,11
12.8641500473,80.2264785767,61296,61306,10
12.8652296066,80.2265319824,61306,61316,10
12.8663396835,80.2265014648,61316,61326,10
12.8674497604,80.2264099121,61326,61336,10
12.868519783,80.2263412476,61336,61346,10
12.8696098328,80.2264480591,61346,61356,10
12.8706798553,80.2265625,61356,61366,10
12.8717498779,80.2266082764,61366,61376,10
12.8725595474,80.2266082764,61376,61387,11
12.8727798462,80.2266235352,61387,61397,10
12.8731203079,80.2266387939,61397,61407,10
12.8738803864,80.2266769409,61407,61417,10
12.8748998642,80.2268066406,61417,61427,10
12.8758897781,80.226890564,61427,61437,10
12.8765802383,80.2268829346,61437,61447,10
12.8766899109,80.2268676758,61447,61457,10
12.8769798279,80.2268676758,61457,61467,10
12.8777103424,80.2267990112,61467,61478,11
12.8787603378,80.2267379761,61478,61488,10
12.8797197342,80.2266998291,61488,61498,10
12.8807001114,80.2266769409,61498,61508,10
12.8816900253,80.2266769409,61508,61518,10
12.8826799393,80.2266693115,61518,61528,10
12.8836803436,80.2266693115,61528,61538,10
12.88463974,80.2266464233,61538,61548,10
12.8852500916,80.2266693115,61548,61558,10
12.8852796555,80.2266693115,61558,61569,11
12.8856401443,80.2267227173,61569,61579,10
12.8862895966,80.2268981934,61579,61589,10
12.8871202469,80.2271118164,61589,61599,10
12.8880300522,80.2272415161,61599,61609,10
12.8890104294,80.2273025513,61609,61619,10
12.8900203705,80.2273025513,61619,61629,10
12.8910198212,80.2273025513,61629,61639,10
12.8922796249,80.2273101807,61639,61670,31
12.8922796249,80.2273101807,61670,61680,10
12.8924598694,80.2273178101,61680,61690,10
12.892999649,80.2273864746,61690,61700,10
12.8937196732,80.2275009155,61700,61710,10
12.8946399689,80.2275695801,61710,61720,10
12.8956403732,80.2276229858,61720,61730,10
12.8966798782,80.2276535034,61730,61740,10
12.8977499008,80.2276992798,61740,61751,11
12.8988704681,80.2277679443,61751,61761,10
12.8997497559,80.2278289795,61761,61771,10
12.9005498886,80.2278518677,61771,61791,20
12.9005498886,80.2278518677,61791,61801,10
12.900759697,80.2278671265,61801,61811,10
12.9011898041,80.2279129028,61811,61821,10
12.9018096924,80.2279434204,61821,61831,10
12.9025201797,80.2279815674,61831,61841,10
12.9032001495,80.2279663086,61841,61852,11
12.9033002853,80.2279815674,61852,61862,10
12.9035196304,80.2279968262,61862,61872,10
12.9040899277,80.2280731201,61872,61882,10
12.9049196243,80.2281265259,61882,61892,10
12.9057998657,80.2281570435,61892,61902,10
12.9064302444,80.2281799316,61902,61963,61
12.9064302444,80.2281799316,61963,61973,10
12.9065599442,80.2282028198,61973,61983,10
12.9069900513,80.2282791138,61983,61993,10
12.9076004028,80.2283477783,61993,62003,10
12.9086198807,80.2285308838,62003,62013,10
12.9097995758,80.2286987305,62013,62023,10
12.910949707,80.2288818359,62023,62034,11
12.9121904373,80.2290496826,62034,62044,10
12.9132204056,80.2291870117,62044,62054,10
12.9139995575,80.2292785645,62054,62074,20
12.9139995575,80.2292785645,62074,62084,10
12.9141101837,80.229309082,62084,62094,10
12.9146003723,80.2293701172,62094,62104,10
12.9154195786,80.2294998169,62104,62114,10
12.9163999557,80.2296600342,62114,62125,11
12.9172201157,80.2297363281,62125,62155,30
12.9172201157,80.2297363281,62155,62165,10
12.917599678,80.2297973633,62165,62175,10
12.9182100296,80.2298431396,62175,62185,10
12.9189500809,80.2299575806,62185,62195,10
12.9196901321,80.2300491333,62195,62205,10
12.9204597473,80.2301635742,62205,62216,11
12.9212999344,80.2302703857,62216,62226,10
12.9217395782,80.2303237915,62226,62236,10
12.9221496582,80.2303924561,62236,62246,10
12.9228601456,80.2304992676,62246,62256,10
12.9237804413,80.2306289673,62256,62266,10
12.9247598648,80.2307662964,62266,62276,10
12.9256601334,80.2308807373,62276,62286,10
12.9262695313,80.2309494019,62286,62296,10
12.9263000488,80.2309494019,62296,62307,11
12.9265899658,80.2309875488,62307,62317,10
12.927280426,80.2310791016,62317,62327,10
12.9281196594,80.2311935425,62327,62337,10
12.9289302826,80.2313079834,62337,62347,10
12.9297895432,80.2314910889,62347,62357,10
12.9307098389,80.2317199707,62357,62367,10
12.9316596985,80.2320022583,62367,62377,10
12.932559967,80.2322998047,62377,62387,10
12.9336900711,80.2327575684,62387,62408,21
12.9336900711,80.2327575684,62408,62418,10
12.9338598251,80.2327728271,62418,62428,10
12.9345598221,80.2330703735,62428,62438,10
12.9354400635,80.2334823608,62438,62448,10
12.9363203049,80.2339019775,62448,62458,10
12.9371795654,80.2343215942,62458,62468,10
12.9380903244,80.2347564697,62468,62478,10
12.9389696121,80.2351913452,62478,62489,11
12.9395704269,80.2355194092,62489,62499,10
12.9395799637,80.2355194092,62499,62509,10
12.9397802353,80.2356491089,62509,62519,10
12.9404296875,80.2359008789,62519,62529,10
12.9414100647,80.2361831665,62529,62539,10
12.9425096512,80.2364807129,62539,62549,10
12.9435396194,80.2371520996,62549,62559,10
12.9444599152,80.2381591797,62559,62569,10
12.9453601837,80.2391204834,62569,62578,9
12.9472198486,80.2399597168,62578,62600,22
12.9472198486,80.2399597168,62600,62610,10
12.9473199844,80.2400131226,62610,62620,10
12.9478597641,80.2402267456,62620,62630,10
12.9484901428,80.2404937744,62630,62640,10
12.9487600327,80.2405776978,62640,62650,10
12.9491596222,80.2407608032,62650,62659,9
12.9495201111,80.2408905029,62659,62670,11
12.950220108,80.2411193848,62670,62681,11
12.9509096146,80.2413024902,62681,62691,10
12.9510202408,80.241317749,62691,62701,10
12.9511003494,80.2413482666,62701,62711,10
12.9514598846,80.2414779663,62711,62721,10
12.9516801834,80.2416000366,62721,62731,10
12.9522600174,80.2418212891,62731,62741,10
12.9531402588,80.242149353,62741,62751,10
12.9538402557,80.2424316406,62751,62761,10
12.9548797607,80.2428436279,62761,62772,11
12.9558000565,80.2431335449,62772,62782,10
12.9562702179,80.2433166504,62782,62812,30
12.9562702179,80.2433166504,62812,62822,10
12.9565000534,80.2434463501,62822,62832,10
12.9570903778,80.2437210083,62832,62842,10
12.9579296112,80.2440872192,62842,62852,10
12.958820343,80.244430542,62852,62883,31
12.958820343,80.244430542,62883,62893,10
12.9590396881,80.2445373535,62893,62903,10
12.9595298767,80.2447433472,62903,62913,10
12.9603300095,80.2451019287,62913,62923,10
12.9612903595,80.245552063,62923,62933,10
12.9621896744,80.2460021973,62933,62943,10
12.9629201889,80.2463607788,62943,62955,12
12.9631795883,80.2465591431,62955,62966,11
12.96352005,80.246711731,62966,62976,10
12.9640398026,80.2469329834,62976,62986,10
12.9645500183,80.2471008301,62986,62995,9
12.9653301239,80.2473526001,62995,63006,11
12.9666404724,80.2478485107,63006,63047,41
12.9666404724,80.2478485107,63047,63057,10
12.9669103622,80.2479934692,63057,63067,10
12.967300415,80.2481765747,63067,63077,10
12.9681797028,80.2485580444,63077,63087,10
12.9692401886,80.2489471436,63087,63097,10
12.9703302383,80.2493667603,63097,63107,10
12.9714298248,80.2497329712,63107,63117,10
12.9725198746,80.2499771118,63117,63127,10
12.9735498428,80.2502822876,63127,63138,11
12.9746999741,80.2506408691,63138,63148,10
12.9757299423,80.2509384155,63148,63158,10
12.9767599106,80.2512207031,63158,63168,10
12.9777002335,80.2516479492,63168,63178,10
12.9783296585,80.2521896362,63178,63188,10
12.9786701202,80.2523880005,63188,63198,10
12.978770256,80.252456665,63198,63208,10
12.9793100357,80.2526016235,63208,63218,10
12.9801301956,80.2526626587,63218,63229,11
12.9812698364,80.2526321411,63229,63239,10
12.9823598862,80.2526016235,63239,63249,10
12.9834403992,80.2524871826,63249,63259,10
12.984459877,80.2522277832,63259,63269,10
12.9854202271,80.2519683838,63269,63279,10
12.9859399796,80.2518005371,63279,63289,10
12.9861402512,80.2517318726,63289,63309,20
12.9861402512,80.2517318726,63309,63320,11
12.9863996506,80.2516937256,63320,63330,10
12.9868402481,80.2515792847,63330,63340,10
12.9873600006,80.2514190674,63340,63350,10
12.9877595901,80.2513198853,63350,63360,10
12.9884195328,80.2511367798,63360,63370,10
12.9891796112,80.2509307861,63370,63380,10
12.9892396927,80.2509078979,63380,63390,10
12.9896497726,80.2508468628,63390,63400,10
12.9904098511,80.2506713867,63400,63410,10
12.9914302826,80.2504196167,63410,63421,11
12.992650032,80.2501220703,63421,63431,10
12.9937801361,80.2498474121,63431,63441,10
12.9948797226,80.2495803833,63441,63451,10
12.9959402084,80.2492980957,63451,63461,10
12.9968099594,80.2490615845,63461,63471,10
12.9979295731,80.2487869263,63471,63481,10
12.9990501404,80.2485275269,63481,63491,10
13.0002002716,80.2482528687,63491,63501,10
13.0013999939,80.2479629517,63501,63512,11
13.0023803711,80.247718811,63512,63522,10
13.0032701492,80.2475509644,63522,63532,10
13.0043897629,80.2473983765,63532,63542,10
13.0055599213,80.2472000122,63542,63552,10
13.0063695908,80.2467575073,63552,63562,10
13.0064496994,80.2465362549,63562,63572,10
13.006529808,80.2463684082,63572,63582,10
13.0066003799,80.2457962036,63582,63592,10
13.0066204071,80.2449798584,63592,63603,11
13.0065803528,80.2440795898,63603,63613,10
13.0065498352,80.2432479858,63613,63623,10
13.006529808,80.242401123,63623,63633,10
13.0065498352,80.2414398193,63633,63643,10
13.0066404343,80.2406234741,63643,63653,10
13.0068101883,80.2399902344,63653,63663,10
13.0069503784,80.2390975952,63663,63673,10
13.0071401596,80.2382507324,63673,63683,10
13.0073404312,80.2374191284,63683,63694,11
13.0073900223,80.237159729,63694,63704,10
13.0074100494,80.2370681763,63704,63714,10
13.007519722,80.2365875244,63714,63724,10
13.0076704025,80.2358398438,63724,63734,10
13.0078601837,80.234992981,63734,63744,10
13.0080699921,80.2338562012,63744,63754,10
13.008310318,80.2325820923,63754,63764,10
13.0085601807,80.2312774658,63764,63774,10
13.0087995529,80.2300415039,63774,63785,11
13.009059906,80.2288208008,63785,63795,10
13.0093803406,80.2276916504,63795,63805,10
13.0098695755,80.2266311646,63805,63815,10
13.010310173,80.2257385254,63815,63825,10
13.0106296539,80.225151062,63825,63835,10
13.010720253,80.2249298096,63835,63845,10
13.0109596252,80.2243499756,63845,63855,10
13.0112600327,80.2236480713,63855,63865,10
13.011300087,80.2234268188,63865,63876,11
13.0113697052,80.2232208252,63876,63886,10
13.011639595,80.2226486206,63886,63896,10
13.011879921,80.2219467163,63896,63906,10
13.0122699738,80.2215805054,63906,63916,10
13.0125999451,80.2219924927,63916,63926,10
13.0131397247,80.2226028442,63926,63936,10
13.013759613,80.2233123779,63936,63946,10
13.0143203735,80.2239608765,63946,63956,10
13.0151596069,80.2247467041,63956,63977,21
13.0151596069,80.2247467041,63977,63987,10
13.0152397156,80.2248306274,63987,63997,10
13.0154399872,80.2249526978,63997,64007,10
13.0155601501,80.2250289917,64007,64017,10
13.0158100128,80.2252731323,64017,64027,10
13.0165100098,80.2253494263,64027,64037,10
13.0174303055,80.2250137329,64037,64047,10
13.0184297562,80.2246017456,64047,64058,11
13.019370079,80.2244033813,64058,64068,10
13.0200195313,80.2247390747,64068,64078,10
13.0206899643,80.2252197266,64078,64088,10
13.0211200714,80.2255630493,64088,64098,10
13.0216598511,80.2259597778,64098,64108,10
13.021900177,80.2261276245,64108,64118,10
13.0219097137,80.2261276245,64118,64128,10
13.0220899582,80.2262802124,64128,64138,10
13.0225801468,80.2267227173,64138,64149,11
13.023229599,80.2273178101,64149,64159,10
13.0237703323,80.2278137207,64159,64169,10
13.0242795944,80.2283172607,64169,64179,10
13.0244703293,80.2286071777,64179,64189,10
13.0246095657,80.2288284302,64189,64199,10
13.0246601105,80.2289199829,64199,64209,10
13.024939537,80.2293395996,64209,64219,10
13.0254096985,80.2299499512,64219,64229,10
13.0258798599,80.2306976318,64229,64239,10
13.0259895325,80.2310180664,64239,64250,11
13.0260095596,80.2312164307,64250,64260,10
13.0263004303,80.2313308716,64260,64270,10
13.0270204544,80.2311630249,64270,64280,10
13.0278596878,80.23097229,64280,64290,10
13.0283002853,80.2309188843,64290,64310,20
13.0283002853,80.2309188843,64310,64320,10
13.0285902023,80.2309188843,64320,64330,10
13.0290803909,80.2308731079,64330,64341,11
13.0291204453,80.2308578491,64341,64351,10
13.0293102264,80.2308578491,64351,64361,10
13.0293502808,80.2308502197,64361,64371,10
13.0295696259,80.2308273315,64371,64381,10
13.0300302505,80.2307891846,64381,64391,10
13.0306997299,80.2307281494,64391,64401,10
13.031370163,80.2306671143,64401,64411,10
13.0320396423,80.2306213379,64411,64421,10
13.0327796936,80.2305374146,64421,64442,21
13.0327796936,80.2305374146,64442,64452,10
13.0328903198,80.2305603027,64452,64462,10
13.0330400467,80.2305526733,64462,64472,10
13.0332098007,80.2305374146,64472,64482,10
13.0336503983,80.2304916382,64482,64573,91
13.0336503983,80.2304916382,64573,64583,10
13.0340299606,80.2304077148,64583,64614,31
13.0340299606,80.2304077148,64614,64624,10
13.0343904495,80.2303619385,64624,64654,30
13.0343904495,80.2303619385,64654,64664,10
13.0345602036,80.2303314209,64664,64674,10
13.0348501205,80.2302322388,64674,64684,10
13.0347499847,80.2300033569,64684,65190,506
13.0343799591,80.2299804688,65190,66282,1092
13.0341796875,80.2303085327,66282,66322,40
13.0341796875,80.2303085327,66322,66332,10
13.0339298248,80.2305221558,66332,66342,10
13.0335998535,80.2304916382,66342,66353,11
13.0329904556,80.2305297852,66353,66363,10
13.0322799683,80.2306213379,66363,66373,10
13.0314998627,80.2306900024,66373,66383,10
13.0310096741,80.2307281494,66383,66393,10
13.0306596756,80.2307662964,66393,66403,10
13.0301198959,80.2308120728,66403,66413,10
13.0296802521,80.2308807373,66413,66423,10
13.0290803909,80.2309112549,66423,66433,10
13.0283498764,80.2309799194,66433,66444,11
13.0277099609,80.2310791016,66444,66454,10
13.0277004242,80.2314987183,66454,66464,10
13.0277795792,80.2320327759,66464,66474,10
13.0278596878,80.2325363159,66474,66484,10
13.0276899338,80.2328567505,66484,66494,10
13.0272502899,80.2329177856,66494,66504,10
13.026889801,80.2329864502,66504,66514,10
13.0264396667,80.2329025269,66514,66524,10
13.0261697769,80.2321929932,66524,66535,11
13.0258598328,80.2311630249,66535,66545,10
13.0254001617,80.23021698,66545,66555,10
13.0249004364,80.2295532227,66555,66565,10
13.024479866,80.2290115356,66565,66575,10
13.0242004395,80.2285995483,66575,66585,10
13.023900032,80.228187561,66585,66595,10
13.0235004425,80.2278213501,66595,66605,10
13.0232696533,80.2275772095,66605,66615,10
13.0232000351,80.2275085449,66615,66626,11
13.0228700638,80.2271575928,66626,66636,10
13.0224304199,80.2267227173,66636,66646,10
13.0218496323,80.2262268066,66646,66656,10
13.0214195251,80.2259368896,66656,66666,10
13.0210199356,80.2256011963,66666,66676,10
13.0206403732,80.2253494263,66676,66686,10
13.0203800201,80.225189209,66686,66696,10
13.0200395584,80.2249679565,66696,66706,10
13.0196199417,80.2246932983,66706,66717,11
13.0187301636,80.2245864868,66717,66727,10
13.0177497864,80.2249832153,66727,66737,10
13.0168600082,80.2253494263,66737,66747,10
13.0163898468,80.2255325317,66747,66757,10
13.0159196854,80.225692749,66757,66767,10
13.0153303146,80.2258911133,66767,66777,10
13.0143899918,80.2262573242,66777,66797,20
13.0143899918,80.2262573242,66797,66808,11
13.0143299103,80.2262802124,66808,66818,10
13.013879776,80.2264633179,66818,66828,10
13.0131797791,80.2267074585,66828,66838,10
13.0123596191,80.2270431519,66838,66848,10
13.0114603043,80.2274017334,66848,66858,10
13.0105199814,80.2277832031,66858,66868,10
13.0096597672,80.2281265259,66868,66878,10
13.0091495514,80.2286987305,66878,66888,10
13.0090198517,80.2294616699,66888,66898,10
13.0089502335,80.2298736572,66898,66909,11
13.0088996887,80.2300796509,66909,66919,10
13.0088100433,80.2306365967,66919,66929,10
13.0086698532,80.2313995361,66929,66939,10
13.0085000992,80.2322998047,66939,66949,10
13.0083398819,80.2330780029,66949,66959,10
13.0082798004,80.2336120605,66959,66969,10
13.0082197189,80.2337799072,66969,66979,10
13.0081300735,80.2341766357,66979,66989,10
13.0080795288,80.2344207764,66989,67000,11
13.0080404282,80.2344970703,67000,67010,10
13.0079603195,80.2348937988,67010,67020,10
13.0078296661,80.2355422974,67020,67030,10
13.0076799393,80.236328125,67030,67040,10
13.0075397491,80.2370986938,67040,67050,10
13.0073795319,80.2377929688,67050,67060,10
13.0073003769,80.2383575439,67060,67070,10
13.0071897507,80.2389526367,67070,67080,10
13.0071001053,80.2394104004,67080,67101,21
13.0071001053,80.2394104004,67101,67111,10
13.0070800781,80.2395324707,67111,67121,10
13.0069999695,80.2398681641,67121,67131,10
13.0068702698,80.2405319214,67131,67141,10
13.0067796707,80.2412872314,67141,67151,10
13.0067396164,80.2422485352,67151,67161,10
13.0067100525,80.2432632446,67161,67171,10
13.0066995621,80.2441177368,67171,67182,11
13.0066900253,80.2451171875,67182,67192,10
13.0067100525,80.2459411621,67192,67202,10
13.0067300797,80.2465286255,67202,67212,10
13.0067396164,80.247253418,67212,67222,10
13.0061998367,80.2474975586,67222,67252,30
13.0061998367,80.2474975586,67252,67262,10
13.0059099197,80.247467041,67262,67273,11
13.0051202774,80.2474365234,67273,67283,10
13.004119873,80.2475204468,67283,67293,10
13.0029201508,80.2477035522,67293,67303,10
13.0016698837,80.2480010986,67303,67313,10
13.0003595352,80.2483291626,67313,67323,10
12.9990501404,80.2486572266,67323,67333,10
12.9980897903,80.2489471436,67333,67343,10
12.9979295731,80.2489776611,67343,67353,10
12.9974803925,80.2490692139,67353,67364,11
12.9965600967,80.2492828369,67364,67374,10
12.9954395294,80.2495574951,67374,67384,10
12.9941797256,80.2498779297,67384,67394,10
12.9929304123,80.2501907349,67394,67404,10
12.9917297363,80.25050354,67404,67414,10
12.9909801483,80.2507171631,67414,67424,10
12.9909200668,80.2507400513,67424,67434,10
12.990530014,80.2508163452,67434,67444,10
12.9897603989,80.2509994507,67444,67455,11
12.9887695313,80.2512435913,67455,67465,10
12.9881095886,80.2514266968,67465,67505,40
12.9881095886,80.2514266968,67505,67515,10
12.9879102707,80.2514724731,67515,67525,10
12.9874801636,80.2515716553,67525,67535,10
12.9868803024,80.251739502,67535,67546,11
12.9861602783,80.2519226074,67546,67556,10
12.9852695465,80.2521209717,67556,67566,10
12.9841899872,80.2524185181,67566,67576,10
12.983039856,80.2526779175,67576,67586,10
12.9819202423,80.2527389526,67586,67596,10
12.9808597565,80.2527770996,67596,67606,10
12.9800596237,80.2528991699,67606,67626,20
12.9800596237,80.2528991699,67626,67636,10
12.9796695709,80.2527770996,67636,67647,11
12.979060173,80.2526931763,67647,67657,10
12.9785604477,80.2526092529,67657,67667,10
12.9784803391,80.252571106,67667,67677,10
12.9782304764,80.2523880005,67677,67687,10
12.9776802063,80.2519073486,67687,67697,10
12.9769897461,80.2514266968,67697,67707,10
12.9760303497,80.2511367798,67707,67717,10
12.9750099182,80.2508621216,67717,67727,10
12.9740200043,80.250579834,67727,67738,11
12.9729700089,80.250289917,67738,67748,10
12.9719800949,80.2500305176,67748,67758,10
12.9709300995,80.2497406006,67758,67768,10
12.9699201584,80.2493972778,67768,67778,10
12.9689302444,80.2489929199,67778,67788,10
12.9680404663,80.2486724854,67788,67798,10
12.9671602249,80.2483215332,67798,67808,10
12.9664697647,80.2479782104,67808,67818,10
12.9657297134,80.2476806641,67818,67829,11
12.9650001526,80.2474212646,67829,67849,20
12.9650001526,80.2474212646,67849,67859,10
12.9648103714,80.2473526001,67859,67869,10
12.9642601013,80.2471389771,67869,67879,10
12.9635400772,80.2468566895,67879,67889,10
12.962679863,80.2464065552,67889,67899,10
12.9616498947,80.2459030151,67899,67909,10
12.960559845,80.2453765869,67909,67920,11
12.9596004486,80.2449798584,67920,67930,10
12.959400177,80.2448806763,67930,67940,10
12.95911026,80.2447280884,67940,67950,10
12.9584302902,80.2444229126,67950,67960,10
12.9576597214,80.2441101074,67960,67970,10
12.9568004608,80.2438201904,67970,67980,10
12.9563999176,80.2436828613,67980,67990,10
12.9561004639,80.243560791,67990,68000,10
12.9553899765,80.2431793213,68000,68011,11
12.954369545,80.2427520752,68011,68021,10
12.953499794,80.242401123,68021,68031,10
12.9525604248,80.2420272827,68031,68041,10
12.9517803192,80.2417678833,68041,68051,10
12.9516096115,80.2417068481,68051,68061,10
12.951379776,80.2416229248,68061,68071,10
12.9510202408,80.2414703369,68071,68081,10
12.9502801895,80.2412414551,68081,68091,10
12.9492998123,80.2409515381,68091,68102,11
12.948220253,80.2405166626,68102,68112,10
12.9473600388,80.2401733398,68112,68122,10
12.9470596313,80.2400588989,68122,68132,10
12.9469804764,80.2400283813,68132,68142,10
12.9464998245,80.2398223877,68142,68152,10
12.9457397461,80.2394866943,68152,68162,10
12.9449195862,80.2388763428,68162,68172,10
12.9441204071,80.2379989624,68172,68182,10
12.9432601929,80.2370986938,68182,68193,11
12.9419498444,80.2364196777,68193,68203,10
12.9407997131,80.2361297607,68203,68213,10
12.9397001266,80.2358398438,68213,68233,20
12.9397001266,80.2358398438,68233,68243,10
12.939330101,80.2356491089,68243,68253,10
12.9385995865,80.2352828979,68253,68263,10
12.9377698898,80.2348632813,68263,68273,10
12.9366703033,80.2343292236,68273,68284,11
12.9358901978,80.2339706421,68284,68294,10
12.9358100891,80.2339401245,68294,68304,10
12.9355602264,80.2338027954,68304,68314,10
12.934969902,80.2335281372,68314,68324,10
12.9342699051,80.2332229614,68324,68334,10
12.933839798,80.2330169678,68334,68344,10
12.9338302612,80.2330169678,68344,68354,10
12.9337301254,80.2329788208,68354,68364,10
12.9332799911,80.2327575684,68364,68375,11
12.9324102402,80.232421875,68375,68385,10
12.9314002991,80.232093811,68385,68395,10
12.9303398132,80.2317581177,68395,68405,10
12.9293603897,80.2315216064,68405,68415,10
12.9284000397,80.231338501,68415,68425,10
12.927280426,80.2311782837,68425,68435,10
12.9262599945,80.2310791016,68435,68445,10
12.9252996445,80.2309570313,68445,68455,10
12.9244003296,80.2308502197,68455,68466,11
12.9231901169,80.2306976318,68466,68476,10
12.9219503403,80.230506897,68476,68486,10
12.9207201004,80.2303390503,68486,68496,10
12.9194803238,80.2301864624,68496,68506,10
12.9185400009,80.2300567627,68506,68516,10
12.9174404144,80.229927063,68516,68526,10
12.9162302017,80.2297592163,68526,68536,10
12.9150896072,80.2295913696,68536,68546,10
12.9140396118,80.2294311523,68546,68556,10
12.9132900238,80.2293701172,68556,68567,11
12.913189888,80.229347229,68567,68577,10
12.9128799438,80.2292709351,68577,68587,10
12.9122800827,80.2292098999,68587,68597,10
12.911359787,80.229057312,68597,68607,10
12.9103097916,80.2289199829,68607,68617,10
12.9091701508,80.228729248,68617,68627,10
12.9080600739,80.228553772,68627,68637,10
12.9071502686,80.2284393311,68637,68658,21
12.9071502686,80.2284393311,68658,68668,10
12.9069700241,80.2284088135,68668,68678,10
12.9064502716,80.2283401489,68678,68688,10
12.9056396484,80.2282485962,68688,68698,10
12.904709816,80.2282409668,68698,68708,10
12.9037303925,80.228187561,68708,68718,10
12.9026899338,80.2281417847,68718,68728,10
12.9017095566,80.2281036377,68728,68738,10
12.9011497498,80.2280807495,68738,68860,122
12.9011497498,80.2280807495,68860,68870,10
12.9009199142,80.2280502319,68870,68880,10
12.900560379,80.228012085,68880,68890,10
12.9001903534,80.2279968262,68890,68900,10
12.8996896744,80.2279891968,68900,68910,10
12.899310112,80.2279586792,68910,68920,10
12.8991003036,80.2279586792,68920,68931,11
12.8989801407,80.2279510498,68931,68941,10
12.8984699249,80.227897644,68941,68951,10
12.8977003098,80.2278594971,68951,68961,10
12.8967399597,80.2278137207,68961,68971,10
12.8957195282,80.2277603149,68971,68981,10
12.8947200775,80.227722168,68981,68991,10
12.8936300278,80.2276611328,68991,69001,10
12.8930597305,80.2276000977,69001,69011,10
12.8930397034,80.2276000977,69011,69022,11
12.8928604126,80.2275695801,69022,69032,10
12.8926696777,80.2275466919,69032,69042,10
12.8923797607,80.2275238037,69042,69052,10
12.8917198181,80.2274780273,69052,69062,10
12.8907203674,80.2274703979,69062,69072,10
12.8895397186,80.2274627686,69072,69082,10
12.8883800507,80.2274398804,69082,69092,10
12.887339592,80.2273178101,69092,69102,10
12.8862400055,80.2270736694,69102,69113,11
12.8847999573,80.2268066406,69113,69133,20
12.8847999573,80.2268066406,69133,69143,10
12.8844003677,80.2267837524,69143,69153,10
12.8836202621,80.2267684937,69153,69163,10
12.8825302124,80.2267837524,69163,69173,10
12.8812904358,80.2267913818,69173,69183,10
12.8800001144,80.2268066406,69183,69193,10
12.8786497116,80.2268600464,69193,69204,11
12.8771800995,80.2269668579,69204,69214,10
12.8763504028,80.2270507813,69214,69234,20
12.8763504028,80.2270507813,69234,69244,10
12.8759298325,80.2270584106,69244,69254,10
12.8751401901,80.2269973755,69254,69264,10
12.8740797043,80.2268676758,69264,69274,10
12.8730096817,80.2267913818,69274,69284,10
12.8726997375,80.2267837524,69284,69294,10
12.8726501465,80.2267837524,69294,69305,11
12.8721599579,80.2267684937,69305,69315,10
12.8712997437,80.2267303467,69315,69325,10
12.8702402115,80.2266387939,69325,69335,10
12.8690700531,80.2265090942,69335,69345,10
12.8680496216,80.2264633179,69345,69355,10
12.8666200638,80.2265930176,69355,69364,9
12.8652801514,80.2266616821,69364,69375,11
12.8640203476,80.2266311646,69375,69385,10
12.8612298965,80.2266769409,69385,69396,11
12.8612298965,80.2266769409,69396,69406,10
12.8611001968,80.2266693115,69406,69416,10
12.8606004715,80.2266311646,69416,69426,10
12.8598203659,80.2265167236,69426,69436,10
12.8589601517,80.2264099121,69436,69446,10
12.8583498001,80.2263565063,69446,69457,11
12.8573799133,80.2263565063,69457,69468,11
12.8561401367,80.2264785767,69468,69478,10
12.8548498154,80.2266311646,69478,69489,11
12.8533201218,80.2267837524,69489,69499,10
12.8519697189,80.2267608643,69499,69509,10
12.8509502411,80.2267227173,69509,69519,10
12.8503799438,80.2266998291,69519,69529,10
12.8501796722,80.2266693115,69529,69539,10
12.849439621,80.2266387939,69539,69549,10
12.8483495712,80.2266464233,69549,69559,10
12.8471002579,80.2266921997,69559,69569,10
12.845870018,80.2266998291,69569,69580,11
12.8453197479,80.2266998291,69580,69590,10
12.8452997208,80.2266921997,69590,69600,10
12.8451900482,80.2266693115,69600,69610,10
12.8447303772,80.2266998291,69610,69620,10
12.8438901901,80.2267837524,69620,69630,10
12.8428096771,80.2269668579,69630,69640,10
12.8416404724,80.2272186279,69640,69650,10
12.8405399323,80.2275009155,69650,69660,10
12.8399200439,80.2276535034,69660,69671,11
12.8396196365,80.2277069092,69671,69681,10
12.839509964,80.2277526855,69681,69691,10
12.8390197754,80.227897644,69691,69701,10
12.838259697,80.2281036377,69701,69711,10
12.8371601105,80.2283172607,69711,69721,10
12.8359203339,80.2285079956,69721,69731,10
12.8346595764,80.2287216187,69731,69741,10
12.8334197998,80.2289505005,69741,69751,10
12.8324699402,80.229133606,69751,69762,11
12.8322200775,80.2291793823,69762,69772,10
12.8320302963,80.2292022705,69772,69782,10
12.8314800262,80.2293167114,69782,69792,10
12.830739975,80.2295379639,69792,69802,10
12.8297700882,80.2298965454,69802,69812,10
12.8288297653,80.2303009033,69812,69822,10
12.8276700974,80.2309494019,69822,69832,10
12.82654953,80.2313690186,69832,69842,10
12.8254203796,80.2314682007,69842,69853,11
12.8240699768,80.2313079834,69853,69863,10
12.8229598999,80.2309570313,69863,69873,10
12.821849823,80.2306289673,69873,69883,10
12.820690155,80.2305221558,69883,69893,10
12.819609642,80.2305526733,69893,69903,10
12.8187198639,80.2304992676,69903,69913,10
12.8180599213,80.230178833,69913,69923,10
12.8173398972,80.229850769,69923,69933,10
12.8162899017,80.2295379639,69933,69944,11
12.8149995804,80.2293395996,69944,69954,10
12.8138904572,80.229133606,69954,69964,10
12.8128404617,80.2288131714,69964,69974,10
12.8117799759,80.2284164429,69974,69984,10
12.8106899261,80.2280197144,69984,69994,10
12.8097496033,80.2276229858,69994,70004,10
12.8088598251,80.2271194458,70004,70014,10
12.8080596924,80.2264633179,70014,70024,10
12.8073196411,80.2258605957,70024,70035,11
12.8065900803,80.2251968384,70035,70045,10
12.8060598373,80.2247085571,70045,70055,10
12.8055400848,80.2242965698,70055,70065,10
12.8050699234,80.2241210938,70065,70075,10
12.8049402237,80.2240905762,70075,70085,10
12.8044395447,80.223991394,70085,70095,10
12.803899765,80.2239608765,70095,70105,10
12.80327034,80.2238998413,70105,70115,10
12.8024301529,80.2237930298,70115,70126,11
12.8013095856,80.2236709595,70126,70136,10
12.8002300262,80.2235717773,70136,70146,10
12.7990598679,80.2235031128,70146,70156,10
12.7978801727,80.2233276367,70156,70166,10
12.7967996597,80.2231674194,70166,70176,10
12.796090126,80.2230377197,70176,70186,10
12.7958402634,80.2229995728,70186,70196,10
12.7952098846,80.2228775024,70196,70206,10
12.7941799164,80.2227020264,70206,70216,10
12.7930202484,80.2225265503,70216,70227,11
12.7917699814,80.2222824097,70227,70237,10
12.7907104492,80.2220230103,70237,70247,10
12.7898101807,80.221786499,70247,70257,10
12.7890396118,80.2215118408,70257,70267,10
12.7882604599,80.221206665,70267,70277,10
12.787560463,80.2209472656,70277,70307,30
12.787560463,80.2209472656,70307,70318,11
12.7874698639,80.2208786011,70318,70328,10
12.7871704102,80.2207717896,70328,70338,10
12.7867803574,80.2206420898,70338,70368,30
12.7867803574,80.2206420898,70368,70378,10
12.7865400314,80.2205581665,70378,70510,132
12.7865400314,80.2205581665,70510,70520,10
12.7862997055,80.220451355,70520,70530,10
12.7861700058,80.220413208,70530,70540,10
12.7858600616,80.2202835083,70540,70550,10
12.7854499817,80.2200775146,70550,70560,10
12.7850503922,80.2198791504,70560,70570,10
12.7846097946,80.2196731567,70570,70580,10
12.7845497131,80.2196426392,70580,70591,11
12.7840795517,80.2193527222,70591,70601,10
12.7833595276,80.2189483643,70601,70611,10
12.7825202942,80.2184829712,70611,70621,10
12.7816200256,80.2179794312,70621,70631,10
12.7806596756,80.2174530029,70631,70641,10
12.7796602249,80.2169113159,70641,70651,10
12.7786197662,80.2163619995,70651,70661,10
12.7775001526,80.2158508301,70661,70671,10
12.7763900757,80.2153778076,70671,70682,11
12.7750597,80.21484375,70682,70692,10
12.7738103867,80.2143478394,70692,70702,10
12.7726297379,80.2138824463,70702,70712,10
12.7715597153,80.2134933472,70712,70722,10
12.7707004547,80.2131729126,70722,70732,10
12.7707796097,80.212890625,70732,70742,10
12.7708597183,80.2127304077,70742,70752,10
12.7709703445,80.2121200562,70752,70762,10
12.7712802887,80.2112884521,70762,70773,11
12.7718200684,80.2102432251,70773,70783,10
12.7722101212,80.2092971802,70783,70793,10
12.7725000381,80.2082824707,70793,70803,10
12.7727203369,80.2075195313,70803,70813,10
12.7729301453,80.2066574097,70813,70823,10
12.7730998993,80.2061691284,70823,70833,10
12.7732200623,80.2055587769,70833,70843,10
12.7733001709,80.2053222656,70843,70853,10
12.7733402252,80.205039978,70853,70864,11
12.773440361,80.204208374,70864,70874,10
12.7735204697,80.2034988403,70874,70884,10
12.7736902237,80.2028503418,70884,70894,10
12.7737903595,80.2019271851,70894,70904,10
12.7738399506,80.2011413574,70904,70914,10
12.7739095688,80.200340271,70914,70924,10
12.7740001678,80.1993408203,70924,70934,10
12.7740802765,80.1984405518,70934,70944,10
12.7741003036,80.1977005005,70944,70954,10
12.7741498947,80.1969680786,70954,70965,11
12.7741498947,80.1967315674,70965,70975,10
12.7741699219,80.1961135864,70975,70985,10
12.7742500305,80.1952514648,70985,70995,10
12.7744598389,80.1942977905,70995,71005,10
12.7746200562,80.1936416626,71005,71015,10
12.7747602463,80.1932296753,71015,71025,10
12.7752399445,80.1925811768,71025,71035,10
12.7752504349,80.1919021606,71035,71045,10
12.7750902176,80.1911621094,71045,71056,11
12.7745504379,80.1903762817,71056,71066,10
12.7738399506,80.1896362305,71066,71076,10
12.7728204727,80.1892929077,71076,71086,10
12.7719097137,80.1889572144,71086,71096,10
12.7710895538,80.188583374,71096,71106,10
12.7709503174,80.1878433228,71106,71116,10
12.7708702087,80.1871566772,71116,71126,10
12.7707195282,80.1858291626,71126,71137,11
12.7707195282,80.1858291626,71137,71148,11
12.7706804276,80.1849822998,71148,71158,10
12.7703695297,80.1846389771,71158,71168,10
12.7699604034,80.1845397949,71168,71178,10
12.7694396973,80.1843566895,71178,71188,10
12.7690200806,80.184173584,71188,71198,10
12.7687997818,80.1840133667,71198,71208,10
12.7685403824,80.1837615967,71208,71218,10
12.7682800293,80.1835327148,71218,71228,10
12.7678403854,80.1833572388,71228,71239,11
12.7673501968,80.1831970215,71239,71249,10
12.7669696808,80.1830368042,71249,71259,10
12.7665596008,80.1828384399,71259,71269,10
12.7660503387,80.1827163696,71269,71279,10
12.7656402588,80.1826629639,71279,71287,8
12.765250206,80.1826095581,71287,71299,12
12.7647199631,80.1825485229,71299,71309,10
12.7641496658,80.1824798584,71309,71318,9
12.7637195587,80.1824035645,71318,71330,12
12.7634000778,80.182762146,71330,71340,10
12.7632303238,80.1832580566,71340,71350,10
12.7630996704,80.1836624146,71350,71360,10
12.7630796432,80.1837081909,71360,71370,10
12.7630300522,80.183883667,71370,71380,10
12.7629699707,80.1841125488,71380,71390,10
12.7629804611,80.1842880249,71390,71400,10
12.7630195618,80.1845169067,71400,71410,10
12.7629995346,80.184753418,71410,71421,11
12.7629404068,80.1850204468,71421,71431,10
12.7626800537,80.1850585938,71431,71441,10
12.7623701096,80.1849975586,71441,71451,10
12.7619800568,80.1849975586,71451,71461,10
12.7615203857,80.184753418,71461,73514,2053
12.7615203857,80.184753418,73514,73524,10
12.7616195679,80.1849822998,73524,73534,10
12.7618904114,80.1849899292,73534,73544,10
12.7621803284,80.1849975586,73544,73554,10
12.7624597549,80.1849975586,73554,73565,11
12.7627696991,80.185043335,73565,73575,10
12.7629404068,80.1848602295,73575,73585,10
12.7629804611,80.1846084595,73585,73595,10
12.7629699707,80.1843414307,73595,73605,10
12.7629404068,80.1841201782,73605,73615,10
12.7629804611,80.183921814,73615,73625,10
12.7630701065,80.1836776733,73625,73635,10
12.7631797791,80.1833496094,73635,73645,10
12.763299942,80.1829681396,73645,73656,11
12.763420105,80.1825180054,73656,73666,10
12.7636804581,80.1823730469,73666,73676,10
12.7640600204,80.1824493408,73676,73686,10
12.7643899918,80.1825027466,73686,73696,10
12.7646303177,80.1825180054,73696,73706,10
12.7653102875,80.1826171875,73706,73716,10
12.7657899857,80.1826705933,73716,73726,10
12.7660503387,80.1827011108,73726,73736,10
12.766409874,80.1827774048,73736,73747,11
12.7668800354,80.1829833984,73747,73757,10
12.7672901154,80.1831665039,73757,73767,10
12.7677097321,80.1833190918,73767,73777,10
12.7681703568,80.1834869385,73777,73787,10
12.7684898376,80.1836776733,73787,73797,10
12.7688999176,80.18409729,73797,73827,30
12.7688999176,80.18409729,73827,73838,11
12.7691802979,80.1842803955,73838,73848,10
12.7694501877,80.1843795776,73848,73858,10
12.7700500488,80.1846008301,73858,73868,10
12.7700500488,80.1846008301,73868,73878,10
12.7703504562,80.184677124,73878,73888,10
12.7706203461,80.184753418,73888,73898,10
12.7706804276,80.1848983765,73898,73908,10
12.7707395554,80.185256958,73908,73918,10
12.7707395554,80.185760498,73918,73929,11
12.7707595825,80.1862716675,73929,73939,10
12.7708301544,80.1866989136,73939,73949,10
12.7708997726,80.1872329712,73949,73959,10
12.7709598541,80.1877975464,73959,73969,10
12.7710599899,80.1884384155,73969,73979,10
12.7714595795,80.1887893677,73979,73989,10
12.7720003128,80.1890182495,73989,73999,10
12.7726602554,80.189239502,73999,74009,10
12.7733697891,80.1895599365,74009,74020,11
12.7741203308,80.1899490356,74020,74030,10
12.774600029,80.1904602051,74030,74040,10
12.7750797272,80.1911087036,74040,74050,10
12.7752599716,80.1918563843,74050,74060,10
12.7753295898,80.1922912598,74060,74070,10
12.7752199173,80.1926727295,74070,74080,10
12.7748098373,80.1932220459,74080,74090,10
12.7746400833,80.1936721802,74090,74100,10
12.7744998932,80.1941680908,74100,74111,11
12.774430275,80.1945571899,74111,74121,10
12.7742900848,80.1951828003,74121,74131,10
12.7742004395,80.1958770752,74131,74141,10
12.7741699219,80.1966171265,74141,74151,10
12.7741298676,80.1973495483,74151,74161,10
12.7741203308,80.1981201172,74161,74171,10
12.7740602493,80.1988220215,74171,74181,10
12.7739696503,80.199836731,74181,74191,10
12.7738800049,80.2008132935,74191,74202,11
12.7738103867,80.201713562,74202,74212,10
12.7737503052,80.2025680542,74212,74222,10
12.7735795975,80.20337677,74222,74232,10
12.7734498978,80.2042694092,74232,74242,10
12.773349762,80.2050018311,74242,74252,10
12.7733001709,80.2053833008,74252,74262,10
12.7732496262,80.2055664063,74262,74272,10
12.7731304169,80.2060928345,74272,74282,10
12.7729301453,80.206703186,74282,74293,11
12.7727403641,80.2074584961,74293,74303,10
12.7725296021,80.2081604004,74303,74313,10
12.7723398209,80.2089004517,74313,74323,10
12.7720899582,80.2096710205,74323,74333,10
12.7716903687,80.2104873657,74333,74343,10
12.7713003159,80.2112503052,74343,74353,10
12.7709999084,80.2119979858,74353,74363,10
12.7708597183,80.2127609253,74363,74374,11
12.7708702087,80.2132415771,74374,74384,10
12.7712402344,80.2133178711,74384,74394,10
12.7713003159,80.2133407593,74394,74404,10
12.7713499069,80.2133636475,74404,74414,10
12.7716398239,80.2134475708,74414,74424,10
12.7722101212,80.2136764526,74424,74434,10
12.7725200653,80.2137680054,74434,74444,10
12.7727804184,80.2138519287,74444,74454,10
12.7733802795,80.2140884399,74454,74465,11
12.7742300034,80.2144317627,74465,74475,10
12.7750501633,80.2147598267,74475,74485,10
12.7758798599,80.2151412964,74485,74495,10
12.776599884,80.2154388428,74495,74505,10
12.7775096893,80.2158126831,74505,74515,10
12.7785797119,80.2163009644,74515,74525,10
12.7792100906,80.2166290283,74525,74535,10
12.7802200317,80.2171783447,74535,74545,10
12.7811603546,80.2176818848,74545,74556,11
12.7821598053,80.2182388306,74556,74566,10
12.783249855,80.2188262939,74566,74576,10
12.7841396332,80.2193374634,74576,74586,10
12.7848997116,80.2197570801,74586,74596,10
12.7856197357,80.2201309204,74596,74606,10
12.7863798141,80.2204437256,74606,74636,30
12.7863798141,80.2204437256,74636,74647,11
12.7865200043,80.2204971313,74647,74657,10
12.7869195938,80.2206726074,74657,74667,10
12.7874898911,80.2208709717,74667,74677,10
12.7880601883,80.2210769653,74677,74687,10
12.7887601852,80.2213516235,74687,74697,10
12.7894697189,80.2216186523,74697,74707,10
12.7901697159,80.2218322754,74707,74717,10
12.7910003662,80.222038269,74717,74727,10
12.7918701172,80.2222671509,74727,74738,11
12.7928695679,80.2224578857,74738,74748,10
12.7938699722,80.2225799561,74748,74758,10
12.7948999405,80.2227401733,74758,74768,10
12.7957601547,80.2228775024,74768,74778,10
12.7962999344,80.2229614258,74778,74788,10
12.7965202332,80.2230072021,74788,74798,10
12.7971897125,80.22315979,74798,74808,10
12.7981700897,80.2232971191,74808,74818,10
12.7992401123,80.2234191895,74818,74829,11
12.800450325,80.2235031128,74829,74839,10
12.8012104034,80.2235717773,74839,74849,10
12.8013496399,80.2235870361,74849,74859,10
12.8018198013,80.2236633301,74859,74869,10
12.8025798798,80.2237625122,74869,74879,10
12.8033704758,80.2238616943,74879,74889,10
12.8040599823,80.2239227295,74889,74899,10
12.8045902252,80.2239532471,74899,74909,10
12.8052196503,80.224067688,74909,74919,10
12.8055295944,80.2241821289,74919,74930,11
12.8057804108,80.2243728638,74930,74940,10
12.8063697815,80.2248764038,74940,74950,10
12.8069400787,80.2253875732,74950,74960,10
12.8079004288,80.2262191772,74960,74970,10
12.808719635,80.2269134521,74970,74980,10
12.809630394,80.2275314331,74980,74990,10
12.8106203079,80.2279586792,74990,75000,10
12.8116197586,80.2283477783,75000,75010,10
12.8127298355,80.2287368774,75010,75021,11
12.8141002655,80.2291717529,75021,75031,10
12.815369606,80.2293930054,75031,75041,10
12.8166599274,80.2295837402,75041,75051,10
12.8178100586,80.2300033569,75051,75061,10
12.8187503815,80.230430603,75061,75071,10
12.8195495605,80.2304916382,75071,75081,10
12.8197498322,80.2304763794,75081,75091,10
12.820019722,80.2304763794,75091,75101,10
12.8207702637,80.2304534912,75101,75112,11
12.8218297958,80.2305526733,75112,75122,10
12.8227596283,80.2308273315,75122,75132,10
12.8236703873,80.231086731,75132,75142,10
12.8246898651,80.2313308716,75142,75152,10
12.825750351,80.2313766479,75152,75162,10
12.8268299103,80.2312774658,75162,75172,10
12.8277597427,80.2308807373,75172,75182,10
12.8286895752,80.2303619385,75182,75192,10
12.8296298981,80.2299499512,75192,75203,11
12.8305997849,80.2295608521,75203,75213,10
12.8310604095,80.2293701172,75213,75223,10
12.8311195374,80.2293624878,75223,75233,10
12.8314504623,80.2292480469,75233,75243,10
12.8316001892,80.2292175293,75243,75253,10
12.832159996,80.2291030884,75253,75263,10
12.8330602646,80.2289581299,75263,75273,10
12.8341999054,80.2287521362,75273,75283,10
12.8354701996,80.2285385132,75283,75294,11
12.8369998932,80.2282867432,75294,75304,10
12.838350296,80.2280426025,75304,75314,10
12.8392295837,80.2278213501,75314,75324,10
12.8396396637,80.2277069092,75324,75334,10
12.8402500153,80.2275390625,75334,75344,10
12.8411903381,80.2273025513,75344,75354,10
12.8423500061,80.2270431519,75354,75364,10
12.8435096741,80.2267837524,75364,75374,10
12.8454399109,80.2265777588,75374,75395,21
12.8454399109,80.2265777588,75395,75405,10
12.8456401825,80.2265777588,75405,75415,10
12.8462495804,80.2265777588,75415,75425,10
12.8471899033,80.2265625,75425,75435,10
12.8482704163,80.2265625,75435,75445,10
12.8493995667,80.2265396118,75445,75455,10
12.850110054,80.2265396118,75455,75465,10
12.8501195908,80.2265625,75465,75476,11
12.8507299423,80.2265777588,75476,75486,10
12.8516397476,80.2266311646,75486,75496,10
12.8527402878,80.2266693115,75496,75506,10
12.8538398743,80.2266235352,75506,75516,10
12.8549604416,80.2265014648,75516,75526,10
12.8561201096,80.2263870239,75526,75536,10
12.8572902679,80.2262573242,75536,75546,10
12.8584604263,80.2262496948,75546,75556,10
12.8596000671,80.2263717651,75556,75566,10
12.860619545,80.2265167236,75566,75577,11
12.8608398438,80.2265472412,75577,75587,10
12.8610200882,80.2265701294,75587,75597,10
12.8616504669,80.2265396118,75597,75607,10
12.8626499176,80.2265014648,75607,75617,10
12.8637304306,80.2265090942,75617,75627,10
12.8648796082,80.2265472412,75627,75637,10
12.8661003113,80.2265472412,75637,75647,10
12.8672800064,80.2264404297,75647,75657,10
12.8683700562,80.226348877,75657,75668,11
12.8697004318,80.2265014648,75668,75678,10
12.870880127,80.2266082764,75678,75688,10
12.8719701767,80.2266769409,75688,75698,10
12.8728303909,80.2266616821,75698,75708,10
12.873169899,80.2266693115,75708,75718,10
12.8738803864,80.2267227173,75718,75728,10
12.8747797012,80.2268371582,75728,75738,10
12.87596035,80.2269515991,75738,75748,10
12.876540184,80.2269287109,75748,75759,11
12.8768396378,80.2269134521,75759,75769,10
12.8774795532,80.226852417,75769,75779,10
12.8784198761,80.2267837524,75779,75789,10
12.8794898987,80.2267303467,75789,75799,10
12.8805999756,80.2267227173,75799,75809,10
12.8817396164,80.2267074585,75809,75819,10
12.8829097748,80.2266998291,75819,75829,10
12.8840799332,80.2266921997,75829,75839,10
12.8851499557,80.2266998291,75839,75860,21
12.8851499557,80.2266998291,75860,75870,10
12.8855895996,80.2268295288,75870,75880,10
12.886469841,80.2270584106,75880,75890,10
12.8876104355,80.2272796631,75890,75900,10
12.8888301849,80.2273788452,75900,75910,10
12.8901395798,80.2273788452,75910,75920,10
12.891500473,80.2273712158,75920,75930,10
12.8925199509,80.2273864746,75930,75941,11
12.8937397003,80.2275466919,75941,75951,10
12.894949913,80.2276382446,75951,75961,10
12.8961801529,80.2276916504,75961,75971,10
12.8973903656,80.2277374268,75971,75981,10
12.8984899521,80.2277984619,75981,75991,10
12.8994503021,80.2278594971,75991,76001,10
12.900270462,80.2278671265,76001,76021,20
12.900270462,80.2278671265,76021,76032,11
12.9004402161,80.227897644,76032,76042,10
12.9007101059,80.227897644,76042,76052,10
12.9010400772,80.2279434204,76052,76062,10
12.9013996124,80.2279815674,76062,76072,10
12.9019804001,80.2279815674,76072,76082,10
12.9022397995,80.228012085,76082,76092,10
12.9026498795,80.2280273438,76092,76102,10
12.9032802582,80.2280731201,76102,76112,10
12.9041004181,80.2281036377,76112,76123,11
12.9050102234,80.2281723022,76123,76133,10
12.9059495926,80.2282028198,76133,76143,10
12.9066295624,80.2282409668,76143,76153,10
12.9069795609,80.2282562256,76153,76163,10
12.9072799683,80.2282791138,76163,76173,10
12.907959938,80.2284011841,76173,76183,10
12.9088897705,80.2285614014,76183,76193,10
12.9097995758,80.2287216187,76193,76203,10
12.9108600616,80.2288818359,76203,76214,11
12.9120397568,80.2290496826,76214,76224,10
12.9130001068,80.2291870117,76224,76234,10
12.9138803482,80.2292861938,76234,76244,10
12.9140701294,80.2293395996,76244,76254,10
12.9144601822,80.2293930054,76254,76264,10
12.9151697159,80.2294921875,76264,76274,10
12.9161300659,80.2296676636,76274,76284,10
12.9171895981,80.2298202515,76284,76294,10
12.9183998108,80.2299804688,76294,76305,11
12.919549942,80.230140686,76305,76315,10
12.9207201004,80.2302932739,76315,76325,10
12.9219999313,80.2304534912,76325,76335,10
12.9232997894,80.2306289673,76335,76345,10
12.9246301651,80.2308120728,76345,76355,10
12.9257602692,80.2309265137,76355,76365,10
12.9264202118,80.2310180664,76365,76375,10
12.9265003204,80.2310180664,76375,76385,10
12.9269399643,80.2310562134,76385,76395,10
12.9278097153,80.2311706543,76395,76406,11
12.9289102554,80.2313537598,76406,76416,10
12.9295101166,80.2314605713,76416,76426,10
12.930270195,80.231628418,76426,76436,10
12.9312801361,80.2319412231,76436,76446,10
12.9324398041,80.2323303223,76446,76456,10
12.9334096909,80.2326965332,76456,76466,10
12.9336204529,80.2328109741,76466,76476,10
12.9337997437,80.2328796387,76476,76486,10
12.9343500137,80.2331390381,76486,76497,11
12.9350204468,80.2334289551,76497,76507,10
12.935669899,80.2337188721,76507,76517,10
12.9359903336,80.23387146,76517,76527,10
12.9365797043,80.2341690063,76527,76537,10
12.9373502731,80.2345428467,76537,76547,10
12.9381999969,80.2349624634,76547,76557,10
12.9390201569,80.2353591919,76557,76567,10
12.9396095276,80.2356491089,76567,76577,10
12.9396295547,80.2356567383,76577,76588,11
12.9399003983,80.2357788086,76588,76598,10
12.9406003952,80.2360305786,76598,76608,10
12.9414997101,80.2362670898,76608,76618,10
12.9425096512,80.2365722656,76618,76628,10
12.9434299469,80.2372283936,76628,76638,10
12.944029808,80.2378692627,76638,76648,10
12.944849968,80.2387924194,76648,76658,10
12.946149826,80.2395935059,76658,76668,10
12.9470100403,80.2399291992,76668,76679,11
12.9471902847,80.2400131226,76679,76689,10
12.9473495483,80.2400665283,76689,76699,10
12.9478998184,80.2403106689,76699,76709,10
12.9484796524,80.2405319214,76709,76719,10
12.9487895966,80.2406616211,76719,76729,10
12.9493198395,80.2408828735,76729,76739,10
12.9501399994,80.2411422729,76739,76749,10
12.9509000778,80.2413711548,76749,76759,10
12.9510602951,80.2414169312,76759,76770,11
12.9513597488,80.2415390015,76770,76780,10
12.9519996643,80.2417678833,76780,76790,10
12.9528903961,80.2421188354,76790,76800,10
12.9536600113,80.2424087524,76800,76810,10
12.9543104172,80.2426834106,76810,76820,10
12.9550504684,80.2429733276,76820,76830,10
12.9558601379,80.2432479858,76830,76840,10
12.9563398361,80.2434310913,76840,76881,41
12.9563398361,80.2434310913,76881,76891,10
12.9565401077,80.2434616089,76891,76901,10
12.9571399689,80.2437515259,76901,76911,10
12.9579801559,80.2441329956,76911,76921,10
12.9587402344,80.244430542,76921,76931,10
12.9590797424,80.2445983887,76931,76941,10
12.9591398239,80.2446365356,76941,76952,11
12.9596204758,80.2448806763,76952,76962,10
12.9603796005,80.2452316284,76962,76972,10
12.9613800049,80.2456970215,76972,76982,10
12.9624204636,80.2462234497,76982,76992,10
12.9630498886,80.2465286255,76992,77002,10
12.9634504318,80.2467193604,77002,77012,10
12.9640398026,80.2469711304,77012,77022,10
12.9649000168,80.2472763062,77022,77032,10
12.965880394,80.2476196289,77032,77043,11
12.9664096832,80.247833252,77043,77053,10
12.966460228,80.2478637695,77053,77063,10
12.9666004181,80.2479171753,77063,77073,10
12.9668197632,80.248046875,77073,77083,10
12.9672403336,80.2482528687,77083,77093,10
12.9681100845,80.2486190796,77093,77103,10
12.9691400528,80.2490234375,77103,77112,9
12.9701404572,80.249420166,77112,77123,11
12.9713602066,80.2498321533,77123,77134,11
12.9725704193,80.2501373291,77134,77144,10
12.9736700058,80.2504425049,77144,77154,10
12.9747695923,80.2507476807,77154,77164,10
12.9759397507,80.2510528564,77164,77174,10
12.9770803452,80.2514038086,77174,77184,10
12.9778795242,80.251953125,77184,77194,10
12.9783802032,80.2523269653,77194,77204,10
12.9784603119,80.2523727417,77204,77214,10
12.9789199829,80.2525634766,77214,77224,10
12.9797201157,80.2526397705,77224,77265,41
12.9797201157,80.2526397705,77265,77275,10
12.9801197052,80.2526626587,77275,77285,10
12.9807901382,80.2526473999,77285,77295,10
12.9817199707,80.2526168823,77295,77305,10
12.9828395844,80.252571106,77305,77315,10
12.9839496613,80.2523574829,77315,77326,11
12.9851303101,80.2520294189,77326,77336,10
12.9860601425,80.2517776489,77336,77346,10
12.9869403839,80.2515792847,77346,77356,10
12.9875497818,80.2514038086,77356,77447,91
12.9875497818,80.2514038086,77447,77457,10
12.9876499176,80.2513427734,77457,77467,10
12.9878702164,80.2515563965,77467,77477,10
12.9879798889,80.2520980835,77477,77487,10
12.9879102707,80.2531585693,77487,77497,10
12.987830162,80.2540435791,77497,77508,11
12.987739563,80.2549133301,77508,77518,10
12.9876499176,80.2553482056,77518,77588,70
12.9876499176,80.2553482056,77588,77599,11
12.9875802994,80.2555084229,77599,77609,10
12.9875602722,80.255859375,77609,77619,10
12.9875097275,80.2563400269,77619,77629,10
12.9875001907,80.2567596436,77629,77639,10
12.9874897003,80.256942749,77639,77649,10
12.9874696732,80.2574386597,77649,77659,10
12.9873304367,80.2584915161,77659,77679,20
12.9873304367,80.2584915161,77679,77690,11
12.9871196747,80.2585220337,77690,78246,556
12.9871196747,80.2585220337,78246,78256,10
12.9868001938,80.2584609985,78256,78316,60
12.9868001938,80.2584609985,78316,78327,11
12.986700058,80.2589416504,78327,78701,374
12.987039566,80.2590713501,78701,80197,1496
12.9872198105,80.2590789795,80197,82866,2669
12.9873504639,80.2590866089,82866,83251,385
12.9872703552,80.259262085,83251,83321,70
12.9873399734,80.2592086792,83321,83655,334
12.987279892,80.2592086792,83655,84282,627
12.9873199463,80.2592163086,84282,84393,111
