12.9972896576,80.1918563843,19,170,151
12.9972200394,80.1918792725,170,1461,1291
12.9973602295,80.1918029785,1461,2248,787
12.997130394,80.1918334961,2248,3266,1018
12.997130394,80.1918334961,3266,3275,9
12.9973897934,80.1918716431,3275,4315,1040
12.9972000122,80.1917724609,4315,4446,131
12.9973802567,80.1918869019,4446,4910,464
12.9973802567,80.1918869019,4910,4920,10
12.997130394,80.1918182373,4920,5294,374
12.9974002838,80.1919021606,5294,8339,3045
12.9972896576,80.1919937134,8339,8481,142
12.997300148,80.1919021606,8481,15097,6616
12.997300148,80.1919021606,15097,15107,10
12.9971399307,80.1916732788,15107,15258,151
12.9973297119,80.1918411255,15258,16690,1432
12.9973297119,80.1918411255,16690,16700,10
12.9971504211,80.1918334961,16700,18314,1614
12.9969596863,80.1919174194,18314,19040,726
12.9970197678,80.1919403076,19040,21138,2098
12.9971199036,80.1919021606,21138,21319,181
12.9970598221,80.1920623779,21319,23064,1745
12.9970598221,80.1920623779,23064,23074,10
12.9970998764,80.1918411255,23074,23084,10
12.9969797134,80.1915588379,23084,23094,10
12.9968595505,80.1913375854,23094,23104,10
12.9966201782,80.1913299561,23104,23437,333
12.9966201782,80.1913299561,23437,23447,10
12.9963703156,80.1913986206,23447,23457,10
12.9963302612,80.1912231445,23457,23467,10
12.9963102341,80.1911468506,23467,23477,10
12.9962301254,80.1909103394,23477,23488,11
12.9961595535,80.1906433105,23488,23498,10
12.9961004257,80.1903381348,23498,24072,574
12.9961004257,80.1903381348,24072,24083,11
12.9960203171,80.1902084351,24083,24093,10
12.9959001541,80.1894989014,24093,24113,20
12.9959001541,80.1894989014,24113,24123,10
12.9960002899,80.1893463135,24123,24133,10
12.9963903427,80.1895828247,24133,24143,10
12.9968900681,80.1901473999,24143,24153,10
12.9975004196,80.1908798218,24153,24163,10
12.9981899261,80.1917724609,24163,24173,10
12.9989500046,80.192741394,24173,24183,10
12.9996595383,80.1936798096,24183,24194,11
13.0004396439,80.1946411133,24194,24204,10
13.0011301041,80.1954727173,24204,24214,10
13.001709938,80.1961975098,24214,24224,10
13.0021495819,80.1971130371,24224,24234,10
13.0020399094,80.1981506348,24234,24244,10
13.0018396378,80.1993103027,24244,24254,10
13.0022296906,80.200340271,24254,24264,10
13.0032501221,80.2007522583,24264,24274,10
13.0038099289,80.2008285522,24274,24294,20
13.0038099289,80.2008285522,24294,24304,10
13.0039701462,80.2008895874,24304,24315,11
13.0044202805,80.2010498047,24315,24325,10
13.0050697327,80.2013168335,24325,24335,10
13.0057296753,80.2019729614,24335,24345,10
13.0061998367,80.2028427124,24345,24355,10
13.0069503784,80.2034683228,24355,24365,10
13.0079298019,80.203742981,24365,24375,10
13.0090904236,80.2036895752,24375,24385,10
13.0103702545,80.2036437988,24385,24395,10
13.0116996765,80.2037506104,24395,24405,10
13.0129499435,80.2039718628,24405,24415,10
13.0140104294,80.2043380737,24415,24425,10
13.0150995255,80.2047271729,24425,24436,11
13.0162200928,80.205116272,24436,24446,10
13.016960144,80.2053985596,24446,24456,10
13.0178804398,80.2056503296,24456,24466,10
13.0185604095,80.2058792114,24466,24476,10
13.0186395645,80.205909729,24476,24486,10
13.0188503265,80.2060012817,24486,24496,10
13.0193901062,80.2061691284,24496,24506,10
13.0202302933,80.2062683105,24506,24516,10
13.0212402344,80.2062911987,24516,24526,10
13.0223703384,80.2063369751,24526,24536,10
13.0235300064,80.2065429688,24536,24547,11
13.0246801376,80.20677948,24547,24557,10
13.0258302689,80.2071533203,24557,24567,10
13.0269298553,80.2077789307,24567,24577,10
13.027970314,80.2083816528,24577,24587,10
13.0290899277,80.2087020874,24587,24597,10
13.0301198959,80.2089920044,24597,24607,10
13.0310401917,80.2092590332,24607,24617,10
13.0319700241,80.2095108032,24617,24627,10
13.0327997208,80.2096481323,24627,24637,10
13.033829689,80.2098464966,24637,24647,10
13.0347604752,80.2100524902,24647,24657,10
13.0350599289,80.2103424072,24657,24668,11
13.0349597931,80.2107162476,24668,24678,10
13.0349502563,80.2110519409,24678,24688,10
13.0349302292,80.211517334,24688,24698,10
13.0349197388,80.2119674683,24698,24708,10
13.0352401733,80.2121887207,24708,24718,10
13.0358800888,80.2122421265,24718,24728,10
13.036740303,80.2122802734,24728,24738,10
13.0377502441,80.2122879028,24738,24748,10
13.0388002396,80.212272644,24748,24758,10
13.0399303436,80.212272644,24758,24768,10
13.0411100388,80.212272644,24768,24778,10
13.0422897339,80.2122573853,24778,24789,11
13.0433797836,80.2122421265,24789,24799,10
13.0438299179,80.2122192383,24799,24849,50
13.0438299179,80.2122192383,24849,24859,10
13.0439596176,80.2122192383,24859,24869,10
13.0444202423,80.2122268677,24869,24879,10
13.0451002121,80.2122268677,24879,24889,10
13.045920372,80.2122116089,24889,24900,11
13.0466098785,80.2121734619,24900,24910,10
13.0473003387,80.2121200562,24910,24920,10
13.0482196808,80.212020874,24920,24970,50
13.0482196808,80.212020874,24970,24980,10
13.0485296249,80.2119979858,24980,24990,10
13.0487003326,80.212020874,24990,25000,10
13.0491199493,80.2119674683,25000,25010,10
13.0497903824,80.2119216919,25010,25051,41
13.0497903824,80.2119216919,25051,25061,10
13.0499601364,80.2119522095,25061,25070,9
13.0502996445,80.2119674683,25070,25081,11
13.0510396957,80.212020874,25081,25091,10
13.0520801544,80.2119903564,25091,25101,10
13.0531597137,80.2116928101,25101,25111,10
13.0542201996,80.21144104,25111,25120,9
13.0552196503,80.2114028931,25120,25132,12
13.0566902161,80.2114105225,25132,25142,10
13.0574903488,80.2114028931,25142,25152,10
13.057559967,80.2113876343,25152,25162,10
13.0578203201,80.2114028931,25162,25172,10
13.0584497452,80.2114334106,25172,25182,10
13.0592803955,80.2114868164,25182,25192,10
13.0602703094,80.2115478516,25192,25202,10
13.0613002777,80.2116012573,25202,25212,10
13.0622196198,80.2116165161,25212,25222,10
13.0630598068,80.2115478516,25222,25232,10
13.0634098053,80.211517334,25232,25242,10
13.0637798309,80.2115020752,25242,25253,11
13.0643196106,80.2114181519,25253,25263,10
13.0650196075,80.2111129761,25263,25273,10
13.0657997131,80.2105407715,25273,25283,10
13.0666599274,80.2098007202,25283,25293,10
13.0673599243,80.2088394165,25293,25303,10
13.0679597855,80.2078933716,25303,25313,10
13.0685100555,80.2070617676,25313,25323,10
13.0689897537,80.2063369751,25323,25333,10
13.0692501068,80.205909729,25333,25343,10
13.0694704056,80.2055892944,25343,25353,10
13.0696201324,80.2051696777,25353,25384,31
13.0696201324,80.2051696777,25384,25394,10
13.0696802139,80.205078125,25394,25404,10
13.0695896149,80.204826355,25404,25414,10
13.0692195892,80.2049713135,25414,25424,10
13.0690097809,80.2053222656,25424,25433,9
13.0687799454,80.205116272,25433,25596,163
13.0690402985,80.2047119141,25596,25658,62
13.0708398819,80.2036819458,25658,25736,78
13.0727500916,80.2014694214,25736,25813,77
13.0736303329,80.2005081177,25813,25844,31
13.0749197006,80.1992416382,25844,25874,30
13.0774402618,80.1989593506,25874,25904,30
13.0800600052,80.198677063,25904,25934,30
13.0828504562,80.1984786987,25934,25965,31
13.0845298767,80.1984786987,25965,25995,30
13.087100029,80.1982421875,25995,26071,76
13.0872898102,80.1930999756,26071,26141,70
13.087679863,80.1898269653,26141,26172,31
13.0877304077,80.1887817383,26172,26202,30
13.0878295898,80.1869812012,26202,26233,31
13.0880002975,80.1837081909,26233,26263,30
13.0881204605,80.1796035767,26263,26321,58
13.0881500244,80.1786270142,26321,26353,32
13.0882396698,80.1764526367,26353,26383,30
13.0884304047,80.173866272,26383,26412,29
13.0885601044,80.1719207764,26412,26443,31
13.0886497498,80.169921875,26443,26473,30
13.0886497498,80.169921875,26473,26502,29
13.0902299881,80.1696014404,26502,26513,11
13.091340065,80.1696777344,26513,26523,10
13.0924797058,80.1697387695,26523,26533,10
13.0936203003,80.1698226929,26533,26544,11
13.0945901871,80.1698684692,26544,26554,10
13.0948495865,80.1698913574,26554,26564,10
13.0950899124,80.1698913574,26564,26574,10
13.0955600739,80.1699295044,26574,26584,10
13.0962600708,80.1699676514,26584,26594,10
13.0970897675,80.1700210571,26594,26604,10
13.0979604721,80.1700668335,26604,26614,10
13.0987300873,80.1701126099,26614,26624,10
13.0996398926,80.1700820923,26624,26695,71
13.0996398926,80.1700820923,26695,26705,10
13.0996103287,80.1702575684,26705,26715,10
13.0993499756,80.1702728271,26715,27018,303
13.0993499756,80.1702728271,27018,27028,10
13.0990695953,80.1701965332,27028,27038,10
13.0986499786,80.170173645,27038,27048,10
13.0979604721,80.1701202393,27048,27058,10
13.0971803665,80.1700668335,27058,27068,10
13.0962295532,80.1700286865,27068,27078,10
13.0953598022,80.169960022,27078,27088,10
13.0949001312,80.1699371338,27088,27098,10
13.094619751,80.1698989868,27098,27108,10
13.094329834,80.1698913574,27108,27118,10
13.0938501358,80.1698379517,27118,27128,10
13.0931596756,80.1698226929,27128,27139,11
13.0921201706,80.1697692871,27139,27149,10
13.0909996033,80.1696777344,27149,27159,10
13.0897903442,80.169631958,27159,27169,10
13.0889396667,80.169593811,27169,27179,10
13.0887203217,80.1699523926,27179,27189,10
13.0886602402,80.1706771851,27189,27199,10
13.0886201859,80.1714935303,27199,27209,10
13.0886096954,80.1718978882,27209,27219,10
13.0885801315,80.1720733643,27219,27229,10
13.088549614,80.1725997925,27229,27239,10
13.0885000229,80.1734008789,27239,27250,11
13.0884504318,80.174369812,27250,27260,10
13.0883998871,80.1750183105,27260,27270,10
13.0883598328,80.1757125854,27270,27280,10
13.0883102417,80.1765289307,27280,27290,10
13.0882701874,80.1773529053,27290,27300,10
13.0882501602,80.178062439,27300,27310,10
13.0882396698,80.1785736084,27310,27320,10
13.0882501602,80.1786499023,27320,27330,10
13.0882501602,80.1787872314,27330,27340,10
13.0882196426,80.1794204712,27340,27371,31
13.0882196426,80.1794204712,27371,27381,10
13.0881996155,80.1798782349,27381,27391,10
13.0881996155,80.180557251,27391,27401,10
13.0881700516,80.1814422607,27401,27411,10
13.0881204605,80.1824417114,27411,27421,10
13.0880699158,80.1835708618,27421,27431,10
13.0880203247,80.1847686768,27431,27441,10
13.08796978,80.1858596802,27441,27451,10
13.0879096985,80.18699646,27451,27461,10
13.0878896713,80.1880264282,27461,27471,10
13.0878295898,80.1889419556,27471,27481,10
13.0878000259,80.1897277832,27481,27492,11
13.0877895355,80.1898498535,27492,27502,10
13.0877799988,80.1900634766,27502,27512,10
13.087679863,80.1906204224,27512,27522,10
13.0875396729,80.1914367676,27522,27532,10
13.0874099731,80.1924591064,27532,27542,10
13.0873298645,80.1934585571,27542,27552,10
13.0873098373,80.1946182251,27552,27562,10
13.0872898102,80.1956863403,27562,27572,10
13.0872497559,80.1968231201,27572,27582,10
13.0872602463,80.1976623535,27582,27592,10
13.087269783,80.1978683472,27592,27603,11
13.0873098373,80.1982269287,27603,27613,10
13.087439537,80.1984634399,27613,27623,10
13.0877599716,80.1984710693,27623,27633,10
13.0883703232,80.1984634399,27633,27643,10
13.0891103745,80.1984634399,27643,27653,10
13.0898799896,80.1984786987,27653,27663,10
13.090760231,80.1985626221,27663,27673,10
13.0918102264,80.1986465454,27673,27683,10
13.0927400589,80.1986618042,27683,27693,10
13.0930204391,80.1987991333,27693,27703,10
13.0929899216,80.1992874146,27703,27713,10
13.0929203033,80.2000198364,27713,27724,11
13.0928697586,80.2005462646,27724,27734,10
13.0926303864,80.2006225586,27734,27744,10
13.0920801163,80.2005767822,27744,27754,10
13.0912799835,80.2005462646,27754,27764,10
13.0902996063,80.2005081177,27764,27774,10
13.0892295837,80.2004623413,27774,27784,10
13.0881595612,80.2004165649,27784,27794,10
13.0873804092,80.2004013062,27794,27804,10
13.086930275,80.2003936768,27804,27814,10
13.0862102509,80.2003631592,27814,27824,10
13.0855903625,80.2003479004,27824,27833,9
13.0853796005,80.2002105713,27833,27845,12
13.0853900909,80.1996765137,27845,27855,10
13.0853595734,80.1989822388,27855,27865,10
13.0851402283,80.1986999512,27865,27875,10
13.0846595764,80.1986694336,27875,27885,10
13.0841798782,80.1986923218,27885,27895,10
13.0840597153,80.198677063,27895,27905,10
13.0836496353,80.1986694336,27905,27915,10
13.0832500458,80.1986083984,27915,27925,10
13.0829601288,80.1985931396,27925,27935,10
13.0824098587,80.198600769,27935,27945,10
13.0816497803,80.198638916,27945,27955,10
13.080739975,80.1986465454,27955,27966,11
13.0797300339,80.1987609863,27966,27976,10
13.0786800385,80.1988372803,27976,27986,10
13.0775899887,80.19896698,27986,27996,10
13.0766096115,80.1990966797,27996,28006,10
13.0755796432,80.1992492676,28006,28016,10
13.0745296478,80.1996688843,28016,28026,10
13.0738697052,80.2002716064,28026,28036,10
13.0736999512,80.2004776001,28036,28046,10
13.0734701157,80.2007598877,28046,28056,10
13.0730600357,80.2012405396,28056,28066,10
13.0726499557,80.2016983032,28066,28077,11
13.0723400116,80.2021026611,28077,28087,10
13.0719003677,80.2025604248,28087,28097,10
13.0713396072,80.2032012939,28097,28107,10
13.0706996918,80.2039489746,28107,28117,10
13.0703001022,80.204498291,28117,28127,10
13.0701398849,80.2047805786,28127,28147,20
13.0701398849,80.2047805786,28147,28157,10
13.0699996948,80.2049789429,28157,28167,10
13.0698299408,80.205039978,28167,28177,10
13.0696601868,80.2049636841,28177,28208,31
13.0696601868,80.2049636841,28208,28218,10
13.0693597794,80.2048568726,28218,28228,10
13.0691099167,80.2051391602,28228,28238,10
13.0687999725,80.2054214478,28238,28248,10
13.0680599213,80.2054367065,28248,28268,20
13.0680599213,80.2054367065,28268,28278,10
13.0679702759,80.2052536011,28278,28329,51
13.0679702759,80.2052536011,28329,28339,10
13.0681400299,80.2050094604,28339,28349,10
13.0684499741,80.2049407959,28349,28359,10
13.0687503815,80.204826355,28359,28369,10
13.0689201355,80.204788208,28369,28379,10
13.0691204071,80.2047195435,28379,28389,10
13.0694303513,80.204750061,28389,28399,10
13.0697803497,80.2048873901,28399,28419,20
13.0697803497,80.2048873901,28419,28430,11
13.0698795319,80.2051696777,28430,28440,10
13.0695400238,80.2057113647,28440,28450,10
13.0690898895,80.206413269,28450,28460,10
13.0685501099,80.20728302,28460,28470,10
13.0679197311,80.2082672119,28470,28480,10
13.0672502518,80.2092819214,28480,28490,10
13.0664396286,80.2102127075,28490,28500,10
13.0656404495,80.2108917236,28500,28510,10
13.065199852,80.2112426758,28510,28520,10
13.0650901794,80.2113113403,28520,28530,10
13.064740181,80.2114868164,28530,28540,10
13.0641002655,80.2116928101,28540,28551,11
13.0634202957,80.2117462158,28551,28561,10
13.0625801086,80.2117614746,28561,28571,10
13.0616102219,80.2116699219,28571,28581,10
13.0604295731,80.2116928101,28581,28591,10
13.059220314,80.2116928101,28591,28601,10
13.0581302643,80.2116622925,28601,28611,10
13.0576000214,80.2116622925,28611,28621,10
13.0574502945,80.2116699219,28621,28631,10
13.0570001602,80.2116622925,28631,28641,10
13.0563097,80.2116470337,28641,28651,10
13.0554800034,80.2116088867,28651,28662,11
13.0544700623,80.2116012573,28662,28672,10
13.0534896851,80.2118225098,28672,28682,10
13.0524997711,80.2120819092,28682,28692,10
13.0516004562,80.2122421265,28692,28702,10
13.0508499146,80.2121887207,28702,28712,10
13.0501003265,80.2121963501,28712,28722,10
13.0498800278,80.2122116089,28722,28732,10
13.0496397018,80.2122116089,28732,28742,10
13.0495901108,80.2121963501,28742,28752,10
13.0492897034,80.2121963501,28752,28762,10
13.048620224,80.2122268677,28762,28772,10
13.0477600098,80.2122879028,28772,28783,11
13.0466003418,80.2123565674,28783,28793,10
13.0451097488,80.2124404907,28793,28823,30
13.0451097488,80.2124404907,28823,28833,10
13.0449399948,80.2124481201,28833,28843,10
13.0445203781,80.2124633789,28843,28853,10
13.0438404083,80.2124481201,28853,28863,10
13.0430297852,80.2124176025,28863,28873,10
13.0422401428,80.212387085,28873,28883,10
13.0414600372,80.2124099731,28883,28893,10
13.040599823,80.2123718262,28893,28904,11
13.0394897461,80.212387085,28904,28914,10
13.038599968,80.212387085,28914,28924,10
13.0380601883,80.2123718262,28924,28934,10
13.0375699997,80.2123718262,28934,28944,10
13.0369596481,80.2123413086,28944,28954,10
13.0362195969,80.212310791,28954,28964,10
13.0354499817,80.2123413086,28964,28974,10
13.035030365,80.212272644,28974,28984,10
13.0347099304,80.2122268677,28984,28994,10
13.0343704224,80.2121887207,28994,29003,9
13.0342102051,80.2121582031,29003,29015,12
13.034119606,80.2121582031,29015,29025,10
13.0336999893,80.2120437622,29025,29035,10
13.0329704285,80.2118835449,29035,29045,10
13.0321598053,80.2117004395,29045,29055,10
13.0320701599,80.2110824585,29055,29065,10
13.0321102142,80.2103271484,29065,29075,10
13.0320501328,80.2096405029,29075,29085,10
13.0314502716,80.2094726563,29085,29095,10
13.0306196213,80.2092819214,29095,29105,10
13.0300397873,80.2091217041,29105,29115,10
13.0296602249,80.2090301514,29115,29136,21
13.0296602249,80.2090301514,29136,29146,10
13.0294303894,80.2089767456,29146,29156,10
13.0288496017,80.2088165283,29156,29166,10
13.0279903412,80.2085266113,29166,29176,10
13.0271596909,80.2080688477,29176,29186,10
13.0262403488,80.2075195313,29186,29196,10
13.0252399445,80.2070999146,29196,29206,10
13.0243196487,80.2069396973,29206,29216,10
13.024189949,80.2069091797,29216,29226,10
13.0237998962,80.206817627,29226,29236,10
13.0231399536,80.2066726685,29236,29247,11
13.0222301483,80.2064971924,29247,29257,10
13.0211400986,80.2064819336,29257,29267,10
13.0199699402,80.2064666748,29267,29277,10
13.019200325,80.2063674927,29277,29287,10
13.0191698074,80.2063598633,29287,29297,10
13.019080162,80.2063217163,29297,29307,10
13.0186796188,80.2061920166,29307,29317,10
13.017999649,80.205947876,29317,29327,10
13.0173501968,80.2057113647,29327,29337,10
13.0165395737,80.2053604126,29337,29347,10
13.0155496597,80.2050323486,29347,29357,10
13.014550209,80.2047195435,29357,29368,11
13.0142803192,80.2046279907,29368,29378,10
13.0139703751,80.2045288086,29378,29388,10
13.0136003494,80.2045211792,29388,29398,10
13.013469696,80.2049636841,29398,29408,10
13.0132598877,80.2056427002,29408,29418,10
13.0130596161,80.2064819336,29418,29428,10
13.0129699707,80.2074584961,29428,29438,10
13.0129098892,80.2079772949,29438,29448,10
13.0129003525,80.2084274292,29448,29458,10
13.0129404068,80.208732605,29458,29468,10
13.0130195618,80.2092666626,29468,29477,9
13.0132102966,80.209777832,29477,29489,12
13.0131196976,80.2105407715,29489,29499,10
13.0128602982,80.2113037109,29499,29509,10
13.0124702454,80.2120132446,29509,29519,10
13.0121002197,80.212600708,29519,29529,10
13.0118999481,80.2128295898,29529,29539,10
13.0116195679,80.2126693726,29539,29549,10
13.0111703873,80.2123718262,29549,29559,10
13.0105895996,80.2119216919,29559,29569,10
13.0100097656,80.2114486694,29569,29579,10
13.0095596313,80.2111129761,29579,29610,31
13.0095596313,80.2111129761,29610,29620,10
13.0093698502,80.2110900879,29620,29630,10
13.0092401505,80.2112808228,29630,29640,10
13.0090703964,80.2115478516,29640,29650,10
13.0091600418,80.2118835449,29650,29660,10
13.009349823,80.2124786377,29660,29670,10
13.0095901489,80.2131576538,29670,29680,10
13.0098800659,80.2138824463,29680,29690,10
13.0101699829,80.2145996094,29690,29700,10
13.0102796555,80.2154006958,29700,29710,10
13.0105695724,80.2162780762,29710,29721,11
13.0110797882,80.2173614502,29721,29731,10
13.0115404129,80.2185516357,29731,29741,10
13.0119800568,80.2198410034,29741,29751,10
13.0123500824,80.220993042,29751,29761,10
13.0125598907,80.2217025757,29761,29771,10
13.0129804611,80.2222518921,29771,29781,10
13.0135402679,80.2228775024,29781,29791,10
13.0141201019,80.2235870361,29791,29801,10
13.0145702362,80.2241897583,29801,29811,10
13.0150499344,80.2247085571,29811,29821,10
13.0153503418,80.225112915,29821,29831,10
13.0154399872,80.2255630493,29831,29842,11
13.0149202347,80.225982666,29842,29852,10
13.0141296387,80.2263031006,29852,29862,10
13.0131998062,80.2266464233,29862,29872,10
13.0121898651,80.2270507813,29872,29882,10
13.0111103058,80.2274932861,29882,29892,10
13.0100803375,80.2278823853,29892,29902,10
13.0095300674,80.2276306152,29902,29912,10
13.0097799301,80.2270202637,29912,29922,10
13.0100898743,80.2263565063,29922,29932,10
13.0104398727,80.2255325317,29932,29942,10
13.0108299255,80.2246170044,29942,29951,9
13.0111503601,80.223777771,29951,29963,12
13.0112600327,80.2231674194,29963,29973,10
13.010840416,80.2229614258,29973,29983,10
13.0102100372,80.2226409912,29983,29993,10
13.0094804764,80.2222366333,29993,30003,10
13.0086297989,80.2217788696,30003,30013,10
13.0077495575,80.221321106,30013,30023,10
13.0068902969,80.2208633423,30023,30033,10
13.005979538,80.2205581665,30033,30043,10
13.0051298141,80.2203598022,30043,30053,10
13.0043697357,80.2201538086,30053,30063,10
13.0034999847,80.2199478149,30063,30073,10
13.0027399063,80.2196884155,30073,30084,11
13.0020103455,80.2189865112,30084,30094,10
13.0013198853,80.2183990479,30094,30104,10
13.0006599426,80.217956543,30104,30114,10
13.0000200272,80.2175598145,30114,30124,10
12.9992103577,80.2170791626,30124,30134,10
12.9981899261,80.2166366577,30134,30144,10
12.9974803925,80.2165374756,30144,30154,10
12.9973497391,80.2165374756,30154,30164,10
12.9968595505,80.2165679932,30164,30174,10
12.9960803986,80.2166824341,30174,30184,10
12.9952297211,80.2169876099,30184,30195,11
12.9945497513,80.2174606323,30195,30205,10
12.9940004349,80.2178878784,30205,30215,10
12.9934101105,80.2183074951,30215,30225,10
12.9927597046,80.2188034058,30225,30235,10
12.9920196533,80.219329834,30235,30245,10
12.9914197922,80.2195968628,30245,30255,10
12.9910802841,80.2194824219,30255,30265,10
12.9907999039,80.219367981,30265,30275,10
12.9902200699,80.2191619873,30275,30285,10
12.9894199371,80.2188796997,30285,30295,10
12.9884395599,80.2185592651,30295,30305,10
12.9874200821,80.2183685303,30305,30316,11
12.9870195389,80.2183074951,30316,30326,10
12.9866104126,80.2182006836,30326,30336,10
12.9859600067,80.2180633545,30336,30346,10
12.9850797653,80.2179718018,30346,30356,10
12.9842700958,80.2179870605,30356,30366,10
12.9839496613,80.2180099487,30366,30376,10
12.9836397171,80.2180023193,30376,30386,10
12.9830303192,80.2179870605,30386,30396,10
12.9822301865,80.2179794312,30396,30406,10
12.9812602997,80.2181091309,30406,30416,10
12.9803695679,80.2184066772,30416,30427,11
12.9796104431,80.2187271118,30427,30437,10
12.9790296555,80.218963623,30437,30447,10
12.9785804749,80.2191162109,30447,30457,10
12.9779701233,80.219367981,30457,30467,10
12.9771795273,80.2197189331,30467,30477,10
12.976360321,80.2200698853,30477,30487,10
12.9757404327,80.2203598022,30487,30497,10
12.9756402969,80.2207794189,30497,30568,71
12.9759302139,80.2210083008,30568,31485,917
12.975859642,80.2211074829,31485,31919,434
12.9761600494,80.2212295532,31919,31949,30
12.9761600494,80.2212295532,31949,31959,10
12.9761695862,80.2212371826,31959,31969,10
12.9764795303,80.2212371826,31969,31980,11
12.9770402908,80.2212219238,31980,31990,10
12.9777297974,80.2211914063,31990,32000,10
12.9784603119,80.2211380005,32000,32010,10
12.9792003632,80.2210769653,32010,32020,10
12.9799404144,80.221031189,32020,32030,10
12.9806804657,80.220993042,32030,32040,10
12.9814100266,80.2211837769,32040,32050,10
12.9819602966,80.2215576172,32050,32060,10
12.9823904037,80.2217636108,32060,32070,10
12.9828596115,80.2218933105,32070,32080,10
12.9829998016,80.2219619751,32080,32090,10
12.9830799103,80.2220077515,32090,32101,11
12.9833202362,80.2221908569,32101,32111,10
12.9835300446,80.2223510742,32111,32121,10
12.9838895798,80.2225494385,32121,32131,10
12.9843902588,80.2228622437,32131,32141,10
12.9850101471,80.2232131958,32141,32151,10
12.9855203629,80.2232131958,32151,32161,10
12.9859800339,80.2229537964,32161,32171,10
12.9865198135,80.2229385376,32171,32181,10
12.9866304398,80.2229537964,32181,32191,10
12.9870595932,80.2230300903,32191,32201,10
12.9876899719,80.2230606079,32201,32211,10
12.9883298874,80.2226409912,32211,32222,11
12.9890298843,80.2219390869,32222,32232,10
12.9896697998,80.2211380005,32232,32242,10
12.9903402328,80.2204818726,32242,32252,10
12.9904899597,80.2203369141,32252,32262,10
12.9906997681,80.2201919556,32262,32272,10
12.991060257,80.2199020386,32272,32282,10
12.9914703369,80.2195663452,32282,32292,10
12.9920597076,80.2191390991,32292,32302,10
12.9927196503,80.2186737061,32302,32312,10
12.993470192,80.2181091309,32312,32322,10
12.9941797256,80.2175979614,32322,32332,10
12.9948596954,80.2171096802,32332,32343,11
12.99559021,80.2166976929,32343,32353,10
12.9963998795,80.2165374756,32353,32363,10
12.9971904755,80.2164230347,32363,32373,10
12.9975404739,80.2160873413,32373,32383,10
12.997590065,80.2160415649,32383,32393,10
12.9978704453,80.2158126831,32393,32403,10
12.9983100891,80.2154312134,32403,32413,10
12.9989004135,80.2149276733,32413,32423,10
12.9992198944,80.2146530151,32423,32433,10
12.9995698929,80.2143478394,32433,32443,10
12.9999799728,80.2139968872,32443,32453,10
13.0003795624,80.2136306763,32453,32464,11
13.0010004044,80.2130966187,32464,32474,10
13.0016803741,80.2125701904,32474,32484,10
13.002409935,80.2121505737,32484,32494,10
13.0031299591,80.2120437622,32494,32504,10
13.0036296844,80.2119598389,32504,32514,10
13.0037002563,80.2117080688,32514,32524,10
13.0037002563,80.2112121582,32524,32534,10
13.0036401749,80.2105407715,32534,32544,10
13.0035400391,80.2099990845,32544,32554,10
13.0035400391,80.209487915,32554,32564,10
13.003660202,80.2088928223,32564,32575,11
13.0043201447,80.2087631226,32575,32585,10
13.0053195953,80.209197998,32585,32595,10
13.0063295364,80.2095565796,32595,32605,10
13.0069704056,80.2097320557,32605,32615,10
13.0073900223,80.2098007202,32615,32635,20
13.0073900223,80.2098007202,32635,32645,10
13.0076198578,80.2098617554,32645,32655,10
13.0080099106,80.2099380493,32655,32665,10
13.0081501007,80.2096786499,32665,32675,10
13.0080299377,80.2091369629,32675,32685,10
13.0078697205,80.2082901001,32685,32696,11
13.0077295303,80.2072296143,32696,32706,10
13.0075902939,80.2061462402,32706,32716,10
13.007519722,80.2050933838,32716,32726,10
13.007519722,80.2041931152,32726,32736,10
13.0074195862,80.2033996582,32736,32746,10
13.0072002411,80.2026367188,32746,32756,10
13.0066003799,80.2026901245,32756,32766,10
13.0067501068,80.2033004761,32766,32776,10
13.0074100494,80.2036132813,32776,32786,10
13.0082502365,80.2036895752,32786,32796,10
13.0092697144,80.2036209106,32796,32806,10
13.0104503632,80.2035903931,32806,32817,11
13.0118398666,80.2037124634,32817,32827,10
13.0130596161,80.2039718628,32827,32837,10
13.0140695572,80.2043075562,32837,32847,10
13.0150499344,80.2046737671,32847,32857,10
13.016119957,80.205078125,32857,32867,10
13.0171604156,80.2052001953,32867,32877,10
13.0179595947,80.2055511475,32877,32887,10
13.0186100006,80.2058105469,32887,32897,10
13.0188102722,80.2058868408,32897,32907,10
13.0190200806,80.2059707642,32907,32917,10
13.0195703506,80.2061462402,32917,32928,11
13.020409584,80.2062530518,32928,32938,10
13.0213603973,80.2062606812,32938,32948,10
13.0224599838,80.2063369751,32948,32958,10
13.0235900879,80.20652771,32958,32968,10
13.0247402191,80.2068099976,32968,32978,10
13.0259599686,80.2072067261,32978,32988,10
13.0271100998,80.2078781128,32988,32998,10
13.0283098221,80.2085037231,32998,33008,10
13.0294904709,80.2088012695,33008,33018,10
13.0303497314,80.2090606689,33018,33028,10
13.031539917,80.2093582153,33028,33049,21
13.031539917,80.2093582153,33049,33059,10
13.0318202972,80.2094802856,33059,33069,10
13.0324697495,80.2095870972,33069,33079,10
13.0333204269,80.2097320557,33079,33089,10
13.0343103409,80.2098770142,33089,33099,10
13.0350599289,80.2101287842,33099,33109,10
13.035030365,80.2108001709,33109,33119,10
13.0350103378,80.211479187,33119,33129,10
13.0350103378,80.2115402222,33129,33139,10
13.0349798203,80.2116928101,33139,33149,10
13.0349397659,80.2120132446,33149,33158,9
13.0352201462,80.2121887207,33158,33170,12
13.0360498428,80.2122421265,33170,33180,10
13.0369596481,80.2122573853,33180,33190,10
13.038020134,80.2122573853,33190,33200,10
13.0391998291,80.2122421265,33200,33210,10
13.040430069,80.2122421265,33210,33220,10
13.0417003632,80.2122573853,33220,33230,10
13.0428695679,80.2122573853,33230,33240,10
13.0441703796,80.2122573853,33240,33321,81
13.0441703796,80.2122573853,33321,33331,10
13.0444498062,80.2121963501,33331,33341,10
13.0449895859,80.2121963501,33341,33351,10
13.0457401276,80.2121963501,33351,33361,10
13.0466403961,80.2121734619,33361,33371,10
13.0475196838,80.2121200562,33371,33381,10
13.0483703613,80.212020874,33381,33401,20
13.0483703613,80.212020874,33401,33412,11
13.0484399796,80.212020874,33412,33422,10
13.0485696793,80.212020874,33422,33432,10
13.0489997864,80.2119827271,33432,33442,10
13.0494098663,80.2119369507,33442,33452,10
13.0494298935,80.2119293213,33452,33462,10
13.0495300293,80.2119216919,33462,33472,10
13.0498304367,80.2118988037,33472,33482,10
13.0502099991,80.2119369507,33482,33492,10
13.0507297516,80.2119903564,33492,33502,10
13.0513696671,80.2119903564,33502,33512,10
13.0523395538,80.2118911743,33512,33523,11
13.053440094,80.2116394043,33523,33533,10
13.0545701981,80.2114028931,33533,33543,10
13.0558099747,80.21144104,33543,33553,10
13.0571203232,80.21144104,33553,33563,10
13.0577898026,80.2114105225,33563,33573,10
13.0579395294,80.2114028931,33573,33583,10
13.0584697723,80.2114181519,33583,33593,10
13.0592803955,80.2114715576,33593,33603,10
13.0601902008,80.211517334,33603,33613,10
13.0611696243,80.2115478516,33613,33623,10
13.0619802475,80.2115707397,33623,33632,9
13.0635700226,80.2115097046,33632,33684,52
13.0635700226,80.2115097046,33684,33694,10
13.063750267,80.211479187,33694,33704,10
13.0642204285,80.2114181519,33704,33714,10
13.0649003983,80.2111282349,33714,33724,10
13.0656499863,80.210609436,33724,33734,10
13.0664997101,80.2099304199,33734,33744,10
13.0671100616,80.2091293335,33744,33754,10
13.0675001144,80.2085494995,33754,33765,11
13.0679302216,80.2078933716,33765,33775,10
13.0683698654,80.2071990967,33775,33785,10
13.0689296722,80.2063369751,33785,33795,10
13.0694503784,80.2054977417,33795,33805,10
13.0696296692,80.2051010132,33805,33815,10
13.0696601868,80.2048797607,33815,33825,10
13.0694198608,80.2048034668,33825,33835,10
13.0691099167,80.2051086426,33835,33845,10
13.0689001083,80.2053375244,33845,33855,10
13.0687999725,80.205078125,33855,33875,20
13.0687999725,80.205078125,33875,33886,11
13.0687999725,80.2050018311,33886,33896,10
13.0688400269,80.2047729492,33896,33906,10
13.0693702698,80.2047195435,33906,33916,10
13.0697202682,80.2047805786,33916,33926,10
13.0699195862,80.2047271729,33926,33936,10
13.0701398849,80.2044525146,33936,33946,10
13.0705299377,80.2039489746,33946,33956,10
13.0710697174,80.2033233643,33956,33966,10
13.071559906,80.2027511597,33966,33976,10
13.0720901489,80.2021331787,33976,33986,10
13.0725297928,80.2016601563,33986,33996,10
13.0730104446,80.2011032104,33996,34007,11
13.0733604431,80.2006988525,34007,34017,10
13.0737400055,80.2002563477,34017,34027,10
13.074139595,80.1997680664,34027,34037,10
13.0743103027,80.1995925903,34037,34047,10
13.0744104385,80.19947052,34047,34057,10
13.0745897293,80.1993331909,34057,34067,10
13.0751199722,80.1990966797,34067,34077,10
13.0758895874,80.1990280151,34077,34087,10
13.0768003464,80.1989898682,34087,34097,10
13.0777997971,80.1988830566,34097,34107,10
13.0788097382,80.1987380981,34107,34117,10
13.0797195435,80.1986694336,34117,34128,11
13.0807199478,80.1985626221,34128,34138,10
13.081609726,80.1985321045,34138,34148,10
13.0823402405,80.1984710693,34148,34158,10
13.0829401016,80.1984710693,34158,34168,10
13.0833902359,80.1984634399,34168,34198,30
13.0833902359,80.1984634399,34198,34208,10
13.083530426,80.1984786987,34208,34218,10
13.083820343,80.1984710693,34218,34228,10
13.0842399597,80.1984710693,34228,34239,11
13.0847196579,80.1984786987,34239,34249,10
13.0851202011,80.1984710693,34249,34259,10
13.0856304169,80.1984634399,34259,34269,10
13.0861597061,80.1984405518,34269,34279,10
13.0865802765,80.1984481812,34279,34289,10
13.0869598389,80.1984405518,34289,34299,10
13.087100029,80.1982192993,34299,34309,10
13.087100029,80.1982269287,34309,34319,10
13.0871400833,80.1978912354,34319,34329,10
13.0871801376,80.1971969604,34329,34339,10
13.0872097015,80.1962890625,34339,34349,10
13.0872402191,80.1953430176,34349,34360,11
13.0872898102,80.1943817139,34360,34370,10
13.087269783,80.1928482056,34370,34390,20
13.087269783,80.1928482056,34390,34400,10
13.0872898102,80.1925964355,34400,34410,10
13.0873603821,80.1922531128,34410,34420,10
13.0874500275,80.191619873,34420,34430,10
13.0875701904,80.1907501221,34430,34440,10
13.0877103806,80.1896972656,34440,34450,10
13.0877199173,80.1889419556,34450,34460,10
13.0877399445,80.1888504028,34460,34470,10
13.0877599716,80.1885299683,34470,34481,11
13.0877599716,80.1884765625,34481,34491,10
13.0877799988,80.1884384155,34491,34501,10
13.0877799988,80.1881103516,34501,34511,10
13.0878295898,80.187461853,34511,34521,10
13.0879001617,80.1866378784,34521,34531,10
13.0879096985,80.1858596802,34531,34541,10
13.0879602432,80.1850585938,34541,34551,10
13.0880002975,80.1841812134,34551,34561,10
13.0880203247,80.1831436157,34561,34571,10
13.0880498886,80.1821212769,34571,34581,10
13.0881204605,80.181060791,34581,34591,10
13.0881204605,80.1800994873,34591,34602,11
13.0881099701,80.1796569824,34602,34612,10
13.0881004333,80.1792297363,34612,34622,10
13.0881004333,80.1789779663,34622,34632,10
13.0881204605,80.1788635254,34632,34642,10
13.088139534,80.1784210205,34642,34652,10
13.0881595612,80.1777496338,34652,34662,10
13.0881700516,80.1771316528,34662,34672,10
13.0882301331,80.1764068604,34672,34682,10
13.0882997513,80.17552948,34682,34692,10
13.0883598328,80.1746673584,34692,34702,10
13.0884399414,80.1738433838,34702,34713,11
13.0885000229,80.1727371216,34713,34723,10
13.0885400772,80.17212677,34723,34733,10
13.0885696411,80.1719665527,34733,34743,10
13.0885801315,80.1714477539,34743,34753,10
13.088640213,80.1707763672,34753,34763,10
13.0886697769,80.1701431274,34763,34773,10
13.0886802673,80.1696090698,34773,34783,10
13.0890598297,80.1695022583,34783,34793,10
13.0896596909,80.1695632935,34793,34803,10
13.0904598236,80.1696014404,34803,34813,10
13.0915002823,80.169670105,34813,34823,10
13.0926198959,80.1697387695,34823,34834,11
13.09375,80.1698226929,34834,34844,10
13.0944795609,80.1698608398,34844,34854,10
13.0947999954,80.169883728,34854,34864,10
13.0950403214,80.1699066162,34864,34874,10
13.0954799652,80.1699371338,34874,34884,10
13.0962095261,80.1699829102,34884,34894,10
13.0971002579,80.1700210571,34894,34904,10
13.0979700089,80.1700592041,34904,34914,10
13.0986795425,80.1700973511,34914,34924,10
13.0993204117,80.1701202393,34924,34934,10
13.0996799469,80.1698913574,34934,34975,41
13.0996799469,80.1698913574,34975,34985,10
13.0996799469,80.1696777344,34985,34995,10
13.0995197296,80.1698379517,34995,35892,897
13.0994300842,80.1702270508,35892,35913,21
13.0994300842,80.1702270508,35913,35923,10
13.0991096497,80.170211792,35923,35933,10
13.0986604691,80.170173645,35933,35943,10
13.0981502533,80.1701278687,35943,35953,10
13.0974197388,80.1700820923,35953,35963,10
13.0965595245,80.1700286865,35963,35973,10
13.0956497192,80.1699829102,35973,35983,10
13.0949201584,80.1699523926,35983,35993,10
13.0945901871,80.1699066162,35993,36003,10
13.0937204361,80.1698379517,36003,36013,10
13.0937204361,80.1698379517,36013,36023,10
13.0929603577,80.1697463989,36023,36033,10
13.092040062,80.1697311401,36033,36054,21
13.0900602341,80.1696166992,36054,36064,10
13.0891704559,80.1695785522,36064,36074,10
13.0887403488,80.1696395874,36074,36084,10
13.0887002945,80.1699981689,36084,36094,10
13.0886497498,80.1706924438,36094,36104,10
13.0886297226,80.1714782715,36104,36114,10
13.0886096954,80.1719284058,36114,36124,10
13.0886001587,80.1719970703,36124,36134,10
13.0885696411,80.1723937988,36134,36143,9
13.0885400772,80.172996521,36143,36155,12
13.0884895325,80.1740264893,36155,36165,10
13.0884304047,80.1748733521,36165,36175,10
13.0883598328,80.1758117676,36175,36185,10
13.0882997513,80.1767578125,36185,36195,10
13.0882797241,80.1774978638,36195,36205,10
13.0882701874,80.1786193848,36205,36215,10
13.0882701874,80.1786193848,36215,36225,10
13.0882701874,80.1787185669,36225,36234,9
13.0882701874,80.1789703369,36234,36251,17
13.088259697,80.179359436,36251,36313,62
13.088259697,80.179359436,36313,36323,10
13.0882501602,80.1798095703,36323,36333,10
13.0882396698,80.1804580688,36333,36343,10
13.0882101059,80.1813278198,36343,36353,10
13.0881595612,80.1822509766,36353,36363,10
13.0881204605,80.1832199097,36363,36373,10
13.088060379,80.1841964722,36373,36383,10
13.0880298615,80.184967041,36383,36394,11
13.0880298615,80.1851806641,36394,36404,10
13.0880098343,80.1854629517,36404,36414,10
13.08796978,80.1860580444,36414,36424,10
13.0879497528,80.1868667603,36424,36434,10
13.0879201889,80.1878204346,36434,36444,10
13.0878801346,80.1887588501,36444,36454,10
13.0878400803,80.1895370483,36454,36464,10
13.0878095627,80.1897888184,36464,36474,10
13.0878200531,80.1898498535,36474,36484,10
13.0877599716,80.1901626587,36484,36494,10
13.0876598358,80.1907577515,36494,36504,10
13.0875396729,80.1915664673,36504,36515,11
13.087439537,80.1926269531,36515,36565,50
13.087439537,80.1926269531,36565,36575,10
13.0874099731,80.192817688,36575,36585,10
13.0873804092,80.1931381226,36585,36595,10
13.0873403549,80.1937484741,36595,36605,10
13.0873098373,80.1945800781,36605,36614,9
13.0873003006,80.1953201294,36614,36625,11
13.0872898102,80.1962814331,36625,36636,11
13.0872602463,80.1972885132,36636,36646,10
13.0872602463,80.1977615356,36646,36656,10
13.0872602463,80.1978912354,36656,36666,10
13.0873298645,80.1982803345,36666,36676,10
13.0875101089,80.1984710693,36676,36686,10
13.0879201889,80.1984710693,36686,36696,10
13.08852005,80.1984634399,36696,36706,10
13.0890903473,80.1984634399,36706,36716,10
13.089509964,80.1984863281,36716,36726,10
13.0901603699,80.1985168457,36726,36736,10
13.0908498764,80.1985778809,36736,36747,11
13.0915002823,80.1986312866,36747,36757,10
13.0921802521,80.1986694336,36757,36767,10
13.0929002762,80.1986923218,36767,36777,10
13.0929899216,80.1991195679,36777,36787,10
13.0929403305,80.199836731,36787,36797,10
13.0929002762,80.2005310059,36797,36807,10
13.0926704407,80.2005996704,36807,36817,10
13.0921201706,80.2005767822,36817,36827,10
13.0914001465,80.2005386353,36827,36837,10
13.0906095505,80.2005081177,36837,36847,10
13.0897197723,80.2004928589,36847,36857,10
13.0888795853,80.2004470825,36857,36868,11
13.0879497528,80.2004013062,36868,36878,10
13.087220192,80.200378418,36878,36888,10
13.0870103836,80.2003707886,36888,36898,10
13.0865602493,80.2003479004,36898,36908,10
13.0858802795,80.200340271,36908,36918,10
13.0853996277,80.2002868652,36918,36928,10
13.0853395462,80.2000274658,36928,36938,10
13.0853500366,80.1995162964,36938,36948,10
13.0853204727,80.1988601685,36948,36958,10
13.0850601196,80.198677063,36958,36968,10
13.0845804214,80.198638916,36968,36978,10
13.084280014,80.1986465454,36978,36989,11
13.0840301514,80.198638916,36989,36999,10
13.0835895538,80.198638916,36999,37009,10
13.0832099915,80.1986236572,37009,37029,20
13.0832099915,80.1986236572,37029,37039,10
13.0830402374,80.198638916,37039,37049,10
13.08273983,80.1986312866,37049,37059,10
13.0822601318,80.1986312866,37059,37069,10
13.0818195343,80.1986618042,37069,37079,10
13.0812196732,80.1986465454,37079,37089,10
13.0805902481,80.1986465454,37089,37099,10
13.079870224,80.1987075806,37099,37110,11
13.079079628,80.1987686157,37110,37120,10
13.0782604218,80.1988677979,37120,37130,10
13.0773801804,80.19896698,37130,37140,10
13.0765695572,80.1990737915,37140,37150,10
13.0758495331,80.1991577148,37150,37160,10
13.0751895905,80.1993103027,37160,37170,10
13.0745401382,80.1996383667,37170,37180,10
13.0739097595,80.2001876831,37180,37190,10
13.0736904144,80.2004623413,37190,37200,10
13.0736503601,80.2005004883,37200,37210,10
13.0735902786,80.2005462646,37210,37220,10
13.0735797882,80.200592041,37220,37231,11
13.0733003616,80.2009506226,37231,37241,10
13.0727796555,80.2015686035,37241,37251,10
13.0722303391,80.2022094727,37251,37261,10
13.0716199875,80.2028808594,37261,37271,10
13.0708999634,80.203742981,37271,37281,10
13.0701799393,80.2046203613,37281,37291,10
13.0698204041,80.2050476074,37291,37311,20
13.0698204041,80.2050476074,37311,37321,10
13.0697498322,80.2050476074,37321,37331,10
13.0696296692,80.2049484253,37331,37341,10
13.0694198608,80.2048492432,37341,37352,11
13.0690803528,80.2052001953,37352,37362,10
13.0686101913,80.2054367065,37362,37372,10
13.0679597855,80.2051773071,37372,37483,111
13.0679597855,80.2051773071,37483,37493,10
13.0681200027,80.2049789429,37493,37503,10
13.0684404373,80.2049179077,37503,37513,10
13.068860054,80.2047805786,37513,37523,10
13.0692996979,80.2047271729,37523,37533,10
13.069439888,80.204750061,37533,37543,10
13.0695800781,80.2047805786,37543,37553,10
13.0697698593,80.2048568726,37553,37563,10
13.0698604584,80.2051467896,37563,37573,10
13.069560051,80.2056427002,37573,37583,10
13.0691204071,80.2063217163,37583,37594,11
13.0685396194,80.2072296143,37594,37604,10
13.0679798126,80.2081069946,37604,37614,10
13.0674295425,80.2089385986,37614,37624,10
13.0668096542,80.2098007202,37624,37634,10
13.0660104752,80.2105026245,37634,37644,10
13.0654697418,80.2109680176,37644,37654,10
13.0651903152,80.2112197876,37654,37664,10
13.0650997162,80.2112731934,37664,37674,10
13.0648002625,80.2113876343,37674,37684,10
13.0642795563,80.2115783691,37684,37694,10
13.0637903214,80.2117080688,37694,37735,41
13.0637903214,80.2117080688,37735,37745,10
13.0635404587,80.2116775513,37745,37755,10
13.0630197525,80.2117004395,37755,37765,10
13.062379837,80.2117462158,37765,37775,10
13.0615901947,80.2117614746,37775,37785,10
13.0605297089,80.2117004395,37785,37795,10
13.0594596863,80.2116699219,37795,37805,10
13.0584802628,80.2116317749,37805,37815,10
13.0577297211,80.2116088867,37815,37826,11
13.0575799942,80.2115936279,37826,37836,10
13.0572299957,80.2115783691,37836,37846,10
13.0566501617,80.2115631104,37846,37856,10
13.0558700562,80.2115402222,37856,37866,10
13.055100441,80.2115097046,37866,37876,10
13.0546197891,80.211517334,37876,37886,10
13.0542497635,80.2115783691,37886,37896,10
13.0536899567,80.2116928101,37896,37906,10
13.0529603958,80.2118835449,37906,37916,10
13.0522403717,80.2120666504,37916,37926,10
13.0517997742,80.2121276855,37926,37935,9
13.0513496399,80.2121200562,37935,37947,12
13.0509004593,80.2121124268,37947,37957,10
13.050330162,80.2121505737,37957,37967,10
13.0496301651,80.2121582031,37967,37987,20
13.0496301651,80.2121582031,37987,37997,10
13.049489975,80.2121200562,37997,38007,10
13.0490999222,80.2121200562,38007,38017,10
13.0484399796,80.2121810913,38017,38027,10
13.0476398468,80.2122573853,38027,38037,10
13.0467100143,80.2123031616,38037,38047,10
13.0457496643,80.212348938,38047,38057,10
13.0447797775,80.2124023438,38057,38098,41
13.0447797775,80.2124023438,38098,38108,10
13.0445404053,80.2124023438,38108,38118,10
13.0440502167,80.2124099731,38118,38128,10
13.0433197021,80.2124023438,38128,38138,10
13.0425195694,80.2124176025,38138,38148,10
13.0417299271,80.2124328613,38148,38158,10
13.040719986,80.2124176025,38158,38168,10
13.0396995544,80.2124176025,38168,38177,9
13.0388202667,80.2124099731,38177,38189,12
13.0377197266,80.2124023438,38189,38229,40
13.0377197266,80.2124023438,38229,38239,10
13.0376195908,80.212310791,38239,38249,10
13.0373296738,80.212310791,38249,38259,10
13.0367097855,80.2123031616,38259,38269,10
13.0359697342,80.2123031616,38269,38279,10
13.0355195999,80.212310791,38279,38288,9
13.0352401733,80.2122879028,38288,38299,11
13.0347995758,80.2122268677,38299,38310,11
13.0344295502,80.2121734619,38310,38320,10
13.0342502594,80.2121429443,38320,38330,10
13.0341100693,80.2121200562,38330,38340,10
13.0337600708,80.212059021,38340,38350,10
13.0332298279,80.2119522095,38350,38360,10
13.0325803757,80.2118301392,38360,38370,10
13.0320301056,80.2116470337,38370,38380,10
13.0320301056,80.2110595703,38380,38390,10
13.0320701599,80.2103729248,38390,38400,10
13.032119751,80.2097473145,38400,38410,10
13.0318603516,80.2096176147,38410,38421,11
13.0313501358,80.2094726563,38421,38431,10
13.0310001373,80.2093963623,38431,38441,10
13.0305404663,80.2092666626,38441,38451,10
13.0300102234,80.2090988159,38451,38461,10
13.0296602249,80.2089920044,38461,38471,10
13.0296497345,80.2089920044,38471,38481,10
13.0295801163,80.2089767456,38481,38491,10
13.0292396545,80.2088394165,38491,38501,10
13.0284996033,80.208656311,38501,38511,10
13.027680397,80.2083511353,38511,38521,10
13.0268602371,80.2078933716,38521,38531,10
13.02602005,80.2073898315,38531,38542,11
13.0249900818,80.2070465088,38542,38552,10
13.0242700577,80.2069168091,38552,38562,10
13.0240697861,80.2068634033,38562,38572,10
13.0235700607,80.206741333,38572,38582,10
13.0228395462,80.2066726685,38582,38592,10
13.0219497681,80.2065887451,38592,38602,10
13.0208997726,80.20652771,38602,38612,10
13.0198497772,80.2064971924,38612,38622,10
13.0191802979,80.206413269,38622,38632,10
13.0191001892,80.2063674927,38632,38642,10
13.0189399719,80.2062988281,38642,38652,10
13.0184602737,80.2061462402,38652,38663,11
13.0177001953,80.2059173584,38663,38673,10
13.0170898438,80.2056274414,38673,38683,10
13.0165395737,80.2053833008,38683,38693,10
13.0155200958,80.2051086426,38693,38703,10
13.0146799088,80.2048492432,38703,38713,10
13.0142297745,80.2046585083,38713,38723,10
13.0140600204,80.2045593262,38723,38733,10
13.0136604309,80.2044525146,38733,38743,10
13.0135097504,80.2048034668,38743,38753,10
13.0133304596,80.2053604126,38753,38763,10
13.0130901337,80.2061004639,38763,38773,10
13.0129899979,80.20703125,38773,38784,11
13.0128803253,80.2078475952,38784,38794,10
13.0128898621,80.2083969116,38794,38804,10
13.0129003525,80.2086334229,38804,38814,10
13.0129804611,80.2091064453,38814,38824,10
13.0131702423,80.2096862793,38824,38833,9
13.0131196976,80.2102279663,38833,38844,11
13.0129699707,80.2109222412,38844,38854,10
13.0126304626,80.2116165161,38854,38864,10
13.0122098923,80.2123031616,38864,38874,10
13.0118999481,80.2127380371,38874,38883,9
13.0117397308,80.2127838135,38883,38894,11
13.0114297867,80.2125473022,38894,38905,11
13.0108499527,80.2121200562,38905,38915,10
13.0103702545,80.2117080688,38915,38925,10
13.0099697113,80.2114181519,38925,38935,10
13.0094499588,80.2110824585,38935,38975,40
13.0094499588,80.2110824585,38975,38985,10
13.0092697144,80.2111663818,38985,38995,10
13.009059906,80.2114334106,38995,39005,10
13.009059906,80.211807251,39005,39016,11
13.0092897415,80.2125015259,39016,39026,10
13.0095596313,80.2132034302,39026,39036,10
13.0098495483,80.2139129639,39036,39046,10
13.0101203918,80.2145996094,39046,39056,10
13.0102300644,80.2153778076,39056,39066,10
13.0105199814,80.2162399292,39066,39076,10
13.0109395981,80.2171630859,39076,39086,10
13.0113401413,80.218132019,39086,39096,10
13.0117397308,80.2192306519,39096,39106,10
13.0120801926,80.2203216553,39106,39116,10
13.0122900009,80.2210693359,39116,39126,10
13.0124197006,80.221496582,39126,39137,11
13.0127801895,80.2219924927,39137,39147,10
13.0132398605,80.2226028442,39147,39157,10
13.0138301849,80.2232818604,39157,39167,10
13.0143203735,80.2238998413,39167,39177,10
13.0148000717,80.2244491577,39177,39187,10
13.0151796341,80.2248382568,39187,39197,10
13.0154104233,80.2251968384,39197,39217,20
13.0154104233,80.2251968384,39217,39227,10
13.0153799057,80.2253036499,39227,39258,31
13.0153799057,80.2253036499,39258,39268,10
13.0153999329,80.2253799438,39268,39278,10
13.0153398514,80.2257232666,39278,39288,10
13.0150604248,80.2259063721,39288,39298,10
13.0147104263,80.2260513306,39298,39308,10
13.0141801834,80.2262802124,39308,39318,10
13.0134601593,80.2265701294,39318,39328,10
13.0126399994,80.2268981934,39328,39338,10
13.0116796494,80.2272720337,39338,39348,10
13.0107297897,80.2276535034,39348,39358,10
13.0098896027,80.2279663086,39358,39368,10
13.0094604492,80.2276535034,39368,39379,11
13.0097398758,80.2270431519,39379,39389,10
13.0100803375,80.2263183594,39389,39399,10
13.0103998184,80.2254486084,39399,39409,10
13.0106096268,80.2249603271,39409,39419,10
13.0108098984,80.2245178223,39419,39429,10
13.0111103058,80.2238006592,39429,39439,10
13.0112400055,80.2232437134,39439,39449,10
13.0107698441,80.2230300903,39449,39459,10
13.0101203918,80.2226715088,39459,39469,10
13.0093898773,80.2222671509,39469,39479,10
13.0085697174,80.2218170166,39479,39489,10
13.0077400208,80.2213592529,39489,39500,11
13.0068302155,80.220916748,39500,39510,10
13.0059204102,80.2205963135,39510,39520,10
13.004989624,80.2203826904,39520,39530,10
13.0041904449,80.220161438,39530,39540,10
13.0033397675,80.2199783325,39540,39550,10
13.0027303696,80.2197113037,39550,39560,10
13.002120018,80.2191925049,39560,39570,10
13.0015497208,80.2185821533,39570,39580,10
13.0008602142,80.2181167603,39580,39590,10
13.0001096725,80.2176513672,39590,39600,10
12.9993095398,80.2171707153,39600,39609,9
12.9985704422,80.216796875,39609,39621,12
12.9976501465,80.2165603638,39621,39631,10
12.9974803925,80.2165527344,39631,39641,10
12.9973697662,80.2165298462,39641,39651,10
12.9970302582,80.2165527344,39651,39661,10
12.9964599609,80.2165985107,39661,39671,10
12.9957103729,80.216758728,39671,39681,10
12.9950704575,80.2170791626,39681,39691,10
12.9947900772,80.2172698975,39691,39701,10
12.9943799973,80.2175521851,39701,39711,10
12.9938497543,80.2179412842,39711,39721,10
12.9932804108,80.2183532715,39721,39732,11
12.992600441,80.2188262939,39732,39742,10
12.991900444,80.2193374634,39742,39752,10
12.9913797379,80.2195892334,39752,39762,10
12.9910497665,80.2194824219,39762,39772,10
12.9909095764,80.2194213867,39772,39782,10
12.9904403687,80.21925354,39782,39792,10
12.9897298813,80.2189865112,39792,39802,10
12.9888496399,80.2186584473,39802,39812,10
12.9879703522,80.218421936,39812,39822,10
12.9873800278,80.2183303833,39822,39832,10
12.9869804382,80.2182693481,39832,39841,9
12.9869003296,80.2182617188,39841,39853,12
12.9864196777,80.2181396484,39853,39863,10
12.9856700897,80.2179412842,39863,39873,10
12.9846897125,80.2179336548,39873,39883,10
12.9837503433,80.2179412842,39883,39893,10
12.9833498001,80.2179794312,39893,39903,10
12.9828796387,80.2179794312,39903,39913,10
12.9821901321,80.2179794312,39913,39923,10
12.9813404083,80.2180786133,39923,39933,10
12.9805898666,80.2183074951,39933,39943,10
12.9798898697,80.2185897827,39943,39953,10
12.9792699814,80.2188491821,39953,39963,10
12.9786996841,80.219078064,39963,39974,11
12.9780702591,80.219329834,39974,39984,10
12.9772796631,80.2196731567,39984,39994,10
12.9765300751,80.2199935913,39994,40004,10
12.9758901596,80.2202911377,40004,40014,10
12.9755496979,80.2205200195,40014,40024,10
12.9756097794,80.2207870483,40024,40064,40
12.9759197235,80.2209396362,40064,41002,938
12.9760904312,80.2212371826,41002,41274,272
12.9760904312,80.2212371826,41274,41283,9
12.976269722,80.221321106,41283,41295,12
12.9765996933,80.2212600708,41295,41305,10
12.9770803452,80.2212600708,41305,41315,10
12.9776496887,80.2212295532,41315,41325,10
12.9781503677,80.2211837769,41325,41335,10
12.9788198471,80.2211074829,41335,41345,10
12.9795198441,80.2210617065,41345,41355,10
12.9799604416,80.2210388184,41355,41365,10
12.9805402756,80.2210006714,41365,41375,10
12.9812898636,80.2211303711,41375,41385,10
12.981880188,80.2215270996,41385,41395,10
12.9824800491,80.2217788696,41395,41405,10
12.9828100204,80.2218704224,41405,41416,11
12.9829397202,80.2219467163,41416,41426,10
12.9830904007,80.2220230103,41426,41436,10
12.9833602905,80.2221984863,41436,41446,10
12.9838495255,80.2225112915,41446,41456,10
12.9845104218,80.2229385376,41456,41466,10
12.9850797653,80.2232284546,41466,41476,10
12.9854898453,80.2231826782,41476,41486,10
12.9859104156,80.2229614258,41486,41496,10
12.9864501953,80.2229537964,41496,41506,10
12.9864902496,80.2229537964,41506,41516,10
12.9867401123,80.2229614258,41516,41525,9
12.987159729,80.2230300903,41525,41537,12
12.9878702164,80.2229614258,41537,41547,10
12.9884901047,80.2224578857,41547,41557,10
12.9890699387,80.2217712402,41557,41567,10
12.9895200729,80.2212219238,41567,41577,10
12.9898099899,80.2208328247,41577,41587,10
12.9903297424,80.2203674316,41587,41597,10
12.9904098511,80.2203292847,41597,41607,10
12.9904899597,80.2202529907,41607,41617,10
12.9907598495,80.2200698853,41617,41627,10
12.991230011,80.2197113037,41627,41637,10
12.9917297363,80.2193603516,41637,41647,10
12.9923801422,80.2189102173,41647,41658,11
12.9932203293,80.2182922363,41658,41668,10
12.9940299988,80.2177200317,41668,41678,10
12.9946403503,80.2172775269,41678,41688,10
12.9951295853,80.2169265747,41688,41698,10
12.995759964,80.2166671753,41698,41708,10
12.9964399338,80.2165374756,41708,41718,10
12.9970703125,80.2164535522,41718,41728,10
12.997300148,80.2162628174,41728,41738,10
12.997469902,80.2161178589,41738,41748,10
12.997469902,80.2161102295,41748,41758,10
12.9976100922,80.216003418,41758,41768,10
12.9979496002,80.215713501,41768,41779,11
12.9984998703,80.2152481079,41779,41789,10
12.9990501404,80.2147827148,41789,41799,10
12.9993000031,80.2145767212,41799,41809,10
12.9997396469,80.2142028809,41809,41819,10
13.0001096725,80.2138595581,41819,41829,10
13.0006103516,80.2134094238,41829,41839,10
13.0012197495,80.2129135132,41839,41849,10
13.0018501282,80.2124328613,41849,41859,10
13.0024003983,80.2121429443,41859,41869,10
13.0029697418,80.2120513916,41869,41879,10
13.0036697388,80.2118988037,41879,41900,21
13.0036697388,80.2118988037,41900,41910,10
13.0036697388,80.2115478516,41910,41920,10
13.0036296844,80.2109680176,41920,41930,10
13.0035495758,80.2103500366,41930,41940,10
13.0034799576,80.2097091675,41940,41950,10
13.0036001205,80.2089920044,41950,41960,10
13.004119873,80.2086791992,41960,41970,10
13.0050001144,80.2090682983,41970,41980,10
13.0059604645,80.2094497681,41980,41990,10
13.0067300797,80.2096786499,41990,42000,10
13.0073900223,80.2097930908,42000,42021,21
13.0073900223,80.2097930908,42021,42031,10
13.0075302124,80.2098388672,42031,42041,10
13.0079202652,80.2099304199,42041,42051,10
13.0081396103,80.2097930908,42051,42061,10
13.0080299377,80.2092208862,42061,42071,10
13.007900238,80.208442688,42071,42081,10
13.0077400208,80.2075119019,42081,42091,10
13.0075998306,80.2064437866,42091,42101,10
13.007519722,80.2053375244,42101,42111,10
13.0075101852,80.2043914795,42111,42121,10
13.0074300766,80.2035598755,42121,42132,11
13.0070896149,80.2026062012,42132,42142,10
13.0065097809,80.202911377,42142,42152,10
13.0069103241,80.2034072876,42152,42162,10
13.0075998306,80.2036590576,42162,42172,10
13.0084104538,80.2036895752,42172,42182,10
13.0094299316,80.2036209106,42182,42192,10
13.0106201172,80.2036132813,42192,42202,10
13.011879921,80.203742981,42202,42212,10
13.0130596161,80.2039871216,42212,42222,10
13.0140399933,80.2043228149,42222,42232,10
13.0147800446,80.2045516968,42232,42242,10
13.0149202347,80.2046127319,42242,42253,11
13.015080452,80.2046737671,42253,42263,10
13.015540123,80.2048110962,42263,42273,10
13.0162096024,80.205078125,42273,42283,10
13.016869545,80.2052612305,42283,42293,10
13.0174598694,80.2054901123,42293,42303,10
13.0180301666,80.2057113647,42303,42313,10
13.0186300278,80.2059326172,42313,42323,10
13.0186796188,80.2059402466,42323,42333,10
13.0189199448,80.2060317993,42333,42343,10
13.0193901062,80.2061767578,42343,42353,10
13.0198202133,80.2062911987,42353,42363,10
13.0202302933,80.2062988281,42363,42374,11
13.0209703445,80.2062988281,42374,42384,10
13.0217599869,80.2063217163,42384,42394,10
13.0225496292,80.2063980103,42394,42404,10
13.0234203339,80.2065811157,42404,42414,10
13.0242595673,80.2066879272,42414,42424,10
13.0244102478,80.2067108154,42424,42434,10
13.0247497559,80.20677948,42434,42444,10
13.0254001617,80.2069625854,42444,42454,10
13.0261602402,80.2073364258,42454,42464,10
13.0269203186,80.2077865601,42464,42474,10
13.0276603699,80.2082366943,42474,42484,10
13.0285196304,80.2085800171,42484,42495,11
13.0295495987,80.2088394165,42495,42505,10
13.0304603577,80.2090911865,42505,42515,10
13.0312995911,80.209312439,42515,42525,10
13.0316095352,80.2093887329,42525,42535,10
13.03166008,80.2093734741,42535,42545,10
13.0320196152,80.2095031738,42545,42555,10
13.0326004028,80.2096328735,42555,42565,10
13.0333900452,80.2097625732,42565,42575,10
13.0342502594,80.2099609375,42575,42585,10
13.0349798203,80.2101974487,42585,42595,10
13.0349798203,80.2105712891,42595,42605,10
13.0350103378,80.2113189697,42605,42626,21
13.0350103378,80.2113189697,42626,42636,10
13.0349597931,80.211479187,42636,42646,10
13.0349302292,80.2116622925,42646,42656,10
13.0348901749,80.2119903564,42656,42676,20
13.0348901749,80.2119903564,42676,42686,10
13.0350198746,80.2121887207,42686,42696,10
13.0354995728,80.2122573853,42696,42706,10
13.036190033,80.2122802734,42706,42716,10
13.0370197296,80.2123336792,42716,42726,10
13.0380296707,80.2123031616,42726,42737,11
13.0392398834,80.2122573853,42737,42747,10
13.0403795242,80.2122573853,42747,42757,10
13.0416402817,80.212310791,42757,42767,10
13.0428199768,80.212310791,42767,42777,10
13.0438499451,80.2123031616,42777,42787,10
13.0444898605,80.2122879028,42787,42797,10
13.0450601578,80.2122879028,42797,42807,10
13.0458297729,80.2122802734,42807,42817,10
13.0467100143,80.2122421265,42817,42827,10
13.0476999283,80.2121582031,42827,42837,10
13.0484695435,80.212097168,42837,42848,11
13.0485601425,80.212097168,42848,42858,10
13.0486602783,80.2120819092,42858,42868,10
13.0491104126,80.2120437622,42868,42878,10
13.0497398376,80.2119903564,42878,42888,10
13.0499601364,80.2119903564,42888,42898,10
13.0502300262,80.2119827271,42898,42908,10
13.0508298874,80.2120132446,42908,42918,10
13.0515403748,80.2120285034,42918,42928,10
13.0523700714,80.2119064331,42928,42938,10
13.0533895493,80.2116928101,42938,42948,10
13.0544700623,80.2114486694,42948,42957,9
13.0555000305,80.2114486694,42957,42969,12
13.0567998886,80.2114868164,42969,42979,10
13.0575799942,80.211479187,42979,42989,10
13.0576400757,80.2114715576,42989,42999,10
13.057800293,80.2114715576,42999,43009,10
13.0582304001,80.211479187,43009,43019,10
13.0588998795,80.211517334,43019,43029,10
13.0597000122,80.2115783691,43029,43039,10
13.0606603622,80.2116088867,43039,43049,10
13.0616903305,80.2116470337,43049,43059,10
13.0626602173,80.2116470337,43059,43069,10
13.0632200241,80.2115631104,43069,43079,10
13.0632295609,80.2115631104,43079,43090,11
13.0636196136,80.2115478516,43090,43110,20
13.0636196136,80.2115478516,43110,43120,10
13.0638904572,80.2115631104,43120,43130,10
13.0643796921,80.2114715576,43130,43140,10
13.0650196075,80.2111129761,43140,43150,10
13.0657396317,80.2105484009,43150,43160,10
13.0665597916,80.2098464966,43160,43170,10
13.0672101974,80.2089309692,43170,43180,10
13.0678501129,80.2079315186,43180,43190,10
13.0685396194,80.2068710327,43190,43200,10
13.0691795349,80.2058410645,43200,43211,11
13.0696401596,80.2050018311,43211,43221,10
13.0693101883,80.2048187256,43221,43231,10
13.0690097809,80.2052001953,43231,43241,10
13.0687303543,80.2051467896,43241,43281,40
13.0687303543,80.2051467896,43281,43291,10
13.0686998367,80.2049789429,43291,43301,10
13.0688400269,80.2048034668,43301,43311,10
13.0690498352,80.2047271729,43311,43321,10
13.0692396164,80.2047424316,43321,43332,11
13.0694904327,80.2047729492,43332,43342,10
13.069729805,80.2048110962,43342,43352,10
13.0697898865,80.2048110962,43352,43362,10
13.0699396133,80.2047195435,43362,43372,10
13.0701799393,80.2044067383,43372,43382,10
13.0706100464,80.2038726807,43382,43392,10
13.0712099075,80.2031936646,43392,43402,10
13.0719099045,80.2024230957,43402,43412,10
13.0724496841,80.2018127441,43412,43422,10
13.0729598999,80.201210022,43422,43431,9
13.0734100342,80.2007217407,43431,43443,12
13.0740098953,80.200012207,43443,43453,10
13.0743703842,80.1996078491,43453,43463,10
13.074379921,80.1996002197,43463,43473,10
13.0744800568,80.1995010376,43473,43483,10
13.0748500824,80.1992416382,43483,43493,10
13.0755300522,80.1990737915,43493,43503,10
13.0763702393,80.1990509033,43503,43513,10
13.0774002075,80.1989517212,43513,43523,10
13.0785198212,80.1987991333,43523,43533,10
13.0795402527,80.1986999512,43533,43543,10
13.0805702209,80.198600769,43543,43553,10
13.0814695358,80.1985626221,43553,43564,11
13.0824604034,80.1984786987,43564,43574,10
13.0831804276,80.1984786987,43574,43584,10
13.0834999084,80.1984710693,43584,43594,10
13.0836496353,80.1984710693,43594,43604,10
13.0838699341,80.1984786987,43604,43614,10
13.0839996338,80.1984863281,43614,43624,10
13.0843200684,80.1984863281,43624,43634,10
13.0847396851,80.1984786987,43634,43644,10
13.0849103928,80.1985015869,43644,43654,10
13.0850896835,80.1984786987,43654,43664,10
13.0854301453,80.1984481812,43664,43674,10
13.0858201981,80.1984176636,43674,43685,11
13.0863599777,80.1984176636,43685,43695,10
13.0867996216,80.1984634399,43695,43705,10
13.0870399475,80.1984176636,43705,43715,10
13.0870800018,80.1981124878,43715,43725,10
13.087100029,80.1979904175,43725,43735,10
13.0871200562,80.1978530884,43735,43745,10
13.0871496201,80.1973800659,43745,43755,10
13.0871801376,80.1966094971,43755,43765,10
13.0871896744,80.1958007813,43765,43775,10
13.0871801376,80.1955184937,43775,43785,10
13.0871801376,80.195098877,43785,43795,10
13.0872097015,80.1944122314,43795,43806,11
13.0872097015,80.1935195923,43806,43816,10
13.0871896744,80.1931381226,43816,43826,10
13.0872001648,80.1930770874,43826,43836,10
13.0872297287,80.1928100586,43836,43846,10
13.0872802734,80.1925125122,43846,43856,10
13.0873603821,80.1920013428,43856,43866,10
13.0874595642,80.1913604736,43866,43876,10
13.0875597,80.1905593872,43876,43886,10
13.087679863,80.189666748,43886,43896,10
13.0877199173,80.1890716553,43896,43906,10
13.0877399445,80.1886825562,43906,43916,10
13.0877304077,80.1883087158,43916,43927,11
13.0878000259,80.1877670288,43927,43937,10
13.0878095627,80.1870498657,43937,43947,10
13.0878200531,80.1862564087,43947,43957,10
13.0878601074,80.1855621338,43957,43967,10
13.0878896713,80.1850585938,43967,43977,10
13.0879402161,80.1846618652,43977,43987,10
13.0879898071,80.1839981079,43987,43997,10
13.0880403519,80.1831588745,43997,44007,10
13.088060379,80.1823272705,44007,44017,10
13.0880899429,80.1815795898,44017,44027,10
13.0881204605,80.1806793213,44027,44037,10
13.0881500244,80.1798782349,44037,44048,11
13.0881099701,80.1793670654,44048,44058,10
13.0881004333,80.1790618896,44058,44068,10
13.0880899429,80.1789627075,44068,44078,10
13.0881204605,80.178527832,44078,44088,10
13.088139534,80.1778869629,44088,44098,10
13.0881099701,80.1773605347,44098,44108,10
13.0881299973,80.1768035889,44108,44118,10
13.0881795883,80.1760101318,44118,44128,10
13.0882396698,80.1751403809,44128,44138,10
13.0882902145,80.1745834351,44138,44148,10
13.0883398056,80.1740570068,44148,44159,11
13.0883903503,80.1734008789,44159,44169,10
13.0884199142,80.1727828979,44169,44179,10
13.0884399414,80.1721801758,44179,44189,10
13.0884504318,80.1719207764,44189,44199,10
13.0884799957,80.1716995239,44199,44209,10
13.0885095596,80.1713562012,44209,44219,10
13.08852005,80.1712265015,44219,44229,10
13.0885295868,80.1710662842,44229,44239,10
13.0885400772,80.1707305908,44239,44249,10
13.0885400772,80.1700668335,44249,44259,10
13.0887203217,80.1695175171,44259,44269,10
13.0892295837,80.1695404053,44269,44280,11
13.0900802612,80.1696014404,44280,44290,10
13.0910100937,80.1696395874,44290,44300,10
13.0920801163,80.1697006226,44300,44310,10
13.093170166,80.1697769165,44310,44320,10
13.0941095352,80.1698226929,44320,44330,10
13.0946903229,80.1698608398,44330,44340,10
13.0949897766,80.1699066162,44340,44350,10
13.0954399109,80.1699295044,44350,44360,10
13.0961503983,80.169960022,44360,44370,10
13.0970001221,80.1699981689,44370,44380,10
13.0978899002,80.1700515747,44380,44389,9
13.0986299515,80.1700820923,44389,44401,12
13.0994501114,80.1700897217,44401,44411,10
13.0996398926,80.1697921753,44411,44431,20
13.0996398926,80.1697921753,44431,44441,10
13.0995197296,80.169670105,44441,44451,10
13.0992603302,80.1696090698,44451,44461,10
13.0990200043,80.1696014404,44461,44471,10
13.0988197327,80.1694869995,44471,44481,10
13.0987300873,80.1692276001,44481,46326,1845
13.0987300873,80.1692276001,46326,46336,10
13.0988502502,80.1694412231,46336,46347,11
13.0991096497,80.1695404053,46347,46417,70
13.0991096497,80.1695404053,46417,46427,10
13.0993204117,80.169631958,46427,46437,10
13.0993299484,80.1698608398,46437,46659,222
13.0993299484,80.1698608398,46659,46669,10
13.0992603302,80.1702194214,46669,46679,10
13.0991897583,80.1702270508,46679,46689,10
13.0989198685,80.170211792,46689,46699,10
13.098400116,80.1701583862,46699,46710,11
13.0975799561,80.1701126099,46710,46720,10
13.0966501236,80.1700515747,46720,46730,10
13.0956401825,80.1699981689,46730,46740,10
13.0949201584,80.169960022,46740,46750,10
13.0946302414,80.1699295044,46750,46760,10
13.0943202972,80.1699371338,46760,46770,10
13.0937795639,80.169921875,46770,46780,10
13.0930404663,80.1698532104,46780,46790,10
13.0921096802,80.1697998047,46790,46800,10
13.091050148,80.1697311401,46800,46810,10
13.0900297165,80.1696624756,46810,46820,10
13.0890703201,80.169593811,46820,46831,11
13.0886898041,80.1698226929,46831,46841,10
13.0886297226,80.1703262329,46841,46851,10
13.0885801315,80.1710891724,46851,46861,10
13.0885696411,80.171836853,46861,46871,10
13.0885601044,80.1719436646,46871,46881,10
13.0885400772,80.172088623,46881,46891,10
13.0885095596,80.1725692749,46891,46901,10
13.088470459,80.1733016968,46901,46911,10
13.0884103775,80.1741790771,46911,46921,10
13.088350296,80.175239563,46921,46931,10
13.0882701874,80.1763687134,46931,46941,10
13.0882396698,80.1772537231,46941,46952,11
13.0882301331,80.1780166626,46952,46962,10
13.0882101059,80.1785736084,46962,46972,10
13.0882101059,80.1785812378,46972,46982,10
13.0882196426,80.1787796021,46982,46992,10
13.0881996155,80.1793823242,46992,47002,10
13.0881795883,80.1802215576,47002,47012,10
13.0881500244,80.1812210083,47012,47022,10
13.0881004333,80.1821975708,47022,47032,10
13.0880498886,80.18309021,47032,47042,10
13.0880002975,80.1841125488,47042,47052,10
13.08796978,80.1850204468,47052,47062,10
13.0879602432,80.1854324341,47062,47073,11
13.0879201889,80.1859970093,47073,47083,10
13.0879001617,80.1867370605,47083,47093,10
13.087849617,80.187538147,47093,47103,10
13.087849617,80.1881866455,47103,47113,10
13.0878200531,80.1888809204,47113,47123,10
13.0877504349,80.189743042,47123,47143,20
13.0877504349,80.189743042,47143,47153,10
13.0876903534,80.1899490356,47153,47163,10
13.0875902176,80.1904983521,47163,47173,10
13.0874900818,80.1912765503,47173,47184,11
13.0873804092,80.1922225952,47184,47194,10
13.0873203278,80.193031311,47194,47204,10
13.0873098373,80.1938705444,47204,47214,10
13.0872802734,80.1947631836,47214,47224,10
13.0872802734,80.1951370239,47224,47234,10
13.0872497559,80.1957168579,47234,47244,10
13.0872297287,80.1965332031,47244,47254,10
13.0871896744,80.1977233887,47254,47274,20
13.0871896744,80.1977233887,47274,47284,10
13.087220192,80.1981201172,47284,47294,10
13.0873603821,80.1984024048,47294,47305,11
13.0877304077,80.1984176636,47305,47315,10
13.0883197784,80.1984024048,47315,47325,10
13.0890798569,80.1984100342,47325,47335,10
13.0895700455,80.1984481812,47335,47345,10
13.0902395248,80.1985015869,47345,47355,10
13.0910902023,80.198600769,47355,47365,10
13.0914697647,80.1986465454,47365,47375,10
13.0919599533,80.198677063,47375,47385,10
13.0927200317,80.1986618042,47385,47395,10
13.0929698944,80.1990127563,47395,47405,10
13.0929203033,80.1997528076,47405,47415,10
13.0928602219,80.2005004883,47415,47426,11
13.0927000046,80.200630188,47426,47436,10
13.092300415,80.2005996704,47436,47446,10
13.0916700363,80.2005462646,47446,47456,10
13.0908403397,80.2005310059,47456,47466,10
13.0899000168,80.2004623413,47466,47476,10
13.0889101028,80.2004470825,47476,47486,10
13.087849617,80.2004318237,47486,47496,10
13.0873804092,80.2004165649,47496,47506,10
13.0870304108,80.2004013062,47506,47516,10
13.086400032,80.200378418,47516,47526,10
13.0857200623,80.2003479004,47526,47536,10
13.0854597092,80.2003326416,47536,47547,11
13.0853099823,80.2001800537,47547,47557,10
13.0853395462,80.1997375488,47557,47567,10
13.0853595734,80.1991119385,47567,47577,10
13.0852203369,80.1987228394,47577,47587,10
13.0847702026,80.1987075806,47587,47597,10
13.0843200684,80.1986694336,47597,47607,10
13.0843000412,80.1986618042,47607,47617,10
13.0839700699,80.198638916,47617,47627,10
13.0835800171,80.1986312866,47627,47637,10
13.0832395554,80.198600769,47637,47647,10
13.0832300186,80.198600769,47647,47657,10
13.0829696655,80.198600769,47657,47668,11
13.0824098587,80.1986083984,47668,47678,10
13.0818195343,80.1986312866,47678,47688,10
13.0811595917,80.198638916,47688,47698,10
13.080499649,80.1986618042,47698,47708,10
13.07970047,80.1987533569,47708,47718,10
13.0790195465,80.1988220215,47718,47728,10
13.0784301758,80.1988601685,47728,47738,10
13.0776596069,80.1989593506,47738,47748,10
13.076789856,80.1990737915,47748,47758,10
13.0758399963,80.1992034912,47758,47768,10
13.0748195648,80.1994781494,47768,47777,9
13.0740003586,80.2000579834,47777,47789,12
13.0735197067,80.2006072998,47789,47799,10
13.0733203888,80.2009429932,47799,47809,10
13.0732803345,80.200958252,47809,47819,10
13.0730199814,80.2012481689,47819,47829,10
13.0725803375,80.201751709,47829,47839,10
13.0720300674,80.2023391724,47839,47849,10
13.0713996887,80.2030410767,47849,47859,10
13.070690155,80.2038726807,47859,47869,10
13.0700502396,80.2046813965,47869,47879,10
13.0696601868,80.2049636841,47879,47889,10
13.069270134,80.2048568726,47889,47899,10
13.0689496994,80.205291748,47899,47910,11
13.0684204102,80.2054367065,47910,47920,10
13.0680303574,80.2053985596,47920,47930,10
13.0680103302,80.205116272,47930,47950,20
13.0680103302,80.205116272,47950,47960,10
13.0681495667,80.2050170898,47960,47970,10
13.0684700012,80.2049179077,47970,47980,10
13.0687904358,80.2047805786,47980,47990,10
13.0690898895,80.2047119141,47990,48000,10
13.069439888,80.2047424316,48000,48020,20
13.069439888,80.2047424316,48020,48031,11
13.0697898865,80.2048873901,48031,48041,10
13.0697097778,80.2053604126,48041,48051,10
13.0692996979,80.2060012817,48051,48061,10
13.0687999725,80.20677948,48061,48071,10
13.0682296753,80.2076797485,48071,48081,10
13.0676002502,80.2086715698,48081,48091,10
13.0669002533,80.2096786499,48091,48101,10
13.0659399033,80.2105331421,48101,48111,10
13.0652999878,80.2110214233,48111,48121,10
13.0648498535,80.2113265991,48121,48131,10
13.064740181,80.2113723755,48131,48140,9
13.0644598007,80.2115020752,48140,48152,12
13.0637397766,80.2117004395,48152,48182,30
13.0637397766,80.2117004395,48182,48192,10
13.0633201599,80.2117080688,48192,48202,10
13.062620163,80.211730957,48202,48212,10
13.061829567,80.2117233276,48212,48222,10
13.0609703064,80.2116928101,48222,48232,10
13.0599403381,80.2116470337,48232,48242,10
13.0588703156,80.2116165161,48242,48252,10
13.0580701828,80.2115936279,48252,48262,10
13.0578699112,80.2115936279,48262,48273,11
13.0576496124,80.2115707397,48273,48283,10
13.0571298599,80.2115631104,48283,48293,10
13.0563602448,80.2115478516,48293,48303,10
13.0554304123,80.211517334,48303,48313,10
13.0545597076,80.2115097046,48313,48323,10
13.0537595749,80.2116622925,48323,48333,10
13.0528202057,80.2119216919,48333,48343,10
13.0518398285,80.2121429443,48343,48353,10
13.0508804321,80.2121582031,48353,48363,10
13.0501899719,80.2121734619,48363,48373,10
13.0495195389,80.2121429443,48373,48394,21
13.0495195389,80.2121429443,48394,48404,10
13.0494403839,80.2120895386,48404,48414,10
13.0490999222,80.2120895386,48414,48424,10
13.0484800339,80.2121429443,48424,48434,10
13.0477600098,80.2122116089,48434,48444,10
13.0468902588,80.2122573853,48444,48454,10
13.0458297729,80.212310791,48454,48464,10
13.0449399948,80.2123718262,48464,48474,10
13.0441999435,80.2123565674,48474,48484,10
13.0433101654,80.2123565674,48484,48494,10
13.0423297882,80.2123413086,48494,48504,10
13.0413198471,80.212387085,48504,48515,11
13.0400695801,80.2123794556,48515,48525,10
13.0392198563,80.2123794556,48525,48535,10
13.0381298065,80.2123794556,48535,48585,50
13.0381298065,80.2123794556,48585,48595,10
13.0379600525,80.2123565674,48595,48605,10
13.0374803543,80.2123718262,48605,48615,10
13.0368900299,80.2123413086,48615,48625,10
13.0361795425,80.2123336792,48625,48636,11
13.0355195999,80.2123336792,48636,48646,10
13.0352296829,80.2123184204,48646,48656,10
13.0348796844,80.2122573853,48656,48666,10
13.0344495773,80.2121582031,48666,48676,10
13.034119606,80.2121200562,48676,48686,10
13.034040451,80.2121124268,48686,48696,10
13.0336303711,80.2120437622,48696,48706,10
13.0328598022,80.2119064331,48706,48716,10
13.0320396423,80.211807251,48716,48726,10
13.031920433,80.2112197876,48726,48736,10
13.0320501328,80.2104187012,48736,48746,10
13.0321102142,80.2097396851,48746,48757,11
13.0316896439,80.2095718384,48757,48767,10
13.0310897827,80.2093734741,48767,48777,10
13.0304698944,80.2092208862,48777,48786,9
13.0300102234,80.2090835571,48786,48797,11
13.02987957,80.2090377808,48797,48807,10
13.029709816,80.2089996338,48807,48817,10
13.0293998718,80.2089385986,48817,48827,10
13.0288095474,80.2087631226,48827,48837,10
13.0279998779,80.2085037231,48837,48847,10
13.0272397995,80.2080993652,48847,48857,10
13.0263795853,80.2075805664,48857,48867,10
13.0253801346,80.2071228027,48867,48878,11
13.0244703293,80.2069702148,48878,48888,10
13.0242395401,80.2069168091,48888,48898,10
13.0240602493,80.2068786621,48898,48908,10
13.0235900879,80.2067337036,48908,48918,10
13.0228595734,80.2065887451,48918,48928,10
13.0221700668,80.206451416,48928,48938,10
13.0215101242,80.2064285278,48938,48948,10
13.0206699371,80.2064437866,48948,48958,10
13.0197095871,80.2064285278,48958,48968,10
13.019080162,80.2063369751,48968,48978,10
13.0189599991,80.2062988281,48978,48989,11
13.0185003281,80.2061309814,48989,48999,10
13.017829895,80.2059402466,48999,49009,10
13.0173397064,80.2057418823,49009,49019,10
13.016869545,80.2055206299,49019,49029,10
13.0162000656,80.2052764893,49029,49039,10
13.0153398514,80.2049789429,49039,49049,10
13.0143995285,80.2046432495,49049,49059,10
13.0140399933,80.204536438,49059,49069,10
13.0139398575,80.2045135498,49069,49079,10
13.0136995316,80.2044296265,49079,49089,10
13.0135402679,80.2045974731,49089,49098,9
13.0133895874,80.2050628662,49098,49110,12
13.0131196976,80.2059402466,49110,49120,10
13.0129804611,80.206817627,49120,49130,10
13.0129098892,80.2076034546,49130,49140,10
13.0128498077,80.2080078125,49140,49150,10
13.012840271,80.2084274292,49150,49160,10
13.0128803253,80.208732605,49160,49170,10
13.0129699707,80.2092514038,49170,49180,10
13.0130500793,80.2098007202,49180,49190,10
13.0130195618,80.2105102539,49190,49200,10
13.0127601624,80.2112884521,49200,49210,10
13.0123300552,80.2121124268,49210,49220,10
13.0119199753,80.2127075195,49220,49231,11
13.0116796494,80.2127380371,49231,49241,10
13.011300087,80.2124404907,49241,49251,10
13.0107603073,80.2120513916,49251,49261,10
13.0107402802,80.2120285034,49261,49271,10
13.0104904175,80.2118377686,49271,49281,10
13.0100603104,80.2115097046,49281,49291,10
13.0094499588,80.2110595703,49291,49340,49
13.0094499588,80.2110595703,49340,49352,12
13.0090398788,80.2112808228,49352,49362,10
13.0090198517,80.2113189697,49362,49372,10
13.0090103149,80.2116317749,49372,49382,10
13.009180069,80.2121963501,49382,49392,10
13.0094203949,80.2128982544,49392,49402,10
13.0096998215,80.2136001587,49402,49412,10
13.0100097656,80.2143173218,49412,49422,10
13.0101900101,80.2151565552,49422,49432,10
13.0104503632,80.2161331177,49432,49442,10
13.0109300613,80.2171936035,49442,49452,10
13.0113801956,80.2182617188,49452,49462,10
13.0117998123,80.2195205688,49462,49473,11
13.0122299194,80.2209014893,49473,49483,10
13.0123901367,80.2215423584,49483,49493,10
13.0127000809,80.2220001221,49493,49503,10
13.0132398605,80.2225494385,49503,49513,10
13.0137996674,80.2232437134,49513,49523,10
13.0143404007,80.2239837646,49523,49533,10
13.0149497986,80.2245788574,49533,49543,10
13.0153503418,80.2250900269,49543,49553,10
13.01541996,80.2255477905,49553,49563,10
13.015370369,80.2257003784,49563,49573,10
13.0152902603,80.2257995605,49573,49583,10
13.0150499344,80.2258987427,49583,49594,11
13.0149297714,80.2259597778,49594,49604,10
13.0146999359,80.2260513306,49604,49614,10
13.0142803192,80.2261962891,49614,49624,10
13.0139703751,80.2263031006,49624,49634,10
13.0134601593,80.2265167236,49634,49644,10
13.012720108,80.2268066406,49644,49654,10
13.0118198395,80.227180481,49654,49664,10
13.0107898712,80.2275924683,49664,49674,10
13.0098896027,80.2279510498,49674,49684,10
13.0094804764,80.2276000977,49684,49694,10
13.0097198486,80.2270736694,49694,49704,10
13.0100603104,80.2263183594,49704,49715,11
13.0104398727,80.225440979,49715,49725,10
13.0107498169,80.2248001099,49725,49735,10
13.0110797882,80.2240066528,49735,49745,10
13.0112495422,80.2235794067,49745,49755,10
13.0113296509,80.2233963013,49755,49765,10
13.0112304688,80.2230987549,49765,49775,10
13.0106697083,80.2228164673,49775,49785,10
13.0099201202,80.222442627,49785,49795,10
13.009059906,80.2219924927,49795,49805,10
13.0081300735,80.221496582,49805,49815,10
13.0071601868,80.220993042,49815,49825,10
13.0062303543,80.2205963135,49825,49836,11
13.0051298141,80.2203598022,49836,49846,10
13.0042695999,80.2201538086,49846,49856,10
13.0035200119,80.2199783325,49856,49866,10
13.0026597977,80.2196807861,49866,49876,10
13.0019702911,80.2190322876,49876,49886,10
13.0012998581,80.2184295654,49886,49896,10
13.0006504059,80.2179794312,49896,49906,10
12.9999198914,80.2175064087,49906,49916,10
12.9990997314,80.217010498,49916,49926,10
12.9982299805,80.2166290283,49926,49935,9
12.9974603653,80.216506958,49935,49946,11
12.9972496033,80.2165222168,49946,49957,11
12.9968099594,80.2165374756,49957,49967,10
12.9961099625,80.2166290283,49967,49977,10
12.9954595566,80.2168273926,49977,49987,10
12.9953203201,80.2169036865,49987,49997,10
12.9951095581,80.2170028687,49997,50007,10
12.9948596954,80.2171707153,50007,50017,10
12.9944896698,80.2174377441,50017,50027,10
12.9940395355,80.2177581787,50027,50037,10
12.9935798645,80.2180786133,50037,50047,10
12.9929199219,80.2185287476,50047,50057,10
12.9922103882,80.219078064,50057,50068,11
12.9915399551,80.2195663452,50068,50078,10
12.9910898209,80.2194976807,50078,50088,10
12.9909801483,80.2194595337,50088,50098,10
12.9905395508,80.2192993164,50098,50108,10
12.9898099899,80.219039917,50108,50118,10
12.9889202118,80.2186965942,50118,50128,10
12.987859726,80.2184295654,50128,50138,10
12.987039566,80.2183074951,50138,50148,10
12.9868497849,80.2182617188,50148,50158,10
12.9863996506,80.2181396484,50158,50168,10
12.9856100082,80.2179489136,50168,50177,9
12.9847002029,80.2179489136,50177,50189,12
12.9840497971,80.2179794312,50189,50199,10
12.9838695526,80.2179489136,50199,50209,10
12.9833402634,80.2179718018,50209,50219,10
12.9825401306,80.2179794312,50219,50229,10
12.9816398621,80.2180099487,50229,50239,10
12.9806098938,80.2183074951,50239,50249,10
12.9799900055,80.218536377,50249,50259,10
12.9794502258,80.2187576294,50259,50269,10
12.9788198471,80.21900177,50269,50279,10
12.9785604477,80.2191162109,50279,50289,10
12.978219986,80.2192687988,50289,50299,10
12.977519989,80.2195510864,50299,50310,11
12.9765796661,80.2199401855,50310,50320,10
12.9758701324,80.2202606201,50320,50350,30
12.9758701324,80.2202606201,50350,50360,10
12.9756002426,80.2203903198,50360,50370,10
12.9754896164,80.2206420898,50370,50380,10
12.9756402969,80.2208175659,50380,50390,10
12.975859642,80.2209701538,50390,50794,404
12.9760904312,80.2211914063,50794,50874,80
12.9760904312,80.2211914063,50874,50884,10
12.9764299393,80.2212371826,50884,50894,10
12.9768695831,80.2212600708,50894,50904,10
12.9776296616,80.2212219238,50904,50915,11
12.9785203934,80.2211914063,50915,50925,10
12.9794797897,80.2210998535,50925,50935,10
12.9803104401,80.2210388184,50935,50945,10
12.9810600281,80.2210388184,50945,50955,10
12.9816198349,80.2213134766,50955,50965,10
12.9820899963,80.2216491699,50965,50975,10
12.9825801849,80.2218017578,50975,50985,10
12.9828195572,80.2219085693,50985,50995,10
12.9829397202,80.2219696045,50995,51005,10
12.9831600189,80.2220916748,51005,51015,10
12.983499527,80.2222824097,51015,51025,10
12.9840297699,80.2225799561,51025,51036,11
12.9846801758,80.2230300903,51036,51046,10
12.9853000641,80.2232589722,51046,51056,10
12.985710144,80.2230072021,51056,51066,10
12.9863595963,80.2229385376,51066,51076,10
12.9865703583,80.2229614258,51076,51086,10
12.9869604111,80.2230300903,51086,51096,10
12.9872303009,80.2230682373,51096,51106,10
12.9877300262,80.2230529785,51106,51116,10
12.9883699417,80.2226333618,51116,51126,10
12.9889802933,80.2219696045,51126,51136,10
12.9896497726,80.2212219238,51136,51146,10
12.9903697968,80.2204284668,51146,51157,11
12.9904899597,80.2203369141,51157,51167,10
12.990650177,80.2202072144,51167,51177,10
12.9909296036,80.2200012207,51177,51187,10
12.9912500381,80.2197494507,51187,51197,10
12.9917697906,80.2193908691,51197,51207,10
12.9923696518,80.2189483643,51207,51217,10
12.9930200577,80.2184524536,51217,51227,10
12.9936599731,80.2179870605,51227,51237,10
12.9945001602,80.2173995972,51237,51266,29
12.9945001602,80.2173995972,51266,51278,12
12.9950704575,80.2169799805,51278,51288,10
12.9956703186,80.2166976929,51288,51298,10
12.9964199066,80.2165527344,51298,51308,10
12.9975004196,80.2161102295,51308,51328,20
12.9975004196,80.2161102295,51328,51338,10
12.9977302551,80.2159194946,51338,51348,10
12.9981603622,80.2155609131,51348,51358,10
12.998749733,80.2150497437,51358,51368,10
12.9991502762,80.2146987915,51368,51378,10
12.9994401932,80.2144470215,51378,51388,10
12.9998598099,80.2140884399,51388,51399,11
13.0003299713,80.2136688232,51399,51409,10
13.0008802414,80.2131881714,51409,51419,10
13.001449585,80.2127227783,51419,51429,10
13.0020904541,80.2122879028,51429,51439,10
13.0027503967,80.2121124268,51439,51449,10
13.0033798218,80.2120895386,51449,51459,10
13.0036001205,80.2119827271,51459,51469,10
13.0036802292,80.2119216919,51469,51479,10
13.0037002563,80.2115783691,51479,51489,10
13.003660202,80.2109603882,51489,51499,10
13.003569603,80.2102584839,51499,51509,10
13.0035200119,80.2095489502,51509,51520,11
13.0037002563,80.2087631226,51520,51530,10
13.0043497086,80.208770752,51530,51540,10
13.0052900314,80.2091903687,51540,51550,10
13.0062198639,80.2095336914,51550,51560,10
13.0070104599,80.2097473145,51560,51570,10
13.007399559,80.2098236084,51570,51580,10
13.0074100494,80.2098312378,51580,51590,10
13.0077104568,80.2098999023,51590,51600,10
13.008099556,80.2099761963,51600,51610,10
13.008099556,80.2095870972,51610,51620,10
13.0079698563,80.2089767456,51620,51630,10
13.0078496933,80.2080917358,51630,51641,11
13.0076799393,80.207069397,51641,51651,10
13.0075397491,80.2061767578,51651,51661,10
13.0074996948,80.2055435181,51661,51671,10
13.0074996948,80.2049026489,51671,51681,10
13.0074996948,80.204246521,51681,51691,10
13.0074396133,80.2035980225,51691,51701,10
13.0072698593,80.2028808594,51701,51711,10
13.0068502426,80.2025375366,51711,51721,10
13.0065097809,80.2029190063,51721,51731,10
13.0067796707,80.2033233643,51731,51741,10
13.007229805,80.2035522461,51741,51751,10
13.0078401566,80.2036819458,51751,51762,11
13.0087404251,80.2036590576,51762,51772,10
13.0098495483,80.2035903931,51772,51782,10
13.0110797882,80.20362854,51782,51792,10
13.012260437,80.2037963867,51792,51802,10
13.0132799149,80.2040328979,51802,51812,10
13.0141096115,80.2043075562,51812,51822,10
13.0148296356,80.2045516968,51822,51832,10
13.0149898529,80.2046203613,51832,51842,10
13.0151100159,80.2046737671,51842,51852,10
13.015540123,80.204826355,51852,51862,10
13.0161895752,80.205078125,51862,51873,11
13.0169401169,80.2053527832,51873,51883,10
13.0176401138,80.2056121826,51883,51893,10
13.0181999207,80.2057723999,51893,51903,10
13.0187301636,80.2059707642,51903,51913,10
13.0187902451,80.2059783936,51913,51923,10
13.0190000534,80.2060623169,51923,51933,10
13.0194997787,80.2062072754,51933,51943,10
13.0202302933,80.2062988281,51943,51953,10
13.0210800171,80.2062988281,51953,51963,10
13.0220899582,80.2063369751,51963,51973,10
13.0230798721,80.2065429688,51973,51983,10
13.0238399506,80.2066421509,51983,51994,11
13.0242996216,80.2067184448,51994,52004,10
13.024430275,80.206741333,52004,52014,10
13.0248804092,80.2068405151,52014,52024,10
13.025639534,80.2070388794,52024,52034,10
13.0263900757,80.2074508667,52034,52044,10
13.0271902084,80.2079162598,52044,52054,10
13.0281400681,80.2084197998,52054,52064,10
13.0292301178,80.2087173462,52064,52074,10
13.0297698975,80.2088623047,52074,52084,10
13.0297899246,80.2088623047,52084,52094,10
13.0299501419,80.2088928223,52094,52104,10
13.0304298401,80.2090301514,52104,52115,11
13.0312004089,80.2092666626,52115,52125,10
13.0317001343,80.2093963623,52125,52135,10
13.031709671,80.2094116211,52135,52145,10
13.0319795609,80.2095565796,52145,52155,10
13.0325498581,80.2096633911,52155,52165,10
13.0333204269,80.2097625732,52165,52175,10
13.034119606,80.2099227905,52175,52185,10
13.0347700119,80.2100830078,52185,52195,10
13.0350599289,80.2103424072,52195,52205,10
13.0350103378,80.2107391357,52205,52215,10
13.0349998474,80.2113189697,52215,52246,31
13.0349998474,80.2113189697,52246,52256,10
13.0349397659,80.2116470337,52256,52266,10
13.0349397659,80.2121505737,52266,52276,10
13.0355501175,80.2122497559,52276,52286,10
13.0362997055,80.2122802734,52286,52296,10
13.0371999741,80.2122879028,52296,52306,10
13.0381097794,80.2123184204,52306,52316,10
13.0390701294,80.2123031616,52316,52326,10
13.0401096344,80.2122573853,52326,52336,10
13.0412902832,80.2122573853,52336,52346,10
13.0424699783,80.2122573853,52346,52357,11
13.0434303284,80.212272644,52357,52367,10
13.0438299179,80.2122879028,52367,52377,10
13.0443401337,80.2122573853,52377,52387,10
13.0450000763,80.2122421265,52387,52397,10
13.045800209,80.2122268677,52397,52407,10
13.0466804504,80.2121963501,52407,52417,10
13.0475101471,80.2121429443,52417,52427,10
13.0482397079,80.2120285034,52427,52437,10
13.048620224,80.2119979858,52437,52457,20
13.048620224,80.2119979858,52457,52467,10
13.0488700867,80.212020874,52467,52478,11
13.0494203568,80.2119903564,52478,52488,10
13.0498399734,80.2119598389,52488,52498,10
13.0500802994,80.2119369507,52498,52508,10
13.0505399704,80.2119674683,52508,52518,10
13.0510101318,80.212020874,52518,52528,10
13.0517597198,80.2119979858,52528,52538,10
13.0526399612,80.2118530273,52538,52548,10
13.0535898209,80.2116165161,52548,52558,10
13.0542402267,80.2115020752,52558,52568,10
13.0543498993,80.2114868164,52568,52578,10
13.0545597076,80.2114486694,52578,52588,10
13.0550298691,80.2114181519,52588,52599,11
13.0559101105,80.2114181519,52599,52609,10
13.0567998886,80.2114181519,52609,52619,10
13.0574598312,80.2114334106,52619,52629,10
13.0575504303,80.2114486694,52629,52639,10
13.0579900742,80.2114868164,52639,52649,10
13.0586795807,80.2115020752,52649,52659,10
13.0594997406,80.2115478516,52659,52669,10
13.0603904724,80.2115936279,52669,52679,10
13.061249733,80.2116012573,52679,52689,10
13.0621204376,80.2116088867,52689,52699,10
13.0629301071,80.2115402222,52699,52708,9
13.0631504059,80.211517334,52708,52720,12
13.0633897781,80.2115325928,52720,52730,10
13.0638799667,80.2115097046,52730,52740,10
13.0645399094,80.2113418579,52740,52750,10
13.0652704239,80.2109298706,52750,52760,10
13.0660600662,80.2102966309,52760,52770,10
13.0668802261,80.2095489502,52770,52780,10
13.0675001144,80.2085571289,52780,52790,10
13.0681600571,80.2075576782,52790,52800,10
13.0687704086,80.2066116333,52800,52810,10
13.0692396164,80.2058868408,52810,52820,10
13.069609642,80.2052993774,52820,52861,41
13.069609642,80.2052993774,52861,52871,10
13.0696802139,80.2050704956,52871,52881,10
13.069439888,80.2048110962,52881,52891,10
13.0690803528,80.2051925659,52891,52901,10
13.0687904358,80.2052230835,52901,52911,10
13.0687198639,80.2049179077,52911,52941,30
13.0687198639,80.2049179077,52941,52951,10
13.0687799454,80.2048187256,52951,52962,11
13.0691795349,80.2046890259,52962,52972,10
13.0694198608,80.2047271729,52972,52982,10
13.0695400238,80.204750061,52982,52992,10
13.0698003769,80.2048110962,52992,53002,10
13.0700998306,80.204536438,53002,53012,10
13.0705003738,80.2040023804,53012,53022,10
13.0710802078,80.2033004761,53022,53032,10
13.0716400146,80.2026290894,53032,53042,10
13.0719203949,80.2023086548,53042,53052,10
13.0719804764,80.2022476196,53052,53061,9
13.0721502304,80.2020797729,53061,53073,12
13.0726003647,80.2015762329,53073,53083,10
13.0730495453,80.2010269165,53083,53093,10
13.0735301971,80.2004470825,53093,53103,10
13.0743103027,80.1995391846,53103,53133,30
13.0743103027,80.1995391846,53133,53143,10
13.0746202469,80.1993026733,53143,53153,10
13.0751800537,80.1990814209,53153,53163,10
13.0758495331,80.1990432739,53163,53173,10
13.0765199661,80.1990280151,53173,53183,10
13.0773897171,80.1989364624,53183,53194,11
13.0784797668,80.1987991333,53194,53204,10
13.0794696808,80.1986999512,53204,53214,10
13.0804004669,80.1986083984,53214,53224,10
13.0812501907,80.1985626221,53224,53234,10
13.0820398331,80.1985168457,53234,53244,10
13.0828399658,80.1984710693,53244,53254,10
13.0835504532,80.1984634399,53254,53264,10
13.083990097,80.1984634399,53264,53274,10
13.0842895508,80.1984786987,53274,53284,10
13.0847501755,80.1985015869,53284,53294,10
13.0850896835,80.1984863281,53294,53304,10
13.0854797363,80.1984710693,53304,53315,11
13.0860595703,80.1984710693,53315,53325,10
13.0865802765,80.1984710693,53325,53335,10
13.0868997574,80.1984634399,53335,53345,10
13.0870599747,80.1983108521,53345,53355,10
13.0870800018,80.1980133057,53355,53365,10
13.0870895386,80.1980133057,53365,53375,10
13.0871601105,80.1976394653,53375,53385,10
13.0872097015,80.1970214844,53385,53395,10
13.0872297287,80.1961669922,53395,53405,10
13.0872497559,80.1952896118,53405,53415,10
13.087269783,80.1943969727,53415,53425,10
13.0873003006,80.1933898926,53425,53436,11
13.0873298645,80.1927871704,53436,53446,10
13.0873804092,80.1922836304,53446,53456,10
13.0874795914,80.1915283203,53456,53466,10
13.0875797272,80.190612793,53466,53476,10
13.0876903534,80.1896286011,53476,53486,10
13.0877103806,80.1890106201,53486,53496,10
13.0877103806,80.1889877319,53496,53506,10
13.0877199173,80.1888275146,53506,53516,10
13.0877599716,80.1882705688,53516,53526,10
13.0878000259,80.1875228882,53526,53536,10
13.0878400803,80.1866226196,53536,53546,10
13.0878896713,80.1857910156,53546,53557,11
13.0879297256,80.1848983765,53557,53567,10
13.08796978,80.1840286255,53567,53577,10
13.0880098343,80.1830368042,53577,53587,10
13.0880498886,80.1820602417,53587,53597,10
13.0880899429,80.1810836792,53597,53607,10
13.0881004333,80.1802825928,53607,53617,10
13.0881099701,80.1796035767,53617,53627,10
13.0881204605,80.1792068481,53627,53637,10
13.0881299973,80.179107666,53637,53647,10
13.088139534,80.1787109375,53647,53656,9
13.0881595612,80.1781311035,53656,53667,11
13.0881795883,80.1773223877,53667,53678,11
13.0882196426,80.1765518188,53678,53688,10
13.0882701874,80.1757278442,53688,53698,10
13.0883302689,80.1747817993,53698,53708,10
13.0884103775,80.1738586426,53708,53718,10
13.0884799957,80.1729202271,53718,53728,10
13.0885295868,80.1721420288,53728,53738,10
13.08852005,80.17162323,53738,53748,10
13.0885400772,80.1715621948,53748,53758,10
13.0885696411,80.1711578369,53758,53768,10
13.0886096954,80.1704483032,53768,53778,10
13.0886602402,80.1696777344,53778,53789,11
13.0888500214,80.1694488525,53789,53799,10
13.0893802643,80.1695022583,53799,53809,10
13.0901699066,80.1695480347,53809,53819,10
13.0911397934,80.169631958,53819,53829,10
13.0922698975,80.1697006226,53829,53839,10
13.0934696198,80.1697769165,53839,53849,10
13.094420433,80.1698303223,53849,53859,10
13.0946598053,80.1698532104,53859,53869,10
13.0948801041,80.1698989868,53869,53879,10
13.0951299667,80.1698989868,53879,53889,10
13.0956096649,80.1699523926,53889,53899,10
13.0963201523,80.1699905396,53899,53910,11
13.0972700119,80.1700286865,53910,53920,10
13.0981502533,80.1700668335,53920,53930,10
13.0989904404,80.1700897217,53930,53940,10
13.0995101929,80.1700897217,53940,53950,10
13.0996599197,80.1697921753,53950,54000,50
13.0996599197,80.1697921753,54000,54010,10
13.0993795395,80.1696395874,54010,54061,51
13.0993795395,80.1696395874,54061,54071,10
13.0991201401,80.1696166992,54071,54081,10
13.0989303589,80.1696472168,54081,54091,10
13.0987796783,80.1695404053,54091,54101,10
13.0987300873,80.169342041,54101,54111,10
13.0991201401,80.1693725586,54111,54777,666
13.0991201401,80.1693725586,54777,54787,10
13.099439621,80.1696472168,54787,54797,10
13.0994997025,80.1699905396,54797,54898,101
13.0994997025,80.1699905396,54898,54908,10
13.0993995667,80.170211792,54908,54918,10
13.0990896225,80.170211792,54918,54928,10
13.0986299515,80.170173645,54928,54938,10
13.0980100632,80.1701202393,54938,54948,10
13.0972604752,80.1700592041,54948,54958,10
13.0963897705,80.1700134277,54958,54968,10
13.0954799652,80.1699829102,54968,54978,10
13.0948295593,80.169921875,54978,54988,10
13.0945501328,80.169921875,54988,54999,11
13.0942296982,80.1698989868,54999,55009,10
13.0937204361,80.1698989868,55009,55019,10
13.0930204391,80.1698532104,55019,55029,10
13.0921401978,80.1697921753,55029,55039,10
13.0911798477,80.169708252,55039,55049,10
13.0901603699,80.1696395874,55049,55059,10
13.0892000198,80.1695785522,55059,55069,10
13.0886898041,80.169670105,55069,55079,10
13.088640213,80.1702194214,55079,55089,10
13.0885896683,80.1709594727,55089,55099,10
13.0885601044,80.1717300415,55099,55109,10
13.088549614,80.1718978882,55109,55120,11
13.088549614,80.1720275879,55120,55130,10
13.0885295868,80.1724777222,55130,55140,10
13.0884895325,80.1732330322,55140,55150,10
13.0884399414,80.174118042,55150,55160,10
13.0883903503,80.174987793,55160,55170,10
13.0883197784,80.1759490967,55170,55180,10
13.088259697,80.1769638062,55180,55190,10
13.0882501602,80.177696228,55190,55200,10
13.0882501602,80.1783981323,55200,55210,10
13.0882501602,80.1786270142,55210,55220,10
13.0882396698,80.1790390015,55220,55230,10
13.0881996155,80.1798095703,55230,55241,11
13.0881795883,80.1808624268,55241,55251,10
13.088139534,80.1818389893,55251,55261,10
13.0880403519,80.1837921143,55261,55271,10
13.0880403519,80.1837921143,55271,55281,10
13.0879802704,80.1848068237,55281,55291,10
13.0879602432,80.1857528687,55291,55314,23
13.0878696442,80.1879425049,55314,55324,10
13.0878400803,80.1887664795,55324,55334,10
13.0877895355,80.1895370483,55334,55344,10
13.0877599716,80.1897964478,55344,55355,11
13.087679863,80.1902618408,55355,55365,10
13.0875597,80.1909484863,55365,55375,10
13.0874500275,80.1918563843,55375,55385,10
13.0873403549,80.1926574707,55385,55425,40
13.0873403549,80.1926574707,55425,55435,10
13.0873203278,80.1927108765,55435,55445,10
13.0873003006,80.1931686401,55445,55455,10
13.0873003006,80.193939209,55455,55464,9
13.0872802734,80.1947631836,55464,55475,11
13.0872602463,80.1956176758,55475,55486,11
13.0872402191,80.1966323853,55486,55496,10
13.087220192,80.1975784302,55496,55506,10
13.087269783,80.1982727051,55506,55516,10
13.0875396729,80.1984329224,55516,55526,10
13.0879802704,80.1984100342,55526,55536,10
13.0886201859,80.1983795166,55536,55546,10
13.0893697739,80.1984100342,55546,55556,10
13.0901899338,80.1984634399,55556,55566,10
13.0910797119,80.1985321045,55566,55576,10
13.0920000076,80.1986236572,55576,55586,10
13.0928297043,80.1986236572,55586,55597,11
13.0929803848,80.1990509033,55597,55607,10
13.0929203033,80.1997299194,55607,55617,10
13.0928602219,80.2005462646,55617,55647,30
13.0928602219,80.2005462646,55647,55657,10
13.0924596786,80.2006072998,55657,55667,10
13.091799736,80.2005691528,55667,55677,10
13.0910396576,80.2005462646,55677,55687,10
13.0901403427,80.2005310059,55687,55697,10
13.0891103745,80.2005004883,55697,55707,10
13.0881099701,80.2004623413,55707,55718,11
13.0872001648,80.2004089355,55718,55728,10
13.0865602493,80.2003936768,55728,55738,10
13.0858097076,80.2003631592,55738,55748,10
13.0854597092,80.200340271,55748,55758,10
13.0852499008,80.2001724243,55758,55768,10
13.0853004456,80.1997528076,55768,55778,10
13.0853204727,80.1991195679,55778,55788,10
13.0851898193,80.198677063,55788,55798,10
13.0847997665,80.1986694336,55798,55808,10
13.0844402313,80.198638916,55808,55818,10
13.0843601227,80.1986312866,55818,55828,10
13.0839996338,80.1986236572,55828,55839,11
13.0836601257,80.1986083984,55839,55849,10
13.0836400986,80.1986083984,55849,55859,10
13.083439827,80.1986083984,55859,55869,10
13.083029747,80.1986083984,55869,55879,10
13.0827102661,80.198600769,55879,55889,10
13.082159996,80.1986236572,55889,55899,10
13.0817604065,80.1986236572,55899,55909,10
13.0812702179,80.1986236572,55909,55919,10
13.0808401108,80.1986312866,55919,55929,10
13.0801095963,80.1986923218,55929,55939,10
13.0792398453,80.1987609863,55939,55949,10
13.0782899857,80.1988601685,55949,55960,11
13.0773200989,80.1989822388,55960,55970,10
13.0764503479,80.1990890503,55970,55980,10
13.0754899979,80.1992263794,55980,55990,10
13.0745897293,80.1996078491,55990,56000,10
13.0739803314,80.2001495361,56000,56010,10
13.0737104416,80.2004623413,56010,56020,10
13.0735702515,80.2005996704,56020,56030,10
13.0732698441,80.200958252,56030,56040,10
13.0727701187,80.2015380859,56040,56050,10
13.0723695755,80.2020263672,56050,56060,10
13.0719804764,80.2024230957,56060,56070,10
13.0714197159,80.2030410767,56070,56081,11
13.0706796646,80.2039108276,56081,56091,10
13.0699701309,80.2048568726,56091,56111,20
13.0699701309,80.2048568726,56111,56121,10
13.069899559,80.2049636841,56121,56141,20
13.069899559,80.2049636841,56141,56151,10
13.0696697235,80.2050094604,56151,56161,10
13.0693998337,80.2048492432,56161,56171,10
13.0690603256,80.2051773071,56171,56181,10
13.0681295395,80.2054519653,56181,56222,41
13.0681295395,80.2054519653,56222,56232,10
13.0679101944,80.2052078247,56232,56383,151
13.0679101944,80.2052078247,56383,56393,10
13.0681800842,80.2049179077,56393,56403,10
13.0685195923,80.2048187256,56403,56413,10
13.0687704086,80.2047576904,56413,56423,10
13.0689001083,80.2047195435,56423,56434,11
13.0691995621,80.2047195435,56434,56444,10
13.0693798065,80.2047424316,56444,56454,10
13.0697402954,80.2048797607,56454,56484,30
13.0697402954,80.2048797607,56484,56494,10
13.0698404312,80.2050170898,56494,56504,10
13.0697002411,80.2054595947,56504,56514,10
13.0692596436,80.2061233521,56514,56524,10
13.0687599182,80.2069168091,56524,56534,10
13.0681695938,80.207862854,56534,56544,10
13.0676803589,80.2086181641,56544,56555,11
13.0673303604,80.2091293335,56555,56565,10
13.0668401718,80.2097702026,56565,56575,10
13.0660600662,80.2104797363,56575,56585,10
13.0650596619,80.2112579346,56585,56605,20
13.0650596619,80.2112579346,56605,56615,10
13.0647497177,80.2114181519,56615,56625,10
13.0642299652,80.2116088867,56625,56635,10
13.0637798309,80.2117233276,56635,56645,10
13.0633897781,80.2117462158,56645,56655,10
13.0627098083,80.2117996216,56655,56665,10
13.0620498657,80.2117919922,56665,56676,11
13.0609703064,80.2117919922,56676,56686,10
13.059800148,80.2117385864,56686,56696,10
13.0586595535,80.2116928101,56696,56706,10
13.0578804016,80.2116699219,56706,56716,10
13.057559967,80.2116622925,56716,56726,10
13.0573997498,80.2116622925,56726,56736,10
13.0569295883,80.2116394043,56736,56746,10
13.0562200546,80.2116394043,56746,56756,10
13.0553998947,80.2116165161,56756,56766,10
13.0544204712,80.2116165161,56766,56776,10
13.0533704758,80.2118606567,56776,56786,10
13.0522603989,80.2121505737,56786,56797,11
13.0510997772,80.2122573853,56797,56807,10
13.0502195358,80.2121887207,56807,56817,10
13.0498104095,80.2122192383,56817,56827,10
13.049779892,80.2121963501,56827,56837,10
13.0496702194,80.2121582031,56837,56847,10
13.049539566,80.2121734619,56847,56857,10
13.0493402481,80.2121505737,56857,56867,10
13.0488195419,80.2121582031,56867,56877,10
13.0480699539,80.2122192383,56877,56887,10
13.0471696854,80.2123031616,56887,56897,10
13.0460700989,80.2123565674,56897,56907,10
13.0445098877,80.2124404907,56907,56968,61
13.0445098877,80.2124404907,56968,56978,10
13.0443296432,80.2125015259,56978,56988,10
13.0438604355,80.2124710083,56988,56998,10
13.0430698395,80.2124404907,56998,57008,10
13.0421600342,80.2124481201,57008,57017,9
13.0411701202,80.2124404907,57017,57028,11
13.0398397446,80.2124404907,57028,57039,11
13.038479805,80.2124481201,57039,57049,10
13.0375699997,80.2124023438,57049,57099,50
13.0374498367,80.2123336792,57099,57119,20
13.0374498367,80.2123336792,57119,57129,10
13.037320137,80.2123413086,57129,57139,10
13.0371599197,80.2123184204,57139,57149,10
13.0367898941,80.2123031616,57149,57160,11
13.0360097885,80.2123184204,57160,57170,10
13.0352897644,80.2123031616,57170,57180,10
13.0350399017,80.212272644,57180,57190,10
13.0342798233,80.2121429443,57190,57210,20
13.0342798233,80.2121429443,57210,57220,10
13.0339403152,80.2120895386,57220,57230,10
13.0335702896,80.2119903564,57230,57240,10
13.033080101,80.2118911743,57240,57250,10
13.0322999954,80.2117614746,57250,57260,10
13.0319795609,80.2112426758,57260,57271,11
13.0320701599,80.2103500366,57271,57281,10
13.0320796967,80.2097015381,57281,57291,10
13.0315799713,80.2095718384,57291,57301,10
13.0308599472,80.2093734741,57301,57311,10
13.030380249,80.209197998,57311,57321,10
13.02987957,80.2090530396,57321,57331,10
13.0291996002,80.2088775635,57331,57341,10
13.028840065,80.2087936401,57341,57351,10
13.0284099579,80.2086486816,57351,57361,10
13.027759552,80.2084121704,57361,57371,10
13.0270500183,80.2080001831,57371,57381,10
13.0263004303,80.2075500488,57381,57392,11
13.0254898071,80.2071304321,57392,57402,10
13.0244398117,80.2069168091,57402,57412,10
13.0233297348,80.2066726685,57412,57422,10
13.0221395493,80.2064666748,57422,57432,10
13.0208702087,80.206451416,57432,57442,10
13.0197095871,80.2064437866,57442,57452,10
13.0190601349,80.2063369751,57452,57462,10
13.0190000534,80.2063217163,57462,57472,10
13.0188302994,80.2062530518,57472,57482,10
13.0184402466,80.2061080933,57482,57492,10
13.0178899765,80.205909729,57492,57502,10
13.0173797607,80.2057266235,57502,57513,11
13.0168104172,80.2054672241,57513,57523,10
13.0160398483,80.2052230835,57523,57533,10
13.0150995255,80.2049407959,57533,57543,10
13.0142297745,80.2046432495,57543,57553,10
13.0136404037,80.2044906616,57553,57563,10
13.0135002136,80.2048797607,57563,57573,10
13.013299942,80.2054901123,57573,57583,10
13.0130796432,80.2062530518,57583,57593,10
13.0129995346,80.2070617676,57593,57603,10
13.0129203796,80.2077178955,57603,57613,10
13.0128803253,80.2082214355,57613,57623,10
13.0128698349,80.2085113525,57623,57634,11
13.0129299164,80.2089920044,57634,57644,10
13.0130796432,80.2094726563,57644,57654,10
13.0131397247,80.2101211548,57654,57664,10
13.0129899979,80.210899353,57664,57674,10
13.0125904083,80.211730957,57674,57684,10
13.0121002197,80.2124786377,57684,57694,10
13.0118503571,80.2128067017,57694,57704,10
13.0115699768,80.2126693726,57704,57714,10
13.0111503601,80.212348938,57714,57724,10
13.0107698441,80.2120666504,57724,57734,10
13.0104799271,80.2118530273,57734,57744,10
13.0101499557,80.2115783691,57744,57755,11
13.010020256,80.211479187,57755,57765,10
13.009759903,80.2113037109,57765,57775,10
13.0093803406,80.2110595703,57775,57815,40
13.0092401505,80.2111968994,57815,57835,20
13.0092401505,80.2111968994,57835,57845,10
13.0091896057,80.2113113403,57845,57855,10
13.0090303421,80.2115631104,57855,57865,10
13.0090999603,80.2119064331,57865,57876,11
13.0093202591,80.212562561,57876,57886,10
13.0095701218,80.2132415771,57886,57896,10
13.0098600388,80.2139511108,57896,57906,10
13.0101299286,80.2146835327,57906,57916,10
13.0102396011,80.215461731,57916,57926,10
13.0105199814,80.2162780762,57926,57936,10
13.0109395981,80.2171936035,57936,57946,10
13.0113601685,80.21824646,57946,57956,10
13.0117702484,80.2194290161,57956,57966,10
13.0121498108,80.2206268311,57966,57976,10
13.0123996735,80.2214431763,57976,57987,11
13.0127296448,80.2220001221,57987,57997,10
13.013250351,80.2226104736,57997,58007,10
13.0138101578,80.2232437134,58007,58017,10
13.0142297745,80.2238922119,58017,58027,10
13.0148000717,80.2244033813,58027,58037,10
13.0154600143,80.2251968384,58037,58057,20
13.0154600143,80.2251968384,58057,58067,10
13.0154695511,80.2255783081,58067,58077,10
13.0153198242,80.2258834839,58077,58087,10
13.0152101517,80.2259368896,58087,58097,10
13.0148096085,80.2261123657,58097,58108,11
13.0140800476,80.2263793945,58108,58118,10
13.0134000778,80.2266311646,58118,58128,10
13.0126104355,80.2269363403,58128,58138,10
13.0117101669,80.2273101807,58138,58148,10
13.0107698441,80.2276611328,58148,58158,10
13.0099000931,80.2279815674,58158,58168,10
13.0095500946,80.2275390625,58168,58178,10
13.0099201202,80.2268371582,58178,58188,10
13.010310173,80.2259674072,58188,58198,10
13.0107402802,80.2249679565,58198,58208,10
13.0110902786,80.2240524292,58208,58218,10
13.0112495422,80.2235031128,58218,58229,11
13.011059761,80.2230834961,58229,58239,10
13.0105600357,80.2228164673,58239,58249,10
13.0099096298,80.2224807739,58249,58259,10
13.0091896057,80.2220916748,58259,58269,10
13.0084600449,80.2217025757,58269,58279,10
13.0076503754,80.2212677002,58279,58289,10
13.0068302155,80.2208404541,58289,58299,10
13.0058898926,80.2205505371,58299,58309,10
13.0049695969,80.2203369141,58309,58319,10
13.0041999817,80.220161438,58319,58329,10
13.0034103394,80.2199783325,58329,58339,10
13.0025396347,80.2196121216,58339,58350,11
13.0018501282,80.2189025879,58350,58360,10
13.001250267,80.2184066772,58360,58370,10
13.0005598068,80.2179412842,58370,58380,10
12.9998502731,80.2174987793,58380,58390,10
12.999130249,80.2171020508,58390,58400,10
12.9982995987,80.2166976929,58400,58410,10
12.9975500107,80.2165603638,58410,58420,10
12.9973697662,80.2165527344,58420,58430,10
12.9972600937,80.2165603638,58430,58440,10
12.9970903397,80.2165679932,58440,58450,10
12.9966201782,80.2165985107,58450,58460,10
12.9959897995,80.2167282104,58460,58471,11
12.9954204559,80.2169036865,58471,58501,30
12.9954204559,80.2169036865,58501,58511,10
12.9951400757,80.217010498,58511,58521,10
12.995059967,80.2170715332,58521,58531,10
12.9948301315,80.2172164917,58531,58541,10
12.9944896698,80.2174682617,58541,58551,10
12.9941101074,80.2177581787,58551,58561,10
12.9937601089,80.2180099487,58561,58571,10
12.993229866,80.2183837891,58571,58582,11
12.992600441,80.2188415527,58582,58592,10
12.9919700623,80.2192993164,58592,58602,10
12.991399765,80.2195968628,58602,58612,10
12.9910697937,80.2194900513,58612,58622,10
12.9909200668,80.2194290161,58622,58632,10
12.9903802872,80.2192382813,58632,58642,10
12.9896202087,80.2189712524,58642,58652,10
12.9886798859,80.2186279297,58652,58662,10
12.987660408,80.2184066772,58662,58672,10
12.9870004654,80.2182998657,58672,58682,10
12.9869298935,80.2182769775,58682,58692,10
12.9867200851,80.2182312012,58692,58703,11
12.9861698151,80.2180786133,58703,58713,10
12.9853401184,80.2179412842,58713,58723,10
12.9845399857,80.2179489136,58723,58733,10
12.9840698242,80.2179794312,58733,58743,10
12.984000206,80.2179718018,58743,58753,10
12.9836101532,80.2179718018,58753,58763,10
12.982919693,80.2179794312,58763,58773,10
12.9820604324,80.2179718018,58773,58783,10
12.9810199738,80.2181777954,58783,58793,10
12.980050087,80.2185134888,58793,58803,10
12.9792995453,80.2188186646,58803,58813,10
12.9787197113,80.2190704346,58813,58824,11
12.9781503677,80.2193069458,58824,58834,10
12.9774398804,80.2195968628,58834,58844,10
12.976650238,80.2199401855,58844,58854,10
12.9757699966,80.2203598022,58854,58884,30
12.9757699966,80.2203598022,58884,58894,10
12.9755802155,80.2205276489,58894,58904,10
12.9756498337,80.2207870483,58904,59076,172
12.9756698608,80.2208786011,59076,59297,221
12.9759197235,80.2210235596,59297,60558,1261
12.9759197235,80.2210235596,60558,60568,10
12.9761896133,80.221282959,60568,60608,40
12.9761896133,80.221282959,60608,60618,10
12.9763202667,80.2212600708,60618,60629,11
12.9766197205,80.2212371826,60629,60639,10
12.9770202637,80.2212371826,60639,60649,10
12.9776201248,80.2212295532,60649,60659,10
12.9783201218,80.2211990356,60659,60669,10
12.9790897369,80.2211532593,60669,60679,10
12.9798603058,80.2210769653,60679,60689,10
12.9806003571,80.221031189,60689,60699,10
12.9811697006,80.2211303711,60699,60709,10
12.9816799164,80.2214126587,60709,60719,10
12.982219696,80.2217636108,60719,60729,10
12.9826002121,80.2218475342,60729,60739,10
12.9828996658,80.2219467163,60739,60750,11
12.9830303192,80.2220230103,60750,60760,10
12.9833698273,80.2222518921,60760,60770,10
12.9837703705,80.2225112915,60770,60780,10
12.9841403961,80.2227096558,60780,60790,10
12.98458004,80.2229995728,60790,60800,10
12.9850702286,80.2232513428,60800,60810,10
12.9853696823,80.2232971191,60810,60820,10
12.9854803085,80.2232589722,60820,60830,10
12.9857196808,80.2230682373,60830,60840,10
12.986289978,80.2229995728,60840,60850,10
12.9864702225,80.2229766846,60850,60859,9
12.986579895,80.2229690552,60859,60871,12
12.9871101379,80.2230682373,60871,60881,10
12.9877901077,80.2230300903,60881,60891,10
12.9884901047,80.2224884033,60891,60901,10
12.9891796112,80.2217483521,60901,60911,10
12.9898796082,80.2208862305,60911,60921,10
12.9905996323,80.2202835083,60921,60931,10
12.9909896851,80.2199630737,60931,60941,10
12.9910402298,80.219909668,60941,60951,10
12.9912996292,80.2197113037,60951,60961,10
12.9917001724,80.2194137573,60961,60970,9
12.9922103882,80.219039917,60970,60981,11
12.9929199219,80.2185211182,60981,60992,11
12.9935798645,80.2180328369,60992,61002,10
12.993929863,80.2177810669,61002,61012,10
12.9940595627,80.2176895142,61012,61022,10
12.9941596985,80.2176208496,61022,61032,10
12.9942598343,80.2175369263,61032,61042,10
12.9944200516,80.2174377441,61042,61052,10
12.9945602417,80.2173233032,61052,61062,10
12.9946804047,80.2172317505,61062,61072,10
12.9948596954,80.2171020508,61072,61082,10
12.9951896667,80.2169036865,61082,61092,10
12.9956703186,80.2166976929,61092,61102,10
12.9963903427,80.2165374756,61102,61113,11
12.9971599579,80.2164077759,61113,61123,10
12.9974403381,80.2161712646,61123,61133,10
12.9974498749,80.2161636353,61133,61143,10
12.9975996017,80.2160415649,61143,61153,10
12.9979295731,80.2157592773,61153,61163,10
12.9984502792,80.2153396606,61163,61173,10
12.9990196228,80.2148284912,61173,61183,10
12.9992704391,80.2146072388,61183,61193,10
12.9996404648,80.2142791748,61193,61203,10
12.9999904633,80.2139587402,61203,61213,10
13.0004196167,80.2135696411,61213,61224,11
13.0010204315,80.2130737305,61224,61234,10
13.0015802383,80.2126312256,61234,61244,10
13.0021600723,80.2122573853,61244,61254,10
13.0027799606,80.2120819092,61254,61264,10
13.0034198761,80.2120666504,61264,61274,10
13.003660202,80.2116928101,61274,61284,10
13.0036296844,80.2109909058,61284,61294,10
13.0035495758,80.2102737427,61294,61304,10
13.0035104752,80.2095489502,61304,61314,10
13.0036401749,80.2088623047,61314,61324,10
13.0042200089,80.2087097168,61324,61334,10
13.0050601959,80.2090911865,61334,61345,11
13.0060997009,80.2095489502,61345,61355,10
13.0072803497,80.2098083496,61355,61375,20
13.0072803497,80.2098083496,61375,61385,10
13.0075502396,80.2098693848,61385,61395,10
13.0078697205,80.2099533081,61395,61405,10
13.0081100464,80.2099914551,61405,61415,10
13.0081396103,80.2097091675,61415,61425,10
13.0080003738,80.2091369629,61425,61435,10
13.0078802109,80.2084274292,61435,61445,10
13.0077495575,80.2076263428,61445,61454,9
13.007610321,80.2069091797,61454,61466,12
13.0074901581,80.205947876,61466,61476,10
13.0074796677,80.2052383423,61476,61486,10
13.0074996948,80.2046127319,61486,61496,10
13.0074701309,80.2039489746,61496,61506,10
13.007349968,80.2032012939,61506,61516,10
13.0069303513,80.2025527954,61516,61526,10
13.0065402985,80.2030410767,61526,61536,10
13.0069599152,80.2034378052,61536,61546,10
13.0075998306,80.2036819458,61546,61556,10
13.0083599091,80.2037124634,61556,61566,10
13.009349823,80.2036514282,61566,61576,10
13.0105104446,80.2036209106,61576,61587,11
13.0118703842,80.2037506104,61587,61597,10
13.0130596161,80.2040023804,61597,61607,10
13.0140600204,80.2043533325,61607,61617,10
13.0150403976,80.2046966553,61617,61627,10
13.0159597397,80.205039978,61627,61637,10
13.0166196823,80.2052078247,61637,61647,10
13.0173397064,80.2052993774,61647,61657,10
13.0179395676,80.205619812,61657,61667,10
13.0185098648,80.2058410645,61667,61677,10
13.0186595917,80.205871582,61677,61687,10
13.0190401077,80.2060394287,61687,61697,10
13.0196399689,80.2062225342,61697,61708,11
13.0205497742,80.2062606812,61708,61718,10
13.0214595795,80.2062683105,61718,61728,10
13.0224704742,80.2063674927,61728,61738,10
13.0234804153,80.2065811157,61738,61748,10
13.0242300034,80.2067184448,61748,61758,10
13.0251302719,80.2069320679,61758,61768,10
13.0261802673,80.2073822021,61768,61778,10
13.0272102356,80.2079696655,61778,61788,10
13.0282897949,80.2085037231,61788,61798,10
13.0293798447,80.2088012695,61798,61807,9
13.029999733,80.2089767456,61807,61819,12
13.030579567,80.2091369629,61819,61829,10
13.0311002731,80.2092666626,61829,61839,10
13.0313796997,80.2093276978,61839,61849,10
13.0314998627,80.2093429565,61849,61859,10
13.031999588,80.2094726563,61859,61869,10
13.0327796936,80.2096328735,61869,61879,10
13.0337400436,80.2098083496,61879,61889,10
13.0347995758,80.2099914551,61889,61899,10
13.0350704193,80.2105178833,61899,61909,10
13.0350799561,80.2110900879,61909,61919,10
13.0350904465,80.2111434937,61919,61929,10
13.0350799561,80.2112426758,61929,61940,11
13.035030365,80.2113876343,61940,61950,10
13.0349502563,80.2117233276,61950,61960,10
13.034910202,80.2121200562,61960,61970,10
13.0352802277,80.212272644,61970,61980,10
13.035949707,80.2122802734,61980,61990,10
13.0367803574,80.212310791,61990,62000,10
13.0373697281,80.2123184204,62000,62010,10
13.0381498337,80.2123184204,62010,62020,10
13.0391197205,80.2123031616,62020,62030,10
13.0401802063,80.212310791,62030,62040,10
13.0413999557,80.2123184204,62040,62050,10
13.042550087,80.2123413086,62050,62061,11
13.0437297821,80.2122879028,62061,62101,40
13.0437297821,80.2122879028,62101,62111,10
13.0439796448,80.212348938,62111,62121,10
13.0443496704,80.2123413086,62121,62131,10
13.0448703766,80.2123184204,62131,62141,10
13.0456600189,80.2122879028,62141,62151,10
13.0465602875,80.2122421265,62151,62161,10
13.047419548,80.2121582031,62161,62171,10
13.0484199524,80.212020874,62171,62202,31
13.0484199524,80.212020874,62202,62212,10
13.0485401154,80.2119598389,62212,62222,10
13.0488996506,80.2119293213,62222,62232,10
13.0497703552,80.2118988037,62232,62282,50
13.0497703552,80.2118988037,62282,62292,10
13.0499897003,80.2118988037,62292,62303,11
13.050330162,80.2118682861,62303,62313,10
13.0508403778,80.2118835449,62313,62323,10
13.0515403748,80.2117462158,62323,62333,10
13.0528802872,80.211730957,62333,62343,10
13.0539398193,80.211517334,62343,62353,10
13.0548295975,80.2114105225,62353,62363,10
13.0558099747,80.2114334106,62363,62373,10
13.0569295883,80.2114028931,62373,62383,10
13.0575199127,80.2113800049,62383,62393,10
13.0576295853,80.2113800049,62393,62403,10
13.0581102371,80.2113876343,62403,62414,11
13.0589103699,80.2114868164,62414,62424,10
13.0597896576,80.211517334,62424,62434,10
13.0607595444,80.2115478516,62434,62444,10
13.0617198944,80.2115783691,62444,62454,10
13.0625600815,80.2115631104,62454,62464,10
13.0630302429,80.2115020752,62464,62474,10
13.0631999969,80.211479187,62474,62484,10
13.0636901855,80.2114562988,62484,62494,10
13.0644197464,80.2113723755,62494,62504,10
13.0652198792,80.2109603882,62504,62514,10
13.0660495758,80.2102890015,62514,62524,10
13.0668096542,80.2095794678,62524,62535,11
13.0672502518,80.2088623047,62535,62545,10
13.0673599243,80.2086715698,62545,62555,10
13.0675601959,80.2083282471,62555,62565,10
13.067899704,80.2078170776,62565,62575,10
13.0683698654,80.2071228027,62575,62585,10
13.0688896179,80.2063064575,62585,62595,10
13.0693397522,80.205619812,62595,62605,10
13.069560051,80.2051467896,62605,62615,10
13.0696201324,80.2050476074,62615,62625,10
13.0696601868,80.2049179077,62625,62635,10
13.0695104599,80.2048110962,62635,62644,9
13.0692195892,80.2049102783,62644,62656,12
13.0689401627,80.205329895,62656,62666,10
13.0687303543,80.2051086426,62666,62765,99
13.0687303543,80.2051086426,62765,62777,12
13.068860054,80.204750061,62777,62807,30
13.068860054,80.204750061,62807,62817,10
13.0690803528,80.2046813965,62817,62827,10
13.0694999695,80.204750061,62827,62837,10
13.0697698593,80.2048110962,62837,62847,10
13.0699100494,80.2047576904,62847,62857,10
13.0700902939,80.2045669556,62857,62867,10
13.0703897476,80.2041625977,62867,62877,10
13.0714101791,80.2029190063,62877,62886,9
13.0714101791,80.2029190063,62886,62898,12
13.0718803406,80.2023162842,62898,62928,30
13.0718803406,80.2023162842,62928,62938,10
13.0719804764,80.2021179199,62938,62948,10
13.0722999573,80.2018127441,62948,62958,10
13.0727701187,80.2012786865,62958,62968,10
13.0732698441,80.2007064819,62968,62978,10
13.0737199783,80.2002105713,62978,62988,10
13.0741796494,80.1996765137,62988,62998,10
13.0743598938,80.199508667,62998,63008,10
13.0744695663,80.199432373,63008,63019,11
13.0748701096,80.1991882324,63019,63029,10
13.0755596161,80.1990585327,63029,63039,10
13.0763397217,80.1990280151,63039,63049,10
13.0772199631,80.1989822388,63049,63059,10
13.0782003403,80.1988601685,63059,63069,10
13.0792303085,80.1987380981,63069,63079,10
13.0801496506,80.1986694336,63079,63089,10
13.0809803009,80.198600769,63089,63099,10
13.0817499161,80.1985702515,63099,63109,10
13.0825195313,80.1985015869,63109,63119,10
13.0831899643,80.1985015869,63119,63130,11
13.0837001801,80.1984481812,63130,63140,10
13.0840396881,80.1984634399,63140,63150,10
13.0844602585,80.1984710693,63150,63160,10
13.0848798752,80.1984863281,63160,63170,10
13.0852499008,80.1985015869,63170,63180,10
13.0856895447,80.1984634399,63180,63190,10
13.0860700607,80.1984176636,63190,63200,10
13.0866003036,80.1984329224,63200,63210,10
13.0869903564,80.1984405518,63210,63220,10
13.0870895386,80.1981964111,63220,63230,10
13.0871200562,80.1979522705,63230,63239,9
13.0871601105,80.197769165,63239,63251,12
13.0872001648,80.1971511841,63251,63261,10
13.087220192,80.1963577271,63261,63271,10
13.0872497559,80.1955184937,63271,63281,10
13.0872602463,80.1947402954,63281,63291,10
13.0872802734,80.193901062,63291,63301,10
13.0872898102,80.1929626465,63301,63311,10
13.087389946,80.1920776367,63311,63321,10
13.0875196457,80.1910705566,63321,63331,10
13.0876302719,80.1901473999,63331,63341,10
13.0876998901,80.1894073486,63341,63351,10
13.0876998901,80.1890563965,63351,63361,10
13.0876998901,80.1890029907,63361,63372,11
13.0877304077,80.1885910034,63372,63382,10
13.0877504349,80.1883010864,63382,63392,10
13.0877599716,80.1881484985,63392,63402,10
13.0878000259,80.1876373291,63402,63412,10
13.0878400803,80.1868286133,63412,63422,10
13.0878696442,80.1858901978,63422,63432,10
13.0879096985,80.1848983765,63432,63442,10
13.08796978,80.1838378906,63442,63452,10
13.0880203247,80.1826705933,63452,63462,10
13.088060379,80.1815795898,63462,63472,10
13.0880899429,80.1805877686,63472,63482,10
13.0880899429,80.1796264648,63482,63523,41
13.0880899429,80.1796264648,63523,63533,10
13.0881299973,80.1792831421,63533,63543,10
13.0881204605,80.1789627075,63543,63553,10
13.0881099701,80.1789627075,63553,63563,10
13.0881500244,80.1786499023,63563,63573,10
13.0881595612,80.1780395508,63573,63583,10
13.0881795883,80.177192688,63583,63592,9
13.0882196426,80.1764373779,63592,63603,11
13.0882902145,80.1753234863,63603,63614,11
13.0883798599,80.174156189,63614,63624,10
13.0884504318,80.1730880737,63624,63634,10
13.0884895325,80.1721801758,63634,63644,10
13.0885000229,80.1718597412,63644,63654,10
13.08852005,80.1717987061,63654,63664,10
13.0885400772,80.1714172363,63664,63674,10
13.0885896683,80.1707687378,63674,63684,10
13.088640213,80.1699981689,63684,63694,10
13.0887498856,80.1695175171,63694,63704,10
13.0891895294,80.1695098877,63704,63714,10
13.0898799896,80.1695785522,63714,63725,11
13.0908098221,80.169631958,63725,63735,10
13.0918197632,80.1697006226,63735,63745,10
13.0928697586,80.1697769165,63745,63755,10
13.09375,80.1698379517,63755,63765,10
13.0944795609,80.1698913574,63765,63775,10
13.0948400497,80.1698989868,63775,63785,10
13.0951099396,80.169921875,63785,63795,10
13.0955896378,80.169960022,63795,63805,10
13.0962896347,80.1699905396,63805,63815,10
13.097120285,80.1700286865,63815,63825,10
13.0979499817,80.1700668335,63825,63835,10
13.0987195969,80.1701202393,63835,63846,11
13.0992097855,80.1701431274,63846,63856,10
13.0993404388,80.1701583862,63856,63866,10
13.0993795395,80.1701812744,63866,63876,10
13.0996198654,80.1700897217,63876,63886,10
13.0995998383,80.1697235107,63886,63946,60
13.0995998383,80.1697235107,63946,63956,10
13.0992603302,80.169670105,63956,63967,11
13.0991401672,80.1695480347,63967,63977,10
13.0990600586,80.1693725586,63977,63987,10
13.0988798141,80.169342041,63987,63997,10
13.0990800858,80.1695327759,63997,64642,645
13.0990800858,80.1695327759,64642,64652,10
13.0991802216,80.1696090698,64652,64662,10
13.0994195938,80.1697311401,64662,64693,31
13.0994195938,80.1697311401,64693,64703,10
13.0995597839,80.1697463989,64703,64713,10
13.0996904373,80.1698989868,64713,64723,10
13.099650383,80.1700363159,64723,64733,10
13.09953022,80.1702194214,64733,64743,10
13.0994501114,80.1702575684,64743,64753,10
13.0993003845,80.1702804565,64753,65005,252
13.0993003845,80.1702804565,65005,65015,10
13.0990400314,80.1702270508,65015,65025,10
13.0987195969,80.170211792,65025,65035,10
13.0981998444,80.1701583862,65035,65046,11
13.0974197388,80.1701202393,65046,65056,10
13.0966396332,80.1700820923,65056,65066,10
13.0957202911,80.1700286865,65066,65076,10
13.0949401855,80.1699829102,65076,65086,10
13.0946798325,80.1699371338,65086,65096,10
13.0944099426,80.1699066162,65096,65106,10
13.0939502716,80.169883728,65106,65116,10
13.0932502747,80.1698532104,65116,65126,10
13.0923900604,80.1697998047,65126,65136,10
13.0914697647,80.1697387695,65136,65146,10
13.0904998779,80.1696929932,65146,65156,10
13.0894804001,80.169631958,65156,65167,11
13.0887403488,80.169631958,65167,65177,10
13.0886602402,80.1700210571,65177,65187,10
13.0886096954,80.1706314087,65187,65197,10
13.0885801315,80.1713790894,65197,65207,10
13.0885696411,80.1719284058,65207,65217,10
13.0885696411,80.1719436646,65217,65227,10
13.0885400772,80.1722335815,65227,65237,10
13.0885295868,80.1727294922,65237,65247,10
13.0884895325,80.1735076904,65247,65257,10
13.0884399414,80.1744003296,65257,65267,10
13.0883903503,80.1752090454,65267,65278,11
13.0883102417,80.1761779785,65278,65288,10
13.0882701874,80.1770324707,65288,65298,10
13.088259697,80.1775970459,65298,65308,10
13.088259697,80.1786193848,65308,65328,20
13.088259697,80.1786193848,65328,65338,10
13.0882501602,80.1787185669,65338,65348,10
13.0882396698,80.1789703369,65348,65358,10
13.0882501602,80.1792068481,65358,65368,10
13.0882501602,80.1792526245,65368,65378,10
13.0882396698,80.1794433594,65378,65388,10
13.0882301331,80.179901123,65388,65399,11
13.0881900787,80.1807098389,65399,65409,10
13.0881204605,80.1825180054,65409,65419,10
13.0881204605,80.1825180054,65419,65429,10
13.0880804062,80.1834411621,65429,65438,9
13.0880298615,80.1843032837,65438,65460,22
13.0879402161,80.1861419678,65460,65470,10
13.0879201889,80.1871109009,65470,65480,10
13.0879201889,80.18775177,65480,65490,10
13.0879201889,80.1878814697,65490,65500,10
13.0879001617,80.1882629395,65500,65510,10
13.087849617,80.1889266968,65510,65521,11
13.0877895355,80.1898574829,65521,65541,20
13.0877895355,80.1898574829,65541,65551,10
13.0877599716,80.1900787354,65551,65561,10
13.0876703262,80.1905899048,65561,65571,10
13.0875501633,80.1913528442,65571,65581,10
13.087439537,80.1921920776,65581,65591,10
13.0873804092,80.1928482056,65591,65601,10
13.0873403549,80.1934814453,65601,65611,10
13.0873203278,80.1941833496,65611,65620,9
13.0873098373,80.1948394775,65620,65631,11
13.0873098373,80.1956634521,65631,65642,11
13.0872802734,80.1965637207,65642,65652,10
13.087269783,80.1973419189,65652,65662,10
13.0872898102,80.1978302002,65662,65672,10
13.0872802734,80.1978378296,65672,65682,10
13.087269783,80.1981430054,65682,65692,10
13.0874004364,80.1985015869,65692,65702,10
13.0877399445,80.1985092163,65702,65712,10
13.0883197784,80.1984634399,65712,65722,10
13.0890197754,80.1984710693,65722,65732,10
13.089630127,80.1985168457,65732,65742,10
13.0902795792,80.1985626221,65742,65753,11
13.0909795761,80.1986083984,65753,65763,10
13.0913801193,80.1986236572,65763,65773,10
13.0917901993,80.1986999512,65773,65783,10
13.0924596786,80.1987304688,65783,65793,10
13.0929698944,80.1987762451,65793,65803,10
13.0929603577,80.1992034912,65803,65813,10
13.0929203033,80.1998596191,65813,65823,10
13.0928897858,80.2005386353,65823,65833,10
13.0928697586,80.2006378174,65833,65843,10
13.0927000046,80.200668335,65843,65853,10
13.0922899246,80.200630188,65853,65862,9
13.0917396545,80.2006072998,65862,65874,12
13.090880394,80.2005615234,65874,65884,10
13.0901098251,80.2005081177,65884,65894,10
13.0894498825,80.2004623413,65894,65904,10
13.0888204575,80.2004394531,65904,65914,10
13.0881004333,80.2004165649,65914,65924,10
13.0875396729,80.2004165649,65924,65934,10
13.0872602463,80.2004318237,65934,65944,10
13.0868396759,80.2004013062,65944,65954,10
13.0862598419,80.2003936768,65954,65964,10
13.0857896805,80.2003936768,65964,65974,10
13.0855398178,80.2003707886,65974,65983,9
13.0853796005,80.2003479004,65983,65995,12
13.0852804184,80.2000274658,65995,66005,10
13.0853004456,80.199508667,66005,66015,10
13.0852804184,80.1988601685,66015,66025,10
13.0850496292,80.1987304688,66025,66035,10
13.0846204758,80.1987304688,66035,66045,10
13.0843000412,80.1987304688,66045,66055,10
13.0842895508,80.1987228394,66055,66065,10
13.0839796066,80.1987075806,66065,66075,10
13.0832195282,80.1987075806,66075,66136,61
13.0832195282,80.1987075806,66136,66146,10
13.0830402374,80.1986694336,66146,66156,10
13.0827302933,80.1986465454,66156,66166,10
13.0822496414,80.1986465454,66166,66176,10
13.0817804337,80.1986694336,66176,66186,10
13.0811796188,80.1986618042,66186,66196,10
13.0804195404,80.1987075806,66196,66206,10
13.079580307,80.1987991333,66206,66216,10
13.078669548,80.1988830566,66216,66227,11
13.0775604248,80.1990203857,66227,66237,10
13.0766296387,80.1991500854,66237,66247,10
13.0757904053,80.1992416382,66247,66257,10
13.0749197006,80.1994628906,66257,66267,10
13.0742301941,80.1999206543,66267,66277,10
13.0738401413,80.200340271,66277,66287,10
13.0736398697,80.2006225586,66287,66297,10
13.0736198425,80.2006530762,66297,66307,10
13.0735797882,80.2007064819,66307,66317,10
13.073340416,80.2010116577,66317,66327,10
13.0729198456,80.201499939,66327,66337,10
13.0726499557,80.2018203735,66337,66348,11
13.0724401474,80.2020797729,66348,66358,10
13.07213974,80.2023391724,66358,66368,10
13.0717096329,80.202796936,66368,66378,10
13.0711803436,80.2034225464,66378,66388,10
13.070599556,80.2041091919,66388,66398,10
13.0701999664,80.2046279907,66398,66408,10
13.0700397491,80.2048873901,66408,66448,40
13.0700397491,80.2048873901,66448,66457,9
13.0699996948,80.2049713135,66457,66469,12
13.0697402954,80.205039978,66469,66479,10
13.0694999695,80.2048797607,66479,66489,10
13.0692396164,80.2051391602,66489,66499,10
13.0689201355,80.2054595947,66499,66500,1
13.0688800812,80.2054672241,66500,66519,19
13.0682401657,80.2054977417,66519,66559,40
13.0682401657,80.2054977417,66559,66569,10
13.0679798126,80.2053985596,66569,66650,81
13.0679798126,80.2053985596,66650,66660,10
13.0681200027,80.2050018311,66660,66711,51
13.0681200027,80.2050018311,66711,66721,10
13.0683403015,80.2049789429,66721,66731,10
13.0686502457,80.2048416138,66731,66741,10
13.0689601898,80.204788208,66741,66751,10
13.0693702698,80.2048110962,66751,66761,10
13.0696897507,80.2048873901,66761,66791,30
13.0696897507,80.2048873901,66791,66801,10
13.0698404312,80.2051086426,66801,66811,10
13.0696697235,80.2055130005,66811,66822,11
13.0692596436,80.2061462402,66822,66832,10
13.0687999725,80.2068710327,66832,66842,10
13.0683002472,80.2076873779,66842,66852,10
13.0678195953,80.208442688,66852,66862,10
13.0676898956,80.2086486816,66862,66872,10
13.0675802231,80.2088088989,66872,66882,10
13.0673103333,80.2092285156,66882,66892,10
13.06690979,80.2098007202,66892,66902,10
13.0662603378,80.2103729248,66902,66912,10
13.0656204224,80.2109222412,66912,66922,10
13.0651197433,80.2113189697,66922,66932,10
13.0650596619,80.2113418579,66932,66943,11
13.0649995804,80.2113800049,66943,66953,10
13.0648498535,80.2114334106,66953,66963,10
13.064499855,80.2115707397,66963,66973,10
13.0638999939,80.2117233276,66973,66983,10
13.0637998581,80.2117385864,66983,66993,10
13.0636196136,80.2117614746,66993,67003,10
13.0631198883,80.2117767334,67003,67013,10
13.0623903275,80.211807251,67013,67023,10
13.0615997314,80.2118301392,67023,67033,10
13.0604000092,80.211730957,67033,67042,9
13.0594797134,80.2117004395,67042,67053,11
13.0587596893,80.2117004395,67053,67064,11
13.0584497452,80.2117004395,67064,67074,10
13.0580596924,80.2117004395,67074,67084,10
13.0576200485,80.2117004395,67084,67094,10
13.057559967,80.2117004395,67094,67104,10
13.0572004318,80.2116928101,67104,67114,10
13.0566301346,80.2116775513,67114,67124,10
13.0558595657,80.2116470337,67124,67134,10
13.0550203323,80.2116317749,67134,67144,10
13.0545301437,80.2116394043,67144,67164,20
13.0545301437,80.2116394043,67164,67175,11
13.0542697906,80.2116928101,67175,67185,10
13.0537500381,80.2118225098,67185,67195,10
13.0530500412,80.2119903564,67195,67205,10
13.0523099899,80.2121887207,67205,67215,10
13.0514698029,80.2123031616,67215,67225,10
13.0508003235,80.2122116089,67225,67235,10
13.0503797531,80.2121963501,67235,67255,20
13.0503797531,80.2121963501,67255,67265,10
13.050239563,80.2121582031,67265,67275,10
13.0497503281,80.2121887207,67275,67296,21
13.0497503281,80.2121887207,67296,67306,10
13.0495996475,80.2122268677,67306,67316,10
13.0494499207,80.2122192383,67316,67326,10
13.0494203568,80.2122268677,67326,67336,10
13.0493402481,80.2122268677,67336,67346,10
13.049200058,80.2122192383,67346,67356,10
13.0491399765,80.2122192383,67356,67366,10
13.0487604141,80.2122421265,67366,67376,10
13.0481595993,80.2122879028,67376,67386,10
13.0473604202,80.212348938,67386,67396,10
13.0464601517,80.2124023438,67396,67406,10
13.0454597473,80.2124404907,67406,67417,11
13.0444498062,80.2124862671,67417,67467,50
13.0444498062,80.2124862671,67467,67477,10
13.044260025,80.2124404907,67477,67487,10
13.0437498093,80.2124328613,67487,67497,10
13.0429897308,80.2124176025,67497,67507,10
13.042090416,80.2124099731,67507,67516,9
13.0411500931,80.2124099731,67516,67527,11
13.0398797989,80.2124404907,67527,67538,11
13.038649559,80.2124481201,67538,67548,10
13.0375499725,80.2125015259,67548,67618,70
13.0375499725,80.2125015259,67618,67628,10
13.0374202728,80.212387085,67628,67638,10
13.0369701385,80.2123718262,67638,67649,11
13.0362100601,80.2123413086,67649,67659,10
13.0354499817,80.2123336792,67659,67669,10
13.034910202,80.2123031616,67669,67689,20
13.034910202,80.2123031616,67689,67699,10
13.0347995758,80.2122802734,67699,67709,10
13.0340595245,80.2121582031,67709,67729,20
13.0340595245,80.2121582031,67729,67739,10
13.0339899063,80.2121582031,67739,67749,10
13.0336904526,80.212097168,67749,67759,10
13.0333204269,80.2120132446,67759,67770,11
13.0326004028,80.2118988037,67770,67780,10
13.0319700241,80.2116165161,67780,67790,10
13.0320196152,80.2108764648,67790,67800,10
13.0321102142,80.2100601196,67800,67810,10
13.0319700241,80.2096786499,67810,67820,10
13.0315198898,80.2095794678,67820,67830,10
13.0309095383,80.2094497681,67830,67840,10
13.0305404663,80.2093276978,67840,67850,10
13.0302200317,80.2092208862,67850,67860,10
13.0297498703,80.2090682983,67860,67870,10
13.029540062,80.2090072632,67870,67880,10
13.0294904709,80.2090072632,67880,67891,11
13.0291004181,80.2089004517,67891,67901,10
13.0284099579,80.2087097168,67901,67911,10
13.0276603699,80.2084197998,67911,67921,10
13.0269603729,80.2080001831,67921,67931,10
13.0261802673,80.2075195313,67931,67941,10
13.0252103806,80.2071228027,67941,67951,10
13.0243501663,80.2070007324,67951,67961,10
13.0242099762,80.2069778442,67961,67971,10
13.0241298676,80.2069625854,67971,67981,10
13.0237798691,80.2068710327,67981,67991,10
13.0231800079,80.2067184448,67991,68002,11
13.0222797394,80.2065429688,68002,68012,10
13.0212802887,80.2064971924,68012,68022,10
13.0201501846,80.2064971924,68022,68032,10
13.0189599991,80.2063827515,68032,68052,20
13.0189599991,80.2063827515,68052,68062,10
13.0186901093,80.2062911987,68062,68072,10
13.0181598663,80.2061386108,68072,68082,10
13.0177698135,80.2059936523,68082,68092,10
13.0174703598,80.2058410645,68092,68102,10
13.0169801712,80.2056274414,68102,68112,10
13.0163002014,80.2053604126,68112,68123,11
13.0153303146,80.205039978,68123,68133,10
13.0145301819,80.2047729492,68133,68143,10
13.0143299103,80.2046966553,68143,68153,10
13.0141496658,80.2046432495,68153,68163,10
13.013710022,80.204498291,68163,68173,10
13.0135297775,80.2047729492,68173,68183,10
13.0133495331,80.2053375244,68183,68193,10
13.0131101608,80.2061233521,68193,68203,10
13.0129899979,80.20703125,68203,68213,10
13.0129203796,80.2078323364,68213,68223,10
13.0128803253,80.208366394,68223,68233,10
13.0128698349,80.208656311,68233,68244,11
13.0129203796,80.2091217041,68244,68254,10
13.0131196976,80.2097167969,68254,68264,10
13.0131196976,80.2102966309,68264,68274,10
13.0129899979,80.2109832764,68274,68284,10
13.0126304626,80.2116775513,68284,68294,10
13.0122900009,80.2122802734,68294,68304,10
13.0119495392,80.2127838135,68304,68314,10
13.0117301941,80.212852478,68314,68324,10
13.0113897324,80.2126083374,68324,68334,10
13.0108804703,80.2122268677,68334,68344,10
13.0102396011,80.2117614746,68344,68355,11
13.0093803406,80.2111206055,68355,68385,30
13.0093803406,80.2111206055,68385,68395,10
13.0092096329,80.2111816406,68395,68405,10
13.0090198517,80.211479187,68405,68415,10
13.0089797974,80.2116165161,68415,68425,10
13.009059906,80.2119293213,68425,68435,10
13.0092401505,80.2124786377,68435,68445,10
13.0094804764,80.2131195068,68445,68455,10
13.0097398758,80.2137908936,68455,68465,10
13.010020256,80.2144699097,68465,68476,11
13.0101804733,80.2153320313,68476,68486,10
13.0104398727,80.2161865234,68486,68496,10
13.010840416,80.2171096802,68496,68506,10
13.0112695694,80.2181091309,68506,68516,10
13.0116796494,80.2192687988,68516,68526,10
13.0120296478,80.2203598022,68526,68536,10
13.0122995377,80.221282959,68536,68546,10
13.0126399994,80.2219467163,68546,68556,10
13.0131998062,80.2226333618,68556,68566,10
13.0138397217,80.2233810425,68566,68576,10
13.0143995285,80.2240829468,68576,68586,10
13.0149803162,80.2247161865,68586,68597,11
13.0154800415,80.2252883911,68597,68607,10
13.0154695511,80.2255096436,68607,68617,10
13.0152902603,80.2258682251,68617,68627,10
13.0146999359,80.2261428833,68627,68637,10
13.0139503479,80.2264404297,68637,68647,10
13.013130188,80.2267608643,68647,68657,10
13.0122699738,80.2271194458,68657,68667,10
13.0112895966,80.2275009155,68667,68677,10
13.0102901459,80.227897644,68677,68687,10
13.0095300674,80.2279129028,68687,68697,10
13.0095701218,80.227432251,68697,68706,9
13.0098199844,80.2269363403,68706,68718,12
13.0101995468,80.22605896,68718,68728,10
13.0103597641,80.2256622314,68728,68738,10
13.0104999542,80.2252883911,68738,68748,10
13.0106897354,80.2249069214,68748,68758,10
13.010840416,80.2244415283,68758,68768,10
13.0110902786,80.2238006592,68768,68778,10
13.0112304688,80.2233428955,68778,68788,10
13.0109500885,80.2230987549,68788,68798,10
13.010430336,80.2228164673,68798,68808,10
13.0097503662,80.2224731445,68808,68818,10
13.0090503693,80.2220993042,68818,68829,11
13.0082998276,80.2216873169,68829,68839,10
13.007519722,80.2212600708,68839,68849,10
13.0067501068,80.2208633423,68849,68859,10
13.0059995651,80.2206268311,68859,68869,10
13.0051298141,80.2204437256,68869,68879,10
13.0043096542,80.2202529907,68879,68889,10
13.0035896301,80.2200775146,68889,68899,10
13.0029001236,80.219871521,68899,68909,10
13.0022497177,80.2193908691,68909,68919,10
13.0017204285,80.2188186646,68919,68929,10
13.0015296936,80.2186508179,68929,68939,10
13.0014200211,80.2185592651,68939,68950,11
13.0011100769,80.2183532715,68950,68960,10
13.0006399155,80.2180480957,68960,68970,10
13.0002002716,80.2177734375,68970,68980,10
12.9996900558,80.2174606323,68980,68990,10
12.9991397858,80.2171630859,68990,69000,10
12.9984998703,80.2168426514,69000,69010,10
12.9978399277,80.2166366577,69010,69020,10
12.9975795746,80.2166137695,69020,69030,10
12.9975595474,80.2166137695,69030,69040,10
12.9974002838,80.2165908813,69040,69050,10
12.9969902039,80.2166137695,69050,69060,10
12.9963502884,80.2166595459,69060,69071,11
12.9955301285,80.2168502808,69071,69081,10
12.9951095581,80.2170715332,69081,69091,10
12.9949302673,80.2171783447,69091,69101,10
12.994600296,80.2174072266,69101,69111,10
12.9941797256,80.2177124023,69111,69121,10
12.9939403534,80.217880249,69121,69131,10
12.9935798645,80.2181396484,69131,69141,10
12.9930400848,80.2185287476,69141,69151,10
12.992480278,80.2189407349,69151,69161,10
12.9919996262,80.2193222046,69161,69171,10
12.991900444,80.219367981,69171,69182,11
12.9917697906,80.2194824219,69182,69192,10
12.9915304184,80.2196578979,69192,69202,10
12.9911899567,80.219581604,69202,69212,10
12.9911603928,80.219581604,69212,69222,10
12.991060257,80.2195205688,69222,69232,10
12.9906101227,80.2193603516,69232,69242,10
12.9899501801,80.2191390991,69242,69252,10
12.9892702103,80.2189102173,69252,69262,10
12.9885196686,80.2186508179,69262,69272,10
12.9877700806,80.2184829712,69272,69282,10
12.9872999191,80.218421936,69282,69292,10
12.9870996475,80.2183837891,69292,69303,11
12.9868402481,80.2182922363,69303,69313,10
12.9863004684,80.2181472778,69313,69323,10
12.9855098724,80.2180023193,69323,69333,10
12.9848003387,80.2179794312,69333,69343,10
12.9842796326,80.2180175781,69343,69353,10
12.9841604233,80.2180175781,69353,69363,10
12.9841003418,80.2180328369,69363,69373,10
12.9837398529,80.2180328369,69373,69383,10
12.9830904007,80.2180099487,69383,69393,10
12.982339859,80.2180099487,69393,69403,10
12.9816999435,80.2180404663,69403,69413,10
12.980890274,80.2182922363,69413,69424,11
12.9799604416,80.2186203003,69424,69434,10
12.9792604446,80.2189102173,69434,69444,10
12.9787197113,80.2191314697,69444,69454,10
12.9783000946,80.2193069458,69454,69464,10
12.977689743,80.2195663452,69464,69474,10
12.9769601822,80.2198791504,69474,69484,10
12.9765100479,80.2201004028,69484,69494,10
12.9764795303,80.220123291,69494,69504,10
12.976360321,80.2201385498,69504,69514,10
12.9761199951,80.2202301025,69514,69524,10
12.9759397507,80.2202835083,69524,69535,11
12.9756603241,80.2203826904,69535,69696,161
12.9756603241,80.2203826904,69696,69706,10
12.9754400253,80.2206878662,69706,69716,10
12.9755802155,80.2209701538,69716,69726,10
12.9758996964,80.2212219238,69726,70422,696
12.9758996964,80.2212219238,70422,70432,10
12.9763202667,80.2212295532,70432,70442,10
12.9766998291,80.2212524414,70442,70452,10
12.9772195816,80.2212600708,70452,70462,10
12.9777603149,80.2212600708,70462,70472,10
12.9784097672,80.2212219238,70472,70482,10
12.9791498184,80.2211685181,70482,70493,11
12.97976017,80.2211303711,70493,70503,10
12.9804296494,80.2210693359,70503,70513,10
12.9809103012,80.2210693359,70513,70523,10
12.9813604355,80.2212677002,70523,70533,10
12.9817895889,80.2215805054,70533,70543,10
12.9822301865,80.2218170166,70543,70553,10
12.9825897217,80.2219161987,70553,70563,10
12.9828701019,80.2220306396,70563,70573,10
12.9829301834,80.2220611572,70573,70583,10
12.9832296371,80.2222366333,70583,70593,10
12.9834604263,80.2223968506,70593,70603,10
12.9836797714,80.2225418091,70603,70614,11
12.9841098785,80.2228012085,70614,70624,10
12.984629631,80.2231063843,70624,70634,10
12.9852104187,80.2233505249,70634,70644,10
12.9854297638,80.2232971191,70644,70654,10
12.985710144,80.2230606079,70654,70664,10
12.9862699509,80.2230224609,70664,70674,10
12.9864702225,80.2230224609,70674,70684,10
12.986579895,80.2230377197,70684,70694,10
12.9869403839,80.2230987549,70694,70704,10
12.9871397018,80.2231063843,70704,70714,10
12.9876003265,80.2231292725,70714,70723,9
12.988120079,80.2228469849,70723,70735,12
12.9888401031,80.2221679688,70735,70745,10
12.9891500473,80.221786499,70745,70755,10
12.9894199371,80.221496582,70755,70765,10
12.9898004532,80.2209396362,70765,70775,10
12.99036026,80.2204818726,70775,70785,10
12.9904603958,80.2203826904,70785,70795,10
12.9906902313,80.2202072144,70795,70805,10
12.9909801483,80.2199707031,70805,70815,10
12.9911699295,80.219833374,70815,70825,10
12.9915895462,80.2195129395,70825,70835,10
12.9921598434,80.2191009521,70835,70846,11
12.9927597046,80.2186737061,70846,70856,10
12.9933595657,80.218208313,70856,70866,10
12.9939403534,80.2178192139,70866,70876,10
12.9944000244,80.2174835205,70876,70886,10
12.9947595596,80.2172012329,70886,70896,10
12.9950304031,80.2170333862,70896,70906,10
12.9955301285,80.2167816162,70906,70916,10
12.9961395264,80.2166213989,70916,70926,10
12.9965600967,80.2165527344,70926,70936,10
12.9968204498,80.2165222168,70936,70946,10
12.9969902039,80.216506958,70946,70955,9
12.9970798492,80.2164993286,70955,70967,12
12.997300148,80.2163009644,70967,70977,10
12.9973802567,80.216217041,70977,70987,10
12.9975099564,80.2161178589,70987,70997,10
12.9978704453,80.2158126831,70997,71007,10
12.9983997345,80.21534729,71007,71017,10
12.9989595413,80.2148590088,71017,71027,10
12.9992198944,80.2146377563,71027,71037,10
12.99958992,80.2143173218,71037,71047,10
12.9999799728,80.2139663696,71047,71057,10
13.0004501343,80.2135391235,71057,71067,10
13.0010299683,80.2130813599,71067,71077,10
13.0015602112,80.2126922607,71077,71088,11
13.0022001266,80.212272644,71088,71098,10
13.0027503967,80.2121276855,71098,71108,10
13.0036201477,80.2119903564,71108,71128,20
13.0036201477,80.2119903564,71128,71138,10
13.0036497116,80.2116394043,71138,71148,10
13.0036096573,80.2110671997,71148,71158,10
13.0035295486,80.2104110718,71158,71168,10
13.0034599304,80.2097167969,71168,71178,10
13.0035800934,80.2089920044,71178,71188,10
13.0041399002,80.2087402344,71188,71199,11
13.0051698685,80.209197998,71199,71209,10
13.0061302185,80.2095565796,71209,71219,10
13.0068798065,80.2098007202,71219,71229,10
13.0074100494,80.2098770142,71229,71249,20
13.0074100494,80.2098770142,71249,71259,10
13.0076904297,80.2099533081,71259,71269,10
13.0080699921,80.2100219727,71269,71279,10
13.0080795288,80.2096405029,71279,71289,10
13.0079498291,80.2089996338,71289,71299,10
13.0078201294,80.2081604004,71299,71309,10
13.0076704025,80.2071685791,71309,71320,11
13.0075101852,80.2059936523,71320,71330,10
13.0074796677,80.2049789429,71330,71340,10
13.0074596405,80.2041168213,71340,71350,10
13.0073604584,80.2033081055,71350,71360,10
13.0070695877,80.2026367188,71360,71370,10
13.006529808,80.2027816772,71370,71380,10
13.0066995621,80.203338623,71380,71390,10
13.0073299408,80.2036437988,71390,71400,10
13.0081396103,80.2037277222,71400,71410,10
13.0091695786,80.2036819458,71410,71420,10
13.010430336,80.2036514282,71420,71430,10
13.011759758,80.2037811279,71430,71441,11
13.0130500793,80.2040405273,71441,71451,10
13.01404953,80.2043685913,71451,71461,10
13.0148897171,80.2046432495,71461,71471,10
13.0149698257,80.2046737671,71471,71481,10
13.0152597427,80.2048034668,71481,71491,10
13.01583004,80.2050018311,71491,71501,10
13.0165395737,80.2052001953,71501,71511,10
13.0173797607,80.205406189,71511,71521,10
13.0179100037,80.2056503296,71521,71531,10
13.0186595917,80.205947876,71531,71552,21
13.0186595917,80.205947876,71552,71562,10
13.0189599991,80.2060699463,71562,71572,10
13.0195102692,80.2062225342,71572,71582,10
13.0202999115,80.2062911987,71582,71592,10
13.0212497711,80.2062988281,71592,71602,10
13.0222702026,80.2063674927,71602,71612,10
13.0233697891,80.2065811157,71612,71622,10
13.0242595673,80.2066879272,71622,71632,10
13.0243196487,80.206703186,71632,71642,10
13.0245895386,80.2067871094,71642,71652,10
13.0251398087,80.2069168091,71652,71662,10
13.0258998871,80.2072601318,71662,71673,11
13.0267496109,80.2077484131,71673,71683,10
13.0276403427,80.2082824707,71683,71693,10
13.0287103653,80.208656311,71693,71703,10
13.0296096802,80.2088775635,71703,71713,10
13.03028965,80.2090606689,71713,71723,10
13.0310401917,80.2092590332,71723,71733,10
13.0314598083,80.2093887329,71733,71743,10
13.0314702988,80.2093887329,71743,71753,10
13.0316200256,80.2094192505,71753,71763,10
13.0320100784,80.2095336914,71763,71773,10
13.0325603485,80.2096481323,71773,71783,10
13.0333099365,80.209777832,71783,71794,11
13.0342102051,80.2099609375,71794,71804,10
13.0348300934,80.2101135254,71804,71814,10
13.0349798203,80.2106399536,71814,71824,10
13.0349903107,80.2111968994,71824,71834,10
13.0349597931,80.2113037109,71834,71844,10
13.034910202,80.2114334106,71844,71854,10
13.0348396301,80.2118530273,71854,71864,10
13.0349798203,80.2122116089,71864,71874,10
13.0354795456,80.2122802734,71874,71884,10
13.0362596512,80.2123031616,71884,71894,10
13.036939621,80.2123031616,71894,71904,10
13.0371904373,80.2122802734,71904,71915,11
13.0374403,80.2123031616,71915,71925,10
13.0379199982,80.2123031616,71925,71935,10
13.0386896133,80.212272644,71935,71945,10
13.0395803452,80.2122573853,71945,71955,10
13.0406303406,80.2122421265,71955,71965,10
13.0416898727,80.2122497559,71965,71975,10
13.0427904129,80.2122573853,71975,71985,10
13.0437002182,80.2122573853,71985,72005,20
13.0437002182,80.2122573853,72005,72014,9
13.0438499451,80.212272644,72014,72026,12
13.0443897247,80.2122573853,72026,72036,10
13.0450401306,80.2122573853,72036,72046,10
13.0457801819,80.2122497559,72046,72056,10
13.0464496613,80.2122421265,72056,72066,10
13.0470104218,80.2122421265,72066,72076,10
13.0477199554,80.2121582031,72076,72086,10
13.0485095978,80.2120819092,72086,72096,10
13.0487804413,80.212020874,72096,72106,10
13.0488500595,80.2120132446,72106,72116,10
13.0492601395,80.2119827271,72116,72126,10
13.0498504639,80.2119369507,72126,72135,9
13.0501203537,80.2119598389,72135,72147,12
13.0506095886,80.2119827271,72147,72156,9
13.0512104034,80.212059021,72156,72167,11
13.0522603989,80.2119674683,72167,72177,10
13.0532798767,80.2117004395,72177,72187,10
13.0543298721,80.2114181519,72187,72207,20
13.0543298721,80.2114181519,72207,72217,10
13.0545396805,80.2113876343,72217,72227,10
13.0547399521,80.2113876343,72227,72237,10
13.055150032,80.2114028931,72237,72247,10
13.0558900833,80.21144104,72247,72256,9
13.0567398071,80.21144104,72256,72268,12
13.0577001572,80.2114028931,72268,72278,10
13.0577802658,80.2113876343,72278,72288,10
13.0581798553,80.2114028931,72288,72298,10
13.0586900711,80.2114028931,72298,72308,10
13.0593700409,80.2114486694,72308,72318,10
13.0601797104,80.2115097046,72318,72328,10
13.0610904694,80.2115631104,72328,72338,10
13.0618400574,80.2116012573,72338,72348,10
13.0626296997,80.2116088867,72348,72358,10
13.0629196167,80.2115478516,72358,72368,10
13.0631103516,80.2115325928,72368,72379,11
13.0637302399,80.2115097046,72379,72389,10
13.064499855,80.2113800049,72389,72399,10
13.0652999878,80.2109222412,72399,72409,10
13.0661497116,80.2102203369,72409,72419,10
13.0669603348,80.2094116211,72419,72429,10
13.0675897598,80.208366394,72429,72439,10
13.0682601929,80.2072982788,72439,72449,10
13.0689401627,80.2062530518,72449,72459,10
13.0693798065,80.2054977417,72459,72469,10
13.069609642,80.2049713135,72469,72489,20
13.069609642,80.2049713135,72489,72500,11
13.0694704056,80.2048416138,72500,72510,10
13.0692501068,80.2049102783,72510,72520,10
13.0690498352,80.2052764893,72520,72530,10
13.0687103271,80.2053527832,72530,72540,10
13.0686702728,80.2052536011,72540,72550,10
13.0686502457,80.2051086426,72550,72621,71
13.0686502457,80.2051086426,72621,72631,10
13.0686903,80.2049026489,72631,72641,10
13.0690698624,80.2047271729,72641,72661,20
13.0690698624,80.2047271729,72661,72671,10
13.069270134,80.204750061,72671,72681,10
13.0694503784,80.2047805786,72681,72691,10
13.0697097778,80.2048568726,72691,72701,10
13.070110321,80.2045211792,72701,72711,10
13.0706195831,80.2038726807,72711,72721,10
13.0712795258,80.2031021118,72721,72731,10
13.0718698502,80.2024002075,72731,72853,122
13.0718698502,80.2024002075,72853,72863,10
13.0721197128,80.2021179199,72863,72873,10
13.072429657,80.201751709,72873,72883,10
13.0728902817,80.2012023926,72883,72893,10
13.0733604431,80.2006530762,72893,72903,10
13.0742301941,80.1996307373,72903,72923,20
13.0742301941,80.1996307373,72923,72933,10
13.074379921,80.1994781494,72933,72943,10
13.0747995377,80.1991882324,72943,72953,10
13.0755300522,80.1990509033,72953,72963,10
13.0764799118,80.1990509033,72963,72974,11
13.077580452,80.198928833,72974,72984,10
13.078499794,80.1988067627,72984,72994,10
13.0794296265,80.1987304688,72994,73004,10
13.0802402496,80.1986465454,73004,73014,10
13.0810499191,80.1985931396,73014,73024,10
13.0818500519,80.1985626221,73024,73034,10
13.0825395584,80.1984863281,73034,73044,10
13.082859993,80.1984786987,73044,73054,10
13.0832901001,80.1984710693,73054,73064,10
13.0837202072,80.1984481812,73064,73074,10
13.08411026,80.1984481812,73074,73084,10
13.0846204758,80.1984634399,73084,73095,11
13.0851202011,80.1984405518,73095,73105,10
13.085650444,80.1984100342,73105,73115,10
13.0862598419,80.198387146,73115,73125,10
13.0868196487,80.1984100342,73125,73135,10
13.0870304108,80.1983108521,73135,73145,10
13.0870504379,80.1980895996,73145,73155,10
13.0870599747,80.1980209351,73155,73165,10
13.0870800018,80.1978530884,73165,73175,10
13.0871200562,80.1973114014,73175,73185,10
13.0871496201,80.1964874268,73185,73195,10
13.0871696472,80.195640564,73195,73205,10
13.0872001648,80.1948928833,73205,73216,11
13.087220192,80.193901062,73216,73226,10
13.0872297287,80.1930084229,73226,73266,40
13.0872297287,80.1930084229,73266,73276,10
13.0872402191,80.1927032471,73276,73286,10
13.0873098373,80.1922302246,73286,73296,10
13.0874099731,80.1914825439,73296,73306,10
13.0875301361,80.1906204224,73306,73316,10
13.0876502991,80.1896209717,73316,73327,11
13.0876598358,80.1891021729,73327,73337,10
13.0876598358,80.1890869141,73337,73347,10
13.087679863,80.1888427734,73347,73357,10
13.0876903534,80.1882476807,73357,73377,20
13.0876903534,80.1882476807,73377,73387,10
13.0876998901,80.188117981,73387,73397,10
13.0877399445,80.1876602173,73397,73407,10
13.0877799988,80.1869125366,73407,73417,10
13.0878295898,80.1860809326,73417,73427,10
13.0878696442,80.1854934692,73427,73437,10
13.0878801346,80.1851882935,73437,73448,11
13.0879201889,80.1844863892,73448,73457,9
13.0879497528,80.1837387085,73457,73468,11
13.0880002975,80.1826171875,73468,73478,10
13.0880498886,80.1814880371,73478,73488,10
13.0880699158,80.1803436279,73488,73498,10
13.088060379,80.1798706055,73498,73528,30
13.088060379,80.1798706055,73528,73538,10
13.0880403519,80.1796417236,73538,73548,10
13.0880403519,80.1791763306,73548,73558,10
13.0880498886,80.1789779663,73558,73569,11
13.0880403519,80.1789321899,73569,73579,10
13.088060379,80.1786804199,73579,73589,10
13.0881004333,80.1781311035,73589,73599,10
13.0881099701,80.1774291992,73599,73609,10
13.0881299973,80.1768417358,73609,73619,10
13.0881795883,80.1760406494,73619,73629,10
13.088259697,80.1750793457,73629,73639,10
13.0883398056,80.174041748,73639,73649,10
13.0884103775,80.1729736328,73649,73659,10
13.0884504318,80.1721496582,73659,73669,10
13.088470459,80.1719284058,73669,73680,11
13.0885400772,80.1706466675,73680,73690,10
13.0885400772,80.1706466675,73690,73700,10
13.0885696411,80.1698074341,73700,73708,8
13.088760376,80.1695098877,73708,73719,11
13.0893602371,80.1695327759,73719,73730,11
13.0902395248,80.169593811,73730,73740,10
13.0912599564,80.1696624756,73740,73750,10
13.0923995972,80.1697311401,73750,73760,10
13.0934095383,80.1697998047,73760,73770,10
13.0942401886,80.1698532104,73770,73780,10
13.0946102142,80.1698684692,73780,73790,10
13.0948801041,80.169883728,73790,73801,11
13.0952796936,80.1698913574,73801,73811,10
13.0959596634,80.169921875,73811,73821,10
13.0967903137,80.1699676514,73821,73831,10
13.0977602005,80.1700363159,73831,73841,10
13.0986499786,80.1700820923,73841,73851,10
13.099240303,80.1701202393,73851,73861,10
13.09953022,80.1700820923,73861,73881,20
13.0996303558,80.1700592041,73881,73901,20
13.0996303558,80.1700592041,73901,73911,10
13.0996198654,80.170249939,73911,73922,11
13.0992498398,80.170249939,73922,74396,474
13.0992498398,80.170249939,74396,74406,10
13.0990600586,80.1702575684,74406,74416,10
13.098739624,80.1702423096,74416,74426,10
13.098110199,80.1701889038,74426,74436,10
13.0972604752,80.1701431274,74436,74446,10
13.0962295532,80.1700820923,74446,74456,10
13.0951499939,80.1700210571,74456,74466,10
13.0946998596,80.1699981689,74466,74476,10
13.0944299698,80.1699829102,74476,74486,10
13.0940599442,80.1699371338,74486,74496,10
13.0935401917,80.1699066162,74496,74506,10
13.0928096771,80.1698608398,74506,74517,11
13.091750145,80.1698074341,74517,74527,10
13.0906295776,80.1697311401,74527,74537,10
13.0894804001,80.1696624756,74537,74547,10
13.0887298584,80.1696395874,74547,74557,10
13.0886096954,80.1700363159,74557,74567,10
13.0885896683,80.1706924438,74567,74577,10
13.0885601044,80.1714935303,74577,74587,10
13.088549614,80.1719512939,74587,74597,10
13.08852005,80.1719818115,74597,74607,10
13.0885000229,80.1723175049,74607,74617,10
13.0884799957,80.1729507446,74617,74627,10
13.0884304047,80.1737594604,74627,74638,11
13.0883903503,80.1747131348,74638,74648,10
13.0883598328,80.1754837036,74648,74658,10
13.0882997513,80.1762237549,74658,74668,10
13.088259697,80.1770401001,74668,74678,10
13.0882301331,80.1784210205,74678,74688,10
13.0882301331,80.1784210205,74688,74698,10
13.0882101059,80.1786270142,74698,74707,9
13.0881900787,80.1787414551,74707,74718,11
13.0881795883,80.179397583,74718,74738,20
13.0881795883,80.179397583,74738,74749,11
13.0881795883,80.1796188354,74749,74759,10
13.0881700516,80.1801528931,74759,74769,10
13.088139534,80.1809463501,74769,74779,10
13.088060379,80.1827774048,74779,74789,10
13.088060379,80.1827774048,74789,74799,10
13.0880203247,80.1837615967,74799,74807,8
13.0879802704,80.1846008301,74807,74819,12
13.0879602432,80.1856536865,74819,74839,20
13.0878696442,80.1875076294,74839,74849,10
13.0878696442,80.1879272461,74849,74880,31
13.0878696442,80.1879272461,74880,74890,10
13.0878601074,80.1880569458,74890,74900,10
13.0878295898,80.1884689331,74900,74910,10
13.0878000259,80.1891098022,74910,74920,10
13.0877399445,80.1898422241,74920,74940,20
13.0877399445,80.1898422241,74940,74950,10
13.0877199173,80.1899185181,74950,74960,10
13.087679863,80.1901779175,74960,74970,10
13.0875797272,80.1908187866,74970,74980,10
13.0874700546,80.1916732788,74980,74991,11
13.0874004364,80.1922988892,74991,75001,10
13.0873498917,80.1926269531,75001,75011,10
13.0873203278,80.1929779053,75011,75021,10
13.0873003006,80.1936035156,75021,75031,10
13.087269783,80.1943817139,75031,75041,10
13.087269783,80.1951217651,75041,75051,10
13.0872602463,80.1956863403,75051,75061,10
13.0872402191,80.1962814331,75061,75071,10
13.0872097015,80.1970291138,75071,75081,10
13.087220192,80.1976623535,75081,75091,10
13.0872097015,80.1977386475,75091,75101,10
13.0871896744,80.197807312,75101,75112,11
13.0872001648,80.1982269287,75112,75122,10
13.0873098373,80.1984710693,75122,75132,10
13.0874595642,80.1985321045,75132,75142,10
13.087770462,80.1985015869,75142,75152,10
13.0882997513,80.1984710693,75152,75162,10
13.088760376,80.1984634399,75162,75172,10
13.0891304016,80.1984863281,75172,75182,10
13.0895299911,80.1985015869,75182,75192,10
13.0899200439,80.1985168457,75192,75202,10
13.0902795792,80.1985702515,75202,75212,10
13.0908403397,80.1986236572,75212,75223,11
13.0916004181,80.1986923218,75223,75233,10
13.0924100876,80.1987075806,75233,75243,10
13.0929203033,80.1988067627,75243,75253,10
13.0929098129,80.1993713379,75253,75263,10
13.0928602219,80.2001190186,75263,75273,10
13.0928201675,80.2006225586,75273,75283,10
13.0926103592,80.2006378174,75283,75293,10
13.0921401978,80.2006225586,75293,75303,10
13.0914096832,80.2005996704,75303,75313,10
13.0906496048,80.200592041,75313,75323,10
13.0899200439,80.2005462646,75323,75332,9
13.0891103745,80.2005386353,75332,75344,12
13.0879497528,80.2005004883,75344,75354,10
13.0871295929,80.2004699707,75354,75364,10
13.0864696503,80.2004394531,75364,75374,10
13.0857400894,80.2004165649,75374,75384,10
13.0852899551,80.2003479004,75384,75394,10
13.0852403641,80.1999206543,75394,75404,10
13.0852298737,80.1993637085,75404,75414,10
13.0852203369,80.1988067627,75414,75424,10
13.0848703384,80.1987380981,75424,75434,10
13.084400177,80.1986999512,75434,75444,10
13.0841398239,80.1987304688,75444,75454,10
13.0840501785,80.1987380981,75454,75465,11
13.0836400986,80.1987380981,75465,75475,10
13.0830097198,80.1986999512,75475,75485,10
13.0823802948,80.1986923218,75485,75495,10
13.0818901062,80.1986999512,75495,75505,10
13.0813598633,80.1986923218,75505,75515,10
13.0808601379,80.198677063,75515,75525,10
13.0802602768,80.1987533569,75525,75535,10
13.0794696808,80.1988220215,75535,75545,10
13.0785598755,80.1989212036,75545,75555,10
13.0775403976,80.1990432739,75555,75565,10
13.0765399933,80.1991729736,75565,75576,11
13.0754499435,80.1993408203,75576,75586,10
13.0744800568,80.19972229,75586,75596,10
13.0740098953,80.2001190186,75596,75606,10
13.0737895966,80.2003936768,75606,75616,10
13.073559761,80.2006912231,75616,75626,10
13.073559761,80.2006988525,75626,75636,10
13.0734596252,80.2008132935,75636,75646,10
13.0731296539,80.201210022,75646,75656,10
13.072810173,80.2015762329,75656,75666,10
13.0726699829,80.201751709,75666,75676,10
13.0725097656,80.2019577026,75676,75685,9
13.0723695755,80.2021484375,75685,75697,12
13.0720996857,80.2023773193,75697,75707,10
13.0716896057,80.2028121948,75707,75717,10
13.0711603165,80.2034225464,75717,75727,10
13.0705604553,80.2041320801,75727,75737,10
13.0701503754,80.2046737671,75737,75747,10
13.0699901581,80.2049179077,75747,75757,10
13.0699396133,80.2049789429,75757,75767,10
13.0698299408,80.205116272,75767,75777,10
13.0696496964,80.2050628662,75777,75787,10
13.0693597794,80.2049179077,75787,75797,10
13.0690498352,80.2052230835,75797,75806,9
13.0687398911,80.2054595947,75806,75818,12
13.0682401657,80.2055282593,75818,75888,70
13.0682401657,80.2055282593,75888,75898,10
13.0679597855,80.2054595947,75898,75918,20
13.0678796768,80.2053527832,75918,75939,21
13.0678796768,80.2053527832,75939,75949,10
13.0679998398,80.2051010132,75949,75979,30
13.0679998398,80.2051010132,75979,75989,10
13.0682001114,80.2050094604,75989,75999,10
13.0683803558,80.2049331665,75999,76009,10
13.0689401627,80.2047729492,76009,76060,51
13.0689401627,80.2047729492,76060,76070,10
13.0691299438,80.204750061,76070,76080,10
13.0693502426,80.204788208,76080,76120,40
13.0693502426,80.204788208,76120,76130,10
13.0696296692,80.2048721313,76130,76140,10
13.0698299408,80.2051620483,76140,76150,10
13.0695896149,80.2055892944,76150,76160,10
13.0692195892,80.2061691284,76160,76171,11
13.0686998367,80.2069778442,76171,76181,10
13.0681800842,80.2078170776,76181,76191,10
13.06772995,80.2085418701,76191,76201,10
13.0673103333,80.2092437744,76201,76211,10
13.0667600632,80.2099685669,76211,76221,10
13.066069603,80.2106018066,76221,76231,10
13.0653896332,80.2111816406,76231,76241,10
13.0651102066,80.2114028931,76241,76251,10
13.065030098,80.21144104,76251,76261,10
13.0645799637,80.2116470337,76261,76271,10
13.0638999939,80.211807251,76271,76280,9
13.0633602142,80.2118301392,76280,76292,12
13.0624799728,80.2118530273,76292,76302,10
13.0618801117,80.211769104,76302,76312,10
13.0607995987,80.2117462158,76312,76322,10
13.0597801208,80.2117614746,76322,76332,10
13.0589199066,80.2117462158,76332,76342,10
13.058549881,80.2117080688,76342,76352,10
13.057970047,80.2117233276,76352,76362,10
13.0576200485,80.2117385864,76362,76372,10
13.0575895309,80.2116470337,76372,76382,10
13.0574903488,80.2116928101,76382,76392,10
13.0570602417,80.2116928101,76392,76403,11
13.0563497543,80.2116775513,76403,76413,10
13.0555200577,80.2116699219,76413,76423,10
13.0546302795,80.2116928101,76423,76433,10
13.0540304184,80.2117767334,76433,76443,10
13.0533800125,80.2119293213,76443,76453,10
13.0526599884,80.2121200562,76453,76463,10
13.0518398285,80.2123031616,76463,76473,10
13.051030159,80.2122802734,76473,76483,10
13.0508203506,80.2122421265,76483,76493,10
13.0504398346,80.212272644,76493,76503,10
13.0501003265,80.2122802734,76503,76513,10
13.0499000549,80.2122879028,76513,76524,11
13.0497198105,80.2122802734,76524,76534,10
13.0495100021,80.2122192383,76534,76544,10
13.0495004654,80.2122116089,76544,76554,10
13.0494203568,80.2121276855,76554,76564,10
13.0491304398,80.2121734619,76564,76574,10
13.0485496521,80.2122268677,76574,76584,10
13.0477800369,80.212310791,76584,76594,10
13.0468502045,80.2123565674,76594,76604,10
13.0458202362,80.2124023438,76604,76614,10
13.045249939,80.2124328613,76614,76624,10
13.0452098846,80.2124481201,76624,76634,10
13.0451498032,80.2124786377,76634,76645,11
13.0446195602,80.2125167847,76645,76665,20
13.0446195602,80.2125167847,76665,76675,10
13.0442800522,80.2125320435,76675,76685,10
13.0437898636,80.2124786377,76685,76695,10
13.0430402756,80.2124633789,76695,76705,10
13.0421600342,80.2124481201,76705,76715,10
13.0411100388,80.2124176025,76715,76725,10
13.0399703979,80.2124786377,76725,76735,10
13.0389499664,80.2125015259,76735,76744,9
13.0382499695,80.2125091553,76744,76755,11
13.0380496979,80.2125091553,76755,76766,11
13.0375099182,80.2124786377,76766,76826,60
13.0375099182,80.2124786377,76826,76836,10
13.0374002457,80.212310791,76836,76846,10
13.0369796753,80.2123565674,76846,76856,10
13.0362901688,80.2123565674,76856,76866,10
13.0354404449,80.2123718262,76866,76877,11
13.0349197388,80.2123184204,76877,76887,10
13.034529686,80.2122421265,76887,76897,10
13.034070015,80.2121582031,76897,76917,20
13.034070015,80.2121582031,76917,76927,10
13.0340099335,80.2121429443,76927,76937,10
13.0337400436,80.2121124268,76937,76947,10
13.0334300995,80.212020874,76947,76957,10
13.0328397751,80.2119216919,76957,76967,10
13.0321502686,80.2118225098,76967,76977,10
13.0319099426,80.211517334,76977,76987,10
13.0319795609,80.210899353,76987,76998,11
13.0320396423,80.210067749,76998,77008,10
13.0318002701,80.2096633911,77008,77018,10
13.0311098099,80.2095031738,77018,77028,10
13.0304098129,80.209312439,77028,77038,10
13.0299396515,80.2091598511,77038,77048,10
13.0295495987,80.2090606689,77048,77058,10
13.0294904709,80.2090606689,77058,77068,10
13.0291404724,80.2089385986,77068,77078,10
13.0284404755,80.2087478638,77078,77088,10
13.0276699066,80.208442688,77088,77098,10
13.0269498825,80.2079925537,77098,77109,11
13.02602005,80.2074279785,77109,77119,10
13.0249996185,80.207069397,77119,77129,10
13.0242004395,80.2069473267,77129,77139,10
13.0241098404,80.2069091797,77139,77149,10
13.0238304138,80.2068786621,77149,77159,10
13.0233097076,80.2067718506,77159,77169,10
13.0225601196,80.2066192627,77169,77179,10
13.02161026,80.2065124512,77179,77189,10
13.0204801559,80.2065124512,77189,77199,10
13.0189599991,80.2063674927,77199,77218,19
13.0189599991,80.2063674927,77218,77230,12
13.0185899734,80.2062301636,77230,77240,10
13.017999649,80.2060317993,77240,77250,10
13.0173597336,80.2057495117,77250,77260,10
13.0168104172,80.2054977417,77260,77270,10
13.0161304474,80.2052383423,77270,77280,10
13.0152301788,80.2049789429,77280,77290,10
13.0143098831,80.2046813965,77290,77300,10
13.0137500763,80.2044830322,77300,77308,8
13.0136299133,80.2044906616,77308,77320,12
13.0135002136,80.204750061,77320,77330,10
13.0132904053,80.2052993774,77330,77340,10
13.0130596161,80.2060470581,77340,77351,11
13.0129299164,80.207069397,77351,77361,10
13.0128202438,80.2078704834,77361,77371,10
13.0127696991,80.2084579468,77371,77381,10
13.0127897263,80.208770752,77381,77391,10
13.0128898621,80.2092666626,77391,77401,10
13.0130901337,80.2099304199,77401,77411,10
13.0129995346,80.2107086182,77411,77421,10
13.0126199722,80.2115707397,77421,77431,10
13.0121498108,80.2123336792,77431,77441,10
13.0118303299,80.2127685547,77441,77451,10
13.011590004,80.2127227783,77451,77461,10
13.0112104416,80.2124404907,77461,77472,11
13.0105895996,80.2119598389,77472,77482,10
13.0099496841,80.2114486694,77482,77522,40
13.0099496841,80.2114486694,77522,77532,10
13.0094604492,80.2110900879,77532,77593,61
13.0094604492,80.2110900879,77593,77603,10
13.0090503693,80.2114028931,77603,77613,10
13.0089998245,80.2118225098,77613,77623,10
13.0092000961,80.2124099731,77623,77633,10
13.0094404221,80.2130584717,77633,77643,10
13.0096998215,80.2136993408,77643,77653,10
13.0099802017,80.2143630981,77653,77663,10
13.0101499557,80.2151184082,77663,77673,10
13.0103597641,80.2159881592,77673,77683,10
13.0107803345,80.2169189453,77683,77693,10
13.0112199783,80.2180023193,77693,77704,11
13.0117197037,80.2194137573,77704,77713,9
13.012049675,80.2204589844,77713,77724,11
13.012339592,80.2213973999,77724,77734,10
13.0126399994,80.2219772339,77734,77744,10
13.0131702423,80.2226028442,77744,77754,10
13.0137996674,80.2232971191,77754,77764,10
13.0143404007,80.223991394,77764,77774,10
13.0148296356,80.2245635986,77774,77784,10
13.014960289,80.2246627808,77784,77794,10
13.0151395798,80.2248306274,77794,77804,10
13.0154399872,80.2252731323,77804,77814,10
13.0151700974,80.2258377075,77814,77825,11
13.014550209,80.2260818481,77825,77835,10
13.0138597488,80.226348877,77835,77845,10
13.0130395889,80.2266693115,77845,77855,10
13.012140274,80.2270507813,77855,77865,10
13.0111398697,80.2274627686,77865,77875,10
13.0102596283,80.2277984619,77875,77885,10
13.0096902847,80.2279586792,77885,77895,10
13.0094404221,80.2276000977,77895,77905,10
13.00963974,80.2271881104,77905,77915,10
13.009929657,80.2266082764,77915,77924,9
13.0102396011,80.2259597778,77924,77936,12
13.0105495453,80.2251281738,77936,77946,10
13.0108003616,80.2244796753,77946,77956,10
13.011059761,80.223777771,77956,77966,10
13.0111703873,80.2234420776,77966,77976,10
13.0112400055,80.2232971191,77976,77986,10
13.0112400055,80.22315979,77986,77996,10
13.0109901428,80.2230224609,77996,78006,10
13.0104598999,80.2227630615,78006,78016,10
13.0098199844,80.2223968506,78016,78026,10
13.0091104507,80.2220077515,78026,78036,10
13.0083503723,80.2216110229,78036,78046,10
13.0075397491,80.2211685181,78046,78057,11
13.0065402985,80.2206573486,78057,78067,10
13.0054798126,80.2203979492,78067,78077,10
13.0044498444,80.2201385498,78077,78087,10
13.0036497116,80.2199630737,78087,78097,10
13.0031204224,80.219833374,78097,78107,10
13.002409935,80.2194366455,78107,78117,10
13.0018997192,80.2188568115,78117,78127,10
13.0013198853,80.2183685303,78127,78137,10
13.0006799698,80.217956543,78137,78147,10
13.0000696182,80.217590332,78147,78157,10
12.9994401932,80.2171783447,78157,78167,10
12.998749733,80.2168273926,78167,78178,11
12.9978199005,80.2165298462,78178,78188,10
12.9975404739,80.216506958,78188,78198,10
12.9974803925,80.2165222168,78198,78208,10
12.9972696304,80.216506958,78208,78218,10
12.9969902039,80.2165222168,78218,78228,10
12.9965000153,80.2165603638,78228,78238,10
12.9958000183,80.2166900635,78238,78248,10
12.9952297211,80.2169189453,78248,78268,20
12.9952297211,80.2169189453,78268,78278,10
12.9950504303,80.2170410156,78278,78289,11
12.994720459,80.2172393799,78289,78299,10
12.9942798615,80.2175827026,78299,78309,10
12.994020462,80.2177886963,78309,78319,10
12.9936704636,80.2180480957,78319,78329,10
12.9931297302,80.218421936,78329,78339,10
12.9925203323,80.2188873291,78339,78349,10
12.9918498993,80.2193832397,78349,78359,10
12.991399765,80.2195663452,78359,78369,10
12.9909896851,80.2194213867,78369,78379,10
12.9909696579,80.2194137573,78379,78389,10
12.9906597137,80.219291687,78389,78399,10
12.9901199341,80.2191009521,78399,78410,11
12.9895296097,80.2188873291,78410,78420,10
12.9890899658,80.2187194824,78420,78430,10
12.9884004593,80.2185134888,78430,78440,10
12.9876098633,80.2183609009,78440,78450,10
12.9870100021,80.2182769775,78450,78460,10
12.9869403839,80.2182693481,78460,78470,10
12.9868097305,80.2182388306,78470,78480,10
12.9863500595,80.2181091309,78480,78490,10
12.9858102798,80.2179718018,78490,78500,10
12.9851102829,80.2178878784,78500,78510,10
12.9844198227,80.217918396,78510,78520,10
12.9840297699,80.2179412842,78520,78531,11
12.9839601517,80.2179412842,78531,78541,10
12.9835796356,80.2179336548,78541,78551,10
12.9829101563,80.2179336548,78551,78561,10
12.9820604324,80.2179412842,78561,78571,10
12.9811296463,80.2181015015,78571,78581,10
12.9802799225,80.2183837891,78581,78591,10
12.979640007,80.2186584473,78591,78601,10
12.9789304733,80.2189331055,78601,78611,10
12.9785203934,80.219078064,78611,78621,10
12.97797966,80.219291687,78621,78631,10
12.9772500992,80.2195892334,78631,78641,10
12.9764299393,80.2199401855,78641,78652,11
12.9756298065,80.2203369141,78652,78712,60
12.9756298065,80.2203369141,78712,78722,10
12.9754800797,80.2205123901,78722,78732,10
12.9755096436,80.2207794189,78732,78742,10
12.9757099152,80.2209777832,78742,78752,10
12.9758901596,80.2211074829,78752,78813,61
12.9759902954,80.2212677002,78813,78843,30
12.9759902954,80.2212677002,78843,78853,10
12.9761400223,80.2212524414,78853,78863,10
12.9763202667,80.2212371826,78863,78873,10
12.9767999649,80.2212219238,78873,78884,11
12.9775400162,80.2211837769,78884,78894,10
12.9783201218,80.2211532593,78894,78904,10
12.9791498184,80.2210769653,78904,78914,10
12.979929924,80.221031189,78914,78924,10
12.9805898666,80.2209777832,78924,78934,10
12.9812498093,80.2211074829,78934,78944,10
12.9818496704,80.2214889526,78944,78954,10
12.9824199677,80.2217788696,78954,78964,10
12.9828796387,80.2219390869,78964,78974,10
12.9829797745,80.2219772339,78974,78984,10
12.9831600189,80.2220687866,78984,78994,10
12.9835195541,80.2223587036,78994,79005,11
12.9840698242,80.2226715088,79005,79015,10
12.9845895767,80.2229995728,79015,79025,10
12.9852104187,80.2232666016,79025,79035,10
12.9855804443,80.2230529785,79035,79045,10
12.9861402512,80.2229385376,79045,79055,10
12.9864597321,80.2229385376,79055,79065,10
12.986530304,80.2229385376,79065,79075,10
12.9868497849,80.2229919434,79075,79085,10
12.9871797562,80.2230224609,79085,79095,10
12.9874401093,80.2230529785,79095,79104,9
12.987859726,80.22290802,79104,79116,12
12.9885501862,80.2223205566,79116,79126,10
12.9890003204,80.2217712402,79126,79136,10
12.9894104004,80.2212371826,79136,79146,10
12.9899396896,80.2206115723,79146,79156,10
12.9906301498,80.220123291,79156,79166,10
12.9911699295,80.2197036743,79166,79176,10
12.9916200638,80.2193603516,79176,79186,10
12.9922103882,80.2189407349,79186,79196,10
12.9928703308,80.218460083,79196,79206,10
12.9934196472,80.2180404663,79206,79216,10
12.993929863,80.2176895142,79216,79226,10
12.9943599701,80.2173919678,79226,79237,11
12.9947299957,80.2171173096,79237,79247,10
12.99477005,80.217086792,79247,79257,10
12.9950504303,80.2169189453,79257,79267,10
12.9955196381,80.2166671753,79267,79277,10
12.9960899353,80.2165298462,79277,79287,10
12.9965295792,80.2164535522,79287,79297,10
12.9969100952,80.2164230347,79297,79327,30
12.9969100952,80.2164230347,79327,79337,10
12.9972696304,80.2163162231,79337,79347,10
12.9973802567,80.2161483765,79347,79358,11
12.9974403381,80.2160720825,79358,79368,10
12.9976100922,80.215927124,79368,79378,10
12.9980096817,80.2156219482,79378,79388,10
12.998459816,80.2152175903,79388,79398,10
12.9989404678,80.2147979736,79398,79408,10
12.9991998672,80.2145996094,79408,79418,10
12.9995002747,80.21434021,79418,79428,10
12.9998703003,80.2140426636,79428,79438,10
13.0002202988,80.2137069702,79438,79448,10
13.000670433,80.2132873535,79448,79457,9
13.0011997223,80.212890625,79457,79468,11
13.0018796921,80.2123794556,79468,79479,11
13.0024595261,80.2120895386,79479,79489,10
13.0030899048,80.212020874,79489,79499,10
13.0036001205,80.2118835449,79499,79509,10
13.0036296844,80.2113571167,79509,79519,10
13.003569603,80.2107009888,79519,79529,10
13.0034999847,80.2100601196,79529,79539,10
13.0034799576,80.2094497681,79539,79549,10
13.0036001205,80.2088317871,79549,79559,10
13.0041303635,80.2086486816,79559,79569,10
13.0048799515,80.2089996338,79569,79579,10
13.0057296753,80.2093734741,79579,79590,11
13.0066404343,80.2096633911,79590,79600,10
13.0073204041,80.2098388672,79600,79610,10
13.0077896118,80.2098922729,79610,79640,30
13.0077896118,80.2098922729,79640,79650,10
13.0080099106,80.2099685669,79650,79660,10
13.008099556,80.2098007202,79660,79670,10
13.0079898834,80.209312439,79670,79680,10
13.0078601837,80.2085571289,79680,79689,9
13.0077400208,80.2077331543,79689,79700,11
13.0075597763,80.2067337036,79700,79711,11
13.0074195862,80.2058792114,79711,79721,10
13.0071601868,80.2051391602,79721,79731,10
13.0068302155,80.2043685913,79731,79741,10
13.0064401627,80.2037277222,79741,79751,10
13.0059700012,80.2030792236,79751,79761,10
13.0056200027,80.2024612427,79761,79771,10
13.0052700043,80.2018280029,79771,79781,10
13.0047101974,80.2013473511,79781,79791,10
13.0043897629,80.2011871338,79791,79801,10
13.0039196014,80.2010726929,79801,79811,10
13.003370285,80.2009277344,79811,79821,10
13.0027399063,80.2007598877,79821,79832,11
13.0020103455,80.2003173828,79832,79842,10
13.0016403198,80.1995391846,79842,79852,10
13.0017204285,80.1987228394,79852,79862,10
13.0018396378,80.1979217529,79862,79872,10
13.0018901825,80.1970901489,79872,79882,10
13.0015602112,80.1963500977,79882,79892,10
13.0010204315,80.1956710815,79892,79902,10
13.0004701614,80.1949996948,79902,79912,10
12.9999399185,80.1943206787,79912,79922,10
12.9994802475,80.1937332153,79922,79932,10
12.9990596771,80.1932220459,79932,79943,11
12.9986095428,80.1926498413,79943,79953,10
12.9982299805,80.1922912598,79953,79963,10
12.9978399277,80.1925811768,79963,79973,10
12.9973402023,80.1930007935,79973,79983,10
12.9969902039,80.1932525635,79983,79993,10
12.9968395233,80.1932373047,79993,80003,10
12.9967002869,80.1929168701,80003,80013,10
12.9965696335,80.1924362183,80013,80023,10
12.9963998795,80.1918792725,80023,80295,272
12.9963998795,80.1918792725,80295,80305,10
12.9964704514,80.1913375854,80305,80336,31
12.9966201782,80.1912002563,80336,80568,232
12.9966201782,80.1912002563,80568,80578,10
12.9967899323,80.1910400391,80578,80588,10
12.9968996048,80.1909103394,80588,82343,1755
12.9968996048,80.1909103394,82343,82353,10
