13.0749197006,80.2753601074,12,18125,18113
13.0749101639,80.2753601074,18125,18297,172
13.0749101639,80.2753601074,18297,18307,10
13.075050354,80.275100708,18307,18337,30
13.075050354,80.275100708,18337,18347,10
13.0753097534,80.2749633789,18347,18358,11
13.0755901337,80.274887085,18358,18368,10
13.0759096146,80.2751922607,18368,18378,10
13.0760202408,80.2757263184,18378,18388,10
13.0759296417,80.2760772705,18388,18428,40
13.0759296417,80.2760772705,18428,18438,10
13.0759401321,80.2762374878,18438,18449,11
13.0764198303,80.2762680054,18449,18459,10
13.0772304535,80.2762069702,18459,18469,10
13.0781097412,80.2760772705,18469,18479,10
13.0784101486,80.2753372192,18479,18489,10
13.0790996552,80.2751617432,18489,18499,10
13.0798797607,80.2752914429,18499,18509,10
13.0808200836,80.2751998901,18509,18519,10
13.081580162,80.275138855,18519,18529,10
13.0819301605,80.2752380371,18529,18539,10
13.0821199417,80.2755737305,18539,18711,172
13.0821199417,80.2755737305,18711,18721,10
13.0821199417,80.2758789063,18721,18732,11
13.0819396973,80.2760009766,18732,18742,10
13.0818996429,80.2760391235,18742,18752,10
13.0818395615,80.2761383057,18752,18762,10
13.0819101334,80.2766723633,18762,18772,10
13.0820198059,80.2775878906,18772,18782,10
13.0821199417,80.2783584595,18782,18792,10
13.0819597244,80.2781219482,18792,18802,10
13.0818004608,80.2768783569,18802,18833,31
13.0818004608,80.2768783569,18833,18843,10
13.0817804337,80.2767105103,18843,18853,10
13.0815896988,80.2756881714,18853,18893,40
13.0815896988,80.2756881714,18893,18903,10
13.0815296173,80.2754211426,18903,18934,31
13.0815296173,80.2754211426,18934,18944,10
13.0812702179,80.2751998901,18944,18954,10
13.0806798935,80.2752609253,18954,18964,10
13.0798397064,80.2753601074,18964,18974,10
13.0788898468,80.2752075195,18974,18984,10
13.0782604218,80.2757797241,18984,18994,10
13.0776100159,80.276260376,18994,19005,11
13.0764398575,80.2763366699,19005,19015,10
13.0759496689,80.2763671875,19015,19025,10
13.0756196976,80.2763595581,19025,19035,10
13.0748195648,80.2763977051,19035,19045,10
13.0740804672,80.2766265869,19045,19055,10
13.0744895935,80.2772216797,19055,19065,10
13.0748100281,80.277633667,19065,19075,10
13.0746803284,80.2776412964,19075,19085,10
13.0743598938,80.2772674561,19085,19095,10
13.0736999512,80.2765808105,19095,19106,11
13.0727300644,80.2755203247,19106,19116,10
13.0717496872,80.2745895386,19116,19126,10
13.0709495544,80.2742614746,19126,19136,10
13.0708703995,80.2742233276,19136,19146,10
13.0707702637,80.2741165161,19146,19156,10
13.0704402924,80.2736282349,19156,19166,10
13.0699100494,80.2729187012,19166,19176,10
13.0691900253,80.2721710205,19176,19186,10
13.0684404373,80.2718429565,19186,19197,11
13.0678596497,80.2710266113,19197,19207,10
13.0672397614,80.2703323364,19207,19217,10
13.0665197372,80.269317627,19217,19227,10
13.0663204193,80.2683563232,19227,19237,10
13.0657196045,80.2677383423,19237,19247,10
13.0652198792,80.2676010132,19247,19257,10
13.0647497177,80.2675170898,19257,19267,10
13.0639095306,80.2674026489,19267,19277,10
13.0629396439,80.2672195435,19277,19288,11
13.0622196198,80.2665481567,19288,19298,10
13.0616598129,80.265838623,19298,19308,10
13.0610599518,80.2652282715,19308,19318,10
13.0605697632,80.2653884888,19318,19328,10
13.0600500107,80.2655792236,19328,19338,10
13.0591201782,80.2655334473,19338,19348,10
13.0582103729,80.2652206421,19348,19358,10
13.0579900742,80.2642211914,19358,19368,10
13.0578203201,80.2629776001,19368,19379,11
13.0576295853,80.2616271973,19379,19389,10
13.0573997498,80.2605895996,19389,19399,10
13.0570802689,80.2595596313,19399,19409,10
13.0567302704,80.2583084106,19409,19419,10
13.0565700531,80.2574691772,19419,19429,10
13.0564403534,80.2571792603,19429,19439,10
13.0564203262,80.2571029663,19439,19449,10
13.0562696457,80.2565689087,19449,19459,10
13.0557804108,80.255821228,19459,19470,11
13.0550498962,80.2547836304,19470,19480,10
13.0542402267,80.2537078857,19480,19490,10
13.0534696579,80.2526397705,19490,19500,10
13.0526399612,80.2515182495,19500,19510,10
13.0518102646,80.2504806519,19510,19520,10
13.0505895615,80.2499771118,19520,19530,10
13.0492401123,80.2497787476,19530,19540,10
13.0481100082,80.249420166,19540,19550,10
13.0473203659,80.2487411499,19550,19560,10
13.0469198227,80.2486419678,19560,19577,17
13.0464496613,80.248588562,19577,19589,12
13.0454502106,80.2482681274,19589,19599,10
13.0444803238,80.2480316162,19599,19609,10
13.0433197021,80.2478408813,19609,19618,9
13.0425300598,80.2476425171,19618,19628,10
13.0413198471,80.2473678589,19628,19639,11
13.0397500992,80.2470703125,19639,19649,10
13.0387601852,80.2468719482,19649,19659,10
13.0378198624,80.246711731,19659,19670,11
13.0366201401,80.2464599609,19670,19679,9
13.0357398987,80.2462463379,19679,19691,12
13.0354003906,80.2461090088,19691,19701,10
13.0350799561,80.2460021973,19701,19711,10
13.0346698761,80.2454833984,19711,19721,10
13.034239769,80.2449188232,19721,19731,10
13.0336303711,80.244178772,19731,19741,10
13.0328502655,80.2431793213,19741,19752,11
13.0320301056,80.2420425415,19752,19762,10
13.0314798355,80.2408828735,19762,19772,10
13.0310401917,80.2398910522,19772,19782,10
13.0305595398,80.2389831543,19782,19792,10
13.0298900604,80.2377700806,19792,19802,10
13.0289697647,80.2366027832,19802,19812,10
13.0279502869,80.2354431152,19812,19822,10
13.0271396637,80.2340393066,19822,19832,10
13.0263900757,80.2327194214,19832,19843,11
13.0259399414,80.2312698364,19843,19853,10
13.0253295898,80.2299804688,19853,19863,10
13.0245399475,80.2288970947,19863,19873,10
13.0240697861,80.2283706665,19873,19883,10
13.0237903595,80.2279891968,19883,19893,10
13.023440361,80.2276687622,19893,19903,10
13.0234098434,80.2276306152,19903,19913,10
13.0233297348,80.2275390625,19913,19923,10
13.0230503082,80.2272567749,19923,19933,10
13.0224103928,80.2266769409,19933,19944,11
13.0214004517,80.2258529663,19944,19954,10
13.0203800201,80.2250900269,19954,19964,10
13.0192899704,80.2244796753,19964,19973,9
13.0182304382,80.2247314453,19973,19984,11
13.0169401169,80.2252807617,19984,19994,10
13.0164003372,80.2253723145,19994,20004,10
13.015879631,80.2256393433,20004,20014,10
13.015080452,80.2259597778,20014,20024,10
13.0143404007,80.2262802124,20024,20035,11
13.0143299103,80.2262878418,20035,20045,10
13.0142002106,80.2263336182,20045,20055,10
13.0136098862,80.2265396118,20055,20065,10
13.0126895905,80.2268981934,20065,20075,10
13.0114898682,80.2273712158,20075,20085,10
13.0101699829,80.227897644,20085,20095,10
13.0092096329,80.2284927368,20095,20105,10
13.0089702606,80.229598999,20105,20115,10
13.0087099075,80.2309494019,20115,20126,11
13.0084295273,80.2324523926,20126,20136,10
13.0082397461,80.2336120605,20136,20146,10
13.0080299377,80.2346572876,20146,20156,10
13.0077800751,80.2357788086,20156,20166,10
13.007519722,80.2371368408,20166,20176,10
13.0073204041,80.2382965088,20176,20186,10
13.0071001053,80.2394332886,20186,20196,10
13.0068998337,80.2404403687,20196,20206,10
13.0067996979,80.2412185669,20206,20217,11
13.0067596436,80.2422790527,20217,20227,10
13.0067501068,80.2434997559,20227,20237,10
13.0067396164,80.2449188232,20237,20247,10
13.006770134,80.2463378906,20247,20256,9
13.0067501068,80.2472763062,20256,20267,11
13.0062103271,80.2474136353,20267,20287,20
13.0062103271,80.2474136353,20287,20297,10
13.0061903,80.247428894,20297,20308,11
13.0056495667,80.2473983765,20308,20318,10
13.0047597885,80.2474212646,20318,20328,10
13.0035896301,80.2475814819,20328,20338,10
13.0023803711,80.2478027344,20338,20348,10
13.0012197495,80.2480621338,20348,20358,10
12.9998598099,80.2483901978,20358,20368,10
12.9983701706,80.2487716675,20368,20378,10
12.996919632,80.2491226196,20378,20388,10
12.9954595566,80.2495117188,20388,20399,11
12.9938697815,80.2499313354,20399,20409,10
12.9924097061,80.250289917,20409,20419,10
12.9911699295,80.250617981,20419,20429,10
12.9908704758,80.2507095337,20429,20439,10
12.9905796051,80.2507629395,20439,20449,10
12.9898500443,80.2509384155,20449,20459,10
12.9887800217,80.2511978149,20459,20469,10
12.9879102707,80.2514190674,20469,20479,10
12.9869098663,80.2516784668,20479,20489,10
12.9858503342,80.2519378662,20489,20500,11
12.9843997955,80.2523269653,20500,20510,10
12.9830198288,80.2526397705,20510,20520,10
12.9816503525,80.2526931763,20520,20530,10
12.9804000854,80.2527389526,20530,20540,10
12.9794197083,80.2527313232,20540,20550,10
12.9785604477,80.2525787354,20550,20570,20
12.9785604477,80.2525787354,20570,20580,10
12.9785299301,80.2525482178,20580,20591,11
12.9780702591,80.2521972656,20591,20601,10
12.9773597717,80.2516098022,20601,20611,10
12.9762201309,80.251159668,20611,20621,10
12.9748601913,80.2507629395,20621,20631,10
12.9734296799,80.2503585815,20631,20641,10
12.9721698761,80.2500228882,20641,20651,10
12.9708499908,80.2496566772,20651,20661,10
12.9694404602,80.2491378784,20661,20670,9
12.9682502747,80.2486724854,20670,20682,12
12.9669599533,80.2481079102,20682,20692,10
12.965929985,80.2476425171,20692,20702,10
12.9651203156,80.2473907471,20702,20712,10
12.9651002884,80.2473831177,20712,20722,10
12.964799881,80.2472610474,20722,20732,10
12.9640598297,80.2469787598,20732,20742,10
12.9630804062,80.2465286255,20742,20752,10
12.9619903564,80.2459869385,20752,20762,10
12.9608602524,80.2454605103,20762,20773,11
12.9596996307,80.2449569702,20773,20783,10
12.9594497681,80.2448501587,20783,20793,10
12.9592399597,80.2447280884,20793,20803,10
12.9588899612,80.2445602417,20803,20813,10
12.9584598541,80.2443771362,20813,20823,10
12.9579496384,80.244178772,20823,20833,10
12.9573001862,80.2439422607,20833,20843,10
12.9565601349,80.2437210083,20843,20853,10
12.956410408,80.2436828613,20853,20864,11
12.9562196732,80.2436218262,20864,20874,10
12.9556503296,80.2433319092,20874,20884,10
12.9548196793,80.242980957,20884,20894,10
12.9543304443,80.2427902222,20894,20904,10
12.9537801743,80.2425613403,20904,20914,10
12.9532604218,80.2423400879,20914,20924,10
12.9528102875,80.2421417236,20924,20934,10
12.9525499344,80.2419433594,20934,20944,10
12.9518604279,80.2417221069,20944,20955,11
12.9506702423,80.241317749,20955,20965,10
12.9493303299,80.2409286499,20965,20975,10
12.9479999542,80.2403717041,20975,20985,10
12.9467401505,80.2398376465,20985,20995,10
12.9454202652,80.2392501831,20995,21005,10
12.9443302155,80.2381820679,21005,21015,10
12.9433403015,80.2371063232,21015,21025,10
12.9419698715,80.2363815308,21025,21035,10
12.9404602051,80.236000061,21035,21045,10
12.9396800995,80.2357635498,21045,21076,31
12.9396800995,80.2357635498,21076,21085,9
12.9395303726,80.2356491089,21085,21096,11
12.93887043,80.2352676392,21096,21106,10
12.9378595352,80.2348098755,21106,21116,10
12.9367303848,80.2342834473,21116,21126,10
12.9355697632,80.2337188721,21126,21135,9
12.9338598251,80.232963562,21135,21157,22
12.9338598251,80.232963562,21157,21167,10
12.9335403442,80.2327804565,21167,21177,10
12.9328403473,80.2324981689,21177,21187,10
12.9318399429,80.2321777344,21187,21197,10
12.930560112,80.2317962646,21197,21207,10
12.9292097092,80.2314300537,21207,21217,10
12.9278097153,80.2312088013,21217,21227,10
12.9263095856,80.2310409546,21227,21238,11
12.9247198105,80.2308425903,21238,21248,10
12.9232797623,80.2306594849,21248,21258,10
12.9218196869,80.230430603,21258,21268,10
12.9203100204,80.2302322388,21268,21278,10
12.9188499451,80.2300415039,21278,21288,10
12.9173898697,80.229850769,21288,21298,10
12.9159297943,80.2296600342,21298,21308,10
12.9146604538,80.2294769287,21308,21318,10
12.9136199951,80.229347229,21318,21335,17
12.913310051,80.2293167114,21335,21347,12
12.912779808,80.2292327881,21347,21357,10
12.9119796753,80.2291183472,21357,21366,9
12.9110803604,80.2289886475,21366,21376,10
12.9097204208,80.2287826538,21376,21386,10
12.9082803726,80.2285308838,21386,21397,11
12.9067697525,80.2283401489,21397,21407,10
12.9061203003,80.2283172607,21407,21428,21
12.9061203003,80.2283172607,21428,21438,10
12.9058799744,80.2282867432,21438,21448,10
12.9051799774,80.2282333374,21448,21458,10
12.9041595459,80.2281570435,21458,21468,10
12.9030199051,80.2281036377,21468,21478,10
12.9018001556,80.2280273438,21478,21488,10
12.9008903503,80.2279815674,21488,21498,10
12.8993196487,80.2279205322,21498,21519,21
12.8993196487,80.2279205322,21519,21529,10
12.899310112,80.2279129028,21529,21539,10
12.898900032,80.2278671265,21539,21549,10
12.8980703354,80.2278289795,21549,21559,10
12.8969497681,80.2277679443,21559,21569,10
12.8956804276,80.2276992798,21569,21579,10
12.894370079,80.2276535034,21579,21589,10
12.8931503296,80.2275238037,21589,21599,10
12.8920898438,80.2274169922,21599,21610,11
12.8906402588,80.2274017334,21610,21620,10
12.8892002106,80.2274017334,21620,21630,10
12.8879404068,80.2273406982,21630,21640,10
12.8868598938,80.227180481,21640,21650,10
12.885720253,80.2268829346,21650,21660,10
12.8845701218,80.2267303467,21660,21670,10
12.8833398819,80.2266998291,21670,21686,16
12.8813400269,80.2267379761,21686,21698,12
12.8804197311,80.2267608643,21698,21709,11
12.879529953,80.2267684937,21709,21719,10
12.8784503937,80.2268218994,21719,21729,10
12.877240181,80.2269363403,21729,21738,9
12.8764295578,80.2270202637,21738,21749,11
12.8763198853,80.2270278931,21749,21758,9
12.876250267,80.2270278931,21758,21769,11
12.8753900528,80.2269821167,21769,21779,10
12.8743495941,80.226852417,21779,21789,10
12.8731298447,80.2267532349,21789,21800,11
12.8726100922,80.2267532349,21800,21810,10
12.8719797134,80.2267303467,21810,21820,10
12.8709897995,80.2266769409,21820,21830,10
12.8697900772,80.2265701294,21830,21840,10
12.8684196472,80.2264328003,21840,21850,10
12.8669900894,80.2265319824,21850,21860,10
12.8656101227,80.2266235352,21860,21870,10
12.8642196655,80.2265930176,21870,21880,10
12.8628196716,80.2265777588,21880,21891,11
12.8612604141,80.2266387939,21891,21901,10
12.8598499298,80.2264862061,21901,21911,10
12.858710289,80.2263412476,21911,21921,10
12.8576202393,80.2263031006,21921,21931,10
12.8562602997,80.2264175415,21931,21941,10
12.85476017,80.2265777588,21941,21957,16
12.8524198532,80.2267227173,21957,21969,12
12.8506603241,80.2266464233,21969,21979,10
12.8491697311,80.2266311646,21979,21990,11
12.8480300903,80.2266235352,21990,22000,10
12.8471899033,80.2266387939,22000,22010,10
12.8460597992,80.2266464233,22010,22020,10
12.8454198837,80.2266616821,22020,22030,10
12.8454198837,80.2266464233,22030,22040,10
12.8451299667,80.2266616821,22040,22050,10
12.8443498611,80.2267074585,22050,22060,10
12.8432397842,80.2268676758,22060,22070,10
12.841919899,80.227142334,22070,22081,11
12.8405599594,80.2275238037,22081,22091,10
12.8399400711,80.2276916504,22091,22101,10
12.8395700455,80.2277984619,22101,22111,10
12.8392400742,80.2278823853,22111,22121,10
12.8384304047,80.2281036377,22121,22131,10
12.837269783,80.2283325195,22131,22141,10
12.8359298706,80.2285308838,22141,22151,10
12.8345298767,80.2287368774,22151,22161,10
12.8331298828,80.2289962769,22161,22172,11
12.8323802948,80.2291564941,22172,22182,10
12.8322601318,80.2291793823,22182,22192,10
12.8316402435,80.2293014526,22192,22202,10
12.8307304382,80.2295913696,22202,22212,10
12.8295602798,80.2300186157,22212,22222,10
12.8283395767,80.2306137085,22222,22232,10
12.8270597458,80.2312774658,22232,22242,10
12.8256998062,80.2314376831,22242,22252,10
12.824379921,80.2313537598,22252,22263,11
12.8230895996,80.23097229,22263,22273,10
12.8218202591,80.2305908203,22273,22283,10
12.8204498291,80.2304992676,22283,22293,10
12.8191995621,80.2305374146,22293,22303,10
12.8188295364,80.2304992676,22303,22313,10
12.8187398911,80.2304534912,22313,22323,10
12.8181695938,80.2301712036,22323,22333,10
12.8172302246,80.2297515869,22333,22343,10
12.8160800934,80.2294616699,22343,22354,11
12.8146800995,80.2292633057,22354,22364,10
12.8133096695,80.2289199829,22364,22374,10
12.8119401932,80.2284393311,22374,22384,10
12.8105602264,80.2279129028,22384,22394,10
12.8093299866,80.2273483276,22394,22404,10
12.808380127,80.2266235352,22404,22414,10
12.8074398041,80.2258224487,22414,22424,10
12.8067302704,80.2252120972,22424,22434,10
12.8061704636,80.2247085571,22434,22451,17
12.8052597046,80.2240829468,22451,22463,12
12.804980278,80.2240066528,22463,22473,10
12.8048295975,80.2239837646,22473,22483,10
12.8043498993,80.2239227295,22483,22493,10
12.8037204742,80.2238769531,22493,22503,10
12.80286026,80.2238006592,22503,22513,10
12.8019199371,80.2236785889,22513,22523,10
12.800740242,80.2235717773,22523,22532,9
12.7996301651,80.2234725952,22532,22544,12
12.7979803085,80.2233200073,22544,22553,9
12.7967100143,80.2230987549,22553,22564,11
12.7953195572,80.2228393555,22564,22574,10
12.7939395905,80.2226333618,22574,22584,10
12.7924604416,80.2223968506,22584,22594,10
12.7911396027,80.222076416,22594,22604,10
12.7899198532,80.2217636108,22604,22614,10
12.7893199921,80.221572876,22614,22624,10
12.7886400223,80.2212982178,22624,22635,11
12.7877998352,80.2209701538,22635,22645,10
12.7867202759,80.2205734253,22645,22665,20
12.7867202759,80.2205734253,22665,22675,10
12.7865600586,80.2204818726,22675,22685,10
12.7860603333,80.2202911377,22685,22695,10
12.7852401733,80.2199172974,22695,22705,10
12.7842798233,80.2194137573,22705,22715,10
12.783200264,80.2188034058,22715,22726,11
12.7818603516,80.2180480957,22726,22736,10
12.7805299759,80.2173309326,22736,22746,10
12.7791595459,80.2165908813,22746,22756,10
12.7778196335,80.2159194946,22756,22766,10
12.7763299942,80.2153091431,22766,22776,10
12.7747802734,80.2146835327,22776,22786,10
12.7732200623,80.2140579224,22786,22796,10
12.7718200684,80.2135391235,22796,22806,10
12.7704000473,80.2130432129,22806,22817,11
12.7688302994,80.2124786377,22817,22827,10
12.7673797607,80.2119522095,22827,22837,10
12.7659397125,80.2114334106,22837,22847,10
12.7646303177,80.2109527588,22847,22857,10
12.7632303238,80.2104263306,22857,22867,10
12.7618598938,80.2098770142,22867,22877,10
12.7604398727,80.2091903687,22877,22887,10
12.7590799332,80.2084503174,22887,22897,10
12.7576904297,80.2076797485,22897,22908,11
12.7566299438,80.2070922852,22908,22918,10
12.7554998398,80.2064666748,22918,22928,10
12.7541399002,80.2057189941,22928,22938,10
12.7526798248,80.2049407959,22938,22948,10
12.7511796951,80.2041625977,22948,22958,10
12.7497901917,80.2034378052,22958,22968,10
12.7484397888,80.2027511597,22968,22978,10
12.7474498749,80.2022399902,22978,22988,10
12.7463703156,80.2016906738,22988,22999,11
12.745059967,80.2009963989,22999,23009,10
12.7440795898,80.2001266479,23009,23019,10
12.7431602478,80.1990966797,23019,23029,10
12.7423000336,80.1980895996,23029,23039,10
12.7418498993,80.1975326538,23039,23049,10
12.7417097092,80.1973266602,23049,23059,10
12.7412900925,80.1967163086,23059,23069,10
12.740650177,80.1958084106,23069,23079,10
12.7398395538,80.1946716309,23079,23089,10
12.7389602661,80.1934509277,23089,23100,11
12.7378702164,80.1921691895,23100,23110,10
12.7367601395,80.191078186,23110,23120,10
12.7360801697,80.1904296875,23120,23130,10
12.736000061,80.1903533936,23130,23140,10
12.7356004715,80.1899719238,23140,23150,10
12.734749794,80.1896209717,23150,23160,10
12.7335300446,80.1895065308,23160,23170,10
12.7323503494,80.1893005371,23170,23180,10
12.7313804626,80.1891326904,23180,23191,11
12.7304296494,80.1890487671,23191,23201,10
12.7297801971,80.1889801025,23201,23211,10
12.7297496796,80.1889801025,23211,23221,10
12.7295303345,80.1889724731,23221,23231,10
12.7287902832,80.1888809204,23231,23241,10
12.7278003693,80.1885910034,23241,23251,10
12.7267999649,80.188331604,23251,23261,10
12.7258901596,80.1881637573,23261,23271,10
12.7252397537,80.1880493164,23271,23282,11
12.7249097824,80.1879882813,23282,23292,10
12.7244596481,80.1879119873,23292,23302,10
12.7236499786,80.1876907349,23302,23312,10
12.7224798203,80.1874008179,23312,23352,40
12.7223596573,80.1874237061,23352,23383,31
12.7223596573,80.1874237061,23383,23393,10
12.7222795486,80.1876983643,23393,23403,10
12.7222204208,80.1878890991,23403,23413,10
12.7220001221,80.1878509521,23413,24475,1062
12.7220001221,80.1878509521,24475,24485,10
12.7221603394,80.1876220703,24485,24555,70
12.7221603394,80.1876220703,24555,24566,11
12.7222604752,80.1874237061,24566,24576,10
12.722530365,80.1873703003,24576,24586,10
12.7230396271,80.1875076294,24586,24596,10
12.7236995697,80.1876907349,24596,24606,10
12.7243795395,80.1878662109,24606,24616,10
12.7247400284,80.1879425049,24616,24626,10
12.7250499725,80.18800354,24626,24636,10
12.7256698608,80.1881027222,24636,24646,10
12.7264204025,80.1882171631,24646,24657,11
12.727350235,80.1884384155,24657,24667,10
12.7283496857,80.1887435913,24667,24677,10
12.7294101715,80.1889419556,24677,24687,10
12.7297296524,80.188949585,24687,24697,10
12.7297897339,80.1889572144,24697,24707,10
12.7301797867,80.1890106201,24707,24717,10
12.7309503555,80.1891098022,24717,24727,10
12.7319698334,80.1892166138,24727,24737,10
12.733039856,80.1893920898,24737,24748,11
12.7343301773,80.1895217896,24748,24758,10
12.7355203629,80.1898193359,24758,24768,10
12.7364301682,80.1906204224,24768,24778,10
12.7373600006,80.1915588379,24778,24788,10
12.7383804321,80.1925811768,24788,24798,10
12.7392997742,80.1937789917,24798,24808,10
12.7401599884,80.1949462891,24808,24818,10
12.7410001755,80.1961212158,24818,24828,10
12.7418403625,80.1972808838,24828,24839,11
12.7428302765,80.1985168457,24839,24849,10
12.7437801361,80.1996383667,24849,24859,10
12.7447900772,80.2007293701,24859,24869,10
12.7460603714,80.201499939,24869,24879,10
12.7474002838,80.2021789551,24879,24889,10
12.7487401962,80.2028579712,24889,24899,10
12.7500600815,80.2035369873,24899,24909,10
12.7512998581,80.2041397095,24909,24919,10
12.7524595261,80.2047424316,24919,24930,11
12.7538604736,80.2054901123,24930,24940,10
12.7551898956,80.206237793,24940,24950,10
12.7565498352,80.2070007324,24950,24960,10
12.7579498291,80.2077713013,24960,24970,10
12.7593698502,80.2085494995,24970,24980,10
12.7607603073,80.2092971802,24980,24990,10
12.7622003555,80.2099685669,24990,25000,10
12.7636404037,80.2105331421,25000,25010,10
12.764960289,80.2110214233,25010,25020,10
12.766289711,80.2115097046,25020,25031,11
12.7679004669,80.2120895386,25031,25041,10
12.7694501877,80.2126464844,25041,25051,10
12.7708797455,80.213142395,25051,25061,10
12.7721395493,80.2135925293,25061,25071,10
12.773440361,80.2140808105,25071,25081,10
12.7748098373,80.214630127,25081,25091,10
12.776309967,80.2152481079,25091,25101,10
12.7778396606,80.2158737183,25101,25111,10
12.7793703079,80.2166290283,25111,25122,11
12.7810001373,80.2175064087,25122,25132,10
12.7823801041,80.2182617188,25132,25142,10
12.7835798264,80.2189331055,25142,25152,10
12.7845001221,80.2194519043,25152,25162,10
12.7848596573,80.2196578979,25162,25172,10
12.7851896286,80.2198181152,25172,25182,10
12.7858600616,80.220161438,25182,25192,10
12.7862100601,80.2203063965,25192,25202,10
12.7862195969,80.2203216553,25202,25213,11
12.78647995,80.2204208374,25213,25223,10
12.7870502472,80.2206573486,25223,25233,10
12.7877902985,80.2209320068,25233,25243,10
12.7887001038,80.221282959,25243,25253,10
12.7896299362,80.2216186523,25253,25263,10
12.7903795242,80.2218322754,25263,25273,10
12.7914400101,80.2220687866,25273,25283,10
12.7925796509,80.2223587036,25283,25293,10
12.7939596176,80.2225723267,25293,25304,11
12.7954797745,80.2228164673,25304,25314,10
12.7965602875,80.2230072021,25314,25324,10
12.7976398468,80.2232131958,25324,25334,10
12.7989797592,80.2233581543,25334,25344,10
12.8004798889,80.223487854,25344,25354,10
12.8017501831,80.2236099243,25354,25364,10
12.8029203415,80.2237625122,25364,25374,10
12.8040399551,80.2238693237,25374,25384,10
12.8050603867,80.2239837646,25384,25400,16
12.8056001663,80.2241516113,25400,25413,13
12.8062200546,80.2246398926,25413,25423,10
12.8069801331,80.2253036499,25423,25433,10
12.8077802658,80.2259902954,25433,25443,10
12.8087797165,80.2268371582,25443,25453,10
12.8100204468,80.2276000977,25453,25463,10
12.8113603592,80.2281570435,25463,25473,10
12.8129997253,80.2287597656,25473,25483,10
12.8145103455,80.2291793823,25483,25494,11
12.816280365,80.2294464111,25494,25504,10
12.8177099228,80.2298736572,25504,25514,10
12.8190202713,80.2304382324,25514,25524,10
12.8199396133,80.2304382324,25524,25534,10
12.821100235,80.2304382324,25534,25544,10
12.8224897385,80.2306594849,25544,25554,10
12.8239603043,80.2310791016,25554,25564,10
12.8252401352,80.2313537598,25564,25574,10
12.8266096115,80.2312927246,25574,25585,11
12.8280696869,80.23072052,25585,25595,10
12.8293600082,80.2300491333,25595,25605,10
12.8306303024,80.2295303345,25605,25615,10
12.8311004639,80.2293395996,25615,25625,10
12.8313398361,80.2292633057,25625,25635,10
12.8318996429,80.2291183472,25635,25645,10
12.8326797485,80.2289810181,25645,25655,10
12.833820343,80.2287826538,25655,25665,10
12.8351802826,80.2285385132,25665,25676,11
12.8367900848,80.2283096313,25676,25686,10
12.8381500244,80.2280578613,25686,25696,10
12.8391399384,80.2278137207,25696,25706,10
12.8396100998,80.2276992798,25706,25716,10
12.8400802612,80.2275695801,25716,25726,10
12.8409795761,80.2273178101,25726,25736,10
12.8422203064,80.2269821167,25736,25746,10
12.8436603546,80.2266998291,25746,25755,9
12.8454399109,80.2265090942,25755,25777,22
12.8454399109,80.2265090942,25777,25787,10
12.8458404541,80.2265396118,25787,25797,10
12.8467102051,80.2265396118,25797,25807,10
12.847869873,80.2265472412,25807,25817,10
12.8492202759,80.2265396118,25817,25827,10
12.8505802155,80.2265472412,25827,25837,10
12.8519601822,80.2266082764,25837,25847,10
12.8534002304,80.2266387939,25847,25858,11
12.8550100327,80.2264709473,25858,25868,10
12.8564901352,80.2263183594,25868,25878,10
12.8579597473,80.2261810303,25878,25888,10
12.8593196869,80.2262878418,25888,25898,10
12.860619545,80.2264709473,25898,25908,10
12.8608398438,80.2264862061,25908,25918,10
12.8612298965,80.2265319824,25918,25928,10
12.8621101379,80.2265014648,25928,25938,10
12.8633003235,80.2264633179,25938,25948,10
12.8646802902,80.2265014648,25948,25959,11
12.866230011,80.2265014648,25959,25969,10
12.8675699234,80.2263870239,25969,25979,10
12.868639946,80.2263412476,25979,25989,10
12.8699302673,80.2264709473,25989,25999,10
12.8712997437,80.2265777588,25999,26009,10
12.8725404739,80.2266082764,26009,26019,10
12.8735704422,80.2266464233,26019,26029,10
12.874830246,80.2267990112,26029,26039,10
12.87596035,80.226890564,26039,26050,11
12.8767595291,80.226852417,26050,26060,10
12.8771696091,80.2268371582,26060,26070,10
12.878080368,80.2267684937,26070,26080,10
12.8791999817,80.2266998291,26080,26090,10
12.8803796768,80.2266769409,26090,26100,10
12.8816795349,80.2266464233,26100,26110,10
12.8829402924,80.2266616821,26110,26120,10
12.8841199875,80.2266311646,26120,26130,10
12.8851299286,80.2266311646,26130,26141,11
12.8854999542,80.2266769409,26141,26150,9
12.8860797882,80.2268295288,26150,26160,10
12.8866195679,80.2269821167,26160,26171,11
12.8867797852,80.2270202637,26171,26181,10
12.8875102997,80.227180481,26181,26191,10
12.8884401321,80.2272720337,26191,26201,10
12.8895301819,80.2273025513,26201,26210,9
12.8905897141,80.2273025513,26210,26221,11
12.8919000626,80.2273025513,26221,26232,11
12.8931398392,80.2274017334,26232,26242,10
12.8943004608,80.2275314331,26242,26252,10
12.8954296112,80.2275924683,26252,26262,10
12.8966197968,80.2276535034,26262,26272,10
12.8978300095,80.2276992798,26272,26282,10
12.8990497589,80.2277832031,26282,26292,10
12.9007701874,80.2278366089,26292,26333,41
12.9007701874,80.2278366089,26333,26343,10
12.9009399414,80.2278671265,26343,26353,10
12.9015102386,80.2279205322,26353,26363,10
12.902879715,80.2279586792,26363,26383,20
12.902879715,80.2279586792,26383,26393,10
12.9032802582,80.228012085,26393,26403,10
12.9040899277,80.2280502319,26403,26413,10
12.9052295685,80.2281112671,26413,26424,11
12.906539917,80.2281799316,26424,26434,10
12.9076900482,80.2283172607,26434,26444,10
12.9090003967,80.228553772,26444,26454,10
12.9104404449,80.2287979126,26454,26464,10
12.911860466,80.2289962769,26464,26474,10
12.9132099152,80.2291793823,26474,26484,10
12.9139795303,80.2292633057,26484,26494,10
12.9139995575,80.2292709351,26494,26504,10
12.9143896103,80.229347229,26504,26515,11
12.9151296616,80.2294387817,26515,26525,10
12.9161901474,80.2295837402,26525,26535,10
12.9174003601,80.2297363281,26535,26545,10
12.9187097549,80.2299194336,26545,26555,10
12.9201602936,80.2301177979,26555,26564,9
12.9213895798,80.2302627563,26564,26574,10
12.9227104187,80.2304611206,26574,26585,11
12.9241199493,80.2306594849,26585,26595,10
12.9252901077,80.2308273315,26595,26606,11
12.9263696671,80.2309494019,26606,26616,10
12.9274597168,80.2310562134,26616,26626,10
12.928730011,80.2312393188,26626,26636,10
12.929980278,80.2314987183,26636,26646,10
12.9313497543,80.2319030762,26646,26656,10
12.9327201843,80.2323379517,26656,26666,10
12.9336004257,80.2326889038,26666,26676,10
12.9336500168,80.232711792,26676,26686,10
12.9337100983,80.2327423096,26686,26697,11
12.9342403412,80.233001709,26697,26707,10
12.9351196289,80.2333908081,26707,26717,10
12.9362096786,80.2339019775,26717,26727,10
12.9373703003,80.2344436646,26727,26737,10
12.9385700226,80.2350387573,26737,26747,10
12.9395599365,80.2355270386,26747,26757,10
12.939740181,80.2356185913,26757,26767,10
12.9398498535,80.2356796265,26767,26777,10
12.9404001236,80.2358932495,26777,26787,10
12.9412698746,80.2360992432,26787,26798,11
12.9423799515,80.2363967896,26798,26808,10
12.9433002472,80.2369384766,26808,26818,10
12.9441204071,80.2378082275,26818,26828,10
12.945110321,80.2388534546,26828,26838,10
12.9462795258,80.2395629883,26838,26848,10
12.9471797943,80.2398986816,26848,26858,10
12.947259903,80.2399291992,26858,26868,10
12.9473304749,80.2399673462,26868,26879,11
12.9485902786,80.2405014038,26879,26889,10
12.9487800598,80.2405700684,26889,26929,40
12.9487800598,80.2405700684,26929,26939,10
12.9491100311,80.2407226563,26939,26950,11
12.9498195648,80.2409591675,26950,26961,11
12.9507398605,80.2412185669,26961,26972,11
12.9510202408,80.2412872314,26972,26982,10
12.9511203766,80.2413406372,26982,26992,10
12.9517097473,80.2415924072,26992,27003,11
12.9527196884,80.2419586182,27003,27013,10
12.954079628,80.2425003052,27013,27023,10
12.9550199509,80.2428817749,27023,27033,10
12.9558897018,80.2432022095,27033,27043,10
12.9564399719,80.2434310913,27043,27053,10
12.9570503235,80.2436828613,27053,27064,11
12.9581098557,80.2441101074,27064,27074,10
12.9590396881,80.2444381714,27074,27084,10
12.9597997665,80.2448272705,27084,27094,10
12.9609203339,80.2453613281,27094,27104,10
12.9623003006,80.2460403442,27104,27114,10
12.9635095596,80.2466430664,27114,27124,10
12.9646396637,80.2470932007,27124,27134,10
12.9659204483,80.247543335,27134,27144,10
12.9666500092,80.2478179932,27144,27155,11
12.9666996002,80.2478485107,27155,27165,10
12.9671297073,80.2480773926,27165,27175,10
12.9678897858,80.2484207153,27175,27185,10
12.9689302444,80.2488632202,27185,27195,10
12.9701099396,80.2493209839,27195,27205,10
12.9712896347,80.2497024536,27205,27215,10
12.972530365,80.2500305176,27215,27225,10
12.9738302231,80.2503662109,27225,27235,10
12.9750900269,80.2507400513,27235,27246,11
12.9763803482,80.2511062622,27246,27256,10
12.9774198532,80.2515029907,27256,27266,10
12.9781599045,80.2520828247,27266,27276,10
12.978509903,80.2522964478,27276,27286,10
12.9785299301,80.2523193359,27286,27296,10
12.9789304733,80.2525024414,27296,27306,10
12.9798603058,80.2526168823,27306,27316,10
12.9811201096,80.2526321411,27316,27326,10
12.9824695587,80.2526016235,27326,27336,10
12.9838199615,80.2524032593,27336,27347,11
12.9853000641,80.2519989014,27347,27357,10
12.9864997864,80.2516937256,27357,27367,10
12.9871797562,80.2514801025,27367,27377,10
12.9874296188,80.2514038086,27377,27387,10
12.987830162,80.2512969971,27387,27397,10
12.9885597229,80.2511291504,27397,27407,10
12.9893598557,80.2509002686,27407,27417,10
12.9894800186,80.250869751,27417,27426,9
12.9897699356,80.250831604,27426,27438,12
12.9906797409,80.250617981,27438,27448,10
12.9918603897,80.250328064,27448,27458,10
12.9931402206,80.2500228882,27458,27467,9
12.994389534,80.2497024536,27467,27478,11
12.9958600998,80.2493362427,27478,27488,10
12.9972000122,80.2489776611,27488,27498,10
12.99903965,80.2485275269,27498,27508,10
13.0005302429,80.2481613159,27508,27518,10
13.0019598007,80.2478027344,27518,27529,11
13.0032396317,80.2475204468,27529,27539,10
13.0045995712,80.2473220825,27539,27549,10
13.005900383,80.2470626831,27549,27559,10
13.0065498352,80.246421814,27559,27569,10
13.0065603256,80.2463607788,27569,27579,10
13.0066099167,80.2459869385,27579,27589,10
13.0066604614,80.2451400757,27589,27599,10
13.0066604614,80.2440567017,27599,27609,10
13.0066204071,80.2429275513,27609,27620,11
13.0066299438,80.2415390015,27620,27630,10
13.0067396164,80.2406387329,27630,27640,10
13.0067501068,80.2403717041,27640,27650,10
13.0067501068,80.2402801514,27650,27660,10
13.0068798065,80.2397384644,27660,27670,10
13.007060051,80.2388000488,27670,27680,10
13.0072803497,80.237701416,27680,27690,10
13.0073900223,80.236869812,27690,27700,10
13.0074100494,80.2368011475,27700,27711,11
13.007519722,80.2364578247,27711,27721,10
13.0076799393,80.2356872559,27721,27731,10
13.007900238,80.2345962524,27731,27741,10
13.0081596375,80.2333374023,27741,27751,10
13.0084295273,80.2319564819,27751,27761,10
13.0087203979,80.2304763794,27761,27771,10
13.0090198517,80.2289886475,27771,27781,10
13.0093402863,80.2278213501,27781,27791,10
13.0099401474,80.2264785767,27791,27802,11
13.01060009,80.2251815796,27802,27812,10
13.011179924,80.2238311768,27812,27822,10
13.0117301941,80.2225799561,27822,27832,10
13.0121202469,80.2215576172,27832,27842,10
13.0124397278,80.2215576172,27842,27852,10
13.0128097534,80.2220993042,27852,27862,10
13.0133695602,80.2227096558,27862,27872,10
13.0140600204,80.2235031128,27872,27882,10
13.0146303177,80.2240829468,27882,27893,11
13.0152597427,80.2247161865,27893,27903,10
13.0155801773,80.224937439,27903,27943,40
13.0155801773,80.224937439,27943,27953,10
13.0156698227,80.2250366211,27953,27963,10
13.0159702301,80.2252807617,27963,27973,10
13.0167198181,80.2252426147,27973,27984,11
13.0176897049,80.2248535156,27984,27994,10
13.0187101364,80.2244415283,27994,28004,10
13.0197200775,80.2245330811,28004,28014,10
13.0205497742,80.2250823975,28014,28024,10
13.0214996338,80.2258224487,28024,28034,10
13.0225696564,80.2266387939,28034,28054,20
13.0225696564,80.2266387939,28054,28064,10
13.0225801468,80.2266998291,28064,28075,11
13.0229597092,80.2270126343,28075,28085,10
13.0234699249,80.2274932861,28085,28095,10
13.0240602493,80.2281036377,28095,28105,10
13.0243701935,80.2284622192,28105,28115,10
13.0243902206,80.2284927368,28115,28125,10
13.0247001648,80.2289428711,28125,28135,10
13.0253000259,80.2297592163,28135,28145,10
13.0258903503,80.230796814,28145,28155,10
13.0260400772,80.2312774658,28155,28166,11
13.0260896683,80.2314300537,28166,28176,10
13.026260376,80.2320480347,28176,28186,10
13.0265703201,80.2328872681,28186,28226,40
13.0265703201,80.2328872681,28226,28236,10
13.026599884,80.2330169678,28236,28246,10
13.0269203186,80.233543396,28246,28257,11
13.0275201797,80.2345428467,28257,28267,10
13.0282001495,80.2356262207,28267,28277,10
13.0291595459,80.2366867065,28277,28287,10
13.0299797058,80.2377700806,28287,28297,10
13.0305900574,80.2387466431,28297,28307,10
13.0310897827,80.2395172119,28307,28317,10
13.0312204361,80.2398376465,28317,28327,10
13.0314598083,80.2404708862,28327,28337,10
13.0317401886,80.2412796021,28337,28348,11
13.0321998596,80.2421798706,28348,28358,10
13.0328397751,80.2429428101,28358,28368,10
13.0335702896,80.243888855,28368,28378,10
13.0342998505,80.2448806763,28378,28388,10
13.0350799561,80.2457962036,28388,28398,10
13.035779953,80.2460784912,28398,28408,10
13.0360298157,80.2462768555,28408,28418,10
13.0367603302,80.2464599609,28418,28428,10
13.0375204086,80.246421814,28428,28438,10
13.0383396149,80.2466201782,28438,28449,11
13.0394001007,80.2469100952,28449,28460,11
13.0403604507,80.2471008301,28460,28470,10
13.0410404205,80.247253418,28470,28480,10
13.0420799255,80.2474517822,28480,28490,10
13.0430898666,80.2477874756,28490,28500,10
13.0439796448,80.2478027344,28500,28510,10
13.044719696,80.2479324341,28510,28520,10
13.0452899933,80.2482070923,28520,28530,10
13.0461196899,80.2484970093,28530,28541,11
13.0469903946,80.2484207153,28541,28551,10
13.0470304489,80.2484207153,28551,28561,10
13.047419548,80.2486190796,28561,28571,10
13.04804039,80.2491912842,28571,28581,10
13.0486001968,80.2496414185,28581,28591,10
13.0494804382,80.2497711182,28591,28601,10
13.0506601334,80.2500228882,28601,28611,10
13.0517997742,80.2504425049,28611,28621,10
13.0527000427,80.2514724731,28621,28632,11
13.0536403656,80.2527236938,28632,28642,10
13.0544595718,80.2538528442,28642,28652,10
13.055270195,80.2548980713,28652,28662,10
13.0558795929,80.2557525635,28662,28672,10
13.0566196442,80.2566070557,28672,28682,10
13.0568704605,80.2568206787,28682,28692,10
13.0572004318,80.2570800781,28692,28702,10
13.0578298569,80.2576522827,28702,28712,10
13.0584201813,80.2583694458,28712,28723,11
13.0590896606,80.2592391968,28723,28733,10
13.0595798492,80.2600097656,28733,28743,10
13.0602798462,80.2606735229,28743,28753,10
13.0607700348,80.2612228394,28753,28763,10
13.060839653,80.2613372803,28763,28773,10
13.0611696243,80.2617797852,28773,28783,10
13.0616197586,80.2623291016,28783,28793,10
13.0622596741,80.2631378174,28793,28803,10
13.0629501343,80.263999939,28803,28814,11
13.063659668,80.265007019,28814,28824,10
13.0642499924,80.2658309937,28824,28834,10
13.0648403168,80.2665328979,28834,28844,10
13.0652999878,80.266998291,28844,28854,10
13.0658998489,80.2676010132,28854,28864,10
13.0664997101,80.2683334351,28864,28874,10
13.0668497086,80.2685012817,28874,28884,10
13.0674200058,80.2688903809,28884,28894,10
13.0680103302,80.26927948,28894,28905,11
13.0682401657,80.2698287964,28905,28914,9
13.0681295395,80.2705307007,28914,28925,11
13.0682201385,80.2713775635,28925,28935,10
13.0687599182,80.2718582153,28935,28945,10
13.0691900253,80.2720413208,28945,28955,10
13.069609642,80.2724761963,28955,28965,10
13.070110321,80.2730331421,28965,28975,10
13.0705604553,80.2735977173,28975,28985,10
13.0710401535,80.274017334,28985,28996,11
13.0712604523,80.2741012573,28996,29006,10
13.0719404221,80.2744827271,29006,29016,10
13.0726900101,80.2752838135,29016,29026,10
13.073390007,80.2760162354,29026,29036,10
13.0740203857,80.2763366699,29036,29046,10
13.0748500824,80.2763214111,29046,29056,10
13.0756702423,80.2762985229,29056,29066,10
13.076499939,80.276260376,29066,29076,10
13.0772304535,80.2762298584,29076,29087,11
13.0780801773,80.2761230469,29087,29097,10
13.0783700943,80.2754135132,29097,29107,10
13.0791397095,80.2751693726,29107,29117,10
13.0800895691,80.2752685547,29117,29127,10
13.0808801651,80.275177002,29127,29137,10
13.0813999176,80.2751312256,29137,29147,10
13.0817298889,80.2751693726,29147,29228,81
13.0817298889,80.2751693726,29228,29238,10
13.0819702148,80.2754516602,29238,29248,10
13.081990242,80.2756881714,29248,31654,2406
13.081990242,80.2756881714,31654,31665,11
13.0819396973,80.275970459,31665,31675,10
13.0818500519,80.2761993408,31675,31685,10
13.0819196701,80.2769470215,31685,31695,10
13.0820503235,80.2778167725,31695,31704,9
13.0821504593,80.2783813477,31704,31715,11
13.081990242,80.2783432007,31715,31725,10
13.0818996429,80.2777481079,31725,31735,10
13.0818595886,80.2773208618,31735,31745,10
13.0818195343,80.2770385742,31745,31755,10
13.0818004608,80.2767333984,31755,31766,11
13.081609726,80.2759170532,31766,31806,40
13.081609726,80.2759170532,31806,31816,10
13.0815496445,80.2757034302,31816,31826,10
13.0815496445,80.275680542,31826,31836,10
13.0815296173,80.2754135132,31836,31845,9
13.0813999176,80.2752304077,31845,31857,12
13.0808601379,80.2752609253,31857,31867,10
13.079990387,80.275352478,31867,31877,10
13.0791196823,80.2752380371,31877,31887,10
13.0783395767,80.2754821777,31887,31897,10
13.0779600143,80.2761993408,31897,31907,10
13.0770597458,80.2762680054,31907,31917,10
13.0761995316,80.2763214111,31917,31927,10
13.0751600266,80.2763595581,31927,31937,10
13.0741100311,80.2764205933,31937,31948,11
13.0732898712,80.2761688232,31948,31958,10
13.0725803375,80.275352478,31958,31968,10
13.07172966,80.2745666504,31968,32008,40
13.07172966,80.2745666504,32008,32018,10
13.0715303421,80.2744903564,32018,32028,10
13.0709400177,80.2744369507,32028,32038,10
13.0706300735,80.2741165161,32038,32049,11
13.0703697205,80.2735290527,32049,32059,10
13.0698003769,80.272819519,32059,32069,10
13.0689897537,80.2720336914,32069,32079,10
13.0682201385,80.2715988159,32079,32089,10
13.0677995682,80.2708587646,32089,32099,10
13.0671796799,80.2702789307,32099,32109,10
13.0664396286,80.269203186,32109,32119,10
13.0662097931,80.2682876587,32119,32129,10
13.0652599335,80.2676391602,32129,32150,21
13.0652599335,80.2676391602,32150,32160,10
13.065199852,80.2676773071,32160,32170,10
13.0648097992,80.2675628662,32170,32180,10
13.0640602112,80.2674102783,32180,32190,10
13.0631999969,80.2672424316,32190,32200,10
13.0624504089,80.2668533325,32200,32210,10
13.0618495941,80.2660675049,32210,32220,10
13.0612001419,80.2652893066,32220,32238,18
13.0603399277,80.2655181885,32238,32251,13
13.0594100952,80.2655715942,32251,32261,10
13.0585603714,80.2654800415,32261,32270,9
13.0581302643,80.2650222778,32270,32282,12
13.0579595566,80.2640991211,32282,32291,9
13.0578403473,80.2631378174,32291,32302,11
13.05768013,80.261932373,32302,32312,10
13.0574798584,80.2609863281,32312,32322,10
13.0572595596,80.2601699829,32322,32334,12
13.0568704605,80.2588577271,32334,32344,10
13.0566301346,80.257850647,32344,32354,10
13.0565004349,80.25730896,32354,32364,10
13.0564603806,80.2571868896,32364,32374,10
13.0563097,80.2566070557,32374,32384,10
13.0558300018,80.2558364868,32384,32394,10
13.0552997589,80.2551116943,32394,32404,10
13.0544204712,80.2539291382,32404,32414,10
13.0537595749,80.2530517578,32414,32425,11
13.0530004501,80.2519378662,32425,32435,10
13.0523004532,80.2510223389,32435,32445,10
13.0514202118,80.250213623,32445,32455,10
13.0501699448,80.2498931885,32455,32465,10
13.0489797592,80.24974823,32465,32475,10
13.0480804443,80.2494125366,32475,32485,10
13.0469198227,80.2486419678,32485,32505,20
13.0469198227,80.2486419678,32505,32516,11
13.0466003418,80.248588562,32516,32526,10
13.0459604263,80.2484588623,32526,32536,10
13.0452899933,80.2481307983,32536,32546,10
13.0444002151,80.2480010986,32546,32555,9
13.0434904099,80.2478485107,32555,32566,11
13.0424404144,80.2476196289,32566,32576,10
13.0411396027,80.2473602295,32576,32586,10
13.0399303436,80.2471084595,32586,32596,10
13.0388402939,80.2468795776,32596,32607,11
13.038020134,80.2467575073,32607,32617,10
13.0375900269,80.246673584,32617,32627,10
13.0368003845,80.2465209961,32627,32637,10
13.0360898972,80.2463531494,32637,32647,10
13.035490036,80.2461929321,32647,32657,10
13.0353498459,80.2461395264,32657,32667,10
13.0352897644,80.2461090088,32667,32677,10
13.0350198746,80.2458724976,32677,32687,10
13.0345802307,80.2453536987,32687,32697,10
13.0340204239,80.2446975708,32697,32708,11
13.0333404541,80.2438735962,32708,32718,10
13.0326299667,80.2429428101,32718,32728,10
13.0320396423,80.2421035767,32728,32738,10
13.0315704346,80.2411117554,32738,32748,10
13.0312900543,80.2405395508,32748,32758,10
13.0312004089,80.2403411865,32758,32768,10
13.0310001373,80.2398376465,32768,32778,10
13.0306100845,80.2390975952,32778,32788,10
13.0300703049,80.2381286621,32788,32799,11
13.0293798447,80.2370605469,32799,32809,10
13.0286598206,80.2362670898,32809,32819,10
13.0279798508,80.235496521,32819,32829,10
13.027469635,80.23462677,32829,32839,10
13.0269498825,80.2337417603,32839,32849,10
13.0263996124,80.2328491211,32849,32859,10
13.0260601044,80.231842041,32859,32869,10
13.0257997513,80.230796814,32869,32879,10
13.0252103806,80.2297897339,32879,32889,10
13.0247497559,80.2292404175,32889,32900,11
13.0247297287,80.2292175293,32900,32910,10
13.0244998932,80.2288970947,32910,32920,10
13.0241098404,80.2284164429,32920,32930,10
13.0236797333,80.2279205322,32930,32940,10
13.0233602524,80.2276077271,32940,32950,10
13.0233201981,80.2275924683,32950,32960,10
13.0232696533,80.2275085449,32960,32970,10
13.0229597092,80.227180481,32970,32980,10
13.0223197937,80.2265777588,32980,32991,11
13.0213003159,80.2257537842,32991,33001,10
13.020359993,80.2250823975,33001,33011,10
13.0199604034,80.2248001099,33011,33021,10
13.0196199417,80.2246017456,33021,33031,10
13.0188102722,80.2245101929,33031,33041,10
13.017780304,80.2249221802,33041,33051,10
13.0168399811,80.2253036499,33051,33061,10
13.0162401199,80.2255172729,33061,33071,10
13.0156097412,80.2257385254,33071,33082,11
13.014960289,80.2260437012,33082,33122,40
13.014960289,80.2260437012,33122,33132,10
13.0146799088,80.2261428833,33132,33162,30
13.0146799088,80.2261428833,33162,33172,10
13.0145196915,80.2262115479,33172,33183,11
13.0142402649,80.226272583,33183,33193,10
13.0136203766,80.2265167236,33193,33203,10
13.0126895905,80.2268829346,33203,33213,10
13.0115203857,80.2273635864,33213,33223,10
13.0102500916,80.2278823853,33223,33233,10
13.0092401505,80.2284164429,33233,33243,10
13.0090198517,80.2293701172,33243,33253,10
13.0088195801,80.2305526733,33253,33263,10
13.0086698532,80.2314376831,33263,33274,11
13.0085802078,80.2318496704,33274,33284,10
13.0085296631,80.2320480347,33284,33294,10
13.0084295273,80.232460022,33294,33304,10
13.0083198547,80.2331314087,33304,33314,10
13.0082702637,80.2334823608,33314,33324,10
13.0082197189,80.2336730957,33324,33334,10
13.008099556,80.2341537476,33334,33344,10
13.0079698563,80.234916687,33344,33354,10
13.0078001022,80.2357635498,33354,33365,11
13.0075798035,80.2368164063,33365,33375,10
13.0073604584,80.2378463745,33375,33385,10
13.0072002411,80.2387924194,33385,33395,10
13.0070199966,80.2396697998,33395,33405,10
13.0068397522,80.240562439,33405,33415,10
13.0066995621,80.2415237427,33415,33425,10
13.0066900253,80.2425537109,33425,33435,10
13.0066995621,80.2434082031,33435,33445,10
13.0066900253,80.244468689,33445,33455,10
13.0066900253,80.2456588745,33455,33466,11
13.0066995621,80.2473297119,33466,33516,50
13.0066995621,80.2473297119,33516,33526,10
13.0065202713,80.2474136353,33526,33536,10
13.0061197281,80.2474365234,33536,33546,10
13.0060997009,80.2474365234,33546,33557,11
13.0059604645,80.2474365234,33557,33567,10
13.0054998398,80.2473907471,33567,33577,10
13.0045900345,80.2474365234,33577,33587,10
13.0035400391,80.2475814819,33587,33595,8
13.002699852,80.2477035522,33595,33607,12
13.0019798279,80.2478637695,33607,33617,10
13.0012102127,80.2480621338,33617,33627,10
13.0001602173,80.2483215332,33627,33637,10
12.9990797043,80.2485733032,33637,33648,11
12.9981203079,80.2488632202,33648,33658,10
12.9979496002,80.2489089966,33658,33668,10
12.9976501465,80.2489700317,33668,33678,10
12.9969301224,80.2491378784,33678,33688,10
12.995929718,80.2493972778,33688,33698,10
12.9947595596,80.249710083,33698,33708,10
12.9935302734,80.25,33708,33718,10
12.9922399521,80.2503204346,33718,33728,10
12.9912395477,80.2506103516,33728,33739,11
12.9911003113,80.2506484985,33739,33749,10
12.9906702042,80.2507400513,33749,33759,10
12.9898004532,80.2509536743,33759,33769,10
12.9886198044,80.2512512207,33769,33779,10
12.9876203537,80.2515029907,33779,33789,10
12.9866695404,80.2517623901,33789,33799,10
12.9856595993,80.2519989014,33799,33809,10
12.9844503403,80.2523193359,33809,33819,10
12.9831895828,80.2526016235,33819,33829,10
12.9818696976,80.2526702881,33829,33840,11
12.9805803299,80.252746582,33840,33850,10
12.9799203873,80.2527923584,33850,33860,10
12.9795999527,80.2527389526,33860,33870,10
12.9788999557,80.2526473999,33870,33880,10
12.9785995483,80.2525634766,33880,33890,10
12.9785299301,80.2525177002,33890,33906,16
12.9777402878,80.2518768311,33906,33918,12
12.9768800735,80.2513427734,33918,33928,10
12.975520134,80.2509307861,33928,33939,11
12.9742298126,80.2505722046,33939,33949,10
12.9730501175,80.2502365112,33949,33959,10
12.9718198776,80.2499237061,33959,33969,10
12.9705295563,80.2495498657,33969,33979,10
12.9692401886,80.2490463257,33979,33989,10
12.9679899216,80.2485580444,33989,33999,10
12.9668598175,80.2480621338,33999,34008,9
12.9659900665,80.2476730347,34008,34020,12
12.9651699066,80.2473831177,34020,34030,10
12.9651699066,80.2473678589,34030,34040,10
12.9650096893,80.2472763062,34040,34050,10
12.9648399353,80.2472305298,34050,34060,10
12.9647397995,80.2472076416,34060,34070,10
12.9646396637,80.247177124,34070,34080,10
12.9642095566,80.2470092773,34080,34090,10
12.9635801315,80.2467575073,34090,34100,10
12.9631099701,80.2464370728,34100,34110,10
12.9622898102,80.2461013794,34110,34121,11
12.9611902237,80.2455825806,34121,34131,10
12.9600801468,80.2450866699,34131,34141,10
12.9594802856,80.2448501587,34141,34151,10
12.9593496323,80.2447967529,34151,34162,11
12.9587602615,80.2445068359,34162,34172,10
12.9580001831,80.244178772,34172,34182,10
12.957280159,80.2439117432,34182,34192,10
12.9566297531,80.2437210083,34192,34202,10
12.9563398361,80.2436294556,34202,34212,10
12.9558601379,80.2433776855,34212,34223,11
12.9549198151,80.2429428101,34223,34233,10
12.9539403915,80.2425079346,34233,34243,10
12.9529600143,80.2421035767,34243,34253,10
12.9519996643,80.2417907715,34253,34263,10
12.9518604279,80.2417373657,34263,34273,10
12.9517202377,80.2416915894,34273,34283,10
12.9511404037,80.2414779663,34283,34293,10
12.9501800537,80.2411804199,34293,34304,11
12.9489603043,80.2407836914,34304,34314,10
12.9478597641,80.2403106689,34314,34324,10
12.9472398758,80.2400665283,34324,34344,20
12.9472398758,80.2400665283,34344,34354,10
12.9470796585,80.2399902344,34354,34364,10
12.9464998245,80.2397613525,34364,34374,10
12.9456996918,80.2393875122,34374,34384,10
12.944849968,80.2387237549,34384,34395,11
12.9439001083,80.2376785278,34395,34405,10
12.9429998398,80.236831665,34405,34415,10
12.9417800903,80.2363204956,34415,34425,10
12.9405403137,80.2360305786,34425,34435,10
12.9397497177,80.2357788086,34435,34445,10
12.9397201538,80.2357635498,34445,34455,10
12.939499855,80.2356109619,34455,34465,10
12.9388504028,80.2352371216,34465,34475,10
12.9378795624,80.2348098755,34475,34485,10
12.9368000031,80.2342987061,34485,34496,11
12.9355802536,80.2337493896,34496,34506,10
12.9338798523,80.2330093384,34506,34534,28
12.9338798523,80.2330093384,34534,34544,10
12.9335098267,80.2328033447,34544,34552,8
12.9329500198,80.2325515747,34552,34564,12
12.9317903519,80.2321472168,34564,34574,10
12.9304800034,80.2317962646,34574,34585,11
12.9291296005,80.2313995361,34585,34595,10
12.9279203415,80.2312011719,34595,34605,10
12.9266901016,80.231048584,34605,34615,10
12.9261198044,80.231010437,34615,34625,10
12.9260101318,80.2309570313,34625,34635,10
12.9254798889,80.2308883667,34635,34645,10
12.9246301651,80.230796814,34645,34655,10
12.9235801697,80.2306671143,34655,34665,10
12.9224004745,80.2304992676,34665,34676,11
12.9210100174,80.2303009033,34676,34686,10
12.9197301865,80.230140686,34686,34696,10
12.9184799194,80.2299880981,34696,34706,10
12.9173498154,80.2298278809,34706,34716,10
12.9162502289,80.2296829224,34716,34726,10
12.9150695801,80.2295074463,34726,34736,10
12.914059639,80.2293701172,34736,34746,10
12.9133701324,80.2293167114,34746,34756,10
12.913359642,80.229309082,34756,34767,11
12.9132699966,80.2292785645,34767,34777,10
12.9127902985,80.2291793823,34777,34787,10
12.9119596481,80.2290725708,34787,34797,10
12.9108400345,80.2289199829,34797,34807,10
12.9095897675,80.2287063599,34807,34817,10
12.9083099365,80.2284927368,34817,34827,10
12.9069795609,80.2283172607,34827,34868,41
12.9069795609,80.2283172607,34868,34878,10
12.9065599442,80.2282562256,34878,34888,10
12.9056901932,80.2282104492,34888,34898,10
12.9044599533,80.2281417847,34898,34908,10
12.9029903412,80.2280426025,34908,34918,10
12.9017696381,80.2279891968,34918,34928,10
12.901140213,80.2279968262,34928,34938,10
12.900639534,80.2279281616,34938,34948,10
12.8994197845,80.2278900146,34948,34989,41
12.8994197845,80.2278900146,34989,34999,10
12.8993501663,80.2278900146,34999,35009,10
12.8988599777,80.2278366089,35009,35019,10
12.8980102539,80.2277984619,35019,35029,10
12.8968496323,80.2277374268,35029,35039,10
12.8954296112,80.2276763916,35039,35050,11
12.8937597275,80.2275619507,35050,35060,10
12.8925304413,80.2274169922,35060,35070,10
12.891579628,80.2273406982,35070,35080,10
12.8903999329,80.2273635864,35080,35090,10
12.8891897202,80.2273635864,35090,35100,10
12.8880996704,80.2273330688,35100,35110,10
12.8868198395,80.2271270752,35110,35120,10
12.8854598999,80.2267990112,35120,35130,10
12.8844804764,80.2265396118,35130,35141,11
12.8835802078,80.2264404297,35141,35151,10
12.8831596375,80.2263793945,35151,35161,10
12.8833398819,80.2267074585,35161,35171,10
12.8822402954,80.2267303467,35171,35181,10
12.8809499741,80.2267379761,35181,35191,10
12.8797197342,80.2267608643,35191,35201,10
12.8784103394,80.2268066406,35201,35211,10
12.8771800995,80.2269210815,35211,35221,10
12.8761100769,80.2269592285,35221,35232,11
12.8763198853,80.2270126343,35232,35242,10
12.8763303757,80.2270126343,35242,35252,10
12.8758401871,80.2269668579,35252,35262,10
12.8749599457,80.2268981934,35262,35272,10
12.8737201691,80.2267379761,35272,35282,10
12.8725795746,80.2266998291,35282,35292,10
12.8714599609,80.2266616821,35292,35302,10
12.8703098297,80.226600647,35302,35312,10
12.8691902161,80.2264633179,35312,35322,10
12.8680400848,80.2264099121,35322,35333,11
12.8667402267,80.2265396118,35333,35343,10
12.8655500412,80.2265930176,35343,35353,10
12.8643703461,80.2265625,35353,35363,10
12.8632001877,80.2265167236,35363,35373,10
12.8619804382,80.2265777588,35373,35383,10
12.8610200882,80.2266311646,35383,35393,10
12.8609199524,80.2266311646,35393,35403,10
12.8605203629,80.2265777588,35403,35413,10
12.8596897125,80.2264404297,35413,35424,11
12.8586597443,80.2263031006,35424,35434,10
12.8576202393,80.226272583,35434,35444,10
12.8564195633,80.2263793945,35444,35454,10
12.8550395966,80.2265319824,35454,35464,10
12.8535804749,80.2266693115,35464,35474,10
12.8520898819,80.2266693115,35474,35484,10
12.8506202698,80.2266311646,35484,35494,10
12.8499298096,80.2266235352,35494,35504,10
12.8499403,80.2266235352,35504,35515,11
12.849439621,80.2266082764,35515,35525,10
12.8485202789,80.226600647,35525,35535,10
12.8472795486,80.226600647,35535,35545,10
12.8460197449,80.2266235352,35545,35555,10
12.8452997208,80.2266387939,35555,35565,10
12.8450698853,80.226600647,35565,35575,10
12.8447904587,80.2265396118,35575,35585,10
12.8443803787,80.2266464233,35585,35595,10
12.8432598114,80.2267913818,35595,35605,10
12.8420495987,80.2270736694,35605,35616,11
12.8406095505,80.227432251,35616,35626,10
12.8399200439,80.2276000977,35626,35636,10
12.839630127,80.2277069092,35636,35646,10
12.8392400742,80.2278137207,35646,35656,10
12.8383398056,80.2280578613,35656,35666,10
12.837100029,80.2282714844,35666,35676,10
12.8356399536,80.2285003662,35676,35686,10
12.8341703415,80.228729248,35686,35696,10
12.8329696655,80.2289810181,35696,35707,11
12.8323602676,80.229133606,35707,35727,20
12.8323602676,80.229133606,35727,35737,10
12.8320398331,80.2292098999,35737,35747,10
12.831199646,80.2294006348,35747,35757,10
12.8300800323,80.2297973633,35757,35767,10
12.8288202286,80.2303466797,35767,35777,10
12.8276395798,80.2310028076,35777,35787,10
12.8263196945,80.2313919067,35787,35798,11
12.8248300552,80.2314224243,35798,35808,10
12.8234596252,80.2310562134,35808,35818,10
12.8220701218,80.2306213379,35818,35828,10
12.8207902908,80.2304611206,35828,35838,10
12.8195800781,80.2304992676,35838,35848,10
12.8191204071,80.2305221558,35848,35858,10
12.8189601898,80.2304992676,35858,35868,10
12.8183298111,80.23021698,35868,35878,10
12.8172903061,80.2297363281,35878,35889,11
12.8158397675,80.2294006348,35889,35899,10
12.8146600723,80.2292404175,35899,35909,10
12.8133802414,80.2289199829,35909,35919,10
12.8121900558,80.2285003662,35919,35929,10
12.8109998703,80.2280578613,35929,35939,10
12.8099002838,80.2276000977,35939,35949,10
12.8089199066,80.2270278931,35949,35959,10
12.8080196381,80.2262878418,35959,35969,10
12.8071403503,80.2255630493,35969,35980,11
12.8063802719,80.224861145,35980,35990,10
12.8057003021,80.224281311,35990,36000,10
12.8051204681,80.224029541,36000,36010,10
12.8050899506,80.224029541,36010,36020,10
12.8047504425,80.2239608765,36020,36030,10
12.8044099808,80.2239227295,36030,36040,10
12.8037500381,80.2238922119,36040,36050,10
12.8027696609,80.2237625122,36050,36060,10
12.8015604019,80.2236175537,36060,36071,11
12.8009595871,80.2235870361,36071,36081,10
12.8008003235,80.2235794067,36081,36091,10
12.8000497818,80.2235107422,36091,36101,10
12.7991199493,80.223487854,36101,36111,10
12.7979297638,80.2234191895,36111,36121,10
12.7964000702,80.2230377197,36121,36131,10
12.7961301804,80.2229995728,36131,36141,10
12.7960395813,80.2229614258,36141,36151,10
12.7954797745,80.2228469849,36151,36161,10
12.7944803238,80.2226791382,36161,36172,11
12.7930898666,80.2224731445,36172,36182,10
12.7918395996,80.2222366333,36182,36192,10
12.7907600403,80.2219696045,36192,36202,10
12.7899198532,80.2217483521,36202,36212,10
12.7896099091,80.2216567993,36212,36222,10
12.7891101837,80.2214736938,36222,36232,10
12.7886199951,80.221282959,36232,36242,10
12.7883300781,80.2211608887,36242,36253,11
12.7881803513,80.2211074829,36253,36263,10
12.7880802155,80.2210693359,36263,36273,10
12.7876996994,80.2209320068,36273,36293,20
12.7876996994,80.2209320068,36293,36303,10
12.7874298096,80.2208175659,36303,36313,10
12.7871704102,80.2207183838,36313,36333,20
12.7871704102,80.2207183838,36333,36343,10
12.7869100571,80.2206268311,36343,36354,11
12.7867202759,80.2205429077,36354,36364,10
12.7865495682,80.220489502,36364,36374,10
12.7864398956,80.2204437256,36374,36384,10
12.7864103317,80.2204208374,36384,36394,10
12.7861995697,80.2204437256,36394,36404,10
12.7861995697,80.220703125,36404,36414,10
12.7861995697,80.2211532593,36414,36424,10
12.7862195969,80.2215805054,36424,36434,10
12.786239624,80.2219009399,36434,36475,41
12.7862100601,80.2218017578,36475,37861,1386
12.7862100601,80.2218017578,37861,37871,10
12.7861995697,80.2216873169,37871,37881,10
12.7861795425,80.2214736938,37881,37891,10
12.7861700058,80.2213592529,37891,37901,10
12.7861604691,80.2212600708,37901,37911,10
12.7861700058,80.2211074829,37911,37921,10
12.7861700058,80.2209396362,37921,38023,102
12.7861700058,80.2209396362,38023,38033,10
12.7862501144,80.2203216553,38033,38124,91
12.7862501144,80.2203216553,38124,38134,10
12.786740303,80.2205429077,38134,38144,10
12.7872200012,80.2207107544,38144,38154,10
12.7877397537,80.2209014893,38154,38164,10
12.788359642,80.2211532593,38164,38174,10
12.7890701294,80.2214126587,38174,38184,10
12.7896299362,80.2216110229,38184,38194,10
12.7900896072,80.2217407227,38194,38204,10
12.790769577,80.2218933105,38204,38215,11
12.7918395996,80.2221374512,38215,38295,80
12.7918395996,80.2221374512,38295,38305,10
12.7921199799,80.2222137451,38305,38316,11
12.7929401398,80.222366333,38316,38326,10
12.7939796448,80.2225189209,38326,38336,10
12.7951803207,80.2227325439,38336,38346,10
12.7962598801,80.2229003906,38346,38356,10
12.7964200974,80.2229385376,38356,38366,10
12.7967996597,80.2230300903,38366,38376,10
12.7976198196,80.2231674194,38376,38386,10
12.7986803055,80.2232894897,38386,38396,10
12.8000001907,80.2234191895,38396,38407,11
12.8012800217,80.2235183716,38407,38423,16
12.8013696671,80.2235336304,38423,38435,12
12.8017501831,80.2235870361,38435,38445,10
12.8025999069,80.2237167358,38445,38455,10
12.8035697937,80.2238311768,38455,38465,10
12.8045902252,80.2238998413,38465,38475,10
12.8055400848,80.2241134644,38475,38495,20
12.8055400848,80.2241134644,38495,38506,11
12.8058996201,80.2243804932,38506,38516,10
12.8065900803,80.2249984741,38516,38526,10
12.8075399399,80.2258224487,38526,38536,10
12.8086900711,80.2267913818,38536,38546,10
12.8100795746,80.2276306152,38546,38556,10
12.8116502762,80.2282714844,38556,38566,10
12.8132696152,80.228843689,38566,38576,10
12.8146400452,80.2292022705,38576,38586,10
12.8160400391,80.2294006348,38586,38597,11
12.8175096512,80.2297592163,38597,38607,10
12.8187904358,80.2303466797,38607,38617,10
12.8197603226,80.2304229736,38617,38627,10
12.8197698593,80.2304229736,38627,38637,10
12.8200798035,80.2304077148,38637,38647,10
12.8208799362,80.2303771973,38647,38657,10
12.8219995499,80.2305221558,38657,38667,10
12.8233203888,80.2309036255,38667,38677,10
12.824549675,80.2312393188,38677,38688,11
12.8256702423,80.231338501,38688,38698,10
12.826880455,80.2312164307,38698,38708,10
12.8281602859,80.2306365967,38708,38718,10
12.8295402527,80.2299499512,38718,38728,10
12.8310203552,80.229347229,38728,38758,30
12.8310203552,80.229347229,38758,38768,10
12.8310699463,80.2293701172,38768,38779,11
12.8315000534,80.2292175293,38779,38789,10
12.8318395615,80.2291183472,38789,38799,10
12.8325500488,80.2289886475,38799,38809,10
12.833609581,80.2288208008,38809,38819,10
12.8349599838,80.2285690308,38819,38829,10
12.8364896774,80.2283401489,38829,38839,10
12.8380203247,80.2280807495,38839,38849,10
12.8392400742,80.2277679443,38849,38859,10
12.8396396637,80.2276611328,38859,38869,10
12.8400802612,80.2275314331,38869,38880,11
12.8410301208,80.2272796631,38880,38890,10
12.8421802521,80.2269821167,38890,38900,10
12.8434801102,80.2266998291,38900,38910,10
12.8447704315,80.2265625,38910,38920,10
12.8452997208,80.2265090942,38920,38968,48
12.8452997208,80.2265090942,38968,38979,11
12.8457202911,80.2265014648,38979,38989,10
12.8465499878,80.2264862061,38989,38999,10
12.8477096558,80.2265014648,38999,39009,10
12.848950386,80.2265014648,39009,39019,10
12.8506097794,80.2265090942,39019,39028,9
12.8518800735,80.2265701294,39028,39039,11
12.8538198471,80.2265625,39039,39049,10
12.8553304672,80.2264022827,39049,39059,10
12.8566598892,80.2262573242,39059,39070,11
12.8580102921,80.2261505127,39070,39080,10
12.858830452,80.2261962891,39080,39090,10
12.8596200943,80.2263412476,39090,39100,10
12.8607797623,80.2264633179,39100,39120,20
12.8607797623,80.2264633179,39120,39130,10
12.8610801697,80.2264862061,39130,39140,10
12.8618097305,80.2264709473,39140,39150,10
12.8628396988,80.2264175415,39150,39161,11
12.8642196655,80.2264633179,39161,39171,10
12.8656101227,80.2265014648,39171,39181,10
12.8668804169,80.2264328003,39181,39191,10
12.8682203293,80.2263031006,39191,39201,10
12.8695602417,80.2264099121,39201,39211,10
12.8705596924,80.2265167236,39211,39221,10
12.8715600967,80.2265701294,39221,39231,10
12.8727903366,80.2265777588,39231,39252,21
12.8727903366,80.2265777588,39252,39262,10
12.8729295731,80.2265777588,39262,39272,10
12.8735303879,80.2266235352,39272,39282,10
12.8744697571,80.2267227173,39282,39292,10
12.8756399155,80.226852417,39292,39302,10
12.8765602112,80.2268371582,39302,39312,10
12.8766899109,80.2268295288,39312,39322,10
12.8768596649,80.2268295288,39322,39332,10
12.8768701553,80.2268295288,39332,39342,10
12.8773002625,80.2267990112,39342,39353,11
12.8782396317,80.2267303467,39353,39363,10
12.8793897629,80.2266616821,39363,39373,10
12.8808002472,80.2266464233,39373,39383,10
12.882349968,80.2266616821,39383,39393,10
12.8838596344,80.2266387939,39393,39409,16
12.885219574,80.2266235352,39409,39421,12
12.8853397369,80.2266464233,39421,39431,10
12.8859300613,80.2267913818,39431,39441,10
12.8868398666,80.2270431519,39441,39452,11
12.8881502151,80.2272491455,39452,39462,10
12.8895797729,80.2272796631,39462,39471,9
12.8909101486,80.2272796631,39471,39483,12
12.8921203613,80.2272720337,39483,39492,9
12.8929195404,80.2273712158,39492,39503,11
12.8939199448,80.2275085449,39503,39513,10
12.8951101303,80.2275772095,39513,39523,10
12.8962497711,80.2276229858,39523,39533,10
12.8972196579,80.2276611328,39533,39544,11
12.8983201981,80.2277069092,39544,39554,10
12.899189949,80.2277832031,39554,39564,10
12.9000797272,80.2277984619,39564,39574,10
12.9004201889,80.2277908325,39574,39584,10
12.9006996155,80.2277908325,39584,39624,40
12.9006996155,80.2277908325,39624,39635,11
12.900850296,80.2278213501,39635,39645,10
12.9013900757,80.2278900146,39645,39661,16
12.902469635,80.2279205322,39661,39683,22
12.902469635,80.2279205322,39683,39693,10
12.9025697708,80.2279434204,39693,39702,9
12.9029302597,80.2279586792,39702,39713,11
12.9038000107,80.228012085,39713,39724,11
12.9047002792,80.2280578613,39724,39734,10
12.9055204391,80.2281036377,39734,39743,9
12.9059495926,80.2281265259,39743,39754,11
12.9064598083,80.2281570435,39754,39764,10
12.9068002701,80.228187561,39764,39775,11
12.9069004059,80.2282104492,39775,39785,10
12.907409668,80.2282867432,39785,39795,10
12.9082603455,80.2284164429,39795,39805,10
12.9094200134,80.2286071777,39805,39816,11
12.9107398987,80.2288131714,39816,39826,10
12.9117803574,80.2289505005,39826,39836,10
12.9126396179,80.2290725708,39836,39846,10
12.9139604568,80.2292404175,39846,39866,20
12.9139604568,80.2292404175,39866,39876,10
12.9142303467,80.2293014526,39876,39886,10
12.9149503708,80.2294082642,39886,39896,10
12.9160003662,80.2295684814,39896,39906,10
12.9173698425,80.2297515869,39906,39917,11
12.9190998077,80.2299804688,39917,39927,10
12.9206695557,80.230178833,39927,39937,10
12.9221496582,80.2303695679,39937,39947,10
12.9237604141,80.2305984497,39947,39957,10
12.9252500534,80.230796814,39957,39967,10
12.9263095856,80.2309112549,39967,39977,10
12.926440239,80.2309188843,39977,39987,10
12.9268798828,80.2309799194,39987,39997,10
12.927740097,80.2311019897,39997,40008,11
12.9289503098,80.2312774658,40008,40018,10
12.9301795959,80.2315292358,40018,40028,10
12.9315900803,80.2319793701,40028,40038,10
12.9329395294,80.232421875,40038,40048,10
12.9335803986,80.2326812744,40048,40058,10
12.9336204529,80.2326889038,40058,40068,10
12.9337997437,80.2328109741,40068,40078,10
12.934419632,80.2330932617,40078,40088,10
12.9353704453,80.2335128784,40088,40099,11
12.9364595413,80.2340087891,40099,40109,10
12.9375600815,80.2345275879,40109,40119,10
12.9387998581,80.235168457,40119,40129,10
12.9396696091,80.2356109619,40129,40139,10
12.9398002625,80.2356567383,40139,40149,10
12.9399700165,80.2357635498,40149,40159,10
12.9405899048,80.2359466553,40159,40169,10
12.9414997101,80.2361907959,40169,40179,10
12.9426202774,80.2365112305,40179,40190,11
12.9437398911,80.2374267578,40190,40200,10
12.9447498322,80.2385025024,40200,40210,10
12.9457302094,80.2393493652,40210,40220,10
12.9467601776,80.2397384644,40220,40230,10
12.9469604492,80.2398223877,40230,40240,10
12.9473199844,80.2399597168,40240,40260,20
12.9473199844,80.2399597168,40260,40270,10
12.9476203918,80.2400970459,40270,40281,11
12.9481401443,80.2403106689,40281,40291,10
12.9487304688,80.2405395508,40291,40301,10
12.9495000839,80.2408599854,40301,40311,10
12.9508495331,80.2412414551,40311,40331,20
12.9508495331,80.2412414551,40331,40341,10
12.9511804581,80.2413635254,40341,40351,10
12.9518404007,80.2416000366,40351,40361,10
12.9527101517,80.2419281006,40361,40371,10
12.9535398483,80.2422485352,40371,40382,11
12.9542999268,80.2425537109,40382,40392,10
12.9550199509,80.2428436279,40392,40402,10
12.9557800293,80.2431411743,40402,40412,10
12.9562997818,80.243347168,40412,40422,10
12.9563102722,80.2433624268,40422,40432,10
12.9564399719,80.2433776855,40432,40442,10
12.9569501877,80.243598938,40442,40452,10
12.9577798843,80.2439498901,40452,40462,10
12.9585895538,80.2442703247,40462,40473,11
12.9589395523,80.2442932129,40473,40483,10
12.9590301514,80.2445068359,40483,40493,10
12.9595098495,80.2447509766,40493,40503,10
12.9603900909,80.2451477051,40503,40513,10
12.961520195,80.2456665039,40513,40523,10
12.9627504349,80.2462768555,40523,40533,10
12.9636297226,80.246711731,40533,40543,10
12.96434021,80.246963501,40543,40553,10
12.9652500153,80.2472915649,40553,40564,11
12.9665803909,80.2477874756,40564,40584,20
12.9665803909,80.2477874756,40584,40594,10
12.966799736,80.2479324341,40594,40604,10
12.9673099518,80.2481765747,40604,40614,10
12.9682502747,80.2485275269,40614,40624,10
12.9692802429,80.248878479,40624,40634,10
12.9704198837,80.2493972778,40634,40644,10
12.971739769,80.2498168945,40644,40654,10
12.9730195999,80.2501525879,40654,40665,11
12.9744997025,80.250579834,40665,40675,10
12.9758501053,80.2509613037,40675,40685,10
12.9770898819,80.2513427734,40685,40701,16
12.9784698486,80.252281189,40701,40744,43
12.9784698486,80.252281189,40744,40755,11
12.9789199829,80.2525024414,40755,40765,10
12.9797000885,80.2525787354,40765,40795,30
12.9797000885,80.2525787354,40795,40804,9
12.9800195694,80.2526321411,40804,40815,11
12.9808797836,80.2526321411,40815,40825,10
12.9820203781,80.2526092529,40825,40834,9
12.9832496643,80.252532959,40834,40846,12
12.9849500656,80.2520980835,40846,40855,9
12.9860696793,80.2517776489,40855,40865,10
12.9870595932,80.2515106201,40865,40876,11
12.9875001907,80.2513580322,40876,40906,30
12.9875001907,80.2513580322,40906,40916,10
12.9875602722,80.2513427734,40916,40926,10
12.9878702164,80.2512969971,40926,40937,11
12.9887504578,80.251083374,40937,40947,10
12.9894199371,80.250869751,40947,40957,10
12.9896497726,80.2508468628,40957,40967,10
12.9903097153,80.2507019043,40967,40977,10
12.9912700653,80.2504730225,40977,40987,10
12.9925098419,80.2501525879,40987,40997,10
12.9938497543,80.2498092651,40997,41007,10
12.9951601028,80.2495117188,41007,41017,10
12.9965801239,80.2491378784,41017,41027,10
12.9981002808,80.2487564087,41027,41038,11
12.9998397827,80.2483215332,41038,41048,10
13.0013799667,80.2479171753,41048,41058,10
13.0027103424,80.2476119995,41058,41068,10
13.0040597916,80.2473831177,41068,41078,10
13.0054597855,80.2471618652,41078,41088,10
13.0063800812,80.2466583252,41088,41098,10
13.006480217,80.2464599609,41098,41108,10
13.0065498352,80.2463531494,41108,41118,10
13.0066099167,80.2457962036,41118,41129,11
13.0066204071,80.2447967529,41129,41139,10
13.0066099167,80.2436294556,41139,41149,10
13.0065698624,80.2423400879,41149,41165,16
13.0066299438,80.2407913208,41165,41187,22
13.0066299438,80.2407913208,41187,41197,10
13.0066604614,80.240562439,41197,41207,10
13.0067901611,80.2400131226,41207,41217,10
13.0069198608,80.2394638062,41217,41227,10
13.0070896149,80.2386398315,41227,41238,11
13.0072898865,80.237663269,41238,41248,10
13.0073795319,80.2369613647,41248,41258,10
13.0073699951,80.236907959,41258,41268,10
13.0073795319,80.2368621826,41268,41278,10
13.0076904297,80.2356414795,41278,41288,10
13.0076904297,80.2356414795,41288,41298,10
13.0079298019,80.2344970703,41298,41309,11
13.0082397461,80.2329406738,41309,41319,10
13.0085401535,80.2313919067,41319,41329,10
13.0088300705,80.2298736572,41329,41339,10
13.0091104507,80.2284622192,41339,41349,10
13.0094804764,80.2274169922,41349,41360,11
13.0100498199,80.2262420654,41360,41370,10
13.0106296539,80.2251205444,41370,41380,10
13.0110702515,80.2241363525,41380,41389,9
13.0114202499,80.2232818604,41389,41411,22
13.0114202499,80.2232818604,41411,41421,10
13.0114498138,80.2232208252,41421,41431,10
13.0116300583,80.2228012085,41431,41441,10
13.0119695663,80.2219390869,41441,41451,10
13.0123996735,80.2216415405,41451,41461,10
13.0127801895,80.2221298218,41461,41470,9
13.0133399963,80.2226791382,41470,41480,10
13.0139598846,80.2233810425,41480,41491,11
13.0144500732,80.2240829468,41491,41502,11
13.0149698257,80.2246017456,41502,41512,10
13.0151996613,80.2248077393,41512,41522,10
13.0153799057,80.2249221802,41522,41532,10
13.0155601501,80.2250518799,41532,41542,10
13.0156202316,80.2251205444,41542,41552,10
13.0160398483,80.2253570557,41552,41562,10
13.0167102814,80.2252731323,41562,41572,10
13.0174598694,80.2249679565,41572,41582,10
13.0183200836,80.224609375,41582,41593,11
13.019200325,80.2243804932,41593,41603,10
13.019610405,80.2244415283,41603,41613,10
13.0196695328,80.2244720459,41613,41623,10
13.0198402405,80.224609375,41623,41633,10
13.020359993,80.2249832153,41633,41643,10
13.0210800171,80.2255096436,41643,41653,10
13.0217399597,80.2260665894,41653,41663,10
13.0225000381,80.2266387939,41663,41684,21
13.0225000381,80.2266387939,41684,41694,10
13.0227899551,80.2268600464,41694,41704,10
13.0232696533,80.2273101807,41704,41714,10
13.0235996246,80.2276229858,41714,41724,10
13.0241003036,80.2280807495,41724,41734,10
13.0244903564,80.2286376953,41734,41744,10
13.0247497559,80.2290267944,41744,41754,10
13.0251502991,80.2296066284,41754,41764,10
13.0256795883,80.2304000854,41764,41774,10
13.0259799957,80.2311706543,41774,41785,11
13.0261802673,80.231918335,41785,41795,10
13.0263595581,80.232421875,41795,41805,10
13.0263595581,80.2324295044,41805,41821,16
13.0266199112,80.233001709,41821,41833,12
13.0270395279,80.2337188721,41833,41843,10
13.0274801254,80.2344894409,41843,41853,10
13.0279502869,80.2353591919,41853,41863,10
13.0286102295,80.2361373901,41863,41874,11
13.0293197632,80.2368392944,41874,41884,10
13.0296201706,80.2372589111,41884,41903,19
13.0296201706,80.2372589111,41903,41914,11
13.0297203064,80.2375335693,41914,41924,10
13.0300798416,80.2381134033,41924,41934,10
13.0305404663,80.238861084,41934,41944,10
13.0310697556,80.2397079468,41944,41975,31
13.0310697556,80.2397079468,41975,41985,10
13.0312595367,80.2399902344,41985,41995,10
13.031419754,80.2405776978,41995,42005,10
13.0317201614,80.2413330078,42005,42015,10
13.0321598053,80.2421722412,42015,42025,10
13.0327396393,80.2428588867,42025,42035,10
13.0334701538,80.2438964844,42035,42045,10
13.034119606,80.2448501587,42045,42055,10
13.0347003937,80.2455596924,42055,42066,11
13.0354003906,80.2460403442,42066,42076,10
13.035490036,80.2460784912,42076,42086,10
13.0356302261,80.2461624146,42086,42096,10
13.0360898972,80.246383667,42096,42106,10
13.0368404388,80.2465133667,42106,42116,10
13.0374698639,80.246421814,42116,42126,10
13.0381002426,80.2465591431,42126,42167,41
13.0381002426,80.2465591431,42167,42177,10
13.0382299423,80.2466812134,42177,42187,10
13.0386600494,80.2467498779,42187,42197,10
13.0393600464,80.2469100952,42197,42207,10
13.0399103165,80.2470169067,42207,42217,10
13.0404901505,80.2471313477,42217,42227,10
13.0412597656,80.2473068237,42227,42237,10
13.0419197083,80.2474365234,42237,42248,11
13.0425100327,80.2476119995,42248,42258,10
13.0430402756,80.2477874756,42258,42268,10
13.043680191,80.2478713989,42268,42278,10
13.0442199707,80.2478179932,42278,42288,10
13.0449199677,80.2479629517,42288,42298,10
13.0453500748,80.2481613159,42298,42308,10
13.045999527,80.2484130859,42308,42318,10
13.04666996,80.2483978271,42318,42328,10
13.0469999313,80.2483978271,42328,42339,11
13.0472602844,80.2485122681,42339,42349,10
13.0477600098,80.2489471436,42349,42359,10
13.048210144,80.249420166,42359,42369,10
13.0487804413,80.249671936,42369,42379,10
13.0498304367,80.2498168945,42379,42389,10
13.0509500504,80.2500534058,42389,42399,10
13.051779747,80.2504196167,42399,42409,10
13.0524597168,80.2511825562,42409,42419,10
13.0531196594,80.2520599365,42419,42429,10
13.0537996292,80.2529983521,42429,42440,11
13.0545396805,80.2539901733,42440,42450,10
13.0551700592,80.2547836304,42450,42460,10
13.0557603836,80.255607605,42460,42470,10
13.0562601089,80.2563171387,42470,42480,10
13.056810379,80.2569122314,42480,42490,10
13.0574398041,80.2574005127,42490,42500,10
13.0577697754,80.2576599121,42500,42516,16
13.0586395264,80.2587203979,42516,42529,13
13.0593004227,80.2597579956,42529,42539,10
13.0599403381,80.2603530884,42539,42549,10
13.0604801178,80.2609329224,42549,42559,10
13.0606002808,80.2610626221,42559,42569,10
13.0607500076,80.2613296509,42569,42579,10
13.0611600876,80.2618713379,42579,42589,10
13.0618400574,80.2626571655,42589,42609,20
13.0618400574,80.2626571655,42609,42620,11
13.0621099472,80.2630233765,42620,42630,10
13.0627098083,80.2637329102,42630,42640,10
13.0633296967,80.264541626,42640,42650,10
13.0637903214,80.2652435303,42650,42660,10
13.0642995834,80.2658691406,42660,42670,10
13.0647201538,80.2663726807,42670,42679,9
13.0651102066,80.2668533325,42679,42690,11
13.0657300949,80.2673416138,42690,42700,10
13.0657997131,80.2675170898,42700,42710,10
13.066160202,80.2680130005,42710,42721,11
13.0667896271,80.2685089111,42721,42731,10
13.067489624,80.2689437866,42731,42741,10
13.0679998398,80.2692565918,42741,42751,10
13.0680999756,80.269317627,42751,42761,10
13.0682601929,80.2694778442,42761,42771,10
13.0682001114,80.270072937,42771,42781,10
13.0681295395,80.2707977295,42781,42791,10
13.0681400299,80.2711334229,42791,42801,10
13.068189621,80.2713088989,42801,42812,11
13.0683202744,80.2715377808,42812,42822,10
13.0685100555,80.2717208862,42822,42832,10
13.0687503815,80.2718734741,42832,42842,10
13.069149971,80.2720031738,42842,42852,10
13.0696201324,80.2725372314,42852,42862,10
13.0700798035,80.2730484009,42862,42872,10
13.070400238,80.2734375,42872,42882,10
13.0707902908,80.273979187,42882,42892,10
13.0714302063,80.274269104,42892,42933,41
13.0714302063,80.274269104,42933,42943,10
13.0715799332,80.2743835449,42943,42953,10
13.072019577,80.2747268677,42953,42963,10
13.0727100372,80.2754364014,42963,42973,10
13.0735197067,80.2762680054,42973,42983,10
13.0744104385,80.2763519287,42983,42994,11
13.0755500793,80.2762908936,42994,43004,10
13.0763301849,80.276260376,43004,43014,10
13.0768098831,80.276222229,43014,43024,10
13.0772800446,80.2761688232,43024,43034,10
13.0780601501,80.2760391235,43034,43044,10
13.0784196854,80.2752609253,43044,43054,10
13.0793199539,80.2751998901,43054,43064,10
13.0802898407,80.2752380371,43064,43074,10
13.0810899734,80.275177002,43074,43113,39
13.0810899734,80.275177002,43113,43123,10
13.0812597275,80.2751617432,43123,43133,10
13.0818500519,80.2752685547,43133,43143,10
13.0819396973,80.275680542,43143,43205,62
13.0819396973,80.275680542,43205,43215,10
13.0819797516,80.2758178711,43215,43225,10
13.081870079,80.276008606,43225,43235,10
13.0818395615,80.2763977051,43235,43245,10
13.0819196701,80.2771987915,43245,43255,10
13.0819997787,80.2778778076,43255,43265,10
13.082110405,80.2783279419,43265,43286,21
13.082110405,80.2783279419,43286,43296,10
13.0821199417,80.2784194946,43296,43306,10
13.0819101334,80.2782897949,43306,43316,10
13.0818595886,80.2776031494,43316,43326,10
13.0817403793,80.2767105103,43326,43336,10
13.0815496445,80.2758026123,43336,43346,10
13.0814304352,80.2753601074,43346,43356,10
13.0810098648,80.2752685547,43356,43367,11
13.0801496506,80.275352478,43367,43377,10
13.0792703629,80.2753067017,43377,43387,10
13.0783901215,80.275390625,43387,43397,10
13.0780000687,80.2761764526,43397,43407,10
13.0770797729,80.2762832642,43407,43417,10
13.0762300491,80.2763290405,43417,43427,10
13.0758695602,80.2761077881,43427,43437,10
13.0759496689,80.275970459,43437,43447,10
13.0759601593,80.2757034302,43447,43458,11
13.075920105,80.2750167847,43458,43468,10
13.076089859,80.2748031616,43468,43902,434
13.076089859,80.2748031616,43902,43912,10
13.0760002136,80.2749023438,43912,43923,11
13.0759801865,80.2746734619,43923,45944,2021
13.0759801865,80.2746734619,45944,45954,10
13.0758800507,80.2749099731,45954,45965,11
13.0759096146,80.2754669189,45965,45975,10
13.0759000778,80.2759628296,45975,45985,10
13.0758895874,80.2761917114,45985,45995,10
13.0762195587,80.2762527466,45995,46005,10
13.0768995285,80.276222229,46005,46015,10
13.0777101517,80.2761611938,46015,46025,10
13.0781497955,80.2758102417,46025,46035,10
13.0786104202,80.275138855,46035,46045,10
13.0795402527,80.2752532959,46045,46056,11
13.0807504654,80.275177002,46056,46066,10
13.0814199448,80.2750930786,46066,46086,20
13.0814199448,80.2750930786,46086,46096,10
13.0815496445,80.2751083374,46096,46106,10
13.0818395615,80.2752227783,46106,46116,10
13.0820198059,80.2753677368,46116,46126,10
13.0820598602,80.2757110596,46126,46601,475
13.0820598602,80.2757110596,46601,46612,11
13.0820398331,80.2759017944,46612,46622,10
13.081870079,80.2760009766,46622,46632,10
13.0818395615,80.2763290405,46632,46642,10
13.0818395615,80.2771377563,46642,46652,10
13.0819196701,80.2780914307,46652,46662,10
13.0819101334,80.2783584595,46662,46672,10
13.0818395615,80.2780532837,46672,46682,10
13.0817804337,80.2774887085,46682,46692,10
13.0817804337,80.2774734497,46692,46702,10
13.0817499161,80.2771224976,46702,46713,11
13.0816602707,80.2763595581,46713,46723,10
13.0815496445,80.2759094238,46723,46743,20
13.0815496445,80.2757492065,46743,46763,20
13.0815496445,80.2757492065,46763,46773,10
13.0815496445,80.2755584717,46773,46782,9
13.0815496445,80.2754821777,46782,46792,10
13.0815496445,80.2754211426,46792,46804,12
13.0812397003,80.2752075195,46804,46814,10
13.0805702209,80.2752914429,46814,46824,10
13.0798597336,80.2753601074,46824,46834,10
13.0788602829,80.2752075195,46834,46844,10
13.0782203674,80.2758102417,46844,46854,10
13.0776395798,80.276260376,46854,46864,10
13.0766096115,80.2763214111,46864,46874,10
13.075920105,80.2763595581,46874,46884,10
13.0755195618,80.2763595581,46884,46895,11
13.0748195648,80.2763595581,46895,46905,10
13.074139595,80.2764434814,46905,46915,10
13.0738897324,80.2764587402,46915,46925,10
13.0734701157,80.2763671875,46925,46935,10
13.0728702545,80.2757034302,46935,46945,10
13.0720701218,80.2748794556,46945,46955,10
13.0712099075,80.2744827271,46955,46965,10
13.0706596375,80.2742385864,46965,46975,10
13.0706195831,80.2741928101,46975,46986,11
13.0704202652,80.2737426758,46986,46996,10
13.0700798035,80.2732086182,46996,47006,10
13.0694503784,80.2724990845,47006,47016,10
13.0686903,80.2719497681,47016,47046,30
13.0686903,80.2719497681,47046,47056,10
13.0684995651,80.2718429565,47056,47066,10
13.0682601929,80.2716522217,47066,47076,10
13.0680198669,80.2712631226,47076,47087,11
13.0677099228,80.2707672119,47087,47097,10
13.0670003891,80.2701034546,47097,47107,10
13.0664596558,80.2691116333,47107,47117,10
13.0664596558,80.2685775757,47117,47127,10
13.0662202835,80.2682418823,47127,47137,10
13.065290451,80.2676315308,47137,47157,20
13.065290451,80.2676315308,47157,47167,10
13.0651597977,80.2676086426,47167,47178,11
13.0647602081,80.2675323486,47178,47188,10
13.0640201569,80.2674331665,47188,47198,10
13.0630598068,80.2672805786,47198,47208,10
13.0622901917,80.2666625977,47208,47218,10
13.061630249,80.2658615112,47218,47234,16
13.0606098175,80.2653808594,47234,47246,12
13.0603904724,80.2655181885,47246,47256,10
13.0600404739,80.2656097412,47256,47266,10
13.0593004227,80.2655334473,47266,47278,12
13.0582304001,80.2653427124,47278,47288,10
13.0583200455,80.2653884888,47288,47298,10
13.058139801,80.2652816772,47298,47308,10
13.0580396652,80.2648468018,47308,47318,10
13.0579595566,80.2640304565,47318,47328,10
13.0579004288,80.2631607056,47328,47338,10
13.0577898026,80.2623214722,47338,47348,10
13.0576295853,80.2614898682,47348,47358,10
13.0574302673,80.2606430054,47358,47369,11
13.0571603775,80.2597579956,47369,47379,10
13.0568199158,80.2587509155,47379,47389,10
13.0566301346,80.2579498291,47389,47399,10
13.0565099716,80.2573928833,47399,47409,10
13.0564403534,80.2571792603,47409,47419,10
13.0562696457,80.2565689087,47419,47429,10
13.0558795929,80.2559127808,47429,47439,10
13.0553703308,80.2551803589,47439,47449,10
13.0548400879,80.2544631958,47449,47460,11
13.0541000366,80.2534790039,47460,47470,10
13.0534696579,80.2525787354,47470,47480,10
13.0528402328,80.251739502,47480,47490,10
13.052359581,80.2511062622,47490,47500,10
13.0516300201,80.2503585815,47500,47510,10
13.0506000519,80.2499771118,47510,47520,10
13.0495004654,80.249786377,47520,47529,9
13.0487203598,80.2497024536,47529,47539,10
13.0482597351,80.2495193481,47539,47550,11
13.0474996567,80.2488937378,47550,47561,11
13.0468797684,80.2486419678,47561,47571,10
13.0468797684,80.248626709,47571,47581,10
13.0468597412,80.2485961914,47581,47591,10
13.046500206,80.2485733032,47591,47601,10
13.0457696915,80.2484436035,47601,47611,10
13.0450201035,80.2481231689,47611,47621,10
13.0440702438,80.2479400635,47621,47631,10
13.0433301926,80.247833252,47631,47641,10
13.0426998138,80.2476882935,47641,47652,11
13.0418395996,80.2475204468,47652,47662,10
13.0408697128,80.2473297119,47662,47672,10
13.040019989,80.247177124,47672,47682,10
13.0396299362,80.2471008301,47682,47692,10
13.0392799377,80.2470016479,47692,47702,10
13.0385503769,80.2468185425,47702,47712,10
13.0378303528,80.2466506958,47712,47722,10
13.0370597839,80.2465209961,47722,47732,10
13.036239624,80.2463607788,47732,47743,11
13.0357398987,80.2462310791,47743,47753,10
13.0355701447,80.2461395264,47753,47763,10
13.0352401733,80.2460403442,47763,47773,10
13.0351600647,80.2460174561,47773,47789,16
13.0347900391,80.2457199097,47789,47801,12
13.0344104767,80.2451782227,47801,47811,10
13.0340003967,80.2446899414,47811,47821,10
13.0332298279,80.2437515259,47821,47831,10
13.0324401855,80.2426376343,47831,47842,11
13.0318202972,80.2416534424,47842,47852,10
13.0312299728,80.2404632568,47852,47892,40
13.0312299728,80.2404632568,47892,47901,9
13.0311803818,80.2403182983,47901,47911,10
13.0310401917,80.2399215698,47911,47922,11
13.0306396484,80.2391204834,47922,47933,11
13.0300197601,80.237991333,47933,47943,10
13.0292701721,80.2369308472,47943,47953,10
13.0282697678,80.2358474731,47953,47963,10
13.0274000168,80.2345581055,47963,47973,10
13.0266799927,80.2333908081,47973,47983,10
13.0262203217,80.2324676514,47983,47993,10
13.0259799957,80.2316970825,47993,48003,10
13.025850296,80.2309112549,48003,48013,10
13.0253295898,80.2299499512,48013,48024,11
13.0247097015,80.2291793823,48024,48034,10
13.0246696472,80.2291412354,48034,48044,10
13.0246601105,80.229133606,48044,48054,10
13.0244503021,80.2288513184,48054,48064,10
13.0241699219,80.2284317017,48064,48073,9
13.0237398148,80.2279205322,48073,48084,11
13.0232095718,80.227432251,48084,48114,30
13.0232095718,80.227432251,48114,48125,11
13.0230302811,80.2272033691,48125,48135,10
13.0225696564,80.2267990112,48135,48145,10
13.0219402313,80.2262573242,48145,48155,10
13.0212802887,80.2257614136,48155,48165,10
13.0205898285,80.2252807617,48165,48175,10
13.020070076,80.2249679565,48175,48195,20
13.020070076,80.2249679565,48195,48205,10
13.0199203491,80.2248764038,48205,48216,11
13.0195198059,80.2245178223,48216,48226,10
13.0186700821,80.2245407104,48226,48236,10
13.0175695419,80.2249832153,48236,48246,10
13.0166196823,80.2253723145,48246,48256,10
13.0161304474,80.2255477905,48256,48266,10
13.0156002045,80.2257385254,48266,48276,10
13.0146398544,80.2261123657,48276,48296,20
13.0146398544,80.2261123657,48296,48307,11
13.0143899918,80.2261962891,48307,48317,10
13.0138196945,80.2264328003,48317,48327,10
13.0129995346,80.2267532349,48327,48337,10
13.0120897293,80.2270889282,48337,48347,10
13.011059761,80.2275009155,48347,48357,10
13.010020256,80.2279281616,48357,48367,10
13.0091695786,80.2284927368,48367,48377,10
13.0089502335,80.2294998169,48377,48387,10
13.0087099075,80.2306518555,48387,48397,10
13.008480072,80.2317886353,48397,48408,11
13.0082502365,80.2330169678,48408,48418,10
13.0081996918,80.2334594727,48418,48427,9
13.0081996918,80.2334899902,48427,48438,11
13.0081300735,80.233757019,48438,48448,10
13.0080795288,80.2339782715,48448,48458,10
13.0079803467,80.2344589233,48458,48468,10
13.0078601837,80.2351074219,48468,48478,10
13.0075597763,80.2366104126,48478,48488,10
13.0075597763,80.2366104126,48488,48499,11
13.0073204041,80.2378005981,48499,48509,10
13.0071401596,80.2386016846,48509,48519,10
13.0069999695,80.2393417358,48519,48529,10
13.0068397522,80.2401199341,48529,48539,10
13.0066900253,80.2409896851,48539,48549,10
13.0066404343,80.2419586182,48549,48561,12
13.0066404343,80.2432632446,48561,48572,11
13.0066003799,80.2442932129,48572,48582,10
13.0066404343,80.2452774048,48582,48593,11
13.0067100525,80.2462005615,48593,48603,10
13.0067300797,80.2467727661,48603,48613,10
13.0067300797,80.2469329834,48613,48623,10
13.0067300797,80.2470016479,48623,48633,10
13.0062904358,80.2473983765,48633,48653,20
13.0062904358,80.2473983765,48653,48663,10
13.0061197281,80.2473678589,48663,48673,10
13.0054702759,80.2473373413,48673,48684,11
13.0043497086,80.2474136353,48684,48694,10
13.0030899048,80.2476119995,48694,48704,10
13.0020799637,80.2478027344,48704,48714,10
13.0010299683,80.2480697632,48714,48724,10
12.999710083,80.2483901978,48724,48734,10
12.9982500076,80.2487564087,48734,48744,10
12.9967002869,80.2491378784,48744,48754,10
12.9951496124,80.2495422363,48754,48764,10
12.9936704636,80.2499313354,48764,48775,11
12.9920196533,80.2503433228,48775,48785,10
12.9910898209,80.250617981,48785,48795,10
12.9909896851,80.2506408691,48795,48805,10
12.9904899597,80.2507400513,48805,48815,10
12.9895401001,80.2509918213,48815,48825,10
12.9883203506,80.2512893677,48825,48835,10
12.9873199463,80.2515182495,48835,48845,10
12.9865598679,80.2517471313,48845,48855,10
12.9856796265,80.251953125,48855,48865,10
12.9845104218,80.2522583008,48865,48876,11
12.9830598831,80.2525787354,48876,48886,10
12.9818201065,80.2526626587,48886,48896,10
12.9809398651,80.2526626587,48896,48906,10
12.9805898666,80.2526779175,48906,48916,10
12.9802904129,80.2527618408,48916,48926,10
12.9798202515,80.2527694702,48926,48936,10
12.9792003632,80.2526779175,48936,48946,10
12.9786100388,80.252571106,48946,48967,21
12.9786100388,80.252571106,48967,48977,10
12.9784402847,80.2524795532,48977,48987,10
12.9779701233,80.2520980835,48987,48997,10
12.977230072,80.2515106201,48997,49007,10
12.9761400223,80.2511291504,49007,49017,10
12.9749698639,80.2507781982,49017,49027,10
12.9737195969,80.2504196167,49027,49037,10
12.9724998474,80.2500991821,49037,49047,10
12.9712400436,80.24974823,49047,49058,11
12.9698600769,80.2493133545,49058,49068,10
12.9686698914,80.248840332,49068,49078,10
12.9675598145,80.2484207153,49078,49088,10
12.9666404724,80.2479934692,49088,49098,10
12.9657897949,80.2476119995,49098,49108,10
12.965089798,80.2473983765,49108,49118,10
12.9650096893,80.2473678589,49118,49128,10
12.964799881,80.2472763062,49128,49138,10
12.9641799927,80.2470397949,49138,49149,11
12.9631996155,80.24659729,49149,49159,10
12.9621400833,80.2460632324,49159,49169,10
12.9610395432,80.2455215454,49169,49179,10
12.9593801498,80.2448120117,49179,49199,20
12.9593801498,80.2448120117,49199,49209,10
12.9591598511,80.2447128296,49209,49219,10
12.9585504532,80.2444381714,49219,49229,10
12.9578399658,80.2441482544,49229,49239,10
12.9570703506,80.243888855,49239,49250,11
12.9563598633,80.2436523438,49250,49260,10
12.9559001923,80.2434234619,49260,49270,10
12.9550895691,80.2430267334,49270,49280,10
12.9541902542,80.2426376343,49280,49290,10
12.9532403946,80.2422485352,49290,49300,10
12.9516401291,80.2416687012,49300,49320,20
12.9516401291,80.2416687012,49320,49330,10
12.9513597488,80.2415618896,49330,49341,11
12.9505596161,80.2412872314,49341,49351,10
12.949259758,80.2408676147,49351,49371,20
12.949259758,80.2408676147,49371,49381,10
12.9490804672,80.2407989502,49381,49391,10
12.948559761,80.2405929565,49391,49401,10
12.9476699829,80.2402420044,49401,49411,10
12.9471597672,80.2400512695,49411,49421,10
12.9470396042,80.2399978638,49421,49432,11
12.9464502335,80.2397689819,49432,49442,10
12.945599556,80.2393798828,49442,49452,10
12.9447603226,80.2386779785,49452,49462,10
12.9439897537,80.2378082275,49462,49472,10
12.9430999756,80.2369232178,49472,49482,10
12.9419002533,80.2363586426,49482,49492,10
12.9406995773,80.2360610962,49492,49502,10
12.9398403168,80.2358169556,49502,49512,10
12.9397802353,80.2358016968,49512,49523,11
12.9395904541,80.235710144,49523,49533,10
12.9390802383,80.2354278564,49533,49543,10
12.9381399155,80.2349700928,49543,49553,10
12.93708992,80.2344589233,49553,49563,10
12.9358196259,80.2338409424,49563,49583,20
12.9358196259,80.2338409424,49583,49593,10
12.9355802536,80.2337265015,49593,49603,10
12.9349899292,80.2334899902,49603,49614,11
12.9339704514,80.233039856,49614,49624,10
12.9338598251,80.232963562,49624,49634,10
12.9335803986,80.2328262329,49634,49644,10
12.9329595566,80.2325592041,49644,49654,10
12.9320497513,80.2322616577,49654,49664,10
12.9309196472,80.2318878174,49664,49674,10
12.9298200607,80.2315597534,49674,49684,10
12.9287900925,80.231338501,49684,49694,10
12.9277000427,80.2311706543,49694,49704,10
12.9266796112,80.2310562134,49704,49715,11
12.9262199402,80.2310333252,49715,49725,10
12.9261198044,80.231010437,49725,49735,10
12.9255895615,80.2309265137,49735,49751,16
12.9241600037,80.2307510376,49751,49763,12
12.9226903915,80.2305526733,49763,49773,10
12.9213600159,80.2303466797,49773,49783,10
12.9201002121,80.2301864624,49783,49793,10
12.9186201096,80.2299804688,49793,49803,10
12.9175300598,80.2298583984,49803,49814,11
12.9165096283,80.2297286987,49814,49824,10
12.9153995514,80.2295608521,49824,49834,10
12.914349556,80.2294235229,49834,49843,9
12.9135398865,80.229347229,49843,49864,21
12.9135398865,80.229347229,49864,49874,10
12.9134197235,80.2293319702,49874,49884,10
12.912899971,80.2292175293,49884,49894,10
12.9119997025,80.2291030884,49894,49904,10
12.9107999802,80.2289123535,49904,49915,11
12.9091796875,80.2286376953,49915,49925,10
12.9078197479,80.2284393311,49925,49935,10
12.9071397781,80.2283630371,49935,49945,10
12.907119751,80.2283630371,49945,49955,10
12.9070196152,80.2283325195,49955,49965,10
12.9065904617,80.2282791138,49965,49975,10
12.9057798386,80.2282333374,49975,49985,10
12.9046297073,80.2281570435,49985,49996,11
12.9032297134,80.2280883789,49996,50006,10
12.9020299911,80.2280426025,50006,50016,10
12.9012498856,80.2280426025,50016,50097,81
12.9012498856,80.2280426025,50097,50107,10
12.9009799957,80.2279815674,50107,50117,10
12.9004402161,80.2279129028,50117,50127,10
12.8997602463,80.2278823853,50127,50137,10
12.899140358,80.2278671265,50137,50157,20
12.899140358,80.2278671265,50157,50167,10
12.8987503052,80.2278823853,50167,50177,10
12.8980102539,80.2277984619,50177,50188,11
12.8968601227,80.2277297974,50188,50198,10
12.8955802917,80.2276687622,50198,50208,10
12.8942098618,80.2276000977,50208,50218,10
12.8929195404,80.2274703979,50218,50228,10
12.8916597366,80.2273788452,50228,50238,10
12.8901996613,80.2273712158,50238,50248,10
12.8887796402,80.2273712158,50248,50258,10
12.8877000809,80.2273025513,50258,50268,10
12.886879921,80.2271499634,50268,50279,11
12.8856801987,80.226852417,50279,50289,10
12.8836698532,80.2263870239,50289,50309,20
12.8836698532,80.2263870239,50309,50319,10
12.8835697174,80.2267837524,50319,50329,10
12.8824396133,80.2267303467,50329,50339,10
12.8811702728,80.2267532349,50339,50349,10
12.8798503876,80.2267532349,50349,50359,10
12.8785104752,80.2268218994,50359,50370,11
12.8771400452,80.2269210815,50370,50380,10
12.8763198853,80.2268981934,50380,50390,10
12.8763904572,80.2269210815,50390,50400,10
12.8759498596,80.2269821167,50400,50410,10
12.8751401901,80.2269287109,50410,50420,10
12.87403965,80.2267913818,50420,50430,10
12.8729200363,80.2267074585,50430,50440,10
12.8717699051,80.2266769409,50440,50450,10
12.8704004288,80.2265930176,50450,50461,11
12.8687496185,80.2264022827,50461,50471,10
12.8671998978,80.2264709473,50471,50481,10
12.8656597137,80.226600647,50481,50491,10
12.8641300201,80.2265396118,50491,50501,10
12.8627099991,80.2265319824,50501,50511,10
12.8614997864,80.226600647,50511,50521,10
12.8610601425,80.2266082764,50521,50531,10
12.8608903885,80.2265930176,50531,50541,10
12.8602800369,80.2265319824,50541,50551,10
12.8593397141,80.2263870239,50551,50562,11
12.8585395813,80.2262878418,50562,50572,10
12.8577804565,80.2262573242,50572,50582,10
12.8567199707,80.226348877,50582,50592,10
12.8554401398,80.2264785767,50592,50602,10
12.8540401459,80.2266235352,50602,50612,10
12.8525600433,80.2266769409,50612,50622,10
12.8510398865,80.2266235352,50622,50632,10
12.84953022,80.2265930176,50632,50642,10
12.8480997086,80.2265930176,50642,50653,11
12.8467302322,80.2266235352,50653,50663,10
12.845700264,80.2266235352,50663,50683,20
12.845700264,80.2266235352,50683,50693,10
12.845410347,80.226600647,50693,50703,10
12.8447599411,80.2267303467,50703,50713,10
12.8436899185,80.2267608643,50713,50723,10
12.8423995972,80.2269821167,50723,50733,10
12.8410797119,80.2273483276,50733,50744,11
12.8401298523,80.2276229858,50744,50754,10
12.8397703171,80.2277374268,50754,50764,10
12.8395996094,80.2277984619,50764,50774,10
12.8391399384,80.2279129028,50774,50784,10
12.8382902145,80.2281188965,50784,50794,10
12.8371801376,80.2283096313,50794,50804,10
12.8358697891,80.2285079956,50804,50814,10
12.8345003128,80.228729248,50814,50824,10
12.8332901001,80.2289505005,50824,50834,10
12.832449913,80.229133606,50834,50845,11
12.8324203491,80.229133606,50845,50855,10
12.8323402405,80.2291488647,50855,50865,10
12.8318300247,80.2292480469,50865,50875,10
12.8309898376,80.2294692993,50875,50885,10
12.8299198151,80.2298736572,50885,50895,10
12.8287801743,80.2303390503,50895,50905,10
12.8278102875,80.2308883667,50905,50915,10
12.8268604279,80.2312774658,50915,50925,10
12.8258399963,80.2314224243,50925,50936,11
12.8255796432,80.2314300537,50936,50946,10
12.8251695633,80.2314224243,50946,50956,10
12.8242797852,80.231300354,50956,50966,10
12.8231096268,80.2309417725,50966,50976,10
12.8216600418,80.2305221558,50976,50986,10
12.8201398849,80.2304763794,50986,50996,10
12.8188896179,80.2304992676,50996,51027,31
12.8188896179,80.2304992676,51027,51037,10
12.8186998367,80.2304077148,51037,51047,10
12.8179998398,80.2300796509,51047,51057,10
12.8168802261,80.2296066284,51057,51067,10
12.8154497147,80.2293624878,51067,51077,10
12.8140096664,80.2291183472,51077,51087,10
12.8126802444,80.2286987305,51087,51097,10
12.8112602234,80.2281799316,51097,51107,10
12.8098297119,80.2275772095,51107,51118,11
12.8085298538,80.2267379761,51118,51128,10
12.8074703217,80.2258605957,51128,51138,10
12.8066701889,80.2251586914,51138,51148,10
12.8058900833,80.2244873047,51148,51158,10
12.8050899506,80.2240600586,51158,51168,10
12.8050098419,80.2240371704,51168,51178,10
12.8046998978,80.2239837646,51178,51188,10
12.8039197922,80.2239074707,51188,51198,10
12.8028497696,80.2238006592,51198,51209,11
12.801440239,80.2236404419,51209,51219,10
12.8010101318,80.2236022949,51219,51229,10
12.8008298874,80.2235794067,51229,51239,10
12.8004999161,80.2235412598,51239,51249,10
12.8001203537,80.2235031128,51249,51259,10
12.7991399765,80.2234191895,51259,51269,10
12.7978096008,80.2232208252,51269,51279,10
12.7963199615,80.2229690552,51279,51289,10
12.7950801849,80.2227630615,51289,51299,10
12.7936496735,80.2225494385,51299,51310,11
12.7919998169,80.2222900391,51310,51320,10
12.7905702591,80.2219314575,51320,51330,10
12.7895097733,80.2216262817,51330,51340,10
12.7889003754,80.2214126587,51340,51350,10
12.7883701324,80.2211990356,51350,51360,10
12.7879199982,80.2210388184,51360,51370,10
12.7874202728,80.2208633423,51370,51380,10
12.7871599197,80.2207565308,51380,51397,17
12.787150383,80.2207489014,51397,51409,12
12.7867002487,80.2205810547,51409,51419,10
12.7862501144,80.2203979492,51419,51429,10
12.7861604691,80.2205963135,51429,51469,40
12.7861604691,80.2205963135,51469,51479,10
12.7861700058,80.2208786011,51479,51490,11
12.786190033,80.2212219238,51490,51501,11
12.7862300873,80.2219009399,51501,52542,1041
12.7862300873,80.2219009399,52542,52552,10
12.7862901688,80.2217712402,52552,52562,10
12.7862596512,80.2215805054,52562,52572,10
12.7862195969,80.2212219238,52572,52582,10
12.7861995697,80.2206497192,52582,52653,71
12.7861995697,80.2206497192,52653,52663,10
12.7861700058,80.2203063965,52663,52673,10
12.7863702774,80.2203216553,52673,52703,30
12.7863702774,80.2203216553,52703,52714,11
12.7865600586,80.2204437256,52714,52724,10
12.7867002487,80.2204971313,52724,52734,10
12.7868499756,80.2205734253,52734,52744,10
12.7871799469,80.2207107544,52744,52754,10
12.7876901627,80.2209014893,52754,52764,10
12.7882604599,80.2211074829,52764,52774,10
12.788769722,80.2212982178,52774,52784,10
12.7894601822,80.2215576172,52784,52794,10
12.7901096344,80.2217407227,52794,52805,11
12.7910995483,80.2219924927,52805,52815,10
12.7922201157,80.2222824097,52815,52825,10
12.793419838,80.2224807739,52825,52835,10
12.794670105,80.2226715088,52835,52845,10
12.7958498001,80.2228622437,52845,52855,10
12.7964096069,80.2229232788,52855,52865,10
12.7964401245,80.2229309082,52865,52875,10
12.7968597412,80.2230300903,52875,52885,10
12.7976999283,80.2231826782,52885,52896,11
12.7988300323,80.2233200073,52896,52906,10
12.7999801636,80.2234191895,52906,52916,10
12.8011302948,80.2235031128,52916,52926,10
12.8015098572,80.2235794067,52926,52936,10
12.8020095825,80.2235870361,52936,52946,10
12.8028402328,80.2237319946,52946,52956,10
12.8037099838,80.2238006592,52956,52966,10
12.8045797348,80.2238693237,52966,52976,10
12.8052301407,80.2239837646,52976,52987,11
12.805439949,80.2240524292,52987,52997,10
12.8056001663,80.2241363525,52997,53007,10
12.8060798645,80.2245178223,53007,53016,9
12.8066596985,80.2250366211,53016,53027,11
12.8073997498,80.2257003784,53027,53037,10
12.808259964,80.2264175415,53037,53047,10
12.8093204498,80.2272567749,53047,53057,10
12.810669899,80.2278823853,53057,53067,10
12.8121595383,80.2284317017,53067,53077,10
12.8135004044,80.2288894653,53077,53088,11
12.8149595261,80.2292404175,53088,53098,10
12.8164796829,80.2294616699,53098,53108,10
12.8178796768,80.2299423218,53108,53118,10
12.8190803528,80.230430603,53118,53128,10
12.8198204041,80.2304077148,53128,53138,10
12.8199796677,80.2304000854,53138,53148,10
12.8206396103,80.2303924561,53148,53158,10
12.8217000961,80.2304534912,53158,53168,10
12.822930336,80.2307815552,53168,53179,11
12.824259758,80.2311477661,53179,53189,10
12.825460434,80.231338501,53189,53199,10
12.8267602921,80.2312316895,53199,53209,10
12.8279695511,80.2307128906,53209,53219,10
12.8291397095,80.2300796509,53219,53229,10
12.8303003311,80.2296295166,53229,53239,10
12.8309698105,80.2293395996,53239,53259,20
12.8309698105,80.2293395996,53259,53270,11
12.8312196732,80.2292785645,53270,53280,10
12.8315000534,80.2292022705,53280,53290,10
12.8320503235,80.2290725708,53290,53300,10
12.8329801559,80.2288894653,53300,53310,10
12.8341703415,80.2286834717,53310,53320,10
12.8354997635,80.2284622192,53320,53330,10
12.8368797302,80.2282562256,53330,53340,10
12.8381595612,80.2280273438,53340,53350,10
12.8395204544,80.2276763916,53350,53381,31
12.8395204544,80.2276763916,53381,53391,10
12.839679718,80.2276306152,53391,53401,10
12.8402204514,80.2274932861,53401,53411,10
12.8411197662,80.2272415161,53411,53421,10
12.842300415,80.2269363403,53421,53431,10
12.843580246,80.2266921997,53431,53440,9
12.8446998596,80.2265625,53440,53450,10
12.8453598022,80.2265090942,53450,53462,12
12.845410347,80.2265167236,53462,53472,10
12.8458499908,80.2265014648,53472,53482,10
12.8465995789,80.2265167236,53482,53492,10
12.8476896286,80.2265090942,53492,53502,10
12.8490200043,80.2265014648,53502,53512,10
12.850399971,80.2265014648,53512,53522,10
12.8518104553,80.2265625,53522,53532,10
12.8532600403,80.2266082764,53532,53542,10
12.8547401428,80.2264633179,53542,53553,11
12.8563499451,80.2262878418,53553,53563,10
12.8577299118,80.2261581421,53563,53573,10
12.858880043,80.2261962891,53573,53583,10
12.8601799011,80.2263793945,53583,53593,10
12.8608398438,80.2264633179,53593,53603,10
12.8613004684,80.2264785767,53603,53613,10
12.8622303009,80.2264480591,53613,53623,10
12.8635196686,80.2264404297,53623,53633,10
12.8650999069,80.2265014648,53633,53643,10
12.8667001724,80.2264404297,53643,53654,11
12.8683996201,80.2263031006,53654,53664,10
12.8698997498,80.2264633179,53664,53674,10
12.8713197708,80.2265777588,53674,53684,10
12.8724803925,80.226600647,53684,53694,10
12.8729000092,80.2265930176,53694,53704,10
12.8732099533,80.2266082764,53704,53714,10
12.8739900589,80.2266693115,53714,53724,10
12.8750696182,80.2268066406,53724,53734,10
12.8761796951,80.226890564,53734,53745,11
12.8767499924,80.2268371582,53745,53761,16
12.8771896362,80.2268218994,53761,53773,12
12.878279686,80.2267379761,53773,53783,10
12.8795604706,80.2266921997,53783,53793,10
12.8810396194,80.2266769409,53793,53803,10
12.8825798035,80.2266693115,53803,53813,10
12.8840999603,80.2266311646,53813,53823,10
12.8852901459,80.2266464233,53823,53833,10
12.8864498138,80.2269363403,53833,53844,11
12.8879499435,80.2272186279,53844,53855,11
12.8894901276,80.2272796631,53855,53865,10
12.890709877,80.2272720337,53865,53874,9
12.8921298981,80.2272567749,53874,53885,11
12.8930196762,80.2273635864,53885,53895,10
12.8943901062,80.2275238037,53895,53905,10
12.8958597183,80.2275924683,53905,53915,10
12.8973503113,80.2276535034,53915,53924,9
12.8985795975,80.2277297974,53924,53936,12
12.9001302719,80.2277984619,53936,53946,10
12.9009504318,80.2278213501,53946,53956,10
12.9011602402,80.2278518677,53956,53966,10
12.9013299942,80.2278594971,53966,53976,10
12.9016103745,80.2278594971,53976,53986,10
12.9019002914,80.2278671265,53986,53996,10
12.9019098282,80.2278671265,53996,54006,10
12.9020004272,80.2278671265,54006,54016,10
12.9023199081,80.227897644,54016,54027,11
12.9031000137,80.2279815674,54027,54037,10
12.9042196274,80.2280273438,54037,54047,10
12.9053602219,80.2281036377,54047,54057,10
12.9060201645,80.2281265259,54057,54067,10
12.9061203003,80.2281417847,54067,54077,10
12.9062299728,80.2281494141,54077,54087,10
12.9065999985,80.2281799316,54087,54097,10
12.9072999954,80.2282562256,54097,54107,10
12.9083995819,80.2284164429,54107,54118,11
12.9098596573,80.2286682129,54118,54128,10
12.9112997055,80.2288818359,54128,54138,10
12.9127197266,80.2291030884,54138,54148,10
12.9138202667,80.2292175293,54148,54158,10
12.914059639,80.2292480469,54158,54168,10
12.9143600464,80.2292785645,54168,54178,10
12.915140152,80.2294006348,54178,54188,10
12.9162797928,80.2295684814,54188,54198,10
12.917599678,80.2297286987,54198,54209,11
12.9190301895,80.229927063,54209,54219,10
12.9202699661,80.2301025391,54219,54229,10
12.9215898514,80.2302703857,54229,54239,10
12.9229602814,80.2304763794,54239,54249,10
12.924369812,80.2306671143,54249,54259,10
12.9256401062,80.2308197021,54259,54269,10
12.9263801575,80.2308807373,54269,54279,10
12.9265003204,80.2308883667,54279,54289,10
12.9270496368,80.23097229,54289,54299,10
12.9279603958,80.231086731,54299,54310,11
12.9291601181,80.231300354,54310,54320,10
12.9303798676,80.2315826416,54320,54330,10
12.9314403534,80.2319030762,54330,54340,10
12.9326000214,80.2322921753,54340,54350,10
12.9335403442,80.2326507568,54350,54360,10
12.9336099625,80.2326812744,54360,54370,10
12.9339199066,80.2328414917,54370,54380,10
12.9346199036,80.2331619263,54380,54390,10
12.9354295731,80.2335128784,54390,54401,11
12.9359197617,80.2337417603,54401,54411,10
12.9366397858,80.23412323,54411,54421,10
12.9376602173,80.2345809937,54421,54431,10
12.9388303757,80.2351837158,54431,54440,9
12.9396400452,80.2355575562,54440,54451,11
12.9397497177,80.2356109619,54451,54461,10
12.9401798248,80.2357635498,54461,54471,10
12.9410600662,80.2360076904,54471,54481,10
12.9422798157,80.2363433838,54481,54492,11
12.9435901642,80.2372283936,54492,54502,10
12.9446697235,80.2383880615,54502,54512,10
12.9457702637,80.2393264771,54512,54522,10
12.9469804764,80.2398071289,54522,54532,10
12.9472799301,80.2399215698,54532,54542,10
12.9474096298,80.2399673462,54542,54552,10
12.9476003647,80.2400436401,54552,54562,10
12.948220253,80.2403030396,54562,54572,10
12.9489202499,80.2405776978,54572,54582,10
12.9494895935,80.2407913208,54582,54593,11
12.9503002167,80.2410430908,54593,54603,10
12.9509096146,80.2412109375,54603,54623,20
12.9509096146,80.2412109375,54623,54633,10
12.951379776,80.2414321899,54633,54643,10
12.9522399902,80.2417297363,54643,54653,10
12.9533500671,80.242149353,54653,54663,10
12.9542999268,80.2425308228,54663,54673,10
12.955160141,80.2428817749,54673,54684,11
12.9561195374,80.2432632446,54684,54714,30
12.956199646,80.2432785034,54714,54744,30
12.956199646,80.2432785034,54744,54754,10
12.9564800262,80.2433929443,54754,54764,10
12.9572200775,80.2437210083,54764,54775,11
12.9583702087,80.2441101074,54775,54785,10
12.9593000412,80.244682312,54785,54795,10
12.9593696594,80.2446212769,54795,54805,10
12.9600896835,80.2449417114,54805,54815,10
12.9610395432,80.2453765869,54815,54825,10
12.9620895386,80.245880127,54825,54835,10
12.9631795883,80.246421814,54835,54845,10
12.9634304047,80.2465591431,54845,54855,10
12.9637498856,80.2466888428,54855,54865,10
12.9645700455,80.2470016479,54865,54876,11
12.9658498764,80.2474517822,54876,54886,10
12.9667596817,80.2478179932,54886,54896,10
12.9668197632,80.2478485107,54896,54906,10
12.9672203064,80.2480697632,54906,54916,10
12.9680900574,80.2484436035,54916,54926,10
12.9692602158,80.2489395142,54926,54936,10
12.9706497192,80.24949646,54936,54946,10
12.9722003937,80.2499237061,54946,54956,10
12.9738197327,80.2503433228,54956,54967,11
12.9756002426,80.2508392334,54967,54977,10
12.9770002365,80.2512588501,54977,54987,10
12.9781303406,80.2520217896,54987,54996,9
12.9784002304,80.2522125244,54996,55007,11
12.9784002304,80.2522277832,55007,55017,10
12.9787998199,80.2524108887,55017,55027,10
12.9795799255,80.252532959,55027,55037,10
12.9797296524,80.2525405884,55037,55047,10
12.979929924,80.252571106,55047,55058,11
12.9806900024,80.252571106,55058,55068,10
12.9817399979,80.2525482178,55068,55078,10
12.9830799103,80.2524871826,55078,55088,10
12.9844398499,80.2521820068,55088,55098,10
12.9857397079,80.2518386841,55098,55108,10
12.9866199493,80.2515869141,55108,55118,10
12.9868803024,80.2515182495,55118,55128,10
12.9871397018,80.2514419556,55128,55138,10
12.9875297546,80.2513275146,55138,55149,11
12.9882497787,80.2511367798,55149,55159,10
12.9891901016,80.2508392334,55159,55169,10
12.9894504547,80.250793457,55169,55178,9
12.9896001816,80.250793457,55178,55189,11
12.9901599884,80.2506408691,55189,55199,10
12.991230011,80.2504272461,55199,55209,10
12.9925203323,80.2501220703,55209,55219,10
12.9939098358,80.2497634888,55219,55229,10
12.9952602386,80.2494125366,55229,55240,11
12.9967699051,80.2489700317,55240,55250,10
12.9981803894,80.2485961914,55250,55260,10
12.9996995926,80.2482299805,55260,55270,10
13.0013303757,80.2478713989,55270,55280,10
13.0025997162,80.2475662231,55280,55290,10
13.0038995743,80.2473602295,55290,55300,10
13.005279541,80.247177124,55300,55310,10
13.0062503815,80.2468032837,55310,55320,10
13.0065603256,80.2463531494,55320,55330,10
13.0065498352,80.2462692261,55330,55341,11
13.0065898895,80.2458190918,55341,55351,10
13.0066404343,80.2450714111,55351,55361,10
13.0066795349,80.2443618774,55361,55371,10
13.0066404343,80.2434768677,55371,55381,10
13.0066699982,80.2425765991,55381,55391,10
13.0066604614,80.2415390015,55391,55401,10
13.0067996979,80.2404098511,55401,55411,10
13.0070104599,80.2392730713,55411,55421,10
13.0072402954,80.238319397,55421,55432,11
13.0074396133,80.2372512817,55432,55442,10
13.0074796677,80.2367782593,55442,55452,10
13.007610321,80.2364425659,55452,55462,10
13.0077695847,80.2356491089,55462,55472,10
13.0078401566,80.235206604,55472,55482,10
13.0077896118,80.2351226807,55482,55492,10
13.007900238,80.2347335815,55492,55502,10
13.0080795288,80.2339401245,55502,55512,10
13.0083398819,80.2325515747,55512,55523,11
13.0086803436,80.23097229,55523,55533,10
13.0089502335,80.2295837402,55533,55543,10
13.0090398788,80.2289199829,55543,55553,10
13.0090904236,80.2286834717,55553,55563,10
13.0092897415,80.2280426025,55563,55573,10
13.0096998215,80.2270584106,55573,55583,10
13.0102596283,80.2258529663,55583,55593,10
13.0108299255,80.2246704102,55593,55603,10
13.0114002228,80.2233505249,55603,55624,21
13.0114002228,80.2233505249,55624,55634,10
13.0114898682,80.2230377197,55634,55644,10
13.0118198395,80.2223434448,55644,55654,10
13.0122003555,80.2214736938,55654,55664,10
13.0125398636,80.221786499,55664,55674,10
13.0130300522,80.2223892212,55674,55684,10
13.013879776,80.2232894897,55684,55694,10
13.0143995285,80.2239074707,55694,55704,10
13.0148801804,80.2244033813,55704,55715,11
13.0152301788,80.2247314453,55715,55725,10
13.015540123,80.224937439,55725,55735,10
13.0155496597,80.2249526978,55735,55745,10
13.0157299042,80.2250976563,55745,55755,10
13.0164003372,80.2252502441,55755,55765,10
13.0174102783,80.2249069214,55765,55775,10
13.0186004639,80.2244491577,55775,55785,10
13.0197496414,80.2245330811,55785,55795,10
13.0207500458,80.225227356,55795,55806,11
13.0216302872,80.2258605957,55806,55816,10
13.0224304199,80.2265090942,55816,55836,20
13.0224304199,80.2265090942,55836,55846,10
13.0227899551,80.226852417,55846,55856,10
13.0234298706,80.2274627686,55856,55866,10
13.0241003036,80.2281799316,55866,55876,10
13.0242395401,80.2283706665,55876,55886,10
13.0245103836,80.2287368774,55886,55897,11
13.0251598358,80.2295913696,55897,55907,10
13.025759697,80.2305374146,55907,55917,10
13.026049614,80.2313690186,55917,55927,10
13.0263004303,80.232421875,55927,55957,30
13.0263004303,80.232421875,55957,55967,10
13.0262899399,80.2324523926,55967,55977,10
13.0264902115,80.2328109741,55977,55988,11
13.0268697739,80.2334594727,55988,55998,10
13.0273303986,80.2341766357,55998,56008,10
13.0277795792,80.2350006104,56008,56018,10
13.0283699036,80.2358169556,56018,56028,10
13.0290002823,80.2365036011,56028,56038,10
13.0293998718,80.2369232178,56038,56048,10
13.0297002792,80.2373809814,56048,56058,10
13.0301799774,80.2381820679,56058,56068,10
13.030790329,80.2392120361,56068,56079,11
13.0312004089,80.2398834229,56079,56089,10
13.0313997269,80.2404327393,56089,56099,10
13.0315704346,80.2410125732,56099,56109,10
13.0318603516,80.2416381836,56109,56119,10
13.0322999954,80.2422714233,56119,56129,10
13.0327796936,80.2428970337,56129,56139,10
13.0334100723,80.2437210083,56139,56149,10
13.0339603424,80.2444000244,56149,56159,10
13.0345201492,80.2451477051,56159,56169,10
13.0350799561,80.2457885742,56169,56180,11
13.0357398987,80.2460632324,56180,56190,10
13.035779953,80.2461013794,56190,56200,10
13.0359802246,80.2462615967,56200,56210,10
13.0365104675,80.2463989258,56210,56220,10
13.0371904373,80.2465286255,56220,56230,10
13.0377101898,80.2464523315,56230,56240,10
13.0384302139,80.2466430664,56240,56250,10
13.0392198563,80.2468795776,56250,56260,10
13.0399398804,80.2470397949,56260,56271,11
13.0409202576,80.2472305298,56271,56281,10
13.0418796539,80.2473983765,56281,56291,10
13.042599678,80.2476425171,56291,56301,10
13.0433301926,80.2479019165,56301,56311,10
13.0439796448,80.2479095459,56311,56320,9
13.044500351,80.2479095459,56320,56331,11
13.0451698303,80.2481384277,56331,56341,10
13.0456399918,80.2483215332,56341,56351,10
13.0460596085,80.2485275269,56351,56362,11
13.0468997955,80.2484436035,56362,56372,10
13.0470504761,80.2484436035,56372,56382,10
13.0472202301,80.2484893799,56382,56392,10
13.0476999283,80.2488708496,56392,56402,10
13.0482597351,80.2493972778,56402,56412,10
13.0490598679,80.2497406006,56412,56422,10
13.049659729,80.2498321533,56422,56432,10
13.0503797531,80.2499465942,56432,56442,10
13.0513095856,80.2501831055,56442,56452,10
13.0522003174,80.2508163452,56452,56463,11
13.0529699326,80.2518463135,56463,56473,10
13.0536804199,80.2528076172,56473,56483,10
13.0543804169,80.2537689209,56483,56493,10
13.0550203323,80.2546005249,56493,56503,10
13.0555801392,80.2553787231,56503,56513,10
13.0560998917,80.256072998,56513,56523,10
13.0565700531,80.2565765381,56523,56533,10
13.0573396683,80.2572402954,56533,56544,11
13.057970047,80.257850647,56544,56554,10
13.0585403442,80.2585372925,56554,56564,10
13.0590896606,80.2593231201,56564,56574,10
13.0595798492,80.260017395,56574,56584,10
13.0601797104,80.2605895996,56584,56594,10
13.0606002808,80.2610397339,56594,56604,10
13.0607299805,80.2612228394,56604,56614,10
13.0611495972,80.2617263794,56614,56624,10
13.0614995956,80.2621307373,56624,56634,10
13.0617198944,80.2624588013,56634,56645,11
13.0618095398,80.2626190186,56645,56655,10
13.0620002747,80.2628707886,56655,56665,10
13.0624198914,80.263381958,56665,56675,10
13.0629501343,80.2640304565,56675,56685,10
13.0635004044,80.2648162842,56685,56695,10
13.0639095306,80.2654418945,56695,56705,10
13.0643796921,80.2660522461,56705,56715,10
13.0648298264,80.2665634155,56715,56725,10
13.0653600693,80.2670593262,56725,56736,11
13.0657100677,80.2673568726,56736,56746,10
13.0658102036,80.2675170898,56746,56756,10
13.0662202835,80.2680587769,56756,56766,10
13.0667800903,80.2684783936,56766,56776,10
13.0673999786,80.2688903809,56776,56786,10
13.0680999756,80.2693328857,56786,56796,10
13.0682096481,80.2698287964,56796,56806,10
13.0681295395,80.2704925537,56806,56822,16
13.0682497025,80.2715072632,56822,56835,13
13.0686502457,80.2718505859,56835,56845,10
13.0693397522,80.2722625732,56845,56855,10
13.0700702667,80.2730712891,56855,56865,10
13.0706195831,80.2738037109,56865,56875,10
13.0710201263,80.274017334,56875,56885,10
13.0711297989,80.2740631104,56885,56895,10
13.0713500977,80.2741088867,56895,56905,10
13.0714197159,80.2741394043,56905,56915,10
13.0717496872,80.2743606567,56915,56926,11
13.0723104477,80.2749176025,56926,56936,10
13.0730495453,80.2757110596,56936,56945,9
13.0737199783,80.2763137817,56945,56955,10
13.0746803284,80.2762908936,56955,56966,11
13.0757198334,80.2762527466,56966,56976,10
13.0764598846,80.2762069702,56976,56986,10
13.0772199631,80.2761688232,56986,56996,10
13.0780601501,80.2760696411,56996,57006,10
13.0783500671,80.2752990723,57006,57017,11
13.0792798996,80.2751998901,57017,57027,10
13.0802402496,80.2752609253,57027,57037,10
13.0808601379,80.2751998901,57037,57047,10
13.0809202194,80.2751998901,57047,57057,10
13.0813102722,80.2751464844,57057,57067,10
13.0817499161,80.2751922607,57067,57077,10
13.0819396973,80.2753372192,57077,57178,101
13.081870079,80.2756576538,57178,58199,1021
13.081870079,80.2756576538,58199,58209,10
13.081870079,80.2759170532,58209,58472,263
13.0820198059,80.2758102417,58472,58755,283
13.0820198059,80.2758102417,58755,58766,11
13.0817804337,80.2761306763,58766,58776,10
13.0818300247,80.2764587402,58776,58784,8
13.0818996429,80.2769012451,58784,58796,12
13.0821504593,80.2782592773,58796,58816,20
13.0821504593,80.2782592773,58816,58826,10
13.0819501877,80.2782897949,58826,58836,10
13.0818796158,80.2776565552,58836,58846,10
13.0818099976,80.2771987915,58846,58856,10
13.0817804337,80.2768630981,58856,58867,11
13.0817499161,80.2766113281,58867,58877,10
13.0816898346,80.2761611938,58877,58887,10
13.0815200806,80.2757263184,58887,58897,10
13.0815200806,80.2756576538,58897,58907,10
13.0815401077,80.2755813599,58907,58917,10
13.0814800262,80.2753372192,58917,58927,10
13.0810499191,80.2752304077,58927,58937,10
13.0803003311,80.2753219604,58937,58947,10
13.0795898438,80.275390625,58947,58958,11
13.0786600113,80.2752380371,58958,58968,10
13.0782003403,80.275932312,58968,58978,10
13.0775203705,80.2762527466,58978,58988,10
13.0765199661,80.2763214111,58988,58998,10
13.075460434,80.2763595581,58998,59008,10
13.074379921,80.2763900757,59008,59018,10
13.0735502243,80.2764587402,59018,59028,10
13.0729103088,80.2757797241,59028,59038,10
13.0717496872,80.2746429443,59038,59089,51
13.0717496872,80.2746429443,59089,59099,10
13.0714197159,80.2745437622,59099,59109,10
13.0708503723,80.2743988037,59109,59119,10
13.0706300735,80.2741470337,59119,59129,10
13.0704202652,80.2736282349,59129,59140,11
13.0698404312,80.2729034424,59140,59150,10
13.0691795349,80.2722167969,59150,59159,9
13.0685195923,80.2719726563,59159,59190,31
13.0685195923,80.2719726563,59190,59200,10
13.0684099197,80.2718734741,59200,59210,10
13.0679998398,80.2713165283,59210,59220,10
13.0673799515,80.2705993652,59220,59230,10
13.0666399002,80.26978302,59230,59241,11
13.0664196014,80.268737793,59241,59251,10
13.0659999847,80.2679977417,59251,59261,10
13.0653600693,80.2676391602,59261,59271,10
13.0651302338,80.2676010132,59271,59280,9
13.0647602081,80.2675323486,59280,59291,11
13.0640096664,80.2674026489,59291,59301,10
13.0630702972,80.2672424316,59301,59311,10
13.0623397827,80.2667388916,59311,59321,10
13.0617198944,80.2659606934,59321,59332,11
13.0611600876,80.2652664185,59332,59342,10
13.0605201721,80.2654266357,59342,59352,10
13.0602197647,80.2655715942,59352,59363,11
13.0595798492,80.2656021118,59363,59373,10
13.0588102341,80.2654418945,59373,59392,19
13.0588102341,80.2654418945,59392,59403,11
13.0584201813,80.2654571533,59403,59413,10
13.0580596924,80.2648925781,59413,59424,11
13.0579595566,80.2642211914,59424,59434,10
13.057849884,80.2634811401,59434,59444,10
13.0577602386,80.2626190186,59444,59454,10
13.0576000214,80.2616195679,59454,59464,10
13.0574197769,80.2607116699,59464,59474,10
13.0571804047,80.2599716187,59474,59484,10
13.0569295883,80.2591400146,59484,59494,10
13.0566596985,80.2582168579,59494,59504,10
13.0565595627,80.2575912476,59504,59515,11
13.0565595627,80.25756073,59515,59525,10
13.056520462,80.2574234009,59525,59535,10
13.0564098358,80.256942749,59535,59545,10
13.0561704636,80.2563400269,59545,59555,10
13.0557203293,80.2556915283,59555,59565,10
13.0551996231,80.2549591064,59565,59575,10
13.0546302795,80.2542190552,59575,59585,10
13.053730011,80.2530212402,59585,59595,10
13.0529603958,80.2519378662,59595,59605,10
13.052189827,80.2509078979,59605,59616,11
13.0511798859,80.2501602173,59616,59626,10
13.0500898361,80.2499008179,59626,59636,10
13.0490903854,80.2497711182,59636,59646,10
13.0482597351,80.2495193481,59646,59656,10
13.0475196838,80.2489318848,59656,59666,10
13.0471096039,80.2486801147,59666,59676,10
13.0469303131,80.2486495972,59676,59686,10
13.0463199615,80.248588562,59686,59702,16
13.0451002121,80.2482070923,59702,59715,13
13.0440301895,80.2479782104,59715,59725,10
13.0436897278,80.2479171753,59725,59735,10
13.0432596207,80.2478637695,59735,59745,10
13.0425100327,80.2476730347,59745,59755,10
13.0417604446,80.2474899292,59755,59765,10
13.0406904221,80.2472763062,59765,59775,10
13.0398197174,80.2471084595,59775,59816,41
13.0398197174,80.2471084595,59816,59826,10
13.0396995544,80.2470779419,59826,59836,10
13.0394001007,80.2470169067,59836,59846,10
13.0387096405,80.2468719482,59846,59856,10
13.0380296707,80.2467422485,59856,59866,10
13.0371398926,80.24659729,59866,59876,10
13.0362997055,80.246421814,59876,59886,10
13.0358600616,80.2463378906,59886,59897,11
13.0357398987,80.2462921143,59897,59907,10
13.0354404449,80.2461395264,59907,59917,10
13.0352897644,80.2461013794,59917,59927,10
13.0351295471,80.2460327148,59927,59937,10
13.0349397659,80.2459030151,59937,59947,10
13.0347003937,80.2455368042,59947,59957,10
13.0342702866,80.2449874878,59957,59967,10
13.0336704254,80.2442703247,59967,59977,10
13.0329704285,80.2433624268,59977,59988,11
13.0322599411,80.2423782349,59988,59998,10
13.0317697525,80.2415618896,59998,60008,10
13.0312995911,80.2405776978,60008,60018,10
13.0309200287,80.2397079468,60018,60028,10
13.030380249,80.2387313843,60028,60038,10
13.0297498703,80.2376022339,60038,60048,10
13.0289001465,80.2365875244,60048,60058,10
13.0280895233,80.2356872559,60058,60068,10
13.027469635,80.2346496582,60068,60079,11
13.0266895294,80.2333908081,60079,60089,10
13.0262498856,80.2324829102,60089,60099,10
13.0261802673,80.2322769165,60099,60109,10
13.0261497498,80.2321014404,60109,60119,10
13.0260601044,80.2317810059,60119,60129,10
13.0259399414,80.2314224243,60129,60139,10
13.0256595612,80.2305679321,60139,60149,10
13.0249900818,80.2295227051,60149,60159,10
13.0243396759,80.228729248,60159,60169,10
13.023850441,80.2281265259,60169,60180,11
13.0234804153,80.2277526855,60180,60190,10
13.0233802795,80.2276763916,60190,60206,16
13.0232496262,80.2275238037,60206,60218,12
13.0230503082,80.2272796631,60218,60228,10
13.0226802826,80.2269821167,60228,60238,10
13.0221300125,80.2265014648,60238,60248,10
13.0216197968,80.2260894775,60248,60258,10
13.0211200714,80.2256698608,60258,60269,11
13.0206298828,80.2253189087,60269,60279,10
13.0203800201,80.2251586914,60279,60289,10
13.020070076,80.2249603271,60289,60299,10
13.0198497772,80.2248001099,60299,60309,10
13.0193595886,80.2245483398,60309,60319,10
13.0185403824,80.2246398926,60319,60329,10
13.0177001953,80.2249832153,60329,60339,10
13.0168600082,80.2253189087,60339,60349,10
13.016409874,80.2255020142,60349,60360,11
13.0159301758,80.2256698608,60360,60370,10
13.0152702332,80.2259216309,60370,60380,10
13.0146598816,80.2261810303,60380,60390,10
13.0143404007,80.2263183594,60390,60439,49
13.0143404007,80.2263183594,60439,60451,12
13.0141601563,80.2263793945,60451,60461,10
13.0135803223,80.2265777588,60461,60471,10
13.0127496719,80.226890564,60471,60481,10
13.0116996765,80.2273025513,60481,60491,10
13.0105199814,80.2277679443,60491,60501,10
13.0094604492,80.2282180786,60501,60511,10
13.0090799332,80.2289505005,60511,60521,10
13.0088701248,80.2300186157,60521,60531,10
13.0086402893,80.2311630249,60531,60542,11
13.0083999634,80.2324295044,60542,60552,10
13.0082397461,80.2334899902,60552,60562,10
13.008190155,80.2337493896,60562,60572,10
13.0081396103,80.2339019775,60572,60582,10
13.0080404282,80.2344436646,60582,60592,10
13.0078296661,80.2353820801,60592,60602,10
13.0076198578,80.2364578247,60602,60612,10
13.0073900223,80.2376403809,60612,60622,10
13.0072097778,80.2387084961,60622,60633,11
13.0070495605,80.2395629883,60633,60643,10
13.0069599152,80.2400588989,60643,60653,10
13.006939888,80.2403106689,60653,60663,10
13.0068798065,80.2409362793,60663,60673,10
13.0067996979,80.2418823242,60673,60683,10
13.006770134,80.2429504395,60683,60693,10
13.0067501068,80.2438583374,60693,60703,10
13.0067396164,80.2448196411,60703,60713,10
13.0067596436,80.2457199097,60713,60723,10
13.0067796707,80.246421814,60723,60734,11
13.0067901611,80.2469787598,60734,60744,10
13.0065603256,80.2473678589,60744,60754,10
13.0060901642,80.2474212646,60754,60774,20
13.0060901642,80.2474212646,60774,60784,10
13.0058403015,80.2474136353,60784,60794,10
13.0052604675,80.2473602295,60794,60804,10
13.00440979,80.247428894,60804,60814,10
13.0033798218,80.2475814819,60814,60825,11
13.002240181,80.2477874756,60825,60835,10
13.0010995865,80.2480697632,60835,60845,10
12.9998903275,80.2483825684,60845,60855,10
12.9987096786,80.2486801147,60855,60865,10
12.9978399277,80.2488937378,60865,60875,10
12.9964199066,80.2492370605,60875,60885,10
12.9952602386,80.2495574951,60885,60895,10
12.9940500259,80.2498779297,60895,60905,10
12.9927902222,80.2501831055,60905,60916,11
12.9915704727,80.2504806519,60916,60926,10
12.9911403656,80.250617981,60926,60936,10
12.9910497665,80.2506408691,60936,60946,10
12.9906196594,80.2507324219,60946,60956,10
12.9899301529,80.2509002686,60956,60966,10
12.9890499115,80.251121521,60966,60976,10
12.988360405,80.2513198853,60976,61027,51
12.988360405,80.2513198853,61027,61037,10
12.9882698059,80.2513427734,61037,61047,10
12.987950325,80.2514190674,61047,61057,10
12.9874601364,80.2515411377,61057,61067,10
12.9867696762,80.2517166138,61067,61077,10
12.9860401154,80.2518920898,61077,61087,10
12.9851999283,80.2521133423,61087,61098,11
12.9838495255,80.252456665,61098,61108,10
12.9826002121,80.2526473999,61108,61118,10
12.9813499451,80.2526931763,61118,61128,10
12.9804201126,80.2527313232,61128,61138,10
12.9801902771,80.2527236938,61138,61148,10
12.9798402786,80.2527084351,61148,61158,10
12.9792604446,80.2526702881,61158,61168,10
12.9786300659,80.2526016235,61168,61178,10
12.9785995483,80.2525787354,61178,61188,10
12.9783496857,80.2524185181,61188,61199,11
12.9777498245,80.2519226074,61199,61209,10
12.9770097733,80.251411438,61209,61219,10
12.9760799408,80.251121521,61219,61229,10
12.9750299454,80.2508010864,61229,61239,10
12.9738798141,80.2504806519,61239,61249,10
12.972700119,80.2501678467,61249,61259,10
12.9715204239,80.2498626709,61259,61269,10
12.9702701569,80.2494812012,61269,61279,10
12.9690198898,80.2489929199,61279,61290,11
12.9677095413,80.2484588623,61290,61300,10
12.9667301178,80.248008728,61300,61310,10
12.9658498764,80.2476272583,61310,61320,10
12.9651298523,80.2474212646,61320,61330,10
12.9650497437,80.2473907471,61330,61340,10
12.9648895264,80.2473220825,61340,61350,10
12.9643802643,80.2471084595,61350,61360,10
12.9636602402,80.2468109131,61360,61370,10
12.9632797241,80.2466201782,61370,61381,11
12.9624996185,80.2462387085,61381,61391,10
12.9614801407,80.2457427979,61391,61401,10
12.9603700638,80.2451934814,61401,61411,10
12.9594202042,80.2448425293,61411,61421,10
12.9593601227,80.2448120117,61421,61431,10
12.9591503143,80.2446975708,61431,61441,10
12.9586000443,80.2444610596,61441,61451,10
12.957909584,80.244178772,61451,61461,10
12.9572200775,80.2439422607,61461,61471,10
12.9565496445,80.2437667847,61471,61482,11
12.9562997818,80.2436981201,61482,61492,10
12.9558095932,80.2434463501,61492,61502,10
12.9550199509,80.243019104,61502,61512,10
12.9541196823,80.2426300049,61512,61522,10
12.9530801773,80.2421875,61522,61532,10
12.9516897202,80.2417068481,61532,61552,20
12.9516897202,80.2417068481,61552,61568,16
12.9512901306,80.2415466309,61568,61581,13
12.9503202438,80.2412414551,61581,61591,10
12.9493598938,80.2409515381,61591,61600,9
12.9484796524,80.2406082153,61600,61612,12
12.947429657,80.2401885986,61612,61622,10
12.9471302032,80.2400894165,61622,61632,10
12.9470996857,80.2400512695,61632,61642,10
12.9468002319,80.2398910522,61642,61652,10
12.9461803436,80.2395706177,61652,61664,12
12.9452800751,80.2391433716,61664,61673,9
12.944609642,80.2385025024,61673,61684,11
12.9437398911,80.2375717163,61684,61694,10
12.9429702759,80.2368392944,61694,61704,10
12.9419698715,80.2363891602,61704,61714,10
12.9409103394,80.2361373901,61714,61724,10
12.9398097992,80.2358169556,61724,61743,19
12.9398097992,80.2358169556,61743,61755,12
12.9397497177,80.2358322144,61755,61765,10
12.9394302368,80.2356796265,61765,61775,10
12.9387397766,80.2352905273,61775,61785,10
12.9378900528,80.2348403931,61785,61795,10
12.9368896484,80.2343292236,61795,61805,10
12.9359197617,80.2338180542,61805,61815,10
12.9357995987,80.2338485718,61815,61825,10
12.9357404709,80.233833313,61825,61835,10
12.9352998734,80.2336120605,61835,61845,10
12.9345598221,80.2333221436,61845,61856,11
12.9338798523,80.2330093384,61856,61866,10
12.9338598251,80.232963562,61866,61876,10
12.9335098267,80.2328033447,61876,61886,10
12.932849884,80.2325286865,61886,61896,10
12.9319896698,80.232208252,61896,61906,10
12.9308900833,80.2318878174,61906,61916,10
12.9298200607,80.231590271,61916,61926,10
12.928609848,80.2313308716,61926,61936,10
12.9274501801,80.2311630249,61936,61946,10
12.9264202118,80.2310562134,61946,61957,11
12.9262504578,80.2310409546,61957,61967,10
12.9260396957,80.231010437,61967,61977,10
12.9254598618,80.2309417725,61977,61987,10
12.9246702194,80.2308425903,61987,61997,10
12.9237499237,80.23072052,61997,62007,10
12.9226799011,80.2305603027,62007,62017,10
12.9215097427,80.2303771973,62017,62027,10
12.9202699661,80.23021698,62027,62038,11
12.9188699722,80.2300415039,62038,62048,10
12.9177598953,80.2299118042,62048,62058,10
12.9169902802,80.2298126221,62058,62068,10
12.9161996841,80.2296981812,62068,62078,10
12.9152402878,80.2295608521,62078,62088,10
12.913649559,80.2293701172,62088,62118,30
12.913649559,80.2293701172,62118,62129,11
12.913359642,80.2293167114,62129,62139,10
12.9127197266,80.2292175293,62139,62149,10
12.9118995667,80.2291030884,62149,62159,10
12.9108800888,80.2289581299,62159,62169,10
12.909740448,80.2287826538,62169,62179,10
12.9085502625,80.2285919189,62179,62189,10
12.9075698853,80.2284393311,62189,62199,10
12.9071502686,80.2283782959,62199,62209,10
12.9070701599,80.2283706665,62209,62219,10
12.9067296982,80.2283172607,62219,62230,11
12.9060201645,80.2282714844,62230,62240,10
12.9051303864,80.2282180786,62240,62250,10
12.9040803909,80.2281570435,62250,62260,10
12.9030399323,80.2281036377,62260,62270,10
12.9019899368,80.2280578613,62270,62280,10
12.9011602402,80.2280578613,62280,62310,30
12.9011602402,80.2280578613,62310,62321,11
12.9009304047,80.2279968262,62321,62331,10
12.9005002975,80.2279510498,62331,62341,10
12.8999500275,80.2279281616,62341,62351,10
12.8994102478,80.227897644,62351,62371,20
12.8994102478,80.227897644,62371,62381,10
12.8991699219,80.2278823853,62381,62391,10
12.8985795975,80.2278366089,62391,62401,10
12.8977499008,80.2277984619,62401,62412,11
12.8966999054,80.2277374268,62412,62422,10
12.8957700729,80.2276992798,62422,62432,10
12.8947095871,80.2276611328,62432,62442,10
12.8935203552,80.2275619507,62442,62452,10
12.8925600052,80.2274703979,62452,62462,10
12.8921403885,80.227432251,62462,62472,10
12.8913402557,80.2274093628,62472,62482,10
12.8903999329,80.2274017334,62482,62492,10
12.8893699646,80.2273864746,62492,62503,11
12.888299942,80.2273712158,62503,62513,10
12.8871097565,80.2272109985,62513,62523,10
12.8860197067,80.2269592285,62523,62533,10
12.8851604462,80.2267303467,62533,62543,10
12.884469986,80.2265396118,62543,62553,10
12.8848304749,80.2262115479,62553,62563,10
12.8848800659,80.2258377075,62563,62573,10
12.8835000992,80.2267608643,62573,62583,10
12.882519722,80.2267608643,62583,62594,11
12.8812904358,80.2267684937,62594,62604,10
12.8801898956,80.2267837524,62604,62614,10
12.8790998459,80.2267990112,62614,62624,10
12.8779802322,80.2268829346,62624,62634,10
12.8769702911,80.2269821167,62634,62644,10
12.8764801025,80.2270126343,62644,62723,79
12.8764801025,80.2270126343,62723,62733,10
12.8762102127,80.2270202637,62733,62743,10
12.8755903244,80.2269973755,62743,62753,10
12.8746299744,80.2268829346,62753,62763,10
12.8735799789,80.2267684937,62763,62773,10
12.8729000092,80.2267532349,62773,62783,10
12.8728599548,80.2267379761,62783,62794,11
12.8724603653,80.2266998291,62794,62804,10
12.8716201782,80.2266693115,62804,62814,10
12.8706197739,80.2266235352,62814,62824,10
12.8695001602,80.2265014648,62824,62834,10
12.8683595657,80.2264022827,62834,62844,10
12.8672599792,80.2264785767,62844,62854,10
12.866230011,80.2265701294,62854,62864,10
12.8653297424,80.226600647,62864,62876,12
12.8642101288,80.2265625,62876,62886,10
12.863240242,80.2265319824,62886,62896,10
12.8621797562,80.2265777588,62896,62906,10
12.8612098694,80.2266387939,62906,62916,10
12.861000061,80.2266387939,62916,62926,10
12.8608798981,80.2266387939,62926,62936,10
12.8603696823,80.2265701294,62936,62946,10
12.8596200943,80.2264633179,62946,62956,10
12.858830452,80.2263412476,62956,62967,11
12.8579998016,80.2262878418,62967,62977,10
12.8569602966,80.226348877,62977,62987,10
12.8557500839,80.2264709473,62987,62997,10
12.8544502258,80.2266082764,62997,63007,10
12.8531999588,80.2267227173,63007,63017,10
12.8519601822,80.2266693115,63017,63027,10
12.8507099152,80.2266235352,63027,63037,10
12.8494501114,80.226600647,63037,63047,10
12.8483104706,80.226600647,63047,63057,10
12.8471298218,80.2266235352,63057,63068,11
12.8454904556,80.2266464233,63068,63088,20
12.8454904556,80.2266464233,63088,63104,16
12.8453998566,80.2266387939,63104,63116,12
12.8452301025,80.226600647,63116,63126,10
12.8449697495,80.2264862061,63126,63136,10
12.8443002701,80.2266387939,63136,63146,10
12.8434400558,80.2267684937,63146,63156,10
12.8425102234,80.2269363403,63156,63167,11
12.8411502838,80.2273025513,63167,63176,9
12.8402500153,80.2275390625,63176,63187,11
12.8396997452,80.2276916504,63187,63197,10
12.8393096924,80.2277984619,63197,63207,10
12.8385696411,80.2279891968,63207,63217,10
12.8376398087,80.2282028198,63217,63228,11
12.8364095688,80.2284011841,63228,63238,10
12.8352203369,80.2285690308,63238,63249,11
12.8338899612,80.2288208008,63249,63259,10
12.8324203491,80.2291412354,63259,63279,20
12.8324203491,80.2291412354,63279,63289,10
12.8323698044,80.2291412354,63289,63299,10
12.8319797516,80.2292175293,63299,63309,10
12.8312501907,80.2294006348,63309,63319,10
12.8303604126,80.2297210693,63319,63329,10
12.8293304443,80.2301101685,63329,63339,10
12.8283100128,80.2306213379,63339,63350,11
12.8271598816,80.2312316895,63350,63360,10
12.8260698318,80.2313995361,63360,63370,10
12.8249101639,80.2314071655,63370,63380,10
12.8238096237,80.2311782837,63380,63390,10
12.8227396011,80.2308502197,63390,63400,10
12.821680069,80.2305603027,63400,63410,10
12.8205795288,80.2304763794,63410,63420,10
12.8195199966,80.2305297852,63420,63430,10
12.8189401627,80.2305221558,63430,63441,11
12.8189096451,80.2304992676,63441,63451,10
12.8185300827,80.2303237915,63451,63461,10
12.8178195953,80.2299804688,63461,63471,10
12.8170204163,80.229637146,63471,63481,10
12.8160600662,80.2294464111,63481,63491,10
12.8149204254,80.2292785645,63491,63501,10
12.8138399124,80.2290725708,63501,63511,10
12.813079834,80.2288284302,63511,63521,10
12.8123502731,80.2285614014,63521,63532,11
12.8112697601,80.2281799316,63532,63542,10
12.8102197647,80.2277526855,63542,63552,10
12.8092403412,80.2272720337,63552,63562,10
12.8083000183,80.2265396118,63562,63572,10
12.8074197769,80.2257995605,63572,63582,10
12.8067598343,80.2252120972,63582,63592,10
12.8061304092,80.2246398926,63592,63602,10
12.8054895401,80.2241592407,63602,63612,10
12.8051996231,80.2240600586,63612,63623,11
12.8049602509,80.2240066528,63623,63633,10
12.8049497604,80.2240066528,63633,63643,10
12.8045701981,80.2239532471,63643,63653,10
12.8038396835,80.2238922119,63653,63663,10
12.8028497696,80.223777771,63663,63673,10
12.801609993,80.2236404419,63673,63683,10
12.8009700775,80.2236022949,63683,63693,10
12.8008804321,80.2235794067,63693,63703,10
12.8003997803,80.2235412598,63703,63714,11
12.7994604111,80.2234573364,63714,63724,10
12.7983798981,80.2233276367,63724,63734,10
12.7971696854,80.2231521606,63734,63744,10
12.7961997986,80.2229995728,63744,63754,10
12.7958498001,80.2229537964,63754,63764,10
12.7956695557,80.2229232788,63764,63774,10
12.7950201035,80.2227935791,63774,63784,10
12.7940301895,80.2226333618,63784,63794,10
12.792889595,80.2224807739,63794,63804,10
12.7917995453,80.2222366333,63804,63815,11
12.7905797958,80.2219390869,63815,63825,10
12.7896795273,80.2217102051,63825,63835,10
12.7893400192,80.221572876,63835,63845,10
12.7889204025,80.2214126587,63845,63855,10
12.7881603241,80.2211227417,63855,63875,20
12.7881603241,80.2211227417,63875,63885,10
12.787730217,80.2209396362,63885,63956,71
12.787730217,80.2209396362,63956,63966,10
12.7875003815,80.2208862305,63966,63976,10
12.7875099182,80.2209777832,63976,63986,10
12.7874803543,80.2210388184,63986,63997,11
12.7875003815,80.2209625244,63997,64037,40
12.7875003815,80.2209625244,64037,64047,10
12.7873096466,80.2208175659,64047,64057,10
12.7871398926,80.220741272,64057,64067,10
12.786939621,80.2206802368,64067,64077,10
12.786860466,80.2206726074,64077,64088,11
12.7866296768,80.2205429077,64088,64118,30
12.7866296768,80.2205429077,64118,64128,10
12.7864398956,80.220451355,64128,64138,10
12.7862596512,80.2203826904,64138,64148,10
12.7861700058,80.2203216553,64148,64158,10
12.7859897614,80.2202301025,64158,64168,10
12.7858200073,80.220161438,64168,64179,11
12.78565979,80.2200698853,64179,64189,10
12.7848100662,80.2196731567,64189,64229,40
12.7848100662,80.2196731567,64229,64239,10
12.7846899033,80.2196121216,64239,64249,10
12.7842998505,80.2193908691,64249,64259,10
12.7836904526,80.2190628052,64259,64270,11
12.7828397751,80.2185821533,64270,64280,10
12.7819700241,80.2181015015,64280,64290,10
12.7810401917,80.2175979614,64290,64300,10
12.7800197601,80.217048645,64300,64310,10
12.7789802551,80.2164764404,64310,64320,10
12.7778902054,80.2159500122,64320,64330,10
12.7767601013,80.2154769897,64330,64340,10
12.7756204605,80.2150115967,64340,64350,10
12.7744703293,80.2145462036,64350,64360,10
12.7733402252,80.2141036987,64360,64371,11
12.7721595764,80.2136535645,64371,64381,10
12.77064991,80.213142395,64381,64401,20
12.77064991,80.213142395,64401,64411,10
12.7704200745,80.2130432129,64411,64421,10
12.7698602676,80.2128295898,64421,64431,10
12.7690401077,80.2125320435,64431,64441,10
12.7680797577,80.2121810913,64441,64451,10
12.7670001984,80.2117996216,64451,64462,11
12.7659101486,80.2114028931,64462,64472,10
12.7648897171,80.2110366821,64472,64482,10
12.7637796402,80.210647583,64482,64492,10
12.7628002167,80.2102584839,64492,64502,10
12.7617902756,80.2098464966,64502,64512,10
12.7607498169,80.2093582153,64512,64522,10
12.7597999573,80.2088928223,64522,64532,10
12.7595100403,80.2087173462,64532,64542,10
12.7590999603,80.2084884644,64542,64553,11
12.7583904266,80.2080917358,64553,64563,10
12.7576599121,80.2076873779,64563,64573,10
12.7568998337,80.2072677612,64573,64583,10
12.7560796738,80.2068099976,64583,64593,10
12.7552404404,80.2063522339,64593,64603,10
12.7543401718,80.2058563232,64603,64613,10
12.7533798218,80.2053527832,64613,64623,10
12.7523803711,80.2048187256,64623,64633,10
12.7515697479,80.2044067383,64633,64644,11
12.7513999939,80.2043228149,64644,64654,10
12.7512302399,80.2042312622,64654,64664,10
12.7506904602,80.2039489746,64664,64674,10
12.749879837,80.2035293579,64674,64684,10
12.7489500046,80.2030410767,64684,64694,10
12.7479295731,80.2025222778,64694,64704,10
12.7468900681,80.202003479,64704,64714,10
12.7459001541,80.2014923096,64714,64724,10
12.7449197769,80.200958252,64724,64735,11
12.7440395355,80.2001190186,64735,64745,10
12.7433395386,80.1993026733,64745,64755,10
12.7425804138,80.1984405518,64755,64765,10
12.7419204712,80.1976470947,64765,64775,10
12.741809845,80.1975021362,64775,64785,10
12.7416801453,80.1973114014,64785,64795,10
12.7412700653,80.1967086792,64795,64805,10
12.7407197952,80.1959075928,64805,64815,10
12.7400398254,80.1949768066,64815,64825,10
12.7393398285,80.1939926147,64825,64836,11
12.7385997772,80.1929931641,64836,64846,10
12.7378101349,80.1921234131,64846,64856,10
12.7369804382,80.1912994385,64856,64866,10
12.7362003326,80.1905288696,64866,64876,10
12.7354001999,80.1898422241,64876,64886,10
12.7344198227,80.1895599365,64886,64896,10
12.7333402634,80.1894836426,64896,64906,10
12.7324104309,80.1893234253,64906,64916,10
12.7315998077,80.1891708374,64916,64927,11
12.730799675,80.1891098022,64927,64937,10
12.7299804688,80.1890106201,64937,64957,20
12.7299804688,80.1890106201,64957,64967,10
12.7296304703,80.1889801025,64967,64977,10
12.7289304733,80.1889266968,64977,64987,10
12.7281398773,80.1887130737,64987,64997,10
12.7274599075,80.1885070801,64997,65007,10
12.7267398834,80.188331604,65007,65018,11
12.726099968,80.1881866455,65018,65028,10
12.7250795364,80.1880264282,65028,65048,20
12.7250795364,80.1880264282,65048,65058,10
12.7250299454,80.1880187988,65058,65068,10
12.7246999741,80.1879577637,65068,65078,10
12.7242002487,80.1878585815,65078,65088,10
12.7236299515,80.1876983643,65088,65098,10
12.7231903076,80.1875762939,65098,65109,11
12.7226896286,80.1874389648,65109,65119,10
12.7222995758,80.1875,65119,65149,30
12.7222995758,80.1875,65149,65159,10
12.7222700119,80.1876983643,65159,65169,10
12.7220897675,80.187713623,65169,66847,1678
12.7220897675,80.187713623,66847,66858,11
12.7223396301,80.187461853,66858,66868,10
12.7224502563,80.1874389648,66868,66878,10
12.7227602005,80.1875228882,66878,66888,10
12.723110199,80.1875991821,66888,66898,10
12.7237195969,80.1877593994,66898,66908,10
12.7242002487,80.1878814697,66908,66918,10
12.7245903015,80.1879577637,66918,66928,10
12.7246398926,80.1879806519,66928,66938,10
12.7250404358,80.188041687,66938,66949,11
12.7257204056,80.1881484985,66949,66959,10
12.7264404297,80.1882781982,66959,66969,10
12.7271995544,80.1884536743,66969,66979,10
12.7279500961,80.1886520386,66979,66989,10
12.7287797928,80.188911438,66989,66999,10
12.7296304703,80.1889801025,66999,67019,20
12.7296304703,80.1889801025,67019,67029,10
12.7297000885,80.1889801025,67029,67040,11
12.7299203873,80.1890106201,67040,67050,10
12.730099678,80.1890182495,67050,67060,10
12.7302598953,80.1890487671,67060,67070,10
12.7306203842,80.1891098022,67070,67080,10
12.7311601639,80.1891403198,67080,67090,10
12.7319297791,80.1892471313,67090,67100,10
12.7328395844,80.1894073486,67100,67110,10
12.7337398529,80.1894989014,67110,67120,10
12.7347402573,80.1895904541,67120,67131,11
12.7357397079,80.1900100708,67131,67141,10
12.7362604141,80.1904830933,67141,67151,10
12.7365503311,80.1908035278,67151,67161,10
12.7371797562,80.1914596558,67161,67171,10
12.7380895615,80.1923522949,67171,67181,10
12.7390298843,80.1934967041,67181,67191,10
12.7399301529,80.194732666,67191,67201,10
12.7407999039,80.1959381104,67201,67211,10
12.741900444,80.1974563599,67211,67242,31
12.741900444,80.1974563599,67242,67252,10
12.7421398163,80.1978225708,67252,67262,10
12.742770195,80.1985626221,67262,67272,10
12.743639946,80.199546814,67272,67282,10
12.7445602417,80.2005615234,67282,67292,10
12.7457799911,80.2013931274,67292,67302,10
12.7471504211,80.2021026611,67302,67313,11
12.7486495972,80.2028579712,67313,67323,10
12.7499704361,80.2035217285,67323,67333,10
12.75096035,80.2040023804,67333,67343,10
12.7511997223,80.2041168213,67343,67353,10
12.751250267,80.2041625977,67353,67363,10
12.7516698837,80.2043991089,67363,67373,10
12.7525196075,80.2048568726,67373,67383,10
12.7534704208,80.2053604126,67383,67393,10
12.7545404434,80.2059402466,67393,67403,10
12.7557001114,80.2065811157,67403,67414,11
12.7569503784,80.20728302,67414,67424,10
12.7581796646,80.2079467773,67424,67434,10
12.759519577,80.2086791992,67434,67444,10
12.7602500916,80.2090301514,67444,67454,10
12.7605400085,80.2092132568,67454,67464,10
12.7612800598,80.2095794678,67464,67474,10
12.7623500824,80.2100524902,67474,67484,10
12.7635803223,80.2105331421,67484,67494,10
12.7649497986,80.2110290527,67494,67505,11
12.7665395737,80.2116317749,67505,67515,10
12.7680101395,80.2121582031,67515,67525,10
12.7694101334,80.2126617432,67525,67535,10
12.7705898285,80.2130813599,67535,67545,10
12.771030426,80.2132110596,67545,67555,10
12.7711200714,80.2132415771,67555,67565,10
12.7715902328,80.2134017944,67565,67575,10
12.7724199295,80.2137298584,67575,67585,10
12.7734699249,80.2141418457,67585,67596,11
12.7748298645,80.2146835327,67596,67606,10
12.7761602402,80.2152175903,67606,67616,10
12.7775402069,80.2157897949,67616,67626,10
12.7788801193,80.2164230347,67626,67636,10
12.7801599503,80.2171020508,67636,67646,10
12.781370163,80.2177581787,67646,67656,10
12.7825899124,80.2184295654,67656,67666,10
12.7836399078,80.2190170288,67666,67676,10
12.7845001221,80.2195129395,67676,67687,11
12.7852802277,80.2199172974,67687,67697,10
12.7858400345,80.2202224731,67697,67707,10
12.7860803604,80.2203216553,67707,67717,10
12.7862100601,80.2203826904,67717,67757,40
12.7862100601,80.2203826904,67757,67767,10
12.7865104675,80.2204818726,67767,67777,10
12.7866001129,80.2205200195,67777,67788,11
12.786939621,80.2206726074,67788,67798,10
12.7874803543,80.2208786011,67798,67808,10
12.7882404327,80.2211608887,67808,67818,10
12.7891798019,80.2215118408,67818,67828,10
12.7898597717,80.2217407227,67828,67838,10
12.7906198502,80.2219314575,67838,67848,10
12.7917003632,80.2221984863,67848,67858,10
12.792840004,80.2224502563,67858,67868,10
12.7941703796,80.2226333618,67868,67879,11
12.7953996658,80.2228317261,67879,67889,10
12.7961196899,80.2229232788,67889,67899,10
12.7962703705,80.2229614258,67899,67909,10
12.7965898514,80.2230377197,67909,67919,10
12.7973098755,80.2231826782,67919,67929,10
12.7982997894,80.2232971191,67929,67939,10
12.799489975,80.2234268188,67939,67949,10
12.800620079,80.2235412598,67949,67959,10
12.8010997772,80.2235565186,67959,67970,11
12.8011903763,80.2235794067,67970,67980,10
12.8012695313,80.2235870361,67980,67990,10
12.8013801575,80.2236175537,67990,68000,10
12.8019599915,80.2236633301,68000,68010,10
12.8023700714,80.2237014771,68010,68020,10
12.8028297424,80.2237701416,68020,68030,10
12.8035697937,80.2238388062,68030,68040,10
12.804479599,80.2239227295,68040,68050,10
12.8052797318,80.224067688,68050,68061,11
12.8054103851,80.2240982056,68061,68071,10
12.8056602478,80.2242279053,68071,68081,10
12.8062496185,80.2247314453,68081,68091,10
12.8070802689,80.225479126,68091,68101,10
12.8080501556,80.2263031006,68101,68111,10
12.8091402054,80.227180481,68111,68121,10
12.8104200363,80.2278213501,68121,68131,10
12.8118495941,80.2283782959,68131,68141,10
12.8133201599,80.2288970947,68141,68152,11
12.814789772,80.2292785645,68152,68162,10
12.8163099289,80.2294998169,68162,68172,10
12.8176603317,80.2298965454,68172,68182,10
12.8187503815,80.2304000854,68182,68192,10
12.8194599152,80.23046875,68192,68202,10
12.8196001053,80.2304763794,68202,68212,10
12.8197898865,80.23046875,68212,68222,10
12.8204097748,80.23046875,68222,68232,10
12.8214502335,80.2304992676,68232,68242,10
12.8226604462,80.230796814,68242,68253,11
12.8238897324,80.2311401367,68253,68263,10
12.8250598907,80.2313995361,68263,68273,10
12.8264598846,80.231338501,68273,68283,10
12.8277196884,80.2309417725,68283,68293,10
12.8288602829,80.2302932739,68293,68303,10
12.8298196793,80.2298812866,68303,68313,10
12.8306598663,80.2295303345,68313,68323,10
12.8308000565,80.2294387817,68323,68333,10
12.8309402466,80.2294082642,68333,68344,11
12.8313999176,80.2292785645,68344,68354,10
12.831990242,80.2291183472,68354,68364,10
12.8328800201,80.2289428711,68364,68374,10
12.8339099884,80.228767395,68374,68384,10
12.8350696564,80.2285766602,68384,68394,10
12.836230278,80.2284011841,68394,68404,10
12.8373403549,80.2282409668,68404,68414,10
12.8386697769,80.2279205322,68414,68485,71
12.8386697769,80.2279205322,68485,68495,10
12.8389997482,80.2278366089,68495,68515,20
12.8389997482,80.2278366089,68515,68526,11
12.8391504288,80.2277984619,68526,68536,10
12.8392000198,80.2277679443,68536,68546,10
12.8393201828,80.2277374268,68546,68556,10
12.8394203186,80.227722168,68556,68566,10
12.839799881,80.2276000977,68566,68576,10
12.840669632,80.2273712158,68576,68586,10
12.8417701721,80.2270889282,68586,68596,10
12.8429002762,80.2268066406,68596,68606,10
12.8441095352,80.2266464233,68606,68617,11
12.845199585,80.2265625,68617,68637,20
12.845199585,80.2265625,68637,68647,10
12.8453502655,80.2265777588,68647,68657,10
12.8459501266,80.2265701294,68657,68667,10
12.8467903137,80.2265396118,68667,68677,10
12.8477296829,80.2265625,68677,68687,10
12.8488702774,80.2265625,68687,68697,10
12.8499403,80.2265625,68697,68708,11
12.851360321,80.2266082764,68708,68718,10
12.8528604507,80.2266769409,68718,68728,10
12.8542699814,80.2265701294,68728,68738,10
12.8555498123,80.2264175415,68738,68748,10
12.8567695618,80.2262878418,68748,68758,10
12.8577404022,80.2261886597,68758,68768,10
12.8586502075,80.2262420654,68768,68778,10
12.8599004745,80.2264175415,68778,68788,10
12.8607597351,80.2265319824,68788,68798,10
12.8608102798,80.2265319824,68798,68809,11
12.8612804413,80.2265472412,68809,68819,10
12.8621902466,80.2265014648,68819,68829,10
12.8633899689,80.2264709473,68829,68839,10
12.8648900986,80.2265396118,68839,68849,10
12.8664302826,80.2265090942,68849,68859,10
12.8679504395,80.2263793945,68859,68869,10
12.8695402145,80.2264709473,68869,68879,10
12.8710403442,80.226600647,68879,68889,10
12.8722295761,80.2266387939,68889,68900,11
12.8732204437,80.2266693115,68900,68910,10
12.8743200302,80.2267837524,68910,68920,10
12.8756399155,80.2269210815,68920,68930,10
12.8766899109,80.226890564,68930,68950,20
12.8766899109,80.226890564,68950,68966,16
12.8773002625,80.226852417,68966,68978,12
12.878279686,80.2267837524,68978,68988,10
12.8798303604,80.2267379761,68988,68999,11
12.8814601898,80.2267303467,68999,69009,10
12.8829898834,80.2267227173,69009,69019,10
12.8843202591,80.2266921997,69019,69029,10
12.8850698471,80.2266693115,69029,69039,10
12.885219574,80.2266769409,69039,69049,10
12.885310173,80.2266998291,69049,69059,10
12.8859195709,80.226852417,69059,69069,10
12.886879921,80.2271270752,69069,69080,11
12.888299942,80.2273330688,69080,69090,10
12.889840126,80.2273406982,69090,69100,10
12.891409874,80.2273406982,69100,69110,10
12.8922996521,80.2273406982,69110,69120,10
12.892660141,80.2273712158,69120,69130,10
12.8934202194,80.2274780273,69130,69140,10
12.8944997787,80.2276229858,69140,69150,10
12.8958501816,80.2276763916,69150,69160,10
12.8973703384,80.2277526855,69160,69171,11
12.8989200592,80.2278366089,69171,69181,10
12.9002399445,80.2278823853,69181,69191,10
12.9008197784,80.2278671265,69191,69282,91
12.9008197784,80.2278671265,69282,69292,10
12.9009599686,80.2279510498,69292,69302,10
12.901599884,80.2279968262,69302,69312,10
12.9029102325,80.2280197144,69312,69332,20
12.9029102325,80.2280197144,69332,69342,10
12.9031496048,80.2280731201,69342,69353,11
12.9039697647,80.2281112671,69353,69363,10
12.9049100876,80.2281799316,69363,69373,10
12.9058904648,80.2282028198,69373,69383,10
12.9062900543,80.2282104492,69383,69393,10
12.9067497253,80.2282714844,69393,69403,10
12.9072303772,80.2283096313,69403,69413,10
12.9073600769,80.2283096313,69413,69423,10
12.9077501297,80.2284011841,69423,69433,10
12.9085702896,80.2285614014,69433,69443,10
12.909740448,80.2287521362,69443,69454,11
12.9112195969,80.2289810181,69454,69464,10
12.9124202728,80.229133606,69464,69474,10
12.9139003754,80.2293014526,69474,69494,20
12.9139003754,80.2293014526,69494,69504,10
12.9142103195,80.229347229,69504,69514,10
12.9149303436,80.2294387817,69514,69524,10
12.9159698486,80.229598999,69524,69534,10
12.9172401428,80.2297668457,69534,69545,11
12.9187803268,80.2300033569,69545,69555,10
12.9202804565,80.2301864624,69555,69565,10
12.9217700958,80.2303771973,69565,69575,10
12.923210144,80.2306137085,69575,69585,10
12.9245004654,80.2307891846,69585,69595,10
12.9255304337,80.2308883667,69595,69605,10
12.9261798859,80.2309494019,69605,69615,10
12.9262199402,80.2309494019,69615,69625,10
12.9267396927,80.2310180664,69625,69636,11
12.9277296066,80.2311630249,69636,69646,10
12.9288597107,80.2313232422,69646,69656,10
12.9301099777,80.2315979004,69656,69666,10
12.9315004349,80.2320098877,69666,69676,10
12.9328203201,80.2324523926,69676,69686,10
12.9335899353,80.2327575684,69686,69696,10
12.9336900711,80.2328186035,69696,69716,20
12.9336900711,80.2328186035,69716,69727,11
12.9339199066,80.2329406738,69727,69737,10
12.9346399307,80.2332611084,69737,69747,10
12.9354496002,80.2336273193,69747,69757,10
12.9361200333,80.2339477539,69757,69767,10
12.9370803833,80.2344207764,69767,69777,10
12.9382600784,80.2350006104,69777,69787,10
12.9396800995,80.2356796265,69787,69807,20
12.9396800995,80.2356796265,69807,69818,11
12.9400196075,80.2358093262,69818,69828,10
12.9408197403,80.2360534668,69828,69838,10
12.94190979,80.236328125,69838,69848,10
12.9431200027,80.2368774414,69848,69858,10
12.9440803528,80.2378921509,69858,69867,9
12.9449396133,80.2388076782,69867,69877,10
12.9458198547,80.2394638062,69877,69888,11
12.9468603134,80.2398605347,69888,69898,10
12.9471902847,80.239982605,69898,69909,11
12.9473800659,80.2400588989,69909,69919,10
12.9477996826,80.2402420044,69919,69929,10
12.9488697052,80.2406463623,69929,69979,50
12.9488697052,80.2406463623,69979,69989,10
12.9490804672,80.2407608032,69989,69999,10
12.9497404099,80.2410125732,69999,70010,11
12.9508104324,80.2413101196,70010,70020,10
12.951089859,80.2413864136,70020,70030,10
12.9511604309,80.2414169312,70030,70040,10
12.9515104294,80.2415618896,70040,70050,10
12.9522800446,80.2418518066,70050,70060,10
12.9531002045,80.2421722412,70060,70070,10
12.9538202286,80.2424468994,70070,70080,10
12.9544000626,80.24269104,70080,70090,10
12.9549999237,80.2429504395,70090,70101,11
12.9558296204,80.2432327271,70101,70111,10
12.9561901093,80.2433319092,70111,70121,10
12.9562797546,80.2433700562,70121,70131,10
12.9563102722,80.2433776855,70131,70141,10
12.956489563,80.2434387207,70141,70151,10
12.9570903778,80.2437210083,70151,70163,12
12.9581604004,80.2442016602,70163,70173,10
12.9588403702,80.2444229126,70173,70183,10
12.9588603973,80.2444381714,70183,70194,11
12.9591703415,80.2446517944,70194,70204,10
12.9599399567,80.2450027466,70204,70214,10
12.9610004425,80.2454833984,70214,70224,10
12.9622497559,80.2461090088,70224,70234,10
12.963060379,80.2465286255,70234,70264,30
12.963060379,80.2465286255,70264,70274,10
12.9632701874,80.2466583252,70274,70285,11
12.96393013,80.2469329834,70285,70295,10
12.9647703171,80.2472381592,70295,70305,10
12.9657802582,80.2475585938,70305,70315,10
12.9667901993,80.2479705811,70315,70335,20
12.9667901993,80.2479705811,70335,70345,10
12.967040062,80.2481536865,70345,70355,10
12.9677095413,80.2484512329,70355,70365,10
12.9687099457,80.248840332,70365,70376,11
12.9700698853,80.249382019,70376,70386,10
12.9712696075,80.2497787476,70386,70396,10
12.9725399017,80.2501220703,70396,70406,10
12.9740800858,80.25050354,70406,70416,10
12.975110054,80.2507781982,70416,70426,10
12.9762096405,80.2511062622,70426,70436,10
12.9773397446,80.2515182495,70436,70446,10
12.9783601761,80.2523117065,70446,70467,21
12.9783601761,80.2523117065,70467,70477,10
12.9787597656,80.2525100708,70477,70487,10
12.9795799255,80.2526473999,70487,70527,40
12.9795799255,80.2526473999,70527,70543,16
12.9796104431,80.2526397705,70543,70555,12
12.9801197052,80.2526779175,70555,70565,10
12.9808797836,80.2526626587,70565,70575,10
12.9818696976,80.2526397705,70575,70586,11
12.9831199646,80.2525787354,70586,70596,10
12.9842996597,80.2523193359,70596,70606,10
12.985449791,80.2519989014,70606,70616,10
12.9863796234,80.2517471313,70616,70626,10
12.9871101379,80.2515487671,70626,70636,10
12.9875602722,80.251411438,70636,70647,11
12.9882602692,80.2512588501,70647,70657,10
12.9891195297,80.2510223389,70657,70667,10
12.9893398285,80.2509765625,70667,70677,10
12.9894895554,80.2509384155,70677,70687,10
12.9899597168,80.250831604,70687,70697,10
12.9908399582,80.2506103516,70697,70707,10
12.9918498993,80.2503662109,70707,70717,10
12.993060112,80.2500686646,70717,70727,10
12.9944000244,80.2497177124,70727,70737,10
12.995759964,80.249382019,70737,70748,11
12.9972000122,80.2490005493,70748,70758,10
12.9984798431,80.2486877441,70758,70768,10
12.9998102188,80.2483673096,70768,70778,10
13.0011301041,80.248046875,70778,70788,10
13.0020599365,80.2478027344,70788,70798,10
13.002820015,80.2476501465,70798,70808,10
13.0038795471,80.247467041,70808,70818,10
13.0050697327,80.2473220825,70818,70828,10
13.0064296722,80.2465362549,70828,70849,21
13.0064296722,80.2465362549,70849,70859,10
13.0064897537,80.246421814,70859,70869,10
13.0065498352,80.245880127,70869,70879,10
13.0065603256,80.2450866699,70879,70889,10
13.0065603256,80.244178772,70889,70899,10
13.0065603256,80.243270874,70899,70909,10
13.0065803528,80.2425918579,70909,70919,10
13.0065803528,80.2417373657,70919,70936,17
13.0068101883,80.2400665283,70936,70948,12
13.0070199966,80.2389297485,70948,70958,10
13.0071697235,80.2380371094,70958,70968,10
13.0073099136,80.237197876,70968,70978,10
13.0073404312,80.2367706299,70978,70987,9
13.0073699951,80.2366867065,70987,70998,11
13.007519722,80.2361526489,70998,71008,10
13.0076999664,80.2352676392,71008,71019,11
13.0079402924,80.2340316772,71019,71028,9
13.0081796646,80.2329025269,71028,71039,11
13.0084600449,80.2314987183,71039,71049,10
13.0086603165,80.2303009033,71049,71059,10
13.0089101791,80.2291030884,71059,71069,10
13.0092096329,80.2279815674,71069,71078,9
13.00963974,80.2270278931,71078,71089,11
13.0101699829,80.2259063721,71089,71100,11
13.0107297897,80.224822998,71100,71110,10
13.0110797882,80.2239303589,71110,71121,11
13.0114202499,80.2230834961,71121,71131,10
13.0116701126,80.2223129272,71131,71141,10
13.0120601654,80.2215194702,71141,71151,10
13.0123996735,80.2217407227,71151,71161,10
13.0129203796,80.2224197388,71161,71171,10
13.0134000778,80.2229309082,71171,71181,10
13.0139598846,80.2235412598,71181,71191,10
13.0144500732,80.2241592407,71191,71202,11
13.0150203705,80.2247085571,71202,71212,10
13.0153102875,80.2249298096,71212,71222,10
13.0154104233,80.2249984741,71222,71232,10
13.0156002045,80.2251815796,71232,71241,9
13.0157299042,80.2253036499,71241,71252,11
13.016289711,80.2254486084,71252,71262,10
13.0172300339,80.2251434326,71262,71272,10
13.0183000565,80.2247161865,71272,71282,10
13.0192298889,80.2244415283,71282,71292,10
13.0196800232,80.2245864868,71292,71302,10
13.0200195313,80.224822998,71302,71313,11
13.0206403732,80.2252578735,71313,71323,10
13.0212097168,80.2257232666,71323,71333,10
13.0218601227,80.2262268066,71333,71343,10
13.0224199295,80.2266387939,71343,71353,10
13.0225496292,80.2267837524,71353,71363,10
13.022649765,80.2267990112,71363,71373,10
13.0230703354,80.2271881104,71373,71383,10
13.0235795975,80.2276916504,71383,71393,10
13.0240802765,80.2282028198,71393,71404,11
13.0242700577,80.2284469604,71404,71414,10
13.0245599747,80.2288894653,71414,71424,10
13.0249099731,80.2293930054,71424,71434,10
13.0253601074,80.2299804688,71434,71444,10
13.0257701874,80.2306594849,71444,71454,10
13.025970459,80.2312393188,71454,71464,10
13.0261001587,80.2317810059,71464,71474,10
13.0263700485,80.2326812744,71474,71485,11
13.026889801,80.2337036133,71485,71495,10
13.0274600983,80.2346496582,71495,71505,10
13.0279998779,80.2355804443,71505,71515,10
13.0287399292,80.2364196777,71515,71525,10
13.0294103622,80.237159729,71525,71535,10
13.0300302505,80.2380065918,71535,71545,10
13.0304403305,80.2386627197,71545,71555,10
13.0307598114,80.2392196655,71555,71565,10
13.0309696198,80.2395629883,71565,71576,11
13.0311403275,80.2398834229,71576,71586,10
13.0312299728,80.2400283813,71586,71596,10
13.0313901901,80.2404098511,71596,71606,10
13.0314598083,80.2409210205,71606,71616,10
13.0316400528,80.2412719727,71616,71626,10
13.0318403244,80.2416992188,71626,71636,10
13.0321702957,80.2422714233,71636,71646,10
13.0326404572,80.2427978516,71646,71656,10
13.0333595276,80.2437896729,71656,71667,11
13.034040451,80.2446899414,71667,71677,10
13.0345497131,80.2453613281,71677,71687,10
13.0350103378,80.2459030151,71687,71697,10
13.0353803635,80.2461013794,71697,71707,10
13.0354795456,80.2461471558,71707,71717,10
13.035779953,80.2462387085,71717,71727,10
13.0360803604,80.2463912964,71727,71737,10
13.0368003845,80.2465286255,71737,71747,10
13.0374403,80.2464370728,71747,71757,10
13.0381603241,80.2466201782,71757,71768,11
13.0389099121,80.2468490601,71768,71828,60
13.0389099121,80.2468490601,71828,71838,10
13.0392198563,80.246963501,71838,71848,10
13.0396795273,80.2470932007,71848,71859,11
13.0406398773,80.247253418,71859,71869,10
13.0417098999,80.247428894,71869,71879,10
13.0421104431,80.2475585938,71879,71889,10
13.042599678,80.2477722168,71889,71899,10
13.0433101654,80.248008728,71899,71909,10
13.0440502167,80.2479400635,71909,71918,9
13.0446996689,80.2480621338,71918,71929,11
13.04529953,80.2483215332,71929,71939,10
13.0460195541,80.2485580444,71939,71950,11
13.0468397141,80.2484664917,71950,71960,10
13.0469999313,80.2484588623,71960,71970,10
13.0471000671,80.2484970093,71970,71980,10
13.0475702286,80.2488632202,71980,71990,10
13.048210144,80.249458313,71990,72000,10
13.0488195419,80.2497177124,72000,72010,10
13.0495996475,80.2498321533,72010,72020,10
13.0506601334,80.2500610352,72020,72030,10
13.0517396927,80.2504730225,72030,72041,11
13.0525999069,80.251449585,72041,72051,10
13.0533599854,80.2524490356,72051,72061,10
13.0540304184,80.2533874512,72061,72071,10
13.0547800064,80.2543716431,72071,72081,10
13.0553598404,80.2551422119,72081,72091,10
13.0558395386,80.2558135986,72091,72101,10
13.0562601089,80.256362915,72101,72111,10
13.0566596985,80.2567596436,72111,72121,10
13.0572595596,80.2572784424,72121,72132,11
13.0578899384,80.2578735352,72132,72142,10
13.0581197739,80.2581634521,72142,72152,10
13.0582799911,80.2583618164,72152,72162,10
13.058719635,80.2589416504,72162,72172,10
13.0591602325,80.2596511841,72172,72182,10
13.059709549,80.2602233887,72182,72192,10
13.0602703094,80.2607498169,72192,72202,10
13.060500145,80.2609863281,72202,72212,10
13.0605297089,80.2610321045,72212,72223,11
13.0607795715,80.261428833,72223,72233,10
13.0612802505,80.2620010376,72233,72243,10
13.0616502762,80.2624130249,72243,72253,10
13.0621299744,80.2630386353,72253,72263,10
13.0626401901,80.2637329102,72263,72273,10
13.0631399155,80.2643737793,72273,72283,10
13.0636100769,80.2650985718,72283,72293,10
13.0639696121,80.2656097412,72293,72303,10
13.0644302368,80.2661590576,72303,72313,10
13.0648803711,80.2667388916,72313,72324,11
13.0654602051,80.2671966553,72324,72334,10
13.0656204224,80.2673492432,72334,72344,10
13.0657501221,80.2675476074,72344,72354,10
13.0661296844,80.2680206299,72354,72370,16
13.0665597916,80.268409729,72370,72382,12
13.0670795441,80.2687225342,72382,72392,10
13.0676803589,80.2690811157,72392,72402,10
13.0681800842,80.2694320679,72402,72413,11
13.0681800842,80.2700195313,72413,72423,10
13.0681200027,80.2707977295,72423,72433,10
13.068110466,80.2714004517,72433,72443,10
13.0684499741,80.2717666626,72443,72453,10
13.0689897537,80.2720108032,72453,72463,10
13.0694999695,80.2725067139,72463,72473,10
13.070019722,80.2730636597,72473,72483,10
13.0705299377,80.2737121582,72483,72493,10
13.0709495544,80.2740478516,72493,72503,10
13.0709600449,80.2740631104,72503,72514,11
13.0712604523,80.2742004395,72514,72524,10
13.071969986,80.2746582031,72524,72534,10
13.0727596283,80.2754974365,72534,72544,10
13.0734195709,80.2761764526,72544,72554,10
13.0736703873,80.2763595581,72554,72564,10
13.0743198395,80.2763671875,72564,72574,10
13.0750799179,80.2763366699,72574,72584,10
13.0757703781,80.2763366699,72584,72595,11
13.0765104294,80.2763137817,72595,72605,10
13.0772399902,80.2762374878,72605,72615,10
13.0780696869,80.2761077881,72615,72625,10
13.078379631,80.2753601074,72625,72635,10
13.0790500641,80.2752075195,72635,72645,10
13.0798101425,80.2753295898,72645,72655,10
13.0806703568,80.2752380371,72655,72665,10
13.0811595917,80.2751922607,72665,72675,10
13.0815296173,80.2751693726,72675,72685,10
13.0817604065,80.2752609253,72685,72696,11
13.0818996429,80.2755737305,72696,72726,30
13.0818996429,80.2755737305,72726,72742,16
13.0819396973,80.2758712769,72742,72754,12
13.0817804337,80.2761764526,72754,72764,10
13.0818500519,80.2767791748,72764,72773,9
13.0819196701,80.2774734497,72773,72784,11
13.0821800232,80.2780838013,72784,72795,11
13.0828104019,80.2780838013,72795,72806,11
13.0832700729,80.278137207,72806,72816,10
13.083439827,80.2785415649,72816,72824,8
13.0834798813,80.2789916992,72824,72836,12
13.0825395584,80.278717041,72836,72856,20
13.0825395584,80.278717041,72856,72866,10
13.0822496414,80.2786026001,72866,72877,11
13.081990242,80.278427124,72877,72887,10
13.0819101334,80.2780685425,72887,72897,10
13.0818195343,80.2774200439,72897,72907,10
13.0816898346,80.2765197754,72907,72930,23
13.0812501907,80.2752532959,72930,72942,12
13.0805597305,80.2753295898,72942,72952,10
13.0799598694,80.2753982544,72952,72962,10
13.0795497894,80.2753601074,72962,72973,11
13.0789299011,80.2752532959,72973,72983,10
13.0783395767,80.2754821777,72983,72992,9
13.0780897141,80.2761383057,72992,73003,11
13.0773496628,80.2763214111,73003,73013,10
13.0767498016,80.2763595581,73013,73023,10
13.0759601593,80.2763824463,73023,73043,20
13.0759601593,80.2763824463,73043,73053,10
13.0758600235,80.2760772705,73053,73064,11
13.0762701035,80.2758636475,73064,73316,252
13.0764503479,80.2760391235,73316,73407,91
13.0762996674,80.2759170532,73407,74450,1043
13.0762996674,80.2759170532,74450,74460,10
13.0761804581,80.2758865356,74460,74470,10
13.0759801865,80.275428772,74470,74480,10
13.0756101608,80.2749633789,74480,74490,10
13.0752296448,80.2750778198,74490,74500,10
13.0750999451,80.2751693726,74500,74510,10
13.0749597549,80.2753601074,74510,74520,10
