12.988240242,80.2238616943,12,8265,8253
12.9882202148,80.2238693237,8265,16786,8521
12.9882202148,80.2238693237,16786,16796,10
12.9884595871,80.2235107422,16796,22038,5242
12.9884595871,80.2235107422,22038,22048,10
12.9885196686,80.2234268188,22048,22058,10
12.9887800217,80.2233200073,22058,22068,10
12.9892101288,80.2234115601,22068,22078,10
12.9894695282,80.2238693237,22078,22088,10
12.9895200729,80.2244567871,22088,22098,10
12.9897203445,80.2250976563,22098,22109,11
12.9901199341,80.2259521484,22109,22119,10
12.9900798798,80.2266082764,22119,22129,10
12.9902296066,80.2274398804,22129,22139,10
12.9904203415,80.2283782959,22139,22149,10
12.9906196594,80.229057312,22149,22159,10
12.9908399582,80.2299575806,22159,22169,10
12.9909200668,80.2309036255,22169,22179,10
12.9910001755,80.2315216064,22179,22189,10
12.9910802841,80.2324676514,22189,22199,10
12.9913101196,80.2331924438,22199,22209,10
12.9917697906,80.2336883545,22209,22220,11
12.9923400879,80.233757019,22220,22230,10
12.9931297302,80.2339630127,22230,22240,10
12.9936304092,80.2342834473,22240,22250,10
12.9941797256,80.2346801758,22250,22260,10
12.9949903488,80.2351379395,22260,22276,16
12.9959497452,80.2359237671,22276,22288,12
12.9966402054,80.2370834351,22288,22298,10
12.9969997406,80.237739563,22298,22308,10
12.9974403381,80.2383880615,22308,22319,11
12.9979696274,80.2389221191,22319,22329,10
12.9986801147,80.2391891479,22329,22339,10
12.9993000031,80.2393493652,22339,22349,10
13.0001497269,80.2395095825,22349,22359,10
13.0010204315,80.2396316528,22359,22369,10
13.0016002655,80.2397689819,22369,22379,10
13.0023899078,80.240020752,22379,22389,10
13.0030698776,80.2402420044,22389,22399,10
13.003660202,80.240852356,22399,22409,10
13.0040798187,80.2417297363,22409,22420,11
13.0050897598,80.2418365479,22420,22430,10
13.0058403015,80.241859436,22430,22440,10
13.0059604645,80.2422866821,22440,22450,10
13.0057201385,80.2423324585,22450,22470,20
13.0057201385,80.2423324585,22470,22480,10
13.0055303574,80.2421417236,22480,22490,10
13.0050897598,80.2418365479,22490,22500,10
13.0042495728,80.2418365479,22500,22510,10
13.0037899017,80.2411575317,22510,22521,11
13.0031604767,80.2403030396,22521,22531,10
13.0028495789,80.2401885986,22531,22541,10
13.0023202896,80.2400131226,22541,22551,10
13.0015001297,80.239730835,22551,22561,10
13.0008602142,80.2396011353,22561,22571,10
13.0000295639,80.2394790649,22571,22580,9
12.9991998672,80.2393264771,22580,22592,12
12.9984703064,80.2391204834,22592,22602,10
12.9978599548,80.2387924194,22602,22612,10
12.9973802567,80.2381973267,22612,22622,10
12.9969100952,80.237487793,22622,22633,11
12.9964199066,80.2365875244,22633,22643,10
12.9958000183,80.2356719971,22643,22653,10
12.9951601028,80.2351989746,22653,22663,10
12.9946298599,80.23487854,22663,22673,10
12.9938097,80.2343597412,22673,22683,10
12.9933900833,80.2340621948,22683,22693,10
12.9929103851,80.2338562012,22693,22703,10
12.9920902252,80.2337265015,22703,22713,10
12.991809845,80.2337493896,22713,22724,11
12.9917001724,80.2337722778,22724,22734,10
12.9913797379,80.2333984375,22734,22744,10
12.9912395477,80.2329177856,22744,22754,10
12.9909896851,80.2321166992,22754,22764,10
12.9909000397,80.2311096191,22764,22774,10
12.9908599854,80.2304763794,22774,22784,10
12.9907197952,80.2294692993,22784,22794,10
12.9905099869,80.228729248,22794,22804,10
12.9903297424,80.2281265259,22804,22814,10
12.9901800156,80.2274475098,22814,22825,11
12.9901399612,80.2269973755,22825,22835,10
12.9900598526,80.2263412476,22835,22845,10
12.9900302887,80.2255935669,22845,22855,10
12.9896097183,80.224822998,22855,22865,10
12.9894895554,80.2240600586,22865,22875,10
12.9892997742,80.2234802246,22875,22885,10
12.9887304306,80.2233200073,22885,22895,10
12.988360405,80.2233505249,22895,22915,20
12.988360405,80.2233505249,22915,22926,11
12.9888000488,80.2233200073,22926,22936,10
12.9893398285,80.2235412598,22936,22946,10
12.9894800186,80.2240829468,22946,22956,10
12.9896001816,80.2248535156,22956,22966,10
12.9900102615,80.2255783081,22966,22974,8
12.9900398254,80.2262420654,22974,22986,12
12.9901304245,80.2269287109,22986,22995,9
12.9899501801,80.2277069092,22995,23006,11
12.9893102646,80.2281036377,23006,23017,11
12.9888095856,80.2287826538,23017,23027,10
12.9886398315,80.2292327881,23027,23036,9
12.9884395599,80.2297363281,23036,23047,11
12.9882097244,80.2303924561,23047,23057,10
12.9879903793,80.2309494019,23057,23067,10
12.987739563,80.2315216064,23067,23077,10
12.9875402451,80.2322311401,23077,23087,10
12.9874801636,80.2328796387,23087,23097,10
12.9874296188,80.2332229614,23097,23107,10
12.9869403839,80.2332687378,23107,23117,10
12.9864597321,80.233291626,23117,23128,11
12.9861297607,80.2336807251,23128,23138,10
12.9861497879,80.2342681885,23138,23148,10
12.9863595963,80.2349624634,23148,23158,10
12.9865598679,80.2356262207,23158,23168,10
12.9865598679,80.2362365723,23168,23178,10
12.986579895,80.2370300293,23178,23188,10
12.9866399765,80.2379989624,23188,23198,10
12.9866104126,80.2383880615,23198,24242,1044
12.9866104126,80.2383880615,24242,24252,10
12.9866399765,80.2382202148,24252,24262,10
12.9866304398,80.2376480103,24262,24272,10
12.9865999222,80.2369232178,24272,24282,10
12.986579895,80.2362976074,24282,24292,10
12.9865503311,80.2356796265,24292,24302,10
12.9864797592,80.2352828979,24302,24312,10
12.9863500595,80.234992981,24312,24322,10
12.9861402512,80.2341003418,24322,24333,11
12.9861402512,80.2334136963,24333,24343,10
12.9866600037,80.2332992554,24343,24353,10
12.986700058,80.2332763672,24353,24363,10
12.9872198105,80.2332611084,24363,24373,10
12.9874401093,80.2328796387,24373,24383,10
12.9875602722,80.2320022583,24383,24393,10
12.9879198074,80.2310409546,24393,24402,9
12.9883098602,80.2300720215,24402,24412,10
12.9885501862,80.2294387817,24412,24423,11
12.9888801575,80.2285308838,24423,24434,11
12.989279747,80.2281570435,24434,24444,10
12.989859581,80.2278289795,24444,24454,10
12.9901800156,80.2273330688,24454,24464,10
12.9900503159,80.2265014648,24464,24474,10
12.9897003174,80.2251281738,24474,24484,10
12.9897003174,80.2251281738,24484,24494,10
12.9895296097,80.2245025635,24494,24504,10
12.9894800186,80.2238082886,24504,24514,10
12.9890403748,80.2233886719,24514,24524,10
12.9885101318,80.2234191895,24524,24535,11
12.9883699417,80.2233581543,24535,24545,10
12.9883804321,80.2233276367,24545,24555,10
12.9888296127,80.2233505249,24555,24564,9
12.9893102646,80.2235183716,24564,24574,10
12.9894800186,80.2240524292,24574,24585,11
12.9895601273,80.2248001099,24585,24595,10
12.9898996353,80.2254486084,24595,24605,10
12.9900302887,80.2263793945,24605,24616,11
12.9901304245,80.2271499634,24616,24626,10
12.9902000427,80.2276306152,24626,24637,11
12.9903802872,80.2283172607,24637,24647,10
12.9905796051,80.2289810181,24647,24657,10
12.990819931,80.2298812866,24657,24667,10
12.9908895493,80.2308425903,24667,24677,10
12.9909200668,80.2314376831,24677,24687,10
12.9910402298,80.2323684692,24687,24697,10
12.9912204742,80.2330474854,24697,24707,10
12.9916496277,80.2336578369,24707,24717,10
12.9918203354,80.2337188721,24717,24728,11
12.9923601151,80.2337722778,24728,24737,9
12.9931097031,80.2339477539,24737,24748,11
12.9936304092,80.2342376709,24748,24758,10
12.9939002991,80.2344512939,24758,24768,10
12.994310379,80.2347106934,24768,24778,10
12.99518013,80.2351913452,24778,24788,10
12.9956798553,80.2355575562,24788,24798,10
12.9960298538,80.2359237671,24798,24808,10
12.9961299896,80.2360687256,24808,24818,10
12.996509552,80.2368392944,24818,24828,10
12.9970302582,80.2376785278,24828,24839,11
12.9975404739,80.2384567261,24839,24849,10
12.9980297089,80.2389602661,24849,24859,10
12.9982404709,80.2390365601,24859,24869,10
12.9985599518,80.239151001,24869,24879,10
12.9991703033,80.2393188477,24879,24889,10
12.9997396469,80.2394485474,24889,24899,10
13.0010004044,80.2396316528,24899,24909,10
13.0016202927,80.2397766113,24909,24919,10
13.0024003983,80.2400436401,24919,24929,10
13.0025396347,80.2400665283,24929,24940,11
13.0029201508,80.240196228,24940,24950,10
13.0035600662,80.2406005859,24950,24960,10
13.0039901733,80.241569519,24960,24970,10
13.0048303604,80.2418365479,24970,24980,10
13.0057201385,80.2418365479,24980,24990,10
13.0059995651,80.2421875,24990,25000,10
13.0056695938,80.2423019409,25000,26192,1192
13.0056695938,80.2423019409,26192,26202,10
13.005610466,80.2422409058,26202,26212,10
13.005279541,80.241897583,26212,26222,10
13.0047903061,80.2418670654,26222,26232,10
13.0039997101,80.2416763306,26232,26242,10
13.0036697388,80.2408370972,26242,26253,11
13.0029096603,80.240196228,26253,26263,10
13.0022001266,80.2399520874,26263,26273,10
13.0013599396,80.239692688,26273,26283,10
13.000670433,80.2395477295,26283,26293,10
12.9996700287,80.2394104004,26293,26303,10
12.9989299774,80.2392272949,26303,26313,10
12.9982004166,80.2390289307,26313,26322,9
12.997759819,80.2387084961,26322,26333,11
12.9972000122,80.2378997803,26333,26343,10
12.9968395233,80.2373199463,26343,26354,11
12.996339798,80.2364196777,26354,26364,10
12.996219635,80.2362289429,26364,26374,10
12.9956903458,80.2356033325,26374,26384,10
12.9951095581,80.2351989746,26384,26394,10
12.9944000244,80.2347793579,26394,26404,10
12.9940099716,80.2345504761,26404,26414,10
12.993929863,80.2344589233,26414,26424,10
12.9935398102,80.234161377,26424,26434,10
12.9930696487,80.2339172363,26434,26444,10
12.9918298721,80.233757019,26444,26465,21
12.9918298721,80.233757019,26465,26475,10
12.9914798737,80.2337493896,26475,26485,10
12.9913396835,80.2331771851,26485,26495,10
12.9911603928,80.2326126099,26495,26511,16
12.9910202026,80.2317581177,26511,26523,12
12.9909696579,80.231552124,26523,26533,10
12.9909200668,80.2309417725,26533,26543,10
12.9908504486,80.2301864624,26543,26553,10
12.990819931,80.2298583984,26553,26564,11
12.9905996323,80.2289886475,26564,26574,10
12.9904203415,80.2284088135,26574,26584,10
12.9901199341,80.2266998291,26584,26594,10
12.9901199341,80.2266998291,26594,26604,10
12.9901199341,80.2261734009,26604,26614,10
12.9898500443,80.2253265381,26614,26624,10
12.9896001816,80.2246627808,26624,26634,10
12.9895200729,80.2243804932,26634,26644,10
12.9895296097,80.2240219116,26644,26654,10
12.9892702103,80.2234725952,26654,26665,11
12.988360405,80.2233581543,26665,26695,30
12.988360405,80.2233581543,26695,26705,10
12.9886903763,80.2233200073,26705,26715,10
12.9892396927,80.223449707,26715,26725,10
12.9894800186,80.2239532471,26725,26735,10
12.9895601273,80.2245864868,26735,26745,10
12.9899396896,80.225402832,26745,26755,10
12.9900503159,80.2263412476,26755,26766,11
12.9902200699,80.2270965576,26766,26776,10
12.9898395538,80.2278137207,26776,26786,10
12.9892196655,80.2281723022,26786,26796,10
12.9887199402,80.2290496826,26796,26806,10
12.9884500504,80.2297363281,26806,26815,9
12.9881496429,80.2305221558,26815,26826,11
12.9875602722,80.2319717407,26826,26836,10
12.9874601364,80.2330780029,26836,26846,10
12.9869499207,80.2333221436,26846,26856,10
12.986700058,80.2333526611,26856,26867,11
12.9863300323,80.2333602905,26867,26877,10
12.9861698151,80.23387146,26877,26887,10
12.986289978,80.2345428467,26887,26895,8
12.9865503311,80.2351989746,26895,26907,12
12.9865503311,80.2352218628,26907,26917,10
12.9865598679,80.2352828979,26917,26927,10
12.9866199493,80.2358779907,26927,26937,10
12.9866504669,80.2366790771,26937,26947,10
12.9866600037,80.2373580933,26947,26957,10
12.9866895676,80.2383728027,26957,26969,12
12.9866399765,80.2383804321,26969,27827,858
12.9866399765,80.2383804321,27827,27837,10
12.9866504669,80.2380599976,27837,27847,10
12.9866504669,80.2376098633,27847,27857,10
12.9866399765,80.2373504639,27857,27867,10
12.9866304398,80.2371368408,27867,27878,11
12.9866104126,80.2366867065,27878,27888,10
12.9865903854,80.2359390259,27888,27897,9
12.9865503311,80.2353973389,27897,27908,11
12.986530304,80.2353363037,27908,27918,10
12.9864902496,80.2352371216,27918,27928,10
12.986240387,80.2346572876,27928,27938,10
12.986120224,80.2339019775,27938,27948,10
12.9862499237,80.2333526611,27948,27958,10
12.986700058,80.2333068848,27958,27968,10
12.9868297577,80.2333221436,27968,27979,11
12.9874095917,80.2331619263,27979,27989,10
12.9874696732,80.2325820923,27989,27999,10
12.9876899719,80.231628418,27999,28009,10
12.9880599976,80.230682373,28009,28019,10
12.9882802963,80.2300491333,28019,28029,10
12.9884300232,80.2297210693,28029,28039,10
12.9886598587,80.2290725708,28039,28049,10
12.9892301559,80.2281799316,28049,28059,10
12.9899301529,80.2277603149,28059,28069,10
12.9901599884,80.2273864746,28069,28080,11
12.9900398254,80.2265014648,28080,28090,10
12.9901199341,80.2258682251,28090,28100,10
12.9896697998,80.2250289917,28100,28110,10
12.9895000458,80.2242507935,28110,28120,10
12.9893798828,80.2235794067,28120,28130,10
12.988940239,80.2233581543,28130,28140,10
12.9883499146,80.2233581543,28140,28160,20
12.9883499146,80.2233581543,28160,28170,10
12.9886302948,80.2233734131,28170,28181,11
12.9892501831,80.223487854,28181,28191,10
12.9894800186,80.223991394,28191,28201,10
12.9895601273,80.2246017456,28201,28211,10
12.9898395538,80.225227356,28211,28221,10
12.990070343,80.2261810303,28221,28231,10
12.9901599884,80.2268295288,28231,28242,11
12.9903001785,80.227897644,28242,28252,10
12.9905996323,80.2289886475,28252,28262,10
12.9908399582,80.229927063,28262,28273,11
12.9909095764,80.2309875488,28273,28283,10
12.9909801483,80.2316513062,28283,28293,10
12.9910202026,80.232093811,28293,28303,10
12.9912099838,80.2327880859,28303,28313,10
12.9914703369,80.2334365845,28313,28323,10
12.9919900894,80.2336883545,28323,28333,10
12.9921703339,80.2337188721,28333,28343,10
12.992939949,80.2338562012,28343,28353,10
12.993519783,80.2341766357,28353,28363,10
12.9939002991,80.2344589233,28363,28373,10
12.9941396713,80.23462677,28373,28384,11
12.9949903488,80.2351074219,28384,28394,10
12.9955797195,80.2355194092,28394,28404,10
12.9960403442,80.2359695435,28404,28420,16
12.9966697693,80.2370223999,28420,28432,12
12.9971599579,80.2378921509,28432,28442,10
12.997759819,80.2386932373,28442,28452,10
12.9982500076,80.2390289307,28452,28462,10
12.9983501434,80.2390594482,28462,28472,10
12.9984998703,80.2390899658,28472,28482,10
12.9991197586,80.2393035889,28482,28493,11
12.9999103546,80.2394790649,28493,28503,10
13.0010595322,80.2396316528,28503,28513,10
13.0016698837,80.2397766113,28513,28523,10
13.0024700165,80.2400436401,28523,28533,10
13.0032596588,80.2403030396,28533,28543,10
13.0038204193,80.2411270142,28543,28553,10
13.0043296814,80.2418365479,28553,28563,10
13.0053901672,80.2418289185,28563,28573,10
13.0060100555,80.2420806885,28573,28584,11
13.0057096481,80.2422332764,28584,29695,1111
13.0057096481,80.2422332764,29695,29705,10
13.0055103302,80.2420730591,29705,29715,10
13.0051498413,80.2418136597,29715,29725,10
13.0043497086,80.2418365479,29725,29735,10
13.0038299561,80.2412796021,29735,29745,10
13.0033903122,80.2404022217,29745,29755,10
13.0024700165,80.2400665283,29755,29765,10
13.0018100739,80.2398605347,29765,29774,9
13.0010700226,80.2396469116,29774,29786,12
13.0001001358,80.2395324707,29786,29795,9
12.9992599487,80.239402771,29795,29807,12
12.9991798401,80.2393798828,29807,29817,10
12.9989595413,80.2393035889,29817,29827,10
12.9981403351,80.2390213013,29827,29837,10
12.9976596832,80.2386627197,29837,29847,10
12.9970903397,80.2378234863,29847,29856,9
12.9967699051,80.2372817993,29856,29867,11
12.996339798,80.2364425659,29867,29877,10
12.9962100983,80.2362213135,29877,29887,10
12.9956102371,80.2355270386,29887,29897,10
12.995059967,80.2351379395,29897,29908,11
12.9941902161,80.23462677,29908,29918,10
12.9939603806,80.2344818115,29918,29928,10
12.9936599731,80.2342529297,29928,29938,10
12.9931201935,80.2339401245,29938,29948,10
12.991809845,80.2337417603,29948,29968,20
12.991809845,80.2337417603,29968,29978,10
12.9917097092,80.2337188721,29978,29988,10
12.9913597107,80.2333297729,29988,29998,10
12.9911804199,80.2327880859,29998,30009,11
12.9909601212,80.231880188,30009,30019,10
12.9908895493,80.2310714722,30019,30029,10
12.9908504486,80.2304077148,30029,30039,10
12.9906902313,80.2293930054,30039,30049,10
12.990480423,80.2286605835,30049,30059,10
12.9902496338,80.2278671265,30059,30069,10
12.9901800156,80.2273712158,30069,30079,10
12.9901599884,80.227142334,30079,30089,10
12.9900398254,80.2264328003,30089,30099,10
12.9900197983,80.2256164551,30099,30110,11
12.9896001816,80.2247390747,30110,30120,10
12.9895000458,80.2239685059,30120,30130,10
12.9892396927,80.223449707,30130,30140,10
12.988650322,80.2233581543,30140,30149,9
12.9883499146,80.2233581543,30149,30190,41
12.9883499146,80.2233581543,30190,30200,10
12.9886198044,80.2233276367,30200,30211,11
12.9890699387,80.2233505249,30211,30221,10
12.9894800186,80.2237091064,30221,30231,10
12.9895000458,80.2240829468,30231,30241,10
12.9895401001,80.2245025635,30241,30251,10
12.9896297455,80.2248916626,30251,30261,10
12.9898195267,80.2252426147,30261,30271,10
12.9900302887,80.2255706787,30271,30281,10
12.9900999069,80.226020813,30281,30291,10
12.990070343,80.2263565063,30291,30301,10
12.9901399612,80.2267990112,30301,30312,11
12.9901800156,80.2274475098,30312,30322,10
12.9898996353,80.2277297974,30322,30332,10
12.9894199371,80.2280502319,30332,30342,10
12.9887504578,80.2289581299,30342,30352,10
12.988409996,80.2298126221,30352,30362,10
12.9880695343,80.2307128906,30362,30372,10
12.9876298904,80.2319412231,30372,30382,10
12.9875097275,80.2330093384,30382,30392,10
12.9871501923,80.2332992554,30392,30402,10
12.9864797592,80.2333526611,30402,30413,11
12.986120224,80.2338180542,30413,30423,10
12.9861803055,80.2344665527,30423,30433,10
12.9864997864,80.2352523804,30433,30443,10
12.9864997864,80.2352676392,30443,30453,10
12.9865398407,80.2354125977,30453,30463,10
12.986579895,80.2359390259,30463,30473,10
12.9865999222,80.2367935181,30473,30483,10
12.9866304398,80.237411499,30483,30493,10
12.9866600037,80.2383575439,30493,30503,10
12.9865598679,80.2385025024,30503,30625,122
12.9865999222,80.2384109497,30625,31463,838
12.9865999222,80.2384109497,31463,31473,10
12.9866800308,80.2380371094,31473,31483,10
12.9866504669,80.2375106812,31483,31493,10
12.9866199493,80.2368392944,31493,31503,10
12.9865903854,80.2360916138,31503,31513,10
12.9864997864,80.2353134155,31513,31534,21
12.9864997864,80.2353134155,31534,31544,10
12.9864797592,80.2352828979,31544,31554,10
12.9862203598,80.2347183228,31554,31564,10
12.9861001968,80.2339630127,31564,31574,10
12.9861602783,80.2334213257,31574,31584,10
12.9868202209,80.2333221436,31584,31594,10
12.9874000549,80.2331924438,31594,31604,10
12.9874601364,80.2326507568,31604,31614,10
12.9876499176,80.2316818237,31614,31624,10
12.9880895615,80.2305526733,31624,31634,10
12.9883003235,80.2300262451,31634,31645,11
12.9884195328,80.2297210693,31645,31655,10
12.9886703491,80.229019165,31655,31665,10
12.9891796112,80.2281570435,31665,31675,10
12.9898300171,80.2277832031,31675,31685,10
12.9901504517,80.2272796631,31685,31695,10
12.9899997711,80.2264785767,31695,31705,10
12.9900503159,80.2257919312,31705,31715,10
12.9896097183,80.2249679565,31715,31725,10
12.9894695282,80.2241592407,31725,31735,10
12.9892902374,80.2235336304,31735,31746,11
12.9886798859,80.2233200073,31746,31756,10
12.9883403778,80.2233428955,31756,31796,40
12.9883403778,80.2233428955,31796,31806,10
12.9885196686,80.2232971191,31806,31816,10
12.9890899658,80.2233505249,31816,31826,10
12.9894895554,80.2237701416,31826,31836,10
12.9895200729,80.2243728638,31836,31847,11
12.9897899628,80.2251815796,31847,31857,10
12.9900903702,80.2260665894,31857,31867,10
12.9900999069,80.2266998291,31867,31877,10
12.9902696609,80.2277526855,31877,31887,10
12.9905500412,80.2287979126,31887,31897,10
12.9907598495,80.2295837402,31897,31907,10
12.9908704758,80.2302017212,31907,31917,10
12.9909000397,80.2307891846,31917,31927,10
12.990940094,80.2313690186,31927,31938,11
12.9910497665,80.2323989868,31938,31948,10
12.9912900925,80.2331390381,31948,31958,10
12.991689682,80.2336425781,31958,31968,10
12.9918298721,80.2337188721,31968,31978,10
12.9919204712,80.2337265015,31978,31988,10
12.992389679,80.233757019,31988,31998,10
12.9930295944,80.2339096069,31998,32008,10
12.9935102463,80.2341690063,32008,32018,10
12.9939002991,80.2344665527,32018,32028,10
12.9939098358,80.2344818115,32028,32038,10
12.9942998886,80.2347183228,32038,32049,11
12.9951496124,80.2351989746,32049,32059,10
12.9956598282,80.2355728149,32059,32069,10
12.9960298538,80.2359466553,32069,32079,10
12.9961795807,80.2361602783,32079,32089,10
12.9966402054,80.2369613647,32089,32099,10
12.9970798492,80.2377319336,32099,32109,10
12.9975996017,80.2384872437,32109,32119,10
12.9981298447,80.2389373779,32119,32129,10
12.9987297058,80.2391586304,32129,32140,11
12.9987401962,80.2391586304,32140,32150,10
12.99903965,80.2392425537,32150,32160,10
12.9996595383,80.2393798828,32160,32170,10
13.0007200241,80.2395401001,32170,32180,10
13.0013504028,80.2396621704,32180,32190,10
13.0019598007,80.2398300171,32190,32200,10
13.0024299622,80.239982605,32200,32210,10
13.0026102066,80.2400436401,32210,32220,10
13.0032396317,80.2402496338,32220,32230,10
13.0037698746,80.2409820557,32230,32240,10
13.004240036,80.2418136597,32240,32251,11
13.0053300858,80.2418289185,32251,32261,10
13.005979538,80.2423019409,32261,32301,40
13.005979538,80.2423019409,32301,32311,10
13.0055799484,80.2422485352,32311,33210,899
13.0055799484,80.2422485352,33210,33220,10
13.0055103302,80.2419891357,33220,33230,10
13.0051202774,80.2417373657,33230,33240,10
13.0042896271,80.2417678833,33240,33250,10
13.0037899017,80.2411804199,33250,33260,10
13.003279686,80.2403182983,33260,33271,11
13.0024299622,80.2399978638,33271,33281,10
13.0017900467,80.2397689819,33281,33291,10
13.0010900497,80.2395935059,33291,33301,10
13.0003004074,80.2395019531,33301,33311,10
12.9993801117,80.2393798828,33311,33321,10
12.9991998672,80.2393264771,33321,33331,10
12.9987802505,80.2392196655,33331,33341,10
12.9981203079,80.2389678955,33341,33351,10
12.9976501465,80.238571167,33351,33361,10
12.9970798492,80.237739563,33361,33372,11
12.9962797165,80.2363510132,33372,33392,20
12.9962797165,80.2363510132,33392,33402,10
12.9961099625,80.236076355,33402,33412,10
12.9954595566,80.2354202271,33412,33422,10
12.9949302673,80.2350234985,33422,33432,10
12.9942302704,80.23462677,33432,33442,10
12.9939603806,80.2344818115,33442,33452,10
12.9938402176,80.2343826294,33452,33462,10
12.9933996201,80.234046936,33462,33473,11
12.9927196503,80.2337722778,33473,33483,10
12.9918603897,80.2337188721,33483,33503,20
12.9918603897,80.2337188721,33503,33513,10
12.9916601181,80.233757019,33513,33523,10
12.9913396835,80.2333221436,33523,33533,10
12.9911804199,80.2328262329,33533,33543,10
12.9909696579,80.2319412231,33543,33553,10
12.9909496307,80.2317428589,33553,33563,10
12.9909095764,80.2312164307,33563,33574,11
12.9908599854,80.2304534912,33574,33584,10
12.9907302856,80.2294235229,33584,33594,10
12.9905004501,80.2286529541,33594,33604,10
12.9902601242,80.2278900146,33604,33614,10
12.9901599884,80.2271499634,33614,33624,10
12.9900398254,80.2264404297,33624,33634,10
12.9900903702,80.2257385254,33634,33644,10
12.989689827,80.2250823975,33644,33654,10
12.9895000458,80.2243118286,33654,33664,10
12.9894599915,80.223777771,33664,33674,10
12.9891300201,80.2233505249,33674,33685,11
12.9885797501,80.2232971191,33685,33694,9
12.9884996414,80.2234191895,33694,33705,11
12.9884195328,80.2235794067,33705,33715,10
12.988240242,80.2236862183,33715,33745,30
12.988240242,80.2236862183,33745,33755,10
12.9884300232,80.2235717773,33755,33765,10
12.9883804321,80.2236328125,33765,36170,2405
12.9883804321,80.2236328125,36170,36180,10
12.9885196686,80.2233428955,36180,36220,40
12.9885196686,80.2233428955,36220,36230,10
12.9886302948,80.2232589722,36230,36241,11
12.9891395569,80.2233581543,36241,36251,10
12.9894599915,80.2238616943,36251,36261,10
12.9895095825,80.2244567871,36261,36271,10
12.9897499084,80.2251281738,36271,36281,10
12.9900798798,80.2259521484,36281,36291,10
12.9900598526,80.2260894775,36291,36301,10
12.990070343,80.226600647,36301,36311,10
12.9901800156,80.2273788452,36311,36322,11
12.990240097,80.2276916504,36322,36332,10
12.9904003143,80.2284088135,36332,36343,11
12.9906196594,80.2291107178,36343,36353,10
12.990819931,80.2300415039,36353,36363,10
12.9908504486,80.2303085327,36363,36373,10
12.9908704758,80.2309036255,36373,36383,10
12.9909200668,80.2315826416,36383,36393,10
12.9909801483,80.2319412231,36393,36403,10
12.9910802841,80.2323608398,36403,36413,10
12.9913101196,80.2330474854,36413,36423,10
12.9917201996,80.233581543,36423,36433,10
12.9918203354,80.2336425781,36433,36444,11
12.9919500351,80.2336883545,36444,36454,10
12.9924898148,80.2337493896,36454,36464,10
12.9932203293,80.2339782715,36464,36474,10
12.9939203262,80.2344512939,36474,36494,20
12.9939203262,80.2344512939,36494,36504,10
12.994020462,80.2345428467,36504,36514,10
12.9946203232,80.2348937988,36514,36524,10
12.9953298569,80.2353210449,36524,36534,10
12.9959402084,80.2358169556,36534,36544,10
12.9959697723,80.2358627319,36544,36555,11
12.9962596893,80.2363128662,36555,36565,10
12.9967699051,80.2372436523,36565,36575,10
12.9971399307,80.2378616333,36575,36585,10
12.9977703094,80.2387237549,36585,36595,10
12.9983701706,80.2390518188,36595,36605,10
12.998749733,80.2391891479,36605,36615,10
12.9987897873,80.2392272949,36615,36625,10
12.9992704391,80.2393417358,36625,36635,10
13.0001497269,80.2394866943,36635,36645,10
13.0011501312,80.239616394,36645,36656,11
13.001999855,80.2398605347,36656,36666,10
13.002530098,80.2400283813,36666,36676,10
13.0029001236,80.2401580811,36676,36686,10
13.0036001205,80.2406387329,36686,36696,10
13.0040597916,80.2416687012,36696,36706,10
13.0049295425,80.2418212891,36706,36716,10
13.0059204102,80.241859436,36716,36726,10
13.0056695938,80.2423019409,36726,36777,51
13.0056695938,80.2423019409,36777,36787,10
13.0053501129,80.2419204712,36787,36797,10
13.0047597885,80.2418212891,36797,36807,10
13.0039396286,80.2415618896,36807,36817,10
13.0035104752,80.2405319214,36817,36827,10
13.0026502609,80.2400970459,36827,36843,16
13.0023097992,80.239982605,36843,36855,12
13.0012903214,80.2396621704,36855,36866,11
13.0005197525,80.2395324707,36866,36876,10
12.9994697571,80.2393722534,36876,36886,10
12.9991903305,80.2393035889,36886,36896,10
12.9991397858,80.2392730713,36896,36906,10
12.9986400604,80.2391433716,36906,36916,10
12.9978504181,80.2388076782,36916,36926,10
12.9973897934,80.2382507324,36926,36936,10
12.9968795776,80.2374801636,36936,36946,10
12.9964504242,80.236656189,36946,36956,10
12.9956998825,80.2356109619,36956,36967,11
12.9949703217,80.2350997925,36967,36976,9
12.9943704605,80.2347412109,36976,36987,11
12.993689537,80.2342987061,36987,36997,10
12.993180275,80.2340011597,36997,37006,9
12.9926204681,80.2338027954,37006,37017,11
12.9918003082,80.233757019,37017,37037,20
12.9918003082,80.233757019,37037,37047,10
12.9915704727,80.2337722778,37047,37057,10
12.9913196564,80.2331924438,37057,37068,11
12.9910898209,80.2325897217,37068,37078,10
12.990940094,80.2317504883,37078,37088,10
12.9909601212,80.2316131592,37088,37098,10
12.9908704758,80.2309875488,37098,37108,10
12.990819931,80.2303009033,37108,37118,10
12.990819931,80.2299728394,37118,37128,10
12.9906797409,80.2293014526,37128,37138,10
12.9904603958,80.2286224365,37138,37148,10
12.990240097,80.2278671265,37148,37157,9
12.9901695251,80.2273483276,37157,37169,12
12.9900999069,80.2268829346,37169,37179,10
12.9900598526,80.2261886597,37179,37189,10
12.9898300171,80.2253723145,37189,37199,10
12.9895200729,80.2246398926,37199,37208,9
12.9894599915,80.2239227295,37208,37219,11
12.9890403748,80.2233810425,37219,37229,10
12.9885997772,80.2233200073,37229,37238,9
12.9883403778,80.2233428955,37238,37259,21
12.9883403778,80.2233428955,37259,37270,11
12.9884700775,80.2232971191,37270,37280,10
12.9890403748,80.2233505249,37280,37290,10
12.9894399643,80.223739624,37290,37300,10
12.9894695282,80.2242584229,37300,37310,10
12.989689827,80.2250213623,37310,37320,10
12.9901103973,80.2258377075,37320,37330,10
12.9900798798,80.2264785767,37330,37340,10
12.9901800156,80.2271118164,37340,37350,10
12.9899396896,80.2276763916,37350,37360,10
12.9897499084,80.2278366089,37360,37371,11
12.9890003204,80.2283935547,37371,37381,10
12.9885597229,80.2294311523,37381,37390,9
12.988360405,80.2299728394,37390,37401,11
12.9879798889,80.2309265137,37401,37411,10
12.9875202179,80.2323532104,37411,37421,10
12.9874801636,80.2330627441,37421,37431,10
12.9869098663,80.2332687378,37431,37441,10
12.9865198135,80.2332763672,37441,37451,10
12.9862604141,80.2332992554,37451,37461,10
12.986120224,80.2338562012,37461,37471,10
12.9864797592,80.2351608276,37471,37492,21
12.9864797592,80.2351608276,37492,37502,10
12.9865598679,80.2357177734,37502,37512,10
12.986579895,80.2364120483,37512,37522,10
12.9866104126,80.2371063232,37522,37532,10
12.9866399765,80.2380523682,37532,37542,10
12.9865598679,80.2384414673,37542,38714,1172
12.9865598679,80.2384414673,38714,38724,10
12.9866504669,80.2381286621,38724,38734,10
12.9866104126,80.2373123169,38734,38744,10
12.986579895,80.2367019653,38744,38754,10
12.986530304,80.2359390259,38754,38764,10
12.9864702225,80.2353134155,38764,38774,10
12.9863700867,80.2350463867,38774,38784,10
12.986120224,80.2343292236,38784,38794,10
12.9860601425,80.2336425781,38794,38804,10
12.9864902496,80.2332611084,38804,38815,11
12.9866800308,80.2332763672,38815,38825,10
12.9871997833,80.2332687378,38825,38835,10
12.9874095917,80.2328567505,38835,38845,10
12.9875297546,80.2319717407,38845,38853,8
12.9878396988,80.2311325073,38853,38865,12
12.9883298874,80.2299804688,38865,38875,10
12.9884796143,80.2294921875,38875,38885,10
12.9887800217,80.2286682129,38885,38895,10
12.9895801544,80.2279891968,38895,38905,10
12.9899902344,80.227722168,38905,38916,11
12.9901304245,80.2274169922,38916,38926,10
12.989979744,80.2265930176,38926,38936,10
12.9900503159,80.2259674072,38936,38946,10
12.9896001816,80.2250595093,38946,38956,10
12.9894399643,80.2243728638,38956,38966,10
12.9893598557,80.2236404419,38966,38976,10
12.988820076,80.2233276367,38976,38986,10
12.9883403778,80.2234191895,38986,38996,10
12.9883098602,80.2233505249,38996,39006,10
12.9883403778,80.2233123779,39006,39016,10
12.9888601303,80.2233200073,39016,39028,12
12.9894504547,80.2237319946,39028,39036,8
12.9894695282,80.2241287231,39036,39048,12
12.9896697998,80.2249832153,39048,39058,10
12.9901103973,80.2257537842,39058,39068,10
12.9900503159,80.2264633179,39068,39078,10
12.9902000427,80.2272720337,39078,39088,10
12.9902496338,80.227722168,39088,39098,10
12.9903802872,80.2282409668,39098,39108,10
12.990650177,80.2291488647,39108,39118,10
12.990819931,80.2298812866,39118,39129,11
12.9908599854,80.2302474976,39129,39139,10
12.9909000397,80.2309188843,39139,39149,10
12.9909496307,80.2315292358,39149,39159,10
12.9909801483,80.2320098877,39159,39168,9
12.9910001755,80.2321777344,39168,39179,11
12.9912796021,80.233039856,39179,39189,10
12.9915800095,80.2335586548,39189,39199,10
12.9920396805,80.2336883545,39199,39229,30
12.9920396805,80.2336883545,39229,39240,11
12.9921302795,80.2337265015,39240,39250,10
12.9926996231,80.2338027954,39250,39260,10
12.9933300018,80.2340621948,39260,39270,10
12.9938201904,80.2343826294,39270,39280,10
12.9939098358,80.2344589233,39280,39290,10
12.9941596985,80.2346420288,39290,39300,10
12.9948301315,80.2350387573,39300,39310,10
12.995470047,80.2354278564,39310,39320,10
12.9959402084,80.2358398438,39320,39331,11
12.9961004257,80.2360229492,39331,39341,10
12.9965200424,80.2367706299,39341,39351,10
12.9969902039,80.2376403809,39351,39361,10
12.9974098206,80.2382736206,39361,39371,10
12.9979600906,80.2388687134,39371,39381,10
12.998550415,80.2391204834,39381,39391,10
12.9986600876,80.2391586304,39391,39401,10
12.9989700317,80.2392501831,39401,39411,10
12.9996004105,80.2393798828,39411,39421,10
13.0006504059,80.2395172119,39421,39432,11
13.0014801025,80.2396774292,39432,39442,10
13.0023097992,80.2399520874,39442,39452,10
13.0028400421,80.2401428223,39452,39462,10
13.0035800934,80.2405471802,39462,39472,10
13.0039997101,80.2415618896,39472,39482,10
13.0048799515,80.2418212891,39482,39492,10
13.0057001114,80.2418212891,39492,39502,10
13.005689621,80.2422332764,39502,40613,1111
13.005689621,80.2422332764,40613,40623,10
13.0056295395,80.242149353,40623,40633,10
13.0052404404,80.2418365479,40633,40643,10
13.0050201416,80.2418136597,40643,40653,10
13.0042800903,80.2418212891,40653,40664,11
13.0037097931,80.2409973145,40664,40674,10
13.0030698776,80.2402572632,40674,40684,10
13.0025901794,80.2400970459,40684,40694,10
13.0023202896,80.2400131226,40694,40704,10
13.0015697479,80.2397689819,40704,40714,10
13.0008401871,80.239616394,40714,40724,10
12.9999399185,80.2395019531,40724,40734,10
12.9991903305,80.2393493652,40734,40785,51
12.9991903305,80.2393493652,40785,40795,10
12.9987802505,80.2392196655,40795,40805,10
12.998000145,80.2389297485,40805,40815,10
12.9975700378,80.2386016846,40815,40825,10
12.9970998764,80.2379074097,40825,40835,10
12.9967603683,80.2373504639,40835,40845,10
12.9962997437,80.2365036011,40845,40855,10
12.9956703186,80.2356185913,40855,40865,10
12.9950704575,80.2351913452,40865,40876,11
12.9943399429,80.2347488403,40876,40886,10
12.9939002991,80.2345428467,40886,40896,10
12.9937496185,80.2343978882,40896,40906,10
12.9933595657,80.23412323,40906,40922,16
12.9923496246,80.2337722778,40922,40934,12
12.9918003082,80.2337417603,40934,40944,10
12.9917602539,80.233757019,40944,40954,10
12.9917201996,80.2337799072,40954,40964,10
12.9913597107,80.2336120605,40964,40974,10
12.9912500381,80.2331008911,40974,40985,11
12.9910497665,80.2324829102,40985,40995,10
12.990940094,80.2318115234,40995,41005,10
12.990940094,80.2317733765,41005,41015,10
12.9909601212,80.2316131592,41015,41025,10
12.9908704758,80.2310562134,41025,41035,10
12.9908399582,80.2305221558,41035,41045,10
12.9907999039,80.2300415039,41045,41055,10
12.9907302856,80.229598999,41055,41065,10
12.9905004501,80.2288284302,41065,41075,10
12.9903402328,80.2282714844,41075,41086,11
12.9901599884,80.2272567749,41086,41096,10
12.9901599884,80.227180481,41096,41106,10
12.9900798798,80.2260971069,41106,41116,10
12.9900798798,80.2260971069,41116,41126,10
12.9897403717,80.2253036499,41126,41136,10
12.9895200729,80.2246627808,41136,41146,10
12.9894695282,80.2239303589,41146,41156,10
12.9891796112,80.2234191895,41156,41166,10
12.9886302948,80.2233276367,41166,41176,10
12.9883298874,80.2233734131,41176,41209,33
12.9883298874,80.2233734131,41209,41219,10
12.988360405,80.2232818604,41219,41229,10
12.9884004593,80.2232666016,41229,41239,10
12.9885501862,80.2232894897,41239,41249,10
12.9890804291,80.2233428955,41249,41259,10
12.9894504547,80.223777771,41259,41269,10
12.9895095825,80.2244033813,41269,41279,10
12.9897298813,80.2250823975,41279,41290,11
12.9900598526,80.2259597778,41290,41300,10
12.9900503159,80.2266311646,41300,41310,10
12.9901800156,80.2274398804,41310,41320,10
12.9900798798,80.2276229858,41320,41330,10
12.9896001816,80.2279205322,41330,41340,10
12.9889297485,80.2283935547,41340,41353,13
12.9884500504,80.2295837402,41353,41363,10
12.9882097244,80.2302474976,41363,41373,10
12.9878101349,80.2312469482,41373,41383,10
12.9874696732,80.2325134277,41383,41394,11
12.9873800278,80.2332305908,41394,41404,10
12.986700058,80.2333068848,41404,41414,10
12.9862203598,80.2333831787,41414,41423,9
12.9862098694,80.2333908081,41423,41434,11
12.9860801697,80.2335662842,41434,41444,10
12.9861297607,80.2340316772,41444,41454,10
12.9863395691,80.2348175049,41454,41464,10
12.9865102768,80.2352218628,41464,41474,10
12.986530304,80.2353591919,41474,41484,10
12.986579895,80.236000061,41484,41495,11
12.9866399765,80.2369232178,41495,41505,10
12.9866399765,80.2376022339,41505,41515,10
12.9865503311,80.2384567261,41515,42282,767
12.9865503311,80.2384567261,42282,42292,10
12.9866600037,80.2379989624,42292,42302,10
12.9866399765,80.2375869751,42302,42313,11
12.9865999222,80.2371673584,42313,42323,10
12.986579895,80.2365875244,42323,42333,10
12.9864902496,80.2353363037,42333,42353,20
12.9864902496,80.2353363037,42353,42363,10
12.9864397049,80.2351531982,42363,42373,10
12.9861803055,80.2345123291,42373,42383,10
12.9861402512,80.23387146,42383,42393,10
12.9863004684,80.2333679199,42393,42403,10
12.9869098663,80.2333374023,42403,42413,10
12.9874095917,80.2331924438,42413,42424,11
12.9874801636,80.2325592041,42424,42434,10
12.9877004623,80.231590271,42434,42444,10
12.9880695343,80.2305984497,42444,42454,10
12.9882602692,80.2300491333,42454,42464,10
12.9883899689,80.2296600342,42464,42474,10
12.9886398315,80.2290115356,42474,42484,10
12.9890899658,80.2282409668,42484,42494,10
12.9897203445,80.2278900146,42494,42504,10
12.9899702072,80.2276992798,42504,42514,10
12.9901399612,80.2274627686,42514,42525,11
12.990070343,80.2266235352,42525,42535,10
12.9901103973,80.2259979248,42535,42545,10
12.9896602631,80.2250900269,42545,42555,10
12.9895095825,80.2243728638,42555,42565,10
12.9894399643,80.2236862183,42565,42575,10
12.9889202118,80.2233886719,42575,42585,10
12.9883403778,80.2233886719,42585,42605,20
12.9883403778,80.2233886719,42605,42615,10
12.9888095856,80.2233581543,42615,42627,12
12.9894304276,80.2237319946,42627,42637,10
12.9894695282,80.2242584229,42637,42647,10
12.9896602631,80.224937439,42647,42657,10
12.9900598526,80.2256164551,42657,42666,9
12.9900197983,80.226348877,42666,42678,12
12.9901695251,80.2271575928,42678,42688,10
12.9904298782,80.2283401489,42688,42698,10
12.9906196594,80.2289810181,42698,42708,10
12.9908399582,80.229850769,42708,42718,10
12.9908704758,80.230140686,42718,42729,11
12.9909095764,80.2308197021,42729,42739,10
12.9909601212,80.2313919067,42739,42749,10
12.9910001755,80.2320632935,42749,42759,10
12.9911603928,80.2327575684,42759,42769,10
12.9913797379,80.2333221436,42769,42779,10
12.9917697906,80.2336502075,42779,42789,10
12.9919204712,80.2337265015,42789,42799,10
12.9925098419,80.2337799072,42799,42809,10
12.9932003021,80.2340011597,42809,42819,10
12.9937295914,80.2343292236,42819,42830,11
12.993929863,80.2344589233,42830,42840,10
12.994509697,80.2348327637,42840,42850,10
12.9952201843,80.2352600098,42850,42860,10
12.9958295822,80.2357330322,42860,42870,10
12.9963998795,80.2365875244,42870,42880,10
12.9968795776,80.2374572754,42880,42890,10
12.9972200394,80.2380065918,42890,42900,10
12.9977703094,80.2387466431,42900,42910,10
12.9987297058,80.2391891479,42910,42930,20
12.9987297058,80.2391891479,42930,42941,11
12.9990797043,80.2393188477,42941,42951,10
12.9997997284,80.2394638062,42951,42961,10
13.0007801056,80.2396011353,42961,42971,10
13.0014200211,80.2397384644,42971,42981,10
13.0022296906,80.2399978638,42981,42991,10
13.0024995804,80.2400817871,42991,43001,10
13.0026903152,80.2401428223,43001,43011,10
13.0033998489,80.2404022217,43011,43021,10
13.0038099289,80.2412719727,43021,43031,10
13.0043897629,80.2418670654,43031,43042,11
13.0054302216,80.2418365479,43042,43052,10
13.0059499741,80.2421417236,43052,43062,10
13.0056295395,80.2423095703,43062,44375,1313
13.0056295395,80.2423095703,44375,44385,10
13.0055198669,80.242149353,44385,44395,10
13.0051698685,80.2418518066,44395,44405,10
13.0044298172,80.2418670654,44405,44415,10
13.0038499832,80.2413101196,44415,44425,10
13.0033798218,80.2404174805,44425,44435,10
13.002579689,80.2401199341,44435,44445,10
13.0020999908,80.239982605,44445,44455,10
13.0013399124,80.2397384644,44455,44465,10
13.0006999969,80.2396621704,44465,44476,11
12.9997596741,80.2395782471,44476,44486,10
12.9991903305,80.2394180298,44486,44496,10
12.9991798401,80.239402771,44496,44506,10
12.9989900589,80.2393035889,44506,44516,10
12.9984197617,80.2391281128,44516,44526,10
12.9978704453,80.2388687134,44526,44536,10
12.9974098206,80.2383422852,44536,44546,10
12.9969797134,80.237663269,44546,44556,10
12.9966802597,80.2370681763,44556,44566,10
12.9963302612,80.2363967896,44566,44576,10
12.9962301254,80.2362365723,44576,44587,11
12.9957304001,80.2356491089,44587,44597,10
12.9951896667,80.2352828979,44597,44607,10
12.9946603775,80.2349624634,44607,44617,10
12.9940395355,80.2346801758,44617,44627,10
12.9938802719,80.2345428467,44627,44637,10
12.9934501648,80.2341918945,44637,44647,10
12.9929504395,80.2339401245,44647,44657,10
12.9919300079,80.2338027954,44657,44698,41
12.9919300079,80.2338027954,44698,44708,10
12.9916200638,80.2338027954,44708,44718,10
12.9913396835,80.2333831787,44718,44728,10
12.9912900925,80.2329483032,44728,44738,10
12.9910802841,80.2322463989,44738,44748,10
12.9910297394,80.231842041,44748,44758,10
12.9910097122,80.2316970825,44758,44768,10
12.9909696579,80.2311172485,44768,44778,10
12.9908704758,80.2304000854,44778,44789,11
12.990819931,80.2300872803,44789,44799,10
12.990819931,80.2299575806,44799,44809,10
12.9906902313,80.2293701172,44809,44819,10
12.990480423,80.228729248,44819,44829,10
12.990240097,80.2281188965,44829,44839,10
12.9901895523,80.2274475098,44839,44849,10
12.9902000427,80.2273330688,44849,44859,10
12.9901800156,80.2268295288,44859,44869,10
12.9901599884,80.2261428833,44869,44879,10
12.9898004532,80.2252807617,44879,44890,11
12.9895401001,80.2245407104,44890,44900,10
12.9895000458,80.2238311768,44900,44910,10
12.9890604019,80.2234268188,44910,44920,10
12.988360405,80.2233963013,44920,44950,30
12.988360405,80.2233963013,44950,44961,11
12.9886798859,80.2233276367,44961,44971,10
12.9891004562,80.2233963013,44971,44981,10
12.98939991,80.2238998413,44981,44992,11
12.9894504547,80.2245788574,44992,45001,9
12.9896802902,80.2251586914,45001,45012,11
12.9899997711,80.226020813,45012,45022,10
12.9899902344,80.2266082764,45022,45032,10
12.9900798798,80.2273712158,45032,45042,10
12.9898500443,80.227722168,45042,45052,10
12.9897403717,80.2278213501,45052,45062,10
12.9891700745,80.2281188965,45062,45072,10
12.9887199402,80.2288589478,45072,45082,10
12.9884195328,80.2296218872,45082,45093,11
12.9882802963,80.2299728394,45093,45103,10
12.988120079,80.23046875,45103,45113,10
12.9877996445,80.2311935425,45113,45123,10
12.9875097275,80.2321166992,45123,45133,10
12.9874200821,80.233001709,45133,45143,10
12.9870796204,80.2332611084,45143,45153,10
12.9865598679,80.2333526611,45153,45163,10
12.9864597321,80.2333526611,45163,45173,10
12.9861602783,80.233543396,45173,45183,10
12.9861402512,80.2340698242,45183,45193,10
12.9864797592,80.2352828979,45193,45224,31
12.9864797592,80.2352828979,45224,45234,10
12.9865198135,80.2353973389,45234,45244,10
12.9865598679,80.2359237671,45244,45254,10
12.9865999222,80.2366790771,45254,45264,10
12.9866104126,80.2372970581,45264,45274,10
12.9866199493,80.2381286621,45274,45284,10
12.9865198135,80.2385025024,45284,45820,536
12.9865198135,80.2385025024,45820,45830,10
12.9865999222,80.2382736206,45830,45840,10
12.9866199493,80.2378387451,45840,45850,10
12.9865703583,80.2370223999,45850,45860,10
12.9865598679,80.2364273071,45860,45870,10
12.9864597321,80.2353286743,45870,45890,20
12.9863796234,80.2351837158,45890,45910,20
12.9863796234,80.2351837158,45910,45921,11
12.9862298965,80.2348022461,45921,45931,10
12.9860601425,80.2340698242,45931,45941,10
12.9860095978,80.2335205078,45941,45951,10
12.9865703583,80.2333374023,45951,45961,10
12.9865903854,80.2333374023,45961,45971,10
12.9869804382,80.2333297729,45971,45980,9
12.9873695374,80.2330780029,45980,45991,11
12.9874696732,80.2323379517,45991,46001,10
12.987830162,80.2312698364,46001,46011,10
12.9881696701,80.2302780151,46011,46020,9
12.9884195328,80.2295837402,46020,46032,12
12.988820076,80.2285919189,46032,46042,10
12.9895296097,80.2279663086,46042,46052,10
12.989979744,80.2276916504,46052,46062,10
12.9901800156,80.2273712158,46062,46072,10
12.990070343,80.2265472412,46072,46082,10
12.9901399612,80.2258987427,46082,46092,10
12.9896802902,80.2250213623,46092,46102,10
12.9895200729,80.2242736816,46102,46111,9
12.9894199371,80.2236862183,46111,46122,11
12.9888296127,80.2233581543,46122,46133,11
12.9883098602,80.2233734131,46133,46152,19
12.9883098602,80.2233734131,46152,46162,10
12.9884500504,80.2233200073,46162,46173,11
12.9891195297,80.2233963013,46173,46183,10
12.9894304276,80.2238998413,46183,46193,10
12.9894504547,80.224571228,46193,46203,10
12.9897403717,80.2252731323,46203,46213,10
12.9899997711,80.2261810303,46213,46224,11
12.9900398254,80.226852417,46224,46235,11
12.9901800156,80.2279586792,46235,46245,10
12.9904403687,80.2287826538,46245,46255,10
12.990650177,80.2294311523,46255,46265,10
12.9908103943,80.230506897,46265,46275,10
12.9908704758,80.2311935425,46275,46284,9
12.990940094,80.2319717407,46284,46295,11
12.9911804199,80.2328796387,46295,46305,10
12.9917402267,80.2336807251,46305,46324,19
12.9917402267,80.2336807251,46324,46336,12
12.9920101166,80.2337265015,46336,46346,10
12.992650032,80.2338027954,46346,46356,10
12.9933099747,80.2340698242,46356,46366,10
12.9938097,80.234413147,46366,46376,10
12.9938497543,80.2344436646,46376,46386,10
12.9943399429,80.2347335815,46386,46396,10
12.9951000214,80.2351837158,46396,46406,10
12.9955701828,80.2355117798,46406,46416,10
12.9959402084,80.2359008789,46416,46426,10
12.9960002899,80.2360229492,46426,46437,11
12.9964399338,80.2367401123,46437,46447,10
12.9968996048,80.2375869751,46447,46457,10
12.997300148,80.2382583618,46457,46467,10
12.9979000092,80.238899231,46467,46477,10
12.998550415,80.239151001,46477,46487,10
12.9987001419,80.2391967773,46487,46497,10
12.9991102219,80.2393112183,46497,46507,10
12.9998598099,80.239440918,46507,46517,10
13.0008497238,80.2395782471,46517,46527,10
13.0014600754,80.2397079468,46527,46537,10
13.002289772,80.239982605,46537,46548,11
13.0024499893,80.2400436401,46548,46558,10
13.0028600693,80.2401733398,46558,46568,10
13.0035495758,80.2406616211,46568,46578,10
13.0039997101,80.2416610718,46578,46588,10
13.0048999786,80.2418289185,46588,46597,9
13.0059204102,80.2419204712,46597,46618,21
13.0059204102,80.2419204712,46618,46628,10
13.0059099197,80.2422180176,46628,46638,10
13.0056800842,80.2422409058,46638,47608,970
13.0056800842,80.2422409058,47608,47618,10
13.0055503845,80.2420501709,47618,47628,10
13.0054998398,80.2420196533,47628,47638,10
13.0050697327,80.2417984009,47638,47648,10
13.0041599274,80.2417831421,47648,47658,10
13.0037202835,80.2409973145,47658,47668,10
13.0031099319,80.2402496338,47668,47679,11
13.0022602081,80.239982605,47679,47689,10
13.0014400482,80.2397232056,47689,47699,10
13.0007400513,80.2395782471,47699,47707,8
12.9999504089,80.2394714355,47707,47719,12
12.9991197586,80.2393112183,47719,47729,10
12.9987897873,80.2392272949,47729,47739,10
12.9980697632,80.2389831543,47739,47749,10
12.9975795746,80.2385787964,47749,47759,10
12.9970302582,80.2377624512,47759,47769,10
12.996720314,80.2372665405,47769,47780,11
12.9965400696,80.2369232178,47780,47790,10
12.996219635,80.236289978,47790,47800,10
12.9955196381,80.2354888916,47800,47810,10
12.9949398041,80.2350997925,47810,47820,10
12.9941396713,80.2346878052,47820,47830,10
12.9935398102,80.2342376709,47830,47840,10
12.9930000305,80.2339401245,47840,47850,10
12.9917402267,80.233757019,47850,47870,20
12.9917402267,80.233757019,47870,47881,11
12.9915599823,80.2338027954,47881,47891,10
12.9912996292,80.2332763672,47891,47901,10
12.9911403656,80.2327423096,47901,47911,10
12.9909696579,80.2318725586,47911,47921,10
12.9909496307,80.2316665649,47921,47931,10
12.9909000397,80.2310562134,47931,47941,10
12.9908704758,80.2304000854,47941,47951,10
12.990819931,80.2299804688,47951,47961,10
12.9906797409,80.2293319702,47961,47971,10
12.9904499054,80.2285995483,47971,47982,11
12.9902496338,80.2276916504,47982,47992,10
12.9901800156,80.2273406982,47992,48001,9
12.9901103973,80.2267684937,48001,48012,11
12.9900999069,80.2260665894,48012,48022,10
12.9897203445,80.2251815796,48022,48031,9
12.9895200729,80.2245330811,48031,48041,10
12.9894399643,80.2237625122,48041,48052,11
12.9888801575,80.2233581543,48052,48062,10
12.9883098602,80.2233428955,48062,48082,20
12.9883098602,80.2233428955,48082,48093,11
12.9885396957,80.2232818604,48093,48103,10
12.9891004562,80.2233581543,48103,48113,10
12.9894304276,80.2238464355,48113,48123,10
12.9894800186,80.2244873047,48123,48133,10
12.989780426,80.2252120972,48133,48143,10
12.9900197983,80.2261428833,48143,48153,10
12.9900197983,80.2275772095,48153,48163,10
12.9900197983,80.2275772095,48163,48173,10
12.9898099899,80.227722168,48173,48183,10
12.989279747,80.228012085,48183,48194,11
12.9886398315,80.2289810181,48194,48204,10
12.9883403778,80.2297973633,48204,48214,10
12.9882202148,80.2300262451,48214,48224,10
12.9879798889,80.2307128906,48224,48234,10
12.9875602722,80.2318572998,48234,48244,10
12.9874095917,80.2329177856,48244,48254,10
12.987039566,80.233253479,48254,48264,10
12.9865102768,80.2332992554,48264,48274,10
12.9862003326,80.2333374023,48274,48284,10
12.9860801697,80.2338790894,48284,48295,11
12.9864397049,80.2351531982,48295,48315,20
12.9864397049,80.2351531982,48315,48325,10
12.986530304,80.2354812622,48325,48335,10
12.986530304,80.2359771729,48335,48345,10
12.9865598679,80.2369537354,48345,48355,10
12.986579895,80.2375488281,48355,48365,10
12.9865503311,80.2386169434,48365,48375,10
12.9865703583,80.23828125,48375,48385,10
12.9865903854,80.238243103,48385,48396,11
12.9866104126,80.2374572754,48396,48406,10
12.9865903854,80.2367324829,48406,48416,10
12.9865598679,80.2358779907,48416,48426,10
12.986410141,80.2350463867,48426,48436,10
12.986120224,80.2340011597,48436,48446,10
12.9861402512,80.2333831787,48446,48456,10
12.9868001938,80.2332763672,48456,48466,10
12.9873600006,80.2332077026,48466,48476,10
12.9874296188,80.2325592041,48476,48486,10
12.9877500534,80.2314987183,48486,48496,10
12.9882602692,80.2302932739,48496,48507,11
12.9885396957,80.2295227051,48507,48517,10
12.9889202118,80.2285766602,48517,48527,10
12.989689827,80.2279510498,48527,48537,10
12.9901800156,80.2275619507,48537,48547,10
12.9900798798,80.2267608643,48547,48557,10
12.9900302887,80.2261734009,48557,48567,10
12.9897499084,80.2252731323,48567,48576,9
12.9895000458,80.2245635986,48576,48588,12
12.9893903732,80.2236404419,48588,48598,10
12.9888296127,80.2233505249,48598,48609,11
12.9880599976,80.2237319946,48609,51688,3079
12.9880599976,80.2237319946,51688,51699,11
12.9884395599,80.2233963013,51699,51729,30
12.9884395599,80.2233963013,51729,51739,10
12.9887304306,80.2233123779,51739,51749,10
12.9893198013,80.2235031128,51749,51759,10
12.9894695282,80.2239685059,51759,51769,10
12.9896001816,80.2248001099,51769,51779,10
12.9900398254,80.2256011963,51779,51789,10
12.9900503159,80.2264633179,51789,51799,10
12.9901599884,80.2272262573,51799,51809,10
12.9898900986,80.227722168,51809,51820,11
12.9897403717,80.2278213501,51820,51831,11
12.9890699387,80.2281799316,51831,51841,10
12.988530159,80.2294311523,51841,51851,10
12.9883298874,80.2300033569,51851,51861,10
12.9881496429,80.2304229736,51861,51871,10
12.987739563,80.2314910889,51871,51881,10
12.9874801636,80.2329177856,51881,51891,10
12.9872198105,80.2332992554,51891,51901,10
12.9865598679,80.233291626,51901,51912,11
12.9863595963,80.233291626,51912,51922,10
12.986120224,80.2338409424,51922,51932,10
12.9862298965,80.23462677,51932,51942,10
12.9865198135,80.2353210449,51942,51952,10
12.9865398407,80.2353820801,51952,51962,10
12.9865598679,80.2360305786,51962,51972,10
12.9866104126,80.2369384766,51972,51982,10
12.9866199493,80.2376022339,51982,51992,10
12.9866800308,80.2385635376,51992,52002,10
12.9865703583,80.2384719849,52002,52043,41
12.9865703583,80.2384719849,52043,52053,10
12.9866895676,80.238243103,52053,52063,10
12.9866399765,80.2373886108,52063,52073,10
12.9865999222,80.2367324829,52073,52083,10
12.9865398407,80.2359237671,52083,52093,10
12.9864702225,80.2353363037,52093,52103,10
12.9864597321,80.2352905273,52103,52114,11
12.9861803055,80.23462677,52114,52124,10
12.9860801697,80.2338790894,52124,52134,10
12.9863796234,80.2333374023,52134,52144,10
12.986700058,80.2333297729,52144,52154,10
12.9872598648,80.2332611084,52154,52164,10
12.9874095917,80.2326965332,52164,52174,10
12.9876403809,80.2316970825,52174,52184,10
12.9880399704,80.2307510376,52184,52194,10
12.9884195328,80.2296829224,52194,52204,10
12.9884996414,80.2294692993,52204,52215,11
12.9888601303,80.2285766602,52215,52225,10
12.9896402359,80.2279281616,52225,52235,10
12.989979744,80.2276916504,52235,52255,20
12.989979744,80.2276916504,52255,52265,10
12.9901399612,80.2275695801,52265,52275,10
12.9901103973,80.2269592285,52275,52285,10
12.9900102615,80.2262496948,52285,52295,10
12.9898195267,80.2253875732,52295,52305,10
12.9895095825,80.2246170044,52305,52315,10
12.9894504547,80.2238616943,52315,52326,11
12.9889698029,80.2233581543,52326,52336,10
12.9883203506,80.2233581543,52336,52366,30
12.9883203506,80.2233581543,52366,52376,10
12.9884195328,80.2232971191,52376,52386,10
12.9890003204,80.2233581543,52386,52396,10
12.9894504547,80.2238311768,52396,52405,9
12.9894695282,80.2244110107,52405,52416,11
12.989780426,80.2252578735,52416,52427,11
12.9900197983,80.2262878418,52427,52437,10
12.9901399612,80.2269515991,52437,52447,10
12.9902200699,80.2275466919,52447,52457,10
12.9902601242,80.2277832031,52457,52467,10
12.990480423,80.2286071777,52467,52477,10
12.990650177,80.2291412354,52477,52487,10
12.9908599854,80.2301483154,52487,52497,10
12.9908800125,80.2304992676,52497,52507,10
12.9909200668,80.2311706543,52507,52517,10
12.9910097122,80.2321166992,52517,52528,11
12.9912796021,80.2331771851,52528,52538,10
12.9917402267,80.2336502075,52538,52548,10
12.9917898178,80.2336730957,52548,52558,10
12.9918498993,80.2337112427,52558,52568,10
12.9920597076,80.2337112427,52568,52578,10
12.9927396774,80.2338104248,52578,52588,10
12.993350029,80.23412323,52588,52598,10
12.9938497543,80.2344818115,52598,52608,10
12.9946804047,80.2349700928,52608,52618,10
12.995300293,80.2353210449,52618,52629,11
12.9960899353,80.2360916138,52629,52639,10
12.9966802597,80.2370986938,52639,52649,10
12.9970798492,80.2377929688,52649,52659,10
12.9976196289,80.2385635376,52659,52669,10
12.9981498718,80.2390136719,52669,52679,10
12.9986400604,80.2391815186,52679,52689,10
12.9990501404,80.2392883301,52689,52699,10
12.9997997284,80.2394104004,52699,52709,10
13.0009098053,80.2395782471,52709,52719,10
13.0015201569,80.2397384644,52719,52730,11
13.0023803711,80.2400283813,52730,52740,10
13.0030498505,80.2402420044,52740,52750,10
13.0036802292,80.2409591675,52750,52760,10
13.0041999817,80.2417831421,52760,52770,10
13.0052700043,80.2418212891,52770,52780,10
13.0059204102,80.2423324585,52780,52800,20
13.0057601929,80.2423171997,52800,53871,1071
13.0057601929,80.2423171997,53871,53881,10
13.0056600571,80.2421722412,53881,53891,10
13.0052404404,80.2418289185,53891,53901,10
13.0043897629,80.2418289185,53901,53911,10
13.0037899017,80.2411270142,53911,53921,10
13.003080368,80.2402267456,53921,53931,10
13.0025596619,80.2400588989,53931,53941,10
13.0023298264,80.239982605,53941,53951,10
13.0015201569,80.2397079468,53951,53962,11
13.0006999969,80.2395324707,53962,53972,10
12.9996700287,80.2393798828,53972,53982,10
12.9991903305,80.2392883301,53982,53992,10
12.9990501404,80.2392578125,53992,54002,10
12.9989595413,80.2392501831,54002,54018,16
12.9978599548,80.2388000488,54018,54030,12
12.9973297119,80.2381515503,54030,54040,10
12.9968795776,80.2374572754,54040,54050,10
12.9965000153,80.2367401123,54050,54060,10
12.9962797165,80.2363433838,54060,54071,11
12.9960803986,80.2360076904,54071,54081,10
12.9954395294,80.2353820801,54081,54090,9
12.9949703217,80.2350769043,54090,54101,11
12.994099617,80.2345733643,54101,54111,10
12.993519783,80.2341308594,54111,54121,10
12.9929504395,80.2338409424,54121,54131,10
12.991809845,80.2337265015,54131,54172,41
12.991809845,80.2337265015,54172,54182,10
12.9914102554,80.2336730957,54182,54192,10
12.9912500381,80.2331085205,54192,54202,10
12.9910802841,80.2325973511,54202,54212,10
12.9909496307,80.2318115234,54212,54222,10
12.990940094,80.2317733765,54222,54232,10
12.9909200668,80.2315063477,54232,54242,10
12.9908399582,80.2308578491,54242,54252,10
12.9907798767,80.230140686,54252,54262,10
12.9907798767,80.2300491333,54262,54273,11
12.9906797409,80.2293930054,54273,54283,10
12.990480423,80.2286987305,54283,54293,10
12.9902601242,80.227897644,54293,54303,10
12.9900798798,80.2267837524,54303,54313,10
12.9900503159,80.2261276245,54313,54323,10
12.9897603989,80.2252807617,54323,54333,10
12.9895000458,80.2245178223,54333,54343,10
12.9894695282,80.2238235474,54343,54353,10
12.98898983,80.2233810425,54353,54363,10
12.9883203506,80.2233734131,54363,54384,21
12.9883203506,80.2233734131,54384,54394,10
12.9883403778,80.2233123779,54394,54404,10
12.9887304306,80.2232971191,54404,54414,10
12.9892597198,80.2235031128,54414,54424,10
12.9894504547,80.224029541,54424,54434,10
12.9895601273,80.2248306274,54434,54444,10
12.9899902344,80.2255401611,54444,54454,10
12.989979744,80.2264175415,54454,54465,11
12.9901103973,80.2272262573,54465,54474,9
12.9899101257,80.2276763916,54474,54486,12
12.9895601273,80.2279510498,54486,54496,10
12.9888401031,80.2285232544,54496,54506,10
12.9884500504,80.2295379639,54506,54516,10
12.9882297516,80.2301330566,54516,54526,10
12.987830162,80.2311706543,54526,54536,10
12.9874801636,80.2325820923,54536,54546,10
12.9874200821,80.2332077026,54546,54556,10
12.986749649,80.2333221436,54556,54566,10
12.9865398407,80.2332992554,54566,54576,10
12.9863996506,80.2332992554,54576,54587,11
12.9861097336,80.2338027954,54587,54603,16
12.9863595963,80.2349472046,54603,54615,12
12.9865102768,80.2352981567,54615,54625,10
12.9865503311,80.2355575562,54625,54635,10
12.9865703583,80.2362594604,54635,54645,10
12.9865999222,80.2370681763,54645,54655,10
12.9866104126,80.2378234863,54655,54665,10
12.9865503311,80.2384567261,54665,56069,1404
12.9865503311,80.2384567261,56069,56079,10
12.9865598679,80.2383117676,56079,56089,10
12.9865999222,80.2377700806,56089,56099,10
12.986579895,80.2370986938,56099,56109,10
12.9865598679,80.236618042,56109,56119,10
12.9865503311,80.2358779907,56119,56130,11
12.9864902496,80.2353363037,56130,56140,10
12.9864797592,80.2352600098,56140,56156,16
12.9861402512,80.2340698242,56156,56168,12
12.9861803055,80.2333984375,56168,56178,10
12.9867801666,80.2332992554,56178,56188,10
12.9873800278,80.2331619263,56188,56198,10
12.9874601364,80.2325668335,56198,56208,10
12.9877195358,80.2315826416,56208,56218,10
12.9881000519,80.2305297852,56218,56228,10
12.9882802963,80.2299575806,56228,56239,11
12.9884996414,80.2294006348,56239,56249,10
12.9888896942,80.2284698486,56249,56259,10
12.9897203445,80.2278900146,56259,56268,9
12.9899997711,80.2276382446,56268,56279,11
12.9901304245,80.2271499634,56279,56289,10
12.9899997711,80.2263793945,56289,56299,10
12.9900398254,80.225692749,56299,56309,10
12.9895601273,80.2247467041,56309,56319,10
12.9894800186,80.2239608765,56319,56329,10
12.9893503189,80.2235794067,56329,56340,11
12.9883499146,80.2233734131,56340,56370,30
12.9883499146,80.2233734131,56370,56380,10
12.9883699417,80.2232818604,56380,56390,10
12.988940239,80.2233276367,56390,56400,10
12.9894304276,80.2236862183,56400,56410,10
12.9894504547,80.224281311,56410,56420,10
12.9896602631,80.2250137329,56420,56430,10
12.9900598526,80.2257766724,56430,56441,11
12.9900197983,80.2264785767,56441,56451,10
12.9900798798,80.2269134521,56451,56459,8
12.9901800156,80.2274475098,56459,56471,12
12.9902095795,80.227722168,56471,56481,10
12.9904699326,80.2285385132,56481,56491,10
12.9906597137,80.2291412354,56491,56501,10
12.9908399582,80.2300491333,56501,56511,10
12.9908399582,80.2302322388,56511,56521,10
12.9908800125,80.2308807373,56521,56531,10
12.990940094,80.2314605713,56531,56542,11
12.9909801483,80.2320632935,56542,56552,10
12.9910802841,80.2325973511,56552,56562,10
12.9912996292,80.2332077026,56562,56572,10
12.9917402267,80.2336196899,56572,56592,20
12.9917402267,80.2336196899,56592,56602,10
12.9920701981,80.2337417603,56602,56612,10
12.9927597046,80.2338409424,56612,56622,10
12.9933700562,80.2341079712,56622,56632,10
12.9938201904,80.2344207764,56632,56643,11
12.9938898087,80.2344589233,56643,56653,10
12.9943599701,80.2347717285,56653,56663,10
12.9950704575,80.2351379395,56663,56673,10
12.9956502914,80.2355575562,56673,56683,10
12.9959897995,80.2359008789,56683,56693,10
12.9961099625,80.2360610962,56693,56703,10
12.9965295792,80.2368392944,56703,56713,10
12.9969997406,80.2376174927,56713,56723,10
12.9973802567,80.2382125854,56723,56733,10
12.9979200363,80.2388305664,56733,56744,11
12.9987001419,80.239151001,56744,56764,20
12.9987001419,80.239151001,56764,56774,10
12.9989795685,80.2392578125,56774,56784,10
12.9996204376,80.239402771,56784,56794,10
13.0005502701,80.2395401001,56794,56804,10
13.0012397766,80.2396621704,56804,56814,10
13.0019197464,80.2398834229,56814,56824,10
13.002579689,80.2400665283,56824,56834,10
13.0033998489,80.2403717041,56834,56845,11
13.0038604736,80.2413482666,56845,56855,10
13.0046195984,80.2418365479,56855,56865,10
13.0056600571,80.2417984009,56865,56875,10
13.0059204102,80.2423095703,56875,56915,40
13.0059204102,80.2423095703,56915,56925,10
13.0057096481,80.2422637939,56925,61162,4237
13.0057096481,80.2422637939,61162,61172,10
13.0054798126,80.2420578003,61172,61192,20
13.0054798126,80.2420578003,61192,61202,10
13.0054302216,80.2420272827,61202,61212,10
13.0049800873,80.2418289185,61212,61222,10
13.004119873,80.2417907715,61222,61232,10
13.0037097931,80.2410430908,61232,61242,10
13.0030603409,80.240272522,61242,61252,10
13.0025596619,80.2401123047,61252,61263,11
13.0021800995,80.2399673462,61263,61273,10
13.00137043,80.2397003174,61273,61283,10
13.0007400513,80.2395782471,61283,61293,10
12.9998903275,80.2394714355,61293,61303,10
12.9991998672,80.2393417358,61303,61313,10
12.9991903305,80.2393417358,61313,61323,10
12.9990501404,80.2393035889,61323,61333,10
12.9984703064,80.2391204834,61333,61343,10
12.9978399277,80.2388305664,61343,61353,10
12.997420311,80.2383575439,61353,61364,11
12.9969100952,80.2375869751,61364,61374,10
12.9965600967,80.2369613647,61374,61384,10
12.9961900711,80.236289978,61384,61394,10
12.9959096909,80.2358932495,61394,61404,10
12.9952802658,80.2353286743,61404,61414,10
12.9948701859,80.2350463867,61414,61424,10
12.9939899445,80.2345504761,61424,61444,20
12.9939899445,80.2345504761,61444,61454,10
12.9936103821,80.2342224121,61454,61465,11
12.9930095673,80.2339096069,61465,61475,10
12.9922103882,80.233757019,61475,61484,9
12.9918298721,80.233757019,61484,61495,11
12.991809845,80.233757019,61495,61505,10
12.9916601181,80.2337722778,61505,61514,9
12.991350174,80.2334899902,61514,61525,11
12.9911804199,80.2329101563,61525,61535,10
12.9909496307,80.2321472168,61535,61545,10
12.9909095764,80.2317733765,61545,61555,10
12.9908704758,80.2314987183,61555,61566,11
12.9908399582,80.2308120728,61566,61576,10
12.9907798767,80.230140686,61576,61586,10
12.9907302856,80.2297973633,61586,61596,10
12.9905195236,80.2289733887,61596,61606,10
12.99036026,80.2284317017,61606,61616,10
12.9901800156,80.2276000977,61616,61626,10
12.9900798798,80.2269363403,61626,61636,10
12.9900197983,80.2262878418,61636,61652,16
12.9896001816,80.2249908447,61652,61664,12
12.9894599915,80.2240829468,61664,61675,11
12.9891796112,80.2234802246,61675,61685,10
12.9886302948,80.2233505249,61685,61695,10
12.9883298874,80.2233886719,61695,61725,30
12.9883298874,80.2233886719,61725,61735,10
12.9884195328,80.2232971191,61735,61745,10
12.9890403748,80.2233581543,61745,61755,10
12.9894504547,80.2237167358,61755,61765,10
12.9895000458,80.2244567871,61765,61776,11
12.9898099899,80.2252807617,61776,61786,10
12.9900503159,80.2261810303,61786,61796,10
12.9901103973,80.2267990112,61796,61806,10
12.9900798798,80.2276229858,61806,61816,10
12.9898900986,80.2277526855,61816,61826,10
12.9896602631,80.2279281616,61826,61836,10
12.9889698029,80.2284164429,61836,61846,10
12.9885396957,80.2294464111,61846,61856,10
12.9883203506,80.2300491333,61856,61866,10
12.9879703522,80.2309265137,61866,61877,11
12.9875297546,80.2322235107,61877,61887,10
12.9874696732,80.2331008911,61887,61897,10
12.9870901108,80.2332763672,61897,61907,10
12.9865398407,80.2333068848,61907,61917,10
12.9865102768,80.2333068848,61917,61927,10
12.9864397049,80.2333068848,61927,61937,10
12.9861001968,80.2336273193,61937,61947,10
12.9861097336,80.2342071533,61947,61957,10
12.986410141,80.2350616455,61957,61967,10
12.9864797592,80.2351989746,61967,61978,11
12.9865703583,80.2358627319,61978,61988,10
12.9865999222,80.2367095947,61988,61998,10
12.9866104126,80.2373275757,61998,62007,9
12.9866399765,80.2381362915,62007,62018,11
12.9865598679,80.2385406494,62018,63109,1091
12.9865598679,80.2385406494,63109,63119,10
12.9866199493,80.2382202148,63119,63129,10
12.9866104126,80.237449646,63129,63139,10
12.9865903854,80.2368011475,63139,63149,10
12.9865598679,80.236038208,63149,63159,10
12.9864702225,80.2352905273,63159,63179,20
12.9864702225,80.2352905273,63179,63189,10
12.9863195419,80.234916687,63189,63200,11
12.9861097336,80.2340011597,63200,63210,10
12.9866304398,80.2332992554,63210,63230,20
12.9866304398,80.2332992554,63230,63240,10
12.9869699478,80.2332992554,63240,63250,10
12.9873800278,80.2330169678,63250,63260,10
12.987449646,80.2323913574,63260,63270,10
12.9877195358,80.2314834595,63270,63280,10
12.988120079,80.2304992676,63280,63290,10
12.9882698059,80.2300415039,63290,63301,11
12.9884195328,80.2296676636,63301,63311,10
12.9886598587,80.2289962769,63311,63321,10
12.9890899658,80.2281799316,63321,63331,10
12.9897899628,80.2278366089,63331,63341,10
12.9899702072,80.2276992798,63341,63351,10
12.9901695251,80.2274398804,63351,63361,10
12.9900598526,80.2267303467,63361,63371,10
12.9900798798,80.2261505127,63371,63381,10
12.9898195267,80.2253417969,63381,63392,11
12.9895401001,80.2246398926,63392,63403,11
12.9894800186,80.2238998413,63403,63413,10
12.9891300201,80.2234268188,63413,63423,10
12.9883298874,80.2233963013,63423,63463,40
12.9883298874,80.2233963013,63463,63473,10
12.9885396957,80.2233276367,63473,63483,10
12.9891700745,80.2234191895,63483,63493,10
12.9894599915,80.2239837646,63493,63504,11
12.9895801544,80.2248306274,63504,63514,10
12.9899997711,80.2255706787,63514,63524,10
12.9900197983,80.2264404297,63524,63534,10
12.9901399612,80.2271499634,63534,63544,10
12.9902696609,80.228012085,63544,63554,10
12.990530014,80.2288284302,63554,63564,10
12.9907398224,80.2295532227,63564,63574,10
12.9908599854,80.2302017212,63574,63584,10
12.9908895493,80.2306365967,63584,63594,10
12.9909296036,80.2312393188,63594,63605,11
12.9910001755,80.2320404053,63605,63615,10
12.9910001755,80.2321166992,63615,63625,10
12.9911403656,80.232711792,63625,63635,10
12.9913597107,80.2333068848,63635,63644,9
12.9917802811,80.2337036133,63644,63675,31
12.9917802811,80.2337036133,63675,63685,10
12.9920301437,80.2337493896,63685,63695,10
12.992650032,80.2338027954,63695,63705,10
12.9932899475,80.2340621948,63705,63716,11
12.9938297272,80.2344207764,63716,63726,10
12.9944696426,80.2348403931,63726,63735,9
12.9952001572,80.2352828979,63735,63746,11
12.9958095551,80.2357635498,63746,63756,10
12.996219635,80.2362670898,63756,63766,10
12.9966497421,80.2371292114,63766,63776,10
12.9970598221,80.2378005981,63776,63786,10
12.9975004196,80.2384567261,63786,63796,10
12.9980201721,80.2389373779,63796,63806,10
12.9986495972,80.2391662598,63806,63817,11
12.9987201691,80.2391967773,63817,63827,10
12.9991798401,80.2393264771,63827,63835,8
12.9997997284,80.2394485474,63835,63847,12
13.0010404587,80.2396316528,63847,63857,10
13.0015602112,80.2397689819,63857,63867,10
13.0023403168,80.240020752,63867,63876,9
13.0027799606,80.2401580811,63876,63887,11
13.0034799576,80.2404708862,63887,63897,10
13.0038700104,80.2413787842,63897,63907,10
13.0045795441,80.2418823242,63907,63918,11
13.0056200027,80.2418518066,63918,63928,10
13.0059204102,80.2423324585,63928,63978,50
13.0059204102,80.2423324585,63978,63988,10
13.0055999756,80.2423400879,63988,64705,717
13.0055999756,80.2423400879,64705,64715,10
13.0053796768,80.241897583,64715,64725,10
13.0048303604,80.2417602539,64725,64736,11
13.0039701462,80.2416610718,64736,64746,10
13.0037403107,80.2410430908,64746,64756,10
13.0031900406,80.2402801514,64756,64766,10
13.0023603439,80.2400131226,64766,64776,10
13.0016803741,80.2398071289,64776,64786,10
13.0009803772,80.2396316528,64786,64796,10
13.0002202988,80.2395172119,64796,64806,10
12.9992799759,80.2393493652,64806,64816,10
12.9991598129,80.2393188477,64816,64826,10
12.9990701675,80.2393035889,64826,64837,11
12.9983596802,80.2390899658,64837,64847,10
12.9977798462,80.2387924194,64847,64857,10
12.9973096848,80.2381820679,64857,64867,10
12.9968900681,80.2375183105,64867,64877,10
12.9962797165,80.2364120483,64877,64897,20
12.9962797165,80.2364120483,64897,64907,10
12.9960403442,80.2360229492,64907,64917,10
12.9953804016,80.2354125977,64917,64927,10
12.9948701859,80.2350616455,64927,64938,11
12.9940395355,80.2345809937,64938,64954,16
12.9938402176,80.2344589233,64954,64966,12
12.993350029,80.2341003418,64966,64976,10
12.9927797318,80.233833313,64976,64986,10
12.9918298721,80.2337493896,64986,65006,20
12.9918298721,80.2337493896,65006,65016,10
12.9914598465,80.2337265015,65016,65026,10
12.9912595749,80.2331619263,65026,65036,10
12.9910802841,80.2326278687,65036,65047,11
12.9909200668,80.2317886353,65047,65057,10
12.9909095764,80.2316818237,65057,65067,10
12.9908504486,80.2310714722,65067,65077,10
12.9907999039,80.2304382324,65077,65086,9
12.9907102585,80.2296066284,65086,65097,11
12.9904603958,80.2287826538,65097,65107,10
12.9902801514,80.2281112671,65107,65117,10
12.9901599884,80.2274932861,65117,65127,10
12.9901199341,80.2271499634,65127,65137,10
12.9899997711,80.2264480591,65137,65148,11
12.989979744,80.2256317139,65148,65158,10
12.9895496368,80.2248306274,65158,65168,10
12.9894399643,80.2240219116,65168,65178,10
12.9891996384,80.2234725952,65178,65188,10
12.9887104034,80.2233505249,65188,65198,10
12.9883298874,80.2233276367,65198,65218,20
12.9883298874,80.2233276367,65218,65228,10
12.9883499146,80.223197937,65228,65238,10
12.9889497757,80.2232666016,65238,65249,11
12.9894304276,80.2237930298,65249,65259,10
12.9894800186,80.2244415283,65259,65269,10
12.9897499084,80.2251815796,65269,65279,10
12.9900398254,80.2260513306,65279,65287,8
12.9900503159,80.2265396118,65287,65298,11
12.9901599884,80.2274475098,65298,65310,12
12.9896202087,80.2279205322,65310,65320,10
12.9889297485,80.2284088135,65320,65330,10
12.9885196686,80.2294311523,65330,65340,10
12.9883403778,80.2299499512,65340,65351,11
12.9881896973,80.2303390503,65351,65361,10
12.9878501892,80.2311706543,65361,65371,10
12.9874801636,80.2322921753,65371,65381,10
12.987449646,80.2330780029,65381,65391,10
12.9869003296,80.2332687378,65391,65401,10
12.9865503311,80.2332992554,65401,65411,10
12.9861898422,80.2333602905,65411,65421,10
12.986120224,80.2339401245,65421,65431,10
12.9862604141,80.2347335815,65431,65441,10
12.9864501953,80.235168457,65441,65452,11
12.9864597321,80.2352828979,65452,65462,10
12.9865398407,80.2359619141,65462,65472,10
12.986579895,80.2368392944,65472,65482,10
12.9865999222,80.2374725342,65482,65492,10
12.9866399765,80.2384109497,65492,65502,10
12.9865598679,80.2385177612,65502,66724,1222
12.9865598679,80.2385177612,66724,66734,10
12.9865999222,80.2384262085,66734,66744,10
12.9866104126,80.2378005981,66744,66754,10
12.9865703583,80.2369995117,66754,66765,11
12.9865398407,80.2363815308,66765,66775,10
12.9864501953,80.2352828979,66775,66805,30
12.9864501953,80.2352828979,66805,66815,10
12.986289978,80.2349319458,66815,66825,10
12.9860897064,80.2341766357,66825,66835,10
12.9860401154,80.2335586548,66835,66845,10
12.9864397049,80.2332763672,66845,66855,10
12.9870796204,80.233291626,66855,66865,10
12.9873895645,80.2329406738,66865,66876,11
12.9874801636,80.2320709229,66876,66886,10
12.9878396988,80.2311325073,66886,66895,9
12.9881801605,80.2302322388,66895,66905,10
12.9884395599,80.2295303345,66905,66916,11
12.9887599945,80.2286834717,66916,66926,10
12.9894504547,80.2280578613,66926,66936,10
12.9899196625,80.227722168,66936,66946,10
12.9901199341,80.2275924683,66946,66956,10
12.9900798798,80.2269592285,66956,66966,10
12.9900197983,80.2263031006,66966,66977,11
12.9898796082,80.2254486084,66977,66987,10
12.9895496368,80.2247772217,66987,66997,10
12.9894399643,80.2239532471,66997,67007,10
12.9891796112,80.2234268188,67007,67017,10
12.9886302948,80.2232971191,67017,67027,10
12.9883203506,80.2233200073,67027,67058,31
12.9883203506,80.2233200073,67058,67069,11
12.9883804321,80.2232666016,67069,67079,10
12.9888401031,80.2233200073,67079,67089,10
12.9893398285,80.2235870361,67089,67099,10
12.9894304276,80.2241134644,67099,67109,10
12.9894599915,80.2245178223,67109,67119,10
12.9897003174,80.2251586914,67119,67129,10
12.9900503159,80.2258987427,67129,67139,10
12.9900197983,80.226600647,67139,67149,10
12.9901399612,80.2273864746,67149,67159,10
12.9903402328,80.2283706665,67159,67170,11
12.9905700684,80.2291030884,67170,67180,10
12.9907798767,80.2299804688,67180,67190,10
12.9908103943,80.230178833,67190,67200,10
12.9908504486,80.230758667,67200,67210,10
12.9909000397,80.231338501,67210,67220,10
12.9909601212,80.2321472168,67220,67230,10
12.9912204742,80.2329788208,67230,67240,10
12.9917602539,80.2336578369,67240,67281,41
12.9917602539,80.2336578369,67281,67297,16
12.9923200607,80.2337417603,67297,67310,13
12.9932203293,80.2340316772,67310,67320,10
12.9937400818,80.2343521118,67320,67330,10
12.9938697815,80.2344512939,67330,67340,10
12.9940900803,80.2345962524,67340,67349,9
12.9948701859,80.2350311279,67349,67360,11
12.9954795837,80.2354431152,67360,67370,10
12.9960098267,80.2359924316,67370,67381,11
12.9960803986,80.2360687256,67381,67391,10
12.9963998795,80.2366333008,67391,67401,10
12.9968795776,80.2375183105,67401,67411,10
12.9972200394,80.238067627,67411,67421,10
12.9977703094,80.2387695313,67421,67431,10
12.9986600876,80.2391586304,67431,67451,20
12.9986600876,80.2391586304,67451,67461,10
12.9989204407,80.2392272949,67461,67471,10
12.9995002747,80.2393798828,67471,67482,11
13.0005302429,80.2395324707,67482,67493,11
13.0012598038,80.2396621704,67493,67503,10
13.001999855,80.2398834229,67503,67513,10
13.0024700165,80.240020752,67513,67523,10
13.0027999878,80.2401275635,67523,67533,10
13.0034704208,80.2404785156,67533,67543,10
13.0038499832,80.2413787842,67543,67553,10
13.0045995712,80.2418289185,67553,67563,10
13.0054798126,80.2417984009,67563,67573,10
13.0058803558,80.2423171997,67573,67614,41
13.0058803558,80.2423171997,67614,67624,10
13.0056800842,80.2422180176,67624,68442,818
13.0056800842,80.2422180176,68442,68452,10
13.0053396225,80.2419281006,68452,68462,10
13.0048103333,80.2417831421,68462,68472,10
13.0040102005,80.2416992188,68472,68482,10
13.0037002563,80.2410507202,68482,68492,10
13.0031995773,80.2403030396,68492,68503,11
13.0023202896,80.2400131226,68503,68513,10
13.0017900467,80.2398223877,68513,68523,10
13.0010404587,80.2396011353,68523,68533,10
13.0004396439,80.2395019531,68533,68543,10
12.99903965,80.2392578125,68543,68563,20
12.99903965,80.2392578125,68563,68573,10
12.9988603592,80.2391967773,68573,68583,10
12.9982204437,80.2389984131,68583,68593,10
12.9977302551,80.2387008667,68593,68603,10
12.9972801208,80.2381362915,68603,68614,11
12.9968395233,80.2374801636,68614,68624,10
12.996219635,80.2363204956,68624,68644,20
12.996219635,80.2363204956,68644,68654,10
12.9959802628,80.2359313965,68654,68664,10
12.9954395294,80.2354202271,68664,68674,10
12.9949703217,80.2351074219,68674,68684,10
12.9939098358,80.2344970703,68684,68704,20
12.9939098358,80.2344970703,68704,68715,11
12.9935703278,80.2341995239,68715,68725,10
12.9930696487,80.2339172363,68725,68735,10
12.9924001694,80.2337417603,68735,68745,10
12.9917402267,80.2337112427,68745,68785,40
12.9917402267,80.2337112427,68785,68795,10
12.991350174,80.2336425781,68795,68806,11
12.9912099838,80.2330780029,68806,68816,10
12.9910402298,80.2326431274,68816,68826,10
12.9909000397,80.2319564819,68826,68836,10
12.9908704758,80.2316970825,68836,68846,10
12.9908304214,80.2313690186,68846,68856,10
12.9907903671,80.2307662964,68856,68866,10
12.9907398224,80.230140686,68866,68876,10
12.9907398224,80.2300186157,68876,68886,10
12.990650177,80.2294769287,68886,68896,10
12.9904603958,80.2288208008,68896,68906,10
12.9903202057,80.2283401489,68906,68917,11
12.9901304245,80.2273864746,68917,68937,20
12.9901304245,80.2273864746,68937,68947,10
12.9900798798,80.2269897461,68947,68957,10
12.989979744,80.2263183594,68957,68967,10
12.9899902344,80.2256622314,68967,68977,10
12.9895496368,80.2249069214,68977,68987,10
12.9894104004,80.2242584229,68987,68997,10
12.9893598557,80.2236480713,68997,69007,10
12.9889001846,80.2233200073,69007,69018,11
12.9882698059,80.2232894897,69018,69037,19
12.9882698059,80.2232894897,69037,69048,11
12.9883003235,80.2232437134,69048,69058,10
12.9888496399,80.2232818604,69058,69068,10
12.9893102646,80.2235488892,69068,69078,10
12.9895296097,80.2247390747,69078,69088,10
12.9895296097,80.2247390747,69088,69098,10
12.989859581,80.2253875732,69098,69108,10
12.989979744,80.2260971069,69108,69119,11
12.9900503159,80.2267684937,69119,69129,10
12.9900798798,80.2275085449,69129,69139,10
12.9896001816,80.2278137207,69139,69149,10
12.9889602661,80.2282028198,69149,69159,10
12.9885797501,80.2291030884,69159,69169,10
12.9883298874,80.2297821045,69169,69179,10
12.9880599976,80.2305297852,69179,69189,10
12.9879398346,80.2308197021,69189,69199,10
12.9876804352,80.2314834595,69199,69209,10
12.9874601364,80.2323684692,69209,69220,11
12.9874200821,80.2330780029,69220,69230,10
12.9868803024,80.2332229614,69230,69240,10
12.9865198135,80.2332611084,69240,69249,9
12.9864196777,80.2332611084,69249,69260,11
12.9860496521,80.2334823608,69260,69270,10
12.9860801697,80.2340087891,69270,69280,10
12.9864196777,80.2351379395,69280,69300,20
12.9864196777,80.2351379395,69300,69310,10
12.9864597321,80.2352523804,69310,69321,11
12.9865198135,80.2357177734,69321,69331,10
12.9865398407,80.236328125,69331,69341,10
12.9865598679,80.2370223999,69341,69351,10
12.986579895,80.2377624512,69351,69361,10
12.9866199493,80.2385025024,69361,69371,10
12.986530304,80.2384567261,69371,70248,877
12.986530304,80.2384567261,70248,70258,10
12.9865598679,80.2380065918,70258,70268,10
12.9865503311,80.2372436523,70268,70278,10
12.9865398407,80.2370300293,70278,70288,10
12.9865102768,80.2364730835,70288,70298,10
12.9864902496,80.2356872559,70298,70308,10
12.9864301682,80.2352523804,70308,70318,10
12.9864301682,80.2352371216,70318,70328,10
12.9864196777,80.2351837158,70328,70339,11
12.9861297607,80.2345199585,70339,70349,10
12.9860601425,80.2338180542,70349,70359,10
12.9861698151,80.233291626,70359,70369,10
12.986700058,80.2332687378,70369,70379,10
12.9872198105,80.233253479,70379,70389,10
12.9873800278,80.2327423096,70389,70399,10
12.9875402451,80.2317810059,70399,70409,10
12.9879999161,80.2306976318,70409,70419,10
12.9883098602,80.2298126221,70419,70429,10
12.9885196686,80.2292480469,70429,70440,11
12.9889497757,80.2282791138,70440,70450,10
12.989689827,80.2277984619,70450,70460,10
12.989979744,80.2276229858,70460,70470,10
12.9901199341,80.2275390625,70470,70480,10
12.9900798798,80.2269134521,70480,70490,10
12.989979744,80.2262496948,70490,70500,10
12.9899501801,80.2255630493,70500,70510,10
12.9895401001,80.2247695923,70510,70520,10
12.9894504547,80.2240066528,70520,70530,10
12.9892396927,80.2234573364,70530,70540,10
12.9886903763,80.2232818604,70540,70551,11
12.9882802963,80.2232818604,70551,70581,30
12.9882802963,80.2232818604,70581,70591,10
12.9884300232,80.2232437134,70591,70601,10
12.9890699387,80.2233200073,70601,70611,10
12.9894304276,80.2237930298,70611,70621,10
12.9894599915,80.2244033813,70621,70631,10
12.9897098541,80.2251281738,70631,70642,11
12.9900102615,80.2259597778,70642,70652,10
12.9900503159,80.2266998291,70652,70662,10
12.9901504517,80.2274398804,70662,70672,10
12.9901599884,80.2275466919,70672,70682,10
12.9903001785,80.2282333374,70682,70692,10
12.9905099869,80.2288589478,70692,70702,10
12.9907197952,80.2296676636,70702,70712,10
12.9907798767,80.2300872803,70712,70722,10
12.9907903671,80.2302627563,70722,70732,10
12.9908399582,80.2309188843,70732,70743,11
12.9909095764,80.2316207886,70743,70753,10
12.9909296036,80.2319564819,70753,70763,10
12.9909601212,80.232208252,70763,70773,10
12.9911699295,80.2328720093,70773,70783,10
12.9917297363,80.233581543,70783,70813,30
12.9917297363,80.233581543,70813,70823,10
12.9918003082,80.2336730957,70823,70833,10
12.9922199249,80.2336883545,70833,70844,11
12.9930696487,80.2338867188,70844,70854,10
12.9934196472,80.2341079712,70854,70864,10
12.9938097,80.2343902588,70864,70874,10
12.9939603806,80.2345123291,70874,70884,10
12.9945898056,80.2348632813,70884,70894,10
12.9952096939,80.2352600098,70894,70904,10
12.9958000183,80.235748291,70904,70914,10
12.9959497452,80.2359085083,70914,70924,10
12.9962501526,80.2363815308,70924,70934,10
12.9966897964,80.2372207642,70934,70945,11
12.9970598221,80.2378463745,70945,70955,10
12.9975996017,80.2385864258,70955,70965,10
12.9986200333,80.2391204834,70965,70985,20
12.9986200333,80.2391204834,70985,70995,10
12.9987401962,80.2391815186,70995,71005,10
12.9992904663,80.2393188477,71005,71015,10
13.0001802444,80.2394332886,71015,71025,10
13.0010795593,80.2395706177,71025,71035,10
13.001660347,80.239730835,71035,71046,11
13.002409935,80.239982605,71046,71056,10
13.003080368,80.240196228,71056,71064,8
13.0035800934,80.2406921387,71064,71076,12
13.0039796829,80.2416000366,71076,71086,10
13.004699707,80.2417907715,71086,71096,10
13.0056200027,80.2417678833,71096,71106,10
13.0058498383,80.2423019409,71106,71157,51
13.0058498383,80.2423019409,71157,71167,10
13.0055904388,80.2422790527,71167,72094,927
13.0055904388,80.2422790527,72094,72104,10
13.0054502487,80.2420883179,72104,72114,10
13.0051603317,80.2417984009,72114,72124,10
13.0044698715,80.2417907715,72124,72134,10
13.0039100647,80.2415924072,72134,72144,10
13.0036697388,80.2409286499,72144,72155,11
13.0030202866,80.2402114868,72155,72165,10
13.0023002625,80.2399597168,72165,72175,10
13.0017499924,80.2397689819,72175,72185,10
13.0010204315,80.2395935059,72185,72195,10
13.0003900528,80.2394790649,72195,72205,10
12.9991703033,80.2392807007,72205,72225,20
12.9991703033,80.2392807007,72225,72235,10
12.9991102219,80.2392578125,72235,72245,10
12.9986200333,80.2391204834,72245,72255,10
12.997879982,80.238822937,72255,72266,11
12.9974403381,80.2383575439,72266,72275,9
12.9970302582,80.2377090454,72275,72286,11
12.9966602325,80.2370986938,72286,72296,10
12.9962902069,80.2363815308,72296,72306,10
12.9962396622,80.2363128662,72306,72316,10
12.995929718,80.2358322144,72316,72326,10
12.9952697754,80.2352676392,72326,72336,10
12.994799614,80.2349700928,72336,72346,10
12.9940900803,80.2345809937,72346,72356,10
12.993929863,80.2344818115,72356,72367,11
12.993639946,80.2342376709,72367,72377,10
12.9931297302,80.2339401245,72377,72387,10
12.9925098419,80.2337417603,72387,72397,10
12.9917497635,80.2337036133,72397,72427,30
12.9917497635,80.2337036133,72427,72437,10
12.9915504456,80.2337036133,72437,72447,10
12.9913196564,80.2333374023,72447,72457,10
12.9911699295,80.2328796387,72457,72468,11
12.9909496307,80.2321014404,72468,72478,10
12.9909000397,80.2316894531,72478,72488,10
12.9909000397,80.2316436768,72488,72498,10
12.9908399582,80.2309799194,72498,72508,10
12.9907903671,80.2302398682,72508,72518,10
12.9907598495,80.2300033569,72518,72528,10
12.9906902313,80.2295227051,72528,72538,10
12.9905004501,80.2288894653,72538,72548,10
12.9904098511,80.2285690308,72548,72558,10
12.9902200699,80.2278823853,72558,72568,10
12.9901399612,80.2273712158,72568,72579,11
12.9901103973,80.2271118164,72579,72589,10
12.989979744,80.2264633179,72589,72599,10
12.9900598526,80.2258224487,72599,72609,10
12.9897098541,80.2251968384,72609,72619,10
12.9894599915,80.2243881226,72619,72629,10
12.9894304276,80.2237625122,72629,72639,10
12.9890098572,80.2233428955,72639,72649,10
12.9883003235,80.2233276367,72649,72680,31
12.9883003235,80.2233276367,72680,72690,10
12.9883098602,80.2232284546,72690,72700,10
12.9888000488,80.2232666016,72700,72710,10
12.9892902374,80.2235336304,72710,72720,10
12.98939991,80.2239303589,72720,72730,10
12.9894304276,80.2243804932,72730,72740,10
12.9896497726,80.2250289917,72740,72750,10
12.9900503159,80.2257919312,72750,72760,10
12.9899902344,80.2264785767,72760,72770,10
12.9901103973,80.2272109985,72770,72781,11
12.989859581,80.2276763916,72781,72791,10
12.9897499084,80.2277603149,72791,72801,10
12.9892301559,80.2280502319,72801,72811,10
12.9886798859,80.2288665771,72811,72821,10
12.988360405,80.2297134399,72821,72831,10
12.9881000519,80.2304000854,72831,72841,10
12.9877195358,80.231338501,72841,72851,10
12.9874200821,80.2324523926,72851,72861,10
12.9874000549,80.2331314087,72861,72871,10
12.9868402481,80.2332763672,72871,72882,11
12.9864902496,80.2332763672,72882,72892,10
12.9863996506,80.2332687378,72892,72902,10
12.9860801697,80.2334899902,72902,72912,10
12.9861001968,80.2341003418,72912,72921,9
12.9864301682,80.2351608276,72921,72952,31
12.9864301682,80.2351608276,72952,72962,10
12.9865198135,80.2355499268,72962,72972,10
12.9865503311,80.2362213135,72972,72983,11
12.9865703583,80.2370529175,72983,72993,10
12.986579895,80.2377700806,72993,73003,10
12.9866199493,80.2385406494,73003,73013,10
12.986530304,80.2385101318,73013,73872,859
12.986530304,80.2385101318,73872,73882,10
12.9866399765,80.2384033203,73882,73893,11
12.9866504669,80.2382125854,73893,73903,10
12.9866304398,80.2378005981,73903,73913,10
12.9865999222,80.2370986938,73913,73923,10
12.9865703583,80.2365875244,73923,73933,10
12.9865398407,80.2358627319,73933,73943,10
12.9864702225,80.2353210449,73943,73953,10
12.9864597321,80.2352828979,73953,73963,10
12.9864196777,80.2351608276,73963,73973,10
12.9862003326,80.2346801758,73973,73983,10
12.9860801697,80.2339096069,73983,73994,11
12.9861497879,80.2333221436,73994,74004,10
12.9866199493,80.2332687378,74004,74014,10
12.9866399765,80.2332611084,74014,74024,10
12.986749649,80.2332611084,74024,74034,10
12.9873104095,80.2332077026,74034,74044,10
12.9874000549,80.2326278687,74044,74054,10
12.9876003265,80.2316818237,74054,74064,10
12.9880199432,80.2305603027,74064,74074,10
12.988240242,80.2299880981,74074,74084,10
12.9884004593,80.2295837402,74084,74095,11
12.988699913,80.2287521362,74095,74105,10
12.9892501831,80.2280197144,74105,74115,10
12.9898395538,80.2276611328,74115,74125,10
12.9900398254,80.2275695801,74125,74135,10
12.9900798798,80.2269973755,74135,74145,10
12.9899997711,80.2263412476,74145,74155,10
12.9899597168,80.2255630493,74155,74164,9
12.9896001816,80.2248382568,74164,74175,11
12.9894800186,80.2240982056,74175,74185,10
12.9893398285,80.2235565186,74185,74196,11
12.9887599945,80.2233123779,74196,74206,10
12.9883203506,80.2233200073,74206,74227,21
12.9883203506,80.2233200073,74227,74237,10
12.9885597229,80.2232666016,74237,74247,10
12.9891796112,80.2233581543,74247,74257,10
12.9894695282,80.2238616943,74257,74267,10
12.9895401001,80.2245407104,74267,74277,10
12.9898395538,80.2252578735,74277,74287,10
12.990070343,80.2260131836,74287,74298,11
12.9900398254,80.2265777588,74298,74308,10
12.9901695251,80.2273788452,74308,74318,10
12.9901895523,80.2275238037,74318,74328,10
12.9902200699,80.2276687622,74328,74338,10
12.9904003143,80.2283782959,74338,74348,10
12.9905796051,80.2289733887,74348,74358,10
12.9907798767,80.2297897339,74358,74368,10
12.9908599854,80.2307434082,74368,74378,10
12.9909200668,80.2313308716,74378,74388,10
12.9910001755,80.2321472168,74388,74399,11
12.9912796021,80.233039856,74399,74409,10
12.9917802811,80.2336425781,74409,74439,30
12.9917802811,80.2336425781,74439,74449,10
12.9920301437,80.2337188721,74449,74459,10
12.9925699234,80.2337722778,74459,74469,10
12.9932203293,80.2339630127,74469,74479,10
12.9937000275,80.2342605591,74479,74489,10
12.9942598343,80.2346496582,74489,74499,10
12.9950504303,80.2350997925,74499,74510,11
12.9956598282,80.2355499268,74510,74520,10
12.9961299896,80.236076355,74520,74530,10
12.9965200424,80.2367782593,74530,74540,10
12.9969396591,80.2375335693,74540,74550,10
12.9972295761,80.2379989624,74550,74560,10
12.9976797104,80.238609314,74560,74570,10
12.9981899261,80.2389602661,74570,74580,10
12.9987001419,80.239151001,74580,74590,10
12.9987897873,80.2391891479,74590,74601,11
12.9993801117,80.2393417358,74601,74609,8
13.0000896454,80.2394714355,74609,74621,12
13.001159668,80.239616394,74621,74631,10
13.0017595291,80.2397766113,74631,74641,10
13.0024499893,80.2399978638,74641,74651,10
13.0025100708,80.240020752,74651,74660,9
13.0028400421,80.2401428223,74660,74671,11
13.0035400391,80.2404937744,74671,74681,10
13.0038995743,80.2413330078,74681,74691,10
13.0045204163,80.2418518066,74691,74701,10
13.0053501129,80.2418136597,74701,74712,11
13.0059099197,80.2423171997,74712,74742,30
13.0059099197,80.2423171997,74742,74752,10
13.0057096481,80.2423706055,74752,75528,776
13.0057096481,80.2423706055,75528,75538,10
13.0055704117,80.2421798706,75538,75548,10
13.0053195953,80.241897583,75548,75558,10
13.0048599243,80.2417984009,75558,75568,10
13.0041103363,80.2417526245,75568,75578,10
13.0037603378,80.2410964966,75578,75588,10
13.0033302307,80.2403488159,75588,75598,10
13.0024700165,80.2400436401,75598,75608,10
13.0019102097,80.2398605347,75608,75618,10
13.0011796951,80.2396697998,75618,75629,11
13.0005197525,80.2395477295,75629,75639,10
12.9996595383,80.2394180298,75639,75648,9
12.9990196228,80.2392807007,75648,75659,11
12.9983997345,80.2390899658,75659,75669,10
12.9977998734,80.2387619019,75669,75678,9
12.9973897934,80.2382507324,75678,75688,10
12.9969501495,80.2375488281,75688,75698,10
12.9966201782,80.2369537354,75698,75709,11
12.9962902069,80.2363586426,75709,75719,10
12.9962596893,80.236328125,75719,75730,11
12.995880127,80.235786438,75730,75740,10
12.9952898026,80.2352905273,75740,75750,10
12.994890213,80.2350463867,75750,75760,10
12.9948196411,80.2349777222,75760,75770,10
12.9944095612,80.2347564697,75770,75780,10
12.9939899445,80.2344970703,75780,75789,9
12.9938402176,80.2343673706,75789,75800,11
12.9934997559,80.23412323,75800,75810,10
12.9928598404,80.2338180542,75810,75821,11
12.9918498993,80.2337265015,75821,75841,20
12.9918498993,80.2337265015,75841,75851,10
12.9914999008,80.2337417603,75851,75861,10
12.9913196564,80.2332305908,75861,75871,10
12.9911403656,80.2327423096,75871,75881,10
12.9909696579,80.2319717407,75881,75891,10
12.9909496307,80.2317504883,75891,75901,10
12.990940094,80.2316436768,75901,75911,10
12.9908800125,80.2310562134,75911,75921,10
12.9908504486,80.2305526733,75921,75932,11
12.9907598495,80.2296981812,75932,75942,10
12.990530014,80.2288970947,75942,75952,10
12.9903802872,80.2283935547,75952,75962,10
12.9902200699,80.2276611328,75962,75972,10
12.9901199341,80.2269134521,75972,75982,10
12.9900398254,80.2263336182,75982,75992,10
12.989979744,80.2256011963,75992,76002,10
12.9896001816,80.2248916626,76002,76012,10
12.9895000458,80.2242965698,76012,76022,10
12.9894399643,80.2237091064,76022,76032,10
12.988940239,80.2233734131,76032,76043,11
12.9883403778,80.2233505249,76043,76065,22
12.9883403778,80.2233505249,76065,76075,10
12.9885702133,80.2232589722,76075,76085,10
12.9891395569,80.2233276367,76085,76095,10
12.9894695282,80.2237930298,76095,76105,10
12.9894895554,80.224357605,76105,76115,10
12.9896802902,80.2249908447,76115,76126,11
12.9900999069,80.2257614136,76126,76136,10
12.9900503159,80.2264022827,76136,76146,10
12.9901695251,80.2270431519,76146,76156,10
12.9900798798,80.2276000977,76156,76166,10
12.989979744,80.2276687622,76166,76176,10
12.9897603989,80.2278366089,76176,76186,10
12.989159584,80.2281799316,76186,76196,10
12.9887504578,80.2289505005,76196,76206,10
12.9884595871,80.2296524048,76206,76216,10
12.9882602692,80.2302627563,76216,76226,10
12.987859726,80.2312088013,76226,76237,11
12.9875097275,80.2323303223,76237,76247,10
12.9875001907,80.2330474854,76247,76257,10
12.9871397018,80.2332687378,76257,76267,10
12.9866399765,80.2333068848,76267,76277,10
12.9864797592,80.2333374023,76277,76293,16
12.9861602783,80.2339782715,76293,76305,12
12.9863300323,80.2348480225,76305,76315,10
12.9864997864,80.2352218628,76315,76325,10
12.9865598679,80.235458374,76325,76336,11
12.9865999222,80.2359924316,76336,76346,10
12.9865999222,80.2367401123,76346,76356,10
12.9866304398,80.2373504639,76356,76366,10
12.9866399765,80.2382278442,76366,76376,10
12.9865903854,80.2385177612,76376,77144,768
12.9865703583,80.2384872437,77144,77537,393
12.9865703583,80.2384872437,77537,77547,10
12.9865999222,80.238243103,77547,77558,11
12.9865903854,80.2377700806,77558,77568,10
12.9865503311,80.2370986938,77568,77578,10
12.9865198135,80.2366027832,77578,77588,10
12.9864902496,80.2359085083,77588,77598,10
12.9864301682,80.2353363037,77598,77608,10
12.9864196777,80.2352905273,77608,77618,10
12.9862804413,80.234916687,77618,77628,10
12.9860601425,80.234161377,77628,77638,10
12.9860200882,80.2335510254,77638,77648,10
12.9864501953,80.233291626,77648,77658,10
12.9866504669,80.2332687378,77658,77669,11
12.9872198105,80.233253479,77669,77679,10
12.9873695374,80.2327728271,77679,77688,9
12.9874696732,80.2320404053,77688,77698,10
12.9878196716,80.2311019897,77698,77709,11
12.9882001877,80.2301177979,77709,77719,10
12.988240242,80.2299880981,77719,77729,10
12.9884300232,80.2294692993,77729,77739,10
12.9887504578,80.2286529541,77739,77749,10
12.9893398285,80.2280426025,77749,77760,11
12.9898900986,80.2276916504,77760,77770,10
12.9900102615,80.2270965576,77770,77780,10
12.9898996353,80.2263793945,77780,77790,10
12.9899301529,80.2256393433,77790,77800,10
12.9895296097,80.2248382568,77800,77810,10
12.9894104004,80.2240905762,77810,77820,10
12.9892196655,80.223487854,77820,77829,9
12.9887399673,80.2233428955,77829,77839,10
12.9882898331,80.2233428955,77839,77911,72
12.9882898331,80.2233428955,77911,77921,10
12.9883298874,80.2232666016,77921,77931,10
12.9888401031,80.2233123779,77931,77941,10
12.9893198013,80.2235794067,77941,77951,10
12.98939991,80.2241668701,77951,77962,11
12.9895601273,80.2249298096,77962,77971,9
12.989979744,80.2255706787,77971,77980,9
12.9899597168,80.22631073,77980,77992,12
12.9900798798,80.227142334,77992,78002,10
12.9901399612,80.2275009155,78002,78012,10
12.9901695251,80.2276535034,78012,78022,10
12.9903297424,80.2283477783,78022,78032,10
12.990530014,80.2289962769,78032,78042,10
12.9907598495,80.229888916,78042,78052,10
12.9907903671,80.230140686,78052,78063,11
12.9908399582,80.2307662964,78063,78073,10
12.9908599854,80.2313079834,78073,78083,10
12.9909000397,80.2319564819,78083,78093,10
12.9909200668,80.2320022583,78093,78103,10
12.9910202026,80.2325363159,78103,78113,10
12.9912204742,80.2331390381,78113,78123,10
12.991689682,80.233581543,78123,78133,10
12.9917402267,80.2336273193,78133,78143,10
12.9921998978,80.2336730957,78143,78153,10
12.9929800034,80.2338485718,78153,78163,10
12.9934301376,80.2341079712,78163,78174,11
12.9939203262,80.2344818115,78174,78184,10
12.9945497513,80.2348709106,78184,78194,10
12.9947500229,80.2349472046,78194,78204,10
12.9950199127,80.2351074219,78204,78214,10
12.9955196381,80.235458374,78214,78224,10
12.9959402084,80.2358932495,78224,78234,10
12.9961004257,80.2360992432,78234,78244,10
12.9964599609,80.2367782593,78244,78254,10
12.9968595505,80.2375030518,78254,78265,11
12.9971599579,80.237953186,78265,78275,10
12.9972000122,80.2380065918,78275,78285,10
12.9975404739,80.2385177612,78285,78295,10
12.998049736,80.2389297485,78295,78305,10
12.9986200333,80.2391281128,78305,78315,10
12.9988899231,80.2392120361,78315,78325,10
12.9995298386,80.2393569946,78325,78335,10
13.0004997253,80.2395019531,78335,78345,10
13.0012102127,80.239616394,78345,78355,10
13.001999855,80.2398834229,78355,78365,10
13.0026197433,80.2400588989,78365,78376,11
13.0034799576,80.2405014038,78376,78386,10
13.0038795471,80.2414474487,78386,78396,10
13.0046596527,80.2418212891,78396,78406,10
13.0055704117,80.2417984009,78406,78416,10
13.005900383,80.2422027588,78416,78426,10
13.0058498383,80.2423400879,78426,78436,10
13.00578022,80.2423934937,78436,78446,10
13.0055704117,80.2423019409,78446,79185,739
13.0055704117,80.2423019409,79185,79195,10
13.0054798126,80.2420120239,79195,79205,10
13.0051002502,80.2417373657,79205,79215,10
13.0043296814,80.2417831421,79215,79225,10
13.0038299561,80.2412567139,79225,79235,10
13.003490448,80.2404937744,79235,79245,10
13.002820015,80.2401275635,79245,79255,10
13.0025596619,80.2400588989,79255,79265,10
13.0023403168,80.239982605,79265,79275,10
13.0017595291,80.2397766113,79275,79286,11
13.0009899139,80.2396011353,79286,79296,10
13.0002403259,80.2395019531,79296,79306,10
12.9991502762,80.2393035889,79306,79326,20
12.9991502762,80.2393035889,79326,79336,10
12.9986600876,80.2391433716,79336,79346,10
12.9979295731,80.2388687134,79346,79356,10
12.9975099564,80.2384796143,79356,79366,10
12.9972200394,80.2380599976,79366,79376,10
12.9969100952,80.2375183105,79376,79387,11
12.9965000153,80.2367782593,79387,79397,10
12.9959802628,80.2359237671,79397,79407,10
12.9952802658,80.2352905273,79407,79417,10
12.9947395325,80.2349777222,79417,79427,10
12.9940395355,80.2345962524,79427,79437,10
12.9935102463,80.2341766357,79437,79447,10
12.9929895401,80.2339019775,79447,79457,10
12.9922704697,80.2337417603,79457,79467,10
12.9917402267,80.2337493896,79467,79488,21
12.9917402267,80.2337493896,79488,79498,10
12.9914598465,80.2337417603,79498,79507,9
12.9912996292,80.2332305908,79507,79518,11
12.9910802841,80.2326507568,79518,79529,11
12.9909496307,80.2318725586,79529,79539,10
12.990819931,80.2310028076,79539,79549,10
12.9907798767,80.2303924561,79549,79559,10
12.990650177,80.2294311523,79559,79568,9
12.9904403687,80.2287216187,79568,79578,10
12.990240097,80.2280502319,79578,79590,12
12.9900903702,80.2270431519,79590,79600,10
12.989979744,80.2263183594,79600,79610,10
12.9899396896,80.2255935669,79610,79620,10
12.9895296097,80.2248382568,79620,79630,10
12.9894304276,80.2241134644,79630,79640,10
12.9892702103,80.2235412598,79640,79650,10
12.9884195328,80.2234420776,79650,79670,20
12.9884195328,80.2234420776,79670,79680,10
12.9883003235,80.2236785889,79680,79697,17
