13.0143003464,80.2256317139,19,495,476
13.0143203735,80.2253723145,495,789,294
13.0142698288,80.2255401611,789,1477,688
13.0143499374,80.225440979,1477,1700,223
13.0143604279,80.2253570557,1700,2875,1175
13.0143404007,80.2255706787,2875,4404,1529
13.0143404007,80.2255706787,4404,4414,10
13.0143699646,80.225440979,4414,4758,344
13.0143699646,80.225440979,4758,4768,10
13.0143699646,80.2253417969,4768,4849,81
13.0143203735,80.2255630493,4849,5680,831
13.0143203735,80.2255630493,5680,5690,10
13.0143203735,80.2253875732,5690,7128,1438
13.0143098831,80.2255096436,7128,7472,344
13.0143404007,80.2253723145,7472,13133,5661
13.0144300461,80.2253036499,13133,14044,911
13.0144300461,80.2253036499,14044,14054,10
13.0143699646,80.2254562378,14054,14176,122
13.0143699646,80.2254562378,14176,14186,10
13.0143899918,80.2253112793,14186,14662,476
13.0143699646,80.2253189087,14662,18612,3950
13.0144300461,80.2254486084,18612,18906,294
13.0144300461,80.2254486084,18906,18916,10
13.0144395828,80.2254562378,18916,23098,4182
13.0144395828,80.2254562378,23098,23108,10
13.0145196915,80.2255477905,23108,23118,10
13.0143604279,80.2259368896,23118,23169,51
13.0143604279,80.2259368896,23169,23179,10
13.014169693,80.2260971069,23179,23189,10
13.0140695572,80.22631073,23189,23199,10
13.0135602951,80.2264862061,23199,23209,10
13.0128097534,80.2267837524,23209,23219,10
13.0117301941,80.2272109985,23219,23230,11
13.0106201172,80.2276306152,23230,23240,10
13.0097999573,80.227897644,23240,23250,10
13.0095996857,80.2274398804,23250,23260,10
13.009929657,80.2267227173,23260,23270,10
13.0103197098,80.2258300781,23270,23280,10
13.0107402802,80.2249221802,23280,23290,10
13.0111703873,80.2239227295,23290,23300,10
13.0114803314,80.2232971191,23300,23311,11
13.0119199753,80.2235031128,23311,23321,10
13.0126304626,80.2238693237,23321,23331,10
13.0134000778,80.2242584229,23331,23341,10
13.0146198273,80.2249069214,23341,23361,20
13.0146198273,80.2249069214,23361,23371,10
13.0147800446,80.2250289917,23371,23381,10
13.015080452,80.2251663208,23381,23392,11
13.0155000687,80.2252807617,23392,23402,10
13.0161399841,80.2253417969,23402,23412,10
13.0170001984,80.225112915,23412,23422,10
13.0179195404,80.2247390747,23422,23432,10
13.0188503265,80.2244033813,23432,23442,10
13.0197601318,80.2245635986,23442,23452,10
13.0206298828,80.2251815796,23452,23462,10
13.0215597153,80.2258682251,23462,23473,11
13.0225496292,80.2266921997,23473,23483,10
13.0233802795,80.2274475098,23483,23493,10
13.0244102478,80.2284698486,23493,23533,40
13.0244102478,80.2284698486,23533,23543,10
13.0242395401,80.228553772,23543,23554,11
13.023900032,80.2281417847,23554,23564,10
13.0235595703,80.2277526855,23564,23574,10
13.0233297348,80.2275314331,23574,23614,40
13.0233297348,80.2275314331,23614,23624,10
13.0231304169,80.2272186279,23624,23635,11
13.022600174,80.2267608643,23635,23645,10
13.0219402313,80.2262268066,23645,23655,10
13.0212097168,80.2256622314,23655,23665,10
13.0204801559,80.2251205444,23665,23675,10
13.0199804306,80.2248001099,23675,23685,10
13.0193796158,80.2244796753,23685,23695,10
13.0185098648,80.2245788574,23695,23705,10
13.0175800323,80.2249679565,23705,23716,11
13.0166797638,80.2253417969,23716,23726,10
13.0160703659,80.2255706787,23726,23736,10
13.0153503418,80.2258300781,23736,23746,10
13.0147800446,80.2260513306,23746,23756,10
13.0145301819,80.2261428833,23756,23766,10
13.0142602921,80.2262496948,23766,23776,10
13.0141000748,80.2262802124,23776,23786,10
13.0136203766,80.2264709473,23786,23797,11
13.0128202438,80.2267990112,23797,23807,10
13.0118999481,80.227180481,23807,23817,10
13.0107898712,80.2276229858,23817,23827,10
13.0096998215,80.2280578613,23827,23837,10
13.0090799332,80.2287979126,23837,23847,10
13.0088596344,80.2299499512,23847,23857,10
13.0086402893,80.2312011719,23857,23867,10
13.0083999634,80.2325134277,23867,23878,11
13.0082302094,80.2335891724,23878,23888,10
13.0081596375,80.2337799072,23888,23898,10
13.0080404282,80.2342529297,23898,23908,10
13.0078897476,80.2350234985,23908,23918,10
13.0076999664,80.2360229492,23918,23928,10
13.0074796677,80.2372436523,23928,23938,10
13.0072402954,80.2384414673,23938,23948,10
13.0070495605,80.2394714355,23948,23959,11
13.0069198608,80.2402191162,23959,23969,10
13.0068702698,80.2407608032,23969,23979,10
13.006819725,80.2410507202,23979,23989,10
13.0067596436,80.2417068481,23989,23999,10
13.0067300797,80.2425765991,23999,24009,10
13.0066900253,80.2433776855,24009,24019,10
13.006649971,80.2442779541,24019,24029,10
13.0066604614,80.2451782227,24029,24040,11
13.0066900253,80.246383667,24040,24050,10
13.0067195892,80.2471008301,24050,24060,10
13.0063495636,80.247428894,24060,24080,20
13.0063495636,80.247428894,24080,24090,10
13.006070137,80.2474136353,24090,24100,10
13.0053596497,80.2473907471,24100,24110,10
13.0044298172,80.2474594116,24110,24121,11
13.0031404495,80.2476196289,24121,24131,10
13.0019397736,80.2478637695,24131,24141,10
13.000749588,80.2481613159,24141,24151,10
12.9995002747,80.2484664917,24151,24161,10
12.9982795715,80.2487792969,24161,24171,10
12.997010231,80.2490768433,24171,24181,10
12.9957199097,80.2494277954,24181,24191,10
12.9944400787,80.2497634888,24191,24202,11
12.9930801392,80.2500991821,24202,24212,10
12.9918403625,80.2504196167,24212,24222,10
12.9911403656,80.2505874634,24222,24232,10
12.9909801483,80.250579834,24232,24242,10
12.9904603958,80.2507019043,24242,24252,10
12.9896001816,80.2509002686,24252,24262,10
12.9885997772,80.251159668,24262,24272,10
12.9879798889,80.2513122559,24272,24353,81
12.9879798889,80.2513122559,24353,24364,11
12.9877004623,80.2514038086,24364,24374,10
12.9870796204,80.2515563965,24374,24384,10
12.9862499237,80.2518005371,24384,24394,10
12.9851999283,80.2520599365,24394,24404,10
12.9839801788,80.2523803711,24404,24414,10
12.9827003479,80.2526321411,24414,24424,10
12.9813899994,80.2526779175,24424,24434,10
12.9800901413,80.2527389526,24434,24445,11
12.9788599014,80.2526397705,24445,24455,10
12.9786195755,80.2525787354,24455,24465,10
12.9783096313,80.2523803711,24465,24475,10
12.9777603149,80.2518997192,24475,24485,10
12.976940155,80.2513580322,24485,24495,10
12.9757995605,80.2509918213,24495,24505,10
12.9745597839,80.2506332397,24505,24515,10
12.973279953,80.2502670288,24515,24526,11
12.9718704224,80.2499008179,24526,24536,10
12.9705896378,80.2495117188,24536,24546,10
12.9693698883,80.2490615845,24546,24556,10
12.9681797028,80.248588562,24556,24566,10
12.9670495987,80.2481079102,24566,24576,10
12.965929985,80.2476119995,24576,24586,10
12.9652004242,80.2473373413,24586,24596,10
12.9650402069,80.2472763062,24596,24607,11
12.9645204544,80.2471008301,24607,24617,10
12.9637699127,80.2468185425,24617,24627,10
12.9628696442,80.246383667,24627,24637,10
12.9617795944,80.2458496094,24637,24647,10
12.9605998993,80.2452926636,24647,24657,10
12.9593896866,80.2447433472,24657,24667,10
12.9582099915,80.2442169189,24667,24677,10
12.9576597214,80.2439880371,24677,24688,11
12.9568395615,80.2437362671,24688,24698,10
12.9563503265,80.243560791,24698,24708,10
12.9558601379,80.243347168,24708,24718,10
12.9552698135,80.2430496216,24718,24728,10
12.9541597366,80.2425765991,24728,24738,10
12.9530696869,80.2421264648,24738,24748,10
12.9519796371,80.2417297363,24748,24758,10
12.9517002106,80.2416381836,24758,24769,11
12.9513301849,80.2415008545,24769,24779,10
12.9505996704,80.2412490845,24779,24789,10
12.949669838,80.2409667969,24789,24799,10
12.9485702515,80.240562439,24799,24809,10
12.9474496841,80.2401123047,24809,24819,10
12.94713974,80.2399902344,24819,24829,10
12.9467601776,80.2398300171,24829,24839,10
12.9461097717,80.2395477295,24839,24850,11
12.9452295303,80.2390823364,24850,24860,10
12.9444103241,80.2382507324,24860,24870,10
12.9435596466,80.2373199463,24870,24880,10
12.9425096512,80.2365188599,24880,24890,10
12.9412403107,80.2361602783,24890,24900,10
12.9400596619,80.2358627319,24900,24910,10
12.9397602081,80.2357177734,24910,24920,10
12.9394598007,80.2355575562,24920,24931,11
12.9387397766,80.2351989746,24931,24941,10
12.9378900528,80.2347717285,24941,24951,10
12.9368495941,80.2342834473,24951,24961,10
12.9357995987,80.2337799072,24961,24971,10
12.934800148,80.2333297729,24971,24981,10
12.9337396622,80.2328414917,24981,24991,10
12.9326496124,80.232383728,24991,25001,10
12.9314203262,80.2319793701,25001,25012,11
12.9300203323,80.2315673828,25012,25022,10
12.9286899567,80.231300354,25022,25031,9
12.9274396896,80.2311325073,25031,25042,11
12.9259004593,80.2309417725,25042,25052,10
12.9248199463,80.2308578491,25052,25062,10
12.9246797562,80.2308273315,25062,25072,10
12.9241895676,80.2307662964,25072,25082,10
12.9233999252,80.2306594849,25082,25093,11
12.9222602844,80.2304916382,25093,25103,10
12.9210300446,80.2303314209,25103,25113,10
12.9197397232,80.2301635742,25113,25123,10
12.918419838,80.2299804688,25123,25133,10
12.9171199799,80.2297973633,25133,25143,10
12.9158000946,80.2296066284,25143,25153,10
12.9145097733,80.2294235229,25153,25163,10
12.9133195877,80.2292633057,25163,25174,11
12.9120397568,80.2290496826,25174,25184,10
12.9108295441,80.2288894653,25184,25194,10
12.9096097946,80.2287063599,25194,25204,10
12.9083404541,80.2285079956,25204,25214,10
12.9071502686,80.2283401489,25214,25224,10
12.9064502716,80.2282562256,25224,25234,10
12.9058103561,80.2282028198,25234,25244,10
12.90487957,80.2281570435,25244,25255,11
12.9036197662,80.2281036377,25255,25265,10
12.902469635,80.2280502319,25265,25275,10
12.9011096954,80.2279891968,25275,25366,91
12.9011096954,80.2279891968,25366,25376,10
12.9009895325,80.2279434204,25376,25386,10
12.9005002975,80.2278823853,25386,25396,10
12.8997297287,80.2278671265,25396,25406,10
12.899600029,80.2278671265,25406,25417,11
12.8991603851,80.2278289795,25417,25427,10
12.8984003067,80.2277832031,25427,25437,10
12.8974199295,80.2277374268,25437,25447,10
12.8962497711,80.2276763916,25447,25457,10
12.8949804306,80.2276306152,25457,25467,10
12.893699646,80.2275466919,25467,25477,10
12.8927202225,80.2274475098,25477,25487,10
12.8923501968,80.2274093628,25487,25498,11
12.8916702271,80.2273712158,25498,25508,10
12.8907699585,80.2273712158,25508,25518,10
12.8896598816,80.2273635864,25518,25528,10
12.8885097504,80.2273483276,25528,25538,10
12.8874197006,80.2272415161,25538,25548,10
12.8863201141,80.2270126343,25548,25558,10
12.8852500916,80.2267837524,25558,25568,10
12.8849201202,80.2267532349,25568,25578,10
12.8846101761,80.2267379761,25578,25589,11
12.8838596344,80.2267303467,25589,25599,10
12.8829202652,80.2267303467,25599,25609,10
12.8818101883,80.2267303467,25609,25619,10
12.8805999756,80.2267379761,25619,25629,10
12.8793096542,80.2267608643,25629,25639,10
12.8779802322,80.2268295288,25639,25649,10
12.8768100739,80.2269363403,25649,25659,10
12.8764600754,80.2269821167,25659,25670,11
12.8759803772,80.2269973755,25670,25680,10
12.8752098083,80.2269363403,25680,25690,10
12.8741903305,80.2268066406,25690,25700,10
12.8730602264,80.2267227173,25700,25710,10
12.871919632,80.2266769409,25710,25720,10
12.8707799911,80.2266311646,25720,25730,10
12.8696098328,80.2265167236,25730,25740,10
12.8683595657,80.2264022827,25740,25751,11
12.8670396805,80.2264785767,25751,25761,10
12.8658704758,80.2265930176,25761,25771,10
12.8647203445,80.2265930176,25771,25781,10
12.8635997772,80.2265319824,25781,25791,10
12.8624801636,80.2265396118,25791,25801,10
12.8614597321,80.226600647,25801,25811,10
12.8604898453,80.2265396118,25811,25821,10
12.8593997955,80.2263565063,25821,25832,11
12.8585195541,80.2262573242,25832,25842,10
12.8575496674,80.2262573242,25842,25852,10
12.8564901352,80.2263565063,25852,25862,10
12.8554401398,80.2264785767,25862,25872,10
12.8543596268,80.226600647,25872,25882,10
12.853219986,80.2266998291,25882,25892,10
12.8520698547,80.2266693115,25892,25902,10
12.8509702682,80.2266311646,25902,25913,11
12.8504600525,80.2266235352,25913,25923,10
12.8503303528,80.2266082764,25923,25933,10
12.8497400284,80.2265930176,25933,25943,10
12.848859787,80.2265777588,25943,25953,10
12.8477602005,80.2265777588,25953,25963,10
12.8465995789,80.2265777588,25963,25973,10
12.8456802368,80.2265701294,25973,25983,10
12.8453102112,80.2265625,25983,25994,11
12.8445997238,80.2266235352,25994,26004,10
12.8436698914,80.2267227173,26004,26014,10
12.8425197601,80.2269363403,26014,26024,10
12.8413000107,80.2272415161,26024,26034,10
12.8402996063,80.2275390625,26034,26044,10
12.839799881,80.2276916504,26044,26054,10
12.8394403458,80.2277908325,26054,26064,10
12.8388204575,80.2279510498,26064,26075,11
12.8378400803,80.2281799316,26075,26085,10
12.8366804123,80.2283935547,26085,26095,10
12.8354196548,80.2285919189,26095,26105,10
12.8341598511,80.2287979126,26105,26115,10
12.8329896927,80.2289962769,26115,26125,10
12.8323802948,80.2291183472,26125,26135,10
12.8322896957,80.229133606,26135,26145,10
12.8318395615,80.2292175293,26145,26156,11
12.8311004639,80.2294235229,26156,26166,10
12.8302602768,80.2296981812,26166,26176,10
12.8293199539,80.2300720215,26176,26186,10
12.8283195496,80.2305603027,26186,26196,10
12.827340126,80.2311172485,26196,26206,10
12.8263196945,80.2313537598,26206,26216,10
12.8252000809,80.2313995361,26216,26226,10
12.8241300583,80.2312393188,26226,26237,11
12.8229598999,80.2308731079,26237,26247,10
12.8219604492,80.2305831909,26247,26257,10
12.8209295273,80.2304611206,26257,26267,10
12.8198604584,80.2304763794,26267,26277,10
12.8188400269,80.2304229736,26277,26287,10
12.8178501129,80.2299804688,26287,26297,10
12.8167495728,80.2295379639,26297,26307,10
12.815580368,80.2293624878,26307,26318,11
12.8142499924,80.2291412354,26318,26328,10
12.8130598068,80.2287902832,26328,26338,10
12.811920166,80.2283935547,26338,26348,10
12.8107995987,80.2279815674,26348,26358,10
12.8097600937,80.2275314331,26358,26368,10
12.8088302612,80.2269363403,26368,26378,10
12.807970047,80.2262268066,26378,26388,10
12.8072099686,80.2255935669,26388,26399,11
12.8065595627,80.2249984741,26399,26409,10
12.8060398102,80.2245407104,26409,26419,10
12.8055400848,80.2241592407,26419,26429,10
12.8049497604,80.2240066528,26429,26439,10
12.8042802811,80.2239227295,26439,26449,10
12.8036003113,80.2238464355,26449,26459,10
12.8029298782,80.223777771,26459,26469,10
12.802189827,80.2236709595,26469,26480,11
12.8011798859,80.2235565186,26480,26490,10
12.8001899719,80.2235031128,26490,26500,10
12.799249649,80.223449707,26500,26510,10
12.7982797623,80.2233505249,26510,26520,10
12.7972803116,80.2232131958,26520,26530,10
12.7963600159,80.2230300903,26530,26540,10
12.7954702377,80.2228393555,26540,26550,10
12.7945203781,80.22265625,26550,26561,11
12.793390274,80.2224884033,26561,26571,10
12.7923898697,80.222328186,26571,26581,10
12.7913703918,80.222076416,26581,26591,10
12.790309906,80.2218322754,26591,26601,10
12.7895202637,80.2216186523,26601,26611,10
12.7889795303,80.2213973999,26611,26621,10
12.7882099152,80.2210998535,26621,26631,10
12.7874803543,80.2208328247,26631,26642,11
12.7868404388,80.2205886841,26642,26652,10
12.786359787,80.220413208,26652,26672,20
12.786359787,80.220413208,26672,26682,10
12.786239624,80.2203521729,26682,26692,10
12.7861995697,80.2205963135,26692,26702,10
12.7861995697,80.2209472656,26702,26712,10
12.7862195969,80.2214889526,26712,26723,11
12.7862195969,80.2216720581,26723,26733,10
12.7862701416,80.221862793,26733,27604,871
12.7862701416,80.221862793,27604,27614,10
12.7863702774,80.2215499878,27614,27624,10
12.7863397598,80.2212677002,27624,27634,10
12.7862997055,80.2207794189,27634,27644,10
12.7862596512,80.2203826904,27644,27685,41
12.7864599228,80.2203598022,27685,27745,60
12.7864599228,80.2203598022,27745,27755,10
12.7868204117,80.2206115723,27755,27766,11
12.7873697281,80.2208175659,27766,27776,10
12.788020134,80.2210617065,27776,27786,10
12.788769722,80.2213516235,27786,27796,10
12.7895498276,80.2216186523,27796,27806,10
12.7897996902,80.2217102051,27806,27816,10
12.7903995514,80.2218704224,27816,27826,10
12.7912797928,80.222076416,27826,27836,10
12.7923603058,80.2223434448,27836,27847,11
12.7936697006,80.2225494385,27847,27857,10
12.7948999405,80.2227325439,27857,27867,10
12.7960500717,80.22290802,27867,27877,10
12.7964200974,80.2229690552,27877,27887,10
12.7966499329,80.2230300903,27887,27897,10
12.7972202301,80.2231521606,27897,27907,10
12.7980298996,80.2232666016,27907,27917,10
12.7989597321,80.2233581543,27917,27928,11
12.8001804352,80.2234725952,27928,27938,10
12.8012504578,80.2235565186,27938,27948,10
12.8021697998,80.2236709595,27948,27958,10
12.8031797409,80.2238082886,27958,27968,10
12.8042097092,80.2238922119,27968,27978,10
12.805150032,80.2240219116,27978,27988,10
12.8054800034,80.2241134644,27988,27998,10
12.8056898117,80.2242202759,27998,28009,11
12.8062400818,80.2246704102,28009,28019,10
12.8069295883,80.2252807617,28019,28029,10
12.8077898026,80.2260284424,28029,28039,10
12.8087396622,80.2268371582,28039,28049,10
12.8098402023,80.2275466919,28049,28059,10
12.8111600876,80.2280883789,28059,28069,10
12.8126096725,80.2286071777,28069,28079,10
12.8140201569,80.2290725708,28079,28090,11
12.8155899048,80.2293395996,28090,28100,10
12.8170099258,80.2295837402,28100,28110,10
12.8180704117,80.2300415039,28110,28120,10
12.8191995621,80.2304763794,28120,28130,10
12.8202896118,80.2304916382,28130,28140,10
12.8215198517,80.2304916382,28140,28150,10
12.8228302002,80.2307891846,28150,28160,10
12.824259758,80.2311706543,28160,28171,11
12.8258495331,80.2313690186,28171,28181,10
12.8272800446,80.2311706543,28181,28191,10
12.8285198212,80.2304992676,28191,28201,10
12.8297901154,80.2299118042,28201,28211,10
12.8309803009,80.2294311523,28211,28221,10
12.8311700821,80.2293624878,28221,28231,10
12.8312797546,80.2293319702,28231,28241,10
12.8316898346,80.2292022705,28241,28252,11
12.832449913,80.2290267944,28252,28262,10
12.8333797455,80.2288589478,28262,28272,10
12.8345098495,80.2286529541,28272,28282,10
12.8357696533,80.2284622192,28282,28292,10
12.8370399475,80.2282562256,28292,28302,10
12.8383197784,80.2280273438,28302,28312,10
12.8391399384,80.2278137207,28312,28322,10
12.8395500183,80.2277374268,28322,28333,11
12.8398704529,80.2276382446,28333,28343,10
12.8405103683,80.2274627686,28343,28353,10
12.8413600922,80.2272186279,28353,28363,10
12.8424501419,80.2269592285,28363,28373,10
12.8436603546,80.2267379761,28373,28383,10
12.8454198837,80.2265625,28383,28403,20
12.8454198837,80.2265625,28403,28414,11
12.8458204269,80.2265472412,28414,28424,10
12.8465795517,80.2265396118,28424,28434,10
12.8475999832,80.2265396118,28434,28444,10
12.848739624,80.2265396118,28444,28454,10
12.8500099182,80.2265319824,28454,28464,10
12.8514003754,80.2265777588,28464,28474,10
12.852809906,80.2266387939,28474,28484,10
12.8542098999,80.2265625,28484,28495,11
12.8558502197,80.2263793945,28495,28505,10
12.8574399948,80.2262268066,28505,28515,10
12.8587303162,80.2262268066,28515,28525,10
12.8600997925,80.2264175415,28525,28535,10
12.8609600067,80.2265167236,28535,28545,10
12.861289978,80.2265319824,28545,28555,10
12.8619604111,80.2265090942,28555,28565,10
12.8628501892,80.2264709473,28565,28576,11
12.8640403748,80.2264862061,28576,28586,10
12.8653001785,80.2265396118,28586,28596,10
12.8666496277,80.2264862061,28596,28606,10
12.8680400848,80.2263565063,28606,28616,10
12.8694200516,80.2264175415,28616,28626,10
12.8708295822,80.2265701294,28626,28636,10
12.872179985,80.2266311646,28636,28646,10
12.8727798462,80.2266235352,28646,28657,11
12.872879982,80.2266311646,28657,28667,10
12.8733797073,80.2266616821,28667,28677,10
12.8741703033,80.2267227173,28677,28687,10
12.8751602173,80.226852417,28687,28697,10
12.8762998581,80.2269134521,28697,28707,10
12.8767404556,80.226890564,28707,28717,10
12.8769397736,80.2268981934,28717,28727,10
12.8775501251,80.226852417,28727,28738,11
12.8785200119,80.2267684937,28738,28748,10
12.8796195984,80.2267303467,28748,28758,10
12.8808603287,80.2266921997,28758,28768,10
12.8821601868,80.2266693115,28768,28778,10
12.8835000992,80.2266616821,28778,28788,10
12.8846998215,80.2266387939,28788,28798,10
12.8852596283,80.2266616821,28798,28808,10
12.8854799271,80.2266998291,28808,28819,11
12.8861398697,80.2268829346,28819,28829,10
12.8870201111,80.2270889282,28829,28839,10
12.8880996704,80.2272567749,28839,28849,10
12.8893499374,80.2273101807,28849,28859,10
12.8903999329,80.2273025513,28859,28869,10
12.8920001984,80.2273101807,28869,28879,10
12.8930397034,80.2274017334,28879,28889,10
12.894200325,80.2275390625,28889,28900,11
12.8955898285,80.2276077271,28900,28910,10
12.8968801498,80.2276687622,28910,28920,10
12.8981895447,80.2277297974,28920,28930,10
12.8994102478,80.2278137207,28930,28940,10
12.9002304077,80.2278366089,28940,28950,10
12.9006004333,80.2278671265,28950,28960,10
12.9009504318,80.227897644,28960,28970,10
12.9014196396,80.2279205322,28970,28981,11
12.902179718,80.2279586792,28981,28991,10
12.9024000168,80.2279815674,28991,29001,10
12.9024600983,80.2279891968,29001,29011,10
12.9028997421,80.2280197144,29011,29021,10
12.9036302567,80.2280731201,29021,29031,10
12.9042596817,80.2280807495,29031,29041,10
12.9050703049,80.2281570435,29041,29051,10
12.9060001373,80.2282028198,29051,29062,11
12.9063997269,80.2282333374,29062,29072,10
12.9064998627,80.2282333374,29072,29082,10
12.9068899155,80.2282714844,29082,29092,10
12.9076700211,80.2283630371,29092,29102,10
12.9086999893,80.2285232544,29102,29112,10
12.9098997116,80.2287063599,29112,29122,10
12.9112796783,80.2289123535,29122,29132,10
12.912779808,80.2291564941,29132,29143,11
12.9138298035,80.2292480469,29143,29153,10
12.9138698578,80.2292633057,29153,29163,10
12.9142503738,80.229347229,29163,29173,10
12.9149999619,80.2294464111,29173,29183,10
12.9159898758,80.2295913696,29183,29193,10
12.9171495438,80.2297515869,29193,29203,10
12.9184503555,80.2299423218,29203,29213,10
12.9198703766,80.2301330566,29213,29224,11
12.9214696884,80.2303237915,29224,29234,10
12.9228801727,80.2305221558,29234,29244,10
12.9242897034,80.2307128906,29244,29254,10
12.9256896973,80.2308883667,29254,29264,10
12.9264602661,80.2309494019,29264,29274,10
12.9265203476,80.2309570313,29274,29284,10
12.9269599915,80.2310180664,29284,29294,10
12.9277000427,80.2311096191,29294,29305,11
12.9287500381,80.2312469482,29305,29315,10
12.9298696518,80.2314834595,29315,29325,10
12.9310998917,80.2318191528,29325,29335,10
12.9324502945,80.2322616577,29335,29345,10
12.9335603714,80.2326812744,29345,29355,10
12.9336795807,80.2327423096,29355,29365,10
12.9337997437,80.2327880859,29365,29375,10
12.9342403412,80.233001709,29375,29386,11
12.9350700378,80.2333679199,29386,29396,10
12.9359703064,80.2337722778,29396,29406,10
12.9370002747,80.2342834473,29406,29416,10
12.9381303787,80.2348403931,29416,29426,10
12.9397001266,80.2356491089,29426,29446,20
12.9397001266,80.2356491089,29446,29456,10
12.9400501251,80.2358016968,29456,29467,11
12.9407997131,80.236000061,29467,29477,10
12.9416799545,80.2362136841,29477,29487,10
12.9427099228,80.236541748,29487,29497,10
12.9436502457,80.2372589111,29497,29507,10
12.9445104599,80.2382125854,29507,29517,10
12.9454698563,80.2391662598,29517,29527,10
12.9466495514,80.239730835,29527,29537,10
12.9473600388,80.2399902344,29537,29548,11
12.9473800659,80.2399902344,29548,29558,10
12.9477300644,80.2401275635,29558,29568,10
12.9483203888,80.2403793335,29568,29578,10
12.949090004,80.2406997681,29578,29588,10
12.9500398636,80.2410202026,29588,29598,10
12.951089859,80.241317749,29598,29618,20
12.951089859,80.241317749,29618,29629,11
12.9511899948,80.2413635254,29629,29639,10
12.9515199661,80.2414703369,29639,29649,10
12.9517097473,80.2415390015,29649,29659,10
12.9521999359,80.2417373657,29659,29669,10
12.9529304504,80.2420120239,29669,29679,10
12.9536600113,80.2422790527,29679,29689,10
12.9548397064,80.242729187,29689,29699,10
12.9554901123,80.243019104,29699,29710,11
12.9562997818,80.243347168,29710,29720,10
12.9564800262,80.2434616089,29720,29730,10
12.9569997787,80.2436599731,29730,29740,10
12.9577703476,80.2439727783,29740,29750,10
12.9586801529,80.2443237305,29750,29760,10
12.9589300156,80.244430542,29760,29770,10
12.9590301514,80.244468689,29770,29780,10
12.9594602585,80.244682312,29780,29790,10
12.9601402283,80.2449798584,29790,29801,11
12.9610595703,80.2454299927,29801,29811,10
12.9620704651,80.2459487915,29811,29821,10
12.9631004333,80.2464828491,29821,29831,10
12.9635896683,80.2467269897,29831,29841,10
12.9640798569,80.2469100952,29841,29851,10
12.9648199081,80.2471618652,29851,29861,10
12.9657201767,80.2474517822,29861,29871,10
12.9666204453,80.2477798462,29871,29882,11
12.9666900635,80.2478179932,29882,29892,10
12.9668598175,80.2479019165,29892,29902,10
12.9672803879,80.2481536865,29902,29912,10
12.9679803848,80.2484817505,29912,29922,10
12.968870163,80.2488479614,29922,29932,10
12.969909668,80.2492675781,29932,29942,10
12.9710502625,80.249671936,29942,29952,10
12.9722795486,80.2499771118,29952,29963,11
12.9736499786,80.2503433228,29963,29973,10
12.9749202728,80.2506866455,29973,29983,10
12.9762096405,80.2510604858,29983,29993,10
12.9773797989,80.2514572144,29993,30003,10
12.9782896042,80.252166748,30003,30013,10
12.9786500931,80.2523803711,30013,30023,10
12.978679657,80.2524032593,30023,30033,10
12.9790401459,80.2525405884,30033,30044,11
12.9796800613,80.2526702881,30044,30054,10
12.9803600311,80.2526779175,30054,30064,10
12.9812002182,80.2526397705,30064,30074,10
12.982219696,80.2526168823,30074,30084,10
12.983420372,80.2525100708,30084,30094,10
12.9846601486,80.2521972656,30094,30104,10
12.9858903885,80.2518615723,30104,30114,10
12.9874696732,80.2514190674,30114,30165,51
12.9874696732,80.2514190674,30165,30175,10
12.9877004623,80.2513580322,30175,30185,10
12.988120079,80.2512588501,30185,30195,10
12.9888296127,80.251083374,30195,30206,11
12.9894695282,80.2509002686,30206,30216,10
12.9895296097,80.2508926392,30216,30226,10
12.989859581,80.2508163452,30226,30236,10
12.9904603958,80.2506637573,30236,30246,10
12.9912500381,80.2504730225,30246,30256,10
12.9921798706,80.2502365112,30256,30266,10
12.9931898117,80.2499923706,30266,30276,10
12.9942598343,80.249710083,30276,30287,11
12.9953804016,80.2494430542,30287,30297,10
12.9964399338,80.2491607666,30297,30307,10
12.9975404739,80.248878479,30307,30317,10
12.9986495972,80.2485961914,30317,30327,10
12.9997596741,80.2483291626,30327,30337,10
13.0008802414,80.2480621338,30337,30347,10
13.0019798279,80.2478027344,30347,30357,10
13.0030603409,80.2475662231,30357,30368,11
13.0042800903,80.2473678589,30368,30378,10
13.005399704,80.2472000122,30378,30388,10
13.0065803528,80.2464370728,30388,30408,20
13.0065803528,80.2464370728,30408,30418,10
13.0066404343,80.2462081909,30418,30428,10
13.0066900253,80.2456893921,30428,30438,10
13.0066699982,80.2449417114,30438,30449,11
13.006649971,80.2440795898,30449,30459,10
13.006649971,80.2434463501,30459,30469,10
13.0066204071,80.2426986694,30469,30479,10
13.0066900253,80.2407989502,30479,30489,10
13.0066900253,80.2407989502,30489,30499,10
13.0068101883,80.2401504517,30499,30509,10
13.0069503784,80.2394790649,30509,30519,10
13.0071001053,80.2386169434,30519,30530,11
13.0073404312,80.2375869751,30530,30540,10
13.0074596405,80.2367706299,30540,30552,12
13.0075101852,80.2366409302,30552,30562,10
13.0076198578,80.2362136841,30562,30572,10
13.0077695847,80.2355575562,30572,30582,10
13.0079298019,80.2347412109,30582,30591,9
13.0081195831,80.2338027954,30591,30602,11
13.0083799362,80.2324981689,30602,30613,11
13.0086402893,80.2312164307,30613,30623,10
13.0089101791,80.2297973633,30623,30633,10
13.0091695786,80.2285766602,30633,30643,10
13.0095500946,80.2274475098,30643,30653,10
13.0100402832,80.226348877,30653,30663,10
13.0105400085,80.2253570557,30663,30673,10
13.0109500885,80.2243804932,30673,30683,10
13.0113801956,80.2234725952,30683,30694,11
13.0115995407,80.2228088379,30694,30704,10
13.0119199753,80.2219772339,30704,30714,10
13.0123500824,80.2214431763,30714,30724,10
13.0126695633,80.2219009399,30724,30734,10
13.0132398605,80.2225418091,30734,30744,10
13.0138902664,80.2232818604,30744,30754,10
13.0143299103,80.2238693237,30754,30764,10
13.0148000717,80.2244415283,30764,30775,11
13.0151996613,80.2248382568,30775,30784,9
13.0157804489,80.225227356,30784,30805,21
13.0157804489,80.225227356,30805,30815,10
13.015879631,80.2253265381,30815,30825,10
13.016289711,80.2254104614,30825,30835,10
13.0170402527,80.2251968384,30835,30845,10
13.0179595947,80.2248077393,30845,30856,11
13.019490242,80.2243499756,30856,30886,30
13.019490242,80.2243499756,30886,30896,10
13.019659996,80.2244491577,30896,30906,10
13.0197000504,80.2244720459,30906,30916,10
13.0198202133,80.224571228,30916,30926,10
13.0202198029,80.2249069214,30926,30936,10
13.0208597183,80.2253723145,30936,30947,11
13.0216598511,80.225982666,30947,30957,10
13.0223798752,80.2265625,30957,30967,10
13.0231199265,80.2272262573,30967,30977,10
13.0237197876,80.2277374268,30977,31068,91
13.0239496231,80.2279891968,31068,31969,901
13.0239496231,80.2279891968,31969,31979,10
13.0239496231,80.2282028198,31979,31990,11
13.0243902206,80.2286300659,31990,32071,81
13.0243902206,80.2286300659,32071,32081,10
13.0242900848,80.2286376953,32081,32091,10
13.0240497589,80.2283782959,32091,32101,10
13.0237998962,80.2280502319,32101,32111,10
13.0234498978,80.2276763916,32111,32141,30
13.0234498978,80.2276763916,32141,32152,11
13.0231599808,80.2273635864,32152,32567,415
13.0231599808,80.2273635864,32567,32577,10
13.023059845,80.227142334,32577,32587,10
13.0228395462,80.2269210815,32587,32597,10
13.0225296021,80.2266693115,32597,32607,10
13.022190094,80.2263793945,32607,32617,10
13.0218801498,80.2261199951,32617,32627,10
13.0215997696,80.2258911133,32627,32638,11
13.0212202072,80.2256088257,32638,32648,10
13.0209999084,80.2254562378,32648,32658,10
13.0208501816,80.225402832,32658,32668,10
13.0204801559,80.2251815796,32668,32678,10
13.0199298859,80.224822998,32678,32698,20
13.0199298859,80.224822998,32698,32708,10
13.0197200775,80.2246398926,32708,32719,11
13.0191602707,80.2244415283,32719,32729,10
13.0184803009,80.2245864868,32729,32739,10
13.017780304,80.224899292,32739,32749,10
13.0170202255,80.2252426147,32749,32759,10
13.0164403915,80.2254562378,32759,32769,10
13.0159196854,80.2256164551,32769,32779,10
13.0152797699,80.2258911133,32779,32789,10
13.0145301819,80.2261734009,32789,32830,41
13.0145301819,80.2261734009,32830,32840,10
13.0144100189,80.2262115479,32840,32850,10
13.0141601563,80.2262878418,32850,32860,10
13.0137701035,80.2264328003,32860,32870,10
13.013299942,80.2266082764,32870,32880,10
13.0128002167,80.2267913818,32880,32891,11
13.0122299194,80.2270584106,32891,32901,10
13.0117301941,80.2272796631,32901,32911,10
13.0111703873,80.2275085449,32911,32921,10
13.01060009,80.2277526855,32921,32931,10
13.0100402832,80.2279815674,32931,32941,10
13.0094900131,80.2282333374,32941,32951,10
13.009180069,80.2285766602,32951,32961,10
13.0090398788,80.2292098999,32961,32972,11
13.0089597702,80.2297286987,32972,32982,10
13.0088500977,80.2302627563,32982,32992,10
13.0087499619,80.2307128906,32992,33002,10
13.0086698532,80.2310714722,33002,33012,10
13.0085697174,80.2315216064,33012,33103,91
13.0085697174,80.2315216064,33103,33113,10
13.0085897446,80.2315979004,33113,33123,10
13.0085096359,80.2319869995,33123,33134,11
13.0083799362,80.2326507568,33134,33144,10
13.0082702637,80.2333221436,33144,33154,10
13.0082502365,80.2333831787,33154,33164,10
13.0081996918,80.2334899902,33164,33174,10
13.0081100464,80.2338790894,33174,33184,10
13.0079698563,80.2344970703,33184,33194,10
13.0078201294,80.2351989746,33194,33204,10
13.0076599121,80.2360687256,33204,33215,11
13.0074300766,80.2372589111,33215,33225,10
13.0072698593,80.2383575439,33225,33235,10
13.0070896149,80.2393417358,33235,33245,10
13.0069303513,80.239982605,33245,33336,91
13.0069303513,80.239982605,33336,33346,10
13.0068902969,80.240196228,33346,33356,10
13.0068702698,80.2405319214,33356,33366,10
13.0068597794,80.2405471802,33366,33377,11
13.006770134,80.2409667969,33377,33387,10
13.0067300797,80.2415466309,33387,33397,10
13.0067300797,80.2423629761,33397,33407,10
13.0066795349,80.2432403564,33407,33417,10
13.0066795349,80.2443771362,33417,33427,10
13.0067100525,80.2455673218,33427,33437,10
13.0067300797,80.246711731,33437,33447,10
13.0061702728,80.2474365234,33447,33468,21
13.0061702728,80.2474365234,33468,33478,10
13.0058202744,80.2473678589,33478,33488,10
13.0052604675,80.2473602295,33488,33498,10
13.0044603348,80.2473983765,33498,33508,10
13.0035200119,80.2475280762,33508,33518,10
13.0024404526,80.2477035522,33518,33528,10
13.0014095306,80.2479705811,33528,33539,11
13.0002098083,80.2482681274,33539,33549,10
12.9990901947,80.2485733032,33549,33559,10
12.9980201721,80.2488632202,33559,33579,20
12.9980201721,80.2488632202,33579,33589,10
12.9979600906,80.2488632202,33589,33599,10
12.9975795746,80.2489471436,33599,33609,10
12.9969596863,80.2490692139,33609,33619,10
12.9961700439,80.2492523193,33619,33630,11
12.99518013,80.2495193481,33630,33640,10
12.9941301346,80.2498092651,33640,33650,10
12.9929800034,80.2500991821,33650,33660,10
12.9917802811,80.2504119873,33660,33670,10
12.9910297394,80.2506027222,33670,33700,30
12.9910297394,80.2506027222,33700,33711,11
12.9909801483,80.2505493164,33711,33721,10
12.9908599854,80.2506027222,33721,33731,10
12.9903802872,80.2507400513,33731,33741,10
12.9896202087,80.2509231567,33741,33751,10
12.9886703491,80.251121521,33751,33761,10
12.9878997803,80.2513198853,33761,33771,10
12.986869812,80.251663208,33771,33781,10
12.9859800339,80.2518768311,33781,33792,11
12.9846200943,80.252243042,33792,33802,10
12.983420372,80.2525634766,33802,33812,10
12.9821796417,80.2526626587,33812,33822,10
12.9810199738,80.2526626587,33822,33832,10
12.9802103043,80.252746582,33832,33842,10
12.9795398712,80.2527084351,33842,33852,10
12.9785003662,80.2525024414,33852,33873,21
12.9785003662,80.2525024414,33873,33883,10
12.9781904221,80.2522277832,33883,33893,10
12.9777002335,80.2518005371,33893,33903,10
12.9769802094,80.2513427734,33903,33913,10
12.9760103226,80.2510528564,33913,33923,10
12.9749698639,80.2507705688,33923,33933,10
12.9739398956,80.2504730225,33933,33943,10
12.9726104736,80.2500762939,33943,33954,11
12.9712400436,80.249710083,33954,33964,10
12.970000267,80.2493209839,33964,33974,10
12.9687900543,80.248840332,33974,33984,10
12.967590332,80.2483673096,33984,33994,10
12.9664802551,80.2478408813,33994,34004,10
12.9650096893,80.2472763062,34004,34024,20
12.9650096893,80.2472763062,34024,34035,11
12.9647197723,80.2471618652,34035,34045,10
12.964220047,80.2469787598,34045,34055,10
12.9635095596,80.246673584,34055,34065,10
12.9626598358,80.2462692261,34065,34075,10
12.961640358,80.2457733154,34075,34085,10
12.9605503082,80.2452774048,34085,34095,10
12.9595298767,80.2448425293,34095,34105,10
12.9593496323,80.2447509766,34105,34116,11
12.9593000412,80.2447433472,34116,34126,10
12.9588804245,80.2444915771,34126,34136,10
12.9582300186,80.2442092896,34136,34146,10
12.9576501846,80.2440109253,34146,34156,10
12.9568901062,80.2437973022,34156,34166,10
12.9564399719,80.2436676025,34166,34176,10
12.9562902451,80.243637085,34176,34186,10
12.9558200836,80.243347168,34186,34197,11
12.955039978,80.2429428101,34197,34207,10
12.9542798996,80.2425994873,34207,34217,10
12.9536895752,80.2423171997,34217,34227,10
12.95291996,80.2420196533,34227,34237,10
12.9516601563,80.2416305542,34237,34257,20
12.9516601563,80.2416305542,34257,34267,10
12.9512701035,80.2414779663,34267,34278,11
12.9505300522,80.2412414551,34278,34288,10
12.9496097565,80.2409591675,34288,34298,10
12.9485702515,80.2406005859,34298,34308,10
12.9470100403,80.2399368286,34308,34328,20
12.9470100403,80.2399368286,34328,34338,10
12.9467201233,80.2397994995,34338,34348,10
12.946149826,80.2395629883,34348,34359,11
12.9453001022,80.2391586304,34359,34369,10
12.9445400238,80.2383804321,34369,34379,10
12.9437398911,80.237487793,34379,34389,10
12.9428901672,80.2366867065,34389,34399,10
12.9417295456,80.2362594604,34399,34409,10
12.9404296875,80.2359390259,34409,34419,10
12.939499855,80.2355804443,34419,34429,10
12.9384899139,80.2351074219,34429,34439,10
12.9374103546,80.2345581055,34439,34450,11
12.9362897873,80.2340164185,34450,34460,10
12.9358797073,80.2337799072,34460,34470,10
12.9354896545,80.2336196899,34470,34480,10
12.9348497391,80.2333602905,34480,34490,10
12.934009552,80.2329788208,34490,34500,10
12.933719635,80.2328414917,34500,34510,10
12.9336395264,80.2327804565,34510,34520,10
12.9332304001,80.2325973511,34520,34531,11
12.9324302673,80.2322998047,34531,34541,10
12.931520462,80.2320022583,34541,34551,10
12.9303998947,80.2316589355,34551,34561,10
12.9292497635,80.2313766479,34561,34571,10
12.9280595779,80.2311706543,34571,34581,10
12.9268598557,80.231010437,34581,34591,10
12.9257497787,80.2308807373,34591,34601,10
12.924539566,80.2307434082,34601,34612,11
12.9233598709,80.2306137085,34612,34622,10
12.9221897125,80.2304534912,34622,34632,10
12.9208898544,80.2302398682,34632,34642,10
12.9194402695,80.2300491333,34642,34652,10
12.917889595,80.229850769,34652,34662,10
12.9165697098,80.2296600342,34662,34672,10
12.9152297974,80.2294616699,34672,34682,10
12.9138402939,80.2292709351,34682,34693,11
12.9132003784,80.2292404175,34693,34703,10
12.9129800797,80.2291793823,34703,34713,10
12.9124698639,80.2290802002,34713,34723,10
12.9116601944,80.2289810181,34723,34733,10
12.9106397629,80.2288284302,34733,34743,10
12.9095096588,80.2286376953,34743,34753,10
12.9082899094,80.2284622192,34753,34763,10
12.9070901871,80.2282867432,34763,34774,11
12.9060602188,80.2281799316,34774,34784,10
12.9049396515,80.2281417847,34784,34794,10
12.904129982,80.2281112671,34794,34804,10
12.9033298492,80.2280883789,34804,34814,10
12.9024000168,80.2280502319,34814,34824,10
12.9017601013,80.2280197144,34824,34834,10
12.901550293,80.228012085,34834,34844,10
12.9011497498,80.2279891968,34844,34855,11
12.9006204605,80.2279434204,34855,34865,10
12.8999795914,80.227897644,34865,34875,10
12.8994398117,80.2278823853,34875,34885,10
12.8990001678,80.2278366089,34885,34895,10
12.8983201981,80.2277984619,34895,34905,10
12.897480011,80.2277679443,34905,34915,10
12.8964195251,80.227722168,34915,34925,10
12.8952903748,80.2276763916,34925,34936,11
12.894080162,80.2276382446,34936,34946,10
12.8935699463,80.2275466919,34946,34956,10
12.8930301666,80.2274627686,34956,34966,10
12.8922100067,80.2273788452,34966,34976,10
12.8911800385,80.2273635864,34976,34986,10
12.8900203705,80.2273635864,34986,34996,10
12.8887796402,80.2273635864,34996,35006,10
12.8875303268,80.2272720337,35006,35017,11
12.8861703873,80.2269592285,35017,35027,10
12.8851099014,80.2267608643,35027,35037,10
12.8848800659,80.2267532349,35037,35047,10
12.8846597672,80.2267532349,35047,35057,10
12.8840799332,80.2267379761,35057,35067,10
12.8832397461,80.2267303467,35067,35077,10
12.8822002411,80.2267379761,35077,35087,10
12.8809995651,80.2267532349,35087,35098,11
12.8795995712,80.2267608643,35098,35108,10
12.8782596588,80.2268218994,35108,35118,10
12.8771400452,80.2269134521,35118,35128,10
12.8763999939,80.2269821167,35128,35138,10
12.8762702942,80.2269897461,35138,35148,10
12.87596035,80.2269897461,35148,35158,10
12.8752698898,80.2269363403,35158,35168,10
12.8742904663,80.2268066406,35168,35179,11
12.873049736,80.2266998291,35179,35189,10
12.8725795746,80.2267227173,35189,35199,10
12.8724498749,80.2267227173,35199,35209,10
12.8719396591,80.2266998291,35209,35219,10
12.8711595535,80.2266616821,35219,35229,10
12.8702001572,80.2265777588,35229,35239,10
12.8690595627,80.2264328003,35239,35249,10
12.8677997589,80.2264175415,35249,35259,10
12.866519928,80.2265625,35259,35270,11
12.8650503159,80.2266082764,35270,35280,10
12.8637104034,80.2265472412,35280,35290,10
12.8623504639,80.2265472412,35290,35300,10
12.8611698151,80.2265777588,35300,35310,10
12.859919548,80.2264480591,35310,35320,10
12.8590097427,80.2263183594,35320,35330,10
12.8581800461,80.2262573242,35330,35340,10
12.8571395874,80.2263031006,35340,35351,11
12.8558597565,80.2264404297,35351,35361,10
12.8545598984,80.2265625,35361,35371,10
12.8531904221,80.2266998291,35371,35381,10
12.8518104553,80.2266769409,35381,35391,10
12.8507604599,80.2266464233,35391,35401,10
12.8503599167,80.2266387939,35401,35411,10
12.8501596451,80.226600647,35411,35421,10
12.8495397568,80.2265777588,35421,35432,11
12.8485202789,80.2265777588,35432,35442,10
12.8473701477,80.226600647,35442,35452,10
12.8461799622,80.2266082764,35452,35462,10
12.8456001282,80.2266082764,35462,35472,10
12.8455400467,80.2265396118,35472,35482,10
12.8451700211,80.2265777588,35482,35492,10
12.8444700241,80.2266311646,35492,35502,10
12.8435897827,80.2267379761,35502,35513,11
12.8423595428,80.2269515991,35513,35523,10
12.8411197662,80.2272491455,35523,35533,10
12.8401603699,80.2275314331,35533,35543,10
12.8397197723,80.2276229858,35543,35553,10
12.8395595551,80.2276992798,35553,35563,10
12.8390903473,80.2278366089,35563,35573,10
12.8383197784,80.2280426025,35573,35583,10
12.8373498917,80.2282333374,35583,35594,11
12.8360795975,80.2284164429,35594,35604,10
12.8348197937,80.2285995483,35604,35614,10
12.8334999084,80.2288513184,35614,35624,10
12.832400322,80.2291030884,35624,35634,10
12.8321895599,80.2291488647,35634,35644,10
12.8321504593,80.2291564941,35644,35654,10
12.8317604065,80.2292404175,35654,35664,10
12.8310403824,80.2294311523,35664,35675,11
12.8299703598,80.2298202515,35675,35685,10
12.8288402557,80.2303009033,35685,35695,10
12.8277101517,80.2309112549,35695,35705,10
12.8264598846,80.231338501,35705,35715,10
12.8249902725,80.2313995361,35715,35725,10
12.8235197067,80.2310562134,35725,35735,10
12.821969986,80.2305984497,35735,35745,10
12.8203496933,80.2304763794,35745,35756,11
12.8190202713,80.2304992676,35756,35766,10
12.8189096451,80.2304916382,35766,35776,10
12.8187198639,80.2304534912,35776,35786,10
12.8182001114,80.2301635742,35786,35796,10
12.8174104691,80.2297821045,35796,35806,10
12.8163499832,80.2294921875,35806,35816,10
12.8151397705,80.2293014526,35816,35826,10
12.8138103485,80.2290420532,35826,35837,11
12.8122596741,80.2285308838,35837,35847,10
12.8107595444,80.2279434204,35847,35857,10
12.8092403412,80.2272491455,35857,35867,10
12.8079204559,80.2261810303,35867,35877,10
12.8068704605,80.2252883911,35877,35887,10
12.8060903549,80.224571228,35887,35897,10
12.8055000305,80.2241287231,35897,35907,10
12.8052997589,80.224067688,35907,35918,11
12.8051204681,80.2240066528,35918,35928,10
12.8048696518,80.2239532471,35928,35938,10
12.8042402267,80.2238922119,35938,35948,10
12.8037099838,80.2238388062,35948,35958,10
12.8029203415,80.2237625122,35958,35968,10
12.8018598557,80.2236404419,35968,35978,10
12.8006801605,80.2235183716,35978,35988,10
12.7994098663,80.2234115601,35988,35999,11
12.7979202271,80.2232589722,35999,36009,10
12.7964801788,80.2230224609,36009,36019,10
12.7950296402,80.2227630615,36019,36029,10
12.7936000824,80.2225494385,36029,36039,10
12.7922201157,80.2223205566,36039,36049,10
12.7909202576,80.2220077515,36049,36059,10
12.7897596359,80.2217025757,36059,36069,10
12.7890100479,80.2214202881,36069,36080,11
12.7880601883,80.2210388184,36080,36090,10
12.7874498367,80.2208099365,36090,36100,10
12.78703022,80.2206268311,36100,36110,10
12.7867202759,80.2205200195,36110,36130,20
12.7867202759,80.2205200195,36130,36140,10
12.7867097855,80.2205200195,36140,36150,10
12.7863798141,80.220413208,36150,36160,10
12.7862596512,80.2205581665,36160,36171,11
12.786239624,80.2209472656,36171,36181,10
12.7862100601,80.2212295532,36181,36191,10
12.786239624,80.2215805054,36191,36201,10
12.7862300873,80.2216567993,36201,36211,10
12.7863302231,80.2218933105,36211,36758,547
12.7863302231,80.2218933105,36758,36768,10
12.7864303589,80.2217712402,36768,36778,10
12.7863798141,80.2216491699,36778,36788,10
12.7863502502,80.2215881348,36788,36798,10
12.7862796783,80.2213973999,36798,36809,11
12.7862501144,80.2210388184,36809,36819,10
12.7862100601,80.2205123901,36819,36859,40
12.7862100601,80.2205123901,36859,36869,10
12.7864904404,80.2203903198,36869,36890,21
12.7864904404,80.2203903198,36890,36900,10
12.7866296768,80.2204666138,36900,36910,10
12.7868995667,80.2205963135,36910,36920,10
12.7874002457,80.2207794189,36920,36930,10
12.7878303528,80.2209320068,36930,36940,10
12.7881698608,80.2210769653,36940,36950,10
12.788769722,80.221321106,36950,36960,10
12.7895002365,80.2215805054,36960,36970,10
12.7896003723,80.2216262817,36970,36981,11
12.7899599075,80.2217407227,36981,36991,10
12.7906799316,80.2218933105,36991,37001,10
12.7916097641,80.2221221924,37001,37011,10
12.7927103043,80.222366333,37011,37021,10
12.7938804626,80.2225494385,37021,37031,10
12.7949695587,80.2227325439,37031,37041,10
12.7961101532,80.2229232788,37041,37051,10
12.7965097427,80.2229614258,37051,37062,11
12.7969198227,80.2230377197,37062,37072,10
12.7976303101,80.2231674194,37072,37082,10
12.79845047,80.2232818604,37082,37092,10
12.7994203568,80.2233810425,37092,37102,10
12.8005199432,80.223487854,37102,37112,10
12.8014802933,80.2235794067,37112,37122,10
12.8019399643,80.2236175537,37122,37132,10
12.8026800156,80.2237167358,37132,37143,11
12.8036003113,80.2238311768,37143,37153,10
12.8044700623,80.2238998413,37153,37163,10
12.8052797318,80.2240371704,37163,37173,10
12.8055000305,80.2241134644,37173,37183,10
12.8056201935,80.2241821289,37183,37193,10
12.8060102463,80.2245025635,37193,37203,10
12.8066596985,80.2250518799,37203,37213,10
12.8074197769,80.2257232666,37213,37224,11
12.808380127,80.2265396118,37224,37234,10
12.8093395233,80.2273025513,37234,37244,10
12.8104696274,80.2278137207,37244,37254,10
12.8116903305,80.2282867432,37254,37264,10
12.8129501343,80.2287368774,37264,37274,10
12.8142204285,80.229133606,37274,37284,10
12.8155498505,80.2293395996,37284,37294,10
12.8168802261,80.2295532227,37294,37305,11
12.8182497025,80.2301101685,37305,37315,10
12.8194704056,80.2304611206,37315,37325,10
12.8205003738,80.2304229736,37325,37335,10
12.8216400146,80.23046875,37335,37345,10
12.8227796555,80.2307662964,37345,37355,10
12.8239803314,80.2311172485,37355,37365,10
12.825220108,80.2313690186,37365,37375,10
12.82654953,80.2312927246,37375,37386,11
12.82791996,80.2307891846,37386,37396,10
12.8291101456,80.2301483154,37396,37406,10
12.8303499222,80.2296524048,37406,37416,10
12.8310604095,80.2293395996,37416,37426,10
12.8310699463,80.2293395996,37426,37436,10
12.8314304352,80.2292327881,37436,37446,10
12.8320503235,80.2290725708,37446,37456,10
12.8328504562,80.2288970947,37456,37467,11
12.8339500427,80.2287063599,37467,37477,10
12.8350696564,80.2285232544,37477,37487,10
12.836230278,80.2283630371,37487,37497,10
12.837389946,80.2281723022,37497,37507,10
12.83852005,80.2279434204,37507,37517,10
12.839220047,80.2277832031,37517,37527,10
12.8395595551,80.2276992798,37527,37537,10
12.8400602341,80.2275619507,37537,37548,11
12.8409004211,80.2273178101,37548,37558,10
12.8418598175,80.2270507813,37558,37568,10
12.8429498672,80.2268371582,37568,37578,10
12.8440999985,80.2266616821,37578,37588,10
12.845410347,80.2265625,37588,37618,30
12.845410347,80.2265625,37618,37628,10
12.8454198837,80.2265472412,37628,37639,11
12.845870018,80.2265472412,37639,37649,10
12.846619606,80.2265319824,37649,37659,10
12.8475704193,80.2265167236,37659,37669,10
12.8486404419,80.2265167236,37669,37679,10
12.850060463,80.2264862061,37679,37689,10
12.850060463,80.2264862061,37689,37699,10
12.8504495621,80.2265014648,37699,37709,10
12.8511695862,80.2265167236,37709,37720,11
12.8521795273,80.2265777588,37720,37730,10
12.8533201218,80.2266082764,37730,37740,10
12.8545398712,80.2264862061,37740,37752,12
12.8558197021,80.2263565063,37752,37762,10
12.8574104309,80.2261962891,37762,37772,10
12.8585796356,80.2261962891,37772,37782,10
12.8599796295,80.2263793945,37782,37791,9
12.8607597351,80.2264785767,37791,37803,12
12.8608398438,80.2265014648,37803,37813,10
12.8612699509,80.2265319824,37813,37823,10
12.8620004654,80.2265090942,37823,37833,10
12.8629102707,80.2264633179,37833,37843,10
12.8640298843,80.2264785767,37843,37853,10
12.8653001785,80.2265319824,37853,37863,10
12.8666601181,80.2264633179,37863,37873,10
12.8680801392,80.2263412476,37873,37884,11
12.8696403503,80.2264328003,37884,37894,10
12.8710403442,80.2265625,37894,37904,10
12.8728303909,80.2266082764,37904,37924,20
12.8728303909,80.2266082764,37924,37934,10
12.8728904724,80.2266311646,37934,37944,10
12.8732595444,80.2266464233,37944,37953,9
12.873840332,80.2266769409,37953,37965,12
12.8748998642,80.2267990112,37965,37975,10
12.8759803772,80.2268981934,37975,37985,10
12.8766498566,80.2268829346,37985,37995,10
12.876660347,80.2268829346,37995,38005,10
12.8770198822,80.2268600464,38005,38015,10
12.8777303696,80.2267990112,38015,38025,10
12.8786401749,80.2267303467,38025,38035,10
12.8797597885,80.2266769409,38035,38046,11
12.8810997009,80.2266693115,38046,38056,10
12.8823795319,80.2266464233,38056,38066,10
12.8836603165,80.2266464233,38066,38076,10
12.8847799301,80.2266311646,38076,38086,10
12.8851699829,80.2266387939,38086,38096,10
12.8852500916,80.2266464233,38096,38106,10
12.8856601715,80.2267303467,38106,38116,10
12.8863697052,80.2269210815,38116,38127,11
12.8873596191,80.227142334,38127,38137,10
12.8883695602,80.2272796631,38137,38147,10
12.8894996643,80.2272796631,38147,38157,10
12.8907403946,80.2272796631,38157,38167,10
12.8920202255,80.2272872925,38167,38177,10
12.8932104111,80.2274017334,38177,38187,10
12.894370079,80.2275390625,38187,38197,10
12.8956203461,80.2275924683,38197,38208,11
12.8970298767,80.2276535034,38208,38218,10
12.8981895447,80.2276992798,38218,38228,10
12.8993597031,80.2277832031,38228,38238,10
12.9005804062,80.2278366089,38238,38359,121
12.9005804062,80.2278366089,38359,38370,11
12.9009504318,80.2278823853,38370,38380,10
12.9013204575,80.2279281616,38380,38390,10
12.9017896652,80.2279663086,38390,38400,10
12.9024801254,80.2279815674,38400,38410,10
12.9025697708,80.2279815674,38410,38420,10
12.9026603699,80.2279891968,38420,38430,10
12.9031095505,80.228012085,38430,38440,10
12.9038600922,80.2280502319,38440,38451,11
12.9048995972,80.2281112671,38451,38461,10
12.9062795639,80.2281799316,38461,38532,71
12.9062795639,80.2281799316,38532,38542,10
12.9064598083,80.2281112671,38542,38552,10
12.9069499969,80.2281723022,38552,38562,10
12.9076900482,80.2282791138,38562,38572,10
12.9086704254,80.2284469604,38572,38582,10
12.9098396301,80.2286529541,38582,38592,10
12.9111499786,80.2288589478,38592,38602,10
12.9125699997,80.2290725708,38602,38612,10
12.9137096405,80.2292175293,38612,38623,11
12.9139204025,80.2292480469,38623,38633,10
12.9139499664,80.2292633057,38633,38643,10
12.9143295288,80.2293395996,38643,38653,10
12.9149999619,80.2294616699,38653,38663,10
12.9158802032,80.2295684814,38663,38673,10
12.9169301987,80.2297210693,38673,38683,10
12.9180698395,80.2298583984,38683,38693,10
12.919380188,80.2300415039,38693,38704,11
12.9206399918,80.2301712036,38704,38714,10
12.9219198227,80.2303390503,38714,38724,10
12.9231700897,80.2305297852,38724,38734,10
12.9244203568,80.2306976318,38734,38744,10
12.925620079,80.2308578491,38744,38754,10
12.9266901016,80.231010437,38754,38764,10
12.9278297424,80.2311401367,38764,38774,10
12.9288196564,80.2312774658,38774,38785,11
12.9292697906,80.2313766479,38785,38795,10
12.9299201965,80.2315063477,38795,38805,10
12.9307403564,80.2317428589,38805,38815,10
12.9317598343,80.2320632935,38815,38825,10
12.9329004288,80.2324295044,38825,38835,10
12.9336099625,80.2327194214,38835,38845,10
12.9336395264,80.2327423096,38845,38855,10
12.9337797165,80.2328186035,38855,38866,11
12.9343395233,80.2330703735,38866,38876,10
12.9350996017,80.2334136963,38876,38886,10
12.9359703064,80.2338104248,38886,38896,10
12.9369497299,80.2342834473,38896,38906,10
12.9379997253,80.2347793579,38906,38916,10
12.9390802383,80.2353210449,38916,38926,10
12.9397802353,80.2356719971,38926,38936,10
12.939789772,80.2356796265,38936,38947,11
12.9401302338,80.2358398438,38947,38957,10
12.9407997131,80.2360229492,38957,38967,10
12.9416503906,80.2362213135,38967,38977,10
12.9426403046,80.2365188599,38977,38987,10
12.9435501099,80.2372131348,38987,38997,10
12.9443397522,80.2380981445,38997,39007,10
12.9452695847,80.2390594482,39007,39017,10
12.946439743,80.2396469116,39017,39028,11
12.9473199844,80.2399902344,39028,39038,10
12.9474000931,80.240020752,39038,39048,10
12.947810173,80.240196228,39048,39058,10
12.9488296509,80.2406387329,39058,39109,51
12.9488296509,80.2406387329,39109,39119,10
12.9490699768,80.2407302856,39119,39129,10
12.9496202469,80.2408981323,39129,39139,10
12.9503898621,80.2411193848,39139,39149,10
12.9510498047,80.241317749,39149,39159,10
12.9511203766,80.2413635254,39159,39169,10
12.9516401291,80.241569519,39169,39179,10
12.952340126,80.2418212891,39179,39190,11
12.9532899857,80.2421798706,39190,39200,10
12.9538402557,80.242401123,39200,39210,10
12.9540500641,80.242477417,39210,39220,10
12.9545602798,80.2426834106,39220,39230,10
12.9552097321,80.2429275513,39230,39240,10
12.9563398361,80.2433395386,39240,39260,20
12.9563398361,80.2433395386,39260,39271,11
12.9566202164,80.2434463501,39271,39281,10
12.9572200775,80.2437286377,39281,39291,10
12.9580001831,80.2440719604,39291,39301,10
12.9588003159,80.2443771362,39301,39311,10
12.9588804245,80.244430542,39311,39321,10
12.9589996338,80.2445220947,39321,39331,10
12.9594697952,80.244758606,39331,39341,10
12.9601697922,80.2450790405,39341,39352,11
12.961139679,80.2455062866,39352,39362,10
12.9621400833,80.2460174561,39362,39372,10
12.9633302689,80.2466430664,39372,39422,50
12.9633302689,80.2466430664,39422,39433,11
12.9635000229,80.2467498779,39433,39443,10
12.9639997482,80.2469406128,39443,39453,10
12.9647397995,80.2471694946,39453,39463,10
12.9656295776,80.2474594116,39463,39473,10
12.9664802551,80.2477798462,39473,39483,10
12.9665603638,80.2478103638,39483,39493,10
12.9667301178,80.2479171753,39493,39503,10
12.9672298431,80.2481613159,39503,39514,11
12.9680995941,80.2485198975,39514,39524,10
12.969039917,80.2489013672,39524,39534,10
12.9700403214,80.2493133545,39534,39544,10
12.9710502625,80.2496566772,39544,39554,10
12.9720602036,80.2499771118,39554,39564,10
12.973110199,80.2502365112,39564,39574,10
12.9741802216,80.2505264282,39574,39584,10
12.9752998352,80.2508392334,39584,39594,10
12.9763898849,80.2511367798,39594,39605,11
12.9775104523,80.2515869141,39605,39615,10
12.9783000946,80.2521820068,39615,39625,10
12.9784698486,80.2522888184,39625,39635,10
12.9785699844,80.2523574829,39635,39645,10
12.9795703888,80.2525863647,39645,39675,30
12.9795703888,80.2525863647,39675,39686,11
12.9799499512,80.2526321411,39686,39696,10
12.9806098938,80.2526321411,39696,39706,10
12.9814901352,80.2526016235,39706,39716,10
12.9823799133,80.252571106,39716,39726,10
12.9833698273,80.2524795532,39726,39736,10
12.9843196869,80.2522583008,39736,39746,10
12.9852895737,80.2519989014,39746,39756,10
12.9861803055,80.2517700195,39756,39767,11
12.9871702194,80.2514801025,39767,39848,81
12.9871702194,80.2514801025,39848,39858,10
12.9874401093,80.251411438,39858,39868,10
12.987859726,80.2513122559,39868,39878,10
12.9885396957,80.2511367798,39878,39888,10
12.9893903732,80.2509231567,39888,39898,10
12.9899997711,80.2507781982,39898,39908,10
12.9910802841,80.2505187988,39908,39918,10
12.9920597076,80.2502670288,39918,39929,11
12.9932003021,80.2499771118,39929,39939,10
12.9942703247,80.2497177124,39939,39949,10
12.995349884,80.2494506836,39949,39959,10
12.9963798523,80.2491836548,39959,39969,10
12.9967002869,80.2491073608,39969,39979,10
12.9969596863,80.2490386963,39979,39989,10
12.9975004196,80.248916626,39989,39999,10
12.9982795715,80.2487106323,39999,40010,11
12.999329567,80.2484436035,40010,40020,10
13.0004396439,80.2481613159,40020,40030,10
13.0016098022,80.2478790283,40030,40040,10
13.0026798248,80.2476196289,40040,40050,10
13.0037899017,80.247428894,40050,40060,10
13.004940033,80.2472915649,40060,40070,10
13.0059995651,80.2470321655,40070,40080,10
13.0065202713,80.2464599609,40080,40091,11
13.0065803528,80.2463989258,40091,40101,10
13.0066404343,80.2462310791,40101,40111,10
13.0066699982,80.2457809448,40111,40121,10
13.0066404343,80.2450714111,40121,40131,10
13.0066604614,80.2442474365,40131,40141,10
13.0066404343,80.243347168,40141,40151,10
13.0066099167,80.2424697876,40151,40161,10
13.0065898895,80.2415084839,40161,40172,11
13.0067396164,80.2403182983,40172,40222,50
13.0067396164,80.2403182983,40222,40232,10
13.0069198608,80.2398605347,40232,40242,10
13.0069904327,80.2390594482,40242,40253,11
13.0071496964,80.2380981445,40253,40263,10
13.0073795319,80.2372512817,40263,40273,10
13.0074501038,80.2366867065,40273,40283,10
13.0074701309,80.236618042,40283,40293,10
13.0075998306,80.2362594604,40293,40303,10
13.0077199936,80.2356719971,40303,40313,10
13.0078496933,80.2347869873,40313,40323,10
13.0080499649,80.2338790894,40323,40333,10
13.0082998276,80.232749939,40333,40344,11
13.0084695816,80.2315292358,40344,40354,10
13.008600235,80.2304916382,40354,40364,10
13.0088796616,80.2293624878,40364,40374,10
13.0091104507,80.2284088135,40374,40384,10
13.0095701218,80.2273712158,40384,40394,10
13.0100297928,80.2263565063,40394,40404,10
13.0104904175,80.2254180908,40404,40414,10
13.0105800629,80.2252120972,40414,40425,11
13.010720253,80.224899292,40425,40435,10
13.0109701157,80.2243728638,40435,40445,10
13.0113201141,80.2236633301,40445,40455,10
13.011639595,80.222869873,40455,40465,10
13.0119400024,80.2219696045,40465,40475,10
13.0122900009,80.221496582,40475,40485,10
13.0124597549,80.2217407227,40485,40495,10
13.0129995346,80.2223434448,40495,40506,11
13.0135002136,80.22290802,40506,40516,10
13.0140304565,80.223487854,40516,40526,10
13.0145597458,80.2240829468,40526,40536,10
13.0149202347,80.2245101929,40536,40546,10
13.0151195526,80.2247772217,40546,40556,10
13.0157003403,80.2252120972,40556,40576,20
13.0157003403,80.2252120972,40576,40587,11
13.0158100128,80.2253189087,40587,40597,10
13.0163402557,80.2253723145,40597,40607,10
13.0170497894,80.2251434326,40607,40617,10
13.0177698135,80.2248382568,40617,40627,10
13.0184898376,80.2245407104,40627,40637,10
13.0194501877,80.2243728638,40637,40657,20
13.0194501877,80.2243728638,40657,40668,11
13.0194196701,80.2244262695,40668,40678,10
13.019610405,80.2245330811,40678,40688,10
13.0199203491,80.2247314453,40688,40698,10
13.0203695297,80.2250595093,40698,40708,10
13.0209197998,80.225440979,40708,40718,10
13.0214395523,80.2258605957,40718,40728,10
13.0219802856,80.226272583,40728,40738,10
13.0225000381,80.2266998291,40738,40749,11
13.0230102539,80.2271575928,40749,40759,10
13.0235795975,80.2276992798,40759,40769,10
13.0239601135,80.2280197144,40769,40779,10
13.0243797302,80.2284927368,40779,40819,40
13.0243797302,80.2284927368,40819,40830,11
13.0243301392,80.2286376953,40830,40840,10
13.0241098404,80.2285385132,40840,40850,10
13.0238199234,80.2281417847,40850,40860,10
13.0234203339,80.2277603149,40860,41386,526
13.0234203339,80.2277603149,41386,41397,11
13.0233201981,80.2275772095,41397,41407,10
13.0232095718,80.2274475098,41407,41417,10
13.0228700638,80.2271118164,41417,41427,10
13.0226297379,80.2268600464,41427,41437,10
13.022480011,80.2267227173,41437,41447,10
13.0221300125,80.2264022827,41447,41457,10
13.0216903687,80.2260284424,41457,41467,10
13.0211400986,80.2256164551,41467,41478,11
13.020409584,80.2251205444,41478,41488,10
13.0198497772,80.2247619629,41488,41508,20
13.0198497772,80.2247619629,41508,41518,10
13.0197401047,80.2247009277,41518,41528,10
13.0193395615,80.2245101929,41528,41538,10
13.0186300278,80.2245407104,41538,41548,10
13.0178203583,80.224861145,41548,41559,11
13.0168800354,80.2252502441,41559,41569,10
13.0162000656,80.2255325317,41569,41579,10
13.0155801773,80.2257385254,41579,41589,10
13.0150098801,80.2259674072,41589,41599,10
13.0145998001,80.2261428833,41599,41609,10
13.0145397186,80.2261734009,41609,41619,10
13.0144195557,80.2262268066,41619,41629,10
13.0142402649,80.2262802124,41629,41640,11
13.0139198303,80.2264022827,41640,41650,10
13.0134000778,80.226600647,41650,41660,10
13.0127696991,80.2267990112,41660,41670,10
13.0120201111,80.2271194458,41670,41680,10
13.0112400055,80.2274398804,41680,41690,10
13.010430336,80.2277832031,41690,41700,10
13.00963974,80.2280807495,41700,41710,10
13.0091400146,80.2285614014,41710,41721,11
13.0089702606,80.2294006348,41721,41731,10
13.0087795258,80.2304000854,41731,41741,10
13.0085697174,80.2315063477,41741,41751,10
13.0083303452,80.2327423096,41751,41761,10
13.0082502365,80.2333221436,41761,41771,10
13.0082197189,80.2334136963,41771,41781,10
13.0081195831,80.233757019,41781,41791,10
13.008020401,80.2341995239,41791,41801,10
13.0079202652,80.2346801758,41801,41812,11
13.0078496933,80.2349700928,41812,41822,10
13.0077800751,80.2353210449,41822,41832,10
13.0076599121,80.2359237671,41832,41842,10
13.0074901581,80.2367782593,41842,41852,10
13.0073204041,80.23777771,41852,41862,10
13.0071401596,80.2387237549,41862,41872,10
13.0069704056,80.2395629883,41872,41882,10
13.0069198608,80.2399673462,41882,41974,92
13.0069198608,80.2399673462,41974,41984,10
13.0067996979,80.2400436401,41984,41994,10
13.0068101883,80.2404708862,41994,42004,10
13.0067501068,80.2411575317,42004,42014,10
13.0067100525,80.2422866821,42014,42024,10
13.0066995621,80.2434921265,42024,42034,10
13.0066299438,80.244720459,42034,42044,10
13.0067300797,80.2458190918,42044,42055,11
13.0066900253,80.2472305298,42055,42065,10
13.0063199997,80.2474212646,42065,42075,10
13.0063199997,80.247428894,42075,42085,10
13.0062999725,80.247428894,42085,42095,10
13.0058498383,80.2473907471,42095,42105,10
13.0050802231,80.2473602295,42105,42115,10
13.0040998459,80.2474594116,42115,42125,10
13.0029401779,80.2476425171,42125,42136,11
13.0016002655,80.2479400635,42136,42146,10
13.0003595352,80.248260498,42146,42156,10
12.9990901947,80.248588562,42156,42166,10
12.998339653,80.2488098145,42166,42176,10
12.9981803894,80.248840332,42176,42186,10
12.9976701736,80.2489471436,42186,42196,10
12.9968795776,80.249130249,42196,42206,10
12.9958696365,80.2493591309,42206,42217,11
12.9946203232,80.2496795654,42217,42227,10
12.9933700562,80.2500228882,42227,42237,10
12.9920396805,80.2503509521,42237,42247,10
12.9907102585,80.2506790161,42247,42257,10
12.9893598557,80.2510375977,42257,42267,10
12.9881601334,80.2513580322,42267,42328,61
12.9881601334,80.2513580322,42328,42338,10
12.987830162,80.251449585,42338,42348,10
12.9872503281,80.2515563965,42348,42358,10
12.9865598679,80.2517623901,42358,42368,10
12.9857597351,80.2519607544,42368,42379,11
12.984629631,80.2522735596,42379,42389,10
12.9834604263,80.252571106,42389,42399,10
12.9824399948,80.2527084351,42399,42409,10
12.9814395905,80.2527236938,42409,42419,10
12.9804496765,80.2527389526,42419,42429,10
12.9796800613,80.2527084351,42429,42439,10
12.9789400101,80.2526473999,42439,42449,10
12.9789199829,80.2526397705,42449,42460,11
12.9788503647,80.2526321411,42460,42470,10
12.9785003662,80.2524719238,42470,42480,10
12.9778900146,80.2520294189,42480,42490,10
12.9770698547,80.2514190674,42490,42500,10
12.9759597778,80.2510604858,42500,42510,10
12.9749202728,80.2507629395,42510,42520,10
12.9738903046,80.2504730225,42520,42530,10
12.9728002548,80.2501831055,42530,42540,10
12.9715900421,80.2498703003,42540,42551,11
12.9702796936,80.24949646,42551,42561,10
12.9690704346,80.2490386963,42561,42571,10
12.9679098129,80.248588562,42571,42581,10
12.9668598175,80.2481231689,42581,42591,10
12.9658203125,80.2476501465,42591,42601,10
12.9654502869,80.247467041,42601,42611,10
12.9653997421,80.2474212646,42611,42621,10
12.9650602341,80.2473220825,42621,42632,11
12.9648199081,80.247253418,42632,42642,10
12.9642801285,80.2470397949,42642,42652,10
12.9637203217,80.2468109131,42652,42662,10
12.9631595612,80.2465591431,42662,42672,10
12.9623298645,80.246131897,42672,42682,10
12.9612798691,80.2456283569,42682,42692,10
12.9602003098,80.2451629639,42692,42702,10
12.9595298767,80.2448883057,42702,42713,11
12.9594402313,80.2448501587,42713,42723,10
12.9590196609,80.2446212769,42723,42733,10
12.958319664,80.2443313599,42733,42743,10
12.9576301575,80.2440719604,42743,42753,10
12.9567499161,80.2438278198,42753,42864,111
12.9567499161,80.2438278198,42864,42875,11
12.9563798904,80.2437286377,42875,42885,10
12.9562797546,80.2436981201,42885,42895,10
12.9558897018,80.2434616089,42895,42905,10
12.9552402496,80.2431030273,42905,42915,10
12.9543600082,80.2427215576,42915,42925,10
12.9533596039,80.2423019409,42925,42935,10
12.952249527,80.241859436,42935,42945,10
12.9518299103,80.2416992188,42945,42956,11
12.9516401291,80.2416305542,42956,42966,10
12.9510698318,80.2414398193,42966,42976,10
12.9502401352,80.2411804199,42976,42986,10
12.9493904114,80.2409133911,42986,42996,10
12.9487895966,80.2406921387,42996,43006,10
12.9480695724,80.2404022217,43006,43016,10
12.9472999573,80.2400665283,43016,43026,10
12.9466600418,80.2397994995,43026,43037,11
12.9457397461,80.2394104004,43037,43047,10
12.9448204041,80.2388076782,43047,43057,10
12.9440202713,80.2379226685,43057,43067,10
12.9431495667,80.2369995117,43067,43077,10
12.9419698715,80.2363586426,43077,43087,10
12.9397497177,80.2357788086,43087,43107,20
12.9397497177,80.2357788086,43107,43117,10
12.9395103455,80.2356491089,43117,43128,11
12.9387197495,80.2352600098,43128,43138,10
12.9378299713,80.2348175049,43138,43148,10
12.9368200302,80.2343215942,43148,43158,10
12.9360198975,80.2339477539,43158,43168,10
12.9355697632,80.233757019,43168,43178,10
12.9349403381,80.2334823608,43178,43188,10
12.9337396622,80.2329406738,43188,43209,21
12.9337396622,80.2329406738,43209,43219,10
12.9334001541,80.2327575684,43219,43229,10
12.9327602386,80.2324829102,43229,43239,10
12.9318599701,80.232170105,43239,43249,10
12.9307804108,80.2318191528,43249,43259,10
12.9295597076,80.2314834595,43259,43269,10
12.9288101196,80.2313079834,43269,43279,10
12.9280099869,80.2311935425,43279,43290,11
12.9261398315,80.231010437,43290,43310,20
12.9261398315,80.231010437,43310,43320,10
12.9258003235,80.2309494019,43320,43330,10
12.925160408,80.2308578491,43330,43340,10
12.9243202209,80.230758667,43340,43350,10
12.9232597351,80.2306289673,43350,43360,10
12.9220504761,80.2304534912,43360,43371,11
12.9205503464,80.2302398682,43371,43381,10
12.9191198349,80.2300491333,43381,43391,10
12.9176797867,80.2298736572,43391,43401,10
12.9162197113,80.2296676636,43401,43411,10
12.9146995544,80.2294464111,43411,43421,10
12.9134998322,80.2293319702,43421,43431,10
12.913310051,80.229309082,43431,43441,10
12.9132204056,80.2292633057,43441,43452,11
12.9126195908,80.2291564941,43452,43462,10
12.9117898941,80.2290420532,43462,43472,10
12.9107398987,80.2288970947,43472,43482,10
12.9095802307,80.2287216187,43482,43492,10
12.9083499908,80.2285232544,43492,43502,10
12.9070901871,80.2283325195,43502,43512,10
12.9063196182,80.2282867432,43512,43522,10
12.9062404633,80.2282791138,43522,43533,11
12.9057502747,80.2282333374,43533,43543,10
12.9049196243,80.2281799316,43543,43553,10
12.9038801193,80.2281417847,43553,43563,10
12.9026603699,80.2280807495,43563,43573,10
12.9016103745,80.228012085,43573,43583,10
12.9011602402,80.2279891968,43583,43644,61
12.9011602402,80.2279891968,43644,43654,10
12.9010896683,80.2279586792,43654,43664,10
12.9006996155,80.227897644,43664,43674,10
12.9000597,80.2278823853,43674,43684,10
12.899479866,80.2278823853,43684,43695,11
12.8993902206,80.2278823853,43695,43705,10
12.8992300034,80.2278671265,43705,43715,10
12.8986797333,80.2278289795,43715,43725,10
12.8978700638,80.2277908325,43725,43735,10
12.8968896866,80.2277374268,43735,43745,10
12.8957700729,80.2276916504,43745,43755,10
12.894610405,80.2276535034,43755,43765,10
12.8928098679,80.2274703979,43765,43816,51
12.8928098679,80.2274703979,43816,43826,10
12.8925800323,80.2274398804,43826,43836,10
12.8919496536,80.2274017334,43836,43846,10
12.8910799026,80.2273788452,43846,43856,10
12.8900403976,80.2273788452,43856,43867,11
12.8889398575,80.2273635864,43867,43877,10
12.8878602982,80.2273178101,43877,43887,10
12.8869400024,80.227180481,43887,43897,10
12.8858699799,80.2269134521,43897,43907,10
12.8851003647,80.2267608643,43907,43917,10
12.8850803375,80.2267532349,43917,43927,10
12.8848104477,80.2267227173,43927,43937,10
12.88422966,80.2267227173,43937,43948,11
12.8832798004,80.2267227173,43948,43958,10
12.8822002411,80.2267303467,43958,43968,10
12.8809995651,80.2267379761,43968,43978,10
12.8796796799,80.2267608643,43978,43988,10
12.8782596588,80.2268295288,43988,43998,10
12.8770103455,80.2269287109,43998,44008,10
12.8766498566,80.2269821167,44008,44018,10
12.8763799667,80.2269973755,44018,44029,11
12.8756504059,80.2269821167,44029,44039,10
12.8747301102,80.2268829346,44039,44049,10
12.8736200333,80.2267608643,44049,44059,10
12.8728399277,80.2267303467,44059,44069,10
12.8726701736,80.2266998291,44069,44079,10
12.8721199036,80.2266769409,44079,44089,10
12.8712902069,80.2266387939,44089,44099,10
12.8702697754,80.2265777588,44099,44110,11
12.869020462,80.2264404297,44110,44120,10
12.8677396774,80.2264328003,44120,44130,10
12.8663902283,80.2265625,44130,44140,10
12.8649597168,80.2265930176,44140,44150,10
12.8634595871,80.2265396118,44150,44160,10
12.8620004654,80.2265777588,44160,44170,10
12.8610496521,80.2266082764,44170,44180,10
12.8610296249,80.2266082764,44180,44191,11
12.8606700897,80.2265930176,44191,44201,10
12.8600101471,80.2265014648,44201,44211,10
12.8591499329,80.2263793945,44211,44221,10
12.8586902618,80.2263183594,44221,44231,10
12.8581800461,80.2262878418,44231,44241,10
12.8573799133,80.2263031006,44241,44251,10
12.8564395905,80.2264022827,44251,44261,10
12.8553304672,80.2265167236,44261,44272,11
12.853969574,80.2266464233,44272,44282,10
12.8526000977,80.2267303467,44282,44292,10
12.8512601852,80.2266464233,44292,44301,9
12.8501701355,80.2266387939,44301,44312,11
12.8499298096,80.2266235352,44312,44322,10
12.8493404388,80.2266235352,44322,44332,10
12.8484802246,80.2266235352,44332,44342,10
12.8473796844,80.2266235352,44342,44353,11
12.8454399109,80.2266387939,44353,44373,20
12.8454399109,80.2266387939,44373,44383,10
12.8451595306,80.2266387939,44383,44393,10
12.8446102142,80.2266616821,44393,44403,10
12.8438100815,80.2267608643,44403,44413,10
12.84278965,80.2269134521,44413,44423,10
12.841629982,80.2271575928,44423,44434,11
12.8403701782,80.2275238037,44434,44444,10
12.8398504257,80.2276763916,44444,44454,10
12.8394498825,80.2277832031,44454,44464,10
12.8387403488,80.2279586792,44464,44474,10
12.8378200531,80.2281723022,44474,44484,10
12.8366804123,80.2283401489,44484,44494,10
12.835439682,80.2285385132,44494,44504,10
12.8341302872,80.2287597656,44504,44514,10
12.8327302933,80.2290115356,44514,44525,11
12.8322601318,80.229133606,44525,44535,10
12.8320398331,80.2291793823,44535,44545,10
12.8314399719,80.2293167114,44545,44555,10
12.8305997849,80.2296066284,44555,44565,10
12.8295297623,80.2300033569,44565,44575,10
12.8283996582,80.2305221558,44575,44585,10
12.827249527,80.2311401367,44585,44595,10
12.8259401321,80.2313766479,44595,44606,11
12.8244304657,80.231338501,44606,44616,10
12.82310009,80.2309494019,44616,44626,10
12.8217697144,80.2305603027,44626,44636,10
12.820400238,80.2304763794,44636,44646,10
12.8190803528,80.2304763794,44646,44656,10
12.8181495667,80.2301635742,44656,44666,10
12.8170795441,80.2296829224,44666,44676,10
12.8158397675,80.2294311523,44676,44687,11
12.8144102097,80.2292098999,44687,44697,10
12.8131303787,80.2288589478,44697,44707,10
12.8118600845,80.2284088135,44707,44717,10
12.8105697632,80.2279129028,44717,44727,10
12.8095703125,80.2274703979,44727,44737,10
12.8082895279,80.2265472412,44737,44747,10
12.8072795868,80.2257003784,44747,44757,10
12.8065004349,80.2249984741,44757,44768,11
12.8056602478,80.2242584229,44768,44778,10
12.805150032,80.2240524292,44778,44788,10
12.8050203323,80.2240066528,44788,44798,10
12.8047399521,80.2239685059,44798,44808,10
12.8041000366,80.2239227295,44808,44818,10
12.8032798767,80.2238464355,44818,44828,10
12.8023004532,80.2237319946,44828,44838,10
12.8012599945,80.2236175537,44838,44849,11
12.800069809,80.2235336304,44849,44859,10
12.7989797592,80.2234268188,44859,44869,10
12.7978696823,80.2232971191,44869,44879,10
12.7959699631,80.2229385376,44879,44889,10
12.7959699631,80.2229385376,44889,44899,10
12.7956104279,80.2229003906,44899,44909,10
12.7955598831,80.2228393555,44909,44919,10
12.7951402664,80.2227630615,44919,44930,11
12.7943096161,80.2226409912,44930,44940,10
12.793390274,80.2225189209,44940,44952,12
12.7924203873,80.2223815918,44952,44962,10
12.7913303375,80.2221069336,44962,44972,10
12.7905197144,80.2219085693,44972,44982,10
12.789730072,80.2217102051,44982,44992,10
12.7892999649,80.2215576172,44992,45002,10
12.7886896133,80.2213287354,45002,45013,11
12.787899971,80.2210464478,45013,45023,10
12.7872200012,80.2207870483,45023,45033,10
12.786239624,80.2203979492,45033,45083,50
12.786239624,80.2203979492,45083,45094,11
12.7861499786,80.2207794189,45094,45124,30
12.7861499786,80.2207794189,45124,45134,10
12.7861700058,80.2212371826,45134,45144,10
12.7861995697,80.2215881348,45144,45154,10
12.7861795425,80.2217407227,45154,45164,10
12.7862997055,80.2219314575,45164,46349,1185
12.7862997055,80.2219314575,46349,46359,10
12.7863397598,80.2215805054,46359,46369,10
12.7863101959,80.2212677002,46369,46379,10
12.7863101959,80.2212600708,46379,46390,11
12.786239624,80.2210235596,46390,46400,10
12.7862100601,80.2206497192,46400,46460,60
12.7862701416,80.2202835083,46460,46511,51
12.7862701416,80.2202835083,46511,46521,10
12.7866401672,80.2205200195,46521,46531,10
12.7870101929,80.2206726074,46531,46541,10
12.7875900269,80.2208709717,46541,46552,11
12.7883195877,80.2211608887,46552,46562,10
12.7891397476,80.2214736938,46562,46572,10
12.7899999619,80.2217636108,46572,46582,10
12.791009903,80.2220230103,46582,46592,10
12.7922000885,80.2223205566,46592,46602,10
12.7936201096,80.2225494385,46602,46612,10
12.7951803207,80.2227935791,46612,46622,10
12.7965803146,80.2230377197,46622,46633,11
12.7980604172,80.2232818604,46633,46643,10
12.7994403839,80.2234191895,46643,46653,10
12.8008098602,80.2235412598,46653,46663,10
12.8015203476,80.2235870361,46663,46673,10
12.8016901016,80.2236175537,46673,46683,10
12.8022603989,80.2236785889,46683,46693,10
12.8030595779,80.2238082886,46693,46703,10
12.8039999008,80.2238922119,46703,46714,11
12.804980278,80.223991394,46714,46724,10
12.8058595657,80.2243728638,46724,46734,10
12.8066701889,80.2250518799,46734,46744,10
12.8074903488,80.2257766724,46744,46754,10
12.8080797195,80.2263031006,46754,46764,10
12.8091201782,80.2271575928,46764,46774,10
12.8100595474,80.2276611328,46774,46784,10
12.8111600876,80.2281188965,46784,46795,11
12.8125200272,80.2286071777,46795,46805,10
12.8138799667,80.229057312,46805,46815,10
12.815369606,80.2293167114,46815,46825,10
12.8168897629,80.2295837402,46825,46835,10
12.81828022,80.2301712036,46835,46845,10
12.8194999695,80.2304916382,46845,46855,10
12.8207998276,80.2304534912,46855,46865,10
12.8222398758,80.2306365967,46865,46875,10
12.8238201141,80.2311019897,46875,46886,11
12.825220108,80.2313690186,46886,46896,10
12.8266401291,80.2312927246,46896,46906,10
12.8279495239,80.2307662964,46906,46916,10
12.8292102814,80.2301177979,46916,46926,10
12.8303098679,80.2296676636,46926,46936,10
12.8312997818,80.2293014526,46936,46946,10
12.8322000504,80.229057312,46946,46956,10
12.833319664,80.2288513184,46956,46967,11
12.834690094,80.2286071777,46967,46977,10
12.8359804153,80.2284011841,46977,46987,10
12.8373203278,80.2282028198,46987,46997,10
12.8386001587,80.2279205322,46997,47007,10
12.8392696381,80.2277069092,47007,47058,51
12.8392696381,80.2277069092,47058,47068,10
12.8397197723,80.2276229858,47068,47078,10
12.840259552,80.2274780273,47078,47088,10
12.8410596848,80.2272720337,47088,47098,10
12.8420000076,80.2270202637,47098,47108,10
12.8431301117,80.2268218994,47108,47118,10
12.8443803787,80.2266387939,47118,47129,11
12.8454198837,80.2265396118,47129,47149,20
12.8454198837,80.2265396118,47149,47159,10
12.8457603455,80.2265472412,47159,47169,10
12.8464097977,80.2265396118,47169,47179,10
12.8473300934,80.2265319824,47179,47189,10
12.8484601974,80.2265167236,47189,47199,10
12.8496599197,80.2265014648,47199,47210,11
12.8501996994,80.2264785767,47210,47220,10
12.8503103256,80.2264862061,47220,47230,10
12.8508195877,80.2265090942,47230,47240,10
12.8516197205,80.2265396118,47240,47250,10
12.8526496887,80.226600647,47250,47260,10
12.8538503647,80.2265472412,47260,47270,10
12.8551597595,80.2264099121,47270,47280,10
12.8564596176,80.226272583,47280,47291,11
12.858300209,80.2261734009,47291,47301,10
12.8599004745,80.2263565063,47301,47311,10
12.861579895,80.2265319824,47311,47321,10
12.8632602692,80.2264480591,47321,47331,10
12.864979744,80.2265014648,47331,47341,10
12.8668403625,80.2264328003,47341,47351,10
12.868639946,80.2263336182,47351,47361,10
12.8704099655,80.2265319824,47361,47372,11
12.8722600937,80.2266082764,47372,47382,10
12.8737401962,80.2266693115,47382,47392,10
12.8752698898,80.2268371582,47392,47402,10
12.8763999939,80.2268829346,47402,47412,10
12.8764696121,80.2268829346,47412,47422,10
12.8768100739,80.2268829346,47422,47432,10
12.8774700165,80.2268218994,47432,47442,10
12.8783998489,80.2267532349,47442,47453,11
12.8796596527,80.2266769409,47453,47463,10
12.8809499741,80.2266693115,47463,47473,10
12.8823795319,80.2266616821,47473,47483,10
12.8839302063,80.2266387939,47483,47493,10
12.8854503632,80.2266998291,47493,47503,10
12.8862695694,80.2268829346,47503,47513,10
12.8865995407,80.2269668579,47513,47523,10
12.8873195648,80.2271270752,47523,47534,11
12.8884401321,80.2272567749,47534,47544,10
12.8896303177,80.2272720337,47544,47554,10
12.8909196854,80.2272720337,47554,47564,10
12.8921203613,80.2272872925,47564,47584,20
12.8921203613,80.2272872925,47584,47594,10
12.8922996521,80.2273025513,47594,47604,10
12.8928203583,80.2273635864,47604,47614,10
12.8936300278,80.2274475098,47614,47625,11
12.8947601318,80.2275390625,47625,47635,10
12.8959798813,80.2276000977,47635,47645,10
12.8972997665,80.2276611328,47645,47655,10
12.8986597061,80.227722168,47655,47665,10
12.8998298645,80.2277984619,47665,47675,10
12.9004402161,80.2277984619,47675,47685,10
12.9007196426,80.2278289795,47685,47695,10
12.9010095596,80.2278823853,47695,47706,11
12.9012098312,80.2279205322,47706,47716,10
12.9018096924,80.2279510498,47716,47736,20
12.9018096924,80.2279510498,47736,47746,10
12.902130127,80.2279968262,47746,47756,10
12.902759552,80.2280197144,47756,47766,10
12.9036598206,80.2280731201,47766,47776,10
12.904800415,80.2281112671,47776,47787,11
12.9057302475,80.2281570435,47787,47807,20
12.9057302475,80.2281570435,47807,47817,10
12.9062004089,80.2281417847,47817,47827,10
12.9066801071,80.2281570435,47827,47837,10
12.9073801041,80.2282714844,47837,47847,10
12.9083204269,80.2284164429,47847,47857,10
12.9094896317,80.2285995483,47857,47868,11
12.9108200073,80.2288208008,47868,47878,10
12.9117603302,80.2289505005,47878,47888,10
12.9127597809,80.2291030884,47888,47898,10
12.9138202667,80.2292785645,47898,47908,10
12.9143400192,80.2293014526,47908,47918,10
12.9145002365,80.2293319702,47918,47928,10
12.9150896072,80.2294311523,47928,47938,10
12.9159803391,80.2295837402,47938,47949,11
12.9172201157,80.2297363281,47949,47959,10
12.9184999466,80.2299194336,47959,47969,10
12.9199495316,80.2301101685,47969,47979,10
12.9215402603,80.2303009033,47979,47989,10
12.9232397079,80.2305679321,47989,47999,10
12.9248600006,80.2307662964,47999,48009,10
12.9260902405,80.2309112549,48009,48019,10
12.9271001816,80.2310180664,48019,48030,11
12.9280796051,80.2311630249,48030,48040,10
12.9291200638,80.2313308716,48040,48050,10
12.9302597046,80.2315826416,48050,48060,10
12.9314899445,80.2319564819,48060,48070,10
12.9327802658,80.2323913574,48070,48080,10
12.934009552,80.2329330444,48080,48090,10
12.9353504181,80.2335281372,48090,48100,10
12.9366598129,80.2341308594,48100,48111,11
12.9380998611,80.2348327637,48111,48121,10
12.9393901825,80.2354736328,48121,48131,10
12.9404201508,80.2359085083,48131,48141,10
12.9413204193,80.2361221313,48141,48151,10
12.9422101974,80.2363433838,48151,48161,10
12.9431400299,80.2367935181,48161,48171,10
12.9439897537,80.2376480103,48171,48181,10
12.9449195862,80.2386932373,48181,48192,11
12.9462299347,80.2395629883,48192,48202,10
12.9472799301,80.2399597168,48202,48212,10
12.9474201202,80.2399902344,48212,48222,10
12.9476604462,80.2400817871,48222,48232,10
12.9481897354,80.2403106689,48232,48242,10
12.9487895966,80.2405166626,48242,48252,10
12.9489002228,80.2405700684,48252,48262,10
12.9492902756,80.2407836914,48262,48273,11
12.9500999451,80.2410430908,48273,48283,10
12.9510602951,80.2413406372,48283,48293,10
12.9521903992,80.2417297363,48293,48303,10
12.953379631,80.2421798706,48303,48313,10
12.9545202255,80.2426376343,48313,48323,10
12.9552402496,80.2429199219,48323,48333,10
12.9558601379,80.2431335449,48333,48343,10
12.9564800262,80.2433700562,48343,48353,10
12.9569597244,80.2435836792,48353,48364,11
12.9578199387,80.2439498901,48364,48374,10
12.9587602615,80.2443389893,48374,48384,10
12.9589996338,80.244468689,48384,48394,10
12.9591302872,80.2445602417,48394,48404,10
12.9596204758,80.2447662354,48404,48414,10
12.9603796005,80.2451095581,48414,48424,10
12.9613199234,80.2455368042,48424,48434,10
12.9624004364,80.24609375,48434,48445,11
12.9634304047,80.2466125488,48445,48455,10
12.9641399384,80.246887207,48455,48465,10
12.9648799896,80.2471694946,48465,48475,10
12.9657297134,80.2474594116,48475,48485,10
12.9666099548,80.2478408813,48485,48495,10
12.9668197632,80.2479095459,48495,48505,10
12.9668598175,80.2479171753,48505,48515,10
12.9671497345,80.2480926514,48515,48526,11
12.9679203033,80.2484130859,48526,48536,10
12.96875,80.2487564087,48536,48546,10
12.9697599411,80.249168396,48546,48556,10
12.9708595276,80.2495727539,48556,48566,10
12.9719800949,80.2498779297,48566,48576,10
12.9730596542,80.2501831055,48576,48586,10
12.9741601944,80.2504730225,48586,48596,10
12.9752597809,80.2507781982,48596,48607,11
12.9764900208,80.251121521,48607,48617,10
12.9775400162,80.2515563965,48617,48627,10
12.978269577,80.2521591187,48627,48637,10
12.9788799286,80.2525100708,48637,48647,10
12.9796104431,80.2526092529,48647,48667,20
12.9796104431,80.2526092529,48667,48677,10
12.9798297882,80.2526626587,48677,48688,11
12.9805002213,80.2526702881,48688,48698,10
12.9813899994,80.2526397705,48698,48708,10
12.9824895859,80.2526168823,48708,48718,10
12.9836397171,80.252456665,48718,48728,10
12.9847602844,80.2521591187,48728,48738,10
12.9857997894,80.2518463135,48738,48748,10
12.9867296219,80.2516021729,48748,48758,10
12.9875602722,80.2513427734,48758,48870,112
12.9875602722,80.2513427734,48870,48880,10
12.9879798889,80.2512512207,48880,48890,10
12.9887399673,80.2510681152,48890,48900,10
12.9897203445,80.2508163452,48900,48910,10
12.9907598495,80.2505493164,48910,48920,10
12.9921302795,80.250213623,48920,48931,11
12.9935503006,80.2498474121,48931,48941,10
12.9948596954,80.2495269775,48941,48951,10
12.9961500168,80.2491836548,48951,48961,10
12.9974298477,80.2488479614,48961,48971,10
12.9987602234,80.2485275269,48971,48981,10
13.0000801086,80.2482070923,48981,48991,10
13.0014200211,80.2478866577,48991,49001,10
13.0025396347,80.2476425171,49001,49012,11
13.0036897659,80.2474212646,49012,49022,10
13.0048799515,80.2472610474,49022,49032,10
13.0060195923,80.246963501,49032,49042,10
13.006480217,80.2464675903,49042,49052,10
13.0065803528,80.2462387085,49052,49062,10
13.0066299438,80.2456588745,49062,49072,10
13.0066299438,80.2448120117,49072,49082,10
13.0066204071,80.2437591553,49082,49093,11
13.0065803528,80.2425079346,49093,49103,10
13.0065803528,80.2412872314,49103,49113,10
13.0066795349,80.2406616211,49113,49123,10
13.0067396164,80.240272522,49123,49133,10
13.0069198608,80.2396774292,49133,49143,10
13.0070295334,80.2387695313,49143,49153,10
13.0072002411,80.2379074097,49153,49163,10
13.0074195862,80.2370986938,49163,49174,11
13.0074901581,80.2363967896,49174,49184,10
13.007519722,80.2363510132,49184,49194,10
13.0075998306,80.2359085083,49194,49204,10
13.0077600479,80.2351837158,49204,49214,10
13.0079498291,80.2342376709,49214,49224,10
13.0081796646,80.2331314087,49224,49234,10
13.0084600449,80.2317810059,49234,49244,10
13.0087795258,80.2303009033,49244,49255,11
13.0090904236,80.2286682129,49255,49265,10
13.0095996857,80.2272186279,49265,49275,10
13.0102396011,80.2258224487,49275,49285,10
13.0105695724,80.2250137329,49285,49295,10
13.010720253,80.2247390747,49295,49305,10
13.01101017,80.2240219116,49305,49315,10
13.0112695694,80.22315979,49315,49335,20
13.0112695694,80.22315979,49335,49346,11
13.0113697052,80.2229766846,49346,49356,10
13.0116596222,80.2224807739,49356,49366,10
13.0120601654,80.221572876,49366,49376,10
13.0122995377,80.2213516235,49376,49386,10
13.0125303268,80.2217025757,49386,49396,10
13.0129899979,80.2223205566,49396,49406,10
13.0135498047,80.2229385376,49406,49416,10
13.0141897202,80.2236709595,49416,49427,11
13.0147104263,80.224319458,49427,49437,10
13.0150604248,80.2247619629,49437,49447,10
13.0152797699,80.224937439,49447,49457,10
13.0152997971,80.224937439,49457,49467,10
13.0156097412,80.2251663208,49467,49477,10
13.0163297653,80.2253036499,49477,49487,10
13.0173196793,80.2249832153,49487,49497,10
13.0184402466,80.2245330811,49497,49508,11
13.0197095871,80.2245025635,49508,49548,40
13.0197095871,80.2245025635,49548,49558,10
13.0200195313,80.224822998,49558,49568,10
13.0206203461,80.225227356,49568,49578,10
13.0214300156,80.2258071899,49578,49589,11
13.0224599838,80.2266311646,49589,49599,10
13.023349762,80.2274169922,49599,49609,10
13.0240697861,80.2280807495,49609,49619,10
13.0243501663,80.2284393311,49619,49629,10
13.024189949,80.2285308838,49629,49639,10
13.0238704681,80.2280731201,49639,49649,10
13.0233001709,80.2274932861,49649,49659,10
13.0226202011,80.2268600464,49659,49670,11
13.0221099854,80.2264099121,49670,49680,10
13.0215797424,80.2259902954,49680,49690,10
13.0209598541,80.2254867554,49690,49700,10
13.0202198029,80.2249679565,49700,49710,10
13.0193595886,80.2244491577,49710,49720,10
13.0182800293,80.224609375,49720,49730,10
13.0172100067,80.2250595093,49730,49740,10
13.0164403915,80.2253875732,49740,49751,11
13.0159196854,80.2255783081,49751,49761,10
13.0151700974,80.2258605957,49761,49791,30
13.0151700974,80.2258605957,49791,49801,10
13.0149297714,80.2259292603,49801,49811,10
13.0142498016,80.2261276245,49811,49832,21
13.0142498016,80.2261276245,49832,49842,10
13.0141496658,80.2258224487,49842,49913,71
13.0141496658,80.2258224487,49913,49923,10
13.0144500732,80.225692749,49923,49943,20
13.0144500732,80.225692749,49943,49953,10
13.0148200989,80.2255172729,49953,50125,172
13.0148200989,80.2255172729,50125,50135,10
13.0146198273,80.2256774902,50135,50247,112
13.0146598816,80.2256469727,50247,53427,3180
13.0146598816,80.2256469727,53427,53437,10
13.0143899918,80.2254104614,53437,53447,10
13.0141201019,80.2255096436,53447,53629,182
13.0141201019,80.2255096436,53629,53639,10
13.0141601563,80.2258682251,53639,53650,11
13.0142002106,80.2261123657,53650,53680,30
13.0142002106,80.2261123657,53680,53690,10
13.0141096115,80.2263031006,53690,53700,10
13.0135698318,80.2265014648,53700,53710,10
13.0127801895,80.2268218994,53710,53720,10
13.0118999481,80.2271499634,53720,53731,11
13.0108995438,80.2275390625,53731,53741,10
13.0099401474,80.2278823853,53741,53751,10
13.0096197128,80.2273483276,53751,53761,10
13.0100097656,80.2265396118,53761,53771,10
13.0104398727,80.2255706787,53771,53781,10
13.0108604431,80.2246017456,53781,53791,10
13.0112199783,80.2236862183,53791,53801,10
13.0114898682,80.2228393555,53801,53812,11
13.0119104385,80.2218933105,53812,53822,10
13.0122804642,80.2214279175,53822,53832,10
13.0124902725,80.2216796875,53832,53842,10
13.0127601624,80.222038269,53842,53852,10
13.0136203766,80.2228393555,53852,53862,10
13.0140399933,80.2235031128,53862,53872,10
13.0146398544,80.2241516113,53872,53882,10
13.0153102875,80.224899292,53882,53893,11
13.0162696838,80.2253036499,53893,53903,10
13.0172901154,80.2249984741,53903,53913,10
13.0183200836,80.2245788574,53913,53923,10
13.0193004608,80.2243728638,53923,53933,10
13.0200796127,80.2247924805,53933,53943,10
13.0207595825,80.2252578735,53943,53953,10
13.0212202072,80.2256164551,53953,53963,10
13.0217399597,80.2260131836,53963,53974,11
13.0224599838,80.2266311646,53974,53984,10
13.0231704712,80.2272491455,53984,53994,10
13.0238199234,80.2278137207,53994,54004,10
13.0242595673,80.2282791138,54004,54014,10
13.0243997574,80.2284622192,54014,54024,10
13.0243196487,80.2285690308,54024,54034,10
13.0241699219,80.2284927368,54034,54044,10
13.0238800049,80.2280883789,54044,54054,10
13.0236902237,80.2278594971,54054,54065,11
13.0232200623,80.2274017334,54065,54196,131
13.0232200623,80.2274017334,54196,54206,10
13.0231199265,80.227180481,54206,54216,10
13.0230998993,80.2271575928,54216,54227,11
13.0228796005,80.2269668579,54227,54237,10
13.0224599838,80.2265777588,54237,54247,10
13.0218095779,80.2260513306,54247,54257,10
13.0211400986,80.2255401611,54257,54267,10
13.0204200745,80.2250289917,54267,54277,10
13.0200004578,80.2247924805,54277,54287,10
13.0199804306,80.2247695923,54287,54297,10
13.019780159,80.2246398926,54297,54308,11
13.019200325,80.2244262695,54308,54318,10
13.0183801651,80.224609375,54318,54328,10
13.0174798965,80.2249832153,54328,54338,10
13.0165901184,80.2253494263,54338,54348,10
13.0158596039,80.2256317139,54348,54358,10
13.0150995255,80.2258987427,54358,54368,10
13.0143003464,80.2262420654,54368,54399,31
13.0143003464,80.2262420654,54399,54409,10
13.0139598846,80.2263793945,54409,54419,10
13.0133895874,80.2266235352,54419,54429,10
13.0127000809,80.226890564,54429,54439,10
13.0119199753,80.227180481,54439,54449,10
13.0112199783,80.2274627686,54449,54459,10
13.0102796555,80.2278366089,54459,54470,11
13.0093202591,80.2282791138,54470,54480,10
13.0090303421,80.2291564941,54480,54490,10
13.0088396072,80.230140686,54490,54500,10
13.0086803436,80.2310333252,54500,54510,10
13.0084600449,80.2320175171,54510,54520,10
13.0082998276,80.2329330444,54520,54530,10
13.0081796646,80.2335662842,54530,54540,10
13.0081195831,80.2338409424,54540,54550,10
13.0080299377,80.2342681885,54550,54561,11
13.0078802109,80.2350387573,54561,54571,10
13.0077199936,80.2358932495,54571,54580,9
13.0075702667,80.2367324829,54580,54591,11
13.0073404312,80.2378082275,54591,54601,10
13.0071802139,80.2386779785,54601,54611,10
13.0070104599,80.2394485474,54611,54621,10
13.0068798065,80.2400970459,54621,54632,11
13.0067396164,80.2408599854,54632,54642,10
13.0066795349,80.2418212891,54642,54652,10
13.0066604614,80.2428436279,54652,54662,10
13.0066099167,80.2438201904,54662,54672,10
13.0065803528,80.2448577881,54672,54682,10
13.0066299438,80.24584198,54682,54692,10
13.0066795349,80.2466278076,54692,54702,10
13.0066995621,80.2473068237,54702,54712,10
13.0066604614,80.2473831177,54712,54723,11
13.0061302185,80.2473983765,54723,54743,20
13.0061302185,80.2473983765,54743,54753,10
13.0059204102,80.2473678589,54753,54763,10
13.0052995682,80.2473297119,54763,54773,10
13.0044698715,80.2473678589,54773,54783,10
13.0034303665,80.2475204468,54783,54793,10
13.0023097992,80.247718811,54793,54804,11
13.0010700226,80.2480392456,54804,54814,10
12.999879837,80.2483520508,54814,54824,10
12.9986600876,80.2486572266,54824,54834,10
12.9974403381,80.2489471436,54834,54844,10
12.9961595535,80.2492599487,54844,54854,10
12.9948701859,80.2495727539,54854,54864,10
12.9935703278,80.2499313354,54864,54874,10
12.9922599792,80.25025177,54874,54885,11
12.9908103943,80.2506027222,54885,54895,10
12.9894599915,80.2509384155,54895,54905,10
12.9879598618,80.251373291,54905,55006,101
12.9879598618,80.251373291,55006,55016,10
12.987660408,80.2512969971,55016,55026,10
12.9871501923,80.2514724731,55026,55036,10
12.9863004684,80.2517089844,55036,55047,11
12.9851198196,80.2520065308,55047,55057,10
12.9839601517,80.2523422241,55057,55067,10
12.9828195572,80.2525634766,55067,55077,10
12.9815998077,80.2526092529,55077,55087,10
12.9804496765,80.2526779175,55087,55097,10
12.9798202515,80.2526931763,55097,55107,10
12.9788103104,80.2525787354,55107,55117,10
12.9785995483,80.2525405884,55117,55128,11
12.9783496857,80.2523880005,55128,55138,10
12.9778604507,80.2519378662,55138,55148,10
12.9771203995,80.2513885498,55148,55158,10
12.9760398865,80.2510375977,55158,55168,10
12.9748497009,80.2506866455,55168,55178,10
12.9736204147,80.2503509521,55178,55188,10
12.9724798203,80.250038147,55188,55198,10
12.9710502625,80.249671936,55198,55209,11
12.9696302414,80.249168396,55209,55219,10
12.9683704376,80.2486801147,55219,55229,10
12.9671401978,80.2481765747,55229,55239,10
12.9660196304,80.2476730347,55239,55249,10
12.9651699066,80.2473602295,55249,55259,10
12.9650201797,80.2473068237,55259,55269,10
12.9649000168,80.2472610474,55269,55279,10
12.9644498825,80.2471008301,55279,55290,11
12.9636602402,80.2468032837,55290,55300,10
12.9627799988,80.2463302612,55300,55310,10
12.9617795944,80.24584198,55310,55320,10
12.9606599808,80.2453079224,55320,55330,10
12.959690094,80.2449035645,55330,55340,10
12.9593801498,80.2447662354,55340,55350,10
12.9591197968,80.2446212769,55350,55360,10
12.9585399628,80.2443466187,55360,55370,10
12.9578895569,80.2440795898,55370,55381,11
12.9571304321,80.2438201904,55381,55391,10
12.956489563,80.2436294556,55391,55421,30
12.956489563,80.2436294556,55421,55431,10
12.9563798904,80.243637085,55431,55441,10
12.9561595917,80.2435379028,55441,55451,10
12.9556102753,80.2432479858,55451,55462,11
12.9547595978,80.2428512573,55462,55472,10
12.9538497925,80.242477417,55472,55482,10
12.952870369,80.2420578003,55482,55492,10
12.9518995285,80.2417221069,55492,55502,10
12.9515800476,80.241607666,55502,55512,10
12.9512500763,80.2414474487,55512,55522,10
12.950630188,80.2412185669,55522,55532,10
12.9497900009,80.2409667969,55532,55543,11
12.9489297867,80.2406997681,55543,55553,10
12.9481601715,80.2403717041,55553,55563,10
12.9472999573,80.2400283813,55563,55573,10
12.94713974,80.2399673462,55573,55583,10
12.9468603134,80.2398529053,55583,55593,10
12.9463396072,80.2396316528,55593,55603,10
12.9456300735,80.2393112183,55603,55613,10
12.9448900223,80.2387084961,55613,55624,11
12.9440202713,80.2378005981,55624,55634,10
12.9431695938,80.2369232178,55634,55644,10
12.9420204163,80.236328125,55644,55654,10
12.9407997131,80.2360305786,55654,55664,10
12.9397296906,80.2357177734,55664,55684,20
12.9397296906,80.2357177734,55684,55694,10
12.939499855,80.2356033325,55694,55705,11
12.9388599396,80.2352828979,55705,55715,10
12.938079834,80.2348937988,55715,55725,10
12.9371204376,80.2344207764,55725,55735,10
12.9363203049,80.2340393066,55735,55745,10
12.9358501434,80.2338409424,55745,55755,10
12.9356603622,80.2337265015,55755,55765,10
12.9351596832,80.2334899902,55765,55775,10
12.9339504242,80.2329711914,55775,55796,21
12.9339504242,80.2329711914,55796,55806,10
12.9337902069,80.2328796387,55806,55816,10
12.9332504272,80.2326278687,55816,55826,10
12.9324598312,80.2323303223,55826,55836,10
12.9314899445,80.2320098877,55836,55846,10
12.9304199219,80.2316665649,55846,55856,10
12.9293899536,80.2314071655,55856,55867,11
12.9283399582,80.2312164307,55867,55877,10
12.9273395538,80.231086731,55877,55887,10
12.9264497757,80.2309570313,55887,55897,10
12.9260702133,80.2309494019,55897,55907,10
12.9259796143,80.2309265137,55907,55917,10
12.9255504608,80.2308502197,55917,55927,10
12.9248695374,80.2307662964,55927,55937,10
12.9240398407,80.2306671143,55937,55948,11
12.9229097366,80.2304992676,55948,55958,10
12.9217195511,80.2303237915,55958,55968,10
12.9204597473,80.2301483154,55968,55978,10
12.9191598892,80.2299880981,55978,55988,10
12.9178304672,80.2298278809,55988,55998,10
12.9165000916,80.2296524048,55998,56008,10
12.9151496887,80.2294464111,56008,56018,10
12.9139299393,80.229309082,56018,56029,11
12.9133195877,80.2292480469,56029,56039,10
12.9133195877,80.2292404175,56039,56049,10
12.913020134,80.2291793823,56049,56059,10
12.9123497009,80.229057312,56059,56069,10
12.9114904404,80.2289276123,56069,56079,10
12.9104404449,80.2287826538,56079,56089,10
12.9092798233,80.2285995483,56089,56099,10
12.9081001282,80.2284164429,56099,56110,11
12.9072904587,80.2283096313,56110,56120,10
12.9071598053,80.2282867432,56120,56130,10
12.9070901871,80.2282791138,56130,56140,10
12.9067401886,80.2282333374,56140,56150,10
12.9062900543,80.2281723022,56150,56160,10
12.9055204391,80.2281188965,56160,56170,10
12.9045200348,80.2280578613,56170,56180,10
12.9033498764,80.2280197144,56180,56190,10
12.9021501541,80.2279586792,56190,56201,11
12.9011001587,80.227897644,56201,56211,10
12.9004201889,80.2278366089,56211,56221,10
12.8997898102,80.2277984619,56221,56231,10
12.8994503021,80.2277832031,56231,56241,10
12.8990297318,80.2277984619,56241,56251,10
12.8988704681,80.2277984619,56251,56261,10
12.8983602524,80.2277526855,56261,56271,10
12.8975896835,80.2276916504,56271,56282,11
12.8965301514,80.2276382446,56282,56292,10
12.8953800201,80.2275924683,56292,56302,10
12.8941602707,80.2275466919,56302,56312,10
12.8930997849,80.2274398804,56312,56322,10
12.8925504684,80.2273864746,56322,56332,10
12.892539978,80.2273864746,56332,56342,10
12.8924503326,80.2273788452,56342,56352,10
12.8920001984,80.2273406982,56352,56363,11
12.8911504745,80.2273178101,56363,56373,10
12.8901500702,80.2273178101,56373,56383,10
12.8889799118,80.2273178101,56383,56393,10
12.8877496719,80.2272415161,56393,56403,10
12.8865003586,80.2270202637,56403,56413,10
12.8847999573,80.2266998291,56413,56433,20
12.8847999573,80.2266998291,56433,56444,11
12.8843603134,80.2266769409,56444,56454,10
12.8836402893,80.2266769409,56454,56464,10
12.8827104568,80.2266998291,56464,56474,10
12.8815698624,80.2267074585,56474,56484,10
12.8803300858,80.2267227173,56484,56494,10
12.8790302277,80.2267303467,56494,56504,10
12.8777103424,80.2268218994,56504,56514,10
12.8766298294,80.2269363403,56514,56525,11
12.8762397766,80.2269821167,56525,56535,10
12.8761701584,80.2269592285,56535,56545,10
12.8757600784,80.2269363403,56545,56555,10
12.8750200272,80.2268676758,56555,56565,10
12.87403965,80.2267532349,56565,56575,10
12.8729400635,80.2266693115,56575,56585,10
12.8717803955,80.2266311646,56585,56595,10
12.8705396652,80.2265701294,56595,56606,11
12.8691301346,80.2264175415,56606,56616,10
12.8678197861,80.2263870239,56616,56626,10
12.8664903641,80.2265396118,56626,56636,10
12.8652000427,80.2265930176,56636,56646,10
12.8638801575,80.2265472412,56646,56656,10
12.8625602722,80.2265396118,56656,56666,10
12.8613996506,80.2265930176,56666,56676,10
12.8608798981,80.2265701294,56676,56687,11
12.8606700897,80.2265472412,56687,56697,10
12.8600702286,80.2264709473,56697,56707,10
12.8592300415,80.226348877,56707,56717,10
12.8583498001,80.2262573242,56717,56727,10
12.8572797775,80.2262802124,56727,56737,10
12.8561000824,80.2264022827,56737,56747,10
12.8548603058,80.2265319824,56747,56757,10
12.8535499573,80.2266616821,56757,56768,11
12.8520698547,80.2266616821,56768,56778,10
12.8508701324,80.2266235352,56778,56788,10
12.8502597809,80.226600647,56788,56798,10
12.8501996994,80.2265777588,56798,56808,10
12.8497600555,80.2265701294,56808,56818,10
12.8489999771,80.2265777588,56818,56828,10
12.8479795456,80.2265777588,56828,56838,10
12.8468103409,80.2265930176,56838,56849,11
12.8458900452,80.226600647,56849,56859,10
12.8456401825,80.226600647,56859,56869,10
12.8452100754,80.2266235352,56869,56879,10
12.845199585,80.2266235352,56879,56889,10
12.8448801041,80.2266387939,56889,56899,10
12.8442401886,80.2266921997,56899,56909,10
12.8433504105,80.2267990112,56909,56919,10
12.84237957,80.2269897461,56919,56929,10
12.8412399292,80.2272415161,56929,56940,11
12.840259552,80.2274932861,56940,56950,10
12.8400497437,80.2275466919,56950,56990,40
12.8400497437,80.2275466919,56990,57000,10
12.8396596909,80.2276535034,57000,57041,41
12.8396596909,80.2276535034,57041,57051,10
12.8392295837,80.2277679443,57051,57061,10
12.83852005,80.2279815674,57061,57071,10
12.8375902176,80.2282028198,57071,57081,10
12.8364200592,80.2283782959,57081,57091,10
12.8351602554,80.2285690308,57091,57102,11
12.8337202072,80.2288208008,57102,57112,10
12.832570076,80.2290267944,57112,57122,10
12.8318004608,80.2292098999,57122,57132,10
12.831609726,80.2292404175,57132,57142,10
12.8310203552,80.2294311523,57142,57152,10
12.8301401138,80.2297363281,57152,57162,10
12.829079628,80.2301483154,57162,57172,10
12.8280096054,80.2307128906,57172,57183,11
12.8268604279,80.2312469482,57183,57193,10
12.8256101608,80.2313919067,57193,57203,10
12.8243703842,80.2313079834,57203,57213,10
12.8231801987,80.2309570313,57213,57223,10
12.8219900131,80.2305908203,57223,57233,10
12.8208398819,80.2304534912,57233,57243,10
12.8197402954,80.2304992676,57243,57253,10
12.8189697266,80.230506897,57253,57264,11
12.8188695908,80.2304763794,57264,57274,10
12.8185300827,80.2303390503,57274,57284,10
12.8179502487,80.2300491333,57284,57294,10
12.8171796799,80.2296905518,57294,57304,10
12.8161401749,80.2294311523,57304,57314,10
12.8149299622,80.2292633057,57314,57324,10
12.8136796951,80.2289962769,57324,57334,10
12.8124103546,80.2285690308,57334,57345,11
12.8110198975,80.2280578613,57345,57355,10
12.8098602295,80.2275772095,57355,57365,10
12.8087797165,80.2269287109,57365,57375,10
12.8078203201,80.2261199951,57375,57385,10
12.8070297241,80.2254486084,57385,57395,10
12.8063898087,80.2248764038,57395,57405,10
12.8057899475,80.224357605,57405,57415,10
12.8056697845,80.2242584229,57415,57426,11
12.8054704666,80.2241287231,57426,57436,10
12.8049697876,80.2239837646,57436,57446,10
12.8042097092,80.2238922119,57446,57456,10
12.8034801483,80.2238235474,57456,57466,10
12.8029003143,80.2237625122,57466,57476,10
12.8020496368,80.2236480713,57476,57486,10
12.8012104034,80.2235565186,57486,57496,10
12.800359726,80.223487854,57496,57507,11
12.7991399765,80.2234115601,57507,57517,10
12.7978696823,80.2232589722,57517,57527,10
12.7965898514,80.2230300903,57527,57537,10
12.7954597473,80.2228164673,57537,57547,10
12.7943296432,80.2226333618,57547,57557,10
12.7931098938,80.2224578857,57557,57567,10
12.7918596268,80.2222213745,57567,57577,10
12.7906303406,80.2219161987,57577,57588,11
12.7896299362,80.2216415405,57588,57598,10
12.7890701294,80.2214202881,57598,57608,10
12.7883501053,80.2211532593,57608,57618,10
12.7877902985,80.2209320068,57618,57628,10
12.787320137,80.2207489014,57628,57638,10
12.787229538,80.2207183838,57638,57648,10
12.7871599197,80.2206802368,57648,57658,10
12.7868003845,80.2205429077,57658,57669,11
12.78647995,80.2204208374,57669,57679,10
12.786359787,80.2203903198,57679,57699,20
12.786359787,80.2203903198,57699,57709,10
12.7861795425,80.2203674316,57709,57719,10
12.7861404419,80.2205886841,57719,57729,10
12.7861604691,80.2207183838,57729,57739,10
12.786190033,80.2209777832,57739,57749,10
12.7861995697,80.2213897705,57749,57841,92
12.7861995697,80.2213897705,57841,57851,10
12.786239624,80.2217102051,57851,57861,10
12.786190033,80.2220535278,57861,58458,597
12.7862100601,80.2218780518,58458,58478,20
12.7862100601,80.2218780518,58478,58488,10
12.7862195969,80.2215499878,58488,58499,11
12.7862100601,80.2210769653,58499,58509,10
12.7861795425,80.2207870483,58509,58519,10
12.7862195969,80.2204437256,58519,58549,30
12.7862195969,80.2204437256,58549,58559,10
12.7866001129,80.220451355,58559,58569,10
12.7866096497,80.2204666138,58569,58580,11
12.7868499756,80.2205963135,58580,58590,10
12.7873802185,80.2208023071,58590,58600,10
12.7880496979,80.2210617065,58600,58610,10
12.7888298035,80.2213821411,58610,58620,10
12.7895402908,80.2216262817,58620,58630,10
12.7899303436,80.2217483521,58630,58640,10
12.7906703949,80.2219390869,58640,58650,10
12.791680336,80.2221908569,58650,58661,11
12.7930603027,80.2224807739,58661,58671,10
12.7944097519,80.2226791382,58671,58681,10
12.7956800461,80.2228775024,58681,58691,10
12.7963495255,80.2229690552,58691,58701,10
12.7964000702,80.2229995728,58701,58711,10
12.7968101501,80.2230834961,58711,58721,10
12.7975101471,80.2232131958,58721,58731,10
12.7983598709,80.2233200073,58731,58742,11
12.7995004654,80.223449707,58742,58752,10
12.8006401062,80.2235412598,58752,58762,10
12.8015298843,80.2236328125,58762,58772,10
12.8025102615,80.223739624,58772,58782,10
12.8036003113,80.2238693237,58782,58792,10
12.8044996262,80.2239379883,58792,58802,10
12.8051795959,80.2240371704,58802,58812,10
12.8055295944,80.2241592407,58812,58823,11
12.8056297302,80.2242431641,58823,58833,10
12.8060703278,80.2245788574,58833,58843,10
12.8067398071,80.2251663208,58843,58853,10
12.807510376,80.2258071899,58853,58863,10
12.8083496094,80.2265167236,58863,58873,10
12.8091697693,80.227180481,58873,58883,10
12.8102197647,80.2277374268,58883,58893,10
12.8113803864,80.2282104492,58893,58904,11
12.8127603531,80.2286834717,58904,58914,10
12.814040184,80.2291030884,58914,58924,10
12.815369606,80.2293395996,58924,58934,10
12.8167200089,80.2295532227,58934,58944,10
12.817990303,80.2300262451,58944,58954,10
12.8190402985,80.2304611206,58954,58964,10
12.8197603226,80.2304534912,58964,58974,10
12.8199596405,80.23046875,58974,58985,11
12.8206300735,80.23046875,58985,58995,10
12.821559906,80.230506897,58995,59005,10
12.8226995468,80.2307815552,59005,59015,10
12.8239402771,80.2311401367,59015,59025,10
12.8251800537,80.2313919067,59025,59035,10
12.8265104294,80.2313232422,59035,59045,10
12.8277797699,80.2309036255,59045,59055,10
12.8289699554,80.2302627563,59055,59066,11
12.8302497864,80.2297210693,59066,59076,10
12.8309297562,80.2294387817,59076,59086,10
12.8309497833,80.2294387817,59086,59096,10
12.8310203552,80.2294387817,59096,59106,10
12.8311100006,80.2294235229,59106,59116,10
12.8312397003,80.2293930054,59116,59126,10
12.8313398361,80.229347229,59126,59136,10
12.8315000534,80.2292861938,59136,59147,11
12.8319597244,80.2291564941,59147,59157,10
12.8326702118,80.2290267944,59157,59167,10
12.8336200714,80.2288589478,59167,59177,10
12.8347196579,80.2286529541,59177,59187,10
12.8359298706,80.2284622192,59187,59197,10
12.8372001648,80.2282714844,59197,59207,10
12.8384504318,80.2280197144,59207,59217,10
12.8395004272,80.2277374268,59217,59268,51
12.8395004272,80.2277374268,59268,59278,10
12.8401699066,80.2275314331,59278,59288,10
12.8401699066,80.2275314331,59288,59298,10
12.8409500122,80.2272872925,59298,59308,10
12.8419399261,80.2270202637,59308,59319,11
12.8432397842,80.2267837524,59319,59329,10
12.8444595337,80.2266235352,59329,59339,10
12.8453197479,80.2265472412,59339,59349,10
12.8453998566,80.2265625,59349,59359,10
12.8454704285,80.2265930176,59359,59369,10
12.8457698822,80.2265396118,59369,59379,10
12.8465003967,80.2265319824,59379,59389,10
12.8474197388,80.2265396118,59389,59400,11
12.8486204147,80.2265396118,59400,59410,10
12.8499202728,80.2265396118,59410,59430,20
12.8499202728,80.2265396118,59430,59440,10
12.8503704071,80.226600647,59440,59450,10
12.8510704041,80.2266082764,59450,59460,10
12.8519802094,80.2266769409,59460,59470,10
12.8531198502,80.2267227173,59470,59481,11
12.8544797897,80.2265777588,59481,59491,10
12.8557701111,80.2264480591,59491,59501,10
12.8570804596,80.22631073,59501,59511,10
12.8582601547,80.2262496948,59511,59521,10
12.8594198227,80.226348877,59521,59531,10
12.8604602814,80.2265167236,59531,59541,10
12.8607997894,80.2265625,59541,59551,10
12.8609399796,80.226600647,59551,59562,11
12.8614997864,80.226600647,59562,59572,10
12.8622703552,80.2265472412,59572,59582,10
12.863240242,80.2265167236,59582,59592,10
12.8644304276,80.2265625,59592,59602,10
12.8657302856,80.226600647,59602,59612,10
12.8670797348,80.2264785767,59612,59622,10
12.8684797287,80.2263793945,59622,59632,10
12.869890213,80.2265319824,59632,59643,11
12.8713798523,80.2266464233,59643,59653,10
12.8726902008,80.2266387939,59653,59673,20
12.8726902008,80.2266387939,59673,59683,10
12.8728399277,80.2266921997,59683,59693,10
12.8733301163,80.2267227173,59693,59703,10
12.8740901947,80.2267684937,59703,59713,10
12.8750400543,80.226890564,59713,59724,11
12.8761396408,80.2269897461,59724,59734,10
12.8765602112,80.2269363403,59734,59754,20
12.8765602112,80.2269363403,59754,59764,10
12.8768196106,80.2269134521,59764,59774,10
12.8774299622,80.2268829346,59774,59784,10
12.8782997131,80.2268066406,59784,59794,10
12.8793897629,80.2267608643,59794,59805,11
12.8807401657,80.2267379761,59805,59815,10
12.8820199966,80.2267303467,59815,59825,10
12.8833503723,80.2267227173,59825,59835,10
12.8845901489,80.2266921997,59835,59845,10
12.8851804733,80.2266769409,59845,59855,10
12.8852901459,80.2266921997,59855,59865,10
12.8857698441,80.2267913818,59865,59875,10
12.8865404129,80.2269973755,59875,59886,11
12.887550354,80.2272186279,59886,59896,10
12.8886699677,80.2273330688,59896,59906,10
12.8899097443,80.2273178101,59906,59916,10
12.8910799026,80.2273025513,59916,59926,10
12.8917303085,80.2273025513,59926,59936,10
12.8920602798,80.2273330688,59936,59946,10
12.892539978,80.2273712158,59946,59956,10
12.8932104111,80.2274398804,59956,59967,11
12.8941497803,80.2275466919,59967,59977,10
12.8951997757,80.2276229858,59977,59987,10
12.8962802887,80.2276687622,59987,59997,10
12.8973798752,80.227722168,59997,60007,10
12.8985004425,80.2277832031,60007,60017,10
12.8995599747,80.2278518677,60017,60027,10
12.9002799988,80.2278594971,60027,60037,10
12.9006204605,80.2278900146,60037,60048,11
12.901049614,80.2279434204,60048,60058,10
12.9015398026,80.2279968262,60058,60068,10
12.902299881,80.2280426025,60068,60078,10
12.9032001495,80.2280197144,60078,60098,20
12.9032001495,80.2280197144,60098,60108,10
12.9034500122,80.2281036377,60108,60118,10
12.9040603638,80.2281494141,60118,60128,10
12.9049100876,80.2281799316,60128,60139,11
12.9060096741,80.2282409668,60139,60149,10
12.9067802429,80.228302002,60149,60159,10
12.9069099426,80.2283401489,60159,60169,10
12.9071903229,80.2283477783,60169,60179,10
12.9078197479,80.2284622192,60179,60189,10
12.9087095261,80.2285766602,60189,60199,10
12.909819603,80.2287368774,60199,60209,10
12.9110498428,80.2289199829,60209,60220,11
12.9124803543,80.2291717529,60220,60230,10
12.9139699936,80.2293167114,60230,60250,20
12.9139699936,80.2293167114,60250,60260,10
12.9141702652,80.2293701172,60260,60270,10
12.9147396088,80.2294464111,60270,60280,10
12.9155397415,80.229598999,60280,60290,10
12.9165697098,80.2297134399,60290,60301,11
12.9177598953,80.2298736572,60301,60311,10
12.9187202454,80.2299880981,60311,60321,10
12.9192495346,80.2300415039,60321,60331,10
12.9194097519,80.2300491333,60331,60341,10
12.9199695587,80.2301330566,60341,60351,10
12.9207801819,80.23021698,60351,60361,10
12.9217395782,80.2303390503,60361,60371,10
12.9228696823,80.2305221558,60371,60382,11
12.9242095947,80.2307128906,60382,60392,10
12.9253396988,80.2308273315,60392,60402,10
12.9261903763,80.2309188843,60402,60412,10
12.9262895584,80.2309265137,60412,60422,10
12.9266700745,80.2309799194,60422,60432,10
12.9273395538,80.2310562134,60432,60442,10
12.9281797409,80.2311706543,60442,60452,10
12.9288797379,80.2312698364,60452,60463,11
12.9296503067,80.2314376831,60463,60473,10
12.9305200577,80.2316589355,60473,60483,10
12.9315595627,80.2319793701,60483,60493,10
12.9326696396,80.2323608398,60493,60503,10
12.9337501526,80.2328186035,60503,60523,20
12.9337501526,80.2328186035,60523,60533,10
12.9340801239,80.233001709,60533,60544,11
12.9348201752,80.2333374023,60544,60554,10
12.935500145,80.2336425781,60554,60564,10
12.9361495972,80.2339630127,60564,60574,10
12.936920166,80.2343521118,60574,60584,10
12.9378004074,80.2347488403,60584,60594,10
12.9387598038,80.2352371216,60594,60604,10
12.9395799637,80.2356262207,60604,60614,10
12.9398002625,80.2357406616,60614,60625,11
12.9399595261,80.2358016968,60625,60635,10
12.9405202866,80.2360229492,60635,60645,10
12.9413003922,80.2362136841,60645,60655,10
12.9422597885,80.2364578247,60655,60665,10
12.9432497025,80.2369689941,60665,60675,10
12.9440202713,80.2377471924,60675,60685,10
12.9445199966,80.2382888794,60685,60695,10
12.9452199936,80.2390289307,60695,60706,11
12.9462404251,80.2395706177,60706,60716,10
12.946969986,80.2398834229,60716,60726,10
12.9473304749,80.2400436401,60726,60736,10
12.9473400116,80.2400436401,60736,60746,10
12.9476900101,80.2401885986,60746,60756,10
12.94810009,80.2403488159,60756,60766,10
12.9483995438,80.2404937744,60766,60776,10
12.9488897324,80.2406768799,60776,60787,11
12.9497003555,80.2409362793,60787,60797,10
12.9504995346,80.2412033081,60797,60807,10
12.9509401321,80.2413330078,60807,60817,10
12.9509897232,80.2413635254,60817,60827,10
12.9513702393,80.2415237427,60827,60837,10
12.9520196915,80.2417602539,60837,60847,10
12.9528398514,80.2420501709,60847,60856,9
12.9537000656,80.2423782349,60856,60868,12
12.9548196793,80.2428207397,60868,60878,10
12.9555702209,80.2430877686,60878,60888,10
12.9562902451,80.2433013916,60888,60908,20
12.9562902451,80.2433013916,60908,60918,10
12.9566802979,80.2434692383,60918,60928,10
12.9571304321,80.2437133789,60928,60938,10
12.9580202103,80.2441329956,60938,60948,10
12.9586801529,80.2444000244,60948,60969,21
12.9586801529,80.2444000244,60969,60979,10
12.9589395523,80.2445602417,60979,60989,10
12.959400177,80.2447967529,60989,60999,10
12.9600696564,80.2451095581,60999,61009,10
12.9608802795,80.2454910278,61009,61019,10
12.9618501663,80.2459411621,61019,61029,10
12.9627399445,80.246383667,61029,61040,11
12.9631204605,80.2466125488,61040,61050,10
12.9635000229,80.2468032837,61050,61060,10
12.9641399384,80.2470474243,61060,61070,10
12.9648504257,80.2472915649,61070,61080,10
12.9656600952,80.247543335,61080,61090,10
12.9664297104,80.2477874756,61090,61110,20
12.9664297104,80.2477874756,61110,61121,11
12.9664802551,80.2478408813,61121,61131,10
12.966629982,80.2479095459,61131,61141,10
12.9668798447,80.2480392456,61141,61151,10
12.9671401978,80.2481613159,61151,61161,10
12.9675197601,80.248336792,61161,61171,10
12.9681901932,80.2486190796,61171,61181,10
12.9690799713,80.2490005493,61181,61191,10
12.97012043,80.249420166,61191,61202,11
12.9714002609,80.2498397827,61202,61212,10
12.9726400375,80.2501525879,61212,61222,10
12.9738998413,80.2504730225,61222,61232,10
12.9751701355,80.250831604,61232,61242,10
12.9764499664,80.2511901855,61242,61252,10
12.9776000977,80.251663208,61252,61262,10
12.9783496857,80.2522125244,61262,61293,31
12.9783496857,80.2522125244,61293,61303,10
12.9786195755,80.2524185181,61303,61313,10
12.9792098999,80.2526092529,61313,61323,10
12.9799203873,80.2526931763,61323,61333,10
12.9805498123,80.2526779175,61333,61343,10
12.9812498093,80.2526473999,61343,61353,10
12.9821100235,80.2526016235,61353,61364,11
12.9832000732,80.252571106,61364,61374,10
12.9843101501,80.2523117065,61374,61384,10
12.9854803085,80.251991272,61384,61394,10
12.9865999222,80.2516708374,61394,61404,10
12.9874601364,80.2514190674,61404,61414,10
12.9886703491,80.2511062622,61414,61424,10
12.9894304276,80.2509231567,61424,61434,10
12.9895000458,80.2509231567,61434,61445,11
12.9895401001,80.2509689331,61445,61455,10
12.9898900986,80.2508621216,61455,61465,10
12.9905099869,80.2506790161,61465,61475,10
12.9913196564,80.2504806519,61475,61485,10
12.9922800064,80.2502288818,61485,61495,10
12.9933795929,80.249961853,61495,61505,10
12.9945497513,80.249671936,61505,61515,10
12.9957304001,80.249382019,61515,61526,11
12.9966402054,80.2490997314,61526,61536,10
12.9967803955,80.2490692139,61536,61546,10
12.997179985,80.2489776611,61546,61556,10
12.9978399277,80.2488098145,61556,61566,10
12.9986801147,80.2485961914,61566,61576,10
12.999710083,80.2483596802,61576,61586,10
13.0008602142,80.2480697632,61586,61596,10
13.0020503998,80.2477798462,61596,61607,11
13.0033397675,80.2475204468,61607,61617,10
13.0045204163,80.2473602295,61617,61627,10
13.0055198669,80.2472229004,61627,61637,10
13.006310463,80.2468490601,61637,61647,10
13.0065002441,80.2464523315,61647,61667,20
13.0065002441,80.2464523315,61667,61677,10
13.0065698624,80.2462234497,61677,61688,11
13.0066204071,80.2456588745,61688,61698,10
13.0066299438,80.244972229,61698,61708,10
13.0066299438,80.2442932129,61708,61718,10
13.0066299438,80.2435913086,61718,61728,10
13.0065898895,80.242729187,61728,61738,10
13.0065803528,80.2417831421,61738,61748,10
13.0066299438,80.2409286499,61748,61758,10
13.0067596436,80.2401733398,61758,61769,11
13.0069198608,80.2394638062,61769,61779,10
13.0069999695,80.2389678955,61779,61789,10
13.0071401596,80.238319397,61789,61799,10
13.0072803497,80.237701416,61799,61809,10
13.0074100494,80.2368087769,61809,61829,20
13.0074100494,80.2368087769,61829,61839,10
13.0075101852,80.2365112305,61839,61849,10
13.0076303482,80.2359390259,61849,61860,11
13.0077495575,80.2353515625,61860,61870,10
13.0078496933,80.2348098755,61870,61880,10
13.0080099106,80.2340927124,61880,61890,10
13.0081701279,80.2332000732,61890,61900,10
13.0083703995,80.2321929932,61900,61910,10
13.0085802078,80.2311019897,61910,61920,10
13.008769989,80.230140686,61920,61930,10
13.0089797974,80.2290802002,61930,61941,11
13.0092496872,80.2280197144,61941,61951,10
13.0096597672,80.2270584106,61951,61961,10
13.0101099014,80.2261199951,61961,61971,10
13.0105495453,80.2252883911,61971,61981,10
13.0108995438,80.2245178223,61981,61991,10
13.0112895966,80.2235336304,61991,62011,20
13.0112895966,80.2235336304,62011,62022,11
13.0114803314,80.2231826782,62022,62032,10
13.0117197037,80.2225189209,62032,62042,10
13.0119895935,80.2217102051,62042,62052,10
13.0123300552,80.2215270996,62052,62062,10
13.0126399994,80.2219085693,62062,62072,10
13.0131196976,80.2224884033,62072,62082,10
13.0137195587,80.2232131958,62082,62092,10
13.0142698288,80.2238769531,62092,62103,11
13.0149402618,80.2246017456,62103,62113,10
13.0153198242,80.224937439,62113,62123,10
13.0156402588,80.2251586914,62123,62133,10
13.0156497955,80.2251586914,62133,62143,10
13.0158195496,80.2252197266,62143,62153,10
13.016289711,80.2253570557,62153,62163,10
13.0169801712,80.2251815796,62163,62173,10
13.017829895,80.2248382568,62173,62184,11
13.0187702179,80.2244567871,62184,62194,10
13.0195198059,80.2243728638,62194,62224,30
13.0195198059,80.2243728638,62224,62234,10
13.019659996,80.2245483398,62234,62254,20
13.019659996,80.2245483398,62254,62265,11
13.0198602676,80.224647522,62265,62275,10
13.0202999115,80.2249832153,62275,62285,10
13.0208501816,80.2253494263,62285,62295,10
13.0211896896,80.2255935669,62295,62670,375
13.0211896896,80.2255935669,62670,62680,10
13.0212898254,80.2257080078,62680,62690,10
13.0216903687,80.226020813,62690,62700,10
13.0222997665,80.2265396118,62700,62710,10
13.023059845,80.227180481,62710,62720,10
13.0237598419,80.2277984619,62720,62730,10
13.0243597031,80.2283935547,62730,62761,31
13.0243597031,80.2283935547,62761,62771,10
13.0243797302,80.2284469604,62771,62781,10
13.0243797302,80.2286300659,62781,62791,10
13.0241203308,80.228477478,62791,62801,10
13.0237903595,80.2280426025,62801,62811,10
13.0234003067,80.2276382446,62811,62821,10
13.023150444,80.227432251,62821,62882,61
13.0231895447,80.2273864746,62882,62955,73
13.0231599808,80.2272186279,62955,63066,111
13.0231599808,80.2272186279,63066,63076,10
13.0230302811,80.2270278931,63076,63087,11
13.0227203369,80.2267684937,63087,63097,10
13.0223398209,80.2264633179,63097,63107,10
13.0217199326,80.2259674072,63107,63117,10
13.0210399628,80.2254562378,63117,63127,10
13.0204496384,80.2250900269,63127,63137,10
13.019900322,80.2247314453,63137,63147,10
13.0191001892,80.2244567871,63147,63157,10
13.0181503296,80.2247314453,63157,63168,11
13.0170602798,80.2251663208,63168,63178,10
13.0162801743,80.2254867554,63178,63188,10
13.0155601501,80.2257614136,63188,63198,10
13.0148296356,80.22605896,63198,63208,10
13.0143604279,80.2262420654,63208,63218,10
13.0143499374,80.2262496948,63218,63228,10
13.0140600204,80.2263183594,63228,63238,10
13.0135202408,80.2265472412,63238,63249,11
13.0127401352,80.2268829346,63249,63259,10
13.0119600296,80.2272033691,63259,63269,10
13.0111103058,80.2275390625,63269,63279,10
13.0102500916,80.227897644,63279,63289,10
13.0094203949,80.2282485962,63289,63299,10
13.0090703964,80.2289581299,63299,63309,10
13.0089197159,80.2297515869,63309,63319,10
13.0088195801,80.2303466797,63319,63431,112
13.0088195801,80.2303466797,63431,63441,10
13.0087299347,80.2306137085,63441,63451,10
13.008649826,80.2310714722,63451,63461,10
13.0085000992,80.2318725586,63461,63471,10
13.0083398819,80.2327423096,63471,63480,9
13.008190155,80.2335510254,63480,63492,12
13.0080003738,80.234588623,63492,63502,10
13.0078001022,80.2355117798,63502,63512,10
13.0076398849,80.236366272,63512,63522,10
13.0074901581,80.2371292114,63522,63532,10
13.0073404312,80.2378311157,63532,63542,10
13.0072002411,80.2386169434,63542,63552,10
13.0070400238,80.2393417358,63552,63562,10
13.0069599152,80.2398529053,63562,63593,31
13.0069599152,80.2398529053,63593,63603,10
13.0068597794,80.240447998,63603,63613,10
13.0068101883,80.2407836914,63613,63623,10
13.006819725,80.2407836914,63623,63633,10
13.0067996979,80.2410888672,63633,63643,10
13.0067396164,80.2417907715,63643,63654,11
13.0067100525,80.2427597046,63654,63664,10
13.0066995621,80.243637085,63664,63674,10
13.0066795349,80.2446365356,63674,63684,10
13.0066900253,80.2455596924,63684,63694,10
13.0066995621,80.2462081909,63694,63704,10
13.0067195892,80.2466583252,63704,63714,10
13.0067195892,80.2470474243,63714,63724,10
13.0066099167,80.2473983765,63724,63734,10
13.0061798096,80.2474212646,63734,63745,11
13.0060300827,80.2474136353,63745,63755,10
13.005979538,80.2473602295,63755,63765,10
13.0055503845,80.2473373413,63765,63775,10
13.0048599243,80.2473526001,63775,63785,10
13.0039796829,80.2474365234,63785,63795,10
13.0029001236,80.2475891113,63795,63805,10
13.0018596649,80.2478179932,63805,63815,10
13.0007400513,80.2481079102,63815,63826,11
12.9994297028,80.2484588623,63826,63836,10
12.9982404709,80.2487564087,63836,63846,10
12.9972496033,80.2489929199,63846,63856,10
12.9957103729,80.249382019,63856,63866,10
12.9944200516,80.249710083,63866,63876,10
12.9930801392,80.250038147,63876,63886,10
12.9917402267,80.2503585815,63886,63896,10
12.9904499054,80.2507019043,63896,63907,11
12.9890298843,80.2510910034,63907,63917,10
12.9879598618,80.251411438,63917,64028,111
12.9879598618,80.251411438,64028,64038,10
12.9878902435,80.2513809204,64038,64048,10
12.9877300262,80.251411438,64048,64058,10
12.9872503281,80.2515335083,64058,64069,11
12.9863595963,80.2517623901,64069,64079,10
12.9853401184,80.2519989014,64079,64089,10
12.9841899872,80.2523498535,64089,64099,10
12.9829702377,80.2526321411,64099,64109,10
12.9816703796,80.2526779175,64109,64119,10
12.9805202484,80.2527389526,64119,64129,10
12.9798698425,80.2527389526,64129,64139,10
12.9794502258,80.2526702881,64139,64150,11
12.9787797928,80.2525863647,64150,64160,10
12.9785804749,80.2525405884,64160,64170,10
12.9784603119,80.2524719238,64170,64180,10
12.9781103134,80.2522201538,64180,64190,10
12.977519989,80.2516937256,64190,64200,10
12.9766397476,80.2512512207,64200,64210,10
12.9756603241,80.2509765625,64210,64220,10
12.9746904373,80.2507095337,64220,64231,11
12.97356987,80.2503890991,64231,64241,10
12.9725103378,80.2501068115,64241,64251,10
12.9714403152,80.2498397827,64251,64261,10
12.9703798294,80.2495193481,64261,64271,10
12.9692602158,80.2490997314,64271,64281,10
12.9681196213,80.2486419678,64281,64291,10
12.9671001434,80.2481994629,64291,64301,10
12.9661397934,80.2477111816,64301,64312,11
12.9651699066,80.2473678589,64312,64322,10
12.964969635,80.2472991943,64322,64332,10
12.9648103714,80.247253418,64332,64342,10
12.96434021,80.2470703125,64342,64352,10
12.9637699127,80.2468338013,64352,64362,10
12.963470459,80.246673584,64362,64372,10
12.9629201889,80.2463912964,64372,64382,10
12.9621601105,80.2460098267,64382,64393,11
12.9610795975,80.2455062866,64393,64403,10
12.9600696564,80.2450714111,64403,64413,10
12.9593296051,80.244758606,64413,64423,10
12.9593000412,80.2447433472,64423,64433,10
12.9590597153,80.2445983887,64433,64443,10
12.9585103989,80.2443466187,64443,64453,10
12.9579000473,80.2441101074,64453,64463,10
12.9572200775,80.2438964844,64463,64474,11
12.9564399719,80.2436828613,64474,64484,10
12.9563999176,80.2436676025,64484,64494,10
12.9560403824,80.2435073853,64494,64504,10
12.9554595947,80.2431793213,64504,64514,10
12.9546804428,80.2428131104,64514,64524,10
12.9537200928,80.2423934937,64524,64534,10
12.9526901245,80.2419815063,64534,64544,10
12.9518995285,80.2416915894,64544,64555,11
12.9516801834,80.2416534424,64555,64565,10
12.95154953,80.2416000366,64565,64575,10
12.951089859,80.2414321899,64575,64585,10
12.9503698349,80.2411880493,64585,64595,10
12.949549675,80.2409591675,64595,64605,10
12.9491596222,80.2408370972,64605,64615,10
12.9491500854,80.2408370972,64615,64625,10
12.9488201141,80.2406768799,64625,64635,10
12.9482698441,80.240447998,64635,64646,11
12.9475097656,80.2401428223,64646,64656,10
12.9471797943,80.2399902344,64656,64666,10
12.9471197128,80.2399368286,64666,64676,10
12.9466896057,80.2397537231,64676,64686,10
12.9460201263,80.2394714355,64686,64696,10
12.9452695847,80.2390823364,64696,64706,10
12.9445800781,80.2384033203,64706,64716,10
12.9438695908,80.2375564575,64716,64727,11
12.9430999756,80.2368011475,64727,64737,10
12.9420795441,80.2362976074,64737,64747,10
12.940990448,80.2360610962,64747,64757,10
12.940079689,80.2358398438,64757,64767,10
12.9398498535,80.2357788086,64767,64777,10
12.9398202896,80.2357635498,64777,64787,10
12.9394598007,80.2355880737,64787,64797,10
12.9387998581,80.2352600098,64797,64808,11
12.9378595352,80.2347869873,64808,64818,10
12.9368495941,80.2342987061,64818,64828,10
12.9359102249,80.2338485718,64828,64838,10
12.9350996017,80.2334823608,64838,64848,10
12.9342403412,80.2331008911,64848,64858,10
12.9339199066,80.232963562,64858,64868,10
12.9337997437,80.2329025269,64868,64878,10
12.9332799911,80.2326507568,64878,64889,11
12.9324502945,80.2323303223,64889,64899,10
12.9314899445,80.2320175171,64899,64909,10
12.9303503036,80.2316513062,64909,64919,10
12.9291400909,80.2313690186,64919,64929,10
12.9279098511,80.2311706543,64929,64939,10
12.9267301559,80.231048584,64939,64949,10
12.9261302948,80.2309799194,64949,64959,10
12.9260501862,80.2309494019,64959,64970,11
12.9255399704,80.2308807373,64970,64980,10
12.9248199463,80.230796814,64980,64990,10
12.9239397049,80.2306976318,64990,65000,10
12.9229297638,80.2305603027,65000,65010,10
12.9218597412,80.2304000854,65010,65020,10
12.9207201004,80.2302398682,65020,65030,10
12.9195604324,80.2300872803,65030,65040,10
12.9184103012,80.2299423218,65040,65051,11
12.9172000885,80.2297668457,65051,65061,10
12.9161396027,80.229598999,65061,65071,10
12.9151201248,80.2294616699,65071,65081,10
12.914059639,80.2293167114,65081,65091,10
12.9133796692,80.2292785645,65091,65101,10
12.9133396149,80.2292709351,65101,65111,10
12.9132003784,80.2292404175,65111,65121,10
12.9126596451,80.2291412354,65121,65132,11
12.9118404388,80.229019165,65132,65142,10
12.910900116,80.2288970947,65142,65152,10
12.9098901749,80.2287521362,65152,65162,10
12.9088001251,80.2285690308,65162,65172,10
12.9077396393,80.2284088135,65172,65182,10
12.9069700241,80.2283325195,65182,65192,10
12.9068603516,80.2282867432,65192,65202,10
12.9065704346,80.2282104492,65202,65212,10
12.9058904648,80.2281723022,65212,65223,11
12.9049396515,80.2281265259,65223,65233,10
12.9039201736,80.2280731201,65233,65243,10
12.9028596878,80.2280273438,65243,65253,10
12.9017801285,80.2279586792,65253,65263,10
12.9007997513,80.2279205322,65263,65273,10
12.9000597,80.2278823853,65273,65283,10
12.8994903564,80.2278594971,65283,65294,11
12.8992795944,80.2278518677,65294,65304,10
12.8990602493,80.2278213501,65304,65314,10
12.8984804153,80.2277832031,65314,65324,10
12.8976602554,80.2277297974,65324,65334,10
12.8966999054,80.2276916504,65334,65344,10
12.8956203461,80.2276382446,65344,65354,10
12.894490242,80.2275772095,65354,65364,10
12.8935499191,80.2275238037,65364,65375,11
12.8932504654,80.2275009155,65375,65385,10
12.8931798935,80.2274932861,65385,65395,10
12.8928003311,80.2274398804,65395,65405,10
12.8922595978,80.2273635864,65405,65415,10
12.8914403915,80.2273101807,65415,65425,10
12.8903799057,80.2273101807,65425,65435,10
12.8892602921,80.2273178101,65435,65445,10
12.8881998062,80.2273025513,65445,65455,10
12.8873195648,80.2272109985,65455,65466,11
12.8862695694,80.2269973755,65466,65476,10
12.8854398727,80.2267990112,65476,65486,10
12.8852701187,80.2267684937,65486,65496,10
12.8850898743,80.2267379761,65496,65506,10
12.8849096298,80.2267227173,65506,65516,10
12.884349823,80.2267074585,65516,65526,10
12.8835201263,80.2266998291,65526,65536,10
12.8824796677,80.2267227173,65536,65547,11
12.8811798096,80.2267227173,65547,65557,10
12.8799495697,80.2267227173,65557,65567,10
12.878660202,80.2267608643,65567,65577,10
12.8774900436,80.2268600464,65577,65587,10
12.8768796921,80.2269515991,65587,65597,10
12.8768100739,80.2269363403,65597,65607,10
12.8764696121,80.2269668579,65607,65617,10
12.87596035,80.2269821167,65617,65628,11
12.8750896454,80.2268981934,65628,65638,10
12.87403965,80.2267608643,65638,65648,10
12.8731298447,80.2266998291,65648,65658,10
12.8729600906,80.2266998291,65658,65668,10
12.8726797104,80.2266998291,65668,65678,10
12.8720703125,80.2266693115,65678,65688,10
12.8712301254,80.2266387939,65688,65698,10
12.8702697754,80.2265777588,65698,65709,11
12.8691196442,80.2264404297,65709,65719,10
12.8679504395,80.2264022827,65719,65729,10
12.8669300079,80.2265014648,65729,65739,10
12.865940094,80.2265777588,65739,65749,10
12.8648195267,80.2265777588,65749,65759,10
12.8638000488,80.2265319824,65759,65769,10
12.8627996445,80.2265167236,65769,65779,10
12.8617696762,80.2265625,65779,65790,11
12.8607797623,80.2265777588,65790,65800,10
12.8605899811,80.2265625,65800,65810,10
12.8600997925,80.2264785767,65810,65820,10
12.8593797684,80.2263793945,65820,65830,10
12.8588495255,80.2263031006,65830,65840,10
12.85820961,80.2262420654,65840,65850,10
12.857339859,80.2262420654,65850,65860,10
12.8562602997,80.2263412476,65860,65871,11
12.8549404144,80.2264785767,65871,65881,10
12.8536500931,80.2266235352,65881,65891,10
12.8523101807,80.2266387939,65891,65901,10
12.8509302139,80.2265777588,65901,65911,10
12.8495597839,80.2265396118,65911,65921,10
12.8481798172,80.2265396118,65921,65931,10
12.8468198776,80.2265625,65931,65941,10
12.8458795547,80.2265625,65941,65952,11
12.8452396393,80.2265777588,65952,65962,10
12.8452196121,80.2265777588,65962,65972,10
12.844909668,80.2265701294,65972,65982,10
12.8442497253,80.2266235352,65982,65992,10
12.8433504105,80.2267074585,65992,66002,10
12.842209816,80.2269363403,66002,66012,10
12.8409795761,80.2272491455,66012,66022,10
12.8401699066,80.2274932861,66022,66033,11
12.8397102356,80.2276229858,66033,66043,10
12.839630127,80.2276382446,66043,66053,10
12.8392000198,80.2277679443,66053,66063,10
12.8384599686,80.2279586792,66063,66073,10
12.8374900818,80.2281723022,66073,66083,10
12.8362998962,80.2283477783,66083,66093,10
12.8350095749,80.2285385132,66093,66103,10
12.8337602615,80.2287826538,66103,66114,11
12.8324804306,80.2289962769,66114,66124,10
12.8317298889,80.2292022705,66124,66134,10
12.8316898346,80.2292175293,66134,66144,10
12.8313398361,80.229309082,66144,66154,10
12.8306303024,80.2295379639,66154,66164,10
12.8297300339,80.2298812866,66164,66174,10
12.8287601471,80.2303009033,66174,66184,10
12.8277597427,80.2308502197,66184,66195,11
12.8266296387,80.2312927246,66195,66205,10
12.8254804611,80.2313690186,66205,66215,10
12.8242998123,80.2312698364,66215,66225,10
12.8231897354,80.2309417725,66225,66235,10
12.8221302032,80.2305984497,66235,66245,10
12.8210096359,80.2304229736,66245,66255,10
12.8198900223,80.23046875,66255,66265,10
12.8190402985,80.2304916382,66265,66276,11
12.818860054,80.2304534912,66276,66286,10
12.8185596466,80.2303009033,66286,66296,10
12.8180198669,80.2300415039,66296,66306,10
12.8172597885,80.2296905518,66306,66316,10
12.8162403107,80.2294311523,66316,66326,10
12.815079689,80.2292633057,66326,66336,10
12.8139400482,80.229057312,66336,66346,10
12.8128499985,80.2287063599,66346,66357,11
12.8116102219,80.2282714844,66357,66367,10
12.8104801178,80.2278289795,66367,66377,10
12.809419632,80.2273635864,66377,66387,10
12.8084697723,80.2266464233,66387,66397,10
12.8075799942,80.2259063721,66397,66407,10
12.807009697,80.2254180908,66407,66417,10
12.8066701889,80.2251205444,66417,66427,10
12.8062200546,80.2247161865,66427,66438,11
12.8057203293,80.224281311,66438,66448,10
12.8052797318,80.2240524292,66448,66458,10
12.8049697876,80.2239837646,66458,66468,10
12.8049297333,80.2239837646,66468,66478,10
12.8045597076,80.2239227295,66478,66488,10
12.803899765,80.2238616943,66488,66498,10
12.8030996323,80.2237701416,66498,66508,10
12.8021297455,80.2236480713,66508,66519,11
12.8008804321,80.2235336304,66519,66529,10
12.799659729,80.2234191895,66529,66539,10
12.7983903885,80.2232971191,66539,66549,10
12.7970600128,80.2230987549,66549,66559,10
12.7957496643,80.2228469849,66559,66569,10
12.7944498062,80.2226333618,66569,66579,10
12.7932195663,80.2224502563,66579,66589,10
12.7920398712,80.2222366333,66589,66599,10
12.7909097672,80.2219619751,66599,66610,11
12.7898597717,80.2216796875,66610,66620,10
12.789150238,80.2214431763,66620,66630,10
12.7883901596,80.2211608887,66630,66640,10
12.787899971,80.2209777832,66640,66650,10
12.7875699997,80.2208480835,66650,66670,20
12.7875699997,80.2208480835,66670,66680,10
12.7873802185,80.2207794189,66680,66691,11
12.7869300842,80.2206115723,66691,66751,60
12.7869300842,80.2206115723,66751,66761,10
12.7866802216,80.2204971313,66761,66772,11
12.7862596512,80.2203369141,66772,66822,50
12.7862596512,80.2203369141,66822,66832,10
12.7861404419,80.2206192017,66832,66842,10
12.7861499786,80.2209777832,66842,66853,11
12.7861604691,80.2213134766,66853,66863,10
12.7861700058,80.2218933105,66863,67450,587
12.7861700058,80.2218933105,67450,67460,10
12.786239624,80.2217712402,67460,67470,10
12.7861795425,80.221496582,67470,67521,51
12.7861795425,80.221496582,67521,67531,10
12.7861404419,80.2210693359,67531,67632,101
12.7861404419,80.2210693359,67632,67642,10
12.7861204147,80.2205581665,67642,67734,92
12.7861204147,80.2205581665,67734,67744,10
12.7865800858,80.2204818726,67744,67754,10
12.7866201401,80.2205123901,67754,67764,10
12.7868499756,80.2206115723,67764,67774,10
12.7873296738,80.2207870483,67774,67784,10
12.7879199982,80.2210083008,67784,67794,10
12.7886199951,80.221282959,67794,67804,10
12.7893400192,80.2215499878,67804,67814,10
12.7897901535,80.2217025757,67814,67825,11
12.7904396057,80.2218704224,67825,67835,10
12.7912902832,80.222076416,67835,67845,10
12.7923698425,80.2223434448,67845,67855,10
12.7936201096,80.2225265503,67855,67865,10
12.7948999405,80.2227325439,67865,67875,10
12.7959604263,80.2228927612,67875,67885,10
12.7963895798,80.2229690552,67885,67895,10
12.7966098785,80.2230377197,67895,67906,11
12.7971601486,80.2231521606,67906,67916,10
12.7979202271,80.2232666016,67916,67926,10
12.798789978,80.2233581543,67926,67936,10
12.7998304367,80.223449707,67936,67946,10
12.8009195328,80.2235412598,67946,67956,10
12.8013401031,80.2235717773,67956,67966,10
12.8015403748,80.2236404419,67966,67976,10
12.8022603989,80.2237091064,67976,67987,11
12.8028802872,80.223777771,67987,67997,10
12.8035802841,80.2238464355,67997,68007,10
12.8044099808,80.2239074707,68007,68017,10
12.8054800034,80.2241210938,68017,68037,20
12.8054800034,80.2241210938,68037,68047,10
12.8057699203,80.224319458,68047,68057,10
12.8063097,80.2247924805,68057,68068,11
12.807100296,80.2254714966,68068,68078,10
12.8079500198,80.2261962891,68078,68088,10
12.8087997437,80.2269210815,68088,68098,10
12.8098096848,80.2275466919,68098,68108,10
12.8109703064,80.2280273438,68108,68118,10
12.8122196198,80.2284927368,68118,68128,10
12.8134498596,80.2289199829,68128,68138,10
12.8147296906,80.2292175293,68138,68149,11
12.8162002563,80.2294311523,68149,68159,10
12.8173904419,80.2297515869,68159,68169,10
12.8183403015,80.230178833,68169,68179,10
12.8191699982,80.2304611206,68179,68189,10
12.8197202682,80.2304382324,68189,68199,10
12.8197898865,80.230430603,68199,68209,10
12.8202800751,80.230430603,68209,68219,10
12.8211297989,80.2304382324,68219,68230,11
12.8223304749,80.2306594849,68230,68240,10
12.8235397339,80.2310180664,68240,68250,10
12.824640274,80.231300354,68250,68260,10
12.8258600235,80.2313537598,68260,68270,10
12.8270797729,80.2311706543,68270,68280,10
12.8281602859,80.2306213379,68280,68290,10
12.8291397095,80.2301025391,68290,68300,10
12.8302097321,80.2296600342,68300,68311,11
12.8310403824,80.2293167114,68311,68321,10
12.8310604095,80.2293167114,68321,68331,10
12.8312797546,80.2292633057,68331,68341,10
12.8315601349,80.2291793823,68341,68351,10
12.8320398331,80.2290802002,68351,68361,10
12.8327798843,80.2289505005,68361,68371,10
12.8337602615,80.228767395,68371,68381,10
12.8349199295,80.2285614014,68381,68392,11
12.8362503052,80.2283630371,68392,68402,10
12.8374004364,80.2281799316,68402,68412,10
12.838760376,80.2278594971,68412,68493,81
12.8390798569,80.2277374268,68493,68513,20
12.839220047,80.2277069092,68513,68533,20
12.839220047,80.2277069092,68533,68543,10
12.8393697739,80.2276763916,68543,68554,11
12.839509964,80.2276535034,68554,68564,10
12.8400001526,80.2275085449,68564,68574,10
12.8407802582,80.2273101807,68574,68584,10
12.8417301178,80.2270507813,68584,68594,10
12.842880249,80.2268066406,68594,68604,10
12.8440599442,80.2266464233,68604,68614,10
12.8453102112,80.2265472412,68614,68635,21
12.8453102112,80.2265472412,68635,68645,10
12.8454904556,80.2265930176,68645,68655,10
12.8459796906,80.2265625,68655,68665,10
12.8466396332,80.2265396118,68665,68675,10
12.8475399017,80.2265319824,68675,68685,10
12.8486204147,80.2265167236,68685,68695,10
12.8496704102,80.2265167236,68695,68705,10
12.8500995636,80.2265090942,68705,68716,11
12.8501195908,80.2265014648,68716,68726,10
12.8505601883,80.2265396118,68726,68736,10
12.851269722,80.2265625,68736,68746,10
12.8521995544,80.226600647,68746,68756,10
12.8533496857,80.226600647,68756,68766,10
12.8545999527,80.2264785767,68766,68776,10
12.8559103012,80.226348877,68776,68786,10
12.8572397232,80.2262115479,68786,68797,11
12.8586196899,80.2261962891,68797,68807,10
12.8598604202,80.2263793945,68807,68817,10
12.8611402512,80.2265472412,68817,68827,10
12.8624601364,80.2265014648,68827,68837,10
12.8637399673,80.2264862061,68837,68847,10
12.8649902344,80.2265396118,68847,68857,10
12.8662996292,80.2265014648,68857,68867,10
12.867650032,80.2263793945,68867,68878,11
12.8691196442,80.2264022827,68878,68888,10
12.8704795837,80.2265472412,68888,68898,10
12.8717699051,80.226600647,68898,68908,10
12.8725404739,80.2265930176,68908,68918,10
12.8726501465,80.226600647,68918,68928,10
12.8731098175,80.2266311646,68928,68938,10
12.8738698959,80.2266769409,68938,68948,10
12.8748397827,80.2267990112,68948,68958,10
12.8760404587,80.2268829346,68958,68969,11
12.8764801025,80.2268676758,68969,68979,10
12.8766498566,80.226852417,68979,68989,10
12.8770399094,80.2268371582,68989,68999,10
12.8777399063,80.2267837524,68999,69009,10
12.8786497116,80.2267074585,69009,69019,10
12.8797798157,80.2266693115,69019,69029,10
12.8810195923,80.2266464233,69029,69039,10
12.8823204041,80.2266464233,69039,69050,11
12.8837099075,80.2266235352,69050,69060,10
12.8848199844,80.2266235352,69060,69070,10
12.8858098984,80.2267913818,69070,69080,10
12.8868703842,80.2270584106,69080,69090,10
12.8880195618,80.2272415161,69090,69100,10
12.8890104294,80.2273025513,69100,69110,10
12.8904399872,80.2273025513,69110,69120,10
12.8917703629,80.2272872925,69120,69131,11
12.8922796249,80.2273025513,69131,69151,20
12.8922796249,80.2273025513,69151,69161,10
12.8924598694,80.2273178101,69161,69171,10
12.8930397034,80.2273864746,69171,69181,10
12.8938398361,80.2275085449,69181,69191,10
12.8948497772,80.2276000977,69191,69201,10
12.895939827,80.2276306152,69201,69212,11
12.8972196579,80.2276763916,69212,69222,10
12.8983402252,80.2277374268,69222,69232,10
12.8994598389,80.2278137207,69232,69242,10
12.9005002975,80.2278366089,69242,69282,40
12.9005002975,80.2278366089,69282,69293,11
12.9006099701,80.2278671265,69293,69303,10
12.900970459,80.2279129028,69303,69313,10
12.9014196396,80.2279510498,69313,69323,10
12.9020395279,80.2279586792,69323,69333,10
12.9026899338,80.2279663086,69333,69343,10
12.9027900696,80.2279586792,69343,69353,10
12.902970314,80.2279815674,69353,69363,10
12.9035396576,80.228012085,69363,69374,11
12.9043998718,80.2280578613,69374,69384,10
12.9052801132,80.2280883789,69384,69394,10
12.9060297012,80.2281265259,69394,69404,10
12.9065599442,80.2281570435,69404,69414,10
12.9067897797,80.2281799316,69414,69424,10
12.9070997238,80.2282333374,69424,69434,10
12.9078302383,80.2283477783,69434,69444,10
12.9087696075,80.2285003662,69444,69455,11
12.9099798203,80.2286987305,69455,69465,10
12.9111795425,80.2288894653,69465,69475,10
12.9124498367,80.2290725708,69475,69485,10
12.9134998322,80.2291870117,69485,69495,10
12.9137802124,80.2292327881,69495,69505,10
12.9140701294,80.2292785645,69505,69515,10
12.9146900177,80.2293777466,69515,69525,10
12.9155797958,80.2295227051,69525,69536,11
12.9168100357,80.2296905518,69536,69546,10
12.9179801941,80.2298278809,69546,69556,10
12.9190301895,80.2299575806,69556,69566,10
12.9193696976,80.2299804688,69566,69576,10
12.9196796417,80.2300262451,69576,69586,10
12.9203195572,80.2301177979,69586,69596,10
12.9211597443,80.2302322388,69596,69606,10
12.9222002029,80.2303924561,69606,69617,11
12.92345047,80.2305831909,69617,69627,10
12.9246501923,80.23072052,69627,69637,10
12.9257602692,80.2308425903,69637,69647,10
12.9263095856,80.2309036255,69647,69657,10
12.9264802933,80.2309417725,69657,69667,10
12.9270496368,80.231010437,69667,69677,10
12.92786026,80.2311019897,69677,69687,10
12.9288396835,80.2312469482,69687,69698,11
12.9299297333,80.2314834595,69698,69708,10
12.930970192,80.2317810059,69708,69718,10
12.9320602417,80.2321624756,69718,69728,10
12.9331197739,80.2325363159,69728,69738,10
12.9337396622,80.2328033447,69738,69748,10
12.933839798,80.2328720093,69748,69758,10
12.9343204498,80.2330780029,69758,69768,10
12.9350595474,80.2334136963,69768,69779,11
12.9358100891,80.233757019,69779,69789,10
12.9365797043,80.23412323,69789,69799,10
12.9375696182,80.2345962524,69799,69809,10
12.9386796951,80.2351608276,69809,69819,10
12.9395599365,80.2355575562,69819,69829,10
12.9396400452,80.2356185913,69829,69839,10
12.9398298264,80.2357406616,69839,69848,9
12.9403495789,80.2359237671,69848,69860,12
12.9413299561,80.2361602783,69860,69870,10
12.9423904419,80.2364425659,69870,69880,10
12.9433898926,80.2370834351,69880,69890,10
12.9442596436,80.2380371094,69890,69900,10
12.9451904297,80.2389984131,69900,69910,10
12.9462499619,80.2395935059,69910,69920,10
12.9470996857,80.2399215698,69920,69930,10
12.9477596283,80.240196228,69930,69941,11
12.9487304688,80.2406234741,69941,69981,40
12.9487304688,80.2406234741,69981,69992,11
12.9490499496,80.240737915,69992,70002,10
12.9497098923,80.2409667969,70002,70012,10
12.9505996704,80.2412414551,70012,70023,11
12.9515600204,80.2415084839,70023,70033,10
12.9518499374,80.2416305542,70033,70043,10
12.9524402618,80.241859436,70043,70053,10
12.9532499313,80.2421875,70053,70063,10
12.9538097382,80.2424163818,70063,70073,10
12.9543199539,80.2426376343,70073,70083,10
12.9549999237,80.2429122925,70083,70093,10
12.955739975,80.2432098389,70093,70104,11
12.9561595917,80.2434082031,70104,70144,40
12.9561595917,80.2434082031,70144,70154,10
12.956489563,80.2435302734,70154,70164,10
12.9571199417,80.2437667847,70164,70174,10
12.9579896927,80.2441101074,70174,70186,12
12.9589500427,80.2444992065,70186,70197,11
12.9591197968,80.2445831299,70197,70207,10
12.9594402313,80.244758606,70207,70217,10
12.9600496292,80.2450408936,70217,70227,10
12.9608898163,80.2454071045,70227,70237,10
12.9618196487,80.2458496094,70237,70247,10
12.9628200531,80.2463531494,70247,70268,21
12.9628200531,80.2463531494,70268,70278,10
12.9629402161,80.2463378906,70278,70287,9
12.9633398056,80.2465591431,70287,70298,11
12.9639902115,80.2468719482,70298,70308,10
12.9645795822,80.2471008301,70308,70318,10
12.9653902054,80.2473907471,70318,70328,10
12.9663200378,80.2477264404,70328,70338,10
12.9669799805,80.2480392456,70338,70349,11
12.9672803879,80.2481765747,70349,70359,10
12.9677000046,80.2483825684,70359,70369,10
12.9684200287,80.2486801147,70369,70379,10
12.9693403244,80.2490615845,70379,70389,10
12.9703998566,80.2494735718,70389,70399,10
12.9715204239,80.2498092651,70399,70409,10
12.9726896286,80.2501068115,70409,70419,10
12.973739624,80.2503662109,70419,70430,11
12.9749202728,80.2507171631,70430,70440,10
12.9760904312,80.2510375977,70440,70450,10
12.9772396088,80.251411438,70450,70460,10
12.9780597687,80.2520523071,70460,70470,10
12.978969574,80.2525177002,70470,70480,10
12.9796600342,80.2525863647,70480,70541,61
12.9796600342,80.2525863647,70541,70551,10
12.9800100327,80.2526016235,70551,70561,10
12.9806699753,80.2526016235,70561,70571,10
12.9815998077,80.2525787354,70571,70581,10
12.9827404022,80.2525482178,70581,70592,11
12.9840602875,80.2523117065,70592,70602,10
12.9852800369,80.2519683838,70602,70612,10
12.9862499237,80.251701355,70612,70622,10
12.9869804382,80.2515029907,70622,70632,10
12.9874801636,80.2513580322,70632,70642,10
12.9879999161,80.2512435913,70642,70652,10
12.9888496399,80.2510223389,70652,70662,10
12.9893903732,80.250869751,70662,70673,11
12.9897003174,80.2508163452,70673,70683,10
12.9903697968,80.2506637573,70683,70693,10
12.9912595749,80.2504425049,70693,70703,10
12.9923295975,80.2501678467,70703,70713,10
12.9934902191,80.2498703003,70713,70723,10
12.9947004318,80.2495727539,70723,70733,10
12.9959201813,80.2492523193,70733,70743,10
12.9970502853,80.2489624023,70743,70754,11
12.998339653,80.2486419678,70754,70764,10
12.9996004105,80.2483291626,70764,70774,10
13.0008802414,80.2480163574,70774,70784,10
13.0019598007,80.2477416992,70784,70794,10
13.002820015,80.2475585938,70794,70804,10
13.0039100647,80.2473831177,70804,70814,10
13.0050802231,80.2472229004,70814,70824,10
13.0060796738,80.2469177246,70824,70835,11
13.0064897537,80.2463912964,70835,70845,10
13.0065002441,80.2463607788,70845,70855,10
13.0065698624,80.2460174561,70855,70865,10
13.0065898895,80.2453613281,70865,70875,10
13.0066003799,80.2444915771,70875,70885,10
13.0066003799,80.243637085,70885,70895,10
13.0065803528,80.2427825928,70895,70905,10
13.0065603256,80.2416763306,70905,70915,10
13.0066204071,80.2407989502,70915,70926,11
13.0066900253,80.2403717041,70926,70936,10
13.0067901611,80.2398605347,70936,70946,10
13.0069599152,80.2389907837,70946,70956,10
13.0072002411,80.2379226685,70956,70966,10
13.0074501038,80.2367935181,70966,70976,10
13.0076999664,80.2355804443,70976,70986,10
13.0079498291,80.234336853,70986,70996,10
13.0082101822,80.2330093384,70996,71007,11
13.0085000992,80.2314605713,71007,71017,10
13.008769989,80.2300491333,71017,71027,10
13.0090503693,80.2286834717,71027,71037,10
13.0094604492,80.2274093628,71037,71047,10
13.0099897385,80.2262802124,71047,71057,10
13.0104398727,80.2254180908,71057,71067,10
13.0107803345,80.2247161865,71067,71077,10
13.01101017,80.2240905762,71077,71088,11
13.0112495422,80.2234420776,71088,71098,10
13.0115003586,80.2228775024,71098,71108,10
13.0117301941,80.2221908569,71108,71118,10
13.0120401382,80.2215576172,71118,71128,10
13.0123195648,80.2214584351,71128,71138,10
13.0126104355,80.221862793,71138,71148,10
13.0131397247,80.2224884033,71148,71158,10
13.0137701035,80.2232208252,71158,71169,11
13.0143604279,80.2239532471,71169,71179,10
13.0148496628,80.2245025635,71179,71189,10
13.0150499344,80.2246704102,71189,71199,10
13.0153198242,80.2249526978,71199,71209,10
13.0156002045,80.2251586914,71209,71219,10
13.0158395767,80.2252807617,71219,71229,10
13.0165395737,80.2252807617,71229,71239,10
13.0174398422,80.224937439,71239,71250,11
13.0185203552,80.2244873047,71250,71260,10
13.0193500519,80.224319458,71260,71270,10
13.019610405,80.2244720459,71270,71280,10
13.0196399689,80.2245178223,71280,71290,10
13.0199298859,80.2247695923,71290,71300,10
13.0205001831,80.2251586914,71300,71310,10
13.0211000443,80.2256088257,71310,71543,233
13.0211000443,80.2256088257,71543,71553,10
13.0212001801,80.2257537842,71553,71563,10
13.0215196609,80.2259979248,71563,71574,11
13.0220403671,80.2263793945,71574,71584,10
13.0225400925,80.2267913818,71584,71594,10
13.0231199265,80.2273025513,71594,71604,10
13.0236701965,80.2277984619,71604,71614,10
13.0241003036,80.228187561,71614,71624,10
13.0243902206,80.2285079956,71624,71665,41
13.0243902206,80.2285079956,71665,71675,10
13.0241804123,80.2285995483,71675,71685,10
13.0238599777,80.2282180786,71685,71695,10
13.0234298706,80.2277679443,71695,72009,314
13.0234298706,80.2277679443,72009,72019,10
13.0233201981,80.2275085449,72019,72029,10
13.0231304169,80.2273406982,72029,72039,10
13.0230102539,80.2272186279,72039,72049,10
13.022600174,80.2268295288,72049,72070,21
13.022600174,80.2268295288,72070,72080,10
13.022359848,80.2265777588,72080,72090,10
13.0218696594,80.2261734009,72090,72100,10
13.0213003159,80.2257385254,72100,72110,10
13.0207500458,80.2253112793,72110,72120,10
13.0202198029,80.2249832153,72120,72130,10
13.0199098587,80.2247695923,72130,72141,11
13.0193901062,80.2244873047,72141,72151,10
13.0186796188,80.2244796753,72151,72161,10
13.0178804398,80.2248001099,72161,72171,10
13.0169696808,80.2251815796,72171,72181,10
13.0163097382,80.225440979,72181,72191,10
13.0156803131,80.2256469727,72191,72201,10
13.0150203705,80.2258987427,72201,72211,10
13.0144796371,80.2260971069,72211,72221,10
13.0143699646,80.2261581421,72221,72232,11
13.0139904022,80.2263183594,72232,72242,10
13.0133199692,80.2265701294,72242,72252,10
13.0125102997,80.226852417,72252,72262,10
13.0114898682,80.2272567749,72262,72272,10
13.0103797913,80.2277297974,72272,72282,10
13.0093002319,80.2282333374,72282,72292,10
13.0089197159,80.229309082,72292,72302,10
13.008649826,80.2306900024,72302,72313,11
13.0084104538,80.2320022583,72313,72323,10
13.0082302094,80.2330932617,72323,72333,10
13.0081796646,80.2334899902,72333,72343,10
13.008099556,80.2337188721,72343,72353,10
13.0079898834,80.2342529297,72353,72363,10
13.0078601837,80.2349624634,72363,72373,10
13.0076799393,80.2357635498,72373,72383,10
13.0074901581,80.2367782593,72383,72394,11
13.0072803497,80.2378997803,72394,72404,10
13.0071201324,80.2387390137,72404,72414,10
13.0069904327,80.2394332886,72414,72424,10
13.0068597794,80.2399978638,72424,72485,61
13.0068597794,80.2399978638,72485,72495,10
13.006819725,80.2401428223,72495,72505,10
13.0067796707,80.2405929565,72505,72515,10
13.0066900253,80.2413406372,72515,72525,10
13.0066604614,80.2423019409,72525,72535,10
13.0066204071,80.2431716919,72535,72545,10
13.0066204071,80.2440490723,72545,72556,11
13.0066099167,80.2450027466,72556,72566,10
13.006649971,80.2459030151,72566,72576,10
13.0066900253,80.2466888428,72576,72586,10
13.0066795349,80.2471923828,72586,72596,10
13.0066204071,80.2473373413,72596,72606,10
13.0062503815,80.2473831177,72606,72616,10
13.0061397552,80.2473373413,72616,72626,10
13.0057001114,80.2472686768,72626,72637,11
13.0048303604,80.2472915649,72637,72647,10
13.0038604736,80.2474136353,72647,72657,10
13.0028800964,80.2475662231,72657,72667,10
13.0020599365,80.247756958,72667,72677,10
13.0011501312,80.2480010986,72677,72687,10
13.0001401901,80.248260498,72687,72697,10
12.9991102219,80.2485275269,72697,72707,10
12.9980802536,80.2487792969,72707,72718,11
12.9969797134,80.2490386963,72718,72728,10
12.9959497452,80.2493133545,72728,72738,10
12.9948101044,80.2496109009,72738,72748,10
12.9936304092,80.2499084473,72748,72758,10
12.9924602509,80.2501983643,72758,72768,10
12.9912500381,80.25050354,72768,72778,10
12.9900197983,80.2508010864,72778,72788,10
12.9888896942,80.2510986328,72788,72799,11
12.9879999161,80.2513580322,72799,72849,50
12.9879999161,80.2513580322,72849,72859,10
12.9879302979,80.2513580322,72859,72869,10
12.9875602722,80.2514419556,72869,72880,11
12.9868001938,80.2516403198,72880,72890,10
12.9860897064,80.2518310547,72890,72900,10
12.985159874,80.2520599365,72900,72910,10
12.9840898514,80.2523498535,72910,72920,10
12.9829998016,80.2525863647,72920,72930,10
12.9818897247,80.2526397705,72930,72940,10
12.9807596207,80.2526779175,72940,72950,10
12.9800195694,80.2527389526,72950,72961,11
12.9793195724,80.2526702881,72961,72971,10
12.9786500931,80.2525787354,72971,72981,10
12.9785995483,80.2525634766,72981,72991,10
12.9782896042,80.2523727417,72991,73001,10
12.9777498245,80.2518768311,73001,73011,10
12.9769496918,80.2513198853,73011,73021,10
12.9758501053,80.2509918213,73021,73031,10
12.9746999741,80.2506637573,73031,73042,11
12.973400116,80.2503128052,73042,73052,10
12.9722003937,80.2500076294,73052,73062,10
12.9709596634,80.249671936,73062,73072,10
12.96971035,80.2492218018,73072,73082,10
12.968460083,80.2487106323,73082,73092,10
12.9672899246,80.2482528687,73092,73102,10
12.9662799835,80.2477722168,73102,73112,10
12.9653396606,80.247428894,73112,73123,11
12.9651098251,80.2473602295,73123,73133,10
12.964969635,80.2473373413,73133,73143,10
12.9644603729,80.2471389771,73143,73153,10
12.9637298584,80.2468566895,73153,73163,10
12.9629297256,80.2464523315,73163,73173,10
12.9618902206,80.2459182739,73173,73183,10
12.9607496262,80.2453689575,73183,73193,10
12.9597196579,80.2449493408,73193,73204,11
12.9593496323,80.2447891235,73204,73214,10
12.959230423,80.244720459,73214,73224,10
12.958729744,80.244468689,73224,73234,10
12.9580202103,80.2441635132,73234,73244,10
12.9574298859,80.2439575195,73244,73254,10
12.9566297531,80.2437591553,73254,73264,10
12.9563398361,80.2436599731,73264,73274,10
12.9561195374,80.2435684204,73274,73285,11
12.955499649,80.2432174683,73285,73295,10
12.9547100067,80.2428436279,73295,73305,10
12.9538097382,80.2424621582,73305,73315,10
12.9528198242,80.2420578003,73315,73325,10
12.9519195557,80.2417602539,73325,73335,10
12.9516096115,80.2416381836,73335,73345,10
12.9513397217,80.2415390015,73345,73355,10
12.9506998062,80.241317749,73355,73366,11
12.949669838,80.2409973145,73366,73376,10
12.9486904144,80.2406616211,73376,73386,10
12.9476604462,80.2402420044,73386,73396,10
12.9470796585,80.2400131226,73396,73406,10
12.9469604492,80.2399520874,73406,73416,10
12.9464797974,80.2397384644,73416,73426,10
12.9457597733,80.2394180298,73426,73436,10
12.9449701309,80.2388916016,73436,73447,11
12.9441604614,80.237991333,73447,73457,10
12.943400383,80.2371673584,73457,73467,10
12.9424200058,80.2364501953,73467,73477,10
12.9412202835,80.2361221313,73477,73487,10
12.9400997162,80.2358398438,73487,73497,10
12.9396295547,80.235710144,73497,73507,10
12.9394302368,80.2356033325,73507,73517,10
12.9388599396,80.2353134155,73517,73528,11
12.9379701614,80.2348632813,73528,73538,10
12.9369401932,80.2343597412,73538,73548,10
12.9360399246,80.2339401245,73548,73558,10
12.9357795715,80.233833313,73558,73568,10
12.9356899261,80.2337875366,73568,73578,10
12.935259819,80.233581543,73578,73588,10
12.9345302582,80.2332611084,73588,73598,10
12.9338998795,80.2329788208,73598,73608,10
12.9338598251,80.2329483032,73608,73619,11
12.9336204529,80.2328109741,73619,73629,10
12.9329996109,80.2325515747,73629,73639,10
12.9321498871,80.2322387695,73639,73649,10
12.9311304092,80.2319030762,73649,73659,10
12.9302101135,80.231628418,73659,73669,10
12.9293403625,80.2314224243,73669,73679,10
12.9273300171,80.2310791016,73679,73689,10
12.9273300171,80.2310791016,73689,73700,11
12.9263000488,80.2309799194,73700,73710,10
12.9259796143,80.2309417725,73710,73720,10
12.9254198074,80.2308578491,73720,73730,10
12.9246196747,80.230758667,73730,73740,10
12.923620224,80.2306518555,73740,73752,12
12.922419548,80.2304763794,73752,73762,10
12.9209098816,80.2302398682,73762,73773,11
12.9194297791,80.2300567627,73773,73783,10
12.9181699753,80.2298965454,73783,73793,10
12.9169197083,80.2297286987,73793,73803,10
12.9157800674,80.2295532227,73803,73812,9
12.9145298004,80.2293701172,73812,73821,9
12.9135904312,80.2292633057,73821,73833,12
12.9132604599,80.2292480469,73833,73843,10
12.912899971,80.2291488647,73843,73854,11
12.9121103287,80.2290420532,73854,73864,10
12.9111099243,80.2289123535,73864,73874,10
12.9099397659,80.2287521362,73874,73884,10
12.9086904526,80.2285385132,73884,73894,10
12.9075298309,80.2283630371,73894,73904,10
12.9068202972,80.2282791138,73904,73914,10
12.9067802429,80.2282791138,73914,73924,10
12.9064598083,80.2282409668,73924,73934,10
12.9059095383,80.2282104492,73934,73945,11
12.9049396515,80.2281494141,73945,73955,10
12.9037904739,80.2280807495,73955,73965,10
12.9025297165,80.2279968262,73965,73975,10
12.90102005,80.2279663086,73975,74036,61
12.90102005,80.2279663086,74036,74046,10
12.9007902145,80.2279281616,74046,74056,10
12.900270462,80.227897644,74056,74066,10
12.8996400833,80.2278671265,74066,74076,10
12.8994598389,80.2278594971,74076,74086,10
12.899430275,80.2278594971,74086,74096,10
12.8989896774,80.2278137207,74096,74107,11
12.8982200623,80.2277832031,74107,74117,10
12.8972702026,80.2277297974,74117,74127,10
12.8961296082,80.2276763916,74127,74137,10
12.8949604034,80.2276077271,74137,74147,10
12.8938503265,80.2275466919,74147,74157,10
12.892950058,80.2274627686,74157,74167,10
12.8927402496,80.2274398804,74167,74177,10
12.8927202225,80.2274475098,74177,74188,11
12.8922700882,80.2274017334,74188,74198,10
12.8915195465,80.2273406982,74198,74208,10
12.8905296326,80.2273406982,74208,74218,10
12.8893604279,80.2273330688,74218,74228,10
12.8882303238,80.2272872925,74228,74238,10
12.8872900009,80.2272033691,74238,74248,10
12.8863201141,80.2269973755,74248,74258,10
12.8854598999,80.2267837524,74258,74269,11
12.8849201202,80.2266998291,74269,74279,10
12.8846797943,80.2266998291,74279,74289,10
12.8843898773,80.2266921997,74289,74299,10
12.8837203979,80.2266921997,74299,74309,10
12.882809639,80.2266998291,74309,74319,10
12.8817195892,80.2266998291,74319,74329,10
12.8805398941,80.2267074585,74329,74339,10
12.8792600632,80.2267379761,74339,74350,11
12.8779296875,80.2268295288,74350,74360,10
12.876660347,80.2269515991,74360,74390,30
12.876660347,80.2269515991,74390,74400,10
12.8763504028,80.2269287109,74400,74410,10
12.8756799698,80.2269210815,74410,74420,10
12.8747701645,80.2268295288,74420,74431,11
12.8736200333,80.2267074585,74431,74441,10
12.8724899292,80.2266387939,74441,74451,10
12.8712396622,80.2266082764,74451,74461,10
12.8699197769,80.2265167236,74461,74471,10
12.8686304092,80.2263717651,74471,74481,10
12.8674001694,80.2264099121,74481,74491,10
12.8662700653,80.2265319824,74491,74501,10
12.865070343,80.2265472412,74501,74512,11
12.8636798859,80.2265014648,74512,74522,10
12.8624200821,80.2265014648,74522,74532,10
12.8613901138,80.2265472412,74532,74542,10
12.8605098724,80.2265472412,74542,74552,10
12.8602399826,80.2264862061,74552,74562,10
12.85958004,80.2264022827,74562,74572,10
12.8587598801,80.2262878418,74572,74582,10
12.857749939,80.2262496948,74582,74593,11
12.8564596176,80.226348877,74593,74603,10
12.8551998138,80.2264709473,74603,74613,10
12.853890419,80.2266082764,74613,74623,10
12.8525600433,80.2266769409,74623,74633,10
12.8513898849,80.2266235352,74633,74643,10
12.8504104614,80.2265701294,74643,74653,10
12.8500404358,80.2265472412,74653,74663,10
12.8495903015,80.2265472412,74663,74674,11
12.8486995697,80.2265472412,74674,74684,10
12.8475999832,80.2265625,74684,74694,10
12.8463697433,80.2265777588,74694,74704,10
12.8454504013,80.2265930176,74704,74714,10
12.8453302383,80.2265777588,74714,74724,10
12.8451795578,80.2265625,74724,74734,10
12.8446598053,80.226600647,74734,74744,10
12.8438596725,80.2266769409,74744,74755,11
12.8427095413,80.2268829346,74755,74765,10
12.8415002823,80.2271575928,74765,74775,10
12.8403701782,80.2274780273,74775,74785,10
12.8398704529,80.2276535034,74785,74795,10
12.8397397995,80.2276992798,74795,74805,10
12.8395500183,80.2277603149,74805,74815,10
12.8389797211,80.2279129028,74815,74825,10
12.8381595612,80.2281036377,74825,74836,11
12.836979866,80.2283172607,74836,74846,10
12.8360204697,80.2284622192,74846,74856,10
12.8352603912,80.2285766602,74856,74866,10
12.8342599869,80.228729248,74866,74876,10
12.8331098557,80.2289505005,74876,74886,10
12.8323001862,80.2291107178,74886,74896,10
12.8322601318,80.2291183472,74896,74906,10
12.8320102692,80.2291793823,74906,74917,11
12.8312997818,80.2293167114,74917,74927,10
12.8304100037,80.229637146,74927,74937,10
12.8293199539,80.2300720215,74937,74947,10
12.8283195496,80.2305603027,74947,74957,10
12.827249527,80.2311401367,74957,74967,10
12.8261098862,80.2313690186,74967,74977,10
12.8248100281,80.2313919067,74977,74987,10
12.8235397339,80.231086731,74987,74998,11
12.8221702576,80.2306594849,74998,75008,10
12.8208999634,80.2304611206,75008,75018,10
12.8196401596,80.2304916382,75018,75028,10
12.8188800812,80.2304916382,75028,75038,10
12.8188400269,80.2304916382,75038,75048,10
12.8187303543,80.2304382324,75048,75058,10
12.8183498383,80.2302474976,75058,75068,10
12.8174104691,80.2297897339,75068,75079,11
12.8163299561,80.2294692993,75079,75089,10
12.8152503967,80.2293167114,75089,75099,10
12.8140897751,80.2291412354,75099,75109,10
12.8129796982,80.2287979126,75109,75119,10
12.8119297028,80.2284164429,75119,75129,10
12.8109197617,80.2280426025,75129,75139,10
12.809920311,80.2276229858,75139,75149,10
12.8090200424,80.227142334,75149,75160,11
12.8081102371,80.2264022827,75160,75170,10
12.8073396683,80.2257385254,75170,75180,10
12.8066797256,80.2251586914,75180,75190,10
12.8059997559,80.2245635986,75190,75200,10
12.8053503036,80.2240982056,75200,75210,10
12.8049497604,80.2239990234,75210,75220,10
12.8049497604,80.223991394,75220,75230,10
12.8046598434,80.2239303589,75230,75240,10
12.804479599,80.2239227295,75240,75251,11
12.8040800095,80.2238998413,75251,75261,10
12.8034200668,80.2238388062,75261,75271,10
12.8026800156,80.2237625122,75271,75281,10
12.8017396927,80.2236404419,75281,75291,10
12.8010396957,80.2235870361,75291,75301,10
12.8009195328,80.2235794067,75301,75311,10
12.8005599976,80.2235412598,75311,75321,10
12.7999801636,80.223487854,75321,75332,11
12.7992296219,80.2234268188,75332,75342,10
12.7983999252,80.2233428955,75342,75352,10
12.7975196838,80.2232208252,75352,75362,10
12.7966804504,80.2230682373,75362,75372,10
12.7956495285,80.2228927612,75372,75382,10
12.7944602966,80.2226715088,75382,75392,10
12.7931804657,80.2224807739,75392,75402,10
12.7919101715,80.2222366333,75402,75413,11
12.7905502319,80.2219085693,75413,75423,10
12.7896003723,80.2216567993,75423,75433,10
12.7888402939,80.2213516235,75433,75443,10
12.7880897522,80.2210464478,75443,75453,10
12.7873802185,80.2207794189,75453,75463,10
12.7868204117,80.2205810547,75463,75473,10
12.7863197327,80.2203903198,75473,75494,21
12.7861700058,80.2203521729,75494,75514,20
12.7861700058,80.2203521729,75514,75524,10
12.7861700058,80.2206802368,75524,75564,40
12.7861700058,80.2206802368,75564,75575,11
12.7861995697,80.2212677002,75575,75585,10
12.7862596512,80.2216415405,75585,75595,10
12.7862596512,80.2217102051,75595,75605,10
12.7862300873,80.2219467163,75605,75635,30
12.7862300873,80.2219467163,75635,75645,10
12.786239624,80.2220916748,75645,75716,71
12.786239624,80.2220916748,75716,75726,10
12.7862997055,80.2219390869,75726,75838,112
12.7864398956,80.2220611572,75838,75959,121
12.7864904404,80.2220230103,75959,76162,203
12.7864904404,80.2220230103,76162,76172,10
12.7863702774,80.2216567993,76172,76182,10
12.7862796783,80.2211837769,76182,76192,10
12.7862195969,80.220451355,76192,76213,21
12.7862195969,80.220451355,76213,76223,10
12.7865495682,80.2204437256,76223,76243,20
12.7865495682,80.2204437256,76243,76253,10
12.7868795395,80.2206115723,76253,76263,10
12.7874603271,80.2208328247,76263,76273,10
12.7881402969,80.2210998535,76273,76283,10
12.7889699936,80.2214202881,76283,76294,11
12.7897796631,80.2217178345,76294,76304,10
12.79047966,80.2219085693,76304,76314,10
12.7914495468,80.22215271,76314,76324,10
12.7925701141,80.2224197388,76324,76334,10
12.7938098907,80.2226028442,76334,76344,10
12.7950897217,80.2228012085,76344,76354,10
12.796380043,80.2230300903,76354,76364,10
12.7976799011,80.2232589722,76364,76374,10
12.7989597321,80.2233963013,76374,76385,11
12.8003101349,80.2235107422,76385,76395,10
12.8013000488,80.2235870361,76395,76405,10
12.8015604019,80.2236404419,76405,76415,10
12.8018798828,80.2236709595,76415,76425,10
12.8027496338,80.223777771,76425,76435,10
12.8035802841,80.2238693237,76435,76445,10
12.8044900894,80.2239379883,76445,76455,10
12.8052396774,80.224067688,76455,76466,11
12.8056097031,80.2241897583,76466,76476,10
12.8058795929,80.2244110107,76476,76486,10
12.806429863,80.2248764038,76486,76496,10
12.8070697784,80.2254562378,76496,76506,10
12.8078403473,80.2261123657,76506,76516,10
12.8086996078,80.2268295288,76516,76526,10
12.809709549,80.2275238037,76526,76536,10
12.8108100891,80.2279891968,76536,76547,11
12.8121099472,80.228477478,76547,76557,10
12.8133602142,80.2289199829,76557,76567,10
12.8145799637,80.2292404175,76567,76577,10
12.8157901764,80.2294006348,76577,76587,10
12.8170404434,80.2296218872,76587,76597,10
12.8182201385,80.230140686,76597,76607,10
12.8192501068,80.2304992676,76607,76617,10
12.8204202652,80.2304992676,76617,76628,11
12.8218202591,80.2305603027,76628,76638,10
12.8230199814,80.2308883667,76638,76648,10
12.8241596222,80.2312011719,76648,76658,10
12.8252801895,80.2314071655,76658,76668,10
12.8265399933,80.231338501,76668,76678,10
12.8276901245,80.2309570313,76678,76688,10
12.8287401199,80.2303466797,76688,76698,10
12.8298797607,80.2298431396,76698,76709,11
12.8308095932,80.2294464111,76709,76719,10
12.8310003281,80.2293777466,76719,76729,10
12.8314304352,80.2292480469,76729,76739,10
12.8319997787,80.2291183472,76739,76749,10
12.8327703476,80.2289810181,76749,76759,10
12.8338003159,80.2287826538,76759,76769,10
12.8350095749,80.2285766602,76769,76779,10
12.836230278,80.2284088135,76779,76790,11
12.8375301361,80.2282028198,76790,76800,10
12.83852005,80.2279891968,76800,76810,10
12.8393001556,80.2277984619,76810,76850,40
12.8394403458,80.2277603149,76850,76871,21
12.8394403458,80.2277603149,76871,76881,10
12.8395700455,80.2276992798,76881,76891,10
12.8397598267,80.2276306152,76891,76901,10
12.8403701782,80.2274627686,76901,76911,10
12.8412399292,80.2272186279,76911,76921,10
12.8423500061,80.2269592285,76921,76931,10
12.8435697556,80.2267379761,76931,76941,10
12.844619751,80.2266082764,76941,76952,11
12.8453197479,80.2265777588,76952,76962,10
12.8454198837,80.2265701294,76962,76972,10
12.8457202911,80.2265472412,76972,76982,10
12.8461799622,80.2265396118,76982,76992,10
12.8469400406,80.2265396118,76992,77002,10
12.8479204178,80.2265396118,77002,77012,10
12.8490104675,80.2265396118,77012,77022,10
12.8499603271,80.2265472412,77022,77033,11
12.8510904312,80.2265777588,77033,77043,10
12.8522796631,80.2266387939,77043,77053,10
12.8535203934,80.2266387939,77053,77063,10
12.8548002243,80.2265090942,77063,77073,10
12.8561496735,80.2264022827,77073,77083,10
12.857460022,80.2262573242,77083,77093,10
12.8585300446,80.2262496948,77093,77103,10
12.8597402573,80.2264404297,77103,77114,11
12.8611402512,80.226600647,77114,77124,10
12.8624401093,80.2265625,77124,77134,10
12.8637504578,80.2265472412,77134,77144,10
12.8651199341,80.226600647,77144,77154,10
12.8665103912,80.2265396118,77154,77164,10
12.867939949,80.2264175415,77164,77174,10
12.8693599701,80.2264862061,77174,77184,10
12.8707895279,80.2266311646,77184,77195,11
12.8723201752,80.2266693115,77195,77205,10
12.8736801147,80.2267379761,77205,77215,10
12.8750400543,80.2269134521,77215,77225,10
12.876250267,80.2269592285,77225,77235,10
12.8770103455,80.2269287109,77235,77245,10
12.8780498505,80.2268371582,77245,77255,10
12.8792695999,80.2267608643,77255,77265,10
12.8805904388,80.2267379761,77265,77276,11
12.8821001053,80.2267303467,77276,77286,10
12.883480072,80.2267074585,77286,77296,10
12.8847503662,80.2266769409,77296,77306,10
12.8855600357,80.2267837524,77306,77316,10
12.8865404129,80.2270278931,77316,77326,10
12.887720108,80.2272567749,77326,77336,10
12.8890104294,80.2273330688,77336,77346,10
12.8903598785,80.2273406982,77346,77357,11
12.8917102814,80.2273406982,77357,77367,10
12.8928003311,80.2274093628,77367,77377,10
12.893989563,80.2275695801,77377,77387,10
12.8952903748,80.2276611328,77387,77397,10
12.8966703415,80.227722168,77397,77407,10
12.8980197906,80.2277984619,77407,77417,10
12.8992004395,80.2278594971,77417,77427,10
12.9001903534,80.2278823853,77427,77438,11
12.9007101059,80.2278594971,77438,77468,30
12.9007101059,80.2278594971,77468,77478,10
12.9012203217,80.2279968262,77478,77488,10
12.9019603729,80.2280197144,77488,77498,10
12.9023599625,80.2280273438,77498,77508,10
12.9024000168,80.2280273438,77508,77519,11
12.9026899338,80.2280502319,77519,77529,10
12.9032497406,80.2280807495,77529,77539,10
12.9040899277,80.2281188965,77539,77549,10
12.904999733,80.2281723022,77549,77559,10
12.9059801102,80.2282409668,77559,77569,10
12.9064702988,80.2282714844,77569,77579,10
12.9069404602,80.2283096313,77579,77589,10
12.9077796936,80.2284088135,77589,77600,11
12.9090299606,80.2286071777,77600,77610,10
12.910320282,80.2288208008,77610,77620,10
12.9116296768,80.2290115356,77620,77630,10
12.912899971,80.2291793823,77630,77640,10
12.9140701294,80.2293624878,77640,77650,10
12.9152898788,80.2295227051,77650,77660,10
12.9165401459,80.2296905518,77660,77670,10
12.9175195694,80.2298126221,77670,77681,11
12.9187202454,80.2299880981,77681,77691,10
12.9199104309,80.2301483154,77691,77701,10
12.9211997986,80.2303237915,77701,77711,10
12.9225196838,80.230506897,77711,77721,10
12.9238796234,80.2306976318,77721,77731,10
12.9251899719,80.2308578491,77731,77741,10
12.9265203476,80.2310180664,77741,77751,10
12.927740097,80.2311706543,77751,77762,11
12.9289999008,80.2313537598,77762,77772,10
12.9302101135,80.2316436768,77772,77782,10
12.9314804077,80.2320098877,77782,77792,10
12.9327201843,80.2324295044,77792,77802,10
12.9338703156,80.2329177856,77802,77812,10
12.9350404739,80.2334365845,77812,77822,10
12.9359798431,80.2338562012,77822,77832,10
12.9368200302,80.2342681885,77832,77842,10
12.9378595352,80.2347793579,77842,77853,11
12.9391298294,80.2354278564,77853,77863,10
12.9402999878,80.2359313965,77863,77873,10
12.9414300919,80.2362213135,77873,77883,10
12.9425296783,80.2365264893,77883,77893,10
12.943400383,80.2371292114,77893,77903,10
12.9441795349,80.2379837036,77903,77913,10
12.945019722,80.2388763428,77913,77923,10
12.9462003708,80.239616394,77923,77934,11
12.9473896027,80.2400970459,77934,77944,10
12.9484195709,80.2404785156,77944,77954,10
12.9488096237,80.2406082153,77954,77964,10
12.948849678,80.2406234741,77964,77974,10
12.9492197037,80.2407836914,77974,77984,10
12.9499197006,80.2410125732,77984,77994,10
12.9508495331,80.2413024902,77994,78004,10
12.9519100189,80.2416763306,78004,78015,11
12.9531002045,80.2421112061,78015,78025,10
12.9541196823,80.2425231934,78025,78035,10
12.9549503326,80.2428512573,78035,78045,10
12.9558000565,80.2431564331,78045,78055,10
12.956319809,80.243347168,78055,78065,10
12.9563302994,80.243347168,78065,78075,10
12.9565000534,80.2434005737,78075,78085,10
12.9571304321,80.2436904907,78085,78096,11
12.9579801559,80.2440719604,78096,78106,10
12.9590101242,80.2445373535,78106,78116,10
12.9601697922,80.2450714111,78116,78126,10
12.9613800049,80.2456283569,78126,78136,10
12.9625301361,80.2461700439,78136,78146,10
12.9633102417,80.2465286255,78146,78166,20
12.9633102417,80.2465286255,78166,78177,11
12.9634799957,80.2466888428,78177,78187,10
12.9640302658,80.2469100952,78187,78197,10
12.9648399353,80.2472076416,78197,78207,10
12.9658403397,80.2475585938,78207,78217,10
12.9665498734,80.2478637695,78217,78227,10
12.9669904709,80.2480773926,78227,78237,10
12.9677495956,80.2484283447,78237,78247,10
12.9687595367,80.2488479614,78247,78258,11
12.9700403214,80.2493362427,78258,78268,10
12.9713001251,80.2497634888,78268,78278,10
12.9726295471,80.2501068115,78278,78288,10
12.9739704132,80.2504730225,78288,78298,10
12.9753198624,80.2508621216,78298,78308,10
12.9766798019,80.2512512207,78308,78318,10
12.9778499603,80.2518920898,78318,78328,10
12.9789600372,80.2525405884,78328,78339,11
12.980050087,80.2526321411,78339,78349,10
12.9802103043,80.2526321411,78349,78359,10
12.9805498123,80.2526092529,78359,78369,10
12.9812698364,80.2525863647,78369,78379,10
12.9822702408,80.2525634766,78379,78389,10
12.9834899902,80.2524490356,78389,78399,10
12.9846801758,80.2521286011,78399,78409,10
12.9856901169,80.2518386841,78409,78420,11
12.9862499237,80.251701355,78420,78430,10
12.9867401123,80.2515792847,78430,78440,10
12.9875402451,80.251373291,78440,78450,10
12.9885396957,80.2511367798,78450,78460,10
12.9893503189,80.2509078979,78460,78470,10
12.9896297455,80.2508392334,78470,78480,10
12.990240097,80.2507019043,78480,78490,10
12.991109848,80.2504882813,78490,78501,11
12.9921598434,80.2502365112,78501,78511,10
12.9931602478,80.2499923706,78511,78521,10
12.9942502975,80.2497177124,78521,78531,10
12.9954204559,80.2494430542,78531,78541,10
12.9966497421,80.2491073608,78541,78551,10
12.9979496002,80.2487792969,78551,78561,10
12.9992799759,80.2484512329,78561,78571,10
13.0006198883,80.2481231689,78571,78582,11
13.0019197464,80.2477874756,78582,78592,10
13.0029096603,80.2475814819,78592,78602,10
13.0040903091,80.2473907471,78602,78612,10
13.0051498413,80.247253418,78612,78622,10
13.0060300827,80.2470169067,78622,78632,10
13.0064296722,80.2466201782,78632,78642,10
13.0066003799,80.2457275391,78642,78652,10
13.006649971,80.2450180054,78652,78663,11
13.0066604614,80.2443618774,78663,78673,10
13.0066204071,80.2438201904,78673,78683,10
13.0066204071,80.2430801392,78683,78693,10
13.0065603256,80.2421264648,78693,78703,10
13.0065803528,80.2411117554,78703,78713,10
13.0066299438,80.2406082153,78713,78733,20
13.0066299438,80.2406082153,78733,78744,11
13.0067501068,80.240196228,78744,78754,10
13.0069303513,80.2396011353,78754,78764,10
13.007060051,80.238609314,78764,78774,10
13.0072002411,80.2378463745,78774,78784,10
13.0073404312,80.2370300293,78784,78794,10
13.0074100494,80.2366333008,78794,78804,10
13.0074901581,80.2363891602,78804,78814,10
13.0075998306,80.2358016968,78814,78825,11
13.0077800751,80.2348937988,78825,78835,10
13.0079803467,80.2339401245,78835,78845,10
13.0081796646,80.2328872681,78845,78855,10
13.0084104538,80.2317733765,78855,78865,10
13.0086603165,80.2305831909,78865,78875,10
13.0088701248,80.2293777466,78875,78885,10
13.0091495514,80.2281417847,78885,78895,10
13.0095996857,80.2270965576,78895,78906,11
13.0100898743,80.2260437012,78906,78916,10
13.0104799271,80.2251586914,78916,78926,10
13.0108804703,80.2243728638,78926,78936,10
13.0112199783,80.2235717773,78936,78946,10
13.011469841,80.222869873,78946,78956,10
13.0116996765,80.2220993042,78956,78966,10
13.012049675,80.2214736938,78966,78976,10
13.0122804642,80.2214813232,78976,78987,11
13.0125999451,80.2219467163,78987,78997,10
13.0130596161,80.2225112915,78997,79007,10
13.0136003494,80.2230911255,79007,79017,10
13.0141000748,80.2236480713,79017,79027,10
13.0146398544,80.2241897583,79027,79037,10
13.015130043,80.2246932983,79037,79047,10
13.0153999329,80.224899292,79047,79057,10
13.015540123,80.2250595093,79057,79068,11
13.0160598755,80.2253417969,79068,79078,10
13.0168800354,80.2251663208,79078,79088,10
13.0178003311,80.2248001099,79088,79098,10
13.0188598633,80.2244033813,79098,79108,10
13.0200796127,80.2247619629,79108,79128,20
13.0200796127,80.2247619629,79128,79138,10
13.0203399658,80.2250213623,79138,79149,11
13.0209903717,80.2255020142,79149,79159,10
13.0216798782,80.2260437012,79159,79169,10
13.0223302841,80.2265777588,79169,79179,10
13.0229597092,80.2271194458,79179,79189,10
13.0234804153,80.2276077271,79189,79199,10
13.0239896774,80.2280502319,79199,79209,10
13.0243196487,80.2284393311,79209,79219,10
13.0243301392,80.2284469604,79219,79230,11
13.024310112,80.2285690308,79230,79240,10
13.0240802765,80.2283401489,79240,79250,10
13.0236797333,80.2278137207,79250,79260,10
13.0231304169,80.2272567749,79260,79270,10
13.0225801468,80.2267684937,79270,79280,10
13.0219097137,80.2261810303,79280,79290,10
13.0212097168,80.2256393433,79290,79300,10
13.0204296112,80.2250976563,79300,79311,11
13.0194702148,80.2245025635,79311,79321,10
13.0182800293,80.2246170044,79321,79331,10
13.0170898438,80.2251281738,79331,79341,10
13.0160198212,80.2255401611,79341,79351,10
13.0151796341,80.2258529663,79351,79361,10
13.0146398544,80.226020813,79361,79371,10
13.0141601563,80.2259902954,79371,79392,21
13.0141601563,80.2259902954,79392,79402,10
13.0142202377,80.225402832,79402,79442,40
13.0142202377,80.225402832,79442,79452,10
13.0142202377,80.2253036499,79452,79462,10
13.0144100189,80.2253723145,79462,80769,1307
13.0145397186,80.2256622314,80769,84173,3404
13.0144796371,80.2255935669,84173,85590,1417
