13.0146198273,80.2258682251,12,6516,6504
13.0146799088,80.2259216309,6516,6819,303
13.0146198273,80.2259368896,6819,10556,3737
13.0147199631,80.2258377075,10556,10737,181
13.0146598816,80.2259368896,10737,19007,8270
13.0146598816,80.2259368896,19007,19018,11
13.0143003464,80.2258224487,19018,19028,10
13.0141897202,80.2259216309,19028,19078,50
13.0141897202,80.2259216309,19078,19088,10
13.0139703751,80.2264633179,19088,19714,626
13.0139703751,80.2264633179,19714,19724,10
13.0137796402,80.2265014648,19724,19734,10
13.0133399963,80.2266616821,19734,19745,11
13.0126199722,80.2269287109,19745,19755,10
13.011879921,80.2272033691,19755,19765,10
13.0110902786,80.2275009155,19765,19775,10
13.0102796555,80.2277984619,19775,19785,10
13.0096197128,80.2277984619,19785,19795,10
13.0096998215,80.2272262573,19795,19805,10
13.0099897385,80.2265777588,19805,19815,10
13.0102996826,80.2258987427,19815,19825,10
13.0106296539,80.2251586914,19825,19835,10
13.0109901428,80.224319458,19835,19846,11
13.0114402771,80.2232666016,19846,19856,10
13.0117797852,80.2222824097,19856,19866,10
13.0121097565,80.2213134766,19866,19876,10
13.0119600296,80.2204208374,19876,19886,10
13.0116701126,80.2195281982,19886,19896,10
13.0114002228,80.2187194824,19896,19906,10
13.0111198425,80.2179718018,19906,19916,10
13.0108098984,80.2171783447,19916,19926,10
13.0104598999,80.2163696289,19926,19935,9
13.0101203918,80.2158126831,19935,19945,10
13.0097198486,80.2150497437,19945,19957,12
13.0090904236,80.2142105103,19957,19966,9
13.0085601807,80.2135467529,19966,19976,10
13.0079698563,80.2131881714,19976,20007,31
13.0079698563,80.2131881714,20007,20017,10
13.0077104568,80.2129516602,20017,20027,10
13.0071601868,80.2127685547,20027,20037,10
13.0064897537,80.2127609253,20037,20047,10
13.0058403015,80.2129821777,20047,20058,11
13.0051002502,80.212562561,20058,20068,10
13.004360199,80.2121963501,20068,20078,10
13.0036001205,80.2120513916,20078,20088,10
13.0029802322,80.2120666504,20088,20098,10
13.0023298264,80.2121963501,20098,20108,10
13.0017795563,80.212562561,20108,20118,10
13.0011396408,80.2130432129,20118,20134,16
13.0000095367,80.214012146,20134,20146,12
12.9995203018,80.2144470215,20146,20154,8
12.9991703033,80.2147521973,20154,20167,13
12.9987897873,80.2150726318,20167,20177,10
12.9983797073,80.2154312134,20177,20186,9
12.9979095459,80.2158126831,20186,20198,12
12.9974298477,80.2162628174,20198,20208,10
12.9973497391,80.2163619995,20208,20218,10
12.9972000122,80.2165374756,20218,20227,9
12.9968700409,80.2165527344,20227,20237,10
12.9961996078,80.2166366577,20237,20248,11
12.9952697754,80.2169189453,20248,20258,10
12.9946098328,80.217376709,20258,20269,11
12.9938602448,80.2179107666,20269,20279,10
12.9931898117,80.2183914185,20279,20289,10
12.9925403595,80.2188720703,20289,20299,10
12.9918603897,80.219367981,20299,20309,10
12.9911603928,80.2198867798,20309,20319,10
12.9905996323,80.2203216553,20319,20329,10
12.9899702072,80.2208480835,20329,20339,10
12.9894695282,80.2213897705,20339,20349,10
12.9890203476,80.2220001221,20349,20359,10
12.9883899689,80.2226333618,20359,20369,10
12.987739563,80.2230682373,20369,20386,17
12.9868803024,80.2230224609,20386,20398,12
12.9860095978,80.2229614258,20398,20408,10
12.9854297638,80.2232818604,20408,20418,10
12.9848003387,80.2231216431,20418,20427,9
12.9843196869,80.2228164673,20427,20437,10
12.983710289,80.2224502563,20437,20448,11
12.9832201004,80.2221298218,20448,20458,10
12.9831199646,80.2220611572,20458,20468,10
12.9826698303,80.221862793,20468,20479,11
12.9820098877,80.2215881348,20479,20489,10
12.981300354,80.2211227417,20489,20499,10
12.9805803299,80.2210083008,20499,20509,10
12.979809761,80.2210998535,20509,20519,10
12.979060173,80.2211532593,20519,20529,10
12.9782400131,80.2211914063,20529,20538,9
12.9774799347,80.2211990356,20538,20549,11
12.9764795303,80.2212219238,20549,20558,9
12.9756498337,80.2210235596,20558,20590,32
12.9756498337,80.2210235596,20590,20600,10
12.9752998352,80.2207183838,20600,20610,10
12.9745903015,80.220413208,20610,20620,10
12.9736604691,80.2200164795,20620,20630,10
12.9726104736,80.2196426392,20630,20640,10
12.9715900421,80.2192764282,20640,20650,10
12.9706201553,80.2188720703,20650,20660,10
12.9695796967,80.218460083,20660,20670,10
12.9685697556,80.2180786133,20670,20681,11
12.967499733,80.2176589966,20681,20691,10
12.9664802551,80.2172470093,20691,20701,10
12.9653902054,80.2168197632,20701,20710,9
12.9643497467,80.2163925171,20710,20721,11
12.9634199142,80.2159805298,20721,20731,10
12.9624300003,80.2155838013,20731,20741,10
12.9613704681,80.2151565552,20741,20751,10
12.9602804184,80.2147369385,20751,20761,10
12.9591903687,80.214302063,20761,20771,10
12.9581003189,80.2138595581,20771,20781,10
12.9569997787,80.2134094238,20781,20792,11
12.9557600021,80.2129364014,20792,20802,10
12.9546298981,80.2125015259,20802,20812,10
12.953499794,80.2120437622,20812,20822,10
12.9523601532,80.2116012573,20822,20832,10
12.951259613,80.2111587524,20832,20842,10
12.9501695633,80.2107391357,20842,20852,10
12.9491701126,80.2103424072,20852,20862,10
12.9481697083,80.2099533081,20862,20872,10
12.9470701218,80.2095108032,20872,20882,10
12.9459104538,80.2090530396,20882,20893,11
12.9447803497,80.2086029053,20893,20903,10
12.9441900253,80.2083816528,20903,20913,10
12.9439897537,80.2082901001,20913,20923,10
12.9434204102,80.2080383301,20923,20933,10
12.9428501129,80.2075576782,20933,20943,10
12.9422998428,80.2069015503,20943,20959,16
12.941160202,80.2060775757,20959,20971,12
12.9409599304,80.2059783936,20971,20979,8
12.9406099319,80.2058334351,20979,20991,12
12.9398403168,80.2055892944,20991,21002,11
12.9391803741,80.2053985596,21002,21014,12
12.9383001328,80.205116272,21014,21024,10
12.9375200272,80.2049026489,21024,21034,10
12.9365997314,80.2046432495,21034,21040,6
12.9359998703,80.2044830322,21040,21054,14
12.9347000122,80.2040023804,21054,21064,10
12.9338502884,80.2039337158,21064,21074,10
12.9337100983,80.203918457,21074,21084,10
12.933380127,80.2038574219,21084,21094,10
12.9327602386,80.2036209106,21094,21105,11
12.9319095612,80.2033309937,21105,21115,10
12.931019783,80.2030410767,21115,21125,10
12.9300403595,80.2028427124,21125,21135,10
12.9295597076,80.2027816772,21135,21148,13
12.9294996262,80.2027587891,21148,21160,12
12.9289503098,80.2026901245,21160,21170,10
12.9284801483,80.2023010254,21170,21180,10
12.928440094,80.2014007568,21180,21190,10
12.9284095764,80.2003707886,21190,21200,10
12.9281902313,80.1994094849,21200,21211,11
12.9277200699,80.1984634399,21211,21221,10
12.9269599915,80.1977996826,21221,21230,9
12.9261598587,80.1975402832,21230,21241,11
12.9254703522,80.1975097656,21241,21250,9
12.9253902435,80.197517395,21250,21261,11
12.9251899719,80.1975097656,21261,21271,10
12.9245996475,80.1975021362,21271,21281,10
12.9238100052,80.197479248,21281,21291,10
12.9228801727,80.1973800659,21291,21301,10
12.922129631,80.1972808838,21301,21312,11
12.9220104218,80.1972579956,21312,21322,10
12.9216403961,80.1971511841,21322,21332,10
12.9209804535,80.1968994141,21332,21342,10
12.9201803207,80.1966171265,21342,21352,10
12.9194202423,80.1963119507,21352,21362,10
12.9187297821,80.1957778931,21362,21372,10
12.9181098938,80.1951980591,21372,21382,10
12.9173603058,80.1945037842,21382,21392,10
12.9169797897,80.193687439,21392,21402,10
12.9170303345,80.1928863525,21402,21413,11
12.9171695709,80.1920471191,21413,21423,10
12.9172401428,80.1914520264,21423,21433,10
12.9172496796,80.1914291382,21433,21443,10
12.9172801971,80.1912384033,21443,21453,10
12.9173402786,80.1907272339,21453,21463,10
12.9174203873,80.1901168823,21463,21473,10
12.9176397324,80.1893386841,21473,21483,10
12.9181604385,80.1885528564,21483,21493,10
12.9187698364,80.1878890991,21493,21503,10
12.9194402695,80.187171936,21503,21513,10
12.9202098846,80.1863021851,21513,21523,10
12.920630455,80.1854019165,21523,21534,11
12.9203701019,80.1843032837,21534,21544,10
12.9201602936,80.1832962036,21544,21554,10
12.9199399948,80.1823425293,21554,21564,10
12.9196996689,80.1813278198,21564,21574,10
12.9194698334,80.1802902222,21574,21584,10
12.9191799164,80.1793289185,21584,21594,10
12.9186096191,80.1785202026,21594,21604,10
12.9181995392,80.1775894165,21604,21614,10
12.9183597565,80.1765975952,21614,21625,11
12.9186401367,80.1754989624,21625,21641,16
12.9190597534,80.1737518311,21641,21653,12
12.919380188,80.1725006104,21653,21663,10
12.9195804596,80.1717376709,21663,21673,10
12.9197797775,80.171043396,21673,21683,10
12.9197797775,80.1710281372,21683,21693,10
12.9198598862,80.1708297729,21693,21703,10
12.9201002121,80.1701202393,21703,21713,10
12.9203796387,80.1692199707,21713,21723,10
12.9207201004,80.1681289673,21723,21734,11
12.9211101532,80.1668701172,21734,21744,10
12.9214696884,80.1657791138,21744,21753,9
12.9217996597,80.1647796631,21753,21764,11
12.9221401215,80.1636810303,21764,21774,10
12.9224996567,80.1624984741,21774,21784,10
12.922829628,80.1614837646,21784,21794,10
12.9231300354,80.1605834961,21794,21804,10
12.9233598709,80.1595535278,21804,21814,10
12.9234600067,80.1584014893,21814,21824,10
12.9235601425,80.1573028564,21824,21835,11
12.9236602783,80.1561203003,21835,21845,10
12.9234800339,80.1550827026,21845,21855,10
12.9231996536,80.1539993286,21855,21865,10
12.9229097366,80.1528701782,21865,21875,10
12.9226999283,80.1517486572,21875,21885,10
12.922659874,80.1505584717,21885,21895,10
12.9226198196,80.1493377686,21895,21905,10
12.9225797653,80.1482696533,21905,21915,10
12.9225597382,80.1471481323,21915,21925,10
12.9225502014,80.1459884644,21925,21936,11
12.9224901199,80.1447067261,21936,21946,10
12.9224596024,80.1435775757,21946,21956,10
12.922419548,80.1426467896,21956,21966,10
12.9223804474,80.1416931152,21966,21976,10
12.9223604202,80.1414337158,21976,21986,10
12.9223604202,80.1410217285,21986,21996,10
12.9223604202,80.1403427124,21996,22012,16
12.922369957,80.1388931274,22012,22024,12
12.9224596024,80.1376037598,22024,22032,8
12.9225196838,80.1366577148,22032,22045,13
12.9225702286,80.1350784302,22045,22055,10
12.9226198196,80.1339035034,22055,22065,10
12.9226799011,80.1328125,22065,22075,10
12.9227199554,80.1318435669,22075,22084,9
12.9227199554,80.1311264038,22084,22094,10
12.9227199554,80.1309890747,22094,22104,10
12.9227695465,80.1304321289,22104,22115,11
12.922829628,80.1295089722,22115,22124,9
12.9228801727,80.1287231445,22124,22134,10
12.9229202271,80.1278610229,22134,22146,12
12.9229402542,80.1267623901,22146,22156,10
12.9229698181,80.1257171631,22156,22166,10
12.9230203629,80.1246490479,22166,22176,10
12.9230699539,80.1234970093,22176,22186,10
12.9231100082,80.1223297119,22186,22196,10
12.9231595993,80.1212387085,22196,22206,10
12.9232196808,80.1205596924,22206,22226,20
12.9232196808,80.1205596924,22226,22236,10
12.9233102798,80.1202392578,22236,22246,10
12.9233398438,80.1196136475,22246,22257,11
12.9233598709,80.1187896729,22257,22267,10
12.9234399796,80.1179580688,22267,22277,10
12.9234600067,80.1171798706,22277,22812,535
12.9234600067,80.1171798706,22812,22822,10
12.923500061,80.1168823242,22822,22832,10
12.9236097336,80.1170806885,22832,22852,20
12.9236097336,80.1170806885,22852,22862,10
12.9235496521,80.1172027588,22862,22872,10
12.9235296249,80.1173706055,22872,22883,11
12.923620224,80.1177597046,22883,22893,10
12.9236001968,80.118057251,22893,22903,10
12.9235401154,80.1184921265,22903,22913,10
12.9235095978,80.1191101074,22913,22923,10
12.9233999252,80.1198577881,22923,22933,10
12.9233102798,80.1206283569,22933,22943,10
12.9232997894,80.1212387085,22943,23286,343
12.9232997894,80.1212387085,23286,23297,11
12.9232196808,80.1215362549,23297,23307,10
12.9232196808,80.1220779419,23307,23317,10
12.9231796265,80.1228637695,23317,23327,10
12.9231500626,80.1238327026,23327,23337,10
12.9231004715,80.1248474121,23337,23347,10
12.9231004715,80.125579834,23347,23357,10
12.9230203629,80.1263198853,23357,23367,10
12.9229898453,80.1271972656,23367,23377,10
12.9229402542,80.1279067993,23377,23387,10
12.9229001999,80.1284713745,23387,23397,10
12.9228496552,80.1291122437,23397,23408,11
12.9227895737,80.1299819946,23408,23418,10
12.9228000641,80.1307830811,23418,23428,10
12.9228000641,80.1312637329,23428,23438,10
12.9227800369,80.1313400269,23438,23448,10
12.922750473,80.1317977905,23448,23458,10
12.9227199554,80.1325912476,23458,23468,10
12.9226703644,80.1336593628,23468,23478,10
12.9226198196,80.1348495483,23478,23488,10
12.9225597382,80.1359863281,23488,23498,10
12.9225101471,80.13697052,23498,23508,10
12.9224596024,80.1377563477,23508,23519,11
12.9224100113,80.1386108398,23519,23529,10
12.922369957,80.1394424438,23529,23539,10
12.9224004745,80.1403198242,23539,23549,10
12.9224300385,80.1412734985,23549,23559,10
12.9224500656,80.142250061,23559,23569,10
12.9224996567,80.1433029175,23569,23579,10
12.9225301743,80.1436767578,23579,23589,10
12.9224996567,80.1437835693,23589,23599,10
12.9225196838,80.1443023682,23599,23610,11
12.9225702286,80.1452713013,23610,23620,10
12.9226102829,80.1464080811,23620,23630,10
12.9226398468,80.1474609375,23630,23640,10
12.9226303101,80.1485595703,23640,23650,10
12.9226799011,80.1497116089,23650,23660,10
12.9227104187,80.1509017944,23660,23670,10
12.9227800369,80.1520767212,23670,23680,10
12.92304039,80.1532363892,23680,23690,10
12.9233198166,80.1543502808,23690,23700,10
12.9234399796,80.1546936035,23700,23710,10
12.92345047,80.154838562,23710,23721,11
12.9236097336,80.1555023193,23721,23731,10
12.9237098694,80.1564025879,23731,23741,10
12.9236001968,80.1575469971,23741,23751,10
12.9234895706,80.1585998535,23751,23760,9
12.9234199524,80.159576416,23760,23771,11
12.9232997894,80.1603775024,23771,23780,9
12.9232797623,80.1604614258,23780,23790,10
12.9231700897,80.1607437134,23790,23801,11
12.9229202271,80.1614990234,23801,23811,10
12.9226198196,80.1624298096,23811,23821,10
12.9222402573,80.1635818481,23821,23832,11
12.9217996597,80.1649017334,23832,23842,10
12.9214096069,80.1661376953,23842,23852,10
12.9210300446,80.1673583984,23852,23862,10
12.9206495285,80.1685714722,23862,23872,10
12.9202899933,80.1697387695,23872,23882,10
12.9199800491,80.170791626,23882,23892,10
12.9198999405,80.1710662842,23892,23902,10
12.9198198318,80.1712417603,23902,23912,10
12.9196395874,80.1718063354,23912,23923,11
12.9194202423,80.1726989746,23923,23933,10
12.9191703796,80.1736602783,23933,23943,10
12.9188899994,80.1747817993,23943,23953,10
12.9186201096,80.1758880615,23953,23963,10
12.9183797836,80.1770629883,23963,23973,10
12.9184598923,80.1782836914,23973,23983,10
12.9191904068,80.1792831421,23983,23993,10
12.9195804596,80.1804962158,23993,24003,10
12.9198503494,80.1817932129,24003,24013,10
12.9201202393,80.1830215454,24013,24023,10
12.9203701019,80.1840896606,24023,24034,11
12.9206199646,80.1850967407,24034,24044,10
12.9206800461,80.1854019165,24044,24054,10
12.9207000732,80.1856994629,24054,24064,10
12.9203596115,80.1862411499,24064,24074,10
12.9197797775,80.1868896484,24074,24084,10
12.9191503525,80.1875991821,24084,24094,10
12.918510437,80.1883392334,24094,24104,10
12.9178304672,80.189201355,24104,24114,10
12.9175395966,80.1901779175,24114,24124,10
12.9174003601,80.1912002563,24124,24135,11
12.91726017,80.1922073364,24135,24145,10
12.9171495438,80.1931762695,24145,24165,20
12.9171495438,80.1931762695,24165,24175,10
12.9171304703,80.1933364868,24175,24185,10
12.9171199799,80.1937484741,24185,24195,10
12.9173297882,80.1943664551,24195,24205,10
12.9179496765,80.1949920654,24205,24215,10
12.918680191,80.1956634521,24215,24225,10
12.9193401337,80.1962203979,24225,24235,10
12.920249939,80.1966323853,24235,24246,11
12.9212703705,80.1969833374,24246,24256,10
12.9221096039,80.1972579956,24256,24272,16
12.923620224,80.197479248,24272,24284,12
12.9248199463,80.1975021362,24284,24294,10
12.9252796173,80.197479248,24294,24304,10
12.9256696701,80.197479248,24304,24314,10
12.9263801575,80.1975479126,24314,24324,10
12.9271402359,80.197883606,24324,24334,10
12.9278202057,80.1985092163,24334,24344,10
12.9282598495,80.1994018555,24344,24354,10
12.9284896851,80.2005004883,24354,24365,11
12.9285497665,80.2017593384,24365,24375,10
12.9287204742,80.20262146,24375,24385,10
12.9294204712,80.2027282715,24385,24395,10
12.9296503067,80.2027587891,24395,24405,10
12.9302797318,80.2028579712,24405,24415,10
12.9310998917,80.2030410767,24415,24425,10
12.9320697784,80.2033615112,24425,24435,10
12.9327898026,80.2035980225,24435,24446,11
12.9334201813,80.2038269043,24446,24456,10
12.9339504242,80.2038879395,24456,24466,10
12.9340200424,80.2039031982,24466,24476,10
12.9343204498,80.2039413452,24476,24486,10
12.9350004196,80.2040481567,24486,24496,10
12.9357099533,80.2043609619,24496,24506,10
12.936340332,80.2045516968,24506,24516,10
12.9371204376,80.2047576904,24516,24526,10
12.938079834,80.2050323486,24526,24536,10
12.939160347,80.2053527832,24536,24546,10
12.9399995804,80.2055892944,24546,24557,11
12.9400501251,80.205619812,24557,24567,10
12.9403400421,80.2057189941,24567,24577,10
12.940580368,80.2057800293,24577,24587,10
12.9410104752,80.2059402466,24587,24597,10
12.9416799545,80.2063064575,24597,24607,10
12.9424600601,80.2069396973,24607,24617,10
12.9431295395,80.2077484131,24617,24627,10
12.944029808,80.2082519531,24627,24637,10
12.944319725,80.2083435059,24637,24647,10
12.944560051,80.208442688,24647,24658,11
12.9452199936,80.2086791992,24658,24668,10
12.9460096359,80.2089691162,24668,24684,16
12.9473400116,80.2095031738,24684,24696,12
12.9482097626,80.2098388672,24696,24706,10
12.9489498138,80.2101287842,24706,24716,10
12.9499902725,80.2105407715,24716,24726,10
12.9511804581,80.2110214233,24726,24735,9
12.9521903992,80.2114181519,24735,24746,11
12.9533395767,80.2118835449,24746,24756,10
12.9542598724,80.2122573853,24756,24767,11
12.9554300308,80.2127227783,24767,24777,10
12.9565200806,80.2131271362,24777,24787,10
12.9576196671,80.2135696411,24787,24797,10
12.9587202072,80.2139968872,24797,24807,10
12.9598197937,80.2144470215,24807,24817,10
12.960940361,80.2148895264,24817,24827,10
12.9619398117,80.2152786255,24827,24837,10
12.9631500244,80.2157363892,24837,24847,10
12.9639797211,80.2161026001,24847,24857,10
12.9648799896,80.216468811,24857,24868,11
12.9659500122,80.2168884277,24868,24878,10
12.9668197632,80.2172393799,24878,24888,10
12.9676198959,80.2175827026,24888,24898,10
12.9683599472,80.2178878784,24898,24908,10
12.9693403244,80.2182617188,24908,24918,10
12.9703502655,80.2186584473,24918,24928,10
12.9710597992,80.2189178467,24928,24938,10
12.9711704254,80.2189712524,24938,24948,10
12.9716300964,80.2191619873,24948,24958,10
12.972319603,80.2194290161,24958,24968,10
12.973110199,80.2197265625,24968,24979,11
12.9740600586,80.2201309204,24979,24989,10
12.9750204086,80.2205200195,24989,24999,10
12.9755001068,80.2207336426,24999,25009,10
12.9756603241,80.2209014893,25009,25019,10
12.9760799408,80.2212295532,25019,25080,61
12.9760799408,80.2212295532,25080,25090,10
12.9766302109,80.2212600708,25090,25100,10
12.9773397446,80.2212524414,25100,25110,10
12.9781198502,80.2212219238,25110,25120,10
12.9790401459,80.2211608887,25120,25136,16
12.980629921,80.2210235596,25136,25148,12
12.9815998077,80.2212600708,25148,25156,8
12.9821395874,80.2216186523,25156,25168,12
12.9828796387,80.2219161987,25168,25178,10
12.9830799103,80.2220230103,25178,25189,11
12.9834403992,80.2222824097,25189,25199,10
12.9838104248,80.2225112915,25199,25208,9
12.9843397141,80.2228164673,25208,25219,11
12.9849596024,80.2231903076,25219,25229,10
12.9854202271,80.2232971191,25229,25239,10
12.9857597351,80.2230377197,25239,25250,11
12.9863500595,80.2230072021,25250,25260,10
12.986869812,80.2230224609,25260,25270,10
12.9873600006,80.2230682373,25270,25281,11
12.9879903793,80.2229232788,25281,25291,10
12.9886198044,80.222442627,25291,25301,10
12.9891195297,80.2218933105,25301,25311,10
12.9895601273,80.2213287354,25311,25321,10
12.9901895523,80.2206420898,25321,25331,10
12.9910097122,80.2200012207,25331,25341,10
12.9918003082,80.2194290161,25341,25351,10
12.9928798676,80.2186508179,25351,25361,10
12.9937295914,80.2179794312,25361,25371,10
12.9945201874,80.2174224854,25371,25381,10
12.9948301315,80.2171707153,25381,25392,11
12.9950799942,80.2170181274,25392,25402,10
12.9955997467,80.2167510986,25402,25412,10
12.996339798,80.2165679932,25412,25422,10
12.9970703125,80.216468811,25422,25432,10
12.9974403381,80.216217041,25432,25442,10
12.9975700378,80.2161331177,25442,25452,10
12.9978599548,80.2159194946,25452,25462,10
12.9983196259,80.2154998779,25462,25472,10
12.9989299774,80.2149810791,25472,25482,10
12.999250412,80.2147064209,25482,25492,10
12.9996404648,80.2143707275,25492,25503,11
13.0001497269,80.2139434814,25503,25513,10
13.0006599426,80.2134628296,25513,25523,10
13.0012702942,80.2129669189,25523,25533,10
13.0017499924,80.2125930786,25533,25543,10
13.0021400452,80.2123413086,25543,25553,10
13.002699852,80.2121429443,25553,25563,10
13.0033903122,80.212097168,25563,25573,10
13.0037899017,80.212020874,25573,25583,10
13.0042695999,80.2121429443,25583,25593,10
13.0049800873,80.2124481201,25593,25604,11
13.0058403015,80.212890625,25604,25614,10
13.0066404343,80.2126998901,25614,25624,10
13.007610321,80.2128601074,25624,25634,10
13.0078601837,80.2130584717,25634,25644,10
13.0080003738,80.2131576538,25644,25654,10
13.0085201263,80.2133789063,25654,25664,10
13.0090198517,80.2140197754,25664,25674,10
13.0095500946,80.2147827148,25674,25684,10
13.010020256,80.2154312134,25684,25694,10
13.010430336,80.2160720825,25694,25705,11
13.010840416,80.2169036865,25705,25715,10
13.0112495422,80.2178726196,25715,25725,10
13.0116596222,80.219078064,25725,25735,10
13.0120897293,80.2203826904,25735,25745,10
13.0125598907,80.2214889526,25745,25755,10
13.0131502151,80.2222290039,25755,25765,10
13.0138101578,80.2230682373,25765,25775,10
13.0142498016,80.2236480713,25775,25784,9
13.0145397186,80.2239837646,25784,25795,11
13.0149097443,80.2244033813,25795,25805,10
13.0150203705,80.2245025635,25805,25816,11
13.0151796341,80.2246322632,25816,25826,10
13.0153102875,80.2248306274,25826,25836,10
13.0156097412,80.2251205444,25836,25846,10
13.0160198212,80.2253265381,25846,25856,10
13.0167198181,80.2252807617,25856,25866,10
13.0175800323,80.224937439,25866,25876,10
13.018529892,80.2245635986,25876,25886,10
13.0195703506,80.2244720459,25886,25896,10
13.0204601288,80.2250213623,25896,25906,10
13.0211496353,80.2255706787,25906,25917,11
13.0218801498,80.2260665894,25917,25927,10
13.0219402313,80.2261199951,25927,25937,10
13.0220098495,80.2261810303,25937,25947,10
13.0222997665,80.2264404297,25947,25957,10
13.0228595734,80.2269973755,25957,25967,10
13.0234603882,80.2275695801,25967,25977,10
13.024140358,80.2282180786,25977,25987,10
13.0247402191,80.229019165,25987,25997,10
13.0253896713,80.2298583984,25997,26007,10
13.0258998871,80.2306976318,26007,26018,11
13.0260801315,80.2313079834,26018,26028,10
13.0266199112,80.231262207,26028,26038,10
13.0273799896,80.2310714722,26038,26048,10
13.0282402039,80.2309265137,26048,26058,10
13.0285396576,80.2309036255,26058,26068,10
13.0286302567,80.2308883667,26068,26078,10
13.0291204453,80.2308425903,26078,26088,10
13.0297002792,80.2307891846,26088,26108,20
13.0309696198,80.2306900024,26108,26120,12
13.031539917,80.2306518555,26120,26131,11
13.0322303772,80.2305984497,26131,26141,10
13.0332899094,80.230506897,26141,26151,10
13.0340099335,80.2304763794,26151,26171,20
13.0340099335,80.2304763794,26171,26181,10
13.0341901779,80.2304000854,26181,26191,10
13.0345001221,80.2303771973,26191,26201,10
13.0349597931,80.230178833,26201,26211,10
13.0349502563,80.2300109863,26211,26221,10
13.034740448,80.2298965454,26221,26394,173
13.0346603394,80.2298431396,26394,27012,618
13.0345897675,80.2298812866,27012,27063,51
13.0345897675,80.2298812866,27063,27073,10
13.034239769,80.2298278809,27073,27083,10
13.0341901779,80.230140686,27083,27093,10
13.0341396332,80.2303390503,27093,27103,10
13.0338602066,80.2304077148,27103,27113,10
13.0336799622,80.2304382324,27113,27123,10
13.033370018,80.23046875,27123,27132,9
13.0328998566,80.230506897,27132,27143,11
13.0322399139,80.2305908203,27143,27153,10
13.0314598083,80.2306671143,27153,27164,11
13.0305995941,80.2307434082,27164,27174,10
13.0299100876,80.2307815552,27174,27184,10
13.0293998718,80.2308807373,27184,27194,10
13.028840065,80.2309112549,27194,27204,10
13.0282802582,80.2309875488,27204,27214,10
13.0278596878,80.231086731,27214,27224,10
13.0277900696,80.2315063477,27224,27234,10
13.0278100967,80.2319564819,27234,27243,9
13.0278902054,80.2325668335,27243,27253,10
13.0275001526,80.2328720093,27253,27264,11
13.0269098282,80.233039856,27264,27275,11
13.0264797211,80.2329788208,27275,27285,10
13.0262403488,80.2322998047,27285,27295,10
13.0259895325,80.2313537598,27295,27305,10
13.0255699158,80.2302627563,27305,27315,10
13.0249500275,80.2294235229,27315,27325,10
13.0245103836,80.2288589478,27325,27335,10
13.0242099762,80.2284164429,27335,27345,10
13.0237798691,80.2278900146,27345,27355,10
13.0233201981,80.2275009155,27355,27365,10
13.0230798721,80.2274093628,27365,27376,11
13.022939682,80.2273025513,27376,27385,9
13.0226802826,80.2270889282,27385,27396,11
13.0224304199,80.2266769409,27396,27406,10
13.0219802856,80.2262573242,27406,27416,10
13.021490097,80.2258911133,27416,27426,10
13.0209503174,80.2254562378,27426,27436,10
13.0203895569,80.2250823975,27436,27446,10
13.0201597214,80.2249526978,27446,27456,10
13.0199699402,80.2248306274,27456,27466,10
13.0195302963,80.2245788574,27466,27476,10
13.0188302994,80.2245101929,27476,27487,11
13.0180196762,80.2248382568,27487,27497,10
13.0172100067,80.2251586914,27497,27507,10
13.0166501999,80.2253875732,27507,27517,10
13.0163002014,80.2255172729,27517,27527,10
13.0158100128,80.225692749,27527,27543,16
13.0151996613,80.2259292603,27543,27555,12
13.0146799088,80.2261581421,27555,27585,30
13.0146799088,80.2261581421,27585,27595,10
13.0141496658,80.2263183594,27595,27606,11
13.013420105,80.2265777588,27606,27616,10
13.0125102997,80.2269515991,27616,27626,10
13.0115299225,80.2273635864,27626,27636,10
13.0103302002,80.2278213501,27636,27646,10
13.0095396042,80.227722168,27646,27656,10
13.0098600388,80.2268829346,27656,27666,10
13.0102596283,80.2260437012,27666,27676,10
13.0106897354,80.2250823975,27676,27686,10
13.0110797882,80.2241821289,27686,27697,11
13.0114402771,80.2233200073,27697,27707,10
13.0116596222,80.2227630615,27707,27717,10
13.0119400024,80.2219467163,27717,27727,10
13.0121803284,80.2212219238,27727,27737,10
13.0120801926,80.2205581665,27737,27747,10
13.0118398666,80.2198486328,27747,27757,10
13.0114603043,80.2186965942,27757,27767,10
13.0111303329,80.2178115845,27767,27777,10
13.0107603073,80.2169570923,27777,27787,10
13.0103797913,80.2161636353,27787,27798,11
13.009929657,80.2153320313,27798,27808,10
13.009469986,80.2146530151,27808,27818,10
13.0088996887,80.2139129639,27818,27828,10
13.0080499649,80.2132263184,27828,27848,20
13.0079298019,80.213180542,27848,27878,30
13.0079298019,80.213180542,27878,27888,10
13.0077199936,80.2130279541,27888,27898,10
13.0071802139,80.2128219604,27898,27909,11
13.0064001083,80.2127685547,27909,27919,10
13.005689621,80.2129592896,27919,27929,10
13.0048799515,80.2124404907,27929,27939,10
13.0038204193,80.2120819092,27939,27949,10
13.0031604767,80.2120819092,27949,27959,10
13.0023803711,80.2121963501,27959,27969,10
13.0019702911,80.2124328613,27969,27979,10
13.0015201569,80.2127380371,27979,27989,10
13.0008602142,80.2132797241,27989,27999,10
13.0000600815,80.2139892578,27999,28010,11
12.9996099472,80.2143783569,28010,28020,10
12.9991998672,80.2147979736,28020,28030,10
12.9988803864,80.2150421143,28030,28039,9
12.9983797073,80.2154693604,28039,28050,11
12.9976701736,80.2160797119,28050,28060,10
12.9974403381,80.2163314819,28060,28070,10
12.9972600937,80.2165298462,28070,28080,10
12.9967098236,80.2165679932,28080,28090,10
12.9959697723,80.2166900635,28090,28100,10
12.9951095581,80.2170715332,28100,28111,11
12.994310379,80.2175979614,28111,28121,10
12.9936599731,80.2180404663,28121,28130,9
12.9930000305,80.21849823,28130,28141,11
12.9920501709,80.2191925049,28141,28151,10
12.991230011,80.2198028564,28151,28161,10
12.99077034,80.220161438,28161,28171,10
12.9907398224,80.2201690674,28171,28181,10
12.9904603958,80.2204208374,28181,28191,10
12.9898996353,80.2208786011,28191,28201,10
12.9893503189,80.2215118408,28201,28210,9
12.9888401031,80.2221908569,28210,28222,12
12.9879198074,80.2230377197,28222,28232,10
12.9875602722,80.2231216431,28232,28242,10
12.9873399734,80.2230834961,28242,28252,10
12.9868202209,80.2229995728,28252,28262,10
12.986120224,80.2229690552,28262,28272,10
12.98554039,80.2232437134,28272,28282,10
12.9848604202,80.2231292725,28282,28292,10
12.9840097427,80.2226409912,28292,28302,10
12.983300209,80.2221984863,28302,28312,10
12.9831800461,80.2220993042,28312,28323,11
12.9827804565,80.2219085693,28323,28333,10
12.9821596146,80.2217178345,28333,28343,10
12.9815597534,80.2212905884,28343,28353,10
12.9807796478,80.2210083008,28353,28363,10
12.9799203873,80.2210998535,28363,28373,10
12.9791002274,80.2211303711,28373,28383,10
12.9780502319,80.2211608887,28383,28393,10
12.9769096375,80.2212371826,28393,28403,10
12.9759597778,80.2213134766,28403,28424,21
12.9759597778,80.2213134766,28424,28434,10
12.9757404327,80.2211380005,28434,28444,10
12.9754695892,80.220916748,28444,28454,10
12.9753599167,80.2208023071,28454,28464,10
12.9748601913,80.2205810547,28464,28474,10
12.9740695953,80.2202301025,28474,28490,16
12.9723997116,80.2195663452,28490,28502,12
12.9713201523,80.2192001343,28502,28510,8
12.971159935,80.2191390991,28510,28522,12
12.9706001282,80.2189178467,28522,28533,11
12.9698295593,80.2185821533,28533,28543,10
12.96916008,80.2183227539,28543,28553,10
12.9685497284,80.2180786133,28553,28562,9
12.9679403305,80.2178497314,28562,28572,10
12.967300415,80.217590332,28572,28583,11
12.9660596848,80.2170791626,28583,28592,9
12.9649200439,80.2166213989,28592,28602,10
12.963760376,80.2161331177,28602,28613,11
12.962770462,80.2156982422,28613,28623,10
12.9617204666,80.2153015137,28623,28634,11
12.9604597092,80.2147979736,28634,28644,10
12.9593296051,80.2143325806,28644,28654,10
12.9582004547,80.2138824463,28654,28664,10
12.9570503235,80.2134170532,28664,28674,10
12.9559202194,80.2129592896,28674,28684,10
12.9547700882,80.2125473022,28684,28694,10
12.9536304474,80.2120819092,28694,28704,10
12.9524803162,80.2116165161,28704,28714,10
12.9513397217,80.2111816406,28714,28724,10
12.950220108,80.2107391357,28724,28734,10
12.9492101669,80.2103424072,28734,28745,11
12.9480800629,80.2098922729,28745,28755,10
12.9468803406,80.2094268799,28755,28764,9
12.9457397461,80.2089767456,28764,28775,11
12.9445495605,80.2085037231,28775,28786,11
12.9441900253,80.208366394,28786,28796,10
12.9437303543,80.2081680298,28796,28806,10
12.9430799484,80.2078094482,28806,28816,10
12.9425497055,80.2071380615,28816,28826,10
12.9417800903,80.2064590454,28826,28836,10
12.9410896301,80.2060394287,28836,28847,11
12.940870285,80.2059402466,28847,28857,10
12.940290451,80.2057266235,28857,28867,10
12.9395198822,80.2054977417,28867,28877,10
12.9386301041,80.2052230835,28877,28887,10
12.9377202988,80.2049636841,28887,28897,10
12.9366998672,80.2046737671,28897,28907,10
12.9357595444,80.2043991089,28907,28917,10
12.9349403381,80.2040634155,28917,28927,10
12.9341201782,80.2039489746,28927,28937,10
12.9336795807,80.203918457,28937,28948,11
12.9330797195,80.2037734985,28948,28958,10
12.9324197769,80.2034988403,28958,28968,10
12.9316501617,80.2032394409,28968,28978,10
12.9307498932,80.2029571533,28978,28988,10
12.9297800064,80.2028121948,28988,28998,10
12.9294204712,80.2027816772,28998,29008,10
12.9293403625,80.2027664185,29008,29018,10
12.9288797379,80.2026824951,29018,29028,10
12.9285001755,80.2022476196,29028,29038,10
12.9284696579,80.2014083862,29038,29048,10
12.928440094,80.2004013062,29048,29059,11
12.928150177,80.19921875,29059,29069,10
12.9275798798,80.1982269287,29069,29079,10
12.926659584,80.1976394653,29079,29089,10
12.9256801605,80.1975021362,29089,29099,10
12.9253902435,80.1975097656,29099,29109,10
12.9249095917,80.1975021362,29109,29119,10
12.9241600037,80.1975021362,29119,29129,10
12.9233598709,80.1974716187,29129,29139,10
12.922419548,80.1973495483,29139,29155,16
12.920999527,80.1969299316,29155,29168,13
12.9201803207,80.1966400146,29168,29178,10
12.9196100235,80.1964416504,29178,29188,10
12.9190196991,80.1960067749,29188,29198,10
12.918510437,80.1955490112,29198,29208,10
12.9179296494,80.1950302124,29208,29218,10
12.91726017,80.1943817139,29218,29228,10
12.9170303345,80.1939163208,29228,29238,10
12.9170103073,80.193321228,29238,29248,10
12.9170999527,80.1926422119,29248,29258,10
12.9171600342,80.1922073364,29258,29269,11
12.9172401428,80.1916503906,29269,29288,19
12.9172697067,80.1914672852,29288,29300,12
12.917309761,80.1913223267,29300,29308,8
12.9173603058,80.1909103394,29308,29320,12
12.9174499512,80.190032959,29320,29330,10
12.9178600311,80.188949585,29330,29340,10
12.9184799194,80.1882019043,29340,29350,10
12.9192199707,80.1873931885,29350,29360,10
12.919960022,80.1865768433,29360,29371,11
12.9206495285,80.1855621338,29371,29381,10
12.9204397202,80.1844482422,29381,29391,10
12.9201602936,80.1832733154,29391,29401,10
12.9199495316,80.182510376,29401,29411,10
12.9198999405,80.1822891235,29411,29421,10
12.9197702408,80.1817474365,29421,29431,10
12.9195995331,80.1809616089,29431,29440,9
12.9193897247,80.179977417,29440,29451,11
12.9188899994,80.1789093018,29451,29461,10
12.9182395935,80.1779403687,29461,29471,10
12.918299675,80.1768493652,29471,29482,11
12.9183397293,80.1766281128,29482,29492,10
12.9184303284,80.1763000488,29492,29502,10
12.918589592,80.1756591797,29502,29511,9
12.9187698364,80.1749420166,29511,29521,10
12.9190301895,80.1739120483,29521,29532,11
12.9193401337,80.1727294922,29532,29542,10
12.9197101593,80.1714019775,29542,29552,10
12.9201097488,80.1701507568,29552,29562,10
12.9204597473,80.1689987183,29562,29572,10
12.9209098816,80.1675796509,29572,29583,11
12.9213600159,80.1661834717,29583,29593,10
12.9217596054,80.1649475098,29593,29603,10
12.9221200943,80.1637420654,29603,29613,10
12.9224996567,80.1625900269,29613,29623,10
12.9228696823,80.1614685059,29623,29633,10
12.9231395721,80.1605911255,29633,29643,10
12.9233398438,80.1598434448,29643,29653,10
12.9234399796,80.158782959,29653,29663,10
12.9235496521,80.1576080322,29663,29673,10
12.9236602783,80.1564483643,29673,29684,11
12.9235296249,80.1552429199,29684,29694,10
12.9233999252,80.1547775269,29694,29704,10
12.9232196808,80.1540985107,29704,29714,10
12.9230003357,80.1532211304,29714,29724,10
12.922750473,80.1523208618,29724,29734,10
12.9226799011,80.1518478394,29734,29744,10
12.922659874,80.1513214111,29744,29754,10
12.922659874,80.1506271362,29754,29764,10
12.9226303101,80.1497879028,29764,29774,10
12.9225797653,80.1488265991,29774,29784,10
12.9225797653,80.1478729248,29784,29795,11
12.9225797653,80.1469421387,29795,29805,10
12.9225702286,80.1460037231,29805,29815,10
12.9225196838,80.144859314,29815,29825,10
12.9224996567,80.1437606812,29825,29835,10
12.9224500656,80.1427307129,29835,29845,10
12.9224004745,80.1418075562,29845,29855,10
12.9223899841,80.1415176392,29855,29865,10
12.9223804474,80.1413421631,29865,29875,10
12.9223804474,80.1407470703,29875,29885,10
12.9223899841,80.1401290894,29885,29896,11
12.9223804474,80.139289856,29896,29906,10
12.9224300385,80.1384277344,29906,29916,10
12.9224700928,80.137550354,29916,29926,10
12.9225301743,80.1365585327,29926,29936,10
12.9225702286,80.1355667114,29936,29946,10
12.9226198196,80.1344604492,29946,29956,10
12.922659874,80.1333312988,29956,29966,10
12.9226999283,80.1324996948,29966,29976,10
12.9227399826,80.1317672729,29976,29986,10
12.9227800369,80.1305389404,29986,29996,10
12.9228401184,80.1295166016,29996,30007,11
12.9229001999,80.1284408569,30007,30017,10
12.9229297638,80.1276092529,30017,30027,10
12.922949791,80.1266403198,30027,30037,10
12.9229898453,80.1255569458,30037,30047,10
12.9230298996,80.1244277954,30047,30057,10
12.9231004715,80.1232528687,30057,30067,10
12.9231595993,80.1221008301,30067,30077,10
12.9232196808,80.1206970215,30077,30168,91
12.9232196808,80.1206970215,30168,30178,10
12.9232397079,80.1204376221,30178,30188,10
12.9232902527,80.1200485229,30188,30198,10
12.923330307,80.1194076538,30198,30208,10
12.9233198166,80.1188735962,30208,30219,11
12.9233999252,80.1181106567,30219,30229,10
12.9234895706,80.1169891357,30229,30257,28
12.9234895706,80.1169891357,30257,30265,8
12.9235095978,80.1168518066,30265,30277,12
12.923620224,80.1170196533,30277,30287,10
12.9235601425,80.1175231934,30287,30297,10
12.9235801697,80.1180801392,30297,30307,10
12.923500061,80.1188201904,30307,30317,10
12.9234104156,80.1196365356,30317,30328,11
12.9233598709,80.1201782227,30328,30338,10
12.9233102798,80.1204681396,30338,30348,10
12.9232597351,80.12084198,30348,30358,10
12.9232501984,80.1212997437,30358,30368,10
12.9232196808,80.1216506958,30368,30378,10
12.9232501984,80.1219024658,30378,32427,2049
12.9232501984,80.1219024658,32427,32438,11
12.9231996536,80.1223068237,32438,32448,10
12.9231595993,80.1229705811,32448,32458,10
12.923119545,80.1237106323,32458,32468,10
12.9230804443,80.12449646,32468,32478,10
12.9230604172,80.1254577637,32478,32498,20
12.9230604172,80.1254577637,32498,32508,10
12.92304039,80.1256637573,32508,32518,10
12.9230003357,80.126159668,32518,32528,10
12.9229803085,80.1268920898,32528,32539,11
12.9229202271,80.1276397705,32539,32549,10
12.9228801727,80.128326416,32549,32559,10
12.922829628,80.1290588379,32559,32569,10
12.9228000641,80.1298217773,32569,32579,10
12.9228000641,80.1305618286,32579,32589,10
12.9228000641,80.1312026978,32589,32599,10
12.9227800369,80.1313400269,32599,32609,10
12.9227600098,80.1318206787,32609,32619,10
12.9227199554,80.1325378418,32619,32629,10
12.9226799011,80.133430481,32629,32639,10
12.9226198196,80.1344833374,32639,32650,11
12.9225702286,80.1355514526,32650,32660,10
12.9225301743,80.1364517212,32660,32670,10
12.9224796295,80.1374130249,32670,32680,10
12.922419548,80.1383209229,32680,32690,10
12.9223604202,80.1392288208,32690,32700,10
12.9223804474,80.1402130127,32700,32710,10
12.9224004745,80.1410522461,32710,32720,10
12.9224300385,80.1420822144,32720,32730,10
12.9225196838,80.1428604126,32730,32761,31
12.9225196838,80.1428604126,32761,32771,10
12.9225502014,80.1429595947,32771,32781,10
12.9225902557,80.1436767578,32781,32801,20
12.9225902557,80.1436767578,32801,32811,10
12.922539711,80.1440734863,32811,32821,10
12.9225597382,80.1448287964,32821,32831,10
12.9226198196,80.1459274292,32831,32841,10
12.9226303101,80.1470413208,32841,32851,10
12.9226503372,80.1475830078,32851,32862,11
12.9226303101,80.1483230591,32862,32872,10
12.9226799011,80.1492462158,32872,32882,10
12.9227104187,80.1503829956,32882,32892,10
12.922750473,80.1514968872,32892,32902,10
12.9227695465,80.1517333984,32902,32912,10
12.9227695465,80.1518478394,32912,32928,16
12.9229097366,80.1527175903,32928,32940,12
12.9231700897,80.1537704468,32940,32948,8
12.9233598709,80.1544876099,32948,32959,11
12.9234399796,80.1547698975,32959,32971,12
12.92345047,80.1549301147,32971,32981,10
12.9235696793,80.1554412842,32981,32991,10
12.9237003326,80.1562271118,32991,33001,10
12.923620224,80.1572799683,33001,33011,10
12.9235095978,80.1584396362,33011,33021,10
12.9234304428,80.1595001221,33021,33030,9
12.9232902527,80.1603775024,33030,33041,11
12.9232797623,80.1604232788,33041,33051,10
12.9232501984,80.1605529785,33051,33061,10
12.9230604172,80.1610870361,33061,33071,10
12.9227800369,80.1618728638,33071,33082,11
12.9224395752,80.1629333496,33082,33092,10
12.92208004,80.1640396118,33092,33102,10
12.9217195511,80.1651687622,33102,33112,10
12.9213600159,80.1662902832,33112,33122,10
12.920999527,80.167427063,33122,33132,10
12.9206399918,80.1685562134,33132,33142,10
12.9203100204,80.1696395874,33142,33152,10
12.9198999405,80.1710662842,33152,33172,20
12.9198999405,80.1710662842,33172,33182,10
12.9197902679,80.1713409424,33182,33199,17
12.9194602966,80.1725234985,33199,33211,12
12.9191703796,80.1736679077,33211,33221,10
12.9189195633,80.1747207642,33221,33231,10
12.9186201096,80.1758575439,33231,33241,10
12.9184799194,80.1766433716,33241,33251,10
12.918419838,80.1768112183,33251,33261,10
12.9183597565,80.1772994995,33261,33271,10
12.9184303284,80.1781616211,33271,33281,10
12.9190597534,80.1790390015,33281,33291,10
12.9194898605,80.1801605225,33291,33302,11
12.9197597504,80.1815414429,33302,33312,10
12.9200201035,80.1827468872,33312,33322,10
12.9203195572,80.1838989258,33322,33362,40
12.9203195572,80.1838989258,33362,33372,10
12.9203195572,80.1839675903,33372,33382,10
12.9204101563,80.1845016479,33382,33392,10
12.9206104279,80.185218811,33392,33403,11
12.9206399918,80.1853790283,33403,33413,10
12.9206600189,80.1855773926,33413,33423,10
12.9205198288,80.1860275269,33423,33433,10
12.9200401306,80.1865997314,33433,33443,10
12.9194803238,80.18724823,33443,33453,10
12.9190301895,80.1877365112,33453,33463,10
12.9185800552,80.1882171631,33463,33473,10
12.9180402756,80.1888198853,33473,33483,10
12.9176397324,80.1895904541,33483,33493,10
12.9174604416,80.1904830933,33493,33504,11
12.9173402786,80.1914825439,33504,33514,10
12.9172296524,80.1923675537,33514,33524,10
12.9171495438,80.1929321289,33524,33544,20
12.9171495438,80.1929321289,33544,33554,10
12.9171600342,80.193031311,33554,33564,10
12.9171600342,80.1931533813,33564,33574,10
12.9171199799,80.1935424805,33574,33584,10
12.9171600342,80.1940231323,33584,33594,10
12.9173402786,80.1943969727,33594,33604,10
12.9178304672,80.1949081421,33604,33615,11
12.9185800552,80.1955566406,33615,33625,10
12.9191598892,80.1960678101,33625,33635,10
12.9195995331,80.1963500977,33635,33645,10
12.9202299118,80.1966171265,33645,33655,10
12.9210300446,80.1968765259,33655,33665,10
12.9219198227,80.1971969604,33665,33675,10
12.9229402542,80.1973724365,33675,33685,10
12.9233703613,80.1974182129,33685,33695,10
12.9233999252,80.1974334717,33695,33705,10
12.923789978,80.1974563599,33705,33716,11
12.9245195389,80.197479248,33716,33726,10
12.9252595901,80.1974563599,33726,33736,10
12.9255599976,80.1974563599,33736,33746,10
12.9261903763,80.1974868774,33746,33756,10
12.9269695282,80.1977615356,33756,33766,10
12.927740097,80.1983795166,33766,33776,10
12.9282102585,80.1992721558,33776,33786,10
12.928440094,80.2001419067,33786,33796,10
12.9285001755,80.2010879517,33796,33806,10
12.9285402298,80.2020492554,33806,33816,10
12.9294395447,80.2027130127,33816,33837,21
12.9294395447,80.2027130127,33837,33847,10
12.9295902252,80.2027511597,33847,33857,10
12.9300804138,80.2028198242,33857,33867,10
12.9308204651,80.2029495239,33867,33877,10
12.9316797256,80.2032165527,33877,33887,10
12.9325799942,80.2035293579,33887,33897,10
12.9331998825,80.203742981,33897,33907,10
12.9339799881,80.2038803101,33907,33936,29
12.9339799881,80.2038803101,33936,33946,10
12.9343299866,80.2039108276,33946,33955,9
12.9348402023,80.2039718628,33955,33966,11
12.9356203079,80.2042694092,33966,33976,10
12.9363203049,80.2045135498,33976,33986,10
12.9371595383,80.204750061,33986,33996,10
12.9380598068,80.2050018311,33996,34006,10
12.9389295578,80.2052764893,34006,34016,10
12.9398202896,80.2055435181,34016,34026,10
12.9400196075,80.2055892944,34026,34037,11
12.9401702881,80.2056503296,34037,34047,10
12.9406795502,80.2058181763,34047,34057,10
12.9413700104,80.2061309814,34057,34067,10
12.9421195984,80.2066497803,34067,34077,10
12.9433202744,80.2079315186,34077,34087,10
12.9433202744,80.2079315186,34087,34097,10
12.9443502426,80.2083511353,34097,34117,20
12.9443502426,80.2083511353,34117,34127,10
12.9444303513,80.208366394,34127,34137,10
12.9448404312,80.2085266113,34137,34148,11
12.9455499649,80.2087936401,34148,34159,11
12.9463396072,80.2090911865,34159,34169,10
12.9470100403,80.2093582153,34169,34179,10
12.9476604462,80.2096099854,34179,34189,10
12.948340416,80.2098770142,34189,34199,10
12.9490804672,80.2101593018,34199,34209,10
12.9500904083,80.2105636597,34209,34219,10
12.9512395859,80.2110137939,34219,34229,10
12.9524202347,80.211479187,34229,34239,10
12.9534101486,80.2118606567,34239,34250,11
12.953789711,80.2120132446,34250,34270,20
12.953789711,80.2120132446,34270,34280,10
12.9538803101,80.212020874,34280,34290,10
12.9542503357,80.2121734619,34290,34300,10
12.9548797607,80.2124404907,34300,34310,10
12.9556303024,80.2127380371,34310,34320,10
12.9564800262,80.2130737305,34320,34328,8
12.9572696686,80.2133789063,34328,34340,12
12.9585399628,80.2139129639,34340,34350,10
12.9596004486,80.2143478394,34350,34361,11
12.9607896805,80.21484375,34361,34371,10
12.9618797302,80.2152709961,34371,34381,10
12.9629402161,80.2156829834,34381,34391,10
12.9642295837,80.2161636353,34391,34522,131
12.9642295837,80.2161636353,34522,34532,10
12.9643802643,80.216217041,34532,34542,10
12.9648199081,80.2164382935,34542,34552,10
12.9654397964,80.2166900635,34552,34562,10
12.9660997391,80.2169570923,34562,34573,11
12.9668102264,80.2172470093,34573,34583,10
12.9674701691,80.2175216675,34583,34592,9
12.968000412,80.2177505493,34592,34603,11
12.9688301086,80.2180633545,34603,34613,10
12.9698801041,80.2184677124,34613,34623,10
12.9709701538,80.2188720703,34623,34633,10
12.9712400436,80.218963623,34633,34643,10
12.971329689,80.21900177,34643,34653,10
12.9716997147,80.2191619873,34653,34663,10
12.9722795486,80.2193908691,34663,34673,10
12.9730796814,80.2196807861,34673,34684,11
12.9739904404,80.2200393677,34684,34694,10
12.9749202728,80.2204971313,34694,34704,10
12.975569725,80.2207794189,34704,34714,10
12.975689888,80.2209625244,34714,34724,10
12.9761400223,80.2212371826,34724,34754,30
12.9761400223,80.2212371826,34754,34764,10
12.9764099121,80.2212371826,34764,34774,10
12.976940155,80.2212600708,34774,34785,11
12.9777402878,80.221206665,34785,34795,10
12.9785003662,80.2211837769,34795,34805,10
12.9793596268,80.2211227417,34805,34815,10
12.9802398682,80.2210464478,34815,34825,10
12.9810695648,80.221031189,34825,34835,10
12.9818201065,80.2214202881,34835,34845,10
12.982170105,80.2216720581,34845,34865,20
12.982170105,80.2216720581,34865,34875,10
12.9822902679,80.2217483521,34875,34886,11
12.9825000763,80.2218017578,34886,34896,10
12.982509613,80.2218017578,34896,34906,10
12.9826202393,80.2218475342,34906,34916,10
12.9827804565,80.2219009399,34916,34926,10
12.9828996658,80.2219467163,34926,34936,10
12.9831800461,80.2220916748,34936,34945,9
12.983420372,80.2222518921,34945,34956,11
12.983710289,80.2224502563,34956,34966,10
12.9841995239,80.2227325439,34966,34976,10
12.9847097397,80.2230300903,34976,34986,10
12.9851999283,80.2232284546,34986,34997,11
12.9855003357,80.223197937,34997,35007,10
12.9859600067,80.2229614258,35007,35017,10
12.9864196777,80.2229537964,35017,35027,10
12.9865503311,80.2229614258,35027,35037,10
12.9868497849,80.2230377197,35037,35047,10
12.9869804382,80.2230606079,35047,35057,10
12.9872503281,80.2230834961,35057,35067,10
12.9877595901,80.2230377197,35067,35077,10
12.9884004593,80.2226104736,35077,35087,10
12.9889497757,80.222076416,35087,35097,10
12.9893798828,80.221572876,35097,35108,11
12.9898700714,80.2209091187,35108,35118,10
12.9904203415,80.2203903198,35118,35128,10
12.990530014,80.2203216553,35128,35138,10
12.9908304214,80.2201004028,35138,35148,10
12.9913196564,80.2197418213,35148,35158,10
12.9916496277,80.2194900513,35158,35168,10
12.9920797348,80.2191772461,35168,35178,10
12.9926204681,80.2187805176,35178,35188,10
12.9932203293,80.2183380127,35188,35198,10
12.9938898087,80.2178573608,35198,35209,11
12.9946899414,80.2172927856,35209,35219,10
12.9954299927,80.2167892456,35219,35229,10
12.9961795807,80.2165679932,35229,35239,10
12.9969797134,80.216468811,35239,35249,10
12.997420311,80.2162322998,35249,35259,10
12.9975299835,80.2161331177,35259,35269,10
12.9976596832,80.2160415649,35269,35279,10
12.9980401993,80.2156982422,35279,35289,10
12.9985799789,80.2152481079,35289,35299,10
12.999130249,80.2147827148,35299,35309,10
12.9993801117,80.2145614624,35309,35320,11
12.9998397827,80.2141494751,35320,35330,10
13.0003004074,80.2137680054,35330,35340,10
13.0008401871,80.2133102417,35340,35350,10
13.0014696121,80.2127990723,35350,35360,10
13.0021095276,80.212348938,35360,35370,10
13.0025997162,80.2121200562,35370,35380,10
13.0031900406,80.2120819092,35380,35390,10
13.0036201477,80.2120437622,35390,35410,20
13.0036201477,80.2120437622,35410,35421,11
13.0038499832,80.2119903564,35421,35431,10
13.0043296814,80.2121429443,35431,35441,10
13.0048303604,80.212348938,35441,35451,10
13.0053796768,80.2126998901,35451,35461,10
13.0061101913,80.2127990723,35461,35471,10
13.0068397522,80.2127075195,35471,35481,10
13.0077896118,80.2129821777,35481,35511,30
13.0077896118,80.2129821777,35511,35521,10
13.0079603195,80.2131118774,35521,35532,11
13.0085802078,80.2134017944,35532,35542,10
13.0090703964,80.2140808105,35542,35552,10
13.0095300674,80.2147369385,35552,35562,10
13.0099096298,80.2152175903,35562,35572,10
13.0101804733,80.2157287598,35572,35582,10
13.0106897354,80.2165603638,35582,35592,10
13.0110397339,80.217338562,35592,35602,10
13.0113296509,80.2180709839,35602,35612,10
13.0117397308,80.2193222046,35612,35622,10
13.0120697021,80.2204437256,35622,35633,11
13.0124197006,80.2213363647,35633,35643,10
13.0127000809,80.2218322754,35643,35653,10
13.0132904053,80.2225036621,35653,35663,10
13.0138502121,80.2231216431,35663,35673,10
13.014169693,80.2235412598,35673,35683,10
13.0144500732,80.2239074707,35683,35693,10
13.0147304535,80.2244415283,35693,35703,10
13.0150299072,80.2247009277,35703,35713,10
13.0152597427,80.2248916626,35713,35733,20
13.0152597427,80.2248916626,35733,35744,11
13.0156803131,80.225227356,35744,35754,10
13.016119957,80.2253875732,35754,35764,10
13.0166797638,80.2252807617,35764,35774,10
13.0173997879,80.2249908447,35774,35784,10
13.0181798935,80.2246627808,35784,35794,10
13.0188903809,80.2243728638,35794,35804,10
13.0195398331,80.2244110107,35804,35814,10
13.0201597214,80.2248382568,35814,35824,10
13.0206003189,80.2251586914,35824,35834,10
13.0208597183,80.2253799438,35834,35844,10
13.0210800171,80.2255630493,35844,35855,11
13.0216703415,80.2260284424,35855,35875,20
13.0216703415,80.2260284424,35875,35885,10
13.0217399597,80.2260818481,35885,35895,10
13.0220403671,80.2263031006,35895,35905,10
13.0225601196,80.2267303467,35905,35915,10
13.0231895447,80.2273406982,35915,35931,16
13.0243196487,80.2284927368,35931,35943,12
13.0248003006,80.2291870117,35943,35953,10
13.0252799988,80.2298431396,35953,35964,11
13.0259599686,80.2310714722,35964,35984,20
13.0259599686,80.2310714722,35984,35994,10
13.0259504318,80.2312011719,35994,36004,10
13.0262403488,80.2313537598,36004,36014,10
13.0269699097,80.2311630249,36014,36024,10
13.0277004242,80.231010437,36024,36034,10
13.0285596848,80.2308883667,36034,36044,10
13.0292901993,80.2308273315,36044,36053,9
13.0297803879,80.2307815552,36053,36065,12
13.0305404663,80.2307128906,36065,36075,10
13.031129837,80.2306671143,36075,36085,10
13.0316495895,80.2306213379,36085,36095,10
13.0323896408,80.2305526733,36095,36104,9
13.033080101,80.2304992676,36104,36116,12
13.0338602066,80.2304611206,36116,36156,40
13.0338602066,80.2304611206,36156,36167,11
13.0339803696,80.2305221558,36167,36177,10
13.0342798233,80.2304534912,36177,36187,10
13.0346698761,80.2303390503,36187,36197,10
13.0349903107,80.2302017212,36197,36207,10
13.0350904465,80.2300567627,36207,36217,10
13.035030365,80.2299499512,36217,36227,10
13.0347299576,80.2298812866,36227,36659,432
13.0343503952,80.2298431396,36659,36841,182
13.0343503952,80.2298431396,36841,36851,10
13.0341701508,80.230178833,36851,36962,111
13.0341701508,80.230178833,36962,36972,10
13.033949852,80.23046875,36972,36982,10
13.0334300995,80.2304077148,36982,36992,10
13.0325403214,80.2305526733,36992,37002,10
13.0316400528,80.230682373,37002,37012,10
13.0307598114,80.2307281494,37012,37023,11
13.0301198959,80.2307662964,37023,37033,10
13.0295696259,80.2308578491,37033,37043,10
13.0288896561,80.2309036255,37043,37053,10
13.0282096863,80.2309417725,37053,37063,10
13.0277004242,80.2310180664,37063,37073,10
13.0276899338,80.2314529419,37073,37083,10
13.0277795792,80.2320404053,37083,37099,16
13.0276498795,80.2327575684,37099,37111,12
13.0271596909,80.2328720093,37111,37120,9
13.0267696381,80.2329483032,37120,37182,62
13.0267696381,80.2329483032,37182,37192,10
13.0265903473,80.233039856,37192,37202,10
13.0263996124,80.2329406738,37202,37211,9
13.0262203217,80.2323989868,37211,37222,11
13.0260601044,80.2317733765,37222,37233,11
13.0260095596,80.2315063477,37233,37243,10
13.025850296,80.2309112549,37243,37253,10
13.02546978,80.2300872803,37253,37263,10
13.0246295929,80.2290496826,37263,37293,30
13.0246295929,80.2290496826,37293,37303,10
13.0245103836,80.2289123535,37303,37313,10
13.0242099762,80.2285003662,37313,37323,10
13.0237903595,80.2279815674,37323,37333,10
13.0230102539,80.2273635864,37333,37354,21
13.0230102539,80.2273635864,37354,37364,10
13.0227603912,80.2271575928,37364,37374,10
13.0224895477,80.2267608643,37374,37384,10
13.0219097137,80.2262268066,37384,37394,10
13.0212202072,80.225692749,37394,37404,10
13.0203800201,80.2250900269,37404,37420,16
13.0199604034,80.2247772217,37420,37432,12
13.0195798874,80.2245635986,37432,37440,8
13.0190200806,80.2244415283,37440,37453,13
13.0178699493,80.2248306274,37453,37463,10
13.0169200897,80.2252426147,37463,37473,10
13.0163803101,80.2254714966,37473,37483,10
13.0159797668,80.2256164551,37483,37493,10
13.0154304504,80.2258224487,37493,37503,10
13.0150003433,80.2259902954,37503,37513,10
13.0143995285,80.2262420654,37513,37594,81
13.0143995285,80.2262420654,37594,37604,10
13.0141496658,80.2260894775,37604,37614,10
13.0141296387,80.2258987427,37614,37624,10
13.0146903992,80.2256011963,37624,38048,424
13.0148496628,80.2255325317,38048,38109,61
13.0148696899,80.2255096436,38109,38533,424
13.0148496628,80.2256774902,38533,39350,817
13.0148296356,80.2255096436,39350,40602,1252
13.0149202347,80.2256164551,40602,40733,131
13.0148000717,80.2255325317,40733,40814,81
13.0147895813,80.2256011963,40814,41916,1102
13.0150604248,80.2255325317,41916,41987,71
13.0149402618,80.2254562378,41987,49963,7976
13.0149402618,80.2254562378,49963,49973,10
13.014749527,80.2254333496,49973,50195,222
13.014749527,80.2254333496,50195,50205,10
13.0147600174,80.2255706787,50205,50216,11
13.014550209,80.2254867554,50216,50226,10
13.0144996643,80.2256774902,50226,50902,676
13.01445961,80.2257385254,50902,53698,2796
13.01445961,80.2257385254,53698,53709,11
13.0144996643,80.2257766724,53709,53719,10
13.0145702362,80.2258682251,53719,53729,10
13.0145998001,80.2258300781,53729,53739,10
13.0145998001,80.2255783081,53739,53749,10
13.0145597458,80.2252578735,53749,56982,3233
13.0146102905,80.224937439,56982,61566,4584
13.0146398544,80.2251968384,61566,61616,50
13.0145902634,80.2249984741,61616,62091,475
13.0146999359,80.2251586914,62091,62788,697
13.0146398544,80.2250518799,62788,63637,849
13.0146398544,80.2250213623,63637,64061,424
13.0145998001,80.2249526978,64061,64394,333
13.0145998001,80.225112915,64394,64697,303
13.0145397186,80.2249984741,64697,64980,283
13.0145998001,80.2250595093,64980,74533,9553
13.0145702362,80.2250213623,74533,74604,71
13.0145597458,80.2249908447,74604,74664,60
13.0145597458,80.2250213623,74664,76542,1878
13.0145702362,80.2250137329,76542,84774,8232
13.014670372,80.2249832153,84774,85683,909
