13.0759000778,80.2752075195,15,5554,5539
13.0761404037,80.2752380371,5554,15085,9531
13.0759296417,80.2752380371,15085,18106,3021
13.0759897232,80.275177002,18106,18368,262
13.0761098862,80.2752304077,18368,18870,502
13.0759496689,80.2752532959,18870,22432,3562
13.0759496689,80.2752532959,22432,22455,23
13.0759801865,80.2757797241,22455,22467,12
13.0759296417,80.2761001587,22467,22527,60
13.0759296417,80.2761001587,22527,22538,11
13.0761804581,80.2762985229,22538,22548,10
13.0763998032,80.2762680054,22548,22558,10
13.0767498016,80.2762069702,22558,22698,140
13.0767498016,80.2762069702,22698,22709,11
13.0771903992,80.2761764526,22709,22719,10
13.0776500702,80.2761611938,22719,22730,11
13.0781297684,80.2759933472,22730,22740,10
13.0783596039,80.275352478,22740,22750,10
13.0790195465,80.275138855,22750,22760,10
13.0798301697,80.2752914429,22760,22770,10
13.0805397034,80.2752227783,22770,22780,10
13.0809202194,80.275177002,22780,22790,10
13.0811100006,80.2751693726,22790,22800,10
13.0814599991,80.2751312256,22800,22810,10
13.0817604065,80.2751998901,22810,22820,10
13.0820198059,80.2752914429,22820,22921,101
13.0820198059,80.2752914429,22921,22932,11
13.0821800232,80.2756576538,22932,22962,30
13.0821800232,80.2756576538,22962,22972,10
13.0819597244,80.275970459,22972,23002,30
13.0819597244,80.275970459,23002,23012,10
13.0817699432,80.2763214111,23012,23022,10
13.0818395615,80.2767333984,23022,23033,11
13.0819196701,80.2774887085,23033,23043,10
13.0820903778,80.278137207,23043,23053,10
13.082159996,80.2783279419,23053,23063,10
13.0819997787,80.2783889771,23063,23073,10
13.0819101334,80.2778778076,23073,23083,10
13.0818004608,80.2771530151,23083,23093,10
13.0817403793,80.2766113281,23093,23103,10
13.0816202164,80.2758636475,23103,23204,101
13.0816202164,80.2758636475,23204,23214,10
13.0815496445,80.2754974365,23214,23224,10
13.0815095901,80.2752609253,23224,23245,21
13.0815095901,80.2752609253,23245,23255,10
13.0812597275,80.2751693726,23255,23265,10
13.0806303024,80.2752685547,23265,23275,10
13.0797100067,80.2753372192,23275,23285,10
13.0787401199,80.2751998901,23285,23295,10
13.0782403946,80.2758636475,23295,23305,10
13.0775604248,80.2762527466,23305,23315,10
13.0766401291,80.2763137817,23315,23325,10
13.0760402679,80.2763671875,23325,23336,11
13.0755195618,80.2763824463,23336,23346,10
13.0746803284,80.2763977051,23346,23356,10
13.0739202499,80.276512146,23356,23396,40
13.0739202499,80.276512146,23396,23405,9
13.0738601685,80.276512146,23405,23415,10
13.0734300613,80.2763595581,23415,23426,11
13.0728197098,80.2756271362,23426,23437,11
13.0719203949,80.2747192383,23437,23467,30
13.0719203949,80.2747192383,23467,23477,10
13.0715198517,80.2745132446,23477,23487,10
13.0708799362,80.2743606567,23487,23497,10
13.0705604553,80.2739181519,23497,23507,10
13.0703496933,80.2734222412,23507,23517,10
13.0697603226,80.2727432251,23517,23527,10
13.0690898895,80.2720489502,23527,23538,11
13.0683202744,80.2717285156,23538,23548,10
13.0678701401,80.2710418701,23548,23558,10
13.0673303604,80.2703933716,23558,23568,10
13.0665903091,80.2695770264,23568,23578,10
13.0664300919,80.2687225342,23578,23588,10
13.0660104752,80.2679977417,23588,23598,10
13.065489769,80.2676391602,23598,23608,10
13.0648698807,80.2675094604,23608,23618,10
13.0640602112,80.2673568726,23618,23628,10
13.0633897781,80.2672805786,23628,23644,16
13.0623998642,80.2667007446,23644,23657,13
13.0616598129,80.2657470703,23657,23667,10
13.0612096786,80.2652282715,23667,23677,10
13.0603704453,80.2654037476,23677,23687,10
13.0595903397,80.2655792236,23687,23697,10
13.0585002899,80.2654037476,23697,23707,10
13.0580501556,80.2647171021,23707,23717,10
13.0579204559,80.2637710571,23717,23727,10
13.0578403473,80.2630386353,23727,23737,10
13.0577602386,80.26222229,23737,23748,11
13.0574903488,80.2609786987,23748,23759,11
13.0571203232,80.2596969604,23759,23769,10
13.0567703247,80.2585525513,23769,23779,10
13.0566101074,80.2576675415,23779,23788,9
13.0565004349,80.25730896,23788,23799,11
13.0564603806,80.2571182251,23799,23809,10
13.0562696457,80.2564315796,23809,23819,10
13.0557498932,80.2556381226,23819,23829,10
13.0551300049,80.254737854,23829,23838,9
13.0544700623,80.2538909912,23838,23850,12
13.0535497665,80.2526168823,23850,23860,10
13.0527296066,80.2515411377,23860,23870,10
13.0518798828,80.2505111694,23870,23880,10
13.0507297516,80.2499923706,23880,23890,10
13.0494604111,80.2497634888,23890,23900,10
13.0483798981,80.2495803833,23900,23910,10
13.0475196838,80.2489013672,23910,23920,10
13.0469198227,80.2486190796,23920,23930,10
13.0468502045,80.2486190796,23930,23940,10
13.0463495255,80.2485275269,23940,23951,11
13.0454998016,80.2482833862,23951,23961,10
13.0445098877,80.2480010986,23961,23971,10
13.0433502197,80.2478179932,23971,23981,10
13.0421199799,80.2475509644,23981,23991,10
13.0408201218,80.2472763062,23991,24001,10
13.0398597717,80.2471389771,24001,24011,10
13.0391197205,80.246963501,24011,24021,10
13.0385103226,80.2468109131,24021,24031,10
13.0379199982,80.2466964722,24031,24041,10
13.0371198654,80.2465591431,24041,24052,11
13.0362300873,80.2464294434,24052,24062,10
13.0356798172,80.2462768555,24062,24072,10
13.0355997086,80.2461929321,24072,24082,10
13.0352697372,80.2460632324,24082,24092,10
13.0351800919,80.2460327148,24092,24102,10
13.034819603,80.2457427979,24102,24112,10
13.0343198776,80.2450485229,24112,24122,10
13.0337896347,80.2443466187,24122,24132,10
13.033080101,80.2434463501,24132,24142,10
13.0323295593,80.2424697876,24142,24153,11
13.0316495895,80.2412490845,24153,24163,10
13.031080246,80.2399902344,24163,24173,10
13.0305404663,80.2388763428,24173,24183,10
13.0299196243,80.2378082275,24183,24193,10
13.029299736,80.2369766235,24193,24203,10
13.0291404724,80.2368164063,24203,24213,10
13.0289497375,80.236618042,24213,24223,10
13.0284004211,80.2360076904,24223,24233,10
13.0277500153,80.2351074219,24233,24243,10
13.0270595551,80.2339401245,24243,24254,11
13.0263595581,80.232749939,24254,24264,10
13.0261096954,80.231842041,24264,24274,10
13.0258598328,80.2308731079,24274,24284,10
13.0250997543,80.2296829224,24284,24294,10
13.0244197845,80.2287826538,24294,24304,10
13.0239696503,80.2282409668,24304,24314,10
13.0236902237,80.2278900146,24314,24324,10
13.0233297348,80.2275619507,24324,24334,10
13.0232601166,80.2274780273,24334,24344,10
13.0229597092,80.2271499634,24344,24355,11
13.0222597122,80.2265014648,24355,24365,10
13.0215702057,80.2259292603,24365,24375,10
13.0209102631,80.2254180908,24375,24385,10
13.0202302933,80.2249526978,24385,24395,10
13.0198402405,80.2247009277,24395,24404,9
13.0195999146,80.2245483398,24404,24415,11
13.0186595917,80.2245407104,24415,24426,11
13.0173597336,80.2250671387,24426,24435,9
13.0163803101,80.225479126,24435,24446,11
13.0154399872,80.2258377075,24446,24457,11
13.0146198273,80.2261734009,24457,24467,10
13.0144901276,80.2262268066,24467,24477,10
13.0143604279,80.226272583,24477,24487,10
13.0137395859,80.2265014648,24487,24497,10
13.0128498077,80.2268371582,24497,24507,10
13.0117902756,80.2272872925,24507,24517,10
13.0106201172,80.2277526855,24517,24527,10
13.0095996857,80.2281570435,24527,24537,10
13.0091600418,80.2287063599,24537,24547,10
13.0089702606,80.2295684814,24547,24558,11
13.0086803436,80.231048584,24558,24568,10
13.0084400177,80.2322463989,24568,24578,10
13.008310318,80.2331695557,24578,24588,10
13.0082798004,80.2334976196,24588,24598,10
13.0082502365,80.2336196899,24598,24608,10
13.0081195831,80.2340164185,24608,24618,10
13.0079402924,80.2349014282,24618,24628,10
13.0077400208,80.2359619141,24628,24638,10
13.0075101852,80.2370986938,24638,24648,10
13.0072698593,80.2381286621,24648,24658,10
13.0071001053,80.2390213013,24658,24669,11
13.0068902969,80.2400970459,24669,24679,10
13.0067100525,80.2411575317,24679,24689,10
13.0066795349,80.2421264648,24689,24699,10
13.0066795349,80.2429275513,24699,24709,10
13.0066204071,80.2438278198,24709,24719,10
13.0066204071,80.2447891235,24719,24729,10
13.0067195892,80.2459793091,24729,24739,10
13.0067501068,80.2470169067,24739,24749,10
13.0063199997,80.2473831177,24749,24759,10
13.0061597824,80.2473907471,24759,24770,11
13.0056695938,80.2473907471,24770,24780,10
13.0046195984,80.2474365234,24780,24790,10
13.0034198761,80.2476119995,24790,24800,10
13.0023403168,80.2478103638,24800,24810,10
13.0013504028,80.2480316162,24810,24820,10
13.0001602173,80.2483291626,24820,24830,10
12.9987297058,80.2487030029,24830,24840,10
12.9970998764,80.2490997314,24840,24850,10
12.9954595566,80.2495193481,24850,24860,10
12.9939603806,80.2499237061,24860,24871,11
12.992480278,80.2502975464,24871,24881,10
12.9914703369,80.2505722046,24881,24891,10
12.9911203384,80.2506484985,24891,24901,10
12.9907598495,80.2506866455,24901,24911,10
12.989859581,80.2509078979,24911,24921,10
12.9889001846,80.251159668,24921,24931,10
12.9881896973,80.2513504028,24931,24961,30
12.9881896973,80.2513504028,24961,24972,11
12.9879102707,80.2514419556,24972,24982,10
12.9874200821,80.2515563965,24982,24992,10
12.9865703583,80.2518005371,24992,25002,10
12.9855804443,80.2520217896,25002,25012,10
12.9844703674,80.2523193359,25012,25022,10
12.9832897186,80.2526092529,25022,25032,10
12.9820699692,80.2526931763,25032,25042,10
12.9808597565,80.2527389526,25042,25052,10
12.9798603058,80.2528076172,25052,25062,10
12.9788999557,80.2526626587,25062,25073,11
12.9778995514,80.2520599365,25073,25083,10
12.9768800735,80.2513580322,25083,25093,10
12.9757299423,80.2509994507,25093,25103,10
12.9746599197,80.2506866455,25103,25113,10
12.9736700058,80.2503967285,25113,25123,10
12.9726495743,80.2501220703,25123,25133,10
12.9715003967,80.2498168945,25133,25143,10
12.9702396393,80.2494506836,25143,25153,10
12.9689702988,80.2489318848,25153,25163,10
12.9677000046,80.2484283447,25163,25174,11
12.9664897919,80.2478790283,25174,25184,10
12.9654397964,80.2474594116,25184,25194,10
12.9650497437,80.2473602295,25194,25204,10
12.9648704529,80.2472915649,25204,25214,10
12.9642000198,80.2470169067,25214,25224,10
12.9633998871,80.2466964722,25224,25234,10
12.9624204636,80.2461929321,25234,25244,10
12.961230278,80.2455978394,25244,25254,10
12.960100174,80.2451019287,25254,25264,10
12.9593696594,80.2447967529,25264,25275,11
12.959280014,80.244758606,25275,25285,10
12.9588699341,80.2445373535,25285,25295,10
12.9581203461,80.2442169189,25295,25305,10
12.9574098587,80.2439804077,25305,25315,10
12.9565696716,80.2437133789,25315,25325,10
12.9562797546,80.2435531616,25325,25335,10
12.9555597305,80.2431869507,25335,25345,10
12.9546804428,80.2428131104,25345,25355,10
12.9539804459,80.2425231934,25355,25365,10
12.95333004,80.2422332764,25365,25376,11
12.952249527,80.2418289185,25376,25386,10
12.9517297745,80.2416610718,25386,25396,10
12.9515104294,80.2416000366,25396,25406,10
12.9507703781,80.2413330078,25406,25416,10
12.9497804642,80.2410507202,25416,25426,10
12.948800087,80.2406997681,25426,25436,10
12.9477596283,80.2402496338,25436,25446,10
12.9467697144,80.2398529053,25446,25456,10
12.9457101822,80.2393875122,25456,25466,10
12.9447498322,80.2386627197,25466,25477,11
12.9437704086,80.2376098633,25477,25487,10
12.9429197311,80.2367782593,25487,25497,10
12.9417295456,80.2362976074,25497,25507,10
12.9405498505,80.2360076904,25507,25517,10
12.9398498535,80.2358093262,25517,25533,16
12.939789772,80.2357788086,25533,25545,12
12.9392995834,80.2355422974,25545,25553,8
12.9386196136,80.235206604,25553,25565,12
12.937330246,80.2345733643,25565,25575,10
12.9362602234,80.2340698242,25575,25586,11
12.9354095459,80.2336730957,25586,25595,9
12.9345903397,80.2333068848,25595,25606,11
12.9338598251,80.2329864502,25606,25616,10
12.933839798,80.2329788208,25616,25626,10
12.9336595535,80.2328872681,25626,25636,10
12.9328804016,80.2325592041,25636,25646,10
12.9317598343,80.2321395874,25646,25656,10
12.9305400848,80.2317428589,25656,25666,10
12.9294595718,80.2314910889,25666,25676,10
12.9287395477,80.231338501,25676,25687,11
12.9276504517,80.2311782837,25687,25697,10
12.9266395569,80.2310714722,25697,25707,10
12.9254798889,80.2309417725,25707,25717,10
12.9241399765,80.230796814,25717,25727,10
12.9226799011,80.2305679321,25727,25737,10
12.9211301804,80.2303314209,25737,25747,10
12.9196300507,80.230140686,25747,25757,10
12.9182500839,80.2299575806,25757,25767,10
12.9171199799,80.2298202515,25767,25777,10
12.9159603119,80.229637146,25777,25788,11
12.9145298004,80.2294387817,25788,25798,10
12.9132795334,80.2292633057,25798,25808,10
12.9118795395,80.2290725708,25808,25818,10
12.9105796814,80.2288818359,25818,25828,10
12.9089002609,80.2285995483,25828,25838,10
12.90762043,80.2284164429,25838,25848,10
12.9068498611,80.2283630371,25848,25858,10
12.9067802429,80.2283401489,25858,25868,10
12.9066400528,80.2283172607,25868,25878,10
12.9059896469,80.2282485962,25878,25889,11
12.9048404694,80.2281799316,25889,25899,10
12.9036998749,80.2281112671,25899,25909,10
12.9024295807,80.2280578613,25909,25919,10
12.9010896683,80.2279815674,25919,25969,50
12.9010896683,80.2279815674,25969,25979,10
12.9007101059,80.2279205322,25979,25995,16
12.8997001648,80.2278823853,25995,26008,13
12.8995599747,80.2278823853,26008,26018,10
12.8994398117,80.2278823853,26018,26028,10
12.8986997604,80.2278213501,26028,26038,10
12.8977203369,80.2277603149,26038,26048,10
12.8967103958,80.2277069092,26048,26058,10
12.8956003189,80.2276611328,26058,26068,10
12.8943595886,80.2276000977,26068,26078,10
12.8930797577,80.2274780273,26078,26088,10
12.8924398422,80.2274093628,26088,26099,11
12.8917198181,80.2273635864,26099,26109,10
12.8905801773,80.2273635864,26109,26130,21
12.8879098892,80.2273025513,26130,26142,12
12.8868103027,80.2271194458,26142,26152,10
12.8856401443,80.2268371582,26152,26162,10
12.8845796585,80.2267379761,26162,26172,10
12.8842697144,80.2267379761,26172,26182,10
12.8835697174,80.2267303467,26182,26192,10
12.8825397491,80.2267227173,26192,26203,11
12.8811798096,80.2267379761,26203,26213,10
12.8798599243,80.2267608643,26213,26223,10
12.8784999847,80.2268295288,26223,26233,10
12.8773202896,80.2269363403,26233,26243,10
12.8766202927,80.2269973755,26243,26253,10
12.8764896393,80.2269897461,26253,26263,10
12.8760004044,80.2269897461,26263,26273,10
12.8750896454,80.2269134521,26273,26283,10
12.8740196228,80.2267837524,26283,26293,10
12.8730802536,80.2267227173,26293,26316,23
12.872420311,80.2267227173,26316,26328,12
12.8712396622,80.2266693115,26328,26338,10
12.8699398041,80.2265625,26338,26347,9
12.8688602448,80.2264404297,26347,26359,12
12.8673801422,80.2264709473,26359,26369,10
12.8663396835,80.2265777588,26369,26379,10
12.8651103973,80.226600647,26379,26389,10
12.8636903763,80.2265625,26389,26400,11
12.8621702194,80.226600647,26400,26410,10
12.8612003326,80.2266387939,26410,26420,10
12.861000061,80.2266235352,26420,26430,10
12.8604698181,80.2265625,26430,26440,10
12.8594999313,80.2264175415,26440,26450,10
12.8587303162,80.2263183594,26450,26460,10
12.8578100204,80.2262802124,26460,26469,9
12.8566102982,80.2263793945,26469,26480,11
12.8551197052,80.2265396118,26480,26490,10
12.8537302017,80.2266921997,26490,26501,11
12.8521604538,80.2266998291,26501,26511,10
12.8509101868,80.2266464233,26511,26521,10
12.8502702713,80.2266387939,26521,26531,10
12.8500003815,80.2266311646,26531,26541,10
12.8492002487,80.226600647,26541,26551,10
12.8480701447,80.2266082764,26551,26561,10
12.8468503952,80.2266387939,26561,26571,10
12.8458595276,80.2266311646,26571,26581,10
12.8454399109,80.2266387939,26581,26591,10
12.8454198837,80.2266235352,26591,26602,11
12.8447704315,80.2266387939,26602,26612,10
12.8436803818,80.2267379761,26612,26622,10
12.84237957,80.2269668579,26622,26632,10
12.8410596848,80.2273025513,26632,26642,10
12.8401899338,80.2275390625,26642,26651,9
12.839799881,80.2276611328,26651,26661,10
12.8397502899,80.2276763916,26661,26671,10
12.8394298553,80.2277984619,26671,26682,11
12.8385601044,80.2280578613,26682,26692,10
12.8374700546,80.228302002,26692,26703,11
12.8359003067,80.2285003662,26703,26713,10
12.8343095779,80.228767395,26713,26723,10
12.8329200745,80.229019165,26723,26733,10
12.832280159,80.2291564941,26733,26753,20
12.832280159,80.2291564941,26753,26763,10
12.8320198059,80.2292022705,26763,26773,10
12.831199646,80.2294006348,26773,26783,10
12.8301401138,80.2297973633,26783,26793,10
12.8289003372,80.2303085327,26793,26804,11
12.8275604248,80.2310562134,26804,26814,10
12.8264102936,80.2313766479,26814,26824,10
12.8251304626,80.2314300537,26824,26834,10
12.8239202499,80.2312088013,26834,26844,10
12.8226003647,80.230796814,26844,26854,10
12.821269989,80.2304992676,26854,26864,10
12.8199501038,80.2305221558,26864,26874,10
12.8190097809,80.2305297852,26874,26884,10
12.8188800812,80.2305221558,26884,26894,10
12.8184900284,80.2303237915,26894,26905,11
12.8175697327,80.2298812866,26905,26915,10
12.8165302277,80.2295379639,26915,26925,10
12.8150196075,80.2293167114,26925,26935,10
12.813659668,80.2290267944,26935,26945,10
12.8123903275,80.2285995483,26945,26955,10
12.8110799789,80.2281188965,26955,26965,10
12.8099403381,80.2276382446,26965,26975,10
12.8089199066,80.2270736694,26975,26985,10
12.8079004288,80.2262268066,26985,26995,10
12.807009697,80.225479126,26995,27006,11
12.8062896729,80.2248001099,27006,27016,10
12.8056201935,80.2242584229,27016,27026,10
12.8050498962,80.2240524292,27026,27036,10
12.8050003052,80.224029541,27036,27046,10
12.8046798706,80.2239685059,27046,27056,10
12.8040304184,80.2239074707,27056,27066,10
12.8032302856,80.2238388062,27066,27076,10
12.8022499084,80.2237167358,27076,27086,10
12.8010997772,80.2236022949,27086,27096,10
12.7997903824,80.223487854,27096,27107,11
12.7982902527,80.2233581543,27107,27117,10
12.7970399857,80.2231826782,27117,27127,10
12.7960596085,80.2230300903,27127,27137,10
12.7958602905,80.2229919434,27137,27147,10
12.7956199646,80.2229309082,27147,27157,10
12.7948799133,80.2227783203,27157,27167,10
12.7938203812,80.2226104736,27167,27177,10
12.7926197052,80.2224197388,27177,27187,10
12.7913599014,80.2221298218,27187,27197,10
12.790140152,80.2218322754,27197,27207,10
12.7893400192,80.2215805054,27207,27218,11
12.7885103226,80.2212600708,27218,27228,10
12.7877702713,80.2209625244,27228,27238,10
12.7870702744,80.2207183838,27238,27248,10
12.7863998413,80.2204589844,27248,27268,20
12.7863998413,80.2204589844,27268,27278,10
12.7861795425,80.2203369141,27278,27288,10
12.7857904434,80.2201766968,27288,27298,10
12.7851800919,80.2199020386,27298,27308,10
12.7847204208,80.2196807861,27308,27319,11
12.7846403122,80.2196426392,27319,27329,10
12.7841901779,80.2193832397,27329,27339,10
12.7833499908,80.2189025879,27339,27349,10
12.7822504044,80.2182769775,27349,27359,10
12.7809801102,80.2175827026,27359,27369,10
12.7797203064,80.2169036865,27369,27379,10
12.7782897949,80.2161636353,27379,27389,10
12.7767801285,80.2154998779,27389,27399,10
12.7752399445,80.214881897,27399,27409,10
12.7737598419,80.2142791748,27409,27420,11
12.772190094,80.2136688232,27420,27430,10
12.7708501816,80.2131881714,27430,27440,10
12.7694301605,80.212677002,27440,27450,10
12.7680597305,80.2121963501,27450,27460,10
12.7668504715,80.2117614746,27460,27470,10
12.7654600143,80.2112503052,27470,27480,10
12.7640600204,80.2107391357,27480,27490,10
12.7627096176,80.2102203369,27490,27500,10
12.7614002228,80.2096481323,27500,27510,10
12.7601299286,80.2090377808,27510,27521,11
12.7586898804,80.2082214355,27521,27531,10
12.7573003769,80.2074508667,27531,27541,10
12.7559099197,80.2066802979,27541,27551,10
12.7545003891,80.2059020996,27551,27561,10
12.7531604767,80.2051773071,27561,27571,10
12.752120018,80.2046585083,27571,27581,10
12.7513599396,80.2042770386,27581,27591,10
12.7511396408,80.2041625977,27591,27601,10
12.7504901886,80.2038192749,27601,27611,10
12.7495298386,80.2033004761,27611,27622,11
12.7482795715,80.2026519775,27622,27632,10
12.7470397949,80.2020187378,27632,27642,10
12.7457895279,80.2013778687,27642,27652,10
12.7446498871,80.2006988525,27652,27662,10
12.7438097,80.1997909546,27662,27672,10
12.7429199219,80.1987533569,27672,27682,10
12.7421102524,80.1977920532,27682,27692,10
12.7414102554,80.1968231201,27692,27702,10
12.7406702042,80.1957702637,27702,27712,10
12.7398395538,80.1946334839,27712,27723,11
12.7388896942,80.1933288574,27723,27733,10
12.7380304337,80.1922988892,27733,27743,10
12.7371301651,80.19140625,27743,27753,10
12.736289978,80.1905517578,27753,27763,10
12.7354297638,80.1898269653,27763,27773,10
12.7343597412,80.1895370483,27773,27783,10
12.7332201004,80.189453125,27783,27793,10
12.7320699692,80.189239502,27793,27803,10
12.7310400009,80.1891021729,27803,27813,10
12.7303800583,80.1890487671,27813,27824,11
12.7301101685,80.1890106201,27824,27834,10
12.7298002243,80.1889724731,27834,27844,10
12.7290897369,80.188949585,27844,27854,10
12.7283296585,80.1887588501,27854,27864,10
12.7277803421,80.1885604858,27864,27874,10
12.7272701263,80.1884384155,27874,27884,10
12.7267904282,80.1883392334,27884,27894,10
12.7261800766,80.1882019043,27894,27904,10
12.7251396179,80.188041687,27904,27925,21
12.7251396179,80.188041687,27925,27935,10
12.7250003815,80.18800354,27935,27945,10
12.7245798111,80.1879119873,27945,27955,10
12.7237997055,80.1877212524,27955,27965,10
12.7229299545,80.1875,27965,27975,10
12.7223796844,80.1874389648,27975,27985,10
12.7223100662,80.1876525879,27985,27995,10
12.7223100662,80.1877288818,27995,28005,10
12.7222204208,80.1880187988,28005,28015,10
12.7220497131,80.1878204346,28015,28510,495
12.7219800949,80.1876068115,28510,29278,768
12.722240448,80.1876831055,29278,29308,30
12.722240448,80.1876831055,29308,29318,10
12.7223997116,80.1873474121,29318,29329,11
12.7226200104,80.1873779297,29329,29339,10
12.7230195999,80.1875,29339,29349,10
12.7236795425,80.1876678467,29349,29359,10
12.7241697311,80.187789917,29359,29369,10
12.7245998383,80.1878967285,29369,29389,20
12.7245998383,80.1878967285,29389,29399,10
12.7248802185,80.1879501343,29399,29409,10
12.7252597809,80.188041687,29409,29419,10
12.7258796692,80.1881408691,29419,29430,11
12.7263002396,80.1882171631,29430,29440,10
12.7267599106,80.1883087158,29440,29450,10
12.7274904251,80.1884689331,29450,29460,10
12.7282896042,80.1887130737,29460,29470,10
12.729180336,80.1889266968,29470,29480,10
12.7297697067,80.188949585,29480,29490,10
12.7298498154,80.188949585,29490,29500,10
12.7302703857,80.1890029907,29500,29510,10
12.7308797836,80.1890869141,29510,29520,10
12.7316598892,80.189163208,29520,29531,11
12.7325201035,80.1893005371,29531,29541,10
12.7333803177,80.1894226074,29541,29551,10
12.7344503403,80.1895065308,29551,29561,10
12.7355203629,80.189781189,29561,29571,10
12.736240387,80.1903533936,29571,29581,10
12.7363195419,80.1904525757,29581,29591,10
12.7364397049,80.1906433105,29591,29601,10
12.7369403839,80.1911621094,29601,29611,10
12.7377099991,80.1919326782,29611,29621,10
12.7386198044,80.1928787231,29621,29632,11
12.7395801544,80.1941680908,29632,29642,10
12.7404603958,80.1953582764,29642,29652,10
12.7412500381,80.1964492798,29652,29662,10
12.7419996262,80.197517395,29662,29672,10
12.7428798676,80.1986083984,29672,29682,10
12.7438602448,80.199760437,29682,29692,10
12.7448797226,80.2008209229,29692,29702,10
12.746219635,80.2015762329,29702,29712,10
12.7476596832,80.2023010254,29712,29722,10
12.7491397858,80.2030563354,29722,29733,11
12.7506504059,80.2038192749,29733,29743,10
12.7514200211,80.2042007446,29743,29753,10
12.7516403198,80.2043075562,29753,29763,10
12.7523202896,80.2046813965,29763,29773,10
12.7532997131,80.2052230835,29773,29783,10
12.7545204163,80.2058792114,29783,29793,10
12.7558803558,80.2066192627,29793,29803,10
12.7572603226,80.2073898315,29803,29813,10
12.7587003708,80.2081832886,29813,29823,10
12.7599201202,80.2088088989,29823,29833,10
12.7602901459,80.2089996338,29833,29844,11
12.7606801987,80.2092208862,29844,29854,10
12.761469841,80.2096099854,29854,29864,10
12.7624797821,80.210067749,29864,29874,10
12.7636899948,80.2105407715,29874,29884,10
12.7650203705,80.2110366821,29884,29894,10
12.7664003372,80.2115402222,29894,29904,10
12.7678604126,80.2120666504,29904,29920,16
12.7700195313,80.212852478,29920,29932,12
12.7710695267,80.213180542,29932,29942,10
12.7711801529,80.213218689,29942,29953,11
12.7716798782,80.2134094238,29953,29963,10
12.7725496292,80.2137374878,29963,29973,10
12.7736597061,80.2141723633,29973,29983,10
12.7748603821,80.2146377563,29983,29993,10
12.7760801315,80.215133667,29993,30003,10
12.7774000168,80.2156677246,30003,30014,11
12.7788000107,80.2163085938,30014,30024,10
12.7799797058,80.2169418335,30024,30034,10
12.7812204361,80.2176132202,30034,30045,11
12.782500267,80.2183227539,30045,30055,10
12.7834701538,80.2188568115,30055,30065,10
12.7843399048,80.2193527222,30065,30075,10
12.7850503922,80.2197418213,30075,30085,10
12.7856903076,80.2200698853,30085,30095,10
12.7859802246,80.2202072144,30095,30105,10
12.7861299515,80.2202835083,30105,30115,10
12.7863197327,80.2203521729,30115,30125,10
12.7864999771,80.220413208,30125,30146,21
12.7864999771,80.220413208,30146,30156,10
12.7867002487,80.2205276489,30156,30166,10
12.7868499756,80.2205810547,30166,30176,10
12.7873096466,80.2207489014,30176,30186,10
12.7880001068,80.220993042,30186,30196,10
12.7887401581,80.221282959,30196,30206,10
12.7894802094,80.2215499878,30206,30216,10
12.7901601791,80.2217712402,30216,30226,10
12.7911195755,80.2220001221,30226,30236,10
12.7923002243,80.2222900391,30236,30246,10
12.7936201096,80.2225189209,30246,30257,11
12.794960022,80.2227172852,30257,30267,10
12.7959699631,80.2228775024,30267,30277,10
12.7964496613,80.2229385376,30277,30287,10
12.7965202332,80.2229614258,30287,30297,10
12.7970695496,80.2230606079,30297,30307,10
12.7979602814,80.2232208252,30307,30316,9
12.7988901138,80.2233200073,30316,30327,11
12.8001298904,80.2234420776,30327,30337,10
12.8011598587,80.2235183716,30337,30348,11
12.8015403748,80.2235565186,30348,30358,10
12.8019199371,80.2236175537,30358,30368,10
12.8026599884,80.2237091064,30368,30378,10
12.8032503128,80.2237930298,30378,30388,10
12.8040399551,80.2238616943,30388,30398,10
12.8048200607,80.2239227295,30398,30408,10
12.8054704666,80.2240600586,30408,30418,10
12.8056201935,80.2241210938,30418,30428,10
12.8057804108,80.2242584229,30428,30438,10
12.8063097,80.2247085571,30438,30449,11
12.8070898056,80.225402832,30449,30459,10
12.8079204559,80.2260971069,30459,30469,10
12.8088703156,80.2268981934,30469,30479,10
12.8111696243,80.2280883789,30479,30489,10
12.8111696243,80.2280883789,30489,30499,10
12.8125495911,80.2285919189,30499,30509,10
12.81346035,80.2288894653,30509,30519,10
12.8143997192,80.2291717529,30519,30529,10
12.8155899048,80.229347229,30529,30539,10
12.8168401718,80.2295532227,30539,30549,10
12.8179197311,80.2299575806,30549,30560,11
12.8188695908,80.2304000854,30560,30570,10
12.8197603226,80.23046875,30570,30580,10
12.8208799362,80.2304382324,30580,30590,10
12.8221502304,80.2305831909,30590,30600,10
12.823340416,80.2309265137,30600,30610,10
12.8244800568,80.2312164307,30610,30620,10
12.8257198334,80.2313613892,30620,30630,10
12.8270101547,80.2312316895,30630,30640,10
12.8281698227,80.2306671143,30640,30650,10
12.8293399811,80.2300491333,30650,30669,19
12.8309602737,80.229347229,30669,30681,12
12.8311500549,80.2292709351,30681,30691,10
12.8315095901,80.2291564941,30691,30701,10
12.8319396973,80.2290496826,30701,30711,10
12.8327798843,80.2288970947,30711,30721,10
12.8339500427,80.2287063599,30721,30731,10
12.8352203369,80.2285079956,30731,30742,11
12.8367996216,80.2282791138,30742,30751,9
12.8380804062,80.2280578613,30751,30762,11
12.8391304016,80.2277984619,30762,30772,10
12.8394899368,80.227722168,30772,30782,10
12.8396701813,80.2276535034,30782,30792,10
12.8403100967,80.2274703979,30792,30802,10
12.8412799835,80.2272109985,30802,30812,10
12.8427400589,80.226852417,30812,30822,10
12.844039917,80.2266387939,30822,30832,10
12.8451004028,80.2265472412,30832,30842,10
12.8455600739,80.2264862061,30842,30852,10
12.8456802368,80.2265014648,30852,30863,11
12.8460102081,80.2265090942,30863,30873,10
12.8465900421,80.2265319824,30873,30883,10
12.8475999832,80.2265167236,30883,30893,10
12.8488502502,80.2265167236,30893,30903,10
12.8502197266,80.2265167236,30903,30913,10
12.8516702652,80.2265396118,30913,30923,10
12.8530902863,80.2266082764,30923,30933,10
12.8546495438,80.2265014648,30933,30943,10
12.8562002182,80.2263183594,30943,30953,10
12.8575601578,80.2261810303,30953,30964,11
12.8586902618,80.2261810303,30964,30974,10
12.8598804474,80.226348877,30974,30990,16
12.8619403839,80.2265014648,30990,31002,12
12.8637199402,80.2264633179,31002,31012,10
12.864979744,80.2265014648,31012,31022,10
12.8666400909,80.2264480591,31022,31032,10
12.8678598404,80.2263412476,31032,31042,10
12.8693799973,80.2263870239,31042,31052,10
12.8707304001,80.2265396118,31052,31063,11
12.8719701767,80.226600647,31063,31073,10
12.872759819,80.2266235352,31073,31083,10
12.8737602234,80.2266616821,31083,31093,10
12.8750295639,80.2268218994,31093,31103,10
12.8762702942,80.226890564,31103,31113,10
12.8767795563,80.226852417,31113,31123,10
12.8769197464,80.2268371582,31123,31133,10
12.8776302338,80.2267837524,31133,31143,10
12.8786897659,80.2267227173,31143,31153,10
12.8798599243,80.2266693115,31153,31164,11
12.8812503815,80.2266387939,31164,31174,10
12.8826303482,80.2266387939,31174,31184,10
12.8839597702,80.2266235352,31184,31194,10
12.8851995468,80.2266235352,31194,31214,20
12.8851995468,80.2266235352,31214,31224,10
12.8856601715,80.2267074585,31224,31234,10
12.8865995407,80.2269592285,31234,31244,10
12.8877096176,80.2271881104,31244,31254,10
12.8890104294,80.2272872925,31254,31265,11
12.8906297684,80.2273025513,31265,31275,10
12.8917999268,80.2272796631,31275,31285,10
12.8923397064,80.2272567749,31285,31295,10
12.892490387,80.2272720337,31295,31305,10
12.8930196762,80.2273483276,31305,31315,10
12.8938798904,80.2274627686,31315,31325,10
12.8949203491,80.2275390625,31325,31335,10
12.8961000443,80.2276000977,31335,31345,10
12.8974199295,80.2276611328,31345,31355,10
12.8987598419,80.2277526855,31355,31366,11
12.8999700546,80.2277984619,31366,31376,10
12.9006004333,80.2277984619,31376,31396,20
12.9006004333,80.2277984619,31396,31406,10
12.9009895325,80.2278366089,31406,31416,10
12.901550293,80.2279205322,31416,31426,10
12.9023199081,80.2279205322,31426,31436,10
12.9029102325,80.2279434204,31436,31446,10
12.9029302597,80.2279434204,31446,31456,10
12.9032201767,80.2279968262,31456,31467,11
12.9041795731,80.2280426025,31467,31477,10
12.9052801132,80.2281036377,31477,31487,10
12.9062099457,80.2281188965,31487,31497,10
12.9068098068,80.2281723022,31497,31507,10
12.9075498581,80.2282791138,31507,31517,10
12.908539772,80.2284622192,31517,31527,10
12.9094400406,80.2286071777,31527,31537,10
12.9109296799,80.228843689,31537,31547,10
12.9122600555,80.2290420532,31547,31557,10
12.913479805,80.2291870117,31557,31568,11
12.9140701294,80.2292633057,31568,31578,10
12.9141197205,80.2292633057,31578,31588,10
12.9147195816,80.2293624878,31588,31598,10
12.9156904221,80.2295227051,31598,31608,10
12.9169397354,80.2296905518,31608,31618,10
12.9183502197,80.229888916,31618,31628,10
12.9198598862,80.2300872803,31628,31638,10
12.9214801788,80.2302932739,31638,31648,10
12.9229402542,80.2305221558,31648,31658,10
12.924200058,80.2306900024,31658,31668,10
12.9253797531,80.2308273315,31668,31679,11
12.9263801575,80.2309188843,31679,31689,10
12.9264802933,80.2309188843,31689,31699,10
12.9270200729,80.2309875488,31699,31709,10
12.9280004501,80.2311172485,31709,31719,10
12.9290800095,80.2312927246,31719,31729,10
12.9303398132,80.2315673828,31729,31738,9
12.9315900803,80.2319564819,31738,31749,11
12.9329004288,80.2323913574,31749,31759,10
12.9335002899,80.2326431274,31759,31769,10
12.9335203171,80.2326507568,31769,31780,11
12.9336395264,80.2327194214,31780,31790,10
12.9342403412,80.2330169678,31790,31800,10
12.9352197647,80.2334518433,31800,31810,10
12.9357795715,80.2337188721,31810,31820,10
12.93612957,80.2338790894,31820,31830,10
12.9369497299,80.2342681885,31830,31840,10
12.9379997253,80.2347793579,31840,31850,10
12.9391002655,80.2352981567,31850,31860,10
12.9397296906,80.2356109619,31860,31870,10
12.9397497177,80.2356109619,31870,31881,11
12.9401903152,80.2358016968,31881,31891,10
12.9411001205,80.2360610962,31891,31907,16
12.9429998398,80.2367019653,31907,31919,12
12.9441299438,80.2378311157,31919,31928,9
12.9449901581,80.2387619019,31928,31939,11
12.9460897446,80.2394790649,31939,31949,10
12.9472999573,80.2399368286,31949,31969,20
12.9472999573,80.2399368286,31969,31979,10
12.9476203918,80.2400588989,31979,31990,11
12.9483995438,80.2403869629,31990,32000,10
12.9492197037,80.240737915,32000,32010,10
12.9500999451,80.2410202026,32010,32020,10
12.9506196976,80.2411499023,32020,32030,10
12.9508895874,80.2412109375,32030,32040,10
12.9509897232,80.2412719727,32040,32050,10
12.951499939,80.2414779663,32050,32060,10
12.9521398544,80.2417221069,32060,32070,10
12.9528999329,80.2419891357,32070,32081,11
12.9536504745,80.2422790527,32081,32091,10
12.9539604187,80.2424087524,32091,32101,10
12.954580307,80.2426834106,32101,32111,10
12.9553804398,80.2429962158,32111,32121,10
12.9561395645,80.2432785034,32121,32131,10
12.9563999176,80.2434005737,32131,32141,10
12.9570102692,80.243637085,32141,32151,10
12.9580402374,80.2440414429,32151,32161,10
12.9588899612,80.244392395,32161,32171,10
12.9589796066,80.244430542,32171,32182,11
12.9593696594,80.2446517944,32182,32192,10
12.9602298737,80.2450408936,32192,32202,10
12.9613399506,80.2455368042,32202,32212,10
12.9624004364,80.2460632324,32212,32222,10
12.963139534,80.2463989258,32222,32232,10
12.963350296,80.2464981079,32232,32242,10
12.9638299942,80.2467498779,32242,32252,10
12.9644699097,80.2469787598,32252,32262,10
12.9652996063,80.2472763062,32262,32272,10
12.9665298462,80.247718811,32272,32293,21
12.9665298462,80.247718811,32293,32303,10
12.9669504166,80.2479629517,32303,32313,10
12.9677801132,80.2483825684,32313,32323,10
12.9689903259,80.2488632202,32323,32333,10
12.970199585,80.2493286133,32333,32343,10
12.9712696075,80.2496871948,32343,32353,10
12.9725599289,80.2500305176,32353,32363,10
12.9737596512,80.2503509521,32363,32373,10
12.9749898911,80.2507019043,32373,32383,10
12.9762401581,80.2510528564,32383,32394,11
12.9773702621,80.2514572144,32394,32404,10
12.9781904221,80.2520828247,32404,32414,10
12.9785299301,80.2522964478,32414,32424,10
12.9785995483,80.2523880005,32424,32434,10
12.9792404175,80.252571106,32434,32444,10
12.9801797867,80.2526473999,32444,32454,10
12.9810199738,80.2526321411,32454,32464,10
12.9817800522,80.2526092529,32464,32474,10
12.9826898575,80.2525787354,32474,32484,10
12.9835195541,80.2524795532,32484,32495,11
12.9844703674,80.2522125244,32495,32505,10
12.9854402542,80.2519378662,32505,32515,10
12.9862003326,80.2517318726,32515,32525,10
12.9868001938,80.2515487671,32525,32545,20
12.9868001938,80.2515487671,32545,32555,10
12.9871301651,80.2514572144,32555,32565,10
12.9874095917,80.251373291,32565,32575,10
12.9878797531,80.2512588501,32575,32585,10
12.988699913,80.2510681152,32585,32596,11
12.9895401001,80.2508163452,32596,32605,9
12.9896202087,80.2508010864,32605,32617,12
12.9903001785,80.2506484985,32617,32627,10
12.9911804199,80.2504425049,32627,32637,10
12.9922704697,80.2501678467,32637,32647,10
12.9932603836,80.2499237061,32647,32657,10
12.9948196411,80.2495498657,32657,32667,10
12.9962100983,80.2491989136,32667,32677,10
12.9977397919,80.2488098145,32677,32687,10
12.9993600845,80.2484130859,32687,32698,11
13.0010004044,80.2480010986,32698,32708,10
13.0021696091,80.2477111816,32708,32718,10
13.0031700134,80.2474975586,32718,32727,9
13.004240036,80.2473373413,32727,32738,11
13.0054597855,80.2471618652,32738,32748,10
13.0062599182,80.2468414307,32748,32758,10
13.0065097809,80.2465209961,32758,32768,10
13.0065803528,80.2463912964,32768,32778,10
13.0066604614,80.2460479736,32778,32788,10
13.006649971,80.2453765869,32788,32799,11
13.0066003799,80.2446594238,32799,32809,10
13.0066003799,80.2438735962,32809,32819,10
13.0065803528,80.2432022095,32819,32829,10
13.0065202713,80.2423324585,32829,32839,10
13.0065603256,80.2412796021,32839,32849,10
13.0066995621,80.2404632568,32849,32868,19
13.0066995621,80.2404632568,32868,32879,11
13.0068502426,80.2398071289,32879,32889,10
13.0070199966,80.2389831543,32889,32900,11
13.0072002411,80.2379226685,32900,32910,10
13.0073299408,80.237197876,32910,32920,10
13.0073900223,80.2367935181,32920,32930,10
13.0075502396,80.2362594604,32930,32940,10
13.0076799393,80.2354507446,32940,32950,10
13.0078201294,80.2346420288,32950,32960,10
13.0081195831,80.2334518433,32960,32970,10
13.0083198547,80.2322235107,32970,32980,10
13.0084600449,80.2310180664,32980,32990,10
13.0087499619,80.229850769,32990,33001,11
13.009059906,80.2284393311,33001,33011,10
13.0095500946,80.2273025513,33011,33021,10
13.0100698471,80.2262268066,33021,33031,10
13.0104904175,80.225479126,33031,33041,10
13.0108604431,80.2247085571,33041,33051,10
13.0112304688,80.2238235474,33051,33061,10
13.0115499496,80.2230911255,33061,33071,10
13.0118198395,80.2222824097,33071,33081,10
13.0122404099,80.2215194702,33081,33091,10
13.0125198364,80.2217636108,33091,33102,11
13.0129995346,80.2223815918,33102,33112,10
13.0135698318,80.2230072021,33112,33122,10
13.0141000748,80.2234420776,33122,33132,10
13.0143003464,80.2236785889,33132,33142,10
13.0147199631,80.2241897583,33142,33152,10
13.0149898529,80.2245330811,33152,33162,10
13.0150899887,80.2246398926,33162,33172,10
13.0153999329,80.2248687744,33172,33203,31
13.0153999329,80.2248687744,33203,33213,10
13.0157003403,80.2251205444,33213,33223,10
13.0159702301,80.2252731323,33223,33233,10
13.0163803101,80.2253036499,33233,33243,10
13.0169696808,80.2251281738,33243,33253,10
13.0177202225,80.2248382568,33253,33263,10
13.0185499191,80.2245178223,33263,33273,10
13.0193500519,80.2243804932,33273,33283,10
13.0201396942,80.2248001099,33283,33293,10
13.0209102631,80.2253494263,33293,33303,10
13.0215797424,80.2258605957,33303,33314,11
13.0221700668,80.2263031006,33314,33324,10
13.0225000381,80.2265777588,33324,33334,10
13.0225095749,80.2265930176,33334,33344,10
13.0227603912,80.2268371582,33344,33354,10
13.0233201981,80.2273712158,33354,33364,10
13.0239896774,80.2280197144,33364,33374,10
13.0243501663,80.2284393311,33374,33384,10
13.0243501663,80.2284469604,33384,33394,10
13.0244197845,80.2285308838,33394,33404,10
13.0247001648,80.2289505005,33404,33415,11
13.0252599716,80.2297210693,33415,33425,10
13.0257997513,80.2306518555,33425,33435,10
13.026049614,80.2313308716,33435,33465,30
13.026049614,80.2313308716,33465,33475,10
13.0261297226,80.2317276001,33475,33485,10
13.0263500214,80.2324523926,33485,33495,10
13.0265302658,80.2328720093,33495,33505,10
13.0266304016,80.2330780029,33505,33516,11
13.0270700455,80.2338104248,33516,33526,10
13.027680397,80.2348403931,33526,33536,10
13.0284099579,80.2359008789,33536,33546,10
13.0292797089,80.236831665,33546,33556,10
13.02987957,80.2376174927,33556,33566,10
13.0304803848,80.238609314,33566,33576,10
13.03083992,80.2392501831,33576,33586,10
13.0310697556,80.2395935059,33586,33606,20
13.0310697556,80.2395935059,33606,33617,11
13.0311803818,80.2398300171,33617,33627,10
13.0313396454,80.2401275635,33627,33637,10
13.0314102173,80.2407608032,33637,33647,10
13.0317201614,80.2413787842,33647,33657,10
13.031920433,80.2417984009,33657,33667,10
13.0322599411,80.2422714233,33667,33677,10
13.0328903198,80.2430877686,33677,33687,10
13.0334501266,80.2438735962,33687,33697,10
13.0339899063,80.2446212769,33697,33707,10
13.034620285,80.2453689575,33707,33718,11
13.0352201462,80.2459182739,33718,33728,10
13.0356903076,80.2460784912,33728,33738,10
13.0358104706,80.2461395264,33738,33748,10
13.0361700058,80.2463226318,33748,33758,10
13.0368795395,80.2464599609,33758,33768,10
13.0374698639,80.246383667,33768,33778,10
13.0380496979,80.2464904785,33778,33788,10
13.0388202667,80.246711731,33788,33798,10
13.0395698547,80.2469024658,33798,33808,10
13.0405197144,80.2470703125,33808,33819,11
13.0416097641,80.2472915649,33819,33829,10
13.0422897339,80.2473068237,33829,33839,10
13.0429296494,80.2475204468,33839,33849,10
13.043589592,80.2477264404,33849,33859,10
13.0441598892,80.2477111816,33859,33869,10
13.0448198318,80.2478790283,33869,33879,10
13.0452604294,80.2481384277,33879,33889,10
13.0458602905,80.2484207153,33889,33899,10
13.0465898514,80.2484130859,33899,33909,10
13.0470104218,80.2483520508,33909,33926,17
13.0471096039,80.2483978271,33926,33938,12
13.0475702286,80.2488098145,33938,33948,10
13.0479602814,80.2492218018,33948,33958,10
13.0483398438,80.2496185303,33958,33967,9
13.0487203598,80.2497024536,33967,33978,11
13.0496101379,80.2498016357,33978,33988,10
13.0505199432,80.2499771118,33988,33998,10
13.0514802933,80.2502365112,33998,34008,10
13.0522603989,80.2508392334,34008,34019,11
13.0530004501,80.2518234253,34019,34029,10
13.0536298752,80.2526779175,34029,34039,10
13.0542201996,80.2535171509,34039,34049,10
13.0548496246,80.2543411255,34049,34059,10
13.0553302765,80.2550201416,34059,34069,10
13.0557804108,80.2556686401,34069,34079,10
13.0563602448,80.256401062,34079,34088,9
13.0569400787,80.256942749,34088,34099,11
13.0577802658,80.2576904297,34099,34109,10
13.0583400726,80.2584381104,34109,34119,10
13.0589895248,80.2592086792,34119,34130,11
13.0596399307,80.260093689,34130,34140,10
13.060210228,80.2605895996,34140,34150,10
13.0606603622,80.2611465454,34150,34160,10
13.0607404709,80.2613067627,34160,34170,10
13.060959816,80.2616577148,34170,34180,10
13.0614004135,80.2621765137,34180,34188,8
13.0618400574,80.2627487183,34188,34200,12
13.0626497269,80.2637405396,34200,34210,10
13.0633897781,80.2646179199,34210,34220,10
13.06387043,80.2653808594,34220,34231,11
13.0643901825,80.2660522461,34231,34241,10
13.0648202896,80.2665634155,34241,34251,10
13.0650997162,80.2668991089,34251,34262,11
13.0656099319,80.2672424316,34262,34272,10
13.0658998489,80.2676086426,34272,34282,10
13.0661497116,80.2680435181,34282,34292,10
13.0664596558,80.2683486938,34292,34302,10
13.0668802261,80.2685775757,34302,34312,10
13.0675401688,80.268951416,34312,34322,10
13.0682001114,80.2693405151,34322,34333,11
13.0683403015,80.2696990967,34333,34343,10
13.0682096481,80.2703475952,34343,34353,10
13.0680999756,80.2714767456,34353,34381,28
13.0680999756,80.2714767456,34381,34391,10
13.0683603287,80.2716369629,34391,34401,10
13.0689496994,80.2719421387,34401,34411,10
13.0694799423,80.2723693848,34411,34421,10
13.0700502396,80.2729873657,34421,34432,11
13.0705404282,80.2736434937,34432,34442,10
13.0707998276,80.2739334106,34442,34452,10
13.0712795258,80.2741012573,34452,34482,30
13.0712795258,80.2741012573,34482,34492,10
13.0715303421,80.2741394043,34492,34502,10
13.0720996857,80.2746429443,34502,34512,10
13.0727596283,80.2753677368,34512,34522,10
13.0733995438,80.2760772705,34522,34533,11
13.0743198395,80.2763214111,34533,34543,10
13.0752096176,80.276260376,34543,34553,10
13.0755500793,80.2762374878,34553,34563,10
13.076089859,80.2762527466,34563,34573,10
13.0767803192,80.2762298584,34573,34583,10
13.0775003433,80.2761688232,34583,34593,10
13.0781602859,80.2758789063,34593,34603,10
13.0785398483,80.2751693726,34603,34613,10
13.0793304443,80.2751922607,34613,34623,10
13.0802602768,80.2752227783,34623,34634,11
13.0811595917,80.2751235962,34634,34644,10
13.0815200806,80.2750778198,34644,34654,10
13.0816202164,80.275062561,34654,34664,10
13.0820102692,80.2752075195,34664,34775,111
13.0820102692,80.2752075195,34775,34785,10
13.0821695328,80.2754974365,34785,35876,1091
13.0820503235,80.2758636475,35876,36795,919
13.0820503235,80.2758636475,36795,36805,10
13.0820798874,80.2759933472,36805,36815,10
13.0819301605,80.2760467529,36815,36825,10
13.0818595886,80.2760925293,36825,36835,10
13.0818796158,80.2764587402,36835,36845,10
13.0819501877,80.2771377563,36845,36855,10
13.0820999146,80.2778091431,36855,36865,10
13.0825195313,80.277961731,36865,36876,11
13.0831604004,80.2780380249,36876,36886,10
13.0833396912,80.2780532837,36886,36896,10
13.0834598541,80.2782669067,36896,36906,10
13.0835599899,80.2787780762,36906,36916,10
13.0830802917,80.2788391113,36916,36926,10
13.0824699402,80.2785568237,36926,36977,51
13.0824699402,80.2785568237,36977,36987,10
13.0821895599,80.2784423828,36987,36997,10
13.0819797516,80.2780685425,36997,37007,10
13.0818595886,80.2773208618,37007,37017,10
13.0817804337,80.2764511108,37017,37027,10
13.0815896988,80.2758026123,37027,37078,51
13.0815896988,80.2758026123,37078,37088,10
13.0815296173,80.2753829956,37088,37098,10
13.0815200806,80.2753372192,37098,37108,10
13.0812997818,80.2751693726,37108,37118,10
13.0808401108,80.2752532959,37118,37128,10
13.0802698135,80.2753219604,37128,37138,10
13.0797796249,80.2753601074,37138,37148,10
13.0791501999,80.2752609253,37148,37158,10
13.0784196854,80.2753677368,37158,37168,10
13.0780200958,80.2761611938,37168,37179,11
13.0770702362,80.276260376,37179,37189,10
13.0764303207,80.2762680054,37189,37199,10
13.0754699707,80.2763214111,37199,37209,10
13.0744495392,80.2763824463,37209,37219,10
13.0738201141,80.2764816284,37219,37229,10
13.0733604431,80.276222229,37229,37239,10
13.0727396011,80.2755203247,37239,37249,10
13.0720701218,80.2748184204,37249,37259,10
13.0715303421,80.2744903564,37259,37269,10
13.0709104538,80.2744216919,37269,37279,10
13.0706300735,80.2741622925,37279,37290,11
13.0704698563,80.2737731934,37290,37300,10
13.0702800751,80.2734375,37300,37310,10
13.069849968,80.2729568481,37310,37320,10
13.0692396164,80.2722930908,37320,37330,10
13.0684995651,80.2719421387,37330,37340,10
13.0680999756,80.2714614868,37340,37350,10
13.0677499771,80.270942688,37350,37360,10
13.0671796799,80.2703704834,37360,37370,10
13.0666503906,80.2698135376,37370,37380,10
13.0665502548,80.2693023682,37380,37391,11
13.0664396286,80.2685699463,37391,37401,10
13.0659503937,80.2679214478,37401,37411,10
13.0653095245,80.2676391602,37411,37421,10
13.0650901794,80.2675933838,37421,37431,10
13.0646800995,80.2675170898,37431,37441,10
13.0639801025,80.2673492432,37441,37450,9
13.0632400513,80.2672195435,37450,37461,11
13.0625801086,80.2669296265,37461,37470,9
13.0621404648,80.2664413452,37470,37481,11
13.0615196228,80.2656402588,37481,37492,11
13.0609502792,80.2652282715,37492,37502,10
13.060379982,80.2654571533,37502,37512,10
13.0597000122,80.2656173706,37512,37522,10
13.0589199066,80.2655029297,37522,37532,10
13.0582103729,80.2652511597,37532,37542,10
13.0580301285,80.2644577026,37542,37552,10
13.057849884,80.263458252,37552,37562,10
13.0577297211,80.2624130249,37562,37572,10
13.057559967,80.2613830566,37572,37582,10
13.0573101044,80.2603988647,37582,37593,11
13.0569801331,80.2593612671,37593,37603,10
13.0566701889,80.2584609985,37603,37613,10
13.0565795898,80.2579498291,37613,37623,10
13.0565595627,80.2576293945,37623,37633,10
13.056520462,80.2574768066,37633,37643,10
13.0564899445,80.2573013306,37643,37653,10
13.0564203262,80.2570114136,37653,37663,10
13.0564002991,80.2569580078,37663,37673,10
13.0563297272,80.2567367554,37673,37683,10
13.0562496185,80.2564620972,37683,37694,11
13.0559902191,80.2560806274,37694,37704,10
13.0556402206,80.2555999756,37704,37714,10
13.055100441,80.2548370361,37714,37724,10
13.0545101166,80.2540512085,37724,37734,10
13.053899765,80.2532424927,37734,37744,10
13.0533599854,80.2524795532,37744,37755,11
13.0527496338,80.2516708374,37755,37766,11
13.0521802902,80.2508621216,37766,37776,10
13.0514602661,80.2502288818,37776,37786,10
13.0504703522,80.2499389648,37786,37796,10
13.049369812,80.2497711182,37796,37807,11
13.0485696793,80.249671936,37807,37817,10
13.0478096008,80.249168396,37817,37827,10
13.0472002029,80.2487030029,37827,37837,10
13.0470600128,80.248626709,37837,37847,10
13.046620369,80.248550415,37847,37857,10
13.0460100174,80.2484207153,37857,37867,10
13.045419693,80.2482376099,37867,37877,10
13.0448799133,80.2480697632,37877,37887,10
13.0440397263,80.2479400635,37887,37898,11
13.0431499481,80.2478179932,37898,37908,10
13.0423402786,80.2476806641,37908,37918,10
13.0414896011,80.2474594116,37918,37928,10
13.0405101776,80.2472763062,37928,37938,10
13.0400400162,80.2472000122,37938,37948,10
13.0396499634,80.2470779419,37948,37958,10
13.0393104553,80.2470016479,37958,37968,10
13.0388898849,80.2469787598,37968,37978,10
13.038359642,80.2468490601,37978,37988,10
13.0377597809,80.2467193604,37988,37998,10
13.0369997025,80.2465591431,37998,38009,11
13.0361995697,80.2464065552,38009,38019,10
13.0358104706,80.2463302612,38019,38029,10
13.0355501175,80.2461929321,38029,38039,10
13.0352296829,80.2460784912,38039,38049,10
13.0352201462,80.2460784912,38049,38059,10
13.0348796844,80.2458496094,38059,38069,10
13.0344896317,80.2452316284,38069,38079,10
13.0339803696,80.2446365356,38079,38089,10
13.033370018,80.2439498901,38089,38099,10
13.0326700211,80.2430496216,38099,38110,11
13.0321102142,80.2422637939,38110,38120,10
13.0317802429,80.2416381836,38120,38130,10
13.0313997269,80.2408828735,38130,38140,10
13.0310697556,80.2401199341,38140,38241,101
13.0310697556,80.2401199341,38241,38251,10
13.0308198929,80.239616394,38251,38261,10
13.0305204391,80.2390289307,38261,38271,10
13.0300397873,80.2380981445,38271,38281,10
13.0293903351,80.2371292114,38281,38291,10
13.028550148,80.2361984253,38291,38301,10
13.0277700424,80.2352523804,38301,38312,11
13.0271196365,80.23412323,38312,38322,10
13.0266895294,80.2334594727,38322,38332,10
13.0264902115,80.2331314087,38332,38342,10
13.0262098312,80.2325286865,38342,38352,10
13.0260295868,80.231880188,38352,38362,10
13.0258398056,80.2312088013,38362,38372,10
13.0254497528,80.2302703857,38372,38382,10
13.0249204636,80.2295074463,38382,38392,10
13.0246601105,80.2292098999,38392,38402,10
13.0245599747,80.2290725708,38402,38413,11
13.0242595673,80.2286529541,38413,38423,10
13.0238304138,80.2281265259,38423,38433,10
13.0234603882,80.227722168,38433,38443,10
13.0233602524,80.2276229858,38443,38453,10
13.0232696533,80.2275466919,38453,38463,10
13.0230503082,80.2273330688,38463,38473,10
13.0225696564,80.2268829346,38473,38483,10
13.0219402313,80.2263183594,38483,38493,10
13.0212097168,80.225769043,38493,38503,10
13.0204801559,80.2252197266,38503,38513,10
13.0199604034,80.224861145,38513,38524,11
13.0193996429,80.2245483398,38524,38534,10
13.0185699463,80.2245864868,38534,38544,10
13.0177898407,80.224937439,38544,38554,10
13.0169696808,80.2252883911,38554,38564,10
13.0165300369,80.225479126,38564,38573,9
13.0163803101,80.2255172729,38573,38584,11
13.0161104202,80.2256317139,38584,38594,10
13.0157699585,80.2257080078,38594,38604,10
13.0154495239,80.2258377075,38604,38614,10
13.0153102875,80.2259216309,38614,38625,11
13.0151700974,80.2259902954,38625,38635,10
13.014960289,80.2260665894,38635,38645,10
13.014960289,80.2260818481,38645,38655,10
13.0145101547,80.2262573242,38655,38685,30
13.0145101547,80.2262573242,38685,38695,10
13.0141201019,80.2263793945,38695,38705,10
13.0135402679,80.226600647,38705,38715,10
13.0127801895,80.2268600464,38715,38726,11
13.011759758,80.2273178101,38726,38736,10
13.0107803345,80.2277069092,38736,38746,10
13.0099401474,80.2280502319,38746,38756,10
13.0094404221,80.2282562256,38756,38766,10
13.0091295242,80.2288208008,38766,38776,10
13.0088996887,80.2299118042,38776,38786,10
13.0086402893,80.2310562134,38786,38796,10
13.0084400177,80.2322998047,38796,38806,10
13.0083198547,80.2333831787,38806,38816,10
13.0082597733,80.233581543,38816,38827,11
13.0081796646,80.2338180542,38827,38837,10
13.0080795288,80.234413147,38837,38847,10
13.0079298019,80.2350006104,38847,38857,10
13.007900238,80.2350769043,38857,38867,10
13.007809639,80.2355422974,38867,38877,10
13.0076303482,80.2363891602,38877,38887,10
13.0074300766,80.2374191284,38887,38897,10
13.0072698593,80.2383575439,38897,38907,10
13.0071401596,80.2391433716,38907,38917,10
13.0069599152,80.239982605,38917,38938,21
13.0069599152,80.239982605,38938,38948,10
13.0069303513,80.2402572632,38948,38958,10
13.0067901611,80.2407302856,38958,38968,10
13.0067195892,80.2413864136,38968,38978,10
13.0066995621,80.2422485352,38978,38988,10
13.0066699982,80.2431793213,38988,38998,10
13.0067195892,80.2439117432,38998,39008,10
13.0066995621,80.2449798584,39008,39018,10
13.0067100525,80.2457199097,39018,39029,11
13.0067100525,80.2465362549,39029,39039,10
13.0065603256,80.2472686768,39039,39049,10
13.0060901642,80.2473526001,39049,39059,10
13.0058603287,80.2473373413,39059,39069,10
13.0051698685,80.2473297119,39069,39079,10
13.0041799545,80.2474594116,39079,39089,10
13.003080368,80.2476425171,39089,39099,10
13.0020599365,80.2478637695,39099,39109,10
13.0008296967,80.2481613159,39109,39119,10
12.9994697571,80.2484893799,39119,39130,11
12.9979295731,80.248878479,39130,39140,10
12.996430397,80.2492370605,39140,39150,10
12.9949703217,80.2496414185,39150,39159,9
12.9936504364,80.2499923706,39159,39170,11
12.9921598434,80.2503585815,39170,39180,10
12.9913196564,80.250617981,39180,39190,10
12.9910202026,80.2506790161,39190,39200,10
12.9905500412,80.2507781982,39200,39210,10
12.9897203445,80.2509994507,39210,39220,10
12.9888601303,80.2511978149,39220,39230,10
12.9880895615,80.251411438,39230,39311,81
12.9880895615,80.251411438,39311,39321,10
12.9880199432,80.2514572144,39321,39331,10
12.9876403809,80.2515411377,39331,39342,11
12.9868602753,80.251739502,39342,39352,10
12.9860696793,80.2519226074,39352,39362,10
12.9850101471,80.252166748,39362,39372,10
12.9838895798,80.2524719238,39372,39382,10
12.9827299118,80.2526626587,39382,39392,10
12.9816102982,80.2527008057,39392,39402,10
12.9806604385,80.2527618408,39402,39412,10
12.9799203873,80.2527694702,39412,39422,10
12.9790401459,80.2526931763,39422,39432,10
12.9785804749,80.2526016235,39432,39443,11
12.9785299301,80.252571106,39443,39453,10
12.9780902863,80.2522506714,39453,39469,16
12.9770097733,80.251449585,39469,39481,12
12.9758396149,80.2510910034,39481,39489,8
12.9750003815,80.2508392334,39489,39501,12
12.973739624,80.2504806519,39501,39510,9
12.9726495743,80.2501831055,39510,39521,11
12.971039772,80.2497634888,39521,39531,10
12.9697303772,80.2493209839,39531,39542,11
12.9685897827,80.2488708496,39542,39551,9
12.9676504135,80.2484970093,39551,39562,11
12.9666204453,80.2480163574,39562,39572,10
12.9656496048,80.2476119995,39572,39582,10
12.9650802612,80.2474365234,39582,39592,10
12.9650201797,80.247428894,39592,39602,10
12.9648399353,80.2473602295,39602,39612,10
12.9644203186,80.247177124,39612,39622,10
12.9638395309,80.2469711304,39622,39643,21
12.9638395309,80.2469711304,39643,39653,10
12.9635000229,80.2468414307,39653,39663,10
12.9628601074,80.2464981079,39663,39673,10
12.9619398117,80.2460479736,39673,39683,10
12.960940361,80.2455368042,39683,39693,10
12.9600000381,80.2451324463,39693,39703,10
12.9592695236,80.2448272705,39703,39723,20
12.9592695236,80.2448272705,39723,39733,10
12.9590301514,80.2446594238,39733,39743,10
12.9582996368,80.2443466187,39743,39754,11
12.9574699402,80.2440567017,39754,39764,10
12.9563703537,80.2437286377,39764,39794,30
12.9563703537,80.2437286377,39794,39804,10
12.9560203552,80.2436065674,39804,39814,10
12.9554195404,80.2432479858,39814,39824,10
12.9546499252,80.2428588867,39824,39834,10
12.9538202286,80.2425308228,39834,39844,10
12.95291996,80.2421722412,39844,39855,11
12.9519996643,80.2418365479,39855,39865,10
12.9517202377,80.2417526245,39865,39875,10
12.9515800476,80.2416915894,39875,39885,10
12.9510002136,80.2414779663,39885,39895,10
12.9501304626,80.2412109375,39895,39905,10
12.9491796494,80.2409133911,39905,39925,20
12.9491796494,80.2409133911,39925,39935,10
12.9491195679,80.2408676147,39935,39945,10
12.9486198425,80.2406616211,39945,39956,11
12.9476995468,80.2402877808,39956,39966,10
12.9470796585,80.2400588989,39966,39976,10
12.9469604492,80.240020752,39976,39986,10
12.9464197159,80.2397766113,39986,39996,10
12.9456796646,80.2394485474,39996,40012,16
12.9444198608,80.2383728027,40012,40024,12
12.9434404373,80.2372894287,40024,40034,10
12.9423999786,80.236541748,40034,40044,10
12.9412899017,80.2362136841,40044,40054,10
12.9404096603,80.236000061,40054,40065,11
12.9397802353,80.2358169556,40065,40075,10
12.9397802353,80.2358093262,40075,40085,10
12.9394798279,80.2357025146,40085,40095,10
12.9393396378,80.2356414795,40095,40105,10
12.9390296936,80.2354736328,40105,40115,10
12.9384403229,80.2351531982,40115,40125,10
12.9376602173,80.2347793579,40125,40146,21
12.9359798431,80.2339935303,40146,40158,12
12.9350595474,80.233581543,40158,40169,11
12.9339504242,80.2330932617,40169,40189,20
12.9339504242,80.2330932617,40189,40199,10
12.9337501526,80.232963562,40199,40209,10
12.933139801,80.232673645,40209,40219,10
12.9322004318,80.2323226929,40219,40228,9
12.9310598373,80.2319412231,40228,40239,11
12.9297103882,80.2315826416,40239,40248,9
12.9287004471,80.2313690186,40248,40258,10
12.9274597168,80.2311782837,40258,40270,12
12.926320076,80.2310562134,40270,40280,10
12.9256401062,80.23097229,40280,40290,10
12.9247303009,80.2308731079,40290,40300,10
12.9237003326,80.2307281494,40300,40310,10
12.9223003387,80.2305221558,40310,40320,10
12.9208803177,80.2303237915,40320,40330,10
12.9194898605,80.230140686,40330,40340,10
12.9182901382,80.2299804688,40340,40350,10
12.9172697067,80.229850769,40350,40360,10
12.9164199829,80.2297363281,40360,40371,11
12.9152698517,80.2295913696,40371,40381,10
12.914150238,80.2294311523,40381,40391,10
12.9133396149,80.229347229,40391,40401,10
12.9132499695,80.2293395996,40401,40411,10
12.912899971,80.2292709351,40411,40421,10
12.9120798111,80.2291412354,40421,40431,10
12.9110403061,80.2289962769,40431,40441,10
12.9098300934,80.2287902832,40441,40451,10
12.9084997177,80.2285766602,40451,40461,10
12.9072999954,80.2284011841,40461,40472,11
12.9064998627,80.2283172607,40472,40482,10
12.9057502747,80.2282714844,40482,40492,10
12.9047698975,80.2282409668,40492,40502,10
12.9038200378,80.2281799316,40502,40512,10
12.9027004242,80.2281036377,40512,40522,10
12.9016399384,80.2280426025,40522,40532,10
12.9008398056,80.2279968262,40532,40542,10
12.9003200531,80.2279815674,40542,40552,10
12.8997898102,80.2279586792,40552,40562,10
12.8993396759,80.2279586792,40562,40593,31
12.8993396759,80.2279586792,40593,40603,10
12.8991298676,80.2279510498,40603,40613,10
12.8985700607,80.227897644,40613,40623,10
12.8976898193,80.2278213501,40623,40633,10
12.8965702057,80.2277374268,40633,40643,10
12.8952598572,80.2276916504,40643,40653,10
12.8938999176,80.2276077271,40653,40663,10
12.8928003311,80.2274932861,40663,40674,11
12.8920001984,80.2274169922,40674,40684,10
12.8910303116,80.2273864746,40684,40694,10
12.8898496628,80.2273788452,40694,40704,10
12.8885498047,80.2273788452,40704,40714,10
12.8873796463,80.2273025513,40714,40724,10
12.8861999512,80.2270278931,40724,40734,10
12.8847799301,80.2267913818,40734,40754,20
12.8847799301,80.2267913818,40754,40764,10
12.8846797943,80.2267913818,40764,40774,10
12.8842096329,80.2267837524,40774,40785,11
12.8832597733,80.2267608643,40785,40795,10
12.8821401596,80.2267684937,40795,40805,10
12.8808898926,80.2267608643,40805,40815,10
12.8795204163,80.2267608643,40815,40825,10
12.8781499863,80.226852417,40825,40835,10
12.876999855,80.2269592285,40835,40845,10
12.8764400482,80.2270202637,40845,40855,10
12.8764295578,80.2270202637,40855,40865,10
12.8761100769,80.2270278931,40865,40875,10
12.8753900528,80.2269821167,40875,40886,11
12.8742103577,80.2268371582,40886,40896,10
12.8731403351,80.2267608643,40896,40906,10
12.8726396561,80.2267608643,40906,40916,10
12.8725795746,80.2267684937,40916,40926,10
12.8720998764,80.2267608643,40926,40936,10
12.8712596893,80.2267227173,40936,40946,10
12.8701601028,80.2266387939,40946,40956,10
12.8689203262,80.2265014648,40956,40966,10
12.8677196503,80.2264785767,40966,40976,10
12.8666601181,80.2265930176,40976,40987,11
12.8654298782,80.2266616821,40987,40997,10
12.8641996384,80.2266082764,40997,41007,10
12.8629198074,80.2265777588,41007,41017,10
12.8616800308,80.2266387939,41017,41027,10
12.8610401154,80.2266387939,41027,41037,10
12.8609399796,80.2266311646,41037,41047,10
12.8604202271,80.2265777588,41047,41057,10
12.8596897125,80.2264862061,41057,41067,10
12.8588495255,80.2263565063,41067,41083,16
12.8574104309,80.2263336182,41083,41096,13
12.8558502197,80.2264862061,41096,41106,10
12.8544998169,80.2266235352,41106,41116,10
12.8531503677,80.2267379761,41116,41126,10
12.8517303467,80.2267074585,41126,41135,9
12.8506202698,80.2266616821,41135,41146,11
12.8492698669,80.2266387939,41146,41156,10
12.8483200073,80.2266235352,41156,41166,10
12.8470001221,80.2266464233,41166,41176,10
12.846329689,80.2266464233,41176,41187,11
12.8453502655,80.2266693115,41187,41227,40
12.8453502655,80.2266693115,41227,41237,10
12.8452396393,80.2266616821,41237,41247,10
12.8448801041,80.2266693115,41247,41257,10
12.8441495895,80.2267303467,41257,41267,10
12.8432197571,80.2268600464,41267,41277,10
12.8411102295,80.2273330688,41277,41287,10
12.8411102295,80.2273330688,41287,41298,11
12.8401298523,80.2276077271,41298,41308,10
12.8396902084,80.2277374268,41308,41318,10
12.8394498825,80.2277984619,41318,41328,10
12.8388004303,80.2279663086,41328,41338,10
12.8378295898,80.2282028198,41338,41348,10
12.8366603851,80.2284011841,41348,41357,9
12.8354902267,80.2285614014,41357,41368,11
12.8339796066,80.2288131714,41368,41378,10
12.8327198029,80.229057312,41378,41388,10
12.8322496414,80.2291793823,41388,41399,11
12.8322200775,80.2291793823,41399,41408,9
12.8318996429,80.2292404175,41408,41419,11
12.831319809,80.2293701172,41419,41428,9
12.8305797577,80.2296218872,41428,41439,11
12.8295602798,80.2300186157,41439,41449,10
12.8284101486,80.2305297852,41449,41459,10
12.8273897171,80.2311325073,41459,41469,10
12.8263702393,80.2313537598,41469,41479,10
12.8251495361,80.2314224243,41479,41489,10
12.824090004,80.2312469482,41489,41500,11
12.822810173,80.2308807373,41500,41510,10
12.8217201233,80.2305679321,41510,41520,10
12.8206100464,80.2304992676,41520,41530,10
12.8194904327,80.2305526733,41530,41540,10
12.8189201355,80.2305297852,41540,41550,10
12.8189096451,80.2305297852,41550,41560,10
12.8185100555,80.2303619385,41560,41570,10
12.8177700043,80.2300109863,41570,41580,10
12.8168001175,80.2296295166,41580,41590,10
12.8156604767,80.2294235229,41590,41601,11
12.8143100739,80.2292175293,41601,41611,10
12.8131103516,80.2288818359,41611,41621,10
12.8118696213,80.2284469604,41621,41631,10
12.8107004166,80.228012085,41631,41641,10
12.8096103668,80.2275390625,41641,41651,10
12.8086595535,80.2269134521,41651,41661,10
12.8077602386,80.2261505127,41661,41671,10
12.807009697,80.2255020142,41671,41681,10
12.8067598343,80.2252731323,41681,41691,10
12.8064603806,80.2249984741,41691,41702,11
12.8058395386,80.2244567871,41702,41712,10
12.805100441,80.2240905762,41712,41732,20
12.805100441,80.2240905762,41732,41742,10
12.8048601151,80.2240600586,41742,41758,16
12.8039703369,80.2239532471,41758,41770,12
12.8029098511,80.2238464355,41770,41778,8
12.8020296097,80.2237167358,41778,41790,12
12.800740242,80.2235870361,41790,41800,10
12.799539566,80.223487854,41800,41811,11
12.798119545,80.2233886719,41811,41821,10
12.7969102859,80.223197937,41821,41831,10
12.7959804535,80.2230300903,41831,41841,10
12.7958097458,80.2229919434,41841,41851,10
12.795539856,80.2229232788,41851,41861,10
12.7949104309,80.2228088379,41861,41871,10
12.7938604355,80.2226333618,41871,41881,10
12.7928199768,80.2224884033,41881,41891,10
12.7917699814,80.2222595215,41891,41902,11
12.7904996872,80.2219390869,41902,41912,10
12.7896404266,80.2217025757,41912,41922,10
12.7889900208,80.2214584351,41922,41932,10
12.7882795334,80.2211914063,41932,41942,10
12.7876796722,80.2209472656,41942,41952,10
12.7874898911,80.2208862305,41952,41962,10
12.7874403,80.2208633423,41962,41972,10
12.7871398926,80.2207489014,41972,41982,10
12.7868795395,80.2206573486,41982,41992,10
12.7867002487,80.2205886841,41992,42013,21
12.7867002487,80.2205886841,42013,42023,10
12.786359787,80.2204818726,42023,42114,91
12.786359787,80.2204818726,42114,42124,10
12.7861003876,80.2203292847,42124,42134,10
12.7858600616,80.2202377319,42134,42144,10
12.7855997086,80.220123291,42144,42154,10
12.7850599289,80.2198562622,42154,42164,10
12.7845897675,80.2196578979,42164,42204,40
12.7845897675,80.2196578979,42204,42215,11
12.7843599319,80.2194900513,42215,42225,10
12.783780098,80.2191772461,42225,42235,10
12.7831201553,80.2188034058,42235,42245,10
12.7822799683,80.2183685303,42245,42255,10
12.7812299728,80.2177886963,42255,42265,10
12.7800703049,80.2171401978,42265,42275,10
12.7789096832,80.2165222168,42275,42285,10
12.7775602341,80.2158737183,42285,42295,10
12.7762002945,80.2153091431,42295,42305,10
12.7750396729,80.21484375,42305,42315,10
12.7740297318,80.2144165039,42315,42326,11
12.7729501724,80.2139968872,42326,42336,10
12.7719297409,80.2136077881,42336,42346,10
12.7708797455,80.2132415771,42346,42356,10
12.7698497772,80.2128829956,42356,42366,10
12.7687397003,80.2124710083,42366,42376,10
12.7676496506,80.2120819092,42376,42386,10
12.7666196823,80.2117004395,42386,42396,10
12.7656097412,80.2113265991,42396,42406,10
12.7646503448,80.2109832764,42406,42416,10
12.7636604309,80.2106170654,42416,42427,11
12.7625398636,80.2101821899,42427,42437,10
12.7615203857,80.2097625732,42437,42447,10
12.7605495453,80.2092895508,42447,42457,10
12.7596197128,80.2087936401,42457,42467,10
12.7586698532,80.2082824707,42467,42477,10
12.7577199936,80.2077484131,42477,42487,10
12.7567596436,80.2072219849,42487,42497,10
12.7558298111,80.2067108154,42497,42507,10
12.7548799515,80.2061767578,42507,42517,10
12.7539196014,80.205657959,42517,42528,11
12.7528295517,80.205078125,42528,42538,10
12.7517900467,80.2045593262,42538,42548,10
12.7508897781,80.2040786743,42548,42558,10
12.7500400543,80.2036590576,42558,42574,16
12.7487297058,80.2029800415,42574,42586,12
12.7476396561,80.2024230957,42586,42596,10
12.7467098236,80.2019500732,42596,42606,10
12.7458200455,80.2014923096,42606,42616,10
12.7448797226,80.2009735107,42616,42626,10
12.7441196442,80.2002563477,42626,42637,11
12.7434196472,80.1994476318,42637,42647,10
12.7427501678,80.198638916,42647,42657,10
12.7420501709,80.1977920532,42657,42666,9
12.7414999008,80.197052002,42666,42677,11
12.7409095764,80.1961975098,42677,42686,9
12.7402601242,80.1953277588,42686,42696,10
12.7396001816,80.1944198608,42696,42707,11
12.7388696671,80.1934127808,42707,42717,10
12.7381801605,80.1925201416,42717,42728,11
12.7373504639,80.1917037964,42728,42738,10
12.7366399765,80.1909790039,42738,42748,10
12.7359199524,80.190246582,42748,42758,10
12.7350502014,80.1897201538,42758,42768,10
12.7340698242,80.1895523071,42768,42778,10
12.7331199646,80.1894683838,42778,42788,10
12.732339859,80.1893234253,42788,42798,10
12.7315502167,80.189201355,42798,42808,10
12.7309503555,80.1891403198,42808,42818,10
12.7301998138,80.1890487671,42818,42839,21
12.7301998138,80.1890487671,42839,42849,10
12.7298898697,80.1890029907,42849,42859,10
12.7295598984,80.1889801025,42859,42869,10
12.7292098999,80.1889801025,42869,42879,10
12.728679657,80.1888885498,42879,42889,10
12.7279996872,80.1886978149,42889,42899,10
12.7272796631,80.1885070801,42899,42909,10
12.7266597748,80.1883392334,42909,42919,10
12.7259998322,80.1882171631,42919,42929,10
12.7250204086,80.188041687,42929,42950,21
12.7250204086,80.188041687,42950,42960,10
12.7249698639,80.1880264282,42960,42970,10
12.72453022,80.1879425049,42970,42980,10
12.7239303589,80.1877975464,42980,42990,10
12.7232398987,80.1876296997,42990,43000,10
12.7227401733,80.1875,43000,43010,10
12.7225503922,80.1874694824,43010,43020,10
12.7222995758,80.187461853,43020,43030,10
12.7222604752,80.1876220703,43030,43071,41
12.7222604752,80.1876220703,43071,43081,10
12.7220602036,80.1879806519,43081,43091,10
12.7219200134,80.1877975464,43091,45052,1961
12.7219200134,80.1877975464,45052,45062,10
12.7220697403,80.1875610352,45062,45971,909
12.7220697403,80.1875610352,45971,45981,10
12.7220697403,80.1873626709,45981,45992,11
12.7221603394,80.1872787476,45992,46002,10
12.7222299576,80.187286377,46002,46012,10
12.7225503922,80.1873779297,46012,46022,10
12.722869873,80.1874694824,46022,46032,10
12.7231903076,80.1875686646,46032,46042,10
12.7237997055,80.1877288818,46042,46062,20
12.7237997055,80.1877288818,46062,46072,10
12.7242202759,80.1878585815,46072,46082,10
12.7246303558,80.1879272461,46082,46093,11
12.724650383,80.1879272461,46093,46103,10
12.7248497009,80.1879730225,46103,46113,10
12.7249002457,80.1879806519,46113,46123,10
12.7250003815,80.1879882813,46123,46133,10
12.7253398895,80.1880569458,46133,46143,10
12.7260198593,80.1881790161,46143,46153,10
12.7267799377,80.1883392334,46153,46163,10
12.7276201248,80.1885528564,46163,46173,10
12.7285003662,80.1888122559,46173,46183,10
12.7293596268,80.1889419556,46183,46194,11
12.7296199799,80.1889419556,46194,46204,10
12.729809761,80.1889724731,46204,46214,10
12.7300901413,80.1889801025,46214,46224,10
12.730389595,80.1890335083,46224,46234,10
12.731010437,80.1890869141,46234,46244,10
12.7316398621,80.1891708374,46244,46254,10
12.7324399948,80.1893386841,46254,46264,10
12.7331800461,80.1894226074,46264,46274,10
12.7340602875,80.1894989014,46274,46284,10
12.7351799011,80.1896972656,46284,46294,10
12.7360401154,80.190322876,46294,46305,11
12.7369804382,80.1912612915,46305,46315,10
12.7380199432,80.1922836304,46315,46325,10
12.7390604019,80.1935424805,46325,46335,10
12.7399902344,80.1948318481,46335,46345,10
12.740819931,80.1959915161,46345,46355,10
12.7415895462,80.1970367432,46355,46365,10
12.7423601151,80.1980895996,46365,46375,10
12.7432699203,80.1991577148,46375,46385,10
12.7441797256,80.2002105713,46385,46395,10
12.7452802658,80.2011108398,46395,46406,11
12.7466802597,80.2018432617,46406,46416,10
12.7479801178,80.2024993896,46416,46426,10
12.7491703033,80.2031097412,46426,46436,10
12.7503299713,80.2036895752,46436,46446,10
12.7511701584,80.2040710449,46446,46456,10
12.7512397766,80.2041091919,46456,46466,10
12.7517204285,80.2043762207,46466,46476,10
12.7525396347,80.2048187256,46476,46486,10
12.753490448,80.2053222656,46486,46496,10
12.754529953,80.205871582,46496,46507,11
12.75578022,80.2065582275,46507,46517,10
12.7569704056,80.2072219849,46517,46527,10
12.7582101822,80.207901001,46527,46537,10
12.7594499588,80.2085800171,46537,46547,10
12.7601699829,80.2089691162,46547,46557,10
12.760219574,80.2089996338,46557,46567,10
12.7605104446,80.2091522217,46567,46577,10
12.761179924,80.2095031738,46577,46587,10
12.7621097565,80.2099304199,46587,46597,10
12.7631998062,80.210357666,46597,46607,10
12.7643995285,80.2108383179,46607,46618,11
12.76583004,80.2113494873,46618,46634,16
12.7678098679,80.2120666504,46634,46646,12
12.769370079,80.212638855,46646,46656,10
12.7702999115,80.2129592896,46656,46666,10
12.7713098526,80.2133178711,46666,46676,10
12.7726097107,80.2137908936,46676,46686,10
12.7736701965,80.2142105103,46686,46696,10
12.7748203278,80.2146682739,46696,46706,10
12.7759599686,80.2151412964,46706,46717,11
12.777130127,80.2156219482,46717,46727,10
12.7782297134,80.2160873413,46727,46737,10
12.7793703079,80.2166671753,46737,46747,10
12.7805204391,80.2172775269,46747,46757,10
12.7816801071,80.2179107666,46757,46767,10
12.7827501297,80.21849823,46767,46777,10
12.7836904526,80.219039917,46777,46787,10
12.7844495773,80.2194824219,46787,46797,10
12.7851295471,80.219833374,46797,46807,10
12.7856903076,80.220123291,46807,46818,11
12.7860803604,80.2202682495,46818,46828,10
12.7864198685,80.2204208374,46828,46848,20
12.7864198685,80.2204208374,46848,46858,10
12.7866601944,80.2205276489,46858,46868,10
12.7868099213,80.2205886841,46868,46878,10
12.7871904373,80.2207183838,46878,46888,10
12.7877502441,80.2209396362,46888,46898,10
12.7884101868,80.2211990356,46898,46908,10
12.7891798019,80.2214584351,46908,46919,11
12.7899703979,80.2217178345,46919,46929,10
12.7909698486,80.2219696045,46929,46939,10
12.792140007,80.2222595215,46939,46949,10
12.7934503555,80.2224884033,46949,46959,10
12.7947797775,80.2226867676,46959,46969,10
12.7959003448,80.2228775024,46969,46979,10
12.7968902588,80.2230682373,46979,46989,10
12.7980098724,80.2232589722,46989,46999,10
12.7992200851,80.2233734131,46999,47009,10
12.8003396988,80.2234573364,47009,47020,11
12.8012695313,80.2235488892,47020,47030,10
12.8015098572,80.2235794067,47030,47040,10
12.8021802902,80.2236480713,47040,47050,10
12.8029003143,80.2237625122,47050,47060,10
12.803730011,80.2238311768,47060,47070,10
12.8045701981,80.2238998413,47070,47080,10
12.805270195,80.2240371704,47080,47090,10
12.8054504395,80.2240982056,47090,47100,10
12.8055496216,80.2241516113,47100,47110,10
12.8058700562,80.2244033813,47110,47120,10
12.8064899445,80.2249298096,47120,47131,11
12.8073101044,80.2256393433,47131,47141,10
12.8081302643,80.226348877,47141,47151,10
12.8089599609,80.2270812988,47151,47161,10
12.8100099564,80.2276229858,47161,47171,10
12.8112001419,80.2281188965,47171,47181,10
12.8125400543,80.2285995483,47181,47191,10
12.8138303757,80.2290115356,47191,47201,10
12.8150997162,80.2292633057,47201,47211,10
12.8163795471,80.2294387817,47211,47221,10
12.8175601959,80.2297973633,47221,47232,11
12.8186502457,80.2303085327,47232,47242,10
12.8195104599,80.2304077148,47242,47252,10
12.819729805,80.2304000854,47252,47262,10
12.8198404312,80.2303924561,47262,47272,10
12.8204202652,80.2303771973,47272,47282,10
12.8213100433,80.2304000854,47282,47292,10
12.8223600388,80.2306289673,47292,47302,10
12.8235998154,80.2310028076,47302,47312,10
12.8248701096,80.2312927246,47312,47322,10
12.8261899948,80.231300354,47322,47333,11
12.827460289,80.2309799194,47333,47343,10
12.8285903931,80.2303771973,47343,47353,10
12.8296499252,80.2299194336,47353,47363,10
12.8305397034,80.2295303345,47363,47373,10
12.8310098648,80.2293319702,47373,47383,10
12.8310203552,80.2293319702,47383,47393,10
12.831410408,80.2292175293,47393,47403,10
12.8321399689,80.2290496826,47403,47413,10
12.8331699371,80.2288589478,47413,47423,10
12.8344497681,80.2286071777,47423,47434,11
12.8360099792,80.2283477783,47434,47444,10
12.837439537,80.2281417847,47444,47454,10
12.8385000229,80.227897644,47454,47464,10
12.8391599655,80.2277526855,47464,47541,77
12.8391599655,80.2277526855,47541,47553,12
12.839630127,80.2276382446,47553,47563,10
12.8400802612,80.2275085449,47563,47573,10
12.8410997391,80.2272262573,47573,47583,10
12.842300415,80.2269821167,47583,47593,10
12.8433504105,80.2267608643,47593,47602,9
12.8444404602,80.2265777588,47602,47613,11
12.8453302383,80.2264785767,47613,47623,10
12.8454399109,80.2264633179,47623,47633,10
12.8455600739,80.2264633179,47633,47644,11
12.8462200165,80.2264709473,47644,47654,10
12.847240448,80.2264785767,47654,47664,10
12.8484601974,80.2264785767,47664,47674,10
12.8497400284,80.2264785767,47674,47684,10
12.850399971,80.2264404297,47684,47694,10
12.8505802155,80.2264404297,47694,47704,10
12.8513202667,80.2264709473,47704,47714,10
12.8523702621,80.2265625,47714,47724,10
12.8536500931,80.2265472412,47724,47734,10
12.8551301956,80.2264022827,47734,47745,11
12.8566598892,80.2262268066,47745,47755,10
12.8577899933,80.2261276245,47755,47765,10
12.8586597443,80.2261581421,47765,47775,10
12.8596601486,80.22631073,47775,47785,10
12.8607702255,80.2264633179,47785,47795,10
12.8620595932,80.2264480591,47795,47805,10
12.8633499146,80.2264175415,47805,47815,10
12.8645401001,80.2264709473,47815,47825,10
12.8657102585,80.2264862061,47825,47835,10
12.8668899536,80.2264404297,47835,47846,11
12.8682603836,80.2262878418,47846,47856,10
12.8696203232,80.2263870239,47856,47866,10
12.8709897995,80.2265167236,47866,47876,10
12.872130394,80.2265625,47876,47886,10
12.8727998734,80.2265625,47886,47896,10
12.8733797073,80.2266082764,47896,47906,10
12.8742904663,80.2266921997,47906,47916,10
12.8754196167,80.2268295288,47916,47926,10
12.8767404556,80.2268218994,47926,47947,21
12.8767404556,80.2268218994,47947,47957,10
12.8772296906,80.2267913818,47957,47967,10
12.8781299591,80.2267227173,47967,47977,10
12.879119873,80.2266693115,47977,47987,10
12.8803300858,80.2266311646,47987,47997,10
12.8816003799,80.2266235352,47997,48007,10
12.8828897476,80.2266235352,48007,48017,10
12.8841199875,80.226600647,48017,48027,10
12.8851995468,80.2265777588,48027,48048,21
12.8851995468,80.2265777588,48048,48058,10
12.8855695724,80.2266616821,48058,48068,10
12.8861703873,80.2268371582,48068,48078,10
12.8869895935,80.2270431519,48078,48088,10
12.887960434,80.2272033691,48088,48098,10
12.8891897202,80.2272567749,48098,48108,10
12.8902397156,80.2272567749,48108,48118,10
12.8914203644,80.2272262573,48118,48128,10
12.8920202255,80.2272186279,48128,48159,31
12.8920202255,80.2272186279,48159,48169,10
12.8923797607,80.2272262573,48169,48179,10
12.8930997849,80.2273178101,48179,48189,10
12.8940200806,80.2274703979,48189,48199,10
12.8950004578,80.2275390625,48199,48209,10
12.8960103989,80.2275695801,48209,48219,10
12.8972396851,80.2276229858,48219,48229,10
12.8985700607,80.2277069092,48229,48239,10
12.8999996185,80.2277832031,48239,48260,21
12.9002103806,80.227722168,48260,48300,40
12.9002103806,80.227722168,48300,48310,10
12.900639534,80.2277526855,48310,48320,10
12.9010801315,80.2278137207,48320,48330,10
12.9015302658,80.2278594971,48330,48340,10
12.9025497437,80.2278823853,48340,48361,21
12.9025497437,80.2278823853,48361,48371,10
12.9030504227,80.2278671265,48371,48381,10
12.9034996033,80.2279586792,48381,48391,10
12.9041204453,80.2279891968,48391,48401,10
12.9050397873,80.2280502319,48401,48411,10
12.9060001373,80.2280731201,48411,48421,10
12.9064397812,80.2281036377,48421,48462,41
12.9064397812,80.2281036377,48462,48472,10
12.9068603516,80.2281570435,48472,48482,10
12.9077596664,80.228302002,48482,48492,10
12.9089403152,80.2285003662,48492,48502,10
12.9103403091,80.2287368774,48502,48512,10
12.9118204117,80.2289505005,48512,48522,10
12.9132204056,80.229133606,48522,48532,10
12.9140796661,80.2292175293,48532,48542,10
12.9141998291,80.2292327881,48542,48552,10
12.9147596359,80.229309082,48552,48563,11
12.9157104492,80.2294692993,48563,48573,10
12.9165401459,80.2295837402,48573,48583,10
12.9172496796,80.2296905518,48583,48593,10
12.9181604385,80.2298278809,48593,48603,10
12.9193096161,80.2299804688,48603,48613,10
12.9206600189,80.2301483154,48613,48623,10
12.9221401215,80.2303466797,48623,48633,10
12.9236402512,80.2305831909,48633,48643,10
12.9250602722,80.2307510376,48643,48653,10
12.9260902405,80.2308120728,48653,48664,11
12.926440239,80.2308502197,48664,48674,10
12.9265203476,80.2308578491,48674,48684,10
12.9270496368,80.2309265137,48684,48694,10
12.9278697968,80.2310409546,48694,48710,16
12.9289197922,80.2311706543,48710,48722,12
12.9297304153,80.2313690186,48722,48732,10
12.9304103851,80.2315597534,48732,48742,10
12.9316797256,80.2319335938,48742,48752,10
12.9326400757,80.2322463989,48752,48762,10
12.933429718,80.2325897217,48762,48773,11
12.9336004257,80.232673645,48773,48783,10
12.9337396622,80.2327575684,48783,48793,10
12.9342803955,80.233039856,48793,48802,9
12.9350404739,80.2333679199,48802,48813,11
12.9358701706,80.233757019,48813,48823,10
12.9369297028,80.2342605591,48823,48833,10
12.9380302429,80.2348175049,48833,48843,10
12.938949585,80.2352600098,48843,48853,10
12.939620018,80.2355880737,48853,48904,51
12.939620018,80.2355880737,48904,48914,10
12.9398403168,80.2356567383,48914,48924,10
12.9402399063,80.2358169556,48924,48934,10
12.9409999847,80.236038208,48934,48944,10
12.9420099258,80.2362823486,48944,48954,10
12.9430999756,80.2367782593,48954,48965,11
12.9440803528,80.23777771,48965,48975,10
12.9449300766,80.2387313843,48975,48985,10
12.9458303452,80.2393875122,48985,48994,9
12.9467697144,80.2397766113,48994,49005,11
12.9478302002,80.2402114868,49005,49015,10
12.9488697052,80.2406082153,49015,49025,10
12.9496898651,80.2409210205,49025,49035,10
12.9506597519,80.2412185669,49035,49045,10
12.9517402649,80.2415771484,49045,49055,10
12.9528598785,80.2419891357,49055,49066,11
12.9538698196,80.2423934937,49066,49076,10
12.95470047,80.2427215576,49076,49086,10
12.9555196762,80.2430114746,49086,49096,10
12.9562997818,80.2432785034,49096,49106,10
12.9566001892,80.2434082031,49106,49116,10
12.957280159,80.2437210083,49116,49126,10
12.9581203461,80.2440872192,49126,49136,10
12.9588603973,80.2443771362,49136,49146,10
12.9589595795,80.244430542,49146,49156,10
12.9590997696,80.2444992065,49156,49167,11
12.9596395493,80.244758606,49167,49177,10
12.9604301453,80.2451324463,49177,49187,10
12.9614400864,80.2455978394,49187,49197,10
12.9624996185,80.2461166382,49197,49207,10
12.9634504318,80.2465362549,49207,49265,58
12.9634504318,80.2465362549,49265,49276,11
12.9636697769,80.2466964722,49276,49286,10
12.9641895294,80.2469100952,49286,49296,10
12.9649896622,80.2471923828,49296,49306,10
12.965959549,80.2475204468,49306,49316,10
12.9667797089,80.2478637695,49316,49326,10
12.9669599533,80.2479476929,49326,49336,10
12.9671096802,80.2480773926,49336,49346,10
12.9678401947,80.2483901978,49346,49356,10
12.9687595367,80.2487564087,49356,49366,10
12.9698495865,80.2491836548,49366,49377,11
12.971159935,80.2496414185,49377,49386,9
12.9722499847,80.2499237061,49386,49397,11
12.9736003876,80.250289917,49397,49407,10
12.9749097824,80.2506637573,49407,49417,10
12.9761695862,80.2509994507,49417,49427,10
12.9772500992,80.2513580322,49427,49437,10
12.9780597687,80.2519683838,49437,49447,10
12.9785604477,80.2523117065,49447,49457,10
12.9785804749,80.2523193359,49457,49467,10
12.978969574,80.2525024414,49467,49478,11
12.9798002243,80.2525787354,49478,49538,60
12.9798002243,80.2525787354,49538,49548,10
12.9800901413,80.2525634766,49548,49558,10
12.9807796478,80.2525634766,49558,49568,10
12.9816999435,80.2525405884,49568,49579,11
12.9828996658,80.2525024414,49579,49589,10
12.9841003418,80.2522735596,49589,49599,10
12.985250473,80.251953125,49599,49609,10
12.9861898422,80.2517166138,49609,49619,10
12.9870595932,80.2514801025,49619,49629,10
12.9875497818,80.2513122559,49629,49728,99
12.9875497818,80.2513122559,49728,49738,10
12.9876298904,80.2512512207,49738,49748,10
12.9880399704,80.2511825562,49748,49758,10
12.9887599945,80.2510528564,49758,49768,10
12.9893302917,80.2508392334,49768,49778,10
12.9896297455,80.2507476807,49778,49789,11
12.9903802872,80.2506027222,49789,49799,10
12.991230011,80.2503890991,49799,49809,10
12.9921998978,80.2501373291,49809,49819,10
12.9933099747,80.2498931885,49819,49829,10
12.9945201874,80.2496032715,49829,49839,10
12.9956598282,80.2493209839,49839,49849,10
12.9965000153,80.2491226196,49849,49859,10
12.9978704453,80.2487335205,49859,49869,10
12.9991102219,80.2484283447,49869,49879,10
13.0003995895,80.2481231689,49879,49890,11
13.001660347,80.2478103638,49890,49900,10
13.0025196075,80.2476196289,49900,49910,10
13.0034999847,80.247428894,49910,49920,10
13.0045795441,80.2472763062,49920,49930,10
13.005610466,80.2470703125,49930,49940,10
13.0063400269,80.2466812134,49940,49950,10
13.0064496994,80.2464675903,49950,49960,10
13.006529808,80.2462768555,49960,49980,20
13.006529808,80.2462768555,49980,49991,11
13.0065402985,80.2459716797,49991,50001,10
13.0065898895,80.2453689575,50001,50011,10
13.0065698624,80.2446899414,50011,50021,10
13.0065402985,80.2439880371,50021,50031,10
13.0065603256,80.2434921265,50031,50047,16
13.0065097809,80.2421875,50047,50059,12
13.0065402985,80.2410888672,50059,50069,10
13.0066299438,80.2404327393,50069,50089,20
13.0066299438,80.2404327393,50089,50101,12
13.0067596436,80.2400512695,50101,50111,10
13.0069303513,80.239440918,50111,50121,10
13.0070199966,80.2386322021,50121,50131,10
13.0071496964,80.2379074097,50131,50141,10
13.0073204041,80.2372512817,50141,50151,10
13.0073604584,80.2367477417,50151,50161,10
13.0074100494,80.2366027832,50161,50171,10
13.0074996948,80.2362213135,50171,50181,10
13.0076599121,80.2355422974,50181,50192,11
13.0077896118,80.2347412109,50192,50202,10
13.008020401,80.2338180542,50202,50212,10
13.0082197189,80.2327804565,50212,50222,10
13.0084295273,80.2317199707,50222,50231,9
13.0086097717,80.2308731079,50231,50242,11
13.0087995529,80.2298583984,50242,50252,10
13.0090398788,80.2287063599,50252,50262,10
13.0093603134,80.2277374268,50262,50272,10
13.0097999573,80.2267608643,50272,50282,10
13.0101804733,80.2258605957,50282,50293,11
13.0104198456,80.2253570557,50293,50303,10
13.0105304718,80.2250289917,50303,50313,10
13.0107402802,80.2246398926,50313,50323,10
13.0110998154,80.2238922119,50323,50333,10
13.0114002228,80.2230987549,50333,50343,10
13.0117301941,80.2222366333,50343,50353,10
13.0120897293,80.2214126587,50353,50362,9
13.0123500824,80.2214889526,50362,50372,10
13.0126199722,80.2219696045,50372,50383,11
13.0132598877,80.2226715088,50383,50393,10
13.0138101578,80.2232208252,50393,50404,11
13.0141296387,80.2236404419,50404,50414,10
13.0143604279,80.2238006592,50414,50424,10
13.0147399902,80.2242202759,50424,50444,20
13.0147399902,80.2242202759,50444,50454,10
13.0150098801,80.2245483398,50454,50464,10
13.0151996613,80.2247619629,50464,50474,10
13.0152196884,80.2247695923,50474,50484,10
13.0153398514,80.224899292,50484,50494,10
13.0157003403,80.2252120972,50494,50505,11
13.016289711,80.2253189087,50505,50515,10
13.0170001984,80.2251205444,50515,50525,10
13.0178899765,80.2247467041,50525,50535,10
13.0188102722,80.2243728638,50535,50545,10
13.0194997787,80.2243728638,50545,50555,10
13.0202798843,80.2248764038,50555,50565,10
13.020939827,80.2253570557,50565,50575,10
13.021490097,80.2258071899,50575,50585,10
13.022480011,80.2265625,50585,50606,21
13.022480011,80.2265625,50606,50616,10
13.0225496292,80.2266769409,50616,50626,10
13.022939682,80.2270126343,50626,50636,10
13.0235500336,80.2275390625,50636,50646,10
13.0242004395,80.2281570435,50646,50656,10
13.0246601105,80.2287826538,50656,50676,20
13.0246601105,80.2287826538,50676,50686,10
13.0247497559,80.2289581299,50686,50696,10
13.0251302719,80.2295074463,50696,50707,11
13.0257501602,80.2303924561,50707,50717,10
13.02602005,80.2311630249,50717,50737,20
13.02602005,80.2311630249,50737,50747,10
13.0260601044,80.2313766479,50747,50757,10
13.0262203217,80.2320022583,50757,50767,10
13.0264797211,80.2327575684,50767,50797,30
13.0264797211,80.2327575684,50797,50808,11
13.0267896652,80.2332992554,50808,50818,10
13.0273399353,80.2341766357,50818,50828,10
13.0278997421,80.2351913452,50828,50838,10
13.0286798477,80.2361526489,50838,50848,10
13.0293397903,80.2368927002,50848,50858,10
13.0296802521,80.2372131348,50858,50868,10
13.0297698975,80.237411499,50868,50878,10
13.030090332,80.2379226685,50878,50888,10
13.0305299759,80.2386169434,50888,50898,10
13.0310602188,80.2394104004,50898,50919,21
13.0310602188,80.2394104004,50919,50929,10
13.031080246,80.2396621704,50929,50939,10
13.0311803818,80.2398300171,50939,50949,10
13.0314102173,80.2401428223,50949,50959,10
13.0314397812,80.2406768799,50959,50969,10
13.0316095352,80.2411193848,50969,50979,10
13.0319299698,80.2418212891,50979,50989,10
13.032409668,80.2424316406,50989,50999,10
13.0329399109,80.2430801392,50999,51010,11
13.0334396362,80.2438430786,51010,51020,10
13.0339002609,80.2444915771,51020,51030,10
13.0344800949,80.2452316284,51030,51040,10
13.0350103378,80.2456665039,51040,51050,10
13.0355501175,80.2459716797,51050,51060,10
13.035779953,80.2461395264,51060,51070,10
13.0359401703,80.2463226318,51070,51080,10
13.0363302231,80.2464828491,51080,51090,10
13.0370597839,80.2465896606,51090,51100,10
13.037560463,80.2464523315,51100,51111,11
13.0381498337,80.24659729,51111,51121,10
13.038769722,80.2468338013,51121,51161,40
13.038769722,80.2468338013,51161,51171,10
13.0389995575,80.2469100952,51171,51201,30
13.0389995575,80.2469100952,51201,51212,11
13.0393295288,80.2470092773,51212,51222,10
13.0397796631,80.2471313477,51222,51232,10
13.0406398773,80.2472229004,51232,51242,10
13.0415802002,80.2473526001,51242,51252,10
13.0422000885,80.2475891113,51252,51262,10
13.0428495407,80.2478408813,51262,51272,10
13.0435600281,80.2479782104,51272,51282,10
13.0440397263,80.2478637695,51282,51292,10
13.0446395874,80.2479019165,51292,51302,10
13.0450201035,80.2480010986,51302,51313,11
13.0456104279,80.2483062744,51313,51323,10
13.0464200974,80.2484436035,51323,51333,10
13.04708004,80.2483901978,51333,51343,10
13.047539711,80.2487792969,51343,51353,10
13.048119545,80.2492828369,51353,51363,10
13.0484800339,80.2496032715,51363,51373,10
13.0490198135,80.2497024536,51373,51383,10
13.0498600006,80.249786377,51383,51393,10
13.0507097244,80.249961853,51393,51403,10
13.0515899658,80.2502822876,51403,51413,10
13.0522499084,80.2508621216,51413,51424,11
13.0529003143,80.2517166138,51424,51434,10
13.053560257,80.2525787354,51434,51444,10
13.0542201996,80.2534866333,51444,51454,10
13.0548601151,80.2543411255,51454,51464,10
13.0553998947,80.2550735474,51464,51474,10
13.0558795929,80.2557830811,51474,51484,10
13.0564002991,80.2563171387,51484,51494,10
13.0570001602,80.2568435669,51494,51504,10
13.0577297211,80.2575378418,51504,51515,11
13.0582103729,80.2583084106,51515,51525,10
13.0587596893,80.2589416504,51525,51535,10
13.0592403412,80.2596435547,51535,51545,10
13.0598402023,80.2602005005,51545,51555,10
13.0604095459,80.2607574463,51555,51565,10
13.0606899261,80.2612075806,51565,51595,30
13.0606899261,80.2612075806,51595,51605,10
13.0612401962,80.261756897,51605,51616,11
13.0616998672,80.2623291016,51616,51626,10
13.062210083,80.2629928589,51626,51636,10
13.0627002716,80.2636413574,51636,51646,10
13.063170433,80.2642593384,51646,51656,10
13.0636301041,80.2649002075,51656,51666,10
13.0639801025,80.2654037476,51666,51676,10
13.0642795563,80.2659378052,51676,51686,10
13.0647096634,80.2665023804,51686,51696,10
13.0651397705,80.2669525146,51696,51706,10
13.0657196045,80.2674179077,51706,51716,10
13.0662298203,80.2680282593,51716,51727,11
13.0666599274,80.268409729,51727,51737,10
13.0670795441,80.2686920166,51737,51747,10
13.0672397614,80.2687606812,51747,51757,10
13.0675401688,80.2689208984,51757,51767,10
13.0679998398,80.2692565918,51767,51777,10
13.0682601929,80.2695617676,51777,51787,10
13.0681800842,80.2701034546,51787,51796,9
13.0680799484,80.270866394,51796,51806,10
13.0682296753,80.2714920044,51806,51817,11
13.0688495636,80.2717590332,51817,51828,11
13.0694198608,80.2722473145,51828,51838,10
13.0698795319,80.2727584839,51838,51848,10
13.0703496933,80.2733230591,51848,51858,10
13.0708503723,80.2738265991,51858,51868,10
13.071100235,80.2740020752,51868,51878,10
13.0712900162,80.2740631104,51878,51888,10
13.0718002319,80.2743301392,51888,51898,10
13.0721702576,80.2747192383,51898,51908,10
13.0726003647,80.2752075195,51908,51918,10
13.0731201172,80.2757568359,51918,51929,11
13.0737400055,80.2762374878,51929,51939,10
13.0743598938,80.2763214111,51939,51949,10
13.0748500824,80.2764587402,51949,51959,10
13.0755996704,80.276260376,51959,51979,20
13.0755996704,80.276260376,51979,51989,10
13.0758600235,80.2759170532,51989,51999,10
13.0758800507,80.2753219604,51999,52009,10
13.0761098862,80.2747268677,52009,52152,143
13.0761098862,80.2747268677,52152,52163,11
13.0761995316,80.2748794556,52163,52173,10
13.0760202408,80.2750015259,52173,52182,9
13.0760002136,80.2752990723,52182,52193,11
13.075969696,80.2758636475,52193,52203,10
13.0759296417,80.2761535645,52203,52213,10
13.0760097504,80.2762527466,52213,52223,10
13.0763998032,80.2762527466,52223,52234,11
13.0770597458,80.2761993408,52234,52244,10
13.0778198242,80.2761611938,52244,52254,10
13.0782003403,80.2756271362,52254,52264,10
13.0786399841,80.2751312256,52264,52274,10
13.0792798996,80.2751922607,52274,52284,10
13.0800104141,80.2752609253,52284,52294,10
13.0807800293,80.275177002,52294,52304,10
13.0812397003,80.2751312256,52304,52314,10
13.0812797546,80.2751235962,52314,52324,10
13.0816698074,80.275138855,52324,52335,11
13.0819702148,80.2752990723,52335,52454,119
13.0819702148,80.2752990723,52454,52464,10
13.082159996,80.2755203247,52464,52636,172
13.0820798874,80.2758026123,52636,52989,353
13.0820798874,80.2758026123,52989,52999,10
13.0820598602,80.2759017944,52999,53009,10
13.0819597244,80.2759628296,53009,53019,10
13.0819196701,80.2762374878,53019,53029,10
13.0819501877,80.2768783569,53029,53039,10
13.0820703506,80.2777786255,53039,53050,11
13.0821895599,80.2783203125,53050,53060,10
13.0821895599,80.2783432007,53060,53070,10
13.0820999146,80.2784423828,53070,53080,10
13.0819597244,80.2781219482,53080,53090,10
13.0818395615,80.2774505615,53090,53100,10
13.0817098618,80.2767486572,53100,53110,10
13.0815401077,80.2758636475,53110,53181,71
13.0815401077,80.2758636475,53181,53191,10
13.0815200806,80.2754898071,53191,53201,10
13.0814599991,80.2752304077,53201,53211,10
13.0810804367,80.275177002,53211,53221,10
13.080499649,80.2752532959,53221,53231,10
13.0799198151,80.2753067017,53231,53241,10
13.0792398453,80.2752380371,53241,53252,11
13.0783901215,80.2753601074,53252,53262,10
13.0780801773,80.2761077881,53262,53272,10
13.0773496628,80.2762374878,53272,53282,10
13.0764503479,80.2762908936,53282,53292,10
13.0754699707,80.2763214111,53292,53302,10
13.0744695663,80.2763824463,53302,53312,10
13.0739202499,80.2764663696,53312,53322,10
13.0739097595,80.2764816284,53322,53332,10
13.0736999512,80.276512146,53332,53342,10
13.0732402802,80.2761230469,53342,53353,11
13.0725097656,80.2752990723,53353,53363,10
13.0718803406,80.2746887207,53363,53383,20
13.0718803406,80.2746887207,53383,53393,10
13.0718402863,80.2746582031,53393,53403,10
13.0713701248,80.2744903564,53403,53413,10
13.0708303452,80.2743682861,53413,53423,10
13.0707302094,80.2742233276,53423,53433,10
13.0705299377,80.2739028931,53433,53443,10
13.0703601837,80.2734832764,53443,53454,11
13.0699100494,80.2729568481,53454,53464,10
13.069319725,80.2723388672,53464,53474,10
13.0685796738,80.271987915,53474,53494,20
13.0685796738,80.271987915,53494,53504,10
13.0683803558,80.2718887329,53504,53514,10
13.068110466,80.2715072632,53514,53524,10
13.0677995682,80.2709732056,53524,53533,9
13.0672502518,80.270362854,53533,53544,11
13.0665998459,80.2696762085,53544,53555,11
13.0663499832,80.2688293457,53555,53565,10
13.0662097931,80.2682495117,53565,53575,10
13.065779686,80.2677078247,53575,53585,10
13.0653095245,80.267578125,53585,53595,10
13.0651702881,80.2675933838,53595,53605,10
13.064620018,80.2675170898,53605,53615,10
13.0639200211,80.2674026489,53615,53625,10
13.0632801056,80.2673034668,53625,53635,10
13.0626401901,80.2670898438,53635,53645,10
13.0621500015,80.2664489746,53645,53656,11
13.0614795685,80.2656478882,53656,53666,10
13.0610399246,80.2651977539,53666,53676,10
13.0604400635,80.2654037476,53676,53686,10
13.0596399307,80.2656021118,53686,53696,10
13.0590496063,80.2654800415,53696,53706,10
13.0586299896,80.2654037476,53706,53716,10
13.0581703186,80.2651062012,53716,53725,9
13.0580101013,80.2644195557,53725,53736,11
13.0579004288,80.2637176514,53736,53746,10
13.057849884,80.2629623413,53746,53756,10
13.0577497482,80.262336731,53756,53767,11
13.0576095581,80.2615737915,53767,53777,10
13.0575199127,80.2611312866,53777,53787,10
13.0573797226,80.2606430054,53787,53797,10
13.0571098328,80.2597808838,53797,53807,10
13.0568704605,80.2589874268,53807,53817,10
13.0566596985,80.2581329346,53817,53827,10
13.0565099716,80.2574081421,53827,53837,10
13.0564498901,80.2572402954,53837,53847,10
13.0563802719,80.2568817139,53847,53857,10
13.0560998917,80.2561721802,53857,53868,11
13.0554199219,80.2552032471,53868,53877,9
13.0547800064,80.2543182373,53877,53888,11
13.0539999008,80.253288269,53888,53898,10
13.0532302856,80.2522125244,53898,53908,10
13.0524902344,80.2512207031,53908,53918,10
13.0518398285,80.2504577637,53918,53928,10
13.051030159,80.250038147,53928,53938,10
13.0500497818,80.2498321533,53938,53948,10
13.0489196777,80.2497177124,53948,53958,10
13.0481300354,80.249420166,53958,53969,11
13.047369957,80.2487716675,53969,53979,10
13.0469703674,80.2486190796,53979,53988,9
13.046959877,80.2486190796,53988,53999,11
13.0464496613,80.2485198975,53999,54009,10
13.0457201004,80.2483520508,54009,54019,10
13.0451002121,80.2481231689,54019,54029,10
13.0442800522,80.2479705811,54029,54039,10
13.0436000824,80.2478637695,54039,54049,10
13.0426397324,80.247718811,54049,54059,10
13.0417404175,80.247467041,54059,54070,11
13.0405797958,80.2472610474,54070,54080,10
13.0397396088,80.2470779419,54080,54120,40
13.0397396088,80.2470779419,54120,54130,10
13.0392103195,80.2468795776,54130,54140,10
13.038649559,80.2467803955,54140,54150,10
13.0378704071,80.2466583252,54150,54160,10
13.0369997025,80.2464981079,54160,54171,11
13.0359601974,80.2462768555,54171,54181,10
13.0350799561,80.2459793091,54181,54201,20
13.0350799561,80.2459793091,54201,54211,10
13.0348100662,80.2457504272,54211,54221,10
13.034529686,80.2452774048,54221,54231,10
13.0339698792,80.2445678711,54231,54241,10
13.033490181,80.2438812256,54241,54251,10
13.0328302383,80.2430267334,54251,54261,10
13.0321598053,80.2421875,54261,54272,11
13.0316200256,80.2412109375,54272,54282,10
13.0311899185,80.2402572632,54282,54352,70
13.0311899185,80.2402572632,54352,54362,10
13.0310201645,80.2399520874,54362,54379,17
13.0304603577,80.2387771606,54379,54391,12
13.029800415,80.2375869751,54391,54401,10
13.0290298462,80.236618042,54401,54411,10
13.0281400681,80.2356491089,54411,54421,10
13.0274896622,80.2346420288,54421,54431,10
13.0268497467,80.233581543,54431,54440,9
13.0263595581,80.2327575684,54440,54449,9
13.0260601044,80.231842041,54449,54461,12
13.0258197784,80.2308883667,54461,54472,11
13.0252799988,80.2298736572,54472,54483,11
13.0246801376,80.2291030884,54483,54493,10
13.0242204666,80.2285079956,54493,54502,9
13.0238895416,80.2281188965,54502,54513,11
13.0233602524,80.2275466919,54513,54543,30
13.0233602524,80.2275466919,54543,54553,10
13.0230903625,80.2273101807,54553,54563,10
13.0227603912,80.2269897461,54563,54573,10
13.0225000381,80.2266921997,54573,54584,11
13.0219697952,80.2262268066,54584,54594,10
13.0214004517,80.2257995605,54594,54604,10
13.0209503174,80.2254562378,54604,54614,10
13.0206403732,80.2252578735,54614,54624,10
13.0203104019,80.2250595093,54624,54634,10
13.0199098587,80.2248001099,54634,54644,10
13.0193796158,80.2245178223,54644,54654,10
13.0185098648,80.224609375,54654,54664,10
13.0176401138,80.2249679565,54664,54674,10
13.0169000626,80.2252807617,54674,54685,11
13.016409874,80.225479126,54685,54695,10
13.0157403946,80.2257232666,54695,54705,10
13.0151596069,80.2259597778,54705,54715,10
13.0149898529,80.226020813,54715,54725,10
13.0143995285,80.2262268066,54725,54745,20
13.0143995285,80.2262268066,54745,54755,10
13.0139102936,80.2264175415,54755,54765,10
13.0131797791,80.2266998291,54765,54775,10
13.0122299194,80.2270736694,54775,54786,11
13.011059761,80.2275314331,54786,54796,10
13.0099802017,80.2279663086,54796,54806,10
13.0091495514,80.2285232544,54806,54816,10
13.0089101791,80.2294921875,54816,54826,10
13.0086803436,80.2306594849,54826,54836,10
13.0084400177,80.2316665649,54836,54846,10
13.0082597733,80.2328567505,54846,54856,10
13.0082197189,80.2335128784,54856,54866,10
13.0080795288,80.2340011597,54866,54876,10
13.0079097748,80.2347335815,54876,54887,11
13.0077199936,80.2358322144,54887,54897,10
13.0075101852,80.2368392944,54897,54907,10
13.0073204041,80.2377624512,54907,54917,10
13.0071496964,80.2385635376,54917,54927,10
13.0069503784,80.239402771,54927,54937,10
13.0068998337,80.2399597168,54937,54947,10
13.0068101883,80.2405471802,54947,54957,10
13.0066795349,80.2413406372,54957,54967,10
13.0066404343,80.2422409058,54967,54977,10
13.0066699982,80.243019104,54977,54988,11
13.0066404343,80.243598938,54988,54998,10
13.0066003799,80.2446136475,54998,55008,10
13.0066404343,80.2456665039,55008,55018,10
13.0066995621,80.2464599609,55018,55028,10
13.0065097809,80.2472610474,55028,55038,10
13.0061597824,80.2473373413,55038,55048,10
13.006070137,80.2473526001,55048,55058,10
13.0055198669,80.2473297119,55058,55068,10
13.0046300888,80.2473678589,55068,55078,10
13.0035295486,80.2475128174,55078,55088,10
13.0024204254,80.2477264404,55088,55099,11
13.0011396408,80.2480392456,55099,55109,10
12.9998397827,80.2483673096,55109,55119,10
12.9984998703,80.2487182617,55119,55129,10
12.9971103668,80.2490692139,55129,55139,10
12.9956798553,80.2494430542,55139,55149,10
12.9944200516,80.2498016357,55149,55159,10
12.9933099747,80.2500915527,55159,55169,10
12.9921398163,80.2503585815,55169,55179,10
12.9913702011,80.250579834,55179,55190,11
12.9911203384,80.2506484985,55190,55200,10
12.9908895493,80.2506866455,55200,55210,10
12.9906101227,80.2507476807,55210,55220,10
12.9898004532,80.2509384155,55220,55230,10
12.9888296127,80.2511825562,55230,55240,10
12.988360405,80.2513427734,55240,55250,10
12.9879999161,80.2514419556,55250,55260,10
12.987660408,80.2515029907,55260,55270,10
12.9872999191,80.2515792847,55270,55280,10
12.986579895,80.2518005371,55280,55290,10
12.985830307,80.251953125,55290,55301,11
12.9848499298,80.2522201538,55301,55311,10
12.9838399887,80.2525024414,55311,55321,10
12.9828596115,80.2526779175,55321,55331,10
12.981880188,80.2527236938,55331,55341,10
12.9809598923,80.2527389526,55341,55351,10
12.9803199768,80.2528076172,55351,55361,10
12.9799203873,80.252822876,55361,55371,10
12.9793596268,80.2527236938,55371,55381,10
12.9786596298,80.2526168823,55381,55391,10
12.9785404205,80.2525634766,55391,55402,11
12.9780197144,80.2521362305,55402,55412,10
12.9771795273,80.2514877319,55412,55422,10
12.9759101868,80.251083374,55422,55432,10
12.9749603271,80.250793457,55432,55442,10
12.9741201401,80.250541687,55442,55452,10
12.9730596542,80.2502670288,55452,55462,10
12.9718599319,80.2499771118,55462,55472,10
12.970700264,80.2496795654,55472,55482,10
12.9696302414,80.2492828369,55482,55492,10
12.9686603546,80.2489089966,55492,55503,11
12.9676599503,80.2484893799,55503,55513,10
12.9668197632,80.2480926514,55513,55523,10
12.9659700394,80.2476882935,55523,55533,10
12.9651498795,80.2474136353,55533,55542,9
12.9650201797,80.2473602295,55542,55553,11
12.9648599625,80.2472686768,55553,55563,10
12.9642601013,80.2470169067,55563,55573,10
12.9636497498,80.2468185425,55573,55593,20
12.9636497498,80.2468185425,55593,55604,11
12.9633703232,80.2466583252,55604,55614,10
12.9628295898,80.2463531494,55614,55624,10
12.9619503021,80.2459487915,55624,55634,10
12.9610204697,80.2454986572,55634,55644,10
12.9600000381,80.2450485229,55644,55654,10
12.9593296051,80.2447662354,55654,55664,10
12.9591398239,80.2446517944,55664,55680,16
12.9580602646,80.244178772,55680,55692,12
12.9571695328,80.2438964844,55692,55701,9
12.9565200806,80.2437286377,55701,55713,12
12.9563703537,80.2436676025,55713,55723,10
12.955909729,80.2434616089,55723,55733,10
12.9551496506,80.243057251,55733,55743,10
12.954369545,80.2427062988,55743,55753,10
12.9533500671,80.2422790527,55753,55763,10
12.9523296356,80.2418823242,55763,55773,10
12.9517202377,80.2416915894,55773,55783,10
12.9516000748,80.2416534424,55783,55793,10
12.9511804581,80.2414779663,55793,55803,10
12.9504299164,80.2412414551,55803,55814,11
12.9494199753,80.2409362793,55814,55824,10
12.948679924,80.2406616211,55824,55834,10
12.947810173,80.2403030396,55834,55844,10
12.9472398758,80.2400588989,55844,55854,10
12.9471597672,80.2400436401,55854,55864,10
12.9467000961,80.2398605347,55864,55874,10
12.9459600449,80.2395172119,55874,55884,10
12.9451303482,80.2390213013,55884,55894,10
12.9443998337,80.2382583618,55894,55904,10
12.9436903,80.237487793,55904,55914,10
12.9429197311,80.2367630005,55914,55924,10
12.9418802261,80.2362976074,55924,55935,11
12.9406900406,80.2360305786,55935,55945,10
12.9398603439,80.2358169556,55945,55955,10
12.9397802353,80.2357711792,55955,55965,10
12.9394397736,80.2356109619,55965,55975,10
12.9387903214,80.2352600098,55975,55985,10
12.9380302429,80.234916687,55985,55995,10
12.9367599487,80.2342987061,55995,56005,10
12.9357595444,80.2338180542,56005,56016,11
12.9346599579,80.2333297729,56016,56026,10
12.9338798523,80.2329864502,56026,56036,10
12.933839798,80.232963562,56036,56046,10
12.9335002899,80.2328033447,56046,56056,10
12.9327697754,80.2324905396,56056,56066,10
12.9317598343,80.2321472168,56066,56076,10
12.9305801392,80.2317581177,56076,56086,10
12.929400444,80.2314834595,56086,56096,10
12.9286203384,80.231338501,56096,56106,10
12.9278402328,80.2312164307,56106,56117,11
12.9266796112,80.2310791016,56117,56127,10
12.925620079,80.2309265137,56127,56137,10
12.9244403839,80.2307815552,56137,56147,10
12.9232797623,80.2306289673,56147,56157,10
12.9221000671,80.2304382324,56157,56167,10
12.920999527,80.2302780151,56167,56177,10
12.9202604294,80.2302017212,56177,56187,10
12.9193601608,80.2300796509,56187,56197,10
12.9182796478,80.2299423218,56197,56207,10
12.917140007,80.2297973633,56207,56218,11
12.915719986,80.2296066284,56218,56228,10
12.9144802094,80.2294387817,56228,56238,10
12.9132699966,80.229309082,56238,56258,20
12.9132699966,80.229309082,56258,56268,10
12.9131202698,80.2292709351,56268,56278,10
12.9124603271,80.2291564941,56278,56288,10
12.9115400314,80.2290420532,56288,56298,10
12.9103403091,80.2288513184,56298,56308,10
12.9090204239,80.2286376953,56308,56318,10
12.9078798294,80.2284698486,56318,56329,11
12.906920433,80.2283630371,56329,56339,10
12.9062004089,80.2282562256,56339,56349,10
12.9053201675,80.2282180786,56349,56359,10
12.9044504166,80.2281723022,56359,56369,10
12.9036102295,80.2281494141,56369,56379,10
12.9026002884,80.2281036377,56379,56395,16
12.9010696411,80.228012085,56395,56407,12
12.9002199173,80.2279205322,56407,56415,8
12.8997001648,80.2279129028,56415,56428,13
12.8995599747,80.227897644,56428,56438,10
12.8994503021,80.2278823853,56438,56447,9
12.8989295959,80.2278213501,56447,56458,11
12.8979701996,80.2277679443,56458,56468,10
12.896900177,80.227722168,56468,56478,10
12.8955402374,80.2276763916,56478,56488,10
12.8943395615,80.2276229858,56488,56498,10
12.8932600021,80.2275009155,56498,56508,10
12.8925199509,80.2274169922,56508,56518,10
12.8924999237,80.2274169922,56518,56529,11
12.8918304443,80.2273788452,56529,56539,10
12.8907499313,80.2273712158,56539,56549,10
12.88945961,80.2273712158,56549,56559,10
12.8881998062,80.2273483276,56559,56569,10
12.8869600296,80.227180481,56569,56579,10
12.8858499527,80.2269134521,56579,56589,10
12.8850603104,80.2267837524,56589,56599,10
12.8847904205,80.2267608643,56599,56609,10
12.8845500946,80.2267532349,56609,56619,10
12.8837900162,80.2267379761,56619,56630,11
12.8825798035,80.2267379761,56630,56640,10
12.8814601898,80.2267379761,56640,56650,10
12.8802995682,80.2267608643,56650,56659,9
12.8791503906,80.2267837524,56659,56670,11
12.8777399063,80.226890564,56670,56679,9
12.8768501282,80.2269821167,56679,56690,11
12.8765001297,80.2270126343,56690,56700,10
12.8764200211,80.2270126343,56700,56710,10
12.8758897781,80.2270202637,56710,56720,10
12.8749599457,80.2269287109,56720,56731,11
12.8737001419,80.2267684937,56731,56741,10
12.8727798462,80.2267532349,56741,56751,10
12.8726701736,80.2267379761,56751,56761,10
12.8723497391,80.2267227173,56761,56771,10
12.8714599609,80.2266921997,56771,56781,10
12.8702602386,80.2266235352,56781,56791,10
12.8689002991,80.2264633179,56791,56801,10
12.8675498962,80.2264709473,56801,56811,10
12.8662996292,80.2266082764,56811,56821,10
12.8650798798,80.2266311646,56821,56832,11
12.8637104034,80.2265625,56832,56842,10
12.8622999191,80.2265930176,56842,56852,10
12.8612203598,80.2266387939,56852,56862,10
12.8610095978,80.2266387939,56862,56872,10
12.8607196808,80.226600647,56872,56882,10
12.8599796295,80.2265014648,56882,56892,10
12.8590497971,80.2263565063,56892,56908,16
12.8578300476,80.2262802124,56908,56921,13
12.8563804626,80.2263870239,56921,56931,10
12.8549995422,80.2265319824,56931,56942,11
12.8533296585,80.2266998291,56942,56952,10
12.8517303467,80.2266769409,56952,56962,10
12.8505296707,80.2266616821,56962,56972,10
12.8502902985,80.2266616821,56972,56982,10
12.8501300812,80.2266387939,56982,56992,10
12.849439621,80.2266235352,56992,57001,9
12.8485097885,80.2266235352,57001,57011,10
12.8472795486,80.2266387939,57011,57022,11
12.8461799622,80.2266464233,57022,57032,10
12.8455200195,80.2266464233,57032,57053,21
12.8455200195,80.2266464233,57053,57063,10
12.8451700211,80.2266387939,57063,57073,10
12.8442401886,80.2266998291,57073,57083,10
12.8431396484,80.226852417,57083,57093,10
12.8418798447,80.2271194458,57093,57103,10
12.8407402039,80.2274169922,57103,57113,10
12.839799881,80.2276763916,57113,57144,31
12.839799881,80.2276763916,57144,57154,10
12.8395299911,80.2277832031,57154,57164,10
12.8388299942,80.2279815674,57164,57174,10
12.837770462,80.2282104492,57174,57184,10
12.8364496231,80.2284393311,57184,57194,10
12.835149765,80.2286376953,57194,57204,10
12.8341798782,80.228767395,57204,57214,10
12.8330698013,80.2289886475,57214,57224,10
12.8322896957,80.2291564941,57224,57234,10
12.832159996,80.2291793823,57234,57245,11
12.831489563,80.2293014526,57245,57255,10
12.8305397034,80.2296218872,57255,57265,10
12.8294801712,80.2300415039,57265,57275,10
12.8283004761,80.2305908203,57275,57285,10
12.8272199631,80.2311935425,57285,57295,10
12.8260803223,80.2313995361,57295,57305,10
12.8248195648,80.2314224243,57305,57314,9
12.8237800598,80.2311935425,57314,57325,11
12.8223896027,80.2307510376,57325,57335,10
12.8211698532,80.230506897,57335,57346,11
12.8198404312,80.2305374146,57346,57356,10
12.8190202713,80.2305603027,57356,57366,10
12.8188695908,80.2305297852,57366,57376,10
12.8184404373,80.2303009033,57376,57386,10
12.8175601959,80.2298812866,57386,57396,10
12.8165502548,80.2295379639,57396,57406,10
12.8152999878,80.2293624878,57406,57416,10
12.8141002655,80.2291564941,57416,57426,10
12.8128099442,80.2287597656,57426,57436,10
12.8114004135,80.2282485962,57436,57447,11
12.8100004196,80.2276916504,57447,57457,10
12.8089399338,80.2270965576,57457,57467,10
12.8079395294,80.226272583,57467,57477,10
12.8070201874,80.2254867554,57477,57487,10
12.8062295914,80.2247695923,57487,57497,10
12.805560112,80.2242202759,57497,57507,10
12.8049201965,80.2239990234,57507,57517,10
12.8045701981,80.2239379883,57517,57527,10
12.8044996262,80.2239379883,57527,57537,10
12.8039999008,80.2238998413,57537,57548,11
12.8031396866,80.2238311768,57548,57558,10
12.8021602631,80.2237091064,57558,57568,10
12.8010396957,80.2236175537,57568,57578,10
12.8007802963,80.2236099243,57578,57587,9
12.8007497787,80.2236099243,57587,57598,11
12.8000602722,80.2235107422,57598,57608,10
12.7989997864,80.2234420776,57608,57618,10
12.7977800369,80.2232971191,57618,57628,10
12.7966995239,80.2231369019,57628,57638,10
12.7959403992,80.2229995728,57638,57649,11
12.7958202362,80.2229690552,57649,57659,10
12.795249939,80.2228393555,57659,57669,10
12.7943601608,80.2226867676,57669,57679,10
12.7932500839,80.2225189209,57679,57689,10
12.7920503616,80.2223129272,57689,57699,10
12.7909202576,80.2220230103,57699,57709,10
12.789899826,80.2217712402,57709,57719,10
12.7893695831,80.2215805054,57719,57729,10
12.7887897491,80.2213516235,57729,57739,10
12.7881498337,80.2211074829,57739,57749,10
12.7876796722,80.220916748,57749,57760,11
12.7871799469,80.2207183838,57760,57770,10
12.7868099213,80.2205810547,57770,57780,10
12.7867603302,80.2205581665,57780,57790,10
12.78647995,80.2204437256,57790,57806,16
12.7864103317,80.2204208374,57806,57818,12
12.7862195969,80.2203598022,57818,57828,10
12.7861700058,80.220451355,57828,57838,10
12.7861604691,80.2206573486,57838,57848,10
12.7861604691,80.2208404541,57848,57859,11
12.7861995697,80.2210769653,57859,57868,9
12.7862195969,80.2214431763,57868,57930,62
12.7862195969,80.2214431763,57930,57940,10
12.7862596512,80.2217788696,57940,57950,10
12.7862596512,80.2219161987,57950,58365,415
12.7863197327,80.2219619751,58365,58516,151
12.7862901688,80.2219009399,58516,58728,212
12.7862701416,80.2219085693,58728,59304,576
12.7863302231,80.2219085693,59304,59364,60
12.7863302231,80.2219085693,59364,59374,10
12.7862501144,80.2215270996,59374,59405,31
12.7862100601,80.2211608887,59405,59425,20
12.7862100601,80.2211608887,59425,59435,10
12.7861995697,80.2209320068,59435,59445,10
12.7861995697,80.2209014893,59445,59455,10
12.7861795425,80.2207107544,59455,59465,10
12.7861795425,80.2206573486,59465,59475,10
12.786190033,80.2203903198,59475,59576,101
12.786190033,80.2203903198,59576,59587,11
12.7866802216,80.2205581665,59587,59597,10
12.7868204117,80.2205963135,59597,59607,10
12.7870502472,80.2207183838,59607,59617,10
12.7871799469,80.2207565308,59617,59627,10
12.7875003815,80.2209014893,59627,59637,10
12.788020134,80.2210922241,59637,59647,10
12.7886104584,80.2213287354,59647,59657,10
12.7892799377,80.2215576172,59657,59667,10
12.7896795273,80.2216873169,59667,59677,10
12.7903995514,80.2218780518,59677,59688,11
12.7914600372,80.2221298218,59688,59698,10
12.7925300598,80.222366333,59698,59708,10
12.7937097549,80.2225494385,59708,59718,10
12.7948598862,80.2227401733,59718,59728,10
12.7959003448,80.2229232788,59728,59738,10
12.7965097427,80.2229766846,59738,59748,10
12.7965803146,80.2230072021,59748,59758,10
12.7970104218,80.2231216431,59758,59768,10
12.7979097366,80.2232666016,59768,59778,10
12.7989702225,80.2233886719,59778,59789,11
12.800239563,80.223487854,59789,59799,10
12.8013601303,80.2235794067,59799,59809,10
12.8024396896,80.2236862183,59809,59819,10
12.8029899597,80.2237930298,59819,59829,10
12.8037796021,80.2238464355,59829,59839,10
12.8044395447,80.2238922119,59839,59849,10
12.804980278,80.2239990234,59849,59859,10
12.8051700592,80.2239990234,59859,59869,10
12.8052797318,80.2240066528,59869,59879,10
12.8054800034,80.2240982056,59879,59890,11
12.8055801392,80.2241516113,59890,59900,10
12.806019783,80.2245178223,59900,59910,10
12.8066596985,80.2250976563,59910,59920,10
12.8074102402,80.2257537842,59920,59930,10
12.8083095551,80.2265167236,59930,59940,10
12.8092098236,80.2272415161,59940,59950,10
12.8102302551,80.2277526855,59950,59960,10
12.8112401962,80.2281723022,59960,59970,10
12.8124799728,80.2286300659,59970,59980,10
12.8137197495,80.2290496826,59980,59991,11
12.815079689,80.2293395996,59991,60001,10
12.8163299561,80.2294998169,60001,60011,10
12.8174600601,80.2298126221,60011,60021,10
12.8184099197,80.2302474976,60021,60031,10
12.8192996979,80.2304992676,60031,60041,10
12.8202896118,80.23046875,60041,60051,10
12.8214998245,80.2304763794,60051,60061,10
12.8226299286,80.2307662964,60061,60071,10
12.8236503601,80.2311019897,60071,60081,10
12.8248195648,80.2313690186,60081,60091,10
12.8260297775,80.2313690186,60091,60102,11
12.8273096085,80.2311019897,60102,60112,10
12.8283996582,80.2305221558,60112,60122,10
12.8294801712,80.2300033569,60122,60132,10
12.8305101395,80.2295837402,60132,60142,10
12.8310699463,80.2293395996,60142,60152,10
12.8311500549,80.2293167114,60152,60162,10
12.8315095901,80.2292098999,60162,60172,10
12.831609726,80.2291564941,60172,60182,10
12.831990242,80.2290725708,60182,60192,10
12.8327302933,80.2289428711,60192,60203,11
12.8338804245,80.2287597656,60203,60213,10
12.8350696564,80.2285690308,60213,60223,10
12.8362998962,80.2283935547,60223,60233,10
12.8374996185,80.228187561,60233,60243,10
12.8385801315,80.2279586792,60243,60253,10
12.8393802643,80.2277526855,60253,60304,51
12.8393802643,80.2277526855,60304,60314,10
12.8397197723,80.2276535034,60314,60324,10
12.8403396606,80.2274703979,60324,60340,16
12.8418998718,80.2270507813,60340,60352,12
12.8431196213,80.2267837524,60352,60362,10
12.8439702988,80.2266082764,60362,60372,10
12.8449296951,80.2265014648,60372,60382,10
12.8453998566,80.2264633179,60382,60392,10
12.845410347,80.2264633179,60392,60402,10
12.8455696106,80.2264633179,60402,60412,10
12.8456497192,80.2264633179,60412,60423,11
12.8458995819,80.2265090942,60423,60432,9
12.8464603424,80.2265472412,60432,60443,11
12.8473501205,80.2265319824,60443,60453,10
12.8482999802,80.2265319824,60453,60463,10
12.8487100601,80.2265396118,60463,60473,10
12.8489198685,80.2265396118,60473,60483,10
12.8495597839,80.2265625,60483,60493,10
12.8504695892,80.2265625,60493,60504,11
12.8516597748,80.2266311646,60504,60514,10
12.8528699875,80.2267074585,60514,60524,10
12.8542003632,80.2266082764,60524,60534,10
12.8555402756,80.2264480591,60534,60544,10
12.8568401337,80.2263183594,60544,60554,10
12.8579797745,80.2262268066,60554,60564,10
12.8587999344,80.226272583,60564,60574,10
12.8598003387,80.2264404297,60574,60584,10
12.8608503342,80.2265319824,60584,60594,10
12.8618497849,80.2265472412,60594,60605,11
12.8632097244,80.2265167236,60605,60615,10
12.8645000458,80.2265472412,60615,60625,10
12.8658399582,80.2265777588,60625,60635,10
12.8670597076,80.2265014648,60635,60645,10
12.8682203293,80.2263870239,60645,60655,10
12.8694400787,80.2264709473,60655,60665,10
12.8706197739,80.226600647,60665,60675,10
12.8717603683,80.2266616821,60675,60691,16
12.8729000092,80.2266387939,60691,60703,12
12.8729400635,80.2266235352,60703,60714,11
12.873339653,80.2266464233,60714,60724,10
12.8743000031,80.2267379761,60724,60734,10
12.8752698898,80.2268676758,60734,60744,10
12.8761196136,80.2269363403,60744,60754,10
12.8766002655,80.2269287109,60754,60764,10
12.8767299652,80.2269210815,60764,60774,10
12.876999855,80.2269287109,60774,60783,9
12.8776302338,80.2268676758,60783,60794,11
12.8786096573,80.2267837524,60794,60804,10
12.8796195984,80.2267379761,60804,60815,11
12.8807697296,80.2267227173,60815,60825,10
12.8818702698,80.2267303467,60825,60835,10
12.8830795288,80.2267074585,60835,60845,10
12.8842201233,80.2266921997,60845,60855,10
12.8850603104,80.2266769409,60855,60865,10
12.8852596283,80.2266998291,60865,60875,10
12.8853797913,80.2267074585,60875,60885,10
12.8859395981,80.226852417,60885,60895,10
12.8868303299,80.2270889282,60895,60905,10
12.8879203796,80.2272796631,60905,60916,11
12.8892803192,80.2273406982,60916,60926,10
12.8905601501,80.2273330688,60926,60936,10
12.8915996552,80.2273330688,60936,60946,10
12.8926200867,80.2273635864,60946,60956,10
12.8937902451,80.2275085449,60956,60966,10
12.8949899673,80.2276000977,60966,60976,10
12.8961801529,80.2276535034,60976,60986,10
12.8973703384,80.2277069092,60986,60996,10
12.8985099792,80.2277832031,60996,61006,10
12.8994598389,80.2278366089,61006,61017,11
12.9000597,80.2277984619,61017,61027,10
12.9003295898,80.2277908325,61027,61037,10
12.9006204605,80.2278289795,61037,61047,10
12.9009895325,80.2278671265,61047,61057,10
12.9013299942,80.2279205322,61057,61067,10
12.9018096924,80.2279205322,61067,61077,10
12.9025297165,80.2279434204,61077,61087,10
12.9028902054,80.2279586792,61087,61097,10
12.9029598236,80.2279510498,61097,61107,10
12.9032402039,80.2279586792,61107,61118,11
12.9032402039,80.2279510498,61118,61128,10
12.9035196304,80.2279815674,61128,61138,10
12.9041996002,80.2280731201,61138,61148,10
12.9051799774,80.2281112671,61148,61158,10
12.9064397812,80.2281723022,61158,61178,20
12.9064397812,80.2281723022,61178,61188,10
12.9066696167,80.228187561,61188,61198,10
12.9073095322,80.2282867432,61198,61208,10
12.908200264,80.2284393311,61208,61219,11
12.9092903137,80.2286529541,61219,61229,10
12.9105100632,80.2288513184,61229,61239,10
12.9117603302,80.2290267944,61239,61249,10
12.9129800797,80.2291793823,61249,61259,10
12.9139604568,80.2292785645,61259,61269,10
12.9141397476,80.2292785645,61269,61279,10
12.9143400192,80.229309082,61279,61289,10
12.9149999619,80.2294387817,61289,61299,10
12.9159698486,80.229598999,61299,61309,10
12.9170303345,80.2297515869,61309,61320,11
12.9182195663,80.2298965454,61320,61330,10
12.9193696976,80.2300491333,61330,61340,10
12.9206399918,80.23021698,61340,61350,10
12.9219799042,80.2303924561,61350,61360,10
12.9231796265,80.2305831909,61360,61370,10
12.9243402481,80.2307510376,61370,61380,10
12.9254703522,80.2308807373,61380,61390,10
12.9262399673,80.2309417725,61390,61400,10
12.9264097214,80.2309570313,61400,61410,10
12.9268398285,80.2310180664,61410,61421,11
12.9277896881,80.2311172485,61421,61431,10
12.9285697937,80.2312164307,61431,61441,10
12.9293203354,80.2313690186,61441,61451,10
12.9301595688,80.2315597534,61451,61461,10
12.9310998917,80.2318191528,61461,61471,10
12.932009697,80.2321166992,61471,61481,10
12.9329500198,80.232421875,61481,61491,10
12.9336395264,80.2327270508,61491,61501,10
12.9337100983,80.2327575684,61501,61511,10
12.9338502884,80.2328491211,61511,61521,10
12.9344596863,80.2331390381,61521,61532,11
12.9352998734,80.2334976196,61532,61542,10
12.936050415,80.2338485718,61542,61552,10
12.9368600845,80.2342376709,61552,61562,10
12.9377603531,80.2346801758,61562,61572,10
12.938659668,80.2351379395,61572,61582,10
12.9393796921,80.2355117798,61582,61592,10
12.9396800995,80.2356491089,61592,61602,10
12.9397802353,80.2356872559,61602,61612,10
12.9401397705,80.2358169556,61612,61622,10
12.9409103394,80.2360305786,61622,61633,11
12.9419202805,80.236289978,61633,61643,10
12.9428701401,80.2366714478,61643,61653,10
12.9435195923,80.2371826172,61653,61663,10
12.9439001083,80.2375869751,61663,61673,10
12.9445800781,80.2383575439,61673,61682,9
12.9453496933,80.2391433716,61682,61694,12
12.9466295242,80.2397613525,61694,61704,10
12.9472999573,80.2400131226,61704,61714,10
12.9474496841,80.2400512695,61714,61725,11
12.9475803375,80.2400817871,61725,61735,10
12.9480800629,80.2403106689,61735,61745,10
12.9488801956,80.2406082153,61745,61795,50
12.9488801956,80.2406082153,61795,61805,10
12.9492397308,80.2407608032,61805,61815,10
12.9499197006,80.2409667969,61815,61825,10
12.9506397247,80.2412033081,61825,61836,11
12.9511404037,80.2413635254,61836,61846,10
12.9512195587,80.2413864136,61846,61856,10
12.9516801834,80.241569519,61856,61866,10
12.9522895813,80.2418212891,61866,61876,10
12.9530496597,80.2421035767,61876,61886,10
12.9536504745,80.2423019409,61886,61896,10
12.9544696808,80.2426605225,61896,61906,10
12.9551401138,80.2429199219,61906,61916,10
12.9558801651,80.2431564331,61916,61926,10
12.956410408,80.2433319092,61926,61957,31
12.956410408,80.2433319092,61957,61967,10
12.9566402435,80.2433624268,61967,61977,10
12.9570798874,80.2436065674,61977,61987,10
12.9577999115,80.2439575195,61987,61997,10
12.9585399628,80.2443008423,61997,62007,10
12.9590396881,80.2444763184,62007,62017,10
12.9591703415,80.2445602417,62017,62027,10
12.9596204758,80.2447967529,62027,62038,11
12.9604701996,80.2452011108,62038,62048,10
12.9614295959,80.2456588745,62048,62058,10
12.9624204636,80.2461395264,62058,62068,10
12.9633798599,80.2466278076,62068,62098,30
12.9633798599,80.2466278076,62098,62108,10
12.9633998871,80.24659729,62108,62118,10
12.9637804031,80.2467803955,62118,62128,10
12.9643602371,80.2470092773,62128,62139,11
12.9651899338,80.2472991943,62139,62149,10
12.9660596848,80.2475891113,62149,62159,10
12.9666204453,80.2478179932,62159,62169,10
12.9666595459,80.2478485107,62169,62179,10
12.9667596817,80.2479171753,62179,62189,10
12.9670801163,80.2481002808,62189,62199,10
12.9677400589,80.2484130859,62199,62209,10
12.9686002731,80.2487411499,62209,62219,10
12.9695701599,80.2491378784,62219,62229,10
12.9706296921,80.2495498657,62229,62240,11
12.9718198776,80.2499008179,62240,62250,10
12.9728603363,80.2501831055,62250,62260,10
12.9738798141,80.2504196167,62260,62270,10
12.9749603271,80.2507400513,62270,62280,10
12.9760398865,80.2510681152,62280,62290,10
12.9771299362,80.2514038086,62290,62300,10
12.9779396057,80.2519302368,62300,62310,10
12.9785404205,80.2523574829,62310,62320,10
12.9787197113,80.2524490356,62320,62336,16
12.9796895981,80.2526473999,62336,62349,13
12.9807596207,80.2526931763,62349,62359,10
12.9816303253,80.2526626587,62359,62367,8
12.9828596115,80.2526168823,62367,62379,12
12.9841499329,80.2523727417,62379,62389,10
12.9853696823,80.2520217896,62389,62399,10
12.9862699509,80.2517471313,62399,62438,39
12.9862699509,80.2517471313,62438,62449,11
12.9865102768,80.2516784668,62449,62460,11
12.9868497849,80.2515869141,62460,62470,10
12.9871397018,80.2515029907,62470,62480,10
12.9874801636,80.2514038086,62480,62490,10
12.9880304337,80.2512664795,62490,62500,10
12.9888896942,80.2510681152,62500,62510,10
12.9895200729,80.2508621216,62510,62520,10
12.9895401001,80.2508621216,62520,62530,10
12.9898195267,80.250793457,62530,62540,10
12.990480423,80.2506637573,62540,62551,11
12.9913702011,80.2504425049,62551,62561,10
12.9923496246,80.2501983643,62561,62571,10
12.9934396744,80.2499237061,62571,62581,10
12.9945297241,80.2496490479,62581,62591,10
12.9955596924,80.2493972778,62591,62601,10
12.9966497421,80.2490768433,62601,62611,10
12.9978399277,80.2487869263,62611,62621,10
12.9991102219,80.2484817505,62621,62631,10
13.0002603531,80.2481994629,62631,62641,10
13.0013303757,80.2479400635,62641,62652,11
13.0022497177,80.2477111816,62652,62661,9
13.0029602051,80.2475814819,62661,62672,11
13.0042104721,80.2473907471,62672,62682,10
13.0052404404,80.247253418,62682,62692,10
13.006070137,80.246963501,62692,62702,10
13.006480217,80.246421814,62702,62722,20
13.006480217,80.246421814,62722,62732,10
13.0065498352,80.2461471558,62732,62742,10
13.0066003799,80.2455368042,62742,62753,11
13.0065803528,80.2445526123,62753,62763,10
13.0065803528,80.243637085,62763,62773,10
13.0065698624,80.2427978516,62773,62783,10
13.0065498352,80.241859436,62783,62793,10
13.0066003799,80.2410736084,62793,62803,10
13.0066795349,80.2406234741,62803,62813,10
13.0067996979,80.2399978638,62813,62823,10
13.0068998337,80.239402771,62823,62833,10
13.007060051,80.2386169434,62833,62843,10
13.0072402954,80.2378005981,62843,62854,11
13.007349968,80.2370605469,62854,62864,10
13.0073795319,80.2368927002,62864,62874,10
13.0074596405,80.236618042,62874,62884,10
13.0075902939,80.2360916138,62884,62894,10
13.0077600479,80.2352905273,62894,62904,10
13.0079402924,80.2343826294,62904,62914,10
13.0081596375,80.2333068848,62914,62924,10
13.0083904266,80.232131958,62924,62934,10
13.0086202621,80.23097229,62934,62944,10
13.0088396072,80.2297668457,62944,62956,12
13.0090999603,80.228477478,62956,62967,11
13.009469986,80.2274475098,62967,62977,10
13.009929657,80.2264785767,62977,62987,10
13.0102996826,80.2256622314,62987,62997,10
13.0106801987,80.224861145,62997,63007,10
13.0112495422,80.2235717773,63007,63027,20
13.011179924,80.2234115601,63027,63048,21
13.011179924,80.2234115601,63048,63058,10
13.0113697052,80.2231369019,63058,63068,10
13.0116596222,80.2225189209,63068,63078,10
13.0120000839,80.2218322754,63078,63088,10
13.0123500824,80.2215805054,63088,63098,10
13.0126495361,80.2220306396,63098,63108,10
13.0132398605,80.222618103,63108,63118,10
13.0138101578,80.2232131958,63118,63128,10
13.0141296387,80.2234725952,63128,63138,10
13.0143995285,80.2238388062,63138,63148,10
13.014840126,80.2244110107,63148,63159,11
13.015540123,80.2249984741,63159,63179,20
13.015540123,80.2249984741,63179,63189,10
13.0158395767,80.225227356,63189,63199,10
13.0165195465,80.2253036499,63199,63209,10
13.0174503326,80.2249679565,63209,63219,10
13.0184001923,80.224609375,63219,63229,10
13.0192203522,80.2244415283,63229,63239,10
13.0197601318,80.2246017456,63239,63249,10
13.0201997757,80.2249069214,63249,63260,11
13.0206804276,80.2252426147,63260,63270,10
13.0210800171,80.2255325317,63270,63280,10
13.0215501785,80.2258987427,63280,63290,10
13.0224399567,80.2265625,63290,63310,20
13.0224399567,80.2265625,63310,63320,10
13.0226402283,80.2267608643,63320,63336,16
13.0234003067,80.2274780273,63336,63348,12
13.024140358,80.2282028198,63348,63359,11
13.0245704651,80.2287902832,63359,63369,10
13.0250597,80.2294921875,63369,63379,10
13.0256099701,80.2303085327,63379,63389,10
13.0260400772,80.2313766479,63389,63429,40
13.0260400772,80.2313766479,63429,63439,10
13.0261802673,80.2318496704,63439,63449,10
13.0264797211,80.2327194214,63449,63460,11
13.0270700455,80.2337799072,63460,63471,11
13.0277299881,80.2349472046,63471,63481,10
13.0284500122,80.2359771729,63481,63491,10
13.0291795731,80.2367782593,63491,63501,10
13.0296802521,80.2373428345,63501,63511,10
13.0301198959,80.238067627,63511,63521,10
13.0305404663,80.2387619019,63521,63531,10
13.0307798386,80.2391281128,63531,63551,20
13.0307798386,80.2391281128,63551,63562,11
13.0309495926,80.2394638062,63562,63572,10
13.0310697556,80.2396774292,63572,63582,10
13.0311803818,80.2399291992,63582,63592,10
13.0313796997,80.2403106689,63592,63602,10
13.0315198898,80.2409515381,63602,63612,10
13.0318498611,80.2416305542,63612,63622,10
13.0322799683,80.2423095703,63622,63632,10
13.032790184,80.2429580688,63632,63642,10
13.0333299637,80.2436828613,63642,63652,10
13.0338602066,80.2444076538,63652,63663,11
13.0343399048,80.2450714111,63663,63673,10
13.0347995758,80.2456207275,63673,63683,10
13.0351600647,80.2459793091,63683,63693,10
13.0353002548,80.2460403442,63693,63703,10
13.035779953,80.2462310791,63703,63713,10
13.0358800888,80.2462768555,63713,63723,10
13.036239624,80.246383667,63723,63733,10
13.0369501114,80.2465286255,63733,63743,10
13.0375204086,80.2464370728,63743,63753,10
13.038020134,80.2465591431,63753,63764,11
13.0388698578,80.2467803955,63764,63834,70
13.0388698578,80.2467803955,63834,63844,10
13.0392599106,80.2469024658,63844,63854,10
13.0397596359,80.2470016479,63854,63865,11
13.0405797958,80.2471618652,63865,63875,10
13.0414199829,80.2473220825,63875,63885,10
13.0420503616,80.247467041,63885,63895,10
13.042599678,80.2476501465,63895,63905,10
13.0431804657,80.2478408813,63905,63915,10
13.043800354,80.2478485107,63915,63925,10
13.0443000793,80.247833252,63925,63935,10
13.0449304581,80.2479934692,63935,63945,10
13.0453395844,80.2481994629,63945,63955,10
13.0459403992,80.2484588623,63955,63966,11
13.0471200943,80.2484588623,63966,63986,20
13.0471200943,80.2484588623,63986,63996,10
13.0474100113,80.2486419678,63996,64006,10
13.0478200912,80.2490463257,64006,64016,10
13.0479202271,80.2491607666,64016,64026,10
13.0480604172,80.2492828369,64026,64036,10
13.0484399796,80.2495803833,64036,64046,10
13.0488195419,80.249710083,64046,64056,10
13.0496997833,80.2498168945,64056,64067,11
13.0508804321,80.2500610352,64067,64077,10
13.051779747,80.2504425049,64077,64087,10
13.052280426,80.2509384155,64087,64097,10
13.0528697968,80.2517318726,64097,64107,10
13.0535497665,80.2526168823,64107,64117,10
13.0541601181,80.2534713745,64117,64127,10
13.0547304153,80.2542266846,64127,64137,10
13.0552301407,80.2548980713,64137,64147,10
13.0557804108,80.2556762695,64147,64157,10
13.0562801361,80.2563400269,64157,64168,11
13.0569496155,80.2569885254,64168,64178,10
13.0576400757,80.257598877,64178,64188,10
13.0581598282,80.2581863403,64188,64198,10
13.058719635,80.2588729858,64198,64208,10
13.0591602325,80.2595062256,64208,64218,10
13.0596399307,80.2601394653,64218,64228,10
13.0602502823,80.2607192993,64228,64238,10
13.0606603622,80.2612228394,64238,64248,10
13.0607595444,80.2613372803,64248,64258,10
13.0609102249,80.2615509033,64258,64269,11
13.0612802505,80.2619934082,64269,64279,10
13.0616197586,80.2623825073,64279,64289,10
13.061920166,80.2627410889,64289,64299,10
13.0620603561,80.2629165649,64299,64309,10
13.0624103546,80.2633666992,64309,64318,9
13.0628404617,80.2638397217,64318,64329,11
13.0633602142,80.264503479,64329,64339,10
13.0636796951,80.265083313,64339,64349,10
13.0640602112,80.265663147,64349,64359,10
13.0644702911,80.2661972046,64359,64370,11
13.0649299622,80.2668228149,64370,64380,10
13.0654697418,80.2672195435,64380,64390,10
13.0659599304,80.267791748,64390,64400,10
13.0663795471,80.2682266235,64400,64420,20
13.0663795471,80.2682266235,64420,64430,10
13.0665302277,80.2683792114,64430,64440,10
13.0668897629,80.2685775757,64440,64450,10
13.0674600601,80.2689590454,64450,64460,10
13.0680599213,80.269317627,64460,64471,11
13.0683403015,80.2695465088,64471,64481,10
13.0682897568,80.2699203491,64481,64491,10
13.0682296753,80.2703933716,64491,64501,10
13.0681600571,80.2710418701,64501,64517,16
13.0684099197,80.2716674805,64517,64529,12
13.0687999725,80.2719116211,64529,64539,10
13.0690803528,80.2720565796,64539,64549,10
13.069729805,80.2727432251,64549,64559,10
13.0702800751,80.2733688354,64559,64569,10
13.0709896088,80.2740631104,64569,64600,31
13.0709896088,80.2740631104,64600,64610,10
13.0712995529,80.2741394043,64610,64621,11
13.0716495514,80.2742919922,64621,64631,10
13.0720796585,80.2746734619,64631,64641,10
13.0725402832,80.2751693726,64641,64651,10
13.0730400085,80.275718689,64651,64661,10
13.0735197067,80.2762298584,64661,64672,11
13.074259758,80.2763366699,64672,64682,10
13.0752096176,80.2763214111,64682,64692,10
13.0760602951,80.2762908936,64692,64702,10
13.0767698288,80.276260376,64702,64712,10
13.077580452,80.2761993408,64712,64722,10
13.0781698227,80.2758712769,64722,64732,10
13.0785198212,80.2751998901,64732,64742,10
13.0793304443,80.2752304077,64742,64744,2
13.0793304443,80.2752304077,64744,64791,47
13.0820798874,80.2754135132,64791,64801,10
13.0820999146,80.275642395,64801,65518,717
13.0820999146,80.275642395,65518,65528,10
13.0820598602,80.275718689,65528,65538,10
13.0820198059,80.2759475708,65538,65548,10
13.0818595886,80.2760162354,65548,65558,10
13.0818195343,80.2762069702,65558,65568,10
13.0818500519,80.2766036987,65568,65578,10
13.0819301605,80.2771835327,65578,65589,11
13.0820398331,80.2779006958,65589,65599,10
13.0824604034,80.2780075073,65599,65609,10
13.0830898285,80.2780532837,65609,65619,10
13.0832700729,80.2780532837,65619,65629,10
13.0834503174,80.2783584595,65629,65639,10
13.0835800171,80.2788314819,65639,65649,10
13.08314991,80.2788772583,65649,65659,10
13.0823402405,80.2785873413,65659,65720,61
13.0823402405,80.2785873413,65720,65730,10
13.0819196701,80.2783889771,65730,65740,10
13.0818500519,80.2779312134,65740,65750,10
13.0817403793,80.2772064209,65750,65760,10
13.081609726,80.2761764526,65760,65770,10
13.0815095901,80.275642395,65770,65780,10
13.0813999176,80.2752304077,65780,65791,11
13.0813102722,80.2751617432,65791,65801,10
13.0810403824,80.275177002,65801,65811,10
13.0803098679,80.2752685547,65811,65821,10
13.0795001984,80.2752990723,65821,65831,10
13.0786399841,80.275177002,65831,65841,10
13.0781698227,80.2758789063,65841,65851,10
13.0775299072,80.2762298584,65851,65861,10
13.0766601563,80.2762832642,65861,65871,10
13.0756797791,80.2763214111,65871,65881,10
13.0747003555,80.2763519287,65881,65892,11
13.0741195679,80.2764129639,65892,65902,10
13.0737600327,80.2764663696,65902,65912,10
13.0732698441,80.2761230469,65912,65922,10
13.072719574,80.2754974365,65922,65932,10
13.0721797943,80.2749633789,65932,65942,10
13.0719003677,80.2746887207,65942,65960,18
13.0710496902,80.2744674683,65960,65972,12
13.0708799362,80.2744293213,65972,65982,10
13.0707502365,80.2742996216,65982,65992,10
13.070520401,80.2739105225,65992,66003,11
13.0701904297,80.2733306885,66003,66013,10
13.0697002411,80.2727432251,66013,66023,10
13.0691995621,80.2722167969,66023,66033,10
13.0686502457,80.2719116211,66033,66094,61
13.0686502457,80.2719116211,66094,66104,10
13.0683603287,80.2718276978,66104,66114,10
13.0681695938,80.2715835571,66114,66124,10
13.0679197311,80.2710418701,66124,66134,10
13.0676803589,80.2707138062,66134,66144,10
13.0668296814,80.2699508667,66144,66154,10
13.0664396286,80.269241333,66154,66164,10
13.0663700104,80.2685775757,66164,66174,10
13.0660104752,80.2680435181,66174,66184,10
13.0656204224,80.2676925659,66184,66194,10
13.0652303696,80.2675933838,66194,66205,11
13.0649204254,80.267539978,66205,66215,10
13.0648002625,80.2675094604,66215,66225,10
13.0641698837,80.2674026489,66225,66234,9
13.0634202957,80.2672576904,66234,66245,11
13.062620163,80.2670211792,66245,66255,10
13.0621595383,80.2664489746,66255,66265,10
13.0616998672,80.26587677,66265,66275,10
13.0613002777,80.2653503418,66275,66285,10
13.0607500076,80.2652130127,66285,66296,11
13.0600996017,80.2655181885,66296,66306,10
13.0593395233,80.2655029297,66306,66316,10
13.058719635,80.2654037476,66316,66326,10
13.0583600998,80.2653579712,66326,66336,10
13.0580301285,80.2650222778,66336,66346,10
13.0579500198,80.2643814087,66346,66356,10
13.057849884,80.2636795044,66356,66372,16
13.0577001572,80.2624969482,66372,66384,12
13.0575895309,80.2618331909,66384,66392,8
13.0574703217,80.2613830566,66392,66405,13
13.0572595596,80.2605361938,66405,66415,10
13.0570001602,80.2596893311,66415,66425,10
13.0567998886,80.2590103149,66425,66435,10
13.0566396713,80.2583694458,66435,66445,10
13.0565299988,80.2577514648,66445,66455,10
13.056429863,80.2573623657,66455,66474,19
13.056429863,80.2573623657,66474,66484,10
13.0564498901,80.256980896,66484,66496,12
13.0562696457,80.2565002441,66496,66505,9
13.0559501648,80.2559967041,66505,66517,12
13.0553598404,80.2551727295,66517,66527,10
13.0548400879,80.2544784546,66527,66537,10
13.0542898178,80.2537536621,66537,66547,10
13.0537395477,80.2530212402,66547,66557,10
13.0532197952,80.252281189,66557,66567,10
13.0526199341,80.2514801025,66567,66577,10
13.0520496368,80.2507400513,66577,66587,10
13.0513601303,80.2501831055,66587,66597,10
13.0505104065,80.2499313354,66597,66608,11
13.049489975,80.2497711182,66608,66618,10
13.0487499237,80.249710083,66618,66628,10
13.048119545,80.2494277954,66628,66638,10
13.0475196838,80.248916626,66638,66648,10
13.046959877,80.2486190796,66648,66664,16
13.0468196869,80.248588562,66664,66676,12
13.0462398529,80.2484970093,66676,66684,8
13.0457000732,80.248336792,66684,66696,12
13.0450801849,80.2481079102,66696,66707,11
13.0442495346,80.2479629517,66707,66717,10
13.0434799194,80.2477874756,66717,66727,10
13.0428600311,80.247718811,66727,66737,10
13.0422000885,80.2475509644,66737,66747,10
13.0414896011,80.2473831177,66747,66757,10
13.0406398773,80.2472381592,66757,66767,10
13.0397500992,80.2470779419,66767,66777,10
13.0389995575,80.2468414307,66777,66787,10
13.0383796692,80.246711731,66787,66797,10
13.0381002426,80.2466964722,66797,66808,11
13.0376300812,80.2466201782,66808,66818,10
13.0368795395,80.2464828491,66818,66828,10
13.036190033,80.2463226318,66828,66838,10
13.0358400345,80.2462387085,66838,66848,10
13.035610199,80.2461395264,66848,66858,10
13.0352401733,80.2460021973,66858,66868,10
13.0351800919,80.2459793091,66868,66878,10
13.035030365,80.2459411621,66878,66888,10
13.0347604752,80.2456588745,66888,66898,10
13.0345096588,80.2452774048,66898,66909,11
13.0340204239,80.2447128296,66909,66919,10
13.0335302353,80.2440719604,66919,66929,10
13.0329198837,80.2432785034,66929,66939,10
13.0323400497,80.2425003052,66939,66949,10
13.0318498611,80.2417602539,66949,66959,10
13.0314702988,80.2409896851,66959,66999,40
13.0314702988,80.2409896851,66999,67010,11
13.0313501358,80.2404632568,67010,67020,10
13.031129837,80.2400436401,67020,67030,10
13.03083992,80.239440918,67030,67040,10
13.0303497314,80.238609314,67040,67050,10
13.0298299789,80.2377319336,67050,67060,10
13.0291900635,80.2368392944,67060,67070,10
13.028429985,80.2360305786,67070,67080,10
13.0277299881,80.2351608276,67080,67090,10
13.0272197723,80.2342834473,67090,67100,10
13.0267601013,80.2335662842,67100,67121,21
13.0267601013,80.2335662842,67121,67131,10
13.0266599655,80.2333908081,67131,67141,10
13.0263900757,80.2329330444,67141,67151,10
13.0261602402,80.2323989868,67151,67161,10
13.0260295868,80.2318878174,67161,67171,10
13.0258903503,80.2314605713,67171,67181,10
13.0256900787,80.2307891846,67181,67191,10
13.0253000259,80.2300262451,67191,67201,10
13.0249795914,80.229598999,67201,67211,10
13.0249004364,80.2294921875,67211,67222,11
13.0246200562,80.229133606,67222,67232,10
13.0242795944,80.2286529541,67232,67242,10
13.0239601135,80.2282028198,67242,67258,16
13.0231199265,80.2273635864,67258,67280,22
13.0231199265,80.2273635864,67280,67290,10
13.0230102539,80.2272796631,67290,67300,10
13.0228004456,80.2270812988,67300,67310,10
13.0226097107,80.2268829346,67310,67321,11
13.0222396851,80.2265319824,67321,67331,10
13.021780014,80.2261505127,67331,67341,10
13.0214395523,80.2258911133,67341,67352,11
13.0209102631,80.2254714966,67352,67362,10
13.0202999115,80.2250595093,67362,67372,10
13.0198001862,80.2247390747,67372,67392,20
13.0198001862,80.2247390747,67392,67402,10
13.0194797516,80.2245407104,67402,67412,10
13.0187301636,80.2244720459,67412,67423,11
13.0177898407,80.224861145,67423,67433,10
13.0169401169,80.2252197266,67433,67443,10
13.0163497925,80.2254562378,67443,67453,10
13.0157403946,80.2256774902,67453,67463,10
13.015130043,80.2259216309,67463,67473,10
13.0149402618,80.226020813,67473,67483,10
13.0145998001,80.2261428833,67483,67493,10
13.0141601563,80.2263183594,67493,67513,20
13.0141601563,80.2263183594,67513,67524,11
13.0140104294,80.2264022827,67524,67534,10
13.0136699677,80.2265090942,67534,67544,10
13.0131998062,80.2266769409,67544,67554,10
13.0125102997,80.2269515991,67554,67564,10
13.0117902756,80.2272262573,67564,67574,10
13.0109701157,80.2275466919,67574,67584,10
13.0101804733,80.2278594971,67584,67594,10
13.0094499588,80.2281570435,67594,67604,10
13.0090799332,80.228767395,67604,67614,10
13.0088796616,80.2296218872,67614,67625,11
13.0086803436,80.2306900024,67625,67635,10
13.0084695816,80.2315826416,67635,67645,10
13.0082798004,80.2326431274,67645,67655,10
13.0081996918,80.2334365845,67655,67665,10
13.0081701279,80.233581543,67665,67675,10
13.0080900192,80.233757019,67675,67685,10
13.0080499649,80.2340621948,67685,67695,10
13.0079698563,80.2344894409,67695,67705,10
13.0078697205,80.2350234985,67705,67715,10
13.0077495575,80.2355804443,67715,67726,11
13.0075902939,80.2363433838,67726,67736,10
13.0074300766,80.237121582,67736,67746,10
13.0072803497,80.2378768921,67746,67756,10
13.0071401596,80.2385406494,67756,67766,10
13.0069704056,80.239402771,67766,67776,10
13.0068798065,80.2399978638,67776,67827,51
13.0068798065,80.2399978638,67827,67837,10
13.0068302155,80.2406082153,67837,67847,10
13.0067501068,80.2413635254,67847,67857,10
13.0067195892,80.2422103882,67857,67867,10
13.0067100525,80.2428512573,67867,67877,10
13.0066795349,80.2434005737,67877,67887,10
13.0066604614,80.2443237305,67887,67897,10
13.0066604614,80.2451782227,67897,67907,10
13.0066604614,80.2459335327,67907,67917,10
13.0066699982,80.246673584,67917,67927,10
13.0066404343,80.247253418,67927,67968,41
13.0066404343,80.247253418,67968,67978,10
13.0065603256,80.2473983765,67978,67988,10
13.0061597824,80.2473831177,67988,67998,10
13.0061197281,80.2473831177,67998,68008,10
13.0057697296,80.2473678589,68008,68018,10
13.0052204132,80.2473678589,68018,68029,11
13.004119873,80.2474594116,68029,68039,10
13.0030002594,80.2476196289,68039,68049,10
13.0021400452,80.2477798462,68049,68059,10
13.0011196136,80.248008728,68059,68069,10
12.9999904633,80.248298645,68069,68079,10
12.9988698959,80.2485809326,68079,68089,10
12.9977703094,80.2488479614,68089,68099,10
12.9965600967,80.2491607666,68099,68109,10
12.9953203201,80.2494888306,68109,68119,10
12.9941396713,80.2498092651,68119,68130,11
12.9928302765,80.2501296997,68130,68140,10
12.9917297363,80.2503967285,68140,68150,10
12.991060257,80.2506027222,68150,68160,10
12.9909000397,80.250617981,68160,68170,10
12.99036026,80.2507476807,68170,68186,16
12.9889202118,80.251121521,68186,68198,12
12.9881095886,80.2513275146,68198,68289,91
12.9881095886,80.2513275146,68289,68298,9
12.9880199432,80.2513275146,68298,68309,11
12.9876899719,80.251411438,68309,68319,10
12.9871797562,80.2515487671,68319,68330,11
12.9864597321,80.251739502,68330,68340,10
12.9857902527,80.2519073486,68340,68350,10
12.9848899841,80.2521514893,68350,68360,10
12.9839000702,80.2524108887,68360,68370,10
12.9828796387,80.2525863647,68370,68380,10
12.9818201065,80.2526168823,68380,68390,10
12.9808197021,80.2526473999,68390,68400,10
12.9800796509,80.2526779175,68400,68410,10
12.979470253,80.2526473999,68410,68420,10
12.9788398743,80.2526016235,68420,68430,10
12.9785804749,80.2525405884,68430,68441,11
12.9783697128,80.2524337769,68441,68451,10
12.9778404236,80.2519607544,68451,68461,10
12.9771003723,80.2514038086,68461,68471,10
12.9761600494,80.251083374,68471,68481,10
12.9751300812,80.2507781982,68481,68491,10
12.9740600586,80.2504806519,68491,68501,10
12.9730195999,80.250213623,68501,68511,10
12.9720697403,80.249961853,68511,68521,10
12.9711103439,80.2496871948,68521,68531,10
12.9701099396,80.249382019,68531,68542,11
12.9689998627,80.248916626,68542,68552,10
12.968000412,80.2485733032,68552,68562,10
12.9671096802,80.2481918335,68562,68572,10
12.9666500092,80.2479400635,68572,68582,10
12.9662799835,80.247756958,68582,68592,10
12.9657297134,80.2475509644,68592,68602,10
12.9651403427,80.2473678589,68602,68612,10
12.965089798,80.2473526001,68612,68622,10
12.9648704529,80.2472610474,68622,68632,10
12.964220047,80.2470016479,68632,68643,11
12.9635601044,80.2467498779,68643,68653,10
12.9634895325,80.2467269897,68653,68663,10
12.9634799957,80.2467575073,68663,68673,10
12.9631500244,80.2465896606,68673,68683,10
12.9625797272,80.2462921143,68683,68693,10
12.9617795944,80.2459030151,68693,68703,10
12.9610795975,80.245552063,68703,68713,10
12.9600400925,80.2450790405,68713,68723,10
12.959400177,80.2448120117,68723,68734,11
12.9593696594,80.2447891235,68734,68744,10
12.9591598511,80.2446670532,68744,68754,10
12.9585399628,80.244392395,68754,68764,10
12.9578800201,80.244102478,68764,68774,10
12.9571800232,80.2438583374,68774,68784,10
12.9563999176,80.243598938,68784,68804,20
12.9563999176,80.243598938,68804,68814,10
12.9562997818,80.243598938,68814,68824,10
12.9558401108,80.2433776855,68824,68833,9
12.9552698135,80.2431030273,68833,68845,12
12.9544801712,80.2427368164,68845,68855,10
12.9538402557,80.24243927,68855,68865,10
12.9532804489,80.2422103882,68865,68875,10
12.9524497986,80.241897583,68875,68885,10
12.9518604279,80.2416915894,68885,68895,10
12.951789856,80.2416687012,68895,68905,10
12.9516201019,80.241607666,68905,68915,10
12.9510602951,80.2413864136,68915,68925,10
12.9502401352,80.2411422729,68925,68935,10
12.9493703842,80.2408599854,68935,68946,11
12.9485797882,80.2405471802,68946,68956,10
12.9476804733,80.2401733398,68956,68966,10
12.9472703934,80.2400131226,68966,68976,10
12.9471302032,80.2399520874,68976,68986,10
12.9464998245,80.2397689819,68986,68996,10
12.9463796616,80.2397232056,68996,69006,10
12.9461202621,80.2395935059,69006,69016,10
12.945810318,80.239440918,69016,69026,10
12.9454402924,80.2392578125,69026,69036,10
12.9449300766,80.238822937,69036,69053,17
12.9437904358,80.2376480103,69053,69065,12
12.9430999756,80.2369537354,69065,69075,10
12.9424495697,80.2365188599,69075,69085,10
12.9412603378,80.2361602783,69085,69095,10
12.9400596619,80.2358703613,69095,69115,20
12.9400596619,80.2358703613,69115,69125,10
12.9399003983,80.2357788086,69125,69135,10
12.9393596649,80.2355117798,69135,69146,11
12.9382801056,80.2349624634,69146,69156,10
12.9371995926,80.2344436646,69156,69165,9
12.9363203049,80.2340087891,69165,69176,11
12.9357099533,80.2337188721,69176,69185,9
12.934969902,80.2333908081,69185,69196,11
12.9337100983,80.2328414917,69196,69216,20
12.9337100983,80.2328414917,69216,69226,10
12.9334697723,80.232749939,69226,69236,10
12.9328098297,80.2324523926,69236,69247,11
12.9317798615,80.232093811,69247,69257,10
12.9307804108,80.2317581177,69257,69267,10
12.9298200607,80.2314910889,69267,69277,10
12.9289398193,80.2313232422,69277,69287,10
12.9279098511,80.2311325073,69287,69297,10
12.9268503189,80.231010437,69297,69307,10
12.9260501862,80.2309494019,69307,69327,20
12.9260501862,80.2309494019,69327,69337,10
12.9259796143,80.2309494019,69337,69348,11
12.9253702164,80.2308731079,69348,69358,10
12.9245700836,80.230758667,69358,69368,10
12.9235897064,80.2306289673,69368,69378,10
12.9225101471,80.2304763794,69378,69388,10
12.9214000702,80.2303237915,69388,69398,10
12.9202604294,80.230178833,69398,69408,10
12.9191303253,80.2300415039,69408,69418,10
12.9181499481,80.2299118042,69418,69428,10
12.9172401428,80.2297821045,69428,69438,10
12.9162397385,80.229637146,69438,69448,10
12.9152202606,80.2294998169,69448,69459,11
12.9140996933,80.2293395996,69459,69469,10
12.9132699966,80.2292709351,69469,69489,20
12.9132699966,80.2292709351,69489,69499,10
12.9128904343,80.2291793823,69499,69509,10
12.9120903015,80.229057312,69509,69519,10
12.9111099243,80.2289123535,69519,69529,10
12.9099998474,80.2287368774,69529,69539,10
12.9089202881,80.228553772,69539,69550,11
12.9078598022,80.2283782959,69550,69560,10
12.9070196152,80.2282791138,69560,69570,10
12.9064903259,80.2282485962,69570,69580,10
12.9061002731,80.2282409668,69580,69590,10
12.9060096741,80.2282333374,69590,69600,10
12.9054498672,80.2281799316,69600,69610,10
12.9046401978,80.2281188965,69610,69620,10
12.903719902,80.2280578613,69620,69630,10
12.9026603699,80.228012085,69630,69640,10
12.9017000198,80.2279586792,69640,69650,10
12.9010000229,80.2279586792,69650,69739,89
12.9010000229,80.2279586792,69739,69748,9
12.9008398056,80.2279129028,69748,69760,12
12.9002799988,80.2278671265,69760,69770,10
12.8991203308,80.2278289795,69770,69790,20
12.8991203308,80.2278289795,69790,69800,10
12.8988304138,80.2277908325,69800,69810,10
12.8983001709,80.2277526855,69810,69820,10
12.897310257,80.2276916504,69820,69830,10
12.8962898254,80.2276382446,69830,69840,10
12.89523983,80.2276229858,69840,69850,10
12.8942203522,80.2275619507,69850,69861,11
12.8933000565,80.2274932861,69861,69871,10
12.8929195404,80.2274398804,69871,69891,20
12.8929195404,80.2274398804,69891,69901,10
12.8925800323,80.2274017334,69901,69911,10
12.891960144,80.2273406982,69911,69921,10
12.8910999298,80.2273178101,69921,69931,10
12.890130043,80.2273025513,69931,69941,10
12.8891000748,80.2273101807,69941,69951,10
12.8881998062,80.2272720337,69951,69962,11
12.8872900009,80.2271881104,69962,69972,10
12.8863401413,80.2269821167,69972,69982,10
12.885310173,80.2267303467,69982,69992,10
12.88463974,80.2266769409,69992,70002,10
12.884519577,80.2266769409,70002,70012,10
12.8839702606,80.2266693115,70012,70022,10
12.8829698563,80.2266616821,70022,70032,10
12.881770134,80.2266616821,70032,70042,10
12.8804798126,80.2266693115,70042,70052,10
12.8794498444,80.2266998291,70052,70063,11
12.8780698776,80.2267990112,70063,70073,10
12.8770399094,80.2268981934,70073,70083,10
12.8764600754,80.2269363403,70083,70093,10
12.8763904572,80.2269363403,70093,70103,10
12.8758602142,80.2269363403,70103,70113,10
12.875120163,80.2268829346,70113,70123,10
12.8741798401,80.2267532349,70123,70133,10
12.8732299805,80.2266616821,70133,70143,10
12.8726596832,80.2266921997,70143,70153,10
12.8725004196,80.2266921997,70153,70166,13
12.8716697693,80.2266616821,70166,70176,10
12.87059021,80.2265777588,70176,70186,10
12.8693399429,80.2264404297,70186,70195,9
12.868180275,80.226348877,70195,70205,10
12.866979599,80.2264633179,70205,70217,12
12.8656597137,80.2265472412,70217,70227,10
12.8644304276,80.2265319824,70227,70237,10
12.863240242,80.2264785767,70237,70247,10
12.8620901108,80.2265319824,70247,70257,10
12.8611297607,80.2265472412,70257,70268,11
12.8600597382,80.2264404297,70268,70278,10
12.8591804504,80.2263412476,70278,70288,10
12.8586997986,80.226272583,70288,70298,10
12.858130455,80.2262191772,70298,70308,10
12.8571796417,80.2262573242,70308,70318,10
12.8560800552,80.2263793945,70318,70328,10
12.8551197052,80.2264709473,70328,70338,10
12.8537397385,80.2266082764,70338,70348,10
12.852640152,80.2266387939,70348,70358,10
12.8515901566,80.2266387939,70358,70369,11
12.8505496979,80.2265930176,70369,70379,10
12.8499097824,80.2265777588,70379,70389,10
12.8498401642,80.2265930176,70389,70399,10
12.8492898941,80.2265777588,70399,70409,10
12.848400116,80.2265777588,70409,70419,10
12.8473596573,80.2265930176,70419,70429,10
12.8464002609,80.226600647,70429,70439,10
12.8457899094,80.2265930176,70439,70449,10
12.8454198837,80.2265777588,70449,70459,10
12.8452796936,80.2265777588,70459,70470,11
12.844499588,80.2266235352,70470,70480,10
12.8435201645,80.2267303467,70480,70490,10
12.8423204422,80.2269363403,70490,70500,10
12.8411302567,80.2272567749,70500,70510,10
12.8402500153,80.2275238037,70510,70520,10
12.8397502899,80.2276763916,70520,70530,10
12.839630127,80.227722168,70530,70540,10
12.8392801285,80.2277908325,70540,70550,10
12.8384504318,80.228012085,70550,70560,10
12.837389946,80.2282333374,70560,70571,11
12.8359699249,80.2284317017,70571,70581,10
12.8345899582,80.2286605835,70581,70591,10
12.8332996368,80.2288970947,70591,70601,10
12.832400322,80.2291107178,70601,70611,10
12.8322200775,80.229133606,70611,70621,10
12.8316602707,80.2292404175,70621,70631,10
12.8308601379,80.2294616699,70631,70641,10
12.8300199509,80.2297821045,70641,70651,10
12.8290901184,80.2301177979,70651,70661,10
12.8281602859,80.2305984497,70661,70672,11
12.8271598816,80.2311477661,70672,70682,10
12.8263196945,80.2313232422,70682,70692,10
12.8253097534,80.2313919067,70692,70702,10
12.8243198395,80.231262207,70702,70712,10
12.8233098984,80.2309570313,70712,70722,10
12.8222999573,80.2306365967,70722,70732,10
12.821269989,80.2304229736,70732,70742,10
12.8202600479,80.2304229736,70742,70752,10
12.8193397522,80.2304382324,70752,70762,10
12.8188695908,80.2304382324,70762,70773,11
12.8186597824,80.2303619385,70773,70783,10
12.8180303574,80.2300491333,70783,70793,10
12.8174800873,80.2297973633,70793,70803,10
12.8166999817,80.2295227051,70803,70813,10
12.8156900406,80.2293395996,70813,70823,10
12.8145704269,80.2291793823,70823,70833,10
12.8134803772,80.2289199829,70833,70843,10
12.8124198914,80.2285614014,70843,70853,10
12.8114299774,80.2282028198,70853,70863,10
12.8104000092,80.2277984619,70863,70874,11
12.8093700409,80.2273406982,70874,70884,10
12.8085899353,80.2267913818,70884,70894,10
12.8078603745,80.2261581421,70894,70904,10
12.8071403503,80.2255401611,70904,70914,10
12.8064203262,80.2248916626,70914,70924,10
12.8057403564,80.2242889404,70924,70934,10
12.8051395416,80.223991394,70934,70944,10
12.8049001694,80.2239379883,70944,70954,10
12.8046197891,80.2238922119,70954,70964,10
12.8039999008,80.2238388062,70964,70975,11
12.8033704758,80.2238006592,70975,70985,10
12.8026199341,80.2237091064,70985,70995,10
12.8017101288,80.2235870361,70995,71005,10
12.8009595871,80.2235565186,71005,71015,10
12.8008003235,80.2235488892,71015,71025,10
12.8000898361,80.2234573364,71025,71041,16
12.7983703613,80.2233123779,71041,71053,12
12.7970504761,80.2231292725,71053,71063,10
12.7955598831,80.2228775024,71063,71082,19
12.7955598831,80.2228775024,71082,71094,12
12.7950401306,80.2227783203,71094,71104,10
12.7941799164,80.2226409912,71104,71114,10
12.7933101654,80.2225112915,71114,71124,10
12.7924499512,80.222366333,71124,71133,9
12.7915201187,80.2221298218,71133,71144,11
12.7904996872,80.221862793,71144,71154,10
12.7896795273,80.2216491699,71154,71164,10
12.789150238,80.2214584351,71164,71174,10
12.7885103226,80.2212295532,71174,71185,11
12.787779808,80.2209396362,71185,71195,10
12.7871303558,80.220703125,71195,71215,20
12.7871303558,80.220703125,71215,71225,10
12.7869701385,80.2206420898,71225,71235,10
12.786740303,80.2205581665,71235,71245,10
12.7864599228,80.220451355,71245,71336,91
12.7861003876,80.2204437256,71336,71457,121
12.7861604691,80.2208404541,71457,71477,20
12.7861604691,80.2208404541,71477,71488,11
12.7861499786,80.2210083008,71488,71498,10
12.7861499786,80.2211914063,71498,71508,10
12.7861795425,80.2215194702,71508,71518,10
12.7862701416,80.221862793,71518,71528,10
12.786190033,80.2219924927,71528,72275,747
12.786190033,80.2219924927,72275,72286,11
12.7861499786,80.2218093872,72286,72296,10
12.7861604691,80.221572876,72296,72306,10
12.7861404419,80.2213363647,72306,72316,10
12.7861404419,80.2209777832,72316,72326,10
12.7861404419,80.2203292847,72326,72397,71
12.7861404419,80.2203292847,72397,72407,10
12.7865495682,80.2204208374,72407,72417,10
12.7868700027,80.2205429077,72417,72427,10
12.7873697281,80.2207336426,72427,72437,10
12.7878398895,80.2209014893,72437,72447,10
12.7884302139,80.2211303711,72447,72457,10
12.7891197205,80.2213973999,72457,72467,10
12.7897195816,80.2216033936,72467,72477,10
12.7902297974,80.2217330933,72477,72488,11
12.7908296585,80.221862793,72488,72498,10
12.7914896011,80.2220306396,72498,72508,10
12.792090416,80.2221832275,72508,72518,10
12.7926998138,80.2222976685,72518,72528,10
12.7933301926,80.2223968506,72528,72538,10
12.7939796448,80.2224884033,72538,72548,10
12.7945299149,80.2225723267,72548,72558,10
12.7950696945,80.2226715088,72558,72568,10
12.7954502106,80.2227172852,72568,72578,10
12.7955303192,80.2227325439,72578,72588,10
12.7960596085,80.2228393555,72588,72599,11
12.7963399887,80.2228927612,72599,72609,10
12.7963895798,80.2229003906,72609,72619,10
12.7967996597,80.2229690552,72619,72629,10
12.797129631,80.2230377197,72629,72639,10
12.7976198196,80.2231521606,72639,72649,10
12.7984600067,80.2232513428,72649,72659,10
12.7993898392,80.2233276367,72659,72669,10
12.800330162,80.2234115601,72669,72679,10
12.8010597229,80.2234725952,72679,72689,10
12.8011598587,80.2234725952,72689,72700,11
12.8014497757,80.2235107422,72700,72710,10
12.8020095825,80.2235717773,72710,72720,10
12.8025598526,80.2236404419,72720,72730,10
12.8029699326,80.2237091064,72730,72740,10
12.8034601212,80.2237472534,72740,72750,10
12.8041000366,80.2237930298,72750,72760,10
12.804980278,80.2238998413,72760,72780,20
12.804980278,80.2238998413,72780,72790,10
12.8052997589,80.2239990234,72790,72801,11
12.8058595657,80.2243270874,72801,72811,10
12.8064603806,80.224861145,72811,72821,10
12.8071203232,80.225440979,72821,72831,10
12.807800293,80.226020813,72831,72841,10
12.8085899353,80.2266998291,72841,72851,10
12.8093996048,80.2273025513,72851,72861,10
12.810379982,80.2277526855,72861,72871,10
12.8114404678,80.2281723022,72871,72881,10
12.8125295639,80.2285614014,72881,72891,10
12.8135995865,80.2289199829,72891,72902,11
12.8147802353,80.2291870117,72902,72912,10
12.8158302307,80.229347229,72912,72922,10
12.8169403076,80.2295532227,72922,72932,10
12.8179798126,80.2299804688,72932,72942,10
12.8189201355,80.2303924561,72942,72952,10
12.8197202682,80.2303771973,72952,72962,10
12.8199701309,80.2303771973,72962,72972,10
12.8206300735,80.2303466797,72972,72982,10
12.8214197159,80.2304000854,72982,72992,10
12.8223800659,80.2306213379,72992,73003,11
12.823559761,80.2309799194,73003,73013,10
12.8246097565,80.2312393188,73013,73023,10
12.8257198334,80.2313079834,73023,73033,10
12.8268699646,80.2312011719,73033,73043,10
12.8278303146,80.230758667,73043,73053,10
12.8287496567,80.2302398682,73053,73063,10
12.8297195435,80.2297973633,73063,73073,10
12.8305797577,80.2294387817,73073,73083,10
12.8311595917,80.2292327881,73083,73093,10
12.8313798904,80.2291412354,73093,73104,11
12.8315200806,80.2290878296,73104,73114,10
12.8316001892,80.2290725708,73114,73124,10
12.8321199417,80.2289581299,73124,73134,10
12.8331203461,80.2287902832,73134,73144,10
12.834280014,80.2285919189,73144,73154,10
12.8355197906,80.2283935547,73154,73164,10
12.8367996216,80.2282028198,73164,73174,10
12.8379898071,80.2279968262,73174,73184,10
12.8388996124,80.2277908325,73184,73194,10
12.8393602371,80.2276229858,73194,73205,11
12.8394804001,80.2275772095,73205,73215,10
12.8399200439,80.2275009155,73215,73225,10
12.8407297134,80.2272872925,73225,73235,10
12.8417396545,80.2270278931,73235,73245,10
12.8428697586,80.2267532349,73245,73255,10
12.8440799713,80.2265396118,73255,73265,10
12.8450202942,80.2264328003,73265,73275,10
12.8452301025,80.2264175415,73275,73285,10
12.8453598022,80.2264175415,73285,73295,10
12.8457698822,80.2264175415,73295,73306,11
12.846329689,80.2264328003,73306,73316,10
12.8471698761,80.2264480591,73316,73326,10
12.8482704163,80.2264480591,73326,73336,10
12.8493795395,80.2264480591,73336,73346,10
12.850279808,80.2264404297,73346,73356,10
12.8513803482,80.2264709473,73356,73366,10
12.8526802063,80.2265396118,73366,73376,10
12.8541698456,80.2264633179,73376,73386,10
12.8556404114,80.22631073,73386,73396,10
12.8569498062,80.2261734009,73396,73407,11
12.8581199646,80.2260971069,73407,73417,10
12.8591098785,80.2261962891,73417,73427,10
12.8603000641,80.2264022827,73427,73437,10
12.861579895,80.2264785767,73437,73447,10
12.8629798889,80.2264099121,73447,73457,10
12.8644399643,80.2264480591,73457,73467,10
12.8657903671,80.2264709473,73467,73477,10
12.8670396805,80.2263717651,73477,73487,10
12.8683795929,80.2262573242,73487,73497,10
12.8696804047,80.2263793945,73497,73508,11
12.8710803986,80.2265167236,73508,73518,10
12.8721504211,80.2265472412,73518,73528,10
12.8729400635,80.2265396118,73528,73538,10
12.8732500076,80.2265777588,73538,73548,10
12.8739995956,80.2266387939,73548,73558,10
12.874830246,80.2267608643,73558,73568,10
12.8760995865,80.226852417,73568,73578,10
12.8767004013,80.2268066406,73578,73588,10
12.8768796921,80.2267990112,73588,73598,10
12.8777103424,80.2267532349,73598,73609,11
12.8789796829,80.2266616821,73609,73619,10
12.880279541,80.2266311646,73619,73629,10
12.8816204071,80.2266235352,73629,73639,10
12.8829202652,80.2266082764,73639,73649,10
12.8841104507,80.2265777588,73649,73659,10
12.8850803375,80.2265930176,73659,73669,10
12.8853702545,80.2266082764,73669,73679,10
12.886759758,80.2269973755,73679,73689,10
12.886759758,80.2269973755,73689,73699,10
12.8877897263,80.2271728516,73699,73709,10
12.8890104294,80.2272491455,73709,73720,11
12.8905897141,80.2272491455,73720,73730,10
12.8917999268,80.2272567749,73730,73740,10
12.8923902512,80.2272872925,73740,73750,10
12.892490387,80.2273025513,73750,73762,12
12.8929796219,80.2273483276,73762,73772,10
12.893910408,80.2274627686,73772,73782,10
12.8950195313,80.2275238037,73782,73792,10
12.8962402344,80.2275619507,73792,73802,10
12.8974704742,80.2276229858,73802,73813,11
12.898730278,80.2276992798,73813,73823,10
12.8997097015,80.2277603149,73823,73833,10
12.9007997513,80.2277603149,73833,73853,20
12.9007997513,80.2277603149,73853,73863,10
12.9010000229,80.2278137207,73863,73873,10
12.9014596939,80.2278594971,73873,73883,10
12.9022197723,80.2278823853,73883,73893,10
12.902469635,80.2278823853,73893,73903,10
12.9026498795,80.227897644,73903,73914,11
12.9034500122,80.2279815674,73914,73924,10
12.9041795731,80.2280197144,73924,73934,10
12.9047803879,80.2280502319,73934,73944,10
12.9056196213,80.2280731201,73944,73954,10
12.90625,80.2280883789,73954,73964,10
12.9063196182,80.2280883789,73964,73973,9
12.9064903259,80.2281036377,73973,73984,11
12.9070501328,80.2281723022,73984,73994,10
12.9078598022,80.2282867432,73994,74004,10
12.9086704254,80.2284469604,74004,74015,11
12.9097795486,80.2286376953,74015,74025,10
12.9108295441,80.2288208008,74025,74035,10
12.9119997025,80.2289810181,74035,74045,10
12.9131298065,80.229133606,74045,74055,10
12.9139499664,80.2292098999,74055,74065,10
12.9140796661,80.2292175293,74065,74075,10
12.9144802094,80.2293014526,74075,74085,10
12.9152097702,80.2294006348,74085,74095,10
12.9161195755,80.2295379639,74095,74105,10
12.9169797897,80.2296600342,74105,74116,11
12.9179401398,80.2297821045,74116,74126,10
12.9188604355,80.2298965454,74126,74136,10
12.9199104309,80.2300262451,74136,74146,10
12.9210996628,80.2301864624,74146,74156,10
12.9222602844,80.2303619385,74156,74166,10
12.9234304428,80.2305526733,74166,74176,10
12.9246301651,80.2307128906,74176,74186,10
12.925740242,80.2308425903,74186,74196,10
12.9268398285,80.2309799194,74196,74206,10
12.9279499054,80.2311019897,74206,74217,11
12.9286899567,80.2312088013,74217,74227,10
12.9287796021,80.2312316895,74227,74237,10
12.9293899536,80.231338501,74237,74247,10
12.930270195,80.231552124,74247,74257,10
12.9312400818,80.2318267822,74257,74267,10
12.9322795868,80.2321472168,74267,74277,10
12.9331998825,80.2324905396,74277,74287,10
12.9337596893,80.2327270508,74287,74297,10
12.9337997437,80.232749939,74297,74307,10
12.9342098236,80.232963562,74307,74318,11
12.9350500107,80.2333602905,74318,74328,10
12.9358997345,80.2337417603,74328,74338,10
12.9368600845,80.2341995239,74338,74348,10
12.93791008,80.2346878052,74348,74358,10
12.9389095306,80.2351837158,74358,74368,10
12.939740181,80.2356033325,74368,74378,10
12.9405603409,80.2359085083,74378,74388,10
12.9414596558,80.2361373901,74388,74398,10
12.942440033,80.2363891602,74398,74408,10
12.9432897568,80.2369003296,74408,74419,11
12.9441404343,80.23777771,74419,74429,10
12.9449300766,80.2386398315,74429,74438,9
12.9456596375,80.2392578125,74438,74449,11
12.9467401505,80.2397079468,74449,74459,10
12.9472398758,80.2398834229,74459,74469,10
12.9477701187,80.2401199341,74469,74479,10
12.9485397339,80.2404174805,74479,74489,10
12.948849678,80.2405166626,74489,74499,10
12.9489297867,80.2405471802,74499,74509,10
12.9494104385,80.2407836914,74509,74520,11
12.9503602982,80.2410812378,74520,74530,10
12.9511804581,80.2413101196,74530,74540,10
12.9515695572,80.2414474487,74540,74550,10
12.9524402618,80.2417602539,74550,74560,10
12.9534101486,80.2421569824,74560,74570,10
12.9543304443,80.2425308228,74570,74580,10
12.955039978,80.2427978516,74580,74590,10
12.9560899734,80.2431793213,74590,74600,10
12.956410408,80.2433013916,74600,74610,10
12.9568796158,80.2434921265,74610,74621,11
12.9578695297,80.2439575195,74621,74631,10
12.9588003159,80.2443313599,74631,74641,10
12.9590501785,80.2444381714,74641,74651,10
12.9594802856,80.2446517944,74651,74661,10
12.960269928,80.245010376,74661,74671,10
12.9612903595,80.2454910278,74671,74681,10
12.9623403549,80.2460174561,74681,74691,10
12.9631004333,80.246383667,74691,74701,10
12.9633598328,80.2464828491,74701,74711,10
12.9634304047,80.2465133667,74711,74721,10
12.9638395309,80.246711731,74721,74738,17
12.9651098251,80.2472000122,74738,74750,12
12.9661903381,80.2475967407,74750,74760,10
12.9667100906,80.2478027344,74760,74770,10
12.9668397903,80.2478713989,74770,74780,10
12.967089653,80.2480392456,74780,74790,10
12.9676704407,80.248298645,74790,74800,10
12.9685497284,80.2486572266,74800,74810,10
12.9695701599,80.2490692139,74810,74820,10
12.9706602097,80.24949646,74820,74831,11
12.9719800949,80.2498703003,74831,74842,11
12.9732999802,80.250213623,74842,74852,10
12.9744195938,80.2505111694,74852,74862,10
12.9756402969,80.250869751,74862,74872,10
12.976849556,80.2512207031,74872,74882,10
12.977689743,80.2516708374,74882,74892,10
12.9785203934,80.2523193359,74892,74902,10
12.9795598984,80.2525863647,74902,74922,20
12.9795598984,80.2525863647,74922,74933,11
12.9796895981,80.2526168823,74933,74943,10
12.9800195694,80.2526092529,74943,74953,10
12.9808502197,80.2526092529,74953,74963,10
12.9818601608,80.252571106,74963,74973,10
12.9829597473,80.2525024414,74973,74983,10
12.9838895798,80.2523193359,74983,74993,10
12.9849100113,80.2520599365,74993,75003,10
12.9858598709,80.2517776489,75003,75013,10
12.9865999222,80.2516021729,75013,75023,10
12.9875202179,80.2513122559,75023,75094,71
12.9875202179,80.2513122559,75094,75104,10
12.9875602722,80.2512969971,75104,75114,10
12.9879398346,80.2512588501,75114,75124,10
12.9888401031,80.2510299683,75124,75135,11
12.9901103973,80.2507171631,75135,75144,9
12.9912395477,80.2504272461,75144,75155,11
12.992480278,80.2501220703,75155,75165,10
12.9937801361,80.249786377,75165,75174,9
12.9948301315,80.2495422363,75174,75185,11
12.9960002899,80.2492523193,75185,75195,10
12.9970598221,80.2489776611,75195,75205,10
12.9983596802,80.2486495972,75205,75215,10
12.9999399185,80.2482528687,75215,75225,10
13.001159668,80.2479324341,75225,75236,11
13.0021800995,80.2476730347,75236,75246,10
13.0030698776,80.2474975586,75246,75256,10
13.0041303635,80.2473526001,75256,75266,10
13.0052499771,80.2471923828,75266,75276,10
13.0061597824,80.246887207,75276,75286,10
13.0065603256,80.2462081909,75286,75296,10
13.0066604614,80.245300293,75296,75306,10
13.0066299438,80.2447433472,75306,75316,10
13.0066204071,80.2444000244,75316,75326,10
13.0066003799,80.2440414429,75326,75337,11
13.0066003799,80.2435684204,75337,75347,10
13.0066099167,80.2428817749,75347,75357,10
13.0066003799,80.2420425415,75357,75367,10
13.0066003799,80.2413711548,75367,75377,10
13.0066299438,80.2409362793,75377,75387,10
13.0066404343,80.2409210205,75387,75397,10
13.0066699982,80.2406692505,75397,75407,10
13.0068101883,80.2400665283,75407,75417,10
13.0069704056,80.2393264771,75417,75427,10
13.0070896149,80.238571167,75427,75438,11
13.007229805,80.2378311157,75438,75448,10
13.007349968,80.2372131348,75448,75458,10
13.0073795319,80.2368774414,75458,75468,10
13.0074396133,80.2366867065,75468,75478,10
13.0075798035,80.2361602783,75478,75488,10
13.0077800751,80.2352218628,75488,75498,10
13.0079898834,80.234161377,75498,75508,10
13.0082101822,80.233039856,75508,75518,10
13.0084600449,80.2317504883,75518,75528,10
13.0087003708,80.2305297852,75528,75539,11
13.0089302063,80.2292785645,75539,75549,10
13.0091695786,80.2282028198,75549,75559,10
13.0095396042,80.2273178101,75559,75569,10
13.0099601746,80.2263565063,75569,75579,10
13.0103502274,80.2256698608,75579,75589,10
13.0106096268,80.2251586914,75589,75599,10
13.0107603073,80.2248382568,75599,75609,10
13.0110197067,80.2242584229,75609,75619,10
13.0112304688,80.223739624,75619,75629,10
13.0114603043,80.223197937,75629,75640,11
13.0116300583,80.2227020264,75640,75650,10
13.0120096207,80.2217407227,75650,75660,10
13.0123901367,80.221496582,75660,75670,10
13.0127696991,80.2220916748,75670,75680,10
13.013420105,80.2228164673,75680,75690,10
13.013999939,80.2233276367,75690,75700,10
13.014289856,80.2236175537,75700,75710,10
13.0144796371,80.2239227295,75710,75720,10
13.0150203705,80.2245483398,75720,75730,10
13.0154600143,80.224861145,75730,75741,11
13.0156297684,80.2250366211,75741,75751,10
13.0159502029,80.2252731323,75751,75761,10
13.0166397095,80.2252426147,75761,75771,10
13.0176000595,80.224861145,75771,75781,10
13.0185699463,80.2244796753,75781,75791,10
13.0193796158,80.2243423462,75791,75801,10
13.0197200775,80.2244567871,75801,75811,10
13.0200500488,80.2247161865,75811,75827,16
13.0208797455,80.2253036499,75827,75839,12
13.0216598511,80.2258987427,75839,75850,11
13.0223903656,80.2264404297,75850,75860,10
13.0224895477,80.2265167236,75860,75870,10
13.0226802826,80.2266921997,75870,75880,10
13.0230798721,80.2270584106,75880,75890,10
13.0236101151,80.2275390625,75890,75900,10
13.0241098404,80.2281036377,75900,75910,10
13.0246095657,80.228767395,75910,75920,10
13.0251197815,80.2294692993,75920,75930,10
13.0256700516,80.2302627563,75930,75941,11
13.0259199142,80.2308425903,75941,75951,10
13.025970459,80.2309799194,75951,75961,10
13.0260696411,80.231338501,75961,75971,10
13.0262298584,80.2319335938,75971,75981,10
13.02643013,80.2326278687,75981,76001,20
13.02643013,80.2326278687,76001,76011,10
13.0265197754,80.2327804565,76011,76021,10
13.0267496109,80.2332305908,76021,76031,10
13.0271501541,80.2338867188,76031,76042,11
13.0276403427,80.2347335815,76042,76052,10
13.0281095505,80.2355270386,76052,76062,10
13.0288000107,80.2363128662,76062,76072,10
13.0293998718,80.2369384766,76072,76082,10
13.0297403336,80.2372817993,76082,76102,20
13.0297403336,80.2372817993,76102,76112,10
13.0298700333,80.2374572754,76112,76122,10
13.0302000046,80.2380065918,76122,76132,10
13.0305900574,80.2387237549,76132,76143,11
13.0310001373,80.2394104004,76143,76153,10
13.0312404633,80.2398681641,76153,76163,10
13.0314302444,80.2401733398,76163,76179,16
13.0314903259,80.2408370972,76179,76191,12
13.0316696167,80.2412414551,76191,76199,8
13.0318698883,80.2416305542,76199,76211,12
13.0322399139,80.2422409058,76211,76220,9
13.0327100754,80.2427520752,76220,76231,11
13.0332603455,80.2434921265,76231,76241,10
13.0337696075,80.244178772,76241,76252,11
13.0341501236,80.2447433472,76252,76261,9
13.0345001221,80.2451934814,76261,76271,10
13.0347604752,80.2455215454,76271,76282,11
13.0352897644,80.2459411621,76282,76292,10
13.0357999802,80.2460784912,76292,76301,9
13.0358495712,80.2461090088,76301,76311,10
13.0360202789,80.2462768555,76311,76322,11
13.0365400314,80.246383667,76322,76331,9
13.0371103287,80.2465286255,76331,76342,11
13.0375699997,80.2463912964,76342,76353,11
13.0381498337,80.2465515137,76353,76363,10
13.0386600494,80.2466964722,76363,76373,10
13.0389499664,80.2467727661,76373,76383,10
13.0391197205,80.2468338013,76383,76393,10
13.0396604538,80.2469482422,76393,76403,10
13.0403404236,80.2470779419,76403,76413,10
13.0410900116,80.247253418,76413,76423,10
13.04185009,80.2473983765,76423,76433,10
13.0424804688,80.2475509644,76433,76443,10
13.0430002213,80.2477416992,76443,76454,11
13.0436697006,80.247833252,76454,76464,10
13.0441598892,80.2477493286,76464,76474,10
13.0447797775,80.2478713989,76474,76484,10
13.0451898575,80.2481307983,76484,76494,10
13.0457801819,80.2483901978,76494,76504,10
13.0463600159,80.2484817505,76504,76514,10
13.0469102859,80.2483825684,76514,76524,10
13.0470199585,80.2483596802,76524,76534,10
13.0473804474,80.2485198975,76534,76544,10
13.0478801727,80.2490081787,76544,76555,11
13.0483798981,80.2495193481,76555,76565,10
13.0486602783,80.2496109009,76565,76575,10
13.0491895676,80.2496566772,76575,76585,10
13.0499897003,80.2498092651,76585,76595,10
13.0509700775,80.250038147,76595,76605,10
13.0518598557,80.2504501343,76605,76615,10
13.0524597168,80.2511062622,76615,76625,10
13.0530195236,80.2518615723,76625,76635,10
13.0537595749,80.2528610229,76635,76645,10
13.0544300079,80.2537612915,76645,76656,11
13.0550699234,80.2546081543,76656,76666,10
13.0555095673,80.2552032471,76666,76676,10
13.0559396744,80.255821228,76676,76686,10
13.0562601089,80.2562484741,76686,76696,10
13.0565795898,80.2565689087,76696,76706,10
13.0571699142,80.2570877075,76706,76716,10
13.0577602386,80.2576217651,76716,76726,10
13.058259964,80.2581863403,76726,76736,10
13.058719635,80.2587890625,76736,76746,10
13.0591802597,80.2593917847,76746,76757,11
13.0595598221,80.2600021362,76757,76767,10
13.0600404739,80.2603683472,76767,76777,10
13.0605602264,80.2609329224,76777,76787,10
13.0611200333,80.2616271973,76787,76807,20
13.0611200333,80.2616271973,76807,76817,10
13.0612401962,80.2619171143,76817,76827,10
13.0616197586,80.2622680664,76827,76837,10
13.0620803833,80.2629165649,76837,76847,10
13.0626602173,80.263633728,76847,76858,11
13.0632095337,80.2643203735,76858,76868,10
13.0636396408,80.2649993896,76868,76884,16
13.0642900467,80.2659072876,76884,76896,12
13.0648403168,80.2665710449,76896,76906,10
13.0651502609,80.2669296265,76906,76916,10
13.0657300949,80.2673797607,76916,76925,9
13.0661497116,80.2679595947,76925,76936,11
13.0664396286,80.2683334351,76936,76946,10
13.0664596558,80.2683410645,76946,76956,10
13.0665597916,80.268371582,76956,76967,11
13.0667896271,80.2684402466,76967,76977,10
13.0673704147,80.2688064575,76977,76986,9
13.0679197311,80.2691574097,76986,76997,11
13.0683202744,80.2695617676,76997,77007,10
13.0681800842,80.2701721191,77007,77017,10
13.0680999756,80.2708816528,77017,77027,10
13.0681800842,80.2715301514,77027,77036,9
13.0686197281,80.2719192505,77036,77047,11
13.0692300797,80.2721786499,77047,77058,11
13.0698604584,80.2728500366,77058,77068,10
13.0702600479,80.2733383179,77068,77078,10
13.0705699921,80.2737808228,77078,77088,10
13.0709896088,80.2741012573,77088,77098,10
13.0710897446,80.2741165161,77098,77108,10
13.0714502335,80.2741775513,77108,77138,30
13.0714502335,80.2741775513,77138,77148,10
13.0717697144,80.2743682861,77148,77159,11
13.0724201202,80.275062561,77159,77169,10
13.0730600357,80.2757568359,77169,77179,10
13.0736303329,80.2763137817,77179,77189,10
13.0745401382,80.2763290405,77189,77199,10
13.0755500793,80.2762908936,77199,77209,10
13.0760002136,80.276260376,77209,77219,10
13.07654953,80.2762527466,77219,77229,10
13.0773601532,80.276222229,77229,77239,10
13.0781002045,80.2759933472,77239,77249,10
13.0784397125,80.2752380371,77249,77260,11
13.0793304443,80.2752380371,77260,77270,10
13.0802402496,80.2752685547,77270,77280,10
13.0809202194,80.2752075195,77280,77290,10
13.0815401077,80.2751617432,77290,77300,10
13.0818595886,80.2752685547,77300,77310,10
13.081990242,80.2753295898,77310,77320,10
13.0820598602,80.2755279541,77320,77362,42
13.0820598602,80.2755279541,77362,77372,10
13.0820503235,80.2759017944,77372,77382,10
13.0818195343,80.2760467529,77382,77392,10
13.0818004608,80.2762985229,77392,77402,10
13.0818004608,80.2767410278,77402,77412,10
13.0819396973,80.2777404785,77412,77422,10
13.0820999146,80.2783737183,77422,77452,30
13.0820999146,80.2783737183,77452,77463,11
13.0818996429,80.2783432007,77463,77473,10
13.0818195343,80.277671814,77473,77483,10
13.081700325,80.2766723633,77483,77493,10
13.0815896988,80.2760009766,77493,77503,10
13.081489563,80.275428772,77503,77513,10
13.0812397003,80.2751998901,77513,77523,10
13.0808200836,80.2752685547,77523,77533,10
13.0803403854,80.2753372192,77533,77543,10
13.0798997879,80.2753982544,77543,77553,10
13.0793800354,80.2753601074,77553,77564,11
13.0785903931,80.2752380371,77564,77574,10
13.0781698227,80.2759017944,77574,77584,10
13.077580452,80.2762680054,77584,77594,10
13.0767602921,80.2763214111,77594,77604,10
13.0760097504,80.2763595581,77604,77621,17
13.0758399963,80.2761001587,77621,77633,12
13.0758199692,80.2758178711,77633,77641,8
13.0758600235,80.2755432129,77641,77653,12
13.0758399963,80.2752685547,77653,77887,234
13.0758399963,80.2752685547,77887,77897,10
13.0758199692,80.2751312256,77897,77907,10
13.0755596161,80.2747802734,77907,77917,10
13.0752496719,80.2749176025,77917,77927,10
13.0749998093,80.275062561,77927,77937,10
13.074760437,80.2755279541,77937,80503,2566
13.0746603012,80.2755432129,80503,81826,1323
13.0746603012,80.2755432129,81826,81836,10
13.0749502182,80.2756195068,81836,81846,10
13.0749502182,80.2756118774,81846,81856,10
13.0748996735,80.2754516602,81856,81876,20
13.0748996735,80.2754516602,81876,81887,11
13.0749902725,80.275138855,81887,81937,50
13.0749902725,80.275138855,81937,81947,10
13.0750703812,80.2750091553,81947,81957,10
13.0753297806,80.2749176025,81957,81967,10
13.0756998062,80.2748565674,81967,81977,10
13.0759401321,80.2752609253,81977,81988,11
