12.9984397888,80.2570877075,20,2997,2977
12.9985599518,80.2571411133,2997,8761,5764
12.998290062,80.2571182251,8761,9034,273
12.998290062,80.2571182251,9034,9044,10
12.998339653,80.2571029663,9044,9054,10
12.9984197617,80.256690979,9054,9064,10
12.9981803894,80.256401062,9064,9074,10
12.9978704453,80.256439209,9074,9094,20
12.9977798462,80.256439209,9094,10841,1747
12.9975404739,80.2565917969,10841,11063,222
12.9977798462,80.2564620972,11063,15211,4148
12.9977798462,80.2564620972,15211,15221,10
12.9979000092,80.2566223145,15221,15605,384
12.9978303909,80.2564163208,15605,19208,3603
12.9976902008,80.2560424805,19208,19228,20
12.9976902008,80.2560424805,19228,19239,11
12.9975996017,80.2559432983,19239,19249,10
12.9974298477,80.2559280396,19249,19259,10
12.9973602295,80.2559280396,19259,19269,10
12.9970703125,80.2559509277,19269,19279,10
12.9969501495,80.2559432983,19279,19289,10
12.9965600967,80.2559204102,19289,19299,10
12.9959096909,80.2559204102,19299,19309,10
12.995300293,80.2559280396,19309,19319,10
12.9946098328,80.2559585571,19319,19329,10
12.9938602448,80.2560119629,19329,19339,10
12.9928503036,80.256072998,19339,19350,11
12.9916200638,80.2560806274,19350,19360,10
12.9906101227,80.2560424805,19360,19370,10
12.9895496368,80.2560195923,19370,19380,10
12.9885797501,80.2559127808,19380,19390,10
12.9877300262,80.2557983398,19390,19400,10
12.9869403839,80.2556610107,19400,19410,10
12.9862203598,80.2555465698,19410,19420,10
12.9858398438,80.2554626465,19420,19430,10
12.9851903915,80.2552871704,19430,19440,10
12.9845104218,80.2551269531,19440,19450,10
12.9838199615,80.2549362183,19450,19461,11
12.9829101563,80.2546691895,19461,19471,10
12.9821596146,80.2543029785,19471,19481,10
12.9818696976,80.2535400391,19481,19491,10
12.9815597534,80.2528533936,19491,19501,10
12.980799675,80.2527999878,19501,19511,10
12.9800195694,80.252746582,19511,19521,10
12.9792604446,80.2526779175,19521,19531,10
12.9786701202,80.2525787354,19531,19541,10
12.9784402847,80.2524719238,19541,19551,10
12.9778995514,80.2520294189,19551,19562,11
12.9769496918,80.2513885498,19562,19572,10
12.9757404327,80.2509994507,19572,19582,10
12.9744300842,80.2506103516,19582,19592,10
12.9730501175,80.2502365112,19592,19602,10
12.9717702866,80.2499008179,19602,19612,10
12.9705495834,80.2495498657,19612,19622,10
12.9692897797,80.2490615845,19622,19632,10
12.9680204391,80.2485580444,19632,19642,10
12.9668598175,80.248046875,19642,19652,10
12.9658899307,80.2476196289,19652,19662,10
12.9651298523,80.2473602295,19662,19673,11
12.9643201828,80.2470474243,19673,19683,10
12.9634199142,80.2466812134,19683,19693,10
12.962389946,80.2461700439,19693,19703,10
12.961230278,80.24559021,19703,19713,10
12.9602003098,80.2451171875,19713,19723,10
12.95952034,80.2448196411,19723,19733,10
12.959400177,80.2447662354,19733,19743,10
12.9591999054,80.244682312,19743,19753,10
12.9587001801,80.2444610596,19753,19763,10
12.9580402374,80.244178772,19763,19774,11
12.9573202133,80.2438964844,19774,19784,10
12.9565896988,80.243598938,19784,19794,10
12.9563798904,80.243522644,19794,19804,10
12.9560403824,80.2433700562,19804,19814,10
12.9553499222,80.2431182861,19814,19824,10
12.95470047,80.2429199219,19824,19834,10
12.954079628,80.2426605225,19834,19844,10
12.9536304474,80.2424697876,19844,19854,10
12.9533500671,80.2423324585,19854,19864,10
12.9530696869,80.2422103882,19864,19874,10
12.952750206,80.2420578003,19874,19885,11
12.9523601532,80.2418365479,19885,19895,10
12.9517002106,80.241607666,19895,19905,10
12.9507398605,80.2413024902,19905,19915,10
12.9495401382,80.2409515381,19915,19925,10
12.9484996796,80.2405471802,19925,19935,10
12.9474897385,80.2401428223,19935,19945,10
12.9466695786,80.2398223877,19945,19955,10
12.9456396103,80.2393798828,19955,19965,10
12.9447498322,80.2386322021,19965,19975,10
12.9438896179,80.237701416,19975,19986,11
12.9428701401,80.2367401123,19986,19996,10
12.9416999817,80.2362976074,19996,20006,10
12.940489769,80.2360229492,20006,20016,10
12.9396800995,80.2357406616,20016,20026,10
12.938750267,80.2352905273,20026,20036,10
12.9375801086,80.2347106934,20036,20046,10
12.9363698959,80.2341384888,20046,20056,10
12.9354000092,80.2336807251,20056,20066,10
12.9343395233,80.2332000732,20066,20076,10
12.9338703156,80.2329711914,20076,20086,10
12.9336500168,80.2328567505,20086,20097,11
12.9329795837,80.2325668335,20097,20107,10
12.9320697784,80.2322616577,20107,20117,10
12.9308700562,80.2318725586,20117,20127,10
12.9295396805,80.2314987183,20127,20137,10
12.9282503128,80.2312698364,20137,20147,10
12.9269104004,80.231086731,20147,20157,10
12.9257202148,80.2309494019,20157,20167,10
12.9245500565,80.2307815552,20167,20177,10
12.9233198166,80.2306213379,20177,20187,10
12.9219303131,80.2304077148,20187,20198,11
12.92029953,80.2302017212,20198,20208,10
12.9188404083,80.2300186157,20208,20218,10
12.9174804688,80.2298583984,20218,20228,10
12.9160604477,80.2296600342,20228,20238,10
12.9147701263,80.2294692993,20238,20248,10
12.913769722,80.2293395996,20248,20258,10
12.9131402969,80.2292633057,20258,20268,10
12.9123296738,80.2291412354,20268,20278,10
12.9113197327,80.2289733887,20278,20288,10
12.9100704193,80.2287826538,20288,20298,10
12.9086704254,80.228553772,20298,20309,11
12.907119751,80.2283401489,20309,20319,10
12.90625,80.2282791138,20319,20329,10
12.9055500031,80.2282180786,20329,20339,10
12.9045200348,80.2281570435,20339,20349,10
12.9032096863,80.2280883789,20349,20359,10
12.9019804001,80.2280197144,20359,20369,10
12.9010000229,80.2279434204,20369,20379,10
12.9001502991,80.2279205322,20379,20389,10
12.8998203278,80.2279129028,20389,20398,9
12.8996801376,80.227897644,20398,20410,12
12.8990001678,80.2278366089,20410,20420,10
12.8981199265,80.2277832031,20420,20430,10
12.8969602585,80.2277297974,20430,20440,10
12.8956203461,80.2276763916,20440,20450,10
12.8943395615,80.2276229858,20450,20460,10
12.8931798935,80.2274932861,20460,20470,10
12.8920202255,80.2273788452,20470,20480,10
12.8907804489,80.2273712158,20480,20490,10
12.8894500732,80.2273483276,20490,20500,10
12.8881397247,80.2273178101,20500,20510,10
12.8870601654,80.227180481,20510,20521,11
12.8857097626,80.226852417,20521,20531,10
12.8848304749,80.2267379761,20531,20541,10
12.8845901489,80.2267379761,20541,20551,10
12.884349823,80.2267379761,20551,20561,10
12.8836402893,80.2267379761,20561,20571,10
12.8825902939,80.2267303467,20571,20581,10
12.8812999725,80.2267532349,20581,20591,10
12.8801803589,80.2267532349,20591,20601,10
12.8788995743,80.2267913818,20601,20611,10
12.8776197433,80.2268981934,20611,20622,11
12.8764896393,80.2269973755,20622,20632,10
12.8754396439,80.2269821167,20632,20642,10
12.8741502762,80.2268066406,20642,20652,10
12.8728199005,80.2267227173,20652,20662,10
12.8715400696,80.2266921997,20662,20672,10
12.8702497482,80.2266082764,20672,20682,10
12.8689804077,80.2264480591,20682,20692,10
12.8676900864,80.2264404297,20692,20702,10
12.8664102554,80.2265777588,20702,20712,10
12.8651599884,80.2266235352,20712,20722,10
12.8638601303,80.2265625,20722,20733,11
12.862449646,80.2265701294,20733,20743,10
12.8613595963,80.2266235352,20743,20753,10
12.8605003357,80.2265701294,20753,20763,10
12.8593997955,80.2264022827,20763,20773,10
12.8584604263,80.2262878418,20773,20783,10
12.857339859,80.2263031006,20783,20793,10
12.8560695648,80.2264328003,20793,20803,10
12.8547000885,80.2265777588,20803,20813,10
12.8532495499,80.2267227173,20813,20822,9
12.8519001007,80.2266769409,20822,20833,11
12.8502702713,80.2266082764,20833,20844,11
12.8487796783,80.226600647,20844,20854,10
12.8474998474,80.2266082764,20854,20864,10
12.8463401794,80.2266235352,20864,20874,10
12.8456001282,80.2266311646,20874,20884,10
12.8454904556,80.2266235352,20884,20894,10
12.8450098038,80.2266464233,20894,20904,10
12.8442401886,80.2266998291,20904,20914,10
12.8431901932,80.2268600464,20914,20924,10
12.8420495987,80.2270889282,20924,20933,9
12.8410396576,80.2273483276,20933,20945,12
12.840089798,80.2276000977,20945,20955,10
12.8397502899,80.227722168,20955,20965,10
12.839389801,80.2278289795,20965,20975,10
12.8386297226,80.2280197144,20975,20985,10
12.8376102448,80.2282409668,20985,20995,10
12.8363199234,80.2284317017,20995,21005,10
12.8349199295,80.2286376953,21005,21015,10
12.8336696625,80.2288818359,21015,21025,10
12.8326101303,80.2290725708,21025,21035,10
12.8316602707,80.2292785645,21035,21045,10
12.8306703568,80.229598999,21045,21056,11
12.8295097351,80.2300262451,21056,21066,10
12.8284196854,80.2305374146,21066,21076,10
12.8273000717,80.2311630249,21076,21086,10
12.8260602951,80.2313995361,21086,21096,10
12.8247995377,80.2314071655,21096,21106,10
12.8236904144,80.2311325073,21106,21116,10
12.8226003647,80.2307891846,21116,21126,10
12.8214998245,80.2305221558,21126,21136,10
12.8202896118,80.2304763794,21136,21146,10
12.8190898895,80.2304992676,21146,21157,11
12.8179197311,80.2300567627,21157,21167,10
12.8168296814,80.229598999,21167,21177,10
12.8156499863,80.2294006348,21177,21187,10
12.814450264,80.2292175293,21187,21197,10
12.8132400513,80.2288894653,21197,21207,10
12.8119802475,80.2284393311,21207,21217,10
12.8107099533,80.2279586792,21217,21227,10
12.809510231,80.2274475098,21227,21237,10
12.8085803986,80.2267990112,21237,21247,10
12.8077096939,80.2260665894,21247,21257,10
12.8069295883,80.225402832,21257,21268,11
12.8062200546,80.2247467041,21268,21278,10
12.8056297302,80.2242889404,21278,21288,10
12.8050699234,80.224067688,21288,21298,10
12.8044996262,80.2239608765,21298,21308,10
12.8039102554,80.2239074707,21308,21318,10
12.8033103943,80.2238464355,21318,21328,10
12.8026695251,80.2237625122,21328,21338,10
12.8018398285,80.2236480713,21338,21348,10
12.8008699417,80.2235488892,21348,21357,9
12.7999095917,80.2234573364,21357,21369,12
12.7983703613,80.2232818604,21369,21379,10
12.7970399857,80.2230987549,21379,21389,10
12.7957696915,80.2228775024,21389,21399,10
12.7945404053,80.2226791382,21399,21409,10
12.7932300568,80.2224884033,21409,21419,10
12.7919397354,80.2222366333,21419,21429,10
12.7906799316,80.2219390869,21429,21439,10
12.7895202637,80.2216186523,21439,21449,10
12.7885599136,80.2212524414,21449,21459,10
12.7877702713,80.2209472656,21459,21469,10
12.7870798111,80.220703125,21469,21480,11
12.78647995,80.2204666138,21480,21490,10
12.7863397598,80.220413208,21490,21500,10
12.7860002518,80.2202529907,21500,21510,10
12.7853097916,80.2199478149,21510,21520,10
12.7846803665,80.2196426392,21520,21550,30
12.7846803665,80.2196426392,21550,21560,10
12.7843799591,80.2194671631,21560,21569,9
12.7838497162,80.2191696167,21569,21581,12
12.7828102112,80.2185974121,21581,21591,10
12.7818002701,80.2180480957,21591,21601,10
12.7807598114,80.2174911499,21601,21611,10
12.7796897888,80.2168807983,21611,21621,10
12.7785301208,80.2162475586,21621,21631,10
12.7773199081,80.215713501,21631,21641,10
12.7761602402,80.2152328491,21641,21651,10
12.7750396729,80.2147827148,21651,21661,10
12.7739601135,80.21434021,21661,21671,10
12.7729196548,80.2139205933,21671,21681,10
12.7719202042,80.2135467529,21681,21692,11
12.7709503174,80.2132110596,21692,21702,10
12.7707996368,80.212928772,21702,21712,10
12.7708997726,80.2127532959,21712,21722,10
12.771030426,80.2121734619,21722,21732,10
12.7713098526,80.2112808228,21732,21742,10
12.7718400955,80.2102890015,21742,21752,10
12.772310257,80.2091674805,21752,21762,10
12.772600174,80.2080764771,21762,21772,10
12.7727603912,80.2075195313,21772,21782,10
12.7729301453,80.2068405151,21782,21793,11
12.7731895447,80.2059936523,21793,21803,10
12.7733802795,80.2051086426,21803,21813,10
12.7735004425,80.2041473389,21813,21823,10
12.7736902237,80.2030563354,21823,21833,10
12.773850441,80.2019271851,21833,21843,10
12.773900032,80.2010574341,21843,21944,101
12.773900032,80.2010574341,21944,21954,10
12.7739601135,80.2005386353,21954,21964,10
12.774020195,80.1998291016,21964,21974,10
12.7741098404,80.1988983154,21974,21984,10
12.7741699219,80.1978607178,21984,21994,10
12.7742099762,80.1969985962,21994,22005,11
12.7742595673,80.1959228516,22005,22015,10
12.7743997574,80.1948776245,22015,22025,10
12.7745800018,80.1939926147,22025,22035,10
12.7746601105,80.1937408447,22035,22045,10
12.7747497559,80.1934509277,22045,22055,10
12.7750902176,80.1928482056,22055,22065,10
12.775349617,80.1921310425,22065,22075,10
12.7752399445,80.1914825439,22075,22085,10
12.7748804092,80.1906967163,22085,22095,10
12.774140358,80.1899032593,22095,22105,10
12.7731895447,80.1894378662,22105,22116,11
12.7720804214,80.1889877319,22116,22126,10
12.7711601257,80.1885604858,22126,22136,10
12.7709903717,80.1876907349,22136,22146,10
12.7708902359,80.1867828369,22146,22156,10
12.7707700729,80.1859283447,22156,22166,10
12.7707300186,80.1850204468,22166,22176,10
12.7704801559,80.1846618652,22176,22186,10
12.7704801559,80.1846466064,22186,22196,10
12.7702503204,80.1845779419,22196,22206,10
12.7697896957,80.1844482422,22206,22217,11
12.7693099976,80.1842498779,22217,22227,10
12.7690000534,80.1840667725,22227,22237,10
12.7686901093,80.1837768555,22237,22247,10
12.7683801651,80.1835021973,22247,22257,10
12.7678899765,80.1833114624,22257,22267,10
12.7672901154,80.1831130981,22267,22277,10
12.7667303085,80.1828384399,22277,22287,10
12.7661304474,80.1826629639,22287,22297,10
12.7655601501,80.1826095581,22297,22307,10
12.7649297714,80.1825332642,22307,22317,10
12.7642803192,80.1824493408,22317,22328,11
12.7637300491,80.1823425293,22328,22338,10
12.7634897232,80.1826477051,22338,22348,10
12.7633399963,80.1831817627,22348,22358,10
12.7631902695,80.1836471558,22358,22368,10
12.7630701065,80.1840362549,22368,22378,10
12.7630996704,80.1844024658,22378,22388,10
12.7630596161,80.1847381592,22388,22398,10
12.7628498077,80.1849975586,22398,22408,10
12.7624702454,80.184928894,22408,22418,10
12.762049675,80.184928894,22418,22429,11
12.7616195679,80.1848907471,22429,22439,10
12.7615499496,80.1846694946,22439,23418,979
12.7615499496,80.1846694946,23418,23428,10
12.7616796494,80.1848983765,23428,23438,10
12.7618598938,80.1849212646,23438,23448,10
12.7621498108,80.1849365234,23448,23458,10
12.7625198364,80.1849517822,23458,23468,10
12.762840271,80.1849899292,23468,23478,10
12.7630195618,80.1847229004,23478,23489,11
12.7630500793,80.1844024658,23489,23499,10
12.763010025,80.1841278076,23499,23509,10
12.7630796432,80.1838684082,23509,23519,10
12.7631702423,80.1836013794,23519,23529,10
12.7631797791,80.1835632324,23529,23539,10
12.7632398605,80.1833190918,23539,23549,10
12.7633600235,80.1829071045,23549,23559,10
12.7634801865,80.1825485229,23559,23569,10
12.7638301849,80.1824569702,23569,23579,10
12.7643098831,80.182510376,23579,23589,10
12.7648601532,80.1825637817,23589,23600,11
12.7655200958,80.1826324463,23600,23610,10
12.7661104202,80.1827163696,23610,23620,10
12.7666397095,80.1828384399,23620,23630,10
12.7671804428,80.1830978394,23630,23640,10
12.7677097321,80.1832809448,23640,23650,10
12.768239975,80.1834793091,23650,23660,10
12.7686100006,80.1837387085,23660,23670,10
12.7689599991,80.1840515137,23670,23680,10
12.7693099976,80.1842575073,23680,23690,10
12.7697601318,80.184463501,23690,23701,11
12.7702903748,80.1846084595,23701,23711,10
12.7706203461,80.1847076416,23711,23721,10
12.7707195282,80.1847991943,23721,23731,10
12.7707901001,80.1853637695,23731,23741,10
12.770819664,80.1861724854,23741,23751,10
12.7709197998,80.186882019,23751,23761,10
12.7709798813,80.1873779297,23761,23771,10
12.7710599899,80.1879806519,23771,23781,10
12.771320343,80.1887130737,23781,23791,10
12.7721300125,80.1890182495,23791,23802,11
12.7731704712,80.189453125,23802,23812,10
12.7741498947,80.1898880005,23812,23822,10
12.774889946,80.1906890869,23822,23832,10
12.7752599716,80.1915588379,23832,23842,10
12.7754001617,80.1922607422,23842,23852,10
12.7751102448,80.1928787231,23852,23862,10
12.7747602463,80.1935272217,23862,23872,10
12.7745895386,80.1941833496,23872,23881,9
12.774430275,80.1949615479,23881,23892,11
12.7742795944,80.1960372925,23892,23902,10
12.7742300034,80.1970825195,23902,23913,11
12.7742004395,80.1981582642,23913,23923,10
12.7741003036,80.1991500854,23923,23933,10
12.7740097046,80.2002334595,23933,23943,10
12.7739400864,80.2010574341,23943,23953,10
12.7739200592,80.2011871338,23953,23963,10
12.773900032,80.2014770508,23963,23973,10
12.7738599777,80.2021408081,23973,23983,10
12.7737398148,80.2030029297,23983,23993,10
12.7735500336,80.203918457,23993,24003,10
12.7734298706,80.2049102783,24003,24012,9
12.7732696533,80.2057876587,24012,24024,12
12.7730197906,80.2066726685,24024,24034,10
12.7729701996,80.2068023682,24034,24044,10
12.7728300095,80.2073516846,24044,24054,10
12.7726097107,80.2080917358,24054,24064,10
12.772359848,80.2089691162,24064,24074,10
12.7720403671,80.2099304199,24074,24084,10
12.7715301514,80.210899353,24084,24094,10
12.7711296082,80.2117919922,24094,24104,10
12.7709302902,80.2126922607,24104,24113,9
12.7708501816,80.2130966187,24113,24125,12
12.7709503174,80.213180542,24125,24135,10
12.7712001801,80.2132492065,24135,24145,10
12.7717199326,80.213432312,24145,24155,10
12.772480011,80.2136993408,24155,24165,10
12.7733602524,80.214050293,24165,24175,10
12.7742996216,80.2144165039,24175,24185,10
12.775349617,80.2148513794,24185,24195,10
12.7765398026,80.2153320313,24195,24205,10
12.7778396606,80.2158584595,24205,24215,10
12.7791595459,80.2165222168,24215,24225,10
12.780500412,80.2172470093,24225,24236,11
12.7820196152,80.2180786133,24236,24246,10
12.7833900452,80.2188262939,24246,24256,10
12.7845697403,80.2194976807,24256,24266,10
12.7855195999,80.2200012207,24266,24276,10
12.7861204147,80.2202682495,24276,24286,10
12.786529541,80.2204589844,24286,24306,20
12.786529541,80.2204589844,24306,24316,10
12.7867002487,80.2205886841,24316,24326,10
12.7868204117,80.2205963135,24326,24337,11
12.7872200012,80.2207565308,24337,24347,10
12.7878303528,80.2209625244,24347,24357,10
12.7885799408,80.2212600708,24357,24367,10
12.789440155,80.2215805054,24367,24377,10
12.7902002335,80.2218017578,24377,24387,10
12.791179657,80.222038269,24387,24397,10
12.7923603058,80.222328186,24397,24407,10
12.7936201096,80.2225494385,24407,24417,10
12.7948799133,80.2227325439,24417,24427,10
12.7959804535,80.2228775024,24427,24436,9
12.7964401245,80.2229385376,24436,24448,12
12.7966604233,80.2229919434,24448,24458,10
12.7969198227,80.2230529785,24458,24468,10
12.7974996567,80.2231369019,24468,24478,10
12.7982301712,80.2232437134,24478,24488,10
12.7990903854,80.2233505249,24488,24498,10
12.8000602722,80.2234191895,24498,24508,10
12.8009996414,80.2235031128,24508,24518,10
12.8013801575,80.2235412598,24518,24528,10
12.8014202118,80.2235565186,24528,24538,10
12.8018598557,80.2236099243,24538,24549,11
12.8026895523,80.2237319946,24549,24559,10
12.8037204742,80.2238464355,24559,24569,10
12.8047399521,80.2239303589,24569,24579,10
12.8054704666,80.2240905762,24579,24589,10
12.8056297302,80.2241592407,24589,24599,10
12.8060398102,80.2244796753,24599,24609,10
12.8067302704,80.2250823975,24609,24619,10
12.8075799942,80.2258224487,24619,24629,10
12.8085403442,80.2266464233,24629,24639,10
12.8096904755,80.2274627686,24639,24649,10
12.8110599518,80.2280502319,24649,24660,11
12.8126497269,80.2286300659,24660,24670,10
12.8141202927,80.2291030884,24670,24680,10
12.8156795502,80.2293624878,24680,24690,10
12.8172197342,80.2296600342,24690,24700,10
12.8185195923,80.23021698,24700,24710,10
12.819729805,80.2304382324,24710,24720,10
12.8207902908,80.230430603,24720,24730,10
12.8219995499,80.2305526733,24730,24740,10
12.8233499527,80.2309494019,24740,24750,10
12.8247003555,80.2312927246,24750,24761,11
12.8261203766,80.2313537598,24761,24771,10
12.8274497986,80.2310714722,24771,24781,10
12.8286800385,80.2303695679,24781,24791,10
12.8299503326,80.2298126221,24791,24801,10
12.8309497833,80.2294082642,24801,24811,10
12.8311796188,80.2293395996,24811,24821,10
12.8315401077,80.2292327881,24821,24831,10
12.8322296143,80.229057312,24831,24841,10
12.8332195282,80.2288665771,24841,24851,10
12.8343801498,80.2286605835,24851,24861,10
12.8355703354,80.228477478,24861,24872,11
12.8368902206,80.2282791138,24872,24882,10
12.8380804062,80.2280807495,24882,24892,10
12.8390102386,80.2278366089,24892,24902,10
12.8394699097,80.2276687622,24902,24912,10
12.8395204544,80.2276611328,24912,24922,10
12.8401203156,80.2274780273,24922,24932,10
12.8409700394,80.2272567749,24932,24942,10
12.8420200348,80.2269821167,24942,24952,10
12.8431100845,80.2267837524,24952,24962,10
12.8442401886,80.2266082764,24962,24973,11
12.845290184,80.2265167236,24973,24983,10
12.8455600739,80.2265090942,24983,24993,10
12.8460502625,80.2265167236,24993,25003,10
12.8468799591,80.2265090942,25003,25013,10
12.8479499817,80.2265090942,25013,25023,10
12.8490200043,80.2265090942,25023,25033,10
12.8498697281,80.2265014648,25033,25043,10
12.8500299454,80.2265014648,25043,25053,10
12.8504104614,80.2265090942,25053,25063,10
12.8511695862,80.2265472412,25063,25073,10
12.8521995544,80.226600647,25073,25084,11
12.8535299301,80.2266082764,25084,25094,10
12.85476017,80.2264785767,25094,25104,10
12.8560199738,80.2263412476,25104,25114,10
12.8572902679,80.2262115479,25114,25124,10
12.8584403992,80.2261962891,25124,25134,10
12.8595104218,80.22631073,25134,25144,10
12.8605804443,80.2264633179,25144,25154,10
12.8608503342,80.2264862061,25154,25164,10
12.8611297607,80.2265090942,25164,25174,10
12.8618497849,80.2265014648,25174,25185,11
12.8629703522,80.2264480591,25185,25195,10
12.8642196655,80.2264862061,25195,25205,10
12.8655195236,80.2265396118,25205,25215,10
12.8667802811,80.2264785767,25215,25225,10
12.8680896759,80.2263565063,25225,25235,10
12.8694095612,80.2264404297,25235,25245,10
12.8707704544,80.2265701294,25245,25255,10
12.8720197678,80.2266082764,25255,25265,10
12.8728303909,80.2266082764,25265,25274,9
12.8729095459,80.2266235352,25274,25285,11
12.8734197617,80.2266464233,25285,25296,11
12.874329567,80.2267303467,25296,25306,10
12.8754396439,80.2268676758,25306,25316,10
12.8764801025,80.226890564,25316,25326,10
12.8767299652,80.2268676758,25326,25336,10
12.8768396378,80.2268600464,25336,25346,10
12.8773498535,80.2268066406,25346,25356,10
12.8782396317,80.2267532349,25356,25366,10
12.8794298172,80.2266921997,25366,25376,10
12.8807401657,80.2266693115,25376,25386,10
12.8820295334,80.2266693115,25386,25397,11
12.8834295273,80.2266464233,25397,25407,10
12.8845996857,80.2266387939,25407,25417,10
12.885219574,80.2266464233,25417,25427,10
12.8852596283,80.2266464233,25427,25437,10
12.8856801987,80.2267303467,25437,25447,10
12.8864803314,80.2269515991,25447,25457,10
12.8875799179,80.2271881104,25457,25467,10
12.8889102936,80.2273025513,25467,25477,10
12.8903799057,80.2273101807,25477,25487,10
12.89179039,80.2273025513,25487,25497,10
12.8924198151,80.2273406982,25497,25508,11
12.8924503326,80.2273406982,25508,25518,10
12.8926801682,80.2273635864,25518,25528,10
12.8933095932,80.227432251,25528,25538,10
12.8942203522,80.2275314331,25538,25548,10
12.895409584,80.2276000977,25548,25558,10
12.8967895508,80.2276611328,25558,25568,10
12.8982601166,80.2277374268,25568,25578,10
12.8995895386,80.2278289795,25578,25588,10
12.9006004333,80.2278671265,25588,25598,10
12.9007997513,80.2278518677,25598,25609,11
12.9009304047,80.2278289795,25609,25619,10
12.9014101028,80.2278823853,25619,25629,10
12.9022102356,80.2279205322,25629,25639,10
12.9027795792,80.2279510498,25639,25649,10
12.9028701782,80.2279586792,25649,25659,10
12.9033899307,80.2280273438,25659,25669,10
12.9042196274,80.2280578613,25669,25679,10
12.9053602219,80.2281188965,25679,25689,10
12.9064302444,80.2281570435,25689,25699,10
12.9069299698,80.2282104492,25699,25708,9
12.9070796967,80.2282485962,25708,25720,12
12.9078598022,80.2283477783,25720,25730,10
12.9088697433,80.2285232544,25730,25740,10
12.9101295471,80.228729248,25740,25750,10
12.9114599228,80.2289199829,25750,25760,10
12.9125795364,80.2290802002,25760,25770,10
12.9135704041,80.2292175293,25770,25780,10
12.9140501022,80.2292861938,25780,25790,10
12.9142198563,80.2293167114,25790,25800,10
12.9147701263,80.2293930054,25800,25810,10
12.9156398773,80.2295074463,25810,25821,11
12.9168701172,80.2296905518,25821,25831,10
12.9180498123,80.229850769,25831,25841,10
12.9193696976,80.2300186157,25841,25851,10
12.9207201004,80.2302017212,25851,25861,10
12.9220304489,80.2303771973,25861,25871,10
12.9233198166,80.2305908203,25871,25881,10
12.9246101379,80.230758667,25881,25891,10
12.9257802963,80.2308883667,25891,25901,10
12.9268398285,80.231010437,25901,25911,10
12.9280996323,80.2311630249,25911,25921,10
12.9294700623,80.2313995361,25921,25932,11
12.9306898117,80.2317199707,25932,25942,10
12.9319000244,80.232093811,25942,25952,10
12.9330596924,80.2324676514,25952,25962,10
12.9336500168,80.2326965332,25962,25972,10
12.9336900711,80.2327423096,25972,25982,10
12.9340200424,80.2329101563,25982,25992,10
12.9347496033,80.2332382202,25992,26002,10
12.9357404709,80.2336883545,26002,26012,10
12.936920166,80.2342529297,26012,26022,10
12.9381103516,80.2348327637,26022,26033,11
12.9397096634,80.2356185913,26033,26053,20
12.9397096634,80.2356185913,26053,26063,10
12.9398097992,80.2356491089,26063,26073,10
12.9401903152,80.235786438,26073,26083,10
12.9409799576,80.236000061,26083,26093,10
12.9420700073,80.2362670898,26093,26103,10
12.9431800842,80.2367935181,26103,26113,10
12.9440002441,80.2376174927,26113,26123,10
12.9448404312,80.2385787964,26123,26133,10
12.9458799362,80.239402771,26133,26144,11
12.9469900131,80.2398376465,26144,26154,10
12.9472999573,80.2399520874,26154,26164,10
12.9475803375,80.2400665283,26164,26174,10
12.9481897354,80.2403335571,26174,26184,10
12.9486904144,80.2405319214,26184,26194,10
12.9487895966,80.2405776978,26194,26204,10
12.9491901398,80.2407226563,26204,26214,10
12.9497804642,80.2409286499,26214,26224,10
12.9506101608,80.2411880493,26224,26234,10
12.9516296387,80.2415237427,26234,26245,11
12.9528102875,80.2419433594,26245,26255,10
12.9536800385,80.2422790527,26255,26265,10
12.954199791,80.2425003052,26265,26275,10
12.954870224,80.242767334,26275,26285,10
12.9555301666,80.2430267334,26285,26295,10
12.9562997818,80.2433013916,26295,26305,10
12.9566001892,80.2434310913,26305,26315,10
12.9573497772,80.2437820435,26315,26325,10
12.9582500458,80.244178772,26325,26335,10
12.9589595795,80.2444534302,26335,26345,10
12.9590597153,80.2445220947,26345,26356,11
12.9594802856,80.2446975708,26356,26366,10
12.9602499008,80.2450408936,26366,26376,10
12.9611997604,80.2454833984,26376,26386,10
12.9622001648,80.2459564209,26386,26396,10
12.9630899429,80.2464599609,26396,26406,10
12.9634599686,80.2466125488,26406,26416,10
12.9638795853,80.2467880249,26416,26426,10
12.9645795822,80.2470703125,26426,26436,10
12.965470314,80.2473678589,26436,26446,10
12.9663295746,80.2476806641,26446,26456,10
12.966509819,80.247756958,26456,26467,11
12.9667100906,80.2478637695,26467,26477,10
12.9671697617,80.2481231689,26477,26487,10
12.9679403305,80.2484817505,26487,26497,10
12.9690103531,80.2488708496,26497,26507,10
12.9700899124,80.2492828369,26507,26517,10
12.971159935,80.2496566772,26517,26527,10
12.9722995758,80.2499084473,26527,26537,10
12.9734401703,80.2503128052,26537,26546,9
12.9745502472,80.2506103516,26546,26557,11
12.9759302139,80.2509689331,26557,26568,11
12.9772396088,80.2513809204,26568,26578,10
12.9780597687,80.2519989014,26578,26588,10
12.9783296585,80.2522125244,26588,26598,10
12.9785003662,80.2523803711,26598,26608,10
12.9791498184,80.2525634766,26608,26618,10
12.97976017,80.2526168823,26618,26628,10
12.979929924,80.2526702881,26628,26638,10
12.9804000854,80.2526473999,26638,26648,10
12.9812402725,80.2526168823,26648,26658,10
12.9823799133,80.252571106,26658,26669,11
12.983880043,80.2523727417,26669,26679,10
12.9852304459,80.2520065308,26679,26689,10
12.9863500595,80.2517318726,26689,26699,10
12.9872398376,80.2515029907,26699,26709,10
12.9877099991,80.2513809204,26709,26719,10
12.9879903793,80.2516326904,26719,26729,10
12.9880599976,80.2519378662,26729,26739,10
12.9880599976,80.2520217896,26739,26749,10
12.9880695343,80.252456665,26749,26759,10
12.9879999161,80.2531814575,26759,26769,10
12.9879102707,80.2539367676,26769,26780,11
12.987830162,80.2550811768,26780,26810,30
12.987830162,80.2550811768,26810,26820,10
12.9878101349,80.2551803589,26820,26830,10
12.9877700806,80.255241394,26830,26840,10
12.987739563,80.255569458,26840,26850,10
12.9878902435,80.2557907104,26850,26860,10
12.9883203506,80.2558135986,26860,26870,10
12.9884300232,80.255859375,26870,26880,10
12.9888401031,80.2559127808,26880,26891,11
12.9896297455,80.2559890747,26891,26901,10
12.9904403687,80.2560119629,26901,26909,8
12.990940094,80.2560272217,26909,26920,11
12.9918603897,80.2560424805,26920,26931,11
12.9930496216,80.2560119629,26931,26941,10
12.9940395355,80.2559585571,26941,26951,10
12.9949598312,80.255897522,26951,26961,10
12.9959001541,80.2559204102,26961,26971,10
12.996720314,80.2558822632,26971,26981,10
12.9972200394,80.2558670044,26981,26992,11
12.9979000092,80.2559127808,26992,27002,10
12.9988203049,80.2560272217,27002,27022,20
12.9988203049,80.2560272217,27022,27032,10
12.9991397858,80.2561035156,27032,27042,10
12.9997196198,80.2562408447,27042,27052,10
13.0004701614,80.2563705444,27052,27062,10
13.0011701584,80.2564926147,27062,27072,10
13.0018396378,80.2565994263,27072,27082,10
13.0025396347,80.2567214966,27082,27093,11
13.0032901764,80.2568817139,27093,27103,10
13.004070282,80.2570266724,27103,27113,10
13.0049104691,80.2571792603,27113,27123,10
13.00578022,80.2573471069,27123,27133,10
13.0065097809,80.2574005127,27133,27143,10
13.0065698624,80.2571182251,27143,27153,10
13.0065402985,80.256690979,27153,27163,10
13.0065402985,80.2559585571,27163,27173,10
13.0065803528,80.254989624,27173,27183,10
13.0065698624,80.2539672852,27183,27193,10
13.0065898895,80.2529602051,27193,27204,11
13.0067996979,80.2526092529,27204,27224,20
13.0067996979,80.2526092529,27224,27234,10
13.0067100525,80.2528381348,27234,27244,10
13.0066795349,80.2530822754,27244,27254,10
13.0066900253,80.2534713745,27254,27961,707
13.0065698624,80.2537307739,27961,28324,363
13.0066204071,80.2536468506,28324,28344,20
13.0066204071,80.2536468506,28344,28354,10
13.0067996979,80.2535705566,28354,29071,717
13.0066795349,80.2537078857,29071,29495,424
13.0066795349,80.2537078857,29495,29505,10
13.0066795349,80.2536773682,29505,29515,10
13.0066604614,80.2538528442,29515,29525,10
13.0066699982,80.25415802,29525,29535,10
13.006649971,80.2545013428,29535,29545,10
13.006649971,80.2548370361,29545,29555,10
13.0066604614,80.255241394,29555,29566,11
13.006649971,80.2561721802,29566,29576,10
13.0066795349,80.2572097778,29576,29586,10
13.0063896179,80.2575683594,29586,29596,10
13.0059404373,80.2574081421,29596,29606,10
13.0054502487,80.2573013306,29606,29616,10
13.0049104691,80.2571487427,29616,29626,10
13.0041799545,80.2570419312,29626,29636,10
13.0034599304,80.2568664551,29636,29646,10
13.0028295517,80.2567596436,29646,29656,10
13.002289772,80.2566680908,29656,29665,9
13.0019903183,80.2566070557,29665,29707,42
13.0019903183,80.2566070557,29707,29717,10
13.0017700195,80.2565612793,29717,29727,10
13.0013198853,80.2565231323,29727,29737,10
13.0006599426,80.2564315796,29737,29747,10
12.9999799728,80.2562789917,29747,29757,10
12.9992799759,80.2562026978,29757,29767,10
12.9988603592,80.2561035156,29767,29777,10
12.9986095428,80.2559967041,29777,29798,21
12.9986095428,80.2559967041,29798,29808,10
12.9983797073,80.2559890747,29808,29818,10
12.9978599548,80.2559204102,29818,29828,10
12.9970598221,80.2558898926,29828,29838,10
12.9963998795,80.2558670044,29838,29848,10
12.9955301285,80.2558898926,29848,29858,10
12.9948101044,80.2558822632,29858,29868,10
12.9941997528,80.2559661865,29868,29878,10
12.9934196472,80.2560501099,29878,29889,11
12.9922304153,80.2561035156,29889,29899,10
12.9913101196,80.2560806274,29899,29909,10
12.9904603958,80.2560195923,29909,29919,10
12.9896097183,80.2559890747,29919,29929,10
12.9886102676,80.2559127808,29929,29939,10
12.9878196716,80.2558135986,29939,30020,81
12.9878196716,80.2558135986,30020,30030,10
12.9876403809,80.2557983398,30030,30040,10
12.9871101379,80.2557067871,30040,30050,10
12.9863996506,80.2555999756,30050,30060,10
12.9860696793,80.2555236816,30060,30090,30
12.9860696793,80.2555236816,30090,30100,10
12.9856901169,80.2554092407,30100,30111,11
12.9848804474,80.2551727295,30111,30121,10
12.9840803146,80.2550125122,30121,30131,10
12.9831199646,80.2547607422,30131,30141,10
12.9823999405,80.2545394897,30141,30151,10
12.9819498062,80.2538223267,30151,30161,10
12.9816999435,80.2529525757,30161,30171,10
12.9808797836,80.2527999878,30171,30181,10
12.980099678,80.2527770996,30181,30191,10
12.9792499542,80.2526779175,30191,30201,10
12.9786701202,80.2525863647,30201,30212,11
12.9785203934,80.2525177002,30212,30222,10
12.9780302048,80.2521514893,30222,30232,10
12.9772796631,80.2515335083,30232,30242,10
12.9763298035,80.251159668,30242,30252,10
12.9752397537,80.2508621216,30252,30262,10
12.9739398956,80.2504806519,30262,30272,10
12.9725503922,80.2500915527,30272,30282,10
12.9711198807,80.249710083,30282,30292,10
12.9696798325,80.2491989136,30292,30302,10
12.9683599472,80.2486495972,30302,30312,10
12.9672698975,80.2482299805,30312,30323,11
12.9664497375,80.2478408813,30323,30333,10
12.9656200409,80.247543335,30333,30343,10
12.9654998779,80.2474899292,30343,30353,10
12.9651603699,80.2473526001,30353,30363,10
12.9645395279,80.2471389771,30363,30373,10
12.9637403488,80.2468032837,30373,30393,20
12.9637403488,80.2468032837,30393,30403,10
12.9634799957,80.2466812134,30403,30413,10
12.9628200531,80.2463684082,30413,30424,11
12.9617300034,80.24584198,30424,30434,10
12.9606199265,80.2453308105,30434,30444,10
12.9595899582,80.2448883057,30444,30454,10
12.9585800171,80.244430542,30454,30464,10
12.9577198029,80.2440795898,30464,30474,10
12.9567899704,80.2438430786,30474,30484,10
12.9563903809,80.2437210083,30484,30494,10
12.956029892,80.2435379028,30494,30504,10
12.9553003311,80.2431335449,30504,30514,10
12.9544200897,80.2426986694,30514,30524,10
12.9533004761,80.2422332764,30524,30535,11
12.9519195557,80.2417297363,30535,30545,10
12.9505996704,80.2412872314,30545,30555,10
12.9491701126,80.2408599854,30555,30585,30
12.9491701126,80.2408599854,30585,30595,10
12.9489898682,80.240737915,30595,30605,10
12.9483499527,80.2405014038,30605,30615,10
12.9474000931,80.2401123047,30615,30625,10
12.9464797974,80.2397384644,30625,30635,10
12.9453697205,80.2391967773,30635,30646,11
12.9442796707,80.2381210327,30646,30656,10
12.94328022,80.2370529175,30656,30666,10
12.9419698715,80.236366272,30666,30676,10
12.9405002594,80.2360076904,30676,30686,10
12.9392795563,80.2355499268,30686,30696,10
12.9381399155,80.2349395752,30696,30706,10
12.9369602203,80.2343597412,30706,30716,10
12.9359302521,80.2338867188,30716,30726,10
12.9348402023,80.2333908081,30726,30736,10
12.9339103699,80.2329864502,30736,30746,10
12.9337396622,80.2329330444,30746,30757,11
12.9331197739,80.2326431274,30757,30767,10
12.9322395325,80.2322998047,30767,30777,10
12.9310798645,80.2318878174,30777,30787,10
12.9298095703,80.231552124,30787,30797,10
12.9286499023,80.2313079834,30797,30807,10
12.9273195267,80.2311172485,30807,30817,10
12.9260902405,80.2310028076,30817,30827,10
12.9249000549,80.2308425903,30827,30837,10
12.923620224,80.230682373,30837,30846,9
12.9223604202,80.2304916382,30846,30858,12
12.9205598831,80.2302398682,30858,30868,10
12.9190502167,80.2300491333,30868,30878,10
12.9175395966,80.2298736572,30878,30888,10
12.9159803391,80.2296524048,30888,30898,10
12.9145402908,80.2294235229,30898,30908,10
12.9136104584,80.229309082,30908,30918,10
12.9129400253,80.2292175293,30918,30928,10
12.9120502472,80.2291030884,30928,30938,10
12.9109296799,80.2289428711,30938,30948,10
12.9096603394,80.2287368774,30948,30957,9
12.9085302353,80.228553772,30957,30969,12
12.9075403214,80.2284164429,30969,30979,10
12.9072799683,80.2284088135,30979,30989,10
12.9068498611,80.2283325195,30989,30999,10
12.9060697556,80.2282409668,30999,31009,10
12.9051504135,80.2281799316,31009,31019,10
12.9044599533,80.2281570435,31019,31029,10
12.9035196304,80.2281417847,31029,31039,10
12.9024801254,80.2281036377,31039,31049,10
12.9014997482,80.2279815674,31049,31070,21
12.9014997482,80.2279815674,31070,31080,10
12.9013004303,80.227897644,31080,31090,10
12.9009199142,80.2279205322,31090,31100,10
12.9004898071,80.2279205322,31100,31110,10
12.9000396729,80.227897644,31110,31120,10
12.8997497559,80.2279129028,31120,31130,10
12.8994598389,80.227897644,31130,31140,10
12.8993501663,80.227897644,31140,31150,10
12.8992004395,80.2278900146,31150,31160,10
12.8991699219,80.2278823853,31160,31169,9
12.8988304138,80.2278518677,31169,31181,12
12.8980102539,80.2277984619,31181,31191,10
12.8970804214,80.2277526855,31191,31201,10
12.8959197998,80.2276992798,31201,31211,10
12.894659996,80.2276611328,31211,31221,10
12.8933601379,80.2275390625,31221,31231,10
12.8923797607,80.2274398804,31231,31241,10
12.8914203644,80.2274017334,31241,31251,10
12.890250206,80.2274017334,31251,31261,10
12.8889503479,80.2274017334,31261,31271,10
12.8877000809,80.2273101807,31271,31280,9
12.8867101669,80.227142334,31280,31292,12
12.8853597641,80.2268066406,31292,31302,10
12.8849201202,80.2267608643,31302,31312,10
12.8847904205,80.2267532349,31312,31322,10
12.8842601776,80.2267379761,31322,31332,10
12.8837604523,80.2267532349,31332,31342,10
12.8835201263,80.2267532349,31342,31352,10
12.8828802109,80.2267532349,31352,31362,10
12.8819704056,80.2267684937,31362,31372,10
12.8808603287,80.2267837524,31372,31382,10
12.8797197342,80.2267990112,31382,31393,11
12.8784303665,80.226852417,31393,31403,10
12.8773202896,80.2269363403,31403,31413,10
12.8765497208,80.2269897461,31413,31433,20
12.8765497208,80.2269897461,31433,31443,10
12.8763303757,80.2269821167,31443,31453,10
12.8757295609,80.2269668579,31453,31463,10
12.8749303818,80.226890564,31463,31473,10
12.8739204407,80.2267608643,31473,31483,10
12.8729696274,80.2267227173,31483,31492,9
12.8727502823,80.2267303467,31492,31504,12
12.8724403381,80.2267227173,31504,31514,10
12.8717498779,80.2266921997,31514,31524,10
12.8708200455,80.2266464233,31524,31534,10
12.869720459,80.2265396118,31534,31544,10
12.8685503006,80.2264099121,31544,31554,10
12.8673601151,80.2264785767,31554,31564,10
12.8661499023,80.2265930176,31564,31574,10
12.8648996353,80.2266082764,31574,31584,10
12.863650322,80.2265625,31584,31594,10
12.8624095917,80.2265777588,31594,31604,10
12.8613595963,80.2266235352,31604,31615,11
12.8611097336,80.226600647,31615,31625,10
12.860710144,80.2265625,31625,31635,10
12.8598899841,80.2264709473,31635,31645,10
12.8588399887,80.2263183594,31645,31655,10
12.8576602936,80.2262802124,31655,31665,10
12.8563299179,80.2264022827,31665,31675,10
12.8549098969,80.2265625,31675,31685,10
12.8534297943,80.2266998291,31685,31695,10
12.8519601822,80.2266769409,31695,31705,10
12.8505001068,80.2266235352,31705,31715,10
12.8490104675,80.2265777588,31715,31726,11
12.8474903107,80.2265701294,31726,31736,10
12.846280098,80.2266082764,31736,31746,10
12.8454999924,80.2266311646,31746,31766,20
12.8454999924,80.2266311646,31766,31776,10
12.8453102112,80.2266235352,31776,31786,10
12.8447504044,80.2266464233,31786,31796,10
12.843919754,80.2267303467,31796,31806,10
12.8428602219,80.2269134521,31806,31816,10
12.841629982,80.2271575928,31816,31827,11
12.840379715,80.2275390625,31827,31837,10
12.8398199081,80.227722168,31837,31847,10
12.8395500183,80.2277832031,31847,31857,10
12.8388996124,80.2279663086,31857,31867,10
12.8380002975,80.2281799316,31867,31877,10
12.8368597031,80.2283935547,31877,31887,10
12.8355503082,80.2285766602,31887,31897,10
12.8343400955,80.2287826538,31897,31907,10
12.8332300186,80.2289810181,31907,31917,10
12.8324899673,80.2291412354,31917,31927,10
12.8324298859,80.2291564941,31927,31938,11
12.831990242,80.2292480469,31938,31948,10
12.8312301636,80.2294387817,31948,31958,10
12.8304300308,80.2296905518,31958,31968,10
12.830280304,80.2297210693,31968,31978,10
12.8297195435,80.2299423218,31978,31988,10
12.8288898468,80.2302932739,31988,31998,10
12.8278903961,80.2308578491,31998,32008,10
12.8268404007,80.2313079834,32008,32018,10
12.8256702423,80.2313995361,32018,32028,10
12.8244695663,80.231338501,32028,32039,11
12.8231801987,80.23097229,32039,32049,10
12.8219900131,80.2305984497,32049,32059,10
12.8207902908,80.2304611206,32059,32069,10
12.8196401596,80.2304916382,32069,32079,10
12.8186502457,80.2303619385,32079,32089,10
12.8175601959,80.2298431396,32089,32099,10
12.8163700104,80.2294769287,32099,32109,10
12.8151302338,80.2293014526,32109,32119,10
12.8138799667,80.229057312,32119,32129,10
12.8126602173,80.2286834717,32129,32139,10
12.8114500046,80.2282409668,32139,32150,11
12.8101596832,80.227722168,32150,32160,10
12.8090600967,80.227142334,32160,32170,10
12.8080797195,80.226348877,32170,32180,10
12.8071804047,80.2255783081,32180,32190,10
12.8064603806,80.224937439,32190,32200,10
12.8058595657,80.2244110107,32200,32210,10
12.8051795959,80.2240371704,32210,32220,10
12.8049201965,80.223991394,32220,32230,10
12.8048200607,80.2239685059,32230,32240,10
12.8043003082,80.2239074707,32240,32250,10
12.8034696579,80.2238311768,32250,32261,11
12.802280426,80.2236862183,32261,32271,10
12.8012304306,80.2236022949,32271,32281,10
12.8009700775,80.2235870361,32281,32291,10
12.8005504608,80.2235488892,32291,32301,10
12.8000097275,80.2235031128,32301,32311,10
12.7992801666,80.2234725952,32311,32321,10
12.7983703613,80.2233123779,32321,32331,10
12.7972097397,80.22315979,32331,32341,10
12.7961196899,80.2229614258,32341,32351,10
12.7950897217,80.2228317261,32351,32362,11
12.7937803268,80.2226104736,32362,32372,10
12.7925701141,80.2224121094,32372,32382,10
12.7913999557,80.2221374512,32382,32392,10
12.7903003693,80.221862793,32392,32402,10
12.7898397446,80.2217407227,32402,32412,10
12.7896099091,80.2216491699,32412,32422,10
12.7889900208,80.2213973999,32422,32432,10
12.7881698608,80.2210769653,32432,32442,10
12.7873802185,80.2208175659,32442,32452,10
12.7869300842,80.2206420898,32452,32462,10
12.7868099213,80.2205963135,32462,32493,31
12.7868099213,80.2205963135,32493,32503,10
12.7865695953,80.220489502,32503,32513,10
12.7863903046,80.2204208374,32513,32523,10
12.7861404419,80.2203216553,32523,32533,10
12.7857398987,80.2201004028,32533,32543,10
12.7852096558,80.2198562622,32543,32553,10
12.7846603394,80.219619751,32553,32584,31
12.7846603394,80.219619751,32584,32594,10
12.7844800949,80.2195281982,32594,32604,10
12.7839603424,80.2192306519,32604,32614,10
12.7831897736,80.2188034058,32614,32624,10
12.7822704315,80.2182769775,32624,32634,10
12.7812299728,80.2177200317,32634,32644,10
12.7802801132,80.2172012329,32644,32654,10
12.7793102264,80.2166595459,32654,32664,10
12.7782497406,80.2161178589,32664,32674,10
12.777130127,80.2156295776,32674,32685,11
12.7758998871,80.215133667,32685,32695,10
12.7748298645,80.2146911621,32695,32705,10
12.773850441,80.214302063,32705,32715,10
12.7728700638,80.2139282227,32715,32725,10
12.7719097137,80.2135925293,32725,32735,10
12.7711696625,80.2133483887,32735,32745,10
12.771109581,80.2133178711,32745,32755,10
12.7709903717,80.2132720947,32755,32765,10
12.7707595825,80.2130966187,32765,32775,10
12.7708997726,80.2127304077,32775,32785,10
12.7710103989,80.2121887207,32785,32796,11
12.7712497711,80.2113571167,32796,32806,10
12.7715702057,80.2107162476,32806,32816,10
12.7720098495,80.2099533081,32816,32826,10
12.7723703384,80.2089614868,32826,32836,10
12.7726202011,80.2079696655,32836,32846,10
12.7728595734,80.2071380615,32846,32856,10
12.773059845,80.2064285278,32856,32866,10
12.7731599808,80.2061386108,32866,32876,10
12.7732801437,80.205581665,32876,32886,10
12.7734003067,80.2048721313,32886,32896,10
12.7734804153,80.2042312622,32896,32907,11
12.7735004425,80.2040328979,32907,32917,10
12.7735900879,80.2033996582,32917,32927,10
12.7737998962,80.202583313,32927,32937,10
12.7738800049,80.2015914917,32937,32947,10
12.7739496231,80.2007217407,32947,32957,10
12.774020195,80.1998596191,32957,32967,10
12.7740402222,80.1996765137,32967,32977,10
12.7740898132,80.1991577148,32977,32987,10
12.7741603851,80.198387146,32987,32997,10
12.774189949,80.1976776123,32997,33008,11
12.7742395401,80.1969070435,33008,33018,10
12.7742700577,80.1959609985,33018,33028,10
12.7743997574,80.1949081421,33028,33038,10
12.7745800018,80.1940078735,33038,33048,10
12.7746801376,80.193649292,33048,33058,10
12.774720192,80.1934890747,33058,33573,515
12.774720192,80.1934890747,33573,33583,10
12.7748003006,80.1932220459,33583,33593,10
12.7752103806,80.1926727295,33593,33603,10
12.7753200531,80.1919708252,33603,33613,10
12.7752103806,80.1913299561,33613,33623,10
12.7748003006,80.1905822754,33623,33633,10
12.7740402222,80.1897583008,33633,33643,10
12.7729101181,80.1892929077,33643,33654,11
12.7718000412,80.1888580322,33654,33664,10
12.771109581,80.1884002686,33664,33674,10
12.7709503174,80.1873474121,33674,33684,10
12.7708396912,80.1862869263,33684,33694,10
12.7707700729,80.1852874756,33694,33704,10
12.7705802917,80.1846313477,33704,33714,10
12.7704000473,80.1846008301,33714,33724,10
12.7701797485,80.1845626831,33724,33734,10
12.7697401047,80.1844177246,33734,33744,10
12.7695198059,80.1843414307,33744,33754,10
12.7691001892,80.1841506958,33754,33765,11
12.7686300278,80.1837387085,33765,33775,10
12.7682304382,80.1834411621,33775,33785,10
12.7677402496,80.1832733154,33785,33795,10
12.767250061,80.18309021,33795,33805,10
12.7667303085,80.1828536987,33805,33815,10
12.7660903931,80.1826705933,33815,33825,10
12.7654895782,80.1825790405,33825,33835,10
12.764840126,80.1824798584,33835,33845,10
12.7642202377,80.1824035645,33845,33855,10
12.7637500763,80.1822967529,33855,33866,11
12.7634801865,80.1827163696,33866,33876,10
12.7632703781,80.1833724976,33876,33886,10
12.7630901337,80.1838607788,33886,33896,10
12.7630796432,80.1842803955,33896,33906,10
12.7630796432,80.1846237183,33906,33916,10
12.7629299164,80.1849899292,33916,33926,10
12.7625703812,80.1849136353,33926,33936,10
12.7621002197,80.1848983765,33936,33946,10
12.7615699768,80.1846389771,33946,34240,294
12.7615699768,80.1846389771,34240,34250,10
12.7616596222,80.1849212646,34250,34260,10
12.7617797852,80.1849365234,34260,34270,10
12.7618999481,80.184928894,34270,34280,10
12.762260437,80.1849365234,34280,34290,10
12.7626104355,80.184967041,34290,34301,11
12.7629699707,80.1848373413,34301,34311,10
12.7630195618,80.1844329834,34311,34321,10
12.7629804611,80.1840820313,34321,34331,10
12.7630596161,80.1837768555,34331,34341,10
12.7631397247,80.1835479736,34341,34351,10
12.7631902695,80.1834106445,34351,34361,10
12.763299942,80.1829986572,34361,34371,10
12.7634096146,80.1825714111,34371,34381,10
12.7637395859,80.1824188232,34381,34391,10
12.7643003464,80.1824798584,34391,34401,10
12.7650098801,80.1825485229,34401,34412,11
12.7658100128,80.1826477051,34412,34422,10
12.7663002014,80.1827087402,34422,34432,10
12.7669296265,80.1829528809,34432,34442,10
12.7674999237,80.1831817627,34442,34452,10
12.767999649,80.1833496094,34452,34462,10
12.7684602737,80.1835708618,34462,34472,10
12.7687997818,80.1838912964,34472,34482,10
12.7691802979,80.1841812134,34482,34492,10
12.7692298889,80.1841964722,34492,34502,10
12.769490242,80.1843185425,34502,34511,9
12.7698602676,80.1844711304,34511,34523,12
12.7704801559,80.1846389771,34523,34533,10
12.7707099915,80.1848297119,34533,34543,10
12.7707700729,80.1854476929,34543,34553,10
12.7708396912,80.1863174438,34553,34563,10
12.7709302902,80.18699646,34563,34573,10
12.7709598541,80.1872711182,34573,34583,10
12.7710399628,80.1879119873,34583,34593,10
12.7712697983,80.188659668,34593,34603,10
12.7720899582,80.1889877319,34603,34613,10
12.7730398178,80.1893692017,34613,34624,11
12.7741498947,80.1898880005,34624,34634,10
12.7749099731,80.1907196045,34634,34644,10
12.7751903534,80.1911697388,34644,34654,10
12.7753095627,80.1917037964,34654,34664,10
12.7754001617,80.1922988892,34664,34674,10
12.7751398087,80.192817688,34674,34684,10
12.7747602463,80.1934967041,34684,34694,10
12.7746801376,80.1937866211,34694,34704,10
12.7746200562,80.1939926147,34704,34714,10
12.7744903564,80.1946334839,34714,34724,10
12.7742795944,80.1955184937,34724,34735,11
12.7742204666,80.1966323853,34735,34745,10
12.7741699219,80.1977005005,34745,34755,10
12.7741298676,80.1987228394,34755,34765,10
12.7740297318,80.1998214722,34765,34775,10
12.7739400864,80.2008514404,34775,34785,10
12.7738599777,80.2018585205,34785,34795,10
12.7737503052,80.2029037476,34795,34805,10
12.7735395432,80.2039031982,34805,34815,10
12.7734098434,80.2049331665,34815,34825,10
12.773229599,80.205871582,34825,34835,10
12.7729797363,80.2067337036,34835,34846,11
12.7727003098,80.2077026367,34846,34856,10
12.7724599838,80.2086105347,34856,34866,10
12.7722702026,80.2092895508,34866,34876,10
12.7719898224,80.2100524902,34876,34886,10
12.7715196609,80.2109069824,34886,34896,10
12.7711400986,80.2116394043,34896,34906,10
12.7709903717,80.2124786377,34906,34916,10
12.7708396912,80.2130584717,34916,34926,10
12.7708396912,80.2130966187,34926,34936,10
12.7710800171,80.2132415771,34936,34947,11
12.7718200684,80.2134933472,34947,34957,10
12.7727203369,80.2138214111,34957,34967,10
12.7737703323,80.2142181396,34967,34977,10
12.774939537,80.2146911621,34977,34987,10
12.776260376,80.2152175903,34987,34997,10
12.7776498795,80.2157897949,34997,35007,10
12.7790203094,80.2164382935,35007,35017,10
12.7803401947,80.2171401978,35017,35027,10
12.7815599442,80.2177963257,35027,35037,10
12.7827100754,80.218421936,35037,35047,10
12.783659935,80.2189483643,35047,35058,11
12.7844800949,80.2194213867,35058,35068,10
12.7850704193,80.2197799683,35068,35078,10
12.7857398987,80.2201004028,35078,35128,50
12.7857398987,80.2201004028,35128,35138,10
12.7861099243,80.2203216553,35138,35158,20
12.7861099243,80.2203216553,35158,35169,11
12.7863998413,80.2204437256,35169,35179,10
12.7864198685,80.220451355,35179,35189,10
12.7866096497,80.2205429077,35189,35199,10
12.7867002487,80.2205810547,35199,35209,10
12.7868204117,80.2205963135,35209,35219,10
12.7871303558,80.2207183838,35219,35229,10
12.787610054,80.2208786011,35229,35239,10
12.7881803513,80.2210769653,35239,35249,10
12.7888698578,80.2213287354,35249,35259,10
12.789560318,80.221572876,35259,35270,11
12.7902803421,80.2217788696,35270,35280,10
12.7911195755,80.2219924927,35280,35290,10
12.7920398712,80.2222137451,35290,35300,10
12.7929897308,80.2223968506,35300,35310,10
12.7939300537,80.2225418091,35310,35320,10
12.7948703766,80.2226867676,35320,35330,10
12.7957801819,80.2228469849,35330,35340,10
12.7964601517,80.2229537964,35340,35350,10
12.7964696884,80.2229537964,35350,35360,10
12.7966098785,80.2229766846,35360,35370,10
12.7971401215,80.2230911255,35370,35381,11
12.7979402542,80.2232131958,35381,35391,10
12.7987699509,80.2232971191,35391,35401,10
12.7997102737,80.2234115601,35401,35411,10
12.8007497787,80.2235107422,35411,35421,10
12.8013801575,80.2235488892,35421,35431,10
12.8015604019,80.2235870361,35431,35441,10
12.8021402359,80.2236480713,35441,35451,10
12.8028898239,80.2237701416,35451,35461,10
12.8037796021,80.2238464355,35461,35471,10
12.8046998978,80.2239303589,35471,35480,9
12.8053598404,80.224067688,35480,35492,12
12.8054895401,80.2241134644,35492,35502,10
12.8057699203,80.2242736816,35502,35512,10
12.8063001633,80.2247085571,35512,35522,10
12.8069295883,80.2252502441,35522,35532,10
12.8076496124,80.2258911133,35532,35542,10
12.8084697723,80.2265930176,35542,35552,10
12.8093500137,80.2272796631,35552,35562,10
12.8103399277,80.2277374268,35562,35572,10
12.8114004135,80.2281723022,35572,35582,10
12.8124904633,80.2285766602,35582,35593,11
12.8137102127,80.2289810181,35593,35603,10
12.8148403168,80.2292175293,35603,35613,10
12.8159799576,80.2293777466,35613,35623,10
12.8170995712,80.2296066284,35623,35633,10
12.8182497025,80.2301101685,35633,35643,10
12.819270134,80.2304534912,35643,35653,10
12.8200998306,80.2304077148,35653,35663,10
12.8211698532,80.2304000854,35663,35673,10
12.8222799301,80.2305908203,35673,35683,10
12.8233699799,80.2309494019,35683,35693,10
12.8244495392,80.2312316895,35693,35704,11
12.8256397247,80.2313613892,35704,35714,10
12.8268299103,80.231262207,35714,35724,10
12.82791996,80.2307891846,35724,35734,10
12.8289003372,80.2302398682,35734,35744,10
12.8298997879,80.2298202515,35744,35754,10
12.8308200836,80.2294387817,35754,35764,10
12.8310003281,80.2293777466,35764,35774,10
12.8311796188,80.2293167114,35774,35784,10
12.8316802979,80.2291564941,35784,35794,10
12.8324298859,80.229019165,35794,35804,10
12.8334798813,80.2288284302,35804,35815,11
12.8349103928,80.2285690308,35815,35825,10
12.8363304138,80.2283630371,35825,35835,10
12.8378000259,80.2281494141,35835,35845,10
12.8389501572,80.2278671265,35845,35855,10
12.8395500183,80.2277069092,35855,35875,20
12.8395500183,80.2277069092,35875,35885,10
12.8399801254,80.2275695801,35885,35895,10
12.840760231,80.2273483276,35895,35905,10
12.8418102264,80.2270584106,35905,35914,9
12.8429403305,80.2268600464,35914,35926,12
12.8445396423,80.2266235352,35926,35936,10
12.8452501297,80.2265701294,35936,35956,20
12.8452501297,80.2265701294,35956,35966,10
12.8453998566,80.2265777588,35966,35976,10
12.8458900452,80.2265625,35976,35986,10
12.846739769,80.2265472412,35986,35996,10
12.847820282,80.2265319824,35996,36006,10
12.8490495682,80.2265014648,36006,36016,10
12.8499898911,80.2264709473,36016,36027,11
12.8501300812,80.2264633179,36027,36037,10
12.8505601883,80.2265014648,36037,36047,10
12.851360321,80.2265319824,36047,36057,10
12.8522195816,80.2266235352,36057,36067,10
12.8531703949,80.2266387939,36067,36077,10
12.8544101715,80.2265167236,36077,36087,10
12.8557701111,80.2263717651,36087,36097,10
12.8571300507,80.2262268066,36097,36107,10
12.8584098816,80.2261734009,36107,36117,10
12.8595504761,80.22631073,36117,36127,10
12.8607797623,80.2264480591,36127,36148,21
12.8607797623,80.2264480591,36148,36158,10
12.8612298965,80.2264862061,36158,36168,10
12.8620700836,80.2264709473,36168,36178,10
12.8631601334,80.2264099121,36178,36188,10
12.8643598557,80.2264480591,36188,36198,10
12.8656997681,80.2264709473,36198,36208,10
12.8671102524,80.2264022827,36208,36218,10
12.8685798645,80.2262878418,36218,36228,10
12.8699102402,80.2264404297,36228,36238,10
12.8711795807,80.2265396118,36238,36249,11
12.8725795746,80.2265701294,36249,36279,30
12.8725795746,80.2265701294,36279,36289,10
12.8727197647,80.2265625,36289,36299,10
12.8731298447,80.2265777588,36299,36309,10
12.873840332,80.2266235352,36309,36319,10
12.8747596741,80.2267227173,36319,36329,10
12.8757801056,80.2268218994,36329,36338,9
12.8765001297,80.2268295288,36338,36350,12
12.8767204285,80.2268218994,36350,36360,10
12.8769302368,80.2268371582,36360,36370,10
12.8776197433,80.2267837524,36370,36380,10
12.8785600662,80.2266998291,36380,36390,10
12.8795604706,80.2266464233,36390,36400,10
12.8806200027,80.2266387939,36400,36410,10
12.8817396164,80.2266464233,36410,36420,10
12.883020401,80.2266311646,36420,36430,10
12.88422966,80.226600647,36430,36440,10
12.8850498199,80.2265930176,36440,36450,10
12.8851203918,80.226600647,36450,36461,11
12.8852996826,80.2266311646,36461,36471,10
12.8858699799,80.2267608643,36471,36481,10
12.8866901398,80.2269821167,36481,36491,10
12.8877096176,80.2271728516,36491,36501,10
12.8886203766,80.2272415161,36501,36511,10
12.8895998001,80.2272567749,36511,36521,10
12.8907604218,80.2272567749,36521,36531,10
12.8918304443,80.2272720337,36531,36541,10
12.8923101425,80.2272872925,36541,36572,31
12.8923101425,80.2272872925,36572,36582,10
12.8926496506,80.2273025513,36582,36592,10
12.8933095932,80.2273712158,36592,36602,10
12.8941698074,80.2274627686,36602,36612,10
12.8950996399,80.2275390625,36612,36622,10
12.8962097168,80.2275772095,36622,36632,10
12.8972797394,80.2276306152,36632,36642,10
12.898229599,80.2276763916,36642,36652,10
12.8990402222,80.2277374268,36652,36662,10
12.8997898102,80.2277832031,36662,36673,11
12.900560379,80.2278213501,36673,36683,10
12.9011602402,80.2278518677,36683,36693,10
12.9019298553,80.2278900146,36693,36703,10
12.902589798,80.2279510498,36703,36723,20
12.902589798,80.2279510498,36723,36733,10
12.9027900696,80.2279815674,36733,36743,10
12.9033203125,80.2279663086,36743,36753,10
12.9038295746,80.2280426025,36753,36763,10
12.9046497345,80.2280883789,36763,36773,10
12.9057302475,80.2281188965,36773,36784,11
12.9067602158,80.2281799316,36784,36794,10
12.9074296951,80.2282714844,36794,36804,10
12.9083099365,80.2284393311,36804,36814,10
12.9095096588,80.2286224365,36814,36824,10
12.9108896255,80.228843689,36824,36834,10
12.9121999741,80.2290115356,36834,36844,10
12.9132995605,80.2291564941,36844,36854,10
12.9139204025,80.2292327881,36854,36864,10
12.9139499664,80.2292404175,36864,36874,10
12.9143199921,80.229309082,36874,36884,10
12.9150400162,80.2294235229,36884,36895,11
12.9161996841,80.2295913696,36895,36905,10
12.9174203873,80.2297668457,36905,36915,10
12.9184703827,80.2298965454,36915,36925,10
12.919549942,80.2300415039,36925,36935,10
12.9207897186,80.2302017212,36935,36945,10
12.9221696854,80.2303771973,36945,36955,10
12.9236402512,80.2305984497,36955,36965,10
12.925069809,80.2307662964,36965,36975,10
12.9261302948,80.2308807373,36975,36985,10
12.9263601303,80.2309036255,36985,36994,9
12.9265699387,80.2309417725,36994,37006,12
12.9273195267,80.2310409546,37006,37016,10
12.9282398224,80.2311706543,37016,37026,10
12.9291496277,80.2313308716,37026,37036,10
12.9302301407,80.2315826416,37036,37046,10
12.9314804077,80.2319564819,37046,37056,10
12.9326200485,80.2323226929,37056,37066,10
12.9336004257,80.232711792,37066,37086,20
12.9336004257,80.232711792,37086,37096,10
12.9338703156,80.2328720093,37096,37107,11
12.9345502853,80.2331619263,37107,37117,10
12.9353599548,80.2335205078,37117,37127,10
12.9363498688,80.2339782715,37127,37137,10
12.9373197556,80.2344436646,37137,37147,10
12.9382801056,80.2349014282,37147,37157,10
12.939160347,80.2353363037,37157,37167,10
12.9397096634,80.2356033325,37167,37177,10
12.9397201538,80.2356185913,37177,37187,10
12.9400596619,80.2357788086,37187,37197,10
12.940779686,80.2359924316,37197,37207,10
12.9416999817,80.2362213135,37207,37218,11
12.9427604675,80.2365570068,37218,37228,10
12.9436302185,80.2372817993,37228,37238,10
12.9443397522,80.238067627,37238,37248,10
12.9451503754,80.2389297485,37248,37258,10
12.9461402893,80.2395172119,37258,37268,10
12.9470396042,80.2398605347,37268,37278,10
12.9472503662,80.2399368286,37278,37288,10
12.9473600388,80.2399902344,37288,37298,10
12.9478797913,80.240196228,37298,37308,10
12.948800087,80.2405776978,37308,37329,21
12.948800087,80.2405776978,37329,37339,10
12.9491596222,80.2407226563,37339,37349,10
12.9497995377,80.2409362793,37349,37359,10
12.9506597519,80.2412033081,37359,37369,10
12.9510803223,80.2413406372,37369,37379,10
12.9512300491,80.2414398193,37379,37389,10
12.9518003464,80.2416381836,37389,37399,10
12.9526100159,80.2419281006,37399,37409,10
12.9536304474,80.2423095703,37409,37419,10
12.9546499252,80.2426986694,37419,37430,11
12.9553804398,80.2429733276,37430,37440,10
12.9563398361,80.2433166504,37440,37460,20
12.9563398361,80.2433166504,37460,37470,10
12.9567298889,80.2434768677,37470,37480,10
12.9574403763,80.243812561,37480,37490,10
12.9582796097,80.244178772,37490,37500,10
12.9588899612,80.2444381714,37500,37510,10
12.9589004517,80.2444610596,37510,37520,10
12.9590501785,80.2445526123,37520,37529,9
12.9594802856,80.244758606,37529,37541,12
12.9604196548,80.2451782227,37541,37551,10
12.9614896774,80.2456665039,37551,37561,10
12.9625997543,80.2462310791,37561,37571,10
12.9633598328,80.2466201782,37571,37621,50
12.9633598328,80.2466201782,37621,37631,10
12.9635000229,80.2467575073,37631,37641,10
12.9640398026,80.2469329834,37641,37652,11
12.9649295807,80.2472076416,37652,37662,10
12.9659500122,80.2475585938,37662,37672,10
12.9665803909,80.2478027344,37672,37682,10
12.9666099548,80.2478179932,37682,37692,10
12.9667396545,80.2479095459,37692,37702,10
12.9670295715,80.2480621338,37702,37712,10
12.9676303864,80.2483291626,37712,37722,10
12.9685697556,80.2487030029,37722,37732,10
12.9696998596,80.2491836548,37732,37742,10
12.970990181,80.2496490479,37742,37753,11
12.9723796844,80.2500076294,37753,37763,10
12.9733800888,80.2502822876,37763,37773,10
12.97397995,80.2504425049,37773,37783,10
12.9744796753,80.2506027222,37783,37793,10
12.9753103256,80.2508163452,37793,37803,10
12.9760799408,80.2510375977,37803,37813,10
12.976940155,80.2512817383,37813,37823,10
12.9778404236,80.2518234253,37823,37833,10
12.9783496857,80.2522125244,37833,37843,10
12.9784498215,80.2522583008,37843,37853,10
12.9788999557,80.2524871826,37853,37864,11
12.9797000885,80.2525863647,37864,37914,50
12.9797000885,80.2525863647,37914,37924,10
12.9801301956,80.2526702881,37924,37934,10
12.9807500839,80.2526473999,37934,37944,10
12.9816703796,80.2526168823,37944,37954,10
12.9827804565,80.2525634766,37954,37965,11
12.9840602875,80.2523269653,37965,37975,10
12.9852199554,80.2519989014,37975,37985,10
12.9861698151,80.2517471313,37985,37995,10
12.987039566,80.2515182495,37995,38005,10
12.9877500534,80.2513504028,38005,38106,101
12.9877500534,80.2513504028,38106,38116,10
12.9879102707,80.251411438,38116,38126,10
12.9880104065,80.2517318726,38126,38136,10
12.9880199432,80.2525177002,38136,38146,10
12.9878902435,80.2536468506,38146,38156,10
12.9878101349,80.2547683716,38156,38166,10
12.9877500534,80.2555389404,38166,38176,10
12.9878196716,80.2557983398,38176,38187,11
12.9885396957,80.255859375,38187,38207,20
12.9885396957,80.255859375,38207,38217,10
12.988699913,80.2558898926,38217,38227,10
12.9891796112,80.2559204102,38227,38237,10
12.9899101257,80.2560119629,38237,38247,10
12.990480423,80.2559967041,38247,38257,10
12.9911298752,80.2559967041,38257,38267,10
12.9919996262,80.2560119629,38267,38277,10
12.9930295944,80.2559890747,38277,38287,10
12.9940500259,80.2559280396,38287,38298,11
12.9949903488,80.255859375,38298,38308,10
12.9957399368,80.2558517456,38308,38318,10
12.9967298508,80.255859375,38318,38368,50
12.9967298508,80.255859375,38368,38378,10
12.9970703125,80.2558898926,38378,38387,9
12.9976396561,80.255897522,38387,38429,42
12.9976396561,80.255897522,38429,38439,10
12.9977397919,80.256111145,38439,38449,10
12.9977903366,80.2565917969,38449,38459,10
12.9976396561,80.257019043,38459,38580,121
12.9975700378,80.2569198608,38580,38732,152
12.9975700378,80.2569198608,38732,38742,10
12.9975795746,80.2567214966,38742,38954,212
12.9975795746,80.2567214966,38954,38964,10
12.9976301193,80.256439209,38964,38974,10
12.9976797104,80.256072998,38974,39024,50
12.9976797104,80.256072998,39024,39034,10
12.9978199005,80.255897522,39034,39044,10
12.9982595444,80.2559204102,39044,39075,31
12.9982595444,80.2559204102,39075,39085,10
12.9987401962,80.2560424805,39085,39095,10
12.9992704391,80.2561035156,39095,39105,10
12.9997901917,80.2562026978,39105,39115,10
13.0002403259,80.2562866211,39115,39125,10
13.0007095337,80.2563781738,39125,39155,30
13.0007801056,80.2564468384,39155,39176,21
13.0007801056,80.2564468384,39176,39186,10
13.0010900497,80.2565002441,39186,39196,10
13.0014295578,80.2565536499,39196,39206,10
13.0015802383,80.2565765381,39206,39216,10
13.0020399094,80.2566299438,39216,39226,10
13.002699852,80.256690979,39226,39236,10
13.0033903122,80.2567901611,39236,39246,10
13.0040302277,80.2569122314,39246,39255,9
13.0045700073,80.2570419312,39255,39267,12
13.0055999756,80.257270813,39267,39277,10
13.0063495636,80.2574234009,39277,39307,30
13.0063495636,80.2574234009,39307,39317,10
13.0065603256,80.2573471069,39317,39327,10
13.0065202713,80.256942749,39327,39337,10
13.0065002441,80.2564163208,39337,39347,10
13.0064897537,80.2556304932,39347,39357,10
13.0065202713,80.2548294067,39357,39366,9
13.0065002441,80.2540206909,39366,39378,12
13.006480217,80.2530670166,39378,39388,10
13.0065402985,80.2526016235,39388,39398,10
13.0067396164,80.2526092529,39398,39408,10
13.0067396164,80.2526397705,39408,39418,10
13.0066900253,80.2528381348,39418,39428,10
13.0066995621,80.2534332275,39428,39800,372
13.0065402985,80.253692627,39800,40740,940
13.0065402985,80.253692627,40740,40750,10
13.0065603256,80.2539291382,40750,40760,10
13.0065698624,80.2542724609,40760,40770,10
13.0065698624,80.2544631958,40770,40781,11
13.0065698624,80.2548828125,40781,40791,10
13.0065698624,80.2549209595,40791,40801,10
13.0065803528,80.2550582886,40801,40811,10
13.0065803528,80.2553787231,40811,40821,10
13.0065803528,80.2561416626,40821,40831,10
13.0066099167,80.2570495605,40831,40841,10
13.0064296722,80.257522583,40841,40851,10
13.0057201385,80.2574234009,40851,40861,10
13.0050697327,80.2572631836,40861,40871,10
13.0042600632,80.2570877075,40871,40922,51
13.0042600632,80.2570877075,40922,40932,10
13.0040197372,80.257019043,40932,40942,10
13.0038795471,80.2569885254,40942,40952,10
13.0036497116,80.256942749,40952,40962,10
13.0034198761,80.2568969727,40962,40972,10
13.0032196045,80.2568588257,40972,41053,81
13.0032196045,80.2568588257,41053,41063,10
13.0028800964,80.2567901611,41063,41073,10
13.0026798248,80.2567596436,41073,41083,10
13.002409935,80.2567214966,41083,41093,10
13.0022201538,80.2566833496,41093,41103,10
13.0018796921,80.2566299438,41103,41154,51
13.0018796921,80.2566299438,41154,41164,10
13.0014801025,80.2565612793,41164,41174,10
13.0007400513,80.2564697266,41174,41184,10
12.9998598099,80.2563323975,41184,41194,10
12.999250412,80.2562026978,41194,41204,10
12.998550415,80.2560806274,41204,41225,21
12.998550415,80.2560806274,41225,41235,10
12.9983596802,80.2559967041,41235,41245,10
12.9978704453,80.2559432983,41245,41255,10
12.9971399307,80.2559204102,41255,41265,10
12.9968204498,80.255897522,41265,41275,10
12.9965200424,80.2559204102,41275,41285,10
12.9960603714,80.2559127808,41285,41295,10
12.9957199097,80.2559127808,41295,41305,10
12.9952697754,80.2559432983,41305,41315,10
12.9946298599,80.2559204102,41315,41326,11
12.994099617,80.2559814453,41326,41336,10
12.9933996201,80.2560119629,41336,41346,10
12.9925203323,80.2560577393,41346,41356,10
12.9915895462,80.2560501099,41356,41366,10
12.9908704758,80.2560272217,41366,41376,10
12.990480423,80.2559967041,41376,41386,10
12.989979744,80.2559661865,41386,41396,10
12.9894399643,80.2559585571,41396,41406,10
12.9886598587,80.255897522,41406,41416,10
12.9879302979,80.2558135986,41416,41426,10
12.987279892,80.2557067871,41426,41437,11
12.9864997864,80.2555770874,41437,41447,10
12.9861698151,80.255531311,41447,41457,10
12.9861497879,80.255531311,41457,41467,10
12.98595047,80.2555007935,41467,41477,10
12.9857597351,80.2554626465,41477,41487,10
12.9851398468,80.255317688,41487,41497,10
12.9843997955,80.2550964355,41497,41507,10
12.9838895798,80.2549667358,41507,41517,10
12.983300209,80.2548294067,41517,41527,10
12.9827098846,80.2546615601,41527,41537,10
12.9821300507,80.2543029785,41537,41548,11
12.9818201065,80.25340271,41548,41558,10
12.9813699722,80.2527999878,41558,41568,10
12.980629921,80.2527770996,41568,41578,10
12.9801101685,80.2527999878,41578,41588,10
12.9795703888,80.2527084351,41588,41598,10
12.9788599014,80.2526397705,41598,41608,10
12.9786100388,80.2525787354,41608,41618,10
12.978269577,80.2523498535,41618,41628,10
12.977640152,80.2518005371,41628,41638,10
12.9765996933,80.2512512207,41638,41648,10
12.9752998352,80.2508773804,41648,41659,11
12.9737596512,80.2504425049,41659,41669,10
12.9723997116,80.2500915527,41669,41679,10
12.9711799622,80.249786377,41679,41689,10
12.9698495865,80.2493362427,41689,41699,10
12.968580246,80.2488632202,41699,41709,10
12.9675502777,80.2484436035,41709,41719,10
12.9668302536,80.2480773926,41719,41729,10
12.9659204483,80.2476730347,41729,41739,10
12.9652204514,80.2474365234,41739,41749,10
12.9651603699,80.2474212646,41749,41760,11
12.9648504257,80.2472763062,41760,41770,10
12.9642095566,80.2470092773,41770,41780,10
12.9637298584,80.2468185425,41780,41790,10
12.9637098312,80.2468185425,41790,41800,10
12.9633703232,80.246673584,41800,41810,10
12.9626903534,80.2463302612,41810,41820,10
12.9616699219,80.2458496094,41820,41830,10
12.9604797363,80.2452926636,41830,41840,10
12.9595098495,80.2448883057,41840,41850,10
12.9593400955,80.2448272705,41850,41860,10
12.959230423,80.2447814941,41860,41871,11
12.958609581,80.2445220947,41871,41881,10
12.957909584,80.2442016602,41881,41891,10
12.9572296143,80.2439880371,41891,41901,10
12.956580162,80.2437515259,41901,41970,69
12.956580162,80.2437515259,41970,41982,12
12.9560699463,80.2435531616,41982,41992,10
12.9554300308,80.2432327271,41992,42002,10
12.9545402527,80.2428207397,42002,42012,10
12.9534101486,80.2423324585,42012,42022,10
12.9522104263,80.2418365479,42022,42032,10
12.9511699677,80.2414932251,42032,42042,10
12.9499702454,80.2410964966,42042,42052,10
12.9491100311,80.2408065796,42052,42062,10
12.948390007,80.2405090332,42062,42072,10
12.9473695755,80.2400817871,42072,42082,10
12.9463500977,80.2396697998,42082,42093,11
12.9451503754,80.2390823364,42093,42103,10
12.9442596436,80.2381591797,42103,42113,10
12.9433698654,80.2371826172,42113,42123,10
12.9422302246,80.2364501953,42123,42133,10
12.9409599304,80.2361373901,42133,42143,10
12.9400196075,80.2358932495,42143,42153,10
12.9397802353,80.2358016968,42153,42163,10
12.9394903183,80.2356491089,42163,42173,10
12.9387702942,80.2353134155,42173,42183,10
12.9377698898,80.2348175049,42183,42192,9
12.9367198944,80.2343063354,42192,42204,12
12.9358301163,80.2339172363,42204,42214,10
12.9357299805,80.2338867188,42214,42224,10
12.9352502823,80.2336807251,42224,42234,10
12.9343996048,80.2332992554,42234,42244,10
12.9338903427,80.2330932617,42244,42254,10
12.9337997437,80.2329788208,42254,42304,50
12.9337997437,80.2329788208,42304,42315,11
12.9336004257,80.2328186035,42315,42325,10
12.9333496094,80.232711792,42325,42335,10
12.9327297211,80.2324676514,42335,42345,10
12.9318399429,80.232170105,42345,42355,10
12.9307403564,80.2318115234,42355,42365,10
12.9296798706,80.2315292358,42365,42375,10
12.9289503098,80.2313613892,42375,42385,10
12.92827034,80.2312469482,42385,42395,10
12.9273004532,80.2311401367,42395,42405,10
12.9263296127,80.2310409546,42405,42416,11
12.9261302948,80.2310333252,42416,42426,10
12.9259500504,80.2310028076,42426,42436,10
12.9253902435,80.2309265137,42436,42446,10
12.9246397018,80.2308120728,42446,42456,10
12.9236803055,80.2307128906,42456,42466,10
12.9225301743,80.2305221558,42466,42476,10
12.921210289,80.2303619385,42476,42486,10
12.9200696945,80.2302398682,42486,42496,10
12.9188499451,80.2300720215,42496,42506,10
12.9176597595,80.2298812866,42506,42515,9
12.9168195724,80.2297668457,42515,42527,12
12.9155197144,80.2296066284,42527,42537,10
12.9144096375,80.2294692993,42537,42547,10
12.9135303497,80.2293930054,42547,42557,10
12.9133396149,80.2293624878,42557,42567,10
12.9131698608,80.2293167114,42567,42577,10
12.9126195908,80.2292098999,42577,42587,10
12.9118099213,80.2290496826,42587,42597,10
12.9106397629,80.2289199829,42597,42607,10
12.9094495773,80.228729248,42607,42617,10
12.9082899094,80.2285308838,42617,42626,9
12.9071302414,80.2284011841,42626,42668,42
12.9071302414,80.2284011841,42668,42678,10
12.907119751,80.2283477783,42678,42688,10
12.9067497253,80.2283172607,42688,42698,10
12.9062404633,80.2282867432,42698,42708,10
12.9060401917,80.228302002,42708,42718,10
12.9054899216,80.2282562256,42718,42728,10
12.904709816,80.228187561,42728,42738,10
12.9038696289,80.2281494141,42738,42749,11
12.902680397,80.2281036377,42749,42759,10
12.901889801,80.2280502319,42759,42769,10
12.9013595581,80.2279586792,42769,42789,20
12.9013595581,80.2279586792,42789,42799,10
12.9009799957,80.2278823853,42799,42809,10
12.9003295898,80.2279586792,42809,42829,20
12.9003295898,80.2279586792,42829,42839,10
12.8999996185,80.2279586792,42839,42849,10
12.8995304108,80.2279434204,42849,42860,11
12.8994197845,80.2279434204,42860,42870,10
12.8991804123,80.2279129028,42870,42880,10
12.8985595703,80.2278823853,42880,42890,10
12.8977003098,80.2278213501,42890,42900,10
12.8966598511,80.2277526855,42900,42910,10
12.8955402374,80.2276916504,42910,42920,10
12.8945302963,80.2276229858,42920,42930,10
12.8934202194,80.2275390625,42930,42940,10
12.8926000595,80.2274627686,42940,42950,10
12.8916702271,80.2274093628,42950,42961,11
12.8904895782,80.2274017334,42961,42971,10
12.8894195557,80.2274017334,42971,42981,10
12.8885097504,80.2273712158,42981,42991,10
12.8876399994,80.2273101807,42991,43001,10
12.8867197037,80.2271194458,43001,43011,10
12.8855695724,80.2268371582,43011,43021,10
12.8850002289,80.2267837524,43021,43031,10
12.884929657,80.2267608643,43031,43041,10
12.8844003677,80.2267227173,43041,43051,10
12.8835000992,80.2267227173,43051,43061,10
12.8823204041,80.2267303467,43061,43071,10
12.8809995651,80.2267379761,43071,43082,11
12.8794298172,80.2267684937,43082,43092,10
12.877989769,80.2268600464,43092,43102,10
12.8768100739,80.2269821167,43102,43112,10
12.8764801025,80.2269973755,43112,43122,10
12.8762998581,80.2269973755,43122,43132,10
12.8757295609,80.2269973755,43132,43142,10
12.8748903275,80.2269210815,43142,43152,10
12.8737602234,80.2267837524,43152,43162,10
12.8727998734,80.2267532349,43162,43171,9
12.8726701736,80.2267532349,43171,43183,12
12.8722295761,80.2267303467,43183,43193,10
12.8714599609,80.2266998291,43193,43203,10
12.8704204559,80.2266387939,43203,43213,10
12.8691701889,80.2265014648,43213,43223,10
12.8677997589,80.2264404297,43223,43233,10
12.8665504456,80.2265701294,43233,43243,10
12.8652896881,80.2266311646,43243,43253,10
12.8639297485,80.2265625,43253,43263,10
12.8625602722,80.2265625,43263,43273,10
12.861410141,80.2266311646,43273,43283,10
12.8610401154,80.2266387939,43283,43294,11
12.8606796265,80.226600647,43294,43304,10
12.8599300385,80.2265167236,43304,43314,10
12.8589096069,80.2263565063,43314,43324,10
12.8576898575,80.2263031006,43324,43334,10
12.8563404083,80.2264099121,43334,43344,10
12.854929924,80.2265701294,43344,43354,10
12.8534498215,80.2267227173,43354,43364,10
12.8519296646,80.2267074585,43364,43374,10
12.8506097794,80.2266464233,43374,43384,10
12.8498096466,80.2266235352,43384,43425,41
12.8498096466,80.2266235352,43425,43435,10
12.8496599197,80.2266387939,43435,43445,10
12.8491096497,80.2266235352,43445,43455,10
12.8482599258,80.2266082764,43455,43465,10
12.8472099304,80.2266311646,43465,43475,10
12.8460998535,80.2266387939,43475,43485,10
12.8455696106,80.2266082764,43485,43505,20
12.8455696106,80.2266082764,43505,43516,11
12.8452196121,80.226600647,43516,43526,10
12.8446102142,80.2266464233,43526,43536,10
12.8436803818,80.2267608643,43536,43546,10
12.8425998688,80.2269363403,43546,43556,10
12.8412399292,80.2271881104,43556,43566,10
12.8402700424,80.2275009155,43566,43576,10
12.8399000168,80.2276077271,43576,43586,10
12.8395299911,80.227722168,43586,43596,10
12.8387498856,80.2279281616,43596,43605,9
12.8378400803,80.2281570435,43605,43617,12
12.8363304138,80.2284164429,43617,43627,10
12.8349504471,80.2286376953,43627,43637,10
12.8337402344,80.2288589478,43637,43647,10
12.832690239,80.229057312,43647,43657,10
12.8322896957,80.2291488647,43657,43667,10
12.8322601318,80.2291564941,43667,43677,10
12.8318099976,80.2292480469,43677,43687,10
12.831029892,80.2294692993,43687,43697,10
12.8299503326,80.2298431396,43697,43707,10
12.8287200928,80.2303924561,43707,43717,10
12.8274698257,80.2310714722,43717,43728,11
12.8262796402,80.2314224243,43728,43738,10
12.825799942,80.2314605713,43738,43748,10
12.8253297806,80.2314910889,43748,43758,10
12.8245601654,80.2313995361,43758,43768,10
12.8235197067,80.2311019897,43768,43778,10
12.8222799301,80.2306976318,43778,43788,10
12.8211297989,80.2304992676,43788,43798,10
12.819899559,80.2305221558,43798,43808,10
12.8187904358,80.23046875,43808,43818,10
12.8176898956,80.2299499512,43818,43827,9
12.8165597916,80.2295379639,43827,43839,12
12.8148603439,80.2292785645,43839,43849,10
12.8134202957,80.2289505005,43849,43859,10
12.8120002747,80.2284469604,43859,43869,10
12.8106803894,80.2279586792,43869,43879,10
12.8094100952,80.2273864746,43879,43889,10
12.8083095551,80.2265701294,43889,43899,10
12.8072500229,80.2256774902,43899,43909,10
12.8062496185,80.2247772217,43909,43919,10
12.8053197861,80.2241210938,43919,43929,10
12.8049201965,80.2240524292,43929,43939,10
12.8047199249,80.2240066528,43939,43950,11
12.8040800095,80.2239379883,43950,43960,10
12.8033599854,80.2238693237,43960,43970,10
12.8024597168,80.2237472534,43970,43980,10
12.8010101318,80.2236404419,43980,44000,20
12.8010101318,80.2236404419,44000,44010,10
12.800620079,80.2235870361,44010,44020,10
12.7999000549,80.2235107422,44020,44030,10
12.7989196777,80.223449707,44030,44041,11
12.7975997925,80.223197937,44041,44049,8
12.7965898514,80.2230377197,44049,44061,12
12.795800209,80.22290802,44061,44071,10
12.795539856,80.2228622437,44071,44081,10
12.7949104309,80.2227478027,44081,44091,10
12.7939796448,80.2226333618,44091,44101,10
12.792840004,80.2224731445,44101,44111,10
12.7916002274,80.2221908569,44111,44121,10
12.7903404236,80.221862793,44121,44131,10
12.7895202637,80.2216262817,44131,44141,10
12.7891998291,80.2215118408,44141,44151,10
12.7886199951,80.2212982178,44151,44202,51
12.7886199951,80.2212982178,44202,44212,10
12.7879600525,80.2210388184,44212,44242,30
12.7879600525,80.2210388184,44242,44252,10
12.7876396179,80.2208786011,44252,44293,41
12.7876396179,80.2208786011,44293,44303,10
12.7873497009,80.2207183838,44303,44313,10
12.7870397568,80.2206420898,44313,44343,30
12.7870397568,80.2206420898,44343,44353,10
12.7864599228,80.2204437256,44353,44373,20
12.7864599228,80.2204437256,44373,44384,11
12.7861404419,80.2203063965,44384,44394,10
12.7858200073,80.2202224731,44394,44404,10
12.7853498459,80.2199783325,44404,44414,10
12.7848300934,80.2197418213,44414,44454,40
12.7848300934,80.2197418213,44454,44464,10
12.7846403122,80.2196121216,44464,44474,10
12.7841901779,80.2194137573,44474,44484,10
12.7835102081,80.2190093994,44484,44495,11
12.7825698853,80.2184829712,44495,44505,10
12.7815599442,80.2179107666,44505,44515,10
12.7805204391,80.217338562,44515,44525,10
12.7794799805,80.2167816162,44525,44535,10
12.7784404755,80.2162322998,44535,44545,10
12.7773399353,80.2157363892,44545,44555,10
12.7761898041,80.2152633667,44555,44565,10
12.7750597,80.2147903442,44565,44575,10
12.7739200592,80.2143325806,44575,44585,10
12.7728204727,80.2138977051,44585,44595,10
12.7717695236,80.2135162354,44595,44606,11
12.7708101273,80.2131881714,44606,44616,10
12.7708101273,80.212928772,44616,44626,10
12.770819664,80.212928772,44626,44636,10
12.7709302902,80.2127838135,44636,44646,10
12.771030426,80.212272644,44646,44656,10
12.7712497711,80.2114486694,44656,44666,10
12.7716197968,80.2106399536,44666,44676,10
12.7721004486,80.2097015381,44676,44686,10
12.7724199295,80.2086410522,44686,44696,10
12.7727203369,80.2076034546,44696,44705,9
12.7729301453,80.2068023682,44705,44717,12
12.7731304169,80.2061462402,44717,44727,10
12.7731704712,80.2060012817,44727,44737,10
12.7732896805,80.2054595947,44737,44747,10
12.7733802795,80.2049713135,44747,44757,10
12.7733898163,80.2049026489,44757,44767,10
12.773440361,80.2045516968,44767,44777,10
12.7735004425,80.2038879395,44777,44787,10
12.7736797333,80.2030105591,44787,44797,10
12.7738103867,80.2020568848,44797,44807,10
12.7738704681,80.2011795044,44807,44818,11
12.7738800049,80.2010879517,44818,44828,10
12.773900032,80.2008285522,44828,44838,10
12.7739496231,80.2002410889,44838,44848,10
12.774020195,80.1994094849,44848,44858,10
12.7741203308,80.1983566284,44858,44868,10
12.7741498947,80.1973724365,44868,44878,10
12.7742996216,80.1951904297,44878,44888,10
12.7742996216,80.1951904297,44888,44898,10
12.774479866,80.1943130493,44898,44908,10
12.7746400833,80.1936798096,44908,44918,10
12.7746696472,80.193611145,44918,44929,11
12.7748603821,80.1930999756,44929,44939,10
12.7753200531,80.1924667358,44939,44949,10
12.775270462,80.1918182373,44949,44959,10
12.7751102448,80.1911315918,44959,44969,10
12.7745704651,80.1903533936,44969,44979,10
12.7737398148,80.1895828247,44979,44989,10
12.7726602554,80.1891708374,44989,44999,10
12.7715902328,80.1887817383,44999,45009,10
12.771030426,80.1881103516,45009,45019,10
12.7708997726,80.1870574951,45019,45028,9
12.7708301544,80.1865386963,45028,45040,12
12.7707595825,80.1857376099,45040,45050,10
12.7707004547,80.1848602295,45050,45060,10
12.7702302933,80.1845779419,45060,45070,10
12.7695503235,80.184387207,45070,45080,10
12.7691202164,80.184211731,45080,45090,10
12.7690095901,80.1841125488,45090,45100,10
12.7686595917,80.183807373,45100,45110,10
12.768239975,80.1834564209,45110,45120,10
12.7677202225,80.1832733154,45120,45130,10
12.7671604156,80.1830673218,45130,45140,10
12.7665596008,80.1827926636,45140,45151,11
12.7658596039,80.1826477051,45151,45161,10
12.765250206,80.1825714111,45161,45171,10
12.7645397186,80.1824874878,45171,45181,10
12.7638902664,80.1823883057,45181,45191,10
12.7635002136,80.1825485229,45191,45201,10
12.7632598877,80.1830596924,45201,45211,10
12.7631797791,80.1834182739,45211,45221,10
12.7631502151,80.1834793091,45221,45231,10
12.763010025,80.183807373,45231,45241,10
12.7629404068,80.1840515137,45241,45251,10
12.7629899979,80.1843338013,45251,45262,11
12.7629699707,80.1847229004,45262,45272,10
12.7627496719,80.184967041,45272,45282,10
12.7623901367,80.1849517822,45282,45292,10
12.7619400024,80.1849365234,45292,45302,10
12.7615299225,80.1846618652,45302,45534,232
12.7615299225,80.1846618652,45534,45544,10
12.7615003586,80.1848678589,45544,45554,10
12.7616901398,80.1849212646,45554,45564,10
12.7619600296,80.1849365234,45564,45573,9
12.7622098923,80.184928894,45573,45585,12
12.7624597549,80.1849517822,45585,45595,10
12.7626895905,80.1849899292,45595,45605,10
12.7629203796,80.1848297119,45605,45615,10
12.7629899979,80.1845321655,45615,45625,10
12.7629804611,80.1842575073,45625,45635,10
12.7629995346,80.1839981079,45635,45645,10
12.7631502151,80.1835327148,45645,45665,20
12.7631502151,80.1835327148,45665,45675,10
12.7632398605,80.1832885742,45675,45685,10
12.7633304596,80.1829833984,45685,45696,11
12.7634601593,80.1824798584,45696,45706,10
12.7638301849,80.1824188232,45706,45716,10
12.7644395828,80.1824874878,45716,45726,10
12.7650899887,80.1825637817,45726,45736,10
12.7657699585,80.1826477051,45736,45746,10
12.7663898468,80.1827468872,45746,45756,10
12.7670202255,80.1830368042,45756,45766,10
12.7676200867,80.1832733154,45766,45776,10
12.7682104111,80.1834793091,45776,45786,10
12.7686195374,80.1837997437,45786,45796,10
12.7690296173,80.1841278076,45796,45807,11
12.7691698074,80.184211731,45807,45817,10
12.769490242,80.1843490601,45817,45827,10
12.7699899673,80.1845397949,45827,45837,10
12.770529747,80.184677124,45837,45847,10
12.7706403732,80.1847610474,45847,45857,10
12.7707300186,80.1852111816,45857,45867,10
12.7707500458,80.1859283447,45867,45877,10
12.7708997726,80.1870727539,45877,45897,20
12.7708997726,80.1870727539,45897,45907,10
12.7709102631,80.1872024536,45907,45918,11
12.7709703445,80.1877975464,45918,45928,10
12.7711200714,80.1885681152,45928,45938,10
12.771900177,80.1889572144,45938,45948,10
12.7728500366,80.1893234253,45948,45958,10
12.7739095688,80.1897125244,45958,45968,10
12.7747001648,80.1905136108,45968,45978,10
12.775179863,80.1913223267,45978,45988,10
12.7753400803,80.1921234131,45988,45998,10
12.7752199173,80.1927032471,45998,46008,10
12.7746200562,80.1937866211,46008,46029,21
12.7746200562,80.1937866211,46029,46039,10
12.7744998932,80.1941833496,46039,46049,10
12.7743797302,80.19480896,46049,46059,10
12.7742395401,80.195602417,46059,46069,10
12.7741699219,80.1966705322,46069,46079,10
12.7741298676,80.1977005005,46079,46089,10
12.7740802765,80.1987304688,46089,46099,10
12.7739801407,80.1998825073,46099,46109,10
12.7739095688,80.2008209229,46109,46119,10
12.7738704681,80.2011566162,46119,46128,9
12.773850441,80.2014083862,46128,46140,12
12.7737903595,80.2022018433,46140,46150,10
12.7736501694,80.2031173706,46150,46160,10
12.7734603882,80.2042312622,46160,46170,10
12.7733297348,80.205329895,46170,46180,10
12.7730998993,80.2062530518,46180,46190,10
12.7728500366,80.2070999146,46190,46200,10
12.772600174,80.2079696655,46200,46210,10
12.772359848,80.2088317871,46210,46220,10
12.7720098495,80.2098617554,46220,46229,9
12.7715902328,80.2106781006,46229,46241,12
12.7711000443,80.2117462158,46241,46251,10
12.7708597183,80.2126464844,46251,46261,10
12.7707901001,80.2130889893,46261,46271,10
12.7709903717,80.213180542,46271,46281,10
12.7715997696,80.2134017944,46281,46291,10
12.7724599838,80.2137298584,46291,46301,10
12.7735500336,80.2141571045,46301,46311,10
12.7748098373,80.2146682739,46311,46321,10
12.7761602402,80.2152175903,46321,46331,10
12.7775096893,80.2157669067,46331,46341,10
12.7788095474,80.2163772583,46341,46352,11
12.7802696228,80.2171630859,46352,46362,10
12.7815999985,80.217880249,46362,46372,10
12.7829399109,80.2186203003,46372,46382,10
12.7841701508,80.219329834,46382,46392,10
12.7853899002,80.2199783325,46392,46412,20
12.7853899002,80.2199783325,46412,46422,10
12.7856397629,80.220123291,46422,46463,41
12.7856397629,80.220123291,46463,46473,10
12.7861404419,80.2202911377,46473,46533,60
12.7861404419,80.2202911377,46533,46543,10
12.7865495682,80.220489502,46543,46563,20
12.7865495682,80.220489502,46563,46574,11
12.7869796753,80.2206497192,46574,46584,10
12.7874298096,80.2208023071,46584,46594,10
12.7876396179,80.2209014893,46594,46604,10
12.7881603241,80.2210769653,46604,46614,10
12.7889204025,80.2213668823,46614,46624,10
12.7897596359,80.2216796875,46624,46634,10
12.7906398773,80.2219085693,46634,46644,10
12.7918195724,80.2221984863,46644,46654,10
12.7931499481,80.2224731445,46654,46664,10
12.7944898605,80.22265625,46664,46675,11
12.7957000732,80.2228469849,46675,46685,10
12.7962303162,80.2229232788,46685,46695,10
12.7962799072,80.2229385376,46695,46705,10
12.7967395782,80.2230377197,46705,46715,10
12.7974395752,80.22315979,46715,46725,10
12.7982797623,80.2232513428,46725,46735,10
12.7993001938,80.2233505249,46735,46745,10
12.8004903793,80.223449707,46745,46755,10
12.801199913,80.2235031128,46755,46765,10
12.8015499115,80.2235565186,46765,46775,10
12.802189827,80.2236404419,46775,46786,11
12.8028097153,80.223739624,46786,46796,10
12.8034296036,80.2238082886,46796,46806,10
12.8042201996,80.2238693237,46806,46816,10
12.8050298691,80.2239685059,46816,46826,10
12.8054199219,80.224067688,46826,46836,10
12.8055000305,80.2240982056,46836,46846,10
12.8057098389,80.2242279053,46846,46856,10
12.806189537,80.224647522,46856,46866,10
12.8069801331,80.2253494263,46866,46876,10
12.8079395294,80.2261734009,46876,46885,9
12.8088598251,80.2269363403,46885,46897,12
12.8103399277,80.2277603149,46897,46907,10
12.8117399216,80.2283172607,46907,46917,10
12.8130502701,80.2287826538,46917,46927,10
12.814209938,80.229133606,46927,46937,10
12.8154401779,80.2293319702,46937,46947,10
12.8168001175,80.2295379639,46947,46957,10
12.8180198669,80.2300262451,46957,46967,10
12.8191204071,80.2304611206,46967,46977,10
12.8201398849,80.2304382324,46977,46987,10
12.821269989,80.230430603,46987,46996,9
12.822259903,80.2306213379,46996,47008,12
12.8235197067,80.2310180664,47008,47018,10
12.824640274,80.2312774658,47018,47028,10
12.8257598877,80.231338501,47028,47038,10
12.8269500732,80.2311935425,47038,47048,10
12.8280496597,80.230682373,47048,47058,10
12.82929039,80.2300415039,47058,47068,10
12.8305196762,80.2295303345,47068,47078,10
12.8310499191,80.2293624878,47078,47088,10
12.8312196732,80.2293014526,47088,47098,10
12.831489563,80.2291793823,47098,47108,10
12.8316602707,80.2291412354,47108,47119,11
12.8323097229,80.2289962769,47119,47129,10
12.8332099915,80.2288284302,47129,47139,10
12.834400177,80.2286224365,47139,47149,10
12.8356304169,80.2284393311,47149,47159,10
12.8369398117,80.2282562256,47159,47169,10
12.8381900787,80.2280273438,47169,47179,10
12.8389997482,80.2278213501,47179,47189,10
12.8393201828,80.2277374268,47189,47250,61
12.8393201828,80.2277374268,47250,47260,10
12.8399000168,80.2275695801,47260,47270,10
12.8406896591,80.2273635864,47270,47280,10
12.8416996002,80.2271118164,47280,47290,10
12.8429403305,80.2268829346,47290,47300,10
12.8441896439,80.2266769409,47300,47310,10
12.8453102112,80.2265625,47310,47331,21
12.8453102112,80.2265625,47331,47341,10
12.8455896378,80.2265319824,47341,47351,10
12.8457698822,80.2265167236,47351,47361,10
12.8459596634,80.2265396118,47361,47371,10
12.846540451,80.2265167236,47371,47381,10
12.8474397659,80.2265167236,47381,47391,10
12.8485803604,80.2265090942,47391,47401,10
12.8496398926,80.2265014648,47401,47411,10
12.8505802155,80.2265319824,47411,47421,10
12.8517198563,80.2265625,47421,47431,10
12.8530597687,80.2266311646,47431,47442,11
12.854640007,80.2264862061,47442,47452,10
12.8561296463,80.2263336182,47452,47462,10
12.8576097488,80.2261810303,47462,47472,10
12.8589200974,80.2262115479,47472,47482,10
12.8600797653,80.2263793945,47482,47492,10
12.8607702255,80.2264480591,47492,47502,10
12.8608798981,80.2264709473,47502,47512,10
12.8613100052,80.2265014648,47512,47522,10
12.8621397018,80.2264862061,47522,47531,9
12.8631496429,80.2264328003,47531,47543,12
12.8647403717,80.2264862061,47543,47553,10
12.8662004471,80.2264709473,47553,47563,10
12.8676996231,80.2263183594,47563,47573,10
12.8692502975,80.2263793945,47573,47583,10
12.8706903458,80.2265319824,47583,47593,10
12.8719701767,80.2265930176,47593,47603,10
12.8727502823,80.2265701294,47603,47623,20
12.8727502823,80.2265701294,47623,47633,10
12.8729295731,80.226600647,47633,47642,9
12.8732204437,80.2266082764,47642,47654,12
12.8740501404,80.2266769409,47654,47664,10
12.8749799728,80.2268066406,47664,47674,10
12.8760795593,80.2268829346,47674,47684,10
12.876660347,80.2268371582,47684,47694,10
12.8768997192,80.2268218994,47694,47704,10
12.8775501251,80.2267684937,47704,47714,10
12.8784704208,80.2267227173,47714,47724,10
12.879650116,80.2266464233,47724,47734,10
12.8809900284,80.2266387939,47734,47744,10
12.8823003769,80.2266311646,47744,47754,10
12.8836402893,80.2266235352,47754,47765,11
12.8848800659,80.2265930176,47765,47775,10
12.8851699829,80.226600647,47775,47785,10
12.8852796555,80.2266311646,47785,47795,10
12.8857698441,80.2267379761,47795,47805,10
12.8865604401,80.2269592285,47805,47815,10
12.8875198364,80.2271575928,47815,47825,10
12.8886203766,80.2272567749,47825,47835,10
12.8899297714,80.2272567749,47835,47845,10
12.891289711,80.2272567749,47845,47855,10
12.8924503326,80.2273025513,47855,47865,10
12.8934898376,80.2274093628,47865,47876,11
12.894370079,80.2274932861,47876,47886,10
12.8952302933,80.2275466919,47886,47896,10
12.8964500427,80.2276077271,47896,47906,10
12.8978004456,80.2276916504,47906,47916,10
12.8991804123,80.2277908325,47916,47926,10
12.900759697,80.2278518677,47926,48047,121
12.900759697,80.2278518677,48047,48057,10
12.9011497498,80.2278823853,48057,48067,10
12.9017801285,80.2279129028,48067,48077,10
12.9027204514,80.2279434204,48077,48108,31
12.9027204514,80.2279434204,48108,48118,10
12.9031400681,80.2279815674,48118,48128,10
12.9038496017,80.2279968262,48128,48138,10
12.9048099518,80.2280731201,48138,48148,10
12.9062204361,80.2281112671,48148,48178,30
12.9062204361,80.2281112671,48178,48188,10
12.9063501358,80.2281036377,48188,48199,11
12.9067697525,80.2281112671,48199,48209,10
12.9074497223,80.2282714844,48209,48219,10
12.908370018,80.2284317017,48219,48229,10
12.9095602036,80.2286300659,48229,48239,10
12.9108200073,80.2288284302,48239,48249,10
12.9120998383,80.2289886475,48249,48259,10
12.913310051,80.2291488647,48259,48269,10
12.9139404297,80.2292404175,48269,48279,10
12.9139499664,80.2292404175,48279,48289,10
12.9141902924,80.2292861938,48289,48299,10
12.9147195816,80.229347229,48299,48310,11
12.9155502319,80.2294921875,48310,48320,10
12.9166202545,80.229637146,48320,48330,10
12.9178495407,80.2297973633,48330,48340,10
12.9189996719,80.2299499512,48340,48350,10
12.9193897247,80.2299880981,48350,48360,10
12.9194498062,80.2300109863,48360,48370,10
12.9198999405,80.2300720215,48370,48380,10
12.9206495285,80.2301712036,48380,48390,10
12.9216003418,80.2302932739,48390,48400,10
12.9227600098,80.2304611206,48400,48411,11
12.9242601395,80.2306671143,48411,48421,10
12.9263095856,80.2309112549,48421,48441,20
12.9263095856,80.2309112549,48441,48451,10
12.9266195297,80.2309417725,48451,48461,10
12.9272403717,80.231010437,48461,48471,10
12.9280996323,80.2311325073,48471,48481,10
12.9291696548,80.2313079834,48481,48491,10
12.9303998947,80.2315979004,48491,48501,10
12.93171978,80.2320175171,48501,48511,10
12.9343595505,80.233039856,48511,48552,41
12.9343595505,80.233039856,48552,48573,21
12.9362802505,80.2339324951,48573,48583,10
12.9374399185,80.2344970703,48583,48593,10
12.9385299683,80.2350463867,48593,48603,10
12.9396800995,80.2356185913,48603,48623,20
12.9396800995,80.2356185913,48623,48634,11
12.9399499893,80.2357406616,48634,48644,10
12.9402599335,80.2358474731,48644,48654,10
12.9408502579,80.236000061,48654,48664,10
12.9416999817,80.2361907959,48664,48674,10
12.9427700043,80.2365570068,48674,48684,10
12.9437398911,80.2373886108,48684,48694,10
12.9446697235,80.2384414673,48694,48704,10
12.9456396103,80.2393112183,48704,48714,10
12.94713974,80.239906311,48714,48734,20
12.94713974,80.239906311,48734,48745,11
12.9473896027,80.240020752,48745,48755,10
12.9479703903,80.2402572632,48755,48765,10
12.9485702515,80.2404937744,48765,48775,10
12.9486703873,80.2405166626,48775,48785,10
12.9489402771,80.2406463623,48785,48795,10
12.9495401382,80.2408599854,48795,48805,10
12.9503602982,80.2411193848,48805,48815,10
12.9509401321,80.2413024902,48815,48825,10
12.9513597488,80.2414627075,48825,48835,10
12.9520998001,80.2417068481,48835,48846,11
12.9531402588,80.2421112061,48846,48856,10
12.9539299011,80.24243927,48856,48866,10
12.9546604156,80.2427520752,48866,48876,10
12.9554700851,80.2430496216,48876,48886,10
12.9562997818,80.2433013916,48886,48926,40
12.9562997818,80.2433013916,48926,48936,10
12.9568500519,80.2435379028,48936,48947,11
12.957690239,80.243927002,48947,48957,10
12.9586296082,80.2443618774,48957,48977,20
12.9586296082,80.2443618774,48977,48987,10
12.9587497711,80.2445220947,48987,48997,10
12.9592504501,80.2447280884,48997,49007,10
12.9600200653,80.2450637817,49007,49017,10
12.9610204697,80.2454986572,49017,49027,10
12.9621400833,80.2460327148,49027,49037,10
12.96296978,80.2464294434,49037,49047,10
12.963470459,80.2466812134,49047,49057,10
12.9640903473,80.2469177246,49057,49068,11
12.9649000168,80.2472305298,49068,49078,10
12.965760231,80.247543335,49078,49088,10
12.966460228,80.2478103638,49088,49098,10
12.9665603638,80.2478485107,49098,49108,10
12.9666996002,80.2479400635,49108,49118,10
12.9671897888,80.2481384277,49118,49128,10
12.9680404663,80.2485275269,49128,49138,10
12.9691095352,80.248916626,49138,49148,10
12.970199585,80.249382019,49148,49158,10
12.9714899063,80.249786377,49158,49169,11
12.9727897644,80.2501296997,49169,49179,10
12.9738903046,80.2504425049,49179,49189,10
12.9751396179,80.250793457,49189,49199,10
12.976360321,80.2511367798,49199,49209,10
12.9773702621,80.2515335083,49209,49219,10
12.9781398773,80.2521209717,49219,49229,10
12.9784297943,80.2523117065,49229,49239,10
12.9786300659,80.2524185181,49239,49249,10
12.97935009,80.2525634766,49249,49268,19
12.97935009,80.2525634766,49268,49280,12
12.9796600342,80.2526016235,49280,49290,10
12.9796695709,80.2526092529,49290,49300,10
12.9799604416,80.2526931763,49300,49310,10
12.9806203842,80.2526473999,49310,49320,10
12.9815301895,80.2526168823,49320,49330,10
12.9826898575,80.2525863647,49330,49340,10
12.9839897156,80.2523574829,49340,49350,10
12.985329628,80.251991272,49350,49360,10
12.9865198135,80.2516937256,49360,49370,10
12.9876003265,80.251373291,49370,49380,10
12.987950325,80.2517471313,49380,49391,11
12.9879703522,80.2519302368,49391,49401,10
12.9879903793,80.2523727417,49401,49411,10
12.9878797531,80.2531280518,49411,49421,10
12.9878196716,80.2541122437,49421,49431,10
12.9878101349,80.2547302246,49431,49461,30
12.9877300262,80.254699707,49461,49532,71
12.9877300262,80.254699707,49532,49542,10
12.9877099991,80.2549819946,49542,49552,10
12.9876899719,80.2555236816,49552,49562,10
12.9883298874,80.2558517456,49562,49582,20
12.9883298874,80.2558517456,49582,49592,10
12.9886398315,80.2558822632,49592,49603,11
12.9888296127,80.2558898926,49603,49613,10
12.9893102646,80.2559585571,49613,49623,10
12.9900999069,80.2560119629,49623,49633,10
12.9908103943,80.2560195923,49633,49643,10
12.9915504456,80.2560272217,49643,49653,10
12.9928197861,80.2559967041,49653,49663,10
12.9938697815,80.2559280396,49663,49673,10
12.9946899414,80.2559280396,49673,49683,10
12.9954500198,80.255897522,49683,49693,10
12.9961500168,80.2559127808,49693,49703,10
12.9965496063,80.2558670044,49703,49714,11
12.9968900681,80.255859375,49714,49724,10
12.997469902,80.2558517456,49724,49754,30
12.997469902,80.2558517456,49754,49764,10
12.9976596832,80.256072998,49764,49774,10
12.9976701736,80.2563171387,49774,49784,10
12.9976701736,80.256401062,49784,49794,10
12.9976501465,80.2566070557,49794,49804,10
12.9973897934,80.2568206787,49804,49825,21
12.9973897934,80.2568206787,49825,49835,10
12.997209549,80.2567977905,49835,49936,101
12.9972400665,80.2567520142,49936,49996,60
12.9972200394,80.256729126,49996,50107,111
12.9972896576,80.2567520142,50107,50299,192
12.9972200394,80.2567214966,50299,51015,716
12.9972200394,80.2567214966,51015,51026,11
12.9975099564,80.256652832,51026,51036,10
12.997590065,80.2563934326,51036,51046,10
12.9976196289,80.2562408447,51046,51056,10
12.9976501465,80.2561035156,51056,51066,10
12.9979000092,80.2559204102,51066,51076,10
12.9984397888,80.2559814453,51076,51086,10
12.9988803864,80.2560195923,51086,51096,10
12.9990196228,80.2560577393,51096,51106,10
12.9994401932,80.2561416626,51106,51116,10
12.9999103546,80.2562026978,51116,51127,11
13.0006599426,80.2564315796,51127,51157,30
13.0006599426,80.2564315796,51157,51167,10
13.0011100769,80.2565078735,51167,51177,10
13.0014696121,80.2565383911,51177,51187,10
13.0019197464,80.2565994263,51187,51197,10
13.0024700165,80.256690979,51197,51207,10
13.0030298233,80.2567977905,51207,51217,10
13.0036497116,80.2568664551,51217,51227,10
13.004240036,80.2570266724,51227,51238,11
13.0050401688,80.2570571899,51238,51248,10
13.0057296753,80.2573013306,51248,51258,10
13.0060195923,80.2573776245,51258,51268,10
13.006360054,80.2574691772,51268,51278,10
13.0064201355,80.256942749,51278,51288,10
13.0064401627,80.2561187744,51288,51298,10
13.0064897537,80.2552337646,51298,51308,10
13.006529808,80.2544174194,51308,51318,10
13.0065202713,80.2535018921,51318,51328,10
13.0065202713,80.2529907227,51328,51338,10
13.0065498352,80.2526016235,51338,51349,11
13.0067195892,80.2527084351,51349,51359,10
13.0066404343,80.2531433105,51359,51661,302
13.0066404343,80.2531433105,51661,51672,11
13.0066604614,80.2536087036,51672,51682,10
13.006649971,80.2538223267,51682,51722,40
13.006649971,80.2538223267,51722,51732,10
13.0066299438,80.2542419434,51732,51742,10
13.0066003799,80.2546005249,51742,51762,20
13.0066003799,80.2546005249,51762,51772,10
13.0065898895,80.2548522949,51772,51783,11
13.0065898895,80.2554397583,51783,51793,10
13.0065803528,80.2565765381,51793,51823,30
13.0065803528,80.2565765381,51823,51833,10
13.0066699982,80.2570266724,51833,51843,10
13.0066299438,80.2574768066,51843,51853,10
13.0063896179,80.2575531006,51853,51863,10
13.005900383,80.2574310303,51863,51873,10
13.0053195953,80.2572937012,51873,51883,10
13.0046701431,80.2571182251,51883,51894,11
13.0039196014,80.256980896,51894,51904,10
13.0034399033,80.2568511963,51904,51914,10
13.0030298233,80.2567977905,51914,51924,10
13.0023097992,80.256652832,51924,51944,20
13.0023097992,80.256652832,51944,51954,10
13.0021400452,80.2566070557,51954,51964,10
13.0017995834,80.2566070557,51964,51974,10
13.0011301041,80.2565078735,51974,51983,9
13.0004301071,80.2563934326,51983,51994,11
12.9996795654,80.2562484741,51994,52015,21
12.9996795654,80.2562484741,52015,52025,10
12.9993600845,80.2561798096,52025,52035,10
12.9985799789,80.2560272217,52035,52075,40
12.9985799789,80.2560272217,52075,52085,10
12.9984703064,80.2560501099,52085,52094,9
12.9982404709,80.2560119629,52094,52105,11
12.997710228,80.2559585571,52105,52116,11
12.9972200394,80.2559432983,52116,52126,10
12.9969396591,80.2559432983,52126,52136,10
12.9965896606,80.255897522,52136,52146,10
12.9961996078,80.255897522,52146,52156,10
12.9956798553,80.2558898926,52156,52166,10
12.9950799942,80.2558364868,52166,52176,10
12.9943799973,80.2558288574,52176,52186,10
12.9936704636,80.2559585571,52186,52196,10
12.9927902222,80.2559814453,52196,52206,10
12.9918603897,80.2559967041,52206,52217,11
12.9910202026,80.2559814453,52217,52227,10
12.9904403687,80.2559432983,52227,52237,10
12.9898796082,80.2559432983,52237,52247,10
12.9893302917,80.2558898926,52247,52257,10
12.9888601303,80.2558898926,52257,52277,20
12.9888601303,80.2558898926,52277,52287,10
12.9885902405,80.2558364868,52287,52297,10
12.987950325,80.2557525635,52297,52307,10
12.9872703552,80.2556533813,52307,52316,9
12.9862203598,80.2554931641,52316,52348,32
12.9862203598,80.2554931641,52348,52358,10
12.9859695435,80.2554321289,52358,52368,10
12.9858198166,80.2554397583,52368,52378,10
12.9853401184,80.2553710938,52378,52388,10
12.9846401215,80.2551727295,52388,52398,10
12.9841003418,80.2550125122,52398,52408,10
12.9835100174,80.2548065186,52408,52417,9
12.9828701019,80.2546081543,52417,52429,12
12.9822702408,80.2544021606,52429,52439,10
12.9819898605,80.2539672852,52439,52449,10
12.9818096161,80.2533416748,52449,52459,10
12.981470108,80.2527770996,52459,52469,10
12.9807596207,80.2527389526,52469,52479,10
12.9800395966,80.252746582,52479,52489,10
12.9793195724,80.2526626587,52489,52499,10
12.9787101746,80.2525863647,52499,52509,10
12.9786901474,80.2525787354,52509,52518,9
12.9786100388,80.2525634766,52518,52529,11
12.9781303406,80.2522277832,52529,52539,10
12.9774503708,80.2516174316,52539,52550,11
12.9762601852,80.251159668,52550,52560,10
12.975060463,80.2508087158,52560,52570,10
12.973739624,80.2504425049,52570,52580,10
12.9723596573,80.2500534058,52580,52590,10
12.9709100723,80.2496414185,52590,52600,10
12.9695196152,80.2491378784,52600,52610,10
12.9684495926,80.2488021851,52610,52620,10
12.9674301147,80.248336792,52620,52630,10
12.9666099548,80.2479324341,52630,52640,10
12.9657697678,80.2475814819,52640,52649,9
12.9652299881,80.2473602295,52649,52661,12
12.9651098251,80.2473220825,52661,52671,10
12.9646596909,80.2471389771,52671,52681,10
12.96393013,80.2469024658,52681,52691,10
12.9636001587,80.2467803955,52691,52701,10
12.9633302689,80.2466201782,52701,52711,10
12.9627199173,80.2462997437,52711,52721,10
12.9618301392,80.245880127,52721,52731,10
12.960729599,80.2453689575,52731,52741,10
12.9595298767,80.2448425293,52741,52750,9
12.9584302902,80.2443389893,52750,52762,12
12.9574203491,80.2439422607,52762,52772,10
12.9563798904,80.2436828613,52772,52802,30
12.9563798904,80.2436828613,52802,52812,10
12.956199646,80.243637085,52812,52822,10
12.9556903839,80.2433319092,52822,52832,10
12.9549102783,80.2429428101,52832,52842,10
12.953909874,80.2425079346,52842,52852,10
12.9528198242,80.2420272827,52852,52862,10
12.9519796371,80.2417297363,52862,52873,11
12.9517297745,80.2416381836,52873,52883,10
12.951379776,80.2415084839,52883,52893,10
12.9506902695,80.2412796021,52893,52903,10
12.9497499466,80.2409973145,52903,52913,10
12.9489002228,80.240737915,52913,52923,10
12.9479398727,80.2403182983,52923,52933,10
12.9473304749,80.2400970459,52933,52943,10
12.9471797943,80.240020752,52943,52953,10
12.9466495514,80.2397994995,52953,52963,10
12.9458999634,80.2394790649,52963,52974,11
12.9450302124,80.2389373779,52974,52984,10
12.9442501068,80.2381286621,52984,52994,10
12.9434604645,80.2372665405,52994,53004,10
12.942440033,80.2365112305,53004,53014,10
12.9412097931,80.2361526489,53014,53024,10
12.9401798248,80.2358932495,53024,53034,10
12.9398403168,80.235748291,53034,53044,10
12.9397802353,80.2356796265,53044,53054,10
12.939330101,80.2354736328,53054,53064,10
12.9385404587,80.2350616455,53064,53074,10
12.9375495911,80.2345962524,53074,53084,10
12.9365301132,80.2341003418,53084,53095,11
12.9359197617,80.2338180542,53095,53105,10
12.9357500076,80.233757019,53105,53115,10
12.935210228,80.2334976196,53115,53125,10
12.9343900681,80.2331314087,53125,53135,10
12.9340000153,80.2329864502,53135,53145,10
12.9339504242,80.232963562,53145,53155,10
12.9336299896,80.2328109741,53155,53165,10
12.932970047,80.2324905396,53165,53175,10
12.9321298599,80.2321777344,53175,53186,11
12.9308996201,80.2317962646,53186,53196,10
12.929690361,80.2314605713,53196,53206,10
12.9287595749,80.2312698364,53206,53216,10
12.9279003143,80.2311325073,53216,53226,10
12.9269199371,80.231010437,53226,53236,10
12.9260396957,80.2308883667,53236,53246,10
12.9249401093,80.2307662964,53246,53256,10
12.9236898422,80.2306289673,53256,53266,10
12.9223203659,80.230430603,53266,53276,10
12.9209699631,80.2302322388,53276,53286,10
12.9196901321,80.2300796509,53286,53297,11
12.9182300568,80.2298812866,53297,53307,10
12.9168996811,80.2297134399,53307,53317,10
12.9155702591,80.2295303345,53317,53327,10
12.9143295288,80.2293701172,53327,53337,10
12.9133901596,80.2292785645,53337,53357,20
12.9133901596,80.2292785645,53357,53367,10
12.913020134,80.2292022705,53367,53376,9
12.9124202728,80.2290802002,53376,53387,11
12.9113197327,80.2289199829,53387,53397,10
12.9101104736,80.2287597656,53397,53408,11
12.9086198807,80.2285232544,53408,53418,10
12.9073896408,80.2283172607,53418,53428,10
12.9068803787,80.2282714844,53428,53438,10
12.9068698883,80.2282562256,53438,53448,10
12.9065999985,80.2282180786,53448,53458,10
12.9059295654,80.2281799316,53458,53468,10
12.9049196243,80.2281265259,53468,53478,10
12.9036598206,80.2280578613,53478,53488,10
12.9023303986,80.228012085,53488,53498,10
12.9014797211,80.2279815674,53498,53539,41
12.9014797211,80.2279815674,53539,53549,10
12.9013395309,80.2280273438,53549,53559,10
12.90102005,80.2279510498,53559,53569,10
12.9004602432,80.227897644,53569,53579,10
12.8999900818,80.2278671265,53579,53589,10
12.8996400833,80.2278594971,53589,53599,10
12.899600029,80.2278594971,53599,53609,10
12.8994903564,80.2278366089,53609,53619,10
12.8992300034,80.2278366089,53619,53630,11
12.8985595703,80.2278213501,53630,53640,10
12.8977003098,80.2277603149,53640,53650,10
12.8966398239,80.2277069092,53650,53660,10
12.8955202103,80.2276611328,53660,53670,10
12.894370079,80.2276077271,53670,53680,10
12.893409729,80.2275238037,53680,53690,10
12.8928098679,80.2274627686,53690,53710,20
12.8928098679,80.2274627686,53710,53720,10
12.8927698135,80.2274475098,53720,53729,9
12.8924198151,80.2274093628,53729,53741,12
12.891579628,80.2273635864,53741,53751,10
12.8906002045,80.2273635864,53751,53761,10
12.8895101547,80.2273483276,53761,53771,10
12.888589859,80.2273178101,53771,53781,10
12.8877801895,80.2272796631,53781,53791,10
12.8867397308,80.2271118164,53791,53801,10
12.8850002289,80.2267379761,53801,53821,20
12.8850002289,80.2267379761,53821,53831,10
12.8848600388,80.2267227173,53831,53841,10
12.8843803406,80.2267074585,53841,53852,11
12.8835000992,80.2266998291,53852,53862,10
12.8824501038,80.2267227173,53862,53872,10
12.8811903,80.2267227173,53872,53882,10
12.8798303604,80.2267303467,53882,53892,10
12.8784103394,80.2267837524,53892,53902,10
12.8765602112,80.2269668579,53902,53922,20
12.8765602112,80.2269668579,53922,53932,10
12.87637043,80.2269515991,53932,53942,10
12.8757200241,80.2269363403,53942,53953,11
12.8746700287,80.2268218994,53953,53963,10
12.8735103607,80.2267227173,53963,53973,10
12.872710228,80.2267074585,53973,53983,10
12.8726196289,80.2266921997,53983,53993,10
12.8722295761,80.2266921997,53993,54003,10
12.8714895248,80.2266387939,54003,54013,10
12.8705301285,80.2265930176,54013,54023,10
12.8693399429,80.2264633179,54023,54033,10
12.8680095673,80.2263870239,54033,54043,10
12.8665895462,80.2265167236,54043,54053,10
12.8651599884,80.2265777588,54053,54064,11
12.8635396957,80.2264785767,54064,54074,10
12.8620996475,80.2265319824,54074,54084,10
12.86095047,80.2265472412,54084,54094,10
12.8599004745,80.2264175415,54094,54104,10
12.8588600159,80.226272583,54104,54114,10
12.8581895828,80.2262420654,54114,54124,10
12.8573198318,80.2262496948,54124,54134,10
12.8562202454,80.2263793945,54134,54144,10
12.8549404144,80.2265090942,54144,54154,10
12.8535404205,80.2266616821,54154,54165,11
12.8520002365,80.2266464233,54165,54174,9
12.8508996964,80.2266082764,54174,54185,11
12.8500995636,80.2265930176,54185,54195,10
12.8500404358,80.2265777588,54195,54205,10
12.8495903015,80.2265625,54205,54215,10
12.8487997055,80.2265625,54215,54225,10
12.8477096558,80.2265625,54225,54235,10
12.8465795517,80.2265777588,54235,54245,10
12.8461198807,80.2265777588,54245,54255,10
12.8458099365,80.2265701294,54255,54265,10
12.8456697464,80.2265701294,54265,54276,11
12.845580101,80.2265777588,54276,54285,9
12.8453903198,80.2265625,54285,54296,11
12.8446903229,80.2266235352,54296,54306,10
12.8437995911,80.2266693115,54306,54316,10
12.8425998688,80.2268829346,54316,54326,10
12.8412303925,80.2271881104,54326,54336,10
12.8402099609,80.2274932861,54336,54346,10
12.8397598267,80.2276077271,54346,54356,10
12.8397197723,80.2276306152,54356,54366,10
12.8396196365,80.2276687622,54366,54376,10
12.839099884,80.2278289795,54376,54387,11
12.8381795883,80.2280502319,54387,54397,10
12.8371200562,80.2282485962,54397,54407,10
12.8358602524,80.2284469604,54407,54417,10
12.8344697952,80.2286911011,54417,54427,10
12.83314991,80.2289428711,54427,54437,10
12.8323402405,80.2291183472,54437,54447,10
12.8322601318,80.2291412354,54447,54457,10
12.8319997787,80.2291870117,54457,54467,10
12.8313598633,80.2293319702,54467,54477,10
12.8309297562,80.2294616699,54477,54487,10
12.8306903839,80.2295379639,54487,54498,11
12.8299503326,80.2298126221,54498,54508,10
12.8290100098,80.2302017212,54508,54518,10
12.8279104233,80.230796814,54518,54528,10
12.8267002106,80.231300354,54528,54538,10
12.8258104324,80.2313995361,54538,54548,10
12.8250303268,80.2313766479,54548,54558,10
12.8241596222,80.2312164307,54558,54568,10
12.8231496811,80.2309417725,54568,54578,10
12.8219804764,80.2305831909,54578,54588,10
12.8207302094,80.2304382324,54588,54597,9
12.8196401596,80.2304916382,54597,54609,12
12.8189401627,80.2304916382,54609,54619,10
12.8186903,80.2304077148,54619,54629,10
12.8180704117,80.2300872803,54629,54639,10
12.8171195984,80.2296829224,54639,54649,10
12.8158903122,80.2294082642,54649,54659,10
12.8145198822,80.2292022705,54659,54669,10
12.8131504059,80.228843689,54669,54679,10
12.8118095398,80.2283630371,54679,54689,10
12.8104600906,80.2278289795,54689,54698,9
12.8092699051,80.2272872925,54698,54710,12
12.807970047,80.2262496948,54710,54720,10
12.8070602417,80.2254867554,54720,54730,10
12.8063297272,80.2248306274,54730,54740,10
12.805270195,80.224067688,54740,54770,30
12.805270195,80.224067688,54770,54780,10
12.805150032,80.2240219116,54780,54790,10
12.8046998978,80.2239227295,54790,54800,10
12.804019928,80.2238616943,54800,54810,10
12.803150177,80.223777771,54810,54821,11
12.8019399643,80.2236175537,54821,54831,10
12.800860405,80.2235107422,54831,54841,10
12.7996797562,80.2234115601,54841,54851,10
12.798330307,80.2231903076,54851,54861,10
12.7969999313,80.2230606079,54861,54871,10
12.7961797714,80.2229309082,54871,54881,10
12.7957296371,80.2229003906,54881,54891,10
12.7955703735,80.2228622437,54891,54901,10
12.7949399948,80.2227478027,54901,54911,10
12.7939596176,80.2225799561,54911,54921,10
12.7927598953,80.2223968506,54921,54932,11
12.7913198471,80.2220916748,54932,54942,10
12.7900600433,80.2217712402,54942,54952,10
12.7895097733,80.2216110229,54952,54962,10
12.789150238,80.2214813232,54962,54972,10
12.7884998322,80.2212219238,54972,54982,10
12.7877397537,80.220916748,54982,55022,40
12.7877397537,80.220916748,55022,55032,10
12.7875995636,80.2208328247,55032,55043,11
12.7874403,80.2207717896,55043,55053,10
12.7871999741,80.220703125,55053,55063,10
12.7868995667,80.2205963135,55063,55073,10
12.7866296768,80.2204971313,55073,55093,20
12.7866296768,80.2204971313,55093,55103,10
12.7864398956,80.2203979492,55103,55113,10
12.7863798141,80.2203903198,55113,55123,10
12.7861604691,80.2203216553,55123,55133,10
12.7856798172,80.2201004028,55133,55143,10
12.7848501205,80.2197113037,55143,55204,61
12.7848501205,80.2197113037,55204,55214,10
12.7847795486,80.2196121216,55214,55224,10
12.7845001221,80.2194671631,55224,55234,10
12.7840099335,80.2192001343,55234,55244,10
12.7833595276,80.2188568115,55244,55254,10
12.7826595306,80.2184524536,55254,55265,11
12.781709671,80.2179336548,55265,55275,10
12.7807397842,80.2174072266,55275,55285,10
12.7796802521,80.2168426514,55285,55295,10
12.7785396576,80.2162399292,55295,55305,10
12.7773103714,80.2156829834,55305,55315,10
12.77602005,80.2151489258,55315,55325,10
12.7747602463,80.2146530151,55325,55335,10
12.7736501694,80.2142028809,55335,55345,10
12.7725496292,80.2137680054,55345,55355,10
12.7714395523,80.2133712769,55355,55365,10
12.7707901001,80.2128677368,55365,55396,31
12.7707901001,80.2128677368,55396,55406,10
12.7708597183,80.2127609253,55406,55416,10
12.7708997726,80.2124633789,55416,55426,10
12.7709798813,80.2118835449,55426,55436,10
12.7712898254,80.211151123,55436,55446,10
12.7717504501,80.210319519,55446,55456,10
12.7721395493,80.209487915,55456,55466,10
12.7724103928,80.2086334229,55466,55477,11
12.7726898193,80.2077484131,55477,55487,10
12.7728796005,80.2070388794,55487,55497,10
12.7730798721,80.2063217163,55497,55507,10
12.7732601166,80.2055892944,55507,55517,10
12.7734003067,80.2048110962,55517,55527,10
12.7734899521,80.2039718628,55527,55537,10
12.7736797333,80.2030029297,55537,55547,10
12.7738103867,80.2019805908,55547,55557,10
12.7738704681,80.2011871338,55557,55567,10
12.7738704681,80.2010803223,55567,55576,9
12.773900032,80.2008590698,55576,55587,11
12.7739601135,80.2002410889,55587,55598,11
12.774020195,80.1994094849,55598,55608,10
12.7741003036,80.1985015869,55608,55618,10
12.774140358,80.1975784302,55618,55628,10
12.774189949,80.1967163086,55628,55638,10
12.7742300034,80.1958389282,55638,55668,30
12.7742300034,80.1958389282,55668,55677,9
12.7742395401,80.1958007813,55677,55688,11
12.7742700577,80.1953430176,55688,55699,11
12.7744598389,80.194480896,55699,55709,10
12.7746496201,80.193687439,55709,55719,10
12.7749500275,80.1929626465,55719,55729,10
12.7753400803,80.1922302246,55729,55739,10
12.7752103806,80.1914520264,55739,55749,10
12.7748298645,80.1906204224,55749,55759,10
12.7741203308,80.1898803711,55759,55769,10
12.7731800079,80.1894302368,55769,55779,10
12.7721796036,80.1890029907,55779,55789,10
12.7712097168,80.1886062622,55789,55800,11
12.7709598541,80.1875915527,55800,55810,10
12.7708702087,80.1868286133,55810,55820,10
12.7708597183,80.1867675781,55820,55830,10
12.7708101273,80.186378479,55830,55840,10
12.7707595825,80.1856994629,55840,55850,10
12.7707004547,80.1848831177,55850,55860,10
12.77023983,80.1845779419,55860,55870,10
12.7695999146,80.184387207,55870,55880,10
12.769109726,80.1841583252,55880,55890,10
12.7690601349,80.1841430664,55890,55899,9
12.768819809,80.1839294434,55899,55910,11
12.7683897018,80.1835403442,55910,55921,11
12.7677898407,80.1832885742,55921,55931,10
12.7671604156,80.1830596924,55931,55941,10
12.7665195465,80.1827697754,55941,55951,10
12.7658500671,80.1826477051,55951,55961,10
12.7651996613,80.1825637817,55961,55971,10
12.7644701004,80.1824569702,55971,55981,10
12.7638597488,80.1823577881,55981,55991,10
12.7635202408,80.1825790405,55991,56001,10
12.7632102966,80.1834716797,56001,56022,21
12.7632102966,80.1834716797,56022,56032,10
12.7631502151,80.1835708618,56032,56042,10
12.7630500793,80.1839294434,56042,56052,10
12.7630500793,80.1842803955,56052,56062,10
12.7630395889,80.1847000122,56062,56072,10
12.7627897263,80.1849594116,56072,56082,10
12.7623996735,80.1848983765,56082,56092,10
12.7619400024,80.1848983765,56092,56102,10
12.7615404129,80.1846466064,56102,56879,777
12.7615404129,80.1846466064,56879,56888,9
12.7616195679,80.1849212646,56888,56910,22
12.7616195679,80.1849212646,56910,56920,10
12.7618398666,80.184928894,56920,56930,10
12.7621297836,80.1849365234,56930,56940,10
12.7625102997,80.1849517822,56940,56950,10
12.7628297806,80.184967041,56950,56960,10
12.7630195618,80.1846618652,56960,56970,10
12.7630300522,80.1842880249,56970,56980,10
12.763010025,80.1839981079,56980,56990,10
12.7630195618,80.1839675903,56990,57000,10
12.7630996704,80.1837463379,57000,57031,31
12.7631998062,80.1834869385,57031,57051,20
12.7631998062,80.1834869385,57051,57061,10
12.7632904053,80.1831512451,57061,57071,10
12.7634897232,80.1825714111,57071,57081,10
12.7638702393,80.1823883057,57081,57091,10
12.7645902634,80.1824874878,57091,57100,9
12.765250206,80.1825714111,57100,57112,12
12.7660999298,80.1826782227,57112,57122,10
12.7667503357,80.1828613281,57122,57132,10
12.7673902512,80.1831588745,57132,57142,10
12.7680702209,80.1833877563,57142,57152,10
12.7685699463,80.1837005615,57152,57162,10
12.7689800262,80.1840667725,57162,57172,10
12.7692403793,80.1842422485,57172,57182,10
12.7697200775,80.1844482422,57182,57192,10
12.7697200775,80.1844482422,57192,57202,10
12.7702798843,80.1846008301,57202,57211,9
12.7710599899,80.1880187988,57211,57281,70
12.7710599899,80.1880187988,57281,57301,20
12.7725296021,80.1891098022,57301,57311,10
12.7736196518,80.1895523071,57311,57321,10
12.7743997574,80.1901702881,57321,57332,11
12.7751502991,80.1911087036,57332,57341,9
12.775349617,80.1919784546,57341,57352,11
12.7752399445,80.1927108765,57352,57362,10
12.7747898102,80.1933898926,57362,57372,10
12.7746801376,80.1937332153,57372,57382,10
12.7746696472,80.1937789917,57382,57392,10
12.7745895386,80.1940765381,57392,57402,10
12.7744598389,80.1947402954,57402,57412,10
12.7742700577,80.195640564,57412,57422,10
12.7742099762,80.1966781616,57422,57432,10
12.7741603851,80.1977310181,57432,57442,10
12.7741203308,80.1987686157,57442,57453,11
12.7740001678,80.200050354,57453,57463,10
12.7739295959,80.2009811401,57463,57473,10
12.773900032,80.201171875,57473,57483,10
12.7738895416,80.201423645,57483,57493,10
12.7738399506,80.2020492554,57493,57503,10
12.7737398148,80.2029266357,57503,57513,10
12.7735300064,80.203956604,57513,57523,10
12.7734098434,80.2049179077,57523,57533,10
12.7732601166,80.2057037354,57533,57543,10
12.7730197906,80.2065811157,57543,57554,11
12.7728099823,80.2073516846,57554,57564,10
12.7727298737,80.2076187134,57564,57574,10
12.772600174,80.2080612183,57574,57584,10
12.7724103928,80.2088088989,57584,57594,10
12.7721204758,80.2097091675,57594,57604,10
12.7720098495,80.2099685669,57604,57614,10
12.7718095779,80.2103424072,57614,57624,10
12.7715101242,80.2109298706,57624,57634,10
12.7711496353,80.2116775513,57634,57644,10
12.7709798813,80.2125015259,57644,57655,11
12.7708702087,80.2130966187,57655,57675,20
12.7708702087,80.2130966187,57675,57685,10
12.7712202072,80.2132492065,57685,57695,10
12.7718896866,80.2134780884,57695,57705,10
12.772769928,80.2137908936,57705,57715,10
12.773730278,80.2141876221,57715,57725,10
12.7747097015,80.2145767212,57725,57735,10
12.7758598328,80.2150497437,57735,57745,10
12.7770204544,80.2155380249,57745,57754,9
12.7779998779,80.2159729004,57754,57766,12
12.7793598175,80.2166595459,57766,57776,10
12.7804498672,80.2172393799,57776,57786,10
12.7815999985,80.2178573608,57786,57796,10
12.7827196121,80.2184677124,57796,57806,10
12.783659935,80.2189865112,57806,57816,10
12.7845201492,80.2194824219,57816,57826,10
12.785320282,80.2198867798,57826,57836,10
12.7861604691,80.2202835083,57836,57866,30
12.7861604691,80.2202835083,57866,57877,11
12.7864599228,80.2204437256,57877,57907,30
12.7864599228,80.2204437256,57907,57917,10
12.7867898941,80.2205429077,57917,57927,10
12.7871103287,80.2206268311,57927,57937,10
12.7874603271,80.2207794189,57937,57947,10
12.7878503799,80.2209472656,57947,57957,10
12.7883701324,80.2211608887,57957,57967,10
12.7890396118,80.2214279175,57967,57977,10
12.7896604538,80.2216720581,57977,57988,11
12.790019989,80.2217712402,57988,57998,10
12.7906398773,80.2219009399,57998,58008,10
12.7915697098,80.2221298218,58008,58018,10
12.7928199768,80.2224121094,58018,58028,10
12.794260025,80.2226409912,58028,58038,10
12.7956199646,80.2228393555,58038,58048,10
12.7964000702,80.2229690552,58048,58058,10
12.7964401245,80.2229690552,58058,58068,10
12.7966604233,80.2230224609,58068,58078,10
12.7972698212,80.2231216431,58078,58088,10
12.7981300354,80.2232589722,58088,58099,11
12.7993297577,80.2233963013,58099,58109,10
12.8005199432,80.2235031128,58109,58119,10
12.8012399673,80.2235565186,58119,58129,10
12.8012599945,80.2235717773,58129,58139,10
12.8015298843,80.2236175537,58139,58149,10
12.8022098541,80.2236862183,58149,58159,10
12.803030014,80.2238006592,58159,58169,10
12.803850174,80.2238922119,58169,58179,10
12.8046798706,80.2239608765,58179,58189,10
12.8052396774,80.2240600586,58189,58200,11
12.8053598404,80.2240982056,58200,58210,10
12.8054599762,80.2241668701,58210,58220,10
12.8054704666,80.2241668701,58220,58230,10
12.8057498932,80.2242889404,58230,58240,10
12.8063001633,80.2247467041,58240,58250,10
12.8071203232,80.2254486084,58250,58260,10
12.8081102371,80.2262802124,58260,58270,10
12.8092098236,80.227180481,58270,58280,10
12.8105096817,80.2278213501,58280,58290,10
12.8119297028,80.2283706665,58290,58300,10
12.8133802414,80.2288818359,58300,58311,11
12.815030098,80.2292709351,58311,58321,10
12.8165597916,80.2294998169,58321,58331,10
12.8179597855,80.2300033569,58331,58341,10
12.8191299438,80.23046875,58341,58351,10
12.8203601837,80.23046875,58351,58361,10
12.8217496872,80.230506897,58361,58371,10
12.82310009,80.2308807373,58371,58381,10
12.8244800568,80.2312469482,58381,58391,10
12.8258199692,80.2313613892,58391,58401,10
12.827249527,80.2311782837,58401,58411,10
12.8285703659,80.2304534912,58411,58422,11
12.8300600052,80.2297821045,58422,58432,10
12.8309202194,80.2294006348,58432,58462,30
12.8309202194,80.2294006348,58462,58472,10
12.8311700821,80.2293930054,58472,58482,10
12.8314504623,80.2292785645,58482,58492,10
12.8315095901,80.2292480469,58492,58502,10
12.8316698074,80.2291793823,58502,58512,10
12.8318004608,80.2291412354,58512,58523,11
12.8323602676,80.2289962769,58523,58533,10
12.8332395554,80.2288894653,58533,58543,10
12.8343296051,80.2287063599,58543,58553,10
12.8355998993,80.2285385132,58553,58563,10
12.8369598389,80.2283325195,58563,58573,10
12.8382701874,80.2280578613,58573,58583,10
12.8394002914,80.2277603149,58583,58654,71
12.8394002914,80.2277603149,58654,58664,10
12.8397397995,80.2276229858,58664,58674,10
12.8404302597,80.2274627686,58674,58684,10
12.8413496017,80.2272109985,58684,58694,10
12.842499733,80.2269363403,58694,58704,10
12.8437995911,80.2267379761,58704,58714,10
12.8453502655,80.2266082764,58714,58734,20
12.8453502655,80.2266082764,58734,58744,10
12.8454904556,80.2266082764,58744,58755,11
12.8460798264,80.2265930176,58755,58765,10
12.8470096588,80.2265777588,58765,58775,10
12.8481502533,80.2265777588,58775,58785,10
12.8493003845,80.2265625,58785,58795,10
12.8500404358,80.2265396118,58795,58805,10
12.8500404358,80.2265167236,58805,58815,10
12.8502101898,80.2265319824,58815,58825,10
12.8507995605,80.2265396118,58825,58835,10
12.8516998291,80.2265930176,58835,58845,10
12.8528299332,80.2266464233,58845,58856,11
12.8542604446,80.2265625,58856,58866,10
12.8556604385,80.2264099121,58866,58876,10
12.8571300507,80.2262573242,58876,58886,10
12.858499527,80.2262268066,58886,58896,10
12.8598203659,80.2263870239,58896,58906,10
12.8607397079,80.2265090942,58906,58916,10
12.8608398438,80.2265625,58916,58926,10
12.8611497879,80.2265167236,58926,58936,10
12.8619499207,80.2265625,58936,58946,10
12.8629703522,80.2265167236,58946,58957,11
12.8643598557,80.2265396118,58957,58967,10
12.8657903671,80.2265396118,58967,58977,10
12.8672895432,80.2264328003,58977,58987,10
12.8688497543,80.2263793945,58987,58997,10
12.8704204559,80.2265625,58997,59007,10
12.8718595505,80.2266387939,59007,59017,10
12.8728504181,80.2266235352,59017,59027,10
12.8729696274,80.2266311646,59027,59037,10
12.8733797073,80.2266464233,59037,59047,10
12.874130249,80.2267227173,59047,59056,9
12.8750400543,80.2268371582,59056,59068,12
12.8765602112,80.2268829346,59068,59088,20
12.8765602112,80.2268829346,59088,59098,10
12.8769798279,80.2268676758,59098,59108,10
12.8778400421,80.2267684937,59108,59118,10
12.8789300919,80.2266998291,59118,59128,10
12.8802204132,80.2266693115,59128,59138,10
12.8816299438,80.2266616821,59138,59148,10
12.8830699921,80.2266464233,59148,59158,10
12.884349823,80.2266235352,59158,59168,10
12.885020256,80.2266082764,59168,59179,11
12.8851203918,80.2266616821,59179,59189,10
12.8855695724,80.2267379761,59189,59199,10
12.8863296509,80.2269363403,59199,59209,10
12.8873500824,80.227180481,59209,59219,10
12.8886003494,80.2273101807,59219,59229,10
12.8899898529,80.2273178101,59229,59239,10
12.8913297653,80.2273025513,59239,59249,10
12.8920898438,80.2273330688,59249,59259,10
12.8923902512,80.2273635864,59259,59269,10
12.8930196762,80.2274169922,59269,59280,11
12.8952598572,80.2276382446,59280,59290,10
12.8952598572,80.2276382446,59290,59300,10
12.8966197968,80.2276916504,59300,59309,9
12.8979196548,80.2277297974,59309,59320,11
12.8994102478,80.2278137207,59320,59330,10
12.9003601074,80.2278213501,59330,59340,10
12.9007396698,80.2277984619,59340,59380,40
12.9007396698,80.2277984619,59380,59391,11
12.9009399414,80.227897644,59391,59401,10
12.9014902115,80.2279510498,59401,59411,10
12.9021501541,80.2279663086,59411,59421,10
12.9029598236,80.2279891968,59421,59431,10
12.9032402039,80.2279815674,59431,59441,10
12.9033002853,80.2279815674,59441,59451,10
12.9038095474,80.2280578613,59451,59461,10
12.9044704437,80.2281112671,59461,59471,10
12.90528965,80.2281570435,59471,59481,10
12.9067296982,80.2282562256,59481,59502,21
12.9067296982,80.2282562256,59502,59512,10
12.9070997238,80.228302002,59512,59522,10
12.9078197479,80.2283706665,59522,59532,10
12.908829689,80.2285690308,59532,59542,10
12.9100103378,80.2287597656,59542,59552,10
12.9113502502,80.2289581299,59552,59562,10
12.9127597809,80.2291488647,59562,59572,10
12.9138097763,80.2292709351,59572,59582,10
12.9139795303,80.2293014526,59582,59592,10
12.9140796661,80.2293167114,59592,59603,11
12.9146604538,80.2294006348,59603,59613,10
12.9154396057,80.2295074463,59613,59623,10
12.9165802002,80.2296905518,59623,59633,10
12.9178495407,80.2298736572,59633,59643,10
12.9189300537,80.2300186157,59643,59653,10
12.919549942,80.2300720215,59653,59663,10
12.920419693,80.2301864624,59663,59673,10
12.9215297699,80.2303237915,59673,59683,10
12.9228200912,80.230506897,59683,59693,10
12.9242296219,80.2306976318,59693,59703,10
12.9255304337,80.2308807373,59703,59714,11
12.9263000488,80.2309494019,59714,59724,10
12.9263601303,80.2309494019,59724,59734,10
12.9264001846,80.2309570313,59734,59744,10
12.9268302917,80.2310028076,59744,59754,10
12.927570343,80.2311172485,59754,59764,10
12.9285297394,80.2312698364,59764,59774,10
12.9296998978,80.2314987183,59774,59784,10
12.9309501648,80.2317810059,59784,59794,10
12.9322595596,80.2321929932,59794,59804,10
12.9331998825,80.2325363159,59804,59814,10
12.9336395264,80.2327423096,59814,59825,11
12.9336395264,80.232749939,59825,59835,10
12.9337501526,80.2328567505,59835,59845,10
12.934220314,80.2330474854,59845,59855,10
12.9349803925,80.2334136963,59855,59865,10
12.9359397888,80.2338485718,59865,59875,10
12.937040329,80.2343826294,59875,59885,10
12.938079834,80.23487854,59885,59895,10
12.939620018,80.2356414795,59895,59915,20
12.939620018,80.2356414795,59915,59925,10
12.9397602081,80.2356719971,59925,59935,10
12.9402599335,80.2358474731,59935,59946,11
12.9411401749,80.2361221313,59946,59956,10
12.942199707,80.2363815308,59956,59966,10
12.9432497025,80.236907959,59966,59976,10
12.9440603256,80.237739563,59976,59986,10
12.944899559,80.2386474609,59986,59996,10
12.9458703995,80.2394180298,59996,60006,10
12.9469299316,80.2398529053,60006,60016,10
12.9472999573,80.2399902344,60016,60025,9
12.9473199844,80.2400131226,60025,60037,12
12.947810173,80.2402267456,60037,60047,10
12.9485301971,80.2405471802,60047,60057,10
12.9494800568,80.2408828735,60057,60067,10
12.9504899979,80.2411804199,60067,60077,10
12.9511098862,80.2413635254,60077,60087,10
12.9511203766,80.2413787842,60087,60097,10
12.9514703751,80.2415390015,60097,60107,10
12.9521503448,80.2417907715,60107,60117,10
12.953040123,80.2421264648,60117,60127,10
12.9540300369,80.2425308228,60127,60137,10
12.9549999237,80.2428970337,60137,60148,11
12.9559202194,80.2432174683,60148,60158,10
12.9563503265,80.2433700562,60158,60168,10
12.9563703537,80.2433700562,60168,60178,10
12.9567499161,80.243522644,60178,60188,10
12.957400322,80.2438430786,60188,60198,10
12.9582300186,80.2442092896,60198,60208,10
12.9588899612,80.2444763184,60208,60218,10
12.9589700699,80.2445220947,60218,60228,10
12.9593400955,80.244720459,60228,60238,10
12.9600200653,80.2450332642,60238,60248,10
12.9609298706,80.2454376221,60248,60259,11
12.962100029,80.2460021973,60259,60269,10
12.9629497528,80.246421814,60269,60279,10
12.9632902145,80.2465667725,60279,60309,30
12.9632902145,80.2465667725,60309,60319,10
12.963549614,80.2467422485,60319,60329,10
12.9639396667,80.246887207,60329,60339,10
12.9645996094,80.2471389771,60339,60349,10
12.9654197693,80.2474212646,60349,60360,11
12.9663696289,80.2477874756,60360,60370,10
12.9667901993,80.2479705811,60370,60390,20
12.9667901993,80.2479705811,60390,60400,10
12.9670801163,80.2481231689,60400,60410,10
12.9676599503,80.2483673096,60410,60420,10
12.9684896469,80.2487106323,60420,60430,10
12.9694595337,80.2491073608,60430,60440,10
12.9704799652,80.2495193481,60440,60450,10
12.971540451,80.2498474121,60450,60460,10
12.9725503922,80.2500991821,60460,60471,11
12.9735202789,80.2503509521,60471,60481,10
12.9742498398,80.25050354,60481,60491,10
12.9746704102,80.2506332397,60491,60501,10
12.9754104614,80.2508392334,60501,60511,10
12.9764099121,80.251121521,60511,60521,10
12.977519989,80.2516021729,60521,60531,10
12.978219986,80.2521514893,60531,60541,10
12.9785404205,80.2523422241,60541,60551,10
12.978679657,80.2524185181,60551,60561,10
12.9792098999,80.2525787354,60561,60571,10
12.9800195694,80.2526626587,60571,60582,11
12.9808597565,80.2526702881,60582,60592,10
12.9817199707,80.2526473999,60592,60602,10
12.9827604294,80.2526168823,60602,60612,10
12.9838199615,80.2524337769,60612,60622,10
12.9849100113,80.2521286011,60622,60632,10
12.9859104156,80.2518615723,60632,60642,10
12.9867801666,80.2516174316,60642,60652,10
12.9872598648,80.2514572144,60652,60693,41
12.9872598648,80.2514572144,60693,60703,10
12.9873895645,80.2514266968,60703,60713,10
12.9877901077,80.251373291,60713,60723,10
12.9879999161,80.251739502,60723,60733,10
12.9880599976,80.2524337769,60733,60743,10
12.9879598618,80.2533416748,60743,60753,10
12.9878997803,80.2540435791,60753,60773,20
12.9878997803,80.2540435791,60773,60783,10
12.987859726,80.2541503906,60783,60794,11
12.987830162,80.2546768188,60794,60804,10
12.9877996445,80.2551727295,60804,60814,10
12.9877595901,80.2555999756,60814,60824,10
12.9879903793,80.2557983398,60824,60834,10
12.988650322,80.2557983398,60834,60854,20
12.988650322,80.2557983398,60854,60864,10
12.9890298843,80.2558670044,60864,60874,10
12.9896001816,80.2559280396,60874,60884,10
12.9903202057,80.2559509277,60884,60894,10
12.9909000397,80.2559585571,60894,60905,11
12.9916000366,80.2559280396,60905,60915,10
12.9925098419,80.2557907104,60915,60925,10
12.9933300018,80.2555465698,60925,60935,10
12.9945602417,80.2558288574,60935,60945,10
12.9954299927,80.2558288574,60945,60955,10
12.9962301254,80.255821228,60955,60965,10
12.9967699051,80.255859375,60965,60975,10
12.9973402023,80.255859375,60975,60985,10
12.9979000092,80.2558288574,60985,60995,10
12.9988098145,80.2559432983,60995,61016,21
12.9988098145,80.2559432983,61016,61026,10
12.9989995956,80.2560195923,61026,61036,10
12.9992198944,80.2560119629,61036,61066,30
12.9992198944,80.2560119629,61066,61076,10
12.9993400574,80.256111145,61076,61086,10
12.9997501373,80.2562103271,61086,61096,10
13.0003995895,80.2563095093,61096,61106,10
13.0012903214,80.2564620972,61106,61117,11
13.0024404526,80.2566604614,61117,61127,10
13.0032997131,80.2568206787,61127,61137,10
13.003950119,80.256980896,61137,61147,10
13.0045404434,80.2570800781,61147,61157,10
13.0052499771,80.2572174072,61157,61167,10
13.005900383,80.2573471069,61167,61177,10
13.0059404373,80.2573623657,61177,61187,10
13.0060901642,80.2574234009,61187,61197,10
13.006480217,80.2574081421,61197,61207,10
13.006480217,80.2567596436,61207,61217,10
13.0064697266,80.2557983398,61217,61228,11
13.0065097809,80.254737854,61228,61238,10
13.0065097809,80.2539367676,61238,61248,10
13.0065097809,80.2531433105,61248,61258,10
13.0065402985,80.2526321411,61258,61288,30
13.0065402985,80.2526321411,61288,61298,10
13.0066995621,80.252746582,61298,61318,20
13.0066995621,80.252746582,61318,61328,10
13.0066404343,80.2533721924,61328,61672,344
13.0065898895,80.2535400391,61672,61833,161
13.0066299438,80.2535324097,61833,62358,525
13.0066204071,80.2533111572,62358,62731,373
13.0066299438,80.2535400391,62731,62752,21
13.0066299438,80.2535400391,62752,62762,10
13.0066404343,80.2538604736,62762,62772,10
13.006649971,80.254119873,62772,62782,10
13.0066604614,80.2542724609,62782,62792,10
13.0066299438,80.2544937134,62792,62802,10
13.0066204071,80.2548904419,62802,62832,30
13.0066204071,80.2548904419,62832,62842,10
13.0065498352,80.2551879883,62842,62853,11
13.0065603256,80.2558898926,62853,62863,10
13.0065803528,80.256477356,62863,62873,10
13.0066204071,80.2568588257,62873,62893,20
13.0066204071,80.2568588257,62893,62903,10
13.0066699982,80.2571792603,62903,62913,10
13.0065097809,80.257598877,62913,62923,10
13.0059995651,80.2574920654,62923,62933,10
13.0051898956,80.257270813,62933,62943,10
13.0043296814,80.2571105957,62943,62953,10
13.0036096573,80.2569503784,62953,62964,11
13.0027999878,80.2567672729,62964,62974,10
13.0019102097,80.2566070557,62974,62984,10
13.0010404587,80.2565231323,62984,62994,10
13.0001897812,80.256362915,62994,63004,10
12.9993600845,80.2562408447,63004,63014,10
12.9985799789,80.256111145,63014,63034,20
12.9985799789,80.256111145,63034,63044,10
12.9983196259,80.2559967041,63044,63054,10
12.9980897903,80.2559661865,63054,63065,11
12.9971599579,80.2558898926,63065,63105,40
12.9971599579,80.2558898926,63105,63115,10
12.9969301224,80.255897522,63115,63125,10
12.9965295792,80.2558898926,63125,63135,10
12.9957799911,80.2558898926,63135,63145,10
12.995010376,80.2558898926,63145,63155,10
12.9941101074,80.2559585571,63155,63165,10
12.9930496216,80.2560424805,63165,63176,11
12.9916200638,80.2560577393,63176,63186,10
12.990480423,80.2560195923,63186,63196,10
12.9895296097,80.2559890747,63196,63206,10
12.9887800217,80.2559585571,63206,63216,10
12.9883298874,80.2559204102,63216,63226,10
12.9883003235,80.2558822632,63226,63236,10
12.9878997803,80.2558135986,63236,63246,10
12.9874095917,80.2557220459,63246,63256,10
12.9870100021,80.2556304932,63256,63266,10
12.986700058,80.255607605,63266,63275,9
12.986530304,80.2555999756,63275,63287,12
12.9862003326,80.255531311,63287,63307,20
12.9862003326,80.255531311,63307,63317,10
12.9859399796,80.2554626465,63317,63327,10
12.9855899811,80.2553482056,63327,63337,10
12.9849100113,80.2552185059,63337,63347,10
12.9843101501,80.2550506592,63347,63357,10
12.9835996628,80.2548828125,63357,63367,10
12.9831495285,80.2547531128,63367,63377,10
12.9824495316,80.2545013428,63377,63388,11
12.9819002151,80.2536773682,63388,63398,10
12.9815998077,80.2528533936,63398,63408,10
12.9807395935,80.2527694702,63408,63418,10
12.979640007,80.2526931763,63418,63428,10
12.9787797928,80.2526092529,63428,63438,10
12.978679657,80.2525863647,63438,63448,10
12.9785804749,80.2525482178,63448,63458,10
12.9781198502,80.2522277832,63458,63468,10
12.9774503708,80.2516326904,63468,63478,10
12.9763898849,80.2511825562,63478,63488,10
12.9751501083,80.2508010864,63488,63499,11
12.9736795425,80.2503814697,63499,63509,10
12.9725198746,80.2500915527,63509,63519,10
12.9713497162,80.2497711182,63519,63529,10
12.9700403214,80.2493591309,63529,63539,10
12.9687099457,80.2488327026,63539,63549,10
12.9675197601,80.248336792,63549,63559,10
12.9665203094,80.2478790283,63559,63569,10
12.9656000137,80.2475128174,63569,63579,10
12.9651899338,80.2473907471,63579,63589,10
12.965180397,80.2473831177,63589,63599,10
12.9649295807,80.2472610474,63599,63610,11
12.9643201828,80.2470321655,63610,63620,10
12.9637403488,80.2467803955,63620,63630,10
12.9636297226,80.2467422485,63630,63640,10
12.9633398056,80.2465896606,63640,63650,10
12.962679863,80.2462768555,63650,63660,10
12.9617395401,80.2458267212,63660,63670,10
12.9606103897,80.2453231812,63670,63680,10
12.9597101212,80.2449493408,63680,63690,10
12.9594898224,80.2448425293,63690,63700,10
12.9592199326,80.2446975708,63700,63711,11
12.9584999084,80.2443618774,63711,63721,10
12.9578199387,80.2440872192,63721,63731,10
12.957110405,80.2438430786,63731,63741,10
12.9565696716,80.2436218262,63741,63771,30
12.9565696716,80.2436218262,63771,63781,10
12.9563798904,80.2435913086,63781,63791,10
12.9558200836,80.243309021,63791,63801,10
12.9550304413,80.2429504395,63801,63811,10
12.9541196823,80.2425613403,63811,63822,11
12.9530000687,80.2420806885,63822,63832,10
12.9518404007,80.2416687012,63832,63852,20
12.9518404007,80.2416687012,63852,63862,10
12.9515399933,80.2415771484,63862,63872,10
12.9508895874,80.2413635254,63872,63882,10
12.9499797821,80.2410583496,63882,63892,10
12.9489803314,80.2407302856,63892,63902,10
12.9480495453,80.2403488159,63902,63912,10
12.9472799301,80.2400512695,63912,63922,10
12.9470796585,80.239982605,63922,63933,11
12.9468097687,80.2398605347,63933,63943,10
12.9462003708,80.2396011353,63943,63953,10
12.9453897476,80.2392120361,63953,63963,10
12.9445400238,80.2384033203,63963,63973,10
12.9437198639,80.2374725342,63973,63983,10
12.9427995682,80.236656189,63983,63993,10
12.9414701462,80.2361984253,63993,64003,10
12.9402503967,80.2359237671,64003,64013,10
12.939789772,80.2357711792,64013,64022,9
12.9397602081,80.2357635498,64022,64034,12
12.9391899109,80.2354888916,64034,64044,10
12.9383802414,80.2350769043,64044,64054,10
12.9373502731,80.2345809937,64054,64064,10
12.936340332,80.2340927124,64064,64074,10
12.935549736,80.2337188721,64074,64084,10
12.9347600937,80.2333526611,64084,64094,10
12.934009552,80.233039856,64094,64104,10
12.9338798523,80.2329788208,64104,64114,10
12.9337997437,80.2329177856,64114,64124,10
12.9332799911,80.2326812744,64124,64133,9
12.9325895309,80.2323989868,64133,64145,12
12.9313697815,80.2320022583,64145,64155,10
12.9301300049,80.2316207886,64155,64165,10
12.9288797379,80.2313537598,64165,64175,10
12.9277601242,80.2311630249,64175,64185,10
12.9267702103,80.2310562134,64185,64195,10
12.9261398315,80.231010437,64195,64205,10
12.9260597229,80.2309875488,64205,64215,10
12.9255599976,80.2309112549,64215,64225,10
12.9248104095,80.2308197021,64225,64234,9
12.9239797592,80.2307128906,64234,64246,12
12.9225597382,80.230506897,64246,64256,10
12.9211997986,80.2303237915,64256,64266,10
12.9198503494,80.2301483154,64266,64276,10
12.9188299179,80.2300186157,64276,64286,10
12.9177398682,80.2298736572,64286,64296,10
12.9164495468,80.2296905518,64296,64306,10
12.9152097702,80.2295074463,64306,64316,10
12.9141397476,80.2293701172,64316,64326,10
12.9134197235,80.229309082,64326,64346,20
12.9134197235,80.229309082,64346,64357,11
12.9134101868,80.2293319702,64357,64367,10
12.9129896164,80.2292404175,64367,64377,10
12.9122600555,80.2291107178,64377,64387,10
12.9112796783,80.2289733887,64387,64397,10
12.9101295471,80.2287979126,64397,64407,10
12.9089097977,80.2285766602,64407,64417,10
12.9077196121,80.2283706665,64417,64427,10
12.9070501328,80.2283096313,64427,64437,10
12.9066495895,80.2282409668,64437,64447,10
12.9062700272,80.2282104492,64447,64457,10
12.9059801102,80.228187561,64457,64468,11
12.9052696228,80.2281417847,64468,64478,10
12.904299736,80.2281036377,64478,64488,10
12.9030895233,80.2280426025,64488,64498,10
12.9019403458,80.2279968262,64498,64508,10
12.9013595581,80.2279968262,64508,64518,10
12.9008903503,80.2279586792,64518,64528,10
12.9004898071,80.2279510498,64528,64538,10
12.9000501633,80.227897644,64538,64548,10
12.8995599747,80.2278900146,64548,64589,41
12.8995599747,80.2278900146,64589,64599,10
12.8993196487,80.2278289795,64599,64609,10
12.8987598419,80.2277908325,64609,64619,10
12.8979597092,80.2277526855,64619,64629,10
12.8969898224,80.2276916504,64629,64639,10
12.8959197998,80.2276382446,64639,64649,10
12.8949203491,80.2276000977,64649,64659,10
12.8937797546,80.2275238037,64659,64668,9
12.8924703598,80.2274093628,64668,64690,22
12.8924703598,80.2274093628,64690,64700,10
12.8923997879,80.2274093628,64700,64710,10
12.8919897079,80.2273788452,64710,64720,10
12.8912296295,80.2273483276,64720,64730,10
12.8902397156,80.2273406982,64730,64740,10
12.88904953,80.2273406982,64740,64750,10
12.8878002167,80.2272720337,64750,64760,10
12.8865299225,80.2270507813,64760,64770,10
12.8853902817,80.2267684937,64770,64780,10
12.8848400116,80.2267227173,64780,64791,11
12.8847799301,80.2267074585,64791,64801,10
12.8843402863,80.2267074585,64801,64811,10
12.8835802078,80.2267074585,64811,64821,10
12.8825902939,80.2267227173,64821,64830,9
12.881529808,80.2267303467,64830,64841,11
12.8802404404,80.2267379761,64841,64851,10
12.8790302277,80.2267303467,64851,64861,10
12.877820015,80.2268371582,64861,64871,10
12.8764400482,80.2269897461,64871,64902,31
12.8764400482,80.2269897461,64902,64912,10
12.8762102127,80.2269821167,64912,64922,10
12.8756103516,80.2269592285,64922,64932,10
12.8747596741,80.2268676758,64932,64942,10
12.8736896515,80.2267379761,64942,64952,10
12.8728103638,80.2267227173,64952,64962,10
12.8726596832,80.2267227173,64962,64972,10
12.8725500107,80.2267303467,64972,64982,10
12.8720397949,80.2267227173,64982,64992,10
12.8712396622,80.2266921997,64992,65003,11
12.8701000214,80.226600647,65003,65013,10
12.8688802719,80.2264480591,65013,65023,10
12.8675403595,80.2264404297,65023,65033,10
12.8661499023,80.226600647,65033,65043,10
12.8647403717,80.226600647,65043,65053,10
12.8634195328,80.2265396118,65053,65063,10
12.8622903824,80.2265777588,65063,65073,10
12.8613100052,80.226600647,65073,65083,10
12.8610296249,80.2265777588,65083,65093,10
12.8607797623,80.2265625,65093,65104,11
12.8600502014,80.2264709473,65104,65114,10
12.8591403961,80.2263412476,65114,65124,10
12.858499527,80.226272583,65124,65134,10
12.8577299118,80.2262573242,65134,65144,10
12.856760025,80.2263412476,65144,65154,10
12.8555698395,80.2264633179,65154,65164,10
12.8543300629,80.2265930176,65164,65174,10
12.8531703949,80.2266998291,65174,65184,10
12.8520402908,80.2266693115,65184,65194,10
12.8510503769,80.2266311646,65194,65204,10
12.850230217,80.2266082764,65204,65215,11
12.850060463,80.2266082764,65215,65225,10
12.8497104645,80.2266082764,65225,65235,10
12.8490104675,80.2265930176,65235,65245,10
12.8480501175,80.226600647,65245,65255,10
12.8468103409,80.2265930176,65255,65265,10
12.8459501266,80.2266082764,65265,65275,10
12.8458900452,80.2266082764,65275,65285,10
12.8454198837,80.2266464233,65285,65305,20
12.8454198837,80.2266464233,65305,65315,10
12.8451700211,80.2266387939,65315,65326,11
12.845000267,80.2266464233,65326,65336,10
12.8444595337,80.2266616821,65336,65346,10
12.8436698914,80.2266998291,65346,65356,10
12.8427295685,80.2268676758,65356,65366,10
12.8416004181,80.2271499634,65366,65376,10
12.8405399323,80.2274398804,65376,65386,10
12.8399496078,80.2275924683,65386,65396,10
12.8397397995,80.2276611328,65396,65406,10
12.8395595551,80.227722168,65406,65416,10
12.8389596939,80.2278900146,65416,65427,11
12.8380002975,80.2281188965,65427,65437,10
12.8368196487,80.2283172607,65437,65447,10
12.8354902267,80.2285308838,65447,65457,10
12.8342103958,80.2287521362,65457,65467,10
12.8331298828,80.2289581299,65467,65477,10
12.8323402405,80.229133606,65477,65487,10
12.8322896957,80.229133606,65487,65497,10
12.8320198059,80.2291793823,65497,65507,10
12.8315896988,80.2292709351,65507,65517,10
12.8313703537,80.2293395996,65517,65527,10
12.8307600021,80.2295227051,65527,65538,11
12.8297700882,80.229888916,65538,65548,10
12.8286399841,80.2304000854,65548,65558,10
12.8274402618,80.231048584,65558,65568,10
12.8262701035,80.2313613892,65568,65578,10
12.8250999451,80.2313995361,65578,65588,10
12.8239202499,80.2311935425,65588,65598,10
12.8227500916,80.2308197021,65598,65608,10
12.821559906,80.2304992676,65608,65618,10
12.8203496933,80.2304611206,65618,65628,10
12.819319725,80.2304992676,65628,65638,10
12.8189401627,80.2304916382,65638,65649,11
12.8186798096,80.2303924561,65649,65659,10
12.8180198669,80.2300491333,65659,65669,10
12.8171100616,80.2296524048,65669,65679,10
12.815990448,80.2294006348,65679,65689,10
12.814789772,80.2292327881,65689,65699,10
12.8135404587,80.2289505005,65699,65709,10
12.8123903275,80.2285614014,65709,65719,10
12.8111400604,80.2281112671,65719,65729,10
12.8098802567,80.2275924683,65729,65738,9
12.8088502884,80.2269897461,65738,65750,12
12.8076496124,80.2259902954,65750,65760,10
12.8067398071,80.2252120972,65760,65770,10
12.8059997559,80.2245483398,65770,65780,10
12.8050403595,80.224029541,65780,65800,20
12.8050403595,80.224029541,65800,65810,10
12.8047800064,80.2239685059,65810,65820,10
12.8047704697,80.2239608765,65820,65830,10
12.8043498993,80.2239227295,65830,65840,10
12.8036203384,80.2238693237,65840,65850,10
12.8026199341,80.223739624,65850,65861,11
12.801440239,80.2236099243,65861,65871,10
12.800860405,80.2235870361,65871,65881,10
12.8002996445,80.2235336304,65881,65891,10
12.7994499207,80.2234573364,65891,65901,10
12.7982902527,80.2232818604,65901,65911,10
12.7970600128,80.2231063843,65911,65921,10
12.7961902618,80.2229614258,65921,65931,10
12.7952804565,80.2228012085,65931,65941,10
12.794090271,80.2226104736,65941,65951,10
12.7927799225,80.2224197388,65951,65962,11
12.7913599014,80.2221069336,65962,65972,10
12.7901697159,80.2218093872,65972,65982,10
12.789440155,80.2215881348,65982,65992,10
12.7888898849,80.2213668823,65992,66002,10
12.7883396149,80.2211380005,66002,66012,10
12.7881202698,80.2210464478,66012,66022,10
12.7879400253,80.2209701538,66022,66032,10
12.7876300812,80.2208633423,66032,66042,10
12.7874403,80.2208023071,66042,66052,10
12.787229538,80.2207183838,66052,66062,10
12.7868404388,80.2205734253,66062,66093,31
12.7868404388,80.2205734253,66093,66103,10
12.7866697311,80.2205276489,66103,66113,10
12.7864398956,80.2204437256,66113,66153,40
12.7864398956,80.2204437256,66153,66163,10
12.7861499786,80.2203216553,66163,66173,10
12.7859201431,80.2202072144,66173,66184,11
12.7856397629,80.2200927734,66184,66194,10
12.7853002548,80.2199172974,66194,66204,10
12.7846298218,80.2195968628,66204,66264,60
12.7846298218,80.2195968628,66264,66273,9
12.7844600677,80.2194671631,66273,66285,12
12.784070015,80.2192687988,66285,66295,10
12.7834396362,80.2189178467,66295,66305,10
12.7826499939,80.2184829712,66305,66315,10
12.7817802429,80.2180023193,66315,66325,10
12.7809095383,80.2175292969,66325,66335,10
12.7800798416,80.2170715332,66335,66345,10
12.7792797089,80.2166366577,66345,66355,10
12.7784700394,80.2162094116,66355,66365,10
12.7776403427,80.2158279419,66365,66375,10
12.7767400742,80.215461731,66375,66385,10
12.7757902145,80.2150726318,66385,66396,11
12.774720192,80.2146377563,66396,66406,10
12.7737598419,80.2142486572,66406,66416,10
12.7728099823,80.2138824463,66416,66426,10
12.7718801498,80.2135314941,66426,66436,10
12.7710399628,80.2132415771,66436,66446,10
12.7707004547,80.2130889893,66446,66456,10
12.7707195282,80.2129821777,66456,66466,10
12.7707595825,80.2128982544,66466,66476,10
12.7708597183,80.2126693726,66476,66485,9
12.7709197998,80.2122879028,66485,66497,12
12.7711200714,80.211479187,66497,66507,10
12.7714395523,80.2108383179,66507,66517,10
12.7718000412,80.2101974487,66517,66527,10
12.7721300125,80.2094573975,66527,66537,10
12.7723903656,80.2086410522,66537,66547,10
12.772600174,80.2079315186,66547,66557,10
12.7728004456,80.2071990967,66557,66567,10
12.7729797363,80.20652771,66567,66577,10
12.7730398178,80.2063369751,66577,66587,10
12.7730903625,80.2061462402,66587,66596,9
12.7732095718,80.2056427002,66596,66608,12
12.7733802795,80.2047271729,66608,66618,10
12.7734699249,80.2037887573,66618,66628,10
12.7736902237,80.20287323,66628,66637,9
12.7737903595,80.2020721436,66637,66648,11
12.773850441,80.201210022,66648,66658,10
12.7739095688,80.2005386353,66658,66668,10
12.7739801407,80.1997375488,66668,66678,10
12.7740602493,80.1988830566,66678,66688,10
12.7741203308,80.1980514526,66688,66698,10
12.7741203308,80.1974029541,66698,66708,10
12.7741699219,80.1968536377,66708,66719,11
12.774189949,80.1963195801,66719,66729,10
12.7742204666,80.1958618164,66729,66739,10
12.7742395401,80.1955184937,66739,66749,10
12.7742395401,80.1954116821,66749,66759,10
12.7743196487,80.1950531006,66759,66769,10
12.7744398117,80.194519043,66769,66779,10
12.7745599747,80.193939209,66779,66789,10
12.7746496201,80.1936035156,66789,66799,10
12.7747297287,80.193359375,66799,66809,10
12.7750902176,80.1928024292,66809,66820,11
12.7753000259,80.1920623779,66820,66830,10
12.775179863,80.1914291382,66830,66840,10
12.7748403549,80.1906890869,66840,66850,10
12.7741804123,80.1899795532,66850,66860,10
12.7733697891,80.1894836426,66860,66870,10
12.7725000381,80.1890869141,66870,66880,10
12.7715997696,80.1887588501,66880,66890,10
12.7710504532,80.1882705688,66890,66900,10
12.7709302902,80.1875762939,66900,66910,10
12.7709302902,80.1872711182,66910,66920,10
12.7708396912,80.1867904663,66920,66931,11
12.770819664,80.1865921021,66931,66941,10
12.7707500458,80.186126709,66941,66951,10
12.7707395554,80.1854476929,66951,66961,10
12.7706403732,80.1847610474,66961,66971,10
12.7702102661,80.1845703125,66971,66981,10
12.769659996,80.1844100952,66981,66991,10
12.7692804337,80.1842269897,66991,67001,10
12.7689199448,80.1840286255,67001,67011,10
12.7685604095,80.1837081909,67011,67021,10
12.7681999207,80.1834182739,67021,67032,11
12.7676496506,80.1832199097,67032,67042,10
12.7671699524,80.1830368042,67042,67052,10
12.7666397095,80.182800293,67052,67062,10
12.7660598755,80.1826477051,67062,67072,10
12.7655000687,80.1825790405,67072,67082,10
12.7648897171,80.182510376,67082,67092,10
12.7642803192,80.1824111938,67092,67102,10
12.7638196945,80.1823577881,67102,67112,10
12.763469696,80.1825637817,67112,67122,10
12.7633104324,80.18309021,67122,67131,9
12.7631797791,80.1834869385,67131,67143,12
12.7631597519,80.1835098267,67143,67153,10
12.7630500793,80.1838302612,67153,67163,10
12.7630195618,80.1842193604,67163,67173,10
12.7630395889,80.1845626831,67173,67183,10
12.763010025,80.1847610474,67183,67193,10
12.7628297806,80.1849975586,67193,67203,10
12.7624797821,80.184928894,67203,67213,10
12.762140274,80.1849136353,67213,67223,10
12.7617197037,80.1848831177,67223,67233,10
12.7614898682,80.1848068237,67233,67244,11
12.7615003586,80.1846313477,67244,68031,787
12.7615003586,80.1846313477,68031,68041,10
12.7615995407,80.1848983765,68041,68051,10
12.7618103027,80.1849212646,68051,68061,10
12.762049675,80.184928894,68061,68071,10
12.762339592,80.1849212646,68071,68081,10
12.7625904083,80.1849594116,68081,68091,10
12.7628803253,80.1849594116,68091,68102,11
12.7629699707,80.1846008301,68102,68112,10
12.7629699707,80.1843032837,68112,68122,10
12.7629404068,80.1840362549,68122,68132,10
12.763010025,80.1837921143,68132,68142,10
12.7630996704,80.1835174561,68142,68152,10
12.7632102966,80.1831588745,68152,68162,10
12.7633304596,80.1827316284,68162,68172,10
12.763589859,80.1823883057,68172,68182,10
12.763999939,80.1824493408,68182,68192,10
12.76445961,80.1825027466,68192,68201,9
12.7649202347,80.1825637817,68201,68213,12
12.76541996,80.1825866699,68213,68223,10
12.76583004,80.1826629639,68223,68233,10
12.7663097382,80.1827392578,68233,68243,10
12.7668104172,80.1829223633,68243,68253,10
12.7673597336,80.1831588745,68253,68263,10
12.7678604126,80.1833267212,68263,68273,10
12.7683496475,80.1835327148,68273,68283,10
12.7686700821,80.183807373,68283,68293,10
12.7690200806,80.1841125488,68293,68303,10
12.7694301605,80.1843109131,68303,68314,11
12.7699298859,80.1845016479,68314,68324,10
12.7704000473,80.1846313477,68324,68334,10
12.7705802917,80.184677124,68334,68344,10
12.7707004547,80.184967041,68344,68354,10
12.7707500458,80.1856613159,68354,68364,10
12.770819664,80.1864089966,68364,68374,10
12.7709102631,80.1870727539,68374,68384,10
12.770939827,80.1873626709,68384,68394,10
12.7709999084,80.187828064,68394,68404,10
12.7711000443,80.1884613037,68404,68414,10
12.7716798782,80.1888427734,68414,68425,11
12.7726697922,80.1891937256,68425,68435,10
12.7737197876,80.1895828247,68435,68445,10
12.7744102478,80.1902008057,68445,68455,10
12.7750196457,80.1909408569,68455,68465,10
12.775270462,80.1917800903,68465,68475,10
12.7753601074,80.1922607422,68475,68485,10
12.7751502991,80.1927566528,68485,68495,10
12.7747497559,80.1933898926,68495,68505,10
12.7746696472,80.1936569214,68505,68515,10
12.7746496201,80.1937408447,68515,68526,11
12.7746200562,80.1938400269,68526,68536,10
12.7745704651,80.1940383911,68536,68546,10
12.7744998932,80.1943969727,68546,68556,10
12.7743396759,80.1951217651,68556,68566,10
12.7742395401,80.1959533691,68566,68576,10
12.774189949,80.196937561,68576,68586,10
12.7741603851,80.1979370117,68586,68596,10
12.7740898132,80.1987762451,68596,68606,10
12.7740001678,80.19972229,68606,68616,10
12.7739095688,80.2006988525,68616,68626,10
12.7738399506,80.2015609741,68626,68637,11
12.7737703323,80.2024765015,68637,68647,10
12.7735595703,80.2034072876,68647,68657,10
12.7734498978,80.2042770386,68657,68667,10
12.7733402252,80.2051010132,68667,68677,10
12.7732696533,80.2054367065,68677,68687,10
12.7732000351,80.2058105469,68687,68697,10
12.7730703354,80.2062988281,68697,68707,10
12.7730197906,80.2064590454,68707,68717,10
12.7728796005,80.2069015503,68717,68727,10
12.7727203369,80.2074966431,68727,68736,9
12.7725496292,80.2081069946,68736,68748,12
12.7722797394,80.2090835571,68748,68758,10
12.7719697952,80.2099609375,68758,68768,10
12.7715301514,80.2107696533,68768,68778,10
12.7711801529,80.211517334,68778,68788,10
12.7709798813,80.2122802734,68788,68798,10
12.770819664,80.212928772,68798,68808,10
12.7708902359,80.2131271362,68808,68818,10
12.7713699341,80.2132873535,68818,68828,10
12.7721099854,80.2135772705,68828,68838,10
12.7728796005,80.2138671875,68838,68849,11
12.773850441,80.2142486572,68849,68859,10
12.774889946,80.2146682739,68859,68869,10
12.7759304047,80.2150802612,68869,68879,10
12.7770900726,80.2155303955,68879,68889,10
12.7783699036,80.2160873413,68889,68899,10
12.7795600891,80.2167282104,68899,68909,10
12.7806301117,80.2173080444,68909,68919,10
12.7817296982,80.2179107666,68919,68929,10
12.7827796936,80.2184829712,68929,68939,10
12.7837200165,80.2190093994,68939,68949,10
12.7846403122,80.2195281982,68949,68960,11
12.7853097916,80.2198791504,68960,68970,10
12.7857599258,80.2200775146,68970,68980,10
12.7861404419,80.2202606201,68980,68990,10
12.7862997055,80.2203369141,68990,69000,10
12.7865495682,80.2204437256,69000,69030,30
12.7866697311,80.2205429077,69030,69061,31
12.7866697311,80.2205429077,69061,69071,10
12.7869596481,80.2206192017,69071,69081,10
12.7873601913,80.2207717896,69081,69091,10
12.7878799438,80.2209701538,69091,69101,10
12.7886199951,80.2212600708,69101,69111,10
12.7893800735,80.2215423584,69111,69121,10
12.7899303436,80.2217178345,69121,69131,10
12.7906599045,80.2219009399,69131,69141,10
12.7915802002,80.2221221924,69141,69151,10
12.7927904129,80.2223892212,69151,69160,9
12.7940196991,80.2225799561,69160,69172,12
12.7954597473,80.2228088379,69172,69182,10
12.7961502075,80.2229003906,69182,69192,10
12.796210289,80.2229232788,69192,69202,10
12.7963399887,80.2229690552,69202,69212,10
12.7968797684,80.2230834961,69212,69222,10
12.7976398468,80.2232131958,69222,69232,10
12.7985496521,80.2233123779,69232,69242,10
12.7996397018,80.2234191895,69242,69252,10
12.8007698059,80.2235031128,69252,69262,10
12.8014097214,80.2235488892,69262,69273,11
12.8014202118,80.2235717773,69273,69283,10
12.8018398285,80.2236480713,69283,69293,10
12.8025999069,80.2237319946,69293,69303,10
12.8032503128,80.2238082886,69303,69313,10
12.8039398193,80.2238616943,69313,69323,10
12.8046503067,80.2239074707,69323,69333,10
12.8051795959,80.224029541,69333,69343,10
12.8052101135,80.2240524292,69343,69353,10
12.8054599762,80.2241287231,69353,69373,20
12.8054599762,80.2241287231,69373,69384,11
12.8057003021,80.2242736816,69384,69394,10
12.8062496185,80.2247161865,69394,69404,10
12.8069400787,80.2253265381,69404,69414,10
12.8077602386,80.2260284424,69414,69424,10
12.8087396622,80.226852417,69424,69434,10
12.8096904755,80.2274627686,69434,69444,10
12.8106298447,80.2278671265,69444,69454,10
12.811829567,80.2283325195,69454,69464,10
12.8131399155,80.2287979126,69464,69474,10
12.8145599365,80.2291793823,69474,69484,10
12.8160495758,80.2293930054,69484,69495,11
12.8175096512,80.2297668457,69495,69505,10
12.8185901642,80.2302703857,69505,69515,10
12.8195495605,80.2304229736,69515,69525,10
12.8197402954,80.2304077148,69525,69535,10
12.8199501038,80.2303924561,69535,69545,10
12.8200502396,80.2303924561,69545,69555,10
12.8203897476,80.2303771973,69555,69565,10
12.8212404251,80.2303771973,69565,69575,10
12.822259903,80.2305679321,69575,69585,10
12.8232898712,80.2309112549,69585,69596,11
12.824549675,80.2312316895,69596,69606,10
12.825750351,80.2313232422,69606,69616,10
12.8270101547,80.2311706543,69616,69626,10
12.8281803131,80.2305603027,69626,69636,10
12.8293304443,80.2299728394,69636,69646,10
12.8309001923,80.2293624878,69646,69676,30
12.8309001923,80.2293624878,69676,69686,10
12.8309803009,80.2293624878,69686,69696,10
12.8314399719,80.2291870117,69696,69707,11
12.8321800232,80.2290115356,69707,69717,10
12.8331403732,80.2288589478,69717,69727,10
12.8343601227,80.2286529541,69727,69737,10
12.8357000351,80.2284393311,69737,69747,10
12.8370304108,80.2282409668,69747,69757,10
12.8381700516,80.2280197144,69757,69767,10
12.8388795853,80.2278366089,69767,69777,10
12.8390798569,80.2277908325,69777,69868,91
12.8394298553,80.2276992798,69868,69908,40
12.8394298553,80.2276992798,69908,69919,11
12.8395996094,80.2276763916,69919,69929,10
12.8401203156,80.2275085449,69929,69939,10
12.8409700394,80.2272720337,69939,69949,10
12.8420600891,80.2269973755,69949,69959,10
12.8433303833,80.2267608643,69959,69969,10
12.8446102142,80.2265930176,69969,69979,10
12.8452701569,80.2265319824,69979,69999,20
12.8452701569,80.2265319824,69999,70009,10
12.8453798294,80.2265167236,70009,70020,11
12.8458499908,80.2265167236,70020,70030,10
12.8465204239,80.2265167236,70030,70040,10
12.8474702835,80.2265090942,70040,70050,10
12.8486404419,80.2265014648,70050,70060,10
12.8499097824,80.2264709473,70060,70120,60
12.8499097824,80.2264709473,70120,70131,11
12.8502597809,80.2264709473,70131,70141,10
12.8507299423,80.2264862061,70141,70151,10
12.8513002396,80.2265014648,70151,70161,10
12.8518199921,80.2265625,70161,70171,10
12.8524398804,80.2266235352,70171,70181,10
12.8530502319,80.2266235352,70181,70191,10
12.8536100388,80.2265701294,70191,70201,10
12.8542299271,80.2265014648,70201,70211,10
12.8548002243,80.2264404297,70211,70221,10
12.8552999496,80.2263793945,70221,70231,10
12.8557395935,80.226348877,70231,70242,11
12.8561697006,80.2263031006,70242,70252,10
12.8565702438,80.2262573242,70252,70262,10
12.8569698334,80.2262191772,70262,70272,10
12.8573303223,80.2261886597,70272,70282,10
12.8577604294,80.2261734009,70282,70363,81
12.8577604294,80.2261734009,70363,70373,10
12.8580904007,80.2261962891,70373,70383,10
12.8586902618,80.2262420654,70383,70393,10
12.8595399857,80.2263412476,70393,70403,10
12.8604097366,80.2264633179,70403,70413,10
12.8606901169,80.2264862061,70413,70423,10
12.8608903885,80.2265167236,70423,70433,10
12.8614501953,80.2265167236,70433,70442,9
12.8621902466,80.2264785767,70442,70454,12
12.863409996,80.2264480591,70454,70464,10
12.8646602631,80.2265167236,70464,70474,10
12.8660402298,80.2265167236,70474,70484,10
12.8675003052,80.2263870239,70484,70494,10
12.8690099716,80.2263793945,70494,70504,10
12.8705101013,80.2265167236,70504,70514,10
12.8718395233,80.2265777588,70514,70524,10
12.8729400635,80.226600647,70524,70544,20
12.8729400635,80.226600647,70544,70554,10
12.8731899261,80.226600647,70554,70565,11
12.8738803864,80.2266464233,70565,70575,10
12.8747196198,80.2267608643,70575,70585,10
12.8757095337,80.2268676758,70585,70595,10
12.8764801025,80.2268371582,70595,70605,10
12.8766803741,80.2268218994,70605,70615,10
12.8767204285,80.2268218994,70615,70625,10
12.8770799637,80.2267990112,70625,70635,10
12.8777799606,80.2267379761,70635,70645,10
12.8787097931,80.2266921997,70645,70655,10
12.8798599243,80.2266387939,70655,70666,11
12.8811798096,80.2266311646,70666,70676,10
12.8824195862,80.2266311646,70676,70686,10
12.8836202621,80.2266082764,70686,70696,10
12.8846197128,80.2265930176,70696,70706,10
12.8851604462,80.2266235352,70706,70716,10
12.8851995468,80.2266387939,70716,70726,10
12.8856296539,80.2267227173,70726,70736,10
12.8863401413,80.2269210815,70736,70746,10
12.8872098923,80.2271194458,70746,70756,10
12.8882303238,80.2272567749,70756,70766,10
12.8894701004,80.2272872925,70766,70777,11
12.8908596039,80.2272796631,70777,70787,10
12.8920097351,80.2272567749,70787,70807,20
12.8920097351,80.2272567749,70807,70817,10
12.8923902512,80.2272796631,70817,70827,10
12.8930196762,80.2273635864,70827,70837,10
12.8937702179,80.2274627686,70837,70847,10
12.8945703506,80.2275466919,70847,70857,10
12.8955698013,80.2275924683,70857,70867,10
12.8966703415,80.2276382446,70867,70878,11
12.8978700638,80.2277069092,70878,70888,10
12.8988399506,80.2277603149,70888,70898,10
12.899720192,80.2278137207,70898,70908,10
12.900560379,80.2278213501,70908,70948,40
12.900560379,80.2278213501,70948,70958,10
12.9008102417,80.2278366089,70958,70968,10
12.9012203217,80.2278823853,70968,70978,10
12.9017496109,80.2279281616,70978,70989,11
12.9026403427,80.2279586792,70989,71009,20
12.9027500153,80.2279586792,71009,71029,20
12.9027500153,80.2279586792,71029,71039,10
12.9030303955,80.2279434204,71039,71049,10
12.9036397934,80.2279968262,71049,71059,10
12.9043502808,80.2280502319,71059,71069,10
12.9052095413,80.2281112671,71069,71079,10
12.9061002731,80.2281570435,71079,71110,31
12.9061002731,80.2281570435,71110,71120,10
12.9062099457,80.2281494141,71120,71130,10
12.9065303802,80.228187561,71130,71140,10
12.9070396423,80.2282409668,71140,71150,10
12.9078798294,80.2283706665,71150,71160,10
12.9089899063,80.228553772,71160,71170,10
12.9101495743,80.2287368774,71170,71180,10
12.911359787,80.2289199829,71180,71190,10
12.9124298096,80.2290725708,71190,71201,11
12.9133300781,80.2291717529,71201,71211,10
12.9137096405,80.2292098999,71211,71221,10
12.9137001038,80.2292098999,71221,71231,10
12.9138698578,80.2292404175,71231,71241,10
12.9143600464,80.2293014526,71241,71251,10
12.9151201248,80.2294235229,71251,71261,10
12.9160404205,80.2295608521,71261,71271,10
12.9169797897,80.2296981812,71271,71281,10
12.918009758,80.2298583984,71281,71291,10
12.9189796448,80.2299880981,71291,71301,10
12.9200401306,80.2301177979,71301,71312,11
12.9210395813,80.23021698,71312,71322,10
12.9221096039,80.2303695679,71322,71332,10
12.9233102798,80.2305603027,71332,71342,10
12.9244604111,80.2306976318,71342,71352,10
12.925450325,80.2308273315,71352,71362,10
12.9262304306,80.2309036255,71362,71372,10
12.9263601303,80.2309188843,71372,71382,10
12.9268598557,80.2309799194,71382,71392,10
12.9276504517,80.231086731,71392,71402,10
12.9286699295,80.2312393188,71402,71413,11
12.929889679,80.2314910889,71413,71423,10
12.9310302734,80.2317962646,71423,71433,10
12.9321899414,80.232170105,71433,71443,10
12.9330501556,80.2324676514,71443,71453,10
12.9334697723,80.2326431274,71453,71463,10
12.9335002899,80.2326583862,71463,71473,10
12.9338798523,80.2328567505,71473,71483,10
12.9346399307,80.2332077026,71483,71493,10
12.935500145,80.2335968018,71493,71503,10
12.9364900589,80.2340621948,71503,71513,10
12.9374103546,80.2344970703,71513,71524,11
12.9384498596,80.2349777222,71524,71534,10
12.9391403198,80.2353286743,71534,71544,10
12.9394598007,80.2354888916,71544,71554,10
12.939499855,80.2355270386,71554,71564,10
12.9396400452,80.2356033325,71564,71574,10
12.9398803711,80.2357025146,71574,71584,10
12.940580368,80.2359390259,71584,71594,10
12.9414701462,80.2361602783,71594,71604,10
12.9424200058,80.2364196777,71604,71613,9
12.9432401657,80.2369232178,71613,71625,12
12.9442396164,80.2379837036,71625,71635,10
12.9450798035,80.2388687134,71635,71645,10
12.9459896088,80.239440918,71645,71655,10
12.9467897415,80.2397537231,71655,71665,10
12.9469900131,80.2398300171,71665,71675,10
12.9472503662,80.2399368286,71675,71685,10
12.9478702545,80.240196228,71685,71695,10
12.948559761,80.2404785156,71695,71705,10
12.9492902756,80.2407684326,71705,71715,10
12.9500799179,80.2410125732,71715,71725,10
12.9508304596,80.2412567139,71725,71736,11
12.9510097504,80.241317749,71736,71746,10
12.9513397217,80.2414627075,71746,71756,10
12.9519300461,80.2416915894,71756,71766,10
12.952750206,80.2419967651,71766,71776,10
12.9536800385,80.2423706055,71776,71786,10
12.9545001984,80.24269104,71786,71796,10
12.9551296234,80.2429428101,71796,71806,10
12.9559698105,80.2432403564,71806,71836,30
12.9559698105,80.2432403564,71836,71847,11
12.9560804367,80.2432785034,71847,71857,10
12.9562597275,80.243347168,71857,71867,10
12.9565000534,80.2434387207,71867,71877,10
12.9571399689,80.2437133789,71877,71887,10
12.9579496384,80.2440414429,71887,71897,10
12.9585399628,80.2442703247,71897,71907,10
12.9587097168,80.2443466187,71907,71917,10
12.9589099884,80.2444229126,71917,71927,10
12.9593200684,80.2446289063,71927,71937,10
12.9600200653,80.2449493408,71937,71948,11
12.9609603882,80.2453765869,71948,71958,10
12.9618997574,80.24584198,71958,71968,10
12.9625797272,80.2461700439,71968,71978,10
12.9631204605,80.2464599609,71978,71988,10
12.9636001587,80.2466964722,71988,71998,10
12.9637804031,80.2467727661,71998,72008,10
12.9641799927,80.2469177246,72008,72018,10
12.9648504257,80.2471618652,72018,72028,10
12.9656600952,80.2474136353,72028,72038,10
12.9662399292,80.2476501465,72038,72047,9
12.9664297104,80.2477264404,72047,72059,12
12.9666099548,80.2478637695,72059,72069,10
12.9670696259,80.2480773926,72069,72079,10
12.9678001404,80.2484130859,72079,72089,10
12.9687299728,80.2487869263,72089,72099,10
12.9697599411,80.2491912842,72099,72109,10
12.9707603455,80.2495574951,72109,72119,10
12.9718599319,80.2498626709,72119,72129,10
12.9730100632,80.2501678467,72129,72139,10
12.9741201401,80.2504730225,72139,72149,10
12.9752397537,80.250793457,72149,72160,11
12.9764404297,80.2511291504,72160,72170,10
12.9775800705,80.2516326904,72170,72180,10
12.9783601761,80.2522277832,72180,72190,10
12.9786100388,80.2523574829,72190,72200,10
12.9789800644,80.2525024414,72200,72210,10
12.9797201157,80.2526016235,72210,72220,10
12.9805698395,80.2526321411,72220,72230,10
12.9815502167,80.252571106,72230,72240,10
12.9826097488,80.2525405884,72240,72250,10
12.9836196899,80.2524108887,72250,72260,10
12.9845895767,80.2521514893,72260,72271,11
12.9855604172,80.2518768311,72271,72281,10
12.986240387,80.2517089844,72281,72291,10
12.9867801666,80.2515563965,72291,72331,40
12.9867801666,80.2515563965,72331,72341,10
12.9870300293,80.2514801025,72341,72351,10
12.9874200821,80.2513809204,72351,72361,10
12.9878396988,80.251411438,72361,72372,11
12.987950325,80.2518463135,72372,72382,10
12.9879703522,80.2524795532,72382,72392,10
12.9878797531,80.2532806396,72392,72402,10
12.9878101349,80.25415802,72402,72412,10
12.987739563,80.2550125122,72412,72684,272
12.987739563,80.2550125122,72684,72695,11
12.9877700806,80.2552566528,72695,72705,10
12.9877195358,80.2557296753,72705,72725,20
12.9877195358,80.2557296753,72725,72735,10
12.9879798889,80.2557830811,72735,72745,10
12.9881401062,80.2557983398,72745,72755,10
12.9881801605,80.2557983398,72755,72765,10
12.9883003235,80.255821228,72765,72775,10
12.988530159,80.2558670044,72775,72785,10
12.9887800217,80.2558822632,72785,72795,10
12.9890203476,80.2559204102,72795,72806,11
12.9894800186,80.2559127808,72806,72816,10
12.9899997711,80.2559585571,72816,72826,10
12.9904003143,80.2559432983,72826,72836,10
12.9910001755,80.2559585571,72836,72846,10
12.9918298721,80.2560195923,72846,72856,10
12.9927597046,80.2559967041,72856,72866,10
12.9935998917,80.2559432983,72866,72876,10
12.9942302704,80.2559127808,72876,72886,10
12.9947795868,80.255859375,72886,72896,10
12.9953203201,80.255821228,72896,72947,51
12.9953203201,80.255821228,72947,72957,10
12.9957704544,80.2558517456,72957,72967,10
12.996219635,80.2558364868,72967,72977,10
12.9966201782,80.2557983398,72977,72987,10
12.9969902039,80.2557983398,72987,72997,10
12.9974298477,80.2558288574,72997,73018,21
12.9974298477,80.2558288574,73018,73028,10
12.997590065,80.2558898926,73028,73038,10
12.9976596832,80.256072998,73038,73048,10
12.9976797104,80.2563323975,73048,73058,10
12.998000145,80.2564620972,73058,73472,414
12.998000145,80.2564620972,73472,73482,10
12.9981098175,80.2566223145,73482,73492,10
12.9982299805,80.2569198608,73492,74067,575
12.998290062,80.2569503784,74067,74542,475
12.9982700348,80.2569580078,74542,75803,1261
12.9984197617,80.2571334839,75803,76480,677
