12.9866600037,80.2593231201,20,2810,2790
12.9864902496,80.2592086792,2810,3376,566
12.9864902496,80.2592086792,3376,3386,10
12.9866895676,80.2592086792,3386,4548,1162
12.986579895,80.2592697144,4548,4871,323
12.986749649,80.2592697144,4871,6104,1233
12.9866399765,80.2592468262,6104,6437,333
12.9866695404,80.2592315674,6437,6498,61
12.9866695404,80.2592163086,6498,6801,303
12.9866104126,80.2592468262,6801,12540,5739
12.9866104126,80.2592468262,12540,12551,11
12.9867801666,80.2589797974,12551,12562,11
12.9866695404,80.2587280273,12562,12581,19
12.9866104126,80.2587280273,12581,13704,1123
12.9866104126,80.2587280273,13704,13714,10
12.9866895676,80.2589187622,13714,18093,4379
12.9866895676,80.2589187622,18093,18103,10
12.9869804382,80.2591400146,18103,18113,10
12.9872903824,80.2591629028,18113,18153,40
12.9872903824,80.2591629028,18153,18163,10
12.9873895645,80.258972168,18163,18174,11
12.9874000549,80.2589111328,18174,18184,10
12.9874095917,80.2585372925,18184,18194,10
12.9874401093,80.2581100464,18194,18204,10
12.9874601364,80.2576217651,18204,18214,10
12.9875297546,80.2568511963,18214,18224,10
12.9875802994,80.2560577393,18224,18234,10
12.9876804352,80.255531311,18234,18244,10
12.987739563,80.2547683716,18244,18254,10
12.9878396988,80.2537612915,18254,18264,10
12.9879398346,80.2526397705,18264,18275,11
12.9877996445,80.2516784668,18275,18285,10
12.9871397018,80.2516326904,18285,18295,10
12.9863195419,80.2518234253,18295,18305,10
12.9852600098,80.2520980835,18305,18315,10
12.9840497971,80.2524337769,18315,18325,10
12.98279953,80.2526473999,18325,18335,10
12.9815397263,80.2526779175,18335,18345,10
12.9804897308,80.2527236938,18345,18355,10
12.9798898697,80.2526168823,18355,18372,17
12.9799003601,80.2524032593,18372,18384,12
12.9799995422,80.2519836426,18384,18394,10
12.9802103043,80.2513427734,18394,18403,9
12.9804096222,80.2506866455,18403,18413,10
12.980629921,80.2497787476,18413,18424,11
12.9807500839,80.2487869263,18424,18434,10
12.9808301926,80.2475204468,18434,18444,10
12.9809303284,80.2463912964,18444,18454,10
12.9810600281,80.245262146,18454,18465,11
12.9811697006,80.2441101074,18465,18474,9
12.981300354,80.2436294556,18474,18485,11
12.9813604355,80.2429580688,18485,18515,30
12.9813604355,80.2429580688,18515,18525,10
12.9814100266,80.2425613403,18525,18535,10
12.9813804626,80.2418899536,18535,18545,10
12.9813804626,80.2410888672,18545,18556,11
12.9813699722,80.2400970459,18556,18566,10
12.9813404083,80.2392501831,18566,18576,10
12.9813203812,80.2383880615,18576,18586,10
12.981300354,80.2379837036,18586,18596,10
12.981300354,80.2379379272,18596,18606,10
12.9812898636,80.2375564575,18606,18616,10
12.9812602997,80.2368469238,18616,18626,10
12.9812402725,80.2359466553,18626,18636,10
12.9812202454,80.2350082397,18636,18646,10
12.9813203812,80.2340316772,18646,18657,11
12.9816398621,80.2333602905,18657,18667,10
12.9816503525,80.2333526611,18667,18677,10
12.9818201065,80.2330093384,18677,18687,10
12.9820203781,80.232421875,18687,18697,10
12.982000351,80.2318572998,18697,18707,10
12.9819297791,80.231262207,18707,18717,10
12.9817495346,80.2307891846,18717,18727,10
12.9812602997,80.2299804688,18727,18737,10
12.980890274,80.2293701172,18737,18748,11
12.9806604385,80.2290115356,18748,18758,10
12.980629921,80.2289581299,18758,18768,10
12.9805698395,80.2288131714,18768,18778,10
12.980340004,80.2283706665,18778,18788,10
12.9801197052,80.2279586792,18788,18798,10
12.9797201157,80.2273178101,18798,18808,10
12.9792499542,80.2265625,18808,18818,10
12.9787397385,80.2257080078,18818,18828,10
12.9782304764,80.224861145,18828,18838,10
12.977809906,80.2242889404,18838,18849,11
12.977399826,80.2236175537,18849,18859,10
12.9770298004,80.2230072021,18859,18868,9
12.9769897461,80.2227478027,18868,18878,10
12.9771203995,80.2227172852,18878,18889,11
12.9772996902,80.2227096558,18889,18899,10
12.977519989,80.2224273682,18899,18909,10
12.9774999619,80.2218399048,18909,18919,10
12.9774703979,80.2213897705,18919,18929,10
12.9775695801,80.2212295532,18929,18940,11
12.9780797958,80.2212219238,18940,18950,10
12.9788599014,80.2211608887,18950,18960,10
12.9796495438,80.2211074829,18960,18970,10
12.9804601669,80.2210388184,18970,18980,10
12.9812803268,80.2211380005,18980,18990,10
12.9819602966,80.2215805054,18990,19000,10
12.9826498032,80.2218475342,19000,19010,10
12.9829702377,80.2219619751,19010,19020,10
12.9830799103,80.2220230103,19020,19030,10
12.9832601547,80.2221298218,19030,19041,11
12.9836797714,80.222442627,19041,19051,10
12.9842596054,80.2227630615,19051,19061,10
12.9846801758,80.2230224609,19061,19071,10
12.9851503372,80.2232437134,19071,19081,10
12.9856004715,80.2231216431,19081,19091,10
12.9863004684,80.2229766846,19091,19101,10
12.9865198135,80.2229690552,19101,19111,10
12.9865703583,80.2229614258,19111,19121,10
12.986989975,80.2230377197,19121,19132,11
12.987739563,80.2230606079,19132,19142,10
12.9884195328,80.2225875854,19142,19152,10
12.9890499115,80.2219161987,19152,19162,10
12.9896497726,80.2211685181,19162,19172,10
12.9903202057,80.2204818726,19172,19182,10
12.9905996323,80.2202606201,19182,19192,10
12.9907197952,80.2201690674,19192,19202,10
12.9910898209,80.2198791504,19202,19212,10
12.9916601181,80.2194366455,19212,19222,10
12.9923496246,80.2189483643,19222,19233,11
12.9932203293,80.2183227539,19233,19243,10
12.9940595627,80.2177200317,19243,19253,10
12.99477005,80.2172012329,19253,19263,10
12.9954299927,80.2167816162,19263,19272,9
12.9961595535,80.2165985107,19272,19283,11
12.9969396591,80.2164764404,19283,19293,10
12.9974498749,80.2161712646,19293,19313,20
12.9974498749,80.2161712646,19313,19323,10
12.9976196289,80.2160415649,19323,19334,11
12.9980401993,80.2156829834,19334,19344,10
12.9984998703,80.2152633667,19344,19354,10
12.9989795685,80.2148590088,19354,19364,10
12.9992599487,80.214630127,19364,19374,10
12.9997301102,80.2142333984,19374,19384,10
13.0000696182,80.2139434814,19384,19394,10
13.0007600784,80.2133102417,19394,19404,10
13.0014896393,80.2127380371,19404,19414,10
13.0022201538,80.212272644,19414,19425,11
13.0029697418,80.2120819092,19425,19435,10
13.0037298203,80.2120132446,19435,19445,10
13.0044002533,80.2121810913,19445,19455,10
13.0051202774,80.2125778198,19455,19465,10
13.0059700012,80.2129364014,19465,19475,10
13.0068397522,80.2127380371,19475,19485,10
13.0078802109,80.2130737305,19485,19505,20
13.0078802109,80.2130737305,19505,19515,10
13.0079498291,80.213142395,19515,19526,11
13.0084695816,80.2133712769,19526,19536,10
13.0089597702,80.2139587402,19536,19546,10
13.0094900131,80.2147064209,19546,19556,10
13.0099496841,80.2153015137,19556,19566,10
13.0105695724,80.2159729004,19566,19576,10
13.0108699799,80.2168426514,19576,19586,10
13.0112400055,80.2177200317,19586,19596,10
13.011639595,80.218711853,19596,19606,10
13.0119895935,80.2197418213,19606,19617,11
13.0123195648,80.2207565308,19617,19628,11
13.0124397278,80.2214431763,19628,19638,10
13.0127096176,80.2218780518,19638,19648,10
13.0130195618,80.2223129272,19648,19658,10
13.0134401321,80.2228164673,19658,19668,10
13.0138301849,80.2232437134,19668,19678,10
13.0145397186,80.2241592407,19678,19688,10
13.0145397186,80.2241592407,19688,19698,10
13.0155296326,80.2250213623,19698,19719,21
13.0155296326,80.2250213623,19719,19729,10
13.0156497955,80.2250213623,19729,19739,10
13.015879631,80.2251968384,19739,19749,10
13.0162096024,80.2252883911,19749,19760,11
13.01679039,80.2251968384,19760,19770,10
13.017539978,80.2248916626,19770,19780,10
13.0185699463,80.2244796753,19780,19790,10
13.0197200775,80.2245101929,19790,19811,21
13.0215997696,80.2258682251,19811,19821,10
13.0220003128,80.2261428833,19821,19831,10
13.0220403671,80.2261810303,19831,19841,10
13.0224199295,80.2265167236,19841,19851,10
13.0230503082,80.2270965576,19851,19861,10
13.0237903595,80.2278137207,19861,19871,10
13.024430275,80.2285308838,19871,19881,10
13.0249996185,80.2293395996,19881,19891,10
13.0256500244,80.23021698,19891,19902,11
13.0260601044,80.2312011719,19902,19912,10
13.0265197754,80.2312774658,19912,19922,10
13.027299881,80.231086731,19922,19932,10
13.0280199051,80.2309570313,19932,19942,10
13.0283298492,80.2309036255,19942,19952,10
13.0285396576,80.2308807373,19952,19962,10
13.0291404724,80.2308425903,19962,19972,10
13.0295600891,80.230796814,19972,19982,10
13.0303602219,80.2307434082,19982,19992,10
13.0309801102,80.2306900024,19992,20003,11
13.0313901901,80.2306518555,20003,20013,10
13.0319404602,80.2306213379,20013,20023,10
13.0326004028,80.2305603027,20023,20033,10
13.0332403183,80.2305221558,20033,20043,10
13.0338602066,80.2304763794,20043,20053,10
13.0340995789,80.23046875,20053,20063,10
13.0342302322,80.23046875,20063,20073,10
13.0346899033,80.2303390503,20073,20093,20
13.0346899033,80.2303390503,20093,20104,11
13.0348701477,80.2302703857,20104,20114,10
13.0351200104,80.2302017212,20114,20124,10
13.0349798203,80.2303619385,20124,20134,10
13.034620285,80.2303619385,20134,20144,10
13.0342597961,80.2304382324,20144,20154,10
13.0339603424,80.2304763794,20154,20164,10
13.0335702896,80.2304992676,20164,20174,10
13.0330400467,80.2305603027,20174,21094,920
13.0330400467,80.2305603027,21094,21104,10
13.0331201553,80.2303695679,21104,22620,1516
13.0331201553,80.2303695679,22620,22630,10
13.0328598022,80.2304382324,22630,22640,10
13.0323600769,80.230506897,22640,22650,10
13.03166008,80.2305908203,22650,22660,10
13.030960083,80.2306671143,22660,22669,9
13.0304098129,80.2307281494,22669,22680,11
13.0300197601,80.2307662964,22680,22690,10
13.0298099518,80.2307891846,22690,22700,10
13.0295801163,80.2308273315,22700,22711,11
13.028960228,80.2308807373,22711,22721,10
13.0284795761,80.2309417725,22721,22731,10
13.0280895233,80.2309875488,22731,22741,10
13.0277700424,80.2310333252,22741,22751,10
13.027680397,80.231338501,22751,22761,10
13.027759552,80.231842041,22761,22771,10
13.0278501511,80.2323379517,22771,22790,19
13.027299881,80.2329101563,22790,22802,12
13.0269002914,80.2329711914,22802,22842,40
13.0269002914,80.2329711914,22842,22852,10
13.026720047,80.232963562,22852,22863,11
13.0263795853,80.2329101563,22863,22873,10
13.0261602402,80.2322769165,22873,22882,9
13.0259599686,80.2314834595,22882,22892,10
13.0256795883,80.2305297852,22892,22904,12
13.0249300003,80.2294235229,22904,22914,10
13.0244598389,80.2288208008,22914,22924,10
13.0242595673,80.2285614014,22924,22934,10
13.0238599777,80.2280426025,22934,22944,10
13.0234003067,80.2275924683,22944,22954,10
13.0230102539,80.2274017334,22954,22964,10
13.0229301453,80.2273406982,22964,22974,10
13.0227098465,80.227180481,22974,22984,10
13.0223903656,80.2267303467,22984,22994,10
13.0217599869,80.2261810303,22994,23005,11
13.0209102631,80.2255096436,23005,23015,10
13.0201301575,80.2249526978,23015,23025,10
13.0193004608,80.2244873047,23025,23035,10
13.018289566,80.2246932983,23035,23045,10
13.0172700882,80.2251205444,23045,23055,10
13.0165300369,80.2254333496,23055,23065,10
13.0154895782,80.2257995605,23065,23075,10
13.0147800446,80.2261123657,23075,23085,10
13.0143699646,80.226272583,23085,23096,11
13.0141401291,80.226348877,23096,23106,10
13.0135402679,80.2265777588,23106,23116,10
13.0127096176,80.2268981934,23116,23126,10
13.0116996765,80.2272720337,23126,23136,10
13.0106201172,80.2276992798,23136,23146,10
13.0096597672,80.227897644,23146,23156,10
13.0096797943,80.2272262573,23156,23166,10
13.0100803375,80.2263793945,23166,23176,10
13.0104799271,80.225479126,23176,23186,10
13.0108804703,80.2245407104,23186,23197,11
13.0112600327,80.2235870361,23197,23207,10
13.0116100311,80.22265625,23207,23217,10
13.0119600296,80.2216796875,23217,23227,10
13.0120801926,80.2208404541,23227,23237,10
13.0118398666,80.2200012207,23237,23247,10
13.0115203857,80.2190475464,23247,23257,10
13.0111999512,80.2181167603,23257,23267,10
13.010840416,80.2172698975,23267,23277,10
13.0102396011,80.2161102295,23277,23287,10
13.0102396011,80.2161102295,23287,23298,11
13.0099096298,80.2153930664,23298,23308,10
13.009519577,80.2148132324,23308,23318,10
13.0090904236,80.2142333984,23318,23328,10
13.0086297989,80.2136306763,23328,23338,10
13.0082902908,80.2133712769,23338,23348,10
13.008190155,80.2133178711,23348,23360,12
13.0081195831,80.2133026123,23360,23370,10
13.0078897476,80.2131500244,23370,23380,10
13.0075302124,80.2128829956,23380,23391,11
13.0069303513,80.2127685547,23391,23401,10
13.0062503815,80.2128295898,23401,23411,10
13.0056495667,80.2129211426,23411,23421,10
13.004989624,80.2125091553,23421,23431,10
13.0042695999,80.2121810913,23431,23442,11
13.0037002563,80.2118606567,23442,23452,10
13.0036201477,80.2111129761,23452,23462,10
13.0034999847,80.2102890015,23462,23472,10
13.0034999847,80.209602356,23472,23482,10
13.0033502579,80.2092590332,23482,23493,11
13.002869606,80.2089996338,23493,23503,10
13.0022001266,80.2086486816,23503,23513,10
13.0016098022,80.2083435059,23513,23523,10
13.0008802414,80.2079620361,23523,23533,10
13.0003099442,80.2077789307,23533,23543,10
12.9996595383,80.2076721191,23543,23553,10
12.9990701675,80.2075576782,23553,23563,10
12.9987602234,80.2074813843,23563,23573,10
12.9984397888,80.2074584961,23573,23584,11
12.9983501434,80.207862854,23584,23594,10
12.998290062,80.208366394,23594,23604,10
12.9982204437,80.2088623047,23604,23614,10
12.9980802536,80.2092132568,23614,23624,10
12.9978399277,80.2094573975,23624,23634,10
12.9977302551,80.2096633911,23634,23644,10
12.9975204468,80.2101364136,23644,23654,10
12.9973602295,80.2104568481,23654,23664,10
12.9971904755,80.2104415894,23664,23675,11
12.9971504211,80.2104415894,23675,23685,10
12.9968099594,80.2104110718,23685,23695,10
12.9962596893,80.2103424072,23695,23705,10
12.9957103729,80.2102890015,23705,23715,10
12.9954204559,80.2102584839,23715,23725,10
12.9952201843,80.2102432251,23725,23735,10
12.9947299957,80.2101898193,23735,23745,10
12.99421978,80.2101364136,23745,23755,10
12.9938602448,80.2101211548,23755,23765,10
12.9938201904,80.2101135254,23765,23776,11
12.9936599731,80.2101364136,23776,23786,10
12.9935798645,80.210357666,23786,23796,10
12.9934396744,80.2109298706,23796,23806,10
12.993229866,80.2117004395,23806,23816,10
12.9931097031,80.212272644,23816,23826,10
12.9931001663,80.2124481201,23826,23836,10
12.9929800034,80.2128982544,23836,23846,10
12.9927797318,80.2129821777,23846,23856,10
12.9922504425,80.2128372192,23856,23867,11
12.9917097092,80.2126998901,23867,23877,10
12.9916496277,80.2126693726,23877,23887,10
12.9913396835,80.2127304077,23887,23897,10
12.9911804199,80.2133102417,23897,23907,10
12.9910001755,80.2139587402,23907,23917,10
12.9906396866,80.2146224976,23917,23927,10
12.9899702072,80.21484375,23927,23937,10
12.9893503189,80.2146911621,23937,23947,10
12.9891004562,80.2149276733,23947,23957,10
12.9886798859,80.2155609131,23957,23968,11
12.9881095886,80.2164077759,23968,23978,10
12.9877700806,80.2173614502,23978,23988,10
12.9875297546,80.2180862427,23988,23998,10
12.9874696732,80.2182922363,23998,24008,10
12.9872503281,80.2183837891,24008,24028,20
12.9872503281,80.2183837891,24028,24038,10
12.9870300293,80.2182998657,24038,24048,10
12.9864597321,80.2181625366,24048,24059,11
12.9855098724,80.2179718018,24059,24069,10
12.9845600128,80.217956543,24069,24079,10
12.9836502075,80.2179718018,24079,24089,10
12.9826602936,80.217956543,24089,24099,10
12.9816799164,80.2180023193,24099,24109,10
12.9807300568,80.2182617188,24109,24119,10
12.9799203873,80.2185592651,24119,24129,10
12.9791698456,80.2188491821,24129,24139,10
12.9786701202,80.2190475464,24139,24149,10
12.9779701233,80.2193222046,24149,24160,11
12.9769601822,80.2197113037,24160,24170,10
12.9760704041,80.220123291,24170,24180,10
12.9755897522,80.2207717896,24180,25029,849
12.9755897522,80.2207717896,25029,25039,10
12.9758996964,80.2211608887,25039,25049,10
12.9762601852,80.2216567993,25049,25059,10
12.9766998291,80.2223205566,25059,25069,10
12.9771203995,80.2227478027,25069,25079,10
12.9775400162,80.2226333618,25079,25089,10
12.9775295258,80.2220611572,25089,25099,10
12.9774703979,80.2212600708,25099,25120,21
12.9774703979,80.2212600708,25120,25130,10
12.9773197174,80.2211685181,25130,25140,10
12.9767999649,80.2212219238,25140,25150,10
12.9762496948,80.2212371826,25150,25160,10
12.975859642,80.2211837769,25160,25176,16
12.9754400253,80.2205734253,25176,25188,12
12.9759302139,80.2201690674,25188,25196,8
12.9764795303,80.2199020386,25196,25208,12
12.9774999619,80.2194900513,25208,25218,10
12.9783296585,80.2191162109,25218,25229,11
12.9788999557,80.2189025879,25229,25239,10
12.979590416,80.2186203003,25239,25249,10
12.9803600311,80.2183074951,25249,25259,10
12.9811897278,80.2180175781,25259,25269,10
12.9820804596,80.2178268433,25269,25279,10
12.9829797745,80.2177963257,25279,25289,10
12.9837598801,80.2177963257,25289,25320,31
12.9837598801,80.2177963257,25320,25330,10
12.9841098785,80.2178268433,25330,25340,10
12.9848003387,80.2178268433,25340,25350,10
12.9857501984,80.217880249,25350,25360,10
12.9866600037,80.2180786133,25360,25370,10
12.9873399734,80.2182006836,25370,25380,10
12.9873695374,80.218208313,25380,25390,10
12.9874696732,80.2181625366,25390,25400,10
12.9876298904,80.2176818848,25400,25411,11
12.9879302979,80.2168197632,25411,25421,10
12.9883499146,80.2159805298,25421,25431,10
12.9889001846,80.2152023315,25431,25441,10
12.9893102646,80.2146682739,25441,25451,10
12.9897499084,80.2147903442,25451,25461,10
12.9901199341,80.2148590088,25461,25471,10
12.9906396866,80.2145614624,25471,25481,10
12.9910001755,80.2139968872,25481,25491,10
12.9911699295,80.2133789063,25491,25501,10
12.9913301468,80.2127609253,25501,25512,11
12.9916200638,80.212677002,25512,25522,10
12.9916296005,80.212677002,25522,25532,10
12.991689682,80.2126922607,25532,25542,10
12.9920597076,80.2127914429,25542,25552,10
12.9926795959,80.2129669189,25552,25562,10
12.992939949,80.2129211426,25562,25572,10
12.9930095673,80.212562561,25572,25582,10
12.9932003021,80.2118225098,25582,25592,10
12.9933996201,80.2109985352,25592,25603,11
12.9936199188,80.2102737427,25603,25613,10
12.9938602448,80.2101135254,25613,25643,30
12.9938602448,80.2101135254,25643,25653,10
12.9940595627,80.2101135254,25653,25663,10
12.9944000244,80.2101516724,25663,25673,10
12.9947900772,80.2101974487,25673,25683,10
12.995300293,80.2102432251,25683,25693,10
12.9959402084,80.2102890015,25693,25704,11
12.9967699051,80.2103881836,25704,25714,10
12.9973096848,80.2104568481,25714,25724,10
12.9975004196,80.2100601196,25724,25734,10
12.9977903366,80.2094421387,25734,25744,10
12.9981403351,80.2089996338,25744,25754,10
12.9982204437,80.2084197998,25754,25764,10
12.998290062,80.2080688477,25764,25774,10
12.9983797073,80.2075195313,25774,25784,10
12.9985704422,80.2073974609,25784,25794,10
12.9987096786,80.2074508667,25794,25805,11
12.9991798401,80.2075424194,25805,25815,10
12.9993200302,80.2075805664,25815,25825,10
12.9997797012,80.2076873779,25825,25835,10
13.0004301071,80.2078170776,25835,25845,10
13.0012197495,80.2081604004,25845,25855,10
13.0020999908,80.2085876465,25855,25865,10
13.0027599335,80.2089385986,25865,25875,10
13.0034999847,80.2093200684,25875,25885,10
13.0035600662,80.209777832,25885,25896,11
13.0036897659,80.2103729248,25896,25906,10
13.0037603378,80.2111587524,25906,25916,10
13.0038604736,80.2119216919,25916,25926,10
13.0040597916,80.2120132446,25926,25936,10
13.0042800903,80.2121124268,25936,25946,10
13.0048303604,80.212387085,25946,25956,10
13.0055904388,80.2128295898,25956,25966,10
13.0063800812,80.2127532959,25966,25976,10
13.0072603226,80.2127685547,25976,25986,10
13.0078802109,80.2130508423,25986,25997,11
13.0079097748,80.2130813599,25997,26007,10
13.0081596375,80.213218689,26007,26017,10
13.0085000992,80.2133636475,26017,26027,10
13.0089797974,80.2139587402,26027,26037,10
13.0094900131,80.2146530151,26037,26047,10
13.0099201202,80.2152175903,26047,26057,10
13.0104703903,80.2158126831,26057,26067,10
13.010840416,80.2166366577,26067,26077,10
13.0112199783,80.2176132202,26077,26088,11
13.0116596222,80.2188568115,26088,26098,10
13.0120296478,80.2200317383,26098,26108,10
13.0124197006,80.2210464478,26108,26118,10
13.0129404068,80.2218704224,26118,26134,16
13.0137701035,80.2229385376,26134,26146,12
13.0143404007,80.2236480713,26146,26156,10
13.0146102905,80.2239379883,26156,26166,10
13.0149297714,80.2243728638,26166,26178,12
13.0151100159,80.2245864868,26178,26189,11
13.0154399872,80.2248916626,26189,26229,40
13.0154399872,80.2248916626,26229,26239,10
13.0156602859,80.2250900269,26239,26249,10
13.0157699585,80.2252120972,26249,26259,10
13.0162200928,80.2253417969,26259,26269,10
13.016960144,80.225151062,26269,26280,11
13.017950058,80.2247390747,26280,26290,10
13.0187997818,80.2244033813,26290,26300,10
13.0194997787,80.2244033813,26300,26310,10
13.0199899673,80.2247009277,26310,26320,10
13.0205898285,80.2251205444,26320,26330,10
13.0211696625,80.2255477905,26330,26340,10
13.021780014,80.2260131836,26340,26350,10
13.0219802856,80.2261276245,26350,26360,10
13.0221796036,80.2263031006,26360,26370,10
13.0227203369,80.2267913818,26370,26381,11
13.0235500336,80.2275238037,26381,26391,10
13.0242500305,80.2282714844,26391,26401,10
13.0247802734,80.2289962769,26401,26411,10
13.0253896713,80.2298126221,26411,26421,10
13.0258398056,80.2305221558,26421,26431,10
13.026049614,80.2311172485,26431,26441,10
13.0260601044,80.2312088013,26441,26451,10
13.0262699127,80.2312927246,26451,26461,10
13.0269603729,80.2311019897,26461,26472,11
13.0278196335,80.2309417725,26472,26482,10
13.0284500122,80.2308807373,26482,26492,10
13.0289897919,80.2308273315,26492,26502,10
13.0293998718,80.2307891846,26502,26512,10
13.0298595428,80.2307434082,26512,26522,10
13.0304403305,80.2306976318,26522,26532,10
13.0309095383,80.2306594849,26532,26541,9
13.0311899185,80.2306365967,26541,26552,11
13.03166008,80.2306137085,26552,26561,9
13.0321302414,80.2305831909,26561,26573,12
13.0329198837,80.230506897,26573,26583,10
13.0335502625,80.2304611206,26583,26593,10
13.0340499878,80.230430603,26593,26603,10
13.0344696045,80.2303695679,26603,26613,10
13.0348997116,80.2301635742,26613,26623,10
13.0349397659,80.2301177979,26623,26633,10
13.0350599289,80.2299804688,26633,26643,10
13.0349197388,80.2298126221,26643,26653,10
13.0346002579,80.2297821045,26653,26663,10
13.0342798233,80.2299880981,26663,27916,1253
13.0342798233,80.2299880981,27916,27927,11
13.0342102051,80.2303771973,27927,27937,10
13.0340099335,80.230430603,27937,27947,10
13.0335597992,80.2304534912,27947,27957,10
13.0329198837,80.230506897,27957,27967,10
13.0321798325,80.2305984497,27967,27977,10
13.0313596725,80.2306976318,27977,27987,10
13.0307598114,80.230758667,27987,27997,10
13.030380249,80.2307815552,27997,28007,10
13.0300197601,80.2308273315,28007,28017,10
13.0299901962,80.2308273315,28017,28028,11
13.0298099518,80.2308578491,28028,28038,10
13.0293598175,80.2308883667,28038,28048,10
13.0287399292,80.2309417725,28048,28058,10
13.0280303955,80.231010437,28058,28068,10
13.0277004242,80.2311325073,28068,28078,10
13.027759552,80.2316513062,28078,28088,10
13.0278301239,80.2322235107,28088,28098,10
13.0279102325,80.2327423096,28098,28108,10
13.027009964,80.2329406738,28108,28179,71
13.027009964,80.2329406738,28179,28189,10
13.0266199112,80.2330703735,28189,28199,10
13.0263204575,80.2328262329,28199,28209,10
13.0261001587,80.2320709229,28209,28219,10
13.0258998871,80.2312469482,28219,28230,11
13.02546978,80.2302017212,28230,28240,10
13.0247602463,80.2292404175,28240,28250,10
13.024140358,80.2284011841,28250,28260,10
13.0235204697,80.2277603149,28260,28270,10
13.0230798721,80.2274627686,28270,28280,10
13.0230302811,80.2274169922,28280,28290,10
13.0228796005,80.2273025513,28290,28300,10
13.0226297379,80.2269592285,28300,28311,11
13.0221204758,80.2264633179,28311,28321,10
13.0214195251,80.2258987427,28321,28331,10
13.0207300186,80.2253265381,28331,28341,10
13.0198802948,80.2247619629,28341,28351,10
13.0188703537,80.2244796753,28351,28361,10
13.0178003311,80.2248916626,28361,28371,10
13.0167398453,80.2253265381,28371,28381,10
13.0159397125,80.2256393433,28381,28391,10
13.015250206,80.2258987427,28391,28401,10
13.014550209,80.2261962891,28401,28432,31
13.014550209,80.2261962891,28432,28442,10
13.0142803192,80.2262878418,28442,28458,16
13.0131998062,80.2266921997,28458,28470,12
13.0121498108,80.2270584106,28470,28478,8
13.0113897324,80.2273635864,28478,28490,12
13.0101604462,80.2278366089,28490,28500,10
13.0094995499,80.2277374268,28500,28511,11
13.0097398758,80.2270584106,28511,28521,10
13.0101099014,80.2262191772,28521,28531,10
13.0105199814,80.2252807617,28531,28541,10
13.0108995438,80.2243499756,28541,28551,10
13.0113401413,80.2232894897,28551,28561,10
13.011759758,80.2222671509,28561,28571,10
13.0120697021,80.221282959,28571,28581,10
13.0119695663,80.2205276489,28581,28591,10
13.0116300583,80.2195281982,28591,28602,11
13.0112400055,80.2183837891,28602,28612,10
13.0108604431,80.217338562,28612,28622,10
13.0104398727,80.2163772583,28622,28632,10
13.0100097656,80.2155532837,28632,28642,10
13.00963974,80.2149200439,28642,28652,10
13.0090999603,80.2142181396,28652,28662,10
13.0082902908,80.2133789063,28662,28682,20
13.0081996918,80.2133407593,28682,28703,21
13.0081996918,80.2133407593,28703,28713,10
13.0079803467,80.213218689,28713,28723,10
13.0076704025,80.2129516602,28723,28733,10
13.0069599152,80.2127838135,28733,28743,10
13.0062999725,80.2128067017,28743,28753,10
13.0056600571,80.2129211426,28753,28763,10
13.0049200058,80.2124786377,28763,28773,10
13.0040597916,80.2121200562,28773,28783,10
13.0037002563,80.2116928101,28783,28794,11
13.0036296844,80.2109069824,28794,28804,10
13.0035400391,80.2102890015,28804,28814,10
13.0035295486,80.2097396851,28814,28824,10
13.0033102036,80.2092895508,28824,28834,10
13.0025901794,80.2089004517,28834,28844,10
13.0017595291,80.2084503174,28844,28854,10
13.0011196136,80.2080917358,28854,28864,10
13.0010404587,80.2080688477,28864,28874,10
13.0007696152,80.2079391479,28874,28884,10
13.0002603531,80.2078018188,28884,28895,11
12.9999799728,80.2077407837,28895,28905,10
12.9994697571,80.2076263428,28905,28915,10
12.9990196228,80.2075424194,28915,28925,10
12.998550415,80.2074203491,28925,28935,10
12.9984302521,80.2074966431,28935,28945,10
12.9983501434,80.2079620361,28945,28955,10
12.9982595444,80.2085418701,28955,28965,10
12.9981803894,80.2090377808,28965,28975,10
12.9978199005,80.2094802856,28975,28985,10
12.9975700378,80.2100296021,28985,28996,11
12.997179985,80.2104721069,28996,29016,20
12.997179985,80.2104721069,29016,29026,10
12.9970598221,80.2104415894,29026,29036,10
12.9967699051,80.2104034424,29036,29046,10
12.9961204529,80.210319519,29046,29056,10
12.9955701828,80.2102737427,29056,29065,9
12.9951200485,80.2102279663,29065,29076,11
12.9945497513,80.2101593018,29076,29087,11
12.9941501617,80.2101364136,29087,29097,10
12.9941301346,80.2101287842,29097,29107,10
12.993929863,80.2100982666,29107,29117,10
12.9936304092,80.2102584839,29117,29177,60
12.9936304092,80.2102584839,29177,29188,11
12.9935503006,80.2106170654,29188,29198,10
12.9934396744,80.2110977173,29198,29208,10
12.9932498932,80.211807251,29208,29218,10
12.9930801392,80.2125015259,29218,29228,10
12.9929800034,80.2129669189,29228,29238,10
12.9928197861,80.2129898071,29238,29248,10
12.992600441,80.2129364014,29248,29258,10
12.9920396805,80.2127990723,29258,29268,10
12.9917001724,80.2126998901,29268,29279,11
12.9915599823,80.2126617432,29279,29289,10
12.9913301468,80.2128295898,29289,29299,10
12.9911603928,80.2134780884,29299,29309,10
12.9910001755,80.2141265869,29309,29319,10
12.9905395508,80.2147064209,29319,29329,10
12.9899396896,80.2148208618,29329,29339,10
12.98939991,80.2146835327,29339,29349,10
12.9891996384,80.2147903442,29349,29359,10
12.9888296127,80.2153167725,29359,29369,10
12.9883203506,80.2160568237,29369,29380,11
12.9878501892,80.2171020508,29380,29390,10
12.987569809,80.2179336548,29390,29400,10
12.9874801636,80.2182617188,29400,29410,10
12.9872903824,80.2184066772,29410,29420,10
12.9872102737,80.2183837891,29420,29430,10
12.9867801666,80.2182617188,29430,29440,10
12.986000061,80.2180404663,29440,29450,10
12.9849996567,80.217956543,29450,29460,10
12.9841804504,80.2180023193,29460,29471,11
12.9839601517,80.2180099487,29471,29481,10
12.9837598801,80.2180099487,29481,29491,10
12.9831104279,80.2180023193,29491,29501,10
12.982170105,80.2180099487,29501,29511,10
12.9812097549,80.2181777954,29511,29521,10
12.9804697037,80.2183914185,29521,29531,10
12.9797801971,80.2186584473,29531,29541,10
12.9792299271,80.2188568115,29541,29551,10
12.9787197113,80.2190475464,29551,29561,10
12.97797966,80.2193603516,29561,29572,11
12.9769496918,80.2198028564,29572,29582,10
12.9761600494,80.220161438,29582,29592,10
12.9757404327,80.2203598022,29592,29602,10
12.9756498337,80.2204971313,29602,29612,10
12.9756002426,80.2206268311,29612,29622,10
12.9756498337,80.2208175659,29622,29784,162
12.9757099152,80.220916748,29784,30309,525
12.9757204056,80.2208786011,30309,30491,182
12.9757204056,80.2208786011,30491,30501,10
12.9758396149,80.2210617065,30501,30511,10
12.976099968,80.2213973999,30511,30521,10
12.9764795303,80.2219696045,30521,30531,10
12.9770698547,80.2227630615,30531,30552,21
12.9770698547,80.2227630615,30552,30562,10
12.9772901535,80.2227172852,30562,30570,8
12.977519989,80.2226333618,30570,30582,12
12.9775104523,80.222076416,30582,30592,10
12.9774799347,80.2215805054,30592,30602,10
12.9774503708,80.2212982178,30602,30612,10
12.9770002365,80.221282959,30612,30622,10
12.976360321,80.2212677002,30622,30632,10
12.9759397507,80.2212524414,30632,30643,11
12.9755401611,80.2208786011,30643,30653,10
12.9754896164,80.220489502,30653,30663,10
12.9757099152,80.2202682495,30663,30673,10
12.9762001038,80.2200393677,30673,30683,10
12.9768800735,80.2197570801,30683,30693,10
12.9776802063,80.2194366455,30693,30703,10
12.9784402847,80.2191390991,30703,30713,10
12.9789400101,80.2189407349,30713,30723,10
12.9796600342,80.2186279297,30723,30734,11
12.9804296494,80.2183227539,30734,30744,10
12.9812698364,80.2180328369,30744,30754,10
12.9821596146,80.2178573608,30754,30764,10
12.983039856,80.2178268433,30764,30774,10
12.9837398529,80.2178192139,30774,30784,10
12.9843597412,80.2178192139,30784,30794,10
12.9851703644,80.2178115845,30794,30810,16
12.9866399765,80.2180709839,30810,30822,12
12.9874000549,80.218208313,30822,30832,10
12.9875202179,80.2181625366,30832,30843,11
12.9875402451,80.2180633545,30843,30853,10
12.9876403809,80.2177200317,30853,30863,10
12.987830162,80.2171630859,30863,30872,9
12.9880399704,80.2165374756,30872,30883,11
12.9884901047,80.2157974243,30883,30893,10
12.988940239,80.215133667,30893,30903,10
12.989279747,80.2146606445,30903,30913,10
12.9894399643,80.2146682739,30913,30923,10
12.9895496368,80.2146911621,30923,30934,11
12.9900102615,80.2148208618,30934,30944,10
12.9905099869,80.2146835327,30944,30954,10
12.9909200668,80.2142410278,30954,30964,10
12.991109848,80.2136306763,30964,30974,10
12.9912595749,80.2129669189,30974,30984,10
12.9916000366,80.2126617432,30984,31014,30
12.9916000366,80.2126617432,31014,31024,10
12.991809845,80.2127609253,31024,31035,11
12.9923801422,80.2128982544,31035,31045,10
12.9928798676,80.2130203247,31045,31055,10
12.9929599762,80.2128295898,31055,31065,10
12.9930696487,80.2124023438,31065,31075,10
12.9931898117,80.2119064331,31075,31085,10
12.9933795929,80.2111587524,31085,31095,10
12.9934797287,80.2107086182,31095,31105,10
12.9935903549,80.2102813721,31105,31115,10
12.9937601089,80.2101211548,31115,31126,11
12.9938402176,80.2101287842,31126,31136,10
12.9939203262,80.2101364136,31136,31146,10
12.9942998886,80.2101593018,31146,31156,10
12.9946899414,80.2101821899,31156,31166,10
12.9950304031,80.2102203369,31166,31176,10
12.9954004288,80.2102279663,31176,31186,10
12.9957895279,80.2102584839,31186,31196,10
12.9959201813,80.2102813721,31196,31206,10
12.9962797165,80.210319519,31206,31216,10
12.9967002869,80.210357666,31216,31227,11
12.997130394,80.2104187012,31227,31237,10
12.9972696304,80.2104721069,31237,31247,10
12.9974002838,80.2102584839,31247,31257,10
12.9976196289,80.209777832,31257,31267,10
12.9979801178,80.2092514038,31267,31277,10
12.9981603622,80.2088623047,31277,31287,10
12.9982099533,80.208442688,31287,31297,10
12.9982595444,80.2081222534,31297,31307,10
12.9983100891,80.2080612183,31307,31318,11
12.9983997345,80.2076034546,31318,31328,10
12.9985198975,80.2074127197,31328,31338,10
12.9985704422,80.2074203491,31338,31348,10
12.9989404678,80.2074890137,31348,31358,10
12.9994401932,80.2075881958,31358,31368,10
13.0001602173,80.2077407837,31368,31378,10
13.0008001328,80.2079162598,31378,31388,10
13.00137043,80.208190918,31388,31398,10
13.0021400452,80.2085800171,31398,31408,10
13.0029096603,80.2089767456,31408,31419,11
13.0035200119,80.209312439,31419,31429,10
13.0034999847,80.2095870972,31429,31439,10
13.0036001205,80.2100372314,31439,31449,10
13.0036802292,80.2107009888,31449,31459,10
13.0037603378,80.2115325928,31459,31469,10
13.0039596558,80.2119903564,31469,31479,10
13.0040197372,80.212020874,31479,31489,10
13.004360199,80.2121734619,31489,31499,10
13.0048999786,80.2124481201,31499,31510,11
13.0057001114,80.2128829956,31510,31520,10
13.0062999725,80.2127609253,31520,31530,10
13.0071201324,80.2127609253,31530,31540,10
13.007900238,80.2130737305,31540,31570,30
13.007900238,80.2130737305,31570,31580,10
13.0083198547,80.2133102417,31580,31590,10
13.0088596344,80.2137832642,31590,31600,10
13.0094203949,80.2145233154,31600,31611,11
13.0099601746,80.2152786255,31611,31621,10
13.0105199814,80.216003418,31621,31631,10
13.0108604431,80.2168197632,31631,31641,10
13.0112600327,80.2177734375,31641,31651,10
13.0116796494,80.2189178467,31651,31661,10
13.012049675,80.2200775146,31661,31671,10
13.0122003555,80.2205505371,31671,31681,10
13.0122699738,80.2207489014,31681,31691,10
13.0124397278,80.2212524414,31691,31701,10
13.0128297806,80.2218170166,31701,31712,11
13.0133600235,80.222442627,31712,31722,10
13.0134401321,80.2225494385,31722,31732,10
13.0137195587,80.2229537964,31732,31742,10
13.0141601563,80.2234802246,31742,31752,10
13.0143899918,80.223739624,31752,31762,10
13.0146598816,80.2240829468,31762,31772,10
13.0147800446,80.2242889404,31772,31782,10
13.0148696899,80.2243881226,31782,31792,10
13.0150203705,80.224571228,31792,31803,11
13.0151100159,80.2247009277,31803,31813,10
13.0155496597,80.2250289917,31813,31853,40
13.0155496597,80.2250289917,31853,31863,10
13.0157499313,80.225151062,31863,31873,10
13.0160598755,80.2253036499,31873,31883,10
13.0164203644,80.2253112793,31883,31893,10
13.0171604156,80.2250976563,31893,31904,11
13.0181303024,80.2247009277,31904,31914,10
13.0191001892,80.2243499756,31914,31924,10
13.0197896957,80.2245330811,31924,31954,30
13.0197896957,80.2245330811,31954,31964,10
13.0198898315,80.2246398926,31964,31974,10
13.02023983,80.2249069214,31974,31984,10
13.0208501816,80.2253417969,31984,31994,10
13.0214395523,80.2257995605,31994,32005,11
13.0219297409,80.2261123657,32005,32015,10
13.0219402313,80.2261276245,32015,32025,10
13.0222101212,80.2263717651,32025,32035,10
13.0227403641,80.2268295288,32035,32045,10
13.0233001709,80.2273712158,32045,32055,10
13.0236997604,80.2277526855,32055,32065,10
13.0239896774,80.2279968262,32065,32075,10
13.024310112,80.2283401489,32075,32085,10
13.0243501663,80.2283782959,32085,32096,11
13.0243701935,80.2284011841,32096,32106,10
13.0245704651,80.2287216187,32106,32116,10
13.0249099731,80.2292098999,32116,32126,10
13.0254001617,80.2298583984,32126,32136,10
13.0258398056,80.2305908203,32136,32146,10
13.02602005,80.2311782837,32146,32156,10
13.0263500214,80.231300354,32156,32165,9
13.0270500183,80.2311172485,32165,32176,11
13.027970314,80.2309188843,32176,32186,10
13.0285100937,80.2308731079,32186,32197,11
13.0286502838,80.2308578491,32197,32207,10
13.0293598175,80.230796814,32207,32257,50
13.0293598175,80.230796814,32257,32267,10
13.0294599533,80.230758667,32267,32277,10
13.0299901962,80.23072052,32277,32287,10
13.0306797028,80.2306594849,32287,32298,11
13.0313997269,80.2306289673,32298,32308,10
13.0321702957,80.2305679321,32308,32318,10
13.0329704285,80.230506897,32318,32327,9
13.0336799622,80.2304382324,32327,32337,10
13.0342597961,80.2303924561,32337,32348,11
13.0346097946,80.2303009033,32348,32368,20
13.0346097946,80.2303009033,32368,32378,10
13.0347795486,80.2302703857,32378,32449,71
13.0347795486,80.2302703857,32449,32459,10
13.0350799561,80.2300491333,32459,32469,10
13.0349903107,80.2298278809,32469,32520,51
13.0346298218,80.2297668457,32520,32843,323
13.0342302322,80.2297821045,32843,32874,31
13.0342302322,80.2297821045,32874,32884,10
13.0341997147,80.2300186157,32884,32894,10
13.0342102051,80.2302093506,32894,32904,10
13.0341997147,80.2304229736,32904,32914,10
13.0340299606,80.2304229736,32914,32924,10
13.0336704254,80.2304229736,32924,32934,10
13.0331401825,80.2304611206,32934,32944,10
13.0324401855,80.2305374146,32944,32954,10
13.031709671,80.2306213379,32954,32963,9
13.0310401917,80.230682373,32963,32975,12
13.0303201675,80.230758667,32975,32985,10
13.0299196243,80.2308120728,32985,32995,10
13.0295000076,80.2308807373,32995,33005,10
13.0288801193,80.2309188843,33005,33015,10
13.0281600952,80.231010437,33015,33025,10
13.0277700424,80.2310714722,33025,33035,10
13.0277299881,80.2315368652,33035,33045,10
13.0277900696,80.2321014404,33045,33055,10
13.0278701782,80.2325820923,33055,33065,10
13.0277004242,80.2328414917,33065,33076,11
13.0269603729,80.232963562,33076,33096,20
13.0269603729,80.232963562,33096,33106,10
13.0267696381,80.232963562,33106,33116,10
13.0263996124,80.2328109741,33116,33126,10
13.0261802673,80.2321472168,33126,33136,10
13.0259399414,80.2312393188,33136,33146,10
13.0255203247,80.2302627563,33146,33156,10
13.0249795914,80.2294998169,33156,33166,10
13.0246400833,80.2290878296,33166,33177,11
13.0246295929,80.2290725708,33177,33187,10
13.0245599747,80.2289581299,33187,33197,10
13.0242795944,80.2285995483,33197,33207,10
13.0237798691,80.2279891968,33207,33223,16
13.023150444,80.2274703979,33223,33235,12
13.0230798721,80.2274093628,33235,33245,10
13.0227804184,80.2272109985,33245,33255,10
13.0225095749,80.2267608643,33255,33265,10
13.0219497681,80.2262573242,33265,33276,11
13.0212602615,80.2257003784,33276,33285,9
13.0208101273,80.2253570557,33285,33296,11
13.0201997757,80.2249679565,33296,33304,8
13.0199403763,80.2248077393,33304,33316,12
13.0199298859,80.2248001099,33316,33326,10
13.0198898315,80.2247619629,33326,33336,10
13.0194597244,80.2245407104,33336,33347,11
13.0185403824,80.2245864868,33347,33357,10
13.017539978,80.2249908447,33357,33368,11
13.0165100098,80.2254180908,33368,33378,10
13.0157499313,80.2257080078,33378,33388,10
13.0147304535,80.2261276245,33388,33428,40
13.0147304535,80.2261276245,33428,33438,10
13.0144796371,80.2262420654,33438,33448,10
13.0144195557,80.2262573242,33448,33458,10
13.0141000748,80.2263565063,33458,33469,11
13.0133399963,80.2266464233,33469,33479,10
13.0125102997,80.2269668579,33479,33489,10
13.0115995407,80.2273101807,33489,33499,10
13.0106401443,80.2276916504,33499,33509,10
13.0097398758,80.2279586792,33509,33519,10
13.0095901489,80.2274169922,33519,33529,10
13.0099201202,80.2266464233,33529,33539,10
13.0103397369,80.2257537842,33539,33549,10
13.0107402802,80.2248687744,33549,33560,11
13.0111103058,80.2239532471,33560,33570,10
13.0114898682,80.2231063843,33570,33580,10
13.0117502213,80.2222824097,33580,33590,10
13.0120697021,80.221321106,33590,33600,10
13.0120897293,80.2208404541,33600,33610,10
13.0118303299,80.2200393677,33610,33620,10
13.0114603043,80.2188796997,33620,33630,10
13.0110797882,80.2177505493,33630,33640,10
13.0106401443,80.2167663574,33640,33650,10
13.0102396011,80.2160568237,33650,33661,11
13.0098495483,80.2152175903,33661,33671,10
13.0094203949,80.2146377563,33671,33681,10
13.0089197159,80.2139892578,33681,33691,10
13.0085897446,80.2135772705,33691,33701,10
13.0084104538,80.2134475708,33701,33741,40
13.0084104538,80.2134475708,33741,33752,11
13.0081195831,80.2132797241,33752,33762,10
13.0078697205,80.2131195068,33762,33782,20
13.0078697205,80.2131195068,33782,33792,10
13.007519722,80.2128829956,33792,33802,10
13.0068397522,80.2127685547,33802,33812,10
13.0060501099,80.2129669189,33812,33822,10
13.0053396225,80.2127609253,33822,33832,10
13.0047101974,80.212348938,33832,33842,10
13.0039796829,80.212097168,33842,33853,11
13.0037002563,80.2116470337,33853,33863,10
13.0036401749,80.2109527588,33863,33873,10
13.0035295486,80.2101821899,33873,33883,10
13.0035200119,80.2095184326,33883,33893,10
13.0031003952,80.2091369629,33893,33903,10
13.002240181,80.2086868286,33903,33913,10
13.0013599396,80.208190918,33913,33923,10
13.0007801056,80.2079162598,33923,33933,10
13.0001602173,80.2077407837,33933,33944,11
12.9994401932,80.2075805664,33944,33954,10
12.9986896515,80.2074203491,33954,33974,20
12.9986896515,80.2074203491,33974,33984,10
12.9984397888,80.2073898315,33984,33994,10
12.9984197617,80.2075500488,33994,34004,10
12.9983501434,80.2081298828,34004,34024,20
12.9983501434,80.2081298828,34024,34034,10
12.998339653,80.2082824707,34034,34045,11
12.9982995987,80.2084197998,34045,34055,10
12.9982795715,80.2086791992,34055,34065,10
12.9982299805,80.2089920044,34065,34075,10
12.9979600906,80.2093276978,34075,34085,10
12.9976997375,80.2098922729,34085,34095,10
12.9974803925,80.2104034424,34095,34105,10
12.9973497391,80.2104797363,34105,34115,10
12.9971504211,80.2104187012,34115,34125,10
12.9967098236,80.2103500366,34125,34135,10
12.996219635,80.210319519,34135,34146,11
12.9956998825,80.2102737427,34146,34156,10
12.9953603745,80.2102432251,34156,34166,10
12.9952497482,80.2102432251,34166,34176,10
12.9950895309,80.2102279663,34176,34186,10
12.9947500229,80.2101669312,34186,34196,10
12.9942598343,80.2101287842,34196,34206,10
12.9939002991,80.2101135254,34206,34216,10
12.9938898087,80.2101135254,34216,34226,10
12.9937000275,80.2101364136,34226,34236,10
12.9935598373,80.2105178833,34236,34257,21
12.9935598373,80.2105178833,34257,34267,10
12.993519783,80.2105865479,34267,34277,10
12.9934797287,80.2109909058,34277,34287,10
12.9933204651,80.2115631104,34287,34297,10
12.993180275,80.2122268677,34297,34307,10
12.9930200577,80.2128829956,34307,34317,10
12.9927997589,80.2129898071,34317,34327,10
12.992389679,80.2128677368,34327,34338,11
12.9915704727,80.2126464844,34338,34358,20
12.9915704727,80.2126464844,34358,34368,10
12.9913196564,80.2127227783,34368,34378,10
12.9911804199,80.2132415771,34378,34388,10
12.9910802841,80.2137069702,34388,34398,10
12.9908800125,80.2143630981,34398,34408,10
12.9903097153,80.2148284912,34408,34418,10
12.9900503159,80.2148590088,34418,34428,10
12.9897403717,80.2147827148,34428,34439,11
12.9892597198,80.2146987915,34439,34449,10
12.9889297485,80.2151565552,34449,34459,10
12.9884996414,80.2157897949,34459,34469,10
12.9880199432,80.2165908813,34469,34479,10
12.9877004623,80.2174835205,34479,34489,10
12.9875097275,80.2181396484,34489,34499,10
12.9874801636,80.2182617188,34499,34509,10
12.9874296188,80.2183914185,34509,34519,10
12.9872102737,80.2183685303,34519,34530,11
12.9869203568,80.2182693481,34530,34540,10
12.9863595963,80.2181167603,34540,34550,10
12.98554039,80.2179412842,34550,34560,10
12.9846200943,80.2179489136,34560,34570,10
12.9840497971,80.2179794312,34570,34580,10
12.9840297699,80.2179794312,34580,34590,10
12.983880043,80.2179794312,34590,34600,10
12.9832801819,80.2179794312,34600,34610,10
12.9825401306,80.2179489136,34610,34620,10
12.9816799164,80.2179794312,34620,34631,11
12.9807500839,80.21824646,34631,34641,10
12.9799404144,80.2185668945,34641,34651,10
12.9792098999,80.2188720703,34651,34661,10
12.978679657,80.219078064,34661,34670,9
12.9781103134,80.2192993164,34670,34681,11
12.9771795273,80.2196807861,34681,34691,10
12.976269722,80.2200698853,34691,34701,10
12.9757604599,80.2202911377,34701,34772,71
12.9757604599,80.2202911377,34772,34782,10
12.9756498337,80.2202987671,34782,34792,10
12.975520134,80.2205581665,34792,34802,10
12.9755601883,80.2208099365,34802,34812,10
12.9757204056,80.2209701538,34812,34823,11
12.9759502411,80.2212219238,34823,34833,10
12.9762201309,80.2216491699,34833,34843,10
12.9766302109,80.2222900391,34843,34853,10
12.9770298004,80.2227401733,34853,34863,10
12.9774999619,80.2226333618,34863,34873,10
12.977519989,80.2223434448,34873,34883,10
12.9774799347,80.2220230103,34883,34893,10
12.9774599075,80.2214813232,34893,34903,10
12.9772701263,80.2213287354,34903,34913,10
12.9768600464,80.221321106,34913,34924,11
12.9767398834,80.221321106,34924,34934,10
12.9765701294,80.2213134766,34934,35944,1010
12.9765701294,80.2213134766,35944,35954,10
12.9762601852,80.221206665,35954,35964,10
12.9759902954,80.2212524414,35964,35974,10
12.9758901596,80.221206665,35974,36005,31
12.9758901596,80.221206665,36005,36015,10
12.9757003784,80.2210388184,36015,36065,50
12.9755897522,80.220916748,36065,36086,21
12.9755897522,80.220916748,36086,36096,10
12.9754896164,80.2207794189,36096,36106,10
12.9753904343,80.2205734253,36106,36116,10
12.9754199982,80.2205429077,36116,36126,10
12.9756002426,80.2203598022,36126,36136,10
12.9758996964,80.2201766968,36136,36146,10
12.9764204025,80.2199401855,36146,36156,10
12.9771099091,80.2196578979,36156,36166,10
12.9778995514,80.2193222046,36166,36177,11
12.9785804749,80.219039917,36177,36187,10
12.9792203903,80.2188034058,36187,36197,10
12.9798698425,80.2185287476,36197,36207,10
12.9802598953,80.2183685303,36207,36217,10
12.9808797836,80.2181625366,36217,36227,10
12.9816398621,80.2179031372,36227,36237,10
12.9823799133,80.2178421021,36237,36247,10
12.9830198288,80.2177963257,36247,36257,10
12.983710289,80.2178115845,36257,36267,10
12.9837799072,80.2178192139,36267,36278,11
12.9840202332,80.2178573608,36278,36288,10
12.9846200943,80.2178268433,36288,36298,10
12.9854202271,80.2178268433,36298,36308,10
12.9863004684,80.2180099487,36308,36318,10
12.9871101379,80.2181777954,36318,36328,10
12.9874897003,80.2180786133,36328,36338,10
12.9876499176,80.2175598145,36338,36348,10
12.9878797531,80.2169265747,36348,36358,10
12.9882202148,80.2161178589,36358,36375,17
12.9886598587,80.2155303955,36375,36387,12
12.9890203476,80.2149734497,36387,36397,10
12.9893798828,80.2146606445,36397,36407,10
12.9895200729,80.2147216797,36407,36417,10
12.9900503159,80.2148513794,36417,36427,10
12.9906597137,80.2145614624,36427,36437,10
12.9910001755,80.2139511108,36437,36447,10
12.9912004471,80.213180542,36447,36457,10
12.9914302826,80.2126235962,36457,36467,10
12.9915704727,80.2126464844,36467,36478,11
12.9916496277,80.2126464844,36478,36488,10
12.9920501709,80.2127532959,36488,36498,10
12.9924497604,80.2128677368,36498,36508,10
12.9928703308,80.2129898071,36508,36518,10
12.9929199219,80.2129211426,36518,36528,10
12.9930095673,80.212600708,36528,36538,10
12.9931201935,80.2121963501,36538,36548,10
12.9932699203,80.2116165161,36548,36558,10
12.9934196472,80.2109375,36558,36568,10
12.9934997559,80.2106170654,36568,36579,11
12.9935598373,80.2103805542,36579,36589,10
12.9936304092,80.2100601196,36589,36599,10
12.9938097,80.2100830078,36599,36609,10
12.9939899445,80.2101135254,36609,36619,10
12.9944696426,80.2101516724,36619,36629,10
12.9948596954,80.2101821899,36629,36639,10
12.9952001572,80.2102127075,36639,36649,10
12.9955701828,80.2102432251,36649,36659,10
12.9959001541,80.2102813721,36659,36670,11
12.996049881,80.2103118896,36670,36680,10
12.9963102341,80.2103424072,36680,36690,10
12.9968004227,80.2104110718,36690,36700,10
12.9971599579,80.2104568481,36700,36710,10
12.9972400665,80.2104797363,36710,36720,10
12.9974002838,80.2102279663,36720,36730,10
12.997590065,80.209777832,36730,36740,10
12.998000145,80.2091674805,36740,36750,10
12.9981002808,80.2090072632,36750,36760,10
12.998169899,80.2086486816,36760,36771,11
12.9982299805,80.2081604004,36771,36781,10
12.998290062,80.2078018188,36781,36791,10
12.9983701706,80.2074203491,36791,36801,10
12.9985799789,80.2074203491,36801,36811,10
12.9989204407,80.2074966431,36811,36821,10
12.9992799759,80.2075576782,36821,36831,10
12.9996595383,80.2076416016,36831,36841,10
13.0002803802,80.2077407837,36841,36851,10
13.0009098053,80.2079772949,36851,36861,10
13.0017004013,80.2083587646,36861,36872,11
13.0027198792,80.2088775635,36872,36882,10
13.0033998489,80.2092208862,36882,36892,10
13.0034704208,80.2094726563,36892,36902,10
13.0035200119,80.2099380493,36902,36912,10
13.0036296844,80.2105712891,36912,36922,10
13.0037002563,80.2110595703,36922,36932,10
13.0040302277,80.2119827271,36932,36952,20
13.0040302277,80.2119827271,36952,36963,11
13.0042600632,80.2121124268,36963,36973,10
13.0047998428,80.2123718262,36973,36983,10
13.0055398941,80.2128067017,36983,36993,10
13.0063695908,80.2127075195,36993,37003,10
13.0071401596,80.2127227783,37003,37013,10
13.0078001022,80.2129516602,37013,37023,10
13.0078601837,80.2130203247,37023,37033,10
13.0079097748,80.2130737305,37033,37043,10
13.0082597733,80.2132492065,37043,37053,10
13.0087795258,80.2137069702,37053,37064,11
13.0094003677,80.2145385742,37064,37073,9
13.0098600388,80.215171814,37073,37084,11
13.0104799271,80.2159423828,37084,37094,10
13.010840416,80.2168502808,37094,37104,10
13.0112495422,80.2178268433,37104,37114,10
13.0116300583,80.2188796997,37114,37124,10
13.0120201111,80.2199783325,37124,37134,10
13.0123300552,80.2209320068,37134,37144,10
13.0126600266,80.2216033936,37144,37154,10
13.0131597519,80.2222213745,37154,37164,10
13.0136804581,80.222869873,37164,37175,11
13.0142202377,80.2235412598,37175,37185,10
13.0145998001,80.2239837646,37185,37195,10
13.0153198242,80.2248764038,37195,37235,40
13.0153198242,80.2248764038,37235,37245,10
13.0156097412,80.2251815796,37245,37256,11
13.0162096024,80.2253875732,37256,37266,10
13.0169496536,80.2251968384,37266,37276,10
13.017780304,80.2248535156,37276,37286,10
13.0186901093,80.2244796753,37286,37296,10
13.0196695328,80.2244796753,37296,37315,19
13.0196695328,80.2244796753,37315,37325,10
13.0198898315,80.2246704102,37325,37336,11
13.0204200745,80.2250518799,37336,37346,10
13.020939827,80.225440979,37346,37357,11
13.0215597153,80.2259292603,37357,37367,10
13.0219898224,80.2261810303,37367,37407,40
13.0219898224,80.2261810303,37407,37417,10
13.0221500397,80.2263031006,37417,37427,10
13.0225496292,80.2266464233,37427,37437,10
13.0230798721,80.2271575928,37437,37447,10
13.0235795975,80.2276229858,37447,37458,11
13.0243396759,80.2284622192,37458,37488,30
13.0243396759,80.2284622192,37488,37498,10
13.0243997574,80.2285385132,37498,37508,10
13.0247001648,80.2289733887,37508,37518,10
13.025179863,80.229598999,37518,37528,10
13.0257101059,80.2303771973,37528,37538,10
13.02602005,80.2311782837,37538,37549,11
13.0265197754,80.2312393188,37549,37559,10
13.0281600952,80.2308807373,37559,37569,10
13.0284700394,80.2308425903,37569,37589,20
13.0284700394,80.2308425903,37589,37599,10
13.0288600922,80.2308120728,37599,37609,10
13.0291500092,80.2308197021,37609,37619,10
13.0292701721,80.2307891846,37619,37629,10
13.029589653,80.230758667,37629,37646,17
13.0305404663,80.230682373,37646,37658,12
13.0311403275,80.2306289673,37658,37668,10
13.0318002701,80.2305908203,37668,37676,8
13.0324001312,80.2305374146,37676,37687,11
13.0332202911,80.2304763794,37687,37699,12
13.0339899063,80.230430603,37699,37719,20
13.0339899063,80.230430603,37719,37729,10
13.0342998505,80.2303695679,37729,37739,10
13.0349702835,80.2300491333,37739,37762,23
13.0349702835,80.2300491333,37762,37772,10
13.0350799561,80.2298812866,37772,37792,20
13.0350799561,80.2298812866,37792,37802,10
13.0347499847,80.2297821045,37802,37852,50
13.0347499847,80.2297821045,37852,37863,11
13.0345697403,80.2298202515,37863,37872,9
13.0342798233,80.2297515869,37872,37883,11
13.0342197418,80.2299575806,37883,38024,141
13.0341596603,80.2303466797,38024,38045,21
13.0341596603,80.2303466797,38045,38055,10
13.0340499878,80.2304382324,38055,38065,10
13.0337896347,80.2304534912,38065,38075,10
13.0337400436,80.2304382324,38075,38085,10
13.0333795547,80.2304611206,38085,38095,10
13.032910347,80.2305221558,38095,38105,10
13.0324001312,80.2305679321,38105,38115,10
13.0319700241,80.2306289673,38115,38125,10
13.0315799713,80.2306671143,38125,38136,11
13.0307998657,80.2307510376,38136,38146,10
13.0302495956,80.2307815552,38146,38156,10
13.0297403336,80.2308425903,38156,38166,10
13.0295295715,80.2308807373,38166,38176,10
13.0289201736,80.2309265137,38176,38186,10
13.0280799866,80.2310180664,38186,38196,10
13.0277004242,80.2310562134,38196,38206,10
13.0277299881,80.2316131592,38206,38216,10
13.0278100967,80.2322769165,38216,38226,10
13.027759552,80.2328033447,38226,38237,11
13.0269498825,80.232963562,38237,38267,30
13.0269498825,80.232963562,38267,38277,10
13.0267601013,80.2329788208,38277,38287,10
13.0263996124,80.2329330444,38287,38297,10
13.0262002945,80.2323989868,38297,38307,10
13.0260095596,80.2317428589,38307,38317,10
13.0258903503,80.231262207,38317,38328,11
13.0256099701,80.2304992676,38328,38338,10
13.0251197815,80.2297210693,38338,38348,10
13.0245103836,80.2289199829,38348,38358,10
13.0240802765,80.2283477783,38358,38368,10
13.0236196518,80.2278594971,38368,38378,10
13.0232095718,80.2275466919,38378,38388,10
13.0230998993,80.2275009155,38388,38398,10
13.0230197906,80.2274169922,38398,38408,10
13.0227298737,80.2271728516,38408,38418,10
13.0225496292,80.226852417,38418,38429,11
13.0220899582,80.2264099121,38429,38439,10
13.0214300156,80.2258834839,38439,38449,10
13.0207300186,80.2253570557,38449,38459,10
13.0201597214,80.2249832153,38459,38469,10
13.0200004578,80.224861145,38469,38479,10
13.0198402405,80.2247390747,38479,38489,10
13.0192203522,80.2244873047,38489,38499,10
13.0182800293,80.2246780396,38499,38509,10
13.0172395706,80.2250976563,38509,38520,11
13.0162696838,80.2255172729,38520,38530,10
13.0156898499,80.2257232666,38530,38540,10
13.0156097412,80.2257385254,38540,38550,10
13.015540123,80.225769043,38550,38560,10
13.0152397156,80.2258987427,38560,38570,10
13.0149402618,80.2259674072,38570,38580,10
13.0144796371,80.2262268066,38580,38610,30
13.0144796371,80.2262268066,38610,38621,11
13.0141601563,80.2262573242,38621,38631,10
13.0135402679,80.2265014648,38631,38641,10
13.0127000809,80.2268218994,38641,38651,10
13.0117301941,80.2272109985,38651,38661,10
13.0106496811,80.2276382446,38661,38671,10
13.0097103119,80.2279205322,38671,38681,10
13.0095996857,80.2273101807,38681,38691,10
13.0099601746,80.2265167236,38691,38701,10
13.0103797913,80.2255783081,38701,38711,10
13.0108203888,80.224571228,38711,38722,11
13.0113897324,80.22315979,38722,38742,20
13.0113897324,80.22315979,38742,38752,10
13.0114097595,80.2230987549,38752,38762,10
13.0115804672,80.2226715088,38762,38772,10
13.0118598938,80.2218933105,38772,38782,10
13.0120801926,80.2212219238,38782,38792,10
13.0119199753,80.2203216553,38792,38802,10
13.0116195679,80.219367981,38802,38813,11
13.0112600327,80.2182617188,38813,38823,10
13.0108699799,80.217338562,38823,38833,10
13.0104904175,80.2164916992,38833,38843,10
13.0100898743,80.2157669067,38843,38853,10
13.0094499588,80.2147293091,38853,38883,30
13.0094499588,80.2147293091,38883,38893,10
13.0093603134,80.2146224976,38893,38903,10
13.0091199875,80.2143173218,38903,38914,11
13.0088996887,80.2139892578,38914,38924,10
13.0087404251,80.2137985229,38924,39004,80
13.0087404251,80.2137985229,39004,39015,11
13.0084600449,80.2135009766,39015,39025,10
13.0082197189,80.2133712769,39025,39035,10
13.0081996918,80.2133483887,39035,39045,10
13.0078897476,80.213180542,39045,39065,20
13.0078897476,80.213180542,39065,39075,10
13.0078001022,80.2130889893,39075,39085,10
13.007519722,80.2128829956,39085,39095,10
13.007060051,80.2127838135,39095,39106,11
13.0062904358,80.2128067017,39106,39116,10
13.0056600571,80.2129516602,39116,39126,10
13.0049800873,80.2125473022,39126,39136,10
13.0042695999,80.2121963501,39136,39146,10
13.0037202835,80.2120132446,39146,39156,10
13.0036697388,80.2117919922,39156,39166,10
13.0036296844,80.2113418579,39166,39176,10
13.0035400391,80.2106018066,39176,39186,10
13.0035200119,80.2104110718,39186,39196,10
13.003490448,80.2099914551,39196,39207,11
13.0033903122,80.2093582153,39207,39217,10
13.002699852,80.2089767456,39217,39227,10
13.001830101,80.2085113525,39227,39237,10
13.0009498596,80.2080307007,39237,39247,10
13.0002698898,80.2078018188,39247,39257,10
13.0000801086,80.2077636719,39257,39267,10
12.9996700287,80.2076797485,39267,39277,10
12.9991998672,80.2075805664,39277,39287,10
12.9989404678,80.2075424194,39287,39297,10
12.9985198975,80.2074432373,39297,39308,11
12.9983596802,80.2075576782,39308,39318,10
12.9982995987,80.2079620361,39318,39328,10
12.9982795715,80.2081680298,39328,39338,10
12.9982204437,80.2083587646,39338,39354,16
12.9981803894,80.2087631226,39354,39366,12
12.9981498718,80.2088699341,39366,39376,10
12.9980802536,80.2090911865,39376,39386,10
12.9978199005,80.2093887329,39386,39395,9
12.9975996017,80.2098999023,39395,39407,12
12.9973297119,80.2104568481,39407,39426,19
12.9973297119,80.2104568481,39426,39437,11
12.9968700409,80.2104415894,39437,39446,9
12.9965801239,80.2104034424,39446,39457,11
12.9960699081,80.2103500366,39457,39467,10
12.9954395294,80.2102813721,39467,39477,10
12.995010376,80.2102508545,39477,39487,10
12.9947004318,80.2102203369,39487,39498,11
12.9943704605,80.2101898193,39498,39508,10
12.9939498901,80.2101364136,39508,39518,10
12.9937801361,80.2101287842,39518,39528,10
12.9936599731,80.2101211548,39528,39538,10
12.9935598373,80.2103500366,39538,39548,10
12.9934501648,80.2108078003,39548,39558,10
12.9933099747,80.2114486694,39558,39568,10
12.993180275,80.2119522095,39568,39578,10
12.9928998947,80.2129974365,39578,39609,31
12.9928998947,80.2129974365,39609,39619,10
12.9927396774,80.2130203247,39619,39629,10
12.9923000336,80.2128982544,39629,39639,10
12.9914999008,80.2126998901,39639,39659,20
12.9914999008,80.2126998901,39659,39669,10
12.9912700653,80.2128677368,39669,39679,10
12.9911203384,80.2134628296,39679,39690,11
12.9909496307,80.2141113281,39690,39700,10
12.9905996323,80.214630127,39700,39710,10
12.9900197983,80.214881897,39710,39720,10
12.9892501831,80.2146987915,39720,39740,20
12.9892501831,80.2146987915,39740,39750,10
12.9890098572,80.2149887085,39750,39760,10
12.9887104034,80.2154464722,39760,39770,10
12.9882602692,80.2160568237,39770,39780,10
12.9879398346,80.2166976929,39780,39791,11
12.987660408,80.2174987793,39791,39801,10
12.9874401093,80.2181472778,39801,39831,30
12.9874401093,80.2181472778,39831,39841,10
12.9871397018,80.2183380127,39841,39851,10
12.9870500565,80.2183227539,39851,39861,10
12.9866600037,80.2182235718,39861,39871,10
12.9862804413,80.2181167603,39871,39881,10
12.9860095978,80.2180175781,39881,39892,11
12.9851903915,80.2179412842,39892,39902,10
12.9843597412,80.2179412842,39902,39912,10
12.9839696884,80.2179718018,39912,39922,10
12.9836502075,80.2179870605,39922,39932,10
12.982919693,80.2179794312,39932,39942,10
12.9821100235,80.2179794312,39942,39952,10
12.9811401367,80.2181396484,39952,39962,10
12.9802799225,80.2184295654,39962,39972,10
12.9800395966,80.2185211182,39972,39982,10
12.9799404144,80.2185592651,39982,39993,11
12.9794597626,80.21875,39993,40003,10
12.9787998199,80.2190170288,40003,40013,10
12.9781103134,80.2193069458,40013,40023,10
12.9771499634,80.2197113037,40023,40033,10
12.9761800766,80.2201309204,40033,40043,10
12.9755601883,80.2204971313,40043,40053,10
12.9756498337,80.2208862305,40053,41124,1071
12.9756498337,80.2208862305,41124,41134,10
12.9759197235,80.2211914063,41134,41144,10
12.9761896133,80.2215805054,41144,41154,10
12.9765996933,80.2222137451,41154,41165,11
12.9770698547,80.2227478027,41165,41175,10
12.977519989,80.2226028442,41175,41185,10
12.9774799347,80.2220611572,41185,41195,10
12.9774599075,80.2215270996,41195,41205,10
12.9774103165,80.2212982178,41205,41215,10
12.9770002365,80.2212982178,41215,41225,10
12.9762802124,80.2213363647,41225,41235,10
12.9759397507,80.2213516235,41235,41245,10
12.9755401611,80.2209625244,41245,41346,101
12.9755401611,80.2209625244,41346,41357,11
12.9753799438,80.2207183838,41357,41377,20
12.9753799438,80.2207183838,41377,41387,10
12.9754199982,80.2205200195,41387,41397,10
12.9755401611,80.220413208,41397,41407,10
12.9757003784,80.2202987671,41407,41417,10
12.976149559,80.2200927734,41417,41427,10
12.976770401,80.2198181152,41427,41437,10
12.9776096344,80.2194824219,41437,41447,10
12.9784202576,80.2191467285,41447,41458,11
12.9790296555,80.2189102173,41458,41468,10
12.9798202515,80.2185821533,41468,41478,10
12.9805402756,80.2182998657,41478,41488,10
12.9814596176,80.2180023193,41488,41504,16
12.9825000763,80.2178573608,41504,41516,12
12.9834403992,80.2178573608,41516,41526,10
12.9837999344,80.2178421021,41526,41536,10
12.9838495255,80.2178268433,41536,41546,10
12.9843502045,80.2178726196,41546,41557,11
12.9852800369,80.2178573608,41557,41566,9
12.9862098694,80.2180099487,41566,41577,11
12.9871397018,80.218208313,41577,41589,12
12.9875402451,80.2179336548,41589,41599,10
12.9877595901,80.2172622681,41599,41609,10
12.9879999161,80.216583252,41609,41618,9
12.9882602692,80.2160797119,41618,41629,11
12.988650322,80.2155227661,41629,41639,10
12.9889097214,80.2151184082,41639,41650,11
12.9892597198,80.2146606445,41650,41660,10
12.9898099899,80.2147674561,41660,41670,10
12.9905500412,80.214630127,41670,41680,10
12.9909601212,80.2140426636,41680,41690,10
12.9911603928,80.2133407593,41690,41700,10
12.9915895462,80.2126464844,41700,41720,20
12.9915895462,80.2126464844,41720,41730,10
12.9918699265,80.2127304077,41730,41740,10
12.9922704697,80.2128219604,41740,41751,11
12.992770195,80.2129516602,41751,41761,10
12.9928302765,80.2129821777,41761,41771,10
12.9929103851,80.2129211426,41771,41781,10
12.9929895401,80.212677002,41781,41791,10
12.9931602478,80.2121429443,41791,41801,10
12.9932203293,80.2118911743,41801,41811,10
12.9933595657,80.2113265991,41811,41821,10
12.9933795929,80.2112197876,41821,41831,10
12.9934196472,80.2110290527,41831,41841,10
12.9935703278,80.2104873657,41841,41852,11
12.9938402176,80.2101287842,41852,41872,20
12.9938402176,80.2101287842,41872,41882,10
12.9939098358,80.2101364136,41882,41892,10
12.9941997528,80.2101364136,41892,41902,10
12.9945402145,80.2101516724,41902,41912,10
12.9947500229,80.2101593018,41912,41922,10
12.9952602386,80.2102127075,41922,41932,10
12.9957895279,80.2102737427,41932,41942,10
12.9962902069,80.2103118896,41942,41953,11
12.9968299866,80.2103729248,41953,41963,10
12.9972496033,80.2104492188,41963,41973,10
12.9972600937,80.2104568481,41973,41983,10
12.9973602295,80.2104110718,41983,41993,10
12.9974803925,80.2101135254,41993,42003,10
12.9976902008,80.2096176147,42003,42013,10
12.9980297089,80.2092132568,42013,42023,10
12.9981298447,80.2089614868,42023,42033,10
12.9982004166,80.2085494995,42033,42044,11
12.9983100891,80.2079086304,42044,42054,10
12.9985704422,80.2074127197,42054,42084,30
12.9985704422,80.2074127197,42084,42094,10
12.9988298416,80.2074203491,42094,42104,10
12.9991798401,80.2075424194,42104,42114,10
12.9996404648,80.207611084,42114,42124,10
13.0002803802,80.2077636719,42124,42134,10
13.0010004044,80.2080307007,42134,42145,11
13.0018901825,80.208442688,42145,42155,10
13.0026798248,80.2088470459,42155,42165,10
13.0034198761,80.2092514038,42165,42175,10
13.003490448,80.209487915,42175,42185,10
13.0035600662,80.2098922729,42185,42195,10
13.003660202,80.2104721069,42195,42205,10
13.0037403107,80.2112121582,42205,42215,10
13.0038404465,80.2118911743,42215,42225,10
13.0040903091,80.212020874,42225,42235,10
13.0043802261,80.2121429443,42235,42246,11
13.0049495697,80.2124404907,42246,42256,10
13.0056495667,80.2128295898,42256,42266,10
13.0064201355,80.2126998901,42266,42276,10
13.0071201324,80.2127685547,42276,42286,10
13.0077600479,80.2129516602,42286,42306,20
13.0077600479,80.2129516602,42306,42316,10
13.0078401566,80.2130279541,42316,42326,10
13.0082397461,80.2132873535,42326,42336,10
13.0087795258,80.2137374878,42336,42347,11
13.0093898773,80.2145690918,42347,42357,10
13.0099201202,80.2152404785,42357,42367,10
13.0104904175,80.2159805298,42367,42383,16
13.0109300613,80.2170715332,42383,42395,12
13.011300087,80.2179870605,42395,42405,10
13.0116300583,80.2188568115,42405,42415,10
13.0119600296,80.2198410034,42415,42424,9
13.0122804642,80.2207565308,42424,42434,10
13.0124998093,80.2212982178,42434,42446,12
13.0128297806,80.2217636108,42446,42456,10
13.013299942,80.2223434448,42456,42466,10
13.0137701035,80.2229537964,42466,42476,10
13.0140399933,80.2233123779,42476,42486,10
13.0142803192,80.2236099243,42486,42496,10
13.0145797729,80.2239379883,42496,42506,10
13.0149297714,80.2243881226,42506,42515,9
13.0154399872,80.2248535156,42515,42537,22
13.0154399872,80.2248535156,42537,42547,10
13.0155200958,80.224899292,42547,42557,10
13.0157804489,80.2251815796,42557,42567,10
13.0163202286,80.2252883911,42567,42577,10
13.0170602798,80.2250823975,42577,42587,10
13.0179700851,80.2247314453,42587,42597,10
13.0189199448,80.224357605,42597,42607,10
13.0196695328,80.2244796753,42607,42617,10
13.0204401016,80.2250137329,42617,42627,10
13.0208997726,80.2253494263,42627,42638,11
13.0213499069,80.225730896,42638,42648,10
13.0217504501,80.2259979248,42648,42658,10
13.021780014,80.226020813,42658,42668,10
13.0218496323,80.2260665894,42668,42678,10
13.0221004486,80.2262878418,42678,42688,10
13.0226297379,80.2267913818,42688,42698,10
13.0233402252,80.2274398804,42698,42708,10
13.0240602493,80.2281570435,42708,42718,10
13.024600029,80.2288513184,42718,42728,10
13.0250501633,80.2294616699,42728,42739,11
13.0256204605,80.2302017212,42739,42749,10
13.0258302689,80.2305908203,42749,42759,10
13.0258903503,80.2308120728,42759,42769,10
13.0259799957,80.2312164307,42769,42779,10
13.0264196396,80.2312316895,42779,42789,10
13.0271701813,80.2309875488,42789,42799,10
13.027970314,80.2308731079,42799,42809,10
13.0284204483,80.230796814,42809,42819,10
13.0285797119,80.2308197021,42819,42830,11
13.0290603638,80.2308197021,42830,42860,30
13.0290603638,80.2308197021,42860,42870,10
13.0293903351,80.2308807373,42870,42880,10
13.0298299789,80.2308120728,42880,42890,10
13.0302400589,80.2307434082,42890,42900,10
13.0306901932,80.2306976318,42900,42910,10
13.0309801102,80.230682373,42910,42920,10
13.0313997269,80.2306518555,42920,42931,11
13.031999588,80.2305984497,42931,42947,16
13.0329198837,80.2305374146,42947,42959,12
13.0333404541,80.230506897,42959,42969,10
13.0336303711,80.2304992676,42969,42979,10
13.0339803696,80.2304534912,42979,42989,10
13.0345001221,80.2303390503,42989,43151,162
13.0345001221,80.2303390503,43151,43161,10
13.0349302292,80.230178833,43161,43171,10
13.0350399017,80.2299575806,43171,43393,222
13.0350399017,80.2299575806,43393,43403,10
13.0346698761,80.2298431396,43403,43575,172
13.0346698761,80.2298431396,43575,43585,10
13.0342903137,80.229850769,43585,43646,61
13.0342903137,80.229850769,43646,43656,10
13.0342302322,80.2302017212,43656,43676,20
13.0342302322,80.2302017212,43676,43686,10
13.0341701508,80.2304000854,43686,43696,10
13.0340995789,80.2304763794,43696,43706,10
13.0340099335,80.2304534912,43706,43717,11
13.0337200165,80.23046875,43717,43727,10
13.0330600739,80.2305297852,43727,43737,10
13.0323200226,80.2306213379,43737,43747,10
13.0316896439,80.2306594849,43747,43757,10
13.0310297012,80.23072052,43757,43767,10
13.0306596756,80.2307662964,43767,43777,10
13.0297899246,80.2308731079,43777,43797,20
13.0297899246,80.2308731079,43797,43807,10
13.0295600891,80.2308807373,43807,43818,11
13.029009819,80.2309494019,43818,43828,10
13.0283298492,80.2310333252,43828,43838,10
13.0278196335,80.2311019897,43838,43848,10
13.0277500153,80.2315826416,43848,43864,16
13.0278997421,80.2326507568,43864,43876,12
13.027179718,80.2329788208,43876,43906,30
13.027179718,80.2329788208,43906,43917,11
13.0269002914,80.2330169678,43917,43927,10
13.0266704559,80.2330169678,43927,43937,10
13.026309967,80.2325973511,43937,43947,10
13.0260601044,80.2317199707,43947,43957,10
13.0257701874,80.2307128906,43957,43967,10
13.0251502991,80.2297515869,43967,43977,10
13.0246696472,80.2291793823,43977,43987,10
13.0244197845,80.2288589478,43987,43996,9
13.0242099762,80.2285614014,43996,44008,12
13.0236597061,80.2279434204,44008,44017,9
13.0230998993,80.2274780273,44017,44048,31
13.0230998993,80.2274780273,44048,44058,10
13.0227499008,80.2272567749,44058,44068,10
13.0224599838,80.2268295288,44068,44078,10
13.021900177,80.2263412476,44078,44087,9
13.0212402344,80.2258224487,44087,44097,10
13.0205402374,80.2252807617,44097,44109,12
13.0198497772,80.2248001099,44109,44129,20
13.0198497772,80.2248001099,44129,44139,10
13.019659996,80.2246627808,44139,44149,10
13.0189504623,80.2244873047,44149,44159,10
13.0180196762,80.2248001099,44159,44169,10
13.0170898438,80.225189209,44169,44179,10
13.0163898468,80.2254867554,44179,44189,10
13.0158500671,80.2256774902,44189,44199,10
13.015709877,80.225730896,44199,44210,11
13.0156202316,80.2257766724,44210,44220,10
13.0153999329,80.2258682251,44220,44230,10
13.0151195526,80.225982666,44230,44240,10
13.0148296356,80.2260971069,44240,44260,20
13.0148296356,80.2260971069,44260,44270,10
13.0147399902,80.2261428833,44270,44280,10
13.0144701004,80.2262573242,44280,44300,20
13.0144701004,80.2262573242,44300,44311,11
13.0143499374,80.2262878418,44311,44321,10
13.0138902664,80.2264633179,44321,44331,10
13.0132198334,80.2266998291,44331,44341,10
13.0124397278,80.2269897461,44341,44351,10
13.0115003586,80.2273406982,44351,44361,10
13.0104904175,80.2277526855,44361,44371,10
13.0096797943,80.2279510498,44371,44381,10
13.0095901489,80.227432251,44381,44391,10
13.009929657,80.2266616821,44391,44402,11
13.0103797913,80.225730896,44402,44412,10
13.01060009,80.2252426147,44412,44422,10
13.0107402802,80.224937439,44422,44432,10
13.0109796524,80.224319458,44432,44442,10
13.0112400055,80.2235412598,44442,44452,10
13.0116100311,80.2226486206,44452,44462,10
13.0119695663,80.2216186523,44462,44472,10
13.0120801926,80.2208175659,44472,44482,10
13.0117797852,80.2199478149,44482,44492,10
13.0114803314,80.2190170288,44492,44503,11
13.0111198425,80.2179794312,44503,44513,10
13.0107603073,80.2170715332,44513,44523,10
13.0103502274,80.216217041,44523,44533,10
13.0099401474,80.2154388428,44533,44543,10
13.0095100403,80.2147979736,44543,44553,10
13.0090303421,80.2141418457,44553,44569,16
13.008480072,80.2135009766,44569,44581,12
13.0082902908,80.2134017944,44581,44589,8
13.0082702637,80.2133789063,44589,44602,13
13.0079097748,80.2131881714,44602,44622,20
13.0079097748,80.2131881714,44622,44632,10
13.0078001022,80.2130737305,44632,44642,10
13.0074396133,80.2128601074,44642,44653,11
13.0068902969,80.2127914429,44653,44662,9
13.0062999725,80.212852478,44662,44672,10
13.0056600571,80.212928772,44672,44682,10
13.0050601959,80.2125701904,44682,44692,10
13.0045003891,80.2122802734,44692,44703,11
13.0041599274,80.2121810913,44703,44713,10
13.0038204193,80.212097168,44713,44723,10
13.0032396317,80.2121276855,44723,44733,10
13.0027399063,80.2121505737,44733,44743,10
13.0023002625,80.212272644,44743,44753,10
13.0018997192,80.2125015259,44753,44763,10
13.00137043,80.2129135132,44763,44773,10
13.0008497238,80.2132797241,44773,44783,10
13.0002202988,80.2138595581,44783,44793,10
12.9996795654,80.2143096924,44793,44804,11
12.9991703033,80.2147598267,44804,44814,10
12.9989004135,80.2149581909,44814,44824,10
12.9983997345,80.2154312134,44824,44834,10
12.9974803925,80.2162094116,44834,44854,20
12.9974803925,80.2162094116,44854,44864,10
12.9972896576,80.2164230347,44864,44874,10
12.9971399307,80.2165527344,44874,44884,10
12.9966001511,80.216583252,44884,44895,11
12.9956998825,80.2167663574,44895,44905,10
12.9950799942,80.2170562744,44905,44915,10
12.9947395325,80.2172775269,44915,44925,10
12.9942598343,80.2176513672,44925,44935,10
12.9939203262,80.2179107666,44935,44945,10
12.9933595657,80.2182998657,44945,44955,10
12.9926795959,80.218788147,44955,44965,10
12.9921503067,80.2191772461,44965,44975,10
12.9914798737,80.2196807861,44975,44985,10
12.9909200668,80.220123291,44985,44996,11
12.9908504486,80.2201690674,44996,45006,10
12.9905796051,80.2203826904,45006,45016,10
12.9900197983,80.2208328247,45016,45026,10
12.9894599915,80.2214279175,45026,45036,10
12.9889802933,80.222038269,45036,45046,10
12.9883499146,80.2226486206,45046,45056,10
12.987830162,80.2230377197,45056,45066,10
12.9877300262,80.2230987549,45066,45076,10
12.9874897003,80.2231292725,45076,45086,10
12.9869804382,80.2230606079,45086,45097,11
12.986410141,80.2229919434,45097,45107,10
12.985710144,80.2230834961,45107,45117,10
12.985159874,80.2232589722,45117,45127,10
12.9847402573,80.2230987549,45127,45137,10
12.9843997955,80.22290802,45137,45147,10
12.9839000702,80.2226028442,45147,45157,10
12.983499527,80.2223892212,45157,45167,10
12.9833898544,80.2223129272,45167,45177,10
12.9832496643,80.2222213745,45177,45188,11
12.983039856,80.2220993042,45188,45198,10
12.9825801849,80.2219161987,45198,45208,10
12.9820699692,80.2217330933,45208,45218,10
12.9815797806,80.2213668823,45218,45228,10
12.9811601639,80.2212524414,45228,45238,10
12.9803600311,80.2211685181,45238,45248,10
12.9793996811,80.2212219238,45248,45258,10
12.9785203934,80.2212371826,45258,45268,10
12.9774799347,80.2212677002,45268,45278,10
12.9764604568,80.2212905884,45278,45289,11
12.9762401581,80.2216796875,45289,45309,20
12.9762401581,80.2216796875,45309,45319,10
12.976269722,80.2218399048,45319,45328,9
12.9765100479,80.2222671509,45328,45339,11
12.9770002365,80.2230300903,45339,45349,10
12.9775400162,80.2238922119,45349,45359,10
12.9780302048,80.2246627808,45359,45369,10
12.9783802032,80.2252502441,45369,45379,10
12.9787397385,80.2258300781,45379,45390,11
12.9792404175,80.2266464233,45390,45400,10
12.9796600342,80.2273406982,45400,45410,10
12.980099678,80.2280578613,45410,45420,10
12.9805297852,80.2287979126,45420,45430,10
12.980799675,80.2292861938,45430,45440,10
12.9811096191,80.2297821045,45440,45450,10
12.9815797806,80.230430603,45450,45470,20
12.9815797806,80.230430603,45470,45481,11
12.9817199707,80.2306900024,45481,45491,10
12.9819297791,80.2313079834,45491,45501,10
12.9820098877,80.2320785522,45501,45511,10
12.981880188,80.2328262329,45511,45521,10
12.9816703796,80.2333374023,45521,45531,10
12.9815998077,80.2334823608,45531,45541,10
12.9815502167,80.2335968018,45541,45557,16
12.9811897278,80.2346115112,45557,45569,12
12.9811897278,80.2355270386,45569,45577,8
12.9812002182,80.2361373901,45577,45590,13
12.9812402725,80.2373580933,45590,45599,9
12.9812698364,80.2381896973,45599,45610,11
12.9812898636,80.2386398315,45610,45620,10
12.981300354,80.2387008667,45620,45629,9
12.981300354,80.2395782471,45629,45660,31
12.981300354,80.2395782471,45660,45670,10
12.9813203812,80.2397079468,45670,45681,11
12.9813299179,80.2402420044,45681,45691,10
12.9813404083,80.2410430908,45691,45701,10
12.9813203812,80.2418136597,45701,45711,10
12.9813404083,80.2427978516,45711,45731,20
12.9813404083,80.2427978516,45731,45741,10
12.9813604355,80.2429885864,45741,45751,10
12.9813299179,80.2436218262,45751,45761,10
12.9812097549,80.2444992065,45761,45771,10
12.9810800552,80.2455291748,45771,45782,11
12.9809503555,80.2467193604,45782,45792,10
12.9808502197,80.2478637695,45792,45802,10
12.9807701111,80.2489700317,45802,45811,9
12.9806804657,80.249710083,45811,45821,10
12.9804601669,80.250617981,45821,45832,11
12.9802103043,80.2515792847,45832,45842,10
12.9800901413,80.2522125244,45842,45852,10
12.9800901413,80.252243042,45852,45862,10
12.9800701141,80.2524719238,45862,45872,10
12.9804801941,80.2526626587,45872,45883,11
12.9813804626,80.2526321411,45883,45892,9
12.9822597504,80.2526016235,45892,45903,11
12.9834403992,80.2524795532,45903,45913,10
12.9845695496,80.2521820068,45913,45923,10
12.9856595993,80.2518920898,45923,45933,10
12.9865598679,80.251663208,45933,45943,10
12.9875602722,80.2513809204,45943,46073,130
12.9875602722,80.2513809204,46073,46083,10
12.9879302979,80.2516098022,46083,46093,10
12.9880104065,80.2521896362,46093,46102,9
12.9879598618,80.2529525757,46102,46113,11
12.9878396988,80.25415802,46113,46124,11
12.987660408,80.2555923462,46124,46316,192
12.987660408,80.2555923462,46316,46326,10
12.9876899719,80.2558822632,46326,46336,10
12.9876003265,80.2564468384,46336,46346,10
12.9875001907,80.2571563721,46346,46356,10
12.9874601364,80.2579727173,46356,46367,11
12.9873504639,80.2584915161,46367,46377,10
12.9872503281,80.2585601807,46377,46407,30
12.9872503281,80.2585601807,46407,46417,10
12.9869003296,80.2585830688,46417,46589,172
12.9868202209,80.2587127686,46589,46619,30
12.9868202209,80.2587127686,46619,46629,10
12.9868001938,80.2587890625,46629,46639,10
12.9868001938,80.2590789795,46639,46649,10
12.9868803024,80.2592010498,46649,48975,2326
12.986749649,80.2589797974,48975,49753,778
12.9866104126,80.2590103149,49753,49793,40
12.9867296219,80.2590866089,49793,49894,101
12.9867296219,80.2590866089,49894,49905,11
12.986700058,80.2591400146,49905,50319,414
12.9868001938,80.2590789795,50319,50470,151
12.9868001938,80.2590789795,50470,50480,10
12.9871101379,80.2590789795,50480,50490,10
12.9872598648,80.2590484619,50490,50501,11
12.9872903824,80.2590026855,50501,50511,10
12.9873504639,80.2586898804,50511,50521,10
12.9873800278,80.2581710815,50521,50531,10
12.9874095917,80.2575073242,50531,50541,10
12.9875097275,80.2563400269,50541,50602,61
12.9875097275,80.2563400269,50602,50612,10
12.9876203537,80.2560577393,50612,50622,10
12.9876403809,80.2557067871,50622,50632,10
12.9877099991,80.2551574707,50632,50642,10
12.9877099991,80.2548980713,50642,50652,10
12.9877099991,80.2548294067,50652,50662,10
12.9877500534,80.2543716431,50662,50672,10
12.9877996445,80.2536468506,50672,50682,10
12.987859726,80.252822876,50682,50693,11
12.987859726,80.2520217896,50693,50703,10
12.9876804352,80.2516403198,50703,50713,10
12.9875802994,80.2516326904,50713,50723,10
12.9871501923,80.2516403198,50723,50733,10
12.9865503311,80.2517700195,50733,50743,10
12.9856901169,80.2519683838,50743,50753,10
12.9846496582,80.2522506714,50753,50763,10
12.9834804535,80.2525405884,50763,50773,10
12.9823303223,80.2526702881,50773,50783,10
12.9811096191,80.2526779175,50783,50794,11
12.9799804688,80.2527236938,50794,50854,60
12.9799804688,80.2527236938,50854,50864,10
12.9799804688,80.2527694702,50864,50874,10
12.9799098969,80.2523498535,50874,50895,21
12.9799098969,80.2523498535,50895,50905,10
12.9799804688,80.2520370483,50905,50915,10
12.9801502228,80.2515029907,50915,50925,10
12.980389595,80.2507019043,50925,50935,10
12.9806003571,80.2498931885,50935,50945,10
12.9807195663,80.2489929199,50945,50955,10
12.9807796478,80.2482223511,50955,50965,10
12.9808702469,80.2470092773,50965,50975,10
12.9809799194,80.2460021973,50975,50986,11
12.9811000824,80.245010376,50986,50996,10
12.9811697006,80.2441329956,50996,51006,10
12.9812097549,80.2437515259,51006,51016,10
12.9813299179,80.2434921265,51016,51026,10
12.9813203812,80.2430419922,51026,51036,10
12.9813203812,80.2429275513,51036,51056,20
12.9813203812,80.2429275513,51056,51066,10
12.9813404083,80.24269104,51066,51083,17
12.9813203812,80.2413864136,51083,51095,12
12.9813098907,80.2402496338,51095,51105,10
12.981300354,80.2396621704,51105,51115,10
12.9812698364,80.238899231,51115,51125,10
12.9812402725,80.2381286621,51125,51135,10
12.9812402725,80.2379226685,51135,51144,9
12.9812402725,80.2378921509,51144,51155,11
12.9812297821,80.2374191284,51155,51164,9
12.9812097549,80.2367401123,51164,51175,11
12.981180191,80.2356796265,51175,51186,11
12.9811697006,80.2344894409,51186,51197,11
12.9815702438,80.2334289551,51197,51277,80
12.9815702438,80.2334289551,51277,51288,11
12.9818000793,80.233001709,51288,51298,10
12.9819698334,80.2324676514,51298,51308,10
12.9819698334,80.2320480347,51308,51318,10
12.9819498062,80.2315826416,51318,51328,10
12.9818696976,80.2312393188,51328,51338,10
12.9816503525,80.2306976318,51338,51348,10
12.981300354,80.2301025391,51348,51358,10
12.9809303284,80.2294998169,51358,51368,10
12.9806995392,80.2291564941,51368,51379,11
12.9805803299,80.2289733887,51379,51389,10
12.9805803299,80.2289199829,51389,51399,10
12.9803800583,80.2285614014,51399,51409,10
12.9801502228,80.2280807495,51409,51419,10
12.9797697067,80.2274627686,51419,51429,10
12.9793395996,80.2267303467,51429,51439,10
12.9789199829,80.2260437012,51439,51449,10
12.9785003662,80.2253570557,51449,51459,10
12.9781599045,80.2247619629,51459,51469,10
12.9778404236,80.2244033813,51469,51480,11
12.9777498245,80.2242584229,51480,51490,10
12.9776201248,80.2240066528,51490,51500,10
12.9773101807,80.2234802246,51500,51510,10
12.9769001007,80.2228012085,51510,51520,10
12.9765195847,80.2221832275,51520,51530,10
12.9760904312,80.2215270996,51530,51540,10
12.9755802155,80.2209320068,51540,51560,20
12.9755802155,80.2209320068,51560,51570,10
12.975520134,80.2208633423,51570,51581,11
12.975399971,80.2205886841,51581,51591,10
12.9756002426,80.2203292847,51591,51601,10
12.9761104584,80.2200622559,51601,51617,16
12.9773902893,80.2194824219,51617,51629,12
12.9782400131,80.2191314697,51629,51639,10
12.9785995483,80.2189865112,51639,51649,10
12.9792804718,80.2187423706,51649,51659,10
12.9799804688,80.2184829712,51659,51669,10
12.9807300568,80.2181930542,51669,51680,11
12.9817495346,80.217880249,51680,51689,9
12.9827804565,80.2178268433,51689,51700,11
12.9836597443,80.2177963257,51700,51710,10
12.9837598801,80.2178192139,51710,51720,10
12.983880043,80.2178726196,51720,51730,10
12.9843502045,80.2178726196,51730,51740,10
12.9850597382,80.2178573608,51740,51750,10
12.9859600067,80.2179489136,51750,51760,10
12.9868001938,80.218132019,51760,51771,11
12.9873199463,80.2182235718,51771,51781,10
12.9874401093,80.2181930542,51781,51791,10
12.9875602722,80.2178497314,51791,51801,10
12.9876003265,80.2177276611,51801,51811,10
12.9877796173,80.2171783447,51811,51821,10
12.9880599976,80.2164306641,51821,51831,10
12.988530159,80.2156906128,51831,51841,10
12.9889001846,80.2151184082,51841,51851,10
12.9891395569,80.2147674561,51851,51861,10
12.9894304276,80.2147064209,51861,51872,11
12.9899301529,80.214881897,51872,51882,10
12.9903402328,80.2147598267,51882,51892,10
12.9907503128,80.2144088745,51892,51902,10
12.9909696579,80.2139205933,51902,51912,10
12.991060257,80.2136001587,51912,51922,10
12.9910898209,80.2134628296,51922,51932,10
12.9911699295,80.213142395,51932,51942,10
12.9912700653,80.2127914429,51942,51952,10
12.9913396835,80.2126464844,51952,51962,10
12.9916095734,80.212677002,51962,51973,11
12.9917297363,80.2127075195,51973,51983,10
12.9922304153,80.2128295898,51983,51993,10
12.9928197861,80.2129974365,51993,52003,10
12.9928598404,80.2129898071,52003,52013,10
12.9929304123,80.2127609253,52013,52023,10
12.9930400848,80.2122421265,52023,52033,10
12.9932098389,80.2115325928,52033,52043,10
12.9934101105,80.2107925415,52043,52053,10
12.9935398102,80.2102813721,52053,52063,10
12.9938001633,80.2101211548,52063,52074,11
12.9938001633,80.2101287842,52074,52084,10
12.9939002991,80.2101211548,52084,52094,10
12.9943199158,80.2101593018,52094,52104,10
12.9949102402,80.2102127075,52104,52114,10
12.9954996109,80.2102508545,52114,52124,10
12.9961795807,80.210319519,52124,52134,10
12.9967403412,80.2104034424,52134,52144,10
12.9972200394,80.2104797363,52144,52164,20
12.9972200394,80.2104797363,52164,52175,11
12.9974002838,80.2101898193,52175,52185,10
12.9976396561,80.2096481323,52185,52195,10
12.9980401993,80.2091293335,52195,52205,10
12.9981498718,80.2085418701,52205,52215,10
12.9983196259,80.2076187134,52215,52276,61
12.9983196259,80.2076187134,52276,52286,10
12.9985599518,80.2073669434,52286,52296,10
12.998840332,80.2074508667,52296,52306,10
12.9991502762,80.2075500488,52306,52316,10
12.9996500015,80.2076568604,52316,52326,10
13.0001802444,80.2077636719,52326,52336,10
13.0006198883,80.2078475952,52336,52377,41
13.0006198883,80.2078475952,52377,52387,10
13.0009403229,80.2079620361,52387,52397,10
13.0014095306,80.2081832886,52397,52407,10
13.0020198822,80.2085189819,52407,52417,10
13.0027999878,80.2089233398,52417,52427,10
13.0034399033,80.2092819214,52427,52437,10
13.0034799576,80.209487915,52437,52447,10
13.0035200119,80.2097473145,52447,52457,10
13.0036201477,80.2102432251,52457,52468,11
13.0037403107,80.2109985352,52468,52478,10
13.0037698746,80.2116622925,52478,52488,10
13.0040197372,80.2119522095,52488,52498,10
13.0040903091,80.2119827271,52498,52508,10
13.0044298172,80.2121505737,52508,52518,10
13.0047597885,80.2123184204,52518,52528,10
13.005200386,80.2126312256,52528,52538,10
13.0058403015,80.2128982544,52538,52548,10
13.0064601898,80.2127075195,52548,52559,11
13.0071496964,80.2127609253,52559,52569,10
13.0077600479,80.2129364014,52569,52589,20
13.0077600479,80.2129364014,52589,52599,10
13.0078296661,80.2129821777,52599,52609,10
13.008020401,80.2131500244,52609,52619,10
13.0084896088,80.2133636475,52619,52629,10
13.008890152,80.2138900757,52629,52639,10
13.0094299316,80.2146224976,52639,52649,10
13.0098304749,80.215133667,52649,52660,11
13.0103702545,80.2158813477,52660,52670,10
13.0107803345,80.2167129517,52670,52680,10
13.0110998154,80.2174682617,52680,52690,10
13.0114402771,80.2183837891,52690,52699,9
13.0117797852,80.2192764282,52699,52710,11
13.0121002197,80.2202224731,52710,52720,10
13.0123100281,80.2208480835,52720,52730,10
13.0125999451,80.2214889526,52730,52740,10
13.0129699707,80.2220001221,52740,52751,11
13.0135002136,80.2226486206,52751,52761,10
13.0139799118,80.2232513428,52761,52771,10
13.0143404007,80.2236785889,52771,52781,10
13.0147600174,80.2242126465,52781,52791,10
13.0155496597,80.2249832153,52791,52811,20
13.0155496597,80.2249832153,52811,52821,10
13.0155601501,80.2250137329,52821,52831,10
13.0159301758,80.2252502441,52831,52841,10
13.0166702271,80.225227356,52841,52852,11
13.0177097321,80.2248382568,52852,52862,10
13.0187196732,80.2244186401,52862,52872,10
13.0196304321,80.2245025635,52872,52882,10
13.0203399658,80.2249984741,52882,52892,10
13.0210103989,80.2254867554,52892,52902,10
13.0219898224,80.2261962891,52902,52932,30
13.0219898224,80.2261962891,52932,52942,10
13.0221500397,80.2263336182,52942,52953,11
13.0226297379,80.2267379761,52953,52963,10
13.0232601166,80.2273330688,52963,52973,10
13.0239295959,80.2279663086,52973,52983,10
13.0243301392,80.2283935547,52983,52992,9
13.0243396759,80.2284011841,52992,53003,11
13.0244998932,80.2286071777,53003,53013,10
13.0248804092,80.2291564941,53013,53023,10
13.0254297256,80.2298583984,53023,53033,10
13.0258598328,80.2305984497,53033,53043,10
13.0260295868,80.2312393188,53043,53054,11
13.0264902115,80.2312088013,53054,53064,10
13.0271997452,80.2310409546,53064,53074,10
13.0280103683,80.2309036255,53074,53084,10
13.0284500122,80.2308502197,53084,53094,10
13.0285396576,80.2308425903,53094,53104,10
13.0291099548,80.2308425903,53104,53124,20
13.0291099548,80.2308425903,53124,53134,10
13.0292100906,80.2308578491,53134,53144,10
13.0295600891,80.2308120728,53144,53155,11
13.0301704407,80.2307510376,53155,53165,10
13.0306997299,80.2307128906,53165,53175,10
13.0311899185,80.2306594849,53175,53185,10
13.0317602158,80.2306289673,53185,53195,10
13.0322303772,80.2305831909,53195,53205,10
13.0329399109,80.2305374146,53205,53215,10
13.0335197449,80.2304992676,53215,53225,10
13.0339002609,80.2304992676,53225,53235,10
13.0342302322,80.2304534912,53235,53246,11
13.0346899033,80.2303085327,53246,53326,80
13.0346899033,80.2303085327,53326,53336,10
13.0349597931,80.230178833,53336,53347,11
13.0350799561,80.229888916,53347,53357,10
13.0346899033,80.2297821045,53357,53690,333
13.0346899033,80.2297821045,53690,53700,10
13.0343904495,80.2297515869,53700,53983,283
13.0342502594,80.2300567627,53983,54034,51
13.0342502594,80.2300567627,54034,54044,10
13.0342102051,80.230178833,54044,54054,10
13.0341796875,80.2303009033,54054,54064,10
13.0339803696,80.2304077148,54064,54074,10
13.0334701538,80.2304534912,54074,54084,10
13.0328903198,80.2305221558,54084,54094,10
13.0321397781,80.2305984497,54094,54104,10
13.0313396454,80.2306976318,54104,54114,10
13.0307502747,80.2307434082,54114,54124,10
13.0303697586,80.2307662964,54124,54134,10
13.029999733,80.230796814,54134,54145,11
13.0298204422,80.2308197021,54145,54155,10
13.0297002792,80.2308425903,54155,54165,10
13.0292396545,80.2309036255,54165,54175,10
13.0286302567,80.2309570313,54175,54185,10
13.0279998779,80.2310333252,54185,54195,10
13.0276498795,80.2311019897,54195,54205,10
13.027680397,80.2315826416,54205,54215,10
13.0277299881,80.2319335938,54215,54226,11
13.0278596878,80.2325286865,54226,54236,10
13.0275802612,80.2327880859,54236,54246,10
13.0272502899,80.2328720093,54246,54256,10
13.027009964,80.2329406738,54256,54266,10
13.0267400742,80.2330169678,54266,54276,10
13.0263996124,80.2328567505,54276,54286,10
13.0261802673,80.2321777344,54286,54296,10
13.0259199142,80.2311782837,54296,54306,10
13.0254497528,80.2301177979,54306,54316,10
13.0248098373,80.2292709351,54316,54327,11
13.0241603851,80.2284011841,54327,54337,10
13.0236701965,80.2278823853,54337,54347,10
13.0235099792,80.2277374268,54347,54357,10
13.0234498978,80.2276916504,54357,54367,10
13.0234003067,80.2276535034,54367,54377,10
13.0231800079,80.2275466919,54377,54407,30
13.0231800079,80.2275466919,54407,54417,10
13.022939682,80.2273788452,54417,54428,11
13.0227603912,80.2272109985,54428,54438,10
13.0226602554,80.2271194458,54438,54448,10
13.0224304199,80.2267608643,54448,54458,10
13.0219202042,80.2263031006,54458,54468,10
13.0214500427,80.2259216309,54468,54478,10
13.0210895538,80.2256317139,54478,54488,10
13.0207500458,80.2253723145,54488,54498,10
13.020409584,80.2251586914,54498,54508,10
13.0201597214,80.2249908447,54508,54518,10
13.0201196671,80.2249603271,54518,54529,11
13.0198001862,80.2247390747,54529,54539,10
13.019080162,80.2244796753,54539,54549,10
13.0181703568,80.2247695923,54549,54559,10
13.0171899796,80.225151062,54559,54569,10
13.0164499283,80.2254486084,54569,54579,10
13.0158500671,80.2256622314,54579,54589,10
13.0152196884,80.2258834839,54589,54599,10
13.0143899918,80.2261962891,54599,54620,21
13.0143899918,80.2261962891,54620,54630,10
13.0141201019,80.22631073,54630,54640,10
13.0135202408,80.2265396118,54640,54650,10
13.012720108,80.2268371582,54650,54660,10
13.0118398666,80.227180481,54660,54670,10
13.010840416,80.2275619507,54670,54680,10
13.0100097656,80.227897644,54680,54690,10
13.0094900131,80.2277297974,54690,54700,10
13.0097103119,80.227142334,54700,54710,10
13.0100803375,80.2263336182,54710,54721,11
13.0104598999,80.2254562378,54721,54731,10
13.0105304718,80.2252883911,54731,54741,10
13.0105895996,80.2251434326,54741,54751,10
13.0108098984,80.2246780396,54751,54761,10
13.0111103058,80.2239685059,54761,54771,10
13.0113801956,80.22315979,54771,54781,10
13.0117301941,80.2223129272,54781,54791,10
13.0120801926,80.2214584351,54791,54801,10
13.0120897293,80.2208099365,54801,54811,10
13.0118703842,80.2199783325,54811,54822,11
13.0114898682,80.2189331055,54822,54832,10
13.0111904144,80.2180633545,54832,54842,10
13.010840416,80.2172012329,54842,54852,10
13.0104703903,80.2164230347,54852,54862,10
13.0101099014,80.2158126831,54862,54872,10
13.0097904205,80.215171814,54872,54882,10
13.0094003677,80.2146377563,54882,54892,10
13.0089702606,80.2140731812,54892,54902,10
13.0084199905,80.2134475708,54902,54983,81
13.0080900192,80.2132568359,54983,55003,20
13.0079498291,80.2131881714,55003,55034,31
13.0079498291,80.2131881714,55034,55044,10
13.0076303482,80.2128982544,55044,55054,10
13.0070104599,80.2127609253,55054,55064,10
13.0061702728,80.2128295898,55064,55074,10
13.005399704,80.2127685547,55074,55083,9
13.0046796799,80.2123184204,55083,55093,10
13.0038604736,80.2120437622,55093,55104,11
13.0036697388,80.2117462158,55104,55115,11
13.0036697388,80.2116470337,55115,55125,10
13.0036096573,80.211151123,55125,55135,10
13.0035400391,80.2104721069,55135,55145,10
13.0034999847,80.2097320557,55145,55155,10
13.0034399033,80.2093200684,55155,55165,10
13.0029296875,80.2090377808,55165,55175,10
13.0021800995,80.2086486816,55175,55185,10
13.0013799667,80.2082214355,55185,55195,10
13.0007600784,80.2079162598,55195,55205,10
13.0004196167,80.2077713013,55205,55216,11
12.9996795654,80.207649231,55216,55226,10
12.9991598129,80.2075271606,55226,55236,10
12.9988603592,80.2074584961,55236,55246,10
12.9984903336,80.2073974609,55246,55256,10
12.9983797073,80.2074584961,55256,55266,10
12.9983196259,80.2078933716,55266,55276,10
12.9982004166,80.2086029053,55276,55286,10
12.9981002808,80.2091064453,55286,55296,10
12.9977502823,80.2095336914,55296,55307,11
12.9974803925,80.2101593018,55307,55317,10
12.9974498749,80.2102432251,55317,55327,10
12.9973096848,80.2104415894,55327,55337,10
12.9969902039,80.2104110718,55337,55347,10
12.996509552,80.210357666,55347,55357,10
12.9960203171,80.2103118896,55357,55367,10
12.9955101013,80.2102584839,55367,55377,10
12.9950799942,80.2102279663,55377,55387,10
12.9945802689,80.2101821899,55387,55397,10
12.9941396713,80.2101516724,55397,55408,11
12.9936704636,80.2101364136,55408,55418,10
12.9935903549,80.2102890015,55418,55428,10
12.9935598373,80.210319519,55428,55438,10
12.9934797287,80.2107391357,55438,55448,10
12.9933004379,80.2115097046,55448,55458,10
12.9931297302,80.2122192383,55458,55468,10
12.9929800034,80.2128601074,55468,55478,10
12.9928102493,80.2130126953,55478,55488,10
12.9923295975,80.2128601074,55488,55498,10
12.9917097092,80.2126998901,55498,55509,11
12.9916496277,80.212677002,55509,55519,10
12.9913797379,80.2126083374,55519,55529,10
12.991230011,80.2129669189,55529,55539,10
12.9911203384,80.2134017944,55539,55549,10
12.991109848,80.2134170532,55549,55559,10
12.9910497665,80.2136993408,55559,55569,10
12.9908704758,80.2143325806,55569,55579,10
12.9905595779,80.2146530151,55579,55589,10
12.9900798798,80.2148513794,55589,55599,10
12.9894895554,80.2147064209,55599,55610,11
12.9891395569,80.2148590088,55610,55620,10
12.9890604019,80.2149429321,55620,55630,10
12.9888601303,80.2151870728,55630,55640,10
12.9885597229,80.2156524658,55640,55650,10
12.9881601334,80.2161865234,55650,55660,10
12.9878997803,80.2167892456,55660,55670,10
12.9877004623,80.2174224854,55670,55680,10
12.9875001907,80.2180328369,55680,55690,10
12.9874095917,80.2182922363,55690,55701,11
12.9871501923,80.2183532715,55701,55711,10
12.9869098663,80.2182769775,55711,55721,10
12.986240387,80.2180786133,55721,55731,10
12.9852399826,80.217918396,55731,55741,10
12.9842395782,80.2179336548,55741,55751,10
12.9834804535,80.2179718018,55751,55762,11
12.9833097458,80.2179718018,55762,55772,10
12.9826898575,80.2179718018,55772,55782,10
12.9820203781,80.2179794312,55782,55792,10
12.9816198349,80.2180023193,55792,55803,11
12.9809999466,80.2181472778,55803,55813,10
12.9803104401,80.2183914185,55813,55823,10
12.9794797897,80.2187194824,55823,55833,10
12.9787302017,80.2190170288,55833,55843,10
12.9780197144,80.2192764282,55843,55853,10
12.9770298004,80.2196884155,55853,55863,10
12.9757204056,80.2202606201,55863,55954,91
12.9757204056,80.2202606201,55954,55964,10
12.9754695892,80.220451355,55964,55974,10
12.9758396149,80.2209777832,55974,56338,364
12.9758396149,80.2209777832,56338,56348,10
12.9760398865,80.2213973999,56348,56358,10
12.976360321,80.2219009399,56358,56368,10
12.9767999649,80.2225570679,56368,56378,10
12.9771499634,80.2227020264,56378,56389,11
12.977519989,80.2224884033,56389,56399,10
12.9774904251,80.2219924927,56399,56409,10
12.9774599075,80.2214431763,56409,56419,10
12.9772195816,80.2212371826,56419,56429,10
12.9765901566,80.2212600708,56429,56439,10
12.976099968,80.2212982178,56439,56449,10
12.975859642,80.2212295532,56449,56459,10
12.9755802155,80.2209701538,56459,56479,20
12.9755802155,80.2209701538,56479,56490,11
12.9755001068,80.2208786011,56490,56500,10
12.9753904343,80.2206878662,56500,56510,10
12.9753904343,80.2205810547,56510,56520,10
12.9755001068,80.2204208374,56520,56530,10
12.9757204056,80.220199585,56530,56540,10
12.9762496948,80.2199172974,56540,56550,10
12.9769201279,80.2196426392,56550,56560,10
12.9776296616,80.2193374634,56560,56570,10
12.9783401489,80.2190475464,56570,56581,11
12.9787302017,80.2188873291,56581,56591,10
12.9792404175,80.2186965942,56591,56601,10
12.9798002243,80.21849823,56601,56611,10
12.9804000854,80.2182617188,56611,56621,10
12.9811897278,80.2179794312,56621,56631,10
12.982000351,80.2178268433,56631,56641,10
12.9826602936,80.2177963257,56641,56651,10
12.9834003448,80.2177963257,56651,56661,10
12.9836502075,80.2177886963,56661,56671,10
12.9837503433,80.2177963257,56671,56682,11
12.9842700958,80.2178192139,56682,56692,10
12.9849500656,80.2177963257,56692,56702,10
12.9857196808,80.2178573608,56702,56712,10
12.9865198135,80.2180404663,56712,56728,16
12.9871902466,80.2181625366,56728,56740,12
12.9874200821,80.2181625366,56740,56748,8
12.987569809,80.2177581787,56748,56759,11
12.987830162,80.2169723511,56759,56769,10
12.9881496429,80.2161865234,56769,56781,12
12.9887599945,80.2153320313,56781,56791,10
12.9891796112,80.2147064209,56791,56801,10
12.9894800186,80.2146682739,56801,56811,10
12.9896001816,80.2147064209,56811,56821,10
12.9899902344,80.2148132324,56821,56831,10
12.990070343,80.2148208618,56831,56841,10
12.9904499054,80.2146377563,56841,56851,10
12.9909200668,80.2140808105,56851,56861,10
12.991109848,80.2134170532,56861,56870,9
12.991230011,80.2129364014,56870,56882,12
12.9914999008,80.2126235962,56882,56892,10
12.9915399551,80.212638855,56892,56902,10
12.9918203354,80.2127227783,56902,56912,10
12.9924602509,80.212890625,56912,56922,10
12.9928598404,80.2129516602,56922,56932,10
12.9929103851,80.2127609253,56932,56942,10
12.9931097031,80.2121429443,56942,56952,10
12.9933004379,80.2114028931,56952,56962,10
12.9934997559,80.210647583,56962,56971,9
12.9936199188,80.2101211548,56971,56983,12
12.9938201904,80.2100830078,56983,56993,10
12.9939603806,80.2100830078,56993,57003,10
12.9943199158,80.2101211548,57003,57013,10
12.994720459,80.2101593018,57013,57023,10
12.9951696396,80.2101974487,57023,57033,10
12.9957304001,80.2102508545,57033,57043,10
12.9963197708,80.210319519,57043,57053,10
12.9969997406,80.2104187012,57053,57074,21
12.9969997406,80.2104187012,57074,57084,10
12.9972496033,80.2104797363,57084,57094,10
12.9972496033,80.2104721069,57094,57104,10
12.9974002838,80.2101898193,57104,57114,10
12.9976196289,80.2096099854,57114,57124,10
12.9980201721,80.2091293335,57124,57134,10
12.998169899,80.2085037231,57134,57175,41
12.998169899,80.2085037231,57175,57185,10
12.9982795715,80.208152771,57185,57195,10
12.9983701706,80.2076416016,57195,57205,10
12.9985704422,80.2073822021,57205,57225,20
12.9985704422,80.2073822021,57225,57235,10
12.998840332,80.2074508667,57235,57245,10
12.9992904663,80.2075576782,57245,57255,10
12.9998502731,80.2077102661,57255,57265,10
13.0003900528,80.2077713013,57265,57276,11
13.0008201599,80.2079391479,57276,57286,10
13.001540184,80.2082977295,57286,57296,10
13.0024595261,80.2087631226,57296,57306,10
13.0032997131,80.2091903687,57306,57316,10
13.0034599304,80.2094192505,57316,57326,10
13.0034704208,80.2096328735,57326,57336,10
13.003569603,80.2100830078,57336,57346,10
13.0037002563,80.2108917236,57346,57356,10
13.0037403107,80.2117233276,57356,57367,11
13.0041799545,80.2120437622,57367,57377,10
13.0047998428,80.2123565674,57377,57387,10
13.0054998398,80.2127227783,57387,57397,10
13.0062398911,80.2127075195,57397,57407,10
13.0068902969,80.212677002,57407,57417,10
13.0078401566,80.2130432129,57417,57447,30
13.0078401566,80.2130432129,57447,57457,10
13.0080099106,80.2131576538,57457,57468,11
13.0085697174,80.2134170532,57468,57478,10
13.009059906,80.2141036987,57478,57488,10
13.0095701218,80.2148284912,57488,57498,10
13.0100603104,80.215461731,57498,57508,10
13.01060009,80.2160720825,57508,57518,10
13.0108699799,80.2168807983,57518,57528,10
13.0112400055,80.2177200317,57528,57538,10
13.0115604401,80.2186813354,57538,57548,10
13.0119495392,80.2198181152,57548,57558,10
13.0123195648,80.2208786011,57558,57569,11
13.0126800537,80.2216033936,57569,57579,10
13.0131502151,80.2221832275,57579,57589,10
13.0136604309,80.2228622437,57589,57599,10
13.0141201019,80.2234725952,57599,57609,10
13.01445961,80.223777771,57609,57619,10
13.0148897171,80.224319458,57619,57629,10
13.014960289,80.2244415283,57629,57639,10
13.0154399872,80.2248764038,57639,57670,31
13.0154399872,80.2248764038,57670,57680,10
13.0157403946,80.2250976563,57680,57690,10
13.0164403915,80.2252120972,57690,57700,10
13.0173597336,80.224899292,57700,57710,10
13.0183095932,80.2245407104,57710,57720,10
13.0191802979,80.2242965698,57720,57730,10
13.0196399689,80.2244415283,57730,57740,10
13.0197200775,80.2244720459,57740,57750,10
13.0199403763,80.224609375,57750,57761,11
13.0204696655,80.2250289917,57761,57771,10
13.0210695267,80.2255096436,57771,57781,10
13.0216598511,80.2259368896,57781,57791,10
13.0218601227,80.2260665894,57791,57801,10
13.0219402313,80.2261428833,57801,57811,10
13.0223302841,80.2264633179,57811,57821,10
13.0228996277,80.2269363403,57821,57831,10
13.0235204697,80.2275238037,57831,57841,10
13.024140358,80.2281723022,57841,57851,10
13.0245199203,80.2286682129,57851,57862,11
13.0249099731,80.2292404175,57862,57872,10
13.0254802704,80.2299880981,57872,57882,10
13.0258903503,80.2307510376,57882,57892,10
13.0260400772,80.2312469482,57892,57902,10
13.0265398026,80.2312316895,57902,57912,10
13.0273199081,80.2310409546,57912,57922,10
13.028169632,80.2308807373,57922,57942,20
13.028169632,80.2308807373,57942,57953,11
13.0286397934,80.2308807373,57953,57963,10
13.0291004181,80.2308502197,57963,57973,10
13.0295801163,80.230796814,57973,57983,10
13.0298500061,80.230758667,57983,57993,10
13.0302495956,80.2307281494,57993,58003,10
13.0306301117,80.2306976318,58003,58013,10
13.0311603546,80.2306594849,58013,58023,10
13.0318002701,80.2305984497,58023,58033,10
13.0324897766,80.2305297852,58033,58043,10
13.0329399109,80.2305297852,58043,58054,11
13.0334796906,80.2304916382,58054,58124,70
13.0334796906,80.2304916382,58124,58134,10
13.0340795517,80.2304000854,58134,58155,21
13.0340795517,80.2304000854,58155,58165,10
13.0347499847,80.2302703857,58165,58215,50
13.0347499847,80.2302703857,58215,58225,10
13.0349998474,80.2301483154,58225,58235,10
13.0350704193,80.2299575806,58235,58246,11
13.0348396301,80.2298431396,58246,58292,46
13.0344400406,80.2297973633,58292,58547,255
13.034239769,80.2301177979,58547,58587,40
13.034239769,80.2301177979,58587,58597,10
13.0341796875,80.2302474976,58597,58607,10
13.0341701508,80.2303466797,58607,58617,10
13.0340204239,80.2304382324,58617,58627,10
13.0336799622,80.23046875,58627,58638,11
13.0334196091,80.2304763794,58638,58648,10
13.0328798294,80.2305374146,58648,58658,10
13.032119751,80.2306289673,58658,58667,9
13.0313301086,80.2307128906,58667,58678,11
13.0305595398,80.2307662964,58678,58688,10
13.029800415,80.2308807373,58688,58708,20
13.029800415,80.2308807373,58708,58718,10
13.0296201706,80.2308807373,58718,58728,10
13.0290203094,80.2309417725,58728,58739,11
13.0280199051,80.231048584,58739,58749,10
13.0276403427,80.231300354,58749,58759,10
13.0277395248,80.2319107056,58759,58769,10
13.027879715,80.2325973511,58769,58779,10
13.0275802612,80.2328872681,58779,58789,10
13.0269804001,80.233001709,58789,58799,10
13.0266399384,80.233039856,58799,58809,10
13.0263004303,80.2326431274,58809,58819,10
13.0261096954,80.2319564819,58819,58830,11
13.0259599686,80.2314224243,58830,58840,10
13.0257101059,80.2305908203,58840,58850,10
13.0250797272,80.2296066284,58850,58860,10
13.0243701935,80.2287216187,58860,58870,10
13.0237503052,80.2279968262,58870,58880,10
13.0229902267,80.2273864746,58880,58910,30
13.0229902267,80.2273864746,58910,58920,10
13.0227804184,80.2272109985,58920,58937,17
13.0224103928,80.2267303467,58937,58949,12
13.0221595764,80.2265319824,58949,58959,10
13.021780014,80.2261810303,58959,58969,10
13.0210399628,80.2256317139,58969,58979,10
13.0204296112,80.2252197266,58979,58988,9
13.0200500488,80.2249832153,58988,58999,11
13.0199098587,80.2248764038,58999,59009,10
13.0198497772,80.2248535156,59009,59018,9
13.0195598602,80.2246780396,59018,59030,12
13.0187397003,80.2245788574,59030,59039,9
13.0180397034,80.224861145,59039,59050,11
13.0171604156,80.225227356,59050,59060,10
13.0162801743,80.2255706787,59060,59070,10
13.0155200958,80.2258300781,59070,59080,10
13.0148000717,80.2261199951,59080,59090,10
13.0143995285,80.2262878418,59090,59100,10
13.0143604279,80.22631073,59100,59110,10
13.0138998032,80.2264785767,59110,59120,10
13.0131101608,80.2267684937,59120,59131,11
13.0120201111,80.227180481,59131,59141,10
13.0109100342,80.2276229858,59141,59151,10
13.0099401474,80.2279815674,59151,59161,10
13.0095996857,80.2274932861,59161,59171,10
13.0099496841,80.2266998291,59171,59181,10
13.0103998184,80.2257080078,59181,59191,10
13.0108604431,80.2246170044,59191,59201,10
13.0113697052,80.2233276367,59201,59221,20
13.0113697052,80.2233276367,59221,59232,11
13.0114297867,80.2231674194,59232,59242,10
13.0116195679,80.2226028442,59242,59252,10
13.0119495392,80.2216720581,59252,59262,10
13.0121297836,80.220993042,59262,59272,10
13.0119104385,80.2203216553,59272,59282,10
13.0116300583,80.2194366455,59282,59292,10
13.0112895966,80.218460083,59292,59302,10
13.010890007,80.2173919678,59302,59312,10
13.0104503632,80.2164001465,59312,59323,11
13.0099802017,80.2155380249,59323,59333,10
13.0094804764,80.2147521973,59333,59343,10
13.008939743,80.2140426636,59343,59353,10
13.0081195831,80.2133026123,59353,59383,30
13.0081195831,80.2133026123,59383,59394,11
13.0079498291,80.213218689,59394,59404,10
13.0077400208,80.2130279541,59404,59414,10
13.007229805,80.2128295898,59414,59425,11
13.006480217,80.2127685547,59425,59435,10
13.0059299469,80.2130126953,59435,59443,8
13.0054197311,80.2128067017,59443,59455,12
13.004650116,80.2123413086,59455,59465,10
13.0038900375,80.2120819092,59465,59475,10
13.0036802292,80.2118377686,59475,59486,11
13.0036802292,80.2117004395,59486,59496,10
13.0036201477,80.2112121582,59496,59506,10
13.0035495758,80.2105178833,59506,59517,11
13.0035200119,80.2098388672,59517,59527,10
13.0034103394,80.2093276978,59527,59536,9
13.0027999878,80.2090072632,59536,59547,11
13.001950264,80.2085571289,59547,59557,10
13.0010795593,80.2081069946,59557,59567,10
13.0003995895,80.2078170776,59567,59577,10
12.9996595383,80.2076873779,59577,59587,10
12.9992198944,80.2075805664,59587,59597,10
12.9987697601,80.2074813843,59597,59607,10
12.9983901978,80.2074432373,59607,59618,11
12.9983596802,80.2076416016,59618,59628,10
12.998339653,80.2077178955,59628,59638,10
12.9982995987,80.2080993652,59638,59648,10
12.9982299805,80.2085418701,59648,59658,10
12.9981899261,80.2088699341,59658,59668,10
12.9981603622,80.2090530396,59668,59678,10
12.9978504181,80.2094192505,59678,59688,10
12.9976596832,80.2098083496,59688,59698,10
12.9974603653,80.2102279663,59698,59709,11
12.9972696304,80.2104873657,59709,59719,10
12.9971599579,80.2104568481,59719,59729,10
12.997010231,80.2104415894,59729,59739,10
12.9966201782,80.2103881836,59739,59749,10
12.9961204529,80.2103424072,59749,59759,10
12.9958400726,80.2103118896,59759,59769,10
12.9955997467,80.2102890015,59769,59779,10
12.9952497482,80.2102737427,59779,59789,10
12.9948701859,80.2102279663,59789,59799,10
12.9944801331,80.2101898193,59799,59810,11
12.9940004349,80.2101593018,59810,59820,10
12.9936304092,80.2102813721,59820,59840,20
12.9936304092,80.2102813721,59840,59850,10
12.9935798645,80.2104263306,59850,59860,10
12.9934597015,80.2109069824,59860,59870,10
12.9932804108,80.2116394043,59870,59880,10
12.9931602478,80.2121582031,59880,59890,10
12.9930095673,80.212638855,59890,59901,11
12.9928998947,80.2130432129,59901,59911,10
12.9925403595,80.2129592896,59911,59921,10
12.9919595718,80.2127990723,59921,59931,10
12.9915599823,80.2126922607,59931,59941,10
12.9915399551,80.212677002,59941,59951,10
12.9913301468,80.2126998901,59951,59961,10
12.9912204742,80.2131576538,59961,59971,10
12.9910802841,80.2136764526,59971,59981,10
12.9908800125,80.2143325806,59981,59998,17
12.9899597168,80.2148590088,59998,60010,12
12.989159584,80.2148284912,60010,60030,20
12.989159584,80.2148284912,60030,60040,10
12.9890098572,80.2150421143,60040,60050,10
12.9886598587,80.2155609131,60050,60060,10
12.988240242,80.2161331177,60060,60070,10
12.9879102707,80.2168426514,60070,60080,10
12.9876403809,80.2176513672,60080,60090,10
12.9874401093,80.2182006836,60090,60101,11
12.986989975,80.2183380127,60101,60121,20
12.986989975,80.2183380127,60121,60131,10
12.9865999222,80.2182235718,60131,60141,10
12.9858703613,80.2180175781,60141,60151,10
12.9849395752,80.2179412842,60151,60161,10
12.9840898514,80.2179794312,60161,60171,10
12.9837799072,80.2180023193,60171,60181,10
12.9835395813,80.2180023193,60181,60191,10
12.9828901291,80.2180023193,60191,60202,11
12.9820604324,80.2179794312,60202,60212,10
12.9812097549,80.2181472778,60212,60222,10
12.9805002213,80.2183837891,60222,60232,10
12.9801998138,80.2185134888,60232,60242,10
12.979929924,80.2186203003,60242,60252,10
12.97935009,80.2188720703,60252,60262,10
12.9788398743,80.219078064,60262,60272,10
12.978269577,80.219329834,60272,60282,10
12.9774198532,80.2196578979,60282,60293,11
12.9764604568,80.2200622559,60293,60303,10
12.9757404327,80.2203903198,60303,60313,10
12.975520134,80.2207183838,60313,60323,10
12.9757604599,80.2210083008,60323,60464,141
12.9757604599,80.2210083008,60464,60474,10
12.9758501053,80.2211685181,60474,60485,11
12.975979805,80.2213134766,60485,60495,10
12.9760503769,80.2213973999,60495,60505,10
12.9762897491,80.2217788696,60505,60515,10
12.9766397476,80.2223129272,60515,60525,10
12.9769496918,80.2227706909,60525,60535,10
12.9772500992,80.2227630615,60535,60545,10
12.9774503708,80.2227172852,60545,60554,9
12.9774999619,80.222328186,60554,60565,11
12.9774599075,80.2217712402,60565,60575,10
12.9774198532,80.2212982178,60575,60586,11
12.9768600464,80.2212905884,60586,60596,10
12.9763402939,80.2212677002,60596,60606,10
12.9760503769,80.2212982178,60606,60646,40
12.9760503769,80.2212982178,60646,60656,10
12.9758195877,80.2213134766,60656,60666,10
12.975520134,80.2209777832,60666,60767,101
12.975520134,80.2209777832,60767,60778,11
12.9754495621,80.2208633423,60778,60788,10
12.9753704071,80.2206115723,60788,60798,10
12.975520134,80.2204208374,60798,60808,10
12.9756498337,80.2203292847,60808,60818,10
12.976099968,80.2201080322,60818,60828,10
12.976770401,80.2198104858,60828,60838,10
12.9775600433,80.2194671631,60838,60848,10
12.9783401489,80.2191619873,60848,60858,10
12.9788599014,80.218963623,60858,60868,10
12.979590416,80.2186737061,60868,60879,11
12.9801797867,80.2184295654,60879,60888,9
12.9808197021,80.2182006836,60888,60899,11
12.9816799164,80.2179336548,60899,60909,10
12.9824199677,80.2178573608,60909,60919,10
12.9831600189,80.2178497314,60919,60929,10
12.9837398529,80.2178268433,60929,60939,10
12.9837503433,80.2178268433,60939,60949,10
12.9839096069,80.2178421021,60949,60959,10
12.9843702316,80.2178573608,60959,60969,10
12.9850196838,80.2178421021,60969,60980,11
12.9858999252,80.217918396,60980,60990,10
12.9866695404,80.2181015015,60990,61000,10
12.9873399734,80.2182006836,61000,61020,20
12.9873399734,80.2182006836,61020,61030,10
12.9875001907,80.2180862427,61030,61040,10
12.9876003265,80.2177581787,61040,61050,10
12.9877595901,80.2172622681,61050,61060,10
12.9879198074,80.2167816162,61060,61071,11
12.9881801605,80.2161712646,61071,61081,10
12.9885501862,80.2156677246,61081,61091,10
12.9889202118,80.2151184082,61091,61101,10
12.9892301559,80.2146835327,61101,61111,10
12.9895401001,80.2147216797,61111,61121,10
12.9900503159,80.2148590088,61121,61131,10
12.9906797409,80.2145385742,61131,61141,10
12.9909896851,80.2139434814,61141,61151,10
12.9911403656,80.2133102417,61151,61161,10
12.9913101196,80.2127075195,61161,61172,11
12.9915704727,80.2126617432,61172,61182,10
12.9915704727,80.2126693726,61182,61192,10
12.991689682,80.2127075195,61192,61202,10
12.9921197891,80.2128219604,61202,61212,10
12.9926099777,80.2129669189,61212,61222,10
12.9928998947,80.2129516602,61222,61232,10
12.9929599762,80.2126693726,61232,61242,10
12.9931097031,80.2121429443,61242,61252,10
12.9932603836,80.2115936279,61252,61262,10
12.9933996201,80.2110900879,61262,61273,11
12.9934301376,80.2109222412,61273,61283,10
12.9935102463,80.210609436,61283,61293,10
12.9937801361,80.2101364136,61293,61313,20
12.9937801361,80.2101364136,61313,61323,10
12.9941902161,80.2101593018,61323,61343,20
12.9941902161,80.2101593018,61343,61353,10
12.9945802689,80.2101821899,61353,61364,11
12.9949903488,80.2102279663,61364,61374,10
12.9952402115,80.2102432251,61374,61384,10
12.99559021,80.2102737427,61384,61394,10
12.9960803986,80.2103424072,61394,61404,10
12.9970197678,80.2104568481,61404,61424,20
12.9970197678,80.2104568481,61424,61434,10
12.9972896576,80.2104797363,61434,61444,10
12.9974403381,80.2101364136,61444,61460,16
12.9978103638,80.2093734741,61460,61473,13
12.9981203079,80.2088775635,61473,61483,10
12.9981803894,80.2083892822,61483,61492,9
12.9982995987,80.2078323364,61492,61503,11
12.9983997345,80.2074432373,61503,61513,10
12.9987001419,80.2074813843,61513,61543,30
12.9987001419,80.2074813843,61543,61553,10
12.9989004135,80.2075500488,61553,61564,11
12.9992198944,80.207572937,61564,61574,10
12.9993095398,80.2076034546,61574,61583,9
12.9996595383,80.2076797485,61583,61594,11
13.0003700256,80.2078170776,61594,61604,10
13.001159668,80.208152771,61604,61614,10
13.0021495819,80.208656311,61614,61624,10
13.0029802322,80.2090911865,61624,61634,10
13.0034799576,80.2093582153,61634,61644,10
13.0035200119,80.2097625732,61644,61655,11
13.0036296844,80.2103424072,61655,61664,9
13.0037403107,80.2110900879,61664,61675,11
13.0038204193,80.2118988037,61675,61685,10
13.0040597916,80.2120437622,61685,61695,10
13.0042104721,80.2121124268,61695,61705,10
13.0046701431,80.2123184204,61705,61715,10
13.0053100586,80.2126998901,61715,61725,10
13.0061101913,80.2128677368,61725,61735,10
13.0069303513,80.2127609253,61735,61745,10
13.0075302124,80.2128372192,61745,61776,31
13.0075302124,80.2128372192,61776,61786,10
13.0078401566,80.2130584717,61786,61816,30
13.0078401566,80.2130584717,61816,61826,10
13.0080604553,80.2132415771,61826,61836,10
13.0084695816,80.2134017944,61836,61847,11
13.0088396072,80.2138290405,61847,61857,10
13.0093402863,80.2145004272,61857,61867,10
13.0097103119,80.2150421143,61867,61877,10
13.0101995468,80.2156982422,61877,61887,10
13.0107402802,80.2164993286,61887,61897,10
13.0110197067,80.2172698975,61897,61907,10
13.0112800598,80.2178726196,61907,61917,10
13.0116796494,80.2189788818,61917,61927,10
13.0120801926,80.220199585,61927,61936,9
13.0124101639,80.2211074829,61936,61947,11
13.0128097534,80.2217407227,61947,61958,11
13.013299942,80.2223815918,61958,61968,10
13.0137701035,80.2229766846,61968,61978,10
13.0142402649,80.2235565186,61978,61988,10
13.0145902634,80.2239990234,61988,61998,10
13.0150995255,80.2246398926,61998,62008,10
13.0155000687,80.2249526978,62008,62018,10
13.0155096054,80.2249526978,62018,62028,10
13.0155601501,80.2249984741,62028,62038,10
13.0159597397,80.2252807617,62038,62049,11
13.0168895721,80.2251586914,62049,62059,10
13.0179796219,80.2247467041,62059,62069,10
13.0189599991,80.2243728638,62069,62079,10
13.0197000504,80.2245178223,62079,62089,10
13.0201501846,80.2248077393,62089,62099,10
13.0207395554,80.2252502441,62099,62109,10
13.0218400955,80.2260131836,62109,62129,20
13.0218400955,80.2260131836,62129,62139,10
13.0219297409,80.2260971069,62139,62150,11
13.0223903656,80.2265014648,62150,62160,10
13.023059845,80.227142334,62160,62170,10
13.023730278,80.2277679443,62170,62180,10
13.0242395401,80.2282485962,62180,62190,10
13.0243301392,80.2283477783,62190,62200,10
13.0243597031,80.2284011841,62200,62210,10
13.0245895386,80.228767395,62210,62220,10
13.024939537,80.2292785645,62220,62230,10
13.0254001617,80.229888916,62230,62241,11
13.0258798599,80.230682373,62241,62251,10
13.0259599686,80.2308883667,62251,62261,10
13.0260095596,80.2310409546,62261,62271,10
13.0260400772,80.2312316895,62271,62281,10
13.0262298584,80.2313766479,62281,62291,10
13.0267295837,80.2312393188,62291,62301,10
13.0274400711,80.231048584,62301,62311,10
13.0281600952,80.2309570313,62311,62321,10
13.0284795761,80.2309112549,62321,62331,10
13.0285396576,80.2309036255,62331,62342,11
13.0288696289,80.2308807373,62342,62352,10
13.0292396545,80.2308425903,62352,62362,10
13.0296602249,80.230796814,62362,62372,10
13.0300598145,80.2307815552,62372,62382,10
13.0305204391,80.2307434082,62382,62392,10
13.0309495926,80.2306976318,62392,62402,10
13.0314397812,80.2306365967,62402,62412,10
13.0319795609,80.2305984497,62412,62422,10
13.03262043,80.2305679321,62422,62433,11
13.0333499908,80.2305221558,62433,62443,10
13.0341796875,80.2304382324,62443,62483,40
13.0341796875,80.2304382324,62483,62493,10
13.0344495773,80.2304382324,62493,62503,10
13.0347003937,80.2303619385,62503,62513,10
13.0348796844,80.2302932739,62513,62523,10
13.0350399017,80.2301101685,62523,62534,11
13.0349998474,80.2298431396,62534,62544,10
13.0347299576,80.2297973633,62544,62736,192
13.0343503952,80.2297973633,62736,62928,192
13.0341901779,80.2301101685,62928,63221,293
13.0341901779,80.2301101685,63221,63231,10
13.034239769,80.2305221558,63231,63241,10
13.0339002609,80.2305374146,63241,63251,10
13.0335798264,80.2305297852,63251,63261,10
13.0334796906,80.2305221558,63261,63271,10
13.0330295563,80.2305374146,63271,63281,10
13.03221035,80.2306213379,63281,63291,10
13.0312204361,80.2306900024,63291,63301,10
13.0304698944,80.230758667,63301,63312,11
13.0297603607,80.2308425903,63312,63322,10
13.0296497345,80.2308502197,63322,63332,10
13.0291404724,80.2308578491,63332,63342,10
13.0282697678,80.2309417725,63342,63352,10
13.0277004242,80.231048584,63352,63362,10
13.0276899338,80.2315597534,63362,63372,10
13.0277996063,80.2322463989,63372,63382,10
13.0278596878,80.2328186035,63382,63392,10
13.0269804001,80.2329788208,63392,63463,71
13.0269804001,80.2329788208,63463,63473,10
13.0269002914,80.2329711914,63473,63483,10
13.0266304016,80.2330093384,63483,63493,10
13.0262804031,80.2326126099,63493,63504,11
13.0260696411,80.231880188,63504,63514,10
13.025850296,80.2310409546,63514,63524,10
13.0253896713,80.2300491333,63524,63534,10
13.0247602463,80.2291870117,63534,63544,10
13.0242500305,80.2285232544,63544,63554,10
13.0236902237,80.2278366089,63554,63564,10
13.0231704712,80.2275009155,63564,63584,20
13.023059845,80.2274398804,63584,63605,21
13.023059845,80.2274398804,63605,63615,10
13.0228700638,80.2272720337,63615,63631,16
13.0225200653,80.2267990112,63631,63643,12
13.0218696594,80.2262268066,63643,63653,10
13.0210695267,80.2255935669,63653,63661,8
13.0202598572,80.2250213623,63661,63673,12
13.0190296173,80.2244720459,63673,63683,10
13.0178403854,80.2248687744,63683,63693,10
13.0169401169,80.2252426147,63693,63704,11
13.0164899826,80.225440979,63704,63714,10
13.0161504745,80.2255783081,63714,63724,10
13.0155696869,80.2257766724,63724,63734,10
13.0148801804,80.2260513306,63734,63744,10
13.0144701004,80.2261886597,63744,63754,10
13.0143098831,80.2262802124,63754,63764,10
13.0142402649,80.2263031006,63764,63774,10
13.0137395859,80.2264785767,63774,63784,10
13.0129203796,80.2267608643,63784,63795,11
13.0117301941,80.2272415161,63795,63805,10
13.0105199814,80.227722168,63805,63815,10
13.0096502304,80.2279205322,63815,63825,10
13.0094995499,80.2277297974,63825,63835,10
13.0096197128,80.2273635864,63835,63845,10
13.0099496841,80.2266235352,63845,63855,10
13.0103797913,80.2256622314,63855,63865,10
13.0107498169,80.2248001099,63865,63875,10
13.0110397339,80.2240905762,63875,63885,10
13.0112600327,80.2235794067,63885,63896,11
13.0115699768,80.2227935791,63896,63906,10
13.0118503571,80.2220077515,63906,63916,10
13.0121097565,80.2212982178,63916,63926,10
13.0120296478,80.2206802368,63926,63936,10
13.0117797852,80.2198028564,63936,63945,9
13.0114803314,80.2189483643,63945,63956,11
13.0110998154,80.2178573608,63956,63966,10
13.0106401443,80.2167663574,63966,63976,10
13.0102996826,80.216178894,63976,63986,10
13.0098800659,80.21534729,63986,63997,11
13.0094203949,80.2146682739,63997,64006,9
13.0089797974,80.2140808105,64006,64017,11
13.0082101822,80.2133331299,64017,64066,49
13.0082101822,80.2133331299,64066,64077,11
13.0080003738,80.2132568359,64077,64088,11
13.0079603195,80.2132263184,64088,64098,10
13.0078802109,80.2131500244,64098,64108,10
13.0076799393,80.2129516602,64108,64118,10
13.0072603226,80.2127990723,64118,64128,10
13.0067596436,80.2127304077,64128,64138,10
13.0061597824,80.212852478,64138,64148,10
13.0055503845,80.2128601074,64148,64158,10
13.0048799515,80.2124023438,64158,64168,10
13.0041799545,80.212097168,64168,64178,10
13.0037002563,80.2117385864,64178,64199,21
13.0037002563,80.2117385864,64199,64209,10
13.0037202835,80.2115783691,64209,64219,10
13.0036401749,80.2110977173,64219,64228,9
13.0035495758,80.2104110718,64228,64239,11
13.0034704208,80.2093963623,64239,64259,20
13.0034704208,80.2093963623,64259,64269,10
13.0032901764,80.2092514038,64269,64279,10
13.0027303696,80.2089385986,64279,64290,11
13.0018396378,80.2084579468,64290,64300,10
13.001159668,80.2081069946,64300,64310,10
13.0005702972,80.2078399658,64310,64320,10
13.0000200272,80.2077407837,64320,64330,10
12.9995803833,80.2076263428,64330,64346,16
12.9988203049,80.2074737549,64346,64358,12
12.9983997345,80.2073898315,64358,64366,8
12.9983797073,80.2074890137,64366,64379,13
12.9983596802,80.2076263428,64379,64389,10
12.9982795715,80.2080688477,64389,64399,10
12.9982299805,80.2084274292,64399,64409,10
12.9981803894,80.2089309692,64409,64419,10
12.9978599548,80.2093276978,64419,64429,10
12.9976196289,80.2098083496,64429,64439,10
12.9973897934,80.2103271484,64439,64449,10
12.9971399307,80.2104263306,64449,64459,10
12.9969997406,80.2104187012,64459,64469,10
12.9967899323,80.2104034424,64469,64480,11
12.9963197708,80.2103424072,64480,64490,10
12.9958200455,80.2102890015,64490,64500,10
12.9953203201,80.2102432251,64500,64611,111
12.9953203201,80.2102432251,64611,64621,10
12.9951400757,80.2102203369,64621,64631,10
12.9949903488,80.2102203369,64631,64641,10
12.9945297241,80.2101821899,64641,64651,10
12.9941196442,80.2101364136,64651,64661,10
12.9937601089,80.2100906372,64661,64672,11
12.9936199188,80.2102432251,64672,64692,20
12.9936199188,80.2102432251,64692,64702,10
12.9935398102,80.2104187012,64702,64712,10
12.9934196472,80.2109909058,64712,64722,10
12.9932003021,80.2118225098,64722,64732,10
12.9930295944,80.2125167847,64732,64742,10
12.9927902222,80.2130279541,64742,64762,20
12.9927902222,80.2130279541,64762,64773,11
12.9924602509,80.2129516602,64773,64783,10
12.9916400909,80.2126998901,64783,64803,20
12.9916400909,80.2126998901,64803,64813,10
12.9916200638,80.2127075195,64813,64823,10
12.9913196564,80.2127838135,64823,64833,10
12.9911499023,80.2134017944,64833,64843,10
12.9909801483,80.2140731812,64843,64853,10
12.9905500412,80.2146835327,64853,64864,11
12.9897203445,80.2147979736,64864,64874,10
12.9892301559,80.2146987915,64874,64884,10
12.9890899658,80.2148971558,64884,64894,10
12.9888296127,80.2152633667,64894,64904,10
12.9884395599,80.2158279419,64904,64914,10
12.9879999161,80.2165374756,64914,64924,10
12.9877099991,80.2173995972,64924,64934,10
12.9875097275,80.2180709839,64934,64944,10
12.9874401093,80.2182769775,64944,64954,10
12.9874296188,80.2182769775,64954,64965,11
12.9870595932,80.2183380127,64965,64975,10
12.9869403839,80.2182998657,64975,64985,10
12.9867601395,80.2182388306,64985,64995,10
12.986289978,80.2181091309,64995,65005,10
12.9856300354,80.217956543,65005,65015,10
12.9848804474,80.2179336548,65015,65025,10
12.9843502045,80.2179489136,65025,65035,10
12.9839801788,80.2179794312,65035,65045,10
12.9839000702,80.2179718018,65045,65055,10
12.9834299088,80.2179794312,65055,65066,11
12.9825801849,80.2179870605,65066,65076,10
12.981760025,80.2180175781,65076,65086,10
12.9808101654,80.21824646,65086,65096,10
12.9802598953,80.2184371948,65096,65106,10
12.9797401428,80.2186584473,65106,65116,10
12.9789600372,80.2189788818,65116,65126,10
12.9781904221,80.219291687,65126,65136,10
12.9772195816,80.2196807861,65136,65146,10
12.9763402939,80.2200775146,65146,65157,11
12.9759702682,80.2202606201,65157,65167,10
12.9758195877,80.2203369141,65167,65177,10
12.975689888,80.2203903198,65177,65187,10
12.9755601883,80.2206115723,65187,65207,20
12.9755601883,80.2206115723,65207,65217,10
12.9756002426,80.2208633423,65217,65227,10
12.9758501053,80.2210388184,65227,65994,767
12.9758501053,80.2210388184,65994,66004,10
12.9759597778,80.2212371826,66004,66014,10
12.9760799408,80.2214126587,66014,66024,10
12.976269722,80.2217330933,66024,66035,11
12.9765901566,80.2222366333,66035,66045,10
12.9768800735,80.2226715088,66045,66055,10
12.9771299362,80.2227172852,66055,66065,10
12.9774703979,80.2226333618,66065,66075,10
12.9774904251,80.2223205566,66075,66085,10
12.9774503708,80.2218933105,66085,66095,10
12.9774303436,80.2213821411,66095,66105,10
12.9772596359,80.2212371826,66105,66115,10
12.9767999649,80.2212524414,66115,66126,11
12.9764404297,80.2212219238,66126,66136,10
12.975979805,80.2212677002,66136,66156,20
12.975979805,80.2212677002,66156,66166,10
12.9757499695,80.2211074829,66166,66196,30
12.9757499695,80.2211074829,66196,66206,10
12.9756298065,80.2210083008,66206,66216,10
12.9752998352,80.2207336426,66216,66227,11
12.9752902985,80.2205886841,66227,66237,10
12.975399971,80.2204589844,66237,66247,10
12.975520134,80.2203369141,66247,66257,10
12.9757499695,80.2201919556,66257,66267,10
12.9762201309,80.2199630737,66267,66277,10
12.9763803482,80.2198791504,66277,66287,10
12.9767198563,80.2197418213,66287,66297,10
12.9772996902,80.2195205688,66297,66307,10
12.9779500961,80.21925354,66307,66318,11
12.9785804749,80.2190093994,66318,66328,10
12.9792499542,80.2187576294,66328,66338,10
12.9799404144,80.2184829712,66338,66348,10
12.9805002213,80.2182617188,66348,66358,10
12.9812498093,80.2179870605,66358,66368,10
12.9819402695,80.2178573608,66368,66378,10
12.982219696,80.2178497314,66378,66388,10
12.9824495316,80.2178573608,66388,66398,10
12.9830598831,80.2178573608,66398,66408,10
12.9836797714,80.2178268433,66408,66419,11
12.9837398529,80.2178268433,66419,66429,10
12.9841499329,80.2178497314,66429,66439,10
12.9847202301,80.2178497314,66439,66449,10
12.9854698181,80.2178573608,66449,66459,10
12.9862604141,80.2180404663,66459,66469,10
12.9867296219,80.2181167603,66469,66479,10
12.9873199463,80.2182235718,66479,66489,10
12.9873199463,80.2182235718,66489,66499,10
12.9874696732,80.2180099487,66499,66509,10
12.9876699448,80.2174377441,66509,66520,11
12.9879598618,80.2165908813,66520,66530,10
12.9883403778,80.2159118652,66530,66540,10
12.9887800217,80.2152786255,66540,66551,11
12.9890604019,80.21484375,66551,66562,11
12.9890804291,80.2148132324,66562,66572,10
12.9891901016,80.2146835327,66572,66582,10
12.989279747,80.2146377563,66582,66592,10
12.9897699356,80.2147979736,66592,66602,10
12.9902696609,80.2147903442,66602,66613,11
12.9908399582,80.2142868042,66613,66623,10
12.9909601212,80.2139511108,66623,66633,10
12.9911298752,80.2133178711,66633,66643,10
12.9912900925,80.2126998901,66643,66653,10
12.9915399551,80.212638855,66653,66663,10
12.9920301437,80.2127609253,66663,66673,10
12.9925498962,80.2129211426,66673,66682,9
12.9928503036,80.2129821777,66682,66703,21
12.9928503036,80.2129821777,66703,66714,11
12.9928998947,80.2128295898,66714,66724,10
12.9930400848,80.2123718262,66724,66734,10
12.9931898117,80.2117767334,66734,66744,10
12.9933204651,80.2112579346,66744,66754,10
12.9934501648,80.2107467651,66754,66764,10
12.9937896729,80.2101135254,66764,66794,30
12.9937896729,80.2101135254,66794,66805,11
12.9941301346,80.2101364136,66805,66815,10
12.994310379,80.2101516724,66815,66825,10
12.9946899414,80.2101821899,66825,66835,10
12.9951400757,80.2102203369,66835,66845,10
12.9955101013,80.2102584839,66845,66855,10
12.9959201813,80.2102966309,66855,66865,10
12.9963903427,80.2103424072,66865,66875,10
12.9967803955,80.2104110718,66875,66885,10
12.9971199036,80.2104568481,66885,66895,10
12.9971599579,80.2104721069,66895,66906,11
12.9973201752,80.2104034424,66906,66916,10
12.9974498749,80.2100906372,66916,66926,10
12.9976501465,80.2096481323,66926,66936,10
12.9979000092,80.2092590332,66936,66946,10
12.9980697632,80.2090072632,66946,66956,10
12.9981002808,80.2088928223,66956,66966,10
12.9981203079,80.2087402344,66966,66976,10
12.9981403351,80.2085266113,66976,66986,10
12.9982404709,80.2080764771,66986,66996,10
12.9983100891,80.2077102661,66996,67007,11
12.998339653,80.2075195313,67007,67017,10
12.9985198975,80.2074127197,67017,67047,30
12.9985198975,80.2074127197,67047,67057,10
12.998840332,80.2074813843,67057,67067,10
12.9990596771,80.2075119019,67067,67077,10
12.9992103577,80.2075271606,67077,67087,10
12.9992799759,80.2075424194,67087,67098,11
12.9996595383,80.2076187134,67098,67108,10
13.000120163,80.2077178955,67108,67118,10
13.0005903244,80.2078170776,67118,67128,10
13.0012798309,80.2081604004,67128,67138,10
13.0019598007,80.2085113525,67138,67148,10
13.0027503967,80.2089309692,67148,67158,10
13.0033302307,80.2092437744,67158,67168,10
13.0034503937,80.2095870972,67168,67178,10
13.003490448,80.2098007202,67178,67188,10
13.0035495758,80.2100982666,67188,67199,11
13.0036201477,80.2104034424,67199,67209,10
13.0036802292,80.2108078003,67209,67219,10
13.0037097931,80.2112197876,67219,67229,10
13.0037298203,80.2117233276,67229,67239,10
13.0039196014,80.2119598389,67239,67249,10
13.0039796829,80.2119903564,67249,67259,10
13.0041704178,80.2120819092,67259,67269,10
13.0045900345,80.2122879028,67269,67279,10
13.0049600601,80.2124862671,67279,67289,10
13.0054502487,80.2127685547,67289,67300,11
13.0058698654,80.2129211426,67300,67310,10
13.0062599182,80.2127532959,67310,67320,10
13.0066900253,80.2127075195,67320,67330,10
13.0071601868,80.2127532959,67330,67340,10
13.0076704025,80.212890625,67340,67360,20
13.0076704025,80.212890625,67360,67370,10
13.0077400208,80.2129669189,67370,67411,41
13.0077400208,80.2129669189,67411,67421,10
13.0079803467,80.213180542,67421,67431,10
13.0084104538,80.2133483887,67431,67441,10
13.0087499619,80.2137527466,67441,67451,10
13.0090503693,80.2141723633,67451,67461,10
13.0093603134,80.2145462036,67461,67471,10
13.0094804764,80.2147369385,67471,67481,10
13.0095701218,80.2148971558,67481,67492,11
13.0098400116,80.2152023315,67492,67502,10
13.0102396011,80.2157363892,67502,67512,10
13.0106897354,80.216468811,67512,67522,10
13.0109300613,80.2171401978,67522,67532,10
13.0112800598,80.2180099487,67532,67542,10
13.0116100311,80.2189407349,67542,67552,10
13.0118904114,80.2198181152,67552,67562,10
13.0122003555,80.2207183838,67562,67572,10
13.0124702454,80.2213363647,67572,67583,11
13.0127897263,80.2218933105,67583,67593,10
13.0131998062,80.2223587036,67593,67603,10
13.0135803223,80.2228164673,67603,67613,10
13.0139703751,80.2232894897,67613,67623,10
13.0142202377,80.2236175537,67623,67633,10
13.0145101547,80.2239685059,67633,67643,10
13.0152397156,80.2248306274,67643,67663,20
13.0152397156,80.2248306274,67663,67673,10
13.0153503418,80.2248916626,67673,67684,11
13.0156402588,80.2250976563,67684,67694,10
13.0160703659,80.2253112793,67694,67704,10
13.0167303085,80.2251968384,67704,67714,10
13.0175800323,80.224861145,67714,67724,10
13.0185003281,80.2244796753,67724,67734,10
13.0192604065,80.2243423462,67734,67744,10
13.0197200775,80.2245101929,67744,67754,10
13.0201101303,80.224822998,67754,67764,10
13.0205402374,80.2251281738,67764,67774,10
13.0209503174,80.2254180908,67774,67785,11
13.0214195251,80.2257995605,67785,67795,10
13.0218400955,80.2260818481,67795,67805,10
13.0218601227,80.2260971069,67805,67815,10
13.0220499039,80.2262573242,67815,67825,10
13.0224704742,80.2266387939,67825,67835,10
13.022939682,80.2270507813,67835,67845,10
13.0234003067,80.2274780273,67845,67855,10
13.023900032,80.2279663086,67855,67865,10
13.024310112,80.2284622192,67865,67895,30
13.024310112,80.2284622192,67895,67906,11
13.0245599747,80.2287979126,67906,67916,10
13.0249500275,80.2293167114,67916,67926,10
13.0253896713,80.2298965454,67926,67936,10
13.0257797241,80.2305908203,67936,67946,10
13.0259399414,80.2310180664,67946,67956,10
13.0260601044,80.2313232422,67956,67966,10
13.026599884,80.2312011719,67966,67977,11
13.0274801254,80.2309875488,67977,67987,10
13.0281000137,80.2308883667,67987,67997,10
13.028459549,80.2308502197,67997,68006,9
13.0286397934,80.2308273315,68006,68017,11
13.0286502838,80.2308197021,68017,68027,10
13.0288600922,80.2308120728,68027,68037,10
13.0292196274,80.2307891846,68037,68047,10
13.0295295715,80.230758667,68047,68057,10
13.0297803879,80.2307434082,68057,68068,11
13.0298204422,80.2307434082,68068,68078,10
13.0300598145,80.2307281494,68078,68088,10
13.0304298401,80.2306976318,68088,68118,30
13.0304298401,80.2306976318,68118,68128,10
13.0306196213,80.2306976318,68128,68138,10
13.0309400558,80.2306594849,68138,68148,10
13.0314998627,80.2306213379,68148,68158,10
13.0321702957,80.2305679321,68158,68169,11
13.0333204269,80.2304611206,68169,68189,20
13.0333204269,80.2304611206,68189,68199,10
13.0334997177,80.2304382324,68199,68209,10
13.0338401794,80.2304229736,68209,68219,10
13.0342102051,80.2303695679,68219,68229,10
13.0343904495,80.2303390503,68229,68239,10
13.0346097946,80.2302627563,68239,68318,79
13.0346097946,80.2302627563,68318,68328,10
13.0350503922,80.229927063,68328,68338,10
13.0348997116,80.2297592163,68338,68348,10
13.0346803665,80.2297515869,68348,68358,10
13.0343799591,80.2297134399,68358,68398,40
13.034239769,80.2297210693,68398,68530,132
13.034239769,80.2297210693,68530,68540,10
13.0341796875,80.2301025391,68540,68611,71
13.0341796875,80.2301025391,68611,68621,10
13.034040451,80.230430603,68621,68631,10
13.0337095261,80.230430603,68631,68641,10
13.0334596634,80.2304534912,68641,68652,11
13.0334501266,80.2304534912,68652,68662,10
13.0332403183,80.2305221558,68662,68672,10
13.032790184,80.2305374146,68672,68682,10
13.0321702957,80.2305908203,68682,68692,10
13.0315504074,80.2306518555,68692,68702,10
13.0309095383,80.2306900024,68702,68712,10
13.0305500031,80.2306976318,68712,68722,10
13.029709816,80.2307815552,68722,68742,20
13.029709816,80.2307815552,68742,68753,11
13.0293197632,80.2308197021,68753,68763,10
13.0286397934,80.2308807373,68763,68773,10
13.0279302597,80.2309417725,68773,68783,10
13.0275802612,80.2311172485,68783,68793,10
13.0276603699,80.2317199707,68793,68809,16
13.0278196335,80.232749939,68809,68821,12
13.0271902084,80.2328796387,68821,68829,8
13.0267601013,80.2329483032,68829,68872,43
13.0267601013,80.2329483032,68872,68882,10
13.0264396667,80.2329483032,68882,68892,10
13.0262002945,80.2324981689,68892,68902,10
13.0260601044,80.2320098877,68902,68912,10
13.0259799957,80.2316894531,68912,68922,10
13.0258598328,80.2312088013,68922,68932,10
13.0256204605,80.23046875,68932,68942,10
13.0251197815,80.2296981812,68942,68953,11
13.0245399475,80.2289505005,68953,68963,10
13.0240898132,80.2284164429,68963,68973,10
13.0236997604,80.2279586792,68973,68983,10
13.0233602524,80.2276229858,68983,68993,10
13.0230398178,80.2274017334,68993,69013,20
13.0230398178,80.2274017334,69013,69023,10
13.0226802826,80.2271194458,69023,69033,10
13.0224399567,80.2267303467,69033,69044,11
13.0218801498,80.2262268066,69044,69054,10
13.0212802887,80.2257614136,69054,69064,10
13.0207796097,80.2253723145,69064,69074,10
13.0203304291,80.2250900269,69074,69084,10
13.0200500488,80.224937439,69084,69094,10
13.0197095871,80.2247009277,69094,69104,10
13.0192203522,80.2245025635,69104,69114,10
13.0185699463,80.2245483398,69114,69124,10
13.0178403854,80.2248535156,69124,69134,10
13.0170602798,80.2251663208,69134,69145,11
13.0164699554,80.2254180908,69145,69155,10
13.015999794,80.2255935669,69155,69165,10
13.0154695511,80.2257766724,69165,69175,10
13.014960289,80.225982666,69175,69184,9
13.0146503448,80.2261123657,69184,69195,11
13.0146303177,80.2261199951,69195,69205,10
13.01445961,80.2261810303,69205,69215,10
13.0144195557,80.2261962891,69215,69225,10
13.01404953,80.2263412476,69225,69236,11
13.0132598877,80.226600647,69236,69246,10
13.0124702454,80.2269134521,69246,69256,10
13.0115299225,80.2272720337,69256,69266,10
13.0106296539,80.2276306152,69266,69276,10
13.0099802017,80.2278823853,69276,69286,10
13.0095100403,80.2278213501,69286,69296,10
13.0094404221,80.2276000977,69296,69306,10
13.009469986,80.2275085449,69306,69316,10
13.0096998215,80.2270584106,69316,69326,10
13.0100603104,80.2262802124,69326,69337,11
13.0104503632,80.2253875732,69337,69347,10
13.0107603073,80.2246704102,69347,69357,10
13.0109195709,80.2241973877,69357,69367,10
13.0111103058,80.2237014771,69367,69377,10
13.0113601685,80.2230377197,69377,69386,9
13.0115995407,80.2224121094,69386,69397,11
13.0119304657,80.2214508057,69397,69407,10
13.0120697021,80.2210388184,69407,69417,10
13.0119304657,80.2205123901,69417,69427,10
13.0116596222,80.2196273804,69427,69438,11
13.0113201141,80.2186203003,69438,69448,10
13.0110397339,80.2178115845,69448,69458,10
13.0107603073,80.2171478271,69458,69468,10
13.0104799271,80.216506958,69468,69478,10
13.0101099014,80.2159118652,69478,69488,10
13.0097703934,80.2152023315,69488,69497,9
13.0094804764,80.2148208618,69497,69508,11
13.009059906,80.2142562866,69508,69518,10
13.008649826,80.213722229,69518,69529,11
13.0085601807,80.2136077881,69529,69539,10
13.0083799362,80.213432312,69539,69589,50
13.0080795288,80.2132797241,69589,69626,37
13.0078201294,80.2131195068,69626,69647,21
13.0078201294,80.2131195068,69647,69658,11
13.0076398849,80.212928772,69658,69668,10
13.0071897507,80.2127685547,69668,69678,10
13.0064697266,80.2126998901,69678,69688,10
13.00578022,80.2129516602,69688,69697,9
13.00522995,80.212677002,69697,69707,10
13.0045995712,80.212310791,69707,69718,11
13.0038795471,80.212059021,69718,69728,10
13.0036697388,80.2119827271,69728,69739,11
13.0036001205,80.2117462158,69739,69749,10
13.0036001205,80.2117385864,69749,69758,9
13.0036001205,80.2115783691,69758,69769,11
13.0035200119,80.2109375,69769,69781,12
13.0034303665,80.2094192505,69781,69791,10
13.0034303665,80.2094192505,69791,69801,10
13.0031795502,80.209197998,69801,69811,10
13.002579689,80.2088623047,69811,69822,11
13.0018396378,80.2084732056,69822,69831,9
13.0013399124,80.2081985474,69831,69843,12
13.0001802444,80.2077407837,69843,69853,10
13.0001802444,80.2077407837,69853,69863,10
12.9997196198,80.207649231,69863,69873,10
12.9993696213,80.2075881958,69873,69883,10
12.9991197586,80.2075271606,69883,69893,10
12.9990701675,80.2075195313,69893,69903,10
12.9988002777,80.2074737549,69903,69913,10
12.9984397888,80.2073822021,69913,69934,21
12.9983196259,80.2075195313,69934,69954,20
12.9983196259,80.2075195313,69954,69964,10
12.9982595444,80.2077026367,69964,69974,10
12.9982004166,80.208152771,69974,69984,10
12.9981403351,80.2086105347,69984,69994,10
12.9981098175,80.2088928223,69994,70004,10
12.997879982,80.2092208862,70004,70014,10
12.9976596832,80.2095794678,70014,70025,11
12.9974803925,80.2099685669,70025,70035,10
12.9974002838,80.2101821899,70035,70045,10
12.9972000122,80.2104187012,70045,70065,20
12.9972000122,80.2104187012,70065,70075,10
12.9969797134,80.2104110718,70075,70085,10
12.996720314,80.210357666,70085,70095,10
12.9964599609,80.2103424072,70095,70105,10
12.9960603714,80.2102966309,70105,70116,11
12.9956502914,80.2102508545,70116,70126,10
12.9952898026,80.2102203369,70126,70136,10
12.9950504303,80.2101898193,70136,70144,8
12.9947595596,80.2101593018,70144,70156,12
12.9942903519,80.2101211548,70156,70166,10
12.994020462,80.2100830078,70166,70176,10
12.9937295914,80.2100601196,70176,70196,20
12.9937295914,80.2100601196,70196,70206,10
12.9935398102,80.2101135254,70206,70217,11
12.9934597015,80.210357666,70217,70227,10
12.9934597015,80.2103805542,70227,70237,10
12.9934396744,80.2106704712,70237,70247,10
12.9932804108,80.2111968994,70247,70257,10
12.9931602478,80.2117462158,70257,70266,9
12.9930095673,80.2123794556,70266,70277,11
12.9928798676,80.2128677368,70277,70287,10
12.9926900864,80.2129364014,70287,70297,10
12.9921998978,80.2128219604,70297,70308,11
12.991689682,80.2126998901,70308,70318,10
12.9914999008,80.2126464844,70318,70328,10
12.9914302826,80.2126312256,70328,70338,10
12.9912500381,80.2127609253,70338,70348,10
12.9910898209,80.2133178711,70348,70358,10
12.9909601212,80.2138214111,70358,70368,10
12.99077034,80.2143707275,70368,70378,10
12.9905004501,80.2146530151,70378,70388,10
12.9901504517,80.2147979736,70388,70399,11
12.9894599915,80.2146835327,70399,70408,9
12.9891901016,80.2146377563,70408,70419,11
12.9890499115,80.21484375,70419,70429,10
12.9889497757,80.2149276733,70429,70439,10
12.9887504578,80.2152633667,70439,70449,10
12.9885196686,80.2155990601,70449,70459,10
12.988120079,80.216178894,70459,70469,10
12.9878396988,80.2168579102,70469,70479,10
12.9876804352,80.2173614502,70479,70489,10
12.9874801636,80.2179412842,70489,70500,11
12.9873600006,80.2182998657,70500,70510,10
12.9869804382,80.2182998657,70510,70520,10
12.9868803024,80.2182693481,70520,70530,10
12.9864301682,80.2181396484,70530,70540,10
12.9856796265,80.217956543,70540,70550,10
12.9848604202,80.2179031372,70550,70560,10
12.9840202332,80.2179718018,70560,70580,20
12.9840202332,80.2179718018,70580,70590,10
12.9836301804,80.2179412842,70590,70601,11
12.982919693,80.2179412842,70601,70611,10
12.982219696,80.2179412842,70611,70621,10
12.9814300537,80.2180328369,70621,70631,10
12.9806699753,80.2182388306,70631,70641,10
12.9799499512,80.2184906006,70641,70651,10
12.9792804718,80.2187576294,70651,70660,9
12.9786996841,80.2189788818,70660,70670,10
12.97797966,80.2192687988,70670,70681,11
12.977060318,80.2196502686,70681,70692,11
12.9760198593,80.2201385498,70692,70833,141
12.9756803513,80.2202835083,70833,70904,71
12.9756803513,80.2202835083,70904,70914,10
12.9757995605,80.2210006714,70914,70924,10
12.9758300781,80.2210388184,70924,71257,333
12.9758300781,80.2210388184,71257,71267,10
12.9759998322,80.2212905884,71267,71278,11
12.9763002396,80.2217788696,71278,71288,10
12.9767198563,80.2224578857,71288,71298,10
12.9770202637,80.2227401733,71298,71308,10
12.9774599075,80.2226486206,71308,71318,10
12.9774799347,80.2222595215,71318,71328,10
12.9774398804,80.2217330933,71328,71338,10
12.9774103165,80.2212600708,71338,71348,10
12.9773197174,80.2211914063,71348,71358,10
12.9767799377,80.2212295532,71358,71369,11
12.9761800766,80.2212677002,71369,71379,10
12.9758396149,80.2212295532,71379,71389,10
12.9754800797,80.2208786011,71389,71468,79
12.9754800797,80.2208786011,71468,71478,10
12.9753198624,80.2206497192,71478,71486,8
12.9753198624,80.2206268311,71486,71498,12
12.9753398895,80.220489502,71498,71508,10
12.9754695892,80.2203369141,71508,71518,10
12.9757995605,80.2201309204,71518,71529,11
12.9763498306,80.2198562622,71529,71539,10
12.9770202637,80.2195892334,71539,71549,10
12.9777002335,80.2193069458,71549,71559,10
12.9783401489,80.2190475464,71559,71570,11
12.9788303375,80.2188796997,71570,71580,10
12.9795198441,80.2185974121,71580,71590,10
12.9799995422,80.2183914185,71590,71600,10
12.9804000854,80.2182388306,71600,71610,10
12.9811201096,80.2179794312,71610,71620,10
12.9817695618,80.2177963257,71620,71630,10
12.9819402695,80.2177963257,71630,71640,10
12.9820699692,80.2178115845,71640,71650,10
12.9822397232,80.2178115845,71650,71661,11
12.9822502136,80.2178115845,71661,71671,10
12.982339859,80.2178115845,71671,71681,10
12.98279953,80.2178192139,71681,71691,10
12.9837598801,80.2177886963,71691,71711,20
12.9837598801,80.2177886963,71711,71721,10
12.9840202332,80.2177963257,71721,71731,10
12.9845695496,80.2177963257,71731,71741,10
12.9853696823,80.2178192139,71741,71751,10
12.9862098694,80.217956543,71751,71762,11
12.9873199463,80.218170166,71762,71782,20
12.9873199463,80.218170166,71782,71792,10
12.9874200821,80.2181396484,71792,71802,10
12.9874696732,80.2179718018,71802,71812,10
12.9875297546,80.2178115845,71812,71822,10
12.9877195358,80.2172317505,71822,71832,10
12.9879598618,80.2165374756,71832,71842,10
12.9883203506,80.2158889771,71842,71853,11
12.9887399673,80.2153015137,71853,71863,10
12.9890899658,80.2147827148,71863,71873,10
12.9893398285,80.2146224976,71873,71883,10
12.989780426,80.2147598267,71883,71893,10
12.9902896881,80.2147216797,71893,71903,10
12.990650177,80.2144393921,71903,71913,10
12.9909095764,80.2139968872,71913,71923,10
12.991060257,80.2134475708,71923,71933,10
12.991230011,80.2127990723,71933,71943,10
12.9914102554,80.2125701904,71943,71954,11
12.9915504456,80.2126235962,71954,71964,10
12.9918804169,80.2127075195,71964,71974,10
12.9925203323,80.2128829956,71974,71984,10
12.9928598404,80.2129211426,71984,71994,10
12.9929599762,80.212562561,71994,72010,16
12.9932603836,80.2114028931,72010,72022,12
12.9934301376,80.2107391357,72022,72032,10
12.9934997559,80.2105026245,72032,72042,10
12.9935703278,80.2101211548,72042,72073,31
12.9935703278,80.2101211548,72073,72083,10
12.9939002991,80.2100601196,72083,72093,10
12.9942798615,80.2100982666,72093,72103,10
12.9946203232,80.2101211548,72103,72113,10
12.9946804047,80.2101287842,72113,72123,10
12.9950199127,80.2101669312,72123,72133,10
12.9953804016,80.2101898193,72133,72144,11
12.9958496094,80.2102279663,72144,72154,10
12.9962396622,80.2102584839,72154,72164,10
12.9965696335,80.2103118896,72164,72174,10
12.996919632,80.2103500366,72174,72184,10
12.9970998764,80.2104034424,72184,72194,10
12.9973096848,80.2102890015,72194,72204,10
12.9975099564,80.2098236084,72204,72214,10
12.9977397919,80.2093276978,72214,72224,10
12.9980602264,80.2089385986,72224,72234,10
12.9981203079,80.2085800171,72234,72245,11
12.9982204437,80.2080383301,72245,72255,10
12.9983196259,80.2076034546,72255,72265,10
12.9983997345,80.2073364258,72265,72275,10
12.998550415,80.207359314,72275,72305,30
12.998550415,80.207359314,72305,72315,10
12.9988899231,80.2074508667,72315,72346,31
12.9988899231,80.2074508667,72346,72356,10
12.9994401932,80.2075500488,72356,72366,10
12.9998998642,80.2076568604,72366,72376,10
13.0003404617,80.2077178955,72376,72386,10
13.0009899139,80.2079925537,72386,72396,10
13.0017499924,80.2083816528,72396,72406,10
13.0023603439,80.2087020874,72406,72416,10
13.0028600693,80.2089691162,72416,72426,10
13.0034103394,80.2092590332,72426,72437,11
13.0034799576,80.2097015381,72437,72447,10
13.0035600662,80.2100524902,72447,72457,10
13.0036497116,80.210609436,72457,72467,10
13.0037202835,80.2115097046,72467,72483,16
13.0044803619,80.2121887207,72483,72495,12
13.0053901672,80.2127304077,72495,72504,9
13.0061197281,80.2127685547,72504,72515,11
13.0069904327,80.2127075195,72515,72525,10
13.0077600479,80.2129592896,72525,72556,31
13.0077600479,80.2129592896,72556,72566,10
13.008020401,80.2131729126,72566,72576,10
13.0085601807,80.2134399414,72576,72586,10
13.0090303421,80.2141036987,72586,72596,10
13.0095596313,80.2148590088,72596,72606,10
13.0099802017,80.2154388428,72606,72616,10
13.0105600357,80.2161483765,72616,72627,11
13.0109195709,80.2171173096,72627,72637,10
13.0112800598,80.2180862427,72637,72647,10
13.0116701126,80.2192077637,72647,72657,10
13.0120601654,80.2204589844,72657,72667,10
13.012430191,80.221321106,72667,72677,10
13.0128002167,80.2218780518,72677,72687,10
13.0133104324,80.2224807739,72687,72697,10
13.0138301849,80.2231216431,72697,72707,10
13.0142402649,80.2236175537,72707,72717,10
13.0146198273,80.2240905762,72717,72728,11
13.0150003433,80.2245483398,72728,72738,10
13.0150003433,80.2245635986,72738,72748,10
13.0150499344,80.224647522,72748,72758,10
13.0153198242,80.2248764038,72758,72768,10
13.0153799057,80.2248916626,72768,72778,10
13.0155801773,80.2250289917,72778,72788,10
13.0160703659,80.2252807617,72788,72798,10
13.0168304443,80.2251205444,72798,72808,10
13.0177297592,80.2247619629,72808,72818,10
13.0184803009,80.2244567871,72818,72829,11
13.0192699432,80.224319458,72829,72839,10
13.0196399689,80.2244720459,72839,72849,10
13.0199899673,80.2247161865,72849,72859,10
13.0203895569,80.2250213623,72859,72869,10
13.0209598541,80.2254180908,72869,72879,10
13.0214996338,80.2258071899,72879,72889,10
13.0218000412,80.2259979248,72889,72899,10
13.0218095779,80.2260131836,72899,72909,10
13.0219697952,80.2261581421,72909,72920,11
13.022480011,80.2266311646,72920,72936,16
13.023440361,80.2275009155,72936,72948,12
13.0241003036,80.2281799316,72948,72958,10
13.0244197845,80.2286071777,72958,72968,10
13.0247602463,80.2291030884,72968,72977,9
13.025179863,80.229637146,72977,72986,9
13.0255899429,80.2302017212,72986,72998,12
13.0259599686,80.2311477661,72998,73008,10
13.0263595581,80.2312698364,73008,73019,11
13.0272798538,80.2310180664,73019,73029,10
13.0280895233,80.2309036255,73029,73039,10
13.0283298492,80.2308731079,73039,73049,10
13.0285997391,80.2308273315,73049,73059,10
13.0293302536,80.2307662964,73059,73069,10
13.0299596786,80.2307281494,73069,73079,10
13.0304899216,80.230682373,73079,73089,10
13.0305099487,80.230682373,73089,73099,10
13.0307397842,80.230682373,73099,73110,11
13.0313196182,80.2306213379,73110,73120,10
13.0320701599,80.2305679321,73120,73130,10
13.0328798294,80.2304992676,73130,73140,10
13.0336198807,80.2304534912,73140,73150,10
13.0340995789,80.2304000854,73150,73160,10
13.0343399048,80.2303695679,73160,73170,10
13.0347204208,80.2302322388,73170,73180,10
13.0348997116,80.2300796509,73180,73221,41
13.0348997116,80.2300796509,73221,73231,10
13.0350599289,80.2299194336,73231,73241,10
13.0349798203,80.2297592163,73241,73251,10
13.0346403122,80.2297286987,73251,73261,10
13.034330368,80.2296981812,73261,73392,131
13.0341997147,80.2300491333,73392,73443,51
13.0341997147,80.2300491333,73443,73453,10
13.0340595245,80.2304763794,73453,73473,20
13.0340595245,80.2304763794,73473,73483,10
13.0334596634,80.230430603,73483,73514,31
13.0334596634,80.230430603,73514,73524,10
13.0332202911,80.2304534912,73524,73534,10
13.0326299667,80.230506897,73534,73544,10
13.0319795609,80.2305908203,73544,73554,10
13.0312004089,80.2306671143,73554,73564,10
13.0306196213,80.2307128906,73564,73574,10
13.0297403336,80.2308120728,73574,73594,20
13.0297403336,80.2308120728,73594,73605,11
13.0294704437,80.2308425903,73605,73615,10
13.028960228,80.2308807373,73615,73625,10
13.0282497406,80.23097229,73625,73635,10
13.0276699066,80.2310333252,73635,73645,10
13.0276403427,80.2314834595,73645,73655,10
13.0277204514,80.2321014404,73655,73665,10
13.0278301239,80.2326583862,73665,73675,10
13.0274400711,80.2328262329,73675,73685,10
13.0272798538,80.2328720093,73685,73696,11
13.0269498825,80.2329177856,73696,73706,10
13.0266504288,80.232963562,73706,73716,10
13.0262899399,80.2326126099,73716,73726,10
13.0260696411,80.2317886353,73726,73736,10
13.0257797241,80.2307815552,73736,73746,10
13.0252399445,80.2298126221,73746,73756,10
13.024720192,80.2291717529,73756,73766,10
13.0242700577,80.2286376953,73766,73786,20
13.0242700577,80.2286376953,73786,73797,11
13.0240602493,80.2284088135,73797,73807,10
13.0236701965,80.2279205322,73807,73817,10
13.0233898163,80.2276382446,73817,73827,10
13.0232601166,80.2275390625,73827,73837,10
13.0230398178,80.2274017334,73837,73847,10
13.0230102539,80.2273788452,73847,73857,10
13.0228996277,80.2272567749,73857,73867,10
13.0227403641,80.227142334,73867,73877,10
13.0225095749,80.2267990112,73877,73888,11
13.0219898224,80.2263031006,73888,73898,10
13.0214099884,80.2258377075,73898,73908,10
13.0207004547,80.2252807617,73908,73918,10
13.0201501846,80.224899292,73918,73928,10
13.0195503235,80.2245101929,73928,73938,10
13.018699646,80.2244796753,73938,73948,10
13.0179395676,80.2248001099,73948,73958,10
13.0171098709,80.2251434326,73958,73968,10
13.0164604187,80.2254180908,73968,73978,10
13.0160598755,80.2255630493,73978,73989,11
13.0154399872,80.2257766724,73989,73999,10
13.014840126,80.226020813,73999,74009,10
13.0144996643,80.2261734009,74009,74039,30
13.0144996643,80.2261734009,74039,74049,10
13.0140399933,80.2263412476,74049,74059,10
13.013299942,80.2265777588,74059,74069,10
13.0123996735,80.2269210815,74069,74080,11
13.011179924,80.2274169922,74080,74090,10
13.0100603104,80.2278594971,74090,74100,10
13.0094804764,80.2275466919,74100,74110,10
13.0097799301,80.226890564,74110,74120,10
13.0101900101,80.226020813,74120,74130,10
13.0105600357,80.2251663208,74130,74140,10
13.0108299255,80.2245101929,74140,74150,10
13.0112304688,80.2234573364,74150,74170,20
13.0112304688,80.2234573364,74170,74181,11
13.0114402771,80.2229385376,74181,74191,10
13.0117101669,80.2222213745,74191,74201,10
13.0120401382,80.2213668823,74201,74217,16
13.0118303299,80.220123291,74217,74229,12
13.0114603043,80.2189712524,74229,74239,10
13.0111598969,80.2180175781,74239,74249,10
13.0107498169,80.2169876099,74249,74259,10
13.0104198456,80.216293335,74259,74269,10
13.0099401474,80.2154006958,74269,74280,11
13.0094604492,80.2147064209,74280,74290,10
13.0089302063,80.2139968872,74290,74301,11
13.0083904266,80.2134170532,74301,74311,10
13.0081996918,80.2133178711,74311,74321,10
13.0081396103,80.2133026123,74321,74331,10
13.0080404282,80.2132492065,74331,74341,10
13.0079202652,80.213180542,74341,74351,10
13.0076799393,80.212928772,74351,74361,10
13.0070800781,80.2127685547,74361,74372,11
13.0061502457,80.2128601074,74372,74382,10
13.0054998398,80.2128295898,74382,74392,10
13.0047502518,80.212348938,74392,74402,10
13.0039701462,80.212097168,74402,74412,10
13.0036897659,80.2118606567,74412,74422,10
13.0036802292,80.2116165161,74422,74432,10
13.0036296844,80.2110900879,74432,74442,10
13.0035400391,80.2104415894,74442,74452,10
13.0034799576,80.2099227905,74452,74462,10
13.0034303665,80.2093429565,74462,74473,11
13.0027399063,80.208946228,74473,74483,10
13.0020599365,80.2086029053,74483,74493,10
13.0013399124,80.2082290649,74493,74503,10
13.0006504059,80.2079162598,74503,74513,10
13.000120163,80.2078018188,74513,74523,10
12.9994497299,80.2076263428,74523,74533,10
12.9990196228,80.2075271606,74533,74543,10
12.9988203049,80.2074584961,74543,74553,10
12.9986600876,80.2074127197,74553,74564,11
12.9983997345,80.2074127197,74564,74574,10
12.998339653,80.2077102661,74574,74584,10
12.9983100891,80.2078170776,74584,74594,10
12.9982500076,80.2082138062,74594,74604,10
12.9981803894,80.208732605,74604,74614,10
12.9981098175,80.2090835571,74614,74624,10
12.9978199005,80.2093963623,74624,74634,10
12.9977197647,80.2096099854,74634,74644,10
12.9975700378,80.2099075317,74644,74654,10
12.9973602295,80.210357666,74654,74665,11
12.997130394,80.2104415894,74665,74685,20
12.997130394,80.2104415894,74685,74695,10
12.9967803955,80.2103805542,74695,74705,10
12.996430397,80.2103271484,74705,74715,10
12.9958400726,80.2102813721,74715,74725,10
12.9954595566,80.2102432251,74725,74735,10
12.9949798584,80.2101974487,74735,74745,10
12.9945402145,80.2101516724,74745,74756,11
12.9940795898,80.2101135254,74756,74766,10
12.9937095642,80.2100906372,74766,74776,10
12.9936304092,80.2102737427,74776,74786,10
12.9936199188,80.2102737427,74786,74796,10
12.9935102463,80.2105712891,74796,74806,10
12.9933395386,80.2112579346,74806,74816,10
12.9931602478,80.2120819092,74816,74826,10
12.9929800034,80.2127990723,74826,74836,10
12.9927997589,80.2130126953,74836,74846,10
12.9922304153,80.212852478,74846,74857,11
12.9915399551,80.2126617432,74857,74867,10
12.991399765,80.2126312256,74867,74877,10
12.9912395477,80.2129592896,74877,74887,10
12.9910898209,80.2135467529,74887,74897,10
12.9910097122,80.2139282227,74897,74907,10
12.9907503128,80.2144927979,74907,74917,10
12.9901103973,80.214881897,74917,74933,16
12.9891996384,80.2147216797,74933,74945,12
12.988820076,80.2152481079,74945,74955,10
12.9883203506,80.2159881592,74955,74966,11
12.9878797531,80.2168731689,74966,74976,10
12.9876203537,80.2176208496,74976,74986,10
12.9874296188,80.2181930542,74986,74996,10
12.9872999191,80.2183837891,74996,75006,10
12.9868803024,80.2182998657,75006,75015,9
12.9868001938,80.2182769775,75015,75025,10
12.986289978,80.2181472778,75025,75036,11
12.9852800369,80.217956543,75036,75047,11
12.9843702316,80.217956543,75047,75057,10
12.9834403992,80.2179489136,75057,75067,10
12.982460022,80.217956543,75067,75077,10
12.981590271,80.2180099487,75077,75087,10
12.9808597565,80.2182235718,75087,75097,10
12.980219841,80.2184371948,75097,75107,10
12.9796800613,80.2186737061,75107,75117,10
12.9790802002,80.2189025879,75117,75127,10
12.9784698486,80.2191619873,75127,75137,10
12.9776802063,80.2194900513,75137,75148,11
12.9758901596,80.2202987671,75148,75247,99
12.9758901596,80.2202987671,75247,75257,10
12.9757204056,80.2203216553,75257,75267,10
12.9754800797,80.2206192017,75267,75277,10
12.9757604599,80.2210464478,75277,75317,40
12.9757604599,80.2210464478,75317,75327,10
12.9762897491,80.2216567993,75327,75348,21
12.9762897491,80.2216567993,75348,75358,10
12.9764003754,80.2219161987,75358,75378,20
12.9764003754,80.2219161987,75378,75388,10
12.9764795303,80.2221298218,75388,75398,10
12.9766798019,80.2224578857,75398,75408,10
12.9770402908,80.2230072021,75408,75418,10
12.9775896072,80.2238998413,75418,75428,10
12.9780797958,80.2246398926,75428,75439,11
12.9785804749,80.225402832,75439,75459,20
12.9785804749,80.225402832,75459,75469,10
12.978770256,80.2257537842,75469,75479,10
12.9791202545,80.2263412476,75479,75489,10
12.9795598984,80.2270278931,75489,75499,10
12.9800300598,80.2278213501,75499,75509,10
12.9804801941,80.2285919189,75509,75519,10
12.9808197021,80.2291564941,75519,75530,11
12.9811897278,80.2297973633,75530,75540,10
12.9816198349,80.2304229736,75540,75550,10
12.9816999435,80.2305221558,75550,75560,10
12.9817895889,80.2307510376,75560,75570,10
12.9819898605,80.2313537598,75570,75580,10
12.9820404053,80.2321472168,75580,75590,10
12.9819097519,80.2329025269,75590,75600,10
12.9816598892,80.2334594727,75600,75610,10
12.9815797806,80.2336196899,75610,75620,10
12.9813098907,80.2341766357,75620,75631,11
12.9812297821,80.2351837158,75631,75641,10
12.9812498093,80.2362213135,75641,75651,10
12.9812898636,80.2372207642,75651,75661,10
12.9813098907,80.237991333,75661,75671,10
12.9813404083,80.238609314,75671,75681,10
12.9813404083,80.2386627197,75681,75691,10
12.9813404083,80.2388534546,75691,75701,10
12.9813404083,80.2394790649,75701,75711,10
12.9813699722,80.240196228,75711,75721,10
12.9813699722,80.2410964966,75721,75732,11
12.9813699722,80.2420272827,75732,75742,10
12.9813995361,80.24243927,75742,75752,10
12.9813995361,80.2424468994,75752,75762,10
12.9813995361,80.2425613403,75762,75772,10
12.9813899994,80.2430725098,75772,75782,10
12.9813404083,80.2439498901,75782,75792,10
12.981180191,80.2450866699,75792,75802,10
12.981010437,80.2464065552,75802,75812,10
12.9808797836,80.247833252,75812,75823,11
12.9807596207,80.2493972778,75823,75833,10
12.9805297852,80.2505569458,75833,75849,16
12.9801197052,80.252243042,75849,75871,22
12.9801197052,80.252243042,75871,75881,10
12.9801197052,80.2524795532,75881,75891,10
12.9805402756,80.2526473999,75891,75901,10
12.9813604355,80.2526397705,75901,75911,10
12.9823598862,80.2526168823,75911,75919,8
12.9835300446,80.2524871826,75919,75933,14
12.9853000641,80.2520217896,75933,75943,10
12.9861497879,80.2517929077,75943,75953,10
12.986579895,80.251663208,75953,75963,10
12.9865903854,80.251663208,75963,75973,10
12.9866600037,80.251663208,75973,75983,10
12.986869812,80.2515869141,75983,75993,10
12.9870996475,80.2515182495,75993,76003,10
12.9873800278,80.2514266968,76003,76027,24
12.9879198074,80.2516174316,76027,76039,12
12.9879798889,80.2520294189,76039,76049,10
12.9879903793,80.2525787354,76049,76059,10
12.9878902435,80.2536621094,76059,76069,10
12.987830162,80.2543563843,76069,76079,10
12.9877996445,80.254737854,76079,76087,8
12.9877901077,80.2549362183,76087,76099,12
12.9877500534,80.2554092407,76099,76109,10
12.9877099991,80.2557678223,76109,76120,11
12.9876699448,80.2562713623,76120,76130,10
12.987660408,80.2563705444,76130,76140,10
12.9876003265,80.2567901611,76140,76150,10
12.9875202179,80.25756073,76150,76160,10
12.9874601364,80.2584686279,76160,76170,10
12.9874000549,80.2589492798,76170,76190,20
12.9874000549,80.2589492798,76190,76200,10
12.9873600006,80.2591171265,76200,76210,10
12.9872398376,80.2595596313,76210,76251,41
12.9872398376,80.2595596313,76251,76260,9
12.9870300293,80.2596206665,76260,76696,436
12.9870500565,80.259262085,76696,77595,899
