13.0510396957,80.2060012817,15,1145,1130
13.0509004593,80.2060317993,1145,1296,151
13.0510396957,80.2060089111,1296,1569,273
13.0510597229,80.2060012817,1569,1659,90
13.0509700775,80.2060012817,1659,1972,313
13.0509700775,80.2060012817,1972,1982,10
13.0508699417,80.2061004639,1982,2295,313
13.0510101318,80.2059783936,2295,2951,656
13.0510101318,80.2059783936,2951,2961,10
13.0508203506,80.2060470581,2961,3244,283
13.0510501862,80.2060317993,3244,3748,504
13.0508403778,80.205871582,3748,4111,363
13.0511302948,80.2059936523,4111,5312,1201
13.0511302948,80.2059936523,5312,5322,10
13.051030159,80.2059173584,5322,6685,1363
13.0510101318,80.2059326172,6685,7674,989
13.0510101318,80.2059326172,7674,7684,10
13.0510396957,80.2059402466,7684,8985,1301
13.0509996414,80.2059707642,8985,9086,101
13.0509996414,80.2059707642,9086,9096,10
13.0510597229,80.2060317993,9096,9177,81
13.0510597229,80.2060317993,9177,9187,10
13.0510101318,80.2059936523,9187,9238,51
13.0510101318,80.2059936523,9238,9248,10
13.0509595871,80.2059936523,9248,10015,767
13.0510101318,80.2062072754,10015,10156,141
13.0509595871,80.2060775757,10156,13416,3260
13.0509195328,80.2060165405,13416,13861,445
13.0509195328,80.2060165405,13861,13871,10
13.0509796143,80.2061309814,13871,16375,2504
13.0509796143,80.2061309814,16375,16385,10
13.0509700775,80.2061309814,16385,16395,10
13.0510997772,80.2060012817,16395,16466,71
13.0510396957,80.2060317993,16466,17253,787
13.0511598587,80.2060165405,17253,17324,71
13.0510396957,80.2060012817,17324,17405,81
13.0509595871,80.2060470581,17405,17546,141
13.051030159,80.2060089111,17546,19261,1715
13.0509796143,80.2059783936,19261,19342,81
13.0509996414,80.2060089111,19342,19776,434
13.0509996414,80.2060089111,19776,19786,10
13.0510196686,80.2059707642,19786,19978,192
13.0510196686,80.2059707642,19978,19988,10
13.0509195328,80.2059936523,19988,19998,10
13.0509195328,80.2061080933,19998,20028,30
13.0509195328,80.2061080933,20028,20038,10
13.0508298874,80.2062530518,20038,20049,11
13.0507698059,80.2065734863,20049,20059,10
13.0507297516,80.2067337036,20059,20069,10
13.0506000519,80.2069091797,20069,20079,10
13.050359726,80.2068405151,20079,20089,10
13.0500402451,80.2068405151,20089,20099,10
13.0497703552,80.2068405151,20099,20200,101
13.0497703552,80.2068405151,20200,20210,10
13.0493297577,80.2068710327,20210,20230,20
13.0493297577,80.2068710327,20230,20240,10
13.0490999222,80.2069091797,20240,20250,10
13.0491399765,80.2070922852,20250,20260,10
13.049079895,80.2073135376,20260,20270,10
13.0490598679,80.2073287964,20270,20281,11
13.0489702225,80.2074890137,20281,20291,10
13.0491104126,80.2077789307,20291,20301,10
13.0492801666,80.2082214355,20301,20311,10
13.0494203568,80.2087936401,20311,20321,10
13.049489975,80.2093963623,20321,20331,10
13.0496101379,80.2101135254,20331,20341,10
13.0497303009,80.2108688354,20341,20351,10
13.0498695374,80.2116394043,20351,20361,10
13.0501499176,80.2119598389,20361,20371,10
13.0507698059,80.2120132446,20371,20383,12
13.0517196655,80.2120132446,20383,20393,10
13.0527801514,80.2118225098,20393,20403,10
13.0537700653,80.2116088867,20403,20413,10
13.0547103882,80.2114486694,20413,20422,9
13.0556201935,80.2114562988,20422,20433,11
13.0567598343,80.2115020752,20433,20443,10
13.0577402115,80.2115097046,20443,20453,10
13.0587501526,80.2115402222,20453,20463,10
13.0596904755,80.2115783691,20463,20473,10
13.0606403351,80.2116317749,20473,20484,11
13.061630249,80.2116622925,20484,20494,10
13.0624198914,80.2116165161,20494,20504,10
13.0633096695,80.2116012573,20504,20514,10
13.0641202927,80.2114868164,20514,20524,10
13.0649299622,80.2111587524,20524,20534,10
13.0656404495,80.210647583,20534,20550,16
13.0667104721,80.2097396851,20550,20562,12
13.0673503876,80.2088775635,20562,20572,10
13.0678300858,80.2080993652,20572,20582,10
13.0683603287,80.20728302,20582,20592,10
13.0689401627,80.2064285278,20592,20603,11
13.0693702698,80.2057800293,20603,20613,10
13.0695199966,80.2055511475,20613,20623,10
13.0696697235,80.2052383423,20623,20633,10
13.0697202682,80.2049789429,20633,20643,10
13.0695104599,80.204826355,20643,20653,10
13.0691699982,80.2050323486,20653,20663,10
13.0689096451,80.2053527832,20663,20673,10
13.0680999756,80.2052612305,20673,21307,634
13.0680999756,80.2052612305,21307,21317,10
13.0685195923,80.2049026489,21317,21337,20
13.0685195923,80.2049026489,21337,21347,10
13.0686998367,80.2048492432,21347,21357,10
13.068860054,80.2047805786,21357,21367,10
13.0691099167,80.2047424316,21367,21378,11
13.0695199966,80.204788208,21378,21388,10
13.0695896149,80.2048034668,21388,21398,10
13.0698204041,80.2049102783,21398,21448,50
13.0698204041,80.2049102783,21448,21458,10
13.0698795319,80.2050323486,21458,21468,10
13.0698204041,80.2052536011,21468,21478,10
13.0695800781,80.2056121826,21478,21488,10
13.0691795349,80.206237793,21488,21499,11
13.0686798096,80.2070083618,21499,21509,10
13.0682001114,80.2078018188,21509,21519,10
13.0676603317,80.2086486816,21519,21529,10
13.0670995712,80.2095031738,21529,21539,10
13.0663900375,80.2102432251,21539,21549,10
13.0656099319,80.2108917236,21549,21559,10
13.0651903152,80.2112579346,21559,21569,10
13.0650501251,80.2113571167,21569,21579,10
13.0646800995,80.2115402222,21579,21590,11
13.0639400482,80.2117233276,21590,21600,10
13.063079834,80.211730957,21600,21601,1
13.0629997253,80.2117385864,21601,21602,1
13.0628995895,80.2117385864,21602,21653,51
13.0579099655,80.2116317749,21653,21663,10
13.0577201843,80.2116394043,21663,21673,10
13.0573101044,80.2116470337,21673,21683,10
13.0566902161,80.2116317749,21683,21693,10
13.0559396744,80.2115936279,21693,21703,10
13.0550403595,80.2115707397,21703,21714,11
13.0538902283,80.2116775513,21714,21724,10
13.0527896881,80.2119522095,21724,21734,10
13.0517301559,80.2121810913,21734,21744,10
13.0508403778,80.2121734619,21744,21754,10
13.0498304367,80.2121887207,21754,21773,19
13.0498304367,80.2121887207,21773,21784,11
13.0496101379,80.2121963501,21784,21794,10
13.0493001938,80.2122192383,21794,21804,10
13.0488004684,80.2121887207,21804,21815,11
13.0479698181,80.2122268677,21815,21825,10
13.04708004,80.212310791,21825,21836,11
13.0459098816,80.2123413086,21836,21846,10
13.044839859,80.2123794556,21846,21856,10
13.0440797806,80.212348938,21856,21866,10
13.0431203842,80.2123413086,21866,21876,10
13.0420598984,80.2123565674,21876,21886,10
13.0411596298,80.2124023438,21886,21896,10
13.0398302078,80.2123718262,21896,21906,10
13.0386600494,80.2123718262,21906,21916,10
13.0375995636,80.212387085,21916,21927,11
13.0371904373,80.2123413086,21927,21937,10
13.0366001129,80.2123184204,21937,21947,10
13.0358495712,80.2123336792,21947,21957,10
13.035030365,80.212272644,21957,21967,10
13.0344495773,80.2121734619,21967,21977,10
13.0343999863,80.2121582031,21977,21987,10
13.0342502594,80.2121429443,21987,21997,10
13.0338897705,80.2120895386,21997,22007,10
13.0332403183,80.2119216919,22007,22023,16
13.0320501328,80.2116622925,22023,22035,12
13.0320396423,80.2109832764,22035,22045,10
13.032119751,80.210319519,22045,22055,10
13.0320796967,80.2097167969,22055,22066,11
13.0314102173,80.2095336914,22066,22077,11
13.030579567,80.2092666626,22077,22085,8
13.0300598145,80.2090911865,22085,22097,12
13.0296401978,80.2089767456,22097,22107,10
13.029540062,80.208946228,22107,22117,10
13.0291996002,80.2088775635,22117,22127,10
13.0284996033,80.2086486816,22127,22137,10
13.0277204514,80.2083435059,22137,22148,11
13.0269603729,80.2078781128,22148,22158,10
13.0262403488,80.2074508667,22158,22168,10
13.0252799988,80.2070465088,22168,22178,10
13.0242700577,80.2068710327,22178,22188,10
13.0233697891,80.2065963745,22188,22198,10
13.022359848,80.2064437866,22198,22208,10
13.0212001801,80.2063903809,22208,22228,20
13.0193500519,80.2063980103,22228,22248,20
13.0193500519,80.2063980103,22248,22261,13
13.0190696716,80.2063369751,22261,22271,10
13.018989563,80.2063293457,22271,22281,10
13.0186395645,80.2062072754,22281,22291,10
13.0179901123,80.2060394287,22291,22301,10
13.0172395706,80.205657959,22301,22311,10
13.016699791,80.2053909302,22311,22321,10
13.0153799057,80.2048721313,22321,22331,10
13.0144395828,80.2046432495,22331,22351,20
13.0144395828,80.2046432495,22351,22363,12
13.0143299103,80.2046432495,22363,22372,9
13.0139904022,80.2045135498,22372,22383,11
13.0136203766,80.2046203613,22383,22393,10
13.0134401321,80.2051696777,22393,22403,10
13.0132303238,80.2058486938,22403,22413,10
13.013130188,80.2067337036,22413,22423,10
13.0129995346,80.2075881958,22423,22433,10
13.0128898621,80.2080307007,22433,22443,10
13.0129003525,80.2085037231,22443,22453,10
13.0129003525,80.2088317871,22453,22463,10
13.0130500793,80.2093963623,22463,22473,10
13.0132398605,80.2098388672,22473,22484,11
13.0131196976,80.2107391357,22484,22494,10
13.012720108,80.2115783691,22494,22504,10
13.012169838,80.2124023438,22504,22514,10
13.0119104385,80.2127532959,22514,22524,10
13.0116796494,80.2126922607,22524,22534,10
13.0112895966,80.2124099731,22534,22544,10
13.010720253,80.2119674683,22544,22554,10
13.0101099014,80.2115097046,22554,22564,10
13.0095396042,80.2111434937,22564,22585,21
13.0095396042,80.2111434937,22585,22595,10
13.0093803406,80.2110290527,22595,22605,10
13.0092000961,80.2112426758,22605,22615,10
13.0090799332,80.2116165161,22615,22625,10
13.0092401505,80.2121276855,22625,22635,10
13.0094404221,80.2128295898,22635,22645,10
13.0096998215,80.2134933472,22645,22655,10
13.0099601746,80.2142333984,22655,22665,10
13.0101299286,80.2149810791,22665,22675,10
13.0102996826,80.2158813477,22675,22685,10
13.0107402802,80.2168884277,22685,22696,11
13.0112895966,80.2181015015,22696,22712,16
13.0119400024,80.220123291,22712,22724,12
13.0123596191,80.2213973999,22724,22734,10
13.0125999451,80.2219161987,22734,22742,8
13.0132398605,80.222618103,22742,22754,12
13.0138397217,80.2232589722,22754,22764,10
13.0140104294,80.2234420776,22764,22773,9
13.0140695572,80.2235412598,22773,22784,11
13.0141401291,80.2236480713,22784,22794,10
13.0143499374,80.2239532471,22794,22805,11
13.0149803162,80.2247314453,22805,22825,20
13.0149803162,80.2247314453,22825,22834,9
13.0152902603,80.225112915,22834,22845,11
13.0153303146,80.2256622314,22845,22855,10
13.0147600174,80.2260131836,22855,22865,10
13.013999939,80.2263412476,22865,22875,10
13.0130796432,80.2266769409,22875,22885,10
13.0120401382,80.2270889282,22885,22895,10
13.01101017,80.2274703979,22895,22905,10
13.0100002289,80.227897644,22905,22916,11
13.0096101761,80.2274169922,22916,22926,10
13.009929657,80.2267837524,22926,22936,10
13.0102901459,80.2258987427,22936,22946,10
13.0106897354,80.2249298096,22946,22956,10
13.0110998154,80.2238616943,22956,22966,10
13.0112199783,80.2231826782,22966,22976,10
13.0106897354,80.222869873,22976,22986,10
13.0100803375,80.2225418091,22986,22996,10
13.0094203949,80.2221603394,22996,23006,10
13.0086603165,80.2217330933,23006,23016,10
13.0077600479,80.2212905884,23016,23027,11
13.0066795349,80.2207183838,23027,23037,10
13.0055704117,80.2204437256,23037,23047,10
13.0045700073,80.220199585,23047,23057,10
13.0035600662,80.2200012207,23057,23067,10
13.002530098,80.2195663452,23067,23077,10
13.0017795563,80.2187423706,23077,23087,10
13.0009899139,80.2181472778,23087,23097,10
13.000289917,80.2176818848,23097,23113,16
12.9990100861,80.2169189453,23113,23125,12
12.9980201721,80.2165603638,23125,23135,10
12.9975996017,80.2165298462,23135,23146,11
12.9975099564,80.216506958,23146,23157,11
12.9970397949,80.216506958,23157,23167,10
12.9963302612,80.2165908813,23167,23177,10
12.9955501556,80.2167663574,23177,23186,9
12.9948101044,80.2172317505,23186,23195,9
12.9942102432,80.2176818848,23195,23207,12
12.9933795929,80.2182312012,23207,23217,10
12.9926795959,80.2187271118,23217,23227,10
12.9919395447,80.2193222046,23227,23236,9
12.9915103912,80.2195892334,23236,23247,11
12.9911003113,80.2194213867,23247,23258,11
12.9903898239,80.2191696167,23258,23268,10
12.9896001816,80.2188796997,23268,23278,10
12.9876203537,80.2183532715,23278,23288,10
12.9871501923,80.2182922363,23288,23328,40
12.9871501923,80.2182922363,23328,23338,10
12.9867801666,80.2181777954,23338,23348,10
12.9861602783,80.2180175781,23348,23360,12
12.9850597382,80.2179031372,23360,23371,11
12.9840402603,80.2179336548,23371,23381,10
12.983830452,80.2179336548,23381,23389,8
12.983499527,80.217918396,23389,23401,12
12.9826698303,80.2179107666,23401,23411,10
12.9817800522,80.2179412842,23411,23420,9
12.9808797836,80.2182006836,23420,23430,10
12.9799203873,80.2185516357,23430,23441,11
12.9790401459,80.2189178467,23441,23451,10
12.9786195755,80.2190628052,23451,23461,10
12.9780597687,80.2192764282,23461,23471,10
12.9773302078,80.219581604,23471,23482,11
12.9763298035,80.2200317383,23482,23492,10
12.9756002426,80.2204284668,23492,23502,10
12.9755601883,80.2208023071,23502,23512,10
12.9759597778,80.2212524414,23512,23522,10
12.9762802124,80.2216491699,23522,23548,26
12.9762802124,80.2216491699,23548,23560,12
12.9764795303,80.2219619751,23560,23568,8
12.9766798019,80.2223815918,23568,23581,13
12.9771604538,80.2231903076,23581,23590,9
12.9776802063,80.2239837646,23590,23601,11
12.9783496857,80.2250137329,23601,23611,10
12.9789304733,80.2259979248,23611,23621,10
12.9795198441,80.2269973755,23621,23631,10
12.9801197052,80.2279891968,23631,23641,10
12.9806404114,80.2288513184,23641,23651,10
12.9812698364,80.2298812866,23651,23661,10
12.9816999435,80.2305221558,23661,23671,10
12.9817199707,80.2305297852,23671,23681,10
12.9818601608,80.2308731079,23681,23692,11
12.9819803238,80.2315216064,23692,23702,10
12.982000351,80.2323532104,23702,23712,10
12.9816198349,80.2334594727,23712,23732,20
12.9816198349,80.2334594727,23732,23742,10
12.9814500809,80.2336883545,23742,23752,10
12.9812498093,80.2342376709,23752,23762,10
12.9812097549,80.2349090576,23762,23772,10
12.9812498093,80.2361831665,23772,23782,10
12.9812803268,80.2373428345,23782,23792,10
12.981300354,80.2382965088,23792,23803,11
12.981300354,80.2385406494,23803,23813,10
12.981300354,80.238861084,23813,23823,10
12.981300354,80.2394790649,23823,23833,10
12.9813203812,80.2402496338,23833,23843,10
12.9813499451,80.2411575317,23843,23853,10
12.9813604355,80.2421417236,23853,23863,10
12.9813604355,80.2428207397,23863,23883,20
12.9813604355,80.2428207397,23883,23893,10
12.9813604355,80.243057251,23893,23903,10
12.9813604355,80.243598938,23903,23914,11
12.9812602997,80.2444381714,23914,23924,10
12.9811401367,80.2453613281,23924,23934,10
12.981010437,80.246421814,23934,23944,10
12.980919838,80.2475891113,23944,23954,10
12.9808197021,80.2487411499,23954,23964,10
12.9806604385,80.2499237061,23964,23974,10
12.9803695679,80.2510528564,23974,23984,10
12.9801502228,80.2520217896,23984,23994,10
12.9801301956,80.2522125244,23994,24004,10
12.9801101685,80.2523422241,24004,24014,10
12.9801902771,80.2525405884,24014,24025,11
12.9804601669,80.2526626587,24025,24035,10
12.9810600281,80.2526397705,24035,24045,10
12.981880188,80.2526092529,24045,24055,10
12.982919693,80.2525634766,24055,24065,10
12.9840402603,80.2523498535,24065,24075,10
12.9851703644,80.2520294189,24075,24085,10
12.9862804413,80.251739502,24085,24095,10
12.987660408,80.2513809204,24095,24126,31
12.987660408,80.2513809204,24126,24136,10
12.9878702164,80.251449585,24136,24146,10
12.9879903793,80.2518692017,24146,24156,10
12.9880304337,80.2525634766,24156,24166,10
12.9879598618,80.2535400391,24166,24176,10
12.9878702164,80.2546234131,24176,24186,10
12.9877595901,80.2555007935,24186,24226,40
12.9877595901,80.2555007935,24226,24236,10
12.9876499176,80.2558898926,24236,24247,11
12.9876003265,80.2564697266,24247,24257,10
12.9875402451,80.2571182251,24257,24267,10
12.9874696732,80.2580795288,24267,24277,10
12.987449646,80.2587814331,24277,24287,10
12.9873304367,80.2593383789,24287,24327,40
12.9873304367,80.2593383789,24327,24337,10
12.9871196747,80.2596588135,24337,24358,21
12.9871196747,80.2596588135,24358,24368,10
12.9868803024,80.2595214844,24368,24378,10
12.9866695404,80.2593231201,24378,25114,736
12.9866695404,80.2593231201,25114,25124,10
12.9866504669,80.2591323853,25124,25135,11
12.986869812,80.2590789795,25135,25175,40
12.986869812,80.2590789795,25175,25185,10
12.9872398376,80.2591094971,25185,25195,10
12.9873504639,80.2589569092,25195,25205,10
12.9874095917,80.2587509155,25205,25215,10
12.9874897003,80.2583236694,25215,25225,10
12.9875202179,80.2576293945,25225,25236,11
12.9876203537,80.2567062378,25236,25246,10
12.9876699448,80.2559280396,25246,25256,10
12.9877796173,80.2553482056,25256,25266,10
12.987830162,80.2545700073,25266,25276,10
12.9878997803,80.2536773682,25276,25286,10
12.9879703522,80.2526702881,25286,25296,10
12.9878902435,80.2517623901,25296,25306,10
12.9873399734,80.2516326904,25306,25316,10
12.9865999222,80.2517700195,25316,25326,10
12.9856996536,80.251991272,25326,25336,10
12.9846496582,80.2522583008,25336,25346,10
12.9835300446,80.2525482178,25346,25357,11
12.9822397232,80.2526626587,25357,25367,10
12.9810600281,80.2526779175,25367,25377,10
12.9801902771,80.2527236938,25377,25387,10
12.9799203873,80.2526397705,25387,25397,10
12.9799203873,80.2525024414,25397,25407,10
12.9799499512,80.2523880005,25407,25417,10
12.9799995422,80.2522201538,25417,25427,10
12.9800701141,80.2518463135,25427,25437,10
12.9802904129,80.2512207031,25437,25447,10
12.9805202484,80.2503890991,25447,25458,11
12.9807395935,80.2492828369,25458,25468,10
12.9808197021,80.2481613159,25468,25478,10
12.9808998108,80.2469863892,25478,25488,10
12.9810199738,80.2458724976,25488,25498,10
12.9811496735,80.2447662354,25498,25508,10
12.9812202454,80.243850708,25508,25518,10
12.9813404083,80.2435684204,25518,25528,10
12.9813804626,80.2431793213,25528,25538,10
12.9813899994,80.2428283691,25538,25548,10
12.9813899994,80.2428207397,25548,25558,10
12.9814195633,80.2424316406,25558,25569,11
12.9813995361,80.2416915894,25569,25579,10
12.9813995361,80.2408065796,25579,25589,10
12.9813899994,80.2398300171,25589,25599,10
12.9813699722,80.2389526367,25599,25609,10
12.9813404083,80.2381134033,25609,25619,10
12.9813203812,80.2379302979,25619,25629,10
12.9813203812,80.2376327515,25629,25639,10
12.9812898636,80.2370223999,25639,25649,10
12.9812803268,80.2361831665,25649,25659,10
12.9812498093,80.2351913452,25659,25670,11
12.9813699722,80.2340621948,25670,25680,10
12.9816799164,80.2333602905,25680,25690,10
12.9817199707,80.2332763672,25690,25700,10
12.9818696976,80.2329177856,25700,25710,10
12.9820299149,80.2323226929,25710,25720,10
12.982000351,80.2317581177,25720,25730,10
12.9819602966,80.231300354,25730,25740,10
12.9818096161,80.2308120728,25740,25750,10
12.9814796448,80.2302703857,25750,25766,16
12.9809398651,80.2293701172,25766,25778,12
12.9807500839,80.2290878296,25778,25786,8
12.9806804657,80.2289581299,25786,25799,13
12.9804096222,80.2285385132,25799,25809,10
12.9801397324,80.2279891968,25809,25818,9
12.9798202515,80.2274398804,25818,25829,11
12.9792299271,80.2264785767,25829,25839,10
12.9787101746,80.2256164551,25839,25849,10
12.9782304764,80.2247772217,25849,25859,10
12.977809906,80.2241897583,25859,25869,10
12.9774503708,80.2236022949,25869,25879,10
12.9769897461,80.2227935791,25879,25890,11
12.9767398834,80.2223968506,25890,25899,9
12.9764299393,80.2219085693,25899,25910,11
12.9760303497,80.2213516235,25910,25920,10
12.9756202698,80.2209091187,25920,26010,90
12.9756202698,80.2209091187,26010,26021,11
12.9754896164,80.2206115723,26021,26031,10
12.9757003784,80.2202987671,26031,26041,10
12.9762096405,80.2200393677,26041,26051,10
12.9768896103,80.2197494507,26051,26061,10
12.9777498245,80.2193984985,26061,26071,10
12.9785995483,80.219078064,26071,26081,10
12.9791202545,80.2189025879,26081,26091,10
12.9798402786,80.2186279297,26091,26101,10
12.9806003571,80.2183303833,26101,26111,10
12.9815502167,80.2180023193,26111,26121,10
12.9826002121,80.217880249,26121,26132,11
12.9836196899,80.2178421021,26132,26142,10
12.9838495255,80.2178421021,26142,26152,10
12.98416996,80.2178497314,26152,26162,10
12.9848098755,80.2178421021,26162,26172,10
12.985619545,80.2178573608,26172,26182,10
12.9865598679,80.2180786133,26182,26192,10
12.987279892,80.2182312012,26192,26202,10
12.9874401093,80.21824646,26202,26212,10
12.9878101349,80.2183380127,26212,26222,10
12.9884395599,80.21849823,26222,26239,17
12.9899101257,80.218963623,26239,26251,12
12.9911003113,80.219291687,26251,26261,10
12.9917097092,80.2193832397,26261,26271,10
12.9923801422,80.2189788818,26271,26281,10
12.9931697845,80.2184066772,26281,26291,10
12.9939002991,80.2178421021,26291,26301,10
12.994509697,80.2173995972,26301,26311,10
12.9949998856,80.2170562744,26311,26321,10
12.9954595566,80.2167816162,26321,26331,10
12.9961595535,80.2165985107,26331,26341,10
12.9969596863,80.2164993286,26341,26352,11
12.9974298477,80.2161865234,26352,26362,10
12.9975595474,80.2161178589,26362,26372,10
12.9976997375,80.2160110474,26372,26382,10
12.9980201721,80.215713501,26382,26392,10
12.9985198975,80.2152633667,26392,26402,10
12.9991102219,80.2147827148,26402,26412,10
12.9993600845,80.2145767212,26412,26422,10
12.9997901917,80.2142105103,26422,26432,10
13.0001401901,80.2138977051,26432,26442,10
13.0006504059,80.2134094238,26442,26452,10
13.001250267,80.2129516602,26452,26463,11
13.0020198822,80.2123794556,26463,26473,10
13.0026798248,80.2121124268,26473,26483,10
13.0030498505,80.2120666504,26483,26493,10
13.0036201477,80.2119369507,26493,26503,10
13.0037202835,80.2118606567,26503,26513,10
13.0037202835,80.2114715576,26513,26523,10
13.0036697388,80.2107772827,26523,26533,10
13.003569603,80.210067749,26533,26543,10
13.0035800934,80.2093505859,26543,26553,10
13.0038099289,80.2087020874,26553,26563,10
13.0045099258,80.2088623047,26563,26574,11
13.0054597855,80.2092819214,26574,26584,10
13.0062999725,80.2095794678,26584,26594,10
13.0070295334,80.2097702026,26594,26604,10
13.0072002411,80.2098007202,26604,26614,10
13.0075302124,80.2098617554,26614,26624,10
13.0080099106,80.2099761963,26624,26634,10
13.008099556,80.2096176147,26634,26644,10
13.0080099106,80.2089233398,26644,26654,10
13.0078601837,80.2080307007,26654,26665,11
13.0076904297,80.2069015503,26665,26675,10
13.0075502396,80.2058181763,26675,26685,10
13.007519722,80.204826355,26685,26695,10
13.0074901581,80.2039794922,26695,26705,10
13.0073900223,80.2032089233,26705,26715,10
13.0070199966,80.2025299072,26715,26725,10
13.0065202713,80.2029190063,26725,26735,10
13.0068597794,80.2033920288,26735,26745,10
13.007519722,80.2036590576,26745,26755,10
13.0083398819,80.2037124634,26755,26765,10
13.0094003677,80.2036209106,26765,26775,10
13.0105304718,80.2036132813,26775,26786,11
13.0118598938,80.203742981,26786,26796,10
13.013010025,80.203956604,26796,26812,16
13.0145797729,80.2045211792,26812,26824,12
13.0158996582,80.2050018311,26824,26834,10
13.0169401169,80.2053527832,26834,26844,10
13.0178699493,80.2056808472,26844,26854,10
13.0184001923,80.2058792114,26854,26864,10
13.0188102722,80.2060165405,26864,26874,10
13.0189504623,80.2060928345,26874,26884,10
13.0194301605,80.2062225342,26884,26895,11
13.02023983,80.2062988281,26895,26906,11
13.0213098526,80.2062683105,26906,26916,10
13.0222196579,80.2063598633,26916,26926,10
13.0233201981,80.2065811157,26926,26936,10
13.0244503021,80.2067718506,26936,26946,10
13.0255899429,80.2070388794,26946,26956,10
13.0265197754,80.2075500488,26956,26964,8
13.0272703171,80.2080230713,26964,26976,12
13.0285196304,80.2085876465,26976,26986,10
13.0295696259,80.2088165283,26986,26995,9
13.0304603577,80.2090835571,26995,27006,11
13.031370163,80.2093200684,27006,27017,11
13.0317897797,80.2093963623,27017,27027,10
13.0323295593,80.2095413208,27027,27037,10
13.0330495834,80.2096786499,27037,27047,10
13.0337696075,80.2098388672,27047,27057,10
13.0347299576,80.2100601196,27057,27067,10
13.0350103378,80.2104721069,27067,27077,10
13.0349798203,80.2109222412,27077,27087,10
13.0349998474,80.211227417,27087,27096,9
13.0349597931,80.211479187,27096,27107,11
13.0349197388,80.2118377686,27107,27118,11
13.0348901749,80.2119522095,27118,27128,10
13.0351400375,80.2122116089,27128,27137,9
13.03565979,80.2122802734,27137,27148,11
13.036529541,80.2123184204,27148,27158,10
13.0372400284,80.2123031616,27158,27168,10
13.0378904343,80.2122879028,27168,27178,10
13.0387001038,80.212272644,27178,27188,10
13.0396995544,80.2122802734,27188,27198,10
13.0408000946,80.2122573853,27198,27208,10
13.0418996811,80.2122268677,27208,27218,10
13.0428600311,80.2122268677,27218,27229,11
13.0439395905,80.2121887207,27229,27239,10
13.0442399979,80.2121963501,27239,27249,10
13.0446100235,80.2121963501,27249,27259,10
13.0452699661,80.2121734619,27259,27269,10
13.0461301804,80.2121582031,27269,27279,10
13.0471401215,80.2121200562,27279,27289,10
13.0481100082,80.212020874,27289,27298,9
13.0483703613,80.2120132446,27298,27309,11
13.0486402512,80.2119903564,27309,27319,10
13.0491695404,80.2119293213,27319,27330,11
13.0495300293,80.2119293213,27330,27340,10
13.0495500565,80.2119293213,27340,27350,10
13.0498399734,80.2119598389,27350,27360,10
13.0501003265,80.2119522095,27360,27370,10
13.0505599976,80.2119598389,27370,27380,10
13.0511798859,80.2120132446,27380,27390,10
13.0521697998,80.2119293213,27390,27400,10
13.0532102585,80.211730957,27400,27410,10
13.0542697906,80.2114715576,27410,27420,10
13.0550899506,80.2113876343,27420,27430,10
13.0559597015,80.2113800049,27430,27440,10
13.0568799973,80.2114181519,27440,27450,10
13.0579004288,80.2114334106,27450,27461,11
13.058930397,80.2114486694,27461,27471,10
13.0600099564,80.2115325928,27471,27481,10
13.0611095428,80.2115478516,27481,27490,9
13.0618801117,80.2116699219,27490,27500,10
13.0628004074,80.2116622925,27500,27511,11
13.0636796951,80.211517334,27511,27521,10
13.0644197464,80.2113876343,27521,27531,10
13.0650196075,80.2110366821,27531,27541,10
13.0659399033,80.2103805542,27541,27552,11
13.0668096542,80.209602356,27552,27562,10
13.0674104691,80.208656311,27562,27572,10
13.0679502487,80.2078475952,27572,27582,10
13.0685195923,80.2070236206,27582,27592,10
13.0691003799,80.206161499,27592,27602,10
13.0694198608,80.2056808472,27602,27612,10
13.0696897507,80.205078125,27612,27642,30
13.0696897507,80.205078125,27642,27652,10
13.0695400238,80.2048110962,27652,27662,10
13.0690698624,80.2051925659,27662,27713,51
13.0690202713,80.2053070068,27713,27874,161
13.0690202713,80.2053070068,27874,27884,10
13.0687799454,80.2052230835,27884,28288,404
13.0687799454,80.2052230835,28288,28298,10
13.0685997009,80.2053909302,28298,28308,10
13.0684299469,80.2054290771,28308,28319,11
13.0680198669,80.2053375244,28319,28339,20
13.0680103302,80.2051467896,28339,28409,70
13.0680103302,80.2051467896,28409,28419,10
13.0680999756,80.2049789429,28419,28500,81
13.0680999756,80.2049789429,28500,28510,10
13.0682201385,80.2049865723,28510,28520,10
13.0683202744,80.2049865723,28520,28530,10
13.0686197281,80.2048873901,28530,28541,11
13.0690698624,80.204750061,28541,28551,10
13.0694904327,80.204788208,28551,28561,10
13.0696897507,80.2048187256,28561,28571,10
13.0697002411,80.2048187256,28571,28581,10
13.0698795319,80.2050170898,28581,28591,10
13.0696802139,80.2054595947,28591,28601,10
13.0692501068,80.2060699463,28601,28611,10
13.0687999725,80.2067565918,28611,28621,10
13.0682001114,80.2077407837,28621,28631,10
13.0676403046,80.2086410522,28631,28641,10
13.0670604706,80.2095489502,28641,28652,11
13.0661897659,80.2104034424,28652,28662,10
13.0654001236,80.2110595703,28662,28672,10
13.0652503967,80.2111816406,28672,28682,10
13.0650100708,80.2112884521,28682,28692,10
13.064450264,80.2115402222,28692,28702,10
13.0638799667,80.2117080688,28702,28712,10
13.0637102127,80.211730957,28712,28722,10
13.0633296967,80.2117385864,28722,28732,10
13.0624198914,80.2117385864,28732,28742,10
13.0614404678,80.2117233276,28742,28752,10
13.060259819,80.2116775513,28752,28763,11
13.059009552,80.2116088867,28763,28773,10
13.0579996109,80.2115783691,28773,28783,10
13.0577297211,80.2115707397,28783,28793,10
13.057390213,80.2115707397,28793,28803,10
13.0567302704,80.2115783691,28803,28813,10
13.0558795929,80.2115631104,28813,28823,10
13.0548400879,80.211479187,28823,28833,10
13.0536899567,80.2116928101,28833,28843,10
13.052570343,80.2120132446,28843,28853,10
13.0514698029,80.2121734619,28853,28863,10
13.0503702164,80.2121429443,28863,28894,31
13.0503702164,80.2121429443,28894,28904,10
13.0501499176,80.2121200562,28904,28914,10
13.0499095917,80.2121429443,28914,28924,10
13.0498800278,80.2121429443,28924,28934,10
13.0497903824,80.2121582031,28934,28944,10
13.0494804382,80.2121429443,28944,28954,10
13.0488595963,80.2121505737,28954,28964,10
13.0481004715,80.2121963501,28964,28974,10
13.0472297668,80.212272644,28974,28985,11
13.0461397171,80.2123184204,28985,28995,10
13.0451202393,80.2123794556,28995,29005,10
13.0441799164,80.2123794556,29005,29015,10
13.0433502197,80.212348938,29015,29025,10
13.0425701141,80.2123565674,29025,29035,10
13.0419797897,80.2123794556,29035,29045,10
13.0413198471,80.2124176025,29045,29055,10
13.0405197144,80.2124633789,29055,29065,10
13.0394001007,80.2123794556,29065,29075,10
13.0384197235,80.2123413086,29075,29085,10
13.0379800797,80.2123794556,29085,29096,11
13.0376596451,80.2123794556,29096,29106,10
13.0370597839,80.2123565674,29106,29116,10
13.0362501144,80.2123184204,29116,29126,10
13.0354099274,80.2123031616,29126,29136,10
13.0346403122,80.2121963501,29136,29146,10
13.0344696045,80.2121582031,29146,29156,10
13.0344200134,80.2121124268,29156,29172,16
13.0338802338,80.2120437622,29172,29184,12
13.0332603455,80.2119216919,29184,29192,8
13.032699585,80.211807251,29192,29205,13
13.0320100784,80.2114181519,29205,29215,10
13.0320796967,80.2107772827,29215,29224,9
13.0321598053,80.2100830078,29224,29235,11
13.0318603516,80.209602356,29235,29245,10
13.0311803818,80.2093811035,29245,29255,10
13.0304203033,80.2091903687,29255,29265,10
13.0298404694,80.209022522,29265,29275,10
13.029709816,80.2089920044,29275,29285,10
13.0295095444,80.2089614868,29285,29295,10
13.0290603638,80.2087783813,29295,29305,10
13.0283298492,80.2085800171,29305,29316,11
13.0275802612,80.2082672119,29316,29326,10
13.0269002914,80.2078781128,29326,29336,10
13.0261297226,80.2074203491,29336,29346,10
13.0251598358,80.2070465088,29346,29356,10
13.0243597031,80.2069320679,29356,29366,10
13.0236797333,80.2067718506,29366,29376,10
13.0227603912,80.2065811157,29376,29386,10
13.0218400955,80.2064819336,29386,29396,10
13.0208301544,80.2064590454,29396,29406,10
13.0197601318,80.2064208984,29406,29416,10
13.0191698074,80.2063293457,29416,29427,11
13.0191602707,80.2063064575,29427,29437,10
13.0188999176,80.2062530518,29437,29447,10
13.0184602737,80.2060775757,29447,29457,10
13.0178604126,80.2058792114,29457,29467,10
13.0172195435,80.2056274414,29467,29477,10
13.0165195465,80.2053909302,29477,29487,10
13.0156402588,80.205078125,29487,29497,10
13.0146102905,80.2047271729,29497,29507,10
13.0143098831,80.2046127319,29507,29517,10
13.0140600204,80.204498291,29517,29527,10
13.0136804581,80.2044067383,29527,29538,11
13.0135402679,80.2047424316,29538,29548,10
13.0133399963,80.2053985596,29548,29558,10
13.0131196976,80.2062225342,29558,29568,10
13.0130195618,80.2072525024,29568,29577,9
13.0129098892,80.2078323364,29577,29588,11
13.0128602982,80.2082138062,29588,29598,10
13.0128803253,80.208656311,29598,29608,10
13.0129404068,80.2090530396,29608,29618,10
13.0131902695,80.2096481323,29618,29628,10
13.0131502151,80.2102966309,29628,29638,10
13.0129404068,80.2111206055,29638,29649,11
13.0124197006,80.2120513916,29649,29659,10
13.0119600296,80.2127380371,29659,29669,10
13.0118999481,80.2128219604,29669,29679,10
13.0115995407,80.212677002,29679,29689,10
13.0111198425,80.2123184204,29689,29699,10
13.0105400085,80.2118911743,29699,29709,10
13.0096702576,80.2112197876,29709,29739,30
13.0096702576,80.2112197876,29739,29749,10
13.0093097687,80.2111206055,29749,29790,41
13.0093097687,80.2111206055,29790,29800,10
13.009180069,80.2113876343,29800,29810,10
13.0090799332,80.2115097046,29810,29820,10
13.0090103149,80.2116165161,29820,29830,10
13.0091295242,80.212020874,29830,29840,10
13.0093202591,80.2125778198,29840,29850,10
13.0095596313,80.2132263184,29850,29860,10
13.0098495483,80.2139205933,29860,29870,10
13.0101203918,80.2146072388,29870,29881,11
13.0102596283,80.2155380249,29881,29891,10
13.0106201172,80.2164993286,29891,29901,10
13.0111103058,80.2175521851,29901,29911,10
13.0114097595,80.2183990479,29911,29921,10
13.0117902756,80.2196121216,29921,29931,10
13.012140274,80.2207489014,29931,29941,10
13.0124397278,80.2216186523,29941,29951,10
13.0128002167,80.2221908569,29951,29961,10
13.0135297775,80.2229232788,29961,29971,10
13.0140600204,80.2235412598,29971,29981,10
13.0145196915,80.2241897583,29981,29992,11
13.015080452,80.2247695923,29992,30002,10
13.0153903961,80.2251586914,30002,30012,10
13.0153903961,80.2256164551,30012,30022,10
13.0150403976,80.2259063721,30022,30032,10
13.0143899918,80.2261581421,30032,30042,10
13.013589859,80.2264709473,30042,30052,10
13.0126695633,80.2268218994,30052,30062,10
13.0117301941,80.2272033691,30062,30072,10
13.010720253,80.2276000977,30072,30082,10
13.0097904205,80.2279129028,30082,30092,10
13.0096197128,80.2273712158,30092,30103,11
13.0099401474,80.2266769409,30103,30113,10
13.0102796555,80.2259216309,30113,30123,10
13.0106601715,80.2250823975,30123,30133,10
13.0110797882,80.2240600586,30133,30143,10
13.0113697052,80.2232208252,30143,30153,10
13.0110301971,80.2229995728,30153,30163,10
13.0101995468,80.2225799561,30163,30173,10
13.0093803406,80.2221603394,30173,30183,10
13.0084199905,80.2216491699,30183,30193,10
13.007399559,80.2211227417,30193,30203,10
13.0064096451,80.2206268311,30203,30214,11
13.0052204132,80.2203598022,30214,30224,10
13.0042695999,80.220161438,30224,30234,10
13.0032300949,80.2199172974,30234,30244,10
13.0022802353,80.219367981,30244,30254,10
13.0016098022,80.2186584473,30254,30264,10
13.0008897781,80.2181396484,30264,30274,10
13.0001401901,80.2176589966,30274,30284,10
12.9991998672,80.2170791626,30284,30294,10
12.9982700348,80.2166519165,30294,30303,9
12.9975299835,80.2165374756,30303,30315,12
12.997420311,80.2165222168,30315,30325,10
12.9970903397,80.2164993286,30325,30335,10
12.9965696335,80.2165527344,30335,30345,10
12.9960203171,80.2166671753,30345,30355,10
12.9952497482,80.2169723511,30355,30365,10
12.9946699142,80.2173461914,30365,30375,10
12.9941301346,80.2177276611,30375,30385,10
12.9937000275,80.2180328369,30385,30395,10
12.9931001663,80.218460083,30395,30405,10
12.9924402237,80.218963623,30405,30415,10
12.9917097092,80.2195129395,30415,30426,11
12.9911298752,80.2194671631,30426,30436,10
12.9904098511,80.2192230225,30436,30446,10
12.9895200729,80.2189025879,30446,30456,10
12.9884901047,80.2185592651,30456,30466,10
12.9874897003,80.2183837891,30466,30476,10
12.9865598679,80.2181625366,30476,30486,10
12.9855203629,80.2179336548,30486,30496,10
12.9844799042,80.217918396,30496,30506,10
12.9838104248,80.217956543,30506,30516,10
12.9835500717,80.2179718018,30516,30526,10
12.9829797745,80.2179718018,30526,30536,10
12.9822301865,80.217956543,30536,30547,11
12.9812402725,80.2181015015,30547,30557,10
12.9803199768,80.2183990479,30557,30567,10
12.9796600342,80.218711853,30567,30577,10
12.9791202545,80.2189102173,30577,30587,10
12.9785995483,80.2190933228,30587,30597,10
12.9779901505,80.2193374634,30597,30607,10
12.9772396088,80.2196731567,30607,30617,10
12.9764299393,80.2200088501,30617,30627,10
12.9757499695,80.2203292847,30627,30676,49
12.9757499695,80.2203292847,30676,30686,10
12.9756402969,80.220413208,30686,30696,10
12.9755401611,80.2207870483,30696,30706,10
12.9758501053,80.2211380005,30706,30716,10
12.9763002396,80.2216796875,30716,30736,20
12.9763002396,80.2216796875,30736,30746,10
12.9764604568,80.2220916748,30746,30756,10
12.9766998291,80.2224578857,30756,30767,11
12.9771404266,80.2231292725,30767,30777,10
12.9775295258,80.223777771,30777,30787,10
12.9781198502,80.2247314453,30787,30797,10
12.978679657,80.2256393433,30797,30807,10
12.9792604446,80.226600647,30807,30817,10
12.9798402786,80.2275466919,30817,30827,10
12.9804000854,80.2284927368,30827,30837,10
12.9809398651,80.2293701172,30837,30847,10
12.9814395905,80.2301635742,30847,30857,10
12.9819002151,80.2309875488,30857,30868,11
12.9820604324,80.2320632935,30868,30878,10
12.981880188,80.2329788208,30878,30888,10
12.9816598892,80.2334899902,30888,30898,10
12.9815397263,80.2337417603,30898,30908,10
12.9812803268,80.2342605591,30908,30918,10
12.9812202454,80.2350234985,30918,30928,10
12.9812498093,80.2359695435,30928,30938,10
12.9812803268,80.2370376587,30938,30948,10
12.981300354,80.237953186,30948,30964,16
12.9813299179,80.2386627197,30964,30976,12
12.9813299179,80.2387008667,30976,30987,11
12.9813299179,80.2390899658,30987,30997,10
12.9813404083,80.2396469116,30997,31007,10
12.9813699722,80.2402496338,31007,31017,10
12.9813699722,80.2409820557,31017,31027,10
12.9813804626,80.2417984009,31027,31036,9
12.9813899994,80.2424926758,31036,31047,11
12.9813804626,80.2428131104,31047,31057,10
12.9813804626,80.2428970337,31057,31067,10
12.9813899994,80.2432327271,31067,31077,10
12.9813404083,80.2438201904,31077,31088,11
12.9812402725,80.2446289063,31088,31098,10
12.9811000824,80.2455062866,31098,31108,10
12.9809904099,80.2464981079,31108,31118,10
12.980890274,80.2475967407,31118,31128,10
12.9808101654,80.2487335205,31128,31138,10
12.9806900024,80.2498168945,31138,31148,10
12.9804296494,80.2509307861,31148,31158,10
12.9801797867,80.2519378662,31158,31168,10
12.9801301956,80.2521972656,31168,31178,10
12.980099678,80.2523193359,31178,31188,10
12.9801301956,80.2524719238,31188,31199,11
12.9803800583,80.2526092529,31199,31209,10
12.9807796478,80.2526168823,31209,31219,10
12.9814596176,80.2526016235,31219,31229,10
12.9822502136,80.2525787354,31229,31239,10
12.9831600189,80.252532959,31239,31249,10
12.984120369,80.2523193359,31249,31259,10
12.9851398468,80.2520599365,31259,31269,10
12.9860496521,80.2518234253,31269,31279,10
12.9869203568,80.2515869141,31279,31289,10
12.9875202179,80.2514266968,31289,31299,10
12.9878396988,80.2514190674,31299,31310,11
12.9879999161,80.2518386841,31310,31320,10
12.9880304337,80.2519683838,31320,31330,10
12.9880399704,80.2522506714,31330,31341,11
12.9879598618,80.2529907227,31341,31351,10
12.9878702164,80.25390625,31351,31361,10
12.987739563,80.2552032471,31361,31381,20
12.987739563,80.2552032471,31381,31391,10
12.9877099991,80.2555236816,31391,31401,10
12.9876203537,80.2559967041,31401,31411,10
12.9875602722,80.2566604614,31411,31422,11
12.9875001907,80.2574996948,31422,31432,10
12.9874296188,80.2584228516,31432,31442,10
12.9872703552,80.2594833374,31442,31472,30
12.9871902466,80.2595825195,31472,31492,20
12.9871902466,80.2595825195,31492,31502,10
12.9868803024,80.2595214844,31502,31512,10
12.9865398407,80.2594528198,31512,33419,1907
12.9865398407,80.2594528198,33419,33430,11
12.986579895,80.2594070435,33430,33440,10
12.9865903854,80.2592163086,33440,33450,10
12.9868202209,80.2590637207,33450,33571,121
12.9868202209,80.2590637207,33571,33581,10
12.9871997833,80.2591094971,33581,33591,10
12.9872198105,80.2591094971,33591,33601,10
12.9873504639,80.2590408325,33601,33611,10
12.9874000549,80.2588424683,33611,33621,10
12.9874000549,80.2588272095,33621,33631,10
12.9874296188,80.2586669922,33631,33641,10
12.9874401093,80.2585296631,33641,33652,11
12.987449646,80.2582778931,33652,33662,10
12.9874601364,80.2582626343,33662,33672,10
12.9875202179,80.2580490112,33672,33682,10
12.9875097275,80.2578811646,33682,33692,10
12.9875602722,80.2575378418,33692,33702,10
12.9876003265,80.2569198608,33702,33712,10
12.9875802994,80.2561035156,33712,33752,40
12.9875802994,80.2561035156,33752,33763,11
12.9876203537,80.2557525635,33763,33773,10
12.9877300262,80.2552337646,33773,33783,10
12.9877595901,80.2548370361,33783,33793,10
12.9877901077,80.2547912598,33793,33803,10
12.9878196716,80.2544708252,33803,33813,10
12.987830162,80.2538604736,33813,33823,10
12.9878797531,80.2530517578,33823,33832,9
12.987859726,80.2519378662,33832,33853,21
12.987859726,80.2519378662,33853,33864,11
12.9877996445,80.251701355,33864,33873,9
12.9875402451,80.2516021729,33873,33884,11
12.9869203568,80.2516937256,33884,33894,10
12.9862203598,80.2518463135,33894,33904,10
12.9854202271,80.2520599365,33904,33914,10
12.9845695496,80.2522888184,33914,33924,10
12.983710289,80.252532959,33924,33934,10
12.9828500748,80.2526626587,33934,33944,10
12.9819898605,80.2526931763,33944,33954,10
12.9811296463,80.2527084351,33954,33964,10
12.9799900055,80.252746582,33964,33995,31
12.9799900055,80.252746582,33995,34005,10
12.9799098969,80.2523803711,34005,34015,10
12.9799203873,80.252281189,34015,34025,10
12.9799604416,80.2521896362,34025,34035,10
12.980050087,80.2518463135,34035,34045,10
12.9802103043,80.2513504028,34045,34055,10
12.9804000854,80.2506866455,34055,34065,10
12.9806203842,80.2499237061,34065,34075,10
12.9807500839,80.2489929199,34075,34085,10
12.9808197021,80.2480163574,34085,34095,10
12.9809103012,80.2470397949,34095,34106,11
12.981010437,80.2460174561,34106,34116,10
12.9811296463,80.2450714111,34116,34126,10
12.9812097549,80.2441329956,34126,34136,10
12.9812898636,80.2436599731,34136,34146,10
12.9813604355,80.2434463501,34146,34156,10
12.9813699722,80.243019104,34156,34166,10
12.9813804626,80.2429122925,34166,34176,10
12.9813899994,80.2427902222,34176,34186,10
12.9813995361,80.2425308228,34186,34196,10
12.9813804626,80.2421188354,34196,34206,10
12.9813995361,80.2415237427,34206,34217,11
12.9813995361,80.2407302856,34217,34227,10
12.9813804626,80.2399291992,34227,34237,10
12.9813604355,80.2390899658,34237,34247,10
12.9812898636,80.2379226685,34247,34267,20
12.9812898636,80.2379226685,34267,34277,10
12.9812803268,80.2375869751,34277,34287,10
12.9812602997,80.2370834351,34287,34297,10
12.9812402725,80.2363815308,34297,34307,10
12.9812202454,80.2356185913,34307,34317,10
12.9811897278,80.2347717285,34317,34328,11
12.9813995361,80.2338790894,34328,34338,10
12.9816503525,80.2333526611,34338,34348,10
12.9816799164,80.2332763672,34348,34358,10
12.9818201065,80.233001709,34358,34368,10
12.9819803238,80.2325210571,34368,34378,10
12.982000351,80.2319869995,34378,34388,10
12.9819698334,80.2314834595,34388,34398,10
12.9819202423,80.2310180664,34398,34407,9
12.9817304611,80.2306518555,34407,34417,10
12.9813699722,80.2300720215,34417,34428,11
12.9809799194,80.2294235229,34428,34438,10
12.9807796478,80.2291412354,34438,34449,11
12.9807195663,80.2289810181,34449,34459,10
12.9806604385,80.2288894653,34459,34469,10
12.9804801941,80.2285995483,34469,34479,10
12.980340004,80.2283172607,34479,34489,10
12.9801797867,80.2280502319,34489,34499,10
12.9798603058,80.2275390625,34499,34509,10
12.9794397354,80.2268600464,34509,34519,10
12.9790296555,80.2261428833,34519,34529,10
12.9786100388,80.2253799438,34529,34539,10
12.978219986,80.2247161865,34539,34550,11
12.9779596329,80.2243881226,34550,34560,10
12.9778404236,80.2241897583,34560,34570,10
12.977640152,80.2238464355,34570,34580,10
12.9773597717,80.2233581543,34580,34590,10
12.9771003723,80.2229003906,34590,34600,10
12.9768600464,80.2225570679,34600,34610,10
12.9765501022,80.22215271,34610,34620,10
12.9762096405,80.2216567993,34620,34630,10
12.9760398865,80.2213821411,34630,34640,10
12.9758195877,80.2211227417,34640,34671,31
12.9758195877,80.2211227417,34671,34681,10
12.9756803513,80.2209396362,34681,34691,10
12.9755001068,80.2208328247,34691,34701,10
12.9754600525,80.2207870483,34701,34711,10
12.9754295349,80.2207565308,34711,34721,10
12.9753799438,80.2206192017,34721,34731,10
12.9756202698,80.2203598022,34731,34741,10
12.9761400223,80.2201309204,34741,34751,10
12.9768695831,80.2198181152,34751,34761,10
12.9777097702,80.2194595337,34761,34771,10
12.9785404205,80.2191314697,34771,34782,11
12.9790697098,80.2189102173,34782,34792,10
12.9797801971,80.2186279297,34792,34802,10
12.9805402756,80.2183380127,34802,34818,16
12.9818696976,80.217918396,34818,34830,12
12.9830303192,80.2178726196,34830,34838,8
12.9837198257,80.2178573608,34838,34850,12
12.9838600159,80.2178497314,34850,34859,9
12.9842796326,80.2178573608,34859,34870,11
12.9850902557,80.2178421021,34870,34880,10
12.9859800339,80.2179489136,34880,34891,11
12.987039566,80.2181625366,34891,34901,10
12.9873895645,80.2182235718,34901,34911,10
12.987660408,80.2182998657,34911,34921,10
12.9882297516,80.218460083,34921,34931,10
12.9890804291,80.2186965942,34931,34941,10
12.9900903702,80.2190170288,34941,34951,10
12.9911699295,80.2193527222,34951,34961,10
12.991979599,80.2193069458,34961,34971,10
12.9926300049,80.2188110352,34971,34981,10
12.9934597015,80.2181777954,34981,34991,10
12.994310379,80.2175216675,34991,35002,11
12.9952497482,80.2169189453,35002,35012,10
12.9961500168,80.2165985107,35012,35022,10
12.9973897934,80.2162094116,35022,35042,20
12.9973897934,80.2162094116,35042,35052,10
12.9975700378,80.2160263062,35052,35062,10
12.9980201721,80.2156600952,35062,35072,10
12.9984998703,80.2152023315,35072,35082,10
12.9990196228,80.2147216797,35082,35092,10
12.999329567,80.2144699097,35092,35102,10
12.9997797012,80.2141265869,35102,35113,11
13.0002403259,80.213760376,35113,35123,10
13.0007295609,80.2133102417,35123,35133,10
13.0013999939,80.2128219604,35133,35143,10
13.0021800995,80.2123184204,35143,35153,10
13.0023498535,80.2122192383,35153,35163,10
13.0025596619,80.2121429443,35163,35173,10
13.0029497147,80.2120819092,35173,35183,10
13.003490448,80.2120437622,35183,35193,10
13.0036401749,80.2118606567,35193,35203,10
13.003660202,80.2114486694,35203,35214,11
13.0036201477,80.2107315063,35214,35223,9
13.0035295486,80.2100601196,35223,35234,11
13.0035495758,80.2092819214,35234,35244,10
13.0038604736,80.2086410522,35244,35254,10
13.0046796799,80.2089309692,35254,35264,10
13.0056400299,80.2093429565,35264,35274,10
13.0064401627,80.2096176147,35274,35284,10
13.0073003769,80.2098083496,35284,35314,30
13.0073003769,80.2098083496,35314,35324,10
13.0074901581,80.2098312378,35324,35335,11
13.0077695847,80.2098770142,35335,35345,10
13.0079898834,80.2099304199,35345,35355,10
13.0081796646,80.2099380493,35355,35365,10
13.0080900192,80.2094802856,35365,35375,10
13.007900238,80.2087936401,35375,35385,10
13.0077400208,80.2079162598,35385,35395,10
13.0076198578,80.2069168091,35395,35405,10
13.0074901581,80.2059020996,35405,35415,10
13.0074901581,80.2049179077,35415,35425,10
13.0074996948,80.2041015625,35425,35434,9
13.0073795319,80.2032928467,35434,35445,11
13.0069198608,80.2025375366,35445,35456,11
13.0065803528,80.2031478882,35456,35466,10
13.0070800781,80.2035217285,35466,35476,10
13.0077800751,80.2037124634,35476,35486,10
13.0086603165,80.2036972046,35486,35496,10
13.0098199844,80.2036514282,35496,35506,10
13.011059761,80.203666687,35506,35516,10
13.0123500824,80.2038269043,35516,35526,10
13.0134000778,80.2040481567,35526,35536,10
13.0142202377,80.2043685913,35536,35546,10
13.0151596069,80.2046813965,35546,35556,10
13.0161104202,80.2050704956,35556,35567,11
13.0170402527,80.2053070068,35567,35577,10
13.0178203583,80.205619812,35577,35587,10
13.0185098648,80.2058486938,35587,35596,9
13.0185699463,80.2058792114,35596,35607,11
13.0187301636,80.205947876,35607,35617,10
13.0192403793,80.2061309814,35617,35627,10
13.0199604034,80.2062530518,35627,35637,10
13.0207901001,80.2062683105,35637,35647,10
13.0218400955,80.2062988281,35647,35657,10
13.0229196548,80.2064590454,35657,35668,11
13.0239896774,80.2066574097,35668,35678,10
13.0245199203,80.2067108154,35678,35688,10
13.0245800018,80.2067337036,35688,35697,9
13.0249204636,80.2068328857,35697,35708,11
13.0256500244,80.2070388794,35708,35718,10
13.0265102386,80.2075271606,35718,35728,10
13.0273199081,80.2080230713,35728,35738,10
13.0281400681,80.2084579468,35738,35748,10
13.0290403366,80.2086715698,35748,35758,10
13.0301799774,80.2089691162,35758,35789,31
13.0301799774,80.2089691162,35789,35799,10
13.0304298401,80.2089996338,35799,35809,10
13.030960083,80.2091598511,35809,35819,10
13.0314998627,80.2093505859,35819,35829,10
13.031539917,80.2093734741,35829,35839,10
13.0317602158,80.2094421387,35839,35849,10
13.0322303772,80.2095718384,35849,35859,10
13.0329303741,80.2096710205,35859,35869,10
13.0337295532,80.2098388672,35869,35879,10
13.0345201492,80.2100219727,35879,35889,10
13.0350599289,80.2102127075,35889,35900,11
13.0350599289,80.2105407715,35900,35910,10
13.0350999832,80.2111282349,35910,35920,10
13.0350399017,80.2112579346,35920,35930,10
13.035030365,80.2114486694,35930,35940,10
13.0350103378,80.2116928101,35940,35950,10
13.0349903107,80.2120437622,35950,35960,10
13.0353097916,80.2122268677,35960,35970,10
13.0359096527,80.2122497559,35970,35980,10
13.0366201401,80.2123031616,35980,35990,10
13.0371198654,80.2122802734,35990,36021,31
13.0371198654,80.2122802734,36021,36031,10
13.0374698639,80.2122421265,36031,36041,10
13.0380296707,80.2122573853,36041,36051,10
13.0387496948,80.212272644,36051,36061,10
13.0395498276,80.2122879028,36061,36070,9
13.0404901505,80.2122879028,36070,36081,11
13.0417499542,80.212272644,36081,36091,10
13.0429401398,80.2122192383,36091,36100,9
13.0442399979,80.2122192383,36100,36202,102
13.0442399979,80.2122192383,36202,36212,10
13.0443601608,80.2121505737,36212,36222,10
13.0448198318,80.2121734619,36222,36233,11
13.0456199646,80.2121734619,36233,36243,10
13.0465202332,80.2121429443,36243,36253,10
13.0474796295,80.2121200562,36253,36263,10
13.0485601425,80.2120437622,36263,36293,30
13.0485601425,80.2120437622,36293,36303,10
13.0489902496,80.2119827271,36303,36313,10
13.0496397018,80.2119369507,36313,36323,10
13.0502595901,80.2119293213,36323,36333,10
13.0508003235,80.2120132446,36333,36343,10
13.0515699387,80.2119827271,36343,36354,11
13.0527601242,80.2118301392,36354,36364,10
13.0543203354,80.2114562988,36364,36384,20
13.0543203354,80.2114562988,36384,36394,10
13.0547599792,80.2113876343,36394,36404,10
13.0554199219,80.2114334106,36404,36414,10
13.0562601089,80.2114562988,36414,36424,10
13.0572795868,80.2114334106,36424,36434,10
13.0577201843,80.2114028931,36434,36445,11
13.05809021,80.2114028931,36445,36455,10
13.0587100983,80.2114181519,36455,36465,10
13.0594501495,80.2114868164,36465,36475,10
13.0603704453,80.211517334,36475,36485,10
13.0614700317,80.2115631104,36485,36495,10
13.0625400543,80.2115783691,36495,36505,10
13.0633201599,80.211479187,36505,36515,10
13.0634803772,80.2114868164,36515,36525,10
13.0636901855,80.211479187,36525,36541,16
13.0638103485,80.211479187,36541,36553,12
13.0642900467,80.2114334106,36553,36561,8
13.0647497177,80.2112426758,36561,36574,13
13.0656700134,80.2106170654,36574,36584,10
13.0663204193,80.2099990845,36584,36594,10
13.0670404434,80.2091293335,36594,36604,10
13.0673599243,80.2086791992,36604,36614,10
13.0673599243,80.2086715698,36614,36624,10
13.067489624,80.2085037231,36624,36633,9
13.0677404404,80.2081375122,36633,36644,11
13.0682001114,80.2074584961,36644,36654,10
13.0686998367,80.2067337036,36654,36664,10
13.0692501068,80.2058792114,36664,36674,10
13.0696802139,80.2050704956,36674,36685,11
13.0693101883,80.2048492432,36685,36695,10
13.0687103271,80.2052001953,36695,37139,444
13.0687103271,80.2052001953,37139,37149,10
13.0681695938,80.2052001953,37149,37441,292
13.068189621,80.2052230835,37441,37744,303
13.0679197311,80.2051086426,37744,37875,131
13.0679197311,80.2051086426,37875,37885,10
13.0682096481,80.2049407959,37885,37895,10
13.0684404373,80.2048873901,37895,37906,11
13.0687599182,80.2047805786,37906,37916,10
13.0690402985,80.2047271729,37916,37926,10
13.0691404343,80.2047195435,37926,37936,10
13.0693101883,80.2047424316,37936,37946,10
13.0695495605,80.2047805786,37946,37956,10
13.0696001053,80.204788208,37956,37966,10
13.0698204041,80.2049865723,37966,37976,10
13.0697498322,80.2052307129,37976,37986,10
13.0694904327,80.2056732178,37986,37996,10
13.0691099167,80.2062911987,37996,38005,9
13.0687303543,80.2069015503,38005,38017,12
13.0682296753,80.2077178955,38017,38027,10
13.0677900314,80.2083969116,38027,38037,10
13.0673398972,80.2090911865,38037,38047,10
13.06690979,80.2097320557,38047,38056,9
13.0663204193,80.2102508545,38056,38066,10
13.0656204224,80.2108230591,38066,38077,11
13.0651302338,80.2112426758,38077,38087,10
13.065079689,80.2112808228,38087,38097,10
13.0647296906,80.2114334106,38097,38107,10
13.0641002655,80.2116394043,38107,38117,10
13.0634002686,80.2117233276,38117,38127,10
13.0626296997,80.2117385864,38127,38138,11
13.0621795654,80.2118911743,38138,38148,10
13.0608997345,80.2116928101,38148,38158,10
13.0599002838,80.2116165161,38158,38168,10
13.0590000153,80.2115936279,38168,38178,10
13.0588197708,80.2116088867,38178,38188,10
13.0585899353,80.2116088867,38188,38198,10
13.0581598282,80.2116317749,38198,38208,10
13.0577001572,80.2116394043,38208,38218,10
13.0575504303,80.2116165161,38218,38228,10
13.0571403503,80.2116012573,38228,38238,10
13.0565299988,80.2115707397,38238,38249,11
13.0556297302,80.2115402222,38249,38259,10
13.0547800064,80.2115097046,38259,38269,10
13.0539302826,80.2116317749,38269,38279,10
13.053030014,80.211807251,38279,38289,10
13.0521697998,80.2121200562,38289,38299,10
13.0513601303,80.2121429443,38299,38308,9
13.0508804321,80.2122268677,38308,38319,11
13.0502300262,80.2122116089,38319,38328,9
13.0497903824,80.2121887207,38328,38349,21
13.0496196747,80.2121505737,38349,38370,21
13.0496196747,80.2121505737,38370,38380,10
13.0493803024,80.2121429443,38380,38390,10
13.0489997864,80.2121582031,38390,38400,10
13.0483598709,80.2121963501,38400,38408,8
13.0477399826,80.2122421265,38408,38420,12
13.0466299057,80.2123031616,38420,38430,10
13.0458602905,80.2123184204,38430,38440,10
13.045129776,80.2123794556,38440,38450,10
13.0444202423,80.2124481201,38450,38461,11
13.0437602997,80.2124099731,38461,38471,10
13.043009758,80.2123794556,38471,38481,10
13.0422697067,80.2123565674,38481,38489,8
13.0416402817,80.2123794556,38489,38501,12
13.0403995514,80.2124481201,38501,38511,10
13.0395698547,80.2124099731,38511,38520,9
13.038860321,80.2124328613,38520,38532,12
13.0382699966,80.2123794556,38532,38542,10
13.0380401611,80.2123794556,38542,38552,10
13.0376996994,80.212348938,38552,38562,10
13.0371999741,80.212348938,38562,38572,10
13.0365104675,80.2123413086,38572,38583,11
13.0356302261,80.2123184204,38583,38593,10
13.0349197388,80.2122497559,38593,38603,10
13.0344600677,80.2121810913,38603,38611,8
13.0342903137,80.2121734619,38611,38623,12
13.0341701508,80.2121200562,38623,38633,10
13.0340099335,80.2121124268,38633,38643,10
13.033829689,80.212059021,38643,38653,10
13.0336503983,80.2120437622,38653,38663,10
13.0332603455,80.2119598389,38663,38673,10
13.0326795578,80.2118606567,38673,38683,10
13.0320796967,80.2117462158,38683,38694,11
13.031999588,80.2111206055,38694,38704,10
13.0320501328,80.2103805542,38704,38711,7
13.032119751,80.2098464966,38711,38724,13
13.0315504074,80.2094802856,38724,38733,9
13.0309000015,80.2093276978,38733,38744,11
13.0303697586,80.2092132568,38744,38764,20
13.0303697586,80.2092132568,38764,38774,10
13.0301704407,80.2091369629,38774,38784,10
13.0296897888,80.2089691162,38784,38794,10
13.0295200348,80.208946228,38794,38805,11
13.0293197632,80.2089004517,38805,38815,10
13.0287799835,80.2087173462,38815,38825,10
13.0280599594,80.2085189819,38825,38835,10
13.0274295807,80.2081985474,38835,38845,10
13.0267496109,80.2078018188,38845,38855,10
13.0260000229,80.2073364258,38855,38865,10
13.0250797272,80.2070770264,38865,38875,10
13.0242795944,80.2069320679,38875,38885,10
13.0236301422,80.2067337036,38885,38895,10
13.0228996277,80.2065963745,38895,38905,10
13.0220003128,80.2065200806,38905,38915,10
13.0211896896,80.2064819336,38915,38926,11
13.0201501846,80.2064590454,38926,38936,10
13.0193195343,80.2063903809,38936,38946,10
13.0190496445,80.2063217163,38946,38956,10
13.0189800262,80.2062606812,38956,38972,16
13.0182104111,80.2060089111,38972,38984,12
13.0173797607,80.2057189941,38984,38992,8
13.0170202255,80.2055511475,38992,39004,12
13.0160799026,80.2051696777,39004,39014,10
13.0150403976,80.2048110962,39014,39025,11
13.0141201019,80.204498291,39025,39035,10
13.0136003494,80.204460144,39035,39045,10
13.013469696,80.2048416138,39045,39055,10
13.0132799149,80.2054824829,39055,39065,10
13.0130596161,80.206237793,39065,39075,10
13.0129899979,80.2071228027,39075,39085,10
13.0128898621,80.2077713013,39085,39095,10
13.0128602982,80.2081069946,39095,39105,10
13.0128698349,80.2084884644,39105,39115,10
13.0129003525,80.2088317871,39115,39125,10
13.0130395889,80.2093200684,39125,39134,9
13.0131597519,80.2098770142,39134,39146,12
13.0130596161,80.2107467651,39146,39156,10
13.0127096176,80.2115020752,39156,39166,10
13.0122804642,80.2122268677,39166,39176,10
13.0119400024,80.2127609253,39176,39186,10
13.0117797852,80.2128067017,39186,39196,10
13.0114803314,80.2125778198,39196,39206,10
13.0109796524,80.2122192383,39206,39216,10
13.0103998184,80.2117919922,39216,39226,10
13.0100297928,80.2114868164,39226,39247,21
13.0100297928,80.2114868164,39247,39257,10
13.0098199844,80.2113189697,39257,39267,10
13.0096502304,80.2111968994,39267,39277,10
13.00963974,80.21118927,39277,39287,10
13.0093698502,80.2110519409,39287,39317,30
13.0093698502,80.2110519409,39317,39327,10
13.0092401505,80.211227417,39327,39337,10
13.0090799332,80.2114334106,39337,39347,10
13.0090799332,80.2118225098,39347,39358,11
13.0092802048,80.2124786377,39358,39368,10
13.0095300674,80.2131576538,39368,39378,10
13.0098199844,80.2138519287,39378,39388,10
13.0101003647,80.2145309448,39388,39398,10
13.0101995468,80.2152862549,39398,39408,10
13.0104398727,80.2161026001,39408,39418,10
13.010840416,80.2169723511,39418,39428,10
13.0112304688,80.2178421021,39428,39438,10
13.0115604401,80.2187805176,39438,39448,10
13.011879921,80.2198181152,39448,39457,9
13.012169838,80.2207565308,39457,39469,12
13.0124998093,80.2215881348,39469,39479,10
13.0129404068,80.2222213745,39479,39489,10
13.0134401321,80.2228088379,39489,39499,10
13.013879776,80.2232971191,39499,39509,10
13.0143404007,80.2238235474,39509,39519,10
13.0149202347,80.2245864868,39519,39529,10
13.0150995255,80.2247772217,39529,39539,10
13.0152397156,80.2249832153,39539,39549,10
13.0153503418,80.2251968384,39549,39559,10
13.0153799057,80.2254562378,39559,39569,10
13.0152702332,80.225769043,39569,39580,11
13.0149002075,80.2259292603,39580,39589,9
13.0143499374,80.2261581421,39589,39600,11
13.0135202408,80.2265014648,39600,39610,10
13.0126600266,80.2267990112,39610,39620,10
13.0116901398,80.227180481,39620,39630,10
13.0107002258,80.2275924683,39630,39640,10
13.0097999573,80.2279205322,39640,39650,10
13.0095596313,80.2274627686,39650,39660,10
13.0098400116,80.2269134521,39660,39670,10
13.0101299286,80.2262191772,39670,39680,10
13.0104799271,80.225479126,39680,39690,10
13.0108003616,80.2247467041,39690,39701,11
13.0111198425,80.2238616943,39701,39711,10
13.0113296509,80.2233123779,39711,39721,10
13.0110197067,80.2230606079,39721,39731,10
13.0103902817,80.2227630615,39731,39741,10
13.0096797943,80.222366333,39741,39751,10
13.0088996887,80.2219314575,39751,39767,16
13.0074996948,80.2211837769,39767,39779,12
13.0065097809,80.220741272,39779,39787,8
13.0058202744,80.2205810547,39787,39799,12
13.0047302246,80.2203063965,39799,39810,11
13.0038700104,80.2201004028,39810,39819,9
13.0031700134,80.2199172974,39819,39830,11
13.0023603439,80.2194595337,39830,39840,10
13.001660347,80.21875,39840,39850,10
13.0009202957,80.2182006836,39850,39860,10
13.0000295639,80.2176208496,39860,39870,10
12.9991502762,80.2171096802,39870,39880,10
12.9982299805,80.2166595459,39880,39890,10
12.9974403381,80.2165298462,39890,39900,10
12.9972896576,80.2165222168,39900,39910,10
12.9970197678,80.216506958,39910,39922,12
12.9963798523,80.2165908813,39922,39932,10
12.995639801,80.2167892456,39932,39942,10
12.9949598312,80.2171401978,39942,39952,10
12.994389534,80.2175216675,39952,39962,10
12.993929863,80.2178421021,39962,39972,10
12.9934997559,80.218132019,39972,39982,10
12.9929103851,80.218536377,39982,39992,10
12.9923200607,80.2189788818,39992,40002,10
12.991519928,80.2195205688,40002,40012,10
12.9911804199,80.2195205688,40012,40022,10
12.9906902313,80.2193527222,40022,40033,11
12.9898700714,80.2190628052,40033,40043,10
12.9889602661,80.2187194824,40043,40053,10
12.9879102707,80.2184371948,40053,40063,10
12.9870300293,80.2182922363,40063,40073,10
12.986749649,80.2182388306,40073,40083,10
12.9863195419,80.2181167603,40083,40093,10
12.9855298996,80.2179412842,40093,40103,10
12.9845895767,80.2179412842,40103,40113,10
12.984000206,80.2179489136,40113,40123,10
12.9839801788,80.217956543,40123,40133,10
12.9836997986,80.217956543,40133,40144,11
12.9830503464,80.2179412842,40144,40154,10
12.9823303223,80.2179718018,40154,40164,10
12.9816398621,80.2179870605,40164,40174,10
12.9809398651,80.2181930542,40174,40184,10
12.9804000854,80.2183990479,40184,40194,10
12.9802103043,80.218460083,40194,40214,20
12.9802103043,80.218460083,40214,40224,10
12.9800901413,80.2185516357,40224,40234,10
12.9797401428,80.2186889648,40234,40244,10
12.9792203903,80.2188796997,40244,40255,11
12.9786195755,80.2191162109,40255,40265,10
12.9780797958,80.2193374634,40265,40275,10
12.9773597717,80.2196426392,40275,40285,10
12.9765100479,80.2199783325,40285,40295,10
12.9757404327,80.2203369141,40295,40305,10
12.9754800797,80.220741272,40305,40315,10
12.9757604599,80.221031189,40315,40325,10
12.9763002396,80.2216262817,40325,40355,30
12.9763002396,80.2216262817,40355,40365,10
12.9764099121,80.2217788696,40365,40376,11
12.9765996933,80.2221679688,40376,40386,10
12.9769296646,80.2227401733,40386,40396,10
12.9773197174,80.2234725952,40396,40406,10
12.9778299332,80.2242279053,40406,40416,10
12.9784002304,80.2250900269,40416,40426,10
12.9789800644,80.225982666,40426,40436,10
12.9792900085,80.2266235352,40436,40446,10
12.9795398712,80.2270507813,40446,40456,10
12.9799098969,80.2276000977,40456,40466,10
12.9802398682,80.2281265259,40466,40476,10
12.980629921,80.2288284302,40476,40487,11
12.9810695648,80.2294311523,40487,40497,10
12.9814596176,80.2300872803,40497,40507,10
12.9816198349,80.2303695679,40507,40517,10
12.9816703796,80.2305908203,40517,40527,10
12.9818696976,80.2310333252,40527,40537,10
12.9820203781,80.2317504883,40537,40547,10
12.9820203781,80.2323684692,40547,40557,10
12.9818201065,80.2329864502,40557,40567,10
12.9816303253,80.2334213257,40567,40576,9
12.9815998077,80.2334823608,40576,40588,12
12.9813604355,80.2339630127,40588,40598,10
12.9811897278,80.2346191406,40598,40608,10
12.9811897278,80.2353973389,40608,40618,10
12.9812202454,80.2361831665,40618,40628,10
12.9812498093,80.2369613647,40628,40638,10
12.9812803268,80.2377929688,40638,40648,10
12.9812898636,80.2385177612,40648,40658,10
12.981300354,80.2385635376,40658,40668,10
12.9812898636,80.2386169434,40668,40678,10
12.9813098907,80.2389831543,40678,40688,10
12.9813098907,80.2395706177,40688,40699,11
12.9813604355,80.2403411865,40699,40709,10
12.9813604355,80.2411422729,40709,40719,10
12.9813604355,80.2420501709,40719,40729,10
12.9813804626,80.2426528931,40729,40739,10
12.9813804626,80.2426986694,40739,40749,10
12.9813499451,80.2429428101,40749,40759,10
12.9813604355,80.2434234619,40759,40769,10
12.9812602997,80.2441329956,40769,40779,10
12.9811401367,80.2449798584,40779,40789,10
12.9810400009,80.2459182739,40789,40799,10
12.980919838,80.2469787598,40799,40809,10
12.9808197021,80.2480926514,40809,40818,9
12.9807395935,80.2491378784,40818,40830,12
12.9805002213,80.2505111694,40830,40840,10
12.9801998138,80.2516174316,40840,40850,10
12.9800796509,80.2522277832,40850,40870,20
12.9800796509,80.2522277832,40870,40880,10
12.9800395966,80.252456665,40880,40890,10
12.980219841,80.2526092529,40890,40900,10
12.9806804657,80.2526626587,40900,40910,10
12.9813995361,80.2526321411,40910,40920,10
12.9821796417,80.2525787354,40920,40931,11
12.9832601547,80.2524871826,40931,40941,10
12.9842996597,80.252243042,40941,40951,10
12.985329628,80.251953125,40951,40961,10
12.9863395691,80.2517089844,40961,40971,10
12.9872903824,80.2514572144,40971,40981,10
12.9879198074,80.2515335083,40981,40991,10
12.987859726,80.2517700195,40991,41001,10
12.9879102707,80.2519836426,41001,41011,10
12.9879598618,80.2524871826,41011,41021,10
12.9878997803,80.2532806396,41021,41031,10
12.987830162,80.2540206909,41031,41042,11
12.9877195358,80.2552108765,41042,41132,90
12.9877195358,80.2552108765,41132,41143,11
12.9876499176,80.2554473877,41143,41152,9
12.9876003265,80.2558364868,41152,41163,11
12.9875202179,80.2565231323,41163,41173,10
12.9874897003,80.2570571899,41173,41183,10
12.9874601364,80.2576293945,41183,41193,10
12.9874200821,80.2583389282,41193,41203,10
12.9873600006,80.2590866089,41203,41213,10
12.9872198105,80.2594985962,41213,41263,50
12.9872198105,80.2594985962,41263,41274,11
12.9868497849,80.2595977783,41274,41294,20
12.9868497849,80.2595977783,41294,41310,16
12.9866600037,80.2592315674,41310,42473,1163
12.9866600037,80.2592315674,42473,42483,10
12.9871196747,80.2591400146,42483,42494,11
12.987159729,80.2591400146,42494,42504,10
12.9873199463,80.2590103149,42504,42514,10
12.9873600006,80.2586135864,42514,42524,10
12.9874200821,80.2580490112,42524,42534,10
12.9875202179,80.2572937012,42534,42544,10
12.9876003265,80.256439209,42544,42554,10
12.9876003265,80.2559204102,42554,42564,10
12.9876804352,80.2555923462,42564,42574,10
12.9877099991,80.2551116943,42574,42584,10
12.9877099991,80.2550964355,42584,42594,10
12.987739563,80.254699707,42594,42605,11
12.987830162,80.2539520264,42605,42615,10
12.9879398346,80.253036499,42615,42625,10
12.9879398346,80.2520599365,42625,42726,101
12.9879398346,80.2520599365,42726,42736,10
12.9878902435,80.2519378662,42736,42746,10
12.9877700806,80.2516326904,42746,42756,10
12.9871797562,80.2516403198,42756,42766,10
12.9863796234,80.2518081665,42766,42776,10
12.9854202271,80.2520217896,42776,42786,10
12.9843301773,80.2523193359,42786,42796,10
12.9832201004,80.2526016235,42796,42806,10
12.9820804596,80.2526779175,42806,42816,10
12.981010437,80.2527236938,42816,42826,10
12.9799404144,80.2527084351,42826,42857,31
12.9799404144,80.2527084351,42857,42867,10
12.9799404144,80.252281189,42867,42887,20
12.9799404144,80.252281189,42887,42897,10
12.9799900055,80.2520904541,42897,42907,10
12.980099678,80.2517166138,42907,42917,10
12.9802799225,80.2511062622,42917,42927,10
12.9805202484,80.2502822876,42927,42937,10
12.9807100296,80.2493133545,42937,42947,10
12.9807796478,80.2483291626,42947,42958,11
12.9808998108,80.2469329834,42958,42968,10
12.981010437,80.2457504272,42968,42978,10
12.9811401367,80.2445602417,42978,42988,10
12.9812202454,80.2437286377,42988,42998,10
12.9813299179,80.2435073853,42998,43008,10
12.9813699722,80.2426986694,43008,43028,20
12.9813699722,80.2426986694,43028,43038,10
12.9813804626,80.2424316406,43038,43048,10
12.9813499451,80.2419128418,43048,43059,11
12.9813404083,80.2410736084,43059,43069,10
12.9813203812,80.2401885986,43069,43079,10
12.9813098907,80.2394104004,43079,43089,10
12.9812898636,80.2386703491,43089,43099,10
12.9812698364,80.2379837036,43099,43109,10
12.9812698364,80.2379379272,43109,43119,10
12.9812698364,80.2377090454,43119,43129,10
12.9812498093,80.2372207642,43129,43139,10
12.9812297821,80.2364807129,43139,43149,10
12.9812002182,80.2356262207,43149,43159,10
12.981180191,80.234703064,43159,43170,11
12.9813804626,80.2338790894,43170,43179,9
12.9814500809,80.2337265015,43179,43190,11
12.9815998077,80.2334213257,43190,43200,10
12.9816198349,80.2333831787,43200,43210,10
12.9817199707,80.2331924438,43210,43220,10
12.981880188,80.2327804565,43220,43230,10
12.982000351,80.2323226929,43230,43240,10
12.982000351,80.2322006226,43240,43250,10
12.9819898605,80.2319335938,43250,43260,10
12.9819602966,80.2315063477,43260,43270,10
12.9819002151,80.2312164307,43270,43280,10
12.9817199707,80.2308197021,43280,43291,11
12.9814100266,80.2303390503,43291,43301,10
12.9810695648,80.2297210693,43301,43311,10
12.9807796478,80.2292785645,43311,43321,10
12.9806499481,80.2290496826,43321,43331,10
12.9806003571,80.2289886475,43331,43341,10
12.9805002213,80.2288818359,43341,43350,9
12.9802999496,80.2285614014,43350,43361,11
12.9801197052,80.2281112671,43361,43371,10
12.9797697067,80.2275924683,43371,43381,10
12.9794101715,80.2269363403,43381,43391,10
12.9791698456,80.2265167236,43391,43401,10
12.9788398743,80.2259368896,43401,43412,11
12.9783697128,80.2251586914,43412,43422,10
12.97797966,80.2245788574,43422,43432,10
12.977809906,80.224357605,43432,43442,10
12.9775495529,80.2239227295,43442,43452,10
12.9772195816,80.2233581543,43452,43462,10
12.9768695831,80.2227401733,43462,43472,10
12.9766101837,80.2224273682,43472,43482,10
12.9763298035,80.2217407227,43482,43492,10
12.9756698608,80.2211303711,43492,43583,91
12.9756698608,80.2211303711,43583,43593,10
12.9753198624,80.2208023071,43593,43603,10
12.9754104614,80.2205886841,43603,43613,10
12.9755802155,80.2204437256,43613,43624,11
12.9757995605,80.2202835083,43624,43634,10
12.9762496948,80.2200698853,43634,43644,10
12.9769001007,80.2198028564,43644,43654,10
12.977640152,80.2194976807,43654,43664,10
12.9783802032,80.2192230225,43664,43674,10
12.978890419,80.2190475464,43674,43684,10
12.9794597626,80.2188110352,43684,43694,10
12.9798002243,80.2186965942,43694,43704,10
12.9803104401,80.2185211182,43704,43713,9
12.9808998108,80.2182998657,43713,43724,11
12.9817199707,80.2180175781,43724,43734,10
12.9822301865,80.2179412842,43734,43744,10
12.982509613,80.2179412842,43744,43755,11
12.9831399918,80.2179107666,43755,43765,10
12.983710289,80.2179031372,43765,43775,10
12.9837303162,80.217918396,43775,43785,10
12.9838199615,80.2179412842,43785,43795,10
12.9842300415,80.2179412842,43795,43805,10
12.9849004745,80.2179336548,43805,43815,10
12.9857196808,80.2179412842,43815,43825,10
12.9865999222,80.2181167603,43825,43835,10
12.987279892,80.21824646,43835,43845,10
12.9873104095,80.2182617188,43845,43856,11
12.987660408,80.2182998657,43856,43872,16
12.9886703491,80.2185211182,43872,43884,12
12.9895601273,80.2188568115,43884,43894,10
12.989979744,80.2189865112,43894,43903,9
12.9906797409,80.2192230225,43903,43913,10
12.9914102554,80.2194213867,43913,43924,11
12.9920301437,80.2191619873,43924,43934,10
12.9926700592,80.2186965942,43934,43944,10
12.9934101105,80.2181396484,43944,43953,9
12.9940595627,80.2176895142,43953,43963,10
12.9946203232,80.217300415,43963,43975,12
12.9949197769,80.2171020508,43975,43984,9
12.9951601028,80.2169418335,43984,43995,11
12.9956598282,80.2166900635,43995,44005,10
12.9963197708,80.2164993286,44005,44015,10
12.9972600937,80.216217041,44015,44035,20
12.9972600937,80.216217041,44035,44045,10
12.9975700378,80.2159881592,44045,44055,10
12.998000145,80.2156219482,44055,44065,10
12.9984903336,80.2151565552,44065,44076,11
12.9990196228,80.2147369385,44076,44086,10
12.9992399216,80.2145233154,44086,44096,10
12.9996500015,80.2142028809,44096,44106,10
13.0000600815,80.2138824463,44106,44116,10
13.0004997253,80.2134475708,44116,44126,10
13.0010404587,80.2130203247,44126,44136,10
13.0016899109,80.2125396729,44136,44146,10
13.0025196075,80.2121124268,44146,44148,2
13.0025196075,80.2121124268,44148,44195,47
13.0037403107,80.211479187,44195,44205,10
13.0037097931,80.2109375,44205,44215,10
13.0036296844,80.2102966309,44215,44225,10
13.003569603,80.2096481323,44225,44235,10
13.0036802292,80.2089614868,44235,44245,10
13.0041503906,80.2086791992,44245,44255,10
13.0048999786,80.2090301514,44255,44265,10
13.0057001114,80.2093734741,44265,44275,10
13.0064001083,80.2096176147,44275,44287,12
13.0073204041,80.2097930908,44287,44308,21
13.0073204041,80.2097930908,44308,44318,10
13.0076398849,80.2098999023,44318,44328,10
13.0079202652,80.2099533081,44328,44338,10
13.0080900192,80.2099914551,44338,44348,10
13.0081195831,80.2095794678,44348,44358,10
13.0079898834,80.208946228,44358,44368,10
13.0078601837,80.208190918,44368,44378,10
13.0077199936,80.2072601318,44378,44388,10
13.0075597763,80.2062530518,44388,44398,10
13.0074996948,80.2052001953,44398,44408,10
13.0074996948,80.2043609619,44408,44419,11
13.0073900223,80.2033996582,44419,44429,10
13.0071001053,80.2025909424,44429,44439,10
13.0065402985,80.2027893066,44439,44449,10
13.0066795349,80.2032928467,44449,44459,10
13.0072002411,80.2035675049,44459,44469,10
13.007900238,80.2037277222,44469,44479,10
13.008769989,80.2036819458,44479,44489,10
13.0099897385,80.2036132813,44489,44499,10
13.0113296509,80.2036819458,44499,44509,10
13.0124702454,80.2038497925,44509,44519,10
13.0135097504,80.2041397095,44519,44530,11
13.0149097443,80.2045516968,44530,44550,20
13.0149097443,80.2045516968,44550,44560,10
13.0152196884,80.2046813965,44560,44570,10
13.0157899857,80.2049636841,44570,44580,10
13.0164203644,80.2051925659,44580,44590,10
13.0167398453,80.2051391602,44590,44600,10
13.0175800323,80.2055435181,44600,44610,10
13.0182800293,80.2058181763,44610,44626,16
13.0186700821,80.2059707642,44626,44639,13
13.0190200806,80.2061462402,44639,44649,10
13.0195703506,80.2062606812,44649,44660,11
13.0203800201,80.2062988281,44660,44670,10
13.0212697983,80.2063064575,44670,44680,10
13.022069931,80.2063598633,44680,44690,10
13.0229501724,80.2065582275,44690,44700,10
13.023850441,80.2066574097,44700,44709,9
13.0242595673,80.2067337036,44709,44719,10
13.0242795944,80.2067489624,44719,44730,11
13.0247602463,80.2068328857,44730,44740,10
13.0255203247,80.20703125,44740,44751,11
13.0263900757,80.2074890137,44751,44762,11
13.0273303986,80.2080612183,44762,44772,10
13.0282096863,80.2084884644,44772,44782,10
13.0291500092,80.2087402344,44782,44792,10
13.029800415,80.2089309692,44792,44802,10
13.0299596786,80.2089691162,44802,44812,10
13.0303697586,80.2090911865,44812,44822,10
13.0310096741,80.2092819214,44822,44832,10
13.0315799713,80.2093887329,44832,44842,10
13.03166008,80.2094116211,44842,44852,10
13.0320100784,80.2095336914,44852,44862,10
13.0326404572,80.2096481323,44862,44879,17
13.0337896347,80.2098999023,44879,44891,12
13.0345602036,80.2100601196,44891,44901,10
13.0349702835,80.2102584839,44901,44911,10
13.0348997116,80.2107467651,44911,44921,10
13.0348997116,80.2112121582,44921,44931,10
13.034910202,80.2112426758,44931,44941,10
13.0348997116,80.2115097046,44941,44951,10
13.034819603,80.2119293213,44951,44961,10
13.0352497101,80.2121582031,44961,44971,10
13.0359802246,80.2122192383,44971,44981,10
13.0367498398,80.2122879028,44981,44992,11
13.0374403,80.2123336792,44992,45002,10
13.0381298065,80.2123336792,45002,45012,10
13.0388498306,80.2122573853,45012,45022,10
13.0396604538,80.2122573853,45022,45032,10
13.0406703949,80.2122192383,45032,45042,10
13.0418300629,80.2122573853,45042,45052,10
13.0429401398,80.2122802734,45052,45062,10
13.044090271,80.2123031616,45062,45149,87
13.044090271,80.2123031616,45149,45161,12
13.0443401337,80.2123413086,45161,45171,10
13.0446996689,80.2123184204,45171,45181,10
13.0453500748,80.2123413086,45181,45190,9
13.0460395813,80.2123184204,45190,45201,11
13.0469799042,80.2122879028,45201,45211,10
13.0484600067,80.2120895386,45211,45234,23
13.0484600067,80.2120895386,45234,45244,10
13.0485897064,80.2120666504,45244,45253,9
13.0488395691,80.2120285034,45253,45264,11
13.0494699478,80.2119827271,45264,45274,10
13.0498600006,80.2118988037,45274,45284,10
13.0500602722,80.2119293213,45284,45294,10
13.0505304337,80.2119674683,45294,45304,10
13.0509004593,80.2119369507,45304,45314,10
13.0517501831,80.2119827271,45314,45325,11
13.052740097,80.2118377686,45325,45335,10
13.0536804199,80.2116317749,45335,45345,10
13.0546798706,80.2114715576,45345,45355,10
13.0557603836,80.2115707397,45355,45365,10
13.0568399429,80.2115325928,45365,45375,10
13.0577802658,80.2114562988,45375,45385,10
13.0586900711,80.2114868164,45385,45395,10
13.0596103668,80.2115631104,45395,45405,10
13.0606002808,80.2116012573,45405,45415,10
13.0615196228,80.2116394043,45415,45426,11
13.062620163,80.2115783691,45426,45435,9
13.0631303787,80.2115325928,45435,45446,11
13.0632696152,80.211479187,45446,45456,10
13.0635995865,80.2114715576,45456,45466,10
13.0641298294,80.2114181519,45466,45476,10
13.0648498535,80.2111282349,45476,45486,10
13.0656003952,80.2106399536,45486,45496,10
13.0663995743,80.2099914551,45496,45506,10
13.0670404434,80.2092132568,45506,45516,10
13.0676002502,80.2083206177,45516,45526,10
13.0682201385,80.2073974609,45526,45542,16
13.0691099167,80.2060165405,45542,45555,13
13.0695295334,80.2052612305,45555,45561,6
13.0696001053,80.2051391602,45561,45574,13
13.0696401596,80.205078125,45574,45585,11
13.0696201324,80.2048492432,45585,45595,10
13.069319725,80.2048721313,45595,45605,10
13.0690202713,80.2052612305,45605,45615,10
13.0687503815,80.2052536011,45615,45716,101
13.0685100555,80.2051086426,45716,45978,262
13.0685100555,80.2051086426,45978,45988,10
13.0682601929,80.2052230835,45988,46463,475
13.0680799484,80.2051086426,46463,46755,292
13.0680799484,80.2051086426,46755,46765,10
13.0684604645,80.2049026489,46765,46775,10
13.0689096451,80.204750061,46775,46786,11
13.0694999695,80.2047805786,46786,46796,10
13.0697603226,80.2049026489,46796,46806,10
13.0697803497,80.2049102783,46806,46816,10
13.0698604584,80.2050018311,46816,46826,10
13.0697803497,80.2053527832,46826,46836,10
13.0694198608,80.2058868408,46836,46846,10
13.0689697266,80.2065582275,46846,46856,10
13.0684499741,80.2073822021,46856,46866,10
13.0678901672,80.2082672119,46866,46876,10
13.0673103333,80.2091674805,46876,46886,10
13.0666799545,80.2099609375,46886,46896,10
13.0659599304,80.2105636597,46896,46907,11
13.0651702881,80.2111968994,46907,46927,20
13.0651702881,80.2111968994,46927,46937,10
13.0648899078,80.2113494873,46937,46947,10
13.0641298294,80.2116317749,46947,46987,40
13.0641298294,80.2116317749,46987,46997,10
13.0636396408,80.2116699219,46997,47008,11
13.0631303787,80.2117233276,47008,47018,10
13.0625295639,80.211807251,47018,47028,10
13.0616397858,80.2117385864,47028,47038,10
13.0607004166,80.2116699219,47038,47048,10
13.0598096848,80.2116394043,47048,47058,10
13.0589504242,80.2115783691,47058,47068,10
13.0581197739,80.2115631104,47068,47078,10
13.0576696396,80.2115783691,47078,47088,10
13.0575199127,80.2115936279,47088,47098,10
13.057100296,80.2115783691,47098,47108,10
13.056520462,80.2115631104,47108,47119,11
13.0556898117,80.2115478516,47119,47128,9
13.0550403595,80.2114715576,47128,47139,11
13.0545902252,80.2115097046,47139,47149,10
13.0542201996,80.2115783691,47149,47159,10
13.0535898209,80.2117004395,47159,47169,10
13.0528097153,80.2118606567,47169,47179,10
13.0519304276,80.2121200562,47179,47189,10
13.0510797501,80.2120895386,47189,47199,10
13.050359726,80.2122268677,47199,47209,10
13.0497503281,80.2121582031,47209,47229,20
13.0497503281,80.2121582031,47229,47239,10
13.0494203568,80.2120895386,47239,47250,11
13.0488595963,80.2121200562,47250,47260,10
13.0481595993,80.2122116089,47260,47270,10
13.0472803116,80.2122802734,47270,47280,10
13.0462303162,80.2123031616,47280,47290,10
13.0451002121,80.2123413086,47290,47300,10
13.044500351,80.2123413086,47300,47371,71
13.044500351,80.2123413086,47371,47381,10
13.0442399979,80.2122802734,47381,47391,10
13.0438404083,80.2123031616,47391,47401,10
13.0431804657,80.2123413086,47401,47411,10
13.0424804688,80.2123794556,47411,47421,10
13.0414800644,80.2124023438,47421,47431,10
13.04047966,80.2125167847,47431,47441,10
13.0393695831,80.2125167847,47441,47451,10
13.0377502441,80.2123565674,47451,47492,41
13.0375299454,80.2122268677,47492,47522,30
13.0375299454,80.2122268677,47522,47532,10
13.0374603271,80.2122421265,47532,47542,10
13.0370397568,80.2122497559,47542,47552,10
13.036359787,80.2122573853,47552,47562,10
13.0355501175,80.2122802734,47562,47572,10
13.0342302322,80.2121429443,47572,47593,21
13.0342302322,80.2121429443,47593,47603,10
13.0340003967,80.2121124268,47603,47613,10
13.033539772,80.2120437622,47613,47623,10
13.0328197479,80.2118606567,47623,47632,9
13.0321397781,80.2117233276,47632,47643,11
13.031999588,80.2110900879,47643,47653,10
13.0320501328,80.2103424072,47653,47663,10
13.0320796967,80.2097320557,47663,47673,10
13.031829834,80.209602356,47673,47683,10
13.0313501358,80.2094421387,47683,47694,11
13.0306396484,80.2092437744,47694,47704,10
13.0299901962,80.2090682983,47704,47714,10
13.029540062,80.2089309692,47714,47724,10
13.029540062,80.2089233398,47724,47734,10
13.029250145,80.2088012695,47734,47744,10
13.0286903381,80.2086486816,47744,47754,10
13.0279302597,80.2084197998,47754,47764,10
13.0272197723,80.2080307007,47764,47774,10
13.0263900757,80.2075271606,47774,47790,16
13.024720192,80.2069625854,47790,47802,12
13.023440361,80.2066802979,47802,47813,11
13.0222196579,80.2064437866,47813,47822,9
13.0211801529,80.2063674927,47822,47832,10
13.0201101303,80.2063827515,47832,47842,10
13.0191202164,80.2063369751,47842,47862,20
13.0191202164,80.2063369751,47862,47873,11
13.0188798904,80.206237793,47873,47882,9
13.018409729,80.2060699463,47882,47893,11
13.0177001953,80.2058334351,47893,47902,9
13.01720047,80.2055892944,47902,47914,12
13.0164003372,80.2053527832,47914,47924,10
13.0154895782,80.2050170898,47924,47934,10
13.0144195557,80.2046203613,47934,47944,10
13.0136699677,80.2043762207,47944,47954,10
13.0135202408,80.2046966553,47954,47964,10
13.0133600235,80.2052230835,47964,47974,10
13.0131502151,80.2059402466,47974,47984,10
13.0130300522,80.2067565918,47984,47994,10
13.0129098892,80.2076797485,47994,48004,10
13.012840271,80.2079772949,48004,48014,10
13.012840271,80.2084274292,48014,48024,10
13.0128698349,80.2088012695,48024,48035,11
13.0130596161,80.2093963623,48035,48045,10
13.0131702423,80.2101135254,48045,48055,10
13.0130195618,80.2109222412,48055,48065,10
13.0125799179,80.2117462158,48065,48075,10
13.0120401382,80.2125320435,48075,48085,10
13.0118398666,80.2128295898,48085,48095,10
13.0116195679,80.2127075195,48095,48105,10
13.0112199783,80.2124023438,48105,48115,10
13.0106897354,80.2120437622,48115,48125,10
13.0102796555,80.2117004395,48125,48135,10
13.0094804764,80.2110977173,48135,48166,31
13.0094804764,80.2110977173,48166,48176,10
13.0092201233,80.2110671997,48176,48186,10
13.0091600418,80.2112121582,48186,48196,10
13.0090103149,80.2114181519,48196,48206,10
13.0090799332,80.2118530273,48206,48216,10
13.0092601776,80.2124710083,48216,48226,10
13.0095100403,80.2131195068,48226,48236,10
13.0097999573,80.2138137817,48236,48246,10
13.0100698471,80.2145080566,48246,48257,11
13.0101900101,80.2153320313,48257,48267,10
13.0104703903,80.216178894,48267,48277,10
13.0108995438,80.2171325684,48277,48287,10
13.011300087,80.218132019,48287,48297,10
13.0116596222,80.2192001343,48297,48307,10
13.0119800568,80.2202606201,48307,48317,10
13.0123195648,80.2211990356,48317,48327,10
13.0123500824,80.221572876,48327,48337,10
13.0126304626,80.222076416,48337,48347,10
13.0131998062,80.22265625,48347,48357,10
13.0137701035,80.2232971191,48357,48367,10
13.0140695572,80.2236480713,48367,48378,11
13.0146999359,80.2243423462,48378,48388,10
13.0149002075,80.2245483398,48388,48398,10
13.015130043,80.2248535156,48398,48408,10
13.0153598785,80.2253799438,48408,48418,10
13.0150003433,80.2258605957,48418,48438,20
13.0150003433,80.2258605957,48438,48448,10
13.0148601532,80.2259521484,48448,48458,10
13.01445961,80.2261123657,48458,48468,10
13.0137901306,80.2263870239,48468,48479,11
13.0119600296,80.2271194458,48479,48489,10
13.0119600296,80.2271194458,48489,48499,10
13.0109395981,80.2275314331,48499,48509,10
13.0100002289,80.2279205322,48509,48519,10
13.0094995499,80.2276229858,48519,48529,10
13.009759903,80.2270431519,48529,48539,10
13.0100698471,80.2263336182,48539,48549,10
13.0103998184,80.2255096436,48549,48561,12
13.0108203888,80.2245483398,48561,48570,9
13.0111303329,80.223739624,48570,48581,11
13.011179924,80.2230834961,48581,48592,11
13.0106496811,80.2228317261,48592,48601,9
13.0100698471,80.2225189209,48601,48612,11
13.0092401505,80.2220916748,48612,48622,10
13.0085000992,80.2216873169,48622,48632,10
13.007809639,80.2213363647,48632,48641,9
13.0071401596,80.2209777832,48641,48652,11
13.0062599182,80.2206573486,48652,48662,10
13.0052900314,80.2204589844,48662,48672,10
13.0043802261,80.2202224731,48672,48682,10
13.0036001205,80.2200164795,48682,48692,10
13.0026903152,80.2197189331,48692,48703,11
13.0019798279,80.219078064,48703,48713,10
13.0013198853,80.2184829712,48713,48723,10
13.0006799698,80.2180404663,48723,48733,10
12.9999904633,80.2176132202,48733,48743,10
12.9991903305,80.2171478271,48743,48753,10
12.9983701706,80.216796875,48753,48763,10
12.9975404739,80.2165985107,48763,48773,10
12.9973897934,80.2165374756,48773,48782,9
12.9972496033,80.2164916992,48782,48792,10
12.9968795776,80.2165298462,48792,48803,11
12.9964103699,80.2166290283,48803,48813,10
12.9957399368,80.2167816162,48813,48824,11
12.9949302673,80.2171707153,48824,48834,10
12.9944496155,80.2174911499,48834,48844,10
12.9940500259,80.2177886963,48844,48854,10
12.993519783,80.2181091309,48854,48864,10
12.9931297302,80.2183532715,48864,48874,10
12.9927501678,80.2186737061,48874,48884,10
12.9921798706,80.2191009521,48884,48894,10
12.9915704727,80.2195587158,48894,48904,10
12.9910802841,80.2194519043,48904,48914,10
12.9909200668,80.2193374634,48914,48924,10
12.9905004501,80.2192077637,48924,48935,11
12.9898004532,80.2189865112,48935,48945,10
12.9890403748,80.2187194824,48945,48955,10
12.9881696701,80.2184829712,48955,48965,10
12.9874401093,80.2183685303,48965,48975,10
12.987039566,80.2182769775,48975,48985,10
12.986989975,80.2182617188,48985,48995,10
12.9866504669,80.2181777954,48995,49005,10
12.9860897064,80.2180404663,49005,49015,10
12.9852399826,80.2179489136,49015,49025,10
12.9840097427,80.2179718018,49025,49045,20
12.9840097427,80.2179718018,49045,49056,11
12.9836301804,80.2179412842,49056,49066,10
12.9830503464,80.2179489136,49066,49076,10
12.9822902679,80.2179718018,49076,49086,10
12.9813995361,80.2180480957,49086,49096,10
12.9805698395,80.2183227539,49096,49106,10
12.9800300598,80.2185211182,49106,49116,10
12.9796304703,80.2186889648,49116,49126,10
12.9791498184,80.2188796997,49126,49136,10
12.9786996841,80.2190628052,49136,49146,10
12.9781999588,80.2192382813,49146,49156,10
12.9775104523,80.219543457,49156,49167,11
12.9765996933,80.219909668,49167,49177,10
12.9755601883,80.2204208374,49177,49217,40
12.9755601883,80.2204208374,49217,49227,10
12.9754495621,80.2206268311,49227,49237,10
12.9756498337,80.2210006714,49237,49247,10
12.9762897491,80.2217025757,49247,49278,31
12.9762897491,80.2217025757,49278,49288,10
12.9764204025,80.2219619751,49288,49298,10
12.9766998291,80.2224197388,49298,49308,10
12.9771203995,80.2230300903,49308,49318,10
12.9775896072,80.2237930298,49318,49328,10
12.9781503677,80.2246398926,49328,49338,10
12.9787197113,80.2255783081,49338,49348,10
12.979180336,80.2264404297,49348,49358,10
12.9796600342,80.2272109985,49358,49368,10
12.9801502228,80.2280197144,49368,49378,10
12.9806604385,80.2288818359,49378,49389,11
12.9811697006,80.2297592163,49389,49399,10
12.9816598892,80.2304763794,49399,49409,10
12.9819602966,80.231338501,49409,49419,10
12.9819898605,80.2322692871,49419,49429,10
12.9817800522,80.2330474854,49429,49439,10
12.9816303253,80.2333831787,49439,49448,9
12.981590271,80.2334671021,49448,49459,11
12.9813699722,80.2339096069,49459,49469,10
12.9811897278,80.2347335815,49469,49479,10
12.9811897278,80.2356033325,49479,49489,10
12.9812097549,80.236656189,49489,49499,10
12.9812402725,80.2375335693,49499,49510,11
12.9812402725,80.2378311157,49510,49520,10
12.9812297821,80.2381210327,49520,49530,10
12.9812498093,80.2384490967,49530,49540,10
12.9812297821,80.2385406494,49540,49550,10
12.9812297821,80.238861084,49550,49560,10
12.9812402725,80.2394180298,49560,49570,10
12.9812803268,80.2401733398,49570,49580,10
12.981300354,80.2410430908,49580,49590,10
12.9813203812,80.2420578003,49590,49600,10
12.9813404083,80.2425994873,49600,49611,11
12.9813404083,80.2426300049,49611,49621,10
12.9813098907,80.2428588867,49621,49631,10
12.9813404083,80.2433929443,49631,49641,10
12.9812498093,80.2441177368,49641,49651,10
12.9811496735,80.2449417114,49651,49661,10
12.9810400009,80.2459030151,49661,49671,10
12.980919838,80.2469482422,49671,49681,10
12.9808197021,80.2480392456,49681,49691,10
12.9807195663,80.2491607666,49691,49701,10
12.9805202484,80.2502670288,49701,49711,10
12.9802598953,80.2512817383,49711,49721,10
12.9801101685,80.2520294189,49721,49732,11
12.980099678,80.2520904541,49732,49742,10
12.980099678,80.2521133423,49742,49752,10
12.980050087,80.2522964478,49752,49762,10
12.9801197052,80.2524795532,49762,49772,10
12.9804801941,80.2526092529,49772,49782,10
12.9811201096,80.2525863647,49782,49792,10
12.982000351,80.252571106,49792,49802,10
12.983039856,80.2525100708,49802,49812,10
12.9841098785,80.252281189,49812,49822,10
12.9852304459,80.251953125,49822,49833,11
12.9864196777,80.251663208,49833,49843,10
12.9875297546,80.2513427734,49843,49943,100
12.9875297546,80.2513427734,49943,49954,11
12.9877500534,80.2513275146,49954,49964,10
12.9879198074,80.2515182495,49964,49974,10
12.9880104065,80.2520675659,49974,49984,10
12.9879398346,80.2529296875,49984,49994,10
12.987830162,80.2540435791,49994,50004,10
12.9877099991,80.2553024292,50004,50055,51
12.9877099991,80.2553024292,50055,50065,10
12.9876403809,80.2554168701,50065,50075,10
12.9876403809,80.2556533813,50075,50085,10
12.9875497818,80.2561187744,50085,50095,10
12.9875001907,80.2567901611,50095,50105,10
12.9874696732,80.2573394775,50105,50115,10
12.9874200821,80.2581100464,50115,50125,10
12.9872503281,80.2593307495,50125,50387,262
12.9869403839,80.2595672607,50387,50428,41
12.9869403839,80.2595672607,50428,50438,10
12.9865999222,80.2593917847,50438,52849,2411
12.9865999222,80.2593917847,52849,52859,10
12.9869098663,80.2590789795,52859,52960,101
12.9872903824,80.2591094971,52960,52990,30
12.9872903824,80.2591094971,52990,53000,10
12.9873695374,80.2586669922,53000,53021,21
12.9873695374,80.2586669922,53021,53031,10
12.9874000549,80.2583389282,53031,53041,10
12.9874200821,80.2579803467,53041,53051,10
12.9874696732,80.2574386597,53051,53061,10
12.9875097275,80.2568130493,53061,53071,10
12.9875202179,80.2561264038,53071,53142,71
12.9875202179,80.2561264038,53142,53152,10
12.9875497818,80.2559967041,53152,53162,10
12.9876499176,80.2556228638,53162,53172,10
12.9876804352,80.2549972534,53172,53182,10
12.9876804352,80.2548675537,53182,53192,10
12.987739563,80.2545166016,53192,53202,10
12.9877996445,80.2538375854,53202,53212,10
12.9878501892,80.2530212402,53212,53222,10
12.9878902435,80.2521209717,53222,53233,11
12.9878196716,80.2518615723,53233,53243,10
12.9877195358,80.2516479492,53243,53253,10
12.9872398376,80.251663208,53253,53263,10
12.9865198135,80.2517776489,53263,53273,10
12.9856595993,80.2519683838,53273,53283,10
12.9846401215,80.252243042,53283,53293,10
12.9835395813,80.252532959,53293,53303,10
12.9823999405,80.2526397705,53303,53313,10
12.9812698364,80.2526626587,53313,53323,10
12.9804401398,80.2526931763,53323,53333,10
12.9799098969,80.2526779175,53333,53354,21
12.9799098969,80.2526779175,53354,53364,10
12.9798603058,80.2525405884,53364,53374,10
12.9798898697,80.2523574829,53374,53384,10
12.9799003601,80.2522735596,53384,53400,16
12.9800100327,80.2518615723,53400,53412,12
12.9802303314,80.2512283325,53412,53422,10
12.9804296494,80.2504806519,53422,53432,10
12.9806404114,80.2496414185,53432,53442,10
12.9807395935,80.2486877441,53442,53453,11
12.9808301926,80.2475585938,53453,53462,9
12.980919838,80.24659729,53462,53473,11
12.9810400009,80.2453994751,53473,53483,10
12.981180191,80.2443237305,53483,53493,10
12.9812297821,80.2436904907,53493,53502,9
12.9813404083,80.2434768677,53502,53513,11
12.9813499451,80.243057251,53513,53523,10
12.9813604355,80.2428817749,53523,53533,10
12.9813404083,80.2427978516,53533,53543,10
12.9813499451,80.2424621582,53543,53553,10
12.9813499451,80.2419128418,53553,53563,10
12.9813499451,80.2411575317,53563,53574,11
12.9813404083,80.2402496338,53574,53584,10
12.9813203812,80.2394866943,53584,53594,10
12.981300354,80.2388000488,53594,53604,10
12.9812803268,80.2380599976,53604,53614,10
12.9812698364,80.2379302979,53614,53624,10
12.9812602997,80.2376174927,53624,53634,10
12.9812402725,80.2370681763,53634,53644,10
12.9812297821,80.236328125,53644,53654,10
12.9812202454,80.2355117798,53654,53664,10
12.9811897278,80.2346420288,53664,53674,10
12.9814195633,80.2337722778,53674,53685,11
12.9816198349,80.2333526611,53685,53695,10
12.9816503525,80.2332992554,53695,53705,10
12.9818096161,80.2330093384,53705,53715,10
12.9819602966,80.2325592041,53715,53725,10
12.9819803238,80.2317581177,53725,53745,20
12.9819803238,80.2317581177,53745,53755,10
12.9819898605,80.2314834595,53755,53765,10
12.9818601608,80.2309570313,53765,53774,9
12.9816598892,80.2305908203,53774,53785,11
12.9812498093,80.2299118042,53785,53796,11
12.9808797836,80.2293014526,53796,53806,10
12.9806995392,80.2290267944,53806,53816,10
12.9806404114,80.2289199829,53816,53826,10
12.9806098938,80.2288284302,53826,53836,10
12.9804096222,80.2285079956,53836,53846,10
12.9803199768,80.2282791138,53846,53856,10
12.9801301956,80.2279586792,53856,53866,10
12.9798603058,80.2275009155,53866,53876,10
12.9795799255,80.2270584106,53876,53886,10
12.9793796539,80.2266998291,53886,53896,10
12.979060173,80.2261886597,53896,53906,10
12.9786701202,80.2255401611,53906,53917,11
12.9781799316,80.2247161865,53917,53927,10
12.9778995514,80.2244033813,53927,53937,10
12.9777002335,80.224067688,53937,53947,10
12.9774303436,80.2236022949,53947,53957,10
12.9770803452,80.2229995728,53957,53967,10
12.9769601822,80.2227630615,53967,53977,10
12.9767303467,80.2224197388,53977,53987,10
12.9763898849,80.2218780518,53987,53997,10
12.9758300781,80.2211303711,53997,54026,29
12.9758300781,80.2211303711,54026,54036,10
12.9756002426,80.2209091187,54036,54066,30
12.9756002426,80.2209091187,54066,54076,10
12.9754295349,80.2207717896,54076,54086,10
12.9754896164,80.2204971313,54086,54096,10
12.9757099152,80.2202911377,54096,54106,10
12.9761400223,80.2202224731,54106,54116,10
12.9767503738,80.219909668,54116,54127,11
12.9774904251,80.219543457,54127,54137,10
12.9782896042,80.2192077637,54137,54147,10
12.9787502289,80.2190704346,54147,54157,10
12.9793300629,80.2188568115,54157,54167,10
12.9800300598,80.218536377,54167,54177,10
12.9808397293,80.2182235718,54177,54186,9
12.9816598892,80.2179718018,54186,54197,11
12.9825401306,80.2179107666,54197,54206,9
12.9833297729,80.2178421021,54206,54216,10
12.9837398529,80.2178268433,54216,54227,11
12.9838600159,80.2177581787,54227,54237,10
12.9842195511,80.2177810669,54237,54247,10
12.9848604202,80.2177886963,54247,54258,11
12.9857501984,80.2178268433,54258,54268,10
12.9866104126,80.2180404663,54268,54278,10
12.9872999191,80.2182006836,54278,54288,10
12.9873399734,80.2182006836,54288,54298,10
12.9876298904,80.2182769775,54298,54308,10
12.9881601334,80.218421936,54308,54318,10
12.9888296127,80.2186508179,54318,54328,10
12.9897098541,80.2189025879,54328,54338,10
12.9906797409,80.2192077637,54338,54348,10
12.9915895462,80.2194366455,54348,54359,11
12.9922895432,80.2190093994,54359,54368,9
12.9929504395,80.2184829712,54368,54379,11
12.993689537,80.2179412842,54379,54389,10
12.9942398071,80.2174911499,54389,54399,10
12.9946098328,80.2172470093,54399,54409,10
12.994799614,80.2170715332,54409,54419,10
12.9949302673,80.2169876099,54419,54429,10
12.9952602386,80.2168197632,54429,54439,10
12.9958200455,80.2167129517,54439,54449,10
12.9965600967,80.2166671753,54449,54459,10
12.9972295761,80.2163772583,54459,54469,10
12.9975004196,80.2161178589,54469,54480,11
12.997590065,80.2160491943,54480,54490,10
12.9978704453,80.2157897949,54490,54500,10
12.9982995987,80.2154388428,54500,54510,10
12.9988803864,80.2149505615,54510,54520,10
12.9991998672,80.214630127,54520,54530,10
12.9995203018,80.214302063,54530,54540,10
12.9998998642,80.2139968872,54540,54550,10
13.00041008,80.2135314941,54550,54560,10
13.0009002686,80.2131195068,54560,54570,10
13.001540184,80.212638855,54570,54580,10
13.002240181,80.2122573853,54580,54591,11
13.0029602051,80.2120895386,54591,54601,10
13.003490448,80.2119598389,54601,54611,10
13.0036201477,80.2117767334,54611,54621,10
13.0036497116,80.2113113403,54621,54631,10
13.0036001205,80.2106170654,54631,54641,10
13.0035104752,80.2098922729,54641,54651,10
13.0035800934,80.2091369629,54651,54661,10
13.003950119,80.2086029053,54661,54671,10
13.0047397614,80.208946228,54671,54681,10
13.0056495667,80.2093276978,54681,54691,10
13.0065002441,80.2096176147,54691,54702,11
13.0072898865,80.2098007202,54702,54722,20
13.0072898865,80.2098007202,54722,54732,10
13.0075998306,80.2098770142,54732,54742,10
13.0080699921,80.2099914551,54742,54752,10
13.0080795288,80.2095718384,54752,54762,10
13.0079603195,80.2088470459,54762,54772,10
13.0078201294,80.2079315186,54772,54782,10
13.0076599121,80.2068405151,54782,54792,10
13.007519722,80.2056808472,54792,54802,10
13.0074996948,80.2046508789,54802,54813,11
13.0074300766,80.2036209106,54813,54823,10
13.0072402954,80.2027282715,54823,54833,10
13.0066299438,80.2026596069,54833,54843,10
13.0066099167,80.2031707764,54843,54853,10
13.007060051,80.2034683228,54853,54863,10
13.0076198578,80.2036590576,54863,54873,10
13.0082702637,80.2036819458,54873,54883,10
13.0091104507,80.2036209106,54883,54893,10
13.010140419,80.2035675049,54893,54903,10
13.0112800598,80.2036437988,54903,54913,10
13.012430191,80.2038269043,54913,54924,11
13.0135097504,80.2041320801,54924,54934,10
13.0144195557,80.2044372559,54934,54944,10
13.0151596069,80.2046585083,54944,54954,10
13.0153198242,80.2046966553,54954,54964,10
13.0153799057,80.2046737671,54964,54974,10
13.0154800415,80.2046279907,54974,54984,10
13.0156698227,80.2048721313,54984,54994,10
13.0157403946,80.204788208,54994,55004,10
13.0163698196,80.2048110962,55004,55014,10
13.0170297623,80.205078125,55014,55025,11
13.0182504654,80.205581665,55025,55035,10
13.0183000565,80.205619812,55035,55045,10
13.0188798904,80.205909729,55045,55055,10
13.0195703506,80.2061386108,55055,55065,10
13.020359993,80.2062911987,55065,55075,10
13.0213603973,80.2063522339,55075,55085,10
13.0223197937,80.2064819336,55085,55095,10
13.0231895447,80.2066421509,55095,55105,10
13.0241098404,80.206703186,55105,55115,10
13.0242996216,80.2067184448,55115,55125,10
13.0247402191,80.206817627,55125,55135,10
13.0255203247,80.2070465088,55135,55145,10
13.0263595581,80.2074508667,55145,55156,11
13.0273504257,80.2080383301,55156,55166,10
13.0283002853,80.2085037231,55166,55176,10
13.0293998718,80.2087936401,55176,55186,10
13.0304498672,80.2090988159,55186,55202,16
13.0313501358,80.2093276978,55202,55214,12
13.0315303802,80.2094421387,55214,55222,8
13.0319700241,80.2095413208,55222,55233,11
13.0328197479,80.2097167969,55233,55244,11
13.0337696075,80.2098693848,55244,55256,12
13.0348100662,80.2101135254,55256,55266,10
13.0349197388,80.2109222412,55266,55285,19
13.0349197388,80.2109222412,55285,55296,11
13.0348701477,80.2112503052,55296,55306,10
13.0348796844,80.2113189697,55306,55316,10
13.0348596573,80.2117385864,55316,55326,10
13.0350999832,80.2121429443,55326,55336,10
13.0356998444,80.2122116089,55336,55346,10
13.0366201401,80.2122421265,55346,55356,10
13.0371103287,80.2122116089,55356,55367,11
13.0375900269,80.2121887207,55367,55377,10
13.0381603241,80.2122192383,55377,55387,10
13.0384597778,80.2121200562,55387,55397,10
13.0387897491,80.2122573853,55397,55407,10
13.0393199921,80.212638855,55407,55417,10
13.0395402908,80.2125167847,55417,55427,10
13.0396203995,80.2122421265,55427,55437,10
13.0439996719,80.2122497559,55437,55506,69
13.0439996719,80.2122497559,55506,55516,10
13.0442800522,80.2122802734,55516,55526,10
13.0446996689,80.2122497559,55526,55536,10
13.0453796387,80.2122421265,55536,55546,10
13.0461997986,80.2121963501,55546,55556,10
13.0469799042,80.2121734619,55556,55566,10
13.0479402542,80.2120666504,55566,55576,10
13.0485801697,80.2119827271,55576,55587,11
13.048620224,80.2119903564,55587,55597,10
13.0488700867,80.2119903564,55597,55607,10
13.0494203568,80.2119598389,55607,55617,10
13.0498399734,80.2119216919,55617,55627,10
13.0502796173,80.2119827271,55627,55637,10
13.0508003235,80.2120513916,55637,55647,10
13.0515899658,80.2119598389,55647,55657,10
13.0527801514,80.2117385864,55657,55667,10
13.053850174,80.2115097046,55667,55677,10
13.0548000336,80.2114181519,55677,55687,10
13.0548000336,80.2114181519,55687,55697,10
13.055560112,80.2114181519,55697,55707,10
13.0564804077,80.21144104,55707,55718,11
13.0574598312,80.2114028931,55718,55728,10
13.0575799942,80.2113800049,55728,55738,10
13.0579004288,80.2113876343,55738,55748,10
13.0584201813,80.2114181519,55748,55759,11
13.0593204498,80.211479187,55759,55769,10
13.0602903366,80.2115097046,55769,55779,10
13.0614299774,80.2115936279,55779,55789,10
13.0624599457,80.2116394043,55789,55799,10
13.0631799698,80.2115478516,55799,55809,10
13.0632600784,80.211517334,55809,55819,10
13.0635900497,80.2114715576,55819,55830,11
13.0642204285,80.2114181519,55830,55840,10
13.0649499893,80.2110671997,55840,55849,9
13.0656604767,80.2105636597,55849,55860,11
13.0664997101,80.2098388672,55860,55870,10
13.0671596527,80.2090530396,55870,55880,10
13.0674800873,80.2085037231,55880,55890,10
13.067779541,80.2080230713,55890,55900,10
13.0682201385,80.2073516846,55900,55910,10
13.0687398911,80.2065582275,55910,55920,10
13.0693101883,80.2057189941,55920,55931,11
13.0696601868,80.2049789429,55931,55940,9
13.0693798065,80.2048110962,55940,55951,11
13.0690097809,80.2052230835,55951,55961,10
13.0688199997,80.2053527832,55961,55971,10
13.0686702728,80.2051773071,55971,56029,58
13.0686702728,80.2051773071,56029,56039,10
13.0685501099,80.2051391602,56039,56049,10
13.0683202744,80.2051467896,56049,56627,578
13.0680198669,80.2051620483,56627,57585,958
13.0680198669,80.2051620483,57585,57595,10
13.068400383,80.2049331665,57595,57605,10
13.0686197281,80.2048416138,57605,57615,10
13.068860054,80.2047576904,57615,57626,11
13.0692996979,80.204750061,57626,57646,20
13.0692996979,80.204750061,57646,57656,10
13.0694904327,80.2047805786,57656,57666,10
13.0696802139,80.2048187256,57666,57676,10
13.0698299408,80.2051010132,57676,57686,10
13.069560051,80.205581665,57686,57696,10
13.069149971,80.206237793,57696,57706,10
13.0686702728,80.2070083618,57706,57716,10
13.0681295395,80.207901001,57716,57726,10
13.0675601959,80.2088317871,57726,57736,10
13.0669403076,80.2097473145,57736,57747,11
13.0659399033,80.210647583,57747,57757,10
13.0652799606,80.2111663818,57757,57766,9
13.0650701523,80.2114028931,57766,57787,21
13.0650701523,80.2114028931,57787,57797,10
13.0647697449,80.211517334,57797,57807,10
13.064160347,80.2117004395,57807,57817,10
13.0637702942,80.2117462158,57817,57827,10
13.0632801056,80.2117462158,57827,57837,10
13.0625400543,80.2117767334,57837,57848,11
13.0617904663,80.2117385864,57848,57858,10
13.0607500076,80.2116928101,57858,57868,10
13.0597896576,80.2116699219,57868,57878,10
13.0587797165,80.2116165161,57878,57888,10
13.0579595566,80.2116165161,57888,57898,10
13.0576601028,80.2116394043,57898,57908,10
13.0576095581,80.2116394043,57908,57918,10
13.0572900772,80.2116622925,57918,57928,10
13.0567798615,80.2116470337,57928,57938,10
13.0560302734,80.2116165161,57938,57948,10
13.0551395416,80.2115478516,57948,57958,10
13.0542201996,80.2115707397,57958,57969,11
13.0531702042,80.2117996216,57969,57979,10
13.0522899628,80.2120437622,57979,57989,10
13.051199913,80.2121200562,57989,57999,10
13.0498104095,80.2121276855,57999,58019,20
13.0498104095,80.2121276855,58019,58029,10
13.0497102737,80.2121200562,58029,58039,10
13.0495500565,80.2121582031,58039,58049,10
13.049539566,80.2121582031,58049,58059,10
13.0492801666,80.2121582031,58059,58069,10
13.0488395691,80.2121810913,58069,58079,10
13.048119545,80.2122268677,58079,58090,11
13.0471601486,80.2123336792,58090,58099,9
13.0462198257,80.2123718262,58099,58110,11
13.0444498062,80.2124404907,58110,58170,60
13.0444498062,80.2124404907,58170,58180,10
13.0441398621,80.2125015259,58180,58190,10
13.0435800552,80.2124633789,58190,58201,11
13.0427904129,80.2124176025,58201,58211,10
13.0419998169,80.2124023438,58211,58221,10
13.0409202576,80.212387085,58221,58231,10
13.039850235,80.2124328613,58231,58241,10
13.0387401581,80.2124404907,58241,58251,10
13.0376195908,80.2124023438,58251,58322,71
13.0376195908,80.2124023438,58322,58332,10
13.0373096466,80.2123184204,58332,58342,10
13.036860466,80.2123336792,58342,58352,10
13.0361700058,80.2123184204,58352,58362,10
13.0353603363,80.2122879028,58362,58372,10
13.0344896317,80.2121810913,58372,58382,10
13.0341596603,80.2121124268,58382,58392,10
13.034119606,80.2121124268,58392,58402,10
13.0337600708,80.2120285034,58402,58412,10
13.0331802368,80.2119064331,58412,58423,11
13.0323495865,80.2117767334,58423,58433,10
13.0319499969,80.2114562988,58433,58443,10
13.0320501328,80.2108001709,58443,58453,10
13.0320901871,80.2099990845,58453,58463,10
13.0318403244,80.2096405029,58463,58479,16
13.0307998657,80.2093276978,58479,58491,12
13.0303096771,80.2091827393,58491,58501,10
13.0298204422,80.2090530396,58501,58509,8
13.029540062,80.2089614868,58509,58521,12
13.0293397903,80.2088394165,58521,58532,11
13.0287103653,80.2087020874,58532,58542,10
13.0279302597,80.2084503174,58542,58552,10
13.0271902084,80.2080535889,58552,58562,10
13.0263500214,80.2075424194,58562,58572,10
13.0253400803,80.2070922852,58572,58582,10
13.0243902206,80.2069091797,58582,58592,10
13.0238103867,80.20677948,58592,58602,10
13.023059845,80.2066421509,58602,58612,10
13.0221996307,80.2065200806,58612,58622,10
13.0212898254,80.2064666748,58622,58632,10
13.0202999115,80.2064590454,58632,58642,10
13.0191297531,80.2063293457,58642,58663,21
13.0191297531,80.2063293457,58663,58673,10
13.0188798904,80.2062301636,58673,58683,10
13.0184497833,80.2060470581,58683,58693,10
13.0178098679,80.205871582,58693,58703,10
13.0173301697,80.2057189941,58703,58713,10
13.016500473,80.205581665,58713,58723,10
13.0156602859,80.2052078247,58723,58733,10
13.0147104263,80.2048416138,58733,58744,11
13.0138196945,80.2044830322,58744,58754,10
13.0135698318,80.2046585083,58754,58764,10
13.0135202408,80.2049331665,58764,58774,10
13.0133399963,80.2054595947,58774,58784,10
13.013130188,80.2061691284,58784,58794,10
13.0130395889,80.2070617676,58794,58804,10
13.0129404068,80.2077713013,58804,58814,10
13.0129299164,80.2082214355,58814,58824,10
13.0129003525,80.208442688,58824,58834,10
13.0129299164,80.2089385986,58834,58844,10
13.0131998062,80.2096176147,58844,58854,10
13.0132398605,80.2102737427,58854,58864,10
13.0130500793,80.2110595703,58864,58875,11
13.0125398636,80.2119369507,58875,58885,10
13.0120401382,80.2126617432,58885,58895,10
13.0118904114,80.2128219604,58895,58905,10
13.0115699768,80.2126693726,58905,58915,10
13.0110998154,80.2123336792,58915,58925,10
13.0104999542,80.2118988037,58925,58935,10
13.0099601746,80.2114562988,58935,59006,71
13.0099601746,80.2114562988,59006,59016,10
13.0096597672,80.2112197876,59016,59026,10
13.0095300674,80.2111206055,59026,59036,10
13.0093698502,80.2110977173,59036,59046,10
13.0092601776,80.2112731934,59046,59056,10
13.0090799332,80.2115020752,59056,59066,10
13.0090904236,80.211730957,59066,59076,10
13.0092401505,80.2121887207,59076,59087,11
13.0093002319,80.2123794556,59087,59097,10
13.0093803406,80.212638855,59097,59107,10
13.0094804764,80.2129592896,59107,59117,10
13.0096597672,80.2133789063,59117,59127,10
13.0098400116,80.2138214111,59127,59137,10
13.010020256,80.2142486572,59137,59147,10
13.0101699829,80.2147064209,59147,59157,10
13.0102500916,80.2154312134,59157,59167,10
13.0105104446,80.2162475586,59167,59177,10
13.010890007,80.2170791626,59177,59187,10
13.0113201141,80.2179718018,59187,59197,10
13.0116996765,80.2188873291,59197,59208,11
13.0120601654,80.2201766968,59208,59218,10
13.0123195648,80.2211303711,59218,59228,10
13.0125999451,80.2217712402,59228,59238,10
13.0130596161,80.2224502563,59238,59248,10
13.013710022,80.2232437134,59248,59257,9
13.0142202377,80.2237701416,59257,59268,11
13.0148296356,80.2244720459,59268,59278,10
13.0153503418,80.2251205444,59278,59288,10
13.0153999329,80.2256393433,59288,59298,10
13.015130043,80.2258682251,59298,59308,10
13.0150899887,80.2258834839,59308,59319,11
13.0147695541,80.226020813,59319,59329,10
13.0141401291,80.2262496948,59329,59339,10
13.0133600235,80.2265396118,59339,59349,10
13.0125102997,80.226890564,59349,59365,16
13.0109796524,80.2274627686,59365,59377,12
13.0100097656,80.2278518677,59377,59387,10
13.009519577,80.227722168,59387,59396,9
13.00963974,80.2272567749,59396,59407,11
13.0099401474,80.2265930176,59407,59417,10
13.0103197098,80.2257232666,59417,59427,10
13.0107297897,80.2247772217,59427,59438,11
13.0110902786,80.2238616943,59438,59448,10
13.011179924,80.2236328125,59448,59458,10
13.0112600327,80.2234725952,59458,59468,10
13.011059761,80.2230987549,59468,59478,10
13.010430336,80.2227783203,59478,59488,10
13.0096998215,80.2223968506,59488,59498,10
13.0088796616,80.2219390869,59498,59508,10
13.0079402924,80.2214431763,59508,59518,10
13.0069999695,80.2209396362,59518,59528,10
13.0060997009,80.2205963135,59528,59538,10
13.0050601959,80.2203598022,59538,59549,11
13.0040397644,80.220123291,59549,59558,9
13.0033502579,80.2199325562,59558,59569,11
13.0027704239,80.2197189331,59569,59580,11
13.002120018,80.2191619873,59580,59590,10
13.0014801025,80.2185516357,59590,59600,10
13.00096035,80.218170166,59600,59610,10
13.0004901886,80.2178573608,59610,59620,10
12.9998502731,80.2174530029,59620,59630,10
12.9990797043,80.2170333862,59630,59640,10
12.9980802536,80.2165985107,59640,59650,10
12.9973497391,80.2165374756,59650,59671,21
12.9973497391,80.2165374756,59671,59681,10
12.9970197678,80.2165298462,59681,59691,10
12.9964704514,80.216583252,59691,59701,10
12.9956903458,80.2167816162,59701,59711,10
12.9950199127,80.2171173096,59711,59720,9
12.9947004318,80.2173309326,59720,59731,11
12.9943399429,80.2176437378,59731,59741,10
12.9937295914,80.2180786133,59741,59751,10
12.9931001663,80.218536377,59751,59761,10
12.9924001694,80.2190322876,59761,59772,11
12.9917001724,80.2195510864,59772,59782,10
12.9915103912,80.2196502686,59782,59792,10
12.9911899567,80.2195587158,59792,59802,10
12.9911499023,80.2195205688,59802,59812,10
12.9908399582,80.2193832397,59812,59822,10
12.9902496338,80.2191696167,59822,59832,10
12.9894800186,80.2189178467,59832,59842,10
12.9885597229,80.2185821533,59842,59852,10
12.9877300262,80.2184066772,59852,59862,10
12.9872598648,80.2183380127,59862,59872,10
12.9871397018,80.2183227539,59872,59882,10
12.9869499207,80.2182693481,59882,59893,11
12.9863395691,80.2181091309,59893,59903,10
12.9854803085,80.2179412842,59903,59913,10
12.9845304489,80.2179412842,59913,59922,9
12.9840297699,80.2179718018,59922,59933,11
12.9840202332,80.2179718018,59933,59943,10
12.9836902618,80.2179718018,59943,59953,10
12.9830799103,80.217956543,59953,59963,10
12.9822797775,80.2179412842,59963,59973,10
12.9813203812,80.2180480957,59973,59983,10
12.9803304672,80.2183990479,59983,59993,10
12.9796304703,80.2186965942,59993,60004,11
12.9788503647,80.2190093994,60004,60013,9
12.9785003662,80.2191619873,60013,60024,11
12.9778995514,80.2194137573,60024,60034,10
12.9770202637,80.2197723389,60034,60044,10
12.9761695862,80.220161438,60044,60054,10
12.9758396149,80.2203369141,60054,60064,10
12.9756603241,80.2204208374,60064,60074,10
12.9755296707,80.2208328247,60074,60084,10
12.9763202667,80.2217102051,60084,60125,41
12.9763202667,80.2217102051,60125,60135,10
12.976360321,80.2219085693,60135,60145,10
12.976559639,80.2222671509,60145,60161,16
12.9771499634,80.2231826782,60161,60173,12
12.9776802063,80.2240371704,60173,60181,8
12.9780797958,80.2246398926,60181,60193,12
12.9786701202,80.2256317139,60193,60203,10
12.9791698456,80.2264709473,60203,60213,10
12.9797000885,80.2273178101,60213,60223,10
12.9801998138,80.2281188965,60223,60233,10
12.9806604385,80.2289276123,60233,60244,11
12.9811000824,80.2296295166,60244,60254,10
12.9815597534,80.2303390503,60254,60264,10
12.981710434,80.2305603027,60264,60274,10
12.9817304611,80.2306213379,60274,60284,10
12.981880188,80.2309799194,60284,60294,10
12.9820404053,80.2315673828,60294,60304,10
12.982049942,80.2322616577,60304,60314,10
12.9819803238,80.232673645,60314,60325,11
12.9816799164,80.2333679199,60325,60335,10
12.981590271,80.2335891724,60335,60345,10
12.9814300537,80.2339172363,60345,60355,10
12.9812202454,80.2345733643,60355,60365,10
12.9812202454,80.2354278564,60365,60375,10
12.9812498093,80.2364730835,60375,60385,10
12.9812898636,80.2375335693,60385,60395,10
12.9813098907,80.23828125,60395,60405,10
12.9813203812,80.2386474609,60405,60415,10
12.9813203812,80.2387008667,60415,60425,10
12.9813299179,80.2390518188,60425,60435,10
12.9813203812,80.2396774292,60435,60446,11
12.9813499451,80.2405319214,60446,60456,10
12.9813804626,80.2411880493,60456,60466,10
12.9813699722,80.2418670654,60466,60476,10
12.9813899994,80.2424087524,60476,60486,10
12.9813995361,80.2428894043,60486,60496,10
12.9813995361,80.2428970337,60496,60506,10
12.9813804626,80.2431411743,60506,60516,10
12.9813604355,80.2437133789,60516,60526,10
12.9812297821,80.2444763184,60526,60536,10
12.9811000824,80.2453689575,60536,60546,10
12.9809799194,80.2463912964,60546,60557,11
12.9808797836,80.2476425171,60557,60567,10
12.9807796478,80.2488021851,60567,60577,10
12.9806404114,80.2499313354,60577,60587,10
12.9804000854,80.2509078979,60587,60597,10
12.9800901413,80.252243042,60597,60617,20
12.9800901413,80.252243042,60617,60627,10
12.9800701141,80.2523422241,60627,60637,10
12.9801397324,80.2525405884,60637,60647,10
12.9804096222,80.2526702881,60647,60657,10
12.9809303284,80.2526397705,60657,60667,10
12.9816799164,80.2526016235,60667,60678,11
12.9826898575,80.2525482178,60678,60688,10
12.9837398529,80.2524032593,60688,60698,10
12.9847698212,80.2521209717,60698,60708,10
12.9857501984,80.2518463135,60708,60718,10
12.9865598679,80.2516403198,60718,60728,10
12.9873800278,80.2514190674,60728,60738,10
12.9878902435,80.2514419556,60738,60748,10
12.9879798889,80.2517700195,60748,60758,10
12.9880800247,80.252166748,60758,60768,10
12.9880599976,80.2522583008,60768,60778,10
12.9880104065,80.2526016235,60778,60789,11
12.9879302979,80.2532501221,60789,60799,10
12.987859726,80.2539520264,60799,60809,10
12.9878196716,80.2544708252,60809,60819,10
12.9877796173,80.2550964355,60819,60829,10
12.987739563,80.2555084229,60829,60839,10
12.987660408,80.2559967041,60839,60849,10
12.9876203537,80.2563323975,60849,60859,10
12.9876203537,80.2563934326,60859,60869,10
12.9875898361,80.2566070557,60869,60879,10
12.9875402451,80.257019043,60879,60889,10
12.9874897003,80.2576980591,60889,60900,11
12.9874200821,80.2585220337,60900,60910,10
12.9873199463,80.2590408325,60910,60920,10
12.9872198105,80.2595596313,60920,60980,60
12.9872198105,80.2595596313,60980,60990,10
12.9867801666,80.2595062256,60990,61031,41
12.9868001938,80.2592163086,61031,61414,383
12.9868001938,80.2592163086,61414,61424,10
12.987039566,80.2590484619,61424,61535,111
12.987039566,80.2590484619,61535,61545,10
12.9873695374,80.2586669922,61545,61555,10
12.9873895645,80.2583007813,61555,61566,11
12.9874296188,80.2577972412,61566,61576,10
12.9874601364,80.2571716309,61576,61586,10
12.9875001907,80.2566223145,61586,61596,10
12.9875402451,80.256187439,61596,61606,10
12.9876403809,80.2556915283,61606,61616,10
12.9876899719,80.2551116943,61616,61626,10
12.9876899719,80.2548904419,61626,61636,10
12.9877099991,80.2546386719,61636,61646,10
12.9877595901,80.2541122437,61646,61662,16
12.987830162,80.2529907227,61662,61674,12
12.9878902435,80.2521209717,61674,61684,10
12.9878101349,80.251739502,61684,61695,11
12.9877901077,80.251663208,61695,61707,12
12.9874601364,80.2515869141,61707,61715,8
12.9870996475,80.2516403198,61715,61726,11
12.9864997864,80.2518081665,61726,61737,11
12.9857902527,80.251991272,61737,61749,12
12.9848604202,80.2522201538,61749,61759,10
12.984000206,80.2524490356,61759,61769,10
12.9830904007,80.2526321411,61769,61779,10
12.9821395874,80.2526779175,61779,61789,10
12.9811601639,80.2527236938,61789,61800,11
12.9800395966,80.252746582,61800,61850,50
12.9800395966,80.252746582,61850,61862,12
12.9799098969,80.2526931763,61862,61872,10
12.9799098969,80.2523574829,61872,61891,19
12.9799098969,80.2523574829,61891,61903,12
12.9799604416,80.2521591187,61903,61913,10
12.9800395966,80.2518234253,61913,61923,10
12.9802103043,80.2513198853,61923,61933,10
12.9804401398,80.250579834,61933,61943,10
12.9806604385,80.2497177124,61943,61953,10
12.9807500839,80.2487869263,61953,61963,10
12.9808301926,80.2477798462,61963,61973,10
12.980919838,80.246711731,61973,61983,10
12.9810400009,80.2456207275,61983,61993,10
12.9811601639,80.2446517944,61993,62003,10
12.9812202454,80.243812561,62003,62014,11
12.9813604355,80.2434768677,62014,62024,10
12.9813604355,80.2428131104,62024,62044,20
12.9813604355,80.2428131104,62044,62054,10
12.9813995361,80.2426223755,62054,62064,10
12.9813604355,80.2420730591,62064,62074,10
12.9813604355,80.2413635254,62074,62084,10
12.9813404083,80.2405319214,62084,62094,10
12.9813203812,80.2396469116,62094,62104,10
12.9812898636,80.2388381958,62104,62114,10
12.9812803268,80.2382583618,62114,62124,10
12.9812698364,80.2378921509,62124,62135,11
12.9812803268,80.237701416,62135,62145,10
12.9812498093,80.2373962402,62145,62155,10
12.9812498093,80.237159729,62155,62165,10
12.9812202454,80.2365722656,62165,62175,10
12.9811897278,80.2358016968,62175,62185,10
12.9811897278,80.2349014282,62185,62195,10
12.9813404083,80.2339706421,62195,62205,10
12.9816503525,80.2333221436,62205,62215,10
12.9816598892,80.2332992554,62215,62225,10
12.9817199707,80.2331771851,62225,62235,10
12.981880188,80.2328186035,62235,62246,11
12.982000351,80.2322311401,62246,62256,10
12.9819698334,80.2316970825,62256,62266,10
12.9818696976,80.2311706543,62266,62276,10
12.9816799164,80.2307434082,62276,62286,10
12.9813804626,80.23021698,62286,62296,10
12.981010437,80.2295913696,62296,62306,10
12.9808301926,80.2292709351,62306,62316,10
12.9806900024,80.2290725708,62316,62326,10
12.9806804657,80.2290267944,62326,62336,10
12.9806404114,80.2289428711,62336,62346,10
12.9804201126,80.2286376953,62346,62357,11
12.9801702499,80.2281265259,62357,62367,10
12.9798002243,80.2275085449,62367,62377,10
12.9793901443,80.2267990112,62377,62387,10
12.979060173,80.226272583,62387,62397,10
12.9786901474,80.2256469727,62397,62407,10
12.9782400131,80.2248916626,62407,62417,10
12.9778499603,80.2243270874,62417,62427,10
12.9774904251,80.223739624,62427,62437,10
12.9770698547,80.2230987549,62437,62447,10
12.9768104553,80.22265625,62447,62457,10
12.9765195847,80.2221984863,62457,62468,11
12.976099968,80.2215423584,62468,62478,10
12.9758195877,80.2212371826,62478,62498,20
12.9758195877,80.2212371826,62498,62508,10
12.9756698608,80.2210464478,62508,62518,10
12.9754400253,80.2208709717,62518,62528,10
12.9753799438,80.2208023071,62528,62538,10
12.9754104614,80.2205581665,62538,62548,10
12.9756402969,80.2203369141,62548,62558,10
12.9761295319,80.2201080322,62558,62568,10
12.9768104553,80.2198104858,62568,62578,10
12.9775600433,80.2194900513,62578,62589,11
12.9784402847,80.2191467285,62589,62599,10
12.9788198471,80.2189865112,62599,62609,10
12.9793996811,80.21875,62609,62619,10
12.9800596237,80.2184829712,62619,62629,10
12.9807796478,80.2182312012,62629,62639,10
12.9815998077,80.2179794312,62639,62649,10
12.9825401306,80.2179031372,62649,62659,10
12.983420372,80.2179031372,62659,62669,10
12.9838399887,80.217880249,62669,62679,10
12.9838695526,80.217880249,62679,62689,10
12.9841995239,80.217880249,62689,62706,17
12.9852600098,80.217880249,62706,62718,12
12.9861898422,80.2180404663,62718,62728,10
12.9873800278,80.21824646,62728,62748,20
12.9873800278,80.21824646,62748,62758,10
12.9874801636,80.21824646,62758,62768,10
12.9878101349,80.2183532715,62768,62778,10
12.9884796143,80.218536377,62778,62788,10
12.9892396927,80.2187805176,62788,62799,11
12.9901399612,80.2190933228,62799,62809,10
12.9910001755,80.2193527222,62809,62819,10
12.9915599823,80.2194671631,62819,62829,10
12.9916601181,80.2194595337,62829,62839,10
12.9919700623,80.2192230225,62839,62849,10
12.9925098419,80.218788147,62849,62859,10
12.9932003021,80.2183074951,62859,62869,10
12.9939899445,80.2177505493,62869,62879,10
12.9949903488,80.2170333862,62879,62889,10
12.9949903488,80.2170333862,62889,62899,10
12.9955196381,80.2167434692,62899,62910,11
12.9963197708,80.2165527344,62910,62920,10
12.9971504211,80.2164611816,62920,62930,10
12.9974298477,80.2162094116,62930,62940,10
12.9975004196,80.2161407471,62940,62951,11
12.9977502823,80.2159194946,62951,62962,11
12.9981603622,80.2155685425,62962,62972,10
12.9986200333,80.2151107788,62972,62982,10
12.9990797043,80.2147674561,62982,62991,9
12.9993600845,80.2145309448,62991,63002,11
12.9998397827,80.2141418457,63002,63011,9
13.0001602173,80.2138595581,63011,63022,11
13.0006599426,80.2133865356,63022,63033,11
13.0012998581,80.2128677368,63033,63043,10
13.0018796921,80.2124404907,63043,63053,10
13.0023403168,80.2121963501,63053,63063,10
13.0029296875,80.212059021,63063,63073,10
13.0034999847,80.2119369507,63073,63083,10
13.0036802292,80.2118225098,63083,63093,10
13.0037002563,80.21144104,63093,63103,10
13.0036497116,80.2108612061,63103,63113,10
13.0035800934,80.2102584839,63113,63123,10
13.0035400391,80.2096176147,63123,63133,10
13.0036401749,80.2089920044,63133,63144,11
13.0041399002,80.2086868286,63144,63154,10
13.0048599243,80.209022522,63154,63164,10
13.0057201385,80.2093887329,63164,63174,10
13.0064897537,80.2096481323,63174,63184,10
13.006819725,80.2097473145,63184,63194,10
13.0071201324,80.2098236084,63194,63224,30
13.0071201324,80.2098236084,63224,63234,10
13.007229805,80.2097702026,63234,63244,10
13.0074501038,80.2098083496,63244,63255,11
13.0078802109,80.2099227905,63255,63265,10
13.0081796646,80.2098388672,63265,63275,10
13.0080900192,80.2093963623,63275,63285,10
13.0079698563,80.208732605,63285,63295,10
13.0078201294,80.2078781128,63295,63305,10
13.0076704025,80.2070007324,63305,63315,10
13.0075902939,80.2062683105,63315,63325,10
13.0075302124,80.2057876587,63325,63335,10
13.007519722,80.2053985596,63335,63345,10
13.007519722,80.2049407959,63345,63355,10
13.0075101852,80.2044677734,63355,63366,11
13.0074596405,80.2039108276,63366,63376,10
13.0073795319,80.203163147,63376,63386,10
13.0069599152,80.2025527954,63386,63396,10
13.0065202713,80.202911377,63396,63406,10
13.0067596436,80.2033615112,63406,63416,10
13.0072603226,80.2035980225,63416,63426,10
13.007900238,80.203742981,63426,63436,10
13.0086803436,80.2037124634,63436,63446,10
13.0095901489,80.203666687,63446,63456,10
13.0106201172,80.2036590576,63456,63466,10
13.0117301941,80.2037734985,63466,63476,10
13.0127801895,80.2039794922,63476,63487,11
13.0136995316,80.204246521,63487,63503,16
13.0150203705,80.2047424316,63503,63515,12
13.0159597397,80.2050018311,63515,63523,8
13.0162401199,80.205039978,63523,63535,12
13.016579628,80.2049636841,63535,63544,9
13.01679039,80.205039978,63544,63555,11
13.0171499252,80.2054214478,63555,63565,10
13.0177297592,80.205581665,63565,63575,10
13.0182695389,80.2057723999,63575,63585,10
13.0186195374,80.2058563232,63585,63596,11
13.0187597275,80.2059402466,63596,63606,10
13.0192499161,80.2061462402,63606,63616,10
13.0199699402,80.2062606812,63616,63626,10
13.0207901001,80.206237793,63626,63636,10
13.0214796066,80.206237793,63636,63646,10
13.0218896866,80.2062835693,63646,63656,10
13.0225400925,80.2064285278,63656,63666,10
13.0233201981,80.2065505981,63666,63676,10
13.0241298676,80.2066726685,63676,63686,10
13.0243797302,80.2067108154,63686,63697,11
13.0247001648,80.20677948,63697,63707,10
13.025349617,80.2070007324,63707,63717,10
13.0261001587,80.2073364258,63717,63727,10
13.0268201828,80.2077713013,63727,63737,10
13.0275602341,80.2082214355,63737,63747,10
13.0283498764,80.2085571289,63747,63756,9
13.0290803909,80.208732605,63756,63767,11
13.0298404694,80.2088775635,63767,63787,20
13.0298404694,80.2088775635,63787,63797,10
13.0303602219,80.2090072632,63797,63808,11
13.0309896469,80.2091674805,63808,63818,10
13.0315198898,80.209312439,63818,63838,20
13.0315198898,80.209312439,63838,63848,10
13.0318202972,80.2093200684,63848,63858,10
13.0323095322,80.2094268799,63858,63868,10
13.0330495834,80.2096176147,63868,63878,10
13.0338001251,80.2098007202,63878,63888,10
13.0344896317,80.2099761963,63888,63898,10
13.0349903107,80.2101287842,63898,63908,10
13.0349998474,80.2105331421,63908,63924,16
13.0350103378,80.2111968994,63924,63937,13
13.0349998474,80.2112121582,63937,63947,10
13.0349798203,80.2112808228,63947,63957,10
13.0349502563,80.2115936279,63957,63967,10
13.0348997116,80.2120437622,63967,63977,10
13.0351800919,80.2122421265,63977,63987,10
13.0356798172,80.2122573853,63987,63997,10
13.0363397598,80.2123031616,63997,64007,10
13.0368499756,80.2123184204,64007,64017,10
13.0369901657,80.2123184204,64017,64028,11
13.0371704102,80.2123031616,64028,64038,10
13.0372800827,80.2122802734,64038,64048,10
13.0376796722,80.2122802734,64048,64058,10
13.0383396149,80.212272644,64058,64068,10
13.039059639,80.2122573853,64068,64078,10
13.0398101807,80.2122573853,64078,64088,10
13.0409898758,80.2122879028,64088,64098,10
13.0419998169,80.2122573853,64098,64108,10
13.042840004,80.2122421265,64108,64118,10
13.0439596176,80.2122192383,64118,64199,81
13.0439596176,80.2122192383,64199,64209,10
13.0442800522,80.2121429443,64209,64219,10
13.044670105,80.2121200562,64219,64229,10
13.0453596115,80.2121887207,64229,64239,10
13.0462198257,80.2121963501,64239,64249,10
13.0471000671,80.2121734619,64249,64259,10
13.0478801727,80.212097168,64259,64270,11
13.0485801697,80.2120132446,64270,64290,20
13.0485801697,80.2120132446,64290,64300,10
13.0488395691,80.2119064331,64300,64310,10
13.0492401123,80.2118988037,64310,64320,10
13.0494098663,80.2119064331,64320,64330,10
13.0495195389,80.2119064331,64330,64340,10
13.0498199463,80.2118606567,64340,64350,10
13.0501499176,80.2118835449,64350,64360,10
13.0506296158,80.2119522095,64360,64370,10
13.0511302948,80.2119369507,64370,64381,11
13.052189827,80.2118988037,64381,64391,10
13.0530796051,80.211730957,64391,64401,10
13.0542898178,80.2114334106,64401,64421,20
13.0542898178,80.2114334106,64421,64431,10
13.0547304153,80.21144104,64431,64441,10
13.0552501678,80.21144104,64441,64451,10
13.0559396744,80.2114334106,64451,64461,10
13.0566902161,80.2113800049,64461,64471,10
13.0573701859,80.2113571167,64471,64482,11
13.057390213,80.2113494873,64482,64492,10
13.0574998856,80.2113494873,64492,64502,10
13.0579099655,80.2113418579,64502,64512,10
13.0585603714,80.2114028931,64512,64522,10
13.0592699051,80.2114181519,64522,64532,10
13.0601196289,80.211479187,64532,64542,10
13.0610904694,80.2115402222,64542,64552,10
13.0618600845,80.2116012573,64552,64562,10
13.0629901886,80.2115478516,64562,64582,20
13.0629901886,80.2115478516,64582,64591,9
13.0631198883,80.211479187,64591,64603,12
13.0636301041,80.2114181519,64603,64613,10
13.0642795563,80.2113494873,64613,64623,10
13.0649595261,80.2110595703,64623,64633,10
13.0656900406,80.2105789185,64633,64643,10
13.0663995743,80.2099990845,64643,64653,10
13.0669698715,80.2094268799,64653,64663,10
13.0674104691,80.2086105347,64663,64673,10
13.0678195953,80.2078475952,64673,64683,10
13.0683202744,80.2071380615,64683,64693,10
13.068810463,80.2064437866,64693,64704,11
13.069270134,80.2057571411,64704,64714,10
13.0694599152,80.2054290771,64714,64724,10
13.0694704056,80.2054214478,64724,64734,10
13.069560051,80.2052612305,64734,64750,16
13.0694103241,80.2048416138,64750,64762,12
13.0690803528,80.2053527832,64762,64770,8
13.0687398911,80.205291748,64770,64834,64
13.0687398911,80.205291748,64834,64843,9
13.0683403015,80.2051391602,64843,66623,1780
13.0683403015,80.2051391602,66623,66633,10
13.0680103302,80.2050018311,66633,66643,10
13.0680198669,80.2049789429,66643,66653,10
13.0682601929,80.2049179077,66653,66754,101
13.0682601929,80.2049179077,66754,66764,10
13.0683603287,80.2049484253,66764,66774,10
13.0684995651,80.2048721313,66774,66784,10
13.0687198639,80.2047729492,66784,66794,10
13.0690002441,80.2047119141,66794,66804,10
13.0693101883,80.2047271729,66804,66814,10
13.0696401596,80.204788208,66814,66865,51
13.0696401596,80.204788208,66865,66875,10
13.0697097778,80.204826355,66875,66885,10
13.0698003769,80.2051467896,66885,66895,10
13.0695199966,80.2055892944,66895,66905,10
13.0691099167,80.2062301636,66905,66914,9
13.0686702728,80.2069396973,66914,66925,11
13.0680503845,80.2079391479,66925,66935,10
13.0676898956,80.2085189819,66935,66946,11
13.0673999786,80.2089920044,66946,66956,10
13.0669803619,80.2096176147,66956,66966,10
13.0662403107,80.2102432251,66966,66976,10
13.0654802322,80.2108688354,66976,66986,10
13.0651197433,80.2111434937,66986,66996,10
13.0647201538,80.2113418579,66996,67006,10
13.0640096664,80.2115707397,67006,67016,10
13.0632801056,80.2116622925,67016,67026,10
13.0624399185,80.2116928101,67026,67035,9
13.0618000031,80.2117614746,67035,67047,12
13.0606002808,80.2116088867,67047,67055,8
13.0596904755,80.2115936279,67055,67067,12
13.0587396622,80.2115631104,67067,67077,10
13.0583896637,80.2115631104,67077,67087,10
13.0579299927,80.2115478516,67087,67097,10
13.057299614,80.2115478516,67097,67107,10
13.0565004349,80.2115402222,67107,67117,10
13.0555400848,80.2115097046,67117,67127,10
13.0544700623,80.2115020752,67127,67137,10
13.0535202026,80.2116928101,67137,67147,10
13.0526103973,80.2119293213,67147,67157,10
13.0520601273,80.212097168,67157,67168,11
13.0513496399,80.2121429443,67168,67178,10
13.0501403809,80.212097168,67178,67256,78
13.0501403809,80.212097168,67256,67266,10
13.0497903824,80.2121200562,67266,67277,11
13.0495195389,80.2121582031,67277,67287,10
13.0494699478,80.2121582031,67287,67297,10
13.0491304398,80.2121276855,67297,67307,10
13.0485801697,80.2121429443,67307,67317,10
13.0478897095,80.2121887207,67317,67327,10
13.0471897125,80.2122497559,67327,67336,9
13.0462799072,80.212272644,67336,67347,11
13.0452098846,80.2123184204,67347,67357,10
13.0444602966,80.212348938,67357,67367,10
13.0438098907,80.212348938,67367,67377,10
13.0430402756,80.2123336792,67377,67387,10
13.042140007,80.2123184204,67387,67398,11
13.0412101746,80.2123413086,67398,67408,10
13.0402002335,80.2123413086,67408,67418,10
13.0392999649,80.2123184204,67418,67428,10
13.0379695892,80.2124099731,67428,67479,51
13.0379695892,80.2124099731,67479,67491,12
13.0377502441,80.2124099731,67491,67502,11
13.0372896194,80.2123794556,67502,67512,10
13.0366697311,80.2123718262,67512,67521,9
13.0359201431,80.2123413086,67521,67532,11
13.0354795456,80.2123184204,67532,67542,10
13.0351495743,80.2123031616,67542,67552,10
13.0348596573,80.2122421265,67552,67562,10
13.0345802307,80.2121810913,67562,67571,9
13.0345697403,80.2121810913,67571,67581,10
13.0344200134,80.2121887207,67581,67591,10
13.0340595245,80.2121124268,67591,67602,11
13.0336799622,80.2120513916,67602,67613,11
13.033200264,80.2119827271,67613,67623,10
13.0325603485,80.2118301392,67623,67633,10
13.0319900513,80.2116928101,67633,67643,10
13.0319404602,80.2111663818,67643,67653,10
13.0319595337,80.2104873657,67653,67663,10
13.0320100784,80.2098770142,67663,67673,10
13.0319499969,80.2096405029,67673,67683,10
13.031539917,80.2095031738,67683,67693,10
13.0308303833,80.2092666626,67693,67703,10
13.0301399231,80.2090606689,67703,67713,10
13.0298700333,80.2089767456,67713,67724,11
13.029540062,80.2088623047,67724,67734,10
13.0288696289,80.2087020874,67734,67744,10
13.0279798508,80.2084503174,67744,67754,10
13.0270795822,80.2079467773,67754,67764,10
13.0261297226,80.207359314,67764,67774,10
13.0250301361,80.206993103,67774,67775,1
13.0249099731,80.2069702148,67775,67776,1
13.0248003006,80.2069396973,67776,67827,51
13.0215997696,80.2063827515,67827,67837,10
13.0204896927,80.2063674927,67837,67848,11
13.0193901062,80.2063598633,67848,67868,20
13.0193901062,80.2063598633,67868,67878,10
13.0190601349,80.2062835693,67878,67888,10
13.0185699463,80.2060928345,67888,67898,10
13.0178499222,80.205871582,67898,67908,10
13.0173196793,80.2056427002,67908,67920,12
13.0168800354,80.2055969238,67920,67930,10
13.0158195496,80.205078125,67930,67940,10
13.014840126,80.2047576904,67940,67950,10
13.0138702393,80.2043762207,67950,67961,11
13.0135097504,80.2045974731,67961,67971,10
13.0133695602,80.205039978,67971,67981,10
13.0131702423,80.2056884766,67981,67991,10
13.0129995346,80.2064590454,67991,68001,10
13.0129098892,80.2074584961,68001,68011,10
13.012840271,80.207862854,68011,68021,10
13.0128097534,80.2083587646,68021,68031,10
13.0128297806,80.208732605,68031,68041,10
13.0129098892,80.2092590332,68041,68052,11
13.0131397247,80.2099075317,68052,68061,9
13.0130500793,80.2105102539,68061,68072,11
13.0127401352,80.2113189697,68072,68082,10
13.0123996735,80.2119293213,68082,68091,9
13.0120296478,80.2124710083,68091,68102,11
13.0117998123,80.2127838135,68102,68112,10
13.0115499496,80.212638855,68112,68122,10
13.0111598969,80.2123031616,68122,68132,10
13.0105695724,80.2118225098,68132,68142,10
13.0100698471,80.2114334106,68142,68183,41
13.0100698471,80.2114334106,68183,68193,10
13.0097398758,80.2111816406,68193,68243,50
13.0097398758,80.2111816406,68243,68253,10
13.0094299316,80.2109298706,68253,68263,10
13.0094203949,80.2109222412,68263,68274,11
13.0092401505,80.2110671997,68274,68284,10
13.0090904236,80.2113037109,68284,68294,10
13.0089902878,80.2115936279,68294,68304,10
13.0090999603,80.2119979858,68304,68314,10
13.0093002319,80.2125930786,68314,68324,10
13.0095500946,80.2132415771,68324,68334,10
13.0098400116,80.2139282227,68334,68344,10
13.0100898743,80.2146072388,68344,68354,10
13.0101900101,80.215423584,68354,68364,10
13.0105104446,80.2163009644,68364,68374,10
13.0109596252,80.2172470093,68374,68384,10
13.0113801956,80.2183532715,68384,68395,11
13.0117797852,80.2195205688,68395,68405,10
13.0120801926,80.220489502,68405,68415,10
13.012339592,80.2212677002,68415,68425,10
13.0125398636,80.2217102051,68425,68441,16
13.0132198334,80.2226333618,68441,68453,12
13.0137996674,80.2232818604,68453,68463,10
13.0142698288,80.2238235474,68463,68473,10
13.0148000717,80.2244186401,68473,68482,9
13.015130043,80.2248001099,68482,68493,11
13.015370369,80.2251281738,68493,68503,10
13.0154600143,80.2253112793,68503,68513,10
13.015370369,80.2255783081,68513,68524,11
13.0149297714,80.2258834839,68524,68534,10
13.0142498016,80.2261123657,68534,68544,10
13.0136003494,80.2263870239,68544,68554,10
13.0129098892,80.2266387939,68554,68564,10
13.0122203827,80.2269210815,68564,68574,10
13.0113897324,80.2272491455,68574,68584,10
13.0104503632,80.2276229858,68584,68594,10
13.0096998215,80.2278594971,68594,68604,10
13.0094995499,80.2274017334,68604,68614,10
13.0097799301,80.2268218994,68614,68625,11
13.0101299286,80.2259979248,68625,68635,10
13.0103902817,80.2253494263,68635,68645,10
13.0105800629,80.2249298096,68645,68655,10
13.0106801987,80.2246398926,68655,68665,10
13.0108995438,80.2240600586,68665,68675,10
13.0111999512,80.2234191895,68675,68685,10
13.0111198425,80.2231216431,68685,68695,10
13.0108299255,80.2229614258,68695,68705,10
13.0104398727,80.2227706909,68705,68715,10
13.0099401474,80.2224578857,68715,68726,11
13.0092601776,80.2220687866,68726,68736,10
13.0085802078,80.2217025757,68736,68746,10
13.0078496933,80.2212982178,68746,68756,10
13.0071001053,80.2209396362,68756,68766,10
13.0063295364,80.2206115723,68766,68776,10
13.0054502487,80.2203979492,68776,68786,10
13.0047798157,80.2202301025,68786,68796,10
13.0044898987,80.2201766968,68796,68806,10
13.0038099289,80.2200088501,68806,68816,10
13.0031604767,80.2198486328,68816,68826,10
13.0024595261,80.2194976807,68826,68836,10
13.0018796921,80.2189102173,68836,68847,11
13.0013399124,80.2184371948,68847,68857,10
13.0007400513,80.2180175781,68857,68867,10
13.0000801086,80.2176132202,68867,68877,10
12.9994297028,80.2171707153,68877,68886,9
12.998840332,80.2168807983,68886,68895,9
12.9982500076,80.2166213989,68895,68907,12
12.9977197647,80.2165222168,68907,68927,20
12.9977197647,80.2165222168,68927,68937,10
12.9974899292,80.216468811,68937,68947,10
12.997179985,80.2164764404,68947,68958,11
12.996629715,80.2164916992,68958,68968,10
12.9961204529,80.2165374756,68968,68978,10
12.9956197739,80.2166900635,68978,68988,10
12.995349884,80.2167816162,68988,68998,10
12.9952402115,80.2168426514,68998,69008,10
12.9949903488,80.2170028687,69008,69018,10
12.994600296,80.2172927856,69018,69028,10
12.9941596985,80.2176437378,69028,69038,10
12.9939002991,80.2178421021,69038,69048,10
12.9934797287,80.2181167603,69048,69059,11
12.9928302765,80.2185821533,69059,69069,10
12.9921398163,80.219078064,69069,69079,10
12.9918804169,80.21925354,69079,69089,10
12.9917097092,80.2193222046,69089,69099,10
12.9914999008,80.2194976807,69099,69109,10
12.9910802841,80.219367981,69109,69119,10
12.9904098511,80.2191467285,69119,69129,10
12.9895496368,80.2188720703,69129,69139,10
12.9886398315,80.218536377,69139,69149,10
12.9877796173,80.2183609009,69149,69159,10
12.9871902466,80.2182693481,69159,69170,11
12.9868402481,80.218208313,69170,69180,10
12.9867401123,80.2181930542,69180,69190,10
12.9863300323,80.2180786133,69190,69200,10
12.985619545,80.2179031372,69200,69210,10
12.9846696854,80.2178878784,69210,69220,10
12.9839096069,80.2179031372,69220,69230,10
12.9837703705,80.2179107666,69230,69240,10
12.9833803177,80.217918396,69240,69250,10
12.9827003479,80.2179031372,69250,69260,10
12.9818696976,80.2179031372,69260,69270,10
12.9809703827,80.2181091309,69270,69281,11
12.9800300598,80.218421936,69281,69291,10
12.9793996811,80.2186965942,69291,69301,10
12.9787797928,80.2189331055,69301,69310,9
12.9784603119,80.2190933228,69310,69321,11
12.9778795242,80.219329834,69321,69331,10
12.9770002365,80.2197036743,69331,69341,10
12.9762802124,80.2200164795,69341,69351,10
12.9759502411,80.2201919556,69351,69492,141
12.9759502411,80.2201919556,69492,69502,10
12.9755096436,80.2203826904,69502,69513,11
12.9755096436,80.2207870483,69513,69523,10
12.9761600494,80.221572876,69523,69553,30
12.9761600494,80.221572876,69553,69563,10
12.9763698578,80.221862793,69563,69573,10
12.9766197205,80.2223205566,69573,69583,10
12.9770097733,80.2229309082,69583,69593,10
12.9774904251,80.2236785889,69593,69603,10
12.9779500961,80.2244033813,69603,69614,11
12.9783601761,80.2250823975,69614,69624,10
12.9787197113,80.2256469727,69624,69634,10
12.979180336,80.2264175415,69634,69644,10
12.9794101715,80.2267990112,69644,69654,10
12.979640007,80.2271728516,69654,69664,10
12.9799604416,80.227722168,69664,69674,10
12.9803304672,80.2283630371,69674,69684,10
12.9806995392,80.2290267944,69684,69694,10
12.9810199738,80.2295532227,69694,69704,10
12.9813604355,80.2300262451,69704,69714,10
12.9816398621,80.2304382324,69714,69724,10
12.9816999435,80.2305831909,69724,69735,11
12.9818897247,80.231086731,69735,69745,10
12.9819898605,80.2317581177,69745,69761,16
12.9818897247,80.2326583862,69761,69773,12
12.9816598892,80.2332229614,69773,69781,8
12.9815702438,80.2334136963,69781,69793,12
12.9814996719,80.2335510254,69793,69803,10
12.9812803268,80.2340164185,69803,69813,10
12.9811601639,80.2347335815,69813,69822,9
12.9811697006,80.235496521,69822,69833,11
12.9812097549,80.2365264893,69833,69843,10
12.9812402725,80.2374191284,69843,69854,11
12.9812602997,80.2382278442,69854,69864,10
12.9812602997,80.2385635376,69864,69874,10
12.9812602997,80.2388381958,69874,69884,10
12.9812698364,80.2393417358,69884,69894,10
12.981300354,80.2399673462,69894,69904,10
12.9813203812,80.2406921387,69904,69914,10
12.9813203812,80.2412719727,69914,69924,10
12.9813404083,80.2420806885,69924,69934,10
12.9813699722,80.242477417,69934,69944,10
12.9813299179,80.2429504395,69944,69954,10
12.9813098907,80.2436294556,69954,69965,11
12.9811601639,80.2445373535,69965,69975,10
12.981010437,80.2454833984,69975,69985,10
12.9808702469,80.2464904785,69985,69995,10
12.9807596207,80.2475204468,69995,70005,10
12.9806900024,80.2485961914,70005,70015,10
12.9805803299,80.249671936,70015,70025,10
12.9803600311,80.2506866455,70025,70035,10
12.980099678,80.2516708374,70035,70045,10
12.9800100327,80.2521514893,70045,70055,10
12.9799995422,80.2522964478,70055,70066,11
12.9801197052,80.2525024414,70066,70076,10
12.980340004,80.252571106,70076,70086,10
12.9808101654,80.2525482178,70086,70096,10
12.9815502167,80.252532959,70096,70106,10
12.9824695587,80.2525100708,70106,70115,9
12.983420372,80.2524032593,70115,70126,11
12.9846000671,80.2520599365,70126,70136,10
12.98554039,80.2517700195,70136,70146,10
12.9862003326,80.2516021729,70146,70187,41
12.9862003326,80.2516021729,70187,70197,10
12.9866695404,80.2515182495,70197,70207,10
12.9871196747,80.2514038086,70207,70217,10
12.9874296188,80.2513198853,70217,70227,10
12.9877300262,80.2513198853,70227,70237,10
12.9878997803,80.2517089844,70237,70247,10
12.9879598618,80.2523422241,70247,70257,10
12.9878702164,80.253112793,70257,70267,10
12.9877996445,80.2537384033,70267,70277,10
12.9877099991,80.2545700073,70277,70388,111
12.9877004623,80.2548217773,70388,70409,21
12.9877004623,80.2548217773,70409,70419,10
12.9876699448,80.2548522949,70419,70429,10
12.9876298904,80.2550582886,70429,70439,10
12.9876003265,80.2553863525,70439,70449,10
12.9875402451,80.2558135986,70449,70459,10
12.9875001907,80.2563018799,70459,70469,10
12.9874696732,80.256652832,70469,70479,10
12.9874200821,80.2571563721,70479,70489,10
12.9873895645,80.2578125,70489,70499,10
12.9873399734,80.2584228516,70499,70509,10
12.9872903824,80.2588577271,70509,70550,41
12.9872903824,80.2588577271,70550,70560,10
12.9871702194,80.2593536377,70560,70610,50
12.9871702194,80.2593536377,70610,70621,11
12.9871501923,80.2594985962,70621,70631,10
12.987039566,80.2595214844,70631,70641,10
12.9869003296,80.2594833374,70641,70651,10
12.9866600037,80.259437561,70651,70661,10
12.9865198135,80.2592163086,70661,70671,10
12.9868202209,80.2590026855,70671,70812,141
12.9868202209,80.2590026855,70812,70822,10
12.9872198105,80.2591171265,70822,70832,10
12.9872903824,80.2589111328,70832,70842,10
12.9873104095,80.2585601807,70842,70853,11
12.9873399734,80.2582626343,70853,70863,10
12.9873600006,80.258140564,70863,70873,10
12.9873600006,80.2580337524,70873,70883,10
12.9873895645,80.2578430176,70883,70893,10
12.9874200821,80.2574996948,70893,70953,60
12.9874200821,80.2574996948,70953,70964,11
12.9874401093,80.257270813,70964,71153,189
12.9874401093,80.257270813,71153,71163,10
12.9875202179,80.2566604614,71163,71173,10
12.9875802994,80.2561721802,71173,71184,11
12.987569809,80.2557678223,71184,71194,10
12.9876699448,80.2553863525,71194,71204,10
12.9876899719,80.2549209595,71204,71214,10
12.9876899719,80.2548675537,71214,71224,10
12.9877099991,80.2544631958,71224,71234,10
12.987739563,80.2538299561,71234,71244,10
12.9877500534,80.2533569336,71244,71274,30
12.9877500534,80.2533569336,71274,71284,10
12.9877996445,80.2532119751,71284,71294,10
12.9877996445,80.2527618408,71294,71305,11
12.9878196716,80.2520370483,71305,71315,10
12.9876499176,80.2515716553,71315,71325,10
12.9874200821,80.2515487671,71325,71335,10
12.9868497849,80.2516174316,71335,71345,10
12.9861898422,80.2517700195,71345,71355,10
12.9853401184,80.2519836426,71355,71365,10
12.9843502045,80.2522735596,71365,71375,10
12.9832801819,80.2525177002,71375,71385,10
12.982170105,80.2526168823,71385,71395,10
12.9810695648,80.2526397705,71395,71406,11
12.9801101685,80.2526626587,71406,71416,10
12.9798698425,80.2523269653,71416,71426,10
12.9798898697,80.2521972656,71426,71436,10
12.9799203873,80.2520980835,71436,71446,10
12.9799604416,80.2518234253,71446,71456,10
12.9801397324,80.2513580322,71456,71466,10
12.9803495407,80.2506790161,71466,71476,10
12.9805402756,80.2499008179,71476,71486,10
12.9806804657,80.2490234375,71486,71496,10
12.9807500839,80.2480621338,71496,71507,11
12.9808502197,80.2469100952,71507,71517,10
12.9809503555,80.2458572388,71517,71527,10
12.9810800552,80.2448196411,71527,71537,10
12.9811401367,80.2438430786,71537,71546,9
12.9812498093,80.243560791,71546,71557,11
12.981300354,80.2432785034,71557,71567,10
12.9813098907,80.2427902222,71567,71587,20
12.9813098907,80.2427902222,71587,71597,10
12.9813203812,80.2424468994,71597,71607,10
12.9813098907,80.2418823242,71607,71617,10
12.9813203812,80.2411270142,71617,71627,10
12.9813098907,80.2403030396,71627,71638,11
12.9812898636,80.2394638062,71638,71648,10
12.9812602997,80.2387466431,71648,71658,10
12.9812402725,80.2380218506,71658,71668,10
12.9812498093,80.2378311157,71668,71678,10
12.9812297821,80.2376708984,71678,71688,10
12.9812297821,80.2375564575,71688,71698,10
12.9812202454,80.2371520996,71698,71708,10
12.9812002182,80.2364807129,71708,71718,10
12.981180191,80.2356872559,71718,71728,10
12.9811601639,80.2348480225,71728,71738,10
12.9812602997,80.2340164185,71738,71749,11
12.9814395905,80.2336196899,71749,71759,10
12.9814996719,80.2334823608,71759,71769,10
12.9815998077,80.2332763672,71769,71789,20
12.9815998077,80.2332763672,71789,71799,10
12.9817800522,80.2329483032,71799,71809,10
12.9819202423,80.2325210571,71809,71819,10
12.9819498062,80.2320480347,71819,71829,10
12.9819202423,80.2314682007,71829,71839,10
12.9818096161,80.2310333252,71839,71850,11
12.9815998077,80.2305908203,71850,71860,10
12.9812803268,80.2300491333,71860,71870,10
12.9809303284,80.2294769287,71870,71880,10
12.9808101654,80.2292633057,71880,71890,10
12.9806604385,80.2290725708,71890,71900,10
12.9806604385,80.229057312,71900,71910,10
12.980629921,80.2289581299,71910,71920,10
12.9804601669,80.2286987305,71920,71930,10
12.9802503586,80.2282791138,71930,71940,10
12.9800395966,80.227897644,71940,71950,10
12.9797000885,80.2273483276,71950,71960,10
12.9793395996,80.2267532349,71960,71971,11
12.9790296555,80.2262191772,71971,71981,10
12.978679657,80.2256622314,71981,71991,10
12.9783000946,80.2250366211,71991,72001,10
12.9779500961,80.2245178223,72001,72011,10
12.9777402878,80.2241973877,72011,72021,10
12.9774904251,80.2237930298,72021,72031,10
12.9771995544,80.2232971191,72031,72040,9
12.9769496918,80.2229003906,72040,72051,11
12.9767398834,80.2225723267,72051,72061,10
12.9764795303,80.2221374512,72061,72071,10
12.9761695862,80.2216567993,72071,72082,11
12.9760904312,80.2215499878,72082,72092,10
12.9759197235,80.2213363647,72092,72102,10
12.9756603241,80.2210388184,72102,72122,20
12.9755802155,80.2209320068,72122,72162,40
12.9754600525,80.2208328247,72162,72182,20
12.9753904343,80.2207565308,72182,72223,41
12.9753904343,80.2207565308,72223,72233,10
12.9752902985,80.2205581665,72233,72253,20
12.9752902985,80.2205581665,72253,72263,10
12.9755401611,80.2203216553,72263,72273,10
12.9758300781,80.2201385498,72273,72283,10
12.9763402939,80.2198867798,72283,72294,11
12.977060318,80.2195968628,72294,72304,10
12.9777498245,80.2192993164,72304,72314,10
12.9784402847,80.2190170288,72314,72324,10
12.9788198471,80.2188873291,72324,72334,10
12.9793996811,80.2186737061,72334,72344,10
12.9799604416,80.2184371948,72344,72354,10
12.9802904129,80.2182998657,72354,72370,16
12.9809799194,80.2180786133,72370,72382,12
12.9818000793,80.2178573608,72382,72390,8
12.9821996689,80.2178192139,72390,72401,11
12.9824304581,80.2178192139,72401,72413,12
12.983039856,80.2178192139,72413,72423,10
12.9837503433,80.2177963257,72423,72453,30
12.9837503433,80.2177963257,72453,72463,10
12.984000206,80.2178268433,72463,72473,10
12.9844198227,80.2177886963,72473,72483,10
12.9850702286,80.2177886963,72483,72493,10
12.9858798981,80.217880249,72493,72503,10
12.9872999191,80.218170166,72503,72524,21
12.9872999191,80.218170166,72524,72534,10
12.987660408,80.2182693481,72534,72544,10
12.9881401062,80.2183990479,72544,72554,10
12.9888095856,80.2185897827,72554,72564,10
12.9895601273,80.2188262939,72564,72574,10
12.9903697968,80.2191085815,72574,72584,10
12.9912900925,80.2193832397,72584,72594,10
12.9918203354,80.219291687,72594,72604,10
12.9923400879,80.2188873291,72604,72613,9
12.9928798676,80.21849823,72613,72625,12
12.9936599731,80.2179107666,72625,72635,10
12.9941797256,80.2175216675,72635,72645,10
12.994509697,80.2172622681,72645,72655,10
12.9947900772,80.217048645,72655,72665,10
12.9951200485,80.2168502808,72665,72675,10
12.9956903458,80.2166290283,72675,72685,10
12.9963598251,80.2164916992,72685,72695,10
12.9967498779,80.2164382935,72695,72705,10
12.9969501495,80.2164382935,72705,72715,10
12.9974403381,80.2161102295,72715,72735,20
12.9974403381,80.2161102295,72735,72746,11
12.9976596832,80.2158813477,72746,72756,10
12.9980401993,80.2155532837,72756,72766,10
12.9985399246,80.2150802612,72766,72776,10
12.9990501404,80.2146530151,72776,72786,10
12.999250412,80.2144927979,72786,72796,10
12.9996500015,80.2141494751,72796,72806,10
13.0000095367,80.2138824463,72806,72815,9
13.0003700256,80.2135467529,72815,72825,10
13.000869751,80.2130889893,72825,72836,11
13.0014200211,80.2126464844,72836,72846,10
13.001999855,80.2122879028,72846,72857,11
13.0025196075,80.2120666504,72857,72867,10
13.0029497147,80.2120285034,72867,72877,10
13.0034999847,80.2119674683,72877,72887,10
13.0036001205,80.2118988037,72887,72897,10
13.0036697388,80.2118225098,72897,72907,10
13.0036802292,80.2115097046,72907,72917,10
13.0036296844,80.2109375,72917,72927,10
13.0035495758,80.2103118896,72927,72937,10
13.003490448,80.2096481323,72937,72947,10
13.0036096573,80.2089385986,72947,72958,11
13.0041599274,80.208656311,72958,72968,10
13.0050401688,80.2090606689,72968,72978,10
13.005979538,80.2094573975,72978,72988,10
13.0067396164,80.2097167969,72988,72998,10
13.0072698593,80.209777832,72998,73028,30
13.0072698593,80.209777832,73028,73038,10
13.0074901581,80.2098388672,73038,73048,10
13.0078802109,80.2099304199,73048,73058,10
13.0081396103,80.2097930908,73058,73069,11
13.0080299377,80.2092590332,73069,73079,10
13.0079097748,80.2085418701,73079,73089,10
13.0077800751,80.2077178955,73089,73099,10
13.0076398849,80.2068023682,73099,73109,10
13.007519722,80.2058410645,73109,73119,10
13.0074796677,80.205039978,73119,73129,10
13.0074796677,80.2044525146,73129,73139,10
13.0074596405,80.2038803101,73139,73149,10
13.0073204041,80.2031021118,73149,73159,10
13.0068998337,80.2024993896,73159,73169,10
13.0065097809,80.2028503418,73169,73180,11
13.0067796707,80.2033233643,73180,73190,10
13.007229805,80.2035522461,73190,73200,10
13.0078401566,80.2036819458,73200,73210,10
13.0086402893,80.2036514282,73210,73220,10
13.0096502304,80.2035675049,73220,73230,10
13.0107603073,80.2035827637,73230,73240,10
13.0119199753,80.2037277222,73240,73250,10
13.0129995346,80.203956604,73250,73260,10
13.0139198303,80.2042922974,73260,73277,17
13.0154895782,80.2047805786,73277,73289,12
13.0163297653,80.2049636841,73289,73298,9
13.0169200897,80.205039978,73298,73310,12
13.0178899765,80.2056121826,73310,73320,10
13.0184202194,80.2058029175,73320,73330,10
13.0184602737,80.2058029175,73330,73340,10
13.0185899734,80.2058105469,73340,73350,10
13.0189800262,80.2059936523,73350,73360,10
13.0196304321,80.2061767578,73360,73370,10
13.0203304291,80.2062225342,73370,73379,9
13.0211496353,80.2062301636,73379,73390,11
13.0214500427,80.2062225342,73390,73400,10
13.0218601227,80.2062606812,73400,73411,11
13.0224704742,80.2063980103,73411,73420,9
13.0231199265,80.2064971924,73420,73431,11
13.0239200592,80.2065582275,73431,73441,10
13.0240697861,80.2065505981,73441,73451,10
13.0243196487,80.2065887451,73451,73461,10
13.0248298645,80.2067337036,73461,73471,10
13.0256500244,80.20703125,73471,73481,10
13.0264101028,80.2074813843,73481,73491,10
13.0272197723,80.2079772949,73491,73501,10
13.0280303955,80.2084197998,73501,73511,10
13.028960228,80.208656311,73511,73522,11
13.0297603607,80.2088470459,73522,73532,10
13.0305404663,80.2090835571,73532,73542,10
13.0312900543,80.2092819214,73542,73552,10
13.0314302444,80.2093582153,73552,73562,10
13.0314598083,80.2094192505,73562,73572,10
13.0318202972,80.2094497681,73572,73582,10
13.0325202942,80.2096099854,73582,73592,10
13.0333003998,80.2097625732,73592,73602,10
13.0341396332,80.2099609375,73602,73612,10
13.0349302292,80.2101135254,73612,73622,10
13.0349798203,80.2106018066,73622,73632,10
13.0350103378,80.2111434937,73632,73653,21
13.0350103378,80.2111434937,73653,73663,10
13.0349397659,80.2114334106,73663,73673,10
13.0348796844,80.2117996216,73673,73683,10
13.0350399017,80.2121429443,73683,73693,10
13.0354995728,80.2121887207,73693,73703,10
13.036239624,80.2122192383,73703,73713,10
13.0370397568,80.2122192383,73713,73723,10
13.0376901627,80.2122192383,73723,73733,10
13.0383195877,80.2121963501,73733,73744,11
13.0392999649,80.2121505737,73744,73754,10
13.040309906,80.2122116089,73754,73764,10
13.0413303375,80.2121963501,73764,73774,10
13.0424404144,80.2121963501,73774,73784,10
13.0436897278,80.2121963501,73784,73814,30
13.0436897278,80.2121963501,73814,73824,10
13.043970108,80.2121582031,73824,73834,10
13.0443897247,80.2121810913,73834,73845,11
13.0450201035,80.2121963501,73845,73855,10
13.0457601547,80.2121734619,73855,73865,10
13.046500206,80.2121734619,73865,73875,10
13.0470895767,80.2121582031,73875,73885,10
13.0476903915,80.2120666504,73885,73895,10
13.0482997894,80.212020874,73895,73905,10
13.0486803055,80.2119293213,73905,73915,10
13.0486803055,80.2119216919,73915,73925,10
13.0487804413,80.2118606567,73925,73935,10
13.0493803024,80.2118530273,73935,73955,20
13.0493803024,80.2118530273,73955,73965,10
13.0498199463,80.2118530273,73965,73976,11
13.0501804352,80.2118835449,73976,73992,16
13.0509300232,80.2118682861,73992,74004,12
13.0520496368,80.2118988037,74004,74014,10
13.0528297424,80.2117233276,74014,74022,8
13.0539197922,80.2114562988,74022,74034,12
13.0550298691,80.2113571167,74034,74044,10
13.0560703278,80.2113494873,74044,74054,10
13.0570898056,80.2113571167,74054,74064,10
13.0576295853,80.2113189697,74064,74074,10
13.0579595566,80.2113113403,74074,74085,11
13.0586795807,80.2113800049,74085,74095,10
13.059419632,80.2114181519,74095,74105,10
13.0601596832,80.2114715576,74105,74114,9
13.0609998703,80.211517334,74114,74125,11
13.0619602203,80.2116165161,74125,74135,10
13.0628900528,80.211517334,74135,74145,10
13.0632801056,80.2114181519,74145,74155,10
13.0634002686,80.2114028931,74155,74165,10
13.0638103485,80.2114028931,74165,74175,10
13.0643196106,80.2113418579,74175,74185,10
13.0650997162,80.2109680176,74185,74196,11
13.0658597946,80.2103805542,74196,74206,10
13.0665998459,80.2097473145,74206,74216,10
13.0672197342,80.2088775635,74216,74226,10
13.0678100586,80.2079696655,74226,74236,10
13.0684404373,80.2070007324,74236,74246,10
13.0690698624,80.2060394287,74246,74256,10
13.0696001053,80.2051010132,74256,74276,20
13.0696001053,80.2051010132,74276,74286,10
13.0696496964,80.2050018311,74286,74296,10
13.0695199966,80.2047576904,74296,74307,11
13.0692100525,80.2049026489,74307,74317,10
13.0689601898,80.2052688599,74317,74327,10
13.0687198639,80.2052612305,74327,74337,10
13.0685100555,80.2051315308,74337,74377,40
13.0685100555,80.2051315308,74377,74387,10
13.0682401657,80.2051391602,74387,75104,717
13.0679798126,80.2052993774,75104,75548,444
13.0679798126,80.2052993774,75548,75558,10
13.0681200027,80.2049636841,75558,75568,10
13.0682296753,80.2049331665,75568,75578,10
13.0684499741,80.2048568726,75578,75588,10
13.0687103271,80.2047576904,75588,75598,10
13.0689697266,80.2047271729,75598,75608,10
13.0691995621,80.2047195435,75608,75618,10
13.0695199966,80.2047805786,75618,75628,10
13.0698003769,80.2049102783,75628,75669,41
13.0698003769,80.2049102783,75669,75679,10
13.0698604584,80.2050170898,75679,75689,10
13.0697603226,80.2053222656,75689,75699,10
13.069439888,80.2057876587,75699,75709,10
13.0690202713,80.2064285278,75709,75719,10
13.0686101913,80.2070999146,75719,75729,10
13.0680799484,80.2079772949,75729,75740,11
13.06772995,80.2085189819,75740,75750,10
13.0675401688,80.2087631226,75750,75760,10
13.0672597885,80.2091903687,75760,75770,10
13.0668201447,80.2098007202,75770,75780,10
13.0662002563,80.2103729248,75780,75790,10
13.0655899048,80.2108764648,75790,75800,10
13.0650196075,80.2113189697,75800,75810,10
13.0643501282,80.2115936279,75810,75820,10
13.0638904572,80.2116699219,75820,75830,10
13.0634403229,80.2117462158,75830,75840,10
13.0628204346,80.2117996216,75840,75851,11
13.0622596741,80.2116165161,75851,75861,10
13.0615100861,80.2115936279,75861,75871,10
13.0604801178,80.2116470337,75871,75881,10
13.0596504211,80.211517334,75881,75891,10
13.0588798523,80.2115631104,75891,75901,10
13.0585403442,80.2116317749,75901,75911,10
13.0579595566,80.2115478516,75911,75921,10
13.0572099686,80.2115783691,75921,75931,10
13.0563602448,80.2115402222,75931,75941,10
13.0553798676,80.2115020752,75941,75951,10
13.0543899536,80.2115631104,75951,75961,10
13.0534200668,80.2117996216,75961,75971,10
13.0524702072,80.2120819092,75971,75982,11
13.051440239,80.2122573853,75982,75992,10
13.0509901047,80.2121963501,75992,76002,10
13.0509595871,80.2122116089,76002,76018,16
13.0505800247,80.2121887207,76018,76030,12
13.0499801636,80.2122421265,76030,76038,8
13.0499601364,80.2124328613,76038,76050,12
13.0500097275,80.2128677368,76050,76060,10
13.0500297546,80.2130126953,76060,76070,10
13.0501098633,80.2133789063,76070,76080,10
13.0502796173,80.2139892578,76080,76091,11
13.0504798889,80.2146224976,76091,76101,10
13.0502595901,80.2146606445,76101,76111,10
13.0498800278,80.2146377563,76111,76121,10
13.0496702194,80.214630127,76121,76131,10
13.049539566,80.2146224976,76131,76141,10
13.0492296219,80.21459198,76141,76151,10
13.0488004684,80.2145309448,76151,76161,10
13.0482902527,80.2144699097,76161,76171,10
13.0478496552,80.2143783569,76171,76181,10
13.0474996567,80.2143630981,76181,76192,11
13.046790123,80.2144393921,76192,76202,10
13.0460996628,80.2145614624,76202,76212,10
13.0453195572,80.2147064209,76212,76222,10
13.0446395874,80.2147369385,76222,76232,10
13.0445404053,80.2145309448,76232,76242,10
13.0445098877,80.2140274048,76242,76252,10
13.0444498062,80.2134628296,76252,76262,10
13.0444202423,80.2131576538,76262,76272,10
13.0444297791,80.2128601074,76272,76282,10
13.0444202423,80.2124786377,76282,76292,10
13.0446195602,80.2122573853,76292,76302,10
13.0451402664,80.2122497559,76302,76313,11
13.0458803177,80.2122192383,76313,76323,10
13.0465402603,80.2122116089,76323,76333,10
13.0470199585,80.2121887207,76333,76353,20
13.0470199585,80.2121887207,76353,76363,10
13.0470695496,80.2119293213,76363,76373,10
13.0470199585,80.2115478516,76373,76383,10
13.0470104218,80.2110977173,76383,76393,10
13.0471000671,80.2107620239,76393,76404,11
13.0474796295,80.2107696533,76404,76414,10
13.04804039,80.2107772827,76414,76424,10
13.0486698151,80.2108001709,76424,76434,10
13.049079895,80.2108230591,76434,76444,10
13.049249649,80.2108230591,76444,76454,10
13.0493602753,80.2108306885,76454,76464,10
13.049659729,80.2108230591,76464,76474,10
13.0497198105,80.2105407715,76474,76484,10
13.0496797562,80.2100601196,76484,76494,10
13.0496101379,80.2095031738,76494,76504,10
13.0495195389,80.2089920044,76504,76514,10
13.0493803024,80.208480835,76514,76524,10
13.0491895676,80.2079162598,76524,76535,11
13.0489997864,80.2073822021,76535,76545,10
13.0488901138,80.207069397,76545,76555,10
13.0488595963,80.2068481445,76555,76565,10
13.0490198135,80.2067565918,76565,76575,10
13.049249649,80.206741333,76575,76585,10
13.0495004654,80.2067565918,76585,76601,16
13.0503902435,80.2069015503,76601,76765,164
13.0503902435,80.2069015503,76765,76775,10
13.0507698059,80.2068634033,76775,76785,10
13.0509195328,80.2070617676,76785,76805,20
13.0509195328,80.2070617676,76805,76815,10
13.0507497787,80.2070236206,76815,76936,121
13.0506401062,80.2071533203,76936,77017,81
13.0506401062,80.2071533203,77017,77027,10
13.0504598618,80.2069778442,77027,77037,10
13.0506801605,80.2066574097,77037,77047,10
13.0506896973,80.2062835693,77047,77057,10
13.0507497787,80.2060623169,77057,78337,1280
13.0507602692,80.2061767578,78337,81275,2938
13.0507602692,80.2061767578,81275,81285,10
13.0508403778,80.2058410645,81285,81578,293
