12.9943799973,80.2067184448,12,992,980
12.9943704605,80.2069015503,992,8343,7351
12.9945802689,80.2068405151,8343,8474,131
12.994389534,80.2068862915,8474,20778,12304
12.994389534,80.2068862915,20778,20788,10
12.9944400787,80.2068099976,20788,20798,10
12.9945802689,80.2065811157,20798,20819,21
12.9945802689,80.2065811157,20819,20829,10
12.994600296,80.2063217163,20829,20839,10
12.9946603775,80.2058868408,20839,20849,10
12.9947004318,80.2054214478,20849,20859,10
12.994720459,80.205078125,20859,20869,10
12.9947299957,80.2047424316,20869,20879,10
12.9948196411,80.2043380737,20879,20889,10
12.9949502945,80.2038497925,20889,20899,10
12.9950799942,80.2033004761,20899,20909,10
12.9950399399,80.2029876709,20909,20920,11
12.9950504303,80.2026824951,20920,20930,10
12.9951095581,80.2021789551,20930,20940,10
12.995059967,80.2016677856,20940,20950,10
12.9950199127,80.2012405396,20950,20960,10
12.9949998856,80.2007980347,20960,20970,10
12.9948196411,80.2003707886,20970,20980,10
12.9945201874,80.2003173828,20980,20990,10
12.9943399429,80.2002563477,20990,21000,10
12.9941797256,80.2002029419,21000,21011,11
12.9938001633,80.2000579834,21011,21021,10
12.9934196472,80.1998291016,21021,21031,10
12.9931201935,80.199546814,21031,21041,10
12.9928998947,80.1993637085,21041,21051,10
12.9923400879,80.1989974976,21051,21061,10
12.9917602539,80.1987075806,21061,21071,10
12.9911203384,80.1985397339,21071,21081,10
12.9904603958,80.1983795166,21081,21091,10
12.9897203445,80.1981887817,21091,21102,11
12.988820076,80.1979522705,21102,21112,10
12.9879798889,80.1977081299,21112,21122,10
12.9872503281,80.1975326538,21122,21132,10
12.9866399765,80.1974029541,21132,21142,10
12.986530304,80.1973800659,21142,21152,10
12.9860496521,80.1972808838,21152,21162,10
12.9853801727,80.197227478,21162,21172,10
12.9847402573,80.1973571777,21172,21182,10
12.984120369,80.1971435547,21182,21192,10
12.9834299088,80.1967468262,21192,21203,11
12.982919693,80.1965332031,21203,21213,10
12.982460022,80.196937561,21213,21223,10
12.982219696,80.1971206665,21223,21233,10
12.9822597504,80.1968917847,21233,21243,10
12.9827003479,80.1965484619,21243,21253,10
12.98279953,80.1963500977,21253,21263,10
12.9823799133,80.1960983276,21263,21273,10
12.9817695618,80.1958084106,21273,21283,10
12.9816303253,80.1957397461,21283,21294,11
12.9811897278,80.1955032349,21294,21304,10
12.980629921,80.1952285767,21304,21314,10
12.979929924,80.1948471069,21314,21324,10
12.9793395996,80.1944198608,21324,21334,10
12.978679657,80.1940612793,21334,21344,10
12.9780702591,80.193901062,21344,21354,10
12.9775400162,80.1938018799,21354,21364,10
12.9770498276,80.1936569214,21364,21374,10
12.9764795303,80.193321228,21374,21384,10
12.9759597778,80.1929397583,21384,21395,11
12.9752197266,80.192489624,21395,21405,10
12.9746103287,80.1922607422,21405,21415,10
12.9740600586,80.1920623779,21415,21425,10
12.9733495712,80.1917877197,21425,21435,10
12.9726696014,80.1915206909,21435,21445,10
12.9721298218,80.1912918091,21445,21455,10
12.9719600677,80.1912307739,21455,21465,10
12.9715900421,80.1910629272,21465,21475,10
12.9710702896,80.1908416748,21475,21486,11
12.9703998566,80.1905593872,21486,21496,10
12.9697399139,80.1902618408,21496,21506,10
12.9692201614,80.190032959,21506,21516,10
12.9687099457,80.189781189,21516,21526,10
12.9681301117,80.1895217896,21526,21536,10
12.9680299759,80.1894683838,21536,21546,10
12.9677400589,80.1893386841,21546,21556,10
12.9671697617,80.1891098022,21556,21566,10
12.9665203094,80.1888427734,21566,21576,10
12.9659099579,80.1885986328,21576,21587,11
12.9652299881,80.1883010864,21587,21597,10
12.9649600983,80.1881866455,21597,21607,10
12.9648799896,80.1881637573,21607,21617,10
12.9644203186,80.18800354,21617,21627,10
12.9637804031,80.1878204346,21627,21637,10
12.9630899429,80.1876220703,21637,21647,10
12.9623403549,80.1874771118,21647,21657,10
12.9615898132,80.1873321533,21657,21667,10
12.9608898163,80.1872177124,21667,21678,11
12.960439682,80.187171936,21678,21688,10
12.9600095749,80.1871032715,21688,21698,10
12.9593801498,80.1870574951,21698,21708,10
12.9585895538,80.1870193481,21708,21718,10
12.957909584,80.1870269775,21718,21728,10
12.9571800232,80.1870193481,21728,21738,10
12.9558200836,80.1869430542,21738,21758,20
12.9558200836,80.1869430542,21758,21769,11
12.9555597305,80.186882019,21769,21779,10
12.955160141,80.1868133545,21779,21789,10
12.9545297623,80.1867218018,21789,21799,10
12.953789711,80.1865997314,21799,21809,10
12.95291996,80.1864776611,21809,21819,10
12.9520397186,80.1862564087,21819,21829,10
12.9511404037,80.1859817505,21829,21839,10
12.9502897263,80.1857070923,21839,21849,10
12.9495096207,80.1854476929,21849,21859,10
12.9490499496,80.1853103638,21859,21870,11
12.9484300613,80.1850967407,21870,21880,10
12.9476900101,80.1847686768,21880,21890,10
12.9469995499,80.1842727661,21890,21900,10
12.946269989,80.1836929321,21900,21910,10
12.9455499649,80.1831588745,21910,21920,10
12.9447803497,80.1830596924,21920,21930,10
12.9444999695,80.183052063,21930,21940,10
12.9443397522,80.1830215454,21940,21950,10
12.9438199997,80.1829910278,21950,21961,11
12.9429798126,80.1829605103,21961,21971,10
12.9420795441,80.1828765869,21971,21981,10
12.9412202835,80.1827774048,21981,21991,10
12.9404401779,80.182762146,21991,22001,10
12.9394798279,80.1825866699,22001,22021,20
12.9394798279,80.1825866699,22021,22031,10
12.9392204285,80.182510376,22031,22041,10
12.9389600754,80.1824569702,22041,22051,10
12.9388399124,80.1824111938,22051,22062,11
12.938369751,80.1822967529,22062,22072,10
12.9376897812,80.1822433472,22072,22082,10
12.9369001389,80.1822509766,22082,22092,10
12.9361200333,80.1823196411,22092,22102,10
12.9354000092,80.1824035645,22102,22112,10
12.9347000122,80.1823120117,22112,22122,10
12.933839798,80.1820907593,22122,22132,10
12.9328603745,80.1818618774,22132,22142,10
12.9319601059,80.181678772,22142,22153,11
12.9311304092,80.1815872192,22153,22163,10
12.9309997559,80.1815719604,22163,22173,10
12.9308595657,80.1815490723,22173,22183,10
12.9303197861,80.181602478,22183,22193,10
12.9295396805,80.1817779541,22193,22203,10
12.9286403656,80.1820068359,22203,22213,10
12.927740097,80.1822280884,22213,22223,10
12.9268198013,80.1824264526,22223,22233,10
12.9258804321,80.1826019287,22233,22244,11
12.9249200821,80.1827697754,22244,22254,10
12.9245100021,80.1828384399,22254,22264,10
12.9243001938,80.1828689575,22264,22274,10
12.9237604141,80.1829681396,22274,22284,10
12.9230499268,80.1830825806,22284,22294,10
12.9222002029,80.1833114624,22294,22304,10
12.9214200974,80.1836395264,22304,22314,10
12.9207897186,80.1838912964,22314,22324,10
12.9203996658,80.1840591431,22324,22334,10
12.9203395844,80.1840591431,22334,22345,11
12.9201402664,80.1837234497,22345,22355,10
12.9200201035,80.1830825806,22355,22365,10
12.9198799133,80.1825408936,22365,22375,10
12.9198703766,80.1825027466,22375,22385,10
12.9197397232,80.1824035645,22385,22395,10
12.919500351,80.1821670532,22395,23557,1162
12.919500351,80.1821670532,23557,23567,10
12.9195995331,80.1819992065,23567,23578,11
12.9197301865,80.1819763184,23578,23588,10
12.9199104309,80.1820831299,23588,23598,10
12.9200000763,80.1824874878,23598,23608,10
12.9201097488,80.1829605103,23608,23618,10
12.9202404022,80.1834716797,23618,23901,283
12.9202404022,80.1834716797,23901,23911,10
12.9202899933,80.1837005615,23911,23921,10
12.9203395844,80.183883667,23921,23931,10
12.9204101563,80.1839675903,23931,23941,10
12.9205904007,80.1839599609,23941,23951,10
12.920920372,80.1838226318,23951,23962,11
12.9214200974,80.1836166382,23962,23972,10
12.9219703674,80.1834030151,23972,23982,10
12.9225902557,80.1831817627,23982,23992,10
12.9232501984,80.1830368042,23992,24002,10
12.9238996506,80.1829223633,24002,24012,10
12.9246101379,80.182800293,24012,24022,10
12.9252996445,80.1826782227,24022,24032,10
12.9260196686,80.1825637817,24032,24042,10
12.926779747,80.1824111938,24042,24052,10
12.9275503159,80.182258606,24052,24063,11
12.9284200668,80.1820526123,24063,24073,10
12.9292602539,80.1818466187,24073,24083,10
12.9300804138,80.181640625,24083,24099,16
12.9314498901,80.1815414429,24099,24120,21
12.9314498901,80.1815414429,24120,24130,10
12.9318399429,80.1816177368,24130,24141,11
12.9324598312,80.1817321777,24141,24152,11
12.9331598282,80.181892395,24152,24162,10
12.9338302612,80.1820526123,24162,24172,10
12.934510231,80.182220459,24172,24182,10
12.9349603653,80.1823272705,24182,24192,10
12.934969902,80.1823272705,24192,24201,9
12.9353399277,80.1823806763,24201,24212,11
12.9358997345,80.1823577881,24212,24222,10
12.9366397858,80.182258606,24222,24232,10
12.937379837,80.1822433472,24232,24242,10
12.9381198883,80.182258606,24242,24253,11
12.9388599396,80.1823577881,24253,24313,60
12.9388599396,80.1823577881,24313,24323,10
12.9391899109,80.1824493408,24323,24333,10
12.939450264,80.1825408936,24333,24344,11
12.9395904541,80.1825790405,24344,24354,10
12.9398097992,80.1826477051,24354,24364,10
12.9401102066,80.1827011108,24364,24374,10
12.9403400421,80.1827163696,24374,24384,10
12.9406995773,80.1827316284,24384,24394,10
12.9412298203,80.182762146,24394,24404,10
12.9418296814,80.1828231812,24404,24414,10
12.942489624,80.1829071045,24414,24424,10
12.9431600571,80.1829376221,24424,24434,10
12.9438896179,80.1829605103,24434,24445,11
12.9445800781,80.1829833984,24445,24455,10
12.944609642,80.1829833984,24455,24465,10
12.9447898865,80.1829910278,24465,24475,10
12.9452600479,80.1830215454,24475,24485,10
12.9458904266,80.1832885742,24485,24495,10
12.9464998245,80.1837615967,24495,24505,10
12.9468898773,80.1840591431,24505,24515,10
12.9469003677,80.1840591431,24515,24525,10
12.9470901489,80.1842498779,24525,24536,11
12.9476003647,80.1846389771,24536,24546,10
12.948220253,80.1849899292,24546,24556,10
12.9488801956,80.1851882935,24556,24566,10
12.9494304657,80.1853713989,24566,24576,10
12.9500598907,80.1855773926,24576,24586,10
12.9507598877,80.1858062744,24586,24596,10
12.9515304565,80.1860580444,24596,24606,10
12.9523000717,80.1863021851,24606,24616,10
12.953040123,80.1864776611,24616,24626,10
12.9537601471,80.1865768433,24626,24637,11
12.9545497894,80.1866989136,24637,24647,10
12.9552602768,80.1867980957,24647,24657,10
12.9558000565,80.186882019,24657,24667,10
12.9561796188,80.1869125366,24667,24687,20
12.9561796188,80.1869125366,24687,24697,10
12.9563102722,80.1869277954,24697,24707,10
12.9567203522,80.1869812012,24707,24717,10
12.9572401047,80.1870193481,24717,24728,11
12.9578695297,80.1870269775,24728,24738,10
12.9584598541,80.1870269775,24738,24748,10
12.9591302872,80.1870574951,24748,24758,10
12.9596996307,80.1870880127,24758,24768,10
12.9602298737,80.1871414185,24768,24778,10
12.9607000351,80.1872024536,24778,24788,10
12.9615097046,80.1873168945,24788,24819,31
12.9615097046,80.1873168945,24819,24829,10
12.9617204666,80.1873626709,24829,24839,10
12.9621601105,80.1874389648,24839,24849,10
12.9627504349,80.1875610352,24849,24859,10
12.9633903503,80.1876907349,24859,24869,10
12.964050293,80.1878890991,24869,24879,10
12.9646902084,80.1880874634,24879,24889,10
12.9652299881,80.188293457,24889,24899,10
12.9655799866,80.1884307861,24899,24908,9
12.9656295776,80.1884613037,24908,24920,12
12.9659996033,80.1886062622,24920,24930,10
12.9664802551,80.1888198853,24930,24940,10
12.967089653,80.1890411377,24940,24950,10
12.9677095413,80.1892929077,24950,24960,10
12.9682598114,80.1895217896,24960,24970,10
12.9683599472,80.1895675659,24970,24980,10
12.9685497284,80.189666748,24980,24990,10
12.9689998627,80.1898803711,24990,25000,10
12.9695396423,80.1901321411,25000,25010,10
12.970000267,80.1903533936,25010,25020,10
12.9705696106,80.190612793,25020,25031,11
12.970990181,80.1908035278,25031,25041,10
12.9713497162,80.1909408569,25041,25051,10
12.9719200134,80.1912078857,25051,25061,10
12.9725704193,80.1914672852,25061,25071,10
12.9727497101,80.1915435791,25071,25081,10
12.9730300903,80.1916503906,25081,25091,10
12.9736003876,80.1918716431,25091,25101,10
12.9742698669,80.1921234131,25101,25112,11
12.9748897552,80.1923370361,25112,25122,10
12.9754695892,80.1925735474,25122,25132,10
12.9760599136,80.1929626465,25132,25142,10
12.976559639,80.1933288574,25142,25152,10
12.9771995544,80.1936721802,25152,25162,10
12.9776601791,80.1937789917,25162,25172,10
12.9781198502,80.193862915,25172,25182,10
12.9781999588,80.1938781738,25182,25192,10
12.97838974,80.193939209,25192,25203,11
12.9788703918,80.1941223145,25203,25213,10
12.97935009,80.1943893433,25213,25223,10
12.9799604416,80.1948013306,25223,25233,10
12.9805603027,80.1951599121,25233,25243,10
12.9810600281,80.1953811646,25243,25263,20
12.9810600281,80.1953811646,25263,25273,10
12.9812097549,80.1955032349,25273,25283,10
12.9815502167,80.1956634521,25283,25293,10
12.9820203781,80.1959075928,25293,25304,11
12.9824304581,80.1961135864,25304,25314,10
12.9828701019,80.1963500977,25314,25324,10
12.9831495285,80.1962890625,25324,25334,10
12.9834604263,80.1962203979,25334,25344,10
12.983300209,80.1964035034,25344,25354,10
12.9833202362,80.1966171265,25354,25364,10
12.9837598801,80.1968765259,25364,25374,10
12.9843397141,80.1972198486,25374,25384,10
12.985039711,80.1973190308,25384,25395,11
12.9858798981,80.1971969604,25395,25405,10
12.986579895,80.1973114014,25405,25415,10
12.986749649,80.1973419189,25415,25425,10
12.9871501923,80.1974487305,25425,25435,10
12.9878101349,80.1976165771,25435,25445,10
12.9886398315,80.1978378296,25445,25455,10
12.989569664,80.198097229,25455,25465,10
12.9904603958,80.1983413696,25465,25475,10
12.9912996292,80.1985092163,25475,25485,10
12.9917898178,80.198638916,25485,25496,11
12.9918804169,80.1986618042,25496,25506,10
12.9922599792,80.1988677979,25506,25516,10
12.9926395416,80.1991424561,25516,25526,10
12.9930000305,80.1994400024,25526,25536,10
12.9933900833,80.199760437,25536,25546,10
12.9937400818,80.1999969482,25546,25556,10
12.9941997528,80.2001571655,25556,25566,10
12.9945497513,80.2002410889,25566,25607,41
12.9945497513,80.2002410889,25607,25617,10
12.9947900772,80.2003173828,25617,25627,10
12.9949998856,80.2005767822,25627,25636,9
12.9950399399,80.2009735107,25636,25647,11
12.9950799942,80.201423645,25647,25657,10
12.9951200485,80.2019195557,25657,25667,10
12.9951000214,80.2023391724,25667,25677,10
12.995059967,80.2027816772,25677,25688,11
12.9951295853,80.2031707764,25688,25698,10
12.9950399399,80.2035369873,25698,25708,10
12.994890213,80.2040863037,25708,25718,10
12.9947595596,80.2046279907,25718,25728,10
12.9947299957,80.205078125,25728,25738,10
12.9947004318,80.2055664063,25738,25747,9
12.9946699142,80.2060775757,25747,25757,10
12.9946098328,80.206489563,25757,25768,11
12.9946298599,80.2067184448,25768,25779,11
12.9946403503,80.2067489624,25779,25789,10
12.9945802689,80.2068634033,25789,25799,10
12.9944200516,80.2068405151,25799,25809,10
12.9944601059,80.2066421509,25809,27074,1265
12.9944601059,80.2066421509,27074,27084,10
12.9945497513,80.2066879272,27084,27094,10
12.9946403503,80.2066116333,27094,27104,10
12.9946203232,80.2065124512,27104,27114,10
12.9946403503,80.206237793,27114,27125,11
12.9946899414,80.2057571411,27125,27135,10
12.994720459,80.2052764893,27135,27145,10
12.9947004318,80.2049865723,27145,27155,10
12.99477005,80.2046127319,27155,27165,10
12.994890213,80.2041473389,27165,27175,10
12.9950199127,80.2036209106,27175,27185,10
12.9951095581,80.2031936646,27185,27195,10
12.9950504303,80.2029800415,27195,27205,10
12.9950399399,80.2027664185,27205,27216,11
12.9951000214,80.2023010254,27216,27226,10
12.9950895309,80.2017822266,27226,27236,10
12.9950399399,80.2013473511,27236,27246,10
12.9950504303,80.2009887695,27246,27256,10
12.9950304031,80.2007980347,27256,27266,10
12.9949102402,80.2004089355,27266,27276,10
12.9945898056,80.200302124,27276,27286,10
12.9942598343,80.2002563477,27286,27588,302
12.9942598343,80.2002563477,27588,27598,10
12.9938602448,80.200012207,27598,27609,11
12.9934196472,80.1997680664,27609,27619,10
12.9930801392,80.1995010376,27619,27629,10
12.9926595688,80.1991729736,27629,27639,10
12.9920902252,80.1988372803,27639,27649,10
12.9914197922,80.198600769,27649,27659,10
12.990940094,80.1985015869,27659,27669,10
12.99077034,80.1984634399,27669,27679,10
12.9901599884,80.1983108521,27679,27689,10
12.9893798828,80.198097229,27689,27700,11
12.9884996414,80.1978378296,27700,27710,10
12.9877004623,80.1976394653,27710,27720,10
12.9868898392,80.1974563599,27720,27730,10
12.9865703583,80.1973876953,27730,27740,10
12.9861602783,80.1972885132,27740,27750,10
12.9854402542,80.197227478,27750,27760,10
12.9846401215,80.1973495483,27760,27770,10
12.9839200974,80.1970291138,27770,27780,10
12.9832601547,80.1966323853,27780,27791,11
12.9827604294,80.1966705322,27791,27800,9
12.9823598862,80.197052002,27800,27811,11
12.9821500778,80.1970367432,27811,27821,10
12.982460022,80.1967163086,27821,27831,10
12.9827899933,80.1964416504,27831,27841,10
12.9826402664,80.1962127686,27841,27851,10
12.9821300507,80.1959533691,27851,27861,10
12.9816904068,80.1957397461,27861,27871,10
12.9816598892,80.1957168579,27871,27881,10
12.9813404083,80.1955490112,27881,27892,11
12.9808397293,80.1953125,27892,27902,10
12.9802799225,80.1950378418,27902,27912,10
12.9797401428,80.1946792603,27912,27922,10
12.9792299271,80.1943206787,27922,27932,10
12.9786195755,80.1940078735,27932,27942,10
12.9779596329,80.1938781738,27942,27952,10
12.9775600433,80.1938095093,27952,27962,10
12.9775495529,80.1938095093,27962,27972,10
12.9771900177,80.1937179565,27972,27982,10
12.9766902924,80.1934967041,27982,27993,11
12.9761896133,80.193107605,27993,28003,10
12.9756603241,80.1927185059,28003,28013,10
12.9751796722,80.1924972534,28013,28023,10
12.974650383,80.1922912598,28023,28033,10
12.9741001129,80.1920776367,28033,28043,10
12.9734802246,80.1918411255,28043,28053,10
12.9726295471,80.1915435791,28053,28073,20
12.9726295471,80.1915435791,28073,28084,11
12.9722604752,80.1913909912,28084,28094,10
12.9721698761,80.1913528442,28094,28104,10
12.9719200134,80.1912384033,28104,28114,10
12.9714603424,80.1910324097,28114,28124,10
12.9709100723,80.1908035278,28124,28134,10
12.9702796936,80.1905288696,28134,28144,10
12.9696998596,80.1902389526,28144,28154,10
12.9692401886,80.1900405884,28154,28164,10
12.9688196182,80.1898498535,28164,28175,11
12.9682502747,80.1895599365,28175,28185,10
12.9680299759,80.1894683838,28185,28195,10
12.9679002762,80.1894226074,28195,28205,10
12.9674100876,80.189201355,28205,28215,10
12.9668197632,80.1889724731,28215,28225,10
12.9662103653,80.1886978149,28225,28235,10
12.9656095505,80.1884536743,28235,28245,10
12.9651403427,80.1882629395,28245,28255,10
12.9648599625,80.1881637573,28255,28265,10
12.9646701813,80.1881027222,28265,28276,11
12.9641304016,80.1879425049,28276,28286,10
12.9635400772,80.1877593994,28286,28296,10
12.9629602432,80.1876220703,28296,28306,10
12.9622898102,80.1874771118,28306,28316,10
12.9615802765,80.1873626709,28316,28332,16
12.9607801437,80.1872406006,28332,28344,12
12.9606599808,80.1872329712,28344,28352,8
12.9606199265,80.1872177124,28352,28364,12
12.9602603912,80.187171936,28364,28375,11
12.959859848,80.1871337891,28375,28385,10
12.9593200684,80.1870803833,28385,28395,10
12.9586801529,80.1870422363,28395,28405,10
12.9580698013,80.1870574951,28405,28414,9
12.9573802948,80.1870574951,28414,28425,11
12.9566202164,80.1870117188,28425,28435,10
12.9558801651,80.186958313,28435,28466,31
12.9558801651,80.186958313,28466,28476,10
12.9557504654,80.186958313,28476,28486,10
12.955499649,80.186920166,28486,28496,10
12.9549999237,80.1868362427,28496,28506,10
12.9543504715,80.1867370605,28506,28516,10
12.9536104202,80.1866226196,28516,28526,10
12.952750206,80.1864929199,28526,28536,10
12.951880455,80.1862564087,28536,28546,10
12.9509401321,80.1859512329,28546,28556,10
12.9500598907,80.1856384277,28556,28567,11
12.9491596222,80.1853637695,28567,28577,10
12.9484701157,80.1851196289,28577,28587,10
12.9476995468,80.1847763062,28587,28597,10
12.947019577,80.1842803955,28597,28607,10
12.9466400146,80.1839981079,28607,28617,10
12.9466104507,80.1839675903,28617,28627,10
12.946269989,80.1836776733,28627,28637,10
12.9457302094,80.1832504272,28637,28647,10
12.945019722,80.1830596924,28647,28658,11
12.9446001053,80.1830825806,28658,28668,10
12.9443902969,80.1830673218,28668,28678,10
12.9437999725,80.1830215454,28678,28688,10
12.9430198669,80.1829910278,28688,28698,10
12.9421300888,80.1829223633,28698,28708,10
12.9413003922,80.1828079224,28708,28718,10
12.9406204224,80.1827926636,28718,28728,10
12.9399795532,80.1827392578,28728,28738,10
12.9395303726,80.1826400757,28738,28748,10
12.9394598007,80.1826019287,28748,28759,11
12.9392404556,80.1825408936,28759,28769,10
12.9390201569,80.1825027466,28769,28779,10
12.9387197495,80.1824035645,28779,28789,10
12.9381399155,80.1822967529,28789,28799,10
12.9374599457,80.1822662354,28799,28809,10
12.9367198944,80.1822967529,28809,28819,10
12.9359798431,80.1823806763,28819,28829,10
12.935379982,80.1824417114,28829,28839,10
12.9352502823,80.1824417114,28839,28850,11
12.9351196289,80.1824264526,28850,28860,10
12.934630394,80.1822967529,28860,28870,10
12.9339199066,80.1821289063,28870,28880,10
12.9330501556,80.1819076538,28880,28890,10
12.9322500229,80.1817474365,28890,28900,10
12.9314403534,80.181640625,28900,28910,10
12.9309597015,80.181602478,28910,28920,10
12.9309301376,80.181602478,28920,28930,10
12.9305200577,80.181602478,28930,28940,10
12.9298601151,80.1817321777,28940,28951,11
12.9289398193,80.1819610596,28951,28961,10
12.9281101227,80.1821517944,28961,28971,10
12.9273004532,80.1823425293,28971,28981,10
12.9263095856,80.1825408936,28981,28991,10
12.9253196716,80.1827163696,28991,29001,10
12.9243602753,80.1828689575,29001,29011,10
12.9234399796,80.183052063,29011,29021,10
12.9225997925,80.1831893921,29021,29031,10
12.9217300415,80.1835174561,29031,29042,11
12.9208602905,80.1838912964,29042,29052,10
12.9203996658,80.1840591431,29052,29062,10
12.9203901291,80.1840591431,29062,29072,10
12.9202899933,80.1840515137,29072,29082,10
12.9201602936,80.1837768555,29082,29092,10
12.9200201035,80.1831283569,29092,29102,10
12.9199304581,80.1827316284,29102,29112,10
12.9199104309,80.1826171875,29112,29122,10
12.9197797775,80.1824035645,29122,29138,16
12.9195299149,80.182182312,29138,29696,558
12.9195299149,80.182182312,29696,29706,10
12.9195699692,80.1820220947,29706,29717,11
12.9195995331,80.181968689,29717,29727,10
12.9197597504,80.1819381714,29727,29737,10
12.9199399948,80.1820068359,29737,29747,10
12.9200801849,80.1825790405,29747,29757,10
12.9202203751,80.1831893921,29757,29767,10
12.9203500748,80.1836776733,29767,29838,71
12.9203500748,80.1836776733,29838,29848,10
12.9203996658,80.183883667,29848,29858,10
12.9204797745,80.1839828491,29858,29868,10
12.9207201004,80.1838989258,29868,29878,10
12.9211597443,80.1837310791,29878,29888,10
12.9217596054,80.1834869385,29888,29898,10
12.9224700928,80.1832199097,29898,29909,11
12.9232997894,80.1830368042,29909,29919,10
12.9240398407,80.1828994751,29919,29929,10
12.9247903824,80.182762146,29929,29939,10
12.9255199432,80.1826477051,29939,29949,10
12.9262800217,80.182510376,29949,29959,10
12.9270601273,80.1823577881,29959,29969,10
12.9278497696,80.1821899414,29969,29979,10
12.9286003113,80.1820068359,29979,29989,10
12.929400444,80.1818237305,29989,30000,11
12.9303197861,80.1815795898,30000,30010,10
12.9310998917,80.1814880371,30010,30020,10
12.931520462,80.1815414429,30020,30030,10
12.9315299988,80.1815414429,30030,30040,10
12.9316396713,80.1815719604,30040,30050,10
12.932009697,80.181640625,30050,30060,10
12.932559967,80.1817321777,30060,30070,10
12.9331598282,80.1818618774,30070,30080,10
12.9337997437,80.1820297241,30080,30090,10
12.9344596863,80.1821899414,30090,30101,11
12.9350204468,80.1823196411,30101,30111,10
12.9350595474,80.1823272705,30111,30121,10
12.9353704453,80.1823577881,30121,30131,10
12.9358997345,80.1823272705,30131,30141,10
12.9364995956,80.1822509766,30141,30151,10
12.9371700287,80.1822128296,30151,30161,10
12.9378004074,80.1822128296,30161,30171,10
12.9383802414,80.1822509766,30171,30181,10
12.9388399124,80.1823272705,30181,30232,51
12.9388399124,80.1823272705,30232,30242,10
12.9391098022,80.1823806763,30242,30252,10
12.9392795563,80.182472229,30252,30262,10
12.9395399094,80.1825408936,30262,30272,10
12.9399204254,80.1826477051,30272,30282,10
12.9403896332,80.1827163696,30282,30293,11
12.9408998489,80.1827163696,30293,30303,10
12.9414997101,80.182762146,30303,30313,10
12.9421596527,80.1828384399,30313,30323,10
12.9428396225,80.1829071045,30323,30333,10
12.9435300827,80.1829223633,30333,30343,10
12.9442300797,80.1829376221,30343,30353,10
12.9445800781,80.1829528809,30353,30363,10
12.9445896149,80.1829528809,30363,30373,10
12.9448404312,80.1829833984,30373,30383,10
12.9453496933,80.1830215454,30383,30394,11
12.9459600449,80.1833190918,30394,30404,10
12.9465198517,80.1837387085,30404,30414,10
12.9468803406,80.1840209961,30414,30424,10
12.9468803406,80.1840286255,30424,30434,10
12.9471597672,80.1842727661,30434,30444,10
12.9476299286,80.1846237183,30444,30454,10
12.9482097626,80.1849517822,30454,30464,10
12.9487695694,80.1851272583,30464,30505,41
12.9487695694,80.1851272583,30505,30515,10
12.9489097595,80.1851806641,30515,30525,10
12.9493198395,80.185333252,30525,30535,10
12.9498701096,80.185508728,30535,30545,10
12.9505195618,80.1857299805,30545,30555,10
12.9512796402,80.1859817505,30555,30565,10
12.9521102905,80.1862411499,30565,30576,11
12.9529495239,80.1864624023,30576,30586,10
12.9536895752,80.1865615845,30586,30596,10
12.954369545,80.1866607666,30596,30606,10
12.9551200867,80.1867675781,30606,30616,10
12.9556999207,80.1868591309,30616,30626,10
12.9561300278,80.1868972778,30626,30636,10
12.9562301636,80.1869125366,30636,30646,10
12.9562397003,80.186920166,30646,30656,10
12.9565696716,80.1869735718,30656,30666,10
12.9570999146,80.1870117188,30666,30677,11
12.9577503204,80.1870117188,30677,30687,10
12.9583997726,80.1870117188,30687,30697,10
12.9589700699,80.1870193481,30697,30707,10
12.959569931,80.1870498657,30707,30717,10
12.9600400925,80.1870880127,30717,30727,10
12.9604301453,80.1871337891,30727,30737,10
12.9609298706,80.1872177124,30737,30747,10
12.9614496231,80.187286377,30747,30757,10
12.9615297318,80.1873092651,30757,30767,10
12.9617300034,80.1873703003,30767,30778,11
12.9622802734,80.1874694824,30778,30788,10
12.9628295898,80.1875610352,30788,30798,10
12.9634399414,80.1876983643,30798,30808,10
12.9640798569,80.1878890991,30808,30818,10
12.9646997452,80.1880722046,30818,30828,10
12.9652500153,80.1882781982,30828,30838,10
12.9655199051,80.1884002686,30838,30848,10
12.9655704498,80.1884307861,30848,30858,10
12.965880394,80.1885375977,30858,30869,11
12.9663000107,80.1887207031,30869,30879,10
12.9667797089,80.1889190674,30879,30889,10
12.967300415,80.1891174316,30889,30899,10
12.9678401947,80.1893386841,30899,30909,10
12.9683303833,80.1895828247,30909,30919,10
12.9683904648,80.1896209717,30919,30929,10
12.9684801102,80.1896972656,30929,30939,10
12.9688396454,80.1898574829,30939,30949,10
12.9690599442,80.1899490356,30949,30959,10
12.9693803787,80.1901092529,30959,30970,11
12.9698801041,80.1903305054,30970,30980,10
12.9704399109,80.1905822754,30980,30990,10
12.9710197449,80.1908187866,30990,31000,10
12.9714803696,80.1910095215,31000,31010,10
12.9719800949,80.1912307739,31010,31020,10
12.9724998474,80.1914520264,31020,31030,10
12.9727802277,80.1915588379,31030,31040,10
12.9728298187,80.1915817261,31040,31050,10
12.9731903076,80.1917190552,31050,31061,11
12.9738302231,80.1919631958,31061,31071,10
12.974439621,80.192199707,31071,31081,10
12.9749202728,80.1923904419,31081,31091,10
12.9754695892,80.1925888062,31091,31101,10
12.975979805,80.1929092407,31101,31111,10
12.9761600494,80.1930618286,31111,31121,10
12.9764204025,80.1932373047,31121,31131,10
12.9768896103,80.193572998,31131,31141,10
12.9773797989,80.1937637329,31141,31151,10
12.9781398773,80.1938705444,31151,31172,21
12.9781398773,80.1938705444,31172,31182,10
12.9783401489,80.1939163208,31182,31192,10
12.9787197113,80.1940383911,31192,31202,10
12.9790401459,80.1941986084,31202,31212,10
12.979470253,80.1944732666,31212,31222,10
12.9799604416,80.19480896,31222,31232,10
12.980509758,80.1951370239,31232,31242,10
12.9810199738,80.1953811646,31242,31253,11
12.9811000824,80.1954193115,31253,31263,10
12.9811601639,80.1954574585,31263,31273,10
12.981470108,80.1956100464,31273,31283,10
12.9817199707,80.1957473755,31283,31293,10
12.9821901321,80.1959991455,31293,31303,10
12.982749939,80.1962738037,31303,31313,10
12.9830198288,80.1963577271,31313,31323,10
12.9833898544,80.196182251,31323,31333,10
12.9833402634,80.1963882446,31333,31343,10
12.98320961,80.1965408325,31343,31354,11
12.9835395813,80.196762085,31354,31364,10
12.9840602875,80.1970596313,31364,31374,10
12.9847402573,80.1973419189,31374,31384,10
12.9855203629,80.1972122192,31384,31394,10
12.9863004684,80.1972503662,31394,31404,10
12.9866695404,80.1973190308,31404,31414,10
12.9869203568,80.1973800659,31414,31424,10
12.9875202179,80.1975402832,31424,31434,10
12.9883003235,80.1977310181,31434,31445,11
12.9891996384,80.1979904175,31445,31455,10
12.9900798798,80.1982269287,31455,31465,10
12.9909296036,80.1984176636,31465,31475,10
12.9916496277,80.1985931396,31475,31485,10
12.9917402267,80.1986236572,31485,31495,10
12.9919500351,80.1987380981,31495,31505,10
12.9923400879,80.1989593506,31505,31515,10
12.9927797318,80.199256897,31515,31525,10
12.9931497574,80.1995773315,31525,31535,10
12.9934797287,80.1998825073,31535,31546,11
12.9939699173,80.2001190186,31546,31556,10
12.9946899414,80.2002716064,31556,31576,20
12.9946899414,80.2002716064,31576,31586,10
12.9948396683,80.2003173828,31586,31596,10
12.9949998856,80.2005386353,31596,31606,10
12.9950399399,80.2007827759,31606,31616,10
12.9950399399,80.201133728,31616,31626,10
12.995059967,80.2015228271,31626,31637,11
12.9950895309,80.2019577026,31637,31647,10
12.9950895309,80.202331543,31647,31657,10
12.9950895309,80.2023620605,31657,31667,10
12.9950799942,80.2024993896,31667,31827,160
12.9950799942,80.2024993896,31827,31837,10
12.9950799942,80.2029190063,31837,31847,10
12.9951400757,80.2031784058,31847,31857,10
12.9950199127,80.2036209106,31857,31867,10
12.994890213,80.2041625977,31867,31877,10
12.9947395325,80.204750061,31877,31887,10
12.9947395325,80.2051773071,31887,31897,10
12.9946804047,80.2057723999,31897,31907,10
12.994600296,80.2064208984,31907,31917,10
12.994600296,80.2067489624,31917,31958,41
12.994600296,80.2067489624,31958,31968,10
12.9943799973,80.2066802979,31968,33686,1718
12.9943799973,80.2066802979,33686,33696,10
12.9945001602,80.2066726685,33696,33726,30
12.9945001602,80.2066726685,33726,33736,10
12.9945697784,80.2065811157,33736,33746,10
12.9945802689,80.20652771,33746,33756,10
12.9945802689,80.2063980103,33756,33767,11
12.9946098328,80.2060470581,33767,33777,10
12.9946603775,80.205619812,33777,33787,10
12.9946804047,80.2051620483,33787,33797,10
12.9946804047,80.204750061,33797,33807,10
12.9947900772,80.2042922974,33807,33817,10
12.9949398041,80.2037277222,33817,33827,10
12.9950799942,80.2031784058,33827,33837,10
12.9949998856,80.2029190063,33837,33847,10
12.995059967,80.2025527954,33847,33857,10
12.9950799942,80.2022399902,33857,33868,11
12.995059967,80.2017822266,33868,33884,16
12.9949903488,80.201133728,33884,33896,12
12.9949798584,80.2007904053,33896,33906,10
12.9948396683,80.2004623413,33906,33916,10
12.9946899414,80.2003326416,33916,33926,10
12.9944400787,80.2002868652,33926,34301,375
12.9944400787,80.2002868652,34301,34311,10
12.9940004349,80.2001419067,34311,34321,10
12.9937295914,80.2000274658,34321,34331,10
12.9933795929,80.1997833252,34331,34341,10
12.9930696487,80.199508667,34341,34352,11
12.9926395416,80.1991424561,34352,34362,10
12.9922800064,80.1988677979,34362,34372,10
12.9917497635,80.1986618042,34372,34382,10
12.9911699295,80.1985321045,34382,34392,10
12.9908800125,80.1984863281,34392,34402,10
12.9905900955,80.1984100342,34402,34412,10
12.9900197983,80.1982574463,34412,34422,10
12.9892902374,80.1980667114,34422,34432,10
12.9885196686,80.1978378296,34432,34443,11
12.9876499176,80.1976089478,34443,34453,10
12.986869812,80.1974411011,34453,34463,10
12.9865503311,80.1973724365,34463,34473,10
12.9863195419,80.1973266602,34473,34483,10
12.9857501984,80.1972198486,34483,34493,10
12.9850702286,80.1973114014,34493,34503,10
12.9843597412,80.1972503662,34503,34513,10
12.9837703705,80.1969070435,34513,34523,10
12.98320961,80.1965484619,34523,34533,10
12.9828596115,80.1966018677,34533,34544,11
12.9823999405,80.1970367432,34544,34554,10
12.9822797775,80.1971206665,34554,34564,10
12.9823102951,80.1968765259,34564,34574,10
12.9826898575,80.1965332031,34574,34584,10
12.9828100204,80.1963195801,34584,34594,10
12.9824399948,80.1961212158,34594,34604,10
12.9819097519,80.1958389282,34604,34614,10
12.9816904068,80.1957473755,34614,34624,10
12.9816102982,80.1957015991,34624,34635,11
12.9812698364,80.1955490112,34635,34645,10
12.980890274,80.195350647,34645,34655,10
12.980389595,80.195098877,34655,34665,10
12.9798603058,80.1947631836,34665,34675,10
12.9793300629,80.1943817139,34675,34685,10
12.9787597656,80.1940765381,34685,34695,10
12.9781599045,80.193901062,34695,34705,10
12.977689743,80.1938171387,34705,34715,10
12.9776601791,80.1938171387,34715,34726,11
12.977399826,80.1937179565,34726,34736,10
12.9769296646,80.1935577393,34736,34746,10
12.9764299393,80.1932220459,34746,34756,10
12.975979805,80.1928787231,34756,34766,10
12.9754199982,80.1925506592,34766,34776,10
12.9748296738,80.1923294067,34776,34786,10
12.9744596481,80.1921691895,34786,34796,10
12.97397995,80.1919784546,34796,34806,10
12.9734802246,80.1918029785,34806,34816,10
12.9729795456,80.1916427612,34816,34826,10
12.9722204208,80.1913299561,34826,34847,21
12.9722204208,80.1913299561,34847,34857,10
12.9720001221,80.1912307739,34857,34867,10
12.9715900421,80.1910400391,34867,34877,10
12.9712400436,80.1908798218,34877,34887,10
12.9708595276,80.1907272339,34887,34897,10
12.9703397751,80.1905136108,34897,34907,10
12.9698095322,80.1902770996,34907,34917,10
12.9694299698,80.1900863647,34917,34928,11
12.9689798355,80.1898880005,34928,34938,10
12.9684896469,80.1896820068,34938,34948,10
12.968170166,80.1895217896,34948,34958,10
12.9680995941,80.1894683838,34958,34968,10
12.9677000046,80.1893005371,34968,34978,10
12.9671201706,80.1890563965,34978,34988,10
12.9665603638,80.1888275146,34988,34998,10
12.9661397934,80.1886520386,34998,35008,10
12.9659404755,80.1885681152,35008,35018,10
12.9657001495,80.1884613037,35018,35029,11
12.9654598236,80.1883773804,35029,35045,16
12.9651699066,80.1882705688,35045,35057,12
12.9650297165,80.1881866455,35057,35067,10
12.9649400711,80.1881790161,35067,35076,9
12.964679718,80.1880874634,35076,35087,11
12.9640703201,80.1879196167,35087,35097,10
12.9633998871,80.1877212524,35097,35106,9
12.9628295898,80.1875762939,35106,35117,11
12.9621496201,80.1874389648,35117,35128,11
12.9615402222,80.1873397827,35128,35138,10
12.9609899521,80.1872406006,35138,35147,9
12.9607200623,80.187210083,35147,35158,11
12.9605503082,80.1871795654,35158,35168,10
12.960100174,80.1871109009,35168,35178,10
12.9595098495,80.1870803833,35178,35188,10
12.9589595795,80.1870269775,35188,35198,10
12.9583501816,80.1870193481,35198,35208,10
12.9576702118,80.1870422363,35208,35219,11
12.9569301605,80.18699646,35219,35229,10
12.9562397003,80.186958313,35229,35239,10
12.9558801651,80.1869430542,35239,35249,10
12.9558296204,80.1869125366,35249,35259,10
12.9555997849,80.1868515015,35259,35269,10
12.9552001953,80.1867980957,35269,35279,10
12.9546003342,80.1867218018,35279,35289,10
12.9539003372,80.1866226196,35289,35299,10
12.9530897141,80.1865081787,35299,35310,11
12.952170372,80.1862869263,35310,35320,10
12.9513101578,80.1860275269,35320,35330,10
12.9504804611,80.1857528687,35330,35340,10
12.949760437,80.1855163574,35340,35350,10
12.9493999481,80.1854095459,35350,35360,10
12.9490499496,80.1852874756,35360,35370,10
12.9485197067,80.1851119995,35370,35380,10
12.9478597641,80.1848526001,35380,35390,10
12.9471797943,80.1843795776,35390,35401,11
12.9466896057,80.1840209961,35401,35411,10
12.9466295242,80.1839370728,35411,35421,10
12.9462299347,80.1836013794,35421,35431,10
12.9456396103,80.1831436157,35431,35441,10
12.9449195862,80.1830368042,35441,35451,10
12.9447002411,80.183052063,35451,35461,10
12.9445896149,80.1830596924,35461,35471,10
12.9440803528,80.1830215454,35471,35481,10
12.9433498383,80.1829681396,35481,35491,10
12.9424695969,80.1829223633,35491,35501,10
12.9415597916,80.1828079224,35501,35512,11
12.9406995773,80.182762146,35512,35522,10
12.9397201538,80.1826324463,35522,35572,50
12.9397201538,80.1826324463,35572,35582,10
12.9393796921,80.1825408936,35582,35592,10
12.9390802383,80.1824798584,35592,35603,11
12.9387598038,80.1823806763,35603,35613,10
12.9381999969,80.1822814941,35613,35623,10
12.9375896454,80.1822433472,35623,35633,10
12.9369602203,80.1822509766,35633,35643,10
12.9363203049,80.1822891235,35643,35653,10
12.9352798462,80.1824111938,35653,35673,20
12.9352798462,80.1824111938,35673,35683,10
12.9351501465,80.1824035645,35683,35693,10
12.9346904755,80.1822891235,35693,35704,11
12.9339599609,80.1821136475,35704,35714,10
12.9331798553,80.1819076538,35714,35724,10
12.9324398041,80.1817626953,35724,35734,10
12.9317598343,80.1816635132,35734,35744,10
12.9312400818,80.1815795898,35744,35754,10
12.9310398102,80.1815795898,35754,35764,10
12.9309597015,80.1815719604,35764,35774,10
12.9304895401,80.1815719604,35774,35784,10
12.9298601151,80.1817169189,35784,35794,10
12.9291095734,80.1819076538,35794,35805,11
12.9282798767,80.1821136475,35805,35815,10
12.9275798798,80.1822814941,35815,35825,10
12.9268198013,80.1824417114,35825,35835,10
12.9260902405,80.1825790405,35835,35845,10
12.9253997803,80.1826782227,35845,35855,10
12.9245500565,80.1828079224,35855,35865,10
12.9237298965,80.1829833984,35865,35875,10
12.9229898453,80.1830978394,35875,35885,10
12.9222202301,80.1833267212,35885,35896,11
12.9214401245,80.1836395264,35896,35906,10
12.9209699631,80.1838378906,35906,35946,40
12.9209699631,80.1838378906,35946,35956,10
12.9208498001,80.1838531494,35956,35966,10
12.9205999374,80.1839599609,35966,35976,10
12.9202404022,80.1839065552,35976,35987,11
12.9201002121,80.1832733154,35987,35997,10
12.9199199677,80.182510376,35997,36017,20
12.9199199677,80.182510376,36017,36027,10
12.9198503494,80.1823883057,36027,36037,10
12.9196596146,80.1823883057,36037,36047,10
12.9195203781,80.1821517944,36047,36401,354
12.9195203781,80.1821517944,36401,36411,10
12.9195203781,80.1820220947,36411,36421,10
12.9196500778,80.1819076538,36421,36431,10
12.9197502136,80.1819229126,36431,36441,10
12.9198999405,80.181968689,36441,36451,10
12.920009613,80.1823806763,36451,36461,10
12.9201097488,80.1828613281,36461,36471,10
12.9202604294,80.1834182739,36471,36694,223
12.9202604294,80.1834182739,36694,36704,10
12.9202604294,80.1836166382,36704,36714,10
12.9202899933,80.1837387085,36714,36724,10
12.9203395844,80.1839294434,36724,36734,10
12.920539856,80.1839523315,36734,36744,10
12.920920372,80.1837921143,36744,36754,10
12.9214200974,80.1835784912,36754,36765,11
12.92208004,80.1833190918,36765,36774,9
12.9226198196,80.1831283569,36774,36785,11
12.9233102798,80.1829986572,36785,36795,10
12.9239597321,80.1828765869,36795,36805,10
12.9245901108,80.182762146,36805,36815,10
12.9252004623,80.1826629639,36815,36825,10
12.9258098602,80.1825714111,36825,36835,10
12.9264202118,80.182472229,36835,36845,10
12.927069664,80.1823196411,36845,36856,11
12.9278097153,80.1821670532,36856,36866,10
12.9285202026,80.1819992065,36866,36876,10
12.9292802811,80.1818084717,36876,36886,10
12.9300403595,80.1816177368,36886,36896,10
12.9307804108,80.1814575195,36896,36906,10
12.9314002991,80.1815109253,36906,36916,10
12.9314804077,80.1815185547,36916,36926,10
12.9315395355,80.1815414429,36926,36936,10
12.9318504333,80.1816101074,36936,36946,10
12.9323396683,80.1817016602,36946,36956,10
12.9329395294,80.1818084717,36956,36967,11
12.9336500168,80.1819915771,36967,36977,10
12.9343204498,80.1821594238,36977,36987,10
12.934920311,80.1823120117,36987,36997,10
12.9350204468,80.1823425293,36997,37007,10
12.935259819,80.1823883057,37007,37017,10
12.9357299805,80.1823806763,37017,37027,10
12.9363098145,80.1822891235,37027,37037,10
12.9369096756,80.1822433472,37037,37047,10
12.9375495911,80.182220459,37047,37057,10
12.9381799698,80.182258606,37057,37068,11
12.9388198853,80.1823577881,37068,37098,30
12.9388198853,80.1823577881,37098,37108,10
12.9390201569,80.1824111938,37108,37118,10
12.9390697479,80.1824188232,37118,37128,10
12.9393196106,80.182510376,37128,37138,10
12.9395103455,80.1825485229,37138,37149,11
12.9395999908,80.1825790405,37149,37159,10
12.9398603439,80.1826477051,37159,37169,10
12.9401502609,80.1827087402,37169,37179,10
12.940369606,80.1827468872,37179,37189,10
12.9408397675,80.1827468872,37189,37199,10
12.9414596558,80.1827697754,37199,37208,9
12.9420604706,80.1828384399,37208,37219,11
12.9428100586,80.1829223633,37219,37229,10
12.9434995651,80.1829223633,37229,37239,10
12.9441404343,80.1829528809,37239,37250,11
12.9446401596,80.1829605103,37250,37260,10
12.9446401596,80.1829681396,37260,37270,10
12.9447898865,80.1829910278,37270,37280,10
12.9452600479,80.1830215454,37280,37290,10
12.9457597733,80.1831970215,37290,37300,10
12.9462299347,80.1835632324,37300,37310,10
12.9466495514,80.183883667,37310,37320,10
12.9468603134,80.1840362549,37320,37330,10
12.9470901489,80.1842269897,37330,37341,11
12.9474201202,80.1844787598,37341,37351,10
12.947810173,80.1847610474,37351,37361,10
12.9483804703,80.1850204468,37361,37371,10
12.9488296509,80.1851196289,37371,37452,81
12.9488296509,80.1851196289,37452,37462,10
12.9491100311,80.1851730347,37462,37472,10
12.9496202469,80.1853790283,37472,37488,16
12.950799942,80.1857833862,37488,37500,12
12.9518098831,80.1861190796,37500,37508,8
12.9524803162,80.1863098145,37508,37520,12
12.9534797668,80.1865005493,37520,37530,10
12.9543199539,80.1866378784,37530,37541,11
12.9552001953,80.1867675781,37541,37551,10
12.9557199478,80.1868515015,37551,37561,10
12.9561595917,80.1869125366,37561,37581,20
12.9561595917,80.1869125366,37581,37591,10
12.956199646,80.1869735718,37591,37601,10
12.9565000534,80.1870117188,37601,37611,10
12.9569597244,80.1870498657,37611,37621,10
12.9575004578,80.1870727539,37621,37631,10
12.9581003189,80.1870574951,37631,37642,11
12.9588003159,80.1870727539,37642,37652,10
12.9593896866,80.1870803833,37652,37662,10
12.9597997665,80.1871109009,37662,37672,10
12.9602403641,80.1871109009,37672,37682,10
12.9607200623,80.1872024536,37682,37692,10
12.9615001678,80.1873168945,37692,37712,20
12.9615001678,80.1873168945,37712,37722,10
12.9617595673,80.1873703003,37722,37733,11
12.9622898102,80.1874771118,37733,37743,10
12.9628295898,80.1875991821,37743,37753,10
12.9633798599,80.187713623,37753,37763,10
12.9639701843,80.1878890991,37763,37773,10
12.9645795822,80.1880722046,37773,37783,10
12.9651298523,80.1882476807,37783,37793,10
12.9654998779,80.1884002686,37793,37803,10
12.9655399323,80.1884078979,37803,37813,10
12.9656801224,80.1884384155,37813,37823,10
12.9660396576,80.1886062622,37823,37834,11
12.9665298462,80.1888122559,37834,37844,10
12.9671201706,80.1890487671,37844,37854,10
12.9677200317,80.1893005371,37854,37864,10
12.9682598114,80.1895217896,37864,37874,10
12.9683504105,80.1895675659,37874,37884,10
12.9684200287,80.1896133423,37884,37894,10
12.9688997269,80.1898574829,37894,37914,20
12.9688997269,80.1898574829,37914,37925,11
12.9691200256,80.1899795532,37925,37935,10
12.969329834,80.1900787354,37935,37945,10
12.9696397781,80.1902236938,37945,37955,10
12.9700298309,80.1903915405,37955,37965,10
12.9704704285,80.1905899048,37965,37975,10
12.9710102081,80.1908035278,37975,37985,10
12.9714403152,80.1909790039,37985,37995,10
12.9718503952,80.1911773682,37995,38005,10
12.9723701477,80.1913986206,38005,38015,10
12.9727201462,80.1915435791,38015,38026,11
12.9727296829,80.1915435791,38026,38036,10
12.9730100632,80.1916427612,38036,38046,10
12.9734897614,80.1918182373,38046,38056,10
12.9740200043,80.1920089722,38056,38066,10
12.9745798111,80.1922225952,38066,38076,10
12.975060463,80.1924133301,38076,38086,10
12.9756298065,80.1926574707,38086,38096,10
12.9760303497,80.1929626465,38096,38106,10
12.9760799408,80.1929931641,38106,38116,10
12.9761400223,80.1930618286,38116,38127,11
12.9764499664,80.1932678223,38127,38137,10
12.976940155,80.193572998,38137,38147,10
12.9774103165,80.1937332153,38147,38157,10
12.977809906,80.1937866211,38157,38167,10
12.9781398773,80.193862915,38167,38177,10
12.9781703949,80.1938705444,38177,38187,10
12.9785203934,80.1939697266,38187,38197,10
12.9790802002,80.1942062378,38197,38207,10
12.9796304703,80.1945800781,38207,38218,11
12.9802598953,80.1949768066,38218,38228,10
12.9810495377,80.1953811646,38228,38258,30
12.9810495377,80.1953811646,38258,38268,10
12.9812803268,80.1955108643,38268,38278,10
12.9815397263,80.195640564,38278,38288,10
12.9819297791,80.1958618164,38288,38298,10
12.9824695587,80.1961135864,38298,38308,10
12.9827899933,80.1962890625,38308,38319,11
12.9830598831,80.1962814331,38319,38329,10
12.983420372,80.196182251,38329,38339,10
12.9832601547,80.1963806152,38339,38349,10
12.9832601547,80.1965789795,38349,38359,10
12.9835596085,80.196762085,38359,38369,10
12.984120369,80.1970672607,38369,38379,10
12.9847803116,80.1973266602,38379,38389,10
12.9854803085,80.1971817017,38389,38399,10
12.9862804413,80.1972427368,38399,38409,10
12.9865999222,80.197303772,38409,38420,11
12.9868803024,80.1973724365,38420,38430,10
12.9875001907,80.197517395,38430,38440,10
12.9883098602,80.1977233887,38440,38450,10
12.9892196655,80.1979904175,38450,38459,9
12.9900903702,80.1982116699,38459,38470,11
12.9911003113,80.1984481812,38470,38480,10
12.9916496277,80.1985931396,38480,38490,10
12.9916601181,80.1985931396,38490,38500,10
12.991900444,80.1986923218,38500,38511,11
12.9923801422,80.1989593506,38511,38521,10
12.9928503036,80.1992797852,38521,38531,10
12.993229866,80.1996307373,38531,38541,10
12.993639946,80.1999588013,38541,38551,10
12.9941501617,80.2001419067,38551,38561,10
12.9946203232,80.2002410889,38561,38591,30
12.9946203232,80.2002410889,38591,38602,11
12.9947500229,80.2003326416,38602,38612,10
12.9948997498,80.2004394531,38612,38622,10
12.9949998856,80.2008132935,38622,38632,10
12.995010376,80.2012481689,38632,38642,10
12.9950399399,80.2015304565,38642,38652,10
12.9950799942,80.2020263672,38652,38662,10
12.9950399399,80.2025375366,38662,38672,10
12.9949998856,80.2029571533,38672,38682,10
12.9951000214,80.2031097412,38682,38692,10
12.9949998856,80.2034988403,38692,38703,11
12.9948301315,80.2041702271,38703,38713,10
12.994720459,80.2045974731,38713,38723,10
12.9946699142,80.2049484253,38723,38733,10
12.9947004318,80.205329895,38733,38743,10
12.9946403503,80.2059707642,38743,38753,10
12.9945802689,80.2064819336,38753,38763,10
12.9945802689,80.206703186,38763,38783,20
12.9945802689,80.206703186,38783,38793,10
12.9946298599,80.20677948,38793,38804,11
12.9948997498,80.2068862915,38804,38814,10
12.995010376,80.2067337036,38814,38874,60
12.994720459,80.206817627,38874,39228,354
12.994720459,80.206817627,39228,39238,10
12.9946498871,80.2067565918,39238,39248,10
12.9945497513,80.2067184448,39248,39258,10
12.9945402145,80.2065811157,39258,39268,10
12.9945602417,80.2063598633,39268,39278,10
12.994600296,80.2060089111,39278,39289,11
12.9946403503,80.2056884766,39289,39299,10
12.9946804047,80.2053527832,39299,39309,10
12.9947004318,80.2051391602,39309,39319,10
12.9946804047,80.2050094604,39319,39329,10
12.9946603775,80.204788208,39329,39339,10
12.9947299957,80.2044906616,39339,39349,10
12.9948196411,80.2041168213,39349,39359,10
12.9949398041,80.2036590576,39359,39369,10
12.9950304031,80.2033004761,39369,39380,11
12.9949903488,80.2029876709,39380,39390,10
12.9949903488,80.2027664185,39390,39400,10
12.9950504303,80.2024002075,39400,39410,10
12.9950704575,80.202041626,39410,39420,10
12.9950399399,80.2017364502,39420,39430,10
12.995010376,80.2013778687,39430,39440,10
12.9949903488,80.2010192871,39440,39450,10
12.9948596954,80.2004165649,39450,39491,41
12.9948596954,80.2004165649,39491,39501,10
12.9947099686,80.2002716064,39501,39511,10
12.9943599701,80.2002563477,39511,39541,30
12.9943599701,80.2002563477,39541,39551,10
12.9941997528,80.2002182007,39551,39935,384
12.9941997528,80.2002182007,39935,39945,10
12.9939603806,80.2001495361,39945,39955,10
12.9936504364,80.2000427246,39955,39966,11
12.9933795929,80.199836731,39966,39976,10
12.9930400848,80.1995391846,39976,39986,10
12.992890358,80.1994094849,39986,39996,10
12.9927196503,80.199256897,39996,40006,10
12.9924001694,80.1990509033,40006,40016,10
12.9919500351,80.1987991333,40016,40026,10
12.991399765,80.198600769,40026,40036,10
12.9908800125,80.1985015869,40036,40046,10
12.9907503128,80.1984710693,40046,40057,11
12.9902095795,80.1983413696,40057,40067,10
12.9894800186,80.1981430054,40067,40077,10
12.988650322,80.1979064941,40077,40086,9
12.9881401062,80.197769165,40086,40097,11
12.9872999191,80.1975708008,40097,40107,10
12.9865503311,80.1974105835,40107,40117,10
12.9864597321,80.1974029541,40117,40127,10
12.9860897064,80.1973190308,40127,40137,10
12.9854202271,80.1972503662,40137,40147,10
12.9846696854,80.1973724365,40147,40158,11
12.9840803146,80.1971282959,40158,40168,10
12.9834098816,80.196762085,40168,40178,10
12.9829998016,80.1965026855,40178,40188,10
12.9826602936,80.1967391968,40188,40198,10
12.9822702408,80.1970977783,40198,40208,10
12.9821796417,80.1969223022,40208,40218,10
12.9825696945,80.1966171265,40218,40228,10
12.9827604294,80.1964187622,40228,40238,10
12.9825401306,80.1962127686,40238,40248,10
12.9816102982,80.1957397461,40248,40269,21
12.9816102982,80.1957397461,40269,40279,10
12.9814195633,80.1956481934,40279,40289,10
12.981089592,80.1954803467,40289,40299,10
12.980629921,80.1952514648,40299,40309,10
12.980099678,80.1949768066,40309,40319,10
12.979590416,80.1946411133,40319,40329,10
12.979060173,80.1942825317,40329,40339,10
12.9785003662,80.1940078735,40339,40350,11
12.9775800705,80.1938400269,40350,40370,20
12.9775800705,80.1938400269,40370,40380,10
12.9774904251,80.1938323975,40380,40390,10
12.9771604538,80.1937408447,40390,40400,10
12.9769601822,80.1936569214,40400,40410,10
12.9765501022,80.1934204102,40410,40420,10
12.9762802124,80.1931686401,40420,40430,10
12.9759197235,80.1928863525,40430,40447,17
12.9749898911,80.1924209595,40447,40459,12
12.9744796753,80.1922225952,40459,40469,10
12.9739303589,80.1920089722,40469,40479,10
12.9734201431,80.1918411255,40479,40489,10
12.9731502533,80.1917495728,40489,40499,10
12.9727802277,80.1916122437,40499,40509,10
12.9722299576,80.1913909912,40509,40519,10
12.9721002579,80.1913299561,40519,40529,10
12.9720401764,80.1912994385,40529,40539,10
12.9718999863,80.1912536621,40539,40550,11
12.971540451,80.191078186,40550,40560,10
12.9711999893,80.1909179688,40560,40570,10
12.9708499908,80.1907730103,40570,40580,10
12.9703502655,80.1905822754,40580,40590,10
12.9699201584,80.1903915405,40590,40600,10
12.9694700241,80.1901626587,40600,40610,10
12.9691095352,80.1900024414,40610,40620,10
12.9689798355,80.1899185181,40620,40630,10
12.9685897827,80.189743042,40630,40640,10
12.9682397842,80.1895599365,40640,40661,21
12.9682397842,80.1895599365,40661,40671,10
12.9680099487,80.1894073486,40671,40681,10
12.9674797058,80.189201355,40681,40691,10
12.9668998718,80.1889801025,40691,40701,10
12.9663600922,80.1887817383,40701,40711,10
12.9660396576,80.1886367798,40711,40727,16
12.9657201767,80.1885070801,40727,40739,12
12.9651899338,80.1883087158,40739,40750,11
12.9648504257,80.1882171631,40750,40760,10
12.9647798538,80.1881866455,40760,40770,10
12.9644098282,80.188041687,40770,40780,10
12.9638700485,80.1878890991,40780,40789,9
12.9632797241,80.1877212524,40789,40799,10
12.9625902176,80.1875686646,40799,40810,11
12.9618501663,80.1874389648,40810,40820,10
12.9612798691,80.1873397827,40820,40829,9
12.9607896805,80.1872711182,40829,40840,11
12.9606304169,80.18724823,40840,40851,11
12.960439682,80.1872329712,40851,40861,10
12.9600296021,80.1871566772,40861,40871,10
12.9594802856,80.1871109009,40871,40881,10
12.9588603973,80.1870498657,40881,40891,10
12.9582004547,80.1870498657,40891,40901,10
12.957570076,80.1870574951,40901,40911,10
12.9569196701,80.1870422363,40911,40921,10
12.9562997818,80.18699646,40921,40931,10
12.9558496475,80.1869812012,40931,40952,21
12.9558496475,80.1869812012,40952,40962,10
12.9557800293,80.1869812012,40962,40972,10
12.9557304382,80.186958313,40972,40982,10
12.9555797577,80.1869430542,40982,40992,10
12.9552497864,80.186882019,40992,41002,10
12.9546604156,80.1867904663,41002,41012,10
12.9538898468,80.186668396,41012,41022,10
12.9530200958,80.1865463257,41022,41033,11
12.9520101547,80.1863021851,41033,41043,10
12.9511203766,80.1860275269,41043,41053,10
12.950340271,80.185760498,41053,41063,10
12.9496803284,80.1855316162,41063,41073,10
12.949259758,80.1854400635,41073,41154,81
12.949259758,80.1854400635,41154,41164,10
12.9489803314,80.1853637695,41164,41174,10
12.9484996796,80.1851882935,41174,41184,10
12.9479198456,80.1849594116,41184,41194,10
12.9473896027,80.1846237183,41194,41204,10
12.9468002319,80.1841812134,41204,41214,10
12.9465999603,80.1840133667,41214,41225,11
12.9465999603,80.1839828491,41225,41235,10
12.9462795258,80.1837310791,41235,41245,10
12.9457902908,80.1833267212,41245,41255,10
12.9452104568,80.18309021,41255,41265,10
12.9446897507,80.1830825806,41265,41275,10
12.9445199966,80.1830825806,41275,41285,10
12.9442796707,80.1830596924,41285,41295,10
12.9440002441,80.1830368042,41295,41305,10
12.9436798096,80.1830062866,41305,41315,10
12.9430904388,80.1829833984,41315,41326,11
12.9422798157,80.1829223633,41326,41336,10
12.9414796829,80.1828308105,41336,41346,10
12.9408397675,80.1827774048,41346,41356,10
12.9406795502,80.1827774048,41356,41366,10
12.940580368,80.1827774048,41366,41376,10
12.940199852,80.1827468872,41376,41386,10
12.9398803711,80.1826934814,41386,41396,10
12.9396896362,80.1826477051,41396,41406,10
12.939450264,80.1825790405,41406,41427,21
12.939450264,80.1825790405,41427,41437,10
12.9391202927,80.1824874878,41437,41447,10
12.9388799667,80.1824417114,41447,41457,10
12.9384698868,80.1823272705,41457,41467,10
12.9378499985,80.1822662354,41467,41477,10
12.9371995926,80.182258606,41477,41487,10
12.9366397858,80.1822814941,41487,41497,10
12.9359197617,80.1823501587,41497,41507,10
12.9352903366,80.1824188232,41507,41518,11
12.935210228,80.1824188232,41518,41528,10
12.9351596832,80.1824264526,41528,41538,10
12.9347801208,80.1823272705,41538,41548,10
12.9341402054,80.182182312,41548,41558,10
12.9333200455,80.181968689,41558,41568,10
12.9324703217,80.1817932129,41568,41578,10
12.9316797256,80.1816711426,41578,41588,10
12.9310998917,80.1816101074,41588,41598,10
12.9310903549,80.1816101074,41598,41608,10
12.930850029,80.1815795898,41608,41619,11
12.9301700592,80.181640625,41619,41629,10
12.9293498993,80.1818389893,41629,41639,10
12.928440094,80.1820373535,41639,41649,10
12.9274902344,80.1822662354,41649,41659,10
12.9265604019,80.1824569702,41659,41669,10
12.9256401062,80.1826171875,41669,41679,10
12.9248600006,80.182762146,41679,41689,10
12.9246301651,80.182800293,41689,41699,10
12.9243497849,80.1828308105,41699,41709,10
12.9237003326,80.1829376221,41709,41720,11
12.9227800369,80.1831130981,41720,41730,10
12.921959877,80.1833877563,41730,41740,10
12.9209403992,80.1837997437,41740,41780,40
12.9209403992,80.1837997437,41780,41790,10
12.9207296371,80.1839065552,41790,41800,10
12.9204397202,80.1840286255,41800,41811,11
12.9201402664,80.1837615967,41811,41821,10
12.9200000763,80.1830978394,41821,41831,10
12.9198999405,80.1826782227,41831,41841,10
12.9198904037,80.1826171875,41841,41851,10
12.9197998047,80.1823883057,41851,41861,10
12.9195995331,80.1824035645,41861,41871,10
12.9194898605,80.1821670532,41871,43003,1132
12.9194898605,80.1821670532,43003,43013,10
12.9195203781,80.1820678711,43013,43023,10
12.919670105,80.1819381714,43023,43033,10
12.919719696,80.1819381714,43033,43043,10
12.919839859,80.1819610596,43043,43053,10
12.9199104309,80.1820373535,43053,43063,10
12.9200201035,80.1825332642,43063,43073,10
12.9202404022,80.1834564209,43073,43114,41
12.9202404022,80.1834564209,43114,43124,10
12.9202899933,80.1837387085,43124,43154,30
12.9202899933,80.1837387085,43154,43164,10
12.9203300476,80.183921814,43164,43174,10
12.9204101563,80.1839981079,43174,43185,11
12.9205799103,80.1839599609,43185,43195,10
12.9209403992,80.1838302612,43195,43205,10
12.9214200974,80.1836395264,43205,43215,10
12.9219999313,80.1834106445,43215,43225,10
12.9225702286,80.1831970215,43225,43235,10
12.9231901169,80.1830673218,43235,43245,10
12.9238300323,80.1829528809,43245,43255,10
12.9245100021,80.1828079224,43255,43265,10
12.9251804352,80.1827011108,43265,43275,10
12.925860405,80.1826019287,43275,43286,11
12.9266300201,80.1824417114,43286,43296,10
12.9274101257,80.1822662354,43296,43306,10
12.9280996323,80.1821212769,43306,43316,10
12.9287204742,80.181968689,43316,43326,10
12.9294996262,80.1817932129,43326,43336,10
12.9303102493,80.1815719604,43336,43346,10
12.9310598373,80.1815032959,43346,43356,10
12.9314899445,80.1815490723,43356,43397,41
12.9314899445,80.1815490723,43397,43407,10
12.9316797256,80.1816101074,43407,43417,10
12.9321403503,80.181678772,43417,43427,10
12.9327402115,80.1817932129,43427,43437,10
12.9333400726,80.181930542,43437,43447,10
12.9339799881,80.1820983887,43447,43457,10
12.9346103668,80.182258606,43457,43467,10
12.9349603653,80.1823272705,43467,43478,11
12.934969902,80.1823272705,43478,43488,10
12.9351501465,80.1823806763,43488,43498,10
12.9355602264,80.1824035645,43498,43508,10
12.9360799789,80.1823425293,43508,43518,10
12.9366903305,80.182258606,43518,43528,10
12.9373598099,80.1822433472,43528,43538,10
12.9380502701,80.1822662354,43538,43548,10
12.9388999939,80.1823806763,43548,43579,31
12.9388999939,80.1823806763,43579,43589,10
12.9390001297,80.1824188232,43589,43599,10
12.9391698837,80.1824798584,43599,43609,10
12.9394903183,80.1825637817,43609,43619,10
12.9399499893,80.1826629639,43619,43629,10
12.9405698776,80.1827316284,43629,43639,10
12.9412202835,80.1827468872,43639,43649,10
12.9419603348,80.1828231812,43649,43659,10
12.9427404404,80.1829223633,43659,43670,11
12.9435596466,80.1829528809,43670,43680,10
12.9442596436,80.1829833984,43680,43690,10
12.9446697235,80.1829910278,43690,43700,10
12.9446897507,80.1829910278,43700,43710,10
12.944729805,80.1830062866,43710,43720,10
12.9450798035,80.1830368042,43720,43730,10
12.9456796646,80.1831588745,43730,43740,10
12.9462795258,80.1836166382,43740,43750,10
12.9467601776,80.1839675903,43750,43760,10
12.9468603134,80.1840362549,43760,43771,11
12.9469299316,80.1841201782,43771,43781,10
12.9472999573,80.1844177246,43781,43791,10
12.9478902817,80.1848373413,43791,43801,10
12.9487895966,80.1851425171,43801,43851,50
12.9487895966,80.1851425171,43851,43861,10
12.9490404129,80.1852416992,43861,43872,11
12.9495697021,80.1854400635,43872,43882,10
12.9501600266,80.1856231689,43882,43892,10
12.9508600235,80.1858596802,43892,43902,10
12.9517097473,80.186126709,43902,43912,10
12.9525403976,80.1863632202,43912,43922,10
12.9533700943,80.1865234375,43922,43932,10
12.9541597366,80.1866378784,43932,43942,10
12.9549398422,80.1867294312,43942,43952,10
12.9553003311,80.1867980957,43952,43963,11
12.9554195404,80.1868362427,43963,43973,10
12.9555101395,80.1868591309,43973,43983,10
12.9556999207,80.186882019,43983,43993,10
12.9561195374,80.1869430542,43993,44033,40
12.9561195374,80.1869430542,44033,44043,10
12.9563398361,80.1869735718,44043,44053,10
12.9568099976,80.1870193481,44053,44064,11
12.9573898315,80.1870422363,44064,44074,10
12.9579401016,80.1870498657,44074,44084,10
12.958530426,80.1870574951,44084,44094,10
12.9591398239,80.1870880127,44094,44104,10
12.9596700668,80.1871185303,44104,44114,10
12.9601202011,80.1871566772,44114,44124,10
12.9606304169,80.187210083,44124,44134,10
12.9611501694,80.1873016357,44134,44144,10
12.9615097046,80.1873397827,44144,44154,10
12.961520195,80.1873474121,44154,44165,11
12.9616603851,80.1873779297,44165,44175,10
12.962100029,80.1874389648,44175,44185,10
12.962679863,80.1875686646,44185,44195,10
12.9632797241,80.1876831055,44195,44205,10
12.9639196396,80.1878509521,44205,44215,10
12.9645395279,80.188041687,44215,44225,10
12.9650201797,80.1882171631,44225,44235,10
12.9653396606,80.188331604,44235,44245,10
12.9654998779,80.1884231567,44245,44276,31
12.9654998779,80.1884231567,44276,44286,10
12.9656095505,80.1884918213,44286,44296,10
12.965669632,80.1885070801,44296,44306,10
12.9658498764,80.1885681152,44306,44316,10
12.9661798477,80.1886901855,44316,44326,10
12.9665203094,80.1888198853,44326,44336,10
12.9670295715,80.1890182495,44336,44346,10
12.9675397873,80.189239502,44346,44357,11
12.9683704376,80.1895980835,44357,44397,40
12.9683704376,80.1895980835,44397,44407,10
12.9686498642,80.1897583008,44407,44417,10
12.9688901901,80.1898803711,44417,44427,10
12.9689302444,80.1899108887,44427,44437,10
12.9692401886,80.1900405884,44437,44447,10
12.9696102142,80.1902084351,44447,44458,11
12.9699602127,80.1903610229,44458,44468,10
12.9702100754,80.1904678345,44468,44478,10
12.970459938,80.1905899048,44478,44488,10
12.9707803726,80.1907119751,44488,44498,10
12.9709701538,80.190788269,44498,44508,10
12.9711704254,80.1908721924,44508,44518,10
12.9716901779,80.1910934448,44518,44528,10
12.972120285,80.1912918091,44528,44538,10
12.9727802277,80.1915817261,44538,44559,21
12.9727802277,80.1915817261,44559,44569,10
12.9729003906,80.191619873,44569,44579,10
12.9732503891,80.1917419434,44579,44589,10
12.9738197327,80.1919403076,44589,44599,10
12.9743995667,80.1921615601,44599,44609,10
12.9748096466,80.1923294067,44609,44619,10
12.9752397537,80.192489624,44619,44629,10
12.9757299423,80.1927337646,44629,44639,10
12.976099968,80.1930084229,44639,44650,11
12.9763498306,80.1931762695,44650,44660,10
12.9764604568,80.1932830811,44660,44670,10
12.9768199921,80.1935424805,44670,44680,10
12.9772901535,80.1937332153,44680,44690,10
12.9777002335,80.1938171387,44690,44700,10
12.9781799316,80.1938934326,44700,44730,30
12.9781799316,80.1938934326,44730,44740,10
12.9785203934,80.1940231323,44740,44751,11
12.9790401459,80.194229126,44751,44761,10
12.9794998169,80.194519043,44761,44771,10
12.9798898697,80.1947784424,44771,44781,10
12.9803600311,80.1950683594,44781,44791,10
12.9810695648,80.1953964233,44791,44841,50
12.9810695648,80.1953964233,44841,44852,11
12.9813995361,80.1955566406,44852,44862,10
12.9818000793,80.1957778931,44862,44872,10
12.9822998047,80.1960296631,44872,44882,10
12.9828100204,80.1962890625,44882,44892,10
12.9830303192,80.1962966919,44892,44902,10
12.9833803177,80.196182251,44902,44912,10
12.9832296371,80.1963882446,44912,44922,10
12.9832296371,80.1966018677,44922,44932,10
12.9836597443,80.1968612671,44932,44943,11
12.9842996597,80.1972198486,44943,44953,10
12.9849796295,80.1973266602,44953,44963,10
12.9856700897,80.1972198486,44963,44973,10
12.9866399765,80.1973419189,44973,45003,30
12.9866399765,80.1973419189,45003,45013,10
12.9868497849,80.1973876953,45013,45023,10
12.9873895645,80.197517395,45023,45033,10
12.9881000519,80.1976928711,45033,45044,11
12.9889602661,80.1979293823,45044,45054,10
12.989859581,80.1981735229,45054,45064,10
12.9907503128,80.198387146,45064,45074,10
12.9916801453,80.1986083984,45074,45104,30
12.9916801453,80.1986083984,45104,45114,10
12.9918699265,80.198677063,45114,45124,10
12.9922304153,80.1988677979,45124,45135,11
12.9926900864,80.1991577148,45135,45145,10
12.9930696487,80.1994934082,45145,45155,10
12.9933996201,80.1997528076,45155,45165,10
12.9941902161,80.2001495361,45165,45256,91
12.9941902161,80.2001495361,45256,45266,10
12.9944295883,80.2002563477,45266,45276,10
12.9949102402,80.2004394531,45276,45326,50
12.9949102402,80.2004394531,45326,45337,11
12.9949598312,80.200843811,45337,45347,10
12.9949703217,80.201210022,45347,45357,10
12.9949903488,80.2015762329,45357,45367,10
12.9949903488,80.2019577026,45367,45377,10
12.9949998856,80.2024230957,45377,45387,10
12.9949598312,80.2027816772,45387,45397,10
12.9950399399,80.2031097412,45397,45407,10
12.9949502945,80.2036437988,45407,45417,10
12.99477005,80.2043609619,45417,45428,11
12.9946498871,80.2050323486,45428,45438,10
12.9946298599,80.2055206299,45438,45448,10
12.9945402145,80.2062225342,45448,45458,10
12.9947004318,80.2065811157,45458,45478,20
12.9947004318,80.2065811157,45478,45488,10
12.9948396683,80.2066574097,45488,45498,10
12.9953298569,80.2067565918,45498,45508,10
12.9958200455,80.2068710327,45508,45518,10
12.9962396622,80.2069625854,45518,45529,11
12.9968900681,80.2070922852,45529,45539,10
12.9975996017,80.2072296143,45539,45549,10
12.9984998703,80.2074279785,45549,45569,20
12.9984998703,80.2074279785,45569,45579,10
12.9988498688,80.2075195313,45579,45589,10
12.9991998672,80.2075881958,45589,45599,10
12.9997596741,80.2077102661,45599,45609,10
13.0001001358,80.2077865601,45609,45619,10
13.0005903244,80.2078781128,45619,45629,10
13.0012702942,80.2081985474,45629,45640,11
13.0020303726,80.2085723877,45640,45650,10
13.0027999878,80.2089767456,45650,45660,10
13.0033998489,80.2092971802,45660,45670,10
13.0034303665,80.2096862793,45670,45680,10
13.0035104752,80.2101135254,45680,45690,10
13.0036096573,80.2108306885,45690,45700,10
13.0036897659,80.2116088867,45700,45710,10
13.0038995743,80.2119827271,45710,45721,11
13.0040597916,80.2120513916,45721,45731,10
13.0045499802,80.212272644,45731,45741,10
13.0051403046,80.2126083374,45741,45751,10
13.0058803558,80.2128601074,45751,45761,10
13.0065898895,80.2127227783,45761,45771,10
13.0070695877,80.2127685547,45771,45781,10
13.0076398849,80.2128829956,45781,45811,30
13.0078401566,80.2130889893,45811,45832,21
13.0078401566,80.2130889893,45832,45842,10
13.0079698563,80.213180542,45842,45852,10
13.0083398819,80.2133331299,45852,45862,10
13.0088100433,80.2138137817,45862,45872,10
13.0093202591,80.2145080566,45872,45882,10
13.0097799301,80.2151412964,45882,45892,10
13.0103702545,80.2158203125,45892,45902,10
13.0107402802,80.2166824341,45902,45912,10
13.0110797882,80.2175369263,45912,45923,11
13.011469841,80.2185897827,45923,45933,10
13.0117998123,80.2195968628,45933,45943,10
13.0121002197,80.2205429077,45943,45953,10
13.0124502182,80.2213516235,45953,45963,10
13.0128297806,80.2219085693,45963,45973,10
13.0133199692,80.2225036621,45973,45983,10
13.0137796402,80.2230834961,45983,45993,10
13.0142002106,80.2235794067,45993,46003,10
13.0144796371,80.2238922119,46003,46014,11
13.0149402618,80.2245178223,46014,46024,10
13.0153398514,80.2248764038,46024,46034,10
13.0154895782,80.2250213623,46034,46044,10
13.0155000687,80.2250213623,46044,46054,10
13.0156297684,80.2251815796,46054,46064,10
13.0160703659,80.2253799438,46064,46074,10
13.0167102814,80.2252578735,46074,46084,10
13.0174303055,80.2249679565,46084,46094,10
13.0181703568,80.2246627808,46094,46104,10
13.0192403793,80.224319458,46104,46125,21
13.0192403793,80.224319458,46125,46135,10
13.0193500519,80.2243423462,46135,46145,10
13.0197000504,80.2245407104,46145,46155,10
13.0200996399,80.224822998,46155,46165,10
13.0204296112,80.2250595093,46165,46175,10
13.0208997726,80.2254180908,46175,46185,10
13.0214004517,80.2258071899,46185,46195,10
13.0218601227,80.2261810303,46195,46205,10
13.0224103928,80.2266235352,46205,46216,11
13.0229597092,80.2270965576,46216,46226,10
13.0237197876,80.2277679443,46226,46256,30
13.0237197876,80.2277679443,46256,46266,10
13.0239295959,80.2279586792,46266,46408,142
13.0239295959,80.2279586792,46408,46418,10
13.0240497589,80.2281723022,46418,46428,10
13.0242395401,80.2283401489,46428,46438,10
13.0243902206,80.2285003662,46438,46488,50
13.0243902206,80.2285003662,46488,46499,11
13.0243997574,80.2285614014,46499,46509,10
13.0241603851,80.2284698486,46509,46519,10
13.0238399506,80.2280197144,46519,46529,10
13.023349762,80.2275085449,46529,46539,10
13.0228099823,80.2269973755,46539,46549,10
13.0222196579,80.2264709473,46549,46559,10
13.02161026,80.225982666,46559,46569,10
13.020939827,80.2254562378,46569,46579,10
13.0202798843,80.2250366211,46579,46589,10
13.019900322,80.2247924805,46589,46600,11
13.0198602676,80.2247467041,46600,46610,10
13.0197601318,80.2246932983,46610,46620,10
13.0192699432,80.2245178223,46620,46630,10
13.0185098648,80.2246398926,46630,46640,10
13.0176801682,80.2249679565,46640,46650,10
13.0169000626,80.2252807617,46650,46660,10
13.0162601471,80.2255477905,46660,46670,10
13.0156898499,80.2257232666,46670,46680,10
13.015250206,80.2258987427,46680,46691,11
13.0148496628,80.2259979248,46691,46901,210
13.0148496628,80.2259979248,46901,46912,11
13.0144395828,80.2261734009,46912,46922,10
13.0142498016,80.2261962891,46922,46932,10
13.0141601563,80.2259902954,46932,46942,10
13.0140600204,80.2255401611,46942,47073,131
13.0140600204,80.2255401611,47073,47084,11
13.0140800476,80.225440979,47084,47094,10
13.0141401291,80.2252578735,47094,47104,10
13.0143003464,80.225402832,47104,47114,10
13.0143203735,80.2256393433,47114,50208,3094
13.0142803192,80.2256469727,50208,50773,565
13.0142803192,80.2256469727,50773,50783,10
13.0143699646,80.2258224487,50783,50794,11
13.0142297745,80.2260284424,50794,50804,10
13.0142002106,80.2262191772,50804,50814,10
13.0138397217,80.2263870239,50814,50824,10
13.0131797791,80.2266616821,50824,50834,10
13.0124998093,80.2269363403,50834,50844,10
13.0117197037,80.2272186279,50844,50854,10
13.0108699799,80.2275772095,50854,50864,10
13.0100402832,80.2278900146,50864,50874,10
13.0095100403,80.2276306152,50874,50885,11
13.0098400116,80.2268829346,50885,50895,10
13.0101604462,80.2261810303,50895,50905,10
13.0105104446,80.2253875732,50905,50915,10
13.0108203888,80.2246398926,50915,50925,10
13.0111398697,80.2238922119,50925,50935,10
13.0114498138,80.2231826782,50935,50945,10
13.0116996765,80.2224273682,50945,50955,10
13.0119695663,80.2216415405,50955,50965,10
13.012140274,80.221031189,50965,50975,10
13.0119199753,80.2203292847,50975,50986,11
13.0116596222,80.2195281982,50986,50996,10
13.0114202499,80.2187728882,50996,51006,10
13.011179924,80.2180175781,51006,51016,10
13.0108299255,80.2171630859,51016,51026,10
13.0104198456,80.2163162231,51026,51036,10
13.0100803375,80.2157363892,51036,51046,10
13.0096902847,80.2150268555,51046,51056,10
13.0093297958,80.2145385742,51056,51066,10
13.0089502335,80.2140426636,51066,51076,10
13.0085897446,80.2135925293,51076,51087,11
13.0083398819,80.2133865356,51087,51137,50
13.0083398819,80.2133865356,51137,51153,16
13.0081300735,80.2133102417,51153,51165,12
13.0080003738,80.2132415771,51165,51173,8
13.007900238,80.2131729126,51173,51186,13
13.0077400208,80.2129898071,51186,51196,10
13.0072898865,80.2127990723,51196,51206,10
13.0066699982,80.2127304077,51206,51216,10
13.005979538,80.2129364014,51216,51226,10
13.005279541,80.212677002,51226,51236,10
13.0046396255,80.212310791,51236,51245,9
13.0040102005,80.212097168,51245,51257,12
13.0037202835,80.2119674683,51257,51266,9
13.0037202835,80.2119598389,51266,51278,12
13.0036802292,80.2116699219,51278,51288,10
13.0036201477,80.2112121582,51288,51298,10
13.0035495758,80.2106018066,51298,51308,10
13.0034704208,80.2099304199,51308,51318,10
13.0034503937,80.2094192505,51318,51328,10
13.0031204224,80.2091522217,51328,51338,10
13.0024595261,80.2088012695,51338,51348,10
13.0017700195,80.2084274292,51348,51358,10
13.001159668,80.2080993652,51358,51368,10
13.0006399155,80.2078399658,51368,51379,11
13.0000600815,80.2077178955,51379,51389,10
12.9995203018,80.2076034546,51389,51399,10
12.9990997314,80.2075271606,51399,51409,10
12.9986400604,80.2074279785,51409,51419,10
12.9982204437,80.2073364258,51419,51429,10
12.9977502823,80.2072372437,51429,51445,16
12.9975099564,80.2072067261,51445,51457,12
12.9969396591,80.2070999146,51457,51465,8
12.9965200424,80.2070007324,51465,51476,11
12.9959802628,80.2068786621,51476,51488,12
12.9955301285,80.2067718506,51488,51498,10
12.9947900772,80.2066116333,51498,51548,50
12.9947900772,80.2066116333,51548,51559,11
12.9946403503,80.2065811157,51559,51570,11
12.9945402145,80.206489563,51570,51580,10
12.9945802689,80.2061920166,51580,51590,10
12.9946298599,80.2056808472,51590,51600,10
12.9946699142,80.2051086426,51600,51610,10
12.9946603775,80.2047271729,51610,51620,10
12.994720459,80.2044830322,51620,51630,10
12.994799614,80.2040710449,51630,51640,10
12.9949502945,80.2034988403,51640,51650,10
12.9950199127,80.2030715942,51650,51660,10
12.9949598312,80.2027816772,51660,51671,11
12.9950399399,80.2022094727,51671,51681,10
12.9950199127,80.2017211914,51681,51691,10
12.9949502945,80.2014007568,51691,51701,10
12.9949598312,80.2010803223,51701,51711,10
12.9949197769,80.2006378174,51711,51721,10
12.9947299957,80.200340271,51721,51731,10
12.994720459,80.2003326416,51731,51741,10
12.9944400787,80.2002868652,51741,52156,415
12.9944400787,80.2002868652,52156,52166,10
12.9940500259,80.2001113892,52166,52176,10
12.9937496185,80.2000427246,52176,52186,10
12.9935798645,80.1999511719,52186,52196,10
12.9933795929,80.1997680664,52196,52206,10
12.9930295944,80.1994628906,52206,52216,10
12.9926595688,80.199180603,52216,52226,10
12.9922504425,80.1989364624,52226,52236,10
12.9917097092,80.1986236572,52236,52246,10
12.9911203384,80.1984786987,52246,52257,11
12.9908399582,80.1984405518,52257,52267,10
12.9905500412,80.1983795166,52267,52277,10
12.9899301529,80.1982116699,52277,52287,10
12.9890804291,80.1979598999,52287,52297,10
12.9881496429,80.1977005005,52297,52307,10
12.9872503281,80.197479248,52307,52317,10
12.9865999222,80.1973571777,52317,52327,10
12.9865598679,80.1973571777,52327,52337,10
12.9864702225,80.1973419189,52337,52348,11
12.986000061,80.1972427368,52348,52358,10
12.9852800369,80.1972122192,52358,52368,10
12.9845304489,80.1972808838,52368,52378,10
12.9837703705,80.1968917847,52378,52388,10
12.9830999374,80.196472168,52388,52398,10
12.9826002121,80.1967391968,52398,52408,10
12.9821996689,80.1970825195,52408,52418,10
12.982339859,80.1967926025,52418,52428,10
12.9827404022,80.1964797974,52428,52438,10
12.9826097488,80.1962203979,52438,52449,11
12.9819602966,80.195892334,52449,52459,10
12.9816598892,80.1957092285,52459,52469,10
12.9816198349,80.1956634521,52469,52479,10
12.9812498093,80.1954574585,52479,52489,10
12.9807500839,80.1952209473,52489,52505,16
12.9797897339,80.1947021484,52505,52517,12
12.9791402817,80.1942596436,52517,52525,8
12.9786500931,80.1940002441,52525,52537,12
12.977519989,80.1937484741,52537,52558,21
12.977519989,80.1937484741,52558,52568,10
12.9771995544,80.1936569214,52568,52578,10
12.9766998291,80.1934280396,52578,52587,9
12.9762601852,80.1930999756,52587,52598,11
12.9756803513,80.1926879883,52598,52608,10
12.9749698639,80.1923675537,52608,52618,10
12.9744796753,80.1921691895,52618,52628,10
12.97397995,80.1920013428,52628,52638,10
12.9734401703,80.1918106079,52638,52649,11
12.9729700089,80.19165802,52649,52659,10
12.9724798203,80.1914520264,52659,52669,10
12.9722003937,80.1913223267,52669,52679,10
12.9720602036,80.1912612915,52679,52689,10
12.9715595245,80.1910324097,52689,52699,10
12.9710302353,80.1908187866,52699,52709,10
12.970410347,80.1905593872,52709,52719,10
12.9697799683,80.190246582,52719,52735,16
12.9687900543,80.1897735596,52735,52748,13
12.9680404663,80.1894073486,52748,52758,10
12.9679698944,80.1893692017,52758,52768,10
12.9677696228,80.1892776489,52768,52777,9
12.9672899246,80.1890792847,52777,52788,11
12.9667100906,80.1888275146,52788,52798,10
12.9659404755,80.1885375977,52798,52808,10
12.9652996063,80.1882705688,52808,52818,10
12.9648799896,80.1881637573,52818,52828,10
12.9648303986,80.1881637573,52828,52838,10
12.9644203186,80.1880187988,52838,52849,11
12.9637498856,80.1878128052,52849,52859,10
12.9630899429,80.1876220703,52859,52869,10
12.9623403549,80.1874694824,52869,52879,10
12.961689949,80.1873474121,52879,52889,10
12.9610700607,80.18724823,52889,52899,10
12.9607496262,80.1871871948,52899,52909,10
12.9606304169,80.1871566772,52909,52919,10
12.9602403641,80.1871032715,52919,52929,10
12.9597797394,80.1870422363,52929,52939,10
12.9590902328,80.1869888306,52939,52949,10
12.9583396912,80.1869735718,52949,52960,11
12.9575500488,80.18699646,52960,52970,10
12.9568004608,80.1869812012,52970,52980,10
12.9558000565,80.1869125366,52980,53000,20
12.9558000565,80.1869125366,53000,53010,10
12.9556303024,80.1868362427,53010,53020,10
12.9553499222,80.1867904663,53020,53030,10
12.9548397064,80.1867294312,53030,53041,11
12.954079628,80.186630249,53041,53051,10
12.9532699585,80.1865081787,53051,53061,10
12.9524297714,80.1863479614,53061,53071,10
12.9516096115,80.1861190796,53071,53081,10
12.950750351,80.1858291626,53081,53091,10
12.9499797821,80.1855773926,53091,53101,10
12.9492998123,80.1853790283,53101,53162,61
12.9492998123,80.1853790283,53162,53172,10
12.9491901398,80.1853637695,53172,53182,10
12.9487600327,80.1851882935,53182,53192,10
12.948220253,80.1850128174,53192,53202,10
12.9475498199,80.1846389771,53202,53212,10
12.9466600418,80.1839904785,53212,53233,21
12.9466600418,80.1839904785,53233,53243,10
12.9463500977,80.1837387085,53243,53253,10
12.9457998276,80.1832885742,53253,53263,10
12.9450302124,80.1830291748,53263,53273,10
12.9445295334,80.1830062866,53273,53283,10
12.9440002441,80.1829681396,53283,53293,10
12.9432201385,80.1829223633,53293,53303,10
12.9422397614,80.1828613281,53303,53313,10
12.9412202835,80.1827392578,53313,53323,10
12.940369606,80.1827163696,53323,53334,11
12.9394598007,80.1825485229,53334,53354,20
12.9394598007,80.1825485229,53354,53364,10
12.9392004013,80.1824798584,53364,53374,10
12.9389200211,80.1824111938,53374,53384,10
12.9384202957,80.1822891235,53384,53394,10
12.9376602173,80.1822128296,53394,53404,10
12.9367599487,80.1822128296,53404,53414,10
12.9358997345,80.1823120117,53414,53425,11
12.9352903366,80.1823577881,53425,53435,10
12.9351596832,80.1823425293,53435,53445,10
12.9346599579,80.182258606,53445,53455,10
12.9338998795,80.1820678711,53455,53465,10
12.9329299927,80.1818389893,53465,53475,10
12.9319295883,80.1816635132,53475,53485,10
12.9311599731,80.1815719604,53485,53495,10
12.931139946,80.1815719604,53495,53505,10
12.9307403564,80.1815185547,53505,53515,10
12.9300298691,80.1816329956,53515,53526,11
12.9291000366,80.1818695068,53526,53536,10
12.9283599854,80.1820373535,53536,53546,10
12.927570343,80.1822433472,53546,53556,10
12.9267997742,80.1824111938,53556,53566,10
12.9259700775,80.1825714111,53566,53576,10
12.9251804352,80.1827011108,53576,53586,10
12.9244699478,80.1828079224,53586,53596,10
12.9237098694,80.1829376221,53596,53606,10
12.9230699539,80.1830215454,53606,53616,10
12.922419548,80.1831970215,53616,53627,11
12.9215402603,80.1835479736,53627,53637,10
12.9207401276,80.183883667,53637,53647,10
12.9204502106,80.1839981079,53647,53657,10
12.9203500748,80.1839981079,53657,53667,10
12.9201202393,80.1836776733,53667,53677,10
12.9200000763,80.1830825806,53677,53687,10
12.9198703766,80.1825637817,53687,53697,10
12.9198598862,80.182510376,53697,53707,10
12.9198198318,80.1823806763,53707,53717,10
12.9196395874,80.1823883057,53717,53728,11
12.9194602966,80.182182312,53728,54566,838
12.9194602966,80.182182312,54566,54576,10
12.9196901321,80.1819534302,54576,54596,20
12.9196901321,80.1819534302,54596,54607,11
12.9198999405,80.1820678711,54607,54617,10
12.9199895859,80.1824798584,54617,54627,10
12.9200897217,80.1828765869,54627,54637,10
12.9202203751,80.1833496094,54637,55182,545
12.9202203751,80.1833496094,55182,55193,11
12.9203195572,80.1838607788,55193,55203,10
12.9203996658,80.1839599609,55203,55213,10
12.9205303192,80.183921814,55213,55223,10
12.9208202362,80.1837997437,55223,55233,10
12.9212598801,80.1836166382,55233,55243,10
12.9218397141,80.183380127,55243,55253,10
12.9224996567,80.1831436157,55253,55263,10
12.9232397079,80.1829910278,55263,55273,10
12.9239196777,80.1828536987,55273,55283,10
12.9246397018,80.1827316284,55283,55294,11
12.9253501892,80.1826095581,55294,55304,10
12.9260797501,80.1824874878,55304,55314,10
12.9268198013,80.1823425293,55314,55324,10
12.9275999069,80.182182312,55324,55334,10
12.9283599854,80.1819992065,55334,55344,10
12.9291200638,80.1818313599,55344,55354,10
12.9298801422,80.181640625,55354,55364,10
12.9307098389,80.1814422607,55364,55374,10
12.931429863,80.1815032959,55374,55384,10
12.9314899445,80.1815185547,55384,55395,11
12.9318199158,80.1815795898,55395,55405,10
12.9324502945,80.1816864014,55405,55415,10
12.9332399368,80.1818695068,55415,55425,10
12.9340696335,80.1820831299,55425,55435,10
12.934800148,80.182258606,55435,55445,10
12.9350099564,80.1823120117,55445,55455,10
12.9351196289,80.1823501587,55455,55465,10
12.9355802536,80.1823730469,55465,55475,10
12.9362401962,80.1822814941,55475,55485,10
12.9369802475,80.1822128296,55485,55496,11
12.9378004074,80.1822128296,55496,55506,10
12.9387397766,80.1823272705,55506,55636,130
12.9387397766,80.1823272705,55636,55646,10
12.93887043,80.1823883057,55646,55656,10
12.9390201569,80.1823883057,55656,55666,10
12.9390602112,80.1824035645,55666,55676,10
12.9393396378,80.1825027466,55676,55687,11
12.9398002625,80.1826171875,55687,55697,10
12.9402799606,80.1827087402,55697,55707,10
12.940779686,80.1827163696,55707,55717,10
12.9414196014,80.1827392578,55717,55727,10
12.9420995712,80.1828231812,55727,55737,10
12.9428396225,80.1828918457,55737,55747,10
12.9436197281,80.1829071045,55747,55757,10
12.9443702698,80.1829376221,55757,55767,10
12.9446401596,80.1829376221,55767,55777,10
12.9448299408,80.1829528809,55777,55788,11
12.945400238,80.1829910278,55788,55798,10
12.9459104538,80.1832885742,55798,55808,10
12.9464998245,80.1837387085,55808,55818,10
12.9468402863,80.1839981079,55818,55828,10
12.9469299316,80.1840591431,55828,55838,10
12.9472703934,80.1843566895,55838,55848,10
12.9478197098,80.1847610474,55848,55858,10
12.9484395981,80.1850204468,55858,55868,10
12.9486999512,80.1850814819,55868,55878,10
12.9490203857,80.1851882935,55878,55889,11
12.9497003555,80.1854324341,55889,55899,10
12.9503898621,80.1856613159,55899,55909,10
12.9511404037,80.1859130859,55909,55919,10
12.9519100189,80.1861572266,55919,55929,10
12.9526500702,80.1863632202,55929,55939,10
12.953379631,80.1864776611,55939,55949,10
12.954079628,80.1865997314,55949,55959,10
12.9547796249,80.1866912842,55959,55969,10
12.9554595947,80.1867980957,55969,55980,11
12.9560899734,80.1868515015,55980,56010,30
12.9560899734,80.1868515015,56010,56020,10
12.9562997818,80.186882019,56020,56030,10
12.9567604065,80.1869430542,56030,56040,10
12.9572401047,80.1869888306,56040,56050,10
12.9577598572,80.1869812012,56050,56060,10
12.9583101273,80.1869812012,56060,56070,10
12.9588804245,80.1869888306,56070,56081,11
12.9596004486,80.1870422363,56081,56091,10
12.960149765,80.1870574951,56091,56101,10
12.9606304169,80.1871566772,56101,56111,10
12.9615001678,80.1873016357,56111,56131,20
12.9615001678,80.1873016357,56131,56141,10
12.9617595673,80.1873168945,56141,56151,10
12.9622497559,80.1874084473,56151,56161,10
12.9628000259,80.1875228882,56161,56172,11
12.9634199142,80.1876678467,56172,56182,10
12.9640903473,80.1878585815,56182,56192,10
12.9647197723,80.1880569458,56192,56202,10
12.9651403427,80.1882400513,56202,56212,10
12.9654302597,80.188369751,56212,56222,10
12.9654502869,80.1883773804,56222,56232,10
12.9655504227,80.1884384155,56232,56242,10
12.9658298492,80.1885375977,56242,56252,10
12.9661102295,80.188659668,56252,56262,10
12.9665298462,80.1888504028,56262,56273,11
12.9671497345,80.1890792847,56273,56283,10
12.9677600861,80.1893234253,56283,56293,10
12.9682397842,80.1895294189,56293,56303,10
12.9682998657,80.1895675659,56303,56313,10
12.9684000015,80.1896286011,56313,56323,10
12.9687595367,80.1897888184,56323,56333,10
12.9691200256,80.1899490356,56333,56343,10
12.9696302414,80.1902008057,56343,56353,10
12.9701900482,80.1904602051,56353,56363,10
12.9707603455,80.1906967163,56363,56374,11
12.9714002609,80.1909637451,56374,56384,10
12.9719800949,80.1912307739,56384,56394,10
12.9726696014,80.1915206909,56394,56414,20
12.9726696014,80.1915206909,56414,56424,10
12.9729204178,80.191619873,56424,56434,10
12.973400116,80.1917877197,56434,56444,10
12.9739599228,80.1920089722,56444,56454,10
12.9744701385,80.192199707,56454,56464,10
12.9749403,80.1923904419,56464,56475,11
12.9755897522,80.1926727295,56475,56485,10
12.9761199951,80.1930618286,56485,56495,10
12.9766902924,80.1934432983,56495,56505,10
12.9772796631,80.193687439,56505,56515,10
12.9776802063,80.1937789917,56515,56525,10
12.9780797958,80.1938400269,56525,56535,10
12.9781799316,80.1938476563,56535,56545,10
12.9782896042,80.1938934326,56545,56555,10
12.9786195755,80.1940002441,56555,56566,11
12.9789400101,80.194152832,56566,56576,10
12.9794502258,80.194442749,56576,56586,10
12.9799203873,80.1947937012,56586,56596,10
12.9805297852,80.1951370239,56596,56606,10
12.9809799194,80.1953582764,56606,56616,10
12.9810199738,80.1953811646,56616,56626,10
12.9811096191,80.1954193115,56626,56636,10
12.9814395905,80.1956176758,56636,56646,10
12.9819898605,80.1958999634,56646,56656,10
12.9826202393,80.1961975098,56656,56667,11
12.9829597473,80.1963500977,56667,56677,10
12.9833498001,80.1961669922,56677,56687,10
12.9832897186,80.1963806152,56687,56697,10
12.9832201004,80.1965484619,56697,56707,10
12.9834604263,80.1967086792,56707,56717,10
12.9838600159,80.1969528198,56717,56727,10
12.9844703674,80.1972808838,56727,56737,10
12.9851999283,80.1972503662,56737,56747,10
12.9859800339,80.1971969604,56747,56757,10
12.9866304398,80.1973114014,56757,56768,11
12.9868001938,80.1973571777,56768,56778,10
12.9873695374,80.1975021362,56778,56788,10
12.9881401062,80.1976928711,56788,56798,10
12.9890699387,80.1979598999,56798,56808,10
12.9900398254,80.1982116699,56808,56818,10
12.9909896851,80.1984405518,56818,56828,10
12.9917001724,80.1986236572,56828,56838,10
12.9917201996,80.1986312866,56838,56848,10
12.9920301437,80.1987915039,56848,56859,11
12.9925298691,80.1990585327,56859,56869,10
12.9930095673,80.1994400024,56869,56879,10
12.9934597015,80.1998214722,56879,56889,10
12.9939603806,80.2000579834,56889,56899,10
12.9945201874,80.2002182007,56899,56939,40
12.9945201874,80.2002182007,56939,56949,10
12.9947395325,80.2003097534,56949,56960,11
12.9949598312,80.200630188,56960,56970,10
12.9950199127,80.2010803223,56970,56980,10
12.9950304031,80.2012329102,56980,56990,10
12.9950399399,80.2013473511,56990,57000,10
12.9950799942,80.2016372681,57000,57010,10
12.9950895309,80.2021636963,57010,57020,10
12.995059967,80.2025375366,57020,57030,10
12.9950199127,80.2029418945,57030,57040,10
12.9950799942,80.2032623291,57040,57051,11
12.9950304031,80.2033996582,57051,57061,10
12.995010376,80.2034988403,57061,57071,10
12.9949302673,80.2037811279,57071,57081,10
12.9947900772,80.2043685913,57081,57091,10
12.9946804047,80.2049179077,57091,57101,10
12.9947099686,80.2053375244,57101,57111,10
12.9946699142,80.205871582,57111,57121,10
12.9946098328,80.2063980103,57121,57131,10
12.9946203232,80.206703186,57131,57152,21
12.9946203232,80.206703186,57152,57162,10
12.9946403503,80.2067871094,57162,57172,10
12.9947795868,80.2068862915,57172,57182,10
12.9949998856,80.2067337036,57182,57899,717
12.9949998856,80.2067337036,57899,57909,10
12.9947395325,80.2067337036,57909,58788,879
12.9947395325,80.2067337036,58788,58798,10
12.9945602417,80.2062988281,58798,58808,10
12.994600296,80.2060012817,58808,58819,11
12.9946603775,80.205581665,58819,58829,10
12.9946804047,80.2052612305,58829,58839,10
12.9946498871,80.2049713135,58839,58849,10
12.994720459,80.2046813965,58849,58859,10
12.9947900772,80.2043075562,58859,58869,10
12.994890213,80.203918457,58869,58879,10
12.9949998856,80.2034835815,58879,58889,10
12.9950504303,80.2031402588,58889,58899,10
12.9949703217,80.202911377,58899,58910,11
12.9950199127,80.2025375366,58910,58920,10
12.995059967,80.2021026611,58920,58930,10
12.9950399399,80.2017211914,58930,58940,10
12.995010376,80.2012329102,58940,58960,20
12.995010376,80.2012329102,58960,58970,10
12.9950199127,80.201133728,58970,58980,10
12.9949998856,80.2007293701,58980,58990,10
12.994799614,80.2003479004,58990,59001,11
12.9943399429,80.2002716064,59001,59294,293
12.9943399429,80.2002716064,59294,59304,10
12.9939403534,80.2000808716,59304,59314,10
12.9936800003,80.1999893188,59314,59324,10
12.9934301376,80.1998291016,59324,59334,10
12.9931402206,80.1995773315,59334,59344,10
12.9929199219,80.1993865967,59344,59354,10
12.9926996231,80.19921875,59354,59364,10
12.9926900864,80.1992034912,59364,59374,10
12.9923696518,80.1989974976,59374,59384,10
12.991979599,80.1987991333,59384,59395,11
12.9914703369,80.1986083984,59395,59405,10
12.9910402298,80.1985168457,59405,59415,10
12.9909200668,80.1984863281,59415,59425,10
12.9906301498,80.1984176636,59425,59435,10
12.9900598526,80.1982727051,59435,59445,10
12.9893598557,80.1980819702,59445,59455,10
12.9886302948,80.197883606,59455,59465,10
12.9879102707,80.1976699829,59465,59475,10
12.9872198105,80.1975097656,59475,59486,11
12.9865903854,80.1973800659,59486,59496,10
12.9865503311,80.1973724365,59496,59506,10
12.9862003326,80.197303772,59506,59516,10
12.9856004715,80.1972122192,59516,59526,10
12.9849700928,80.1973266602,59526,59536,10
12.9843301773,80.1972503662,59536,59546,10
12.9837398529,80.1969223022,59546,59556,10
12.9832000732,80.1965866089,59556,59566,10
12.9828996658,80.1965179443,59566,59576,10
12.9825897217,80.1968231201,59576,59587,11
12.9822998047,80.1971206665,59587,59597,10
12.9821996689,80.1971664429,59597,59607,10
12.9821796417,80.1971588135,59607,59617,10
12.9822902679,80.1968917847,59617,59627,10
12.9826202393,80.1965332031,59627,59637,10
12.9827604294,80.1963500977,59637,59647,10
12.982460022,80.1961364746,59647,59657,10
12.9817399979,80.1957931519,59657,59677,20
12.9817399979,80.1957931519,59677,59694,17
12.9816398621,80.1957397461,59694,59706,12
12.981300354,80.1955566406,59706,59716,10
12.9810495377,80.1954269409,59716,59724,8
12.9806499481,80.1952362061,59724,59735,11
12.9800701141,80.1949310303,59735,59746,11
12.9795198441,80.1945495605,59746,59758,12
12.9788999557,80.1941604614,59758,59768,10
12.9783802032,80.1939468384,59768,59778,10
12.9778299332,80.1938400269,59778,59788,10
12.9775800705,80.1938095093,59788,59799,11
12.977519989,80.1937866211,59799,59808,9
12.9772195816,80.1937103271,59808,59819,11
12.9767599106,80.1935119629,59819,59829,10
12.9763298035,80.1931991577,59829,59839,10
12.9759397507,80.1929168701,59839,59849,10
12.975399971,80.1925811768,59849,59859,10
12.9748001099,80.1923370361,59859,59869,10
12.9743995667,80.1921920776,59869,59880,11
12.9738302231,80.1919784546,59880,59890,10
12.9732904434,80.1917800903,59890,59900,10
12.972869873,80.1916122437,59900,59910,10
12.9726896286,80.1915435791,59910,59920,10
12.9723997116,80.1914367676,59920,59930,10
12.9721403122,80.1913223267,59930,59940,10
12.9721097946,80.1912994385,59940,59950,10
12.9718103409,80.1911621094,59950,59960,10
12.9713497162,80.1909484863,59960,59970,10
12.9708900452,80.1907272339,59970,59981,11
12.9703502655,80.1905288696,59981,59991,10
12.9699001312,80.190322876,59991,60001,10
12.9693899155,80.1900787354,60001,60011,10
12.9689302444,80.1898727417,60011,60021,10
12.9684896469,80.1896820068,60021,60031,10
12.9680099487,80.1894607544,60031,60051,20
12.9680099487,80.1894607544,60051,60061,10
12.9678001404,80.1893768311,60061,60072,11
12.9673299789,80.1891784668,60072,60082,10
12.9668903351,80.1890029907,60082,60092,10
12.9663600922,80.1887817383,60092,60102,10
12.9659204483,80.1885986328,60102,60112,10
12.9655399323,80.1884384155,60112,60122,10
12.9649000168,80.1881866455,60122,60142,20
12.9649000168,80.1881866455,60142,60152,10
12.9648399353,80.1881637573,60152,60162,10
12.964509964,80.1880569458,60162,60173,11
12.9639997482,80.1879119873,60173,60183,10
12.9634504318,80.1877288818,60183,60193,10
12.9630002975,80.1876220703,60193,60203,10
12.9624500275,80.1875228882,60203,60213,10
12.9618501663,80.1873931885,60213,60223,10
12.9608001709,80.1872177124,60223,60243,20
12.9608001709,80.1872177124,60243,60253,10
12.9606599808,80.187210083,60253,60263,10
12.9603595734,80.187171936,60263,60274,11
12.9598999023,80.1871109009,60274,60284,10
12.9593601227,80.1870727539,60284,60294,10
12.9588003159,80.1870269775,60294,60310,16
12.957859993,80.1870498657,60310,60322,12
12.957110405,80.1870269775,60322,60332,10
12.9566202164,80.18699646,60332,60340,8
12.9558200836,80.186958313,60340,60374,34
12.9558200836,80.186958313,60374,60384,10
12.9555997849,80.1868972778,60384,60394,10
12.9554595947,80.1868591309,60394,60404,10
12.9550895691,80.1868133545,60404,60414,10
12.9544696808,80.1867218018,60414,60424,10
12.953789711,80.1866226196,60424,60434,10
12.9531698227,80.1865386963,60434,60444,10
12.9523601532,80.1863632202,60444,60454,10
12.9515695572,80.1861419678,60454,60465,11
12.9506597519,80.1858291626,60465,60475,10
12.949839592,80.1855621338,60475,60485,10
12.9491100311,80.185333252,60485,60495,10
12.9485197067,80.1851272583,60495,60505,10
12.9479198456,80.1848907471,60505,60515,10
12.9474802017,80.1846084595,60515,60525,10
12.9468803406,80.1841812134,60525,60535,10
12.9466199875,80.1839675903,60535,60545,10
12.946559906,80.183921814,60545,60555,10
12.9462795258,80.1837005615,60555,60566,11
12.9458198547,80.1833190918,60566,60576,10
12.9452695847,80.1830596924,60576,60586,10
12.9447002411,80.1830596924,60586,60596,10
12.9446201324,80.1830596924,60596,60606,10
12.9444198608,80.1830368042,60606,60616,10
12.9439201355,80.1830062866,60616,60626,10
12.9432897568,80.1829605103,60626,60636,10
12.9425802231,80.1829376221,60636,60646,10
12.9418401718,80.1828536987,60646,60657,11
12.9411001205,80.1827697754,60657,60667,10
12.9404802322,80.182762146,60667,60677,10
12.9399003983,80.1826934814,60677,60687,10
12.939450264,80.1825790405,60687,60707,20
12.939450264,80.1825790405,60707,60717,10
12.9393701553,80.1825408936,60717,60727,10
12.9390697479,80.1824798584,60727,60737,10
12.9388599396,80.1824111938,60737,60747,10
12.9384202957,80.1823120117,60747,60758,11
12.9377698898,80.1822433472,60758,60768,10
12.9371595383,80.1822433472,60768,60778,10
12.93653965,80.182258606,60778,60788,10
12.935959816,80.1823272705,60788,60798,10
12.9351997375,80.1824188232,60798,60818,20
12.9351997375,80.1824188232,60818,60828,10
12.9350204468,80.1823806763,60828,60838,10
12.9345598221,80.182258606,60838,60848,10
12.9339599609,80.1821136475,60848,60859,11
12.9332399368,80.181930542,60859,60869,10
12.9325399399,80.1817703247,60869,60879,10
12.9317998886,80.1816635132,60879,60889,10
12.9311199188,80.1815872192,60889,60909,20
12.9311199188,80.1815872192,60909,60919,10
12.9308900833,80.1815719604,60919,60929,10
12.9303703308,80.1815872192,60929,60939,10
12.9297103882,80.1817474365,60939,60950,11
12.9289102554,80.1819381714,60950,60960,10
12.9281396866,80.1821289063,60960,60970,10
12.9274301529,80.1822967529,60970,60980,10
12.926659584,80.1824493408,60980,60990,10
12.9258899689,80.1826019287,60990,61000,10
12.925239563,80.1827163696,61000,61010,10
12.9249000549,80.1827774048,61010,61020,10
12.9248104095,80.1827774048,61020,61030,10
12.924369812,80.1828536987,61030,61040,10
12.9237499237,80.1829605103,61040,61051,11
12.9229803085,80.1830978394,61051,61061,10
12.9222297668,80.1832962036,61061,61071,10
12.921500206,80.18359375,61071,61081,10
12.9208498001,80.1838531494,61081,61091,10
12.9204702377,80.1840209961,61091,61131,40
12.9204702377,80.1840209961,61131,61141,10
12.9202003479,80.1839599609,61141,61152,11
12.9200801849,80.1834182739,61152,61162,10
12.919960022,80.1828918457,61162,61178,16
12.9198799133,80.1825637817,61178,61190,12
12.9198503494,80.1824188232,61190,61210,20
12.9198503494,80.1824188232,61210,61220,10
12.9196796417,80.1824035645,61220,61230,10
12.9194002151,80.182182312,61230,61837,607
12.9194002151,80.182182312,61837,61847,10
12.9194602966,80.1821136475,61847,61857,10
12.9196195602,80.1824035645,61857,61867,10
12.9197502136,80.1824188232,61867,61877,10
12.9198503494,80.1824188232,61877,61887,10
12.9199695587,80.1824569702,61887,61897,10
12.9200201035,80.1826782227,61897,61907,10
12.920249939,80.1834411621,61907,61928,21
12.920249939,80.1834411621,61928,61938,10
12.9203300476,80.1837005615,61938,61958,20
12.9203300476,80.1837005615,61958,61968,10
12.9203596115,80.1838531494,61968,61978,10
12.9204998016,80.1840286255,61978,61988,10
12.9205904007,80.1839828491,61988,61998,10
12.9209003448,80.1838531494,61998,62008,10
12.9213600159,80.1836700439,62008,62019,11
12.9220104218,80.1834182739,62019,62029,10
12.9226903915,80.1831665039,62029,62039,10
12.923500061,80.1830291748,62039,62049,10
12.9243001938,80.1828765869,62049,62059,10
12.9251499176,80.1827316284,62059,62069,10
12.9260101318,80.1825790405,62069,62079,10
12.9268198013,80.1824111938,62079,62089,10
12.9276399612,80.1822433472,62089,62099,10
12.9284801483,80.1820602417,62099,62109,10
12.9293603897,80.1818389893,62109,62120,11
12.9302902222,80.1815872192,62120,62130,10
12.931139946,80.1815032959,62130,62140,10
12.9315395355,80.1815567017,62140,62150,10
12.9316101074,80.1815795898,62150,62160,10
12.9320602417,80.1816711426,62160,62170,10
12.9327602386,80.1818008423,62170,62180,10
12.9335803986,80.1819992065,62180,62190,10
12.9343099594,80.182182312,62190,62200,10
12.9349002838,80.1823196411,62200,62210,10
12.9350595474,80.1823501587,62210,62221,11
12.9353399277,80.1823883057,62221,62231,10
12.9358701706,80.1823577881,62231,62241,10
12.9364900589,80.1822662354,62241,62251,10
12.9371700287,80.1822433472,62251,62261,10
12.93791008,80.1822509766,62261,62271,10
12.93887043,80.1823577881,62271,62301,30
12.93887043,80.1823577881,62301,62312,11
12.9391098022,80.1823883057,62312,62322,10
12.9394302368,80.1825180054,62322,62332,10
12.9399204254,80.1826629639,62332,62342,10
12.9405202866,80.1827468872,62342,62352,10
12.9412097931,80.182762146,62352,62362,10
12.9419803619,80.1828536987,62362,62372,10
12.942779541,80.1829528809,62372,62382,10
12.9435796738,80.1829605103,62382,62392,10
12.9443597794,80.1829910278,62392,62402,10
12.9446001053,80.1829910278,62402,62413,11
12.9448404312,80.1830062866,62413,62423,10
12.9454202652,80.1830596924,62423,62433,10
12.9460697174,80.1834564209,62433,62449,16
12.9468603134,80.1840515137,62449,62461,12
12.9469995499,80.1841812134,62461,62469,8
12.9473495483,80.1844711304,62469,62481,12
12.9481401443,80.184967041,62481,62491,10
12.9488801956,80.185218811,62491,62501,10
12.9493398666,80.185333252,62501,62511,10
12.9498596191,80.1855392456,62511,62522,11
12.9506597519,80.185798645,62522,62532,10
12.9515399933,80.1860961914,62532,62542,10
12.9524698257,80.1863708496,62542,62552,10
12.9533700943,80.1865386963,62552,62561,9
12.9540901184,80.1866531372,62561,62572,11
12.9548902512,80.1867675781,62572,62582,10
12.9555702209,80.1868667603,62582,62592,10
12.9560403824,80.1868972778,62592,62603,11
12.9561595917,80.186920166,62603,62613,10
12.956199646,80.1869430542,62613,62623,10
12.9565200806,80.1869812012,62623,62633,10
12.9570703506,80.1870193481,62633,62643,10
12.9577198029,80.1870498657,62643,62653,10
12.9584598541,80.1870574951,62653,62663,10
12.9591703415,80.1870803833,62663,62673,10
12.9597997665,80.1871185303,62673,62683,10
12.9603204727,80.1871490479,62683,62693,10
12.9608097076,80.1872329712,62693,62704,11
12.9613399506,80.1873092651,62704,62714,10
12.9615402222,80.1873397827,62714,62724,10
12.9617395401,80.1873931885,62724,62734,10
12.9621801376,80.1874694824,62734,62744,10
12.9628000259,80.1876068115,62744,62754,10
12.963470459,80.1877593994,62754,62764,10
12.9640703201,80.1879501343,62764,62774,10
12.9647102356,80.1881484985,62774,62784,10
12.9652395248,80.188331604,62784,62794,10
12.9655704498,80.1884613037,62794,62805,11
12.9656095505,80.1884765625,62805,62815,10
12.9659500122,80.188621521,62815,62825,10
12.9664201736,80.1888122559,62825,62835,10
12.9669399261,80.1890182495,62835,62845,10
12.9675598145,80.1892700195,62845,62855,10
12.96833992,80.1896209717,62855,62883,28
12.96833992,80.1896209717,62883,62891,8
12.9685697556,80.189743042,62891,62904,13
12.9691896439,80.1900177002,62904,62914,10
12.9697303772,80.1902770996,62914,62924,10
12.9703502655,80.1905670166,62924,62934,10
12.9710197449,80.1908416748,62934,62944,10
12.9716796875,80.1911468506,62944,62954,10
12.9722499847,80.1913986206,62954,62963,9
12.9727602005,80.1915893555,62963,62984,21
12.9727602005,80.1915893555,62984,62995,11
12.97315979,80.1917495728,62995,63006,11
12.9736099243,80.1919174194,63006,63016,10
12.9742603302,80.1921463013,63016,63026,10
12.9748401642,80.1923675537,63026,63036,10
12.9752998352,80.1925506592,63036,63046,10
12.9760599136,80.1930236816,63046,63056,10
12.9765996933,80.1934280396,63056,63066,10
12.9772396088,80.1937332153,63066,63076,10
12.9776697159,80.1938400269,63076,63087,11
12.9780302048,80.1938934326,63087,63097,10
12.9781303406,80.1939086914,63097,63107,10
12.9782495499,80.193939209,63107,63117,10
12.978679657,80.1940765381,63117,63127,10
12.9791498184,80.1942977905,63127,63137,10
12.9794797897,80.1945037842,63137,63157,20
12.9794797897,80.1945037842,63157,63167,10
12.9796695709,80.1946411133,63167,63258,91
12.9799499512,80.1948776245,63258,63329,71
12.9799499512,80.1948776245,63329,63339,10
12.9802999496,80.19506073,63339,63369,30
12.9802999496,80.19506073,63369,63380,11
12.9804201126,80.1951293945,63380,63390,10
12.9805803299,80.1952209473,63390,63430,40
12.9805803299,80.1952209473,63430,63440,10
12.9806604385,80.1952514648,63440,63450,10
12.9808502197,80.1953430176,63450,63541,91
12.9808502197,80.1953430176,63541,63551,10
12.9811897278,80.1955032349,63551,63561,10
12.9812602997,80.1955413818,63561,63572,11
12.9813604355,80.1955871582,63572,63582,10
12.9815998077,80.1957168579,63582,63592,10
12.9819898605,80.195930481,63592,63602,10
12.9825296402,80.196182251,63602,63612,10
12.9828596115,80.1963806152,63612,63622,10
12.9832201004,80.1962280273,63622,63632,10
12.9833898544,80.1963806152,63632,63642,10
12.9831895828,80.1965484619,63642,63652,10
12.983590126,80.1968078613,63652,63662,10
12.9841804504,80.1971664429,63662,63673,11
12.9851198196,80.197303772,63673,63683,10
12.9860696793,80.1972427368,63683,63693,10
12.9866895676,80.1973419189,63693,63703,10
12.9868402481,80.1973876953,63703,63713,10
12.9874200821,80.1975402832,63713,63723,10
12.9882497787,80.1977462769,63723,63733,10
12.9892501831,80.1980361938,63733,63743,10
12.9902896881,80.1983337402,63743,63753,10
12.9912996292,80.1985397339,63753,63764,11
12.9917402267,80.1986694336,63764,63774,10
12.9919700623,80.1987762451,63774,63784,10
12.9924602509,80.1990585327,63784,63794,10
12.9930095673,80.19947052,63794,63803,9
12.9934501648,80.1998672485,63803,63814,11
12.993929863,80.2001190186,63814,63824,10
12.9944200516,80.2002563477,63824,63865,41
12.9944200516,80.2002563477,63865,63875,10
12.9946498871,80.2003326416,63875,63885,10
12.9948997498,80.2004776001,63885,63895,10
12.9949903488,80.2006378174,63895,63905,10
12.995010376,80.2008514404,63905,63915,10
12.9950199127,80.201171875,63915,63925,10
12.9950199127,80.2014083862,63925,63935,10
12.995059967,80.2017669678,63935,63945,10
12.9950895309,80.2020568848,63945,63966,21
12.9950895309,80.2020568848,63966,63976,10
12.9950504303,80.2025222778,63976,64016,40
12.9950504303,80.2025222778,64016,64026,10
12.9950399399,80.2028274536,64026,64036,10
12.995059967,80.2030563354,64036,64046,10
12.9951000214,80.2031478882,64046,64057,11
12.995010376,80.2035293579,64057,64067,10
12.9948997498,80.2039337158,64067,64077,10
12.994799614,80.2043685913,64077,64087,10
12.9946804047,80.2049026489,64087,64097,10
12.994720459,80.2051391602,64097,64107,10
12.9946699142,80.2057189941,64107,64117,10
12.994600296,80.2063903809,64117,64127,10
12.994600296,80.2067565918,64127,64147,20
12.994600296,80.2067565918,64147,64158,11
12.9946403503,80.2068786621,64158,64168,10
12.9947795868,80.2070083618,64168,64178,10
12.9948501587,80.206817627,64178,64198,20
12.9948501587,80.206817627,64198,64208,10
12.9946403503,80.2067489624,64208,64228,20
12.9946403503,80.2067489624,64228,64238,10
12.9945602417,80.206703186,64238,64289,51
12.9945602417,80.206703186,64289,64299,10
12.9945497513,80.2064819336,64299,64309,10
12.994600296,80.2061080933,64309,64319,10
12.9946804047,80.2055206299,64319,64329,10
12.9946699142,80.2050476074,64329,64339,10
12.9946804047,80.2048492432,64339,64350,11
12.9947595596,80.2044525146,64350,64360,10
12.9948596954,80.2040405273,64360,64370,10
12.9950504303,80.2031021118,64370,64390,20
12.9950504303,80.2031021118,64390,64400,10
12.9949798584,80.2029266357,64400,64410,10
12.995059967,80.2025299072,64410,64420,10
12.9950799942,80.2020568848,64420,64429,9
12.9950304031,80.201713562,64429,64440,11
12.9949998856,80.2013626099,64440,64451,11
12.9949998856,80.2009429932,64451,64461,10
12.9949903488,80.2007980347,64461,64471,10
12.9949302673,80.2005462646,64471,64481,10
12.9947595596,80.2003631592,64481,64491,10
12.9944000244,80.2002868652,64491,64663,172
12.9944000244,80.2002868652,64663,64673,10
12.9941301346,80.2001800537,64673,64683,10
12.9938497543,80.2000808716,64683,64693,10
12.9935903549,80.1999816895,64693,64703,10
12.9934997559,80.1998977661,64703,64713,10
12.9932804108,80.1996994019,64713,64723,10
12.993060112,80.1995162964,64723,64734,11
12.9927301407,80.1992492676,64734,64744,10
12.9922304153,80.1989364624,64744,64754,10
12.9917097092,80.1986923218,64754,64764,10
12.9907999039,80.1984710693,64764,64784,20
12.9907999039,80.1984710693,64784,64794,10
12.9905595779,80.198387146,64794,64804,10
12.9900798798,80.1982727051,64804,64814,10
12.9894504547,80.198097229,64814,64824,10
12.9886302948,80.197883606,64824,64835,11
12.9876804352,80.1976165771,64835,64845,10
12.9868402481,80.1974411011,64845,64855,10
12.9866504669,80.1974029541,64855,64865,10
12.9863796234,80.1973419189,64865,64875,10
12.9857597351,80.1972198486,64875,64885,10
12.9849996567,80.1973114014,64885,64895,10
12.9842395782,80.1971969604,64895,64905,10
12.9835300446,80.1968078613,64905,64915,10
12.9829597473,80.1964797974,64915,64926,11
12.982460022,80.1968917847,64926,64936,10
12.9821996689,80.1971130371,64936,64946,10
12.982219696,80.1968688965,64946,64956,10
12.9826402664,80.1965408325,64956,64966,10
12.9827804565,80.1963577271,64966,64976,10
12.9824695587,80.1961364746,64976,64986,10
12.9820404053,80.195930481,64986,64996,10
12.9816102982,80.1957168579,64996,65027,31
12.9816102982,80.1957168579,65027,65037,10
12.9814500809,80.195640564,65037,65047,10
12.9811401367,80.1954803467,65047,65057,10
12.9807500839,80.1952667236,65057,65067,10
12.9801597595,80.1949691772,65067,65077,10
12.9795398712,80.1945571899,65077,65087,10
12.9789600372,80.1941986084,65087,65097,10
12.9784898758,80.1939926147,65097,65107,10
12.9778995514,80.193862915,65107,65118,11
12.977640152,80.1938171387,65118,65128,10
12.9775800705,80.1938095093,65128,65138,10
12.9772195816,80.1937103271,65138,65148,10
12.9767198563,80.1934967041,65148,65158,10
12.9763202667,80.1931991577,65158,65168,10
12.9758996964,80.1928787231,65168,65178,10
12.9753904343,80.1925506592,65178,65188,10
12.9748697281,80.1923522949,65188,65198,10
12.9745702744,80.192237854,65198,65208,10
12.9741001129,80.1920623779,65208,65219,11
12.9735002518,80.1918334961,65219,65229,10
12.972990036,80.19165802,65229,65239,10
12.9728002548,80.1915664673,65239,65249,10
12.9726696014,80.1915206909,65249,65259,10
12.9726200104,80.1915206909,65259,65269,10
12.9723701477,80.1913986206,65269,65279,10
12.9721403122,80.1913223267,65279,65289,10
12.9720897675,80.1913070679,65289,65299,10
12.9717102051,80.1911392212,65299,65309,10
12.9713001251,80.1909484863,65309,65320,11
12.970749855,80.1906814575,65320,65330,10
12.970290184,80.1904983521,65330,65340,10
12.9699001312,80.190322876,65340,65350,10
12.9698200226,80.1902770996,65350,65360,10
12.96971035,80.1902313232,65360,65370,10
12.9693002701,80.1900405884,65370,65380,10
12.9687795639,80.1897964478,65380,65390,10
12.968000412,80.189453125,65390,65411,21
12.968000412,80.189453125,65411,65421,10
12.967880249,80.1894302368,65421,65431,10
12.9674901962,80.1892700195,65431,65441,10
12.9669399261,80.1890411377,65441,65451,10
12.9664201736,80.1888198853,65451,65461,10
12.965959549,80.1886367798,65461,65471,10
12.9657096863,80.1885299683,65471,65481,10
12.9652996063,80.188369751,65481,65491,10
12.9648895264,80.1882400513,65491,65501,10
12.9648103714,80.1881866455,65501,65512,11
12.9645204544,80.188079834,65512,65522,10
12.9640302658,80.1879272461,65522,65532,10
12.9635000229,80.1877822876,65532,65542,10
12.9630899429,80.1876602173,65542,65552,10
12.9625396729,80.187538147,65552,65562,10
12.961930275,80.1874084473,65562,65572,10
12.9613704681,80.1873168945,65572,65582,10
12.9608602524,80.1872406006,65582,65592,10
12.9607095718,80.1872177124,65592,65602,10
12.9605197906,80.1871795654,65602,65613,11
12.9600801468,80.1871109009,65613,65623,10
12.95952034,80.1870727539,65623,65633,10
12.9589099884,80.1870193481,65633,65643,10
12.9583597183,80.1870117188,65643,65659,16
12.9573497772,80.1870193481,65659,65671,12
12.9565200806,80.1869735718,65671,65681,10
12.9561004639,80.1869506836,65681,65691,10
12.9558095932,80.186920166,65691,65721,30
12.9558095932,80.186920166,65721,65732,11
12.9556903839,80.1868972778,65732,65742,10
12.9555196762,80.1868591309,65742,65751,9
12.9553098679,80.1868286133,65751,65763,12
12.9549198151,80.1867828369,65763,65773,10
12.9543304443,80.1866912842,65773,65783,10
12.953669548,80.1865768433,65783,65793,10
12.9529600143,80.1864929199,65793,65804,11
12.9521198273,80.1863021851,65804,65814,10
12.9513597488,80.1860733032,65814,65824,10
12.9505796432,80.1858062744,65824,65834,10
12.9498195648,80.185546875,65834,65844,10
12.9490404129,80.1853027344,65844,65854,10
12.9483995438,80.1850814819,65854,65864,10
12.9478302002,80.1848602295,65864,65874,10
12.9472703934,80.184463501,65874,65884,10
12.9467601776,80.1840591431,65884,65895,11
12.9466104507,80.1839675903,65895,65905,10
12.9463701248,80.1837615967,65905,65915,10
12.9458999634,80.183380127,65915,65925,10
12.9452600479,80.1830368042,65925,65935,10
12.9446802139,80.1830368042,65935,65945,10
12.9445495605,80.1830291748,65945,65955,10
12.944270134,80.1829986572,65955,65965,10
12.9436798096,80.1829528809,65965,65975,10
12.9429397583,80.1829299927,65975,65985,10
12.9420604706,80.1828536987,65985,65996,11
12.9411001205,80.1827316284,65996,66006,10
12.9404602051,80.1827163696,66006,66016,10
12.9398698807,80.1826477051,66016,66026,10
12.939450264,80.1825637817,66026,66056,30
12.939450264,80.1825637817,66056,66066,10
12.9393901825,80.1825637817,66066,66076,10
12.9390497208,80.1824798584,66076,66086,10
12.9387798309,80.1823883057,66086,66097,11
12.938170433,80.1822662354,66097,66107,10
12.9374303818,80.1822433472,66107,66123,16
12.9361600876,80.1822891235,66123,66135,12
12.9353704453,80.1823883057,66135,66145,10
12.9352197647,80.1823883057,66145,66155,10
12.9350996017,80.1823806763,66155,66165,10
12.9345703125,80.182258606,66165,66175,10
12.9338598251,80.1820907593,66175,66186,11
12.9328804016,80.1818466187,66186,66195,9
12.9320497513,80.1817016602,66195,66206,11
12.9309997559,80.1815719604,66206,66226,20
12.9309997559,80.1815719604,66226,66236,10
12.9307603836,80.1815414429,66236,66246,10
12.930150032,80.1816177368,66246,66256,10
12.9294099808,80.1817932129,66256,66266,10
12.928609848,80.1819915771,66266,66276,10
12.9278001785,80.182182312,66276,66287,11
12.9268598557,80.1823883057,66287,66297,10
12.9261302948,80.1825408936,66297,66307,10
12.9253702164,80.1826705933,66307,66317,10
12.9245796204,80.182800293,66317,66327,10
12.9243402481,80.1828536987,66327,66337,10
12.9240503311,80.1828765869,66337,66347,10
12.9233903885,80.1829910278,66347,66357,10
12.9225997925,80.1831283569,66357,66367,10
12.9217996597,80.1834411621,66367,66378,11
12.9207801819,80.1838912964,66378,66418,40
12.9207801819,80.1838912964,66418,66428,10
12.9206800461,80.1839828491,66428,66438,10
12.9203500748,80.1840591431,66438,66448,10
12.9201202393,80.1835479736,66448,66458,10
12.9198303223,80.1824035645,66458,66479,21
12.9196395874,80.1823883057,66479,66489,10
12.9196395874,80.1823883057,66489,66499,10
12.9194698334,80.1821365356,66499,66755,256
12.9194698334,80.1821365356,66755,66766,11
12.9195404053,80.181930542,66766,66776,10
12.919719696,80.1819076538,66776,66786,10
12.9198799133,80.1821365356,66786,66796,10
12.9200201035,80.182762146,66796,66806,10
12.9202299118,80.1834869385,66806,66836,30
12.9202299118,80.1834869385,66836,66846,10
12.92029953,80.1838226318,66846,66856,10
12.9204301834,80.1839675903,66856,66867,11
12.9205598831,80.183921814,66867,66877,10
12.9208898544,80.1837921143,66877,66887,10
12.9213695526,80.1836013794,66887,66897,10
12.921959877,80.1833724976,66897,66907,10
12.9224100113,80.1831970215,66907,66917,10
12.9229001999,80.1830673218,66917,66927,10
12.923500061,80.1829833984,66927,66937,10
12.9241800308,80.1828384399,66937,66947,10
12.9245004654,80.1827697754,66947,66958,11
12.9246101379,80.182762146,66958,66968,10
12.9250497818,80.1826934814,66968,66978,10
12.9256601334,80.1826019287,66978,66988,10
12.9263296127,80.182472229,66988,66998,10
12.927069664,80.1823120117,66998,67008,10
12.9278402328,80.1821517944,67008,67018,10
12.9285898209,80.181968689,67018,67028,10
12.929400444,80.1817703247,67028,67038,10
12.9302396774,80.1815490723,67038,67048,10
12.9310703278,80.1814727783,67048,67059,11
12.9314804077,80.1815185547,67059,67069,10
12.9315595627,80.1815414429,67069,67079,10
12.9319696426,80.1816101074,67079,67089,10
12.9326200485,80.1817398071,67089,67099,10
12.9333696365,80.1819076538,67099,67109,10
12.9341602325,80.1821212769,67109,67119,10
12.9348602295,80.1822891235,67119,67129,10
12.9350099564,80.1823196411,67129,67139,10
12.9351196289,80.1823425293,67139,67150,11
12.9356298447,80.1823577881,67150,67160,10
12.9362897873,80.182258606,67160,67170,10
12.9370098114,80.1822128296,67170,67180,10
12.9376802444,80.1822128296,67180,67190,10
12.9385204315,80.1822814941,67190,67251,61
12.9385204315,80.1822814941,67251,67261,10
12.93887043,80.1824111938,67261,67271,10
12.9389295578,80.1824417114,67271,67281,10
12.9391298294,80.1824798584,67281,67291,10
12.9393596649,80.1825408936,67291,67301,10
12.9393701553,80.1825408936,67301,67311,10
12.9394798279,80.1825714111,67311,67321,10
12.9395999908,80.1826019287,67321,67331,10
12.939909935,80.1826629639,67331,67341,10
12.9404296875,80.1827316284,67341,67352,11
12.9410495758,80.1827392578,67352,67362,10
12.9417200089,80.182800293,67362,67372,10
12.9425296783,80.1828994751,67372,67382,10
12.9433202744,80.1829223633,67382,67392,10
12.9440202713,80.1829605103,67392,67402,10
12.944560051,80.1829605103,67402,67412,10
12.9445800781,80.1829681396,67412,67422,10
12.9448900223,80.1829986572,67422,67432,10
12.9454698563,80.1830596924,67432,67443,11
12.9458999634,80.18334198,67443,67453,10
12.9464302063,80.1837463379,67453,67463,10
12.9468097687,80.1840209961,67463,67473,10
12.946849823,80.1840362549,67473,67483,10
12.9471902847,80.1843185425,67483,67493,10
12.9477701187,80.184753418,67493,67503,10
12.9484796524,80.185043335,67503,67513,10
12.9487895966,80.1851119995,67513,67533,20
12.9487895966,80.1851119995,67533,67544,11
12.9488697052,80.1851730347,67544,67554,10
12.9491701126,80.185256958,67554,67564,10
12.9497203827,80.1854782104,67564,67574,10
12.9503297806,80.1856689453,67574,67584,10
12.9510202408,80.1858978271,67584,67594,10
12.9518299103,80.1861572266,67594,67604,10
12.9525899887,80.1863708496,67604,67614,10
12.95333004,80.1864929199,67614,67624,10
12.9541397095,80.1866226196,67624,67635,11
12.9548501968,80.1867294312,67635,67645,10
12.9554395676,80.1868209839,67645,67655,10
12.9555997849,80.1868362427,67655,67665,10
12.9557800293,80.1868591309,67665,67675,10
12.9560604095,80.186882019,67675,67685,10
12.9560699463,80.1868896484,67685,67695,10
12.9560804367,80.1868896484,67695,67705,10
12.9564399719,80.1869430542,67705,67715,10
12.9568996429,80.1869888306,67715,67725,10
12.9571800232,80.1870193481,67725,67736,11
12.9575300217,80.1870269775,67736,67746,10
12.9580898285,80.1870269775,67746,67756,10
12.9586896896,80.1870422363,67756,67766,10
12.9592599869,80.1870727539,67766,67776,10
12.959859848,80.1871109009,67776,67786,10
12.9603700638,80.1871414185,67786,67796,10
12.9607801437,80.1872024536,67796,67806,10
12.961139679,80.18724823,67806,67816,10
12.9612398148,80.1872787476,67816,67826,10
12.9614295959,80.1873016357,67826,67837,11
12.9617300034,80.1873626709,67837,67847,10
12.962220192,80.1874389648,67847,67857,10
12.9626598358,80.187538147,67857,67867,10
12.9631204605,80.1876373291,67867,67877,10
12.9635601044,80.1877365112,67877,67887,10
12.9640102386,80.1878890991,67887,67897,10
12.9645204544,80.188041687,67897,67907,10
12.9650602341,80.1882400513,67907,67917,10
12.9654903412,80.1884002686,67917,67928,11
12.9655303955,80.1884307861,67928,67938,10
12.9658498764,80.1885528564,67938,67948,10
12.966050148,80.1886367798,67948,67958,10
12.9664001465,80.1887817383,67958,67968,10
12.9669303894,80.1889877319,67968,67978,10
12.9674301147,80.189201355,67978,67994,16
12.9682798386,80.1895828247,67994,68015,21
12.9682798386,80.1895828247,68015,68027,12
12.9684495926,80.1896972656,68027,68037,10
12.9688196182,80.1898574829,68037,68047,10
12.9689598083,80.1899185181,68047,68057,10
12.9690704346,80.189956665,68057,68067,10
12.9693698883,80.1901016235,68067,68077,10
12.9698400497,80.1903076172,68077,68107,30
12.9698400497,80.1903076172,68107,68117,10
12.9700202942,80.1903762817,68117,68128,11
12.9702396393,80.1904907227,68128,68138,10
12.9704399109,80.1905899048,68138,68148,10
12.9706401825,80.1906585693,68148,68158,10
12.9708404541,80.1907272339,68158,68168,10
12.9709596634,80.1907806396,68168,68178,10
12.9711503983,80.1908569336,68178,68188,10
12.9714603424,80.1910018921,68188,68198,10
12.971739769,80.1911315918,68198,68208,10
12.9719200134,80.1912078857,68208,68219,11
12.9722700119,80.1913604736,68219,68249,30
12.9722700119,80.1913604736,68249,68259,10
12.9724998474,80.1914367676,68259,68269,10
12.9726800919,80.1914978027,68269,68279,10
12.9726896286,80.1915130615,68279,68289,10
12.9728298187,80.1915588379,68289,68299,10
12.9732999802,80.1917266846,68299,68309,10
12.9737596512,80.1919021606,68309,68320,11
12.9743404388,80.1921310425,68320,68330,10
12.9748296738,80.1922988892,68330,68340,10
12.975399971,80.192527771,68340,68350,10
12.9759197235,80.1928787231,68350,68360,10
12.9761199951,80.1930465698,68360,68370,10
12.9764699936,80.1932830811,68370,68380,10
12.976940155,80.1935806274,68380,68390,10
12.9773597717,80.1937179565,68390,68400,10
12.9777603149,80.1937866211,68400,68411,11
12.9781503677,80.1938476563,68411,68421,10
12.9781999588,80.1938781738,68421,68431,10
12.9786300659,80.1940231323,68431,68441,10
12.9791402817,80.1942672729,68441,68451,10
12.979590416,80.1945800781,68451,68461,10
12.980050087,80.1948699951,68461,68471,10
12.9805898666,80.1951828003,68471,68481,10
12.981010437,80.1953582764,68481,68491,10
12.9810400009,80.1953811646,68491,68501,10
12.9813699722,80.1955566406,68501,68532,31
12.9813699722,80.1955566406,68532,68548,16
12.9819097519,80.1958465576,68548,68560,12
12.982509613,80.1961364746,68560,68570,10
12.9828195572,80.1963119507,68570,68578,8
12.9831495285,80.1962127686,68578,68590,12
12.9834098816,80.196182251,68590,68601,11
12.98320961,80.1963577271,68601,68612,11
12.9833297729,80.1966094971,68612,68622,10
12.9838895798,80.1969528198,68622,68632,10
12.9844999313,80.1972808838,68632,68642,10
12.9852104187,80.1972122192,68642,68652,10
12.9860095978,80.1971817017,68652,68662,10
12.9866399765,80.197303772,68662,68672,10
12.9867897034,80.1973419189,68672,68682,10
12.9873600006,80.197479248,68682,68692,10
12.9881601334,80.1976776123,68692,68703,11
12.989109993,80.1979598999,68703,68713,10
12.9899597168,80.1981964111,68713,68723,10
12.9907398224,80.1983795166,68723,68733,10
12.9911003113,80.1984405518,68733,68743,10
12.9917297363,80.1986312866,68743,68753,10
12.9920902252,80.1988067627,68753,68763,10
12.9922800064,80.1989212036,68763,68773,10
12.9926795959,80.1991882324,68773,68783,10
12.9930496216,80.199508667,68783,68794,11
12.9934196472,80.199798584,68794,68804,10
12.9935503006,80.1999130249,68804,68814,10
12.9938697815,80.2000427246,68814,68824,10
12.9942798615,80.2001876831,68824,68834,10
12.9943399429,80.2002029419,68834,68844,10
12.9943799973,80.2002105713,68844,68854,10
12.9945602417,80.2002410889,68854,68864,10
12.9947299957,80.200302124,68864,68874,10
12.9949302673,80.2005386353,68874,68884,10
12.9949598312,80.2007598877,68884,68895,11
12.9949598312,80.2007904053,68895,68905,10
12.9949598312,80.2010574341,68905,68915,10
12.9949703217,80.2013397217,68915,68925,10
12.995010376,80.2017974854,68925,68935,10
12.9949998856,80.2023010254,68935,68945,10
12.9949703217,80.2027816772,68945,68975,30
12.9949703217,80.2027816772,68975,68985,10
12.9950199127,80.2032165527,68985,68996,11
12.9948596954,80.2038574219,68996,69006,10
12.9947099686,80.2044677734,69006,69016,10
12.9946403503,80.2049865723,69016,69026,10
12.9946298599,80.2055130005,69026,69036,10
12.994600296,80.2059326172,69036,69052,16
12.9945898056,80.2059783936,69052,69064,12
12.9945497513,80.2062835693,69064,69084,20
12.9945402145,80.2064208984,69084,69125,41
12.9945402145,80.2064208984,69125,69135,10
12.9945497513,80.2066726685,69135,69145,10
12.9944200516,80.20677948,69145,69165,20
12.9944200516,80.20677948,69165,69175,10
12.9944801331,80.2066421509,69175,69226,51
12.9944801331,80.2066421509,69226,69236,10
12.9945201874,80.2065505981,69236,69246,10
12.9945201874,80.2063598633,69246,69256,10
12.9945602417,80.2060012817,69256,69266,10
12.9946203232,80.205368042,69266,69277,11
12.9946098328,80.2049331665,69277,69287,10
12.9946603775,80.2046203613,69287,69297,10
12.9947595596,80.2041625977,69297,69307,10
12.9949197769,80.2035217285,69307,69317,10
12.9949998856,80.2030029297,69317,69327,10
12.9949398041,80.2027816772,69327,69337,10
12.9949998856,80.2023773193,69337,69347,10
12.9950199127,80.2018432617,69347,69357,10
12.9949598312,80.2013931274,69357,69367,10
12.9949398041,80.2010803223,69367,69378,11
12.9948596954,80.2004470825,69378,69388,10
12.9948596954,80.2004470825,69388,69398,10
12.9946899414,80.2002563477,69398,69438,40
12.9946899414,80.2002563477,69438,69448,10
12.9944896698,80.2002410889,69448,69458,10
12.9942998886,80.2002182007,69458,69490,32
12.9942998886,80.2002182007,69490,69500,10
12.9940395355,80.200088501,69500,69510,10
12.9937000275,80.1999816895,69510,69520,10
12.9934101105,80.1998291016,69520,69530,10
12.993180275,80.1996078491,69530,69538,8
12.992890358,80.1993637085,69538,69550,12
12.9925298691,80.1990890503,69550,69559,9
12.9922103882,80.1988983154,69559,69571,12
12.9917697906,80.1986618042,69571,69580,9
12.9912004471,80.1984863281,69580,69591,11
12.9905004501,80.1983337402,69591,69601,10
12.9895095825,80.1980819702,69601,69611,10
12.9885501862,80.1978225708,69611,69620,9
12.9877595901,80.1976013184,69620,69631,11
12.9868402481,80.1973800659,69631,69641,10
12.9863100052,80.1972579956,69641,69651,10
12.9862499237,80.1972579956,69651,69662,11
12.985830307,80.1971893311,69662,69672,10
12.9851102829,80.1972198486,69672,69682,10
12.9842395782,80.1971664429,69682,69692,10
12.9834403992,80.1967163086,69692,69702,10
12.9828796387,80.1964263916,69702,69712,10
12.9824495316,80.1967926025,69712,69721,9
12.9821395874,80.197052002,69721,69732,11
12.9822597504,80.1967468262,69732,69742,10
12.9826602936,80.1964263916,69742,69752,10
12.9825801849,80.196182251,69752,69764,12
12.9815196991,80.195640564,69764,69784,20
12.9815196991,80.195640564,69784,69794,10
12.9812402725,80.1954879761,69794,69804,10
12.9807395935,80.1952514648,69804,69814,10
12.9801502228,80.1949386597,69814,69824,10
12.9796495438,80.1946182251,69824,69834,10
12.9791402817,80.1942596436,69834,69844,10
12.9785299301,80.1939620972,69844,69854,10
12.9775400162,80.1937637329,69854,69885,31
12.9775400162,80.1937637329,69885,69895,10
12.9773797989,80.1937332153,69895,69905,10
12.9769697189,80.1936035156,69905,69915,10
12.9764499664,80.1932830811,69915,69925,10
12.975979805,80.1929397583,69925,69935,10
12.9756002426,80.1926498413,69935,69945,10
12.9748802185,80.1923294067,69945,70087,142
12.9745397568,80.1922225952,70087,70117,30
12.9745397568,80.1922225952,70117,70127,10
12.9740800858,80.1920318604,70127,70137,10
12.9738702774,80.191947937,70137,70148,11
12.9735298157,80.1918182373,70148,70158,10
12.9732503891,80.1917266846,70158,70269,111
12.9732503891,80.1917266846,70269,70279,10
12.9728899002,80.1915817261,70279,70400,121
12.9728899002,80.1915817261,70400,70410,10
12.9725198746,80.1914367676,70410,70531,121
12.9721698761,80.1912994385,70531,70602,71
12.9721698761,80.1912994385,70602,70612,10
12.9718704224,80.1911468506,70612,70643,31
12.9718704224,80.1911468506,70643,70653,10
12.9714002609,80.1909637451,70653,70683,30
12.9714002609,80.1909637451,70683,70693,10
12.971039772,80.1908035278,70693,70703,10
12.9708299637,80.1906967163,70703,70713,10
12.9707202911,80.1906585693,70713,70723,10
12.9706401825,80.190612793,70723,70734,11
12.9703702927,80.1904983521,70734,70744,10
12.9702596664,80.1904602051,70744,70754,10
12.9700698853,80.1903915405,70754,70764,10
12.9697999954,80.1902694702,70764,70774,10
12.969420433,80.1900787354,70774,70784,10
12.9691495895,80.1899719238,70784,70794,10
12.9687595367,80.1897888184,70794,70804,10
12.9682502747,80.1895217896,70804,70825,21
12.9682502747,80.1895217896,70825,70835,10
12.9679803848,80.1893997192,70835,70845,10
12.9674901962,80.189201355,70845,70855,10
12.9668197632,80.1889190674,70855,70926,71
12.9668197632,80.1889190674,70926,70936,10
12.9665899277,80.1888198853,70936,70966,30
12.9665899277,80.1888198853,70966,70976,10
12.9663801193,80.1887817383,70976,70986,10
12.9661397934,80.1886901855,70986,71016,30
12.9661397934,80.1886901855,71016,71026,10
12.9658098221,80.1885299683,71026,71036,10
12.9657802582,80.1885223389,71036,71047,11
12.9656200409,80.1884536743,71047,71057,10
12.9654998779,80.1883773804,71057,71067,10
12.9652395248,80.1882781982,71067,71077,10
12.9649295807,80.1881713867,71077,71087,10
12.9648399353,80.1881408691,71087,71097,10
12.9643697739,80.18800354,71097,71107,10
12.9637804031,80.1877975464,71107,71118,11
12.9632396698,80.1876373291,71118,71129,11
12.9626998901,80.1875305176,71129,71139,10
12.9623203278,80.1874465942,71139,71148,9
12.9620895386,80.1873931885,71148,71159,11
12.9617395401,80.1873626709,71159,71169,10
12.9613704681,80.1872787476,71169,71179,10
12.9612703323,80.1872634888,71179,71189,10
12.9609203339,80.187210083,71189,71199,10
12.9608697891,80.1872024536,71199,71210,11
12.9607095718,80.1871795654,71210,71220,10
12.9603204727,80.1871185303,71220,71230,10
12.9598302841,80.1870803833,71230,71240,10
12.9591598511,80.1870193481,71240,71250,10
12.9584598541,80.1869888306,71250,71260,10
12.9578504562,80.1870117188,71260,71270,10
12.9571800232,80.18699646,71270,71280,10
12.9565095901,80.1869430542,71280,71290,10
12.9558801651,80.186920166,71290,71311,21
12.9558801651,80.186920166,71311,71321,10
12.9557304382,80.1868972778,71321,71331,10
12.9554595947,80.1868362427,71331,71341,10
12.9549598694,80.1867599487,71341,71351,10
12.9542703629,80.1866607666,71351,71361,10
12.9534101486,80.1865310669,71361,71371,10
12.9524402618,80.1863632202,71371,71381,10
12.9514799118,80.186088562,71381,71391,10
12.9505596161,80.185798645,71391,71401,10
12.9498195648,80.185546875,71401,71412,11
12.9494400024,80.1854400635,71412,71422,10
12.9491796494,80.1853485107,71422,71432,10
12.9487895966,80.1851882935,71432,71442,10
12.9484596252,80.1850814819,71442,71462,20
12.9484596252,80.1850814819,71462,71472,10
12.9482498169,80.1850280762,71472,71482,10
12.9478797913,80.1848678589,71482,71492,10
12.9476203918,80.1847000122,71492,71503,11
12.9472503662,80.1844329834,71503,71513,10
12.9467201233,80.1840515137,71513,71523,10
12.9465904236,80.1839370728,71523,71533,10
12.9463701248,80.1837463379,71533,71543,10
12.9458799362,80.18334198,71543,71553,10
12.945400238,80.1830291748,71553,71563,10
12.944899559,80.1829986572,71563,71573,10
12.944560051,80.1830062866,71573,71583,10
12.9443101883,80.1829833984,71583,71593,10
12.9437303543,80.1829376221,71593,71604,11
12.9428796768,80.1829071045,71604,71614,10
12.9419498444,80.1828308105,71614,71624,10
12.9410800934,80.1827316284,71624,71634,10
12.9404401779,80.1827163696,71634,71644,10
12.9395799637,80.1825790405,71644,71674,30
12.9395799637,80.1825790405,71674,71684,10
12.9393396378,80.182510376,71684,71695,11
12.9389801025,80.1824417114,71695,71705,10
12.9386396408,80.1823272705,71705,71715,10
12.9379701614,80.1822280884,71715,71725,10
12.9371795654,80.1821975708,71725,71735,10
12.9364099503,80.1822433472,71735,71745,10
12.9353103638,80.1823730469,71745,71775,30
12.9353103638,80.1823730469,71775,71785,10
12.9351301193,80.1823730469,71785,71796,11
12.9344997406,80.1822433472,71796,71806,10
12.9339799881,80.1820907593,71806,71816,10
12.9333200455,80.1819229126,71816,71826,10
12.9324302673,80.1817169189,71826,71836,10
12.9315299988,80.1815795898,71836,71846,10
12.9309797287,80.1815338135,71846,71856,10
12.9309797287,80.1815414429,71856,71866,10
12.9308204651,80.1815185547,71866,71876,10
12.9301996231,80.1815719604,71876,71887,11
12.9292497635,80.1818084717,71887,71897,10
12.9282903671,80.1820297241,71897,71907,10
12.9272603989,80.1822814941,71907,71917,10
12.9262800217,80.1824798584,71917,71927,10
12.9254798889,80.1826171875,71927,71937,10
12.9247703552,80.1827316284,71937,71947,10
12.9243202209,80.182800293,71947,71957,10
12.9236898422,80.1829071045,71957,71967,10
12.9228601456,80.183052063,71967,71977,10
12.92208004,80.1832962036,71977,71988,11
12.9212799072,80.1836166382,71988,71998,10
12.9207201004,80.1838531494,71998,72008,10
12.920630455,80.1838912964,72008,72018,10
12.9205598831,80.1839294434,72018,72028,10
12.9202203751,80.1839370728,72028,72038,10
12.9200496674,80.1833114624,72038,72048,10
12.9198799133,80.1825866699,72048,72058,10
12.9198503494,80.1825027466,72058,72068,10
12.9197998047,80.1823806763,72068,72079,11
12.9196100235,80.1823883057,72079,72089,10
12.9193696976,80.1821365356,72089,72301,212
12.9193696976,80.1821365356,72301,72311,10
12.919500351,80.1819381714,72311,72321,10
12.9197101593,80.1819076538,72321,72331,10
12.9197797775,80.181930542,72331,72341,10
12.9199199677,80.1822967529,72341,72351,10
12.9200801849,80.1829833984,72351,72361,10
12.9202003479,80.1834335327,72361,72372,11
12.9202098846,80.1834564209,72372,72382,10
12.9203100204,80.1837997437,72382,72412,30
12.9203100204,80.1837997437,72412,72422,10
12.9204502106,80.1838912964,72422,72432,10
12.920800209,80.1837615967,72432,72442,10
12.9212799072,80.1835708618,72442,72452,10
12.9217596054,80.183380127,72452,72462,10
12.922369957,80.1831588745,72462,72473,11
12.9231300354,80.1829833984,72473,72483,10
12.9238004684,80.1828613281,72483,72493,10
12.9245100021,80.1827163696,72493,72503,10
12.9246797562,80.1826934814,72503,72513,10
12.9247999191,80.1826782227,72513,72523,10
12.9252195358,80.1826095581,72523,72533,10
12.925860405,80.1825027466,72533,72543,10
12.9265403748,80.1823806763,72543,72553,10
12.9273195267,80.182220459,72553,72564,11
12.9281997681,80.1820220947,72564,72574,10
12.9289999008,80.1818237305,72574,72584,10
12.9298200607,80.1816177368,72584,72594,10
12.9306497574,80.1814117432,72594,72604,10
12.9313697815,80.1814575195,72604,72614,10
12.9314498901,80.1814880371,72614,72624,10
12.9317398071,80.1815490723,72624,72634,10
12.9322795868,80.1816482544,72634,72644,10
12.9329996109,80.1818008423,72644,72654,10
12.9338302612,80.1820220947,72654,72665,11
12.9347200394,80.1822433472,72665,72675,10
12.9349498749,80.1822891235,72675,72685,10
12.9351902008,80.1823272705,72685,72695,10
12.9357204437,80.1823272705,72695,72705,10
12.9363498688,80.1822433472,72705,72715,10
12.937040329,80.1821975708,72715,72725,10
12.9377603531,80.1821899414,72725,72735,10
12.93887043,80.1823272705,72735,72756,21
12.93887043,80.1823272705,72756,72766,10
12.9389400482,80.1823425293,72766,72776,10
12.9391202927,80.1824111938,72776,72786,10
12.9394302368,80.182510376,72786,72796,10
12.9399204254,80.1826477051,72796,72806,10
12.9405298233,80.1827087402,72806,72816,10
12.9411697388,80.1827163696,72816,72826,10
12.9419298172,80.1828079224,72826,72836,10
12.942779541,80.1828994751,72836,72846,10
12.9435997009,80.1829223633,72846,72857,11
12.9444303513,80.1829376221,72857,72867,10
12.944609642,80.1829528809,72867,72877,10
12.9448299408,80.1829833984,72877,72887,10
12.9454498291,80.1830291748,72887,72897,10
12.9460601807,80.1834335327,72897,72907,10
12.9467201233,80.1839294434,72907,72916,9
12.9468297958,80.1840133667,72916,72926,10
12.9470901489,80.1842422485,72926,72937,11
12.9477396011,80.1847229004,72937,72947,10
12.9487304688,80.1851119995,72947,72988,41
12.9487304688,80.1851119995,72988,72998,10
12.948800087,80.1851577759,72998,73008,10
12.9492797852,80.1853179932,73008,73018,10
12.9499998093,80.1855621338,73018,73028,10
12.950799942,80.1858291626,73028,73038,10
12.9516897202,80.1861190796,73038,73049,11
12.9526195526,80.186378479,73049,73059,10
12.9534101486,80.1865005493,73059,73069,10
12.9541702271,80.1866226196,73069,73079,10
12.9549503326,80.1867370605,73079,73089,10
12.9554796219,80.1868133545,73089,73099,10
12.9558000565,80.1868591309,73099,73109,10
12.9561100006,80.186882019,73109,73129,20
12.9561100006,80.186882019,73129,73139,10
12.9563598633,80.186920166,73139,73150,11
12.9569702148,80.1869735718,73150,73160,10
12.957570076,80.18699646,73160,73170,10
12.9582700729,80.1870117188,73170,73180,10
12.9589700699,80.1870193481,73180,73190,10
12.9596500397,80.1870574951,73190,73200,10
12.9601898193,80.1870880127,73200,73210,10
12.9606704712,80.1871414185,73210,73220,10
12.961139679,80.1872329712,73220,73230,10
12.9614696503,80.1872787476,73230,73241,11
12.9615802765,80.1873016357,73241,73251,10
12.9621400833,80.1874008179,73251,73271,20
12.9621400833,80.1874008179,73271,73281,10
12.9623699188,80.1874465942,73281,73291,10
12.9626502991,80.1875228882,73291,73301,10
12.9628801346,80.1875610352,73301,73311,10
12.9633703232,80.1876602173,73311,73321,10
12.9639701843,80.187828064,73321,73331,10
12.9645795822,80.1880264282,73331,73342,11
12.9652004242,80.1882705688,73342,73352,10
12.9654598236,80.1883773804,73352,73362,10
12.9656200409,80.1884384155,73362,73372,10
12.9660596848,80.1886062622,73372,73382,10
12.9666404724,80.1888504028,73382,73392,10
12.9671497345,80.1890487671,73392,73402,10
12.9676799774,80.1892700195,73402,73412,10
12.9681301117,80.1894607544,73412,73422,10
12.9682302475,80.1895217896,73422,73433,11
12.968290329,80.1895675659,73433,73443,10
12.9686403275,80.1897277832,73443,73453,10
12.9690904617,80.1899337769,73453,73463,10
12.9695501328,80.1901473999,73463,73473,10
12.9700498581,80.1903915405,73473,73483,10
12.9704198837,80.1905517578,73483,73493,10
12.9709701538,80.1907730103,73493,73503,10
12.9714899063,80.1910018921,73503,73513,10
12.9720401764,80.1912384033,73513,73523,10
12.9725704193,80.1914672852,73523,73534,11
12.9727497101,80.1915283203,73534,73544,10
12.973110199,80.1916809082,73544,73554,10
12.9736003876,80.1918411255,73554,73570,16
12.9743700027,80.1921310425,73570,73582,12
12.9749202728,80.1923370361,73582,73592,10
12.9752902985,80.1924819946,73592,73602,10
12.975689888,80.1927032471,73602,73612,10
12.976099968,80.1930236816,73612,73622,10
12.9764995575,80.1932907104,73622,73633,11
12.9770803452,80.1936187744,73633,73643,10
12.9774703979,80.1937408447,73643,73653,10
12.9781999588,80.193862915,73653,73673,20
12.9781999588,80.193862915,73673,73683,10
12.9785699844,80.1939620972,73683,73693,10
12.9789104462,80.1941223145,73693,73703,10
12.9793596268,80.1943969727,73703,73713,10
12.9798002243,80.1947097778,73713,73724,11
12.9803600311,80.1950302124,73724,73734,10
12.9809398651,80.1953125,73734,73744,10
12.9810400009,80.1953735352,73744,73754,10
12.9813299179,80.1955184937,73754,73764,10
12.9816598892,80.1956863403,73764,73774,10
12.9821996689,80.1959762573,73774,73784,10
12.982749939,80.1962585449,73784,73794,10
12.9829998016,80.1962890625,73794,73804,10
12.9833202362,80.1961288452,73804,73814,10
12.9834003448,80.1962738037,73814,73825,11
12.9831695557,80.1964111328,73825,73835,10
12.9833803177,80.1966171265,73835,73845,10
12.9837903976,80.1968917847,73845,73855,10
12.9840402603,80.1970291138,73855,73865,10
12.9845104218,80.1972732544,73865,73875,10
12.9851703644,80.1972198486,73875,73885,10
12.9859199524,80.1971588135,73885,73895,10
12.9867296219,80.1973114014,73895,73905,10
12.9875602722,80.197517395,73905,73916,11
12.9884395599,80.1977386475,73916,73926,10
12.9892301559,80.1979827881,73926,73936,10
12.9901103973,80.1982116699,73936,73946,10
12.9909496307,80.1984100342,73946,73956,10
12.9915895462,80.1985473633,73956,73966,10
12.9916296005,80.1985702515,73966,73976,10
12.9918403625,80.198677063,73976,73986,10
12.9919595718,80.1987380981,73986,73996,10
12.9923095703,80.198928833,73996,74006,10
12.992650032,80.1991500854,74006,74017,11
12.9928998947,80.1993179321,74017,74027,10
12.9930095673,80.1994171143,74027,74037,10
12.9931898117,80.1996078491,74037,74047,10
12.993470192,80.1998291016,74047,74057,10
12.9936599731,80.1999664307,74057,74067,10
12.9939603806,80.2000732422,74067,74077,10
12.9941797256,80.2001495361,74077,74087,10
12.994600296,80.2002182007,74087,74158,71
12.994600296,80.2002182007,74158,74168,10
12.9948301315,80.2003173828,74168,74178,10
12.9949302673,80.2004928589,74178,74188,10
12.9949903488,80.2008209229,74188,74198,10
12.9949998856,80.2012176514,74198,74209,11
12.9950199127,80.2015686035,74209,74219,10
12.995059967,80.2019882202,74219,74229,10
12.9950399399,80.2023773193,74229,74239,10
12.9949903488,80.202796936,74239,74249,10
12.9950399399,80.2029800415,74249,74259,10
12.9950504303,80.2032012939,74259,74269,10
12.9949903488,80.2034912109,74269,74279,10
12.994890213,80.2038879395,74279,74289,10
12.99477005,80.2043914795,74289,74300,11
12.9946603775,80.2049407959,74300,74310,10
12.9947004318,80.2052993774,74310,74320,10
12.9946403503,80.2058410645,74320,74330,10
12.9945898056,80.2063369751,74330,74340,10
12.9945802689,80.2064819336,74340,74350,10
12.9945602417,80.2066726685,74350,74401,51
12.9945602417,80.2066726685,74401,74417,16
12.9945297241,80.2067337036,74417,74429,12
12.9942102432,80.2066802979,74429,80908,6479
12.9943399429,80.2065811157,80908,81930,1022
