12.7922000885,80.2223587036,13,13,0
12.7907304764,80.2220077515,13,23,10
12.7897596359,80.2217788696,23,33,10
12.7896995544,80.2217483521,33,43,10
12.7895698547,80.2216796875,43,53,10
12.7892398834,80.2215423584,53,63,10
12.7885599136,80.221282959,63,73,10
12.7875995636,80.2209396362,73,83,10
12.7861700058,80.220413208,83,112,29
12.7861700058,80.220413208,112,122,10
12.7860603333,80.2205810547,122,132,10
12.7861404419,80.2211380005,132,142,10
12.7862300873,80.2217407227,142,152,10
12.78606987,80.222038269,152,213,61
12.7862300873,80.2217636108,213,233,20
12.7862701416,80.2218093872,233,808,575
12.7863502502,80.2218704224,808,1000,192
12.7863397598,80.2217636108,1000,17976,16976
12.7863397598,80.2217636108,17976,17986,10
12.7863502502,80.2214202881,17986,18007,21
12.7863502502,80.2214202881,18007,18017,10
12.7862997055,80.2213287354,18017,18027,10
12.7862596512,80.2210617065,18027,18037,10
12.7862300873,80.2205581665,18037,18046,9
12.786359787,80.2203369141,18046,18087,41
12.786359787,80.2203369141,18087,18097,10
12.786649704,80.2205505371,18097,18108,11
12.7871704102,80.2207336426,18108,18118,10
12.7877502441,80.2209396362,18118,18128,10
12.7884197235,80.2211532593,18128,18138,10
12.7891597748,80.2214584351,18138,18148,10
12.7898702621,80.2217330933,18148,18158,10
12.7905702591,80.2219085693,18158,18168,10
12.7914199829,80.2221221924,18168,18178,10
12.7923603058,80.2223434448,18178,18188,10
12.7933101654,80.2225036621,18188,18198,10
12.7943000793,80.2226486206,18198,18208,10
12.7953195572,80.2228088379,18208,18219,11
12.7962398529,80.2229385376,18219,18229,10
12.7963199615,80.2229537964,18229,18239,10
12.7966403961,80.2230224609,18239,18249,10
12.7972602844,80.2231369019,18249,18259,10
12.7980203629,80.2232513428,18259,18269,10
12.7988395691,80.2233276367,18269,18279,10
12.7996501923,80.2233963013,18279,18289,10
12.8004999161,80.2234802246,18289,18299,10
12.8013801575,80.2235717773,18299,18310,11
12.8023900986,80.2236862183,18310,18320,10
12.8030996323,80.223777771,18320,18330,10
12.8037500381,80.2238311768,18330,18340,10
12.8044395447,80.2238922119,18340,18350,10
12.8050098419,80.2239685059,18350,18360,10
12.805439949,80.2240829468,18360,18380,20
12.805439949,80.2240829468,18380,18390,10
12.8057498932,80.2242431641,18390,18400,10
12.8062200546,80.2246398926,18400,18410,10
12.806889534,80.225227356,18410,18421,11
12.8077602386,80.2259979248,18421,18431,10
12.8086299896,80.2267227173,18431,18441,10
12.8094997406,80.2273712158,18441,18451,10
12.8104696274,80.2278213501,18451,18461,10
12.8114299774,80.2282104492,18461,18471,10
12.8125200272,80.2285995483,18471,18481,10
12.8135700226,80.2289505005,18481,18491,10
12.8145503998,80.2291870117,18491,18501,10
12.8157396317,80.2293624878,18501,18511,10
12.8169498444,80.2295837402,18511,18521,10
12.8177404404,80.2298812866,18521,18532,11
12.8181295395,80.2300872803,18532,18541,9
12.8187503815,80.2303924561,18541,18552,11
12.8196897507,80.23046875,18552,18562,10
12.8198204041,80.23046875,18562,18572,10
12.8202695847,80.2304611206,18572,18582,10
12.8211402893,80.23046875,18582,18592,10
12.822259903,80.2306289673,18592,18602,10
12.8234796524,80.231010437,18602,18612,10
12.8247404099,80.2313308716,18612,18622,10
12.826089859,80.2313690186,18622,18632,10
12.8274402618,80.2311019897,18632,18643,11
12.8287601471,80.2303390503,18643,18653,10
12.8301000595,80.2297668457,18653,18663,10
12.8312902451,80.2293167114,18663,18673,10
12.8325395584,80.2289962769,18673,18683,10
12.8338899612,80.2287597656,18683,18693,10
12.8352499008,80.2285232544,18693,18703,10
12.836640358,80.2283172607,18703,18713,10
12.8380298615,80.2280807495,18713,18723,10
12.8390903473,80.2278213501,18723,18734,11
12.8395996094,80.2276916504,18734,18744,10
12.840259552,80.2274932861,18744,18754,10
12.8411903381,80.2272415161,18754,18764,10
12.8423404694,80.2269592285,18764,18774,10
12.8435602188,80.2266998291,18774,18784,10
12.8449602127,80.2265625,18784,18794,10
12.8454799652,80.2265396118,18794,18804,10
12.8455295563,80.2265625,18804,18814,10
12.8459701538,80.2265777588,18814,18824,10
12.8468198776,80.2265625,18824,18834,10
12.8479604721,80.2265625,18834,18845,11
12.8493795395,80.2265472412,18845,18855,10
12.8507404327,80.2265625,18855,18865,10
12.8521203995,80.2266235352,18865,18875,10
12.8535404205,80.2266235352,18875,18885,10
12.8549499512,80.2264709473,18885,18895,10
12.8563804626,80.2263183594,18895,18905,10
12.8577899933,80.2261810303,18905,18915,10
12.8591995239,80.2262573242,18915,18925,10
12.8607797623,80.2264709473,18925,18946,21
12.8607797623,80.2264709473,18946,18956,10
12.8614597321,80.2264785767,18956,18966,10
12.8623399734,80.2264633179,18966,18976,10
12.8634500504,80.2264404297,18976,18986,10
12.8648004532,80.2265090942,18986,18996,10
12.8660802841,80.2264862061,18996,19006,10
12.8672103882,80.2264328003,19006,19016,10
12.8684501648,80.2263412476,19016,19026,10
12.8697795868,80.2264633179,19026,19036,10
12.8711395264,80.2265930176,19036,19047,11
12.8723602295,80.2266387939,19047,19057,10
12.8733997345,80.2266616821,19057,19067,10
12.8745803833,80.2267608643,19067,19077,10
12.8765201569,80.2268676758,19077,19107,30
12.8765201569,80.2268676758,19107,19117,10
12.8766202927,80.2268676758,19117,19133,16
12.8774995804,80.2268066406,19133,19145,12
12.8788003922,80.2267227173,19145,19156,11
12.88022995,80.2266769409,19156,19166,10
12.8816204071,80.2266616821,19166,19176,10
12.8829097748,80.2266616821,19176,19186,10
12.8844203949,80.2266387939,19186,19196,10
12.8851003647,80.2266387939,19196,19206,10
12.8852901459,80.2266616821,19206,19216,10
12.885890007,80.2267990112,19216,19224,8
12.8865804672,80.2269973755,19224,19235,11
12.8878002167,80.2272186279,19235,19246,11
12.8891401291,80.2273101807,19246,19257,11
12.8906497955,80.2273025513,19257,19267,10
12.8920202255,80.2273025513,19267,19277,10
12.8933897018,80.2274627686,19277,19287,10
12.894780159,80.2276000977,19287,19297,10
12.8961801529,80.2276535034,19297,19307,10
12.8976697922,80.227722168,19307,19317,10
12.8991203308,80.2277984619,19317,19327,10
12.9004602432,80.2278594971,19327,19337,10
12.9014701843,80.2278823853,19337,19357,20
12.9014701843,80.2278823853,19357,19368,11
12.9016895294,80.2278900146,19368,19378,10
12.9023103714,80.2279586792,19378,19388,10
12.9032402039,80.2280197144,19388,19404,16
12.9052095413,80.2281265259,19404,19416,12
12.9067201614,80.2282409668,19416,19426,10
12.9069795609,80.2282562256,19426,19435,9
12.9073200226,80.2282791138,19435,19446,11
12.9081602097,80.2284088135,19446,19456,10
12.9092102051,80.2285919189,19456,19465,9
12.9102802277,80.2287521362,19465,19477,12
12.9117298126,80.2289733887,19477,19486,9
12.9128599167,80.2291183472,19486,19497,11
12.9139204025,80.2292480469,19497,19507,10
12.9140195847,80.2292633057,19507,19518,11
12.9144601822,80.2293319702,19518,19528,10
12.9152297974,80.2294616699,19528,19538,10
12.9163198471,80.2296218872,19538,19548,10
12.9175195694,80.2297821045,19548,19558,10
12.918800354,80.2299499512,19558,19568,10
12.920129776,80.2301177979,19568,19579,11
12.921620369,80.2302932739,19579,19589,10
12.9230203629,80.230506897,19589,19599,10
12.9244403839,80.2307128906,19599,19609,10
12.9258098602,80.2308883667,19609,19619,10
12.9272403717,80.2310409546,19619,19629,10
12.9286499023,80.2312164307,19629,19639,10
12.9300603867,80.231552124,19639,19649,10
12.9314603806,80.2319412231,19649,19659,10
12.9327697754,80.2323684692,19659,19669,10
12.9334802628,80.2326583862,19669,19680,11
12.9335203171,80.2326812744,19680,19690,10
12.9336299896,80.2327194214,19690,19700,10
12.9340801239,80.2328567505,19700,19710,10
12.9348897934,80.2332611084,19710,19720,10
12.9358701706,80.2337188721,19720,19730,10
12.9369001389,80.2342300415,19730,19740,10
12.9380903244,80.2348098755,19740,19750,10
12.9396600723,80.2355804443,19750,19772,22
12.9396600723,80.2355804443,19772,19783,11
12.9398202896,80.2356567383,19783,19793,10
12.9402999878,80.2358627319,19793,19803,10
12.9411096573,80.236076355,19803,19813,10
12.942150116,80.2363433838,19813,19823,10
12.9432601929,80.2369003296,19823,19833,10
12.9442195892,80.2378616333,19833,19843,10
12.9451704025,80.2389297485,19843,19852,9
12.9462795258,80.2395935059,19852,19862,10
12.9473199844,80.2400436401,19862,19873,11
12.9484596252,80.2404632568,19873,19883,10
12.9491100311,80.240737915,19883,19894,11
12.9499502182,80.2409973145,19894,19904,10
12.9509296417,80.2412719727,19904,19914,10
12.9512500763,80.2413711548,19914,19924,10
12.9514598846,80.2414627075,19924,19934,10
12.9520797729,80.2416915894,19934,19944,10
12.9529104233,80.2420120239,19944,19954,10
12.9540300369,80.2424697876,19954,19964,10
12.9549598694,80.2428283691,19964,19973,9
12.9555702209,80.2430725098,19973,19984,11
12.9563903809,80.2434082031,19984,19995,11
12.9570198059,80.2436828613,19995,20005,10
12.9579401016,80.2440567017,20005,20015,10
12.9587402344,80.2443618774,20015,20025,10
12.9588499069,80.2444229126,20025,20035,10
12.95911026,80.2445983887,20035,20045,10
12.9597501755,80.2448806763,20045,20055,10
12.9606399536,80.245262146,20055,20065,10
12.9617300034,80.2457733154,20065,20075,10
12.9628400803,80.2462768555,20075,20085,10
12.9638996124,80.2468032837,20085,20096,11
12.9652500153,80.2472915649,20096,20106,10
12.9666004181,80.2477874756,20106,20126,20
12.9666004181,80.2477874756,20126,20136,10
12.9667596817,80.2478790283,20136,20146,10
12.9671802521,80.2480621338,20146,20156,10
12.9680299759,80.2484588623,20156,20166,10
12.96916008,80.2489395142,20166,20176,10
12.9703903198,80.2494277954,20176,20186,10
12.9716997147,80.2498092651,20186,20196,10
12.9730901718,80.2501831055,20196,20207,11
12.9745998383,80.2506027222,20207,20217,10
12.9759902954,80.2509994507,20217,20227,10
12.977350235,80.2514572144,20227,20237,10
12.9783296585,80.2521972656,20237,20247,10
12.9785604477,80.2523269653,20247,20257,10
12.9786396027,80.2523803711,20257,20267,10
12.9791202545,80.2525634766,20267,20277,10
12.9798698425,80.2526321411,20277,20287,10
12.9807701111,80.2526397705,20287,20297,10
12.9819002151,80.2526168823,20297,20308,11
12.9833498001,80.2525177002,20308,20318,10
12.9846601486,80.2521820068,20318,20328,10
12.9859304428,80.2518310547,20328,20338,10
12.986989975,80.2515792847,20338,20348,10
12.9877700806,80.2513809204,20348,20358,10
12.9880199432,80.2517623901,20358,20368,10
12.9880695343,80.2521362305,20368,20377,9
12.9880399704,80.2526321411,20377,20387,10
12.9879198074,80.2535400391,20387,20398,11
12.9878101349,80.2547912598,20398,20409,11
12.9877796173,80.2557373047,20409,20419,10
12.9883003235,80.2558288574,20419,20429,10
12.9885597229,80.255859375,20429,20439,10
12.9888000488,80.2558670044,20439,20449,10
12.9892902374,80.2559204102,20449,20459,10
12.9898195267,80.2560272217,20459,20469,10
12.9905500412,80.2559967041,20469,20479,10
12.9911003113,80.2560195923,20479,20489,10
12.9915399551,80.2561035156,20489,20499,10
12.9919395447,80.2560882568,20499,20509,10
12.992600441,80.2559967041,20509,20520,11
12.993689537,80.2554016113,20520,20530,10
12.9943599701,80.2551498413,20530,20540,10
12.9953203201,80.2554397583,20540,20550,10
12.9961395264,80.2555923462,20550,20560,10
12.9968795776,80.2558135986,20560,20570,10
12.9974899292,80.2558822632,20570,20580,10
12.997879982,80.255859375,20580,20590,10
12.9982995987,80.2559585571,20590,20600,10
12.998459816,80.2559890747,20600,20610,10
12.9987897873,80.256072998,20610,20627,17
12.9999198914,80.2561416626,20627,20639,12
13.0011396408,80.2564086914,20639,20649,10
13.0020198822,80.2565536499,20649,20659,10
13.0028495789,80.2567214966,20659,20669,10
13.0035600662,80.2568511963,20669,20679,10
13.0043096542,80.2569885254,20679,20689,10
13.0048904419,80.2568893433,20689,20699,10
13.0058202744,80.2572784424,20699,20709,10
13.0064001083,80.2574386597,20709,20720,11
13.006529808,80.2568969727,20720,20730,10
13.0064897537,80.256187439,20730,20740,10
13.006529808,80.2548828125,20740,20750,10
13.006529808,80.2539520264,20750,20760,10
13.0065603256,80.2531433105,20760,20770,10
13.0065898895,80.2521820068,20770,20780,10
13.006770134,80.2513122559,20780,20790,10
13.0067501068,80.2502593994,20790,20800,10
13.0066699982,80.2485275269,20800,20810,10
13.006649971,80.2476196289,20810,20820,10
13.0066795349,80.2471618652,20820,20831,11
13.0066099167,80.2467498779,20831,20841,10
13.0065803528,80.2466201782,20841,20851,10
13.0066795349,80.2462692261,20851,20861,10
13.0066900253,80.2454833984,20861,20871,10
13.0066299438,80.2446517944,20871,20881,10
13.0066299438,80.2437210083,20881,20891,10
13.0065803528,80.2428817749,20891,20901,10
13.0065803528,80.241859436,20901,20911,10
13.0066299438,80.2410888672,20911,20927,16
13.0068302155,80.2401580811,20927,20940,13
13.007060051,80.2394180298,20940,20950,10
13.0071496964,80.2387008667,20950,20960,10
13.0073900223,80.2375335693,20960,20969,9
13.007610321,80.2363891602,20969,20980,11
13.0078601837,80.2350234985,20980,20989,9
13.0080604553,80.2338409424,20989,21000,11
13.0083599091,80.2322998047,21000,21010,10
13.0086202621,80.2309494019,21010,21020,10
13.0088596344,80.2295608521,21020,21030,10
13.0091104507,80.2283630371,21030,21041,11
13.0096902847,80.2269592285,21041,21051,10
13.0103302002,80.2255706787,21051,21061,10
13.0108604431,80.2244720459,21061,21071,10
13.011349678,80.2233505249,21071,21081,10
13.0116300583,80.2227172852,21081,21091,10
13.0119695663,80.222038269,21091,21101,10
13.012339592,80.2217102051,21101,21111,10
13.0125999451,80.2220687866,21111,21121,10
13.0132598877,80.2226867676,21121,21131,10
13.0139102936,80.2233581543,21131,21142,11
13.0145397186,80.2240905762,21142,21152,10
13.0155200958,80.224937439,21152,21172,20
13.0155200958,80.224937439,21172,21182,10
13.0157604218,80.225112915,21182,21192,10
13.0163097382,80.2253036499,21192,21202,10
13.0170898438,80.2250900269,21202,21212,10
13.0180101395,80.2247161865,21212,21222,10
13.0190200806,80.2243804932,21222,21232,10
13.0198001862,80.2245178223,21232,21242,10
13.0202798843,80.2248535156,21242,21259,17
13.0215196609,80.225769043,21259,21271,12
13.0220003128,80.2261199951,21271,21281,10
13.0221204758,80.2262802124,21281,21291,10
13.0225896835,80.2266769409,21291,21301,10
13.0230798721,80.2271499634,21301,21311,10
13.0236902237,80.2276916504,21311,21321,10
13.0242795944,80.2283706665,21321,21331,10
13.0248003006,80.2290725708,21331,21341,10
13.0254096985,80.2298736572,21341,21352,11
13.0259799957,80.231086731,21352,21362,10
13.0262098312,80.2313995361,21362,21372,10
13.0267696381,80.2312011719,21372,21382,10
13.0276203156,80.2310180664,21382,21392,10
13.0284795761,80.2309188843,21392,21402,10
13.0292596817,80.2308120728,21402,21411,9
13.0298099518,80.2307815552,21411,21421,10
13.0305595398,80.23072052,21421,21431,10
13.0311803818,80.2306289673,21431,21442,11
13.0317602158,80.2305603027,21442,21453,11
13.0325803757,80.2305297852,21453,21463,10
13.0332803726,80.2304763794,21463,21473,10
13.0340595245,80.2304382324,21473,21493,20
13.0340595245,80.2304382324,21493,21503,10
13.0343399048,80.2304534912,21503,21513,10
13.0346298218,80.2303619385,21513,21523,10
13.0348396301,80.2302703857,21523,21533,10
13.0350399017,80.230140686,21533,21543,10
13.0351200104,80.2303009033,21543,21553,10
13.0348596573,80.2303390503,21553,21564,11
13.0346002579,80.2303695679,21564,21574,10
13.0343799591,80.2304229736,21574,21584,10
13.0343399048,80.2304229736,21584,21594,10
13.0341396332,80.2304534912,21594,21604,10
13.0336904526,80.2304382324,21604,23028,1424
13.0334997177,80.2304229736,23028,23534,506
13.0334997177,80.2304229736,23534,23545,11
13.0335302353,80.2304534912,23545,24049,504
13.0335302353,80.2304534912,24049,24059,10
13.0332698822,80.230506897,24059,24070,11
13.032699585,80.2305297852,24070,24080,10
13.0319795609,80.2305984497,24080,24090,10
13.0312795639,80.2306671143,24090,24100,10
13.030790329,80.2306976318,24100,24110,10
13.0303602219,80.23072052,24110,24119,9
13.0301799774,80.230758667,24119,24130,11
13.0299100876,80.2307891846,24130,24140,10
13.0297203064,80.2308197021,24140,24150,10
13.0291795731,80.2309265137,24150,24160,10
13.0285301208,80.2310409546,24160,24170,10
13.0281095505,80.2310409546,24170,24181,11
13.0278596878,80.2312469482,24181,24191,10
13.0278596878,80.2315826416,24191,24201,10
13.0279502869,80.2319412231,24201,24211,10
13.0279302597,80.2322692871,24211,24221,10
13.0274600983,80.2326812744,24221,24231,10
13.0270204544,80.2329025269,24231,24251,20
13.0270204544,80.2329025269,24251,24261,10
13.0265102386,80.2328872681,24261,24271,10
13.026260376,80.2323989868,24271,24282,11
13.0260601044,80.2316665649,24282,24292,10
13.0257301331,80.2305984497,24292,24301,9
13.0250701904,80.2295608521,24301,24312,11
13.0243501663,80.2285690308,24312,24322,10
13.0236301422,80.2277374268,24322,24332,10
13.0227603912,80.2269363403,24332,24342,10
13.0219402313,80.2262420654,24342,24352,10
13.0212402344,80.2257232666,24352,24362,10
13.0210504532,80.2255477905,24362,24372,10
13.0205497742,80.2252120972,24372,24382,10
13.0199403763,80.224822998,24382,24393,11
13.0198602676,80.2247619629,24393,24403,10
13.0197401047,80.2246704102,24403,24413,10
13.0192098618,80.2245025635,24413,24429,16
13.0177402496,80.2249526978,24429,24441,12
13.0165996552,80.225402832,24441,24451,10
13.0157604218,80.225692749,24451,24461,10
13.0148296356,80.22605896,24461,24471,10
13.0146198273,80.2261581421,24471,24481,10
13.0144395828,80.2262268066,24481,24491,10
13.0141201019,80.2263336182,24491,24502,11
13.0138502121,80.2264404297,24502,24512,10
13.0133304596,80.2266921997,24512,24521,9
13.0126399994,80.2269363403,24521,24531,10
13.0118303299,80.2272567749,24531,24542,11
13.0108699799,80.2276535034,24542,24552,10
13.0099401474,80.2280197144,24552,24562,10
13.0092096329,80.228553772,24562,24572,10
13.0089597702,80.2294464111,24572,24582,10
13.0087404251,80.230506897,24582,24592,10
13.0084896088,80.2312774658,24592,24603,11
13.0083198547,80.2325210571,24603,24613,10
13.0082397461,80.2334594727,24613,24622,9
13.008190155,80.2337188721,24622,24633,11
13.0080900192,80.2341079712,24633,24643,10
13.0079603195,80.2347412109,24643,24653,10
13.007809639,80.2355194092,24653,24663,10
13.007610321,80.2363967896,24663,24673,10
13.0074100494,80.2373809814,24673,24683,10
13.0072498322,80.2384033203,24683,24693,10
13.0070800781,80.2390213013,24693,24704,11
13.0069198608,80.239982605,24704,24714,10
13.0068101883,80.2407302856,24714,24724,10
13.0067195892,80.2414779663,24724,24734,10
13.0067195892,80.2425003052,24734,24744,10
13.0067195892,80.2434310913,24744,24754,10
13.0067501068,80.2443008423,24754,24764,10
13.0067796707,80.2451171875,24764,24774,10
13.0068397522,80.2462615967,24774,24784,10
13.0067901611,80.247428894,24784,24794,10
13.0067996979,80.2483825684,24794,24805,11
13.0068902969,80.249382019,24805,24815,10
13.0068702698,80.2502975464,24815,24825,10
13.0068798065,80.2510910034,24825,24845,20
13.0068798065,80.2510910034,24845,24855,10
13.0068702698,80.2515106201,24855,24865,10
13.0067596436,80.2518997192,24865,24875,10
13.006649971,80.2528686523,24875,24886,11
13.0067195892,80.2570266724,24886,24984,98
13.0067195892,80.2570266724,24984,24994,10
13.006819725,80.2572021484,24994,25004,10
13.0067396164,80.2574234009,25004,25015,11
13.0064401627,80.2574768066,25015,25025,10
13.0058603287,80.2574234009,25025,25035,10
13.0050401688,80.257270813,25035,25045,10
13.0041503906,80.2570800781,25045,25055,10
13.0031995773,80.2568511963,25055,25065,10
13.0023298264,80.2566833496,25065,25075,10
13.0016002655,80.2565917969,25075,25085,10
13.0007696152,80.256439209,25085,25095,10
13.0000295639,80.2563400269,25095,25105,10
12.9987201691,80.2561035156,25105,25126,21
12.9987201691,80.2561035156,25126,25136,10
12.9984102249,80.2559967041,25136,25146,10
12.9982404709,80.2559661865,25146,25156,10
12.9978504181,80.2559280396,25156,25166,10
12.997209549,80.2559509277,25166,25186,20
12.997209549,80.2559509277,25186,25196,10
12.9966802597,80.2559204102,25196,25206,10
12.9959697723,80.2559204102,25206,25223,17
12.9946298599,80.255897522,25223,25235,12
12.993689537,80.2559814453,25235,25244,9
12.992939949,80.2561035156,25244,25255,11
12.9920301437,80.2560882568,25255,25264,9
12.9913597107,80.2561264038,25264,25275,11
12.9903802872,80.2560882568,25275,25286,11
12.9893798828,80.2560119629,25286,25297,11
12.9885396957,80.2559509277,25297,25307,10
12.9879703522,80.2558364868,25307,25317,10
12.9874000549,80.2557220459,25317,25327,10
12.9868497849,80.2556762695,25327,25339,12
12.9867200851,80.2556533813,25339,25349,10
12.9863595963,80.255569458,25349,25359,10
12.9859304428,80.2554779053,25359,25369,10
12.9854001999,80.2554092407,25369,25379,10
12.9848604202,80.2552566528,25379,25380,1
12.9848003387,80.255241394,25380,25390,10
12.9848003387,80.255241394,25390,25456,66
12.9798803329,80.2527618408,25456,25466,10
12.9790496826,80.2526397705,25466,25476,10
12.9784202576,80.2523727417,25476,25485,9
12.9776000977,80.251701355,25485,25496,11
12.9764995575,80.2511901855,25496,25505,9
12.9752998352,80.2508468628,25505,25515,10
12.9741201401,80.250541687,25515,25526,11
12.972869873,80.250213623,25526,25536,10
12.9717197418,80.2498779297,25536,25547,11
12.9704198837,80.2495269775,25547,25557,10
12.9692602158,80.2490692139,25557,25567,10
12.9681396484,80.2486114502,25567,25577,10
12.9670600891,80.2481536865,25577,25587,10
12.9660396576,80.2476882935,25587,25597,10
12.9652500153,80.2473983765,25597,25607,10
12.9651002884,80.2473602295,25607,25617,10
12.9645204544,80.2471618652,25617,25627,10
12.963640213,80.2468185425,25627,25637,10
12.9626197815,80.2462768555,25637,25648,11
12.9613103867,80.2456436157,25648,25658,10
12.9602203369,80.2451629639,25658,25668,10
12.9594497681,80.2448272705,25668,25678,10
12.9593400955,80.2447967529,25678,25688,10
12.9588899612,80.2445220947,25688,25698,10
12.9580802917,80.2441635132,25698,25708,10
12.9573602676,80.243888855,25708,25718,10
12.9565296173,80.2435684204,25718,25728,10
12.9562702179,80.2434692383,25728,25738,10
12.9556903839,80.2432174683,25738,25748,10
12.9548301697,80.2428436279,25748,25759,11
12.9536800385,80.2423706055,25759,25769,10
12.9526700974,80.2419891357,25769,25779,10
12.9520101547,80.2417831421,25779,25789,10
12.9518003464,80.2416992188,25789,25799,10
12.9516401291,80.2416381836,25799,25809,10
12.9510402679,80.2414093018,25809,25819,10
12.9501199722,80.2411193848,25819,25829,10
12.9490995407,80.2408218384,25829,25845,16
12.9479999542,80.2403793335,25845,25857,12
12.9472103119,80.2400512695,25857,25868,11
12.9470901489,80.240020752,25868,25877,9
12.94672966,80.2398529053,25877,25888,11
12.9459104538,80.2394714355,25888,25898,10
12.9450397491,80.2389068604,25898,25908,10
12.9443998337,80.238243103,25908,25918,10
12.9436197281,80.2374267578,25918,25928,10
12.9433097839,80.2371063232,25928,25938,10
12.9430799484,80.2368774414,25938,25948,10
12.9424695969,80.2365188599,25948,25958,10
12.9415798187,80.2362594604,25958,25969,11
12.9404802322,80.2359695435,25969,25979,10
12.9395704269,80.2356567383,25979,25989,10
12.9386196136,80.2351531982,25989,25999,10
12.9374198914,80.2345581055,25999,26009,10
12.9361600876,80.2338790894,26009,26019,10
12.9349498749,80.2334289551,26019,26029,10
12.9340801239,80.233039856,26029,26039,10
12.9339599609,80.2329864502,26039,26049,10
12.9335298538,80.2328186035,26049,26059,10
12.9327201843,80.2324676514,26059,26069,10
12.931599617,80.2320632935,26069,26086,17
12.9295701981,80.2314605713,26086,26098,12
12.9281597137,80.2312011719,26098,26108,10
12.9268198013,80.2310180664,26108,26118,10
12.9254198074,80.2308578491,26118,26128,10
12.9240598679,80.2307128906,26128,26138,10
12.9228897095,80.2305603027,26138,26147,9
12.921500206,80.2303390503,26147,26158,11
12.9200000763,80.2301712036,26158,26168,10
12.9190998077,80.2300872803,26168,26178,10
12.9187803268,80.2300415039,26178,26189,11
12.9179401398,80.229927063,26189,26199,10
12.9168796539,80.2297821045,26199,26209,10
12.9156904221,80.229598999,26209,26219,10
12.9146003723,80.2294387817,26219,26229,10
12.9137601852,80.2293624878,26229,26239,10
12.9135398865,80.2293395996,26239,26249,10
12.9132404327,80.2292633057,26249,26259,10
12.9124698639,80.2291488647,26259,26269,10
12.9113903046,80.2289962769,26269,26280,11
12.9099798203,80.2287826538,26280,26290,10
12.9086103439,80.2285385132,26290,26300,10
12.9072399139,80.2283401489,26300,26310,10
12.9061098099,80.2282333374,26310,26320,10
12.9047899246,80.2281494141,26320,26330,10
12.9034204483,80.2280807495,26330,26340,10
12.9021100998,80.2280273438,26340,26350,10
12.9011802673,80.228012085,26350,26370,20
12.9011802673,80.228012085,26370,26381,11
12.9009895325,80.2279815674,26381,26391,10
12.9005498886,80.2279434204,26391,26401,10
12.8999595642,80.2279205322,26401,26411,10
12.8995599747,80.2279205322,26411,26421,10
12.8994398117,80.2279205322,26421,26431,10
12.8988399506,80.2278366089,26431,26441,10
12.8978996277,80.2277832031,26441,26451,10
12.896730423,80.227722168,26451,26461,10
12.895409584,80.2276611328,26461,26471,10
12.8940296173,80.2276077271,26471,26481,10
12.8928003311,80.2274703979,26481,26492,11
12.8922395706,80.227432251,26492,26502,10
12.891500473,80.2274093628,26502,26511,9
12.8905801773,80.2274093628,26511,26522,11
12.8893699646,80.2273864746,26522,26532,10
12.8879003525,80.2273330688,26532,26542,10
12.8866300583,80.2270889282,26542,26552,10
12.8853998184,80.2267913818,26552,26562,10
12.8844995499,80.2267608643,26562,26572,10
12.8842201233,80.2267608643,26572,26582,10
12.8837404251,80.2267379761,26582,26592,10
12.882809639,80.2267684937,26592,26603,11
12.8815498352,80.2267837524,26603,26613,10
12.8802900314,80.2267608643,26613,26623,10
12.8789796829,80.2267913818,26623,26639,16
12.8769197464,80.2269592285,26639,26651,12
12.875459671,80.2269592285,26651,26661,10
12.8740797043,80.2267990112,26661,26670,9
12.8730697632,80.2267227173,26670,26681,11
12.8724098206,80.2267227173,26681,26691,10
12.8716602325,80.2266998291,26691,26702,11
12.8704996109,80.2266387939,26702,26712,10
12.8692302704,80.2264785767,26712,26722,10
12.8678598404,80.2264175415,26722,26733,11
12.8664398193,80.2265701294,26733,26743,10
12.8648900986,80.2266082764,26743,26753,10
12.8634796143,80.2265396118,26753,26762,9
12.8621702194,80.2265701294,26762,26772,10
12.860710144,80.2265777588,26772,26783,11
12.8591804504,80.2263793945,26783,26793,10
12.8579797745,80.226272583,26793,26804,11
12.8564996719,80.2263717651,26804,26814,10
12.855099678,80.2265167236,26814,26824,10
12.8536396027,80.2266769409,26824,26834,10
12.8521404266,80.2266693115,26834,26844,10
12.8506402969,80.2266235352,26844,26854,10
12.8491096497,80.226600647,26854,26864,10
12.8475503922,80.2266082764,26864,26874,10
12.8461399078,80.2266235352,26874,26884,10
12.8453903198,80.2266387939,26884,26894,10
12.8453598022,80.2266311646,26894,26904,10
12.8451099396,80.226600647,26904,26915,11
12.8443498611,80.2266464233,26915,26925,10
12.8433103561,80.2268066406,26925,26935,10
12.8421201706,80.2269973755,26935,26945,10
12.8407297134,80.2273788452,26945,26955,10
12.8399896622,80.2276306152,26955,26965,10
12.8396396637,80.2277374268,26965,26975,10
12.839220047,80.2278594971,26975,26991,16
12.8377599716,80.2282028198,26991,27003,12
12.836230278,80.2284469604,27003,27013,10
12.8348999023,80.2286071777,27013,27024,11
12.8333597183,80.2288894653,27024,27034,10
12.8322200775,80.2291183472,27034,27044,10
12.8321399689,80.2291488647,27044,27054,10
12.8318796158,80.2292098999,27054,27064,10
12.8314199448,80.2292633057,27064,27074,10
12.8301897049,80.2297668457,27074,27084,10
12.8288402557,80.2303314209,27084,27094,10
12.8276700974,80.23097229,27094,27104,10
12.8264398575,80.2313613892,27104,27114,10
12.8258600235,80.2314224243,27114,27125,11
12.8255596161,80.2313919067,27125,27135,10
12.8248996735,80.2313995361,27135,27145,10
12.823969841,80.2311935425,27145,27155,10
12.8228702545,80.2308578491,27155,27165,10
12.8216695786,80.2305221558,27165,27175,10
12.8203897476,80.2304763794,27175,27185,10
12.8192195892,80.2305221558,27185,27195,10
12.8188800812,80.2304763794,27195,27205,10
12.8184499741,80.2302780151,27205,27215,10
12.8176403046,80.2298965454,27215,27226,11
12.8164196014,80.2294998169,27226,27236,10
12.8151102066,80.229309082,27236,27246,10
12.8137903214,80.2290420532,27246,27256,10
12.8125495911,80.2286300659,27256,27266,10
12.811340332,80.2282180786,27266,27276,10
12.810839653,80.2280273438,27276,27286,10
12.8105297089,80.2278900146,27286,27296,10
12.8098802567,80.2276000977,27296,27306,10
12.8090295792,80.2270889282,27306,27316,10
12.80809021,80.2263336182,27316,27327,11
12.8071699142,80.2255401611,27327,27337,10
12.8065595627,80.2250213623,27337,27347,10
12.8058996201,80.2244262695,27347,27357,10
12.8051900864,80.2240371704,27357,27367,10
12.8049898148,80.2240066528,27367,27377,10
12.8047304153,80.2239532471,27377,27387,10
12.8041601181,80.2238998413,27387,27397,10
12.8033399582,80.2238311768,27397,27407,10
12.8022403717,80.2236862183,27407,27417,10
12.8010797501,80.2236022949,27417,27427,10
12.800740242,80.2235717773,27427,27438,11
12.8004102707,80.2235336304,27438,27448,10
12.7996997833,80.2234573364,27448,27458,10
12.7987203598,80.2233963013,27458,27468,10
12.7974395752,80.2232437134,27468,27478,10
12.7962398529,80.2230224609,27478,27488,10
12.7958803177,80.2229385376,27488,27498,10
12.7954998016,80.2228469849,27498,27508,10
12.7947797775,80.2227325439,27508,27518,10
12.7938499451,80.2225799561,27518,27528,10
12.792889595,80.2224884033,27528,27539,11
12.7919597626,80.2222824097,27539,27549,10
12.7909002304,80.222038269,27549,27565,16
12.789349556,80.2215576172,27565,27577,12
12.7882404327,80.2211227417,27577,27587,10
12.7873601913,80.2208023071,27587,27594,7
12.7866096497,80.2204818726,27594,27627,33
12.7866096497,80.2204818726,27627,27637,10
12.786359787,80.2203826904,27637,27648,11
12.7861995697,80.2204208374,27648,27658,10
12.7861995697,80.220703125,27658,27668,10
12.7862100601,80.2211990356,27668,27678,10
12.7862997055,80.2216415405,27678,27723,45
12.7862997055,80.2216415405,27723,27733,10
12.7862796783,80.2220916748,27733,27743,10
12.7862100601,80.2224884033,27743,27773,30
12.7862100601,80.2224884033,27773,27784,11
12.7862997055,80.2222366333,27784,28531,747
12.7864103317,80.2220611572,28531,28582,51
12.7863197327,80.2219467163,28582,30612,2030
12.786239624,80.2215576172,30612,30642,30
12.786239624,80.2215576172,30642,30652,10
12.7862195969,80.2211608887,30652,30662,10
12.7861995697,80.2209625244,30662,30672,10
12.7861795425,80.2206192017,30672,30682,10
12.7862195969,80.2203903198,30682,30693,11
12.78647995,80.2204208374,30693,30713,20
12.78647995,80.2204208374,30713,30723,10
12.7867603302,80.2205734253,30723,30733,10
12.7871103287,80.220703125,30733,30743,10
12.7876501083,80.2208709717,30743,30753,10
12.7882299423,80.2210998535,30753,30763,10
12.7889204025,80.2213516235,30763,30773,10
12.7896203995,80.2216186523,30773,30783,10
12.7903604507,80.2218322754,30783,30794,11
12.7912998199,80.2220687866,30794,30804,10
12.7922496796,80.2223129272,30804,30814,10
12.7931404114,80.2224578857,30814,30824,10
12.794090271,80.2226028442,30824,30834,10
12.7950801849,80.2227630615,30834,30844,10
12.7960500717,80.2229003906,30844,30854,10
12.7964000702,80.2229537964,30854,30864,10
12.7966804504,80.2229995728,30864,30874,10
12.7973299026,80.2231369019,30874,30884,10
12.7981901169,80.2232589722,30884,30894,10
12.7991600037,80.2233734131,30894,30905,11
12.8003501892,80.223487854,30905,30915,10
12.8014097214,80.2235870361,30915,30925,10
12.8023996353,80.2236785889,30925,30935,10
12.8030595779,80.2237701416,30935,30945,10
12.803560257,80.2238311768,30945,30955,10
12.8041296005,80.2238693237,30955,30965,10
12.8046703339,80.2239227295,30965,30975,10
12.8052396774,80.2240219116,30975,30985,10
12.8056097031,80.2241287231,30985,30995,10
12.805680275,80.2241668701,30995,31006,11
12.8059997559,80.2244110107,31006,31016,10
12.806520462,80.2248764038,31016,31026,10
12.807220459,80.2255020142,31026,31036,10
12.8080596924,80.2262191772,31036,31046,10
12.808930397,80.2269515991,31046,31056,10
12.8098096848,80.2274932861,31056,31066,10
12.8107204437,80.2278823853,31066,31076,10
12.8111801147,80.2280578613,31076,31086,10
12.8113803864,80.2281417847,31086,31096,10
12.8119602203,80.2283477783,31096,31107,11
12.8128795624,80.2286834717,31107,31117,10
12.8139801025,80.229057312,31117,31127,10
12.8152599335,80.2292861938,31127,31137,10
12.8166799545,80.2295227051,31137,31147,10
12.8178701401,80.2299499512,31147,31157,10
12.818980217,80.2304534912,31157,31167,10
12.8199300766,80.23046875,31167,31177,10
12.8205900192,80.23046875,31177,31193,16
12.8221597672,80.2305984497,31193,31206,13
12.8235702515,80.2310333252,31206,31217,11
12.8248195648,80.2313308716,31217,31227,10
12.8260097504,80.2313613892,31227,31237,10
12.827170372,80.2311935425,31237,31247,10
12.8281202316,80.2306976318,31247,31257,10
12.8289604187,80.2302398682,31257,31267,10
12.8297996521,80.2298812866,31267,31277,10
12.8305997849,80.2295837402,31277,31287,10
12.8311595917,80.2293167114,31287,31297,10
12.8311796188,80.2293167114,31297,31307,10
12.8313102722,80.2292633057,31307,31317,10
12.8317403793,80.229133606,31317,31328,11
12.8324804306,80.2289810181,31328,31350,22
12.8345003128,80.2286071777,31350,31362,12
12.8357000351,80.2284088135,31362,31372,10
12.8368997574,80.2282409668,31372,31382,10
12.8379602432,80.2280578613,31382,31392,10
12.8389997482,80.2278213501,31392,31401,9
12.8394899368,80.2276611328,31401,31433,32
12.8394899368,80.2276611328,31433,31443,10
12.8399801254,80.2275466919,31443,31453,10
12.8406400681,80.2273864746,31453,31463,10
12.8414802551,80.2271575928,31463,31473,10
12.8424797058,80.2269210815,31473,31483,10
12.8435401917,80.2267379761,31483,31493,10
12.8446998596,80.2265930176,31493,31503,10
12.8454303741,80.2265167236,31503,31513,10
12.8454999924,80.2265167236,31513,31523,10
12.8457603455,80.2265090942,31523,31534,11
12.8462095261,80.2265396118,31534,31544,10
12.8468198776,80.2265396118,31544,31554,10
12.8474798203,80.2265319824,31554,31564,10
12.8481702805,80.2265319824,31564,31574,10
12.84897995,80.2265090942,31574,31584,10
12.8499898911,80.2265090942,31584,31594,10
12.8510599136,80.2265396118,31594,31604,10
12.8521900177,80.2265777588,31604,31614,10
12.8534002304,80.2266235352,31614,31624,10
12.8545999527,80.2265167236,31624,31635,11
12.8559303284,80.2263793945,31635,31645,10
12.8571596146,80.2262496948,31645,31654,9
12.8582601547,80.2261886597,31654,31665,11
12.8595600128,80.2263183594,31665,31675,10
12.8605804443,80.2264709473,31675,31685,10
12.8609399796,80.2264862061,31685,31695,10
12.8612003326,80.2265167236,31695,31705,10
12.8618497849,80.2265167236,31705,31715,10
12.862739563,80.2264480591,31715,31725,10
12.8639001846,80.2264480591,31725,31735,10
12.8651800156,80.2265090942,31735,31746,11
12.8666496277,80.2264709473,31746,31756,10
12.8679800034,80.2263565063,31756,31766,10
12.869310379,80.2264175415,31766,31776,10
12.8705797195,80.2265625,31776,31786,10
12.8717899323,80.2266235352,31786,31796,10
12.8727397919,80.226600647,31796,31806,10
12.8729095459,80.226600647,31806,31816,10
12.8731203079,80.2266235352,31816,31826,10
12.8737401962,80.2266464233,31826,31836,10
12.8746700287,80.2267684937,31836,31846,10
12.8757696152,80.2268981934,31846,31857,11
12.8767995834,80.2268676758,31857,31867,10
12.8768901825,80.2268676758,31867,31883,16
12.8776702881,80.2268371582,31883,31895,12
12.878780365,80.2267608643,31895,31905,10
12.8800401688,80.2267227173,31905,31915,10
12.881360054,80.2266998291,31915,31925,10
12.8828296661,80.2266616821,31925,31935,10
12.8842201233,80.2266387939,31935,31945,10
12.8851900101,80.2266235352,31945,31955,10
12.8852796555,80.2266387939,31955,31966,11
12.8854999542,80.2266769409,31966,31976,10
12.8860797882,80.2268295288,31976,31985,9
12.8868398666,80.2270431519,31985,31996,11
12.887960434,80.2272109985,31996,32006,10
12.8885803223,80.2272491455,32006,32016,10
12.8886699677,80.2272567749,32016,32026,10
12.8891801834,80.2272720337,32026,32036,10
12.8900003433,80.2272720337,32036,32046,10
12.8910703659,80.2272796631,32046,32057,11
12.8921899796,80.2272796631,32057,32067,10
12.8924198151,80.2273025513,32067,32077,10
12.8926200867,80.2273178101,32077,32087,10
12.8932199478,80.2274017334,32087,32097,10
12.8940896988,80.2275085449,32097,32107,10
12.8943195343,80.2275238037,32107,32117,10
12.8945903778,80.2275466919,32117,32127,10
12.8952302933,80.2275619507,32127,32137,10
12.8961496353,80.2276000977,32137,32147,10
12.8972196579,80.2276535034,32147,32164,17
12.8991003036,80.2277679443,32164,32176,12
12.8999700546,80.2277984619,32176,32186,10
12.9005098343,80.2278213501,32186,32194,8
12.9005899429,80.2278213501,32194,32205,11
12.9008102417,80.2278366089,32205,32217,12
12.901260376,80.2279129028,32217,32227,10
12.9018297195,80.2279281616,32227,32236,9
12.9024600983,80.2279510498,32236,32246,10
12.9030103683,80.2279434204,32246,32268,22
12.9030103683,80.2279434204,32268,32278,10
12.9034099579,80.2279586792,32278,32288,10
12.9041595459,80.2280426025,32288,32298,10
12.9051904678,80.2281036377,32298,32308,10
12.9061203003,80.2281417847,32308,32318,10
12.9067401886,80.2281799316,32318,32327,9
12.906829834,80.228187561,32327,32338,11
12.9070100784,80.2282180786,32338,32348,10
12.9076299667,80.2283096313,32348,32358,10
12.9084997177,80.2284622192,32358,32368,10
12.9095897675,80.2286376953,32368,32379,11
12.9109697342,80.2288589478,32379,32389,10
12.9122800827,80.2290496826,32389,32399,10
12.9139404297,80.2292480469,32399,32419,20
12.9139404297,80.2292480469,32419,32429,10
12.9142503738,80.229309082,32429,32439,10
12.9148397446,80.2293930054,32439,32449,10
12.9156703949,80.2295074463,32449,32459,10
12.9167404175,80.2296676636,32459,32469,10
12.9178800583,80.2298431396,32469,32479,10
12.9190597534,80.2299880981,32479,32490,11
12.9203195572,80.2301483154,32490,32500,10
12.921620369,80.2303390503,32500,32510,10
12.9229898453,80.2305603027,32510,32520,10
12.9244003296,80.2307510376,32520,32530,10
12.9257497787,80.2308807373,32530,32540,10
12.9265403748,80.2309417725,32540,32550,10
12.9266996384,80.2309570313,32550,32560,10
12.9273099899,80.2310409546,32560,32570,10
12.9282102585,80.2311706543,32570,32580,10
12.9293699265,80.2313613892,32580,32591,11
12.9307203293,80.2317199707,32591,32601,10
12.9320402145,80.2321395874,32601,32611,10
12.9332504272,80.2325592041,32611,32621,10
12.9336700439,80.2327728271,32621,32631,10
12.9336795807,80.2327804565,32631,32641,10
12.9339799881,80.232963562,32641,32651,10
12.9347000122,80.233253479,32651,32661,10
12.9356899261,80.2336425781,32661,32671,10
12.9367799759,80.2341766357,32671,32681,10
12.9379396439,80.2347335815,32681,32691,10
12.9391403198,80.2353515625,32691,32702,11
12.939740181,80.2356414795,32702,32712,10
12.939740181,80.2356491089,32712,32722,10
12.9400196075,80.2357406616,32722,32732,10
12.9407300949,80.2359619141,32732,32742,10
12.9416999817,80.2362136841,32742,32752,10
12.9428300858,80.2366104126,32752,32762,10
12.9437904358,80.2374420166,32762,32772,10
12.9447097778,80.2384490967,32772,32781,9
12.9455604553,80.2392578125,32781,32791,10
12.946680069,80.2397537231,32791,32803,12
12.9478597641,80.240196228,32803,32813,10
12.948559761,80.2405014038,32813,32823,10
12.9490995407,80.2407226563,32823,32833,10
12.9499502182,80.2410125732,32833,32843,10
12.9508104324,80.2412414551,32843,32853,10
12.9510002136,80.2413024902,32853,32863,10
12.9511299133,80.2413787842,32863,32873,10
12.9517002106,80.2416000366,32873,32883,10
12.9525499344,80.2419128418,32883,32893,10
12.953499794,80.2422790527,32893,32903,10
12.9543800354,80.2426223755,32903,32914,11
12.9551496506,80.2429122925,32914,32924,10
12.9558897018,80.2431793213,32924,32934,10
12.9563598633,80.2434310913,32934,32944,10
12.9569597244,80.2436828613,32944,32954,10
12.9578304291,80.2440414429,32954,32964,10
12.9586601257,80.2443313599,32964,32974,10
12.9590196609,80.2445068359,32974,32984,10
12.9590101242,80.2445068359,32984,32994,10
12.9591197968,80.2445220947,32994,33004,10
12.9597101212,80.2448196411,33004,33015,11
12.9606199265,80.2452392578,33015,33025,10
12.9616003036,80.2456970215,33025,33035,10
12.9624795914,80.246131897,33035,33045,10
12.9632797241,80.2465362549,33045,33065,20
12.9632797241,80.2465362549,33065,33075,10
12.963549614,80.2466888428,33075,33085,10
12.9640398026,80.246887207,33085,33095,10
12.9646997452,80.2471389771,33095,33105,10
12.9655103683,80.2474136353,33105,33115,10
12.9663896561,80.2477416992,33115,33126,11
12.9666099548,80.247833252,33126,33142,16
12.966799736,80.2479171753,33142,33154,12
12.9668102264,80.2479400635,33154,33164,10
12.9671201706,80.2481231689,33164,33173,9
12.9677000046,80.2483673096,33173,33184,11
12.9686203003,80.2487487793,33184,33194,10
12.9697904587,80.2492218018,33194,33204,10
12.9711503983,80.2496871948,33204,33213,9
12.9722795486,80.2499771118,33213,33226,13
12.9738302231,80.2503662109,33226,33236,10
12.9743404388,80.25050354,33236,33246,10
12.9744796753,80.2505569458,33246,33256,10
12.9750404358,80.2507324219,33256,33266,10
12.9758996964,80.2509689331,33266,33276,10
12.9770097733,80.2512969971,33276,33286,10
12.9779901505,80.2519378662,33286,33296,10
12.9784297943,80.2522506714,33296,33320,24
12.9793395996,80.2526016235,33320,33331,11
12.9804201126,80.2526397705,33331,33342,11
12.9817304611,80.2526321411,33342,33352,10
12.9830102921,80.2525634766,33352,33362,10
12.9841403961,80.2523117065,33362,33372,10
12.9854402542,80.2519607544,33372,33382,10
12.9865999222,80.2516479492,33382,33402,20
12.9865999222,80.2516479492,33402,33412,10
12.9867296219,80.2516098022,33412,33422,10
12.9870595932,80.2515182495,33422,33432,10
12.987449646,80.2513885498,33432,33443,11
12.9879302979,80.2514724731,33443,33453,10
12.9879999161,80.2518234253,33453,33462,9
12.9880504608,80.2520675659,33462,33473,11
12.9880199432,80.2523269653,33473,33483,10
12.9879398346,80.2531814575,33483,33493,10
12.987859726,80.254119873,33493,33503,10
12.9878196716,80.2550125122,33503,33513,10
12.9877700806,80.2551879883,33513,33523,10
12.9877099991,80.2554092407,33523,33533,10
12.9877901077,80.2558135986,33533,33544,11
12.9882698059,80.2558288574,33544,33554,10
12.9886798859,80.255859375,33554,33564,10
12.9887895584,80.2558822632,33564,33574,10
12.9890403748,80.2559204102,33574,33584,10
12.9896802902,80.2559585571,33584,33594,10
12.9903802872,80.2559585571,33594,33604,10
12.9910802841,80.2559967041,33604,33614,10
12.9917697906,80.2560195923,33614,33624,10
12.9927597046,80.2559204102,33624,33634,10
12.9936599731,80.2559509277,33634,33644,10
12.9945402145,80.2558670044,33644,33654,10
12.9953603745,80.2558517456,33654,33665,11
12.9963903427,80.255821228,33665,33675,10
12.9970903397,80.2558288574,33675,33685,10
12.9976396561,80.2558898926,33685,33695,10
12.9987297058,80.2559585571,33695,33725,30
12.9987297058,80.2559585571,33725,33735,10
12.9989404678,80.2560577393,33735,33745,10
12.9990596771,80.2560806274,33745,33756,11
12.9995698929,80.256187439,33756,33766,10
13.0002403259,80.2562866211,33766,33776,10
13.000459671,80.2563476563,33776,33786,10
13.0008497238,80.2564163208,33786,33796,10
13.0013799667,80.2564926147,33796,33812,16
13.0022497177,80.2566299438,33812,33824,12
13.0030202866,80.2567901611,33824,33834,10
13.0035495758,80.2568893433,33834,33844,10
13.0042600632,80.257019043,33844,33854,10
13.0048904419,80.2571411133,33854,33865,11
13.005979538,80.2573394775,33865,33915,50
13.005979538,80.2573394775,33915,33925,10
13.0062999725,80.2574234009,33925,33935,10
13.0065603256,80.2572784424,33935,33945,10
13.0065603256,80.2567214966,33945,33955,10
13.0066795349,80.2557067871,33955,33966,11
13.0066299438,80.254737854,33966,33976,10
13.006529808,80.2539520264,33976,33986,10
13.0064697266,80.2533569336,33986,33996,10
13.0064496994,80.2532501221,33996,34006,10
13.0064401627,80.2530136108,34006,34016,10
13.0064496994,80.2527236938,34016,34026,10
13.0064897537,80.252166748,34026,34056,30
13.0064897537,80.252166748,34056,34066,10
13.0066204071,80.2518386841,34066,34077,11
13.0066900253,80.2512893677,34077,34087,10
13.0067501068,80.2508010864,34087,34097,10
13.0066995621,80.2499771118,34097,34106,9
13.0066699982,80.2490081787,34106,34117,11
13.0066099167,80.2477493286,34117,34157,40
13.0066099167,80.2477493286,34157,34167,10
13.0066299438,80.2474594116,34167,34178,11
13.0066204071,80.2471008301,34178,34188,10
13.0065402985,80.2466583252,34188,34198,10
13.0065402985,80.2465591431,34198,34208,10
13.0065803528,80.2463989258,34208,34218,10
13.0066404343,80.2460021973,34218,34228,10
13.0066404343,80.2452697754,34228,34238,10
13.0065603256,80.2445602417,34238,34248,10
13.0065097809,80.2439422607,34248,34258,10
13.0065698624,80.2433700562,34258,34268,10
13.0065002441,80.2424621582,34268,34279,11
13.006480217,80.2414398193,34279,34289,10
13.0065402985,80.2408218384,34289,34299,10
13.0065498352,80.2407913208,34299,34309,10
13.0066604614,80.2404403687,34309,34319,10
13.0067396164,80.2402572632,34319,34329,10
13.0068597794,80.2398376465,34329,34339,10
13.0069999695,80.2390823364,34339,34349,10
13.0072002411,80.2380599976,34349,34359,10
13.0073604584,80.2371292114,34359,34369,10
13.0073900223,80.2367630005,34369,34379,10
13.0074396133,80.2366409302,34379,34390,11
13.0075597763,80.2362136841,34390,34406,16
13.0077695847,80.2351379395,34406,34418,12
13.0079603195,80.2341690063,34418,34428,10
13.008190155,80.2330780029,34428,34438,10
13.0084199905,80.231880188,34438,34448,10
13.0086402893,80.230682373,34448,34458,10
13.0088796616,80.2294616699,34458,34467,9
13.0091199875,80.2283477783,34467,34479,12
13.0096101761,80.2271270752,34479,34489,10
13.0101099014,80.2261581421,34489,34500,11
13.0106296539,80.225189209,34500,34510,10
13.0109300613,80.2243804932,34510,34520,10
13.0112304688,80.2235717773,34520,34529,9
13.0115604401,80.2228622437,34529,34540,11
13.0117902756,80.2218399048,34540,34551,11
13.0122804642,80.2215576172,34551,34560,9
13.012550354,80.2219772339,34560,34570,10
13.0129404068,80.2224273682,34570,34581,11
13.0134000778,80.2227096558,34581,34591,10
13.0136499405,80.2229919434,34591,34602,11
13.0140399933,80.2233200073,34602,34612,10
13.0142402649,80.2235565186,34612,34622,10
13.0144701004,80.2239227295,34622,34632,10
13.014840126,80.2244567871,34632,34651,19
13.014840126,80.2244567871,34651,34662,11
13.0151195526,80.2247314453,34662,34672,10
13.0153999329,80.224937439,34672,34702,30
13.0153999329,80.224937439,34702,34713,11
13.0157203674,80.2252426147,34713,34723,10
13.0160398483,80.2253570557,34723,34733,10
13.0166301727,80.2252807617,34733,34743,10
13.0173301697,80.2250213623,34743,34753,10
13.0180301666,80.2247314453,34753,34763,10
13.0188398361,80.2244491577,34763,34773,10
13.0195999146,80.2244415283,34773,34803,30
13.0195999146,80.2244415283,34803,34814,11
13.0199298859,80.2246780396,34814,34824,10
13.0203199387,80.2249679565,34824,34834,10
13.0208501816,80.2253112793,34834,34844,10
13.0212802887,80.2256774902,34844,34854,10
13.021780014,80.2260284424,34854,34864,10
13.0219497681,80.2261505127,34864,34874,10
13.0221500397,80.2263412476,34874,34884,10
13.0225200653,80.2266998291,34884,34894,10
13.0229997635,80.2272186279,34894,34904,10
13.0234804153,80.2275924683,34904,34914,10
13.0239601135,80.2281417847,34914,34925,11
13.0242900848,80.2286605835,34925,34935,10
13.0248804092,80.2294006348,34935,34945,10
13.0254802704,80.2302322388,34945,34955,10
13.0258197784,80.2310562134,34955,34965,10
13.0261802673,80.2313079834,34965,34975,10
13.0269098282,80.2311096191,34975,34985,10
13.0277204514,80.2309188843,34985,34995,10
13.0283699036,80.2308425903,34995,35005,10
13.0286102295,80.2308425903,35005,35015,10
13.029129982,80.2308120728,35015,35046,31
13.029129982,80.2308120728,35046,35056,10
13.0293998718,80.230796814,35056,35066,10
13.0297403336,80.2307815552,35066,35076,10
13.0303201675,80.2307281494,35076,35086,10
13.0307798386,80.2306900024,35086,35096,10
13.030960083,80.2306671143,35096,35106,10
13.0313501358,80.2306289673,35106,35116,10
13.0320701599,80.2305679321,35116,35126,10
13.0327997208,80.23046875,35126,35137,11
13.0337200165,80.2303771973,35137,35146,9
13.0344800949,80.2303237915,35146,35187,41
13.0347299576,80.2302932739,35187,35268,81
13.0350399017,80.2302474976,35268,35490,222
13.0350399017,80.2302474976,35490,35500,10
13.0350999832,80.2298965454,35500,35581,81
13.0350999832,80.2298965454,35581,35591,10
13.0350704193,80.2297286987,35591,35651,60
13.0347003937,80.2297821045,35651,35712,61
13.0343198776,80.2297210693,35712,35904,192
13.0343198776,80.2297210693,35904,35914,10
13.034040451,80.2300567627,35914,36530,616
13.0341901779,80.2301635742,36530,36782,252
13.0340900421,80.2302017212,36782,37549,767
13.0340900421,80.2302017212,37549,37559,10
13.0340595245,80.2304000854,37559,37569,10
13.0335798264,80.2303695679,37569,37580,11
13.0328197479,80.2303619385,37580,37590,10
13.0322599411,80.2304916382,37590,37600,10
13.0315799713,80.2306137085,37600,37610,10
13.0308904648,80.2306594849,37610,37620,10
13.0305204391,80.2307434082,37620,37630,10
13.0299396515,80.2308273315,37630,37650,20
13.0299396515,80.2308273315,37650,37660,10
13.0296697617,80.2308120728,37660,37670,10
13.0296001434,80.2308273315,37670,37680,10
13.0294399261,80.2308273315,37680,37691,11
13.0290899277,80.2308502197,37691,37707,16
13.028380394,80.2308502197,37707,37719,12
13.0280504227,80.2311630249,37719,37729,10
13.0279502869,80.2315216064,37729,37739,10
13.027879715,80.2321395874,37739,37749,10
13.0277500153,80.2325897217,37749,37759,10
13.0271196365,80.2329025269,37759,37779,20
13.0271196365,80.2329025269,37779,37790,11
13.0268602371,80.2329330444,37790,37800,10
13.0265197754,80.2328720093,37800,37810,10
13.0262098312,80.2323532104,37810,37820,10
13.0260095596,80.2315979004,37820,37830,10
13.0256996155,80.2306289673,37830,37839,9
13.0250396729,80.2296295166,37839,37850,11
13.0243797302,80.228729248,37850,37860,10
13.0238704681,80.2281112671,37860,37870,10
13.0232801437,80.2275009155,37870,37890,20
13.0232801437,80.2275009155,37890,37901,11
13.0230703354,80.2272872925,37901,37911,10
13.0228996277,80.227180481,37911,37921,10
13.0225801468,80.2268371582,37921,37931,10
13.022069931,80.2263412476,37931,37941,10
13.0215501785,80.2259292603,37941,37951,10
13.0208597183,80.2253875732,37951,37961,10
13.0201997757,80.2249679565,37961,37971,10
13.019900322,80.2247695923,37971,37981,10
13.0193996429,80.2245178223,37981,37991,10
13.0186395645,80.2244873047,37991,38002,11
13.0176401138,80.2249221802,38002,38018,16
13.0161399841,80.2255783081,38018,38030,12
13.0164003372,80.2254714966,38030,38040,10
13.016169548,80.2255630493,38040,38050,10
13.0158996582,80.2256622314,38050,38060,10
13.015540123,80.2257766724,38060,38070,10
13.015080452,80.2259597778,38070,38099,29
13.015080452,80.2259597778,38099,38110,11
13.0148601532,80.2260437012,38110,38121,11
13.014380455,80.2262496948,38121,38141,20
13.014380455,80.2262496948,38141,38151,10
13.0141897202,80.2262802124,38151,38161,10
13.0136995316,80.2264633179,38161,38171,10
13.0132198334,80.2266387939,38171,38181,10
13.0124197006,80.2269287109,38181,38191,10
13.0117702484,80.2272415161,38191,38201,10
13.0114002228,80.227432251,38201,38232,31
13.0114002228,80.227432251,38232,38242,10
13.0110197067,80.2275085449,38242,38252,10
13.0106801987,80.2276687622,38252,38262,10
13.0101699829,80.227897644,38262,38272,10
13.0094804764,80.2282562256,38272,38282,10
13.0092601776,80.2289581299,38282,38292,10
13.0090398788,80.2297897339,38292,38302,10
13.008769989,80.2309112549,38302,38312,10
13.008649826,80.2318496704,38312,38323,11
13.0084896088,80.2331390381,38323,38333,10
13.0082902908,80.2336196899,38333,38343,10
13.008190155,80.2337417603,38343,38353,10
13.0081501007,80.2341766357,38353,38363,10
13.0080003738,80.2347412109,38363,38373,10
13.0077600479,80.2353363037,38373,38383,10
13.0075998306,80.2364578247,38383,38393,10
13.007349968,80.2381668091,38393,38403,10
13.0072402954,80.2390594482,38403,38413,10
13.007229805,80.2390975952,38413,38424,11
13.0069904327,80.2398605347,38424,38464,40
13.0069904327,80.2398605347,38464,38474,10
13.0068597794,80.2404785156,38474,38494,20
13.0068597794,80.2404785156,38494,38504,10
13.0067996979,80.2411499023,38504,38514,10
13.0067396164,80.2420120239,38514,38524,10
13.0066995621,80.2432098389,38524,38535,11
13.0068101883,80.2438201904,38535,38545,10
13.0067996979,80.2445983887,38545,38555,10
13.0068397522,80.2452697754,38555,38564,9
13.0068702698,80.2457733154,38564,38575,11
13.006819725,80.2462921143,38575,38585,10
13.0068101883,80.2466964722,38585,38595,10
13.0067796707,80.2473068237,38595,38605,10
13.0067501068,80.2479782104,38605,38615,10
13.0067796707,80.2488021851,38615,38625,10
13.0068702698,80.2494277954,38625,38646,21
13.0068702698,80.2494277954,38646,38656,10
13.0068702698,80.2497787476,38656,38666,10
13.0068302155,80.2502365112,38666,38676,10
13.0068702698,80.2509765625,38676,38706,30
13.0068702698,80.2509765625,38706,38716,10
13.0067501068,80.2515487671,38716,38726,10
13.0066204071,80.2524108887,38726,38736,10
13.0065898895,80.2533187866,38736,38747,11
13.0065898895,80.2543792725,38747,38757,10
13.0066404343,80.2549133301,38757,38767,10
13.0066404343,80.2549667358,38767,38783,16
13.0066099167,80.2558898926,38783,38795,12
13.006649971,80.2567825317,38795,38805,10
13.0066204071,80.2573928833,38805,38815,10
13.0060796738,80.2573776245,38815,38825,10
13.0052099228,80.2573013306,38825,38835,10
13.0043001175,80.2570800781,38835,38845,10
13.0038995743,80.2570266724,38845,38856,11
13.0035400391,80.2569198608,38856,38897,41
13.0031700134,80.2568511963,38897,38937,40
13.0031700134,80.2568511963,38937,38947,10
13.0029201508,80.2567901611,38947,38958,11
13.0027103424,80.256729126,38958,38968,10
13.0023603439,80.2566604614,38968,38978,10
13.002120018,80.256652832,38978,38988,10
13.0018796921,80.2566299438,38988,39048,60
13.0018796921,80.2566299438,39048,39058,10
13.0013799667,80.2565383911,39058,39069,11
13.0006999969,80.2564315796,39069,39079,10
12.9999799728,80.2563323975,39079,39089,10
12.999130249,80.2562408447,39089,39099,10
12.9987897873,80.256149292,39099,39109,10
12.9987001419,80.2561035156,39109,39119,10
12.9985599518,80.2560424805,39119,39129,10
12.9983100891,80.2559661865,39129,39139,10
12.9980802536,80.2559204102,39139,39149,10
12.9972400665,80.2558898926,39149,39170,21
12.9972400665,80.2558898926,39170,39180,10
12.9968595505,80.2559204102,39180,39190,10
12.9965801239,80.2558898926,39190,39200,10
12.9959497452,80.255859375,39200,39210,10
12.9952802658,80.2558670044,39210,39220,10
12.9945497513,80.255897522,39220,39230,10
12.9938297272,80.2559585571,39230,39240,10
12.9927501678,80.2559814453,39240,39250,10
12.9916200638,80.2559509277,39250,39260,10
12.9909200668,80.2558822632,39260,39270,10
12.9900598526,80.2559661865,39270,39281,11
12.9889802933,80.2559127808,39281,39291,10
12.9879198074,80.2558288574,39291,39331,40
12.9878196716,80.2558822632,39331,39442,111
12.9878196716,80.2558822632,39442,39452,10
12.9876899719,80.2558364868,39452,39462,10
12.9872999191,80.2557525635,39462,39472,10
12.9867095947,80.2556991577,39472,39482,10
12.9860801697,80.2555770874,39482,39503,21
12.9860801697,80.2555770874,39503,39513,10
12.9857196808,80.2554702759,39513,39523,10
12.9852399826,80.2553405762,39523,39533,10
12.9845600128,80.2551727295,39533,39543,10
12.9837999344,80.2549819946,39543,39553,10
12.9834098816,80.2548522949,39553,39563,10
12.9830102921,80.2547073364,39563,39573,10
12.9823999405,80.2543487549,39573,39583,10
12.9820098877,80.2537384033,39583,39594,11
12.9817399979,80.2529602051,39594,39604,10
12.9810199738,80.2527770996,39604,39614,10
12.9801902771,80.252822876,39614,39624,10
12.9796199799,80.2527770996,39624,39634,10
12.9788303375,80.2526702881,39634,39644,10
12.9785804749,80.2525787354,39644,39654,10
12.9784803391,80.2525024414,39654,39664,10
12.9780302048,80.2521591187,39664,39674,10
12.9773397446,80.2515716553,39674,39684,10
12.9763097763,80.2511825562,39684,39694,10
12.9751701355,80.2508468628,39694,39705,11
12.9737997055,80.2504577637,39705,39715,10
12.972700119,80.2501907349,39715,39725,10
12.9724702835,80.2501296997,39725,39735,10
12.9721298218,80.2500228882,39735,39745,10
12.9714603424,80.2498397827,39745,39755,10
12.9706001282,80.2496185303,39755,39765,10
12.9695796967,80.2492370605,39765,39775,10
12.9684896469,80.2487487793,39775,39785,10
12.9673500061,80.2482910156,39785,39795,10
12.9665403366,80.2479095459,39795,39812,17
12.965259552,80.2473983765,39812,39824,12
12.9651498795,80.2473678589,39824,39834,10
12.9647302628,80.2472076416,39834,39844,10
12.9637098312,80.2468032837,39844,39874,30
12.9637098312,80.2468032837,39874,39884,10
12.963470459,80.2466964722,39884,39893,9
12.962849617,80.246383667,39893,39903,10
12.9619598389,80.2459564209,39903,39915,12
12.9606599808,80.2453536987,39915,39925,10
12.9596004486,80.2449035645,39925,39935,10
12.9592504501,80.244720459,39935,39945,10
12.9590902328,80.2446212769,39945,39955,10
12.9584999084,80.2443618774,39955,39965,10
12.9578304291,80.244102478,39965,39975,10
12.9564599991,80.2436828613,39975,39995,20
12.9564599991,80.2436828613,39995,40005,10
12.9558601379,80.2434387207,40005,40015,10
12.9551000595,80.243057251,40015,40026,11
12.9541501999,80.2426376343,40026,40036,10
12.9531698227,80.2422027588,40036,40046,10
12.9521598816,80.2418365479,40046,40056,10
12.9517297745,80.2417221069,40056,40066,10
12.9515895844,80.2416534424,40066,40076,10
12.9511098862,80.2414627075,40076,40086,10
12.9503202438,80.2412109375,40086,40096,10
12.9493198395,80.2409286499,40096,40106,10
12.9486999512,80.2406692505,40106,40116,10
12.9478998184,80.2403488159,40116,40127,11
12.9471101761,80.2400512695,40127,40137,10
12.9471197128,80.2400436401,40137,40147,10
12.9468202591,80.2399215698,40147,40157,10
12.9461603165,80.2396392822,40157,40167,10
12.9453296661,80.2392120361,40167,40177,10
12.9445199966,80.2384033203,40177,40187,10
12.9437503815,80.2375564575,40187,40197,10
12.9432401657,80.2370986938,40197,40207,10
12.9431695938,80.2369995117,40207,40217,10
12.9427404404,80.2366867065,40217,40227,10
12.9419002533,80.2363510132,40227,40238,11
12.9407596588,80.236076355,40238,40248,10
12.940079689,80.2359008789,40248,40258,10
12.9398298264,80.2358016968,40258,40268,10
12.9396896362,80.2357177734,40268,40278,10
12.9395399094,80.2356491089,40278,40288,10
12.939160347,80.2354736328,40288,40298,10
12.9381599426,80.2350006104,40298,40308,10
12.9370803833,80.2345123291,40308,40318,10
12.9357500076,80.2339630127,40318,40328,10
12.9348897934,80.2334823608,40328,40339,11
12.9338798523,80.2330093384,40339,40359,20
12.9338798523,80.2330093384,40359,40369,10
12.9335603714,80.2328262329,40369,40379,10
12.9329204559,80.2325668335,40379,40389,10
12.9319601059,80.2322387695,40389,40399,10
12.9309301376,80.2318878174,40399,40409,10
12.9295396805,80.2314910889,40409,40419,10
12.9282999039,80.2312774658,40419,40435,16
12.9268102646,80.2311019897,40435,40447,12
12.9257202148,80.2309875488,40447,40458,11
12.9246101379,80.2308425903,40458,40468,10
12.9236402512,80.2306976318,40468,40478,10
12.9225597382,80.2305374146,40478,40487,9
12.9216499329,80.2303771973,40487,40498,11
12.9201803207,80.23021698,40498,40508,10
12.9191598892,80.230140686,40508,40517,9
12.9189596176,80.2301101685,40517,40528,11
12.9183502197,80.2300033569,40528,40538,10
12.9174404144,80.2298812866,40538,40548,10
12.916469574,80.2297286987,40548,40559,11
12.9152803421,80.2295608521,40559,40570,11
12.9141302109,80.2294082642,40570,40580,10
12.9135398865,80.2293167114,40580,40590,10
12.9131803513,80.2292861938,40590,40600,10
12.9129400253,80.2292175293,40600,40610,10
12.9122400284,80.229133606,40610,40620,10
12.911239624,80.2289962769,40620,40630,10
12.9100599289,80.2288208008,40630,40640,10
12.9088802338,80.2286224365,40640,40650,10
12.9075803757,80.2284164429,40650,40660,10
12.9062404633,80.2283172607,40660,40681,21
12.9062404633,80.2283172607,40681,40691,10
12.9059095383,80.228302002,40691,40701,10
12.9051799774,80.2282562256,40701,40711,10
12.9041595459,80.2282028198,40711,40721,10
12.9030504227,80.2281570435,40721,40731,10
12.9019804001,80.2280883789,40731,40741,10
12.9014101028,80.2280502319,40741,40782,41
12.9014101028,80.2280502319,40782,40792,10
12.9012699127,80.2280578613,40792,40802,10
12.9009103775,80.2280273438,40802,40812,10
12.900639534,80.2279968262,40812,40822,10
12.9004096985,80.228012085,40822,40832,10
12.8999795914,80.2279815674,40832,40842,10
12.8995399475,80.2279586792,40842,40852,10
12.8992500305,80.2279663086,40852,40862,10
12.8988103867,80.2279586792,40862,40872,10
12.8982200623,80.2278671265,40872,40883,11
12.8975200653,80.2277984619,40883,40893,10
12.8965997696,80.2277526855,40893,40903,10
12.8954801559,80.2276992798,40903,40913,10
12.8942203522,80.2276535034,40913,40923,10
12.8932199478,80.2275619507,40923,40933,10
12.8930397034,80.2275390625,40933,40943,10
12.892950058,80.2275314331,40943,40953,10
12.8926801682,80.2275009155,40953,40963,10
12.8922395706,80.2274475098,40963,40973,10
12.8914299011,80.2274169922,40973,40984,11
12.8902702332,80.2274093628,40984,40994,10
12.8891000748,80.2274169922,40994,41004,10
12.8883800507,80.2274093628,41004,41014,10
12.8883304596,80.2274017334,41014,41024,10
12.8879003525,80.2273635864,41024,41034,10
12.887169838,80.2272491455,41034,41044,10
12.8862304688,80.2270431519,41044,41054,10
12.8854398727,80.2268600464,41054,41064,10
12.8852796555,80.2268066406,41064,41074,10
12.8848695755,80.2267303467,41074,41084,10
12.884519577,80.2268295288,41084,41095,11
12.8831501007,80.2267303467,41095,41105,10
12.8818998337,80.2267379761,41105,41115,10
12.88078022,80.2267379761,41115,41125,10
12.8795795441,80.2267608643,41125,41135,10
12.8783597946,80.2268371582,41135,41145,10
12.8772497177,80.2269363403,41145,41155,10
12.8769397736,80.2269668579,41155,41165,10
12.8764400482,80.2270126343,41165,41185,20
12.8764400482,80.2270126343,41185,41196,11
12.8759498596,80.2270278931,41196,41206,10
12.8751802444,80.2269821167,41206,41216,10
12.874130249,80.2268371582,41216,41226,10
12.8729600906,80.2267608643,41226,41236,10
12.8725595474,80.2267684937,41236,41246,10
12.8722496033,80.2267608643,41246,41256,10
12.8716602325,80.2267303467,41256,41266,10
12.8696804047,80.2265930176,41266,41276,10
12.8696804047,80.2265930176,41276,41286,10
12.8684597015,80.2264633179,41286,41297,11
12.8670301437,80.2265472412,41297,41308,11
12.8656101227,80.2266464233,41308,41318,10
12.864279747,80.2265930176,41318,41328,10
12.8628902435,80.2265625,41328,41338,10
12.8614797592,80.2266387939,41338,41348,10
12.8609199524,80.2266387939,41348,41358,10
12.8607501984,80.2266387939,41358,41368,10
12.8602199554,80.2265777588,41368,41378,10
12.8593997955,80.2264404297,41378,41388,10
12.8583202362,80.22631073,41388,41399,11
12.8569698334,80.2263412476,41399,41411,12
12.8553495407,80.2265014648,41411,41421,10
12.8539400101,80.2266387939,41421,41431,10
12.852519989,80.2267074585,41431,41441,10
12.8511104584,80.2266616821,41441,41451,10
12.8500795364,80.2266387939,41451,41461,10
12.8499002457,80.2266387939,41461,41471,10
12.8496103287,80.2266387939,41471,41481,10
12.8489704132,80.2266311646,41481,41491,10
12.8480701447,80.2266235352,41491,41501,10
12.8468999863,80.2266464233,41501,41511,10
12.8459796906,80.2266235352,41511,41522,11
12.8453998566,80.2266464233,41522,41532,10
12.8453903198,80.2266464233,41532,41542,10
12.8452796936,80.2266464233,41542,41552,10
12.8448495865,80.2266387939,41552,41562,10
12.8440504074,80.2266921997,41562,41572,10
12.8429803848,80.226852417,41572,41582,10
12.841799736,80.2270812988,41582,41592,10
12.8405895233,80.2274398804,41592,41602,10
12.8398799896,80.2276763916,41602,41623,21
12.839799881,80.2276992798,41623,41653,30
12.839799881,80.2276992798,41653,41663,10
12.8393802643,80.2277984619,41663,41673,10
12.8387098312,80.2279586792,41673,41683,10
12.8378000259,80.2281799316,41683,41693,10
12.8366298676,80.2283630371,41693,41703,10
12.8353004456,80.2285614014,41703,41713,10
12.8338899612,80.2287979126,41713,41723,10
12.8326396942,80.2290420532,41723,41734,11
12.8322000504,80.2291488647,41734,41744,10
12.8320903778,80.2291717529,41744,41754,10
12.831580162,80.2292785645,41754,41764,10
12.8308000565,80.2295074463,41764,41774,10
12.8296604156,80.2299423218,41774,41784,10
12.8285398483,80.2304000854,41784,41794,10
12.8274297714,80.2310180664,41794,41804,10
12.8261604309,80.2313308716,41804,41814,10
12.8248596191,80.2313766479,41814,41830,16
12.8226699829,80.230796814,41830,41843,13
12.8209400177,80.2304611206,41843,41853,10
12.8196601868,80.2304916382,41853,41863,10
12.818570137,80.2303466797,41863,41872,9
12.8178300858,80.2300186157,41872,41883,11
12.8168001175,80.2296218872,41883,41893,10
12.8154201508,80.2293777466,41893,41902,9
12.8143997192,80.2292480469,41902,41913,11
12.8130302429,80.2288513184,41913,41923,10
12.8118896484,80.2284469604,41923,41933,10
12.8108901978,80.2281036377,41933,41944,11
12.8107795715,80.2280578613,41944,41954,10
12.8105401993,80.2279205322,41954,41964,10
12.8100795746,80.2277297974,41964,41974,10
12.8098802567,80.2276535034,41974,41984,10
12.8093299866,80.2273712158,41984,41994,10
12.8085699081,80.2268066406,41994,42004,10
12.8076496124,80.22605896,42004,42014,10
12.806810379,80.2253112793,42014,42024,10
12.8061103821,80.2246780396,42024,42034,10
12.8053998947,80.2241516113,42034,42044,10
12.8051795959,80.2240829468,42044,42055,11
12.8048601151,80.2240066528,42055,42065,10
12.8042001724,80.2239532471,42065,42075,10
12.8033504486,80.2238922119,42075,42085,10
12.8021802902,80.223739624,42085,42095,10
12.8011302948,80.2236022949,42095,42105,10
12.8001003265,80.2235107422,42105,42115,10
12.7990503311,80.2234268188,42115,42125,10
12.7979097366,80.2232818604,42125,42135,10
12.7966098785,80.2230682373,42135,42145,10
12.7953996658,80.2228622437,42145,42155,10
12.7940998077,80.2226486206,42155,42166,11
12.7926397324,80.2223892212,42166,42176,10
12.7912302017,80.222076416,42176,42186,10
12.789899826,80.2217636108,42186,42196,10
12.7889404297,80.2214202881,42196,42206,10
12.7882003784,80.2211608887,42206,42216,10
12.7879199982,80.2210998535,42216,42244,28
12.7876396179,80.2209396362,42244,42285,41
12.7876396179,80.2209396362,42285,42295,10
12.7875995636,80.2208023071,42295,42315,20
12.7875995636,80.2208023071,42315,42325,10
12.7873601913,80.2206878662,42325,42335,10
12.7868404388,80.2206268311,42335,42396,61
12.7868404388,80.2206268311,42396,42406,10
12.7868204117,80.2205810547,42406,42416,10
12.786740303,80.2205734253,42416,42426,10
12.7865800858,80.2205963135,42426,42436,10
12.7866802216,80.2206497192,42436,42446,10
12.7867002487,80.2205963135,42446,42456,10
12.7866897583,80.2205429077,42456,42466,10
12.786649704,80.2205429077,42466,42567,101
12.7862901688,80.2203979492,42567,42688,121
12.7862901688,80.2203979492,42688,42699,11
12.7861204147,80.2206115723,42699,42709,10
12.7861204147,80.2208099365,42709,42719,10
12.7861099243,80.2209014893,42719,42729,10
12.7861604691,80.2211914063,42729,42739,10
12.786190033,80.2215576172,42739,42749,10
12.7861795425,80.2219390869,42749,43244,495
12.7861795425,80.2216110229,43244,43264,20
12.7861795425,80.2216110229,43264,43274,10
12.7861700058,80.2212677002,43274,43284,10
12.7861604691,80.221031189,43284,43324,40
12.7861404419,80.2206115723,43324,43355,31
12.7861404419,80.2206115723,43355,43365,10
12.78647995,80.2204818726,43365,43415,50
12.78647995,80.2204818726,43415,43425,10
12.7869596481,80.2206268311,43425,43435,10
12.7874803543,80.2208023071,43435,43446,11
12.7878198624,80.2209396362,43446,43456,10
12.788189888,80.2210617065,43456,43466,10
12.7888898849,80.2213592529,43466,43476,10
12.7896604538,80.2216415405,43476,43486,10
12.7904195786,80.2218704224,43486,43494,8
12.7911996841,80.2220611572,43494,43506,12
12.7926197052,80.2223968506,43506,43516,10
12.793970108,80.2226028442,43516,43526,10
12.7953395844,80.2228088379,43526,43536,10
12.796380043,80.2229614258,43536,43546,10
12.7965602875,80.2229995728,43546,43557,11
12.7970199585,80.2230987549,43557,43567,10
12.797750473,80.2232208252,43567,43577,10
12.798620224,80.2233200073,43577,43587,10
12.7996101379,80.2234191895,43587,43597,10
12.8007001877,80.2235183716,43597,43607,10
12.8014001846,80.2235565186,43607,43617,10
12.8015899658,80.2235336304,43617,43627,10
12.802189827,80.2235870361,43627,43637,10
12.8029603958,80.2237625122,43637,43647,10
12.8038101196,80.2238616943,43647,43657,10
12.8046998978,80.2239379883,43657,43668,11
12.8053102493,80.224067688,43668,43678,10
12.8053998947,80.2241210938,43678,43688,10
12.8056001663,80.2241821289,43688,43698,10
12.8059997559,80.2244873047,43698,43708,10
12.8065395355,80.2249603271,43708,43718,10
12.80727005,80.2256011963,43718,43728,10
12.80809021,80.22631073,43728,43738,10
12.8088998795,80.2269973755,43738,43748,10
12.8100204468,80.2276077271,43748,43758,10
12.8111801147,80.2280883789,43758,43769,11
12.8125400543,80.2285995483,43769,43779,10
12.8137798309,80.229019165,43779,43789,10
12.8149795532,80.2292709351,43789,43799,10
12.8164997101,80.2294998169,43799,43809,10
12.8177995682,80.2299423218,43809,43819,10
12.8189201355,80.2304000854,43819,43829,10
12.8197603226,80.230430603,43829,43838,9
12.8198204041,80.2304382324,43838,43849,11
12.8203201294,80.2304534912,43849,43859,10
12.8211297989,80.2304534912,43859,43869,10
12.8221597672,80.2305984497,43869,43880,11
12.8233604431,80.2309799194,43880,43890,10
12.8245201111,80.2312469482,43890,43900,10
12.8257198334,80.2313232422,43900,43910,10
12.8261203766,80.2312927246,43910,43920,10
12.8263902664,80.2312927246,43920,43930,10
12.8270397186,80.2311630249,43930,43940,10
12.8278598785,80.230796814,43940,43950,10
12.8288202286,80.2302703857,43950,43960,10
12.8301200867,80.2297286987,43960,43970,10
12.8310203552,80.2293624878,43970,43980,10
12.8311100006,80.2293395996,43980,43991,11
12.831410408,80.2292785645,43991,44001,10
12.8314599991,80.2292480469,44001,44011,10
12.8318004608,80.2291870117,44011,44021,10
12.8324298859,80.2290725708,44021,44031,10
12.8333997726,80.2288665771,44031,44041,10
12.8346004486,80.2286376953,44041,44051,10
12.835940361,80.2284317017,44051,44061,10
12.8373203278,80.2282333374,44061,44071,10
12.8386497498,80.2279510498,44071,44081,10
12.8395299911,80.227722168,44081,44102,21
12.8395299911,80.227722168,44102,44111,9
12.8397798538,80.2276611328,44111,44122,11
12.8404302597,80.2274398804,44122,44132,10
12.8414402008,80.227180481,44132,44142,10
12.8425502777,80.2269210815,44142,44152,10
12.8437299728,80.2266998291,44152,44162,10
12.8447504044,80.2265472412,44162,44172,10
12.8454399109,80.2265625,44172,44182,10
12.845459938,80.2265701294,44182,44192,10
12.8458204269,80.2265701294,44192,44203,11
12.8466100693,80.2265472412,44203,44213,10
12.8475704193,80.2265472412,44213,44223,10
12.8486499786,80.2265396118,44223,44233,10
12.8496398926,80.2265167236,44233,44243,10
12.8503398895,80.2265014648,44243,44253,10
12.8513097763,80.2265396118,44253,44263,10
12.8524398804,80.2266387939,44263,44273,10
12.8537797928,80.2265930176,44273,44283,10
12.8551597595,80.2264404297,44283,44293,10
12.856590271,80.2262802124,44293,44304,11
12.858130455,80.2261886597,44304,44314,10
12.8593902588,80.2263183594,44314,44324,10
12.8605203629,80.2264785767,44324,44334,10
12.8608703613,80.2264862061,44334,44344,10
12.8609600067,80.2265167236,44344,44354,10
12.8613004684,80.2265396118,44354,44364,10
12.8620700836,80.2265090942,44364,44374,10
12.8631000519,80.2264480591,44374,44384,10
12.8642702103,80.2264785767,44384,44394,10
12.8656101227,80.2265319824,44394,44404,10
12.8670101166,80.2264404297,44404,44415,11
12.8684902191,80.2262802124,44415,44425,10
12.8698797226,80.2264633179,44425,44435,10
12.8712396622,80.2265777588,44435,44445,10
12.8723697662,80.2265777588,44445,44455,10
12.8727798462,80.2265777588,44455,44464,9
12.8728103638,80.226600647,44464,44474,10
12.8731803894,80.2266311646,44474,44484,10
12.8738899231,80.2266769409,44484,44495,11
12.8749799728,80.2268218994,44495,44505,10
12.8761396408,80.226890564,44505,44515,10
12.8769302368,80.2268600464,44515,44526,11
12.8780202866,80.2268218994,44526,44536,10
12.8792495728,80.2267532349,44536,44546,10
12.8805999756,80.2267227173,44546,44556,10
12.8820104599,80.2266998291,44556,44566,10
12.8834695816,80.2266769409,44566,44576,10
12.8847398758,80.2266387939,44576,44586,10
12.8851299286,80.2266464233,44586,44596,10
12.885219574,80.2266616821,44596,44606,10
12.885720253,80.2267837524,44606,44616,10
12.8865203857,80.2269821167,44616,44627,11
12.8876199722,80.2271881104,44627,44637,10
12.8885602951,80.2272720337,44637,44647,10
12.8886804581,80.2272872925,44647,44657,10
12.8891296387,80.2273025513,44657,44667,10
12.8899097443,80.2273178101,44667,44677,10
12.8909702301,80.2273178101,44677,44687,10
12.8922300339,80.2273483276,44687,44697,10
12.8934803009,80.2275009155,44697,44707,10
12.8946895599,80.2276229858,44707,44717,10
12.8959197998,80.2276611328,44717,44727,10
12.8972101212,80.2277297974,44727,44738,11
12.8986301422,80.2277984619,44738,44748,10
12.8997898102,80.2278366089,44748,44758,10
12.9004497528,80.2278137207,44758,44828,70
12.9006595612,80.227897644,44828,44849,21
12.9006595612,80.227897644,44849,44859,10
12.9009599686,80.2279434204,44859,44869,10
12.901260376,80.2279815674,44869,44879,10
12.9023199081,80.228012085,44879,44889,10
12.9023399353,80.2280197144,44889,44909,20
12.9023399353,80.2280197144,44909,44919,10
12.9025697708,80.2280578613,44919,44929,10
12.9032096863,80.2280807495,44929,44939,10
12.9041204453,80.2281265259,44939,44950,11
12.9052696228,80.2281036377,44950,44961,11
12.9063196182,80.2281417847,44961,44971,10
12.9066801071,80.228187561,44971,44981,10
12.9072599411,80.2282867432,44981,44991,10
12.9081401825,80.2284164429,44991,45001,10
12.9090900421,80.2285766602,45001,45011,10
12.9100399017,80.2287368774,45011,45021,10
12.9110202789,80.2288818359,45021,45031,10
12.9121799469,80.229057312,45031,45041,10
12.9138298035,80.2292480469,45041,45062,21
12.9138298035,80.2292480469,45062,45072,10
12.9140701294,80.2293167114,45072,45082,10
12.9146003723,80.2294006348,45082,45092,10
12.9153795242,80.2294998169,45092,45102,10
12.9164600372,80.229637146,45102,45112,10
12.9174499512,80.2297973633,45112,45122,10
12.9186201096,80.2298965454,45122,45132,10
12.9192800522,80.2299880981,45132,45142,10
12.9194498062,80.2300186157,45142,45152,10
12.9200296402,80.2301025391,45152,45163,11
12.9209699631,80.2302322388,45163,45173,10
12.9220600128,80.2303771973,45173,45183,10
12.9233102798,80.2305984497,45183,45193,10
12.924659729,80.2307662964,45193,45203,10
12.9260702133,80.2309188843,45203,45213,10
12.927479744,80.231086731,45213,45223,10
12.9288396835,80.2312774658,45223,45233,10
12.9301395416,80.2315597534,45233,45243,10
12.9313602448,80.2319107056,45243,45253,10
12.9324798584,80.2322921753,45253,45264,11
12.933380127,80.2326202393,45264,45274,10
12.933429718,80.2326507568,45274,45284,10
12.9336204529,80.2327575684,45284,45294,10
12.9337797165,80.2327804565,45294,45304,10
12.9341001511,80.2330169678,45304,45314,10
12.9348096848,80.2333068848,45314,45324,10
12.9357099533,80.2337265015,45324,45334,10
12.9360103607,80.2338790894,45334,45344,10
12.9365100861,80.2340927124,45344,45354,10
12.9373197556,80.2344818115,45354,45364,10
12.9384002686,80.2350234985,45364,45375,11
12.9395599365,80.2356109619,45375,45385,10
12.9406404495,80.236000061,45385,45395,10
12.9418401718,80.2362823486,45395,45405,10
12.9429798126,80.2367401123,45405,45415,10
12.9438400269,80.2375869751,45415,45425,10
12.9446802139,80.2385025024,45425,45435,10
12.9456195831,80.2391815186,45435,45445,10
12.9467601776,80.2397384644,45445,45455,10
12.947259903,80.2399368286,45455,45465,10
12.9475297928,80.2400665283,45465,45475,10
12.9480800629,80.2403106689,45475,45486,11
12.9487600327,80.240562439,45486,45516,30
12.9487600327,80.240562439,45516,45526,10
12.9490604401,80.2406997681,45526,45536,10
12.949640274,80.2408905029,45536,45546,10
12.9504203796,80.2411575317,45546,45556,10
12.9511699677,80.2413864136,45556,45566,10
12.9512500763,80.2414169312,45566,45576,10
12.9516296387,80.2415771484,45576,45587,11
12.9523200989,80.2417602539,45587,45597,10
12.9532203674,80.2421264648,45597,45607,10
12.9538602829,80.242401123,45607,45617,10
12.9546298981,80.2427215576,45617,45627,10
12.9554195404,80.2430419922,45627,45637,10
12.9560604095,80.2433013916,45637,45647,10
12.9562101364,80.2433624268,45647,45657,10
12.9562997818,80.2433929443,45657,45667,10
12.9566001892,80.2435302734,45667,45677,10
12.9572696686,80.243812561,45677,45687,10
12.958029747,80.2441101074,45687,45698,11
12.9585103989,80.2443313599,45698,45708,10
12.9588899612,80.2445297241,45708,45718,10
12.959569931,80.2448196411,45718,45728,10
12.9604797363,80.2452392578,45728,45738,10
12.9616098404,80.2457809448,45738,45748,10
12.9627399445,80.246307373,45748,45758,10
12.9631996155,80.2465362549,45758,45788,30
12.9631996155,80.2465362549,45788,45798,10
12.963470459,80.2467803955,45798,45809,11
12.9641895294,80.2470397949,45809,45825,16
12.9655504227,80.247428894,45825,45837,12
12.9667196274,80.2479019165,45837,45847,10
12.9671802521,80.2481307983,45847,45857,10
12.9675703049,80.248298645,45857,45866,9
12.968079567,80.2484664917,45866,45877,11
12.9692401886,80.2489929199,45877,45887,10
12.9703598022,80.2494125366,45887,45897,10
12.9715003967,80.2497329712,45897,45908,11
12.9727401733,80.2500686646,45908,45917,9
12.9737796783,80.2503585815,45917,45928,11
12.9745197296,80.2505722046,45928,45937,9
12.9746999741,80.2506408691,45937,45948,11
12.9752397537,80.2508010864,45948,45958,10
12.9760398865,80.2510299683,45958,45968,10
12.9768896103,80.2512817383,45968,45978,10
12.9777297974,80.2517471313,45978,45988,10
12.9785203934,80.2523269653,45988,45998,10
12.9787797928,80.2524490356,45998,46008,10
12.9790000916,80.252532959,46008,46019,11
12.9794797897,80.2525787354,46019,46039,20
12.9794797897,80.2525787354,46039,46049,10
12.9795999527,80.2525787354,46049,46059,10
12.9800796509,80.2526397705,46059,46069,10
12.9807100296,80.2526321411,46069,46079,10
12.9815502167,80.2526092529,46079,46089,10
12.9826097488,80.252571106,46089,46099,10
12.9836997986,80.2524185181,46099,46109,10
12.9847803116,80.2521209717,46109,46121,12
12.9856595993,80.2518768311,46121,46131,10
12.9860200882,80.2517623901,46131,46141,10
12.986579895,80.2516403198,46141,46151,10
12.9872999191,80.2514419556,46151,46160,9
12.987739563,80.2513198853,46160,46252,92
12.987739563,80.2513198853,46252,46262,10
12.9879903793,80.2514419556,46262,46272,10
12.9880399704,80.2515869141,46272,46282,10
12.9880895615,80.2519683838,46282,46292,10
12.9880895615,80.2520904541,46292,46302,10
12.9880695343,80.2525482178,46302,46312,10
12.9879703522,80.253288269,46312,46322,10
12.9878396988,80.2543563843,46322,46343,21
12.9878396988,80.2543563843,46343,46353,10
12.9877901077,80.2546081543,46353,46363,10
12.9877099991,80.2549209595,46363,46373,10
12.9875802994,80.2553787231,46373,46383,10
12.9875402451,80.2557601929,46383,46393,10
12.9875602722,80.2561416626,46393,46403,10
12.9875402451,80.2563171387,46403,46413,10
12.9875497818,80.2564163208,46413,46423,10
12.9875097275,80.2566299438,46423,46433,10
12.9874000549,80.2569732666,46433,46444,11
12.9873199463,80.2577209473,46444,46454,10
12.9872703552,80.2583465576,46454,46456,2
12.9870300293,80.2584533691,46456,46645,189
12.9867801666,80.258682251,46645,47039,394
12.9867601395,80.2586669922,47039,47332,293
12.9869298935,80.2587585449,47332,47372,40
12.9867801666,80.2586669922,47372,47655,283
12.9867801666,80.2585830688,47655,47877,222
12.9868602753,80.2587509155,47877,48099,222
12.9868602753,80.258682251,48099,48351,252
12.986869812,80.2586135864,48351,48876,525
12.986749649,80.2585983276,48876,48957,81
12.986700058,80.2586975098,48957,49280,323
12.986700058,80.2586975098,49280,49290,10
12.9867601395,80.258682251,49290,49351,61
12.9867601395,80.258682251,49351,49361,10
12.9868202209,80.2586517334,49361,49633,272
12.9868202209,80.2586364746,49633,50552,919
12.9868001938,80.2586212158,50552,54781,4229
12.9867696762,80.2590103149,54781,54852,71
12.9867696762,80.2590103149,54852,54862,10
12.9871397018,80.2590637207,54862,54872,10
12.987159729,80.2590713501,54872,54882,10
12.9872598648,80.2588577271,54882,54902,20
12.9872598648,80.2588577271,54902,54912,10
12.987279892,80.2584228516,54912,54922,10
12.9873199463,80.2579727173,54922,54932,10
12.9873800278,80.2574462891,54932,54943,11
12.987449646,80.2566986084,54943,54953,10
12.9874897003,80.2560119629,54953,54963,10
12.9872303009,80.2558288574,54963,54973,10
12.9866895676,80.2557067871,54973,54983,10
12.9862098694,80.2555999756,54983,55023,40
12.9862098694,80.2555999756,55023,55033,10
12.9859104156,80.2554168701,55033,55043,10
12.9855699539,80.2553710938,55043,55054,11
12.9848403931,80.2552337646,55054,55064,10
12.9840097427,80.2549819946,55064,55074,10
12.9834003448,80.2547912598,55074,55084,10
12.9829502106,80.2546615601,55084,55094,10
12.9823703766,80.2544784546,55094,55104,10
12.982000351,80.2539520264,55104,55114,10
12.9818201065,80.253288269,55114,55124,10
12.9816999435,80.2529067993,55124,55134,10
12.9811601639,80.2527618408,55134,55144,10
12.9805803299,80.2527618408,55144,55154,10
12.9803199768,80.252746582,55154,55165,11
12.97976017,80.2526779175,55165,55175,10
12.9792203903,80.2526168823,55175,55185,10
12.9787397385,80.2525634766,55185,55195,10
12.9787101746,80.2525634766,55195,55205,10
12.9784097672,80.2524185181,55205,55215,10
12.9779195786,80.2520065308,55215,55225,10
12.9772100449,80.251449585,55225,55235,10
12.9763498306,80.2512207031,55235,55245,10
12.9752101898,80.250869751,55245,55255,10
12.9740495682,80.2505187988,55255,55266,11
12.9725704193,80.2501220703,55266,55286,20
12.9725704193,80.2501220703,55286,55296,10
12.9722900391,80.25,55296,55306,10
12.971739769,80.2498397827,55306,55316,10
12.9709396362,80.2496109009,55316,55326,10
12.9700298309,80.2493209839,55326,55336,10
12.9689903259,80.2489471436,55336,55346,10
12.9678897858,80.2485122681,55346,55356,10
12.9668798447,80.2480621338,55356,55366,10
12.9658298492,80.2475967407,55366,55377,11
12.9651403427,80.2473602295,55377,55387,10
12.9651203156,80.2473526001,55387,55397,10
12.9649400711,80.2472305298,55397,55407,10
12.9645204544,80.2470703125,55407,55417,10
12.9638500214,80.2468109131,55417,55427,10
12.9630899429,80.2464523315,55427,55437,10
12.9621801376,80.2460021973,55437,55447,10
12.9612703323,80.245552063,55447,55457,10
12.9603204727,80.2450637817,55457,55467,10
12.9594497681,80.2447662354,55467,55477,10
12.9595003128,80.2448577881,55477,55488,11
12.9593601227,80.2447662354,55488,55498,10
12.9588098526,80.244430542,55498,55508,10
12.95814991,80.244140625,55508,55524,16
12.9572000504,80.2437973022,55524,55536,12
12.9564199448,80.2434997559,55536,55546,10
12.9561700821,80.2434234619,55546,55556,10
12.9555997849,80.2431716919,55556,55566,10
12.9548397064,80.2428207397,55566,55576,10
12.9540500641,80.242477417,55576,55586,10
12.9534902573,80.2422180176,55586,55597,11
12.9526901245,80.2419204712,55597,55607,10
12.9519395828,80.2416610718,55607,55612,5
12.9517002106,80.2416000366,55612,55626,14
12.9516601563,80.2415924072,55626,55637,11
12.9512996674,80.2414703369,55637,55646,9
12.9506902695,80.2412414551,55646,55656,10
12.9498701096,80.241027832,55656,55667,11
12.9491901398,80.2408218384,55667,55687,20
12.9491901398,80.2408218384,55687,55698,11
12.9489097595,80.2407684326,55698,55708,10
12.9484395981,80.2405471802,55708,55718,10
12.9477300644,80.2402496338,55718,55728,10
12.9471902847,80.2400283813,55728,55738,10
12.9471797943,80.2400283813,55738,55748,10
12.9469299316,80.239906311,55748,55758,10
12.9464197159,80.2397003174,55758,55768,10
12.945690155,80.2393569946,55768,55778,10
12.9449596405,80.238822937,55778,55788,10
12.9442796707,80.2380981445,55788,55798,10
12.9435997009,80.2372970581,55798,55809,11
12.94272995,80.2366027832,55809,55819,10
12.9416999817,80.2362365723,55819,55829,10
12.9406003952,80.2359619141,55829,55839,10
12.9397497177,80.2357025146,55839,55849,10
12.939740181,80.2356872559,55849,55859,10
12.9395399094,80.2356109619,55859,55869,10
12.9392299652,80.2354736328,55869,55879,10
12.9390096664,80.2353897095,55879,55889,10
12.9384498596,80.2350997925,55889,55899,10
12.9378004074,80.2347793579,55899,55910,11
12.9368495941,80.2343292236,55910,55920,10
12.9360799789,80.2340011597,55920,55930,10
12.9351301193,80.2335205078,55930,55940,10
12.9341802597,80.2330932617,55940,55950,10
12.9337997437,80.2329025269,55950,55960,10
12.9337596893,80.2328720093,55960,55970,10
12.9334001541,80.2326965332,55970,55980,10
12.9327802658,80.2324523926,55980,55990,10
12.9319400787,80.2321624756,55990,56000,10
12.9309196472,80.2318572998,56000,56010,10
12.9297103882,80.2315597534,56010,56020,10
12.9284896851,80.231300354,56020,56031,11
12.9271602631,80.2311019897,56031,56047,16
12.9260702133,80.23097229,56047,56059,12
12.9258203506,80.2309036255,56059,56069,10
12.9252300262,80.230796814,56069,56079,10
12.9245004654,80.2307434082,56079,56089,10
12.9235801697,80.2306289673,56089,56097,8
12.9228496552,80.2305297852,56097,56109,12
12.9213399887,80.2302932739,56109,56119,10
12.9202203751,80.230178833,56119,56129,10
12.9192895889,80.2301101685,56129,56140,11
12.9190196991,80.2300720215,56140,56150,10
12.918589592,80.2299880981,56150,56160,10
12.9178199768,80.2298736572,56160,56170,10
12.9168796539,80.2297363281,56170,56180,10
12.9158201218,80.2295837402,56180,56189,9
12.914850235,80.2294387817,56189,56200,11
12.9137401581,80.2293014526,56200,56210,10
12.9132995605,80.2292633057,56210,56220,10
12.9132204056,80.2292404175,56220,56230,10
12.9127597809,80.2291564941,56230,56241,11
12.9118995667,80.2290115356,56241,56251,10
12.9109401703,80.2288818359,56251,56261,10
12.909910202,80.2287216187,56261,56271,10
12.908780098,80.2285385132,56271,56281,10
12.9076404572,80.2283630371,56281,56291,10
12.9070100784,80.228302002,56291,56311,20
12.9070100784,80.228302002,56311,56321,10
12.9068002701,80.2282791138,56321,56331,10
12.9063596725,80.2282485962,56331,56341,10
12.9057197571,80.2282409668,56341,56352,11
12.9047002792,80.2281570435,56352,56362,10
12.9037399292,80.2281265259,56362,56372,10
12.9027004242,80.2280731201,56372,56382,10
12.9016599655,80.2279891968,56382,56392,10
12.9008102417,80.2279205322,56392,56402,10
12.9001502991,80.2278594971,56402,56412,10
12.8993797302,80.2278366089,56412,56432,20
12.8993797302,80.2278366089,56432,56442,10
12.8989295959,80.2277984619,56442,56453,11
12.8983001709,80.2277679443,56453,56463,10
12.8975000381,80.2277374268,56463,56473,10
12.8965301514,80.2276992798,56473,56483,10
12.8955202103,80.2276611328,56483,56493,10
12.8944997787,80.2276306152,56493,56503,10
12.8935403824,80.2275466919,56503,56513,10
12.8931703568,80.2275085449,56513,56523,10
12.892999649,80.2274780273,56523,56533,10
12.8924798965,80.2274169922,56533,56543,10
12.8917703629,80.2273712158,56543,56553,10
12.8908004761,80.2273635864,56553,56564,11
12.889670372,80.2273406982,56564,56574,10
12.8886499405,80.2273178101,56574,56590,16
12.8870601654,80.2271728516,56590,56602,12
12.8858995438,80.2269134521,56602,56612,10
12.8850402832,80.2267379761,56612,56622,10
12.8848800659,80.2267303467,56622,56631,9
12.8846998215,80.2266998291,56631,56642,11
12.8840503693,80.2267303467,56642,56652,10
12.8830003738,80.2267227173,56652,56662,10
12.8818798065,80.2267227173,56662,56673,11
12.8806200027,80.2267303467,56673,56683,10
12.8794403076,80.2267379761,56683,56693,10
12.8782596588,80.2268066406,56693,56703,10
12.8772201538,80.2269134521,56703,56713,10
12.8766098022,80.2269897461,56713,56723,10
12.876449585,80.2269821167,56723,56733,10
12.8761396408,80.2270126343,56733,56743,10
12.8758802414,80.2270126343,56743,56753,10
12.8752202988,80.2269515991,56753,56763,10
12.8743400574,80.2268295288,56763,56774,11
12.8732404709,80.2267303467,56774,56784,10
12.8722696304,80.2267074585,56784,56794,10
12.8712701797,80.2266693115,56794,56804,10
12.8702201843,80.226600647,56804,56814,10
12.8691196442,80.2264709473,56814,56824,10
12.8680095673,80.2264175415,56824,56834,10
12.866900444,80.2265090942,56834,56844,10
12.8657999039,80.226600647,56844,56854,10
12.8646202087,80.2265625,56854,56864,10
12.8634500504,80.2265167236,56864,56874,10
12.8622999191,80.2265396118,56874,56885,11
12.8612003326,80.2265930176,56885,56895,10
12.8609600067,80.2265777588,56895,56905,10
12.8606100082,80.2265472412,56905,56915,10
12.8599596024,80.2264633179,56915,56925,10
12.8590898514,80.2263336182,56925,56935,10
12.8582000732,80.2262573242,56935,56944,9
12.8572597504,80.226272583,56944,56955,11
12.8560600281,80.2264099121,56955,56965,10
12.8549203873,80.2265625,56965,56975,10
12.8538303375,80.2266693115,56975,56985,10
12.8524999619,80.2267227173,56985,56996,11
12.8511800766,80.2266464233,56996,57006,10
12.8502101898,80.2266311646,57006,57016,10
12.8500995636,80.2266082764,57016,57026,10
12.8495998383,80.226600647,57026,57036,10
12.8488197327,80.2266082764,57036,57046,10
12.8478403091,80.2266082764,57046,57056,10
12.846739769,80.226600647,57056,57066,10
12.8455400467,80.2266082764,57066,57086,20
12.8455400467,80.2266082764,57086,57097,11
12.845410347,80.226600647,57097,57107,10
12.84512043,80.2265930176,57107,57117,10
12.8442697525,80.2266998291,57117,57127,10
12.8431501389,80.2268218994,57127,57137,10
12.8422603607,80.2270126343,57137,57147,10
12.8411798477,80.2272491455,57147,57157,10
12.8402795792,80.2275238037,57157,57167,10
12.8397502899,80.2276992798,57167,57218,51
12.8397502899,80.2276992798,57218,57228,10
12.8392295837,80.2278671265,57228,57238,10
12.8385095596,80.2280502319,57238,57248,10
12.8375797272,80.2282409668,57248,57258,10
12.8365802765,80.2284011841,57258,57268,10
12.8355197906,80.2285614014,57268,57278,10
12.834400177,80.2287216187,57278,57288,10
12.8332996368,80.2289123535,57288,57298,10
12.8324604034,80.2291030884,57298,57308,10
12.8322896957,80.2291183472,57308,57319,11
12.8319997787,80.2291793823,57319,57329,10
12.8318195343,80.2291870117,57329,57339,10
12.8313798904,80.2293167114,57339,57349,10
12.8305501938,80.229598999,57349,57359,10
12.8295602798,80.2299575806,57359,57375,16
12.8279800415,80.2307434082,57375,57387,12
12.8268003464,80.2312774658,57387,57397,10
12.8256196976,80.2313995361,57397,57407,10
12.8245401382,80.231338501,57407,57417,10
12.8234195709,80.2310333252,57417,57428,11
12.8222103119,80.2306594849,57428,57438,10
12.8211202621,80.23046875,57438,57448,10
12.8200302124,80.2304992676,57448,57458,10
12.8191604614,80.2305221558,57458,57468,10
12.8187904358,80.23046875,57468,57478,10
12.8183698654,80.2302398682,57478,57488,10
12.8175802231,80.2298583984,57488,57498,10
12.816570282,80.2295227051,57498,57508,10
12.8154401779,80.2293395996,57508,57518,10
12.8142795563,80.2291564941,57518,57529,11
12.8130197525,80.2287902832,57529,57539,10
12.8118801117,80.2283782959,57539,57549,10
12.8107404709,80.2279586792,57549,57559,10
12.8096399307,80.2274780273,57559,57569,10
12.8086299896,80.2268066406,57569,57579,10
12.8077201843,80.2260513306,57579,57589,10
12.806889534,80.2253265381,57589,57599,10
12.8061599731,80.2246780396,57599,57609,10
12.8050603867,80.2240066528,57609,57629,20
12.8050603867,80.2240066528,57629,57639,10
12.8048400879,80.2239532471,57639,57650,11
12.8042602539,80.2238693237,57650,57660,10
12.8034801483,80.2238311768,57660,57670,10
12.8024396896,80.2237091064,57670,57680,10
12.8013801575,80.2236022949,57680,57690,10
12.8003797531,80.2235031128,57690,57700,10
12.7993497849,80.2234191895,57700,57710,10
12.798210144,80.2233123779,57710,57720,10
12.7970304489,80.2231369019,57720,57730,10
12.795800209,80.2229003906,57730,57741,11
12.7945098877,80.2226791382,57741,57751,10
12.793299675,80.2225036621,57751,57761,10
12.7921199799,80.2222976685,57761,57771,10
12.7909803391,80.2220077515,57771,57781,10
12.7899398804,80.2217483521,57781,57791,10
12.7894001007,80.221572876,57791,57801,10
12.7889003754,80.2213668823,57801,57811,10
12.7881498337,80.2210769653,57811,57821,10
12.7874803543,80.2208404541,57821,57831,10
12.7868995667,80.2207183838,57831,57841,10
12.7866601944,80.2205505371,57841,57912,71
12.7863101959,80.2203903198,57912,58003,91
12.7863101959,80.2203903198,58003,58013,10
12.786239624,80.2207489014,58013,58043,30
12.786239624,80.2207489014,58043,58053,10
12.7863302231,80.2211990356,58053,58064,11
12.7863101959,80.2215118408,58064,58074,10
12.7863397598,80.2219467163,58074,59396,1322
12.7863397598,80.2219467163,59396,59406,10
12.7862596512,80.2216262817,59406,59416,10
12.786239624,80.2215576172,59416,59426,10
12.7861995697,80.2212295532,59426,59447,21
12.7861995697,80.2212295532,59447,59457,10
12.7861700058,80.2208404541,59457,59477,20
12.7861404419,80.2206420898,59477,59568,91
12.7861604691,80.2202682495,59568,59608,40
12.7861604691,80.2202682495,59608,59618,10
12.78647995,80.2203979492,59618,59729,111
12.78647995,80.2203979492,59729,59739,10
12.7868099213,80.2206268311,59739,59749,10
12.7871398926,80.2207565308,59749,59759,10
12.7876996994,80.2210083008,59759,59770,11
12.7883996964,80.2212677002,59770,59780,10
12.7890996933,80.2214813232,59780,59790,10
12.7897701263,80.2217330933,59790,59800,10
12.7905197144,80.2219085693,59800,59810,10
12.7914199829,80.2221298218,59810,59820,10
12.7924003601,80.2223587036,59820,59830,10
12.7933397293,80.2224884033,59830,59840,10
12.7944402695,80.2226333618,59840,59850,10
12.7955598831,80.2228317261,59850,59860,10
12.7966299057,80.2230072021,59860,59871,11
12.7979402542,80.2232437134,59871,59881,10
12.7991600037,80.2234268188,59881,59891,10
12.8004102707,80.2235183716,59891,59901,10
12.8015499115,80.2236175537,59901,59911,10
12.8026800156,80.223777771,59911,59921,10
12.803609848,80.2238388062,59921,59931,10
12.8044595718,80.2239227295,59931,59941,10
12.8054599762,80.2241516113,59941,59971,30
12.8054599762,80.2241516113,59971,59982,11
12.8056898117,80.2242584229,59982,59992,10
12.806139946,80.2246398926,59992,60002,10
12.8067798615,80.2251663208,60002,60012,10
12.8075199127,80.2258071899,60012,60022,10
12.8083600998,80.2265319824,60022,60032,10
12.8092899323,80.2272567749,60032,60042,10
12.8103599548,80.2278594971,60042,60052,10
12.8114795685,80.2282714844,60052,60062,10
12.8126602173,80.2286834717,60062,60072,10
12.8138303757,80.2290725708,60072,60082,10
12.8149900436,80.229309082,60082,60093,11
12.8163204193,80.2294998169,60093,60109,16
12.8182001114,80.2301635742,60109,60121,12
12.8194599152,80.2304992676,60121,60131,10
12.8197603226,80.2304611206,60131,60141,10
12.8199300766,80.2304382324,60141,60151,10
12.8205099106,80.230430603,60151,60161,10
12.8214702606,80.23046875,60161,60171,10
12.8224096298,80.2306671143,60171,60181,10
12.8234996796,80.2310409546,60181,60192,11
12.824760437,80.2313079834,60192,60202,10
12.825920105,80.231338501,60202,60212,10
12.8270998001,80.2311782837,60212,60222,10
12.8281698227,80.2306518555,60222,60232,10
12.8292198181,80.2300872803,60232,60242,10
12.8303003311,80.2296600342,60242,60252,10
12.8310499191,80.2293624878,60252,60262,10
12.8310699463,80.2293624878,60262,60272,10
12.8312797546,80.2293167114,60272,60282,10
12.8316402435,80.2292022705,60282,60303,21
12.8316402435,80.2292022705,60303,60313,10
12.8318796158,80.2291183472,60313,60323,10
12.8323602676,80.2290267944,60323,60333,10
12.8330698013,80.2289123535,60333,60343,10
12.8339395523,80.228767395,60343,60353,10
12.8348903656,80.2285919189,60353,60363,10
12.8359603882,80.2284164429,60363,60373,10
12.8370800018,80.2282409668,60373,60383,10
12.838139534,80.2280578613,60383,60393,10
12.8392801285,80.2277832031,60393,60444,51
12.8392801285,80.2277832031,60444,60454,10
12.8395595551,80.2277526855,60454,60464,10
12.8399200439,80.2276229858,60464,60474,10
12.8405199051,80.2274398804,60474,60484,10
12.8412599564,80.2272415161,60484,60494,10
12.8421096802,80.2270126343,60494,60504,10
12.8430099487,80.2268218994,60504,60515,11
12.8440999985,80.2265625,60515,60525,10
12.8454999924,80.2265167236,60525,60565,40
12.8454999924,80.2265167236,60565,60575,10
12.8457803726,80.2265625,60575,60585,10
12.846280098,80.2265625,60585,60595,10
12.8470201492,80.2265396118,60595,60605,10
12.8478803635,80.2265396118,60605,60616,11
12.8489198685,80.2265319824,60616,60626,10
12.8501796722,80.2265014648,60626,60646,20
12.8501796722,80.2265014648,60646,60656,10
12.8504495621,80.2265167236,60656,60666,10
12.8510198593,80.2265396118,60666,60676,10
12.8517799377,80.2265777588,60676,60686,10
12.8527097702,80.2266235352,60686,60696,10
12.8537597656,80.2265777588,60696,60706,10
12.8548402786,80.2264709473,60706,60716,10
12.856010437,80.226348877,60716,60727,11
12.8573198318,80.2262191772,60727,60737,10
12.8584899902,80.2262115479,60737,60747,10
12.8596000671,80.2263565063,60747,60757,10
12.8607597351,80.2265014648,60757,60777,20
12.8607597351,80.2265014648,60777,60787,10
12.8614902496,80.2265014648,60787,60797,10
12.862279892,80.2264709473,60797,60807,10
12.8632202148,80.2264633179,60807,60817,10
12.8643598557,80.2264709473,60817,60827,10
12.8655004501,80.2265014648,60827,60838,11
12.8667802811,80.2264328003,60838,60848,10
12.8679504395,80.2263183594,60848,60858,10
12.8691196442,80.2263565063,60858,60874,16
12.8709402084,80.2265625,60874,60886,12
12.8722696304,80.226600647,60886,60896,10
12.8729600906,80.2266082764,60896,60906,10
12.8729600906,80.226600647,60906,60916,10
12.873290062,80.2266235352,60916,60924,8
12.8737201691,80.2266616821,60924,60935,11
12.8744697571,80.2267913818,60935,60947,12
12.8754997253,80.2268981934,60947,60957,10
12.8763198853,80.2269134521,60957,60967,10
12.8764295578,80.2269134521,60967,60977,10
12.8766202927,80.2268829346,60977,60987,10
12.8766803741,80.2268829346,60987,60997,10
12.876830101,80.226852417,60997,61006,9
12.8774204254,80.2268371582,61006,61017,11
12.8783397675,80.2267837524,61017,61027,10
12.8793201447,80.2267227173,61027,61037,10
12.8804197311,80.2266921997,61037,61048,11
12.8816099167,80.2267227173,61048,61057,9
12.882519722,80.2267227173,61057,61068,11
12.8838596344,80.2266464233,61068,61078,10
12.8849096298,80.2266464233,61078,61088,10
12.8851995468,80.2266464233,61088,61098,10
12.8853397369,80.2266693115,61098,61107,9
12.8857498169,80.2267608643,61107,61118,11
12.8865003586,80.2269821167,61118,61128,10
12.8873996735,80.227180481,61128,61138,10
12.8882598877,80.2272720337,61138,61149,11
12.8884096146,80.2272567749,61149,61159,10
12.8888502121,80.2272796631,61159,61169,10
12.8895597458,80.2272872925,61169,61179,10
12.8904895782,80.2273025513,61179,61189,10
12.8915395737,80.2272796631,61189,61199,10
12.8922300339,80.2273025513,61199,61209,10
12.892660141,80.2273406982,61209,61219,10
12.8932800293,80.227432251,61219,61229,10
12.8940896988,80.2275390625,61229,61239,10
12.8950099945,80.2276000977,61239,61250,11
12.8960599899,80.2276306152,61250,61260,10
12.8971595764,80.2276916504,61260,61270,10
12.8983201981,80.2277603149,61270,61280,10
12.899430275,80.2278213501,61280,61290,10
12.9002599716,80.2278671265,61290,61300,10
12.9003801346,80.2278671265,61300,61310,10
12.9005699158,80.2278594971,61310,61320,10
12.9009399414,80.2279129028,61320,61330,10
12.9012804031,80.2279510498,61330,61340,10
12.9017000198,80.2279815674,61340,61350,10
12.9023399353,80.2279968262,61350,61361,11
12.9030399323,80.2280197144,61361,61371,10
12.9030399323,80.2279968262,61371,61381,10
12.9032201767,80.2279968262,61381,61391,10
12.9037103653,80.2280578613,61391,61401,10
12.9042701721,80.2281417847,61401,61411,10
12.9047803879,80.2282180786,61411,61421,10
12.9055204391,80.2282714844,61421,61431,10
12.9063596725,80.2282867432,61431,61441,10
12.9068603516,80.2283096313,61441,61451,10
12.9069900513,80.2283096313,61451,61462,11
12.9075298309,80.2283401489,61462,61472,10
12.9082603455,80.2284393311,61472,61482,10
12.9091396332,80.2285919189,61482,61492,10
12.9101200104,80.2287597656,61492,61502,10
12.9111404419,80.2288970947,61502,61512,10
12.9121904373,80.2290420532,61512,61522,10
12.9132404327,80.2291870117,61522,61532,10
12.9139404297,80.2292785645,61532,61542,10
12.9140501022,80.229309082,61542,61552,10
12.9143695831,80.2293930054,61552,61562,10
12.9148597717,80.2294769287,61562,61573,11
12.9156703949,80.2295837402,61573,61583,10
12.9166603088,80.2297134399,61583,61593,10
12.9177398682,80.2298431396,61593,61603,10
12.9187698364,80.2299804688,61603,61613,10
12.9195995331,80.2301101685,61613,61623,10
12.9205198288,80.23021698,61623,61633,10
12.9215602875,80.2303619385,61633,61643,10
12.9226903915,80.2305526733,61643,61653,10
12.9238595963,80.2307128906,61653,61663,10
12.9249696732,80.2308731079,61663,61680,17
12.9264698029,80.2309799194,61680,61692,12
12.9265203476,80.2309570313,61692,61702,10
12.9269304276,80.231010437,61702,61712,10
12.9276304245,80.2311019897,61712,61721,9
12.9283800125,80.2312011719,61721,61732,11
12.9288396835,80.2312164307,61732,61742,10
12.9287996292,80.2312393188,61742,61752,10
12.9290304184,80.231300354,61752,61762,10
12.929599762,80.2314376831,61762,61772,10
12.9303302765,80.2316436768,61772,61783,11
12.9313497543,80.2319564819,61783,61793,10
12.9323501587,80.2322463989,61793,61803,10
12.933549881,80.2326889038,61803,61823,20
12.933549881,80.2326889038,61823,61833,10
12.9336900711,80.2328033447,61833,61843,10
12.9339399338,80.2328109741,61843,61853,10
12.9347000122,80.2331771851,61853,61863,10
12.9355401993,80.2335968018,61863,61873,10
12.9363899231,80.2340011597,61873,61884,11
12.9372901917,80.2344436646,61884,61894,10
12.9382896423,80.2349395752,61894,61904,10
12.9395399094,80.2355880737,61904,61924,20
12.9395399094,80.2355880737,61924,61934,10
12.9397001266,80.235710144,61934,61944,10
12.940079689,80.2358016968,61944,61954,10
12.9407997131,80.2360229492,61954,61964,10
12.9416503906,80.2362670898,61964,61974,10
12.9425897598,80.2365264893,61974,61984,10
12.9434299469,80.2370681763,61984,61994,10
12.9441604614,80.2378616333,61994,62005,11
12.9449501038,80.2387313843,62005,62015,10
12.9457902908,80.2393798828,62015,62025,10
12.9467897415,80.2397766113,62025,62035,10
12.9472904205,80.239982605,62035,62045,10
12.9474000931,80.2400283813,62045,62055,10
12.9478397369,80.2402267456,62055,62065,10
12.9487895966,80.240562439,62065,62106,41
12.9487895966,80.240562439,62106,62116,10
12.9488801956,80.2406234741,62116,62126,10
12.9492902756,80.2407913208,62126,62136,10
12.9499101639,80.2409973145,62136,62146,10
12.9510297775,80.2413330078,62146,62166,20
12.9510297775,80.2413330078,62166,62176,10
12.951259613,80.2414169312,62176,62186,10
12.9517803192,80.2416229248,62186,62196,10
12.9524402618,80.241859436,62196,62207,11
12.9533596039,80.2422332764,62207,62217,10
12.9541397095,80.2425384521,62217,62227,10
12.9548902512,80.2428207397,62227,62237,10
12.9555397034,80.2430725098,62237,62247,10
12.9562196732,80.243309021,62247,62263,16
12.9563798904,80.2433776855,62263,62275,12
12.9567604065,80.243522644,62275,62285,10
12.9573001862,80.2437820435,62285,62295,10
12.9578304291,80.2439804077,62295,62305,10
12.9580602646,80.244102478,62305,62316,11
12.9584598541,80.2442779541,62316,62326,10
12.9589395523,80.2444381714,62326,62336,10
12.9589300156,80.2444381714,62336,62346,10
12.959230423,80.2445983887,62346,62356,10
12.9597501755,80.2448425293,62356,62366,10
12.9598999023,80.2449111938,62366,62376,10
12.9603395462,80.2451171875,62376,62386,10
12.9609899521,80.2454299927,62386,62396,10
12.9617996216,80.2458190918,62396,62406,10
12.9627103806,80.2462692261,62406,62417,11
12.9632797241,80.2465209961,62417,62467,50
12.9632797241,80.2465209961,62467,62477,10
12.9634199142,80.2466430664,62477,62487,10
12.9638595581,80.2468185425,62487,62497,10
12.9644498825,80.2470321655,62497,62507,10
12.9652204514,80.2472763062,62507,62517,10
12.9660902023,80.2475891113,62517,62528,11
12.9667596817,80.2478713989,62528,62548,20
12.9667596817,80.2478713989,62548,62558,10
12.9670200348,80.2480163574,62558,62568,10
12.9673900604,80.2481536865,62568,62578,10
12.968079567,80.2484817505,62578,62588,10
12.9689397812,80.248840332,62588,62598,10
12.9699296951,80.2492675781,62598,62608,10
12.9708995819,80.2496337891,62608,62618,10
12.9718503952,80.2498779297,62618,62629,11
12.9727802277,80.2501220703,62629,62639,10
12.9736204147,80.2503509521,62639,62649,10
12.9744997025,80.2505493164,62649,62679,30
12.9744997025,80.2505493164,62679,62689,10
12.9747800827,80.2506637573,62689,62699,10
12.9753103256,80.250831604,62699,62709,10
12.9760599136,80.2510299683,62709,62719,10
12.9770002365,80.2512893677,62719,62730,11
12.9779396057,80.2518997192,62730,62740,10
12.9785900116,80.2523574829,62740,62750,10
12.9786195755,80.2523803711,62750,62760,10
12.9786500931,80.2524032593,62760,62770,10
12.9790096283,80.2525482178,62770,62780,10
12.9794101715,80.2525787354,62780,62800,20
12.9794101715,80.2525787354,62800,62810,10
12.9797000885,80.2526397705,62810,62820,10
12.9802398682,80.2526779175,62820,62837,17
12.9815196991,80.2526473999,62837,62849,12
12.9826698303,80.2526092529,62849,62859,10
12.9836397171,80.2524795532,62859,62867,8
12.9843997955,80.252281189,62867,62879,12
12.9854898453,80.2519683838,62879,62889,10
12.9861803055,80.2517929077,62889,62899,10
12.9868297577,80.2516174316,62899,62909,10
12.9873600006,80.2514724731,62909,62919,10
12.9877700806,80.2514038086,62919,62929,10
12.9879798889,80.2516403198,62929,62939,10
12.9879999161,80.2517471313,62939,62950,11
12.9880599976,80.2521972656,62950,62959,9
12.9879903793,80.2527770996,62959,62970,11
12.9879302979,80.2536392212,62970,63172,202
12.9879302979,80.2536392212,63172,63182,10
12.9879102707,80.2539291382,63182,63192,10
12.9879102707,80.2541275024,63192,63202,10
12.987859726,80.2546768188,63202,63333,131
12.987859726,80.2546768188,63333,63343,10
12.9877996445,80.254989624,63343,63353,10
12.9878396988,80.2553100586,63353,63363,10
12.9877595901,80.2557373047,63363,63374,11
12.9881601334,80.2558288574,63374,63384,10
12.9885396957,80.2558288574,63384,63394,10
12.9885501862,80.2558288574,63394,63404,10
12.9888896942,80.2558517456,63404,63414,10
12.9892396927,80.2557983398,63414,63424,10
12.9896097183,80.2558364868,63424,63434,10
12.9901695251,80.255859375,63434,63444,10
12.9905500412,80.2559432983,63444,63454,10
12.9911003113,80.2559890747,63454,63464,10
12.9918804169,80.2559814453,63464,63475,11
12.9929199219,80.2559432983,63475,63485,10
12.9938697815,80.255859375,63485,63495,10
12.9949197769,80.2557983398,63495,63505,10
12.9957895279,80.255821228,63505,63515,10
12.9966001511,80.2557983398,63515,63525,10
12.997010231,80.2557830811,63525,63535,10
12.997590065,80.255859375,63535,63545,10
12.9979896545,80.2558288574,63545,63555,10
12.9987897873,80.2559967041,63555,63576,21
12.9987897873,80.2559967041,63576,63586,10
12.9992303848,80.256111145,63586,63636,50
12.9992303848,80.256111145,63636,63646,10
12.9995098114,80.2562789917,63646,63656,10
12.9999399185,80.2562866211,63656,63666,10
13.0006504059,80.2564315796,63666,63676,10
13.0015201569,80.2565231323,63676,63687,11
13.0024499893,80.2566680908,63687,63697,10
13.0031995773,80.2568130493,63697,63707,10
13.0040397644,80.256942749,63707,63717,10
13.0048904419,80.2570495605,63717,63727,10
13.0057601929,80.2573013306,63727,63737,10
13.0060796738,80.2573928833,63737,63747,10
13.0063295364,80.2574386597,63747,63757,10
13.0064897537,80.2572402954,63757,63767,10
13.0064697266,80.2567977905,63767,63777,10
13.0064601898,80.2559661865,63777,63787,10
13.0064601898,80.2550964355,63787,63798,11
13.0064496994,80.2542572021,63798,63808,10
13.0064401627,80.2533874512,63808,63824,16
13.0064601898,80.2530288696,63824,63836,12
13.0065002441,80.2525024414,63836,63846,10
13.0066299438,80.2518768311,63846,63856,10
13.0067501068,80.2511367798,63856,63866,10
13.0066900253,80.2503509521,63866,63876,10
13.0066795349,80.2494506836,63876,63885,9
13.0066699982,80.2487564087,63885,63897,12
13.0066099167,80.2476806641,63897,63907,10
13.0066204071,80.2469711304,63907,63917,10
13.0065498352,80.2464675903,63917,63927,10
13.0065498352,80.2464523315,63927,63937,10
13.0066299438,80.24609375,63937,63947,10
13.0066299438,80.2453918457,63947,63957,10
13.0065803528,80.2447280884,63957,63967,10
13.0065202713,80.2440490723,63967,63977,10
13.0065402985,80.2432327271,63977,63987,10
13.006529808,80.2422866821,63987,63997,10
13.0065202713,80.2414398193,63997,64008,11
13.0066699982,80.2406234741,64008,64028,20
13.0066699982,80.2406234741,64028,64038,10
13.0067796707,80.2403182983,64038,64048,10
13.0068502426,80.2399673462,64048,64058,10
13.006939888,80.2394104004,64058,64068,10
13.0070495605,80.2386474609,64068,64078,10
13.0072803497,80.2376480103,64078,64088,10
13.0073604584,80.2369232178,64088,64098,10
13.0073900223,80.2367401123,64098,64109,11
13.007519722,80.2363510132,64109,64119,10
13.0076398849,80.2357406616,64119,64129,10
13.0077295303,80.235206604,64129,64139,10
13.0078401566,80.23462677,64139,64149,10
13.0080003738,80.2338027954,64149,64159,10
13.0081996918,80.2327575684,64159,64169,10
13.0084104538,80.2316589355,64169,64179,10
13.0086297989,80.230682373,64179,64189,10
13.0088796616,80.2295227051,64189,64199,10
13.0091199875,80.2283630371,64199,64209,10
13.0095500946,80.2272872925,64209,64220,11
13.0101003647,80.2261886597,64220,64230,10
13.0105199814,80.2253570557,64230,64246,16
13.0111103058,80.2240829468,64246,64258,12
13.011349678,80.2233505249,64258,64278,20
13.011349678,80.2233505249,64278,64288,10
13.0115203857,80.2231369019,64288,64298,10
13.0116195679,80.2226791382,64298,64306,8
13.0118598938,80.2219772339,64306,64319,13
13.0122995377,80.2216110229,64319,64329,10
13.0124702454,80.2218933105,64329,64339,10
13.0128898621,80.2223587036,64339,64349,10
13.0134801865,80.2229232788,64349,64359,10
13.013999939,80.2233810425,64359,64369,10
13.0142498016,80.2236709595,64369,64379,10
13.0145101547,80.2239837646,64379,64389,10
13.014960289,80.2245635986,64389,64413,24
13.0154895782,80.2249908447,64413,64424,11
13.0157299042,80.2252426147,64424,64435,11
13.016409874,80.2253417969,64435,64443,8
13.0170402527,80.2251205444,64443,64455,12
13.0180702209,80.2247085571,64455,64465,10
13.0189399719,80.2243804932,64465,64475,10
13.0195999146,80.2244415283,64475,64485,10
13.0199699402,80.2246932983,64485,64495,10
13.0205097198,80.2250976563,64495,64505,10
13.0210399628,80.2255096436,64505,64515,10
13.0218601227,80.2260894775,64515,64536,21
13.0218601227,80.2260894775,64536,64546,10
13.0221796036,80.226348877,64546,64556,10
13.0226297379,80.2267608643,64556,64566,10
13.0232000351,80.2272796631,64566,64576,10
13.0241804123,80.2282409668,64576,64596,20
13.0241804123,80.2282409668,64596,64605,9
13.024310112,80.2284317017,64605,64616,11
13.0246400833,80.2288894653,64616,64626,10
13.0249004364,80.2292633057,64626,64637,11
13.0253000259,80.2297821045,64637,64646,9
13.0256996155,80.2303466797,64646,64657,11
13.0259599686,80.23097229,64657,64667,10
13.0259599686,80.2312164307,64667,64677,10
13.0261297226,80.2313690186,64677,64687,10
13.0265398026,80.2312164307,64687,64697,10
13.0272302628,80.2310562134,64697,64707,10
13.0283098221,80.2308883667,64707,64727,20
13.0283098221,80.2308883667,64727,64737,10
13.0291996002,80.2308273315,64737,64787,50
13.0291996002,80.2308273315,64787,64798,11
13.0295095444,80.2309036255,64798,64808,10
13.0298995972,80.2308273315,64808,64818,10
13.0306596756,80.230758667,64818,64838,20
13.0306596756,80.230758667,64838,64849,11
13.0309495926,80.23072052,64849,64859,10
13.0315198898,80.2306213379,64859,64869,10
13.0322704315,80.2305221558,64869,64879,10
13.0334300995,80.2304611206,64879,64909,30
13.0334300995,80.2304611206,64909,64919,10
13.0337200165,80.2304916382,64919,64929,10
13.0339603424,80.2304000854,64929,64939,10
13.0346403122,80.2303237915,64939,65059,120
13.0346403122,80.2303237915,65059,65069,10
13.0349597931,80.2301025391,65069,65129,60
13.0349597931,80.2301025391,65129,65139,10
13.0346603394,80.2298583984,65139,66159,1020
13.0344600677,80.2298736572,66159,66341,182
13.0342102051,80.2298965454,66341,66411,70
13.0341901779,80.2302322388,66411,66502,91
13.0341901779,80.2302322388,66502,66512,10
13.0335702896,80.2304611206,66512,66543,31
13.0335702896,80.2304611206,66543,66553,10
13.033249855,80.2304763794,66553,66563,10
13.032790184,80.2304992676,66563,66573,10
13.0321903229,80.2305526733,66573,66583,10
13.0314798355,80.2306213379,66583,66593,10
13.03083992,80.2306671143,66593,66613,20
13.03083992,80.2306671143,66613,66623,10
13.0304498672,80.2307281494,66623,66633,10
13.0299596786,80.2307662964,66633,66644,11
13.0298204422,80.2308273315,66644,66654,10
13.0294799805,80.2308578491,66654,66664,10
13.0290403366,80.2308731079,66664,66674,10
13.0284996033,80.2309188843,66674,66690,16
13.0278997421,80.2310791016,66690,66702,12
13.0278501511,80.2315368652,66702,66712,10
13.0278997421,80.2320327759,66712,66722,10
13.027879715,80.2325820923,66722,66732,10
13.0275201797,80.232749939,66732,66742,10
13.0271196365,80.2328567505,66742,66753,11
13.0268001556,80.2329177856,66753,66763,10
13.0264396667,80.2328033447,66763,66773,10
13.0262298584,80.2323303223,66773,66784,11
13.0259799957,80.2316131592,66784,66794,10
13.0257396698,80.2308197021,66794,66804,10
13.0254497528,80.23021698,66804,66814,10
13.0251302719,80.2297821045,66814,66824,10
13.0248203278,80.2293624878,66824,66834,10
13.0244398117,80.2288894653,66834,66844,10
13.0240402222,80.2283782959,66844,66855,11
13.0233201981,80.2275695801,66855,66875,20
13.0233201981,80.2275695801,66875,66885,10
13.023150444,80.2273712158,66885,66895,10
13.0227403641,80.2269973755,66895,66905,10
13.0222501755,80.2265472412,66905,66915,10
13.021780014,80.2261505127,66915,66925,10
13.0213003159,80.2257614136,66925,66935,10
13.0207700729,80.2253570557,66935,66945,10
13.0200004578,80.224861145,66945,66976,31
13.0200004578,80.224861145,66976,66986,10
13.0197401047,80.2246398926,66986,66996,10
13.0193395615,80.2244415283,66996,67006,10
13.018699646,80.2244873047,67006,67016,10
13.0178098679,80.2248382568,67016,67026,10
13.0170001984,80.2252120972,67026,67036,10
13.0163202286,80.225479126,67036,67046,10
13.0155801773,80.2257537842,67046,67056,10
13.0150003433,80.225982666,67056,67066,10
13.0142803192,80.2262268066,67066,67087,21
13.0142803192,80.2262268066,67087,67097,10
13.0140199661,80.2263031006,67097,67107,10
13.0135297775,80.2265014648,67107,67117,10
13.0129203796,80.2267608643,67117,67127,10
13.0121297836,80.2270812988,67127,67137,10
13.0112600327,80.2274169922,67137,67147,10
13.0103302002,80.2277832031,67147,67157,10
13.0095300674,80.2281112671,67157,67168,11
13.0090999603,80.2287521362,67168,67178,10
13.0089597702,80.2295532227,67178,67188,10
13.0087795258,80.2304992676,67188,67198,10
13.0086097717,80.2313537598,67198,67208,10
13.0084104538,80.2323608398,67208,67218,10
13.0082502365,80.2333984375,67218,67238,20
13.0082502365,80.2333984375,67238,67248,10
13.0081996918,80.2335586548,67248,67258,10
13.0080900192,80.2339706421,67258,67268,10
13.0079803467,80.2345809937,67268,67279,11
13.0078697205,80.2351074219,67279,67289,10
13.0077600479,80.2356719971,67289,67299,10
13.0075998306,80.2365112305,67299,67309,10
13.0073900223,80.2375335693,67309,67319,10
13.0072202682,80.2385025024,67319,67329,10
13.0070495605,80.2393112183,67329,67339,10
13.0068998337,80.2400588989,67339,67390,51
13.0068998337,80.2400588989,67390,67400,10
13.0068998337,80.2405471802,67400,67410,10
13.0068798065,80.2406997681,67410,67420,10
13.0068101883,80.2409591675,67420,67430,10
13.0067501068,80.2414779663,67430,67440,10
13.0067300797,80.2422790527,67440,67450,10
13.0066900253,80.2431564331,67450,67460,10
13.0066900253,80.2440414429,67460,67470,10
13.0066699982,80.2445983887,67470,67480,10
13.006649971,80.245010376,67480,67491,11
13.0066795349,80.2455062866,67491,67501,10
13.0066995621,80.2461090088,67501,67511,10
13.0067396164,80.2469100952,67511,67521,10
13.0066995621,80.2479629517,67521,67531,10
13.006770134,80.2490005493,67531,67541,10
13.0068502426,80.2495498657,67541,67551,10
13.0068597794,80.2495498657,67551,67561,10
13.0068502426,80.2497406006,67561,67571,10
13.0068101883,80.250289917,67571,67581,10
13.0068101883,80.2509307861,67581,67592,11
13.006770134,80.2513809204,67592,67602,10
13.0066900253,80.2517700195,67602,67612,10
13.0065498352,80.2525100708,67612,67622,10
13.0065498352,80.25340271,67622,67632,10
13.0065498352,80.2540969849,67632,67642,10
13.0066003799,80.2546920776,67642,67652,10
13.0066099167,80.2548904419,67652,67662,10
13.0065803528,80.2550430298,67662,67672,10
13.0065803528,80.2556533813,67672,67682,10
13.0065898895,80.2567596436,67682,67771,89
13.0065898895,80.2567596436,67771,67781,10
13.0065202713,80.2568664551,67781,67791,10
13.0065803528,80.2571411133,67791,67801,10
13.0065202713,80.2574462891,67801,67812,11
13.0064296722,80.257522583,67812,67822,10
13.0063199997,80.2575531006,67822,67832,10
13.0060796738,80.2574768066,67832,67842,10
13.0059099197,80.2574234009,67842,67852,10
13.0056200027,80.2573928833,67852,67862,10
13.005109787,80.2572631836,67862,67872,10
13.0044298172,80.2570724487,67872,67882,10
13.0039596558,80.256980896,67882,67892,10
13.0035600662,80.2568893433,67892,67901,9
13.0033102036,80.2568206787,67901,67913,12
13.0029802322,80.2567977905,67913,67923,10
13.0025196075,80.2566986084,67923,68044,121
13.0025196075,80.2566986084,68044,68054,10
13.0021400452,80.2566223145,68054,68064,10
13.0018501282,80.2565917969,68064,68074,10
13.0011501312,80.2564620972,68074,68084,10
13.0004901886,80.2563400269,68084,68094,10
12.9998998642,80.2562103271,68094,68104,10
12.9991703033,80.256111145,68104,68125,21
12.9991703033,80.256111145,68125,68135,10
12.9987096786,80.2560424805,68135,68165,30
12.9983196259,80.2559814453,68165,68185,20
12.9983196259,80.2559814453,68185,68195,10
12.997879982,80.2558898926,68195,68205,10
12.9977302551,80.2558670044,68205,68215,10
12.9974498749,80.2558670044,68215,68226,11
12.9971103668,80.2557983398,68226,68236,10
12.9967899323,80.2558364868,68236,68246,10
12.9963903427,80.255821228,68246,68256,10
12.9960098267,80.255821228,68256,68266,10
12.995759964,80.2558288574,68266,68276,10
12.9954795837,80.2558517456,68276,68286,10
12.9951095581,80.255821228,68286,68296,10
12.9945201874,80.255859375,68296,68306,10
12.9938201904,80.2559204102,68306,68316,10
12.9932003021,80.2559127808,68316,68326,10
12.9921197891,80.2559280396,68326,68337,11
12.9911804199,80.2559585571,68337,68417,80
12.9908399582,80.2559585571,68417,68458,41
12.9908399582,80.2559585571,68458,68468,10
12.9906396866,80.2559967041,68468,68478,10
12.9904403687,80.2559967041,68478,68488,10
12.9902000427,80.2559967041,68488,68498,10
12.9898195267,80.2559814453,68498,68508,10
12.9894695282,80.2559432983,68508,68518,10
12.9890499115,80.2558822632,68518,68528,10
12.9885396957,80.2558288574,68528,68539,11
12.9879598618,80.2557601929,68539,68549,10
12.9875402451,80.2556762695,68549,68559,10
12.9870195389,80.2556228638,68559,68569,10
12.9868402481,80.255607605,68569,68579,10
12.9863395691,80.2555618286,68579,68619,40
12.9863395691,80.2555618286,68619,68629,10
12.98595047,80.2554626465,68629,68639,10
12.9857397079,80.2554092407,68639,68650,11
12.9850997925,80.2553405762,68650,68660,10
12.9843997955,80.2550888062,68660,68669,9
12.9836797714,80.2548904419,68669,68680,11
12.9832296371,80.2547988892,68680,68690,10
12.9828195572,80.2546615601,68690,68700,10
12.9824199677,80.254447937,68700,68710,10
12.9820995331,80.2540969849,68710,68720,10
12.9818496704,80.2535934448,68720,68730,10
12.9816799164,80.2529678345,68730,68740,10
12.9811000824,80.2527389526,68740,68751,11
12.9804801941,80.2527389526,68751,68761,10
12.9799995422,80.2527008057,68761,68771,10
12.9798002243,80.2526931763,68771,68781,10
12.9793195724,80.2526397705,68781,68791,10
12.9787597656,80.2525634766,68791,68801,10
12.9786100388,80.2525100708,68801,68811,10
12.97838974,80.2524185181,68811,68821,10
12.9778699875,80.2519989014,68821,68831,10
12.9771203995,80.251411438,68831,68841,10
12.9760198593,80.2510528564,68841,68851,10
12.9748001099,80.2507019043,68851,68862,11
12.9733800888,80.2503128052,68862,68872,10
12.9724597931,80.2500991821,68872,68882,10
12.9723596573,80.2500534058,68882,68892,10
12.9720401764,80.249961853,68892,68902,10
12.9714202881,80.2497634888,68902,68912,10
12.9706401825,80.2495422363,68912,68922,10
12.9697303772,80.2492523193,68922,68932,10
12.96875,80.248840332,68932,68942,10
12.9676103592,80.2484130859,68942,68952,10
12.9669704437,80.2481307983,68952,68963,11
12.9653396606,80.2473678589,68963,68983,20
12.9653396606,80.2473678589,68983,68993,10
12.965180397,80.2474365234,68993,69003,10
12.9647397995,80.2472610474,69003,69013,10
12.9640598297,80.2470016479,69013,69023,10
12.9635896683,80.2468032837,69023,69033,10
12.9635696411,80.2467803955,69033,69043,10
12.9633903503,80.246673584,69043,69053,10
12.96296978,80.2464599609,69053,69064,11
12.9622097015,80.2460784912,69064,69074,10
12.9612903595,80.2456283569,69074,69084,10
12.9604101181,80.2452468872,69084,69094,10
12.959569931,80.2448806763,69094,69104,10
12.9593000412,80.2448120117,69104,69114,10
12.9592103958,80.2447433472,69114,69124,10
12.9588098526,80.2444915771,69124,69134,10
12.9582004547,80.2442321777,69134,69144,10
12.9575996399,80.2440185547,69144,69154,10
12.9563798904,80.243560791,69154,69185,31
12.9563798904,80.243560791,69185,69195,10
12.9561500549,80.2435073853,69195,69205,10
12.955619812,80.2432327271,69205,69215,10
12.9549303055,80.2429199219,69215,69225,10
12.9540901184,80.2425613403,69225,69235,10
12.9531297684,80.2421569824,69235,69245,10
12.9521598816,80.2417831421,69245,69255,10
12.9517803192,80.2416610718,69255,69265,10
12.9517202377,80.2416305542,69265,69275,10
12.9513597488,80.2414779663,69275,69294,19
12.9500303268,80.2411117554,69294,69306,12
12.9491500854,80.2408218384,69306,69326,20
12.9491500854,80.2408218384,69326,69336,10
12.9489603043,80.240737915,69336,69346,10
12.9485197067,80.240562439,69346,69356,10
12.9477596283,80.2402420044,69356,69366,10
12.9471998215,80.2400131226,69366,69376,10
12.9471702576,80.2400131226,69376,69388,12
12.9470300674,80.2399368286,69388,69398,10
12.9467201233,80.2397918701,69398,69408,10
12.946149826,80.2395629883,69408,69418,10
12.9454402924,80.2392425537,69418,69428,10
12.944729805,80.2386169434,69428,69438,10
12.9439697266,80.2378234863,69438,69448,10
12.9432697296,80.2370529175,69448,69461,13
12.9421300888,80.2363815308,69461,69471,10
12.941069603,80.2361068726,69471,69481,10
12.9402103424,80.2358932495,69481,69492,11
12.9398202896,80.2357635498,69492,69522,30
12.9398202896,80.2357635498,69522,69532,10
12.9395303726,80.2354888916,69532,69542,10
12.9387397766,80.2351074219,69542,69552,10
12.9377498627,80.2346878052,69552,69562,10
12.9368000031,80.2342376709,69562,69572,10
12.9358997345,80.2338027954,69572,69582,10
12.9356899261,80.2337188721,69582,69591,9
12.9351701736,80.2334671021,69591,69603,12
12.9338598251,80.2329177856,69603,69633,30
12.9338598251,80.2329177856,69633,69643,10
12.933549881,80.2327880859,69643,69653,10
12.9329900742,80.2325286865,69653,69663,10
12.9323797226,80.2322998047,69663,69673,10
12.931520462,80.2319793701,69673,69683,10
12.9305400848,80.2316665649,69683,69693,10
12.929599762,80.2314529419,69693,69704,11
12.9285001755,80.2312698364,69704,69714,10
12.927359581,80.2311019897,69714,69724,10
12.9263601303,80.23097229,69724,69734,10
12.9258899689,80.2309112549,69734,69744,10
12.925860405,80.2309417725,69744,69754,10
12.9255304337,80.2308807373,69754,69764,10
12.9249401093,80.2308425903,69764,69774,10
12.9241199493,80.2307434082,69774,69784,10
12.9231996536,80.2306137085,69784,69800,16
12.9215803146,80.2303466797,69800,69813,13
12.9200401306,80.2300872803,69813,69823,10
12.9191799164,80.2299728394,69823,69833,10
12.9190196991,80.2299804688,69833,69843,10
12.9188404083,80.2300033569,69843,69853,10
12.9183797836,80.229927063,69853,69863,10
12.9175701141,80.2298126221,69863,69873,10
12.9166402817,80.2297363281,69873,69883,10
12.9155302048,80.2295684814,69883,69893,10
12.914730072,80.2295379639,69893,69903,10
12.9132795334,80.2293014526,69903,69934,31
12.9132795334,80.2293014526,69934,69944,10
12.9129199982,80.2292633057,69944,69954,10
12.9122695923,80.2291412354,69954,69964,10
12.9114599228,80.229019165,69964,69974,10
12.9105195999,80.2288589478,69974,69984,10
12.9094800949,80.2286834717,69984,69994,10
12.9083595276,80.2285003662,69994,70004,10
12.9072999954,80.2283401489,70004,70014,10
12.9066801071,80.2283096313,70014,70055,41
12.9066801071,80.2283096313,70055,70065,10
12.9064302444,80.2282714844,70065,70075,10
12.905960083,80.2282104492,70075,70085,10
12.9052801132,80.228187561,70085,70095,10
12.9043903351,80.2281265259,70095,70105,10
12.9034004211,80.2280502319,70105,70115,10
12.9024801254,80.2280426025,70115,70126,11
12.9014501572,80.2279815674,70126,70136,10
12.9007701874,80.2279434204,70136,70146,10
12.9000902176,80.2278671265,70146,70156,10
12.8993701935,80.2278366089,70156,70197,41
12.8993701935,80.2278366089,70197,70207,10
12.8992395401,80.2278671265,70207,70217,10
12.8989496231,80.2278823853,70217,70238,21
12.8989496231,80.2278823853,70238,70248,10
12.898639679,80.2278671265,70248,70258,10
12.8981304169,80.2277984619,70258,70268,10
12.8975200653,80.2277374268,70268,70278,10
12.8967695236,80.2277069092,70278,70288,10
12.8959102631,80.2276611328,70288,70298,10
12.8950595856,80.2276229858,70298,70308,10
12.8940696716,80.2275619507,70308,70318,10
12.8933000565,80.2275085449,70318,70328,10
12.8931598663,80.2274932861,70328,70339,11
12.8930597305,80.2274780273,70339,70349,10
12.8927097321,80.227432251,70349,70359,10
12.8922300339,80.2273712158,70359,70369,10
12.8915596008,80.2273406982,70369,70379,10
12.8907003403,80.2273406982,70379,70389,10
12.8897399902,80.2273330688,70389,70399,10
12.8883104324,80.2273406982,70399,70418,19
12.8883104324,80.2273406982,70418,70429,11
12.8880796432,80.2273101807,70429,70440,11
12.8874502182,80.2272415161,70440,70450,10
12.8866996765,80.2270965576,70450,70460,10
12.8857803345,80.2268600464,70460,70470,10
12.8848800659,80.2267074585,70470,70480,10
12.8845796585,80.2267837524,70480,70490,10
12.8846797943,80.2267379761,70490,70500,10
12.8845100403,80.2267837524,70500,70510,10
12.8839502335,80.2269287109,70510,70520,10
12.8830900192,80.2267227173,70520,70530,10
12.882109642,80.2267074585,70530,70540,10
12.8810501099,80.2267227173,70540,70551,11
12.8798398972,80.2267227173,70551,70561,10
12.8787202835,80.2267837524,70561,70571,10
12.877579689,80.2268676758,70571,70581,10
12.8766002655,80.2269515991,70581,70591,10
12.8762798309,80.2269973755,70591,70600,9
12.8762702942,80.2269897461,70600,70611,11
12.8760700226,80.2269821167,70611,70621,10
12.8754901886,80.2269363403,70621,70631,10
12.8746995926,80.2268371582,70631,70641,10
12.8736696243,80.2267227173,70641,70652,11
12.8726196289,80.2266921997,70652,70662,10
12.8724803925,80.2266921997,70662,70672,10
12.8721704483,80.2266998291,70672,70682,10
12.8715696335,80.2266616821,70682,70692,10
12.8707895279,80.2266235352,70692,70702,10
12.8698196411,80.2265167236,70702,70712,10
12.8687400818,80.2263870239,70712,70722,10
12.8675699234,80.2264099121,70722,70732,10
12.8663702011,80.2265319824,70732,70741,9
12.8652601242,80.2265930176,70741,70753,12
12.8637504578,80.2265319824,70753,70763,10
12.8624401093,80.2265319824,70763,70773,10
12.861289978,80.2265930176,70773,70783,10
12.8608598709,80.2265777588,70783,70793,10
12.8606500626,80.2265396118,70793,70803,10
12.8600997925,80.2264633179,70803,70813,10
12.8592996597,80.226348877,70813,70823,10
12.8586797714,80.2262802124,70823,70833,10
12.8581600189,80.2262496948,70833,70843,10
12.8572902679,80.2262573242,70843,70853,10
12.8562602997,80.2263565063,70853,70864,11
12.8549499512,80.2265090942,70864,70874,10
12.8536100388,80.2266464233,70874,70884,10
12.8522596359,80.2266693115,70884,70894,10
12.8510198593,80.2266387939,70894,70904,10
12.850060463,80.226600647,70904,70914,10
12.8499097824,80.2266082764,70914,70924,10
12.8497600555,80.2266235352,70924,70934,10
12.8492097855,80.2266311646,70934,70944,10
12.848400116,80.2266235352,70944,70954,10
12.847319603,80.2266311646,70954,70965,11
12.8460197449,80.2266464233,70965,70975,10
12.8453197479,80.2266616821,70975,70994,19
12.8453197479,80.2266616821,70994,71005,11
12.8452501297,80.2266387939,71005,71015,10
12.8447799683,80.2267303467,71015,71025,10
12.8439998627,80.2267379761,71025,71035,10
12.8429098129,80.2268295288,71035,71045,10
12.8416404724,80.2271118164,71045,71055,10
12.8403997421,80.227432251,71055,71065,10
12.8396997452,80.2276000977,71065,71096,31
12.8396997452,80.2276000977,71096,71106,10
12.8392601013,80.2277297974,71106,71116,10
12.8385601044,80.2279205322,71116,71126,10
12.8375997543,80.2281417847,71126,71136,10
12.8364095688,80.2283325195,71136,71146,10
12.8350801468,80.2285385132,71146,71156,10
12.8337001801,80.2287902832,71156,71166,10
12.8325195313,80.229019165,71166,71177,11
12.8323001862,80.2290725708,71177,71187,10
12.8321199417,80.2291030884,71187,71197,10
12.831580162,80.2292327881,71197,71207,10
12.8307104111,80.2295074463,71207,71217,10
12.8295001984,80.2299118042,71217,71227,10
12.82833004,80.2304534912,71227,71237,10
12.8271598816,80.2311172485,71237,71247,10
12.8258399963,80.231338501,71247,71257,10
12.8244695663,80.2313232422,71257,71273,16
12.8222904205,80.2306594849,71273,71286,13
12.8205003738,80.2304382324,71286,71296,10
12.8188199997,80.2304916382,71296,71316,20
12.8188199997,80.2304916382,71316,71325,9
12.8185100555,80.2303466797,71325,71336,11
12.8176898956,80.2299423218,71336,71345,9
12.8169403076,80.2296066284,71345,71356,11
12.8155603409,80.2293395996,71356,71366,10
12.814330101,80.2291717529,71366,71376,10
12.8130197525,80.2287979126,71376,71387,11
12.8115501404,80.2282562256,71387,71397,10
12.8102703094,80.2277603149,71397,71407,10
12.8091201782,80.2271881104,71407,71417,10
12.8080997467,80.2263565063,71417,71427,10
12.8071298599,80.2255401611,71427,71437,10
12.8063602448,80.2248535156,71437,71447,10
12.8055801392,80.2241821289,71447,71457,10
12.8049497604,80.2239608765,71457,71467,10
12.8049297333,80.2239608765,71467,71477,10
12.8047399521,80.2239227295,71477,71488,11
12.8041400909,80.2238693237,71488,71498,10
12.8032598495,80.2238082886,71498,71508,10
12.8021697998,80.2236785889,71508,71518,10
12.8011102676,80.2236022949,71518,71528,10
12.8009500504,80.2235794067,71528,71538,10
12.8005599976,80.2235412598,71538,71548,10
12.7998304367,80.223449707,71548,71558,10
12.7988395691,80.2233963013,71558,71568,10
12.797539711,80.2232666016,71568,71578,10
12.7964000702,80.2230300903,71578,71588,10
12.7958498001,80.2229385376,71588,71599,11
12.7954998016,80.222869873,71599,71609,10
12.7947702408,80.2227325439,71609,71619,10
12.7937202454,80.2225723267,71619,71629,10
12.7924995422,80.2224197388,71629,71639,10
12.7911996841,80.2220687866,71639,71649,10
12.7899303436,80.2217407227,71649,71659,10
12.7890396118,80.2214202881,71659,71669,10
12.7882995605,80.2211074829,71669,71679,10
12.7878599167,80.2209320068,71679,71689,10
12.7874202728,80.2207489014,71689,71699,10
12.786860466,80.2205734253,71699,71710,11
12.7863397598,80.2203598022,71710,71730,20
12.7861299515,80.2203369141,71730,71780,50
12.7861299515,80.2203369141,71780,71790,10
12.7861404419,80.2208404541,71790,71801,11
12.786190033,80.2211990356,71801,71811,10
12.786190033,80.2212219238,71811,71821,10
12.7861795425,80.2217330933,71821,71881,60
12.7861795425,80.2217330933,71881,71891,10
12.7862901688,80.2221984863,71891,73729,1838
12.7862901688,80.2221984863,73729,73739,10
12.7862901688,80.2219314575,73739,73760,21
12.7862901688,80.2219314575,73760,73770,10
12.7861995697,80.2216186523,73770,73780,10
12.7861700058,80.2213287354,73780,73790,10
12.7861700058,80.2210922241,73790,73801,11
12.7861604691,80.2208328247,73801,73810,9
12.7861404419,80.2205963135,73810,73821,11
12.7861404419,80.2205810547,73821,73831,10
12.7864198685,80.2203292847,73831,73871,40
12.7864198685,80.2203292847,73871,73881,10
12.7868003845,80.2205734253,73881,73891,10
12.7873802185,80.2207794189,73891,73901,10
12.7880897522,80.2210235596,73901,73912,11
12.7889299393,80.2213363647,73912,73922,10
12.7895698547,80.2215805054,73922,73932,10
12.7901802063,80.2217483521,73932,73942,10
12.7910299301,80.2219619751,73942,73952,10
12.7920103073,80.2222137451,73952,73962,10
12.7930803299,80.2224197388,73962,73972,10
12.7941999435,80.2225799561,73972,73982,10
12.7953395844,80.2227630615,73982,73992,10
12.7964200974,80.2229537964,73992,74002,10
12.7974596024,80.22315979,74002,74013,11
12.7986402512,80.2232894897,74013,74023,10
12.7996702194,80.2233963013,74023,74033,10
12.800620079,80.223449707,74033,74043,10
12.801320076,80.2235031128,74043,74053,10
12.8013401031,80.2235031128,74053,74063,10
12.801659584,80.2235412598,74063,74073,10
12.8022003174,80.2235565186,74073,74083,10
12.8030004501,80.2237091064,74083,74093,10
12.8036499023,80.223777771,74093,74103,10
12.8042697906,80.2238082886,74103,74114,11
12.8050098419,80.2239074707,74114,74124,10
12.8053798676,80.2240066528,74124,74134,10
12.8055095673,80.224067688,74134,74144,10
12.8059196472,80.224357605,74144,74154,10
12.806520462,80.2248916626,74154,74164,10
12.807220459,80.2255172729,74164,74174,10
12.8080101013,80.2261886597,74174,74184,10
12.8087596893,80.2267913818,74184,74194,10
12.8095903397,80.2273788452,74194,74204,10
12.8105096817,80.2277603149,74204,74214,10
12.8116397858,80.2282028198,74214,74225,11
12.8130598068,80.2286987305,74225,74235,10
12.8144102097,80.2291183472,74235,74245,10
12.815779686,80.229309082,74245,74255,10
12.8171701431,80.2295837402,74255,74265,10
12.818479538,80.230178833,74265,74275,10
12.8196401596,80.2303924561,74275,74285,10
12.8197803497,80.2303771973,74285,74295,10
12.8200397491,80.2303924561,74295,74305,10
12.8207101822,80.2303695679,74305,74315,10
12.8216400146,80.2304229736,74315,74326,11
12.8226003647,80.2306594849,74326,74336,10
12.823679924,80.2309875488,74336,74346,10
12.8247804642,80.2312393188,74346,74356,10
12.8258304596,80.2312774658,74356,74366,10
12.8261604309,80.2312469482,74366,74376,10
12.8264398575,80.2312393188,74376,74386,10
12.8270301819,80.2311325073,74386,74396,10
12.8278598785,80.2307662964,74396,74406,10
12.8288402557,80.2302017212,74406,74416,10
12.8299598694,80.2297210693,74416,74427,11
12.8309497833,80.229309082,74427,74437,10
12.8311395645,80.2292480469,74437,74447,10
12.8315296173,80.229133606,74447,74457,10
12.8319301605,80.2290496826,74457,74467,10
12.8326702118,80.2289428711,74467,74477,10
12.8337097168,80.2287521362,74477,74487,10
12.8348903656,80.2285308838,74487,74497,10
12.8361196518,80.2283172607,74497,74507,10
12.8373603821,80.2281417847,74507,74517,10
12.8384799957,80.2279205322,74517,74527,10
12.8392496109,80.2277526855,74527,74538,11
12.839799881,80.2275695801,74538,74548,10
12.8405399323,80.2273712158,74548,74558,10
12.8415203094,80.2270965576,74558,74568,10
12.8426504135,80.2268371582,74568,74578,10
12.8437700272,80.2266082764,74578,74588,10
12.8448495865,80.2265014648,74588,74598,10
12.8451700211,80.2265014648,74598,74608,10
12.8452997208,80.2264862061,74608,74618,10
12.845459938,80.2264785767,74618,74628,10
12.8456697464,80.2264709473,74628,74639,11
12.8457202911,80.2264633179,74639,74649,10
12.8460798264,80.2264633179,74649,74659,10
12.8467903137,80.2264709473,74659,74669,10
12.847700119,80.2264633179,74669,74679,10
12.8487596512,80.2264633179,74679,74689,10
12.8501300812,80.2264328003,74689,74709,20
12.8501300812,80.2264328003,74709,74719,10
12.8506002426,80.2264709473,74719,74729,10
12.8513202667,80.2265014648,74729,74739,10
12.8523101807,80.2265625,74739,74750,11
12.8535604477,80.2265625,74750,74760,10
12.8547801971,80.2264404297,74760,74770,10
12.8560600281,80.22631073,74770,74780,10
12.8573503494,80.2261810303,74780,74790,10
12.8584804535,80.2261734009,74790,74800,10
12.8596801758,80.22631073,74800,74810,10
12.8606796265,80.2264404297,74810,74820,10
12.8607797623,80.2264633179,74820,74830,10
12.8610801697,80.2264404297,74830,74840,10
12.8617897034,80.2264404297,74840,74851,11
12.8627004623,80.2263183594,74851,74861,10
12.8641004562,80.2264328003,74861,74871,10
12.8654298782,80.2265014648,74871,74881,10
12.8668498993,80.2264175415,74881,74891,10
12.8682804108,80.2262878418,74891,74901,10
12.8697299957,80.2264328003,74901,74911,10
12.8711900711,80.2265777588,74911,74921,10
12.8724002838,80.226600647,74921,74931,10
12.8731498718,80.2266235352,74931,74941,10
12.8741397858,80.2266998291,74941,74951,10
12.87541008,80.2268371582,74951,74962,11
12.8766202927,80.226852417,74962,74972,10
12.8776798248,80.2267837524,74972,74982,10
12.8789796829,80.2266769409,74982,74992,10
12.8803796768,80.2266693115,74992,75002,10
12.8817996979,80.2266464233,75002,75012,10
12.8832397461,80.2266235352,75012,75022,10
12.88463974,80.226600647,75022,75032,10
12.8851900101,80.226600647,75032,75042,10
12.8852796555,80.2266311646,75042,75052,10
12.8857402802,80.2267303467,75052,75063,11
12.8865804672,80.2269592285,75063,75073,10
12.8875398636,80.2270965576,75073,75083,10
12.8885698318,80.2272491455,75083,75093,10
12.8887996674,80.2272491455,75093,75103,10
12.8894195557,80.2272567749,75103,75113,10
12.8903303146,80.2272567749,75113,75122,9
12.8913297653,80.2272567749,75122,75133,11
12.8925600052,80.2273178101,75133,75143,10
12.8939504623,80.2274780273,75143,75153,10
12.8952798843,80.2275619507,75153,75163,10
12.8966197968,80.2276229858,75163,75174,11
12.898059845,80.2276763916,75174,75184,10
12.8992300034,80.2277526855,75184,75194,10
12.900759697,80.2278137207,75194,75244,50
12.900759697,80.2278137207,75244,75254,10
12.9009399414,80.2278594971,75254,75264,10
12.9013595581,80.2278823853,75264,75275,11
12.9024600983,80.2279205322,75275,75295,20
12.9024600983,80.2279205322,75295,75305,10
12.902759552,80.2279510498,75305,75315,10
12.9033203125,80.2279281616,75315,75325,10
12.9040403366,80.2280426025,75325,75335,10
12.9050397873,80.2280807495,75335,75344,9
12.9059801102,80.2281265259,75344,75354,10
12.9066801071,80.2281723022,75354,75365,11
12.9068603516,80.2282028198,75365,75376,11
12.9071397781,80.2282180786,75376,75386,10
12.9078598022,80.2283401489,75386,75396,10
12.9088802338,80.2285079956,75396,75406,10
12.9101800919,80.2287216187,75406,75416,10
12.911529541,80.2288894653,75416,75426,10
12.9127502441,80.2290725708,75426,75436,10
12.9137201309,80.2292022705,75436,75446,10
12.9144001007,80.2293167114,75446,75456,10
12.9152698517,80.2294311523,75456,75466,10
12.9165201187,80.2296218872,75466,75476,10
12.9177503586,80.2297821045,75476,75487,11
12.9190502167,80.2299499512,75487,75497,10
12.9194202423,80.2299804688,75497,75507,10
12.919839859,80.2300415039,75507,75517,10
12.9206495285,80.2301635742,75517,75527,10
12.9217100143,80.2303237915,75527,75537,10
12.9229602814,80.2305221558,75537,75547,10
12.9243297577,80.2306976318,75547,75557,10
12.9257097244,80.2308502197,75557,75567,10
12.9268398285,80.2309799194,75567,75577,10
12.9280099869,80.2311172485,75577,75588,11
12.9287996292,80.2312088013,75588,75598,10
12.9289798737,80.2312316895,75598,75608,10
12.9297199249,80.2313690186,75608,75618,10
12.930729866,80.2316513062,75618,75628,10
12.9315900803,80.231918335,75628,75638,10
12.9327001572,80.2322998047,75638,75648,10
12.9334201813,80.2325820923,75648,75658,10
12.9334201813,80.2325897217,75658,75668,10
12.9337396622,80.232749939,75668,75678,10
12.9341802597,80.2329864502,75678,75688,10
12.9350299835,80.2333374023,75688,75699,11
12.9361600876,80.2338790894,75699,75709,10
12.9371404648,80.2343215942,75709,75719,10
12.9382095337,80.2348403931,75719,75729,10
12.9394302368,80.2354431152,75729,75749,20
12.9394302368,80.2354431152,75749,75759,10
12.939740181,80.2356109619,75759,75769,10
12.9402999878,80.2358169556,75769,75779,10
12.9412202835,80.2360916138,75779,75789,10
12.9422397614,80.2363433838,75789,75800,11
12.9431695938,80.2367935181,75800,75810,10
12.9435901642,80.2371826172,75810,75820,10
12.9437398911,80.2373428345,75820,75830,10
12.9441099167,80.23777771,75830,75840,10
12.9446601868,80.2383728027,75840,75850,10
12.945400238,80.2391204834,75850,75860,10
12.9463796616,80.2396011353,75860,75870,10
12.9470396042,80.2398910522,75870,75880,10
12.9476299286,80.2401428223,75880,75890,10
12.9483995438,80.2404632568,75890,75901,11
12.9493904114,80.2408676147,75901,75911,10
12.9503297806,80.2411422729,75911,75921,10
12.9511804581,80.2414169312,75921,75931,10
12.9519996643,80.2416992188,75931,75941,10
12.95291996,80.2420501709,75941,75951,10
12.9539403915,80.2424621582,75951,75961,10
12.9548301697,80.2428131104,75961,75971,10
12.9554004669,80.2430496216,75971,75981,10
12.9563398361,80.2434310913,75981,76001,20
12.9563398361,80.2434310913,76001,76012,11
12.9569396973,80.2436599731,76012,76022,10
12.957690239,80.243927002,76022,76032,10
12.9584999084,80.2442092896,76032,76042,10
12.9588003159,80.2443008423,76042,76052,10
12.9587802887,80.2443084717,76052,76062,10
12.9593000412,80.2445907593,76062,76072,10
12.9600095749,80.2449188232,76072,76082,10
12.9608898163,80.2453308105,76082,76092,10
12.9619598389,80.2458572388,76092,76102,10
12.9633798599,80.2465515137,76102,76143,41
12.9633798599,80.2465515137,76143,76153,10
12.963549614,80.2466278076,76153,76163,10
12.9640197754,80.2468490601,76163,76173,10
12.9647197723,80.2471237183,76173,76183,10
12.9656600952,80.2474365234,76183,76193,10
12.9669399261,80.2479782104,76193,76254,61
12.9669399261,80.2479782104,76254,76264,10
12.9672803879,80.2481994629,76264,76274,10
12.9676399231,80.2483291626,76274,76284,10
12.9683599472,80.2485733032,76284,76294,10
12.9695196152,80.2490921021,76294,76304,10
12.9706096649,80.2495422363,76304,76314,10
12.9717998505,80.2498474121,76314,76325,11
12.9731197357,80.2501983643,76325,76335,10
12.974240303,80.2504501343,76335,76345,10
12.9744701385,80.2505111694,76345,76355,10
12.9749202728,80.2506637573,76355,76365,10
12.9755802155,80.2508392334,76365,76375,10
12.9765396118,80.2510986328,76375,76385,10
12.9774198532,80.2514724731,76385,76395,10
12.9784402847,80.2522735596,76395,76405,10
12.9786596298,80.2523803711,76405,76415,10
12.9790401459,80.2525405884,76415,76426,11
12.979590416,80.2526321411,76426,76436,10
12.980050087,80.2526702881,76436,76446,10
12.9804201126,80.2526779175,76446,76456,10
12.9812097549,80.2526397705,76456,76466,10
12.9822502136,80.2526016235,76466,76476,10
12.9834098816,80.2525024414,76476,76486,10
12.9845199585,80.2522201538,76486,76496,10
12.9856100082,80.2519226074,76496,76506,10
12.9865102768,80.2516784668,76506,76516,10
12.9874000549,80.251411438,76516,76607,91
12.9874000549,80.251411438,76607,76617,10
12.9876403809,80.2513427734,76617,76627,10
12.9879703522,80.2515411377,76627,76638,11
12.9880504608,80.2522277832,76638,76648,10
12.9879598618,80.253112793,76648,76658,10
12.987859726,80.2541732788,76658,76668,10
12.9878396988,80.2548065186,76668,76678,10
12.9878101349,80.2552032471,76678,76688,10
12.9877595901,80.2556228638,76688,76698,10
12.9879798889,80.2557373047,76698,76708,10
12.9885597229,80.255821228,76708,76718,10
12.9886798859,80.2558364868,76718,76728,10
12.9889202118,80.2558898926,76728,76739,11
12.9895601273,80.2559585571,76739,76749,10
12.990240097,80.2559432983,76749,76759,10
12.9909696579,80.2559814453,76759,76769,10
12.9916601181,80.2559432983,76769,76779,10
12.9926300049,80.2559509277,76779,76789,10
12.9936504364,80.2559127808,76789,76799,10
12.9946403503,80.2558670044,76799,76809,10
12.9960803986,80.2558670044,76809,76839,30
12.9960803986,80.2558670044,76839,76850,11
12.9963102341,80.2558364868,76850,76860,10
12.9967699051,80.255821228,76860,76870,10
12.9973096848,80.2558517456,76870,76880,10
12.9978599548,80.2558670044,76880,76890,10
12.9982795715,80.2558822632,76890,76900,10
12.9985303879,80.2559204102,76900,76910,10
12.998749733,80.2559585571,76910,76920,10
12.9989595413,80.2560195923,76920,76930,10
12.9990501404,80.2560501099,76930,76940,10
12.9994802475,80.2561416626,76940,76951,11
13.0001497269,80.2562637329,76951,76961,10
13.0011301041,80.2564163208,76961,77001,40
13.0011301041,80.2564163208,77001,77011,10
13.0012903214,80.2565307617,77011,77021,10
13.0016498566,80.2565765381,77021,77031,10
13.0022001266,80.256652832,77031,77041,10
13.0028495789,80.2567825317,77041,77052,11
13.003660202,80.256942749,77052,77062,10
13.0044498444,80.2570800781,77062,77072,10
13.0052404404,80.2572402954,77072,77082,10
13.005979538,80.2574005127,77082,77092,10
13.0064401627,80.2574234009,77092,77122,30
13.0064401627,80.2574234009,77122,77132,10
13.0065498352,80.2572402954,77132,77142,10
13.006529808,80.2565994263,77142,77152,10
13.0065097809,80.2556533813,77152,77163,11
13.0065002441,80.2548980713,77163,77173,10
13.0064601898,80.2540588379,77173,77183,10
13.0064296722,80.253326416,77183,77193,10
13.0064201355,80.2532196045,77193,77203,10
13.0064401627,80.2529220581,77203,77213,10
13.0064697266,80.2521209717,77213,77253,40
13.0064697266,80.2521209717,77253,77264,11
13.0066003799,80.2516403198,77264,77274,10
13.006649971,80.251121521,77274,77284,10
13.0066995621,80.2502975464,77284,77294,10
13.0066795349,80.2492218018,77294,77303,9
13.0066099167,80.2485961914,77303,77313,10
13.0066099167,80.2485275269,77313,77324,11
13.0066003799,80.2483215332,77324,77334,10
13.0065603256,80.2478790283,77334,77344,10
13.0065603256,80.2473373413,77344,77354,10
13.0065202713,80.2467422485,77354,77364,10
13.006529808,80.2465591431,77364,77375,11
13.0065803528,80.2463226318,77375,77385,10
13.0066003799,80.2456512451,77385,77395,10
13.0066099167,80.2448577881,77395,77405,10
13.0065498352,80.2440795898,77405,77415,10
13.006529808,80.2434310913,77415,77425,10
13.0064897537,80.2426223755,77425,77435,10
13.0064296722,80.2417984009,77435,77444,9
13.0064401627,80.2417221069,77444,77454,10
13.0064897537,80.2413787842,77454,77465,11
13.0065402985,80.2409210205,77465,77476,11
13.0066003799,80.2406387329,77476,77486,10
13.0066604614,80.2403030396,77486,77496,10
13.0067300797,80.2397689819,77496,77506,10
13.0069103241,80.2389526367,77506,77516,10
13.0070495605,80.238243103,77516,77526,10
13.0072202682,80.237487793,77526,77536,10
13.0073003769,80.236869812,77536,77546,10
13.0073699951,80.236656189,77546,77556,10
13.0074300766,80.236541748,77556,77566,10
13.0075597763,80.2361221313,77566,77576,10
13.0076904297,80.2354431152,77576,77587,11
13.0078601837,80.2344970703,77587,77597,10
13.0080900192,80.2334594727,77597,77607,10
13.0082998276,80.2323379517,77607,77617,10
13.008480072,80.2312774658,77617,77627,10
13.0086898804,80.2301330566,77627,77636,9
13.0089197159,80.2291183472,77636,77646,10
13.0091400146,80.2281417847,77646,77657,11
13.0094900131,80.2273025513,77657,77667,10
13.0098400116,80.2265701294,77667,77677,10
13.0101900101,80.2258529663,77677,77688,11
13.0105104446,80.225227356,77688,77698,10
13.010720253,80.2247390747,77698,77708,10
13.0109195709,80.2243118286,77708,77718,10
13.0111303329,80.2238006592,77718,77727,9
13.0112895966,80.2233810425,77727,77738,11
13.0115995407,80.2226333618,77738,77748,10
13.0118303299,80.2218933105,77748,77758,10
13.0122003555,80.2214584351,77758,77768,10
13.0123796463,80.2217712402,77768,77778,10
13.0128898621,80.2223968506,77778,77789,11
13.0135803223,80.2230529785,77789,77799,10
13.0140695572,80.2234420776,77799,77809,10
13.0143003464,80.2238311768,77809,77819,10
13.0146398544,80.224281311,77819,77829,10
13.0151500702,80.2247467041,77829,77839,10
13.0152196884,80.2248077393,77839,77849,10
13.0154800415,80.2250518799,77849,77859,10
13.0158596039,80.2252807617,77859,77869,10
13.0166702271,80.2251815796,77869,77879,10
13.0175104141,80.2248382568,77879,77889,10
13.0184001923,80.2245101929,77889,77900,11
13.0192804337,80.2243499756,77900,77910,10
13.0198497772,80.2245788574,77910,77920,10
13.020359993,80.2249679565,77920,77930,10
13.0209197998,80.2253799438,77930,77940,10
13.0215797424,80.2259063721,77940,77950,10
13.0220298767,80.2262268066,77950,77960,10
13.0220804214,80.2262878418,77960,77970,10
13.0223398209,80.2265396118,77970,77980,10
13.0227804184,80.2269363403,77980,77990,10
13.0233697891,80.2274627686,77990,78001,11
13.0239200592,80.2280578613,78001,78011,10
13.024430275,80.2286605835,78011,78021,10
13.0249004364,80.2293624878,78021,78031,10
13.0255002975,80.230140686,78031,78041,10
13.025759697,80.230796814,78041,78051,10
13.0261497498,80.2313232422,78051,78061,10
13.0266895294,80.2311325073,78061,78071,10
13.0273799896,80.2309494019,78071,78081,10
13.0280799866,80.2307891846,78081,78091,10
13.0284996033,80.2308502197,78091,78101,10
13.0286598206,80.2308578491,78101,78112,11
13.0291700363,80.2307815552,78112,78122,10
13.0296201706,80.2306976318,78122,78132,10
13.0302801132,80.2306594849,78132,78142,10
13.0309400558,80.2306137085,78142,78152,10
13.0316400528,80.230506897,78152,78162,10
13.0324602127,80.2304534912,78162,78172,10
13.0338602066,80.2304000854,78172,78192,20
13.0338602066,80.2304000854,78192,78202,10
13.034070015,80.2304000854,78202,78253,51
13.034070015,80.2304000854,78253,78263,10
13.0342903137,80.2303466797,78263,78273,10
13.034819603,80.2302017212,78273,78283,10
13.0350399017,80.2299575806,78283,78293,10
13.0349998474,80.2297897339,78293,78303,10
13.0347795486,80.2297668457,78303,78314,11
13.0343799591,80.2297286987,78314,78475,161
13.0343799591,80.2297286987,78475,78485,10
13.0341501236,80.2300109863,78485,78727,242
13.0341300964,80.2303771973,78727,78768,41
13.0341300964,80.2303771973,78768,78778,10
13.0336399078,80.2304534912,78778,78788,10
13.0333595276,80.23046875,78788,78798,10
13.0330600739,80.2304763794,78798,78808,10
13.0325698853,80.2304763794,78808,78818,10
13.0322704315,80.2304992676,78818,78828,10
13.0317201614,80.2305831909,78828,78839,11
13.031080246,80.2306213379,78839,78849,10
13.0305099487,80.2306594849,78849,78859,10
13.0300102234,80.2307281494,78859,78869,10
13.029800415,80.2307815552,78869,78879,10
13.0296201706,80.2308425903,78879,78889,10
13.0293102264,80.2308502197,78889,78899,10
13.0289402008,80.2308807373,78899,78909,10
13.0285396576,80.2309188843,78909,78919,10
13.0281200409,80.23097229,78919,78929,10
13.027879715,80.2311172485,78929,78939,10
13.0278196335,80.2314834595,78939,78950,11
13.0278196335,80.2319488525,78950,78960,10
13.0278902054,80.2325515747,78960,78976,16
13.027009964,80.2328720093,78976,78998,22
13.027009964,80.2328720093,78998,79008,10
13.0267095566,80.2329406738,79008,79069,61
13.0267095566,80.2329406738,79069,79079,10
13.0262804031,80.2328567505,79079,79089,10
13.026140213,80.2323913574,79089,79099,10
13.0259304047,80.2316436768,79099,79109,10
13.0257997513,80.2309494019,79109,79119,10
13.0255699158,80.2304534912,79119,79129,10
13.0251502991,80.2297821045,79129,79160,31
13.0251502991,80.2297821045,79160,79170,10
13.0250797272,80.2296829224,79170,79180,10
13.0248603821,80.2293930054,79180,79190,10
13.0244998932,80.2288894653,79190,79200,10
13.0241603851,80.2284469604,79200,79210,10
13.0238599777,80.2280731201,79210,79220,10
13.0233001709,80.2274780273,79220,79261,41
13.0233001709,80.2274780273,79261,79271,10
13.0229597092,80.2270736694,79271,79281,10
13.0225400925,80.2267227173,79281,79291,10
13.0220603943,80.2263412476,79291,79301,10
13.0214996338,80.2258911133,79301,79311,10
13.0208902359,80.225402832,79311,79321,10
13.0202302933,80.2249832153,79321,79331,10
13.0195398331,80.2245407104,79331,79341,10
13.0187397003,80.2243804932,79341,79351,10
13.0178899765,80.224822998,79351,79362,11
13.016960144,80.2252197266,79362,79372,10
13.016289711,80.2255020142,79372,79382,10
13.0158004761,80.2256622314,79382,79392,10
13.0152301788,80.2258682251,79392,79402,10
13.0143499374,80.2261886597,79402,79422,20
13.0143499374,80.2261886597,79422,79432,10
13.0142803192,80.2262420654,79432,79442,10
13.0139703751,80.2263565063,79442,79452,10
13.013420105,80.2265701294,79452,79462,10
13.0128602982,80.2267913818,79462,79473,11
13.0122804642,80.2270126343,79473,79483,10
13.0116796494,80.2272567749,79483,79493,10
13.0110197067,80.2275466919,79493,79503,10
13.0103197098,80.2278518677,79503,79513,10
13.0096302032,80.2281417847,79513,79523,10
13.00922966,80.2286300659,79523,79533,10
13.0090799332,80.2292404175,79533,79543,10
13.0089101791,80.2298812866,79543,79553,10
13.0087604523,80.2305221558,79553,79563,10
13.0087099075,80.231010437,79563,79574,11
13.0084600449,80.2323532104,79574,79584,10
13.0082798004,80.2332687378,79584,79594,10
13.0082597733,80.2333679199,79594,79604,10
13.0082197189,80.2334976196,79604,79614,10
13.0081396103,80.2337875366,79614,79624,10
13.0080604553,80.2342605591,79624,79634,10
13.007900238,80.2348403931,79634,79644,10
13.0077600479,80.2357025146,79644,79654,10
13.0075101852,80.2368621826,79654,79664,10
13.0072898865,80.2380371094,79664,79674,10
13.0070295334,80.2390365601,79674,79685,11
13.0068798065,80.239982605,79685,79705,20
13.0068798065,80.239982605,79705,79715,10
13.0069198608,80.2401504517,79715,79725,10
13.0068397522,80.2406921387,79725,79745,20
13.0068397522,80.2406921387,79745,79755,10
13.0067796707,80.2410430908,79755,79765,10
13.0067300797,80.2415390015,79765,79775,10
13.0067195892,80.2422485352,79775,79786,11
13.0066699982,80.2430496216,79786,79796,10
13.0067396164,80.243637085,79796,79806,10
13.0066404343,80.2448120117,79806,79816,10
13.006649971,80.2456436157,79816,79826,10
13.0066900253,80.2464675903,79826,79836,10
13.0066900253,80.247253418,79836,79846,10
13.0066604614,80.2476730347,79846,79856,10
13.0066795349,80.2484207153,79856,79866,10
13.0068302155,80.2496337891,79866,79886,20
13.0068302155,80.2496337891,79886,79897,11
13.0068798065,80.2497406006,79897,79907,10
13.006819725,80.2501525879,79907,79917,10
13.0068101883,80.2507400513,79917,79927,10
13.0067901611,80.2513275146,79927,79937,10
13.0066299438,80.2521820068,79937,79947,10
13.0065603256,80.2532272339,79947,79957,10
13.0065402985,80.2542190552,79957,79967,10
13.0066099167,80.2551803589,79967,79987,20
13.0066099167,80.2551803589,79987,79998,11
13.0066404343,80.2557220459,79998,80008,10
13.0066099167,80.2563171387,80008,80018,10
13.0066099167,80.2570114136,80018,80028,10
13.0066604614,80.2573394775,80028,80038,10
13.006360054,80.2574996948,80038,80048,10
13.0057697296,80.2573623657,80048,80058,10
13.0051498413,80.257270813,80058,80068,10
13.0044002533,80.2570800781,80068,80078,10
13.0036201477,80.2568969727,80078,80088,10
13.0028800964,80.2567520142,80088,80098,10
13.0022497177,80.2566223145,80098,80109,11
13.001449585,80.256477356,80109,80119,10
13.0007200241,80.2563705444,80119,80129,10
13.0002298355,80.2561416626,80129,80139,10
13.0001497269,80.2561569214,80139,80149,10
12.9997396469,80.2562103271,80149,80159,10
12.9993696213,80.256111145,80159,80169,10
12.9988098145,80.2560272217,80169,80179,10
12.9984798431,80.2559661865,80179,80210,31
12.9981403351,80.2559661865,80210,80240,30
12.9977502823,80.2559585571,80240,80260,20
12.9977502823,80.2559585571,80260,80270,10
12.9974002838,80.2559204102,80270,80280,10
12.9970397949,80.2558364868,80280,80290,10
12.9965496063,80.2557983398,80290,80311,21
12.9965496063,80.2557983398,80311,80321,10
12.9960699081,80.2557983398,80321,80331,10
12.99559021,80.2557907104,80331,80341,10
12.9949598312,80.2557678223,80341,80351,10
12.9942703247,80.255821228,80351,80361,10
12.9934597015,80.2558670044,80361,80371,10
12.9925699234,80.2558898926,80371,80381,10
12.9914598465,80.255897522,80381,80391,10
12.9903697968,80.2559509277,80391,80401,10
12.9894199371,80.2559280396,80401,80412,11
12.9884300232,80.2558288574,80412,80422,10
12.9878196716,80.2557907104,80422,80432,10
12.9876298904,80.2557830811,80432,80442,10
12.9873104095,80.2556381226,80442,80452,10
12.9866800308,80.2555389404,80452,80462,10
12.9861097336,80.2554397583,80462,80481,19
12.9861097336,80.2554397583,80481,80492,11
12.9856901169,80.255317688,80492,80502,10
12.9851703644,80.2552032471,80502,80512,10
12.9847698212,80.2548675537,80512,80523,11
12.9834403992,80.254737854,80523,80533,10
12.982919693,80.2544784546,80533,80543,10
12.9822902679,80.2541503906,80543,80553,10
12.9819402695,80.2535629272,80553,80563,10
12.9817304611,80.2529602051,80563,80573,10
12.9813203812,80.2527618408,80573,80583,10
12.9806995392,80.2527389526,80583,80593,10
12.9799499512,80.2526931763,80593,80602,9
12.9791202545,80.2526321411,80602,80612,10
12.9784498215,80.252456665,80612,80624,12
12.9780597687,80.2521820068,80624,80634,10
12.9778995514,80.2520523071,80634,80644,10
12.9774703979,80.251663208,80644,80654,10
12.9768199921,80.2513580322,80654,80664,10
12.9758396149,80.251121521,80664,80674,10
12.9748401642,80.250793457,80674,80684,10
12.9736003876,80.2504806519,80684,80694,10
12.9724197388,80.2501602173,80694,80704,10
12.9711799622,80.249786377,80704,80714,10
12.9699697495,80.2493667603,80714,80724,10
12.9688301086,80.2488632202,80724,80735,11
12.9674596786,80.2483596802,80735,80745,10
12.9662599564,80.2477874756,80745,80755,10
12.9648895264,80.2472763062,80755,80775,20
12.9648895264,80.2472763062,80775,80785,10
12.9646396637,80.2471694946,80785,80795,10
12.9642601013,80.2470092773,80795,80805,10
12.9636297226,80.2467727661,80805,80815,10
12.9629096985,80.2463912964,80815,80825,10
12.9619598389,80.2459487915,80825,80836,11
12.9608201981,80.245262146,80836,80846,10
12.9598798752,80.244468689,80846,80856,10
12.9592199326,80.2448425293,80856,80866,10
12.9592199326,80.2447509766,80866,80876,10
12.9590997696,80.2446670532,80876,80886,10
12.9586801529,80.244468689,80886,80896,10
12.9581003189,80.2442474365,80896,80906,10
12.9576101303,80.2440185547,80906,80916,10
12.956990242,80.2438278198,80916,80926,10
12.956410408,80.243637085,80926,80937,11
12.9563798904,80.2436294556,80937,80947,10
12.956029892,80.243522644,80947,80957,10
12.9554395676,80.2432022095,80957,80967,10
12.9547100067,80.2428512573,80967,80977,10
12.9538202286,80.24243927,80977,80987,10
12.9527597427,80.2420120239,80987,80997,10
12.951499939,80.241569519,80997,81016,19
12.951499939,80.241569519,81016,81027,11
12.9510602951,80.2413635254,81027,81037,10
12.9504995346,80.2412185669,81037,81048,11
12.9497003555,80.2409973145,81048,81058,10
12.9490098953,80.2407989502,81058,81068,10
12.948800087,80.2407073975,81068,81078,10
12.9483098984,80.2405014038,81078,81088,10
12.9476203918,80.2402114868,81088,81098,10
12.9470396042,80.2399673462,81098,81128,30
12.9470396042,80.2399673462,81128,81138,10
12.9469003677,80.2399597168,81138,81149,11
12.9463996887,80.2396469116,81149,81159,10
12.9454202652,80.2392501831,81159,81169,10
12.9446897507,80.2386398315,81169,81179,10
12.9439601898,80.2378234863,81179,81189,10
12.9431200027,80.2369232178,81189,81199,10
12.9419498444,80.236328125,81199,81209,10
12.9406604767,80.236038208,81209,81219,10
12.9397602081,80.2357406616,81219,81229,10
12.9397296906,80.2356872559,81229,81239,10
12.9395399094,80.2356109619,81239,81250,11
12.9390802383,80.2354812622,81250,81260,10
12.9382801056,80.2350082397,81260,81270,10
12.937379837,80.2345581055,81270,81280,10
12.936340332,80.2340621948,81280,81290,10
12.9352502823,80.2335586548,81290,81300,10
12.9335699081,80.2328186035,81300,81330,30
12.9335699081,80.2328186035,81330,81340,10
12.9333200455,80.2327270508,81340,81350,10
12.9329595566,80.2326583862,81350,81361,11
12.9322395325,80.2323303223,81361,81371,10
12.9312095642,80.2320098877,81371,81381,10
12.9299898148,80.2316207886,81381,81391,10
12.928560257,80.2313537598,81391,81401,10
12.927189827,80.2311477661,81401,81411,10
12.9260997772,80.2310180664,81411,81421,10
12.9249601364,80.2308807373,81421,81431,10
12.923740387,80.23072052,81431,81441,10
12.9224500656,80.2305221558,81441,81451,10
12.9211301804,80.2303390503,81451,81462,11
12.9198198318,80.2303009033,81462,81472,10
12.9191799164,80.2302093506,81472,81482,10
12.9190998077,80.2301177979,81482,81492,10
12.918680191,80.2300415039,81492,81502,10
12.918009758,80.2299423218,81502,81512,10
12.9171199799,80.2298431396,81512,81522,10
12.916009903,80.2296829224,81522,81532,10
12.9147500992,80.2294998169,81532,81542,10
12.9136600494,80.229347229,81542,81552,10
12.9133396149,80.2293167114,81552,81569,17
12.9131803513,80.229309082,81569,81581,12
12.9125699997,80.2292175293,81581,81591,10
12.9117803574,80.2291107178,81591,81601,10
12.910779953,80.2289581299,81601,81611,10
12.9095897675,80.2287597656,81611,81621,10
12.9083404541,80.2285614014,81621,81631,10
12.9072599411,80.2284011841,81631,81641,10
12.9064903259,80.2283401489,81641,81651,10
12.9062795639,80.2283172607,81651,81661,10
12.9060602188,80.228302002,81661,81672,11
12.9054203033,80.2282562256,81672,81682,10
12.9045801163,80.2282028198,81682,81692,10
12.9035596848,80.2281265259,81692,81702,10
12.9022397995,80.2281036377,81702,81712,10
12.9010095596,80.2280197144,81712,81722,10
12.8999795914,80.2279205322,81722,81732,10
12.8992595673,80.2279205322,81732,81752,20
12.8992595673,80.2279205322,81752,81762,10
12.8990297318,80.2279281616,81762,81773,11
12.898730278,80.2279586792,81773,81783,10
12.8984699249,80.2279205322,81783,81793,10
12.8978595734,80.2278594971,81793,81803,10
12.8970098495,80.2277984619,81803,81813,10
12.8959798813,80.2277374268,81813,81823,10
12.8948402405,80.2276916504,81823,81833,10
12.8937196732,80.2276229858,81833,81843,10
12.8926095963,80.2274932861,81843,81853,10
12.8914403915,80.2274169922,81853,81863,10
12.8901395798,80.2274169922,81863,81873,10
12.8889799118,80.227432251,81873,81884,11
12.8883600235,80.2274169922,81884,81894,10
12.8882799149,80.2274093628,81894,81904,10
12.887840271,80.2273483276,81904,81914,10
12.8870801926,80.2272415161,81914,81924,10
12.8861303329,80.2270202637,81924,81934,10
12.8851804733,80.2267990112,81934,81944,10
12.8847999573,80.2266998291,81944,81954,10
12.8843603134,80.2265319824,81954,81964,10
12.8840503693,80.2267913818,81964,81974,10
12.883649826,80.2267684937,81974,81985,11
12.8825397491,80.2267608643,81985,82001,16
12.8805303574,80.2267608643,82001,82013,12
12.8788795471,80.2268218994,82013,82023,10
12.8775596619,80.2269134521,82023,82033,10
12.8765602112,80.2270584106,82033,82052,19
12.8765602112,80.2270584106,82052,82063,11
12.8761501312,80.2270126343,82063,82073,10
12.8753595352,80.2269592285,82073,82083,10
12.8743400574,80.2268371582,82083,82094,11
12.8732099533,80.2267379761,82094,82104,10
12.8728599548,80.2267303467,82104,82114,10
12.8725004196,80.2266921997,82114,82123,9
12.8718395233,80.2266693115,82123,82134,11
12.8708600998,80.2266387939,82134,82144,10
12.8695297241,80.2265090942,82144,82154,10
12.8681898117,80.2264099121,82154,82164,10
12.8668003082,80.2265396118,82164,82174,10
12.8654098511,80.2266082764,82174,82184,10
12.86398983,80.226600647,82184,82195,11
12.8625202179,80.2265777588,82195,82205,10
12.8613996506,80.2266387939,82205,82215,10
12.8609104156,80.2266235352,82215,82225,10
12.8605098724,80.2265777588,82225,82235,10
12.8598003387,80.2264709473,82235,82245,10
12.8589601517,80.2263412476,82245,82255,10
12.8584499359,80.2262802124,82255,82265,10
12.8576698303,80.2262802124,82265,82275,10
12.8566303253,80.2263565063,82275,82285,10
12.8554096222,80.2264862061,82285,82295,10
12.854060173,80.2266616821,82295,82306,11
12.8524999619,80.2267227173,82306,82316,10
12.8510704041,80.2266464233,82316,82326,10
12.8502397537,80.2266235352,82326,82336,10
12.8499403,80.2266387939,82336,82346,10
12.8496599197,80.2266235352,82346,82356,10
12.8490104675,80.2266235352,82356,82366,10
12.8480501175,80.2266235352,82366,82376,10
12.8468198776,80.2266616821,82376,82386,10
12.8456897736,80.2266464233,82386,82403,17
12.8453598022,80.2266693115,82403,82415,12
12.8450698853,80.2265625,82415,82425,10
12.8443098068,80.2266998291,82425,82435,10
12.8432598114,80.226852417,82435,82445,10
12.8421497345,80.2270812988,82445,82455,10
12.8407001495,80.2274169922,82455,82465,10
12.8398704529,80.2276306152,82465,82475,10
12.8395004272,80.2277374268,82475,82485,10
12.8389501572,80.227897644,82485,82495,10
12.838139534,80.2281112671,82495,82505,10
12.8370304108,80.2283401489,82505,82516,11
12.8355903625,80.2285690308,82516,82526,10
12.8342103958,80.2287902832,82526,82536,10
12.8329696655,80.2290115356,82536,82546,10
12.8322401047,80.2291412354,82546,82556,10
12.8321304321,80.2291793823,82556,82566,10
12.8316898346,80.229309082,82566,82576,10
12.8308801651,80.2295608521,82576,82586,10
12.8296604156,80.2299728394,82586,82596,10
12.8284301758,80.2305297852,82596,82606,10
12.8272104263,80.2312011719,82606,82617,11
12.8260202408,80.2314529419,82617,82627,10
12.8256902695,80.2314529419,82627,82637,10
12.8250598907,80.2314376831,82637,82647,10
12.8241596222,80.2312927246,82647,82657,10
12.8229999542,80.2309417725,82657,82667,10
12.82172966,80.2305603027,82667,82677,10
12.8203601837,80.230506897,82677,82687,10
12.8189697266,80.230506897,82687,82697,10
12.8176698685,80.2299575806,82697,82707,10
12.8162698746,80.2295379639,82707,82717,10
12.8148202896,80.2292785645,82717,82728,11
12.8132696152,80.2288970947,82728,82738,10
12.8118801117,80.2284088135,82738,82748,10
12.810500145,80.2278823853,82748,82758,10
12.8091802597,80.2272567749,82758,82768,10
12.8080501556,80.226348877,82768,82778,10
12.8070697784,80.2255172729,82778,82788,10
12.8062696457,80.2247924805,82788,82798,10
12.805439949,80.2241516113,82798,82808,10
12.8049201965,80.224029541,82808,82818,10
12.8047704697,80.2239685059,82818,82829,11
12.8041801453,80.2239227295,82829,82839,10
12.8032503128,80.2238388062,82839,82849,10
12.8021297455,80.2236862183,82849,82859,10
12.800860405,80.2235565186,82859,82869,10
12.7995500565,80.2234573364,82869,82879,10
12.7981901169,80.2233505249,82879,82889,10
12.7967700958,80.2231216431,82889,82899,10
12.7958297729,80.2229690552,82899,82909,10
12.7956695557,80.2229614258,82909,82919,10
12.7955598831,80.2229537964,82919,82930,11
12.795009613,80.2228393555,82930,82940,10
12.7941503525,80.2226791382,82940,82950,10
12.7930402756,80.2225189209,82950,82960,10
12.7917995453,80.2222595215,82960,82970,10
12.7904396057,80.2219085693,82970,82980,10
12.7891998291,80.2215118408,82980,82990,10
12.7881097794,80.2210922241,82990,83000,10
12.787320137,80.2208023071,83000,83010,10
12.7862195969,80.2203216553,83010,83051,41
12.7862195969,80.2203216553,83051,83061,10
12.7861099243,80.2204666138,83061,83071,10
12.7861604691,80.2207565308,83071,83081,10
12.7861995697,80.2211532593,83081,83091,10
12.7862100601,80.2216186523,83091,83101,10
12.7863197327,80.2219161987,83101,83808,707
12.7864398956,80.2219467163,83808,84060,252
12.786450386,80.2219924927,84060,85676,1616
12.786450386,80.2219619751,85676,85908,232
