13.0262298584,80.2661972046,18,7007,6989
13.0262899399,80.2663116455,7007,7361,354
13.0262899399,80.2663116455,7361,7371,10
13.0262899399,80.2661590576,7371,9533,2162
13.0263900757,80.2660827637,9533,9907,374
13.026260376,80.2662124634,9907,16613,6706
13.0262203217,80.2662963867,16613,17764,1151
13.0262203217,80.2662963867,17764,17774,10
13.0262203217,80.2664031982,17774,17916,142
13.0262203217,80.2664031982,17916,17926,10
13.0261898041,80.2660675049,17926,17936,10
13.026260376,80.2659988403,17936,17946,10
13.0263395309,80.2656707764,17946,17956,10
13.0263700485,80.2653121948,17956,17966,10
13.0264396667,80.2648468018,17966,17976,10
13.0265102386,80.2642669678,17976,17986,10
13.0265798569,80.263671875,17986,17997,11
13.0268297195,80.263420105,17997,18007,10
13.0273103714,80.2634887695,18007,18017,10
13.027759552,80.263633728,18017,18027,10
13.0283403397,80.2637786865,18027,18037,10
13.0289001465,80.263923645,18037,18047,10
13.0293102264,80.2640991211,18047,18057,10
13.0293302536,80.2644500732,18057,18067,10
13.0293197632,80.2648773193,18067,18077,10
13.0292797089,80.26537323,18077,18087,10
13.0292396545,80.2659988403,18087,18098,11
13.0292596817,80.2665100098,18098,18108,10
13.0296497345,80.2666015625,18108,18118,10
13.0301599503,80.2666625977,18118,18128,10
13.0307197571,80.2667617798,18128,18138,10
13.0312700272,80.2668991089,18138,18148,10
13.0318098068,80.2671203613,18148,18158,10
13.0322399139,80.2673416138,18158,18168,10
13.0326299667,80.2675628662,18168,18178,10
13.0331096649,80.2677612305,18178,18188,10
13.0336799622,80.2678833008,18188,18199,11
13.0342702866,80.2679977417,18199,18209,10
13.0345602036,80.2679977417,18209,18219,10
13.034620285,80.2681427002,18219,18229,10
13.0344200134,80.2680892944,18229,18239,10
13.0340795517,80.2679824829,18239,18249,10
13.0334396362,80.2678833008,18249,18269,20
13.0334396362,80.2678833008,18269,18279,10
13.0331897736,80.2678222656,18279,18289,10
13.032790184,80.2677230835,18289,18300,11
13.0324296951,80.2674179077,18300,18310,10
13.0319700241,80.2672119141,18310,18320,10
13.0314302444,80.2669830322,18320,18330,10
13.0308799744,80.2668304443,18330,18340,10
13.0303401947,80.2667388916,18340,18350,10
13.0298299789,80.2666625977,18350,18360,10
13.0297603607,80.2666625977,18360,18370,10
13.0295801163,80.2666320801,18370,18380,10
13.0292301178,80.2665328979,18380,18390,10
13.0288295746,80.2663726807,18390,18401,11
13.028260231,80.2662811279,18401,18411,10
13.0276699066,80.2661972046,18411,18421,10
13.0270996094,80.2661209106,18421,18431,10
13.0265798569,80.2660293579,18431,18441,10
13.0264701843,80.2659988403,18441,18451,10
13.0262203217,80.2659378052,18451,18461,10
13.0261096954,80.26587677,18461,18471,10
13.0257797241,80.2656936646,18471,18481,10
13.0252399445,80.2653503418,18481,18502,21
13.0252399445,80.2653503418,18502,18512,10
13.0250597,80.2651901245,18512,18522,10
13.024720192,80.2649307251,18522,18532,10
13.0242300034,80.2645721436,18532,18542,10
13.0236597061,80.264251709,18542,18552,10
13.0230903625,80.2639389038,18552,18562,10
13.0221700668,80.2634811401,18562,18582,20
13.0221700668,80.2634811401,18582,18592,10
13.02202034,80.263381958,18592,18603,11
13.0217103958,80.2632293701,18603,18613,10
13.0211601257,80.2630615234,18613,18623,10
13.0205097198,80.2630233765,18623,18633,10
13.0198802948,80.2629776001,18633,18643,10
13.0192604065,80.2629165649,18643,18653,10
13.0189304352,80.2627182007,18653,18663,10
13.0188503265,80.2621231079,18663,18673,10
13.0187597275,80.2615127563,18673,18683,10
13.0183401108,80.2610778809,18683,18693,10
13.0177698135,80.2606964111,18693,18704,11
13.0170602798,80.2602310181,18704,18714,10
13.0163898468,80.2598266602,18714,18724,10
13.016119957,80.2597198486,18724,18734,10
13.0160999298,80.2596969604,18734,18744,10
13.0158100128,80.2595672607,18744,18754,10
13.0153598785,80.2594223022,18754,18764,10
13.0147895813,80.2593307495,18764,18774,10
13.0142002106,80.2593002319,18774,18784,10
13.0135002136,80.2592697144,18784,18794,10
13.0127000809,80.2592391968,18794,18805,11
13.0118598938,80.2592086792,18805,18815,10
13.0110998154,80.2592010498,18815,18825,10
13.0102996826,80.2592391968,18825,18835,10
13.0094900131,80.2592163086,18835,18845,10
13.0088996887,80.2592010498,18845,18855,10
13.0086202621,80.2592010498,18855,18865,10
13.008190155,80.2592086792,18865,18875,10
13.0076599121,80.2593917847,18875,18885,10
13.0072803497,80.258972168,18885,18895,10
13.0070400238,80.2583999634,18895,18906,11
13.0067501068,80.2579193115,18906,18916,10
13.0065698624,80.2576522827,18916,18926,10
13.0065498352,80.2575836182,18926,18936,10
13.0064897537,80.2572631836,18936,18946,10
13.006480217,80.2567901611,18946,18956,10
13.0064897537,80.256149292,18956,18966,10
13.0064897537,80.2554168701,18966,18976,10
13.0065202713,80.2546386719,18976,18986,10
13.0065002441,80.2538604736,18986,18996,10
13.0065002441,80.2532806396,18996,19007,11
13.0065202713,80.2532119751,19007,19017,10
13.006529808,80.2528915405,19017,19027,10
13.0065803528,80.2523498535,19027,19037,10
13.0067100525,80.251701355,19037,19047,10
13.0067796707,80.2509384155,19047,19057,10
13.0067396164,80.2496032715,19057,19077,20
13.0067396164,80.2496032715,19077,19087,10
13.0067501068,80.2494125366,19087,19097,10
13.0067300797,80.2489776611,19097,19108,11
13.0066795349,80.2483520508,19108,19118,10
13.0066404343,80.2477416992,19118,19128,10
13.0066404343,80.247467041,19128,19138,10
13.006649971,80.2472915649,19138,19148,10
13.0066299438,80.2468032837,19148,19158,10
13.0066003799,80.2465591431,19158,19168,10
13.0066604614,80.2463302612,19168,19178,10
13.006649971,80.2458114624,19178,19188,10
13.0066404343,80.2451477051,19188,19198,10
13.006649971,80.2444000244,19198,19209,11
13.0066404343,80.2435684204,19209,19219,10
13.0066003799,80.2428131104,19219,19229,10
13.0065698624,80.2419128418,19229,19239,10
13.0066604614,80.2410202026,19239,19249,10
13.0068397522,80.2402191162,19249,19259,10
13.0069904327,80.2394180298,19259,19269,10
13.0071401596,80.2385406494,19269,19279,10
13.0073204041,80.2376708984,19279,19289,10
13.0074195862,80.2369003296,19289,19299,10
13.0074300766,80.2368011475,19299,19310,11
13.0075302124,80.2365036011,19310,19320,10
13.0076398849,80.236038208,19320,19330,10
13.0077800751,80.2354431152,19330,19340,10
13.007900238,80.2347869873,19340,19350,10
13.0080299377,80.234161377,19350,19360,10
13.0082101822,80.2332382202,19360,19370,10
13.0083799362,80.2323608398,19370,19380,10
13.0085601807,80.2314376831,19380,19390,10
13.0087299347,80.2305374146,19390,19401,11
13.0089101791,80.229598999,19401,19411,10
13.0091199875,80.228553772,19411,19421,10
13.0094404221,80.2276535034,19421,19431,10
13.0098400116,80.2267684937,19431,19441,10
13.0101995468,80.226020813,19441,19451,10
13.0105495453,80.2253112793,19451,19461,10
13.0108995438,80.2245407104,19461,19471,10
13.0112400055,80.2237091064,19471,19481,10
13.0115499496,80.2229614258,19481,19491,10
13.0118598938,80.2220916748,19491,19501,10
13.0121097565,80.2214813232,19501,19512,11
13.0124397278,80.2215270996,19512,19522,10
13.0127296448,80.2219619751,19522,19532,10
13.0131702423,80.2225418091,19532,19542,10
13.0136604309,80.2230987549,19542,19552,10
13.0140600204,80.2235717773,19552,19562,10
13.0143995285,80.224029541,19562,19572,10
13.0148200989,80.2244186401,19572,19582,10
13.0151796341,80.2247467041,19582,19602,20
13.0151796341,80.2247467041,19602,19613,11
13.0153102875,80.2248535156,19613,19623,10
13.0154800415,80.2249679565,19623,19633,10
13.015540123,80.2249526978,19633,19643,10
13.0158500671,80.225189209,19643,19653,10
13.0163402557,80.2253036499,19653,19663,10
13.0169095993,80.2251815796,19663,19673,10
13.0176200867,80.2248916626,19673,19683,10
13.0184297562,80.2245483398,19683,19693,10
13.0192499161,80.2243423462,19693,19703,10
13.0199098587,80.2245864868,19703,19714,11
13.0204200745,80.2249832153,19714,19724,10
13.0209903717,80.2253875732,19724,19734,10
13.0215597153,80.2258224487,19734,19744,10
13.0220003128,80.2261505127,19744,19754,10
13.0220003128,80.2261581421,19754,19764,10
13.0222597122,80.2264022827,19764,19775,11
13.0227298737,80.2268371582,19775,19784,9
13.0231895447,80.2272567749,19784,19795,11
13.0238103867,80.2278366089,19795,19805,10
13.0243301392,80.2284164429,19805,19816,11
13.0247898102,80.2290802002,19816,19826,10
13.0252399445,80.2296600342,19826,19836,10
13.0256700516,80.2302780151,19836,19846,10
13.0259799957,80.2309570313,19846,19856,10
13.0262002945,80.2313766479,19856,19866,10
13.0267095566,80.2312316895,19866,19876,10
13.0273303986,80.2310562134,19876,19886,10
13.0279598236,80.2309570313,19886,19896,10
13.028670311,80.2308731079,19896,19906,10
13.0293502808,80.2308197021,19906,19917,11
13.0298299789,80.2307662964,19917,19927,10
13.0304803848,80.23072052,19927,19937,10
13.0309801102,80.230682373,19937,19947,10
13.0316200256,80.2306213379,19947,19957,10
13.0323200226,80.2305603027,19957,19967,10
13.0330400467,80.230506897,19967,19977,10
13.0336503983,80.2304763794,19977,19987,10
13.0339603424,80.2304534912,19987,19997,10
13.0342998505,80.2304000854,19997,20007,10
13.034330368,80.2304000854,20007,20018,11
13.0346603394,80.2303314209,20018,20028,10
13.0350399017,80.230178833,20028,20038,10
13.034910202,80.2303314209,20038,20078,40
13.034910202,80.2303314209,20078,20088,10
13.0346097946,80.2303619385,20088,20098,10
13.0343399048,80.23046875,20098,21664,1566
13.0343399048,80.23046875,21664,21674,10
13.0339403152,80.2304611206,21674,21694,20
13.0339403152,80.2304611206,21694,21704,10
13.0337896347,80.2304229736,21704,21714,10
13.0335798264,80.2304382324,21714,21724,10
13.0333099365,80.2304763794,21724,21735,11
13.032959938,80.2304992676,21735,21745,10
13.0325498581,80.2305374146,21745,21755,10
13.0320796967,80.2305908203,21755,21765,10
13.031539917,80.2306594849,21765,21775,10
13.030960083,80.2307128906,21775,21785,10
13.0305404663,80.2307510376,21785,21795,10
13.0300397873,80.2308120728,21795,21805,10
13.0298299789,80.2308425903,21805,21815,10
13.0296401978,80.2308578491,21815,21825,10
13.0292100906,80.2308883667,21825,21836,11
13.0285797119,80.2309494019,21836,21846,10
13.0280504227,80.231010437,21846,21856,10
13.027680397,80.2311172485,21856,21866,10
13.0277204514,80.2315216064,21866,21876,10
13.0277795792,80.2319717407,21876,21886,10
13.0278596878,80.2324371338,21886,21896,10
13.0278196335,80.2328414917,21896,21906,10
13.0273599625,80.2329177856,21906,21916,10
13.0268602371,80.2329864502,21916,21957,41
13.0268602371,80.2329864502,21957,21967,10
13.0265598297,80.233001709,21967,21977,10
13.0263204575,80.2328109741,21977,21987,10
13.0261697769,80.2323226929,21987,21997,10
13.0260000229,80.2316970825,21997,22007,10
13.0258102417,80.2310180664,22007,22017,10
13.0255002975,80.2302932739,22017,22027,10
13.0250501633,80.229637146,22027,22038,11
13.0246095657,80.2290725708,22038,22048,10
13.0242900848,80.2286605835,22048,22058,10
13.0240802765,80.2284317017,22058,22068,10
13.0240097046,80.2283401489,22068,22078,10
13.0238599777,80.2281112671,22078,22088,10
13.0235795975,80.2278213501,22088,22098,10
13.0232000351,80.2274475098,22098,22108,10
13.0231304169,80.2273712158,22108,22118,10
13.0229196548,80.2271575928,22118,22128,10
13.0225601196,80.2268218994,22128,22139,11
13.0220003128,80.2263031006,22139,22149,10
13.0214195251,80.2258682251,22149,22159,10
13.0208101273,80.225402832,22159,22169,10
13.0201196671,80.2249526978,22169,22179,10
13.0198202133,80.2247467041,22179,22189,10
13.0193996429,80.2245407104,22189,22199,10
13.0187397003,80.2245178223,22199,22209,10
13.0180301666,80.2248001099,22209,22219,10
13.0172796249,80.225112915,22219,22229,10
13.0165901184,80.2253875732,22229,22240,11
13.0160102844,80.2256088257,22240,22250,10
13.0153999329,80.2258300781,22250,22260,10
13.0143098831,80.2262802124,22260,22280,20
13.0143098831,80.2262802124,22280,22290,10
13.0141296387,80.226348877,22290,22300,10
13.0136804581,80.2265167236,22300,22310,10
13.0130796432,80.2267608643,22310,22320,10
13.0123701096,80.2270202637,22320,22330,10
13.0115995407,80.2273406982,22330,22341,11
13.0106897354,80.2276992798,22341,22351,10
13.0098896027,80.2280273438,22351,22361,10
13.0092201233,80.2285079956,22361,22371,10
13.0090503693,80.2293930054,22371,22381,10
13.0088796616,80.2303009033,22381,22391,10
13.0087099075,80.2311706543,22391,22401,10
13.0085401535,80.2320632935,22401,22411,10
13.0083799362,80.2328567505,22411,22421,10
13.0083198547,80.2334899902,22421,22431,10
13.0081596375,80.2340164185,22431,22442,11
13.008020401,80.2347488403,22442,22452,10
13.0078601837,80.2355270386,22452,22462,10
13.0076999664,80.2363510132,22462,22472,10
13.007519722,80.2372207642,22472,22482,10
13.007349968,80.238067627,22482,22492,10
13.0072002411,80.238861084,22492,22502,10
13.0070800781,80.2395782471,22502,22512,10
13.0069599152,80.2402191162,22512,22522,10
13.0069198608,80.2406997681,22522,22532,10
13.0068798065,80.2407989502,22532,22543,11
13.006819725,80.2412490845,22543,22553,10
13.0067796707,80.2419433594,22553,22563,10
13.0067501068,80.2427215576,22563,22573,10
13.0067195892,80.2434997559,22573,22583,10
13.0067396164,80.2442016602,22583,22592,9
13.006770134,80.2449035645,22592,22602,10
13.0067501068,80.2456893921,22602,22613,11
13.0067596436,80.2465591431,22613,22623,10
13.006770134,80.2473602295,22623,22633,10
13.0067796707,80.2481536865,22633,22644,11
13.006819725,80.2489013672,22644,22654,10
13.0068998337,80.2493591309,22654,22664,10
13.0068798065,80.249420166,22664,22674,10
13.0068902969,80.249786377,22674,22684,10
13.0068702698,80.2503509521,22684,22694,10
13.0068702698,80.2509613037,22694,22704,10
13.0067901611,80.2516479492,22704,22714,10
13.0066404343,80.2524185181,22714,22724,10
13.0066099167,80.2532272339,22724,22734,10
13.0066099167,80.25415802,22734,22745,11
13.006649971,80.2551193237,22745,22755,10
13.0066604614,80.255859375,22755,22765,10
13.0066299438,80.2566986084,22765,22775,10
13.0067100525,80.2573318481,22775,22795,20
13.0067100525,80.2573318481,22795,22805,10
13.0067901611,80.2575378418,22805,22815,10
13.0070199966,80.2580413818,22815,22825,10
13.0074300766,80.2585220337,22825,22835,10
13.0076999664,80.2586212158,22835,22846,11
13.0079097748,80.2587509155,22846,22856,10
13.0084104538,80.2589263916,22856,22866,10
13.0090904236,80.2590637207,22866,22876,10
13.0099401474,80.2590637207,22876,22886,10
13.0108804703,80.2590637207,22886,22896,10
13.0118198395,80.2590484619,22896,22906,10
13.0128202438,80.2590866089,22906,22916,10
13.0138597488,80.2591323853,22916,22926,10
13.014960289,80.2591781616,22926,22936,10
13.015879631,80.2593688965,22936,22947,11
13.0164003372,80.2596435547,22947,22957,10
13.0164003372,80.2596511841,22957,22967,10
13.0165700912,80.259803772,22967,22977,10
13.0170001984,80.2600784302,22977,22987,10
13.0175600052,80.2604675293,22987,22997,10
13.0181798935,80.2609100342,22997,23007,10
13.0188503265,80.2613983154,23007,23017,10
13.0195102692,80.2619934082,23017,23027,10
13.0200901031,80.2625274658,23027,23037,10
13.0202999115,80.2626800537,23037,23048,11
13.0207004547,80.262840271,23048,23058,10
13.0213098526,80.2630233765,23058,23068,10
13.0219097137,80.2632827759,23068,23078,10
13.0221595764,80.263381958,23078,23088,10
13.0225095749,80.2635803223,23088,23098,10
13.0229701996,80.2638015747,23098,23108,10
13.0230703354,80.2638473511,23108,23118,10
13.0233802795,80.2640609741,23118,23128,10
13.0238704681,80.2643432617,23128,23138,10
13.024479866,80.2647323608,23138,23149,11
13.0249996185,80.2651367188,23149,23159,10
13.0254297256,80.2654495239,23159,23169,10
13.0260295868,80.2658309937,23169,23179,10
13.0263004303,80.2657699585,23179,23189,10
13.0263595581,80.2653427124,23189,23199,10
13.0264101028,80.264793396,23199,23209,10
13.0265102386,80.2641372681,23209,23219,10
13.0265398026,80.2638397217,23219,23229,10
13.0265798569,80.2634811401,23229,23239,10
13.0269804001,80.2634277344,23239,23250,11
13.0275201797,80.2635421753,23250,23260,10
13.0281400681,80.2636871338,23260,23270,10
13.0282897949,80.2637405396,23270,23280,10
13.0284996033,80.2638092041,23280,23290,10
13.0289297104,80.2639007568,23290,23300,10
13.0293397903,80.2640762329,23300,23310,10
13.0293302536,80.2644271851,23310,23320,10
13.0293197632,80.2649917603,23320,23330,10
13.0292797089,80.2656326294,23330,23340,10
13.0292701721,80.2659912109,23340,23351,11
13.0292701721,80.26612854,23351,23361,10
13.0292396545,80.2664718628,23361,23371,10
13.029540062,80.2665786743,23371,23381,10
13.0300703049,80.2666168213,23381,23391,10
13.0307703018,80.2667236328,23391,23401,10
13.0314102173,80.2668991089,23401,23410,9
13.0318603516,80.2670898438,23410,23421,11
13.0322799683,80.2673034668,23421,23431,10
13.0326900482,80.2675018311,23431,23441,10
13.0330696106,80.2676773071,23441,23452,11
13.0335302353,80.2677993774,23452,23462,10
13.0335903168,80.2678070068,23462,23472,10
13.0338697433,80.2678909302,23472,23482,10
13.0341901779,80.2679519653,23482,23492,10
13.0344800949,80.2679672241,23492,23502,10
13.0345897675,80.2680435181,23502,23512,10
13.0344800949,80.2681427002,23512,23522,10
13.0342798233,80.2680206299,23522,23532,10
13.0338497162,80.2679367065,23532,23542,10
13.0333795547,80.2678604126,23542,24098,556
13.0333795547,80.2678604126,24098,24108,10
13.0331001282,80.2677001953,24108,24118,10
13.0328302383,80.2676620483,24118,24128,10
13.0325202942,80.2674331665,24128,24138,10
13.0321798325,80.267326355,24138,24148,10
13.0317401886,80.2671203613,24148,24159,11
13.0314903259,80.2670211792,24159,24169,10
13.0312299728,80.2669219971,24169,24179,10
13.0307798386,80.2667999268,24179,24189,10
13.0297803879,80.2666625977,24189,24209,20
13.0297803879,80.2666625977,24209,24219,10
13.0294504166,80.2666320801,24219,24229,10
13.0291004181,80.266456604,24229,24239,10
13.0286598206,80.2663269043,24239,24249,10
13.0280799866,80.266242981,24249,24260,11
13.0274095535,80.2661514282,24260,24269,9
13.0269298553,80.2660827637,24269,24280,11
13.0266399384,80.2660369873,24280,24290,10
13.0262098312,80.2659225464,24290,24300,10
13.0257396698,80.2656402588,24300,24310,10
13.0252103806,80.265296936,24310,24330,20
13.0252103806,80.265296936,24330,24340,10
13.0250101089,80.2651596069,24340,24350,10
13.0249300003,80.2650604248,24350,24361,11
13.0245399475,80.2647705078,24361,24371,10
13.0240697861,80.2644424438,24371,24381,10
13.0235395432,80.2641372681,24381,24391,10
13.0229301453,80.2638092041,24391,24401,10
13.0222902298,80.2634887695,24401,24411,10
13.0221500397,80.2634277344,24411,24421,10
13.0220298767,80.263343811,24421,24431,10
13.0217599869,80.2632293701,24431,24441,10
13.0213098526,80.2630691528,24441,24451,10
13.0211601257,80.2630386353,24451,24462,11
13.0207099915,80.2630081177,24462,24472,10
13.0201101303,80.2629928589,24472,24482,10
13.0194196701,80.2629318237,24482,24492,10
13.0189800262,80.262802124,24492,24502,10
13.0188903809,80.2621994019,24502,24512,10
13.0187702179,80.2615203857,24512,24522,10
13.0183401108,80.2610626221,24522,24532,10
13.0177097321,80.2606582642,24532,24542,10
13.0170202255,80.2602081299,24542,24552,10
13.0163402557,80.2598114014,24552,24563,11
13.016119957,80.2597198486,24563,24573,10
13.015999794,80.2596511841,24573,24583,10
13.0156297684,80.2594985962,24583,24593,10
13.015080452,80.2593688965,24593,24603,10
13.0144701004,80.2593231201,24603,24613,10
13.0137796402,80.2593002319,24613,24623,10
13.0129699707,80.259262085,24623,24633,10
13.0121297836,80.2592315674,24633,24643,10
13.0112495422,80.2592086792,24643,24653,10
13.0103397369,80.2592315674,24653,24664,11
13.0093297958,80.2592086792,24664,24674,10
13.008769989,80.2592086792,24674,24694,20
13.008769989,80.2592086792,24694,24704,10
13.0086097717,80.2593002319,24704,24714,10
13.0082197189,80.2592697144,24714,24724,10
13.0076904297,80.2593765259,24724,24734,10
13.0072698593,80.2589263916,24734,24744,10
13.0070495605,80.2584228516,24744,24754,10
13.0065898895,80.2576599121,24754,24825,71
13.0065898895,80.2576599121,24825,24835,10
13.0064601898,80.2573394775,24835,24845,10
13.0065097809,80.2569580078,24845,24855,10
13.0065603256,80.2563400269,24855,24866,11
13.0065698624,80.2555007935,24866,24876,10
13.0065803528,80.2546920776,24876,24886,10
13.0065498352,80.2538299561,24886,24896,10
13.0065498352,80.2532272339,24896,24906,10
13.0065498352,80.2531814575,24906,24916,10
13.0065498352,80.252822876,24916,24926,10
13.0066204071,80.2522506714,24926,24936,10
13.0067100525,80.2518310547,24936,24956,20
13.0067100525,80.2518310547,24956,24967,11
13.0067195892,80.2517700195,24967,24977,10
13.0067796707,80.2514190674,24977,24987,10
13.0068101883,80.250831604,24987,24997,10
13.0067996979,80.2500686646,24997,25007,10
13.0067796707,80.2492370605,25007,25017,10
13.0067100525,80.2484436035,25017,25027,10
13.0066604614,80.2478637695,25027,25037,10
13.0066604614,80.2477493286,25037,25047,10
13.0066604614,80.2475585938,25047,25057,10
13.0066795349,80.2471237183,25057,25068,11
13.0066099167,80.24659729,25068,25078,10
13.0066204071,80.2465209961,25078,25088,10
13.0066604614,80.2461395264,25088,25098,10
13.0066604614,80.2455062866,25098,25108,10
13.0066404343,80.2447891235,25108,25118,10
13.0066404343,80.2439804077,25118,25128,10
13.0066404343,80.2432479858,25128,25138,10
13.0066204071,80.2425003052,25138,25148,10
13.0065898895,80.2417602539,25148,25158,10
13.0065803528,80.2416763306,25158,25169,11
13.0065803528,80.2415390015,25169,25179,10
13.0066099167,80.2412109375,25179,25189,10
13.0066604614,80.2406921387,25189,25199,10
13.0068101883,80.240020752,25199,25209,10
13.0069599152,80.2393035889,25209,25219,10
13.007109642,80.2385025024,25219,25229,10
13.0072698593,80.2377090454,25229,25239,10
13.0073900223,80.2370223999,25239,25249,10
13.0074100494,80.2368011475,25249,25259,10
13.0074195862,80.2367706299,25259,25270,11
13.0075397491,80.2364196777,25270,25280,10
13.0076303482,80.2359466553,25280,25290,10
13.0077600479,80.2353286743,25290,25300,10
13.0079097748,80.2346420288,25300,25310,10
13.0080795288,80.2338562012,25310,25320,10
13.0082597733,80.2329483032,25320,25330,10
13.0084400177,80.2319564819,25330,25340,10
13.0086402893,80.2309265137,25340,25350,10
13.0088396072,80.2298965454,25350,25360,10
13.0090398788,80.2288894653,25360,25371,11
13.0093202591,80.2278900146,25371,25381,10
13.0097198486,80.2270202637,25381,25391,10
13.0100698471,80.2262496948,25391,25401,10
13.0104103088,80.2255783081,25401,25411,10
13.0107498169,80.2248535156,25411,25421,10
13.0111103058,80.2240371704,25421,25431,10
13.0113697052,80.2232971191,25431,25440,9
13.0116100311,80.2226715088,25440,25451,11
13.0119104385,80.2217788696,25451,25461,10
13.0122699738,80.2214126587,25461,25472,11
13.0125799179,80.2217788696,25472,25482,10
13.0129699707,80.2222671509,25482,25492,10
13.013420105,80.2227935791,25492,25502,10
13.0138998032,80.2232513428,25502,25512,10
13.0142202377,80.2235412598,25512,25522,10
13.0145597458,80.2238998413,25522,25532,10
13.0150403976,80.2245025635,25532,25562,30
13.0150403976,80.2245025635,25562,25573,11
13.0152797699,80.2247619629,25573,25583,10
13.0155801773,80.2250289917,25583,25593,10
13.0157203674,80.2251586914,25593,25603,10
13.0159902573,80.2253189087,25603,25613,10
13.0165395737,80.2253189087,25613,25623,10
13.0171804428,80.2250900269,25623,25633,10
13.0179004669,80.2247924805,25633,25643,10
13.0186901093,80.2244720459,25643,25653,10
13.0194196701,80.2244033813,25653,25663,10
13.0198497772,80.2245788574,25663,25674,11
13.0202999115,80.224937439,25674,25684,10
13.020819664,80.2253112793,25684,25694,10
13.0212802887,80.2256622314,25694,25704,10
13.0218400955,80.2260513306,25704,25714,10
13.0220003128,80.2261581421,25714,25724,10
13.022069931,80.2262191772,25724,25734,10
13.022359848,80.2265014648,25734,25744,10
13.0228395462,80.2269134521,25744,25754,10
13.023349762,80.2274017334,25754,25764,10
13.0239095688,80.2279205322,25764,25775,11
13.0243797302,80.2284698486,25775,25785,10
13.0246801376,80.2288894653,25785,25795,10
13.024889946,80.2291793823,25795,25805,10
13.0252799988,80.2296905518,25805,25815,10
13.0257101059,80.2303237915,25815,25825,10
13.0259799957,80.2309036255,25825,25835,10
13.0261602402,80.231338501,25835,25845,10
13.0266103745,80.2312316895,25845,25855,10
13.0272598267,80.2310562134,25855,25865,10
13.0280103683,80.2309417725,25865,25875,10
13.0285396576,80.2308807373,25875,25886,11
13.0291004181,80.2308425903,25886,25896,10
13.0294399261,80.230796814,25896,25906,10
13.0297603607,80.2307815552,25906,25916,10
13.0303201675,80.2307434082,25916,25926,10
13.030960083,80.2306976318,25926,25936,10
13.0315504074,80.2306594849,25936,25946,10
13.0321998596,80.2305984497,25946,25956,10
13.032790184,80.2305526733,25956,25966,10
13.0333499908,80.2304992676,25966,25976,10
13.0339403152,80.23046875,25976,25987,11
13.0346698761,80.2303237915,25987,26007,20
13.0346698761,80.2303237915,26007,26017,10
13.0348997116,80.2302017212,26017,26027,10
13.0350999832,80.2302322388,26027,26037,10
13.0350103378,80.2303466797,26037,26047,10
13.0346002579,80.2303619385,26047,27219,1172
13.0346002579,80.2303619385,27219,27229,10
13.0342798233,80.2303695679,27229,27239,10
13.0340795517,80.2304000854,27239,27249,10
13.0339803696,80.2304229736,27249,27259,10
13.0336799622,80.2304534912,27259,27269,10
13.033200264,80.2304763794,27269,27279,10
13.0326404572,80.2305603027,27279,27289,10
13.0320501328,80.2306213379,27289,27300,11
13.0314397812,80.230682373,27300,27310,10
13.03083992,80.2307434082,27310,27320,10
13.0302801132,80.2307815552,27320,27330,10
13.0298700333,80.2308425903,27330,27340,10
13.0298299789,80.2308273315,27340,27350,10
13.0295801163,80.2308578491,27350,27360,10
13.0291795731,80.2309265137,27360,27370,10
13.0286598206,80.2310028076,27370,27380,10
13.0281295776,80.2310562134,27380,27390,10
13.0277395248,80.2311096191,27390,27401,11
13.0277299881,80.2314910889,27401,27411,10
13.0277795792,80.2318725586,27411,27421,10
13.027879715,80.232383728,27421,27431,10
13.0279197693,80.2327880859,27431,27441,10
13.0274801254,80.2328796387,27441,27451,10
13.0270595551,80.2329483032,27451,27461,10
13.0269498825,80.232963562,27461,27471,10
13.0268297195,80.2329788208,27471,27481,10
13.0265398026,80.2329788208,27481,27491,10
13.0263204575,80.2325592041,27491,27502,11
13.0261297226,80.231880188,27502,27512,10
13.0260400772,80.2315368652,27512,27522,10
13.0259599686,80.2311401367,27522,27532,10
13.0257701874,80.2306137085,27532,27542,10
13.0254201889,80.2300415039,27542,27552,10
13.0250301361,80.2295303345,27552,27562,10
13.0247402191,80.2291793823,27562,27572,10
13.0244703293,80.228843689,27572,27582,10
13.0242395401,80.2285614014,27582,27592,10
13.0240402222,80.2283477783,27592,27603,11
13.0239801407,80.2282409668,27603,27613,10
13.0237503052,80.2279510498,27613,27623,10
13.0234899521,80.2276992798,27623,27633,10
13.0234098434,80.2276382446,27633,27643,10
13.023150444,80.2274017334,27643,27653,10
13.0228204727,80.2271118164,27653,27663,10
13.0225000381,80.2267837524,27663,27673,10
13.0221004486,80.2264175415,27673,27683,10
13.0216302872,80.2260513306,27683,27693,10
13.021109581,80.2256393433,27693,27704,11
13.0205001831,80.2251968384,27704,27714,10
13.0199899673,80.224861145,27714,27724,10
13.0198202133,80.2247390747,27724,27734,10
13.0193595886,80.2245483398,27734,27744,10
13.0186796188,80.2245788574,27744,27754,10
13.0180397034,80.2248382568,27754,27764,10
13.0173397064,80.2251205444,27764,27774,10
13.0166797638,80.2253875732,27774,27784,10
13.0160799026,80.2256088257,27784,27794,10
13.0154600143,80.2258224487,27794,27805,11
13.0149402618,80.2260513306,27805,27815,10
13.0148096085,80.2260971069,27815,27825,10
13.0143899918,80.2262802124,27825,27845,20
13.0143899918,80.2262802124,27845,27855,10
13.0142002106,80.2263565063,27855,27865,10
13.0137395859,80.2265167236,27865,27875,10
13.013130188,80.2267608643,27875,27885,10
13.0124197006,80.2270278931,27885,27895,10
13.0116596222,80.2273406982,27895,27906,11
13.0108098984,80.2276916504,27906,27916,10
13.0100402832,80.2279891968,27916,27926,10
13.0093002319,80.2283782959,27926,27936,10
13.0090799332,80.2291793823,27936,27946,10
13.008939743,80.2299423218,27946,27956,10
13.0087995529,80.2306594849,27956,27966,10
13.0086603165,80.231338501,27966,27976,10
13.0085201263,80.2320404053,27976,27986,10
13.0083799362,80.2327270508,27986,27996,10
13.0083198547,80.2333297729,27996,28007,11
13.008310318,80.2333984375,28007,28017,10
13.0082597733,80.2335586548,28017,28027,10
13.0081596375,80.2339019775,28027,28037,10
13.0080604553,80.2344207764,28037,28047,10
13.0079097748,80.2350997925,28047,28057,10
13.0077600479,80.2359008789,28057,28067,10
13.0075998306,80.2367477417,28067,28077,10
13.0074195862,80.2375869751,28077,28087,10
13.0072603226,80.2384567261,28087,28097,10
13.0070896149,80.2392730713,28097,28107,10
13.0070295334,80.2397384644,28107,28118,11
13.0069599152,80.2401733398,28118,28128,10
13.0068902969,80.2406997681,28128,28138,10
13.0068397522,80.240852356,28138,28148,10
13.0067901611,80.2411804199,28148,28158,10
13.0067596436,80.2418212891,28158,28168,10
13.0067501068,80.2425384521,28168,28178,10
13.0067396164,80.2433013916,28178,28188,10
13.0067396164,80.2440185547,28188,28198,10
13.0067501068,80.2447891235,28198,28208,10
13.0067796707,80.2454833984,28208,28219,11
13.0067996979,80.246307373,28219,28229,10
13.0068302155,80.2470092773,28229,28239,10
13.0067901611,80.2477035522,28239,28249,10
13.0067996979,80.2484436035,28249,28259,10
13.0068798065,80.2491607666,28259,28269,10
13.0069103241,80.2496032715,28269,28279,10
13.0069103241,80.2496490479,28279,28289,10
13.0068998337,80.2499923706,28289,28299,10
13.0068798065,80.250541687,28299,28310,11
13.0068798065,80.251159668,28310,28320,10
13.0068798065,80.2513504028,28320,28330,10
13.0068397522,80.2515182495,28330,28340,10
13.0067396164,80.2519378662,28340,28350,10
13.0066204071,80.2525482178,28350,28360,10
13.0066099167,80.2532577515,28360,28370,10
13.0065803528,80.2540893555,28370,28380,10
13.0066404343,80.2549819946,28380,28390,10
13.0066699982,80.2559127808,28390,28400,10
13.0066900253,80.2567367554,28400,28410,10
13.0067300797,80.2572402954,28410,28441,31
13.0067300797,80.2572402954,28441,28451,10
13.0067195892,80.2574234009,28451,28481,30
13.0067195892,80.2574234009,28481,28491,10
13.0067901611,80.2576522827,28491,28501,10
13.0069999695,80.258102417,28501,28511,10
13.0073795319,80.2585372925,28511,28522,11
13.0076599121,80.2586593628,28522,28532,10
13.0078201294,80.2587280273,28532,28542,10
13.0082302094,80.2589111328,28542,28552,10
13.0088100433,80.2590866089,28552,28562,10
13.0095396042,80.2591018677,28562,28572,10
13.0103902817,80.2591094971,28572,28582,10
13.011300087,80.2590789795,28582,28592,10
13.0122098923,80.2591018677,28592,28602,10
13.0131797791,80.2591400146,28602,28612,10
13.0141601563,80.2591705322,28612,28623,11
13.0151996613,80.2592086792,28623,28633,10
13.0159597397,80.2593994141,28633,28643,10
13.016409874,80.2596588135,28643,28653,10
13.0164203644,80.2596588135,28653,28663,10
13.0164499283,80.2596893311,28663,28673,10
13.0167198181,80.2599105835,28673,28683,10
13.0171804428,80.2602081299,28683,28693,10
13.0177097321,80.2605819702,28693,28703,10
13.0183200836,80.2610015869,28703,28713,10
13.0188903809,80.2614364624,28713,28724,11
13.0194797516,80.26197052,28724,28734,10
13.0199804306,80.2624664307,28734,28744,10
13.0201997757,80.2626190186,28744,28754,10
13.0203199387,80.2627029419,28754,28764,10
13.0207300186,80.2628631592,28764,28774,10
13.0213699341,80.2630691528,28774,28784,10
13.0219402313,80.2632980347,28784,28794,10
13.0222101212,80.2634429932,28794,28804,10
13.0225801468,80.263633728,28804,28814,10
13.022939682,80.2638397217,28814,28825,11
13.0229597092,80.2638473511,28825,28835,10
13.0232896805,80.2640533447,28835,28845,10
13.0236797333,80.2642593384,28845,28855,10
13.0242300034,80.2645568848,28855,28865,10
13.0247001648,80.2649002075,28865,28874,9
13.0251502991,80.2652435303,28874,28885,11
13.0256996155,80.2656021118,28885,28895,10
13.0261802673,80.2658920288,28895,28905,10
13.0263595581,80.2657165527,28905,28915,10
13.0263996124,80.265296936,28915,28926,11
13.0264396667,80.2646408081,28926,28946,20
13.0264396667,80.2646408081,28946,28956,10
13.0264596939,80.2645721436,28956,28966,10
13.0265197754,80.264213562,28966,28976,10
13.0265703201,80.2637710571,28976,28986,10
13.0266103745,80.263458252,28986,28996,10
13.0268602371,80.263420105,28996,29006,10
13.0273103714,80.2635192871,29006,29016,10
13.0277795792,80.263671875,29016,29027,11
13.0284404755,80.2638626099,29027,29037,10
13.0289096832,80.263999939,29037,29047,10
13.0293197632,80.2641677856,29047,29057,10
13.0293502808,80.2644805908,29057,29067,10
13.0293302536,80.2649765015,29067,29077,10
13.0293302536,80.2655181885,29077,29087,10
13.029299736,80.2660598755,29087,29097,10
13.0292901993,80.2661590576,29097,29107,10
13.0292196274,80.2663803101,29107,29117,10
13.0292901993,80.2665634155,29117,29128,11
13.0296802521,80.2666320801,29128,29138,10
13.0302495956,80.2667007446,29138,29148,10
13.0308704376,80.2667922974,29148,29158,10
13.0313596725,80.2669525146,29158,29168,10
13.0318698883,80.2671737671,29168,29178,10
13.0323696136,80.2673721313,29178,29188,10
13.0326700211,80.2675628662,29188,29198,10
13.0330600739,80.2677383423,29198,29208,10
13.0335302353,80.267829895,29208,29218,10
13.0335702896,80.2678375244,29218,29229,11
13.033659935,80.2678604126,29229,29239,10
13.0339698792,80.2679367065,29239,29249,10
13.0343999863,80.2679977417,29249,29259,10
13.0346403122,80.2680206299,29259,29269,10
13.0346097946,80.2681503296,29269,29279,10
13.0344400406,80.2681121826,29279,29289,10
13.0341596603,80.2680206299,29289,29299,10
13.033539772,80.267906189,29299,29400,101
13.033539772,80.267906189,29400,29410,10
13.0333595276,80.267868042,29410,29592,182
13.0332202911,80.2676620483,29592,30259,667
13.033249855,80.267906189,30259,30299,40
13.033249855,80.267906189,30299,30309,10
13.0331897736,80.2678527832,30309,30319,10
13.0330600739,80.2677993774,30319,30329,10
13.032790184,80.2677307129,30329,30339,10
13.032500267,80.2674865723,30339,30350,11
13.0320596695,80.2672729492,30350,30360,10
13.0315799713,80.2670593262,30360,30370,10
13.0311098099,80.2668991089,30370,30380,10
13.030579567,80.2667770386,30380,30390,10
13.0298595428,80.2666702271,30390,30420,30
13.0298595428,80.2666702271,30420,30430,10
13.0294399261,80.2666015625,30430,30440,10
13.0291404724,80.266456604,30440,30451,11
13.0286998749,80.2663192749,30451,30461,10
13.0282001495,80.2662506104,30461,30471,10
13.0276298523,80.2661590576,30471,30481,10
13.0269498825,80.2660675049,30481,30490,9
13.0264902115,80.2660217285,30490,30501,11
13.0260601044,80.2658462524,30501,30511,10
13.0252399445,80.2653579712,30511,30531,20
13.0252399445,80.2653579712,30531,30541,10
13.0250701904,80.2651977539,30541,30552,11
13.024720192,80.2649078369,30552,30562,10
13.0242700577,80.2645568848,30562,30572,10
13.0237102509,80.2642364502,30572,30582,10
13.023150444,80.2639465332,30582,30592,10
13.0225696564,80.2636413574,30592,30602,10
13.0221500397,80.263458252,30602,30622,20
13.0221500397,80.263458252,30622,30632,10
13.0220098495,80.2633132935,30632,30642,10
13.0217895508,80.2632064819,30642,30653,11
13.0214395523,80.2630767822,30653,30663,10
13.0212802887,80.2630462646,30663,30673,10
13.0208797455,80.2630310059,30673,30683,10
13.0204000473,80.2630310059,30683,30693,10
13.0198802948,80.2630004883,30693,30703,10
13.0192804337,80.2629394531,30703,30713,10
13.0189504623,80.2626800537,30713,30723,10
13.0188598633,80.2620925903,30723,30733,10
13.0187501907,80.2614822388,30733,30743,10
13.0183296204,80.2610702515,30743,30754,11
13.0177001953,80.2606582642,30754,30764,10
13.0171003342,80.2602615356,30764,30774,10
13.0161304474,80.2596969604,30774,30794,20
13.0161304474,80.2596969604,30794,30804,10
13.0159702301,80.2596130371,30804,30814,10
13.0156002045,80.2594604492,30814,30824,10
13.0150699615,80.2593383789,30824,30834,10
13.0144796371,80.2593002319,30834,30844,10
13.0138101578,80.2592697144,30844,30855,11
13.0129499435,80.2592468262,30855,30865,10
13.0121097565,80.2592163086,30865,30875,10
13.0113296509,80.2591934204,30875,30885,10
13.0105695724,80.2592163086,30885,30895,10
13.0099401474,80.259262085,30895,30905,10
13.0098800659,80.259262085,30905,30915,10
13.0097703934,80.259262085,30915,30925,10
13.0094499588,80.2592468262,30925,30935,10
13.0089998245,80.2592315674,30935,30945,10
13.0086803436,80.2592163086,30945,30956,11
13.0082502365,80.2591705322,30956,30966,10
13.0077199936,80.2593383789,30966,30976,10
13.0073404312,80.2590332031,30976,30986,10
13.0072002411,80.2587203979,30986,30996,10
13.0071697235,80.2586593628,30996,31006,10
13.0070199966,80.2583694458,31006,31016,10
13.0067901611,80.2579574585,31016,31026,10
13.0065498352,80.257598877,31026,31087,61
13.0066099167,80.2576828003,31087,31127,40
13.0066099167,80.2576828003,31127,31137,10
13.0065402985,80.2574386597,31137,31147,10
13.0065097809,80.2570495605,31147,31157,10
13.0065002441,80.2565002441,31157,31168,11
13.0065002441,80.2557296753,31168,31178,10
13.006529808,80.2550201416,31178,31188,10
13.0065002441,80.2543029785,31188,31198,10
13.0065002441,80.2532577515,31198,31218,20
13.0065002441,80.2532577515,31218,31228,10
13.0065202713,80.2530517578,31228,31238,10
13.006529808,80.2526397705,31238,31248,10
13.0065498352,80.2524490356,31248,31258,10
13.0066099167,80.2521362305,31258,31269,11
13.0067195892,80.2515869141,31269,31279,10
13.0067596436,80.2509307861,31279,31289,10
13.0067396164,80.2501831055,31289,31299,10
13.0067300797,80.2495880127,31299,31309,10
13.0067300797,80.24949646,31309,31319,10
13.0067195892,80.2490997314,31319,31329,10
13.0066795349,80.248588562,31329,31339,10
13.0066204071,80.2478713989,31339,31370,31
13.0066204071,80.2478713989,31370,31380,10
13.0066404343,80.2476577759,31380,31390,10
13.006649971,80.2472305298,31390,31400,10
13.0065803528,80.2466583252,31400,31410,10
13.0065898895,80.2465362549,31410,31420,10
13.0066299438,80.2463531494,31420,31430,10
13.0066299438,80.2459030151,31430,31440,10
13.0066299438,80.2453536987,31440,31450,10
13.0066099167,80.2447433472,31450,31460,10
13.0066003799,80.2440185547,31460,31471,11
13.0065603256,80.2433013916,31471,31481,10
13.0065402985,80.2425918579,31481,31491,10
13.0065402985,80.2418518066,31491,31501,10
13.0065402985,80.2416534424,31501,31511,10
13.0065603256,80.2414474487,31511,31521,10
13.0066099167,80.2410430908,31521,31531,10
13.0066795349,80.2405319214,31531,31541,10
13.0067996979,80.2399902344,31541,31551,10
13.006939888,80.2393188477,31551,31561,10
13.0071001053,80.23853302,31561,31572,11
13.0072898865,80.237663269,31572,31582,10
13.0073795319,80.2370605469,31582,31592,10
13.007399559,80.2369232178,31592,31602,10
13.0074100494,80.236831665,31602,31612,10
13.0075101852,80.2365112305,31612,31622,10
13.007610321,80.236076355,31622,31632,10
13.0077400208,80.2355194092,31632,31642,10
13.0078401566,80.2350769043,31642,31652,10
13.0079402924,80.2345428467,31652,31662,10
13.0080795288,80.2338790894,31662,31673,11
13.0082502365,80.233001709,31673,31683,10
13.0084295273,80.2320632935,31683,31693,10
13.0086202621,80.2310562134,31693,31703,10
13.0088100433,80.2300567627,31703,31713,10
13.0090198517,80.229057312,31713,31723,10
13.0092401505,80.2281112671,31723,31733,10
13.0096302032,80.2272415161,31733,31743,10
13.0100097656,80.2264099121,31743,31753,10
13.0103197098,80.225769043,31753,31763,10
13.0105695724,80.2252502441,31763,31774,11
13.0108098984,80.2247390747,31774,31784,10
13.0110702515,80.2241210938,31784,31794,10
13.011349678,80.2234420776,31794,31804,10
13.011590004,80.2228393555,31804,31814,10
13.0118598938,80.2220916748,31814,31824,10
13.0121603012,80.2214279175,31824,31834,10
13.0123701096,80.2214126587,31834,31844,10
13.0125398636,80.2217102051,31844,31854,10
13.0128002167,80.2221221924,31854,31864,10
13.013250351,80.2226028442,31864,31875,11
13.0138196945,80.2231826782,31875,31885,10
13.014289856,80.2235794067,31885,31895,10
13.0145196915,80.2237625122,31895,31905,10
13.0145998001,80.2239532471,31905,31915,10
13.0148000717,80.2242965698,31915,31935,20
13.0148000717,80.2242965698,31935,31945,10
13.0150203705,80.2245635986,31945,31955,10
13.0152196884,80.2247695923,31955,31965,10
13.0154600143,80.2249221802,31965,32006,41
13.0154600143,80.2249221802,32006,32016,10
13.0155601501,80.2250213623,32016,32036,20
13.0155601501,80.2250213623,32036,32046,10
13.0157804489,80.2252197266,32046,32056,10
13.0161399841,80.2253112793,32056,32066,10
13.016409874,80.2253112793,32066,32077,11
13.0169095993,80.2251663208,32077,32087,10
13.0175304413,80.224937439,32087,32097,10
13.0181903839,80.224647522,32097,32107,10
13.018819809,80.2244110107,32107,32116,9
13.0193901062,80.2243728638,32116,32127,11
13.019900322,80.2246170044,32127,32137,10
13.0203504562,80.2249526978,32137,32147,10
13.0208501816,80.2253189087,32147,32157,10
13.0213403702,80.2257080078,32157,32167,10
13.0219602585,80.2261428833,32167,32188,21
13.0219602585,80.2261428833,32188,32198,10
13.0221395493,80.2262802124,32198,32208,10
13.0224895477,80.226600647,32208,32218,10
13.0229597092,80.2270202637,32218,32228,10
13.0234603882,80.2274932861,32228,32238,10
13.023900032,80.2278823853,32238,32248,10
13.0242700577,80.2283172607,32248,32258,10
13.0246200562,80.2287979126,32258,32268,10
13.0250301361,80.2293624878,32268,32278,10
13.0255098343,80.2299804688,32278,32289,11
13.0259103775,80.2307434082,32289,32299,10
13.0259895325,80.2310028076,32299,32309,10
13.0260000229,80.2311630249,32309,32319,10
13.0261802673,80.2313995361,32319,32329,10
13.0266504288,80.2312469482,32329,32339,10
13.0273399353,80.2310562134,32339,32349,10
13.0280103683,80.2309570313,32349,32359,10
13.0285100937,80.2309188843,32359,32369,10
13.0285196304,80.2309188843,32369,32379,10
13.0286998749,80.2308807373,32379,32390,11
13.0291996002,80.2308273315,32390,32400,10
13.0296497345,80.2307815552,32400,32410,10
13.0302495956,80.2307510376,32410,32420,10
13.0308198929,80.230682373,32420,32430,10
13.0312795639,80.2306518555,32430,32440,10
13.0319004059,80.2305908203,32440,32450,10
13.0325202942,80.2305297852,32450,32460,10
13.0332603455,80.2304763794,32460,32470,10
13.0340795517,80.2303924561,32470,32491,21
13.0340795517,80.2303924561,32491,32501,10
13.0345802307,80.2302932739,32501,32551,50
13.0345802307,80.2302932739,32551,32561,10
13.0347700119,80.2302932739,32561,32581,20
13.0347700119,80.2302932739,32581,32592,11
13.0350999832,80.2299880981,32592,32602,10
13.0350999832,80.2298583984,32602,32612,10
13.0348901749,80.2298202515,32612,32834,222
13.0345602036,80.2297515869,32834,32905,71
13.0345602036,80.2297515869,32905,32915,10
13.0342302322,80.2298126221,32915,32925,10
13.034239769,80.2299423218,32925,32945,20
13.034239769,80.2299423218,32945,32955,10
13.0342702866,80.2300796509,32955,32965,10
13.0342502594,80.230140686,32965,32975,10
13.0342102051,80.2303619385,32975,32996,21
13.0342102051,80.2303619385,32996,33006,10
13.0340995789,80.2304534912,33006,33016,10
13.0336904526,80.2304611206,33016,33026,10
13.0331602097,80.23046875,33026,33036,10
13.032500267,80.2305221558,33036,33046,10
13.0318603516,80.2305908203,33046,33056,10
13.0311899185,80.2306594849,33056,33066,10
13.0307197571,80.23072052,33066,33076,10
13.0301504135,80.2307662964,33076,33086,10
13.0298204422,80.2308273315,33086,33096,10
13.0297403336,80.2308502197,33096,33107,11
13.0293903351,80.2308883667,33107,33117,10
13.0288600922,80.23097229,33117,33127,10
13.0283498764,80.231048584,33127,33137,10
13.0278997421,80.2310791016,33137,33147,10
13.0277299881,80.2312774658,33147,33157,10
13.0277500153,80.2317276001,33157,33167,10
13.0277996063,80.2322387695,33167,33177,10
13.0278997421,80.2327270508,33177,33187,10
13.0274496078,80.2328720093,33187,33197,10
13.0269498825,80.2329483032,33197,33208,11
13.0266399384,80.2329788208,33208,33218,10
13.0263900757,80.2327194214,33218,33228,10
13.0261898041,80.2322006226,33228,33238,10
13.02602005,80.2315597534,33238,33248,10
13.0258197784,80.2308807373,33248,33258,10
13.0254402161,80.230140686,33258,33268,10
13.0249700546,80.2294616699,33268,33278,10
13.0246601105,80.2290802002,33278,33288,10
13.0246496201,80.2290725708,33288,33298,10
13.0246200562,80.2290267944,33298,33309,11
13.0243902206,80.2287216187,33309,33319,10
13.0240602493,80.2283630371,33319,33329,10
13.0240097046,80.228302002,33329,33339,10
13.0239896774,80.2282562256,33339,33349,10
13.0237998962,80.2279968262,33349,33359,10
13.0234804153,80.2276763916,33359,33369,10
13.0230798721,80.2272567749,33369,33379,10
13.022600174,80.2268295288,33379,33389,10
13.0221004486,80.2263870239,33389,33399,10
13.0215396881,80.2259292603,33399,33410,11
13.0209503174,80.2254714966,33410,33420,10
13.0203504562,80.2250823975,33420,33430,10
13.0200099945,80.224861145,33430,33440,10
13.0199298859,80.224822998,33440,33450,10
13.0196199417,80.2246170044,33450,33460,10
13.0190200806,80.2244796753,33460,33470,10
13.0183296204,80.2246780396,33470,33480,10
13.0176200867,80.2249679565,33480,33490,10
13.016960144,80.2252426147,33490,33500,10
13.0164203644,80.2254562378,33500,33511,11
13.0159397125,80.2256317139,33511,33521,10
13.0154600143,80.2257995605,33521,33531,10
13.0150499344,80.2259597778,33531,33541,10
13.0150203705,80.2259674072,33541,33551,10
13.0149202347,80.2259979248,33551,33561,10
13.0144796371,80.2261962891,33561,33581,20
13.0144796371,80.2261962891,33581,33591,10
13.0142402649,80.2262878418,33591,33601,10
13.0137796402,80.2264709473,33601,33612,11
13.0131196976,80.2267303467,33612,33622,10
13.0124397278,80.2269973755,33622,33632,10
13.0117197037,80.2273025513,33632,33642,10
13.0109300613,80.2276306152,33642,33652,10
13.0101203918,80.2279586792,33652,33662,10
13.009349823,80.2283401489,33662,33672,10
13.0090999603,80.2290725708,33672,33682,10
13.0089502335,80.2298583984,33682,33692,10
13.0088195801,80.2307281494,33692,33702,10
13.008649826,80.2315826416,33702,33712,10
13.0084896088,80.2323913574,33712,33723,11
13.0083503723,80.2331314087,33723,33733,10
13.008310318,80.2335891724,33733,33743,10
13.0081996918,80.2338867188,33743,33753,10
13.008099556,80.2343597412,33753,33763,10
13.0080099106,80.2348632813,33763,33773,10
13.007900238,80.2353973389,33773,33783,10
13.0077695847,80.236000061,33783,33793,10
13.0076303482,80.2366867065,33793,33803,10
13.0074796677,80.2373962402,33803,33813,10
13.0073604584,80.238067627,33813,33824,11
13.0072498322,80.238822937,33824,33834,10
13.0071401596,80.2395172119,33834,33844,10
13.0069999695,80.2402191162,33844,33854,10
13.0069303513,80.2407073975,33854,33864,10
13.0069198608,80.2407302856,33864,33874,10
13.0068397522,80.2409591675,33874,33884,10
13.0068101883,80.2414169312,33884,33894,10
13.0067796707,80.2421035767,33894,33904,10
13.0067596436,80.2427978516,33904,33914,10
13.0067300797,80.2434997559,33914,33925,11
13.0067300797,80.2443618774,33925,33935,10
13.0067501068,80.2451629639,33935,33945,10
13.0067396164,80.24584198,33945,33955,10
13.0067596436,80.2465209961,33955,33965,10
13.0067796707,80.2468414307,33965,33975,10
13.0067796707,80.247253418,33975,33985,10
13.0067796707,80.2477798462,33985,33995,10
13.0067901611,80.2484817505,33995,34005,10
13.0068502426,80.249130249,34005,34015,10
13.0069103241,80.2496109009,34015,34026,11
13.0069103241,80.2496185303,34026,34036,10
13.006939888,80.2497711182,34036,34046,10
13.0069198608,80.2501678467,34046,34056,10
13.0068998337,80.2507171631,34056,34066,10
13.0068798065,80.2513198853,34066,34076,10
13.0067901611,80.2518463135,34076,34086,10
13.0066604614,80.2525024414,34086,34096,10
13.0066404343,80.2532577515,34096,34106,10
13.0066404343,80.2539978027,34106,34116,10
13.0066795349,80.2548217773,34116,34127,11
13.0066900253,80.2556610107,34127,34137,10
13.0066795349,80.256439209,34137,34147,10
13.0067195892,80.2570877075,34147,34197,50
13.0067195892,80.2570877075,34197,34207,10
13.006770134,80.2574691772,34207,34217,10
13.006939888,80.2579574585,34217,34228,11
13.0073795319,80.2585220337,34228,34238,10
13.0077400208,80.2586669922,34238,34248,10
13.0077896118,80.2586898804,34248,34258,10
13.0080795288,80.2588272095,34258,34268,10
13.0085601807,80.2590026855,34268,34278,10
13.0091896057,80.2590789795,34278,34288,10
13.0099201202,80.2590789795,34288,34298,10
13.0107002258,80.2590789795,34298,34308,10
13.0115203857,80.2590637207,34308,34318,10
13.0123701096,80.2590789795,34318,34329,11
13.0133800507,80.2591171265,34329,34339,10
13.0143003464,80.259147644,34339,34349,10
13.0151596069,80.2591781616,34349,34359,10
13.0159196854,80.2593688965,34359,34369,10
13.0163898468,80.2596435547,34369,34379,10
13.0164403915,80.2596817017,34379,34389,10
13.0165395737,80.2597732544,34389,34399,10
13.0167999268,80.2599868774,34399,34409,10
13.0172700882,80.260307312,34409,34419,10
13.0177602768,80.2606582642,34419,34430,11
13.0183296204,80.2610397339,34430,34440,10
13.0187196732,80.2612915039,34440,34450,10
13.0190200806,80.2615585327,34450,34460,10
13.0194101334,80.2618713379,34460,34470,10
13.0197401047,80.262260437,34470,34480,10
13.0201597214,80.2625808716,34480,34490,10
13.0202102661,80.2626419067,34490,34500,10
13.0205097198,80.2627792358,34500,34510,10
13.0210399628,80.2629470825,34510,34520,10
13.0216999054,80.2631912231,34520,34531,11
13.0221099854,80.2633972168,34531,34541,10
13.0224599838,80.2635803223,34541,34551,10
13.0228700638,80.2637863159,34551,34561,10
13.0229501724,80.2638473511,34561,34571,10
13.0230197906,80.2639389038,34571,34581,10
13.0232801437,80.2640991211,34581,34591,10
13.0237197876,80.2643280029,34591,34601,10
13.0242900848,80.2646408081,34601,34611,10
13.0247802734,80.265007019,34611,34621,10
13.0253000259,80.2653427124,34621,34631,10
13.0258703232,80.2657165527,34631,34642,11
13.0263004303,80.2658004761,34642,34652,10
13.0263395309,80.2653579712,34652,34662,10
13.0263900757,80.2648391724,34662,34672,10
13.0264902115,80.2640762329,34672,34692,20
13.0264902115,80.2640762329,34692,34702,10
13.0265598297,80.2638015747,34702,34712,10
13.0265903473,80.2634811401,34712,34722,10
13.0268697739,80.2634124756,34722,34732,10
13.0272397995,80.2634887695,34732,34743,11
13.0275497437,80.2635574341,34743,34753,10
13.0280199051,80.2636795044,34753,34763,10
13.0282897949,80.2637481689,34763,34773,10
13.0283899307,80.2637786865,34773,34783,10
13.028719902,80.2638778687,34783,34793,10
13.0291595459,80.2639923096,34793,34803,10
13.0294103622,80.2641983032,34803,34813,10
13.0293903351,80.2646179199,34813,34823,10
13.0293998718,80.2652206421,34823,34833,10
13.0293197632,80.2660293579,34833,34864,31
13.0293197632,80.2660293579,34864,34874,10
13.0293598175,80.2665176392,34874,34884,10
13.0297203064,80.2665863037,34884,34894,10
13.0301904678,80.2666625977,34894,34904,10
13.03083992,80.2667694092,34904,34914,10
13.0314598083,80.266960144,34914,34924,10
13.0320796967,80.2672195435,34924,34934,10
13.0326299667,80.2674636841,34934,34945,11
13.0331201553,80.2677383423,34945,34955,10
13.0337295532,80.2678604126,34955,34975,20
13.0337295532,80.2678604126,34975,34985,10
13.0337896347,80.2678909302,34985,34995,10
13.0340299606,80.2679595947,34995,35005,10
13.0345201492,80.2679901123,35005,35086,81
13.0345201492,80.2679901123,35086,35096,10
13.0341997147,80.2679977417,35096,35106,10
13.033829689,80.267906189,35106,35116,10
13.0333499908,80.267829895,35116,35803,687
13.0333499908,80.267829895,35803,35813,10
13.0331802368,80.2676696777,35813,35823,10
13.0328798294,80.2676391602,35823,35833,10
13.0325603485,80.2674179077,35833,35843,10
13.0323400497,80.267326355,35843,35853,10
13.0319004059,80.2671508789,35853,35864,11
13.0313997269,80.2669525146,35864,35874,10
13.0308504105,80.2668304443,35874,35884,10
13.02987957,80.2666931152,35884,35904,20
13.02987957,80.2666931152,35904,35913,9
13.0297002792,80.2666320801,35913,35924,11
13.029419899,80.2666168213,35924,35934,10
13.0291204453,80.2664337158,35934,35944,10
13.0286197662,80.2663192749,35944,35954,10
13.0280399323,80.2662200928,35954,35965,11
13.0273599625,80.2661209106,35965,35975,10
13.0265197754,80.2660293579,35975,35995,20
13.0265197754,80.2660293579,35995,36005,10
13.0263395309,80.2659683228,36005,36015,10
13.0259799957,80.2658004761,36015,36025,10
13.0256004333,80.2655334473,36025,36035,10
13.0252799988,80.2653427124,36035,36076,41
13.0252799988,80.2653427124,36076,36086,10
13.0249996185,80.2650985718,36086,36096,10
13.0246801376,80.2648773193,36096,36106,10
13.0242300034,80.2645492554,36106,36116,10
13.0237703323,80.2642974854,36116,36126,10
13.0232400894,80.2640228271,36126,36136,10
13.022600174,80.263671875,36136,36146,10
13.0221595764,80.2634735107,36146,36156,10
13.0221500397,80.2634506226,36156,36166,10
13.0220098495,80.2633590698,36166,36177,11
13.0217199326,80.2632293701,36177,36187,10
13.0211400986,80.2630462646,36187,36197,10
13.0204496384,80.2630004883,36197,36207,10
13.0199403763,80.2629776001,36207,36217,10
13.0193300247,80.2629165649,36217,36227,10
13.0189599991,80.2626876831,36227,36237,10
13.0188798904,80.2621383667,36237,36247,10
13.0187797546,80.2615203857,36247,36257,10
13.0183401108,80.2610778809,36257,36267,10
13.017829895,80.2607421875,36267,36278,11
13.0172100067,80.2603225708,36278,36288,10
13.0165901184,80.2599182129,36288,36298,10
13.0161104202,80.2596817017,36298,36308,10
13.0160903931,80.2596664429,36308,36318,10
13.0160398483,80.2596588135,36318,36328,10
13.0157604218,80.2595367432,36328,36338,10
13.0153598785,80.2593994141,36338,36348,10
13.0148801804,80.2593231201,36348,36358,10
13.0144100189,80.2593002319,36358,36368,10
13.0138397217,80.2592697144,36368,36379,11
13.0130395889,80.2592391968,36379,36389,10
13.0122499466,80.2592086792,36389,36399,10
13.0114803314,80.2591781616,36399,36409,10
13.0107498169,80.2591705322,36409,36419,10
13.0100002289,80.2592391968,36419,36429,10
13.0098304749,80.2592391968,36429,36439,10
13.0097398758,80.2592468262,36439,36449,10
13.0093898773,80.2592315674,36449,36459,10
13.0088996887,80.2592086792,36459,36469,10
13.0086603165,80.2591629028,36469,36480,11
13.0081996918,80.259147644,36480,36490,10
13.0077600479,80.2593307495,36490,36500,10
13.0072002411,80.2586975098,36500,36520,20
13.0072002411,80.2586975098,36520,36530,10
13.0071001053,80.2584609985,36530,36540,10
13.0069103241,80.2581176758,36540,36550,10
13.0066404343,80.2577209473,36550,36661,111
13.0066404343,80.2577209473,36661,36671,10
13.0064296722,80.2574768066,36671,36682,11
13.0064601898,80.2572402954,36682,36692,10
13.0065002441,80.2567672729,36692,36702,10
13.0065202713,80.2560806274,36702,36712,10
13.0065202713,80.2553482056,36712,36722,10
13.0065498352,80.2546081543,36722,36732,10
13.006529808,80.2539291382,36732,36742,10
13.0065202713,80.2532119751,36742,36752,10
13.0065202713,80.2531814575,36752,36762,10
13.006529808,80.2529373169,36762,36772,10
13.0065498352,80.2524795532,36772,36782,10
13.0066099167,80.2520980835,36782,36833,51
13.0066099167,80.2520980835,36833,36843,10
13.006649971,80.2519302368,36843,36853,10
13.0067396164,80.2514877319,36853,36863,10
13.0067796707,80.2509765625,36863,36873,10
13.0067596436,80.2503585815,36873,36883,10
13.0067396164,80.249671936,36883,36894,11
13.0067195892,80.248878479,36894,36904,10
13.0066604614,80.248260498,36904,36914,10
13.006649971,80.2478713989,36914,36924,10
13.0066604614,80.2476577759,36924,36954,30
13.0066604614,80.2476577759,36954,36964,10
13.0066299438,80.2474975586,36964,36974,10
13.0066404343,80.247253418,36974,36984,10
13.0066099167,80.2464370728,36984,37005,21
13.0066099167,80.2464370728,37005,37015,10
13.0066604614,80.2462005615,37015,37025,10
13.0066604614,80.2457733154,37025,37035,10
13.0066604614,80.2452774048,37035,37045,10
13.0066299438,80.244720459,37045,37055,10
13.0066099167,80.2441329956,37055,37065,10
13.0066099167,80.2435379028,37065,37075,10
13.0065898895,80.2429733276,37075,37085,10
13.0065603256,80.2422866821,37085,37096,11
13.0065603256,80.2414703369,37096,37106,10
13.0066404343,80.2408370972,37106,37116,10
13.0067596436,80.2402496338,37116,37126,10
13.0068998337,80.2395324707,37126,37136,10
13.0070104599,80.2387466431,37136,37146,10
13.0071697235,80.237991333,37146,37156,10
13.0073299408,80.2372817993,37156,37166,10
13.007399559,80.2367324829,37166,37176,10
13.007399559,80.2367172241,37176,37186,10
13.0074901581,80.2364425659,37186,37197,11
13.007610321,80.2359695435,37197,37207,10
13.0077295303,80.2354125977,37207,37217,10
13.0078697205,80.2347564697,37217,37227,10
13.0080003738,80.2341003418,37227,37237,10
13.008190155,80.2331771851,37237,37247,10
13.0083799362,80.2322235107,37247,37257,10
13.0085601807,80.2312011719,37257,37266,9
13.0087404251,80.2302703857,37266,37277,11
13.0089597702,80.229133606,37277,37287,10
13.0092000961,80.2281188965,37287,37298,11
13.0096597672,80.2270736694,37298,37308,10
13.0101003647,80.2261428833,37308,37318,10
13.0105400085,80.2252578735,37318,37328,10
13.0108699799,80.2244796753,37328,37338,10
13.0111904144,80.2237167358,37338,37348,10
13.0113801956,80.2231674194,37348,37358,10
13.0116100311,80.22265625,37358,37368,10
13.0118198395,80.2219772339,37368,37378,10
13.0121002197,80.2213516235,37378,37388,10
13.0123996735,80.2214431763,37388,37398,10
13.0126304626,80.2218399048,37398,37409,11
13.0130300522,80.222366333,37409,37419,10
13.0135202408,80.2228927612,37419,37429,10
13.0139904022,80.2232894897,37429,37439,10
13.0143098831,80.2236709595,37439,37449,10
13.0147199631,80.2241210938,37449,37459,10
13.0151195526,80.2246398926,37459,37469,10
13.0154495239,80.2249298096,37469,37479,10
13.0156297684,80.2250976563,37479,37499,20
13.0156297684,80.2250976563,37499,37510,11
13.0157203674,80.2251968384,37510,37520,10
13.0159597397,80.2253265381,37520,37530,10
13.0163602829,80.2253417969,37530,37540,10
13.0169496536,80.2251586914,37540,37550,10
13.0176200867,80.2248764038,37550,37560,10
13.0183496475,80.2245788574,37560,37570,10
13.0190095901,80.224357605,37570,37580,10
13.0195903778,80.2244415283,37580,37590,10
13.0200595856,80.2247695923,37590,37600,10
13.0205698013,80.2251281738,37600,37611,11
13.0211000443,80.2255401611,37611,37621,10
13.0215196609,80.2258834839,37621,37631,10
13.0220098495,80.2261962891,37631,37772,141
13.0220098495,80.2261962891,37772,37782,10
13.0222597122,80.2264709473,37782,37792,10
13.0225896835,80.2267684937,37792,37802,10
13.0230398178,80.2271881104,37802,37813,11
13.0235500336,80.2276611328,37813,37823,10
13.0240402222,80.2281417847,37823,37833,10
13.024479866,80.2286987305,37833,37843,10
13.0249004364,80.2292861938,37843,37853,10
13.0253601074,80.2298812866,37853,37863,10
13.0257501602,80.2304763794,37863,37873,10
13.0259199142,80.2308578491,37873,37883,10
13.0259199142,80.2308731079,37883,37893,10
13.0259799957,80.2311325073,37893,37903,10
13.0262002945,80.231338501,37903,37913,10
13.0266895294,80.2312011719,37913,37924,11
13.0274600983,80.231010437,37924,37934,10
13.0282001495,80.2309188843,37934,37944,10
13.0285997391,80.2308578491,37944,37954,10
13.0286798477,80.2308425903,37954,37964,10
13.029009819,80.2308197021,37964,37974,10
13.0294799805,80.2307891846,37974,37984,10
13.0300397873,80.2307434082,37984,37994,10
13.0305900574,80.230682373,37994,38004,10
13.0310401917,80.2306365967,38004,38014,10
13.0314397812,80.2305984497,38014,38025,11
13.0320501328,80.2305374146,38025,38035,10
13.032699585,80.2304916382,38035,38045,10
13.0335502625,80.230430603,38045,38055,10
13.0339899063,80.2304077148,38055,38095,40
13.0339899063,80.2304077148,38095,38105,10
13.0342702866,80.2304229736,38105,38115,10
13.0345401764,80.2303466797,38115,38126,11
13.0348396301,80.2302322388,38126,38136,10
13.0349502563,80.230140686,38136,38146,10
13.0350904465,80.2298965454,38146,38156,10
13.0348997116,80.2298126221,38156,38166,10
13.0344800949,80.2297210693,38166,38853,687
13.0344800949,80.2297210693,38853,38863,10
13.0342102051,80.2297515869,38863,38873,10
13.0341796875,80.229850769,38873,38883,10
13.0341501236,80.2301712036,38883,38923,40
13.0341501236,80.2301712036,38923,38933,10
13.0340995789,80.2304000854,38933,38944,11
13.0339403152,80.2304534912,38944,38954,10
13.0336503983,80.230430603,38954,38964,10
13.0334596634,80.2304534912,38964,38974,10
13.0332803726,80.23046875,38974,38984,10
13.0328197479,80.2304992676,38984,38994,10
13.0322303772,80.2305603027,38994,39004,10
13.0315599442,80.2306365967,39004,39014,10
13.0308704376,80.2307128906,39014,39024,10
13.03028965,80.230758667,39024,39034,10
13.0298299789,80.2308273315,39034,39045,11
13.0298099518,80.2308273315,39045,39055,10
13.0295696259,80.2308807373,39055,39065,10
13.0292701721,80.2308883667,39065,39075,10
13.0288496017,80.2309036255,39075,39085,10
13.0283298492,80.2309417725,39085,39095,10
13.0278701782,80.2309875488,39095,39105,10
13.0277395248,80.231262207,39105,39115,10
13.0277500153,80.2317276001,39115,39125,10
13.0278396606,80.2323226929,39125,39135,10
13.027759552,80.2328109741,39135,39145,10
13.0268201828,80.232963562,39145,39216,71
13.0268201828,80.232963562,39216,39226,10
13.0266199112,80.2330093384,39226,39236,10
13.0263700485,80.2329025269,39236,39246,10
13.0261898041,80.2324295044,39246,39257,11
13.0259895325,80.2317123413,39257,39267,10
13.0257902145,80.2309799194,39267,39277,10
13.0254602432,80.23021698,39277,39287,10
13.0249900818,80.2295379639,39287,39297,10
13.0245704651,80.2290267944,39297,39307,10
13.0242900848,80.2286529541,39307,39317,10
13.0239496231,80.2282867432,39317,39337,20
13.0239496231,80.2282867432,39337,39347,10
13.0237703323,80.2280426025,39347,39358,11
13.0235204697,80.2277832031,39358,39368,10
13.0231800079,80.2274093628,39368,39378,10
13.0227203369,80.2269821167,39378,39388,10
13.0222597122,80.226600647,39388,39398,10
13.0218000412,80.2261886597,39398,39408,10
13.0212898254,80.2258224487,39408,39418,10
13.0207700729,80.2254180908,39418,39428,10
13.0204696655,80.2252197266,39428,39438,10
13.0201597214,80.2250289917,39438,39448,10
13.019780159,80.2247695923,39448,39459,11
13.0192403793,80.2245178223,39459,39469,10
13.0186004639,80.2245788574,39469,39479,10
13.017950058,80.224861145,39479,39489,10
13.0172901154,80.2251205444,39489,39499,10
13.0167198181,80.2253570557,39499,39509,10
13.0162601471,80.2255401611,39509,39519,10
13.0157299042,80.2257232666,39519,39529,10
13.0151700974,80.2259521484,39529,39539,10
13.0146598816,80.2261199951,39539,39549,10
13.0143003464,80.2263183594,39549,39580,31
13.0143003464,80.2263183594,39580,39590,10
13.013999939,80.2264404297,39590,39600,10
13.0135498047,80.2266082764,39600,39610,10
13.012960434,80.2268295288,39610,39620,10
13.012339592,80.2270889282,39620,39630,10
13.011639595,80.2273712158,39630,39640,10
13.010890007,80.2276763916,39640,39650,10
13.0101203918,80.2279891968,39650,39661,11
13.0093603134,80.2283172607,39661,39671,10
13.0090799332,80.2290115356,39671,39681,10
13.008939743,80.2297668457,39681,39691,10
13.0088100433,80.2304229736,39691,39701,10
13.0087099075,80.2309265137,39701,39711,10
13.008600235,80.2314910889,39711,39741,30
13.008600235,80.2314910889,39741,39751,10
13.0085697174,80.231552124,39751,39761,10
13.0085000992,80.2318725586,39761,39772,11
13.0084104538,80.2324066162,39772,39782,10
13.0082902908,80.2330093384,39782,39791,9
13.0082397461,80.2335205078,39791,39802,11
13.0082302094,80.2335662842,39802,39812,10
13.0081596375,80.2337265015,39812,39822,10
13.0080795288,80.2340927124,39822,39832,10
13.0079803467,80.2345733643,39832,39842,10
13.0078601837,80.235206604,39842,39852,10
13.0077199936,80.2359313965,39852,39862,10
13.0075597763,80.2366867065,39862,39873,11
13.0073699951,80.2375869751,39873,39883,10
13.0072402954,80.2383270264,39883,39893,10
13.0071001053,80.2390823364,39893,39903,10
13.0069599152,80.2396469116,39903,39913,10
13.0069103241,80.2400588989,39913,39923,10
13.0068798065,80.2404632568,39923,39933,10
13.0068702698,80.2404785156,39933,39943,10
13.0068397522,80.2407608032,39943,39953,10
13.006770134,80.2412185669,39953,39963,10
13.0067396164,80.241897583,39963,39974,11
13.0067195892,80.2426605225,39974,39984,10
13.0066900253,80.2433013916,39984,39994,10
13.0066995621,80.2440032959,39994,40004,10
13.0067195892,80.2447280884,40004,40014,10
13.0067100525,80.2454071045,40014,40024,10
13.0067300797,80.246131897,40024,40034,10
13.0067501068,80.2467727661,40034,40044,10
13.0067501068,80.2471008301,40044,40054,10
13.0067396164,80.2474136353,40054,40064,10
13.0067396164,80.2478637695,40064,40075,11
13.0067596436,80.248588562,40075,40085,10
13.0068702698,80.2495498657,40085,40105,20
13.0068702698,80.2495498657,40105,40115,10
13.0068702698,80.2496566772,40115,40125,10
13.0068397522,80.2500076294,40125,40135,10
13.0068302155,80.25050354,40135,40145,10
13.0068397522,80.2510910034,40145,40155,10
13.0067796707,80.2515411377,40155,40165,10
13.0066604614,80.2519989014,40165,40175,10
13.0065603256,80.2526168823,40175,40186,11
13.0065498352,80.2534103394,40186,40196,10
13.0065402985,80.25415802,40196,40206,10
13.0066003799,80.2549591064,40206,40216,10
13.0066299438,80.2557678223,40216,40226,10
13.0066299438,80.2565002441,40226,40236,10
13.0066795349,80.2572174072,40236,40246,10
13.0068998337,80.2578964233,40246,40256,10
13.0073604584,80.2584762573,40256,40266,10
13.0076904297,80.2586364746,40266,40276,10
13.0077495575,80.258682251,40276,40287,11
13.0080604553,80.2588272095,40287,40297,10
13.0085401535,80.2590179443,40297,40307,10
13.0091199875,80.2590789795,40307,40317,10
13.0097799301,80.2590713501,40317,40327,10
13.0105400085,80.2590713501,40327,40337,10
13.0113296509,80.2590637207,40337,40347,10
13.0121603012,80.2590713501,40347,40357,10
13.0130395889,80.2591094971,40357,40367,10
13.0139398575,80.2591400146,40367,40377,10
13.014840126,80.2591629028,40377,40388,11
13.0157604218,80.2593002319,40388,40398,10
13.0163402557,80.2595901489,40398,40408,10
13.0164003372,80.2596435547,40408,40418,10
13.0164403915,80.2596969604,40418,40428,10
13.0167198181,80.2599334717,40428,40438,10
13.0171499252,80.2602005005,40438,40448,10
13.0177097321,80.2605819702,40448,40458,10
13.0182695389,80.2609634399,40458,40468,10
13.0187702179,80.2613372803,40468,40478,10
13.0192403793,80.2617416382,40478,40488,10
13.019659996,80.2621612549,40488,40499,11
13.0201396942,80.2625808716,40499,40509,10
13.0202198029,80.2626266479,40509,40519,10
13.020529747,80.2627716064,40519,40529,10
13.0210599899,80.2629318237,40529,40539,10
13.0216503143,80.2631378174,40539,40549,10
13.0220899582,80.2633590698,40549,40558,9
13.0224304199,80.2635116577,40558,40569,11
13.022939682,80.2637634277,40569,40579,10
13.0230197906,80.2638168335,40579,40589,10
13.0232601166,80.2639923096,40589,40600,11
13.023639679,80.2642211914,40600,40610,10
13.0241203308,80.2644729614,40610,40620,10
13.0246295929,80.2648391724,40620,40630,10
13.0251102448,80.2652206421,40630,40640,10
13.0256099701,80.2655563354,40640,40650,10
13.0261096954,80.2658615112,40650,40660,10
13.0263299942,80.2655563354,40660,40670,10
13.0263900757,80.2650375366,40670,40680,10
13.0265197754,80.2639923096,40680,40701,21
13.0265197754,80.2639923096,40701,40711,10
13.0265598297,80.2638168335,40711,40721,10
13.0265798569,80.2636489868,40721,40731,10
13.0266599655,80.263381958,40731,40741,10
13.0270004272,80.2634124756,40741,40751,10
13.0274400711,80.2634811401,40751,40761,10
13.0282001495,80.2637023926,40761,40781,20
13.0282001495,80.2637023926,40781,40791,10
13.028380394,80.2637786865,40791,40802,11
13.0286502838,80.2638397217,40802,40812,10
13.029009819,80.2639312744,40812,40822,10
13.029250145,80.2641983032,40822,40832,10
13.0292797089,80.2646102905,40832,40842,10
13.029299736,80.265083313,40842,40852,10
13.0292797089,80.2655792236,40852,40862,10
13.0292396545,80.2660598755,40862,40872,10
13.0292396545,80.2660903931,40872,40882,10
13.0291795731,80.2663726807,40882,40892,10
13.0293302536,80.2665405273,40892,40903,11
13.029709816,80.2665710449,40903,40913,10
13.0302095413,80.2666320801,40913,40923,10
13.0308303833,80.266746521,40923,40933,10
13.0313596725,80.2669067383,40933,40943,10
13.0319404602,80.2671508789,40943,40953,10
13.0324001312,80.2673797607,40953,40963,10
13.0327701569,80.2676391602,40963,40973,10
13.0335702896,80.2677993774,40973,41003,30
13.0335702896,80.2677993774,41003,41014,11
13.0338697433,80.2678985596,41014,41024,10
13.0344495773,80.2679595947,41024,41054,30
13.0344495773,80.2679595947,41054,41064,10
13.0345497131,80.268157959,41064,41084,20
13.0345497131,80.268157959,41084,41094,10
13.0342197418,80.2680435181,41094,41104,10
13.0338497162,80.2679901123,41104,41115,11
13.0333204269,80.267906189,41115,41599,484
13.0333204269,80.267906189,41599,41609,10
13.0330400467,80.2677764893,41609,41619,10
13.0329399109,80.2677536011,41619,41630,11
13.0326595306,80.2676620483,41630,41640,10
13.0323801041,80.2674865723,41640,41650,10
13.0320501328,80.2673416138,41650,41660,10
13.031539917,80.2671127319,41660,41670,10
13.0310001373,80.2669296265,41670,41680,10
13.030500412,80.2668380737,41680,41690,10
13.0300397873,80.2667694092,41690,41700,10
13.0298099518,80.266708374,41700,41710,10
13.0296401978,80.2666625977,41710,41720,10
13.0294399261,80.2666320801,41720,41731,11
13.0292797089,80.2665481567,41731,41741,10
13.0290002823,80.2664413452,41741,41751,10
13.0286102295,80.2663574219,41751,41761,10
13.0282001495,80.2662963867,41761,41771,10
13.0276403427,80.2662582397,41771,41781,10
13.0270595551,80.2661819458,41781,41791,10
13.0266199112,80.2660980225,41791,41801,10
13.0265398026,80.2660827637,41801,41811,10
13.0262699127,80.2659912109,41811,41821,10
13.0259799957,80.2658233643,41821,41832,11
13.0255699158,80.2656021118,41832,41842,10
13.0252895355,80.2654418945,41842,41862,20
13.0252895355,80.2654418945,41862,41872,10
13.0250196457,80.2651901245,41872,41882,10
13.0246696472,80.2649917603,41882,41892,10
13.0242996216,80.2646789551,41892,41902,10
13.0238599777,80.2643814087,41902,41912,10
13.0234699249,80.2642974854,41912,41922,10
13.0229902267,80.263999939,41922,41933,11
13.0221796036,80.2635574341,41933,41953,20
13.0221796036,80.2635574341,41953,41963,10
13.0217695236,80.2632904053,41963,41973,10
13.0212402344,80.263130188,41973,41983,10
13.0205602646,80.2630767822,41983,41993,10
13.0200996399,80.2630462646,41993,42003,10
13.0195198059,80.2629928589,42003,42013,10
13.0189800262,80.2628631592,42013,42023,10
13.0188598633,80.262260437,42023,42033,10
13.0187501907,80.2615890503,42033,42044,11
13.0184297562,80.2611694336,42044,42054,10
13.0179901123,80.2609100342,42054,42064,10
13.0174398422,80.2605514526,42064,42074,10
13.0168800354,80.2601928711,42074,42084,10
13.0160303116,80.2597198486,42084,42104,20
13.0160303116,80.2597198486,42104,42114,10
13.0158901215,80.2596282959,42114,42124,10
13.0155200958,80.2594909668,42124,42134,10
13.0150499344,80.2593688965,42134,42145,11
13.0145101547,80.2593231201,42145,42155,10
13.0139102936,80.2593002319,42155,42165,10
13.013250351,80.2592773438,42165,42175,10
13.0125398636,80.259262085,42175,42185,10
13.0118198395,80.2592163086,42185,42195,10
13.0111103058,80.2592010498,42195,42205,10
13.0103502274,80.259262085,42205,42215,10
13.0098199844,80.2592697144,42215,42225,10
13.0096797943,80.2592697144,42225,42235,10
13.0094003677,80.259262085,42235,42246,11
13.0089597702,80.2592315674,42246,42256,10
13.0086803436,80.2592315674,42256,42266,10
13.0082397461,80.2592010498,42266,42276,10
13.0077400208,80.2593612671,42276,42286,10
13.0073404312,80.2591018677,42286,42296,10
13.0071697235,80.2587280273,42296,42306,10
13.0071697235,80.2587203979,42306,42316,10
13.007060051,80.2584915161,42316,42326,10
13.006819725,80.258102417,42326,42336,10
13.0065202713,80.2576980591,42336,42377,41
13.0065202713,80.2576980591,42377,42387,10
13.0064697266,80.2574005127,42387,42397,10
13.0065002441,80.2572402954,42397,42407,10
13.0064697266,80.2569732666,42407,42417,10
13.0064697266,80.2564926147,42417,42427,10
13.0064601898,80.255821228,42427,42437,10
13.0064897537,80.2551269531,42437,42447,10
13.0064897537,80.2544784546,42447,42458,11
13.0064697266,80.2537536621,42458,42468,10
13.0064496994,80.253326416,42468,42478,10
13.0064496994,80.2532806396,42478,42488,10
13.0064601898,80.2529296875,42488,42498,10
13.0064897537,80.2524719238,42498,42508,10
13.0066204071,80.2518768311,42508,42518,10
13.0067195892,80.2511825562,42518,42528,10
13.0066995621,80.2503509521,42528,42538,10
13.0066900253,80.2497024536,42538,42548,10
13.0067100525,80.2495727539,42548,42559,11
13.0066900253,80.2491989136,42559,42569,10
13.0066404343,80.2487487793,42569,42579,10
13.0066099167,80.2484207153,42579,42589,10
13.0066099167,80.2483596802,42589,42599,10
13.0066003799,80.2480621338,42599,42609,10
13.0066003799,80.2475662231,42609,42619,10
13.0066099167,80.2470016479,42619,42629,10
13.0065498352,80.2466964722,42629,42649,20
13.0065498352,80.2466964722,42649,42660,11
13.0066003799,80.2463912964,42660,42670,10
13.0066099167,80.2459182739,42670,42680,10
13.0066204071,80.245300293,42680,42690,10
13.0066204071,80.244758606,42690,42700,10
13.0066003799,80.2442016602,42700,42710,10
13.0066003799,80.2436599731,42710,42720,10
13.0066003799,80.2431335449,42720,42730,10
13.0065498352,80.242477417,42730,42740,10
13.0065202713,80.2418365479,42740,42750,10
13.0065202713,80.2417221069,42750,42761,11
13.006529808,80.2415771484,42761,42771,10
13.0065402985,80.2412872314,42771,42781,10
13.0066003799,80.2409362793,42781,42791,10
13.0066404343,80.2406768799,42791,42801,10
13.0067195892,80.2403182983,42801,42811,10
13.0068702698,80.2397766113,42811,42821,10
13.006939888,80.2392578125,42821,42831,10
13.007060051,80.2386169434,42831,42841,10
13.0071897507,80.2379302979,42841,42851,10
13.0073404312,80.2372589111,42851,42862,11
13.0073795319,80.2368011475,42862,42872,10
13.0073795319,80.2367935181,42872,42882,10
13.0074195862,80.2366790771,42882,42892,10
13.007519722,80.236366272,42892,42902,10
13.007610321,80.2359390259,42902,42912,10
13.0077199936,80.2354278564,42912,42922,10
13.0078496933,80.2348098755,42922,42932,10
13.0079898834,80.2341384888,42932,42942,10
13.0081501007,80.2333602905,42942,42952,10
13.008310318,80.2324981689,42952,42962,10
13.008480072,80.2315597534,42962,42973,11
13.0086803436,80.2305831909,42973,42983,10
13.0088596344,80.2297134399,42983,42993,10
13.009059906,80.2286682129,42993,43003,10
13.0093603134,80.2278137207,43003,43013,10
13.0097398758,80.2269668579,43013,43023,10
13.0100698471,80.2262496948,43023,43033,10
13.0103797913,80.2256164551,43033,43043,10
13.0106697083,80.2250289917,43043,43053,10
13.0109500885,80.2244033813,43053,43063,10
13.011179924,80.2238769531,43063,43074,11
13.0113201141,80.2234802246,43074,43084,10
13.0115499496,80.2230377197,43084,43094,10
13.0118398666,80.2223815918,43094,43104,10
13.012169838,80.2217330933,43104,43114,10
13.0124397278,80.2215805054,43114,43124,10
13.0126199722,80.2218322754,43124,43134,10
13.0128898621,80.2222213745,43134,43144,10
13.0132799149,80.2226486206,43144,43154,10
13.0137300491,80.2231063843,43154,43164,10
13.0141401291,80.2234268188,43164,43175,11
13.0143995285,80.2237319946,43175,43185,10
13.0146398544,80.2240829468,43185,43195,10
13.0150203705,80.224571228,43195,43215,20
13.0150203705,80.224571228,43215,43225,10
13.0152397156,80.2248001099,43225,43235,10
13.0155801773,80.2250137329,43235,43255,20
13.0155801773,80.2250137329,43255,43265,10
13.0156698227,80.2250976563,43265,43276,11
13.0159397125,80.2252731323,43276,43286,10
13.0163803101,80.2253265381,43286,43296,10
13.016960144,80.2251586914,43296,43306,10
13.017539978,80.2249221802,43306,43316,10
13.0181703568,80.2246627808,43316,43326,10
13.018819809,80.2244033813,43326,43336,10
13.0194997787,80.2244262695,43336,43346,10
13.0199403763,80.2246780396,43346,43356,10
13.0204000473,80.2250137329,43356,43366,10
13.0209102631,80.2253875732,43366,43376,10
13.0214500427,80.2258224487,43376,43387,11
13.0219697952,80.2261810303,43387,43407,20
13.0219697952,80.2261810303,43407,43417,10
13.0221004486,80.226272583,43417,43427,10
13.0223903656,80.2265625,43427,43437,10
13.0227899551,80.2269210815,43437,43447,10
13.0232601166,80.2273635864,43447,43457,10
13.0237598419,80.2278213501,43457,43467,10
13.0241603851,80.2282409668,43467,43477,10
13.0242795944,80.2283935547,43477,43488,11
13.0244398117,80.2286224365,43488,43498,10
13.0246896744,80.2289810181,43498,43508,10
13.0250101089,80.2294235229,43508,43518,10
13.0254001617,80.2299118042,43518,43528,10
13.0257396698,80.2304611206,43528,43538,10
13.0259199142,80.2308807373,43538,43548,10
13.0259399414,80.2309570313,43548,43558,10
13.0259599686,80.231048584,43558,43568,10
13.026049614,80.2313232422,43568,43578,10
13.0264701843,80.2312393188,43578,43589,11
13.027179718,80.231086731,43589,43599,10
13.0278396606,80.2309494019,43599,43609,10
13.0284204483,80.2308807373,43609,43619,10
13.028459549,80.2308807373,43619,43629,10
13.0287399292,80.2308807373,43629,43639,10
13.0292196274,80.2308502197,43639,43649,10
13.0297002792,80.230796814,43649,43659,10
13.0300302505,80.2307662964,43659,43669,10
13.0302495956,80.2307434082,43669,43679,10
13.0305204391,80.23072052,43679,43690,11
13.0309801102,80.2306671143,43690,43700,10
13.0312595367,80.2306518555,43700,43710,10
13.0317201614,80.2306213379,43710,43720,10
13.0322399139,80.2305831909,43720,43730,10
13.0329198837,80.2305297852,43730,43740,10
13.0332803726,80.2304992676,43740,43770,30
13.0332803726,80.2304992676,43770,43780,10
13.0333795547,80.2303771973,43780,43791,11
13.0335597992,80.2304229736,43791,43801,10
13.0340003967,80.2304534912,43801,43871,70
13.0340003967,80.2304534912,43871,43881,10
13.0342102051,80.2304763794,43881,43891,10
13.0344800949,80.2304382324,43891,43902,11
13.0347700119,80.2303390503,43902,43912,10
13.0348300934,80.2303237915,43912,43922,10
13.0349998474,80.2302017212,43922,43932,10
13.0351104736,80.2299880981,43932,43942,10
13.0349998474,80.2298965454,43942,43952,10
13.0346498489,80.229850769,43952,44194,242
13.0346498489,80.229850769,44194,44205,11
13.0342597961,80.2298583984,44205,44215,10
13.034239769,80.2300186157,44215,44225,10
13.0341997147,80.2302398682,44225,44285,60
13.0341997147,80.2302398682,44285,44295,10
13.0337200165,80.2304763794,44295,44316,21
13.0337200165,80.2304763794,44316,44326,10
13.0333499908,80.2304992676,44326,44336,10
13.0328502655,80.2305908203,44336,44346,10
13.0321903229,80.2306594849,44346,44356,10
13.0315999985,80.2306900024,44356,44366,10
13.0309696198,80.230758667,44366,44376,10
13.0304803848,80.2307891846,44376,44386,10
13.0298900604,80.2308578491,44386,44437,51
13.0298900604,80.2308578491,44437,44447,10
13.0296201706,80.2308807373,44447,44457,10
13.0293397903,80.2309265137,44457,44467,10
13.0289497375,80.2309570313,44467,44477,10
13.0283899307,80.231048584,44477,44487,10
13.0278301239,80.231086731,44487,44497,10
13.0277204514,80.2313919067,44497,44507,10
13.0277395248,80.231880188,44507,44518,11
13.0278301239,80.2324676514,44518,44528,10
13.0278396606,80.2328186035,44528,44538,10
13.0273599625,80.2329101563,44538,44548,10
13.0269498825,80.232963562,44548,44558,10
13.0265398026,80.2329177856,44558,44568,10
13.0263299942,80.232460022,44568,44578,10
13.0261497498,80.231842041,44578,44588,10
13.0259599686,80.2311706543,44588,44598,10
13.025639534,80.2304534912,44598,44608,10
13.0252199173,80.2298278809,44608,44619,11
13.024769783,80.2292633057,44619,44629,10
13.024479866,80.2288818359,44629,44639,10
13.0242795944,80.2286300659,44639,44649,10
13.0239496231,80.2283172607,44649,44669,20
13.0239496231,80.2283172607,44669,44679,10
13.0237503052,80.2280578613,44679,44689,10
13.0234298706,80.227722168,44689,44699,10
13.0230903625,80.2274017334,44699,44709,10
13.0227899551,80.2271575928,44709,44720,11
13.0223197937,80.2266998291,44720,44730,10
13.0217504501,80.2262573242,44730,44740,10
13.0212697983,80.2258377075,44740,44750,10
13.0207395554,80.2254180908,44750,44760,10
13.0202302933,80.2250976563,44760,44770,10
13.0200099945,80.2249603271,44770,44780,10
13.0198698044,80.2248535156,44780,44790,10
13.019490242,80.2246398926,44790,44800,10
13.0188703537,80.2245635986,44800,44810,10
13.0182104111,80.2248001099,44810,44820,10
13.017539978,80.2250595093,44820,44831,11
13.0168800354,80.2253265381,44831,44841,10
13.0166597366,80.2254180908,44841,44851,10
13.0164003372,80.2255020142,44851,44861,10
13.0158996582,80.2256774902,44861,44881,20
13.0158996582,80.2256774902,44881,44891,10
13.0155801773,80.2257919312,44891,44901,10
13.0152797699,80.2259216309,44901,44911,10
13.0149002075,80.2260665894,44911,44932,21
13.0149002075,80.2260665894,44932,44942,10
13.0145397186,80.2262191772,44942,44972,30
13.0145397186,80.2262191772,44972,44982,10
13.0143995285,80.2262802124,44982,44992,10
13.0140104294,80.2264328003,44992,45002,10
13.0134897232,80.2266235352,45002,45012,10
13.0128698349,80.2268600464,45012,45022,10
13.0122203827,80.2271270752,45022,45033,11
13.0113697052,80.2274627686,45033,45043,10
13.0105400085,80.2277908325,45043,45053,10
13.0096902847,80.2281265259,45053,45063,10
13.0091600418,80.2286529541,45063,45073,10
13.0089797974,80.2294387817,45073,45083,10
13.0088100433,80.2301635742,45083,45093,10
13.0086603165,80.2309036255,45093,45103,10
13.0085000992,80.2315979004,45103,45113,10
13.0083799362,80.2323226929,45113,45123,10
13.0082502365,80.232963562,45123,45134,11
13.0081996918,80.2335510254,45134,45144,10
13.0081996918,80.233581543,45144,45154,10
13.0081796646,80.2337188721,45154,45164,10
13.008099556,80.2339706421,45164,45174,10
13.0080099106,80.2344284058,45174,45184,10
13.0078897476,80.234992981,45184,45194,10
13.0078001022,80.2353286743,45194,45204,10
13.0077199936,80.2357177734,45204,45214,10
13.0075902939,80.236366272,45214,45224,10
13.0074501038,80.2371368408,45224,45235,11
13.0072803497,80.23802948,45235,45245,10
13.0071296692,80.2388000488,45245,45255,10
13.0069799423,80.2395706177,45255,45265,10
13.0068702698,80.2402877808,45265,45275,10
13.0068101883,80.240737915,45275,45285,10
13.0067996979,80.2408599854,45285,45295,10
13.0067100525,80.2411804199,45295,45305,10
13.0066604614,80.2417068481,45305,45315,10
13.0066699982,80.24243927,45315,45325,10
13.0066404343,80.2431030273,45325,45336,11
13.0066003799,80.2437896729,45336,45346,10
13.0066204071,80.2445602417,45346,45356,10
13.0066003799,80.2452774048,45356,45366,10
13.006649971,80.2460327148,45366,45376,10
13.0066795349,80.2466201782,45376,45386,10
13.0066995621,80.2471084595,45386,45396,10
13.0066795349,80.2475814819,45396,45406,10
13.006649971,80.2481231689,45406,45416,10
13.0066900253,80.2488098145,45416,45426,10
13.0067796707,80.2494506836,45426,45436,10
13.0067996979,80.2495727539,45436,45447,11
13.0068101883,80.2497024536,45447,45457,10
13.0067796707,80.2500686646,45457,45467,10
13.0067501068,80.2505569458,45467,45477,10
13.0067195892,80.251373291,45477,45497,20
13.0066604614,80.251663208,45497,45537,40
13.0066604614,80.251663208,45537,45548,11
13.0066299438,80.2518997192,45548,45558,10
13.006529808,80.2521820068,45558,45568,10
13.0064601898,80.2527236938,45568,45578,10
13.0064697266,80.2534103394,45578,45588,10
13.006480217,80.2541732788,45588,45598,10
13.0065202713,80.254989624,45598,45608,10
13.0065498352,80.2558898926,45608,45618,10
13.0065402985,80.256729126,45618,45628,10
13.006649971,80.2573623657,45628,45699,71
13.006649971,80.2573623657,45699,45709,10
13.0067996979,80.2576599121,45709,45719,10
13.0069799423,80.2580718994,45719,45729,10
13.0076503754,80.2586364746,45729,45749,20
13.0076503754,80.2586364746,45749,45760,11
13.0079498291,80.2587890625,45760,45770,10
13.0083799362,80.258972168,45770,45780,10
13.0089101791,80.2590866089,45780,45790,10
13.0095396042,80.2590789795,45790,45800,10
13.0102596283,80.2590866089,45800,45810,10
13.0109996796,80.2590789795,45810,45820,10
13.0117902756,80.2590637207,45820,45830,10
13.0126104355,80.2591018677,45830,45840,10
13.0134801865,80.2591323853,45840,45850,10
13.014380455,80.2591629028,45850,45861,11
13.0152997971,80.2592163086,45861,45871,10
13.0159702301,80.2594223022,45871,45881,10
13.0163402557,80.2596435547,45881,45891,10
13.0163602829,80.2596588135,45891,45901,10
13.016409874,80.2597122192,45901,45911,10
13.0166797638,80.2599411011,45911,45921,10
13.0171098709,80.2602005005,45921,45931,10
13.0176296234,80.260559082,45931,45941,10
13.0181398392,80.2609100342,45941,45951,10
13.0186004639,80.2612228394,45951,45962,11
13.0189199448,80.2614974976,45962,45972,10
13.0193004608,80.2618179321,45972,45982,10
13.0197000504,80.2622528076,45982,45992,10
13.0200996399,80.2625808716,45992,46002,10
13.0201101303,80.2625808716,46002,46012,10
13.020359993,80.2627334595,46012,46022,10
13.0208597183,80.262878418,46022,46032,10
13.0214700699,80.2630767822,46032,46042,10
13.0220003128,80.2633285522,46042,46052,10
13.0222997665,80.2634811401,46052,46063,11
13.0229101181,80.2637863159,46063,46083,20
13.0229101181,80.2637863159,46083,46093,10
13.0230398178,80.263961792,46093,46103,10
13.0233402252,80.2641067505,46103,46113,10
13.0237598419,80.2643203735,46113,46123,10
13.0242004395,80.2645568848,46123,46133,10
13.0246896744,80.2649307251,46133,46143,10
13.0251703262,80.2652893066,46143,46153,10
13.0256099701,80.2655792236,46153,46164,11
13.0261001587,80.2658691406,46164,46174,10
13.0262699127,80.2656707764,46174,46184,10
13.0263004303,80.2652206421,46184,46194,10
13.0263700485,80.2646484375,46194,46204,10
13.0264701843,80.2640380859,46204,46214,10
13.0264797211,80.263999939,46214,46224,10
13.0265197754,80.2638397217,46224,46234,10
13.0265197754,80.2634811401,46234,46244,10
13.0267801285,80.2634429932,46244,46254,10
13.0272302628,80.2634887695,46254,46264,10
13.027879715,80.2636795044,46264,46275,11
13.0282201767,80.2637634277,46275,46285,10
13.028459549,80.2638320923,46285,46295,10
13.0288801193,80.2639312744,46295,46305,10
13.0292396545,80.2641067505,46305,46315,10
13.0292396545,80.264503479,46315,46325,10
13.0291404724,80.2650299072,46325,46335,10
13.0291500092,80.2656784058,46335,46345,10
13.0291900635,80.2659988403,46345,46355,10
13.0291996002,80.2660903931,46355,46365,10
13.0291404724,80.2663497925,46365,46376,11
13.029299736,80.2665100098,46376,46386,10
13.0296897888,80.2665863037,46386,46396,10
13.0301198959,80.2666397095,46396,46406,10
13.0306797028,80.2667007446,46406,46416,10
13.0312404633,80.2668991089,46416,46426,10
13.0318603516,80.2671279907,46426,46436,10
13.0323400497,80.2673873901,46436,46446,10
13.032699585,80.267616272,46446,46456,10
13.0331602097,80.2677536011,46456,46466,10
13.0335502625,80.267829895,46466,46487,21
13.0335502625,80.267829895,46487,46497,10
13.033829689,80.2679214478,46497,46507,10
13.0340204239,80.2679595947,46507,46517,10
13.0342998505,80.2679977417,46517,46527,10
13.0345401764,80.2680130005,46527,46537,10
13.0345096588,80.2681503296,46537,46557,20
13.0345096588,80.2681503296,46557,46567,10
13.0343999863,80.2680969238,46567,46578,11
13.0340003967,80.2679901123,46578,46588,10
13.0335597992,80.2678985596,46588,46598,10
13.0329504013,80.2677764893,46598,46608,10
13.0326404572,80.2676010132,46608,46618,10
13.0323600769,80.2674636841,46618,46628,10
13.0317897797,80.2672119141,46628,46638,10
13.0312004089,80.266998291,46638,46648,10
13.0305099487,80.2667922974,46648,46658,10
13.0301303864,80.2666931152,46658,46668,10
13.0297803879,80.2666397095,46668,46678,10
13.029419899,80.2665863037,46678,46689,11
13.029009819,80.266418457,46689,46699,10
13.0284204483,80.2662963867,46699,46709,10
13.0279998779,80.2662277222,46709,46719,10
13.0273799896,80.2661437988,46719,46729,10
13.0269498825,80.2660827637,46729,46739,10
13.026889801,80.265953064,46739,46748,9
13.0268602371,80.26587677,46748,46759,11
13.026599884,80.2657012939,46759,47941,1182
13.026599884,80.2657012939,47941,47951,10
13.026550293,80.265411377,47951,47971,20
13.026550293,80.265411377,47971,47981,10
13.0264196396,80.26512146,47981,47991,10
13.02643013,80.2647399902,47991,48001,10
13.0264596939,80.2645187378,48001,48011,10
13.0265197754,80.2639770508,48011,48022,11
13.0266304016,80.2633666992,48022,48032,10
13.0270004272,80.2634124756,48032,48042,10
13.0275802612,80.2635116577,48042,48052,10
13.0283002853,80.2637329102,48052,48062,10
13.0289201736,80.2639007568,48062,48072,10
13.0292396545,80.2641220093,48072,48082,10
13.0292196274,80.2645111084,48082,48092,10
13.0292596817,80.2651367188,48092,48102,10
13.0292396545,80.2658233643,48102,48112,10
13.0291595459,80.2663192749,48112,48122,10
13.0292797089,80.2665100098,48122,48132,10
13.0295696259,80.2665328979,48132,48143,11
13.0299797058,80.2665863037,48143,48153,10
13.030579567,80.2667007446,48153,48163,10
13.0311603546,80.2668380737,48163,48173,10
13.031920433,80.2671508789,48173,48183,10
13.0323801041,80.2673492432,48183,48193,10
13.0327501297,80.267616272,48193,48203,10
13.0331602097,80.2677078247,48203,48213,10
13.0336198807,80.2678070068,48213,48223,10
13.0344400406,80.2679519653,48223,48254,31
13.0344400406,80.2679519653,48254,48264,10
13.0345697403,80.2681121826,48264,48274,10
13.0344600677,80.2681274414,48274,48284,10
13.0343799591,80.2680587769,48284,48294,10
13.0339698792,80.2679672241,48294,48304,10
13.0333995819,80.2678909302,48304,48385,81
13.0333995819,80.2678909302,48385,48395,10
13.0332202911,80.2678070068,48395,48405,10
13.0329303741,80.2677383423,48405,48415,10
13.03262043,80.267616272,48415,48425,10
13.0324802399,80.2675323486,48425,48435,10
13.0320701599,80.2673110962,48435,48446,11
13.0314598083,80.2670135498,48446,48456,10
13.0308303833,80.2667999268,48456,48466,10
13.0301504135,80.2666778564,48466,48476,10
13.0297403336,80.2666091919,48476,48486,10
13.0297203064,80.2666091919,48486,48496,10
13.0294303894,80.2665634155,48496,48506,10
13.029299736,80.2665634155,48506,48516,10
13.0290603638,80.266418457,48516,48526,10
13.028550148,80.2663192749,48526,48536,10
13.0279903412,80.266242981,48536,48547,11
13.0272397995,80.2661437988,48547,48557,10
13.0267000198,80.2660522461,48557,48567,10
13.02643013,80.2659835815,48567,48587,20
13.02643013,80.2659835815,48587,48597,10
13.026260376,80.26587677,48597,48607,10
13.0260000229,80.2658004761,48607,48617,10
13.0256204605,80.2655792236,48617,48627,10
13.0252103806,80.2653579712,48627,48648,21
13.0252103806,80.2653579712,48648,48658,10
13.0249996185,80.2651824951,48658,48668,10
13.0245704651,80.2648773193,48668,48678,10
13.0239896774,80.2644729614,48678,48688,10
13.0233802795,80.2641525269,48688,48698,10
13.0228004456,80.2638473511,48698,48708,10
13.0221395493,80.2635192871,48708,48728,20
13.0221395493,80.2635192871,48728,48738,10
13.021780014,80.2632980347,48738,48747,9
13.021320343,80.2631225586,48747,48759,12
13.0204896927,80.2630386353,48759,48769,10
13.0198402405,80.2629776001,48769,48779,10
13.0191497803,80.2629165649,48779,48789,10
13.018910408,80.2625427246,48789,48799,10
13.0188102722,80.2618408203,48799,48809,10
13.0185499191,80.2612533569,48809,48819,10
13.0179595947,80.2608718872,48819,48829,10
13.0173597336,80.2604675293,48829,48839,10
13.0167703629,80.2600708008,48839,48849,10
13.016289711,80.2598114014,48849,48870,21
13.016289711,80.2598114014,48870,48880,10
13.0162496567,80.259803772,48880,48890,10
13.0159797668,80.2596817017,48890,48900,10
13.0155496597,80.2595062256,48900,48910,10
13.0149898529,80.2593612671,48910,48920,10
13.0144195557,80.2593231201,48920,48930,10
13.0137395859,80.2593002319,48930,48940,10
13.0129804611,80.2592697144,48940,48950,10
13.012169838,80.2592391968,48950,48961,11
13.0113401413,80.2591934204,48961,48971,10
13.0105600357,80.2592163086,48971,48981,10
13.0098104477,80.2592697144,48981,49061,80
13.0098104477,80.2592697144,49061,49072,11
13.0093898773,80.259147644,49072,49082,10
13.0089797974,80.2591400146,49082,49092,10
13.0086803436,80.2591400146,49092,49102,10
13.0083799362,80.2591171265,49102,49112,10
13.0078802109,80.2592086792,49112,49122,10
13.0073795319,80.2592086792,49122,49132,10
13.0072202682,80.2588806152,49132,49142,10
13.0072002411,80.2588424683,49142,49152,10
13.0071201324,80.2586364746,49152,49162,10
13.0069303513,80.2583312988,49162,49173,11
13.0067996979,80.2580032349,49173,49183,10
13.0066404343,80.2578125,49183,49193,10
13.006529808,80.2576675415,49193,49203,10
13.0064897537,80.2572937012,49203,49213,10
13.0064096451,80.2568588257,49213,49223,10
13.0064296722,80.256149292,49223,49233,10
13.0064601898,80.2554016113,49233,49243,10
13.0065002441,80.2547607422,49243,49253,10
13.0064897537,80.2540664673,49253,49263,10
13.0064697266,80.2533493042,49263,49274,11
13.0064601898,80.2531204224,49274,49284,10
13.0064601898,80.2529983521,49284,49294,10
13.0064601898,80.2526626587,49294,49304,10
13.0064897537,80.2523727417,49304,49354,50
13.0064897537,80.2523727417,49354,49364,10
13.0065097809,80.2521514893,49364,49375,11
13.0066003799,80.2517700195,49375,49385,10
13.0066995621,80.2512283325,49385,49395,10
13.0066900253,80.2505187988,49395,49405,10
13.0066995621,80.2498092651,49405,49415,10
13.006649971,80.2491836548,49415,49425,10
13.0066099167,80.2485427856,49425,49435,10
13.0065698624,80.2480773926,49435,49465,30
13.0065698624,80.2480773926,49465,49475,10
13.0065603256,80.247833252,49475,49486,11
13.0065498352,80.2473373413,49486,49496,10
13.0065698624,80.2468414307,49496,49506,10
13.0065202713,80.2466430664,49506,49516,10
13.0065402985,80.2464599609,49516,49526,10
13.0066003799,80.2460327148,49526,49536,10
13.0066003799,80.2454910278,49536,49546,10
13.0065898895,80.2448883057,49546,49556,10
13.0065803528,80.2443008423,49556,49566,10
13.0065402985,80.2438201904,49566,49576,10
13.0065402985,80.2432022095,49576,49587,11
13.0065202713,80.2424926758,49587,49597,10
13.0065202713,80.2417526245,49597,49607,10
13.0065603256,80.2409896851,49607,49617,10
13.0066204071,80.2405700684,49617,49627,10
13.0066204071,80.240562439,49627,49637,10
13.0066795349,80.2403717041,49637,49647,10
13.0066995621,80.2402420044,49647,49657,10
13.0067996979,80.2399215698,49657,49667,10
13.0068998337,80.2394332886,49667,49677,10
13.0069904327,80.2387771606,49677,49688,11
13.0071201324,80.2379989624,49688,49698,10
13.0073204041,80.2372665405,49698,49708,10
13.0074195862,80.2367172241,49708,49718,10
13.0074300766,80.236656189,49718,49728,10
13.0074901581,80.2364578247,49728,49738,10
13.0075798035,80.2360305786,49738,49748,10
13.0076904297,80.2354888916,49748,49758,10
13.007809639,80.2348327637,49758,49768,10
13.0079402924,80.2341079712,49768,49778,10
13.0081195831,80.2332992554,49778,49789,11
13.0082902908,80.2322692871,49789,49799,10
13.0084495544,80.2313232422,49799,49809,10
13.008600235,80.2303390503,49809,49819,10
13.0088100433,80.2293395996,49819,49829,10
13.0090398788,80.2283935547,49829,49839,10
13.0093898773,80.2274932861,49839,49848,9
13.0097703934,80.2266998291,49848,49859,11
13.0101804733,80.2258377075,49859,49869,10
13.0104398727,80.2252502441,49869,49879,10
13.0106801987,80.2248077393,49879,49889,10
13.0108995438,80.224281311,49889,49900,11
13.0111904144,80.2235870361,49900,49910,10
13.0114002228,80.2229995728,49910,49920,10
13.0116996765,80.2223205566,49920,49930,10
13.0119495392,80.2217102051,49930,49940,10
13.0122003555,80.2213821411,49940,49950,10
13.0124702454,80.2216186523,49950,49960,10
13.0128097534,80.2220535278,49960,49970,10
13.0132398605,80.2225570679,49970,49980,10
13.0137300491,80.2231369019,49980,49990,10
13.0143003464,80.2237625122,49990,50001,11
13.0148000717,80.2244186401,50001,50011,10
13.0151395798,80.2247695923,50011,50021,10
13.015540123,80.2250137329,50021,50041,20
13.015540123,80.2250137329,50041,50051,10
13.0156202316,80.2250976563,50051,50061,10
13.0159797668,80.2252883911,50061,50071,10
13.0166196823,80.225227356,50071,50081,10
13.0173397064,80.2249603271,50081,50091,10
13.0179901123,80.2247085571,50091,50101,10
13.0186595917,80.2244262695,50101,50112,11
13.0194797516,80.2244033813,50112,50122,10
13.0199203491,80.2246398926,50122,50132,10
13.0204000473,80.2250137329,50132,50142,10
13.020939827,80.225402832,50142,50152,10
13.0213899612,80.2257919312,50152,50162,10
13.0219497681,80.2261886597,50162,50182,20
13.0219497681,80.2261886597,50182,50192,10
13.0221300125,80.2263412476,50192,50202,10
13.0224895477,80.2266464233,50202,50213,11
13.0230503082,80.2271499634,50213,50223,10
13.0235595703,80.2276382446,50223,50233,10
13.0240697861,80.2281036377,50233,50243,10
13.0244998932,80.2286529541,50243,50253,10
13.0249700546,80.2293395996,50253,50263,10
13.0255203247,80.2300720215,50263,50273,10
13.0258998871,80.2307510376,50273,50283,10
13.0260000229,80.2310333252,50283,50293,10
13.02602005,80.2312164307,50293,50303,10
13.0262403488,80.2313537598,50303,50314,11
13.0267400742,80.2312088013,50314,50324,10
13.0273799896,80.2310409546,50324,50334,10
13.0281295776,80.2309417725,50334,50344,10
13.0284404755,80.2308883667,50344,50354,10
13.0285902023,80.2308807373,50354,50364,10
13.0289802551,80.2308425903,50364,50374,10
13.0293598175,80.230796814,50374,50384,10
13.0298204422,80.2307434082,50384,50394,10
13.0303401947,80.2306976318,50394,50404,10
13.0305404663,80.2306900024,50404,50415,11
13.0309696198,80.2306594849,50415,50425,10
13.0313596725,80.2306213379,50425,50435,10
13.0319099426,80.2305908203,50435,50445,10
13.0326099396,80.2305297852,50445,50455,10
13.033249855,80.2304763794,50455,50465,10
13.0337200165,80.2304763794,50465,50485,20
13.0337200165,80.2304763794,50485,50495,10
13.0340499878,80.2304611206,50495,50505,10
13.0344104767,80.2303619385,50505,50546,41
13.0344104767,80.2303619385,50546,50556,10
13.0344495773,80.2303237915,50556,50566,10
13.0346298218,80.2302780151,50566,50576,10
13.0349197388,80.2301635742,50576,50637,61
13.0349197388,80.2301635742,50637,50647,10
13.0349302292,80.2297821045,50647,50768,121
13.0346097946,80.2298278809,50768,50919,151
13.034239769,80.2297821045,50919,51101,182
13.034239769,80.2297821045,51101,51111,10
13.0341796875,80.23021698,51111,51131,20
13.0341796875,80.23021698,51131,51142,11
13.0339202881,80.2304229736,51142,51152,10
13.0335502625,80.23046875,51152,51162,10
13.0334701538,80.2304611206,51162,51172,10
13.0331602097,80.23046875,51172,51182,10
13.0326404572,80.2305221558,51182,51192,10
13.0320596695,80.2305908203,51192,51202,10
13.0314502716,80.2306518555,51202,51212,10
13.030960083,80.2307128906,51212,51222,10
13.0308599472,80.23072052,51222,51232,10
13.0306100845,80.2307434082,51232,51243,11
13.0300998688,80.230796814,51243,51253,10
13.029800415,80.2308425903,51253,51263,10
13.029709816,80.2308273315,51263,51283,20
13.029709816,80.2308273315,51283,51293,10
13.0295600891,80.2308273315,51293,51303,10
13.0291795731,80.2308731079,51303,51313,10
13.0286502838,80.2309417725,51313,51323,10
13.0280103683,80.2309799194,51323,51333,10
13.0276699066,80.2310562134,51333,51344,11
13.0277004242,80.2314910889,51344,51354,10
13.0277700424,80.2320480347,51354,51364,10
13.027879715,80.2326583862,51364,51374,10
13.0275096893,80.2328262329,51374,51384,10
13.0269498825,80.2329406738,51384,51394,10
13.0266103745,80.2330093384,51394,51403,9
13.0263900757,80.2328186035,51403,51414,11
13.0261697769,80.2322921753,51414,51424,10
13.0260000229,80.2316131592,51424,51434,10
13.0257997513,80.2309494019,51434,51444,10
13.0254802704,80.2302780151,51444,51455,11
13.0250196457,80.2295837402,51455,51465,10
13.0246801376,80.2291412354,51465,51475,10
13.0246400833,80.2290878296,51475,51485,10
13.0245800018,80.229019165,51485,51495,10
13.0243396759,80.2286987305,51495,51505,10
13.0239801407,80.2283096313,51505,51525,20
13.0239801407,80.2283096313,51525,51535,10
13.0237903595,80.2280197144,51535,51545,10
13.0234498978,80.2276763916,51545,51556,11
13.0229301453,80.2271881104,51556,51566,10
13.0223999023,80.2266769409,51566,51576,10
13.0218801498,80.2261962891,51576,51586,10
13.0212697983,80.2257385254,51586,51596,10
13.02064991,80.2252807617,51596,51606,10
13.0198001862,80.2247085571,51606,51646,40
13.0198001862,80.2247085571,51646,51657,11
13.0196199417,80.2245864868,51657,51667,10
13.0191202164,80.2244567871,51667,51677,10
13.0184001923,80.2246398926,51677,51687,10
13.0176296234,80.2249603271,51687,51697,10
13.0169095993,80.2252731323,51697,51707,10
13.0163602829,80.225479126,51707,51717,10
13.0158004761,80.2256774902,51717,51727,10
13.0151500702,80.2259368896,51727,51737,10
13.0145797729,80.2261810303,51737,51758,21
13.0145797729,80.2261810303,51758,51768,10
13.0144996643,80.2262268066,51768,51778,10
13.0141201019,80.2263793945,51778,51788,10
13.0135498047,80.2265930176,51788,51798,10
13.0129003525,80.2268295288,51798,51808,10
13.0121603012,80.2271194458,51808,51818,10
13.0113601685,80.2274627686,51818,51828,10
13.0105600357,80.2277832031,51828,51838,10
13.0097703934,80.2280731201,51838,51848,10
13.0091600418,80.2286376953,51848,51858,10
13.0089797974,80.2295379639,51858,51869,11
13.008769989,80.2306671143,51869,51879,10
13.0085601807,80.2317428589,51879,51889,10
13.0083599091,80.2328186035,51889,51899,10
13.0082798004,80.2335510254,51899,51909,10
13.0082502365,80.2336196899,51909,51919,10
13.0081596375,80.2338180542,51919,51929,10
13.0080795288,80.2342224121,51929,51939,10
13.0079803467,80.2347564697,51939,51949,10
13.0078697205,80.2352981567,51949,51959,10
13.0077400208,80.2359771729,51959,51970,11
13.0075502396,80.236907959,51970,51980,10
13.0073699951,80.2378234863,51980,51990,10
13.0072202682,80.2386322021,51990,52000,10
13.0070800781,80.2394104004,52000,52010,10
13.0069599152,80.2400283813,52010,52071,61
13.0069599152,80.2400283813,52071,52081,10
13.0069599152,80.2404098511,52081,52091,10
13.0068998337,80.2407836914,52091,52101,10
13.0068998337,80.2407913208,52101,52111,10
13.0068302155,80.2410812378,52111,52121,10
13.0067901611,80.2416687012,52121,52131,10
13.0067596436,80.2424316406,52131,52141,10
13.0067195892,80.2432403564,52141,52151,10
13.0067195892,80.2440567017,52151,52161,10
13.0067195892,80.2450332642,52161,52171,10
13.0067396164,80.2460784912,52171,52182,11
13.006770134,80.2471466064,52182,52191,9
13.0067501068,80.2479171753,52191,52202,11
13.006819725,80.248916626,52202,52212,10
13.0068902969,80.2495574951,52212,52222,10
13.0068902969,80.2496337891,52222,52232,10
13.0068902969,80.2498626709,52232,52242,10
13.0068597794,80.2503204346,52242,52252,10
13.0068702698,80.2509307861,52252,52262,10
13.0067996979,80.2516098022,52262,52272,10
13.0066204071,80.2523803711,52272,52283,11
13.0066099167,80.2533569336,52283,52293,10
13.0066204071,80.2543029785,52293,52303,10
13.006649971,80.2553024292,52303,52313,10
13.0066604614,80.2563400269,52313,52323,10
13.0067195892,80.2572631836,52323,52394,71
13.0067195892,80.2572631836,52394,52404,10
13.0067195892,80.2574462891,52404,52414,10
13.0068998337,80.2578811646,52414,52424,10
13.0072603226,80.2583694458,52424,52434,10
13.0076999664,80.2586364746,52434,52444,10
13.0077199936,80.2586517334,52444,52454,10
13.0078802109,80.2587432861,52454,52464,10
13.0082798004,80.2589111328,52464,52474,10
13.0087604523,80.2590332031,52474,52485,11
13.0094499588,80.2590179443,52485,52495,10
13.0102396011,80.2590332031,52495,52505,10
13.0111398697,80.2590332031,52505,52515,10
13.0120601654,80.2590408325,52515,52525,10
13.0130796432,80.2590866089,52525,52535,10
13.0141801834,80.2591400146,52535,52545,10
13.0153102875,80.2592086792,52545,52555,10
13.016119957,80.2594680786,52555,52565,10
13.0163602829,80.2596206665,52565,52575,10
13.0164699554,80.2597427368,52575,52585,10
13.0168600082,80.2600097656,52585,52596,11
13.0174198151,80.260383606,52596,52606,10
13.017999649,80.2607727051,52606,52616,10
13.0185003281,80.2611312866,52616,52626,10
13.0189199448,80.26146698,52626,52636,10
13.0193996429,80.2618865967,52636,52646,10
13.0198602676,80.2623596191,52646,52656,10
13.0201301575,80.2625579834,52656,52666,10
13.0201997757,80.2626113892,52666,52676,10
13.0205898285,80.2627792358,52676,52687,11
13.0212898254,80.2630233765,52687,52697,10
13.0219097137,80.2632827759,52697,52707,10
13.0221996307,80.263420105,52707,52717,10
13.022600174,80.2636413574,52717,52727,10
13.0229501724,80.2638397217,52727,52737,10
13.0229597092,80.2638397217,52737,52747,10
13.0231199265,80.2639083862,52747,52757,10
13.0233001709,80.2640228271,52757,52767,10
13.0236797333,80.2642364502,52767,52777,10
13.0242595673,80.2645797729,52777,52787,10
13.0248203278,80.2649917603,52787,52798,11
13.0254898071,80.2654495239,52798,52808,10
13.0260601044,80.2657623291,52808,52818,10
13.0262899399,80.2657775879,52818,52828,10
13.0263299942,80.265411377,52828,52838,10
13.0263900757,80.264831543,52838,52848,10
13.0264797211,80.2642211914,52848,52858,10
13.0265102386,80.2640304565,52858,52868,10
13.026550293,80.2638473511,52868,52878,10
13.0266199112,80.2634277344,52878,52888,10
13.0270700455,80.2634811401,52888,52899,11
13.0276203156,80.2635803223,52899,52909,10
13.0282897949,80.2638015747,52909,52919,10
13.0289497375,80.263999939,52919,52929,10
13.0292701721,80.2642211914,52929,52939,10
13.0292797089,80.2646789551,52939,52949,10
13.0292901993,80.2653579712,52949,52959,10
13.0292701721,80.2659606934,52959,52979,20
13.0292701721,80.2659606934,52979,52989,10
13.0292301178,80.26612854,52989,53000,11
13.0291795731,80.2662582397,53000,53010,10
13.0293397903,80.2664413452,53010,53020,10
13.0296201706,80.2665405273,53020,53030,10
13.0301103592,80.2666168213,53030,53040,10
13.0307998657,80.266746521,53040,53050,10
13.0314702988,80.2669906616,53050,53060,10
13.0320301056,80.267250061,53060,53070,10
13.0324401855,80.2674026489,53070,53080,10
13.0328798294,80.2676620483,53080,53090,10
13.033780098,80.2678527832,53090,53131,41
13.033780098,80.2678527832,53131,53141,10
13.0339202881,80.2679519653,53141,53151,10
13.0345001221,80.2680282593,53151,53171,20
13.0345001221,80.2680282593,53171,53181,10
13.0345897675,80.268119812,53181,53191,10
13.0344896317,80.268157959,53191,53201,10
13.0343904495,80.2680435181,53201,53212,11
13.0340299606,80.2679595947,53212,53222,10
13.0333795547,80.267868042,53222,54181,959
13.0333795547,80.267868042,54181,54191,10
13.0332603455,80.2678604126,54191,54201,10
13.0329399109,80.267791748,54201,54211,10
13.0326499939,80.2676620483,54211,54272,61
13.0326499939,80.2676620483,54272,54282,10
13.0323801041,80.2674026489,54282,54292,10
13.0319404602,80.2671813965,54292,54302,10
13.0313596725,80.2669525146,54302,54312,10
13.0306301117,80.2667922974,54312,54322,10
13.0297603607,80.2666397095,54322,54342,20
13.0297603607,80.2666397095,54342,54353,11
13.0292797089,80.2665405273,54353,54363,10
13.0288000107,80.2663879395,54363,54373,10
13.0281400681,80.2662734985,54373,54383,10
13.0274496078,80.2662200928,54383,54393,10
13.0268201828,80.26612854,54393,54403,10
13.0263595581,80.2660064697,54403,54423,20
13.0263595581,80.2660064697,54423,54433,10
13.026260376,80.265953064,54433,54444,11
13.0258903503,80.2657394409,54444,54454,10
13.0251998901,80.265296936,54454,54474,20
13.0251998901,80.265296936,54474,54484,10
13.0249795914,80.2650985718,54484,54494,10
13.0245895386,80.2647781372,54494,54503,9
13.0241098404,80.2644424438,54503,54514,11
13.0234899521,80.2641601563,54514,54524,10
13.0228595734,80.2638778687,54524,54534,10
13.0221595764,80.2635192871,54534,54555,21
13.0221595764,80.2635192871,54555,54565,10
13.0218896866,80.263343811,54565,54575,10
13.0214595795,80.2631378174,54575,54585,10
13.0208597183,80.2630462646,54585,54595,10
13.0202503204,80.2630233765,54595,54605,10
13.0196695328,80.2629776001,54605,54615,10
13.0191402435,80.2629165649,54615,54625,10
13.0189199448,80.2624664307,54625,54635,10
13.0188302994,80.2618637085,54635,54646,11
13.0187196732,80.2613677979,54646,54656,10
13.0183496475,80.2610626221,54656,54666,10
13.0177898407,80.2606811523,54666,54676,10
13.0171699524,80.260269165,54676,54686,10
13.016500473,80.2598571777,54686,54696,10
13.0161104202,80.2596817017,54696,54706,10
13.0160999298,80.2596817017,54706,54716,10
13.0159502029,80.2595977783,54716,54726,10
13.0155496597,80.2594528198,54726,54736,10
13.0150098801,80.2593307495,54736,54746,10
13.0144195557,80.2592926025,54746,54757,11
13.0136804581,80.259262085,54757,54767,10
13.0128898621,80.2592315674,54767,54777,10
13.0120201111,80.2591934204,54777,54787,10
13.0111598969,80.2591629028,54787,54797,10
13.0098104477,80.2592391968,54797,54817,20
13.0098104477,80.2592391968,54817,54827,10
13.0097398758,80.2592391968,54827,54837,10
13.0093803406,80.2592163086,54837,54847,10
13.0090303421,80.2592163086,54847,54858,11
13.0087404251,80.2592391968,54858,54868,10
13.0084199905,80.2592086792,54868,54878,10
13.0078897476,80.2592697144,54878,54888,10
13.007399559,80.2592010498,54888,54898,10
13.0071897507,80.2587509155,54898,54907,9
13.0071697235,80.2586975098,54907,54918,11
13.0070800781,80.2584991455,54918,54928,10
13.0068798065,80.2581176758,54928,54938,10
13.0066003799,80.2576904297,54938,54989,51
13.0066003799,80.2576904297,54989,54999,10
13.0063495636,80.2572097778,54999,55009,10
13.0063800812,80.2567977905,55009,55019,10
13.0064401627,80.2561798096,55019,55029,10
13.006480217,80.2554397583,55029,55039,10
13.0065097809,80.254699707,55039,55049,10
13.0065202713,80.2543106079,55049,55059,10
13.0065202713,80.2541885376,55059,55070,11
13.0065402985,80.2537384033,55070,55080,10
13.0065402985,80.2532196045,55080,55090,10
13.0065402985,80.2531814575,55090,55100,10
13.0065498352,80.2528533936,55100,55110,10
13.0066099167,80.2523193359,55110,55120,10
13.0066995621,80.2518081665,55120,55191,71
13.0066995621,80.2518081665,55191,55201,10
13.0067996979,80.2515487671,55201,55211,10
13.0068397522,80.2510910034,55211,55221,10
13.006819725,80.2503890991,55221,55231,10
13.0067996979,80.2495193481,55231,55241,10
13.0067396164,80.248588562,55241,55251,10
13.0066404343,80.2474975586,55251,55312,61
13.0066404343,80.2474975586,55312,55322,10
13.0066604614,80.2472610474,55322,55332,10
13.0066099167,80.2465667725,55332,55352,20
13.0066099167,80.2465667725,55352,55362,10
13.0066404343,80.2462234497,55362,55373,11
13.0066299438,80.2455978394,55373,55383,10
13.0066299438,80.2449264526,55383,55393,10
13.0066604614,80.2444534302,55393,55403,10
13.0066404343,80.2439880371,55403,55413,10
13.0066299438,80.2435379028,55413,55423,10
13.0066003799,80.2430267334,55423,55433,10
13.0065698624,80.2423629761,55433,55443,10
13.0065498352,80.2417907715,55443,55453,10
13.0065498352,80.2417526245,55453,55463,10
13.0065603256,80.2415313721,55463,55474,11
13.0066099167,80.2410430908,55474,55484,10
13.0066699982,80.2406311035,55484,55494,10
13.0067596436,80.2403106689,55494,55504,10
13.0068597794,80.2398223877,55504,55514,10
13.0068998337,80.2394104004,55514,55523,9
13.0070199966,80.2388000488,55523,55534,11
13.0071802139,80.237991333,55534,55544,10
13.0073099136,80.2373962402,55544,55554,10
13.0073204041,80.2373123169,55554,55564,10
13.0073604584,80.2370223999,55564,55574,10
13.0073699951,80.236869812,55574,55585,11
13.0074501038,80.2366027832,55585,55595,10
13.0075502396,80.2362365723,55595,55605,10
13.0076398849,80.2357177734,55605,55615,10
13.0077695847,80.2350769043,55615,55625,10
13.0079097748,80.2343521118,55625,55635,10
13.0080900192,80.2335205078,55635,55645,10
13.0082702637,80.2325668335,55645,55655,10
13.0084495544,80.2316436768,55655,55665,10
13.0086202621,80.2307510376,55665,55675,10
13.0088100433,80.2297592163,55675,55686,11
13.0090303421,80.2287597656,55686,55696,10
13.0092496872,80.2279510498,55696,55706,10
13.0096197128,80.2271194458,55706,55716,10
13.0100402832,80.2261886597,55716,55726,10
13.0104398727,80.2254104614,55726,55736,10
13.0106201172,80.2249984741,55736,55746,10
13.010840416,80.2246627808,55746,55756,10
13.0110998154,80.2240371704,55756,55766,10
13.011349678,80.2232666016,55766,55776,10
13.0116901398,80.2224884033,55776,55787,11
13.0119800568,80.2216033936,55787,55797,10
13.0123500824,80.221496582,55797,55807,10
13.0125904083,80.2218399048,55807,55817,10
13.0129404068,80.2222518921,55817,55827,10
13.0134496689,80.2228469849,55827,55837,10
13.013879776,80.2233123779,55837,55847,10
13.0141496658,80.2236328125,55847,55857,10
13.0145797729,80.2241287231,55857,55867,10
13.0150699615,80.2246322632,55867,55877,10
13.0153598785,80.2248077393,55877,55888,11
13.0155096054,80.224937439,55888,55898,10
13.0157604218,80.2251586914,55898,55908,10
13.0163002014,80.2252426147,55908,55918,10
13.0170202255,80.2250213623,55918,55928,10
13.017829895,80.2247009277,55928,55938,10
13.0186901093,80.2243728638,55938,55947,9
13.0193195343,80.2243118286,55947,55957,10
13.019490242,80.224357605,55957,55968,11
13.0196304321,80.2244415283,55968,55978,10
13.0200004578,80.2247009277,55978,55989,11
13.0205602646,80.2250976563,55989,55999,10
13.0211000443,80.2254867554,55999,56009,10
13.0215997696,80.2258605957,56009,56019,10
13.0218896866,80.2260513306,56019,56029,10
13.021900177,80.2260513306,56029,56039,10
13.0221004486,80.2262496948,56039,56049,10
13.0225095749,80.2266082764,56049,56059,10
13.0230302811,80.2270584106,56059,56069,10
13.0235595703,80.2275466919,56069,56079,10
13.0241003036,80.2280502319,56079,56089,10
13.0245199203,80.2286224365,56089,56100,11
13.0249795914,80.2292785645,56100,56110,10
13.0254802704,80.2299499512,56110,56120,10
13.0258398056,80.2305984497,56120,56130,10
13.0259599686,80.2310028076,56130,56140,10
13.0259504318,80.231010437,56140,56150,10
13.0259199142,80.2312469482,56150,56160,10
13.0263595581,80.2311782837,56160,56170,10
13.0270395279,80.231010437,56170,56180,10
13.0278100967,80.2309036255,56180,56190,10
13.0283498764,80.2308120728,56190,56201,11
13.0284996033,80.2308502197,56201,56211,10
13.0291595459,80.2307815552,56211,56231,20
13.0291595459,80.2307815552,56231,56241,10
13.0294399261,80.2307434082,56241,56251,10
13.0299301147,80.2307128906,56251,56261,10
13.030500412,80.2306594849,56261,56271,10
13.0310001373,80.2305908203,56271,56281,10
13.0315599442,80.2305297852,56281,56291,10
13.0322799683,80.2304916382,56291,56302,11
13.0329999924,80.2304382324,56302,56312,10
13.0333995819,80.2304229736,56312,56322,10
13.0337600708,80.2303771973,56322,56332,10
13.0339698792,80.2303924561,56332,56342,10
13.034239769,80.2303771973,56342,56352,10
13.0345201492,80.2302932739,56352,56372,20
13.0345201492,80.2302932739,56372,56382,10
13.0346097946,80.2302474976,56382,56392,10
13.0348796844,80.2301635742,56392,56403,11
13.0350103378,80.2300186157,56403,56413,10
13.0350399017,80.2298126221,56413,56423,10
13.0347795486,80.2297821045,56423,56433,10
13.0344800949,80.2297515869,56433,56554,121
13.0341701508,80.2299575806,56554,57089,535
13.0342197418,80.2302932739,57089,57170,81
13.0342197418,80.2302932739,57170,57180,10
13.0339202881,80.2304763794,57180,57190,10
13.0338497162,80.2304916382,57190,57200,10
13.0336503983,80.2305221558,57200,57210,10
13.0335798264,80.2305221558,57210,57220,10
13.0333003998,80.2305221558,57220,57231,11
13.0327396393,80.2305831909,57231,57241,10
13.032119751,80.2306289673,57241,57251,10
13.0314502716,80.2306976318,57251,57261,10
13.0308303833,80.2307662964,57261,57271,10
13.0303401947,80.2308120728,57271,57281,10
13.0298595428,80.2308578491,57281,57291,10
13.029800415,80.2308578491,57291,57301,10
13.0296602249,80.2308807373,57301,57311,10
13.029299736,80.2309417725,57311,57321,10
13.0287799835,80.2309799194,57321,57332,11
13.0281095505,80.231048584,57332,57342,10
13.0277204514,80.2310791016,57342,57352,10
13.027680397,80.231338501,57352,57362,10
13.0277500153,80.2317810059,57362,57372,10
13.0278701782,80.2324371338,57372,57382,10
13.0277500153,80.2328033447,57382,57392,10
13.0272703171,80.2329025269,57392,57402,10
13.0269603729,80.2329864502,57402,57463,61
13.0269603729,80.2329864502,57463,57473,10
13.0268096924,80.2330627441,57473,57483,10
13.0265703201,80.2330780029,57483,57493,10
13.0263500214,80.2328033447,57493,57503,10
13.0262002945,80.2322769165,57503,57513,10
13.0260000229,80.2315597534,57513,57523,10
13.025759697,80.230758667,57523,57533,10
13.0253295898,80.2300033569,57533,57544,11
13.0247898102,80.2292785645,57544,57554,10
13.0243396759,80.2286834717,57554,57564,10
13.0239696503,80.2282867432,57564,57574,10
13.0239496231,80.2282562256,57574,57584,10
13.023900032,80.2281799316,57584,57594,10
13.0238800049,80.2281570435,57594,57604,10
13.0236997604,80.2279434204,57604,57614,10
13.023349762,80.2275924683,57614,57624,10
13.0228595734,80.2271499634,57624,57634,10
13.0223302841,80.2266387939,57634,57645,11
13.0218095779,80.2261810303,57645,57655,10
13.0212802887,80.2257766724,57655,57665,10
13.0208396912,80.2254180908,57665,57675,10
13.0203895569,80.225151062,57675,57685,10
13.0198202133,80.2247390747,57685,57695,10
13.0190496445,80.2244873047,57695,57705,10
13.018119812,80.2247695923,57705,57715,10
13.0172395706,80.2251281738,57715,57725,10
13.0165996552,80.225402832,57725,57735,10
13.0162296295,80.2255401611,57735,57746,11
13.0157499313,80.2257080078,57746,57756,10
13.0151700974,80.2259597778,57756,57766,10
13.0143899918,80.226272583,57766,57786,20
13.0143899918,80.226272583,57786,57796,10
13.0141201019,80.2263870239,57796,57806,10
13.0136404037,80.2265777588,57806,57816,10
13.0130195618,80.2268066406,57816,57826,10
13.012339592,80.2270965576,57826,57836,10
13.0115604401,80.2273864746,57836,57847,11
13.0106201172,80.2277526855,57847,57857,10
13.0097303391,80.2281188965,57857,57867,10
13.0091295242,80.2287521362,57867,57877,10
13.0089597702,80.2296829224,57877,57887,10
13.008769989,80.2306671143,57887,57897,10
13.0085897446,80.2316436768,57897,57907,10
13.0084104538,80.2325973511,57907,57917,10
13.0082798004,80.2334823608,57917,57927,10
13.0082397461,80.2336578369,57927,57937,10
13.0082302094,80.233757019,57937,57948,11
13.0081501007,80.2340087891,57948,57958,10
13.0080604553,80.2344589233,57958,57968,10
13.0079202652,80.2351074219,57968,57978,10
13.0077600479,80.2358779907,57978,57988,10
13.0075798035,80.2368011475,57988,57998,10
13.007399559,80.237701416,57998,58008,10
13.0072698593,80.2384262085,58008,58018,10
13.0071401596,80.2391815186,58018,58028,10
13.0069799423,80.2398376465,58028,58038,10
13.0069198608,80.2404022217,58038,58048,10
13.0068998337,80.2405166626,58048,58059,11
13.0068597794,80.2407302856,58059,58069,10
13.0068101883,80.2412109375,58069,58079,10
13.0067796707,80.241897583,58079,58089,10
13.0067596436,80.2427368164,58089,58099,10
13.0067396164,80.2434997559,58099,58109,10
13.0067396164,80.2442626953,58109,58119,10
13.0067596436,80.2451171875,58119,58129,10
13.0067901611,80.2459716797,58129,58139,10
13.0068101883,80.2467575073,58139,58149,10
13.0068302155,80.247253418,58149,58160,11
13.0067796707,80.2476730347,58160,58170,10
13.006770134,80.2482299805,58170,58180,10
13.0068397522,80.2489929199,58180,58190,10
13.0069103241,80.2495498657,58190,58200,10
13.0069103241,80.2496032715,58200,58210,10
13.0068998337,80.249961853,58210,58220,10
13.0068798065,80.2505111694,58220,58230,10
13.0068502426,80.2515029907,58230,58281,51
13.0068502426,80.2515029907,58281,58291,10
13.0066604614,80.251953125,58291,58301,10
13.0065698624,80.252456665,58301,58311,10
13.0065603256,80.2531814575,58311,58321,10
13.0065603256,80.2539825439,58321,58331,10
13.0065898895,80.2548217773,58331,58341,10
13.0066404343,80.2557373047,58341,58351,10
13.006649971,80.2566223145,58351,58362,11
13.0066900253,80.2571029663,58362,58412,50
13.0066900253,80.2571029663,58412,58422,10
13.0066699982,80.2574615479,58422,58432,10
13.0068101883,80.2577896118,58432,58442,10
13.007109642,80.2582778931,58442,58452,10
13.0076398849,80.2586364746,58452,58462,10
13.0077199936,80.258682251,58462,58473,11
13.0078296661,80.2587203979,58473,58483,10
13.0078802109,80.2587432861,58483,58493,10
13.0082302094,80.2588729858,58493,58503,10
13.0088300705,80.2590637207,58503,58513,10
13.0096197128,80.2590408325,58513,58523,10
13.0105600357,80.2590637207,58523,58533,10
13.0115804672,80.2590637207,58533,58543,10
13.0126399994,80.2590866089,58543,58553,10
13.0137796402,80.2591400146,58553,58563,10
13.0149202347,80.2591781616,58563,58574,11
13.0159502029,80.2593994141,58574,58584,10
13.0163898468,80.2596206665,58584,58594,10
13.0164003372,80.2596435547,58594,58604,10
13.0166501999,80.2598724365,58604,58614,10
13.0171203613,80.2601776123,58614,58624,10
13.0177097321,80.2605819702,58624,58634,10
13.0183496475,80.2610015869,58634,58644,10
13.0188398361,80.2613830566,58644,58654,10
13.0193796158,80.2618637085,58654,58664,10
13.0199098587,80.2623977661,58664,58675,11
13.0201797485,80.2626190186,58675,58685,10
13.0204200745,80.2627563477,58685,58695,10
13.0209598541,80.2629165649,58695,58705,10
13.0216598511,80.2631607056,58705,58715,10
13.0220603943,80.2633514404,58715,58725,10
13.0224304199,80.2635421753,58725,58735,10
13.0229101181,80.2637634277,58735,58745,10
13.0229501724,80.2637863159,58745,58755,10
13.0231199265,80.263923645,58755,58765,10
13.0235204697,80.2641296387,58765,58776,11
13.0242204666,80.2645263672,58776,58786,10
13.0248003006,80.2649993896,58786,58796,10
13.0253095627,80.2653579712,58796,58806,10
13.0258998871,80.2657318115,58806,58816,10
13.0261697769,80.2658462524,58816,58826,10
13.0263004303,80.2654724121,58826,58836,10
13.0263700485,80.264831543,58836,58846,10
13.0264797211,80.2641067505,58846,58856,10
13.0264902115,80.2639694214,58856,58866,10
13.0265398026,80.2636871338,58866,58877,11
13.0267295837,80.263381958,58877,58887,10
13.0272197723,80.2634811401,58887,58897,10
13.0278100967,80.2636413574,58897,58907,10
13.0284900665,80.2638168335,58907,58917,10
13.0291099548,80.263999939,58917,58927,10
13.0292701721,80.2643508911,58927,58937,10
13.029299736,80.2649078369,58937,58947,10
13.0293197632,80.2656402588,58947,58957,10
13.0292797089,80.2660522461,58957,58967,10
13.0292396545,80.2662963867,58967,58978,11
13.0293998718,80.2665634155,58978,58988,10
13.0297803879,80.2666168213,58988,58998,10
13.0302095413,80.2666778564,58998,59008,10
13.0307998657,80.266746521,59008,59018,10
13.0314998627,80.2669677734,59018,59028,10
13.0321397781,80.2672805786,59028,59038,10
13.0325498581,80.2675170898,59038,59048,10
13.0331096649,80.2677612305,59048,59058,10
13.0336999893,80.2678909302,59058,59089,31
13.0336999893,80.2678909302,59089,59099,10
13.0338697433,80.2679367065,59099,59109,10
13.0345096588,80.2679977417,59109,59129,20
13.0345096588,80.2679977417,59129,59139,10
13.0345401764,80.2682037354,59139,59200,61
13.0345401764,80.2682037354,59200,59210,10
13.034239769,80.2680206299,59210,59220,10
13.0341796875,80.2680130005,59220,59230,10
13.0339002609,80.2679595947,59230,59240,10
13.0335197449,80.2678833008,59240,59250,10
13.033249855,80.2678604126,59250,60199,949
13.033249855,80.2678604126,60199,60210,11
13.0330095291,80.267616272,60210,60220,10
13.0327501297,80.267578125,60220,60230,10
13.0324802399,80.2673873901,60230,60240,10
13.0322504044,80.2672805786,60240,60250,10
13.0317897797,80.2670669556,60250,60260,10
13.0311403275,80.2668380737,60260,60270,10
13.0305404663,80.2667236328,60270,60280,10
13.0299901962,80.2666473389,60280,60290,10
13.0297298431,80.2666168213,60290,60300,10
13.0295600891,80.2666015625,60300,60311,11
13.0291404724,80.2664489746,60311,60321,10
13.0285997391,80.2663192749,60321,60331,10
13.0280303955,80.2662200928,60331,60341,10
13.027299881,80.2661209106,60341,60351,10
13.0266895294,80.2660522461,60351,60361,10
13.0263795853,80.2660064697,60361,60371,10
13.026049614,80.2658615112,60371,60381,10
13.0256004333,80.2655715942,60381,60391,10
13.0252199173,80.2653427124,60391,60401,10
13.0251703262,80.2652893066,60401,60411,10
13.0249099731,80.2650604248,60411,60422,11
13.0243597031,80.2646484375,60422,60432,10
13.0237102509,80.2642669678,60432,60442,10
13.0229997635,80.2638931274,60442,60452,10
13.0223503113,80.2635498047,60452,60462,10
13.0220804214,80.2634429932,60462,60472,10
13.0219202042,80.2633514404,60472,60482,10
13.0215902328,80.2631912231,60482,60492,10
13.0209903717,80.2630615234,60492,60502,10
13.0202999115,80.2630233765,60502,60512,10
13.0196399689,80.2629699707,60512,60522,10
13.019080162,80.2629013062,60522,60533,11
13.0188798904,80.2625579834,60533,60543,10
13.0187902451,80.261932373,60543,60553,10
13.0186395645,80.2613525391,60553,60563,10
13.0181598663,80.2609786987,60563,60573,10
13.0175600052,80.2605895996,60573,60583,10
13.0168504715,80.2601394653,60583,60593,10
13.016169548,80.2597503662,60593,60603,10
13.0160799026,80.2596969604,60603,60613,10
13.0158500671,80.2595977783,60613,60624,11
13.0153303146,80.2594299316,60624,60634,10
13.0146999359,80.2593231201,60634,60644,10
13.0139799118,80.2592926025,60644,60654,10
13.0131397247,80.259262085,60654,60664,10
13.0121803284,80.2592315674,60664,60674,10
13.0112895966,80.2592010498,60674,60684,10
13.010430336,80.2592391968,60684,60694,10
13.0097703934,80.259262085,60694,60704,10
13.0091104507,80.2592163086,60704,60714,10
13.0087203979,80.2592010498,60714,60725,11
13.0083999634,80.2591781616,60725,60735,10
13.0078601837,80.2592697144,60735,60745,10
13.0073900223,80.2592163086,60745,60755,10
13.0071897507,80.2587814331,60755,60765,10
13.0071697235,80.2587509155,60765,60775,10
13.0069904327,80.2583999634,60775,60785,10
13.0067396164,80.2579574585,60785,60795,10
13.0065402985,80.2576980591,60795,60805,10
13.006480217,80.2572784424,60805,60815,10
13.0064697266,80.256729126,60815,60826,11
13.006480217,80.2559890747,60826,60836,10
13.0064897537,80.2553405762,60836,60846,10
13.0065002441,80.2546386719,60846,60856,10
13.0065002441,80.2539367676,60856,60866,10
13.0064897537,80.2532806396,60866,60876,10
13.0064897537,80.2531890869,60876,60886,10
13.0064897537,80.2529220581,60886,60896,10
13.0065097809,80.252456665,60896,60906,10
13.0066099167,80.2518692017,60906,60967,61
13.0066099167,80.2518692017,60967,60977,10
13.0066995621,80.2516174316,60977,60987,10
13.0067396164,80.2511367798,60987,60997,10
13.0067195892,80.2505111694,60997,61007,10
13.0067195892,80.2497406006,61007,61017,10
13.0066900253,80.2489471436,61017,61027,10
13.0066299438,80.2482376099,61027,61038,11
13.0066204071,80.2477798462,61038,61058,20
13.0066204071,80.2477798462,61058,61068,10
13.0066604614,80.2475662231,61068,61078,10
13.0066699982,80.2471008301,61078,61088,10
13.0065803528,80.2466278076,61088,61098,10
13.0065803528,80.2465362549,61098,61108,10
13.0066204071,80.2463302612,61108,61118,10
13.0066204071,80.2458114624,61118,61128,10
13.0066003799,80.2451171875,61128,61139,11
13.0065698624,80.2443313599,61139,61149,10
13.0065498352,80.2437820435,61149,61159,10
13.0065402985,80.2432785034,61159,61169,10
13.0065202713,80.2426834106,61169,61179,10
13.0065002441,80.2419433594,61179,61189,10
13.0065202713,80.2416381836,61189,61199,10
13.0065402985,80.2413864136,61199,61209,10
13.0065898895,80.2408981323,61209,61219,10
13.0066795349,80.2404174805,61219,61229,10
13.0068101883,80.2398681641,61229,61240,11
13.0069599152,80.2391815186,61240,61250,10
13.0070896149,80.2384567261,61250,61260,10
13.0072803497,80.2376937866,61260,61270,10
13.0073604584,80.237121582,61270,61280,10
13.0073795319,80.2369537354,61280,61290,10
13.0074596405,80.2366027832,61290,61300,10
13.0075798035,80.2360992432,61300,61310,10
13.0077199936,80.2354278564,61310,61320,10
13.0078496933,80.2346878052,61320,61330,10
13.0080299377,80.2338485718,61330,61341,11
13.0082302094,80.2327270508,61341,61351,10
13.0084295273,80.2317504883,61351,61361,10
13.0086097717,80.230796814,61361,61371,10
13.0087995529,80.2298202515,61371,61381,10
13.0089797974,80.2288818359,61381,61391,10
13.0092897415,80.227897644,61391,61401,10
13.0097398758,80.2268981934,61401,61411,10
13.0101604462,80.2259902954,61411,61421,10
13.0105104446,80.2253189087,61421,61431,10
13.0108604431,80.2245483398,61431,61442,11
13.0112400055,80.2236633301,61442,61452,10
13.0114803314,80.2230987549,61452,61462,10
13.0117301941,80.2224273682,61462,61471,9
13.0119895935,80.2217483521,61471,61482,11
13.0123500824,80.2215270996,61482,61492,10
13.0126895905,80.2219619751,61492,61502,10
13.0131196976,80.2224578857,61502,61512,10
13.013589859,80.2229995728,61512,61522,10
13.0140104294,80.223487854,61522,61532,10
13.0143404007,80.2238998413,61532,61543,11
13.0148000717,80.2244415283,61543,61553,10
13.0152597427,80.2248535156,61553,61563,10
13.0155601501,80.2250213623,61563,61573,10
13.0156097412,80.2250900269,61573,61583,10
13.0159196854,80.2253036499,61583,61593,10
13.0165300369,80.2253570557,61593,61603,10
13.0172901154,80.2250671387,61603,61613,10
13.0181303024,80.2247161865,61613,61623,10
13.0189599991,80.2244033813,61623,61633,10
13.0194196701,80.2244110107,61633,61643,10
13.0195598602,80.2244720459,61643,61654,11
13.0198602676,80.2246398926,61654,61664,10
13.0201501846,80.2248687744,61664,61674,10
13.0206298828,80.2252197266,61674,61684,10
13.0212402344,80.2256393433,61684,61694,10
13.02202034,80.2261886597,61694,61714,20
13.02202034,80.2261886597,61714,61724,10
13.0222597122,80.2264175415,61724,61734,10
13.022649765,80.2267837524,61734,61744,10
13.0231399536,80.2272033691,61744,61755,11
13.0235004425,80.2275466919,61755,61765,10
13.0239400864,80.2279815674,61765,61775,10
13.0243396759,80.2284011841,61775,61795,20
13.0243396759,80.2284011841,61795,61805,10
13.0244703293,80.2286224365,61805,61815,10
13.0247497559,80.2290420532,61815,61825,10
13.0251703262,80.229598999,61825,61835,10
13.0256004333,80.230178833,61835,61845,10
13.0259504318,80.2308273315,61845,61856,11
13.0261001587,80.231338501,61856,61866,10
13.0264396667,80.2313232422,61866,61876,10
13.0270204544,80.2311935425,61876,61886,10
13.027680397,80.2310409546,61886,61896,10
13.0283203125,80.2309875488,61896,61906,10
13.0285797119,80.2309494019,61906,61916,10
13.0286598206,80.2309494019,61916,61926,10
13.0290803909,80.2309112549,61926,61936,10
13.0295600891,80.2308502197,61936,61946,10
13.0301599503,80.230796814,61946,61957,11
13.0307598114,80.2307510376,61957,61967,10
13.0310497284,80.23072052,61967,61977,10
13.03125,80.2306900024,61977,61987,10
13.0317201614,80.2306518555,61987,61997,10
13.0320997238,80.2306213379,61997,62007,10
13.0326099396,80.2305831909,62007,62017,10
13.0333003998,80.2305297852,62017,62027,10
13.0338602066,80.2304992676,62027,62037,10
13.0340003967,80.2304763794,62037,62047,10
13.0342302322,80.2304382324,62047,62078,31
13.0342302322,80.2304382324,62078,62088,10
13.0343799591,80.2304000854,62088,62098,10
13.0345201492,80.2303771973,62098,62108,10
13.0346002579,80.2303466797,62108,62118,10
13.0348396301,80.2302703857,62118,62128,10
13.035030365,80.230140686,62128,62138,10
13.0350999832,80.2299575806,62138,62148,10
13.0349397659,80.2298126221,62148,62229,81
13.0345697403,80.2297973633,62229,62270,41
13.0343704224,80.2297668457,62270,62643,373
13.0343704224,80.2297668457,62643,62653,10
13.0342798233,80.2301177979,62653,62916,263
13.0342798233,80.2301177979,62916,62926,10
13.0340995789,80.2304763794,62926,62936,10
13.0338096619,80.2305221558,62936,62946,10
13.0334701538,80.2305374146,62946,62956,10
13.0333995819,80.2305297852,62956,62966,10
13.0330400467,80.2305603027,62966,62977,11
13.0324401855,80.2305984497,62977,62987,10
13.0317897797,80.2306594849,62987,62997,10
13.031080246,80.2307281494,62997,63007,10
13.0305595398,80.2307662964,63007,63017,10
13.030090332,80.230796814,63017,63027,10
13.0297403336,80.2308578491,63027,63057,30
13.0297403336,80.2308578491,63057,63067,10
13.0295295715,80.2308883667,63067,63078,11
13.0291099548,80.2309112549,63078,63088,10
13.0285997391,80.2309494019,63088,63098,10
13.0279502869,80.231010437,63098,63108,10
13.0276203156,80.2311172485,63108,63118,10
13.0276603699,80.2315216064,63118,63128,10
13.0277395248,80.2320404053,63128,63138,10
13.0278596878,80.2325897217,63138,63148,10
13.0276002884,80.2328414917,63148,63158,10
13.0269203186,80.232963562,63158,63229,71
13.0269203186,80.232963562,63229,63239,10
13.0266304016,80.2330093384,63239,63249,10
13.0263795853,80.2328720093,63249,63259,10
13.0262098312,80.232421875,63259,63269,10
13.0260400772,80.2317810059,63269,63280,11
13.0258598328,80.231048584,63280,63290,10
13.0255298615,80.2302932739,63290,63300,10
13.0250997543,80.2296829224,63300,63310,10
13.0248699188,80.2293930054,63310,63320,10
13.0246200562,80.2290725708,63320,63330,10
13.0243301392,80.2286834717,63330,63340,10
13.0240602493,80.2283782959,63340,63360,20
13.0240602493,80.2283782959,63360,63370,10
13.0239200592,80.2282333374,63370,63380,10
13.0236301422,80.2278823853,63380,63391,11
13.0232696533,80.2275314331,63391,63401,10
13.0229301453,80.227180481,63401,63411,10
13.0225400925,80.2267913818,63411,63421,10
13.0220403671,80.2263565063,63421,63431,10
13.0214500427,80.2258987427,63431,63441,10
13.0207901001,80.2253875732,63441,63451,10
13.0200796127,80.2249298096,63451,63461,10
13.0193195343,80.2245101929,63461,63471,10
13.0184202194,80.2246322632,63471,63481,10
13.0175199509,80.2249984741,63481,63492,11
13.0166501999,80.2253570557,63492,63502,10
13.0159597397,80.2256393433,63502,63512,10
13.0153198242,80.2258682251,63512,63522,10
13.0148696899,80.22605896,63522,63532,10
13.0145998001,80.2261276245,63532,63542,10
13.0143299103,80.2262573242,63542,63572,30
13.0143299103,80.2262573242,63572,63582,10
13.0140695572,80.2263717651,63582,63593,11
13.0135602951,80.2265777588,63593,63603,10
13.012960434,80.2268066406,63603,63613,10
13.0122804642,80.2270736694,63613,63623,10
13.0115299225,80.2273788452,63623,63633,10
13.010720253,80.2276992798,63633,63643,10
13.0099201202,80.2280426025,63643,63653,10
13.0092401505,80.2284393311,63653,63663,10
13.0090398788,80.2292785645,63663,63673,10
13.0088701248,80.2301177979,63673,63683,10
13.0087099075,80.2309417725,63683,63694,11
13.0085496902,80.2318191528,63694,63704,10
13.0083999634,80.2326278687,63704,63714,10
13.0082397461,80.2336196899,63714,63734,20
13.0082397461,80.2336196899,63734,63744,10
13.0081596375,80.233833313,63744,63754,10
13.0080699921,80.2342529297,63754,63764,10
13.0079603195,80.2348327637,63764,63774,10
13.0078201294,80.2355575562,63774,63784,10
13.0076398849,80.2364196777,63784,63795,11
13.0074501038,80.2373962402,63795,63805,10
13.0073003769,80.2381820679,63805,63815,10
13.0071697235,80.238899231,63815,63825,10
13.007060051,80.239440918,63825,63835,10
13.0069503784,80.2400817871,63835,63906,71
13.0069503784,80.2400817871,63906,63916,10
13.0069503784,80.2403106689,63916,63926,10
13.0069303513,80.2406005859,63926,63936,10
13.0069303513,80.2406616211,63936,63946,10
13.0068397522,80.2409667969,63946,63956,10
13.0067796707,80.2415924072,63956,63966,10
13.0067596436,80.2423629761,63966,63976,10
13.0067195892,80.2431335449,63976,63986,10
13.0066995621,80.2438735962,63986,63997,11
13.0067195892,80.2448196411,63997,64007,10
13.0067396164,80.2456283569,64007,64017,10
13.0067596436,80.2466430664,64017,64027,10
13.006770134,80.2473983765,64027,64037,10
13.0067396164,80.2481384277,64037,64047,10
13.0068101883,80.248916626,64047,64057,10
13.0068798065,80.2495193481,64057,64067,10
13.0068798065,80.2495422363,64067,64077,10
13.0068798065,80.249786377,64077,64087,10
13.0068397522,80.2502288818,64087,64098,11
13.0068397522,80.2508773804,64098,64108,10
13.006819725,80.2514190674,64108,64118,10
13.0066604614,80.2520523071,64118,64128,10
13.0065698624,80.2527999878,64128,64138,10
13.0065803528,80.2535324097,64138,64148,10
13.0065898895,80.2542800903,64148,64158,10
13.0066204071,80.2550964355,64158,64168,10
13.006649971,80.2559509277,64168,64178,10
13.0066404343,80.2565689087,64178,64188,10
13.0066699982,80.2569885254,64188,64198,10
13.0067596436,80.2576217651,64198,64209,11
13.0071401596,80.2583007813,64209,64219,10
13.0075798035,80.2586288452,64219,64229,10
13.0076999664,80.258682251,64229,64239,10
13.0077695847,80.2587127686,64239,64249,10
13.0081396103,80.2588806152,64249,64259,10
13.0087404251,80.2590789795,64259,64269,10
13.0093002319,80.2591094971,64269,64279,10
13.0100603104,80.2591094971,64279,64289,10
13.0108499527,80.2591094971,64289,64299,10
13.0116796494,80.2591018677,64299,64310,11
13.0127296448,80.2591400146,64310,64320,10
13.0137901306,80.2591781616,64320,64330,10
13.0148601532,80.2592163086,64330,64340,10
13.0157604218,80.2593612671,64340,64350,10
13.0163202286,80.2596282959,64350,64360,10
13.0163698196,80.2596664429,64360,64370,10
13.0165700912,80.2598419189,64370,64380,10
13.0170202255,80.2601394653,64380,64390,10
13.0176200867,80.2605514526,64390,64400,10
13.0183000565,80.2609863281,64400,64411,11
13.0189199448,80.2614898682,64411,64421,10
13.0195198059,80.2620162964,64421,64431,10
13.0200796127,80.262550354,64431,64441,10
13.0201997757,80.2626266479,64441,64451,10
13.0203504562,80.2627410889,64451,64461,10
13.0208501816,80.2629013062,64461,64471,10
13.0215301514,80.2631225586,64471,64481,10
13.0220499039,80.263381958,64481,64491,10
13.022359848,80.2635192871,64491,64501,10
13.0228004456,80.2637481689,64501,64512,11
13.0230503082,80.2638778687,64512,64522,10
13.0232095718,80.2639923096,64522,64532,10
13.0236196518,80.2642211914,64532,64542,10
13.0242004395,80.264541626,64542,64552,10
13.0247802734,80.2649765015,64552,64562,10
13.025349617,80.2654037476,64562,64572,10
13.0259304047,80.2657699585,64572,64582,10
13.0262498856,80.2659072876,64582,64592,10
13.0263299942,80.2656478882,64592,64602,10
13.0263700485,80.2651367188,64602,64613,11
13.0264396667,80.2644805908,64613,64623,10
13.0264902115,80.2639465332,64623,64633,10
13.0265102386,80.2638397217,64633,64643,10
13.0265798569,80.2634506226,64643,64653,10
13.0269498825,80.2634429932,64653,64663,10
13.0276002884,80.2635879517,64663,64673,10
13.0282201767,80.2637634277,64673,64683,10
13.028429985,80.2638320923,64683,64693,10
13.0289096832,80.263961792,64693,64703,10
13.0293197632,80.2641372681,64703,64714,11
13.0293102264,80.2645721436,64714,64724,10
13.029299736,80.2651977539,64724,64734,10
13.0292901993,80.265838623,64734,64744,10
13.0292701721,80.2660598755,64744,64754,10
13.0291996002,80.2663879395,64754,64774,20
13.0291996002,80.2663879395,64774,64784,10
13.0293903351,80.2665634155,64784,64794,10
13.0297803879,80.2666168213,64794,64804,10
13.0299797058,80.2666625977,64804,64815,11
13.0303897858,80.266708374,64815,64825,10
13.0310201645,80.2668380737,64825,64835,10
13.0315999985,80.2670593262,64835,64844,9
13.0320901871,80.2672805786,64844,64855,11
13.0324401855,80.2674407959,64855,64865,10
13.0327796936,80.2677001953,64865,64875,10
13.0335597992,80.2678604126,64875,64895,20
13.0335597992,80.2678604126,64895,64905,10
13.0337095261,80.267906189,64905,64916,11
13.034040451,80.2679977417,64916,64926,10
13.0344495773,80.2680206299,64926,64966,40
13.0344495773,80.2680206299,64966,64976,10
13.0345897675,80.2681503296,64976,64986,10
13.0345602036,80.2681884766,64986,64996,10
13.0344200134,80.268119812,64996,65006,10
13.0341701508,80.2680282593,65006,65017,11
13.0335302353,80.2678833008,65017,66158,1141
13.0332298279,80.2677307129,66158,66885,727
13.0332298279,80.2677307129,66885,66895,10
13.0330295563,80.2677230835,66895,66905,10
13.03262043,80.2676086426,66905,66925,20
13.03262043,80.2676086426,66925,66935,10
13.0323495865,80.2674179077,66935,66945,10
13.0320301056,80.267250061,66945,66956,11
13.0315799713,80.2670669556,66956,66966,10
13.0310297012,80.2668762207,66966,66976,10
13.0305099487,80.2667770386,66976,66986,10
13.029800415,80.2666473389,66986,67006,20
13.029800415,80.2666473389,67006,67016,10
13.0294704437,80.2666015625,67016,67026,10
13.0292196274,80.2665023804,67026,67036,10
13.0289802551,80.2663803101,67036,67046,10
13.0287704468,80.2663574219,67046,67057,11
13.0284099579,80.2662887573,67057,67067,10
13.0281200409,80.266242981,67067,67077,10
13.0277700424,80.2661895752,67077,67086,9
13.0274400711,80.2661590576,67086,67097,11
13.0273799896,80.2661590576,67097,67107,10
13.0270595551,80.26612854,67107,67117,10
13.0263900757,80.2659988403,67117,67147,30
13.0263900757,80.2659988403,67147,67158,11
13.0260095596,80.265838623,67158,67168,10
13.0256299973,80.265586853,67168,67178,10
13.0252599716,80.26537323,67178,67188,10
13.0252399445,80.2653579712,67188,67198,10
13.0249996185,80.2651596069,67198,67208,10
13.0246200562,80.2649078369,67208,67218,10
13.0242395401,80.2646179199,67218,67228,10
13.0238199234,80.2643508911,67228,67238,10
13.0235395432,80.2641983032,67238,67248,10
13.0231199265,80.2639694214,67248,67258,10
13.0226402283,80.2636795044,67258,67269,11
13.0221204758,80.2634429932,67269,67279,10
13.0220804214,80.2634124756,67279,67289,10
13.0219202042,80.2632980347,67289,67299,10
13.0215597153,80.2631225586,67299,67309,10
13.020939827,80.2630004883,67309,67319,10
13.0202903748,80.2629776001,67319,67329,10
13.0198602676,80.2629623413,67329,67339,10
13.0193595886,80.2629165649,67339,67349,10
13.0189304352,80.2627792358,67349,67360,11
13.0188102722,80.2621307373,67360,67370,10
13.0186901093,80.2614822388,67370,67380,10
13.0184202194,80.2611618042,67380,67390,10
13.0179100037,80.2608413696,67390,67400,10
13.0173397064,80.2604598999,67400,67410,10
13.016699791,80.2600402832,67410,67420,10
13.0161399841,80.2597198486,67420,67430,10
13.0160503387,80.2596817017,67430,67440,10
13.0158996582,80.2595977783,67440,67450,10
13.0155000687,80.2594528198,67450,67460,10
13.014960289,80.2593231201,67460,67471,11
13.0142803192,80.2592697144,67471,67481,10
13.0135698318,80.2592468262,67481,67491,10
13.0127696991,80.2592163086,67491,67501,10
13.0119304657,80.2591705322,67501,67511,10
13.0112199783,80.2591400146,67511,67521,10
13.010430336,80.2591934204,67521,67531,10
13.0098104477,80.2592163086,67531,67541,10
13.0097303391,80.2592163086,67541,67551,10
13.0093803406,80.2592010498,67551,67561,10
13.0088996887,80.2591781616,67561,67572,11
13.0085601807,80.2591629028,67572,67582,10
13.008099556,80.2591705322,67582,67592,10
13.0076799393,80.2592926025,67592,67602,10
13.0073003769,80.2590789795,67602,67612,10
13.0071496964,80.2587585449,67612,67622,10
13.007109642,80.258682251,67622,67632,10
13.0069799423,80.2583999634,67632,67642,10
13.0067100525,80.2578125,67642,67713,71
13.0067100525,80.2578125,67713,67723,10
13.0067300797,80.257598877,67723,67743,20
13.0067300797,80.257598877,67743,67753,10
13.0066299438,80.2575378418,67753,67763,10
13.0065097809,80.2572174072,67763,67774,11
13.0064496994,80.2567977905,67774,67784,10
13.0064296722,80.2562789917,67784,67794,10
13.0064401627,80.2556381226,67794,67804,10
13.0064401627,80.2552185059,67804,67814,10
13.006480217,80.2548599243,67814,67824,10
13.0064401627,80.2543029785,67824,67834,10
13.0064697266,80.2538375854,67834,67844,10
13.0064496994,80.2534103394,67844,67854,10
13.0064601898,80.2533569336,67854,67864,10
13.0064697266,80.2531814575,67864,67875,11
13.0064601898,80.2529678345,67875,67885,10
13.0064897537,80.2523498535,67885,67965,80
13.0064897537,80.2523498535,67965,67976,11
13.0066204071,80.2522277832,67976,67986,10
13.0066204071,80.2519607544,67986,67996,10
13.0066995621,80.2514801025,67996,68006,10
13.0067396164,80.2508163452,68006,68016,10
13.0066995621,80.2500610352,68016,68026,10
13.0066995621,80.2493972778,68026,68036,10
13.0066404343,80.2486801147,68036,68046,10
13.0065803528,80.2481536865,68046,68056,10
13.0065698624,80.2479171753,68056,68066,10
13.0065698624,80.2478637695,68066,68077,11
13.0065803528,80.2474822998,68077,68087,10
13.0065803528,80.2469329834,68087,68097,10
13.006529808,80.2465286255,68097,68107,10
13.0065402985,80.2465286255,68107,68117,10
13.0065803528,80.2462921143,68117,68127,10
13.0065803528,80.2458114624,68127,68137,10
13.0065698624,80.2452316284,68137,68147,10
13.0065498352,80.2448425293,68147,68157,10
13.0065402985,80.2445907593,68157,68167,10
13.0065402985,80.2445602417,68167,68178,11
13.0065498352,80.2441711426,68178,68188,10
13.006529808,80.2438201904,68188,68198,10
13.0065097809,80.2435073853,68198,68208,10
13.0065002441,80.2431106567,68208,68218,10
13.0064897537,80.2425918579,68218,68228,10
13.0064697266,80.241897583,68228,68238,10
13.0064697266,80.2417221069,68238,68248,10
13.0064897537,80.2415084839,68248,68258,10
13.006529808,80.2410583496,68258,68268,10
13.0066003799,80.2406768799,68268,68279,11
13.0066900253,80.2403411865,68279,68289,10
13.0067396164,80.2398376465,68289,68299,10
13.0068798065,80.2391891479,68299,68309,10
13.0070295334,80.2384414673,68309,68319,10
13.0071496964,80.2378616333,68319,68329,10
13.0073204041,80.2369766235,68329,68349,20
13.0073204041,80.2369766235,68349,68359,10
13.0073404312,80.2367401123,68359,68369,10
13.0074596405,80.2363433838,68369,68379,10
13.0075597763,80.2358322144,68379,68390,11
13.0076799393,80.2351989746,68390,68400,10
13.0078001022,80.2345428467,68400,68410,10
13.0079402924,80.2338180542,68410,68420,10
13.008099556,80.2330093384,68420,68430,10
13.0082798004,80.2320785522,68430,68440,10
13.0084600449,80.2311706543,68440,68450,10
13.0086603165,80.2302322388,68450,68460,10
13.0088396072,80.2293167114,68460,68470,10
13.0089902878,80.2285079956,68470,68480,10
13.0092601776,80.2277526855,68480,68491,11
13.00963974,80.2269363403,68491,68501,10
13.0099697113,80.2261962891,68501,68511,10
13.0102500916,80.2256088257,68511,68521,10
13.0104904175,80.2250976563,68521,68531,10
13.0107002258,80.224609375,68531,68541,10
13.0109195709,80.224067688,68541,68551,10
13.0111598969,80.2235336304,68551,68561,10
13.0113401413,80.2230529785,68561,68571,10
13.0115804672,80.2224197388,68571,68581,10
13.0118398666,80.2216262817,68581,68592,11
13.0122299194,80.2214202881,68592,68602,10
13.0125198364,80.2218322754,68602,68612,10
13.012840271,80.2222366333,68612,68622,10
13.0132799149,80.2227096558,68622,68632,10
13.0137300491,80.2232208252,68632,68642,10
13.0141401291,80.2237091064,68642,68652,10
13.0145702362,80.2241592407,68652,68662,10
13.0149002075,80.2245178223,68662,68672,10
13.0150003433,80.2246170044,68672,68682,10
13.015250206,80.2248077393,68682,68693,11
13.0155200958,80.2249908447,68693,68703,10
13.0155200958,80.2249984741,68703,68713,10
13.0157804489,80.2252578735,68713,68723,10
13.016289711,80.2253417969,68723,68733,10
13.0169095993,80.2251586914,68733,68743,10
13.0176200867,80.2248687744,68743,68753,10
13.0183601379,80.2245483398,68753,68763,10
13.0190896988,80.2243423462,68763,68773,10
13.0195503235,80.2244415283,68773,68783,10
13.019949913,80.2247009277,68783,68794,11
13.0204401016,80.2250595093,68794,68804,10
13.0208101273,80.2253189087,68804,68814,10
13.0212001801,80.2256393433,68814,68824,10
13.0218601227,80.2261123657,68824,68844,20
13.0218601227,80.2261123657,68844,68854,10
13.0220403671,80.2262573242,68854,68864,10
13.0222396851,80.2264328003,68864,68874,10
13.0225296021,80.2266769409,68874,68884,10
13.0229301453,80.2270584106,68884,68895,11
13.0233001709,80.2274169922,68895,68905,10
13.0234899521,80.2275772095,68905,68915,10
13.0235700607,80.2276535034,68915,68925,10
13.0237503052,80.2277984619,68925,68935,10
13.0239400864,80.2279891968,68935,68945,10
13.024140358,80.2282180786,68945,68955,10
13.0242996216,80.2284164429,68955,68965,10
13.0245199203,80.2287216187,68965,68996,31
13.0245199203,80.2287216187,68996,69006,10
13.0246400833,80.2289428711,69006,69016,10
13.0247898102,80.2291564941,69016,69026,10
13.0250701904,80.2295227051,69026,69036,10
13.0254602432,80.2300186157,69036,69046,10
13.0257797241,80.2305831909,69046,69056,10
13.0259799957,80.2311401367,69056,69066,10
13.0262098312,80.2313308716,69066,69076,10
13.0266799927,80.2311935425,69076,69086,10
13.0273504257,80.231010437,69086,69097,11
13.0280599594,80.2309036255,69097,69107,10
13.028380394,80.2308502197,69107,69117,10
13.0285196304,80.2308578491,69117,69127,10
13.0291996002,80.230796814,69127,69177,50
13.0291996002,80.230796814,69177,69187,10
13.0293102264,80.2307891846,69187,69198,11
13.0297298431,80.2307510376,69198,69208,10
13.0303001404,80.2306976318,69208,69218,10
13.0307502747,80.2306594849,69218,69228,10
13.03125,80.2306213379,69228,69238,10
13.0318403244,80.2305679321,69238,69248,10
13.0324201584,80.2305221558,69248,69258,10
13.0329198837,80.2304916382,69258,69268,10
13.0332403183,80.23046875,69268,69278,10
13.0335597992,80.2304534912,69278,69288,10
13.033949852,80.230430603,69288,69299,11
13.0341396332,80.230430603,69299,69309,10
13.0344600677,80.2303314209,69309,69349,40
13.0344600677,80.2303314209,69349,69359,10
13.0347099304,80.2302398682,69359,69369,10
13.0348596573,80.2301330566,69369,69379,10
13.0350198746,80.2298812866,69379,69400,21
13.0350198746,80.2298812866,69400,69410,10
13.0348596573,80.2297973633,69410,69419,9
13.0345201492,80.2297515869,69419,69511,92
13.0341701508,80.2297668457,69511,69915,404
13.0342102051,80.230140686,69915,70005,90
13.0342102051,80.230140686,70005,70016,11
13.0338897705,80.23046875,70016,70026,10
13.0334396362,80.23046875,70026,70036,10
13.0328798294,80.2304992676,70036,70046,10
13.0323295593,80.2305374146,70046,70056,10
13.0320301056,80.2305831909,70056,70066,10
13.031920433,80.2305908203,70066,70076,10
13.0316801071,80.2306137085,70076,70086,10
13.0314302444,80.2306213379,70086,70167,81
13.0314302444,80.2306213379,70167,70177,10
13.0310697556,80.2306900024,70177,70187,10
13.0307598114,80.2306976318,70187,70197,10
13.030380249,80.23072052,70197,70207,10
13.0299797058,80.2307662964,70207,70218,11
13.0297403336,80.2307815552,70218,70228,10
13.0296802521,80.2307662964,70228,70238,10
13.0293903351,80.230796814,70238,70248,10
13.0289096832,80.2308578491,70248,70258,10
13.0283603668,80.2309036255,70258,70268,10
13.0277996063,80.2309417725,70268,70278,10
13.0275802612,80.2311019897,70278,70288,10
13.0276298523,80.2315368652,70288,70298,10
13.0277099609,80.2321014404,70298,70307,9
13.0278196335,80.2326278687,70307,70319,12
13.0274896622,80.2328033447,70319,70329,10
13.0273504257,80.2328262329,70329,70339,10
13.0270395279,80.2329025269,70339,70349,10
13.0268201828,80.2329025269,70349,70359,10
13.0265398026,80.2329711914,70359,70369,10
13.0263204575,80.2327194214,70369,70379,10
13.0261297226,80.232208252,70379,70389,10
13.0259399414,80.2315673828,70389,70399,10
13.0257301331,80.2308502197,70399,70409,10
13.0253601074,80.2300796509,70409,70420,11
13.0248403549,80.2293701172,70420,70430,10
13.024479866,80.2288894653,70430,70440,10
13.0242099762,80.2285690308,70440,70450,10
13.0239295959,80.2282714844,70450,70470,20
13.0239295959,80.2282714844,70470,70480,10
13.0238399506,80.2281723022,70480,70490,10
13.0236797333,80.2279510498,70490,70500,10
13.0235700607,80.2278366089,70500,70510,10
13.0233097076,80.2275924683,70510,70521,11
13.0228796005,80.2271881104,70521,70531,10
13.0224399567,80.2267532349,70531,70541,10
13.0219297409,80.2263031006,70541,70551,10
13.0213699341,80.2258529663,70551,70561,10
13.0208501816,80.225440979,70561,70571,10
13.0203104019,80.2250823975,70571,70581,10
13.0197496414,80.2247009277,70581,70591,10
13.0190696716,80.2244415283,70591,70601,10
13.0183200836,80.224609375,70601,70611,10
13.0175600052,80.2249298096,70611,70621,10
13.0168399811,80.2252197266,70621,70632,11
13.0162296295,80.225479126,70632,70642,10
13.0156698227,80.2256622314,70642,70652,10
13.0152196884,80.2258377075,70652,70662,10
13.0147104263,80.2260513306,70662,70672,10
13.014289856,80.2262268066,70672,70682,10
13.0142402649,80.2262496948,70682,70692,10
13.01404953,80.2263183594,70692,70702,10
13.0136003494,80.2265014648,70702,70712,10
13.0130195618,80.2267227173,70712,70722,10
13.0124998093,80.2269287109,70722,70733,11
13.0120000839,80.2271194458,70733,70743,10
13.0113897324,80.2273635864,70743,70753,10
13.010720253,80.2276229858,70753,70763,10
13.0100002289,80.2279281616,70763,70773,10
13.0092496872,80.2282867432,70773,70783,10
13.0090103149,80.2289581299,70783,70793,10
13.0088596344,80.2297592163,70793,70803,10
13.0087003708,80.2306594849,70803,70813,10
13.0085201263,80.2315597534,70813,70823,10
13.0083503723,80.2324295044,70823,70834,11
13.0082302094,80.2332763672,70834,70844,10
13.0081796646,80.2335510254,70844,70854,10
13.008099556,80.2338104248,70854,70864,10
13.008020401,80.2342376709,70864,70874,10
13.0079202652,80.2347183228,70874,70884,10
13.0078401566,80.2351226807,70884,70894,10
13.0077199936,80.235710144,70894,70904,10
13.0075798035,80.2364425659,70904,70914,10
13.0074195862,80.2372589111,70914,70924,10
13.0072698593,80.2379989624,70924,70935,11
13.0071697235,80.238609314,70935,70945,10
13.0070400238,80.2392272949,70945,70955,10
13.0068798065,80.2399978638,70955,71036,81
13.0068798065,80.2399978638,71036,71046,10
13.006939888,80.240272522,71046,71056,10
13.0068702698,80.2407302856,71056,71066,10
13.0068502426,80.2408065796,71066,71076,10
13.0067796707,80.2411193848,71076,71086,10
13.0067300797,80.2416687012,71086,71096,10
13.0066995621,80.2423629761,71096,71106,10
13.0066795349,80.2429580688,71106,71116,10
13.0066604614,80.243560791,71116,71126,10
13.0066604614,80.2443466187,71126,71137,11
13.0066795349,80.2453231812,71137,71147,10
13.0067100525,80.2462005615,71147,71157,10
13.0067300797,80.2469329834,71157,71167,10
13.0067300797,80.2474975586,71167,71177,10
13.0067195892,80.2481231689,71177,71187,10
13.0067501068,80.2488327026,71187,71197,10
13.0068397522,80.2494812012,71197,71207,10
13.0068302155,80.2496109009,71207,71217,10
13.006819725,80.2498016357,71217,71227,10
13.0067796707,80.2502365112,71227,71238,11
13.0067796707,80.250869751,71238,71248,10
13.0067596436,80.2513809204,71248,71258,10
13.0066604614,80.2518234253,71258,71268,10
13.0065402985,80.2523803711,71268,71278,10
13.0065097809,80.2529983521,71278,71288,10
13.0065002441,80.2537231445,71288,71298,10
13.0065402985,80.2544937134,71298,71308,10
13.0065402985,80.2549209595,71308,71318,10
13.0065603256,80.2554168701,71318,71328,10
13.0065698624,80.2560577393,71328,71339,11
13.0065803528,80.2566986084,71339,71349,10
13.0066003799,80.256980896,71349,71359,10
13.0066404343,80.2573318481,71359,71369,10
13.0068397522,80.2578811646,71369,71379,10
13.0071697235,80.2583236694,71379,71389,10
13.0076599121,80.2586135864,71389,71399,10
13.0076704025,80.2586135864,71399,71409,10
13.0077495575,80.2586669922,71409,71419,10
13.008099556,80.2588272095,71419,71429,10
13.0086603165,80.2590179443,71429,71440,11
13.0093698502,80.2590408325,71440,71450,10
13.0101003647,80.2590179443,71450,71460,10
13.0107498169,80.2590332031,71460,71470,10
13.0115003586,80.2590179443,71470,71480,10
13.012260437,80.2590408325,71480,71490,10
13.0131397247,80.2590789795,71490,71500,10
13.0141000748,80.2591094971,71500,71510,10
13.0151100159,80.2591629028,71510,71520,10
13.0159702301,80.2593917847,71520,71530,10
13.0164003372,80.2596435547,71530,71541,11
13.016409874,80.2596588135,71541,71551,10
13.0164499283,80.2596893311,71551,71561,10
13.0165300369,80.2597579956,71561,71571,10
13.0168304443,80.2600021362,71571,71581,10
13.0173196793,80.2603378296,71581,71591,10
13.0178604126,80.2606964111,71591,71601,10
13.0184202194,80.261100769,71601,71611,10
13.0189599991,80.2615280151,71611,71621,10
13.0195102692,80.2620162964,71621,71631,10
13.0199899673,80.2624816895,71631,71641,10
13.0201702118,80.2626037598,71641,71652,11
13.0203504562,80.2627029419,71652,71662,10
13.0208396912,80.2628631592,71662,71672,10
13.0214796066,80.2630615234,71672,71682,10
13.0219402313,80.2632598877,71682,71692,10
13.0221700668,80.2633590698,71692,71702,10
13.0224504471,80.2635192871,71702,71712,10
13.0228300095,80.2637176514,71712,71722,10
13.0230197906,80.2638168335,71722,71732,10
13.023059845,80.2639007568,71732,71742,10
13.0233201981,80.2640686035,71742,71753,11
13.0238103867,80.2643280029,71753,71763,10
13.0243501663,80.2646408081,71763,71773,10
13.0247602463,80.2649612427,71773,71783,10
13.0251197815,80.2652435303,71783,71793,10
13.0255498886,80.2655334473,71793,71803,10
13.0260696411,80.2658309937,71803,71813,10
13.0262899399,80.2657470703,71813,71823,10
13.0263204575,80.2653427124,71823,71833,10
13.0263700485,80.2647705078,71833,71843,10
13.0264701843,80.2639465332,71843,71864,21
13.0264701843,80.2639465332,71864,71874,10
13.0264902115,80.2638320923,71874,71884,10
13.0265197754,80.2634811401,71884,71894,10
13.0265798569,80.2633209229,71894,71904,10
13.0269603729,80.2633972168,71904,71914,10
13.0274000168,80.2634963989,71914,71924,10
13.0278196335,80.263633728,71924,71934,10
13.0282402039,80.2637405396,71934,71944,10
13.0282897949,80.2637481689,71944,71955,11
13.0286598206,80.2638626099,71955,71965,10
13.0291700363,80.2640075684,71965,71975,10
13.029250145,80.2643203735,71975,71985,10
13.0292596817,80.2647781372,71985,71995,10
13.0292396545,80.2653427124,71995,72005,10
13.0292196274,80.2659606934,72005,72015,10
13.0292100906,80.2660827637,72015,72025,10
13.0291595459,80.2663803101,72025,72035,10
13.0293397903,80.2665100098,72035,72045,10
13.0297403336,80.2665634155,72045,72056,11
13.0303001404,80.2666397095,72056,72066,10
13.0308198929,80.2667388916,72066,72076,10
13.0314102173,80.2669296265,72076,72086,10
13.0318803787,80.2671203613,72086,72096,10
13.0321702957,80.2672729492,72096,72106,10
13.0323600769,80.2673568726,72106,72116,10
13.03262043,80.2675476074,72116,72126,10
13.0329799652,80.2677001953,72126,72136,10
13.0334796906,80.2677688599,72136,72167,31
13.0334796906,80.2677688599,72167,72177,10
13.0339002609,80.267906189,72177,72197,20
13.0339002609,80.267906189,72197,72207,10
13.0339698792,80.2679290771,72207,72217,10
13.0342798233,80.2679672241,72217,72227,10
13.0345201492,80.2679367065,72227,72308,81
13.0345201492,80.2679367065,72308,72318,10
13.0341997147,80.2679595947,72318,72328,10
13.033780098,80.2678985596,72328,72338,10
13.0333099365,80.2678222656,72338,72752,414
13.0333099365,80.2678222656,72752,72763,11
13.0331096649,80.2677078247,72763,73197,434
13.0331096649,80.2677078247,73197,73207,10
13.033080101,80.267578125,73207,73217,10
13.0328798294,80.2675933838,73217,73227,10
13.0326099396,80.2675018311,73227,73237,10
13.0325098038,80.2674026489,73237,73247,10
13.0323600769,80.2673416138,73247,73257,10
13.0320596695,80.2672119141,73257,73267,10
13.0317401886,80.2670822144,73267,73278,11
13.0313100815,80.2669067383,73278,73288,10
13.03083992,80.2667770386,73288,73298,10
13.0303602219,80.2667007446,73298,73308,10
13.0298995972,80.2666320801,73308,73318,10
13.0297403336,80.2666091919,73318,73328,10
13.0296297073,80.2666015625,73328,73338,10
13.0292797089,80.2665405273,73338,73348,10
13.0289201736,80.2663497925,73348,73358,10
13.0285301208,80.2662734985,73358,73368,10
13.0281600952,80.2662124634,73368,73379,11
13.0276699066,80.2661514282,73379,73389,10
13.0270500183,80.2660903931,73389,73399,10
13.0264797211,80.2660217285,73399,73409,10
13.0261001587,80.2658996582,73409,73418,9
13.0257301331,80.2656402588,73418,73429,11
13.0253200531,80.26537323,73429,73440,11
13.0252399445,80.2653198242,73440,73450,10
13.0250597,80.2651824951,73450,73460,10
13.0247097015,80.2649230957,73460,73470,10
13.0242900848,80.2645721436,73470,73481,11
13.0237798691,80.2642669678,73481,73491,10
13.0232400894,80.2639770508,73491,73501,10
13.0227499008,80.263671875,73501,73511,10
13.0220298767,80.2633590698,73511,73531,20
13.0220298767,80.2633590698,73531,73541,10
13.0217895508,80.2632293701,73541,73551,10
13.0213003159,80.2630615234,73551,73561,10
13.0206298828,80.2630004883,73561,73571,10
13.0198802948,80.2629470825,73571,73582,11
13.0191602707,80.262878418,73582,73592,10
13.0188703537,80.2626190186,73592,73602,10
13.0187797546,80.2619934082,73602,73612,10
13.0186700821,80.2614974976,73612,73622,10
13.0184297562,80.261138916,73622,73632,10
13.0179004669,80.2607803345,73632,73642,10
13.0173301697,80.2603988647,73642,73652,10
13.0166597366,80.259979248,73652,73662,10
13.0161304474,80.2596893311,73662,73672,10
13.0160999298,80.2596817017,73672,73683,11
13.0160303116,80.2596511841,73683,73693,10
13.0156698227,80.2594909668,73693,73703,10
13.0151500702,80.2593383789,73703,73713,10
13.0145301819,80.2592773438,73713,73723,10
13.0138196945,80.259262085,73723,73733,10
13.0130300522,80.2592315674,73733,73743,10
13.0122003555,80.2592010498,73743,73753,10
13.0115003586,80.2591705322,73753,73763,10
13.010840416,80.259147644,73763,73773,10
13.0100603104,80.2592010498,73773,73784,11
13.0092401505,80.2592010498,73784,73794,10
13.0088300705,80.2591705322,73794,73804,10
13.0086202621,80.2591781616,73804,73814,10
13.0081796646,80.2591934204,73814,73824,10
13.0076599121,80.2593383789,73824,73834,10
13.0071697235,80.2587203979,73834,73854,20
13.0071697235,80.2587203979,73854,73864,10
13.0071001053,80.2585525513,73864,73874,10
13.0068798065,80.2581710815,73874,73885,11
13.0065603256,80.2576980591,73885,73895,10
13.0064401627,80.257270813,73895,73905,10
13.0064296722,80.2569122314,73905,73915,10
13.0064201355,80.2565612793,73915,73925,10
13.0064601898,80.2561569214,73925,73935,10
13.0064601898,80.2555389404,73935,73945,10
13.0064897537,80.2549514771,73945,73955,10
13.0064496994,80.2542572021,73955,73965,10
13.0064601898,80.253578186,73965,73975,10
13.0064401627,80.2531585693,73975,73986,11
13.0064496994,80.2529602051,73986,74016,30
13.0064496994,80.2529602051,74016,74026,10
13.006480217,80.2527389526,74026,74036,10
13.0064697266,80.2525100708,74036,74046,10
13.0065202713,80.2521514893,74046,74056,10
13.0065803528,80.2518386841,74056,74117,61
13.0065803528,80.2518386841,74117,74127,10
13.0066404343,80.2518234253,74127,74137,10
13.0067100525,80.2514877319,74137,74147,10
13.0067501068,80.2509307861,74147,74157,10
13.0067300797,80.2502212524,74157,74167,10
13.0066995621,80.2496109009,74167,74177,10
13.0066995621,80.2495117188,74177,74188,11
13.0066900253,80.2490386963,74188,74198,10
13.0066404343,80.2484664917,74198,74208,10
13.0065898895,80.2480392456,74208,74218,10
13.0065898895,80.2479782104,74218,74228,10
13.0065803528,80.2478027344,74228,74238,10
13.0066003799,80.2473526001,74238,74248,10
13.0066099167,80.246963501,74248,74258,10
13.0066003799,80.246711731,74258,74268,10
13.0065898895,80.2466964722,74268,74278,10
13.0065898895,80.2465209961,74278,74288,10
13.0066099167,80.2461700439,74288,74299,11
13.0066003799,80.245552063,74299,74309,10
13.0065898895,80.2448730469,74309,74319,10
13.0065803528,80.2441329956,74319,74329,10
13.0065698624,80.2434616089,74329,74339,10
13.0065402985,80.2427902222,74339,74349,10
13.0065202713,80.2420425415,74349,74359,10
13.0065202713,80.2417221069,74359,74369,10
13.0065202713,80.2416000366,74369,74379,10
13.0065498352,80.2411727905,74379,74389,10
13.0066699982,80.2403717041,74389,74410,21
13.0066699982,80.2403717041,74410,74420,10
13.0067100525,80.2401580811,74420,74430,10
13.0068101883,80.2396774292,74430,74440,10
13.0069303513,80.2390289307,74440,74450,10
13.0070800781,80.2382965088,74450,74460,10
13.0072402954,80.2376403809,74460,74470,10
13.007349968,80.2369995117,74470,74480,10
13.0073699951,80.2367782593,74480,74490,10
13.007399559,80.2366409302,74490,74501,11
13.0075302124,80.2362213135,74501,74511,10
13.0076398849,80.2356567383,74511,74521,10
13.0077695847,80.2349777222,74521,74531,10
13.0079097748,80.2342376709,74531,74541,10
13.0080604553,80.2335128784,74541,74551,10
13.0082397461,80.2325820923,74551,74561,10
13.0084199905,80.2316513062,74561,74571,10
13.0085897446,80.2308273315,74571,74581,10
13.0087404251,80.2300033569,74581,74591,10
13.0089197159,80.2291564941,74591,74602,11
13.0091104507,80.2282562256,74602,74612,10
13.0094499588,80.227432251,74612,74622,10
13.0098304749,80.2265930176,74622,74632,10
13.0102300644,80.2257537842,74632,74642,10
13.0105800629,80.2250137329,74642,74652,10
13.0108995438,80.2243423462,74652,74662,10
13.0112895966,80.2234573364,74662,74682,20
13.0112895966,80.2234573364,74682,74692,10
13.0113201141,80.2233505249,74692,74703,11
13.0115499496,80.2228469849,74703,74713,10
13.0116996765,80.2222976685,74713,74723,10
13.0119800568,80.2216796875,74723,74733,10
13.0122203827,80.2214431763,74733,74743,10
13.0124397278,80.2216567993,74743,74753,10
13.0128002167,80.2221603394,74753,74763,10
13.0132598877,80.2226867676,74763,74773,10
13.0137701035,80.2232437134,74773,74783,10
13.0142097473,80.223777771,74783,74793,10
13.0147104263,80.224357605,74793,74804,11
13.015080452,80.2247009277,74804,74814,10
13.0152397156,80.224822998,74814,74824,10
13.0154304504,80.224899292,74824,74834,10
13.0155200958,80.224937439,74834,74844,10
13.0156803131,80.2250976563,74844,74854,10
13.016119957,80.2253112793,74854,74864,10
13.0167703629,80.225189209,74864,74874,10
13.017539978,80.2248916626,74874,74884,10
13.0183601379,80.2245635986,74884,74894,10
13.0191402435,80.224357605,74894,74905,11
13.0199403763,80.2246704102,74905,74915,10
13.0206298828,80.225151062,74915,74925,10
13.0210895538,80.2255096436,74925,74935,10
13.0214996338,80.2258071899,74935,74945,10
13.0219202042,80.2261199951,74945,74955,10
13.0219402313,80.2261428833,74955,74965,10
13.0220403671,80.2262268066,74965,74975,10
13.0222597122,80.2264175415,74975,74985,10
13.0226297379,80.2267303467,74985,74995,10
13.0231103897,80.2271881104,74995,75006,11
13.0237398148,80.2277832031,75006,75016,10
13.0242700577,80.2283477783,75016,75026,10
13.0247001648,80.2289581299,75026,75036,10
13.0251598358,80.2295913696,75036,75046,10
13.0255899429,80.2302017212,75046,75056,10
13.0258598328,80.2307434082,75056,75066,10
13.0260000229,80.2312011719,75066,75076,10
13.0262699127,80.2313079834,75076,75086,10
13.0268201828,80.2311630249,75086,75096,10
13.0274896622,80.2309799194,75096,75107,11
13.028380394,80.2308425903,75107,75127,20
13.028380394,80.2308425903,75127,75137,10
13.0288600922,80.230796814,75137,75147,10
13.0292196274,80.2307662964,75147,75167,20
13.0292196274,80.2307662964,75167,75177,10
13.0294704437,80.2307662964,75177,75187,10
13.0298900604,80.2307281494,75187,75197,10
13.0304403305,80.230682373,75197,75207,10
13.0307397842,80.2306671143,75207,75218,11
13.0312595367,80.2306289673,75218,75228,10
13.0318498611,80.2305984497,75228,75238,10
13.0324296951,80.2305374146,75238,75248,10
13.0330400467,80.2304992676,75248,75258,10
13.033659935,80.2304534912,75258,75268,10
13.034070015,80.2303771973,75268,75278,10
13.0343599319,80.2303466797,75278,75308,30
13.0343599319,80.2303466797,75308,75319,11
13.0347700119,80.2302932739,75319,75349,30
13.0347700119,80.2302932739,75349,75359,10
13.0349597931,80.230178833,75359,75369,10
13.0350904465,80.2299575806,75369,75379,10
13.0350503922,80.2298583984,75379,75389,10
13.0348300934,80.2298431396,75389,75399,10
13.0342998505,80.2297592163,75399,75480,81
13.0342998505,80.2297592163,75480,75490,10
13.0341396332,80.2298431396,75490,75561,71
13.0341997147,80.230178833,75561,75642,81
13.0341997147,80.230178833,75642,75652,10
13.0340595245,80.2305221558,75652,75662,10
13.0337696075,80.2304916382,75662,75672,10
13.0333299637,80.2305221558,75672,75682,10
13.0327596664,80.2305603027,75682,75692,10
13.0321998596,80.2306213379,75692,75702,10
13.0316200256,80.2306671143,75702,75712,10
13.0310697556,80.2307128906,75712,75723,11
13.0307598114,80.2307281494,75723,75733,10
13.0303297043,80.230758667,75733,75743,10
13.0298204422,80.2308197021,75743,75753,10
13.0296802521,80.2308425903,75753,75763,10
13.0292701721,80.2308883667,75763,75773,10
13.0286502838,80.23097229,75773,75783,10
13.0279903412,80.2310562134,75783,75793,10
13.0276699066,80.2311706543,75793,75803,10
13.0276899338,80.2315979004,75803,75813,10
13.0277500153,80.232170105,75813,75824,11
13.0278701782,80.2327270508,75824,75834,10
13.0275802612,80.2328720093,75834,75844,10
13.0270900726,80.2329406738,75844,75854,10
13.0267601013,80.2329864502,75854,75864,10
13.0264396667,80.2329406738,75864,75874,10
13.0262403488,80.232460022,75874,75884,10
13.0260696411,80.2319030762,75884,75894,10
13.0259399414,80.2313537598,75894,75904,10
13.0256996155,80.2306213379,75904,75914,10
13.0252399445,80.2298736572,75914,75925,11
13.0247402191,80.2292098999,75925,75935,10
13.0243301392,80.2286911011,75935,75945,10
13.0239896774,80.2283096313,75945,75955,10
13.0237998962,80.2280502319,75955,75965,10
13.023639679,80.2278823853,75965,75975,10
13.0233697891,80.2276229858,75975,75985,10
13.0229902267,80.2273025513,75985,75995,10
13.0225200653,80.2268600464,75995,76005,10
13.0220003128,80.2263793945,76005,76015,10
13.0214004517,80.2258987427,76015,76026,11
13.0207996368,80.225440979,76026,76036,10
13.0203199387,80.2251281738,76036,76046,10
13.0196895599,80.2247085571,76046,76056,10
13.0189199448,80.2244873047,76056,76066,10
13.0182104111,80.2247161865,76066,76076,10
13.0175800323,80.2249984741,76076,76086,10
13.0169296265,80.2252807617,76086,76096,10
13.016500473,80.2254486084,76096,76106,10
13.0161399841,80.2255706787,76106,76116,10
13.0157203674,80.2257232666,76116,76127,11
13.0152997971,80.2258834839,76127,76137,10
13.0148096085,80.2260665894,76137,76147,10
13.0144300461,80.2262115479,76147,76157,10
13.0142602921,80.22631073,76157,76167,10
13.0141601563,80.226348877,76167,76177,10
13.0137701035,80.2265090942,76177,76187,10
13.0131902695,80.2267379761,76187,76197,10
13.0125799179,80.2269668579,76197,76207,10
13.0119104385,80.2272262573,76207,76217,10
13.0111598969,80.2275314331,76217,76228,11
13.0101995468,80.2279129028,76228,76238,10
13.0094299316,80.2282562256,76238,76248,10
13.0091104507,80.2288818359,76248,76258,10
13.0089597702,80.2297286987,76258,76268,10
13.008769989,80.2306518555,76268,76278,10
13.0085897446,80.231590271,76278,76288,10
13.0083904266,80.2326202393,76288,76298,10
13.0082798004,80.2333831787,76298,76308,10
13.0082597733,80.2335510254,76308,76318,10
13.0081596375,80.2338104248,76318,76329,11
13.0080900192,80.2343292236,76329,76339,10
13.0079603195,80.2350234985,76339,76349,10
13.0078001022,80.2357788086,76349,76359,10
13.0076503754,80.2365722656,76359,76369,10
13.0074701309,80.2373962402,76369,76379,10
13.0073204041,80.2381591797,76379,76389,10
13.0071802139,80.2388381958,76389,76399,10
13.007060051,80.2395095825,76399,76409,10
13.0069503784,80.2400817871,76409,76490,81
13.0069503784,80.2400817871,76490,76500,10
13.0069303513,80.2405471802,76500,76510,10
13.0068101883,80.2410964966,76510,76520,10
13.0067195892,80.241859436,76520,76530,10
13.0067195892,80.24269104,76530,76541,11
13.0066900253,80.2432937622,76541,76551,10
13.0066900253,80.243927002,76551,76561,10
13.0066795349,80.2447433472,76561,76571,10
13.0066995621,80.2456893921,76571,76581,10
13.0067300797,80.2466430664,76581,76591,10
13.0067396164,80.2473983765,76591,76601,10
13.0067195892,80.2480621338,76601,76611,10
13.0067596436,80.2488174438,76611,76621,10
13.0068702698,80.2494812012,76621,76631,10
13.0068798065,80.2495803833,76631,76642,11
13.0068798065,80.2499465942,76642,76652,10
13.0068397522,80.2504425049,76652,76662,10
13.0068302155,80.2510986328,76662,76672,10
13.0067501068,80.2517700195,76672,76682,10
13.0066204071,80.2524414063,76682,76692,10
13.0065803528,80.253036499,76692,76702,10
13.0065898895,80.2537612915,76702,76712,10
13.0066003799,80.2545013428,76712,76722,10
13.0066299438,80.2553482056,76722,76733,11
13.0066299438,80.2563095093,76733,76743,10
13.0066604614,80.257019043,76743,76753,10
13.0067195892,80.2573699951,76753,76823,70
13.0067195892,80.2573699951,76823,76833,10
13.0068302155,80.2576980591,76833,76844,11
13.0071401596,80.2582778931,76844,76854,10
13.0076599121,80.258682251,76854,76864,10
13.0077896118,80.2587280273,76864,76874,10
13.0080404282,80.2588272095,76874,76884,10
13.0085697174,80.2590103149,76884,76894,10
13.0092496872,80.2590637207,76894,76904,10
13.0101203918,80.2590713501,76904,76914,10
13.0110197067,80.2590637207,76914,76924,10
13.0118999481,80.2590637207,76924,76934,10
13.012840271,80.2591018677,76934,76945,11
13.0138502121,80.259147644,76945,76955,10
13.014749527,80.2592010498,76955,76965,10
13.015540123,80.2592697144,76965,76975,10
13.016119957,80.2594833374,76975,76985,10
13.0163602829,80.2596206665,76985,76995,10
13.0164604187,80.2597198486,76995,77005,10
13.01679039,80.2599868774,77005,77015,10
13.0172395706,80.2602996826,77015,77025,10
13.0177602768,80.2606582642,77025,77035,10
13.018239975,80.2610168457,77035,77046,11
13.0188102722,80.2614364624,77046,77056,10
13.0193595886,80.2619400024,77056,77066,10
13.019900322,80.2624816895,77066,77076,10
13.0201997757,80.2627182007,77076,77086,10
13.0203399658,80.262802124,77086,77096,10
13.0207996368,80.2629394531,77096,77106,10
13.0213403702,80.2631072998,77106,77116,10
13.0218601227,80.2633209229,77116,77126,10
13.0221300125,80.263458252,77126,77136,10
13.0225200653,80.2636566162,77136,77147,11
13.0229101181,80.2638931274,77147,77157,10
13.0229701996,80.2639389038,77157,77167,10
13.0233001709,80.2641372681,77167,77177,10
13.0237703323,80.2643966675,77177,77187,10
13.0242395401,80.2646789551,77187,77197,10
13.0246896744,80.2649993896,77197,77206,9
13.0250797272,80.265296936,77206,77217,11
13.025639534,80.2656478882,77217,77227,10
13.0260801315,80.2659225464,77227,77237,10
13.026260376,80.2658004761,77237,77248,11
13.0263004303,80.2653579712,77248,77258,10
13.0263299942,80.2648773193,77258,77268,10
13.0264196396,80.2642364502,77268,77278,10
13.0264396667,80.2641372681,77278,77288,10
13.0264797211,80.2640533447,77288,77298,10
13.0265197754,80.2636413574,77298,77308,10
13.0266199112,80.263381958,77308,77318,10
13.0269899368,80.2634429932,77318,77328,10
13.027469635,80.2635421753,77328,77338,10
13.0280103683,80.2637023926,77338,77349,11
13.0282201767,80.2637634277,77349,77359,10
13.0285797119,80.2638626099,77359,77369,10
13.0290603638,80.2639770508,77369,77379,10
13.0292596817,80.2642593384,77379,77389,10
13.0292301178,80.2647171021,77389,77399,10
13.0292196274,80.2653198242,77399,77409,10
13.0292196274,80.2656784058,77409,77419,10
13.0291996002,80.2660217285,77419,77429,10
13.0291795731,80.2661819458,77429,77439,10
13.029129982,80.266456604,77439,77450,11
13.0293703079,80.2665786743,77450,77460,10
13.0296897888,80.2666015625,77460,77470,10
13.0301198959,80.2666625977,77470,77480,10
13.030670166,80.2667312622,77480,77490,10
13.0313596725,80.266960144,77490,77500,10
13.0319900513,80.2671966553,77500,77510,10
13.0323896408,80.2674102783,77510,77520,10
13.0327196121,80.2676696777,77520,77530,10
13.0332803726,80.267791748,77530,77551,21
13.0332803726,80.267791748,77551,77561,10
13.033659935,80.2678985596,77561,77591,30
13.033659935,80.2678985596,77591,77601,10
13.0340795517,80.2679901123,77601,77611,10
13.0344800949,80.2679977417,77611,77702,91
13.0344800949,80.2679977417,77702,77712,10
13.0341300964,80.2680282593,77712,77722,10
13.0337400436,80.2679367065,77722,77732,10
13.0333003998,80.2678375244,77732,77742,10
13.0328197479,80.2677536011,77742,77753,11
13.0325498581,80.2675476074,77753,77763,10
13.0323600769,80.2674407959,77763,77773,10
13.031920433,80.2672195435,77773,77783,10
13.0314998627,80.2670516968,77783,77793,10
13.0310297012,80.2669219971,77793,77803,10
13.0304498672,80.2667999268,77803,77813,10
13.0299797058,80.2667236328,77813,77823,10
13.0296401978,80.2666778564,77823,77833,10
13.029250145,80.2666015625,77833,77843,10
13.0289096832,80.266418457,77843,77854,11
13.0282897949,80.2662887573,77854,77864,10
13.0276498795,80.2661895752,77864,77874,10
13.027009964,80.2661209106,77874,77884,10
13.0266199112,80.2660369873,77884,77894,10
13.0263395309,80.2659683228,77894,77914,20
13.0263395309,80.2659683228,77914,77924,10
13.0260400772,80.2661590576,77924,77934,10
13.0260696411,80.2663497925,77934,78338,404
13.0262002945,80.266418457,78338,78470,132
13.0262002945,80.266418457,78470,78480,10
13.026309967,80.2663574219,78480,78611,131
13.0264797211,80.2662277222,78611,78641,30
13.0262899399,80.2663192749,78641,78863,222
13.0262899399,80.2663192749,78863,78874,11
13.0260896683,80.2660827637,78874,78884,10
13.0262699127,80.2658233643,78884,79681,797
13.0262403488,80.2655792236,79681,80439,758
13.0262403488,80.2655792236,80439,80449,10
