13.0983600616,80.2410430908,16,18673,18657
13.0985403061,80.2409591675,18673,18693,20
13.0985403061,80.2409591675,18693,18703,10
13.0986099243,80.2408676147,18703,18713,10
13.0986700058,80.2406463623,18713,18723,10
13.0986604691,80.2405166626,18723,18733,10
13.0986700058,80.2403411865,18733,18743,10
13.0987596512,80.2400894165,18743,18753,10
13.0990495682,80.2402420044,18753,18763,10
13.0990695953,80.2406005859,18763,18774,11
13.0988197327,80.2406005859,18774,18784,10
13.0987195969,80.2405929565,18784,18794,10
13.0985202789,80.2405395508,18794,18804,10
13.0982704163,80.2405014038,18804,19348,544
13.0982704163,80.2405014038,19348,19358,10
13.09856987,80.2403793335,19358,19399,41
13.09856987,80.2403793335,19399,19409,10
13.0986299515,80.2402572632,19409,19419,10
13.098739624,80.2400894165,19419,19429,10
13.0989999771,80.2401580811,19429,19439,10
13.0991001129,80.2407073975,19439,19608,169
13.0991001129,80.2407073975,19608,19618,10
13.0990896225,80.2408370972,19618,19628,10
13.0990104675,80.2410583496,19628,19639,11
13.0989103317,80.2413024902,19639,19649,10
13.0988502502,80.2416000366,19649,19669,20
13.0988502502,80.2416000366,19669,19679,10
13.0987596512,80.2420806885,19679,19689,10
13.0987596512,80.2420806885,19689,19699,10
13.0985002518,80.2422790527,19699,19861,162
13.0985002518,80.2422790527,19861,19871,10
13.0983104706,80.2423019409,19871,19882,11
13.0979099274,80.2422485352,19882,19892,10
13.0974998474,80.2421798706,19892,19902,10
13.0974998474,80.2417831421,19902,19912,10
13.0976104736,80.2411727905,19912,19922,10
13.0976800919,80.240447998,19922,19932,10
13.0977296829,80.2396774292,19932,19942,10
13.0977802277,80.2389297485,19942,19952,10
13.0978803635,80.2381591797,19952,19962,10
13.0980300903,80.237411499,19962,19972,10
13.0981798172,80.236656189,19972,19982,10
13.0983104706,80.2359466553,19982,19992,10
13.0984096527,80.2352905273,19992,20003,11
13.0985097885,80.2344512939,20003,20013,10
13.0985898972,80.2337188721,20013,20023,10
13.0986700058,80.2330474854,20023,20033,10
13.0988502502,80.2322616577,20033,20042,9
13.0990400314,80.2316894531,20042,20053,11
13.0993204117,80.2310562134,20053,20063,10
13.0996198654,80.2302398682,20063,20073,10
13.0997896194,80.2295227051,20073,20083,10
13.0999002457,80.2288513184,20083,20093,10
13.1000003815,80.2282791138,20093,20103,10
13.1000404358,80.2278213501,20103,20113,10
13.100060463,80.227180481,20113,20123,10
13.1000204086,80.2265319824,20123,20134,11
13.0999202728,80.2257766724,20134,20144,10
13.0998697281,80.2252883911,20144,20154,10
13.099729538,80.2246932983,20154,20164,10
13.0995702744,80.2241821289,20164,20174,10
13.099360466,80.2238006592,20174,20184,10
13.0992803574,80.2236785889,20184,20194,10
13.0991401672,80.2235031128,20194,20204,10
13.09897995,80.2232818604,20204,20214,10
13.0988302231,80.2230606079,20214,20224,10
13.0987195969,80.2226867676,20224,20234,10
13.098739624,80.222038269,20234,20245,11
13.0988702774,80.2211608887,20245,20255,10
13.0990104675,80.2203521729,20255,20265,10
13.0991401672,80.2197036743,20265,20275,10
13.0992002487,80.2193374634,20275,20285,10
13.099240303,80.2190170288,20285,20295,10
13.0993299484,80.218460083,20295,20305,10
13.099439621,80.2177886963,20305,20315,10
13.0995998383,80.2170791626,20315,20325,10
13.0998296738,80.2164001465,20325,20335,10
13.0999202728,80.2159805298,20335,20345,10
13.0999898911,80.2156677246,20345,20355,10
13.1001195908,80.2154083252,20355,20365,10
13.1002998352,80.2148971558,20365,20567,202
13.1002998352,80.2148971558,20567,20577,10
13.100279808,80.2148513794,20577,20587,10
13.100230217,80.2145614624,20587,20597,10
13.0999603271,80.2144393921,20597,20607,10
13.0995998383,80.2143478394,20607,20618,11
13.098950386,80.2141799927,20618,20628,10
13.0984697342,80.2141113281,20628,20638,10
13.0981903076,80.2147598267,20638,20648,10
13.097869873,80.2155227661,20648,20658,10
13.0975599289,80.2162780762,20658,20668,10
13.0973901749,80.2167434692,20668,20678,10
13.0973796844,80.2167510986,20678,20688,10
13.0972900391,80.2169799805,20688,20698,10
13.097120285,80.2173995972,20698,20708,10
13.0968999863,80.2180099487,20708,20718,10
13.0966796875,80.2186889648,20718,20728,10
13.0964202881,80.2194595337,20728,20744,16
13.0959701538,80.2207794189,20744,20757,13
13.0956001282,80.2218399048,20757,20767,10
13.0953397751,80.2225418091,20767,20777,10
13.0947999954,80.2236175537,20777,20787,10
13.094209671,80.2244491577,20787,20794,7
13.0937795639,80.2249832153,20794,20807,13
13.0929298401,80.2258682251,20807,20817,10
13.0923099518,80.2265014648,20817,20827,10
13.0916996002,80.2271194458,20827,20837,10
13.0912599564,80.2276229858,20837,20846,9
13.0912303925,80.2276535034,20846,20856,10
13.0909996033,80.2278900146,20856,20868,12
13.0904798508,80.2284164429,20868,20878,10
13.0899000168,80.2290496826,20878,20888,10
13.0893697739,80.2297515869,20888,20898,10
13.0891399384,80.23021698,20898,20908,10
13.0888500214,80.2309036255,20908,20928,20
13.0888500214,80.2309036255,20928,20938,10
13.0888299942,80.2309265137,20938,20948,10
13.0887203217,80.2311782837,20948,20958,10
13.0885400772,80.2316818237,20958,20968,10
13.0883398056,80.2323532104,20968,20978,10
13.0881204605,80.2332992554,20978,20989,11
13.0880002975,80.2342605591,20989,20999,10
13.0874595642,80.234588623,20999,21009,10
13.0867004395,80.2345581055,21009,21019,10
13.0861797333,80.2344970703,21019,21029,10
13.0861196518,80.2344589233,21029,21039,10
13.0857496262,80.2343673706,21039,21049,10
13.0852003098,80.2342376709,21049,21059,10
13.0845499039,80.2340774536,21059,21069,10
13.0839796066,80.2339706421,21069,21079,10
13.0834798813,80.23387146,21079,21089,10
13.0829401016,80.2337799072,21089,21099,10
13.0824899673,80.2336730957,21099,21110,11
13.0824203491,80.2336578369,21110,21120,10
13.0823097229,80.2336273193,21120,21130,10
13.0818595886,80.2335662842,21130,21140,10
13.0812301636,80.2335586548,21140,21150,10
13.0805101395,80.2335510254,21150,21160,10
13.0794801712,80.2335586548,21160,21180,20
13.0794801712,80.2335586548,21180,21190,10
13.0791501999,80.2335586548,21190,21200,10
13.078619957,80.233581543,21200,21210,10
13.0779304504,80.2335891724,21210,21220,10
13.0771198273,80.2336883545,21220,21231,11
13.0763196945,80.2338409424,21231,21241,10
13.0760498047,80.2338790894,21241,21251,10
13.075920105,80.23387146,21251,21261,10
13.0758495331,80.234161377,21261,21271,10
13.0760097504,80.2347717285,21271,21281,10
13.0761899948,80.2355804443,21281,21291,10
13.0763397217,80.2364120483,21291,21301,10
13.0764799118,80.2370834351,21301,21311,10
13.076499939,80.2371673584,21311,21327,16
13.0765600204,80.2374420166,21327,21339,12
13.0766601563,80.23802948,21339,21347,8
13.0767803192,80.2386398315,21347,21360,13
13.0770597458,80.2397766113,21360,21370,10
13.0771999359,80.2404708862,21370,21378,8
13.0769395828,80.2406692505,21378,21390,12
13.0760002136,80.2405090332,21390,21400,10
13.0750799179,80.2405166626,21400,21410,10
13.0741100311,80.2405471802,21410,21420,10
13.0731296539,80.2407913208,21420,21430,10
13.0721998215,80.2412185669,21430,21440,10
13.0712995529,80.2417221069,21440,21450,10
13.0704603195,80.2420120239,21450,21460,10
13.0702199936,80.2420806885,21460,21470,10
13.0699300766,80.2421417236,21470,21481,11
13.0694198608,80.2422714233,21481,21491,10
13.0688800812,80.2424926758,21491,21501,10
13.0681600571,80.2426986694,21501,21511,10
13.0672998428,80.2429962158,21511,21520,9
13.0664901733,80.243347168,21520,21531,11
13.0661401749,80.2440872192,21531,21541,10
13.0663003922,80.2451934814,21541,21551,10
13.0666303635,80.2459564209,21551,21560,9
13.0672302246,80.2462234497,21560,21570,10
13.0677604675,80.2464675903,21570,21579,9
13.0678195953,80.2465209961,21579,21591,12
13.0679502487,80.2469024658,21591,21602,11
13.0679502487,80.2476730347,21602,21612,10
13.0672998428,80.2479324341,21612,21622,10
13.0663204193,80.2478713989,21622,21632,10
13.0652999878,80.2478027344,21632,21641,9
13.0643596649,80.2477416992,21641,21652,11
13.0632400513,80.2476577759,21652,21661,9
13.0624504089,80.2476196289,21661,21672,11
13.0614995956,80.2473831177,21672,21681,9
13.0614299774,80.2468414307,21681,21691,10
13.0618400574,80.2462081909,21691,21702,11
13.0621004105,80.2452392578,21702,21712,10
13.0627498627,80.2447280884,21712,21723,11
13.0631399155,80.2442779541,21723,21733,10
13.0633802414,80.2438201904,21733,21743,10
13.0632095337,80.2434768677,21743,21753,10
13.0627002716,80.2433776855,21753,21763,10
13.0621995926,80.2433013916,21763,21773,10
13.0615701675,80.2432098389,21773,21783,10
13.0610198975,80.2431106567,21783,21793,10
13.0604295731,80.2428817749,21793,21803,10
13.0597696304,80.2426605225,21803,21813,10
13.0591201782,80.2425689697,21813,21829,16
13.0587396622,80.2426223755,21829,21841,12
13.0583496094,80.2426834106,21841,21852,11
13.0576400757,80.2427902222,21852,21862,10
13.0568704605,80.2427520752,21862,21872,10
13.0561504364,80.2424621582,21872,21882,10
13.0553197861,80.2423019409,21882,21892,10
13.0546798706,80.242401123,21892,21902,10
13.0543899536,80.2423782349,21902,21912,10
13.0542697906,80.2423782349,21912,21922,10
13.0538396835,80.2423019409,21922,21931,9
13.0537395477,80.2422485352,21931,21941,10
13.0536804199,80.2422180176,21941,21952,11
13.05327034,80.2420120239,21952,21962,10
13.0526800156,80.2417678833,21962,21973,11
13.0522403717,80.2412261963,21973,21983,10
13.0520401001,80.2409210205,21983,21993,10
13.0517196655,80.240737915,21993,22003,10
13.0509300232,80.2405776978,22003,22023,20
13.0509300232,80.2405776978,22023,22033,10
13.0506401062,80.2405090332,22033,22043,10
13.0500802994,80.2403869629,22043,22053,10
13.0494298935,80.2402420044,22053,22063,10
13.0487203598,80.2400894165,22063,22073,10
13.0479097366,80.2399520874,22073,22083,10
13.047129631,80.2397766113,22083,22094,11
13.0463600159,80.2396087646,22094,22104,10
13.0462398529,80.2393264771,22104,22114,10
13.046330452,80.2389984131,22114,22124,10
13.046500206,80.2383422852,22124,22134,10
13.0466604233,80.2375793457,22134,22144,10
13.0468397141,80.2367782593,22144,22154,10
13.046959877,80.2361602783,22154,22164,10
13.0470399857,80.2357635498,22164,22174,10
13.0470504761,80.235496521,22174,22184,10
13.047129631,80.23487854,22184,22194,10
13.0472402573,80.234046936,22194,22204,10
13.0473299026,80.2332992554,22204,22215,11
13.0470504761,80.2330093384,22215,22225,10
13.0463399887,80.2328720093,22225,22235,10
13.0456399918,80.2327575684,22235,22245,10
13.0452404022,80.2326812744,22245,22255,10
13.0452003479,80.2326812744,22255,22265,10
13.0448703766,80.2326202393,22265,22275,10
13.0442399979,80.2324829102,22275,22285,10
13.0435304642,80.232383728,22285,22295,10
13.0428495407,80.2323532104,22295,22305,10
13.0421600342,80.2323379517,22305,22315,10
13.0414304733,80.2322006226,22315,22325,10
13.0406398773,80.2319488525,22325,22336,11
13.039730072,80.2316589355,22336,22346,10
13.0389299393,80.2314224243,22346,22356,10
13.038069725,80.2311706543,22356,22366,10
13.0372200012,80.2309036255,22366,22376,10
13.0368003845,80.2308120728,22376,22386,10
13.0364303589,80.230682373,22386,22396,10
13.0357999802,80.2304763794,22396,22406,10
13.0352201462,80.2303009033,22406,22436,30
13.0352201462,80.2303009033,22436,22446,10
13.0349998474,80.2302627563,22446,22456,10
13.0346002579,80.2303009033,22456,22467,11
13.0341997147,80.2304000854,22467,22477,10
13.0338497162,80.230430603,22477,22487,10
13.0337095261,80.230430603,22487,22497,10
13.0335197449,80.2304611206,22497,22507,10
13.0330200195,80.2304992676,22507,22517,10
13.0322599411,80.2305831909,22517,22527,10
13.0313796997,80.2306594849,22527,22536,9
13.0306596756,80.2307281494,22536,22547,11
13.0298995972,80.2308197021,22547,22557,10
13.0297698975,80.2308273315,22557,22567,10
13.0293998718,80.2309036255,22567,22577,10
13.0287904739,80.2309265137,22577,22588,11
13.0280704498,80.2309875488,22588,22598,10
13.0277004242,80.2310714722,22598,22608,10
13.0277099609,80.2315216064,22608,22616,8
13.0277500153,80.2319488525,22616,22628,12
13.0278701782,80.2326202393,22628,22637,9
13.0275201797,80.2328414917,22637,22648,11
13.0270500183,80.2329406738,22648,22658,10
13.026889801,80.2329711914,22658,22668,10
13.0266895294,80.2330093384,22668,22678,10
13.0263795853,80.2328033447,22678,22688,10
13.0261802673,80.2321090698,22688,22698,10
13.0259599686,80.2313232422,22698,22709,11
13.0256204605,80.2303390503,22709,22719,10
13.0250396729,80.2295227051,22719,22729,10
13.0244998932,80.2288284302,22729,22739,10
13.0241003036,80.2284011841,22739,22749,10
13.0240297318,80.2283096313,22749,22759,10
13.0238800049,80.2281036377,22759,22769,10
13.0236101151,80.2278213501,22769,22779,10
13.0232400894,80.2274780273,22779,22789,10
13.0227098465,80.2269821167,22789,22799,10
13.02202034,80.2263793945,22799,22809,10
13.0211801529,80.2257232666,22809,22819,10
13.020359993,80.2251205444,22819,22830,11
13.0194301605,80.2245330811,22830,22840,10
13.0183601379,80.2246704102,22840,22850,10
13.0173101425,80.2250976563,22850,22860,10
13.016409874,80.225479126,22860,22870,10
13.0159502029,80.2257003784,22870,22880,10
13.0159301758,80.2257003784,22880,22890,10
13.0157804489,80.2257003784,22890,22900,10
13.015250206,80.2258834839,22900,22910,10
13.0145998001,80.2261581421,22910,22927,17
13.014380455,80.2262496948,22927,22939,12
13.0139198303,80.2264175415,22939,22947,8
13.0133695602,80.2266387939,22947,22960,13
13.0123195648,80.2270507813,22960,22970,10
13.0114202499,80.2274093628,22970,22980,10
13.0104703903,80.2277984619,22980,22990,10
13.009519577,80.228187561,22990,22999,9
13.0091104507,80.2287826538,22999,23010,11
13.0088701248,80.2300186157,23010,23020,10
13.0086603165,80.2311019897,23020,23030,10
13.008480072,80.2321166992,23030,23040,10
13.0083398819,80.2329711914,23040,23050,10
13.0082998276,80.2334671021,23050,23060,10
13.0082998276,80.233543396,23060,23070,10
13.0081701279,80.2338562012,23070,23081,11
13.008020401,80.2345809937,23081,23091,10
13.0078401566,80.2354431152,23091,23101,10
13.0076398849,80.2364425659,23101,23111,10
13.0074300766,80.237487793,23111,23131,20
13.0071201324,80.2391586304,23131,23143,12
13.0069704056,80.2399368286,23143,23153,10
13.0069503784,80.2403182983,23153,23163,10
13.0068998337,80.240737915,23163,23173,10
13.0068101883,80.2413635254,23173,23183,10
13.0067796707,80.2421875,23183,23193,10
13.0067300797,80.2431793213,23193,23204,11
13.0067300797,80.2443389893,23204,23214,10
13.0067396164,80.2454605103,23214,23222,8
13.0067501068,80.2463302612,23222,23234,12
13.006770134,80.2474517822,23234,23244,10
13.0067596436,80.2482528687,23244,23254,10
13.0068397522,80.2490997314,23254,23264,10
13.0068998337,80.249458313,23264,23274,10
13.0068702698,80.24949646,23274,23284,10
13.0068702698,80.2498626709,23284,23294,10
13.0068397522,80.2506027222,23294,23304,10
13.0068397522,80.2513809204,23304,23314,10
13.0066299438,80.2522964478,23314,23325,11
13.0065803528,80.25340271,23325,23335,10
13.0066204071,80.2543411255,23335,23345,10
13.0066604614,80.2549209595,23345,23355,10
13.006649971,80.2549514771,23355,23365,10
13.0066404343,80.255279541,23365,23375,10
13.0066299438,80.2559280396,23375,23384,9
13.0066299438,80.2564163208,23384,23395,11
13.0066795349,80.256980896,23395,23406,11
13.0067396164,80.2572631836,23406,23416,10
13.006649971,80.2574615479,23416,23427,11
13.0060596466,80.2574996948,23427,23437,10
13.0053300858,80.2573165894,23437,23448,11
13.0044202805,80.2570877075,23448,23458,10
13.0035104752,80.2568969727,23458,23468,10
13.0026397705,80.2567367554,23468,23478,10
13.0019102097,80.2566375732,23478,23488,10
13.0012798309,80.2565536499,23488,23498,10
13.0005998611,80.2564468384,23498,23508,10
13.0001897812,80.2563781738,23508,23518,10
13.0000696182,80.2563400269,23518,23528,10
12.9996099472,80.2562484741,23528,23538,10
12.9989404678,80.256111145,23538,23548,10
12.9982299805,80.2559814453,23548,23558,10
12.9976100922,80.2559509277,23558,23569,11
12.9969997406,80.2559967041,23569,23579,10
12.9969301224,80.256477356,23579,23599,20
12.9969301224,80.256477356,23599,23615,16
12.9968996048,80.2566223145,23615,23627,12
12.9968795776,80.2569580078,23627,23637,10
12.9968700409,80.2570800781,23637,23647,10
12.9968099594,80.257598877,23647,23656,9
12.9967403412,80.2580871582,23656,23667,11
12.9966497421,80.2588729858,23667,23677,10
12.9965801239,80.259552002,23677,23687,10
12.9965000153,80.2603378296,23687,23698,11
12.9963998795,80.2612304688,23698,23708,10
12.9963302612,80.2618789673,23708,23718,10
12.9962701797,80.2622909546,23718,23728,10
12.9962596893,80.2623291016,23728,23738,10
12.9962301254,80.262512207,23738,23748,10
12.9961700439,80.2629776001,23748,23758,10
12.9961299896,80.2635803223,23758,23768,10
12.9960699081,80.264289856,23768,23778,10
12.9960002899,80.2649688721,23778,23788,10
12.9959602356,80.2652206421,23788,23798,10
12.995929718,80.2656097412,23798,23809,11
12.9958400726,80.2663803101,23809,23819,10
12.9957504272,80.2671813965,23819,23829,10
12.9960403442,80.2676696777,23829,23858,29
12.9960403442,80.2676696777,23858,23869,11
12.9963197708,80.2677230835,23869,23879,10
12.9969997406,80.2676925659,23879,23889,10
12.997759819,80.2674636841,23889,23899,10
12.9986000061,80.2672271729,23899,23909,10
12.9993495941,80.2670135498,23909,23919,10
13.0000801086,80.2666015625,23919,23940,21
13.0000801086,80.2666015625,23940,23950,10
13.0001802444,80.2663269043,23950,23960,10
13.0002002716,80.2659301758,23960,23970,10
13.0003595352,80.2657623291,23970,23980,10
13.0003700256,80.2659835815,23980,23990,10
13.0003595352,80.2662734985,23990,25321,1331
13.0003595352,80.2662734985,25321,25331,10
13.0003595352,80.2665634155,25331,25341,10
13.0002603531,80.2668075562,25341,25351,10
13.0001001358,80.2668914795,25351,25361,10
13.0000095367,80.2668991089,25361,25371,10
12.9996595383,80.2669906616,25371,25381,10
12.9989995956,80.2671966553,25381,25391,10
12.9981002808,80.2674407959,25391,25401,10
12.997130394,80.2677536011,25401,25412,11
12.9962301254,80.2677612305,25412,25422,10
12.9957103729,80.2675933838,25422,25432,10
12.9957103729,80.2674179077,25432,25442,10
12.9957399368,80.2671279907,25442,25452,10
12.9958095551,80.2665176392,25452,25462,10
12.9959001541,80.2657012939,25462,25472,10
12.9960002899,80.264831543,25472,25482,10
12.9960803986,80.2640075684,25482,25492,10
12.9961500168,80.2632980347,25492,25502,10
12.9962301254,80.2626724243,25502,25512,10
12.9963302612,80.26197052,25512,25522,10
12.9964399338,80.2612304688,25522,25533,11
12.9965200424,80.2603378296,25533,25543,10
12.9965801239,80.2595672607,25543,25553,10
12.996629715,80.2587966919,25553,25563,10
12.996720314,80.2579879761,25563,25573,10
12.9968204498,80.2571868896,25573,25583,10
12.9968700409,80.2565078735,25583,25593,10
12.9969301224,80.2561264038,25593,25603,10
12.9970798492,80.255821228,25603,25613,10
12.9975204468,80.2558517456,25613,25623,10
12.9981498718,80.2559127808,25623,25633,10
12.9988603592,80.2560119629,25633,25654,21
12.9988603592,80.2560119629,25654,25664,10
12.9989700317,80.2560272217,25664,25674,10
12.9990100861,80.2560424805,25674,25684,10
12.9993400574,80.2561035156,25684,25694,10
12.9999504089,80.2562179565,25694,25704,10
13.0010499954,80.2564163208,25704,25734,30
13.0010499954,80.2564163208,25734,25744,10
13.0011301041,80.2564315796,25744,25754,10
13.0013999939,80.2564697266,25754,25764,10
13.0019102097,80.2565612793,25764,25775,11
13.0026798248,80.2566833496,25775,25785,10
13.0034103394,80.2568206787,25785,25795,10
13.0042200089,80.2569732666,25795,25805,10
13.0050697327,80.2571334839,25805,25815,10
13.0059299469,80.257270813,25815,25825,10
13.0065202713,80.2572402954,25825,25835,10
13.006529808,80.2566375732,25835,25845,10
13.0065402985,80.2559967041,25845,25855,10
13.0065603256,80.2548675537,25855,25865,10
13.0065402985,80.2538986206,25865,25875,10
13.0065603256,80.2534103394,25875,25885,10
13.0065698624,80.25340271,25885,25895,10
13.0066099167,80.2530822754,25895,25906,11
13.0065898895,80.2524337769,25906,25916,10
13.0066795349,80.2518005371,25916,25926,10
13.0067300797,80.2516326904,25926,25936,10
13.0067996979,80.2511978149,25936,25946,10
13.006819725,80.2504577637,25946,25956,10
13.0067996979,80.2497711182,25956,25966,10
13.0067996979,80.2496109009,25966,25976,10
13.0067901611,80.2490692139,25976,25986,10
13.0067100525,80.2482910156,25986,25996,10
13.0066604614,80.2474594116,25996,26074,78
13.0066604614,80.2474594116,26074,26085,11
13.0066003799,80.2466201782,26085,26104,19
13.0066003799,80.2466201782,26104,26115,11
13.0066699982,80.2462310791,26115,26124,9
13.0066699982,80.2455596924,26124,26134,10
13.0066604614,80.2445831299,26134,26146,12
13.0066099167,80.2432022095,26146,26156,10
13.0065898895,80.2421264648,26156,26166,10
13.0066003799,80.2412567139,26166,26176,10
13.0066299438,80.2410888672,26176,26186,10
13.0067100525,80.2406082153,26186,26196,10
13.0068798065,80.2397232056,26196,26206,10
13.0070800781,80.2386627197,26206,26216,10
13.0073299408,80.2375411987,26216,26226,10
13.0074195862,80.236831665,26226,26246,20
13.0074195862,80.236831665,26246,26256,10
13.0075302124,80.2364501953,26256,26266,10
13.0076704025,80.2358016968,26266,26277,11
13.0078802109,80.2348937988,26277,26287,10
13.008099556,80.2338027954,26287,26297,10
13.0083398819,80.2325820923,26297,26307,10
13.0085897446,80.2312469482,26307,26317,10
13.0088396072,80.2298965454,26317,26327,10
13.0090999603,80.2285766602,26327,26337,10
13.0095300674,80.2274017334,26337,26347,10
13.0100402832,80.2262420654,26347,26357,10
13.0105495453,80.2251434326,26357,26367,10
13.0109901428,80.2240905762,26367,26377,10
13.0113897324,80.2230834961,26377,26387,10
13.011759758,80.2221298218,26387,26398,11
13.0122499466,80.2213973999,26398,26408,10
13.0126495361,80.2218780518,26408,26417,9
13.0130901337,80.2224502563,26417,26428,11
13.0137395859,80.223197937,26428,26438,10
13.0145101547,80.224067688,26438,26448,10
13.0151100159,80.2246322632,26448,26458,10
13.0154304504,80.2248687744,26458,26468,10
13.0156602859,80.2250595093,26468,26508,40
13.0156602859,80.2250595093,26508,26519,11
13.0157499313,80.2251815796,26519,26529,10
13.0160303116,80.2253417969,26529,26539,10
13.0166501999,80.2252807617,26539,26549,10
13.0173997879,80.2249908447,26549,26559,10
13.0181303024,80.2246780396,26559,26569,10
13.0188999176,80.2244033813,26569,26578,9
13.0197601318,80.2245330811,26578,26599,21
13.0197601318,80.2245330811,26599,26609,10
13.0198802948,80.2246627808,26609,26619,10
13.0202598572,80.2249298096,26619,26629,10
13.0207996368,80.2253417969,26629,26639,10
13.0214004517,80.2257766724,26639,26650,11
13.0220098495,80.2261734009,26650,26670,20
13.0220098495,80.2261734009,26670,26680,10
13.0222501755,80.2264022827,26680,26696,16
13.0230398178,80.227142334,26696,26708,12
13.0238199234,80.2278594971,26708,26718,10
13.0242595673,80.2283172607,26718,26728,10
13.0248203278,80.2290878296,26728,26737,9
13.0254096985,80.229888916,26737,26748,11
13.0258998871,80.2307434082,26748,26757,9
13.0260601044,80.2312927246,26757,26769,12
13.0266199112,80.2312393188,26769,26779,10
13.0273504257,80.2310562134,26779,26789,10
13.0285396576,80.2308883667,26789,26809,20
13.0285396576,80.2308883667,26809,26819,10
13.028719902,80.2308502197,26819,26829,10
13.0292301178,80.2308273315,26829,26839,10
13.0296697617,80.2307815552,26839,26849,10
13.0303201675,80.2307434082,26849,26859,10
13.0309000015,80.230682373,26859,26869,10
13.0315599442,80.2306289673,26869,26879,10
13.0323400497,80.2305679321,26879,26890,11
13.0333204269,80.2305221558,26890,26900,10
13.0343904495,80.2304000854,26900,26930,30
13.0343904495,80.2304000854,26930,26940,10
13.0345096588,80.2303771973,26940,26950,10
13.0349197388,80.2303466797,26950,27164,214
13.0376501083,80.2395629883,27164,27177,13
13.0389003754,80.2397079468,27177,27187,10
13.0397396088,80.2397994995,27187,27197,10
13.0402402878,80.2399291992,27197,27207,10
13.0403995514,80.2402267456,27207,27217,10
13.040719986,80.2405014038,27217,27227,10
13.0410404205,80.240562439,27227,27237,10
13.0411500931,80.2406082153,27237,27247,10
13.0415897369,80.2406311035,27247,27257,10
13.04226017,80.240737915,27257,27267,10
13.0431499481,80.2408676147,27267,27277,10
13.0440301895,80.2409210205,27277,27288,11
13.0448303223,80.2403869629,27288,27308,20
13.0461997986,80.2395401001,27308,27320,12
13.0465898514,80.2396087646,27320,27330,10
13.0468397141,80.2396621704,27330,27340,10
13.0473403931,80.2397689819,27340,27350,10
13.0481004715,80.2399291992,27350,27360,10
13.0489196777,80.2400970459,27360,27370,10
13.0496702194,80.2402496338,27370,27380,10
13.0504398346,80.2403869629,27380,27390,10
13.0510702133,80.2405319214,27390,27401,11
13.0512199402,80.240562439,27401,27411,10
13.0515699387,80.2406387329,27411,27420,9
13.0521202087,80.2407836914,27420,27431,11
13.052570343,80.2412796021,27431,27441,10
13.0529098511,80.2417831421,27441,27451,10
13.0535297394,80.2420425415,27451,27461,10
13.0537595749,80.242149353,27461,27471,10
13.053850174,80.2421798706,27471,27481,10
13.0542001724,80.2422714233,27481,27491,10
13.0547599792,80.2423324585,27491,27501,10
13.0554199219,80.2422332764,27501,27511,10
13.0560598373,80.2423706055,27511,27522,11
13.0565395355,80.2425613403,27522,27532,10
13.0567502975,80.2425613403,27532,27542,10
13.0570201874,80.2426528931,27542,27552,10
13.0573196411,80.2427597046,27552,27562,10
13.0576696396,80.242767334,27562,27572,10
13.0579204559,80.2427597046,27572,27581,9
13.0584001541,80.2426605225,27581,27592,11
13.0591602325,80.2425231934,27592,27602,10
13.059920311,80.2426605225,27602,27612,10
13.0606498718,80.2429122925,27612,27622,10
13.0611000061,80.2430419922,27622,27632,10
13.0614900589,80.2431564331,27632,27643,11
13.0622396469,80.243270874,27643,27653,10
13.0625095367,80.2433166504,27653,27663,10
13.062669754,80.2433319092,27663,27673,10
13.0631198883,80.2434310913,27673,27683,10
13.0636501312,80.2434768677,27683,27693,10
13.064330101,80.2435073853,27693,27703,10
13.0650997162,80.2435379028,27703,27713,10
13.0656795502,80.2435379028,27713,27763,50
13.0656795502,80.2435379028,27763,27774,11
13.0659399033,80.2435073853,27774,27784,10
13.0661201477,80.2434463501,27784,27794,10
13.0664196014,80.2433624268,27794,27804,10
13.0670404434,80.2431182861,27804,27814,10
13.0678596497,80.2427902222,27814,27824,10
13.068860054,80.242477417,27824,27834,10
13.0699501038,80.2421035767,27834,27854,20
13.0699501038,80.2421035767,27854,27864,10
13.0702295303,80.2420501709,27864,27874,10
13.0707902908,80.2418670654,27874,27884,10
13.071559906,80.2415924072,27884,27895,11
13.0724697113,80.2410430908,27895,27905,10
13.0733203888,80.2407073975,27905,27915,10
13.0741796494,80.2405014038,27915,27925,10
13.0751695633,80.2404708862,27925,27935,10
13.0761699677,80.2404632568,27935,27945,10
13.0770397186,80.2405319214,27945,27955,10
13.0770797729,80.2399673462,27955,27965,10
13.0768699646,80.2391662598,27965,27975,10
13.0766201019,80.2382507324,27975,27985,10
13.0764904022,80.2375183105,27985,27995,10
13.0764703751,80.237449646,27995,28005,10
13.0764303207,80.2373123169,28005,28016,11
13.0763597488,80.2367630005,28016,28026,10
13.0762395859,80.2359771729,28026,28036,10
13.0760498047,80.2350997925,28036,28046,10
13.0757799149,80.2340393066,28046,28066,20
13.0757799149,80.2340393066,28066,28076,10
13.0758399963,80.2339630127,28076,28086,10
13.0762300491,80.2338104248,28086,28096,10
13.0766801834,80.2337036133,28096,28106,10
13.0773200989,80.2336196899,28106,28116,10
13.0781202316,80.2335662842,28116,28126,10
13.0789699554,80.2334976196,28126,28137,11
13.0797901154,80.2334823608,28137,28147,10
13.0803098679,80.2334976196,28147,28157,10
13.0803604126,80.2335128784,28157,28167,10
13.0804195404,80.233543396,28167,28177,10
13.0808200836,80.233543396,28177,28187,10
13.0812702179,80.2335586548,28187,28197,10
13.0818996429,80.233581543,28197,28207,10
13.0820398331,80.2330703735,28207,28217,10
13.0822000504,80.2323379517,28217,28227,10
13.0824403763,80.2315979004,28227,28237,10
13.0825500488,80.2313079834,28237,28247,10
13.0827302933,80.2309494019,28247,28258,11
13.0830898285,80.230682373,28258,28268,10
13.0831804276,80.2313079834,28268,28278,10
13.0832395554,80.2321777344,28278,28288,10
13.0834102631,80.2330474854,28288,28298,10
13.0835504532,80.2337722778,28298,28308,10
13.0839500427,80.2339172363,28308,28318,10
13.0840501785,80.2339401245,28318,28328,10
13.084230423,80.2339706421,28328,28338,10
13.084690094,80.2340927124,28338,28348,10
13.0854597092,80.2342605591,28348,28358,10
13.0862903595,80.2344589233,28358,28368,10
13.0871200562,80.2345581055,28368,28378,10
13.0879001617,80.2342987061,28378,28389,11
13.0880403519,80.2333984375,28389,28399,10
13.0882396698,80.2323989868,28399,28415,16
13.088640213,80.2311019897,28415,28428,13
13.0889196396,80.23046875,28428,28438,10
13.0889196396,80.2304534912,28438,28448,10
13.0890798569,80.230178833,28448,28458,10
13.0894498825,80.2295227051,28458,28468,10
13.0900402069,80.2287979126,28468,28478,10
13.0907001495,80.2281036377,28478,28488,10
13.0912799835,80.2274398804,28488,28499,11
13.0914402008,80.2272796631,28499,28509,10
13.0915603638,80.227180481,28509,28520,11
13.0919599533,80.2267684937,28520,28530,10
13.0924501419,80.2262420654,28530,28539,9
13.0929203033,80.2257614136,28539,28550,11
13.0931997299,80.225440979,28550,28560,10
13.0932798386,80.2253570557,28560,28570,10
13.0936002731,80.2250289917,28570,28580,10
13.0940904617,80.2244491577,28580,28590,10
13.0946598053,80.2236862183,28590,28600,10
13.0951595306,80.2227706909,28600,28610,10
13.0955495834,80.221786499,28610,28620,10
13.0958404541,80.2209777832,28620,28631,11
13.0960903168,80.2202682495,28631,28641,10
13.0962095261,80.2198181152,28641,28651,10
13.0962200165,80.2198028564,28651,28661,10
13.0963401794,80.2194671631,28661,28671,10
13.0965299606,80.2189712524,28671,28681,10
13.096739769,80.2183837891,28681,28691,10
13.0969800949,80.2176589966,28691,28701,10
13.0971698761,80.2170715332,28701,28711,10
13.0972003937,80.2169876099,28711,28721,10
13.0973396301,80.2166213989,28721,28731,10
13.0976295471,80.2159500122,28731,28741,10
13.0979404449,80.2152099609,28741,28751,10
13.0982503891,80.2144775391,28751,28762,11
13.0986099243,80.2139434814,28762,28772,10
13.0988798141,80.2140884399,28772,28782,10
13.099439621,80.2142868042,28782,28792,10
13.1002502441,80.2145004272,28792,28812,20
13.1002502441,80.2145004272,28812,28822,10
13.1003799438,80.2145614624,28822,28832,10
13.1005897522,80.2146377563,28832,28842,10
13.1005401611,80.2149581909,28842,28852,10
13.1003198624,80.2154769897,28852,28862,10
13.100110054,80.2159576416,28862,28873,11
13.0999403,80.2160415649,28873,28883,10
13.1000204086,80.2157287598,28883,28893,10
13.100279808,80.2151565552,28893,29639,746
13.100279808,80.2151565552,29639,29649,10
13.1002998352,80.2149124146,29649,29941,292
13.1002998352,80.2149124146,29941,29951,10
13.1003198624,80.2149887085,29951,30042,91
13.1002998352,80.2147979736,30042,30244,202
13.1002902985,80.2149124146,30244,30576,332
13.1002902985,80.2149124146,30576,30586,10
13.1002502441,80.2148513794,30586,30607,21
13.1002502441,80.2148513794,30607,30617,10
13.1002397537,80.2147369385,30617,30627,10
13.1001996994,80.2145385742,30627,30637,10
13.1000003815,80.2144622803,30637,30647,10
13.0997104645,80.2144012451,30647,30657,10
13.0991201401,80.2142333984,30657,30667,10
13.0986204147,80.2140426636,30667,30677,10
13.098279953,80.2145385742,30677,30687,10
13.0979604721,80.2152709961,30687,30697,10
13.0976495743,80.2160491943,30697,30707,10
13.0974197388,80.2166366577,30707,30717,10
13.0973796844,80.2167434692,30717,30728,11
13.0973396301,80.2166976929,30728,30738,10
13.0972003937,80.2171096802,30738,30748,10
13.0969600677,80.2178192139,30748,30758,10
13.0966997147,80.2186813354,30758,30768,10
13.0963897705,80.2195510864,30768,30778,10
13.0960702896,80.2204437256,30778,30788,10
13.0957803726,80.2212982178,30788,30798,10
13.0954799652,80.2221679688,30798,30808,10
13.0950803757,80.2231674194,30808,30818,10
13.094499588,80.2240371704,30818,30828,10
13.0939102173,80.2247772217,30828,30838,10
13.093290329,80.2255096436,30838,30848,10
13.0926399231,80.2261734009,30848,30859,11
13.0920200348,80.2268066406,30859,30875,16
13.0912504196,80.2276306152,30875,30897,22
13.0912504196,80.2276306152,30897,30906,9
13.0909996033,80.2278823853,30906,30917,11
13.0904798508,80.2284164429,30917,30927,10
13.0899600983,80.2289886475,30927,30937,10
13.0893497467,80.2297592163,30937,30947,10
13.0891199112,80.2302398682,30947,30957,10
13.0889902115,80.2305679321,30957,30967,10
13.0888299942,80.2309494019,30967,30978,11
13.0888299942,80.2309570313,30978,30988,10
13.0887098312,80.2312469482,30988,30998,10
13.0885095596,80.2317581177,30998,31008,10
13.0882997513,80.2325134277,31008,31018,10
13.0881099701,80.2333679199,31018,31028,10
13.0880298615,80.234161377,31028,31038,10
13.0874900818,80.2345962524,31038,31048,10
13.0867795944,80.2345733643,31048,31058,10
13.0864696503,80.2345275879,31058,31068,10
13.0860900879,80.2344512939,31068,31078,10
13.085439682,80.2342910767,31078,31088,10
13.0847702026,80.23412323,31088,31098,10
13.0841999054,80.2340087891,31098,31109,11
13.0836400986,80.2338867188,31109,31119,10
13.0830898285,80.233833313,31119,31129,10
13.0823602676,80.2336730957,31129,31149,20
13.0823602676,80.2336730957,31149,31159,10
13.0820598602,80.2335968018,31159,31169,10
13.0815095901,80.2335586548,31169,31179,10
13.0808897018,80.2335586548,31179,31189,10
13.0802698135,80.2335510254,31189,31199,10
13.0799798965,80.2335510254,31199,31209,10
13.0795898438,80.233543396,31209,31219,10
13.0795001984,80.233543396,31219,31230,11
13.0792198181,80.2335205078,31230,31240,10
13.078669548,80.2335510254,31240,31250,10
13.07791996,80.2335662842,31250,31260,10
13.0771303177,80.2336730957,31260,31270,10
13.0763998032,80.2338027954,31270,31280,10
13.0761003494,80.2338485718,31280,31290,10
13.075920105,80.2338180542,31290,31300,10
13.0758495331,80.2339019775,31300,31310,10
13.0759000778,80.2342224121,31310,31320,10
13.0760202408,80.2348632813,31320,31330,10
13.0761995316,80.235710144,31330,31340,10
13.0763597488,80.236618042,31340,31356,16
13.0765199661,80.2372283936,31356,31369,13
13.07654953,80.2373428345,31369,31379,10
13.0766296387,80.2376785278,31379,31389,10
13.0768098831,80.2385787964,31389,31399,10
13.0769796371,80.239402771,31399,31409,10
13.0771799088,80.2402572632,31409,31419,10
13.0773801804,80.2410736084,31419,31429,10
13.0775203705,80.2418212891,31429,31439,10
13.0777301788,80.2428894043,31439,31449,10
13.0778598785,80.2438430786,31449,31459,10
13.0778598785,80.2446517944,31459,31469,10
13.0779600143,80.2456207275,31469,31480,11
13.0781002045,80.2468185425,31480,31490,10
13.0783195496,80.2478713989,31490,31500,10
13.0785102844,80.2487716675,31500,31510,10
13.0787200928,80.249710083,31510,31520,10
13.0785598755,80.2504882813,31520,31530,10
13.0785799026,80.2512893677,31530,31540,10
13.0784397125,80.2516479492,31540,31550,10
13.07791996,80.2517623901,31550,31560,10
13.0771198273,80.2519073486,31560,31570,10
13.0762796402,80.2520980835,31570,31580,10
13.0753803253,80.2521820068,31580,31590,10
13.0746202469,80.2522201538,31590,31601,11
13.0741500854,80.252243042,31601,31611,10
13.0737695694,80.2524185181,31611,31621,10
13.0730695724,80.2523880005,31621,31631,10
13.0723600388,80.2522201538,31631,31641,10
13.0721101761,80.2514419556,31641,31651,10
13.0718402863,80.2503967285,31651,31661,10
13.0715398788,80.2493286133,31661,31671,10
13.0712795258,80.2481384277,31671,31681,10
13.0708599091,80.2470397949,31681,31691,10
13.0703401566,80.2459564209,31691,31700,9
13.0699300766,80.2450408936,31700,31711,11
13.0695695877,80.2440185547,31711,31722,11
13.0692996979,80.2432479858,31722,31742,20
13.0692996979,80.2432479858,31742,31752,10
13.0692195892,80.2429199219,31752,31762,10
13.0689401627,80.2424468994,31762,31772,10
13.0682296753,80.2426528931,31772,31782,10
13.0674200058,80.2429199219,31782,31792,10
13.0665597916,80.2433013916,31792,31802,10
13.0661401749,80.2439193726,31802,31812,10
13.0662603378,80.2447814941,31812,31822,10
13.0664100647,80.2456130981,31822,31832,10
13.0670700073,80.2461395264,31832,31842,10
13.067779541,80.2464675903,31842,31853,11
13.0678596497,80.2465362549,31853,31863,10
13.0679302216,80.2467803955,31863,31873,10
13.0679502487,80.2473068237,31873,31883,10
13.0677900314,80.2478713989,31883,31893,10
13.0670099258,80.2479019165,31893,31903,10
13.0661401749,80.2478637695,31903,31913,10
13.0651302338,80.247756958,31913,31923,10
13.0640201569,80.2476730347,31923,31933,10
13.0629196167,80.2476119995,31933,31943,10
13.0619401932,80.2475967407,31943,31953,10
13.0613603592,80.2471313477,31953,31963,10
13.0616502762,80.2466201782,31963,31974,11
13.0619096756,80.2459030151,31974,31983,9
13.0621795654,80.2451629639,31983,31994,11
13.0628795624,80.2446517944,31994,32003,9
13.0632095337,80.2442169189,32003,32014,11
13.0634298325,80.2436294556,32014,32024,10
13.062959671,80.2434234619,32024,32034,10
13.0624799728,80.2433013916,32034,32044,10
13.061920166,80.2432022095,32044,32053,9
13.0613899231,80.2431411743,32053,32064,11
13.0606899261,80.2429428101,32064,32074,10
13.0600204468,80.2426834106,32074,32084,10
13.0593204498,80.2425231934,32084,32095,11
13.0588502884,80.2425537109,32095,32105,10
13.0588302612,80.2425537109,32105,32115,10
13.0585803986,80.2425613403,32115,32125,10
13.0580997467,80.2426986694,32125,32135,10
13.0573596954,80.2428207397,32135,32145,10
13.0567302704,80.242729187,32145,32155,10
13.0560998917,80.2423706055,32155,32165,10
13.0553398132,80.2422409058,32165,32175,10
13.0545597076,80.2423934937,32175,32185,10
13.0538902283,80.2423019409,32185,32201,16
13.0537004471,80.2422409058,32201,32213,12
13.0532598495,80.2420120239,32213,32224,11
13.0528402328,80.2418365479,32224,32232,8
13.0525197983,80.2416534424,32232,32244,12
13.0521297455,80.2410430908,32244,32253,9
13.0519199371,80.2407608032,32253,32264,11
13.0515899658,80.2406692505,32264,32274,10
13.0508203506,80.2405014038,32274,32293,19
13.0508203506,80.2405014038,32293,32304,11
13.0506496429,80.2404022217,32304,32314,10
13.0499801636,80.2403030396,32314,32324,10
13.0492296219,80.2401428223,32324,32334,10
13.0483999252,80.239982605,32334,32346,12
13.0473003387,80.2397613525,32346,32356,10
13.0465202332,80.2396316528,32356,32366,10
13.046210289,80.2394866943,32366,32376,10
13.0462799072,80.2391815186,32376,32386,10
13.0464200974,80.2385787964,32386,32396,10
13.046620369,80.237739563,32396,32406,10
13.0467700958,80.236907959,32406,32416,10
13.0469198227,80.2362365723,32416,32426,10
13.0469799042,80.2359237671,32426,32436,10
13.0470304489,80.2356185913,32436,32446,10
13.0470600128,80.235206604,32446,32456,10
13.0471496582,80.2344512939,32456,32467,11
13.0472698212,80.2335128784,32467,32477,10
13.04708004,80.2330322266,32477,32487,10
13.0464200974,80.2329177856,32487,32497,10
13.0456695557,80.2327575684,32497,32507,10
13.0452299118,80.2326583862,32507,32517,10
13.0452203751,80.2326507568,32517,32527,10
13.0448303223,80.2325363159,32527,32537,10
13.0441598892,80.232421875,32537,32547,10
13.043419838,80.2323303223,32547,32557,10
13.0426797867,80.2323303223,32557,32567,10
13.0419197083,80.2322921753,32567,32577,10
13.0410995483,80.2321090698,32577,32588,11
13.0401096344,80.2317123413,32588,32599,11
13.0390701294,80.2314529419,32599,32608,9
13.038189888,80.2312011719,32608,32619,11
13.0371999741,80.2309265137,32619,32629,10
13.0368404388,80.230796814,32629,32639,10
13.0363197327,80.2306518555,32639,32649,10
13.0355100632,80.2303390503,32649,32659,10
13.0348796844,80.2303009033,32659,32669,10
13.0343103409,80.2304000854,32669,32679,10
13.0337896347,80.2304229736,32679,32699,20
13.0337896347,80.2304229736,32699,32709,10
13.0335197449,80.2304382324,32709,32720,11
13.0329704285,80.2304763794,32720,32730,10
13.0324697495,80.2305297852,32730,32740,10
13.031920433,80.2305908203,32740,32750,10
13.0308799744,80.23072052,32750,32770,20
13.0308799744,80.23072052,32770,32780,10
13.0305204391,80.2307434082,32780,32790,10
13.0299797058,80.230796814,32790,32800,10
13.0294799805,80.2308578491,32800,32810,10
13.028840065,80.2309265137,32810,32820,10
13.0282001495,80.2310180664,32820,32830,10
13.0277500153,80.2310562134,32830,32841,11
13.0277004242,80.2313766479,32841,32851,10
13.0277395248,80.2319717407,32851,32861,10
13.0278596878,80.2325363159,32861,32871,10
13.027589798,80.2328186035,32871,32881,10
13.0273199081,80.2328567505,32881,32891,10
13.0270395279,80.2329177856,32891,32901,10
13.0267801285,80.2329483032,32901,32911,10
13.0263996124,80.2327880859,32911,32921,10
13.0262002945,80.232170105,32921,32931,10
13.025970459,80.2313079834,32931,32941,10
13.0256099701,80.2303466797,32941,32951,10
13.0249996185,80.2294998169,32951,32962,11
13.0244398117,80.2287597656,32962,32972,10
13.024140358,80.2284393311,32972,32982,10
13.0241298676,80.2284164429,32982,32992,10
13.0240802765,80.2283782959,32992,33002,10
13.0239896774,80.2282562256,33002,33012,10
13.0238599777,80.2281112671,33012,33022,10
13.0236101151,80.2278213501,33022,33032,10
13.0233402252,80.2275466919,33032,33042,10
13.0233097076,80.2275238037,33042,33052,10
13.0231199265,80.2273025513,33052,33062,10
13.0226602554,80.2268600464,33062,33072,10
13.0220403671,80.22631073,33072,33083,11
13.0212402344,80.225692749,33083,33093,10
13.0205602646,80.2252120972,33093,33103,10
13.0200595856,80.2248764038,33103,33113,10
13.0200195313,80.224861145,33113,33122,9
13.0197696686,80.2247009277,33122,33133,11
13.019109726,80.2244796753,33133,33143,10
13.0181303024,80.2247619629,33143,33153,10
13.0172195435,80.2251586914,33153,33163,10
13.0163698196,80.2255020142,33163,33173,10
13.0156097412,80.2257385254,33173,33183,10
13.0150299072,80.2259521484,33183,33204,21
13.0150299072,80.2259521484,33204,33214,10
13.0148696899,80.226020813,33214,33224,10
13.0146503448,80.2261199951,33224,33234,10
13.0145597458,80.2261581421,33234,33244,10
13.0142698288,80.2262573242,33244,33254,10
13.0136404037,80.2265014648,33254,33264,10
13.0128698349,80.2268066406,33264,33274,10
13.0120000839,80.227180481,33274,33284,10
13.0110397339,80.2275466919,33284,33294,10
13.0100402832,80.2279434204,33294,33304,10
13.0092096329,80.2284393311,33304,33314,10
13.0089902878,80.2294006348,33314,33324,10
13.008769989,80.2305374146,33324,33335,11
13.0085601807,80.2317504883,33335,33345,10
13.0083799362,80.2326583862,33345,33355,10
13.0083198547,80.2333679199,33355,33365,10
13.0082798004,80.2335281372,33365,33374,9
13.0082302094,80.2337036133,33374,33385,11
13.0081195831,80.2341690063,33385,33395,10
13.0079698563,80.2348937988,33395,33405,10
13.0078201294,80.2356185913,33405,33415,10
13.0076303482,80.2365570068,33415,33425,10
13.0074300766,80.2375564575,33425,33435,10
13.0072603226,80.2384719849,33435,33445,10
13.0071201324,80.2392730713,33445,33456,11
13.0070104599,80.2399291992,33456,33506,50
13.0070104599,80.2399291992,33506,33516,10
13.0069503784,80.2403182983,33516,33526,10
13.0069303513,80.2406082153,33526,33536,10
13.0068798065,80.2407302856,33536,33546,10
13.0068302155,80.2412261963,33546,33556,10
13.0067796707,80.2419433594,33556,33566,10
13.0067501068,80.242767334,33566,33577,11
13.0066995621,80.2437973022,33577,33587,10
13.0067501068,80.2448425293,33587,33597,10
13.0067396164,80.2458724976,33597,33607,10
13.0067396164,80.246887207,33607,33617,10
13.0067396164,80.2478790283,33617,33627,10
13.0067901611,80.2488021851,33627,33637,10
13.0068702698,80.2493515015,33637,33647,10
13.0068702698,80.2493896484,33647,33657,10
13.0068998337,80.2497024536,33657,33667,10
13.0068798065,80.250289917,33667,33677,10
13.0068798065,80.2509384155,33677,33687,10
13.0068397522,80.2514724731,33687,33697,10
13.0067396164,80.251991272,33697,33708,11
13.0066795349,80.2526397705,33708,33718,10
13.0067300797,80.253112793,33718,33728,10
13.0067195892,80.2535400391,33728,33738,10
13.0066795349,80.253868103,33738,35000,1262
13.0066795349,80.253868103,35000,35010,10
13.0067596436,80.2540969849,35010,35020,10
13.0067796707,80.2543182373,35020,35030,10
13.0067396164,80.2544403076,35030,35040,10
13.0067195892,80.2545318604,35040,35050,10
13.0066795349,80.2547988892,35050,35060,10
13.0066604614,80.2551422119,35060,35071,11
13.0066604614,80.2557220459,35071,35081,10
13.0066699982,80.2562637329,35081,35091,10
13.0066995621,80.2570571899,35091,35151,60
13.0066995621,80.2570571899,35151,35161,10
13.0067796707,80.2572479248,35161,35171,10
13.0068798065,80.2577209473,35171,35181,10
13.0071601868,80.2582397461,35181,35191,10
13.007519722,80.2586288452,35191,35201,10
13.0078697205,80.2588424683,35201,35212,11
13.0081195831,80.2590866089,35212,35222,10
13.0078001022,80.259262085,35222,35232,10
13.0073795319,80.2591323853,35232,35242,10
13.0072402954,80.2587814331,35242,35252,10
13.0071697235,80.2586364746,35252,35262,10
13.0069503784,80.2582473755,35262,35272,10
13.0066204071,80.2577285767,35272,35292,20
13.0066204071,80.2577285767,35292,35302,10
13.0065402985,80.2574386597,35302,35312,10
13.0065002441,80.2568893433,35312,35322,10
13.0065402985,80.2563400269,35322,35333,11
13.0065803528,80.2555999756,35333,35343,10
13.0066204071,80.2549819946,35343,35353,10
13.0065698624,80.2542495728,35353,35363,10
13.0066404343,80.253288269,35363,35383,20
13.0066404343,80.253288269,35383,35393,10
13.0066204071,80.2531661987,35393,35403,10
13.0066003799,80.2528381348,35403,35413,10
13.0066604614,80.2522583008,35413,35423,10
13.0067796707,80.2515411377,35423,35433,10
13.0068101883,80.2507781982,35433,35443,10
13.0068101883,80.2498626709,35443,35454,11
13.0068101883,80.2487792969,35454,35464,10
13.0067100525,80.2478790283,35464,35473,9
13.0066995621,80.2471923828,35473,35484,11
13.0066099167,80.2465286255,35484,35524,40
13.0066099167,80.2465286255,35524,35534,10
13.0066699982,80.2463226318,35534,35544,10
13.0066795349,80.2459106445,35544,35554,10
13.0066795349,80.2453536987,35554,35564,10
13.006649971,80.2446975708,35564,35574,10
13.006649971,80.2439880371,35574,35585,11
13.0066099167,80.2432098389,35585,35595,10
13.0065803528,80.2424316406,35595,35605,10
13.0065498352,80.2417602539,35605,35615,10
13.0065498352,80.2416229248,35615,35625,10
13.0065803528,80.2414016724,35625,35635,10
13.0066003799,80.2409591675,35635,35645,10
13.0066900253,80.2403564453,35645,35655,10
13.0068502426,80.2395935059,35655,35665,10
13.0069999695,80.2387237549,35665,35675,10
13.0072002411,80.2378234863,35675,35685,10
13.007349968,80.2371063232,35685,35695,10
13.007399559,80.2367172241,35695,35706,11
13.0074195862,80.2366790771,35706,35716,10
13.0075302124,80.2363815308,35716,35726,10
13.0076198578,80.2359085083,35726,35736,10
13.0077400208,80.2352905273,35736,35746,10
13.0078897476,80.2345504761,35746,35755,9
13.0080299377,80.2339096069,35755,35766,11
13.0081996918,80.232963562,35766,35776,10
13.0083799362,80.2319717407,35776,35785,9
13.0085496902,80.2311096191,35785,35796,11
13.0087499619,80.2300415039,35796,35806,10
13.0089302063,80.2291183472,35806,35816,10
13.0091199875,80.2282409668,35816,35826,10
13.0094604492,80.2273864746,35826,35837,11
13.0099000931,80.2264633179,35837,35847,10
13.0102596283,80.2257232666,35847,35857,10
13.0104799271,80.2252120972,35857,35867,10
13.0105495453,80.225112915,35867,35877,10
13.0107002258,80.2248001099,35877,35887,10
13.010890007,80.2242965698,35887,35897,10
13.0111398697,80.2237014771,35897,35907,10
13.0114202499,80.2230377197,35907,35917,10
13.0116796494,80.2223815918,35917,35927,10
13.0119600296,80.2216415405,35927,35937,10
13.0122995377,80.2214126587,35937,35947,10
13.012430191,80.2216415405,35947,35958,11
13.0128498077,80.2221984863,35958,35968,10
13.0133199692,80.2227172852,35968,35978,10
13.0138902664,80.2233428955,35978,35988,10
13.0142498016,80.2238998413,35988,35998,10
13.0146503448,80.224357605,35998,36008,10
13.014960289,80.2245864868,36008,36018,10
13.0150403976,80.2246322632,36018,36028,10
13.0151796341,80.2247314453,36028,36038,10
13.0152902603,80.2248535156,36038,36048,10
13.0154600143,80.2249832153,36048,36099,51
13.0154600143,80.2249832153,36099,36109,10
13.0156497955,80.225151062,36109,36119,10
13.0159902573,80.2253112793,36119,36129,10
13.0164699554,80.2253036499,36129,36139,10
13.0171298981,80.2250595093,36139,36149,10
13.0178699493,80.2247619629,36149,36159,10
13.018529892,80.2244873047,36159,36169,10
13.0191898346,80.2243118286,36169,36179,10
13.0195999146,80.2244110107,36179,36189,10
13.0199403763,80.2246398926,36189,36199,10
13.0202703476,80.2249221802,36199,36210,11
13.0207996368,80.2253036499,36210,36220,10
13.0213098526,80.2257003784,36220,36230,10
13.0218601227,80.2260818481,36230,36250,20
13.0218601227,80.2260818481,36250,36260,10
13.0219402313,80.2261886597,36260,36270,10
13.0222396851,80.2264175415,36270,36280,10
13.0227603912,80.226852417,36280,36290,10
13.0233097076,80.2273788452,36290,36300,10
13.0238399506,80.2278671265,36300,36310,10
13.024189949,80.2282562256,36310,36320,10
13.0245704651,80.2287979126,36320,36336,16
13.0251598358,80.229598999,36336,36349,13
13.0257797241,80.2304763794,36349,36359,10
13.0259399414,80.230796814,36359,36369,10
13.0260095596,80.2309799194,36369,36379,10
13.026049614,80.2312164307,36379,36389,10
13.0262298584,80.231300354,36389,36399,10
13.0266399384,80.2312011719,36399,36409,10
13.0274896622,80.2309875488,36409,36419,10
13.0280199051,80.2309265137,36419,36429,10
13.0283603668,80.2308883667,36429,36439,10
13.0286998749,80.2308578491,36439,36449,10
13.0292596817,80.2308120728,36449,36460,11
13.0297698975,80.2307434082,36460,36470,10
13.0302000046,80.230682373,36470,36480,10
13.0305595398,80.2306518555,36480,36490,10
13.0308799744,80.2306289673,36490,36500,10
13.0313196182,80.2306137085,36500,36509,9
13.031999588,80.2305526733,36509,36520,11
13.0327501297,80.2304916382,36520,36530,10
13.0335597992,80.2304229736,36530,36540,10
13.0341396332,80.2303771973,36540,36621,81
13.0341396332,80.2303771973,36621,36631,10
13.0345602036,80.2303085327,36631,36641,10
13.0347299576,80.2302627563,36641,36651,10
13.0347499847,80.2302627563,36651,36661,10
13.0348901749,80.2302780151,36661,36671,10
13.0349597931,80.2305374146,36671,36681,10
13.0349302292,80.2309494019,36681,36691,10
13.0348596573,80.2314987183,36691,36701,10
13.0347795486,80.2321395874,36701,36712,11
13.0346803665,80.2328796387,36712,36722,10
13.0346002579,80.2334365845,36722,36732,10
13.0345001221,80.2341766357,36732,36742,10
13.0343999863,80.2350082397,36742,36752,10
13.0342903137,80.2358932495,36752,36762,10
13.0342197418,80.2368011475,36762,36772,10
13.0343799591,80.2373962402,36772,36782,10
13.0345497131,80.23777771,36782,36798,16
13.0350904465,80.2387084961,36798,36810,12
13.0356397629,80.2393417358,36810,36820,10
13.0363702774,80.2394104004,36820,36830,10
13.0370397568,80.2394714355,36830,36841,11
13.0374803543,80.2395095825,36841,36851,10
13.0381097794,80.2395782471,36851,36861,10
13.0386600494,80.2396469116,36861,36871,10
13.0391998291,80.2397384644,36871,36881,10
13.0396203995,80.2397918701,36881,36891,10
13.0397901535,80.2397994995,36891,36901,10
13.0399999619,80.2398376465,36901,36910,9
13.0402498245,80.239906311,36910,36921,11
13.0403604507,80.2403869629,36921,36932,11
13.0408401489,80.2404937744,36932,36942,10
13.0409297943,80.2405014038,36942,36952,10
13.0413103104,80.2405700684,36952,36963,11
13.0419502258,80.2406616211,36963,36973,10
13.0426101685,80.2407913208,36973,36983,10
13.0432395935,80.240852356,36983,36993,10
13.0437698364,80.2409133911,36993,37003,10
13.0441598892,80.2407836914,37003,37013,10
13.0445899963,80.2405166626,37013,37023,10
13.0449800491,80.2402267456,37023,37033,10
13.0452804565,80.2400436401,37033,37043,10
13.0455799103,80.2398834229,37043,37053,10
13.0460195541,80.2395935059,37053,37063,10
13.0463399887,80.2395477295,37063,37073,10
13.0463695526,80.2395629883,37073,37083,10
13.04666996,80.2396697998,37083,37094,11
13.0472698212,80.2397613525,37094,37104,10
13.0479202271,80.2398834229,37104,37114,10
13.0483903885,80.2399673462,37114,37124,10
13.0488796234,80.2400665283,37124,37134,10
13.0493602753,80.2401580811,37134,37144,10
13.0497703552,80.2402191162,37144,37154,10
13.0499601364,80.240272522,37154,37164,10
13.0502700806,80.2403488159,37164,37174,10
13.0507698059,80.2404403687,37174,37184,10
13.0510101318,80.2405014038,37184,37194,10
13.0512104034,80.2405471802,37194,37204,10
13.0517196655,80.2406387329,37204,37215,11
13.0524396896,80.2409362793,37215,37225,10
13.0525798798,80.2413482666,37225,37235,10
13.0528202057,80.2417221069,37235,37245,10
13.0532302856,80.2418823242,37245,37255,10
13.0537004471,80.2421035767,37255,37265,10
13.0537996292,80.2421417236,37265,37275,10
13.0539398193,80.2421875,37275,37285,10
13.0542898178,80.2422866821,37285,37295,10
13.0548095703,80.2422637939,37295,37311,16
13.055439949,80.2421798706,37311,37323,12
13.0557899475,80.2422180176,37323,37333,10
13.056189537,80.2423934937,37333,37343,10
13.056599617,80.2425231934,37343,37353,10
13.0568399429,80.2425231934,37353,37364,11
13.05727005,80.242729187,37364,37375,11
13.0578403473,80.2426986694,37375,37385,10
13.0583295822,80.2426376343,37385,37395,10
13.0588197708,80.2425765991,37395,37406,11
13.0593004227,80.2424926758,37406,37416,10
13.0600500107,80.2426986694,37416,37426,10
13.0606803894,80.2428970337,37426,37436,10
13.0611696243,80.243057251,37436,37446,10
13.0616598129,80.2431793213,37446,37456,10
13.0621299744,80.2432403564,37456,37467,11
13.0624198914,80.2433013916,37467,37477,10
13.0625295639,80.2433166504,37477,37487,10
13.0628595352,80.2433624268,37487,37497,10
13.0632896423,80.2434463501,37497,37507,10
13.0638599396,80.2434768677,37507,37517,10
13.0644197464,80.2435073853,37517,37527,10
13.0649995804,80.2434997559,37527,37537,10
13.0654201508,80.2434997559,37537,37547,10
13.0660200119,80.2434310913,37547,37557,10
13.0664701462,80.2432785034,37557,37567,10
13.0670099258,80.2430801392,37567,37577,10
13.0676498413,80.2427978516,37577,37587,10
13.068860054,80.2423706055,37587,37616,29
13.068860054,80.2423706055,37616,37626,10
13.0690002441,80.2423782349,37626,37646,20
13.0690002441,80.2423782349,37646,37656,10
13.0690803528,80.2423400879,37656,37666,10
13.0694704056,80.2422103882,37666,37676,10
13.0699100494,80.2421188354,37676,37696,20
13.0699100494,80.2421188354,37696,37706,10
13.0701904297,80.2419967651,37706,37717,11
13.0707998276,80.2418136597,37717,37727,10
13.0713596344,80.2415771484,37727,37737,10
13.0719404221,80.2412872314,37737,37747,10
13.0726003647,80.2408905029,37747,37757,10
13.073340416,80.2406463623,37757,37767,10
13.0740499496,80.2404632568,37767,37777,10
13.0752496719,80.2404327393,37777,37787,10
13.0763196945,80.2404403687,37787,37797,10
13.0770101547,80.2405090332,37797,37807,10
13.0770397186,80.2399520874,37807,37817,10
13.0768404007,80.2391433716,37817,37827,10
13.0766401291,80.2382965088,37827,37838,11
13.0762996674,80.2371292114,37838,37858,20
13.0762996674,80.2371292114,37858,37868,10
13.0763196945,80.2370376587,37868,37878,10
13.0762395859,80.236618042,37878,37888,10
13.0761995316,80.2362594604,37888,37898,10
13.0761003494,80.2356033325,37898,37908,10
13.0759296417,80.2348327637,37908,37918,10
13.0757398605,80.2341995239,37918,37928,10
13.075799942,80.2338562012,37928,37938,10
13.0763397217,80.233757019,37938,37948,10
13.0768604279,80.2336730957,37948,37958,10
13.0774202347,80.2335891724,37958,37969,11
13.0777397156,80.2335586548,37969,37979,10
13.0781297684,80.2335510254,37979,37989,10
13.0788803101,80.2334899902,37989,37999,10
13.0795402527,80.2334823608,37999,38009,10
13.0800895691,80.2334594727,38009,38019,10
13.0802602768,80.2334823608,38019,38029,10
13.0804700851,80.2334976196,38029,38039,10
13.0810604095,80.2334899902,38039,38049,10
13.0817499161,80.2334899902,38049,38059,10
13.0819702148,80.2331924438,38059,38069,10
13.0820903778,80.2325286865,38069,38079,10
13.0823602676,80.2317428589,38079,38090,11
13.0826702118,80.2309036255,38090,38099,9
13.0829896927,80.2306289673,38099,38110,11
13.08314991,80.2313232422,38110,38120,10
13.0831899643,80.2322235107,38120,38130,10
13.0833501816,80.2329864502,38130,38140,10
13.0835199356,80.2336807251,38140,38150,10
13.0840196609,80.2339172363,38150,38170,20
13.0840196609,80.2339172363,38170,38180,10
13.084400177,80.2340164185,38180,38190,10
13.0849199295,80.2341003418,38190,38200,10
13.0855398178,80.2342605591,38200,38210,10
13.0861997604,80.2344207764,38210,38221,11
13.0870199203,80.2345123291,38221,38231,10
13.0878000259,80.234336853,38231,38241,10
13.0879802704,80.2335586548,38241,38251,10
13.0881700516,80.2326278687,38251,38261,10
13.0884199142,80.2317123413,38261,38271,10
13.0886497498,80.2310180664,38271,38281,10
13.0888595581,80.2305221558,38281,38291,10
13.0888795853,80.2304763794,38291,38301,10
13.0890102386,80.23021698,38301,38311,10
13.0893001556,80.2296600342,38311,38321,10
13.0898103714,80.2290115356,38321,38331,10
13.0904302597,80.2283325195,38331,38342,11
13.0910596848,80.2276382446,38342,38352,10
13.0914201736,80.2272262573,38352,38362,10
13.0914402008,80.2272109985,38362,38372,10
13.0915203094,80.227142334,38372,38382,10
13.0918197632,80.2268218994,38382,38392,10
13.0923299789,80.2263031006,38392,38402,10
13.0929498672,80.2257080078,38402,38412,10
13.0934495926,80.2251815796,38412,38422,10
13.0939598083,80.2245864868,38422,38432,10
13.0945301056,80.2238464355,38432,38442,10
13.0949697495,80.2231292725,38442,38452,10
13.0951700211,80.222618103,38452,38463,11
13.095199585,80.2224731445,38463,38473,10
13.0953798294,80.2220230103,38473,38483,10
13.0956401825,80.221321106,38483,38493,10
13.0959396362,80.2205276489,38493,38503,10
13.0962400436,80.2196807861,38503,38513,10
13.0963802338,80.2192764282,38513,38553,40
13.0963802338,80.2192764282,38553,38569,16
13.0965795517,80.2186279297,38569,38581,12
13.0968599319,80.2177886963,38581,38590,9
13.0970802307,80.2171401978,38590,38602,12
13.0971698761,80.2169113159,38602,38612,10
13.0972604752,80.2166976929,38612,38622,10
13.0974798203,80.2162094116,38622,38632,10
13.097820282,80.2154388428,38632,38642,10
13.0980997086,80.2147598267,38642,38652,10
13.098400116,80.2140808105,38652,38662,10
13.0987300873,80.2140197754,38662,38672,10
13.0991401672,80.2142181396,38672,38682,10
13.0996599197,80.2143173218,38682,38692,10
13.1001596451,80.2144622803,38692,38713,21
13.1001596451,80.2144622803,38713,38723,10
13.1004800797,80.2145462036,38723,38763,40
13.1004800797,80.2145462036,38763,38773,10
13.1006202698,80.2147216797,38773,38783,10
13.100399971,80.2151565552,38783,38793,10
13.1001796722,80.2157287598,38793,38803,10
13.1000299454,80.2160110474,38803,38813,10
13.0998697281,80.2158889771,38813,38823,10
13.0999898911,80.2155838013,38823,38833,10
13.1001501083,80.2152481079,38833,38844,11
13.1001996994,80.2147598267,38844,39126,282
13.1001996994,80.2147598267,39126,39136,10
13.1002197266,80.2146682739,39136,40194,1058
13.1002197266,80.2146682739,40194,40204,10
13.1000995636,80.2144927979,40204,40215,11
13.0998497009,80.2144165039,40215,40225,10
13.0993900299,80.2143173218,40225,40235,10
13.0986795425,80.2140731812,40235,40245,10
13.0982999802,80.2144622803,40245,40255,10
13.097990036,80.2151565552,40255,40265,10
13.0976800919,80.2158966064,40265,40275,10
13.097410202,80.2165527344,40275,40285,10
13.0971403122,80.2172317505,40285,40295,10
13.0968704224,80.2180175781,40295,40305,10
13.0965995789,80.2188568115,40305,40315,10
13.0963201523,80.2196807861,40315,40325,10
13.0960302353,80.2204971313,40325,40335,10
13.0957899094,80.2211990356,40335,40346,11
13.0955600739,80.2219085693,40346,40356,10
13.095410347,80.222328186,40356,40366,10
13.0953598022,80.2224578857,40366,40376,10
13.0951795578,80.2229309082,40376,40386,10
13.0947799683,80.2236175537,40386,40396,10
13.0942697525,80.224319458,40396,40406,10
13.0938196182,80.2248764038,40406,40416,10
13.0936899185,80.2250595093,40416,40426,10
13.0935602188,80.225189209,40426,40436,10
13.0932302475,80.2255172729,40436,40446,10
13.0927095413,80.2260437012,40446,40456,10
13.0921497345,80.2266235352,40456,40467,11
13.0915899277,80.2272186279,40467,40477,10
13.0912303925,80.2276306152,40477,40487,10
13.0911998749,80.2276535034,40487,40497,10
13.0910196304,80.2278366089,40497,40507,10
13.0906200409,80.2282562256,40507,40517,10
13.0900402069,80.2288589478,40517,40527,10
13.0894498825,80.229598999,40527,40537,10
13.0891504288,80.2301483154,40537,40547,10
13.0890398026,80.2303924561,40547,40557,10
13.0888004303,80.2309265137,40557,40577,20
13.0888004303,80.2309265137,40577,40587,10
13.0887098312,80.2311019897,40587,40598,11
13.0886096954,80.2313079834,40598,40608,10
13.0885601044,80.2314224243,40608,40618,10
13.0884399414,80.231842041,40618,40627,9
13.0882797241,80.2324371338,40627,40638,11
13.0881004333,80.233253479,40638,40648,10
13.0880203247,80.2339782715,40648,40658,10
13.0877199173,80.2345123291,40658,40668,10
13.0870895386,80.2345581055,40668,40678,10
13.0865802765,80.2345199585,40678,40688,10
13.0861301422,80.2344665527,40688,40698,10
13.0860700607,80.2344589233,40698,40708,10
13.0858201981,80.2343978882,40708,40718,10
13.0853500366,80.2342987061,40718,40729,11
13.0847196579,80.2341384888,40729,40739,10
13.0843601227,80.234046936,40739,40749,10
13.0843400955,80.234046936,40749,40759,10
13.0840797424,80.2339935303,40759,40775,16
13.0835800171,80.2339096069,40775,40787,12
13.0833597183,80.23387146,40787,40797,10
13.0830402374,80.2338409424,40797,40807,10
13.0823898315,80.2337188721,40807,40817,10
13.082280159,80.2336883545,40817,40827,10
13.0822296143,80.2336730957,40827,40837,10
13.0818796158,80.2336196899,40837,40848,11
13.0813102722,80.2335662842,40848,40858,10
13.0806903839,80.233543396,40858,40868,10
13.0800800323,80.2335586548,40868,40878,10
13.0794696808,80.2335510254,40878,40908,30
13.0794696808,80.2335510254,40908,40918,10
13.0792703629,80.233581543,40918,40928,10
13.0788402557,80.2335891724,40928,40938,10
13.0783004761,80.2336196899,40938,40948,10
13.0776996613,80.2336425781,40948,40958,10
13.0769796371,80.2337417603,40958,40968,10
13.0762996674,80.23387146,40968,40978,10
13.0761499405,80.2338790894,40978,40989,11
13.0758399963,80.2339782715,40989,40999,10
13.0759401321,80.2343826294,40999,41009,10
13.0760803223,80.2350234985,41009,41019,10
13.0762500763,80.2357635498,41019,41029,10
13.0763702393,80.2365112305,41029,41039,10
13.0765199661,80.2371826172,41039,41049,10
13.0765399933,80.2372436523,41049,41059,10
13.0765800476,80.2374572754,41059,41069,10
13.0767002106,80.2381210327,41069,41079,10
13.0768899918,80.2389984131,41079,41089,10
13.0770998001,80.2398223877,41089,41100,11
13.0773096085,80.2406692505,41100,41110,10
13.077460289,80.2415313721,41110,41120,10
13.0776796341,80.242477417,41120,41130,10
13.0778503418,80.2435531616,41130,41140,10
13.0778398514,80.244430542,41140,41150,10
13.0779304504,80.2453994751,41150,41160,10
13.0780601501,80.2464599609,41160,41170,10
13.0782604218,80.2474975586,41170,41180,10
13.0784196854,80.2484512329,41180,41190,10
13.078619957,80.249168396,41190,41200,10
13.0787601471,80.2498931885,41200,41210,10
13.0785198212,80.250617981,41210,41221,11
13.0786104202,80.2514419556,41221,41231,10
13.0784101486,80.251663208,41231,41241,10
13.0782003403,80.2517166138,41241,41251,10
13.0777397156,80.2518081665,41251,41261,10
13.0770101547,80.2519378662,41261,41271,10
13.0765399933,80.2520217896,41271,41281,10
13.075750351,80.2521820068,41281,41291,10
13.0752096176,80.2521972656,41291,41301,10
13.0747699738,80.252243042,41301,41311,10
13.0741901398,80.252281189,41311,41321,10
13.0737400055,80.2524490356,41321,41331,10
13.0730199814,80.2524185181,41331,41341,10
13.0722398758,80.2521362305,41341,41352,11
13.0720396042,80.251159668,41352,41362,10
13.0718202591,80.2503204346,41362,41372,10
13.0715398788,80.2492523193,41372,41382,10
13.0713500977,80.248260498,41382,41392,10
13.0711698532,80.2478637695,41392,41402,10
13.0709199905,80.247253418,41402,41412,10
13.0705604553,80.2464981079,41412,41422,10
13.0701198578,80.2455825806,41422,41432,10
13.0697002411,80.2445373535,41432,41442,10
13.0692901611,80.2434005737,41442,41462,20
13.0692901611,80.2434005737,41462,41473,11
13.0692396164,80.2431716919,41473,41483,10
13.0691900253,80.2427978516,41483,41493,10
13.0688400269,80.2424926758,41493,41503,10
13.0681695938,80.2427215576,41503,41513,10
13.0673599243,80.2429962158,41513,41523,10
13.0665798187,80.2433319092,41523,41533,10
13.0661096573,80.2438735962,41533,41543,10
13.0662403107,80.2448196411,41543,41552,9
13.0663995743,80.2457199097,41552,41562,10
13.0672101974,80.2462005615,41562,41573,11
13.0677700043,80.2464675903,41573,41583,10
13.067779541,80.2464981079,41583,41593,10
13.0678796768,80.246673584,41593,41604,11
13.0679101944,80.2473678589,41604,41614,10
13.0675697327,80.2479095459,41614,41624,10
13.0667200089,80.2478713989,41624,41634,10
13.0656604767,80.2477798462,41634,41644,10
13.0644798279,80.247756958,41644,41654,10
13.0633602142,80.2476501465,41654,41670,16
13.0618801117,80.2476119995,41670,41682,12
13.0613698959,80.2471084595,41682,41690,8
13.0614795685,80.2468185425,41690,41702,12
13.0618400574,80.2461013794,41702,41712,10
13.0620603561,80.245300293,41712,41722,10
13.062669754,80.2447891235,41722,41732,10
13.0630397797,80.2444229126,41732,41743,11
13.0631103516,80.244392395,41743,41753,10
13.0632896423,80.244102478,41753,41763,10
13.0634298325,80.243637085,41763,41773,10
13.0630397797,80.2434997559,41773,41783,10
13.0625200272,80.2433776855,41783,41793,10
13.0619602203,80.2433013916,41793,41803,10
13.0614795685,80.2432479858,41803,41813,10
13.0613298416,80.2431869507,41813,41823,10
13.0612401962,80.2431564331,41823,41833,10
13.0608501434,80.243057251,41833,41843,10
13.0602798462,80.2428588867,41843,41854,11
13.059630394,80.2427062988,41854,41864,10
13.0592899323,80.2426071167,41864,41874,10
13.0587997437,80.2426300049,41874,41894,20
13.0587997437,80.2426300049,41894,41904,10
13.0585403442,80.2427062988,41904,41914,10
13.05809021,80.2427597046,41914,41924,10
13.0574302673,80.2428436279,41924,41934,10
13.0568199158,80.2427368164,41934,41944,10
13.0560998917,80.24243927,41944,41954,10
13.0552997589,80.2423171997,41954,41964,10
13.054400444,80.2424087524,41964,41975,11
13.0536804199,80.2422637939,41975,41985,10
13.0536403656,80.2422409058,41985,41995,10
13.0535402298,80.2421569824,41995,42005,10
13.0532302856,80.2419662476,42005,42015,10
13.0530996323,80.2419204712,42015,42025,10
13.0527601242,80.2418365479,42025,42035,10
13.0523395538,80.2414779663,42035,42045,10
13.0521097183,80.2410888672,42045,42055,10
13.0519399643,80.2408676147,42055,42065,10
13.0517597198,80.2407989502,42065,42075,10
13.0515098572,80.2407302856,42075,42085,10
13.0513601303,80.2407073975,42085,42095,10
13.0510902405,80.2406616211,42095,42106,11
13.0509500504,80.2406082153,42106,42116,10
13.050740242,80.2405700684,42116,42126,10
13.0502004623,80.2404632568,42126,42136,10
13.0496101379,80.2403182983,42136,42146,10
13.0491399765,80.2402114868,42146,42156,10
13.0489301682,80.2401733398,42156,42166,10
13.048740387,80.2401275635,42166,42176,10
13.0485200882,80.2400588989,42176,42186,10
13.0481700897,80.240020752,42186,42196,10
13.0477895737,80.2399520874,42196,42206,10
13.047249794,80.2398071289,42206,42222,16
13.046330452,80.2396316528,42222,42235,13
13.0463399887,80.2392272949,42235,42245,10
13.0464200974,80.2387237549,42245,42255,10
13.0465698242,80.2380905151,42255,42265,10
13.0466899872,80.2374191284,42265,42275,10
13.0468301773,80.2366867065,42275,42285,10
13.0469398499,80.2361068726,42285,42295,10
13.0470104218,80.2358322144,42295,42304,9
13.0470399857,80.2356185913,42304,42315,11
13.047129631,80.234992981,42315,42325,10
13.0472097397,80.2342376709,42325,42335,10
13.0472698212,80.2333526611,42335,42345,10
13.0469102859,80.2330627441,42345,42356,11
13.0460796356,80.2329406738,42356,42366,10
13.0453796387,80.2327880859,42366,42376,10
13.0451202393,80.232711792,42376,42386,10
13.0450201035,80.2326507568,42386,42396,10
13.0446500778,80.2325515747,42396,42406,10
13.0439996719,80.232421875,42406,42416,10
13.0433301926,80.2323684692,42416,42426,10
13.0426797867,80.2323303223,42426,42436,10
13.041970253,80.2322921753,42436,42446,10
13.0413503647,80.232170105,42446,42456,10
13.040309906,80.2318267822,42456,42466,10
13.0394201279,80.2315826416,42466,42476,10
13.0385303497,80.2313995361,42476,42487,11
13.0375204086,80.2310562134,42487,42497,10
13.0369501114,80.2308883667,42497,42507,10
13.0367298126,80.230796814,42507,42517,10
13.0361404419,80.2305526733,42517,42527,10
13.0352602005,80.2303466797,42527,42646,119
13.0352602005,80.2303466797,42646,42656,10
13.0347900391,80.2303085327,42656,42665,9
13.0343198776,80.2304077148,42665,42676,11
13.0335197449,80.2304229736,42676,42695,19
13.0335197449,80.2304229736,42695,42707,12
13.0332403183,80.2304916382,42707,42717,10
13.0326404572,80.2306213379,42717,42725,8
13.0320796967,80.2306671143,42725,42738,13
13.0312099457,80.23072052,42738,42748,10
13.0307703018,80.2307662964,42748,42758,10
13.0304203033,80.230796814,42758,42768,10
13.0298404694,80.2308578491,42768,42788,20
13.0298404694,80.2308578491,42788,42798,10
13.0295801163,80.2308807373,42798,42808,10
13.0290699005,80.2309112549,42808,42830,22
13.0277700424,80.2310562134,42830,42842,12
13.0277395248,80.2316207886,42842,42852,10
13.0277795792,80.2321395874,42852,42862,10
13.0278396606,80.2328186035,42862,42873,11
13.0274000168,80.2329025269,42873,42883,10
13.0269498825,80.2329483032,42883,42943,60
13.0269498825,80.2329483032,42943,42953,10
13.02684021,80.2328796387,42953,42962,9
13.0265703201,80.2329330444,42962,42973,11
13.0263004303,80.2324676514,42973,42983,10
13.0261697769,80.2320022583,42983,42994,11
13.0260696411,80.2314682007,42994,43004,10
13.0258197784,80.2306518555,43004,43014,10
13.0252599716,80.229850769,43014,43024,10
13.0247402191,80.2292098999,43024,43034,10
13.0244598389,80.2288284302,43034,43044,10
13.0242300034,80.228553772,43044,43054,10
13.0239496231,80.2282485962,43054,43064,10
13.0239400864,80.2282409668,43064,43074,10
13.0237598419,80.2280426025,43074,43084,10
13.0233201981,80.2276077271,43084,43094,10
13.0228204727,80.2270965576,43094,43104,10
13.0222702026,80.226600647,43104,43115,11
13.0216398239,80.2260818481,43115,43125,10
13.0211000443,80.2256698608,43125,43135,10
13.0207395554,80.2253723145,43135,43145,10
13.0202703476,80.2250595093,43145,43155,10
13.019659996,80.2246170044,43155,43171,16
13.0181503296,80.2247467041,43171,43183,12
13.0170898438,80.225189209,43183,43191,8
13.0168199539,80.2253036499,43191,43202,11
13.0166101456,80.2253799438,43202,43213,11
13.0164203644,80.2254486084,43213,43223,10
13.0161800385,80.2255706787,43223,43233,10
13.0158700943,80.2256774902,43233,43244,11
13.0154600143,80.2258377075,43244,43254,10
13.0150604248,80.225982666,43254,43264,10
13.0147895813,80.2260665894,43264,43274,10
13.0145196915,80.2262191772,43274,43283,9
13.0144195557,80.2262496948,43283,43294,11
13.0143604279,80.2262802124,43294,43304,10
13.0139398575,80.2264175415,43304,43314,10
13.0132703781,80.2266769409,43314,43324,10
13.0124597549,80.2270126343,43324,43334,10
13.0115299225,80.2273635864,43334,43344,10
13.0105199814,80.2277679443,43344,43354,10
13.0094900131,80.2282104492,43354,43365,11
13.0090303421,80.2291870117,43365,43375,10
13.0087995529,80.2302932739,43375,43385,10
13.008600235,80.231338501,43385,43395,10
13.0084104538,80.2324066162,43395,43405,10
13.0082902908,80.2332305908,43405,43415,10
13.0082502365,80.2335128784,43415,43425,10
13.0081996918,80.2336730957,43425,43435,10
13.008099556,80.2341003418,43435,43445,10
13.0079898834,80.2347869873,43445,43454,9
13.0078201294,80.2355804443,43454,43464,10
13.0076198578,80.236618042,43464,43475,11
13.007399559,80.2377624512,43475,43485,10
13.007229805,80.2386627197,43485,43496,11
13.0070104599,80.2394180298,43496,43506,10
13.0069198608,80.2400588989,43506,43516,10
13.0068397522,80.2405166626,43516,43526,10
13.0067996979,80.2408294678,43526,43536,10
13.0067996979,80.240852356,43536,43546,10
13.0067396164,80.2410964966,43546,43556,10
13.0067195892,80.2417373657,43556,43566,10
13.0067195892,80.2425765991,43566,43576,10
13.0066795349,80.2434768677,43576,43586,10
13.0066795349,80.2444763184,43586,43596,10
13.0066604614,80.2454910278,43596,43606,10
13.0066900253,80.2462921143,43606,43617,11
13.0066900253,80.2474594116,43617,43627,10
13.0067300797,80.2483596802,43627,43637,10
13.0068101883,80.2491531372,43637,43647,10
13.0068597794,80.2495269775,43647,43657,10
13.0068597794,80.2497024536,43657,43667,10
13.0068397522,80.2502212524,43667,43677,10
13.006819725,80.2509689331,43677,43687,10
13.006819725,80.2514572144,43687,43727,40
13.006819725,80.2514572144,43727,43737,10
13.006770134,80.2518386841,43737,43748,11
13.0066099167,80.2525177002,43748,43758,10
13.0065803528,80.2533569336,43758,43768,10
13.0065803528,80.2542572021,43768,43784,16
13.0066404343,80.255027771,43784,43796,12
13.0066299438,80.2551422119,43796,43804,8
13.0066299438,80.2555007935,43804,43816,12
13.0066099167,80.2562026978,43816,43825,9
13.0065698624,80.257019043,43825,43846,21
13.0065698624,80.257019043,43846,43856,10
13.0066995621,80.2571487427,43856,43866,10
13.0066003799,80.2574386597,43866,43877,11
13.0065097809,80.2574615479,43877,43887,10
13.0062398911,80.2574310303,43887,43897,10
13.0058698654,80.2573471069,43897,43907,10
13.0054798126,80.257232666,43907,43917,10
13.0051403046,80.2571716309,43917,43927,10
13.0044403076,80.2571029663,43927,43937,10
13.0040302277,80.2570495605,43937,43947,10
13.0036697388,80.2570037842,43947,44028,81
13.0036697388,80.2570037842,44028,44038,10
13.0032196045,80.2567977905,44038,44048,10
13.0027999878,80.2567596436,44048,44058,10
13.0022602081,80.256690979,44058,44139,81
13.0022602081,80.256690979,44139,44149,10
13.0018501282,80.256652832,44149,44159,10
13.001250267,80.2565689087,44159,44169,10
13.0006904602,80.2564697266,44169,44179,10
13.0001802444,80.256401062,44179,44189,10
13.0000696182,80.2563705444,44189,44199,10
12.9996404648,80.2563095093,44199,44219,20
12.9996404648,80.2563095093,44219,44229,10
12.9993801117,80.2562179565,44229,44239,10
12.9988603592,80.256111145,44239,44250,11
12.9981899261,80.2560195923,44250,44260,10
12.9976100922,80.2559814453,44260,44270,10
12.9972600937,80.2559585571,44270,44300,30
12.9972600937,80.2559585571,44300,44310,10
12.9969301224,80.256111145,44310,44320,10
12.9968500137,80.2565307617,44320,44330,10
12.9967899323,80.2571563721,44330,44340,10
12.9967098236,80.2579193115,44340,44350,10
12.9965896606,80.2586898804,44350,44360,10
12.9964799881,80.259437561,44360,44370,10
12.9964399338,80.2601623535,44370,44381,11
12.9963598251,80.2609634399,44381,44391,10
12.9963102341,80.2616424561,44391,44401,10
12.9962596893,80.2620773315,44401,44411,10
12.9961900711,80.2624893188,44411,44421,10
12.9961795807,80.2626037598,44421,44431,10
12.9961299896,80.2630386353,44431,44441,10
12.9960603714,80.263710022,44441,44451,10
12.9959697723,80.264541626,44451,44461,10
12.995880127,80.2654190063,44461,44471,10
12.9957799911,80.2662887573,44471,44481,10
12.9956798553,80.2671585083,44481,44491,10
12.9961204529,80.2677001953,44491,44512,21
12.9961204529,80.2677001953,44512,44522,10
12.9962396622,80.2677383423,44522,44532,10
12.9966802597,80.2677612305,44532,44542,10
12.9973201752,80.2676010132,44542,44552,10
12.9981002808,80.2673873901,44552,44562,10
12.9988899231,80.2671737671,44562,44572,10
12.9995498657,80.266960144,44572,44582,10
13.0000200272,80.2666091919,44582,44598,16
13.0001802444,80.2658996582,44598,44610,12
13.0003595352,80.2659072876,44610,44618,8
13.0002603531,80.2662811279,44618,44872,254
13.0002603531,80.2662811279,44872,44883,11
13.0003099442,80.2664718628,44883,44893,10
13.0002698898,80.2667617798,44893,44903,10
12.999879837,80.266960144,44903,44913,10
12.9992399216,80.2671432495,44913,44923,10
12.9985799789,80.2673110962,44923,44933,10
12.9980401993,80.2674407959,44933,44943,10
12.9976196289,80.2675628662,44943,44953,10
12.9968700409,80.2677612305,44953,44963,10
12.9962997437,80.2677688599,44963,44973,10
12.9957895279,80.2677230835,44973,44993,20
12.9957895279,80.2677230835,44993,45004,11
12.9956798553,80.2674102783,45004,45024,20
12.9956798553,80.2674102783,45024,45034,10
12.9957504272,80.2670211792,45034,45044,10
12.9958000183,80.2663421631,45044,45054,10
12.9959001541,80.2655029297,45054,45064,10
12.9960002899,80.2646408081,45064,45074,10
12.9961004257,80.263961792,45074,45084,10
12.9961595535,80.2635192871,45084,45094,10
12.9961595535,80.2632675171,45094,45104,10
12.9961996078,80.262878418,45104,45114,10
12.9962301254,80.2627105713,45114,45124,10
12.9962396622,80.2626571655,45124,45135,11
12.9962797165,80.262260437,45135,45145,10
12.9963102341,80.261932373,45145,45155,10
12.9963598251,80.2613677979,45155,45165,10
12.9964399338,80.260597229,45165,45175,10
12.9965200424,80.2599487305,45175,45185,10
12.9965496063,80.259437561,45185,45195,10
12.9965896606,80.2589797974,45195,45205,10
12.9966402054,80.2585220337,45205,45215,10
12.996720314,80.2578430176,45215,45225,10
12.9968204498,80.2571792603,45225,45235,10
12.9968795776,80.2568130493,45235,45245,10
12.9968996048,80.2565231323,45245,45255,10
12.9969100952,80.2561721802,45255,45346,91
12.9969100952,80.2561721802,45346,45356,10
12.9967899323,80.2559814453,45356,45366,10
12.997130394,80.2558288574,45366,45376,10
12.9978199005,80.2558898926,45376,45387,11
12.998749733,80.2559967041,45387,45407,20
12.998749733,80.2559967041,45407,45417,10
12.9989795685,80.2560424805,45417,45427,10
12.9992704391,80.2560882568,45427,45437,10
12.9997596741,80.2562103271,45437,45447,10
13.0002803802,80.2563323975,45447,45457,10
13.0006399155,80.2563934326,45457,45467,10
13.0009803772,80.2564468384,45467,45477,10
13.0014400482,80.2565383911,45477,45487,10
13.0018100739,80.2566070557,45487,45497,10
13.0023803711,80.2566833496,45497,45507,10
13.002790451,80.2567596436,45507,45518,11
13.0031700134,80.2568283081,45518,45528,10
13.0036001205,80.2568969727,45528,45538,10
13.0043201447,80.2570495605,45538,45548,10
13.0047397614,80.2571411133,45548,45558,10
13.0052499771,80.2572402954,45558,45568,10
13.0060501099,80.2574234009,45568,45578,10
13.006480217,80.2574768066,45578,45588,10
13.0065498352,80.2574310303,45588,45598,10
13.0065202713,80.2570114136,45598,45608,10
13.006480217,80.256477356,45608,45618,10
13.0065402985,80.2555236816,45618,45628,10
13.0065698624,80.2546005249,45628,45639,11
13.0066003799,80.2536392212,45639,45649,10
13.0066204071,80.2533111572,45649,45659,10
13.0066099167,80.2531661987,45659,45669,10
13.0066404343,80.2526779175,45669,45679,10
13.0066299438,80.252243042,45679,45709,30
13.0066299438,80.252243042,45709,45719,10
13.0065603256,80.2520523071,45719,45729,10
13.0066404343,80.2516098022,45729,45739,10
13.0067300797,80.2508773804,45739,45749,10
13.0066900253,80.2500686646,45749,45759,10
13.0067396164,80.2496795654,45759,45770,11
13.0067796707,80.24949646,45770,45780,10
13.006770134,80.2489624023,45780,45790,10
13.0066604614,80.2483978271,45790,45820,30
13.0066604614,80.2483978271,45820,45830,10
13.0066795349,80.2482376099,45830,45840,10
13.0066604614,80.248046875,45840,45850,10
13.0066299438,80.2477111816,45850,45860,10
13.0066604614,80.247177124,45860,45870,10
13.0065803528,80.2466201782,45870,45880,10
13.0065898895,80.2465667725,45880,45891,11
13.0066299438,80.2462692261,45891,45901,10
13.0066404343,80.2456665039,45901,45911,10
13.0066604614,80.2450180054,45911,45921,10
13.0066299438,80.2442779541,45921,45931,10
13.0065803528,80.2434997559,45931,45941,10
13.0065402985,80.2426681519,45941,45951,10
13.0065498352,80.2418289185,45951,45961,10
13.0065498352,80.2415237427,45961,45969,8
13.0065803528,80.2412261963,45969,45981,12
13.0066995621,80.2405319214,45981,45991,10
13.0067396164,80.2403030396,45991,46001,10
13.0067100525,80.2402114868,46001,46011,10
13.006770134,80.2397994995,46011,46022,11
13.0068998337,80.2390365601,46022,46032,10
13.0070800781,80.2382202148,46032,46042,10
13.0073795319,80.236831665,46042,46072,30
13.0073795319,80.236831665,46072,46082,10
13.0074796677,80.2366409302,46082,46092,10
13.0075998306,80.2361221313,46092,46102,10
13.0077600479,80.2353897095,46102,46112,10
13.0079097748,80.2345504761,46112,46122,10
13.0081100464,80.2334899902,46122,46132,10
13.0083503723,80.2323226929,46132,46143,11
13.008600235,80.2309494019,46143,46152,9
13.0087995529,80.2297973633,46152,46163,11
13.009059906,80.2285003662,46163,46173,10
13.0095100403,80.2273788452,46173,46182,9
13.009929657,80.2264404297,46182,46193,11
13.0103597641,80.2255783081,46193,46203,10
13.0107002258,80.2248535156,46203,46213,10
13.0109996796,80.2241363525,46213,46223,10
13.0111103058,80.2234115601,46223,46253,30
13.0111103058,80.2234115601,46253,46263,10
13.0113697052,80.2228775024,46263,46274,11
13.0116996765,80.2220611572,46274,46284,10
13.0122203827,80.2214279175,46284,46294,10
13.0124101639,80.2215499878,46294,46304,10
13.0126304626,80.2219161987,46304,46314,10
13.0131101608,80.2224807739,46314,46330,16
13.0140895844,80.2234191895,46330,46342,12
13.0145196915,80.2238388062,46342,46352,10
13.0148000717,80.2242431641,46352,46360,8
13.015130043,80.2246704102,46360,46372,12
13.0155496597,80.2250289917,46372,46392,20
13.0155496597,80.2250289917,46392,46403,11
13.0157804489,80.2252883911,46403,46413,10
13.0163002014,80.2253723145,46413,46423,10
13.0169000626,80.2251815796,46423,46433,10
13.0176496506,80.224899292,46433,46443,10
13.0184202194,80.2245635986,46443,46453,10
13.019200325,80.2243728638,46453,46463,10
13.0198602676,80.2246398926,46463,46473,10
13.0202703476,80.224937439,46473,46483,10
13.0206899643,80.2252426147,46483,46493,10
13.0211496353,80.2255935669,46493,46503,10
13.0215501785,80.2258911133,46503,46513,10
13.0219402313,80.2261581421,46513,46524,11
13.0220098495,80.2262191772,46524,46534,10
13.0222797394,80.2264709473,46534,46544,10
13.0227899551,80.2269363403,46544,46554,10
13.023440361,80.2275238037,46554,46564,10
13.0241003036,80.2282180786,46564,46574,10
13.024600029,80.2288665771,46574,46594,20
13.024600029,80.2288665771,46594,46604,10
13.0248203278,80.2292098999,46604,46614,10
13.0252199173,80.2297286987,46614,46624,10
13.0256900787,80.2304229736,46624,46634,10
13.0259504318,80.2310714722,46634,46644,10
13.0261201859,80.231338501,46644,46655,11
13.0268001556,80.2311401367,46655,46665,10
13.0274295807,80.2309799194,46665,46675,10
13.0280599594,80.2309188843,46675,46685,10
13.0284795761,80.2308883667,46685,46695,10
13.0285902023,80.2308807373,46695,46705,10
13.0289697647,80.2308578491,46705,46715,10
13.0292596817,80.2308273315,46715,46725,10
13.0296201706,80.2307662964,46725,46735,10
13.0301599503,80.23072052,46735,46745,10
13.0307197571,80.230682373,46745,46755,10
13.0312795639,80.2306365967,46755,46765,10
13.0319004059,80.2305908203,46765,46776,11
13.0329198837,80.2304992676,46776,46826,50
13.0333003998,80.2305221558,46826,46846,20
13.0333003998,80.2305221558,46846,46856,10
13.0336198807,80.23046875,46856,46866,10
13.0337696075,80.2304382324,46866,46876,10
13.034040451,80.230430603,46876,46896,20
13.034330368,80.2303695679,46896,46937,41
13.034330368,80.2303695679,46937,46947,10
13.0345697403,80.2303619385,46947,46997,50
13.0345697403,80.2303619385,46997,47007,10
13.0349197388,80.2303466797,47007,47017,10
13.0349397659,80.2305297852,47017,47028,11
13.0348596573,80.2309799194,47028,47038,10
13.0347604752,80.2316513062,47038,47048,10
13.0346803665,80.2322311401,47048,47058,10
13.0346002579,80.2330093384,47058,47068,10
13.0345697403,80.2334213257,47068,47078,10
13.0345201492,80.2339477539,47078,47088,10
13.0344400406,80.2347412109,47088,47098,10
13.034330368,80.2356033325,47098,47108,10
13.0341997147,80.2364807129,47108,47118,10
13.0341796875,80.2371063232,47118,47179,61
13.0341796875,80.2371063232,47179,47189,10
13.0342903137,80.2374572754,47189,47199,10
13.0345602036,80.2378387451,47199,47209,10
13.0348701477,80.2383422852,47209,47219,10
13.0352201462,80.2389297485,47219,47229,10
13.0354604721,80.2392883301,47229,47239,10
13.0360097885,80.2393264771,47239,47249,10
13.0367002487,80.2394104004,47249,47259,10
13.0373697281,80.2394790649,47259,47269,10
13.0380001068,80.2395629883,47269,47279,10
13.038599968,80.2396621704,47279,47290,11
13.0393896103,80.239730835,47290,47300,10
13.040140152,80.2398376465,47300,47310,10
13.0403203964,80.2399368286,47310,47320,10
13.0403404236,80.2403182983,47320,47330,10
13.0410900116,80.2405319214,47330,47350,20
13.0410900116,80.2405319214,47350,47360,10
13.0413999557,80.2405776978,47360,47370,10
13.0420503616,80.2406616211,47370,47380,10
13.0429000854,80.2407608032,47380,47390,10
13.0437202454,80.2408905029,47390,47400,10
13.0444297791,80.2406082153,47400,47421,21
13.0444297791,80.2406082153,47421,47431,10
13.0445804596,80.2405700684,47431,47441,10
13.0449104309,80.2403106689,47441,47451,10
13.0454797745,80.2399215698,47451,47461,10
13.0459899902,80.2395477295,47461,47471,10
13.046500206,80.2395706177,47471,47481,10
13.0466003418,80.239616394,47481,47491,10
13.0468997955,80.239692688,47491,47501,10
13.047539711,80.2397766113,47501,47511,10
13.0483198166,80.2399291992,47511,47521,10
13.0490999222,80.2400665283,47521,47532,11
13.0496196747,80.2401809692,47532,47542,10
13.0500001907,80.2402801514,47542,47552,10
13.0506401062,80.2404022217,47552,47562,10
13.0511798859,80.2405166626,47562,47572,10
13.051199913,80.2405166626,47572,47582,10
13.0515098572,80.2405776978,47582,47592,10
13.0521402359,80.2407073975,47592,47602,10
13.0524997711,80.2412414551,47602,47663,61
13.0524997711,80.2412414551,47663,47673,10
13.0525999069,80.2413787842,47673,47683,10
13.05286026,80.2417297363,47683,47693,10
13.0539999008,80.2422027588,47693,47723,30
13.0539999008,80.2422027588,47723,47733,10
13.0543403625,80.2422409058,47733,47743,10
13.0549497604,80.2422180176,47743,47753,10
13.0556001663,80.2421569824,47753,47763,10
13.0562696457,80.2424468994,47763,47773,10
13.0566596985,80.2425079346,47773,47784,11
13.0569095612,80.2425994873,47784,47794,10
13.0573596954,80.2427520752,47794,47804,10
13.0576400757,80.2427520752,47804,47814,10
13.057800293,80.242729187,47814,47824,10
13.0582704544,80.2426605225,47824,47834,10
13.0588598251,80.2425384521,47834,47844,10
13.0594596863,80.2424926758,47844,47854,10
13.0600996017,80.2426986694,47854,47864,10
13.0605802536,80.2428588867,47864,47874,10
13.061050415,80.2429962158,47874,47884,10
13.0616598129,80.2431335449,47884,47894,10
13.0622701645,80.2432098389,47894,47904,10
13.0624799728,80.2432632446,47904,47920,16
13.0630197525,80.2433776855,47920,47933,13
13.0638504028,80.2434616089,47933,47942,9
13.0645599365,80.2434768677,47942,47954,12
13.0654802322,80.2434692383,47954,47963,9
13.0662202835,80.2433319092,47963,47975,12
13.0668001175,80.2431030273,47975,47985,10
13.0674495697,80.2428436279,47985,47995,10
13.0682096481,80.2426223755,47995,48005,10
13.0690002441,80.2423324585,48005,48015,10
13.0696201324,80.2421112061,48015,48025,10
13.070019722,80.2420501709,48025,48037,12
13.0701799393,80.2420501709,48037,48047,10
13.0705699921,80.2418823242,48047,48057,10
13.0712795258,80.2416534424,48057,48067,10
13.0720796585,80.2412109375,48067,48077,10
13.0728902817,80.2407913208,48077,48087,10
13.0737199783,80.2405776978,48087,48097,10
13.0746898651,80.2405014038,48097,48106,9
13.075630188,80.2404937744,48106,48117,11
13.0766201019,80.2405471802,48117,48127,10
13.0769395828,80.2405471802,48127,48137,10
13.0771102905,80.2404174805,48137,48147,10
13.0770797729,80.2400436401,48147,48157,10
13.0768899918,80.2393264771,48157,48168,11
13.0766296387,80.2384033203,48168,48178,10
13.076499939,80.2379226685,48178,48188,10
13.0763998032,80.2376022339,48188,48198,10
13.076379776,80.2374572754,48198,48208,10
13.0763902664,80.2372817993,48208,48218,10
13.0763196945,80.2367782593,48218,48228,10
13.0761995316,80.2360305786,48228,48238,10
13.0760202408,80.2351226807,48238,48248,10
13.0757799149,80.2340698242,48248,48319,71
13.0757799149,80.2340698242,48319,48329,10
13.075799942,80.2338104248,48329,48339,10
13.0767002106,80.2336196899,48339,48359,20
13.0767002106,80.2336196899,48359,48369,10
13.0769100189,80.233581543,48369,48379,10
13.0772895813,80.233543396,48379,48389,10
13.0778799057,80.2334594727,48389,48399,10
13.0785398483,80.2334594727,48399,48409,10
13.0792798996,80.2334518433,48409,48420,11
13.0802202225,80.2334823608,48420,48440,20
13.0802202225,80.2334823608,48440,48450,10
13.0807504654,80.2334899902,48450,48460,10
13.081410408,80.2334976196,48460,48470,10
13.0818996429,80.2334136963,48470,48480,10
13.0819702148,80.2328720093,48480,48490,10
13.0821695328,80.2322006226,48490,48500,10
13.0824203491,80.2314224243,48500,48510,10
13.0825195313,80.2311630249,48510,48526,16
13.0828199387,80.2306289673,48526,48538,12
13.0831003189,80.2311782837,48538,48549,11
13.0831804276,80.2321014404,48549,48559,10
13.0833396912,80.2328567505,48559,48569,10
13.0834598541,80.2334518433,48569,48577,8
13.0835199356,80.2337112427,48577,48589,12
13.0840597153,80.2339096069,48589,48609,20
13.0840597153,80.2339096069,48609,48619,10
13.0843200684,80.2339782715,48619,48629,10
13.0848703384,80.2341003418,48629,48639,10
13.0855302811,80.2342605591,48639,48649,10
13.0860300064,80.2343673706,48649,48659,10
13.0866804123,80.2344970703,48659,48670,11
13.0872497559,80.2345428467,48670,48680,10
13.0877199173,80.2344512939,48680,48690,10
13.0879201889,80.2340927124,48690,48700,10
13.0880203247,80.2334136963,48700,48710,10
13.0881900787,80.2325820923,48710,48720,10
13.0884199142,80.2316818237,48720,48729,9
13.0886602402,80.2310180664,48729,48740,11
13.0888500214,80.2305679321,48740,48750,10
13.0888595581,80.2305526733,48750,48760,10
13.0889196396,80.2304229736,48760,48770,10
13.0891399384,80.2299880981,48770,48780,10
13.0895395279,80.229309082,48780,48791,11
13.0902395248,80.2285232544,48791,48801,10
13.0908498764,80.2278594971,48801,48811,10
13.0913000107,80.2273406982,48811,48821,10
13.0913896561,80.2272415161,48821,48831,10
13.0914402008,80.2271575928,48831,48841,10
13.0917701721,80.226852417,48841,48851,10
13.0922698975,80.226348877,48851,48861,10
13.0928497314,80.2257919312,48861,48871,10
13.0931997299,80.2253875732,48871,48881,10
13.0932798386,80.2253189087,48881,48891,10
13.0935401917,80.2250213623,48891,48901,10
13.0939998627,80.2245178223,48901,48911,10
13.0945701599,80.223777771,48911,48922,11
13.0951595306,80.2227325439,48922,48931,9
13.0955200195,80.2217483521,48931,48942,11
13.0958795547,80.2207336426,48942,48952,10
13.096159935,80.2199401855,48952,48962,10
13.0964403152,80.2191162109,48962,48972,10
13.0966300964,80.2185211182,48972,48982,10
13.0968704224,80.2177810669,48982,48992,10
13.0971002579,80.2170715332,48992,49002,10
13.0971498489,80.2169189453,49002,49012,10
13.0972499847,80.2166900635,49012,49022,10
13.0974903107,80.2161331177,49022,49032,10
13.0977897644,80.2154464722,49032,49043,11
13.0980901718,80.2146911621,49043,49053,10
13.098449707,80.2139282227,49053,49083,30
13.098449707,80.2139282227,49083,49093,10
13.0985403061,80.2138595581,49093,49103,10
13.0988903046,80.2140274048,49103,49113,10
13.099439621,80.2142181396,49113,49123,10
13.1001996994,80.2144470215,49123,49153,30
13.1001996994,80.2144470215,49153,49163,10
13.1004104614,80.2145385742,49163,49184,21
13.1004104614,80.2145385742,49184,49194,10
13.1004600525,80.2145614624,49194,49204,10
13.1004600525,80.2148666382,49204,49214,10
13.1002397537,80.2154083252,49214,49224,10
13.1000204086,80.2159729004,49224,49234,10
13.0998601913,80.216003418,49234,49244,10
13.0999498367,80.2156524658,49244,49254,10
13.1000995636,80.2153625488,49254,49264,10
13.100279808,80.2150802612,49264,49718,454
13.1001596451,80.2149963379,49718,50313,595
13.1001701355,80.2150268555,50313,51673,1360
13.1001701355,80.2150268555,51673,51684,11
13.100230217,80.2149276733,51684,51694,10
13.1002502441,80.2148284912,51694,51704,10
13.1002101898,80.2145614624,51704,51714,10
13.0999298096,80.2144317627,51714,51724,10
13.0995903015,80.2143478394,51724,51734,10
13.0991096497,80.2142181396,51734,51744,10
13.09856987,80.2140426636,51744,51754,10
13.0982999802,80.2144393921,51754,51764,10
13.0979604721,80.2152099609,51764,51774,10
13.097530365,80.2162399292,51774,51784,10
13.0973300934,80.2167663574,51784,51794,10
13.0972900391,80.2168884277,51794,51804,10
13.0971002579,80.2174377441,51804,51815,11
13.0967502594,80.2184295654,51815,51825,10
13.0964202881,80.2193984985,51825,51835,10
13.096039772,80.2204818726,51835,51845,10
13.0957098007,80.2213973999,51845,51855,10
13.095459938,80.2221908569,51855,51865,10
13.0953702927,80.2224578857,51865,51875,10
13.0952396393,80.2227783203,51875,51885,10
13.0949201584,80.223449707,51885,51895,10
13.0942602158,80.224319458,51895,51905,10
13.0935697556,80.225151062,51905,51915,10
13.093000412,80.2257614136,51915,51925,10
13.0924100876,80.2263412476,51925,51936,11
13.0917100906,80.2270584106,51936,51946,10
13.091219902,80.2276229858,51946,51956,10
13.0911798477,80.2276611328,51956,51966,10
13.0910997391,80.227722168,51966,51976,10
13.0908002853,80.2280197144,51976,51986,10
13.090259552,80.2285995483,51986,51996,10
13.0895204544,80.2294311523,51996,52006,10
13.0891599655,80.2301177979,52006,52016,10
13.0890903473,80.2302780151,52016,52026,10
13.0888795853,80.2307815552,52026,52036,10
13.0888204575,80.2309188843,52036,52046,10
13.0887699127,80.2309875488,52046,52056,10
13.0886201859,80.2313995361,52056,52067,11
13.0883598328,80.2321166992,52067,52077,10
13.0881204605,80.2331008911,52077,52087,10
13.0880002975,80.234046936,52087,52103,16
13.0870895386,80.2345581055,52103,52115,12
13.0861196518,80.2344284058,52115,52155,40
13.0861196518,80.2344284058,52155,52165,10
13.0859804153,80.2343902588,52165,52175,10
13.0854797363,80.2342910767,52175,52187,12
13.0845003128,80.2340393066,52187,52197,10
13.0837802887,80.2339019775,52197,52207,10
13.0830602646,80.2338027954,52207,52217,10
13.0824203491,80.2336502075,52217,52227,10
13.0823698044,80.2336425781,52227,52237,10
13.082110405,80.2335968018,52237,52247,10
13.0817298889,80.2335586548,52247,52257,10
13.0809497833,80.2334899902,52257,52267,10
13.0800304413,80.233543396,52267,52277,10
13.0795097351,80.2334976196,52277,52287,10
13.0795001984,80.2334976196,52287,52297,10
13.079079628,80.2335510254,52297,52307,10
13.0783500671,80.233581543,52307,52317,10
13.0774698257,80.2336196899,52317,52328,11
13.0764102936,80.2338027954,52328,52338,10
13.0759601593,80.2339172363,52338,52348,10
13.0758495331,80.2339401245,52348,52358,10
13.075920105,80.2343597412,52358,52368,10
13.076089859,80.2351303101,52368,52378,10
13.0762996674,80.2362136841,52378,52388,10
13.076499939,80.2372589111,52388,52408,20
13.076499939,80.2372589111,52408,52418,10
13.0765600204,80.2374801636,52418,52429,11
13.0767002106,80.2381820679,52429,52439,10
13.0769100189,80.2391204834,52439,52449,10
13.0771102905,80.2400665283,52449,52459,10
13.0773000717,80.2408218384,52459,52469,10
13.0773696899,80.2411880493,52469,52479,10
13.0774497986,80.2416534424,52479,52489,10
13.0776395798,80.2424926758,52489,52499,10
13.0777597427,80.2434082031,52499,52509,10
13.0777797699,80.244102478,52509,52519,10
13.0778303146,80.2448196411,52519,52529,10
13.0779304504,80.24584198,52529,52539,10
13.0781097412,80.246887207,52539,52549,10
13.0783500671,80.2479705811,52549,52559,10
13.0785303116,80.2487869263,52559,52570,11
13.078669548,80.24949646,52570,52580,10
13.0787200928,80.250213623,52580,52590,10
13.0785102844,80.2508087158,52590,52600,10
13.0785799026,80.2515029907,52600,52610,10
13.0783004761,80.251663208,52610,52620,10
13.0778198242,80.2517700195,52620,52630,10
13.07695961,80.2519302368,52630,52640,10
13.0762701035,80.2520904541,52640,52650,10
13.0752401352,80.2521591187,52650,52660,10
13.0746097565,80.252243042,52660,52670,10
13.0740098953,80.2522964478,52670,52680,10
13.0733604431,80.252456665,52680,52691,11
13.0725698471,80.2523269653,52691,52701,10
13.0721302032,80.2518615723,52701,52711,10
13.0720300674,80.2511367798,52711,52721,10
13.0718297958,80.2505111694,52721,52731,10
13.0715999603,80.2497177124,52731,52741,10
13.0713796616,80.2486190796,52741,52751,10
13.0710401535,80.2475128174,52751,52761,10
13.0706195831,80.2465591431,52761,52771,10
13.070110321,80.2454910278,52771,52781,10
13.0696601868,80.2443237305,52781,52791,10
13.0693397522,80.2434234619,52791,52801,10
13.0692996979,80.2433013916,52801,52811,10
13.0692195892,80.2429428101,52811,52822,11
13.0689697266,80.2424316406,52822,52832,10
13.0682096481,80.2425765991,52832,52842,10
13.0673503876,80.2429199219,52842,52852,10
13.0664997101,80.243309021,52852,52862,10
13.0661096573,80.2439117432,52862,52872,10
13.0662899017,80.2449417114,52872,52881,9
13.0664796829,80.2458190918,52881,52892,11
13.0673398972,80.2462921143,52892,52902,10
13.0677700043,80.2464904785,52902,52912,10
13.0678701401,80.2465591431,52912,52922,10
13.0679502487,80.2471618652,52922,52932,10
13.0678796768,80.247756958,52932,52943,11
13.0672197342,80.2478713989,52943,52953,10
13.0662202835,80.247718811,52953,52963,10
13.0650901794,80.2477264404,52963,52973,10
13.0638599396,80.2476425171,52973,52983,10
13.0626401901,80.2475662231,52983,52993,10
13.0616197586,80.247467041,52993,53003,10
13.0613803864,80.2468109131,53003,53019,16
13.0618896484,80.2457809448,53019,53031,12
13.0624599457,80.2448806763,53031,53039,8
13.0631399155,80.2442321777,53039,53061,22
13.0631399155,80.2442321777,53061,53072,11
13.0633497238,80.243888855,53072,53082,10
13.0633201599,80.2434616089,53082,53092,10
13.0628204346,80.2433700562,53092,53102,10
13.0622596741,80.243270874,53102,53111,9
13.0616998672,80.2431488037,53111,53122,11
13.0610799789,80.243057251,53122,53132,10
13.0603199005,80.2427902222,53132,53142,10
13.0595302582,80.2425537109,53142,53152,10
13.0588598251,80.2425765991,53152,53162,10
13.0580196381,80.24269104,53162,53172,10
13.0571699142,80.242767334,53172,53182,10
13.0570497513,80.242767334,53182,53193,11
13.0567903519,80.2426300049,53193,53203,10
13.0562601089,80.2424468994,53203,53213,10
13.055729866,80.2422485352,53213,53223,10
13.0549201965,80.2423019409,53223,53233,10
13.0541400909,80.2422866821,53233,53243,10
13.0536298752,80.242149353,53243,53253,10
13.0536203384,80.242149353,53253,53263,10
13.0535001755,80.2420883179,53263,53273,10
13.0528001785,80.2418289185,53273,53313,40
13.0528001785,80.2418289185,53313,53324,11
13.0525598526,80.2417068481,53324,53334,10
13.0522098541,80.2412185669,53334,53344,10
13.0520296097,80.2408828735,53344,53354,10
13.0517301559,80.2407226563,53354,53364,10
13.0511703491,80.2406082153,53364,53374,10
13.0509395599,80.2405471802,53374,53384,10
13.0505800247,80.2404632568,53384,53394,10
13.0498695374,80.2403182983,53394,53404,10
13.0491304398,80.2401580811,53404,53414,10
13.0483398438,80.2399673462,53414,53424,10
13.0473804474,80.2397918701,53424,53434,10
13.046620369,80.2396392822,53434,53445,11
13.0462598801,80.2393035889,53445,53455,10
13.0463695526,80.2387695313,53455,53465,10
13.046500206,80.2379837036,53465,53475,10
13.0466995239,80.2369537354,53475,53484,9
13.0468902588,80.2362670898,53484,53495,11
13.0469799042,80.2359771729,53495,53505,10
13.0470104218,80.2358093262,53505,53515,10
13.0470199585,80.2356185913,53515,53525,10
13.04708004,80.235206604,53525,53535,10
13.0471401215,80.2343902588,53535,53545,10
13.0472297668,80.2334213257,53545,53555,10
13.0470895767,80.2330169678,53555,53565,10
13.0464601517,80.2329330444,53565,53576,11
13.0458898544,80.2327728271,53576,53586,10
13.0455598831,80.2327270508,53586,53596,10
13.0452003479,80.2326812744,53596,53606,10
13.0450897217,80.2326583862,53606,53616,10
13.044719696,80.2325820923,53616,53626,10
13.0438995361,80.2324066162,53626,53636,10
13.0431404114,80.2323303223,53636,53646,10
13.0424203873,80.2322998047,53646,53656,10
13.0416202545,80.232208252,53656,53666,10
13.0405797958,80.231880188,53666,53676,10
13.0395097733,80.2316207886,53676,53685,9
13.0386896133,80.2313995361,53685,53697,12
13.0374403,80.2310180664,53697,53707,10
13.0368995667,80.2308731079,53707,53717,10
13.0367498398,80.2308120728,53717,53727,10
13.0360202789,80.230506897,53727,53767,40
13.0360202789,80.230506897,53767,53777,10
13.0355596542,80.2303085327,53777,53818,41
13.0355596542,80.2303085327,53818,53828,10
13.0355501175,80.2303390503,53828,53838,10
13.0352201462,80.2302932739,53838,53848,10
13.0348300934,80.2302932739,53848,53858,10
13.0345001221,80.2303619385,53858,53868,10
13.0341796875,80.2304229736,53868,53898,30
13.0341796875,80.2304229736,53898,53908,10
13.0339603424,80.2303771973,53908,53918,10
13.0334997177,80.2304229736,53918,53928,10
13.0329198837,80.230506897,53928,53938,10
13.0319900513,80.2305908203,53938,53949,11
13.0309495926,80.230682373,53949,53959,10
13.0306797028,80.2306976318,53959,53969,10
13.0301904678,80.2307510376,53969,53979,10
13.0296201706,80.2308502197,53979,53990,11
13.0289802551,80.2308578491,53990,54000,10
13.0281095505,80.2309570313,54000,54010,10
13.0276403427,80.231048584,54010,54020,10
13.027680397,80.2315216064,54020,54030,10
13.0277500153,80.2320480347,54030,54040,10
13.0278396606,80.2326812744,54040,54050,10
13.0273895264,80.2328491211,54050,54060,10
13.0269002914,80.2329788208,54060,54111,51
13.0269002914,80.2329788208,54111,54121,10
13.0266704559,80.2330932617,54121,54131,10
13.0264396667,80.2329788208,54131,54141,10
13.0262699127,80.2325134277,54141,54151,10
13.026140213,80.2319030762,54151,54161,10
13.0259895325,80.2312469482,54161,54171,10
13.0257196426,80.2304992676,54171,54181,10
13.0252103806,80.2297515869,54181,54191,10
13.0248003006,80.2292633057,54191,54202,11
13.0247602463,80.2292175293,54202,54212,10
13.0245599747,80.2289581299,54212,54222,10
13.0241498947,80.2284469604,54222,54232,10
13.0240097046,80.2283096313,54232,54242,10
13.0239400864,80.2282409668,54242,54252,10
13.023639679,80.2278366089,54252,54262,10
13.0232095718,80.2274169922,54262,54272,10
13.0230102539,80.2272033691,54272,54282,10
13.0227804184,80.2269592285,54282,54292,10
13.0225000381,80.2266769409,54292,54302,10
13.02202034,80.2262802124,54302,54312,10
13.0213603973,80.225769043,54312,54322,10
13.0207004547,80.2252731323,54322,54333,11
13.0198402405,80.2247009277,54333,54343,10
13.0189399719,80.2244415283,54343,54353,10
13.0179395676,80.2248001099,54353,54363,10
13.0170698166,80.225189209,54363,54379,16
13.0159502029,80.2256317139,54379,54391,12
13.0152397156,80.2258987427,54391,54399,8
13.0149002075,80.226020813,54399,54411,12
13.014749527,80.2260894775,54411,54421,10
13.0144300461,80.2261810303,54421,54431,10
13.0139398575,80.2264022827,54431,54441,10
13.0131196976,80.2267227173,54441,54452,11
13.0122404099,80.2270584106,54452,54462,10
13.0112495422,80.2274398804,54462,54472,10
13.0101804733,80.2278823853,54472,54482,10
13.0092802048,80.2283325195,54482,54493,11
13.0090198517,80.229309082,54493,54503,10
13.0087795258,80.2305374146,54503,54513,10
13.0085802078,80.2315292358,54513,54523,10
13.0083999634,80.2324371338,54523,54532,9
13.0082798004,80.2332687378,54532,54543,11
13.0082597733,80.2333297729,54543,54552,9
13.0082397461,80.2334899902,54552,54563,11
13.0081100464,80.2339401245,54563,54574,11
13.0079603195,80.2346878052,54574,54584,10
13.0078001022,80.2354888916,54584,54594,10
13.0075998306,80.2365036011,54594,54604,10
13.0073795319,80.2375564575,54604,54614,10
13.0071697235,80.2387084961,54614,54624,10
13.006939888,80.2397689819,54624,54634,10
13.0068397522,80.2403869629,54634,54644,10
13.0067796707,80.2408370972,54644,54654,10
13.0067396164,80.2413101196,54654,54664,10
13.0067195892,80.2418823242,54664,54674,10
13.0067195892,80.2426376343,54674,54684,10
13.0066795349,80.2432785034,54684,54694,10
13.0066699982,80.2440414429,54694,54705,11
13.0066995621,80.2449569702,54705,54715,10
13.0067195892,80.2457885742,54715,54725,10
13.0067195892,80.2463226318,54725,54735,10
13.0067195892,80.2465133667,54735,54745,10
13.0067396164,80.2470626831,54745,54755,10
13.0067396164,80.2477416992,54755,54765,10
13.0067501068,80.2486724854,54765,54775,10
13.0068397522,80.2494735718,54775,54795,20
13.0068397522,80.2494735718,54795,54805,10
13.0068101883,80.2496185303,54805,54815,10
13.0067901611,80.249961853,54815,54826,11
13.0067796707,80.2506408691,54826,54836,10
13.0067195892,80.2513504028,54836,54846,10
13.0066204071,80.2520599365,54846,54856,10
13.0066003799,80.2525405884,54856,54866,10
13.0066404343,80.2529678345,54866,54876,10
13.0066299438,80.2532730103,54876,54886,10
13.0066204071,80.2534103394,54886,54896,10
13.0065698624,80.2536621094,54896,55199,303
13.0065698624,80.2536621094,55199,55209,10
13.0066099167,80.2538833618,55209,55219,10
13.0065898895,80.2540435791,55219,55229,10
13.0065698624,80.2542724609,55229,55239,10
13.0065698624,80.254699707,55239,55249,10
13.0065603256,80.2554321289,55249,55259,10
13.0065498352,80.2563781738,55259,55269,10
13.0066099167,80.256980896,55269,55299,30
13.0066099167,80.256980896,55299,55309,10
13.0067195892,80.2572631836,55309,55319,10
13.0069503784,80.2578277588,55319,55330,11
13.0074100494,80.2584991455,55330,55340,10
13.0079698563,80.2588500977,55340,55350,10
13.0079603195,80.2591171265,55350,55360,10
13.0074300766,80.2592315674,55360,55370,10
13.0071001053,80.2585067749,55370,55380,10
13.0066900253,80.2577514648,55380,55420,40
13.0066900253,80.2577514648,55420,55430,10
13.0065402985,80.2574462891,55430,55440,10
13.0064401627,80.2570877075,55440,55451,11
13.0064601898,80.256362915,55451,55461,10
13.006480217,80.2556381226,55461,55471,10
13.0065202713,80.2550811768,55471,55481,10
13.0065002441,80.2542037964,55481,55491,10
13.0065498352,80.2533874512,55491,55501,10
13.0065402985,80.2532501221,55501,55511,10
13.0065402985,80.2531585693,55511,55521,10
13.0066204071,80.2520980835,55521,55592,71
13.0066204071,80.2520980835,55592,55602,10
13.0066699982,80.251701355,55602,55612,10
13.0067396164,80.2509307861,55612,55622,10
13.0067396164,80.2497634888,55622,55632,10
13.0067195892,80.2486801147,55632,55642,10
13.0066604614,80.2479629517,55642,55652,10
13.0066404343,80.2476196289,55652,55703,51
13.0066404343,80.2476196289,55703,55713,10
13.0066900253,80.2473220825,55713,55723,10
13.0066604614,80.2468109131,55723,55733,10
13.0066604614,80.2461013794,55733,55743,10
13.0066299438,80.2452087402,55743,55753,10
13.0066404343,80.2443618774,55753,55763,10
13.0066204071,80.2434921265,55763,55773,10
13.0066003799,80.2425613403,55773,55783,10
13.0066003799,80.2415008545,55783,55793,10
13.0066204071,80.2408599854,55793,55803,10
13.0066699982,80.240562439,55803,55813,10
13.0066699982,80.2405471802,55813,55823,10
13.0067501068,80.2402191162,55823,55834,11
13.0068798065,80.2395019531,55834,55844,10
13.0070199966,80.2387771606,55844,55854,10
13.0072202682,80.2378311157,55854,55864,10
13.0073604584,80.2369537354,55864,55874,10
13.0073795319,80.2368164063,55874,55884,10
13.0074195862,80.2366409302,55884,55894,10
13.0075702667,80.2361221313,55894,55904,10
13.0077495575,80.2352371216,55904,55914,10
13.0079898834,80.2341308594,55914,55924,10
13.0082197189,80.2328491211,55924,55934,10
13.0085201263,80.2314987183,55934,55944,10
13.008769989,80.230178833,55944,55955,11
13.0090303421,80.2288131714,55955,55965,10
13.0093898773,80.2276763916,55965,55975,10
13.0098800659,80.2265930176,55975,55985,10
13.0103797913,80.2255096436,55985,55995,10
13.0108995438,80.2244262695,55995,56005,10
13.0112495422,80.2232818604,56005,56015,10
13.0116996765,80.2222976685,56015,56025,10
13.0120801926,80.2214736938,56025,56034,9
13.0123996735,80.2215270996,56034,56045,11
13.0128803253,80.222076416,56045,56055,10
13.0133895874,80.2227096558,56055,56065,10
13.0139198303,80.2232437134,56065,56075,10
13.0142602921,80.2236480713,56075,56086,11
13.0146903992,80.2240982056,56086,56096,10
13.0151596069,80.2247085571,56096,56106,10
13.0158500671,80.2252120972,56106,56116,10
13.0169401169,80.2250671387,56116,56126,10
13.018119812,80.2246017456,56126,56136,10
13.0194597244,80.2243728638,56136,56166,30
13.0194597244,80.2243728638,56166,56176,10
13.0195703506,80.2244720459,56176,56186,10
13.0198297501,80.2246170044,56186,56196,10
13.0203399658,80.2250213623,56196,56207,11
13.0212402344,80.2256164551,56207,56217,10
13.0218601227,80.2260437012,56217,56227,10
13.0219097137,80.2260665894,56227,56237,10
13.0219602585,80.2260971069,56237,56247,10
13.022359848,80.2264709473,56247,56257,10
13.0230503082,80.2270812988,56257,56267,10
13.0236101151,80.2275924683,56267,56277,10
13.0241699219,80.2281570435,56277,56287,10
13.0243396759,80.2283630371,56287,56297,10
13.0245895386,80.2287521362,56297,56307,10
13.0249595642,80.2292785645,56307,56317,10
13.0254802704,80.2299804688,56317,56327,10
13.0258798599,80.2307281494,56327,56338,11
13.0259895325,80.2312088013,56338,56348,10
13.0264396667,80.2311630249,56348,56358,10
13.0273199081,80.23097229,56358,56368,10
13.0281400681,80.2308731079,56368,56378,10
13.0291996002,80.2307434082,56378,56428,50
13.0291996002,80.2307434082,56428,56447,19
13.0294799805,80.2307434082,56447,56458,11
13.0301799774,80.2306518555,56458,56467,9
13.0307502747,80.2306213379,56467,56479,12
13.0311899185,80.2305831909,56479,56489,10
13.0319004059,80.2305374146,56489,56499,10
13.0329704285,80.23046875,56499,56509,10
13.0336799622,80.230430603,56509,56519,10
13.0340595245,80.2303771973,56519,56529,10
13.0341100693,80.2303695679,56529,56539,10
13.0343198776,80.2303619385,56539,56559,20
13.0343198776,80.2303619385,56559,56569,10
13.0344800949,80.2303619385,56569,56579,10
13.0346298218,80.2303237915,56579,56591,12
13.0347604752,80.2303009033,56591,56600,9
13.0348901749,80.2304992676,56600,56611,11
13.0348796844,80.2311935425,56611,56621,10
13.0347604752,80.2321395874,56621,56631,10
13.0347003937,80.2329330444,56631,56641,10
13.0346002579,80.233581543,56641,56651,10
13.0344896317,80.2341918945,56651,56661,10
13.0343904495,80.2351989746,56661,56671,10
13.0342197418,80.2364120483,56671,56681,10
13.0342597961,80.2373199463,56681,56782,101
13.0342597961,80.2373199463,56782,56792,10
13.0344800949,80.2378463745,56792,56802,10
13.0348701477,80.2383575439,56802,56812,10
13.0353298187,80.2390899658,56812,56822,10
13.035900116,80.2393493652,56822,56833,11
13.0368795395,80.2394714355,56833,56843,10
13.0379104614,80.2396011353,56843,56853,10
13.0386896133,80.2396621704,56853,56863,10
13.0394897461,80.2397613525,56863,56873,10
13.0401802063,80.2398529053,56873,56883,10
13.0403499603,80.2399215698,56883,56893,10
13.0403699875,80.2403411865,56893,56903,10
13.0407304764,80.2405014038,56903,56919,16
13.0418100357,80.2406234741,56919,56931,12
13.0429000854,80.2408218384,56931,56939,8
13.0437402725,80.2409133911,56939,56951,12
13.0445404053,80.240562439,56951,56982,31
13.0445404053,80.240562439,56982,56992,10
13.0445995331,80.2405319214,56992,57002,10
13.0448799133,80.2403411865,57002,57011,9
13.04529953,80.240020752,57011,57022,11
13.0458202362,80.2396621704,57022,57032,10
13.046380043,80.2395324707,57032,57042,10
13.0471096039,80.2397079468,57042,57052,10
13.0478696823,80.2398605347,57052,57062,10
13.0487003326,80.2400131226,57062,57072,10
13.0496301651,80.240196228,57072,57083,11
13.050239563,80.2403488159,57083,57092,9
13.0508499146,80.2404632568,57092,57103,11
13.0516300201,80.2406234741,57103,57113,10
13.0524196625,80.2409591675,57113,57123,10
13.0525503159,80.2413864136,57123,57133,10
13.0526599884,80.2416000366,57133,57143,10
13.0532398224,80.241859436,57143,57153,10
13.0540599823,80.2421722412,57153,57163,10
13.0550699234,80.2421875,57163,57173,10
13.0562801361,80.2424621582,57173,57193,20
13.0562801361,80.2424621582,57193,57203,10
13.0566501617,80.2425003052,57203,57214,11
13.0570697784,80.2426605225,57214,57224,10
13.0573797226,80.2427368164,57224,57234,10
13.0576200485,80.2427368164,57234,57244,10
13.0580301285,80.24269104,57244,57260,16
13.0589799881,80.2424926758,57260,57272,12
13.0596599579,80.2425308228,57272,57282,10
13.0601902008,80.242729187,57282,57292,10
13.0609397888,80.2429580688,57292,57302,10
13.0613698959,80.243057251,57302,57312,10
13.0617904663,80.2431488037,57312,57322,10
13.0621795654,80.2432098389,57322,57332,10
13.0624599457,80.243270874,57332,57343,11
13.062669754,80.2433013916,57343,57353,10
13.0631599426,80.2433929443,57353,57363,10
13.0635404587,80.2434234619,57363,57373,10
13.0642499924,80.2434997559,57373,57383,10
13.0651102066,80.2434997559,57383,57393,10
13.0659103394,80.2434616089,57393,57403,10
13.0665302277,80.2432785034,57403,57413,10
13.0670604706,80.2430419922,57413,57423,10
13.0677604675,80.2427902222,57423,57433,10
13.0685501099,80.2425765991,57433,57443,10
13.0693101883,80.2422637939,57443,57453,10
13.0698699951,80.2420806885,57453,57464,11
13.069899559,80.2420806885,57464,57474,10
13.0703401566,80.2419586182,57474,57484,10
13.0710697174,80.2417221069,57484,57494,10
13.0719299316,80.2413330078,57494,57504,10
13.0725803375,80.2409133911,57504,57514,10
13.0733203888,80.2406692505,57514,57524,10
13.0740995407,80.2404708862,57524,57534,10
13.0751800537,80.2404403687,57534,57544,10
13.0762796402,80.240447998,57544,57554,10
13.0770998001,80.2404632568,57554,57564,10
13.0770301819,80.2397994995,57564,57574,10
13.0767803192,80.238861084,57574,57585,11
13.0766201019,80.2381820679,57585,57595,10
13.0765199661,80.2376937866,57595,57605,10
13.0764598846,80.2374420166,57605,57615,10
13.0763902664,80.2370910645,57615,57625,10
13.076259613,80.2364273071,57625,57635,10
13.0761404037,80.2357025146,57635,57645,10
13.0759897232,80.2349090576,57645,57655,10
13.0757799149,80.2341690063,57655,57716,61
13.0757799149,80.2341690063,57716,57726,10
13.0758695602,80.2338790894,57726,57736,10
13.0765199661,80.2337799072,57736,57746,10
13.0773801804,80.2336425781,57746,57756,10
13.0783195496,80.2335968018,57756,57766,10
13.0792102814,80.2335510254,57766,57776,10
13.0799503326,80.2335205078,57776,57786,10
13.0805597305,80.2334976196,57786,57796,10
13.0813598633,80.2335281372,57796,57806,10
13.0819501877,80.2334976196,57806,57816,10
13.0819997787,80.233001709,57816,57826,10
13.082159996,80.2323226929,57826,57837,11
13.0824604034,80.2314224243,57837,57847,10
13.0827903748,80.2306671143,57847,57857,10
13.0831098557,80.2308425903,57857,57867,10
13.0831699371,80.2316131592,57867,57877,10
13.0832595825,80.2325134277,57877,57887,10
13.083439827,80.2332611084,57887,57897,10
13.083530426,80.2337417603,57897,57907,10
13.0839500427,80.23387146,57907,57917,10
13.0840702057,80.2339019775,57917,57927,10
13.0842504501,80.2339477539,57927,57937,10
13.0847196579,80.234046936,57937,57947,10
13.0852499008,80.2341766357,57947,57958,11
13.0861196518,80.2344284058,57958,57968,10
13.0869503021,80.2345275879,57968,57978,10
13.0877199173,80.2344436646,57978,57988,10
13.0879802704,80.2336425781,57988,57998,10
13.0881996155,80.2325363159,57998,58008,10
13.0884799957,80.2315292358,58008,58018,10
13.088760376,80.2307815552,58018,58028,10
13.0888900757,80.2304992676,58028,58038,10
13.0889797211,80.2303390503,58038,58048,10
13.0892696381,80.2297515869,58048,58059,11
13.0899095535,80.2288970947,58059,58069,10
13.0905799866,80.2281799316,58069,58079,10
13.0912799835,80.2274017334,58079,58090,11
13.0914001465,80.2272796631,58090,58100,10
13.0917196274,80.2269973755,58100,58110,10
13.0923595428,80.2263565063,58110,58120,10
13.0931797028,80.2255172729,58120,58130,10
13.0938396454,80.2247695923,58130,58140,10
13.0945396423,80.2238464355,58140,58156,16
13.0953798294,80.2221679688,58156,58168,12
13.0958003998,80.2210083008,58168,58177,9
13.0960502625,80.2203216553,58177,58188,11
13.0964202881,80.2192687988,58188,58230,42
13.0964202881,80.2192687988,58230,58240,10
13.0964202881,80.2191772461,58240,58250,10
13.0965204239,80.2188568115,58250,58260,10
13.0967597961,80.2181472778,58260,58270,10
13.0971002579,80.2171707153,58270,58280,10
13.0971803665,80.2169265747,58280,58290,10
13.0972499847,80.2168197632,58290,58300,10
13.0974597931,80.2162780762,58300,58310,10
13.097869873,80.2153396606,58310,58320,10
13.0983600616,80.2142562866,58320,58330,10
13.0987100601,80.2140274048,58330,58341,11
13.0992603302,80.2142410278,58341,58351,10
13.1002397537,80.2144775391,58351,58371,20
13.1002397537,80.2144775391,58371,58381,10
13.1004400253,80.2145690918,58381,58411,30
13.1004400253,80.2145690918,58411,58421,10
13.100569725,80.2146530151,58421,58431,10
13.1004695892,80.2149963379,58431,58441,10
13.1001996994,80.215637207,58441,58451,10
13.0999403,80.2160873413,58451,58462,11
13.0999603271,80.2156982422,58462,58472,10
13.1001701355,80.2153091431,58472,58482,10
13.1002998352,80.2150268555,58482,59593,1111
13.1002998352,80.2150268555,59593,59603,10
13.1002902985,80.2149581909,59603,59613,10
13.1002702713,80.2147979736,59613,59623,10
13.1002101898,80.2145767212,59623,59633,10
13.1001596451,80.2145309448,59633,59643,10
13.1000003815,80.2144622803,59643,59653,10
13.0997600555,80.2144012451,59653,59663,10
13.0993003845,80.2142791748,59663,59673,10
13.0987997055,80.2141189575,59673,59683,10
13.0984201431,80.2141876221,59683,59693,10
13.098110199,80.2148895264,59693,59703,10
13.097700119,80.2158508301,59703,59714,11
13.0973997116,80.2166366577,59714,59724,10
13.0973997116,80.2166671753,59724,59734,10
13.0973100662,80.2169113159,59734,59744,10
13.0970897675,80.2174835205,59744,59754,10
13.0968599319,80.2181625366,59754,59764,10
13.0966300964,80.218963623,59764,59774,10
13.0962400436,80.2199630737,59774,59784,10
13.0958404541,80.2210617065,59784,59794,10
13.0955896378,80.2218780518,59794,59804,10
13.0953903198,80.2224502563,59804,59814,10
13.0953302383,80.2225723267,59814,59824,10
13.0951499939,80.2230606079,59824,59834,10
13.0945901871,80.2239379883,59834,59845,11
13.093870163,80.224899292,59845,59855,10
13.0933103561,80.2255401611,59855,59864,9
13.0926704407,80.2261734009,59864,59875,11
13.0918197632,80.2270202637,59875,59885,10
13.0913095474,80.2276000977,59885,59895,10
13.0912399292,80.2276611328,59895,59905,10
13.0910196304,80.227897644,59905,59915,10
13.0905799866,80.2283706665,59915,59925,10
13.0899095535,80.2290420532,59925,59935,10
13.0893697739,80.2297821045,59935,59945,10
13.0891399384,80.2302322388,59945,59955,10
13.0889396667,80.2306976318,59955,59966,11
13.0888299942,80.2309265137,59966,59976,10
13.0888004303,80.2310180664,59976,59986,10
13.0886602402,80.2313308716,59986,59996,10
13.0884504318,80.2319717407,59996,60006,10
13.0881996155,80.2328796387,60006,60016,10
13.0880203247,80.2339782715,60016,60026,10
13.0876502991,80.2345581055,60026,60036,10
13.0869197845,80.2345809937,60036,60045,9
13.0861597061,80.2344818115,60045,60056,11
13.0855503082,80.2343292236,60056,60066,10
13.0847597122,80.234161377,60066,60076,10
13.0839996338,80.2340011597,60076,60087,11
13.083609581,80.2339172363,60087,60097,10
13.083530426,80.2339401245,60097,60107,10
13.0830402374,80.2338790894,60107,60117,10
13.0823898315,80.2337188721,60117,60127,10
13.0823202133,80.2337036133,60127,60137,10
13.0822496414,80.2336730957,60137,60147,10
13.0818395615,80.2335968018,60147,60157,10
13.0811796188,80.233581543,60157,60167,10
13.0803699493,80.2335586548,60167,60177,10
13.0796003342,80.2335510254,60177,60187,10
13.0793399811,80.2335662842,60187,60197,10
13.0788297653,80.2335662842,60197,60207,10
13.0781402588,80.2335968018,60207,60218,11
13.0774402618,80.2336578369,60218,60228,10
13.0767498016,80.2337799072,60228,60238,10
13.0760002136,80.2339477539,60238,60248,10
13.0759897232,80.2344436646,60248,60258,10
13.0760097504,80.2345199585,60258,60268,10
13.0760698318,80.2348937988,60268,60284,16
13.0762996674,80.2362518311,60284,60296,12
13.0765199661,80.2372817993,60296,60304,8
13.0765199661,80.2373123169,60304,60316,12
13.0765800476,80.2376022339,60316,60326,10
13.0766601563,80.2380599976,60326,60337,11
13.0768299103,80.238822937,60337,60347,10
13.0770797729,80.2398376465,60347,60357,10
13.0773000717,80.2407836914,60357,60367,10
13.0774002075,80.2413024902,60367,60376,9
13.0775203705,80.2418212891,60376,60387,11
13.0777101517,80.2428283691,60387,60397,10
13.0778198242,80.2437210083,60397,60407,10
13.0777797699,80.2442932129,60407,60417,10
13.077870369,80.2450790405,60417,60427,10
13.0779895782,80.2462081909,60427,60437,10
13.078209877,80.2473678589,60437,60447,10
13.0784397125,80.2484588623,60447,60457,10
13.0786600113,80.2494506836,60457,60468,11
13.0785999298,80.2504501343,60468,60478,10
13.0785598755,80.2511978149,60478,60488,10
13.0785703659,80.2516326904,60488,60498,10
13.0783195496,80.2517089844,60498,60508,10
13.0776796341,80.2518310547,60508,60518,10
13.0766897202,80.2520217896,60518,60534,16
13.075220108,80.2522277832,60534,60546,12
13.0745000839,80.2522583008,60546,60554,8
13.0743198395,80.2522735596,60554,60566,12
13.0740299225,80.2523193359,60566,60576,10
13.0734596252,80.2524490356,60576,60587,11
13.0725097656,80.2523193359,60587,60597,10
13.0720996857,80.2516784668,60597,60607,10
13.0719900131,80.2509231567,60607,60617,10
13.0717000961,80.2500991821,60617,60627,10
13.071439743,80.2489395142,60627,60637,10
13.0711803436,80.2478637695,60637,60647,10
13.0707302094,80.2468185425,60647,60657,10
13.0702199936,80.2457275391,60657,60667,10
13.0698204041,80.2447967529,60667,60677,10
13.0692796707,80.2432785034,60677,60697,20
13.0692796707,80.2432785034,60697,60707,10
13.0692501068,80.2431030273,60707,60718,11
13.0691699982,80.2426986694,60718,60728,10
13.0686798096,80.2425613403,60728,60738,10
13.0678195953,80.2428131104,60738,60748,10
13.0667800903,80.2432632446,60748,60758,10
13.0660800934,80.2438430786,60758,60768,10
13.0662403107,80.2448730469,60768,60777,9
13.0664300919,80.2457504272,60777,60786,9
13.0670900345,80.2461700439,60786,60798,12
13.0678596497,80.2465896606,60798,60808,10
13.0679597855,80.2468185425,60808,60818,10
13.0679702759,80.2474212646,60818,60828,10
13.067779541,80.2479019165,60828,60839,11
13.0669698715,80.2479095459,60839,60849,10
13.0659799576,80.2478637695,60849,60859,10
13.0646600723,80.2477874756,60859,60869,10
13.0636196136,80.2477111816,60869,60879,10
13.0625600815,80.2476577759,60879,60889,10
13.0616397858,80.2475280762,60889,60899,10
13.061340332,80.2469482422,60899,60909,10
13.0617904663,80.246383667,60909,60919,10
13.0619602203,80.2455673218,60919,60929,10
13.0631399155,80.2443237305,60929,60959,30
13.0631399155,80.2443237305,60959,60970,11
13.063249588,80.244178772,60970,60980,10
13.0634498596,80.2437210083,60980,60990,10
13.0632200241,80.2434921265,60990,61000,10
13.0629196167,80.2434463501,61000,61010,10
13.0622701645,80.2433166504,61010,61020,10
13.0614204407,80.2431564331,61020,61030,10
13.0607795715,80.2429885864,61030,61040,10
13.0600099564,80.2427215576,61040,61050,10
13.0592498779,80.2425231934,61050,61060,10
13.0587596893,80.2425918579,61060,61070,10
13.0580596924,80.2427520752,61070,61080,10
13.0570402145,80.2428512573,61080,61111,31
13.0570402145,80.2428512573,61111,61121,10
13.0566396713,80.2427368164,61121,61131,10
13.0559797287,80.2424163818,61131,61141,10
13.0551300049,80.2423171997,61141,61151,10
13.0543298721,80.2423782349,61151,61161,10
13.0536804199,80.2422332764,61161,61171,10
13.0536203384,80.2421875,61171,61181,10
13.053440094,80.2420578003,61181,61191,10
13.0527601242,80.2418136597,61191,61242,51
13.0527601242,80.2418136597,61242,61252,10
13.0526103973,80.2417984009,61252,61262,10
13.052280426,80.2413711548,61262,61272,10
13.0519800186,80.240852356,61272,61282,10
13.0517702103,80.240737915,61282,61292,10
13.0513401031,80.2406387329,61292,61302,10
13.0508699417,80.2405471802,61302,61312,10
13.0507497787,80.2405090332,61312,61322,10
13.0501899719,80.2403793335,61322,61333,11
13.049200058,80.2401733398,61333,61343,10
13.0482997894,80.2399978638,61343,61353,10
13.0475702286,80.2398376465,61353,61363,10
13.0468196869,80.239692688,61363,61373,10
13.046210289,80.2395324707,61373,61383,10
13.0462799072,80.2391662598,61383,61393,10
13.0463895798,80.2384796143,61393,61403,10
13.0465803146,80.2376785278,61403,61419,16
13.0468597412,80.2364501953,61419,61431,12
13.0469703674,80.2359466553,61431,61441,10
13.0470199585,80.235710144,61441,61451,10
13.0470304489,80.2353820801,61451,61462,11
13.0471496582,80.2345733643,61462,61472,10
13.0472698212,80.2337112427,61472,61481,9
13.0473003387,80.2332687378,61481,61492,11
13.0470695496,80.2330093384,61492,61502,10
13.0465898514,80.2329330444,61502,61512,10
13.0459299088,80.2328033447,61512,61522,10
13.0452604294,80.2326889038,61522,61532,10
13.045129776,80.232673645,61532,61542,10
13.044960022,80.2326278687,61542,61552,10
13.044380188,80.2325134277,61552,61562,10
13.043589592,80.2323989868,61562,61572,10
13.0429000854,80.2323608398,61572,61583,11
13.042090416,80.2323379517,61583,61593,10
13.0412197113,80.2321472168,61593,61603,10
13.0401096344,80.2317733765,61603,61613,10
13.0390195847,80.2314682007,61613,61623,10
13.037899971,80.2311630249,61623,61633,10
13.0371599197,80.2309036255,61633,61642,9
13.0367603302,80.2307510376,61642,61653,11
13.0361700058,80.2305374146,61653,61663,10
13.0355901718,80.2304000854,61663,61673,10
13.0353803635,80.2303314209,61673,61744,71
13.0353803635,80.2303314209,61744,61754,10
13.0351400375,80.2302932739,61754,61764,10
13.0347204208,80.2303009033,61764,61774,10
13.0341501236,80.2304077148,61774,61784,10
13.0338602066,80.2304534912,61784,61794,10
13.0334501266,80.230506897,61794,61824,30
13.0334501266,80.230506897,61824,61835,11
13.0331897736,80.2305603027,61835,61845,10
13.032500267,80.2306289673,61845,61855,10
13.0315599442,80.23072052,61855,61865,10
13.03083992,80.2307815552,61865,61875,10
13.0303897858,80.230796814,61875,61884,9
13.0299501419,80.2308425903,61884,61895,11
13.0299100876,80.2308425903,61895,61905,10
13.0297603607,80.2308425903,61905,61915,10
13.0293502808,80.2308807373,61915,61925,10
13.0287904739,80.2309188843,61925,61935,10
13.0281000137,80.23097229,61935,61945,10
13.0276699066,80.231048584,61945,61955,10
13.0276498795,80.2314224243,61955,61966,11
13.027759552,80.2321090698,61966,61976,10
13.0278701782,80.2326278687,61976,61993,17
13.0268497467,80.2329483032,61993,62025,32
13.0268497467,80.2329483032,62025,62035,10
13.0266895294,80.2330474854,62035,62045,10
13.0264396667,80.2330093384,62045,62055,10
13.0262403488,80.2325363159,62055,62065,10
13.0260696411,80.2319107056,62065,62075,10
13.0259599686,80.2314605713,62075,62085,10
13.025759697,80.2307662964,62085,62096,11
13.0252504349,80.2298583984,62096,62106,10
13.0249004364,80.2294235229,62106,62116,10
13.0246400833,80.2291030884,62116,62126,10
13.0241298676,80.2284698486,62126,62156,30
13.0241298676,80.2284698486,62156,62166,10
13.0239400864,80.2282485962,62166,62176,10
13.0236196518,80.2278671265,62176,62186,10
13.0232696533,80.2275085449,62186,62196,10
13.0229701996,80.2271881104,62196,62206,10
13.0224199295,80.2266998291,62206,62217,11
13.0217399597,80.2261199951,62217,62227,10
13.0212202072,80.2257232666,62227,62237,10
13.0205898285,80.2252578735,62237,62247,10
13.0201301575,80.2249526978,62247,62257,10
13.0200796127,80.2249221802,62257,62267,10
13.0198202133,80.2247467041,62267,62277,10
13.0191602707,80.2244873047,62277,62287,10
13.0182504654,80.2247161865,62287,62297,10
13.0171499252,80.225151062,62297,62305,8
13.0164003372,80.2254562378,62305,62317,12
13.0157203674,80.2257232666,62317,62328,11
13.0150499344,80.2260131836,62328,62338,10
13.0145397186,80.2262191772,62338,62368,30
13.0145397186,80.2262191772,62368,62378,10
13.0142803192,80.2263031006,62378,62388,10
13.0137796402,80.2264709473,62388,62398,10
13.0131502151,80.2267227173,62398,62408,10
13.0122995377,80.2270736694,62408,62418,10
13.0112304688,80.2274780273,62418,62428,10
13.0101804733,80.227897644,62428,62438,10
13.0093097687,80.2282714844,62438,62448,10
13.0089998245,80.2291107178,62448,62459,11
13.008769989,80.2303314209,62459,62469,10
13.0085496902,80.2314910889,62469,62479,10
13.0083398819,80.2326812744,62479,62489,10
13.0082397461,80.2334823608,62489,62499,10
13.0082397461,80.2334976196,62499,62509,10
13.0081796646,80.2337112427,62509,62519,10
13.008099556,80.2341003418,62519,62535,16
13.0079402924,80.2349319458,62535,62547,12
13.0077695847,80.2358093262,62547,62557,10
13.0076398849,80.2364578247,62557,62567,10
13.0074195862,80.2375106812,62567,62576,9
13.0072603226,80.2383499146,62576,62588,12
13.0070695877,80.2392730713,62588,62597,9
13.0069599152,80.2399215698,62597,62618,21
13.0069599152,80.2399215698,62618,62627,9
13.0069799423,80.240020752,62627,62638,11
13.0068998337,80.2407531738,62638,62668,30
13.0068998337,80.2407531738,62668,62678,10
13.0068101883,80.2411422729,62678,62688,10
13.0067501068,80.2419281006,62688,62698,10
13.0067195892,80.2428894043,62698,62708,10
13.0066900253,80.2436523438,62708,62719,11
13.0067100525,80.2446975708,62719,62729,10
13.0067300797,80.2454833984,62729,62739,10
13.0067596436,80.2462615967,62739,62748,9
13.0067796707,80.246963501,62748,62759,11
13.0067596436,80.2477798462,62759,62769,10
13.0067796707,80.2488021851,62769,62779,10
13.0068798065,80.249458313,62779,62789,10
13.0068798065,80.2495269775,62789,62799,10
13.0068902969,80.2499465942,62799,62809,10
13.0068597794,80.2506713867,62809,62819,10
13.0068597794,80.2512512207,62819,62829,10
13.0067501068,80.2518463135,62829,62840,11
13.0065803528,80.2528076172,62840,62850,10
13.0065803528,80.2536392212,62850,62860,10
13.006649971,80.2548599243,62860,62880,20
13.0066299438,80.2549591064,62880,62890,10
13.0066299438,80.2549591064,62890,62900,10
13.0066299438,80.2554626465,62900,62910,10
13.0066404343,80.2563400269,62910,62920,10
13.0066900253,80.2573928833,62920,62930,10
13.0064697266,80.2576217651,62930,62940,10
13.0061197281,80.2575531006,62940,62950,10
13.0055398941,80.2573623657,62950,62962,12
13.004650116,80.2571411133,62962,62972,10
13.0036897659,80.2569274902,62972,62982,10
13.0028800964,80.2567901611,62982,62992,10
13.0019798279,80.2566375732,62992,63002,10
13.0012998581,80.2565689087,63002,63072,70
13.0012998581,80.2565689087,63072,63083,11
13.0009803772,80.2565383911,63083,63093,10
13.0003204346,80.256439209,63093,63103,10
13.0001497269,80.256401062,63103,63113,10
13.0000896454,80.256362915,63113,63123,10
12.9997301102,80.2563095093,63123,63153,30
12.9997301102,80.2563095093,63153,63163,10
12.9994697571,80.2562637329,63163,63173,10
12.9990100861,80.2561798096,63173,63183,10
12.9982795715,80.2560424805,63183,63193,10
12.997590065,80.2559890747,63193,63204,11
12.9972000122,80.2559814453,63204,63214,10
12.9970998764,80.2559585571,63214,63244,30
12.9970998764,80.2559585571,63244,63254,10
12.997010231,80.2559585571,63254,63264,10
12.9969301224,80.2562408447,63264,63274,10
12.9968795776,80.2568283081,63274,63284,10
12.9968795776,80.256980896,63284,63294,10
12.9968900681,80.2570800781,63294,63304,10
12.9968500137,80.2575378418,63304,63314,10
12.9967403412,80.2583084106,63314,63325,11
12.996629715,80.2592315674,63325,63335,10
12.9965295792,80.2600402832,63335,63345,10
12.9964399338,80.2609329224,63345,63355,10
12.9963598251,80.26171875,63355,63365,10
12.9962701797,80.2623901367,63365,63385,20
12.9962701797,80.2623901367,63385,63395,10
12.9961996078,80.2626037598,63395,63405,10
12.9961595535,80.2630310059,63405,63415,10
12.9961299896,80.2635879517,63415,63425,10
12.9960403442,80.2643814087,63425,63435,10
12.9959402084,80.2651672363,63435,63445,10
12.9958400726,80.2661209106,63445,63456,11
12.9957704544,80.2669219971,63456,63526,70
12.9957704544,80.2669219971,63526,63536,10
12.9957304001,80.2674331665,63536,63587,51
12.9957304001,80.2674331665,63587,63597,10
12.9958600998,80.2676696777,63597,63607,10
12.9962797165,80.2677230835,63607,63617,10
12.9969100952,80.2677230835,63617,63627,10
12.9974603653,80.2675628662,63627,63637,10
12.9979496002,80.2674179077,63637,63647,10
12.9985103607,80.267250061,63647,63657,10
12.9991102219,80.2670822144,63657,63667,10
12.9997196198,80.2668762207,63667,63677,10
13.0000095367,80.2666702271,63677,63687,10
13.0000696182,80.2666168213,63687,63697,10
13.0001497269,80.2662277222,63697,63708,11
13.0002202988,80.2657394409,63708,63718,10
13.0003404617,80.2657928467,63718,63728,10
13.0002603531,80.2661514282,63728,64504,776
13.0002603531,80.2661514282,64504,64514,10
13.0002202988,80.2662734985,64514,64544,30
13.0002202988,80.2662734985,64544,64554,10
13.0002403259,80.2667770386,64554,64564,10
12.9997797012,80.266960144,64564,64574,10
12.9991798401,80.2671203613,64574,64585,11
12.9985103607,80.2673110962,64585,64595,10
12.9978399277,80.2675018311,64595,64605,10
12.9970703125,80.2677230835,64605,64615,10
12.9963903427,80.2677993774,64615,64625,10
12.9960002899,80.2677307129,64625,64645,20
12.9960002899,80.2677307129,64645,64655,10
12.9958896637,80.2676391602,64655,64665,10
12.9956302643,80.2675323486,64665,64685,20
12.9956302643,80.2675323486,64685,64695,10
12.995639801,80.2674102783,64695,64706,11
12.9956502914,80.2672805786,64706,64716,10
12.9956703186,80.2672424316,64716,64726,10
12.9957103729,80.2668991089,64726,64736,10
12.9957799911,80.2661895752,64736,64746,10
12.9958696365,80.2654037476,64746,64756,10
12.9959497452,80.2646484375,64756,64766,10
12.9960403442,80.2638778687,64766,64776,10
12.9961004257,80.2632827759,64776,64786,10
12.9961595535,80.2625808716,64786,64806,20
12.9961595535,80.2625808716,64806,64817,11
12.9962100983,80.2621307373,64817,64827,10
12.9962797165,80.2617034912,64827,64837,10
12.9963598251,80.2609329224,64837,64847,10
12.9964799881,80.2595825195,64847,64867,20
12.9964799881,80.2595825195,64867,64877,10
12.9964799881,80.2594833374,64877,64887,10
12.9965000153,80.2593078613,64887,64897,10
12.9965696335,80.2588500977,64897,64907,10
12.9966497421,80.2579727173,64907,64917,10
12.9967803955,80.2569274902,64917,64927,10
12.9968204498,80.2563400269,64927,64978,51
12.9968204498,80.2563400269,64978,64988,10
12.9968996048,80.2561035156,64988,64998,10
12.9970598221,80.2558364868,64998,65008,10
12.9975004196,80.2558822632,65008,65018,10
12.9980802536,80.2559280396,65018,65028,10
12.9986200333,80.2559890747,65028,65068,40
12.9986200333,80.2559890747,65068,65079,11
12.9991397858,80.2561035156,65079,65089,10
12.9996404648,80.256187439,65089,65099,10
13.0002002716,80.2562866211,65099,65109,10
13.0008001328,80.256401062,65109,65119,10
13.0013599396,80.2565002441,65119,65129,10
13.0018596649,80.2566070557,65129,65139,10
13.0023498535,80.256690979,65139,65149,10
13.0027799606,80.2567672729,65149,65159,10
13.0033998489,80.2568969727,65159,65169,10
13.0040903091,80.257019043,65169,65179,10
13.0048303604,80.2571563721,65179,65190,11
13.0055599213,80.2573013306,65190,65199,9
13.0060596466,80.2573928833,65199,65210,11
13.0065097809,80.2572631836,65210,65220,10
13.0064601898,80.2565917969,65220,65229,9
13.0064496994,80.2557373047,65229,65240,11
13.0064601898,80.2549667358,65240,65250,10
13.0064601898,80.2541732788,65250,65260,10
13.0064697266,80.2540664673,65260,65270,10
13.0064897537,80.2532577515,65270,65290,20
13.0064897537,80.2532577515,65290,65300,10
13.0064601898,80.253036499,65300,65310,10
13.0064697266,80.2526931763,65310,65320,10
13.0064697266,80.2526779175,65320,65331,11
13.0064897537,80.2524108887,65331,65341,10
13.0066099167,80.2518615723,65341,65351,10
13.0067195892,80.251121521,65351,65361,10
13.0067195892,80.2502212524,65361,65371,10
13.0066995621,80.2495574951,65371,65381,10
13.0066795349,80.249420166,65381,65391,10
13.0066604614,80.2488632202,65391,65401,10
13.0066299438,80.2484283447,65401,65411,10
13.0066204071,80.2482833862,65411,65421,10
13.0065898895,80.2479934692,65421,65431,10
13.0066003799,80.247177124,65431,65452,21
13.0066003799,80.247177124,65452,65462,10
13.0066003799,80.2470397949,65462,65472,10
13.0065498352,80.246711731,65472,65482,10
13.0065498352,80.2466812134,65482,65492,10
13.0065803528,80.246383667,65492,65502,10
13.0066099167,80.2456436157,65502,65512,10
13.0066003799,80.244720459,65512,65522,10
13.0066003799,80.2441177368,65522,65532,10
13.0065803528,80.2435302734,65532,65542,10
13.0065498352,80.2427902222,65542,65552,10
13.006529808,80.2419509888,65552,65562,10
13.0065498352,80.2411804199,65562,65573,11
13.0066604614,80.2404022217,65573,65583,10
13.006819725,80.2396621704,65583,65593,10
13.006939888,80.2389602661,65593,65603,10
13.007109642,80.2381515503,65603,65613,10
13.0072603226,80.2375106812,65613,65623,10
13.0073204041,80.237197876,65623,65633,10
13.0073204041,80.2371902466,65633,65643,10
13.007349968,80.2369384766,65643,65653,10
13.0073795319,80.2367706299,65653,65663,10
13.0074100494,80.2366333008,65663,65673,10
13.0075397491,80.2361221313,65673,65683,10
13.0076799393,80.2354736328,65683,65693,10
13.0077600479,80.2350387573,65693,65704,11
13.007900238,80.234336853,65704,65714,10
13.0080900192,80.2333984375,65714,65724,10
13.0083198547,80.2322235107,65724,65734,10
13.0085496902,80.2310180664,65734,65744,10
13.0087900162,80.2297515869,65744,65754,10
13.0090398788,80.2284927368,65754,65764,10
13.0094099045,80.2274475098,65764,65774,10
13.0098800659,80.2264404297,65774,65784,10
13.0103197098,80.2255706787,65784,65794,10
13.0107498169,80.2247695923,65794,65804,10
13.0111904144,80.2236862183,65804,65825,21
13.0111904144,80.2236862183,65825,65835,10
13.0111198425,80.2235107422,65835,65845,10
13.0113096237,80.2230377197,65845,65855,10
13.0116596222,80.2223129272,65855,65865,10
13.0120401382,80.2214126587,65865,65875,10
13.0122804642,80.2214279175,65875,65885,10
13.0125198364,80.2217712402,65885,65895,10
13.0129995346,80.2223892212,65895,65905,10
13.0136003494,80.2230300903,65905,65915,10
13.0141401291,80.2234725952,65915,65925,10
13.0144195557,80.2238235474,65925,65935,10
13.014840126,80.224319458,65935,65946,11
13.015370369,80.224861145,65946,65956,10
13.0155200958,80.2249832153,65956,65966,10
13.0156097412,80.2250289917,65966,65976,10
13.0160198212,80.2253036499,65976,65986,10
13.0168600082,80.225151062,65986,65996,10
13.0178899765,80.2247467041,65996,66006,10
13.0187797546,80.2244033813,66006,66015,9
13.0193996429,80.2243728638,66015,66026,11
13.0194501877,80.2243881226,66026,66036,10
13.0195302963,80.2244567871,66036,66046,10
13.0197401047,80.2245483398,66046,66056,10
13.0201101303,80.2248077393,66056,66067,11
13.0206203461,80.2251815796,66067,66077,10
13.021109581,80.2255630493,66077,66087,10
13.021900177,80.2261276245,66087,66107,20
13.021900177,80.2261276245,66107,66117,10
13.0221595764,80.2263412476,66117,66127,10
13.0225296021,80.2266998291,66127,66137,10
13.0231199265,80.2272109985,66137,66147,10
13.0237903595,80.2277984619,66147,66157,10
13.0243301392,80.2284011841,66157,66167,10
13.0245895386,80.228767395,66167,66177,10
13.0246400833,80.2288284302,66177,66193,16
13.0246696472,80.2288894653,66193,66206,13
13.0250701904,80.2294387817,66206,66216,10
13.02546978,80.2299880981,66216,66226,10
13.0258998871,80.2307434082,66226,66236,10
13.0259599686,80.2309265137,66236,66246,10
13.02602005,80.2312088013,66246,66256,10
13.0263900757,80.2312469482,66256,66266,10
13.0270500183,80.2310714722,66266,66276,10
13.028459549,80.2308425903,66276,66306,30
13.028459549,80.2308425903,66306,66317,11
13.0290699005,80.230796814,66317,66327,10
13.0295801163,80.2307662964,66327,66347,20
13.0295801163,80.2307662964,66347,66357,10
13.0297803879,80.2307434082,66357,66367,10
13.0300102234,80.23072052,66367,66377,10
13.0302696228,80.2306976318,66377,66387,10
13.0303297043,80.2306900024,66387,66397,10
13.0305099487,80.230682373,66397,66407,10
13.0309801102,80.2306594849,66407,66425,18
13.0321397781,80.2305603027,66425,66438,13
13.0331201553,80.2304763794,66438,66466,28
13.0331201553,80.2304763794,66466,66478,12
13.0333204269,80.23046875,66478,66488,10
13.0334501266,80.23046875,66488,66498,10
13.0336503983,80.23046875,66498,66508,10
13.0336999893,80.23046875,66508,66518,10
13.0339803696,80.2304382324,66518,66528,10
13.0342798233,80.2303771973,66528,66639,111
13.0342798233,80.2303771973,66639,66649,10
13.0346403122,80.2303390503,66649,66659,10
13.0348596573,80.2304077148,66659,66669,10
13.0348796844,80.230796814,66669,66679,10
13.0348300934,80.231338501,66679,66690,11
13.0347700119,80.2320175171,66690,66700,10
13.0346899033,80.2327194214,66700,66710,10
13.0346298218,80.2332000732,66710,66720,10
13.0345697403,80.2336425781,66720,66730,10
13.0344896317,80.2343215942,66730,66740,10
13.0343999863,80.2350463867,66740,66750,10
13.034330368,80.2355880737,66750,66760,10
13.0342597961,80.2361907959,66760,66770,10
13.0342102051,80.2367630005,66770,66780,10
13.0342197418,80.2371826172,66780,66851,71
13.0342197418,80.2371826172,66851,66860,9
13.0341997147,80.2373199463,66860,66871,11
13.0344495773,80.237701416,66871,66881,10
13.0347003937,80.2381286621,66881,66891,10
13.0350399017,80.2386474609,66891,66901,10
13.035320282,80.2390594482,66901,66911,10
13.0357198715,80.2393188477,66911,66921,10
13.0362997055,80.2394104004,66921,66931,10
13.0370998383,80.2394714355,66931,66942,11
13.0379104614,80.2395629883,66942,66952,10
13.0386104584,80.2396392822,66952,66962,10
13.0391302109,80.2397232056,66962,66972,10
13.0396203995,80.2397994995,66972,66982,10
13.0401096344,80.2398605347,66982,66992,10
13.0403900146,80.2400588989,66992,67002,10
13.0403995514,80.2404403687,67002,67012,10
13.0407600403,80.2404937744,67012,67022,10
13.0409803391,80.2405319214,67022,67032,10
13.0411701202,80.2405700684,67032,67042,10
13.0417203903,80.2406234741,67042,67052,10
13.0424804688,80.2407226563,67052,67063,11
13.0435199738,80.2408676147,67063,67073,10
13.0441398621,80.2408065796,67073,67083,10
13.0444202423,80.2406082153,67083,67143,60
13.0444202423,80.2406082153,67143,67153,10
13.0446796417,80.2404785156,67153,67163,10
13.045129776,80.2401275635,67163,67173,10
13.0458297729,80.2396697998,67173,67183,10
13.0463600159,80.2395629883,67183,67194,11
13.0465097427,80.2396011353,67194,67204,10
13.0467700958,80.2396469116,67204,67214,10
13.0473003387,80.2397384644,67214,67224,10
13.0479602814,80.2398834229,67224,67234,10
13.0486001968,80.2400131226,67234,67244,10
13.0488996506,80.2400588989,67244,67254,10
13.0495004654,80.2401733398,67254,67264,10
13.0501403809,80.2403106689,67264,67274,10
13.0508098602,80.240447998,67274,67284,10
13.0511798859,80.2405319214,67284,67294,10
13.0511903763,80.2405319214,67294,67304,10
13.0515499115,80.2406082153,67304,67315,11
13.052280426,80.2407913208,67315,67345,30
13.052280426,80.2407913208,67345,67355,10
13.0523500443,80.240852356,67355,67365,10
13.0525102615,80.2413406372,67365,67375,10
13.0530195236,80.2417907715,67375,67385,10
13.0539703369,80.2421798706,67385,67415,30
13.0539703369,80.2421798706,67415,67426,11
13.0539903641,80.2422103882,67426,67436,10
13.0543603897,80.2422790527,67436,67446,10
13.0550403595,80.2422332764,67446,67456,10
13.0557498932,80.2422409058,67456,67466,10
13.0564804077,80.2425384521,67466,67506,40
13.0564804077,80.2425384521,67506,67516,10
13.0569000244,80.2425613403,67516,67526,10
13.0572004318,80.2427597046,67526,67536,10
13.0576601028,80.2427368164,67536,67546,10
13.0582504272,80.2426300049,67546,67556,10
13.0588798523,80.2425384521,67556,67567,11
13.0590801239,80.2425003052,67567,67577,10
13.0595197678,80.2425231934,67577,67587,10
13.0600004196,80.2427062988,67587,67597,10
13.0605201721,80.2428817749,67597,67607,10
13.0611200333,80.243057251,67607,67617,10
13.0617399216,80.2432022095,67617,67627,10
13.0624704361,80.2433013916,67627,67657,30
13.0624704361,80.2433013916,67657,67667,10
13.0628595352,80.2433776855,67667,67677,10
13.0634298325,80.2434616089,67677,67693,16
13.0644598007,80.2434997559,67693,67706,13
13.0656404495,80.2434768677,67706,67766,60
13.0656404495,80.2434768677,67766,67776,10
13.0659303665,80.2434234619,67776,67786,10
13.0663900375,80.2432785034,67786,67797,11
13.0670995712,80.2429962158,67797,67806,9
13.0676698685,80.2427597046,67806,67817,11
13.0685396194,80.2424926758,67817,67827,10
13.0692796707,80.2422027588,67827,67837,10
13.0699396133,80.2420196533,67837,67867,30
13.0699396133,80.2420196533,67867,67877,10
13.0701599121,80.2420425415,67877,67887,10
13.0703697205,80.2419586182,67887,67897,10
13.0708503723,80.2418136597,67897,67907,10
13.0714101791,80.241607666,67907,67917,10
13.0719099045,80.2413406372,67917,67927,10
13.0724201202,80.2409973145,67927,67938,11
13.0729799271,80.2407608032,67938,67948,10
13.0734901428,80.2406005859,67948,67958,10
13.074139595,80.2404632568,67958,67968,10
13.0749502182,80.2404403687,67968,67977,9
13.0757303238,80.2404327393,67977,67988,11
13.0765600204,80.2405014038,67988,67998,10
13.0770397186,80.2404022217,67998,68008,10
13.0769395828,80.2397918701,68008,68018,10
13.0767602921,80.2390289307,68018,68028,10
13.0765600204,80.23828125,68028,68038,10
13.0763597488,80.2372436523,68038,68059,21
13.0763597488,80.2372436523,68059,68069,10
13.0763998032,80.237197876,68069,68079,10
13.0762701035,80.2367477417,68079,68089,10
13.0761699677,80.236076355,68089,68099,10
13.0760402679,80.2353591919,68099,68109,10
13.0758600235,80.234588623,68109,68119,10
13.0757198334,80.2340393066,68119,68129,10
13.0759496689,80.2337722778,68129,68139,10
13.0764198303,80.2337112427,68139,68149,10
13.0766897202,80.2336578369,68149,68159,10
13.0767803192,80.2336425781,68159,68169,10
13.0772800446,80.233581543,68169,68180,11
13.0780601501,80.2334976196,68180,68190,10
13.0786399841,80.2334594727,68190,68200,10
13.0791702271,80.2334518433,68200,68210,10
13.0797796249,80.2334365845,68210,68220,10
13.0802497864,80.2334594727,68220,68230,10
13.0802602768,80.2334594727,68230,68240,10
13.0804195404,80.2334976196,68240,68256,16
13.081319809,80.2334823608,68256,68268,12
13.0818996429,80.2334594727,68268,68278,10
13.0819501877,80.2328796387,68278,68288,10
13.082159996,80.2320632935,68288,68298,10
13.0824098587,80.2313079834,68298,68308,10
13.0824403763,80.2312393188,68308,68319,11
13.0825996399,80.2308807373,68319,68329,10
13.0828104019,80.2305984497,68329,68338,9
13.0830602646,80.230796814,68338,68348,10
13.0831298828,80.2314910889,68348,68359,11
13.0832099915,80.2324371338,68359,68369,10
13.0833997726,80.2332229614,68369,68379,10
13.0834703445,80.2336807251,68379,68389,10
13.0834798813,80.2337417603,68389,68399,10
13.0837402344,80.2338409424,68399,68409,10
13.0839796066,80.2339172363,68409,68420,11
13.0839996338,80.2339172363,68420,68430,10
13.0841598511,80.2339401245,68430,68440,10
13.0843696594,80.2340011597,68440,68450,10
13.0845403671,80.234046936,68450,68460,10
13.0846300125,80.2340774536,68460,68470,10
13.0850496292,80.234161377,68470,68480,10
13.0858201981,80.234336853,68480,68490,10
13.0864496231,80.2344589233,68490,68500,10
13.0867595673,80.2344894409,68500,68510,10
13.087269783,80.2345123291,68510,68520,10
13.0878200531,80.2342529297,68520,68530,10
13.0878896713,80.2335662842,68530,68540,10
13.088060379,80.232711792,68540,68551,11
13.0883102417,80.2317428589,68551,68561,10
13.0885095596,80.2311019897,68561,68571,10
13.0887403488,80.2305603027,68571,68581,10
13.0887804031,80.2304916382,68581,68591,10
13.0888299942,80.2304229736,68591,68601,10
13.0889396667,80.230178833,68601,68611,10
13.0891895294,80.2297134399,68611,68621,10
13.089630127,80.2290725708,68621,68631,10
13.0902099609,80.2284393311,68631,68641,10
13.0908203125,80.2277984619,68641,68651,10
13.0913295746,80.2272415161,68651,68661,10
13.0913801193,80.2271881104,68661,68672,11
13.0914201736,80.2271194458,68672,68682,10
13.0917596817,80.2267990112,68682,68692,10
13.0922403336,80.2262878418,68692,68702,10
13.0928096771,80.2257537842,68702,68712,10
13.0931997299,80.2253112793,68712,68722,10
13.0932197571,80.2253036499,68722,68732,10
13.0933599472,80.2251434326,68732,68741,9
13.0935497284,80.2249069214,68741,68752,11
13.0938596725,80.2245483398,68752,68762,10
13.094329834,80.2239685059,68762,68772,10
13.0948801041,80.2231521606,68772,68782,10
13.0951900482,80.222366333,68782,68793,11
13.0952196121,80.2222900391,68793,68803,10
13.0953798294,80.2218933105,68803,68813,10
13.0956497192,80.2211608887,68813,68823,10
13.0959196091,80.220451355,68823,68833,10
13.0963001251,80.2193832397,68833,68863,30
13.0963001251,80.2193832397,68863,68873,10
13.0963697433,80.21925354,68873,68883,10
13.096449852,80.21900177,68883,68893,10
13.0965595245,80.2186203003,68893,68903,10
13.096739769,80.2180404663,68903,68913,10
13.097120285,80.2168731689,68913,68934,21
13.097120285,80.2168731689,68934,68944,10
13.0972795486,80.2164764404,68944,68954,10
13.0975103378,80.215927124,68954,68964,10
13.0978097916,80.2152175903,68964,68974,10
13.0980300903,80.2147598267,68974,68984,10
13.0980501175,80.2147216797,68984,68994,10
13.0981197357,80.2145614624,68994,69004,10
13.0981397629,80.2145080566,69004,69014,10
13.0982999802,80.2141723633,69014,69024,10
13.09856987,80.2138977051,69024,69034,10
13.09897995,80.2141189575,69034,69045,11
13.0994501114,80.2142410278,69045,69055,10
13.1001195908,80.2144165039,69055,69085,30
13.1001195908,80.2144165039,69085,69095,10
13.1004400253,80.2145233154,69095,69135,40
13.1004400253,80.2145233154,69135,69145,10
13.100520134,80.2147293091,69145,69155,10
13.1002902985,80.2152633667,69155,69166,11
13.1000003815,80.2159500122,69166,69176,10
13.0999002457,80.2160186768,69176,69186,10
13.0998497009,80.2158203125,69186,69196,10
13.0999403,80.2156219482,69196,69206,10
13.1000404358,80.2153625488,69206,69216,10
13.1001796722,80.214881897,69216,70365,1149
13.1001796722,80.214881897,70365,70375,10
13.1001901627,80.2145309448,70375,70385,10
13.0999803543,80.2144165039,70385,70395,10
13.0997400284,80.2143630981,70395,70406,11
13.0992097855,80.2142181396,70406,70416,10
13.098739624,80.214050293,70416,70426,10
13.0984201431,80.214012146,70426,70436,10
13.0982198715,80.2144699097,70436,70446,10
13.0979003906,80.2152099609,70446,70456,10
13.0976200104,80.2158889771,70456,70466,10
13.0973596573,80.2165679932,70466,70476,10
13.097319603,80.2166671753,70476,70486,10
13.0972995758,80.2167434692,70486,70496,10
13.0971603394,80.2170715332,70496,70506,10
13.0969200134,80.2177276611,70506,70516,10
13.0965595245,80.2188873291,70516,70537,21
13.0965595245,80.2188873291,70537,70547,10
13.0964002609,80.2193069458,70547,70557,10
13.0961799622,80.219909668,70557,70567,10
13.0959501266,80.2205505371,70567,70577,10
13.0957298279,80.2211608887,70577,70587,10
13.0955295563,80.2217712402,70587,70597,10
13.0953302383,80.2223434448,70597,70607,10
13.0950803757,80.2229766846,70607,70617,10
13.0945901871,80.223777771,70617,70627,10
13.0940904617,80.2244262695,70627,70643,16
13.0931596756,80.2254714966,70643,70655,12
13.0922403336,80.2264022827,70655,70666,11
13.0915002823,80.2271728516,70666,70676,10
13.0911598206,80.2275619507,70676,70696,20
13.0911598206,80.2275619507,70696,70705,9
13.0910997391,80.2276535034,70705,70716,11
13.0907001495,80.2280731201,70716,70726,10
13.0901699066,80.2286300659,70726,70736,10
13.0895996094,80.2292709351,70736,70746,10
13.0891599655,80.2299804688,70746,70756,10
13.0890398026,80.2302627563,70756,70766,10
13.0887804031,80.2308578491,70766,70787,21
13.0887804031,80.2308578491,70787,70797,10
13.0886697769,80.2311019897,70797,70807,10
13.08852005,80.2314605713,70807,70817,10
13.0882797241,80.2321395874,70817,70827,10
13.088060379,80.2331008911,70827,70837,10
13.0879402161,80.2341003418,70837,70847,10
13.0875396729,80.2345275879,70847,70857,10
13.0869398117,80.2345199585,70857,70867,10
13.0864095688,80.2344665527,70867,70877,10
13.0860395432,80.2343978882,70877,70887,10
13.0860300064,80.2343978882,70887,70897,10
13.0856599808,80.2342834473,70897,70914,17
13.0846395493,80.2340164185,70914,70926,12
13.0841197968,80.2339172363,70926,70936,10
13.0840396881,80.2339172363,70936,70946,10
13.0838899612,80.2338790894,70946,70955,9
13.0836200714,80.2338180542,70955,70966,11
13.0834703445,80.233833313,70966,70976,10
13.0832595825,80.2338027954,70976,70986,10
13.0829296112,80.2337493896,70986,70996,10
13.0823202133,80.233581543,70996,71016,20
13.0823202133,80.233581543,71016,71026,10
13.0820398331,80.2335205078,71026,71037,11
13.0815296173,80.2334823608,71037,71047,10
13.0809297562,80.2334671021,71047,71057,10
13.0803403854,80.2334899902,71057,71067,10
13.0795097351,80.2334518433,71067,71097,30
13.0795097351,80.2334518433,71097,71107,10
13.079199791,80.2334823608,71107,71117,10
13.0787601471,80.2334823608,71117,71127,10
13.0782203674,80.2335128784,71127,71137,10
13.0775203705,80.2335510254,71137,71148,11
13.0766296387,80.2336883545,71148,71158,10
13.0760002136,80.2338104248,71158,71168,10
13.075969696,80.2337875366,71168,71178,10
13.0757703781,80.2337722778,71178,71188,10
13.0757398605,80.2338180542,71188,71198,10
13.0757904053,80.2341003418,71198,71208,10
13.0759296417,80.2347183228,71208,71218,10
13.0761203766,80.2356185913,71218,71228,10
13.0764303207,80.237197876,71228,71258,30
13.0764303207,80.237197876,71258,71269,11
13.0765104294,80.2375106812,71269,71279,10
13.0766296387,80.2381286621,71279,71289,10
13.0768098831,80.2388763428,71289,71299,10
13.0769701004,80.2395477295,71299,71309,10
13.0771398544,80.240272522,71309,71319,10
13.0773000717,80.2409667969,71319,71329,10
13.0774097443,80.2416305542,71329,71339,10
13.0775899887,80.2423706055,71339,71349,10
13.0777196884,80.243270874,71349,71359,10
13.0777301788,80.2441329956,71359,71369,10
13.0778303146,80.245010376,71369,71379,10
13.0779104233,80.2461090088,71379,71389,10
13.0780801773,80.2470703125,71389,71400,11
13.0782699585,80.2479705811,71400,71410,10
13.0783996582,80.2485580444,71410,71420,10
13.0785303116,80.2490615845,71420,71430,10
13.0786399841,80.2496490479,71430,71440,10
13.0786600113,80.2501602173,71440,71450,10
13.0784397125,80.2506332397,71450,71460,10
13.0785303116,80.2513198853,71460,71470,10
13.078379631,80.2516021729,71470,71480,10
13.0780296326,80.2516708374,71480,71490,10
13.0774202347,80.2518005371,71490,71500,10
13.0767002106,80.2519226074,71500,71510,10
13.0758895874,80.2520828247,71510,71520,10
13.0751495361,80.2521362305,71520,71531,11
13.0745096207,80.2521820068,71531,71541,10
13.0739898682,80.2522201538,71541,71551,10
13.0735397339,80.2524032593,71551,71561,10
13.0728397369,80.2523269653,71561,71571,10
13.0722703934,80.2521362305,71571,71581,10
13.0720396042,80.2514877319,71581,71591,10
13.0719203949,80.2507781982,71591,71601,10
13.0718402863,80.2506027222,71601,71611,10
13.0717096329,80.2501220703,71611,71621,10
13.0715198517,80.2494812012,71621,71631,10
13.0714998245,80.2493515015,71631,71642,11
13.0714302063,80.2489624023,71642,71652,10
13.0713300705,80.2484130859,71652,71662,10
13.0711097717,80.2477111816,71662,71672,10
13.0708198547,80.2470321655,71672,71682,10
13.0706701279,80.2466964722,71682,71692,10
13.0704097748,80.2461776733,71692,71702,10
13.0700302124,80.2453536987,71702,71712,10
13.069609642,80.2442779541,71712,71722,10
13.0692796707,80.243309021,71722,71742,20
13.0692796707,80.243309021,71742,71752,10
13.0692596436,80.2431411743,71752,71763,11
13.0691795349,80.2426986694,71763,71773,10
13.0688199997,80.2424926758,71773,71783,10
13.068189621,80.2426376343,71783,71793,10
13.0673799515,80.2429122925,71793,71803,10
13.066619873,80.2432327271,71803,71813,10
13.0661001205,80.2436294556,71813,71823,10
13.0661296844,80.2441711426,71823,71833,10
13.0662603378,80.2449798584,71833,71843,10
13.0664196014,80.2457809448,71843,71853,10
13.0671300888,80.2461471558,71853,71862,9
13.0677499771,80.246421814,71862,71872,10
13.0678300858,80.2465209961,71872,71883,11
13.067899704,80.2469711304,71883,71894,11
13.0678701401,80.2476119995,71894,71903,9
13.0673799515,80.247833252,71903,71914,11
13.0664701462,80.2478027344,71914,71924,10
13.0656003952,80.2477264404,71924,71934,10
13.0646095276,80.2476501465,71934,71944,10
13.063659668,80.2476119995,71944,71954,10
13.0628204346,80.2475585938,71954,71964,10
13.0620803833,80.2474975586,71964,71974,10
13.0614795685,80.2472229004,71974,71983,9
13.0613603592,80.2468032837,71983,71994,11
13.0617303848,80.2463989258,71994,72004,10
13.0618400574,80.2458496094,72004,72015,11
13.0620803833,80.2451171875,72015,72025,10
13.0627098083,80.2446594238,72025,72035,10
13.0630702972,80.2442703247,72035,72045,10
13.063079834,80.2442626953,72045,72055,10
13.0632696152,80.2440032959,72055,72065,10
13.0633897781,80.2434997559,72065,72075,10
13.0632095337,80.2434234619,72075,72085,10
13.0629301071,80.2433700562,72085,72095,10
13.0625896454,80.2433013916,72095,72111,16
13.0622701645,80.2432403564,72111,72123,12
13.0619001389,80.2431716919,72123,72131,8
13.0617904663,80.2431564331,72131,72144,13
13.0612001419,80.243057251,72144,72154,10
13.0610599518,80.2430267334,72154,72164,10
13.0606603622,80.2428894043,72164,72172,8
13.0601797104,80.2427368164,72172,72186,14
13.0592603683,80.2424621582,72186,72196,10
13.0587997437,80.2425308228,72196,72206,10
13.0587797165,80.2425308228,72206,72216,10
13.0584697723,80.2425765991,72216,72226,10
13.0578403473,80.2426986694,72226,72236,10
13.0570898056,80.2427597046,72236,72246,10
13.0565795898,80.2425994873,72246,72256,10
13.0559597015,80.2423019409,72256,72280,24
13.0537099838,80.2421798706,72280,72302,22
13.0537099838,80.2421798706,72302,72312,10
13.0536603928,80.2421264648,72312,72322,10
13.0533800125,80.2419815063,72322,72332,10
13.0526895523,80.2416992188,72332,72342,10
13.0521402359,80.2410430908,72342,72352,10
13.0519599915,80.240737915,72352,72362,10
13.0516700745,80.2406387329,72362,72372,10
13.0512199402,80.240562439,72372,72382,10
13.0509595871,80.2405166626,72382,72393,11
13.050860405,80.2405014038,72393,72403,10
13.0503196716,80.2403793335,72403,72412,9
13.049659729,80.2402191162,72412,72424,12
13.0486402512,80.240020752,72424,72434,10
13.0481100082,80.2398986816,72434,72444,10
13.047539711,80.2397766113,72444,72454,10
13.0467700958,80.239616394,72454,72464,10
13.0461797714,80.239440918,72464,72474,10
13.0462398529,80.2390670776,72474,72484,10
13.0463695526,80.2384033203,72484,72494,10
13.0465297699,80.2376403809,72494,72504,10
13.0466499329,80.2369003296,72504,72515,11
13.0468397141,80.2361602783,72515,72525,10
13.0469303131,80.2358322144,72525,72535,10
13.0469703674,80.2356185913,72535,72545,10
13.0470199585,80.2352600098,72545,72555,10
13.0471000671,80.2346801758,72555,72565,10
13.0472097397,80.2336425781,72565,72575,10
13.0471897125,80.2330093384,72575,72585,10
13.0467100143,80.2330093384,72585,72595,10
13.0465202332,80.2329177856,72595,72605,10
13.0461196899,80.2328414917,72605,72615,10
13.0455198288,80.2326965332,72615,72625,10
13.0450897217,80.2325973511,72625,72636,11
13.0449800491,80.2325973511,72636,72646,10
13.0446100235,80.2324981689,72646,72656,10
13.0438604355,80.232383728,72656,72666,10
13.0431098938,80.2322998047,72666,72676,10
13.0424203873,80.2322998047,72676,72686,10
13.0416402817,80.232208252,72686,72696,10
13.0406398773,80.231918335,72696,72706,10
13.0396299362,80.2315979004,72706,72716,10
13.0386896133,80.2313308716,72716,72726,10
13.037779808,80.2309799194,72726,72736,10
13.0371198654,80.2307662964,72736,72746,10
13.0368499756,80.2306594849,72746,72763,17
13.0368204117,80.2306518555,72763,72775,12
13.0366296768,80.2305984497,72775,72785,10
13.0361995697,80.2304534912,72785,72795,10
13.0355596542,80.2303009033,72795,72805,10
13.035200119,80.2302322388,72805,72815,10
13.0346803665,80.2302627563,72815,72825,10
13.0343399048,80.2303619385,72825,72835,10
13.0341300964,80.2304000854,72835,72845,10
13.0339698792,80.2304077148,72845,72855,10
13.0336198807,80.2304229736,72855,72886,31
13.0336198807,80.2304229736,72886,72896,10
13.033539772,80.2304229736,72896,72906,10
13.0331897736,80.2304382324,72906,72916,10
13.0324401855,80.2305221558,72916,72926,10
13.0314798355,80.2306213379,72926,72936,10
13.0308599472,80.230682373,72936,72946,10
13.0304603577,80.2307128906,72946,72956,10
13.0299701691,80.2307662964,72956,72966,10
13.0297803879,80.2307891846,72966,72976,10
13.0297002792,80.230796814,72976,72986,10
13.0296401978,80.2308120728,72986,72996,10
13.0293598175,80.2308425903,72996,73007,11
13.0290002823,80.2308578491,73007,73017,10
13.0285196304,80.2309036255,73017,73027,10
13.0279197693,80.2309417725,73027,73037,10
13.0276098251,80.2310409546,73037,73047,10
13.0276298523,80.2314224243,73047,73057,10
13.027680397,80.2319107056,73057,73067,10
13.0277900696,80.2324295044,73067,73077,10
13.0277004242,80.2327575684,73077,73087,10
13.0272502899,80.2328491211,73087,73097,10
13.0269498825,80.2329101563,73097,73148,51
13.0269498825,80.2329101563,73148,73158,10
13.0266799927,80.2330169678,73158,73168,10
13.0263996124,80.2329101563,73168,73178,10
13.0262203217,80.232421875,73178,73188,10
13.0260400772,80.2317886353,73188,73198,10
13.0258398056,80.2311019897,73198,73208,10
13.0254497528,80.2301864624,73208,73218,10
13.0249099731,80.2294387817,73218,73228,10
13.024479866,80.2288894653,73228,73238,10
13.0240001678,80.2283172607,73238,73279,41
13.0240001678,80.2283172607,73279,73289,10
13.0238895416,80.228187561,73289,73299,10
13.0236797333,80.2279205322,73299,73309,10
13.0234003067,80.2276306152,73309,73319,10
13.0231304169,80.2273330688,73319,73329,10
13.0226898193,80.2269363403,73329,73339,10
13.0220899582,80.2264175415,73339,73349,10
13.0214195251,80.2258682251,73349,73359,10
13.0206403732,80.2252578735,73359,73369,10
13.0200796127,80.2248764038,73369,73380,11
13.0200595856,80.224861145,73380,73390,10
13.0198097229,80.2247009277,73390,73400,10
13.0192203522,80.2244415283,73400,73410,10
13.0185499191,80.2245101929,73410,73420,10
13.0179100037,80.2247695923,73420,73430,10
13.01720047,80.2250595093,73430,73440,10
13.0165395737,80.2253417969,73440,73450,10
13.0161399841,80.2254867554,73450,73460,10
13.0157499313,80.2256393433,73460,73470,10
13.0151700974,80.2258682251,73470,73480,10
13.014380455,80.2261810303,73480,73500,20
13.014380455,80.2261810303,73500,73511,11
13.0140600204,80.22631073,73511,73521,10
13.013420105,80.2265701294,73521,73537,16
13.0120601654,80.2270889282,73537,73549,12
13.0108203888,80.2275772095,73549,73559,10
13.0098199844,80.2279815674,73559,73569,10
13.0091199875,80.228477478,73569,73579,10
13.0088701248,80.2296600342,73579,73589,10
13.0086402893,80.2308578491,73589,73599,10
13.0084295273,80.2319564819,73599,73609,10
13.0082597733,80.2329025269,73609,73619,10
13.0082101822,80.2334823608,73619,73630,11
13.0081796646,80.2335891724,73630,73640,10
13.0080795288,80.2339172363,73640,73650,10
13.0079603195,80.2345199585,73650,73660,10
13.0077896118,80.2353515625,73660,73670,10
13.0075798035,80.2364273071,73670,73680,10
13.0073699951,80.2375030518,73680,73690,10
13.0071697235,80.2385482788,73690,73700,10
13.0069904327,80.2395019531,73700,73709,9
13.0068998337,80.2400436401,73709,73771,62
13.0068998337,80.2400436401,73771,73781,10
13.0069198608,80.2403717041,73781,73791,10
13.0068597794,80.2406997681,73791,73801,10
13.0068101883,80.2408218384,73801,73811,10
13.0067501068,80.2414016724,73811,73821,10
13.0066900253,80.2423019409,73821,73831,10
13.0066604614,80.2432632446,73831,73841,10
13.0066795349,80.2443237305,73841,73851,10
13.0066795349,80.2452774048,73851,73861,10
13.0067100525,80.2461090088,73861,73872,11
13.0067300797,80.246711731,73872,73882,10
13.0067396164,80.2472381592,73882,73892,10
13.0066900253,80.2479400635,73892,73902,10
13.0067396164,80.2487411499,73902,73912,10
13.0068397522,80.2494812012,73912,73922,10
13.0068397522,80.2495117188,73922,73932,10
13.0068397522,80.2497329712,73932,73942,10
13.0067996979,80.250038147,73942,73952,10
13.0068101883,80.250541687,73952,73962,10
13.0068101883,80.251159668,73962,73972,10
13.006770134,80.251449585,73972,73982,10
13.0066404343,80.2519378662,73982,73993,11
13.0065202713,80.2526779175,73993,74003,10
13.0065202713,80.253578186,74003,74013,10
13.0065803528,80.2546386719,74013,74023,10
13.0066003799,80.2550201416,74023,74033,10
13.0066003799,80.2551727295,74033,74043,10
13.0066099167,80.2557830811,74043,74053,10
13.0066003799,80.2564620972,74053,74063,10
13.0066204071,80.2568969727,74063,74073,10
13.0066604614,80.2570571899,74073,74083,10
13.0067195892,80.2573776245,74083,74093,10
13.0063695908,80.257522583,74093,74103,10
13.0059204102,80.2573928833,74103,74114,11
13.0051698685,80.2572174072,74114,74124,10
13.0043802261,80.2570571899,74124,74134,10
13.003660202,80.2568969727,74134,74144,10
13.0030202866,80.2567825317,74144,74154,10
13.0023202896,80.256652832,74154,74163,9
13.0020198822,80.2565994263,74163,74193,30
13.0020198822,80.2565994263,74193,74204,11
13.0018100739,80.2565689087,74204,74214,10
13.0011901855,80.2564926147,74214,74224,10
13.0000495911,80.2563171387,74224,74245,21
13.0000495911,80.2563171387,74245,74255,10
12.9999599457,80.2562789917,74255,74265,10
12.9994697571,80.2561798096,74265,74275,10
12.9990596771,80.256072998,74275,74285,10
12.9989995956,80.2560577393,74285,74295,10
12.9988698959,80.2560501099,74295,74305,10
12.9983797073,80.2559814453,74305,74315,10
12.9978303909,80.2559127808,74315,74325,10
12.997130394,80.2559127808,74325,74355,30
12.997130394,80.2559127808,74355,74366,11
12.9969596863,80.2559967041,74366,74376,10
12.9968595505,80.2569122314,74376,74406,30
12.9968595505,80.2569122314,74406,74416,10
12.9968299866,80.2571411133,74416,74426,10
12.9967699051,80.2576980591,74426,74436,10
12.9967002869,80.2582626343,74436,74446,10
12.9966402054,80.2589035034,74446,74456,10
12.9965696335,80.259437561,74456,74466,10
12.9965295792,80.2598876953,74466,74476,10
12.9964704514,80.260559082,74476,74486,10
12.9963903427,80.2612533569,74486,74497,11
12.9963502884,80.2618713379,74497,74506,9
12.9962596893,80.2624206543,74506,74527,21
12.9962596893,80.2624206543,74527,74537,10
12.9961500168,80.2628631592,74537,74547,10
12.9961299896,80.2633972168,74547,74557,10
12.9960603714,80.2640914917,74557,74567,10
12.9960002899,80.2648162842,74567,74577,10
12.9959602356,80.2652435303,74577,74587,10
12.995929718,80.26537323,74587,74597,10
12.9958696365,80.2659683228,74597,74607,10
12.9957199097,80.2674102783,74607,74658,51
12.9957199097,80.2674102783,74658,74668,10
12.9957103729,80.2675018311,74668,74678,10
12.9960298538,80.2676315308,74678,74688,10
12.9961900711,80.2676467896,74688,74698,10
12.9966096878,80.2676696777,74698,74708,10
12.9972200394,80.2675476074,74708,74718,10
12.9977302551,80.2674179077,74718,74728,10
12.9983797073,80.2672424316,74728,74739,11
12.9993200302,80.2669830322,74739,74749,10
12.9999799728,80.2667007446,74749,74759,10
13.0,80.2666931152,74759,74769,10
13.0000400543,80.2666320801,74769,74779,10
13.0001497269,80.2663803101,74779,74789,10
13.0002002716,80.2659072876,74789,74799,10
13.0002698898,80.2656784058,74799,74809,10
13.0003404617,80.2661514282,74809,75384,575
13.0003404617,80.2661514282,75384,75394,10
13.0003004074,80.2663574219,75394,75414,20
13.0003004074,80.2663574219,75414,75424,10
13.0003299713,80.2664718628,75424,75434,10
13.0003204346,80.2667236328,75434,75444,10
13.0000896454,80.2669067383,75444,75454,10
12.9995203018,80.2670516968,75454,75464,10
12.9988002777,80.2672576904,75464,75474,10
12.9983196259,80.2674026489,75474,75485,11
12.9979801178,80.2674789429,75485,75495,10
12.9977798462,80.2675170898,75495,75505,10
12.9972600937,80.2676696777,75505,75515,10
12.9966497421,80.2677612305,75515,75525,10
12.9964199066,80.2677612305,75525,75535,10
12.9961395264,80.2677230835,75535,75545,10
12.9960603714,80.2677001953,75545,75555,10
12.9958400726,80.2676696777,75555,75565,10
12.9956703186,80.2675323486,75565,75575,10
12.9956798553,80.2673416138,75575,75606,31
12.9956798553,80.2673416138,75606,75616,10
12.9956998825,80.2671966553,75616,75626,10
12.9957504272,80.2667236328,75626,75636,10
12.9958400726,80.26587677,75636,75646,10
12.9959497452,80.2649002075,75646,75656,10
12.9960298538,80.2641983032,75656,75666,10
12.9961099625,80.2635192871,75666,75676,10
12.9961595535,80.2630233765,75676,75686,10
12.9961996078,80.2626113892,75686,75696,10
12.9962100983,80.2625579834,75696,75706,10
12.996219635,80.2623596191,75706,75716,10
12.9962797165,80.2619018555,75716,75727,11
12.9963598251,80.2611465454,75727,75737,10
12.9964599609,80.2603683472,75737,75747,10
12.9965400696,80.2596206665,75747,75757,10
12.9965496063,80.2593765259,75757,75767,10
12.9965696335,80.2592926025,75767,75777,10
12.9966001511,80.2588577271,75777,75787,10
12.9966802597,80.258102417,75787,75797,10
12.9967803955,80.2571411133,75797,75807,10
12.9968395233,80.2563934326,75807,75827,20
12.9968395233,80.2563934326,75827,75837,10
12.9968795776,80.2560882568,75837,75848,11
12.9970598221,80.2558288574,75848,75858,10
12.997420311,80.2558517456,75858,75868,10
12.9979095459,80.2558822632,75868,75878,10
12.9988098145,80.2559814453,75878,75898,20
12.9988098145,80.2559814453,75898,75908,10
12.9989995956,80.2559967041,75908,75948,40
12.9989995956,80.2559967041,75948,75958,10
12.9992198944,80.2560577393,75958,75968,10
12.9996595383,80.2561416626,75968,75979,11
13.0002403259,80.2562332153,75979,75989,10
13.0009899139,80.2563781738,75989,75999,10
13.0017795563,80.2565078735,75999,76008,9
13.0023603439,80.2566223145,76008,76019,11
13.003080368,80.2567520142,76019,76029,10
13.0037403107,80.2568817139,76029,76039,10
13.0043497086,80.2570037842,76039,76049,10
13.0051603317,80.2571411133,76049,76059,10
13.0060396194,80.2572631836,76059,76069,10
13.0065698624,80.2572021484,76069,76079,10
13.0065002441,80.2566833496,76079,76089,10
13.0065002441,80.2558288574,76089,76099,10
13.0065202713,80.2550506592,76099,76110,11
13.0064897537,80.2541122437,76110,76140,30
13.0064897537,80.2541122437,76140,76150,10
13.0065097809,80.2538223267,76150,76160,10
13.0064897537,80.2531967163,76160,76180,20
13.0064897537,80.2531967163,76180,76190,10
13.0065097809,80.2529296875,76190,76231,41
13.0065097809,80.2529296875,76231,76241,10
13.0065202713,80.2526931763,76241,76251,10
13.0065202713,80.2524795532,76251,76301,50
13.0065202713,80.2524795532,76301,76311,10
13.0066900253,80.2518234253,76311,76372,61
13.0066900253,80.2518234253,76372,76382,10
13.0067195892,80.2516784668,76382,76392,10
13.0067796707,80.2511520386,76392,76402,10
13.0067596436,80.2503204346,76402,76412,10
13.0067195892,80.2494812012,76412,76422,10
13.0066604614,80.2485198975,76422,76432,10
13.0066204071,80.247833252,76432,76442,10
13.0066404343,80.2476577759,76442,76452,10
13.0066404343,80.2475280762,76452,76462,10
13.0066604614,80.2471618652,76462,76473,11
13.0065803528,80.2466506958,76473,76483,10
13.0065898895,80.2465362549,76483,76493,10
13.0066299438,80.2463912964,76493,76503,10
13.0066404343,80.2459869385,76503,76513,10
13.0066404343,80.2452392578,76513,76529,16
13.0066299438,80.243888855,76529,76541,12
13.0065498352,80.2432403564,76541,76549,8
13.0065402985,80.2426986694,76549,76561,12
13.0065402985,80.2418518066,76561,76571,10
13.0065603256,80.2415390015,76571,76581,10
13.0066404343,80.2409362793,76581,76591,10
13.0067396164,80.2402420044,76591,76601,10
13.0068397522,80.2396469116,76601,76612,11
13.0070400238,80.2387008667,76612,76622,10
13.0072402954,80.237739563,76622,76632,10
13.0073900223,80.2369766235,76632,76642,10
13.0074300766,80.2367019653,76642,76652,10
13.0074901581,80.2364883423,76652,76662,10
13.007610321,80.2359771729,76662,76672,10
13.0077295303,80.2353820801,76672,76682,10
13.0078802109,80.2346420288,76682,76692,10
13.0080699921,80.2336807251,76692,76702,10
13.0082798004,80.2325897217,76702,76712,10
13.0084400177,80.2317504883,76712,76723,11
13.0086803436,80.230506897,76723,76733,10
13.0089101791,80.2294616699,76733,76743,10
13.0090999603,80.2285232544,76743,76753,10
13.0093803406,80.2277297974,76753,76763,10
13.0097703934,80.2268829346,76763,76773,10
13.0101203918,80.2260894775,76773,76783,10
13.0104198456,80.2255172729,76783,76793,10
13.0107498169,80.2248535156,76793,76803,10
13.0110998154,80.2239837646,76803,76813,10
13.0113697052,80.2233200073,76813,76823,10
13.0116500854,80.222618103,76823,76833,10
13.0120000839,80.2216415405,76833,76844,11
13.0124397278,80.2215805054,76844,76854,10
13.0128097534,80.2221603394,76854,76864,10
13.0134401321,80.2228393555,76864,76874,10
13.0140600204,80.2235412598,76874,76884,10
13.0146598816,80.2242889404,76884,76894,10
13.0151700974,80.2247467041,76894,76903,9
13.0154600143,80.224899292,76903,76924,21
13.0154600143,80.224899292,76924,76934,10
13.0157203674,80.2250595093,76934,76944,10
13.0160398483,80.2252731323,76944,76954,10
13.0165300369,80.2252578735,76954,76965,11
13.0171699524,80.2250213623,76965,76975,10
13.0178604126,80.2247390747,76975,76985,10
13.0185203552,80.2244796753,76985,76995,10
13.0191402435,80.2243423462,76995,77005,10
13.0197200775,80.2244873047,77005,77015,10
13.0202598572,80.2248535156,77015,77025,10
13.0207700729,80.2251968384,77025,77035,10
13.021229744,80.2256088257,77035,77045,10
13.021900177,80.2260971069,77045,77075,30
13.021900177,80.2260971069,77075,77085,10
13.0219402313,80.2261428833,77085,77096,11
13.0222501755,80.2264328003,77096,77106,10
13.0227804184,80.2268981934,77106,77116,10
13.0233802795,80.2274932861,77116,77126,10
13.0239896774,80.2280883789,77126,77136,10
13.0245895386,80.2288894653,77136,77156,20
13.0245895386,80.2288894653,77156,77166,10
13.0247602463,80.2291488647,77166,77176,10
13.0252199173,80.2297210693,77176,77186,10
13.0257196426,80.2305297852,77186,77196,10
13.0259799957,80.231262207,77196,77206,10
13.0262403488,80.2313232422,77206,77217,11
13.0270004272,80.2311325073,77217,77227,10
13.027680397,80.2309799194,77227,77237,10
13.0283002853,80.2309036255,77237,77247,10
13.028380394,80.2309112549,77247,77257,10
13.0285596848,80.2309112549,77257,77267,10
13.0291204453,80.2308425903,77267,77277,10
13.0296401978,80.2307891846,77277,77287,10
13.0303497314,80.2307281494,77287,77297,10
13.0308904648,80.2306900024,77297,77307,10
13.0313796997,80.2306365967,77307,77317,10
13.0321302414,80.2305831909,77317,77327,10
13.0328598022,80.2305297852,77327,77338,11
13.0337200165,80.2304611206,77338,77348,10
13.0341796875,80.2304000854,77348,77408,60
13.0344600677,80.2303771973,77408,77438,30
13.0344600677,80.2303771973,77438,77448,10
13.0347003937,80.2303619385,77448,77459,11
13.0349197388,80.2306213379,77459,77469,10
13.0348596573,80.2311630249,77469,77479,10
13.0347604752,80.2317962646,77479,77489,10
13.0346803665,80.2324523926,77489,77499,10
13.0346298218,80.232963562,77499,77509,10
13.0345697403,80.2333221436,77509,77519,10
13.0345001221,80.2338027954,77519,77529,10
13.0344295502,80.2343521118,77529,77539,10
13.0343503952,80.2350921631,77539,77549,10
13.034239769,80.2359695435,77549,77559,10
13.0341501236,80.2369232178,77559,77569,10
13.0342102051,80.2373123169,77569,77579,10
13.0342502594,80.2374267578,77579,77590,11
13.0345001221,80.2378463745,77590,77600,10
13.0347604752,80.23828125,77600,77610,10
13.0351200104,80.2388305664,77610,77620,10
13.0354404449,80.2392883301,77620,77630,10
13.035949707,80.2393417358,77630,77640,10
13.0365400314,80.2394104004,77640,77650,10
13.0371799469,80.2394714355,77650,77660,10
13.0378704071,80.2395706177,77660,77670,10
13.0384998322,80.2396621704,77670,77680,10
13.0391197205,80.2397384644,77680,77690,10
13.0396900177,80.2398223877,77690,77700,10
13.0401096344,80.2398834229,77700,77721,21
13.0401096344,80.2398834229,77721,77731,10
13.0403604507,80.2400817871,77731,77741,10
13.0403604507,80.2404327393,77741,77751,10
13.0405597687,80.2404937744,77751,77761,10
13.0409202576,80.2405166626,77761,77791,30
13.0409202576,80.2405166626,77791,77801,10
13.0412101746,80.2405700684,77801,77811,10
13.0418300629,80.2406616211,77811,77821,10
13.0426998138,80.2407836914,77821,77832,11
13.0437898636,80.2409210205,77832,77842,10
13.0446300507,80.2404098511,77842,77872,30
13.0446300507,80.2404098511,77872,77882,10
13.0447797775,80.2401733398,77882,77892,10
13.0451402664,80.239982605,77892,77902,10
13.04570961,80.239616394,77902,77912,10
13.0462703705,80.2394332886,77912,77922,10
13.0464801788,80.2395019531,77922,77932,10
13.0467195511,80.2395935059,77932,77942,10
13.0473804474,80.2397232056,77942,77952,10
13.0482997894,80.2399291992,77952,77963,11
13.0492801666,80.2401199341,77963,77973,10
13.0496997833,80.2402114868,77973,77983,10
13.0501203537,80.2403030396,77983,77993,10
13.0507698059,80.2404403687,77993,78003,10
13.0513296127,80.2405471802,78003,78019,16
13.0524196625,80.2408676147,78019,78031,12
13.0525302887,80.2413711548,78031,78039,8
13.0526504517,80.2416229248,78039,78051,12
13.0530796051,80.2418136597,78051,78061,10
13.054019928,80.2421875,78061,78082,21
13.054019928,80.2421875,78082,78092,10
13.0541601181,80.2422180176,78092,78102,10
13.054400444,80.2422485352,78102,78111,9
13.0546503067,80.2422485352,78111,78122,11
13.0549297333,80.2422180176,78122,78133,11
13.055560112,80.2421798706,78133,78143,10
13.0563602448,80.2425079346,78143,78153,10
13.0566196442,80.2425765991,78153,78163,10
13.05671978,80.2425765991,78163,78173,10
13.0570201874,80.24269104,78173,78183,10
13.0576400757,80.2427215576,78183,78193,10
13.0582895279,80.2425994873,78193,78204,11
13.0589895248,80.2424621582,78204,78214,10
13.059630394,80.2425231934,78214,78224,10
13.060259819,80.2427520752,78224,78234,10
13.0608596802,80.2429504395,78234,78244,10
13.0611801147,80.2430267334,78244,78254,10
13.0617303848,80.2431411743,78254,78264,10
13.0623703003,80.2432403564,78264,78274,10
13.0624599457,80.2432632446,78274,78284,10
13.0626001358,80.2433013916,78284,78294,10
13.0628795624,80.2433700562,78294,78304,10
13.0634403229,80.2434234619,78304,78314,10
13.0639801025,80.2434463501,78314,78330,16
13.0653896332,80.2435073853,78330,78373,43
13.0653896332,80.2435073853,78373,78383,10
13.0656995773,80.2434616089,78383,78393,10
13.0659799576,80.2434616089,78393,78403,10
13.0663299561,80.2433319092,78403,78413,10
13.066740036,80.2431793213,78413,78423,10
13.0672101974,80.242980957,78423,78433,10
13.0677995682,80.242729187,78433,78443,10
13.068570137,80.2425079346,78443,78454,11
13.069270134,80.2422180176,78454,78464,10
13.0699596405,80.2420272827,78464,78484,20
13.0699596405,80.2420272827,78484,78494,10
13.0700397491,80.2420425415,78494,78504,10
13.0704298019,80.2419433594,78504,78514,10
13.0710000992,80.2417526245,78514,78524,10
13.0717401505,80.2414016724,78524,78534,10
13.0723695755,80.2409820557,78534,78544,10
13.0730800629,80.2406997681,78544,78554,10
13.073800087,80.2405014038,78554,78564,10
13.0745897293,80.2404327393,78564,78575,11
13.0755300522,80.2404174805,78575,78585,10
13.0764198303,80.2404632568,78585,78595,10
13.0770397186,80.2404785156,78595,78605,10
13.0770797729,80.2400512695,78605,78615,10
13.0768899918,80.2393188477,78615,78625,10
13.0766201019,80.238319397,78625,78635,10
13.0764598846,80.237411499,78635,78655,20
13.0764598846,80.237411499,78655,78665,10
13.0763998032,80.2372512817,78665,78675,10
13.0762395859,80.2367019653,78675,78685,10
13.0761203766,80.2358932495,78685,78695,10
13.0759801865,80.2350616455,78695,78706,11
13.0757703781,80.2342681885,78706,78716,10
13.0757598877,80.2338867188,78716,78726,10
13.0761203766,80.2337417603,78726,78736,10
13.0766401291,80.2336578369,78736,78746,10
13.0768404007,80.2336273193,78746,78756,10
13.0770397186,80.2336196899,78756,78766,10
13.0775499344,80.2335586548,78766,78776,10
13.0781698227,80.2335281372,78776,78786,10
13.0788097382,80.2334899902,78786,78796,10
13.0794296265,80.2334899902,78796,78806,10
13.0803203583,80.2334823608,78806,78827,21
13.0803203583,80.2334823608,78827,78837,10
13.0805797577,80.2334594727,78837,78847,10
13.0812101364,80.2334976196,78847,78857,10
13.0818004608,80.2335128784,78857,78867,10
13.0819597244,80.2330627441,78867,78877,10
13.0820903778,80.2323608398,78877,78887,10
13.0823202133,80.2316207886,78887,78897,10
13.0825796127,80.2310180664,78897,78907,10
13.0829200745,80.2305908203,78907,78917,10
13.0831098557,80.2309494019,78917,78927,10
13.0831699371,80.2320632935,78927,78937,10
13.0834302902,80.2332992554,78937,78988,51
13.0834302902,80.2332992554,78988,78998,10
13.0834999084,80.2337265015,78998,79008,10
13.0839796066,80.2339019775,79008,79038,30
13.0839796066,80.2339019775,79038,79048,10
13.0844697952,80.2339782715,79048,79058,10
13.0848798752,80.2340621948,79058,79068,10
13.0855703354,80.2342224121,79068,79079,11
13.086139679,80.2343597412,79079,79089,10
13.0866098404,80.2344818115,79089,79099,10
13.087100029,80.2345428467,79099,79109,10
13.0878095627,80.2342834473,79109,79119,10
13.0879602432,80.2334976196,79119,79129,10
13.0881795883,80.2324676514,79129,79139,10
13.0884799957,80.2313766479,79139,79149,10
13.0888500214,80.2304534912,79149,79168,19
13.0888500214,80.2304534912,79168,79178,10
13.0889501572,80.2302627563,79178,79189,11
13.0892801285,80.2296066284,79189,79200,11
13.0899801254,80.228729248,79200,79210,10
13.0908002853,80.2278671265,79210,79220,10
13.0913801193,80.2271881104,79220,79240,20
13.0913801193,80.2271881104,79240,79250,10
13.0915803909,80.2269973755,79250,79260,10
13.0920095444,80.2265625,79260,79270,10
13.0925998688,80.2259521484,79270,79280,10
13.0932197571,80.2253112793,79280,79290,10
13.0935697556,80.224937439,79290,79300,10
13.0940303802,80.2244033813,79300,79310,10
13.094619751,80.2235717773,79310,79321,11
13.095199585,80.2224807739,79321,79331,10
13.095580101,80.2214736938,79331,79341,10
13.0959501266,80.2203979492,79341,79351,10
13.0961704254,80.2197113037,79351,79361,10
13.0961904526,80.2196502686,79361,79371,10
13.0962696075,80.2194595337,79371,79381,10
13.0964403152,80.2190170288,79381,79391,10
13.0965795517,80.2186431885,79391,79401,10
13.0967597961,80.2180709839,79401,79411,10
13.0971298218,80.2169723511,79411,79442,31
13.0971298218,80.2169723511,79442,79452,10
13.097240448,80.2167205811,79452,79462,10
13.0974502563,80.2161636353,79462,79472,10
13.0977897644,80.2153625488,79472,79482,10
13.0983495712,80.2141113281,79482,79542,60
13.0983495712,80.2141113281,79542,79552,10
13.0984802246,80.2139587402,79552,79563,11
13.0988702774,80.2140808105,79563,79573,10
13.0993995667,80.2142562866,79573,79583,10
13.1001996994,80.2144622803,79583,79613,30
13.1001996994,80.2144622803,79613,79623,10
13.1003103256,80.2145004272,79623,79633,10
13.1005296707,80.21459198,79633,79643,10
13.1005001068,80.214881897,79643,79653,10
13.1002101898,80.2155303955,79653,79663,10
13.0999403,80.2161407471,79663,79673,10
13.0996904373,80.2167892456,79673,79683,10
13.0994997025,80.2175064087,79683,79694,11
13.0993404388,80.2183380127,79694,79704,10
13.0992298126,80.219078064,79704,79713,9
13.0991802216,80.2194137573,79713,79724,11
13.0990800858,80.2199630737,79724,79734,10
13.0989398956,80.2206420898,79734,79743,9
13.0987701416,80.2215194702,79743,79754,11
13.0987195969,80.2226104736,79754,79764,10
13.0991802216,80.2235336304,79764,79774,10
13.0995998383,80.2242279053,79774,79784,10
13.0997896194,80.2249679565,79784,79794,10
13.0998497009,80.2254180908,79794,79804,10
13.0999298096,80.2260284424,79804,79815,11
13.0999803543,80.2268981934,79815,79825,10
13.1000204086,80.2276687622,79825,79835,10
13.0999403,80.2283401489,79835,79845,10
13.0998497009,80.2288284302,79845,79855,10
13.0997695923,80.2293014526,79855,79865,10
13.0996704102,80.2297897339,79865,79875,10
13.0995397568,80.2302932739,79875,79885,10
13.099439621,80.230682373,79885,79895,10
13.0993995667,80.2307662964,79895,79905,10
13.099240303,80.2311477661,79905,79915,10
13.0989599228,80.2318267822,79915,79925,10
13.0987501144,80.2325134277,79925,79935,10
13.0986204147,80.2331314087,79935,79946,11
13.0985498428,80.233757019,79946,79956,10
13.0985002518,80.2343673706,79956,79966,10
13.098400116,80.2351379395,79966,79976,10
13.098279953,80.2358779907,79976,79986,10
13.0981798172,80.2364196777,79986,79996,10
13.0980997086,80.2369308472,79996,80006,10
13.0980195999,80.2373809814,80006,80016,10
13.0979204178,80.2378768921,80016,80026,10
13.097820282,80.2384414673,80026,80036,10
13.0977401733,80.2389907837,80036,80046,10
13.0976800919,80.2396469116,80046,80057,11
13.0976104736,80.2405319214,80057,80067,10
13.0975198746,80.2413635254,80067,80077,10
13.0974197388,80.2419815063,80077,80087,10
13.0974302292,80.2420578003,80087,80097,10
13.0977697372,80.2422027588,80097,80107,10
13.0981998444,80.2422866821,80107,80117,10
13.0985298157,80.2422866821,80117,80127,10
13.0986700058,80.2421875,80127,80137,10
13.0987195969,80.2419967651,80137,80147,10
13.0987796783,80.2416992188,80147,80157,10
13.0988101959,80.2415084839,80157,80167,10
13.0988702774,80.2412414551,80167,80580,413
13.0988702774,80.2412414551,80580,80590,10
13.09897995,80.241027832,80590,80600,10
13.0990200043,80.2407302856,80600,80610,10
13.0988798141,80.2404708862,80610,80660,50
13.0988798141,80.2403106689,80660,80812,152
13.0988798141,80.2403106689,80812,80822,10
13.0990495682,80.2401885986,80822,80832,10
13.0990695953,80.2405776978,80832,80842,10
13.0990495682,80.2408905029,80842,80852,10
