13.0756998062,80.275352478,11,748,737
13.0757598877,80.2753219604,748,1041,293
13.0757303238,80.2752075195,1041,3828,2787
13.0759296417,80.2753677368,3828,4051,223
13.0757799149,80.2752532959,4051,9494,5443
13.0757799149,80.2752532959,9494,9504,10
13.0758495331,80.2753601074,9504,9978,474
13.0754203796,80.2753601074,9978,10009,31
13.0752000809,80.2752609253,10009,10029,20
13.0752000809,80.2752609253,10029,10039,10
13.0756397247,80.2753829956,10039,10130,91
13.0757598877,80.2753982544,10130,10301,171
13.0757598877,80.2753982544,10301,10312,11
13.0759897232,80.2753601074,10312,10806,494
13.075750351,80.2752685547,10806,12796,1990
13.0756998062,80.2752304077,12796,13250,454
13.0756797791,80.2754211426,13250,15744,2494
13.0758895874,80.2753829956,15744,15775,31
13.0758895874,80.2753829956,15775,15785,10
13.0758399963,80.2752380371,15785,16714,929
13.0758399963,80.2752380371,16714,16724,10
13.075920105,80.2752838135,16724,20681,3957
13.0759096146,80.2752914429,20681,20703,22
13.0759096146,80.2752914429,20703,20713,10
13.0757703781,80.2751617432,20713,21329,616
13.0757703781,80.2751617432,21329,21339,10
13.0757598877,80.2751464844,21339,21349,10
13.0757799149,80.2749862671,21349,21359,10
13.0756597519,80.2749023438,21359,21389,30
13.0756597519,80.2749023438,21389,21400,11
13.0758600235,80.275138855,21400,21410,10
13.0758895874,80.2751998901,21410,21420,10
13.0759096146,80.2753829956,21420,21430,10
13.0760002136,80.2756271362,21430,21440,10
13.076089859,80.2758789063,21440,21470,30
13.0760297775,80.2759780884,21470,22157,687
13.0760297775,80.2759780884,22157,22167,10
13.0759401321,80.275932312,22167,22177,10
13.0759000778,80.2760314941,22177,22187,10
13.0759296417,80.276222229,22187,22197,10
13.0759401321,80.2762298584,22197,22207,10
13.076210022,80.2762832642,22207,22218,11
13.0767297745,80.2762527466,22218,22228,10
13.0774202347,80.2761993408,22228,22238,10
13.0781097412,80.2760391235,22238,22248,10
13.0783901215,80.2753601074,22248,22258,10
13.0790596008,80.2751464844,22258,22268,10
13.0798301697,80.2752914429,22268,22278,10
13.0806398392,80.2752304077,22278,22288,10
13.0814599991,80.2751464844,22288,22318,30
13.0814599991,80.2751464844,22318,22329,11
13.081580162,80.2751617432,22329,22339,10
13.0819101334,80.2752532959,22339,22349,10
13.0820198059,80.2755584717,22349,22359,10
13.0820302963,80.2758865356,22359,22369,10
13.0818901062,80.2760772705,22369,22379,10
13.0818996429,80.2765884399,22379,22389,10
13.0819797516,80.2771682739,22389,22399,10
13.0819797516,80.2773132324,22399,22409,10
13.0820598602,80.2777786255,22409,22480,71
13.0820598602,80.2777786255,22480,22490,10
13.082159996,80.27784729,22490,22500,10
13.0822000504,80.2781829834,22500,22510,10
13.0821895599,80.2784194946,22510,22520,10
13.0820102692,80.2782516479,22520,22531,11
13.0819396973,80.2776870728,22531,22541,10
13.0818500519,80.2772674561,22541,22551,10
13.0817604065,80.2765808105,22551,22561,10
13.0816202164,80.2758331299,22561,22571,10
13.0815095901,80.2753601074,22571,22581,10
13.0812196732,80.2752075195,22581,22591,10
13.0807600021,80.2752609253,22591,22601,10
13.0801296234,80.2753372192,22601,22611,10
13.0794496536,80.2753219604,22611,22621,10
13.0787801743,80.275177002,22621,22632,11
13.0782299042,80.2758102417,22632,22642,10
13.0776796341,80.2762374878,22642,22652,10
13.0768203735,80.2762908936,22652,22662,10
13.0761299133,80.2763214111,22662,22672,10
13.0759401321,80.2763137817,22672,22682,10
13.0758895874,80.276260376,22682,22692,10
13.0759801865,80.2758026123,22692,22722,30
13.0759401321,80.2756729126,22722,22753,31
13.0757799149,80.2754974365,22753,23712,959
13.0757799149,80.2754974365,23712,23722,10
13.0759401321,80.2757492065,23722,23753,31
13.0759401321,80.2757492065,23753,23763,10
13.075969696,80.2759399414,23763,23773,10
13.0759601593,80.2759780884,23773,23783,10
13.0759296417,80.2761383057,23783,23793,10
13.0761804581,80.2762832642,23793,23803,10
13.0767297745,80.2762527466,23803,23813,10
13.0774402618,80.2761993408,23813,23823,10
13.0781097412,80.2760620117,23823,23833,10
13.07833004,80.2754592896,23833,23842,9
13.0788602829,80.2751235962,23842,23854,12
13.0797796249,80.2752838135,23854,23864,10
13.0805997849,80.2752304077,23864,23874,10
13.0810098648,80.2751922607,23874,24025,151
13.0810098648,80.2751922607,24025,24035,10
13.0816602707,80.2752227783,24035,24076,41
13.0816602707,80.2752227783,24076,24086,10
13.0817203522,80.275642395,24086,24096,10
13.0817699432,80.275970459,24096,24106,10
13.0818300247,80.2762374878,24106,24116,10
13.0818996429,80.2769088745,24116,24126,10
13.0819997787,80.2777404785,24126,24136,10
13.0820999146,80.2782363892,24136,24146,10
13.082110405,80.2782516479,24146,24156,10
13.0821399689,80.2786026001,24156,24167,11
13.0821895599,80.2793426514,24167,24177,10
13.082280159,80.2803421021,24177,24187,10
13.0823802948,80.2813720703,24187,24197,10
13.0826597214,80.2819519043,24197,24207,10
13.0835199356,80.2824478149,24207,24217,10
13.0844402313,80.2830810547,24217,24227,10
13.0850296021,80.2836532593,24227,24237,10
13.0853900909,80.2837905884,24237,24247,10
13.0856800079,80.2835617065,24247,24257,10
13.0860996246,80.2835693359,24257,24268,11
13.0864496231,80.2837524414,24268,24278,10
13.0868597031,80.2839431763,24278,24288,10
13.0873804092,80.2839202881,24288,24298,10
13.08796978,80.2838973999,24298,24419,121
13.08796978,80.2838973999,24419,24429,10
13.088139534,80.2838668823,24429,24439,10
13.0881700516,80.2837600708,24439,24449,10
13.0882902145,80.2835388184,24449,24459,10
13.0883598328,80.2831802368,24459,24470,11
13.0883398056,80.2824630737,24470,24480,10
13.088259697,80.2819595337,24480,24490,10
13.088139534,80.2814331055,24490,24500,10
13.0885801315,80.281578064,24500,24510,10
13.0885000229,80.2821807861,24510,24520,10
13.0884199142,80.282699585,24520,24530,10
13.0883903503,80.2829818726,24530,24540,10
13.0883998871,80.283493042,24540,24550,10
13.0884304047,80.2842712402,24550,24560,10
13.088470459,80.2849502563,24560,24571,11
13.0885295868,80.2856369019,24571,24581,10
13.088549614,80.2863006592,24581,24591,10
13.0885400772,80.2865829468,24591,24601,10
13.0885896683,80.2871627808,24601,24611,10
13.0886201859,80.2875137329,24611,24621,10
13.0886697769,80.2879714966,24621,24631,10
13.0887298584,80.2885284424,24631,24641,10
13.0887498856,80.2889175415,24641,24651,10
13.0887899399,80.2896270752,24651,24661,10
13.088809967,80.2899627686,24661,24671,10
13.0888004303,80.2901077271,24671,24682,11
13.0886602402,80.2904129028,24682,24692,10
13.088139534,80.2901382446,24692,24702,10
13.0874595642,80.2898178101,24702,24712,10
13.0867395401,80.2895584106,24712,24722,10
13.0858201981,80.2893218994,24722,24732,10
13.0849399567,80.2890930176,24732,24742,10
13.0839300156,80.2891464233,24742,24752,10
13.0831003189,80.2891769409,24752,24762,10
13.082280159,80.2888565063,24762,24772,10
13.0813503265,80.2885284424,24772,24783,11
13.0802602768,80.2882080078,24783,24793,10
13.079079628,80.2879104614,24793,24803,10
13.0779104233,80.2875289917,24803,24813,10
13.0767803192,80.2872467041,24813,24823,10
13.0756101608,80.2869110107,24823,24833,10
13.0747699738,80.2864074707,24833,24843,10
13.0736703873,80.2860107422,24843,24853,10
13.0725803375,80.2855072021,24853,24863,10
13.0713396072,80.2851409912,24863,24873,10
13.0700302124,80.2847976685,24873,24884,11
13.068570137,80.2844619751,24884,24894,10
13.0673103333,80.2842330933,24894,24904,10
13.0660104752,80.2839279175,24904,24914,10
13.0647001266,80.2836380005,24914,24924,10
13.0634098053,80.2833175659,24924,24934,10
13.0621500015,80.2830123901,24934,24944,10
13.0608596802,80.2827377319,24944,24954,10
13.0595397949,80.2824707031,24954,24964,10
13.0582504272,80.2822036743,24964,24975,11
13.0574102402,80.282043457,24975,24985,10
13.0567502975,80.2819137573,24985,24995,10
13.0563497543,80.2818222046,24995,25005,10
13.055680275,80.2816619873,25005,25015,10
13.0547199249,80.2814788818,25015,25025,10
13.0535202026,80.2812576294,25025,25035,10
13.0522403717,80.2810668945,25035,25045,10
13.0510196686,80.2808837891,25045,25055,10
13.0497903824,80.2807006836,25055,25065,10
13.048500061,80.2805099487,25065,25075,10
13.047249794,80.2803421021,25075,25086,11
13.0459098816,80.2801513672,25086,25096,10
13.0446395874,80.2799835205,25096,25106,10
13.0437498093,80.2798614502,25106,25116,10
13.0435600281,80.2798309326,25116,25126,10
13.0431003571,80.2797164917,25126,25136,10
13.0423002243,80.279548645,25136,25146,10
13.0413999557,80.2793807983,25146,25156,10
13.0403699875,80.2791824341,25156,25166,10
13.0393896103,80.2789382935,25166,25176,10
13.0390195847,80.2788314819,25176,25187,11
13.0387897491,80.2787399292,25187,25197,10
13.0384502411,80.2786407471,25197,25207,10
13.0379295349,80.2784729004,25207,25217,10
13.0371704102,80.2782516479,25217,25227,10
13.0363197327,80.2779464722,25227,25237,10
13.035369873,80.2777633667,25237,25247,10
13.0342798233,80.2775421143,25247,25257,10
13.033249855,80.2774581909,25257,25267,10
13.0323095322,80.2775497437,25267,25277,10
13.0315504074,80.2776107788,25277,25288,11
13.0306301117,80.2771224976,25288,25298,10
13.0297203064,80.2767410278,25298,25308,10
13.0287599564,80.2764511108,25308,25318,10
13.0278196335,80.2760772705,25318,25328,10
13.0267601013,80.2755889893,25328,25338,10
13.0257196426,80.275138855,25338,25348,10
13.0246601105,80.2746582031,25348,25358,10
13.0240602493,80.2740325928,25358,25368,10
13.0234003067,80.2731170654,25368,25378,10
13.0226297379,80.2720870972,25378,25389,11
13.0217103958,80.2709121704,25389,25399,10
13.0208797455,80.2698669434,25399,25409,10
13.0201597214,80.2689285278,25409,25419,10
13.0193395615,80.2679672241,25419,25429,10
13.0186901093,80.2669906616,25429,25439,10
13.0185899734,80.2660598755,25439,25449,10
13.0187301636,80.2654266357,25449,25459,10
13.018989563,80.2645187378,25459,25469,10
13.0190000534,80.2635574341,25469,25479,10
13.0189399719,80.263168335,25479,25489,10
13.0188598633,80.2624206543,25489,25500,11
13.018699646,80.2613830566,25500,25510,10
13.0179595947,80.2608184814,25510,25520,10
13.016960144,80.2601470947,25520,25530,10
13.0158700943,80.2595367432,25530,25540,10
13.0146799088,80.2593078613,25540,25550,10
13.013420105,80.259262085,25550,25560,10
13.0121498108,80.2592163086,25560,25570,10
13.0110197067,80.2592010498,25570,25580,10
13.0098400116,80.2592163086,25580,25590,10
13.0088596344,80.2591629028,25590,25601,11
13.0085296631,80.2591705322,25601,25611,10
13.0078802109,80.2592773438,25611,25621,10
13.0073699951,80.2589797974,25621,25631,10
13.0069198608,80.2581100464,25631,25641,10
13.0061302185,80.2574996948,25641,25651,10
13.0051002502,80.2572097778,25651,25661,10
13.0040302277,80.256980896,25661,25671,10
13.0031604767,80.2568130493,25671,25681,10
13.0021600723,80.2566299438,25681,25691,10
13.0011997223,80.2565002441,25691,25702,11
13.0001497269,80.2563171387,25702,25712,10
12.9992904663,80.2561721802,25712,25722,10
12.9985103607,80.2560424805,25722,25732,10
12.9977302551,80.2559280396,25732,25742,10
12.9973697662,80.2559127808,25742,25752,10
12.9969100952,80.2558898926,25752,25762,10
12.9964199066,80.2558822632,25762,25772,10
12.995639801,80.2558898926,25772,25782,10
12.994720459,80.2559127808,25782,25792,10
12.9935703278,80.2559967041,25792,25803,11
12.9922103882,80.256072998,25803,25813,10
12.9910097122,80.2560195923,25813,25823,10
12.9899902344,80.2560119629,25823,25833,10
12.9890298843,80.2559585571,25833,25843,10
12.9884700775,80.2558898926,25843,25883,40
12.9884700775,80.2558898926,25883,25893,10
12.9882097244,80.2558288574,25893,25904,11
12.987739563,80.2557830811,25904,25914,10
12.9870595932,80.2556686401,25914,25924,10
12.9863700867,80.2555465698,25924,25934,10
12.9857597351,80.2554321289,25934,25944,10
12.9850301743,80.2552566528,25944,25954,10
12.9842996597,80.2550811768,25954,25964,10
12.9834604263,80.2548522949,25964,25974,10
12.9826402664,80.2546234131,25974,25984,10
12.9820899963,80.2542877197,25984,25994,10
12.9818601608,80.253616333,25994,26005,11
12.9815702438,80.2528610229,26005,26015,10
12.9809103012,80.2527923584,26015,26025,10
12.9801702499,80.2527618408,26025,26035,10
12.9791898727,80.2526473999,26035,26045,10
12.978219986,80.252281189,26045,26055,10
12.9773101807,80.2515411377,26055,26065,10
12.976099968,80.2511062622,26065,26075,10
12.9748401642,80.2507400513,26075,26085,10
12.9735403061,80.2503662109,26085,26095,10
12.9722700119,80.250038147,26095,26105,10
12.9709796906,80.2496871948,26105,26116,11
12.9696998596,80.2492294312,26116,26126,10
12.9686899185,80.2488174438,26126,26136,10
12.9678001404,80.2484664917,26136,26146,10
12.9668998718,80.2480773926,26146,26156,10
12.965929985,80.2476196289,26156,26166,10
12.9648895264,80.247253418,26166,26176,10
12.9638996124,80.246887207,26176,26186,10
12.9631500244,80.2465591431,26186,26196,10
12.9621400833,80.2460708618,26196,26206,10
12.9609899521,80.2455062866,26206,26217,11
12.9596500397,80.2448730469,26217,26227,10
12.9583997726,80.2443237305,26227,26237,10
12.9576797485,80.2440490723,26237,26247,10
12.9563999176,80.2436065674,26247,26267,20
12.9563999176,80.2436065674,26267,26277,10
12.9562797546,80.2435836792,26277,26287,10
12.9557600021,80.2433319092,26287,26297,10
12.9549798965,80.2429580688,26297,26307,10
12.9540300369,80.2425613403,26307,26318,11
12.9527702332,80.2420196533,26318,26328,10
12.9515304565,80.2415771484,26328,26338,10
12.9502096176,80.2411727905,26338,26348,10
12.9490995407,80.2408370972,26348,26358,10
12.9486999512,80.2406692505,26358,26368,10
12.94810009,80.2404022217,26368,26378,10
12.947259903,80.2400436401,26378,26388,10
12.9462404251,80.2396087646,26388,26398,10
12.9451503754,80.2390289307,26398,26407,9
12.9443302155,80.2381896973,26407,26419,12
12.943189621,80.2369918823,26419,26429,10
12.9419498444,80.2363510132,26429,26439,10
12.940580368,80.2360076904,26439,26449,10
12.9393796921,80.2355728149,26449,26459,10
12.9381999969,80.2349777222,26459,26469,10
12.9369602203,80.234413147,26469,26479,10
12.9358997345,80.2339324951,26479,26489,10
12.9355697632,80.2342071533,26489,26499,10
12.9353199005,80.2349319458,26499,26510,11
12.9351501465,80.2354431152,26510,26520,10
12.9349498749,80.2354507446,26520,26530,10
12.9348602295,80.2354125977,26530,26540,10
12.9344596863,80.2352294922,26540,26550,10
12.9339704514,80.2350082397,26550,26560,10
12.9337797165,80.2353515625,26560,26570,10
12.9336204529,80.2359695435,26570,26580,10
12.9334802628,80.2362213135,26580,26590,10
12.9331102371,80.2361221313,26590,26600,10
12.9329996109,80.2361526489,26600,26610,10
12.932970047,80.2363815308,26610,26621,11
12.9329299927,80.236579895,26621,26631,10
12.9327898026,80.2370834351,26631,26641,10
12.9326696396,80.237411499,26641,26651,10
12.9323997498,80.2380371094,26651,26661,10
12.932220459,80.23853302,26661,26671,10
12.931889534,80.2387771606,26671,26681,10
12.9312496185,80.2385635376,26681,26691,10
12.9310703278,80.2385025024,26691,26701,10
12.9305496216,80.2383117676,26701,26711,10
12.9298200607,80.23802948,26711,26722,11
12.9295597076,80.2381134033,26722,26732,10
12.9295597076,80.2381820679,26732,26742,10
12.9294395447,80.2385482788,26742,26752,10
12.929309845,80.2389907837,26752,26762,10
12.9290704727,80.2390289307,26762,26772,10
12.9285898209,80.238899231,26772,26782,10
12.9279403687,80.2387313843,26782,26792,10
12.9272003174,80.2385482788,26792,26802,10
12.9263801575,80.2383499146,26802,26812,10
12.9255800247,80.2381210327,26812,26822,10
12.9255199432,80.2383117676,26822,26903,81
12.9255199432,80.2383117676,26903,26913,10
12.9258003235,80.2382125854,26913,26923,10
12.9261903763,80.2382583618,26923,26934,11
12.9269599915,80.2384719849,26934,26944,10
12.9282503128,80.2388000488,26944,26964,20
12.9282503128,80.2388000488,26964,26974,10
12.9283800125,80.2388381958,26974,26984,10
12.9288797379,80.2389602661,26984,26994,10
12.9293203354,80.2389907837,26994,27004,10
12.9294300079,80.2386703491,27004,27014,10
12.9295797348,80.2381286621,27014,27024,10
12.9298095703,80.237991333,27024,27035,11
12.9304599762,80.238243103,27035,27045,10
12.9311304092,80.2384872437,27045,27065,20
12.9311304092,80.2384872437,27065,27075,10
12.9314002991,80.2386016846,27075,27085,10
12.9317798615,80.2387084961,27085,27095,10
12.932220459,80.2386322021,27095,27105,10
12.932299614,80.2384033203,27105,27115,10
12.9324197769,80.2380523682,27115,27125,10
12.9326601028,80.2374420166,27125,27136,11
12.9327602386,80.2371292114,27136,27146,10
12.9329204559,80.2367172241,27146,27156,10
12.9329996109,80.2361984253,27156,27166,10
12.9332895279,80.2361602783,27166,27176,10
12.9336004257,80.2360687256,27176,27186,10
12.9337301254,80.2355728149,27186,27196,10
12.9338598251,80.2350769043,27196,27206,10
12.934009552,80.234992981,27206,27216,10
12.9341096878,80.2350463867,27216,27226,10
12.9344396591,80.235206604,27226,27237,11
12.9349603653,80.2354278564,27237,27247,10
12.9351301193,80.2354431152,27247,27257,10
12.9352302551,80.2352218628,27257,27267,10
12.9353904724,80.2347793579,27267,27277,10
12.9355897903,80.2342681885,27277,27287,10
12.9357700348,80.2338867188,27287,27317,30
12.9357700348,80.2338867188,27317,27327,10
12.9360599518,80.2338180542,27327,27338,11
12.9366998672,80.2341384888,27338,27348,10
12.9374799728,80.2345199585,27348,27358,10
12.9384698868,80.2350082397,27358,27368,10
12.9395103455,80.2355270386,27368,27378,10
12.9397802353,80.2356567383,27378,27388,10
12.9399995804,80.2357635498,27388,27398,10
12.9406099319,80.2359466553,27398,27408,10
12.9414396286,80.2361526489,27408,27418,10
12.9424695969,80.2364425659,27418,27428,10
12.9434499741,80.2370834351,27428,27439,11
12.9443902969,80.2380981445,27439,27449,10
12.945309639,80.2390365601,27449,27459,10
12.9464902878,80.2396621704,27459,27469,10
12.9473199844,80.239982605,27469,27479,10
12.9474096298,80.2400283813,27479,27489,10
12.9478302002,80.2402191162,27489,27499,10
12.9485502243,80.2405014038,27499,27509,10
12.9494304657,80.2408828735,27509,27519,10
12.9505195618,80.2411804199,27519,27529,10
12.9511499405,80.2413635254,27529,27539,10
12.9515399933,80.2415084839,27539,27550,11
12.9523000717,80.2418136597,27550,27560,10
12.9531803131,80.2421569824,27560,27570,10
12.9542503357,80.2425994873,27570,27580,10
12.9550695419,80.2429122925,27580,27590,10
12.9557800293,80.2431716919,27590,27600,10
12.9563798904,80.2433624268,27600,27610,10
12.9565401077,80.2434005737,27610,27620,10
12.956990242,80.243598938,27620,27630,10
12.9577198029,80.2439498901,27630,27640,10
12.9586000443,80.2443084717,27640,27651,11
12.9589796066,80.244468689,27651,27661,10
12.9591398239,80.2445678711,27661,27671,10
12.9596796036,80.2448120117,27671,27681,10
12.9604501724,80.2451629639,27681,27691,10
12.9614496231,80.2456283569,27691,27701,10
12.9625301361,80.2461776733,27701,27711,10
12.9635400772,80.2466812134,27711,27721,10
12.964630127,80.2471008301,27721,27731,10
12.965760231,80.2474822998,27731,27741,10
12.9664497375,80.2477493286,27741,27752,11
12.9665603638,80.2478027344,27752,27762,10
12.966919899,80.2480010986,27762,27772,10
12.967590332,80.2483291626,27772,27782,10
12.9685001373,80.2487182617,27782,27792,10
12.9696102142,80.2491531372,27792,27802,10
12.9707899094,80.2495880127,27802,27812,10
12.9720697403,80.2499389648,27812,27822,10
12.9733800888,80.2502822876,27822,27832,10
12.9746999741,80.2506332397,27832,27842,10
12.9760303497,80.2510070801,27842,27853,11
12.9773902893,80.2514572144,27853,27863,10
12.9781703949,80.2520599365,27863,27873,10
12.9784297943,80.2522506714,27873,27883,10
12.9785699844,80.2523498535,27883,27893,10
12.9796199799,80.2526016235,27893,27913,20
12.9796199799,80.2526016235,27913,27923,10
12.979640007,80.2526092529,27923,27933,10
12.9800100327,80.2526626587,27933,27943,10
12.9805297852,80.2526702881,27943,27954,11
12.9813604355,80.2526473999,27954,27964,10
12.9823703766,80.2526321411,27964,27974,10
12.983590126,80.2525024414,27974,27984,10
12.9848499298,80.2521591187,27984,27994,10
12.986120224,80.2518081665,27994,28004,10
12.9873304367,80.2514572144,28004,28024,20
12.9873304367,80.2514572144,28024,28034,10
12.9877004623,80.2513580322,28034,28043,9
12.9879703522,80.2516708374,28043,28055,12
12.9880504608,80.2523269653,28055,28065,10
12.9879598618,80.2533111572,28065,28075,10
12.987859726,80.2544937134,28075,28085,10
12.9878396988,80.2551116943,28085,28095,10
12.9877996445,80.2554321289,28095,28105,10
12.9877901077,80.2557830811,28105,28115,10
12.988240242,80.2558670044,28115,28125,10
12.9885702133,80.2558898926,28125,28135,10
12.9886798859,80.2558898926,28135,28145,10
12.989159584,80.2559509277,28145,28156,11
12.9900197983,80.2560195923,28156,28166,10
12.990819931,80.2560195923,28166,28176,10
12.9917697906,80.2560577393,28176,28186,10
12.9929504395,80.2560501099,28186,28196,10
12.9939203262,80.2559890747,28196,28206,10
12.9940795898,80.2559814453,28206,28216,10
12.9942998886,80.2559661865,28216,28226,10
12.9948101044,80.2559204102,28226,28236,10
12.9956102371,80.2558898926,28236,28246,10
12.9966096878,80.2558898926,28246,28257,11
12.9972000122,80.2558822632,28257,28267,10
12.9978303909,80.2559204102,28267,28277,10
12.9986095428,80.2560119629,28277,28287,10
12.99903965,80.2560424805,28287,28297,10
12.9990596771,80.2560501099,28297,28307,10
12.9992904663,80.2561035156,28307,28317,10
12.9997797012,80.256187439,28317,28327,10
13.0004901886,80.2563400269,28327,28337,10
13.0010099411,80.256439209,28337,28347,10
13.0015296936,80.2565231323,28347,28356,9
13.0019702911,80.2566070557,28356,28368,12
13.0027198792,80.2567367554,28368,28378,10
13.0033798218,80.2568664551,28378,28388,10
13.0040397644,80.2570037842,28388,28398,10
13.004699707,80.2571182251,28398,28408,10
13.0054798126,80.257270813,28408,28418,10
13.0062799454,80.2574386597,28418,28428,10
13.006939888,80.2577514648,28428,28438,10
13.0073795319,80.258430481,28438,28448,10
13.0082902908,80.2588806152,28448,28459,11
13.008600235,80.2590026855,28459,28469,10
13.0088396072,80.2590713501,28469,28479,10
13.0094604492,80.2590866089,28479,28489,10
13.0103998184,80.2590866089,28489,28499,10
13.0115699768,80.2590713501,28499,28509,10
13.0128002167,80.2591094971,28509,28519,10
13.0140895844,80.2591629028,28519,28529,10
13.0153102875,80.2592010498,28529,28539,10
13.0162401199,80.2595214844,28539,28549,10
13.0163898468,80.2596282959,28549,28559,10
13.0165901184,80.2598114014,28559,28570,11
13.0172100067,80.2602386475,28570,28580,10
13.0180101395,80.2607803345,28580,28590,10
13.0188798904,80.2614212036,28590,28600,10
13.0194702148,80.2619934082,28600,28610,10
13.0200500488,80.2625808716,28610,28620,10
13.0203104019,80.2629928589,28620,28630,10
13.0198001862,80.2629928589,28630,28640,10
13.0191297531,80.2629623413,28640,28650,10
13.0190601349,80.2634277344,28650,28660,10
13.0191402435,80.2642364502,28660,28671,11
13.0188903809,80.2652282715,28671,28681,10
13.0187902451,80.2656021118,28681,28691,10
13.018699646,80.2662811279,28691,28701,10
13.0188598633,80.2671890259,28701,28711,10
13.0194997787,80.268081665,28711,28721,10
13.0202198029,80.2689819336,28721,28731,10
13.0208797455,80.2697677612,28731,28741,10
13.0214195251,80.2703781128,28741,28751,10
13.0215101242,80.2704925537,28751,28761,10
13.0217199326,80.2707595825,28761,28772,11
13.022190094,80.2713699341,28772,28782,10
13.022769928,80.2721328735,28782,28792,10
13.0234699249,80.2730636597,28792,28802,10
13.0239400864,80.2736663818,28802,28852,50
13.0239400864,80.2736663818,28852,28863,11
13.0240497589,80.2737884521,28863,28873,10
13.0243902206,80.2742919922,28873,28883,10
13.0251302719,80.2747879028,28883,28893,10
13.0254898071,80.2749328613,28893,28903,10
13.0256500244,80.2750091553,28903,28913,10
13.0261898041,80.2752914429,28913,28923,10
13.0269298553,80.2756195068,28923,28933,10
13.0277900696,80.276008606,28933,28943,10
13.0285396576,80.2763290405,28943,28953,10
13.0292701721,80.2765884399,28953,28963,10
13.030090332,80.2768173218,28963,28974,11
13.0308799744,80.2772216797,28974,28984,10
13.0316495895,80.2775497437,28984,28994,10
13.0325098038,80.2774810791,28994,29004,10
13.032790184,80.2774734497,29004,29014,10
13.0328197479,80.2774887085,29014,29024,10
13.0332698822,80.2774429321,29024,29034,10
13.0340299606,80.2774429321,29034,29044,10
13.0348997116,80.2776489258,29044,29054,10
13.0358104706,80.2778167725,29054,29064,10
13.0364704132,80.2779693604,29064,29074,10
13.0372800827,80.2782592773,29074,29085,11
13.0385103226,80.2785797119,29085,29095,10
13.0389900208,80.278717041,29095,29105,10
13.0390796661,80.2787475586,29105,29115,10
13.0394296646,80.2788619995,29115,29125,10
13.0401201248,80.2790603638,29125,29135,10
13.0410804749,80.279296875,29135,29145,10
13.0422496796,80.2794570923,29145,29155,10
13.0430803299,80.279510498,29155,29165,10
13.0432195663,80.2795181274,29165,29175,10
13.0435400009,80.2796478271,29175,29186,11
13.0443096161,80.2798614502,29186,29196,10
13.0453195572,80.2800064087,29196,29206,10
13.0457801819,80.2800674438,29206,29216,10
13.0460596085,80.2801208496,29216,29226,10
13.0467395782,80.2802276611,29226,29236,10
13.0476999283,80.2803573608,29236,29246,10
13.0488700867,80.2805328369,29246,29256,10
13.0500602722,80.280708313,29256,29266,10
13.051199913,80.2808609009,29266,29276,10
13.052280426,80.2810287476,29276,29287,11
13.0534200668,80.281211853,29287,29297,10
13.054599762,80.2814102173,29297,29307,10
13.0557203293,80.2816390991,29307,29317,10
13.0564699173,80.2817764282,29317,29327,10
13.0564804077,80.2817764282,29327,29337,10
13.0565299988,80.281829834,29337,29347,10
13.057009697,80.2819290161,29347,29357,10
13.0573797226,80.2820205688,29357,29367,10
13.0577802658,80.2820968628,29367,29377,10
13.0585803986,80.2822570801,29377,29388,11
13.059800148,80.2825088501,29388,29398,10
13.0610399246,80.2827606201,29398,29408,10
13.0623197556,80.2830505371,29408,29418,10
13.0635099411,80.2833023071,29418,29428,10
13.0641698837,80.283416748,29428,29438,10
13.0649795532,80.2836227417,29438,29448,10
13.0661201477,80.2838821411,29448,29458,10
13.0674104691,80.2841567993,29458,29468,10
13.0687303543,80.2844085693,29468,29478,10
13.0700597763,80.2847290039,29478,29489,11
13.0713100433,80.2850723267,29489,29499,10
13.0725297928,80.2853393555,29499,29509,10
13.0737895966,80.2854385376,29509,29519,10
13.0746803284,80.2862625122,29519,29529,10
13.0757198334,80.2868728638,29529,29539,10
13.0768699646,80.2872390747,29539,29549,10
13.0781297684,80.2875213623,29549,29559,10
13.0793600082,80.2879562378,29559,29569,10
13.0805397034,80.288230896,29569,29579,10
13.0813398361,80.288482666,29579,29590,11
13.0825195313,80.2889099121,29590,29600,10
13.0836896896,80.2891693115,29600,29610,10
13.0848197937,80.2891387939,29610,29620,10
13.0861597061,80.2893295288,29620,29630,10
13.0873603821,80.289680481,29630,29640,10
13.0883398056,80.2901000977,29640,29650,10
13.0888795853,80.2902069092,29650,29680,30
13.0888795853,80.2902069092,29680,29691,11
13.0888395309,80.2904129028,29691,29701,10
13.08852005,80.2903671265,29701,29711,10
13.0878801346,80.2900466919,29711,29721,10
13.0869398117,80.2897491455,29721,29731,10
13.0860004425,80.2895126343,29731,29741,10
13.0855197906,80.2890014648,29741,29751,10
13.0851697922,80.2881393433,29751,29761,10
13.0851802826,80.2869110107,29761,29771,10
13.0853004456,80.2855682373,29771,29781,10
13.0853099823,80.2844467163,29781,29791,10
13.0853395462,80.2839584351,29791,29802,11
13.0855398178,80.2835464478,29802,29812,10
13.0858402252,80.283531189,29812,29822,10
13.0862903595,80.2835617065,29822,29832,10
13.0866203308,80.2838134766,29832,29842,10
13.0871095657,80.2839279175,29842,29852,10
13.0874900818,80.2839279175,29852,29872,20
13.0874900818,80.2839279175,29872,29882,10
13.0878801346,80.2839202881,29882,29913,31
13.0878801346,80.2839202881,29913,29923,10
13.0880203247,80.2839431763,29923,29933,10
13.0881595612,80.2838668823,29933,31134,1201
13.0881595612,80.2838668823,31134,31145,11
13.0880498886,80.2838897705,31145,31155,10
13.0881204605,80.2837295532,31155,31165,10
13.0881996155,80.2835464478,31165,31175,10
13.0882997513,80.2833023071,31175,31185,10
13.0883102417,80.2828903198,31185,31195,10
13.0882797241,80.2824172974,31195,31205,10
13.0882396698,80.2820892334,31205,31215,10
13.0880804062,80.281578064,31215,31225,10
13.0881900787,80.2813873291,31225,31236,11
13.0885295868,80.2815933228,31236,31246,10
13.0884799957,80.2820510864,31246,31256,10
13.0883798599,80.282623291,31256,31266,10
13.088350296,80.2832565308,31266,31276,10
13.0883903503,80.2839889526,31276,31286,10
13.0884504318,80.2847976685,31286,31296,10
13.0884799957,80.2853088379,31296,31306,10
13.08852005,80.2857894897,31306,31316,10
13.088549614,80.2863388062,31316,31326,10
13.088549614,80.2866134644,31326,31337,11
13.0885801315,80.2872085571,31337,31347,10
13.0886201859,80.2875366211,31347,31357,10
13.0886602402,80.2879180908,31357,31367,10
13.0887203217,80.2885437012,31367,31377,10
13.0887498856,80.2887878418,31377,31387,10
13.0888204575,80.2893218994,31387,31397,10
13.0888204575,80.2894210815,31397,31407,10
13.088809967,80.2896575928,31407,31417,10
13.0888395309,80.2901763916,31417,31427,10
13.0886602402,80.2904815674,31427,31437,10
13.0881099701,80.2901611328,31437,31448,11
13.0872602463,80.2897415161,31448,31458,10
13.0862598419,80.2893981934,31458,31468,10
13.0851297379,80.2891998291,31468,31478,10
13.0841302872,80.2891998291,31478,31488,10
13.0832595825,80.2892303467,31488,31498,10
13.0823802948,80.2889404297,31498,31508,10
13.081489563,80.2885971069,31508,31518,10
13.0806398392,80.2883605957,31518,31528,10
13.0803003311,80.2882614136,31528,31538,10
13.080039978,80.2882003784,31538,31547,9
13.0794801712,80.2880935669,31547,31559,12
13.0785303116,80.2876968384,31559,31569,10
13.0775995255,80.2874984741,31569,31579,10
13.0765600204,80.2871932983,31579,31589,10
13.0755300522,80.2868728638,31589,31599,10
13.074760437,80.2863998413,31599,31609,10
13.0737895966,80.2860107422,31609,31619,10
13.0729198456,80.285697937,31619,31629,10
13.0718803406,80.2852783203,31629,31639,10
13.0706996918,80.2849807739,31639,31650,11
13.0693302155,80.28465271,31650,31660,10
13.0681295395,80.2843933105,31660,31670,10
13.0669202805,80.2841720581,31670,31680,10
13.0656795502,80.2838897705,31680,31690,10
13.0644903183,80.2836227417,31690,31700,10
13.0634498596,80.2833480835,31700,31710,10
13.0625696182,80.2831497192,31710,31720,10
13.0624904633,80.2831192017,31720,31730,10
13.0621404648,80.2830200195,31730,31740,10
13.0614795685,80.2828674316,31740,31751,11
13.0605201721,80.2826766968,31751,31761,10
13.0594501495,80.2824630737,31761,31771,10
13.0583095551,80.2822265625,31771,31781,10
13.0576696396,80.282119751,31781,31791,10
13.0572795868,80.2820205688,31791,31801,10
13.0567398071,80.2819137573,31801,31811,10
13.0566902161,80.2818984985,31811,31821,10
13.0562696457,80.2818069458,31821,31831,10
13.0555295944,80.2816619873,31831,31841,10
13.0545797348,80.281463623,31841,31851,10
13.0534601212,80.2812576294,31851,31862,11
13.0524101257,80.2811203003,31862,31872,10
13.0513801575,80.2809371948,31872,31882,10
13.050359726,80.2807998657,31882,31892,10
13.0492401123,80.280632019,31892,31902,10
13.0480499268,80.280456543,31902,31911,9
13.0469503403,80.2803192139,31911,31922,11
13.0457897186,80.2801589966,31922,31932,10
13.0456695557,80.2801513672,31932,31942,10
13.0454397202,80.2801208496,31942,31952,10
13.0448598862,80.2800369263,31952,31963,11
13.0439996719,80.2799224854,31963,31973,10
13.0435495377,80.2798614502,31973,31993,20
13.0435495377,80.2798614502,31993,32003,10
13.043510437,80.2798461914,32003,32013,10
13.0431098938,80.2797470093,32013,32023,10
13.0424003601,80.2795791626,32023,32033,10
13.041469574,80.2794113159,32033,32043,10
13.0403795242,80.2791824341,32043,32053,10
13.0390901566,80.2788619995,32053,32074,21
13.0390901566,80.2788619995,32074,32084,10
13.0389204025,80.2787704468,32084,32094,10
13.038479805,80.2786102295,32094,32104,10
13.0377902985,80.2784118652,32104,32114,10
13.0372495651,80.2782592773,32114,32124,10
13.0365600586,80.2780303955,32124,32134,10
13.0357398987,80.2778320313,32134,32144,10
13.0348796844,80.277633667,32144,32154,10
13.034040451,80.2774429321,32154,32165,11
13.0333003998,80.2773971558,32165,32175,10
13.0324802399,80.2774810791,32175,32185,10
13.0316295624,80.2775802612,32185,32195,10
13.0310697556,80.2773590088,32195,32205,10
13.0309000015,80.2772674561,32205,32225,20
13.0309000015,80.2772674561,32225,32235,10
13.0306997299,80.2771835327,32235,32245,10
13.0302000046,80.2769012451,32245,32255,10
13.0294704437,80.2766571045,32255,32265,10
13.0287399292,80.2764511108,32265,32276,11
13.0282201767,80.276222229,32276,32286,10
13.0276098251,80.275970459,32286,32296,10
13.0267601013,80.2755889893,32296,32306,10
13.0260400772,80.2752609253,32306,32316,10
13.025970459,80.2752304077,32316,32326,10
13.0259199142,80.275177002,32326,32336,10
13.0256004333,80.2750473022,32336,32346,10
13.0250301361,80.2747879028,32346,32356,10
13.0243701935,80.2743606567,32356,32366,10
13.0242099762,80.2741928101,32366,32376,10
13.0239801407,80.2738800049,32376,32387,11
13.0235500336,80.2732696533,32387,32397,10
13.0230398178,80.2725830078,32397,32406,9
13.0224704742,80.2718505859,32406,32417,11
13.0217199326,80.2708816528,32417,32427,10
13.0210800171,80.2701034546,32427,32437,10
13.0208501816,80.2698516846,32437,32447,10
13.0207700729,80.2697906494,32447,32457,10
13.0205602646,80.2694396973,32457,32467,10
13.0200996399,80.2688369751,32467,32478,11
13.0194501877,80.2680511475,32478,32488,10
13.0187797546,80.2671432495,32488,32498,10
13.0186195374,80.2661132813,32498,32508,10
13.0187101364,80.2655410767,32508,32518,10
13.0189504623,80.2647628784,32518,32528,10
13.0190601349,80.2638397217,32528,32538,10
13.0189800262,80.2633972168,32538,32548,10
13.0188903809,80.2629699707,32548,32558,10
13.0188798904,80.2628936768,32558,32568,10
13.0188398361,80.2623901367,32568,32579,11
13.0187397003,80.2616424561,32579,32589,10
13.018409729,80.2611465454,32589,32599,10
13.0177602768,80.2607269287,32599,32609,10
13.0169801712,80.2602005005,32609,32619,10
13.016289711,80.259803772,32619,32629,10
13.0162000656,80.2597732544,32629,32639,10
13.0160102844,80.2596817017,32639,32649,10
13.0155096054,80.2594833374,32649,32659,10
13.0147800446,80.2593307495,32659,32669,10
13.0139703751,80.2592926025,32669,32679,10
13.0129899979,80.2592468262,32679,32690,11
13.0118198395,80.2592086792,32690,32700,10
13.0109300613,80.2591934204,32700,32710,10
13.0100603104,80.2592315674,32710,32720,10
13.0093402863,80.2592163086,32720,32730,10
13.0088300705,80.2592163086,32730,32740,10
13.0085201263,80.2592163086,32740,32750,10
13.0079097748,80.259262085,32750,32760,10
13.0073604584,80.2591171265,32760,32770,10
13.0072097778,80.2587585449,32770,32780,10
13.0071802139,80.2587203979,32780,32791,11
13.0069503784,80.2582778931,32791,32801,10
13.0065097809,80.2577209473,32801,32811,10
13.0058097839,80.2574386597,32811,32821,10
13.0050296783,80.2572402954,32821,32831,10
13.0041399002,80.257019043,32831,32841,10
13.0031700134,80.2568206787,32841,32851,10
13.002240181,80.256652832,32851,32861,10
13.0017499924,80.2565765381,32861,32871,10
13.0017404556,80.2565689087,32871,32881,10
13.001660347,80.2565612793,32881,32890,9
13.0012702942,80.2565078735,32890,32902,12
13.00041008,80.256362915,32902,32912,10
12.9994802475,80.2562026978,32912,32922,10
12.9987201691,80.2560806274,32922,32932,10
12.9985704422,80.2560577393,32932,32942,10
12.9984998703,80.2560195923,32942,32952,10
12.9982700348,80.2559967041,32952,32962,10
12.9979000092,80.2559585571,32962,32972,10
12.9973201752,80.2559204102,32972,32982,10
12.9968700409,80.2559204102,32982,32993,11
12.9963302612,80.2559204102,32993,33003,10
12.9955797195,80.2559127808,33003,33013,10
12.994890213,80.2559585571,33013,33023,10
12.99421978,80.2559967041,33023,33033,10
12.9933996201,80.2560501099,33033,33043,10
12.9924602509,80.2560806274,33043,33053,10
12.9914903641,80.2560424805,33053,33063,10
12.9906797409,80.2560195923,33063,33073,10
12.9898796082,80.2559967041,33073,33083,10
12.9893102646,80.2559509277,33083,33094,11
12.9885702133,80.2558898926,33094,33104,10
12.9880695343,80.2558364868,33104,33114,10
12.9880304337,80.2558288574,33114,33124,10
12.9877595901,80.2557907104,33124,33134,10
12.9873399734,80.2557067871,33134,33144,10
12.9867801666,80.2556228638,33144,33154,10
12.986289978,80.2555389404,33154,33174,20
12.986289978,80.2555389404,33174,33184,10
12.9858903885,80.2554168701,33184,33194,10
12.9852800369,80.255317688,33194,33205,11
12.9845199585,80.2551422119,33205,33215,10
12.9839401245,80.2549972534,33215,33225,10
12.9833097458,80.2548065186,33225,33235,10
12.982629776,80.2546386719,33235,33245,10
12.9820899963,80.2542724609,33245,33255,10
12.9818201065,80.2535324097,33255,33265,10
12.9815702438,80.2528610229,33265,33275,10
12.9809398651,80.2527770996,33275,33285,10
12.9800596237,80.2527618408,33285,33294,9
12.9791202545,80.2526779175,33294,33306,12
12.9785995483,80.2525787354,33306,33316,10
12.9784898758,80.252532959,33316,33326,10
12.9780797958,80.2522277832,33326,33336,10
12.9774703979,80.2516708374,33336,33346,10
12.9764995575,80.2512512207,33346,33356,10
12.9753303528,80.2509078979,33356,33366,10
12.9741096497,80.250579834,33366,33376,10
12.9728603363,80.2502365112,33376,33386,10
12.9715795517,80.2499008179,33386,33396,10
12.970290184,80.2495193481,33396,33407,11
12.9689102173,80.2489700317,33407,33417,10
12.9676504135,80.2484970093,33417,33427,10
12.9666700363,80.2480163574,33427,33437,10
12.9658498764,80.2476501465,33437,33447,10
12.9651002884,80.2474136353,33447,33457,10
12.9650602341,80.2474136353,33457,33467,10
12.9649000168,80.2473678589,33467,33477,10
12.9644203186,80.2471694946,33477,33487,10
12.9637002945,80.246887207,33487,33497,10
12.9630002975,80.2465286255,33497,33506,9
12.9621601105,80.2461166382,33506,33518,12
12.9609003067,80.2454833984,33518,33528,10
12.9598302841,80.2450180054,33528,33538,10
12.9593601227,80.2447967529,33538,33548,10
12.9593400955,80.2447814941,33548,33558,10
12.9590101242,80.2446136475,33558,33568,10
12.9583597183,80.2443313599,33568,33578,10
12.9577703476,80.2441101074,33578,33588,10
12.9570798874,80.243888855,33588,33598,10
12.9563999176,80.2436676025,33598,33609,11
12.955909729,80.2434387207,33609,33619,10
12.9551696777,80.2430496216,33619,33629,10
12.9542703629,80.2426605225,33629,33639,10
12.9532403946,80.2422332764,33639,33649,10
12.9516296387,80.2416687012,33649,33669,20
12.9516296387,80.2416687012,33669,33679,10
12.9512901306,80.2415313721,33679,33689,10
12.9506502151,80.2413024902,33689,33699,10
12.9504003525,80.2412414551,33699,33709,10
12.9503002167,80.2412185669,33709,33719,10
12.9497804642,80.2410888672,33719,33730,11
12.9491300583,80.2408828735,33730,33740,10
12.9487800598,80.2407073975,33740,33750,10
12.9480895996,80.2404174805,33750,33760,10
12.9471302032,80.240020752,33760,33780,20
12.9471302032,80.240020752,33780,33790,10
12.946849823,80.239906311,33790,33800,10
12.9462499619,80.239616394,33800,33810,10
12.9454603195,80.2392578125,33810,33820,10
12.9446601868,80.23853302,33820,33831,11
12.9437799454,80.2375488281,33831,33841,10
12.9429197311,80.2367630005,33841,33851,10
12.9418497086,80.236328125,33851,33861,10
12.9406604767,80.236038208,33861,33871,10
12.9398899078,80.2358398438,33871,33881,10
12.939789772,80.2358016968,33881,33891,10
12.9397001266,80.2357177734,33891,33901,10
12.9392499924,80.2355194092,33901,33911,10
12.9385595322,80.2351837158,33911,33922,11
12.937620163,80.2347183228,33922,33932,10
12.9367303848,80.2342910767,33932,33942,10
12.9359102249,80.2339172363,33942,33952,10
12.9356603622,80.2341003418,33952,33962,10
12.9356002808,80.2342605591,33962,33972,10
12.935500145,80.2345581055,33972,33982,10
12.9352903366,80.2351226807,33982,33992,10
12.9351902008,80.2353820801,33992,34002,10
12.9350099564,80.2354202271,34002,34012,10
12.9347200394,80.2352676392,34012,34021,9
12.9342298508,80.2350769043,34021,34033,12
12.9338703156,80.2350997925,34033,34043,10
12.9337301254,80.2356872559,34043,34053,10
12.9336500168,80.2360534668,34053,34063,10
12.9336004257,80.2361679077,34063,34073,10
12.9331903458,80.2361297607,34073,34083,10
12.9329996109,80.2363891602,34083,34092,9
12.9328899384,80.2369537354,34092,34103,11
12.9327297211,80.2373504639,34103,34113,10
12.9325199127,80.2378692627,34113,34124,11
12.9322795868,80.2384567261,34124,34134,10
12.9321203232,80.2387237549,34134,34144,10
12.9315900803,80.2386474609,34144,34154,10
12.9312095642,80.2385101318,34154,34194,40
12.9312095642,80.2385101318,34194,34204,10
12.9309797287,80.2384033203,34204,34214,10
12.9305000305,80.2382278442,34214,34224,10
12.9299001694,80.23802948,34224,34234,10
12.9295597076,80.2381286621,34234,34245,11
12.929479599,80.2385101318,34245,34255,10
12.9293403625,80.2389526367,34255,34265,10
12.9291095734,80.2390213013,34265,34275,10
12.9283399582,80.2388381958,34275,34305,30
12.9283399582,80.2388381958,34305,34315,10
12.9281396866,80.2387466431,34315,34325,10
12.9276599884,80.2386322021,34325,34335,10
12.9269800186,80.2384719849,34335,34346,11
12.9261703491,80.2382583618,34346,34356,10
12.9255599976,80.2381134033,34356,34366,10
12.9253101349,80.2381286621,34366,34376,10
12.9249401093,80.2379608154,34376,34386,10
12.9252099991,80.2382507324,34386,35184,798
12.9252099991,80.2382507324,35184,35194,10
12.9254102707,80.23828125,35194,35204,10
12.9256601334,80.2382507324,35204,35214,10
12.9257898331,80.2382202148,35214,35224,10
12.9261798859,80.2382736206,35224,35234,10
12.9267501831,80.2384185791,35234,35244,10
12.9273996353,80.2385787964,35244,35253,9
12.9282503128,80.2388000488,35253,35275,22
12.9282503128,80.2388000488,35275,35285,10
12.9284095764,80.2388381958,35285,35295,10
12.9288797379,80.2389526367,35295,35305,10
12.929309845,80.2389526367,35305,35315,10
12.9294099808,80.2386169434,35315,35325,10
12.9295501709,80.2381286621,35325,35335,10
12.9297304153,80.2379684448,35335,35345,10
12.9302301407,80.2381591797,35345,35355,10
12.9311599731,80.2384872437,35355,35375,20
12.9311599731,80.2384872437,35375,35386,11
12.9312400818,80.2385025024,35386,35396,10
12.9314002991,80.238571167,35396,35406,10
12.9317798615,80.2387008667,35406,35416,10
12.9321804047,80.2386169434,35416,35426,10
12.9322595596,80.2384033203,35426,35436,10
12.9323501587,80.2381210327,35436,35446,10
12.932559967,80.2376098633,35446,35456,10
12.9327001572,80.2372131348,35456,35466,10
12.9328098297,80.2369689941,35466,35476,10
12.9329395294,80.2365493774,35476,35487,11
12.9332199097,80.2360916138,35487,35507,20
12.9332199097,80.2360916138,35507,35517,10
12.9334602356,80.2361602783,35517,35527,10
12.9336099625,80.2360076904,35527,35537,10
12.9336996078,80.2356414795,35537,35547,10
12.9337997437,80.2352294922,35547,35557,10
12.9340000153,80.2350006104,35557,35567,10
12.9343204498,80.2351379395,35567,35578,11
12.9347896576,80.2353363037,35578,35588,10
12.9350099564,80.2354431152,35588,35598,10
12.9351596832,80.2353591919,35598,35608,10
12.9351902008,80.235168457,35608,35618,10
12.935379982,80.234703064,35618,35628,10
12.935549736,80.2342681885,35628,35739,111
12.935549736,80.2342681885,35739,35749,10
12.9356603622,80.2342300415,35749,35759,10
12.935790062,80.2339019775,35759,35788,29
12.935790062,80.2339019775,35788,35800,12
12.9359102249,80.2337493896,35800,35810,10
12.936249733,80.2338867188,35810,35820,10
12.9368200302,80.2341690063,35820,35830,10
12.9375495911,80.2345275879,35830,35840,10
12.93846035,80.234992981,35840,35850,10
12.9394102097,80.2354812622,35850,35860,10
12.9398498535,80.2356796265,35860,35870,10
12.9398603439,80.2356796265,35870,35880,10
12.9399995804,80.2357406616,35880,35891,11
12.9405002594,80.2359008789,35891,35901,10
12.9412298203,80.2360992432,35901,35911,10
12.9421195984,80.236328125,35911,35921,10
12.943110466,80.2367935181,35921,35931,10
12.9439496994,80.2376327515,35931,35941,10
12.9448003769,80.238571167,35941,35951,10
12.9458503723,80.2393722534,35951,35961,10
12.9473199844,80.2399597168,35961,35981,20
12.9473199844,80.2399597168,35981,35991,10
12.9475402832,80.2400512695,35991,36002,11
12.9481201172,80.2403030396,36002,36012,10
12.948849678,80.2405929565,36012,36062,50
12.948849678,80.2405929565,36062,36072,10
12.9489803314,80.2406311035,36072,36082,10
12.9494400024,80.2407913208,36082,36093,11
12.9502496719,80.2410430908,36093,36103,10
12.9510202408,80.2412796021,36103,36113,10
12.951089859,80.2413024902,36113,36123,10
12.9512500763,80.2413635254,36123,36133,10
12.9517602921,80.2415618896,36133,36143,10
12.9524803162,80.2418289185,36143,36153,10
12.9533700943,80.2421798706,36153,36163,10
12.9543504715,80.2425918579,36163,36173,10
12.9550800323,80.2428665161,36173,36183,10
12.955789566,80.2431793213,36183,36193,10
12.9563703537,80.2434082031,36193,36204,11
12.956700325,80.243560791,36204,36214,10
12.9573497772,80.2438201904,36214,36224,10
12.9581604004,80.244140625,36224,36234,10
12.9588603973,80.2444000244,36234,36244,10
12.9589195251,80.244430542,36244,36254,10
12.959230423,80.2445831299,36254,36264,10
12.959810257,80.2448577881,36264,36274,10
12.960559845,80.2452011108,36274,36284,10
12.9615097046,80.2456512451,36284,36294,10
12.9625301361,80.2461395264,36294,36305,11
12.9630804062,80.2464065552,36305,36315,10
12.9630899429,80.246421814,36315,36325,10
12.9633703232,80.2465896606,36325,36335,10
12.9638700485,80.2468414307,36335,36345,10
12.9645299911,80.2470932007,36345,36355,10
12.9653701782,80.2473602295,36355,36365,10
12.9663095474,80.2477111816,36365,36375,10
12.966799736,80.2479019165,36375,36395,20
12.966799736,80.2479019165,36395,36405,10
12.967040062,80.2480163574,36405,36416,11
12.9676704407,80.2483062744,36416,36426,10
12.9684495926,80.2486495972,36426,36436,10
12.9694499969,80.2490463257,36436,36446,10
12.970580101,80.2494812012,36446,36456,10
12.9717998505,80.2498397827,36456,36466,10
12.9730396271,80.2501602173,36466,36476,10
12.9743003845,80.25050354,36476,36486,10
12.9755897522,80.2508621216,36486,36496,10
12.9768896103,80.2512283325,36496,36507,11
12.978099823,80.2519989014,36507,36517,10
12.9785804749,80.2523193359,36517,36527,10
12.9785900116,80.2523269653,36527,36537,10
12.9787197113,80.2524032593,36537,36547,10
12.9790096283,80.2525100708,36547,36557,10
12.9796104431,80.2525863647,36557,36567,10
12.9804296494,80.2526168823,36567,36577,10
12.9814596176,80.2525787354,36577,36587,10
12.9826402664,80.2525405884,36587,36597,10
12.9838695526,80.2523498535,36597,36607,10
12.985039711,80.2520217896,36607,36617,10
12.9859695435,80.2517700195,36617,36628,11
12.986700058,80.2515869141,36628,36638,10
12.9871501923,80.2514572144,36638,36648,10
12.9875802994,80.2513427734,36648,36658,10
12.9878902435,80.2515106201,36658,36668,10
12.9879798889,80.2519607544,36668,36678,10
12.9880304337,80.2523193359,36678,36688,10
12.9879598618,80.2529602051,36688,36698,10
12.9878997803,80.2536392212,36698,36708,10
12.987830162,80.2544784546,36708,36718,10
12.9877796173,80.2555007935,36718,36729,11
12.9880399704,80.2558364868,36729,36739,10
12.9887800217,80.255897522,36739,36759,20
12.9887800217,80.255897522,36759,36769,10
12.9889202118,80.2559204102,36769,36779,10
12.9894399643,80.2559585571,36779,36789,10
12.9902095795,80.2559967041,36789,36799,10
12.9908399582,80.2560119629,36799,36808,9
12.9915504456,80.2560272217,36808,36820,12
12.992770195,80.2560195923,36820,36830,10
12.9938097,80.2559585571,36830,36840,10
12.9947395325,80.2558822632,36840,36850,10
12.9956798553,80.2558517456,36850,36860,10
12.9963598251,80.2558364868,36860,36870,10
12.9965000153,80.2558288574,36870,36880,10
12.9967603683,80.2558364868,36880,36890,10
12.9970798492,80.2558517456,36890,36900,10
12.997590065,80.2558822632,36900,36910,10
12.9983100891,80.2559432983,36910,36920,10
12.9989500046,80.2560272217,36920,36961,41
12.9989500046,80.2560272217,36961,36971,10
12.9991197586,80.256072998,36971,36981,10
12.9995298386,80.2561416626,36981,36991,10
13.0000801086,80.2562637329,36991,37001,10
13.000749588,80.256401062,37001,37011,10
13.0014400482,80.2565231323,37011,37021,10
13.002240181,80.256652832,37021,37032,11
13.0027704239,80.2567520142,37032,37042,10
13.0032997131,80.2568511963,37042,37052,10
13.0040102005,80.256980896,37052,37062,10
13.0048503876,80.2571411133,37062,37072,10
13.0057497025,80.2573318481,37072,37082,10
13.0062398911,80.2574005127,37082,37092,10
13.0064496994,80.2574462891,37092,37102,10
13.0064697266,80.2574462891,37102,37112,10
13.0065002441,80.2574386597,37112,37122,10
13.0067996979,80.2577285767,37122,37133,11
13.0072698593,80.2584228516,37133,37143,10
13.008099556,80.2588424683,37143,37153,10
13.0085496902,80.2589874268,37153,37163,10
13.0087499619,80.2590713501,37163,37173,10
13.0093297958,80.2590866089,37173,37183,10
13.0101995468,80.2590866089,37183,37193,10
13.0113201141,80.2590713501,37193,37203,10
13.0125303268,80.2590789795,37203,37213,10
13.0138196945,80.2591171265,37213,37223,10
13.0151596069,80.2591781616,37223,37233,10
13.0162096024,80.2594909668,37233,37244,11
13.0163698196,80.2596130371,37244,37254,10
13.0164499283,80.2596969604,37254,37264,10
13.0168600082,80.260017395,37264,37274,10
13.0175304413,80.2604827881,37274,37284,10
13.0183696747,80.2610397339,37284,37294,10
13.0191001892,80.2616271973,37294,37304,10
13.019780159,80.2623214722,37304,37314,10
13.0203199387,80.262878418,37314,37324,10
13.0199804306,80.2629776001,37324,37335,11
13.0192699432,80.2629165649,37335,37345,10
13.0190200806,80.2631835938,37345,37355,10
13.0191001892,80.2638397217,37355,37365,10
13.0190000534,80.2647705078,37365,37375,10
13.0188302994,80.2653808594,37375,37385,10
13.0186901093,80.2659378052,37385,37395,10
13.0187301636,80.2667694092,37395,37405,10
13.0191602707,80.2676467896,37405,37415,10
13.0198497772,80.2685012817,37415,37425,10
13.0205698013,80.2693862915,37425,37435,10
13.021030426,80.2699279785,37435,37445,10
13.0214395523,80.2703933716,37445,37456,11
13.021490097,80.2704696655,37456,37466,10
13.0216398239,80.2706832886,37466,37476,10
13.0220403671,80.2711868286,37476,37486,10
13.0224704742,80.2717666626,37486,37496,10
13.0230102539,80.2724990845,37496,37506,10
13.0237998962,80.2735595703,37506,37547,41
13.0237998962,80.2735595703,37547,37557,10
13.0238399506,80.2735977173,37557,37567,10
13.0240898132,80.2739486694,37567,37577,10
13.0244903564,80.2744522095,37577,37587,10
13.0250501633,80.274772644,37587,37597,10
13.0254001617,80.2749099731,37597,37607,10
13.0255403519,80.2749786377,37607,37617,10
13.0259504318,80.2751617432,37617,37627,10
13.0262899399,80.2753295898,37627,37637,10
13.0266895294,80.2754898071,37637,37648,11
13.0274295807,80.2758407593,37648,37658,10
13.0282001495,80.2761688232,37658,37668,10
13.0289096832,80.2764587402,37668,37678,10
13.029589653,80.2766723633,37678,37688,10
13.0302200317,80.2768707275,37688,37698,10
13.03083992,80.2771911621,37698,37706,8
13.0313301086,80.2774963379,37706,37718,12
13.0321998596,80.2774963379,37718,37727,9
13.0326795578,80.2774734497,37727,37738,11
13.032699585,80.2774734497,37738,37748,10
13.0331201553,80.2773971558,37748,37769,21
13.0331201553,80.2773971558,37769,37779,10
13.0333595276,80.2773208618,37779,37789,10
13.0338802338,80.2773590088,37789,37799,10
13.0345897675,80.2775497437,37799,37809,10
13.035369873,80.2776870728,37809,37819,10
13.0361604691,80.2778396606,37819,37829,10
13.0369300842,80.2781066895,37829,37839,10
13.0374403,80.2782897949,37839,37849,10
13.0378198624,80.2783966064,37849,37860,11
13.0386199951,80.2786102295,37860,37870,10
13.0388498306,80.278678894,37870,37880,10
13.0389099121,80.278717041,37880,37890,10
13.0392198563,80.2788162231,37890,37900,10
13.0397901535,80.2789916992,37900,37910,10
13.0406198502,80.2791976929,37910,37920,10
13.041680336,80.2793884277,37920,37930,10
13.0427703857,80.279510498,37930,37940,10
13.0431098938,80.2795333862,37940,37950,10
13.0431900024,80.279548645,37950,37961,11
13.0436496735,80.2797012329,37961,37971,10
13.0443096161,80.2798614502,37971,37981,10
13.0451602936,80.2799835205,37981,37991,10
13.0457296371,80.2800598145,37991,38001,10
13.045800209,80.2800598145,38001,38011,10
13.0462598801,80.2801437378,38011,38021,10
13.0469903946,80.2802505493,38021,38031,10
13.0478696823,80.280380249,38031,38041,10
13.0488796234,80.2805175781,38041,38051,10
13.0499095917,80.280670166,38051,38061,10
13.0510101318,80.2808532715,38061,38072,11
13.0523004532,80.281036377,38072,38082,10
13.0534696579,80.281211853,38082,38092,10
13.0545701981,80.2814102173,38092,38102,10
13.0555696487,80.2816009521,38102,38112,10
13.0561800003,80.2817077637,38112,38122,10
13.0564498901,80.2817687988,38122,38132,10
13.0564603806,80.2817687988,38132,38142,10
13.0566701889,80.2818222046,38142,38152,10
13.0572299957,80.2819366455,38152,38162,10
13.0580301285,80.2821121216,38162,38173,11
13.0591497421,80.2823410034,38173,38183,10
13.0601301193,80.2825393677,38183,38193,10
13.0610599518,80.2827301025,38193,38203,10
13.061920166,80.282913208,38203,38213,10
13.0629196167,80.2831420898,38213,38233,20
13.0629196167,80.2831420898,38233,38243,10
13.0632400513,80.2832183838,38243,38253,10
13.0638599396,80.2833480835,38253,38294,41
13.0638599396,80.2833480835,38294,38304,10
13.0640201569,80.2834014893,38304,38314,10
13.0645503998,80.2835083008,38314,38324,10
13.0653495789,80.2836990356,38324,38334,10
13.0663795471,80.2839584351,38334,38344,10
13.067440033,80.2841796875,38344,38354,10
13.06828022,80.2843017578,38354,38364,10
13.0692596436,80.2845306396,38364,38375,11
13.0703401566,80.2848129272,38375,38385,10
13.0711803436,80.2850112915,38385,38395,10
13.0722398758,80.2853088379,38395,38405,10
13.0734300613,80.2853469849,38405,38415,10
13.074139595,80.2858276367,38415,38425,10
13.0748901367,80.2863998413,38425,38435,10
13.0758304596,80.2869262695,38435,38445,10
13.0769701004,80.2872467041,38445,38455,10
13.0781097412,80.2875213623,38455,38465,10
13.0792198181,80.2879104614,38465,38475,10
13.0802602768,80.2881622314,38475,38485,10
13.0808401108,80.288269043,38485,38496,11
13.0809297562,80.2883224487,38496,38506,10
13.0813703537,80.288482666,38506,38516,10
13.0820703506,80.2887496948,38516,38526,10
13.0829401016,80.2891311646,38526,38536,10
13.0839195251,80.2891616821,38536,38546,10
13.0849704742,80.2891693115,38546,38556,10
13.0860795975,80.289352417,38556,38566,10
13.0871200562,80.2896499634,38566,38575,9
13.0878696442,80.2899475098,38575,38586,11
13.0886898041,80.2901077271,38586,38597,11
13.0888500214,80.2902374268,38597,38607,10
13.0885801315,80.2903594971,38607,38617,10
13.0880403519,80.2901229858,38617,38627,10
13.0873203278,80.2898635864,38627,38637,10
13.0865001678,80.2896194458,38637,38647,10
13.0858001709,80.2894363403,38647,38657,10
13.0854597092,80.2889480591,38657,38667,10
13.0851402283,80.2881774902,38667,38677,10
13.0851202011,80.2871780396,38677,38687,10
13.0852098465,80.2860870361,38687,38698,11
13.0853099823,80.2850112915,38698,38708,10
13.0852403641,80.2843170166,38708,38718,10
13.0852804184,80.2840194702,38718,38728,10
13.0853595734,80.2838363647,38728,38738,10
13.0854597092,80.2836074829,38738,38748,10
13.0856599808,80.283531189,38748,38758,10
13.0859699249,80.283531189,38758,38768,10
13.0862998962,80.2835922241,38768,38778,10
13.086640358,80.2838363647,38778,38788,10
13.0870199203,80.2839126587,38788,38799,11
13.0876197815,80.2839202881,38799,38829,30
13.0876197815,80.2839202881,38829,38839,10
13.0876703262,80.2839584351,38839,38849,10
13.0878801346,80.2839889526,38849,39364,515
13.0879898071,80.2839126587,39364,39909,545
13.0879898071,80.2839126587,39909,39919,10
13.0879201889,80.283821106,39919,40374,455
13.0879201889,80.2839584351,40374,40818,444
13.0879201889,80.2839584351,40818,40828,10
13.0881795883,80.2835998535,40828,40838,10
13.0882997513,80.2834091187,40838,40848,10
13.0882797241,80.2831115723,40848,40858,10
13.0882902145,80.282661438,40858,40868,10
13.0882396698,80.2821731567,40868,40879,11
13.088060379,80.2816619873,40879,40889,10
13.0880804062,80.2814788818,40889,40899,10
13.0883398056,80.2814712524,40899,40909,10
13.088549614,80.2816314697,40909,40919,10
13.0885000229,80.2819900513,40919,40929,10
13.0884304047,80.2824478149,40929,40939,10
13.0883598328,80.2828521729,40939,40949,10
13.0883703232,80.2830886841,40949,40959,10
13.0883903503,80.283531189,40959,40968,9
13.0883998871,80.2840423584,40968,40980,12
13.0884304047,80.2847824097,40980,40990,10
13.0884504318,80.285118103,40990,41040,50
13.0884504318,80.285118103,41040,41050,10
13.0884599686,80.2854766846,41050,41060,10
13.0885000229,80.2858886719,41060,41070,10
13.08852005,80.2863693237,41070,41079,9
13.0885400772,80.2866210938,41079,41091,12
13.0885801315,80.2873077393,41091,41101,10
13.0886001587,80.2875366211,41101,41111,10
13.0886297226,80.287940979,41111,41121,10
13.0886898041,80.288520813,41121,41131,10
13.0887203217,80.28881073,41131,41141,10
13.0888204575,80.2893371582,41141,41151,10
13.0888204575,80.2893829346,41151,41161,10
13.0888004303,80.2894973755,41161,41171,10
13.0887899399,80.2901992798,41171,41192,21
13.0887899399,80.2901992798,41192,41202,10
13.0887403488,80.2903823853,41202,41212,10
13.0883197784,80.2902679443,41212,41222,10
13.0876998901,80.2899627686,41222,41232,10
13.0868797302,80.2896270752,41232,41242,10
13.0858201981,80.2893218994,41242,41252,10
13.0847702026,80.2891616821,41252,41262,10
13.0837602615,80.2892532349,41262,41272,10
13.0828504562,80.2892074585,41272,41282,10
13.0818796158,80.2887878418,41282,41293,11
13.0808296204,80.2884216309,41293,41303,10
13.0800800323,80.2882080078,41303,41313,10
13.0800304413,80.2882003784,41313,41321,8
13.0740003586,80.2861480713,41321,41389,68
13.0740003586,80.2861480713,41389,41410,21
13.0734500885,80.2860031128,41410,41420,10
13.0727996826,80.2856521606,41420,41430,10
13.0718898773,80.2852935791,41430,41440,10
13.0707302094,80.2849884033,41440,41450,10
13.0694999695,80.2846984863,41450,41460,10
13.0682497025,80.2844161987,41460,41470,10
13.0669603348,80.2841796875,41470,41480,10
13.0656499863,80.2838668823,41480,41490,10
13.0644102097,80.2836227417,41490,41501,11
13.0633296967,80.2833404541,41501,41511,10
13.0624799728,80.2831497192,41511,41521,10
13.0624303818,80.2831420898,41521,41531,10
13.0621595383,80.2830810547,41531,41541,10
13.0615596771,80.2829437256,41541,41551,10
13.0607404709,80.2827606201,41551,41561,10
13.059679985,80.2825393677,41561,41571,10
13.0585899353,80.2823181152,41571,41581,10
13.0576000214,80.282119751,41581,41591,10
13.0566596985,80.2819290161,41591,41612,21
13.0566596985,80.2819290161,41612,41622,10
13.0563001633,80.2818527222,41622,41632,10
13.0556201935,80.2817077637,41632,41642,10
13.0547199249,80.2815322876,41642,41652,10
13.053609848,80.2813110352,41652,41662,10
13.0524196625,80.2811203003,41662,41672,10
13.0512104034,80.2809524536,41672,41682,10
13.0500497818,80.2807617188,41682,41692,10
13.0488595963,80.2805862427,41692,41702,10
13.0477600098,80.2804336548,41702,41713,11
13.0465497971,80.2802581787,41713,41723,10
13.04570961,80.2801818848,41723,41733,10
13.0456495285,80.280166626,41733,41743,10
13.0453796387,80.2801437378,41743,41753,10
13.0447998047,80.2800598145,41753,41763,10
13.0440101624,80.2799377441,41763,41773,10
13.0433197021,80.2798309326,41773,41783,10
13.0425796509,80.2796401978,41783,41793,10
13.0416002274,80.2794570923,41793,41803,10
13.04047966,80.2792434692,41803,41814,11
13.0393695831,80.2789535522,41814,41824,10
13.0390100479,80.2788619995,41824,41834,10
13.0389204025,80.2788162231,41834,41844,10
13.0385398865,80.278678894,41844,41854,10
13.037899971,80.2784881592,41854,41864,10
13.0374803543,80.2783584595,41864,41874,10
13.0370597839,80.2782592773,41874,41884,10
13.0363998413,80.2779998779,41884,41894,10
13.0356397629,80.2778320313,41894,41904,10
13.0349502563,80.2777023315,41904,41914,10
13.0346803665,80.277633667,41914,41925,11
13.034119606,80.2775192261,41925,41935,10
13.0334997177,80.2774200439,41935,41945,10
13.0327501297,80.2775268555,41945,41955,10
13.0318002701,80.2776184082,41955,41965,10
13.0310001373,80.2773971558,41965,41975,10
13.0309000015,80.27734375,41975,41985,10
13.0308599472,80.2772903442,41985,41995,10
13.0305099487,80.2770614624,41995,42005,10
13.0298404694,80.2768325806,42005,42015,10
13.0294599533,80.2767028809,42015,42026,11
13.0288600922,80.2765197754,42026,42036,10
13.028169632,80.2762298584,42036,42046,10
13.0273399353,80.2758789063,42046,42056,10
13.0259199142,80.2752532959,42056,42076,20
13.0259199142,80.2752532959,42076,42086,10
13.025639534,80.275138855,42086,42096,10
13.0251102448,80.2748718262,42096,42106,10
13.0244102478,80.2744369507,42106,42116,10
13.0237998962,80.2736816406,42116,42127,11
13.0231304169,80.2727813721,42127,42137,10
13.0224399567,80.2718734741,42137,42147,10
13.021780014,80.2710037231,42147,42157,10
13.0210504532,80.2701416016,42157,42167,10
13.0208101273,80.2698516846,42167,42177,10
13.0207996368,80.2697982788,42177,42187,10
13.0205602646,80.2694625854,42187,42197,10
13.0201301575,80.2688980103,42197,42207,10
13.0195198059,80.2682113647,42207,42217,10
13.0188102722,80.2673568726,42217,42228,11
13.0185804367,80.2661895752,42228,42238,10
13.0186796188,80.2656021118,42238,42248,10
13.0188999176,80.2648086548,42248,42258,10
13.0190296173,80.2638397217,42258,42268,10
13.0189599991,80.263381958,42268,42278,10
13.0188798904,80.2628326416,42278,42288,10
13.0187902451,80.2620010376,42288,42298,10
13.0186100006,80.2612915039,42298,42308,10
13.0180301666,80.260887146,42308,42318,10
13.0172996521,80.2604064941,42318,42328,10
13.0165395737,80.2599334717,42328,42339,11
13.0160102844,80.2596817017,42339,42349,10
13.0159797668,80.2596588135,42349,42359,10
13.0156097412,80.2595062256,42359,42369,10
13.0149402618,80.2593612671,42369,42379,10
13.0142097473,80.2593078613,42379,42389,10
13.0132598877,80.2592697144,42389,42399,10
13.012140274,80.2592391968,42399,42409,10
13.0110397339,80.2592010498,42409,42419,10
13.0100698471,80.2592391968,42419,42429,10
13.0090999603,80.2591781616,42429,42440,11
13.0086297989,80.2592086792,42440,42450,10
13.0081100464,80.2592086792,42450,42460,10
13.0075597763,80.2593688965,42460,42470,10
13.0072002411,80.2587814331,42470,42480,10
13.0071802139,80.258682251,42480,42490,10
13.0071897507,80.2585983276,42490,42500,10
13.0069799423,80.2583084106,42500,42510,10
13.0066995621,80.2579269409,42510,42520,10
13.0062103271,80.2576217651,42520,42530,10
13.0056400299,80.2574234009,42530,42541,11
13.0048904419,80.2571868896,42541,42551,10
13.004119873,80.2570571899,42551,42561,10
13.0034799576,80.2569580078,42561,42571,10
13.0027399063,80.2568283081,42571,42641,70
13.0027399063,80.2568283081,42641,42652,11
13.0023803711,80.2567214966,42652,42662,10
13.0021696091,80.2566833496,42662,42672,10
13.0019903183,80.256652832,42672,42682,10
13.0015296936,80.2565994263,42682,42742,60
13.0015296936,80.2565994263,42742,42753,11
13.00137043,80.2566070557,42753,42763,10
13.0009202957,80.2565383911,42763,42773,10
13.0001897812,80.2564086914,42773,42783,10
12.9996795654,80.2563323975,42783,42803,20
12.9996795654,80.2563323975,42803,42813,10
12.9995002747,80.2562637329,42813,42823,10
12.9991197586,80.256187439,42823,42833,10
12.998749733,80.256111145,42833,42843,10
12.9987401962,80.256111145,42843,42854,11
12.998550415,80.256072998,42854,42864,10
12.9985303879,80.2560806274,42864,42874,10
12.9983596802,80.2561035156,42874,42884,10
12.9981803894,80.2560501099,42884,42894,10
12.998000145,80.2559967041,42894,42904,10
12.9974002838,80.2559661865,42904,42944,40
12.9974002838,80.2559661865,42944,42954,10
12.997130394,80.2559661865,42954,42965,11
12.9967098236,80.2559280396,42965,42975,10
12.9962100983,80.2559432983,42975,42985,10
12.99559021,80.2559432983,42985,42995,10
12.9952001572,80.2559967041,42995,43005,10
12.9944896698,80.2559814453,43005,43015,10
12.9937200546,80.2560577393,43015,43025,10
12.9927797318,80.2560806274,43025,43035,10
12.9918298721,80.2560882568,43035,43045,10
12.9910497665,80.2560501099,43045,43055,10
12.99036026,80.2560195923,43055,43066,11
12.9895200729,80.2559967041,43066,43076,10
12.9887399673,80.2559661865,43076,43086,10
12.9880399704,80.2558670044,43086,43096,10
12.9875202179,80.2557830811,43096,43106,10
12.986749649,80.2556381226,43106,43116,10
12.9860897064,80.2555389404,43116,43126,10
12.9860801697,80.255531311,43126,43136,10
12.9858798981,80.2554931641,43136,43146,10
12.9853601456,80.2553787231,43146,43156,10
12.98458004,80.2552032471,43156,43166,10
12.9840297699,80.2550582886,43166,43177,11
12.9833898544,80.2548828125,43177,43187,10
12.9826602936,80.2546463013,43187,43197,10
12.9820404053,80.2542037964,43197,43207,10
12.9818201065,80.2534790039,43207,43217,10
12.9814996719,80.2528381348,43217,43227,10
12.9806995392,80.2527923584,43227,43237,10
12.9799604416,80.2527923584,43237,43247,10
12.9793195724,80.2527008057,43247,43257,10
12.9786596298,80.2525863647,43257,43267,10
12.9785404205,80.2525482178,43267,43278,11
12.9781599045,80.2522964478,43278,43288,10
12.9776000977,80.2517929077,43288,43298,10
12.9767198563,80.2513198853,43298,43308,10
12.9755802155,80.2509765625,43308,43318,10
12.9743900299,80.2506484985,43318,43328,10
12.9731798172,80.2503204346,43328,43338,10
12.9718999863,80.2500076294,43338,43348,10
12.9706201553,80.2496566772,43348,43358,10
12.9693498611,80.2491912842,43358,43368,10
12.9681501389,80.2487564087,43368,43379,11
12.9668302536,80.2481689453,43379,43389,10
12.965760231,80.2477035522,43389,43399,10
12.9649896622,80.2474212646,43399,43409,10
12.9649600983,80.2473602295,43409,43419,10
12.9645795822,80.2472076416,43419,43429,10
12.96393013,80.2469711304,43429,43439,10
12.963259697,80.2466812134,43439,43449,10
12.9624099731,80.2462463379,43449,43459,10
12.9613800049,80.2457580566,43459,43468,9
12.9604196548,80.2452926636,43468,43480,12
12.9593801498,80.2448806763,43480,43490,10
12.9593095779,80.2448577881,43490,43500,10
12.9589796066,80.2446975708,43500,43510,10
12.9583902359,80.244430542,43510,43520,10
12.9577903748,80.244178772,43520,43530,10
12.9571695328,80.2439498901,43530,43540,10
12.9567499161,80.2438201904,43540,43601,61
12.9567499161,80.2438201904,43601,43611,10
12.9565601349,80.2437591553,43611,43621,10
12.9563903809,80.2436904907,43621,43641,20
12.9563903809,80.2436904907,43641,43651,10
12.9562702179,80.2436599731,43651,43661,10
12.955789566,80.2434234619,43661,43671,10
12.9550800323,80.2430496216,43671,43680,9
12.9543104172,80.2427215576,43680,43692,12
12.9532899857,80.2422790527,43692,43702,10
12.9522800446,80.241897583,43702,43712,10
12.9516401291,80.2416915894,43712,43722,10
12.9516296387,80.2416915894,43722,43732,10
12.9512901306,80.2415466309,43732,43742,10
12.9506196976,80.241317749,43742,43752,10
12.9497299194,80.2410812378,43752,43762,10
12.9488201141,80.2407531738,43762,43772,10
12.9479598999,80.2403869629,43772,43782,10
12.9471998215,80.2400894165,43782,43792,10
12.9471797943,80.2400817871,43792,43803,11
12.9470796585,80.2400512695,43803,43813,10
12.9466495514,80.2398681641,43813,43823,10
12.9459495544,80.2395782471,43823,43833,10
12.9451303482,80.2391433716,43833,43843,10
12.9443397522,80.238319397,43843,43853,10
12.9434995651,80.2374420166,43853,43863,10
12.9425601959,80.2366409302,43863,43873,10
12.9413099289,80.2362518311,43873,43883,10
12.9395904541,80.2357711792,43883,43904,21
12.9395904541,80.2357711792,43904,43914,10
12.9393596649,80.2356491089,43914,43924,10
12.9387702942,80.2353668213,43924,43934,10
12.9379997253,80.234992981,43934,43944,10
12.9371099472,80.2345504761,43944,43954,10
12.9362401962,80.2341384888,43954,43964,10
12.9359197617,80.2339935303,43964,43974,10
12.9358997345,80.2339782715,43974,43984,10
12.9356498718,80.2340393066,43984,43993,9
12.9356403351,80.2340698242,43993,44005,12
12.9354696274,80.2345504761,44005,44015,10
12.9352397919,80.2351379395,44015,44025,10
12.9351196289,80.2354431152,44025,44035,10
12.9349899292,80.2354736328,44035,44045,10
12.9347896576,80.2353591919,44045,44055,10
12.9343395233,80.235168457,44055,44065,10
12.934009552,80.2350387573,44065,44075,10
12.9338197708,80.2352981567,44075,44085,10
12.9336500168,80.2359008789,44085,44095,10
12.9334001541,80.2362289429,44095,44106,11
12.9331703186,80.2361679077,44106,44116,10
12.9329996109,80.2361373901,44116,44126,10
12.9329500198,80.2363586426,44126,44136,10
12.9329500198,80.2363815308,44136,44146,10
12.9329004288,80.236618042,44146,44156,10
12.9327697754,80.2370834351,44156,44166,10
12.9326400757,80.2373809814,44166,44176,10
12.9324302673,80.2378997803,44176,44186,10
12.9322099686,80.2384719849,44186,44196,10
12.9321203232,80.2386779785,44196,44206,10
12.9312000275,80.2385635376,44206,44227,21
12.9312000275,80.2385635376,44227,44237,10
12.9311304092,80.2385406494,44237,44247,10
12.9307403564,80.2384109497,44247,44257,10
12.9301595688,80.2382125854,44257,44267,10
12.9296197891,80.2380523682,44267,44277,10
12.9295196533,80.2382507324,44277,44287,10
12.9293804169,80.2387084961,44287,44297,10
12.9292497635,80.2390365601,44297,44307,10
12.9289102554,80.2389984131,44307,44318,11
12.9283504486,80.2388534546,44318,44338,20
12.9283504486,80.2388534546,44338,44348,10
12.9280700684,80.2387695313,44348,44358,10
12.9274301529,80.238609314,44358,44368,10
12.9266996384,80.2384262085,44368,44378,10
12.9259195328,80.2382202148,44378,44388,10
12.9255399704,80.2383499146,44388,44419,31
12.9255399704,80.2383499146,44419,44429,10
12.9257802963,80.2382736206,44429,44439,10
12.9258699417,80.2382202148,44439,44449,10
12.9261198044,80.2382736206,44449,44459,10
12.9263401031,80.2383422852,44459,44469,10
12.9269104004,80.2384796143,44469,44479,10
12.927570343,80.2386398315,44479,44489,10
12.9281702042,80.2387924194,44489,44499,10
12.9281997681,80.2387924194,44499,44509,10
12.9282999039,80.238822937,44509,44519,10
12.9284296036,80.2388534546,44519,44530,11
12.9289197922,80.2389678955,44530,44540,10
12.9293203354,80.2389221191,44540,44550,10
12.9294300079,80.238571167,44550,44560,10
12.9296197891,80.2380523682,44560,44600,40
12.9296197891,80.2380523682,44600,44610,10
12.9297504425,80.2379684448,44610,44620,10
12.9302301407,80.2381515503,44620,44631,11
12.9311199188,80.2384872437,44631,44651,20
12.9311199188,80.2384872437,44651,44661,10
12.9312095642,80.2385406494,44661,44671,10
12.931429863,80.238609314,44671,44681,10
12.9319496155,80.2387619019,44681,44691,10
12.9322004318,80.2385482788,44691,44701,10
12.9322795868,80.2383270264,44701,44711,10
12.9324302673,80.2378921509,44711,44721,10
12.9326696396,80.2372970581,44721,44732,11
12.9327697754,80.2370529175,44732,44742,10
12.9328804016,80.2365875244,44742,44752,10
12.9329395294,80.2362213135,44752,44802,50
12.9329395294,80.2362213135,44802,44812,10
12.9333696365,80.2361679077,44812,44822,10
12.9334201813,80.2361831665,44822,44832,10
12.9335603714,80.236076355,44832,44843,11
12.9336700439,80.2356185913,44843,44853,10
12.9338502884,80.2350387573,44853,44863,10
12.9341402054,80.2350997925,44863,44873,10
12.9347000122,80.2353286743,44873,44883,10
12.9350204468,80.2354507446,44883,44893,10
12.9351501465,80.2353591919,44893,44903,10
12.9352302551,80.2351608276,44903,44913,10
12.9354696274,80.2345962524,44913,44923,10
12.9357299805,80.2339782715,44923,44933,10
12.9359798431,80.2338027954,44933,44944,11
12.9360904694,80.2338562012,44944,44954,10
12.9364004135,80.2340164185,44954,44964,10
12.9370203018,80.2343292236,44964,44974,10
12.9378595352,80.2347183228,44974,44984,10
12.9388999939,80.2352523804,44984,44994,10
12.9398202896,80.2356796265,44994,45004,10
12.9398899078,80.2357025146,45004,45014,10
12.9399595261,80.2357406616,45014,45024,10
12.9404201508,80.2358932495,45024,45034,10
12.9411697388,80.2360992432,45034,45044,10
12.9421195984,80.2363510132,45044,45055,11
12.9432497025,80.2369537354,45055,45064,9
12.9440202713,80.2377624512,45064,45075,11
12.9449996948,80.238822937,45075,45085,10
12.9461097717,80.2395172119,45085,45095,10
12.9471797943,80.2399520874,45095,45105,10
12.9473199844,80.2399978638,45105,45115,10
12.947429657,80.2400436401,45115,45125,10
12.9479198456,80.2402420044,45125,45135,10
12.9486703873,80.2405471802,45135,45144,9
12.9495296478,80.2408676147,45144,45156,12
12.9508399963,80.2412414551,45156,45166,10
12.951089859,80.2413330078,45166,45176,10
12.951210022,80.2413787842,45176,45186,10
12.9517002106,80.2415618896,45186,45196,10
12.9524297714,80.2418289185,45196,45206,10
12.9533596039,80.2421875,45206,45216,10
12.9544200897,80.2426223755,45216,45226,10
12.9551200867,80.2428970337,45226,45236,10
12.9558401108,80.2431488037,45236,45245,9
12.9563598633,80.2433319092,45245,45257,12
12.9565200806,80.2433624268,45257,45267,10
12.9569196701,80.2435531616,45267,45277,10
12.9576101303,80.243888855,45277,45287,10
12.9584903717,80.2442703247,45287,45297,10
12.9589195251,80.2444534302,45297,45307,10
12.9590797424,80.2445297241,45307,45317,10
12.9595403671,80.2447814941,45317,45327,10
12.9602603912,80.2451171875,45327,45337,10
12.9611597061,80.2455368042,45337,45347,10
12.9622402191,80.2460708618,45347,45358,11
12.9634103775,80.2466583252,45358,45418,60
12.9634103775,80.2466583252,45418,45428,10
12.9636001587,80.2467575073,45428,45438,10
12.9640102386,80.2469329834,45438,45448,10
12.9647102356,80.247177124,45448,45458,10
12.9655504227,80.2474594116,45458,45469,11
12.9668502808,80.2479324341,45469,45489,20
12.9668502808,80.2479324341,45489,45499,10
12.9671897888,80.2481307983,45499,45509,10
12.9678001404,80.2484130859,45509,45519,10
12.9686203003,80.2487487793,45519,45529,10
12.9696702957,80.249130249,45529,45539,10
12.9708099365,80.2495574951,45539,45549,10
12.972029686,80.2499084473,45549,45558,9
12.97315979,80.2502212524,45558,45570,12
12.9746704102,80.2506408691,45570,45580,10
12.9759302139,80.2509918213,45580,45590,10
12.9771499634,80.2513809204,45590,45600,10
12.9785804749,80.2523574829,45600,45620,20
12.9785804749,80.2523574829,45620,45630,10
12.9789495468,80.252532959,45630,45691,61
12.9789495468,80.252532959,45691,45701,10
12.979180336,80.2525634766,45701,45711,10
12.9795303345,80.252571106,45711,45721,10
12.9798698425,80.2526092529,45721,45731,10
12.9803104401,80.2526092529,45731,45741,10
12.9810495377,80.2526016235,45741,45751,10
12.9820203781,80.252571106,45751,45761,10
12.98320961,80.2524795532,45761,45771,10
12.984459877,80.2521820068,45771,45782,11
12.985830307,80.2518081665,45782,45792,10
12.9868097305,80.2515487671,45792,45872,80
12.9868097305,80.2515487671,45872,45883,11
12.9872198105,80.2514419556,45883,45893,10
12.9877099991,80.2513504028,45893,45903,10
12.9878997803,80.2517089844,45903,45913,10
12.9879903793,80.252281189,45913,45923,10
12.9878997803,80.2532196045,45923,45933,10
12.9878101349,80.2543792725,45933,45943,10
12.9877595901,80.2554321289,45943,46044,101
12.9877595901,80.2554321289,46044,46054,10
12.9877099991,80.2556228638,46054,46064,10
12.9878702164,80.255859375,46064,46074,10
12.9883499146,80.2558898926,46074,46084,10
12.9885797501,80.255897522,46084,46095,11
12.9886398315,80.2559204102,46095,46105,10
12.9890499115,80.2559509277,46105,46115,10
12.989780426,80.2560119629,46115,46125,10
12.9904603958,80.2559890747,46125,46135,10
12.9906101227,80.2559661865,46135,46145,10
12.9908103943,80.2559814453,46145,46155,10
12.991350174,80.2560195923,46155,46165,10
12.9921998978,80.2560501099,46165,46175,10
12.9932003021,80.2559967041,46175,46185,10
12.9941196442,80.2559509277,46185,46196,11
12.9951000214,80.2558898926,46196,46206,10
12.9961004257,80.2558670044,46206,46216,10
12.9968299866,80.255859375,46216,46236,20
12.9968299866,80.255859375,46236,46246,10
12.9969396591,80.255859375,46246,46256,10
12.9972600937,80.255859375,46256,46266,10
12.9978199005,80.2558898926,46266,46276,10
12.9991102219,80.2560272217,46276,46317,41
12.9991102219,80.2560272217,46317,46327,10
12.9993200302,80.2561187744,46327,46337,10
12.9997701645,80.2562179565,46337,46347,10
13.00041008,80.2563400269,46347,46357,10
13.0009403229,80.2564315796,46357,46367,10
13.0013599396,80.2565002441,46367,46377,10
13.0018997192,80.2565994263,46377,46387,10
13.0026102066,80.2567062378,46387,46397,10
13.0033302307,80.2568435669,46397,46408,11
13.0042495728,80.2570037842,46408,46418,10
13.005200386,80.2571868896,46418,46428,10
13.0060901642,80.2573776245,46428,46438,10
13.0063400269,80.2574462891,46438,46488,50
13.0063400269,80.2574462891,46488,46498,10
13.0064601898,80.2574996948,46498,46509,11
13.0068397522,80.2576904297,46509,46519,10
13.0071802139,80.2583084106,46519,46529,10
13.0078601837,80.2587585449,46529,46539,10
13.0085201263,80.258972168,46539,46549,10
13.0085496902,80.2589874268,46549,46559,10
13.0088195801,80.2590789795,46559,46569,10
13.0093202591,80.2590484619,46569,46579,10
13.0101203918,80.2590637207,46579,46589,10
13.0111503601,80.2590408325,46589,46599,10
13.0122995377,80.2590637207,46599,46609,10
13.0135498047,80.2591094971,46609,46620,11
13.0148897171,80.259147644,46620,46630,10
13.0159397125,80.2593917847,46630,46640,10
13.0163402557,80.2595977783,46640,46650,10
13.0163602829,80.2596435547,46650,46660,10
13.0166397095,80.2598800659,46660,46670,10
13.01720047,80.2602386475,46670,46680,10
13.017780304,80.2606506348,46680,46690,10
13.0181102753,80.260887146,46690,46700,10
13.018699646,80.2613296509,46700,46710,10
13.0193004608,80.2618026733,46710,46721,11
13.0200796127,80.262588501,46721,46731,10
13.0201301575,80.2629776001,46731,46741,10
13.0195598602,80.2629623413,46741,46751,10
13.0190401077,80.2629928589,46751,46761,10
13.0190200806,80.2634887695,46761,46771,10
13.019080162,80.2643127441,46771,46781,10
13.0188903809,80.2650985718,46781,46791,10
13.0187702179,80.2655487061,46791,46801,10
13.0186595917,80.2662506104,46801,46811,10
13.0188102722,80.2671279907,46811,46822,11
13.0195503235,80.268157959,46822,46832,10
13.0202798843,80.2690582275,46832,46842,10
13.0208301544,80.2697296143,46842,46852,10
13.0213603973,80.270362854,46852,46862,10
13.0214996338,80.2705078125,46862,46872,10
13.0216503143,80.270690918,46872,46882,10
13.0219898224,80.2711486816,46882,46892,10
13.0224895477,80.2717971802,46892,46902,10
13.0231103897,80.2726211548,46902,46912,10
13.0237998962,80.2735519409,46912,46943,31
13.0237998962,80.2735519409,46943,46953,10
13.0240097046,80.2738418579,46953,46963,10
13.0243396759,80.2742767334,46963,46973,10
13.0248498917,80.2746734619,46973,46983,10
13.0254001617,80.2748794556,46983,46993,10
13.0254402161,80.2749099731,46993,47003,10
13.0257701874,80.2750778198,47003,47013,10
13.026309967,80.2753601074,47013,47023,10
13.0268497467,80.2755889893,47023,47034,11
13.0274000168,80.2758636475,47034,47044,10
13.027879715,80.2760620117,47044,47054,10
13.0283298492,80.2762527466,47054,47064,10
13.0283699036,80.276260376,47064,47074,10
13.0285301208,80.2763290405,47074,47084,10
13.0288801193,80.2764587402,47084,47094,10
13.0294799805,80.2766265869,47094,47104,10
13.0301599503,80.2768478394,47104,47114,10
13.0308103561,80.2771911621,47114,47124,10
13.0310602188,80.2773666382,47124,47135,11
13.0315704346,80.2775192261,47135,47145,10
13.0322704315,80.2774581909,47145,47155,10
13.0326299667,80.2774429321,47155,47165,10
13.0326404572,80.2774505615,47165,47175,10
13.0330200195,80.2774200439,47175,47215,40
13.0330200195,80.2774200439,47215,47224,9
13.033249855,80.277381897,47224,47235,11
13.0337696075,80.27734375,47235,47246,11
13.0345802307,80.277557373,47246,47256,10
13.035369873,80.2776870728,47256,47266,10
13.03606987,80.2778396606,47266,47276,10
13.0369100571,80.2781219482,47276,47286,10
13.0376901627,80.2783737183,47286,47296,10
13.0386400223,80.2786178589,47296,47306,10
13.0388898849,80.2787017822,47306,47316,10
13.0390100479,80.2787322998,47316,47326,10
13.0393600464,80.2788467407,47326,47336,10
13.0400104523,80.2790527344,47336,47347,11
13.0409898758,80.2792816162,47347,47357,10
13.0420999527,80.2794494629,47357,47367,10
13.0430803299,80.279548645,47367,47417,50
13.0430803299,80.279548645,47417,47427,10
13.043299675,80.2796020508,47427,47437,10
13.0437002182,80.2797317505,47437,47448,11
13.0445203781,80.2798919678,47448,47458,10
13.0453596115,80.2800369263,47458,47468,10
13.0463199615,80.2801589966,47468,47478,10
13.0474996567,80.2803268433,47478,47488,10
13.0487098694,80.2805023193,47488,47498,10
13.0497398376,80.2806396484,47498,47508,10
13.0505599976,80.2807617188,47508,47518,10
13.0514202118,80.2808990479,47518,47528,10
13.0524101257,80.2810516357,47528,47538,10
13.0534000397,80.2811965942,47538,47549,11
13.0546302795,80.2814407349,47549,47559,10
13.0564498901,80.2817687988,47559,47579,20
13.0564498901,80.2817687988,47579,47589,10
13.0566701889,80.2818222046,47589,47599,10
13.0571298599,80.2819137573,47599,47609,10
13.0572395325,80.2819290161,47609,47619,10
13.0576200485,80.2820129395,47619,47629,10
13.0583200455,80.2821731567,47629,47639,10
13.0592603683,80.2823562622,47639,47649,10
13.0603399277,80.2825775146,47649,47660,11
13.0613698959,80.2827987671,47660,47670,10
13.0623598099,80.2830200195,47670,47679,9
13.0631198883,80.2831573486,47679,47690,11
13.063170433,80.2831802368,47690,47700,10
13.0634803772,80.2832717896,47700,47710,10
13.0640802383,80.283416748,47710,47720,10
13.0645704269,80.2835464478,47720,47730,10
13.0653295517,80.2837219238,47730,47740,10
13.0663499832,80.2839584351,47740,47750,10
13.0675601959,80.2841567993,47750,47761,11
13.0686702728,80.2843933105,47761,47771,10
13.0697202682,80.28465271,47771,47781,10
13.0705299377,80.2848434448,47781,47791,10
13.0712995529,80.2850418091,47791,47801,10
13.0722999573,80.2852401733,47801,47811,10
13.0730800629,80.2851791382,47811,47820,9
13.0772800446,80.2873382568,47820,47889,69
13.0801496506,80.2881393433,47889,47919,30
13.0830802917,80.2891616821,47919,47949,30
13.0865497589,80.2894515991,47949,47979,30
13.0865497589,80.2894515991,47979,48000,21
13.0884399414,80.2901077271,48000,48010,10
13.0886602402,80.2899093628,48010,48020,10
13.0886802673,80.2895889282,48020,48030,10
13.0886201859,80.2889175415,48030,48040,10
13.0885896683,80.2885971069,48040,48050,10
13.0885601044,80.2881393433,48050,48060,10
13.0885295868,80.287612915,48060,48071,11
13.0885095596,80.2873001099,48071,48081,10
13.0884895325,80.2866668701,48081,48091,10
13.0885000229,80.2864074707,48091,48101,10
13.088470459,80.2857818604,48101,48111,10
13.0884199142,80.2850265503,48111,48121,10
13.0884103775,80.2844696045,48121,48131,10
13.0883197784,80.2836837769,48131,48171,40
13.0883197784,80.2836837769,48171,48182,11
13.0883398056,80.283531189,48182,48192,10
13.0883398056,80.2831726074,48192,48202,10
13.0883302689,80.2825088501,48202,48212,10
13.088259697,80.2820129395,48212,48222,10
13.0880498886,80.281539917,48222,48232,10
13.0874996185,80.2813415527,48232,48242,10
13.0868196487,80.2811584473,48242,48252,10
13.0860595703,80.2809524536,48252,48262,10
13.0856800079,80.2805633545,48262,48271,9
13.0855197906,80.2798690796,48271,48283,12
13.0847196579,80.2792892456,48283,48293,10
13.0839004517,80.2791900635,48293,48303,10
13.0829696655,80.2788314819,48303,48313,10
13.0821800232,80.2785186768,48313,48353,40
13.0821800232,80.2785186768,48353,48363,10
13.0819797516,80.2782211304,48363,48373,10
13.0818796158,80.2775192261,48373,48384,11
13.0817098618,80.2763900757,48384,48394,10
13.0815401077,80.2754364014,48394,48404,10
13.0812997818,80.2751617432,48404,48414,10
13.0808401108,80.2752227783,48414,48424,10
13.080160141,80.2752990723,48424,48434,10
13.0794000626,80.2752990723,48434,48444,10
13.0785303116,80.2752380371,48444,48454,10
13.0780601501,80.2761077881,48454,48464,10
13.0771198273,80.276260376,48464,48474,10
13.0761203766,80.2763137817,48474,48484,10
13.0758800507,80.2760772705,48484,48495,11
13.0759296417,80.2757568359,48495,48505,10
13.0759401321,80.2751617432,48505,48515,10
13.0760297775,80.2746887207,48515,48636,121
13.0760297775,80.2746887207,48636,48646,10
13.0759801865,80.2745437622,48646,48656,10
13.0759000778,80.2746887207,48656,48666,10
13.0759601593,80.2749710083,48666,48676,10
13.0757398605,80.2751083374,48676,48858,182
13.0757398605,80.2751083374,48858,48868,10
13.0759000778,80.275390625,48868,48878,10
13.0759601593,80.2754592896,48878,48888,10
13.0757799149,80.2755432129,48888,50897,2009
13.0758695602,80.2756195068,50897,50928,31
13.0758695602,80.2756195068,50928,50938,10
13.0759000778,80.2756576538,50938,50948,10
13.0759296417,80.2759399414,50948,50958,10
13.0759000778,80.2761383057,50958,50968,10
13.0760002136,80.2762680054,50968,50978,10
13.0764102936,80.276260376,50978,50988,10
13.0769500732,80.2762374878,50988,50998,10
13.0776901245,80.2761764526,50998,51009,11
13.0782299042,80.2756881714,51009,51019,10
13.0787096024,80.2751235962,51019,51029,10
13.0794696808,80.2752380371,51029,51039,10
13.080329895,80.2752380371,51039,51049,10
13.0811901093,80.2751617432,51049,51099,50
13.0811901093,80.2751617432,51099,51109,10
13.0813798904,80.2751617432,51109,51120,11
13.0816802979,80.2752304077,51120,51130,10
13.0817298889,80.2756881714,51130,51140,10
13.0818595886,80.2763519287,51140,51150,10
13.0819501877,80.2770462036,51150,51160,10
13.0820398331,80.2777786255,51160,51170,10
13.0820598602,80.2779693604,51170,51180,10
13.0820798874,80.2781677246,51180,51190,10
13.0821199417,80.2785568237,51190,51200,10
13.0821504593,80.2789306641,51200,51210,10
13.0822000504,80.2795028687,51210,51221,11
13.082280159,80.2803497314,51221,51230,9
13.0823497772,80.2810516357,51230,51241,11
13.082449913,80.2817611694,51241,51251,10
13.0830602646,80.2821807861,51251,51261,10
13.0838403702,80.2826690674,51261,51271,10
13.0845098495,80.2831115723,51271,51281,10
13.0850000381,80.2836227417,51281,51291,10
13.0853204727,80.2838287354,51291,51301,10
13.085439682,80.2836532593,51301,51311,10
13.0856199265,80.2835388184,51311,51321,10
13.0859603882,80.2835388184,51321,51332,11
13.0863304138,80.2835998535,51332,51342,10
13.086640358,80.283821106,51342,51352,10
13.0869903564,80.2839126587,51352,51372,20
13.0869903564,80.2839126587,51372,51382,10
13.0872001648,80.2839584351,51382,51392,10
13.0878295898,80.2839431763,51392,51493,101
13.0878295898,80.2839431763,51493,51503,10
13.0880403519,80.2839279175,51503,51513,10
13.0881204605,80.2838287354,51513,51523,10
13.0881099701,80.2837295532,51523,51534,11
13.0881795883,80.2835693359,51534,51544,10
13.0882902145,80.283416748,51544,51554,10
13.0882902145,80.2833175659,51554,51564,10
13.0882997513,80.2830505371,51564,51574,10
13.0882797241,80.2825775146,51574,51584,10
13.0882396698,80.2822723389,51584,51594,10
13.0881299973,80.2817764282,51594,51604,10
13.0881004333,80.2814178467,51604,51614,10
13.088259697,80.2814178467,51614,51624,10
13.0885400772,80.2816619873,51624,51633,9
13.088470459,80.2820587158,51633,51645,12
13.0883598328,80.2826690674,51645,51655,10
13.0883302689,80.2829284668,51655,51665,10
13.0883398056,80.2833023071,51665,51675,10
13.0883598328,80.2836380005,51675,51685,10
13.0883998871,80.2841415405,51685,51695,10
13.088470459,80.2849502563,51695,51746,51
13.088470459,80.2849502563,51746,51756,10
13.0884799957,80.2853317261,51756,51766,10
13.0885095596,80.2856674194,51766,51776,10
13.0885295868,80.2860183716,51776,51786,10
13.0885295868,80.2863388062,51786,51796,10
13.0885295868,80.2866516113,51796,51806,10
13.0885801315,80.2872695923,51806,51816,10
13.0886001587,80.2875213623,51816,51826,10
13.0886602402,80.2880325317,51826,51836,10
13.0887098312,80.2884979248,51836,51845,9
13.0887298584,80.2887878418,51845,51857,12
13.0888004303,80.2892913818,51857,51867,10
13.0888004303,80.2895507813,51867,51877,10
13.0888004303,80.2901611328,51877,51887,10
13.0884399414,80.2902603149,51887,51897,10
13.0877399445,80.2899398804,51897,51907,10
13.0868997574,80.2895965576,51907,51917,10
13.0858402252,80.2893218994,51917,51927,10
13.0847797394,80.2891693115,51927,51937,10
13.0838098526,80.2891769409,51937,51947,10
13.0829200745,80.2891616821,51947,51958,11
13.0818395615,80.2887420654,51958,51968,10
13.0809803009,80.2884292603,51968,51978,10
13.0801696777,80.2882080078,51978,51988,10
13.0791702271,80.2879562378,51988,51998,10
13.078040123,80.2875595093,51998,52008,10
13.07695961,80.2873001099,52008,52018,10
13.0758104324,80.2870025635,52018,52028,10
13.074930191,80.2865371704,52028,52038,10
13.073969841,80.2860717773,52038,52048,10
13.0730104446,80.2857818604,52048,52059,11
13.0718803406,80.2852783203,52059,52069,10
13.070690155,80.2849884033,52069,52079,10
13.0694198608,80.2846832275,52079,52089,10
13.0681695938,80.2844009399,52089,52099,10
13.0669403076,80.2841796875,52099,52109,10
13.0656795502,80.2838973999,52109,52119,10
13.0644798279,80.2836074829,52119,52129,10
13.0635404587,80.2833786011,52129,52139,10
13.0626497269,80.2831726074,52139,52149,10
13.0625200272,80.2831497192,52149,52159,10
13.0625,80.2831420898,52159,52170,11
13.06208992,80.2830429077,52170,52180,10
13.0613803864,80.2828674316,52180,52190,10
13.0607500076,80.2827529907,52190,52200,10
13.0600700378,80.2826080322,52200,52210,10
13.0591201782,80.2824172974,52210,52220,10
13.0579996109,80.2822036743,52220,52230,10
13.0571403503,80.2820129395,52230,52240,10
13.0567398071,80.2819290161,52240,52250,10
13.0566797256,80.2819213867,52250,52260,10
13.0562801361,80.2818222046,52260,52271,11
13.0554895401,80.2816467285,52271,52281,10
13.0544996262,80.2814483643,52281,52291,10
13.0533304214,80.2812423706,52291,52301,10
13.0521497726,80.2810668945,52301,52311,10
13.0510196686,80.2808914185,52311,52321,10
13.0500202179,80.2807388306,52321,52331,10
13.0488901138,80.2805786133,52331,52341,10
13.0476703644,80.2804107666,52341,52351,10
13.0464601517,80.2802581787,52351,52361,10
13.0455503464,80.2801437378,52361,52370,9
13.0447397232,80.2800369263,52370,52382,12
13.0435600281,80.2798614502,52382,52392,10
13.0426197052,80.2796401978,52392,52402,10
13.0414896011,80.2794418335,52402,52412,10
13.0403900146,80.2792205811,52412,52422,10
13.039440155,80.2789764404,52422,52432,10
13.0390300751,80.2788619995,52432,52442,10
13.0389795303,80.2788314819,52442,52452,10
13.038769722,80.2787399292,52452,52462,10
13.0386400223,80.2786636353,52462,52471,9
13.0382404327,80.2785110474,52471,52483,12
13.0373802185,80.2782897949,52483,52493,10
13.0366601944,80.2780380249,52493,52503,10
13.0358295441,80.2778167725,52503,52513,10
13.0350103378,80.2776565552,52513,52523,10
13.0340595245,80.2774429321,52523,52553,30
13.0340595245,80.2774429321,52553,52563,10
13.0336198807,80.2773971558,52563,52584,21
13.0336198807,80.2773971558,52584,52594,10
13.0334796906,80.2774200439,52594,52604,10
13.0330095291,80.2775192261,52604,52614,10
13.032409668,80.2775497437,52614,52624,10
13.0316095352,80.2776031494,52624,52634,10
13.030960083,80.2772903442,52634,52644,10
13.0309295654,80.2772674561,52644,52654,10
13.0306301117,80.2770996094,52654,52664,10
13.0300397873,80.2768325806,52664,52674,10
13.029299736,80.2765884399,52674,52684,10
13.0284900665,80.2763366699,52684,52695,11
13.0276098251,80.2759933472,52695,52705,10
13.0268096924,80.2755966187,52705,52715,10
13.0260400772,80.2752685547,52715,52725,10
13.0259504318,80.2752304077,52725,52735,10
13.0258998871,80.2751998901,52735,52745,10
13.0255403519,80.2750320435,52745,52755,10
13.024889946,80.2747192383,52755,52765,10
13.0241804123,80.2741470337,52765,52775,10
13.023639679,80.2734069824,52775,52785,10
13.0230398178,80.2725982666,52785,52796,11
13.0222997665,80.2716369629,52796,52806,10
13.0216197968,80.2707519531,52806,52816,10
13.0210103989,80.2700119019,52816,52826,10
13.0208301544,80.2698135376,52826,52836,10
13.0206699371,80.2696228027,52836,52846,10
13.0202999115,80.2691421509,52846,52856,10
13.019780159,80.2685012817,52856,52866,10
13.0191202164,80.2677078247,52866,52876,10
13.0186395645,80.2667388916,52876,52886,10
13.0186004639,80.2659301758,52886,52897,11
13.0187597275,80.2652206421,52897,52907,10
13.0190095901,80.2643890381,52907,52917,10
13.0189800262,80.2635574341,52917,52927,10
13.018910408,80.2631835938,52927,52937,10
13.0188703537,80.2629165649,52937,52947,10
13.0188398361,80.2626037598,52947,52957,10
13.0187597275,80.261932373,52957,52967,10
13.0186595917,80.2613601685,52967,52977,10
13.0182800293,80.2610397339,52977,52987,10
13.0176401138,80.2606277466,52987,52997,10
13.0169000626,80.2601165771,52997,53008,11
13.016119957,80.2597198486,53008,53018,10
13.0160703659,80.2596893311,53018,53028,10
13.0158500671,80.2595901489,53028,53038,10
13.0153102875,80.2594070435,53038,53048,10
13.0145998001,80.2593231201,53048,53058,10
13.013759613,80.2592697144,53058,53068,10
13.0127897263,80.2592315674,53068,53078,10
13.0117902756,80.2591934204,53078,53088,10
13.010840416,80.2591781616,53088,53098,10
13.0097503662,80.2592010498,53098,53109,11
13.0088100433,80.2591705322,53109,53119,10
13.0085401535,80.2591705322,53119,53129,10
13.0079698563,80.2592391968,53129,53139,10
13.0073795319,80.2591781616,53139,53149,10
13.0071496964,80.2586975098,53149,53159,10
13.007109642,80.2585830688,53159,53169,10
13.0068798065,80.2581634521,53169,53179,10
13.0064296722,80.2576217651,53179,53189,10
13.0057497025,80.2574005127,53189,53199,10
13.0049695969,80.257232666,53199,53210,11
13.0039196014,80.2569885254,53210,53220,10
13.0030899048,80.2568283081,53220,53230,10
13.0021600723,80.2566375732,53230,53240,10
13.0015497208,80.2565536499,53240,53270,30
13.0015497208,80.2565536499,53270,53280,10
13.0015201569,80.2565994263,53280,53290,10
13.0011100769,80.2565231323,53290,53300,10
13.00041008,80.256401062,53300,53309,9
12.9997501373,80.2562637329,53309,53321,12
12.9992103577,80.256149292,53321,53331,10
12.9986095428,80.2560577393,53331,53351,20
12.9986095428,80.2560577393,53351,53361,10
12.9983901978,80.2560806274,53361,53371,10
12.9979400635,80.2559814453,53371,53381,10
12.9975299835,80.2559204102,53381,53391,10
12.997130394,80.255897522,53391,53411,20
12.997130394,80.255897522,53411,53422,11
12.9970197678,80.2558898926,53422,53432,10
12.9967403412,80.2558898926,53432,53442,10
12.996219635,80.255897522,53442,53452,10
12.9955997467,80.255897522,53452,53462,10
12.9949197769,80.2559509277,53462,53472,10
12.9944000244,80.2559509277,53472,53482,10
12.9937801361,80.2559967041,53482,53492,10
12.992939949,80.2560272217,53492,53502,10
12.9918603897,80.2560424805,53502,53512,10
12.9908704758,80.2559967041,53512,53523,11
12.9899902344,80.2559814453,53523,53533,10
12.9891796112,80.2559509277,53533,53543,10
12.9881401062,80.2558364868,53543,53553,10
12.9872398376,80.2556915283,53553,53563,10
12.9864501953,80.2555618286,53563,53573,10
12.9862604141,80.2555236816,53573,53583,10
12.9861402512,80.2554779053,53583,53593,10
12.9858903885,80.2554168701,53593,53603,10
12.9853696823,80.2553405762,53603,53613,10
12.984629631,80.2551803589,53613,53623,10
12.9838199615,80.2549591064,53623,53634,11
12.9828901291,80.2546615601,53634,53644,10
12.9821500778,80.2543182373,53644,53654,10
12.9818401337,80.2535324097,53654,53664,10
12.9814500809,80.2527923584,53664,53674,10
12.9805402756,80.2527618408,53674,53684,10
12.9795198441,80.2526779175,53684,53694,10
12.9786500931,80.2525787354,53694,53704,10
12.9786195755,80.252571106,53704,53714,10
12.9783496857,80.2524185181,53714,53724,10
12.9778499603,80.2519836426,53724,53734,10
12.9770803452,80.2514190674,53734,53745,11
12.9758501053,80.2510375977,53745,53755,10
12.9746398926,80.2506866455,53755,53765,10
12.9734096527,80.2503585815,53765,53775,10
12.9721097946,80.25,53775,53785,10
12.9707899094,80.2496414185,53785,53795,10
12.9694795609,80.2491836548,53795,53805,10
12.9681797028,80.2487030029,53805,53815,10
12.9669599533,80.2481689453,53815,53824,9
12.9660301208,80.2477111816,53824,53836,12
12.9652204514,80.2474136353,53836,53846,10
12.9651203156,80.2473602295,53846,53856,10
12.9646596909,80.2471923828,53856,53866,10
12.96393013,80.2469177246,53866,53876,10
12.96296978,80.2464828491,53876,53886,10
12.9618701935,80.2459106445,53886,53896,10
12.9607896805,80.2454071045,53896,53906,10
12.9596796036,80.2449493408,53906,53916,10
12.9593601227,80.2447967529,53916,53926,10
12.9591398239,80.2446899414,53926,53936,10
12.9585504532,80.2444076538,53936,53947,11
12.9578104019,80.2441101074,53947,53957,10
12.9570999146,80.2438278198,53957,53967,10
12.956319809,80.2435379028,53967,53977,10
12.9555101395,80.2431869507,53977,53987,10
12.9545698166,80.2427978516,53987,53997,10
12.9535398483,80.2423706055,53997,54007,10
12.9524402618,80.2419128418,54007,54017,10
12.9516496658,80.2416534424,54017,54027,10
12.9515600204,80.2415924072,54027,54037,10
12.9511098862,80.2414474487,54037,54048,11
12.9502496719,80.2411880493,54048,54058,10
12.9493999481,80.2409362793,54058,54068,10
12.9483299255,80.2405166626,54068,54078,10
12.9475297928,80.2401504517,54078,54088,10
12.9471597672,80.2399978638,54088,54098,10
12.9466695786,80.2397994995,54098,54108,10
12.9459199905,80.2394866943,54108,54118,10
12.9450302124,80.2389526367,54118,54128,10
12.9441995621,80.238067627,54128,54138,10
12.9433202744,80.2371292114,54138,54149,11
12.9420604706,80.2363891602,54149,54159,10
12.9407196045,80.2360534668,54159,54169,10
12.9397001266,80.2357406616,54169,54179,10
12.9394397736,80.2356262207,54179,54189,10
12.9393100739,80.2355728149,54189,54199,10
12.9387998581,80.2352981567,54199,54209,10
12.9380598068,80.2349319458,54209,54219,10
12.9371204376,80.2344818115,54219,54229,10
12.9363298416,80.2341003418,54229,54239,10
12.9357595444,80.2338790894,54239,54248,9
12.9356403351,80.2340164185,54248,54260,12
12.9355697632,80.2342071533,54260,54270,10
12.9353704453,80.2347488403,54270,54280,10
12.9351797104,80.2353210449,54280,54290,10
12.9350004196,80.2353668213,54290,54300,10
12.9347696304,80.2352905273,54300,54310,10
12.9342403412,80.2350769043,54310,54320,10
12.9338998795,80.2350006104,54320,54330,10
12.9337396622,80.2354736328,54330,54340,10
12.9335603714,80.2361221313,54340,54350,10
12.9331598282,80.2360992432,54350,54361,11
12.9329395294,80.2364425659,54361,54371,10
12.9327602386,80.2371368408,54371,54381,10
12.93268013,80.2373886108,54381,54391,10
12.9324703217,80.2378616333,54391,54401,10
12.93227005,80.2384109497,54401,54411,10
12.9321498871,80.2386398315,54411,54421,10
12.9317598343,80.2387008667,54421,54431,10
12.9312000275,80.23853302,54431,54451,20
12.9312000275,80.23853302,54451,54460,9
12.931019783,80.2384567261,54460,54472,12
12.9303398132,80.2382202148,54472,54482,10
12.9297199249,80.237991333,54482,54492,10
12.9295396805,80.2381820679,54492,54502,10
12.9294204712,80.2385787964,54502,54512,10
12.9292802811,80.2389831543,54512,54522,10
12.9288597107,80.2389526367,54522,54532,10
12.9283504486,80.2388381958,54532,54603,71
12.9283504486,80.2388381958,54603,54613,10
12.9280900955,80.2387466431,54613,54623,10
12.9275798798,80.2386322021,54623,54633,10
12.9268302917,80.2384490967,54633,54643,10
12.9255399704,80.2381286621,54643,54663,20
12.9255399704,80.2381286621,54663,54674,11
12.9254999161,80.2381515503,54674,54684,10
12.9251804352,80.238067627,54684,54694,10
12.9248600006,80.2380599976,54694,54704,10
12.9252099991,80.2383117676,54704,56097,1393
12.9252099991,80.2383117676,56097,56107,10
12.9255504608,80.2383117676,56107,56117,10
12.9256000519,80.2382965088,56117,56127,10
12.9258499146,80.2381820679,56127,56137,10
12.9260501862,80.2382125854,56137,56148,11
12.9262599945,80.2382736206,56148,56158,10
12.9267597198,80.2384033203,56158,56168,10
12.9273500443,80.2385406494,56168,56178,10
12.9282302856,80.2387390137,56178,56198,20
12.9282302856,80.2387390137,56198,56208,10
12.9284601212,80.2387924194,56208,56218,10
12.9287700653,80.238861084,56218,56228,10
12.9289903641,80.2389297485,56228,56238,10
12.929309845,80.2388763428,56238,56249,11
12.9294300079,80.2385177612,56249,56259,10
12.9295597076,80.2381286621,56259,56269,10
12.9296798706,80.2379684448,56269,56279,10
12.9301395416,80.2381134033,56279,56289,10
12.9311599731,80.2384719849,56289,56309,20
12.9312400818,80.2385177612,56309,56339,30
12.9312400818,80.2385177612,56339,56350,11
12.9315795898,80.2386322021,56350,56360,10
12.9321203232,80.2386932373,56360,56370,10
12.9322595596,80.2384414673,56370,56380,10
12.9323501587,80.2381820679,56380,56390,10
12.932559967,80.2376937866,56390,56400,10
12.9327001572,80.2372283936,56400,56410,10
12.9328203201,80.2369613647,56410,56420,10
12.9329299927,80.236579895,56420,56430,10
12.9329900742,80.2361831665,56430,56440,10
12.9332304001,80.2361373901,56440,56450,10
12.9334096909,80.2361831665,56450,56461,11
12.9336099625,80.2359466553,56461,56471,10
12.9337596893,80.2354125977,56471,56481,10
12.9339599609,80.2350082397,56481,56491,10
12.9341001511,80.2350463867,56491,56501,10
12.9344596863,80.2351989746,56501,56511,10
12.9349298477,80.2354125977,56511,56521,10
12.9351100922,80.2353515625,56521,56531,10
12.9351902008,80.2351531982,56531,56541,10
12.9354200363,80.2346420288,56541,56551,10
12.9356899261,80.2339477539,56551,56602,51
12.9356899261,80.2339477539,56602,56612,10
12.9359197617,80.2337799072,56612,56622,10
12.936340332,80.2339782715,56622,56632,10
12.937040329,80.2342987061,56632,56642,10
12.9378995895,80.2347335815,56642,56652,10
12.9389295578,80.2352371216,56652,56663,11
12.9397802353,80.2356491089,56663,56673,10
12.9398097992,80.2356491089,56673,56683,10
12.9399299622,80.235710144,56683,56693,10
12.9404401779,80.2358932495,56693,56703,10
12.9412097931,80.236076355,56703,56713,10
12.9422197342,80.2363433838,56713,56723,10
12.9432096481,80.2368469238,56723,56733,10
12.9439601898,80.2376098633,56733,56743,10
12.9447803497,80.2385101318,56743,56753,10
12.9457397461,80.2393188477,56753,56764,11
12.9469995499,80.2398376465,56764,56774,10
12.9473400116,80.239982605,56774,56784,10
12.9475297928,80.2400588989,56784,56794,10
12.9480695724,80.2402801514,56794,56804,10
12.9488601685,80.2406082153,56804,56854,50
12.9488601685,80.2406082153,56854,56864,10
12.9491596222,80.2408218384,56864,56875,11
12.9497995377,80.2409896851,56875,56885,10
12.9506397247,80.2412261963,56885,56895,10
12.9511098862,80.2413711548,56895,56905,10
12.9513196945,80.2414627075,56905,56915,10
12.951880455,80.2416610718,56915,56925,10
12.952630043,80.2419433594,56925,56935,10
12.9534797668,80.2422790527,56935,56945,10
12.9545001984,80.24269104,56945,56955,10
12.9551696777,80.2429428101,56955,56965,10
12.9560804367,80.2432403564,56965,57016,51
12.9560804367,80.2432403564,57016,57026,10
12.9563102722,80.2433166504,57026,57056,30
12.9563102722,80.2433166504,57056,57066,10
12.9565200806,80.2433700562,57066,57077,11
12.9568996429,80.243560791,57077,57087,10
12.9575099945,80.2438430786,57087,57097,10
12.9582195282,80.2441635132,57097,57107,10
12.9588899612,80.244430542,57107,57117,10
12.9589395523,80.244468689,57117,57127,10
12.959280014,80.2446517944,57127,57137,10
12.9598999023,80.2449493408,57137,57147,10
12.9607200623,80.2453308105,57147,57157,10
12.9617395401,80.2458114624,57157,57167,10
12.962770462,80.2462997437,57167,57176,9
12.9631996155,80.2464904785,57176,57188,12
12.9633903503,80.2465896606,57188,57198,10
12.9638299942,80.2468032837,57198,57208,10
12.9645299911,80.2470626831,57208,57218,10
12.9652299881,80.2473220825,57218,57228,10
12.9658403397,80.2475204468,57228,57238,10
12.966799736,80.2479095459,57238,57258,20
12.966799736,80.2479095459,57258,57268,10
12.967040062,80.2480392456,57268,57278,10
12.9675397873,80.2482528687,57278,57289,11
12.9683504105,80.2486114502,57289,57299,10
12.969329834,80.2489776611,57299,57309,10
12.9704399109,80.2494277954,57309,57319,10
12.9716501236,80.2498016357,57319,57329,10
12.9728298187,80.2501068115,57329,57339,10
12.9739904404,80.2504119873,57339,57349,10
12.9752197266,80.2507705688,57349,57359,10
12.9764995575,80.251121521,57359,57369,10
12.9776802063,80.251663208,57369,57379,10
12.9784402847,80.2522506714,57379,57390,11
12.9785203934,80.2522964478,57390,57400,10
12.9788303375,80.2524719238,57400,57410,10
12.9793996811,80.252571106,57410,57420,10
12.9795103073,80.252571106,57420,57430,10
12.9798297882,80.2526016235,57430,57440,10
12.9804601669,80.2526092529,57440,57450,10
12.9813404083,80.2526016235,57450,57460,10
12.9824695587,80.2525787354,57460,57470,10
12.9837198257,80.2524108887,57470,57480,10
12.9849395752,80.2520904541,57480,57490,10
12.9861097336,80.2517929077,57490,57501,11
12.9872398376,80.2514801025,57501,57511,10
12.9877796173,80.251373291,57511,57521,10
12.9879102707,80.251663208,57521,57531,10
12.9880199432,80.252243042,57531,57541,10
12.9879398346,80.2531661987,57541,57551,10
12.9878396988,80.2542724609,57551,57561,10
12.9877595901,80.2552871704,57561,57571,10
12.9878196716,80.2557830811,57571,57581,10
12.9882802963,80.2558517456,57581,57591,10
12.988699913,80.255859375,57591,57612,21
12.988699913,80.255859375,57612,57622,10
12.9890298843,80.255897522,57622,57632,10
12.9895896912,80.2559509277,57632,57642,10
12.9903202057,80.2559204102,57642,57652,10
12.9909095764,80.2559814453,57652,57662,10
12.9916496277,80.2559814453,57662,57672,10
12.9925899506,80.2559814453,57672,57682,10
12.9934997559,80.2559432983,57682,57692,10
12.9937601089,80.2559280396,57692,57703,11
12.9943399429,80.2559127808,57703,57713,10
12.9951496124,80.2558364868,57713,57723,10
12.9959897995,80.2557983398,57723,57733,10
12.9964199066,80.255821228,57733,57743,10
12.9969596863,80.2558364868,57743,57753,10
12.9974403381,80.2558517456,57753,57763,10
12.9981298447,80.2559204102,57763,57773,10
12.9990997314,80.2560195923,57773,57824,51
12.9990997314,80.2560195923,57824,57834,10
12.9992599487,80.256111145,57834,57844,10
12.9996099472,80.2561798096,57844,57854,10
13.0001897812,80.2562866211,57854,57864,10
13.0009403229,80.2564163208,57864,57874,10
13.0016002655,80.2565307617,57874,57884,10
13.0023403168,80.2566375732,57884,57894,10
13.0030698776,80.2567825317,57894,57904,10
13.0038299561,80.2569198608,57904,57915,11
13.0047702789,80.2571105957,57915,57925,10
13.0057096481,80.2572784424,57925,57935,10
13.0061302185,80.2573623657,57935,57945,10
13.0063295364,80.2574005127,57945,57975,30
13.0063295364,80.2574005127,57975,57985,10
13.0065898895,80.2574462891,57985,57995,10
13.0068998337,80.2577590942,57995,58005,10
13.0072803497,80.2583236694,58005,58016,11
13.008480072,80.2589111328,58016,58036,20
13.008480072,80.2589111328,58036,58046,10
13.0087404251,80.2590179443,58046,58056,10
13.0093603134,80.2590332031,58056,58066,10
13.0102596283,80.2590484619,58066,58076,10
13.0113897324,80.2590637207,58076,58086,10
13.0125799179,80.2591094971,58086,58096,10
13.0138101578,80.2591629028,58096,58106,10
13.0150499344,80.2591934204,58106,58117,11
13.0161104202,80.2594528198,58117,58127,10
13.0163497925,80.2596130371,58127,58137,10
13.0165195465,80.2597732544,58137,58147,10
13.0169897079,80.2601089478,58147,58157,10
13.0176401138,80.2605667114,58157,58167,10
13.0183095932,80.2610168457,58167,58177,10
13.0189399719,80.2614822388,58177,58187,10
13.0194797516,80.2619628906,58187,58197,10
13.0201101303,80.2626037598,58197,58207,10
13.0201501846,80.2629928589,58207,58217,10
13.0195398331,80.2629623413,58217,58228,11
13.018989563,80.2630767822,58228,58238,10
13.0190696716,80.2637176514,58238,58248,10
13.0190496445,80.2645568848,58248,58258,10
13.0188302994,80.2653121948,58258,58268,10
13.0187101364,80.2657394409,58268,58278,10
13.0186796188,80.2665100098,58278,58288,10
13.0189199448,80.2673492432,58288,58298,10
13.0195798874,80.268157959,58298,58308,10
13.0202598572,80.2690124512,58308,58317,9
13.0208702087,80.2697601318,58317,58329,12
13.021490097,80.2704620361,58329,58339,10
13.0215597153,80.2705383301,58339,58349,10
13.0218400955,80.2708969116,58349,58359,10
13.0222997665,80.2714920044,58359,58369,10
13.0228204727,80.2722015381,58369,58379,10
13.0234203339,80.2730102539,58379,58389,10
13.0236797333,80.2733612061,58389,58399,10
13.0239601135,80.2737426758,58399,58409,10
13.0242900848,80.2741775513,58409,58419,10
13.0245704651,80.2744903564,58419,58430,11
13.0249595642,80.2747116089,58430,58440,10
13.025349617,80.2748413086,58440,58450,10
13.0254001617,80.2748718262,58450,58460,10
13.0255899429,80.2750091553,58460,58470,10
13.0260601044,80.2752380371,58470,58480,10
13.0265398026,80.2754364014,58480,58490,10
13.0270595551,80.275680542,58490,58500,10
13.027759552,80.2760925293,58500,58510,10
13.0285902023,80.2763824463,58510,58519,9
13.0293903351,80.2766265869,58519,58531,12
13.0303096771,80.2768936157,58531,58541,10
13.0309896469,80.2772674561,58541,58551,10
13.0317001343,80.2775268555,58551,58561,10
13.0327196121,80.2774810791,58561,58581,20
13.0327196121,80.2774810791,58581,58591,10
13.0331802368,80.2773971558,58591,58631,40
13.0331802368,80.2773971558,58631,58642,11
13.0332698822,80.2773971558,58642,58652,10
13.0336198807,80.2773284912,58652,58662,10
13.034239769,80.2774963379,58662,58672,10
13.0350904465,80.2776870728,58672,58682,10
13.0359201431,80.27784729,58682,58692,10
13.0367603302,80.2780838013,58692,58702,10
13.037610054,80.2783432007,58702,58712,10
13.0385799408,80.2786102295,58712,58722,10
13.0388803482,80.2787017822,58722,58732,10
13.0389299393,80.2787017822,58732,58743,11
13.0392198563,80.2788009644,58743,58753,10
13.0397796631,80.278968811,58753,58763,10
13.0405702591,80.2791900635,58763,58773,10
13.0415401459,80.2793807983,58773,58783,10
13.0431003571,80.2795333862,58783,58832,49
13.0431003571,80.2795333862,58832,58843,11
13.0431604385,80.2795333862,58843,58854,11
13.0436000824,80.2796783447,58854,58864,10
13.0443000793,80.2798614502,58864,58874,10
13.0452003479,80.2799911499,58874,58884,10
13.04570961,80.2800674438,58884,58894,10
13.0458498001,80.2800979614,58894,58904,10
13.0463600159,80.2801818848,58904,58914,10
13.0471401215,80.2802963257,58914,58924,10
13.048119545,80.2804412842,58924,58934,10
13.0491695404,80.2805786133,58934,58943,9
13.050069809,80.280708313,58943,58955,12
13.0510902405,80.2808685303,58955,58965,10
13.0520200729,80.28099823,58965,58975,10
13.0531196594,80.2811813354,58975,58985,10
13.0542297363,80.2813796997,58985,58995,10
13.0552997589,80.2815704346,58995,59005,10
13.056520462,80.2818069458,59005,59025,20
13.056520462,80.2818069458,59025,59035,10
13.056599617,80.2818222046,59035,59045,10
13.0573596954,80.2819824219,59045,59066,21
13.0573596954,80.2819824219,59066,59076,10
13.0574102402,80.2819900513,59076,59086,10
13.0578098297,80.2820663452,59086,59096,10
13.0584897995,80.2822265625,59096,59106,10
13.0593795776,80.2824172974,59106,59116,10
13.0602703094,80.2826004028,59116,59126,10
13.0611495972,80.2827835083,59126,59136,10
13.062210083,80.2829971313,59136,59146,10
13.063079834,80.2831878662,59146,59157,11
13.0632095337,80.2832183838,59157,59167,10
13.0635299683,80.2832717896,59167,59177,10
13.0640296936,80.2834014893,59177,59187,10
13.0647201538,80.2835922241,59187,59197,10
13.0655603409,80.2837905884,59197,59207,10
13.0665998459,80.283996582,59207,59217,10
13.0674800873,80.2841186523,59217,59227,10
13.0681295395,80.2842407227,59227,59237,10
13.0689096451,80.2844314575,59237,59247,10
13.069849968,80.2846832275,59247,59258,11
13.0706796646,80.2848815918,59258,59268,10
13.0713996887,80.2850723267,59268,59278,10
13.0722303391,80.2852401733,59278,59288,10
13.0730600357,80.2851867676,59288,59298,10
13.0732498169,80.2851791382,59298,59308,10
13.0734796524,80.2853088379,59308,59318,10
13.0738801956,80.2855682373,59318,59328,10
13.0742301941,80.2860183716,59328,59338,10
13.074930191,80.2864837646,59338,59348,10
13.0758199692,80.2869491577,59348,59358,10
13.0769300461,80.2872695923,59358,59369,11
13.0779695511,80.2874984741,59369,59379,10
13.0790195465,80.2878494263,59379,59389,10
13.079870224,80.2881164551,59389,59399,10
13.0800304413,80.2881317139,59399,59409,10
13.0805196762,80.2882537842,59409,59419,10
13.0812301636,80.2884597778,59419,59429,10
13.0820903778,80.2887420654,59429,59439,10
13.083029747,80.2891616821,59439,59449,10
13.0840597153,80.2891769409,59449,59459,10
13.0851297379,80.2891311646,59459,59470,11
13.0863800049,80.2894287109,59470,59480,10
13.0873804092,80.2897567749,59480,59490,10
13.0882797241,80.2901229858,59490,59500,10
13.0888004303,80.2901763916,59500,59510,10
13.0888004303,80.2901916504,59510,59520,10
13.0888299942,80.2902832031,59520,59550,30
13.0888299942,80.2902832031,59550,59559,9
13.0887403488,80.290397644,59559,59571,12
13.088350296,80.2903671265,59571,59581,10
13.0876703262,80.2900314331,59581,59591,10
13.0867795944,80.2897415161,59591,59601,10
13.0858697891,80.2895126343,59601,59611,10
13.0853796005,80.2888565063,59611,59621,10
13.085100174,80.287979126,59621,59631,10
13.085149765,80.286819458,59631,59641,10
13.0852603912,80.2855911255,59641,59651,10
13.0852804184,80.2845077515,59651,59661,10
13.0852098465,80.2841033936,59661,59672,11
13.0852804184,80.283996582,59672,59682,10
13.0854301453,80.2836608887,59682,59692,10
13.0856304169,80.2835388184,59692,59702,10
13.0859899521,80.283531189,59702,59712,10
13.086350441,80.2836685181,59712,59722,10
13.0867204666,80.2839202881,59722,59732,10
13.0871295929,80.2839508057,59732,59742,10
13.0877504349,80.2839736938,59742,59823,81
13.088060379,80.2839508057,59823,60853,1030
13.088060379,80.2839508057,60853,60863,10
13.0881996155,80.2834777832,60863,60873,10
13.0882797241,80.2832794189,60873,60883,10
13.0882797241,80.2828979492,60883,60893,10
13.0882797241,80.2825317383,60893,60903,10
13.0882501602,80.2822265625,60903,60913,10
13.0881500244,80.2817993164,60913,60924,11
13.0880804062,80.2814178467,60924,60934,10
13.0884399414,80.2814865112,60934,60944,10
13.0885295868,80.2817993164,60944,60954,10
13.088470459,80.2822418213,60954,60964,10
13.0883798599,80.2827606201,60964,60974,10
13.0883598328,80.2830276489,60974,60984,10
13.0883798599,80.2834014893,60984,60994,10
13.0883903503,80.283706665,60994,61004,10
13.0884103775,80.2842483521,61004,61014,10
13.0884504318,80.284866333,61014,61024,10
13.0884399414,80.2851867676,61024,61085,61
13.0884399414,80.2851867676,61085,61095,10
13.0884199142,80.285369873,61095,61105,10
13.088470459,80.2857513428,61105,61115,10
13.0885000229,80.2862167358,61115,61125,10
13.08852005,80.286529541,61125,61136,11
13.0885295868,80.2870330811,61136,61146,10
13.0885601044,80.2874908447,61146,61156,10
13.0885896683,80.2877578735,61156,61166,10
13.0886497498,80.2883071899,61166,61176,10
13.0886802673,80.2886581421,61176,61186,10
13.088760376,80.2890930176,61186,61196,10
13.0888004303,80.2898025513,61196,61206,10
13.0887403488,80.2904434204,61206,61216,10
13.0882797241,80.2902526855,61216,61226,10
13.0875902176,80.2899169922,61226,61237,11
13.0867004395,80.2895584106,61237,61247,10
13.0856704712,80.2893066406,61247,61257,10
13.0847101212,80.2892074585,61257,61267,10
13.083820343,80.2892379761,61267,61277,10
13.0830602646,80.2892379761,61277,61287,10
13.0822496414,80.2889099121,61287,61297,10
13.0814399719,80.2886199951,61297,61307,10
13.0806798935,80.2883911133,61307,61317,10
13.0799102783,80.2881698608,61317,61327,10
13.0797195435,80.2881622314,61327,61338,11
13.079369545,80.2880783081,61338,61348,10
13.0787696838,80.2878036499,61348,61358,10
13.0779399872,80.2875366211,61358,61368,10
13.0769796371,80.2873077393,61368,61378,10
13.0760002136,80.287071228,61378,61388,10
13.075220108,80.2867507935,61388,61398,10
13.073969841,80.2861480713,61398,61418,20
13.073969841,80.2861480713,61418,61428,10
13.0737304688,80.2860794067,61428,61438,10
13.0732498169,80.2859191895,61438,61449,11
13.0725498199,80.2855072021,61449,61459,10
13.071680069,80.2852478027,61459,61469,10
13.070599556,80.2849884033,61469,61479,10
13.0694799423,80.2847213745,61479,61489,10
13.068400383,80.2844696045,61489,61499,10
13.0675497055,80.2843093872,61499,61509,10
13.0664901733,80.2840805054,61509,61519,10
13.0653800964,80.2838287354,61519,61529,10
13.0645704269,80.2836380005,61529,61539,10
13.064450264,80.2836227417,61539,61550,11
13.0641899109,80.2835464478,61550,61560,10
13.0636796951,80.2834014893,61560,61570,10
13.0630702972,80.283241272,61570,61580,10
13.0625,80.2831192017,61580,61620,40
13.0625,80.2831192017,61620,61630,10
13.0624599457,80.2831115723,61630,61640,10
13.0623703003,80.2830810547,61640,61651,11
13.0620203018,80.2829971313,61651,61661,10
13.0614500046,80.2828674316,61661,61671,10
13.0607099533,80.2827072144,61671,61681,10
13.0602502823,80.282623291,61681,61691,10
13.059709549,80.2825012207,61691,61700,9
13.0589799881,80.2823562622,61700,61711,11
13.0580301285,80.2821731567,61711,61721,10
13.0567398071,80.2819213867,61721,61752,31
13.0567398071,80.2819213867,61752,61762,10
13.0565395355,80.2818603516,61762,61772,10
13.0560598373,80.28175354,61772,61782,10
13.0552997589,80.2816085815,61782,61792,10
13.0543804169,80.2814102173,61792,61801,9
13.0534000397,80.2812271118,61801,61812,11
13.0521297455,80.2810592651,61812,61822,10
13.0510597229,80.2808914185,61822,61832,10
13.0500297546,80.2807312012,61832,61842,10
13.0489301682,80.2805709839,61842,61852,10
13.0477695465,80.2804031372,61852,61863,11
13.0465202332,80.2802429199,61863,61873,10
13.0456800461,80.2801513672,61873,61883,10
13.0455904007,80.2801437378,61883,61893,10
13.0452003479,80.280090332,61893,61903,10
13.0445203781,80.2799987793,61903,61913,10
13.0435400009,80.2798461914,61913,61943,30
13.0435400009,80.2798461914,61943,61953,10
13.0432195663,80.2797927856,61953,61964,11
13.0425395966,80.2796173096,61964,61974,10
13.0416698456,80.2794570923,61974,61984,10
13.0406904221,80.2792663574,61984,61994,10
13.0397100449,80.2790374756,61994,62004,10
13.039059639,80.2788696289,62004,62014,10
13.0390300751,80.2788619995,62014,62024,10
13.0388202667,80.2787780762,62024,62034,10
13.0383195877,80.2786102295,62034,62044,10
13.0376300812,80.2783966064,62044,62054,10
13.0369501114,80.2781829834,62054,62065,11
13.0361995697,80.277923584,62065,62075,10
13.0354299545,80.2777633667,62075,62085,10
13.0346298218,80.277633667,62085,62095,10
13.0338897705,80.2774429321,62095,62105,10
13.0334196091,80.2774124146,62105,62115,10
13.0328903198,80.2775115967,62115,62125,10
13.0324201584,80.2775192261,62125,62135,10
13.0318899155,80.2775726318,62135,62145,10
13.03125,80.2775115967,62145,62155,10
13.0308904648,80.2772674561,62155,62166,11
13.0308799744,80.2772674561,62166,62176,10
13.03083992,80.2772369385,62176,62186,10
13.0304603577,80.2770080566,62186,62196,10
13.0297603607,80.2767105103,62196,62206,10
13.0289897919,80.2765274048,62206,62216,10
13.0282802582,80.2762680054,62216,62226,10
13.0276203156,80.2759780884,62226,62236,10
13.0267896652,80.2756118774,62236,62246,10
13.0260095596,80.2752685547,62246,62256,10
13.0259504318,80.2752380371,62256,62266,10
13.0258903503,80.2751998901,62266,62277,11
13.0254602432,80.2750015259,62277,62287,10
13.0247802734,80.2746887207,62287,62297,10
13.0240697861,80.2740325928,62297,62357,60
13.0240697861,80.2740325928,62357,62367,10
13.023900032,80.2738418579,62367,62378,11
13.0235700607,80.2733688354,62378,62388,10
13.0231199265,80.2727432251,62388,62398,10
13.0225601196,80.2719802856,62398,62408,10
13.0219202042,80.2711486816,62408,62418,10
13.0212602615,80.2703399658,62418,62428,10
13.0208501816,80.2698669434,62428,62438,10
13.0208396912,80.2698669434,62438,62448,10
13.0205802917,80.26953125,62448,62458,10
13.0201797485,80.268989563,62458,62468,10
13.0196199417,80.2683181763,62468,62479,11
13.0188999176,80.2674407959,62479,62489,10
13.0186195374,80.2664413452,62489,62499,10
13.0186300278,80.2658233643,62499,62509,10
13.0187997818,80.2651290894,62509,62519,10
13.0190296173,80.2642364502,62519,62529,10
13.0189695358,80.2635192871,62529,62539,10
13.0188999176,80.2630996704,62539,62549,10
13.0188703537,80.2628936768,62549,62559,10
13.0188398361,80.2625198364,62559,62569,10
13.0187702179,80.2619628906,62569,62579,10
13.0186700821,80.2614135742,62579,62590,11
13.0180997849,80.2609405518,62590,62600,10
13.0173997879,80.2604904175,62600,62610,10
13.0166597366,80.2600097656,62610,62620,10
13.0160703659,80.2596969604,62620,62630,10
13.0160398483,80.2596817017,62630,62640,10
13.0159196854,80.2596130371,62640,62650,10
13.0154600143,80.259437561,62650,62660,10
13.014749527,80.2593078613,62660,62670,10
13.0139398575,80.2592773438,62670,62680,10
13.0129804611,80.2592391968,62680,62691,11
13.0118999481,80.2592086792,62691,62701,10
13.0109996796,80.2592010498,62701,62711,10
13.0100297928,80.2592163086,62711,62721,10
13.0090799332,80.2592086792,62721,62731,10
13.0087003708,80.2592163086,62731,62741,10
13.008310318,80.2592315674,62741,62751,10
13.0078201294,80.2593307495,62751,62761,10
13.007399559,80.2592926025,62761,62771,10
13.0072202682,80.2589111328,62771,62781,10
13.0072097778,80.2588806152,62781,62792,11
13.0071201324,80.2586288452,62792,62802,10
13.0068798065,80.2581787109,62802,62812,10
13.0065202713,80.2577133179,62812,62822,10
13.0058403015,80.2574462891,62822,62832,10
13.0050802231,80.2572479248,62832,62842,10
13.0042695999,80.2570800781,62842,62852,10
13.0034303665,80.2569122314,62852,62862,10
13.0026798248,80.2567672729,62862,62872,10
13.0019197464,80.2566375732,62872,62881,9
13.0013999939,80.2565689087,62881,62913,32
13.0001296997,80.2563781738,62913,62953,40
13.0001296997,80.2563781738,62953,62982,29
12.9985103607,80.2561035156,62982,63003,21
12.9985103607,80.2561035156,63003,63013,10
12.9982700348,80.2560424805,63013,63023,10
12.9978399277,80.2559661865,63023,63033,10
12.9971904755,80.2559280396,63033,63043,10
12.9967603683,80.2559280396,63043,63053,10
12.9962301254,80.2559204102,63053,63063,10
12.9954795837,80.2559280396,63063,63073,10
12.9947299957,80.2559509277,63073,63083,10
12.9938201904,80.2560424805,63083,63093,10
12.9927396774,80.256111145,63093,63104,11
12.9914798737,80.2560882568,63104,63114,10
12.9905796051,80.2560577393,63114,63124,10
12.989780426,80.2560501099,63124,63134,10
12.9892396927,80.2560195923,63134,63144,10
12.988699913,80.2559814453,63144,63154,10
12.9883298874,80.2559280396,63154,63164,10
12.9880895615,80.2559204102,63164,63174,10
12.9878797531,80.255897522,63174,63194,20
12.9878797531,80.255897522,63194,63205,11
12.987830162,80.255897522,63205,63215,10
12.9875602722,80.255821228,63215,63225,10
12.9870996475,80.2557220459,63225,63235,10
12.9865503311,80.2556381226,63235,63245,10
12.986240387,80.2555770874,63245,63255,10
12.9860801697,80.2555389404,63255,63265,10
12.9860401154,80.255531311,63265,63275,10
12.9857597351,80.2554473877,63275,63285,10
12.9853496552,80.2553405762,63285,63295,10
12.9848403931,80.2552108765,63295,63306,11
12.9840898514,80.2550201416,63306,63316,10
12.9833698273,80.2548217773,63316,63326,10
12.9827003479,80.2546234131,63326,63336,10
12.982049942,80.2542114258,63336,63346,10
12.9818000793,80.2534637451,63346,63356,10
12.9815397263,80.2528533936,63356,63366,10
12.9809103012,80.2527923584,63366,63376,10
12.9801397324,80.252746582,63376,63386,10
12.9794197083,80.2527236938,63386,63396,10
12.9786901474,80.2526321411,63396,63407,11
12.9786100388,80.2526016235,63407,63417,10
12.9785995483,80.2525787354,63417,63427,10
12.9782800674,80.2523574829,63427,63437,10
12.9777402878,80.2518768311,63437,63447,10
12.9769296646,80.2513580322,63447,63457,10
12.975859642,80.2510528564,63457,63467,10
12.974729538,80.2507171631,63467,63477,10
12.9735603333,80.2503967285,63477,63487,10
12.9724197388,80.2501220703,63487,63497,10
12.9712600708,80.2498168945,63497,63506,9
12.9701795578,80.24949646,63506,63518,12
12.9687900543,80.2489395142,63518,63528,10
12.9676704407,80.2484970093,63528,63538,10
12.9667301178,80.2480621338,63538,63548,10
12.9659500122,80.2477035522,63548,63558,10
12.9652299881,80.247467041,63558,63568,10
12.9651002884,80.2474365234,63568,63578,10
12.9650201797,80.2473983765,63578,63588,10
12.9646196365,80.247253418,63588,63598,10
12.9639501572,80.2470016479,63598,63607,9
12.9636201859,80.2468338013,63607,63619,12
12.963470459,80.2467727661,63619,63629,10
12.9630804062,80.2465591431,63629,63639,10
12.9624204636,80.2462310791,63639,63649,10
12.9615602493,80.2458190918,63649,63659,10
12.960559845,80.2453384399,63659,63669,10
12.9596004486,80.2449417114,63669,63679,10
12.9593601227,80.2448272705,63679,63689,10
12.9592504501,80.2447662354,63689,63699,10
12.9587898254,80.2445526123,63699,63709,10
12.9580802917,80.2442474365,63709,63720,11
12.9574203491,80.2440109253,63720,63730,10
12.9564399719,80.243637085,63730,63770,40
12.9564399719,80.243637085,63770,63780,10
12.9560098648,80.2434692383,63780,63790,10
12.9554796219,80.2432098389,63790,63800,10
12.9547595978,80.2428894043,63800,63810,10
12.9538803101,80.2425231934,63810,63820,10
12.952870369,80.2421112061,63820,63831,11
12.9516401291,80.2416992188,63831,63851,20
12.9516401291,80.2416992188,63851,63861,10
12.9513597488,80.241569519,63861,63871,10
12.9507598877,80.2413711548,63871,63881,10
12.9499998093,80.2411422729,63881,63891,10
12.9491901398,80.2408905029,63891,63901,10
12.9484395981,80.2405776978,63901,63911,10
12.9476299286,80.2402496338,63911,63920,9
12.9471902847,80.2400665283,63920,63932,12
12.9471702576,80.2400588989,63932,63942,10
12.9469099045,80.2399597168,63942,63952,10
12.9463596344,80.2397232056,63952,63962,10
12.9456300735,80.2393875122,63962,63972,10
12.944849968,80.2388076782,63972,63982,10
12.9440803528,80.2379684448,63982,63992,10
12.9433097839,80.2371292114,63992,64002,10
12.9422903061,80.2365036011,64002,64012,10
12.9411697388,80.2361907959,64012,64022,10
12.9401302338,80.2359237671,64022,64033,11
12.938949585,80.235458374,64033,64053,20
12.938949585,80.235458374,64053,64063,10
12.9387598038,80.2353591919,64063,64073,10
12.9382896423,80.2350997925,64073,64083,10
12.9375801086,80.2347488403,64083,64093,10
12.9367198944,80.234336853,64093,64103,10
12.9358701706,80.2339477539,64103,64113,10
12.9356298447,80.2340087891,64113,64123,10
12.9355602264,80.2342376709,64123,64134,11
12.9354400635,80.2345962524,64134,64144,10
12.9352397919,80.2351531982,64144,64154,10
12.9351301193,80.2354431152,64154,64164,10
12.9349498749,80.2354278564,64164,64174,10
12.9346904755,80.2352905273,64174,64184,10
12.9341497421,80.2350769043,64184,64194,10
12.9338798523,80.2350234985,64194,64204,10
12.9337596893,80.2353973389,64204,64214,10
12.9336204529,80.2359008789,64214,64224,10
12.9330301285,80.2361526489,64224,64245,21
12.9330301285,80.2361526489,64245,64255,10
12.9329595566,80.2362289429,64255,64265,10
12.9329204559,80.236541748,64265,64275,10
12.9327898026,80.2370376587,64275,64285,10
12.93268013,80.2373428345,64285,64295,10
12.9325199127,80.237739563,64295,64305,10
12.932299614,80.2383422852,64305,64315,10
12.9321899414,80.238609314,64315,64325,10
12.9318199158,80.2387619019,64325,64336,11
12.9311304092,80.2385482788,64336,64366,30
12.9311304092,80.2385482788,64366,64376,10
12.9307804108,80.2384414673,64376,64386,10
12.9302997589,80.2382507324,64386,64396,10
12.9297304153,80.2380371094,64396,64406,10
12.9295196533,80.2381820679,64406,64416,10
12.9294204712,80.2385406494,64416,64426,10
12.9292898178,80.2389678955,64426,64435,9
12.9291400909,80.2390594482,64435,64447,12
12.9286804199,80.2389373779,64447,64457,10
12.9283304214,80.238861084,64457,64477,20
12.9283304214,80.238861084,64477,64487,10
12.9282302856,80.2388381958,64487,64497,10
12.9277896881,80.2387313843,64497,64507,10
12.9272203445,80.2385787964,64507,64517,10
12.9265499115,80.2384185791,64517,64527,10
12.9258403778,80.2382278442,64527,64537,10
12.9254198074,80.2381820679,64537,64548,11
12.9255895615,80.2383880615,64548,64669,121
12.9255895615,80.2383880615,64669,64679,10
12.9257097244,80.2383270264,64679,64689,10
12.9258899689,80.2382202148,64689,64699,10
12.926030159,80.2382507324,64699,64709,10
12.926440239,80.2383880615,64709,64719,10
12.9268903732,80.2384872437,64719,64729,10
12.9274501801,80.2386169434,64729,64739,10
12.9282598495,80.238822937,64739,64770,31
12.9282598495,80.238822937,64770,64780,10
12.9286003113,80.2389068604,64780,64790,10
12.9290103912,80.2390213013,64790,64800,10
12.9291801453,80.2390518188,64800,64810,10
12.9293498993,80.238861084,64810,64820,10
12.9294700623,80.2384185791,64820,64830,10
12.9295597076,80.2380905151,64830,64840,10
12.9298496246,80.2380371094,64840,64850,10
12.930390358,80.2382507324,64850,64861,11
12.9311704636,80.2385406494,64861,64881,20
12.9311704636,80.2385406494,64881,64891,10
12.9312696457,80.238571167,64891,64901,10
12.9315004349,80.2386627197,64901,64911,10
12.9319801331,80.2387924194,64911,64921,10
12.932220459,80.238571167,64921,64931,10
12.9322900772,80.2383422852,64931,64941,10
12.9324102402,80.2379989624,64941,64951,10
12.9324302673,80.2379379272,64951,64962,11
12.932510376,80.2377166748,64962,64972,10
12.9326696396,80.2372970581,64972,64982,10
12.9327497482,80.2370834351,64982,64992,10
12.9329004288,80.2366104126,64992,65002,10
12.9329595566,80.2361907959,65002,65012,10
12.9331998825,80.2361831665,65012,65022,10
12.9332103729,80.2361831665,65022,65032,10
12.9333200455,80.2362213135,65032,65042,10
12.9335603714,80.2362136841,65042,65052,10
12.9336595535,80.2357711792,65052,65063,11
12.9340200424,80.2350616455,65063,65093,30
12.9340200424,80.2350616455,65093,65103,10
12.9343299866,80.2352218628,65103,65113,10
12.9348201752,80.2354202271,65113,65123,10
12.9350299835,80.235496521,65123,65133,10
12.9351701736,80.2353363037,65133,65143,10
12.9353103638,80.2350006104,65143,65153,10
12.9355602264,80.2343597412,65153,65164,11
12.9357795715,80.2339401245,65164,65174,10
12.9360799789,80.2338790894,65174,65184,10
12.9364500046,80.234046936,65184,65194,10
12.9364900589,80.2340774536,65194,65204,10
12.9368200302,80.2342529297,65204,65214,10
12.9374103546,80.2345275879,65214,65224,10
12.9381504059,80.2349014282,65224,65234,10
12.9390296936,80.2353286743,65234,65244,10
12.9394598007,80.2355422974,65244,65264,20
12.9394598007,80.2355422974,65264,65275,11
12.9397497177,80.235710144,65275,65285,10
12.9403800964,80.2359695435,65285,65295,10
12.9412603378,80.2361907959,65295,65305,10
12.9423704147,80.2364730835,65305,65315,10
12.943400383,80.2371063232,65315,65325,10
12.9442796707,80.2380523682,65325,65335,10
12.9451999664,80.2390289307,65335,65345,10
12.9462900162,80.2396316528,65345,65355,10
12.9470996857,80.2399368286,65355,65365,10
12.9471597672,80.2399597168,65365,65376,11
12.9475803375,80.2401428223,65376,65386,10
12.9482402802,80.2404327393,65386,65396,10
12.9488601685,80.2406692505,65396,65406,10
12.9494104385,80.2409133911,65406,65416,10
12.9501104355,80.2411422729,65416,65426,10
12.9509496689,80.2413711548,65426,65446,20
12.9509496689,80.2413711548,65446,65456,10
12.9510097504,80.2413711548,65456,65466,10
12.9514598846,80.2415390015,65466,65477,11
12.9522600174,80.2418365479,65477,65487,10
12.9531698227,80.2421875,65487,65497,10
12.9539899826,80.2425003052,65497,65507,10
12.954750061,80.2427825928,65507,65517,10
12.9553003311,80.242980957,65517,65527,10
12.9558401108,80.2431564331,65527,65578,51
12.9558401108,80.2431564331,65578,65588,10
12.9561796188,80.2432785034,65588,65598,10
12.9562702179,80.243309021,65598,65608,10
12.9563798904,80.243347168,65608,65618,10
12.956580162,80.2434387207,65618,65628,10
12.957110405,80.2437362671,65628,65638,10
12.957859993,80.2440872192,65638,65648,10
12.9585800171,80.2443466187,65648,65658,10
12.9589700699,80.2445297241,65658,65668,10
12.9590396881,80.2445602417,65668,65679,11
12.9592695236,80.244682312,65679,65689,10
12.9596996307,80.2448730469,65689,65699,10
12.9603996277,80.2452011108,65699,65709,10
12.9612998962,80.2456283569,65709,65719,10
12.9623203278,80.2461395264,65719,65729,10
12.9629802704,80.2464828491,65729,65739,10
12.9634895325,80.2467422485,65739,65749,10
12.9641199112,80.2469787598,65749,65759,10
12.9648704529,80.2472381592,65759,65769,10
12.9658098221,80.2475585938,65769,65779,10
12.9667596817,80.2479705811,65779,65800,21
12.9667596817,80.2479705811,65800,65810,10
12.9669904709,80.2480926514,65810,65820,10
12.9675502777,80.2483673096,65820,65830,10
12.9683799744,80.2487106323,65830,65840,10
12.9694099426,80.249130249,65840,65850,10
12.9705200195,80.2495574951,65850,65860,10
12.9717102051,80.2499084473,65860,65870,10
12.9729604721,80.2502365112,65870,65880,10
12.9742202759,80.250579834,65880,65891,11
12.9756298065,80.2509765625,65891,65901,10
12.9768896103,80.2513427734,65901,65911,10
12.9779396057,80.2519836426,65911,65921,10
12.9785699844,80.2524108887,65921,65931,10
12.9786396027,80.2524490356,65931,65941,10
12.9791002274,80.2526092529,65941,65951,10
12.979809761,80.2526779175,65951,65961,10
12.9806003571,80.2527084351,65961,65971,10
12.9815502167,80.2526779175,65971,65981,10
12.9826097488,80.2526168823,65981,65992,11
12.9837799072,80.2524490356,65992,66002,10
12.9846897125,80.2521896362,66002,66012,10
12.9854602814,80.2519989014,66012,66022,10
12.986289978,80.2517929077,66022,66032,10
12.9873504639,80.251449585,66032,66133,101
12.9873504639,80.251449585,66133,66143,10
12.9874801636,80.251411438,66143,66153,10
12.9878396988,80.2514266968,66153,66163,10
12.9879798889,80.2518920898,66163,66173,10
12.9879903793,80.2526168823,66173,66183,10
12.9879198074,80.2534713745,66183,66193,10
12.9878997803,80.253868103,66193,66224,31
12.9878997803,80.253868103,66224,66234,10
12.9878902435,80.2541427612,66234,66244,10
12.9878396988,80.2544937134,66244,66254,10
12.9878101349,80.2550964355,66254,66264,10
12.9877500534,80.2556610107,66264,66274,10
12.9878702164,80.255859375,66274,66284,10
12.9883098602,80.2559204102,66284,66293,9
12.9886798859,80.2559509277,66293,66305,12
12.9887695313,80.2559661865,66305,66315,10
12.9888696671,80.2559967041,66315,66325,10
12.989279747,80.2560424805,66325,66335,10
12.9899301529,80.2560806274,66335,66345,10
12.9906702042,80.2560424805,66345,66355,10
12.9915399551,80.2561035156,66355,66365,10
12.9926395416,80.2561035156,66365,66375,10
12.9936103821,80.2560424805,66375,66385,10
12.9941997528,80.2560195923,66385,66446,61
12.9941997528,80.2560195923,66446,66456,10
12.9943704605,80.2560272217,66456,66466,10
12.9948196411,80.2559509277,66466,66476,10
12.9951000214,80.2559280396,66476,66486,10
12.9953403473,80.2559127808,66486,66496,10
12.9955701828,80.2559204102,66496,66557,61
12.9955701828,80.2559204102,66557,66567,10
12.995929718,80.2559509277,66567,66576,9
12.9963903427,80.2559509277,66576,66587,11
12.9966096878,80.2559432983,66587,66658,71
12.9966096878,80.2559432983,66658,66668,10
12.9970302582,80.2559814453,66668,66678,10
12.9974803925,80.2559890747,66678,66688,10
12.9981098175,80.2560424805,66688,66698,10
12.9987401962,80.2561035156,66698,66708,10
12.9992103577,80.2561569214,66708,66759,51
12.9992103577,80.2561569214,66759,66769,10
12.9994096756,80.2562103271,66769,66779,10
12.9998598099,80.2563095093,66779,66789,10
13.0004796982,80.256439209,66789,66809,20
13.0004796982,80.256439209,66809,66820,11
13.0006599426,80.256477356,66820,66830,10
13.0009002686,80.2565002441,66830,66840,10
13.0011301041,80.2565536499,66840,66850,10
13.0013504028,80.2565994263,66850,66860,10
13.0017595291,80.2566680908,66860,66870,10
13.0022497177,80.2567520142,66870,66880,10
13.0027303696,80.2568283081,66880,66890,10
13.0031900406,80.2569122314,66890,66900,10
13.0037097931,80.2570114136,66900,66910,10
13.0042200089,80.2571182251,66910,66921,11
13.0048599243,80.2572402954,66921,66931,10
13.0055999756,80.2573928833,66931,66941,10
13.0061502457,80.2574691772,66941,66961,20
13.006360054,80.2575531006,66961,67011,50
13.006360054,80.2575531006,67011,67021,10
13.0067100525,80.2576828003,67021,67032,11
13.0070295334,80.2581863403,67032,67042,10
13.007519722,80.2586669922,67042,67052,10
13.008310318,80.2589874268,67052,67062,10
13.0085601807,80.2590713501,67062,67072,10
13.0086898804,80.2591094971,67072,67082,10
13.0091495514,80.259147644,67082,67092,10
13.0098800659,80.259147644,67092,67102,10
13.010840416,80.259147644,67102,67112,10
13.0118598938,80.2591323853,67112,67122,10
13.0128602982,80.2591705322,67122,67133,11
13.0140399933,80.2592086792,67133,67143,10
13.0151195526,80.2592468262,67143,67153,10
13.0159797668,80.2594833374,67153,67163,10
13.0164604187,80.2597579956,67163,67173,10
13.0164804459,80.2597808838,67173,67183,10
13.0166301727,80.2599182129,67183,67193,10
13.0171203613,80.260269165,67193,67203,10
13.0177202225,80.2606811523,67203,67212,9
13.0183095932,80.2610778809,67212,67223,11
13.0189199448,80.2615432739,67223,67234,11
13.0193300247,80.2619094849,67234,67244,10
13.0197401047,80.2623291016,67244,67254,10
13.0202503204,80.2628326416,67254,67264,10
13.0202302933,80.2630462646,67264,67274,10
13.019900322,80.2630462646,67274,67284,10
13.0193195343,80.2630310059,67284,67294,10
13.0190095901,80.263168335,67294,67304,10
13.019080162,80.2637710571,67304,67314,10
13.0190696716,80.2645797729,67314,67324,10
13.0188598633,80.2653121948,67324,67335,11
13.0187397003,80.2657470703,67335,67345,10
13.0186796188,80.2664871216,67345,67355,10
13.0188703537,80.2673416138,67355,67365,10
13.0194797516,80.2681503296,67365,67375,10
13.0201101303,80.2689285278,67375,67385,10
13.0206298828,80.2695617676,67385,67395,10
13.0210399628,80.2700424194,67395,67405,10
13.0213699341,80.2704315186,67405,67415,10
13.0214595795,80.2705383301,67415,67425,10
13.0215997696,80.2707290649,67425,67435,10
13.0219602585,80.2712097168,67435,67446,11
13.0223703384,80.2717208862,67446,67456,10
13.0228700638,80.2723770142,67456,67466,10
13.0234498978,80.2731628418,67466,67476,10
13.0239095688,80.2737731934,67476,67536,60
13.0239095688,80.2737731934,67536,67547,11
13.0239801407,80.2738571167,67547,67557,10
13.0242595673,80.2742385864,67557,67567,10
13.024769783,80.2747192383,67567,67577,10
13.025349617,80.2749710083,67577,67587,10
13.0253801346,80.2749786377,67587,67597,10
13.0254402161,80.2749862671,67597,67607,10
13.0258197784,80.275177002,67607,67617,10
13.0263795853,80.275428772,67617,67627,10
13.0270395279,80.2757415771,67627,67637,10
13.0277500153,80.2760772705,67637,67648,11
13.0284996033,80.2764129639,67648,67658,10
13.0291700363,80.2766418457,67658,67668,10
13.0297698975,80.2767868042,67668,67678,10
13.030380249,80.2770309448,67678,67688,10
13.0309295654,80.27734375,67688,67698,10
13.0312900543,80.2775726318,67698,67708,10
13.031539917,80.2776412964,67708,67718,10
13.0316495895,80.2776489258,67718,67728,10
13.0322599411,80.2775878906,67728,67789,61
13.0322599411,80.2775878906,67789,67799,10
13.0329399109,80.2775268555,67799,67839,40
13.0329399109,80.2775268555,67839,67850,11
13.033080101,80.2775115967,67850,67860,10
13.0333499908,80.2774429321,67860,67870,10
13.0334596634,80.2773895264,67870,67880,10
13.0335702896,80.277381897,67880,67890,10
13.0338201523,80.2774505615,67890,67900,10
13.034239769,80.2775726318,67900,67910,10
13.0345697403,80.2776565552,67910,67920,10
13.0349302292,80.2777175903,67920,67930,10
13.0354404449,80.2778167725,67930,67940,10
13.0358400345,80.2778930664,67940,67950,10
13.0364398956,80.2780303955,67950,67961,11
13.0369701385,80.2782287598,67961,67971,10
13.0375099182,80.2784118652,67971,67981,10
13.0388498306,80.2787704468,67981,68011,30
13.0388498306,80.2787704468,68011,68021,10
13.0389404297,80.2788162231,68021,68031,10
13.0392198563,80.2789077759,68031,68041,10
13.0397500992,80.2790603638,68041,68051,10
13.0405302048,80.2792510986,68051,68062,11
13.0414495468,80.2794418335,68062,68072,10
13.0423002243,80.2795410156,68072,68082,10
13.0429601669,80.2795791626,68082,68132,50
13.0429601669,80.2795791626,68132,68142,10
13.0431900024,80.279586792,68142,68152,10
13.0436296463,80.2797698975,68152,68163,11
13.0442800522,80.2799377441,68163,68173,10
13.045129776,80.2800674438,68173,68183,10
13.0460796356,80.2801971436,68183,68193,10
13.0465402603,80.2802505493,68193,68203,10
13.0465898514,80.2802581787,68203,68213,10
13.0470104218,80.2803192139,68213,68223,10
13.0477399826,80.280418396,68223,68233,10
13.0486497879,80.2805480957,68233,68243,10
13.0495901108,80.2806930542,68243,68253,10
13.0502099991,80.2807998657,68253,68264,11
13.0506896973,80.2808609009,68264,68274,10
13.0512800217,80.280960083,68274,68284,10
13.0520601273,80.2810821533,68284,68294,10
13.0528898239,80.2811965942,68294,68304,10
13.0538196564,80.2813415527,68304,68314,10
13.0546102524,80.2814865112,68314,68324,10
13.055270195,80.2816162109,68324,68334,10
13.055970192,80.2817611694,68334,68385,51
13.055970192,80.2817611694,68385,68395,10
13.056429863,80.2818603516,68395,68414,19
13.056429863,80.2818603516,68414,68425,11
13.056599617,80.2819137573,68425,68435,10
13.0571498871,80.2820129395,68435,68465,30
13.0571498871,80.2820129395,68465,68476,11
13.0574302673,80.282081604,68476,68486,10
13.0579595566,80.2822036743,68486,68495,9
13.0586500168,80.2823486328,68495,68506,11
13.0595998764,80.2825317383,68506,68516,10
13.0604295731,80.2826766968,68516,68526,10
13.0611801147,80.2828598022,68526,68536,10
13.061920166,80.2830200195,68536,68546,10
13.0625600815,80.2831497192,68546,68556,10
13.0628499985,80.2831878662,68556,68566,10
13.0628499985,80.2831878662,68566,68577,11
13.0629196167,80.2832336426,68577,68586,9
13.0630598068,80.2832489014,68586,68597,11
13.0634202957,80.2833099365,68597,68607,10
13.0638599396,80.2833862305,68607,68617,10
13.0641899109,80.2834777832,68617,68627,10
13.0649995804,80.2836685181,68627,68647,20
13.0649995804,80.2836685181,68647,68657,10
13.069609642,80.2846374512,68657,68724,67
13.069609642,80.2846374512,68724,68743,19
13.0696897507,80.2846679688,68743,68754,11
13.0699501038,80.2847595215,68754,68764,10
13.0705699921,80.284942627,68764,68774,10
13.071390152,80.2851409912,68774,68785,11
13.0723104477,80.2853393555,68785,68795,10
13.0727901459,80.2853469849,68795,68805,10
13.0730199814,80.2853012085,68805,68815,10
13.0730304718,80.2853012085,68815,68825,10
13.0731897354,80.2852478027,68825,68845,20
13.0732698441,80.2852478027,68845,68855,10
13.0732698441,80.2852478027,68855,68865,10
13.0736198425,80.2854385376,68865,68875,10
13.0740299225,80.2858581543,68875,68896,21
13.0750799179,80.2866287231,68896,68906,10
13.0753097534,80.286781311,68906,68916,10
13.0757799149,80.2870178223,68916,68926,10
13.07654953,80.2872314453,68926,68936,10
13.0773296356,80.2874298096,68936,68946,10
13.0780801773,80.2875976563,68946,68956,10
13.0789403915,80.2878723145,68956,68966,10
13.0797996521,80.2881469727,68966,68976,10
13.0803098679,80.2882614136,68976,68987,11
13.0810804367,80.2884597778,68987,69007,20
13.0810804367,80.2884597778,69007,69017,10
13.0812597275,80.2885284424,69017,69027,10
13.0817804337,80.2887268066,69027,69037,10
13.0824699402,80.2889785767,69037,69047,10
13.0832996368,80.2892608643,69047,69057,10
13.0842695236,80.2892303467,69057,69067,10
13.0853395462,80.2892532349,69067,69077,10
13.0864601135,80.2895202637,69077,69087,10
13.0873603821,80.2898025513,69087,69098,11
13.0880804062,80.2901077271,69098,69108,10
13.0884304047,80.2901992798,69108,69118,10
13.088760376,80.2902297974,69118,69148,30
13.088760376,80.2902297974,69148,69158,10
13.0888204575,80.2903518677,69158,69168,10
13.0886001587,80.2904815674,69168,69178,10
13.088060379,80.290222168,69178,69188,10
13.0872802734,80.2899169922,69188,69199,11
13.0863103867,80.2896270752,69199,69209,10
13.0856704712,80.2894134521,69209,69219,10
13.0853395462,80.2888412476,69219,69229,10
13.0850801468,80.2880172729,69229,69239,10
13.0851202011,80.2870178223,69239,69249,10
13.0852203369,80.2859191895,69249,69259,10
13.0853204727,80.2849197388,69259,69269,10
13.0852203369,80.2842178345,69269,69279,10
13.0853996277,80.2837905884,69279,69289,10
13.085439682,80.2836685181,69289,69300,11
13.0855903625,80.2835769653,69300,69310,10
13.085849762,80.2835922241,69310,69320,10
13.0861701965,80.2835998535,69320,69330,10
13.0864295959,80.2837905884,69330,69340,10
13.0867004395,80.2839813232,69340,69350,10
13.0870199203,80.283996582,69350,69360,10
13.0875797272,80.2840118408,69360,69401,41
13.0875797272,80.2840118408,69401,69411,10
13.0879001617,80.284072876,69411,70441,1030
13.0879001617,80.284072876,70441,70451,10
13.0881099701,80.2836380005,70451,70471,20
13.0881099701,80.2836380005,70471,70481,10
13.088259697,80.2832565308,70481,70491,10
13.088259697,80.2828216553,70491,70501,10
13.0882501602,80.2823867798,70501,70511,10
13.088139534,80.2818984985,70511,70521,10
13.0880498886,80.2814712524,70521,70530,9
13.088350296,80.2815170288,70530,70542,12
13.0884799957,80.2819595337,70542,70552,10
13.0883903503,80.2824478149,70552,70562,10
13.0883302689,80.2827835083,70562,70572,10
13.0882997513,80.2832717896,70572,70582,10
13.0883197784,80.2838516235,70582,70592,10
13.0883598328,80.2844772339,70592,70602,10
13.0883798599,80.2851333618,70602,70642,40
13.0883798599,80.2851333618,70642,70653,11
13.0883998871,80.2854003906,70653,70663,10
13.0883798599,80.2855224609,70663,70673,10
13.0884504318,80.2859191895,70673,70682,9
13.0884599686,80.2864074707,70682,70693,11
13.0884799957,80.2867202759,70693,70703,10
13.0885095596,80.287322998,70703,70713,10
13.0885295868,80.2875976563,70713,70723,10
13.0885696411,80.2880477905,70723,70733,10
13.0886201859,80.2885894775,70733,70743,10
13.0886497498,80.2889175415,70743,70754,11
13.0887098312,80.2896575928,70754,70764,10
13.0887298584,80.2903366089,70764,70774,10
13.0884199142,80.2903900146,70774,70784,10
13.0879001617,80.2901306152,70784,70794,10
13.0871896744,80.2898025513,70794,70804,10
13.0862903595,80.2894973755,70804,70814,10
13.0851402283,80.2892303467,70814,70824,10
13.0841999054,80.2892227173,70824,70834,10
13.0833396912,80.2892608643,70834,70844,10
13.0824403763,80.2890396118,70844,70855,11
13.0815200806,80.2886886597,70855,70865,10
13.080619812,80.2884216309,70865,70875,10
13.0796403885,80.2881622314,70875,70885,10
13.0786104202,80.2877883911,70885,70895,10
13.0778198242,80.2875671387,70895,70905,10
13.0771398544,80.2874221802,70905,70915,10
13.076210022,80.2871704102,70915,70925,10
13.0753002167,80.2868423462,70925,70935,10
13.0745201111,80.2863769531,70935,70945,10
13.074139595,80.2862167358,70945,70956,11
13.0737199783,80.2861175537,70956,70966,10
13.0737199783,80.2861175537,70966,70976,10
13.0730304718,80.2858886719,70976,70984,8
13.067150116,80.2843322754,70984,71054,70
13.065779686,80.2839813232,71054,71085,31
13.0643596649,80.2836303711,71085,71105,20
13.0632095337,80.2833328247,71105,71125,20
13.0625200272,80.2831726074,71125,71186,61
13.0625200272,80.2831726074,71186,71196,10
13.0622797012,80.2831192017,71196,71206,10
13.0617198944,80.282989502,71206,71216,10
13.0609903336,80.2828216553,71216,71226,10
13.0604295731,80.2826919556,71226,71236,10
13.0603599548,80.2826766968,71236,71246,10
13.0600700378,80.2826309204,71246,71256,10
13.0594501495,80.2825012207,71256,71267,11
13.0585002899,80.2823181152,71267,71277,10
13.0576601028,80.2821502686,71277,71287,10
13.0570201874,80.2820129395,71287,71297,10
13.0566501617,80.2819366455,71297,71307,10
13.0566396713,80.2819366455,71307,71317,10
13.056599617,80.2819290161,71317,71327,10
13.0562601089,80.281867981,71327,71337,10
13.0560598373,80.2818222046,71337,71347,10
13.0558099747,80.2817611694,71347,71357,10
13.0552101135,80.2816390991,71357,71368,11
13.0532903671,80.2812805176,71368,71378,10
13.0532903671,80.2812805176,71378,71388,10
13.0522603989,80.2811203003,71388,71398,10
13.051320076,80.2809829712,71398,71438,40
13.0482597351,80.2805328369,71438,71448,10
13.047249794,80.2804031372,71448,71458,10
13.0467100143,80.2803192139,71458,71467,9
13.0463895798,80.2802810669,71467,71479,12
13.0456495285,80.2801818848,71479,71499,20
13.0456495285,80.2801818848,71499,71509,10
13.0454902649,80.2801513672,71509,71519,10
13.0450296402,80.2800979614,71519,71529,10
13.0443601608,80.2799987793,71529,71539,10
13.0436601639,80.2798995972,71539,71549,10
13.0430002213,80.2797622681,71549,71559,10
13.0422000885,80.2795562744,71559,71569,10
13.0413398743,80.2794189453,71569,71580,11
13.0406398773,80.2792892456,71580,71590,10
13.0399599075,80.2791290283,71590,71600,10
13.039730072,80.2790679932,71600,71610,10
13.0395803452,80.2790374756,71610,71650,40
13.0395803452,80.2790374756,71650,71660,10
13.0390100479,80.2789077759,71660,71691,31
13.0390100479,80.2789077759,71691,71701,10
13.038860321,80.2788619995,71701,71711,10
13.0384702682,80.2787322998,71711,71731,20
13.0383701324,80.2786865234,71731,71771,40
13.0383701324,80.2786865234,71771,71782,11
13.0380296707,80.2785720825,71782,71842,60
13.0376501083,80.2784729004,71842,71953,111
13.0376501083,80.2784729004,71953,71963,10
13.0373001099,80.2783737183,71963,71973,10
13.037150383,80.2783126831,71973,71982,9
13.036860466,80.278213501,71982,72054,72
13.0365200043,80.2780685425,72054,72115,61
13.0365200043,80.2780685425,72115,72125,10
13.036359787,80.2780075073,72125,72135,10
13.0361995697,80.277961731,72135,72145,10
13.0361604691,80.2779464722,72145,72155,10
13.035900116,80.2779006958,72155,72165,10
13.0357103348,80.2778396606,72165,72175,10
13.0355396271,80.2778091431,72175,72185,10
13.0352897644,80.2777786255,72185,72196,11
13.0352602005,80.2777709961,72196,72206,10
13.0349798203,80.2777328491,72206,72256,50
13.0347003937,80.2776794434,72256,72337,81
13.034330368,80.2776107788,72337,72377,40
13.0342197418,80.2775726318,72377,72458,81
13.0342197418,80.2775726318,72458,72468,10
13.0338697433,80.2774429321,72468,72478,10
13.0338497162,80.2774276733,72478,72488,10
13.0337295532,80.2774276733,72488,72498,10
13.0334796906,80.2774200439,72498,72509,11
13.0328798294,80.2775192261,72509,72519,10
13.0323600769,80.2775497437,72519,72529,10
13.0321502686,80.2775878906,72529,72539,10
13.0319795609,80.2776184082,72539,72549,10
13.0315799713,80.2776565552,72549,72559,10
13.0310001373,80.2774200439,72559,72569,10
13.03083992,80.2773132324,72569,72579,10
13.0307998657,80.2772369385,72579,72589,10
13.0304803848,80.2770614624,72589,72598,9
13.0299701691,80.2768478394,72598,72610,12
13.0293502808,80.2766723633,72610,72620,10
13.0288896561,80.2765274048,72620,72630,10
13.0285797119,80.2764129639,72630,72640,10
13.0281896591,80.276260376,72640,72650,10
13.0276403427,80.2760162354,72650,72660,10
13.0269002914,80.2757263184,72660,72670,10
13.0261602402,80.2754211426,72670,72680,10
13.0258903503,80.2752990723,72680,72690,10
13.0258398056,80.2752685547,72690,72700,10
13.0255002975,80.2751083374,72700,72711,11
13.0248298645,80.2748184204,72711,72721,10
13.0242300034,80.2743606567,72721,72731,10
13.0238199234,80.2738189697,72731,72741,10
13.0234203339,80.2732772827,72741,72751,10
13.0229597092,80.2726364136,72751,72761,10
13.0223398209,80.2718429565,72761,72771,10
13.0216398239,80.2709197998,72771,72781,10
13.0212602615,80.2704391479,72781,72791,10
13.0210895538,80.2702407837,72791,72801,10
13.0208301544,80.2699508667,72801,72811,10
13.0207796097,80.2698974609,72811,72822,11
13.0206699371,80.2698287964,72822,72832,10
13.020359993,80.2694091797,72832,72842,10
13.0192804337,80.2680511475,72842,72852,10
13.0192804337,80.2680511475,72852,72862,10
13.0186700821,80.2671966553,72862,72872,10
13.0185403824,80.2661895752,72872,72913,41
13.0189199448,80.2635421753,72913,72923,10
13.018819809,80.2630233765,72923,72943,20
13.018819809,80.2630233765,72943,72953,10
13.018819809,80.2627792358,72953,72963,10
13.0187501907,80.2622070313,72963,72973,10
13.0186595917,80.2615737915,72973,72983,10
13.0183601379,80.2611694336,72983,72993,10
13.0178604126,80.2608337402,72993,73003,10
13.0171604156,80.260383606,73003,73013,10
13.0163297653,80.2598724365,73013,73024,11
13.0159902573,80.2597198486,73024,73034,10
13.0158004761,80.2596435547,73034,73044,10
13.0152997971,80.2594604492,73044,73054,10
13.0145597458,80.2593612671,73054,73064,10
13.0137300491,80.2593231201,73064,73074,10
13.0127096176,80.2592926025,73074,73084,10
13.0117101669,80.2592391968,73084,73094,10
13.010840416,80.2592391968,73094,73104,10
13.0099601746,80.2592697144,73104,73114,10
13.0091104507,80.259262085,73114,73125,11
13.0086297989,80.259262085,73125,73135,10
13.0082101822,80.2592391968,73135,73145,10
13.0075597763,80.2594223022,73145,73155,10
13.0071201324,80.2587890625,73155,73195,40
13.0071201324,80.2587890625,73195,73205,10
13.0069799423,80.2584915161,73205,73215,10
13.0066604614,80.2579574585,73215,73226,11
13.0059700012,80.257522583,73226,73236,10
13.0055704117,80.2574386597,73236,73246,10
13.0050401688,80.257232666,73246,73256,10
13.004240036,80.2570800781,73256,73266,10
13.0033502579,80.2569122314,73266,73276,10
13.0026197433,80.2567901611,73276,73286,10
13.0021295547,80.2567062378,73286,73296,10
13.0020999908,80.2566986084,73296,73306,10
13.001950264,80.2566680908,73306,73316,10
13.0015602112,80.2566223145,73316,73325,9
13.00096035,80.2565383911,73325,73337,12
12.9999799728,80.2563781738,73337,73347,10
12.9996204376,80.2563476563,73347,73367,20
12.9996204376,80.2563476563,73367,73377,10
12.99958992,80.2563323975,73377,73387,10
12.9992599487,80.2562484741,73387,73397,10
12.9985103607,80.256111145,73397,73438,41
12.9985103607,80.256111145,73438,73448,10
12.9982500076,80.2560195923,73448,73458,10
12.9977197647,80.2559509277,73458,73468,10
12.9969396591,80.2559204102,73468,73478,10
12.9965801239,80.2559204102,73478,73488,10
12.9960002899,80.2559280396,73488,73498,10
12.9952096939,80.2559509277,73498,73508,10
12.9943704605,80.2559967041,73508,73518,10
12.9934396744,80.2560806274,73518,73528,10
12.9923095703,80.2561187744,73528,73539,11
12.9911298752,80.2560882568,73539,73549,10
12.9903697968,80.256072998,73549,73559,10
12.9898395538,80.2560577393,73559,73569,10
12.9895296097,80.2560424805,73569,73660,91
12.9895296097,80.2560424805,73660,73670,10
12.9892196655,80.2559967041,73670,73680,10
12.9889097214,80.2559814453,73680,73690,10
12.9885597229,80.2559585571,73690,73700,10
12.9882297516,80.2559204102,73700,73709,9
12.9877796173,80.255859375,73709,73720,11
12.9871501923,80.2557601929,73720,73730,10
12.9868097305,80.2556991577,73730,73740,10
12.9864397049,80.2556533813,73740,73761,21
12.9864397049,80.2556533813,73761,73771,10
12.9861297607,80.255569458,73771,73801,30
12.9861297607,80.255569458,73801,73811,10
12.9857997894,80.2554702759,73811,73821,10
12.9852600098,80.2553634644,73821,73831,10
12.9846801758,80.2552337646,73831,73841,10
12.9843997955,80.2551422119,73841,73852,11
12.9839496613,80.2550430298,73852,73862,10
12.9832897186,80.2548522949,73862,73872,10
12.9825296402,80.2546386719,73872,73882,10
12.9819602966,80.25415802,73882,73892,10
12.9816799164,80.2533493042,73892,73973,81
12.9816799164,80.2533493042,73973,73983,10
12.9816598892,80.2532119751,73983,73993,10
12.9814300537,80.2528381348,73993,74003,10
12.9807500839,80.252822876,74003,74013,10
12.9801101685,80.2527923584,74013,74023,10
12.9794998169,80.2527618408,74023,74033,10
12.9787797928,80.2526779175,74033,74043,10
12.9785299301,80.2526168823,74043,74054,11
12.9785003662,80.2526016235,74054,74064,10
12.9781599045,80.2523727417,74064,74074,10
12.9776296616,80.2518615723,74074,74084,10
12.9768295288,80.251373291,74084,74094,10
12.9757604599,80.2510604858,74094,74104,10
12.9746103287,80.2507324219,74104,74114,10
12.973449707,80.2503967285,74114,74124,10
12.9723596573,80.2501220703,74124,74134,10
12.9712200165,80.2498168945,74134,74144,10
12.9700803757,80.2494506836,74144,74155,11
12.968870163,80.2489700317,74155,74165,10
12.9678096771,80.248550415,74165,74175,10
12.9668502808,80.2481307983,74175,74185,10
12.9659996033,80.247718811,74185,74195,10
12.9653196335,80.2474899292,74195,74205,10
12.9652996063,80.2474822998,74205,74215,10
12.9652299881,80.2474365234,74215,74225,10
12.9648303986,80.2473068237,74225,74235,10
12.9641895294,80.2470703125,74235,74245,10
12.9634103775,80.2467575073,74245,74255,10
12.9624900818,80.2462921143,74255,74266,11
12.9613199234,80.2457199097,74266,74276,10
12.9602203369,80.2452163696,74276,74286,10
12.9594097137,80.2448806763,74286,74296,10
12.9593200684,80.2448272705,74296,74306,10
12.95911026,80.2447433472,74306,74316,10
12.9585800171,80.2444992065,74316,74326,10
12.9578800201,80.2442092896,74326,74336,10
12.9572095871,80.2439575195,74336,74346,10
12.9564599991,80.2436981201,74346,74356,10
12.9561595917,80.2435836792,74356,74367,11
12.9555702209,80.2433013916,74367,74377,10
12.9548196793,80.2429504395,74377,74387,10
12.9539203644,80.2425765991,74387,74397,10
12.9530096054,80.2422027588,74397,74407,10
12.9520597458,80.241859436,74407,74417,10
12.95154953,80.2416915894,74417,74427,10
12.9515399933,80.2416915894,74427,74437,10
12.9512701035,80.241569519,74437,74447,10
12.9507102966,80.2413711548,74447,74457,10
12.9499397278,80.2411270142,74457,74468,11
12.9491901398,80.2409210205,74468,74478,10
12.9491500854,80.2409133911,74478,74488,10
12.9490604401,80.2408905029,74488,74498,10
12.9486598969,80.2407226563,74498,74508,10
12.9479503632,80.2404098511,74508,74518,10
12.9471797943,80.2400970459,74518,74528,10
12.947019577,80.2400283813,74528,74538,10
12.9469604492,80.2400131226,74538,74548,10
12.9465703964,80.2398376465,74548,74558,10
12.9459295273,80.2395629883,74558,74569,11
12.945110321,80.2390899658,74569,74579,10
12.9443702698,80.2383270264,74579,74589,10
12.9435796738,80.2374725342,74589,74599,10
12.9426498413,80.2366790771,74599,74609,10
12.9414196014,80.2362670898,74609,74619,10
12.9401302338,80.2359466553,74619,74629,10
12.9390602112,80.2355422974,74629,74649,20
12.9390602112,80.2355422974,74649,74659,10
12.9389200211,80.235458374,74659,74668,9
12.9384899139,80.2352294922,74668,74680,12
12.9376401901,80.2348022461,74680,74690,10
12.9367799759,80.2343902588,74690,74700,10
12.9358797073,80.2339706421,74700,74710,10
12.9355697632,80.2341384888,74710,74720,10
12.9355697632,80.2341537476,74720,74730,10
12.9355401993,80.2342987061,74730,74740,10
12.9353704453,80.2347488403,74740,74750,10
12.9351301193,80.2353668213,74750,74760,10
12.9350004196,80.2355270386,74760,74770,10
12.9347801208,80.2354202271,74770,74781,11
12.9342603683,80.2351989746,74781,74791,10
12.9338703156,80.2350387573,74791,74801,10
12.9336900711,80.2355117798,74801,74811,10
12.9335603714,80.2360229492,74811,74821,10
12.9331102371,80.2361831665,74821,74841,20
12.9331102371,80.2361831665,74841,74851,10
12.9329099655,80.2361984253,74851,74861,10
12.9328699112,80.236618042,74861,74870,9
12.9327297211,80.2371063232,74870,74882,12
12.9326000214,80.2374572754,74882,74892,10
12.9324903488,80.2377700806,74892,74902,10
12.9322595596,80.2383422852,74902,74912,10
12.9321498871,80.2386169434,74912,74922,10
12.9318599701,80.2388000488,74922,74932,10
12.9311504364,80.2385787964,74932,74983,51
12.9311504364,80.2385787964,74983,74993,10
12.9308996201,80.2385025024,74993,75003,10
12.9303398132,80.2382965088,75003,75013,10
12.9295902252,80.23802948,75013,75023,10
12.9294595718,80.2382583618,75023,75033,10
12.9293203354,80.2387313843,75033,75043,10
12.9291801453,80.2390899658,75043,75053,10
12.9283504486,80.238899231,75053,75073,20
12.9283504486,80.238899231,75073,75084,11
12.9280796051,80.238822937,75084,75094,10
12.9274301529,80.2386703491,75094,75104,10
12.9266004562,80.2384567261,75104,75114,10
12.9257001877,80.2382278442,75114,75124,10
12.925330162,80.2383270264,75124,75134,10
12.9256801605,80.2382965088,75134,75183,49
12.9256801605,80.2382965088,75183,75195,12
12.9259004593,80.2382507324,75195,75205,10
12.9264802933,80.2384185791,75205,75215,10
12.9272298813,80.2386016846,75215,75225,10
12.9275999069,80.2386932373,75225,75235,10
12.9281997681,80.2388381958,75235,75255,20
12.9281997681,80.2388381958,75255,75265,10
12.928319931,80.2388763428,75265,75275,10
12.9286203384,80.2389526367,75275,75285,10
12.9290599823,80.2390518188,75285,75296,11
12.9292697906,80.2390213013,75296,75306,10
12.9293203354,80.238822937,75306,75316,10
12.929479599,80.2383117676,75316,75326,10
12.9295902252,80.23802948,75326,75336,10
12.9300699234,80.2381515503,75336,75346,10
12.9310998917,80.2385482788,75346,75366,20
12.9310998917,80.2385482788,75366,75376,10
12.9313001633,80.2386474609,75376,75385,9
12.9315099716,80.2387084961,75385,75397,12
12.9321098328,80.2387390137,75397,75407,10
12.9322099686,80.2384719849,75407,75417,10
12.9323396683,80.2380905151,75417,75427,10
12.9325799942,80.2374801636,75427,75437,10
12.9327001572,80.2371826172,75437,75447,10
12.9328403473,80.2367172241,75447,75457,10
12.932970047,80.2361679077,75457,75467,10
12.9334497452,80.2362518311,75467,75477,10
12.933549881,80.2360229492,75477,75486,9
12.9336900711,80.2355270386,75486,75498,12
12.9339704514,80.2350692749,75498,75508,10
12.9344701767,80.2352981567,75508,75518,10
12.9349403381,80.2355117798,75518,75528,10
12.9351301193,80.2353591919,75528,75538,10
12.935259819,80.2349777222,75538,75548,10
12.9355697632,80.2342376709,75548,75558,10
12.9359197617,80.233833313,75558,75568,10
12.9364995956,80.23412323,75568,75578,10
12.9373197556,80.2345275879,75578,75588,10
12.938369751,80.2350616455,75588,75599,11
12.939789772,80.2357635498,75599,75619,20
12.939789772,80.2357635498,75619,75629,10
12.9401702881,80.2359313965,75629,75639,10
12.9408998489,80.2361297607,75639,75649,10
12.9419002533,80.236366272,75649,75659,10
12.942990303,80.236831665,75659,75669,10
12.9438896179,80.237701416,75669,75679,10
12.9448099136,80.2387084961,75679,75689,10
12.9458799362,80.2395172119,75689,75699,10
12.9471597672,80.2400588989,75699,75710,11
12.948849678,80.2407531738,75710,75730,20
12.948849678,80.2407531738,75730,75740,10
12.9490003586,80.2408065796,75740,75750,10
12.9495296478,80.2409973145,75750,75760,10
12.950340271,80.2412490845,75760,75770,10
12.9514102936,80.2415924072,75770,75780,10
12.9525995255,80.2420120239,75780,75790,10
12.9538002014,80.242477417,75790,75800,10
12.9548397064,80.2428970337,75800,75811,11
12.9555702209,80.2431488037,75811,75821,10
12.9563503265,80.2434310913,75821,75831,10
12.9567403793,80.243598938,75831,75841,10
12.9574699402,80.2439575195,75841,75851,10
12.9584598541,80.244392395,75851,75861,10
12.9590997696,80.2446594238,75861,75871,10
12.9592599869,80.2447433472,75871,75881,10
12.9597797394,80.2450027466,75881,75891,10
12.9605703354,80.2453613281,75891,75901,10
12.9615602493,80.2458267212,75901,75912,11
12.962679863,80.2463912964,75912,75922,10
12.9632797241,80.2466888428,75922,75932,10
12.9636898041,80.246887207,75932,75942,10
12.9644098282,80.2471618652,75942,75952,10
12.9651603699,80.2474136353,75952,75962,10
12.9660100937,80.2476882935,75962,75972,10
12.9663801193,80.2478485107,75972,75982,10
12.9667797089,80.2480392456,75982,76002,20
12.9667797089,80.2480392456,76002,76013,11
12.9669504166,80.2481384277,76013,76023,10
12.9675102234,80.2484207153,76023,76033,10
12.9683704376,80.2487564087,76033,76043,10
12.9694595337,80.2491989136,76043,76053,10
12.9706602097,80.2496566772,76053,76063,10
12.9719400406,80.2500076294,76063,76073,10
12.9732503891,80.2503509521,76073,76083,10
12.9745702744,80.2507171631,76083,76093,10
12.9759101868,80.2510910034,76093,76103,10
12.9771900177,80.2515029907,76103,76114,11
12.9783401489,80.2524108887,76114,76124,10
12.9791898727,80.2526397705,76124,76134,10
12.9793195724,80.2526473999,76134,76144,10
12.979640007,80.2526702881,76144,76154,10
12.9796495438,80.2526702881,76154,76164,10
12.9797296524,80.2526626587,76164,76174,10
12.9801301956,80.2526779175,76174,76184,10
12.9809103012,80.2526702881,76184,76194,10
12.9819202423,80.2526473999,76194,76204,10
12.9831495285,80.2526016235,76204,76213,9
12.9842996597,80.2523269653,76213,76225,12
12.9858598709,80.2518997192,76225,76235,10
12.9871101379,80.2515335083,76235,76245,10
12.9878101349,80.2514190674,76245,76255,10
12.9878902435,80.2516479492,76255,76265,10
12.9879903793,80.2522125244,76265,76275,10
12.9879198074,80.2530822754,76275,76285,10
12.9878501892,80.2537994385,76285,76295,10
12.9877901077,80.2547912598,76295,76386,91
12.9877901077,80.2547912598,76386,76396,10
12.9877099991,80.2550506592,76396,76406,10
12.9876804352,80.2553100586,76406,76415,9
12.9876699448,80.2555465698,76415,76427,12
12.9877195358,80.2558670044,76427,76437,10
12.9881095886,80.2559127808,76437,76447,10
12.9883899689,80.2559585571,76447,76457,10
12.9884996414,80.2559814453,76457,76467,10
12.988699913,80.2559814453,76467,76477,10
12.9888601303,80.2559967041,76477,76487,10
12.9893598557,80.2560195923,76487,76497,10
12.9901399612,80.2560119629,76497,76507,10
12.9908599854,80.2560501099,76507,76517,10
12.9917802811,80.2561035156,76517,76528,11
12.9927797318,80.2561035156,76528,76538,10
12.9935398102,80.2560501099,76538,76548,10
12.9941396713,80.2560119629,76548,76558,10
12.9947299957,80.2559585571,76558,76568,10
12.9954004288,80.2559280396,76568,76578,10
12.9959402084,80.2559204102,76578,76588,10
12.9963197708,80.255897522,76588,76598,10
12.9967603683,80.2558898926,76598,76608,10
12.997130394,80.2559204102,76608,76618,10
12.9975700378,80.2559432983,76618,76627,9
12.9979896545,80.2559509277,76627,76639,12
12.9986495972,80.2560577393,76639,76649,10
12.9989700317,80.2561035156,76649,76669,20
12.9990997314,80.2561264038,76669,76709,40
12.9990997314,80.2561264038,76709,76719,10
12.9992904663,80.2562103271,76719,76729,10
12.9997501373,80.2563018799,76729,76740,11
13.0004997253,80.2564163208,76740,76750,10
13.0012598038,80.2565383911,76750,76760,10
13.0019397736,80.2566299438,76760,76770,10
13.0025196075,80.2567520142,76770,76780,10
13.0030498505,80.2568511963,76780,76790,10
13.003660202,80.2569732666,76790,76800,10
13.0043001175,80.2570800781,76800,76810,10
13.004989624,80.2572097778,76810,76820,10
13.0058202744,80.2573471069,76820,76830,10
13.0063400269,80.2574234009,76830,76861,31
13.0063400269,80.2574234009,76861,76871,10
13.0066299438,80.2575683594,76871,76881,10
13.006939888,80.258140564,76881,76891,10
13.0075397491,80.2587127686,76891,76901,10
13.0084400177,80.2590484619,76901,76911,10
13.0093002319,80.2591400146,76911,76921,10
13.0103902817,80.259147644,76921,76931,10
13.0115995407,80.2591629028,76931,76942,11
13.0129899979,80.2592086792,76942,76952,10
13.0143203735,80.259262085,76952,76962,10
13.0155000687,80.2593307495,76962,76972,10
13.0163402557,80.2596969604,76972,76982,10
13.016409874,80.2597732544,76982,76992,10
13.0164804459,80.2598419189,76992,77002,10
13.016869545,80.2601165771,77002,77012,10
13.017539978,80.2605895996,77012,77022,10
13.0183696747,80.2611465454,77022,77032,10
13.0192403793,80.2618713379,77032,77042,10
13.020070076,80.2626876831,77042,77053,11
13.0200500488,80.2630767822,77053,77063,10
13.0193300247,80.2630233765,77063,77073,10
13.0189399719,80.2631530762,77073,77083,10
13.0190200806,80.2637863159,77083,77093,10
13.0189800262,80.2646713257,77093,77103,10
13.0187702179,80.26537323,77103,77113,10
13.0186500549,80.2658309937,77113,77123,10
13.0186395645,80.2666320801,77123,77133,10
13.0189399719,80.2675094604,77133,77143,10
13.0196399689,80.2684020996,77143,77154,11
13.0204496384,80.2693786621,77154,77164,10
13.0209999084,80.2700500488,77164,77174,10
13.0214004517,80.2705078125,77174,77184,10
13.0214099884,80.2705230713,77184,77194,10
13.0216197968,80.2707901001,77194,77204,10
13.0220298767,80.2713317871,77204,77214,10
13.0225601196,80.2720184326,77214,77224,10
13.0231704712,80.2728424072,77224,77234,10
13.0236797333,80.2735290527,77234,77244,10
13.024020195,80.2740020752,77244,77255,11
13.0243701935,80.2744522095,77255,77265,10
13.0245800018,80.2746429443,77265,77275,10
13.0253400803,80.2749481201,77275,77295,20
13.0253400803,80.2749481201,77295,77305,10
13.0254602432,80.2750015259,77305,77315,10
13.0258302689,80.275177002,77315,77325,10
13.0262002945,80.275352478,77325,77335,10
13.0265302658,80.2755126953,77335,77345,10
13.0271596909,80.2758102417,77345,77356,11
13.0279598236,80.2761535645,77356,77366,10
13.028670311,80.2764129639,77366,77376,10
13.0295801163,80.2766723633,77376,77386,10
13.0303602219,80.2769699097,77386,77396,10
13.0310602188,80.2773895264,77396,77406,10
13.0319004059,80.2775421143,77406,77416,10
13.0325202942,80.2774581909,77416,77426,10
13.0325403214,80.2774581909,77426,77436,10
13.0327701569,80.2774429321,77436,77446,10
13.0333003998,80.2773590088,77446,77457,11
13.0338201523,80.2773971558,77457,77467,10
13.0344495773,80.2775802612,77467,77477,10
13.0351800919,80.2776870728,77477,77487,10
13.0356903076,80.2778015137,77487,77496,9
13.0362596512,80.2779006958,77496,77507,11
13.0369596481,80.2781677246,77507,77517,10
13.0374002457,80.2783126831,77517,77527,10
13.0380601883,80.278503418,77527,77537,10
13.038769722,80.278678894,77537,77547,10
13.0388498306,80.2787017822,77547,77557,10
13.0390195847,80.2787475586,77557,77568,11
13.039440155,80.2788772583,77568,77578,10
13.040140152,80.2790679932,77578,77588,10
13.0409297943,80.2792510986,77588,77598,10
13.0417604446,80.2793884277,77598,77608,10
13.0430202484,80.2795028687,77608,77628,20
13.0430202484,80.2795028687,77628,77638,10
13.043129921,80.2794876099,77638,77648,10
13.0435695648,80.2796936035,77648,77658,10
13.0443096161,80.279876709,77658,77669,11
13.0456695557,80.2800521851,77669,77689,20
13.0456695557,80.2800521851,77689,77699,10
13.0459899902,80.2800979614,77699,77709,10
13.0465803146,80.2801971436,77709,77719,10
13.0474004745,80.2803268433,77719,77729,10
13.0483503342,80.2804718018,77729,77739,10
13.0493097305,80.2806091309,77739,77749,10
13.0500001907,80.2806930542,77749,77759,10
13.0503997803,80.2807617188,77759,77770,11
13.0504598618,80.2807693481,77770,77780,10
13.0506601334,80.2807998657,77780,77790,10
13.0511398315,80.2808837891,77790,77800,10
13.05189991,80.2809829712,77800,77810,10
13.0527601242,80.2811203003,77810,77820,10
13.0537004471,80.2812728882,77820,77830,10
13.0546798706,80.281463623,77830,77840,10
13.0556201935,80.2816314697,77840,77850,10
13.0562496185,80.28175354,77850,77871,21
13.0562496185,80.28175354,77871,77881,10
13.0564804077,80.281791687,77881,77891,10
13.0569896698,80.2818832397,77891,77901,10
13.057220459,80.2819213867,77901,77911,10
13.0573396683,80.2819519043,77911,77921,10
13.0578603745,80.2820663452,77921,77931,10
13.0586299896,80.2822265625,77931,77941,10
13.0595397949,80.2824172974,77941,77951,10
13.0603904724,80.2825927734,77951,77961,10
13.0610103607,80.2827072144,77961,77971,10
13.0617799759,80.2828826904,77971,77982,11
13.0627403259,80.2830963135,77982,77992,10
13.0631599426,80.2831802368,77992,78002,10
13.0632095337,80.2831802368,78002,78012,10
13.0638999939,80.2833328247,78012,78042,30
13.0638999939,80.2833328247,78042,78052,10
13.0639600754,80.2833404541,78052,78062,10
13.0643596649,80.2834396362,78062,78072,10
13.0650596619,80.2835998535,78072,78083,11
13.0660800934,80.283821106,78083,78093,10
13.0670700073,80.2840423584,78093,78103,10
13.0679998398,80.2842102051,78103,78113,10
13.0689601898,80.2844314575,78113,78123,10
13.0699701309,80.2846908569,78123,78133,10
13.0707998276,80.284828186,78133,78143,10
13.0716295242,80.2850494385,78143,78153,10
13.0725498199,80.2852020264,78153,78163,10
13.0734395981,80.28515625,78163,78214,51
13.0734395981,80.28515625,78214,78224,10
13.0736198425,80.2852325439,78224,78234,10
13.0737495422,80.2853393555,78234,78244,10
13.0739803314,80.28565979,78244,78274,30
13.0739803314,80.28565979,78274,78285,11
13.0741500854,80.2859191895,78285,78295,10
13.0745296478,80.2862091064,78295,78305,10
13.0749597549,80.2864837646,78305,78315,10
13.0753002167,80.2867126465,78315,78325,10
13.0756397247,80.286857605,78325,78335,10
13.0761404037,80.2870178223,78335,78345,10
13.0769100189,80.2872314453,78345,78355,10
13.0778198242,80.2874298096,78355,78365,10
13.078909874,80.2877731323,78365,78375,10
13.0799198151,80.2880783081,78375,78386,11
13.0806598663,80.2882232666,78386,78396,10
13.0807504654,80.2882385254,78396,78406,10
13.0810699463,80.2883605957,78406,78416,10
13.0815401077,80.2885513306,78416,78426,10
13.0821800232,80.2887496948,78426,78436,10
13.0829200745,80.2891082764,78436,78446,10
13.0837898254,80.2891387939,78446,78456,10
13.0847997665,80.2891082764,78456,78466,10
13.0859804153,80.2892913818,78466,78476,10
13.0870599747,80.2895965576,78476,78486,10
13.0878801346,80.2899398804,78486,78497,11
13.088760376,80.2901611328,78497,78547,50
13.088760376,80.2901611328,78547,78557,10
13.0886201859,80.2904281616,78557,78567,10
13.0881700516,80.2901992798,78567,78577,10
13.087439537,80.2899017334,78577,78587,10
13.0865297318,80.2896194458,78587,78598,11
13.0856599808,80.2893295288,78598,78608,10
13.0852899551,80.2886810303,78608,78618,10
13.0850801468,80.2877426147,78618,78628,10
13.0851602554,80.286529541,78628,78638,10
13.0852804184,80.2852325439,78638,78648,10
13.0852203369,80.2842178345,78648,78658,10
13.0851898193,80.284072876,78658,78668,10
13.0853300095,80.2837905884,78668,78678,10
13.0855503082,80.283493042,78678,78688,10
13.0859498978,80.283493042,78688,78699,11
13.0863199234,80.2835769653,78699,78709,10
13.0866298676,80.283706665,78709,78719,10
13.0872402191,80.2836380005,78719,78769,50
13.0872402191,80.2836380005,78769,78779,10
13.0873403549,80.2836532593,78779,78789,10
13.0875902176,80.2836380005,78789,78800,11
13.0879001617,80.2836074829,78800,78810,10
13.0881204605,80.283531189,78810,78820,10
13.0882301331,80.2834091187,78820,78830,10
13.0882501602,80.2832336426,78830,78840,10
13.088259697,80.2827072144,78840,78850,10
13.0882301331,80.282119751,78850,78860,10
13.0879297256,80.2814712524,78860,78870,10
13.0871400833,80.2812194824,78870,78880,10
13.0861797333,80.2809524536,78880,78890,10
13.0856704712,80.2806625366,78890,78899,9
13.085559845,80.2800979614,78899,78911,12
13.0850496292,80.2793502808,78911,78921,10
13.0842895508,80.2791900635,78921,78931,10
13.0835504532,80.2790527344,78931,78941,10
13.0827903748,80.278717041,78941,78951,10
13.0822200775,80.278503418,78951,78961,10
13.0819501877,80.2782516479,78961,78971,10
13.0818901062,80.2777023315,78971,78981,10
13.0818195343,80.2769393921,78981,78991,10
13.0816802979,80.2761383057,78991,79001,10
13.0815896988,80.2758026123,79001,79010,9
13.081580162,80.275718689,79010,79021,11
13.0815000534,80.2753295898,79021,79032,11
13.0814304352,80.2751998901,79032,79042,10
13.0811700821,80.2751464844,79042,79052,10
13.0807600021,80.2752075195,79052,79062,10
13.0802698135,80.2752609253,79062,79072,10
13.0798301697,80.2753067017,79072,79082,10
13.0793399811,80.2752609253,79082,79092,10
13.0787696838,80.2751464844,79092,79102,10
13.0783100128,80.2754211426,79102,79113,11
13.0780696869,80.2760772705,79113,79123,10
13.0774002075,80.276222229,79123,79133,10
13.0766496658,80.2762680054,79133,79143,10
13.0760297775,80.2762985229,79143,79153,10
13.0759096146,80.2762680054,79153,79163,10
13.0758495331,80.2761001587,79163,79173,10
13.0758695602,80.2757873535,79173,79193,20
13.0758695602,80.2757873535,79193,79203,10
13.0758895874,80.275642395,79203,79214,11
13.0759601593,80.2753601074,79214,79224,10
13.0758399963,80.2751617432,79224,84373,5149
