12.9979600906,80.2566604614,11,16672,16661
12.9980096817,80.2566986084,16672,16894,222
12.9979496002,80.2565917969,16894,20599,3705
12.9979496002,80.2565917969,20599,20609,10
12.9979095459,80.2566223145,20609,20619,10
12.9979000092,80.256362915,20619,20630,11
12.9976997375,80.2561264038,20630,20660,30
12.9976997375,80.2561264038,20660,20670,10
12.9975795746,80.2559204102,20670,20680,10
12.9971904755,80.2559127808,20680,20690,10
12.9967699051,80.2558898926,20690,20700,10
12.9961795807,80.2558670044,20700,20710,10
12.9956703186,80.2558822632,20710,20720,10
12.9951896667,80.2558822632,20720,20731,11
12.9946203232,80.2559127808,20731,20741,10
12.9941501617,80.2559585571,20741,20751,10
12.993470192,80.2559814453,20751,20761,10
12.9926900864,80.2559967041,20761,20771,10
12.9919395447,80.2560119629,20771,20781,10
12.9912595749,80.2559814453,20781,20791,10
12.9905395508,80.2559814453,20791,20801,10
12.9898099899,80.2559661865,20801,20811,10
12.9889802933,80.2559204102,20811,20821,10
12.9881401062,80.2558364868,20821,20832,11
12.9876403809,80.2559585571,20832,20842,10
12.9875898361,80.2566070557,20842,20852,10
12.9875001907,80.2573776245,20852,20862,10
12.9874401093,80.2582778931,20862,20872,10
12.9873600006,80.258972168,20872,20882,10
12.9872903824,80.2594909668,20882,20892,10
12.9870500565,80.2595367432,20892,20902,10
12.9869003296,80.2594985962,20902,20912,10
12.9866695404,80.259437561,20912,20922,10
12.986700058,80.2590789795,20922,20931,9
12.9871101379,80.2591094971,20931,21023,92
12.9871101379,80.2591094971,21023,21033,10
12.9874095917,80.258972168,21033,21044,11
12.9874296188,80.2583312988,21044,21054,10
12.9874696732,80.2576217651,21054,21064,10
12.9875297546,80.2567901611,21064,21074,10
12.9875898361,80.2559661865,21074,21084,10
12.9878101349,80.2557525635,21084,21094,10
12.9884300232,80.2558517456,21094,21114,20
12.9884300232,80.2558517456,21114,21124,10
12.988530159,80.2558822632,21124,21133,9
12.9888496399,80.2559127808,21133,21145,12
12.9896001816,80.2559967041,21145,21155,10
12.9903697968,80.2560195923,21155,21165,10
12.9910001755,80.2560424805,21165,21175,10
12.991900444,80.2560577393,21175,21185,10
12.9928102493,80.2560424805,21185,21195,10
12.9936304092,80.2559585571,21195,21205,10
12.9944496155,80.2559204102,21205,21215,10
12.9953203201,80.2558822632,21215,21225,10
12.9961500168,80.2558898926,21225,21235,10
12.9968500137,80.2558822632,21235,21245,10
12.9974298477,80.2558898926,21245,21256,11
12.9976997375,80.255897522,21256,21266,10
12.9982099533,80.2559280396,21266,21276,10
12.9989099503,80.2560424805,21276,21296,20
12.9989099503,80.2560424805,21296,21306,10
12.999250412,80.2560882568,21306,21316,10
12.9998598099,80.2562179565,21316,21326,10
13.0006103516,80.2563705444,21326,21336,10
13.0014095306,80.2564926147,21336,21346,10
13.0022697449,80.2566375732,21346,21357,11
13.0031995773,80.2567977905,21357,21367,10
13.0039701462,80.2569503784,21367,21377,10
13.0047302246,80.2570800781,21377,21387,10
13.0055904388,80.2572402954,21387,21397,10
13.0063295364,80.2574005127,21397,21407,10
13.0065603256,80.2570877075,21407,21417,10
13.0065498352,80.256362915,21417,21427,10
13.006529808,80.2554092407,21427,21437,10
13.0065402985,80.2543869019,21437,21447,10
13.0065402985,80.2534713745,21447,21458,11
13.006529808,80.2531433105,21458,21468,10
13.006529808,80.2528533936,21468,21478,10
13.0066003799,80.2521591187,21478,21488,10
13.0066795349,80.251701355,21488,21498,10
13.0067596436,80.2510528564,21498,21508,10
13.0067596436,80.2500991821,21508,21518,10
13.0067396164,80.248916626,21518,21528,10
13.0066604614,80.2478790283,21528,21538,10
13.0066604614,80.2470932007,21538,21548,10
13.0066204071,80.2465209961,21548,21559,11
13.0066604614,80.2463531494,21559,21569,10
13.0066900253,80.2457809448,21569,21579,10
13.0066699982,80.2449035645,21579,21589,10
13.0066699982,80.243888855,21589,21599,10
13.0066404343,80.2431793213,21599,21609,10
13.0066003799,80.2424697876,21609,21619,10
13.0066099167,80.2415084839,21619,21629,10
13.0067100525,80.2406616211,21629,21639,10
13.0069198608,80.2397537231,21639,21649,10
13.0070400238,80.2387771606,21649,21659,10
13.0072698593,80.2377166748,21659,21670,11
13.0074100494,80.236831665,21670,21680,10
13.0074300766,80.2367706299,21680,21690,10
13.0074796677,80.2366333008,21690,21700,10
13.0075702667,80.2361907959,21700,21710,10
13.0077495575,80.2353973389,21710,21720,10
13.0079202652,80.2345199585,21720,21730,10
13.008190155,80.2332687378,21730,21740,10
13.0084600449,80.2319030762,21740,21750,10
13.0087299347,80.2305679321,21750,21760,10
13.0089998245,80.2291488647,21760,21771,11
13.0094804764,80.2276229858,21771,21781,10
13.0100402832,80.2263565063,21781,21791,10
13.0106096268,80.2251815796,21791,21801,10
13.011059761,80.2241897583,21801,21811,10
13.0114297867,80.2233123779,21811,21821,10
13.0118303299,80.2223892212,21821,21831,10
13.0121898651,80.2215576172,21831,21841,10
13.0124597549,80.221572876,21841,21851,10
13.0128002167,80.2221221924,21851,21861,10
13.0134096146,80.2227630615,21861,21872,11
13.013999939,80.2234573364,21872,21882,10
13.0143604279,80.2239685059,21882,21892,10
13.0148096085,80.2244796753,21892,21902,10
13.0152397156,80.2248382568,21902,21922,20
13.0152397156,80.2248382568,21922,21932,10
13.0155496597,80.2250900269,21932,21942,10
13.0160398483,80.2253189087,21942,21952,10
13.0167703629,80.2252426147,21952,21962,10
13.0176000595,80.2248764038,21962,21973,11
13.0186004639,80.2244796753,21973,21983,10
13.0192899704,80.2242965698,21983,21993,10
13.0193796158,80.2243118286,21993,22003,10
13.019659996,80.2244720459,22003,22013,10
13.0201997757,80.224861145,22013,22023,10
13.0208702087,80.2253494263,22023,22033,10
13.0215702057,80.2258911133,22033,22043,10
13.0223503113,80.2265396118,22043,22053,10
13.0231800079,80.2272796631,22053,22063,10
13.0239801407,80.2280578613,22063,22073,10
13.024600029,80.2288894653,22073,22084,11
13.0252799988,80.2297821045,22084,22094,10
13.0257997513,80.2306594849,22094,22104,10
13.0260000229,80.2313079834,22104,22114,10
13.026049614,80.2316131592,22114,22124,10
13.0262098312,80.2322311401,22124,22134,10
13.0265798569,80.2330627441,22134,22144,10
13.0271396637,80.2340011597,22144,22154,10
13.0277395248,80.2350387573,22154,22164,10
13.0284700394,80.236000061,22164,22174,10
13.0291795731,80.2367706299,22174,22185,11
13.0298299789,80.2375793457,22185,22195,10
13.0303602219,80.2384719849,22195,22205,10
13.0308599472,80.2393112183,22205,22215,10
13.0312004089,80.2399215698,22215,22225,10
13.0314302444,80.2404098511,22225,22235,10
13.0315599442,80.241027832,22235,22245,10
13.0318202972,80.2416000366,22245,22255,10
13.032119751,80.2421722412,22255,22265,10
13.0326099396,80.242729187,22265,22275,10
13.0330600739,80.2433776855,22275,22286,11
13.0335903168,80.2440719604,22286,22296,10
13.0340499878,80.244720459,22296,22306,10
13.0345497131,80.2453308105,22306,22316,10
13.0350904465,80.2459106445,22316,22326,10
13.0355796814,80.24609375,22326,22336,10
13.0356903076,80.2461013794,22336,22346,10
13.0359897614,80.2463226318,22346,22356,10
13.0365200043,80.2464065552,22356,22366,10
13.037150383,80.2465362549,22366,22376,10
13.0376195908,80.2464370728,22376,22386,10
13.0382099152,80.2465591431,22386,22397,11
13.0389604568,80.2467803955,22397,22407,10
13.0395202637,80.2469024658,22407,22417,10
13.0401096344,80.2470092773,22417,22427,10
13.0406599045,80.2471084595,22427,22437,10
13.0408601761,80.2471466064,22437,22447,10
13.0409898758,80.247177124,22447,22457,10
13.0415296555,80.2472763062,22457,22467,10
13.0421895981,80.2473983765,22467,22477,10
13.0427799225,80.2476425171,22477,22487,10
13.043419838,80.2478027344,22487,22498,11
13.0440597534,80.247756958,22498,22508,10
13.0446195602,80.2478485107,22508,22518,10
13.0450897217,80.2481307983,22518,22528,10
13.0455904007,80.2483062744,22528,22538,10
13.0461301804,80.2484588623,22538,22548,10
13.0467300415,80.2483978271,22548,22558,10
13.0469999313,80.2484436035,22558,22568,10
13.0474700928,80.2487182617,22568,22578,10
13.0480203629,80.2492599487,22578,22588,10
13.0487098694,80.249710083,22588,22599,11
13.0497398376,80.2498321533,22599,22609,10
13.0508298874,80.2500534058,22609,22619,10
13.051779747,80.2504730225,22619,22629,10
13.0524196625,80.2511520386,22629,22639,10
13.0531196594,80.2520828247,22639,22649,10
13.0538301468,80.2530517578,22649,22659,10
13.0545396805,80.2539825439,22659,22669,10
13.0552101135,80.2548522949,22669,22679,10
13.0557804108,80.2556610107,22679,22689,10
13.0562696457,80.2562789917,22689,22700,11
13.056889534,80.2568664551,22700,22710,10
13.0574998856,80.2574615479,22710,22720,10
13.0581102371,80.258140564,22720,22730,10
13.058719635,80.2589111328,22730,22740,10
13.059220314,80.2596893311,22740,22750,10
13.0597696304,80.260383606,22750,22760,10
13.0603399277,80.2610931396,22760,22770,10
13.0609798431,80.2617416382,22770,22780,10
13.0619001389,80.2627410889,22780,22800,20
13.0619001389,80.2627410889,22800,22811,11
13.0619697571,80.2628326416,22811,22821,10
13.0622997284,80.2632675171,22821,22831,10
13.0628299713,80.2639312744,22831,22841,10
13.0633897781,80.2646408081,22841,22851,10
13.0638303757,80.2653808594,22851,22861,10
13.0642795563,80.2659835815,22861,22871,10
13.0647602081,80.2665481567,22871,22881,10
13.065030098,80.2668914795,22881,22891,10
13.0655498505,80.2672805786,22891,22901,10
13.0660104752,80.2678375244,22901,22912,11
13.066570282,80.2683792114,22912,22922,10
13.0670099258,80.2685928345,22922,22932,10
13.0671195984,80.268661499,22932,22942,10
13.0675601959,80.2689437866,22942,22952,10
13.068110466,80.2692871094,22952,22962,10
13.0683698654,80.2691497803,22962,22972,10
13.0685100555,80.2686004639,22972,22982,10
13.0687599182,80.2678985596,22982,22992,10
13.0690603256,80.2671890259,22992,23002,10
13.0696001053,80.2666320801,23002,23013,11
13.0702199936,80.2659606934,23013,23023,10
13.0704298019,80.2658004761,23023,23033,10
13.0707302094,80.2654800415,23033,23043,10
13.0711698532,80.2650375366,23043,23053,10
13.0717201233,80.2644729614,23053,23062,9
13.0721197128,80.263999939,23062,23073,11
13.0724802017,80.2632598877,23073,23083,10
13.0726900101,80.2626876831,23083,23093,10
13.0728797913,80.2620697021,23093,23103,10
13.0730800629,80.2613983154,23103,23114,11
13.073340416,80.2611999512,23114,23124,10
13.073800087,80.2617034912,23124,23134,10
13.0742998123,80.2623062134,23134,23144,10
13.0747404099,80.2629013062,23144,23154,10
13.0752496719,80.2636032104,23154,23164,10
13.0757799149,80.2642364502,23164,23174,10
13.0764904022,80.2641983032,23174,23184,10
13.0769996643,80.2641067505,23184,23194,10
13.0773696899,80.2639770508,23194,23204,10
13.0777702332,80.2637023926,23204,23214,10
13.0781097412,80.2633666992,23214,23225,11
13.0779695511,80.2628936768,23225,23235,10
13.0777997971,80.2622909546,23235,23245,10
13.077580452,80.2617034912,23245,23255,10
13.0774297714,80.2612991333,23255,23265,10
13.0774097443,80.2612228394,23265,23275,10
13.0773696899,80.261100769,23275,23285,10
13.0773000717,80.2608795166,23285,23295,10
13.0771503448,80.2606201172,23295,23305,10
13.0769500732,80.2604217529,23305,23315,10
13.0766296387,80.2601318359,23315,23326,11
13.0760602951,80.2596817017,23326,23336,10
13.0756397247,80.2590408325,23336,23346,10
13.0754699707,80.2582778931,23346,23356,10
13.0758695602,80.2578582764,23356,23366,10
13.0764503479,80.2573394775,23366,23376,10
13.0769901276,80.2569198608,23376,23386,10
13.0775995255,80.2566986084,23386,23396,10
13.0784301758,80.2566223145,23396,23406,10
13.0790100098,80.2564926147,23406,23416,10
13.0790500641,80.2559890747,23416,23427,11
13.0789604187,80.2552490234,23427,23437,10
13.0789403915,80.2551193237,23437,23447,10
13.0789203644,80.2549514771,23447,23457,10
13.0789899826,80.2546615601,23457,23467,10
13.0795698166,80.2545776367,23467,23477,10
13.0801095963,80.2546463013,23477,23487,10
13.0806598663,80.2547225952,23487,23497,10
13.0814199448,80.2548065186,23497,23507,10
13.0818595886,80.2543334961,23507,23517,10
13.0819101334,80.2537078857,23517,23528,11
13.081870079,80.2529678345,23528,23538,10
13.0814599991,80.2523117065,23538,23548,10
13.0813903809,80.2514724731,23548,23558,10
13.0813703537,80.2509384155,23558,23568,10
13.0813598633,80.2503814697,23568,23578,10
13.0813798904,80.2497177124,23578,23588,10
13.0818595886,80.2496566772,23588,23598,10
13.0826597214,80.2497787476,23598,23608,10
13.0834703445,80.2499237061,23608,23618,10
13.0837802887,80.25,23618,23628,10
13.0843000412,80.2500762939,23628,23639,11
13.0848798752,80.250213623,23639,23649,10
13.0855302811,80.2502975464,23649,23659,10
13.0858697891,80.2501220703,23659,23669,10
13.0858802795,80.2494506836,23669,23679,10
13.0858402252,80.248626709,23679,23689,10
13.0858201981,80.2478179932,23689,23699,10
13.0857601166,80.2468414307,23699,23709,10
13.0857200623,80.2459182739,23709,23719,10
13.0856895447,80.2453613281,23719,23729,10
13.0857801437,80.2451324463,23729,23740,11
13.0863399506,80.244682312,23740,23750,10
13.0870199203,80.2441101074,23750,23760,10
13.0877103806,80.2434692383,23760,23770,10
13.0879402161,80.2425765991,23770,23780,10
13.0884599686,80.241897583,23780,23790,10
13.0892696381,80.2413406372,23790,23800,10
13.0901403427,80.2408828735,23800,23810,10
13.0911798477,80.2408599854,23810,23820,10
13.0921697617,80.2409133911,23820,23830,10
13.0930404663,80.2409591675,23830,23841,11
13.0939903259,80.2411117554,23841,23851,10
13.0946302414,80.2412414551,23851,23861,10
13.0953598022,80.2414321899,23861,23871,10
13.0961503983,80.2416992188,23871,23881,10
13.097240448,80.2420730591,23881,23901,20
13.097240448,80.2420730591,23901,23911,10
13.0975198746,80.2421417236,23911,23921,10
13.0980396271,80.2422637939,23921,23931,10
13.0982398987,80.2422866821,23931,23942,11
13.0985202789,80.2422790527,23942,23962,20
13.0985202789,80.2422790527,23962,23972,10
13.0986700058,80.2422714233,23972,23982,10
13.0987901688,80.2420883179,23982,23992,10
13.0987501144,80.2418670654,23992,24002,10
13.0984601974,80.2418136597,24002,24012,10
13.098449707,80.2420806885,24012,24194,182
13.0985498428,80.2423019409,24194,25133,939
13.0985498428,80.2423019409,25133,25143,10
13.0984096527,80.242401123,25143,25153,10
13.0980300903,80.2423171997,25153,25163,10
13.0976295471,80.2422103882,25163,25173,10
13.0975999832,80.2422027588,25173,25183,10
13.0972900391,80.2420730591,25183,25194,11
13.0966596603,80.2419128418,25194,25204,10
13.0960302353,80.2416687012,25204,25214,10
13.0952701569,80.2413635254,25214,25224,10
13.0946998596,80.2412567139,25224,25234,10
13.0941801071,80.2411422729,25234,25244,10
13.0936002731,80.2410430908,25244,25254,10
13.0934400558,80.2409973145,25254,25264,10
13.0930299759,80.2409362793,25264,25274,10
13.0923700333,80.2409362793,25274,25284,10
13.0915899277,80.2408905029,25284,25294,10
13.0907402039,80.2408828735,25294,25305,11
13.0897397995,80.2410430908,25305,25315,10
13.0889997482,80.2415237427,25315,25325,10
13.088350296,80.2419967651,25325,25335,10
13.08796978,80.2426528931,25335,25345,10
13.0878801346,80.2431716919,25345,25355,10
13.0877399445,80.2434768677,25355,25365,10
13.0873403549,80.2438812256,25365,25375,10
13.0867700577,80.2443771362,25375,25385,10
13.0861501694,80.2448883057,25385,25395,10
13.0856895447,80.2453918457,25395,25406,11
13.085729599,80.2466583252,25406,25426,20
13.085729599,80.2466583252,25426,25436,10
13.0857601166,80.2471084595,25436,25446,10
13.085849762,80.2479629517,25446,25456,10
13.0858802795,80.2490692139,25456,25466,10
13.0859098434,80.2501373291,25466,25476,10
13.0859203339,80.2506790161,25476,25486,10
13.0858097076,80.2512893677,25486,25496,10
13.0857200623,80.251953125,25496,25507,11
13.0856599808,80.2527236938,25507,25517,10
13.0856399536,80.2533035278,25517,25527,10
13.085650444,80.2538299561,25527,25537,10
13.0856599808,80.2546005249,25537,25547,10
13.0850696564,80.2546310425,25547,25557,10
13.0842504501,80.2545700073,25557,25567,10
13.083990097,80.2545394897,25567,25577,10
13.0836000443,80.2544937134,25577,25587,10
13.082909584,80.2544784546,25587,25597,10
13.0823898315,80.2544937134,25597,25608,11
13.0817804337,80.2547073364,25608,25618,10
13.0814599991,80.2548294067,25618,25628,10
13.0809898376,80.2548217773,25628,25638,10
13.0803499222,80.2547607422,25638,25648,10
13.0796403885,80.2546005249,25648,25658,10
13.0790195465,80.2546691895,25658,25668,10
13.0790195465,80.2553024292,25668,25678,10
13.079079628,80.2562713623,25678,25688,10
13.0786399841,80.256652832,25688,25698,10
13.0779495239,80.2566680908,25698,25709,11
13.0771303177,80.2568511963,25709,25719,10
13.0764198303,80.2573623657,25719,25729,10
13.075630188,80.2581100464,25729,25739,10
13.0755901337,80.2587127686,25739,25749,10
13.075920105,80.2595062256,25749,25759,10
13.0764703751,80.2599868774,25759,25769,10
13.0768299103,80.2603530884,25769,25789,20
13.0768299103,80.2603530884,25789,25799,10
13.0770902634,80.2605667114,25799,25809,10
13.077249527,80.2608032227,25809,25820,11
13.0774097443,80.2611236572,25820,25830,10
13.0775203705,80.2613220215,25830,25840,10
13.077630043,80.2616500854,25840,25850,10
13.0776796341,80.2618713379,25850,25860,10
13.0777997971,80.2621765137,25860,25890,30
13.0777997971,80.2621765137,25890,25900,10
13.0778598785,80.2625198364,25900,25910,10
13.0779399872,80.262840271,25910,25921,11
13.0782003403,80.2633209229,25921,25931,10
13.0779600143,80.2635421753,25931,25941,10
13.0776796341,80.2637710571,25941,25951,10
13.0770702362,80.2640304565,25951,25961,10
13.0763998032,80.2641601563,25961,25971,10
13.0758304596,80.2642211914,25971,25981,10
13.0754699707,80.2638168335,25981,25991,10
13.0749998093,80.2631607056,25991,26001,10
13.0745601654,80.2626190186,26001,26011,10
13.0740804672,80.2620162964,26011,26022,11
13.0736703873,80.2615585327,26022,26032,10
13.0731897354,80.2613983154,26032,26042,10
13.0729103088,80.2620620728,26042,26052,10
13.0726604462,80.2628326416,26052,26062,10
13.0723896027,80.2635803223,26062,26072,10
13.0719404221,80.264251709,26072,26082,10
13.071390152,80.2648696899,26082,26092,10
13.0712299347,80.2650299072,26092,26102,10
13.070810318,80.2654495239,26102,26111,9
13.0702295303,80.2659988403,26111,26122,11
13.069319725,80.2669219971,26122,26133,11
13.0687599182,80.2679595947,26133,26143,10
13.0684404373,80.2689971924,26143,26153,10
13.0682601929,80.2698974609,26153,26163,10
13.0681600571,80.2708435059,26163,26173,10
13.067609787,80.270690918,26173,26183,10
13.0669298172,80.2700576782,26183,26193,10
13.0665102005,80.2689971924,26193,26203,10
13.0661401749,80.2680664063,26203,26213,10
13.0654296875,80.2676086426,26213,26223,10
13.0649795532,80.267539978,26223,26234,11
13.0641403198,80.2673797607,26234,26244,10
13.0630903244,80.2672119141,26244,26254,10
13.062210083,80.2664871216,26254,26264,10
13.0614995956,80.2655487061,26264,26274,10
13.0607204437,80.2653121948,26274,26284,10
13.0605096817,80.2654418945,26284,26294,10
13.0601701736,80.2655792236,26294,26304,10
13.0594797134,80.2655563354,26304,26314,10
13.0585803986,80.265411377,26314,26324,10
13.0580701828,80.2647399902,26324,26335,11
13.0579500198,80.2636184692,26335,26345,10
13.0578403473,80.2625198364,26345,26355,10
13.0576295853,80.261390686,26355,26365,10
13.0573501587,80.2602462769,26365,26375,10
13.0569801331,80.2590789795,26375,26385,10
13.0566797256,80.2579727173,26385,26395,10
13.0565500259,80.25730896,26395,26405,10
13.056520462,80.2571563721,26405,26415,10
13.0564098358,80.256652832,26415,26424,9
13.0561103821,80.2560577393,26424,26436,12
13.0554704666,80.2552032471,26436,26446,10
13.0548095703,80.2543334961,26446,26456,10
13.0542001724,80.2535629272,26456,26466,10
13.053899765,80.253112793,26466,26476,10
13.0534496307,80.2524414063,26476,26486,10
13.0528802872,80.2516708374,26486,26496,10
13.0524396896,80.2510910034,26496,26506,10
13.0518503189,80.2504425049,26506,26516,10
13.0508699417,80.2500076294,26516,26526,10
13.0497102737,80.249786377,26526,26536,10
13.0486497879,80.2496566772,26536,26547,11
13.047750473,80.2490463257,26547,26557,10
13.0470600128,80.2486190796,26557,26567,10
13.0469303131,80.248588562,26567,26577,10
13.0465898514,80.2485809326,26577,26587,10
13.0458498001,80.2483901978,26587,26597,10
13.0449895859,80.2480621338,26597,26607,10
13.0440797806,80.2479095459,26607,26617,10
13.0431699753,80.2477722168,26617,26627,10
13.0422401428,80.2475814819,26627,26637,10
13.041560173,80.247428894,26637,26648,11
13.0407896042,80.2472381592,26648,26658,10
13.0399599075,80.2471084595,26658,26668,10
13.0396795273,80.2470397949,26668,26678,10
13.0396299362,80.2469711304,26678,26688,10
13.0392904282,80.2469024658,26688,26698,10
13.0389604568,80.2469100952,26698,26708,10
13.038479805,80.2467803955,26708,26718,10
13.0379896164,80.246711731,26718,26728,10
13.0373802185,80.2465896606,26728,26737,9
13.0367498398,80.2464828491,26737,26749,12
13.0359802246,80.2463531494,26749,26759,10
13.0352897644,80.2460403442,26759,26779,20
13.0352897644,80.2460403442,26779,26789,10
13.0350103378,80.2458496094,26789,26799,10
13.0345401764,80.245262146,26799,26809,10
13.0339899063,80.2445526123,26809,26819,10
13.0333404541,80.2437896729,26819,26829,10
13.0326595306,80.2428588867,26829,26839,10
13.0320501328,80.2420272827,26839,26849,10
13.03166008,80.2411575317,26849,26860,11
13.0311698914,80.240020752,26860,26908,48
13.0311698914,80.240020752,26908,26920,12
13.0310602188,80.2398376465,26920,26930,10
13.0307598114,80.2392730713,26930,26940,10
13.0302801132,80.2384414673,26940,26950,10
13.0297203064,80.2374801636,26950,26961,11
13.0290803909,80.2367630005,26961,26971,10
13.028550148,80.2361831665,26971,26981,10
13.027970314,80.2354888916,26981,26991,10
13.0274801254,80.2346191406,26991,27001,10
13.0269899368,80.2338180542,27001,27011,10
13.0266704559,80.2332992554,27011,27031,20
13.0266704559,80.2332992554,27031,27041,10
13.026599884,80.2331008911,27041,27051,10
13.0263595581,80.2326431274,27051,27062,11
13.0261497498,80.2317733765,27062,27072,10
13.0259199142,80.2308731079,27072,27082,10
13.0254201889,80.2299728394,27082,27092,10
13.0248498917,80.2292404175,27092,27102,10
13.0243301392,80.2285919189,27102,27112,10
13.024020195,80.2282562256,27112,27122,10
13.0239601135,80.228187561,27122,27132,10
13.0236196518,80.2277984619,27132,27142,10
13.0232095718,80.2273788452,27142,27152,10
13.0226297379,80.2268066406,27152,27163,11
13.0217695236,80.2260818481,27163,27173,10
13.020939827,80.2254333496,27173,27183,10
13.0200796127,80.224822998,27183,27193,10
13.019080162,80.2244110107,27193,27203,10
13.0179796219,80.2248001099,27203,27213,10
13.0169496536,80.2252426147,27213,27223,10
13.0161104202,80.2255706787,27223,27233,10
13.0153503418,80.2258377075,27233,27243,10
13.0147895813,80.2260818481,27243,27253,10
13.0147600174,80.2260818481,27253,27263,10
13.0145101547,80.2261581421,27263,27274,11
13.0144500732,80.2261734009,27274,27284,10
13.0140895844,80.2263183594,27284,27294,10
13.0134601593,80.2265625,27294,27304,10
13.0126600266,80.2268981934,27304,27314,10
13.0116796494,80.2273101807,27314,27324,10
13.0106096268,80.2277526855,27324,27334,10
13.0096101761,80.2281723022,27334,27344,10
13.0090799332,80.2289810181,27344,27354,10
13.0088396072,80.2301177979,27354,27364,10
13.0085897446,80.2313232422,27364,27375,11
13.0083503723,80.2326202393,27375,27385,10
13.0082502365,80.2335586548,27385,27395,10
13.0082197189,80.2336273193,27395,27405,10
13.0081195831,80.2339401245,27405,27415,10
13.0080003738,80.2346191406,27415,27425,10
13.0078201294,80.2354431152,27425,27435,10
13.0076398849,80.2364578247,27435,27445,10
13.0074100494,80.2375564575,27445,27455,10
13.0072097778,80.2385635376,27455,27465,10
13.0070400238,80.2393569946,27465,27476,11
13.0068902969,80.2404327393,27476,27486,10
13.0067796707,80.2409515381,27486,27496,10
13.0067396164,80.2416381836,27496,27506,10
13.0067396164,80.2425765991,27506,27516,10
13.0067100525,80.243637085,27516,27526,10
13.0066900253,80.244720459,27526,27536,10
13.0067195892,80.2458267212,27536,27546,10
13.006770134,80.2469177246,27546,27556,10
13.0067501068,80.247833252,27556,27566,10
13.0067796707,80.248916626,27566,27576,10
13.0068101883,80.2501220703,27576,27587,11
13.0068397522,80.2512512207,27587,27597,10
13.006649971,80.2521514893,27597,27607,10
13.0065603256,80.2531433105,27607,27617,10
13.0065498352,80.2541122437,27617,27627,10
13.0066204071,80.2549667358,27627,27637,10
13.0066204071,80.2550430298,27637,27647,10
13.0066099167,80.2553710938,27647,27657,10
13.0066204071,80.2560501099,27657,27667,10
13.006649971,80.2572021484,27667,27758,91
13.006649971,80.2572021484,27758,27768,10
13.0066900253,80.257522583,27768,27778,10
13.006310463,80.2575683594,27778,27789,11
13.0057201385,80.2574081421,27789,27799,10
13.0049695969,80.2572174072,27799,27809,10
13.0041799545,80.2570800781,27809,27819,10
13.0034599304,80.2569122314,27819,27829,10
13.0027303696,80.2567901611,27829,27839,10
13.001709938,80.2565994263,27839,27869,30
13.001709938,80.2565994263,27869,27878,9
13.0015802383,80.2565612793,27878,27900,22
13.0015802383,80.2565612793,27900,27910,10
13.0010099411,80.2564926147,27910,27920,10
13.000289917,80.2563781738,27920,27930,10
12.9995498657,80.2562408447,27930,27940,10
12.9988498688,80.256111145,27940,27950,10
12.9985904694,80.2560806274,27950,27960,10
12.9985704422,80.2560806274,27960,27970,10
12.9985103607,80.2560577393,27970,27980,10
12.9981603622,80.2560272217,27980,27990,10
12.9976196289,80.2559585571,27990,28001,11
12.9970903397,80.2559280396,28001,28021,20
12.9970903397,80.2559280396,28021,28031,10
12.9968204498,80.255897522,28031,28041,10
12.9962797165,80.2559204102,28041,28051,10
12.995470047,80.2559127808,28051,28061,10
12.9945898056,80.2559509277,28061,28071,10
12.993639946,80.2560501099,28071,28081,10
12.9925203323,80.2561035156,28081,28091,10
12.9914503098,80.2561264038,28091,28102,11
12.9906597137,80.256072998,28102,28112,10
12.9900398254,80.2560272217,28112,28122,10
12.9891996384,80.2560272217,28122,28132,10
12.9884796143,80.2559432983,28132,28142,10
12.9884004593,80.2558898926,28142,28152,10
12.9881296158,80.2558364868,28152,28162,10
12.9878797531,80.2557907104,28162,28172,10
12.987660408,80.2562179565,28172,28182,10
12.9876003265,80.2570495605,28182,28192,10
12.9875097275,80.2579574585,28192,28203,11
12.9874401093,80.2587280273,28203,28213,10
12.9872303009,80.2595825195,28213,28253,40
12.9872303009,80.2595825195,28253,28263,10
12.9867401123,80.2594909668,28263,29505,1242
12.9866199493,80.2595825195,29505,30000,495
12.986700058,80.2596282959,30000,30060,60
12.9865903854,80.2596664429,30060,30242,182
12.9866895676,80.2595825195,30242,30454,212
12.9865999222,80.2595672607,30454,30474,20
12.9865999222,80.2595672607,30474,30484,10
12.9865598679,80.2593765259,30484,30495,11
12.9866399765,80.2590408325,30495,30505,10
12.9867401123,80.2590637207,30505,30515,10
12.9869298935,80.2590866089,30515,30585,70
12.9872999191,80.259147644,30585,30626,41
12.9872999191,80.259147644,30626,30636,10
12.9874200821,80.2589569092,30636,30646,10
12.9874401093,80.2584686279,30646,30656,10
12.9874696732,80.2578735352,30656,30666,10
12.9875097275,80.2571487427,30666,30676,10
12.9875602722,80.256401062,30676,30686,10
12.9875802994,80.2559432983,30686,30707,21
12.9875802994,80.2559432983,30707,30717,10
12.9877099991,80.2557373047,30717,30727,10
12.9882202148,80.2557983398,30727,30737,10
12.9888000488,80.2558822632,30737,30759,22
12.9888000488,80.2558822632,30759,30769,10
12.9890899658,80.2559204102,30769,30779,10
12.9897298813,80.2559661865,30779,30789,10
12.9904203415,80.2559814453,30789,30799,10
12.991109848,80.2560272217,30799,30810,11
12.9921503067,80.2560577393,30810,30820,10
12.9931898117,80.2560272217,30820,30830,10
12.9941101074,80.2559814453,30830,30840,10
12.9949798584,80.255897522,30840,30850,10
12.9958696365,80.2558670044,30850,30860,10
12.9966001511,80.255859375,30860,30880,20
12.9966001511,80.255859375,30880,30890,10
12.9968099594,80.2558898926,30890,30900,10
12.9971399307,80.2559127808,30900,30910,10
12.9976596832,80.2559204102,30910,30921,11
12.9985904694,80.2560195923,30921,30941,20
12.9985904694,80.2560195923,30941,30951,10
12.9989700317,80.2560882568,30951,30961,10
12.9995298386,80.2562026978,30961,30971,10
13.0002803802,80.2563095093,30971,30981,10
13.0011301041,80.256439209,30981,30991,10
13.0019598007,80.2565765381,30991,31001,10
13.0028400421,80.2567367554,31001,31011,10
13.0037498474,80.2569198608,31011,31022,11
13.004699707,80.2571029663,31022,31032,10
13.0053901672,80.2571716309,31032,31042,10
13.0055198669,80.2572097778,31042,31052,10
13.0057401657,80.2572784424,31052,31062,10
13.0059604645,80.2573013306,31062,31072,10
13.0062999725,80.2573699951,31072,31082,10
13.0065402985,80.2570877075,31082,31092,10
13.0065202713,80.2565307617,31092,31102,10
13.0065097809,80.2556610107,31102,31112,10
13.0065603256,80.2547607422,31112,31121,9
13.0065402985,80.2540130615,31121,31133,12
13.0065097809,80.2533416748,31133,31143,10
13.0065202713,80.2531661987,31143,31153,10
13.006529808,80.2526397705,31153,31163,10
13.0066699982,80.2519226074,31163,31213,50
13.0066699982,80.2519226074,31213,31223,10
13.0067796707,80.2517623901,31223,31234,11
13.0068397522,80.2511825562,31234,31244,10
13.0068101883,80.2504425049,31244,31254,10
13.006770134,80.24949646,31254,31264,10
13.0066995621,80.2484436035,31264,31274,10
13.0066699982,80.2474975586,31274,31284,10
13.0066003799,80.2466278076,31284,31294,10
13.0066604614,80.2464370728,31294,31304,10
13.0066900253,80.245880127,31304,31314,10
13.0066995621,80.2449874878,31314,31324,10
13.0066699982,80.2440032959,31324,31335,11
13.0066099167,80.2431488037,31335,31345,10
13.0065698624,80.2422409058,31345,31355,10
13.0066003799,80.2413101196,31355,31365,10
13.0067596436,80.2403869629,31365,31395,30
13.0067596436,80.2403869629,31395,31405,10
13.0067396164,80.2403182983,31405,31415,10
13.0068597794,80.2398910522,31415,31425,10
13.0070295334,80.2391433716,31425,31435,10
13.0072202682,80.2381210327,31435,31446,11
13.0074300766,80.2371063232,31446,31456,10
13.0074300766,80.2369003296,31456,31466,10
13.0074596405,80.2367706299,31466,31476,10
13.0075302124,80.236579895,31476,31486,10
13.0076503754,80.2360076904,31486,31496,10
13.0078201294,80.2351837158,31496,31506,10
13.0080299377,80.2341384888,31506,31516,10
13.0082902908,80.2329025269,31516,31526,10
13.0085496902,80.2315597534,31526,31536,10
13.0087900162,80.2303619385,31536,31547,11
13.0090198517,80.2292022705,31547,31557,10
13.0092496872,80.2281723022,31557,31567,10
13.0096597672,80.2272109985,31567,31577,10
13.0100603104,80.2263183594,31577,31587,10
13.0104398727,80.2255096436,31587,31597,10
13.0107898712,80.2247619629,31597,31607,10
13.0110998154,80.224029541,31607,31617,10
13.0114097595,80.2233123779,31617,31627,10
13.0116500854,80.2227096558,31627,31637,10
13.0119495392,80.2219390869,31637,31647,10
13.0122995377,80.2214279175,31647,31658,11
13.0124702454,80.2215881348,31658,31668,10
13.0128202438,80.2221298218,31668,31678,10
13.0133399963,80.2227401733,31678,31689,11
13.0139799118,80.2233734131,31689,31699,10
13.0143604279,80.2237472534,31699,31709,10
13.0146102905,80.2241134644,31709,31729,20
13.0148096085,80.2244033813,31729,31780,51
13.0148096085,80.2244033813,31780,31790,10
13.0150699615,80.2246627808,31790,31800,10
13.0151796341,80.2247695923,31800,31891,91
13.0151796341,80.2247695923,31891,31901,10
13.0154399872,80.2250289917,31901,31992,91
13.0154399872,80.2250289917,31992,32002,10
13.0159397125,80.2253189087,32002,32012,10
13.016579628,80.2253036499,32012,32022,10
13.0171699524,80.2250900269,32022,32032,10
13.0174798965,80.2249832153,32032,32042,10
13.0180702209,80.2247009277,32042,32052,10
13.0188999176,80.2244033813,32052,32062,10
13.0194501877,80.2243270874,32062,32073,11
13.0194702148,80.2243423462,32073,32083,10
13.0195598602,80.2244415283,32083,32093,10
13.0199203491,80.224647522,32093,32103,10
13.0205402374,80.2250900269,32103,32113,10
13.021109581,80.2255096436,32113,32123,10
13.0216503143,80.2259292603,32123,32133,10
13.0221996307,80.2263717651,32133,32142,9
13.0227003098,80.2268066406,32142,32153,11
13.0234298706,80.2274780273,32153,32160,7
13.0237903595,80.2278213501,32160,32173,13
13.0243396759,80.2284622192,32173,32194,21
13.0243396759,80.2284622192,32194,32204,10
13.0245103836,80.2287216187,32204,32214,10
13.0249204636,80.2293014526,32214,32224,10
13.0255098343,80.2300872803,32224,32234,10
13.025970459,80.2311325073,32234,32244,10
13.0262298584,80.2321014404,32244,32254,10
13.026599884,80.2330169678,32254,32263,9
13.0270795822,80.23387146,32263,32274,11
13.0277204514,80.2349090576,32274,32285,11
13.028380394,80.2359237671,32285,32295,10
13.0292396545,80.2368621826,32295,32305,10
13.0297203064,80.2374191284,32305,32315,10
13.0298204422,80.2376174927,32315,32325,10
13.0301904678,80.2381896973,32325,32335,10
13.0306596756,80.2389831543,32335,32345,10
13.0310001373,80.2395935059,32345,32386,41
13.0310001373,80.2395935059,32386,32396,10
13.0311803818,80.2398910522,32396,32406,10
13.0314302444,80.2404403687,32406,32416,10
13.0316696167,80.2412185669,32416,32426,10
13.0320596695,80.2420501709,32426,32436,10
13.0326900482,80.2428436279,32436,32446,10
13.0333299637,80.2437210083,32446,32456,10
13.0339603424,80.2447128296,32456,32466,10
13.0345802307,80.2454910278,32466,32476,10
13.0357599258,80.2461776733,32476,32507,31
13.0357599258,80.2461776733,32507,32517,10
13.0360498428,80.2462997437,32517,32527,10
13.0367603302,80.2464675903,32527,32537,10
13.0374403,80.2464065552,32537,32547,10
13.0381603241,80.2465820313,32547,32557,10
13.0390796661,80.2468338013,32557,32567,10
13.0401697159,80.2470474243,32567,32577,10
13.0408296585,80.2471618652,32577,32587,10
13.0408401489,80.2471694946,32587,32598,11
13.0412502289,80.2472610474,32598,32608,10
13.0420198441,80.2474365234,32608,32618,10
13.0429296494,80.2477416992,32618,32628,10
13.0437803268,80.2478179932,32628,32638,10
13.0445203781,80.2478790283,32638,32648,10
13.0451498032,80.2481994629,32648,32658,10
13.0458803177,80.2484512329,32658,32668,10
13.0466995239,80.2483978271,32668,32678,10
13.0469198227,80.2484130859,32678,32687,9
13.0472202301,80.2485198975,32687,32698,11
13.0478200912,80.2490615845,32698,32709,11
13.0485496521,80.2496490479,32709,32719,10
13.0495004654,80.2497787476,32719,32729,10
13.0506296158,80.25,32729,32739,10
13.0516796112,80.2503662109,32739,32749,10
13.052479744,80.2511978149,32749,32759,10
13.0531902313,80.2521209717,32759,32769,10
13.0537996292,80.2530136108,32769,32779,10
13.0544500351,80.2538986206,32779,32789,10
13.0550498962,80.2546463013,32789,32798,9
13.055560112,80.2554016113,32798,32810,12
13.0563001633,80.2563781738,32810,32820,10
13.0568399429,80.2568817139,32820,32830,10
13.0568599701,80.2568893433,32830,32840,10
13.0571203232,80.2571563721,32840,32850,10
13.0576400757,80.2576370239,32850,32860,10
13.0581798553,80.2583007813,32860,32870,10
13.0587797165,80.2590408325,32870,32880,10
13.0593204498,80.2598571777,32880,32890,10
13.0600204468,80.2604904175,32890,32899,9
13.060549736,80.2610626221,32899,32911,12
13.0607004166,80.2613372803,32911,32921,10
13.0608901978,80.2615890503,32921,32931,10
13.0612897873,80.2621002197,32931,32941,10
13.0618801117,80.2628173828,32941,32960,19
13.0618801117,80.2628173828,32960,32971,11
13.0619802475,80.2629089355,32971,32981,10
13.0622301102,80.263168335,32981,32991,10
13.0626802444,80.2637329102,32991,33001,10
13.0631303787,80.2641983032,33001,33011,10
13.0631399155,80.2642364502,33011,33022,11
13.0633897781,80.2646713257,33022,33032,10
13.0637903214,80.2652893066,33032,33042,10
13.0641899109,80.2658081055,33042,33052,10
13.0646600723,80.266418457,33052,33062,10
13.0651597977,80.2669525146,33062,33072,10
13.0657701492,80.2675170898,33072,33082,10
13.0664196014,80.2682800293,33082,33092,10
13.0669002533,80.2684783936,33092,33102,10
13.0669803619,80.2685317993,33102,33112,10
13.0673398972,80.2687835693,33112,33123,11
13.0679302216,80.2691421509,33123,33133,10
13.068400383,80.2692108154,33133,33143,10
13.0684900284,80.2687225342,33143,33153,10
13.0686998367,80.2681427002,33153,33163,10
13.0689601898,80.2673721313,33163,33173,10
13.0695695877,80.2667007446,33173,33183,10
13.0702104568,80.2660598755,33183,33193,10
13.0704698563,80.2658004761,33193,33203,10
13.0704803467,80.2657699585,33203,33213,10
13.070810318,80.2654571533,33213,33223,10
13.0712404251,80.2650299072,33223,33234,11
13.0717401505,80.2644577026,33234,33244,10
13.0721597672,80.2639389038,33244,33254,10
13.072520256,80.2632064819,33254,33264,10
13.0727596283,80.262588501,33264,33274,10
13.0728998184,80.2619781494,33274,33284,10
13.072930336,80.261932373,33284,33294,10
13.0730695724,80.2615585327,33294,33304,10
13.073220253,80.2611618042,33304,33314,10
13.0735502243,80.2614212036,33314,33324,10
13.0740499496,80.2619934082,33324,33335,11
13.0746603012,80.2627410889,33335,33345,10
13.0752096176,80.263458252,33345,33355,10
13.0756998062,80.2641372681,33355,33365,10
13.0763301849,80.2641983032,33365,33375,10
13.0771303177,80.2641067505,33375,33385,10
13.0778598785,80.2637329102,33385,33395,10
13.0781297684,80.2632827759,33395,33405,10
13.0778799057,80.262588501,33405,33415,10
13.0775604248,80.261680603,33415,33424,9
13.0773096085,80.2609710693,33424,33446,22
13.0773096085,80.2609710693,33446,33456,10
13.077249527,80.2606582642,33456,33466,10
13.0768699646,80.2603378296,33466,33476,10
13.0761995316,80.2597503662,33476,33486,10
13.0755796432,80.2590637207,33486,33496,10
13.0754404068,80.2583999634,33496,33617,121
13.0754404068,80.2583999634,33617,33627,10
13.0754804611,80.2580184937,33627,33636,9
13.0758895874,80.2577819824,33636,33648,12
13.0765199661,80.2572402954,33648,33657,9
13.0770998001,80.2568511963,33657,33668,11
13.0778598785,80.2566604614,33668,33678,10
13.0787696838,80.2565917969,33678,33688,10
13.0790300369,80.2564468384,33688,33698,10
13.0790395737,80.2560882568,33698,33708,10
13.079000473,80.2557067871,33708,33718,10
13.0790300369,80.2555389404,33718,33728,10
13.0789299011,80.2547912598,33728,33759,31
13.0789299011,80.2547912598,33759,33769,10
13.0789699554,80.2546386719,33769,33779,10
13.0792798996,80.2544937134,33779,33789,10
13.0798301697,80.2545700073,33789,33799,10
13.079870224,80.2545776367,33799,33809,10
13.0800304413,80.2546463013,33809,33819,10
13.0805797577,80.254737854,33819,33829,10
13.0813102722,80.2548065186,33829,33839,10
13.0817203522,80.2545776367,33839,33849,10
13.0818500519,80.2540130615,33849,33859,10
13.0818996429,80.253288269,33859,33871,12
13.081580162,80.2524490356,33871,33881,10
13.0813798904,80.251701355,33881,33891,10
13.0813503265,80.2511291504,33891,33901,10
13.0813102722,80.2506790161,33901,33911,10
13.0812997818,80.2501296997,33911,33921,10
13.0814399719,80.2496337891,33921,33931,10
13.0819702148,80.249671936,33931,33941,10
13.0827598572,80.2498016357,33941,33951,10
13.0836200714,80.249961853,33951,33961,10
13.0847396851,80.2501602173,33961,33982,21
13.0847396851,80.2501602173,33982,33990,8
13.0847396851,80.2501831055,33990,34002,12
13.0853300095,80.2502975464,34002,34012,10
13.0858697891,80.250289917,34012,34022,10
13.0858697891,80.2496795654,34022,34032,10
13.0858402252,80.2487716675,34032,34042,10
13.0857696533,80.2477798462,34042,34050,8
13.0857601166,80.2470016479,34050,34062,12
13.085729599,80.2466506958,34062,34073,11
13.085729599,80.2463912964,34073,34083,10
13.0856895447,80.2457580566,34083,34093,10
13.0856800079,80.2452468872,34093,34103,10
13.0861597061,80.2448272705,34103,34113,10
13.0868701935,80.2442626953,34113,34123,10
13.0875101089,80.2437515259,34123,34133,10
13.0879201889,80.2430877686,34133,34143,10
13.0880002975,80.2424163818,34143,34153,10
13.08852005,80.2418518066,34153,34163,10
13.0893096924,80.2413024902,34163,34174,11
13.0902500153,80.2408599854,34174,34184,10
13.0913095474,80.2408828735,34184,34194,10
13.0922203064,80.2409286499,34194,34204,10
13.0930995941,80.2409667969,34204,34214,10
13.0937900543,80.2410583496,34214,34224,10
13.0942802429,80.2411575317,34224,34234,10
13.0943899155,80.2412033081,34234,34244,10
13.0948696136,80.2413024902,34244,34254,10
13.0956201553,80.2415237427,34254,34264,10
13.0964698792,80.2418212891,34264,34274,10
13.0974597931,80.2421264648,34274,34285,11
13.0986299515,80.2422790527,34285,34305,20
13.0986299515,80.2422790527,34305,34315,10
13.0987100601,80.2422485352,34315,34325,10
13.0987596512,80.2419967651,34325,34335,10
13.0985403061,80.2418289185,34335,34345,10
13.0984697342,80.2421188354,34345,35396,1051
13.0984697342,80.2421188354,35396,35406,10
13.0983800888,80.2423477173,35406,35416,10
13.0977602005,80.2422409058,35416,35467,51
13.0977602005,80.2422409058,35467,35477,10
13.0973396301,80.2421188354,35477,35487,10
13.0968904495,80.2419509888,35487,35497,10
13.0962295532,80.2417068481,35497,35507,10
13.0955696106,80.2414932251,35507,35517,10
13.095199585,80.2413711548,35517,35527,10
13.0948095322,80.2412261963,35527,35537,10
13.094499588,80.2411804199,35537,35548,11
13.0938301086,80.2410888672,35548,35558,10
13.093629837,80.2410583496,35558,35568,10
13.0934400558,80.2410202026,35568,35578,10
13.0928401947,80.2409515381,35578,35588,10
13.0920295715,80.2408676147,35588,35598,10
13.0910396576,80.2408218384,35598,35608,10
13.0901203156,80.240852356,35608,35618,10
13.089389801,80.2412185669,35618,35628,10
13.0886802673,80.2417602539,35628,35638,10
13.0880403519,80.2423477173,35638,35649,11
13.0878601074,80.2431716919,35649,35659,10
13.0876998901,80.2435302734,35659,35669,10
13.0871295929,80.2440719604,35669,35679,10
13.086400032,80.2446899414,35679,35689,10
13.0858898163,80.2451324463,35689,35699,10
13.0857200623,80.2454833984,35699,35709,10
13.0857400894,80.2462005615,35709,35719,10
13.0857496262,80.2466812134,35719,35729,10
13.0857896805,80.2469177246,35729,35739,10
13.0858097076,80.2477111816,35739,35749,10
13.0857896805,80.248626709,35749,35760,11
13.0858802795,80.2497634888,35760,35770,10
13.0858697891,80.2505111694,35770,35780,10
13.0857601166,80.2512130737,35780,35790,10
13.0857000351,80.2518386841,35790,35800,10
13.0856895447,80.252243042,35800,35810,10
13.0856199265,80.2527770996,35810,35820,10
13.0855798721,80.2532272339,35820,35830,10
13.0855703354,80.2536468506,35830,35840,10
13.0855998993,80.2543106079,35840,35850,10
13.085439682,80.2546386719,35850,35861,11
13.0849103928,80.2546386719,35861,35871,10
13.0842399597,80.2545776367,35871,35882,11
13.0839395523,80.2545166016,35882,35892,10
13.0838298798,80.2544937134,35892,35900,8
13.0834903717,80.2544631958,35900,35911,11
13.0827302933,80.2544403076,35911,35921,10
13.082280159,80.2544708252,35921,35931,10
13.081700325,80.2547836304,35931,35942,11
13.0810804367,80.2547912598,35942,35951,9
13.0808401108,80.2547683716,35951,35961,10
13.0804901123,80.2546920776,35961,35973,12
13.0795297623,80.2546005249,35973,35983,10
13.079000473,80.2547836304,35983,35991,8
13.0790500641,80.2552490234,35991,36002,11
13.0791397095,80.2564697266,36002,36022,20
13.0791397095,80.2564697266,36022,36031,9
13.079079628,80.2566604614,36031,36042,11
13.0785303116,80.2566604614,36042,36052,10
13.07791996,80.256690979,36052,36062,10
13.0771598816,80.2568435669,36062,36074,12
13.076259613,80.2575531006,36074,36084,10
13.0755901337,80.2581787109,36084,36094,10
13.0755796432,80.2587585449,36094,36104,10
13.075920105,80.2595367432,36104,36114,10
13.0766897202,80.2602310181,36114,36124,10
13.0772304535,80.2608337402,36124,36134,10
13.077460289,80.2612304688,36134,36144,10
13.0776596069,80.2617797852,36144,36154,10
13.0777301788,80.2619400024,36154,36164,10
13.0777702332,80.2621765137,36164,36175,11
13.0778503418,80.2624206543,36175,36185,10
13.07791996,80.2627410889,36185,36195,10
13.0780801773,80.2631988525,36195,36205,10
13.0781402588,80.2634811401,36205,36215,10
13.0777797699,80.2637023926,36215,36225,10
13.0772695541,80.2640228271,36225,36235,10
13.0766601563,80.2641372681,36235,36245,10
13.0760803223,80.2641830444,36245,36255,10
13.0758800507,80.2641983032,36255,36265,10
13.0756397247,80.2640914917,36265,36275,10
13.0753002167,80.2635726929,36275,36286,11
13.0748596191,80.2629318237,36286,36296,10
13.0744304657,80.2624435425,36296,36306,10
13.073969841,80.261932373,36306,36316,10
13.073800087,80.2617034912,36316,36326,10
13.0735397339,80.2613983154,36326,36336,10
13.0731401443,80.2614898682,36336,36346,10
13.0730104446,80.2618408203,36346,36356,10
13.072810173,80.2623977661,36356,36366,10
13.0725803375,80.2630310059,36366,36376,10
13.0722703934,80.2637481689,36376,36387,11
13.0717201233,80.2644729614,36387,36397,10
13.0715198517,80.2647476196,36397,36405,8
13.0712203979,80.2650527954,36405,36418,13
13.070690155,80.2657012939,36418,36428,10
13.0702199936,80.2661514282,36428,36438,10
13.0697698593,80.2666397095,36438,36448,10
13.0692396164,80.2671432495,36448,36458,10
13.0688896179,80.2678833008,36458,36468,10
13.0685796738,80.2686386108,36468,36478,10
13.0683698654,80.2693634033,36478,36489,11
13.0682601929,80.2701034546,36489,36499,10
13.0681800842,80.2707214355,36499,36507,8
13.0681200027,80.2708511353,36507,36520,13
13.0675802231,80.2707138062,36520,36527,7
13.067150116,80.270362854,36527,36540,13
13.0668802261,80.2700195313,36540,36550,10
13.0665597916,80.2695083618,36550,36560,10
13.0664796829,80.2686462402,36560,36570,10
13.0659999847,80.2679214478,36570,36580,10
13.065489769,80.267616272,36580,36590,10
13.0651903152,80.2676010132,36590,36601,11
13.0645303726,80.2674636841,36601,36611,10
13.0636396408,80.267326355,36611,36621,10
13.0627498627,80.2671279907,36621,36631,10
13.0622501373,80.2665481567,36631,36641,10
13.0616903305,80.2658615112,36641,36651,10
13.0611095428,80.2652282715,36651,36661,10
13.0607700348,80.2652587891,36661,36672,11
13.0604801178,80.2654037476,36672,36681,9
13.0598802567,80.2655715942,36681,36691,10
13.0590295792,80.2654724121,36691,36701,10
13.0583200455,80.265296936,36701,36711,10
13.0580701828,80.2646636963,36711,36721,10
13.0580101013,80.2639389038,36721,36731,10
13.0579395294,80.2630386353,36731,36743,12
13.0577201843,80.2618331909,36743,36751,8
13.0574998856,80.2609786987,36751,36763,12
13.0571804047,80.259803772,36763,36773,10
13.0568199158,80.2587890625,36773,36783,10
13.0566596985,80.2579421997,36783,36792,9
13.0565700531,80.2574691772,36792,36802,10
13.0564699173,80.2571563721,36802,36812,10
13.0562400818,80.2564620972,36812,36822,10
13.0557203293,80.2556304932,36822,36835,13
13.0548095703,80.2543716431,36835,36845,10
13.0541601181,80.253578186,36845,36855,10
13.0540103912,80.2533416748,36855,36865,10
13.053730011,80.2529067993,36865,36875,10
13.0532398224,80.2522125244,36875,36885,10
13.0526399612,80.251411438,36885,36895,10
13.0519895554,80.250579834,36895,36905,10
13.0509195328,80.2500305176,36905,36916,11
13.0495195389,80.2497787476,36916,36926,10
13.0483798981,80.2495574951,36926,36936,10
13.0475196838,80.2489013672,36936,36946,10
13.0469198227,80.248588562,36946,36956,10
13.0462503433,80.2485122681,36956,36966,10
13.0456199646,80.248336792,36966,36976,10
13.0449695587,80.2481002808,36976,36986,10
13.0440196991,80.2479171753,36986,36996,10
13.0429801941,80.247756958,36996,37006,10
13.0419397354,80.2475280762,37006,37016,10
13.0408697128,80.2472991943,37016,37027,11
13.0400495529,80.2471389771,37027,37037,10
13.0396499634,80.2470626831,37037,37047,10
13.0391302109,80.2469482422,37047,37057,10
13.0383996964,80.2468338013,37057,37067,10
13.0375900269,80.2466812134,37067,37077,10
13.0368499756,80.2465209961,37077,37087,10
13.0360603333,80.2463531494,37087,37097,10
13.0354003906,80.2461013794,37097,37107,10
13.0352401733,80.2460021973,37107,37117,10
13.0348701477,80.2457199097,37117,37128,11
13.0342903137,80.2449798584,37128,37138,10
13.0335798264,80.2441482544,37138,37148,10
13.0327796936,80.2431564331,37148,37158,10
13.0321302414,80.2422180176,37158,37168,10
13.0317001343,80.2413635254,37168,37178,10
13.0313396454,80.240562439,37178,37198,20
13.0313396454,80.240562439,37198,37208,10
13.0312795639,80.2403793335,37208,37218,10
13.0310602188,80.2398376465,37218,37229,11
13.0305595398,80.2389526367,37229,37239,10
13.0299501419,80.2378768921,37239,37249,10
13.029250145,80.2369232178,37249,37259,10
13.0290603638,80.2367401123,37259,37269,10
13.028960228,80.2366104126,37269,37279,10
13.0285196304,80.2361297607,37279,37289,10
13.0279302597,80.2354431152,37289,37299,10
13.0273599625,80.2344284058,37299,37309,10
13.0266799927,80.2333374023,37309,37319,10
13.0262298584,80.232383728,37319,37329,10
13.0260601044,80.2316665649,37329,37340,11
13.025850296,80.2309188843,37340,37350,10
13.0254402161,80.2300415039,37350,37360,10
13.0248098373,80.2292098999,37360,37370,10
13.0241699219,80.2284469604,37370,37380,10
13.0239200592,80.2281723022,37380,37390,10
13.0238199234,80.2280273438,37390,37400,10
13.0236301422,80.2278213501,37400,37410,10
13.0231599808,80.2273178101,37410,37420,10
13.0224895477,80.2266921997,37420,37430,10
13.0216197968,80.2259521484,37430,37440,10
13.0207195282,80.2252807617,37440,37451,11
13.0198402405,80.2246932983,37451,37461,10
13.0190696716,80.2244491577,37461,37471,10
13.0183401108,80.2246627808,37471,37481,10
13.0173797607,80.2250595093,37481,37489,8
13.0166597366,80.2253570557,37489,37501,12
13.0162200928,80.2255630493,37501,37511,10
13.0156803131,80.2257232666,37511,37521,10
13.0151996613,80.2259292603,37521,37531,10
13.0146303177,80.2261810303,37531,37562,31
13.0146303177,80.2261810303,37562,37572,10
13.0144100189,80.2261505127,37572,37582,10
13.0140895844,80.2262802124,37582,37592,10
13.0134000778,80.2265472412,37592,37602,10
13.0124797821,80.2269134521,37602,37613,11
13.0112600327,80.227432251,37613,37623,10
13.010140419,80.2278900146,37623,37633,10
13.0092000961,80.2284393311,37633,37643,10
13.0089302063,80.2295227051,37643,37654,11
13.0086698532,80.2308731079,37654,37664,10
13.0084400177,80.2321090698,37664,37672,8
13.0082597733,80.2334899902,37672,37693,21
13.0082597733,80.2334899902,37693,37704,11
13.0081396103,80.2336502075,37704,37713,9
13.0080699921,80.2340164185,37713,37723,10
13.0079603195,80.234588623,37723,37734,11
13.0077896118,80.2353134155,37734,37743,9
13.0076503754,80.2361068726,37743,37754,11
13.0074195862,80.2372970581,37754,37765,11
13.0072202682,80.2383575439,37765,37775,10
13.0070695877,80.2390670776,37775,37783,8
13.0069198608,80.2400283813,37783,37815,32
13.0069198608,80.2400283813,37815,37825,10
13.0068702698,80.2405166626,37825,37835,10
13.0067901611,80.2408828735,37835,37845,10
13.0067501068,80.2413406372,37845,37855,10
13.0067100525,80.2421875,37855,37866,11
13.0067501068,80.2434082031,37866,37876,10
13.0067300797,80.2445602417,37876,37886,10
13.0067195892,80.2456665039,37886,37896,10
13.006770134,80.2466278076,37896,37906,10
13.0067396164,80.2475814819,37906,37916,10
13.0067195892,80.2484970093,37916,37926,10
13.006770134,80.2495498657,37926,37936,10
13.0068101883,80.2506027222,37936,37946,10
13.0067300797,80.2515182495,37946,37956,10
13.0065402985,80.2525024414,37956,37966,10
13.006529808,80.2535018921,37966,37977,11
13.0065498352,80.2542037964,37977,37987,10
13.0065898895,80.2547531128,37987,37997,10
13.0066003799,80.2549972534,37997,38007,10
13.0066099167,80.2553710938,38007,38017,10
13.0066003799,80.2561416626,38017,38027,10
13.0066795349,80.2570571899,38027,38057,30
13.0066795349,80.2570571899,38057,38067,10
13.0067100525,80.2571563721,38067,38078,11
13.0066404343,80.2575073242,38078,38088,10
13.0061798096,80.257522583,38088,38098,10
13.0055704117,80.2573776245,38098,38108,10
13.0048398972,80.2572021484,38108,38118,10
13.0041103363,80.2570266724,38118,38128,10
13.0034198761,80.2569122314,38128,38138,10
13.0028600693,80.2567977905,38138,38178,40
13.0028600693,80.2567977905,38178,38189,11
13.0025997162,80.256729126,38189,38199,10
13.0022602081,80.2566833496,38199,38209,10
13.0013799667,80.2565612793,38209,38290,81
13.0013799667,80.2565612793,38290,38300,10
13.0011997223,80.2565078735,38300,38310,10
13.0005903244,80.2564315796,38310,38320,10
12.9997596741,80.2563095093,38320,38330,10
12.9988899231,80.2561416626,38330,38340,10
12.9984197617,80.2560882568,38340,38350,10
12.9983997345,80.2560806274,38350,38360,10
12.9980897903,80.2559814453,38360,38370,10
12.9977302551,80.2560577393,38370,38380,10
12.997759819,80.256439209,38380,38391,11
12.9976196289,80.257019043,38391,38441,50
12.9975996017,80.2568664551,38441,38552,111
12.9975996017,80.2568664551,38552,38562,10
12.9975700378,80.2568817139,38562,38572,10
12.9975595474,80.2568817139,38572,38582,10
12.9975996017,80.2567367554,38582,38735,153
12.9975996017,80.2567367554,38735,38745,10
12.9976797104,80.2564697266,38745,38754,9
12.9976902008,80.2561416626,38754,38764,10
12.9974603653,80.255897522,38764,38785,21
12.9974603653,80.255897522,38785,38794,9
12.9971704483,80.2558822632,38794,38803,9
12.996919632,80.2558670044,38803,38814,11
12.9967403412,80.2558822632,38814,38826,12
12.9960603714,80.2558670044,38826,38836,10
12.9953603745,80.2558898926,38836,38846,10
12.994799614,80.2558898926,38846,38856,10
12.9941797256,80.2559509277,38856,38866,10
12.9933300018,80.2559967041,38866,38876,10
12.9922895432,80.2560577393,38876,38886,10
12.9913597107,80.2560195923,38886,38896,10
12.9906702042,80.2559890747,38896,38906,10
12.9900197983,80.2559890747,38906,38916,10
12.9893398285,80.2559814453,38916,38927,11
12.9886903763,80.2559280396,38927,38937,10
12.9885997772,80.255897522,38937,38947,10
12.9882497787,80.255859375,38947,38957,10
12.9880599976,80.2558288574,38957,38967,10
12.9879798889,80.2557983398,38967,38977,10
12.9877700806,80.2557983398,38977,38987,10
12.9875802994,80.2562026978,38987,38997,10
12.9875097275,80.2570037842,38997,39007,10
12.9874296188,80.2579421997,39007,39017,10
12.9873695374,80.2587890625,39017,39028,11
12.9872398376,80.2594528198,39028,39048,20
12.9870996475,80.2596206665,39048,39088,40
12.9869499207,80.2595596313,39088,39108,20
12.9867401123,80.2595672607,39108,39179,71
12.9867401123,80.2595672607,39179,39189,10
12.9866600037,80.2595672607,39189,40088,899
12.9866600037,80.2595672607,40088,40099,11
12.9866304398,80.2595214844,40099,40109,10
12.9865598679,80.2592773438,40109,40129,20
12.9865598679,80.2592773438,40129,40139,10
12.9867095947,80.2590484619,40139,40250,111
12.9867095947,80.2590484619,40250,40260,10
12.9870700836,80.2591400146,40260,40290,30
12.9870700836,80.2591400146,40290,40299,9
12.9873304367,80.2590789795,40299,40311,12
12.9873800278,80.2587814331,40311,40321,10
12.9874200821,80.2584075928,40321,40331,10
12.987449646,80.2579269409,40331,40341,10
12.9874897003,80.2572174072,40341,40351,10
12.9875202179,80.2567825317,40351,40371,20
12.9875202179,80.2567825317,40371,40381,10
12.9875497818,80.2565612793,40381,40391,10
12.9875497818,80.2562637329,40391,40401,10
12.9875602722,80.2559204102,40401,40411,10
12.9877700806,80.2557067871,40411,40422,11
12.9882097244,80.2557983398,40422,40432,10
12.988530159,80.2558364868,40432,40442,10
12.9885997772,80.255859375,40442,40452,10
12.9887199402,80.255859375,40452,40462,10
12.9889802933,80.2559127808,40462,40472,10
12.9893102646,80.2559585571,40472,40482,10
12.9899396896,80.2559967041,40482,40492,10
12.9905395508,80.2559890747,40492,40502,10
12.9912700653,80.2560195923,40502,40512,10
12.9922704697,80.2560501099,40512,40523,11
12.9933595657,80.2559967041,40523,40533,10
12.9940700531,80.2559585571,40533,40543,10
12.9947004318,80.255897522,40543,40553,10
12.9956903458,80.2558822632,40553,40573,20
12.9956903458,80.2558822632,40573,40583,10
12.9959497452,80.255897522,40583,40593,10
12.996430397,80.2558898926,40593,40603,10
12.996509552,80.2558822632,40603,40613,10
12.996919632,80.2558670044,40613,40623,10
12.9972801208,80.2558898926,40623,40654,31
12.9972801208,80.2558898926,40654,40664,10
12.997590065,80.2559204102,40664,40674,10
12.9977998734,80.2559432983,40674,40684,10
12.9980201721,80.2559204102,40684,40694,10
12.9985103607,80.2559204102,40694,40704,10
12.9987297058,80.2559890747,40704,40714,10
12.9990997314,80.2560806274,40714,40724,10
12.9998102188,80.2562332153,40724,40734,10
13.0006303787,80.2563705444,40734,40744,10
13.0012302399,80.2565078735,40744,40754,10
13.0018796921,80.2566375732,40754,40764,10
13.0023698807,80.256690979,40764,40776,12
13.0027303696,80.2567367554,40776,40785,9
13.0031404495,80.2568283081,40785,40796,11
13.0035600662,80.2568893433,40796,40805,9
13.0038404465,80.2569503784,40805,40815,10
13.0044002533,80.2570419312,40815,40825,10
13.0051603317,80.2571563721,40825,40836,11
13.0057697296,80.2572631836,40836,40845,9
13.0059900284,80.2572784424,40845,40855,10
13.0062799454,80.2573699951,40855,40867,12
13.0064897537,80.257019043,40867,40877,10
13.0064601898,80.2563018799,40877,40887,10
13.0064697266,80.2554016113,40887,40895,8
13.0065202713,80.254699707,40895,40905,10
13.0065002441,80.2538909912,40905,40915,10
13.006480217,80.2535476685,40915,40925,10
13.0065002441,80.2534713745,40925,40935,10
13.0065002441,80.2531661987,40935,40948,13
13.0065002441,80.2527770996,40948,40958,10
13.0065898895,80.2520370483,40958,41028,70
13.0065898895,80.2520370483,41028,41038,10
13.0067796707,80.2518234253,41038,41048,10
13.0068101883,80.2512283325,41048,41059,11
13.0067901611,80.2503433228,41059,41069,10
13.0067596436,80.249420166,41069,41079,10
13.0066795349,80.2484970093,41079,41089,10
13.0066299438,80.2478485107,41089,41149,60
13.0066299438,80.2478485107,41149,41159,10
13.0066995621,80.2474975586,41159,41170,11
13.0066795349,80.2468719482,41170,41180,10
13.0066299438,80.2465133667,41180,41190,10
13.0066604614,80.2461929321,41190,41200,10
13.0066900253,80.2454833984,41200,41210,10
13.0066699982,80.2445831299,41210,41220,10
13.0066404343,80.2438964844,41220,41230,10
13.006649971,80.2432479858,41230,41240,10
13.0066404343,80.2425003052,41240,41250,10
13.0066099167,80.2415618896,41250,41260,10
13.0067501068,80.2406234741,41260,41271,11
13.0069303513,80.2397232056,41271,41281,10
13.0070495605,80.2389907837,41281,41291,10
13.0071897507,80.2380981445,41291,41301,10
13.0073795319,80.2371368408,41301,41310,9
13.0074300766,80.2367095947,41310,41323,13
13.007519722,80.2364501953,41323,41333,10
13.0076503754,80.2358016968,41333,41343,10
13.0078496933,80.234916687,41343,41353,10
13.0080795288,80.233833313,41353,41363,10
13.0083198547,80.2325668335,41363,41374,11
13.0085401535,80.2312698364,41374,41384,10
13.0088100433,80.2300109863,41384,41394,10
13.0090799332,80.2286911011,41394,41404,10
13.009519577,80.227432251,41404,41414,10
13.0100803375,80.2261962891,41414,41424,10
13.0105199814,80.2252426147,41424,41434,10
13.0108203888,80.2245635986,41434,41444,10
13.0111904144,80.2237930298,41444,41454,10
13.0114097595,80.2233123779,41454,41464,10
13.0115003586,80.2230987549,41464,41473,9
13.011639595,80.2227783203,41473,41484,11
13.0119495392,80.2219772339,41484,41495,11
13.0124502182,80.2215423584,41495,41504,9
13.0128002167,80.222038269,41504,41515,11
13.0134296417,80.2228317261,41515,41526,11
13.014289856,80.2237701416,41526,41535,9
13.0149097443,80.2244033813,41535,41545,10
13.0151395798,80.2247009277,41545,41556,11
13.0153102875,80.2248764038,41556,41565,9
13.0155296326,80.2249832153,41565,41587,22
13.0155296326,80.2249832153,41587,41597,10
13.0156898499,80.2251968384,41597,41607,10
13.016119957,80.2254486084,41607,41616,9
13.0166301727,80.2253417969,41616,41626,10
13.0173597336,80.2250518799,41626,41636,10
13.0181598663,80.2247314453,41636,41645,9
13.019200325,80.2243423462,41645,41668,23
13.019200325,80.2243423462,41668,41678,10
13.0193901062,80.2243728638,41678,41688,10
13.019659996,80.2245330811,41688,41709,21
13.019659996,80.2245330811,41709,41719,10
13.0196504593,80.224571228,41719,41729,10
13.0199699402,80.2247924805,41729,41739,10
13.0204801559,80.2251663208,41739,41749,10
13.0211496353,80.2256622314,41749,41759,10
13.0219497681,80.2262802124,41759,41769,10
13.0227003098,80.2269210815,41769,41779,10
13.0233697891,80.2275314331,41779,41789,10
13.0239095688,80.2280502319,41789,41800,11
13.0241699219,80.2283630371,41800,41810,10
13.0244102478,80.2286911011,41810,41820,10
13.0248003006,80.2292098999,41820,41830,10
13.0253200531,80.2298812866,41830,41840,10
13.0257301331,80.2305679321,41840,41850,10
13.0258703232,80.2309188843,41850,41860,10
13.0260295868,80.2313995361,41860,41870,10
13.0262098312,80.2320480347,41870,41880,10
13.0264997482,80.232711792,41880,41921,41
13.0264997482,80.232711792,41921,41931,10
13.0266599655,80.2331695557,41931,41941,10
13.0270900726,80.2338790894,41941,41951,10
13.027589798,80.2347412109,41951,41961,10
13.0280799866,80.2355575562,41961,41971,10
13.0287599564,80.2363204956,41971,41981,10
13.029419899,80.2369918823,41981,41991,10
13.0296001434,80.2372207642,41991,42001,10
13.0297899246,80.2375869751,42001,42012,11
13.0302200317,80.238319397,42012,42022,10
13.0306997299,80.2391281128,42022,42032,10
13.0311603546,80.2399215698,42032,42042,10
13.0314102173,80.2404098511,42042,42052,10
13.0315799713,80.2410202026,42052,42062,10
13.0318603516,80.241607666,42062,42072,10
13.0322599411,80.2422790527,42072,42082,10
13.0328197479,80.243019104,42082,42092,10
13.0334396362,80.2438812256,42092,42102,10
13.0340595245,80.2447433472,42102,42111,9
13.0346698761,80.2454528809,42111,42123,12
13.0355300903,80.2461090088,42123,42133,10
13.0357904434,80.2461776733,42133,42143,10
13.0359401703,80.2462921143,42143,42153,10
13.0365400314,80.2464370728,42153,42163,10
13.0375003815,80.2464294434,42163,42183,20
13.0375003815,80.2464294434,42183,42193,10
13.0376195908,80.2464599609,42193,42203,10
13.0379800797,80.2465286255,42203,42213,10
13.0388498306,80.2468109131,42213,42264,51
13.0389900208,80.2466964722,42264,42304,40
13.0389900208,80.2466964722,42304,42314,10
13.0390195847,80.2468719482,42314,42324,10
13.0393800735,80.2469482422,42324,42335,11
13.0399599075,80.2470703125,42335,42345,10
13.0406398773,80.247177124,42345,42355,10
13.0411396027,80.2472915649,42355,42365,10
13.041680336,80.2472991943,42365,42375,10
13.0423002243,80.2472991943,42375,42385,10
13.0430803299,80.2473373413,42385,42395,10
13.0438203812,80.2475204468,42395,42405,10
13.0446996689,80.2478485107,42405,42416,11
13.0453996658,80.248260498,42416,42425,9
13.0461301804,80.2484436035,42425,42435,10
13.0468797684,80.2484283447,42435,42445,10
13.0472402573,80.248550415,42445,42455,10
13.0472898483,80.2485809326,42455,42467,12
13.0474996567,80.2487792969,42467,42477,10
13.0479202271,80.2491531372,42477,42485,8
13.048500061,80.2495574951,42485,42497,12
13.0492801666,80.249710083,42497,42506,9
13.0497703552,80.2498092651,42506,42516,10
13.0505599976,80.2499694824,42516,42527,11
13.0513801575,80.2502212524,42527,42536,9
13.0520401001,80.2506866455,42536,42548,12
13.0528001785,80.2516784668,42548,42556,8
13.0533800125,80.2524414063,42556,42568,12
13.0541400909,80.2534484863,42568,42576,8
13.0547399521,80.2541503906,42576,42588,12
13.0556201935,80.2552566528,42588,42596,8
13.0560302734,80.255859375,42596,42606,10
13.0565795898,80.2566223145,42606,42626,20
13.0565795898,80.2566223145,42626,42636,10
13.056810379,80.2568664551,42636,42649,13
13.0574903488,80.2574310303,42649,42659,10
13.05809021,80.2580718994,42659,42669,10
13.0586595535,80.2587127686,42669,42679,10
13.0590600967,80.2592468262,42679,42689,10
13.0593395233,80.2598419189,42689,42699,10
13.0599603653,80.260383606,42699,42709,10
13.0604496002,80.2609329224,42709,42719,10
13.060839653,80.2615127563,42719,42729,10
13.061249733,80.261932373,42729,42739,10
13.0617303848,80.2624816895,42739,42750,11
13.0622596741,80.2631988525,42750,42760,10
13.0628004074,80.263923645,42760,42770,10
13.0634698868,80.2648010254,42770,42780,10
13.0638799667,80.2654571533,42780,42790,10
13.0642900467,80.2658996582,42790,42800,10
13.0648097992,80.2665328979,42800,42810,10
13.0654201508,80.2670898438,42810,42820,10
13.0659399033,80.2677612305,42820,42830,10
13.0665903091,80.268371582,42830,42840,10
13.0670604706,80.2685699463,42840,42849,9
13.0673904419,80.2688293457,42849,42861,12
13.0680398941,80.2692565918,42861,42871,10
13.0683097839,80.2691802979,42871,42881,10
13.0684299469,80.2686309814,42881,42890,9
13.0686101913,80.2680969238,42890,42902,12
13.0689201355,80.2673110962,42902,42912,10
13.0693998337,80.2668075562,42912,42922,10
13.0698404312,80.2663574219,42922,42931,9
13.0701799393,80.2660522461,42931,42942,11
13.0703201294,80.2658920288,42942,42952,10
13.070599556,80.2656173706,42952,42963,11
13.0710601807,80.2651367188,42963,42973,10
13.0713796616,80.264831543,42973,42983,10
13.0716896057,80.2644500732,42983,42993,10
13.0721302032,80.263961792,42993,43003,10
13.0724201202,80.2632904053,43003,43013,10
13.0726699829,80.2626724243,43013,43023,10
13.0728797913,80.2620620728,43023,43033,10
13.0729999542,80.2617034912,43033,43043,10
13.07310009,80.2613677979,43043,43052,9
13.073390007,80.2613372803,43052,43063,11
13.0739402771,80.261932373,43063,43074,11
13.0744304657,80.2624893188,43074,43084,10
13.0748195648,80.2629928589,43084,43094,10
13.0752096176,80.2635421753,43094,43104,10
13.075799942,80.264213562,43104,43114,10
13.0765800476,80.2641830444,43114,43124,10
13.07695961,80.2641372681,43124,43134,10
13.0770702362,80.2641296387,43134,43144,10
13.077460289,80.2639770508,43144,43154,10
13.0778903961,80.2636413574,43154,43164,10
13.0781002045,80.263458252,43164,43175,11
13.0779600143,80.2628707886,43175,43185,10
13.0776796341,80.2620391846,43185,43195,10
13.0775299072,80.2615737915,43195,43205,10
13.0775003433,80.2614974976,43205,43215,10
13.0773696899,80.2611465454,43215,43225,10
13.0772104263,80.2608032227,43225,43235,10
13.0769500732,80.2605285645,43235,43245,10
13.0767097473,80.2603225708,43245,43255,10
13.0764102936,80.2600402832,43255,43265,10
13.0760402679,80.2597427368,43265,43275,10
13.0756998062,80.2592163086,43275,43286,11
13.0755195618,80.2585983276,43286,43316,30
13.0755195618,80.2585983276,43316,43327,11
13.0754203796,80.2583007813,43327,43337,10
13.075799942,80.2579421997,43337,43347,10
13.0763301849,80.2574615479,43347,43355,8
13.0768203735,80.2570419312,43355,43366,11
13.0777101517,80.2566986084,43366,43376,10
13.078619957,80.2566375732,43376,43386,10
13.0790395737,80.2562408447,43386,43396,10
13.0789403915,80.254737854,43396,43438,42
13.0789403915,80.254737854,43438,43448,10
13.0789804459,80.2546005249,43448,43457,9
13.07929039,80.2545394897,43457,43467,10
13.0798501968,80.2545776367,43467,43477,10
13.0800695419,80.2546310425,43477,43487,10
13.0805501938,80.2547225952,43487,43497,10
13.0810499191,80.2548065186,43497,43509,12
13.0816602707,80.2546005249,43509,43519,10
13.0817804337,80.2540588379,43519,43529,10
13.081870079,80.2534103394,43529,43539,10
13.0817298889,80.2527770996,43539,43549,10
13.0813598633,80.2523574829,43549,43559,10
13.0814199448,80.2513504028,43559,43569,10
13.0813798904,80.2508926392,43569,43579,10
13.0813598633,80.2503967285,43579,43589,10
13.0812597275,80.2499084473,43589,43600,11
13.081700325,80.2497024536,43600,43610,10
13.0824804306,80.2498092651,43610,43620,10
13.0832595825,80.2499389648,43620,43630,10
13.0839796066,80.2500305176,43630,43640,10
13.0847196579,80.2501831055,43640,43650,10
13.0847702026,80.2501678467,43650,43660,10
13.0850801468,80.250213623,43660,43670,10
13.0855903625,80.2503433228,43670,43680,10
13.0858297348,80.2503433228,43680,43689,9
13.0858602524,80.2498703003,43689,43702,13
13.0858402252,80.248840332,43702,43712,10
13.0857896805,80.2482376099,43712,43722,10
13.0857400894,80.2473602295,43722,43732,10
13.0856704712,80.2466506958,43732,43742,10
13.0856800079,80.2465591431,43742,43752,10
13.085650444,80.2460479736,43752,43762,10
13.0856399536,80.2458114624,43762,43772,10
13.0855903625,80.2454223633,43772,43782,10
13.0859203339,80.245010376,43782,43792,10
13.0865402222,80.2445220947,43792,43802,10
13.0870599747,80.2440567017,43802,43813,11
13.0875501633,80.2436523438,43813,43823,10
13.087770462,80.2433166504,43823,43833,10
13.0878801346,80.2427978516,43833,43843,10
13.0880403519,80.2421798706,43843,43853,10
13.0883998871,80.241897583,43853,43863,10
13.088760376,80.2416381836,43863,43873,10
13.0892696381,80.2412872314,43873,43883,10
13.0897798538,80.2409896851,43883,43893,10
13.0905103683,80.2408676147,43893,43903,10
13.0912799835,80.2408828735,43903,43914,11
13.0920200348,80.2409133911,43914,43924,10
13.0924901962,80.2409362793,43924,43934,10
13.0931797028,80.2409973145,43934,43944,10
13.0937700272,80.2410964966,43944,43954,10
13.0942201614,80.2411804199,43954,43964,10
13.0943403244,80.2412109375,43964,43974,10
13.0948495865,80.241317749,43974,43984,10
13.0953302383,80.2414474487,43984,43994,10
13.0959396362,80.2416229248,43994,44004,10
13.0966100693,80.2418365479,44004,44015,11
13.0972299576,80.2420501709,44015,44025,10
13.0977401733,80.2421875,44025,44035,10
13.0981302261,80.2422866821,44035,44045,10
13.0985202789,80.2423019409,44045,44085,40
13.0985202789,80.2423019409,44085,44095,10
13.098739624,80.2421875,44095,44105,10
13.0987300873,80.2419815063,44105,44115,10
13.0985097885,80.2421569824,44115,44712,597
13.0985097885,80.2421569824,44712,44722,10
13.09815979,80.2423400879,44722,44732,10
13.0976800919,80.2422409058,44732,44853,121
13.0976800919,80.2422409058,44853,44864,11
13.097120285,80.2420730591,44864,44874,10
13.0967302322,80.2419967651,44874,44884,10
13.0961904526,80.2417907715,44884,44894,10
13.0957603455,80.2416381836,44894,44904,10
13.0953102112,80.2414932251,44904,44914,10
13.094909668,80.2414016724,44914,44924,10
13.094499588,80.2412796021,44924,44935,11
13.0938901901,80.2411804199,44935,44945,10
13.0936403275,80.2411193848,44945,44955,10
13.0935201645,80.2410964966,44955,44965,10
13.093000412,80.2409896851,44965,44976,11
13.0924501419,80.2409591675,44976,44986,10
13.0918798447,80.2409362793,44986,44996,10
13.0909700394,80.2409133911,44996,45006,10
13.0899200439,80.2409896851,45006,45016,10
13.0890302658,80.2415237427,45016,45026,10
13.0883102417,80.2420196533,45026,45036,10
13.0879001617,80.2426300049,45036,45046,10
13.0877895355,80.2431793213,45046,45056,10
13.0877103806,80.2434463501,45056,45066,10
13.0876598358,80.2435302734,45066,45077,11
13.0876598358,80.243598938,45077,45087,10
13.0873498917,80.243850708,45087,45097,10
13.0867700577,80.2443466187,45097,45107,10
13.0861501694,80.2448120117,45107,45117,10
13.0857095718,80.2452011108,45117,45127,10
13.085559845,80.2456588745,45127,45137,10
13.0855998993,80.2466583252,45137,45158,21
13.0855998993,80.2466583252,45158,45167,9
13.0857200623,80.2471618652,45167,45179,12
13.085729599,80.2481079102,45179,45187,8
13.0857801437,80.2489471436,45187,45197,10
13.0858297348,80.2498626709,45197,45209,12
13.0857896805,80.2505569458,45209,45219,10
13.0856599808,80.251083374,45219,45229,10
13.0856399536,80.2515106201,45229,45248,19
13.0855503082,80.2519226074,45248,45268,20
13.0855503082,80.2519226074,45268,45279,11
13.0855102539,80.2523498535,45279,45288,9
13.0854797363,80.2527008057,45288,45300,12
13.0854196548,80.2531967163,45300,45308,8
13.0854501724,80.2534790039,45308,45318,10
13.0854597092,80.2537918091,45318,45328,10
13.0855998993,80.2544174194,45328,45338,10
13.0853996277,80.2546386719,45338,45348,10
13.0849704742,80.2546081543,45348,45358,10
13.0839195251,80.2545623779,45358,45391,33
13.0839195251,80.2545623779,45391,45401,10
13.0836801529,80.2546005249,45401,45411,10
13.0828104019,80.2545013428,45411,45421,10
13.0823497772,80.2544784546,45421,45431,10
13.0817604065,80.254699707,45431,45441,10
13.0808801651,80.2548065186,45441,45461,20
13.0808801651,80.2548065186,45461,45471,10
13.0804300308,80.2547836304,45471,45481,10
13.0791301727,80.2547531128,45481,45502,21
13.0791301727,80.2547531128,45502,45512,10
13.0788097382,80.2548980713,45512,45522,10
13.0789003372,80.255607605,45522,45532,10
13.0790195465,80.2565078735,45532,45542,10
13.0786399841,80.2566604614,45542,45552,10
13.0781297684,80.2566680908,45552,45562,10
13.0775899887,80.256729126,45562,45572,10
13.0770301819,80.2569122314,45572,45582,10
13.0763196945,80.2574386597,45582,45592,10
13.0756998062,80.2580337524,45592,45603,11
13.0754899979,80.2583236694,45603,45613,10
13.0756196976,80.258972168,45613,45623,10
13.0761499405,80.2596969604,45623,45633,10
13.0767803192,80.2603225708,45633,45643,10
13.0771398544,80.2607116699,45643,45653,10
13.0773801804,80.261138916,45653,45663,10
13.077580452,80.261680603,45663,45673,10
13.0778198242,80.2621688843,45673,45703,30
13.0778198242,80.2621688843,45703,45714,11
13.0778903961,80.2624435425,45714,45724,10
13.0780000687,80.2628936768,45724,45734,10
13.0782604218,80.263381958,45734,45744,10
13.0779399872,80.2636108398,45744,45754,10
13.0775299072,80.263999939,45754,45764,10
13.0768203735,80.2641220093,45764,45774,10
13.0763196945,80.2641830444,45774,45784,10
13.0757198334,80.2641601563,45784,45794,10
13.0752801895,80.2636413574,45794,45804,10
13.074839592,80.2630996704,45804,45815,11
13.0742702484,80.2624282837,45815,45825,10
13.0737695694,80.2618179321,45825,45835,10
13.0736398697,80.2616271973,45835,45845,10
13.0733995438,80.2614212036,45845,45855,10
13.0730400085,80.2615432739,45855,45865,10
13.0727796555,80.2619628906,45865,45875,10
13.0725002289,80.2625274658,45875,45885,10
13.0723199844,80.263092041,45885,45895,10
13.0720100403,80.2637863159,45895,45905,10
13.0717802048,80.2641983032,45905,45915,10
13.0714998245,80.2645187378,45915,45926,11
13.0714302063,80.2646026611,45926,45936,10
13.0713396072,80.2647628784,45936,45946,10
13.0711202621,80.2649002075,45946,45956,10
13.0708799362,80.2650527954,45956,45966,10
13.070520401,80.2653121948,45966,45976,10
13.0702295303,80.2657012939,45976,45986,10
13.0699195862,80.2659912109,45986,45996,10
13.0694103241,80.2663116455,45996,46006,10
13.0689401627,80.2667770386,46006,46016,10
13.0686597824,80.2675094604,46016,46027,11
13.0684700012,80.2684402466,46027,46037,10
13.0683603287,80.2690963745,46037,46047,10
13.0682201385,80.2696990967,46047,46057,10
13.0680999756,80.2704696655,46057,46067,10
13.0679101944,80.2709274292,46067,46077,10
13.0674295425,80.2705230713,46077,46087,10
13.067150116,80.270362854,46087,46097,10
13.0668697357,80.2701263428,46097,46107,10
13.0664997101,80.2696685791,46107,46117,10
13.0663099289,80.2691421509,46117,46127,10
13.0662002563,80.2684020996,46127,46138,11
13.0652399063,80.2676773071,46138,46158,20
13.0652399063,80.2676773071,46158,46169,11
13.065079689,80.267616272,46169,46178,9
13.064620018,80.2675018311,46178,46188,10
13.0638504028,80.2673416138,46188,46198,10
13.0630502701,80.2672119141,46198,46208,10
13.0625295639,80.2667999268,46208,46219,11
13.0618896484,80.2660522461,46219,46228,9
13.0612802505,80.2653503418,46228,46238,10
13.0603303909,80.2655105591,46238,46260,22
13.0603303909,80.2655105591,46260,46270,10
13.0600500107,80.2655563354,46270,46279,9
13.0595703125,80.2655715942,46279,46289,10
13.0590896606,80.2655181885,46289,46300,11
13.0585603714,80.2653808594,46300,46310,10
13.058139801,80.2650299072,46310,46320,10
13.0580596924,80.2643737793,46320,46330,10
13.0579900742,80.2635726929,46330,46339,9
13.0578899384,80.2627182007,46339,46351,12
13.0576400757,80.2615509033,46351,46359,8
13.0574998856,80.2607879639,46359,46371,12
13.0571203232,80.2596817017,46371,46381,10
13.0568399429,80.2588424683,46381,46391,10
13.0566501617,80.2578964233,46391,46401,10
13.056429863,80.2573394775,46401,46411,10
13.0563802719,80.2571792603,46411,46421,10
13.0563001633,80.2566680908,46421,46431,10
13.0559101105,80.2559509277,46431,46441,10
13.0553703308,80.2551727295,46441,46452,11
13.0547599792,80.2543182373,46452,46462,10
13.0542802811,80.253692627,46462,46472,10
13.0541801453,80.2535324097,46472,46482,10
13.0540399551,80.2533187866,46482,46492,10
13.0536699295,80.2527770996,46492,46502,10
13.053150177,80.2520828247,46502,46512,10
13.0525798798,80.2513580322,46512,46522,10
13.0519895554,80.2506408691,46522,46532,10
13.0510396957,80.2500991821,46532,46542,10
13.0498800278,80.2498474121,46542,46552,10
13.0488595963,80.2497406006,46552,46563,11
13.0480804443,80.2493362427,46563,46573,10
13.0473299026,80.2487716675,46573,46583,10
13.046959877,80.2486495972,46583,46593,10
13.0467700958,80.2485809326,46593,46603,10
13.046210289,80.2484817505,46603,46613,10
13.0454397202,80.248260498,46613,46623,10
13.0446300507,80.248046875,46623,46633,10
13.0436496735,80.2478713989,46633,46643,10
13.0426597595,80.247718811,46643,46653,10
13.0417804718,80.247543335,46653,46664,11
13.0415401459,80.247467041,46664,46674,10
13.0414600372,80.2474212646,46674,46684,10
13.0409297943,80.2472610474,46684,46694,10
13.0401096344,80.2471237183,46694,46704,10
13.0396203995,80.2470092773,46704,46734,30
13.0394201279,80.2468490601,46734,46764,30
13.0394201279,80.2468490601,46764,46775,11
13.0390396118,80.2467498779,46775,46785,10
13.0384197235,80.2467422485,46785,46795,10
13.0375003815,80.2466125488,46795,46805,10
13.0365104675,80.2464370728,46805,46815,10
13.035610199,80.2461700439,46815,46825,10
13.0351800919,80.2460174561,46825,46835,10
13.0350999832,80.2459564209,46835,46845,10
13.0347700119,80.2456283569,46845,46855,10
13.0343904495,80.2450637817,46855,46865,10
13.0339803696,80.2445678711,46865,46876,11
13.0333595276,80.2438583374,46876,46886,10
13.0326900482,80.2429504395,46886,46896,10
13.0320301056,80.2420501709,46896,46906,10
13.0315904617,80.2411193848,46906,46916,10
13.031129837,80.2400436401,46916,47007,91
13.031129837,80.2400436401,47007,47017,10
13.0309495926,80.239616394,47017,47027,10
13.0306301117,80.2390365601,47027,47037,10
13.0301599503,80.2381973267,47037,47047,10
13.0295495987,80.2372589111,47047,47057,10
13.0290803909,80.2367401123,47057,47067,10
13.028670311,80.2362823486,47067,47077,10
13.0280799866,80.2356109619,47077,47088,11
13.0275096893,80.23462677,47088,47098,10
13.0269203186,80.2336502075,47098,47108,10
13.0264396667,80.2327423096,47108,47118,10
13.0261802673,80.2318878174,47118,47128,10
13.026140213,80.231628418,47128,47138,10
13.0260095596,80.2311172485,47138,47148,10
13.0256595612,80.2303237915,47148,47158,10
13.0250797272,80.2295227051,47158,47168,10
13.0246601105,80.2290115356,47168,47178,10
13.024310112,80.2285614014,47178,47188,10
13.0240001678,80.2282333374,47188,47208,20
13.0240001678,80.2282333374,47208,47220,12
13.0237598419,80.2278289795,47220,47228,8
13.0234003067,80.2274932861,47228,47240,12
13.0226297379,80.2267379761,47240,47248,8
13.0220403671,80.2262420654,47248,47258,10
13.021320343,80.2257003784,47258,47268,10
13.0207996368,80.2253265381,47268,47279,11
13.0202598572,80.2249984741,47279,47289,10
13.0196199417,80.2245788574,47289,47301,12
13.0185403824,80.2245788574,47301,47309,8
13.0178604126,80.2248764038,47309,47319,10
13.0169696808,80.2252197266,47319,47331,12
13.0163402557,80.2254714966,47331,47339,8
13.0160398483,80.2256011963,47339,47349,10
13.0154600143,80.2257995605,47349,47359,10
13.0148696899,80.2260284424,47359,47369,10
13.0144796371,80.2261886597,47369,47381,12
13.0144701004,80.2261886597,47381,47389,8
13.0142202377,80.226272583,47389,47399,10
13.013589859,80.2265167236,47399,47412,13
13.0124597549,80.2269592285,47412,47422,10
13.0114498138,80.2273788452,47422,47429,7
13.0106296539,80.2276916504,47429,47442,13
13.009519577,80.2281799316,47442,47452,10
13.0090503693,80.2289962769,47452,47462,10
13.0088100433,80.2299880981,47462,47472,10
13.0086097717,80.23097229,47472,47482,10
13.0084295273,80.2319030762,47482,47492,10
13.0082998276,80.2327880859,47492,47502,10
13.0082397461,80.2335510254,47502,47513,11
13.0081996918,80.2336807251,47513,47523,10
13.0080604553,80.2340164185,47523,47533,10
13.0079402924,80.234588623,47533,47543,10
13.0078401566,80.2350463867,47543,47553,10
13.0077295303,80.2355117798,47553,47563,10
13.007610321,80.2361221313,47563,47573,10
13.0074396133,80.2368164063,47573,47583,10
13.0072402954,80.2376480103,47583,47593,10
13.0071001053,80.2384872437,47593,47603,10
13.0069303513,80.2393112183,47603,47613,10
13.0068397522,80.2399978638,47613,47664,51
13.0068397522,80.2399978638,47664,47674,10
13.0068798065,80.2405471802,47674,47684,10
13.006819725,80.2407608032,47684,47694,10
13.0067796707,80.2409667969,47694,47704,10
13.0066995621,80.2415771484,47704,47714,10
13.0066795349,80.2425537109,47714,47725,11
13.0066795349,80.2435073853,47725,47735,10
13.0066204071,80.244468689,47735,47745,10
13.0066404343,80.2454528809,47745,47753,8
13.0066795349,80.2460174561,47753,47765,12
13.0067396164,80.2470626831,47765,47775,10
13.0066900253,80.2480926514,47775,47785,10
13.0067396164,80.2492828369,47785,47795,10
13.0067596436,80.2503814697,47795,47805,10
13.0067396164,80.2512130737,47805,47815,10
13.0065803528,80.2520675659,47815,47825,10
13.0065498352,80.2530822754,47825,47836,11
13.0065402985,80.2542114258,47836,47846,10
13.0065898895,80.2549591064,47846,47856,10
13.0065603256,80.2550506592,47856,47866,10
13.0065202713,80.2552032471,47866,47876,10
13.0065097809,80.2558364868,47876,47886,10
13.0065498352,80.2568130493,47886,47906,20
13.0065498352,80.2568130493,47906,47916,10
13.0066404343,80.2570800781,47916,47926,10
13.0065002441,80.257522583,47926,47936,10
13.0057201385,80.2573928833,47936,47947,11
13.0048303604,80.2572631836,47947,47957,10
13.0038404465,80.2570037842,47957,47967,10
13.0030603409,80.2568435669,47967,47977,10
13.0023603439,80.2567062378,47977,47987,10
13.001709938,80.2565994263,47987,48027,40
13.001709938,80.2565994263,48027,48037,10
13.0015497208,80.2565765381,48037,48048,11
13.0008602142,80.2564468384,48048,48058,10
13.0000200272,80.2563476563,48058,48068,10
12.9993095398,80.256187439,48068,48078,10
12.998550415,80.2560577393,48078,48098,20
12.998550415,80.2560577393,48098,48108,10
12.9983701706,80.2560424805,48108,48118,10
12.9981803894,80.2559661865,48118,48128,10
12.997759819,80.2559280396,48128,48138,10
12.9974403381,80.2558898926,48138,48148,10
12.9970197678,80.2558670044,48148,48159,11
12.9965400696,80.255859375,48159,48169,10
12.9960002899,80.2558364868,48169,48179,10
12.9955797195,80.2558670044,48179,48189,10
12.9952201843,80.2558670044,48189,48199,10
12.9948997498,80.255897522,48199,48209,10
12.9942502975,80.2559585571,48209,48219,10
12.993470192,80.2560119629,48219,48230,11
12.9923696518,80.2560806274,48230,48239,9
12.9915399551,80.256072998,48239,48249,10
12.9908504486,80.2560119629,48249,48261,12
12.9903497696,80.2559814453,48261,48269,8
12.9897899628,80.2559967041,48269,48279,10
12.9885902405,80.2559280396,48279,48299,20
12.9885902405,80.2559280396,48299,48310,11
12.9881000519,80.2557983398,48310,48319,9
12.9877901077,80.2557830811,48319,48330,11
12.9877700806,80.2557830811,48330,48340,10
12.987569809,80.2561264038,48340,48350,10
12.9875001907,80.2569198608,48350,48361,11
12.9874000549,80.2580413818,48361,48370,9
12.9872903824,80.2588424683,48370,48380,10
12.9872198105,80.2593994141,48380,48400,20
12.9871397018,80.2595825195,48400,48430,30
12.9871397018,80.2595825195,48430,48440,10
12.9869098663,80.2595214844,48440,48450,10
12.9866695404,80.2594833374,48450,48614,164
12.9865198135,80.2594223022,48614,50354,1740
12.9865999222,80.2590866089,50354,50425,71
12.9865999222,80.2590866089,50425,50435,10
12.9869499207,80.2590637207,50435,50465,30
12.9869499207,80.2590637207,50465,50475,10
12.9871902466,80.2591400146,50475,50485,10
12.9872999191,80.2589797974,50485,50495,10
12.9873399734,80.2585678101,50495,50506,11
12.9873695374,80.258102417,50506,50516,10
12.9874000549,80.2574920654,50516,50526,10
12.9874601364,80.2568511963,50526,50536,10
12.987569809,80.2561721802,50536,50596,60
12.987569809,80.2561721802,50596,50605,9
12.9876203537,80.256111145,50605,50617,12
12.987660408,80.2557678223,50617,50627,10
12.9882698059,80.2558288574,50627,50647,20
12.9884500504,80.2558822632,50647,50667,20
12.9884500504,80.2558822632,50667,50677,10
12.9885797501,80.2558898926,50677,50687,10
12.988699913,80.2559127808,50687,50697,10
12.9888601303,80.2559280396,50697,50707,10
12.9892902374,80.2559661865,50707,50717,10
12.989859581,80.2560882568,50717,50728,11
12.9905996323,80.2560424805,50728,50738,10
12.9913396835,80.2560577393,50738,50748,10
12.9922895432,80.2560195923,50748,50758,10
12.9932498932,80.2559890747,50758,50768,10
12.994099617,80.2559432983,50768,50778,10
12.9948101044,80.2559127808,50778,50788,10
12.9956998825,80.255897522,50788,50798,10
12.996509552,80.2558364868,50798,50818,20
12.996509552,80.2558364868,50818,50829,11
12.9966096878,80.2557983398,50829,50839,10
12.996919632,80.2558288574,50839,50849,10
12.9973602295,80.2558517456,50849,50859,10
12.998000145,80.2558898926,50859,50869,10
12.9987201691,80.2559967041,50869,50899,30
12.9987201691,80.2559967041,50899,50909,10
12.9989995956,80.2560882568,50909,50919,10
12.9994897842,80.2561416626,50919,50929,10
12.9996299744,80.2561569214,50929,50940,11
13.0000400543,80.2562484741,50940,50950,10
13.0006504059,80.2563934326,50950,50960,10
13.0011196136,80.256439209,50960,51000,40
13.0011196136,80.256439209,51000,51010,10
13.001449585,80.2565536499,51010,51020,10
13.0020303726,80.2566375732,51020,51030,10
13.0028095245,80.2567520142,51030,51041,11
13.0037002563,80.2569274902,51041,51051,10
13.0044298172,80.2570800781,51051,51061,10
13.0051202774,80.2571334839,51061,51071,10
13.0059900284,80.2573318481,51071,51081,10
13.0063896179,80.2574462891,51081,51091,10
13.0064601898,80.2572784424,51091,51101,10
13.0063896179,80.2567214966,51101,51111,10
13.0064096451,80.2558517456,51111,51121,10
13.0065202713,80.2548980713,51121,51131,10
13.0064897537,80.2539291382,51131,51141,10
13.0064897537,80.2532196045,51141,51151,10
13.0064897537,80.2531967163,51151,51161,10
13.006480217,80.2528610229,51161,51171,10
13.0065002441,80.2524414063,51171,51181,10
13.0065498352,80.2522888184,51181,51191,10
13.0065698624,80.2519683838,51191,51201,10
13.0066699982,80.2512817383,51201,51212,11
13.0066900253,80.2503814697,51212,51222,10
13.0067100525,80.2496490479,51222,51232,10
13.0066900253,80.2490310669,51232,51242,10
13.0066404343,80.2482070923,51242,51292,50
13.0066404343,80.2482070923,51292,51302,10
13.0066299438,80.2478866577,51302,51312,10
13.0066404343,80.2473297119,51312,51322,10
13.0065898895,80.2467422485,51322,51332,10
13.0065498352,80.24659729,51332,51342,10
13.0066099167,80.2463684082,51342,51352,10
13.0066204071,80.2459106445,51352,51365,13
13.0066299438,80.2451019287,51365,51375,10
13.0066204071,80.2446365356,51375,51385,10
13.0066404343,80.2442932129,51385,51395,10
13.0066099167,80.2437515259,51395,51405,10
13.0065898895,80.2429962158,51405,51415,10
13.0065898895,80.2421264648,51415,51425,10
13.0065803528,80.2413024902,51425,51435,10
13.0066003799,80.2407531738,51435,51445,10
13.0066900253,80.2402267456,51445,51455,10
13.0068998337,80.2394485474,51455,51465,10
13.0070495605,80.2386169434,51465,51476,11
13.0072402954,80.2377471924,51476,51484,8
13.0073604584,80.2372207642,51484,51496,12
13.0073699951,80.2370681763,51496,51506,10
13.007399559,80.2370071411,51506,51516,10
13.0074300766,80.2367324829,51516,51526,10
13.0074300766,80.2367095947,51526,51536,10
13.0075302124,80.2363815308,51536,51546,10
13.0076503754,80.2358169556,51546,51556,10
13.0078001022,80.2350463867,51556,51566,10
13.0079698563,80.234161377,51566,51577,11
13.0081796646,80.2330169678,51577,51587,10
13.0084400177,80.2317810059,51587,51597,10
13.0086698532,80.2305908203,51597,51607,10
13.0089101791,80.2294692993,51607,51617,10
13.0091495514,80.2283325195,51617,51627,10
13.0095596313,80.2273635864,51627,51637,10
13.0100297928,80.2263183594,51637,51647,10
13.0104904175,80.2254180908,51647,51657,10
13.0108699799,80.2245788574,51657,51667,10
13.0111999512,80.2236862183,51667,51677,10
13.0114002228,80.2231674194,51677,51688,11
13.0115995407,80.2225494385,51688,51698,10
13.0119400024,80.2217025757,51698,51708,10
13.0123500824,80.2215194702,51708,51718,10
13.0126304626,80.2219619751,51718,51728,10
13.0131902695,80.2225265503,51728,51738,10
13.0137996674,80.2232666016,51738,51748,10
13.0143404007,80.2238693237,51748,51758,10
13.014960289,80.2244873047,51758,51768,10
13.0153102875,80.224899292,51768,51778,10
13.0158395767,80.2253112793,51778,51789,11
13.0166301727,80.2253036499,51789,51799,10
13.017490387,80.2249221802,51799,51809,10
13.0184803009,80.2245178223,51809,51819,10
13.0192499161,80.2242507935,51819,51829,10
13.0193099976,80.2242584229,51829,51839,10
13.0196304321,80.2244567871,51839,51859,20
13.0196304321,80.2244567871,51859,51869,10
13.0196895599,80.2245788574,51869,51879,10
13.0199098587,80.2247390747,51879,51889,10
13.02023983,80.2249984741,51889,51900,11
13.0208702087,80.2254104614,51900,51910,10
13.0215196609,80.2258911133,51910,51920,10
13.0221996307,80.2264099121,51920,51930,10
13.0228500366,80.2269363403,51930,51940,10
13.0235795975,80.2276000977,51940,51950,10
13.0240898132,80.2280807495,51950,51960,10
13.0242795944,80.2282714844,51960,51970,10
13.0245199203,80.2286682129,51970,51980,10
13.0248203278,80.2291564941,51980,51990,10
13.0252599716,80.2297286987,51990,52001,11
13.0257701874,80.2305603027,52001,52011,10
13.0259504318,80.2309875488,52011,52021,10
13.0260601044,80.2313537598,52021,52031,10
13.0262203217,80.2319488525,52031,52041,10
13.0264396667,80.2326507568,52041,52051,10
13.0266799927,80.2331237793,52051,52061,10
13.0270500183,80.2337265015,52061,52072,11
13.0275602341,80.2346191406,52072,52082,10
13.0281295776,80.2355499268,52082,52093,11
13.0289897919,80.2365188599,52093,52102,9
13.0294599533,80.2369384766,52102,52112,10
13.029540062,80.2370605469,52112,52123,11
13.0296802521,80.2374191284,52123,52132,9
13.0299701691,80.2378463745,52132,52143,11
13.0304298401,80.2386474609,52143,52153,10
13.0308303833,80.2392425537,52153,52163,10
13.0309295654,80.2393722534,52163,52173,10
13.0309801102,80.2395477295,52173,52183,10
13.031080246,80.2397079468,52183,52192,9
13.0312099457,80.2399215698,52192,52203,11
13.0314102173,80.2403106689,52203,52215,12
13.0315999985,80.2410507202,52215,52225,10
13.031920433,80.2417831421,52225,52235,10
13.0324401855,80.24243927,52235,52245,10
13.0329904556,80.2432403564,52245,52255,10
13.0335502625,80.2441864014,52255,52265,10
13.0342597961,80.2449798584,52265,52275,10
13.0349702835,80.2455368042,52275,52285,10
13.0355796814,80.2459106445,52285,52295,10
13.0355997086,80.2459487915,52295,52305,10
13.0357198715,80.2460708618,52305,52315,10
13.0360498428,80.2462921143,52315,52326,11
13.0367803574,80.2464523315,52326,52336,10
13.0374097824,80.2463912964,52336,52346,10
13.0379896164,80.2464981079,52346,52356,10
13.0386695862,80.2467193604,52356,52366,10
13.0389604568,80.2468338013,52366,52376,10
13.0390996933,80.2469177246,52376,52386,10
13.0395803452,80.246963501,52386,52396,10
13.040309906,80.2470932007,52396,52406,10
13.0408401489,80.2471389771,52406,52416,10
13.0409698486,80.247177124,52416,52427,11
13.0415296555,80.2472991943,52427,52437,10
13.0423297882,80.247467041,52437,52447,10
13.0431604385,80.2479095459,52447,52457,10
13.0438899994,80.2479171753,52457,52467,10
13.0445404053,80.2479400635,52467,52477,10
13.0451402664,80.2482070923,52477,52487,10
13.0458202362,80.2484436035,52487,52497,10
13.0464897156,80.2484970093,52497,52507,10
13.0468196869,80.2483825684,52507,52517,10
13.0470104218,80.2483901978,52517,52527,10
13.0475101471,80.2487487793,52527,52538,11
13.048119545,80.249382019,52538,52548,10
13.0488004684,80.2496795654,52548,52558,10
13.0496301651,80.2497177124,52558,52568,10
13.0505504608,80.2499008179,52568,52578,10
13.0513401031,80.2501373291,52578,52588,10
13.0520401001,80.250617981,52588,52598,10
13.0524702072,80.2511901855,52598,52608,10
13.0530595779,80.251953125,52608,52618,10
13.0537004471,80.2528533936,52618,52628,10
13.0543804169,80.2537384033,52628,52639,11
13.0550403595,80.2545623779,52639,52649,10
13.055560112,80.2552566528,52649,52659,10
13.0560503006,80.2559585571,52659,52667,8
13.0563898087,80.256362915,52667,52678,11
13.056810379,80.2567520142,52678,52690,12
13.0569000244,80.2568511963,52690,52700,10
13.0572395325,80.2571487427,52700,52710,10
13.0577402115,80.2575836182,52710,52720,10
13.0583200455,80.2583389282,52720,52730,10
13.058839798,80.2589416504,52730,52740,10
13.0592699051,80.2596817017,52740,52751,11
13.0599899292,80.2602996826,52751,52761,10
13.0604496002,80.2607879639,52761,52771,10
13.0605802536,80.2610321045,52771,52781,10
13.0607004166,80.2612304688,52781,52791,10
13.0611000061,80.2616882324,52791,52801,10
13.0617103577,80.2623519897,52801,52811,10
13.0623102188,80.2631072998,52811,52821,10
13.0629301071,80.2638397217,52821,52831,10
13.063170433,80.2641220093,52831,52841,10
13.0633201599,80.2643966675,52841,52852,11
13.0636796951,80.2650985718,52852,52862,10
13.0641002655,80.2657012939,52862,52872,10
13.0645704269,80.2663574219,52872,52882,10
13.0649900436,80.2668075562,52882,52892,10
13.0655899048,80.267250061,52892,52902,10
13.0660295486,80.2677993774,52902,52912,10
13.0663299561,80.2681884766,52912,52922,10
13.0668001175,80.2684020996,52922,52931,9
13.0670499802,80.2685394287,52931,52942,11
13.0671901703,80.268661499,52942,52952,10
13.0676202774,80.2689819336,52952,52962,10
13.068189621,80.269317627,52962,52974,12
13.0683898926,80.268989563,52974,52981,7
13.0684995651,80.2686080933,52981,52995,14
13.0688695908,80.2676010132,52995,53003,8
13.069149971,80.2670898438,53003,53013,10
13.069609642,80.2665863037,53013,53023,10
13.0701398849,80.2659988403,53023,53033,10
13.0702896118,80.2658691406,53033,53043,10
13.0705795288,80.2656021118,53043,53053,10
13.0710201263,80.2651596069,53053,53066,13
13.0718002319,80.2643508911,53066,53076,10
13.0722198486,80.263710022,53076,53086,10
13.0724897385,80.2630004883,53086,53096,10
13.0728702545,80.2619628906,53096,53116,20
13.0728702545,80.2619628906,53116,53126,10
13.0729799271,80.2615814209,53126,53136,10
13.0732402802,80.2611694336,53136,53146,10
13.0737199783,80.2616271973,53146,53156,10
13.0742301941,80.2621917725,53156,53167,11
13.0747499466,80.2628326416,53167,53177,10
13.0752897263,80.2635879517,53177,53187,10
13.0758104324,80.264213562,53187,53197,10
13.0763301849,80.2641983032,53197,53207,10
13.0771903992,80.2640686035,53207,53217,10
13.0779600143,80.2635803223,53217,53227,10
13.0779895782,80.2629623413,53227,53237,10
13.0777301788,80.2621078491,53237,53247,10
13.0772695541,80.260848999,53247,53278,31
13.0772695541,80.260848999,53278,53288,10
13.0770998001,80.2605209351,53288,53298,10
13.076789856,80.2602310181,53298,53308,10
13.0762500763,80.259803772,53308,53318,10
13.0756597519,80.2591400146,53318,53328,10
13.0754404068,80.2583389282,53328,53358,30
13.0754404068,80.2583389282,53358,53368,10
13.0753803253,80.2581710815,53368,53379,11
13.0756702423,80.2578964233,53379,53389,10
13.0761299133,80.2575531006,53389,53399,10
13.0766897202,80.2570800781,53399,53408,9
13.077340126,80.2567367554,53408,53420,12
13.0785102844,80.2565994263,53420,53430,10
13.0790395737,80.2563934326,53430,53438,8
13.079000473,80.2558288574,53438,53450,12
13.0789299011,80.255027771,53450,53460,10
13.0789299011,80.2549285889,53460,53470,10
13.0789699554,80.2546691895,53470,53480,10
13.0794496536,80.2545471191,53480,53491,11
13.0797595978,80.2545776367,53491,53501,10
13.0800800323,80.2546310425,53501,53511,10
13.0806598663,80.254737854,53511,53521,10
13.0810899734,80.2547912598,53521,53531,10
13.081580162,80.2546920776,53531,53541,10
13.0817699432,80.2542419434,53541,53551,10
13.0818595886,80.2537384033,53551,53561,10
13.0819101334,80.253288269,53561,53571,10
13.0817499161,80.2527770996,53571,53581,10
13.0814304352,80.2522277832,53581,53592,11
13.0813903809,80.2514724731,53592,53602,10
13.0813598633,80.2509536743,53602,53612,10
13.0813398361,80.2504501343,53612,53622,10
13.0813398361,80.2498168945,53622,53632,10
13.0816497803,80.2496414185,53632,53642,10
13.0823402405,80.24974823,53642,53652,10
13.08314991,80.2499084473,53652,53662,10
13.0839195251,80.250038147,53662,53672,10
13.0844802856,80.2501296997,53672,53682,10
13.0845603943,80.2501068115,53682,53692,10
13.0849199295,80.2501602173,53692,53703,11
13.085559845,80.2503128052,53703,53713,10
13.0858097076,80.2501296997,53713,53723,10
13.0858297348,80.2494735718,53723,53733,10
13.0857801437,80.248626709,53733,53743,10
13.0857200623,80.2477111816,53743,53753,10
13.0857000351,80.2468032837,53753,53763,10
13.0857000351,80.24659729,53763,53774,11
13.0856599808,80.2461395264,53774,53783,9
13.0856599808,80.2455978394,53783,53793,10
13.0856599808,80.2455215454,53793,53803,10
13.0857095718,80.2451705933,53803,53813,10
13.0860900879,80.2448272705,53813,53823,10
13.0867300034,80.2443771362,53823,53835,12
13.0874204636,80.2437820435,53835,53845,10
13.0878200531,80.2430496216,53845,53855,10
13.0880002975,80.2422637939,53855,53865,10
13.088549614,80.2417984009,53865,53875,10
13.0891895294,80.2413330078,53875,53884,9
13.0897502899,80.2409591675,53884,53894,10
13.0901002884,80.2408370972,53894,53904,10
13.0907201767,80.2408218384,53904,53916,12
13.0917596817,80.2408828735,53916,53926,10
13.0924301147,80.2409210205,53926,53934,8
13.0925598145,80.2408828735,53934,53944,10
13.0929498672,80.2409210205,53944,53954,10
13.0936803818,80.2410430908,53954,53964,10
13.0942001343,80.2411422729,53964,53976,12
13.094209671,80.2411422729,53976,53984,8
13.0944099426,80.2412109375,53984,53996,12
13.0950803757,80.2413864136,53996,54006,10
13.0959501266,80.2416763306,54006,54017,11
13.0971698761,80.2420578003,54017,54107,90
13.0971698761,80.2420578003,54107,54114,7
13.0975198746,80.2421112061,54114,54128,14
13.0985298157,80.2422714233,54128,54148,20
13.0985298157,80.2422714233,54148,54158,10
13.0986204147,80.2422714233,54158,54168,10
13.098739624,80.2421264648,54168,54178,10
13.0985803604,80.2418899536,54178,54289,111
13.0985603333,80.2422637939,54289,55693,1404
13.0985603333,80.2422637939,55693,55704,11
13.0983600616,80.2423477173,55704,55715,11
13.0978803635,80.2422409058,55715,55724,9
13.0974798203,80.2421722412,55724,55815,91
13.0974798203,80.2421722412,55815,55825,10
13.0972099304,80.2420272827,55825,55835,10
13.0968198776,80.2419433594,55835,55847,12
13.0961198807,80.2417373657,55847,55857,10
13.0956096649,80.2415618896,55857,55867,10
13.0950803757,80.2413711548,55867,55875,8
13.0946102142,80.2412261963,55875,55887,12
13.0940599442,80.2411193848,55887,55895,8
13.0936002731,80.241027832,55895,55907,12
13.0934495926,80.2409820557,55907,55915,8
13.0931301117,80.2409286499,55915,55925,10
13.0924797058,80.2408599854,55925,55938,13
13.0915002823,80.2408065796,55938,55948,10
13.0906496048,80.2408065796,55948,55958,10
13.0898399353,80.2409286499,55958,55968,10
13.0891599655,80.2413406372,55968,55978,10
13.0884799957,80.2418518066,55978,55988,10
13.0879096985,80.242477417,55988,55998,10
13.0878295898,80.2431030273,55998,56008,10
13.0878200531,80.2431564331,56008,56018,10
13.0877399445,80.2433776855,56018,56028,10
13.0874795914,80.2437286377,56028,56039,11
13.0869998932,80.2441329956,56039,56049,10
13.0864801407,80.2445373535,56049,56059,10
13.0860795975,80.2448272705,56059,56069,10
13.0857601166,80.2451477051,56069,56079,10
13.0856304169,80.2455368042,56079,56089,10
13.0857000351,80.2462005615,56089,56099,10
13.0857696533,80.2466125488,56099,56109,10
13.0857601166,80.2466201782,56109,56119,10
13.0856800079,80.2467880249,56119,56129,10
13.0857400894,80.2472686768,56129,56139,10
13.0858097076,80.2480621338,56139,56150,11
13.0858297348,80.2489776611,56150,56160,10
13.0858697891,80.2498931885,56160,56170,10
13.0858802795,80.250541687,56170,56180,10
13.0858097076,80.2511978149,56180,56190,10
13.0857200623,80.2518005371,56190,56200,10
13.0856704712,80.2521591187,56200,56210,10
13.0856399536,80.2526779175,56210,56220,10
13.0856704712,80.2530975342,56220,56230,10
13.0856800079,80.2537002563,56230,56240,10
13.0857200623,80.2543411255,56240,56251,11
13.0855197906,80.2546386719,56251,56261,10
13.0849599838,80.2546310425,56261,56271,10
13.0839004517,80.2545089722,56271,56291,20
13.0839004517,80.2545089722,56291,56301,10
13.0835599899,80.2544631958,56301,56311,10
13.0830001831,80.2544403076,56311,56321,10
13.0824098587,80.2544403076,56321,56331,10
13.0818500519,80.2546005249,56331,56341,10
13.0812597275,80.2548065186,56341,56351,10
13.0808401108,80.2547836304,56351,56362,11
13.080789566,80.2547683716,56362,56372,10
13.0804395676,80.2547302246,56372,56382,10
13.0797700882,80.2546005249,56382,56392,10
13.0791196823,80.2546005249,56392,56402,10
13.0788497925,80.2546691895,56402,56412,10
13.0788898468,80.2550888062,56412,56422,10
13.079000473,80.2564163208,56422,56452,30
13.079000473,80.2564163208,56452,56463,11
13.0790100098,80.2565307617,56463,56473,10
13.0787000656,80.2566604614,56473,56483,10
13.0782003403,80.256652832,56483,56491,8
13.0777902603,80.2566833496,56491,56504,13
13.0770902634,80.2568664551,56504,56514,10
13.0764503479,80.2573318481,56514,56524,10
13.0757703781,80.2579498291,56524,56534,10
13.0754098892,80.2583770752,56534,56544,10
13.0755796432,80.2589263916,56544,56554,10
13.0759897232,80.2595214844,56554,56565,11
13.0766401291,80.2601394653,56565,56575,10
13.0768899918,80.2604217529,56575,56585,10
13.0771598816,80.2607574463,56585,56595,10
13.0774097443,80.2612686157,56595,56605,10
13.0776901245,80.2619171143,56605,56665,60
13.0776901245,80.2619171143,56665,56675,10
13.0776901245,80.2621688843,56675,56685,10
13.0777997971,80.2624511719,56685,56697,12
13.0779399872,80.2629318237,56697,56705,8
13.0781602859,80.2632904053,56705,56717,12
13.0777101517,80.2636795044,56717,56727,10
13.0770998001,80.2640533447,56727,56736,9
13.076499939,80.2641677856,56736,56746,10
13.0758695602,80.2642822266,56746,56757,11
13.0754499435,80.2639083862,56757,56766,9
13.075050354,80.2633285522,56766,56778,12
13.0744199753,80.2624969482,56778,56788,10
13.0739297867,80.2619171143,56788,56796,8
13.0737199783,80.2616577148,56796,56806,10
13.0736503601,80.2615890503,56806,56816,10
13.0733299255,80.2613677979,56816,56826,10
13.0729198456,80.2617797852,56826,56836,10
13.0726804733,80.2624893188,56836,56846,10
13.0724802017,80.2631072998,56846,56858,12
13.0721797943,80.2638168335,56858,56866,8
13.0714502335,80.2647094727,56866,56889,23
13.0714502335,80.2647094727,56889,56899,10
13.071269989,80.2648620605,56899,56909,10
13.0709495544,80.2652282715,56909,56919,10
13.0705099106,80.2657089233,56919,56929,10
13.0701503754,80.2660903931,56929,56939,10
13.0696601868,80.2666015625,56939,56949,10
13.0691795349,80.2670516968,56949,56959,10
13.0687904358,80.2677001953,56959,56969,10
13.0685501099,80.2685317993,56969,56976,7
13.0684099197,80.268989563,56976,56990,14
13.0682201385,80.2698516846,56990,57000,10
13.0681400299,80.2706222534,57000,57010,10
13.0678300858,80.270980835,57010,57020,10
13.0674104691,80.2705688477,57020,57030,10
13.0670995712,80.2702713013,57030,57040,10
13.0670404434,80.2701797485,57040,57050,10
13.0667600632,80.2698135376,57050,57060,10
13.0664901733,80.2691726685,57060,57070,10
13.0663700104,80.2684326172,57070,57080,10
13.0658502579,80.2677993774,57080,57090,10
13.0654602051,80.2676467896,57090,57101,11
13.0652704239,80.2676315308,57101,57111,10
13.065199852,80.2676010132,57111,57121,10
13.0649795532,80.267539978,57121,57131,10
13.0643997192,80.2674331665,57131,57141,10
13.0636196136,80.267288208,57141,57151,10
13.0628995895,80.2671890259,57151,57161,10
13.062379837,80.2667236328,57161,57171,10
13.0619096756,80.2660980225,57171,57181,10
13.0613603592,80.2654190063,57181,57191,10
13.0607500076,80.2652206421,57191,57202,11
13.0603103638,80.2655029297,57202,57212,10
13.0602798462,80.2655105591,57212,57222,10
13.0601596832,80.2655181885,57222,57232,10
13.0597896576,80.2655792236,57232,57242,10
13.0591602325,80.2655029297,57242,57252,10
13.0585298538,80.2654037476,57252,57262,10
13.0581903458,80.2652206421,57262,57272,10
13.0580596924,80.2648162842,57272,57282,10
13.0579795837,80.2640762329,57282,57292,10
13.0579004288,80.263343811,57292,57303,11
13.057800293,80.2623596191,57303,57313,10
13.0576400757,80.2614974976,57313,57323,10
13.0573997498,80.260559082,57323,57333,10
13.0571403503,80.2596435547,57333,57343,10
13.0568704605,80.2588500977,57343,57353,10
13.0566797256,80.2581787109,57353,57363,10
13.0565595627,80.25756073,57363,57373,10
13.0564899445,80.2573471069,57373,57383,10
13.0564699173,80.257232666,57383,57393,10
13.0563802719,80.2567367554,57393,57402,9
13.0561199188,80.2561569214,57402,57414,12
13.0555000305,80.2553024292,57414,57424,10
13.0549402237,80.2545318604,57424,57434,10
13.0543603897,80.2538375854,57434,57444,10
13.0540504456,80.2534332275,57444,57454,10
13.0539903641,80.253326416,57454,57464,10
13.0537204742,80.2529525757,57464,57474,10
13.0532798767,80.2523193359,57474,57484,10
13.0527601242,80.2516403198,57484,57494,10
13.0522899628,80.2509994507,57494,57504,10
13.0517196655,80.2504119873,57504,57515,11
13.0508003235,80.2500305176,57515,57525,10
13.0498304367,80.2498397827,57525,57535,10
13.0489196777,80.2497329712,57535,57545,10
13.0481700897,80.2494277954,57545,57555,10
13.0472402573,80.2486572266,57555,57575,20
13.0472402573,80.2486572266,57575,57585,10
13.0472002029,80.248626709,57585,57595,10
13.0468397141,80.2485733032,57595,57605,10
13.0461597443,80.2484512329,57605,57615,10
13.0454597473,80.2482070923,57615,57626,11
13.0447797775,80.2480392456,57626,57636,10
13.0441598892,80.2479476929,57636,57646,10
13.0435304642,80.2478637695,57646,57656,10
13.0429201126,80.247718811,57656,57667,11
13.0422201157,80.2475662231,57667,57676,9
13.0418195724,80.2475128174,57676,57686,10
13.0416498184,80.2474822998,57686,57696,10
13.0412597656,80.2473678589,57696,57706,10
13.0405902863,80.2472305298,57706,57716,10
13.0400695801,80.2471618652,57716,57726,10
13.0400600433,80.2471618652,57726,57737,11
13.0397596359,80.2470932007,57737,57747,10
13.0393896103,80.2470092773,57747,57757,10
13.0387401581,80.2468566895,57757,57767,10
13.0380001068,80.2467422485,57767,57777,10
13.0371999741,80.24659729,57777,57787,10
13.0363798141,80.2463607788,57787,57799,12
13.0352802277,80.2460174561,57799,57819,20
13.0352802277,80.2460174561,57819,57829,10
13.0351400375,80.2459869385,57829,57839,10
13.0347795486,80.2456207275,57839,57851,12
13.0342102051,80.2448806763,57851,57861,10
13.0336198807,80.244178772,57861,57871,10
13.0329799652,80.2433013916,57871,57881,10
13.0323600769,80.2424621582,57881,57891,10
13.0318899155,80.2417373657,57891,57901,10
13.0315904617,80.2410202026,57901,57911,10
13.0312404633,80.2402572632,57911,57921,10
13.0309095383,80.2395095825,57921,57930,9
13.0304603577,80.2387466431,57930,57942,12
13.029800415,80.2376480103,57942,57952,10
13.0292196274,80.2369232178,57952,57962,10
13.0290699005,80.2367782593,57962,57972,10
13.0290203094,80.2367019653,57972,57982,10
13.0287103653,80.2363510132,57982,57992,10
13.0282297134,80.2358169556,57992,58002,10
13.027759552,80.235168457,58002,58012,10
13.0273399353,80.2344284058,58012,58022,10
13.0268697739,80.2336730957,58022,58032,10
13.0264396667,80.2329101563,58032,58043,11
13.0262098312,80.2322311401,58043,58053,10
13.0260400772,80.2315979004,58053,58063,10
13.025850296,80.2308273315,58063,58073,10
13.0253896713,80.2300415039,58073,58083,10
13.0249500275,80.2294616699,58083,58093,10
13.0248603821,80.2293624878,58093,58103,10
13.0247898102,80.2292709351,58103,58113,10
13.0245199203,80.2288970947,58113,58123,10
13.0241003036,80.2284088135,58123,58133,10
13.0239496231,80.2282409668,58133,58143,10
13.0239200592,80.2281723022,58143,58154,11
13.0236301422,80.2278213501,58154,58164,10
13.0231599808,80.2273406982,58164,58174,10
13.0226202011,80.2268066406,58174,58184,10
13.0219497681,80.2262420654,58184,58194,10
13.021229744,80.2257003784,58194,58204,10
13.020529747,80.2251663208,58204,58214,10
13.0197696686,80.2246704102,58214,58223,9
13.0189695358,80.2244491577,58223,58234,11
13.0179195404,80.2248306274,58234,58242,8
13.0171804428,80.2251281738,58242,58255,13
13.0162696838,80.2255020142,58255,58265,10
13.0156402588,80.2257003784,58265,58275,10
13.0150003433,80.2259674072,58275,58285,10
13.0144796371,80.2261581421,58285,58295,10
13.0142002106,80.2263183594,58295,58305,10
13.0141401291,80.2263412476,58305,58315,10
13.01404953,80.2263717651,58315,58325,10
13.0136699677,80.2265167236,58325,58335,10
13.0131101608,80.2267303467,58335,58345,10
13.0123996735,80.2270126343,58345,58354,9
13.011639595,80.2273025513,58354,58366,12
13.0105495453,80.2277374268,58366,58376,10
13.0096302032,80.2281036377,58376,58386,10
13.0090999603,80.2287597656,58386,58396,10
13.0089101791,80.2296829224,58396,58406,10
13.0087203979,80.230682373,58406,58416,10
13.0085201263,80.2316894531,58416,58426,10
13.0083503723,80.2326965332,58426,58436,10
13.0082502365,80.2335510254,58436,58446,10
13.0081796646,80.2337417603,58446,58456,10
13.0081501007,80.2338104248,58456,58468,12
13.0080604553,80.2342910767,58468,58476,8
13.0079402924,80.2348175049,58476,58488,12
13.0077295303,80.235786438,58488,58496,8
13.0075998306,80.2365036011,58496,58506,10
13.0074100494,80.2374191284,58506,58518,12
13.0071802139,80.2385635376,58518,58527,9
13.0070400238,80.2393875122,58527,58538,11
13.0068998337,80.2399597168,58538,58558,20
13.0068998337,80.2399597168,58558,58569,11
13.0068502426,80.2406692505,58569,58587,18
13.0068502426,80.2406692505,58587,58597,10
13.006770134,80.2410507202,58597,58609,12
13.0067195892,80.241897583,58609,58619,10
13.0067100525,80.2427978516,58619,58627,8
13.0067100525,80.2434692383,58627,58637,10
13.0067300797,80.2444381714,58637,58647,10
13.0066900253,80.2453613281,58647,58659,12
13.0067501068,80.2465133667,58659,58667,8
13.0067596436,80.2472305298,58667,58680,13
13.0067596436,80.2484207153,58680,58690,10
13.0068998337,80.2496032715,58690,58710,20
13.0068998337,80.2496032715,58710,58720,10
13.0068998337,80.2497024536,58720,58730,10
13.0068798065,80.2501068115,58730,58740,10
13.0068798065,80.2507629395,58740,58750,10
13.006819725,80.2513809204,58750,58760,10
13.0066299438,80.2522125244,58760,58770,10
13.0065803528,80.2532272339,58770,58780,10
13.0065803528,80.2542266846,58780,58791,11
13.0066204071,80.254989624,58791,58801,10
13.0066204071,80.2550201416,58801,58811,10
13.0065803528,80.2552108765,58811,58821,10
13.0065803528,80.2557601929,58821,58831,10
13.0066003799,80.2565383911,58831,58841,10
13.006649971,80.2571563721,58841,58892,51
13.006649971,80.2571563721,58892,58902,10
13.0066900253,80.2574462891,58902,58912,10
13.0063800812,80.2576065063,58912,58922,10
13.0059499741,80.2574691772,58922,58932,10
13.0053796768,80.2573623657,58932,58942,10
13.0047998428,80.2572097778,58942,58952,10
13.0040597916,80.257019043,58952,58962,10
13.0032997131,80.2568664551,58962,58972,10
13.0025196075,80.2567214966,58972,58982,10
13.0020303726,80.2566375732,58982,59023,41
13.0020303726,80.2566375732,59023,59033,10
13.0017900467,80.2565917969,59033,59043,10
13.0012903214,80.2565231323,59043,59053,10
13.0004701614,80.2564086914,59053,59063,10
12.9998903275,80.2563171387,59063,59073,10
12.9993495941,80.2562026978,59073,59083,10
12.9987802505,80.2561035156,59083,59104,21
12.9987802505,80.2561035156,59104,59114,10
12.9986095428,80.2560424805,59114,59124,10
12.9982700348,80.2559814453,59124,59134,10
12.997710228,80.2559280396,59134,59144,10
12.9969501495,80.2558898926,59144,59154,10
12.9963598251,80.2558822632,59154,59164,10
12.99559021,80.2558898926,59164,59174,10
12.994799614,80.2559280396,59174,59184,10
12.9939699173,80.2559967041,59184,59194,10
12.9930095673,80.256072998,59194,59205,11
12.9919099808,80.2560806274,59205,59215,10
12.9911203384,80.2560501099,59215,59225,10
12.9906301498,80.2560272217,59225,59235,10
12.9901504517,80.2559967041,59235,59245,10
12.9895296097,80.2559814453,59245,59255,10
12.9889097214,80.2559432983,59255,59265,10
12.9885702133,80.2559280396,59265,59275,10
12.9885101318,80.2559280396,59275,59285,10
12.988240242,80.2558822632,59285,59295,10
12.9878902435,80.2558517456,59295,59305,10
12.9876098633,80.256187439,59305,59316,11
12.9875602722,80.257019043,59316,59326,10
12.9875001907,80.2578964233,59326,59336,10
12.9874095917,80.2588195801,59336,59346,10
12.9872598648,80.2593994141,59346,59376,30
12.9872598648,80.2593994141,59376,59386,10
12.9871902466,80.2596206665,59386,59396,10
12.987039566,80.2596511841,59396,59406,10
12.9868803024,80.2595825195,59406,59417,11
12.9866304398,80.2595214844,59417,59437,20
12.9866304398,80.2595214844,59437,59447,10
12.9864597321,80.259437561,59447,60598,1151
12.9864597321,80.259437561,60598,60609,11
12.9865703583,80.2592086792,60609,60620,11
12.986579895,80.2591400146,60620,60630,10
12.986749649,80.2590484619,60630,60731,101
12.986749649,80.2590484619,60731,60741,10
12.9871397018,80.2592163086,60741,60751,10
12.9873104095,80.2591323853,60751,60761,10
12.9873600006,80.2586593628,60761,60771,10
12.9874095917,80.258102417,60771,60778,7
12.9874401093,80.2576065063,60778,60791,13
12.9875001907,80.2565994263,60791,60862,71
12.9875898361,80.2564468384,60862,60963,101
12.9875898361,80.2564468384,60963,60973,10
12.9875898361,80.2560882568,60973,60983,10
12.9876003265,80.2558670044,60983,60993,10
12.9879302979,80.2557678223,60993,61003,10
12.988240242,80.2558364868,61003,61014,11
12.9884500504,80.2559127808,61014,61024,10
12.9886198044,80.2559204102,61024,61034,10
12.9886703491,80.2559204102,61034,61044,10
12.9888896942,80.2559585571,61044,61054,10
12.9894504547,80.2560424805,61054,61064,10
12.9901599884,80.2560806274,61064,61074,10
12.9907903671,80.256072998,61074,61084,10
12.9915304184,80.256111145,61084,61094,10
12.9924898148,80.2560882568,61094,61104,10
12.9935398102,80.2559967041,61104,61115,11
12.9945697784,80.2559432983,61115,61125,10
12.9954900742,80.2558898926,61125,61135,10
12.996049881,80.2558898926,61135,61145,10
12.9965000153,80.2558822632,61145,61155,10
12.9969501495,80.2558898926,61155,61165,10
12.9974098206,80.2559127808,61165,61175,10
12.9979295731,80.2559661865,61175,61185,10
12.9983997345,80.2560424805,61185,61195,10
12.998840332,80.2560577393,61195,61205,10
12.9989299774,80.256072998,61205,61215,10
12.9992599487,80.2561569214,61215,61256,41
12.9992599487,80.2561569214,61256,61266,10
12.9997396469,80.2562713623,61266,61276,10
13.0004396439,80.2563934326,61276,61286,10
13.0012302399,80.2565307617,61286,61295,9
13.0018100739,80.2566223145,61295,61306,11
13.0023803711,80.2567214966,61306,61316,10
13.0027799606,80.2567901611,61316,61327,11
13.003370285,80.2568969727,61327,61337,10
13.0040397644,80.257019043,61337,61347,10
13.0045995712,80.2571182251,61347,61357,10
13.0052900314,80.2572479248,61357,61367,10
13.0060901642,80.2574234009,61367,61377,10
13.006529808,80.25730896,61377,61384,7
13.0064897537,80.256980896,61384,61397,13
13.006480217,80.2560424805,61397,61407,10
13.0065002441,80.255317688,61407,61417,10
13.006529808,80.2545089722,61417,61425,8
13.0065202713,80.2537689209,61425,61438,13
13.0065202713,80.2531967163,61438,61448,10
13.0065002441,80.253036499,61448,61458,10
13.0065202713,80.252532959,61458,61468,10
13.0066003799,80.2520523071,61468,61498,30
13.0066003799,80.2520523071,61498,61507,9
13.0066900253,80.2517471313,61507,61518,11
13.0067901611,80.251083374,61518,61529,11
13.0067901611,80.2501068115,61529,61540,11
13.0067596436,80.2490005493,61540,61550,10
13.0066604614,80.2480392456,61550,61560,10
13.0066299438,80.2475967407,61560,61610,50
13.0066299438,80.2475967407,61610,61619,9
13.0066900253,80.2472991943,61619,61630,11
13.006649971,80.2467269897,61630,61639,9
13.0066003799,80.2465133667,61639,61651,12
13.006649971,80.2460784912,61651,61659,8
13.0066604614,80.2454376221,61659,61671,12
13.0066795349,80.2442626953,61671,61681,10
13.0066299438,80.2432632446,61681,61689,8
13.0066099167,80.2424926758,61689,61699,10
13.0065898895,80.2415771484,61699,61709,10
13.0066604614,80.2407989502,61709,61719,10
13.0067996979,80.2402267456,61719,61729,10
13.0069503784,80.2393875122,61729,61741,12
13.0071802139,80.2381515503,61741,61752,11
13.0073900223,80.2371673584,61752,61762,10
13.0074195862,80.2367782593,61762,61772,10
13.0074596405,80.236656189,61772,61782,10
13.0075798035,80.2361831665,61782,61792,10
13.0077295303,80.2354202271,61792,61802,10
13.0079202652,80.2345123291,61802,61812,10
13.0081396103,80.2334136963,61812,61822,10
13.0084400177,80.2320480347,61822,61832,10
13.0087099075,80.2306213379,61832,61842,10
13.0089902878,80.2292098999,61842,61852,10
13.0093603134,80.2278366089,61852,61865,13
13.0100603104,80.22631073,61865,61875,10
13.0105304718,80.2254180908,61875,61885,10
13.0108299255,80.2247390747,61885,61895,10
13.0110998154,80.2240371704,61895,61905,10
13.0111598969,80.2238616943,61905,61915,10
13.0111904144,80.2237701416,61915,61925,10
13.0113201141,80.2234802246,61925,61935,10
13.0116100311,80.2228927612,61935,61945,10
13.011879921,80.2220611572,61945,61954,9
13.0122299194,80.2215576172,61954,61966,12
13.0126600266,80.2219772339,61966,61976,10
13.0132703781,80.2226409912,61976,61986,10
13.0138702393,80.2233428955,61986,61996,10
13.0143404007,80.2239227295,61996,62006,10
13.0149297714,80.2245407104,62006,62016,10
13.0155696869,80.2251586914,62016,62026,10
13.0162200928,80.225402832,62026,62036,10
13.0170097351,80.2251815796,62036,62046,10
13.0179901123,80.2247924805,62046,62056,10
13.0189304352,80.2244033813,62056,62067,11
13.0193300247,80.224319458,62067,62077,10
13.0194196701,80.224357605,62077,62087,10
13.0197401047,80.2245407104,62087,62097,10
13.0201101303,80.224822998,62097,62107,10
13.0206699371,80.2252578735,62107,62117,10
13.0212497711,80.2257232666,62117,62127,10
13.0219202042,80.2262115479,62127,62137,10
13.022600174,80.2268066406,62137,62147,10
13.0233402252,80.2274627686,62147,62156,9
13.0240297318,80.2281494141,62156,62168,12
13.0246896744,80.2289810181,62168,62179,11
13.0251197815,80.2295913696,62179,62189,10
13.0256004333,80.2302780151,62189,62199,10
13.0259199142,80.2310028076,62199,62210,11
13.0261297226,80.2316818237,62210,62220,10
13.0262899399,80.2322769165,62220,62230,10
13.0265798569,80.2329864502,62230,62240,10
13.0269603729,80.2336883545,62240,62249,9
13.0273799896,80.2343597412,62249,62259,10
13.0277795792,80.2350921631,62259,62270,11
13.0283498764,80.2358932495,62270,62279,9
13.0289201736,80.2364883423,62279,62291,12
13.0295495987,80.2371292114,62291,62300,9
13.0296201706,80.2372131348,62300,62310,10
13.0297498703,80.2374420166,62310,62320,10
13.0300998688,80.23802948,62320,62330,10
13.0305500031,80.2388000488,62330,62341,11
13.030960083,80.2395019531,62341,62350,9
13.0311803818,80.2399215698,62350,62361,11
13.0313796997,80.2402420044,62361,62370,9
13.0314102173,80.2407073975,62370,62382,12
13.0316400528,80.2412796021,62382,62390,8
13.0318498611,80.2416992188,62390,62402,12
13.0323600769,80.2424316406,62402,62412,10
13.0328598022,80.2431030273,62412,62422,10
13.0334501266,80.243888855,62422,62432,10
13.0340204239,80.2446594238,62432,62442,10
13.0345497131,80.2453231812,62442,62452,10
13.0351600647,80.2459793091,62452,62462,10
13.0356798172,80.2461013794,62462,62483,21
13.0356798172,80.2461013794,62483,62493,10
13.0359296799,80.2462615967,62493,62503,10
13.0363798141,80.2463989258,62503,62513,10
13.0369997025,80.2465286255,62513,62523,10
13.0375699997,80.2464523315,62523,62533,10
13.0381803513,80.2466125488,62533,62543,10
13.0387401581,80.2467727661,62543,62553,10
13.039270401,80.2469024658,62553,62563,10
13.039730072,80.2470016479,62563,62573,10
13.0403499603,80.2471237183,62573,62583,10
13.0406799316,80.247177124,62583,62594,11
13.0408000946,80.2472076416,62594,62604,10
13.0412998199,80.2473220825,62604,62614,10
13.0419797897,80.247467041,62614,62624,10
13.0425701141,80.2475967407,62624,62634,10
13.0431900024,80.2478027344,62634,62644,10
13.0438899994,80.2478103638,62644,62654,10
13.0445299149,80.2478790283,62654,62664,10
13.0450801849,80.2481384277,62664,62674,10
13.0456695557,80.2483825684,62674,62684,10
13.0463104248,80.248550415,62684,62695,11
13.0469102859,80.2484436035,62695,62705,10
13.0469799042,80.2484436035,62705,62715,10
13.0473203659,80.2485809326,62715,62725,10
13.0478200912,80.2490310669,62725,62735,10
13.0484199524,80.2496032715,62735,62745,10
13.0491504669,80.2497711182,62745,62755,10
13.0496501923,80.2498168945,62755,62765,10
13.0504102707,80.2499771118,62765,62775,10
13.0511703491,80.2501525879,62775,62785,10
13.0518798828,80.2505264282,62785,62795,10
13.0524702072,80.2512130737,62795,62806,11
13.053150177,80.2521209717,62806,62816,10
13.0538196564,80.253036499,62816,62826,10
13.0544595718,80.25390625,62826,62835,9
13.0550098419,80.2546005249,62835,62847,12
13.055729866,80.255607605,62847,62856,9
13.0563001633,80.2563934326,62856,62867,11
13.0567598343,80.2567901611,62867,62877,10
13.0567998886,80.2568817139,62877,62887,10
13.0571603775,80.2572097778,62887,62895,8
13.0576200485,80.2576217651,62895,62908,13
13.0583600998,80.2584228516,62908,62918,10
13.0590000153,80.2592163086,62918,62928,10
13.0594596863,80.2600021362,62928,62938,10
13.060210228,80.2606201172,62938,62948,10
13.0607004166,80.2612228394,62948,62958,10
13.0607299805,80.2612686157,62958,62968,10
13.0609397888,80.2616577148,62968,62978,10
13.0614099503,80.2621994019,62978,62988,10
13.0620002747,80.2629089355,62988,62998,10
13.062669754,80.263710022,62998,63007,9
13.063170433,80.2642593384,63007,63019,12
13.0632801056,80.2644195557,63019,63029,10
13.0635004044,80.2648391724,63029,63039,10
13.0639200211,80.2655181885,63039,63049,10
13.0645399094,80.2662887573,63049,63059,10
13.0652399063,80.2670288086,63059,63069,10
13.0658998489,80.2676925659,63069,63079,10
13.0664901733,80.2683410645,63079,63089,10
13.0669298172,80.2685317993,63089,63099,10
13.0669403076,80.2685394287,63099,63109,10
13.0669803619,80.2685775757,63109,63119,10
13.06731987,80.2688293457,63119,63131,12
13.0679998398,80.2693099976,63131,63139,8
13.0683097839,80.26927948,63139,63151,12
13.0685100555,80.2686233521,63151,63159,8
13.0687198639,80.2680282593,63159,63169,10
13.0689897537,80.267288208,63169,63179,10
13.0695104599,80.2666778564,63179,63191,12
13.0701999664,80.2660598755,63191,63201,10
13.0704698563,80.2657165527,63201,63210,9
13.0706796646,80.2655563354,63210,63222,12
13.0712404251,80.2650222778,63222,63232,10
13.07172966,80.2644729614,63232,63242,10
13.0722303391,80.2638931274,63242,63250,8
13.0725297928,80.2632904053,63250,63262,12
13.072719574,80.2626266479,63262,63270,8
13.0728502274,80.262046814,63270,63282,12
13.0730104446,80.2616500854,63282,63292,10
13.0730895996,80.2612609863,63292,63300,8
13.0734300613,80.2613525391,63300,63312,12
13.0740299225,80.262008667,63312,63322,10
13.0745401382,80.2626113892,63322,63333,11
13.0750999451,80.2633666992,63333,63343,10
13.075630188,80.2640991211,63343,63353,10
13.0762901306,80.2642211914,63353,63363,10
13.0769796371,80.2641372681,63363,63373,10
13.077580452,80.2638473511,63373,63383,10
13.0780801773,80.2633895874,63383,63393,10
13.0778799057,80.2627105713,63393,63403,10
13.0776100159,80.2618484497,63403,63413,10
13.0772695541,80.2609405518,63413,63434,21
13.0772695541,80.2609405518,63434,63444,10
13.0772399902,80.2607574463,63444,63454,10
13.0768995285,80.2603683472,63454,63464,10
13.0763196945,80.2598495483,63464,63474,10
13.0757303238,80.2592468262,63474,63484,10
13.0754404068,80.2583389282,63484,63545,61
13.0754404068,80.2583389282,63545,63555,10
13.0754098892,80.2579879761,63555,63565,10
13.0758600235,80.2577362061,63565,63575,10
13.0763101578,80.2574005127,63575,63585,10
13.0768299103,80.2569885254,63585,63595,10
13.0775699615,80.2566986084,63595,63605,10
13.0785398483,80.2566299438,63605,63615,10
13.079079628,80.2562866211,63615,63625,10
13.0789899826,80.255531311,63625,63635,10
13.078909874,80.2547531128,63635,63676,41
13.078909874,80.2547531128,63676,63686,10
13.0790195465,80.2546463013,63686,63696,10
13.0794696808,80.2545700073,63696,63706,10
13.0797796249,80.2546081543,63706,63716,10
13.0799102783,80.2546463013,63716,63726,10
13.0803003311,80.254737854,63726,63736,10
13.0805597305,80.2548217773,63736,63747,11
13.0811100006,80.2548904419,63747,63757,10
13.0816202164,80.2547836304,63757,63767,10
13.0818300247,80.2542037964,63767,63777,10
13.0819196701,80.253616333,63777,63787,10
13.0818395615,80.2530212402,63787,63797,10
13.0814504623,80.2524108887,63797,63807,10
13.0813999176,80.2515563965,63807,63817,10
13.0813798904,80.2510604858,63817,63827,10
13.0813503265,80.250617981,63827,63837,10
13.081319809,80.2501296997,63837,63847,10
13.0815200806,80.249671936,63847,63858,11
13.0822601318,80.2497711182,63858,63868,10
13.0830802917,80.2499084473,63868,63878,10
13.0839099884,80.2500686646,63878,63888,10
13.0845899582,80.2501831055,63888,63898,10
13.0846395493,80.2501831055,63898,63908,10
13.0849895477,80.25025177,63908,63918,10
13.0855703354,80.2503433228,63918,63928,10
13.0858898163,80.2502365112,63928,63936,8
13.0858802795,80.2498092651,63936,63948,12
13.0858402252,80.248840332,63948,63959,11
13.0858201981,80.2478103638,63959,63969,10
13.0857696533,80.2469482422,63969,63979,10
13.0857496262,80.2467498779,63979,63989,10
13.085729599,80.2465515137,63989,63999,10
13.0856895447,80.2459869385,63999,64009,10
13.085650444,80.24559021,64009,64019,10
13.0856599808,80.24559021,64019,64029,10
13.085650444,80.2454605103,64029,64039,10
13.085849762,80.2451171875,64039,64049,10
13.0863304138,80.2447128296,64049,64059,10
13.086930275,80.2442321777,64059,64070,11
13.0874996185,80.2436981201,64070,64080,10
13.0878400803,80.243057251,64080,64090,10
13.0879898071,80.2423400879,64090,64100,10
13.0886001587,80.2417907715,64100,64110,10
13.0892496109,80.2413406372,64110,64120,10
13.0898895264,80.2409667969,64120,64131,11
13.0908603668,80.2408599854,64131,64140,9
13.091750145,80.2408981323,64140,64151,11
13.0925397873,80.2409362793,64151,64161,10
13.0932397842,80.241027832,64161,64172,11
13.0941400528,80.2411727905,64172,64182,10
13.0942602158,80.2412109375,64182,64192,10
13.0943098068,80.2412261963,64192,64202,10
13.0947399139,80.2413330078,64202,64212,10
13.0955095291,80.2415313721,64212,64222,10
13.096159935,80.2417526245,64222,64230,8
13.0967597961,80.2419662476,64230,64242,12
13.0977096558,80.2422332764,64242,64252,10
13.0981302261,80.2423324585,64252,64262,10
13.0985898972,80.2423171997,64262,64283,21
13.0985898972,80.2423171997,64283,64293,10
13.0986795425,80.2422866821,64293,64301,8
13.0987596512,80.2420883179,64301,64313,12
13.0984897614,80.2422180176,64313,65080,767
13.0984897614,80.2422180176,65080,65090,10
13.0981998444,80.2423477173,65090,65100,10
13.0974798203,80.2422180176,65100,65294,194
13.0974798203,80.2422180176,65294,65304,10
13.0970897675,80.2420501709,65304,65314,10
13.096540451,80.2418899536,65314,65324,10
13.0958404541,80.2416381836,65324,65335,11
13.0953998566,80.2414932251,65335,65345,10
13.0950803757,80.2414016724,65345,65355,10
13.0946397781,80.2412872314,65355,65365,10
13.09416008,80.2411880493,65365,65375,10
13.0936098099,80.2411117554,65375,65385,10
13.0935602188,80.2410888672,65385,65395,10
13.0931301117,80.2409973145,65395,65405,10
13.0926198959,80.2409591675,65405,65415,10
13.0921497345,80.2409210205,65415,65425,10
13.0913095474,80.2408905029,65425,65436,11
13.0902004242,80.2408676147,65436,65446,10
13.0893697739,80.2412414551,65446,65456,10
13.0885400772,80.2418518066,65456,65466,10
13.0879297256,80.2425994873,65466,65476,10
13.0878200531,80.2432174683,65476,65486,10
13.0876598358,80.243560791,65486,65496,10
13.0871095657,80.2440795898,65496,65506,10
13.0865001678,80.2446365356,65506,65516,10
13.0859203339,80.2450790405,65516,65526,10
13.0857200623,80.2451934814,65526,65537,11
13.085650444,80.2454833984,65537,65547,10
13.0856599808,80.2458190918,65547,65557,10
13.0857095718,80.2464370728,65557,65567,10
13.0857400894,80.2468032837,65567,65577,10
13.0857601166,80.2470932007,65577,65587,10
13.0858001709,80.2477874756,65587,65597,10
13.0858402252,80.2486877441,65597,65607,10
13.0858697891,80.2496414185,65607,65617,10
13.0859003067,80.2504119873,65617,65627,10
13.0858097076,80.2509689331,65627,65637,10
13.0857496262,80.2513427734,65637,65648,11
13.0856895447,80.2518005371,65648,65658,10
13.0856599808,80.2521820068,65658,65668,10
13.0856304169,80.2526397705,65668,65678,10
13.085650444,80.2529296875,65678,65688,10
13.0855998993,80.2533111572,65688,65698,10
13.0855903625,80.2537612915,65698,65708,10
13.0856399536,80.2542037964,65708,65718,10
13.085650444,80.2546310425,65718,65738,20
13.085650444,80.2546310425,65738,65749,11
13.0852499008,80.2547225952,65749,65759,10
13.0848197937,80.254699707,65759,65769,10
13.0843200684,80.2546386719,65769,65779,10
13.0839395523,80.2546234131,65779,65789,10
13.0839300156,80.2546081543,65789,65799,10
13.0837898254,80.2545623779,65799,65809,10
13.083319664,80.2545394897,65809,65819,10
13.0826101303,80.2545166016,65819,65829,10
13.082159996,80.2544708252,65829,65839,10
13.0816402435,80.2547302246,65839,65848,9
13.0812101364,80.2548294067,65848,65860,12
13.0808401108,80.2548217773,65860,65870,10
13.0807104111,80.2547836304,65870,65880,10
13.0802898407,80.2547073364,65880,65890,10
13.0795001984,80.2546386719,65890,65900,10
13.079000473,80.2547912598,65900,65910,10
13.079000473,80.2553787231,65910,65920,10
13.0790901184,80.2562484741,65920,65930,10
13.0791101456,80.2566223145,65930,65940,10
13.078669548,80.2567367554,65940,65950,10
13.0780696869,80.2567062378,65950,65961,11
13.0773000717,80.2568206787,65961,65971,10
13.0767002106,80.2571334839,65971,65981,10
13.0761003494,80.2576904297,65981,65991,10
13.0755500793,80.2582015991,65991,66001,10
13.0754699707,80.2584381104,66001,66011,10
13.0755796432,80.2588806152,66011,66021,10
13.0759296417,80.2595825195,66021,66031,10
13.0765800476,80.2601699829,66031,66041,10
13.0770702362,80.2606735229,66041,66053,12
13.0774497986,80.261390686,66053,66064,11
13.0776596069,80.2619628906,66064,66074,10
13.077750206,80.2621765137,66074,66114,40
13.077750206,80.2621765137,66114,66124,10
13.0778198242,80.2625427246,66124,66134,10
13.0778503418,80.2627105713,66134,66144,10
13.0779104233,80.2629165649,66144,66154,10
13.0781402588,80.2633285522,66154,66164,10
13.078040123,80.2635879517,66164,66175,11
13.0774698257,80.2639694214,66175,66185,10
13.0769100189,80.2641601563,66185,66195,10
13.0767402649,80.2641677856,66195,66205,10
13.0762796402,80.264251709,66205,66215,10
13.0757598877,80.2643127441,66215,66225,10
13.0754899979,80.2640228271,66225,66235,10
13.0750799179,80.2634429932,66235,66245,10
13.0747003555,80.2629165649,66245,66255,10
13.0743103027,80.2624588013,66255,66265,10
13.0738601685,80.2618865967,66265,66276,11
13.0736999512,80.261680603,66276,66286,10
13.0735702515,80.2615203857,66286,66296,10
13.073220253,80.2613677979,66296,66306,10
13.0729799271,80.261756897,66306,66316,10
13.072810173,80.26222229,66316,66326,10
13.072640419,80.2627792358,66326,66336,10
13.0724601746,80.2632369995,66336,66346,10
13.0721502304,80.2638397217,66346,66356,10
13.0714597702,80.2647171021,66356,66377,21
13.0714597702,80.2647171021,66377,66387,10
13.0711803436,80.2649536133,66387,66397,10
13.0707302094,80.2653884888,66397,66407,10
13.0701503754,80.2660369873,66407,66417,10
13.069560051,80.2666931152,66417,66427,10
13.0689601898,80.2673034668,66427,66437,10
13.0686502457,80.2680892944,66437,66447,10
13.0684404373,80.2687988281,66447,66457,10
13.06828022,80.2694168091,66457,66467,10
13.0682401657,80.2697296143,66467,66477,10
13.0681495667,80.2701797485,66477,66488,11
13.0680999756,80.2707290649,66488,66498,10
13.0679502487,80.2710418701,66498,66506,8
13.0661897659,80.2683563232,66506,66576,70
13.0653896332,80.2677307129,66576,66607,31
13.0653896332,80.2677307129,66607,66617,10
13.0652503967,80.2677230835,66617,66627,10
13.0649299622,80.2676391602,66627,66637,10
13.0644197464,80.267539978,66637,66647,10
13.0638599396,80.2674179077,66647,66657,10
13.063249588,80.2673034668,66657,66667,10
13.0626802444,80.2671279907,66667,66677,10
13.0622501373,80.2666015625,66677,66687,10
13.0618095398,80.2660598755,66687,66698,11
13.0613098145,80.2654571533,66698,66708,10
13.060379982,80.2655487061,66708,66738,30
13.060379982,80.2655487061,66738,66748,10
13.0600204468,80.2656173706,66748,66758,10
13.0595798492,80.2656326294,66758,66768,10
13.0592803955,80.2655563354,66768,66778,10
13.0589895248,80.2654724121,66778,66788,10
13.0585699081,80.265411377,66788,66809,21
13.0585699081,80.265411377,66809,66819,10
13.0584697723,80.2654266357,66819,66829,10
13.0581598282,80.2652664185,66829,66839,10
13.0580301285,80.2649002075,66839,66849,10
13.057970047,80.2643890381,66849,66859,10
13.0579004288,80.2637481689,66859,66869,10
13.057849884,80.2629470825,66869,66879,10
13.0577297211,80.2622528076,66879,66888,9
13.0575704575,80.2615432739,66888,66900,12
13.0573701859,80.2606506348,66900,66910,10
13.0571298599,80.2598266602,66910,66920,10
13.0568799973,80.2590789795,66920,66930,10
13.0566596985,80.2583084106,66930,66940,10
13.0564899445,80.2574615479,66940,66960,20
13.0564899445,80.2574615479,66960,66970,10
13.0564002991,80.2571105957,66970,66980,10
13.0562696457,80.2565612793,66980,66990,10
13.0559196472,80.2559890747,66990,67000,10
13.0554599762,80.2553482056,67000,67011,11
13.0549297333,80.2545928955,67011,67021,10
13.0541200638,80.253578186,67021,67041,20
13.0541200638,80.253578186,67041,67051,10
13.0540304184,80.2534332275,67051,67061,10
13.0538396835,80.2531509399,67061,67071,10
13.0535402298,80.2527084351,67071,67081,10
13.0532197952,80.252281189,67081,67091,10
13.0529403687,80.2519226074,67091,67101,10
13.0527296066,80.2516021729,67101,67112,11
13.052479744,80.2512893677,67112,67122,10
13.0521602631,80.250869751,67122,67132,10
13.0516901016,80.2504425049,67132,67142,10
13.0509996414,80.2501220703,67142,67152,10
13.0500898361,80.2499084473,67152,67162,10
13.0492696762,80.2498321533,67162,67172,10
13.0486698151,80.24974823,67172,67182,10
13.0482501984,80.2495498657,67182,67192,10
13.047750473,80.2491226196,67192,67202,10
13.0468797684,80.2486572266,67202,67223,21
13.0468797684,80.2486572266,67223,67233,10
13.0465698242,80.2485961914,67233,67243,10
13.045999527,80.2484817505,67243,67253,10
13.0454101563,80.2482910156,67253,67263,10
13.0447797775,80.2481613159,67263,67273,10
13.0440702438,80.248046875,67273,67283,10
13.0433797836,80.2478713989,67283,67293,10
13.042719841,80.2477874756,67293,67303,10
13.0421199799,80.2476425171,67303,67313,10
13.0416297913,80.2475509644,67313,67324,11
13.0414495468,80.2474975586,67324,67334,10
13.0411100388,80.2474136353,67334,67344,10
13.0405302048,80.2473220825,67344,67354,10
13.0398597717,80.2472000122,67354,67364,10
13.0392303467,80.2470397949,67364,67374,10
13.0386104584,80.2468566895,67374,67384,10
13.0381698608,80.2467575073,67384,67394,10
13.037610054,80.246673584,67394,67404,10
13.0369796753,80.2465667725,67404,67414,10
13.0365600586,80.2464904785,67414,67425,11
13.0360002518,80.2463531494,67425,67435,10
13.0353899002,80.2461013794,67435,67445,10
13.0352401733,80.2460708618,67445,67455,10
13.035200119,80.2460174561,67455,67465,10
13.0348901749,80.2458114624,67465,67475,10
13.0345802307,80.2453613281,67475,67485,10
13.0340795517,80.2448120117,67485,67495,10
13.0336198807,80.2442016602,67495,67505,10
13.0330696106,80.2434997559,67505,67515,10
13.0325803757,80.2428817749,67515,67526,11
13.0320701599,80.2421569824,67526,67536,10
13.0318098068,80.2416305542,67536,67546,10
13.0317802429,80.241569519,67546,67556,10
13.03166008,80.2413330078,67556,67566,10
13.0314702988,80.2408294678,67566,67576,10
13.0312595367,80.2403182983,67576,67586,10
13.0309896469,80.2397994995,67586,67596,10
13.0306396484,80.2391586304,67596,67606,10
13.0302200317,80.2384414673,67606,67615,9
13.0298204422,80.2377090454,67615,67626,11
13.0292396545,80.2369766235,67626,67637,11
13.0291404724,80.2368774414,67637,67647,10
13.0289201736,80.2366409302,67647,67657,10
13.0285196304,80.2361984253,67657,67667,10
13.0280704498,80.2356872559,67667,67677,10
13.0277004242,80.2351303101,67677,67687,10
13.0273303986,80.2344818115,67687,67697,10
13.0269203186,80.2338104248,67697,67707,10
13.0266199112,80.2333374023,67707,67717,10
13.0265703201,80.233253479,67717,67727,10
13.0263996124,80.2329025269,67727,67738,11
13.0261898041,80.2323226929,67738,67748,10
13.0260896683,80.231880188,67748,67758,10
13.0259799957,80.2313766479,67758,67768,10
13.0257902145,80.2307128906,67768,67776,8
13.0255002975,80.23021698,67776,67788,12
13.0250501633,80.229637146,67788,67798,10
13.0248603821,80.2294082642,67798,67808,10
13.0248003006,80.2293624878,67808,67818,10
13.0246295929,80.229133606,67818,67828,10
13.0243501663,80.2287521362,67828,67839,11
13.0241203308,80.2284622192,67839,67849,10
13.0241098404,80.2284622192,67849,67859,10
13.0240802765,80.2284317017,67859,67869,10
13.0238800049,80.2281570435,67869,67879,10
13.023639679,80.227897644,67879,67889,10
13.0232801437,80.2275619507,67889,67899,10
13.0228099823,80.2271270752,67899,67909,10
13.0223503113,80.2266616821,67909,67919,10
13.0218496323,80.2262268066,67919,67929,10
13.0214700699,80.2259292603,67929,67940,11
13.0209197998,80.2254714966,67940,67950,10
13.0203304291,80.2250900269,67950,67960,10
13.0197200775,80.2246704102,67960,67970,10
13.0188999176,80.2245025635,67970,67980,10
13.0180997849,80.2247924805,67980,67990,10
13.017370224,80.2250976563,67990,68000,10
13.016699791,80.2253799438,68000,68010,10
13.0162096024,80.2255935669,68010,68020,10
13.0156602859,80.2257614136,68020,68030,10
13.0151195526,80.2260131836,68030,68040,10
13.0147800446,80.2261581421,68040,68051,11
13.0142602921,80.22631073,68051,68071,20
13.0142602921,80.22631073,68071,68081,10
13.0138998032,80.2264175415,68081,68091,10
13.0133695602,80.2266387939,68091,68101,10
13.0127296448,80.226890564,68101,68111,10
13.0119895935,80.227180481,68111,68121,10
13.0111999512,80.2275009155,68121,68131,10
13.0103902817,80.2278289795,68131,68141,10
13.0096797943,80.2281112671,68141,68152,11
13.0091199875,80.2286376953,68152,68162,10
13.0089902878,80.2294006348,68162,68172,10
13.0088396072,80.2302398682,68172,68182,10
13.0086803436,80.231048584,68182,68192,10
13.0085096359,80.231842041,68192,68202,10
13.0083599091,80.2326812744,68202,68212,10
13.0082302094,80.2336502075,68212,68232,20
13.0082302094,80.2336502075,68232,68242,10
13.0081300735,80.2339401245,68242,68253,11
13.0080003738,80.2345123291,68253,68263,10
13.0078697205,80.2351837158,68263,68273,10
13.0077199936,80.2359313965,68273,68283,10
13.0075597763,80.2367401123,68283,68293,10
13.007399559,80.2375793457,68293,68303,10
13.0072803497,80.2381668091,68303,68313,10
13.0071601868,80.2387619019,68313,68323,10
13.0070400238,80.2393493652,68323,68333,10
13.0069599152,80.2398529053,68333,68343,10
13.0069198608,80.2400817871,68343,68353,10
13.0068902969,80.2403030396,68353,68364,11
13.0068101883,80.2407302856,68364,68374,10
13.0068101883,80.2407684326,68374,68384,10
13.0067596436,80.2409286499,68384,68394,10
13.0067195892,80.2414093018,68394,68404,10
13.0066900253,80.2420883179,68404,68414,10
13.0066795349,80.2428207397,68414,68424,10
13.0066604614,80.2435073853,68424,68434,10
13.0066699982,80.2443389893,68434,68444,10
13.0066699982,80.2451171875,68444,68454,10
13.0066900253,80.2458267212,68454,68465,11
13.0067195892,80.2466430664,68465,68475,10
13.0067396164,80.2473983765,68475,68485,10
13.0067100525,80.2481536865,68485,68495,10
13.0067300797,80.2489471436,68495,68505,10
13.006770134,80.249786377,68505,68515,10
13.0067996979,80.2505493164,68515,68525,10
13.006819725,80.2512893677,68525,68535,10
13.0067100525,80.2518768311,68535,68545,10
13.0065698624,80.2525634766,68545,68555,10
13.0065603256,80.2533111572,68555,68566,11
13.0065603256,80.25415802,68566,68576,10
13.0066099167,80.2547607422,68576,68586,10
13.0066099167,80.2548904419,68586,68596,10
13.0066003799,80.2550811768,68596,68606,10
13.0066003799,80.2556686401,68606,68616,10
13.0066003799,80.2563323975,68616,68626,10
13.0066299438,80.257232666,68626,68808,182
13.0066299438,80.257232666,68808,68818,10
13.0066299438,80.2575302124,68818,68828,10
13.006360054,80.2576370239,68828,68838,10
13.0060596466,80.25756073,68838,68848,10
13.0056600571,80.2574691772,68848,68858,10
13.0050897598,80.2573394775,68858,68868,10
13.0043697357,80.2571334839,68868,68877,9
13.0037498474,80.2570037842,68877,68889,12
13.0030002594,80.2568511963,68889,68899,10
13.0024299622,80.2567520142,68899,68909,10
13.0018396378,80.2566680908,68909,68919,10
13.0014200211,80.2566223145,68919,68969,50
13.0014200211,80.2566223145,68969,68979,10
13.0013399124,80.2566223145,68979,68990,11
13.0009498596,80.2565536499,68990,69000,10
13.0003204346,80.2564468384,69000,69010,10
12.9996299744,80.2563018799,69010,69020,10
12.9989299774,80.2561264038,69020,69030,10
12.9983100891,80.2560577393,69030,69050,20
12.9983100891,80.2560577393,69050,69060,10
12.9980602264,80.2559890747,69060,69070,10
12.9977798462,80.2559585571,69070,69080,10
12.9971904755,80.2559509277,69080,69161,81
12.9971904755,80.2559509277,69161,69171,10
12.9967699051,80.2559204102,69171,69181,10
12.9963102341,80.2559204102,69181,69191,10
12.9956903458,80.2559280396,69191,69202,11
12.9952001572,80.255897522,69202,69212,10
12.9945402145,80.2559509277,69212,69222,10
12.9938602448,80.2559890747,69222,69232,10
12.9930400848,80.2560272217,69232,69242,10
12.9921598434,80.2560577393,69242,69252,10
12.9913101196,80.2560501099,69252,69262,10
12.9905500412,80.2560119629,69262,69272,10
12.9898099899,80.2560195923,69272,69282,10
12.9893102646,80.2560119629,69282,69323,41
12.9893102646,80.2560119629,69323,69333,10
12.9890499115,80.2559967041,69333,69444,111
12.9890499115,80.2559967041,69444,69454,10
12.9887199402,80.2559585571,69454,69464,10
12.9885902405,80.2559814453,69464,69474,10
12.9883203506,80.2559509277,69474,69484,10
12.9880399704,80.255897522,69484,69494,10
12.987739563,80.2558898926,69494,69504,10
12.9875802994,80.2563400269,69504,69515,11
12.9875001907,80.2569580078,69515,69525,10
12.987449646,80.257598877,69525,69535,10
12.9874000549,80.2582778931,69535,69545,10
12.9873800278,80.2587127686,69545,69555,10
12.9873504639,80.2591171265,69555,69565,10
12.987279892,80.2594223022,69565,69575,10
12.9872303009,80.2595825195,69575,69626,51
12.9872303009,80.2595825195,69626,69636,10
12.9870195389,80.2596130371,69636,69646,10
12.9867801666,80.2595596313,69646,69656,10
12.9865999222,80.2593612671,69656,69666,10
12.9866399765,80.2591094971,69666,70332,666
12.9866399765,80.2591094971,70332,70342,10
12.9868297577,80.2591629028,70342,70353,11
12.9870700836,80.2591781616,70353,70393,40
12.9870700836,80.2591781616,70393,70403,10
12.9872398376,80.2592010498,70403,70413,10
12.9873199463,80.2588424683,70413,70423,10
12.9873600006,80.2583694458,70423,70454,31
12.9873600006,80.2583694458,70454,70464,10
12.9874000549,80.2580566406,70464,70474,10
12.9874095917,80.2579193115,70474,70484,10
12.9874095917,80.2576828003,70484,70736,252
12.9874095917,80.2576828003,70736,70746,10
12.9874601364,80.2574615479,70746,70756,10
12.9874601364,80.2572631836,70756,70766,10
12.9874601364,80.2570037842,70766,70777,11
12.9875202179,80.2566375732,70777,70787,10
12.9875202179,80.2564163208,70787,70797,10
12.9875202179,80.2561416626,70797,70807,10
12.9875802994,80.2558364868,70807,70817,10
12.987859726,80.2558288574,70817,70837,20
12.987859726,80.2558288574,70837,70847,10
12.9880800247,80.255897522,70847,70857,10
12.9884004593,80.2559280396,70857,70867,10
12.9884796143,80.2559432983,70867,70878,11
12.9886798859,80.2559814453,70878,70888,10
12.989109993,80.2560195923,70888,70898,10
12.9893302917,80.2560424805,70898,70908,10
12.9898996353,80.2560806274,70908,70918,10
12.9904899597,80.256072998,70918,70928,10
12.9908399582,80.2561035156,70928,70938,10
12.991350174,80.256111145,70938,70948,10
12.9917497635,80.2561187744,70948,70958,10
12.9925098419,80.2561187744,70958,70968,10
12.9933099747,80.2560882568,70968,70978,10
12.9941101074,80.2560424805,70978,70989,11
12.9953203201,80.2559585571,70989,71059,70
12.9953203201,80.2559585571,71059,71069,10
12.9955396652,80.2559967041,71069,71079,10
12.9960002899,80.2559814453,71079,71090,11
12.996629715,80.2559585571,71090,71100,10
12.9970903397,80.2559585571,71100,71110,10
12.9976196289,80.2559814453,71110,71120,10
12.9980096817,80.2560119629,71120,71130,10
12.9983196259,80.2560424805,71130,71140,10
12.9989004135,80.2561187744,71140,71201,61
12.9989004135,80.2561187744,71201,71211,10
12.9992599487,80.2562179565,71211,71221,10
12.9997501373,80.2563018799,71221,71231,10
13.0003299713,80.2564086914,71231,71241,10
13.0010099411,80.2565231323,71241,71251,10
13.0016803741,80.2566375732,71251,71261,10
13.0023698807,80.2567520142,71261,71271,10
13.0030698776,80.2568817139,71271,71281,10
13.0037202835,80.2569885254,71281,71291,10
13.0042600632,80.2570877075,71291,71302,11
13.0048303604,80.2572021484,71302,71312,10
13.0054798126,80.2573471069,71312,71322,10
13.0058603287,80.2574462891,71322,71391,69
13.0058603287,80.2574462891,71391,71403,12
13.0064001083,80.257522583,71403,71413,10
13.0065202713,80.2570571899,71413,71423,10
13.006480217,80.2563095093,71423,71433,10
13.006480217,80.2555618286,71433,71443,10
13.0064897537,80.2548522949,71443,71453,10
13.006480217,80.2543716431,71453,71463,10
13.0065002441,80.2541122437,71463,71473,10
13.0065002441,80.2537231445,71473,71483,10
13.0065002441,80.2532806396,71483,71493,10
13.0065002441,80.2532730103,71493,71503,10
13.0064897537,80.2526092529,71503,71534,31
13.0064897537,80.2526092529,71534,71544,10
13.006529808,80.2525177002,71544,71554,10
13.0065898895,80.2520980835,71554,71564,10
13.0067100525,80.251411438,71564,71574,10
13.0067501068,80.2505874634,71574,71584,10
13.0067396164,80.24974823,71584,71594,10
13.0066900253,80.2490997314,71594,71604,10
13.0066404343,80.2484436035,71604,71615,11
13.0066204071,80.2476119995,71615,71685,70
13.0066204071,80.2476119995,71685,71695,10
13.0066003799,80.247543335,71695,71705,10
13.0066204071,80.2471923828,71705,71716,11
13.0065498352,80.2467193604,71716,71726,10
13.0065402985,80.2466125488,71726,71736,10
13.0066299438,80.2462081909,71736,71746,10
13.0066404343,80.2453765869,71746,71756,10
13.0066404343,80.2444992065,71756,71766,10
13.0066299438,80.2437362671,71766,71776,10
13.0065898895,80.2428207397,71776,71786,10
13.0065402985,80.2418212891,71786,71796,10
13.0066699982,80.2405776978,71796,71837,41
13.0066699982,80.2405776978,71837,71847,10
13.0066795349,80.2403335571,71847,71857,10
13.0067195892,80.240196228,71857,71867,10
13.0068302155,80.239616394,71867,71877,10
13.0070199966,80.2387619019,71877,71887,10
13.0072002411,80.2378311157,71887,71897,10
13.007349968,80.2369918823,71897,71907,10
13.007399559,80.2367630005,71907,71917,10
13.0074701309,80.2365722656,71917,71928,11
13.007610321,80.2359313965,71928,71938,10
13.0077495575,80.2351989746,71938,71948,10
13.0079298019,80.2343597412,71948,71958,10
13.0081300735,80.2333221436,71958,71968,10
13.0083398819,80.2322463989,71968,71978,10
13.0085401535,80.2311096191,71978,71988,10
13.0087900162,80.2299194336,71988,71998,10
13.0090103149,80.2287521362,71998,72008,10
13.0093202591,80.2277908325,72008,72017,9
13.0096998215,80.2269592285,72017,72029,12
13.0101699829,80.2259979248,72029,72039,10
13.0104503632,80.225479126,72039,72049,10
13.0104999542,80.2253875732,72049,72059,10
13.01060009,80.2252120972,72059,72069,10
13.0107698441,80.2247619629,72069,72079,10
13.0110797882,80.2240219116,72079,72089,10
13.0112199783,80.2235412598,72089,72109,20
13.0112199783,80.2235412598,72109,72119,10
13.0114002228,80.2231216431,72119,72129,10
13.0116300583,80.2224884033,72129,72140,11
13.0119895935,80.2216186523,72140,72150,10
13.0123500824,80.2217025757,72150,72160,10
13.0128097534,80.2222976685,72160,72170,10
13.0134401321,80.2229766846,72170,72180,10
13.0141296387,80.2238235474,72180,72190,10
13.014840126,80.2245483398,72190,72200,10
13.0153598785,80.2249984741,72200,72210,10
13.015709877,80.225227356,72210,72220,10
13.0158004761,80.2252807617,72220,72229,9
13.0162496567,80.2253799438,72229,72241,12
13.0172595978,80.2250366211,72241,72251,10
13.0183000565,80.2246170044,72251,72261,10
13.0192604065,80.224357605,72261,72281,20
13.0192604065,80.224357605,72281,72291,10
13.019490242,80.2244873047,72291,72301,10
13.0200195313,80.2248687744,72301,72311,10
13.0207395554,80.2253799438,72311,72321,10
13.0216197968,80.2260513306,72321,72331,10
13.0223999023,80.2267074585,72331,72342,11
13.0232801437,80.2274627686,72342,72352,10
13.0240001678,80.2281723022,72352,72362,10
13.0245399475,80.2288894653,72362,72372,10
13.024600029,80.2289810181,72372,72382,10
13.0246601105,80.2290725708,72382,72392,10
13.0249700546,80.2294921875,72392,72402,10
13.0254602432,80.2301635742,72402,72412,10
13.0258197784,80.2308807373,72412,72422,10
13.0259399414,80.2312469482,72422,72432,10
13.0259599686,80.2313766479,72432,72441,9
13.0260601044,80.2317886353,72441,72453,12
13.0263395309,80.2327194214,72453,72463,10
13.02684021,80.2336120605,72463,72473,10
13.0274095535,80.2345581055,72473,72483,10
13.0280399323,80.2356109619,72483,72493,10
13.0288696289,80.236541748,72493,72503,10
13.0295095444,80.2371826172,72503,72513,10
13.0297298431,80.2375106812,72513,72523,10
13.0300703049,80.2381286621,72523,72533,10
13.0305099487,80.238861084,72533,72543,10
13.0308303833,80.2393875122,72543,72554,11
13.0309801102,80.2396392822,72554,72594,40
13.0309801102,80.2396392822,72594,72604,10
13.0310001373,80.2397003174,72604,72614,10
13.0311203003,80.2399368286,72614,72624,10
13.0313396454,80.2404098511,72624,72634,10
13.0314302444,80.2409667969,72634,72644,10
13.0317296982,80.2415771484,72644,72654,10
13.0321102142,80.2422485352,72654,72665,11
13.0327196121,80.2430114746,72665,72675,10
13.0333404541,80.2438201904,72675,72685,10
13.0339698792,80.2446899414,72685,72695,10
13.0345697403,80.2454605103,72695,72705,10
13.0352201462,80.2460479736,72705,72715,10
13.0357103348,80.2462005615,72715,72725,10
13.0358400345,80.2462768555,72725,72735,10
13.0363998413,80.246421814,72735,72745,10
13.0371799469,80.2465591431,72745,72755,10
13.0376796722,80.2464981079,72755,72766,11
13.0381803513,80.2466506958,72766,72776,10
13.038599968,80.2468109131,72776,72786,10
13.0390701294,80.2469177246,72786,72867,81
13.0390701294,80.2469177246,72867,72877,10
13.0395202637,80.2470016479,72877,72887,10
13.0402297974,80.2471313477,72887,72897,10
13.040769577,80.2472305298,72897,72907,10
13.0408601761,80.2472610474,72907,72917,10
13.0413398743,80.2473602295,72917,72927,10
13.0420799255,80.2475204468,72927,72937,10
13.042840004,80.2478179932,72937,72947,10
13.0435695648,80.2479705811,72947,72957,10
13.0441598892,80.2479095459,72957,72967,10
13.0448102951,80.2480163574,72967,72978,11
13.0453195572,80.2482833862,72978,72988,10
13.0458498001,80.2485275269,72988,72998,10
13.0464601517,80.2485275269,72998,73008,10
13.0468997955,80.2484512329,73008,73018,10
13.0470399857,80.2484893799,73018,73028,10
13.0474596024,80.2488174438,73028,73038,10
13.04804039,80.2493896484,73038,73048,10
13.0487003326,80.2497406006,73048,73058,10
13.0493001938,80.249786377,73058,73068,10
13.0501403809,80.2499389648,73068,73079,11
13.0510597229,80.2501373291,73079,73089,10
13.0517501831,80.2504882813,73089,73099,10
13.0523395538,80.2511367798,73099,73109,10
13.0529603958,80.2519683838,73109,73119,10
13.0535697937,80.2527770996,73119,73129,10
13.0541496277,80.253578186,73129,73139,10
13.054690361,80.2543106079,73139,73149,10
13.0551996231,80.254989624,73149,73159,10
13.0557603836,80.2557525635,73159,73169,10
13.0562896729,80.256439209,73169,73180,11
13.0567598343,80.2568817139,73180,73190,10
13.0568199158,80.2569580078,73190,73200,10
13.0571804047,80.25730896,73200,73210,10
13.0577201843,80.2578125,73210,73220,10
13.058259964,80.2584762573,73220,73230,10
13.0588502884,80.2591629028,73230,73240,10
13.0593004227,80.2599411011,73240,73250,10
13.0599498749,80.2604827881,73250,73260,10
13.060500145,80.261100769,73260,73270,10
13.0607204437,80.2613830566,73270,73280,10
13.0608501434,80.2615585327,73280,73291,11
13.0612802505,80.2621078491,73291,73301,10
13.0616998672,80.2626037598,73301,73311,10
13.0620298386,80.2629776001,73311,73321,10
13.0624799728,80.2635192871,73321,73331,10
13.0629701614,80.2641067505,73331,73341,10
13.0631103516,80.2642822266,73341,73351,10
13.0633201599,80.2646484375,73351,73361,10
13.0636901855,80.2652511597,73361,73371,10
13.064160347,80.26587677,73371,73381,10
13.0646400452,80.2665023804,73381,73392,11
13.0650901794,80.2669906616,73392,73402,10
13.0656299591,80.2674407959,73402,73412,10
13.0660896301,80.2680511475,73412,73422,10
13.0669603348,80.2686004639,73422,73472,50
13.0669603348,80.2686004639,73472,73482,10
13.0670404434,80.2686386108,73482,73493,11
13.0675001144,80.2689819336,73493,73503,10
13.0680198669,80.269317627,73503,73513,10
13.06828022,80.2692337036,73513,73522,9
13.0683803558,80.2688598633,73522,73533,11
13.0685997009,80.2681503296,73533,73543,10
13.0688199997,80.2674636841,73543,73553,10
13.0692996979,80.2668685913,73553,73563,10
13.069849968,80.2663497925,73563,73573,10
13.0702600479,80.2659225464,73573,73582,9
13.0703697205,80.2658462524,73582,73593,11
13.0707302094,80.2654876709,73593,73604,11
13.0711097717,80.2650985718,73604,73614,10
13.0714702606,80.2647323608,73614,73624,10
13.0718898773,80.2642593384,73624,73634,10
13.0722799301,80.2636871338,73634,73644,10
13.0725002289,80.2630996704,73644,73654,10
13.0726900101,80.2625427246,73654,73664,10
13.0728302002,80.2620315552,73664,73674,10
13.0728797913,80.2618713379,73674,73684,10
13.0730199814,80.2614212036,73684,73694,10
13.0731601715,80.2611923218,73694,73705,11
13.073340416,80.2613067627,73705,73715,10
13.0737600327,80.261756897,73715,73725,10
13.0741701126,80.262260437,73725,73735,10
13.0745201111,80.2627029419,73735,73745,10
13.0748996735,80.2632217407,73745,73755,10
13.0752801895,80.2637634277,73755,73765,10
13.0756702423,80.2642364502,73765,73775,10
13.0761699677,80.2642364502,73775,73785,10
13.0767202377,80.2641830444,73785,73794,9
13.0770397186,80.2641372681,73794,73806,12
13.0776100159,80.2637863159,73806,73816,10
13.0780000687,80.2635192871,73816,73846,30
13.0780000687,80.2635192871,73846,73856,10
13.0779600143,80.2631530762,73856,73866,10
13.0777997971,80.2626266479,73866,73876,10
13.0776395798,80.2621002197,73876,73886,10
13.0774497986,80.2615432739,73886,73896,10
13.0772895813,80.2611083984,73896,73917,21
13.0772895813,80.2611083984,73917,73927,10
13.0771903992,80.2608413696,73927,73937,10
13.0769996643,80.2605819702,73937,73947,10
13.0769100189,80.2604980469,73947,73957,10
13.0768003464,80.2603988647,73957,73967,10
13.0764904022,80.2601013184,73967,73977,10
13.0759801865,80.2596893311,73977,73987,10
13.0755596161,80.2590332031,73987,73997,10
13.0754699707,80.2587203979,73997,74007,10
13.0754404068,80.2585830688,74007,74018,11
13.0755195618,80.2580795288,74018,74028,10
13.0759801865,80.2577514648,74028,74038,10
13.0764703751,80.2572937012,74038,74048,10
13.0768003464,80.2570266724,74048,74058,10
13.0770902634,80.2568664551,74058,74068,10
13.0776796341,80.2567214966,74068,74078,10
13.0785102844,80.2566604614,74078,74088,10
13.0789403915,80.2565917969,74088,74098,10
13.079000473,80.2564926147,74098,74108,10
13.0789899826,80.2562026978,74108,74119,11
13.0789203644,80.2555389404,74119,74129,10
13.0789003372,80.2552337646,74129,74139,10
13.0788898468,80.2551727295,74139,74149,10
13.0788698196,80.2549591064,74149,74159,10
13.0789299011,80.2546386719,74159,74199,40
13.0789299011,80.2546386719,74199,74208,9
13.0793600082,80.2545776367,74208,74270,62
13.0797395706,80.2546463013,74270,74310,40
13.0797395706,80.2546463013,74310,74320,10
13.0800600052,80.2547225952,74320,74331,11
13.0803098679,80.2547531128,74331,74341,10
13.0805902481,80.2547912598,74341,74351,10
13.0812301636,80.2548828125,74351,74361,10
13.0816202164,80.254737854,74361,74371,10
13.0817604065,80.2542495728,74371,74381,10
13.0818195343,80.253868103,74381,74391,10
13.0818595886,80.2533111572,74391,74401,10
13.0816001892,80.2526779175,74401,74411,10
13.0813703537,80.2520904541,74411,74421,10
13.0813398361,80.2516403198,74421,74432,11
13.0813302994,80.2511291504,74432,74442,10
13.0813102722,80.2506866455,74442,74452,10
13.0812702179,80.2501678467,74452,74462,10
13.0813703537,80.2496871948,74462,74472,10
13.0818004608,80.2497024536,74472,74482,10
13.082400322,80.2497787476,74482,74492,10
13.0829801559,80.2498703003,74492,74502,10
13.0834703445,80.2499694824,74502,74512,10
13.0837802887,80.2500305176,74512,74522,10
13.0840301514,80.2500686646,74522,74532,10
13.0844802856,80.2501296997,74532,74543,11
13.0846796036,80.2501602173,74543,74553,10
13.0849399567,80.2502212524,74553,74563,10
13.0853595734,80.250289917,74563,74573,10
13.0855798721,80.2503509521,74573,74583,10
13.0858001709,80.2502288818,74583,74593,10
13.0857896805,80.2496414185,74593,74603,10
13.0857696533,80.2487564087,74603,74613,10
13.0857601166,80.248046875,74613,74623,10
13.0857095718,80.2471923828,74623,74633,10
13.0856704712,80.2467422485,74633,74644,11
13.0856599808,80.2463607788,74644,74654,10
13.0855998993,80.2457122803,74654,74664,10
13.085559845,80.2454299927,74664,74704,40
13.085559845,80.2454299927,74704,74714,10
13.0856704712,80.2451629639,74714,74724,10
13.0861301422,80.2448120117,74724,74734,10
13.086810112,80.2442626953,74734,74745,11
13.0875902176,80.2435913086,74745,74755,10
13.0878295898,80.2429199219,74755,74765,10
13.0880403519,80.2421722412,74765,74775,10
13.0884199142,80.2418365479,74775,74785,10
13.0885601044,80.2417602539,74785,74795,10
13.0889596939,80.2414932251,74795,74805,10
13.0895395279,80.2410888672,74805,74815,10
13.0899600983,80.2409133911,74815,74825,10
13.0907201767,80.240852356,74825,74835,10
13.0916795731,80.2409210205,74835,74845,10
13.0924396515,80.2409591675,74845,74856,11
13.09333992,80.2410583496,74856,74866,10
13.0940504074,80.2411804199,74866,74876,10
13.0942401886,80.2412185669,74876,74886,10
13.094499588,80.2412719727,74886,74896,10
13.0950603485,80.2413864136,74896,74906,10
13.0956296921,80.2415771484,74906,74916,10
13.0962200165,80.2418212891,74916,74926,10
13.0968799591,80.2420272827,74926,74936,10
13.0973997116,80.2421798706,74936,74946,10
13.0978403091,80.2422866821,74946,74957,11
13.0983200073,80.2423782349,74957,74967,10
13.0984897614,80.2423782349,74967,74977,10
13.0985803604,80.2423706055,74977,74987,10
13.0987195969,80.2421569824,74987,74997,10
13.0984802246,80.2422332764,74997,75290,293
13.0984802246,80.2422332764,75290,75300,10
13.0982599258,80.2423934937,75300,75310,10
13.0977802277,80.2423324585,75310,75320,10
13.0974397659,80.2422714233,75320,75330,10
13.0971603394,80.2421569824,75330,75340,10
13.0965795517,80.2419586182,75340,75350,10
13.096039772,80.2417678833,75350,75360,10
13.0956201553,80.2416000366,75360,75371,11
13.0954198837,80.2415466309,75371,75381,10
13.0953598022,80.2415237427,75381,75391,10
13.095000267,80.2414169312,75391,75401,10
13.0945796967,80.2413024902,75401,75411,10
13.0941400528,80.2412185669,75411,75421,10
13.0935697556,80.2411422729,75421,75431,10
13.0934200287,80.2411193848,75431,75441,10
13.0929298401,80.2410507202,75441,75451,10
13.0921497345,80.2409515381,75451,75461,10
13.0911598206,80.2409210205,75461,75471,10
13.0902299881,80.2409362793,75471,75482,11
13.0892400742,80.2413635254,75482,75492,10
13.0884599686,80.2418823242,75492,75502,10
13.0879096985,80.2425537109,75502,75512,10
13.0878095627,80.2431488037,75512,75522,10
13.0877199173,80.2434234619,75522,75532,10
13.0876703262,80.2435379028,75532,75542,10
13.0874700546,80.2437973022,75542,75552,10
13.0870103836,80.2441482544,75552,75562,10
13.0864400864,80.2446517944,75562,75572,10
13.085940361,80.2450180054,75572,75583,11
13.085650444,80.2453918457,75583,75593,10
13.0856599808,80.2460632324,75593,75603,10
13.0857095718,80.2465896606,75603,75613,10
13.0857095718,80.246673584,75613,75623,10
13.0857400894,80.246963501,75623,75633,10
13.0857496262,80.2476425171,75633,75643,10
13.0858097076,80.2484664917,75643,75653,10
13.0858201981,80.2493209839,75653,75663,10
13.0858602524,80.2501068115,75663,75673,10
13.0858402252,80.250541687,75673,75684,11
13.0857400894,80.2510681152,75684,75694,10
13.0856399536,80.251701355,75694,75704,10
13.0855903625,80.2521514893,75704,75714,10
13.0855398178,80.2526779175,75714,75724,10
13.0855197906,80.2530975342,75724,75734,10
13.0854902267,80.2535400391,75734,75744,10
13.0855197906,80.2540435791,75744,75754,10
13.085559845,80.2545394897,75754,75764,10
13.0853595734,80.2547607422,75764,75774,10
13.0848703384,80.254737854,75774,75784,10
13.0838804245,80.2546386719,75784,75805,21
13.0838804245,80.2546386719,75805,75815,10
13.0834598541,80.2545928955,75815,75825,10
13.0828399658,80.2545318604,75825,75835,10
13.0823097229,80.2544937134,75835,75845,10
13.0817804337,80.2546691895,75845,75855,10
13.0812902451,80.2548599243,75855,75865,10
13.0809297562,80.2549133301,75865,75875,10
13.0808000565,80.2548675537,75875,75885,10
13.0804300308,80.2548065186,75885,75896,11
13.0802297592,80.2547531128,75896,75906,10
13.0797700882,80.2546768188,75906,75916,10
13.0791301727,80.2547683716,75916,75926,10
13.079000473,80.2552108765,75926,75936,10
13.0790395737,80.2559127808,75936,75946,10
13.0790596008,80.2565612793,75946,75956,10
13.0790596008,80.2566070557,75956,75966,10
13.0788402557,80.2567672729,75966,75976,10
13.078379631,80.2567596436,75976,75986,10
13.0779399872,80.2567596436,75986,75997,11
13.0774402618,80.2568130493,75997,76007,10
13.0769100189,80.2569885254,76007,76017,10
13.0762395859,80.2575378418,76017,76027,10
13.075510025,80.2582168579,76027,76037,10
13.0754804611,80.2586975098,76037,76047,10
13.0756502151,80.2593383789,76047,76057,10
13.0762395859,80.2599487305,76057,76067,10
13.0767498016,80.2604064941,76067,76077,10
13.0770101547,80.2607192993,76077,76087,10
13.0772199631,80.2610778809,76087,76096,9
13.0773200989,80.2612380981,76096,76108,12
13.0774497986,80.2615737915,76108,76118,10
13.0777797699,80.2624130249,76118,76148,30
13.0777797699,80.2624130249,76148,76158,10
13.0777702332,80.2624588013,76158,76168,10
13.0778303146,80.2627792358,76168,76178,10
13.0780296326,80.2632980347,76178,76188,10
13.0781097412,80.2635574341,76188,76198,10
13.0780000687,80.2636032104,76198,76209,11
13.0779800415,80.2636108398,76209,76219,10
13.0776901245,80.2637786865,76219,76229,10
13.0773801804,80.2640228271,76229,76239,10
13.0773696899,80.2640304565,76239,76249,10
13.0771903992,80.2640991211,76249,76259,10
13.0767698288,80.2641906738,76259,76269,10
13.0760803223,80.264289856,76269,76279,10
13.0756196976,80.264289856,76279,76289,10
13.0753297806,80.2638397217,76289,76299,10
13.0748996735,80.2632522583,76299,76310,11
13.0744495392,80.2626495361,76310,76320,10
13.0739603043,80.262046814,76320,76330,10
13.0736598969,80.2616882324,76330,76340,10
13.0736198425,80.2616119385,76340,76350,10
13.0733098984,80.2613983154,76350,76360,10
13.0729398727,80.26197052,76360,76370,10
13.0726499557,80.2627487183,76370,76380,10
13.0724201202,80.2633209229,76380,76390,10
13.0721597672,80.2639465332,76390,76400,10
13.0714101791,80.2647705078,76400,76421,21
13.0714101791,80.2647705078,76421,76431,10
13.0711202621,80.2650299072,76431,76441,10
13.0707798004,80.2654266357,76441,76451,10
13.0702199936,80.2659912109,76451,76461,10
13.0696802139,80.2665405273,76461,76471,10
13.0691299438,80.2671127319,76471,76481,10
13.0687799454,80.2677078247,76481,76491,10
13.0685796738,80.2683792114,76491,76501,10
13.0684204102,80.2688598633,76501,76511,10
13.0682497025,80.2694168091,76511,76522,11
13.0680999756,80.2701263428,76522,76532,10
13.0680503845,80.2707901001,76532,76542,10
13.0677700043,80.2710723877,76542,76552,10
13.06731987,80.2706604004,76552,76562,10
13.0670900345,80.2704315186,76562,76572,10
13.0670404434,80.270362854,76572,76582,10
13.0667896271,80.270072937,76582,76592,10
13.0664596558,80.2695007324,76592,76602,10
13.0663499832,80.2686920166,76602,76612,10
13.0658998489,80.2680206299,76612,76622,10
13.0652599335,80.2677001953,76622,76633,11
13.0651798248,80.2676925659,76633,76643,10
13.0648298264,80.267616272,76643,76653,10
13.0642404556,80.2675323486,76653,76663,10
13.0633497238,80.2673721313,76663,76673,10
13.0625400543,80.2670211792,76673,76683,10
13.0619602203,80.2663269043,76683,76693,10
13.0613203049,80.2655487061,76693,76703,10
13.0606899261,80.2652893066,76703,76713,10
13.0604496002,80.2654190063,76713,76723,10
13.0602302551,80.2655105591,76723,76734,11
13.0595998764,80.2656326294,76734,76744,10
13.0588903427,80.2655410767,76744,76754,10
13.0583200455,80.2654266357,76754,76764,10
13.057970047,80.2648010254,76764,76774,10
13.0578804016,80.2640914917,76774,76784,10
13.057800293,80.2634124756,76784,76794,10
13.0577201843,80.2626266479,76794,76804,10
13.0576000214,80.2617492676,76804,76814,10
13.0574598312,80.2611465454,76814,76824,10
13.0573196411,80.2605895996,76824,76835,11
13.0570402145,80.2596893311,76835,76845,10
13.0567798615,80.2589492798,76845,76855,10
13.056599617,80.2581176758,76855,76865,10
13.0564699173,80.2574768066,76865,76875,10
13.0564699173,80.2574615479,76875,76885,10
13.0563802719,80.2571487427,76885,76895,10
13.0562000275,80.2565307617,76895,76905,10
13.0557603836,80.2558517456,76905,76915,10
13.0551996231,80.2550582886,76915,76925,10
13.0545101166,80.2541732788,76925,76936,11
13.054019928,80.2535476685,76936,76946,10
13.0538597107,80.2533187866,76946,76956,10
13.0535202026,80.2527770996,76956,76966,10
13.0530195236,80.2520828247,76966,76976,10
13.0525197983,80.2514190674,76976,76986,10
13.0520200729,80.2507705688,76986,76996,10
13.0512504578,80.2502212524,76996,77006,10
13.0501098633,80.2499237061,77006,77016,10
13.0490198135,80.249786377,77016,77026,10
13.0482196808,80.2495880127,77026,77036,10
13.0474901199,80.2489395142,77036,77047,11
13.0469303131,80.2486419678,77047,77057,10
13.0468301773,80.2485961914,77057,77067,10
13.0464296341,80.2485809326,77067,77077,10
13.0457000732,80.2484283447,77077,77087,10
13.0448503494,80.2481307983,77087,77097,10
13.043800354,80.2479476929,77097,77107,10
13.0428800583,80.2478103638,77107,77117,10
13.0419101715,80.2475662231,77117,77127,10
13.0413599014,80.2474822998,77127,77137,10
13.0412998199,80.247467041,77137,77148,11
13.0407800674,80.2473526001,77148,77158,10
13.0400600433,80.2472000122,77158,77168,10
13.039440155,80.2470397949,77168,77208,40
13.039440155,80.2470397949,77208,77218,10
13.0392303467,80.2469329834,77218,77228,10
13.0386600494,80.2468414307,77228,77237,9
13.037899971,80.2466964722,77237,77249,12
13.0367603302,80.2464904785,77249,77259,10
13.0358495712,80.2462768555,77259,77269,10
13.0356197357,80.2462005615,77269,77279,10
13.0352401733,80.2460327148,77279,77289,10
13.0352401733,80.2460327148,77289,77299,10
13.0351104736,80.2459564209,77299,77308,9
13.0347900391,80.2457275391,77308,77319,11
13.0344896317,80.2452774048,77319,77329,10
13.0341300964,80.2448196411,77329,77339,10
13.0335903168,80.2442016602,77339,77349,10
13.032910347,80.2434234619,77349,77360,11
13.0322198868,80.24243927,77360,77370,10
13.0317497253,80.2416305542,77370,77380,10
13.0313796997,80.2407684326,77380,77390,10
13.0311698914,80.2403411865,77390,77410,20
13.0311698914,80.2403411865,77410,77420,10
13.0311002731,80.2400665283,77420,77430,10
13.0308799744,80.2395401001,77430,77440,10
13.0304603577,80.2388305664,77440,77450,10
13.0299596786,80.2379302979,77450,77461,11
13.0293197632,80.2370529175,77461,77471,10
13.029129982,80.2368774414,77471,77481,10
13.0289201736,80.2366104126,77481,77491,10
13.0284700394,80.2361221313,77491,77501,10
13.0279197693,80.235458374,77501,77511,10
13.0274200439,80.234588623,77511,77521,10
13.0266599655,80.2333908081,77521,77561,40
13.0266599655,80.2333908081,77561,77572,11
13.0264997482,80.2330780029,77572,77582,10
13.026260376,80.2325363159,77582,77592,10
13.0261001587,80.231880188,77592,77602,10
13.0259895325,80.2313766479,77602,77612,10
13.0257902145,80.2306137085,77612,77622,10
13.0252399445,80.2297515869,77622,77632,10
13.0247602463,80.2292098999,77632,77642,10
13.0246896744,80.229133606,77642,77652,10
13.0244503021,80.2288284302,77652,77662,10
13.0238800049,80.2281799316,77662,77683,21
13.0238800049,80.2281799316,77683,77693,10
13.023850441,80.2280807495,77693,77703,10
13.023639679,80.2278289795,77703,77713,10
13.0231895447,80.2274017334,77713,77723,10
13.0225696564,80.2268218994,77723,77733,10
13.0218095779,80.2261810303,77733,77743,10
13.0211896896,80.2256622314,77743,77753,10
13.0207300186,80.2253112793,77753,77763,10
13.0200901031,80.224899292,77763,77774,11
13.0197296143,80.2246627808,77774,77784,10
13.0192699432,80.2244796753,77784,77794,10
13.0184202194,80.2246017456,77794,77804,10
13.0174102783,80.2250137329,77804,77814,10
13.0163497925,80.2254486084,77814,77824,10
13.0157899857,80.2256622314,77824,77834,10
13.015080452,80.2259368896,77834,77844,10
13.0144395828,80.2261581421,77844,77854,10
13.0141801834,80.2263031006,77854,77863,9
13.0141096115,80.2263183594,77863,77875,12
13.0135402679,80.2265396118,77875,77885,10
13.0127496719,80.226852417,77885,77895,10
13.0117502213,80.2272415161,77895,77905,10
13.0106401443,80.2276763916,77905,77915,10
13.0096302032,80.2280731201,77915,77925,10
13.0090303421,80.2288589478,77925,77935,10
13.0087795258,80.2300186157,77935,77945,10
13.0085496902,80.2311630249,77945,77955,10
13.0083303452,80.2322769165,77955,77965,10
13.0081996918,80.2330780029,77965,77975,10
13.008190155,80.2333068848,77975,77986,11
13.0081701279,80.2333908081,77986,77996,10
13.0080900192,80.2338027954,77996,78006,10
13.0079498291,80.2344894409,78006,78016,10
13.0077600479,80.2353973389,78016,78026,10
13.0075302124,80.2365722656,78026,78036,10
13.0072803497,80.2377700806,78036,78046,10
13.0070695877,80.2388687134,78046,78056,10
13.006939888,80.239616394,78056,78066,10
13.0069198608,80.2397994995,78066,78076,10
13.0068597794,80.2400131226,78076,78087,11
13.0067796707,80.2404785156,78087,78097,10
13.0067300797,80.2407913208,78097,78107,10
13.0066795349,80.2410583496,78107,78117,10
13.0066404343,80.2417297363,78117,78127,10
13.0066204071,80.2426605225,78127,78137,10
13.0065698624,80.2436828613,78137,78147,10
13.0065202713,80.2449188232,78147,78157,10
13.0066003799,80.2459793091,78157,78167,10
13.006649971,80.2466583252,78167,78177,10
13.0066699982,80.2469024658,78177,78188,11
13.0066900253,80.2473068237,78188,78198,10
13.0066604614,80.2479400635,78198,78208,10
13.0066900253,80.2487869263,78208,78218,10
13.0067195892,80.24974823,78218,78228,10
13.0067596436,80.2507629395,78228,78238,10
13.0067195892,80.2514266968,78238,78248,10
13.0065603256,80.2521820068,78248,78258,10
13.006480217,80.2532119751,78258,78268,10
13.0064897537,80.2543487549,78268,78278,10
13.0065202713,80.2550201416,78278,78288,10
13.0065097809,80.2551498413,78288,78299,11
13.0065002441,80.2557830811,78299,78309,10
13.0065097809,80.2566375732,78309,78319,10
13.0066099167,80.2573928833,78319,78420,101
13.0066099167,80.2573928833,78420,78430,10
13.0064897537,80.2576599121,78430,78440,10
13.0059499741,80.2574768066,78440,78450,10
13.0050897598,80.2572631836,78450,78460,10
13.0041704178,80.2570114136,78460,78470,10
13.0033197403,80.2568283081,78470,78480,10
13.0024900436,80.2566833496,78480,78490,10
13.0017499924,80.2565383911,78490,78501,11
13.0009803772,80.2564315796,78501,78511,10
13.0002002716,80.2562789917,78511,78521,10
12.9996995926,80.2561798096,78521,78531,10
12.999130249,80.2561035156,78531,78541,10
12.9982595444,80.2559509277,78541,78561,20
12.9982595444,80.2559509277,78561,78571,10
12.9980602264,80.2559127808,78571,78581,10
12.9976100922,80.2558822632,78581,78591,10
12.9972496033,80.2558822632,78591,78601,10
12.9968595505,80.2558898926,78601,78612,11
12.996219635,80.2558517456,78612,78622,10
12.9954004288,80.255859375,78622,78632,10
12.9945001602,80.2558670044,78632,78642,10
12.9935598373,80.2559814453,78642,78652,10
12.9924602509,80.2560501099,78652,78662,10
12.9913902283,80.2560119629,78662,78672,10
12.9905700684,80.2559814453,78672,78682,10
12.9897403717,80.2559661865,78682,78692,10
12.9889001846,80.2559204102,78692,78743,51
12.9889001846,80.2559204102,78743,78753,10
12.9886598587,80.2558898926,78753,78763,10
12.9883804321,80.255859375,78763,78773,10
12.9880504608,80.2558135986,78773,78783,10
12.9876804352,80.2557907104,78783,78793,10
12.9875402451,80.2563323975,78793,78803,10
12.9874601364,80.2571182251,78803,78814,11
12.9873800278,80.2579879761,78814,78824,10
12.9873800278,80.2583999634,78824,78884,60
12.9873800278,80.2583999634,78884,78894,10
12.9872503281,80.2585983276,78894,78904,10
12.9871702194,80.2585220337,78904,78935,31
12.9871702194,80.2585220337,78935,78945,10
12.9873504639,80.2582092285,78945,78955,10
12.9874200821,80.2575378418,78955,78965,10
12.9875097275,80.256652832,78965,78975,10
12.9875297546,80.2559585571,78975,78985,10
12.987830162,80.2557525635,78985,78995,10
12.9881896973,80.2558135986,78995,79005,10
12.9886198044,80.255859375,79005,79015,10
12.9891195297,80.2559127808,79015,79026,11
12.9897298813,80.2559509277,79026,79036,10
12.9902896881,80.2559585571,79036,79046,10
12.9908704758,80.2559890747,79046,79056,10
12.9916496277,80.2560195923,79056,79066,10
12.992650032,80.2560119629,79066,79076,10
12.9936199188,80.2559509277,79076,79086,10
12.9946203232,80.2558898926,79086,79096,10
12.99559021,80.255859375,79096,79125,29
12.99559021,80.255859375,79125,79137,12
12.9956798553,80.2559432983,79137,79147,10
12.9960403442,80.2559204102,79147,79157,10
12.9965200424,80.2558822632,79157,79167,10
12.9968795776,80.2558670044,79167,79177,10
12.9972295761,80.2558822632,79177,79187,10
12.9974098206,80.2558822632,79187,79197,10
12.9976301193,80.2559127808,79197,79207,10
12.9976701736,80.2561187744,79207,79217,10
12.9978103638,80.2564163208,79217,79470,253
12.9978103638,80.2564163208,79470,79480,10
12.9979095459,80.2566986084,79480,79490,10
12.9979000092,80.2570724487,79490,79500,10
12.998339653,80.2570800781,79500,79510,10
12.9983100891,80.2571105957,79510,80348,838
12.9982795715,80.2570724487,80348,82034,1686
