13.0808000565,80.2751693726,12,17933,17921
13.0808000565,80.2751693726,17933,17943,10
13.0760698318,80.2755737305,17943,17954,11
13.0761604309,80.2755432129,17954,17964,10
13.0761404037,80.2755508423,17964,17974,10
13.0761499405,80.2755508423,17974,17984,10
13.0761604309,80.2755508423,17984,17994,10
13.0761203766,80.2755737305,17994,18004,10
13.0761404037,80.2755584717,18004,18014,10
13.0760402679,80.2755889893,18014,18024,10
13.075969696,80.2757568359,18024,18075,51
13.0759496689,80.2754669189,18075,18095,20
13.0761003494,80.2757492065,18095,18722,627
13.0761003494,80.2757492065,18722,18732,10
13.0761404037,80.2757415771,18732,18752,20
13.0761404037,80.2757415771,18752,18762,10
13.0761299133,80.2759170532,18762,19885,1123
13.0761098862,80.2759628296,19885,20876,991
13.0761098862,80.2759628296,20876,20886,10
13.0760803223,80.2759628296,20886,21108,222
13.0760002136,80.2759170532,21108,21260,152
13.0759000778,80.2761383057,21260,21391,131
13.0759000778,80.2761383057,21391,21401,10
13.0765600204,80.2762374878,21401,21412,11
13.0771598816,80.2762069702,21412,21422,10
13.0776901245,80.2761993408,21422,21432,10
13.0782804489,80.2761001587,21432,21442,10
13.078499794,80.2752227783,21442,21452,10
13.0791702271,80.275177002,21452,21462,10
13.079990387,80.2753067017,21462,21472,10
13.0808095932,80.2752227783,21472,21482,10
13.0813102722,80.2751922607,21482,21493,11
13.0816698074,80.275177002,21493,21502,9
13.0812301636,80.2752075195,21502,21512,10
13.0815401077,80.2751617432,21512,21523,11
13.0817499161,80.2753295898,21523,21533,10
13.0817604065,80.2758331299,21533,21543,10
13.0818395615,80.2764816284,21543,21553,10
13.0819196701,80.2773895264,21553,21563,10
13.0820903778,80.2782974243,21563,21573,10
13.0822296143,80.2791137695,21573,21583,10
13.0823001862,80.2799224854,21583,21593,10
13.0823602676,80.2807235718,21593,21603,10
13.0824298859,80.2813796997,21603,21614,11
13.0824804306,80.2819290161,21614,21624,10
13.083319664,80.2823028564,21624,21634,10
13.0839595795,80.2827072144,21634,21644,10
13.0845098495,80.2830963135,21644,21654,10
13.0850000381,80.2835769653,21654,21664,10
13.0853004456,80.2837371826,21664,21674,10
13.0854997635,80.2836380005,21674,21684,10
13.0857095718,80.2835769653,21684,21694,10
13.0860099792,80.2835693359,21694,21705,11
13.0863599777,80.2835998535,21705,21715,10
13.0866003036,80.2837219238,21715,21725,10
13.0871295929,80.2838821411,21725,21735,10
13.0873403549,80.2838821411,21735,21745,10
13.0875997543,80.2838973999,21745,21796,51
13.0876703262,80.2839279175,21796,21826,30
13.0876703262,80.2839279175,21826,21836,10
13.0877399445,80.2839202881,21836,21846,10
13.0878601074,80.2839279175,21846,21907,61
13.0878601074,80.2839279175,21907,21917,10
13.0879297256,80.2839202881,21917,21927,10
13.088139534,80.2838973999,21927,21937,10
13.0882196426,80.2835769653,21937,21947,10
13.0882997513,80.2832794189,21947,21957,10
13.0882396698,80.2826385498,21957,21967,10
13.088139534,80.2819519043,21967,21978,11
13.0882196426,80.2813796997,21978,21988,10
13.0885801315,80.2816390991,21988,21998,10
13.08852005,80.2820968628,21998,22008,10
13.0884304047,80.2826309204,22008,22018,10
13.0883398056,80.2829818726,22018,22028,10
13.0882997513,80.2831268311,22028,22038,10
13.088350296,80.2837295532,22038,22058,20
13.088350296,80.2837295532,22058,22069,11
13.0883998871,80.2840805054,22069,22079,10
13.0884399414,80.2846221924,22079,22089,10
13.0884599686,80.2851028442,22089,22099,10
13.088470459,80.2854232788,22099,22109,10
13.0884895325,80.2858505249,22109,22119,10
13.0885095596,80.2863082886,22119,22129,10
13.0885601044,80.2863693237,22129,22139,10
13.0886898041,80.2869415283,22139,22150,11
13.0886898041,80.2875823975,22150,22160,10
13.0886297226,80.2880630493,22160,22170,10
13.0886802673,80.2885665894,22170,22180,10
13.0887098312,80.2888031006,22180,22190,10
13.0888204575,80.2893295288,22190,22200,10
13.088809967,80.2896881104,22200,22210,10
13.0888299942,80.2901992798,22210,22220,10
13.0888395309,80.2910308838,22220,22231,11
13.0876598358,80.289932251,22231,22241,10
13.0868501663,80.2895584106,22241,22251,10
13.0865497589,80.2902374268,22251,22261,10
13.0843400955,80.2891921997,22261,22271,10
13.0832300186,80.2892684937,22271,22281,10
13.0823202133,80.2889404297,22281,22291,10
13.0812196732,80.2884979248,22291,22301,10
13.0803203583,80.2882537842,22301,22311,10
13.0792303085,80.2880172729,22311,22321,10
13.0780801773,80.2875518799,22321,22331,10
13.0773897171,80.2874069214,22331,22342,11
13.0764598846,80.2871627808,22342,22352,10
13.0753898621,80.286781311,22352,22362,10
13.0744895935,80.286239624,22362,22372,10
13.073800087,80.2860717773,22372,22382,10
13.0736503601,80.2860565186,22382,22392,10
13.07310009,80.2858276367,22392,22402,10
13.0722799301,80.28540802,22402,22412,10
13.0711603165,80.2851028442,22412,22422,10
13.070019722,80.2848129272,22422,22433,11
13.0684099197,80.2844467163,22433,22443,10
13.0670700073,80.2841796875,22443,22453,10
13.0656995773,80.2838592529,22453,22463,10
13.0642299652,80.2835922241,22463,22483,20
13.0642299652,80.2835922241,22483,22493,10
13.0638904572,80.2834625244,22493,22503,10
13.0631399155,80.2832794189,22503,22513,10
13.0624799728,80.2831192017,22513,22523,10
13.0624399185,80.2830886841,22523,22534,11
13.0619401932,80.2829589844,22534,22544,10
13.0611400604,80.2827682495,22544,22554,10
13.0600700378,80.2825622559,22554,22564,10
13.0588598251,80.2823410034,22564,22574,10
13.0577096939,80.2820968628,22574,22584,10
13.0567998886,80.2819213867,22584,22594,10
13.0566797256,80.2819137573,22594,22604,10
13.0562400818,80.2818222046,22604,22615,11
13.0553302765,80.2816314697,22615,22625,10
13.0542097092,80.2814178467,22625,22635,10
13.0530004501,80.281211853,22635,22645,10
13.051779747,80.2810134888,22645,22655,10
13.0505399704,80.2808227539,22655,22665,10
13.0493297577,80.2806015015,22665,22675,10
13.0479898453,80.2804336548,22675,22685,10
13.046620369,80.2802581787,22685,22696,11
13.0450897217,80.2800979614,22696,22706,10
13.0435800552,80.279800415,22706,22756,50
13.0435400009,80.279838562,22756,22787,31
13.0435400009,80.279838562,22787,22796,9
13.0433397293,80.2788925171,22796,22807,11
13.043299675,80.2777175903,22807,22817,10
13.0433197021,80.2774505615,22817,22827,10
13.0433301926,80.2770690918,22827,22837,10
13.043299675,80.2763366699,22837,22847,10
13.0432796478,80.2753677368,22847,22857,10
13.0433197021,80.2744064331,22857,22867,10
13.043419838,80.2737731934,22867,22877,10
13.0436201096,80.2727203369,22877,22887,10
13.0438804626,80.2716217041,22887,22898,11
13.0441503525,80.2702789307,22898,22908,10
13.0443601608,80.2690505981,22908,22918,10
13.0444297791,80.2685394287,22918,22928,10
13.0444803238,80.2683563232,22928,22938,10
13.0439500809,80.2682723999,22938,22948,10
13.0430698395,80.2682113647,22948,22958,10
13.0421304703,80.2681808472,22958,22968,10
13.0412502289,80.2682571411,22968,22978,10
13.0411901474,80.2682495117,22978,22989,11
13.0409097672,80.2682266235,22989,22999,10
13.0402698517,80.2680206299,22999,23009,10
13.039440155,80.2677536011,23009,23019,10
13.0385103226,80.2676773071,23019,23029,10
13.0377197266,80.2676773071,23029,23039,10
13.037610054,80.2676620483,23039,23049,10
13.0372400284,80.2676391602,23049,23060,11
13.0368995667,80.2676696777,23060,23069,9
13.0364599228,80.267616272,23069,23080,11
13.0358200073,80.2678070068,23080,23090,10
13.0350799561,80.2679595947,23090,23100,10
13.0343999863,80.2680511475,23100,23110,10
13.0342502594,80.2680206299,23110,23120,10
13.0338697433,80.2679367065,23120,23130,10
13.033659935,80.2678909302,23130,23140,10
13.0330600739,80.2677688599,23140,23150,10
13.0323400497,80.2674026489,23150,23160,10
13.0316095352,80.2670211792,23160,23171,11
13.0304899216,80.2667922974,23171,23181,10
13.0297899246,80.2666625977,23181,23191,10
13.0297203064,80.2666397095,23191,23201,10
13.0294103622,80.2665863037,23201,23211,10
13.0289802551,80.2663879395,23211,23221,10
13.0282201767,80.2662734985,23221,23231,10
13.0275602341,80.2661590576,23231,23241,10
13.0268096924,80.2660217285,23241,23251,10
13.0264701843,80.2659835815,23251,23262,11
13.0263004303,80.2656784058,23262,23272,10
13.0263795853,80.2653427124,23272,23282,10
13.0263500214,80.2651367188,23282,23292,10
13.0264501572,80.2645492554,23292,23302,10
13.0265197754,80.2641372681,23302,23312,10
13.0265398026,80.2640609741,23312,23322,10
13.0265302658,80.2636413574,23322,23332,10
13.026599884,80.2629470825,23332,23342,10
13.0265903473,80.2620697021,23342,23353,11
13.0268697739,80.2608718872,23353,23363,10
13.0269804001,80.2603607178,23363,23373,10
13.0270004272,80.2597122192,23373,23383,10
13.0270395279,80.2584533691,23383,23393,10
13.0270595551,80.2573318481,23393,23403,10
13.0270395279,80.2566680908,23403,23413,10
13.0270395279,80.2560195923,23413,23423,10
13.0270595551,80.255821228,23423,23433,10
13.0270900726,80.2557067871,23433,23443,10
13.0270900726,80.2552032471,23443,23454,11
13.0273199081,80.2542266846,23454,23464,10
13.0273103714,80.2533111572,23464,23474,10
13.0275201797,80.2523803711,23474,23484,10
13.0279197693,80.2512435913,23484,23494,10
13.0284004211,80.2504425049,23494,23504,10
13.0286998749,80.2499465942,23504,23514,10
13.0289201736,80.249382019,23514,23524,10
13.0290002823,80.2490768433,23524,23534,10
13.0290803909,80.2488327026,23534,23545,11
13.0291996002,80.2480392456,23545,23555,10
13.0293598175,80.2470779419,23555,23565,10
13.0295801163,80.2461624146,23565,23575,10
13.0293302536,80.2457733154,23575,23585,10
13.028719902,80.2456970215,23585,23595,10
13.0277500153,80.2453765869,23595,23605,10
13.0273303986,80.2443084717,23605,23615,10
13.0262804031,80.243812561,23615,23625,10
13.0251302719,80.2434387207,23625,23636,11
13.0237398148,80.2429428101,23636,23646,10
13.022480011,80.2425231934,23646,23656,10
13.021900177,80.2423782349,23656,23666,10
13.0216302872,80.2423019409,23666,23676,10
13.0209703445,80.2420578003,23676,23686,10
13.0200395584,80.2417526245,23686,23696,10
13.0192604065,80.2415771484,23696,23706,10
13.0188598633,80.2414474487,23706,23716,10
13.0186796188,80.2413635254,23716,23727,11
13.0184803009,80.2412719727,23727,23737,10
13.0183200836,80.2412185669,23737,23747,10
13.0178804398,80.2411193848,23747,23757,10
13.0170602798,80.2409133911,23757,23767,10
13.0160598755,80.2406768799,23767,23777,10
13.01541996,80.2405776978,23777,23787,10
13.0147199631,80.2404937744,23787,23797,10
13.0136899948,80.2403793335,23797,23807,10
13.0124702454,80.2404403687,23807,23818,11
13.0110397339,80.2404785156,23818,23828,10
13.0097999573,80.2405014038,23828,23838,10
13.0085296631,80.2405090332,23838,23848,10
13.0073003769,80.2403411865,23848,23858,10
13.0059204102,80.2402191162,23858,23899,41
13.0059204102,80.2402191162,23899,23909,10
13.0069599152,80.2391586304,23909,23919,10
13.0071401596,80.238243103,23919,23929,10
13.0073699951,80.2371063232,23929,23939,10
13.007399559,80.2367401123,23939,23949,10
13.0074300766,80.2366027832,23949,23959,10
13.007610321,80.2361221313,23959,23969,10
13.0076398849,80.2353591919,23969,23980,11
13.0076503754,80.2344894409,23980,23989,9
13.0081501007,80.2332992554,23989,24000,11
13.0085496902,80.231590271,24000,24010,10
13.0090303421,80.2297363281,24010,24060,50
13.0090303421,80.2297363281,24060,24070,10
13.0112695694,80.2234420776,24070,24080,10
13.0115098953,80.2230834961,24080,24091,11
13.0116901398,80.2222213745,24091,24101,10
13.011879921,80.2213897705,24101,24111,10
13.0120096207,80.2202072144,24111,24121,10
13.0119104385,80.2203063965,24121,24131,10
13.0117301941,80.2198867798,24131,24141,10
13.0115203857,80.21925354,24141,24151,10
13.0113296509,80.2186203003,24151,24162,11
13.0109596252,80.2175216675,24162,24172,10
13.0105104446,80.216468811,24172,24192,20
13.0105104446,80.216468811,24192,24202,10
13.0088396072,80.2140274048,24202,24212,10
13.0082197189,80.2133026123,24212,24222,10
13.0080699921,80.2132720947,24222,24232,10
13.007900238,80.2131500244,24232,24242,10
13.0077896118,80.2130432129,24242,24252,10
13.0074501038,80.212852478,24252,24262,10
13.0067796707,80.2128219604,24262,24273,11
13.0059204102,80.2126998901,24273,24283,10
13.0048103333,80.2125701904,24283,24323,40
13.0048103333,80.2125701904,24323,24333,10
13.0035104752,80.2095108032,24333,24343,10
13.0037002563,80.2087783813,24343,24354,11
13.0046701431,80.2076263428,24354,24404,50
13.0046701431,80.2076263428,24404,24414,10
13.0081596375,80.2099533081,24414,24424,10
13.0081396103,80.2095565796,24424,24434,10
13.0080299377,80.2089385986,24434,24444,10
13.0077695847,80.2076263428,24444,24455,11
13.0074996948,80.2058792114,24455,24475,20
13.0074996948,80.2058792114,24475,24485,10
13.007610321,80.2045516968,24485,24495,10
13.0075902939,80.2036590576,24495,24505,10
13.0071201324,80.2026596069,24505,24515,10
13.0065603256,80.20287323,24515,24525,10
13.0070199966,80.2035217285,24525,24535,10
13.0078601837,80.2037200928,24535,24545,10
13.008939743,80.2037124634,24545,24556,11
13.0102396011,80.2036972046,24556,24566,10
13.0117902756,80.2037582397,24566,24576,10
13.0131397247,80.2040100098,24576,24586,10
13.0142002106,80.2045211792,24586,24596,10
13.0157003403,80.205406189,24596,24657,61
13.0157003403,80.205406189,24657,24667,10
13.0133695602,80.2097167969,24667,24677,10
13.0131196976,80.2100524902,24677,24687,10
13.0129995346,80.2106628418,24687,24697,10
13.0127601624,80.2113571167,24697,24707,10
13.0124597549,80.212020874,24707,24717,10
13.0120296478,80.2126083374,24717,24728,11
13.0119800568,80.2127227783,24728,24738,10
13.0115804672,80.212677002,24738,24748,10
13.0108604431,80.2121582031,24748,24758,10
13.009759903,80.2113800049,24758,24788,30
13.0097503662,80.2113800049,24788,26244,1456
13.0097503662,80.2113800049,26244,26254,10
13.010140419,80.2148590088,26254,26264,10
13.0102901459,80.2158432007,26264,26274,10
13.0106801987,80.2166900635,26274,26285,11
13.0111398697,80.2178268433,26285,26295,10
13.0115299225,80.2190170288,26295,26305,10
13.0118999481,80.2202835083,26305,26315,10
13.0119800568,80.2205429077,26315,26325,10
13.0127601624,80.2221832275,26325,26335,10
13.0134296417,80.2228469849,26335,26345,10
13.0140399933,80.2235565186,26345,26355,10
13.0145101547,80.2241287231,26355,26366,11
13.0148897171,80.2249221802,26366,26376,10
13.0150003433,80.2251281738,26376,26386,10
13.015370369,80.2251815796,26386,26396,10
13.0154600143,80.2256317139,26396,26406,10
13.0152597427,80.2258987427,26406,26416,10
13.0153303146,80.226020813,26416,26426,10
13.0151996613,80.2260818481,26426,26436,10
13.014840126,80.2261581421,26436,26446,10
13.0145196915,80.2263031006,26446,26456,10
13.0144796371,80.2263793945,26456,26467,11
13.0143404007,80.226348877,26467,26477,10
13.0143299103,80.2264175415,26477,26487,10
13.0143699646,80.2262802124,26487,26497,10
13.0143499374,80.2260818481,26497,26659,162
13.0143499374,80.2260818481,26659,26669,10
13.0087900162,80.2309036255,26669,26679,10
13.0088596344,80.2315826416,26679,26689,10
13.0091896057,80.231918335,26689,26699,10
13.0082798004,80.2336502075,26699,26709,10
13.0082302094,80.2337112427,26709,26719,10
13.0081195831,80.2340164185,26719,26729,10
13.0080900192,80.2345581055,26729,26740,11
13.0078897476,80.2355270386,26740,26750,10
13.0076503754,80.2365036011,26750,26760,10
13.0074300766,80.2375183105,26760,26770,10
13.0073003769,80.2383728027,26770,26780,10
13.0071401596,80.2391967773,26780,26790,10
13.0069904327,80.2400512695,26790,26800,10
13.0071601868,80.2403182983,26800,26810,10
13.0079603195,80.2403411865,26810,26820,10
13.0087499619,80.2404174805,26820,26831,11
13.0096101761,80.2404403687,26831,26841,10
13.01060009,80.2404327393,26841,26851,10
13.0117797852,80.2404022217,26851,26861,10
13.012840271,80.2403869629,26861,26871,10
13.0140104294,80.2403793335,26871,26881,10
13.0150899887,80.2404937744,26881,26891,10
13.0163202286,80.2406768799,26891,26901,10
13.0175304413,80.2409133911,26901,26911,10
13.0183496475,80.2410964966,26911,26922,11
13.0195999146,80.2410812378,26922,26942,20
13.0195999146,80.2410812378,26942,26952,10
13.0199604034,80.2416000366,26952,26962,10
13.0207300186,80.2418823242,26962,26972,10
13.0214996338,80.2421569824,26972,26982,10
13.0223903656,80.2424697876,26982,26991,9
13.0232696533,80.2427215576,26991,27002,11
13.0233001709,80.242729187,27002,27012,10
13.0234804153,80.2428131104,27012,27022,10
13.0239801407,80.2430114746,27022,27033,11
13.0246601105,80.2432937622,27033,27042,9
13.0256099701,80.243560791,27042,27053,11
13.0266399384,80.2440795898,27053,27063,10
13.0273799896,80.244468689,27063,27073,10
13.0276403427,80.2449798584,27073,27083,10
13.0285701752,80.2455673218,27083,27093,10
13.0295000076,80.2456436157,27093,27154,61
13.0294599533,80.2454605103,27154,27185,31
13.0294599533,80.2454605103,27185,27194,9
13.0293903351,80.2469787598,27194,27205,11
13.0294599533,80.247756958,27205,27215,10
13.0294399261,80.2482299805,27215,27225,10
13.0290403366,80.2493515015,27225,27235,10
13.0290002823,80.2495193481,27235,27245,10
13.0287599564,80.2499465942,27245,27255,10
13.0284004211,80.2506027222,27255,27265,10
13.0278701782,80.2516326904,27265,27275,10
13.0275001526,80.2527770996,27275,27286,11
13.0270996094,80.2544174194,27286,27306,20
13.0270795822,80.2553482056,27306,27326,20
13.0270795822,80.2553482056,27326,27336,10
13.0271596909,80.256362915,27336,27346,10
13.0271596909,80.2562408447,27346,27356,10
13.0271596909,80.2563323975,27356,27367,11
13.0271596909,80.2563705444,27367,27376,9
13.0271596909,80.258102417,27376,27387,11
13.027130127,80.2589263916,27387,27397,10
13.0271596909,80.2596588135,27397,27407,10
13.0271501541,80.2603683472,27407,27417,10
13.0269403458,80.2612762451,27417,27427,10
13.0267801285,80.2622070313,27427,27437,10
13.0267000198,80.2629623413,27437,27447,10
13.0268297195,80.2634429932,27447,27457,10
13.0271997452,80.2634811401,27457,27467,10
13.0276699066,80.2636413574,27467,27478,11
13.0285396576,80.2638168335,27478,27488,10
13.0290603638,80.2640075684,27488,27498,10
13.0293502808,80.2645797729,27498,27528,30
13.0293502808,80.2645797729,27528,27538,10
13.0292596817,80.2662506104,27538,27548,10
13.0293998718,80.2665405273,27548,27589,41
13.0293998718,80.2665405273,27589,27599,10
13.0322504044,80.2673110962,27599,27609,10
13.032699585,80.2676086426,27609,27619,10
13.0333995819,80.2678070068,27619,27629,10
13.0339603424,80.2679290771,27629,27639,10
13.0340099335,80.2679367065,27639,27649,10
13.0340995789,80.2679519653,27649,27660,11
13.034620285,80.2679977417,27660,27670,10
13.0351800919,80.2679367065,27670,27680,10
13.0358600616,80.2678375244,27680,27690,10
13.0364303589,80.2677230835,27690,27700,10
13.0370197296,80.2676391602,27700,27710,10
13.0371599197,80.2668380737,27710,27720,10
13.0370998383,80.266456604,27720,27730,10
13.0371198654,80.2662811279,27730,27740,10
13.0371799469,80.2658691406,27740,27751,11
13.0374002457,80.2651596069,27751,27761,10
13.0375404358,80.2645111084,27761,27771,10
13.0379600525,80.2643814087,27771,27781,10
13.0384702682,80.2644882202,27781,27791,10
13.0387401581,80.2645568848,27791,27801,10
13.0391597748,80.2646408081,27801,27811,10
13.0397796631,80.2646102905,27811,27821,10
13.0403499603,80.2645721436,27821,27831,10
13.0406999588,80.2645874023,27831,27842,11
13.0412197113,80.2646484375,27842,27852,10
13.0414400101,80.2651672363,27852,27862,10
13.0413303375,80.2657928467,27862,27872,10
13.0412397385,80.2663803101,27872,27882,10
13.0411901474,80.2667236328,27882,27892,10
13.0410003662,80.2681732178,27892,27902,10
13.0410003662,80.2681732178,27902,27912,10
13.0415201187,80.2681503296,27912,27922,10
13.0416097641,80.2681503296,27922,27933,11
13.0418996811,80.268119812,27933,27943,10
13.0424003601,80.2680435181,27943,27953,10
13.042889595,80.2677764893,27953,27964,11
13.0431604385,80.2676010132,27964,27974,10
13.0436296463,80.2673187256,27974,27984,10
13.0438699722,80.2670669556,27984,27994,10
13.0440702438,80.2669067383,27994,28004,10
13.0445203781,80.2666473389,28004,28014,10
13.0445604324,80.2676315308,28014,28025,11
13.0446100235,80.2686233521,28025,28035,10
13.0448904037,80.2691497803,28035,28045,10
13.0444202423,80.2697067261,28045,28055,10
13.0441703796,80.2706069946,28055,28065,10
13.0439100266,80.2717819214,28065,28075,10
13.0437202454,80.2729110718,28075,28085,10
13.0436000824,80.2736206055,28085,28095,10
13.0435400009,80.2740783691,28095,28105,10
13.0434799194,80.2743225098,28105,28116,11
13.0434103012,80.274887085,28116,28126,10
13.0433797836,80.2756881714,28126,28136,10
13.043390274,80.2764968872,28136,28146,10
13.0433998108,80.2773590088,28146,28156,10
13.0433797836,80.2776184082,28156,28166,10
13.043390274,80.2779083252,28166,28176,10
13.0433998108,80.2785263062,28176,28186,10
13.043419838,80.2793197632,28186,28196,10
13.0437602997,80.2798233032,28196,28207,11
13.044719696,80.2799911499,28207,28217,10
13.0457496643,80.280090332,28217,28227,10
13.0467700958,80.2802200317,28227,28237,10
13.0478096008,80.2803497314,28237,28247,10
13.048789978,80.2805023193,28247,28257,10
13.0494203568,80.2805786133,28257,28267,10
13.0501203537,80.2807006836,28267,28277,10
13.0509500504,80.2808532715,28277,28287,10
13.0519199371,80.2809829712,28287,28298,11
13.0530700684,80.2811508179,28298,28308,10
13.0541801453,80.2813415527,28308,28318,10
13.0552797318,80.2815628052,28318,28328,10
13.0561599731,80.28175354,28328,28338,10
13.0567398071,80.2818603516,28338,28348,10
13.0572795868,80.2819595337,28348,28358,10
13.0574598312,80.2819976807,28358,28368,10
13.0579795837,80.282119751,28368,28378,10
13.0588302612,80.2823181152,28378,28389,11
13.059920311,80.2825164795,28389,28399,10
13.0611400604,80.2827682495,28399,28409,10
13.0623598099,80.2830581665,28409,28419,10
13.0631198883,80.283203125,28419,28429,10
13.0635700226,80.2833175659,28429,28439,10
13.0638799667,80.2833862305,28439,28449,10
13.0645399094,80.283531189,28449,28459,10
13.065489769,80.2837371826,28459,28469,10
13.0665798187,80.2839584351,28469,28480,11
13.0677995682,80.2842330933,28480,28490,10
13.0687103271,80.2844085693,28490,28500,10
13.069609642,80.2846298218,28500,28510,10
13.0705604553,80.2848587036,28510,28520,10
13.0715103149,80.2851028442,28520,28530,10
13.0726099014,80.2853088379,28530,28540,10
13.0736398697,80.2853469849,28540,28550,10
13.074139595,80.2857208252,28550,28560,10
13.074640274,80.2862472534,28560,28571,11
13.0752000809,80.2866134644,28571,28581,10
13.0757303238,80.2869033813,28581,28591,10
13.0765600204,80.2871627808,28591,28601,10
13.077460289,80.287399292,28601,28611,10
13.0783195496,80.2875900269,28611,28621,10
13.0792598724,80.2879333496,28621,28631,10
13.0801000595,80.2881317139,28631,28641,10
13.080619812,80.2882385254,28641,28651,10
13.0812797546,80.2884521484,28651,28662,11
13.0822000504,80.2887878418,28662,28672,10
13.0832195282,80.2891998291,28672,28682,10
13.0841999054,80.2891769409,28682,28692,10
13.0852804184,80.2891387939,28692,28702,10
13.086350441,80.2894287109,28702,28712,10
13.0874204636,80.2897796631,28712,28722,10
13.0881996155,80.2900924683,28722,28732,10
13.0886096954,80.2901611328,28732,28742,10
13.0888395309,80.2901763916,28742,28752,10
13.0888700485,80.2902679443,28752,28763,11
13.0884304047,80.2902908325,28763,28773,10
13.0877199173,80.2899780273,28773,28783,10
13.0867996216,80.289680481,28783,28793,10
13.0858697891,80.2894668579,28793,28803,10
13.0853700638,80.2887191772,28803,28813,10
13.0851402283,80.2877578735,28813,28823,10
13.0852203369,80.2866287231,28823,28833,10
13.0853395462,80.2854003906,28833,28843,10
13.0853204727,80.2843322754,28843,28854,11
13.0853395462,80.2840194702,28854,28864,10
13.0853595734,80.2839813232,28864,28874,10
13.0854597092,80.283706665,28874,28884,10
13.0855998993,80.2835083008,28884,28894,10
13.0859603882,80.2835235596,28894,28904,10
13.0863103867,80.2835769653,28904,28914,10
13.086640358,80.2838668823,28914,28945,31
13.086640358,80.2838668823,28945,28955,10
13.0868501663,80.2839126587,28955,29016,61
13.0867595673,80.283996582,29016,29754,738
13.0867595673,80.283996582,29754,29764,10
13.0867004395,80.2840194702,29764,29784,20
13.0867004395,80.2840194702,29784,29794,10
13.0870304108,80.283996582,29794,29804,10
13.0872602463,80.2839813232,29804,29814,10
13.0874700546,80.2839202881,29814,29824,10
13.0877799988,80.2839279175,29824,29865,41
13.0877799988,80.2839279175,29865,29875,10
13.0881500244,80.2838821411,29875,29885,10
13.0881595612,80.2838668823,29885,29895,10
13.0881795883,80.2836608887,29895,29905,10
13.0882396698,80.2835083008,29905,29915,10
13.0883398056,80.2833786011,29915,29925,10
13.0882902145,80.2826919556,29925,29935,10
13.0882797241,80.2823028564,29935,29946,11
13.0881500244,80.2817687988,29946,29956,10
13.088259697,80.2814025879,29956,29966,10
13.0886001587,80.2816619873,29966,29976,10
13.0884599686,80.2821884155,29976,29986,10
13.0883598328,80.282661438,29986,29996,10
13.0883398056,80.2829208374,29996,30006,10
13.0883703232,80.2833633423,30006,30017,11
13.0884504318,80.2837982178,30017,30026,9
13.0884504318,80.2846298218,30026,30037,11
13.0884799957,80.2852478027,30037,30047,10
13.0885095596,80.2857437134,30047,30057,10
13.0885400772,80.2862930298,30057,30067,10
13.0885400772,80.2865371704,30067,30077,10
13.0885801315,80.2869262695,30077,30087,10
13.0886201859,80.287437439,30087,30097,10
13.0886297226,80.2877197266,30097,30107,10
13.0886898041,80.2883300781,30107,30117,10
13.0887098312,80.2886276245,30117,30128,11
13.0887498856,80.289100647,30128,30138,10
13.0887699127,80.2894592285,30138,30148,10
13.088760376,80.2898635864,30148,30158,10
13.0887699127,80.2902984619,30158,30208,50
13.0887699127,80.2902984619,30208,30219,11
13.088760376,80.2904663086,30219,30229,10
13.088350296,80.2902908325,30229,30239,10
13.0877199173,80.2899475098,30239,30249,10
13.0869703293,80.2896270752,30249,30259,10
13.0860595703,80.2893600464,30259,30269,10
13.0852003098,80.2891387939,30269,30279,10
13.0841999054,80.2892379761,30279,30289,10
13.0833997726,80.2892608643,30289,30299,10
13.0825099945,80.2890472412,30299,30310,11
13.0814399719,80.2885665894,30310,30320,10
13.0805597305,80.2883682251,30320,30330,10
13.0798501968,80.2881622314,30330,30340,10
13.0791196823,80.287940979,30340,30350,10
13.0782804489,80.2875595093,30350,30360,10
13.0774202347,80.2873916626,30360,30370,10
13.0765600204,80.287147522,30370,30380,10
13.0755701065,80.286857605,30380,30390,10
13.0747299194,80.2864227295,30390,30401,11
13.0739603043,80.2861328125,30401,30411,10
13.0739297867,80.2861099243,30411,30421,10
13.0735197067,80.2860031128,30421,30431,10
13.0729598999,80.2857208252,30431,30441,10
13.0721902847,80.2853775024,30441,30451,10
13.071269989,80.2851409912,30451,30461,10
13.0700798035,80.2848510742,30461,30471,10
13.0689001083,80.2845611572,30471,30481,10
13.0678701401,80.2842788696,30481,30492,11
13.0667695999,80.2841033936,30492,30502,10
13.0657196045,80.2838592529,30502,30512,10
13.0646600723,80.2836227417,30512,30522,10
13.0637197495,80.2833786011,30522,30532,10
13.0627698898,80.2831802368,30532,30542,10
13.0625295639,80.2831192017,30542,30552,10
13.0624904633,80.2831192017,30552,30562,10
13.0620603561,80.2830200195,30562,30572,10
13.061340332,80.2828598022,30572,30585,13
13.060379982,80.2826309204,30585,30595,10
13.059220314,80.2823867798,30595,30605,10
13.0585203171,80.2822570801,30605,30615,10
13.0577697754,80.282119751,30615,30625,10
13.0570802689,80.2819671631,30625,30634,9
13.0568399429,80.2819213867,30634,30645,11
13.0568199158,80.2819213867,30645,30656,11
13.0563602448,80.2818222046,30656,30665,9
13.0556898117,80.2816772461,30665,30677,12
13.0547704697,80.2814865112,30677,30687,10
13.0541296005,80.2812805176,30687,30697,10
13.0528402328,80.2811279297,30697,30707,10
13.051779747,80.2809829712,30707,30717,10
13.0507802963,80.2808303833,30717,30727,10
13.0502500534,80.2807769775,30727,30737,10
13.0499095917,80.2807312012,30737,30747,10
13.0494403839,80.2806777954,30747,30757,10
13.0489597321,80.2805633545,30757,30768,11
13.04804039,80.2804336548,30768,30778,10
13.0470199585,80.2802886963,30778,30788,10
13.0458602905,80.280128479,30788,30798,10
13.0447101593,80.2799835205,30798,30808,10
13.0436496735,80.279800415,30808,30859,51
13.0436201096,80.279838562,30859,30879,20
13.0436201096,80.279838562,30879,30889,10
13.0432796478,80.2792434692,30889,30899,10
13.0432901382,80.2785186768,30899,30909,10
13.0433502197,80.2774581909,30909,30929,20
13.0433502197,80.2774581909,30929,30939,10
13.0433197021,80.2771377563,30939,30950,11
13.0433101654,80.2763519287,30950,30960,10
13.0433301926,80.2754974365,30960,30970,10
13.0433502197,80.2744369507,30970,31000,30
13.0433502197,80.2744369507,31000,31010,10
13.043510437,80.2733612061,31010,31020,10
13.0437097549,80.2725219727,31020,31030,10
13.0438404083,80.2718582153,31030,31041,11
13.0438404083,80.2718429565,31041,31051,10
13.0439395905,80.2715072632,31051,31061,10
13.0440998077,80.2707824707,31061,31071,10
13.0442695618,80.2699279785,31071,31081,10
13.0444297791,80.2690811157,31081,31091,10
13.0444803238,80.2685699463,31091,31101,10
13.0444898605,80.2685699463,31101,31111,10
13.0444803238,80.2683181763,31111,31121,10
13.0441303253,80.2682723999,31121,31132,11
13.043589592,80.2682800293,31132,31142,10
13.0427904129,80.2682189941,31142,31152,10
13.0419797897,80.2682800293,31152,31162,10
13.0412197113,80.2683029175,31162,31172,10
13.0411701202,80.2682723999,31172,31182,10
13.0410404205,80.2682113647,31182,31192,10
13.0405797958,80.2681121826,31192,31202,10
13.0399198532,80.2678833008,31202,31212,10
13.0392799377,80.2677230835,31212,31222,10
13.0384397507,80.2677230835,31222,31233,11
13.0376396179,80.2677536011,31233,31243,10
13.0374498367,80.2676467896,31243,31253,10
13.0371198654,80.2676391602,31253,31304,51
13.0370702744,80.2676467896,31304,31678,374
13.0370702744,80.2676467896,31678,31688,10
13.0313997269,80.2670516968,31688,31698,10
13.0307598114,80.2668685913,31698,31708,10
13.0301504135,80.2667007446,31708,31718,10
13.0294504166,80.2666168213,31718,31728,10
13.0291996002,80.2666091919,31728,31738,10
13.0287504196,80.2665100098,31738,31748,10
13.0282297134,80.2664031982,31748,31758,10
13.0274000168,80.2661972046,31758,31768,10
13.0267496109,80.2661437988,31768,31779,11
13.0264396667,80.2655029297,31779,31789,10
13.0264701843,80.2646484375,31789,31799,10
13.0265398026,80.2640304565,31799,31809,10
13.0265398026,80.2640228271,31809,31819,10
13.026599884,80.263710022,31819,31829,10
13.0266399384,80.2630996704,31829,31839,10
13.0267095566,80.2625427246,31839,31849,10
13.0267801285,80.261932373,31849,31859,10
13.0268602371,80.2611999512,31859,31870,11
13.0270700455,80.2602081299,31870,31880,10
13.0270795822,80.2593231201,31880,31890,10
13.0270700455,80.2584381104,31890,31900,10
13.0270700455,80.2572784424,31900,31910,10
13.0270595551,80.2567825317,31910,31930,20
13.0270595551,80.2567825317,31930,31940,10
13.0270595551,80.2565689087,31940,31950,10
13.027009964,80.256187439,31950,31961,11
13.0270395279,80.2560195923,31961,31971,10
13.0270900726,80.2554626465,31971,31981,10
13.027130127,80.254737854,31981,31991,10
13.0271596909,80.2539672852,31991,32001,10
13.0272397995,80.2534408569,32001,32011,10
13.0274200439,80.2526168823,32011,32021,10
13.0277204514,80.2516403198,32021,32031,10
13.0282001495,80.2507400513,32031,32041,10
13.0286998749,80.2499237061,32041,32052,11
13.0289697647,80.2491607666,32052,32062,10
13.0290002823,80.2490386963,32062,32072,10
13.0290498734,80.248878479,32072,32082,10
13.0291795731,80.248298645,32082,32092,10
13.0292797089,80.2475204468,32092,32102,10
13.0293598175,80.2468795776,32102,32112,10
13.0294799805,80.2461776733,32112,32122,10
13.0295095444,80.2460784912,32122,32132,10
13.0293998718,80.2457427979,32132,32143,11
13.0287303925,80.2456817627,32143,32153,10
13.0279998779,80.2456665039,32153,32163,10
13.0275497437,80.2448577881,32163,32173,10
13.0274200439,80.2439193726,32173,32183,10
13.0259304047,80.2437591553,32183,32193,10
13.0248203278,80.2433929443,32193,32203,10
13.0235395432,80.2429733276,32203,32213,10
13.0223302841,80.2424926758,32213,32223,10
13.0219802856,80.242477417,32223,32234,11
13.0218801498,80.2424163818,32234,32244,10
13.0213603973,80.2422332764,32244,32254,10
13.0205898285,80.2419662476,32254,32264,10
13.0200004578,80.2418670654,32264,32274,10
13.0194301605,80.2416763306,32274,32284,10
13.0188503265,80.2413406372,32284,32294,10
13.0188302994,80.2414474487,32294,32304,10
13.0184402466,80.2413330078,32304,32314,10
13.0180997849,80.2412185669,32314,32325,11
13.0176801682,80.2410583496,32325,32335,10
13.0173597336,80.2409591675,32335,32345,10
13.0158500671,80.2406997681,32345,32355,10
13.0151901245,80.240562439,32355,32365,10
13.0144796371,80.2404632568,32365,32375,10
13.0135097504,80.2404174805,32375,32385,10
13.0124502182,80.2404403687,32385,32395,10
13.0112199783,80.2404708862,32395,32405,10
13.0099897385,80.2405471802,32405,32415,10
13.0087099075,80.2404937744,32415,32426,11
13.0065202713,80.2403793335,32426,32446,20
13.0065202713,80.2403793335,32446,32456,10
13.0069904327,80.2402572632,32456,32466,10
13.0069999695,80.2401809692,32466,32476,10
13.0070295334,80.2402877808,32476,32496,20
13.0070295334,80.2402877808,32496,32506,10
13.0068597794,80.2396316528,32506,32517,11
13.007060051,80.2387771606,32517,32527,10
13.0072097778,80.2379302979,32527,32537,10
13.0074300766,80.2370376587,32537,32547,10
13.0074300766,80.2367095947,32547,32557,10
13.0074300766,80.2367477417,32557,32567,10
13.0075702667,80.2363433838,32567,32577,10
13.0077295303,80.2356796265,32577,32587,10
13.0078802109,80.2347564697,32587,32597,10
13.0080795288,80.2338790894,32597,32608,11
13.0082902908,80.2324981689,32608,32618,10
13.0085496902,80.2312316895,32618,32628,10
13.0087900162,80.2300491333,32628,32638,10
13.0089902878,80.2289962769,32638,32648,10
13.009180069,80.2281570435,32648,32658,10
13.0094995499,80.2269210815,32658,32668,10
13.0107498169,80.224861145,32668,32719,51
13.0107498169,80.224861145,32719,32729,10
13.0115404129,80.2223434448,32729,32739,10
13.0120401382,80.2214431763,32739,32749,10
13.0120897293,80.2209472656,32749,32759,10
13.0119695663,80.2204284668,32759,32770,11
13.0117902756,80.2197494507,32770,32779,9
13.0116596222,80.2191390991,32779,32790,11
13.0109701157,80.2176132202,32790,32800,10
13.0105800629,80.2165985107,32800,32810,10
13.0101995468,80.2159881592,32810,32820,10
13.0098400116,80.2152175903,32820,32830,10
13.0094604492,80.2145385742,32830,32840,10
13.0089998245,80.2140808105,32840,32850,10
13.008649826,80.2138137817,32850,32860,10
13.0085096359,80.2136001587,32860,32870,10
13.0084104538,80.213508606,32870,32881,11
13.0080404282,80.2132415771,32881,32891,10
13.0077295303,80.2129669189,32891,32982,91
13.0077295303,80.2129669189,32982,32992,10
13.0037202835,80.2108612061,32992,33002,10
13.0035800934,80.2099914551,33002,33012,10
13.0036401749,80.2092208862,33012,33022,10
13.0038604736,80.2079772949,33022,33063,41
13.0038604736,80.2079772949,33063,33073,10
13.0063896179,80.2096633911,33073,33083,10
13.006819725,80.2097167969,33083,33093,10
13.0071201324,80.2098083496,33093,33103,10
13.0076503754,80.2098922729,33103,33113,10
13.0080604553,80.2099227905,33113,33133,20
13.0082302094,80.2099304199,33133,33194,61
13.007519722,80.204208374,33194,33214,20
13.007519722,80.204208374,33214,33224,10
13.0071802139,80.2022476196,33224,33234,10
13.0065603256,80.2030487061,33234,33244,10
13.0071401596,80.2035598755,33244,33255,11
13.0080099106,80.2038497925,33255,33265,10
13.0088300705,80.2035827637,33265,33275,10
13.0102500916,80.20362854,33275,33285,10
13.0115499496,80.203666687,33285,33295,10
13.013010025,80.2039794922,33295,33305,10
13.0140199661,80.2043380737,33305,33315,10
13.014840126,80.2045211792,33315,33325,10
13.013589859,80.2046813965,33325,33335,10
13.0135402679,80.2048110962,33335,33346,11
13.0133495331,80.2052993774,33346,33356,10
13.0130300522,80.2063217163,33356,33366,10
13.0129804611,80.2071762085,33366,33376,10
13.0129098892,80.2080612183,33376,33386,10
13.0129098892,80.2082977295,33386,33396,10
13.012960434,80.2085113525,33396,33406,10
13.0129404068,80.2086868286,33406,33416,10
13.0129299164,80.2087402344,33416,33427,11
13.0132598877,80.2100601196,33427,33467,40
13.0128097534,80.2121200562,33467,33497,30
13.0128097534,80.2121200562,33497,33507,10
13.0105600357,80.2119216919,33507,33518,11
13.0101604462,80.2116394043,33518,33558,40
13.0101604462,80.2116394043,33558,33568,10
13.0100002289,80.2115020752,33568,34802,1234
13.0100002289,80.2115020752,34802,34812,10
13.009469986,80.2110824585,34812,34822,10
13.0093297958,80.2111587524,34822,34974,152
13.0090999603,80.2114715576,34974,35014,40
13.0090999603,80.2114715576,35014,35024,10
13.0093603134,80.212677002,35024,35034,10
13.0095596313,80.2132110596,35034,35044,10
13.0097703934,80.213760376,35044,35054,10
13.0100002289,80.2142868042,35054,35064,10
13.0101499557,80.2148895264,35064,35075,11
13.0102901459,80.2157897949,35075,35085,10
13.0106601715,80.2166366577,35085,35095,10
13.0110502243,80.2174835205,35095,35105,10
13.0114002228,80.218421936,35105,35115,10
13.011759758,80.2194595337,35115,35125,10
13.012049675,80.2205200195,35125,35135,10
13.012260437,80.2212371826,35135,35145,10
13.0125904083,80.222038269,35145,35155,10
13.0130796432,80.2226486206,35155,35166,11
13.0138597488,80.223449707,35166,35176,10
13.0144796371,80.2241821289,35176,35186,10
13.014960289,80.224647522,35186,35196,10
13.0153303146,80.2249984741,35196,35206,10
13.0155000687,80.2255096436,35206,35216,10
13.0150604248,80.2258987427,35216,35226,10
13.0144100189,80.2262496948,35226,35247,21
13.0144100189,80.2262496948,35247,35257,10
13.0142698288,80.2263336182,35257,35267,10
13.0139703751,80.2263793945,35267,35277,10
13.0134401321,80.226600647,35277,35287,10
13.0128202438,80.2268295288,35287,35297,10
13.0121002197,80.2271118164,35297,35307,10
13.011349678,80.2274093628,35307,35317,10
13.0105400085,80.2277374268,35317,35327,10
13.0097103119,80.2280883789,35327,35337,10
13.0091695786,80.2285614014,35337,35347,10
13.0089797974,80.2293395996,35347,35358,11
13.0087499619,80.2304916382,35358,35368,10
13.0085296631,80.2315216064,35368,35378,10
13.0083198547,80.2325515747,35378,35388,10
13.008190155,80.2335510254,35388,35408,20
13.008190155,80.2335510254,35408,35418,10
13.0081501007,80.2338409424,35418,35428,10
13.0080604553,80.2342987061,35428,35438,10
13.0079097748,80.2350997925,35438,35449,11
13.0077199936,80.2359390259,35449,35459,10
13.0075302124,80.2368927002,35459,35469,10
13.0073204041,80.2378005981,35469,35479,10
13.0071897507,80.2385482788,35479,35489,10
13.0069999695,80.239402771,35489,35499,10
13.006939888,80.2400894165,35499,35509,10
13.0073699951,80.2402572632,35509,35529,20
13.0073699951,80.2402572632,35529,35540,11
13.007809639,80.2403488159,35540,35550,10
13.0085201263,80.2404174805,35550,35560,10
13.0094203949,80.2404403687,35560,35570,10
13.0104799271,80.2404174805,35570,35580,10
13.0116300583,80.2403869629,35580,35590,10
13.012840271,80.2403793335,35590,35600,10
13.0140695572,80.2403717041,35600,35610,10
13.0152997971,80.2405014038,35610,35620,10
13.0165500641,80.2406997681,35620,35631,11
13.0178098679,80.2409515381,35631,35661,30
13.0178098679,80.2409515381,35661,35671,10
13.0180902481,80.2410507202,35671,35681,10
13.0185403824,80.2411804199,35681,35691,10
13.0185804367,80.2411880493,35691,35701,10
13.0188398361,80.2413101196,35701,35711,10
13.0194396973,80.2414627075,35711,35722,11
13.0202999115,80.2417221069,35722,35732,10
13.0213003159,80.2420730591,35732,35742,10
13.0222501755,80.2423629761,35742,35752,10
13.0232801437,80.24269104,35752,35782,30
13.0232801437,80.24269104,35782,35792,10
13.0236101151,80.2428131104,35792,35802,10
13.0241498947,80.243057251,35802,35813,11
13.0248403549,80.2433013916,35813,35823,10
13.0254201889,80.2435073853,35823,35833,10
13.0261497498,80.2437515259,35833,35843,10
13.0270004272,80.2440567017,35843,35853,10
13.0275497437,80.2447280884,35853,35863,10
13.0278902054,80.2454833984,35863,35873,10
13.0287504196,80.2455978394,35873,35883,10
13.0294103622,80.2455825806,35883,35934,51
13.0294103622,80.2455825806,35934,35944,10
13.0295600891,80.2458114624,35944,35954,10
13.0294303894,80.246307373,35954,35964,10
13.0293598175,80.2470016479,35964,35974,10
13.029250145,80.2475967407,35974,35984,10
13.0291795731,80.248298645,35984,35995,11
13.0290002823,80.2490386963,35995,36005,10
13.0289497375,80.2492218018,36005,36015,10
13.0289697647,80.2494506836,36015,36035,20
13.0289697647,80.2494506836,36035,36045,10
13.0288496017,80.2498626709,36045,36055,10
13.0285396576,80.2503814697,36055,36065,10
13.0281095505,80.2510528564,36065,36075,10
13.0277299881,80.2518997192,36075,36086,11
13.0274801254,80.2528991699,36086,36096,10
13.0273399353,80.2536315918,36096,36106,10
13.0272502899,80.2542266846,36106,36116,10
13.0272302628,80.2542877197,36116,36126,10
13.0272102356,80.2545623779,36126,36136,10
13.0271396637,80.2550506592,36136,36146,10
13.0271196365,80.2557373047,36146,36156,10
13.0271196365,80.2562408447,36156,36166,10
13.0270996094,80.256942749,36166,36177,11
13.0270996094,80.2577285767,36177,36187,10
13.0270996094,80.2585525513,36187,36197,10
13.0270900726,80.2591629028,36197,36207,10
13.0270299911,80.2597198486,36207,36217,10
13.0269098282,80.2606124878,36217,36227,10
13.0268497467,80.2612686157,36227,36237,10
13.0266799927,80.2617492676,36237,36247,10
13.0265703201,80.2624664307,36247,36257,10
13.026720047,80.263130188,36257,36268,11
13.0273504257,80.2633972168,36268,36278,10
13.027759552,80.2635498047,36278,36288,10
13.028169632,80.263710022,36288,36298,10
13.0283203125,80.2637405396,36298,36308,10
13.0284996033,80.2638092041,36308,36318,10
13.0290002823,80.263923645,36318,36328,10
13.0293598175,80.2641906738,36328,36338,10
13.0293798447,80.2646179199,36338,36348,10
13.0293703079,80.2653121948,36348,36359,11
13.029299736,80.2659072876,36359,36379,20
13.029299736,80.2659072876,36379,36389,10
13.0292100906,80.2665328979,36389,36399,10
13.0295696259,80.2666015625,36399,36409,10
13.0301599503,80.2666778564,36409,36419,10
13.0308799744,80.2667770386,36419,36429,10
13.0316095352,80.266960144,36429,36439,10
13.0322599411,80.267250061,36439,36450,11
13.0326299667,80.2675170898,36450,36460,10
13.0331201553,80.2677307129,36460,36470,10
13.034040451,80.2678985596,36470,36490,20
13.034040451,80.2678985596,36490,36500,10
13.0341100693,80.267906189,36500,36510,10
13.0345401764,80.2679901123,36510,36520,10
13.0351200104,80.2678985596,36520,36530,10
13.0358400345,80.267791748,36530,36540,10
13.0364904404,80.2677001953,36540,36551,11
13.0369997025,80.2673721313,36551,36561,10
13.0370903015,80.2666397095,36561,36571,10
13.0371599197,80.2660522461,36571,36581,10
13.0371799469,80.2660903931,36581,36591,10
13.0373001099,80.2654724121,36591,36601,10
13.0375003815,80.2646331787,36601,36611,10
13.0378799438,80.2643508911,36611,36621,10
13.0384302139,80.2644577026,36621,36631,10
13.0387601852,80.264541626,36631,36642,11
13.0393896103,80.2646331787,36642,36652,10
13.0399303436,80.2645263672,36652,36662,10
13.0405597687,80.2645568848,36662,36672,10
13.0408697128,80.2645568848,36672,36682,10
13.041469574,80.2648010254,36682,36692,10
13.0412902832,80.2653884888,36692,36702,10
13.0412302017,80.2659835815,36702,36712,10
13.0410203934,80.2667770386,36712,36722,10
13.0409097672,80.2670974731,36722,36733,11
13.0408601761,80.2678375244,36733,36743,10
13.0415401459,80.2680892944,36743,36763,20
13.0415401459,80.2680892944,36763,36773,10
13.0417604446,80.2681427002,36773,36783,10
13.0423297882,80.2680587769,36783,36793,10
13.0429401398,80.2677230835,36793,36803,10
13.0433597565,80.2674865723,36803,36813,10
13.0439395905,80.2670822144,36813,36824,11
13.0441904068,80.2669219971,36824,36834,10
13.0444002151,80.2667770386,36834,36854,20
13.0444002151,80.2667770386,36854,36864,10
13.0443201065,80.2668228149,36864,36874,10
13.0444803238,80.267250061,36874,36884,10
13.0444898605,80.2679824829,36884,36895,11
13.0444297791,80.2693710327,36895,36935,40
13.0444297791,80.2693710327,36935,36945,10
13.0437803268,80.2723236084,36945,36955,10
13.0435304642,80.2736816406,36955,36965,10
13.0431499481,80.2755203247,36965,36995,30
13.0431499481,80.2755203247,36995,37006,11
13.0433397293,80.2746734619,37006,37016,10
13.0433301926,80.2755584717,37016,37026,10
13.0433397293,80.2764205933,37026,37036,10
13.0433397293,80.2773590088,37036,37046,10
13.0433502197,80.2777404785,37046,37056,10
13.0433597565,80.2777862549,37056,37066,10
13.0433397293,80.2781906128,37066,37076,10
13.0433397293,80.2788925171,37076,37086,10
13.0434398651,80.2796020508,37086,37097,11
13.0441999435,80.2798614502,37097,37107,10
13.0452003479,80.2800064087,37107,37117,10
13.0460500717,80.2801208496,37117,37127,10
13.0466995239,80.2802124023,37127,37137,10
13.0475997925,80.2803421021,37137,37147,10
13.0485200882,80.280456543,37147,37157,10
13.0492296219,80.2805480957,37157,37167,10
13.0496702194,80.2806167603,37167,37177,10
13.0497999191,80.2806396484,37177,37188,11
13.0504999161,80.2807388306,37188,37198,10
13.0512199402,80.2808532715,37198,37208,10
13.0521001816,80.2809829712,37208,37218,10
13.0529699326,80.2811126709,37218,37228,10
13.0539999008,80.2812728882,37228,37238,10
13.0550003052,80.281463623,37238,37248,10
13.0555801392,80.281578064,37248,37258,10
13.0563201904,80.2817382813,37258,37268,10
13.0564098358,80.2817687988,37268,37278,10
13.0567398071,80.2818527222,37278,37289,11
13.0570402145,80.2818984985,37289,37299,10
13.0574302673,80.2819824219,37299,37309,10
13.0581798553,80.282119751,37309,37319,10
13.0591402054,80.2823028564,37319,37329,10
13.0601997375,80.2825317383,37329,37339,10
13.0612096786,80.2827301025,37339,37349,10
13.06208992,80.2829437256,37349,37359,10
13.06291008,80.2831192017,37359,37369,10
13.0630102158,80.2831420898,37369,37380,11
13.0633001328,80.2832107544,37380,37390,10
13.06346035,80.2832489014,37390,37400,10
13.0638399124,80.2833328247,37400,37450,50
13.0638399124,80.2833328247,37450,37461,11
13.0640296936,80.2833709717,37461,37471,10
13.0647001266,80.2835235596,37471,37481,10
13.0656204224,80.2837295532,37481,37491,10
13.0666599274,80.2839431763,37491,37501,10
13.0677995682,80.2842025757,37501,37511,10
13.0691604614,80.2844924927,37511,37531,20
13.0691604614,80.2844924927,37531,37541,10
13.0720596313,80.2851791382,37541,37551,10
13.0733003616,80.2852935791,37551,37562,11
13.0741701126,80.2857589722,37562,37572,10
13.0749101639,80.2863998413,37572,37582,10
13.0756797791,80.2868728638,37582,37592,10
13.0766201019,80.2871627808,37592,37602,10
13.0776395798,80.2874221802,37602,37612,10
13.0785903931,80.2876586914,37612,37622,10
13.0795202255,80.2880020142,37622,37632,10
13.0797996521,80.2880172729,37632,37642,10
13.0799798965,80.2880630493,37642,37653,11
13.0807504654,80.2882385254,37653,37673,20
13.0807504654,80.2882385254,37673,37683,10
13.0811004639,80.2883911133,37683,37693,10
13.0815496445,80.28855896,37693,37703,10
13.0826797485,80.2889785767,37703,37713,10
13.0836296082,80.2891464233,37713,37723,10
13.0845003128,80.2891387939,37723,37733,10
13.0855998993,80.2891769409,37733,37744,11
13.0867795944,80.2894515991,37744,37754,10
13.0874500275,80.2897109985,37754,37764,10
13.088139534,80.2900085449,37764,37774,10
13.0888500214,80.2903289795,37774,37784,10
13.0889701843,80.2900009155,37784,37794,10
13.0890102386,80.2900009155,37794,37804,10
13.0893001556,80.2900924683,37804,37835,31
13.0893001556,80.2900924683,37835,37845,10
13.0869398117,80.289680481,37845,37855,10
13.0857496262,80.2893981934,37855,37865,10
13.0853700638,80.2887878418,37865,37875,10
13.0846796036,80.2875671387,37875,38128,253
13.0867500305,80.2838516235,38128,38158,30
13.0867500305,80.2838516235,38158,38168,10
13.0869398117,80.2839508057,38168,38178,10
13.0871696472,80.2839279175,38178,38188,10
13.087389946,80.2839279175,38188,38199,11
13.0877399445,80.2838973999,38199,38340,141
13.0880899429,80.2838516235,38340,38391,51
13.0880899429,80.2838516235,38391,38401,10
13.0882396698,80.283493042,38401,38411,10
13.0883998871,80.2832183838,38411,38441,30
13.0883998871,80.2832183838,38441,38451,10
13.0876903534,80.2814483643,38451,38461,10
13.0870599747,80.2812576294,38461,38472,11
13.086400032,80.2810974121,38472,38482,10
13.0862197876,80.2810516357,38482,38492,10
13.0855102539,80.280166626,38492,38502,10
13.0852499008,80.2794265747,38502,38512,10
13.0847797394,80.2788009644,38512,38522,10
13.0834503174,80.2791213989,38522,38532,10
13.0826597214,80.2787399292,38532,38542,10
13.081609726,80.2783508301,38542,38583,41
13.081609726,80.2783508301,38583,38593,10
13.0823297501,80.2785873413,38593,38603,10
13.0819702148,80.2783584595,38603,38613,10
13.0818996429,80.2779006958,38613,38623,10
13.0818595886,80.2774887085,38623,38633,10
13.0818300247,80.2773895264,38633,38643,10
13.0817899704,80.2772369385,38643,38653,10
13.0817298889,80.2767868042,38653,38684,31
13.0817298889,80.2767868042,38684,38694,10
13.0816602707,80.276512146,38694,38704,10
13.0815601349,80.2760009766,38704,38724,20
13.0815601349,80.2760009766,38724,38734,10
13.0815696716,80.2759399414,38734,38744,10
13.0815401077,80.2757797241,38744,38755,11
13.0815000534,80.2755432129,38755,38997,242
13.0815000534,80.2755432129,38997,39007,10
13.081410408,80.275177002,39007,39017,10
13.0811195374,80.2752075195,39017,39028,11
13.080619812,80.2752838135,39028,39038,10
13.080039978,80.2753601074,39038,39048,10
13.0794801712,80.2753295898,39048,39058,10
13.078789711,80.2751998901,39058,39068,10
13.0782299042,80.2757720947,39068,39078,10
13.0776100159,80.2762374878,39078,39088,10
13.0768404007,80.2762832642,39088,39098,10
13.076089859,80.2763366699,39098,39108,10
13.0753803253,80.2763824463,39108,39119,11
13.0750799179,80.2763977051,39119,39129,10
13.0749702454,80.2763824463,39129,39139,10
13.0745000839,80.2763977051,39139,39149,10
13.0739803314,80.2764587402,39149,39159,10
13.0734996796,80.2764434814,39159,39169,10
13.0730199814,80.2759094238,39169,39179,10
13.0724697113,80.2752990723,39179,39189,10
13.0717802048,80.2746505737,39189,39240,51
13.0717802048,80.2746505737,39240,39250,10
13.0713500977,80.274559021,39250,39260,10
13.0707798004,80.2743606567,39260,39270,10
13.0707397461,80.2743301392,39270,39280,10
13.0706300735,80.2742233276,39280,39290,10
13.0704097748,80.2737503052,39290,39300,10
13.070019722,80.2732315063,39300,39311,11
13.069439888,80.272567749,39311,39321,10
13.0689201355,80.2720413208,39321,39331,10
13.0682497025,80.2717590332,39331,39341,10
13.0677995682,80.2711029053,39341,39351,10
13.0671796799,80.2704315186,39351,39361,10
13.0665998459,80.26978302,39361,39371,10
13.066450119,80.2690887451,39371,39381,10
13.0662698746,80.2683181763,39381,39391,10
13.0657396317,80.2677307129,39391,39402,11
13.0651702881,80.2676391602,39402,39422,20
13.0651702881,80.2676391602,39422,39432,10
13.0650997162,80.2675476074,39432,39442,10
13.0644397736,80.2675018311,39442,39452,10
13.0637702942,80.2673568726,39452,39462,10
13.0630397797,80.2672424316,39462,39472,10
13.0624504089,80.2668304443,39472,39483,11
13.0619096756,80.2661514282,39483,39493,10
13.0614900589,80.2656021118,39493,39503,10
13.0603904724,80.2657165527,39503,39513,10
13.0603704453,80.2655334473,39513,39523,10
13.0603504181,80.2655410767,39523,39533,10
13.0601196289,80.2656097412,39533,39543,10
13.059510231,80.2655792236,39543,39553,10
13.0583295822,80.2653579712,39553,39584,31
13.0583295822,80.2653579712,39584,39594,10
13.0582399368,80.2653808594,39594,39604,10
13.0577602386,80.2651824951,39604,39614,10
13.0571603775,80.2649230957,39614,39624,10
13.0571098328,80.2648773193,39624,39634,10
13.0569295883,80.2647705078,39634,39644,10
13.0565395355,80.2646408081,39644,39654,10
13.0560102463,80.2645568848,39654,39664,10
13.0552597046,80.2644729614,39664,39675,11
13.0545196533,80.2643814087,39675,39685,10
13.0544595718,80.2643585205,39685,39695,10
13.0543203354,80.2643432617,39695,39705,10
13.0540399551,80.2642822266,39705,39715,10
13.053899765,80.2642211914,39715,39725,10
13.0536699295,80.2640533447,39725,39735,10
13.0532903671,80.2639694214,39735,39745,10
13.05286026,80.263923645,39745,39755,10
13.0524396896,80.2638397217,39755,39766,11
13.0519504547,80.2638931274,39766,39776,10
13.0517396927,80.2639389038,39776,39786,10
13.0516004562,80.2639770508,39786,39796,10
13.0511302948,80.2640914917,39796,39806,10
13.0505895615,80.2641372681,39806,39816,10
13.0499095917,80.2640686035,39816,39826,10
13.049200058,80.2642364502,39826,39836,10
13.0488796234,80.2650222778,39836,39846,10
13.0483398438,80.2657394409,39846,39857,11
13.0476799011,80.2662582397,39857,39867,10
13.0469703674,80.2663803101,39867,39887,20
13.0469703674,80.2663803101,39887,39897,10
13.046500206,80.266418457,39897,39907,10
13.045800209,80.2666320801,39907,39917,10
13.0450401306,80.2667388916,39917,39927,10
13.0443201065,80.266960144,39927,39937,10
13.0434799194,80.2674636841,39937,39948,11
13.0424699783,80.2681121826,39948,39958,10
13.0415401459,80.2682571411,39958,39968,10
13.0411396027,80.2682571411,39968,39978,10
13.0410900116,80.2682418823,39978,39988,10
13.0407600403,80.268157959,39988,39998,10
13.040189743,80.2679977417,39998,40008,10
13.0395803452,80.2677993774,40008,40018,10
13.0388803482,80.2676773071,40018,40028,10
13.0378799438,80.2677230835,40028,40039,11
13.037560463,80.2677078247,40039,40049,10
13.0373601913,80.2676620483,40049,40069,20
13.0373601913,80.2676620483,40069,40079,10
13.0369997025,80.267616272,40079,40089,10
13.0366697311,80.2677078247,40089,40099,10
13.0362701416,80.2677688599,40099,40109,10
13.0358200073,80.267829895,40109,40119,10
13.0354604721,80.267868042,40119,40130,11
13.0349597931,80.2679672241,40130,40140,10
13.0343704224,80.2680587769,40140,40150,10
13.0342702866,80.2680511475,40150,40160,10
13.034119606,80.2679977417,40160,40170,10
13.0337200165,80.2679290771,40170,40180,10
13.0332899094,80.2678604126,40180,40190,10
13.0327501297,80.2677383423,40190,40200,10
13.0325298309,80.2675476074,40200,40210,10
13.032119751,80.2673416138,40210,40221,11
13.0314397812,80.2670516968,40221,40231,10
13.0306596756,80.2668609619,40231,40241,10
13.0300397873,80.266746521,40241,40251,10
13.0297603607,80.2666702271,40251,40261,10
13.029589653,80.2666320801,40261,40271,10
13.0292797089,80.2665710449,40271,40281,10
13.0290899277,80.2664413452,40281,40291,10
13.0289001465,80.2664108276,40291,40301,10
13.0286598206,80.2663497925,40301,40312,11
13.0281600952,80.2662811279,40312,40322,10
13.0275201797,80.2661819458,40322,40332,10
13.0269699097,80.2661209106,40332,40342,10
13.0266599655,80.2655563354,40342,40383,41
13.0265598297,80.2655792236,40383,40716,333
13.0264701843,80.2655029297,40716,41040,324
13.0261802673,80.2653808594,41040,41060,20
13.0261802673,80.2653808594,41060,41070,10
13.0263795853,80.2637863159,41070,41080,10
13.0265598297,80.2635421753,41080,41090,10
13.0265703201,80.2636566162,41090,41100,10
13.0266304016,80.2633514404,41100,41110,10
13.0269403458,80.263343811,41110,41120,10
13.0274200439,80.2634277344,41120,41130,10
13.0279598236,80.2635879517,41130,41141,11
13.0283498764,80.2637405396,41141,41151,10
13.0287599564,80.2638168335,41151,41161,10
13.0292301178,80.2639465332,41161,41171,10
13.029299736,80.2643737793,41171,41181,10
13.0293197632,80.2649307251,41181,41191,10
13.029299736,80.2653808594,41191,41201,10
13.0292701721,80.2659378052,41201,41211,10
13.0292701721,80.2659606934,41211,41221,10
13.0292396545,80.2661209106,41221,41232,11
13.0291900635,80.2663421631,41232,41242,10
13.0293197632,80.2665100098,41242,41252,10
13.0295295715,80.2666015625,41252,41262,10
13.0302095413,80.2667007446,41262,41272,10
13.0307798386,80.266708374,41272,41282,10
13.0314998627,80.266960144,41282,41292,10
13.032119751,80.2671966553,41292,41302,10
13.0323495865,80.2673416138,41302,41312,10
13.0326499939,80.2675094604,41312,41323,11
13.0331201553,80.2676773071,41323,41333,10
13.0340204239,80.2678909302,41333,41353,20
13.0340204239,80.2678909302,41353,41363,10
13.0341596603,80.2679519653,41363,41373,10
13.0346803665,80.2679672241,41373,41386,13
13.0354003906,80.267868042,41386,41396,10
13.0363397598,80.2677230835,41396,41406,10
13.0368204117,80.2675170898,41406,41417,11
13.0370397568,80.266456604,41417,41437,20
13.0370397568,80.266456604,41437,41447,10
13.037150383,80.2660522461,41447,41457,10
13.0373401642,80.2652816772,41457,41467,10
13.037560463,80.2644577026,41467,41477,10
13.0380802155,80.2643890381,41477,41487,10
13.0385198593,80.2644729614,41487,41497,10
13.038860321,80.2645263672,41497,41508,11
13.0394897461,80.2645797729,41508,41518,10
13.0401496887,80.264503479,41518,41528,10
13.0406398773,80.2645263672,41528,41538,10
13.0409698486,80.2645263672,41538,41548,10
13.0414104462,80.2647781372,41548,41558,10
13.0413398743,80.2652435303,41558,41568,10
13.0412597656,80.2658233643,41568,41578,10
13.0411701202,80.2665328979,41578,41588,10
13.0410699844,80.2670593262,41588,41599,11
13.0410003662,80.2674407959,41599,41609,10
13.0409297943,80.267906189,41609,41619,10
13.0410804749,80.2681884766,41619,41629,10
13.0415897369,80.2681427002,41629,41639,10
13.0416097641,80.2681427002,41639,41649,10
13.0418100357,80.2681503296,41649,41659,10
13.0423898697,80.268081665,41659,41670,11
13.0430202484,80.2677307129,41670,41680,10
13.043800354,80.2672576904,41680,41691,11
13.0445699692,80.2668304443,41691,41701,10
13.0454597473,80.2666320801,41701,41711,10
13.0464000702,80.2663803101,41711,41721,10
13.0471096039,80.266242981,41721,41731,10
13.0471801758,80.2662734985,41731,41741,10
13.0473203659,80.2663116455,41741,41751,10
13.0474500656,80.2662887573,41751,41761,10
13.0478000641,80.2661209106,41761,41771,10
13.0482702255,80.2657775879,41771,41782,11
13.0488195419,80.2651062012,41782,41792,10
13.0490999222,80.2642822266,41792,41802,10
13.0495595932,80.2639770508,41802,41812,10
13.0500001907,80.2640609741,41812,41822,10
13.0506296158,80.2640609741,41822,41832,10
13.0511598587,80.2639770508,41832,41842,10
13.0516300201,80.2639007568,41842,41852,10
13.0521602631,80.2637481689,41852,41862,10
13.0523796082,80.2637176514,41862,41873,11
13.0525398254,80.2637481689,41873,41883,10
13.0529603958,80.2637405396,41883,41893,10
13.0536003113,80.2638320923,41893,41903,10
13.0538597107,80.2640228271,41903,41933,30
13.0538597107,80.2640228271,41933,41943,10
13.053850174,80.263923645,41943,41953,10
13.0543603897,80.2641067505,41953,41964,11
13.0544996262,80.2641372681,41964,41974,10
13.0548095703,80.2642669678,41974,41984,10
13.0554599762,80.2643966675,41984,41994,10
13.0562400818,80.2644805908,41994,42004,10
13.0570497513,80.2646636963,42004,42014,10
13.0572004318,80.2647399902,42014,42024,10
13.0574903488,80.2649230957,42024,42034,10
13.0579795837,80.2649765015,42034,42044,10
13.0582199097,80.2645111084,42044,42055,11
13.057849884,80.2639007568,42055,42065,10
13.0577898026,80.2631072998,42065,42075,10
13.0577697754,80.2621612549,42075,42085,10
13.0576896667,80.2614135742,42085,42095,10
13.0576400757,80.2609634399,42095,42105,10
13.0577898026,80.2607574463,42105,42115,10
13.0587100983,80.2609329224,42115,42125,10
13.0592603683,80.2607574463,42125,42135,10
13.0598297119,80.2605514526,42135,42146,11
13.060379982,80.2611236572,42146,42156,10
13.0609302521,80.2616195679,42156,42166,10
13.0614595413,80.2621002197,42166,42176,10
13.061920166,80.2626495361,42176,42186,10
13.0624799728,80.2633209229,42186,42196,10
13.0633401871,80.2643203735,42196,42216,20
13.0629396439,80.2639312744,42216,42237,21
13.0630302429,80.2640762329,42237,42257,20
13.0630302429,80.2640762329,42257,42267,10
13.0640897751,80.2656936646,42267,42277,10
13.0644798279,80.2662582397,42277,42287,10
13.0648698807,80.2667388916,42287,42297,10
13.0651597977,80.2670669556,42297,42308,11
13.0654602051,80.2674407959,42308,42317,9
13.0663204193,80.268157959,42317,42338,21
13.0663204193,80.268157959,42338,42348,10
13.0664396286,80.2682800293,42348,42358,10
13.0667495728,80.2683486938,42358,42368,10
13.0669803619,80.2684631348,42368,42378,10
13.0671596527,80.2685775757,42378,42388,10
13.0676202774,80.2689285278,42388,42398,10
13.0680599213,80.2692565918,42398,42408,10
13.0682497025,80.2697296143,42408,42419,11
13.0681800842,80.2705383301,42419,42429,10
13.0681200027,80.2712478638,42429,42439,10
13.0684404373,80.2716827393,42439,42449,10
13.069029808,80.2719497681,42449,42459,10
13.0695800781,80.2720794678,42459,42469,10
13.070110321,80.2731018066,42469,42479,10
13.0707101822,80.2738037109,42479,42489,10
13.0710496902,80.274017334,42489,42499,10
13.0711803436,80.2740402222,42499,42510,11
13.0718002319,80.2743377686,42510,42520,10
13.0723695755,80.2749404907,42520,42530,10
13.0730304718,80.2756729126,42530,42540,10
13.0735197067,80.2761993408,42540,42550,10
13.0742101669,80.2763214111,42550,42560,10
13.0749197006,80.2761993408,42560,42570,10
13.0755596161,80.2761764526,42570,42590,20
13.0755596161,80.2761764526,42590,42601,11
13.0758695602,80.2762298584,42601,42611,10
13.0764398575,80.2762298584,42611,42621,10
13.0769796371,80.2761688232,42621,42631,10
13.0774803162,80.2761535645,42631,42641,10
13.0780496597,80.2760467529,42641,42651,10
13.0783395767,80.2753829956,42651,42661,10
13.079000473,80.2751235962,42661,42671,10
13.0798501968,80.2752838135,42671,42681,10
13.0808696747,80.2752609253,42681,42691,10
13.0812902451,80.275177002,42691,42702,11
13.0811796188,80.2750396729,42702,42712,10
13.0810499191,80.2749023438,42712,42722,10
13.0814695358,80.2751083374,42722,42732,10
13.0819196701,80.2751998901,42732,42742,10
13.081990242,80.2756195068,42742,42752,10
13.081990242,80.2757415771,42752,42762,10
13.081990242,80.2758026123,42762,42772,10
13.0818099976,80.2760314941,42772,42782,10
13.0818595886,80.2766418457,42782,42793,11
13.0819797516,80.2776184082,42793,42803,10
13.082110405,80.2786026001,42803,42813,10
13.0821800232,80.279586792,42813,42823,10
13.082280159,80.2807617188,42823,42833,10
13.0823802948,80.2816772461,42833,42843,10
13.0829696655,80.282119751,42843,42853,10
13.0840702057,80.2827911377,42853,42863,10
13.0847797394,80.2833404541,42863,42873,10
13.0852603912,80.283821106,42873,42884,11
13.0855197906,80.2835235596,42884,42894,10
13.085940361,80.283493042,42894,42904,10
13.0862798691,80.283416748,42904,42914,10
13.0867500305,80.2839202881,42914,42955,41
13.0867004395,80.2840118408,42955,43308,353
13.0867004395,80.2840118408,43308,43318,10
13.0883302689,80.2832183838,43318,43328,10
13.0883302689,80.2834701538,43328,43339,11
13.0883798599,80.2837982178,43339,43349,10
13.0884103775,80.2841415405,43349,43359,10
13.0884399414,80.2847976685,43359,43369,10
13.0884504318,80.2854690552,43369,43379,10
13.0884799957,80.2859420776,43379,43389,10
13.0884895325,80.2863693237,43389,43399,10
13.0884895325,80.2866134644,43399,43409,10
13.0885400772,80.2871932983,43409,43419,10
13.0885601044,80.2875289917,43419,43430,11
13.0886001587,80.287979126,43430,43440,10
13.0886697769,80.288520813,43440,43450,10
13.0886497498,80.2887268066,43450,43460,10
13.0887203217,80.2892303467,43460,43470,10
13.0887699127,80.2895584106,43470,43480,10
13.0888204575,80.2899932861,43480,43490,10
13.0888004303,80.2901077271,43490,43500,10
13.0887498856,80.2904205322,43500,43510,10
13.0882997513,80.2902679443,43510,43521,11
13.0875701904,80.2898788452,43521,43531,10
13.0867795944,80.2895584106,43531,43541,10
13.0858001709,80.2892990112,43541,43551,10
13.0849399567,80.2891616821,43551,43561,10
13.0840396881,80.2891998291,43561,43571,10
13.0833702087,80.2892227173,43571,43581,10
13.082570076,80.2890319824,43581,43591,10
13.0817604065,80.2886962891,43591,43601,10
13.0808801651,80.2883987427,43601,43611,10
13.0802202225,80.2882385254,43611,43622,11
13.0801200867,80.288230896,43622,43632,10
13.0799798965,80.2882003784,43632,43642,10
13.0794801712,80.2881011963,43642,43652,10
13.0787296295,80.2877807617,43652,43662,10
13.0779800415,80.2875137329,43662,43672,10
13.0771903992,80.2873077393,43672,43682,10
13.0761995316,80.287071228,43682,43692,10
13.0753297806,80.2867431641,43692,43703,11
13.0739803314,80.2861404419,43703,43733,30
13.0739803314,80.2861404419,43733,43743,10
13.0738201141,80.2860870361,43743,43753,10
13.0733203888,80.2859191895,43753,43763,10
13.0725803375,80.2855072021,43763,43773,10
13.0716400146,80.2852172852,43773,43783,10
13.070520401,80.2849273682,43783,43793,10
13.0692596436,80.2846374512,43793,43804,11
13.0679197311,80.2843322754,43804,43814,10
13.0667295456,80.2841186523,43814,43824,10
13.0655202866,80.2838363647,43824,43834,10
13.064499855,80.2836074829,43834,43844,10
13.0642204285,80.2835769653,43844,43854,10
13.0637702942,80.2834472656,43854,43864,10
13.0624599457,80.2831268311,43864,43884,20
13.0624599457,80.2831268311,43884,43895,11
13.0622596741,80.2830963135,43895,43905,10
13.0616798401,80.2829818726,43905,43915,10
13.0609397888,80.2828216553,43915,43925,10
13.0600299835,80.282623291,43925,43935,10
13.059009552,80.2823791504,43935,43945,10
13.0580196381,80.2821807861,43945,43955,10
13.0573196411,80.2820205688,43955,43965,10
13.0567798615,80.2819213867,43965,43975,10
13.0567598343,80.2819213867,43975,43986,11
13.0563201904,80.2818222046,43986,43996,10
13.0556001663,80.2816696167,43996,44006,10
13.0546703339,80.2814865112,44006,44016,10
13.0535402298,80.2812728882,44016,44026,10
13.0522899628,80.2810668945,44026,44036,10
13.0510597229,80.2808837891,44036,44046,10
13.0503797531,80.2807922363,44046,44056,10
13.0502195358,80.2807769775,44056,44066,10
13.0497198105,80.2807006836,44066,44077,11
13.0489196777,80.2805786133,44077,44087,10
13.0479402542,80.2804489136,44087,44097,10
13.0468196869,80.2802886963,44097,44107,10
13.0455999374,80.2801132202,44107,44117,10
13.0443897247,80.2799606323,44117,44127,10
13.0436000824,80.2798233032,44127,44157,30
13.0436000824,80.2798233032,44157,44168,11
13.043419838,80.279800415,44168,44178,10
13.0431995392,80.279296875,44178,44188,10
13.0432395935,80.2784729004,44188,44198,10
13.0432701111,80.2775497437,44198,44208,10
13.0432796478,80.2774734497,44208,44218,10
13.0432596207,80.2773895264,44218,44228,10
13.0432901382,80.2768936157,44228,44238,10
13.0432796478,80.2761306763,44238,44248,10
13.0433197021,80.2750778198,44248,44259,11
13.0433797836,80.2741012573,44259,44269,10
13.0434103012,80.2732925415,44269,44279,10
13.0438098907,80.2722167969,44279,44289,10
13.0438404083,80.2718887329,44289,44299,10
13.0438098907,80.2718276978,44299,44309,10
13.0439195633,80.2712402344,44309,44319,10
13.0441999435,80.2703170776,44319,44329,10
13.0444297791,80.26927948,44329,44339,10
13.0445299149,80.2685394287,44339,44350,11
13.0444002151,80.2684402466,44350,44360,10
13.044210434,80.2683792114,44360,44370,10
13.0438604355,80.2683410645,44370,44380,10
13.0431804657,80.2682723999,44380,44390,10
13.0423898697,80.2682418823,44390,44400,10
13.0417003632,80.2682876587,44400,44410,10
13.0412101746,80.2682723999,44410,44420,10
13.0411500931,80.2682418823,44420,44430,10
13.0408201218,80.2682113647,44430,44441,11
13.0402402878,80.2680511475,44441,44451,10
13.0398702621,80.2678985596,44451,44461,10
13.0392303467,80.2677536011,44461,44471,10
13.0377397537,80.2676773071,44471,44491,20
13.0377397537,80.2676773071,44491,44501,10
13.0372896194,80.267578125,44501,44552,51
13.0372896194,80.267578125,44552,44562,10
13.0371103287,80.2676010132,44562,44572,10
13.0367898941,80.2677001953,44572,44582,10
13.0363702774,80.2677764893,44582,44592,10
13.035900116,80.2678604126,44592,44602,10
13.0354700089,80.2678833008,44602,44612,10
13.0345602036,80.2680587769,44612,44633,21
13.0345602036,80.2680587769,44633,44643,10
13.034239769,80.2680435181,44643,44663,20
13.034239769,80.2680435181,44663,44673,10
13.0339298248,80.2679824829,44673,44683,10
13.0334596634,80.2678909302,44683,44693,10
13.0329904556,80.2677764893,44693,44703,10
13.0327596664,80.2676391602,44703,44713,10
13.0324296951,80.2675094604,44713,44724,11
13.0319595337,80.2672424316,44724,44734,10
13.0313196182,80.2669525146,44734,44744,10
13.0306901932,80.2668304443,44744,44754,10
13.0304203033,80.2667922974,44754,44764,10
13.0302000046,80.2667388916,44764,44774,10
13.02987957,80.2666778564,44774,44794,20
13.02987957,80.2666778564,44794,44804,10
13.0293998718,80.2665405273,44804,44815,11
13.029129982,80.2664108276,44815,44825,10
13.028670311,80.2663269043,44825,44835,10
13.0281896591,80.2661972046,44835,44845,10
13.0275602341,80.2661514282,44845,44855,10
13.0269403458,80.2660903931,44855,44865,10
13.0264997482,80.2659988403,44865,44875,10
13.0264797211,80.2659912109,44875,44885,10
13.0263299942,80.2656173706,44885,44895,10
13.026309967,80.26512146,44895,44906,11
13.0265302658,80.2640304565,44906,44926,20
13.0265302658,80.2640304565,44926,44936,10
13.0265798569,80.263923645,44936,44946,10
13.0265798569,80.2635498047,44946,44956,10
13.0265798569,80.2631072998,44956,44966,10
13.0265398026,80.2628097534,44966,44976,10
13.0266504288,80.2623596191,44976,44986,10
13.0266399384,80.261680603,44986,44997,11
13.0268201828,80.2608413696,44997,45007,10
13.0269498825,80.2601470947,45007,45017,10
13.0268096924,80.2595291138,45017,45027,10
13.0268497467,80.2586975098,45027,45037,10
13.0269804001,80.2577667236,45037,45047,10
13.0269603729,80.2569122314,45047,45077,30
13.0271596909,80.2567825317,45077,45128,51
13.0271596909,80.2567825317,45128,45138,10
13.0270395279,80.2564163208,45138,45148,10
13.0268802643,80.2560195923,45148,45158,10
13.0268497467,80.2559967041,45158,45168,10
13.0268802643,80.2555007935,45168,45179,11
13.0269403458,80.2546768188,45179,45189,10
13.0270900726,80.2537002563,45189,45199,10
13.0272703171,80.2527770996,45199,45209,10
13.0274600983,80.2519683838,45209,45219,10
13.0280599594,80.2508392334,45219,45229,10
13.0285797119,80.2498931885,45229,45280,51
13.0288200378,80.2498474121,45280,45300,20
13.0288200378,80.2498474121,45300,45310,10
13.0288600922,80.2494430542,45310,45320,10
13.0289897919,80.2490768433,45320,45330,10
13.0289497375,80.2490234375,45330,45340,10
13.0289897919,80.2487106323,45340,45350,10
13.0290203094,80.2484664917,45350,45361,11
13.0290803909,80.2478485107,45361,45371,10
13.029250145,80.2470397949,45371,45381,10
13.0293903351,80.2462081909,45381,45391,10
13.0291996002,80.2459564209,45391,45401,10
13.0289001465,80.2457809448,45401,45411,10
13.0294799805,80.2457504272,45411,45421,10
13.0287303925,80.2456512451,45421,45432,11
13.0278100967,80.2453765869,45432,45441,9
13.0273799896,80.2447128296,45441,45452,11
13.0266504288,80.2439727783,45452,45462,10
13.0256996155,80.2439422607,45462,45472,10
13.024310112,80.2432174683,45472,45482,10
13.0230197906,80.2427597046,45482,45492,10
13.0219697952,80.2424621582,45492,45502,10
13.0216903687,80.2423095703,45502,45512,10
13.0217599869,80.2423400879,45512,45522,10
13.0213403702,80.2422180176,45522,45532,10
13.0205698013,80.2419433594,45532,45543,11
13.0197401047,80.2417221069,45543,45553,10
13.0190000534,80.2414703369,45553,45563,10
13.0189199448,80.2414474487,45563,45573,10
13.0186500549,80.2413711548,45573,45583,10
13.0182199478,80.2411575317,45583,45593,10
13.0177602768,80.2410583496,45593,45603,10
13.0171499252,80.2409362793,45603,45613,10
13.0163602829,80.2407684326,45613,45623,10
13.0157804489,80.2406692505,45623,45634,11
13.0151996613,80.2405776978,45634,45644,10
13.0143699646,80.2404785156,45644,45654,10
13.0134897232,80.2404632568,45654,45664,10
13.012260437,80.2404708862,45664,45674,10
13.0112104416,80.2404708862,45674,45684,10
13.0101900101,80.2404632568,45684,45694,10
13.0093202591,80.2404937744,45694,45704,10
13.0082597733,80.2404632568,45704,45714,10
13.0073003769,80.2403411865,45714,45755,41
13.0073003769,80.2403411865,45755,45765,10
13.0071201324,80.2401885986,45765,45775,10
13.0069904327,80.2400817871,45775,45785,10
13.0068302155,80.2401580811,45785,45795,10
13.0068702698,80.2396774292,45795,45805,10
13.007060051,80.2389068604,45805,45815,10
13.0071697235,80.2379684448,45815,45826,11
13.007349968,80.2369995117,45826,45836,10
13.0073795319,80.2367401123,45836,45846,10
13.0074300766,80.2366714478,45846,45856,10
13.0075397491,80.2362213135,45856,45866,10
13.0076799393,80.2355499268,45866,45876,10
13.0078001022,80.2348403931,45876,45886,10
13.0080003738,80.2339401245,45886,45896,10
13.0082101822,80.2328186035,45896,45906,10
13.0084199905,80.2315368652,45906,45917,11
13.0086698532,80.2302017212,45917,45927,10
13.0089302063,80.2288894653,45927,45937,10
13.0093202591,80.2275772095,45937,45947,10
13.0099401474,80.2262802124,45947,45957,10
13.010430336,80.2253036499,45957,45967,10
13.0106801987,80.2249221802,45967,45977,10
13.0107803345,80.2243270874,45977,45987,10
13.0112104416,80.2233581543,45987,45997,10
13.0116300583,80.2222213745,45997,46008,11
13.0120401382,80.2210083008,46008,46018,10
13.0117998123,80.2200393677,46018,46028,10
13.0114898682,80.219039917,46028,46038,10
13.011059761,80.2180404663,46038,46048,10
13.0106296539,80.2170410156,46048,46058,10
13.0100498199,80.2161026001,46058,46068,10
13.0098199844,80.2152404785,46068,46078,10
13.0093297958,80.2145080566,46078,46088,10
13.0087003708,80.2136993408,46088,46099,11
13.0084896088,80.2134933472,46099,46109,10
13.0085000992,80.2134933472,46109,46119,10
13.0082597733,80.2133636475,46119,46129,10
13.0081195831,80.2133026123,46129,46139,10
13.0081100464,80.2133026123,46139,46149,10
13.0080003738,80.2132492065,46149,46159,10
13.0078296661,80.2130966187,46159,46169,10
13.0076198578,80.2128601074,46169,46179,10
13.0070695877,80.2127532959,46179,46190,11
13.0063896179,80.2127838135,46190,46200,10
13.0055599213,80.212890625,46200,46210,10
13.0048599243,80.2124023438,46210,46220,10
13.004119873,80.2119064331,46220,46240,20
13.004119873,80.2119064331,46240,46250,10
13.0036001205,80.2105026245,46250,46260,10
13.003490448,80.2097091675,46260,46270,10
13.0036001205,80.2090301514,46270,46281,11
13.0041799545,80.2086715698,46281,46291,10
13.0050096512,80.2090835571,46291,46301,10
13.0059099197,80.2094421387,46301,46311,10
13.0066795349,80.2097015381,46311,46331,20
13.0066795349,80.2097015381,46331,46341,10
13.0068798065,80.2097396851,46341,46351,10
13.0073099136,80.2098083496,46351,46361,10
13.007610321,80.2098770142,46361,46372,11
13.0080404282,80.2099685669,46372,46382,10
13.0081300735,80.2095184326,46382,46392,10
13.0079803467,80.2086181641,46392,46402,10
13.0078201294,80.207572937,46402,46412,10
13.0076503754,80.2065200806,46412,46422,10
13.007519722,80.2056732178,46422,46432,10
13.007399559,80.2050018311,46432,46442,10
13.0074501038,80.2041625977,46442,46452,10
13.0073204041,80.2031936646,46452,46463,11
13.0069704056,80.2021789551,46463,46473,10
13.0068597794,80.2033004761,46473,46483,10
13.007610321,80.2036819458,46483,46493,10
13.0087203979,80.2036895752,46493,46503,10
13.0101604462,80.20362854,46503,46513,10
13.0115804672,80.2037200928,46513,46523,10
13.0127601624,80.203918457,46523,46534,11
13.0137901306,80.2041473389,46534,46543,9
13.0136203766,80.2045593262,46543,46554,11
13.0134801865,80.2048110962,46554,46564,10
13.0132303238,80.2055130005,46564,46574,10
13.0129899979,80.2064590454,46574,46584,10
13.0129203796,80.2074203491,46584,46594,10
13.0128002167,80.2078018188,46594,46604,10
13.0126800537,80.2083129883,46604,46614,10
13.0128097534,80.2087173462,46614,46624,10
13.0128602982,80.2092971802,46624,46634,10
13.0130901337,80.2097473145,46634,46645,11
13.0130596161,80.210609436,46645,46655,10
13.0126399994,80.2114868164,46655,46665,10
13.0122003555,80.2123031616,46665,46675,10
13.0119104385,80.2126998901,46675,46685,10
13.011759758,80.2129592896,46685,46705,20
13.011759758,80.2129592896,46705,46715,10
13.0103397369,80.2117004395,46715,46725,10
13.010140419,80.2116012573,46725,46735,10
13.0100002289,80.2114715576,46735,46786,51
13.0100002289,80.2114715576,46786,46796,10
13.0098400116,80.2113876343,46796,46806,10
13.0097703934,80.2113571167,46806,46816,10
13.0097103119,80.2112884521,46816,46826,10
13.0093002319,80.2110519409,46826,46837,11
13.0093297958,80.2108001709,46837,47079,242
13.0093297958,80.2108001709,47079,47089,10
13.0098400116,80.2114562988,47089,47120,31
13.0098400116,80.2114562988,47120,47130,10
13.0099000931,80.2114486694,47130,47140,10
13.0099201202,80.2114868164,47140,47150,10
13.0097503662,80.2113723755,47150,47160,10
13.0096597672,80.2112808228,47160,47170,10
13.009469986,80.2111206055,47170,47817,647
13.0093603134,80.2111129761,47817,47838,21
13.0093803406,80.2110900879,47838,47858,20
13.0093803406,80.2110900879,47858,47868,10
13.0091600418,80.2112121582,47868,47898,30
13.0091600418,80.2112121582,47898,47908,10
13.0091199875,80.2114334106,47908,47918,10
13.0090703964,80.2115402222,47918,47929,11
13.0091695786,80.2118301392,47929,47939,10
13.0093603134,80.212600708,47939,47949,10
13.0096197128,80.2134094238,47949,47959,10
13.009929657,80.2141189575,47959,47969,10
13.010140419,80.2149276733,47969,47979,10
13.0103502274,80.2158813477,47979,47989,10
13.0108003616,80.2169036865,47989,47999,10
13.011300087,80.2180175781,47999,48009,10
13.0117902756,80.2192764282,48009,48020,11
13.0122098923,80.2207336426,48020,48030,10
13.0125303268,80.2216491699,48030,48040,10
13.0130395889,80.2223587036,48040,48050,10
13.0136804581,80.2230987549,48050,48060,10
13.0142803192,80.2238464355,48060,48070,10
13.0149402618,80.224609375,48070,48080,10
13.0152997971,80.2250595093,48080,48089,9
13.015370369,80.2256164551,48089,48100,11
13.0152101517,80.2258377075,48100,48111,11
13.0151996613,80.2258377075,48111,48121,10
13.0148801804,80.2259292603,48121,48131,10
13.0143899918,80.2261199951,48131,48151,20
13.0143899918,80.2261199951,48151,48161,10
13.0140600204,80.2263336182,48161,48171,10
13.0139904022,80.2263565063,48171,48181,10
13.0135698318,80.2265014648,48181,48191,10
13.0129299164,80.2267074585,48191,48202,11
13.0120096207,80.2270431519,48202,48212,10
13.0106496811,80.2273101807,48212,48313,101
13.0106496811,80.2273101807,48313,48323,10
13.0078001022,80.234992981,48323,48333,10
13.0076799393,80.2358932495,48333,48343,10
13.0074701309,80.2372131348,48343,48353,10
13.0072498322,80.2384719849,48353,48364,11
13.0070800781,80.2394790649,48364,48373,9
13.0069103241,80.2401199341,48373,48383,10
13.007349968,80.2402420044,48383,48394,11
13.0074501038,80.2402496338,48394,48404,10
13.0078401566,80.2402877808,48404,48414,10
13.0085000992,80.2403488159,48414,48424,10
13.0094203949,80.2403488159,48424,48434,10
13.0104103088,80.2403793335,48434,48444,10
13.0114603043,80.2403182983,48444,48454,10
13.0126104355,80.2403182983,48454,48465,11
13.0138196945,80.2402191162,48465,48475,10
13.0142498016,80.2401885986,48475,48485,10
13.0161600113,80.2405166626,48485,48495,10
13.0171804428,80.2407226563,48495,48505,10
13.0178499222,80.241027832,48505,48515,10
13.0177402496,80.2408905029,48515,48545,30
13.0177001953,80.2408828735,48545,48576,31
13.0177001953,80.2408828735,48576,48586,10
13.019659996,80.2416687012,48586,48596,10
13.020819664,80.2418823242,48596,48606,10
13.0218801498,80.2422180176,48606,48616,10
13.0233001709,80.2426834106,48616,48636,20
13.0233001709,80.2426834106,48636,48646,10
13.0234804153,80.2427597046,48646,48656,10
13.023900032,80.2429122925,48656,48667,11
13.024600029,80.2431488037,48667,48677,10
13.0256099701,80.2435073853,48677,48687,10
13.0264596939,80.2438201904,48687,48697,10
13.0274295807,80.2442321777,48697,48707,10
13.0284500122,80.2458114624,48707,48798,91
13.029419899,80.2464294434,48798,48829,31
13.029419899,80.2464294434,48829,48838,9
13.0284996033,80.2485122681,48838,48849,11
13.028960228,80.2494277954,48849,48879,30
13.027759552,80.2515869141,48879,48909,30
13.0271596909,80.254119873,48909,48930,21
13.0271596909,80.254119873,48930,48940,10
13.0269498825,80.2548675537,48940,48950,10
13.0269804001,80.2554397583,48950,48960,10
13.0269899368,80.2556533813,48960,48970,10
13.0269603729,80.255897522,48970,48980,10
13.0269603729,80.2561721802,48980,48990,10
13.0266399384,80.2565612793,48990,49010,20
13.0266399384,80.2565612793,49010,49020,10
13.027009964,80.2591629028,49020,49031,11
13.0271100998,80.2599029541,49031,49041,10
13.0273199081,80.2600479126,49041,49051,10
13.0269098282,80.2614593506,49051,49061,10
13.0267696381,80.2620162964,49061,49071,10
13.0263004303,80.26222229,49071,49081,10
13.0260000229,80.262802124,49081,49112,31
13.0260000229,80.262802124,49112,49122,10
13.0293302536,80.2642211914,49122,49132,10
13.0292196274,80.2645568848,49132,49142,10
13.0290002823,80.2649612427,49142,49152,10
13.0291795731,80.2658004761,49152,49162,10
13.0291595459,80.2661819458,49162,49172,10
13.0291795731,80.2665023804,49172,49182,10
13.029299736,80.2666091919,49182,49192,10
13.0298995972,80.2665176392,49192,49202,10
13.0307302475,80.2667617798,49202,49212,10
13.0314302444,80.2669677734,49212,49223,11
13.032119751,80.2672729492,49223,49233,10
13.0327100754,80.267578125,49233,49243,10
13.0331401825,80.2677230835,49243,49253,10
13.0334596634,80.2677688599,49253,49263,10
13.0339403152,80.2678375244,49263,49283,20
13.0339403152,80.2678375244,49283,49293,10
13.0344400406,80.2679595947,49293,49303,10
13.0350999832,80.2678222656,49303,49314,11
13.0358295441,80.2676086426,49314,49344,30
13.0371799469,80.2664489746,49344,49375,31
13.0371799469,80.2664489746,49375,49384,9
13.0373401642,80.2652664185,49384,49395,11
13.0376796722,80.2636184692,49395,49496,101
13.0376796722,80.2636184692,49496,49506,10
13.0412197113,80.2658615112,49506,49516,10
13.0410499573,80.2665710449,49516,49526,10
13.041009903,80.2670516968,49526,49536,10
13.0409002304,80.2675323486,49536,49546,10
13.0409297943,80.2679824829,49546,49556,10
13.0418395996,80.2680130005,49556,49576,20
13.0418395996,80.2680130005,49576,49587,11
13.0424499512,80.2679824829,49587,49597,10
13.0428800583,80.2677688599,49597,49607,10
13.0431900024,80.2676010132,49607,49617,10
13.0431900024,80.2676010132,49617,49627,10
13.0439996719,80.2669067383,49627,49637,10
13.0438995361,80.2662582397,49637,49647,10
13.0445404053,80.2667999268,49647,49657,10
13.0445699692,80.2670593262,49657,49667,10
13.044500351,80.267791748,49667,49678,11
13.0443897247,80.2686233521,49678,49688,10
13.0441703796,80.2694396973,49688,50224,536
13.0441703796,80.2694396973,50224,50234,10
13.06346035,80.2832794189,50234,50254,20
13.06346035,80.2832794189,50254,50264,10
13.0656604767,80.2836914063,50264,50274,10
13.066740036,80.2838973999,50274,50284,10
13.0678396225,80.2841186523,50284,50294,10
13.0689096451,80.2843780518,50294,50304,10
13.0701198578,80.2846984863,50304,50314,10
13.0710096359,80.2848968506,50314,50325,11
13.0721597672,80.2852096558,50325,50335,10
13.073390007,80.2851333618,50335,50345,10
13.0736103058,80.2851104736,50345,50355,10
13.0736303329,80.2852325439,50355,50365,10
13.0739603043,80.2855682373,50365,50375,10
13.0740003586,80.28565979,50375,50383,8
13.0740499496,80.2856826782,50383,50395,12
13.0743398666,80.2860565186,50395,50405,10
13.0747404099,80.2865524292,50405,50416,11
13.0760097504,80.2870407104,50416,50426,10
13.0768995285,80.2874526978,50426,50437,11
13.0769796371,80.2874908447,50437,50446,9
13.0790996552,80.2878494263,50446,50457,11
13.0807504654,80.2884674072,50457,50488,31
13.0807504654,80.2884674072,50488,50498,10
13.0817203522,80.2885818481,50498,50508,10
13.0834703445,80.2891235352,50508,50518,10
13.0849304199,80.2891235352,50518,50690,172
13.0849304199,80.2891235352,50690,50700,10
13.0853204727,80.2843399048,50700,50710,10
13.0852499008,80.2843170166,50710,50720,10
13.0852804184,80.2839813232,50720,50730,10
13.0853996277,80.2836990356,50730,50740,10
13.0856800079,80.2835235596,50740,50750,10
13.0864400864,80.2834320068,50750,50932,182
13.0864400864,80.2834320068,50932,50942,10
13.0878896713,80.2837219238,50942,50952,10
13.0879297256,80.2836608887,50952,50963,11
13.0879898071,80.2836380005,50963,50973,10
13.0880403519,80.2836532593,50973,50983,10
13.0880403519,80.2835388184,50983,50993,10
13.0879001617,80.2836914063,50993,51114,121
13.0879001617,80.2836914063,51114,51124,10
13.0843896866,80.2790679932,51124,51134,10
13.0834302902,80.2789382935,51134,51145,11
13.0823097229,80.2785186768,51145,51155,10
13.0819597244,80.2782363892,51155,51165,10
13.0819396973,80.277961731,51165,51175,10
13.0819301605,80.2774810791,51175,51185,10
13.0819101334,80.2769012451,51185,51195,10
13.0815200806,80.2759399414,51195,51205,10
13.0813398361,80.275428772,51205,51215,10
13.081029892,80.2752304077,51215,51225,10
13.0804595947,80.2752838135,51225,51236,11
13.0797595978,80.2753372192,51236,51246,10
13.0792102814,80.2752532959,51246,51256,10
13.0785799026,80.2751998901,51256,51266,10
13.0782003403,80.2758636475,51266,51276,10
13.0776395798,80.2762298584,51276,51286,10
13.076880455,80.2762680054,51286,51296,10
13.0761699677,80.2763137817,51296,51306,10
13.0760202408,80.2763214111,51306,51316,10
13.0759000778,80.2761230469,51316,51326,10
13.0759000778,80.276008606,51326,51337,11
13.0759000778,80.2757720947,51337,51347,10
13.0759000778,80.275642395,51347,51357,10
13.0759401321,80.2752380371,51357,51367,10
13.0760602951,80.2748413086,51367,51600,233
13.0759801865,80.2746200562,51600,51822,222
13.0755796432,80.2748794556,51822,52024,202
13.0756196976,80.2748794556,52024,52085,61
13.0756502151,80.2748718262,52085,52520,435
13.0754804611,80.2748031616,52520,52550,30
13.0754804611,80.2748031616,52550,52560,10
13.0756902695,80.2747879028,52560,52570,10
13.0758695602,80.2750473022,52570,52580,10
13.0759401321,80.2754364014,52580,52590,10
13.0758800507,80.2757873535,52590,52600,10
13.0759096146,80.2760391235,52600,52611,11
13.0759401321,80.2761383057,52611,52621,10
13.0761404037,80.2762298584,52621,52631,10
13.0766801834,80.2762374878,52631,52641,10
13.0774002075,80.2761917114,52641,52651,10
13.0780801773,80.2760620117,52651,52661,10
13.0783395767,80.2754211426,52661,52671,10
13.078909874,80.275100708,52671,52681,10
13.0796403885,80.2752532959,52681,52691,10
13.0804595947,80.2752304077,52691,52702,11
13.081199646,80.2751617432,52702,52712,10
13.0814304352,80.2751312256,52712,52722,10
13.081700325,80.2752990723,52722,52732,10
13.0817499161,80.2759170532,52732,52742,10
13.0818796158,80.2767181396,52742,52752,10
13.0821399689,80.2781906128,52752,52772,20
13.0821399689,80.2781906128,52772,52782,10
13.0821695328,80.2782974243,52782,52793,11
13.082159996,80.2788314819,52793,52803,10
13.0822296143,80.2796783447,52803,52813,10
13.0823202133,80.2805633545,52813,52823,10
13.0824098587,80.2814025879,52823,52833,10
13.0826702118,80.2818984985,52833,52843,10
13.083439827,80.282371521,52843,52853,10
13.0842399597,80.2828598022,52853,52863,10
13.0849103928,80.2834472656,52863,52873,10
13.0854101181,80.2836608887,52873,52884,11
13.0857696533,80.2835388184,52884,52894,10
13.0861997604,80.2836303711,52894,52904,10
13.0864095688,80.2837219238,52904,52914,10
13.0867795944,80.283996582,52914,52924,10
13.0869102478,80.283821106,52924,52944,20
13.0869102478,80.283821106,52944,52954,10
13.0871400833,80.2838973999,52954,52964,10
13.0873498917,80.2839202881,52964,52974,10
13.0876703262,80.2839431763,52974,53177,203
13.08796978,80.2837677002,53177,53247,70
13.08796978,80.2837677002,53247,53258,11
13.0881996155,80.2835464478,53258,53268,10
13.0882797241,80.2833633423,53268,53278,10
13.0882997513,80.2830963135,53278,53288,10
13.0882797241,80.2826385498,53288,53298,10
13.0882396698,80.2821807861,53298,53308,10
13.0880804062,80.2816696167,53308,53318,10
13.0882301331,80.2814025879,53318,53328,10
13.0885696411,80.2816009521,53328,53338,10
13.0885095596,80.2819976807,53338,53349,11
13.0884103775,80.2825622559,53349,53359,10
13.0883598328,80.2830276489,53359,53369,10
13.088350296,80.2830810547,53369,53379,10
13.088350296,80.2832565308,53379,53389,10
13.0883703232,80.2836990356,53389,53399,10
13.0883903503,80.2842178345,53399,53409,10
13.0884599686,80.2849197388,53409,53430,21
13.0885000229,80.2852020264,53430,53591,161
13.0885000229,80.2852020264,53591,53601,10
13.0863199234,80.2893600464,53601,53611,10
13.0853300095,80.2892074585,53611,53622,11
13.0833301544,80.2892608643,53622,53642,20
13.0819597244,80.2887802124,53642,53662,20
13.0819597244,80.2887802124,53662,53672,10
13.0802898407,80.2882080078,53672,53682,10
13.0796804428,80.2881317139,53682,53692,10
13.078909874,80.2880325317,53692,53702,10
13.0795402527,80.2881317139,53702,53713,11
13.078909874,80.2878570557,53713,53723,10
13.0781002045,80.2875366211,53723,53733,10
13.0771102905,80.287322998,53733,53743,10
13.0760002136,80.2870101929,53743,53753,10
13.0750198364,80.2865600586,53753,53763,10
13.074139595,80.2861404419,53763,53773,10
13.0739002228,80.2860870361,53773,53783,10
13.0736999512,80.2860565186,53783,53793,10
13.0731897354,80.2858734131,53793,53803,10
13.0724897385,80.2854614258,53803,53814,11
13.071439743,80.2851791382,53814,53824,10
13.0702400208,80.2848815918,53824,53834,10
13.0690402985,80.284576416,53834,53844,10
13.067990303,80.2843322754,53844,53864,20
13.067990303,80.2843322754,53864,53874,10
13.0676898956,80.2843017578,53874,53884,10
13.0670204163,80.2841796875,53884,53895,11
13.0660400391,80.2839584351,53895,53905,10
13.065079689,80.2836990356,53905,53915,10
13.0641298294,80.2835235596,53915,53925,10
13.0632200241,80.2832565308,53925,53935,10
13.0625495911,80.2831115723,53935,53945,10
13.0624904633,80.2830963135,53945,53955,10
13.0623197556,80.2830505371,53955,53965,10
13.061829567,80.2829284668,53965,53975,10
13.061249733,80.2827377319,53975,53985,10
13.0601701736,80.2825317383,53985,53996,11
13.0588903427,80.2823181152,53996,54006,10
13.0579004288,80.2821273804,54006,54016,10
13.0575399399,80.282081604,54016,54026,10
13.0570001602,80.2819900513,54026,54036,10
13.0567398071,80.2819366455,54036,54046,10
13.0564804077,80.281867981,54046,54056,10
13.0558700562,80.28175354,54056,54066,10
13.0550003052,80.281578064,54066,54075,9
13.0540895462,80.2814102173,54075,54087,12
13.0527200699,80.2811737061,54087,54097,10
13.0517597198,80.2810211182,54097,54107,10
13.0507602692,80.2808685303,54107,54117,10
13.050330162,80.2807922363,54117,54127,10
13.0501804352,80.2807617188,54127,54137,10
13.0496397018,80.280670166,54137,54147,10
13.0488500595,80.2805480957,54147,54157,10
13.0479803085,80.2804107666,54157,54167,10
13.0466899872,80.2802200317,54167,54178,11
13.04529953,80.2800292969,54178,54188,10
13.0441503525,80.2798690796,54188,54198,10
13.0434799194,80.2797470093,54198,54248,50
13.0434799194,80.2797470093,54248,54258,10
13.0432796478,80.2795715332,54258,54269,11
13.0432300568,80.2789764404,54269,54279,10
13.0432500839,80.2781295776,54279,54289,10
13.0433998108,80.2773132324,54289,54299,10
13.0436401367,80.2763519287,54299,54380,81
13.0436401367,80.2763519287,54380,54390,10
13.0437498093,80.2717437744,54390,54400,10
13.0438203812,80.2711105347,54400,54410,10
13.0436897278,80.2714767456,54410,54420,10
13.0438203812,80.2713012695,54420,54430,10
13.0441503525,80.2704315186,54430,54835,405
13.0441503525,80.2704315186,54835,54845,10
13.0298700333,80.2669830322,54845,54855,10
13.029540062,80.2665481567,54855,54874,19
13.029540062,80.2665481567,54874,54885,11
13.0287399292,80.266456604,54885,54895,10
13.0280199051,80.2662734985,54895,54906,11
13.0273799896,80.266242981,54906,54916,10
13.0270395279,80.26612854,54916,54926,10
13.0269403458,80.2660903931,54926,54936,10
13.0264196396,80.2656784058,54936,54946,10
13.0264396667,80.2651596069,54946,54956,10
13.0265197754,80.2639465332,54956,54976,20
13.0265197754,80.2639465332,54976,54986,10
13.026599884,80.2636032104,54986,54997,11
13.0267496109,80.2632064819,54997,55007,10
13.0266799927,80.2623977661,55007,55017,10
13.0267400742,80.2617492676,55017,55027,10
13.0268697739,80.2610168457,55027,55037,10
13.0270996094,80.260017395,55037,55057,20
13.0270996094,80.260017395,55057,55067,10
13.027130127,80.2582168579,55067,55077,10
13.0271196365,80.2576675415,55077,55088,11
13.0272703171,80.2571334839,55088,55128,40
13.0268297195,80.255859375,55128,55168,40
13.0268297195,80.255859375,55168,55178,10
13.0271997452,80.2549819946,55178,55189,11
13.0270996094,80.2544403076,55189,55199,10
13.0272102356,80.2540435791,55199,55219,20
13.0272102356,80.2540435791,55219,55229,10
13.0272197723,80.2534408569,55229,55239,10
13.0273704529,80.2527923584,55239,55249,10
13.0276403427,80.2520294189,55249,55260,11
13.0280399323,80.2511978149,55260,55381,121
13.0280399323,80.2511978149,55381,55391,10
13.0299797058,80.2466583252,55391,55401,10
13.0298995972,80.2465667725,55401,55411,10
13.0296802521,80.2462005615,55411,55421,10
13.0298299789,80.2461776733,55421,55462,41
13.0298299789,80.2461776733,55462,55472,10
13.0257701874,80.2442474365,55472,55482,10
13.0250597,80.2438278198,55482,55492,10
13.0240497589,80.2435913086,55492,55502,10
13.0230503082,80.2427597046,55502,55512,10
13.0210599899,80.2420578003,55512,55553,41
13.0210599899,80.2420578003,55553,55563,10
13.0204801559,80.241897583,55563,55573,10
13.0196199417,80.2415618896,55573,55593,20
13.0196800232,80.2421264648,55593,55633,40
13.0196800232,80.2421264648,55633,55644,11
13.0166397095,80.2407684326,55644,55654,10
13.0149898529,80.2404022217,55654,55694,40
13.0149898529,80.2404022217,55694,55704,10
13.0117397308,80.2405471802,55704,55714,10
13.0103397369,80.2404785156,55714,55724,10
13.0091295242,80.2405014038,55724,55735,11
13.0078802109,80.2404632568,55735,55745,10
13.0069999695,80.2403106689,55745,55765,20
13.0069999695,80.2403106689,55765,55775,10
13.0068798065,80.240272522,55775,55785,10
13.006819725,80.240020752,55785,55795,10
13.0069799423,80.2393569946,55795,55805,10
13.0071401596,80.2385406494,55805,55816,11
13.007399559,80.2369918823,55816,56190,374
13.007399559,80.2369918823,56190,56200,10
13.0082197189,80.213508606,56200,56210,10
13.0075798035,80.2129821777,56210,56220,10
13.0069303513,80.2128372192,56220,56230,10
13.0060596466,80.2130126953,56230,56240,10
13.005279541,80.2127304077,56240,56250,10
13.0044603348,80.2121963501,56250,56291,41
13.0044603348,80.2121963501,56291,56301,10
13.0037298203,80.2087783813,56301,56311,10
13.0042695999,80.2087478638,56311,56321,10
13.0057201385,80.2095565796,56321,56432,111
13.0057201385,80.2095565796,56432,56442,10
13.0077600479,80.2067718506,56442,56453,11
13.0075101852,80.2055282593,56453,56544,91
13.0075101852,80.2055282593,56544,56554,10
13.010020256,80.2033920288,56554,56564,10
13.0122804642,80.2038192749,56564,56574,10
13.0133104324,80.2040634155,56574,56584,10
13.0141601563,80.2045669556,56584,57939,1355
13.0141601563,80.2045669556,57939,57949,10
13.0100603104,80.2115020752,57949,57969,20
13.0100603104,80.2115020752,57969,57979,10
13.0099496841,80.2113876343,57979,57989,10
13.0097103119,80.2112197876,57989,57999,10
13.0095996857,80.2111282349,57999,58009,10
13.0094299316,80.2110214233,58009,58019,10
13.0092601776,80.2110824585,58019,58050,31
13.0091600418,80.2112503052,58050,58151,101
13.0091600418,80.2112503052,58151,58161,10
13.0103702545,80.2159729004,58161,58171,10
13.0108203888,80.2170181274,58171,58181,10
13.0112895966,80.2180404663,58181,58191,10
13.0117197037,80.2191619873,58191,58202,11
13.0123996735,80.2212677002,58202,58384,182
13.012169838,80.2269973755,58384,58424,40
13.012169838,80.2269973755,58424,58434,10
13.0087299347,80.2305679321,58434,58444,10
13.0082302094,80.2332077026,58444,58465,21
13.0082302094,80.2332077026,58465,58474,9
13.0081796646,80.2336883545,58474,58485,11
13.0080795288,80.2341308594,58485,58495,10
13.0079298019,80.2348632813,58495,58505,10
13.0077295303,80.2358169556,58505,58515,10
13.0074996948,80.2370071411,58515,58525,10
13.0072898865,80.2381668091,58525,58535,10
13.0070800781,80.2393035889,58535,58545,10
13.006939888,80.239982605,58545,58555,10
13.0069198608,80.2400970459,58555,58565,10
13.0071201324,80.2402496338,58565,58576,11
13.0072698593,80.2402420044,58576,58586,10
13.0073795319,80.2402572632,58586,58596,10
13.0078697205,80.2403106689,58596,58606,10
13.0087604523,80.2403793335,58606,58616,10
13.009759903,80.2403717041,58616,58626,10
13.0109500885,80.2403182983,58626,58636,10
13.013420105,80.2402801514,58636,58656,20
13.013420105,80.2402801514,58656,58667,11
13.017660141,80.2405319214,58667,58859,192
13.017660141,80.2405319214,58859,58869,10
13.0284204483,80.2456207275,58869,58879,10
13.0293703079,80.2461624146,58879,58920,41
13.0293703079,80.2461624146,58920,58929,9
13.0293397903,80.2456207275,58929,58939,10
13.0291996002,80.2457199097,58939,58950,11
13.0293102264,80.2457122803,58950,58960,10
13.0296001434,80.2459030151,58960,58970,10
13.0295295715,80.2463226318,58970,58980,10
13.029299736,80.2473602295,58980,58990,10
13.0292100906,80.2483901978,58990,59000,10
13.0290298462,80.2491989136,59000,59010,10
13.0289802551,80.2495422363,59010,59020,10
13.0289402008,80.2497787476,59020,59030,10
13.0289096832,80.2498703003,59030,59041,11
13.0286598206,80.2502593994,59041,59051,10
13.0283002853,80.2508621216,59051,59061,10
13.0278301239,80.2516403198,59061,59071,10
13.0274801254,80.2526702881,59071,59081,10
13.0272397995,80.2537307739,59081,59091,10
13.027179718,80.2544631958,59091,59101,10
13.0271501541,80.2546005249,59101,59111,10
13.027130127,80.254989624,59111,59121,10
13.0271196365,80.2557525635,59121,59132,11
13.0270900726,80.2563400269,59132,59202,70
13.0270900726,80.2563400269,59202,59212,10
13.0270700455,80.2566680908,59212,59223,11
13.0270700455,80.2572784424,59223,59233,10
13.0271100998,80.2578887939,59233,59243,10
13.0270700455,80.2585525513,59243,59253,10
13.0270500183,80.2591323853,59253,59263,10
13.0270795822,80.2602310181,59263,59294,31
13.0270795822,80.2602310181,59294,59303,9
13.0267601013,80.2633514404,59303,59314,11
13.0271596909,80.263381958,59314,59324,10
13.0275602341,80.2633666992,59324,59334,10
13.0279102325,80.2633666992,59334,59417,83
13.0279102325,80.2633666992,59417,59428,11
13.0292596817,80.2664489746,59428,59438,10
13.0296802521,80.2666015625,59438,59448,10
13.0300998688,80.2665176392,59448,59519,71
13.0300998688,80.2665176392,59519,59529,10
13.0340099335,80.2679367065,59529,59539,10
13.0340499878,80.2678985596,59539,59620,81
13.0340499878,80.2678985596,59620,59630,10
13.0369997025,80.2679595947,59630,59640,10
13.0368900299,80.2673110962,59640,59650,10
13.0370502472,80.2665634155,59650,59660,10
13.0370597839,80.266418457,59660,59670,10
13.0370798111,80.2663116455,59670,59681,11
13.037229538,80.2658615112,59681,59691,10
13.0374002457,80.2651367188,59691,59701,10
13.0375995636,80.2643814087,59701,59711,10
13.0379104614,80.2643737793,59711,59721,10
13.0384597778,80.2645187378,59721,59731,10
13.0387802124,80.2645721436,59731,59741,10
13.0394296646,80.2646484375,59741,59751,10
13.0400896072,80.2645187378,59751,59761,10
13.0405902863,80.2645721436,59761,59772,11
13.0409803391,80.2646026611,59772,59782,10
13.0412998199,80.2648010254,59782,59792,10
13.0413503647,80.2653579712,59792,59802,10
13.0412302017,80.2657928467,59802,59893,91
13.0412302017,80.2657928467,59893,59904,11
13.0429201126,80.2677688599,59904,59914,10
13.0433197021,80.2673187256,59914,59945,31
13.0433197021,80.2673187256,59945,59955,10
13.0446195602,80.2674713135,59955,59965,10
13.0445995331,80.2682723999,59965,59975,10
13.0444698334,80.269859314,59975,60015,40
13.0444698334,80.269859314,60015,60024,9
13.0436601639,80.2720413208,60024,60036,12
13.0434503555,80.2741165161,60036,60127,91
13.0434503555,80.2741165161,60127,60136,9
13.0434799194,80.2741928101,60136,60147,11
13.0433301926,80.2744903564,60147,60157,10
13.0432701111,80.2757034302,60157,60218,61
13.0432701111,80.2757034302,60218,60227,9
13.043390274,80.2794113159,60227,60238,11
13.043680191,80.2800521851,60238,60278,40
13.043680191,80.2800521851,60278,60288,10
13.0488595963,80.280456543,60288,60298,10
13.0498800278,80.2805786133,60298,60308,10
13.0499801636,80.2805099487,60308,60318,10
13.050160408,80.2807235718,60318,60329,11
13.0506296158,80.28074646,60329,60339,10
13.0506401062,80.2807693481,60339,60349,10
13.050740242,80.2807617188,60349,60359,10
13.0509700775,80.2807617188,60359,60389,30
13.0509700775,80.2807617188,60389,60400,11
13.0564899445,80.281867981,60400,60501,101
13.0564899445,80.281867981,60501,60511,10
13.0628499985,80.2830429077,60511,60531,20
13.0628499985,80.2830429077,60531,60541,10
13.0630102158,80.2832107544,60541,60551,10
13.0634002686,80.2832489014,60551,60561,10
13.0635404587,80.2832565308,60561,60571,10
13.0637397766,80.283203125,60571,60582,11
13.0640697479,80.2830886841,60582,60683,101
13.0640697479,80.2830886841,60683,60693,10
13.0653295517,80.2836227417,60693,60703,10
13.0664100647,80.2839126587,60703,60713,10
13.0672798157,80.2841186523,60713,60723,10
13.0680704117,80.2842712402,60723,60733,10
13.0688400269,80.2843933105,60733,60743,10
13.0696201324,80.2846603394,60743,60753,10
13.0702695847,80.2848129272,60753,60763,10
13.0712003708,80.2850112915,60763,60774,11
13.0725698471,80.2853622437,60774,60824,50
13.0732803345,80.2853164673,60824,60854,30
13.0733804703,80.2852630615,60854,60895,41
13.0733804703,80.2852630615,60895,60905,10
13.0747804642,80.286277771,60905,60915,10
13.0749502182,80.2864303589,60915,60925,10
13.0751600266,80.286567688,60925,60935,10
13.0769100189,80.287437439,60935,61057,122
13.0769100189,80.287437439,61057,61067,10
13.0833997726,80.2892227173,61067,61077,10
13.0845603943,80.2893829346,61077,61097,20
13.0845603943,80.2893829346,61097,61107,10
13.0871200562,80.2894821167,61107,61117,10
13.0883798599,80.2900390625,61117,61127,10
13.0893697739,80.2899169922,61127,61269,142
13.0893697739,80.2899169922,61269,61279,10
13.0853996277,80.2849502563,61279,61299,20
13.0853996277,80.2849502563,61299,61309,10
13.0856103897,80.2835388184,61309,61320,11
13.0860300064,80.2835235596,61320,61330,10
13.0865898132,80.2835083008,61330,62088,758
13.0865898132,80.2835083008,62088,62098,10
13.0784702301,80.2875289917,62098,62108,10
13.0775995255,80.2875289917,62108,62118,10
13.0768098831,80.287147522,62118,62128,10
13.075969696,80.2867202759,62128,62138,10
13.0753297806,80.2866668701,62138,62149,11
13.0745801926,80.2861480713,62149,62159,10
13.0740203857,80.2855987549,62159,62169,10
13.0741100311,80.2862319946,62169,62179,10
13.0740003586,80.2861633301,62179,62189,10
13.0737199783,80.2860107422,62189,62311,122
13.0737199783,80.2860107422,62311,62321,10
13.0643396378,80.2835388184,62321,62332,11
13.0639400482,80.2834472656,62332,62362,30
13.0625400543,80.2830963135,62362,62403,41
13.0625896454,80.2830734253,62403,62555,152
13.0541696548,80.2816925049,62555,62686,131
13.0541696548,80.2816925049,62686,62696,10
13.0435400009,80.2797317505,62696,62706,10
13.0432796478,80.2793884277,62706,62717,11
13.0431995392,80.2788162231,62717,62727,10
13.0431203842,80.2781524658,62727,62798,71
13.0431203842,80.2781524658,62798,62807,9
13.0433101654,80.274520874,62807,62818,11
13.043390274,80.2745132446,62818,62858,40
13.0433998108,80.274520874,62858,62969,111
13.0433998108,80.274520874,62969,62979,10
13.0444602966,80.2688369751,62979,62989,10
13.043800354,80.2689590454,62989,63000,11
13.0444402695,80.2684936523,63000,63010,10
13.044210434,80.2683029175,63010,63020,10
13.0436496735,80.2682113647,63020,63030,10
13.0427999496,80.2681503296,63030,63040,10
13.0421304703,80.2681503296,63040,63050,10
13.0414104462,80.2682495117,63050,63060,10
13.0411100388,80.2682189941,63060,63081,21
13.0409297943,80.2682418823,63081,63121,40
13.0409297943,80.2682418823,63121,63131,10
13.037560463,80.2676696777,63131,63141,10
13.037560463,80.2676620483,63141,63151,10
13.0374603271,80.2676620483,63151,63171,20
13.0374603271,80.2676620483,63171,63182,11
13.0373601913,80.2676391602,63182,63192,10
13.037320137,80.2676315308,63192,63202,10
13.0367498398,80.2676620483,63202,63212,10
13.0363798141,80.2677536011,63212,63222,10
13.0359201431,80.2678527832,63222,63232,10
13.0351295471,80.267791748,63232,63263,31
13.0351295471,80.267791748,63263,63273,10
13.0342903137,80.2681121826,63273,63283,10
13.0342197418,80.2680435181,63283,63293,10
13.0341796875,80.2679977417,63293,63303,10
13.0341796875,80.2679824829,63303,63313,10
13.0338497162,80.267906189,63313,63323,10
13.0333900452,80.2677688599,63323,63333,10
13.0327997208,80.2676620483,63333,63343,10
13.0327301025,80.2676315308,63343,63353,10
13.0325698853,80.2674484253,63353,63364,11
13.0321998596,80.2672195435,63364,63374,10
13.0317296982,80.2668914795,63374,63464,90
13.0268697739,80.2659683228,63464,63495,31
13.0268697739,80.2659683228,63495,63505,10
13.0263004303,80.2650909424,63505,63515,10
13.0263996124,80.2647628784,63515,63677,162
13.0263996124,80.2647628784,63677,63687,10
13.0265102386,80.2557220459,63687,63697,10
13.0262403488,80.2557830811,63697,63778,81
13.0262403488,80.2557830811,63778,63788,10
13.0273599625,80.2527313232,63788,63798,10
13.0275201797,80.2519302368,63798,63809,11
13.0277500153,80.2509765625,63809,63819,10
13.0278596878,80.2505722046,63819,63829,10
13.0285196304,80.2504119873,63829,63839,10
13.0289802551,80.2490997314,63839,63849,10
13.0290899277,80.2489013672,63849,63859,10
13.028960228,80.2489624023,63859,63869,10
13.0291595459,80.2484588623,63869,63879,10
13.0292301178,80.2479934692,63879,63889,10
13.0292301178,80.2470474243,63889,63900,11
13.0292701721,80.2462615967,63900,63909,9
13.0294103622,80.2455062866,63909,63920,11
13.0291700363,80.2453231812,63920,63930,10
13.0283603668,80.2457275391,63930,63940,10
13.0281095505,80.2456207275,63940,63950,10
13.0277299881,80.2452163696,63950,63960,10
13.0276203156,80.2445526123,63960,63970,10
13.0273599625,80.2439804077,63970,63980,10
13.0263204575,80.2437210083,63980,63991,11
13.0253896713,80.2434005737,63991,64000,9
13.0244102478,80.243019104,64000,64011,11
13.0233201981,80.2426986694,64011,64021,10
13.0227499008,80.2425003052,64021,64031,10
13.0217599869,80.2424087524,64031,64041,10
13.0217504501,80.2424087524,64041,64051,10
13.0216999054,80.2423171997,64051,64061,10
13.0213403702,80.2421569824,64061,64071,10
13.0207395554,80.2418823242,64071,64082,11
13.0198497772,80.2416763306,64082,64091,9
13.0188102722,80.2413635254,64091,64122,31
13.0188102722,80.2413635254,64122,64132,10
13.0185403824,80.2413330078,64132,64142,10
13.0181999207,80.2411193848,64142,64152,10
13.0178203583,80.2409667969,64152,64162,10
13.0171403885,80.2407989502,64162,64172,10
13.0163002014,80.2406768799,64172,64182,10
13.0156097412,80.2405471802,64182,64193,11
13.0151700974,80.2404403687,64193,64203,10
13.0145397186,80.2403182983,64203,64213,10
13.0136604309,80.2403411865,64213,64223,10
13.0127601624,80.2403182983,64223,64233,10
13.0116300583,80.2403793335,64233,64243,10
13.010430336,80.2404632568,64243,64253,10
13.0086603165,80.2405090332,64253,64749,496
13.0086603165,80.2405090332,64749,64759,10
13.0077199936,80.2133026123,64759,64769,10
13.0080003738,80.2130508423,64769,64870,101
13.0080003738,80.2130508423,64870,64880,10
13.0040302277,80.2122573853,64880,64890,10
13.0036201477,80.2116165161,64890,64920,30
13.0036201477,80.2116165161,64920,64931,11
13.0035295486,80.2093429565,64931,64941,10
13.0029201508,80.2095031738,64941,64951,10
13.0043001175,80.2087020874,64951,64961,10
13.0050897598,80.2089614868,64961,64971,10
13.0065002441,80.2094573975,64971,64991,20
13.0065002441,80.2094573975,64991,65001,10
13.0070199966,80.2097473145,65001,65011,10
13.0069999695,80.2097320557,65011,65022,11
13.0072603226,80.2098236084,65022,65032,10
13.0078401566,80.2099075317,65032,65042,10
13.0081996918,80.209777832,65042,65052,10
13.0080404282,80.2090988159,65052,65062,10
13.0078601837,80.2081680298,65062,65072,10
13.0076799393,80.2070465088,65072,65082,10
13.0075502396,80.2057037354,65082,65102,20
13.0075502396,80.2057037354,65102,65113,11
13.0074300766,80.2036590576,65113,65123,10
13.0073795319,80.2028579712,65123,65133,10
13.0067300797,80.2025604248,65133,65143,10
13.0065402985,80.203163147,65143,65153,10
13.006770134,80.2037582397,65153,65163,10
13.0068902969,80.2040481567,65163,65173,10
13.0085296631,80.203666687,65173,65183,10
13.00963974,80.2036132813,65183,65194,11
13.0110902786,80.2035522461,65194,65285,91
13.0110902786,80.2035522461,65285,65294,9
13.0133304596,80.2055130005,65294,65305,11
13.0130500793,80.2064819336,65305,65315,10
13.0129699707,80.2074279785,65315,65325,10
13.0128297806,80.2087020874,65325,65406,81
13.0128297806,80.2087020874,65406,65416,10
13.0115098953,80.2133483887,65416,65436,20
13.0115098953,80.2133483887,65436,65446,10
13.0107002258,80.2119598389,65446,65456,10
13.010430336,80.211769104,65456,65517,61
13.010430336,80.2117233276,65517,65699,182
13.0093202591,80.2110900879,65699,65749,50
13.009180069,80.21144104,65749,65830,81
13.009180069,80.21144104,65830,65840,10
13.0090398788,80.2117919922,65840,65851,11
13.0092401505,80.2123794556,65851,65861,10
13.00963974,80.2135925293,65861,65972,111
13.00963974,80.2135925293,65972,65982,10
13.0129804611,80.2222824097,65982,65992,10
13.013420105,80.22265625,65992,66002,10
13.0138998032,80.2233428955,66002,66012,10
13.0143604279,80.2238998413,66012,66022,10
13.0147600174,80.2244033813,66022,66033,11
13.0150604248,80.2247695923,66033,66043,10
13.015370369,80.2252578735,66043,66053,10
13.0153999329,80.2257232666,66053,66063,10
13.0150899887,80.2258911133,66063,66073,10
13.0145902634,80.2261428833,66073,66083,10
13.0142498016,80.22631073,66083,66093,10
13.0141601563,80.2263183594,66093,66103,10
13.013759613,80.2263793945,66103,66114,11
13.0130796432,80.2264022827,66114,66124,10
13.0127096176,80.2264099121,66124,66134,10
13.0113201141,80.2273864746,66134,66144,10
13.0103797913,80.2278289795,66144,66154,10
13.0093803406,80.2283172607,66154,66164,10
13.0085296631,80.229637146,66164,66306,142
13.0085296631,80.229637146,66306,66316,10
13.0072002411,80.2381820679,66316,66326,10
13.0069599152,80.2391662598,66326,66336,10
13.0067396164,80.2406997681,66336,66427,91
13.0067396164,80.2406997681,66427,66437,10
13.0123195648,80.2403182983,66437,66447,10
13.013420105,80.2403335571,66447,66457,10
13.0145998001,80.2403182983,66457,66467,10
13.0158395767,80.2405395508,66467,66478,11
13.0173902512,80.2407608032,66478,66518,40
13.0186195374,80.2411804199,66518,66629,111
13.0186195374,80.2411804199,66629,66639,10
13.0243196487,80.2430877686,66639,66649,10
13.0251197815,80.2434082031,66649,66690,41
13.0251197815,80.2434082031,66690,66700,10
13.0281496048,80.2455291748,66700,66710,10
13.0287704468,80.2455825806,66710,66720,10
13.0292701721,80.2455825806,66720,66750,30
13.0292701721,80.2455825806,66750,66760,10
13.0295000076,80.2456893921,66760,66771,11
13.0295295715,80.246383667,66771,66781,10
13.0293998718,80.2471237183,66781,66791,10
13.0292797089,80.247718811,66791,66801,10
13.0291996002,80.2484130859,66801,66811,10
13.0291204453,80.2487792969,66811,66821,10
13.028960228,80.2494735718,66821,66841,20
13.028960228,80.2494735718,66841,66851,10
13.0289402008,80.2495422363,66851,66862,11
13.0288801193,80.2496795654,66862,66872,10
13.0287904739,80.2498931885,66872,66892,20
13.0287904739,80.2498931885,66892,66902,10
13.0277204514,80.251739502,66902,66912,10
13.0274200439,80.2527999878,66912,66922,10
13.0272302628,80.253578186,66922,66932,10
13.027130127,80.2537689209,66932,66942,10
13.0271997452,80.2537918091,66942,66953,11
13.0271396637,80.2546920776,66953,66993,40
13.0271396637,80.2546920776,66993,67003,10
13.027130127,80.256111145,67003,67013,10
13.027130127,80.256729126,67013,67044,31
13.0270299911,80.2563018799,67044,67306,262
13.0270299911,80.2563018799,67306,67317,11
13.0291595459,80.2658462524,67317,67327,10
13.029299736,80.2660598755,67327,67337,10
13.0293703079,80.2669830322,67337,67357,20
13.0293703079,80.2669830322,67357,67367,10
13.0292196274,80.2664337158,67367,67387,20
13.0292196274,80.2664337158,67387,67397,10
13.0292196274,80.2665100098,67397,67407,10
13.0293798447,80.2666091919,67407,67418,11
13.0298500061,80.2666931152,67418,67478,60
13.0298500061,80.2666931152,67478,67488,10
13.0331096649,80.2678375244,67488,67498,10
13.0334997177,80.2679290771,67498,67509,11
13.0340299606,80.2680206299,67509,67519,10
13.0340900421,80.2680282593,67519,67529,10
13.034239769,80.268081665,67529,67539,10
13.0346002579,80.2681121826,67539,67549,10
13.0350799561,80.2680435181,67549,67559,10
13.0359697342,80.267829895,67559,67630,71
13.0359697342,80.267829895,67630,67640,10
13.0368995667,80.2665786743,67640,67650,10
13.0367202759,80.2654724121,67650,67660,10
13.0370197296,80.2665634155,67660,67670,10
13.03703022,80.2661590576,67670,67680,10
13.0369701385,80.265838623,67680,67701,21
13.0369701385,80.265838623,67701,67711,10
13.0380001068,80.2644729614,67711,67721,10
13.0383501053,80.2646026611,67721,67731,10
13.0386695862,80.2647094727,67731,68309,578
13.0386695862,80.2647094727,68309,68319,10
13.04570961,80.2800521851,68319,68330,11
13.046620369,80.2801513672,68330,68340,10
13.0474700928,80.2802886963,68340,68350,10
13.0484199524,80.2804412842,68350,68360,10
13.0493497849,80.2805404663,68360,68370,10
13.0494499207,80.2805328369,68370,68380,10
13.0498695374,80.2806396484,68380,68390,10
13.0505199432,80.28074646,68390,68400,10
13.051150322,80.2808609009,68400,68410,10
13.0519800186,80.2810134888,68410,68421,11
13.0530004501,80.2811965942,68421,68431,10
13.0543003082,80.2812271118,68431,68441,10
13.0549297333,80.2813186646,68441,68451,10
13.0554504395,80.2815170288,68451,68461,10
13.0556602478,80.2816009521,68461,68501,40
13.0556602478,80.2816009521,68501,68512,11
13.056019783,80.2818222046,68512,68623,111
13.062040329,80.2828979492,68623,68795,172
13.062040329,80.2828979492,68795,68805,10
13.0658302307,80.2835922241,68805,68815,10
13.0664997101,80.2839431763,68815,68825,10
13.067150116,80.2840805054,68825,68835,10
13.0675802231,80.2841567993,68835,68845,10
13.0679302216,80.2842178345,68845,68855,10
13.0684099197,80.2843170166,68855,68865,10
13.0694904327,80.284576416,68865,68917,52
13.0694904327,80.284576416,68917,68928,11
13.0731496811,80.2857971191,68928,68999,71
13.0731496811,80.2857971191,68999,69009,10
13.0747003555,80.2863311768,69009,69019,10
13.075920105,80.2871170044,69019,69039,20
13.075920105,80.2871170044,69039,69049,10
13.0756998062,80.2866210938,69049,69059,10
13.0766801834,80.2871932983,69059,69070,11
13.0776100159,80.2874526978,69070,69080,10
13.0786104202,80.2875137329,69080,69191,111
13.0860700607,80.289352417,69191,69232,41
13.0860700607,80.289352417,69232,69241,9
13.0886297226,80.2901306152,69241,69282,41
13.0887403488,80.2902984619,69282,69302,20
13.0887403488,80.2902984619,69302,69312,10
13.0873403549,80.2899703979,69312,69322,10
13.0865297318,80.2896575928,69322,69332,10
13.0858697891,80.2895812988,69332,69343,11
13.0851097107,80.2894821167,69343,69353,10
13.084980011,80.2894592285,69353,69363,10
13.0852203369,80.2870407104,69363,69373,10
13.0852298737,80.285697937,69373,69383,10
13.0853204727,80.2848434448,69383,69393,10
13.085439682,80.2839584351,69393,69434,41
13.0859699249,80.2847137451,69434,70902,1468
13.0859699249,80.2847137451,70902,70912,10
13.0820598602,80.2783279419,70912,70922,10
13.0818901062,80.2780303955,70922,70932,10
13.0818004608,80.2776107788,70932,70942,10
13.0817203522,80.2773895264,70942,70953,11
13.0816802979,80.2772979736,70953,70962,9
13.081609726,80.2764892578,70962,70974,12
13.0815496445,80.2762298584,70974,71156,182
13.0815496445,80.2762298584,71156,71165,9
13.0745096207,80.2761611938,71165,71175,10
13.0736904144,80.2760772705,71175,71186,11
13.0731401443,80.2760314941,71186,71196,10
13.0724096298,80.275428772,71196,71419,223
13.0724096298,80.275428772,71419,71429,10
13.0663795471,80.2682876587,71429,71439,10
13.0659799576,80.2678070068,71439,71449,10
13.0655603409,80.2676010132,71449,71460,11
13.0653896332,80.2676010132,71460,71470,10
13.0653495789,80.2676391602,71470,71480,10
13.065199852,80.2676010132,71480,71490,10
13.0645503998,80.2677383423,71490,71551,61
13.0645503998,80.2677383423,71551,71561,10
13.0612401962,80.2650680542,71561,71571,10
13.0606603622,80.2644577026,71571,71642,71
13.0583600998,80.2650985718,71642,71723,81
13.0550699234,80.263633728,71723,71955,232
13.0550699234,80.263633728,71955,71965,10
13.0468397141,80.2663269043,71965,71975,10
13.0468196869,80.2661514282,71975,71985,10
13.0467195511,80.266418457,71985,71996,11
13.0459804535,80.2672424316,71996,72744,748
13.0459804535,80.2672424316,72744,72754,10
13.0327196121,80.2673721313,72754,72764,10
13.0327596664,80.267578125,72764,72774,10
13.0336503983,80.2676010132,72774,72784,10
13.0336999893,80.2676467896,72784,72794,10
13.0335798264,80.2676773071,72794,72804,10
13.0336799622,80.2676773071,72804,72814,10
13.0338497162,80.2677688599,72814,72835,21
13.0338497162,80.2677688599,72835,72845,10
13.0339298248,80.267868042,72845,72855,10
13.0340900421,80.2678909302,72855,72865,10
13.0345096588,80.2676620483,72865,73027,162
13.0397100449,80.2643890381,73027,73394,367
13.0397100449,80.2643890381,73394,73404,10
13.0523395538,80.2636184692,73404,73424,20
13.0523395538,80.2636184692,73424,73434,10
13.0523996353,80.263671875,73434,73444,10
13.0525999069,80.2637329102,73444,73586,142
13.0525999069,80.2637329102,73586,73596,10
13.0576400757,80.2624664307,73596,73606,10
13.0575399399,80.2610778809,73606,73657,51
13.0575399399,80.2610778809,73657,73667,10
13.0586204529,80.2602920532,73667,73677,10
13.0599298477,80.2604598999,73677,73687,10
13.0604000092,80.2610626221,73687,73697,10
13.0609998703,80.2616119385,73697,73707,10
13.0616703033,80.2623825073,73707,73798,91
13.0616703033,80.2623825073,73798,73808,10
13.063170433,80.2643890381,73808,73818,10
13.0632600784,80.2647399902,73818,73829,11
13.0632600784,80.2652893066,73829,73839,10
13.0632696152,80.2656021118,73839,73849,10
13.0642404556,80.266242981,73849,73859,10
13.0646896362,80.2665176392,73859,73869,10
13.065079689,80.2668533325,73869,73879,10
13.0657596588,80.2673416138,73879,73960,81
13.0657596588,80.2673416138,73960,73970,10
13.068189621,80.2702636719,73970,74021,51
13.068189621,80.2702636719,74021,74031,10
13.0695199966,80.272277832,74031,74041,10
13.0698204041,80.2727584839,74041,74051,10
13.0701599121,80.273109436,74051,74061,10
13.0706195831,80.2735366821,74061,74091,30
13.0706195831,80.2735366821,74091,74102,11
13.0710897446,80.2739486694,74102,74111,9
13.0711603165,80.2739486694,74111,74122,11
13.0713396072,80.2740707397,74122,74132,10
13.0719203949,80.2742767334,74132,74142,10
13.07213974,80.2744216919,74142,74152,10
13.072429657,80.2746582031,74152,74172,20
13.072429657,80.2746582031,74172,74182,10
13.0736503601,80.2763519287,74182,74193,11
13.0745801926,80.2761383057,74193,74233,40
13.0745801926,80.2761383057,74233,74243,10
13.0758600235,80.2759170532,74243,74253,10
13.0769901276,80.2760009766,74253,74263,10
13.0778198242,80.275932312,74263,74273,10
13.0751600266,80.2753829956,74273,74283,10
13.0777301788,80.2741012573,74283,74435,152
13.0777301788,80.2741012573,74435,74445,10
13.0817098618,80.2758102417,74445,74546,101
13.0817098618,80.2758102417,74546,74556,10
13.0823097229,80.280960083,74556,74567,11
13.0824604034,80.2825164795,74567,74587,20
13.0824604034,80.2825164795,74587,74597,10
13.0837402344,80.282623291,74597,74607,10
13.0842895508,80.2831268311,74607,74617,10
13.0846500397,80.2835388184,74617,74627,10
13.0849504471,80.2833099365,74627,74637,10
13.0851898193,80.2832794189,74637,74647,10
13.0854997635,80.283241272,74647,74658,11
13.0860500336,80.2833175659,74658,75355,697
13.0860500336,80.2833175659,75355,75365,10
13.074760437,80.2860870361,75365,75396,31
13.074760437,80.2860870361,75396,75405,9
13.0737600327,80.2857666016,75405,75416,11
13.0738401413,80.2860412598,75416,75426,10
13.0737695694,80.2860565186,75426,75436,10
13.0735197067,80.2860488892,75436,75446,10
13.0734596252,80.2860412598,75446,75456,10
13.0716295242,80.2851867676,75456,75466,10
13.0704402924,80.284866333,75466,75476,10
13.0691795349,80.2845916748,75476,75487,11
13.0679197311,80.2843170166,75487,75497,10
13.0665197372,80.284072876,75497,75527,30
13.0665197372,80.284072876,75527,75537,10
13.064160347,80.2834320068,75537,75547,10
13.0632600784,80.2832489014,75547,75557,10
13.0625896454,80.2830963135,75557,75567,10
13.0623397827,80.282989502,75567,75577,10
13.0621900558,80.2829208374,75577,75587,10
13.0620203018,80.2829971313,75587,75598,11
13.0614099503,80.2828063965,75598,75608,10
13.0606098175,80.2826385498,75608,75618,10
13.0592002869,80.2823486328,75618,75699,81
13.0566902161,80.2819290161,75699,75719,20
13.0566902161,80.2819290161,75719,75729,10
13.0551996231,80.2816009521,75729,75739,10
13.0543498993,80.2813720703,75739,75749,10
13.0532302856,80.2811584473,75749,75760,11
13.0519199371,80.280960083,75760,75770,10
13.0504102707,80.2807006836,75770,76093,323
13.0504102707,80.2807006836,76093,76103,10
13.0438604355,80.2716217041,76103,76113,10
13.0438899994,80.2715301514,76113,76123,10
13.0439796448,80.2711181641,76123,76133,10
13.0441598892,80.2702789307,76133,76164,31
13.0441598892,80.2702789307,76164,76174,10
13.0444698334,80.2684173584,76174,76184,10
13.0443897247,80.2682571411,76184,76194,10
13.0441598892,80.2681503296,76194,76204,10
13.0441503525,80.268157959,76204,76214,10
13.0439996719,80.2682113647,76214,76224,10
13.0433502197,80.268157959,76224,76235,11
13.0424804688,80.2679824829,76235,76245,10
13.0420198441,80.2680587769,76245,76255,10
13.0415802002,80.2682037354,76255,76285,30
13.0414896011,80.2682113647,76285,76417,132
13.0414896011,80.2682113647,76417,76427,10
13.034819603,80.2678985596,76427,76437,10
13.0344495773,80.2679519653,76437,76447,10
13.0342502594,80.2678833008,76447,76457,10
13.0343198776,80.267829895,76457,76467,10
13.0343103409,80.2677764893,76467,76477,10
13.0342597961,80.2677383423,76477,76487,10
13.0341596603,80.2677764893,76487,76639,152
13.0341596603,80.2677764893,76639,76649,10
13.0288496017,80.2663803101,76649,76659,10
13.0283002853,80.2660980225,76659,76669,10
13.0276203156,80.26612854,76669,76679,10
13.0270996094,80.2662124634,76679,76690,11
13.0264902115,80.2661972046,76690,76700,10
13.0262899399,80.2661972046,76700,76710,10
13.0264101028,80.2651824951,76710,76720,10
13.0263996124,80.2649078369,76720,76730,10
13.0262002945,80.2647399902,76730,76740,10
13.0259895325,80.2645187378,76740,76780,40
13.0259895325,80.2645187378,76780,76791,11
13.0274000168,80.2618484497,76791,76801,10
13.0268602371,80.2617111206,76801,76811,10
13.0266199112,80.2613677979,76811,76821,10
13.0266704559,80.2608795166,76821,76831,10
13.0266504288,80.2604598999,76831,76841,10
13.0268201828,80.2594528198,76841,76892,51
13.0268201828,80.2594528198,76892,76902,10
13.0271701813,80.2551193237,76902,76983,81
13.0271701813,80.2551193237,76983,76992,9
13.0288600922,80.2494888306,76992,77003,11
13.028840065,80.2494430542,77003,77104,101
13.0274295807,80.2449417114,77104,77124,20
13.0271501541,80.2438278198,77124,77165,41
13.0271501541,80.2438278198,77165,77175,10
13.0229701996,80.2425613403,77175,77185,10
13.0218496323,80.2420883179,77185,77397,212
13.0218496323,80.2420883179,77397,77407,10
13.0110902786,80.2404632568,77407,77418,11
13.0099096298,80.2401428223,77418,77640,222
13.0102996826,80.2252731323,77640,77751,111
13.0102996826,80.2252731323,77751,77761,10
13.0116796494,80.2191619873,77761,77771,10
13.0114202499,80.2191009521,77771,77781,10
13.0111398697,80.2181930542,77781,77791,10
13.0108604431,80.2173614502,77791,77802,11
13.0104799271,80.2164382935,77802,77812,10
13.0101804733,80.2158966064,77812,77822,10
13.009759903,80.2153167725,77822,78055,233
13.009759903,80.2153167725,78055,78064,9
13.0070199966,80.2097167969,78064,78095,31
13.0070199966,80.2097167969,78095,78105,10
13.007060051,80.2098083496,78105,78115,10
13.0073900223,80.2098617554,78115,78125,10
13.0078001022,80.2098999023,78125,78267,142
13.0078001022,80.2098999023,78267,78277,10
13.0081796646,80.2027435303,78277,78287,10
13.007519722,80.2034072876,78287,78297,10
13.0076599121,80.2049636841,78297,78621,324
13.0076599121,80.2049636841,78621,78631,10
13.0104904175,80.2163619995,78631,78641,10
13.0109596252,80.2174301147,78641,78651,10
13.0114803314,80.2185897827,78651,79197,546
13.0114803314,80.2185897827,79197,79207,10
13.0184497833,80.2410888672,79207,79217,10
13.0190000534,80.2412872314,79217,79227,10
