13.0140800476,80.2256393433,5013,5013,0
13.0142402649,80.2258377075,5013,5024,11
13.0142402649,80.2257614136,5024,5034,10
13.0142803192,80.2257766724,5034,5165,131
13.0142803192,80.2257766724,5165,18387,13222
12.9713602066,80.21925354,18387,18397,10
12.9710998535,80.219078064,18397,18417,20
12.9708595276,80.2189788818,18417,18428,11
12.970459938,80.2188491821,18428,18438,10
12.9698400497,80.2186203003,18438,18448,10
12.9692001343,80.2183074951,18448,18458,10
12.9685497284,80.2180786133,18458,18468,10
12.9679498672,80.2177581787,18468,18478,10
12.9672899246,80.2176208496,18478,18488,10
12.9664497375,80.2172775269,18488,18498,10
12.9656295776,80.2169494629,18498,18508,10
12.9647302628,80.2165679932,18508,18518,10
12.9638299942,80.2161483765,18518,18538,20
12.9620504379,80.2153015137,18538,18549,11
12.9608602524,80.2148895264,18549,18559,10
12.9597301483,80.2143325806,18559,18569,10
12.9586896896,80.2140274048,18569,18599,30
12.955450058,80.2128067017,18599,18609,10
12.9543504715,80.2123794556,18609,18619,10
12.9535799026,80.212059021,18619,18639,20
12.9517002106,80.2113037109,18639,18680,41
12.9474496841,80.2095489502,18680,18720,40
12.9443101883,80.208366394,18720,18730,10
12.9437599182,80.2081832886,18730,18740,10
12.9430904388,80.2078170776,18740,18750,10
12.9424600601,80.2070083618,18750,18760,10
12.9415798187,80.2063064575,18760,18771,11
12.9411001205,80.2060012817,18771,18781,10
12.9409704208,80.2058792114,18781,18791,10
12.9404296875,80.2056427002,18791,18801,10
12.9396600723,80.2054367065,18801,18811,10
12.9387397766,80.2052688599,18811,18821,10
12.9376897812,80.2049484253,18821,18831,10
12.9365701675,80.2046203613,18831,18841,10
12.935500145,80.2041702271,18841,18861,20
12.9336900711,80.2038421631,18861,18872,11
12.9327898026,80.2036895752,18872,18932,60
12.9286403656,80.2025985718,18932,18942,10
12.928319931,80.2018280029,18942,18952,10
12.9284000397,80.2008209229,18952,18962,10
12.9282999039,80.1998519897,18962,18972,10
12.9279899597,80.1988983154,18972,18982,10
12.9273900986,80.198059082,18982,18992,10
12.9264802933,80.1975097656,18992,19003,11
12.9260797501,80.1972122192,19003,19013,10
12.9258804321,80.1975326538,19013,19023,10
12.9254398346,80.197517395,19023,19033,10
12.9251298904,80.1975097656,19033,19063,30
12.9225196838,80.1973266602,19063,19073,10
12.9216995239,80.1972122192,19073,19194,121
12.9167203903,80.1922988892,19194,19204,10
12.9166402817,80.1923675537,19204,19215,11
12.9158401489,80.1923065186,19215,19225,10
12.9151296616,80.1923217773,19225,19325,100
12.9093999863,80.1910400391,19325,19336,11
12.9093999863,80.191116333,19336,19346,10
12.9094200134,80.1911697388,19346,19356,10
12.9093599319,80.1911087036,19356,19527,171
12.9093599319,80.1911087036,19527,19679,152
12.9011602402,80.1827316284,19679,19820,141
12.8899297714,80.1744766235,19820,19880,60
12.8859195709,80.1723937988,19880,19890,10
12.8849096298,80.171836853,19890,19901,11
12.8837900162,80.171257019,19901,19911,10
12.8828802109,80.1708068848,19911,19921,10
12.8822402954,80.1707382202,19921,19931,10
12.881649971,80.1709594727,19931,19941,10
12.8812303543,80.1707992554,19941,19951,10
12.8808202744,80.1706924438,19951,19961,10
12.8797302246,80.1701126099,19961,19971,10
12.8786497116,80.1700363159,19971,19981,10
12.8774595261,80.1703186035,19981,19991,10
12.8763599396,80.1706924438,19991,20002,11
12.875289917,80.171043396,20002,20011,9
12.8744497299,80.1718521118,20011,20022,11
12.8733501434,80.1725387573,20022,20032,10
12.8723497391,80.1731872559,20032,20042,10
12.8713598251,80.1738510132,20042,20052,10
12.8694295883,80.1751403809,20052,20062,10
12.8694295883,80.1751403809,20062,20072,10
12.8684797287,80.1757583618,20072,20080,8
12.8678102493,80.1759796143,20080,20092,12
12.8665399551,80.1758499146,20092,20102,10
12.8654603958,80.175743103,20102,20112,10
12.8652000427,80.1756973267,20112,20122,10
12.8649902344,80.1756210327,20122,20133,11
12.8643398285,80.1752624512,20133,20143,10
12.8635597229,80.1747589111,20143,20153,10
12.8625802994,80.1741790771,20153,20163,10
12.8615198135,80.1737136841,20163,20173,10
12.8604602814,80.173248291,20173,20183,10
12.8593997955,80.1727828979,20183,20193,10
12.8583097458,80.1724777222,20193,20203,10
12.8575201035,80.1723480225,20203,20213,10
12.8572101593,80.1722869873,20213,20223,10
12.8565797806,80.1721801758,20223,20232,9
12.8562002182,80.172088623,20232,20244,12
12.8558197021,80.1719818115,20244,20254,10
12.8551101685,80.1717681885,20254,20264,10
12.8541698456,80.1714782715,20264,20274,10
12.8530502319,80.1712417603,20274,20284,10
12.8519001007,80.1710968018,20284,20294,10
12.8509197235,80.1709365845,20294,20304,10
12.8506097794,80.1708831787,20304,20314,10
12.8499403,80.1707763672,20314,20324,10
12.8489904404,80.1706237793,20324,20334,10
12.8478603363,80.1704177856,20334,20344,10
12.8467302322,80.170249939,20344,20355,11
12.845459938,80.170173645,20355,20365,10
12.8443002701,80.1701202393,20365,20375,10
12.8431596756,80.1699829102,20375,20385,10
12.8420095444,80.1699371338,20385,20395,10
12.8408403397,80.1699676514,20395,20405,10
12.8397197723,80.1699829102,20405,20415,10
12.8387298584,80.1698226929,20415,20425,10
12.8380699158,80.169418335,20425,20435,10
12.8377895355,80.1693115234,20435,20445,10
12.8372001648,80.1691131592,20445,20455,10
12.8369998932,80.1688690186,20455,20465,10
12.8367004395,80.1687774658,20465,20476,11
12.8361997604,80.1686172485,20476,20486,10
12.8359498978,80.1683731079,20486,20496,10
12.8357896805,80.1678771973,20496,20506,10
12.8354597092,80.1677703857,20506,20516,10
12.8348798752,80.1675109863,20516,20526,10
12.8341197968,80.1670837402,20526,20536,10
12.8332500458,80.1666107178,20536,20546,10
12.832280159,80.1661071777,20546,20556,10
12.8312301636,80.1657333374,20556,20566,10
12.8303403854,80.1655197144,20566,20576,10
12.829580307,80.1654510498,20576,20587,11
12.8285598755,80.1652679443,20587,20597,10
12.8276996613,80.1651611328,20597,20607,10
12.8277902603,80.1651687622,20607,20768,161
12.8182201385,80.1604690552,20768,20778,10
12.8179302216,80.1604232788,20778,20789,11
12.8173904419,80.1603317261,20789,20798,9
12.8168897629,80.160118103,20798,20809,11
12.8161001205,80.1599273682,20809,20819,10
12.8152198792,80.1598129272,20819,20829,10
12.8144397736,80.1596374512,20829,20839,10
12.8135900497,80.1595230103,20839,20849,10
12.8127098083,80.1593780518,20849,20859,10
12.8118095398,80.1594161987,20859,20869,10
12.8111801147,80.1595993042,20869,20879,10
12.8099899292,80.1597824097,20879,21646,767
12.8099899292,80.1597824097,21646,21686,40
12.8098897934,80.1596984863,21686,21696,10
12.8097200394,80.1597824097,21696,21706,10
12.8100595474,80.15965271,21706,21717,11
12.8096504211,80.1596679688,21717,21727,10
12.8098297119,80.1596908569,21727,21737,10
12.8099298477,80.159576416,21737,21747,10
12.8100500107,80.1595077515,21747,21757,10
12.810090065,80.1597518921,21757,21767,10
12.8099002838,80.1597290039,21767,21777,10
12.8100404739,80.1596679688,21777,21787,10
12.8100595474,80.1597213745,21787,21797,10
12.8098802567,80.1597900391,21797,21878,81
12.8100404739,80.1597366333,21878,21888,10
12.8099803925,80.1597824097,21888,21918,30
12.8099803925,80.1597824097,21918,21929,11
12.8100500107,80.1596374512,21929,21949,20
12.8099899292,80.1597824097,21949,22473,524
12.8099899292,80.1597824097,22473,22483,10
12.8100204468,80.1596908569,22483,22594,111
12.8100204468,80.1596908569,22594,22608,14
12.8099899292,80.1596984863,22608,22618,10
12.8099403381,80.1596679688,22618,22769,151
12.8097696304,80.1597824097,22769,22789,20
12.8099899292,80.1597366333,22789,22799,10
12.809969902,80.1597518921,22799,22809,10
12.8101997375,80.1597366333,22809,22819,10
12.8102798462,80.1597900391,22819,22829,10
12.8106298447,80.1597213745,22829,22840,11
12.8111600876,80.1595611572,22840,22850,10
12.8115701675,80.1594314575,22850,22890,40
12.8140802383,80.1596221924,22890,22900,10
12.8152503967,80.1598129272,22900,22910,10
12.8163404465,80.1600418091,22910,22920,10
12.8171901703,80.1602325439,22920,22930,10
12.8173503876,80.1602706909,22930,22940,10
12.8178300858,80.1603927612,22940,22950,10
12.8182697296,80.1604995728,22950,22961,11
12.8187799454,80.160697937,22961,22971,10
12.8195800781,80.1610717773,22971,22981,10
12.820599556,80.1615219116,22981,22991,10
12.8216495514,80.1619720459,22991,23001,10
12.8227300644,80.1624069214,23001,23011,10
12.8237695694,80.162902832,23011,23021,10
12.824760437,80.1635437012,23021,23031,10
12.825799942,80.1640777588,23031,23041,10
12.8268098831,80.1647033691,23041,23051,10
12.8274002075,80.1650772095,23051,23061,10
12.8278303146,80.1651992798,23061,23082,21
12.8278303146,80.1651992798,23082,23092,10
12.8278999329,80.1652069092,23092,23102,10
12.8284702301,80.1652679443,23102,23112,10
12.8293199539,80.1653594971,23112,23122,10
12.8304300308,80.1655273438,23122,23132,10
12.8315696716,80.1658096313,23132,23142,10
12.8326702118,80.1662597656,23142,23152,10
12.8337001801,80.166847229,23152,23162,10
12.8347196579,80.1673965454,23162,23172,10
12.8356399536,80.1678237915,23172,23183,11
12.8359298706,80.1680984497,23183,23193,10
12.836230278,80.1686172485,23193,23203,10
12.836520195,80.1687164307,23203,23213,10
12.8370103836,80.1688537598,23213,23223,10
12.8372402191,80.1690826416,23223,23233,10
12.8376302719,80.1692962646,23233,23243,10
12.8381795883,80.1694030762,23243,23253,10
12.8385000229,80.1696929932,23253,23263,10
12.8392295837,80.1699295044,23263,23273,10
12.8401298523,80.1699523926,23273,23283,10
12.8412399292,80.1699676514,23283,23293,10
12.8424396515,80.1699523926,23293,23304,11
12.8437204361,80.1700363159,23304,23314,10
12.8449001312,80.1701507568,23314,23324,10
12.8460798264,80.1701889038,23324,23334,10
12.847240448,80.1702804565,23334,23343,9
12.8482503891,80.170463562,23343,23354,11
12.84953022,80.1706695557,23354,23364,10
12.8506603241,80.1708831787,23364,23374,10
12.8518104553,80.1710662842,23374,23384,10
12.8529396057,80.1712265015,23384,23394,10
12.8540802002,80.1714401245,23394,23404,10
12.8551902771,80.1717605591,23404,23415,11
12.8562002182,80.1720581055,23415,23425,10
12.8564901352,80.1721572876,23425,23445,20
12.8564901352,80.1721572876,23445,23455,10
12.8568401337,80.1722183228,23455,23465,10
12.8575296402,80.1723098755,23465,23475,10
12.8579101563,80.1723937988,23475,23485,10
12.8586196899,80.1725234985,23485,23495,10
12.8595399857,80.1727981567,23495,23505,10
12.8598604202,80.1729507446,23505,23515,10
12.8603096008,80.1731491089,23515,23526,11
12.8611497879,80.1735229492,23526,23536,10
12.8621702194,80.1739578247,23536,23546,10
12.8632001877,80.1744995117,23546,23556,10
12.8641901016,80.1751174927,23556,23566,10
12.8651304245,80.1756515503,23566,23576,10
12.8653297424,80.1756820679,23576,23586,10
12.8653297424,80.1756820679,23586,23596,10
12.8652000427,80.1757736206,23596,23606,10
12.8657798767,80.1757736206,23606,23616,10
12.8666496277,80.17578125,23616,23626,10
12.867600441,80.1759109497,23626,23637,11
12.868639946,80.1756668091,23637,23647,10
12.8695697784,80.1750335693,23647,23657,10
12.8705301285,80.1743774414,23657,23667,10
12.8714799881,80.1737289429,23667,23677,10
12.8724403381,80.1731033325,23677,23687,10
12.8733997345,80.1724624634,23687,23697,10
12.8789796829,80.169960022,23697,23765,68
12.8789796829,80.169960022,23765,23785,20
12.8809604645,80.1707000732,23785,23795,10
12.8816995621,80.1709671021,23795,23805,10
12.8821897507,80.1709365845,23805,23815,10
12.8828697205,80.1708297729,23815,23825,10
12.8837404251,80.171257019,23825,23835,10
12.884759903,80.1717681885,23835,23845,10
12.8857803345,80.1723022461,23845,23855,10
12.8867998123,80.1728210449,23855,23866,11
12.8879203796,80.1734085083,23866,23876,10
12.8889198303,80.1739273071,23876,23886,10
12.8896198273,80.1742706299,23886,23896,10
12.8899097443,80.1744003296,23896,23906,10
12.8902797699,80.1745376587,23906,23916,10
12.8906402588,80.1749572754,23916,23926,10
12.8909301758,80.175453186,23926,23936,10
12.8912200928,80.1759872437,23936,23946,10
12.8916101456,80.1766281128,23946,23956,10
12.891579628,80.1766967773,23956,23966,10
12.8917398453,80.176940918,23966,23987,21
12.8917398453,80.176940918,23987,23997,10
12.891960144,80.1772384644,23997,24007,10
12.8922300339,80.1778411865,24007,24017,10
12.8926696777,80.1786193848,24017,24027,10
12.8931703568,80.1795883179,24027,24037,10
12.8940095901,80.1802825928,24037,24057,20
12.8940095901,80.1802825928,24057,24067,10
12.8941497803,80.1803283691,24067,24077,10
12.8946695328,80.1805801392,24077,24087,10
12.8954401016,80.1809616089,24087,24098,11
12.8964996338,80.1814575195,24098,24108,10
12.897649765,80.1820602417,24108,24128,20
12.897649765,80.1820602417,24128,24138,10
12.8978900909,80.1821517944,24138,24148,10
12.8984203339,80.1824493408,24148,24158,10
12.8991603851,80.1828384399,24158,24168,10
12.9000501633,80.1833114624,24168,24178,10
12.9009599686,80.1837387085,24178,24188,10
12.9020204544,80.1840591431,24188,24198,10
12.9031295776,80.1843719482,24198,24209,11
12.9044399261,80.1846694946,24209,24219,10
12.9048995972,80.1850204468,24219,24370,151
12.9124002457,80.1918563843,24370,24380,10
12.9126996994,80.1919784546,24380,24390,10
12.9132299423,80.1920318604,24390,24400,10
12.9140396118,80.1920394897,24400,24421,21
12.9161300659,80.1922836304,24421,24431,10
12.9168395996,80.1922607422,24431,24441,10
12.917140007,80.1919708252,24441,24450,9
12.9170598984,80.1918487549,24450,24461,11
12.9170799255,80.1918487549,24461,24471,10
12.917429924,80.1915435791,24471,24491,20
12.9174804688,80.1903533936,24491,24501,10
12.9175395966,80.1906967163,24501,24511,10
12.9174098969,80.1915283203,24511,24521,10
12.91726017,80.1923828125,24521,24532,11
12.9170999527,80.1931991577,24532,24562,30
12.9170999527,80.1931991577,24562,24592,30
12.9181804657,80.1955108643,24592,24632,40
12.9208498001,80.1968002319,24632,24642,10
12.9212598801,80.1969528198,24642,24653,11
12.9220304489,80.1971969604,24653,24663,10
12.9227399826,80.1973114014,24663,24673,10
12.9232797623,80.1973571777,24673,24683,10
12.9236001968,80.1973800659,24683,24693,10
12.9242696762,80.1974411011,24693,24703,10
12.9250497818,80.197479248,24703,24713,10
12.9254302979,80.1974334717,24713,24723,10
12.9259195328,80.1974563599,24723,24733,10
12.9264802933,80.1975784302,24733,24743,10
12.9267997742,80.1976470947,24743,24753,10
12.9265203476,80.1975402832,24753,24764,11
12.9269695282,80.1977005005,24764,24774,10
12.9275999069,80.1981887817,24774,24784,10
12.9281797409,80.1988525391,24784,24794,10
12.9286003113,80.199760437,24794,24804,10
12.9285001755,80.2008972168,24804,24814,10
12.9284801483,80.2019119263,24814,24834,20
12.9293498993,80.202796936,24834,24844,10
12.929400444,80.2026901245,24844,24854,10
12.9298200607,80.2027435303,24854,24885,31
12.9320602417,80.2035598755,24885,24895,10
12.9333000183,80.2037963867,24895,24905,10
12.9339103699,80.2038269043,24905,24915,10
12.9340000153,80.2038574219,24915,24925,10
12.9341402054,80.2038421631,24925,24935,10
12.9346704483,80.2039337158,24935,24945,10
12.9354200363,80.2041931152,24945,24955,10
12.9363698959,80.2045288086,24955,24965,10
12.9374399185,80.2048416138,24965,24975,10
12.9384403229,80.2051315308,24975,24985,10
12.9394197464,80.2054519653,24985,24996,11
12.9400701523,80.205619812,24996,25006,10
12.9401102066,80.2056427002,25006,25016,10
12.9406299591,80.2057876587,25016,25026,10
12.9413604736,80.2061080933,25026,25036,10
12.9421796799,80.2067108154,25036,25046,10
12.9428901672,80.2074127197,25046,25056,10
12.9432497025,80.2078781128,25056,25066,10
12.9435596466,80.2083206177,25066,25107,41
12.9449300766,80.2086334229,25107,25117,10
12.9456100464,80.2088699341,25117,25127,10
12.9461698532,80.2089309692,25127,25137,10
12.946680069,80.2091293335,25137,25147,10
12.9472799301,80.2092666626,25147,25157,10
12.9476995468,80.2094268799,25157,25167,10
12.9481296539,80.2096481323,25167,25177,10
12.9483804703,80.2097473145,25177,25187,10
12.9488401413,80.2098388672,25187,25208,21
12.9494695663,80.2099609375,25208,25217,9
12.9500198364,80.2101669312,25217,25228,11
12.950799942,80.2104110718,25228,25248,20
12.952460289,80.211517334,25248,25258,10
12.9534502029,80.2119827271,25258,25268,10
12.9534902573,80.2118911743,25268,25278,10
12.9537000656,80.2119674683,25278,25288,10
12.9542198181,80.2121887207,25288,25298,10
12.9549503326,80.2124862671,25298,25308,10
12.9558095932,80.2128372192,25308,25318,10
12.9568004608,80.213218689,25318,25329,11
12.9580001831,80.2137298584,25329,25339,10
12.9590597153,80.2141494751,25339,25349,10
12.9601602554,80.21459198,25349,25359,10
12.9612102509,80.2149963379,25359,25369,10
12.9622802734,80.215423584,25369,25379,10
12.9633197784,80.2158203125,25379,25389,10
12.9642400742,80.2162017822,25389,25399,10
12.9641704559,80.2162017822,25399,25409,10
12.9643201828,80.216217041,25409,25420,11
12.9647197723,80.2163925171,25420,25430,10
12.9655199051,80.2166900635,25430,25469,39
12.9682197571,80.217880249,25469,25510,41
12.9713401794,80.2189712524,25510,25520,10
12.9713497162,80.2189712524,25520,25843,323
12.9867801666,80.2229385376,25843,25853,10
12.9870700836,80.2230072021,25853,25924,71
12.9903297424,80.2203292847,25924,25934,10
12.9903097153,80.2202987671,25934,25985,51
12.9949102402,80.2181930542,25985,26015,30
12.9961500168,80.2165298462,26015,26025,10
12.9961595535,80.2165527344,26025,26035,10
12.9965801239,80.2164611816,26035,26065,30
12.9976501465,80.2164993286,26065,26075,10
12.9980602264,80.2165679932,26075,26126,51
13.0020399094,80.2191772461,26126,26136,10
13.0024204254,80.2200012207,26136,26146,10
13.0034198761,80.2199401855,26146,26227,81
13.010430336,80.2226104736,26227,26237,10
13.0116796494,80.2232971191,26237,26247,10
13.011590004,80.2232818604,26247,26257,10
13.0115699768,80.2226409912,26257,26267,10
13.0116901398,80.2221374512,26267,26398,131
13.0174798965,80.224937439,26398,26408,10
13.018409729,80.224571228,26408,26469,61
13.0219402313,80.2261734009,26469,26479,10
13.0222702026,80.2264709473,26479,26519,40
13.0244503021,80.2284393311,26519,26529,10
13.0246200562,80.2286224365,26529,26539,10
13.0251197815,80.2294616699,26539,26550,11
13.0347900391,80.2299423218,26550,26751,201
13.0346698761,80.2298812866,26751,27175,424
13.0343103409,80.2298431396,27175,27236,61
13.034239769,80.2298583984,27236,28809,1573
13.034239769,80.2298583984,28809,28819,10
13.0342102051,80.2300872803,28819,28829,10
13.0341701508,80.2303009033,28829,28838,9
13.0340204239,80.2303695679,28838,28850,12
13.033370018,80.2303924561,28850,28860,10
13.0325098038,80.230506897,28860,28870,10
13.0314903259,80.2306213379,28870,28880,10
13.0305595398,80.2307434082,28880,28890,10
13.0298099518,80.2308120728,28890,28900,10
13.0294799805,80.2308807373,28900,28910,10
13.0289497375,80.2308807373,28910,28920,10
13.0282897949,80.2309570313,28920,28930,10
13.0277500153,80.2310028076,28930,28940,10
13.0276699066,80.2313079834,28940,28950,10
13.0277500153,80.2318496704,28950,28961,11
13.0278902054,80.2325134277,28961,28971,10
13.0277204514,80.2328033447,28971,28981,10
13.0271997452,80.2328796387,28981,28991,10
13.0267801285,80.232963562,28991,29021,30
13.0267801285,80.232963562,29021,29031,10
13.0266895294,80.2329711914,29031,29041,10
13.0264396667,80.2329330444,29041,29051,10
13.0262098312,80.2323608398,29051,29061,10
13.0259799957,80.2314834595,29061,29071,10
13.0255899429,80.2304000854,29071,29082,11
13.0248403549,80.2293395996,29082,29092,10
13.0246095657,80.2290496826,29092,29102,10
13.0244398117,80.228843689,29102,29112,10
13.0240402222,80.2283401489,29112,29122,10
13.0235004425,80.227722168,29122,29132,10
13.0230998993,80.2274780273,29132,29142,10
13.0229101181,80.2272567749,29142,29172,30
13.0225896835,80.2268295288,29172,29182,10
13.0221996307,80.2264480591,29182,29193,11
13.0215196609,80.2259216309,29193,29203,10
13.0208396912,80.2253799438,29203,29213,10
13.0201597214,80.2249298096,29213,29223,10
13.0199298859,80.2247772217,29223,29233,10
13.0199098587,80.2247467041,29233,29243,10
13.0193796158,80.2245178223,29243,29253,10
13.0185003281,80.224609375,29253,29263,10
13.0174798965,80.2250366211,29263,29273,10
13.0164003372,80.2254867554,29273,29283,10
13.0154495239,80.2258300781,29283,29293,10
13.0146503448,80.2261734009,29293,29304,11
13.0139398575,80.2264633179,29304,29314,10
13.0144195557,80.2261428833,29314,29324,10
13.0144701004,80.2262268066,29324,29344,20
13.0138597488,80.2265701294,29344,29354,10
13.0132904053,80.2268066406,29354,29374,20
13.0110197067,80.2275238037,29374,29384,10
13.0100297928,80.2279129028,29384,29394,10
13.0094804764,80.2276763916,29394,29404,10
13.0097103119,80.2270736694,29404,29415,11
13.0101900101,80.2261199951,29415,29425,10
13.0105800629,80.2252578735,29425,29435,10
13.0106496811,80.2248306274,29435,29445,10
13.0107803345,80.2243881226,29445,29536,91
13.0059404373,80.2205276489,29536,29546,10
13.0048599243,80.2202835083,29546,29556,10
13.004650116,80.2202377319,29556,29566,10
13.0044298172,80.220199585,29566,29576,10
13.003780365,80.2200393677,29576,29586,10
13.0028600693,80.2198181152,29586,29596,10
13.0020704269,80.2191085815,29596,29606,10
13.0013799667,80.21849823,29606,29616,10
13.0006504059,80.2180175781,29616,29626,10
12.9998598099,80.217590332,29626,29637,11
12.9989595413,80.2172775269,29637,29697,60
12.9968900681,80.216506958,29697,29707,10
12.9965400696,80.2165908813,29707,29717,10
12.9959802628,80.2166366577,29717,29768,51
12.9917297363,80.219543457,29768,29778,10
12.9911203384,80.2199325562,29778,30030,252
12.9795103073,80.2211074829,30030,30040,10
12.9785699844,80.2211914063,30040,30050,10
12.9778203964,80.2211990356,30050,30060,10
12.9771499634,80.2213592529,30060,30070,10
12.9762601852,80.2212600708,30070,30081,11
12.9757299423,80.2213287354,30081,30141,60
12.9753198624,80.2207717896,30141,30151,10
12.9748601913,80.2205810547,30151,30161,10
12.9742498398,80.2202606201,30161,30171,10
12.9734601974,80.2198867798,30171,30181,10
12.9726495743,80.2195587158,30181,30191,10
12.9717903137,80.2192687988,30191,30202,11
12.9711198807,80.2189483643,30202,30232,30
12.9707803726,80.2190170288,30232,30242,10
12.9703197479,80.2187728882,30242,30252,10
12.9696502686,80.2184906006,30252,30262,10
12.9689798355,80.21824646,30262,30272,10
12.9681997299,80.2180862427,30272,30282,10
12.967300415,80.2179336548,30282,30433,151
12.9553003311,80.2121963501,30433,30444,11
12.9553003311,80.2121963501,30444,30505,61
12.9519901276,80.2114868164,30505,30515,10
12.9510803223,80.2111663818,30515,30525,10
12.9500398636,80.2107315063,30525,30535,10
12.948969841,80.2102966309,30535,30868,333
12.9295301437,80.2027893066,30868,30878,10
12.9294595718,80.2027511597,30878,30959,81
12.9264698029,80.1976776123,30959,30969,10
12.9263601303,80.1975708008,30969,30979,10
12.926030159,80.1975326538,30979,30989,10
12.9254703522,80.1975784302,30989,31000,11
12.9252996445,80.1977081299,31000,31302,302
12.9124803543,80.1918334961,31302,31312,10
12.9113101959,80.1917266846,31312,31322,10
12.9103298187,80.191619873,31322,31332,10
12.9097299576,80.1914672852,31332,31342,10
12.9097204208,80.1913223267,31342,31351,9
12.9094200134,80.1911087036,31351,31363,12
12.9086503983,80.1905288696,31363,31373,10
12.9078302383,80.1899032593,31373,31383,10
12.9069700241,80.1893310547,31383,31393,10
12.906080246,80.1888198853,31393,31403,10
12.9061899185,80.1886978149,31403,31534,131
12.8980398178,80.1822891235,31534,31544,10
12.897359848,80.181968689,31544,31554,10
12.8967103958,80.181678772,31554,31564,10
12.8975000381,80.1820526123,31564,31665,101
12.8927097321,80.1787796021,31665,31675,10
12.892250061,80.1779937744,31675,31685,10
12.8917703629,80.1770629883,31685,31696,11
12.891409874,80.1763687134,31696,31756,60
12.887339592,80.1756668091,31756,31766,10
12.8882303238,80.173538208,31766,31776,10
12.8874502182,80.1731719971,31776,31786,10
12.8862495422,80.1725082397,31786,31797,11
12.8851203918,80.1719512939,31797,31806,9
12.884180069,80.171333313,31806,31817,11
12.883099556,80.1708602905,31817,31827,10
12.882349968,80.1706085205,31827,31837,10
12.8818101883,80.1710662842,31837,31847,10
12.8811197281,80.171333313,31847,31887,40
12.8782196045,80.1701812744,31887,31896,9
12.872179985,80.1733398438,31896,31964,68
12.872179985,80.1733398438,31964,32166,202
12.8563604355,80.1721725464,32166,32256,90
12.849650383,80.1706695557,32256,32267,11
12.8483600616,80.170501709,32267,32297,30
12.8448200226,80.1701278687,32297,32307,10
12.8436803818,80.1701889038,32307,32317,10
12.8424501419,80.1700134277,32317,32327,10
12.8413600922,80.1697692871,32327,32337,10
12.8402099609,80.1696777344,32337,32388,51
12.8371200562,80.1691818237,32388,32448,60
12.8351898193,80.167678833,32448,32458,10
12.8345899582,80.1675415039,32458,32519,61
12.8285799026,80.1653213501,32519,32529,10
12.827630043,80.1651382446,32529,32559,30
12.827630043,80.1651382446,32559,32569,10
12.8274297714,80.1650772095,32569,32579,10
12.8271999359,80.1649703979,32579,32660,81
12.8245000839,80.1635131836,32660,32670,10
12.8235902786,80.1630706787,32670,32690,20
12.8215904236,80.1619873047,32690,32700,10
12.8205299377,80.1614379883,32700,32710,10
12.819439888,80.1609725952,32710,32720,10
12.8185100555,80.1605834961,32720,32731,11
12.8178501129,80.1603317261,32731,32741,10
12.8176803589,80.1604385376,32741,32751,10
12.809969902,80.159538269,32751,32933,182
12.8102302551,80.1596984863,32933,34445,1512
12.8101797104,80.1596679688,34445,34556,111
12.8102502823,80.1596603394,34556,34667,111
12.8102502823,80.1596603394,34667,34677,10
12.8102903366,80.1597290039,34677,34688,11
12.8107004166,80.1596984863,34688,34698,10
12.8111495972,80.1595611572,34698,34708,10
12.811630249,80.1594161987,34708,34718,10
12.8116998672,80.1594009399,34718,34728,10
12.8118696213,80.1593475342,34728,34738,10
12.8124103546,80.1593399048,34738,34748,10
12.8131799698,80.1595077515,34748,34758,10
12.8141298294,80.1596221924,34758,34768,10
12.8147602081,80.1596984863,34768,34778,10
12.8149900436,80.1597595215,34778,34788,10
12.8151197433,80.1597976685,34788,34798,10
12.8156499863,80.1599197388,34798,34809,11
12.8163700104,80.1600570679,34809,34819,10
12.8170204163,80.1601791382,34819,34829,10
12.8171901703,80.1602096558,34829,34839,10
12.8176298141,80.1603164673,34839,34849,10
12.8179998398,80.1604003906,34849,34859,10
12.81828022,80.1604919434,34859,34869,10
12.8186903,80.1606369019,34869,34879,10
12.8194103241,80.160949707,34879,34889,10
12.8203496933,80.1613616943,34889,34899,10
12.8214101791,80.1617965698,34899,34908,9
12.8223600388,80.1621932983,34908,34920,12
12.8235902786,80.162727356,34920,34930,10
12.8244800568,80.1633300781,34930,34940,10
12.8253498077,80.1638336182,34940,34950,10
12.8261404037,80.1642379761,34950,34960,10
12.8266897202,80.1646118164,34960,34970,10
12.8269395828,80.1647491455,34970,34980,10
12.8270101547,80.1648025513,34980,34990,10
12.8274002075,80.1650695801,34990,35061,71
12.8278503418,80.1651687622,35061,35081,20
12.8278503418,80.1651687622,35081,35091,10
12.8277997971,80.1651611328,35091,35101,10
12.8279399872,80.1651916504,35101,35111,10
12.828499794,80.1652603149,35111,35121,10
12.8302202225,80.1654663086,35121,35131,10
12.8302202225,80.1654663086,35131,35142,11
12.8312101364,80.1657028198,35142,35150,8
12.8318996429,80.1659164429,35150,35164,14
12.8331098557,80.1664581299,35164,35175,11
12.8339796066,80.1669616699,35175,35185,10
12.8347501755,80.167427063,35185,35195,10
12.8354997635,80.1677703857,35195,35205,10
12.8358697891,80.1679382324,35205,35215,10
12.8360099792,80.1684112549,35215,35225,10
12.8363103867,80.1686325073,35225,35235,10
12.8366804123,80.1687393188,35235,35245,10
12.8371200562,80.168838501,35245,35255,10
12.8372402191,80.1691436768,35255,35265,10
12.8377103806,80.169342041,35265,35276,11
12.8381795883,80.1694335938,35276,35286,10
12.8384799957,80.1696777344,35286,35296,10
12.839099884,80.169883728,35296,35306,10
12.8398799896,80.169960022,35306,35316,10
12.8407402039,80.1699523926,35316,35326,10
12.841799736,80.169960022,35326,35336,10
12.8428602219,80.169960022,35336,35346,10
12.8439998627,80.1700592041,35346,35356,10
12.8451700211,80.1701278687,35356,35366,10
12.8463401794,80.1701965332,35366,35377,11
12.8476104736,80.1703262329,35377,35387,10
12.8487901688,80.1706008911,35387,35397,10
12.8498601913,80.1708679199,35397,35407,10
12.8509597778,80.1709518433,35407,35417,10
12.8521099091,80.1711196899,35417,35426,9
12.8530302048,80.1712722778,35426,35437,11
12.8542499542,80.1715164185,35437,35447,10
12.8553495407,80.1718597412,35447,35457,10
12.8561897278,80.1720733643,35457,35467,10
12.8564195633,80.17212677,35467,35477,10
12.8564300537,80.1721191406,35477,35488,11
12.8563699722,80.1721496582,35488,35498,10
12.8567800522,80.1722412109,35498,35508,10
12.8574695587,80.1723327637,35508,35518,10
12.8578195572,80.1723709106,35518,35528,10
12.8582401276,80.172492981,35528,35538,10
12.8593196869,80.1726379395,35538,35548,10
12.8601903915,80.1730422974,35548,35558,10
12.8610801697,80.1734695435,35558,35568,10
12.8621101379,80.1738815308,35568,35578,10
12.8630599976,80.1742477417,35578,35629,51
12.8660497665,80.1757583618,35629,35639,10
12.8667097092,80.1759109497,35639,35649,10
12.8675098419,80.1761016846,35649,35659,10
12.8800096512,80.1702804565,35659,35818,159
12.8800096512,80.1702804565,35818,35838,20
12.880490303,80.170463562,35838,35849,11
12.8812198639,80.1708831787,35849,35859,10
12.8818902969,80.171081543,35859,35889,30
12.882900238,80.1707763672,35889,35899,10
12.8831396103,80.1709899902,35899,35970,71
12.8896398544,80.1742782593,35970,35980,10
12.8899297714,80.1743621826,35980,36060,80
12.891869545,80.1775817871,36060,36071,11
12.8921804428,80.1782226563,36071,36141,70
12.8948202133,80.1807098389,36141,36151,10
12.8954896927,80.181022644,36151,36161,10
12.8964099884,80.181427002,36161,36171,10
12.8972396851,80.1819610596,36171,36182,11
12.8982000351,80.182258606,36182,36242,60
12.8989696503,80.1829605103,36242,36293,51
12.903960228,80.1847991943,36293,36303,10
12.9041004181,80.1855010986,36303,36313,10
12.9040803909,80.1863098145,36313,36393,80
12.9070701599,80.1892929077,36393,36404,11
12.90762043,80.1896972656,36404,36444,40
12.9102497101,80.19165802,36444,36454,10
12.9110603333,80.1918182373,36454,36464,10
12.9120798111,80.1918563843,36464,36474,10
12.9127902985,80.1919021606,36474,36484,10
12.912560463,80.1918869019,36484,36494,10
12.9128398895,80.1917572021,36494,36504,10
12.9133300781,80.1918792725,36504,36514,10
12.9141397476,80.1920394897,36514,36525,11
12.9151201248,80.1922073364,36525,36535,10
12.9160499573,80.1922988892,36535,36545,10
12.9168701172,80.1922836304,36545,36555,10
12.9172201157,80.1920166016,36555,36565,10
12.9172897339,80.1915512085,36565,36575,10
12.91726017,80.1915817261,36575,36585,10
12.9173498154,80.19165802,36585,36595,10
12.9173803329,80.1913833618,36595,36605,10
12.9173402786,80.1910400391,36605,36615,10
12.9173603058,80.1903686523,36615,36626,11
12.9172296524,80.1899490356,36626,36636,10
12.9172000885,80.1908035278,36636,36646,10
12.9173698425,80.1913375854,36646,36656,10
12.9174699783,80.1918487549,36656,36817,161
12.9227399826,80.1972885132,36817,36827,10
12.9233398438,80.1973724365,36827,36888,61
12.9256401062,80.1974716187,36888,36898,10
12.926199913,80.1975021362,36898,36989,91
12.9287996292,80.2020797729,36989,37019,30
12.9294900894,80.2027587891,37019,37029,10
12.9298801422,80.2027282715,37029,37039,10
12.9303302765,80.2027206421,37039,37049,10
12.9308300018,80.2026672363,37049,37059,10
12.9312696457,80.2031021118,37059,37069,10
12.9319295883,80.2034606934,37069,37079,10
12.9325895309,80.2035903931,37079,37089,10
12.9331197739,80.2037277222,37089,37100,11
12.9337596893,80.2039489746,37100,37110,10
12.9343996048,80.2041778564,37110,37130,20
12.9342603683,80.2038803101,37130,37200,70
12.9397497177,80.2055892944,37200,37211,11
12.9405002594,80.205581665,37211,37311,100
12.9447002411,80.2085571289,37311,37322,11
12.9452104568,80.208656311,37322,37372,50
12.9489202499,80.2100296021,37372,37382,10
12.9494600296,80.2103118896,37382,37412,30
12.952460289,80.2115402222,37412,37422,10
12.9533901215,80.2118682861,37422,37433,11
12.9542999268,80.2121963501,37433,37735,302
12.9729995728,80.2199325562,37735,37745,10
12.9737701416,80.2205429077,37745,37776,31
12.9750995636,80.2204284668,37776,37786,10
12.9751300812,80.2203979492,37786,37896,110
12.9799804688,80.2210998535,37896,37907,11
12.9808998108,80.2210388184,37907,37917,10
12.9815301895,80.221282959,37917,37927,10
12.9819602966,80.2216567993,37927,37987,60
12.9852304459,80.2227325439,37987,37998,11
12.9844503403,80.2228775024,37998,38008,10
12.9849996567,80.22315979,38008,38018,10
12.9856595993,80.2234573364,38018,38209,191
12.9945802689,80.2173690796,38209,38219,10
12.9952001572,80.2168273926,38219,38230,11
12.995880127,80.216178894,38230,38330,100
13.0017700195,80.2188110352,38330,38340,10
13.0023403168,80.2194137573,38340,38431,91
13.0087900162,80.2216873169,38431,38653,222
13.015130043,80.2247161865,38653,38683,30
13.0151500702,80.2245178223,38683,38694,11
13.0153799057,80.2248306274,38694,38704,10
13.0155801773,80.2249679565,38704,38714,10
13.0158596039,80.225227356,38714,38804,90
13.0199298859,80.2247085571,38804,38815,11
13.0203800201,80.225189209,38815,38825,10
13.0207796097,80.2256164551,38825,38835,10
13.0215997696,80.2260971069,38835,38845,10
13.0222101212,80.2264480591,38845,38936,91
13.025179863,80.2295837402,38936,38946,10
13.0257396698,80.2302780151,38946,38976,30
13.0260601044,80.2311477661,38976,38986,10
13.0263595581,80.2313232422,38986,38996,10
13.0267000198,80.2311706543,38996,39107,111
13.0295095444,80.2306213379,39107,39127,20
13.0305404663,80.2306671143,39127,39137,10
13.031129837,80.2305908203,39137,39238,101
13.0349597931,80.2301864624,39238,39259,21
13.0349597931,80.2301864624,39259,39319,60
13.0341796875,80.2298965454,39319,39329,10
13.0341100693,80.2299118042,39329,39339,10
13.0342197418,80.2300491333,39339,39612,273
13.0341501236,80.2304611206,39612,40368,756
13.0341501236,80.2304611206,40368,40378,10
13.0340099335,80.2305374146,40378,40388,10
13.0337696075,80.2304916382,40388,40398,10
13.0332803726,80.2305221558,40398,40408,10
13.0326299667,80.2305679321,40408,40418,10
13.0319595337,80.2306289673,40418,40428,10
13.0312404633,80.230682373,40428,40438,10
13.0307197571,80.23072052,40438,40449,11
13.0302295685,80.2307662964,40449,40459,10
13.0297698975,80.2308120728,40459,40479,20
13.0297698975,80.2308120728,40479,40489,10
13.0297002792,80.2309494019,40489,40499,10
13.0292797089,80.2308883667,40499,40509,10
13.0287904739,80.2309417725,40509,40519,10
13.028169632,80.2309875488,40519,40529,10
13.0277004242,80.2310180664,40529,40539,10
13.0276298523,80.2313232422,40539,40549,10
13.0277099609,80.2319107056,40549,40560,11
13.0278301239,80.2324981689,40560,40570,10
13.0276498795,80.2328033447,40570,40580,10
13.0272102356,80.2329330444,40580,40590,10
13.0268096924,80.2330169678,40590,40600,10
13.0264501572,80.2329483032,40600,40610,10
13.0262298584,80.2323913574,40610,40620,10
13.0260400772,80.231590271,40620,40630,10
13.025759697,80.230682373,40630,40640,10
13.0251998901,80.2298202515,40640,40650,10
13.0246400833,80.2290802002,40650,40660,10
13.0242004395,80.2284927368,40660,40671,11
13.0236196518,80.2277984619,40671,40681,10
13.0230998993,80.2274932861,40681,40711,30
13.0230998993,80.2274932861,40711,40721,10
13.0227203369,80.2271575928,40721,40731,10
13.022480011,80.2267608643,40731,40741,10
13.0219402313,80.2263565063,40741,40751,10
13.0216197968,80.2260818481,40751,40761,10
13.021109581,80.2256698608,40761,40771,10
13.020529747,80.2252502441,40771,40781,10
13.0201702118,80.2250518799,40781,40792,11
13.0199804306,80.224899292,40792,40802,10
13.0195398331,80.2245864868,40802,40812,10
13.0187501907,80.2245330811,40812,40822,10
13.0179195404,80.2248382568,40822,40832,10
13.0171098709,80.2251663208,40832,40842,10
13.0164604187,80.225440979,40842,40852,10
13.0160903931,80.2255783081,40852,40862,10
13.0155897141,80.2257537842,40862,40872,10
13.0153102875,80.2258605957,40872,40882,10
13.0152597427,80.2258911133,40882,40892,10
13.0149898529,80.2259597778,40892,40903,11
13.0144996643,80.2261123657,40903,40913,10
13.0141897202,80.2261581421,40913,40923,10
13.0141601563,80.2260131836,40923,40933,10
13.0141000748,80.2256317139,40933,40943,10
13.0138998032,80.2255935669,40943,40973,30
13.0138998032,80.2255935669,40973,41003,30
13.0141601563,80.2256011963,41003,41014,11
13.0139598846,80.2254486084,41014,41064,50
13.0139598846,80.2254486084,41064,41074,10
13.0140104294,80.2253494263,41074,41084,10
13.0142297745,80.225402832,41084,41094,10
13.0141897202,80.2261276245,41094,41124,30
13.0141897202,80.2261276245,41124,41134,10
13.0140104294,80.2263412476,41134,41145,11
13.0133800507,80.2265625,41145,41155,10
13.0126304626,80.2268371582,41155,41165,10
13.0117197037,80.2271881104,41165,41175,10
13.0106801987,80.2275924683,41175,41185,10
13.0097503662,80.2279586792,41185,41195,10
13.0095796585,80.2274398804,41195,41205,10
13.0100002289,80.226600647,41205,41215,10
13.0103797913,80.2256622314,41215,41225,10
13.0107498169,80.2247390747,41225,41235,10
13.0110397339,80.2240219116,41235,41245,10
13.0112495422,80.2234191895,41245,41256,11
13.0108604431,80.2230377197,41256,41266,10
13.0103797913,80.2228012085,41266,41276,10
13.0101299286,80.2226486206,41276,41286,10
13.0096302032,80.2223815918,41286,41296,10
13.0089101791,80.2219696045,41296,41306,10
13.0080795288,80.221496582,41306,41316,10
13.0071001053,80.221031189,41316,41326,10
13.0060300827,80.2205963135,41326,41336,10
13.0047101974,80.2203292847,41336,41357,21
13.0047101974,80.2203292847,41357,41377,20
13.0033397675,80.2199478149,41377,41387,10
13.0024795532,80.2195892334,41387,41397,10
13.0018396378,80.2188262939,41397,41407,10
13.0013303757,80.2181015015,41407,41488,81
12.9974498749,80.2165603638,41488,41498,10
12.9972000122,80.2165374756,41498,41508,10
12.9967098236,80.2166137695,41508,41518,10
12.9960002899,80.2166976929,41518,41528,10
12.995300293,80.2169113159,41528,41538,10
12.9950895309,80.2170333862,41538,41548,10
12.9947595596,80.2172470093,41548,41558,10
12.9942703247,80.2176132202,41558,41568,10
12.9936599731,80.2180633545,41568,41578,10
12.9929599762,80.218536377,41578,41589,11
12.9920902252,80.2191772461,41589,41599,10
12.9913301468,80.2197265625,41599,41609,10
12.9908304214,80.2201004028,41609,41619,10
12.9906396866,80.2203903198,41619,41639,20
12.9903297424,80.2206268311,41639,41649,10
12.9870195389,80.2229919434,41649,41740,91
12.9870195389,80.2229919434,41740,41760,20
12.9868001938,80.2229995728,41760,41770,10
12.9865503311,80.2229309082,41770,41780,10
12.9861001968,80.2229766846,41780,41790,10
12.9855604172,80.2230987549,41790,41800,10
12.9850301743,80.2232894897,41800,41810,10
12.9844198227,80.2229003906,41810,41820,10
12.983830452,80.2225494385,41820,41831,11
12.9836301804,80.2224731445,41831,41861,30
12.9829101563,80.2223815918,41861,41881,20
12.9822597504,80.2216873169,41881,41891,10
12.9817895889,80.221496582,41891,41901,10
12.9813203812,80.2211303711,41901,41912,11
12.9807100296,80.2208328247,41912,41932,20
12.9788503647,80.2213592529,41932,41942,10
12.9781503677,80.2215576172,41942,42012,70
12.975399971,80.2211303711,42012,42022,10
12.975399971,80.2210388184,42022,42032,10
12.9754104614,80.2209091187,42032,42042,10
12.9751901627,80.2206420898,42042,42053,11
12.9743499756,80.2202835083,42053,42063,10
12.9736099243,80.2199783325,42063,42073,10
12.9729003906,80.2196578979,42073,42083,10
12.9722700119,80.2194671631,42083,42093,10
12.9718103409,80.21925354,42093,42113,20
12.9710197449,80.2192230225,42113,42123,10
12.9709997177,80.2192001343,42123,42133,10
12.970580101,80.2189712524,42133,42144,11
12.9700498581,80.2186737061,42144,42154,10
12.9694795609,80.218421936,42154,42164,10
12.9686002731,80.2180023193,42164,42174,10
12.9679298401,80.2176971436,42174,42234,60
12.9631204605,80.2157669067,42234,42295,61
12.9593200684,80.2141799927,42295,42315,20
12.9570999146,80.2134628296,42315,42325,10
12.9560403824,80.2130279541,42325,42335,10
12.9549398422,80.212638855,42335,42345,10
12.9540395737,80.2122497559,42345,42355,10
12.9533195496,80.2119674683,42355,42365,10
12.953619957,80.2120437622,42365,42375,10
12.9535398483,80.2120819092,42375,42386,11
12.9533100128,80.2119827271,42386,42395,9
12.9524698257,80.2115402222,42395,42406,11
12.951379776,80.2113418579,42406,42416,10
12.9503602982,80.2110900879,42416,42426,10
12.9496803284,80.2104873657,42426,42436,10
12.9486904144,80.2102127075,42436,42446,10
12.9481401443,80.2099685669,42446,42456,10
12.9476995468,80.2098007202,42456,42537,81
12.9439296722,80.208190918,42537,42547,10
12.9432897568,80.2079467773,42547,42557,10
12.9427204132,80.2073822021,42557,42567,10
12.9421300888,80.2066421509,42567,42577,10
12.9413204193,80.206161499,42577,42587,10
12.9408102036,80.2059020996,42587,42607,20
12.9406404495,80.2058563232,42607,42618,11
12.9401903152,80.205657959,42618,42637,19
12.9386196136,80.2052307129,42637,42648,11
12.93791008,80.2050018311,42648,42658,10
12.9370203018,80.2047271729,42658,42668,10
12.9361696243,80.2044296265,42668,42749,81
12.9320402145,80.20337677,42749,42759,10
12.9311599731,80.203086853,42759,42769,10
12.9302797318,80.2028579712,42769,42799,30
12.9292898178,80.2026596069,42799,42809,10
12.9287395477,80.2026596069,42809,42849,40
12.9279699326,80.198890686,42849,42858,9
12.9273996353,80.198097229,42858,42869,11
12.9265003204,80.1976318359,42869,42880,11
12.9259901047,80.1976776123,42880,42890,10
12.9258804321,80.1977462769,42890,42900,10
12.9256801605,80.1975784302,42900,42910,10
12.925160408,80.1975402832,42910,43011,101
12.9194297791,80.1963500977,43011,43021,10
12.9188098907,80.1960601807,43021,43051,30
12.9175796509,80.1947097778,43051,43061,10
12.917309761,80.1945266724,43061,43071,10
12.9171199799,80.1943664551,43071,43081,10
12.9171104431,80.1940536499,43081,43092,11
12.9169797897,80.1938323975,43092,43102,10
12.9169597626,80.1936798096,43102,43112,10
12.9169502258,80.193572998,43112,43122,10
12.9169998169,80.1931915283,43122,43132,10
12.9170503616,80.1926422119,43132,43142,10
12.9169597626,80.1923217773,43142,43152,10
12.916680336,80.1923370361,43152,43171,19
12.916680336,80.1923370361,43171,43182,11
12.9166698456,80.1923294067,43182,43192,10
12.9164800644,80.1922912598,43192,43202,10
12.9159002304,80.1922607422,43202,43212,10
12.9150800705,80.192199707,43212,43223,11
12.9139299393,80.1921005249,43223,43233,10
12.9128799438,80.1919631958,43233,43243,10
12.91203022,80.1918411255,43243,43253,10
12.9111700058,80.1917572021,43253,43263,10
12.9102401733,80.1915664673,43263,43273,10
12.9096698761,80.1913299561,43273,43283,10
12.9098501205,80.1913986206,43283,43293,10
12.909119606,80.1909408569,43293,43303,10
12.9084596634,80.1904678345,43303,43313,10
12.9077997208,80.1899795532,43313,43324,11
12.9069099426,80.1892700195,43324,43334,10
12.9062795639,80.1888198853,43334,43344,10
12.9059896469,80.1886367798,43344,43374,30
12.9054803848,80.1883010864,43374,43384,10
12.9049396515,80.1878967285,43384,43394,10
12.9040002823,80.1872177124,43394,43404,10
12.9036903381,80.1863174438,43404,43424,20
12.9035396576,80.1845932007,43424,43434,10
12.9028196335,80.1844100952,43434,43445,11
12.9019699097,80.184173584,43445,43535,90
12.8959302902,80.1814117432,43535,43545,10
12.8951702118,80.1809082031,43545,43556,11
12.8941001892,80.1803894043,43556,43707,151
12.8887195587,80.173828125,43707,43717,10
12.8881502151,80.173500061,43717,43727,10
12.8874197006,80.172996521,43727,43737,10
12.887049675,80.1725692749,43737,43747,10
12.8860197067,80.1720428467,43747,43757,10
12.884349823,80.1714630127,43757,43767,10
12.8832197189,80.1709518433,43767,43777,10
12.8823604584,80.1706237793,43777,43788,11
12.8817796707,80.1708908081,43788,43808,20
12.8814096451,80.1708526611,43808,43818,10
12.8808898926,80.1706695557,43818,43828,10
12.8801803589,80.1704101563,43828,43838,10
12.8797597885,80.170173645,43838,43848,10
12.8797502518,80.1702423096,43848,43858,10
12.8795604706,80.1700515747,43858,43868,10
12.8788204193,80.1699829102,43868,43878,10
12.8777704239,80.1701812744,43878,43888,10
12.8757200241,80.1708908081,43888,43899,11
12.8757200241,80.1708908081,43899,43908,9
12.8759803772,80.1707687378,43908,43918,10
12.869389534,80.175163269,43918,43985,67
12.869389534,80.175163269,43985,44005,20
12.867939949,80.1759796143,44005,44016,11
12.8670797348,80.1762084961,44016,44046,30
12.8650903702,80.1756134033,44046,44056,10
12.8647403717,80.1754608154,44056,44066,10
12.8639497757,80.174987793,44066,44076,10
12.8630399704,80.1743621826,44076,44086,10
12.8619298935,80.1738510132,44086,44096,10
12.8609199524,80.1734237671,44096,44106,10
12.859919548,80.1730194092,44106,44126,20
12.8593196869,80.1727218628,44126,44136,10
12.858710289,80.1725387573,44136,44147,11
12.8578195572,80.1724014282,44147,44157,10
12.857339859,80.1723403931,44157,44167,10
12.8570203781,80.1722412109,44167,44177,10
12.8564395905,80.1721420288,44177,44187,10
12.8559598923,80.1720809937,44187,44197,10
12.8560800552,80.1721420288,44197,44207,10
12.8562402725,80.1721115112,44207,44217,10
12.8561897278,80.1720733643,44217,44227,10
12.8559303284,80.1719970703,44227,44237,10
12.8553104401,80.1718063354,44237,44248,11
12.8543395996,80.171546936,44248,44258,10
12.8532400131,80.1713104248,44258,44268,10
12.8521699905,80.1712265015,44268,44671,403
12.8268995285,80.1650009155,44671,44681,10
12.8266897202,80.1650314331,44681,44732,51
12.8222398758,80.1622009277,44732,44742,10
12.8210601807,80.1616287231,44742,44752,10
12.8198900223,80.160949707,44752,44782,30
12.8178701401,80.1603088379,44782,44792,10
12.817609787,80.1602172852,44792,44903,111
12.810959816,80.1596069336,44903,44913,10
12.8104400635,80.1597518921,44913,44923,10
12.8099403381,80.1595993042,44923,44954,31
12.8099403381,80.1595993042,44954,44964,10
12.8106002808,80.1596374512,44964,45095,131
12.8105201721,80.1596374512,45095,45952,857
12.8105201721,80.1596374512,45952,45962,10
12.8111200333,80.1595535278,45962,45972,10
12.8116798401,80.1593933105,45972,45992,20
12.8116798401,80.1593933105,45992,46003,11
12.8118495941,80.1593780518,46003,46013,10
12.8122701645,80.1593017578,46013,46023,10
12.8128004074,80.1594009399,46023,46043,20
12.8144197464,80.1597213745,46043,46053,10
12.8153495789,80.1597366333,46053,46063,10
12.8158502579,80.1598968506,46063,46073,10
12.8161497116,80.1600494385,46073,46083,10
12.8164100647,80.1600494385,46083,46093,10
12.8170099258,80.1601715088,46093,46104,11
12.8172702789,80.1602401733,46104,46114,10
12.8177404404,80.1603469849,46114,46124,10
12.8181295395,80.1603317261,46124,46134,10
12.8185501099,80.1605834961,46134,46144,10
12.8191699982,80.1608734131,46144,46154,10
12.8200302124,80.1612625122,46154,46164,10
12.820810318,80.1615600586,46164,46174,10
12.8220996857,80.1621627808,46174,46184,10
12.8232402802,80.1625976563,46184,46194,10
12.824259758,80.1632232666,46194,46204,10
12.8252496719,80.16381073,46204,46214,10
12.8257904053,80.164100647,46214,46224,10
12.8264102936,80.1644363403,46224,46235,11
12.8267602921,80.164680481,46235,46245,10
12.8269300461,80.1648025513,46245,46255,10
12.827340126,80.1651992798,46255,46265,10
12.8275403976,80.1651992798,46265,46275,10
12.8274803162,80.1651306152,46275,46285,10
12.8276996613,80.1651382446,46285,46295,10
12.8278903961,80.1651535034,46295,46356,61
12.8326597214,80.1662368774,46356,46366,10
12.8335199356,80.1667175293,46366,46376,10
12.8336400986,80.166809082,46376,46386,10
12.8339004517,80.1669311523,46386,46396,10
12.8345499039,80.1672821045,46396,46406,10
12.8353900909,80.1677932739,46406,46416,10
12.836230278,80.1680679321,46416,46507,91
12.8382301331,80.1695022583,46507,46527,20
12.8383903503,80.1696090698,46527,46537,10
12.8388900757,80.1698913574,46537,46646,109
12.8509502411,80.1708297729,46646,46656,10
12.8511800766,80.1709213257,46656,46666,10
12.8517198563,80.1710281372,46666,46677,11
12.8522701263,80.1710586548,46677,46687,10
12.8532896042,80.1710586548,46687,46697,10
12.8542098999,80.1710128784,46697,46828,131
12.8623399734,80.174041748,46828,46838,10
12.8632602692,80.1744003296,46838,46848,10
12.8644895554,80.1750793457,46848,46858,10
12.8656597137,80.1756973267,46858,46878,20
12.8656196594,80.1756591797,46878,46888,10
12.8813295364,80.1707992554,46888,47070,182
12.8875799179,80.1732330322,47070,47151,81
12.8896398544,80.1742782593,47151,47181,30
12.8896398544,80.1742782593,47181,47201,20
12.8902597427,80.1744995117,47201,47211,10
12.8906803131,80.1747665405,47211,47221,10
12.8906803131,80.1750793457,47221,47231,10
12.8908700943,80.1754837036,47231,47241,10
12.8912096024,80.1760864258,47241,47251,10
12.8915195465,80.1766967773,47251,47262,11
12.891579628,80.1768035889,47262,47272,10
12.89179039,80.1771774292,47272,47282,10
12.8921499252,80.1778717041,47282,47292,10
12.8926401138,80.1787109375,47292,47302,10
12.8930597305,80.1794662476,47302,47312,10
12.8936100006,80.1800918579,47312,47322,10
12.8941402435,80.1802368164,47322,47332,10
12.8946695328,80.1802978516,47332,47352,20
12.8950996399,80.180809021,47352,47362,10
12.8959798813,80.1812896729,47362,47372,10
12.8970098495,80.1817779541,47372,47382,10
12.8976898193,80.1821517944,47382,47393,11
12.8977003098,80.1822433472,47393,47423,30
12.8997802734,80.1831436157,47423,47433,10
12.900850296,80.1836700439,47433,47463,30
12.904009819,80.1846466064,47463,47593,130
12.9106302261,80.1914520264,47593,47615,22
12.9122200012,80.1917037964,47615,47625,10
12.9128904343,80.1916503906,47625,47635,10
12.9137201309,80.1920394897,47635,47746,111
12.9172296524,80.1903991699,47746,47756,10
12.9173898697,80.1903076172,47756,47766,10
12.9173698425,80.1906280518,47766,47776,10
12.9172897339,80.1910934448,47776,47796,20
12.9171104431,80.1930007935,47796,47816,20
12.9171104431,80.1930007935,47816,47826,10
12.9170999527,80.193031311,47826,47837,11
12.9170598984,80.1934585571,47837,47847,10
12.917090416,80.193862915,47847,47877,30
12.9180002213,80.1949920654,47877,47887,10
12.9185400009,80.1955337524,47887,47897,10
12.9192495346,80.196182251,47897,47907,10
12.9200601578,80.1965484619,47907,47917,10
12.9209003448,80.1968231201,47917,47927,10
12.9217195511,80.1970977783,47927,47937,10
12.922539711,80.1972808838,47937,47948,11
12.9232597351,80.1973571777,47948,47957,9
12.9237604141,80.1973876953,47957,47978,21
12.924659729,80.1974182129,47978,47988,10
12.9252901077,80.1974105835,47988,47998,10
12.9257497787,80.1975326538,47998,48028,30
12.9269399643,80.1979370117,48028,48038,10
12.927359581,80.1975402832,48038,48048,10
12.9282302856,80.198677063,48048,48058,10
12.9281997681,80.1993103027,48058,48069,11
12.9284200668,80.2002868652,48069,48079,10
12.9284696579,80.2012176514,48079,48089,10
12.9284801483,80.2020568848,48089,48099,10
12.9285497665,80.2028579712,48099,48391,292
12.9444999695,80.2094421387,48391,48442,51
12.9483098984,80.2096405029,48442,48452,10
12.9486999512,80.2097396851,48452,48512,60
12.9536399841,80.2119903564,48512,48522,10
12.9539604187,80.2120819092,48522,48532,10
12.95429039,80.212272644,48532,48543,11
12.9552898407,80.2127685547,48543,48553,10
12.956029892,80.2132415771,48553,48563,10
12.9567899704,80.2137527466,48563,48583,20
12.9582500458,80.2138214111,48583,48593,10
12.9592399597,80.2142181396,48593,48603,10
12.9602003098,80.2146530151,48603,48694,91
12.9658899307,80.2169036865,48694,48704,10
12.9665403366,80.2171783447,48704,48997,293
12.9810495377,80.2210235596,48997,49007,10
12.9815998077,80.2213134766,49007,49017,10
12.9820098877,80.2216186523,49017,49027,10
12.982460022,80.2217712402,49027,49037,10
12.9828100204,80.2218780518,49037,49047,10
12.9829597473,80.2219619751,49047,49057,10
12.9831199646,80.2220535278,49057,49067,10
12.9834098816,80.2222518921,49067,49077,10
12.9839296341,80.2225799561,49077,49087,10
12.9845399857,80.2229309082,49087,49097,10
12.9852304459,80.2232589722,49097,49107,10
12.9856100082,80.2230377197,49107,49118,11
12.9863595963,80.2229537964,49118,49128,10
12.9866504669,80.2229537964,49128,49188,60
12.9894304276,80.2210006714,49188,49198,10
12.9903697968,80.2202835083,49198,49219,21
12.9903697968,80.2202835083,49219,49229,10
12.9908800125,80.2199401855,49229,49238,9
12.9914598465,80.2195587158,49238,49249,11
12.9921197891,80.219078064,49249,49259,10
12.9928302765,80.2185516357,49259,49269,10
12.9937000275,80.2179031372,49269,49279,10
12.9946298599,80.2171783447,49279,49319,40
12.9965000153,80.2164306641,49319,49329,10
12.9969396591,80.216468811,49329,49340,11
12.9974899292,80.2164535522,49340,49350,10
12.997759819,80.216583252,49350,49427,77
13.0017795563,80.2186965942,49427,49437,10
13.0025701523,80.2193984985,49437,49912,475
13.0224599838,80.2265396118,49912,49922,10
13.0229902267,80.2270202637,49922,49932,10
13.0236196518,80.2276229858,49932,49942,10
13.024140358,80.2281417847,49942,49952,10
13.0245103836,80.2285308838,49952,49962,10
13.0244903564,80.2285690308,49962,49972,10
13.0248003006,80.2290496826,49972,49982,10
13.0252599716,80.2296600342,49982,49992,10
13.0257101059,80.2303924561,49992,50003,11
13.0260801315,80.2311325073,50003,50335,332
13.034740448,80.2301177979,50335,50345,10
13.0348396301,80.2301635742,50345,50356,11
13.0351104736,80.2299804688,50356,50517,161
13.0347900391,80.2300872803,50517,50527,10
13.0347204208,80.2300872803,50527,50577,50
13.0347604752,80.2299728394,50577,50759,182
13.0347604752,80.2299728394,50759,50769,10
13.0346698761,80.2298965454,50769,51243,474
13.0346498489,80.2299194336,51243,51344,101
13.0345802307,80.2297973633,51344,51546,202
13.0345802307,80.2297973633,51546,51556,10
13.0346298218,80.2298812866,51556,51858,302
13.0345802307,80.2298583984,51858,52414,556
13.0342197418,80.2300186157,52414,52434,20
13.0342197418,80.2300186157,52434,52444,10
13.0341396332,80.2303924561,52444,52454,10
13.0338697433,80.2304611206,52454,52465,11
13.0333003998,80.2305603027,52465,52475,10
13.0325603485,80.2305603027,52475,52485,10
13.0319404602,80.2305984497,52485,52495,10
13.03125,80.2306900024,52495,52505,10
13.0308599472,80.2307128906,52505,52515,10
13.03083992,80.23072052,52515,52525,10
13.030670166,80.2306976318,52525,52535,10
13.0302000046,80.230758667,52535,52545,10
13.0297899246,80.230796814,52545,52575,30
13.0297899246,80.230796814,52575,52586,11
13.0296401978,80.2308197021,52586,52596,10
13.0294103622,80.2308502197,52596,52676,80
13.0272197723,80.2329025269,52676,52686,10
13.0269804001,80.2329483032,52686,52697,11
13.0266399384,80.2329177856,52697,52707,10
13.0263700485,80.2328796387,52707,52717,10
13.0261898041,80.2322998047,52717,52727,10
13.02602005,80.2315216064,52727,52737,10
13.0257396698,80.2305908203,52737,52747,10
13.0251703262,80.2297286987,52747,52757,10
13.0246601105,80.2291717529,52757,52767,10
13.0246496201,80.2291793823,52767,52777,10
13.024430275,80.2288589478,52777,52787,10
13.0241603851,80.2284698486,52787,52797,10
13.0238399506,80.2280578613,52797,52808,11
13.0235795975,80.2277374268,52808,52818,10
13.0235500336,80.2273483276,52818,52826,8
13.0233201981,80.2271575928,52826,52838,12
13.0229101181,80.2272720337,52838,52848,10
13.0228700638,80.2272262573,52848,52858,10
13.0226898193,80.2271881104,52858,52868,10
13.0225496292,80.2269210815,52868,52878,10
13.0222101212,80.2264099121,52878,52888,10
13.0216197968,80.225982666,52888,52898,10
13.0209598541,80.2254562378,52898,52909,11
13.020190239,80.2249679565,52909,52919,10
13.0196399689,80.2246017456,52919,53029,110
13.014169693,80.2263870239,53029,53040,11
13.0136203766,80.2265396118,53040,53050,10
13.013010025,80.2266082764,53050,53060,10
13.0124797821,80.2267227173,53060,53100,40
13.0096998215,80.227180481,53100,53110,10
13.010020256,80.2264785767,53110,53120,10
13.0102901459,80.225730896,53120,53130,10
13.0107002258,80.224861145,53130,53141,11
13.0108699799,80.223991394,53141,53151,10
13.0112104416,80.2235794067,53151,53161,10
13.0114803314,80.2231216431,53161,53322,161
13.0029001236,80.2197189331,53322,53332,10
13.0022001266,80.2192230225,53332,53342,10
13.0017700195,80.21875,53342,53352,10
13.00137043,80.2183074951,53352,53413,61
12.997469902,80.216583252,53413,53423,10
12.997420311,80.2165222168,53423,53433,10
12.9975004196,80.2165374756,53433,53443,10
12.9971599579,80.2164993286,53443,53453,10
12.996509552,80.2165374756,53453,53463,10
12.9957399368,80.2166595459,53463,53473,10
12.9951896667,80.2169189453,53473,53484,11
12.99518013,80.2169723511,53484,53534,50
12.9924898148,80.2188186646,53534,53544,10
12.9916496277,80.2194366455,53544,53554,10
12.9909496307,80.2199707031,53554,53564,10
12.9907302856,80.2201690674,53564,53574,10
12.9907102585,80.2201004028,53574,53584,10
12.9907197952,80.2202377319,53584,53594,10
12.9903202057,80.2205200195,53594,53603,9
12.9898796082,80.2209091187,53603,53615,12
12.9892396927,80.2215499878,53615,53655,40
12.9875001907,80.2226104736,53655,53685,30
12.9867897034,80.2231216431,53685,53695,10
12.986410141,80.2229614258,53695,53705,10
12.985830307,80.2230987549,53705,53736,31
12.9842996597,80.2228012085,53736,53746,10
12.984000206,80.222869873,53746,54704,958
12.9339199066,80.2040023804,54704,54714,10
12.9333000183,80.2040634155,54714,54724,10
12.9325799942,80.2043380737,54724,54865,141
12.928319931,80.2020874023,54865,54875,10
12.9283895493,80.2012863159,54875,54886,11
12.9283399582,80.200378418,54886,54946,60
12.9262304306,80.1975326538,54946,54956,10
12.9257097244,80.197517395,54956,54966,10
12.9253702164,80.197517395,54966,54976,10
12.9251899719,80.1976776123,54976,55178,202
12.9167995453,80.1923370361,55178,55188,10
12.9165096283,80.1922683716,55188,55430,242
12.9059896469,80.1885986328,55430,55451,21
12.9059896469,80.1885986328,55451,55491,40
12.9041404724,80.1849975586,55491,55501,10
12.9047603607,80.1836395264,55501,55552,51
12.8972597122,80.1819992065,55552,55622,70
12.8756103516,80.1708984375,55622,56025,403
12.8756103516,80.1708984375,56025,56036,11
12.8743400574,80.1715621948,56036,56044,8
12.8738098145,80.1721191406,56044,56056,12
12.8726797104,80.1728897095,56056,56066,10
12.8717002869,80.1735305786,56066,56076,10
12.8707304001,80.1741714478,56076,56086,10
12.8697900772,80.1748275757,56086,56096,10
12.8688297272,80.1754684448,56096,56106,10
12.8680400848,80.1759490967,56106,56116,10
12.8672199249,80.1761398315,56116,56126,10
12.8660097122,80.1758575439,56126,56136,10
12.8651895523,80.1757202148,56136,56147,11
12.8646202087,80.1756362915,56147,56167,20
12.8646802902,80.1751174927,56167,56177,10
12.8636798859,80.1748275757,56177,56187,10
12.8628196716,80.1742935181,56187,56197,10
12.8618202209,80.1738204956,56197,56207,10
12.8607501984,80.1733932495,56207,56217,10
12.8596897125,80.1729125977,56217,56227,10
12.8586397171,80.1725311279,56227,56237,10
12.8576602936,80.1723632813,56237,56247,10
12.8573703766,80.1723098755,56247,56258,11
12.8568296432,80.1722183228,56258,56268,10
12.8563098907,80.1721496582,56268,56278,10
12.8558101654,80.1720733643,56278,56288,10
12.8563499451,80.1722183228,56288,56298,10
12.8563604355,80.1721878052,56298,56308,10
12.8561296463,80.1721420288,56308,56318,10
12.8554601669,80.1719207764,56318,56328,10
12.85476017,80.1716537476,56328,56338,10
12.8540000916,80.1713562012,56338,56348,10
12.852689743,80.1713867188,56348,56358,10
12.8514995575,80.1711120605,56358,56368,10
12.8503904343,80.1708679199,56368,56378,10
12.8492498398,80.1706619263,56378,56389,11
12.847990036,80.1704406738,56389,56399,10
12.8468599319,80.1702575684,56399,56409,10
12.8456897736,80.1702194214,56409,56419,10
12.8445301056,80.1701812744,56419,56429,10
12.8434200287,80.1700286865,56429,56439,10
12.8422803879,80.169960022,56439,56449,10
12.8411397934,80.1699905396,56449,56459,10
12.8400297165,80.1699829102,56459,56469,10
12.8389596939,80.1699066162,56469,56479,10
12.8383102417,80.169670105,56479,56489,10
12.8382701874,80.169631958,56489,56500,11
12.8380098343,80.1694030762,56500,56510,10
12.8377304077,80.169342041,56510,56520,10
12.8371696472,80.1691589355,56520,56530,10
12.8369598389,80.1688995361,56530,56540,10
12.8366603851,80.1687393188,56540,56560,20
12.8364601135,80.1686706543,56560,56570,10
12.8362703323,80.168586731,56570,56610,40
12.8345403671,80.1668624878,56610,56621,11
12.8335895538,80.1667175293,56621,56631,10
12.8332996368,80.1666107178,56631,56641,10
12.8328104019,80.1663208008,56641,56651,10
12.8320798874,80.1659698486,56651,56661,10
12.8311500549,80.1656188965,56661,56671,10
12.8300199509,80.1654205322,56671,56681,10
12.8289604187,80.1653289795,56681,56691,10
12.8279800415,80.1652297974,56691,56701,10
12.8274698257,80.1651382446,56701,56732,31
12.8274698257,80.1651382446,56732,56742,10
12.8274803162,80.1651306152,56742,56752,10
12.8273296356,80.1650619507,56752,56762,10
12.8272199631,80.1649780273,56762,56772,10
12.8269996643,80.1648864746,56772,56782,10
12.8267803192,80.1647567749,56782,56792,10
12.8262195587,80.1644210815,56792,56822,30
12.8240699768,80.1630172729,56822,56832,10
12.8230199814,80.1624908447,56832,56843,11
12.8218898773,80.1619262695,56843,56853,10
12.820810318,80.1615066528,56853,56863,10
12.8197002411,80.1611328125,56863,56872,9
12.8187704086,80.1607208252,56872,56883,11
12.8179197311,80.1604232788,56883,56923,40
12.8167800903,80.1601867676,56923,56943,20
12.8155298233,80.1598892212,56943,56953,10
12.8153896332,80.159866333,56953,56964,11
12.8147802353,80.1597595215,56964,56974,10
12.814040184,80.1596298218,56974,56984,10
12.8132896423,80.159538269,56984,56994,10
12.8129396439,80.1594924927,56994,57004,10
12.8124103546,80.1594314575,57004,57014,10
12.8117799759,80.1593093872,57014,57024,10
12.8117198944,80.1591415405,57024,57034,10
12.8114299774,80.1588287354,57034,57044,10
12.8111095428,80.1595535278,57044,57054,10
12.8105897903,80.1596984863,57054,57063,9
12.8101301193,80.1596832275,57063,57075,12
12.8098802567,80.159576416,57075,57115,40
12.8102397919,80.1597518921,57115,58257,1142
12.8102397919,80.1597518921,58257,58267,10
12.8102703094,80.1597518921,58267,58277,10
12.8105201721,80.1597518921,58277,58297,20
12.8105201721,80.1597518921,58297,58307,10
12.8106899261,80.1596984863,58307,58317,10
12.81112957,80.1595916748,58317,58327,10
12.8117303848,80.1594390869,58327,58337,10
12.8116998672,80.1594085693,58337,58347,10
12.8120698929,80.1593170166,58347,58358,11
12.8128900528,80.1594390869,58358,58368,10
12.8137798309,80.159576416,58368,58378,10
12.8145704269,80.1596679688,58378,58388,10
12.815290451,80.1597976685,58388,58398,10
12.816069603,80.1599502563,58398,58408,10
12.816619873,80.1600570679,58408,58418,10
12.8166303635,80.1600570679,58418,58428,10
12.8166503906,80.1600723267,58428,58438,10
12.8169803619,80.1601409912,58438,58448,10
12.8172101974,80.1602020264,58448,58458,10
12.8173303604,80.1602325439,58458,58468,10
12.817700386,80.1603317261,58468,58479,11
12.8178396225,80.1603927612,58479,58489,10
12.8182001114,80.1604614258,58489,58499,10
12.8185596466,80.1605529785,58499,58509,10
12.8192596436,80.1608581543,58509,58519,10
12.8201704025,80.1612472534,58519,58529,10
12.8212099075,80.1616973877,58529,58539,10
12.8222999573,80.1621398926,58539,58549,10
12.8233699799,80.162612915,58549,58559,10
12.8243598938,80.1632385254,58559,58569,10
12.8254098892,80.1638412476,58569,58579,10
12.826379776,80.1643829346,58579,58590,11
12.8268003464,80.1646728516,58590,58600,10
12.8272895813,80.1650238037,58600,58610,10
12.8278598785,80.1651611328,58610,58650,40
12.8278598785,80.1651611328,58650,58660,10
12.8281803131,80.1651687622,58660,58670,10
12.8288602829,80.1652679443,58670,58680,10
12.8296899796,80.1653900146,58680,58690,10
12.8307199478,80.1655883789,58690,58701,11
12.831870079,80.1659164429,58701,58711,10
12.8329200745,80.1664199829,58711,58721,10
12.8339500427,80.1670074463,58721,58731,10
12.8349599838,80.1675720215,58731,58741,10
12.8357200623,80.1678466797,58741,58751,10
12.8359699249,80.1681137085,58751,58761,10
12.8360795975,80.168510437,58761,58771,10
12.836350441,80.1686935425,58771,58781,10
12.8367595673,80.168800354,58781,58791,10
12.837100029,80.1689071655,58791,58801,10
12.8372802734,80.1691589355,58801,58811,10
12.8378400803,80.1693191528,58811,58822,11
12.8382501602,80.1694564819,58822,58832,10
12.8384895325,80.169631958,58832,58842,10
12.8388299942,80.1698379517,58842,58852,10
12.839509964,80.1700134277,58852,58862,10
12.840379715,80.1699371338,58862,58872,10
12.841460228,80.1699676514,58872,58882,10
12.8425302505,80.1699295044,58882,58892,10
12.8437004089,80.1699905396,58892,58902,10
12.8448801041,80.1701202393,58902,58912,10
12.8460502625,80.1702194214,58912,58921,9
12.8471002579,80.1703033447,58921,58933,12
12.8484697342,80.170539856,58933,58943,10
12.8496398926,80.1707000732,58943,58953,10
12.8506803513,80.1708679199,58953,58963,10
12.8510303497,80.1709289551,58963,58983,20
12.8510303497,80.1709289551,58983,58993,10
12.8510904312,80.1709976196,58993,59003,10
12.8518104553,80.1710891724,59003,59033,30
12.8518104553,80.1710891724,59033,59043,10
12.8518896103,80.1710968018,59043,59054,11
12.8523197174,80.1711807251,59054,59064,10
12.8529596329,80.1712799072,59064,59074,10
12.8537502289,80.1714019775,59074,59084,10
12.8545598984,80.1716308594,59084,59094,10
12.8554000854,80.1718597412,59094,59104,10
12.8561296463,80.1720733643,59104,59114,10
12.8564796448,80.1721801758,59114,59133,19
12.8564796448,80.1721801758,59133,59144,11
12.8566198349,80.1722183228,59144,59154,10
12.8570604324,80.1722793579,59154,59164,10
12.8575601578,80.172416687,59164,59175,11
12.8578796387,80.1725997925,59175,59185,10
12.8585596085,80.1725997925,59185,59195,10
12.8594198227,80.1728363037,59195,59205,10
12.8600101471,80.1730575562,59205,59215,10
12.8600196838,80.1731185913,59215,59225,10
12.8605203629,80.1733093262,59225,59235,10
12.8612604141,80.1736068726,59235,59245,10
12.8619604111,80.1737823486,59245,59255,10
12.8629398346,80.1742172241,59255,59265,10
12.8642501831,80.1751708984,59265,59275,10
12.8650598526,80.1756362915,59275,59286,11
12.8654003143,80.1756820679,59286,59296,10
12.8654499054,80.1756820679,59296,59306,10
12.8657798767,80.1757583618,59306,59324,18
12.8669395447,80.1761627197,59324,59364,40
12.870759964,80.1750564575,59364,59375,11
12.8718700409,80.1736221313,59375,59571,196
12.8832397461,80.1709594727,59571,59581,10
12.8839101791,80.1713409424,59581,59591,10
12.8847103119,80.1717605591,59591,59601,10
12.8855895996,80.1722412109,59601,59611,10
12.8862400055,80.1725769043,59611,59621,10
12.8868398666,80.1727294922,59621,59632,11
12.8876199722,80.1732025146,59632,59652,20
12.8894996643,80.1742172241,59652,59662,10
12.8897304535,80.1743164063,59662,59672,10
12.8900203705,80.1744918823,59672,59712,40
12.8915500641,80.1766662598,59712,59723,11
12.8918504715,80.177192688,59723,59884,161
12.8978996277,80.1823730469,59884,59894,10
12.8983402252,80.1825180054,59894,59995,101
12.9040403366,80.1872024536,59995,60005,10
12.9046001434,80.1879806519,60005,60015,10
12.9052495956,80.1886978149,60015,60055,40
12.9066495895,80.1890411377,60055,60065,10
12.9070796967,80.1893081665,60065,60075,10
12.9075899124,80.189743042,60075,60086,11
12.9082603455,80.1902389526,60086,60096,10
12.9089202881,80.1907196045,60096,60106,10
12.909620285,80.1913223267,60106,60116,10
12.9103498459,80.1919631958,60116,60207,91
12.9153795242,80.1926193237,60207,60267,60
12.9172000885,80.1918106079,60267,60277,10
12.9171199799,80.1919174194,60277,60287,10
12.9174098969,80.1909484863,60287,60298,11
12.9175100327,80.1902618408,60298,60438,140
12.9187402725,80.1957626343,60438,60449,11
12.9193201065,80.1961975098,60449,60913,464
12.944849968,80.2085876465,60913,60923,10
12.945520401,80.2087936401,60923,60933,10
12.9463300705,80.209022522,60933,60943,10
12.9471998215,80.2093200684,60943,60953,10
12.9483003616,80.2095718384,60953,60963,10
12.948679924,80.2100601196,60963,60973,10
12.9488201141,80.2101287842,60973,60983,10
12.949090004,80.2102737427,60983,61014,31
12.9518098831,80.2112426758,61014,61024,10
12.9528903961,80.2116775513,61024,61034,10
12.9534597397,80.2119293213,61034,61044,10
12.9535102844,80.2119216919,61044,61054,10
12.953619957,80.2119979858,61054,61064,10
12.9540901184,80.2122116089,61064,61074,10
12.9548196793,80.2124786377,61074,61084,10
12.9556703568,80.2128295898,61084,61095,11
12.9565496445,80.2131729126,61095,61105,10
12.9576597214,80.2134780884,61105,61115,10
12.9587202072,80.2137985229,61115,61125,10
12.959810257,80.2144393921,61125,61135,10
12.9608697891,80.21484375,61135,61145,10
12.9619503021,80.2152481079,61145,61155,10
12.9631299973,80.215637207,61155,61195,40
12.9645700455,80.2163162231,61195,61205,10
12.965259552,80.2166366577,61205,61216,11
12.9660100937,80.2169570923,61216,61457,241
12.9752902985,80.2205505371,61457,61468,11
12.9752998352,80.2205810547,61468,61478,10
12.9756803513,80.2209091187,61478,61488,10
12.9759197235,80.2211608887,61488,61498,10
12.9762601852,80.2215194702,61498,61508,10
12.9760503769,80.2211990356,61508,61518,10
12.9760904312,80.2211685181,61518,61538,20
12.9760904312,80.2211685181,61538,61912,374
12.9948396683,80.2171936035,61912,62143,231
13.0101699829,80.2225799561,62143,62154,11
13.0113697052,80.2231903076,62154,62466,312
13.0220403671,80.2267532349,62466,62476,10
13.0222997665,80.2267837524,62476,62487,11
13.022480011,80.2272415161,62487,62587,100
13.0280895233,80.2308578491,62587,62598,11
13.0286302567,80.2308883667,62598,62628,30
13.0292701721,80.2307434082,62628,62648,20
13.0292701721,80.2307434082,62648,62668,20
13.0299701691,80.2306976318,62668,62678,10
13.0305995941,80.2306594849,62678,62688,10
13.0311403275,80.2306213379,62688,62799,111
13.0349903107,80.230140686,62799,62809,10
13.0349798203,80.2300872803,62809,62820,11
13.0349903107,80.2299118042,62820,62840,20
13.0349197388,80.2301864624,62840,62850,10
13.0350103378,80.2302398682,62850,62860,10
13.0350799561,80.2300186157,62860,62870,10
13.0350904465,80.2300186157,62870,62880,10
13.034330368,80.2296066284,62880,62890,10
13.034330368,80.2296066284,62890,62920,30
13.034529686,80.2298431396,62920,62931,11
13.0345697403,80.2297210693,62931,62971,40
13.0345697403,80.2297210693,62971,63001,30
13.0345001221,80.2298736572,63001,63011,10
13.0344295502,80.2297973633,63011,63082,71
13.0345697403,80.2305297852,63082,63092,10
13.0341501236,80.2302932739,63092,63102,10
13.034040451,80.2303695679,63102,63112,10
13.0340003967,80.2302017212,63112,63122,10
13.0340003967,80.2301330566,63122,63132,10
13.0339899063,80.2301177979,63132,63142,10
13.0339803696,80.2300872803,63142,63162,20
13.0339803696,80.2300872803,63162,63172,10
13.0339899063,80.2301025391,63172,63183,11
13.0340003967,80.2301101685,63183,63193,10
13.0340204239,80.2301712036,63193,63223,30
13.0341100693,80.2303695679,63223,63969,746
13.0341100693,80.2303695679,63969,63980,11
13.0339403152,80.2306900024,63980,63990,10
13.0334501266,80.2307815552,63990,64000,10
13.033080101,80.2311706543,64000,64010,10
13.0323696136,80.2307434082,64010,64020,10
13.0316400528,80.2306518555,64020,64030,10
13.0308904648,80.2307128906,64030,64040,10
13.0302400589,80.2307662964,64040,64050,10
13.029800415,80.2308273315,64050,64060,10
13.0297298431,80.2308197021,64060,64070,10
13.0293197632,80.2308578491,64070,64080,10
13.0286397934,80.2309265137,64080,64090,10
13.0279302597,80.2310180664,64090,64100,10
13.0276498795,80.2312011719,64100,64111,11
13.0277004242,80.2317199707,64111,64121,10
13.0278100967,80.2323226929,64121,64131,10
13.0277900696,80.2327880859,64131,64141,10
13.0271596909,80.2329177856,64141,64151,10
13.026889801,80.2329406738,64151,64181,30
13.026889801,80.2329406738,64181,64191,10
13.0267095566,80.2330322266,64191,64201,10
13.0264701843,80.2330169678,64201,64211,10
13.0262699127,80.2325820923,64211,64221,10
13.0260896683,80.2319488525,64221,64232,11
13.0258903503,80.2311477661,64232,64242,10
13.0256004333,80.2303390503,64242,64252,10
13.0248203278,80.229347229,64252,64262,10
13.0244398117,80.2288131714,64262,64272,10
13.0238704681,80.2280502319,64272,64282,10
13.0235004425,80.227722168,64282,64292,10
13.0234098434,80.2276229858,64292,64302,10
13.023150444,80.2274627686,64302,64312,10
13.0230102539,80.2273406982,64312,64322,10
13.0229902267,80.2273712158,64322,64332,10
13.022769928,80.2272720337,64332,64353,21
13.022769928,80.2272720337,64353,64433,80
13.0183401108,80.2247390747,64433,64443,10
13.0175504684,80.2250823975,64443,64453,10
13.0167102814,80.2255020142,64453,64464,11
13.0166196823,80.2254333496,64464,64474,10
13.0162000656,80.2255172729,64474,64484,10
13.0148601532,80.2261505127,64484,64524,40
13.0148601532,80.2261505127,64524,64534,10
13.0145902634,80.2261123657,64534,64545,11
13.0143404007,80.226020813,64545,64605,60
13.0109596252,80.2268295288,64605,64776,171
13.0067901611,80.2209701538,64776,64786,10
13.0057697296,80.2203369141,64786,64797,11
13.0047197342,80.220199585,64797,64817,20
13.0047197342,80.220199585,64817,64867,50
13.0006504059,80.2178726196,64867,64877,10
12.9993200302,80.2171096802,64877,64888,11
12.9984197617,80.2165985107,64888,64968,80
12.9949302673,80.2171096802,64968,64978,10
12.9945802689,80.2173614502,64978,64988,10
12.9942703247,80.2177200317,64988,64998,10
12.9942302704,80.2180709839,64998,65008,10
12.9933595657,80.2182388306,65008,65018,10
12.9927196503,80.218711853,65018,65029,11
12.9919595718,80.2192382813,65029,65039,10
12.9913301468,80.2196731567,65039,65815,776
12.9507799149,80.2109832764,65815,65825,10
12.9498596191,80.2106781006,65825,65836,11
12.9489498138,80.2103500366,65836,65846,10
12.9484701157,80.2101821899,65846,65856,10
12.9481401443,80.2099685669,65856,67359,1503
12.8857498169,80.172088623,67359,67369,10
12.8848199844,80.1718292236,67369,67379,10
12.8839302063,80.1713485718,67379,67389,10
12.8829402924,80.1707992554,67389,67571,182
12.8775396347,80.1708831787,67571,67892,321
12.8596200943,80.1728820801,67892,67902,10
12.8593902588,80.1726608276,67902,67922,20
12.8592500687,80.1727828979,67922,67932,10
12.8586196899,80.1725692749,67932,67942,10
12.8579397202,80.1724319458,67942,67952,10
12.8574399948,80.1723175049,67952,67962,10
12.857049942,80.1722183228,67962,67972,10
12.8565597534,80.1721572876,67972,67983,11
12.8560400009,80.1721496582,67983,68023,40
12.8562498093,80.1721801758,68023,68033,10
12.8561496735,80.1720962524,68033,68043,10
12.8558301926,80.1719589233,68043,68053,10
12.8551797867,80.1717834473,68053,68063,10
12.8544397354,80.1717605591,68063,68073,10
12.8535203934,80.171257019,68073,68083,10
12.852640152,80.1711578369,68083,68618,535
12.819899559,80.161277771,68618,68628,10
12.8188800812,80.1608505249,68628,68638,10
12.8181495667,80.1604995728,68638,68648,10
12.8179502487,80.16040802,68648,68659,11
12.8176698685,80.1602783203,68659,68961,302
12.809969902,80.1596603394,68961,68981,20
12.809969902,80.1596603394,68981,69385,404
12.8269500732,80.1648788452,69385,69595,210
12.8336200714,80.1667633057,69595,70490,895
12.8870601654,80.1731185913,70490,70499,9
12.8878002167,80.1735229492,70499,70511,12
12.8888902664,80.1740112305,70511,70521,10
12.8894901276,80.174369812,70521,70531,10
12.8898000717,80.1744689941,70531,70541,10
12.8900098801,80.1745376587,70541,71479,938
12.9174203873,80.1903991699,71479,71489,10
12.9173498154,80.1910018921,71489,71499,10
12.9172401428,80.1917037964,71499,71509,10
12.9171695709,80.1922531128,71509,71519,10
12.9170799255,80.1928482056,71519,71530,11
12.9170799255,80.1934814453,71530,71540,10
12.9170598984,80.1932830811,71540,71550,10
12.9170398712,80.1937408447,71550,71560,10
12.9172697067,80.194519043,71560,71570,10
12.9179601669,80.1952209473,71570,71580,10
12.9186000824,80.1959762573,71580,71590,10
12.9191904068,80.1964797974,71590,71600,10
12.9197902679,80.196762085,71600,71610,10
12.9204998016,80.196937561,71610,73700,2090
13.0231199265,80.2282562256,73700,73709,9
13.0231304169,80.2284088135,73709,73730,21
13.023229599,80.2280578613,73730,73932,202
13.0212402344,80.2261123657,73932,73942,10
13.0207395554,80.2258911133,73942,73952,10
13.0201997757,80.2252731323,73952,73992,40
13.0144300461,80.2261123657,73992,74497,505
13.0144300461,80.2261123657,74497,74507,10
13.0142402649,80.2262268066,74507,74517,10
13.0141801834,80.2262573242,74517,74547,30
13.0141000748,80.2258529663,74547,74557,10
13.0142803192,80.2255630493,74557,74588,31
13.0142803192,80.2255630493,74588,74678,90
13.0142297745,80.2256622314,74678,74688,10
13.0142002106,80.225730896,74688,74951,263
13.0142202377,80.225730896,74951,75757,806
13.0141601563,80.2257995605,75757,75798,41
13.0142202377,80.2256011963,75798,75919,121
13.0142202377,80.2256011963,75919,75929,10
13.0143299103,80.2258377075,75929,76625,696
13.0142698288,80.2257385254,76625,76978,353
13.0141401291,80.2257919312,76978,77129,151
13.0141401291,80.2257919312,77129,77138,9
13.0142402649,80.2257385254,77138,77230,92
13.0142402649,80.2257385254,77230,78946,1716
13.0142202377,80.2256774902,78946,84393,5447
13.0145101547,80.2257614136,84393,84645,252
13.0147695541,80.2259368896,84645,84666,21
13.0143499374,80.2257919312,84666,85715,1049
