13.0332899094,80.2303390503,18,3019,3001
13.0334701538,80.2303466797,3019,3261,242
13.0334196091,80.2302703857,3261,4635,1374
13.0333404541,80.2302703857,4635,4696,61
13.0332698822,80.2303009033,4696,4736,40
13.0333499908,80.2302627563,4736,5201,465
13.0334997177,80.2303237915,5201,5231,30
13.0332803726,80.2302322388,5231,6171,940
13.0332803726,80.2302322388,6171,6181,10
13.0332403183,80.2301635742,6181,6302,121
13.033370018,80.2303085327,6302,6383,81
13.0332803726,80.2303390503,6383,6767,384
13.0333499908,80.2303085327,6767,9002,2235
13.0333499908,80.2303085327,9002,9011,9
13.033200264,80.230430603,9011,9588,577
13.0332698822,80.2303237915,9588,9709,121
13.0333204269,80.23021698,9709,10143,434
13.0332403183,80.2303924561,10143,10174,31
13.0331497192,80.230430603,10174,10214,40
13.033249855,80.2303924561,10214,10396,182
13.0333900452,80.2304611206,10396,10507,111
13.0332403183,80.2302703857,10507,10638,131
13.0332403183,80.2302703857,10638,10648,10
13.0333404541,80.2302017212,10648,10749,101
13.0333404541,80.2302017212,10749,10760,11
13.0331401825,80.2304077148,10760,10770,10
13.0333595276,80.2303237915,10770,11012,242
13.0333995819,80.2303009033,11012,11416,404
13.0333995819,80.2303009033,11416,11426,10
13.0332603455,80.2301025391,11426,11447,21
13.0332603455,80.2301025391,11447,11457,10
13.0333003998,80.2302017212,11457,11942,485
13.033370018,80.2301635742,11942,12093,151
13.0331001282,80.230140686,12093,12113,20
13.0331001282,80.230140686,12113,12123,10
13.033249855,80.2299804688,12123,12134,11
13.0332698822,80.2298965454,12134,12528,394
13.0333204269,80.2302398682,12528,12560,32
13.0333204269,80.2302398682,12560,12570,10
13.0333795547,80.2303390503,12570,12610,40
13.0331897736,80.230178833,12610,12984,374
13.0332899094,80.2302474976,12984,13156,172
13.0330696106,80.2302398682,13156,13237,81
13.0333204269,80.2303390503,13237,13338,101
13.0331296921,80.2301864624,13338,13368,30
13.032910347,80.2300872803,13368,13399,31
13.0331201553,80.2301712036,13399,13510,111
13.0331201553,80.2301712036,13510,13520,10
13.0335102081,80.2303771973,13520,13611,91
13.0332603455,80.230178833,13611,13853,242
13.0331401825,80.2302932739,13853,14217,364
13.0331401825,80.2302932739,14217,14227,10
13.0333204269,80.2304077148,14227,14469,242
13.0331802368,80.2305526733,14469,14803,334
13.0332403183,80.2302703857,14803,15096,293
13.0332403183,80.2302703857,15096,15106,10
13.0330896378,80.23046875,15106,15207,101
13.0332803726,80.2305984497,15207,15247,40
13.0332803726,80.2305984497,15247,15257,10
13.0331802368,80.2305221558,15257,15308,51
13.0332403183,80.2302322388,15308,16051,743
13.0332202911,80.2302932739,16051,16902,851
13.0332202911,80.2302932739,16902,17649,747
13.0333595276,80.2302780151,17649,24030,6381
13.0334196091,80.2302398682,24030,24546,516
13.0332803726,80.2302627563,24546,24819,273
13.0335597992,80.2300796509,24819,24849,30
13.0335597992,80.2300796509,24849,24859,10
13.0335702896,80.2299118042,24859,25213,354
13.0339603424,80.2298583984,25213,25384,171
13.0342798233,80.2300415039,25384,25506,122
13.0342798233,80.2300415039,25506,25516,10
13.0344400406,80.2303466797,25516,25526,10
13.0347299576,80.2302932739,25526,25536,10
13.0350103378,80.2301635742,25536,25546,10
13.0354404449,80.2303237915,25546,25556,10
13.0360298157,80.2305297852,25556,25566,10
13.0365800858,80.230682373,25566,25576,10
13.0368099213,80.2307891846,25576,25586,10
13.0374202728,80.2309265137,25586,25596,10
13.0382404327,80.2311706543,25596,25607,11
13.0391902924,80.2314300537,25607,25617,10
13.0400495529,80.2316818237,25617,25627,10
13.0410003662,80.2319869995,25627,25637,10
13.0420198441,80.2322387695,25637,25647,10
13.0431003571,80.2323074341,25647,25657,10
13.044210434,80.232421875,25657,25667,10
13.0450000763,80.2325897217,25667,25677,10
13.0450601578,80.2326202393,25677,25687,10
13.0454597473,80.232673645,25687,25697,10
13.0461797714,80.2327804565,25697,25708,11
13.0471401215,80.2329788208,25708,25718,10
13.0474300385,80.2328567505,25718,25728,10
13.047539711,80.2322921753,25728,25738,10
13.0475997925,80.2315979004,25738,25748,10
13.0476903915,80.2308273315,25748,25758,10
13.0475196838,80.2301635742,25758,25768,10
13.0469198227,80.229850769,25768,25778,10
13.0459403992,80.2297134399,25778,25788,10
13.0450801849,80.2295227051,25788,25798,10
13.0445995331,80.2294311523,25798,25809,11
13.044260025,80.2293395996,25809,25819,10
13.0439195633,80.2292175293,25819,25829,10
13.0439796448,80.2289199829,25829,25839,10
13.0441303253,80.2282791138,25839,25849,10
13.044380188,80.2274475098,25849,25859,10
13.0446500778,80.2264022827,25859,25869,10
13.0448598862,80.2257614136,25869,25879,10
13.0452604294,80.2257995605,25879,25889,10
13.0458698273,80.2259902954,25889,25899,10
13.0467300415,80.2262420654,25899,25910,11
13.0475597382,80.2264709473,25910,25920,10
13.048119545,80.2266464233,25920,25930,10
13.048789978,80.2268600464,25930,25940,10
13.0495195389,80.2269821167,25940,25950,10
13.050359726,80.2271499634,25950,25960,10
13.0509595871,80.2272567749,25960,25970,10
13.051659584,80.2274017334,25970,25980,10
13.0521402359,80.2275390625,25980,25990,10
13.0526695251,80.2276306152,25990,26000,10
13.0534200668,80.2277526855,26000,26011,11
13.0538702011,80.2277297974,26011,26021,10
13.0538902283,80.2272262573,26021,26031,10
13.0538301468,80.2269363403,26031,26041,10
13.053850174,80.2266311646,26041,26051,10
13.053730011,80.2259292603,26051,26061,10
13.0535802841,80.2249832153,26061,26071,10
13.0534000397,80.2241134644,26071,26081,10
13.0532503128,80.2232208252,26081,26091,10
13.0530395508,80.2224502563,26091,26101,10
13.0527896881,80.2216491699,26101,26112,11
13.0525102615,80.220703125,26112,26122,10
13.0524101257,80.2202911377,26122,26142,20
13.0524101257,80.2202911377,26142,26152,10
13.0523195267,80.2199783325,26152,26162,10
13.0521297455,80.2193527222,26162,26172,10
13.0518598557,80.2184524536,26172,26182,10
13.0515403748,80.2174301147,26182,26192,10
13.0512104034,80.2165679932,26192,26203,11
13.0508899689,80.2154006958,26203,26213,10
13.0505199432,80.2146835327,26213,26221,8
13.0499801636,80.2146911621,26221,26233,12
13.0488996506,80.2145767212,26233,26243,10
13.0480298996,80.2144622803,26243,26253,10
13.0474901199,80.2144165039,26253,26263,10
13.046620369,80.2145004272,26263,26273,10
13.045539856,80.2146835327,26273,26283,10
13.0448198318,80.2147369385,26283,26293,10
13.0445699692,80.2145614624,26293,26304,11
13.044500351,80.2138824463,26304,26314,10
13.0444297791,80.2128372192,26314,26334,20
13.0444297791,80.2128372192,26334,26344,10
13.0444602966,80.2125778198,26344,26354,10
13.0445995331,80.2122573853,26354,26364,10
13.0452203751,80.2122192383,26364,26374,10
13.0460996628,80.2121963501,26374,26384,10
13.046959877,80.2121810913,26384,26394,10
13.0485897064,80.2119674683,26394,26425,31
13.0485897064,80.2119674683,26425,26435,10
13.0489301682,80.2119598389,26435,26445,10
13.0497703552,80.2118988037,26445,26485,40
13.0497703552,80.2118988037,26485,26495,10
13.0499401093,80.2119216919,26495,26506,11
13.0503396988,80.2119064331,26506,26515,9
13.0509395599,80.2119369507,26515,26526,11
13.0520601273,80.2118682861,26526,26538,12
13.0535802841,80.2115631104,26538,26548,10
13.0548696518,80.2113494873,26548,26558,10
13.0559597015,80.2113800049,26558,26567,9
13.0575399399,80.2114028931,26567,26578,11
13.0588798523,80.21144104,26578,26588,10
13.0606498718,80.2115402222,26588,26599,11
13.0621404648,80.2116394043,26599,26609,10
13.0633401871,80.2115097046,26609,26618,9
13.0639200211,80.2114715576,26618,26629,11
13.0647096634,80.2112197876,26629,26639,10
13.0656700134,80.2105331421,26639,26648,9
13.0673599243,80.2086486816,26648,26659,11
13.0673599243,80.2086486816,26659,26669,10
13.0681400299,80.2074813843,26669,26679,10
13.0688199997,80.2065200806,26679,26689,10
13.069319725,80.2057418823,26689,26699,10
13.0696601868,80.2051391602,26699,26710,11
13.0694999695,80.2048187256,26710,26720,10
13.0689401627,80.205368042,26720,26945,225
13.0687599182,80.205039978,26945,27086,141
13.0687599182,80.205039978,27086,27096,10
13.0690898895,80.2047195435,27096,27107,11
13.0693101883,80.2047271729,27107,27117,10
13.0695695877,80.2047576904,27117,27127,10
13.0698404312,80.2048110962,27127,27137,10
13.070110321,80.2045974731,27137,27147,10
13.0703401566,80.2042617798,27147,27157,10
13.0707101822,80.2037811279,27157,27167,10
13.0708999634,80.2035598755,27167,27177,10
13.0710201263,80.203453064,27177,27187,10
13.0712404251,80.2031707764,27187,27197,10
13.0719804764,80.2022399902,27197,27228,31
13.0719804764,80.2022399902,27228,27238,10
13.0722303391,80.2020263672,27238,27248,10
13.0725698471,80.2016830444,27248,27258,10
13.0730600357,80.2011108398,27258,27268,10
13.0734901428,80.200592041,27268,27278,10
13.0739202499,80.200088501,27278,27288,10
13.0741701126,80.1997833252,27288,27298,10
13.0743904114,80.1995391846,27298,27309,11
13.0749397278,80.1991729736,27309,27319,10
13.0756998062,80.1987991333,27319,27329,10
13.0756597519,80.1979064941,27329,27339,10
13.0754203796,80.1968765259,27339,27349,10
13.0752296448,80.1960830688,27349,27359,10
13.0751304626,80.1956863403,27359,27369,10
13.0751104355,80.1956100464,27369,27379,10
13.0748996735,80.1951980591,27379,27389,10
13.0744400024,80.1945877075,27389,27399,10
13.0740995407,80.1937637329,27399,27410,11
13.0741195679,80.1925735474,27410,27420,10
13.0741100311,80.1915130615,27420,27430,10
13.0737104416,80.1905670166,27430,27440,10
13.0729904175,80.1896820068,27440,27450,10
13.0724000931,80.1885223389,27450,27460,10
13.0718297958,80.1872634888,27460,27470,10
13.0715999603,80.1866989136,27470,27480,10
13.0715198517,80.1865005493,27480,27490,10
13.0714797974,80.1863327026,27490,27500,10
13.0713396072,80.1858673096,27500,27511,11
13.071149826,80.1849899292,27511,27521,10
13.0709104538,80.1839828491,27521,27531,10
13.0704698563,80.1828384399,27531,27541,10
13.0700302124,80.1820068359,27541,27551,10
13.0697898865,80.1816711426,27551,27561,10
13.0696697235,80.1814498901,27561,27571,10
13.0692996979,80.1809005737,27571,27581,10
13.0687999725,80.1801528931,27581,27591,10
13.068189621,80.1792831421,27591,27602,11
13.0675697327,80.178237915,27602,27612,10
13.0674200058,80.1771316528,27612,27622,10
13.0673103333,80.1761322021,27622,27632,10
13.0669202805,80.1753768921,27632,27641,9
13.0664997101,80.1747436523,27641,27652,11
13.0663995743,80.1745986938,27652,27662,10
13.0662603378,80.1743621826,27662,27672,10
13.0658798218,80.1738204956,27672,27682,10
13.065369606,80.1730728149,27682,27692,10
13.0649003983,80.17237854,27692,27703,11
13.0642900467,80.1714401245,27703,27713,10
13.0640802383,80.170249939,27713,27723,10
13.0641098022,80.1689376831,27723,27733,10
13.063750267,80.1679611206,27733,27743,10
13.0633096695,80.1673812866,27743,27753,10
13.0630302429,80.1670837402,27753,27763,10
13.0629796982,80.1670379639,27763,27773,10
13.0627202988,80.1667022705,27773,27783,10
13.0622196198,80.1661224365,27783,27799,16
13.0613603592,80.1649627686,27799,27812,13
13.0611896515,80.1642990112,27812,27822,10
13.0612001419,80.1642684937,27822,27831,9
13.0612201691,80.1640396118,27831,27842,11
13.0612401962,80.1634521484,27842,27852,10
13.0612602234,80.1626586914,27852,27862,10
13.0612897873,80.1614837646,27862,27872,10
13.061340332,80.1603622437,27872,27881,9
13.0614995956,80.1591567993,27881,27892,11
13.0615997314,80.157951355,27892,27903,11
13.0612001419,80.156829834,27903,27913,10
13.0607004166,80.1558914185,27913,27923,10
13.0605201721,80.1549301147,27923,27933,10
13.0606403351,80.1539382935,27933,27943,10
13.0608596802,80.1528015137,27943,27953,10
13.0612401962,80.1517791748,27953,27963,10
13.0615701675,80.1511383057,27963,27973,10
13.0619001389,80.150390625,27973,27983,10
13.0619802475,80.149597168,27983,27993,10
13.0619802475,80.1492996216,27993,28004,11
13.0619802475,80.1490325928,28004,28014,10
13.0619802475,80.1483688354,28014,28024,10
13.0619401932,80.1474075317,28024,28034,10
13.0618400574,80.1462020874,28034,28044,10
13.0617103577,80.145072937,28044,28054,10
13.0615797043,80.1439208984,28054,28064,10
13.0614700317,80.142578125,28064,28074,10
13.0613698959,80.141242981,28074,28084,10
13.0612802505,80.1399765015,28084,28094,10
13.0612201691,80.1390380859,28094,28105,11
13.0612001419,80.1384963989,28105,28115,10
13.0612201691,80.1384277344,28115,28125,10
13.0613698959,80.1383132935,28125,28135,10
13.0616598129,80.1382598877,28135,28145,10
13.0623598099,80.1383590698,28145,28155,10
13.0629701614,80.1382598877,28155,28165,10
13.0632295609,80.138130188,28165,28175,10
13.0638198853,80.1382369995,28175,28185,10
13.0642404556,80.1380996704,28185,28195,10
13.0643596649,80.137550354,28195,28206,11
13.0651302338,80.137588501,28206,28216,10
13.065779686,80.1375579834,28216,28226,10
13.0658798218,80.1365585327,28226,28246,20
13.0658798218,80.1365585327,28246,28256,10
13.0659103394,80.1364593506,28256,28266,10
13.0661697388,80.1364593506,28266,28276,10
13.0665903091,80.1363983154,28276,28286,10
13.0666999817,80.1357192993,28286,28296,10
13.0667800903,80.1347885132,28296,28307,11
13.0669403076,80.1337585449,28307,28317,10
13.0671100616,80.1327133179,28317,28327,10
13.0675001144,80.1316223145,28327,28337,10
13.0676403046,80.130607605,28337,28347,10
13.0676298141,80.1301879883,28347,28357,10
13.0676202774,80.1296081543,28357,28367,10
13.0677700043,80.1287994385,28367,28377,10
13.0680103302,80.1278686523,28377,28387,10
13.0681695938,80.1269073486,28387,28397,10
13.0683498383,80.1259384155,28397,28409,12
13.0686197281,80.12474823,28409,28419,10
13.0687904358,80.1241989136,28419,28429,10
13.0691900253,80.1240692139,28429,28439,10
13.0692501068,80.1240768433,28439,28449,10
13.0693998337,80.1240921021,28449,28459,10
13.0698900223,80.124168396,28459,28489,30
13.0698900223,80.124168396,28489,28500,11
13.0697603226,80.1239624023,28500,28922,422
13.0697603226,80.1239624023,28922,28932,10
13.0697603226,80.1239013672,28932,28942,10
13.0695800781,80.123878479,28942,28952,10
13.069319725,80.1240234375,28952,29023,71
13.069319725,80.1240234375,29023,29033,10
13.0689601898,80.1241989136,29033,29043,10
13.0687799454,80.1243591309,29043,29053,10
13.0686597824,80.1248626709,29053,29063,10
13.0685195923,80.1253967285,29063,29073,10
13.0683403015,80.1262130737,29073,29083,10
13.0682897568,80.1265335083,29083,29094,11
13.0681800842,80.1270599365,29094,29104,10
13.0680904388,80.1275863647,29104,29114,10
13.0679597855,80.1282730103,29114,29124,10
13.0678195953,80.12890625,29124,29134,10
13.0677700043,80.1290512085,29134,29144,10
13.0676803589,80.1294631958,29144,29154,10
13.0676498413,80.1296310425,29154,29164,10
13.0676403046,80.1299133301,29164,29174,10
13.0676803589,80.1305007935,29174,29184,10
13.0676202774,80.1311569214,29184,29195,11
13.0673904419,80.1320571899,29195,29205,10
13.0670700073,80.1329193115,29205,29215,10
13.0669498444,80.1337814331,29215,29225,10
13.0668001175,80.1348495483,29225,29235,10
13.066740036,80.1358718872,29235,29245,10
13.0665903091,80.1365585327,29245,29255,10
13.0663204193,80.1365432739,29255,29265,10
13.0659198761,80.1365966797,29265,29275,10
13.0659103394,80.1371307373,29275,29285,10
13.0656700134,80.1376800537,29285,29296,11
13.0649995804,80.137588501,29296,29306,10
13.0642995834,80.1377182007,29306,29316,10
13.064209938,80.1382904053,29316,29326,10
13.0637798309,80.1382522583,29326,29336,10
13.0631504059,80.1381607056,29336,29346,10
13.06291008,80.1383972168,29346,29356,10
13.0623197556,80.1383666992,29356,29366,10
13.0615797043,80.1383132935,29366,29376,10
13.0613498688,80.1385498047,29376,29387,11
13.0613698959,80.1387405396,29387,29397,10
13.0613603592,80.1388473511,29397,29407,10
13.0613698959,80.1392822266,29407,29417,10
13.0614004135,80.1399993896,29417,29427,10
13.0614500046,80.1409378052,29427,29437,10
13.0615301132,80.1420974731,29437,29447,10
13.0616197586,80.1434326172,29447,29457,10
13.0617799759,80.144859314,29457,29467,10
13.0619401932,80.1463012695,29467,29477,10
13.0620698929,80.1477584839,29477,29488,11
13.0621099472,80.1492385864,29488,29498,10
13.0621500015,80.1497879028,29498,29508,10
13.0621500015,80.1498184204,29508,29518,10
13.0621204376,80.1501998901,29518,29528,10
13.0619001389,80.1508712769,29528,29538,10
13.0615701675,80.1514968872,29538,29548,10
13.0612697601,80.1520614624,29548,29558,10
13.060959816,80.1528778076,29558,29568,10
13.0607795715,80.1538467407,29568,29578,10
13.0606298447,80.1549072266,29578,29589,11
13.0606403351,80.155166626,29589,29599,10
13.060669899,80.1553573608,29599,29609,10
13.0608100891,80.1559371948,29609,29619,10
13.0612001419,80.1566925049,29619,29629,10
13.0616397858,80.1576080322,29629,29639,10
13.0616197586,80.158821106,29639,29649,10
13.0614595413,80.1598587036,29649,29659,10
13.0613698959,80.1610031128,29659,29669,10
13.0613498688,80.162322998,29669,29679,10
13.0613498688,80.1633987427,29679,29689,10
13.0613603592,80.1636962891,29689,29700,11
13.0613698959,80.1638717651,29700,29710,10
13.0614299774,80.1644973755,29710,29740,30
13.0614299774,80.1644973755,29740,29750,10
13.0614595413,80.1645812988,29750,29760,10
13.0615301132,80.164932251,29760,29770,10
13.061829567,80.165512085,29770,29780,10
13.0624399185,80.1661224365,29780,29790,10
13.0631504059,80.1668624878,29790,29801,11
13.0637598038,80.167678833,29801,29811,10
13.0638303757,80.1677703857,29811,29821,10
13.06387043,80.1678237915,29821,29831,10
13.0640602112,80.1681671143,29831,29841,10
13.0642795563,80.168838501,29841,29851,10
13.0642900467,80.1697921753,29851,29861,10
13.0642900467,80.1708526611,29861,29877,16
13.0650997162,80.1724014282,29877,29889,12
13.0658903122,80.1735610962,29889,29900,11
13.0665197372,80.1744613647,29900,29909,9
13.0670995712,80.1752700806,29909,29921,12
13.067150116,80.1753463745,29921,29931,10
13.0672597885,80.1755065918,29931,29941,10
13.0675001144,80.1760177612,29941,29951,10
13.0676298141,80.1768417358,29951,29961,10
13.0676403046,80.1778030396,29961,29971,10
13.0680398941,80.1787872314,29971,29981,10
13.0686502457,80.1797103882,29981,29991,10
13.0692501068,80.1805877686,29991,30002,11
13.069849968,80.1814193726,30002,30012,10
13.0703802109,80.1822662354,30012,30022,10
13.070810318,80.1831970215,30022,30033,11
13.0711097717,80.184173584,30033,30043,10
13.0714797974,80.1855926514,30043,30063,20
13.0714797974,80.1855926514,30063,30073,10
13.071559906,80.1858901978,30073,30083,10
13.0717201233,80.1864624023,30083,30094,11
13.0720596313,80.1873168945,30094,30104,10
13.0724496841,80.1882095337,30104,30114,10
13.0729198456,80.189201355,30114,30124,10
13.0735998154,80.1901931763,30124,30134,10
13.0743103027,80.1912002563,30134,30144,10
13.0742998123,80.1921768188,30144,30154,10
13.0742397308,80.1932830811,30154,30164,10
13.0743999481,80.1942596436,30164,30174,10
13.0748701096,80.194732666,30174,30184,10
13.0751600266,80.1952590942,30184,30195,11
13.0753602982,80.1958465576,30195,30205,10
13.0753803253,80.1958770752,30205,30215,10
13.0754404068,80.1961517334,30215,30225,10
13.0755500793,80.1966781616,30225,30235,10
13.0757198334,80.1973724365,30235,30245,10
13.075920105,80.198097229,30245,30255,10
13.0761404037,80.1988830566,30255,30265,10
13.0763397217,80.1997680664,30265,30274,9
13.0768003464,80.2000579834,30274,30284,10
13.0767202377,80.1992797852,30284,30296,12
13.0758199692,80.19921875,30296,30306,10
13.0749998093,80.1994400024,30306,30316,10
13.0741596222,80.1999969482,30316,30326,10
13.0737495422,80.2004776001,30326,30336,10
13.0737400055,80.2005081177,30336,30346,10
13.0735797882,80.2006988525,30346,30356,10
13.0731801987,80.2011795044,30356,30366,10
13.0726203918,80.2018508911,30366,30376,10
13.0720796585,80.2024307251,30376,30386,10
13.0714797974,80.2030792236,30386,30397,11
13.0707397461,80.2039489746,30397,30407,10
13.0702199936,80.2046279907,30407,30417,10
13.0698299408,80.2050170898,30417,30427,10
13.0695295334,80.2048492432,30427,30437,10
13.0691900253,80.2050323486,30437,30447,10
13.0688295364,80.2054595947,30447,30457,10
13.0679998398,80.2053604126,30457,30548,91
13.0679998398,80.2053604126,30548,30558,10
13.0679998398,80.2051010132,30558,30568,10
13.0682601929,80.2049713135,30568,30579,11
13.0687503815,80.2048187256,30579,30589,10
13.0691299438,80.2047424316,30589,30600,11
13.0694303513,80.204750061,30600,30610,10
13.0696496964,80.2047805786,30610,30620,10
13.0698299408,80.2049484253,30620,30630,10
13.0698795319,80.2050018311,30630,30640,10
13.0698404312,80.2052383423,30640,30650,10
13.069560051,80.2057189941,30650,30660,10
13.0691204071,80.2063827515,30660,30669,9
13.0686702728,80.2070999146,30669,30680,11
13.0680904388,80.2080612183,30680,30690,10
13.0676898956,80.2087402344,30690,30701,11
13.0671701431,80.2096176147,30701,30711,10
13.0663795471,80.2103424072,30711,30721,10
13.0656099319,80.2109832764,30721,30731,10
13.0651702881,80.2113418579,30731,30741,10
13.0651702881,80.2113494873,30741,30751,10
13.0648298264,80.2114868164,30751,30761,10
13.0642795563,80.2116928101,30761,30771,10
13.0638504028,80.2117614746,30771,30792,21
13.0638504028,80.2117614746,30792,30802,10
13.0635700226,80.2117919922,30802,30811,9
13.0631198883,80.2117919922,30811,30822,11
13.0623197556,80.2118377686,30822,30832,10
13.0613002777,80.2117614746,30832,30842,10
13.0600404739,80.2117233276,30842,30852,10
13.058839798,80.2116928101,30852,30862,10
13.0579299927,80.2116699219,30862,30872,10
13.0577096939,80.2116699219,30872,30882,10
13.0574703217,80.2116622925,30882,30892,10
13.0569496155,80.2116622925,30892,30903,11
13.0561304092,80.2116470337,30903,30913,10
13.0551900864,80.2116088867,30913,30923,10
13.0544996262,80.2116317749,30923,30933,10
13.0538597107,80.2117767334,30933,30943,10
13.0530796051,80.2119598389,30943,30953,10
13.0521602631,80.2121887207,30953,30963,10
13.0513401031,80.2122268677,30963,30973,10
13.050450325,80.2121887207,30973,30982,9
13.0500001907,80.2123794556,30982,30994,12
13.0500402451,80.2128829956,30994,31004,10
13.0500802994,80.2130203247,31004,31014,10
13.0501003265,80.2131195068,31014,31024,10
13.0501499176,80.2134780884,31024,31034,10
13.0503396988,80.2140884399,31034,31044,10
13.0506896973,80.2149200439,31044,31053,9
13.0508499146,80.2154769897,31053,31063,10
13.0510196686,80.2161026001,31063,31074,11
13.0513401031,80.2169189453,31074,31085,11
13.0514297485,80.2171401978,31085,31094,9
13.0514802933,80.2173614502,31094,31105,11
13.0516004562,80.2177810669,31105,31115,10
13.0518102646,80.2183837891,31115,31124,9
13.0520200729,80.2190628052,31124,31135,11
13.0522298813,80.2198562622,31135,31145,10
13.0523900986,80.2203674316,31145,31155,10
13.0525598526,80.221031189,31155,31165,10
13.0527000427,80.221496582,31165,31175,10
13.0527601242,80.2215881348,31175,31185,10
13.0528697968,80.2220001221,31185,31196,11
13.053030014,80.2226104736,31196,31206,10
13.0532598495,80.2234725952,31206,31216,10
13.0533504486,80.2238235474,31216,31226,10
13.0533704758,80.2239303589,31226,31236,10
13.053440094,80.2242431641,31236,31246,10
13.0535697937,80.2248001099,31246,31256,10
13.0537395477,80.2256011963,31256,31266,10
13.053850174,80.2264709473,31266,31276,10
13.0539798737,80.227180481,31276,31286,10
13.0539903641,80.2272491455,31286,31297,11
13.0539999008,80.2273025513,31297,31307,10
13.0540399551,80.2276763916,31307,31317,10
13.0540504456,80.2283325195,31317,31327,10
13.0541095734,80.2291412354,31327,31337,10
13.0541400909,80.2296981812,31337,31347,10
13.0541496277,80.2303619385,31347,31357,10
13.0540599823,80.2306594849,31357,31367,10
13.0537500381,80.2306137085,31367,31377,10
13.0532503128,80.2304916382,31377,31387,10
13.0527296066,80.2304611206,31387,31398,11
13.052069664,80.2304000854,31398,31408,10
13.0520200729,80.2304077148,31408,31418,10
13.0517997742,80.2303390503,31418,31428,10
13.0513095856,80.2302093506,31428,31438,10
13.0505304337,80.2301177979,31438,31448,10
13.0498600006,80.2300567627,31448,31458,10
13.0492200851,80.2300872803,31458,31468,10
13.048500061,80.2300796509,31468,31478,10
13.0480098724,80.23021698,31478,31487,9
13.0477104187,80.2306213379,31487,31499,12
13.0475797653,80.2316818237,31499,31509,10
13.0474500656,80.2326431274,31509,31519,10
13.0475196838,80.2330932617,31519,31529,10
13.0479297638,80.2331314087,31529,31539,10
13.0486402512,80.2332611084,31539,31549,10
13.0495700836,80.2334899902,31549,31559,10
13.0504999161,80.2336883545,31559,31569,10
13.0506801605,80.2337493896,31569,31579,10
13.0508499146,80.2337722778,31579,31589,10
13.0513696671,80.2338485718,31589,31600,11
13.0521202087,80.2340316772,31600,31610,10
13.0529203415,80.2342605591,31610,31620,10
13.0536403656,80.2344589233,31620,31630,10
13.0537900925,80.2347564697,31630,31640,10
13.0536899567,80.2351531982,31640,31650,10
13.0536804199,80.235168457,31650,31660,10
13.0536203384,80.2353210449,31660,31670,10
13.0535402298,80.2357406616,31670,31680,10
13.0534200668,80.2363967896,31680,31690,10
13.0532999039,80.2370223999,31690,31701,11
13.0532102585,80.2376174927,31701,31711,10
13.0530595779,80.2384262085,31711,31720,9
13.0528697968,80.2392425537,31720,31731,11
13.0526399612,80.2402420044,31731,31741,10
13.0524501801,80.2408599854,31741,31751,10
13.0520200729,80.2407836914,31751,31761,10
13.0517196655,80.2406997681,31761,31771,10
13.0513095856,80.2405776978,31771,31781,10
13.0505304337,80.2404632568,31781,31791,10
13.0496501923,80.2402420044,31791,31802,11
13.0487003326,80.2400436401,31802,31812,10
13.04804039,80.2399368286,31812,31822,10
13.047419548,80.2397994995,31822,31832,10
13.0467195511,80.2396621704,31832,31842,10
13.0465402603,80.2396697998,31842,31852,10
13.0462903976,80.2394180298,31852,31862,10
13.046380043,80.2388305664,31862,31872,10
13.0465602875,80.237953186,31872,31889,17
13.0469198227,80.2362823486,31889,31901,12
13.0469799042,80.2358398438,31901,31909,8
13.0470304489,80.2356033325,31909,31921,12
13.0470895767,80.2351226807,31921,31929,8
13.0471801758,80.2345428467,31929,31940,11
13.0472698212,80.2337036133,31940,31951,11
13.0473003387,80.2331695557,31951,31961,10
13.04708004,80.2330322266,31961,31970,9
13.0465803146,80.2329330444,31970,31981,11
13.0451097488,80.2326278687,31981,32002,21
13.0451097488,80.2326278687,32002,32012,10
13.0447902679,80.2325515747,32012,32022,10
13.0442199707,80.2324523926,32022,32032,10
13.0434103012,80.2323608398,32032,32042,10
13.0426301956,80.2323532104,32042,32052,10
13.0419197083,80.2322998047,32052,32062,10
13.0411596298,80.2321166992,32062,32072,10
13.0402097702,80.2317810059,32072,32082,10
13.0390501022,80.2315216064,32082,32092,10
13.038020134,80.2312011719,32092,32103,11
13.0370597839,80.2308807373,32103,32113,10
13.0367202759,80.2308120728,32113,32123,10
13.0361604691,80.2306365967,32123,32133,10
13.0352602005,80.2303771973,32133,32143,10
13.0350503922,80.2300033569,32143,32153,10
13.0349903107,80.2298431396,32153,32424,271
13.0349903107,80.2298431396,32424,32434,10
13.0345897675,80.2297973633,32434,32474,40
13.0342197418,80.2298812866,32474,32878,404
13.0342197418,80.2298812866,32878,32888,10
13.0342502594,80.23021698,32888,33434,546
13.0342302322,80.230140686,33434,33525,91
13.0342702866,80.2301483154,33525,34395,870
13.0342702866,80.2301483154,34395,34405,10
13.0343904495,80.2303924561,34405,34415,10
13.0347900391,80.2302703857,34415,34425,10
13.0350999832,80.2299499512,34425,34597,172
13.0346498489,80.2298202515,34597,34657,60
13.0345697403,80.2298583984,34657,34748,91
13.0343799591,80.2297821045,34748,34900,152
13.0343103409,80.2301177979,34900,34991,91
13.0343103409,80.2301177979,34991,35001,10
13.0343599319,80.2303771973,35001,35011,10
13.0348596573,80.2302398682,35011,35051,40
13.0348596573,80.2302398682,35051,35061,10
13.0351295471,80.230178833,35061,35071,10
13.0354003906,80.2303237915,35071,35081,10
13.0358800888,80.23046875,35081,35092,11
13.0364103317,80.230682373,35092,35102,10
13.0366601944,80.2307662964,35102,35112,10
13.0370197296,80.2309036255,35112,35122,10
13.0375900269,80.231048584,35122,35132,10
13.038359642,80.231262207,35132,35142,10
13.0391702652,80.2314987183,35142,35152,10
13.0399904251,80.2317123413,35152,35162,10
13.0409202576,80.2320327759,35162,35172,10
13.0419397354,80.2322692871,35172,35181,9
13.0427303314,80.2323303223,35181,35191,10
13.0438404083,80.2323608398,35191,35203,12
13.0450201035,80.2325668335,35203,35213,10
13.0451602936,80.2325897217,35213,35223,10
13.0453395844,80.2326507568,35223,35233,10
13.0458898544,80.2327194214,35233,35243,10
13.0466995239,80.2328720093,35243,35253,10
13.0471696854,80.2329711914,35253,35304,51
13.0471696854,80.2329711914,35304,35314,10
13.0474100113,80.2329788208,35314,35324,10
13.0474901199,80.2325515747,35324,35334,10
13.047539711,80.2319564819,35334,35344,10
13.0475997925,80.2313766479,35344,35354,10
13.047659874,80.230796814,35354,35364,10
13.047539711,80.23021698,35364,35374,10
13.0469799042,80.2298431396,35374,35384,10
13.0459804535,80.2297210693,35384,35395,11
13.0448999405,80.2295074463,35395,35405,10
13.0445604324,80.2294387817,35405,35415,10
13.0440797806,80.2293167114,35415,35425,10
13.0439195633,80.2291107178,35425,35435,10
13.0440397263,80.2286300659,35435,35445,10
13.0441398621,80.2279281616,35445,35455,10
13.0442495346,80.2272109985,35455,35465,10
13.0445604324,80.2261886597,35465,35475,10
13.044839859,80.2257003784,35475,35485,10
13.0453796387,80.2258300781,35485,35496,11
13.0459403992,80.2259902954,35496,35506,10
13.0461301804,80.22605896,35506,35516,10
13.0466299057,80.2262420654,35516,35526,10
13.0474596024,80.2264862061,35526,35536,10
13.0482797623,80.2267532349,35536,35546,10
13.0491600037,80.2269592285,35546,35556,10
13.0500001907,80.2270812988,35556,35566,10
13.0507898331,80.2272415161,35566,35576,10
13.0515604019,80.2274017334,35576,35586,10
13.0523996353,80.2275619507,35586,35597,11
13.0533599854,80.2277832031,35597,35607,10
13.0539102554,80.2277908325,35607,35617,10
13.0539302826,80.2272796631,35617,35626,9
13.0539197922,80.2271728516,35626,35637,11
13.0539703369,80.2271194458,35637,35647,10
13.0539503098,80.2267913818,35647,35657,10
13.0538301468,80.2261810303,35657,35667,10
13.0536804199,80.2253265381,35667,35677,10
13.0535402298,80.2243881226,35677,35728,51
13.0535402298,80.2243881226,35728,35738,10
13.0534801483,80.2241134644,35738,35748,10
13.0533895493,80.2235412598,35748,35758,10
13.0531997681,80.2227783203,35758,35768,10
13.0530395508,80.2221908569,35768,35778,10
13.0528202057,80.2214508057,35778,35788,10
13.0525598526,80.2205505371,35788,35799,11
13.0523500443,80.2199401855,35799,35809,10
13.052280426,80.2197418213,35809,35819,10
13.0522203445,80.2195587158,35819,35829,10
13.052069664,80.2191390991,35829,35839,10
13.0518598557,80.2184066772,35839,35849,10
13.051609993,80.2175216675,35849,35859,10
13.0513296127,80.2166976929,35859,35869,10
13.0510597229,80.2159118652,35869,35879,10
13.0508804321,80.2151489258,35879,35895,16
13.0502099991,80.2146835327,35895,35908,13
13.0497598648,80.2146606445,35908,35918,10
13.0495996475,80.2146606445,35918,35928,10
13.049079895,80.2145767212,35928,35937,9
13.0484695435,80.2145080566,35937,35948,11
13.0477800369,80.2144470215,35948,35957,9
13.0472898483,80.2144393921,35957,35968,11
13.0464000702,80.2145309448,35968,35978,10
13.045419693,80.2146911621,35978,35988,10
13.0445995331,80.2147293091,35988,35999,11
13.0445299149,80.2141723633,35999,36009,10
13.0444803238,80.2133789063,36009,36019,10
13.0444297791,80.2126235962,36019,36089,70
13.0444297791,80.2126235962,36089,36100,11
13.0444803238,80.2123794556,36100,36110,10
13.0446996689,80.2122421265,36110,36120,10
13.0452699661,80.2122192383,36120,36130,10
13.0461301804,80.2121887207,36130,36140,10
13.0474796295,80.2120895386,36140,36201,61
13.0474796295,80.2120895386,36201,36211,10
13.0471496582,80.2119216919,36211,36221,10
13.0471401215,80.2117614746,36221,36231,10
13.0471000671,80.2113876343,36231,36241,10
13.04708004,80.2109069824,36241,36251,10
13.0474004745,80.2107620239,36251,36261,10
13.0481100082,80.2107925415,36261,36271,10
13.0489597321,80.2108230591,36271,36281,10
13.0496902466,80.2107772827,36281,36292,11
13.0496997833,80.2103729248,36292,36302,10
13.0495996475,80.2096786499,36302,36312,10
13.0495300293,80.2088928223,36312,36322,10
13.0493202209,80.2081604004,36322,36332,10
13.0490503311,80.2074127197,36332,36342,10
13.0489902496,80.2072219849,36342,36352,10
13.0488595963,80.2069702148,36352,36362,10
13.0486803055,80.2064590454,36362,36372,10
13.048620224,80.2061309814,36372,36382,10
13.048620224,80.2060775757,36382,36392,10
13.0485401154,80.2057571411,36392,36403,11
13.0482997894,80.205078125,36403,36413,10
13.04804039,80.2042694092,36413,36423,10
13.0479402542,80.2039031982,36423,36433,10
13.0478200912,80.2033309937,36433,36443,10
13.0476398468,80.2024765015,36443,36453,10
13.0474796295,80.2018508911,36453,36463,10
13.047369957,80.2011184692,36463,36473,10
13.0474004745,80.2001037598,36473,36483,10
13.0473804474,80.1996688843,36483,36493,10
13.0473804474,80.1994171143,36493,36504,11
13.0474100113,80.1987304688,36504,36514,10
13.0474100113,80.1979598999,36514,36524,10
13.0473804474,80.197517395,36524,36534,10
13.0473899841,80.1975021362,36534,36544,10
13.047419548,80.1972579956,36544,36554,10
13.0473899841,80.1967391968,36554,36564,10
13.0473899841,80.1961364746,36564,36574,10
13.0474596024,80.1958999634,36574,36584,10
13.0475997925,80.1958465576,36584,36595,11
13.0480699539,80.1958236694,36595,36605,10
13.0486402512,80.1957931519,36605,36615,10
13.0487298965,80.1953811646,36615,36625,10
13.0488004684,80.1948318481,36625,36635,10
13.0489196777,80.1943206787,36635,36645,10
13.0489997864,80.1937408447,36645,36655,10
13.0490398407,80.1927871704,36655,36675,20
13.0490398407,80.1927871704,36675,36685,10
13.0490398407,80.1926803589,36685,36696,11
13.0490198135,80.1923065186,36696,36705,9
13.049079895,80.1921234131,36705,36716,11
13.0492296219,80.1921234131,36716,36726,10
13.0495996475,80.1920776367,36726,36736,10
13.0499601364,80.1920776367,36736,36746,10
13.0502796173,80.1920776367,36746,36756,10
13.0507097244,80.1920471191,36756,36766,10
13.0513696671,80.1920318604,36766,36776,10
13.0520601273,80.1920623779,36776,36786,10
13.0525999069,80.1920928955,36786,36797,11
13.0526599884,80.1921234131,36797,36807,10
13.0528001785,80.1921691895,36807,36817,10
13.0531702042,80.1922302246,36817,36827,10
13.053560257,80.1923828125,36827,36837,10
13.0537500381,80.1924591064,36837,36847,10
13.0539503098,80.1925582886,36847,36857,10
13.0543603897,80.1927566528,36857,36867,10
13.0547599792,80.1929397583,36867,36877,10
13.0551996231,80.1931610107,36877,36887,10
13.0553798676,80.1932296753,36887,36898,11
13.0557403564,80.1933822632,36898,36908,10
13.0560998917,80.1936035156,36908,36918,10
13.0565595627,80.1938095093,36918,36928,10
13.0571699142,80.1941223145,36928,36938,10
13.0574302673,80.1942367554,36938,36948,10
13.0575504303,80.1942901611,36948,36958,10
13.0579500198,80.1944885254,36958,36968,10
13.0585899353,80.1948318481,36968,36978,10
13.0591897964,80.1951293945,36978,36988,10
13.0597200394,80.1954116821,36988,36999,11
13.0597801208,80.1954193115,36999,37009,10
13.0600795746,80.1955718994,37009,37018,9
13.0603199005,80.1957015991,37018,37029,11
13.0605697632,80.1958389282,37029,37039,10
13.0609998703,80.1960830688,37039,37049,10
13.0616798401,80.1964416504,37049,37059,10
13.0622196198,80.196762085,37059,37069,10
13.0627298355,80.1970291138,37069,37079,10
13.0631103516,80.1972122192,37079,37089,10
13.0631198883,80.1972122192,37089,37100,11
13.0634202957,80.1973571777,37100,37110,10
13.0639095306,80.1976394653,37110,37120,10
13.0645904541,80.1979980469,37120,37130,10
13.0654401779,80.1984405518,37130,37140,10
13.066160202,80.1987762451,37140,37150,10
13.066619873,80.1989974976,37150,37160,10
13.0673103333,80.1994018555,37160,37170,10
13.0682401657,80.1998977661,37170,37180,10
13.0690498352,80.200340271,37180,37190,10
13.0694303513,80.2004776001,37190,37211,21
13.0694303513,80.2004776001,37211,37221,10
13.0697603226,80.2006607056,37221,37231,10
13.070309639,80.2010192871,37231,37241,10
13.0710601807,80.201499939,37241,37251,10
13.0716600418,80.2017974854,37251,37261,10
13.0720701218,80.2019500732,37261,37271,10
13.0724802017,80.2016525269,37271,37281,10
13.0730495453,80.2010574341,37281,37291,10
13.0735902786,80.2004394531,37291,37302,11
13.0740203857,80.1998977661,37302,37312,10
13.0741596222,80.1997528076,37312,37322,10
13.0742101669,80.1996765137,37322,37332,10
13.0744400024,80.1994628906,37332,37348,16
13.0754203796,80.1990432739,37348,37360,12
13.0764703751,80.1989212036,37360,37370,10
13.0766000748,80.1983184814,37370,37380,10
13.0761299133,80.1980285645,37380,37390,10
13.0760202408,80.1986083984,37390,37401,11
13.0762395859,80.1994094849,37401,37411,10
13.0765399933,80.2000808716,37411,37421,10
13.0768098831,80.1995162964,37421,37431,10
13.0761995316,80.1992034912,37431,37441,10
13.0754995346,80.1992874146,37441,37451,10
13.0747003555,80.1995925903,37451,37461,10
13.0740404129,80.2001113892,37461,37471,10
13.0739202499,80.2002105713,37471,37481,10
13.0737400055,80.2003936768,37481,37491,10
13.0735397339,80.2006607056,37491,37513,22
13.0725097656,80.2018585205,37513,37525,12
13.0723104477,80.2021408081,37525,37535,10
13.0720500946,80.2023925781,37535,37545,10
13.0714998245,80.2030181885,37545,37553,8
13.070980072,80.2036437988,37553,37565,12
13.0702104568,80.2046127319,37565,37575,10
13.0700702667,80.2048416138,37575,37585,10
13.069849968,80.2050094604,37585,37596,11
13.0694904327,80.2048416138,37596,37606,10
13.0691604614,80.2050628662,37606,37616,10
13.0687704086,80.2052764893,37616,37666,50
13.0687704086,80.2052764893,37666,37676,10
13.0681495667,80.2054595947,37676,37727,51
13.0681495667,80.2054595947,37727,37737,10
13.0679101944,80.2052230835,37737,37848,111
13.0681200027,80.2049026489,37848,37969,121
13.0681200027,80.2049026489,37969,37979,10
13.0684604645,80.2049102783,37979,37989,10
13.0689296722,80.2047576904,37989,38000,11
13.0695495605,80.2047805786,38000,38010,10
13.0697603226,80.2048110962,38010,38020,10
13.0700998306,80.2045516968,38020,38030,10
13.0705404282,80.2039718628,38030,38040,10
13.071149826,80.2032318115,38040,38050,10
13.07172966,80.202507019,38050,38060,10
13.0719203949,80.2020568848,38060,38070,10
13.0717000961,80.2019119263,38070,38080,10
13.0714302063,80.2018203735,38080,38090,10
13.0710096359,80.2016067505,38090,38101,11
13.0705499649,80.2013397217,38101,38111,10
13.0701599121,80.2010879517,38111,38121,10
13.069849968,80.2008972168,38121,38141,20
13.069849968,80.2008972168,38141,38151,10
13.0695400238,80.2007217407,38151,38161,10
13.0691995621,80.2005233765,38161,38181,20
13.0691995621,80.2005233765,38181,38191,10
13.0690603256,80.2004089355,38191,38202,11
13.0686798096,80.2002105713,38202,38212,10
13.0681400299,80.1998977661,38212,38222,10
13.0673999786,80.199508667,38222,38232,10
13.0665502548,80.1990585327,38232,38242,10
13.0659799576,80.1987609863,38242,38252,10
13.0656099319,80.1985931396,38252,38262,10
13.0650701523,80.1983184814,38262,38272,10
13.0644397736,80.1979522705,38272,38282,10
13.0637798309,80.1976013184,38282,38293,11
13.063079834,80.1972427368,38293,38303,10
13.0628204346,80.1971282959,38303,38313,10
13.0627698898,80.1970977783,38313,38323,10
13.0626401901,80.1970214844,38323,38333,10
13.0623502731,80.1968765259,38333,38343,10
13.0619297028,80.196647644,38343,38353,10
13.0613603592,80.1963729858,38353,38363,10
13.0608196259,80.1960678101,38363,38373,10
13.0604295731,80.1958389282,38373,38383,10
13.0601596832,80.1956787109,38383,38394,11
13.0598602295,80.1955413818,38394,38404,10
13.059630394,80.1954421997,38404,38414,10
13.0595302582,80.1954116821,38414,38424,10
13.0592803955,80.1952590942,38424,38434,10
13.0589704514,80.195098877,38434,38444,10
13.0586004257,80.1949234009,38444,38454,10
13.058139801,80.1946792603,38454,38464,10
13.0575399399,80.1943817139,38464,38484,20
13.0575399399,80.1943817139,38484,38495,11
13.0572900772,80.1942520142,38495,38505,10
13.0567998886,80.1940002441,38505,38515,10
13.056139946,80.1937026978,38515,38525,10
13.0555496216,80.1933898926,38525,38535,10
13.0549297333,80.1931228638,38535,38545,10
13.0542602539,80.1928024292,38545,38555,10
13.0536699295,80.1925506592,38555,38565,10
13.05327034,80.1923370361,38565,38575,10
13.0532598495,80.1923370361,38575,38585,10
13.0530996323,80.1922531128,38585,38596,11
13.0525798798,80.1921691895,38596,38606,10
13.0518398285,80.1921081543,38606,38616,10
13.0513000488,80.1920700073,38616,38626,10
13.0506401062,80.1921005249,38626,38636,10
13.0502796173,80.1921234131,38636,38646,10
13.0498104095,80.1921234131,38646,38656,10
13.0495004654,80.1921081543,38656,38666,10
13.0492095947,80.1921310425,38666,38676,10
13.0490102768,80.1922225952,38676,38686,10
13.0490198135,80.1923980713,38686,38697,11
13.0489997864,80.1924362183,38697,38707,10
13.049030304,80.192741394,38707,38717,10
13.0490398407,80.1932525635,38717,38727,10
13.0489797592,80.1939315796,38727,38737,10
13.0488595963,80.1946029663,38737,38747,10
13.0487203598,80.1953811646,38747,38757,10
13.0485801697,80.1957168579,38757,38767,10
13.0481595993,80.1957931519,38767,38777,10
13.0476999283,80.1958465576,38777,38787,10
13.0475101471,80.1959609985,38787,38798,11
13.0474596024,80.1962814331,38798,38807,9
13.0474500656,80.1967926025,38807,38818,11
13.0474500656,80.1976394653,38818,38828,10
13.0474500656,80.1981582642,38828,38838,10
13.0474500656,80.1981811523,38838,38848,10
13.0474500656,80.1983337402,38848,38858,10
13.0474500656,80.1989517212,38858,38878,20
13.0474500656,80.1989517212,38878,38888,10
13.0474596024,80.1992111206,38888,38899,11
13.0474596024,80.1993637085,38899,38909,10
13.0474300385,80.1998291016,38909,38919,10
13.0473899841,80.2006225586,38919,38929,10
13.0474100113,80.2015762329,38929,38939,10
13.0476398468,80.2026367188,38939,38949,10
13.047829628,80.2034683228,38949,38959,10
13.0479097366,80.2038269043,38959,38969,10
13.0480604172,80.2043075562,38969,38979,10
13.0482501984,80.2049865723,38979,38989,10
13.048500061,80.2057113647,38989,39000,11
13.0487003326,80.2064666748,39000,39010,10
13.0488996506,80.2068328857,39010,39020,10
13.0491199493,80.2071533203,39020,39040,20
13.0491199493,80.2071533203,39040,39050,10
13.0490999222,80.20728302,39050,39060,10
13.0489902496,80.2074127197,39060,39076,16
13.0491504669,80.2077789307,39076,39088,12
13.0493803024,80.2084274292,39088,39098,10
13.0495100021,80.2092514038,39098,39109,11
13.0496397018,80.2100219727,39109,39119,10
13.0496797562,80.2104721069,39119,39129,10
13.049779892,80.211151123,39129,39139,10
13.0499095917,80.2118682861,39139,39200,61
13.0499095917,80.2118682861,39200,39210,10
13.0499401093,80.2121582031,39210,39220,10
13.0500297546,80.2129211426,39220,39260,40
13.0500297546,80.2129211426,39260,39270,10
13.0500802994,80.2132568359,39270,39280,10
13.0502195358,80.2138137817,39280,39290,10
13.050450325,80.2143783569,39290,39301,11
13.0506401062,80.2147674561,39301,39311,10
13.0506401062,80.2147827148,39311,39321,10
13.0507001877,80.215057373,39321,39331,10
13.0508699417,80.2155685425,39331,39341,10
13.0510997772,80.2163162231,39341,39351,10
13.051440239,80.2171783447,39351,39371,20
13.051440239,80.2171783447,39371,39381,10
13.0514802933,80.2174606323,39381,39391,10
13.0516395569,80.2178878784,39391,39402,11
13.0519399643,80.2186126709,39402,39412,10
13.0520801544,80.2192306519,39412,39422,10
13.0522499084,80.2198486328,39422,39458,36
13.0522499084,80.2198486328,39458,39470,12
13.0523500443,80.2202224731,39470,39478,8
13.0524597168,80.2206115723,39478,39490,12
13.0526895523,80.2214279175,39490,39500,10
13.0527296066,80.2215499878,39500,39511,11
13.0527601242,80.2217025757,39511,39521,10
13.0528802872,80.2221374512,39521,39531,10
13.0530900955,80.2228393555,39531,39541,10
13.0532903671,80.2236328125,39541,39551,10
13.0534601212,80.2245101929,39551,39561,10
13.0536804199,80.2254867554,39561,39571,10
13.0538597107,80.2264785767,39571,39581,10
13.0539598465,80.2273025513,39581,39602,21
13.0539598465,80.2273025513,39602,39612,10
13.0539503098,80.2275619507,39612,39622,10
13.054019928,80.2281036377,39622,39632,10
13.0541095734,80.2288284302,39632,39642,10
13.0541601181,80.2296218872,39642,39652,10
13.0541601181,80.2303924561,39652,39662,10
13.0540504456,80.2306213379,39662,39672,10
13.0536403656,80.2305984497,39672,39682,10
13.0530500412,80.2305297852,39682,39692,10
13.052280426,80.230430603,39692,39703,11
13.0519199371,80.2303695679,39703,39713,10
13.0518798828,80.2303466797,39713,39723,10
13.0517101288,80.2303009033,39723,39733,10
13.0512399673,80.2302474976,39733,39743,10
13.0505199432,80.2301483154,39743,39753,10
13.0498504639,80.2300567627,39753,39763,10
13.0490703583,80.2300796509,39763,39773,10
13.0482797623,80.2300567627,39773,39783,10
13.0477800369,80.2303924561,39783,39793,10
13.0476198196,80.2311096191,39793,39804,11
13.0474996567,80.2320404053,39804,39814,10
13.047419548,80.2327804565,39814,39824,10
13.0475301743,80.2330474854,39824,39834,10
13.047659874,80.2330703735,39834,39844,10
13.0480699539,80.2331466675,39844,39854,10
13.0483903885,80.2332077026,39854,39870,16
13.0492296219,80.2333984375,39870,39882,12
13.0501804352,80.2336578369,39882,39891,9
13.0507001877,80.2337493896,39891,39903,12
13.0507001877,80.233757019,39903,39912,9
13.0510196686,80.233833313,39912,39924,12
13.0517501831,80.2339630127,39924,39934,10
13.0525798798,80.2341766357,39934,39944,10
13.0536603928,80.2344512939,39944,39964,20
13.0536603928,80.2344512939,39964,39974,10
13.0537595749,80.2345962524,39974,39984,10
13.0536804199,80.2350921631,39984,39994,10
13.0536603928,80.2351913452,39994,40005,11
13.0536603928,80.2352600098,40005,40015,10
13.0535802841,80.2355499268,40015,40025,10
13.0534801483,80.2361373901,40025,40035,10
13.0533504486,80.2368011475,40035,40045,10
13.0531997681,80.2376098633,40045,40065,20
13.0528898239,80.2392807007,40065,40077,12
13.0525598526,80.2405090332,40077,40127,50
13.0525598526,80.2405090332,40127,40138,11
13.052479744,80.2408218384,40138,40158,20
13.052479744,80.2408218384,40158,40168,10
13.0522899628,80.2409820557,40168,40178,10
13.0517997742,80.2407836914,40178,40188,10
13.05148983,80.2406768799,40188,40198,10
13.0511903763,80.2406082153,40198,40209,11
13.0505895615,80.2405014038,40209,40219,10
13.0500097275,80.2403869629,40219,40229,10
13.0498504639,80.2403411865,40229,40239,10
13.0495796204,80.2402572632,40239,40249,10
13.0490598679,80.2401428223,40249,40259,10
13.0483398438,80.2400131226,40259,40269,10
13.047829628,80.2399215698,40269,40279,10
13.0471897125,80.2397689819,40279,40288,9
13.0465297699,80.2396621704,40288,40298,10
13.046210289,80.2394485474,40298,40310,12
13.0462999344,80.2390518188,40310,40320,10
13.0464801788,80.23828125,40320,40330,10
13.0466804504,80.2373199463,40330,40339,9
13.0468797684,80.2364501953,40339,40350,11
13.0469398499,80.2360916138,40350,40360,10
13.0469903946,80.2357025146,40360,40370,10
13.0470600128,80.2352905273,40370,40380,10
13.0471401215,80.2347183228,40380,40390,10
13.0472602844,80.2337265015,40390,40400,10
13.0472898483,80.2334213257,40400,40411,11
13.0473299026,80.2333297729,40411,40421,10
13.0471801758,80.2330322266,40421,40430,9
13.0467796326,80.2329711914,40430,40441,11
13.0461597443,80.2329025269,40441,40451,10
13.0453796387,80.232749939,40451,40461,10
13.0451202393,80.2326965332,40461,40471,10
13.0450000763,80.2326583862,40471,40481,10
13.0445995331,80.2325973511,40481,40491,10
13.0438995361,80.232460022,40491,40501,10
13.0431203842,80.2323608398,40501,40512,11
13.0422897339,80.2323379517,40512,40522,10
13.0414199829,80.2322006226,40522,40532,10
13.0404195786,80.2318572998,40532,40542,10
13.0393600464,80.2315826416,40542,40552,10
13.0383396149,80.2313232422,40552,40562,10
13.0373601913,80.2309799194,40562,40572,10
13.0368299484,80.2308807373,40572,40582,10
13.0367603302,80.2308273315,40582,40592,10
13.0365200043,80.2306594849,40592,40602,10
13.0359697342,80.2304916382,40602,40613,11
13.0353803635,80.2303466797,40613,40633,20
13.0353803635,80.2303466797,40633,40643,10
13.0352497101,80.2302398682,40643,40653,10
13.0349798203,80.2300567627,40653,40663,10
13.035030365,80.2299118042,40663,40673,10
13.0350198746,80.229888916,40673,40683,10
13.0347700119,80.2298278809,40683,40693,10
13.0345201492,80.2297973633,40693,40875,182
13.0345201492,80.2297973633,40875,40885,10
13.0341300964,80.2299804688,40885,40895,10
13.0339298248,80.2298965454,40895,40905,10
13.0333900452,80.2299804688,40905,40966,61
13.0333900452,80.2299804688,40966,40976,10
13.033539772,80.2297592163,40976,41209,233
13.033539772,80.2297592163,41209,41219,10
13.033659935,80.2296066284,41219,41229,10
13.0339298248,80.2297134399,41229,41876,647
13.0339298248,80.2298431396,41876,41917,41
13.0340204239,80.2298736572,41917,42422,505
13.0340204239,80.2298736572,42422,42432,10
13.0342502594,80.2300491333,42432,42604,172
13.0342502594,80.2300491333,42604,42614,10
13.0341796875,80.2303466797,42614,42624,10
13.0343799591,80.2304077148,42624,42634,10
13.0347204208,80.2303237915,42634,42644,10
13.035369873,80.2303237915,42644,42654,10
13.0363397598,80.2305908203,42654,42694,40
13.0363397598,80.2305908203,42694,42705,11
13.0366601944,80.230682373,42705,42715,10
13.0369195938,80.2307434082,42715,42725,10
13.0375003815,80.2309417725,42725,42735,10
13.0382404327,80.2312011719,42735,42745,10
13.0390300751,80.2313995361,42745,42755,10
13.0398101807,80.2316436768,42755,42765,10
13.040719986,80.2319030762,42765,42775,10
13.0418100357,80.2321777344,42775,42785,10
13.0430202484,80.2323226929,42785,42795,10
13.043970108,80.2324066162,42795,42806,11
13.0448598862,80.2325515747,42806,42816,10
13.044960022,80.2325515747,42816,42826,10
13.0451402664,80.2325363159,42826,42836,10
13.0457496643,80.2326278687,42836,42846,10
13.046620369,80.232749939,42846,42856,10
13.0471401215,80.2329330444,42856,42896,40
13.0471401215,80.2329330444,42896,42907,11
13.047419548,80.2329101563,42907,42917,10
13.0474500656,80.2325820923,42917,42927,10
13.0475101471,80.2320327759,42927,42937,10
13.0475702286,80.2314529419,42937,42947,10
13.0476303101,80.2308731079,42947,42957,10
13.0475597382,80.2303085327,42957,42967,10
13.0470895767,80.229888916,42967,42977,10
13.0461301804,80.2297515869,42977,42987,10
13.0451402664,80.2295608521,42987,42997,10
13.0446195602,80.2295227051,42997,43008,11
13.0442304611,80.2294311523,43008,43018,10
13.0438604355,80.2292785645,43018,43028,10
13.0439395905,80.2289505005,43028,43038,10
13.0441398621,80.2283172607,43038,43048,10
13.0444002151,80.2273406982,43048,43058,10
13.0446100235,80.2264404297,43058,43067,9
13.0447397232,80.2259216309,43067,43077,10
13.044839859,80.2257919312,43077,43088,11
13.0451602936,80.2257614136,43088,43098,10
13.0456695557,80.2258682251,43098,43109,11
13.0459003448,80.2259063721,43109,43119,10
13.0460796356,80.2259902954,43119,43129,10
13.0465202332,80.2261276245,43129,43139,10
13.0467796326,80.2262420654,43139,43149,10
13.0474796295,80.2264404297,43149,43159,10
13.0483503342,80.2267074585,43159,43169,10
13.0492401123,80.2268600464,43169,43179,10
13.0499696732,80.2269668579,43179,43189,10
13.0508699417,80.227180481,43189,43199,10
13.0514297485,80.2273025513,43199,43210,11
13.0521802902,80.2274627686,43210,43220,10
13.0528202057,80.2275924683,43220,43230,10
13.0535802841,80.2276992798,43230,43240,10
13.0539398193,80.2277069092,43240,43250,10
13.0538797379,80.2273025513,43250,43270,20
13.0538797379,80.2273025513,43270,43280,10
13.0538396835,80.2272567749,43280,43290,10
13.0537595749,80.226890564,43290,43300,10
13.0536699295,80.2261428833,43300,43311,11
13.0535402298,80.2252120972,43311,43321,10
13.0534296036,80.2247009277,43321,43331,10
13.0533599854,80.2242965698,43331,43341,10
13.0532798767,80.2238388062,43341,43351,10
13.0531797409,80.2231674194,43351,43361,10
13.0530004501,80.2225036621,43361,43371,10
13.0527801514,80.2218093872,43371,43381,10
13.0525102615,80.2209320068,43381,43391,10
13.052280426,80.2201309204,43391,43401,10
13.0522298813,80.219833374,43401,43412,11
13.0522098541,80.2197799683,43412,43422,10
13.0521202087,80.2194213867,43422,43438,16
13.0517902374,80.2183990479,43438,43450,12
13.0514802933,80.2173690796,43450,43458,8
13.0512599945,80.2167510986,43458,43470,12
13.0510196686,80.2158737183,43470,43480,10
13.0508003235,80.2151107788,43480,43490,10
13.0504903793,80.2147521973,43490,43500,10
13.0500497818,80.2147216797,43500,43510,10
13.049949646,80.2147064209,43510,43521,11
13.0498600006,80.2146682739,43521,43531,10
13.0495500565,80.2146530151,43531,43541,10
13.0489902496,80.2146224976,43541,43551,10
13.0483398438,80.2145767212,43551,43561,10
13.0479202271,80.2145385742,43561,43570,9
13.047419548,80.2144699097,43570,43581,11
13.0465698242,80.2145614624,43581,43591,10
13.0455102921,80.2147216797,43591,43601,10
13.0446796417,80.2147827148,43601,43612,11
13.0445404053,80.2144699097,43612,43622,10
13.0444803238,80.2138595581,43622,43632,10
13.0444202423,80.2128219604,43632,43702,70
13.0444202423,80.2128219604,43702,43713,11
13.0443696976,80.2124786377,43713,43723,10
13.0445699692,80.2122802734,43723,43733,10
13.0451097488,80.2122802734,43733,43743,10
13.045920372,80.2122421265,43743,43753,10
13.0468702316,80.2122192383,43753,43763,10
13.0478897095,80.2121200562,43763,43773,10
13.0483598709,80.2120819092,43773,43783,10
13.0484304428,80.2120819092,43783,43793,10
13.0486698151,80.2120513916,43793,43803,10
13.0491504669,80.2119979858,43803,43814,11
13.0493001938,80.2119903564,43814,43824,10
13.0494804382,80.2119903564,43824,43834,10
13.0498895645,80.2119369507,43834,43844,10
13.0499696732,80.2119598389,43844,43854,10
13.050239563,80.2119827271,43854,43864,10
13.050740242,80.2120437622,43864,43874,10
13.0517597198,80.2120132446,43874,43884,10
13.0526800156,80.2118301392,43884,43894,10
13.0536603928,80.2116088867,43894,43904,10
13.0541095734,80.2115097046,43904,43914,10
13.0543003082,80.2114715576,43914,43925,11
13.0548095703,80.21144104,43925,43934,9
13.055560112,80.2114562988,43934,43945,11
13.0566701889,80.21144104,43945,43955,10
13.0573701859,80.2114334106,43955,43965,10
13.0576200485,80.21144104,43965,43975,10
13.0577602386,80.2114334106,43975,43985,10
13.0582704544,80.21144104,43985,43995,10
13.0590000153,80.211479187,43995,44005,10
13.0598201752,80.2115402222,44005,44016,11
13.0610704422,80.2115783691,44016,44026,10
13.062040329,80.2115936279,44026,44035,9
13.062789917,80.2115631104,44035,44046,11
13.0631198883,80.211517334,44046,44056,10
13.0631504059,80.2115097046,44056,44066,10
13.063249588,80.2115020752,44066,44076,10
13.0635995865,80.2115020752,44076,44086,10
13.0642499924,80.2114028931,44086,44096,10
13.0650100708,80.2110290527,44096,44106,10
13.0659198761,80.2103500366,44106,44117,11
13.0668802261,80.2094421387,44117,44127,10
13.0674200058,80.2085800171,44127,44137,10
13.0678796768,80.2078170776,44137,44147,10
13.0684995651,80.2069396973,44147,44156,9
13.0690402985,80.2061004639,44156,44167,11
13.0694503784,80.2054595947,44167,44177,10
13.0696802139,80.205039978,44177,44187,10
13.0694799423,80.2048187256,44187,44197,10
13.0692501068,80.205039978,44197,44207,10
13.0689401627,80.2053833008,44207,44218,11
13.0687599182,80.2052993774,44218,44228,10
13.0687303543,80.2052001953,44228,44258,30
13.0687103271,80.2049484253,44258,44278,20
13.0687103271,80.2049484253,44278,44288,10
13.0687999725,80.204788208,44288,44298,10
13.0692300797,80.2047576904,44298,44308,10
13.0695896149,80.2048110962,44308,44319,11
13.0698404312,80.2048034668,44319,44329,10
13.0700302124,80.2045974731,44329,44339,10
13.0703601837,80.2041625977,44339,44349,10
13.0708703995,80.2035522461,44349,44359,10
13.0713996887,80.2029266357,44359,44369,10
13.0719003677,80.2023696899,44369,44379,10
13.0721502304,80.2021026611,44379,44389,10
13.0723896027,80.2018432617,44389,44399,10
13.0727396011,80.2014312744,44399,44409,10
13.0730495453,80.2010574341,44409,44420,11
13.0734901428,80.200592041,44420,44430,10
13.0738601685,80.2001724243,44430,44440,10
13.0740804672,80.1998977661,44440,44450,10
13.0743103027,80.1996536255,44450,44460,10
13.0745697021,80.1993484497,44460,44469,9
13.0750598907,80.1991119385,44469,44480,11
13.0756196976,80.1987380981,44480,44490,10
13.0755796432,80.1979293823,44490,44500,10
13.0753602982,80.1969985962,44500,44510,10
13.0752000809,80.1961288452,44510,44521,11
13.0750303268,80.1956329346,44521,44531,10
13.0749998093,80.1955795288,44531,44541,10
13.0749702454,80.1954421997,44541,44551,10
13.074760437,80.1950836182,44551,44561,10
13.0744104385,80.1945877075,44561,44571,10
13.0740804672,80.1938476563,44571,44581,10
13.0740804672,80.1929473877,44581,44591,10
13.0741100311,80.1919326782,44591,44601,10
13.0740203857,80.1911010742,44601,44611,10
13.0733995438,80.1902618408,44611,44622,11
13.0727701187,80.1893463135,44622,44632,10
13.0723304749,80.1884002686,44632,44642,10
13.0719099045,80.187538147,44642,44652,10
13.0714902878,80.1865081787,44652,44672,20
13.0714902878,80.1865081787,44672,44682,10
13.0713796616,80.1862335205,44682,44692,10
13.071269989,80.1856613159,44692,44702,10
13.0710697174,80.1848297119,44702,44712,10
13.0708198547,80.1837997437,44712,44722,10
13.0704202652,80.1827926636,44722,44733,11
13.0699996948,80.1820220947,44733,44743,10
13.0696601868,80.1814727783,44743,44753,10
13.0692195892,80.1809082031,44753,44763,10
13.0687599182,80.1802825928,44763,44773,10
13.0682897568,80.1795272827,44773,44783,10
13.0678396225,80.1788635254,44783,44793,10
13.0675802231,80.178352356,44793,44803,10
13.0673999786,80.1776580811,44803,44813,10
13.0673904419,80.176940918,44813,44824,11
13.067199707,80.1759567261,44824,44834,10
13.066860199,80.1753311157,44834,44844,10
13.0664596558,80.1747589111,44844,44864,20
13.0664596558,80.1747589111,44864,44874,10
13.0663404465,80.1745071411,44874,44884,10
13.0661697388,80.1742630005,44884,44894,10
13.0658397675,80.1737823486,44894,44904,10
13.065320015,80.1730575562,44904,44913,9
13.0647697449,80.1722793579,44913,44925,12
13.0642004013,80.1713409424,44925,44935,10
13.0640296936,80.1704788208,44935,44945,10
13.0640602112,80.1696166992,44945,44955,10
13.0640096664,80.1686706543,44955,44965,10
13.0637397766,80.1680221558,44965,44974,9
13.06346035,80.1676483154,44974,44985,11
13.0630502701,80.1671676636,44985,44995,10
13.0629997253,80.1670913696,44995,45005,10
13.0627403259,80.1668014526,45005,45015,10
13.0623197556,80.1662902832,45015,45026,11
13.0616598129,80.1656265259,45026,45036,10
13.0612697601,80.1647415161,45036,45046,10
13.0611495972,80.1641235352,45046,45066,20
13.0611495972,80.1641235352,45066,45076,10
13.0611400604,80.1639022827,45076,45086,10
13.0611600876,80.1634368896,45086,45096,10
13.0612001419,80.1628417969,45096,45106,10
13.0612201691,80.1620178223,45106,45117,11
13.0612401962,80.1608963013,45117,45127,10
13.061340332,80.1596984863,45127,45137,10
13.0615100861,80.158416748,45137,45147,10
13.061340332,80.1572189331,45147,45157,10
13.0607299805,80.1560668945,45157,45167,10
13.0604295731,80.1549987793,45167,45177,10
13.0604295731,80.1547088623,45177,45187,10
13.0604400635,80.1546630859,45187,45197,10
13.0605096817,80.154258728,45197,45207,10
13.0605897903,80.1534576416,45207,45218,11
13.0608701706,80.1523971558,45218,45228,10
13.0612297058,80.1516799927,45228,45238,10
13.0616102219,80.151008606,45238,45248,10
13.0619297028,80.1502227783,45248,45258,10
13.0619602203,80.1494369507,45258,45268,10
13.061920166,80.1492233276,45268,45278,10
13.0619297028,80.1490402222,45278,45288,10
13.061920166,80.1485595703,45288,45298,10
13.061920166,80.1477813721,45298,45308,10
13.0618495941,80.1467895508,45308,45319,11
13.0617103577,80.1456069946,45319,45329,10
13.0616102219,80.1445617676,45329,45339,10
13.0614795685,80.1433334351,45339,45349,10
13.0613803864,80.1419906616,45349,45359,10
13.0612802505,80.1406478882,45359,45369,10
13.0611696243,80.1394195557,45369,45379,10
13.0610799789,80.1386413574,45379,45399,20
13.0610799789,80.1386413574,45399,45409,10
13.0612001419,80.1384429932,45409,45420,11
13.0614099503,80.1383514404,45420,45430,10
13.0617599487,80.1383132935,45430,45440,10
13.0624504089,80.1383972168,45440,45450,10
13.0628900528,80.138343811,45450,45460,10
13.0630702972,80.138168335,45460,45470,10
13.0634803772,80.1382217407,45470,45480,10
13.0640096664,80.1382980347,45480,45490,10
13.0642004013,80.1380081177,45490,45500,10
13.0643997192,80.1375427246,45500,45510,10
13.0649204254,80.137588501,45510,45521,11
13.0657196045,80.1376037598,45521,45531,10
13.0658197403,80.1370010376,45531,45541,10
13.0659799576,80.1364364624,45541,45551,10
13.0663995743,80.1365203857,45551,45561,10
13.0665903091,80.1360626221,45561,45571,10
13.0666999817,80.1352920532,45571,45581,10
13.0667600632,80.134437561,45581,45591,10
13.0669002533,80.1336212158,45591,45601,10
13.0670995712,80.132598877,45601,45611,10
13.067440033,80.1316223145,45611,45622,11
13.0675802231,80.1306228638,45622,45632,10
13.0675802231,80.1303787231,45632,45642,10
13.0675401688,80.1299514771,45642,45652,10
13.0676298141,80.1292495728,45652,45662,10
13.0678300858,80.1283187866,45662,45672,10
13.0680303574,80.1273117065,45672,45682,10
13.0681600571,80.1266937256,45682,45693,11
13.0681695938,80.126663208,45693,45703,10
13.0682201385,80.1263198853,45703,45713,10
13.0682601929,80.126159668,45713,45724,11
13.0683403015,80.1257171631,45724,45734,10
13.0684995651,80.1250534058,45734,45744,10
13.0686702728,80.1243362427,45744,45754,10
13.0689001083,80.1241531372,45754,45784,30
13.0689001083,80.1241531372,45784,45794,10
13.0693397522,80.1240768433,45794,45804,10
13.0697698593,80.1241607666,45804,45855,51
13.0697698593,80.1241607666,45855,45865,10
13.0698099136,80.1239776611,45865,45915,50
13.0698099136,80.1239776611,45915,45926,11
13.0696697235,80.1240386963,45926,46259,333
13.0696697235,80.1240386963,46259,46269,10
13.0697898865,80.123916626,46269,46330,61
13.0697898865,80.123916626,46330,46340,10
13.0696001053,80.1240234375,46340,46350,10
13.0692996979,80.1240005493,46350,46360,10
13.0690402985,80.1240692139,46360,46370,10
13.0689897537,80.124130249,46370,46380,10
13.0687904358,80.1242828369,46380,46390,10
13.0686798096,80.1246337891,46390,46400,10
13.0685596466,80.1250762939,46400,46410,10
13.0684204102,80.1256866455,46410,46420,10
13.0683002472,80.126159668,46420,46431,11
13.0682401657,80.1263885498,46431,46441,10
13.0681400299,80.1268081665,46441,46451,10
13.0680198669,80.1274871826,46451,46461,10
13.0678796768,80.1281433105,46461,46471,10
13.0677099228,80.1289215088,46471,46481,10
13.0676202774,80.1294631958,46481,46491,10
13.0676002502,80.1295928955,46491,46501,10
13.0675897598,80.1299362183,46501,46511,10
13.0676202774,80.1305236816,46511,46521,10
13.0675697327,80.1310577393,46521,46532,11
13.0673599243,80.1319122314,46532,46542,10
13.0670404434,80.1327972412,46542,46552,10
13.0668497086,80.1338195801,46552,46562,10
13.0667200089,80.1349182129,46562,46572,10
13.0666599274,80.1357803345,46572,46582,10
13.0665597916,80.1364135742,46582,46592,10
13.0665102005,80.1364974976,46592,46602,10
13.0663995743,80.1365280151,46602,46612,10
13.066160202,80.1364974976,46612,46622,10
13.0658998489,80.1365280151,46622,46633,11
13.065870285,80.1369934082,46633,46643,10
13.065779686,80.1375579834,46643,46653,10
13.0651302338,80.137588501,46653,46663,10
13.0644197464,80.1375198364,46663,46673,10
13.0642204285,80.1380386353,46673,46683,10
13.0638999939,80.1382827759,46683,46693,10
13.0632896423,80.138130188,46693,46703,10
13.062959671,80.1382980347,46703,46713,10
13.0626096725,80.1383972168,46713,46723,10
13.0619297028,80.1382827759,46723,46734,11
13.0614099503,80.1383590698,46734,46744,10
13.0613899231,80.138381958,46744,46754,10
13.061340332,80.1387023926,46754,46774,20
13.061340332,80.1387023926,46774,46784,10
13.0613298416,80.1388168335,46784,46794,10
13.061340332,80.139213562,46794,46804,10
13.0613603592,80.1398391724,46804,46814,10
13.0613899231,80.1407165527,46814,46824,10
13.0614595413,80.1417388916,46824,46835,11
13.0615501404,80.1430435181,46835,46845,10
13.0616598129,80.144203186,46845,46855,10
13.0617303848,80.1448974609,46855,46865,10
13.0617599487,80.1450805664,46865,46875,10
13.0618000031,80.1455078125,46875,46885,10
13.0618801117,80.146232605,46885,46895,10
13.0619802475,80.1471405029,46895,46905,10
13.0620203018,80.1482315063,46905,46915,10
13.0620498657,80.1493606567,46915,46925,10
13.0620298386,80.1503219604,46925,46936,11
13.0618600845,80.1508789063,46936,46946,10
13.0617704391,80.1510467529,46946,46956,10
13.0615501404,80.1514587402,46956,46966,10
13.0613002777,80.1519088745,46966,46976,10
13.0610198975,80.152557373,46976,46986,10
13.060839653,80.1532592773,46986,46996,10
13.0607004166,80.1540222168,46996,47006,10
13.0606002808,80.154838562,47006,47016,10
13.0606203079,80.1551895142,47016,47027,11
13.0606298447,80.1553192139,47027,47037,10
13.0607204437,80.1557388306,47037,47047,10
13.0609798431,80.1563491821,47047,47057,10
13.0614099503,80.1571121216,47057,47067,10
13.0616397858,80.1580429077,47067,47077,10
13.06153965,80.1590499878,47077,47087,10
13.0614004135,80.1600036621,47087,47097,10
13.0613203049,80.1610412598,47097,47107,10
13.0613002777,80.1619873047,47107,47117,10
13.0612897873,80.1628036499,47117,47128,11
13.0612897873,80.1636581421,47128,47138,10
13.0613203049,80.1643676758,47138,47148,10
13.0613803864,80.1646499634,47148,47158,10
13.0614004135,80.164680481,47158,47168,10
13.0614900589,80.1650390625,47168,47178,10
13.0618495941,80.1656036377,47178,47188,10
13.0624799728,80.1662063599,47188,47198,10
13.0631504059,80.1669387817,47198,47208,10
13.0636901855,80.167640686,47208,47218,10
13.0637998581,80.1678009033,47218,47229,11
13.0639400482,80.1680603027,47229,47239,10
13.0641298294,80.1686477661,47239,47249,10
13.0641899109,80.1695632935,47249,47259,10
13.0641803741,80.1705474854,47259,47269,10
13.0644598007,80.1715316772,47269,47279,10
13.0651197433,80.172492981,47279,47289,10
13.0657701492,80.1734313965,47289,47299,10
13.0663604736,80.1743469238,47299,47309,10
13.066860199,80.1750488281,47309,47318,9
13.0670700073,80.1753234863,47318,47328,10
13.0671100616,80.1753768921,47328,47340,12
13.0673503876,80.175819397,47340,47350,10
13.0675296783,80.1765213013,47350,47360,10
13.0675201416,80.1774215698,47360,47370,10
13.0676698685,80.1782684326,47370,47378,8
13.0680303574,80.1788711548,47378,47389,11
13.0684995651,80.1796035767,47389,47400,11
13.0690803528,80.1804504395,47400,47410,10
13.0695800781,80.1810836792,47410,47420,10
13.0696496964,80.1811599731,47420,47431,11
13.069729805,80.1812973022,47431,47441,10
13.0699996948,80.1817092896,47441,47451,10
13.0703601837,80.1823272705,47451,47461,10
13.0706996918,80.1830978394,47461,47471,10
13.0710000992,80.1840362549,47471,47481,10
13.071269989,80.1850967407,47481,47491,10
13.0714197159,80.1856689453,47491,47501,10
13.0714502335,80.1856994629,47501,47511,10
13.0715103149,80.1859817505,47511,47521,10
13.071559906,80.186126709,47521,47531,10
13.0715904236,80.1862335205,47531,47542,11
13.0717401505,80.1866912842,47542,47552,10
13.0720300674,80.1873703003,47552,47562,10
13.072429657,80.1882171631,47562,47572,10
13.0728797913,80.1891784668,47572,47582,10
13.0734796524,80.1901016235,47582,47592,10
13.0741996765,80.1910018921,47592,47602,10
13.0742797852,80.1918334961,47602,47612,10
13.0741596222,80.1931304932,47612,47622,10
13.0743198395,80.1942062378,47622,47632,10
13.0749797821,80.1948776245,47632,47643,11
13.0752496719,80.1957168579,47643,47653,10
13.0753297806,80.1959228516,47653,47663,10
13.0753898621,80.1960525513,47663,47673,10
13.0754404068,80.1964187622,47673,47683,10
13.0756196976,80.197052002,47683,47693,10
13.0758104324,80.1978225708,47693,47703,10
13.0760097504,80.198600769,47703,47713,10
13.0762195587,80.19947052,47713,47723,10
13.0766296387,80.200088501,47723,47733,10
13.0767803192,80.1994400024,47733,47744,11
13.0759801865,80.1992034912,47744,47754,10
13.0751399994,80.1993713379,47754,47764,10
13.074259758,80.1998901367,47764,47774,10
13.0737600327,80.2004165649,47774,47784,10
13.0737199783,80.2004776001,47784,47794,10
13.0735702515,80.2006912231,47794,47804,10
13.0733003616,80.2009735107,47804,47820,16
13.0725097656,80.2019424438,47820,47832,12
13.0717201233,80.2027587891,47832,47843,11
13.0708904266,80.203742981,47843,47853,10
13.0702695847,80.2045211792,47853,47862,9
13.0700101852,80.2049407959,47862,47872,10
13.0697898865,80.2050094604,47872,47883,11
13.069319725,80.2048797607,47883,47893,10
13.0690002441,80.2052764893,47893,47903,10
13.0686197281,80.2054290771,47903,47913,10
13.0679798126,80.2053604126,47913,47954,41
13.0679798126,80.2053604126,47954,47964,10
13.0679397583,80.2051010132,47964,47974,10
13.06828022,80.2049331665,47974,47984,10
13.0686502457,80.2047805786,47984,47994,10
13.0689401627,80.2046966553,47994,48004,10
13.0692796707,80.2047195435,48004,48024,20
13.0692796707,80.2047195435,48024,48034,10
13.0694799423,80.2047424316,48034,48045,11
13.0698003769,80.2049484253,48045,48055,10
13.0696496964,80.2054290771,48055,48065,10
13.0692100525,80.2061309814,48065,48075,10
13.0686702728,80.2070007324,48075,48085,10
13.0680599213,80.2080001831,48085,48095,10
13.0673704147,80.2090835571,48095,48105,10
13.066740036,80.2098693848,48105,48115,10
13.0656995773,80.2107467651,48115,48125,10
13.065290451,80.2110671997,48125,48135,10
13.0648803711,80.2113037109,48135,48146,11
13.0638399124,80.2116470337,48146,48176,30
13.0638399124,80.2116470337,48176,48186,10
13.0635995865,80.2116088867,48186,48196,10
13.0630903244,80.2116622925,48196,48206,10
13.0623998642,80.2117385864,48206,48216,10
13.0614595413,80.2117233276,48216,48226,10
13.0602998734,80.2117080688,48226,48236,10
13.0591096878,80.2116775513,48236,48247,11
13.058139801,80.2116088867,48247,48257,10
13.0578403473,80.2116165161,48257,48267,10
13.0577697754,80.2116394043,48267,48277,10
13.0573997498,80.2116394043,48277,48286,9
13.0567903519,80.2116088867,48286,48297,11
13.0558795929,80.2115936279,48297,48307,10
13.0548696518,80.2115631104,48307,48317,10
13.0544500351,80.2115707397,48317,48327,10
13.0538902283,80.2116928101,48327,48338,11
13.0530996323,80.2118835449,48338,48348,10
13.0523099899,80.212097168,48348,48358,10
13.0515403748,80.2121887207,48358,48368,10
13.0507602692,80.2121124268,48368,48378,10
13.050160408,80.2121505737,48378,48387,9
13.049949646,80.2123565674,48387,48398,11
13.0499897003,80.2129821777,48398,48418,20
13.0499897003,80.2129821777,48418,48428,10
13.050069809,80.2134017944,48428,48439,11
13.0502300262,80.2139663696,48439,48449,10
13.0505504608,80.2146987915,48449,48459,10
13.0507297516,80.21534729,48459,48469,10
13.0508899689,80.2158813477,48469,48479,10
13.0510597229,80.2164230347,48479,48489,10
13.0513696671,80.2171401978,48489,48499,10
13.051609993,80.2178573608,48499,48509,10
13.0518798828,80.2185897827,48509,48519,10
13.0520200729,80.2190628052,48519,48529,10
13.052189827,80.2196731567,48529,48560,31
13.052189827,80.2196731567,48560,48570,10
13.0522403717,80.2198410034,48570,48580,10
13.0523395538,80.2202377319,48580,48590,10
13.0525197983,80.2209320068,48590,48600,10
13.0527801514,80.221862793,48600,48610,10
13.0530195236,80.2227020264,48610,48620,10
13.0532503128,80.2236022949,48620,48641,21
13.0532503128,80.2236022949,48641,48651,10
13.053319931,80.2238998413,48651,48661,10
13.0534200668,80.2243881226,48661,48671,10
13.0535497665,80.2249908447,48671,48681,10
13.0536699295,80.2254867554,48681,48691,10
13.0537204742,80.225982666,48691,48701,10
13.0538196564,80.2266921997,48701,48711,10
13.0539197922,80.227142334,48711,48721,10
13.0539302826,80.2271575928,48721,48731,10
13.0539598465,80.2273483276,48731,48742,11
13.0539798737,80.2277526855,48742,48752,10
13.0539703369,80.2282409668,48752,48762,10
13.0539999008,80.2288589478,48762,48772,10
13.0540895462,80.2296218872,48772,48782,10
13.0540895462,80.2304077148,48782,48792,10
13.053899765,80.2305374146,48792,48802,10
13.0534296036,80.2305679321,48802,48812,10
13.0526800156,80.2305221558,48812,48822,10
13.0522003174,80.2304229736,48822,48831,9
13.052189827,80.2304229736,48831,48843,12
13.0519399643,80.2303771973,48843,48853,10
13.0514001846,80.2302627563,48853,48863,10
13.0507698059,80.230178833,48863,48873,10
13.0501298904,80.2301025391,48873,48883,10
13.0494203568,80.2300720215,48883,48893,10
13.0486898422,80.2300796509,48893,48903,10
13.0481004715,80.2301177979,48903,48913,10
13.0476999283,80.2305908203,48913,48923,10
13.0475997925,80.2312927246,48923,48933,10
13.0474996567,80.2319869995,48933,48944,11
13.0473899841,80.2327194214,48944,48954,10
13.0475196838,80.2329864502,48954,48964,10
13.0478496552,80.2330627441,48964,48974,10
13.0484304428,80.2331771851,48974,48984,10
13.0491104126,80.2333526611,48984,48994,10
13.0496797562,80.233543396,48994,49004,10
13.0501403809,80.2336120605,49004,49014,10
13.0504598618,80.2336730957,49014,49024,10
13.0508203506,80.2337265015,49024,49034,10
13.0513896942,80.2338409424,49034,49045,11
13.0521402359,80.2340164185,49045,49061,16
13.0533704758,80.2343902588,49061,49073,12
13.0536699295,80.2348632813,49073,49083,10
13.0535802841,80.2352600098,49083,49093,10
13.0533895493,80.2359237671,49093,49103,10
13.0533704758,80.2363815308,49103,49113,10
13.0533103943,80.2367019653,49113,49123,10
13.0533103943,80.2368392944,49123,49133,10
13.0532302856,80.2371520996,49133,49144,11
13.0530900955,80.2378005981,49144,49154,10
13.052980423,80.2384185791,49154,49164,10
13.0528001785,80.2392425537,49164,49174,10
13.0526199341,80.2400970459,49174,49183,9
13.0524902344,80.2406005859,49183,49224,41
13.0524902344,80.2406005859,49224,49234,10
13.0524597168,80.2406997681,49234,49245,11
13.0523996353,80.2408599854,49245,49255,10
13.052069664,80.2408294678,49255,49265,10
13.0516996384,80.2407302856,49265,49275,10
13.051320076,80.2406234741,49275,49285,10
13.0505895615,80.2404785156,49285,49295,10
13.0498199463,80.2403411865,49295,49305,10
13.0491895676,80.2401809692,49305,49315,10
13.0484304428,80.2400436401,49315,49325,10
13.0475196838,80.2398605347,49325,49335,10
13.0466995239,80.2396774292,49335,49345,10
13.046210289,80.2395629883,49345,49356,11
13.0461101532,80.239402771,49356,49366,10
13.0462598801,80.2391586304,49366,49376,10
13.0464801788,80.2385482788,49376,49386,10
13.0467100143,80.2376937866,49386,49396,10
13.0468397141,80.2365570068,49396,49406,10
13.0468997955,80.2360610962,49406,49416,10
13.0469703674,80.235710144,49416,49426,10
13.0470199585,80.235496521,49426,49436,10
13.0471801758,80.2348022461,49436,49447,11
13.047249794,80.2338180542,49447,49457,10
13.0473499298,80.2331237793,49457,49467,10
13.0470104218,80.233039856,49467,49477,10
13.0464801788,80.232963562,49477,49487,10
13.0457496643,80.2328033447,49487,49497,10
13.0448598862,80.2326431274,49497,49507,10
13.0438404083,80.2324295044,49507,49517,10
13.0429601669,80.2323226929,49517,49527,10
13.0417404175,80.2322463989,49527,49537,10
13.0406303406,80.2319412231,49537,49548,11
13.0393800735,80.2315826416,49548,49558,10
13.0383701324,80.2313232422,49558,49568,10
13.0374403,80.2310180664,49568,49578,10
13.0368700027,80.230796814,49578,49588,10
13.0365695953,80.2307128906,49588,49598,10
13.0359802246,80.2304992676,49598,49608,10
13.0351896286,80.2303009033,49608,49709,101
13.0351896286,80.2303009033,49709,49719,10
13.0348901749,80.2301177979,49719,49881,162
13.0345802307,80.229927063,49881,50042,161
13.0345201492,80.2298965454,50042,50699,657
13.0346097946,80.2299804688,50699,50780,81
13.0345897675,80.229927063,50780,52790,2010
13.0342197418,80.2298736572,52790,52962,172
13.034239769,80.2302398682,52962,52992,30
13.034239769,80.2302398682,52992,53002,10
13.0344696045,80.2303466797,53002,53012,10
13.0347795486,80.2302474976,53012,53022,10
13.0348796844,80.2300415039,53022,53647,625
13.0348796844,80.2300415039,53647,53657,10
13.0344600677,80.2300491333,53657,54101,444
13.0344600677,80.2300491333,54101,54111,10
13.0341796875,80.2299194336,54111,54121,10
13.0338602066,80.2297973633,54121,54131,10
13.0335597992,80.2298583984,54131,54141,10
13.0334396362,80.2301330566,54141,56888,2747
13.0332803726,80.2303924561,56888,57999,1111
13.0332803726,80.2303924561,57999,58009,10
13.0336303711,80.230178833,58009,58019,10
13.0337400436,80.2299499512,58019,58029,10
13.0340204239,80.2298965454,58029,58312,283
13.0340204239,80.2298965454,58312,58322,10
13.0341596603,80.2303237915,58322,58332,10
13.0339202881,80.2304229736,58332,58343,11
13.033490181,80.2304763794,58343,58353,10
13.0333003998,80.2304992676,58353,58363,10
13.0327796936,80.2306137085,58363,58373,10
13.0321102142,80.2306900024,58373,58383,10
13.0314397812,80.2307510376,58383,58393,10
13.0307502747,80.2308120728,58393,58403,10
13.0301103592,80.2308578491,58403,58413,10
13.0297403336,80.2308883667,58413,58423,10
13.0292396545,80.2309799194,58423,58433,10
13.0285596848,80.2310562134,58433,58444,11
13.0277795792,80.231086731,58444,58454,10
13.0276699066,80.231300354,58454,58464,10
13.0277204514,80.231880188,58464,58474,10
13.0278396606,80.2324905396,58474,58484,10
13.0276403427,80.2328567505,58484,58494,10
13.0268802643,80.2330093384,58494,58545,51
13.0268802643,80.2330093384,58545,58555,10
13.0265703201,80.2330780029,58555,58565,10
13.0263204575,80.2326889038,58565,58575,10
13.0261497498,80.2320175171,58575,58585,10
13.025970459,80.2313766479,58585,58595,10
13.0257301331,80.2306518555,58595,58605,10
13.0252799988,80.2299423218,58605,58615,10
13.0249500275,80.2295379639,58615,58625,10
13.0246400833,80.2291564941,58625,58636,11
13.0242004395,80.2285690308,58636,58646,10
13.0240001678,80.2283782959,58646,58656,10
13.0239601135,80.2283096313,58656,58666,10
13.023730278,80.2280197144,58666,58676,10
13.0233001709,80.2276000977,58676,58686,10
13.0229797363,80.2273025513,58686,58696,10
13.0228204727,80.2271499634,58696,58706,10
13.0223903656,80.2267303467,58706,58716,10
13.0217103958,80.2261505127,58716,58726,10
13.0208797455,80.2255172729,58726,58736,10
13.0200395584,80.224937439,58736,58747,11
13.0189199448,80.2245178223,58747,58757,10
13.0178804398,80.224899292,58757,58767,10
13.0171098709,80.2252197266,58767,58777,10
13.0166797638,80.225402832,58777,58787,10
13.0164403915,80.2254867554,58787,58797,10
13.0160303116,80.2256317139,58797,58807,10
13.0154600143,80.2258605957,58807,58817,10
13.0144395828,80.2263031006,58817,58829,12
13.0144395828,80.2263031006,58829,58876,47
13.0111398697,80.2275238037,58876,58886,10
13.0101099014,80.2279205322,58886,58896,10
13.0091896057,80.2284164429,58896,58906,10
13.0089902878,80.2294311523,58906,58916,10
13.008769989,80.2305374146,58916,58926,10
13.0085601807,80.2317199707,58926,58936,10
13.0083503723,80.2328414917,58936,58947,11
13.0082502365,80.2336807251,58947,58957,10
13.0082502365,80.2337036133,58957,58967,10
13.0081996918,80.2338180542,58967,58978,11
13.0081100464,80.2342834473,58978,58988,10
13.0080003738,80.2349319458,58988,58997,9
13.0079803467,80.2349777222,58997,59008,11
13.007900238,80.2354202271,59008,59017,9
13.0077400208,80.2361907959,59017,59028,11
13.0075302124,80.2372589111,59028,59038,10
13.0073003769,80.238319397,59038,59049,11
13.0070896149,80.2393569946,59049,59059,10
13.0069999695,80.2400436401,59059,59099,40
13.0069999695,80.2400436401,59099,59108,9
13.0070495605,80.2401885986,59108,59118,10
13.0069198608,80.2406005859,59118,59129,11
13.006770134,80.2415084839,59129,59139,10
13.0067501068,80.2426071167,59139,59150,11
13.0067195892,80.2437286377,59150,59160,10
13.0067195892,80.244720459,59160,59170,10
13.0067300797,80.2456436157,59170,59180,10
13.0067501068,80.2464065552,59180,59189,9
13.006770134,80.2470779419,59189,59199,10
13.0067596436,80.2479934692,59199,59210,11
13.0068502426,80.2490386963,59210,59220,10
13.0068998337,80.2495574951,59220,59230,10
13.0069103241,80.2496795654,59230,59242,12
13.0068998337,80.2503662109,59242,59251,9
13.0068798065,80.2510604858,59251,59262,11
13.0067501068,80.2519302368,59262,59272,10
13.0066099167,80.2528610229,59272,59282,10
13.0065898895,80.2537384033,59282,59292,10
13.0066404343,80.2547073364,59292,59302,10
13.0066604614,80.2556762695,59302,59312,10
13.0067195892,80.256942749,59312,59363,51
13.0067195892,80.256942749,59363,59373,10
13.0067501068,80.2570266724,59373,59383,10
13.0067596436,80.2574615479,59383,59393,10
13.0070495605,80.2581100464,59393,59403,10
13.0074701309,80.2585296631,59403,59413,10
13.0077495575,80.2586517334,59413,59423,10
13.0079698563,80.2587814331,59423,59433,10
13.0084495544,80.2590026855,59433,59444,11
13.0092802048,80.2590866089,59444,59454,10
13.0102596283,80.2590789795,59454,59464,10
13.0112895966,80.2590637207,59464,59474,10
13.0123195648,80.2590866089,59474,59484,10
13.0134601593,80.2591400146,59484,59494,10
13.0146198273,80.2591781616,59494,59504,10
13.0156803131,80.2593002319,59504,59514,10
13.0163202286,80.2595977783,59514,59524,10
13.016409874,80.2596588135,59524,59534,10
13.0164699554,80.2597427368,59534,59545,11
13.0168895721,80.2600708008,59545,59555,10
13.017539978,80.2605209351,59555,59565,10
13.0182304382,80.2609710693,59565,59575,10
13.0188398361,80.261390686,59575,59585,10
13.0191698074,80.2616577148,59585,59595,10
13.019610405,80.2620773315,59595,59605,10
13.0201597214,80.2625427246,59605,59615,10
13.0202302933,80.2626113892,59615,59625,10
13.020409584,80.2627410889,59625,59635,10
13.0209503174,80.2629318237,59635,59645,10
13.0216999054,80.2631912231,59645,59655,10
13.022069931,80.263381958,59655,59666,11
13.0224199295,80.2635269165,59666,59676,10
13.0229701996,80.2638320923,59676,59685,9
13.0230102539,80.2638320923,59685,59696,11
13.0230798721,80.2638702393,59696,59706,10
13.0233898163,80.2640228271,59706,59716,10
13.0240402222,80.2643814087,59716,59726,10
13.0247297287,80.2649002075,59726,59736,10
13.0252895355,80.2653198242,59736,59747,11
13.0258998871,80.2656936646,59747,59757,10
13.0261602402,80.2658004761,59757,59767,10
13.0263004303,80.2657394409,59767,59777,10
13.0263395309,80.265296936,59777,59787,10
13.0264196396,80.2646331787,59787,59797,10
13.0264997482,80.2640228271,59797,59807,10
13.026550293,80.2638320923,59807,59817,10
13.026599884,80.2634735107,59817,59827,10
13.0269403458,80.263420105,59827,59837,10
13.0274896622,80.2635498047,59837,59848,11
13.0280504227,80.2637023926,59848,59858,10
13.0281400681,80.2637176514,59858,59868,10
13.0283098221,80.2637710571,59868,59878,10
13.0286302567,80.2638778687,59878,59888,10
13.0290498734,80.2640304565,59888,59898,10
13.0293302536,80.2641601563,59898,59908,10
13.0293598175,80.2645797729,59908,59918,10
13.0293598175,80.2652511597,59918,59928,10
13.0293397903,80.2658004761,59928,59938,10
13.0293197632,80.2659988403,59938,59949,11
13.0292701721,80.2661590576,59949,59959,10
13.0292196274,80.2664108276,59959,59969,10
13.0293903351,80.2665786743,59969,59979,10
13.029800415,80.2666397095,59979,59988,9
13.0304098129,80.266746521,59988,59999,11
13.0311603546,80.2669067383,59999,60009,10
13.0317296982,80.2670516968,60009,60019,10
13.0322399139,80.2672805786,60019,60029,10
13.0326595306,80.2675628662,60029,60040,11
13.0333204269,80.2677688599,60040,60050,10
13.0339803696,80.2679367065,60050,60070,20
13.0339803696,80.2679367065,60070,60080,10
13.0343904495,80.2680282593,60080,60090,10
13.0345802307,80.2680282593,60090,60100,10
13.0345201492,80.2681732178,60100,60110,10
13.0342502594,80.268081665,60110,60120,10
13.0331697464,80.2678527832,60120,60141,21
13.0331697464,80.2678527832,60141,60151,10
13.0330095291,80.2678604126,60151,60161,10
13.0325403214,80.2675704956,60161,60171,10
13.0318899155,80.267250061,60171,60181,10
13.0316896439,80.2671508789,60181,60191,10
13.03125,80.2669677734,60191,60201,10
13.0304498672,80.2667922974,60201,60211,10
13.0297403336,80.2667007446,60211,60221,10
13.0297002792,80.2666931152,60221,60231,10
13.0292701721,80.2666320801,60231,60248,17
13.0282402039,80.2662887573,60248,60260,12
13.0273799896,80.2661514282,60260,60270,10
13.0267496109,80.2660598755,60270,60280,10
13.0262203217,80.2659378052,60280,60290,10
13.0256900787,80.2656402588,60290,60300,10
13.0252304077,80.2653808594,60300,60310,10
13.0252103806,80.2653579712,60310,60320,10
13.0250597,80.2651901245,60320,60330,10
13.0246200562,80.2648391724,60330,60340,10
13.0239295959,80.2643890381,60340,60351,11
13.023150444,80.2639694214,60351,60361,10
13.0225000381,80.263633728,60361,60371,10
13.0220499039,80.2634506226,60371,60381,10
13.0220003128,80.2634277344,60381,60391,10
13.0217599869,80.2632827759,60391,60401,10
13.0212001801,80.263092041,60401,60411,10
13.0204401016,80.2630386353,60411,60421,10
13.019610405,80.2629928589,60421,60431,10
13.018989563,80.2629013062,60431,60451,20
13.0187597275,80.2615737915,60451,60464,13
13.0181598663,80.2610015869,60464,60474,10
13.017539978,80.2605819702,60474,60484,10
13.0168199539,80.2601013184,60484,60493,9
13.0160999298,80.2597198486,60493,60504,11
13.0160398483,80.2597198486,60504,60514,10
13.0158195496,80.2596282959,60514,60524,10
13.0152301788,80.259437561,60524,60534,10
13.0144500732,80.2593612671,60534,60544,10
13.0135002136,80.2593231201,60544,60555,11
13.0123100281,80.2592773438,60555,60565,10
13.0112600327,80.259262085,60565,60575,10
13.0101699829,80.2593002319,60575,60584,9
13.0092897415,80.2592773438,60584,60595,11
13.0086803436,80.2592697144,60595,60605,10
13.0082502365,80.2592697144,60605,60614,9
13.0075502396,80.2594223022,60614,60625,11
13.0071697235,80.2587509155,60625,60635,10
13.0071201324,80.2586288452,60635,60645,10
13.0068702698,80.2582015991,60645,60656,11
13.0065202713,80.2576217651,60656,60777,121
13.0065202713,80.2576217651,60777,60787,10
13.0065603256,80.2575302124,60787,60797,10
13.006480217,80.2570800781,60797,60807,10
13.006480217,80.2563400269,60807,60817,10
13.0064897537,80.2554168701,60817,60827,10
13.0065002441,80.2547302246,60827,60837,10
13.0064601898,80.2532196045,60837,60858,21
13.0064601898,80.2532196045,60858,60868,10
13.0064601898,80.2528915405,60868,60878,10
13.0065002441,80.2524719238,60878,60888,10
13.0066003799,80.2519226074,60888,60898,10
13.0066995621,80.251121521,60898,60908,10
13.0066995621,80.2502975464,60908,60918,10
13.0066995621,80.2497177124,60918,60928,10
13.0066900253,80.2495803833,60928,60938,10
13.0066900253,80.24949646,60938,60949,11
13.0066699982,80.2489776611,60949,60959,10
13.0066299438,80.2484207153,60959,60969,10
13.0066003799,80.2475204468,60969,61050,81
13.0066003799,80.2475204468,61050,61060,10
13.0066099167,80.2473220825,61060,61070,10
13.0065803528,80.2467803955,61070,61080,10
13.0065603256,80.2465362549,61080,61090,10
13.0066003799,80.2463378906,61090,61100,10
13.0066204071,80.2457199097,61100,61110,10
13.0066003799,80.2449035645,61110,61119,9
13.0066003799,80.244140625,61119,61130,11
13.0065898895,80.243309021,61130,61141,11
13.0065498352,80.2423019409,61141,61151,10
13.0065402985,80.2416534424,61151,61161,10
13.0065498352,80.2415008545,61161,61171,10
13.0066003799,80.2409820557,61171,61181,10
13.0066699982,80.2405319214,61181,61191,10
13.0066699982,80.2405166626,61191,61201,10
13.0067396164,80.2402114868,61201,61211,10
13.0068302155,80.2397079468,61211,61221,10
13.0068998337,80.2392730713,61221,61231,10
13.0070695877,80.2385177612,61231,61242,11
13.0072898865,80.2375183105,61242,61252,10
13.0073795319,80.2367706299,61252,61262,10
13.0073900223,80.2367401123,61262,61272,10
13.0074100494,80.2366333008,61272,61282,10
13.007519722,80.2363433838,61282,61292,10
13.0076398849,80.2357635498,61292,61302,10
13.0077896118,80.234992981,61302,61312,10
13.0079402924,80.2342910767,61312,61322,10
13.0081195831,80.2333984375,61322,61332,10
13.0083398819,80.2322692871,61332,61343,11
13.0085802078,80.2309799194,61343,61352,9
13.0087900162,80.2299423218,61352,61361,9
13.0090303421,80.2288589478,61361,61372,11
13.0094499588,80.2275619507,61372,61383,11
13.0100002289,80.2262878418,61383,61393,10
13.0104999542,80.2252426147,61393,61403,10
13.0109596252,80.2242279053,61403,61413,10
13.0113697052,80.2231826782,61413,61423,10
13.011759758,80.2220611572,61423,61433,10
13.012140274,80.2213897705,61433,61444,11
13.0124998093,80.2217407227,61444,61454,10
13.0129699707,80.2222900391,61454,61464,10
13.0135698318,80.2229690552,61464,61474,10
13.0142498016,80.2237625122,61474,61484,10
13.0147800446,80.2243728638,61484,61493,9
13.0153598785,80.2248764038,61493,61514,21
13.0153598785,80.2248764038,61514,61524,10
13.0154399872,80.2248764038,61524,61534,10
13.0157299042,80.225151062,61534,61545,11
13.0164499283,80.2253036499,61545,61555,10
13.0173101425,80.2250213623,61555,61565,10
13.018239975,80.2246627808,61565,61575,10
13.0193996429,80.2244415283,61575,61585,10
13.0202703476,80.224937439,61585,61595,10
13.0211000443,80.2255172729,61595,61605,10
13.0219602585,80.2261199951,61605,61625,20
13.0219602585,80.2261199951,61625,61635,10
13.0221004486,80.2262496948,61635,61646,11
13.0224504471,80.2266082764,61646,61656,10
13.0229501724,80.2270736694,61656,61666,10
13.0235500336,80.2276306152,61666,61676,10
13.0243196487,80.2283630371,61676,61696,20
13.0243196487,80.2283630371,61696,61706,10
13.0244703293,80.2285919189,61706,61716,10
13.024720192,80.2289581299,61716,61726,10
13.0251197815,80.2295074463,61726,61736,10
13.0256004333,80.2301635742,61736,61747,11
13.025970459,80.2308883667,61747,61757,10
13.026049614,80.231262207,61757,61767,10
13.0263795853,80.2312774658,61767,61777,10
13.0270004272,80.2311325073,61777,61787,10
13.0277795792,80.2309570313,61787,61797,10
13.0284004211,80.2308578491,61797,61807,10
13.0284795761,80.2308731079,61807,61817,10
13.0286798477,80.2308578491,61817,61827,10
13.0291204453,80.2308197021,61827,61838,11
13.0296201706,80.2307815552,61838,61848,10
13.0302400589,80.230758667,61848,61858,10
13.0305995941,80.2307281494,61858,61868,10
13.0306997299,80.2306976318,61868,61878,10
13.0311098099,80.230682373,61878,61888,10
13.0317401886,80.2306213379,61888,61898,10
13.0324401855,80.2305603027,61898,61908,10
13.032959938,80.2305221558,61908,61918,10
13.0334396362,80.2304992676,61918,61939,21
13.0334396362,80.2304992676,61939,61949,10
13.0337200165,80.2304992676,61949,61959,10
13.0339603424,80.23046875,61959,61969,10
13.0341501236,80.2304611206,61969,61979,10
13.0343103409,80.230430603,61979,62050,71
13.0346603394,80.2302780151,62050,62070,20
13.0346603394,80.2302780151,62070,62080,10
13.0348300934,80.2302322388,62080,62090,10
13.0350198746,80.2301177979,62090,62100,10
13.034819603,80.2298583984,62100,62181,81
13.0346498489,80.2298202515,62181,62262,81
13.0346498489,80.2298202515,62262,62272,10
13.0342597961,80.2297973633,62272,62373,101
13.0342597961,80.2297973633,62373,62383,10
13.0342197418,80.2302398682,62383,62545,162
13.0342197418,80.2302398682,62545,62555,10
13.0341701508,80.2303771973,62555,62565,10
13.0340204239,80.2304763794,62565,62575,10
13.0335798264,80.2304916382,62575,62585,10
13.0334300995,80.2304763794,62585,62595,10
13.0330495834,80.2304992676,62595,62605,10
13.032500267,80.2305603027,62605,62615,10
13.0318098068,80.2306518555,62615,62625,10
13.0310497284,80.23072052,62625,62635,10
13.0303096771,80.230796814,62635,62646,11
13.029800415,80.2308425903,62646,62656,10
13.0296697617,80.2308425903,62656,62666,10
13.0292396545,80.2308578491,62666,62676,10
13.0285100937,80.2309494019,62676,62686,10
13.0277795792,80.2310409546,62686,62696,10
13.0276603699,80.2312469482,62696,62706,10
13.0277204514,80.2316970825,62706,62722,16
13.0278396606,80.2324905396,62722,62734,12
13.0275402069,80.2328720093,62734,62745,11
13.0269203186,80.2329788208,62745,62755,10
13.0267801285,80.233001709,62755,62764,9
13.0265197754,80.2330093384,62764,62775,11
13.0262804031,80.2325210571,62775,62785,10
13.0261697769,80.2321395874,62785,62795,10
13.0261602402,80.2319564819,62795,62805,10
13.0260400772,80.2314834595,62805,62815,10
13.0258102417,80.2307434082,62815,62825,10
13.0253200531,80.2299118042,62825,62835,10
13.024720192,80.2291717529,62835,62846,11
13.0240497589,80.2283782959,62846,62866,20
13.0240497589,80.2283782959,62866,62876,10
13.0238895416,80.2282028198,62876,62886,10
13.0235795975,80.2278594971,62886,62896,10
13.0234003067,80.2276763916,62896,62906,10
13.023349762,80.2276229858,62906,62916,10
13.0231304169,80.2273635864,62916,62926,10
13.022939682,80.227180481,62926,62937,11
13.0224304199,80.2267303467,62937,62947,10
13.0218296051,80.2262496948,62947,62957,10
13.0213003159,80.2258071899,62957,62967,10
13.0207395554,80.2253799438,62967,62977,10
13.0202198029,80.2250213623,62977,62987,10
13.0199604034,80.224822998,62987,62997,10
13.0195903778,80.224609375,62997,63007,10
13.0186300278,80.2245864868,63007,63017,10
13.0176401138,80.2249526978,63017,63027,10
13.0167198181,80.2253417969,63027,63038,11
13.0155601501,80.2258071899,63038,63048,10
13.0143203735,80.22631073,63048,63068,20
13.0143203735,80.22631073,63068,63078,10
13.0141000748,80.2263565063,63078,63088,10
13.0135097504,80.226600647,63088,63098,10
13.0126895905,80.2269134521,63098,63108,10
13.0117197037,80.2273025513,63108,63118,10
13.0107097626,80.2277069092,63118,63128,10
13.00963974,80.2281112671,63128,63139,11
13.0090398788,80.229057312,63139,63149,10
13.0088195801,80.2302932739,63149,63159,10
13.0085802078,80.2315597534,63159,63169,10
13.0083503723,80.2328262329,63169,63179,10
13.0082597733,80.2336120605,63179,63188,9
13.0082597733,80.2336425781,63188,63199,11
13.0081596375,80.2339172363,63199,63209,10
13.0079402924,80.2350234985,63209,63229,20
13.0079402924,80.2350234985,63229,63240,11
13.007900238,80.2351379395,63240,63250,10
13.0077800751,80.2356872559,63250,63260,10
13.007610321,80.2365722656,63260,63270,10
13.0073699951,80.237739563,63270,63280,10
13.0071401596,80.2390136719,63280,63290,10
13.006939888,80.2402420044,63290,63300,10
13.0068702698,80.2407913208,63300,63310,10
13.0068702698,80.2407989502,63310,63320,10
13.006819725,80.2410583496,63320,63330,10
13.0067796707,80.2417602539,63330,63341,11
13.0067396164,80.2428207397,63341,63351,10
13.0066900253,80.2435073853,63351,63361,10
13.0066900253,80.2443771362,63361,63371,10
13.0067100525,80.2455368042,63371,63381,10
13.0067396164,80.2465591431,63381,63391,10
13.0067396164,80.2479324341,63391,63401,10
13.006819725,80.2490310669,63401,63411,10
13.0068798065,80.2495880127,63411,63421,10
13.0068902969,80.2497177124,63421,63431,10
13.0068998337,80.2499084473,63431,63442,11
13.0068702698,80.2502593994,63442,63452,10
13.0068597794,80.2509765625,63452,63462,10
13.0067796707,80.2517929077,63462,63472,10
13.0066099167,80.2527999878,63472,63482,10
13.0066003799,80.2539901733,63482,63492,10
13.0066404343,80.2549209595,63492,63502,10
13.006649971,80.2559280396,63502,63512,10
13.0066404343,80.2566680908,63512,63522,10
13.0066795349,80.2568588257,63522,63532,10
13.0066795349,80.2569503784,63532,63543,11
13.006770134,80.2574386597,63543,63553,10
13.0071401596,80.2582092285,63553,63563,10
13.0077400208,80.2586669922,63563,63573,10
13.0077896118,80.258682251,63573,63583,10
13.0081996918,80.2588729858,63583,63593,10
13.0088701248,80.2590484619,63593,63603,10
13.0090999603,80.2590637207,63603,63613,10
13.0097398758,80.2590866089,63613,63623,10
13.0107698441,80.2590866089,63623,63625,2
13.0107698441,80.2590866089,63625,63672,47
13.016409874,80.2596817017,63672,63682,10
13.0165195465,80.2597503662,63682,63692,10
13.0166101456,80.2598266602,63692,63702,10
13.016960144,80.2600479126,63702,63712,10
13.017660141,80.2605514526,63712,63722,10
13.0183801651,80.2610931396,63722,63732,10
13.0190896988,80.2616577148,63732,63743,11
13.0199298859,80.2624206543,63743,63753,10
13.0202198029,80.2626266479,63753,63764,11
13.0202903748,80.2626571655,63764,63775,11
13.0207300186,80.262840271,63775,63785,10
13.0211801529,80.2629623413,63785,63795,10
13.0217695236,80.2632217407,63795,63805,10
13.022069931,80.263381958,63805,63815,10
13.022480011,80.2635726929,63815,63825,10
13.0230998993,80.2639083862,63825,63835,10
13.0238599777,80.2643432617,63835,63846,11
13.0244998932,80.2647399902,63846,63856,10
13.025179863,80.2652282715,63856,63866,10
13.0257902145,80.2656326294,63866,63876,10
13.0262403488,80.2658615112,63876,63886,10
13.0263595581,80.26537323,63886,63896,10
13.0264196396,80.2648086548,63896,63906,10
13.0264997482,80.2640914917,63906,63916,10
13.0265302658,80.2637863159,63916,63925,9
13.0265302658,80.263671875,63925,63937,12
13.0268497467,80.2634506226,63937,63947,10
13.0274896622,80.2635498047,63947,63957,10
13.0281400681,80.2637405396,63957,63967,10
13.0285902023,80.2638778687,63967,63977,10
13.0286998749,80.2639007568,63977,63987,10
13.029129982,80.263999939,63987,63997,10
13.0293197632,80.2641677856,63997,64007,10
13.0293397903,80.2642364502,64007,64017,10
13.0293397903,80.2646713257,64017,64027,10
13.0293197632,80.2653579712,64027,64038,11
13.0292901993,80.2659988403,64038,64048,10
13.0292701721,80.2661590576,64048,64058,10
13.029250145,80.2665100098,64058,64068,10
13.0295000076,80.2665710449,64068,64078,10
13.0299196243,80.2666320801,64078,64088,10
13.0306301117,80.2667694092,64088,64098,10
13.0312900543,80.2669372559,64098,64108,10
13.0318002701,80.2671432495,64108,64118,10
13.03221035,80.2673187256,64118,64128,10
13.0323600769,80.2674026489,64128,64138,10
13.0325899124,80.2675018311,64138,64149,11
13.0330600739,80.2677307129,64149,64159,10
13.0334701538,80.2678070068,64159,64175,16
13.0334701538,80.2678222656,64175,64187,12
13.0338096619,80.267906189,64187,64197,10
13.0344200134,80.2679977417,64197,64226,29
13.0345497131,80.2681503296,64226,64248,22
13.0345497131,80.2681503296,64248,64258,10
13.0343599319,80.2680587769,64258,64268,10
13.0339803696,80.2679824829,64268,64277,9
13.0335302353,80.2678833008,64277,64733,456
13.0332698822,80.2678527832,64733,64945,212
13.033200264,80.2677001953,64945,64985,40
13.0331497192,80.2677383423,64985,65248,263
13.0331497192,80.2677383423,65248,65258,10
13.0331897736,80.2677383423,65258,65611,353
13.0332098007,80.267791748,65611,65733,122
13.0332098007,80.267791748,65733,65743,10
13.0331497192,80.2676925659,65743,65763,20
13.0331497192,80.2676925659,65763,65773,10
13.0330696106,80.2676391602,65773,65783,10
13.0327396393,80.2675628662,65783,65793,10
13.0326404572,80.2675628662,65793,65803,10
13.0324497223,80.2674407959,65803,65813,10
13.0319404602,80.2672424316,65813,65824,11
13.0312900543,80.266960144,65824,65834,10
13.0306301117,80.2667922974,65834,65844,10
13.0299396515,80.2667007446,65844,65854,10
13.0297603607,80.2666473389,65854,65864,10
13.0296096802,80.2666091919,65864,65874,10
13.0293502808,80.2665634155,65874,65884,10
13.0291700363,80.2664794922,65884,65894,10
13.0288200378,80.2663497925,65894,65904,10
13.0282897949,80.2662811279,65904,65914,10
13.0276098251,80.266166687,65914,65925,11
13.02684021,80.2660675049,65925,65935,10
13.0263700485,80.265953064,65935,65951,16
13.0261096954,80.2658691406,65951,65963,12
13.0252599716,80.2653427124,65963,65993,30
13.0252599716,80.2653427124,65993,66003,10
13.0249099731,80.2650680542,66003,66013,10
13.0245704651,80.264831543,66013,66023,10
13.0241804123,80.264541626,66023,66034,11
13.0236797333,80.264251709,66034,66044,10
13.0231304169,80.263923645,66044,66053,9
13.022600174,80.2636413574,66053,66064,11
13.0220899582,80.2634429932,66064,66074,10
13.022069931,80.2634277344,66074,66084,10
13.0218095779,80.2632522583,66084,66094,10
13.0213804245,80.2630996704,66094,66104,10
13.0208597183,80.2630233765,66104,66114,10
13.0202503204,80.2630081177,66114,66125,11
13.0195598602,80.2629394531,66125,66135,10
13.0190496445,80.262878418,66135,66145,10
13.0188999176,80.2624588013,66145,66155,10
13.0187997818,80.2618484497,66155,66165,10
13.0186100006,80.2612915039,66165,66175,10
13.0182199478,80.2610397339,66175,66185,10
13.0177602768,80.2607574463,66185,66195,10
13.0172395706,80.2603988647,66195,66205,10
13.0166702271,80.2600097656,66205,66215,10
13.0160999298,80.2596893311,66215,66226,11
13.0160398483,80.2596588135,66226,66236,10
13.0159101486,80.2595672607,66236,66246,10
13.0154800415,80.2594223022,66246,66256,10
13.0148696899,80.2593078613,66256,66266,10
13.0142803192,80.2592926025,66266,66276,10
13.0136203766,80.259262085,66276,66286,10
13.0129404068,80.2592315674,66286,66296,10
13.012260437,80.2592086792,66296,66306,10
13.0115604401,80.2591781616,66306,66316,10
13.0108203888,80.2591781616,66316,66327,11
13.0100402832,80.259262085,66327,66337,10
13.0098199844,80.259262085,66337,66347,10
13.0094995499,80.2592315674,66347,66357,10
13.0090103149,80.2592010498,66357,66367,10
13.0087404251,80.2591781616,66367,66377,10
13.0083999634,80.2591705322,66377,66387,10
13.0079097748,80.2592391968,66387,66397,10
13.007349968,80.2591934204,66397,66407,10
13.0071296692,80.258682251,66407,66418,11
13.0070695877,80.2585830688,66418,66428,10
13.0069103241,80.2582626343,66428,66438,10
13.0065402985,80.2577209473,66438,66478,40
13.0065402985,80.2577209473,66478,66488,10
13.0064201355,80.2572631836,66488,66498,10
13.0063695908,80.2567977905,66498,66508,10
13.0063800812,80.2562789917,66508,66519,11
13.0064296722,80.2555236816,66519,66529,10
13.006480217,80.2550201416,66529,66539,10
13.0064601898,80.2544784546,66539,66549,10
13.0064496994,80.2538375854,66549,66561,12
13.0064496994,80.2531967163,66561,66570,9
13.0064897537,80.2531661987,66570,66580,10
13.006480217,80.2528381348,66580,66591,11
13.0065002441,80.2522964478,66591,66662,71
13.0065002441,80.2522964478,66662,66672,10
13.0066404343,80.2519226074,66672,66682,10
13.0066995621,80.2513427734,66682,66692,10
13.0066900253,80.2506637573,66692,66702,10
13.0066795349,80.2498626709,66702,66712,10
13.0066604614,80.2490463257,66712,66723,11
13.0065898895,80.2482299805,66723,66733,10
13.0065603256,80.2476730347,66733,66793,60
13.0065603256,80.2476730347,66793,66803,10
13.0065402985,80.2475204468,66803,66813,10
13.0065698624,80.2471008301,66813,66824,11
13.0065002441,80.2466125488,66824,66834,10
13.0065698624,80.2463989258,66834,66844,10
13.0066003799,80.24584198,66844,66854,10
13.0065803528,80.2451477051,66854,66864,10
13.0065803528,80.2444610596,66864,66874,10
13.0065603256,80.2439193726,66874,66884,10
13.0065402985,80.2433395386,66884,66894,10
13.0065097809,80.2425994873,66894,66904,10
13.006480217,80.2418289185,66904,66914,10
13.006480217,80.2416229248,66914,66925,11
13.0065002441,80.2414627075,66925,66935,10
13.0065498352,80.2409591675,66935,66945,10
13.0065898895,80.2406692505,66945,66955,10
13.0066604614,80.2403411865,66955,66965,10
13.0067901611,80.2397232056,66965,66975,10
13.0069303513,80.238899231,66975,66985,10
13.0071001053,80.2381210327,66985,66995,10
13.0072498322,80.2374725342,66995,67005,10
13.0073299408,80.2369232178,67005,67015,10
13.0073404312,80.2368621826,67015,67026,11
13.0074100494,80.2365570068,67026,67036,10
13.0075502396,80.2360305786,67036,67046,10
13.0076999664,80.2353286743,67046,67056,10
13.0079698563,80.2338790894,67056,67066,10
13.0079698563,80.2338790894,67066,67076,10
13.0081796646,80.2328109741,67076,67086,10
13.0083599091,80.2318496704,67086,67096,10
13.0085601807,80.2308807373,67096,67106,10
13.0087404251,80.2299194336,67106,67117,11
13.0089302063,80.2288818359,67117,67127,10
13.0092096329,80.2279586792,67127,67140,13
13.0097198486,80.2267913818,67140,67149,9
13.0100898743,80.2259979248,67149,67160,11
13.0104103088,80.2252807617,67160,67170,10
13.0104904175,80.2250823975,67170,67180,10
13.0106897354,80.2247314453,67180,67189,9
13.010840416,80.224319458,67189,67200,11
13.0110998154,80.2236175537,67200,67210,10
13.0114097595,80.22290802,67210,67222,12
13.0116796494,80.2220687866,67222,67232,10
13.0119895935,80.2214202881,67232,67241,9
13.0122995377,80.2215270996,67241,67252,11
13.0125703812,80.2219161987,67252,67262,10
13.0129404068,80.222328186,67262,67272,10
13.0132398605,80.22265625,67272,67282,10
13.0136299133,80.2230834961,67282,67292,10
13.0140895844,80.2235565186,67292,67302,10
13.0144796371,80.2240371704,67302,67312,10
13.0150299072,80.224609375,67312,67343,31
13.0150299072,80.224609375,67343,67353,10
13.0151700974,80.2247085571,67353,67363,10
13.0153503418,80.2248687744,67363,67373,10
13.0154304504,80.2249298096,67373,67383,10
13.0156002045,80.2250289917,67383,67393,10
13.0161104202,80.2252731323,67393,67403,10
13.0169401169,80.2250823975,67403,67413,10
13.0178403854,80.2247009277,67413,67424,11
13.0187397003,80.224357605,67424,67434,10
13.0195198059,80.2243804932,67434,67444,10
13.0200996399,80.2247467041,67444,67454,10
13.0205898285,80.2250976563,67454,67464,10
13.0208797455,80.2253189087,67464,67474,10
13.0211896896,80.2256164551,67474,67484,10
13.0217599869,80.2259979248,67484,67494,10
13.0219497681,80.2261505127,67494,67504,10
13.0220098495,80.2262115479,67504,67514,10
13.0223197937,80.2265014648,67514,67525,11
13.0228996277,80.2270126343,67525,67535,10
13.0234899521,80.2275390625,67535,67545,10
13.0240297318,80.2280502319,67545,67555,10
13.0245304108,80.2286987305,67555,67565,10
13.0249204636,80.2292480469,67565,67575,10
13.0253896713,80.2298431396,67575,67585,10
13.0256996155,80.2303237915,67585,67595,10
13.0257997513,80.2304916382,67595,67605,10
13.0258998871,80.2307662964,67605,67615,10
13.0259599686,80.2310562134,67615,67626,11
13.0261096954,80.231262207,67626,67636,10
13.0266199112,80.2311477661,67636,67646,10
13.0273303986,80.2309799194,67646,67656,10
13.028380394,80.230796814,67656,67676,20
13.028380394,80.230796814,67676,67686,10
13.0286502838,80.2307891846,67686,67696,10
13.0286798477,80.2307891846,67696,67706,10
13.0289096832,80.2307662964,67706,67717,11
13.0292196274,80.2307434082,67717,67727,10
13.0296201706,80.2307128906,67727,67737,10
13.0298500061,80.2306976318,67737,67747,10
13.0299797058,80.230682373,67747,67757,10
13.0301399231,80.2306594849,67757,67767,10
13.0302801132,80.2306594849,67767,67777,10
13.0306301117,80.2306518555,67777,67787,10
13.0310497284,80.2306137085,67787,67797,10
13.0315904617,80.2305679321,67797,67807,10
13.032119751,80.2305297852,67807,67817,10
13.0328197479,80.23046875,67817,67828,11
13.0335302353,80.2304077148,67828,67838,10
13.0338001251,80.2304077148,67838,67848,10
13.0345001221,80.2302932739,67848,67898,50
13.0345001221,80.2302932739,67898,67908,10
13.0346298218,80.2302398682,67908,67919,11
13.034740448,80.2300033569,67919,68191,272
13.0343904495,80.2299575806,68191,68656,465
13.0343904495,80.2299575806,68656,68666,10
13.0340995789,80.230178833,68666,68727,61
13.0340995789,80.230178833,68727,68737,10
13.0339403152,80.2304000854,68737,68747,10
13.0334701538,80.2304382324,68747,68767,20
13.0334701538,80.2304382324,68767,68777,10
13.0332603455,80.2304992676,68777,68786,9
13.0329198837,80.2305297852,68786,68796,10
13.0323200226,80.2305831909,68796,68808,12
13.0317602158,80.2306365967,68808,68818,10
13.03125,80.2306594849,68818,68828,10
13.0308799744,80.2306976318,68828,68868,40
13.0308799744,80.2306976318,68868,68878,10
13.0307397842,80.2306900024,68878,68888,10
13.0304803848,80.2307128906,68888,68898,10
13.0298595428,80.2307815552,68898,68919,21
13.0298595428,80.2307815552,68919,68929,10
13.0297603607,80.230796814,68929,68939,10
13.0294904709,80.2308120728,68939,68949,10
13.0290603638,80.2308578491,68949,68959,10
13.0285396576,80.2308731079,68959,68969,10
13.0279397964,80.2309417725,68969,68979,10
13.0276403427,80.2310180664,68979,68989,10
13.0276403427,80.2313308716,68989,68999,10
13.0276699066,80.2316665649,68999,69010,11
13.0277299881,80.2320404053,69010,69020,10
13.0278196335,80.2325286865,69020,69030,10
13.0276498795,80.2327575684,69030,69040,10
13.027299881,80.2328414917,69040,69050,10
13.0268201828,80.2329406738,69050,69100,50
13.0268201828,80.2329406738,69100,69111,11
13.0264997482,80.2329788208,69111,69121,10
13.026309967,80.2326583862,69121,69131,10
13.0261602402,80.232208252,69131,69141,10
13.0259799957,80.2316131592,69141,69151,10
13.0257997513,80.2309494019,69151,69161,10
13.0255098343,80.2302932739,69161,69171,10
13.0250797272,80.2296905518,69171,69181,10
13.0247001648,80.2292175293,69181,69191,10
13.0246095657,80.229133606,69191,69201,10
13.0245199203,80.2290420532,69201,69212,11
13.0242595673,80.2286987305,69212,69228,16
13.0238704681,80.2282333374,69228,69240,12
13.0238199234,80.2281494141,69240,69250,10
13.0236196518,80.227897644,69250,69260,10
13.0232896805,80.2275390625,69260,69270,10
13.0229196548,80.227180481,69270,69279,9
13.0224504471,80.2267379761,69279,69290,11
13.0218896866,80.2262496948,69290,69300,10
13.0213603973,80.2258377075,69300,69311,11
13.0207700729,80.2253799438,69311,69321,10
13.0201997757,80.2249832153,69321,69330,9
13.0196800232,80.2246170044,69330,69340,10
13.0190000534,80.2244110107,69340,69351,11
13.0182304382,80.2246322632,69351,69361,10
13.0175800323,80.2248916626,69361,69371,10
13.0169401169,80.2251586914,69371,69380,9
13.0163803101,80.2254180908,69380,69391,11
13.0157403946,80.2256393433,69391,69401,10
13.0152196884,80.2258377075,69401,69412,11
13.0145702362,80.2260971069,69412,69422,10
13.0142402649,80.2262420654,69422,69432,10
13.0141296387,80.2262802124,69432,69442,10
13.0137796402,80.2264099121,69442,69452,10
13.013299942,80.226600647,69452,69462,10
13.0127401352,80.2267990112,69462,69472,10
13.0121202469,80.2270278931,69472,69482,10
13.0114898682,80.2272720337,69482,69492,10
13.0108499527,80.2275238037,69492,69502,10
13.0101900101,80.2277908325,69502,69513,11
13.0094804764,80.2280807495,69513,69523,10
13.0090904236,80.2286300659,69523,69533,10
13.0089502335,80.2293319702,69533,69543,10
13.0088195801,80.2300415039,69543,69553,10
13.0087003708,80.230758667,69553,69563,10
13.0085601807,80.2314529419,69563,69573,10
13.0084199905,80.2321395874,69573,69583,10
13.008310318,80.2328262329,69583,69593,10
13.0082397461,80.2333984375,69593,69603,10
13.0082302094,80.2334289551,69603,69614,11
13.0081996918,80.233581543,69614,69624,10
13.008099556,80.2339096069,69624,69634,10
13.0080003738,80.2343902588,69634,69644,10
13.0079402924,80.2347793579,69644,69654,10
13.007900238,80.234992981,69654,69664,10
13.0078001022,80.235458374,69664,69674,10
13.0076599121,80.2360687256,69674,69684,10
13.007519722,80.2367706299,69684,69694,10
13.0073795319,80.2375106812,69694,69704,10
13.007229805,80.2382965088,69704,69715,11
13.0070695877,80.239112854,69715,69725,10
13.006939888,80.2397994995,69725,69735,10
13.006939888,80.2401275635,69735,69755,20
13.006939888,80.2401275635,69755,69765,10
13.0069704056,80.2401809692,69765,69775,10
13.0068998337,80.2405776978,69775,69785,10
13.0067195892,80.2415237427,69785,69795,10
13.0067195892,80.2415237427,69795,69805,10
13.0066995621,80.2421875,69805,69816,11
13.0066604614,80.2429428101,69816,69826,10
13.0066404343,80.2435913086,69826,69836,10
13.0066404343,80.2443466187,69836,69846,10
13.0066299438,80.2451095581,69846,69856,10
13.0066604614,80.2458724976,69856,69866,10
13.0066795349,80.2464981079,69866,69876,10
13.0066995621,80.2472000122,69876,69886,10
13.0066900253,80.2479171753,69886,69897,11
13.0067396164,80.2487106323,69897,69906,9
13.0068302155,80.2493515015,69906,69917,11
13.0068397522,80.2495498657,69917,69927,10
13.006819725,80.2498779297,69927,69937,10
13.0067996979,80.2503204346,69937,69947,10
13.0067996979,80.2508773804,69947,69957,10
13.0067300797,80.2514877319,69957,69967,10
13.0065898895,80.2521133423,69967,69977,10
13.0065202713,80.2528991699,69977,69987,10
13.0065097809,80.2535934448,69987,69997,10
13.0065202713,80.2543029785,69997,70008,11
13.0065603256,80.2550735474,70008,70018,10
13.0065803528,80.2557907104,70018,70029,11
13.0065803528,80.2565383911,70029,70038,9
13.0066003799,80.2568511963,70038,70069,31
13.0066003799,80.2568511963,70069,70079,10
13.0066995621,80.2574386597,70079,70089,10
13.0066995621,80.2574386597,70089,70099,10
13.006939888,80.2579421997,70099,70110,11
13.0073795319,80.2584381104,70110,70120,10
13.0076398849,80.2585525513,70120,70130,10
13.0077199936,80.2585830688,70130,70140,10
13.0080299377,80.2587432861,70140,70150,10
13.0085601807,80.2589035034,70150,70160,10
13.0090799332,80.258972168,70160,70170,10
13.0098495483,80.2589797974,70170,70180,10
13.0105800629,80.2589797974,70180,70190,10
13.0112895966,80.2589569092,70190,70200,10
13.0119495392,80.2589797974,70200,70211,11
13.0127296448,80.2590179443,70211,70221,10
13.0134897232,80.2590484619,70221,70231,10
13.0142803192,80.2590789795,70231,70241,10
13.0150403976,80.2591171265,70241,70251,10
13.0158195496,80.2593002319,70251,70261,10
13.0163402557,80.2595901489,70261,70271,10
13.0164203644,80.2596282959,70271,70281,10
13.0166597366,80.2598495483,70281,70291,10
13.0170898438,80.2601165771,70291,70301,10
13.0175800323,80.2604522705,70301,70312,11
13.0181598663,80.2608795166,70312,70322,10
13.018699646,80.2612609863,70322,70332,10
13.0192203522,80.2616882324,70332,70342,10
13.0196695328,80.2621383667,70342,70352,10
13.0201396942,80.2625198364,70352,70362,10
13.0202598572,80.2626113892,70362,70372,10
13.02064991,80.2627716064,70372,70382,10
13.0211696625,80.2629470825,70382,70392,10
13.0217399597,80.263168335,70392,70402,10
13.0220098495,80.2633132935,70402,70413,11
13.0223903656,80.2634887695,70413,70423,10
13.0228300095,80.263710022,70423,70433,10
13.0230197906,80.2637863159,70433,70443,10
13.0233097076,80.2639923096,70443,70453,10
13.023730278,80.264213562,70453,70463,10
13.0241498947,80.2644500732,70463,70473,10
13.0246400833,80.264831543,70473,70483,10
13.0251903534,80.2652282715,70483,70493,10
13.0257501602,80.2656021118,70493,70504,11
13.0261001587,80.2657699585,70504,70514,10
13.0262098312,80.2657775879,70514,70524,10
13.026260376,80.2654876709,70524,70534,10
13.026309967,80.2649993896,70534,70544,10
13.0263900757,80.2643814087,70544,70554,10
13.0264396667,80.2638778687,70554,70564,10
13.02643013,80.2637710571,70564,70574,10
13.0264701843,80.2633895874,70574,70584,10
13.0268602371,80.2633895874,70584,70594,10
13.0274295807,80.2634811401,70594,70605,11
13.0283298492,80.2637405396,70605,70625,20
13.0283298492,80.2637405396,70625,70635,10
13.0286598206,80.2638397217,70635,70645,10
13.0290498734,80.2639923096,70645,70655,10
13.0292396545,80.2641983032,70655,70665,10
13.0292396545,80.2645187378,70665,70675,10
13.0292396545,80.2650985718,70675,70685,10
13.0291996002,80.2660064697,70685,70706,21
13.0291996002,80.2660064697,70706,70716,10
13.0291900635,80.2661972046,70716,70726,10
13.0291700363,80.266418457,70726,70736,10
13.029419899,80.2665100098,70736,70746,10
13.0297899246,80.2665634155,70746,70756,10
13.0300302505,80.2665786743,70756,70766,10
13.0302801132,80.2666320801,70766,70776,10
13.030500412,80.2666702271,70776,70786,10
13.0309495926,80.2667770386,70786,70796,10
13.0315303802,80.2669830322,70796,70807,11
13.0321598053,80.2672729492,70807,70817,10
13.0325603485,80.2674865723,70817,70827,10
13.0335798264,80.2677764893,70827,70864,37
13.0335798264,80.2677764893,70864,70875,11
13.033829689,80.2678604126,70875,70885,10
13.0340995789,80.2678985596,70885,70895,10
13.0343999863,80.267906189,70895,70906,11
13.0344600677,80.267906189,70906,70916,10
13.0344200134,80.2680435181,70916,70936,20
13.0344200134,80.2680435181,70936,70946,10
13.034239769,80.2679595947,70946,70956,10
13.0340900421,80.2679367065,70956,70966,10
13.033539772,80.2678604126,70966,71341,375
13.033200264,80.2677764893,71341,72169,828
13.033200264,80.2677764893,72169,72179,10
13.0330495834,80.2676467896,72179,72190,11
13.0328102112,80.267616272,72190,72200,10
13.032699585,80.2676086426,72200,72210,10
13.0325603485,80.2675170898,72210,72220,10
13.0323600769,80.2673721313,72220,72230,10
13.0319499969,80.2671508789,72230,72240,10
13.0314903259,80.2669677734,72240,72250,10
13.0310401917,80.2668075562,72250,72260,10
13.0303897858,80.2667007446,72260,72270,10
13.0298299789,80.2665863037,72270,72280,10
13.0297002792,80.2665786743,72280,72291,11
13.0294704437,80.2665634155,72291,72301,10
13.0291500092,80.266456604,72301,72311,10
13.0287504196,80.2663192749,72311,72321,10
13.028260231,80.2662124634,72321,72330,9
13.0277395248,80.2660980225,72330,72341,11
13.0270204544,80.2660064697,72341,72352,11
13.0265302658,80.2659988403,72352,72414,62
13.0265302658,80.2659988403,72414,72424,10
13.0262699127,80.2659606934,72424,72434,10
13.0260000229,80.2658233643,72434,72444,10
13.0256500244,80.2655563354,72444,72454,10
13.0252304077,80.2653198242,72454,72464,10
13.0252103806,80.2652893066,72464,72474,10
13.0251102448,80.2652130127,72474,72485,11
13.0248098373,80.2649688721,72485,72495,10
13.0243997574,80.2646484375,72495,72505,10
13.0239095688,80.2643280029,72505,72515,10
13.0234098434,80.2640609741,72515,72525,10
13.0228996277,80.2637481689,72525,72535,10
13.022069931,80.263381958,72535,72555,20
13.022069931,80.263381958,72555,72565,10
13.0218496323,80.2632904053,72565,72575,10
13.0215101242,80.263130188,72575,72586,11
13.0208997726,80.2630233765,72586,72596,10
13.0202798843,80.2630004883,72596,72612,16
13.0192699432,80.2629165649,72612,72624,12
13.018910408,80.2627487183,72624,72634,10
13.0188598633,80.2623977661,72634,72644,10
13.0187501907,80.2617111206,72644,72653,9
13.0185804367,80.2612686157,72653,72664,11
13.0181102753,80.2609634399,72664,72674,10
13.0176401138,80.2606506348,72674,72685,11
13.0170602798,80.2602462769,72685,72695,10
13.0159902573,80.2596588135,72695,72715,20
13.0159902573,80.2596588135,72715,72726,11
13.0157604218,80.259552002,72726,72736,10
13.0152997971,80.2593917847,72736,72746,10
13.0148296356,80.2593078613,72746,72756,10
13.0143003464,80.2592926025,72756,72766,10
13.0136699677,80.259262085,72766,72776,10
13.0129995346,80.2592163086,72776,72787,11
13.0122404099,80.2592010498,72787,72797,10
13.0115404129,80.2591705322,72797,72807,10
13.0108003616,80.2591705322,72807,72817,10
13.0101003647,80.2592391968,72817,72827,10
13.0098104477,80.259262085,72827,72837,10
13.0097198486,80.2592468262,72837,72847,10
13.0093603134,80.2592391968,72847,72857,10
13.0088300705,80.2592163086,72857,72867,10
13.0086097717,80.2592010498,72867,72877,10
13.0082502365,80.2592010498,72877,72888,11
13.0076999664,80.2593231201,72888,72898,10
13.0072603226,80.2590408325,72898,72908,10
13.007109642,80.2586517334,72908,72918,10
13.0070800781,80.2585601807,72918,72928,10
13.0068998337,80.2582778931,72928,72938,10
13.0067996979,80.258140564,72938,72948,10
13.0066404343,80.2578430176,72948,72958,10
13.0064601898,80.25756073,72958,73050,92
13.0064601898,80.25756073,73050,73060,10
13.0064601898,80.2574005127,73060,73070,10
13.0064201355,80.2572402954,73070,73081,11
13.0064496994,80.2569732666,73081,73091,10
13.0064201355,80.2565383911,73091,73101,10
13.0064201355,80.2557525635,73101,73111,10
13.0064601898,80.2551422119,73111,73121,10
13.0064601898,80.2547225952,73121,73131,10
13.0064401627,80.2542572021,73131,73141,10
13.0064201355,80.2540969849,73141,73151,10
13.0064296722,80.2539672852,73151,73161,10
13.0064296722,80.2537384033,73161,73171,10
13.0064401627,80.2534790039,73171,73182,11
13.0064296722,80.2534408569,73182,73192,10
13.0064401627,80.2532272339,73192,73202,10
13.0064401627,80.2531967163,73202,73212,10
13.0064401627,80.2529373169,73212,73242,30
13.0064401627,80.2529373169,73242,73252,10
13.0064401627,80.2526931763,73252,73262,10
13.0064601898,80.2524185181,73262,73272,10
13.0065402985,80.2519226074,73272,73343,71
13.0065402985,80.2519226074,73343,73353,10
13.0066404343,80.2517929077,73353,73363,10
13.0066995621,80.2513275146,73363,73373,10
13.0066995621,80.250617981,73373,73384,11
13.0066699982,80.2498168945,73384,73394,10
13.0066604614,80.24949646,73394,73404,10
13.0066604614,80.2490921021,73404,73414,10
13.0066299438,80.2485580444,73414,73424,10
13.0065803528,80.2479476929,73424,73434,10
13.0065603256,80.2474365234,73434,73515,81
13.0065603256,80.2474365234,73515,73525,10
13.0065803528,80.2471084595,73525,73535,10
13.0065202713,80.2466201782,73535,73545,10
13.0065402985,80.2464828491,73545,73555,10
13.0065803528,80.2462997437,73555,73565,10
13.0065803528,80.2458267212,73565,73575,10
13.0065603256,80.2452163696,73575,73586,11
13.0065498352,80.2445602417,73586,73596,10
13.0065603256,80.2440872192,73596,73606,10
13.006529808,80.2436904907,73606,73616,10
13.0065202713,80.243522644,73616,73626,10
13.0065202713,80.2431335449,73626,73636,10
13.0065097809,80.2425994873,73636,73646,10
13.0065002441,80.2419281006,73646,73656,10
13.0065202713,80.2414016724,73656,73666,10
13.0065898895,80.2407989502,73666,73677,11
13.0067100525,80.2402114868,73677,73687,10
13.0068397522,80.2395782471,73687,73697,10
13.0069799423,80.2388381958,73697,73707,10
13.007109642,80.2381210327,73707,73717,10
13.0072603226,80.2374420166,73717,73727,10
13.0073795319,80.236656189,73727,73747,20
13.0073795319,80.236656189,73747,73757,10
13.0074100494,80.2365188599,73757,73767,10
13.0075101852,80.2362136841,73767,73778,11
13.0076198578,80.2356262207,73778,73788,10
13.0078802109,80.2343597412,73788,73798,10
13.0078802109,80.2343597412,73798,73808,10
13.008020401,80.2336578369,73808,73818,10
13.0081596375,80.2329025269,73818,73828,10
13.0083303452,80.2320709229,73828,73838,10
13.008480072,80.2312393188,73838,73848,10
13.008649826,80.230430603,73848,73858,10
13.0088100433,80.2295837402,73858,73871,13
13.0090103149,80.2285995483,73871,73882,11
13.0092201233,80.2278366089,73882,73892,10
13.0095500946,80.2271270752,73892,73902,10
13.0098800659,80.2264175415,73902,73912,10
13.010219574,80.2257232666,73912,73921,9
13.0104598999,80.2251815796,73921,73932,11
13.0107002258,80.2245788574,73932,73942,10
13.0110197067,80.2238464355,73942,73952,10
13.011179924,80.2233963013,73952,73962,10
13.0111904144,80.2233963013,73962,73972,10
13.0113401413,80.2231216431,73972,73983,11
13.0115499496,80.2226409912,73983,73993,10
13.011759758,80.222076416,73993,74003,10
13.0121002197,80.2214584351,74003,74012,9
13.0123796463,80.2216186523,74012,74023,11
13.0126695633,80.222038269,74023,74033,10
13.0131597519,80.2225570679,74033,74043,10
13.0136804581,80.2230606079,74043,74053,10
13.0141601563,80.2236480713,74053,74063,10
13.0145797729,80.2242507935,74063,74074,11
13.015080452,80.2246932983,74074,74084,10
13.0154495239,80.2248687744,74084,74094,10
13.0156002045,80.2249984741,74094,74104,10
13.0156698227,80.2250595093,74104,74114,10
13.0160198212,80.225227356,74114,74124,10
13.0165195465,80.2252197266,74124,74134,10
13.0170602798,80.2250366211,74134,74144,10
13.0176696777,80.2248001099,74144,74154,10
13.0183200836,80.2245407104,74154,74164,10
13.018989563,80.2242965698,74164,74180,16
13.0199899673,80.2246704102,74180,74193,13
13.0207300186,80.2251968384,74193,74203,10
13.0213098526,80.2256317139,74203,74213,10
13.0220098495,80.2261199951,74213,74233,20
13.0220098495,80.2261199951,74233,74243,10
13.0222501755,80.226348877,74243,74253,10
13.0226602554,80.2267227173,74253,74263,10
13.0231399536,80.2271575928,74263,74273,10
13.0236797333,80.2276611328,74273,74284,11
13.0242004395,80.2281723022,74284,74294,10
13.0243701935,80.2283706665,74294,74304,10
13.024430275,80.2284698486,74304,74323,19
13.0250301361,80.2293395996,74323,74335,12
13.025560379,80.2300491333,74335,74343,8
13.0258398056,80.2305908203,74343,74354,11
13.026049614,80.2312393188,74354,74365,11
13.0265398026,80.2311477661,74365,74375,10
13.0271902084,80.231010437,74375,74386,11
13.0279197693,80.2308807373,74386,74396,10
13.0284204483,80.230796814,74396,74406,10
13.028459549,80.230796814,74406,74416,10
13.0286798477,80.230758667,74416,74426,10
13.0291204453,80.2307128906,74426,74436,10
13.0294103622,80.2306976318,74436,74446,10
13.0298299789,80.2306594849,74446,74456,10
13.030380249,80.2306137085,74456,74466,10
13.03083992,80.2305908203,74466,74477,11
13.0314302444,80.2305679321,74477,74485,8
13.0318803787,80.2305221558,74485,74496,11
13.0325603485,80.23046875,74496,74507,11
13.0332202911,80.2304000854,74507,74517,10
13.0337200165,80.2303924561,74517,74527,10
13.0341596603,80.2303466797,74527,74546,19
13.0341596603,80.2303466797,74546,74557,11
13.0342798233,80.2303466797,74557,74566,9
13.0345897675,80.2302703857,74566,74578,12
13.0349197388,80.2301177979,74578,74598,20
13.0349197388,80.2301177979,74598,74608,10
13.0349397659,80.2297897339,74608,74618,10
13.0344104767,80.2297210693,74618,74790,172
13.0344104767,80.2297210693,74790,74800,10
13.0342302322,80.2300567627,74800,74850,50
13.0342302322,80.2300567627,74850,74860,10
13.034119606,80.2303466797,74860,74911,51
13.034119606,80.2303466797,74911,74921,10
13.0338602066,80.2304000854,74921,74931,10
13.0334300995,80.230430603,74931,74941,10
13.0330095291,80.2304611206,74941,74951,10
13.0324296951,80.2305374146,74951,74961,10
13.0317802429,80.2306289673,74961,74972,11
13.0310297012,80.2306976318,74972,74982,10
13.0305900574,80.23072052,74982,74992,10
13.030090332,80.230758667,74992,75002,10
13.0297803879,80.2308273315,75002,75012,10
13.0296201706,80.2308425903,75012,75022,10
13.029299736,80.2308807373,75022,75032,10
13.0288200378,80.2309112549,75032,75042,10
13.0282001495,80.2309494019,75042,75052,10
13.0277004242,80.2310180664,75052,75062,10
13.0276699066,80.2313537598,75062,75073,11
13.0277204514,80.2318267822,75073,75083,10
13.0277795792,80.2322463989,75083,75093,10
13.0278596878,80.2326812744,75093,75103,10
13.0274600983,80.2328567505,75103,75113,10
13.027009964,80.2329483032,75113,75123,10
13.0267696381,80.233001709,75123,75133,10
13.0264797211,80.232963562,75133,75143,10
13.0262699127,80.2325515747,75143,75153,10
13.0261497498,80.2320632935,75153,75163,10
13.0260601044,80.2317581177,75163,75174,11
13.0259799957,80.2314987183,75174,75184,10
13.025850296,80.2310714722,75184,75194,10
13.0255899429,80.2304077148,75194,75204,10
13.0251598358,80.2297821045,75204,75213,9
13.0248003006,80.2293167114,75213,75224,11
13.0244197845,80.2288131714,75224,75234,10
13.024020195,80.2283401489,75234,75244,10
13.0239601135,80.2282562256,75244,75254,10
13.0237197876,80.2279510498,75254,75264,10
13.0233602524,80.2275924683,75264,75275,11
13.0231199265,80.2273178101,75275,75285,10
13.0227403641,80.2269973755,75285,75295,10
13.022310257,80.2266235352,75295,75305,10
13.0218200684,80.2261810303,75305,75315,10
13.0212802887,80.2257766724,75315,75325,10
13.0208101273,80.2254104614,75325,75335,10
13.0202598572,80.2250595093,75335,75345,10
13.0196399689,80.2246398926,75345,75355,10
13.0188903809,80.2245025635,75355,75365,10
13.0181503296,80.2247619629,75365,75375,10
13.0174398422,80.2250595093,75375,75386,11
13.0166501999,80.2253799438,75386,75396,10
13.015999794,80.2256164551,75396,75406,10
13.0155200958,80.225769043,75406,75416,10
13.0150299072,80.226020813,75416,75426,10
13.0149402618,80.22605896,75426,75436,10
13.0143203735,80.2263031006,75436,75466,30
13.0143203735,80.2263031006,75466,75477,11
13.0139398575,80.2264480591,75477,75487,10
13.0134000778,80.2266616821,75487,75497,10
13.0127601624,80.226890564,75497,75507,10
13.0120897293,80.2271499634,75507,75517,10
13.0114297867,80.2274017334,75517,75527,10
13.0106801987,80.2276992798,75527,75537,10
13.0099401474,80.2279968262,75537,75547,10
13.0092601776,80.2283706665,75547,75557,10
13.0090703964,80.2290725708,75557,75568,11
13.008890152,80.229927063,75568,75577,9
13.008769989,80.2306518555,75577,75588,11
13.008600235,80.2315063477,75588,75599,11
13.0084600449,80.2322998047,75599,75609,10
13.0083398819,80.2331390381,75609,75619,10
13.0082798004,80.2335281372,75619,75629,10
13.0082101822,80.2337036133,75629,75639,10
13.008099556,80.2340621948,75639,75649,10
13.0079898834,80.2345962524,75649,75658,9
13.0078802109,80.2352218628,75658,75669,11
13.0077199936,80.236038208,75669,75680,11
13.0075397491,80.2369232178,75680,75690,10
13.0073699951,80.2377700806,75690,75700,10
13.0072402954,80.2385406494,75700,75710,10
13.0071001053,80.2393112183,75710,75720,10
13.0069904327,80.2401199341,75720,75730,10
13.0068998337,80.2407531738,75730,75740,10
13.0068798065,80.2408218384,75740,75750,10
13.0067996979,80.2410736084,75750,75760,10
13.0067596436,80.2416229248,75760,75770,10
13.0067596436,80.2422790527,75770,75781,11
13.0067396164,80.243057251,75781,75791,10
13.0067300797,80.2437591553,75791,75801,10
13.0067300797,80.2445526123,75801,75811,10
13.0067396164,80.2453384399,75811,75820,9
13.006770134,80.2460327148,75820,75832,12
13.0068101883,80.2467422485,75832,75841,9
13.0068101883,80.2471389771,75841,75852,11
13.0067596436,80.2476425171,75852,75862,10
13.006770134,80.248260498,75862,75873,11
13.0068397522,80.2490463257,75873,75883,10
13.0068902969,80.2495193481,75883,75893,10
13.0068998337,80.2495269775,75893,75903,10
13.0068798065,80.2497787476,75903,75913,10
13.0068702698,80.25025177,75913,75923,10
13.0068902969,80.2508010864,75923,75933,10
13.0068798065,80.2511672974,75933,75943,10
13.0068302155,80.2514801025,75943,75953,10
13.0067100525,80.2520065308,75953,75963,10
13.0066003799,80.2527084351,75963,75974,11
13.0065898895,80.253578186,75974,75984,10
13.0066099167,80.2544021606,75984,75994,10
13.0066299438,80.2551879883,75994,76004,10
13.0066604614,80.2559661865,76004,76014,10
13.0066795349,80.2567214966,76014,76024,10
13.0067195892,80.2571182251,76024,76034,10
13.0066995621,80.2573623657,76034,76054,20
13.0066900253,80.2575073242,76054,76075,21
13.0066900253,80.2575073242,76075,76085,10
13.0067396164,80.2575378418,76085,76095,10
13.0069303513,80.2578964233,76095,76105,10
13.0072898865,80.2583999634,76105,76115,10
13.0077495575,80.2586288452,76115,76125,10
13.0077600479,80.2586364746,76125,76135,10
13.0079803467,80.2587280273,76135,76145,10
13.0083599091,80.2588577271,76145,76155,10
13.0089902878,80.2590179443,76155,76166,11
13.0098400116,80.2590408325,76166,76176,10
13.0106296539,80.2590408325,76176,76186,10
13.0114097595,80.2590408325,76186,76196,10
13.0121803284,80.2590713501,76196,76206,10
13.0129804611,80.2591094971,76206,76216,10
13.0137796402,80.2591171265,76216,76226,10
13.0145998001,80.259147644,76226,76236,10
13.0153598785,80.2592163086,76236,76246,10
13.0160903931,80.259437561,76246,76256,10
13.0163803101,80.2596206665,76256,76267,11
13.0166397095,80.2598190308,76267,76277,10
13.0171003342,80.2601089478,76277,76287,10
13.017660141,80.2605209351,76287,76297,10
13.018289566,80.2609481812,76297,76307,10
13.0188598633,80.2613601685,76307,76317,10
13.0193796158,80.2618026733,76317,76327,10
13.0199298859,80.2623596191,76327,76337,10
13.0203104019,80.2626266479,76337,76347,10
13.0203800201,80.2626800537,76347,76357,10
13.0207796097,80.2628173828,76357,76367,10
13.0214195251,80.2630233765,76367,76384,17
13.0221700668,80.2633514404,76384,76396,12
13.0226202011,80.2635726929,76396,76406,10
13.0228996277,80.2637329102,76406,76416,10
13.023059845,80.2638702393,76416,76425,9
13.0233001709,80.2639923096,76425,76436,11
13.0238704681,80.264289856,76436,76446,10
13.0244598389,80.2646484375,76446,76456,10
13.0249595642,80.2650222778,76456,76467,11
13.025179863,80.2652511597,76467,76477,10
13.0255098343,80.2654571533,76477,76487,10
13.0259895325,80.2657012939,76487,76497,10
13.0262899399,80.2657318115,76497,76506,9
13.0263395309,80.2654571533,76506,76517,11
13.0263795853,80.2652206421,76517,76527,10
13.0264101028,80.2647399902,76527,76537,10
13.0264997482,80.2641296387,76537,76547,10
13.0265703201,80.2635498047,76547,76557,10
13.0268802643,80.263381958,76557,76568,11
13.0274400711,80.2634429932,76568,76578,10
13.0280199051,80.2636184692,76578,76588,10
13.028670311,80.2638015747,76588,76597,9
13.0291996002,80.2639389038,76597,76608,11
13.029419899,80.2641983032,76608,76618,10
13.0293903351,80.2647018433,76618,76628,10
13.0293598175,80.26537323,76628,76638,10
13.0293197632,80.2660827637,76638,76648,10
13.0292396545,80.2663421631,76648,76658,10
13.0292797089,80.2664871216,76658,76669,11
13.0296602249,80.2665481567,76669,76679,10
13.0301504135,80.2666015625,76679,76689,10
13.0307998657,80.2667007446,76689,76699,10
13.0314798355,80.2669219971,76699,76709,10
13.0321598053,80.2671966553,76709,76719,10
13.0326900482,80.2674865723,76719,76729,10
13.0331401825,80.2676696777,76729,76739,10
13.0335302353,80.2677383423,76739,76749,10
13.0336399078,80.2677764893,76749,76759,10
13.0338401794,80.2678604126,76759,76770,11
13.0345697403,80.2679367065,76770,76790,20
13.0345697403,80.2679367065,76790,76800,10
13.034620285,80.2680587769,76800,76810,10
13.0344696045,80.2680206299,76810,76820,10
13.0341997147,80.2679672241,76820,76830,10
13.033780098,80.2678909302,76830,76840,10
13.0333995819,80.2677993774,76840,77022,182
13.0331201553,80.2677536011,77022,77648,626
13.033200264,80.2676773071,77648,77891,243
13.0331401825,80.2676773071,77891,78285,394
13.0331401825,80.2676773071,78285,78295,10
13.0330400467,80.2676391602,78295,78305,10
13.0327501297,80.2676086426,78305,78315,10
13.0324602127,80.2674407959,78315,78325,10
13.0319795609,80.2672119141,78325,78335,10
13.0313596725,80.2669219971,78335,78346,11
13.0305995941,80.2667617798,78346,78356,10
13.0298995972,80.2666320801,78356,78365,9
13.0297203064,80.2666015625,78365,78376,11
13.0295801163,80.2666015625,78376,78396,20
13.0295801163,80.2666015625,78396,78406,10
13.0292701721,80.2666015625,78406,78415,9
13.0289802551,80.2664489746,78415,78426,11
13.0284004211,80.2663116455,78426,78436,10
13.0277204514,80.2661819458,78436,78447,11
13.0269403458,80.2660598755,78447,78457,10
13.0262899399,80.2659835815,78457,78477,20
13.0262899399,80.2659835815,78477,78487,10
13.0262002945,80.2659683228,78487,78497,10
13.0258998871,80.2657623291,78497,78507,10
13.0253896713,80.2654418945,78507,78517,10
13.0251998901,80.2653274536,78517,78527,10
13.0250902176,80.2652587891,78527,78538,11
13.0248003006,80.265007019,78538,78548,10
13.0242900848,80.2646408081,78548,78558,10
13.0236597061,80.2642364502,78558,78568,10
13.0230302811,80.2638397217,78568,78578,10
13.0222997665,80.2634811401,78578,78588,10
13.0219402313,80.2633132935,78588,78598,10
13.0214996338,80.2631607056,78598,78608,10
13.0209598541,80.2630615234,78608,78618,10
13.0201196671,80.2630081177,78618,78628,10
13.0193996429,80.2629394531,78628,78639,11
13.0189199448,80.2627868652,78639,78649,10
13.0188102722,80.2622299194,78649,78659,10
13.0186796188,80.2615509033,78659,78669,10
13.0182504654,80.2610931396,78669,78679,10
13.0176897049,80.2607192993,78679,78689,10
13.0171098709,80.2602996826,78689,78699,10
13.0164604187,80.2598876953,78699,78709,10
13.015999794,80.2596588135,78709,78719,10
13.0158500671,80.2596206665,78719,78729,10
13.0153903961,80.2594528198,78729,78739,10
13.014749527,80.2593383789,78739,78750,11
13.0140800476,80.2593002319,78750,78760,10
13.013420105,80.2592773438,78760,78770,10
13.0127401352,80.2592468262,78770,78780,10
13.0120897293,80.2592163086,78780,78790,10
13.0114202499,80.2592010498,78790,78800,10
13.0107297897,80.2592010498,78800,78810,10
13.0100603104,80.259262085,78810,78820,10
13.0094099045,80.2592163086,78820,78830,10
13.0087995529,80.2591934204,78830,78841,11
13.0085201263,80.2591781616,78841,78851,10
13.008099556,80.259147644,78851,78861,10
13.0075998306,80.2593002319,78861,78871,10
13.007229805,80.2589263916,78871,78881,10
13.0071201324,80.2586288452,78881,78891,10
13.0069904327,80.2583618164,78891,78901,10
13.0067996979,80.2580032349,78901,78911,10
13.0065002441,80.2576599121,78911,78960,49
13.0065002441,80.2576599121,78960,78970,10
13.0064001083,80.2573013306,78970,78980,10
13.0064296722,80.2568283081,78980,78990,10
13.0064496994,80.2562332153,78990,79000,10
13.0064601898,80.2554702759,79000,79010,10
13.0065002441,80.2548828125,79010,79020,10
13.0064601898,80.2542419434,79020,79030,10
13.0065002441,80.2532577515,79030,79051,21
13.0065002441,80.2532577515,79051,79060,9
13.0065097809,80.2530822754,79060,79071,11
13.0064897537,80.2528381348,79071,79081,10
13.0065097809,80.2526779175,79081,79091,10
13.0065097809,80.2525024414,79091,79101,10
13.0065402985,80.2522506714,79101,79142,41
13.0065402985,80.2522506714,79142,79152,10
13.006529808,80.252166748,79152,79162,10
13.0065603256,80.2518234253,79162,79172,10
13.0066699982,80.2512283325,79172,79182,10
13.0067195892,80.2505111694,79182,79192,10
13.0067100525,80.2497787476,79192,79202,10
13.0066995621,80.2495574951,79202,79212,10
13.0066900253,80.2492370605,79212,79222,10
13.0066404343,80.2487335205,79222,79232,10
13.0066099167,80.2483062744,79232,79243,11
13.0065898895,80.2479171753,79243,79253,10
13.0066003799,80.2474594116,79253,79263,10
13.0066099167,80.2468566895,79263,79273,10
13.0065402985,80.2465591431,79273,79283,10
13.0065402985,80.2465362549,79283,79293,10
13.0065803528,80.2463912964,79293,79303,10
13.0066099167,80.2459564209,79303,79313,10
13.0066204071,80.2453765869,79313,79323,10
13.0066204071,80.244758606,79323,79333,10
13.0065898895,80.2444000244,79333,79344,11
13.0065603256,80.2440032959,79344,79354,10
13.0065402985,80.2434234619,79354,79364,10
13.0065202713,80.2427368164,79364,79374,10
13.0065002441,80.2419815063,79374,79384,10
13.0065002441,80.2416229248,79384,79394,10
13.0064897537,80.2415466309,79394,79404,10
13.0065402985,80.2412414551,79404,79414,10
13.0066099167,80.2407302856,79414,79424,10
13.0067195892,80.2401199341,79424,79434,10
13.0069999695,80.2385864258,79434,79445,11
13.0069999695,80.2385864258,79445,79455,10
13.0071601868,80.2378234863,79455,79465,10
13.0073003769,80.2372283936,79465,79481,16
13.0073795319,80.2367019653,79481,79493,12
13.0074796677,80.236366272,79493,79501,8
13.0075502396,80.236000061,79501,79512,11
13.0076704025,80.2354202271,79512,79523,11
13.0078296661,80.2346420288,79523,79533,10
13.0079698563,80.2339401245,79533,79544,11
13.0081300735,80.2331008911,79544,79554,10
13.0082798004,80.2322998047,79554,79564,10
13.0084199905,80.2314834595,79564,79574,10
13.0085897446,80.2306365967,79574,79583,9
13.0087203979,80.2299499512,79583,79594,11
13.0089101791,80.2290267944,79594,79604,10
13.0090799332,80.2282333374,79604,79614,10
13.0094003677,80.2274627686,79614,79624,10
13.0097799301,80.2266387939,79624,79634,10
13.0101299286,80.2258682251,79634,79646,12
13.0105800629,80.2249679565,79646,79657,11
13.0109300613,80.2241210938,79657,79666,9
13.0112199783,80.2233734131,79666,79677,11
13.0114002228,80.2229690552,79677,79688,11
13.0116100311,80.2224807739,79688,79698,10
13.0118103027,80.2217636108,79698,79708,10
13.0122699738,80.2215270996,79708,79718,10
13.0126399994,80.2220535278,79718,79728,10
13.0131397247,80.2225723267,79728,79739,11
13.0137701035,80.2232513428,79739,79749,10
13.0142498016,80.223777771,79749,79759,10
13.014840126,80.2244567871,79759,79769,10
13.0152702332,80.2248382568,79769,79779,10
13.0152797699,80.2248382568,79779,79789,10
13.01541996,80.2249298096,79789,79799,10
13.015879631,80.2252120972,79799,79809,10
13.0165996552,80.2251968384,79809,79819,10
13.0174102783,80.224899292,79819,79829,10
13.0182199478,80.224571228,79829,79840,11
13.0191402435,80.2243423462,79840,79850,10
13.0199098587,80.2246780396,79850,79860,10
13.0206403732,80.2251968384,79860,79870,10
13.0213403702,80.225730896,79870,79880,10
13.021900177,80.2260818481,79880,79900,20
13.021900177,80.2260818481,79900,79910,10
13.02202034,80.2262115479,79910,79920,10
13.0224199295,80.2265472412,79920,79930,10
13.0229902267,80.2270431519,79930,79941,11
13.0236797333,80.2276763916,79941,79951,10
13.0242004395,80.2282714844,79951,79961,10
13.0244903564,80.2286834717,79961,79971,10
13.0249099731,80.2292480469,79971,79981,10
13.0254001617,80.2298812866,79981,79991,10
13.0257196426,80.2304229736,79991,80001,10
13.0260000229,80.2312088013,80001,80011,10
13.0263996124,80.2312316895,80011,80021,10
13.0270204544,80.2310791016,80021,80032,11
13.0278396606,80.2309188843,80032,80042,10
13.0284700394,80.2308502197,80042,80052,10
13.0284795761,80.2308425903,80052,80062,10
13.0288295746,80.2308120728,80062,80072,10
13.0293703079,80.2307891846,80072,80082,10
13.0297803879,80.2307510376,80082,80092,10
13.0304498672,80.2306976318,80092,80102,10
13.030670166,80.2306671143,80102,80112,10
13.0311698914,80.2306213379,80112,80128,16
13.0323801041,80.2305297852,80128,80141,13
13.0334596634,80.23046875,80141,80151,10
13.0340204239,80.2304077148,80151,80171,20
13.0340204239,80.2304077148,80171,80181,10
13.0340900421,80.2303771973,80181,80191,10
13.034330368,80.2303314209,80191,80201,10
13.0346298218,80.2302474976,80201,80211,10
13.0348300934,80.2301712036,80211,80221,10
13.0350103378,80.2299118042,80221,80231,10
13.034819603,80.2297973633,80231,80242,11
13.0343704224,80.2297515869,80242,80252,10
13.0341396332,80.2300415039,80252,81230,978
13.0343999863,80.229927063,81230,81572,342
13.0343999863,80.229927063,81572,81582,10
13.0341396332,80.2300186157,81582,85494,3912
13.0342702866,80.2299880981,85494,85916,422
13.0342702866,80.2299880981,85916,85926,10
13.0342597961,80.230430603,85926,85936,10
