13.075920105,80.2752532959,18,21485,21467
13.075920105,80.2752532959,21485,21495,10
13.0758399963,80.2753982544,21495,21505,10
13.0760097504,80.2758026123,21505,21606,101
13.0760097504,80.2758026123,21606,21616,10
13.075920105,80.2762298584,21616,21626,10
13.0760803223,80.2762985229,21626,21637,11
13.0765399933,80.276260376,21637,21647,10
13.0770998001,80.2762298584,21647,21657,10
13.0778198242,80.2761917114,21657,21667,10
13.0782203674,80.2757415771,21667,21677,10
13.0784902573,80.2752532959,21677,21687,10
13.079000473,80.2751617432,21687,21697,10
13.0796604156,80.2752914429,21697,21708,11
13.0805196762,80.2752532959,21708,21718,10
13.0812397003,80.2751617432,21718,21728,10
13.0813503265,80.275138855,21728,21738,10
13.0816497803,80.2751617432,21738,21748,10
13.0820798874,80.2753295898,21748,21839,91
13.0820798874,80.2757034302,21839,21859,20
13.0820798874,80.2757034302,21859,21870,11
13.0820503235,80.2758865356,21870,21880,10
13.0818395615,80.2760620117,21880,21890,10
13.0817804337,80.2764129639,21890,21900,10
13.0817804337,80.2770614624,21900,21910,10
13.0818901062,80.2780075073,21910,21920,10
13.0820198059,80.2783737183,21920,21930,10
13.0819301605,80.2783203125,21930,21940,10
13.0819196701,80.2778778076,21940,21951,11
13.081870079,80.2772216797,21951,21961,10
13.0818195343,80.2766494751,21961,21971,10
13.0816802979,80.2760772705,21971,21981,10
13.081609726,80.2756195068,21981,22011,30
13.081609726,80.2756195068,22011,22022,11
13.081489563,80.2752380371,22022,22032,10
13.0810604095,80.2752304077,22032,22042,10
13.0804395676,80.2752914429,22042,22052,10
13.0796003342,80.2753295898,22052,22062,10
13.0788002014,80.2751922607,22062,22072,10
13.0783004761,80.275680542,22072,22082,10
13.0778999329,80.276222229,22082,22092,10
13.0770902634,80.2762832642,22092,22103,11
13.0762500763,80.2763214111,22103,22113,10
13.0757102966,80.2763519287,22113,22123,10
13.0751695633,80.2763595581,22123,22133,10
13.0742101669,80.2764129639,22133,22143,10
13.0733299255,80.276222229,22143,22153,10
13.0725402832,80.2753067017,22153,22163,10
13.0716295242,80.2745437622,22163,22172,9
13.0706996918,80.2742080688,22172,22194,22
13.0706996918,80.2742080688,22194,22204,10
13.0704498291,80.2738265991,22204,22214,10
13.0701303482,80.2732696533,22214,22224,10
13.0695199966,80.2725601196,22224,22234,10
13.068570137,80.2718887329,22234,22265,31
13.068570137,80.2718887329,22265,22275,10
13.0683803558,80.2717208862,22275,22285,10
13.067990303,80.2711410522,22285,22295,10
13.0673999786,80.2704086304,22295,22305,10
13.0666904449,80.2695922852,22305,22314,9
13.0664396286,80.2686004639,22314,22325,11
13.065990448,80.2679672241,22325,22335,10
13.0654497147,80.267616272,22335,22346,11
13.0648403168,80.2674865723,22346,22356,10
13.0639801025,80.2673416138,22356,22366,10
13.0631303787,80.2671890259,22366,22376,10
13.0624904633,80.2668685913,22376,22386,10
13.0618696213,80.2661209106,22386,22396,10
13.0613603592,80.2654418945,22396,22406,10
13.0607204437,80.2652206421,22406,22417,11
13.0603599548,80.2654266357,22417,22427,10
13.0596704483,80.265586853,22427,22437,10
13.0587997437,80.2654571533,22437,22447,10
13.0581102371,80.2649993896,22447,22457,10
13.0579996109,80.2639083862,22457,22467,10
13.0578603745,80.2623977661,22467,22477,10
13.0576095581,80.261100769,22477,22487,10
13.0572595596,80.2599868774,22487,22498,11
13.0567798615,80.2585601807,22498,22508,10
13.0566101074,80.2574081421,22508,22518,10
13.0565500259,80.257232666,22518,22528,10
13.0564804077,80.2568435669,22528,22538,10
13.0561504364,80.2560806274,22538,22548,10
13.0555095673,80.2551879883,22548,22558,10
13.0547800064,80.2542419434,22558,22568,10
13.0537996292,80.2529373169,22568,22579,11
13.0530004501,80.2518615723,22579,22589,10
13.0521802902,80.250793457,22589,22599,10
13.0509395599,80.250038147,22599,22609,10
13.0493803024,80.2497634888,22609,22619,10
13.0484600067,80.2496032715,22619,22629,10
13.0478496552,80.2491989136,22629,22639,10
13.0472002029,80.2486572266,22639,22649,10
13.0468397141,80.2485809326,22649,22660,11
13.0461101532,80.2484893799,22660,22670,10
13.0451698303,80.2481079102,22670,22680,10
13.0444498062,80.2479934692,22680,22690,10
13.0438098907,80.2478713989,22690,22700,10
13.0429897308,80.2477111816,22700,22710,10
13.0420598984,80.2474899292,22710,22720,10
13.0408401489,80.247253418,22720,22730,10
13.0396404266,80.2470474243,22730,22741,11
13.0386104584,80.2468109131,22741,22751,10
13.0376901627,80.2466278076,22751,22761,10
13.0367002487,80.2464370728,22761,22771,10
13.0356702805,80.2461700439,22771,22781,10
13.0352096558,80.2460174561,22781,22791,10
13.0350999832,80.2459411621,22791,22801,10
13.0346803665,80.2455215454,22801,22811,10
13.0341596603,80.2448806763,22811,22822,11
13.0334796906,80.2439498901,22822,22832,10
13.0326595306,80.2428894043,22832,22842,10
13.0319595337,80.2418670654,22842,22852,10
13.0315799713,80.2410430908,22852,22862,10
13.0311403275,80.240020752,22862,22872,10
13.0309696198,80.2395935059,22872,22882,10
13.0306396484,80.2389831543,22882,22893,11
13.0300397873,80.2378921509,22893,22903,10
13.029129982,80.2366867065,22903,22913,10
13.0279903412,80.2353973389,22913,22923,10
13.0270500183,80.23387146,22923,22933,10
13.02643013,80.2327880859,22933,22943,10
13.02602005,80.2314605713,22943,22953,10
13.0255899429,80.2302932739,22953,22963,10
13.0248098373,80.2291793823,22963,22974,11
13.0242204666,80.2284698486,22974,22984,10
13.0236997604,80.2278289795,22984,22994,10
13.0233201981,80.2274780273,22994,23004,10
13.0232400894,80.2274169922,23004,23014,10
13.0230398178,80.2272109985,23014,23024,10
13.0225601196,80.2267074585,23024,23034,10
13.0218696594,80.2260971069,23034,23044,10
13.0209798813,80.2254104614,23044,23055,11
13.0198001862,80.2246398926,23055,23065,10
13.0187397003,80.2244567871,23065,23075,10
13.0176200867,80.224937439,23075,23085,10
13.0164699554,80.2254180908,23085,23095,10
13.0155200958,80.2257919312,23095,23105,10
13.0144300461,80.2262191772,23105,23125,20
13.0144300461,80.2262191772,23125,23136,11
13.0140104294,80.226348877,23136,23146,10
13.0132703781,80.2266387939,23146,23156,10
13.0122003555,80.2270584106,23156,23166,10
13.0109395981,80.2275619507,23166,23176,10
13.0097999573,80.2280426025,23176,23186,10
13.0091199875,80.2288208008,23186,23196,10
13.0088996887,80.2300491333,23196,23206,10
13.0086603165,80.2314376831,23206,23217,11
13.0083904266,80.2329864502,23217,23227,10
13.0082597733,80.2335205078,23227,23237,10
13.0081796646,80.2337265015,23237,23247,10
13.0080699921,80.2343215942,23247,23257,10
13.0078897476,80.2352371216,23257,23267,10
13.0076503754,80.2364807129,23267,23277,10
13.007399559,80.2378311157,23277,23287,10
13.0071697235,80.2391586304,23287,23298,11
13.0069599152,80.2402801514,23298,23308,10
13.0068597794,80.2406463623,23308,23318,10
13.0068101883,80.2408370972,23318,23328,10
13.0067596436,80.2412261963,23328,23338,10
13.0067195892,80.2423629761,23338,23348,10
13.0066795349,80.2434387207,23348,23358,10
13.0066795349,80.2446212769,23358,23369,11
13.0067300797,80.2456665039,23369,23379,10
13.0067195892,80.246421814,23379,23389,10
13.0067300797,80.2471313477,23389,23399,10
13.0064001083,80.2474517822,23399,23429,30
13.0064001083,80.2474517822,23429,23439,10
13.0061302185,80.2473602295,23439,23450,11
13.0056400299,80.2473526001,23450,23460,10
13.0048303604,80.2473831177,23460,23470,10
13.0037202835,80.2475280762,23470,23480,10
13.0024595261,80.2477493286,23480,23490,10
13.0012598038,80.2480392456,23490,23500,10
12.9997596741,80.2484130859,23500,23510,10
12.9981498718,80.2488174438,23510,23520,10
12.9964599609,80.2492218018,23520,23531,11
12.9946098328,80.2497177124,23531,23541,10
12.9928998947,80.2501296997,23541,23551,10
12.9914999008,80.2505111694,23551,23561,10
12.9910497665,80.250617981,23561,23571,10
12.9906997681,80.2506790161,23571,23581,10
12.9899396896,80.2508621216,23581,23591,10
12.9888896942,80.2511062622,23591,23601,10
12.9880399704,80.2513504028,23601,23612,11
12.9878396988,80.251411438,23612,23622,10
12.9873199463,80.2515335083,23622,23632,10
12.9864301682,80.2517700195,23632,23642,10
12.9853096008,80.2520599365,23642,23652,10
12.984000206,80.2524185181,23652,23662,10
12.9827098846,80.2526397705,23662,23672,10
12.9814100266,80.2526931763,23672,23682,10
12.9802703857,80.2527236938,23682,23693,11
12.9790401459,80.2526626587,23693,23703,10
12.9785995483,80.252571106,23703,23713,10
12.9783601761,80.2524337769,23713,23723,10
12.9777603149,80.2519226074,23723,23733,10
12.9767904282,80.2513198853,23733,23743,10
12.9754896164,80.2509002686,23743,23753,10
12.9740495682,80.25050354,23753,23763,10
12.9725198746,80.2500762939,23763,23774,11
12.9707698822,80.2496414185,23774,23784,10
12.9691801071,80.2490234375,23784,23794,10
12.9675998688,80.2483825684,23794,23804,10
12.9664402008,80.247833252,23804,23814,10
12.9656801224,80.2475204468,23814,23824,10
12.9651098251,80.2473220825,23824,23834,10
12.9649400711,80.2472610474,23834,23845,11
12.9643096924,80.2470169067,23845,23855,10
12.9634504318,80.2466812134,23855,23865,10
12.9623804092,80.246131897,23865,23875,10
12.9611597061,80.2455291748,23875,23885,10
12.9598197937,80.2449417114,23885,23895,10
12.9589595795,80.2445602417,23895,23905,10
12.9579601288,80.244140625,23905,23915,10
12.9572496414,80.2438964844,23915,23926,11
12.9564199448,80.2436828613,23926,23936,10
12.9562301636,80.243598938,23936,23946,10
12.9555501938,80.2432098389,23946,23956,10
12.954580307,80.2427520752,23956,23966,10
12.9533395767,80.2422409058,23966,23976,10
12.9521398544,80.2417831421,23976,23986,10
12.9509801865,80.2413635254,23986,23996,10
12.9497995377,80.2409896851,23996,24007,11
12.948800087,80.2406616211,24007,24017,10
12.9479703903,80.2403182983,24017,24027,10
12.9469995499,80.2399215698,24027,24037,10
12.9458198547,80.2394104004,24037,24047,10
12.9447002411,80.2385635376,24047,24057,10
12.9436597824,80.237449646,24057,24067,10
12.9425096512,80.2365264893,24067,24077,10
12.9410200119,80.2360992432,24077,24088,11
12.9397697449,80.2357635498,24088,24098,10
12.9395999908,80.2356796265,24098,24108,10
12.939040184,80.2353820801,24108,24118,10
12.9380598068,80.2348632813,24118,24128,10
12.9369001389,80.2342987061,24128,24138,10
12.9360904694,80.2339630127,24138,24148,10
12.9356498718,80.2337265015,24148,24158,10
12.9347801208,80.2333068848,24158,24169,11
12.9338598251,80.2329483032,24169,24179,10
12.9329996109,80.2325515747,24179,24189,10
12.9317398071,80.2321090698,24189,24199,10
12.9302597046,80.2316513062,24199,24209,10
12.9287500381,80.2313079834,24209,24219,10
12.9272603989,80.2311096191,24219,24229,10
12.9261798859,80.2310028076,24229,24239,10
12.9259500504,80.2309799194,24239,24250,11
12.9252300262,80.2308578491,24250,24260,10
12.9241600037,80.2307434082,24260,24270,10
12.9228000641,80.2305374146,24270,24280,10
12.921210289,80.2303009033,24280,24290,10
12.9195299149,80.2301025391,24290,24300,10
12.9179096222,80.2298965454,24300,24310,10
12.9163198471,80.2296829224,24310,24321,11
12.9146299362,80.2294311523,24321,24331,10
12.9134197235,80.2293014526,24331,24341,10
12.9132604599,80.2292785645,24341,24351,10
12.9129400253,80.2292098999,24351,24361,10
12.9121198654,80.2290802002,24361,24371,10
12.9109096527,80.2288818359,24371,24381,10
12.9093704224,80.2286605835,24381,24391,10
12.9077301025,80.2283935547,24391,24402,11
12.9064798355,80.2282791138,24402,24412,10
12.9061498642,80.2282562256,24412,24422,10
12.9059896469,80.2282409668,24422,24432,10
12.9052696228,80.2281723022,24432,24442,10
12.9041795731,80.2281112671,24442,24452,10
12.9031200409,80.2280502319,24452,24462,10
12.9015798569,80.2279815674,24462,24472,10
12.9011602402,80.2279663086,24472,24483,11
12.901049614,80.2279586792,24483,24493,10
12.900560379,80.2279129028,24493,24503,10
12.8997497559,80.2278823853,24503,24513,10
12.899479866,80.2278671265,24513,24523,10
12.899020195,80.2278289795,24523,24533,10
12.8981304169,80.2277832031,24533,24543,10
12.8969497681,80.2276992798,24543,24553,10
12.8955802917,80.2276611328,24553,24564,11
12.8938999176,80.2275619507,24564,24574,10
12.892490387,80.2274017334,24574,24584,10
12.8910903931,80.2273483276,24584,24594,10
12.8895797729,80.2273483276,24594,24604,10
12.8880596161,80.2273101807,24604,24614,10
12.886639595,80.2270889282,24614,24624,10
12.8853502274,80.2267913818,24624,24634,10
12.8849496841,80.2267379761,24634,24645,11
12.8847999573,80.2267227173,24645,24655,10
12.8841400146,80.2267227173,24655,24665,10
12.8830900192,80.2267227173,24665,24675,10
12.8817396164,80.2267303467,24675,24685,10
12.8802099228,80.2267379761,24685,24695,10
12.8785800934,80.2267837524,24695,24705,10
12.8770999908,80.2269210815,24705,24715,10
12.8763904572,80.2269973755,24715,24726,11
12.8762702942,80.2269973755,24726,24736,10
12.8756198883,80.2269668579,24736,24746,10
12.8746099472,80.2268600464,24746,24756,10
12.8733596802,80.2267303467,24756,24766,10
12.8727703094,80.2267227173,24766,24776,10
12.872300148,80.2266769409,24776,24786,10
12.8714199066,80.2266387939,24786,24797,11
12.8701696396,80.2265625,24797,24807,10
12.8687896729,80.2264099121,24807,24817,10
12.8672504425,80.2264633179,24817,24827,10
12.8657999039,80.2265777588,24827,24837,10
12.8641996384,80.2265625,24837,24847,10
12.8625297546,80.2265625,24847,24857,10
12.8608398438,80.2265777588,24857,24867,10
12.8592195511,80.2263793945,24867,24878,11
12.857629776,80.2262573242,24878,24888,10
12.8561201096,80.2264099121,24888,24898,10
12.8545503616,80.2265777588,24898,24908,10
12.8529195786,80.2267227173,24908,24918,10
12.8512601852,80.2266616821,24918,24928,10
12.8499298096,80.2266387939,24928,24938,10
12.8495702744,80.2266235352,24938,24948,10
12.8488197327,80.226600647,24948,24959,11
12.8475103378,80.226600647,24959,24969,10
12.8460903168,80.226600647,24969,24979,10
12.8452997208,80.2266082764,24979,24989,10
12.8450202942,80.2266235352,24989,24999,10
12.8443002701,80.2266769409,24999,25009,10
12.8432598114,80.2267990112,25009,25019,10
12.8419599533,80.2270812988,25019,25029,10
12.8403997421,80.2275085449,25029,25040,11
12.8397397995,80.227722168,25040,25050,10
12.8392801285,80.2278594971,25050,25060,10
12.8383998871,80.2280731201,25060,25070,10
12.8372001648,80.2283096313,25070,25080,10
12.8357696533,80.2285232544,25080,25090,10
12.8341999054,80.228767395,25090,25100,10
12.8327198029,80.229057312,25100,25110,10
12.8323202133,80.2291412354,25110,25121,11
12.8319597244,80.2292098999,25121,25131,10
12.8312301636,80.2293777466,25131,25141,10
12.8302402496,80.2297363281,25141,25151,10
12.8290500641,80.2302093506,25151,25161,10
12.8277397156,80.2309265137,25161,25171,10
12.8262901306,80.2313766479,25171,25181,10
12.8246803284,80.2313690186,25181,25191,10
12.8232002258,80.2309799194,25191,25202,11
12.8215999603,80.2305221558,25202,25212,10
12.820110321,80.2304916382,25212,25222,10
12.8186998367,80.2304000854,25222,25232,10
12.8173999786,80.2298126221,25232,25242,10
12.8159799576,80.2294387817,25242,25252,10
12.8145198822,80.2292175293,25252,25262,10
12.8131303787,80.228843689,25262,25273,11
12.811750412,80.2283477783,25273,25283,10
12.810549736,80.2278823853,25283,25293,10
12.8092803955,80.2273025513,25293,25303,10
12.8081302643,80.2264328003,25303,25313,10
12.8072595596,80.2256774902,25313,25323,10
12.8066196442,80.2250976563,25323,25333,10
12.8059301376,80.2244796753,25333,25343,10
12.8052396774,80.2240829468,25343,25354,11
12.8051595688,80.2240524292,25354,25364,10
12.8050003052,80.2239837646,25364,25374,10
12.8045301437,80.2238998413,25374,25384,10
12.8037796021,80.2238388062,25384,25394,10
12.8027496338,80.223739624,25394,25404,10
12.8013401031,80.2235870361,25404,25414,10
12.800860405,80.2235565186,25414,25424,10
12.8004198074,80.2235031128,25424,25435,11
12.7994499207,80.2234191895,25435,25445,10
12.7982597351,80.2232437134,25445,25455,10
12.7969102859,80.2230682373,25455,25465,10
12.7962303162,80.2229614258,25465,25475,10
12.7959003448,80.2229003906,25475,25485,10
12.7950401306,80.2227096558,25485,25495,10
12.7937498093,80.2225265503,25495,25505,10
12.7921495438,80.2222976685,25505,25516,11
12.7903995514,80.2218475342,25516,25526,10
12.7892503738,80.2214889526,25526,25536,10
12.788359642,80.2211380005,25536,25546,10
12.7875499725,80.2208404541,25546,25556,10
12.7868700027,80.2205810547,25556,25566,10
12.7863798141,80.2203826904,25566,25576,10
12.7863903046,80.2203903198,25576,25586,10
12.7862100601,80.2203598022,25586,25597,11
12.786190033,80.2206726074,25597,25607,10
12.7862195969,80.2210617065,25607,25617,10
12.7862501144,80.2216033936,25617,25627,10
12.7863197327,80.2219924927,25627,26903,1276
12.7863197327,80.2219924927,26903,26914,11
12.7863502502,80.2217636108,26914,26924,10
12.7862901688,80.2215576172,26924,26934,10
12.7862701416,80.2212219238,26934,26944,10
12.786239624,80.2207794189,26944,26954,10
12.7862300873,80.2204589844,26954,26964,10
12.786239624,80.2204208374,26964,26974,10
12.7863998413,80.2203521729,26974,27005,31
12.7863998413,80.2203521729,27005,27015,10
12.7867002487,80.2205200195,27015,27025,10
12.7870998383,80.2206878662,27025,27035,10
12.7877197266,80.2209396362,27035,27045,10
12.7881402969,80.2211074829,27045,27055,10
12.7887802124,80.2213516235,27055,27065,10
12.7895002365,80.2216262817,27065,27076,11
12.7904596329,80.2218933105,27076,27086,10
12.7914495468,80.2221298218,27086,27096,10
12.7925796509,80.2224121094,27096,27106,10
12.7938404083,80.2226028442,27106,27116,10
12.7950897217,80.2227783203,27116,27126,10
12.7961797714,80.2229614258,27126,27136,10
12.7964696884,80.2229995728,27136,27147,11
12.7968902588,80.2230911255,27147,27157,10
12.7976198196,80.2232208252,27157,27167,10
12.7985801697,80.2233123779,27167,27177,10
12.7997999191,80.2234191895,27177,27187,10
12.8010196686,80.2235412598,27187,27197,10
12.8015003204,80.2236099243,27197,27207,10
12.8016996384,80.2236633301,27207,27217,10
12.802280426,80.2237091064,27217,27228,11
12.8031101227,80.2238311768,27228,27238,10
12.8039903641,80.2239074707,27238,27248,10
12.804889679,80.2239837646,27248,27258,10
12.8055400848,80.2241363525,27258,27268,10
12.8056097031,80.2241821289,27268,27278,10
12.8057203293,80.2242584229,27278,27288,10
12.8061599731,80.2246322632,27288,27298,10
12.8068304062,80.225151062,27298,27309,11
12.80768013,80.2259216309,27309,27319,10
12.8086004257,80.2267227173,27319,27329,10
12.8095998764,80.2274475098,27329,27339,10
12.8108596802,80.2279891968,27339,27349,10
12.8122301102,80.2285079956,27349,27359,10
12.8136196136,80.2289962769,27359,27369,10
12.815079689,80.229309082,27369,27379,10
12.8165903091,80.2295227051,27379,27390,11
12.8181400299,80.2301025391,27390,27400,10
12.8194198608,80.2304992676,27400,27410,10
12.8198003769,80.23046875,27410,27420,10
12.819849968,80.2304763794,27420,27430,10
12.8203601837,80.23046875,27430,27440,10
12.8212995529,80.23046875,27440,27450,10
12.8224601746,80.2307128906,27450,27460,10
12.8237600327,80.231086731,27460,27471,11
12.8252496719,80.2313766479,27471,27481,10
12.8265199661,80.231338501,27481,27491,10
12.8277797699,80.2309036255,27491,27501,10
12.829079628,80.230178833,27501,27511,10
12.8304195404,80.2296295166,27511,27521,10
12.8311004639,80.2293701172,27521,27542,21
12.8311004639,80.2293701172,27542,27552,10
12.8314800262,80.2292633057,27552,27562,10
12.831990242,80.2291183472,27562,27572,10
12.8327903748,80.2289733887,27572,27582,10
12.8337802887,80.2287979126,27582,27592,10
12.8349399567,80.2285919189,27592,27602,10
12.8359603882,80.2284393311,27602,27612,10
12.8375797272,80.2281799316,27612,27623,11
12.8389797211,80.2278594971,27623,27633,10
12.8394603729,80.2276992798,27633,27643,10
12.8395996094,80.2276535034,27643,27653,10
12.840180397,80.2275238037,27653,27663,10
12.8409996033,80.2273025513,27663,27673,10
12.8420600891,80.2270812988,27673,27683,10
12.8432798386,80.2268295288,27683,27693,10
12.8445501328,80.2266464233,27693,27704,11
12.845459938,80.2265625,27704,27714,10
12.8454704285,80.2265625,27714,27724,10
12.8456201553,80.2265701294,27724,27734,10
12.8461799622,80.2265777588,27734,27744,10
12.8470802307,80.2265625,27744,27754,10
12.8482398987,80.2265701294,27754,27764,10
12.8495397568,80.2265625,27764,27774,10
12.8508300781,80.2265396118,27774,27785,11
12.8513097763,80.2265625,27785,27795,10
12.8520698547,80.2266235352,27795,27805,10
12.8529996872,80.2266464233,27805,27815,10
12.8542404175,80.2265167236,27815,27825,10
12.8556499481,80.2263717651,27825,27835,10
12.8571996689,80.2262191772,27835,27845,10
12.858710289,80.2262268066,27845,27855,10
12.8608703613,80.2265090942,27855,27876,21
12.8608703613,80.2265090942,27876,27886,10
12.8612499237,80.2265625,27886,27896,10
12.8621101379,80.2265167236,27896,27906,10
12.8633003235,80.2264709473,27906,27916,10
12.8647699356,80.2265396118,27916,27926,10
12.866399765,80.2265167236,27926,27936,10
12.8680200577,80.2263793945,27936,27947,11
12.8697795868,80.2264862061,27947,27957,10
12.8713798523,80.2266235352,27957,27967,10
12.8725996017,80.2266311646,27967,27977,10
12.8728199005,80.2266235352,27977,27987,10
12.8729200363,80.2266387939,27987,27997,10
12.8734397888,80.2266616821,27997,28007,10
12.8743200302,80.2267379761,28007,28018,11
12.875579834,80.2269210815,28018,28028,10
12.8764095306,80.2269210815,28028,28038,10
12.8767404556,80.2268676758,28038,28058,20
12.8767404556,80.2268676758,28058,28068,10
12.8770503998,80.226890564,28068,28078,10
12.8777198792,80.2268295288,28078,28088,10
12.8786897659,80.2267379761,28088,28099,11
12.8800096512,80.2266998291,28099,28109,10
12.881360054,80.2266769409,28109,28119,10
12.8827800751,80.2266616821,28119,28129,10
12.8841400146,80.2266387939,28129,28139,10
12.8851003647,80.2266387939,28139,28169,30
12.8851003647,80.2266387939,28169,28180,11
12.8853702545,80.2266998291,28180,28190,10
12.8860197067,80.2268371582,28190,28200,10
12.8869495392,80.2270812988,28200,28210,10
12.8880796432,80.2273101807,28210,28220,10
12.8895397186,80.2273330688,28220,28230,10
12.8910903931,80.2273025513,28230,28240,10
12.8920097351,80.2273406982,28240,28250,10
12.8922796249,80.2273635864,28250,28261,11
12.8929004669,80.2274169922,28261,28271,10
12.8938598633,80.2275238037,28271,28281,10
12.8951396942,80.2275924683,28281,28291,10
12.8966798782,80.2276611328,28291,28301,10
12.8983201981,80.2277526855,28301,28311,10
12.8999099731,80.2278366089,28311,28321,10
12.9011201859,80.2279510498,28321,28332,11
12.9027996063,80.2279815674,28332,28362,30
12.9027996063,80.2279815674,28362,28372,10
12.903169632,80.2279968262,28372,28382,10
12.9039201736,80.2280578613,28382,28392,10
12.9049196243,80.2281036377,28392,28402,10
12.9061002731,80.2281570435,28402,28413,11
12.9069595337,80.2282409668,28413,28423,10
12.9070701599,80.228302002,28423,28433,10
12.9076004028,80.2283782959,28433,28443,10
12.9085597992,80.2285079956,28443,28453,10
12.9095201492,80.2286682129,28453,28463,10
12.9111995697,80.2289276123,28463,28473,10
12.9126796722,80.229133606,28473,28483,10
12.9140195847,80.229309082,28483,28514,31
12.9140195847,80.229309082,28514,28524,10
12.9146203995,80.2294235229,28524,28534,10
12.9159002304,80.2295913696,28534,28544,10
12.917140007,80.2297973633,28544,28554,10
12.9185695648,80.2299423218,28554,28564,10
12.9200201035,80.2301101685,28564,28575,11
12.9216299057,80.2303237915,28575,28585,10
12.9230203629,80.2305297852,28585,28595,10
12.9244203568,80.23072052,28595,28605,10
12.9256401062,80.2308883667,28605,28615,10
12.9263801575,80.2309570313,28615,28625,10
12.9263801575,80.2309799194,28625,28635,10
12.9268398285,80.2310333252,28635,28645,10
12.9278097153,80.2311325073,28645,28656,11
12.9289703369,80.231300354,28656,28666,10
12.9302597046,80.231590271,28666,28676,10
12.9316701889,80.2320175171,28676,28686,10
12.932970047,80.2324523926,28686,28696,10
12.933719635,80.2327804565,28696,28706,10
12.9337997437,80.2328491211,28706,28716,10
12.9342098236,80.233039856,28716,28726,10
12.9351396561,80.2334518433,28726,28737,11
12.9361896515,80.2339324951,28737,28747,10
12.9373703003,80.2344894409,28747,28757,10
12.9386396408,80.2350997925,28757,28767,10
12.9395799637,80.2355804443,28767,28777,10
12.9396896362,80.2356414795,28777,28787,10
12.9400501251,80.2358169556,28787,28797,10
12.940990448,80.2360916138,28797,28808,11
12.9423999786,80.2364425659,28808,28818,10
12.9435997009,80.2372665405,28818,28828,10
12.9446697235,80.2384796143,28828,28838,10
12.9459600449,80.2394866943,28838,28848,10
12.9470796585,80.2399215698,28848,28858,10
12.9472703934,80.239982605,28858,28868,10
12.9475498199,80.2400894165,28868,28878,10
12.948849678,80.2406005859,28878,28919,41
12.948849678,80.2406005859,28919,28929,10
12.9489002228,80.2406387329,28929,28939,10
12.949379921,80.2408370972,28939,28949,10
12.9502401352,80.2411117554,28949,28959,10
12.9510402679,80.2413711548,28959,28970,11
12.9511404037,80.2414016724,28970,28980,10
12.9515199661,80.2415390015,28980,28990,10
12.952249527,80.2418136597,28990,29000,10
12.9533004761,80.2421875,29000,29010,10
12.9542102814,80.2425537109,29010,29020,10
12.9553203583,80.242980957,29020,29030,10
12.9562196732,80.2434005737,29030,29040,10
12.9565401077,80.2435302734,29040,29051,11
12.957280159,80.2437973022,29051,29061,10
12.9582395554,80.244178772,29061,29071,10
12.9588699341,80.2444381714,29071,29081,10
12.9588699341,80.2444534302,29081,29091,10
12.9592103958,80.2446670532,29091,29101,10
12.9600896835,80.2450637817,29101,29111,10
12.9612903595,80.2455978394,29111,29121,10
12.9627504349,80.2462997437,29121,29132,11
12.9637804031,80.2468185425,29132,29142,10
12.9645500183,80.2470932007,29142,29152,10
12.9653100967,80.2473526001,29152,29162,10
12.9663600922,80.2477264404,29162,29182,20
12.9663600922,80.2477264404,29182,29192,10
12.9666099548,80.2478485107,29192,29203,11
12.9672603607,80.2481994629,29203,29213,10
12.9683599472,80.2486572266,29213,29223,10
12.9696397781,80.249168396,29223,29233,10
12.9711503983,80.249710083,29233,29243,10
12.972820282,80.2501525879,29243,29253,10
12.9743900299,80.2505874634,29253,29263,10
12.9760103226,80.2510375977,29263,29273,10
12.9774799347,80.2515411377,29273,29284,11
12.9786701202,80.2524032593,29284,29304,20
12.9786701202,80.2524032593,29304,29314,10
12.9786901474,80.2524108887,29314,29324,10
12.9791698456,80.2525634766,29324,29334,10
12.9800796509,80.2526473999,29334,29344,10
12.9812002182,80.2526397705,29344,29354,10
12.9825296402,80.2526016235,29354,29365,11
12.9840898514,80.2523574829,29365,29375,10
12.9854698181,80.2519683838,29375,29385,10
12.9867401123,80.2516403198,29385,29395,10
12.9876499176,80.2513427734,29395,29405,10
12.9878101349,80.2513198853,29405,29415,10
12.9880399704,80.2512588501,29415,29425,10
12.9887504578,80.2510910034,29425,29435,10
12.9895095825,80.2508926392,29435,29446,11
12.9896402359,80.250869751,29446,29456,10
12.9902296066,80.2507400513,29456,29466,10
12.9911804199,80.25050354,29466,29476,10
12.9924201965,80.2501983643,29476,29486,10
12.9938297272,80.2498397827,29486,29496,10
12.9953098297,80.2494506836,29496,29506,10
12.9967603683,80.2490692139,29506,29517,11
12.9982995987,80.2487030029,29517,29527,10
12.9997797012,80.2483215332,29527,29537,10
13.0012798309,80.2479476929,29537,29547,10
13.0025997162,80.2476425171,29547,29557,10
13.0038404465,80.2474212646,29557,29567,10
13.0051202774,80.2472610474,29567,29577,10
13.0059995651,80.2470321655,29577,29587,10
13.0064601898,80.2465820313,29587,29598,11
13.0065097809,80.2465209961,29598,29608,10
13.0065402985,80.2464828491,29608,29618,10
13.0066604614,80.2460632324,29618,29628,10
13.0066604614,80.2453231812,29628,29638,10
13.0066404343,80.2444534302,29638,29648,10
13.0066299438,80.2435379028,29648,29658,10
13.0066003799,80.2425994873,29658,29668,10
13.0065803528,80.2415390015,29668,29679,11
13.0066699982,80.2404403687,29679,29689,10
13.0068702698,80.2395935059,29689,29699,10
13.0070199966,80.2386169434,29699,29709,10
13.0072202682,80.2378234863,29709,29719,10
13.0073699951,80.2370681763,29719,29729,10
13.0073900223,80.2368621826,29729,29739,10
13.0074501038,80.2368087769,29739,29749,10
13.0074901581,80.2367172241,29749,29760,11
13.0075998306,80.2363433838,29760,29770,10
13.0077495575,80.2355270386,29770,29780,10
13.0079402924,80.2343978882,29780,29790,10
13.0082197189,80.2331237793,29790,29800,10
13.0085201263,80.2315673828,29800,29810,10
13.0088500977,80.2298431396,29810,29820,10
13.0091896057,80.2282791138,29820,29830,10
13.0097703934,80.2269287109,29830,29841,11
13.0104198456,80.2255783081,29841,29851,10
13.0109300613,80.2244415283,29851,29861,10
13.0113401413,80.2235794067,29861,29871,10
13.0115203857,80.2231292725,29871,29881,10
13.0118198395,80.2222976685,29881,29891,10
13.0120601654,80.2216033936,29891,29901,10
13.0123796463,80.2215194702,29901,29911,10
13.0125799179,80.2218780518,29911,29922,11
13.0131902695,80.2225799561,29922,29932,10
13.0138397217,80.2233276367,29932,29942,10
13.0143404007,80.2239303589,29942,29952,10
13.0150403976,80.2246398926,29952,29972,20
13.0150403976,80.2246398926,29972,29982,10
13.0151500702,80.2247314453,29982,29992,10
13.0155496597,80.2250518799,29992,30023,31
13.0155496597,80.2250518799,30023,30033,10
13.0158004761,80.2252578735,30033,30043,10
13.0162801743,80.2253570557,30043,30053,10
13.0167102814,80.2252807617,30053,30063,10
13.0176496506,80.2249221802,30063,30074,11
13.0186901093,80.2245025635,30074,30084,10
13.0195798874,80.2244415283,30084,30094,10
13.0201702118,80.2247772217,30094,30104,10
13.0208101273,80.225227356,30104,30114,10
13.0213098526,80.2256622314,30114,30124,10
13.0219202042,80.2261123657,30124,30134,10
13.0224895477,80.226600647,30134,30155,21
13.0224895477,80.226600647,30155,30165,10
13.0228395462,80.2269363403,30165,30175,10
13.0234003067,80.2274932861,30175,30185,10
13.0239400864,80.2279815674,30185,30195,10
13.0242500305,80.2283096313,30195,30205,10
13.0243301392,80.2284164429,30205,30215,10
13.0245895386,80.2287826538,30215,30225,10
13.0249700546,80.229309082,30225,30236,11
13.0255804062,80.2301330566,30236,30246,10
13.0259799957,80.2310562134,30246,30256,10
13.0262002945,80.2318572998,30256,30266,10
13.0264501572,80.2325592041,30266,30276,10
13.0265703201,80.2327804565,30276,30286,10
13.0266199112,80.2329483032,30286,30296,10
13.0268697739,80.2334213257,30296,30306,10
13.0273199081,80.2341766357,30306,30317,11
13.0278701782,80.2351608276,30317,30327,10
13.0285902023,80.236076355,30327,30337,10
13.0294399261,80.2369766235,30337,30347,10
13.0296297073,80.2371902466,30347,30357,10
13.0297803879,80.2374572754,30357,30367,10
13.0301799774,80.2381362915,30367,30377,10
13.0307302475,80.2390823364,30377,30387,10
13.03125,80.2399597168,30387,30398,11
13.0314302444,80.2407073975,30398,30408,10
13.0318002701,80.2415084839,30408,30418,10
13.0321998596,80.2422180176,30418,30428,10
13.0327796936,80.2429275513,30428,30438,10
13.0333995819,80.2437896729,30438,30448,10
13.0339698792,80.2446212769,30448,30458,10
13.0345201492,80.245300293,30458,30469,11
13.0351200104,80.2459182739,30469,30479,10
13.0358495712,80.2462081909,30479,30489,10
13.0358495712,80.2462081909,30489,30499,10
13.0360097885,80.2462921143,30499,30509,10
13.0364999771,80.2464523315,30509,30519,10
13.0372800827,80.2465515137,30519,30529,10
13.0379600525,80.2465286255,30529,30539,10
13.0387802124,80.2467727661,30539,30552,13
13.0393800735,80.2469329834,30552,30562,10
13.0403604507,80.2471389771,30562,30572,10
13.0414600372,80.2473373413,30572,30582,10
13.0424900055,80.2475891113,30582,30592,10
13.0433397293,80.2479019165,30592,30602,10
13.044090271,80.2478485107,30602,30612,10
13.0449695587,80.248046875,30612,30621,9
13.0456104279,80.2483978271,30621,30633,12
13.0466098785,80.2485580444,30633,30643,10
13.0470504761,80.2484817505,30643,30653,10
13.0472402573,80.2485198975,30653,30663,10
13.0476799011,80.248840332,30663,30673,10
13.0483398438,80.24949646,30673,30683,10
13.0491504669,80.2497634888,30683,30693,10
13.0502195358,80.2499694824,30693,30703,10
13.0515403748,80.250289917,30703,30714,11
13.0524301529,80.2510986328,30714,30724,10
13.053150177,80.2520523071,30724,30734,10
13.0538301468,80.2529907227,30734,30744,10
13.0545597076,80.2539901733,30744,30754,10
13.0553197861,80.2548980713,30754,30764,10
13.0560798645,80.2559890747,30764,30774,10
13.0566902161,80.2566986084,30774,30784,10
13.0577001572,80.2576293945,30784,30795,11
13.0583600998,80.2584381104,30795,30805,10
13.0590000153,80.2592315674,30805,30815,10
13.0594997406,80.260017395,30815,30825,10
13.0601902008,80.260597229,30825,30835,10
13.060669899,80.261177063,30835,30845,10
13.0607995987,80.2613830566,30845,30855,10
13.0611400604,80.2617721558,30855,30866,11
13.0616903305,80.2624664307,30866,30876,10
13.0623197556,80.2632980347,30876,30886,10
13.0630598068,80.2641830444,30886,30896,10
13.0636901855,80.2651062012,30896,30906,10
13.064209938,80.2658615112,30906,30916,10
13.064789772,80.2665786743,30916,30926,10
13.0653800964,80.2670974731,30926,30936,10
13.0656900406,80.2673416138,30936,30947,11
13.0658798218,80.2676315308,30947,30957,10
13.0663099289,80.2682037354,30957,30967,10
13.066740036,80.2685012817,30967,30977,10
13.0672998428,80.2688598633,30977,30987,10
13.0680503845,80.2693328857,30987,30997,10
13.0682001114,80.2697601318,30997,31007,10
13.0681600571,80.2706375122,31007,31017,10
13.06828022,80.2715530396,31017,31028,11
13.0686798096,80.2718963623,31028,31038,10
13.0691900253,80.2721633911,31038,31048,10
13.0697002411,80.2726669312,31048,31058,10
13.0701999664,80.2732162476,31058,31068,10
13.0706596375,80.2738265991,31068,31078,10
13.0709104538,80.274017334,31078,31088,10
13.0711202621,80.2741088867,31088,31098,10
13.0718603134,80.2744979858,31098,31109,11
13.0727796555,80.2754364014,31109,31119,10
13.0736103058,80.2762680054,31119,31129,10
13.0740203857,80.2763595581,31129,31139,10
13.0747404099,80.2763290405,31139,31149,10
13.075630188,80.2762832642,31149,31159,10
13.0765199661,80.276260376,31159,31169,10
13.0772600174,80.2761993408,31169,31179,10
13.0780496597,80.2761230469,31179,31190,11
13.078379631,80.2753601074,31190,31200,10
13.0792102814,80.2751617432,31200,31210,10
13.0801296234,80.2752838135,31210,31220,10
13.0810098648,80.2751998901,31220,31230,10
13.0812997818,80.275177002,31230,31240,10
13.0814199448,80.2751617432,31240,31250,10
13.0817899704,80.2751922607,31250,31261,11
13.0820598602,80.2753219604,31261,31433,172
13.0821199417,80.2757110596,31433,32598,1165
13.0819997787,80.2757492065,32598,32790,192
13.0820302963,80.2756118774,32790,33459,669
13.0822601318,80.2758102417,33459,33742,283
13.0822601318,80.2758102417,33742,33752,10
13.0819101334,80.2760314941,33752,33763,11
13.0818796158,80.2763214111,33763,33773,10
13.0818996429,80.2770462036,33773,33783,10
13.0820102692,80.2779922485,33783,33793,10
13.0824899673,80.2781600952,33793,33803,10
13.0831804276,80.278137207,33803,33813,10
13.083439827,80.2782211304,33813,33823,10
13.0835399628,80.2787017822,33823,33833,10
13.0832700729,80.2789764404,33833,33844,11
13.0824699402,80.2785568237,33844,33864,20
13.0824699402,80.2785568237,33864,33874,10
13.0823001862,80.2784729004,33874,33884,10
13.0819997787,80.2782363892,33884,33894,10
13.0818996429,80.277633667,33894,33904,10
13.0818004608,80.2768173218,33904,33914,10
13.0816297531,80.275970459,33914,33925,11
13.0815000534,80.2753372192,33925,33935,10
13.0811300278,80.2752227783,33935,33945,10
13.0804004669,80.2752914429,33945,33955,10
13.0795602798,80.2753219604,33955,33965,10
13.0786399841,80.2751998901,33965,33975,10
13.0781698227,80.276008606,33975,33985,10
13.0774002075,80.2762527466,33985,33995,10
13.0766096115,80.2763214111,33995,34006,11
13.0755796432,80.2763366699,34006,34016,10
13.0746898651,80.2763595581,34016,34026,10
13.0739202499,80.2764205933,34026,34036,10
13.0735301971,80.2763519287,34036,34046,10
13.0728998184,80.2756271362,34046,34056,10
13.0718002319,80.2746200562,34056,34097,41
13.0718002319,80.2746200562,34097,34107,10
13.071559906,80.274520874,34107,34117,10
13.0709199905,80.2743682861,34117,34127,10
13.0706996918,80.2740783691,34127,34137,10
13.0705499649,80.2736587524,34137,34147,10
13.0701503754,80.2730865479,34147,34158,11
13.0693998337,80.2723007202,34158,34168,10
13.0687599182,80.2719116211,34168,34178,10
13.0681800842,80.2714614868,34178,34188,10
13.067779541,80.2707366943,34188,34198,10
13.0672197342,80.2702484131,34198,34208,10
13.0665302277,80.26927948,34208,34218,10
13.0663604736,80.2684173584,34218,34228,10
13.0658597946,80.267791748,34228,34239,11
13.0654602051,80.2676010132,34239,34249,10
13.0654401779,80.2675933838,34249,34259,10
13.065290451,80.2675704956,34259,34269,10
13.0648498535,80.2675323486,34269,34279,10
13.0642795563,80.2674407959,34279,34289,10
13.0633897781,80.2673187256,34289,34299,10
13.0627202988,80.2670211792,34299,34309,10
13.0620803833,80.2662734985,34309,34320,11
13.0615596771,80.2656478882,34320,34330,10
13.0610399246,80.2651824951,34330,34340,10
13.0606298447,80.2653121948,34340,34350,10
13.0604896545,80.26537323,34350,34360,10
13.0599298477,80.2655715942,34360,34370,10
13.0591001511,80.2654571533,34370,34380,10
13.0584201813,80.2653198242,34380,34390,10
13.0582103729,80.2651596069,34390,34401,11
13.0580596924,80.2643890381,34401,34411,10
13.0579395294,80.2633895874,34411,34421,10
13.057849884,80.2624282837,34421,34431,10
13.0576295853,80.2614212036,34431,34441,10
13.0573501587,80.2603530884,34441,34451,10
13.0568704605,80.2591781616,34451,34461,10
13.0566101074,80.2578201294,34461,34471,10
13.0565099716,80.257232666,34471,34482,11
13.056429863,80.2569122314,34482,34492,10
13.0561800003,80.2562637329,34492,34502,10
13.0556201935,80.2554626465,34502,34512,10
13.0549001694,80.2544326782,34512,34522,10
13.0540103912,80.2531814575,34522,34532,10
13.0533504486,80.252281189,34532,34542,10
13.0524101257,80.2510070801,34542,34551,9
13.0516004562,80.2502593994,34551,34563,12
13.0501804352,80.2498779297,34563,34573,10
13.0489797592,80.2497634888,34573,34583,10
13.0480203629,80.2493667603,34583,34593,10
13.0473499298,80.248878479,34593,34603,10
13.0470600128,80.2486419678,34603,34613,10
13.0465202332,80.2485809326,34613,34623,10
13.0455904007,80.2482528687,34623,34633,10
13.0446996689,80.2480010986,34633,34644,11
13.0435695648,80.247833252,34644,34654,10
13.0423603058,80.2475814819,34654,34664,10
13.0410003662,80.2473068237,34664,34674,10
13.0396203995,80.2470321655,34674,34684,10
13.0387201309,80.2468185425,34684,34694,10
13.0374803543,80.2466125488,34694,34704,10
13.0366601944,80.2464294434,34704,34715,11
13.0361099243,80.2463226318,34715,34725,10
13.0357198715,80.2461471558,34725,34735,10
13.0356397629,80.2461166382,34735,34745,10
13.0354204178,80.2460403442,34745,34755,10
13.0352401733,80.2459564209,34755,34765,10
13.0348596573,80.2455978394,34765,34775,10
13.0344600677,80.2450408936,34775,34785,10
13.0339002609,80.2444534302,34785,34796,11
13.0332603455,80.2436599731,34796,34806,10
13.0325603485,80.2427368164,34806,34816,10
13.0319795609,80.2418899536,34816,34826,10
13.0315799713,80.2409820557,34826,34836,10
13.0313301086,80.2403106689,34836,34907,71
13.0313301086,80.2403106689,34907,34917,10
13.0312299728,80.2401580811,34917,34927,10
13.0310401917,80.2397003174,34927,34937,10
13.0306396484,80.2389221191,34937,34947,10
13.0301599503,80.238067627,34947,34958,11
13.0296096802,80.2372131348,34958,34968,10
13.0289402008,80.2364883423,34968,34978,10
13.0282001495,80.2356109619,34978,34988,10
13.0275802612,80.2346420288,34988,34998,10
13.0269002914,80.2335586548,34998,35008,10
13.0263996124,80.2325973511,35008,35018,10
13.0261802673,80.2318572998,35018,35028,10
13.0259799957,80.2310714722,35028,35039,11
13.0254201889,80.2299499512,35039,35049,10
13.0247898102,80.2291412354,35049,35059,10
13.0244998932,80.2287826538,35059,35069,10
13.0239896774,80.228187561,35069,35079,10
13.0233297348,80.2275009155,35079,35109,30
13.0233297348,80.2275009155,35109,35120,11
13.0227804184,80.2269515991,35120,35130,10
13.022190094,80.2263717651,35130,35140,10
13.0212802887,80.2256393433,35140,35150,10
13.020190239,80.2248764038,35150,35160,10
13.0189504623,80.2244567871,35160,35170,10
13.0176696777,80.2249298096,35170,35180,10
13.0167198181,80.2253265381,35180,35191,11
13.0164003372,80.2255020142,35191,35201,10
13.0157699585,80.2257232666,35201,35211,10
13.0148696899,80.2260513306,35211,35231,20
13.0148696899,80.2260513306,35231,35241,10
13.0147600174,80.226020813,35241,35251,10
13.014670372,80.2260894775,35251,35261,10
13.0144901276,80.2261581421,35261,35272,11
13.0138998032,80.226348877,35272,35282,10
13.0130901337,80.2267303467,35282,35292,10
13.0120296478,80.2271881104,35292,35302,10
13.010720253,80.2276535034,35302,35312,10
13.0098199844,80.2281036377,35312,35322,10
13.0091495514,80.2286224365,35322,35332,10
13.0089197159,80.2297210693,35332,35342,10
13.008649826,80.2309799194,35342,35353,11
13.0083398819,80.2323608398,35353,35363,10
13.0082101822,80.2334136963,35363,35373,10
13.0081996918,80.2336273193,35373,35383,10
13.0080900192,80.23412323,35383,35393,10
13.0079202652,80.2349014282,35393,35403,10
13.0077495575,80.2358627319,35403,35413,10
13.0074796677,80.2370605469,35413,35423,10
13.0072603226,80.238319397,35423,35434,11
13.0069503784,80.2393875122,35434,35444,10
13.0067901611,80.2403793335,35444,35454,10
13.0066795349,80.2411727905,35454,35464,10
13.0066699982,80.2420883179,35464,35474,10
13.0066995621,80.2428817749,35474,35484,10
13.0067100525,80.2435531616,35484,35494,10
13.0066204071,80.2446365356,35494,35504,10
13.0066995621,80.245880127,35504,35515,11
13.006770134,80.2467269897,35515,35525,10
13.0062198639,80.2473983765,35525,35545,20
13.0062198639,80.2473983765,35545,35555,10
13.0060195923,80.2472991943,35555,35565,10
13.0055704117,80.2473297119,35565,35575,10
13.004650116,80.2473983765,35575,35585,10
13.0035200119,80.2475509644,35585,35596,11
13.0022802353,80.2477798462,35596,35606,10
13.0012102127,80.2480621338,35606,35616,10
12.9999198914,80.2483901978,35616,35626,10
12.9985303879,80.2487411499,35626,35636,10
12.9971399307,80.2490692139,35636,35646,10
12.995639801,80.2494735718,35646,35656,10
12.9941596985,80.2498779297,35656,35666,10
12.992600441,80.2502365112,35666,35677,11
12.9913196564,80.2505722046,35677,35686,9
12.9911203384,80.250579834,35686,35697,11
12.9907999039,80.250579834,35697,35707,10
12.9900999069,80.2507629395,35707,35717,10
12.989159584,80.2510070801,35717,35727,10
12.9879198074,80.251373291,35727,35869,142
12.9879198074,80.251373291,35869,35879,10
12.9877195358,80.251411438,35879,35889,10
12.9870004654,80.2516021729,35889,35899,10
12.9859399796,80.2518768311,35899,35910,11
12.9844198227,80.2522735596,35910,35920,10
12.9828796387,80.2526016235,35920,35930,10
12.9814901352,80.2526397705,35930,35940,10
12.9802303314,80.2527236938,35940,35950,10
12.9793796539,80.2526473999,35950,35960,10
12.9787197113,80.2525787354,35960,35970,10
12.978679657,80.2525482178,35970,35980,10
12.9782304764,80.252281189,35980,35991,11
12.9773597717,80.2515411377,35991,36001,10
12.9760704041,80.2510604858,36001,36011,10
12.9745101929,80.250617981,36011,36021,10
12.9729003906,80.2501831055,36021,36031,10
12.9716396332,80.2498397827,36031,36041,10
12.9698200226,80.2492828369,36041,36051,10
12.9683599472,80.2487030029,36051,36061,10
12.9669799805,80.2480926514,36061,36072,11
12.965760231,80.2475509644,36072,36082,10
12.9651298523,80.2473220825,36082,36092,10
12.9650201797,80.2472763062,36092,36102,10
12.9644699097,80.2470703125,36102,36112,10
12.963549614,80.2466964722,36112,36122,10
12.9625597,80.2462310791,36122,36132,10
12.961400032,80.2456893921,36132,36143,11
12.9601802826,80.2451400757,36143,36153,10
12.959569931,80.2448577881,36153,36163,10
12.9593400955,80.2447280884,36163,36173,10
12.9587097168,80.244430542,36173,36183,10
12.9578304291,80.2440795898,36183,36193,10
12.9569196701,80.2437896729,36193,36203,10
12.9563102722,80.2435531616,36203,36213,10
12.9556398392,80.2432098389,36213,36224,11
12.9546604156,80.2427597046,36224,36234,10
12.9535703659,80.2423019409,36234,36244,10
12.9523801804,80.2418289185,36244,36254,10
12.9517698288,80.2416381836,36254,36264,10
12.9517002106,80.241569519,36264,36274,10
12.9512195587,80.2413635254,36274,36284,10
12.9504203796,80.2411193848,36284,36294,10
12.9493703842,80.2408065796,36294,36305,11
12.9483995438,80.240447998,36305,36315,10
12.9475698471,80.2401428223,36315,36325,10
12.9472398758,80.2400131226,36325,36335,10
12.9471797943,80.2399597168,36335,36345,10
12.9467401505,80.2397766113,36345,36355,10
12.9460000992,80.2394714355,36355,36365,10
12.9450998306,80.2389373779,36365,36375,10
12.9441795349,80.2380599976,36375,36386,11
12.9431600571,80.2369308472,36386,36396,10
12.9419403076,80.2364120483,36396,36406,10
12.9406604767,80.2360916138,36406,36416,10
12.9398698807,80.2358169556,36416,36425,9
12.9398002625,80.2357635498,36425,36436,11
12.9394798279,80.2355575562,36436,36446,10
12.9388999939,80.2352371216,36446,36456,10
12.938079834,80.2348403931,36456,36467,11
12.9369602203,80.2343215942,36467,36477,10
12.9358997345,80.233833313,36477,36487,10
12.9348096848,80.2333602905,36487,36497,10
12.9339399338,80.2329788208,36497,36507,10
12.9339103699,80.232963562,36507,36517,10
12.933839798,80.2328720093,36517,36527,10
12.9334201813,80.2326812744,36527,36537,10
12.9327402115,80.2324066162,36537,36548,11
12.9316396713,80.2320632935,36548,36558,10
12.9304304123,80.2316665649,36558,36568,10
12.9292001724,80.2313766479,36568,36578,10
12.9278802872,80.2311706543,36578,36588,10
12.926659584,80.2310791016,36588,36598,10
12.9261398315,80.231010437,36598,36608,10
12.9260396957,80.2309570313,36608,36618,10
12.9257297516,80.2309265137,36618,36629,11
12.9252099991,80.2308578491,36629,36639,10
12.9242897034,80.2307434082,36639,36649,10
12.9231500626,80.2305908203,36649,36659,10
12.921790123,80.2303771973,36659,36669,10
12.92029953,80.230178833,36669,36679,10
12.918800354,80.2299880981,36679,36689,10
12.9173202515,80.2297897339,36689,36700,11
12.9157896042,80.2295913696,36700,36710,10
12.9145898819,80.2294235229,36710,36720,10
12.9132699966,80.2292785645,36720,36740,20
12.9132699966,80.2292785645,36740,36750,10
12.9131698608,80.2292480469,36750,36760,10
12.9126195908,80.2291564941,36760,36770,10
12.9117298126,80.2290115356,36770,36781,11
12.910490036,80.2288513184,36781,36791,10
12.9091701508,80.2286376953,36791,36801,10
12.9079399109,80.2284469604,36801,36811,10
12.9069795609,80.2283706665,36811,36821,10
12.9068403244,80.2283401489,36821,36831,10
12.9067001343,80.2282791138,36831,36841,10
12.90625,80.2282104492,36841,36851,10
12.9059696198,80.2281799316,36851,36862,11
12.9051704407,80.2280883789,36862,36872,10
12.9041500092,80.2280578613,36872,36882,10
12.9030199051,80.2280426025,36882,36892,10
12.901889801,80.228012085,36892,36902,10
12.9012298584,80.2279891968,36902,36912,10
12.9007101059,80.2279434204,36912,36922,10
12.9001502991,80.2279129028,36922,36932,10
12.8993902206,80.2278823853,36932,36963,31
12.8993902206,80.2278823853,36963,36973,10
12.8991699219,80.2278366089,36973,36983,10
12.898639679,80.2277679443,36983,36993,10
12.8977804184,80.2277374268,36993,37003,10
12.896730423,80.2276916504,37003,37013,10
12.8954401016,80.2276229858,37013,37024,11
12.8939599991,80.2275466919,37024,37034,10
12.8926200867,80.2274169922,37034,37044,10
12.8911399841,80.2273483276,37044,37054,10
12.8894996643,80.2273635864,37054,37064,10
12.8883199692,80.2273406982,37064,37074,10
12.8874397278,80.2272491455,37074,37084,10
12.886349678,80.2270126343,37084,37094,10
12.8852996826,80.2267684937,37094,37105,11
12.8848495483,80.2267532349,37105,37115,10
12.8845596313,80.2267227173,37115,37125,10
12.8837203979,80.2267227173,37125,37135,10
12.8824901581,80.2267303467,37135,37145,10
12.880979538,80.2267303467,37145,37155,10
12.8792800903,80.2267379761,37155,37165,10
12.8776702881,80.2268371582,37165,37176,11
12.8766202927,80.2269515991,37176,37186,10
12.8765697479,80.2269515991,37186,37196,10
12.8764400482,80.2269287109,37196,37206,10
12.8758401871,80.2269363403,37206,37216,10
12.874879837,80.2268600464,37216,37226,10
12.8736095428,80.2267303467,37226,37236,10
12.8726902008,80.2267227173,37236,37246,10
12.8725595474,80.2266998291,37246,37257,11
12.8717699051,80.2266693115,37257,37267,10
12.8705997467,80.2266387939,37267,37277,10
12.8691196442,80.2264480591,37277,37287,10
12.8678302765,80.2264099121,37287,37297,10
12.8664798737,80.2265396118,37297,37307,10
12.8648996353,80.2265930176,37307,37317,10
12.8631601334,80.2265472412,37317,37327,10
12.8614702225,80.226600647,37327,37338,11
12.8609895706,80.2265777588,37338,37348,10
12.8607397079,80.2265396118,37348,37358,10
12.8599796295,80.2264404297,37358,37368,10
12.8589401245,80.22631073,37368,37378,10
12.8576698303,80.2262496948,37378,37388,10
12.8561697006,80.2263793945,37388,37398,10
12.8545598984,80.2265472412,37398,37408,10
12.8528604507,80.2266769409,37408,37419,11
12.8509702682,80.2266235352,37419,37429,10
12.8493299484,80.2265625,37429,37439,10
12.8476696014,80.2265472412,37439,37449,10
12.8462896347,80.2265701294,37449,37459,10
12.8454399109,80.2266082764,37459,37479,20
12.8454399109,80.2266082764,37479,37489,10
12.8451404572,80.2266082764,37489,37500,11
12.8443899155,80.2266769409,37500,37510,10
12.8434095383,80.2267379761,37510,37520,10
12.8422298431,80.2268981934,37520,37530,10
12.8407897949,80.2273330688,37530,37540,10
12.8400096893,80.2275466919,37540,37550,10
12.8395500183,80.2276992798,37550,37560,10
12.8387002945,80.2279205322,37560,37570,10
12.8376197815,80.2282028198,37570,37581,11
12.836139679,80.2284317017,37581,37591,10
12.8346395493,80.2286605835,37591,37601,10
12.8331298828,80.2289199829,37601,37611,10
12.8323202133,80.2290878296,37611,37631,20
12.8323202133,80.2290878296,37631,37641,10
12.8320598602,80.2291107178,37641,37652,11
12.831489563,80.2292480469,37652,37662,10
12.8305597305,80.2295837402,37662,37672,10
12.8293504715,80.2300415039,37672,37682,10
12.8280897141,80.230682373,37682,37692,10
12.8267402649,80.2312774658,37692,37702,10
12.8252601624,80.2313995361,37702,37712,10
12.8238401413,80.2311630249,37712,37722,10
12.8224496841,80.2307434082,37722,37733,11
12.8208904266,80.2304611206,37733,37743,10
12.8195400238,80.2304763794,37743,37753,10
12.8189001083,80.2304763794,37753,37763,10
12.8187599182,80.2304382324,37763,37773,10
12.8181695938,80.2301635742,37773,37785,12
12.8173904419,80.2297897339,37785,37795,10
12.8160495758,80.2294311523,37795,37805,10
12.8147201538,80.2292327881,37805,37816,11
12.8134403229,80.2289199829,37816,37826,10
12.8117399216,80.2283172607,37826,37836,10
12.8103599548,80.2277908325,37836,37846,10
12.809220314,80.2272796631,37846,37855,9
12.8080797195,80.2263717651,37855,37866,11
12.806889534,80.2253494263,37866,37876,10
12.8061199188,80.224647522,37876,37886,10
12.8050203323,80.2240371704,37886,37907,21
12.8050203323,80.2240371704,37907,37917,10
12.8048000336,80.2239379883,37917,37927,10
12.8042602539,80.2238998413,37927,37937,10
12.8035202026,80.2238235474,37937,37947,10
12.802570343,80.2237167358,37947,37957,10
12.8015403748,80.2236175537,37957,37967,10
12.8009004593,80.2235794067,37967,37978,11
12.8007802963,80.2235412598,37978,38008,30
12.8007802963,80.2235412598,38008,38018,10
12.8003396988,80.2234802246,38018,38028,10
12.7995796204,80.2234191895,38028,38038,10
12.7985801697,80.2232818604,38038,38049,11
12.7972803116,80.2231369019,38049,38059,10
12.7961797714,80.2230606079,38059,38069,10
12.7958202362,80.2229309082,38069,38079,10
12.7955503464,80.222869873,38079,38089,10
12.7948703766,80.2227630615,38089,38099,10
12.7938804626,80.2226028442,38099,38109,10
12.7928199768,80.2224578857,38109,38119,10
12.7917404175,80.2222137451,38119,38130,11
12.79047966,80.2218780518,38130,38140,10
12.7895298004,80.2216110229,38140,38150,10
12.7887401581,80.221321106,38150,38160,10
12.7879896164,80.2210083008,38160,38170,10
12.7872800827,80.2207794189,38170,38180,10
12.7867498398,80.2205734253,38180,38190,10
12.7865600586,80.2204818726,38190,38271,81
12.7865600586,80.2204818726,38271,38281,10
12.7864103317,80.2204284668,38281,38292,11
12.7861499786,80.2203369141,38292,38302,10
12.7857704163,80.220199585,38302,38312,10
12.7854299545,80.2200317383,38312,38322,10
12.7851600647,80.2198791504,38322,38332,10
12.784740448,80.2196578979,38332,38342,10
12.7845897675,80.2195587158,38342,38352,10
12.7841796875,80.2193222046,38352,38362,10
12.7834396362,80.2189025879,38362,38373,11
12.7823400497,80.2182922363,38373,38383,10
12.7812204361,80.2176818848,38383,38393,10
12.7801599503,80.2171096802,38393,38403,10
12.779129982,80.2165603638,38403,38413,10
12.7780399323,80.2160110474,38413,38423,10
12.7768297195,80.2154769897,38423,38433,10
12.7756204605,80.2149887085,38433,38444,11
12.7742996216,80.2144699097,38444,38454,10
12.7730798721,80.2139816284,38454,38464,10
12.7718801498,80.2135620117,38464,38474,10
12.770819664,80.2132034302,38474,38484,10
12.7698001862,80.2128219604,38484,38494,10
12.7686100006,80.212387085,38494,38504,10
12.7673397064,80.2119369507,38504,38513,9
12.7661399841,80.2114868164,38513,38525,12
12.7644996643,80.2108917236,38525,38535,10
12.7632303238,80.2104187012,38535,38545,10
12.7620401382,80.2099533081,38545,38555,10
12.7608604431,80.2094116211,38555,38565,10
12.7597999573,80.2088470459,38565,38575,10
12.7587995529,80.2082977295,38575,38585,10
12.7577199936,80.2077026367,38585,38595,10
12.7566099167,80.2070922852,38595,38606,11
12.7553701401,80.2063980103,38606,38616,10
12.7541799545,80.2057418823,38616,38626,10
12.7529602051,80.2051010132,38626,38636,10
12.7518100739,80.2044906616,38636,38646,10
12.7508602142,80.2040023804,38646,38656,10
12.749879837,80.2034912109,38656,38666,10
12.7487001419,80.2028808594,38666,38676,10
12.7474498749,80.2022323608,38676,38687,11
12.7460298538,80.201499939,38687,38697,10
12.7447595596,80.2007827759,38697,38707,10
12.7437295914,80.19972229,38707,38717,10
12.7427597046,80.1985931396,38717,38727,10
12.7418603897,80.197479248,38727,38737,10
12.7412595749,80.1966171265,38737,38747,10
12.7403402328,80.1953201294,38747,38757,10
12.7395200729,80.1941986084,38757,38768,11
12.7385797501,80.1929168701,38768,38778,10
12.7375898361,80.1918716431,38778,38788,10
12.736579895,80.1908493042,38788,38798,10
12.7355499268,80.1898880005,38798,38808,10
12.7343196869,80.1895370483,38808,38818,10
12.7329797745,80.1894226074,38818,38828,10
12.7317304611,80.189201355,38828,38838,10
12.7305803299,80.1891326904,38838,38849,11
12.7300796509,80.1890182495,38849,38859,10
12.7297201157,80.1889724731,38859,38869,10
12.729590416,80.1889266968,38869,38879,10
12.7292995453,80.1889419556,38879,38889,10
12.7286596298,80.188873291,38889,38899,10
12.7278299332,80.188583374,38899,38909,10
12.7268400192,80.1883163452,38909,38919,10
12.7254199982,80.1881027222,38919,38950,31
12.7254199982,80.1881027222,38950,38960,10
12.7250299454,80.1879882813,38960,38970,10
12.7244796753,80.1878890991,38970,38980,10
12.7236795425,80.1876983643,38980,38990,10
12.7231302261,80.1875610352,38990,39001,11
12.7227296829,80.1874389648,39001,39011,10
12.7222995758,80.1874237061,39011,39041,30
12.7222995758,80.1874237061,39041,39051,10
12.7221899033,80.1876907349,39051,39061,10
12.7219896317,80.1876983643,39061,39071,10
12.7221097946,80.1877822876,39071,39821,750
12.7221698761,80.1876678467,39821,40024,203
12.7223300934,80.1876907349,40024,40409,385
12.7221698761,80.1876525879,40409,42120,1711
12.7221698761,80.1876525879,42120,42131,11
12.7224502563,80.1873474121,42131,42151,20
12.7224502563,80.1873474121,42151,42161,10
12.7227897644,80.1874237061,42161,42171,10
12.7232999802,80.1875076294,42171,42181,10
12.7245397568,80.1878585815,42181,42212,31
12.7245397568,80.1878585815,42212,42222,10
12.7246704102,80.1878967285,42222,42232,10
12.7250995636,80.1879577637,42232,42242,10
12.7257604599,80.1880722046,42242,42252,10
12.7265701294,80.1882476807,42252,42262,10
12.727519989,80.1884613037,42262,42272,10
12.728679657,80.1888427734,42272,42283,11
12.7296800613,80.1889266968,42283,42303,20
12.7296800613,80.1889266968,42303,42313,10
12.7298002243,80.1889419556,42313,42323,10
12.7301797867,80.1889877319,42323,42333,10
12.7306604385,80.1890716553,42333,42343,10
12.7314195633,80.1891403198,42343,42353,10
12.7323503494,80.1893081665,42353,42364,11
12.7334003448,80.1894378662,42364,42374,10
12.734629631,80.1895370483,42374,42384,10
12.7358598709,80.1900787354,42384,42394,10
12.7367696762,80.1910018921,42394,42404,10
12.7377796173,80.1919784546,42404,42414,10
12.7387895584,80.1931228638,42414,42424,10
12.7397403717,80.1944198608,42424,42434,10
12.7407302856,80.1957778931,42434,42445,11
12.7417497635,80.1971893311,42445,42455,10
12.7419500351,80.1974563599,42455,42465,10
12.7419996262,80.1975631714,42465,42475,10
12.742389679,80.1980667114,42475,42485,10
12.7430400848,80.1988220215,42485,42495,10
12.7439002991,80.199836731,42495,42505,10
12.7449197769,80.200843811,42505,42515,10
12.7463302612,80.2016220093,42515,42526,11
12.7480297089,80.2024917603,42526,42536,10
12.7496004105,80.2032928467,42536,42546,10
12.7510404587,80.2040176392,42546,42556,10
12.7516899109,80.2043380737,42556,42566,10
12.7525196075,80.2047805786,42566,42576,10
12.7536296844,80.2053604126,42576,42586,10
12.7550096512,80.2061233521,42586,42596,10
12.7565498352,80.2069625854,42596,42607,11
12.7583398819,80.2079620361,42607,42617,10
12.7597703934,80.2087631226,42617,42627,10
12.7607898712,80.2092819214,42627,42637,10
12.762140274,80.2099075317,42637,42647,10
12.7636995316,80.2105331421,42647,42657,10
12.7653102875,80.2111206055,42657,42667,10
12.7669696808,80.2117385864,42667,42677,10
12.7686595917,80.2123413086,42677,42688,11
12.7704801559,80.2129974365,42688,42698,10
12.7710599899,80.2132034302,42698,42708,10
12.771320343,80.2132797241,42708,42718,10
12.7720403671,80.2135467529,42718,42728,10
12.7730503082,80.2139205933,42728,42738,10
12.7743701935,80.2144317627,42738,42748,10
12.7759199142,80.215057373,42748,42759,11
12.777759552,80.2158279419,42759,42769,10
12.7794904709,80.2166976929,42769,42779,10
12.7812299728,80.2176513672,42779,42789,10
12.7828302383,80.21849823,42789,42799,10
12.7840499878,80.2192230225,42799,42809,10
12.7851800919,80.2198410034,42809,42819,10
12.7860803604,80.2202377319,42819,42860,41
12.7860803604,80.2202377319,42860,42870,10
12.7863302231,80.2204208374,42870,42880,10
12.7865495682,80.220489502,42880,42890,10
12.7868795395,80.2205810547,42890,42900,10
12.7870197296,80.2206573486,42900,42910,10
12.7873601913,80.2207794189,42910,42921,11
12.7879800797,80.2209777832,42921,42931,10
12.7887897491,80.2212982178,42931,42941,10
12.7895097733,80.2215881348,42941,42951,10
12.7896900177,80.2216567993,42951,42961,10
12.7902002335,80.2218017578,42961,42971,10
12.7911195755,80.222038269,42971,42981,10
12.7923402786,80.2223205566,42981,42991,10
12.793800354,80.2225494385,42991,43002,11
12.7954797745,80.2228164673,43002,43012,10
12.7964601517,80.2229614258,43012,43022,10
12.7964801788,80.2229766846,43022,43032,10
12.7969503403,80.2230911255,43032,43042,10
12.7977800369,80.2232513428,43042,43052,10
12.7988100052,80.2233581543,43052,43062,10
12.8000297546,80.2234573364,43062,43072,10
12.8010997772,80.2235336304,43072,43083,11
12.8013401031,80.2235717773,43083,43093,10
12.8016195297,80.2236328125,43093,43103,10
12.8023700714,80.2237091064,43103,43113,10
12.8031997681,80.2238082886,43113,43123,10
12.8039398193,80.2238616943,43123,43133,10
12.8046998978,80.2239379883,43133,43143,10
12.8053998947,80.2240982056,43143,43184,41
12.8053998947,80.2240982056,43184,43194,10
12.8057699203,80.2243118286,43194,43204,10
12.8062601089,80.2247314453,43204,43214,10
12.8069200516,80.2253112793,43214,43224,10
12.8078203201,80.2260894775,43224,43235,11
12.8090400696,80.2270889282,43235,43245,10
12.8102798462,80.2277297974,43245,43255,10
12.8117799759,80.2283172607,43255,43265,10
12.8133497238,80.2288589478,43265,43275,10
12.8149900436,80.2292633057,43275,43285,10
12.8166399002,80.2295074463,43285,43295,10
12.8181800842,80.2300872803,43295,43305,10
12.8195400238,80.230430603,43305,43316,11
12.8197402954,80.2304229736,43316,43326,10
12.8198699951,80.2304534912,43326,43336,10
12.8204803467,80.2304534912,43336,43346,10
12.8214797974,80.23046875,43346,43356,10
12.822719574,80.230758667,43356,43366,10
12.8241195679,80.2311630249,43366,43376,10
12.8255701065,80.2313613892,43376,43386,10
12.8270797729,80.2311935425,43386,43397,11
12.8286504745,80.2303771973,43397,43407,10
12.8301401138,80.2297515869,43407,43417,10
12.8311004639,80.2293319702,43417,43437,20
12.8311004639,80.2293319702,43437,43447,10
12.831319809,80.2292861938,43447,43457,10
12.8318996429,80.2291412354,43457,43467,10
12.8327703476,80.2289581299,43467,43478,11
12.8340597153,80.2287368774,43478,43488,10
12.8354701996,80.2285079956,43488,43498,10
12.8370399475,80.2282791138,43498,43508,10
12.8385696411,80.2279663086,43508,43518,10
12.8392095566,80.2277984619,43518,43528,10
12.8395700455,80.227722168,43528,43538,10
12.8395700455,80.2277297974,43538,43548,10
12.8400201797,80.2275924683,43548,43559,11
12.8409004211,80.2273178101,43559,43569,10
12.8420095444,80.2270126343,43569,43579,10
12.8433198929,80.2266921997,43579,43589,10
12.8453502655,80.2265777588,43589,43619,30
12.8453502655,80.2265777588,43619,43629,10
12.8454999924,80.2266387939,43629,43640,11
12.846159935,80.2266082764,43640,43650,10
12.8470697403,80.2265930176,43650,43660,10
12.8482398987,80.2265777588,43660,43670,10
12.8495903015,80.2265701294,43670,43680,10
12.8510398865,80.2265701294,43680,43690,10
12.8525800705,80.2266387939,43690,43700,10
12.8540897369,80.2265701294,43700,43711,11
12.8554401398,80.2264404297,43711,43721,10
12.8569202423,80.226272583,43721,43731,10
12.8584499359,80.2261962891,43731,43741,10
12.8599796295,80.2263870239,43741,43751,10
12.8608398438,80.2265014648,43751,43761,10
12.8608999252,80.2265090942,43761,43771,10
12.8613395691,80.2265090942,43771,43781,10
12.8622198105,80.2264862061,43781,43792,11
12.8635196686,80.2264709473,43792,43802,10
12.8649196625,80.2265319824,43802,43812,10
12.8664703369,80.2264862061,43812,43822,10
12.868060112,80.226348877,43822,43832,10
12.869720459,80.2264709473,43832,43842,10
12.8714199066,80.2266082764,43842,43852,10
12.8725004196,80.2266082764,43852,43862,10
12.8726100922,80.2266082764,43862,43873,11
12.8730602264,80.2266387939,43873,43883,10
12.8738899231,80.2266998291,43883,43893,10
12.875,80.2268295288,43893,43903,10
12.8760995865,80.2268981934,43903,43913,10
12.876540184,80.2268829346,43913,43923,10
12.8766403198,80.2268829346,43923,43933,10
12.8772602081,80.226852417,43933,43943,10
12.878279686,80.2267990112,43943,43954,11
12.8796596527,80.2267227173,43954,43964,10
12.8811798096,80.2266693115,43964,43974,10
12.8825998306,80.2266693115,43974,43984,10
12.8839998245,80.2266464233,43984,43994,10
12.8851604462,80.2266464233,43994,44014,20
12.8851604462,80.2266464233,44014,44024,10
12.8854198456,80.2266998291,44024,44035,11
12.8861999512,80.2268981934,44035,44045,10
12.8872203827,80.227142334,44045,44055,10
12.8885602951,80.2272796631,44055,44065,10
12.8901700974,80.2273025513,44065,44075,10
12.8916196823,80.2273025513,44075,44085,10
12.8921899796,80.2272796631,44085,44116,31
12.8921899796,80.2272796631,44116,44126,10
12.8924102783,80.2273101807,44126,44136,10
12.892999649,80.2273864746,44136,44146,10
12.8938903809,80.2275085449,44146,44156,10
12.8950300217,80.2276000977,44156,44166,10
12.8963003159,80.2276382446,44166,44176,10
12.8976602554,80.227722168,44176,44187,11
12.8990497589,80.2277984619,44187,44197,10
12.8999595642,80.2278594971,44197,44207,10
12.9001903534,80.2278900146,44207,44217,10
12.9005002975,80.2279434204,44217,44227,10
12.9009399414,80.2279434204,44227,44237,10
12.9013500214,80.2279815674,44237,44247,10
12.9016704559,80.2279815674,44247,44257,10
12.9023399353,80.2279815674,44257,44318,61
12.9023399353,80.2279815674,44318,44328,10
12.902469635,80.2280502319,44328,44338,10
12.9029102325,80.2280731201,44338,44349,11
12.903719902,80.2281036377,44349,44359,10
12.9046001434,80.2281417847,44359,44369,10
12.905579567,80.2281494141,44369,44379,10
12.9064397812,80.2282333374,44379,44389,10
12.9069404602,80.2282562256,44389,44399,10
12.9070596695,80.2282867432,44399,44409,10
12.9076299667,80.2283630371,44409,44419,10
12.9084997177,80.2285003662,44419,44430,11
12.9097499847,80.2287063599,44430,44440,10
12.910949707,80.2288818359,44440,44450,10
12.9122800827,80.229057312,44450,44460,10
12.9140501022,80.229309082,44460,44480,20
12.9140501022,80.229309082,44480,44490,10
12.9143199921,80.2293624878,44490,44500,10
12.9149904251,80.2294387817,44500,44511,11
12.9160003662,80.2296066284,44511,44521,10
12.9170999527,80.2297821045,44521,44531,10
12.9182195663,80.2299423218,44531,44541,10
12.9194202423,80.2300796509,44541,44551,10
12.9208202362,80.2302398682,44551,44561,10
12.9223804474,80.2304611206,44561,44571,10
12.9240198135,80.2306976318,44571,44582,11
12.926320076,80.2309494019,44582,44602,20
12.926320076,80.2309494019,44602,44612,10
12.9267501831,80.2310333252,44612,44622,10
12.9275102615,80.2311325073,44622,44632,10
12.928440094,80.231262207,44632,44642,10
12.9293804169,80.2314300537,44642,44652,10
12.9305000305,80.2316513062,44652,44663,11
12.9319496155,80.2321090698,44663,44673,10
12.93309021,80.2325134277,44673,44683,10
12.933719635,80.2327880859,44683,44693,10
12.9337396622,80.2328109741,44693,44703,10
12.9338798523,80.2329330444,44703,44713,10
12.9343795776,80.2331314087,44713,44723,10
12.9351902008,80.2334365845,44723,44733,10
12.936249733,80.2339706421,44733,44744,11
12.9375295639,80.2345809937,44744,44754,10
12.93887043,80.2351379395,44754,44764,10
12.939740181,80.2356414795,44764,44784,20
12.939740181,80.2356414795,44784,44794,10
12.9401597977,80.2358703613,44794,44803,9
12.940870285,80.2360916138,44803,44814,11
12.9420204163,80.2363586426,44814,44825,11
12.9433002472,80.2370223999,44825,44835,10
12.9442996979,80.2380905151,44835,44845,10
12.9454698563,80.2392120361,44845,44855,10
12.9467802048,80.2397918701,44855,44865,10
12.9473400116,80.2399978638,44865,44875,10
12.9473800659,80.2400283813,44875,44885,10
12.9477796555,80.240196228,44885,44895,10
12.9484996796,80.2404785156,44895,44906,11
12.9490098953,80.2406921387,44906,44916,10
12.9497098923,80.2409210205,44916,44926,10
12.9507198334,80.2412414551,44926,44936,10
12.9511404037,80.2414016724,44936,44946,10
12.9514398575,80.241569519,44946,44956,10
12.9521198273,80.2417907715,44956,44966,10
12.9530000687,80.2421112061,44966,44977,11
12.9539403915,80.2424926758,44977,44987,10
12.9548501968,80.2428436279,44987,44997,10
12.9556798935,80.2431793213,44997,45007,10
12.9562797546,80.2433776855,45007,45027,20
12.9562797546,80.2433776855,45027,45037,10
12.9564399719,80.2434616089,45037,45047,10
12.9569196701,80.2436599731,45047,45058,11
12.9578695297,80.2440338135,45058,45068,10
12.958820343,80.2444534302,45068,45078,10
12.9589500427,80.2445297241,45078,45088,10
12.9590902328,80.2446289063,45088,45098,10
12.9595804214,80.2448730469,45098,45108,10
12.9603796005,80.2452011108,45108,45118,10
12.961400032,80.2456283569,45118,45128,10
12.9625902176,80.2462005615,45128,45139,11
12.9634504318,80.2466506958,45139,45179,40
12.9634504318,80.2466506958,45179,45189,10
12.96352005,80.2467803955,45189,45199,10
12.9639797211,80.246963501,45199,45209,10
12.964799881,80.2472381592,45209,45220,11
12.9659700394,80.2476272583,45220,45230,10
12.9667301178,80.2479400635,45230,45240,10
12.9667396545,80.2479400635,45240,45250,10
12.9670095444,80.2480926514,45250,45260,10
12.9675397873,80.2483291626,45260,45270,10
12.9683704376,80.2486724854,45270,45280,10
12.9694499969,80.2490615845,45280,45290,10
12.9708003998,80.2495193481,45290,45301,11
12.9723300934,80.249961853,45301,45311,10
12.9735498428,80.2502975464,45311,45321,10
12.9749403,80.2507171631,45321,45331,10
12.9764699936,80.2511825562,45331,45341,10
12.9778404236,80.2518920898,45341,45351,10
12.9785499573,80.2523803711,45351,45361,10
12.9785900116,80.2524032593,45361,45371,10
12.9787502289,80.2524795532,45371,45382,11
12.9793901443,80.2526016235,45382,45453,71
12.9793901443,80.2526016235,45453,45463,10
12.9796600342,80.2526397705,45463,45473,10
12.9801702499,80.2526779175,45473,45483,10
12.9810400009,80.2526626587,45483,45493,10
12.9821796417,80.2526321411,45493,45503,10
12.9835395813,80.2524795532,45503,45513,10
12.9850301743,80.2520980835,45513,45523,10
12.9860200882,80.2518386841,45523,45534,11
12.9870796204,80.2515029907,45534,45645,111
12.9870796204,80.2515029907,45645,45655,10
12.9871797562,80.2515182495,45655,45665,10
12.9874897003,80.2514190674,45665,45675,10
12.9880599976,80.2512893677,45675,45685,10
12.9889497757,80.2510604858,45685,45696,11
12.9895200729,80.2509002686,45696,45706,10
12.9897403717,80.250869751,45706,45716,10
12.9903402328,80.2507324219,45716,45726,10
12.9912500381,80.2504882813,45726,45736,10
12.9924097061,80.2501983643,45736,45746,10
12.9938001633,80.2498321533,45746,45756,10
12.9952802658,80.2494506836,45756,45767,11
12.9970598221,80.2490081787,45767,45777,10
12.9988098145,80.2485733032,45777,45787,10
13.0006198883,80.2481079102,45787,45797,10
13.002120018,80.2477264404,45797,45807,10
13.0034303665,80.2474899292,45807,45817,10
13.0047302246,80.2473068237,45817,45827,10
13.0058298111,80.2470703125,45827,45837,10
13.0064496994,80.2465591431,45837,45848,11
13.0064601898,80.2465286255,45848,45858,10
13.0065603256,80.2462310791,45858,45868,10
13.0066099167,80.245552063,45868,45878,10
13.0065898895,80.2447967529,45878,45888,10
13.0065002441,80.2438964844,45888,45898,10
13.0065402985,80.2430801392,45898,45908,10
13.0065402985,80.2417602539,45908,45918,10
13.0065402985,80.2407836914,45918,45928,10
13.0066900253,80.2402191162,45928,45939,11
13.006770134,80.2398071289,45939,45949,10
13.0069599152,80.2390899658,45949,45959,10
13.0072002411,80.2380065918,45959,45969,10
13.0073699951,80.2373123169,45969,45978,9
13.0074300766,80.236656189,45978,45989,11
13.0074701309,80.2365570068,45989,45999,10
13.0075902939,80.236076355,45999,46010,11
13.0077495575,80.2352218628,46010,46020,10
13.0079498291,80.234161377,46020,46030,10
13.0081501007,80.2329406738,46030,46040,10
13.0083703995,80.2315826416,46040,46050,10
13.008600235,80.2302703857,46050,46060,10
13.0089302063,80.2290420532,46060,46070,10
13.00922966,80.2279205322,46070,46080,10
13.0097103119,80.2268829346,46080,46091,11
13.0102996826,80.2256011963,46091,46101,10
13.0106401443,80.224861145,46101,46111,10
13.0109195709,80.2242736816,46111,46121,10
13.0112895966,80.2232971191,46121,46151,30
13.0112895966,80.2232971191,46151,46161,10
13.0114297867,80.2228775024,46161,46172,11
13.011759758,80.2219696045,46172,46182,10
13.0121603012,80.2213973999,46182,46192,10
13.0123996735,80.2217025757,46192,46202,10
13.0129098892,80.2223587036,46202,46212,10
13.0135402679,80.2230377197,46212,46222,10
13.0142202377,80.2237701416,46222,46232,10
13.0148200989,80.2244873047,46232,46243,11
13.0155200958,80.2250976563,46243,46263,20
13.0155200958,80.2250976563,46263,46273,10
13.0158004761,80.2253417969,46273,46283,10
13.0164203644,80.2253875732,46283,46293,10
13.0171699524,80.2251205444,46293,46303,10
13.0180101395,80.2247619629,46303,46313,10
13.0187797546,80.2244491577,46313,46324,11
13.0195503235,80.2245101929,46324,46334,10
13.0201196671,80.2248535156,46334,46344,10
13.0207796097,80.2253036499,46344,46354,10
13.0214500427,80.2258300781,46354,46364,10
13.0221595764,80.226348877,46364,46374,10
13.0225095749,80.2266693115,46374,46394,20
13.0225095749,80.2266693115,46394,46405,11
13.0227899551,80.2269515991,46405,46415,10
13.0233297348,80.2274398804,46415,46425,10
13.0239801407,80.2280426025,46425,46435,10
13.0242099762,80.2283096313,46435,46445,10
13.0242595673,80.2283935547,46445,46455,10
13.0245399475,80.2287826538,46455,46465,10
13.0249595642,80.2293624878,46465,46475,10
13.0254898071,80.2300491333,46475,46486,11
13.0259304047,80.2309875488,46486,46516,30
13.0259304047,80.2309875488,46516,46526,10
13.02602005,80.231552124,46526,46536,10
13.0262403488,80.2323608398,46536,46546,10
13.0267496109,80.2333297729,46546,46556,10
13.0273704529,80.2343673706,46556,46567,11
13.0280399323,80.2355422974,46567,46577,10
13.028840065,80.2364425659,46577,46587,10
13.0294103622,80.2370986938,46587,46597,10
13.0298995972,80.2378463745,46597,46607,10
13.0304403305,80.2387924194,46607,46617,10
13.0309095383,80.2395782471,46617,46627,10
13.0312004089,80.2399597168,46627,46637,10
13.0313501358,80.2404098511,46637,46648,11
13.0314598083,80.2409667969,46648,46658,10
13.0315704346,80.2412719727,46658,46668,10
13.0319299698,80.2419662476,46668,46678,10
13.0325498581,80.2426605225,46678,46688,10
13.0332298279,80.2435836792,46688,46698,10
13.0339403152,80.2446212769,46698,46708,10
13.0344400406,80.2452697754,46708,46719,11
13.0350799561,80.2458190918,46719,46729,10
13.0357704163,80.2461624146,46729,46749,20
13.0357704163,80.2461624146,46749,46759,10
13.0360002518,80.246383667,46759,46769,10
13.036649704,80.2465133667,46769,46779,10
13.0373802185,80.2464370728,46779,46789,10
13.0380601883,80.2465820313,46789,46800,11
13.0388402939,80.2468032837,46800,46810,10
13.0391998291,80.2469024658,46810,46820,10
13.0396203995,80.2470092773,46820,46830,10
13.0402297974,80.2471237183,46830,46840,10
13.0411396027,80.2472610474,46840,46850,10
13.042140007,80.2474517822,46850,46860,10
13.042840004,80.2476425171,46860,46870,10
13.0437097549,80.2478408813,46870,46881,11
13.0444297791,80.2478637695,46881,46891,10
13.0451402664,80.2481689453,46891,46901,10
13.0459098816,80.2484817505,46901,46911,10
13.0467195511,80.2484436035,46911,46921,10
13.0469799042,80.2484436035,46921,46931,10
13.0471401215,80.2485198975,46931,46941,10
13.0475997925,80.2488708496,46941,46951,10
13.0482597351,80.2493972778,46951,46962,11
13.0492200851,80.2497329712,46962,46972,10
13.049779892,80.2498092651,46972,46982,10
13.0507497787,80.2500228882,46982,46992,10
13.0516796112,80.2503585815,46992,47002,10
13.052479744,80.2511978149,47002,47012,10
13.0532999039,80.2522888184,47012,47022,10
13.0540103912,80.2533187866,47022,47032,10
13.0547800064,80.2543106079,47032,47043,11
13.0555000305,80.255279541,47043,47053,10
13.056019783,80.2560119629,47053,47063,10
13.0563097,80.2562713623,47063,47073,10
13.0568599701,80.2566986084,47073,47083,10
13.0576400757,80.2574920654,47083,47093,10
13.0581598282,80.2581176758,47093,47103,10
13.0586795807,80.2588195801,47103,47113,10
13.0591497421,80.2595672607,47113,47124,11
13.0597600937,80.2602081299,47124,47134,10
13.0603599548,80.2608032227,47134,47144,10
13.0607004166,80.2612762451,47144,47154,10
13.0607299805,80.2614517212,47154,47164,10
13.0610599518,80.2618865967,47164,47174,10
13.0615301132,80.2624435425,47174,47184,10
13.0618600845,80.2627182007,47184,47195,11
13.0620098114,80.2629776001,47195,47205,10
13.0623598099,80.263343811,47205,47215,10
13.0629301071,80.2640686035,47215,47225,10
13.0636196136,80.2650527954,47225,47235,10
13.0641899109,80.2658691406,47235,47245,10
13.0647802353,80.2666015625,47245,47255,10
13.0654201508,80.2670974731,47255,47265,10
13.0656204224,80.2672805786,47265,47276,11
13.0657997131,80.2675170898,47276,47286,10
13.0661001205,80.2678604126,47286,47296,10
13.0664196014,80.2682495117,47296,47306,10
13.0667200089,80.2684020996,47306,47316,10
13.0672903061,80.2688293457,47316,47326,10
13.0679998398,80.2692718506,47326,47336,10
13.0681200027,80.2694473267,47336,47346,10
13.0680704117,80.2700119019,47346,47357,11
13.0679597855,80.2711868286,47357,47367,10
13.0685396194,80.2717590332,47367,47377,10
13.0693798065,80.2722625732,47377,47387,10
13.0700101852,80.2729568481,47387,47397,10
13.0704898834,80.2735671997,47397,47407,10
13.0708799362,80.2739562988,47407,47417,10
13.0710296631,80.2740936279,47417,47427,10
13.0716295242,80.2742996216,47427,47438,11
13.0721797943,80.2748031616,47438,47448,10
13.0727500916,80.2754211426,47448,47458,10
13.0733499527,80.2760391235,47458,47468,10
13.0739898682,80.2763137817,47468,47478,10
13.074839592,80.2762908936,47478,47488,10
13.0756502151,80.2762527466,47488,47498,10
13.0763597488,80.2762298584,47498,47508,10
13.0770397186,80.2761764526,47508,47519,11
13.0779304504,80.2760925293,47519,47529,10
13.0782003403,80.2755508423,47529,47539,10
13.0787096024,80.2750778198,47539,47549,10
13.0795001984,80.2752227783,47549,47559,10
13.0803403854,80.2752075195,47559,47569,10
13.0813798904,80.2750930786,47569,47620,51
13.0813798904,80.2750930786,47620,47630,10
13.0816602707,80.2750930786,47630,47640,10
13.0819797516,80.2753219604,47640,47650,10
13.0820503235,80.2757263184,47650,47701,51
13.0820503235,80.2757263184,47701,47711,10
13.0819396973,80.2759780884,47711,47721,10
13.0818300247,80.2760391235,47721,47731,10
13.0818195343,80.2763671875,47731,47741,10
13.081870079,80.2770385742,47741,47752,11
13.0819196701,80.2778091431,47752,47762,10
13.0820703506,80.2782211304,47762,47772,10
13.0820798874,80.2782287598,47772,47782,10
13.0820999146,80.2783126831,47782,47792,10
13.0819396973,80.278137207,47792,47802,10
13.0818500519,80.2774810791,47802,47812,10
13.0818195343,80.2765197754,47812,47822,10
13.0816602707,80.2757034302,47822,47833,11
13.0814599991,80.2751693726,47833,47843,10
13.0808801651,80.2751998901,47843,47853,10
13.0801496506,80.2752990723,47853,47863,10
13.0793600082,80.2752685547,47863,47873,10
13.0785398483,80.2752380371,47873,47883,10
13.0781402588,80.2760314941,47883,47893,10
13.0774002075,80.2762374878,47893,47903,10
13.0765600204,80.2762832642,47903,47914,11
13.0759096146,80.2761993408,47914,47924,10
13.075920105,80.2758331299,47924,47934,10
13.075920105,80.2753295898,47934,47944,10
13.0759096146,80.2747573853,47944,47954,10
13.0761098862,80.2747192383,47954,48288,334
13.0761098862,80.2747192383,48288,48298,10
13.0760698318,80.2749099731,48298,48309,11
13.0760097504,80.2752685547,48309,48319,10
13.0760803223,80.2756729126,48319,48329,10
13.0763101578,80.2758178711,48329,48797,468
13.0762300491,80.2758026123,48797,48939,142
13.0763397217,80.2758407593,48939,50509,1570
13.0763397217,80.2758407593,50509,50519,10
13.0761003494,80.2760162354,50519,50529,10
13.0759401321,80.2761077881,50529,50539,10
13.0760202408,80.2762680054,50539,50549,10
13.0764799118,80.276260376,50549,50559,10
13.077170372,80.276222229,50559,50570,11
13.0780601501,80.2760620117,50570,50580,10
13.0783901215,80.2753219604,50580,50590,10
13.0792798996,80.2751998901,50590,50600,10
13.0802402496,80.2752380371,50600,50610,10
13.0811395645,80.2751464844,50610,50620,10
13.0816202164,80.275138855,50620,50630,10
13.0819396973,80.2752990723,50630,50681,51
13.0819396973,80.2752990723,50681,50691,10
13.0820398331,80.2755966187,50691,51076,385
13.0820398331,80.2755966187,51076,51086,10
13.0819597244,80.2759933472,51086,51096,10
13.0818300247,80.276222229,51096,51106,10
13.0818796158,80.2766799927,51106,51117,11
13.0819702148,80.2774963379,51117,51127,10
13.0820798874,80.2781677246,51127,51137,10
13.0821199417,80.2783508301,51137,51147,10
13.0820102692,80.278427124,51147,51157,10
13.0819301605,80.2781219482,51157,51167,10
13.0818996429,80.2777023315,51167,51177,10
13.0818300247,80.27709198,51177,51187,10
13.0817699432,80.2767028809,51187,51198,11
13.0818195343,80.2764205933,51198,51208,10
13.081580162,80.2757492065,51208,51268,60
13.081580162,80.2757492065,51268,51279,11
13.0815601349,80.2755966187,51279,51289,10
13.0815401077,80.2754516602,51289,51299,10
13.0815000534,80.2752838135,51299,51309,10
13.0812902451,80.2751693726,51309,51319,10
13.0807695389,80.2752304077,51319,51329,10
13.0800895691,80.2752990723,51329,51339,10
13.0792999268,80.2752609253,51339,51349,10
13.0785398483,80.2752304077,51349,51360,11
13.0781402588,80.2760314941,51360,51370,10
13.0774097443,80.276222229,51370,51380,10
13.0766296387,80.276260376,51380,51390,10
13.0757904053,80.2762832642,51390,51400,10
13.0747900009,80.2763595581,51400,51410,10
13.0736398697,80.2764434814,51410,51420,10
13.0728702545,80.2756881714,51420,51430,10
13.0719604492,80.2747497559,51430,51441,11
13.0710296631,80.2744369507,51441,51451,10
13.0707998276,80.2743301392,51451,51461,10
13.0707597733,80.2742767334,51461,51471,10
13.0706396103,80.2740783691,51471,51481,10
13.0704803467,80.2736816406,51481,51491,10
13.0700998306,80.2731018066,51491,51501,10
13.069439888,80.2723922729,51501,51512,11
13.0686903,80.2719421387,51512,51542,30
13.0686903,80.2719421387,51542,51552,10
13.0684995651,80.2718887329,51552,51562,10
13.0682497025,80.2716217041,51562,51572,10
13.0679998398,80.2711791992,51572,51582,10
13.0678796768,80.2708816528,51582,51593,11
13.0673904419,80.2704391479,51593,51603,10
13.0667104721,80.2696380615,51603,51613,10
13.0664796829,80.2689590454,51613,51623,10
13.0663795471,80.2684631348,51623,51633,10
13.0660800934,80.2680892944,51633,51643,10
13.0657396317,80.2677001953,51643,51653,10
13.0654802322,80.2676010132,51653,51663,10
13.0654697418,80.2676010132,51663,51674,11
13.0652799606,80.2675933838,51674,51684,10
13.0646095276,80.2674636841,51684,51694,10
13.0637197495,80.2673034668,51694,51704,10
13.0628995895,80.2671737671,51704,51714,10
13.0623598099,80.266708374,51714,51724,10
13.0618200302,80.2660369873,51724,51734,10
13.0613002777,80.2653808594,51734,51744,10
13.0604496002,80.2653808594,51744,51765,21
13.0604496002,80.2653808594,51765,51775,10
13.0602703094,80.2655029297,51775,51785,10
13.0597295761,80.2655792236,51785,51795,10
13.059220314,80.2655105591,51795,51805,10
13.0585899353,80.2653503418,51805,51815,10
13.0580997467,80.2650222778,51815,51825,10
13.0579900742,80.2643203735,51825,51836,11
13.0579004288,80.2634429932,51836,51846,10
13.0578403473,80.2627563477,51846,51856,10
13.0577602386,80.2623519897,51856,51866,10
13.0576200485,80.2615890503,51866,51876,10
13.0574398041,80.2607727051,51876,51886,10
13.0571603775,80.2598114014,51886,51896,10
13.0569000244,80.2589187622,51896,51906,10
13.0566902161,80.2582015991,51906,51917,11
13.0565795898,80.257598877,51917,51927,10
13.0565395355,80.2573928833,51927,51937,10
13.0565004349,80.2573318481,51937,51947,10
13.0563802719,80.2568206787,51947,51957,10
13.0560998917,80.2561416626,51957,51967,10
13.0556201935,80.2554473877,51967,51977,10
13.0550804138,80.2546463013,51977,51987,10
13.0543498993,80.2536773682,51987,51998,11
13.0535802841,80.2526321411,51998,52008,10
13.0528402328,80.2516174316,52008,52018,10
13.0520601273,80.2506332397,52018,52028,10
13.0510702133,80.2500305176,52028,52038,10
13.0498104095,80.2497634888,52038,52048,10
13.0486898422,80.2496414185,52048,52058,10
13.0478401184,80.2490997314,52058,52069,11
13.0469799042,80.2485427856,52069,52079,10
13.0462303162,80.2484130859,52079,52089,10
13.0462303162,80.2484130859,52089,52099,10
13.0454101563,80.2481765747,52099,52109,10
13.0445995331,80.2479782104,52109,52119,10
13.0436201096,80.2477874756,52119,52129,10
13.0429401398,80.2477493286,52129,52139,10
13.0422296524,80.2475585938,52139,52151,12
13.0411701202,80.2473068237,52151,52161,10
13.0401496887,80.2471084595,52161,52171,10
13.0397100449,80.2470474243,52171,52181,10
13.0393199921,80.2469329834,52181,52191,10
13.0387096405,80.2467727661,52191,52201,10
13.0380897522,80.2466506958,52201,52211,10
13.037320137,80.2465286255,52211,52221,10
13.0362796783,80.2463302612,52221,52232,11
13.0353899002,80.2460403442,52232,52242,10
13.0351896286,80.2459564209,52242,52252,10
13.0351600647,80.2459106445,52252,52262,10
13.0348596573,80.2456130981,52262,52272,10
13.0343503952,80.2449798584,52272,52282,10
13.0336503983,80.2441864014,52282,52292,10
13.032790184,80.2431030273,52292,52302,10
13.0319595337,80.2419128418,52302,52313,11
13.031419754,80.2408065796,52313,52323,10
13.0311803818,80.2402420044,52323,52333,10
13.0310096741,80.2397994995,52333,52343,10
13.0306396484,80.2390594482,52343,52353,10
13.0302000046,80.23828125,52353,52363,10
13.0296802521,80.237411499,52363,52373,10
13.0290002823,80.236618042,52373,52383,10
13.0284004211,80.2359237671,52383,52394,11
13.0277204514,80.2349624634,52394,52404,10
13.0270395279,80.2338485718,52404,52414,10
13.0265102386,80.2329788208,52414,52424,10
13.0262002945,80.232170105,52424,52434,10
13.0260295868,80.2315979004,52434,52444,10
13.0259504318,80.2311935425,52444,52454,10
13.0256595612,80.2303924561,52454,52464,10
13.0250101089,80.2294387817,52464,52475,11
13.0242004395,80.2284622192,52475,52485,10
13.0236701965,80.2278213501,52485,52495,10
13.0232601166,80.2274169922,52495,52535,40
13.0232601166,80.2274169922,52535,52546,11
13.0229101181,80.2270278931,52546,52556,10
13.0225801468,80.2266769409,52556,52566,10
13.0220499039,80.2262115479,52566,52576,10
13.0212697983,80.2256164551,52576,52586,10
13.0204000473,80.2250137329,52586,52596,10
13.0200796127,80.224822998,52596,52606,10
13.0200500488,80.2247924805,52606,52616,10
13.0197000504,80.2245483398,52616,52627,11
13.0188598633,80.2244110107,52627,52637,10
13.0179901123,80.2247467041,52637,52647,10
13.0170202255,80.225151062,52647,52657,10
13.0164003372,80.2254180908,52657,52667,10
13.0158195496,80.2256393433,52667,52677,10
13.0150995255,80.2258911133,52677,52687,10
13.0149202347,80.225982666,52687,52697,10
13.0146999359,80.2260665894,52697,52708,11
13.014670372,80.2260894775,52708,52718,10
13.0143995285,80.2261581421,52718,52728,10
13.0138502121,80.2263870239,52728,52738,10
13.0130500793,80.2266998291,52738,52748,10
13.0119895935,80.2271118164,52748,52758,10
13.010840416,80.2275772095,52758,52768,10
13.009759903,80.2279968262,52768,52778,10
13.0091104507,80.2286682129,52778,52789,11
13.0088996887,80.2298126221,52789,52799,10
13.0087003708,80.2310028076,52799,52809,10
13.0084600449,80.2322998047,52809,52819,10
13.0082902908,80.2333374023,52819,52829,10
13.0082302094,80.233581543,52829,52839,10
13.008190155,80.2336883545,52839,52849,10
13.0080900192,80.2342300415,52849,52859,10
13.0079603195,80.2349624634,52859,52870,11
13.0077600479,80.2360916138,52870,52880,10
13.0075302124,80.2371368408,52880,52890,10
13.007349968,80.2381820679,52890,52900,10
13.007229805,80.2389068604,52900,52910,10
13.0070896149,80.2396621704,52910,52930,20
13.0070896149,80.2396621704,52930,52941,11
13.0069599152,80.2400665283,52941,52951,10
13.0068998337,80.2406463623,52951,52971,20
13.0068998337,80.2406463623,52971,52981,10
13.006819725,80.2417602539,52981,52991,10
13.0068101883,80.2430419922,52991,53001,10
13.0067195892,80.2441482544,53001,53011,10
13.0066795349,80.245262146,53011,53022,11
13.0067195892,80.24609375,53022,53032,10
13.0067396164,80.2464828491,53032,53042,10
13.0067596436,80.2467803955,53042,53052,10
13.0067195892,80.2472229004,53052,53062,10
13.0063295364,80.2474517822,53062,53103,41
13.0063295364,80.2474517822,53103,53113,10
13.0061798096,80.2474594116,53113,53123,10
13.0058498383,80.2473831177,53123,53133,10
13.0051202774,80.2473068237,53133,53143,10
13.0040302277,80.2474212646,53143,53153,10
13.0027198792,80.2476196289,53153,53163,10
13.0012598038,80.2479934692,53163,53173,10
12.9996900558,80.2484130859,53173,53184,11
12.9982204437,80.248840332,53184,53194,10
12.9979896545,80.248878479,53194,53204,10
12.9974603653,80.2489776611,53204,53214,10
12.9965000153,80.249206543,53214,53224,10
12.9952602386,80.2495193481,53224,53234,10
12.9937496185,80.2499237061,53234,53244,10
12.9920396805,80.250328064,53244,53254,10
12.9909601212,80.250617981,53254,53265,11
12.9907999039,80.250617981,53265,53275,10
12.9903097153,80.2507324219,53275,53285,10
12.9894199371,80.2509002686,53285,53295,10
12.9884796143,80.2511825562,53295,53305,10
12.9879398346,80.2513275146,53305,53315,10
12.9871397018,80.2515563965,53315,53325,10
12.9863595963,80.2517776489,53325,53335,10
12.985449791,80.251991272,53335,53346,11
12.9843301773,80.2523193359,53346,53356,10
12.9831495285,80.2526016235,53356,53366,10
12.9819898605,80.2526702881,53366,53376,10
12.9808702469,80.2527084351,53376,53386,10
12.9802103043,80.2527618408,53386,53396,10
12.9799203873,80.2527236938,53396,53406,10
12.9795198441,80.2526321411,53406,53416,10
12.9784803391,80.2524414063,53416,53437,21
12.9784803391,80.2524414063,53437,53447,10
12.9781398773,80.2521972656,53447,53457,10
12.9774999619,80.2516403198,53457,53467,10
12.9764003754,80.251121521,53467,53477,10
12.9752998352,80.2508087158,53477,53487,10
12.9738903046,80.2503967285,53487,53498,11
12.9726400375,80.2500991821,53498,53508,10
12.9714002609,80.2497711182,53508,53518,10
12.9701795578,80.249382019,53518,53528,10
12.9688596725,80.2489089966,53528,53538,10
12.967590332,80.2483825684,53538,53548,10
12.9666404724,80.2479400635,53548,53558,10
12.965669632,80.2474975586,53558,53568,10
12.9650096893,80.2472763062,53568,53579,11
12.9649801254,80.2472686768,53579,53589,10
12.9645004272,80.2470703125,53589,53599,10
12.9636697769,80.2467498779,53599,53609,10
12.9626598358,80.2462463379,53609,53619,10
12.9614295959,80.2456588745,53619,53629,10
12.9601297379,80.2450408936,53629,53639,10
12.95952034,80.2447967529,53639,53649,10
12.959400177,80.2447433472,53649,53660,11
12.9590597153,80.2445907593,53660,53670,10
12.9582901001,80.2442474365,53670,53680,10
12.9575195313,80.2439575195,53680,53690,10
12.9567699432,80.2437210083,53690,53700,10
12.9564800262,80.2436218262,53700,53720,20
12.9564800262,80.2436218262,53720,53730,10
12.9558696747,80.2433624268,53730,53741,11
12.9548902512,80.2428817749,53741,53751,10
12.9537401199,80.242401123,53751,53761,10
12.9525403976,80.2419204712,53761,53771,10
12.9517602921,80.2415771484,53771,53781,10
12.9511604309,80.2413787842,53781,53791,10
12.950050354,80.2410430908,53791,53801,10
12.9491701126,80.2407608032,53801,53811,10
12.948559761,80.2405319214,53811,53822,11
12.947520256,80.2401275635,53822,53832,10
12.9472703934,80.2400283813,53832,53842,10
12.9471902847,80.2399978638,53842,53852,10
12.9470396042,80.2399368286,53852,53862,10
12.9464597702,80.2396774292,53862,53872,10
12.945520401,80.2392501831,53872,53882,10
12.9445400238,80.2383880615,53882,53892,10
12.9435596466,80.2373199463,53892,53903,11
12.9422998428,80.2364425659,53903,53913,10
12.9408197403,80.236038208,53913,53923,10
12.9395799637,80.2356185913,53923,53943,20
12.9395799637,80.2356185913,53943,53953,10
12.9392700195,80.2354431152,53953,53963,10
12.9385299683,80.2350463867,53963,53973,10
12.9374799728,80.2345504761,53973,53984,11
12.9363603592,80.2340164185,53984,53994,10
12.9359302521,80.2338104248,53994,54004,10
12.9357404709,80.2337493896,54004,54014,10
12.9351396561,80.2334671021,54014,54024,10
12.9339799881,80.2329788208,54024,54044,20
12.9339799881,80.2329788208,54044,54055,11
12.9338998795,80.2329330444,54055,54065,10
12.9335203171,80.2327270508,54065,54075,10
12.9327096939,80.2323989868,54075,54085,10
12.9315795898,80.2320175171,54085,54095,10
12.9302396774,80.2315979004,54095,54105,10
12.9290800095,80.231338501,54105,54115,10
12.9277801514,80.2311172485,54115,54125,10
12.9265003204,80.23097229,54125,54136,11
12.9253196716,80.2308425903,54136,54146,10
12.9244499207,80.2307434082,54146,54156,10
12.9233703613,80.2305908203,54156,54166,10
12.9223604202,80.2304382324,54166,54176,10
12.9211997986,80.2302703857,54176,54186,10
12.919960022,80.230140686,54186,54196,10
12.9186296463,80.2299423218,54196,54206,10
12.9172401428,80.2297592163,54206,54217,11
12.9158601761,80.229598999,54217,54227,10
12.9145002365,80.2293930054,54227,54237,10
12.9135904312,80.2293167114,54237,54247,10
12.913479805,80.2293014526,54247,54257,10
12.9129495621,80.2291793823,54257,54267,10
12.9118795395,80.2290267944,54267,54277,10
12.9105396271,80.2288284302,54277,54287,10
12.9090299606,80.2285919189,54287,54298,11
12.9073696136,80.2283172607,54298,54308,10
12.9068002701,80.2282409668,54308,54318,10
12.9067296982,80.2282409668,54318,54328,10
12.9061498642,80.2282028198,54328,54338,10
12.9053297043,80.2281570435,54338,54348,10
12.9043798447,80.2281112671,54348,54358,10
12.9034004211,80.2280731201,54358,54368,10
12.9020795822,80.228012085,54368,54379,11
12.9012002945,80.2279891968,54379,54399,20
12.9012002945,80.2279891968,54399,54409,10
12.9009599686,80.2279815674,54409,54419,10
12.9004898071,80.2279205322,54419,54429,10
12.8998804092,80.2278823853,54429,54439,10
12.8994197845,80.2278518677,54439,54449,10
12.8992700577,80.2278213501,54449,54460,11
12.8985996246,80.2277832031,54460,54470,10
12.8976402283,80.227722168,54470,54480,10
12.8963804245,80.2276611328,54480,54490,10
12.8949804306,80.2276229858,54490,54500,10
12.8937397003,80.2275390625,54500,54510,10
12.8927602768,80.2274017334,54510,54520,10
12.8923101425,80.2273635864,54520,54531,11
12.8912601471,80.2273330688,54531,54541,10
12.8899402618,80.2273330688,54541,54551,10
12.8885002136,80.2273406982,54551,54561,10
12.8873901367,80.2272262573,54561,54571,10
12.8862695694,80.2269897461,54571,54581,10
12.8851804733,80.2267608643,54581,54591,10
12.8848400116,80.2267227173,54591,54601,10
12.8843698502,80.2266921997,54601,54612,11
12.8833599091,80.2266921997,54612,54622,10
12.8820800781,80.2266998291,54622,54632,10
12.8805704117,80.2267074585,54632,54642,10
12.8789300919,80.2267379761,54642,54652,10
12.8774204254,80.2268676758,54652,54662,10
12.8768196106,80.2269592285,54662,54672,10
12.8767995834,80.2269592285,54672,54682,10
12.8765802383,80.2269668579,54682,54693,11
12.8760995865,80.2269821167,54693,54703,10
12.8751602173,80.2268981934,54703,54713,10
12.8739004135,80.2267608643,54713,54723,10
12.8726902008,80.2266998291,54723,54743,20
12.8726902008,80.2266998291,54743,54753,10
12.8723802567,80.2266921997,54753,54763,10
12.8715600967,80.2266464233,54763,54774,11
12.8702602386,80.2265625,54774,54784,10
12.8687601089,80.2264099121,54784,54794,10
12.8671398163,80.2264633179,54794,54804,10
12.8655004501,80.2265625,54804,54814,10
12.8637399673,80.2265014648,54814,54824,10
12.8619804382,80.2265472412,54824,54834,10
12.860619545,80.2265472412,54834,54844,10
12.8590297699,80.2263336182,54844,54855,11
12.8579702377,80.2262420654,54855,54865,10
12.8566598892,80.22631073,54865,54875,10
12.8550701141,80.2264785767,54875,54885,10
12.8532104492,80.2266693115,54885,54895,10
12.8512401581,80.226600647,54895,54905,10
12.8492603302,80.2265625,54905,54915,10
12.8474197388,80.2265625,54915,54925,10
12.8461103439,80.2265777588,54925,54936,11
12.845410347,80.2265777588,54936,54976,40
12.845410347,80.2265777588,54976,54986,10
12.8449897766,80.2265167236,54986,54996,10
12.8441801071,80.2266082764,54996,55006,10
12.8430099487,80.2267608643,55006,55017,11
12.8413801193,80.2271270752,55017,55027,10
12.840180397,80.2274932861,55027,55037,10
12.8397502899,80.2276611328,55037,55047,10
12.8395395279,80.2277603149,55047,55057,10
12.8388299942,80.2279281616,55057,55067,10
12.837770462,80.2281570435,55067,55077,10
12.8363704681,80.2283935547,55077,55088,11
12.8347301483,80.2286376953,55088,55098,10
12.8331699371,80.2289199829,55098,55108,10
12.8322401047,80.2291107178,55108,55118,10
12.8320798874,80.2291412354,55118,55128,10
12.8314399719,80.2292785645,55128,55138,10
12.8304796219,80.229598999,55138,55148,10
12.8291902542,80.2301025391,55148,55158,10
12.827750206,80.2308578491,55158,55169,11
12.8260803223,80.2313690186,55169,55179,10
12.8249197006,80.2313995361,55179,55189,10
12.823849678,80.2311706543,55189,55199,10
12.8225498199,80.230796814,55199,55209,10
12.8209600449,80.2304763794,55209,55219,10
12.819319725,80.2304992676,55219,55229,10
12.8185997009,80.2303390503,55229,55239,10
12.8176498413,80.2298965454,55239,55250,11
12.8161697388,80.2294387817,55250,55260,10
12.8145503998,80.2292022705,55260,55270,10
12.8129701614,80.228767395,55270,55280,10
12.8113698959,80.2282028198,55280,55290,10
12.8097896576,80.2275466919,55290,55300,10
12.8086004257,80.2267837524,55300,55310,10
12.8073797226,80.2257537842,55310,55320,10
12.8064899445,80.2249679565,55320,55331,11
12.8056898117,80.224281311,55331,55341,10
12.8053798676,80.2240982056,55341,55351,10
12.8050403595,80.223991394,55351,55361,10
12.804980278,80.2239837646,55361,55371,10
12.8048801422,80.2239379883,55371,55381,10
12.8044395447,80.2238616943,55381,55391,10
12.8036699295,80.2238006592,55391,55401,10
12.8026504517,80.2236862183,55401,55412,11
12.8012399673,80.2235565186,55412,55422,10
12.8008403778,80.2235107422,55422,55432,10
12.8006896973,80.223487854,55432,55442,10
12.8000001907,80.2234191895,55442,55452,10
12.7989597321,80.2233276367,55452,55462,10
12.7976799011,80.2231826782,55462,55472,10
12.7962799072,80.2229385376,55472,55482,10
12.7956895828,80.2228393555,55482,55493,11
12.7953500748,80.2227783203,55493,55503,10
12.7945404053,80.2226486206,55503,55513,10
12.7933597565,80.2224807739,55513,55523,10
12.7920198441,80.2222213745,55523,55533,10
12.7906398773,80.2218780518,55533,55543,10
12.7895498276,80.2215805054,55543,55553,10
12.7889404297,80.2213516235,55553,55563,10
12.7882204056,80.2210693359,55563,55574,11
12.7874603271,80.2207717896,55574,55584,10
12.7868995667,80.2205734253,55584,55594,10
12.7863502502,80.2203598022,55594,55634,40
12.7863502502,80.2203598022,55634,55645,11
12.7861204147,80.2203369141,55645,55655,10
12.7861204147,80.2206573486,55655,55665,10
12.7861604691,80.221031189,55665,55675,10
12.7861995697,80.2214431763,55675,55726,51
12.7861995697,80.2214431763,55726,55736,10
12.7862596512,80.2218093872,55736,55786,50
12.786239624,80.2220611572,55786,57265,1479
12.786239624,80.2220611572,57265,57275,10
12.786239624,80.2216796875,57275,57285,10
12.7862300873,80.2215270996,57285,57296,11
12.7861995697,80.2213592529,57296,57306,10
12.7862195969,80.2211227417,57306,57316,10
12.786239624,80.2203979492,57316,57336,20
12.786239624,80.2203979492,57336,57346,10
12.7863903046,80.2203826904,57346,57356,10
12.7866096497,80.2204589844,57356,57397,41
12.7866096497,80.2204589844,57397,57407,10
12.7868995667,80.2206192017,57407,57417,10
12.7870998383,80.2206878662,57417,57427,10
12.7874298096,80.2208023071,57427,57437,10
12.7875995636,80.2208633423,57437,57448,11
12.7881698608,80.2210464478,57448,57458,10
12.7889204025,80.2213287354,57458,57468,10
12.7894897461,80.2215194702,57468,57478,10
12.7898302078,80.2216415405,57478,57488,10
12.7901697159,80.2217483521,57488,57498,10
12.7908802032,80.2219161987,57498,57508,10
12.7918596268,80.2221679688,57508,57518,10
12.7931604385,80.2223815918,57518,57529,11
12.7947797775,80.2226409912,57529,57539,10
12.796380043,80.2229309082,57539,57569,30
12.796380043,80.2229309082,57569,57579,10
12.7966995239,80.2230682373,57579,57589,10
12.7973899841,80.223197937,57589,57599,10
12.7983703613,80.2233200073,57599,57610,11
12.7997398376,80.2234420776,57610,57620,10
12.8010997772,80.2235488892,57620,57630,10
12.8014297485,80.2235717773,57630,57640,10
12.8014698029,80.2236022949,57640,57650,10
12.8019800186,80.2236480713,57650,57660,10
12.80286026,80.2237701416,57660,57670,10
12.8038797379,80.2238311768,57670,57680,10
12.8048496246,80.2239303589,57680,57691,11
12.805560112,80.2240982056,57691,57701,10
12.8055801392,80.2241134644,57701,57711,10
12.8058700562,80.2243423462,57711,57721,10
12.806429863,80.224822998,57721,57731,10
12.8071498871,80.2254333496,57731,57741,10
12.8080997467,80.2262268066,57741,57751,10
12.809220314,80.2271575928,57751,57762,11
12.8106603622,80.2278594971,57762,57772,10
12.81208992,80.2284088135,57772,57782,10
12.8135995865,80.2289428711,57782,57792,10
12.8151903152,80.2292785645,57792,57802,10
12.8168201447,80.2295379639,57802,57812,10
12.8183298111,80.2301635742,57812,57822,10
12.8196401596,80.2304534912,57822,57832,10
12.8198204041,80.2304382324,57832,57843,11
12.8199501038,80.2304382324,57843,57853,10
12.8206396103,80.2304229736,57853,57863,10
12.821680069,80.23046875,57863,57873,10
12.8230199814,80.2308425903,57873,57883,10
12.8245296478,80.2312393188,57883,57893,10
12.8260698318,80.2313232422,57893,57903,10
12.8276596069,80.2309265137,57903,57913,10
12.8291397095,80.2300796509,57913,57924,11
12.8310604095,80.2293395996,57924,57944,20
12.8310604095,80.2293395996,57944,57954,10
12.8312196732,80.2294311523,57954,57964,10
12.8315401077,80.2293014526,57964,57974,10
12.8319101334,80.2291793823,57974,57984,10
12.8326396942,80.2289962769,57984,57994,10
12.8336400986,80.2288131714,57994,58005,11
12.8350095749,80.2286224365,58005,58015,10
12.8365001678,80.2283782959,58015,58025,10
12.8380804062,80.2281036377,58025,58035,10
12.8394002914,80.2277374268,58035,58146,111
12.8394002914,80.2277374268,58146,58156,10
12.8399400711,80.2275695801,58156,58167,11
12.8406801224,80.2273635864,58167,58177,10
12.8417301178,80.2270965576,58177,58187,10
12.843079567,80.2268295288,58187,58197,10
12.8446397781,80.2266235352,58197,58207,10
12.8454198837,80.2265396118,58207,58227,20
12.8454198837,80.2265396118,58227,58238,11
12.845459938,80.2265701294,58238,58248,10
12.8458299637,80.2265625,58248,58258,10
12.846570015,80.2265625,58258,58268,10
12.8475904465,80.2265396118,58268,58278,10
12.8488998413,80.2265396118,58278,58288,10
12.8504695892,80.2265396118,58288,58298,10
12.8522195816,80.2266235352,58298,58308,10
12.8539400101,80.2265777588,58308,58319,11
12.8558797836,80.2263793945,58319,58329,10
12.8576803207,80.2261962891,58329,58339,10
12.8592195511,80.2262802124,58339,58349,10
12.8606595993,80.2264785767,58349,58359,10
12.8608598709,80.2265167236,58359,58369,10
12.8613195419,80.2265472412,58369,58379,10
12.8622198105,80.2265167236,58379,58389,10
12.8634300232,80.2264709473,58389,58400,11
12.8650398254,80.2265396118,58400,58410,10
12.8665800095,80.2264785767,58410,58420,10
12.8680801392,80.2263565063,58420,58430,10
12.8694801331,80.2264404297,58430,58440,10
12.8709201813,80.2265777588,58440,58450,10
12.8723201752,80.2266235352,58450,58460,10
12.8729095459,80.2266235352,58460,58470,10
12.8729600906,80.2266387939,58470,58481,11
12.8735399246,80.2266616821,58481,58491,10
12.8744497299,80.2267608643,58491,58500,9
12.8755102158,80.2268829346,58500,58511,11
12.8766098022,80.2268829346,58511,58521,10
12.8767499924,80.2268829346,58521,58531,10
12.8771800995,80.226852417,58531,58541,10
12.8780097961,80.2267990112,58541,58551,10
12.8789901733,80.2267227173,58551,58562,11
12.880689621,80.2266921997,58562,58572,10
12.882349968,80.2266769409,58572,58582,10
12.885020256,80.2266311646,58582,58602,20
12.885020256,80.2266311646,58602,58612,10
12.885219574,80.2266693115,58612,58622,10
12.885840416,80.2267990112,58622,58632,10
12.8867902756,80.2270584106,58632,58643,11
12.8881597519,80.2272796631,58643,58653,10
12.8897104263,80.2273101807,58653,58663,10
12.8910999298,80.2272872925,58663,58673,10
12.892080307,80.2272796631,58673,58683,10
12.8925800323,80.2273178101,58683,58693,10
12.8934202194,80.2274398804,58693,58703,10
12.8946199417,80.2275466919,58703,58714,11
12.8962602615,80.2276229858,58714,58724,10
12.8979997635,80.2277069092,58724,58734,10
12.899479866,80.2278137207,58734,58744,10
12.9004602432,80.2278366089,58744,58754,10
12.9007902145,80.2278518677,58754,58774,20
12.9007902145,80.2278518677,58774,58784,10
12.9008798599,80.2278823853,58784,58795,11
12.9013700485,80.2279510498,58795,58805,10
12.9022197723,80.2279815674,58805,58815,10
12.9032697678,80.2279891968,58815,58835,20
12.9032697678,80.2279891968,58835,58845,10
12.9037599564,80.2280578613,58845,58855,10
12.9046201706,80.2281417847,58855,58865,10
12.9057197571,80.2282333374,58865,58876,11
12.9067602158,80.2282562256,58876,58886,10
12.9072399139,80.2283096313,58886,58896,10
12.9074497223,80.2283477783,58896,58906,10
12.9080600739,80.2284469604,58906,58916,10
12.9089002609,80.2285919189,58916,58926,10
12.9099302292,80.228767395,58926,58936,10
12.9111204147,80.2289505005,58936,58946,10
12.9124097824,80.2291030884,58946,58957,11
12.9137496948,80.2292480469,58957,58967,10
12.9140300751,80.229309082,58967,58977,10
12.9141302109,80.2293624878,58977,58987,10
12.9146203995,80.2294387817,58987,58997,10
12.9153604507,80.2295837402,58997,59007,10
12.9157400131,80.2296066284,59007,59017,10
12.9161901474,80.2296829224,59017,59027,10
12.9169902802,80.2297973633,59027,59038,11
12.9181699753,80.2299499512,59038,59048,10
12.919500351,80.2301330566,59048,59058,10
12.9210300446,80.2303085327,59058,59068,10
12.922659874,80.2305374146,59068,59078,10
12.9243202209,80.230758667,59078,59088,10
12.9258003235,80.2309188843,59088,59098,10
12.9261198044,80.2309417725,59098,59108,10
12.9263696671,80.2309799194,59108,59119,11
12.9271402359,80.2310714722,59119,59129,10
12.9281196594,80.2311935425,59129,59139,10
12.9292097092,80.2313690186,59139,59149,10
12.9304504395,80.2316436768,59149,59159,10
12.9318704605,80.2320785522,59159,59169,10
12.9337100983,80.2328033447,59169,59190,21
12.9337100983,80.2328033447,59190,59200,10
12.9339399338,80.2328491211,59200,59210,10
12.934679985,80.2332000732,59210,59220,10
12.9356002808,80.2336730957,59220,59230,10
12.9365901947,80.2341308594,59230,59240,10
12.937789917,80.2347183228,59240,59250,10
12.939160347,80.2353820801,59250,59260,10
12.939740181,80.2356109619,59260,59271,11
12.9399299622,80.2356796265,59271,59281,10
12.9406900406,80.2359771729,59281,59291,10
12.9417295456,80.2362365723,59291,59301,10
12.9428396225,80.236618042,59301,59311,10
12.9436903,80.2373580933,59311,59321,10
12.9444704056,80.2382736206,59321,59331,10
12.9453296661,80.2391662598,59331,59341,10
12.9465503693,80.2397232056,59341,59352,11
12.9473800659,80.240020752,59352,59362,10
12.9476299286,80.2401275635,59362,59372,10
12.948220253,80.2403793335,59372,59382,10
12.9487199783,80.2405776978,59382,59392,10
12.949139595,80.2407531738,59392,59402,10
12.9494895935,80.2408828735,59402,59411,9
12.9502096176,80.2411193848,59411,59422,11
12.950969696,80.2413482666,59422,59433,11
12.9510498047,80.2413787842,59433,59443,10
12.9513702393,80.2414779663,59443,59453,10
12.9521198273,80.2417678833,59453,59463,10
12.9531002045,80.2421417236,59463,59473,10
12.954079628,80.2425231934,59473,59483,10
12.9552602768,80.2429962158,59483,59493,10
12.9562902451,80.2432785034,59493,59544,51
12.9562902451,80.2432785034,59544,59554,10
12.9568004608,80.2434997559,59554,59564,10
12.9574604034,80.2438430786,59564,59574,10
12.9583597183,80.2442169189,59574,59584,10
12.9589395523,80.2444610596,59584,59595,11
12.9591798782,80.2446136475,59595,59605,10
12.9597997665,80.2448883057,59605,59615,10
12.9607000351,80.2453079224,59615,59625,10
12.9618701935,80.2458724976,59625,59635,10
12.9631500244,80.2464981079,59635,59645,10
12.963549614,80.2466812134,59645,59655,10
12.9641103745,80.2469177246,59655,59666,11
12.9651002884,80.2472610474,59666,59676,10
12.9662303925,80.2476806641,59676,59686,10
12.9666996002,80.2478790283,59686,59696,10
12.9668598175,80.2479629517,59696,59706,10
12.9669599533,80.2480392456,59706,59716,10
12.9674396515,80.2482681274,59716,59726,10
12.96833992,80.248626709,59726,59736,10
12.9694900513,80.2490997314,59736,59747,11
12.9710903168,80.2496795654,59747,59757,10
12.9728097916,80.2501602173,59757,59767,10
12.9744100571,80.2506027222,59767,59777,10
12.9757404327,80.2509613037,59777,59787,10
12.9772100449,80.251411438,59787,59797,10
12.978219986,80.2521362305,59797,59807,10
12.9785203934,80.2523422241,59807,59817,10
12.9785995483,80.2523880005,59817,59828,11
12.9792604446,80.2525863647,59828,59838,10
12.9802703857,80.2526779175,59838,59848,10
12.981590271,80.2526626587,59848,59858,10
12.9829301834,80.2526473999,59858,59868,10
12.9841098785,80.2523269653,59868,59878,10
12.9852600098,80.2519989014,59878,59888,10
12.9860801697,80.2517929077,59888,59898,10
12.986749649,80.2516098022,59898,59909,11
12.9874897003,80.251373291,59909,59919,10
12.988240242,80.2511978149,59919,59929,10
12.9892501831,80.2509307861,59929,59939,10
12.9895296097,80.2508773804,59939,59949,10
12.9898395538,80.250831604,59949,59959,10
12.990819931,80.2506027222,59959,59969,10
12.9919099808,80.2503204346,59969,59979,10
12.9932699203,80.2499923706,59979,59990,11
12.9949502945,80.2495498657,59990,60000,10
12.9966001511,80.2491378784,60000,60010,10
12.9984102249,80.2486877441,60010,60020,10
13.000120163,80.2482681274,60020,60030,10
13.0016002655,80.2479019165,60030,60040,10
13.0025901794,80.2476730347,60040,60050,10
13.0036497116,80.2474899292,60050,60060,10
13.0048599243,80.2473983765,60060,60071,11
13.0060596466,80.2470626831,60071,60081,10
13.0065002441,80.2465362549,60081,60091,10
13.0065498352,80.2464523315,60091,60101,10
13.0066204071,80.2459793091,60101,60111,10
13.0066299438,80.245262146,60111,60121,10
13.0065898895,80.2445831299,60121,60131,10
13.0065898895,80.2438201904,60131,60142,11
13.0065603256,80.2429504395,60142,60152,10
13.006529808,80.2421035767,60152,60162,10
13.0065402985,80.2410507202,60162,60172,10
13.0066795349,80.2402191162,60172,60182,10
13.0068998337,80.2394866943,60182,60192,10
13.0070695877,80.2384719849,60192,60202,10
13.0073099136,80.2374191284,60202,60212,10
13.0074195862,80.2366714478,60212,60223,11
13.0074796677,80.2365188599,60223,60233,10
13.0075798035,80.2360687256,60233,60243,10
13.0077400208,80.2352523804,60243,60253,10
13.0079097748,80.2343215942,60253,60263,10
13.0081100464,80.2333374023,60263,60273,10
13.008310318,80.2322006226,60273,60283,10
13.0085897446,80.2309494019,60283,60293,10
13.0088396072,80.2296905518,60293,60304,11
13.0091104507,80.2284011841,60304,60314,10
13.009519577,80.2272491455,60314,60324,10
13.010140419,80.2260437012,60324,60334,10
13.0106601715,80.2250366211,60334,60344,10
13.0111198425,80.2239837646,60344,60354,10
13.0113201141,80.2234802246,60354,60364,10
13.0113296509,80.2234573364,60364,60374,10
13.0114202499,80.2233276367,60374,60385,11
13.0116100311,80.2227783203,60385,60395,10
13.0118703842,80.2220916748,60395,60405,10
13.0122299194,80.2215805054,60405,60415,10
13.0124597549,80.2218780518,60415,60425,10
13.0130796432,80.2225189209,60425,60435,10
13.0136604309,80.2231826782,60435,60445,10
13.0142297745,80.2238311768,60445,60455,10
13.0148000717,80.2243728638,60455,60466,11
13.0153598785,80.2249298096,60466,60476,10
13.01541996,80.2249984741,60476,60486,10
13.0158004761,80.2252578735,60486,60496,10
13.0164699554,80.2253417969,60496,60506,10
13.0171604156,80.2251281738,60506,60516,10
13.0184297562,80.2246398926,60516,60526,10
13.0194396973,80.2244796753,60526,60536,10
13.020409584,80.2250366211,60536,60547,11
13.0211496353,80.2256011963,60547,60557,10
13.0218000412,80.2260894775,60557,60567,10
13.0223903656,80.2265396118,60567,60577,10
13.0225000381,80.2266464233,60577,60587,10
13.0226602554,80.2268218994,60587,60597,10
13.0231704712,80.2272720337,60597,60607,10
13.0238103867,80.2278137207,60607,60618,11
13.0243396759,80.2284011841,60618,60628,10
13.0247898102,80.229019165,60628,60638,10
13.0252103806,80.2296066284,60638,60648,10
13.025639534,80.2302627563,60648,60658,10
13.0259199142,80.2309036255,60658,60668,10
13.0261096954,80.2316131592,60668,60678,10
13.0263299942,80.232421875,60678,60688,10
13.0267601013,80.2333068848,60688,60699,11
13.0273399353,80.2342605591,60699,60709,10
13.0277700424,80.2350082397,60709,60719,10
13.0282802582,80.235786438,60719,60729,10
13.0289802551,80.236541748,60729,60739,10
13.0296201706,80.2372436523,60739,60749,10
13.0301103592,80.2380523682,60749,60759,10
13.030579567,80.2388534546,60759,60769,10
13.0306997299,80.2390594482,60769,60780,11
13.0308904648,80.2394485474,60780,60790,10
13.0311002731,80.2397689819,60790,60800,10
13.0311803818,80.2399215698,60800,60810,10
13.0313100815,80.2400665283,60810,60820,10
13.0314397812,80.2404632568,60820,60830,10
13.0315504074,80.2410430908,60830,60840,10
13.0317497253,80.2414474487,60840,60850,10
13.0319795609,80.2419204712,60850,60861,11
13.0325403214,80.2425994873,60861,60871,10
13.0330400467,80.2432785034,60871,60881,10
13.0334997177,80.2438964844,60881,60891,10
13.0339803696,80.2445831299,60891,60901,10
13.0344800949,80.2452316284,60901,60911,10
13.0349397659,80.2457962036,60911,60921,10
13.0354003906,80.2460479736,60921,60931,10
13.0355997086,80.2460784912,60931,60942,11
13.0357303619,80.2461395264,60942,60952,10
13.0360403061,80.2463607788,60952,60962,10
13.0365400314,80.2464599609,60962,60972,10
13.0372104645,80.2465591431,60972,60982,10
13.0377197266,80.2464904785,60982,60992,10
13.0383996964,80.2466812134,60992,61002,10
13.0389900208,80.2469177246,61002,61012,10
13.039059639,80.2469711304,61012,61023,11
13.0390996933,80.246963501,61023,61033,10
13.0395402908,80.2470016479,61033,61043,10
13.0402603149,80.2471389771,61043,61053,10
13.0411195755,80.2473068237,61053,61063,10
13.0422201157,80.247543335,61063,61073,10
13.0432300568,80.2478485107,61073,61083,10
13.0440301895,80.2478103638,61083,61094,11
13.0448999405,80.2479934692,61094,61104,10
13.0455904007,80.2483825684,61104,61114,10
13.0464696884,80.2485580444,61114,61124,10
13.0470104218,80.2484588623,61124,61134,10
13.0470399857,80.2484664917,61134,61144,10
13.047419548,80.2487335205,61144,61154,10
13.0479001999,80.2491989136,61154,61164,10
13.0483703613,80.2496185303,61164,61175,11
13.0489797592,80.2498016357,61175,61185,10
13.0498504639,80.2499237061,61185,61195,10
13.0508403778,80.2500991821,61195,61205,10
13.0517597198,80.2504730225,61205,61215,10
13.0525903702,80.2513809204,61215,61225,10
13.0535097122,80.2526016235,61225,61235,10
13.0543498993,80.2537384033,61235,61245,10
13.0550899506,80.2546920776,61245,61256,11
13.0557498932,80.2555923462,61256,61266,10
13.0563697815,80.2564315796,61266,61276,10
13.0570297241,80.2570800781,61276,61286,10
13.0577297211,80.2576828003,61286,61296,10
13.0582103729,80.2582778931,61296,61306,10
13.0587501526,80.2589569092,61306,61316,10
13.0591697693,80.2596206665,61316,61326,10
13.0596704483,80.2602005005,61326,61337,11
13.0603399277,80.2608413696,61337,61347,10
13.0607595444,80.2613983154,61347,61357,10
13.0607795715,80.261428833,61357,61367,10
13.0608797073,80.2616271973,61367,61377,10
13.0612001419,80.2620697021,61377,61387,10
13.0616397858,80.2625427246,61387,61397,10
13.0619096756,80.2628631592,61397,61407,10
13.061920166,80.262878418,61407,61418,11
13.0619602203,80.2629928589,61418,61428,10
13.0623102188,80.263381958,61428,61438,10
13.0628595352,80.2640380859,61438,61448,10
13.0635004044,80.2648391724,61448,61458,10
13.063949585,80.2656021118,61458,61468,10
13.0645198822,80.2663269043,61468,61478,10
13.0649900436,80.2668533325,61478,61488,10
13.0656099319,80.2672805786,61488,61499,11
13.0657196045,80.2674484253,61499,61509,10
13.0659704208,80.2678222656,61509,61519,10
13.0662498474,80.2682571411,61519,61529,10
13.0663795471,80.2683792114,61529,61539,10
13.0664701462,80.2684173584,61539,61549,10
13.0668001175,80.2685775757,61549,61559,10
13.0673398972,80.2689208984,61559,61570,11
13.0680999756,80.2694320679,61570,61580,10
13.0682601929,80.2698364258,61580,61590,10
13.0681600571,80.270690918,61590,61600,10
13.06828022,80.2716293335,61600,61610,10
13.0690498352,80.2720870972,61610,61620,10
13.0697803497,80.2727813721,61620,61630,10
13.0704402924,80.2735824585,61630,61640,10
13.0710201263,80.2741470337,61640,61651,11
13.0712995529,80.2743225098,61651,61661,10
13.0713195801,80.2743225098,61661,61671,10
13.0716495514,80.2744369507,61671,61681,10
13.0722198486,80.2749099731,61681,61691,10
13.0728702545,80.2755889893,61691,61701,10
13.0735301971,80.2762374878,61701,61711,10
13.0743398666,80.2763900757,61711,61721,10
13.0758199692,80.2763366699,61721,61762,41
13.0758199692,80.2763366699,61762,61772,10
13.0761804581,80.2763977051,61772,61782,10
13.0768299103,80.2763595581,61782,61792,10
13.0776100159,80.2762832642,61792,61802,10
13.0782203674,80.2759170532,61802,61813,11
13.0786399841,80.2752380371,61813,61823,10
13.0793895721,80.2752914429,61823,61833,10
13.0803699493,80.2753067017,61833,61843,10
13.0814695358,80.275177002,61843,61944,101
13.0814695358,80.275177002,61944,61954,10
13.0816802979,80.275177002,61954,61964,10
13.0819597244,80.2752990723,61964,61975,11
13.082110405,80.2754898071,61975,62005,30
13.082110405,80.2756881714,62005,63788,1783
13.082110405,80.2756881714,63788,63798,10
13.0819702148,80.2759475708,63798,63808,10
13.0818195343,80.2761383057,63808,63818,10
13.0818300247,80.2765808105,63818,63828,10
13.081870079,80.2773971558,63828,63839,11
13.0821304321,80.2781066895,63839,63849,10
13.08273983,80.2780685425,63849,63859,10
13.0832595825,80.2781295776,63859,63869,10
13.0834102631,80.2783508301,63869,63879,10
13.0835504532,80.2788085938,63879,63889,10
13.0832195282,80.2789077759,63889,63899,10
13.082690239,80.2786712646,63899,63909,10
13.0822200775,80.2784729004,63909,63920,11
13.0819597244,80.2781219482,63920,63930,10
13.0819301605,80.2777023315,63930,63940,10
13.0818595886,80.2771682739,63940,63950,10
13.0817699432,80.2763137817,63950,63960,10
13.0816297531,80.2758178711,63960,63970,10
13.0815696716,80.2755203247,63970,63980,10
13.0814800262,80.2752838135,63980,63990,10
13.0811004639,80.2752075195,63990,64001,11
13.0804004669,80.2752914429,64001,64011,10
13.0795402527,80.2752990723,64011,64021,10
13.0787200928,80.2751617432,64021,64031,10
13.0782203674,80.2757797241,64031,64041,10
13.0775499344,80.276222229,64041,64051,10
13.0766096115,80.2762832642,64051,64061,10
13.0756101608,80.2763214111,64061,64071,10
13.0745801926,80.2763519287,64071,64082,11
13.0734195709,80.2763137817,64082,64092,10
13.0726804733,80.2754592896,64092,64102,10
13.0718202591,80.2745819092,64102,64132,30
13.0718202591,80.2745819092,64132,64142,10
13.0713100433,80.2744674683,64142,64153,11
13.0706701279,80.2741775513,64153,64163,10
13.0705604553,80.273979187,64163,64173,10
13.0703802109,80.2735824585,64173,64183,10
13.069849968,80.2728805542,64183,64193,10
13.0691995621,80.2721786499,64193,64203,10
13.0684204102,80.2717666626,64203,64213,10
13.0679197311,80.2711029053,64213,64223,10
13.0674295425,80.2705230713,64223,64234,11
13.0665798187,80.2695236206,64234,64244,10
13.0663995743,80.2686080933,64244,64254,10
13.0659303665,80.2679290771,64254,64264,10
13.0653295517,80.267616272,64264,64274,10
13.0652503967,80.267616272,64274,64284,10
13.0649900436,80.2675476074,64284,64294,10
13.0644302368,80.2674026489,64294,64304,10
13.0636396408,80.2672424316,64304,64315,11
13.0628204346,80.266998291,64315,64325,10
13.0621995926,80.2663726807,64325,64335,10
13.0616397858,80.2657089233,64335,64345,10
13.061050415,80.265083313,64345,64355,10
13.0604600906,80.2653884888,64355,64365,10
13.0603704453,80.2654724121,64365,64375,10
13.0599803925,80.265586853,64375,64385,10
13.0594396591,80.2655181885,64385,64396,11
13.0585603714,80.2653427124,64396,64416,20
13.0585603714,80.2653427124,64416,64426,10
13.058259964,80.2652206421,64426,64436,10
13.0580596924,80.2647399902,64436,64446,10
13.0579595566,80.2640609741,64446,64456,10
13.0578804016,80.2631607056,64456,64466,10
13.0577602386,80.2623291016,64466,64477,11
13.0575799942,80.2613601685,64477,64487,10
13.057390213,80.2606277466,64487,64497,10
13.0571098328,80.2596817017,64497,64507,10
13.0568199158,80.2588424683,64507,64517,10
13.0566902161,80.2579498291,64517,64527,10
13.056520462,80.2573394775,64527,64537,10
13.0564699173,80.2571487427,64537,64547,10
13.0563602448,80.2566833496,64547,64558,11
13.0559597015,80.2559814453,64558,64568,10
13.055390358,80.2551574707,64568,64578,10
13.0547504425,80.2542266846,64578,64588,10
13.0540895462,80.2533569336,64588,64598,10
13.053560257,80.2526092529,64598,64608,10
13.0528898239,80.2516937256,64608,64618,10
13.0522203445,80.2508392334,64618,64629,11
13.0512800217,80.2500991821,64629,64639,10
13.0501203537,80.2498321533,64639,64649,10
13.0489397049,80.2497024536,64649,64659,10
13.0480804443,80.2493286133,64659,64669,10
13.0473299026,80.2486877441,64669,64679,10
13.0468997955,80.2485427856,64679,64689,10
13.0463600159,80.2484588623,64689,64699,10
13.0456495285,80.2482833862,64699,64710,11
13.0448904037,80.2480163574,64710,64720,10
13.0439996719,80.2478790283,64720,64730,10
13.0433702469,80.2477798462,64730,64740,10
13.0426797867,80.2476196289,64740,64750,10
13.0419101715,80.247428894,64750,64760,10
13.0410003662,80.247253418,64760,64770,10
13.0402002335,80.2471008301,64770,64780,10
13.0400600433,80.2470703125,64780,64791,11
13.0397796631,80.2470397949,64791,64801,10
13.0393600464,80.2469177246,64801,64811,10
13.0389299393,80.2468032837,64811,64821,10
13.038479805,80.2466201782,64821,64831,10
13.0380601883,80.24659729,64831,64841,10
13.0375499725,80.2465362549,64841,64851,10
13.0369796753,80.2464599609,64851,64861,10
13.0365400314,80.2463607788,64861,64872,11
13.0361995697,80.2461929321,64872,64882,10
13.0356397629,80.2460632324,64882,64892,10
13.035490036,80.2460174561,64892,64902,10
13.0352201462,80.2459564209,64902,64912,10
13.034819603,80.2456665039,64912,64922,10
13.0345697403,80.245300293,64922,64932,10
13.0341300964,80.2446975708,64932,64942,10
13.0336399078,80.2440185547,64942,64953,11
13.0327796936,80.2429428101,64953,64963,10
13.0321598053,80.2421722412,64963,64973,10
13.0317401886,80.2413711548,64973,64983,10
13.0313901901,80.2406692505,64983,64993,10
13.03125,80.2403182983,64993,65054,61
13.03125,80.2403182983,65054,65064,10
13.031129837,80.2400817871,65064,65074,10
13.0308599472,80.2395019531,65074,65084,10
13.0305500031,80.2389297485,65084,65094,10
13.0299596786,80.2378387451,65094,65105,11
13.0291204453,80.2367324829,65105,65115,10
13.0282001495,80.2357330322,65115,65125,10
13.0274801254,80.2346496582,65125,65135,10
13.026889801,80.2336807251,65135,65145,10
13.0264396667,80.2329025269,65145,65155,10
13.0261201859,80.2320022583,65155,65165,10
13.0258703232,80.2310333252,65165,65175,10
13.0253601074,80.2300033569,65175,65186,11
13.0248098373,80.2292861938,65186,65196,10
13.024720192,80.2291870117,65196,65206,10
13.0246896744,80.2291183472,65206,65216,10
13.0244197845,80.228767395,65216,65226,10
13.0239896774,80.2282562256,65226,65236,10
13.0233001709,80.2274780273,65236,65256,20
13.0233001709,80.2274780273,65256,65267,11
13.0232400894,80.2273330688,65267,65277,10
13.0229902267,80.2270812988,65277,65287,10
13.0225000381,80.2266235352,65287,65297,10
13.0218000412,80.2260284424,65297,65307,10
13.0209598541,80.2253875732,65307,65317,10
13.0201196671,80.2248382568,65317,65327,10
13.019490242,80.2244491577,65327,65337,10
13.0185604095,80.2244796753,65337,65348,11
13.0176095963,80.2249221802,65348,65358,10
13.0167798996,80.2252807617,65358,65368,10
13.0163402557,80.225479126,65368,65378,10
13.0156602859,80.2257080078,65378,65388,10
13.0150003433,80.2259674072,65388,65398,10
13.0143699646,80.2262268066,65398,65408,10
13.0142402649,80.2262573242,65408,65418,10
13.0140695572,80.22631073,65418,65429,11
13.0134601593,80.2265396118,65429,65439,10
13.0126895905,80.2268371582,65439,65449,10
13.0117998123,80.2271881104,65449,65459,10
13.010840416,80.2275695801,65459,65469,10
13.0098600388,80.2279815674,65469,65479,10
13.0091199875,80.2286376953,65479,65489,10
13.0088996887,80.2296829224,65489,65500,11
13.0086803436,80.2308273315,65500,65510,10
13.008480072,80.2317733765,65510,65520,10
13.0083198547,80.2327728271,65520,65530,10
13.0082101822,80.2334365845,65530,65540,10
13.0081195831,80.2337875366,65540,65550,10
13.0079898834,80.2344970703,65550,65560,10
13.0079097748,80.2348098755,65560,65570,10
13.0078601837,80.2350692749,65570,65581,11
13.0077495575,80.2357406616,65581,65591,10
13.0076198578,80.2363586426,65591,65601,10
13.0074300766,80.2372817993,65601,65611,10
13.0072603226,80.2383422852,65611,65621,10
13.0070896149,80.2390518188,65621,65631,10
13.0069198608,80.2398681641,65631,65672,41
13.0069198608,80.2398681641,65672,65682,10
13.0068798065,80.2401428223,65682,65692,10
13.0067501068,80.2406692505,65692,65702,10
13.0066795349,80.2414703369,65702,65712,10
13.0067100525,80.2426223755,65712,65722,10
13.0066604614,80.243637085,65722,65732,10
13.0066204071,80.2445068359,65732,65743,11
13.006649971,80.2453765869,65743,65753,10
13.0066900253,80.2456970215,65753,65763,10
13.0067195892,80.2459335327,65763,65773,10
13.0067195892,80.2465362549,65773,65783,10
13.0066604614,80.2472915649,65783,65793,10
13.0061197281,80.2473907471,65793,65824,31
13.0061197281,80.2473907471,65824,65834,10
13.0058002472,80.2473220825,65834,65844,10
13.00522995,80.2473220825,65844,65854,10
13.0043897629,80.2473831177,65854,65864,10
13.0032997131,80.2475280762,65864,65874,10
13.0020799637,80.2477722168,65874,65884,10
13.0007696152,80.2481079102,65884,65894,10
12.999420166,80.2484436035,65894,65905,11
12.9980401993,80.2488021851,65905,65915,10
12.9968099594,80.2490997314,65915,65925,10
12.9955596924,80.249420166,65925,65935,10
12.9943304062,80.2497406006,65935,65945,10
12.993060112,80.2500610352,65945,65955,10
12.9918403625,80.2503814697,65955,65965,10
12.9910497665,80.2506027222,65965,65986,21
12.9910497665,80.2506027222,65986,65996,10
12.9907598495,80.250617981,65996,66006,10
12.9902095795,80.2507629395,66006,66016,10
12.9894199371,80.2509613037,66016,66026,10
12.9883003235,80.2512817383,66026,66067,41
12.9883003235,80.2512817383,66067,66077,10
12.988120079,80.2513275146,66077,66087,10
12.9878902435,80.2513809204,66087,66097,10
12.9875402451,80.2514724731,66097,66107,10
12.9869604111,80.2516098022,66107,66117,10
12.9862499237,80.2518005371,66117,66127,10
12.9854001999,80.2520217896,66127,66138,11
12.9841899872,80.2523422241,66138,66148,10
12.9830303192,80.2525863647,66148,66158,10
12.9819602966,80.2526397705,66158,66168,10
12.9808597565,80.2526626587,66168,66178,10
12.9800300598,80.2527236938,66178,66188,10
12.9791402817,80.2526321411,66188,66198,10
12.9785995483,80.2525405884,66198,66208,10
12.9785804749,80.2525405884,66208,66219,11
12.9784097672,80.2524337769,66219,66229,10
12.9778995514,80.2520294189,66229,66239,10
12.9771404266,80.251411438,66239,66249,10
12.9760398865,80.2510299683,66249,66259,10
12.9746599197,80.2506332397,66259,66269,10
12.9732999802,80.2502593994,66269,66279,10
12.9720697403,80.2499389648,66279,66289,10
12.9706201553,80.2495269775,66289,66300,11
12.9691295624,80.2489624023,66300,66310,10
12.9680404663,80.248550415,66310,66320,10
12.9671497345,80.2481689453,66320,66330,10
12.9667196274,80.2479476929,66330,66340,10
12.9660596848,80.2476425171,66340,66350,10
12.9653596878,80.2473831177,66350,66360,10
12.9652500153,80.2473373413,66360,66371,11
12.9649200439,80.2472229004,66371,66381,10
12.9642496109,80.2469482422,66381,66391,10
12.9638204575,80.2467803955,66391,66401,10
12.963809967,80.2467803955,66401,66411,10
12.9634799957,80.2466506958,66411,66421,10
12.9628295898,80.246307373,66421,66431,10
12.9618902206,80.2458572388,66431,66441,10
12.960729599,80.2453231812,66441,66452,11
12.9596996307,80.2448806763,66452,66462,10
12.9594402313,80.2447662354,66462,66472,10
12.9593496323,80.2447280884,66472,66482,10
12.9591197968,80.2446365356,66482,66492,10
12.9584903717,80.2443237305,66492,66502,10
12.9576797485,80.2440109253,66502,66512,10
12.9567499161,80.2436523438,66512,66522,10
12.9562597275,80.2435073853,66522,66533,11
12.955450058,80.2431335449,66533,66543,10
12.9545001984,80.2427215576,66543,66555,12
12.9536104202,80.2423400879,66555,66565,10
12.952630043,80.2419509888,66565,66575,10
12.9517803192,80.2416763306,66575,66585,10
12.9516601563,80.2416305542,66585,66595,10
12.9512996674,80.2414779663,66595,66604,9
12.9505996704,80.2412414551,66604,66616,12
12.9494600296,80.2408828735,66616,66626,10
12.9486598969,80.2405776978,66626,66636,10
12.9478597641,80.2402496338,66636,66646,10
12.9471197128,80.2399597168,66646,66656,10
12.9468202591,80.2398605347,66656,66666,10
12.946439743,80.2397003174,66666,66676,10
12.9456195831,80.2393417358,66676,66687,11
12.9446201324,80.2385482788,66687,66697,10
12.9435997009,80.2375030518,66697,66707,10
12.9428300858,80.2367172241,66707,66717,10
12.9415597916,80.2362365723,66717,66727,10
12.9402303696,80.2359085083,66727,66737,10
12.9396295547,80.2356796265,66737,66747,10
12.939620018,80.2356796265,66747,66757,10
12.939209938,80.2354736328,66757,66768,11
12.9384202957,80.2350769043,66768,66778,10
12.9374504089,80.2346420288,66778,66788,10
12.9364004135,80.2341003418,66788,66798,10
12.9356002808,80.2337112427,66798,66808,10
12.9346704483,80.233291626,66808,66818,10
12.934129715,80.2330627441,66818,66828,10
12.9340000153,80.2330093384,66828,66838,10
12.9338798523,80.2329406738,66838,66849,11
12.9337701797,80.2328872681,66849,66859,10
12.9335803986,80.2327880859,66859,66869,10
12.9329795837,80.2325210571,66869,66879,10
12.9320497513,80.232170105,66879,66889,10
12.9308204651,80.2317504883,66889,66899,10
12.9294900894,80.2313995361,66899,66909,10
12.9282999039,80.2311935425,66909,66919,10
12.9270000458,80.231048584,66919,66930,11
12.9261198044,80.2309799194,66930,66940,10
12.926030159,80.2309799194,66940,66950,10
12.9255199432,80.2309112549,66950,66960,10
12.9246997833,80.230796814,66960,66970,10
12.9236698151,80.2306594849,66970,66980,10
12.9224004745,80.23046875,66980,66990,10
12.9209403992,80.2302627563,66990,67000,10
12.919380188,80.2300567627,67000,67011,11
12.9177103043,80.2298278809,67011,67021,10
12.9163303375,80.229637146,67021,67031,10
12.9149398804,80.2294464111,67031,67041,10
12.9138803482,80.2293167114,67041,67051,10
12.9133195877,80.2292861938,67051,67061,10
12.913310051,80.2292861938,67061,67071,10
12.9132299423,80.2292633057,67071,67082,11
12.912610054,80.229133606,67082,67092,10
12.911740303,80.2289962769,67092,67102,10
12.9106302261,80.228843689,67102,67112,10
12.909239769,80.2286224365,67112,67122,10
12.907790184,80.2283782959,67122,67132,10
12.9069099426,80.2282791138,67132,67142,10
12.9068403244,80.2282562256,67142,67152,10
12.9067401886,80.2282485962,67152,67163,11
12.9061002731,80.2282104492,67163,67173,10
12.9051198959,80.2281417847,67173,67183,10
12.9038600922,80.2280807495,67183,67193,10
12.9027500153,80.2280197144,67193,67203,10
12.901720047,80.2279815674,67203,67213,10
12.9012098312,80.2279586792,67213,67223,10
12.9008598328,80.2279510498,67223,67233,10
12.9005403519,80.227897644,67233,67244,11
12.899479866,80.2278671265,67244,67264,20
12.899479866,80.2278671265,67264,67274,10
12.8992300034,80.2278213501,67274,67284,10
12.8986196518,80.2277984619,67284,67294,10
12.8977203369,80.2277526855,67294,67304,10
12.8965997696,80.2276916504,67304,67314,10
12.8953104019,80.2276535034,67314,67325,11
12.8938598633,80.2275695801,67325,67335,10
12.8931398392,80.2275238037,67335,67365,30
12.8931398392,80.2275238037,67365,67375,10
12.8928499222,80.2274627686,67375,67385,10
12.8924303055,80.2274169922,67385,67395,10
12.8917303085,80.2273483276,67395,67406,11
12.8905696869,80.2273406982,67406,67416,10
12.8892402649,80.2273330688,67416,67426,10
12.8879299164,80.2272796631,67426,67436,10
12.8869600296,80.2271499634,67436,67446,10
12.8857698441,80.226852417,67446,67456,10
12.8850097656,80.2267227173,67456,67466,10
12.8847799301,80.2266998291,67466,67477,11
12.8846101761,80.2266921997,67477,67487,10
12.8840398788,80.2266769409,67487,67497,10
12.8831701279,80.2266693115,67497,67507,10
12.8821401596,80.2266769409,67507,67517,10
12.8809099197,80.2266998291,67517,67527,10
12.8795700073,80.2267379761,67527,67537,10
12.8781900406,80.2268066406,67537,67547,10
12.8770103455,80.2269134521,67547,67558,11
12.8764200211,80.2269668579,67558,67568,10
12.8763599396,80.2269668579,67568,67578,10
12.876159668,80.2269363403,67578,67588,10
12.8755397797,80.2269210815,67588,67598,10
12.8746404648,80.2268218994,67598,67608,10
12.8735103607,80.2266998291,67608,67618,10
12.8729496002,80.2266921997,67618,67628,10
12.8728399277,80.2266769409,67628,67639,11
12.8726997375,80.2266769409,67639,67649,10
12.8722896576,80.2266693115,67649,67659,10
12.8715000153,80.2266387939,67659,67669,10
12.8704299927,80.2265625,67669,67679,10
12.8691396713,80.2264175415,67679,67689,10
12.8676700592,80.2263717651,67689,67699,10
12.8664703369,80.2264785767,67699,67709,10
12.865240097,80.2265396118,67709,67720,11
12.8636598587,80.2265014648,67720,67730,10
12.8622303009,80.2265167236,67730,67740,10
12.8611402512,80.2265777588,67740,67750,10
12.8609695435,80.2265777588,67750,67760,10
12.8605003357,80.2265090942,67760,67770,10
12.8597202301,80.2264022827,67770,67780,10
12.8589000702,80.2262878418,67780,67790,10
12.8582401276,80.2262268066,67790,67801,11
12.8571395874,80.2262573242,67801,67811,10
12.8558797836,80.2263793945,67811,67821,10
12.8544597626,80.2265167236,67821,67831,10
12.852930069,80.2266387939,67831,67841,10
12.8513898849,80.2265777588,67841,67851,10
12.8500699997,80.2265472412,67851,67861,10
12.8491201401,80.2265625,67861,67871,10
12.8490400314,80.2265625,67871,67882,11
12.8488998413,80.2265090942,67882,67892,10
12.848400116,80.2265167236,67892,67902,10
12.8474903107,80.2265167236,67902,67912,10
12.846449852,80.2265396118,67912,67922,10
12.8458404541,80.2265396118,67922,67932,10
12.8452596664,80.2265625,67932,67953,21
12.8452596664,80.2265625,67953,67963,10
12.8450803757,80.2265625,67963,67973,10
12.8445396423,80.2266082764,67973,67983,10
12.8436498642,80.2266387939,67983,67993,10
12.8425502777,80.226852417,67993,68003,10
12.841219902,80.2271575928,68003,68013,10
12.8401498795,80.2274780273,68013,68023,10
12.8396997452,80.2276306152,68023,68074,51
12.8396997452,80.2276306152,68074,68084,10
12.8392000198,80.2277526855,68084,68094,10
12.8384199142,80.2279586792,68094,68104,10
12.8373298645,80.2281799316,68104,68115,11
12.8359498978,80.2284088135,68115,68125,10
12.8345603943,80.2286224365,68125,68135,10
12.8331203461,80.2288970947,68135,68145,10
12.8322601318,80.2290802002,68145,68155,10
12.8322296143,80.2290802002,68155,68165,10
12.832110405,80.2291107178,68165,68175,10
12.8317298889,80.2291793823,68175,68185,10
12.8312997818,80.2292633057,68185,68196,11
12.8304395676,80.2295684814,68196,68206,10
12.8294200897,80.2299499512,68206,68216,10
12.8282804489,80.230506897,68216,68226,10
12.8270797729,80.2311630249,68226,68236,10
12.825799942,80.2313308716,68236,68246,10
12.8243904114,80.2312774658,68246,68256,10
12.8229703903,80.2308807373,68256,68267,11
12.8213300705,80.2304611206,68267,68277,10
12.8197898865,80.2304534912,68277,68287,10
12.8188800812,80.2304534912,68287,68297,10
12.8188199997,80.230430603,68297,68307,10
12.8183698654,80.2302322388,68307,68317,10
12.8175802231,80.2298583984,68317,68327,10
12.8164701462,80.2294769287,68327,68337,10
12.8151397705,80.2292709351,68337,68348,11
12.8135995865,80.2289733887,68348,68358,10
12.8122797012,80.2285308838,68358,68368,10
12.8109102249,80.2280273438,68368,68378,10
12.8095903397,80.2274627686,68378,68388,10
12.8087797165,80.2269592285,68388,68398,10
12.8080101013,80.2263412476,68398,68408,10
12.8070697784,80.2255096436,68408,68418,10
12.8062496185,80.2247772217,68418,68429,11
12.8054704666,80.2241363525,68429,68439,10
12.8049201965,80.2239608765,68439,68449,10
12.8049001694,80.2239608765,68449,68459,10
12.8048696518,80.2239379883,68459,68469,10
12.8044996262,80.2238922119,68469,68479,10
12.8038196564,80.2238388062,68479,68489,10
12.8030004501,80.2237625122,68489,68499,10
12.8020200729,80.2236404419,68499,68510,11
12.8009700775,80.2235565186,68510,68520,10
12.8008203506,80.2235412598,68520,68530,10
12.8007602692,80.2235336304,68530,68540,10
12.8002595901,80.2234573364,68540,68550,10
12.7994604111,80.2233963013,68550,68560,10
12.7983598709,80.2232208252,68560,68570,10
12.7971000671,80.2231216431,68570,68580,10
12.795920372,80.2229232788,68580,68591,11
12.79570961,80.2228927612,68591,68601,10
12.7954502106,80.2228393555,68601,68611,10
12.7947397232,80.2227020264,68611,68621,10
12.7937498093,80.2225494385,68621,68631,10
12.7925701141,80.222366333,68631,68641,10
12.7912998199,80.2220687866,68641,68651,10
12.7900600433,80.2217636108,68651,68662,11
12.7886600494,80.2212677002,68662,68702,40
12.7886600494,80.2212677002,68702,68712,10
12.7882995605,80.2211380005,68712,68732,20
12.7881202698,80.2210617065,68732,68763,31
12.7881202698,80.2210617065,68763,68773,10
12.7877197266,80.2209320068,68773,68824,51
12.7873897552,80.2207794189,68824,68905,81
12.78703022,80.2206420898,68905,68955,50
12.7866401672,80.220489502,68955,69006,51
12.7866401672,80.220489502,69006,69016,10
12.7862195969,80.2203216553,69016,69067,51
12.7862195969,80.2203216553,69067,69077,10
12.7860403061,80.2202606201,69077,69087,10
12.7857999802,80.220161438,69087,69097,10
12.7846803665,80.2195968628,69097,69138,41
12.7846803665,80.2195968628,69138,69148,10
12.7842998505,80.219367981,69148,69158,10
12.7837295532,80.2190475464,69158,69168,10
12.7828998566,80.2185821533,69168,69178,10
12.7818098068,80.2179870605,69178,69188,10
12.7805204391,80.2172775269,69188,69198,10
12.7791595459,80.2165603638,69198,69208,10
12.7777004242,80.2158432007,69208,69219,11
12.775970459,80.215133667,69219,69229,10
12.7744998932,80.2145462036,69229,69239,10
12.7729196548,80.2139205933,69239,69249,10
12.7714099884,80.2133636475,69249,69259,10
12.7705202103,80.2130584717,69259,69269,10
12.7704801559,80.2130508423,69269,69279,10
12.7704200745,80.2130203247,69279,69290,11
12.7698097229,80.2127685547,69290,69300,10
12.7689599991,80.2124633789,69300,69310,10
12.767829895,80.212059021,69310,69320,10
12.7664499283,80.2115707397,69320,69330,10
12.7648696899,80.2109909058,69330,69340,10
12.7631998062,80.210357666,69340,69350,10
12.7616100311,80.2097167969,69350,69360,10
12.7602901459,80.2090835571,69360,69371,11
12.759519577,80.2086791992,69371,69381,10
12.7594900131,80.2086715698,69381,69391,10
12.7591400146,80.2084732056,69391,69401,10
12.7584295273,80.2080764771,69401,69411,10
12.7574796677,80.2075576782,69411,69421,10
12.7566604614,80.2071075439,69421,69431,10
12.7565803528,80.2070617676,69431,69441,10
12.7561998367,80.2068405151,69441,69452,11
12.7553596497,80.2063827515,69452,69462,10
12.7543201447,80.2058105469,69462,69472,10
12.753080368,80.2051391602,69472,69482,10
12.7519397736,80.2045516968,69482,69492,10
12.7510700226,80.2041091919,69492,69502,10
12.7510004044,80.2040710449,69502,69512,10
12.7507095337,80.2039031982,69512,69522,10
12.750120163,80.2035903931,69522,69533,11
12.7490997314,80.2030563354,69533,69543,10
12.7479000092,80.2024307251,69543,69553,10
12.7465295792,80.2017364502,69553,69563,10
12.7453603745,80.201133728,69563,69573,10
12.744509697,80.2005767822,69573,69583,10
12.7438297272,80.1998825073,69583,69593,10
12.7430696487,80.1989517212,69593,69603,10
12.7421197891,80.1978683472,69603,69614,11
12.7416000366,80.197227478,69614,69624,10
12.7416000366,80.1971817017,69624,69634,10
12.7413101196,80.1967697144,69634,69644,10
12.740819931,80.1960983276,69644,69654,10
12.7401399612,80.1951828003,69654,69664,10
12.7393302917,80.1940231323,69664,69674,10
12.7384004593,80.192741394,69674,69685,11
12.7373399734,80.1916503906,69685,69695,10
12.7364196777,80.1907272339,69695,69705,10
12.7359199524,80.1903076172,69705,69715,10
12.7358398438,80.1902008057,69715,69725,10
12.7354202271,80.1898498535,69725,69735,10
12.734629631,80.1895599365,69735,69745,10
12.7335100174,80.1894378662,69745,69755,10
12.7322998047,80.1892776489,69755,69766,11
12.7313899994,80.1891021729,69766,69776,10
12.7307500839,80.1890487671,69776,69786,10
12.7302703857,80.1890029907,69786,69796,10
12.7296800613,80.1889419556,69796,69816,20
12.7296800613,80.1889419556,69816,69826,10
12.7292804718,80.188911438,69826,69836,10
12.7286396027,80.1888198853,69836,69847,11
12.7276496887,80.1885223389,69847,69857,10
12.7267799377,80.1883010864,69857,69867,10
12.726269722,80.1881866455,69867,69877,10
12.7261800766,80.1881713867,69877,69887,10
12.7259702682,80.1881332397,69887,69897,10
12.7255296707,80.1880569458,69897,69907,10
12.725110054,80.1879882813,69907,69917,10
12.7249803543,80.1879577637,69917,69928,11
12.7246704102,80.1878890991,69928,69938,10
12.7241001129,80.18775177,69938,69948,10
12.7236003876,80.1876296997,69948,69958,10
12.7233400345,80.1875610352,69958,69968,10
12.7228603363,80.1874313354,69968,69978,10
12.722410202,80.1873092651,69978,69988,10
12.7221899033,80.1874389648,69988,70049,61
12.7221899033,80.1874389648,70049,70059,10
12.7220697403,80.18775177,70059,70069,10
12.7218599319,80.1878433228,70069,70080,11
12.7220802307,80.1877593994,70080,71685,1605
12.7220802307,80.1877593994,71685,71695,10
12.7222900391,80.1875,71695,71716,21
12.7222900391,80.1875,71716,71726,10
12.7226800919,80.1873931885,71726,71736,10
12.723110199,80.1875076294,71736,71746,10
12.723449707,80.1875991821,71746,71756,10
12.7239398956,80.1877365112,71756,71766,10
12.724360466,80.1878509521,71766,71776,10
12.7249202728,80.1879577637,71776,71786,10
12.7253503799,80.1880264282,71786,71867,81
12.7253503799,80.1880264282,71867,71878,11
12.7257204056,80.1881027222,71878,71888,10
12.7260799408,80.1881713867,71888,71898,10
12.7266197205,80.1882781982,71898,71908,10
12.7275104523,80.1884765625,71908,71918,10
12.7285804749,80.1888122559,71918,71928,10
12.7296600342,80.188949585,71928,71959,31
12.7296600342,80.188949585,71959,71969,10
12.7297801971,80.1889724731,71969,71979,10
12.7301702499,80.1890182495,71979,71989,10
12.7305297852,80.1890716553,71989,71999,10
12.7312498093,80.1891403198,71999,72009,10
12.7321901321,80.1892700195,72009,72019,10
12.7331695557,80.1894073486,72019,72030,11
12.7343997955,80.1895294189,72030,72040,10
12.735619545,80.1899032593,72040,72050,10
12.7363700867,80.1905822754,72050,72060,10
12.7372102737,80.1914291382,72060,72070,10
12.7382698059,80.1924819946,72070,72080,10
12.7393102646,80.1938095093,72080,72090,10
12.7403697968,80.1952514648,72090,72100,10
12.7414102554,80.1967163086,72100,72111,11
12.7425804138,80.1982879639,72111,72121,10
12.7438602448,80.1997833252,72121,72131,10
12.7451200485,80.2009429932,72131,72141,10
12.7466497421,80.2017593384,72141,72151,10
12.7483501434,80.20262146,72151,72161,10
12.7501096725,80.2035217285,72161,72171,10
12.7513198853,80.2041397095,72171,72181,10
12.751999855,80.2044906616,72181,72192,11
12.7531404495,80.2051010132,72192,72202,10
12.7544898987,80.2058181763,72202,72212,10
12.756070137,80.206703186,72212,72222,10
12.7576999664,80.2075881958,72222,72232,10
12.7591495514,80.2083816528,72232,72242,10
12.7600803375,80.2089080811,72242,72252,10
12.7610397339,80.2094192505,72252,72262,10
12.7623796463,80.2099914551,72262,72273,11
12.7640304565,80.2106323242,72273,72283,10
12.7656297684,80.2112121582,72283,72293,10
12.7672796249,80.211807251,72293,72303,10
12.768989563,80.2124328613,72303,72313,10
12.770529747,80.2129974365,72313,72323,10
12.7710895538,80.2131881714,72323,72333,10
12.7715597153,80.2133483887,72333,72343,10
12.7725801468,80.213722229,72343,72354,11
12.7737598419,80.2141876221,72354,72364,10
12.7752304077,80.2147674561,72364,72374,10
12.7768001556,80.2154083252,72374,72384,10
12.7784700394,80.2161178589,72384,72394,10
12.7800998688,80.2170028687,72394,72404,10
12.7816400528,80.2178421021,72404,72414,10
12.7829904556,80.2185897827,72414,72425,11
12.7841501236,80.2192611694,72425,72435,10
12.7849998474,80.2197189331,72435,72445,10
12.7856702805,80.2200698853,72445,72455,10
12.7860898972,80.2202606201,72455,72465,10
12.7864599228,80.2204208374,72465,72485,20
12.7864599228,80.2204208374,72485,72495,10
12.7865896225,80.220451355,72495,72506,11
12.7870998383,80.2206573486,72506,72516,10
12.7877397537,80.2208709717,72516,72526,10
12.7885103226,80.2211914063,72526,72536,10
12.7892599106,80.2214584351,72536,72546,10
12.789899826,80.2216873169,72546,72556,10
12.7906103134,80.2218780518,72556,72566,10
12.7917699814,80.2221298218,72566,72576,10
12.7932500839,80.222442627,72576,72587,11
12.7950201035,80.2227172852,72587,72597,10
12.7961997986,80.2229385376,72597,72607,10
12.7972803116,80.2231369019,72607,72617,10
12.7986803055,80.2233200073,72617,72627,10
12.8002595901,80.2234573364,72627,72637,10
12.8013801575,80.2235565186,72637,72647,10
12.8014202118,80.2235565186,72647,72657,10
12.8018302917,80.2236099243,72657,72668,11
12.802740097,80.2237319946,72668,72678,10
12.8036403656,80.2238311768,72678,72688,10
12.8046503067,80.2239074707,72688,72698,10
12.8053398132,80.2240600586,72698,72708,10
12.805439949,80.2240905762,72708,72718,10
12.8057603836,80.224281311,72718,72728,10
12.8063097,80.2247467041,72728,72738,10
12.807100296,80.2254562378,72738,72749,11
12.8081798553,80.2263793945,72749,72759,10
12.8089504242,80.2270126343,72759,72769,10
12.8096704483,80.2274703979,72769,72779,10
12.8104600906,80.2278213501,72779,72789,10
12.8115100861,80.2282409668,72789,72799,10
12.8128795624,80.2287216187,72799,72809,10
12.8141002655,80.2290802002,72809,72819,10
12.8152599335,80.2292633057,72819,72830,11
12.8168296814,80.2295532227,72830,72840,10
12.8181295395,80.2300872803,72840,72850,10
12.8191299438,80.2304534912,72850,72860,10
12.819729805,80.2304382324,72860,72870,10
12.8197898865,80.2304382324,72870,72880,10
12.820400238,80.2304229736,72880,72890,10
12.8214998245,80.2304611206,72890,72901,11
12.8230400085,80.2308578491,72901,72911,10
12.8245000839,80.2312469482,72911,72921,10
12.8261203766,80.2313079834,72921,72931,10
12.8277301788,80.2308578491,72931,72941,10
12.8292798996,80.2300415039,72941,72951,10
12.8307600021,80.2294387817,72951,72961,10
12.8310604095,80.2293167114,72961,72971,10
12.8311395645,80.2293167114,72971,72982,11
12.8316602707,80.2291488647,72982,72992,10
12.8325996399,80.2289505005,72992,73002,10
12.8339099884,80.2287216187,73002,73012,10
12.8355197906,80.2284469604,73012,73022,10
12.8373403549,80.2281799316,73022,73032,10
12.8388299942,80.2278366089,73032,73042,10
12.8394002914,80.2277069092,73042,73052,10
12.8395299911,80.2276535034,73052,73063,11
12.8400096893,80.2275238037,73063,73073,10
12.8409404755,80.2272567749,73073,73083,10
12.8421602249,80.2269515991,73083,73093,10
12.8437004089,80.2266616821,73093,73103,10
12.845410347,80.2265014648,73103,73123,20
12.845410347,80.2265014648,73123,73133,10
12.8456802368,80.2265167236,73133,73144,11
12.8465003967,80.2265167236,73144,73154,10
12.8476295471,80.2265319824,73154,73164,10
12.8490896225,80.2265167236,73164,73174,10
12.850689888,80.2265319824,73174,73184,10
12.8523597717,80.226600647,73184,73194,10
12.854060173,80.2265472412,73194,73204,10
12.8558397293,80.2263565063,73204,73214,10
12.8576402664,80.2261734009,73214,73225,11
12.8590898514,80.2262268066,73225,73235,10
12.8604402542,80.2264175415,73235,73245,10
12.8608198166,80.2264709473,73245,73255,10
12.8610296249,80.2265014648,73255,73265,10
12.8617401123,80.2264862061,73265,73275,10
12.862830162,80.2264404297,73275,73285,10
12.8640699387,80.2264633179,73285,73296,11
12.8660297394,80.2265014648,73296,73306,10
12.867770195,80.226348877,73306,73316,10
12.8695201874,80.2264175415,73316,73326,10
12.8712301254,80.2265701294,73326,73336,10
12.8725996017,80.2265777588,73336,73346,10
12.8735904694,80.2266235352,73346,73356,10
12.8751602173,80.2267990112,73356,73366,10
12.8763303757,80.226852417,73366,73377,11
12.8767204285,80.2268295288,73377,73387,10
12.8768997192,80.2268066406,73387,73397,10
12.8776102066,80.2267684937,73397,73407,10
12.8787403107,80.2266921997,73407,73417,10
12.8801898956,80.2266616821,73417,73427,10
12.8818702698,80.2266464233,73427,73437,10
12.8834695816,80.2266387939,73437,73447,10
12.8846597672,80.2266082764,73447,73458,11
12.8851003647,80.226600647,73458,73468,10
12.8851003647,80.2266082764,73468,73478,10
12.8853702545,80.2266464233,73478,73488,10
12.8861103058,80.2268371582,73488,73498,10
12.8872003555,80.2270965576,73498,73508,10
12.8885602951,80.2272567749,73508,73518,10
12.8901796341,80.2272796631,73518,73528,10
12.8918104172,80.2272567749,73528,73539,11
12.8926696777,80.2273178101,73539,73549,10
12.8936901093,80.2274627686,73549,73559,10
12.8950099945,80.2275619507,73559,73569,10
12.8965997696,80.2276229858,73569,73579,10
12.8981599808,80.227722168,73579,73589,10
12.8993701935,80.2277832031,73589,73599,10
12.9002399445,80.2277832031,73599,73609,10
12.900639534,80.2277832031,73609,73620,11
12.9006795883,80.2277832031,73620,73630,10
12.9007797241,80.2278137207,73630,73640,10
12.9011096954,80.2278823853,73640,73650,10
12.9015903473,80.227897644,73650,73660,10
12.9024095535,80.2279205322,73660,73680,20
12.902680397,80.2279510498,73680,73691,11
12.902680397,80.2279510498,73691,73701,10
12.9032897949,80.2279663086,73701,73711,10
12.9041996002,80.2280426025,73711,73721,10
12.9052400589,80.2280807495,73721,73731,10
12.9062700272,80.2281188965,73731,73741,10
12.9068603516,80.2281570435,73741,73752,11
12.9069004059,80.2281799316,73752,73763,11
12.9073896408,80.2282485962,73763,73774,11
12.9082298279,80.2284011841,73774,73784,10
12.909119606,80.2285385132,73784,73795,11
12.9102602005,80.2287063599,73795,73805,10
12.9117202759,80.2289276123,73805,73815,10
12.9129695892,80.2290878296,73815,73825,10
12.9138002396,80.2291793823,73825,73835,10
12.913860321,80.2291870117,73835,73845,10
12.9140396118,80.2292480469,73845,73856,11
12.9144496918,80.2293319702,73856,73866,10
12.915140152,80.2294387817,73866,73876,10
12.9161596298,80.2295913696,73876,73886,10
12.9173898697,80.2297515869,73886,73896,10
12.9188299179,80.2299423218,73896,73906,10
12.920419693,80.2301330566,73906,73916,10
12.9221000671,80.2303466797,73916,73926,10
12.9235200882,80.2305526733,73926,73937,11
12.9247999191,80.2307128906,73937,73947,10
12.925860405,80.2308425903,73947,73957,10
12.9264297485,80.2309036255,73957,73967,10
12.9269304276,80.23097229,73967,73977,10
12.9276199341,80.2310562134,73977,73987,10
12.9285297394,80.2311630249,73987,73997,10
12.9287700653,80.2312088013,73997,74008,11
12.9294996262,80.2313766479,74008,74018,10
12.930439949,80.2316207886,74018,74028,10
12.931599617,80.2320098877,74028,74038,10
12.9328699112,80.2324295044,74038,74048,10
12.9337396622,80.2327804565,74048,74058,10
12.9337701797,80.2327880859,74058,74068,10
12.9341201782,80.2329483032,74068,74078,10
12.934800148,80.2332687378,74078,74089,11
12.9356803894,80.2336730957,74089,74099,10
12.9366903305,80.234161377,74099,74109,10
12.9379997253,80.2348022461,74109,74119,10
12.9391403198,80.2353591919,74119,74129,10
12.9397497177,80.2356414795,74129,74139,10
12.9398202896,80.2356719971,74139,74149,10
12.940369606,80.2358779907,74149,74159,10
12.9412403107,80.2361221313,74159,74170,11
12.9425096512,80.2364730835,74170,74180,10
12.9435997009,80.2372817993,74180,74190,10
12.9446697235,80.2384490967,74190,74200,10
12.9454603195,80.2391815186,74200,74209,9
12.9469900131,80.2398681641,74209,74220,11
12.9484300613,80.2404403687,74220,74229,9
12.949379921,80.2408218384,74229,74240,11
12.9506597519,80.2412109375,74240,74251,11
12.9509601593,80.2413024902,74251,74261,10
12.9513902664,80.2414703369,74261,74271,10
12.9521999359,80.2417602539,74271,74281,10
12.9532499313,80.2421569824,74281,74291,10
12.9542102814,80.2425537109,74291,74301,10
12.9553499222,80.2429962158,74301,74311,10
12.9563102722,80.2433929443,74311,74332,21
12.9563102722,80.2433929443,74332,74342,10
12.9563903809,80.2434310913,74342,74352,10
12.9563903809,80.2434387207,74352,74362,10
12.9564599991,80.2434997559,74362,74372,10
12.9569997787,80.2437133789,74372,74382,10
12.957909584,80.2440795898,74382,74392,10
12.9589500427,80.2444763184,74392,74403,11
12.9601297379,80.2450180054,74403,74413,10
12.9614896774,80.2456436157,74413,74423,10
12.9627895355,80.2462768555,74423,74433,10
12.9633903503,80.2465896606,74433,74463,30
12.9633903503,80.2465896606,74463,74473,10
12.9635400772,80.2466506958,74473,74484,11
12.9641599655,80.2469024658,74484,74494,10
12.9649600983,80.2472076416,74494,74504,10
12.9659795761,80.2475814819,74504,74514,10
12.9666204453,80.247833252,74514,74524,10
12.9667596817,80.2479019165,74524,74534,10
12.9669399261,80.2480316162,74534,74544,10
12.9674301147,80.248260498,74544,74554,10
12.9683599472,80.2486190796,74554,74565,11
12.9697303772,80.2491607666,74565,74575,10
12.9712095261,80.249671936,74575,74585,10
12.9726600647,80.250038147,74585,74595,10
12.974360466,80.25050354,74595,74605,10
12.9760103226,80.2509765625,74605,74615,10
12.9773397446,80.251449585,74615,74625,10
12.9783401489,80.2521896362,74625,74635,10
12.9785604477,80.2523193359,74635,74646,11
12.9788703918,80.252456665,74646,74656,10
12.9794998169,80.252571106,74656,74666,10
12.9796600342,80.2525787354,74666,74676,10
12.9800195694,80.2526168823,74676,74686,10
12.9807796478,80.2526321411,74686,74696,10
12.9818401337,80.2526168823,74696,74706,10
12.9830999374,80.2525482178,74706,74716,10
12.9843997955,80.2522506714,74716,74727,11
12.9858198166,80.2518692017,74727,74737,10
12.9869499207,80.2515716553,74737,74747,10
12.9878101349,80.2513122559,74747,74757,10
12.9887599945,80.2510375977,74757,74767,10
12.9894695282,80.2508392334,74767,74777,10
12.9897003174,80.2508392334,74777,74787,10
12.9902601242,80.2506790161,74787,74798,11
12.9913396835,80.2504196167,74798,74808,10
12.9926204681,80.2500915527,74808,74818,10
12.9941301346,80.249671936,74818,74828,10
12.9958200455,80.2492370605,74828,74838,10
12.9975004196,80.2488479614,74838,74848,10
12.9992599487,80.2484512329,74848,74858,10
13.0010099411,80.248008728,74858,74868,10
13.0023498535,80.2476730347,74868,74879,11
13.0036697388,80.2473983765,74879,74889,10
13.0050601959,80.2472763062,74889,74899,10
13.005900383,80.2470932007,74899,74909,10
13.0063800812,80.2466812134,74909,74919,10
13.006480217,80.2464981079,74919,74929,10
13.0065498352,80.2463531494,74929,74939,10
13.0066204071,80.2458190918,74939,74949,10
13.0065898895,80.2450485229,74949,74960,11
13.0065698624,80.2441711426,74960,74970,10
13.0065603256,80.2434768677,74970,74980,10
13.006529808,80.2425308228,74980,74990,10
13.0065202713,80.2413635254,74990,75000,10
13.0066604614,80.2404785156,75000,75010,10
13.0067396164,80.2401885986,75010,75020,10
13.0068597794,80.2397232056,75020,75030,10
13.0070199966,80.2387390137,75030,75041,11
13.0072097778,80.2378005981,75041,75051,10
13.0073604584,80.2371292114,75051,75061,10
13.007399559,80.2367019653,75061,75071,10
13.0074396133,80.2365875244,75071,75081,10
13.0075798035,80.2360992432,75081,75091,10
13.0077400208,80.2352828979,75091,75101,10
13.0079603195,80.2342834473,75101,75111,10
13.0082101822,80.2330780029,75111,75122,11
13.0084896088,80.2316436768,75122,75132,10
13.0087404251,80.2303237915,75132,75142,10
13.0089902878,80.2291030884,75142,75152,10
13.0092802048,80.2279510498,75152,75162,10
13.0097799301,80.2268295288,75162,75172,10
13.0102300644,80.2258071899,75172,75182,10
13.0106401443,80.2250595093,75182,75192,10
13.0108995438,80.2244567871,75192,75203,11
13.011179924,80.2238006592,75203,75213,10
13.0113201141,80.2235107422,75213,75223,10
13.0115499496,80.2229232788,75223,75233,10
13.0118598938,80.2221374512,75233,75243,10
13.0122499466,80.2215270996,75243,75253,10
13.0125303268,80.2218780518,75253,75263,10
13.0130796432,80.2225112915,75263,75274,11
13.0137195587,80.2232666016,75274,75284,10
13.014289856,80.2238693237,75284,75294,10
13.0148801804,80.2244796753,75294,75303,9
13.0153303146,80.2249069214,75303,75314,11
13.0156698227,80.2251815796,75314,75324,10
13.0163402557,80.2253723145,75324,75334,10
13.0172300339,80.2250671387,75334,75344,10
13.018119812,80.2247161865,75344,75355,11
13.0189399719,80.2244186401,75355,75365,10
13.0193500519,80.2244110107,75365,75375,10
13.0194301605,80.2244110107,75375,75385,10
13.0195302963,80.2244720459,75385,75395,10
13.0197401047,80.2246017456,75395,75405,10
13.0201301575,80.2248764038,75405,75415,10
13.0207195282,80.2253036499,75415,75425,10
13.0213003159,80.2257232666,75425,75436,11
13.0220003128,80.2262268066,75436,75446,10
13.0223703384,80.2265319824,75446,75456,10
13.0225296021,80.2266769409,75456,75466,10
13.0229902267,80.2270965576,75466,75476,10
13.0234603882,80.2275390625,75476,75486,10
13.0238599777,80.2279129028,75486,75496,10
13.0241603851,80.2282180786,75496,75506,10
13.0243396759,80.2284393311,75506,75517,11
13.0247297287,80.2290725708,75517,75527,10
13.0254001617,80.2299575806,75527,75537,10
13.0260601044,80.2314224243,75537,75567,30
13.0260601044,80.2314224243,75567,75577,10
13.0260896683,80.2315979004,75577,75587,10
13.0263004303,80.2323379517,75587,75598,11
13.0265798569,80.2329406738,75598,75638,40
13.0265798569,80.2329406738,75638,75648,10
13.026720047,80.2332229614,75648,75658,10
13.026889801,80.2335281372,75658,75669,11
13.0274000168,80.2343521118,75669,75679,10
13.0279302597,80.2353134155,75679,75689,10
13.0287704468,80.2363433838,75689,75699,10
13.0296602249,80.2373199463,75699,75709,10
13.0301198959,80.23802948,75709,75719,10
13.0304803848,80.2386932373,75719,75729,10
13.0310297012,80.2396011353,75729,75750,21
13.0310297012,80.2396011353,75750,75760,10
13.0311002731,80.2396621704,75760,75770,10
13.0311899185,80.2398834229,75770,75780,10
13.0313196182,80.2400283813,75780,75790,10
13.0313997269,80.2405319214,75790,75800,10
13.0316400528,80.2411880493,75800,75810,10
13.0319404602,80.2418212891,75810,75820,10
13.0323696136,80.242401123,75820,75831,11
13.032910347,80.2431335449,75831,75841,10
13.0335597992,80.2440490723,75841,75851,10
13.0341596603,80.2448883057,75851,75861,10
13.0345697403,80.2454223633,75861,75871,10
13.0350999832,80.2459793091,75871,75881,10
13.0357398987,80.2461929321,75881,75891,10
13.035779953,80.2462005615,75891,75901,10
13.0360803604,80.2463912964,75901,75912,11
13.0368700027,80.2465286255,75912,75922,10
13.0374803543,80.2464523315,75922,75932,10
13.038069725,80.2465667725,75932,75942,10
13.038359642,80.2466812134,75942,75952,10
13.0386800766,80.2467422485,75952,75962,10
13.0390100479,80.2468490601,75962,75972,10
13.0392599106,80.2469024658,75972,75982,10
13.0396099091,80.2469711304,75982,75993,11
13.0401802063,80.2470779419,75993,76003,10
13.0409898758,80.247253418,76003,76013,10
13.0418195724,80.2474136353,76013,76023,10
13.0423498154,80.247543335,76023,76033,10
13.0427398682,80.2476806641,76033,76043,10
13.0431804657,80.247833252,76043,76053,10
13.0437097549,80.2479019165,76053,76064,11
13.0442304611,80.2478408813,76064,76074,10
13.0447998047,80.2479629517,76074,76084,10
13.0452404022,80.2482223511,76084,76094,10
13.0457897186,80.2484512329,76094,76104,10
13.0463399887,80.2485427856,76104,76114,10
13.0470304489,80.2484893799,76114,76124,10
13.047419548,80.2486190796,76124,76134,10
13.0478000641,80.2490234375,76134,76145,11
13.0481901169,80.2494430542,76145,76155,10
13.0486803055,80.249710083,76155,76165,10
13.0494298935,80.2498016357,76165,76175,10
13.0503101349,80.2499694824,76175,76185,10
13.0513296127,80.2502212524,76185,76195,10
13.0521497726,80.2508010864,76195,76205,10
13.052740097,80.2515563965,76205,76214,9
13.0533504486,80.2523727417,76214,76226,12
13.0539999008,80.253288269,76226,76236,10
13.0545701981,80.2540435791,76236,76246,10
13.0551099777,80.2547607422,76246,76256,10
13.0555200577,80.2553482056,76256,76266,10
13.0559597015,80.2559280396,76266,76276,10
13.0563802719,80.2564697266,76276,76286,10
13.0569400787,80.2570266724,76286,76296,10
13.0577201843,80.2577590942,76296,76307,11
13.0584697723,80.2586593628,76307,76317,10
13.059009552,80.2593231201,76317,76327,10
13.059419632,80.2600021362,76327,76337,10
13.0600004196,80.2604904175,76337,76347,10
13.0605602264,80.261100769,76347,76357,10
13.0607099533,80.2613601685,76357,76367,10
13.0608901978,80.26171875,76367,76377,10
13.0611696243,80.2620925903,76377,76388,11
13.0615701675,80.2624816895,76388,76398,10
13.0620603561,80.2630996704,76398,76408,10
13.0628099442,80.2639923096,76408,76418,10
13.0635004044,80.2648925781,76418,76428,10
13.0638599396,80.2654190063,76428,76438,10
13.0641698837,80.265838623,76438,76448,10
13.0644702911,80.2662200928,76448,76459,11
13.0647802353,80.2666091919,76459,76469,10
13.0650501251,80.2668991089,76469,76479,10
13.0655698776,80.2672424316,76479,76489,10
13.0656700134,80.2673568726,76489,76499,10
13.0657596588,80.2674865723,76499,76509,10
13.0660600662,80.2678985596,76509,76519,10
13.0662899017,80.2682495117,76519,76529,10
13.0665903091,80.2684326172,76529,76540,11
13.0669202805,80.2686233521,76540,76550,10
13.0675096512,80.2689819336,76550,76560,10
13.0680198669,80.2693099976,76560,76570,10
13.0683298111,80.2695007324,76570,76579,9
13.0683403015,80.2696914673,76579,76590,11
13.0682601929,80.2702026367,76590,76600,10
13.0681295395,80.2710494995,76600,76610,10
13.0681695938,80.2714691162,76610,76621,11
13.0686502457,80.2718963623,76621,76631,10
13.0692996979,80.2722167969,76631,76641,10
13.0698795319,80.272857666,76641,76651,10
13.0703802109,80.2734603882,76651,76661,10
13.0708503723,80.2740020752,76661,76671,10
13.0708904266,80.274017334,76671,76681,10
13.0710601807,80.2741317749,76681,76691,10
13.0716495514,80.2743301392,76691,76702,11
13.072259903,80.2748413086,76702,76712,10
13.0727796555,80.2754211426,76712,76722,10
13.0733003616,80.2759780884,76722,76732,10
13.0735397339,80.2761764526,76732,76742,10
13.0738697052,80.2763595581,76742,76752,10
13.0745801926,80.2763519287,76752,76762,10
13.0753803253,80.2763214111,76762,76772,10
13.0761604309,80.2762908936,76772,76783,11
13.0770301819,80.2762374878,76783,76793,10
13.0778102875,80.2761993408,76793,76803,10
13.0782403946,80.2757492065,76803,76813,10
13.0785999298,80.2751998901,76813,76823,10
13.0792198181,80.2752075195,76823,76833,10
13.0800304413,80.2753067017,76833,76843,10
13.0810003281,80.2751998901,76843,76853,10
13.0814199448,80.275138855,76853,76924,71
13.0814199448,80.275138855,76924,76935,11
13.0818395615,80.2752380371,76935,76945,10
13.0820703506,80.2758026123,76945,77026,81
13.0820703506,80.2758026123,77026,77036,10
13.0817699432,80.2761688232,77036,77046,10
13.0818004608,80.2765274048,77046,77056,10
13.0817604065,80.2770385742,77056,77066,10
13.0817804337,80.277633667,77066,77076,10
13.0818500519,80.2781066895,77076,77086,10
13.081990242,80.2783584595,77086,77097,11
13.0820198059,80.2783813477,77097,77107,10
13.0820198059,80.2784423828,77107,77117,10
13.0818796158,80.2782821655,77117,77127,10
13.0818595886,80.2776870728,77127,77137,10
13.0817804337,80.2768783569,77137,77147,10
13.0816497803,80.2761306763,77147,77157,10
13.081609726,80.2758789063,77157,77167,10
13.0815496445,80.2755432129,77167,77178,11
13.0814399719,80.2752609253,77178,77188,10
13.0811595917,80.275177002,77188,77198,10
13.0805702209,80.2752685547,77198,77208,10
13.079750061,80.2753601074,77208,77218,10
13.0788898468,80.2752227783,77218,77228,10
13.0782003403,80.2756881714,77228,77238,10
13.0776596069,80.276260376,77238,77249,11
13.0766496658,80.2763290405,77249,77259,10
13.0759897232,80.2763595581,77259,77269,10
13.0758600235,80.2761993408,77269,77279,10
13.0760297775,80.2758712769,77279,85150,7871
13.0760803223,80.2759780884,85150,86315,1165
13.0760698318,80.275680542,86315,86366,51
13.0760698318,80.275680542,86366,86376,10
13.0759496689,80.2754135132,86376,86386,10
