12.9970998764,80.1914672852,15,7119,7104
12.9970397949,80.1915664673,7119,7624,505
12.9970903397,80.1915969849,7624,9077,1453
12.9969797134,80.1916122437,9077,9511,434
12.9970903397,80.1916809082,9511,19018,9507
12.9970302582,80.1915817261,19018,19159,141
12.9971399307,80.1916427612,19159,19341,182
12.9970703125,80.191619873,19341,19775,434
12.9970798492,80.1917037964,19775,20451,676
12.9970397949,80.1916732788,20451,21470,1019
12.9969701767,80.1916503906,21470,21581,111
12.9970598221,80.1915512085,21581,22641,1060
12.9969501495,80.191619873,22641,22752,111
12.997010231,80.1916885376,22752,23004,252
12.9969902039,80.1917114258,23004,23812,808
12.9971199036,80.1915512085,23812,24952,1140
12.9968500137,80.1917800903,24952,25002,50
12.9968500137,80.1917800903,25002,25013,11
12.996919632,80.191619873,25013,25023,10
12.9968299866,80.1912689209,25023,25103,80
12.9968299866,80.1912689209,25103,25113,10
12.9964599609,80.1914367676,25113,25123,10
12.9963302612,80.1913223267,25123,25134,11
12.9962596893,80.191078186,25134,25144,10
12.9961500168,80.1907119751,25144,25154,10
12.9960403442,80.1902313232,25154,25164,10
12.9959402084,80.1898574829,25164,25174,10
12.9959001541,80.1895828247,25174,25194,20
12.9959001541,80.1895828247,25194,25204,10
12.9959602356,80.1893615723,25204,25214,10
12.9962396622,80.1893997192,25214,25224,10
12.9966897964,80.1899108887,25224,25235,11
12.9972801208,80.1906204224,25235,25245,10
12.9978599548,80.1913299561,25245,25255,10
12.9985303879,80.1921768188,25255,25265,10
12.999250412,80.193069458,25265,25275,10
12.9997596741,80.1938095093,25275,25285,10
13.00041008,80.1946411133,25285,25295,10
13.001159668,80.1955871582,25295,25305,10
13.0018501282,80.196472168,25305,25315,10
13.0020704269,80.1976165771,25315,25325,10
13.0018596649,80.1988525391,25325,25334,9
13.0019302368,80.1999282837,25334,25346,12
13.0030899048,80.2007217407,25346,25356,10
13.0038299561,80.200843811,25356,25366,10
13.004070282,80.200958252,25366,25376,10
13.0045795441,80.2011489868,25376,25386,10
13.0053501129,80.2015762329,25386,25396,10
13.0059604645,80.2024078369,25396,25406,10
13.0065803528,80.2032394409,25406,25416,10
13.0074596405,80.2036972046,25416,25426,10
13.008649826,80.2037277222,25426,25436,10
13.0100097656,80.20362854,25436,25446,10
13.0114002228,80.2036895752,25446,25457,11
13.0128498077,80.2039337158,25457,25467,10
13.013879776,80.2042694092,25467,25477,10
13.014960289,80.2046508789,25477,25487,10
13.0160703659,80.2050323486,25487,25497,10
13.016869545,80.2053070068,25497,25507,10
13.0176296234,80.2055664063,25507,25517,10
13.0183897018,80.2058486938,25517,25527,10
13.0187196732,80.2059707642,25527,25537,10
13.0190000534,80.2060623169,25537,25547,10
13.0196304321,80.206237793,25547,25558,11
13.0205097198,80.2062606812,25558,25568,10
13.0215597153,80.2062835693,25568,25578,10
13.0226202011,80.2063980103,25578,25588,10
13.023730278,80.2066574097,25588,25598,10
13.0249004364,80.2068786621,25598,25608,10
13.0259599686,80.2071990967,25608,25618,10
13.0269002914,80.2077636719,25618,25628,10
13.0279102325,80.2083511353,25628,25638,10
13.0290403366,80.2086868286,25638,25648,10
13.0300397873,80.2089614868,25648,25658,10
13.0310897827,80.2092819214,25658,25669,11
13.03221035,80.2095794678,25669,25679,10
13.0332803726,80.2097625732,25679,25689,10
13.0343399048,80.2099761963,25689,25699,10
13.0349702835,80.2101593018,25699,25709,10
13.0350198746,80.2106781006,25709,25719,10
13.0350399017,80.2112121582,25719,25729,10
13.0350198746,80.2112197876,25729,25739,10
13.0349702835,80.2116088867,25739,25759,20
13.0349702835,80.2116088867,25759,25768,9
13.0348901749,80.2119522095,25768,25780,12
13.0354003906,80.2122879028,25780,25790,10
13.036239624,80.212272644,25790,25800,10
13.0372695923,80.2122573853,25800,25810,10
13.038359642,80.212272644,25810,25820,10
13.039730072,80.212272644,25820,25830,10
13.0413503647,80.2123413086,25830,25840,10
13.0431003571,80.2123184204,25840,25850,10
13.0444202423,80.2122879028,25850,25860,10
13.0455904007,80.2122421265,25860,25870,10
13.0465402603,80.2121963501,25870,25880,10
13.0473604202,80.2121276855,25880,25891,11
13.0481300354,80.2120285034,25891,25901,10
13.0481996536,80.212020874,25901,25911,10
13.0485296249,80.2120513916,25911,25921,10
13.0490703583,80.2119903564,25921,25931,10
13.0497398376,80.2119369507,25931,25941,10
13.0500602722,80.2119369507,25941,25951,10
13.0506000519,80.2119674683,25951,25961,10
13.0511703491,80.2120437622,25961,25971,10
13.0522003174,80.2119064331,25971,25981,10
13.0532302856,80.2117004395,25981,25992,11
13.0540599823,80.21144104,25992,26002,10
13.0544595718,80.2113876343,26002,26012,10
13.0550003052,80.2114105225,26012,26022,10
13.0557203293,80.2114181519,26022,26032,10
13.0565900803,80.21144104,26032,26042,10
13.0576000214,80.2114562988,26042,26052,10
13.0587596893,80.211479187,26052,26062,10
13.0599403381,80.211517334,26062,26072,10
13.0611600876,80.2115707397,26072,26082,10
13.06208992,80.2116317749,26082,26092,10
13.0629196167,80.2115936279,26092,26103,11
13.0631599426,80.211517334,26103,26113,10
13.0635099411,80.211479187,26113,26123,10
13.064040184,80.2114486694,26123,26133,10
13.0647602081,80.2112426758,26133,26143,10
13.0655002594,80.2107772827,26143,26153,10
13.0663099289,80.2100601196,26153,26163,10
13.0671195984,80.2092895508,26163,26173,10
13.0673599243,80.2088394165,26173,26183,10
13.0676803589,80.2082977295,26183,26193,10
13.0681800842,80.2075195313,26193,26203,10
13.0687704086,80.2066192627,26203,26214,11
13.0693998337,80.2056732178,26214,26224,10
13.0696401596,80.2051620483,26224,26264,40
13.0696401596,80.2051620483,26264,26274,10
13.0696401596,80.2049026489,26274,26282,8
13.068810463,80.2049636841,26282,26459,177
13.0691404343,80.2046966553,26459,26488,29
13.0700397491,80.204750061,26488,26519,31
13.0711898804,80.2033309937,26519,26549,30
13.0720100403,80.2022323608,26549,26580,31
13.0723800659,80.2018814087,26580,26610,30
13.0772399902,80.19896698,26610,26680,70
13.079990387,80.1986923218,26680,26710,30
13.0822496414,80.1985321045,26710,26740,30
13.0838003159,80.1984863281,26740,26771,31
13.0846300125,80.1985015869,26771,26800,29
13.0861501694,80.1984024048,26800,26831,31
13.0870800018,80.1981887817,26831,26862,31
13.0872097015,80.1964187622,26862,26891,29
13.0872802734,80.1936798096,26891,26922,31
13.0874996185,80.1913223267,26922,26951,29
13.0874996185,80.1913223267,26951,26982,31
13.0877895355,80.1889419556,26982,26993,11
13.0878200531,80.1884078979,26993,27003,10
13.0878200531,80.1884002686,27003,27013,10
13.0878200531,80.1880874634,27013,27023,10
13.087849617,80.1876373291,27023,27033,10
13.0879001617,80.1869735718,27033,27043,10
13.0879096985,80.1862182617,27043,27053,10
13.0879602432,80.1849594116,27053,27063,10
13.0879602432,80.1849594116,27063,27073,10
13.0880203247,80.184211731,27073,27082,9
13.0881500244,80.1784210205,27082,27152,70
13.0881500244,80.1784210205,27152,27173,21
13.0882101059,80.1766967773,27173,27181,8
13.0882701874,80.1758422852,27181,27193,12
13.0883798599,80.1745986938,27193,27203,10
13.088470459,80.1737213135,27203,27213,10
13.08852005,80.1727828979,27213,27223,10
13.0885295868,80.1721115112,27223,27233,10
13.0885400772,80.1719589233,27233,27243,10
13.0885696411,80.1714782715,27243,27253,10
13.0886201859,80.170753479,27253,27263,10
13.0886602402,80.169921875,27263,27273,10
13.0889196396,80.1695175171,27273,27283,10
13.0895595551,80.1695632935,27283,27293,10
13.0904502869,80.1696166992,27293,27304,11
13.0916900635,80.169708252,27304,27314,10
13.0929098129,80.1697463989,27314,27324,10
13.0941295624,80.1698074341,27324,27334,10
13.09471035,80.1698379517,27334,27344,10
13.0950403214,80.169883728,27344,27354,10
13.0955696106,80.1698989868,27354,27364,10
13.0963401794,80.169921875,27364,27374,10
13.0973300934,80.1699676514,27374,27384,10
13.0982999802,80.1700363159,27384,27394,10
13.0996198654,80.1700897217,27394,27415,21
13.0996198654,80.1700897217,27415,27425,10
13.0998096466,80.1697769165,27425,27455,30
13.0998096466,80.1697769165,27455,27465,10
13.0994501114,80.1696624756,27465,27475,10
13.0992202759,80.1695175171,27475,27485,10
13.09897995,80.1694030762,27485,28394,909
13.0990200043,80.1693725586,28394,28646,252
13.0990800858,80.1693878174,28646,28717,71
13.0989999771,80.1692199707,28717,28767,50
13.0989999771,80.1692199707,28767,28777,10
13.0988903046,80.1691513062,28777,28787,10
13.0987300873,80.1693878174,28787,28807,20
13.0987300873,80.1693878174,28807,28817,10
13.0988397598,80.1695098877,28817,28828,11
13.0992898941,80.1696014404,28828,28848,20
13.0992898941,80.1696014404,28848,28858,10
13.0996303558,80.1696929932,28858,28868,10
13.0997600555,80.1697006226,28868,28878,10
13.0997896194,80.1699371338,28878,28888,10
13.0994596481,80.1700897217,28888,28969,81
13.0994596481,80.1700897217,28969,28979,10
13.0991802216,80.170173645,28979,28989,10
13.0986700058,80.1701583862,28989,28999,10
13.0979099274,80.1701126099,28999,29009,10
13.0970201492,80.1700820923,29009,29019,10
13.0959796906,80.1699981689,29019,29029,10
13.0951404572,80.1699371338,29029,29039,10
13.0949401855,80.1699295044,29039,29050,11
13.0945901871,80.1698608398,29050,29060,10
13.0941400528,80.1698379517,29060,29070,10
13.0933904648,80.1697998047,29070,29080,10
13.0924596786,80.1697692871,29080,29090,10
13.0914402008,80.1697006226,29090,29100,10
13.0903301239,80.1696166992,29100,29110,10
13.0892000198,80.1695632935,29110,29120,10
13.0887002945,80.1697311401,29120,29130,10
13.0886602402,80.1703414917,29130,29140,10
13.088640213,80.1712036133,29140,29150,10
13.0886497498,80.1717910767,29150,29161,11
13.0886297226,80.1719589233,29161,29171,10
13.0885896683,80.1723098755,29171,29181,10
13.08852005,80.1730728149,29181,29191,10
13.088470459,80.1740264893,29191,29201,10
13.0884103775,80.174987793,29201,29211,10
13.0883398056,80.1760177612,29211,29221,10
13.0882797241,80.1770172119,29221,29231,10
13.0882701874,80.1779708862,29231,29241,10
13.0882797241,80.1785507202,29241,29251,10
13.088259697,80.1786422729,29251,29262,11
13.088259697,80.1794281006,29262,29282,20
13.088259697,80.1794281006,29282,29292,10
13.0882797241,80.1795425415,29292,29302,10
13.0882301331,80.1800003052,29302,29312,10
13.0881996155,80.1808776855,29312,29322,10
13.0881700516,80.1819381714,29322,29332,10
13.0881299973,80.1828613281,29332,29342,10
13.0880899429,80.183921814,29342,29352,10
13.0880298615,80.1850662231,29352,29362,10
13.0880098343,80.1853790283,29362,29373,11
13.0879802704,80.1858901978,29373,29383,10
13.0879297256,80.186668396,29383,29393,10
13.0878896713,80.1876525879,29393,29403,10
13.087849617,80.1885299683,29403,29413,10
13.0878095627,80.1897735596,29413,29514,101
13.0878095627,80.1897735596,29514,29524,10
13.0878000259,80.1900024414,29524,29534,10
13.0877599716,80.1902770996,29534,29544,10
13.087679863,80.1907577515,29544,29554,10
13.0875701904,80.1915206909,29554,29564,10
13.0874595642,80.1923217773,29564,29574,10
13.087389946,80.1928787231,29574,29584,10
13.0873699188,80.1934585571,29584,29595,11
13.0873403549,80.1943588257,29595,29605,10
13.0873003006,80.1952209473,29605,29615,10
13.087269783,80.1961975098,29615,29625,10
13.0872602463,80.1971969604,29625,29635,10
13.087269783,80.1977005005,29635,29645,10
13.0872602463,80.1978302002,29645,29655,10
13.0873298645,80.1982803345,29655,29665,10
13.0874900818,80.1984863281,29665,29675,10
13.0880403519,80.1984405518,29675,29685,10
13.0888500214,80.1984329224,29685,29696,11
13.0897197723,80.1984634399,29696,29706,10
13.0906295776,80.1985397339,29706,29716,10
13.0916795731,80.1986236572,29716,29726,10
13.092590332,80.1986465454,29726,29736,10
13.0930204391,80.1987380981,29736,29746,10
13.0930099487,80.1993026733,29746,29756,10
13.0929603577,80.2001190186,29756,29766,10
13.0929002762,80.2005767822,29766,29776,10
13.0926704407,80.200630188,29776,29786,10
13.0921201706,80.2005462646,29786,29796,10
13.0912904739,80.2005462646,29796,29806,10
13.0903701782,80.2005462646,29806,29817,11
13.089679718,80.2005386353,29817,29827,10
13.0888795853,80.2004699707,29827,29837,10
13.0879802704,80.2004623413,29837,29847,10
13.087100029,80.2004089355,29847,29857,10
13.0861797333,80.200378418,29857,29867,10
13.0854797363,80.200340271,29867,29877,10
13.0853004456,80.2001419067,29877,29887,10
13.0853500366,80.1995697021,29887,29897,10
13.0853004456,80.1988067627,29897,29907,10
13.0850801468,80.1986923218,29907,29918,11
13.0844402313,80.198677063,29918,29928,10
13.084230423,80.1986923218,29928,29938,10
13.0839595795,80.1986923218,29938,29948,10
13.0833797455,80.1986694336,29948,29958,10
13.0829696655,80.198638916,29958,29968,10
13.0824804306,80.1986312866,29968,29978,10
13.0819196701,80.1986618042,29978,29988,10
13.0813598633,80.1986618042,29988,29998,10
13.0807504654,80.1986694336,29998,30008,10
13.079990387,80.1987380981,30008,30018,10
13.0790700912,80.1988220215,30018,30029,11
13.0780496597,80.1989517212,30029,30039,10
13.0771102905,80.1990585327,30039,30049,10
13.0761098862,80.199180603,30049,30059,10
13.0749998093,80.1994171143,30059,30069,10
13.0742301941,80.1998901367,30069,30079,10
13.0736904144,80.2005081177,30079,30089,10
13.0736303329,80.2006072998,30089,30099,10
13.0733804703,80.2009277344,30099,30109,10
13.0728597641,80.2015075684,30109,30119,10
13.0723199844,80.2021408081,30119,30128,9
13.0718297958,80.2026519775,30128,30140,12
13.0710401535,80.2035369873,30140,30150,10
13.0703201294,80.2044372559,30150,30160,10
13.0699501038,80.2049713135,30160,30170,10
13.0699195862,80.2050094604,30170,30180,10
13.0697803497,80.205039978,30180,30190,10
13.0694599152,80.2048416138,30190,30200,10
13.0691404343,80.205078125,30200,30210,10
13.0687799454,80.205406189,30210,30220,10
13.0682401657,80.2054824829,30220,30230,10
13.0680103302,80.2052001953,30230,30261,31
13.0680103302,80.2052001953,30261,30271,10
13.0680799484,80.2050094604,30271,30281,10
13.0685100555,80.2048873901,30281,30291,10
13.0689201355,80.2047424316,30291,30301,10
13.0691604614,80.2047119141,30301,30311,10
13.0694198608,80.2047729492,30311,30321,10
13.0696401596,80.2048110962,30321,30331,10
13.0698204041,80.2048721313,30331,30341,10
13.069899559,80.2049865723,30341,30351,10
13.0697402954,80.2053909302,30351,30362,11
13.0692396164,80.2061233521,30362,30372,10
13.0686798096,80.2070007324,30372,30382,10
13.0680704117,80.2079772949,30382,30392,10
13.0675802231,80.2087020874,30392,30402,10
13.0670499802,80.2095336914,30402,30412,10
13.0662097931,80.210319519,30412,30422,10
13.0651102066,80.2112579346,30422,30442,20
13.0651102066,80.2112579346,30442,30452,10
13.0648698807,80.211479187,30452,30463,11
13.0645904541,80.2115631104,30463,30473,10
13.0640296936,80.2117233276,30473,30483,10
13.0636796951,80.2117767334,30483,30492,9
13.0630397797,80.211769104,30492,30503,11
13.0621900558,80.2117919922,30503,30513,10
13.0610599518,80.2116775513,30513,30523,10
13.0598096848,80.2116622925,30523,30533,10
13.0585098267,80.2116088867,30533,30543,10
13.057800293,80.2116088867,30543,30553,10
13.0577001572,80.2116394043,30553,30563,10
13.0572395325,80.2116470337,30563,30574,11
13.0564002991,80.2115936279,30574,30584,10
13.0554103851,80.2115631104,30584,30594,10
13.0545301437,80.2115478516,30594,30604,10
13.0537004471,80.2117233276,30604,30614,10
13.0527801514,80.2119522095,30614,30624,10
13.05189991,80.2121963501,30624,30634,10
13.0509595871,80.2122497559,30634,30644,10
13.0501804352,80.2122116089,30644,30654,10
13.0497999191,80.2121963501,30654,30664,10
13.0495595932,80.2122116089,30664,30674,10
13.0494098663,80.2121963501,30674,30685,11
13.0487604141,80.2121810913,30685,30695,10
13.0480003357,80.2122421265,30695,30705,10
13.0469999313,80.212310791,30705,30715,10
13.0458297729,80.2123413086,30715,30725,10
13.0450201035,80.2124023438,30725,30735,10
13.0448999405,80.2124023438,30735,30745,10
13.0447502136,80.2124176025,30745,30755,10
13.0443201065,80.2124328613,30755,30765,10
13.0436601639,80.2124023438,30765,30775,10
13.042840004,80.212387085,30775,30785,10
13.0419797897,80.2124176025,30785,30796,11
13.0407896042,80.2124023438,30796,30806,10
13.0397796631,80.212387085,30806,30816,10
13.0387802124,80.2124710083,30816,30826,10
13.0378398895,80.2124023438,30826,30876,50
13.0378398895,80.2124023438,30876,30886,10
13.0376796722,80.2123184204,30886,30896,10
13.0372695923,80.2123413086,30896,30907,11
13.0364198685,80.2123336792,30907,30917,10
13.0355396271,80.2123184204,30917,30927,10
13.0348100662,80.2122116089,30927,30937,10
13.0344200134,80.2121505737,30937,30947,10
13.0344104767,80.2121582031,30947,30957,10
13.0341901779,80.2120819092,30957,30967,10
13.0334997177,80.2119369507,30967,30977,10
13.0325498581,80.2117919922,30977,30987,10
13.0319795609,80.2115020752,30987,30997,10
13.0320501328,80.2106781006,30997,31007,10
13.0321397781,80.2098464966,31007,31018,11
13.031709671,80.2095184326,31018,31028,10
13.0310201645,80.2093429565,31028,31038,10
13.030670166,80.2092285156,31038,31048,10
13.0301904678,80.2090911865,31048,31058,10
13.0296401978,80.208946228,31058,31068,10
13.0294599533,80.2089385986,31068,31078,10
13.0291004181,80.2088623047,31078,31088,10
13.028260231,80.2085800171,31088,31098,10
13.0273504257,80.2081298828,31098,31108,10
13.0263395309,80.2075195313,31108,31118,10
13.0250597,80.2070388794,31118,31129,11
13.0242004395,80.2068786621,31129,31139,10
13.0238399506,80.20677948,31139,31149,10
13.0231304169,80.2066421509,31149,31159,10
13.0221500397,80.206489563,31159,31169,10
13.0211400986,80.2064666748,31169,31179,10
13.0198898315,80.206413269,31179,31189,10
13.0189304352,80.2062835693,31189,31199,10
13.0180397034,80.2059707642,31199,31209,10
13.0174198151,80.2057571411,31209,31219,10
13.016500473,80.2053527832,31219,31230,11
13.0155801773,80.2049484253,31230,31240,10
13.0143203735,80.2045135498,31240,31250,10
13.0136699677,80.2044906616,31250,31260,10
13.0135498047,80.2047805786,31260,31270,10
13.0133800507,80.2052993774,31270,31280,10
13.0131397247,80.2060623169,31280,31290,10
13.0130195618,80.2070083618,31290,31300,10
13.0129003525,80.2080535889,31300,31310,10
13.0128898621,80.2086410522,31310,31320,10
13.0129203796,80.2091369629,31320,31329,9
13.013130188,80.2096786499,31329,31341,12
13.0130996704,80.2104721069,31341,31351,10
13.0128002167,80.2113571167,31351,31361,10
13.0123100281,80.2121963501,31361,31371,10
13.0119495392,80.2127380371,31371,31381,10
13.0116996765,80.2127838135,31381,31391,10
13.0112495422,80.2123794556,31391,31401,10
13.0106801987,80.2119522095,31401,31411,10
13.0104799271,80.2117919922,31411,31421,10
13.0102396011,80.2116165161,31421,31431,10
13.009519577,80.2110824585,31431,31462,31
13.0094604492,80.2109527588,31462,31502,40
13.0094203949,80.2109375,31502,31532,30
13.0094203949,80.2109375,31532,31542,10
13.0092802048,80.2111282349,31542,31552,10
13.0091600418,80.2113189697,31552,31563,11
13.0090398788,80.2116622925,31563,31573,10
13.009180069,80.2122192383,31573,31583,10
13.0094404221,80.2129211426,31583,31593,10
13.0097103119,80.2136383057,31593,31603,10
13.0100402832,80.2144393921,31603,31613,10
13.010219574,80.21534729,31613,31623,10
13.0105400085,80.2163314819,31623,31633,10
13.0110301971,80.217376709,31633,31643,10
13.0114402771,80.2184677124,31643,31653,10
13.0118503571,80.2197189331,31653,31663,10
13.0122299194,80.2209320068,31663,31674,11
13.012430191,80.2216262817,31674,31684,10
13.0129203796,80.2222595215,31684,31694,10
13.0135097504,80.2228622437,31694,31704,10
13.0141496658,80.2236022949,31704,31714,10
13.0145702362,80.2241821289,31714,31724,10
13.0146999359,80.2243499756,31724,31734,10
13.0148096085,80.2244262695,31734,31744,10
13.0149202347,80.2245483398,31744,31754,10
13.0149297714,80.2245635986,31754,31764,10
13.015080452,80.2247390747,31764,31774,10
13.0152997971,80.2249908447,31774,31785,11
13.0154800415,80.225227356,31785,31795,10
13.0154895782,80.2253036499,31795,31805,10
13.0154399872,80.2255401611,31805,31815,10
13.0150995255,80.2258911133,31815,31845,30
13.0150995255,80.2258911133,31845,31855,10
13.014749527,80.22605896,31855,31865,10
13.0141000748,80.22631073,31865,31875,10
13.0131998062,80.2266616821,31875,31886,11
13.0120897293,80.2271118164,31886,31896,10
13.0109195709,80.2275619507,31896,31906,10
13.0099096298,80.2278671265,31906,31916,10
13.0096197128,80.2274703979,31916,31926,10
13.0098800659,80.226890564,31926,31936,10
13.0102100372,80.2260971069,31936,31946,10
13.01060009,80.2251815796,31946,31956,10
13.0110197067,80.2241973877,31956,31966,10
13.0113401413,80.2233810425,31966,31976,10
13.0109701157,80.2229690552,31976,31986,10
13.0102300644,80.2225799561,31986,31997,11
13.0093002319,80.2220687866,31997,32007,10
13.0082902908,80.2215805054,32007,32017,10
13.0071601868,80.2209396362,32017,32027,10
13.0060501099,80.2205429077,32027,32037,10
13.004940033,80.2203369141,32037,32047,10
13.004119873,80.220161438,32047,32057,10
13.0033302307,80.2199401855,32057,32067,10
13.0025596619,80.2195663452,32067,32077,10
13.0019798279,80.218963623,32077,32087,10
13.0006799698,80.2179489136,32087,32097,10
13.0006799698,80.2179489136,32097,32108,11
12.9999103546,80.2174606323,32108,32116,8
12.9993696213,80.2171478271,32116,32136,20
12.9978399277,80.2165374756,32136,32146,10
12.9974298477,80.216506958,32146,32156,10
12.9970703125,80.2165298462,32156,32166,10
12.9964895248,80.2166290283,32166,32176,10
12.9957199097,80.2168197632,32176,32186,10
12.9950399399,80.2171401978,32186,32196,10
12.9944496155,80.2175216675,32196,32206,10
12.9939002991,80.217918396,32206,32217,11
12.9931001663,80.2184524536,32217,32227,10
12.9923601151,80.21900177,32227,32237,10
12.9915895462,80.2195892334,32237,32247,10
12.9910097122,80.2194366455,32247,32267,20
12.9910097122,80.2194366455,32267,32277,10
12.9907903671,80.2193222046,32277,32287,10
12.99036026,80.2191696167,32287,32297,10
12.9896602631,80.2189483643,32297,32307,10
12.9888296127,80.2186508179,32307,32317,10
12.9878797531,80.2183990479,32317,32328,11
12.9869499207,80.2182235718,32328,32338,10
12.9859600067,80.2179794312,32338,32348,10
12.9849004745,80.2179031372,32348,32358,10
12.9839897156,80.2179031372,32358,32368,10
12.9828796387,80.2179412842,32368,32378,10
12.9818601608,80.2179794312,32378,32388,10
12.980919838,80.218208313,32388,32398,10
12.9800701141,80.2185211182,32398,32408,10
12.9793395996,80.2188110352,32408,32418,10
12.9787597656,80.219078064,32418,32428,10
12.978099823,80.219329834,32428,32439,11
12.9771299362,80.2197189331,32439,32449,10
12.9762001038,80.2201080322,32449,32459,10
12.9756498337,80.2203826904,32459,32469,10
12.9755296707,80.2207336426,32469,32479,10
12.9758300781,80.2211227417,32479,32620,141
12.9758300781,80.2211227417,32620,32630,10
12.9761104584,80.2212295532,32630,32822,192
12.9764204025,80.2210769653,32822,32852,30
12.9764204025,80.2210769653,32852,32862,10
12.9764299393,80.2211914063,32862,32872,10
12.9767999649,80.2212371826,32872,32883,11
12.9775295258,80.2212371826,32883,32893,10
12.9783201218,80.2211837769,32893,32903,10
12.9792604446,80.2211303711,32903,32913,10
12.9801902771,80.2210617065,32913,32923,10
12.9811296463,80.2210769653,32923,32933,10
12.9819202423,80.2215499878,32933,32943,10
12.9829702377,80.2219314575,32943,32973,30
12.9829702377,80.2219314575,32973,32984,11
12.9833297729,80.2221298218,32984,32994,10
12.9837303162,80.2224273682,32994,33004,10
12.9844102859,80.2228393555,33004,33014,10
12.9851703644,80.2232437134,33014,33024,10
12.9856901169,80.2230682373,33024,33034,10
12.9865503311,80.2229385376,33034,33135,101
12.9865503311,80.2229385376,33135,33145,10
12.9868402481,80.2229232788,33145,33155,10
12.9872398376,80.2229995728,33155,33165,10
12.9877796173,80.2229919434,33165,33175,10
12.9883899689,80.222618103,33175,33185,10
12.9890098572,80.2219772339,33185,33195,10
12.9896097183,80.2211608887,33195,33206,11
12.99036026,80.2203979492,33206,33216,10
12.9905195236,80.2202987671,33216,33226,10
12.990650177,80.2202606201,33226,33236,10
12.990819931,80.2201004028,33236,33246,10
12.9909496307,80.2200393677,33246,33256,10
12.9912900925,80.2197723389,33256,33266,10
12.9918498993,80.2193374634,33266,33276,10
12.9925498962,80.2188110352,33276,33286,10
12.9933595657,80.218208313,33286,33296,10
12.9940595627,80.2177124023,33296,33306,10
12.994600296,80.2173233032,33306,33316,10
12.9952602386,80.2168807983,33316,33327,11
12.9961996078,80.2165985107,33327,33337,10
12.997010231,80.216506958,33337,33347,10
12.997469902,80.2162017822,33347,33367,20
12.997469902,80.2162017822,33367,33377,10
12.9976501465,80.2160491943,33377,33387,10
12.9980401993,80.2156982422,33387,33397,10
12.9986095428,80.2152023315,33397,33407,10
12.9991598129,80.2147521973,33407,33417,10
12.9994001389,80.2145385742,33417,33428,11
12.9998598099,80.2141494751,33428,33438,10
13.000289917,80.2137527466,33438,33448,10
13.000869751,80.2132492065,33448,33458,10
13.0015201569,80.2127532959,33458,33468,10
13.0021495819,80.2123184204,33468,33478,10
13.0025501251,80.2121429443,33478,33488,10
13.0030202866,80.2120819092,33488,33498,10
13.0036001205,80.2120132446,33498,33508,10
13.0037002563,80.2116394043,33508,33518,10
13.003660202,80.2109985352,33518,33528,10
13.003569603,80.2103805542,33528,33539,11
13.0035200119,80.2097015381,33539,33549,10
13.0036497116,80.2090377808,33549,33559,10
13.0041303635,80.2086715698,33559,33569,10
13.0049800873,80.2090682983,33569,33579,10
13.0059204102,80.2094497681,33579,33589,10
13.006529808,80.2096481323,33589,33599,10
13.0074596405,80.2098236084,33599,33619,20
13.0074596405,80.2098236084,33619,33629,10
13.0077104568,80.2098617554,33629,33639,10
13.0080499649,80.2099533081,33639,33650,11
13.0082101822,80.2097167969,33650,33660,10
13.0080404282,80.2090988159,33660,33670,10
13.0078802109,80.2082672119,33670,33680,10
13.0076999664,80.2072525024,33680,33690,10
13.0075702667,80.2062301636,33690,33700,10
13.0074901581,80.2053527832,33700,33710,10
13.0074901581,80.2044830322,33710,33720,10
13.0074396133,80.2036972046,33720,33730,10
13.0072698593,80.2027587891,33730,33740,10
13.0066003799,80.2027130127,33740,33749,9
13.0067501068,80.2033233643,33749,33761,12
13.0074901581,80.2036590576,33761,33771,10
13.0083398819,80.2036972046,33771,33781,10
13.0093898773,80.2036209106,33781,33791,10
13.0105695724,80.2035827637,33791,33801,10
13.0117998123,80.2036972046,33801,33811,10
13.0128498077,80.2039108276,33811,33821,10
13.0136899948,80.2041702271,33821,33831,10
13.014380455,80.2044525146,33831,33841,10
13.0152301788,80.2047576904,33841,33851,10
13.0161600113,80.205116272,33851,33862,11
13.0169296265,80.2052612305,33862,33872,10
13.0176801682,80.2055511475,33872,33882,10
13.0183496475,80.2058410645,33882,33892,10
13.0187797546,80.2059326172,33892,33902,10
13.0187997818,80.2059326172,33902,33912,10
13.0191402435,80.2060470581,33912,33922,10
13.0197696686,80.2062301636,33922,33932,10
13.0205698013,80.2062683105,33932,33942,10
13.0215101242,80.2063064575,33942,33952,10
13.0224704742,80.2065734863,33952,33962,10
13.0236101151,80.2066879272,33962,33973,11
13.024140358,80.2067184448,33973,33983,10
13.0243797302,80.2067337036,33983,33993,10
13.0249300003,80.2068405151,33993,34003,10
13.0257101059,80.2071228027,34003,34013,10
13.0265798569,80.207611084,34013,34023,10
13.0275001526,80.2081680298,34023,34033,10
13.0284996033,80.2085800171,34033,34043,10
13.0295801163,80.2088470459,34043,34053,10
13.0305700302,80.2091369629,34053,34063,10
13.0313596725,80.2093276978,34063,34073,10
13.03166008,80.2094421387,34073,34084,11
13.0319004059,80.2095336914,34084,34094,10
13.0324697495,80.2096481323,34094,34104,10
13.0332298279,80.2097702026,34104,34114,10
13.0349903107,80.2101593018,34114,34124,10
13.0349903107,80.2101593018,34124,34134,10
13.0350198746,80.2106933594,34134,34143,9
13.0349998474,80.2113265991,34143,34164,21
13.0349998474,80.2113265991,34164,34174,10
13.0349998474,80.2115478516,34174,34184,10
13.0349502563,80.2119903564,34184,34195,11
13.0352897644,80.2122497559,34195,34205,10
13.0360002518,80.2122802734,34205,34215,10
13.0367002487,80.2122802734,34215,34225,10
13.0369901657,80.2122421265,34225,34235,10
13.0372200012,80.2122192383,34235,34245,10
13.0377502441,80.2122573853,34245,34255,10
13.0385398865,80.2122497559,34255,34265,10
13.039440155,80.212272644,34265,34275,10
13.0405197144,80.2122497559,34275,34285,10
13.0417404175,80.2123031616,34285,34295,10
13.0430698395,80.2122802734,34295,34306,11
13.0440702438,80.2122268677,34306,34316,10
13.0446300507,80.2122497559,34316,34326,10
13.0452899933,80.2122421265,34326,34336,10
13.0460500717,80.2122192383,34336,34346,10
13.0468301773,80.2122192383,34346,34356,10
13.0476999283,80.2121124268,34356,34366,10
13.0484104156,80.212020874,34366,34386,20
13.0484104156,80.212020874,34386,34396,10
13.0485801697,80.2120285034,34396,34406,10
13.0490198135,80.2119827271,34406,34417,11
13.0491504669,80.2119674683,34417,34427,10
13.0494203568,80.2119522095,34427,34437,10
13.0499200821,80.2119293213,34437,34447,10
13.0503702164,80.2119598389,34447,34457,10
13.0507802963,80.2120437622,34457,34467,10
13.0514097214,80.2120666504,34467,34477,10
13.0522603989,80.2119369507,34477,34487,10
13.0532302856,80.2117233276,34487,34497,10
13.0543899536,80.2114486694,34497,34518,21
13.0543899536,80.2114486694,34518,34528,10
13.0547800064,80.2113800049,34528,34538,10
13.0554199219,80.2113876343,34538,34548,10
13.0564203262,80.2113876343,34548,34558,10
13.0573596954,80.2114028931,34558,34568,10
13.0576896667,80.2113876343,34568,34578,10
13.0581302643,80.2114028931,34578,34588,10
13.0587997437,80.2114715576,34588,34598,10
13.0595302582,80.211517334,34598,34608,10
13.0606298447,80.2115402222,34608,34618,10
13.0615196228,80.2116622925,34618,34629,11
13.0621795654,80.2117462158,34629,34639,10
13.0630998611,80.211517334,34639,34649,10
13.0632295609,80.2115402222,34649,34659,10
13.0634899139,80.2115783691,34659,34669,10
13.0638198853,80.2115631104,34669,34679,10
13.0643997192,80.2114181519,34679,34689,10
13.0652103424,80.2110137939,34689,34699,10
13.0660200119,80.2103424072,34699,34709,10
13.0669403076,80.2094497681,34709,34719,10
13.0675601959,80.208366394,34719,34729,10
13.0682897568,80.2072677612,34729,34740,11
13.0690603256,80.2061004639,34740,34750,10
13.0694799423,80.205406189,34750,34760,10
13.0696496964,80.2051010132,34760,34770,10
13.0696601868,80.2048873901,34770,34780,10
13.0692796707,80.2048721313,34780,34790,10
13.069029808,80.2052307129,34790,34800,10
13.0687999725,80.2052001953,34800,34810,10
13.0687198639,80.2049179077,34810,34840,30
13.0687198639,80.2049179077,34840,34851,11
13.0689296722,80.2047424316,34851,34861,10
13.069149971,80.2046966553,34861,34871,10
13.0693902969,80.2047271729,34871,34881,10
13.0693998337,80.2047271729,34881,34891,10
13.0694599152,80.2047271729,34891,34901,10
13.0695800781,80.2047576904,34901,34911,10
13.0697803497,80.2048187256,34911,34921,10
13.0700998306,80.2045898438,34921,34931,10
13.0705499649,80.2040100098,34931,34941,10
13.0711803436,80.2032775879,34941,34951,10
13.0720396042,80.2022705078,34951,34972,21
13.0720396042,80.2022705078,34972,34982,10
13.0720701218,80.2022171021,34982,34992,10
13.0723600388,80.2018890381,34992,35002,10
13.0728397369,80.2013168335,35002,35012,10
13.0732097626,80.2009124756,35012,35022,10
13.0735301971,80.2005386353,35022,35032,10
13.0739603043,80.200012207,35032,35042,10
13.0744304657,80.1994781494,35042,35052,10
13.0748796463,80.199180603,35052,35062,10
13.075630188,80.1990203857,35062,35073,11
13.076669693,80.1990127563,35073,35083,10
13.0778398514,80.198890686,35083,35093,10
13.0789804459,80.1987304688,35093,35103,10
13.0800304413,80.1986465454,35103,35113,10
13.0810403824,80.1985702515,35113,35123,10
13.0821199417,80.1985397339,35123,35133,10
13.0828104019,80.1984710693,35133,35143,10
13.082859993,80.1984710693,35143,35153,10
13.0832395554,80.1984786987,35153,35163,10
13.0838603973,80.1984710693,35163,35172,9
13.084280014,80.1984634399,35172,35184,12
13.084690094,80.1984786987,35184,35194,10
13.0851898193,80.1984634399,35194,35204,10
13.0857696533,80.1984405518,35204,35214,10
13.0863199234,80.1984405518,35214,35224,10
13.0867795944,80.1984405518,35224,35234,10
13.0870304108,80.1984329224,35234,35244,10
13.0871095657,80.1981430054,35244,35254,10
13.0871095657,80.1980209351,35254,35264,10
13.0871896744,80.1978683472,35264,35274,10
13.087220192,80.1973800659,35274,35285,11
13.087220192,80.1964874268,35285,35295,10
13.0872602463,80.1955413818,35295,35305,10
13.0872898102,80.1946792603,35305,35315,10
13.0873003006,80.1936798096,35315,35325,10
13.0872802734,80.193069458,35325,35335,10
13.0873203278,80.1926116943,35335,35345,10
13.0874004364,80.1920928955,35345,35355,10
13.0874700546,80.1913375854,35355,35365,10
13.0875902176,80.1903915405,35365,35375,10
13.0876703262,80.1895675659,35375,35384,9
13.0877103806,80.189239502,35384,35396,12
13.0877399445,80.1891937256,35396,35406,10
13.0877799988,80.1888275146,35406,35416,10
13.0878295898,80.188117981,35416,35426,10
13.0878896713,80.1871490479,35426,35436,10
13.0879402161,80.1859970093,35436,35446,10
13.0879602432,80.184928894,35446,35456,10
13.0879898071,80.1839370728,35456,35466,10
13.0880498886,80.1829605103,35466,35476,10
13.0880804062,80.1821594238,35476,35486,10
13.0881004333,80.181312561,35486,35496,10
13.0881299973,80.1803436279,35496,35507,11
13.0881500244,80.1794967651,35507,35517,10
13.0881500244,80.1789474487,35517,35527,10
13.0881795883,80.1788864136,35527,35537,10
13.0881204605,80.1784820557,35537,35547,10
13.0881099701,80.1777191162,35547,35557,10
13.0881996155,80.1768569946,35557,35567,10
13.0882701874,80.1759185791,35567,35577,10
13.0883398056,80.1748962402,35577,35587,10
13.0883998871,80.1738586426,35587,35597,10
13.0884599686,80.1727294922,35597,35606,9
13.0885000229,80.1720581055,35606,35618,12
13.0885295868,80.1717300415,35618,35628,10
13.0885696411,80.1711273193,35628,35638,10
13.0886297226,80.1702804565,35638,35648,10
13.0886898041,80.1696166992,35648,35658,10
13.0890197754,80.1695327759,35658,35668,10
13.089679718,80.1695785522,35668,35678,10
13.0905504227,80.1696395874,35678,35688,10
13.0915803909,80.1696777344,35688,35698,10
13.0927000046,80.1697463989,35698,35708,10
13.0939302444,80.1698226929,35708,35718,10
13.0947399139,80.1698684692,35718,35729,11
13.0951099396,80.1699066162,35729,35739,10
13.0956602097,80.1699523926,35739,35749,10
13.0964298248,80.1699676514,35749,35759,10
13.097410202,80.1700134277,35759,35769,10
13.0984201431,80.1700820923,35769,35779,10
13.0995197296,80.1700592041,35779,35819,40
13.0995197296,80.1700592041,35819,35829,10
13.0997495651,80.1698989868,35829,35840,11
13.0996904373,80.169670105,35840,35850,10
13.0995597839,80.1696777344,35850,35860,10
13.0994596481,80.1698074341,35860,35940,80
13.0994796753,80.1701507568,35940,36839,899
13.0994796753,80.1701507568,36839,36849,10
13.0992898941,80.1701965332,36849,36859,10
13.0990495682,80.1701889038,36859,36869,10
13.0987701416,80.1701812744,36869,36879,10
13.0984401703,80.1701889038,36879,36889,10
13.0980701447,80.1701583862,36889,36899,10
13.0976295471,80.1700897217,36899,36909,10
13.0971803665,80.1700668335,36909,36919,10
13.096739769,80.1700820923,36919,36929,10
13.0962696075,80.1700515747,36929,36940,11
13.0957603455,80.169960022,36940,36950,10
13.0952501297,80.1699295044,36950,36960,10
13.0948801041,80.1698989868,36960,36970,10
13.0945701599,80.1698684692,36970,36980,10
13.0940999985,80.1698303223,36980,36990,10
13.0935497284,80.1698074341,36990,37000,10
13.0929603577,80.1697769165,37000,37010,10
13.0922298431,80.1697921753,37010,37020,10
13.091509819,80.1697235107,37020,37030,10
13.0907297134,80.1696472168,37030,37040,10
13.0899801254,80.1696090698,37040,37051,11
13.0892000198,80.1695709229,37051,37061,10
13.0887403488,80.1696929932,37061,37071,10
13.0886802673,80.1701278687,37071,37081,10
13.0886201859,80.1708984375,37081,37091,10
13.0886001587,80.1717987061,37091,37121,30
13.0886001587,80.1717987061,37121,37131,10
13.0886096954,80.1718978882,37131,37141,10
13.0885601044,80.1722183228,37141,37151,10
13.0885295868,80.172706604,37151,37162,11
13.088470459,80.1733398438,37162,37172,10
13.0884399414,80.1739196777,37172,37182,10
13.0884304047,80.1745223999,37182,37192,10
13.0883903503,80.1750869751,37192,37202,10
13.0883598328,80.175743103,37202,37212,10
13.0883197784,80.1764373779,37212,37222,10
13.0882797241,80.1771087646,37222,37232,10
13.088259697,80.1778182983,37232,37242,10
13.0882797241,80.1783676147,37242,37261,19
13.0882797241,80.1783676147,37261,37273,12
13.0882396698,80.1791763306,37273,37323,50
13.0882396698,80.1791763306,37323,37333,10
13.0881996155,80.1797409058,37333,37343,10
13.0882101059,80.1803207397,37343,37353,10
13.0881900787,80.1811828613,37353,37363,10
13.088139534,80.1821975708,37363,37373,10
13.0880899429,80.1832733154,37373,37384,11
13.0880002975,80.1846084595,37384,37394,10
13.08796978,80.1855697632,37394,37404,10
13.0879297256,80.1865005493,37404,37414,10
13.0878896713,80.1873474121,37414,37424,10
13.0878601074,80.1881484985,37424,37434,10
13.0878295898,80.1891021729,37434,37444,10
13.0878095627,80.189666748,37444,37535,91
13.0878095627,80.189666748,37535,37545,10
13.0876998901,80.1902313232,37545,37555,10
13.0876197815,80.1908035278,37555,37565,10
13.0875196457,80.1915206909,37565,37575,10
13.0874300003,80.1922225952,37575,37585,10
13.0874204636,80.1925811768,37585,37616,31
13.0874204636,80.1925811768,37616,37626,10
13.087389946,80.1929931641,37626,37636,10
13.0873498917,80.1936264038,37636,37646,10
13.0873203278,80.1944580078,37646,37656,10
13.0873203278,80.195022583,37656,37666,10
13.0873003006,80.1956481934,37666,37676,10
13.0872802734,80.1964263916,37676,37686,10
13.0872402191,80.1971435547,37686,37696,10
13.0872602463,80.1976928711,37696,37706,10
13.0872602463,80.1977233887,37706,37717,11
13.0872297287,80.198059082,37717,37727,10
13.0873403549,80.1984176636,37727,37737,10
13.0876598358,80.1984634399,37737,37747,10
13.0882196426,80.1984405518,37747,37757,10
13.0886096954,80.1983795166,37757,37767,10
13.0890798569,80.198387146,37767,37777,10
13.0894899368,80.1984329224,37777,37787,10
13.0901403427,80.1984786987,37787,37797,10
13.0910196304,80.1985626221,37797,37807,10
13.0920095444,80.1986236572,37807,37817,10
13.0928497314,80.1986236572,37817,37828,11
13.0929498672,80.1990203857,37828,37838,10
13.0929298401,80.1996307373,37838,37848,10
13.092880249,80.2002792358,37848,37858,10
13.0928602219,80.2004013062,37858,37868,10
13.0927400589,80.2005767822,37868,37878,10
13.092300415,80.2005615234,37878,37888,10
13.0916099548,80.2005767822,37888,37898,10
13.090880394,80.2005462646,37898,37908,10
13.0902700424,80.2005386353,37908,37918,10
13.0895004272,80.2005004883,37918,37927,9
13.0887899399,80.2003936768,37927,37939,12
13.0876502991,80.2004013062,37939,37949,10
13.0868997574,80.2003936768,37949,37959,10
13.0861501694,80.2003631592,37959,37969,10
13.0857000351,80.2003479004,37969,37979,10
13.0855302811,80.200340271,37979,37989,10
13.0853500366,80.2002716064,37989,37999,10
13.0853300095,80.200012207,37999,38009,10
13.0853796005,80.1993713379,38009,38019,10
13.0852899551,80.1987228394,38019,38029,10
13.0852603912,80.1986923218,38029,38039,10
13.0848999023,80.1986618042,38039,38050,11
13.0843801498,80.1986236572,38050,38070,20
13.0843801498,80.1986236572,38070,38080,10
13.0840301514,80.1986236572,38080,38090,10
13.0836696625,80.1986465454,38090,38100,10
13.0832996368,80.198600769,38100,38110,10
13.0827798843,80.1985778809,38110,38120,10
13.0823001862,80.1985778809,38120,38130,10
13.0819501877,80.1986236572,38130,38140,10
13.0814304352,80.198600769,38140,38150,10
13.0810203552,80.1986236572,38150,38161,11
13.0803003311,80.198677063,38161,38171,10
13.0795001984,80.1987380981,38171,38181,10
13.0785799026,80.1988067627,38181,38191,10
13.0776100159,80.1989517212,38191,38201,10
13.0766496658,80.1990585327,38201,38211,10
13.0757398605,80.1991577148,38211,38221,10
13.0748300552,80.1994400024,38221,38231,10
13.074090004,80.1999893188,38231,38241,10
13.0736503601,80.2005081177,38241,38251,10
13.0736198425,80.2005615234,38251,38262,11
13.073390007,80.2008132935,38262,38272,10
13.0729103088,80.2013473511,38272,38282,10
13.0725297928,80.2018280029,38282,38292,10
13.0720796585,80.2023010254,38292,38302,10
13.0714797974,80.2029876709,38302,38312,10
13.0707397461,80.2038192749,38312,38322,10
13.0701398849,80.2045669556,38322,38332,10
13.0699300766,80.2049102783,38332,38373,41
13.0699300766,80.2049102783,38373,38383,10
13.0698099136,80.205039978,38383,38393,10
13.0694704056,80.2048797607,38393,38403,10
13.0690698624,80.2052078247,38403,38413,10
13.0684499741,80.2054595947,38413,38423,10
13.0679702759,80.2054290771,38423,38473,50
13.0679702759,80.2054290771,38473,38484,11
13.0679798126,80.2051620483,38484,38494,10
13.0682601929,80.2049484253,38494,38504,10
13.0687103271,80.2047805786,38504,38524,20
13.0687103271,80.2047805786,38524,38534,10
13.0689401627,80.2047424316,38534,38544,10
13.069149971,80.2046966553,38544,38615,71
13.069149971,80.2046966553,38615,38625,10
13.0693998337,80.2047729492,38625,38635,10
13.0697202682,80.2048187256,38635,38695,60
13.0697202682,80.2048187256,38695,38706,11
13.0698699951,80.2051086426,38706,38716,10
13.0695400238,80.2055969238,38716,38726,10
13.0690402985,80.2063674927,38726,38736,10
13.0684404373,80.207321167,38736,38746,10
13.0678100586,80.2083587646,38746,38756,10
13.0671100616,80.2094192505,38756,38766,10
13.0661697388,80.2103805542,38766,38776,10
13.0651397705,80.2112197876,38776,38796,20
13.0651397705,80.2112197876,38796,38806,10
13.0648803711,80.2113800049,38806,38817,11
13.0642795563,80.2115707397,38817,38827,10
13.0640001297,80.2116775513,38827,38837,10
13.063949585,80.2117004395,38837,38847,10
13.0636301041,80.2116928101,38847,38857,10
13.0630397797,80.2116699219,38857,38867,10
13.0621204376,80.2116775513,38867,38877,10
13.060959816,80.2116775513,38877,38886,9
13.0598802567,80.2116088867,38886,38897,11
13.0586900711,80.2115707397,38897,38907,10
13.0577802658,80.2115631104,38907,38917,10
13.0574903488,80.2115707397,38917,38928,11
13.0567302704,80.2115631104,38928,38938,10
13.0557699203,80.211517334,38938,38948,10
13.0546703339,80.211479187,38948,38958,10
13.0535802841,80.2117004395,38958,38968,10
13.0523796082,80.2120437622,38968,38978,10
13.0512399673,80.2121429443,38978,38988,10
13.0501499176,80.2121429443,38988,39008,20
13.0501499176,80.2121429443,39008,39018,10
13.0495595932,80.2121734619,39018,39039,21
13.0495595932,80.2121734619,39039,39049,10
13.0492696762,80.2121505737,39049,39059,10
13.048620224,80.2121505737,39059,39069,10
13.0478200912,80.2121887207,39069,39079,10
13.0467796326,80.2122573853,39079,39089,10
13.0458097458,80.2123031616,39089,39099,10
13.0449895859,80.2124023438,39099,39109,10
13.0445098877,80.2124023438,39109,39119,10
13.0439500809,80.212348938,39119,39129,10
13.0431203842,80.212310791,39129,39139,10
13.042140007,80.2123413086,39139,39150,11
13.0409498215,80.2124176025,39150,39160,10
13.0397195816,80.212387085,39160,39170,10
13.0388803482,80.2123413086,39170,39180,10
13.0375404358,80.2123413086,39180,39271,91
13.0375404358,80.2123413086,39271,39281,10
13.0374097824,80.2123336792,39281,39291,10
13.0369501114,80.2123184204,39291,39301,10
13.0362596512,80.2123565674,39301,39311,10
13.0353603363,80.212348938,39311,39321,10
13.034529686,80.2122421265,39321,39331,10
13.0341901779,80.2121582031,39331,39341,10
13.0341796875,80.2121505737,39341,39351,10
13.0340003967,80.2120819092,39351,39361,10
13.0337495804,80.212059021,39361,39372,11
13.0331897736,80.2119522095,39372,39382,10
13.0324201584,80.2117996216,39382,39392,10
13.0319795609,80.2113418579,39392,39402,10
13.0320196152,80.2105026245,39402,39412,10
13.0320100784,80.2097015381,39412,39422,10
13.0313596725,80.2095336914,39422,39432,10
13.0305299759,80.2092590332,39432,39442,10
13.0298099518,80.2090530396,39442,39452,10
13.0295600891,80.2089614868,39452,39462,10
13.0294799805,80.208946228,39462,39472,10
13.029129982,80.2088165283,39472,39483,11
13.0282402039,80.2085571289,39483,39493,10
13.0274295807,80.2082138062,39493,39503,10
13.0265302658,80.2077102661,39503,39513,10
13.0255203247,80.2071685791,39513,39523,10
13.0244102478,80.2069091797,39523,39533,10
13.0231895447,80.2065887451,39533,39543,10
13.0220499039,80.2064285278,39543,39553,10
13.0211400986,80.206413269,39553,39563,10
13.0202102661,80.2064437866,39563,39573,10
13.0193195343,80.2063980103,39573,39583,10
13.0191202164,80.2063369751,39583,39594,11
13.0190095901,80.2062683105,39594,39604,10
13.0185804367,80.2061309814,39604,39614,10
13.0178604126,80.2058563232,39614,39624,10
13.017250061,80.2056274414,39624,39634,10
13.0166301727,80.2053222656,39634,39644,10
13.0154399872,80.2049636841,39644,39654,10
13.0144195557,80.2045898438,39654,39664,10
13.0136995316,80.2043609619,39664,39674,10
13.0135097504,80.2046203613,39674,39684,10
13.0134000778,80.2051010132,39684,39694,10
13.0131702423,80.205871582,39694,39705,11
13.0130300522,80.2067184448,39705,39715,10
13.0129404068,80.2075576782,39715,39725,10
13.0128803253,80.2081985474,39725,39735,10
13.0128698349,80.2085418701,39735,39745,10
13.0129404068,80.2089920044,39745,39755,10
13.0131101608,80.2094497681,39755,39765,10
13.0131902695,80.2099304199,39765,39775,10
13.0130996704,80.2105407715,39775,39785,10
13.0128202438,80.2113037109,39785,39795,10
13.0124797821,80.2119293213,39795,39805,10
13.0121803284,80.2123718262,39805,39816,11
13.0118999481,80.2127304077,39816,39826,10
13.0116596222,80.2126998901,39826,39836,10
13.0112895966,80.2124176025,39836,39846,10
13.010890007,80.2121200562,39846,39856,10
13.0105495453,80.2118835449,39856,39866,10
13.0097999573,80.2113418579,39866,39896,30
13.0095796585,80.2111434937,39896,39987,91
13.0095796585,80.2111434937,39987,39997,10
13.0092096329,80.211151123,39997,40007,10
13.0090398788,80.2114486694,40007,40017,10
13.0091199875,80.2119293213,40017,40027,10
13.0093297958,80.2126617432,40027,40038,11
13.0096302032,80.213432312,40038,40048,10
13.0099096298,80.2141113281,40048,40058,10
13.0101499557,80.21484375,40058,40068,10
13.0102796555,80.2158126831,40068,40078,10
13.0107002258,80.2167816162,40078,40088,10
13.0111398697,80.2176971436,40088,40098,10
13.0114898682,80.2186965942,40098,40108,10
13.0118598938,80.2197875977,40108,40118,10
13.0122900009,80.2209396362,40118,40128,10
13.0126104355,80.2215805054,40128,40137,9
13.0130300522,80.2220535278,40137,40149,12
13.013710022,80.2229614258,40149,40159,10
13.0141000748,80.2237319946,40159,40169,10
13.0147800446,80.2243728638,40169,40179,10
13.0151500702,80.2247619629,40179,40189,10
13.0153999329,80.2251434326,40189,40199,10
13.0154304504,80.2254562378,40199,40219,20
13.0154304504,80.2254562378,40219,40229,10
13.0153198242,80.2257614136,40229,40239,10
13.0150604248,80.2258911133,40239,40248,9
13.0146598816,80.226020813,40248,40260,12
13.013759613,80.226348877,40260,40270,10
13.0128698349,80.2266921997,40270,40280,10
13.0119800568,80.2270736694,40280,40290,10
13.0109901428,80.2274780273,40290,40300,10
13.0100603104,80.2278289795,40300,40310,10
13.009469986,80.227722168,40310,40320,10
13.0096797943,80.2271575928,40320,40330,10
13.0100002289,80.2265014648,40330,40340,10
13.010310173,80.225730896,40340,40350,10
13.0106296539,80.2249679565,40350,40360,10
13.0109100342,80.2242965698,40360,40371,11
13.0112199783,80.2234802246,40371,40381,10
13.0111398697,80.2230911255,40381,40391,10
13.0105800629,80.2228164673,40391,40401,10
13.0098400116,80.2224578857,40401,40411,10
13.0091600418,80.222076416,40411,40421,10
13.008480072,80.2217025757,40421,40431,10
13.0075998306,80.2212524414,40431,40441,10
13.0067396164,80.2208099365,40441,40451,10
13.0057096481,80.2205200195,40451,40461,10
13.0047798157,80.2203063965,40461,40471,10
13.0040302277,80.220123291,40471,40482,11
13.0035104752,80.2200317383,40482,40492,10
13.0032196045,80.2199478149,40492,40502,10
13.0027399063,80.2197265625,40502,40512,10
13.0021295547,80.2192230225,40512,40522,10
13.0014400482,80.21849823,40522,40532,10
13.0006799698,80.2179870605,40532,40542,10
13.0000095367,80.2175674438,40542,40552,10
12.9993801117,80.2171783447,40552,40562,10
12.9986200333,80.216796875,40562,40572,10
12.9978504181,80.2165679932,40572,40582,10
12.9976902008,80.2165374756,40582,40593,11
12.9974603653,80.2164993286,40593,40603,10
12.9970903397,80.216506958,40603,40613,10
12.9965600967,80.2165374756,40613,40623,10
12.9959096909,80.2166519165,40623,40633,10
12.9952297211,80.2168884277,40633,40643,10
12.9950895309,80.2169876099,40643,40653,10
12.99477005,80.2172317505,40653,40663,10
12.9942998886,80.2175598145,40663,40673,10
12.9937095642,80.2180328369,40673,40683,10
12.9930400848,80.218536377,40683,40693,10
12.9923601151,80.2190170288,40693,40704,11
12.9917898178,80.2195205688,40704,40714,10
12.9910297394,80.2194671631,40714,40734,20
12.9910297394,80.2194671631,40734,40744,10
12.9909296036,80.2194290161,40744,40754,10
12.9904403687,80.2192687988,40754,40764,10
12.9896802902,80.21900177,40764,40774,10
12.9888095856,80.2186508179,40774,40784,10
12.9878902435,80.2184371948,40784,40793,9
12.9873304367,80.2183685303,40793,40805,12
12.9869003296,80.2182693481,40805,40815,10
12.9866504669,80.2182006836,40815,40825,10
12.9861698151,80.2180786133,40825,40835,10
12.9857597351,80.2180023193,40835,40845,10
12.9849300385,80.2179489136,40845,40855,10
12.9843301773,80.2179718018,40855,40865,10
12.9840202332,80.2179718018,40865,40875,10
12.983710289,80.2179489136,40875,40885,10
12.983039856,80.2179412842,40885,40895,10
12.9822902679,80.2179412842,40895,40905,10
12.9814596176,80.2180099487,40905,40916,11
12.9805603027,80.2182769775,40916,40926,10
12.9798803329,80.2185134888,40926,40936,10
12.9791603088,80.2188491821,40936,40946,10
12.978679657,80.2190933228,40946,40956,10
12.9780702591,80.2193222046,40956,40966,10
12.977399826,80.219619751,40966,40976,10
12.9766397476,80.2199783325,40976,40986,10
12.9762096405,80.220161438,40986,40996,10
12.9761400223,80.2201766968,40996,41006,10
12.9757795334,80.2203063965,41006,41047,41
12.9757795334,80.2203063965,41047,41057,10
12.9755001068,80.2206192017,41057,41138,81
12.9755001068,80.2206192017,41138,41148,10
12.9757604599,80.2209014893,41148,41360,212
12.9757604599,80.2209014893,41360,41370,10
12.9760503769,80.2211685181,41370,42005,635
12.975979805,80.2212295532,42005,42288,283
12.975979805,80.2212295532,42288,42298,10
12.9764499664,80.2212982178,42298,42308,10
12.9766902924,80.2212677002,42308,42318,10
12.9770898819,80.2212219238,42318,42328,10
12.9775600433,80.2211608887,42328,42338,10
12.9780197144,80.2210769653,42338,42348,10
12.9786396027,80.2210693359,42348,42359,11
12.9792699814,80.2210464478,42359,42369,10
12.9799203873,80.2210388184,42369,42379,10
12.9805402756,80.220993042,42379,42389,10
12.9811096191,80.2210617065,42389,42399,10
12.9816303253,80.2213592529,42399,42409,10
12.982000351,80.2215118408,42409,42419,10
12.9824695587,80.2217025757,42419,42429,10
12.9829301834,80.2219085693,42429,42459,30
12.9829301834,80.2219085693,42459,42470,11
12.98320961,80.2220993042,42470,42480,10
12.9834403992,80.2222290039,42480,42490,10
12.9837999344,80.2224273682,42490,42500,10
12.9842100143,80.2226791382,42500,42510,10
12.9847898483,80.2229003906,42510,42520,10
12.9853000641,80.2229614258,42520,42530,10
12.9863500595,80.2228622437,42530,42550,20
12.9863500595,80.2228622437,42550,42560,10
12.986530304,80.2228927612,42560,42591,31
12.986530304,80.2228927612,42591,42601,10
12.9870500565,80.2229919434,42601,42611,10
12.9873304367,80.2229995728,42611,42621,10
12.987569809,80.2229995728,42621,42631,10
12.9879999161,80.2227783203,42631,42641,10
12.9885997772,80.2222824097,42641,42651,10
12.9891300201,80.2217407227,42651,42661,10
12.9897003174,80.2209777832,42661,42671,10
12.9903001785,80.2204208374,42671,42680,9
12.9903697968,80.2203826904,42680,42692,12
12.9907197952,80.2201385498,42692,42702,10
12.991060257,80.2198791504,42702,42712,10
12.9912700653,80.2197265625,42712,42722,10
12.9914598465,80.2195892334,42722,42732,10
12.9918203354,80.2193527222,42732,42742,10
12.992389679,80.2189102173,42742,42752,10
12.9930696487,80.2183990479,42752,42762,10
12.9937601089,80.2179107666,42762,42772,10
12.9943704605,80.2174835205,42772,42782,10
12.9947795868,80.2171783447,42782,42792,10
12.9949998856,80.2170410156,42792,42803,11
12.9955396652,80.2167205811,42803,42813,10
12.9962301254,80.2165374756,42813,42823,10
12.9970302582,80.2164382935,42823,42833,10
12.9973897934,80.2161636353,42833,42843,10
12.9974098206,80.2161483765,42843,42853,10
12.997469902,80.2161331177,42853,42863,10
12.9976797104,80.2159805298,42863,42873,10
12.9981203079,80.2155990601,42873,42883,10
12.9987201691,80.2151412964,42883,42893,10
12.9991397858,80.2147827148,42893,42903,10
12.9994897842,80.2144622803,42903,42914,11
12.9999599457,80.2140274048,42914,42924,10
13.0004196167,80.2136077881,42924,42934,10
13.0009498596,80.2131576538,42934,42944,10
13.0014200211,80.2127838135,42944,42954,10
13.0020198822,80.2123718262,42954,42964,10
13.0027399063,80.212097168,42964,42974,10
13.003490448,80.2120285034,42974,42984,10
13.0036802292,80.2118225098,42984,42994,10
13.0036897659,80.2114105225,42994,43004,10
13.0036296844,80.2108230591,43004,43014,10
13.0035600662,80.2101974487,43014,43025,11
13.0035200119,80.2095413208,43025,43035,10
13.0036497116,80.2088623047,43035,43045,10
13.0041904449,80.2087173462,43045,43055,10
13.0050001144,80.2090835571,43055,43065,10
13.0058498383,80.2094421387,43065,43075,10
13.0066204071,80.2096633911,43075,43085,10
13.0071401596,80.2097396851,43085,43125,40
13.0071401596,80.2097396851,43125,43136,11
13.007610321,80.2098693848,43136,43146,10
13.0079698563,80.2099761963,43146,43156,10
13.0081195831,80.2099761963,43156,43166,10
13.0081501007,80.2096786499,43166,43176,10
13.0080299377,80.2090911865,43176,43186,10
13.0079298019,80.2083129883,43186,43196,10
13.0078001022,80.2074279785,43196,43206,10
13.0076704025,80.2065963745,43206,43216,10
13.0075597763,80.2057800293,43216,43226,10
13.0075302124,80.2050323486,43226,43235,9
13.007519722,80.2044677734,43235,43247,12
13.0074501038,80.203742981,43247,43257,10
13.0073003769,80.2028808594,43257,43267,10
13.0067501068,80.2025909424,43267,43277,10
13.0065603256,80.203086853,43277,43287,10
13.0069904327,80.2034683228,43287,43297,10
13.0076503754,80.2036819458,43297,43307,10
13.0085000992,80.2036972046,43307,43317,10
13.009469986,80.20362854,43317,43327,10
13.0104904175,80.2036132813,43327,43337,10
13.0115299225,80.2036972046,43337,43347,10
13.0125198364,80.2038574219,43347,43358,11
13.0134296417,80.2041015625,43358,43368,10
13.0142498016,80.2042922974,43368,43378,10
13.0152196884,80.2045516968,43378,43388,10
13.0162696838,80.2051086426,43388,43398,10
13.0172300339,80.205368042,43398,43408,10
13.0179700851,80.2056732178,43408,43418,10
13.0186500549,80.2059402466,43418,43428,10
13.0188302994,80.2060165405,43428,43438,10
13.0192298889,80.2061462402,43438,43448,10
13.0198602676,80.2062835693,43448,43458,10
13.0207595825,80.2063217163,43458,43469,11
13.0217599869,80.2063598633,43469,43479,10
13.0225400925,80.2064590454,43479,43489,10
13.0235395432,80.2066421509,43489,43499,10
13.0245103836,80.2068099976,43499,43509,10
13.0254402161,80.2069625854,43509,43519,10
13.0265102386,80.2075195313,43519,43529,10
13.0275602341,80.2081832886,43529,43539,10
13.0286102295,80.2086105347,43539,43549,10
13.0292701721,80.208732605,43549,43559,10
13.0294599533,80.2087783813,43559,43569,10
13.029589653,80.2088317871,43569,43580,11
13.0300397873,80.2089691162,43580,43590,10
13.0306100845,80.2091293335,43590,43600,10
13.0314102173,80.2093200684,43600,43610,10
13.0323696136,80.2095489502,43610,43620,10
13.0332603455,80.2097320557,43620,43630,10
13.0342197418,80.2099075317,43630,43640,10
13.0349798203,80.2101135254,43640,43650,10
13.0349702835,80.2104873657,43650,43660,10
13.0350103378,80.2110137939,43660,43680,20
13.0350103378,80.2110137939,43680,43691,11
13.0348901749,80.2114715576,43691,43701,10
13.0348100662,80.2120132446,43701,43711,10
13.0350904465,80.2122192383,43711,43721,10
13.0357198715,80.2123031616,43721,43731,10
13.0365104675,80.2123336792,43731,43741,10
13.0370597839,80.212310791,43741,43751,10
13.037610054,80.2122879028,43751,43761,10
13.0383796692,80.2122802734,43761,43771,10
13.0392799377,80.212272644,43771,43781,10
13.0403203964,80.2122879028,43781,43791,10
13.0414800644,80.2123031616,43791,43802,11
13.0426597595,80.212348938,43802,43812,10
13.0434103012,80.2123336792,43812,43822,10
13.0435304642,80.2123184204,43822,43832,10
13.0438995361,80.212310791,43832,43842,10
13.0443096161,80.212310791,43842,43852,10
13.0448198318,80.2122879028,43852,43862,10
13.0454397202,80.2122802734,43862,43872,10
13.046210289,80.2122268677,43872,43882,10
13.04708004,80.2121734619,43882,43892,10
13.0479001999,80.2121124268,43892,43902,10
13.0486097336,80.2120437622,43902,43923,21
13.0486097336,80.2120437622,43923,43933,10
13.0488100052,80.212020874,43933,43943,10
13.0492696762,80.2119903564,43943,43953,10
13.0496196747,80.2119674683,43953,43963,10
13.0499095917,80.2119598389,43963,43973,10
13.0500802994,80.2119827271,43973,43983,10
13.050359726,80.2119827271,43983,43993,10
13.0507001877,80.212020874,43993,44003,10
13.0515403748,80.2120285034,44003,44013,10
13.0524396896,80.2118911743,44013,44024,11
13.0534696579,80.2116699219,44024,44034,10
13.0542602539,80.2114868164,44034,44074,40
13.0542602539,80.2114868164,44074,44084,10
13.0547304153,80.2115402222,44084,44094,10
13.0554304123,80.2115631104,44094,44104,10
13.0563497543,80.211479187,44104,44114,10
13.0574903488,80.2114715576,44114,44124,10
13.0585803986,80.211517334,44124,44135,11
13.0598802567,80.2114715576,44135,44145,10
13.060959816,80.2115707397,44145,44155,10
13.0617303848,80.2115097046,44155,44164,9
13.062669754,80.2115325928,44164,44175,11
13.0632200241,80.211479187,44175,44185,10
13.0633602142,80.211517334,44185,44195,10
13.0638198853,80.211517334,44195,44205,10
13.0645399094,80.2113265991,44205,44215,10
13.0653896332,80.2108383179,44215,44225,10
13.0662603378,80.2101364136,44225,44235,10
13.0670404434,80.2092819214,44235,44246,11
13.0673799515,80.2087631226,44246,44256,10
13.0676298141,80.2083282471,44256,44266,10
13.0680198669,80.2077331543,44266,44276,10
13.0684900284,80.2069702148,44276,44286,10
13.0690698624,80.2060623169,44286,44296,10
13.0694799423,80.2053833008,44296,44306,10
13.069609642,80.2051773071,44306,44316,10
13.0696201324,80.2049102783,44316,44326,10
13.0693702698,80.2048568726,44326,44336,10
13.0690803528,80.2051620483,44336,44346,10
13.0687704086,80.2052230835,44346,44357,11
13.0686903,80.2049407959,44357,44407,50
13.0686903,80.2049407959,44407,44417,10
13.0688695908,80.2047424316,44417,44427,10
13.0692501068,80.2047195435,44427,44437,10
13.0695896149,80.2047805786,44437,44447,10
13.0699195862,80.2047729492,44447,44457,10
13.0702600479,80.2043380737,44457,44468,11
13.070810318,80.2036590576,44468,44478,10
13.0714902878,80.20287323,44478,44488,10
13.0720300674,80.2022628784,44488,44538,50
13.0720300674,80.2022628784,44538,44548,10
13.0722398758,80.2020187378,44548,44558,10
13.0725297928,80.2016677856,44558,44567,9
13.072930336,80.2011795044,44567,44579,12
13.0736303329,80.2004623413,44579,44589,10
13.0742502213,80.1997299194,44589,44599,10
13.0747804642,80.1992416382,44599,44609,10
13.0756702423,80.1990585327,44609,44619,10
13.0767602921,80.1990203857,44619,44629,10
13.077870369,80.1988983154,44629,44639,10
13.0788602829,80.1987609863,44639,44649,10
13.0796604156,80.1986923218,44649,44659,10
13.0805597305,80.1986236572,44659,44669,10
13.0815296173,80.1985778809,44669,44678,9
13.0825595856,80.1985092163,44678,44710,32
13.0825595856,80.1985092163,44710,44720,10
13.0828695297,80.1985168457,44720,44730,10
13.0832004547,80.1985092163,44730,44740,10
13.0833997726,80.1985168457,44740,44760,20
13.0833997726,80.1985168457,44760,44770,10
13.0837898254,80.1985092163,44770,44780,10
13.0840301514,80.1985168457,44780,44790,10
13.0842895508,80.1985397339,44790,44801,11
13.0845899582,80.1985626221,44801,44811,10
13.0848703384,80.1985397339,44811,44821,10
13.085100174,80.1985168457,44821,44831,10
13.0854701996,80.1985778809,44831,44841,10
13.0859699249,80.1984710693,44841,44851,10
13.0867395401,80.1984863281,44851,44871,20
13.0867395401,80.1984863281,44871,44881,10
13.087100029,80.1983337402,44881,44891,10
13.0871400833,80.198059082,44891,44902,11
13.0871801376,80.1979675293,44902,44910,8
13.0872097015,80.1976623535,44910,44921,11
13.087220192,80.1969223022,44921,44932,11
13.0872602463,80.1959381104,44932,44942,10
13.087269783,80.1950836182,44942,44952,10
13.0872898102,80.194190979,44952,44962,10
13.0872898102,80.1933898926,44962,44972,10
13.0872802734,80.1932067871,44972,44982,10
13.0872497559,80.1930236816,44982,44992,10
13.0872802734,80.1927337646,44992,45002,10
13.0873498917,80.1923370361,45002,45012,10
13.087439537,80.1916503906,45012,45023,11
13.0875501633,80.1906585693,45023,45033,10
13.0877103806,80.1891326904,45033,45053,20
13.0877103806,80.1891326904,45053,45063,10
13.0877304077,80.1885681152,45063,45083,20
13.0877304077,80.1885681152,45083,45093,10
13.0877199173,80.1884307861,45093,45103,10
13.0877399445,80.1881027222,45103,45112,9
13.087770462,80.1877593994,45112,45124,12
13.0878000259,80.1871109009,45124,45134,10
13.0878601074,80.1863021851,45134,45144,10
13.0878896713,80.1855621338,45144,45154,10
13.0878896713,80.1855010986,45154,45164,10
13.0879402161,80.1848297119,45164,45174,10
13.0879402161,80.1848297119,45174,45184,10
13.0879602432,80.1840896606,45184,45194,10
13.0881595612,80.1787719727,45194,45261,67
13.0881595612,80.1787719727,45261,45291,30
13.0882396698,80.1771316528,45291,45301,10
13.088259697,80.176361084,45301,45311,10
13.0882997513,80.1753921509,45311,45321,10
13.088350296,80.1745986938,45321,45331,10
13.0884504318,80.173789978,45331,45341,10
13.088470459,80.1732025146,45341,45352,11
13.0885000229,80.1726226807,45352,45362,10
13.08852005,80.1720275879,45362,45372,10
13.0885095596,80.1719512939,45372,45382,10
13.088549614,80.1715927124,45382,45392,10
13.0885696411,80.1713485718,45392,45402,10
13.0885896683,80.1710510254,45402,45412,10
13.0886201859,80.1704025269,45412,45422,10
13.0886297226,80.1698303223,45422,45432,10
13.0886497498,80.1696624756,45432,45442,10
13.0888595581,80.1695022583,45442,45451,9
13.0893096924,80.1695404053,45451,45463,12
13.0902299881,80.1696090698,45463,45473,10
13.0911998749,80.1696472168,45473,45483,10
13.0921897888,80.1697006226,45483,45493,10
13.0931596756,80.1697387695,45493,45503,10
13.0942602158,80.1698226929,45503,45513,10
13.0947303772,80.1698989868,45513,45523,10
13.0950899124,80.1699295044,45523,45533,10
13.0957202911,80.169960022,45533,45543,10
13.0965003967,80.1699905396,45543,45553,10
13.0974597931,80.1700363159,45553,45563,10
13.0983400345,80.1700668335,45563,45574,11
13.0993404388,80.1700897217,45574,45614,40
13.0993404388,80.1700897217,45614,45624,10
13.09953022,80.1701431274,45624,45634,10
13.0997200012,80.1700363159,45634,45644,10
13.0996904373,80.1697387695,45644,45685,41
13.0993003845,80.169631958,45685,45715,30
13.0993003845,80.169631958,45715,45725,10
13.0990495682,80.1693496704,45725,45735,10
13.0987501144,80.1692810059,45735,47380,1645
13.0987501144,80.1692810059,47380,47390,10
13.098859787,80.1693572998,47390,47400,10
13.0989398956,80.1694869995,47400,47410,10
13.0991802216,80.1695098877,47410,47440,30
13.0991802216,80.1695098877,47440,47450,10
13.0994701385,80.1697998047,47450,47682,232
13.0994997025,80.1701583862,47682,47935,253
13.0994997025,80.1701583862,47935,47945,10
13.0992803574,80.1702728271,47945,47955,10
13.0988502502,80.1702270508,47955,47965,10
13.09815979,80.1702270508,47965,47975,10
13.0973796844,80.1701431274,47975,47985,10
13.096449852,80.1700820923,47985,47995,10
13.0954504013,80.1700363159,47995,48005,10
13.0948896408,80.1699295044,48005,48015,10
13.0945396423,80.1698913574,48015,48026,11
13.0940198898,80.1698989868,48026,48036,10
13.0934295654,80.1698532104,48036,48046,10
13.0926799774,80.1699066162,48046,48056,10
13.0918598175,80.1698989868,48056,48066,10
13.0909996033,80.1697769165,48066,48076,10
13.0901203156,80.169670105,48076,48086,10
13.0894298553,80.169593811,48086,48096,10
13.0889797211,80.1695632935,48096,48106,10
13.0886697769,80.1697387695,48106,48116,10
13.0886096954,80.170249939,48116,48126,10
13.0885801315,80.1709823608,48126,48137,11
13.088549614,80.1718063354,48137,48147,10
13.0885400772,80.1718292236,48147,48157,10
13.08852005,80.1722106934,48157,48167,10
13.0884599686,80.1730194092,48167,48177,10
13.0883903503,80.1740722656,48177,48187,10
13.0883398056,80.1751022339,48187,48197,10
13.0882396698,80.1762466431,48197,48207,10
13.0881996155,80.1773834229,48207,48217,10
13.0881795883,80.1783294678,48217,48227,10
13.0881996155,80.1785202026,48227,48237,10
13.0881795883,80.1788864136,48237,48268,31
13.0881795883,80.1788864136,48268,48278,10
13.0881795883,80.1793136597,48278,48288,10
13.0881795883,80.1794509888,48288,48298,10
13.0881595612,80.1799316406,48298,48308,10
13.0881595612,80.1807632446,48308,48318,10
13.0881204605,80.1817474365,48318,48328,10
13.0880203247,80.1836776733,48328,48337,9
13.0880203247,80.1836776733,48337,48348,11
13.0879602432,80.1849212646,48348,48357,9
13.0879201889,80.1858062744,48357,48399,42
13.087849617,80.1881484985,48399,48409,10
13.0878200531,80.1887130737,48409,48419,10
13.087770462,80.1894683838,48419,48429,10
13.0877399445,80.1898422241,48429,48439,10
13.0877399445,80.1898498535,48439,48449,10
13.0876598358,80.1901168823,48449,48458,9
13.0875501633,80.1905822754,48458,48470,12
13.0874204636,80.1915664673,48470,48480,10
13.0873403549,80.1926879883,48480,48530,50
13.0873403549,80.1926879883,48530,48540,10
13.0873403549,80.1928787231,48540,48550,10
13.0873098373,80.1934127808,48550,48560,10
13.0873003006,80.1941986084,48560,48570,10
13.0872802734,80.1950378418,48570,48581,11
13.0872497559,80.1960296631,48581,48591,10
13.087220192,80.1970825195,48591,48601,10
13.0871801376,80.197769165,48601,48611,10
13.087220192,80.1979980469,48611,48621,10
13.0872802734,80.1982116699,48621,48641,20
13.0872802734,80.1982116699,48641,48651,10
13.0873603821,80.198387146,48651,48661,10
13.0875797272,80.1984176636,48661,48671,10
13.0880002975,80.198387146,48671,48680,9
13.088640213,80.1983718872,48680,48692,12
13.0894804001,80.1984405518,48692,48702,10
13.0902204514,80.1984786987,48702,48712,10
13.0911102295,80.1985626221,48712,48722,10
13.0919799805,80.1986236572,48722,48732,10
13.0928401947,80.1986236572,48732,48742,10
13.0929603577,80.1990203857,48742,48752,10
13.0928602219,80.1997299194,48752,48762,10
13.0928201675,80.2005233765,48762,48772,10
13.0926198959,80.2006072998,48772,48782,10
13.092089653,80.2005996704,48782,48791,9
13.0914402008,80.200668335,48791,48803,12
13.0903701782,80.2005767822,48803,48813,10
13.0895595551,80.200630188,48813,48823,10
13.088760376,80.2004623413,48823,48833,10
13.0879898071,80.2004394531,48833,48843,10
13.0871496201,80.200378418,48843,48853,10
13.0861797333,80.2003936768,48853,48863,10
13.0854301453,80.200302124,48863,48873,10
13.0853004456,80.2001571655,48873,48883,10
13.0852899551,80.1997299194,48883,48893,10
13.0853099823,80.1989898682,48893,48903,10
13.0851202011,80.1987380981,48903,48914,11
13.084280014,80.1986999512,48914,48944,30
13.084280014,80.1986999512,48944,48954,10
13.0839300156,80.1986236572,48954,48964,10
13.0830497742,80.198600769,48964,49004,40
13.0830497742,80.198600769,49004,49014,10
13.0829496384,80.1985931396,49014,49025,11
13.0824899673,80.1985778809,49025,49035,10
13.0818595886,80.198600769,49035,49045,10
13.0811700821,80.1985778809,49045,49055,10
13.0803403854,80.1986236572,49055,49065,10
13.0794000626,80.198677063,49065,49075,10
13.0783996582,80.1988067627,49075,49085,10
13.0773801804,80.1989364624,49085,49095,10
13.0763196945,80.1990737915,49095,49105,10
13.0753297806,80.1992263794,49105,49115,10
13.0743398666,80.1996994019,49115,49125,10
13.0737199783,80.2003707886,49125,49136,11
13.0735902786,80.2005310059,49136,49146,10
13.0733499527,80.2007904053,49146,49156,10
13.0728702545,80.2013473511,49156,49166,10
13.0723199844,80.2020568848,49166,49176,10
13.0717096329,80.2027435303,49176,49186,10
13.070980072,80.2035903931,49186,49196,10
13.0702495575,80.204498291,49196,49206,10
13.0699100494,80.2050170898,49206,49216,10
13.0696296692,80.2049102783,49216,49226,10
13.0692901611,80.2048568726,49226,49236,10
13.0690097809,80.2052001953,49236,49247,11
13.0687503815,80.205368042,49247,49257,10
13.0682001114,80.2053985596,49257,49267,10
13.067899704,80.2051696777,49267,49277,10
13.0678901672,80.2051467896,49277,49287,10
13.0681800842,80.2049484253,49287,49297,10
13.0686502457,80.204750061,49297,49307,10
13.0690002441,80.2046890259,49307,49337,30
13.0690002441,80.2046890259,49337,49347,10
13.0693397522,80.2047424316,49347,49358,11
13.0695800781,80.2047805786,49358,49368,10
13.0697698593,80.2049026489,49368,49378,10
13.0697603226,80.2052536011,49378,49388,10
13.0693798065,80.2058792114,49388,49398,10
13.0688400269,80.2067337036,49398,49408,10
13.0682201385,80.2077484131,49408,49418,10
13.0675096512,80.2088165283,49418,49428,10
13.0666599274,80.2099609375,49428,49438,10
13.0655498505,80.2108917236,49438,49448,10
13.0650596619,80.2112731934,49448,49458,10
13.0648403168,80.2114028931,49458,49469,11
13.0640602112,80.2116470337,49469,49479,10
13.0635299683,80.2116775513,49479,49489,10
13.0627498627,80.2117004395,49489,49499,10
13.0618801117,80.2117233276,49499,49509,10
13.0606603622,80.2116775513,49509,49519,10
13.0593395233,80.2116165161,49519,49529,10
13.0579004288,80.2115631104,49529,49539,10
13.0564498901,80.211517334,49539,49549,10
13.054980278,80.211517334,49549,49559,10
13.0543498993,80.2115402222,49559,49568,9
13.0537900925,80.2116928101,49568,49580,12
13.0527296066,80.2119522095,49580,49590,10
13.0517196655,80.2121429443,49590,49600,10
13.0506496429,80.2120895386,49600,49610,10
13.0498600006,80.212059021,49610,49620,10
13.0493402481,80.2120819092,49620,49630,10
13.0488901138,80.2121429443,49630,49640,10
13.0481500626,80.2122116089,49640,49650,10
13.0473098755,80.2122802734,49650,49660,10
13.0463600159,80.212310791,49660,49670,10
13.0452899933,80.2123565674,49670,49680,10
13.0446796417,80.2124023438,49680,49691,11
13.0444898605,80.2124176025,49691,49751,60
13.0443296432,80.212348938,49751,49771,20
13.0443296432,80.212348938,49771,49781,10
13.0441398621,80.212348938,49781,49790,9
13.043680191,80.212348938,49790,49802,12
13.0427103043,80.2123336792,49802,49812,10
13.0417003632,80.2123565674,49812,49822,10
13.0404396057,80.2123413086,49822,49832,10
13.0391101837,80.2123565674,49832,49842,10
13.0379400253,80.2123565674,49842,49852,10
13.0374403,80.2123031616,49852,49923,71
13.0374403,80.2123031616,49923,49933,10
13.0370502472,80.2122497559,49933,49943,10
13.0364103317,80.2122879028,49943,49953,10
13.0355300903,80.212310791,49953,49963,10
13.0349397659,80.2122116089,49963,49973,10
13.0348596573,80.2122116089,49973,49983,10
13.0340995789,80.2121200562,49983,50003,20
13.0340995789,80.2121200562,50003,50013,10
13.033829689,80.212059021,50013,50024,11
13.0335903168,80.2119903564,50024,50034,10
13.0332803726,80.2119293213,50034,50044,10
13.0325899124,80.2118301392,50044,50054,10
13.0318698883,80.2116317749,50054,50064,10
13.0319595337,80.2109222412,50064,50074,10
13.0320501328,80.2101821899,50074,50084,10
13.0319900513,80.2096633911,50084,50094,10
13.0314102173,80.2094802856,50094,50104,10
13.0306301117,80.2092666626,50104,50114,10
13.0300998688,80.2090988159,50114,50124,10
13.0296096802,80.2089614868,50124,50135,11
13.0295600891,80.2089385986,50135,50145,10
13.0293102264,80.2088470459,50145,50155,10
13.0286397934,80.208656311,50155,50165,10
13.0277700424,80.208366394,50165,50175,10
13.026889801,80.2078704834,50175,50185,10
13.0260000229,80.207321167,50185,50195,10
13.0250501633,80.2070465088,50195,50205,10
13.0241804123,80.206817627,50205,50215,10
13.0233001709,80.2066116333,50215,50225,10
13.0222702026,80.2064437866,50225,50235,10
13.0212402344,80.206413269,50235,50246,11
13.0199403763,80.2063827515,50246,50256,10
13.0191497803,80.2063064575,50256,50266,10
13.0190296173,80.2062835693,50266,50276,10
13.0186595917,80.2061386108,50276,50286,10
13.0179195404,80.2059020996,50286,50296,10
13.0172100067,80.2056121826,50296,50306,10
13.0166597366,80.205329895,50306,50316,10
13.0157804489,80.2051010132,50316,50326,10
13.0148601532,80.2047576904,50326,50336,10
13.0139503479,80.2044296265,50336,50346,10
13.0135698318,80.2045593262,50346,50357,11
13.0133199692,80.2052764893,50357,50367,10
13.0130596161,80.2061691284,50367,50377,10
13.0129899979,80.2070236206,50377,50387,10
13.0128803253,80.2078094482,50387,50397,10
13.0128698349,80.208442688,50397,50407,10
13.0128803253,80.2087936401,50407,50417,10
13.0131597519,80.2096176147,50417,50427,10
13.0130901337,80.2104568481,50427,50437,10
13.0127401352,80.21144104,50437,50447,10
13.0122404099,80.2123184204,50447,50457,10
13.011879921,80.2127685547,50457,50468,11
13.0115404129,80.2125930786,50468,50478,10
13.0109996796,80.2121887207,50478,50488,10
13.0103902817,80.2117233276,50488,50498,10
13.0097904205,80.2112503052,50498,50508,10
13.00963974,80.2111282349,50508,50518,10
13.0094203949,80.2109832764,50518,50548,30
13.0094203949,80.2109832764,50548,50558,10
13.0092697144,80.2110214233,50558,50567,9
13.0091896057,80.2111816406,50567,50579,12
13.0090398788,80.2115020752,50579,50589,10
13.0090799332,80.2118682861,50589,50599,10
13.0092601776,80.2124710083,50599,50609,10
13.0094900131,80.2131118774,50609,50619,10
13.0097799301,80.2137527466,50619,50629,10
13.0100603104,80.2144699097,50629,50639,10
13.0101804733,80.2152709961,50639,50649,10
13.0104198456,80.2161407471,50649,50659,10
13.0108804703,80.217086792,50659,50669,10
13.0112800598,80.2181015015,50669,50679,10
13.0116996765,80.2192382813,50679,50690,11
13.0121202469,80.2206420898,50690,50700,10
13.0123796463,80.2215194702,50700,50710,10
13.0128002167,80.22215271,50710,50720,10
13.0134401321,80.2228164673,50720,50730,10
13.0140695572,80.2235031128,50730,50740,10
13.0145597458,80.2239532471,50740,50750,10
13.0152101517,80.224822998,50750,50760,10
13.0153598785,80.2254180908,50760,50770,10
13.015130043,80.2258224487,50770,50780,10
13.0145797729,80.22605896,50780,50790,10
13.0138196945,80.2263565063,50790,50801,11
13.0127897263,80.2267837524,50801,50811,10
13.0116996765,80.2272262573,50811,50821,10
13.0104598999,80.2277297974,50821,50831,10
13.0095500946,80.2279129028,50831,50841,10
13.0095300674,80.2275009155,50841,50851,10
13.0097904205,80.2269973755,50851,50861,10
13.0101299286,80.2262115479,50861,50871,10
13.0105199814,80.2252426147,50871,50881,10
13.0109701157,80.2242202759,50881,50891,10
13.0112304688,80.2235336304,50891,50901,10
13.0113201141,80.2231903076,50901,50912,11
13.0107603073,80.2228775024,50912,50922,10
13.010020256,80.2225189209,50922,50932,10
13.0091896057,80.222076416,50932,50942,10
13.0084495544,80.2216796875,50942,50952,10
13.0076704025,80.2212982178,50952,50962,10
13.0068397522,80.2208328247,50962,50972,10
13.0058803558,80.2205429077,50972,50982,10
13.004989624,80.2203369141,50982,50992,10
13.004119873,80.220123291,50992,51002,10
13.0032596588,80.2199020386,51002,51012,10
13.0023298264,80.2193603516,51012,51023,11
13.0015296936,80.2185897827,51023,51033,10
13.0006999969,80.2180099487,51033,51043,10
12.9997797012,80.2174606323,51043,51053,10
12.9988203049,80.2169418335,51053,51063,10
12.9977903366,80.216583252,51063,51073,10
12.9973602295,80.2165222168,51073,51083,10
12.9971399307,80.2164993286,51083,51093,10
12.9966001511,80.2165527344,51093,51103,10
12.9960298538,80.2166671753,51103,51123,20
12.9960298538,80.2166671753,51123,51134,11
12.9956598282,80.216758728,51134,51144,10
12.9954204559,80.2168731689,51144,51154,10
12.9952201843,80.2169799805,51154,51164,10
12.9950199127,80.2170791626,51164,51174,10
12.9948196411,80.2171783447,51174,51184,10
12.9944295883,80.2174911499,51184,51194,10
12.9939804077,80.2178268433,51194,51204,10
12.993470192,80.2181472778,51204,51214,10
12.9928398132,80.2186126709,51214,51224,10
12.9920501709,80.2192001343,51224,51234,10
12.9914302826,80.2196426392,51234,51245,11
12.9910097122,80.2194595337,51245,51255,10
12.9909496307,80.2194137573,51255,51265,10
12.990480423,80.2192230225,51265,51275,10
12.9897298813,80.2189712524,51275,51285,10
12.9887800217,80.2186279297,51285,51295,10
12.9879102707,80.2184295654,51295,51305,10
12.9873199463,80.2183380127,51305,51315,10
12.9872398376,80.2183303833,51315,51325,10
12.9869003296,80.2182388306,51325,51335,10
12.9863395691,80.2180862427,51335,51345,10
12.9856395721,80.2179107666,51345,51356,11
12.9847898483,80.2178726196,51356,51366,10
12.9841995239,80.2179107666,51366,51376,10
12.9840402603,80.2179031372,51376,51386,10
12.9837903976,80.217918396,51386,51396,10
12.9831600189,80.217918396,51396,51406,10
12.9822597504,80.217918396,51406,51416,10
12.9812202454,80.2180633545,51416,51426,10
12.9802799225,80.2183837891,51426,51436,10
12.9796600342,80.2186584473,51436,51446,10
12.9789199829,80.218963623,51446,51455,9
12.978509903,80.2191619873,51455,51467,12
12.9776697159,80.2194976807,51467,51477,10
12.9767503738,80.2198791504,51477,51487,10
12.9759502411,80.2202301025,51487,51497,10
12.9755001068,80.2205200195,51497,51507,10
12.9756002426,80.2208480835,51507,51689,182
12.9756298065,80.2209777832,51689,51759,70
12.9756298065,80.2209777832,51759,51769,10
12.9758300781,80.2211914063,51769,51779,10
12.9759998322,80.2212371826,51779,51788,9
12.9762296677,80.2212524414,51788,51800,12
12.9766902924,80.2212371826,51800,51810,10
12.9771299362,80.2212371826,51810,51820,10
12.9775600433,80.221206665,51820,51830,10
12.9780502319,80.2211914063,51830,51840,10
12.9786396027,80.2211837769,51840,51850,10
12.9792804718,80.2211380005,51850,51860,10
12.9799604416,80.2211074829,51860,51870,10
12.9806098938,80.2210388184,51870,51880,10
12.9812602997,80.2211227417,51880,51890,10
12.9818096161,80.2213973999,51890,51900,10
12.9823799133,80.2217330933,51900,51911,11
12.9829702377,80.2220077515,51911,51921,10
12.9834499359,80.2223205566,51921,51931,10
12.9841003418,80.2227478027,51931,51941,10
12.9847602844,80.2231292725,51941,51951,10
12.9853200912,80.2232666016,51951,51961,10
12.9856700897,80.2230300903,51961,51971,10
12.9862203598,80.2229995728,51971,51981,10
12.9867897034,80.2230224609,51981,51991,10
12.9873695374,80.2230606079,51991,52001,10
12.9879903793,80.2228088379,52001,52010,9
12.9885597229,80.2223892212,52010,52022,12
12.9892597198,80.2215881348,52022,52032,10
12.9898099899,80.2208099365,52032,52042,10
12.9905900955,80.2202529907,52042,52052,10
12.9908800125,80.2200317383,52052,52062,10
12.9910497665,80.2199401855,52062,52072,10
12.9912900925,80.2197723389,52072,52082,10
12.9916095734,80.2195205688,52082,52092,10
12.9921598434,80.2191162109,52092,52102,10
12.9928302765,80.2186203003,52102,52112,10
12.9934301376,80.2181625366,52112,52122,10
12.9939403534,80.2177734375,52122,52133,11
12.9945001602,80.217376709,52133,52143,10
12.995059967,80.2169876099,52143,52153,10
12.9957199097,80.2166824341,52153,52163,10
12.9964895248,80.2165603638,52163,52173,10
12.9971399307,80.2164306641,52173,52183,10
12.9973897934,80.2162322998,52183,52193,10
12.9976797104,80.2159576416,52193,52203,10
12.9981403351,80.2154998779,52203,52213,10
12.9986801147,80.2150421143,52213,52223,10
12.9990997314,80.2147369385,52223,52233,10
12.9995298386,80.2144165039,52233,52244,11
13.0000400543,80.2139663696,52244,52254,10
13.0005502701,80.2135162354,52254,52264,10
13.0010595322,80.2130126953,52264,52274,10
13.0017700195,80.2125015259,52274,52284,10
13.0023498535,80.2121582031,52284,52294,10
13.0028495789,80.212059021,52294,52304,10
13.0032396317,80.2120285034,52304,52314,10
13.0037002563,80.2118606567,52314,52324,10
13.0036802292,80.2111968994,52324,52334,10
13.0035800934,80.2103424072,52334,52343,9
13.0035104752,80.209602356,52343,52355,12
13.003780365,80.208656311,52355,52365,10
13.0045700073,80.2088775635,52365,52375,10
13.0054702759,80.2092590332,52375,52385,10
13.0061998367,80.2095336914,52385,52395,10
13.0068397522,80.2097625732,52395,52405,10
13.0074501038,80.2098617554,52405,52415,10
13.0080099106,80.2099533081,52415,52425,10
13.0081596375,80.2097930908,52425,52435,10
13.0080299377,80.2092895508,52435,52445,10
13.0079402924,80.2085876465,52445,52455,10
13.007809639,80.2077789307,52455,52466,11
13.0076599121,80.2069396973,52466,52476,10
13.0075597763,80.2062225342,52476,52486,10
13.0073699951,80.2054977417,52486,52496,10
13.0071001053,80.2048187256,52496,52506,10
13.0067996979,80.2042007446,52506,52516,10
13.0063800812,80.2035522461,52516,52526,10
13.0058898926,80.2028579712,52526,52536,10
13.0055599213,80.2021484375,52536,52546,10
13.004989624,80.2015304565,52546,52556,10
13.0042695999,80.2011413574,52556,52565,9
13.0035495758,80.2009277344,52565,52577,12
13.0027303696,80.2006912231,52577,52587,10
13.0020999908,80.2003173828,52587,52597,10
13.0019302368,80.2000808716,52597,52607,10
13.0018796921,80.1999969482,52607,52617,10
13.0017900467,80.1998214722,52617,52627,10
13.0017204285,80.1996383667,52627,52637,10
13.0016899109,80.19947052,52637,52647,10
13.0016899109,80.1993026733,52647,52657,10
13.0017204285,80.1989517212,52657,52667,10
13.001830101,80.1983108521,52667,52676,9
13.0019197464,80.1975097656,52676,52688,12
13.0015602112,80.1963577271,52688,52698,10
13.0009202957,80.1955032349,52698,52708,10
13.0001401901,80.194480896,52708,52718,10
12.9993200302,80.1934432983,52718,52728,10
12.9985198975,80.1924819946,52728,52738,10
12.998000145,80.1924972534,52738,52748,10
12.9973402023,80.1930465698,52748,52758,10
12.9969501495,80.1933135986,52758,52768,10
12.9966897964,80.1933364868,52768,52788,20
12.9966897964,80.1933364868,52788,52799,11
12.9967298508,80.1930770874,52799,52809,10
12.9966096878,80.1925430298,52809,52819,10
12.9964399338,80.1918029785,52819,52829,10
12.9963903427,80.1914978027,52829,52839,10
12.9964399338,80.1913833618,52839,52859,20
12.9964399338,80.1913833618,52859,52869,10
12.9967002869,80.1912002563,52869,52879,10
12.9968395233,80.1908416748,52879,53041,162
12.9968395233,80.1908416748,53041,53051,10
12.9970798492,80.1908569336,53051,53061,10
12.9969797134,80.191116333,53061,53182,121
12.9969797134,80.191116333,53182,53192,10
12.9967603683,80.1912536621,53192,53202,10
12.9965600967,80.1913223267,53202,53243,41
12.9965600967,80.1913223267,53243,53253,10
12.9962997437,80.1912612915,53253,53263,10
12.9961795807,80.1908569336,53263,53273,10
12.9960403442,80.1903686523,53273,53283,10
12.9958896637,80.1896820068,53283,53293,10
12.9959697723,80.1893081665,53293,53303,10
12.9962902069,80.1894683838,53303,53313,10
12.9967098236,80.189956665,53313,53323,10
12.9972000122,80.1905517578,53323,53333,10
12.997710228,80.1911773682,53333,53343,10
12.9982595444,80.1918563843,53343,53354,11
12.9988698959,80.1926269531,53354,53364,10
12.9993696213,80.193321228,53364,53374,10
12.9999799728,80.1940994263,53374,53384,10
13.0006103516,80.1948623657,53384,53394,10
13.0013303757,80.1957015991,53394,53404,10
13.001999855,80.1966629028,53404,53414,10
13.0020303726,80.1978683472,53414,53424,10
13.0018196106,80.1989898682,53424,53434,10
13.0019302368,80.1999511719,53434,53444,10
13.0026502609,80.200592041,53444,53454,10
13.003660202,80.2007904053,53454,53475,21
13.003660202,80.2007904053,53475,53485,10
13.0039701462,80.2009124756,53485,53495,10
13.0045700073,80.2011489868,53495,53505,10
13.005279541,80.2015609741,53505,53515,10
13.0058803558,80.2023391724,53515,53525,10
13.0064296722,80.2031173706,53525,53535,10
13.0072002411,80.2035980225,53535,53545,10
13.0081796646,80.2037200928,53545,53555,10
13.0092897415,80.2036437988,53555,53565,10
13.0104799271,80.2036132813,53565,53576,11
13.011879921,80.2037277222,53576,53586,10
13.0130195618,80.203956604,53586,53596,10
13.0138998032,80.2042694092,53596,53606,10
13.0148696899,80.2045974731,53606,53616,10
13.015540123,80.2050018311,53616,53626,10
13.0158500671,80.2051620483,53626,53636,10
13.0158901215,80.2051696777,53636,53646,10
13.0170097351,80.2056427002,53646,53656,10
13.0177698135,80.2058334351,53656,53666,10
13.0184803009,80.2059783936,53666,53676,10
13.0192899704,80.2061767578,53676,53687,11
13.0202798843,80.2062988281,53687,53697,10
13.0214195251,80.2063293457,53697,53707,10
13.0223798752,80.2064437866,53707,53717,10
13.0234098434,80.2066192627,53717,53727,10
13.0239896774,80.2066574097,53727,53737,10
13.0246801376,80.2068710327,53737,53747,10
13.0256004333,80.2070770264,53747,53757,10
13.0264797211,80.2075424194,53757,53767,10
13.0273399353,80.2080535889,53767,53777,10
13.0282897949,80.2085037231,53777,53787,10
13.0292797089,80.2087631226,53787,53798,11
13.0296697617,80.2089080811,53798,53808,10
13.0300598145,80.2089996338,53808,53818,10
13.0304899216,80.2091522217,53818,53828,10
13.0312204361,80.2093582153,53828,53838,10
13.0313301086,80.2093734741,53838,53848,10
13.0316200256,80.2094268799,53848,53858,10
13.0323600769,80.2095794678,53858,53868,10
13.0332803726,80.2097091675,53868,53878,10
13.0343103409,80.2098922729,53878,53888,10
13.0349397659,80.2100524902,53888,53898,10
13.0350599289,80.210357666,53898,53909,11
13.0349903107,80.2110900879,53909,53929,20
13.0349903107,80.2110900879,53929,53939,10
13.0348997116,80.2114868164,53939,53949,10
13.0348901749,80.2120513916,53949,53959,10
13.0355396271,80.2122573853,53959,53969,10
13.0363798141,80.2123031616,53969,53979,10
13.0373401642,80.2122879028,53979,53989,10
13.0383796692,80.2122802734,53989,53999,10
13.0394096375,80.212272644,53999,54008,9
13.0401201248,80.2122802734,54008,54020,12
13.0413599014,80.2123184204,54020,54029,9
13.0426397324,80.2123184204,54029,54040,11
13.0438098907,80.2122573853,54040,54050,10
13.0444803238,80.2122802734,54050,54060,10
13.0448598862,80.2122573853,54060,54070,10
13.0453796387,80.2122802734,54070,54080,10
13.0462703705,80.212310791,54080,54090,10
13.0472898483,80.2122497559,54090,54100,10
13.0481796265,80.2121200562,54100,54110,10
13.0482902527,80.2121124268,54110,54119,9
13.0485401154,80.2120819092,54119,54131,12
13.049079895,80.2119903564,54131,54141,10
13.0494098663,80.2119827271,54141,54151,10
13.0497198105,80.2119369507,54151,54161,10
13.0497303009,80.2119369507,54161,54171,10
13.0502500534,80.2119369507,54171,54179,8
13.0547399521,80.2114105225,54179,54250,71
13.0547399521,80.2114105225,54250,54271,21
13.0562400818,80.21144104,54271,54281,10
13.057100296,80.21144104,54281,54291,10
13.057559967,80.2114105225,54291,54301,10
13.0578603745,80.2114105225,54301,54311,10
13.0585603714,80.2114334106,54311,54321,10
13.0593900681,80.2115020752,54321,54331,10
13.0602903366,80.2115478516,54331,54341,10
13.0614795685,80.2116622925,54341,54352,11
13.0624599457,80.2116317749,54352,54362,10
13.0633001328,80.2115478516,54362,54372,10
13.0633602142,80.2115402222,54372,54382,10
13.0635595322,80.2115325928,54382,54392,10
13.0639200211,80.2115020752,54392,54402,10
13.0644903183,80.2113876343,54402,54412,10
13.0651798248,80.2110366821,54412,54422,10
13.0659103394,80.2104797363,54422,54432,10
13.0666704178,80.2098083496,54432,54442,10
13.067150116,80.2091674805,54442,54452,10
13.0672397614,80.208946228,54452,54463,11
13.0674495697,80.2085876465,54463,54473,10
13.0676898956,80.2081985474,54473,54483,10
13.068110466,80.2075195313,54483,54493,10
13.0686397552,80.2066879272,54493,54503,10
13.0691699982,80.2059020996,54503,54513,10
13.0694599152,80.2053985596,54513,54523,10
13.0696401596,80.2050933838,54523,54533,10
13.0695104599,80.2048034668,54533,54543,10
13.0692195892,80.2050628662,54543,54553,10
13.0689001083,80.2053070068,54553,54562,9
13.0687599182,80.2049789429,54562,54584,22
13.0687599182,80.2049789429,54584,54594,10
13.0687904358,80.2048721313,54594,54604,10
13.0690202713,80.2047195435,54604,54614,10
13.0693597794,80.2047576904,54614,54624,10
13.0697097778,80.2048568726,54624,54634,10
13.0700702667,80.2045516968,54634,54644,10
13.0706596375,80.2037963867,54644,54654,10
13.0713396072,80.2030029297,54654,54664,10
13.0717000961,80.2024765015,54664,54674,10
13.0718097687,80.2023773193,54674,54725,51
13.0718097687,80.2023773193,54725,54735,10
13.0719203949,80.2022094727,54735,54745,10
13.07213974,80.2020263672,54745,54755,10
13.0724096298,80.2017364502,54755,54765,10
13.0727701187,80.2013015747,54765,54775,10
13.0731897354,80.2008285522,54775,54785,10
13.0734996796,80.2004776001,54785,54796,11
13.0739603043,80.1999435425,54796,54806,10
13.0741996765,80.1996765137,54806,54816,10
13.0742902756,80.1996383667,54816,54826,10
13.0745801926,80.1993103027,54826,54836,10
13.0752496719,80.1990814209,54836,54846,10
13.0761203766,80.1990509033,54846,54856,10
13.0771903992,80.1989593506,54856,54866,10
13.0783395767,80.1988220215,54866,54876,10
13.0793399811,80.1987228394,54876,54886,10
13.0803003311,80.1986312866,54886,54896,10
13.0813302994,80.1985397339,54896,54907,11
13.0823097229,80.1984710693,54907,54917,10
13.0826997757,80.1984405518,54917,54927,10
13.0832595825,80.1984176636,54927,54937,10
13.0836400986,80.1984176636,54937,54947,10
13.0839595795,80.1984405518,54947,54957,10
13.0843095779,80.1984710693,54957,54967,10
13.084859848,80.1984786987,54967,54977,10
13.0851697922,80.1984329224,54977,54987,10
13.0855197906,80.1983413696,54987,54997,10
13.0860595703,80.1983184814,54997,55007,10
13.0867004395,80.1983566284,55007,55018,11
13.0870199203,80.1980895996,55018,55028,10
13.0870504379,80.1980667114,55028,55038,10
13.0871601105,80.1976394653,55038,55048,10
13.0871896744,80.1968612671,55048,55058,10
13.0871896744,80.1961135864,55058,55068,10
13.0872297287,80.1951599121,55068,55078,10
13.0872402191,80.1940765381,55078,55088,10
13.0872297287,80.1931686401,55088,55098,10
13.0872402191,80.192817688,55098,55108,10
13.0873203278,80.1923370361,55108,55118,10
13.0874300003,80.1917037964,55118,55129,11
13.0875597,80.1906814575,55129,55139,10
13.087679863,80.1895904541,55139,55149,10
13.0877103806,80.1890411377,55149,55159,10
13.0877504349,80.188873291,55159,55169,10
13.0877504349,80.1884765625,55169,55179,10
13.0877504349,80.1883926392,55179,55189,10
13.0877504349,80.1882019043,55189,55199,10
13.0878095627,80.1876373291,55199,55209,10
13.0878400803,80.1867523193,55209,55219,10
13.0878696442,80.1856689453,55219,55229,10
13.0879297256,80.1846618652,55229,55240,11
13.0879602432,80.1834716797,55240,55250,10
13.0879898071,80.1824035645,55250,55260,10
13.0880699158,80.1815032959,55260,55270,10
13.0880899429,80.1803665161,55270,55280,10
13.0881004333,80.1792678833,55280,55290,10
13.0881004333,80.1789703369,55290,55300,10
13.0881299973,80.1785964966,55300,55310,10
13.0881595612,80.1778182983,55310,55320,10
13.0881795883,80.1769332886,55320,55330,10
13.0882701874,80.1758880615,55330,55340,10
13.0883302689,80.1747894287,55340,55351,11
13.0884199142,80.1736526489,55351,55361,10
13.0885000229,80.1725769043,55361,55371,10
13.0885601044,80.1715621948,55371,55381,10
13.088640213,80.1705322266,55381,55391,10
13.0886697769,80.1697998047,55391,55401,10
13.08893013,80.1694793701,55401,55411,10
13.0896196365,80.1695480347,55411,55421,10
13.090470314,80.1696014404,55421,55431,10
13.0914001465,80.1696472168,55431,55441,10
13.0923900604,80.1697006226,55441,55451,10
13.0933904648,80.1697463989,55451,55462,11
13.0943698883,80.1697692871,55462,55472,10
13.0947904587,80.1697921753,55472,55482,10
13.0951299667,80.1698379517,55482,55492,10
13.0958204269,80.1698913574,55492,55502,10
13.0967302322,80.1699371338,55502,55512,10
13.0976696014,80.1699981689,55512,55522,10
13.0985298157,80.1700515747,55522,55532,10
13.0995903015,80.1699981689,55532,55552,20
13.0995903015,80.1699981689,55552,55562,10
13.0996799469,80.1698989868,55562,55573,11
13.0996904373,80.169708252,55573,55583,10
13.0993900299,80.1697311401,55583,55845,262
13.0993299484,80.1698913574,55845,56834,989
13.0995197296,80.1699829102,56834,56874,40
13.0995197296,80.1699829102,56874,56884,10
13.0993204117,80.1701889038,56884,56894,10
13.0991296768,80.1702270508,56894,56904,10
13.0985403061,80.1701965332,56904,56915,11
13.0976896286,80.1701507568,56915,56925,10
13.0967798233,80.1700820923,56925,56935,10
13.0958499908,80.1700210571,56935,56945,10
13.0950603485,80.1699676514,56945,56955,10
13.0945997238,80.1699066162,56955,56965,10
13.0944004059,80.1698913574,56965,56975,10
13.0938796997,80.1698608398,56975,56985,10
13.0931196213,80.1698379517,56985,56995,10
13.092209816,80.1697998047,56995,57005,10
13.0912599564,80.1697235107,57005,57015,10
13.090259552,80.1696624756,57015,57026,11
13.0891199112,80.169593811,57026,57036,10
13.0886201859,80.1697387695,57036,57046,10
13.0885801315,80.1704025269,57046,57056,10
13.0885696411,80.1712722778,57056,57066,10
13.08852005,80.1717987061,57066,57076,10
13.0885000229,80.1720733643,57076,57086,10
13.0884504318,80.1726913452,57086,57096,10
13.0883903503,80.1735534668,57096,57106,10
13.088350296,80.1744689941,57106,57115,9
13.0883197784,80.1752090454,57115,57126,11
13.088259697,80.1762466431,57126,57137,11
13.0881996155,80.1773376465,57137,57147,10
13.0882101059,80.178352356,57147,57157,10
13.0882196426,80.1786422729,57157,57167,10
13.0882101059,80.1788330078,57167,57177,10
13.0881700516,80.1793289185,57177,57187,10
13.0881299973,80.1799926758,57187,57197,10
13.0881004333,80.1810073853,57197,57207,10
13.0880804062,80.1820983887,57207,57217,10
13.0880203247,80.183052063,57217,57227,10
13.08796978,80.1841583252,57227,57238,11
13.0879602432,80.185256958,57238,57248,10
13.0879201889,80.1862182617,57248,57258,10
13.0878801346,80.187210083,57258,57268,10
13.087849617,80.1879730225,57268,57278,10
13.0878295898,80.1886520386,57278,57288,10
13.0877504349,80.1898269653,57288,57308,20
13.0877504349,80.1898269653,57308,57318,10
13.0877199173,80.1899185181,57318,57328,10
13.0876197815,80.1904830933,57328,57338,10
13.0875196457,80.1912994385,57338,57348,10
13.0873804092,80.1925964355,57348,57379,31
13.0873804092,80.1925964355,57379,57389,10
13.0873298645,80.1927566528,57389,57399,10
13.0873203278,80.1930999756,57399,57409,10
13.0873003006,80.1937789917,57409,57419,10
13.0872602463,80.1945800781,57419,57429,10
13.0872602463,80.1953964233,57429,57439,10
13.0872402191,80.1962814331,57439,57449,10
13.0872297287,80.1972885132,57449,57459,10
13.087220192,80.197769165,57459,57470,11
13.0872001648,80.1979064941,57470,57480,10
13.0872898102,80.1983032227,57480,57490,10
13.0876502991,80.1984024048,57490,57500,10
13.088350296,80.1984024048,57500,57510,10
13.0891199112,80.1984329224,57510,57520,10
13.0897197723,80.1984786987,57520,57530,10
13.0905103683,80.1985626221,57530,57540,10
13.0912904739,80.198600769,57540,57550,10
13.0921001434,80.1986465454,57550,57560,10
13.0929498672,80.1987304688,57560,57569,9
13.0930204391,80.1989593506,57569,57581,12
13.0929899216,80.1990814209,57581,57591,10
13.0929403305,80.1996002197,57591,57601,10
13.0928897858,80.2002792358,57601,57611,10
13.0926799774,80.2006072998,57611,57621,10
13.0920600891,80.200592041,57621,57631,10
13.0913000107,80.2005767822,57631,57641,10
13.0904998779,80.2005462646,57641,57651,10
13.089799881,80.2005004883,57651,57661,10
13.0890102386,80.2004776001,57661,57671,10
13.0881004333,80.2004623413,57671,57682,11
13.0872602463,80.2004699707,57682,57692,10
13.0871095657,80.2004623413,57692,57702,10
13.0867795944,80.2004394531,57702,57712,10
13.0860900879,80.200378418,57712,57722,10
13.0854597092,80.2003479004,57722,57732,10
13.0852804184,80.2002182007,57732,57742,10
13.0853300095,80.1998062134,57742,57752,10
13.0853204727,80.1991119385,57752,57762,10
13.0851297379,80.1987380981,57762,57772,10
13.0846204758,80.1987304688,57772,57782,10
13.0841903687,80.1986923218,57782,57793,11
13.08411026,80.198677063,57793,57803,10
13.0837097168,80.198677063,57803,57813,10
13.0830898285,80.1986923218,57813,57873,60
13.0830898285,80.1986923218,57873,57883,10
13.0827302933,80.198677063,57883,57893,10
13.0821304321,80.1986694336,57893,57902,9
13.081580162,80.1986618042,57902,57914,12
13.0807504654,80.1986694336,57914,57924,10
13.0798997879,80.1987380981,57924,57934,10
13.0789003372,80.1988220215,57934,57944,10
13.0780897141,80.1989212036,57944,57954,10
13.0771198273,80.1990432739,57954,57964,10
13.0761804581,80.1991500854,57964,57974,10
13.0751895905,80.1993331909,57974,57984,10
13.0743398666,80.1997680664,57984,57994,10
13.0737800598,80.2002868652,57994,58004,10
13.0733299255,80.200843811,58004,58013,9
13.0728397369,80.2014465332,58013,58025,12
13.0725402832,80.2018737793,58025,58035,10
13.0724897385,80.2019729614,58035,58045,10
13.0721597672,80.2022781372,58045,58055,10
13.0716695786,80.2028121948,58055,58065,10
13.071149826,80.2034378052,58065,58075,10
13.0705795288,80.2040863037,58075,58085,10
13.0700798035,80.2047424316,58085,58095,10
13.0699396133,80.2049865723,58095,58105,10
13.0696496964,80.2049331665,58105,58115,10
13.0693597794,80.2048873901,58115,58126,11
13.069149971,80.2052307129,58126,58136,10
13.0689401627,80.2054672241,58136,58146,10
13.0684499741,80.2054519653,58146,58156,10
13.0679302216,80.2052612305,58156,58196,40
13.0679302216,80.2052612305,58196,58206,10
13.0682601929,80.2050170898,58206,58216,10
13.068479538,80.2049407959,58216,58225,9
13.0686702728,80.2048416138,58225,58236,11
13.0686903,80.2048416138,58236,58247,11
13.0688896179,80.2048110962,58247,58257,10
13.069029808,80.2047805786,58257,58267,10
13.0691699982,80.2047729492,58267,58277,10
13.0694103241,80.2048187256,58277,58287,10
13.0696401596,80.2048416138,58287,58297,10
13.0696897507,80.2048721313,58297,58307,10
13.0698795319,80.2051773071,58307,58317,10
13.0696201324,80.2055664063,58317,58327,10
13.0692195892,80.2061920166,58327,58336,9
13.0687799454,80.2068405151,58336,58347,11
13.0682001114,80.2077713013,58347,58358,11
13.067609787,80.208732605,58358,58368,10
13.0671100616,80.2095336914,58368,58378,10
13.0664701462,80.2102203369,58378,58388,10
13.0657300949,80.2108535767,58388,58398,10
13.0651502609,80.2113571167,58398,58408,10
13.065079689,80.2113723755,58408,58418,10
13.0646295547,80.211517334,58418,58428,10
13.0639400482,80.211730957,58428,58438,10
13.0632801056,80.2117767334,58438,58448,10
13.0623998642,80.2117919922,58448,58459,11
13.0614900589,80.2117385864,58459,58469,10
13.0602998734,80.2117462158,58469,58479,10
13.0593395233,80.2117080688,58479,58489,10
13.0584201813,80.2116928101,58489,58499,10
13.0577201843,80.2117004395,58499,58509,10
13.0576095581,80.2116775513,58509,58519,10
13.057390213,80.2116775513,58519,58529,10
13.0567798615,80.2116699219,58529,58539,10
13.056019783,80.2116394043,58539,58549,10
13.0550603867,80.2116317749,58549,58559,10
13.0541095734,80.2117080688,58559,58570,11
13.0532197952,80.2119293213,58570,58580,10
13.0523395538,80.2121200562,58580,58590,10
13.0513801575,80.2122573853,58590,58600,10
13.0506296158,80.2122192383,58600,58610,10
13.0498800278,80.2121887207,58610,58620,10
13.0495996475,80.2122116089,58620,58630,10
13.049489975,80.2122192383,58630,58640,10
13.0492601395,80.2122192383,58640,58650,10
13.0486698151,80.2122421265,58650,58660,10
13.0478496552,80.212310791,58660,58670,10
13.0469398499,80.212387085,58670,58681,11
13.0458202362,80.2124328613,58681,58691,10
13.0445404053,80.2125015259,58691,58771,80
13.0445404053,80.2125015259,58771,58780,9
13.0443401337,80.2124786377,58780,58792,12
13.0436296463,80.2124786377,58792,58802,10
13.0428199768,80.2124633789,58802,58812,10
13.041970253,80.2124633789,58812,58822,10
13.0411500931,80.2124633789,58822,58832,10
13.0401496887,80.2124633789,58832,58842,10
13.039059639,80.2124633789,58842,58852,10
13.0376300812,80.2124481201,58852,58923,71
13.0376300812,80.2124481201,58923,58933,10
13.037320137,80.2124023438,58933,58943,10
13.0367002487,80.2123794556,58943,58953,10
13.0359601974,80.2123718262,58953,58963,10
13.0352497101,80.212348938,58963,58973,10
13.0349903107,80.212310791,58973,58983,10
13.0345897675,80.2122497559,58983,58993,10
13.0340995789,80.2121505737,58993,59014,21
13.0340995789,80.2121505737,59014,59024,10
13.0336303711,80.2120285034,59024,59034,10
13.0328998566,80.2118911743,59034,59044,10
13.0321502686,80.2117919922,59044,59054,10
13.0319499969,80.21144104,59054,59064,10
13.0320196152,80.2108917236,59064,59074,10
13.0320596695,80.2102279663,59074,59084,10
13.0320596695,80.2097015381,59084,59094,10
13.0316400528,80.2095718384,59094,59104,10
13.0309095383,80.2093811035,59104,59114,10
13.0304498672,80.2092437744,59114,59125,11
13.0297899246,80.2090682983,59125,59135,10
13.0296401978,80.2090301514,59135,59145,10
13.0294103622,80.2089080811,59145,59155,10
13.0288200378,80.2087478638,59155,59165,10
13.0280704498,80.2085113525,59165,59175,10
13.0273704529,80.2081832886,59175,59185,10
13.026720047,80.2077789307,59185,59195,10
13.0260000229,80.207359314,59195,59205,10
13.0251197815,80.20703125,59205,59215,10
13.0242500305,80.2068862915,59215,59225,10
13.0233602524,80.206741333,59225,59236,11
13.0223903656,80.2065429688,59236,59246,10
13.0214395523,80.206489563,59246,59256,10
13.0202903748,80.2064971924,59256,59266,10
13.0192804337,80.2064437866,59266,59276,10
13.0190601349,80.2063598633,59276,59286,10
13.0189304352,80.2062606812,59286,59295,9
13.0184497833,80.2061004639,59295,59306,11
13.0177202225,80.2058563232,59306,59316,10
13.0171003342,80.2055892944,59316,59326,10
13.0164403915,80.2052688599,59326,59336,10
13.0154304504,80.2050094604,59336,59347,11
13.0144300461,80.2046585083,59347,59357,10
13.0136804581,80.2044219971,59357,59367,10
13.0135402679,80.2046813965,59367,59377,10
13.0133800507,80.205116272,59377,59387,10
13.0131902695,80.2058334351,59387,59397,10
13.0130300522,80.2066726685,59397,59407,10
13.0129404068,80.2074584961,59407,59417,10
13.0128602982,80.2079315186,59417,59427,10
13.0128602982,80.208366394,59427,59437,10
13.0129003525,80.2088088989,59437,59447,10
13.0130796432,80.2093582153,59447,59458,11
13.0132303238,80.2099380493,59458,59468,10
13.0131797791,80.2104415894,59468,59478,10
13.012960434,80.2111206055,59478,59488,10
13.0125799179,80.2117919922,59488,59498,10
13.0121803284,80.2124404907,59498,59508,10
13.0118999481,80.212852478,59508,59518,10
13.011639595,80.2127532959,59518,59528,10
13.0111598969,80.212387085,59528,59538,10
13.0105600357,80.2119293213,59538,59548,10
13.0100297928,80.2114868164,59548,59558,10
13.0095500946,80.2111206055,59558,59579,21
13.0095500946,80.2111206055,59579,59589,10
13.0094604492,80.2110671997,59589,59599,10
13.0094203949,80.2110824585,59599,59609,10
13.0091896057,80.2113265991,59609,59619,10
13.009059906,80.2115478516,59619,59629,10
13.0090904236,80.211769104,59629,59639,10
13.0092496872,80.2122573853,59639,59649,10
13.0094804764,80.2129211426,59649,59659,10
13.0097398758,80.2135620117,59659,59669,10
13.0099897385,80.2142181396,59669,59680,11
13.0101995468,80.2150268555,59680,59690,10
13.0103197098,80.2158126831,59690,59700,10
13.0106496811,80.2165374756,59700,59710,10
13.0110301971,80.217338562,59710,59720,10
13.0113801956,80.2182388306,59720,59730,10
13.0117101669,80.2192306519,59730,59740,10
13.0120201111,80.2202529907,59740,59750,10
13.0122404099,80.2210235596,59750,59760,10
13.0123195648,80.2214202881,59760,59770,10
13.0126304626,80.2219696045,59770,59780,10
13.0131101608,80.2225036621,59780,59791,11
13.0136604309,80.2231292725,59791,59801,10
13.0140800476,80.2236633301,59801,59811,10
13.0144500732,80.2240829468,59811,59821,10
13.0150403976,80.2246780396,59821,59831,10
13.0154800415,80.2252883911,59831,59851,20
13.0154800415,80.2252883911,59851,59861,10
13.0153903961,80.225692749,59861,59871,10
13.0151596069,80.2258987427,59871,59881,10
13.0148000717,80.226020813,59881,59891,10
13.0143299103,80.2261962891,59891,59902,11
13.0137195587,80.2264480591,59902,59912,10
13.0130195618,80.2267227173,59912,59922,10
13.0122299194,80.2270431519,59922,59932,10
13.0113401413,80.2273788452,59932,59942,10
13.0103702545,80.2277603149,59942,59952,10
13.0095596313,80.2278900146,59952,59962,10
13.0095796585,80.2273483276,59962,59972,10
13.0099096298,80.2266235352,59972,59982,10
13.0102396011,80.2258834839,59982,59992,10
13.0106096268,80.2250289917,59992,60001,9
13.010890007,80.224281311,60001,60013,12
13.0112800598,80.2232971191,60013,60023,10
13.0108604431,80.2229309082,60023,60033,10
13.010219574,80.2226028442,60033,60043,10
13.0095701218,80.2222595215,60043,60053,10
13.0088996887,80.2219085693,60053,60063,10
13.0082302094,80.221572876,60063,60073,10
13.007399559,80.2211303711,60073,60083,10
13.0066699982,80.2207183838,60083,60093,10
13.0057296753,80.2204971313,60093,60103,10
13.0047397614,80.2202911377,60103,60113,10
13.0038204193,80.2200927734,60113,60124,11
13.0029201508,80.219871521,60124,60134,10
13.0022602081,80.2193527222,60134,60144,10
13.0017299652,80.2187805176,60144,60154,10
13.0010499954,80.21824646,60154,60164,10
13.0003700256,80.2177963257,60164,60174,10
12.9996204376,80.2173461914,60174,60184,10
12.9988298416,80.2169265747,60184,60194,10
12.9979400635,80.2165985107,60194,60204,10
12.9973201752,80.2165222168,60204,60214,10
12.9971599579,80.2165222168,60214,60224,10
12.9965896606,80.2165603638,60224,60235,11
12.9958400726,80.2167434692,60235,60245,10
12.9953699112,80.2168807983,60245,60255,10
12.9951295853,80.2170028687,60255,60265,10
12.9948997498,80.2171630859,60265,60275,10
12.9945602417,80.217376709,60275,60285,10
12.9943399429,80.2175521851,60285,60295,10
12.994099617,80.2177581787,60295,60305,10
12.9937000275,80.2180404663,60305,60315,10
12.9931001663,80.218460083,60315,60325,10
12.9924602509,80.2189102173,60325,60335,10
12.9918203354,80.2193908691,60335,60346,11
12.9912004471,80.219543457,60346,60356,10
12.9910402298,80.2194671631,60356,60366,10
12.9906301498,80.2193069458,60366,60376,10
12.9899301529,80.219078064,60376,60386,10
12.9890804291,80.2187805176,60386,60396,10
12.9881896973,80.2185211182,60396,60406,10
12.9873800278,80.2183609009,60406,60416,10
12.9865198135,80.2181625366,60416,60426,10
12.9855003357,80.2179412842,60426,60436,10
12.9840602875,80.2179794312,60436,60457,21
12.9840602875,80.2179794312,60457,60467,10
12.9836997986,80.2179794312,60467,60477,10
12.9830703735,80.217956543,60477,60487,10
12.9822797775,80.217956543,60487,60497,10
12.9814100266,80.2180633545,60497,60507,10
12.9805297852,80.2183609009,60507,60517,10
12.9799003601,80.2185974121,60517,60527,10
12.9792299271,80.2188720703,60527,60537,10
12.9786701202,80.2191085815,60537,60547,10
12.9780502319,80.2193527222,60547,60558,11
12.9770402908,80.2197799683,60558,60568,10
12.9760704041,80.220199585,60568,60578,10
12.9756402969,80.2203903198,60578,60618,40
12.9756402969,80.2203903198,60618,60628,10
12.9755401611,80.2204437256,60628,60638,10
12.9754896164,80.2207565308,60638,60648,10
12.9756698608,80.2208328247,60648,60658,10
12.9759101868,80.2210006714,60658,60870,212
12.9761199951,80.2211608887,60870,61486,616
12.9760398865,80.2211914063,61486,61526,40
12.9761600494,80.2212982178,61526,61607,81
12.9761600494,80.2212982178,61607,61617,10
12.9765396118,80.221282959,61617,61637,20
12.9765396118,80.221282959,61637,61647,10
12.9772596359,80.2212905884,61647,61657,10
12.9778404236,80.2212905884,61657,61668,11
12.9784002304,80.2212600708,61668,61678,10
12.9791002274,80.2211608887,61678,61688,10
12.979809761,80.2211074829,61688,61698,10
12.9804401398,80.2210388184,61698,61708,10
12.9809999466,80.2210769653,61708,61718,10
12.9816398621,80.2213287354,61718,61728,10
12.982049942,80.2216110229,61728,61738,10
12.9823904037,80.2217636108,61738,61748,10
12.9828500748,80.2219085693,61748,61758,10
12.9829597473,80.2219772339,61758,61767,9
12.9830503464,80.2220306396,61767,61779,12
12.9834098816,80.2222595215,61779,61789,10
12.9836797714,80.2224273682,61789,61799,10
12.9841604233,80.2226867676,61799,61809,10
12.9847202301,80.2230529785,61809,61819,10
12.9852800369,80.2232818604,61819,61829,10
12.9856500626,80.2231063843,61829,61839,10
12.9861698151,80.2229919434,61839,61849,10
12.9864997864,80.2230224609,61849,61859,10
12.9867801666,80.2230606079,61859,61869,10
12.9872503281,80.2231216431,61869,61879,10
12.9877300262,80.2230606079,61879,61890,11
12.9883098602,80.2226715088,61890,61900,10
12.9889097214,80.2221069336,61900,61910,10
12.9894304276,80.2214813232,61910,61920,10
12.9899597168,80.2208709717,61920,61930,10
12.9905004501,80.2203292847,61930,61940,10
12.9909200668,80.2199935913,61940,61950,10
12.9914302826,80.2196121216,61950,61960,10
12.9919300079,80.2192611694,61960,61970,10
12.9923696518,80.2189178467,61970,61980,10
12.992939949,80.2185287476,61980,61990,10
12.9935998917,80.2180633545,61990,62001,11
12.9941596985,80.2176589966,62001,62011,10
12.9946403503,80.2173080444,62011,62021,10
12.9948196411,80.2171783447,62021,62031,10
12.9949598312,80.2170791626,62031,62041,10
12.9954004288,80.2168579102,62041,62051,10
12.9959497452,80.2166290283,62051,62061,10
12.9963798523,80.2165222168,62061,62071,10
12.9970598221,80.2161178589,62071,62081,10
12.9974899292,80.2160568237,62081,62091,10
12.9978904724,80.2157669067,62091,62101,10
12.9984302521,80.2152709961,62101,62112,11
12.9991197586,80.2147598267,62112,62122,10
12.9994401932,80.2145233154,62122,62132,10
12.9998903275,80.2141113281,62132,62142,10
13.0003499985,80.2136993408,62142,62152,10
13.0008897781,80.2132263184,62152,62162,10
13.0013103485,80.2128982544,62162,62172,10
13.0017595291,80.212562561,62172,62182,10
13.0022697449,80.2122802734,62182,62192,10
13.0026702881,80.2121429443,62192,62202,10
13.0031900406,80.2120895386,62202,62211,9
13.0036001205,80.2119979858,62211,62223,12
13.0037002563,80.211769104,62223,62233,10
13.0036802292,80.2112426758,62233,62243,10
13.0035896301,80.2105026245,62243,62253,10
13.0035104752,80.2098083496,62253,62263,10
13.0036096573,80.2091293335,62263,62273,10
13.003950119,80.2086486816,62273,62283,10
13.0047397614,80.2089767456,62283,62293,10
13.005689621,80.2093887329,62293,62303,10
13.0065698624,80.2096786499,62303,62313,10
13.0074396133,80.2098617554,62313,62354,41
13.0074396133,80.2098617554,62354,62364,10
13.0076398849,80.2099075317,62364,62374,10
13.0079603195,80.2099990845,62374,62384,10
13.0081796646,80.2099304199,62384,62394,10
13.0080699921,80.2094421387,62394,62404,10
13.0079402924,80.2086715698,62404,62414,10
13.0077896118,80.2078170776,62414,62424,10
13.0076599121,80.2068786621,62424,62434,10
13.0075302124,80.205947876,62434,62445,11
13.007519722,80.205078125,62445,62455,10
13.007519722,80.2043533325,62455,62465,10
13.0074300766,80.2035522461,62465,62475,10
13.0072202682,80.2026901245,62475,62485,10
13.0065898895,80.2027130127,62485,62495,10
13.0067396164,80.2033004761,62495,62505,10
13.0073003769,80.2035675049,62505,62515,10
13.0080499649,80.2036972046,62515,62525,10
13.0089797974,80.203666687,62525,62535,10
13.0101099014,80.2036437988,62535,62545,10
13.0113401413,80.2037200928,62545,62556,11
13.0127401352,80.203956604,62556,62566,10
13.0137796402,80.2042694092,62566,62576,10
13.0146799088,80.2045822144,62576,62586,10
13.0157804489,80.2049636841,62586,62596,10
13.0163202286,80.2050170898,62596,62606,10
13.0164499283,80.2049713135,62606,62616,10
13.0170898438,80.2053375244,62616,62626,10
13.0174503326,80.2057037354,62626,62636,10
13.0177202225,80.2058105469,62636,62646,10
13.0181398392,80.2059783936,62646,62655,9
13.0186595917,80.2061080933,62655,62667,12
13.0193004608,80.2064285278,62667,62677,10
13.0196399689,80.206489563,62677,62687,10
13.0200595856,80.2069473267,62687,62697,10
13.0206804276,80.2069625854,62697,62707,10
13.0211696625,80.2069778442,62707,62716,9
13.0219602585,80.2068481445,62716,62727,11
13.0240402222,80.2073287964,62727,62737,10
13.0261602402,80.2079620361,62737,62747,10
13.0277900696,80.2085037231,62747,62757,10
13.0291700363,80.2087631226,62757,62767,10
13.0299196243,80.2089385986,62767,62778,11
13.0299701691,80.2089385986,62778,62788,10
13.0301399231,80.2089385986,62788,62798,10
13.0304203033,80.2090377808,62798,62808,10
13.0309200287,80.2092208862,62808,62818,10
13.0315599442,80.2093582153,62818,62828,10
13.0317201614,80.2093505859,62828,62838,10
13.0320701599,80.2094573975,62838,62848,10
13.0327997208,80.2096099854,62848,62858,10
13.0334596634,80.209777832,62858,62868,10
13.0341796875,80.2099380493,62868,62877,9
13.0348300934,80.2100830078,62877,62889,12
13.035030365,80.2105712891,62889,62899,10
13.035030365,80.2111206055,62899,62909,10
13.0350103378,80.2112808228,62909,62919,10
13.0349798203,80.2113876343,62919,62929,10
13.0349397659,80.2116622925,62929,62939,10
13.0349197388,80.2118377686,62939,62949,10
13.0349502563,80.2121200562,62949,62959,10
13.0353899002,80.2122573853,62959,62969,10
13.0360202789,80.2122802734,62969,62979,10
13.0366401672,80.2122879028,62979,62989,10
13.0370397568,80.2123031616,62989,63000,11
13.0376996994,80.2123184204,63000,63010,10
13.0385303497,80.2123031616,63010,63020,10
13.0394096375,80.2122879028,63020,63030,10
13.0402097702,80.212272644,63030,63040,10
13.0411100388,80.2122879028,63040,63050,10
13.042090416,80.2123031616,63050,63060,10
13.0428199768,80.2121276855,63060,63070,10
13.0439901352,80.2122497559,63070,63151,81
13.0439901352,80.2122497559,63151,63161,10
13.0443000793,80.2121734619,63161,63171,10
13.0448198318,80.2121887207,63171,63181,10
13.0456104279,80.2121887207,63181,63191,10
13.046500206,80.2121963501,63191,63201,10
13.0474996567,80.2121582031,63201,63212,11
13.0483703613,80.2120285034,63212,63222,10
13.048500061,80.2119979858,63222,63232,10
13.0485601425,80.2119216919,63232,63242,10
13.0490703583,80.2119293213,63242,63252,10
13.0493202209,80.2119216919,63252,63262,10
13.0494604111,80.2118911743,63262,63272,10
13.0497999191,80.2118835449,63272,63292,20
13.0497999191,80.2118835449,63292,63302,10
13.0502099991,80.2118835449,63302,63312,10
13.050450325,80.2118835449,63312,63323,11
13.0506896973,80.2114562988,63323,63333,10
13.0512304306,80.2112503052,63333,63343,10
13.0525102615,80.2111434937,63343,63353,10
13.0536003113,80.2111816406,63353,63363,10
13.0541200638,80.2113037109,63363,63373,10
13.0545396805,80.2113723755,63373,63383,10
13.0550498962,80.2114028931,63383,63393,10
13.0556201935,80.2112808228,63393,63403,10
13.0567998886,80.2113876343,63403,63413,10
13.0576696396,80.2114334106,63413,63423,10
13.0578203201,80.2113800049,63423,63434,11
13.0583496094,80.2113800049,63434,63444,10
13.0589799881,80.2114181519,63444,63454,10
13.0597600937,80.211479187,63454,63464,10
13.0607204437,80.211517334,63464,63474,10
13.0614404678,80.211517334,63474,63484,10
13.0621500015,80.2115402222,63484,63494,10
13.0627403259,80.2115707397,63494,63504,10
13.0627698898,80.2115707397,63504,63514,10
13.0629997253,80.211479187,63514,63524,10
13.0633001328,80.2114562988,63524,63534,10
13.0635900497,80.2114562988,63534,63545,11
13.0641098022,80.2114181519,63545,63555,10
13.0647602081,80.2112121582,63555,63565,10
13.0654602051,80.2107391357,63565,63575,10
13.0661296844,80.2102279663,63575,63585,10
13.0668001175,80.2096099854,63585,63595,10
13.0672101974,80.2089614868,63595,63605,10
13.067489624,80.2084884644,63605,63615,10
13.06772995,80.2081375122,63615,63625,10
13.0680599213,80.2076416016,63625,63635,10
13.0685100555,80.2069702148,63635,63645,10
13.0690402985,80.2061920166,63645,63656,11
13.0694198608,80.2055664063,63656,63666,10
13.0695199966,80.2053375244,63666,63676,10
13.0696697235,80.2051086426,63676,63686,10
13.069560051,80.2048110962,63686,63696,10
13.0692396164,80.2049179077,63696,63706,10
13.0690002441,80.2052688599,63706,63716,10
13.0688495636,80.2053604126,63716,63726,10
13.0687398911,80.2050704956,63726,63777,51
13.0687398911,80.2050704956,63777,63787,10
13.0688695908,80.2047576904,63787,63797,10
13.0692195892,80.2047271729,63797,63807,10
13.0696201324,80.204788208,63807,63817,10
13.0698404312,80.2048416138,63817,63827,10
13.070019722,80.2047119141,63827,63837,10
13.0703601837,80.2042388916,63837,63847,10
13.0708799362,80.2035980225,63847,63857,10
13.0714101791,80.2029418945,63857,63867,10
13.0716896057,80.2025680542,63867,63878,11
13.0717697144,80.2024383545,63878,63888,10
13.0719203949,80.2022781372,63888,63898,10
13.0721902847,80.2020492554,63898,63908,10
13.0724401474,80.2017669678,63908,63918,10
13.0727796555,80.2013626099,63918,63928,10
13.0731601715,80.2008972168,63928,63938,10
13.0733499527,80.2006530762,63938,63948,10
13.0736598969,80.2003326416,63948,63958,10
13.0740604401,80.1998596191,63958,63968,10
13.0744400024,80.1994934082,63968,63978,10
13.0745000839,80.1994018555,63978,63989,11
13.0748996735,80.1991577148,63989,63999,10
13.0755500793,80.1990509033,63999,64009,10
13.0764102936,80.1990509033,64009,64019,10
13.0772800446,80.19896698,64019,64029,10
13.0781402588,80.1988601685,64029,64039,10
13.0789604187,80.1987609863,64039,64049,10
13.0798101425,80.1986999512,64049,64059,10
13.0806703568,80.1986083984,64059,64069,10
13.0814800262,80.1985778809,64069,64079,10
13.0822401047,80.1985168457,64079,64089,10
13.0829200745,80.1984863281,64089,64100,11
13.0836601257,80.1984710693,64100,64110,10
13.0841197968,80.1984710693,64110,64120,10
13.084569931,80.1985015869,64120,64130,10
13.0850200653,80.1984786987,64130,64140,10
13.0854101181,80.1984176636,64140,64150,10
13.0859203339,80.1984176636,64150,64160,10
13.0865602493,80.1984634399,64160,64170,10
13.086979866,80.1984176636,64170,64180,10
13.0871696472,80.1981201172,64180,64200,20
13.0871696472,80.1981201172,64200,64211,11
13.087220192,80.1977920532,64211,64221,10
13.087220192,80.1971206665,64221,64231,10
13.087220192,80.1963272095,64231,64241,10
13.087220192,80.1955337524,64241,64251,10
13.0872402191,80.1946792603,64251,64261,10
13.0872402191,80.1937713623,64261,64271,10
13.0872497559,80.1929931641,64271,64291,20
13.0872497559,80.1929931641,64291,64301,10
13.0872802734,80.1928405762,64301,64310,9
13.0873203278,80.1925888062,64310,64322,12
13.0874099731,80.1918869019,64322,64332,10
13.0875101089,80.1910476685,64332,64342,10
13.0876398087,80.1900405884,64342,64352,10
13.0877103806,80.1891326904,64352,64362,10
13.0877199173,80.1889801025,64362,64372,10
13.0877399445,80.1888122559,64372,64382,10
13.0877304077,80.1884002686,64382,64392,10
13.0877399445,80.1882781982,64392,64402,10
13.0877504349,80.1880493164,64402,64412,10
13.0877799988,80.1875915527,64412,64422,10
13.0878400803,80.1869812012,64422,64433,11
13.0878801346,80.1862030029,64433,64443,10
13.0879096985,80.1854171753,64443,64453,10
13.0879402161,80.1847915649,64453,64463,10
13.0879602432,80.1841278076,64463,64473,10
13.0880098343,80.1832199097,64473,64483,10
13.0880298615,80.1823196411,64483,64493,10
13.0880699158,80.1815338135,64493,64503,10
13.0881204605,80.1806106567,64503,64513,10
13.0881004333,80.17993927,64513,64523,10
13.0881004333,80.1797332764,64523,64534,11
13.0881099701,80.1790313721,64534,64554,20
13.0881099701,80.1790313721,64554,64564,10
13.088139534,80.1788635254,64564,64574,10
13.088139534,80.1781997681,64574,64584,10
13.0881500244,80.1774368286,64584,64594,10
13.0881900787,80.1767196655,64594,64604,10
13.088259697,80.1757965088,64604,64613,9
13.0883197784,80.174911499,64613,64624,11
13.0883998871,80.1739196777,64624,64634,10
13.0884599686,80.1730194092,64634,64645,11
13.0884895325,80.1720809937,64645,64655,10
13.0884895325,80.1718826294,64655,64665,10
13.08852005,80.1714935303,64665,64675,10
13.0885801315,80.1708526611,64675,64685,10
13.0886096954,80.1700592041,64685,64695,10
13.0887804031,80.1695404053,64695,64705,10
13.0893096924,80.1695709229,64705,64715,10
13.0900802612,80.1696166992,64715,64725,10
13.0909795761,80.169670105,64725,64735,10
13.0919103622,80.1697235107,64735,64745,10
13.0928001404,80.1697616577,64745,64755,10
13.0937204361,80.1698226929,64755,64766,11
13.0945501328,80.1698379517,64766,64776,10
13.0948495865,80.1698608398,64776,64786,10
13.0952396393,80.1698989868,64786,64796,10
13.0959701538,80.1699371338,64796,64806,10
13.0968399048,80.1699905396,64806,64816,10
13.0977096558,80.1700515747,64816,64826,10
13.0985403061,80.1700973511,64826,64836,10
13.0993299484,80.1701278687,64836,64846,10
13.0997200012,80.1698989868,64846,64867,21
13.0997200012,80.1698989868,64867,64877,10
13.0996904373,80.1697006226,64877,64887,10
13.0993900299,80.1698303223,64887,65825,938
13.0994701385,80.1700134277,65825,66310,485
13.0993099213,80.1702194214,66310,66340,30
13.0993099213,80.1702194214,66340,66350,10
13.0988798141,80.1702423096,66350,66360,10
13.0982999802,80.1701812744,66360,66370,10
13.0976400375,80.1700973511,66370,66380,10
13.0970497131,80.1700820923,66380,66390,10
13.0962295532,80.1700363159,66390,66400,10
13.0954399109,80.1699829102,66400,66410,10
13.0948400497,80.169921875,66410,66421,11
13.0945997238,80.169921875,66421,66431,10
13.0943202972,80.1699295044,66431,66441,10
13.0937595367,80.1698684692,66441,66451,10
13.0931396484,80.1698303223,66451,66461,10
13.0924100876,80.1698226929,66461,66471,10
13.091629982,80.1697616577,66471,66481,10
13.0907802582,80.1696624756,66481,66491,10
13.0899095535,80.1696395874,66491,66501,10
13.0890798569,80.1696014404,66501,66510,9
13.0886602402,80.1697311401,66510,66523,13
13.0886001587,80.1706314087,66523,66533,10
13.0885801315,80.1713027954,66533,66543,10
13.0885696411,80.1718597412,66543,66553,10
13.0885601044,80.1721191406,66553,66563,10
13.0885295868,80.1725006104,66563,66573,10
13.0885000229,80.1730804443,66573,66583,10
13.0884599686,80.173789978,66583,66593,10
13.0884304047,80.1744766235,66593,66603,10
13.0883798599,80.175201416,66603,66613,10
13.0883197784,80.1760177612,66613,66623,10
13.088259697,80.1769332886,66623,66634,11
13.0882301331,80.1778411865,66634,66644,10
13.0882196426,80.1785583496,66644,66654,10
13.0882301331,80.1787414551,66654,66664,10
13.0881996155,80.1792984009,66664,66674,10
13.0881700516,80.1800765991,66674,66684,10
13.0881204605,80.1809997559,66684,66694,10
13.0880804062,80.181930542,66694,66704,10
13.0880002975,80.1836013794,66704,66714,10
13.0880002975,80.1836013794,66714,66724,10
13.0879497528,80.1846389771,66724,66733,9
13.0879402161,80.1854171753,66733,66745,12
13.0879001617,80.186340332,66745,66755,10
13.0878801346,80.1876373291,66755,66785,30
13.0878801346,80.1876373291,66785,66795,10
13.0878896713,80.1878433228,66795,66805,10
13.0878801346,80.188369751,66805,66815,10
13.087849617,80.1890029907,66815,66825,10
13.0878095627,80.1895217896,66825,66835,10
13.0878095627,80.1895675659,66835,66845,10
13.087770462,80.189956665,66845,66866,21
13.087770462,80.189956665,66866,66876,10
13.0876703262,80.1902694702,66876,66886,10
13.0876102448,80.1908569336,66886,66896,10
13.0875501633,80.1915664673,66896,66906,10
13.087439537,80.1922836304,66906,66916,10
13.0874099731,80.1927185059,66916,66926,10
13.0874099731,80.192741394,66926,66936,10
13.0873403549,80.1928100586,66936,66946,10
13.0873298645,80.1931686401,66946,66956,10
13.0873003006,80.1938705444,66956,66967,11
13.0872802734,80.1948013306,66967,66977,10
13.0872802734,80.1955337524,66977,66987,10
13.0872602463,80.1962585449,66987,66997,10
13.0872097015,80.1971435547,66997,67007,10
13.0872097015,80.197769165,67007,67017,10
13.0872097015,80.1978683472,67017,67027,10
13.0872602463,80.1983108521,67027,67037,10
13.0874204636,80.1985397339,67037,67047,10
13.0878095627,80.1985168457,67047,67057,10
13.0884399414,80.1984786987,67057,67067,10
13.0890598297,80.1985015869,67067,67078,11
13.0896596909,80.1985321045,67078,67088,10
13.0903701782,80.1985702515,67088,67098,10
13.0910902023,80.198600769,67098,67108,10
13.0918703079,80.198677063,67108,67118,10
13.0926704407,80.1986999512,67118,67128,10
13.093000412,80.1988601685,67128,67138,10
13.0929403305,80.1993484497,67138,67148,10
13.0928897858,80.1999893188,67148,67158,10
13.0928697586,80.2004470825,67158,67168,10
13.0928697586,80.2005004883,67168,67178,10
13.0928697586,80.2006225586,67178,67189,11
13.0925598145,80.200668335,67189,67199,10
13.0920000076,80.200630188,67199,67209,10
13.0914697647,80.200592041,67209,67219,10
13.0907897949,80.2005767822,67219,67229,10
13.0900697708,80.2005233765,67229,67239,10
13.0893602371,80.2005233765,67239,67249,10
13.0886898041,80.2005081177,67249,67259,10
13.0879497528,80.2004928589,67259,67269,10
13.0873804092,80.2004623413,67269,67279,10
13.0870399475,80.2004470825,67279,67290,11
13.086520195,80.2004165649,67290,67300,10
13.0857400894,80.2004013062,67300,67330,30
13.0857400894,80.2004013062,67330,67340,10
13.085269928,80.2001800537,67340,67350,10
13.0852603912,80.19972229,67350,67360,10
13.0852804184,80.1991271973,67360,67370,10
13.0852098465,80.1987609863,67370,67380,10
13.0849304199,80.1987304688,67380,67390,10
13.0845098495,80.1987228394,67390,67401,11
13.0843696594,80.1987380981,67401,67411,10
13.0841398239,80.1987304688,67411,67421,10
13.0837097168,80.1987380981,67421,67431,10
13.0831403732,80.1987380981,67431,67491,60
13.0831403732,80.1987380981,67491,67501,10
13.0827598572,80.1986999512,67501,67512,11
13.0824604034,80.198677063,67512,67522,10
13.0819797516,80.1987228394,67522,67532,10
13.081489563,80.1987075806,67532,67542,10
13.0809202194,80.1987228394,67542,67552,10
13.0801696777,80.1987762451,67552,67562,10
13.0793304443,80.1988601685,67562,67572,10
13.0785999298,80.1989212036,67572,67582,10
13.0778398514,80.1990127563,67582,67592,10
13.07695961,80.1991271973,67592,67602,10
13.0760803223,80.1992492676,67602,67612,10
13.0751399994,80.1994094849,67612,67623,11
13.074259758,80.1999130249,67623,67633,10
13.0738801956,80.2002868652,67633,67643,10
13.073800087,80.2004013062,67643,67653,10
13.0737104416,80.2005004883,67653,67663,10
13.0734395981,80.2008132935,67663,67673,10
13.0730695724,80.2012405396,67673,67683,10
13.0726995468,80.201713562,67683,67693,10
13.0725603104,80.2019195557,67693,67713,20
13.0725603104,80.2019195557,67713,67723,10
13.0725002289,80.2020263672,67723,67734,11
13.0724000931,80.2021102905,67734,67744,10
13.0722303391,80.2022705078,67744,67754,10
13.0717601776,80.2027282715,67754,67764,10
13.0711698532,80.2034225464,67764,67774,10
13.0704603195,80.2042617798,67774,67784,10
13.069849968,80.2050933838,67784,67845,61
13.069849968,80.2050933838,67845,67855,10
13.0695695877,80.2049331665,67855,67865,10
13.069270134,80.2050628662,67865,67875,10
13.0690402985,80.2053985596,67875,67885,10
13.068860054,80.2054824829,67885,67895,10
13.0686998367,80.2054977417,67895,67905,10
13.0682497025,80.2055130005,67905,67915,10
13.0679798126,80.2053604126,67915,67945,30
13.0679798126,80.2053604126,67945,67956,11
13.067990303,80.2051467896,67956,67966,10
13.0681495667,80.205039978,67966,67976,10
13.0684099197,80.2050018311,67976,67986,10
13.068860054,80.2048187256,67986,67996,10
13.0693302155,80.2048187256,67996,68006,10
13.0696496964,80.2048721313,68006,68026,20
13.0696496964,80.2048721313,68026,68036,10
13.0698099136,80.2050476074,68036,68046,10
13.0698003769,80.205329895,68046,68056,10
13.0694599152,80.2058029175,68056,68067,11
13.0689001083,80.2066497803,68067,68076,9
13.0683803558,80.2074890137,68076,68087,11
13.0677900314,80.2084274292,68087,68097,10
13.06731987,80.2091598511,68097,68107,10
13.0668096542,80.2098770142,68107,68117,10
13.0663099289,80.2102966309,68117,68127,10
13.0658197403,80.2106933594,68127,68137,10
13.0651903152,80.2112121582,68137,68147,10
13.0649795532,80.2113723755,68147,68157,10
13.0646696091,80.2115097046,68157,68168,11
13.0643196106,80.2116775513,68168,68178,10
13.0641298294,80.2117233276,68178,68188,10
13.0638303757,80.2117767334,68188,68198,10
13.0635404587,80.2117614746,68198,68208,10
13.0630302429,80.2117996216,68208,68218,10
13.0623903275,80.211807251,68218,68228,10
13.061750412,80.2118377686,68228,68238,10
13.0610103607,80.2118225098,68238,68248,10
13.0602197647,80.2117919922,68248,68258,10
13.0593996048,80.2117462158,68258,68267,9
13.0587902069,80.2117233276,68267,68279,12
13.0584697723,80.2117080688,68279,68289,10
13.0579204559,80.2117004395,68289,68299,10
13.0577001572,80.2117004395,68299,68309,10
13.0574102402,80.2117233276,68309,68319,10
13.0567703247,80.2117004395,68319,68329,10
13.055970192,80.2116622925,68329,68339,10
13.0551300049,80.2116317749,68339,68349,10
13.0542898178,80.2116317749,68349,68359,10
13.0534095764,80.2118606567,68359,68369,10
13.0526895523,80.212059021,68369,68378,9
13.0522003174,80.2122268677,68378,68390,12
13.0516700745,80.2122802734,68390,68400,10
13.05148983,80.212272644,68400,68410,10
13.0511598587,80.2122497559,68410,68420,10
13.050860405,80.2122421265,68420,68430,10
13.0502500534,80.2122192383,68430,68440,10
13.0498199463,80.2121963501,68440,68450,10
13.049539566,80.2122421265,68450,68460,10
13.0495300293,80.2122497559,68460,68470,10
13.0492401123,80.2122421265,68470,68480,10
13.0488395691,80.2122421265,68480,68489,9
13.048330307,80.212272644,68489,68501,12
13.0474996567,80.2123184204,68501,68511,10
13.0466995239,80.2123718262,68511,68521,10
13.0456895828,80.2124176025,68521,68541,20
13.0456895828,80.2124176025,68541,68551,10
13.0454797745,80.2124404907,68551,68561,10
13.045249939,80.2124710083,68561,68571,10
13.0449104309,80.2124786377,68571,68581,10
13.0445804596,80.2124862671,68581,68591,10
13.0442199707,80.2124404907,68591,68601,10
13.0435400009,80.2124328613,68601,68612,11
13.0426902771,80.2124099731,68612,68622,10
13.0420303345,80.2124328613,68622,68632,10
13.0411901474,80.2124176025,68632,68642,10
13.0401201248,80.2124328613,68642,68652,10
13.0386400223,80.2124481201,68652,68692,40
13.0386400223,80.2124481201,68692,68702,10
13.0382604599,80.2125167847,68702,68712,10
13.0376596451,80.2125091553,68712,68723,11
13.0369796753,80.2124176025,68723,68733,10
13.0363502502,80.212387085,68733,68743,10
13.0356998444,80.2123794556,68743,68753,10
13.0354003906,80.2124023438,68753,68763,10
13.0351495743,80.212348938,68763,68773,10
13.0347995758,80.2122802734,68773,68783,10
13.0345401764,80.2122192383,68783,68793,10
13.0342502594,80.2121887207,68793,68803,10
13.0341997147,80.2121810913,68803,68813,10
13.0338897705,80.2121276855,68813,68823,10
13.033539772,80.2120666504,68823,68834,11
13.0329799652,80.2119369507,68834,68844,10
13.0324897766,80.2118530273,68844,68854,10
13.0320100784,80.2116928101,68854,68864,10
13.0319795609,80.2111587524,68864,68874,10
13.0320100784,80.2105636597,68874,68884,10
13.0320997238,80.2098999023,68884,68894,10
13.0317802429,80.2096481323,68894,68904,10
13.0311203003,80.2094268799,68904,68914,10
13.0307598114,80.2093505859,68914,68924,10
13.030579567,80.209312439,68924,68934,10
13.0301904678,80.2092132568,68934,68945,11
13.0296602249,80.2090301514,68945,68955,10
13.0295600891,80.209022522,68955,68965,10
13.0291595459,80.2089080811,68965,68975,10
13.0285997391,80.2087478638,68975,68985,10
13.0279302597,80.2085418701,68985,68995,10
13.0273599625,80.2082519531,68995,69005,10
13.0267095566,80.207862854,69005,69015,10
13.026049614,80.2074432373,69015,69025,10
13.0253601074,80.2071609497,69025,69035,10
13.0246601105,80.20703125,69035,69045,10
13.0242500305,80.2069473267,69045,69056,11
13.0240402222,80.2069091797,69056,69066,10
13.0235300064,80.2067718506,69066,69076,10
13.0228700638,80.2066192627,69076,69086,10
13.0221395493,80.2065200806,69086,69096,10
13.0215396881,80.206489563,69096,69106,10
13.020819664,80.2064666748,69106,69116,10
13.0199604034,80.2064971924,69116,69126,10
13.0191602707,80.206413269,69126,69136,10
13.0190000534,80.2063598633,69136,69146,10
13.0187902451,80.2063064575,69146,69156,10
13.0183000565,80.2061386108,69156,69167,11
13.0178203583,80.2059631348,69167,69177,10
13.0173397064,80.2057495117,69177,69187,10
13.0169296265,80.2055892944,69187,69197,10
13.0162296295,80.205291748,69197,69207,10
13.0156002045,80.205078125,69207,69217,10
13.0148601532,80.2048416138,69217,69227,10
13.0141296387,80.2045669556,69227,69237,10
13.0135698318,80.204536438,69237,69247,10
13.0134801865,80.2048187256,69247,69257,10
13.0133304596,80.2052993774,69257,69268,11
13.0131502151,80.2060623169,69268,69278,10
13.0130195618,80.206817627,69278,69288,10
13.0129499435,80.2075424194,69288,69298,10
13.0128602982,80.2080688477,69298,69308,10
13.0128202438,80.2085800171,69308,69318,10
13.0128602982,80.2089614868,69318,69328,10
13.0129699707,80.2094573975,69328,69338,10
13.0131902695,80.2099075317,69338,69348,10
13.0131101608,80.2105102539,69348,69358,10
13.0129499435,80.2111282349,69358,69368,10
13.0127000809,80.2116470337,69368,69379,11
13.0120096207,80.2127075195,69379,69389,10
13.0120096207,80.2127075195,69389,69399,10
13.0117797852,80.2128295898,69399,69408,9
13.0115604401,80.2127075195,69408,69419,11
13.0109701157,80.2122802734,69419,69429,10
13.0104999542,80.2118988037,69429,69439,10
13.0100603104,80.2115783691,69439,69449,10
13.0096597672,80.2112731934,69449,69490,41
13.0096597672,80.2112731934,69490,69500,10
13.009349823,80.2109909058,69500,69530,30
13.009349823,80.2109909058,69530,69540,10
13.0092201233,80.21118927,69540,69550,10
13.0090799332,80.2114181519,69550,69560,10
13.0090198517,80.2116088867,69560,69570,10
13.0090303421,80.2117614746,69570,69580,10
13.0091400146,80.2121734619,69580,69590,10
13.0093202591,80.2127075195,69590,69601,11
13.009519577,80.2132263184,69601,69611,10
13.0097503662,80.2137832642,69611,69621,10
13.0099802017,80.2143707275,69621,69631,10
13.0101499557,80.2150421143,69631,69641,10
13.0102796555,80.2158432007,69641,69651,10
13.0106296539,80.2166290283,69651,69661,10
13.0109901428,80.2174072266,69661,69671,10
13.0113296509,80.2183227539,69671,69681,10
13.0116300583,80.2192687988,69681,69691,10
13.0119495392,80.2203216553,69691,69701,10
13.0122299194,80.2211990356,69701,69712,11
13.0125598907,80.2219314575,69712,69722,10
13.0129899979,80.2224578857,69722,69732,10
13.0134401321,80.2229690552,69732,69742,10
13.0139303207,80.2235717773,69742,69752,10
13.0144100189,80.2240524292,69752,69762,10
13.0147199631,80.2243804932,69762,69772,10
13.0150699615,80.2248001099,69772,69782,10
13.0153503418,80.225151062,69782,69792,10
13.0153999329,80.2255020142,69792,69802,10
13.0151700974,80.2258911133,69802,69813,11
13.0148601532,80.225982666,69813,69823,10
13.014550209,80.2260818481,69823,69833,10
13.0139102936,80.2263565063,69833,69843,10
13.0132398605,80.2266082764,69843,69853,10
13.0125198364,80.2268829346,69853,69863,10
13.0117197037,80.2272109985,69863,69873,10
13.0108804703,80.2275466919,69873,69883,10
13.0100402832,80.2278594971,69883,69893,10
13.0094499588,80.2276611328,69893,69903,10
13.0097503662,80.2270812988,69903,69913,10
13.0101003647,80.2263412476,69913,69924,11
13.0104103088,80.2255477905,69924,69934,10
13.0107002258,80.2250671387,69934,69944,10
13.0108299255,80.2245483398,69944,69954,10
13.0111103058,80.2238006592,69954,69964,10
13.0112199783,80.2232513428,69964,69974,10
13.010840416,80.2230377197,69974,69984,10
13.0102100372,80.2227020264,69984,69994,10
13.0095596313,80.222328186,69994,70004,10
13.0088701248,80.2219467163,70004,70014,10
13.0081501007,80.2215805054,70014,70024,10
13.0073604584,80.2211532593,70024,70035,11
13.0065603256,80.2207565308,70035,70045,10
13.0058298111,80.2205810547,70045,70055,10
13.0050802231,80.220413208,70055,70065,10
13.0044698715,80.2202529907,70065,70075,10
13.0038204193,80.2201004028,70075,70085,10
13.0031900406,80.2199935913,70085,70095,10
13.0025501251,80.2196502686,70095,70105,10
13.0020599365,80.2191772461,70105,70115,10
13.0015697479,80.2186965942,70115,70125,10
13.0010595322,80.2183303833,70125,70135,10
13.0005903244,80.2179870605,70135,70146,11
13.0000801086,80.2176513672,70146,70156,10
12.9994897842,80.2172927856,70156,70166,10
12.9988203049,80.2169799805,70166,70176,10
12.9980802536,80.2166824341,70176,70186,10
12.997420311,80.216583252,70186,70196,10
12.9973897934,80.2165603638,70196,70206,10
12.9972000122,80.2165603638,70206,70216,10
12.9968004227,80.216583252,70216,70226,10
12.9962997437,80.2166290283,70226,70236,10
12.9958400726,80.2167205811,70236,70246,10
12.9954900742,80.216796875,70246,70257,11
12.9952898026,80.2169189453,70257,70267,10
12.9952602386,80.2169265747,70267,70277,10
12.9950799942,80.2170181274,70277,70287,10
12.9949102402,80.2171401978,70287,70297,10
12.9946098328,80.2173461914,70297,70307,10
12.9941797256,80.2176513672,70307,70317,10
12.9937896729,80.2179794312,70317,70327,10
12.9934501648,80.2182388306,70327,70337,10
12.993180275,80.2184066772,70337,70347,10
12.9931297302,80.218460083,70347,70356,9
12.9929304123,80.2185974121,70356,70368,12
12.9924402237,80.2189865112,70368,70378,10
12.9919395447,80.2193527222,70378,70388,10
12.9916095734,80.219619751,70388,70398,10
12.9911203384,80.219543457,70398,70418,20
12.9911203384,80.219543457,70418,70428,10
12.9908800125,80.2193984985,70428,70438,10
12.9903297424,80.2192306519,70438,70448,10
12.9896602631,80.2190322876,70448,70458,10
12.9890003204,80.218788147,70458,70468,10
12.9882202148,80.2185592651,70468,70479,11
12.9875297546,80.2184295654,70479,70489,10
12.9870700836,80.2183609009,70489,70499,10
12.9868602753,80.2183227539,70499,70509,10
12.9864997864,80.2182312012,70509,70519,10
12.9858503342,80.2180480957,70519,70529,10
12.9851398468,80.2179718018,70529,70539,10
12.9844999313,80.2179870605,70539,70549,10
12.9840402603,80.2180175781,70549,70559,10
12.9840202332,80.2180175781,70559,70569,10
12.9836902618,80.2180099487,70569,70579,10
12.9831800461,80.2180099487,70579,70590,11
12.9824399948,80.2180023193,70590,70600,10
12.9816799164,80.2180175781,70600,70610,10
12.9809303284,80.2182388306,70610,70620,10
12.9802598953,80.2184677124,70620,70630,10
12.9796895981,80.2186965942,70630,70640,10
12.979060173,80.2189483643,70640,70650,10
12.9785604477,80.2191085815,70650,70660,10
12.9781198502,80.2193222046,70660,70670,10
12.9774398804,80.2195968628,70670,70680,10
12.9766998291,80.219909668,70680,70691,11
12.9759197235,80.2202911377,70691,70812,121
12.9759197235,80.2202911377,70812,70822,10
12.9754600525,80.2205429077,70822,70862,40
12.9756803513,80.2208862305,70862,70993,131
12.9759197235,80.2211074829,70993,71508,515
12.9759197235,80.2211074829,71508,71518,10
12.9762201309,80.2213134766,71518,71528,10
12.9765100479,80.2212982178,71528,71538,10
12.9769201279,80.221321106,71538,71548,10
12.977399826,80.221282959,71548,71558,10
12.9778900146,80.2212600708,71558,71568,10
12.9784097672,80.2212524414,71568,71579,11
12.978969574,80.2211914063,71579,71589,10
12.9794101715,80.2211685181,71589,71599,10
12.9799804688,80.2211532593,71599,71609,10
12.9804697037,80.2210922241,71609,71619,10
12.9808702469,80.2210617065,71619,71629,10
12.9812898636,80.221206665,71629,71639,10
12.9816904068,80.2214584351,71639,71649,10
12.9820604324,80.2217102051,71649,71659,10
12.9823703766,80.2218322754,71659,71669,10
12.9825401306,80.2218933105,71669,71678,9
12.9827299118,80.2219619751,71678,71690,12
12.9829702377,80.2220535278,71690,71700,10
12.983420372,80.2223434448,71700,71720,20
12.983420372,80.2223434448,71720,71730,10
12.9837903976,80.2225723267,71730,71740,10
12.9840803146,80.2227401733,71740,71750,10
12.9844703674,80.2229614258,71750,71760,10
12.9849901199,80.2232284546,71760,71770,10
12.9854898453,80.2232513428,71770,71780,10
12.9857902527,80.2230377197,71780,71791,11
12.9862804413,80.2229919434,71791,71801,10
12.9864997864,80.2230072021,71801,71811,10
12.9866504669,80.2230377197,71811,71821,10
12.9869804382,80.2230987549,71821,71831,10
12.9873504639,80.2231216431,71831,71841,10
12.9879198074,80.2229995728,71841,71851,10
12.9884500504,80.2225570679,71851,71861,10
12.9889202118,80.2220535278,71861,71871,10
12.9892597198,80.2216186523,71871,71881,10
12.9895601273,80.2211380005,71881,71891,10
12.9900999069,80.2206420898,71891,71902,11
12.990650177,80.2202072144,71902,71912,10
12.9911003113,80.219871521,71912,71922,10
12.9914999008,80.2195587158,71922,71932,10
12.9918699265,80.2193069458,71932,71942,10
12.9923400879,80.218963623,71942,71952,10
12.9929103851,80.2185516357,71952,71962,10
12.9935398102,80.2181015015,71962,71972,10
12.9940395355,80.2177200317,71972,71982,10
12.994389534,80.2174606323,71982,71992,10
12.9947595596,80.2172012329,71992,72002,10
12.9951601028,80.2169189453,72002,72013,11
12.9957399368,80.2167205811,72013,72023,10
12.9964799881,80.216583252,72023,72033,10
12.9969501495,80.2165298462,72033,72043,10
12.9969997406,80.2165222168,72043,72053,10
12.9973697662,80.2162780762,72053,72063,10
12.9975004196,80.2161407471,72063,72073,10
12.9977703094,80.2158966064,72073,72083,10
12.9982299805,80.2154998779,72083,72093,10
12.9988298416,80.2149810791,72093,72103,10
12.999130249,80.2147216797,72103,72113,10
12.9994497299,80.2144622803,72113,72124,11
12.9999399185,80.214050293,72124,72134,10
13.0004196167,80.2136077881,72134,72144,10
13.0009298325,80.2131729126,72144,72154,10
13.0014400482,80.2127990723,72154,72164,10
13.0020103455,80.2123794556,72164,72174,10
13.0025100708,80.2121734619,72174,72184,10
13.0030202866,80.2121276855,72184,72194,10
13.0035495758,80.2120895386,72194,72204,10
13.003660202,80.2119369507,72204,72214,10
13.0036802292,80.2115402222,72214,72223,9
13.0036201477,80.2109375,72223,72235,12
13.0035104752,80.2100067139,72235,72245,10
13.003569603,80.2092132568,72245,72255,10
13.0038900375,80.2086486816,72255,72265,10
13.0046396255,80.2089614868,72265,72275,10
13.0055599213,80.2093734741,72275,72285,10
13.0062999725,80.2096328735,72285,72295,10
13.007229805,80.2098464966,72295,72315,20
13.007229805,80.2098464966,72315,72325,10
13.0076198578,80.2099685669,72325,72335,10
13.0078897476,80.2100219727,72335,72346,11
13.0081195831,80.2099990845,72346,72356,10
13.0080499649,80.2095718384,72356,72366,10
13.0079298019,80.2089385986,72366,72376,10
13.0078296661,80.2082595825,72376,72386,10
13.0077104568,80.2074279785,72386,72396,10
13.0075798035,80.2066421509,72396,72406,10
13.0074996948,80.2059783936,72406,72416,10
13.0074796677,80.2052993774,72416,72426,10
13.0074701309,80.2046966553,72426,72436,10
13.0074396133,80.2041320801,72436,72447,11
13.0073299408,80.2032699585,72447,72457,10
13.0070400238,80.202583313,72457,72467,10
13.0065002441,80.2028579712,72467,72477,10
13.0067596436,80.20337677,72477,72487,10
13.007349968,80.2036514282,72487,72497,10
13.0080795288,80.203742981,72497,72507,10
13.0089597702,80.2036972046,72507,72517,10
13.0099601746,80.2036514282,72517,72527,10
13.011059761,80.2036895752,72527,72537,10
13.0122003555,80.2038574219,72537,72547,10
13.0132102966,80.2040863037,72547,72558,11
13.0140895844,80.2043914795,72558,72568,10
13.0149297714,80.2046890259,72568,72578,10
13.0158004761,80.2049789429,72578,72588,10
13.0163402557,80.205116272,72588,72598,10
13.0167303085,80.2050628662,72598,72608,10
13.0174798965,80.2054901123,72608,72618,10
13.0180797577,80.2057495117,72618,72628,10
13.0185699463,80.2059402466,72628,72638,10
13.018699646,80.2059936523,72638,72648,10
13.0190401077,80.2061386108,72648,72658,10
13.0197496414,80.2062911987,72658,72669,11
13.0206604004,80.2063064575,72669,72679,10
13.0214395523,80.2062911987,72679,72689,10
13.0218296051,80.2062988281,72689,72699,10
13.0223903656,80.2063980103,72699,72709,10
13.0230503082,80.2065124512,72709,72719,10
13.0237503052,80.2066116333,72719,72729,10
13.0243597031,80.2067565918,72729,72739,10
13.0251598358,80.2069396973,72739,72749,10
13.0259599686,80.2072982788,72749,72759,10
13.0266199112,80.2076873779,72759,72769,10
13.027299881,80.2080993652,72769,72780,11
13.0281000137,80.2085037231,72780,72790,10
13.0288801193,80.208732605,72790,72800,10
13.0295495987,80.2089004517,72800,72810,10
13.0300502777,80.2090377808,72810,72820,10
13.0305404663,80.2091827393,72820,72830,10
13.0312404633,80.2093811035,72830,72840,10
13.0315799713,80.2094268799,72840,72850,10
13.0316896439,80.2094497681,72850,72860,10
13.0321598053,80.2095489502,72860,72870,10
13.0327997208,80.2096862793,72870,72880,10
13.0335597992,80.2098770142,72880,72891,11
13.0345001221,80.2100601196,72891,72901,10
13.0349998474,80.2102737427,72901,72911,10
13.0349798203,80.2106781006,72911,72921,10
13.0349302292,80.2110824585,72921,72931,10
13.0349502563,80.2111816406,72931,72941,10
13.0349197388,80.2113723755,72941,72951,10
13.0348300934,80.2117767334,72951,72961,10
13.034819603,80.2120895386,72961,72971,10
13.0351200104,80.212272644,72971,72981,10
13.0357398987,80.2122802734,72981,72990,9
13.0361995697,80.212310791,72990,73002,12
13.0364198685,80.2123184204,73002,73012,10
13.0369195938,80.2123031616,73012,73022,10
13.0384197235,80.212310791,73022,73032,10
13.0384197235,80.212310791,73032,73042,10
13.0391998291,80.2123031616,73042,73051,9
13.0399398804,80.2123031616,73051,73062,11
13.0411300659,80.2123184204,73062,73072,10
13.042090416,80.212348938,73072,73082,10
13.0429897308,80.2123031616,73082,73092,10
13.0438699722,80.212272644,73092,73203,111
13.0438699722,80.212272644,73203,73214,11
13.0441303253,80.2122497559,73214,73224,10
13.0444297791,80.2122802734,73224,73234,10
13.0448999405,80.2122802734,73234,73244,10
13.0457000732,80.2122573853,73244,73254,10
13.0466899872,80.2122497559,73254,73264,10
13.0478000641,80.2121505737,73264,73274,10
13.04845047,80.2120513916,73274,73284,10
13.0484600067,80.2120513916,73284,73294,10
13.048740387,80.212059021,73294,73304,10
13.0496196747,80.2119522095,73304,73345,41
13.0496196747,80.2119522095,73345,73355,10
13.0499401093,80.2119522095,73355,73365,10
13.0502099991,80.2119598389,73365,73375,10
13.0506000519,80.212059021,73375,73385,10
13.0511198044,80.2120437622,73385,73395,10
13.0522098541,80.2119903564,73395,73405,10
13.0531196594,80.2117614746,73405,73415,10
13.0540103912,80.211479187,73415,73425,10
13.0547504425,80.2114715576,73425,73436,11
13.0555095673,80.2114562988,73436,73446,10
13.0564603806,80.2114715576,73446,73456,10
13.0574703217,80.211479187,73456,73466,10
13.058429718,80.2115020752,73466,73476,10
13.059220314,80.2115402222,73476,73486,10
13.0601701736,80.2115783691,73486,73496,10
13.0611600876,80.2116622925,73496,73506,10
13.0620698929,80.2116470337,73506,73516,10
13.0629196167,80.2116012573,73516,73526,10
13.063249588,80.211517334,73526,73536,10
13.0633201599,80.2115097046,73536,73547,11
13.0637598038,80.2115020752,73547,73557,10
13.0642404556,80.2114181519,73557,73567,10
13.0648498535,80.2111816406,73567,73577,10
13.065489769,80.2107086182,73577,73587,10
13.0661201477,80.2101287842,73587,73597,10
13.0668296814,80.2095336914,73597,73607,10
13.0673704147,80.2087631226,73607,73617,10
13.0679197311,80.2079086304,73617,73627,10
13.0685100555,80.2069702148,73627,73637,10
13.069029808,80.2061233521,73637,73647,10
13.0694103241,80.2054824829,73647,73658,11
13.0695800781,80.2051773071,73658,73668,10
13.0695695877,80.2048721313,73668,73678,10
13.0692501068,80.2048568726,73678,73688,10
13.0690202713,80.2051773071,73688,73698,10
13.0687398911,80.205329895,73698,73728,30
13.0687398911,80.205329895,73728,73738,10
13.0686798096,80.2051086426,73738,73748,10
13.0686798096,80.205078125,73748,73758,10
13.0688295364,80.2048187256,73758,73769,11
13.0691604614,80.2047576904,73769,73789,20
13.0691604614,80.2047576904,73789,73799,10
13.0693597794,80.2048034668,73799,73809,10
13.0695896149,80.2048416138,73809,73819,10
13.0698699951,80.2048110962,73819,73829,10
13.0702295303,80.2043609619,73829,73839,10
13.0707397461,80.2037277222,73839,73849,10
13.0712499619,80.2031097412,73849,73858,9
13.0716199875,80.2026519775,73858,73870,12
13.0719099045,80.2023086548,73870,73880,10
13.0721302032,80.2020797729,73880,73890,10
13.0724096298,80.201789856,73890,73900,10
13.0726995468,80.2014312744,73900,73910,10
13.0727701187,80.2013168335,73910,73920,10
13.0728197098,80.2012634277,73920,73930,10
13.073220253,80.2008666992,73930,73950,20
13.073220253,80.2008666992,73950,73960,10
13.0733804703,80.2006835938,73960,73970,10
13.0736103058,80.2004318237,73970,73981,11
13.073849678,80.2001190186,73981,73991,10
13.0740003586,80.1998977661,73991,74001,10
13.0742301941,80.1996688843,74001,74011,10
13.0743598938,80.1995162964,74011,74021,10
13.0745000839,80.1994094849,74021,74031,10
13.0747299194,80.199256897,74031,74041,10
13.0752801895,80.1990966797,74041,74051,10
13.0760297775,80.1990966797,74051,74061,10
13.0768995285,80.1990432739,74061,74071,10
13.0777702332,80.198928833,74071,74081,10
13.078619957,80.1988220215,74081,74092,11
13.0793504715,80.1987609863,74092,74102,10
13.0800600052,80.1986923218,74102,74112,10
13.0808401108,80.1986236572,74112,74122,10
13.0816297531,80.198600769,74122,74132,10
13.0823802948,80.1985168457,74132,74142,10
13.0830497742,80.1985168457,74142,74152,10
13.0836801529,80.1984786987,74152,74162,10
13.08411026,80.1985015869,74162,74172,10
13.0845804214,80.1985092163,74172,74182,10
13.0849599838,80.1985092163,74182,74191,9
13.0851802826,80.1984863281,74191,74203,12
13.085650444,80.1984329224,74203,74213,10
13.0861597061,80.1984176636,74213,74223,10
13.0865898132,80.1984481812,74223,74233,10
13.0870304108,80.1983413696,74233,74253,20
13.0870304108,80.1983413696,74253,74263,10
13.0870399475,80.1981506348,74263,74273,10
13.0870399475,80.1981430054,74273,74283,10
13.0870599747,80.1978302002,74283,74293,10
13.0871095657,80.1973419189,74293,74303,10
13.0871400833,80.1966629028,74303,74314,11
13.0871801376,80.1957931519,74314,74324,10
13.0872097015,80.1950683594,74324,74334,10
13.0872297287,80.1942520142,74334,74344,10
13.0872602463,80.1928787231,74344,74384,40
13.0872602463,80.1928787231,74384,74394,10
13.0872802734,80.1926116943,74394,74404,10
13.0873804092,80.191947937,74404,74414,10
13.0874996185,80.1910629272,74414,74425,11
13.0876398087,80.1899032593,74425,74435,10
13.0876598358,80.1890792847,74435,74445,10
13.087679863,80.1890563965,74445,74455,10
13.0877199173,80.1887664795,74455,74465,10
13.0877199173,80.188369751,74465,74485,20
13.0877199173,80.188369751,74485,74495,10
13.0877399445,80.1880111694,74495,74505,10
13.0877504349,80.1874694824,74505,74515,10
13.0877895355,80.1866912842,74515,74526,11
13.087849617,80.1857528687,74526,74536,10
13.0879001617,80.1848983765,74536,74546,10
13.0879497528,80.1840133667,74546,74556,10
13.0879602432,80.1830596924,74556,74566,10
13.0880002975,80.1823425293,74566,74576,10
13.0880498886,80.1815338135,74576,74585,9
13.088060379,80.1807098389,74585,74596,11
13.088060379,80.1797027588,74596,74657,61
13.088060379,80.1797027588,74657,74667,10
13.0880899429,80.1790771484,74667,74677,10
13.088060379,80.1784591675,74677,74687,10
13.088060379,80.1776428223,74687,74697,10
13.088139534,80.1768493652,74697,74707,10
13.0882196426,80.1759414673,74707,74717,10
13.0882797241,80.1750411987,74717,74727,10
13.0883398056,80.1742935181,74727,74737,10
13.0883998871,80.1734695435,74737,74748,11
13.0884504318,80.1726074219,74748,74758,10
13.0884799957,80.1719818115,74758,74768,10
13.0885095596,80.1717605591,74768,74778,10
13.0885400772,80.1712417603,74778,74788,10
13.0885696411,80.170539856,74788,74798,10
13.0886297226,80.1697998047,74798,74808,10
13.0889396667,80.1695632935,74808,74818,10
13.0895500183,80.1696090698,74818,74828,10
13.0903501511,80.1696624756,74828,74838,10
13.0911798477,80.1697235107,74838,74848,10
13.0920000076,80.1697463989,74848,74859,11
13.0929203033,80.1698226929,74859,74869,10
13.0937004089,80.1698608398,74869,74879,10
13.0943698883,80.1698913574,74879,74889,10
13.0947303772,80.169921875,74889,74899,10
13.0951004028,80.1699523926,74899,74909,10
13.0957403183,80.1699905396,74909,74919,10
13.0964603424,80.1700363159,74919,74929,10
13.0972204208,80.1700897217,74929,74939,10
13.097990036,80.1701202393,74939,74949,10
13.0987997055,80.1701583862,74949,74959,10
13.0996704102,80.1699981689,74959,74980,21
13.0996704102,80.1699981689,74980,74990,10
13.0996904373,80.1698684692,74990,75000,10
13.0995998383,80.1697235107,75000,75010,10
13.099360466,80.1697921753,75010,75020,10
13.0993099213,80.1700820923,75020,75454,434
13.0993099213,80.1700820923,75454,75464,10
13.0991001129,80.1702728271,75464,75474,10
13.0986499786,80.1702194214,75474,75484,10
13.0980396271,80.1701812744,75484,75494,10
13.0973701477,80.1701431274,75494,75504,10
13.0965795517,80.1700897217,75504,75513,9
13.0959501266,80.1700668335,75513,75525,12
13.0951404572,80.1700134277,75525,75535,10
13.0948200226,80.1699981689,75535,75545,10
13.0945701599,80.1699905396,75545,75555,10
13.0942296982,80.1699523926,75555,75565,10
13.0938997269,80.1699295044,75565,75575,10
13.0934200287,80.1699066162,75575,75585,10
13.0926504135,80.1698532104,75585,75595,10
13.0918598175,80.1697769165,75595,75605,10
13.0910701752,80.1697387695,75605,75615,10
13.0902299881,80.1696777344,75615,75626,11
13.0893096924,80.1696395874,75626,75636,10
13.0887002945,80.1696624756,75636,75646,10
13.0886201859,80.1702194214,75646,75656,10
13.0885601044,80.1710281372,75656,75666,10
13.0885295868,80.1719589233,75666,75686,20
13.0885295868,80.1719589233,75686,75696,10
13.0885095596,80.1721191406,75696,75706,10
13.088470459,80.1726913452,75706,75716,10
13.0884304047,80.173538208,75716,75726,10
13.0883798599,80.1744232178,75726,75737,11
13.0883197784,80.1753082275,75737,75747,10
13.0882701874,80.1762237549,75747,75757,10
13.0882101059,80.1770706177,75757,75767,10
13.0881996155,80.1778182983,75767,75777,10
13.0881996155,80.1784820557,75777,75787,10
13.0881795883,80.1786422729,75787,75797,10
13.0882101059,80.1788406372,75797,75807,10
13.0881795883,80.1794815063,75807,75817,10
13.0881299973,80.1802978516,75817,75827,10
13.0881004333,80.1812210083,75827,75837,10
13.0881004333,80.1821212769,75837,75848,11
13.0880498886,80.1830978394,75848,75858,10
13.0879497528,80.1840591431,75858,75868,10
13.0879201889,80.1849517822,75868,75878,10
13.0879001617,80.185760498,75878,75888,10
13.0878896713,80.1866531372,75888,75898,10
13.087849617,80.1875610352,75898,75908,10
13.0878095627,80.188331604,75908,75918,10
13.0877304077,80.1892089844,75918,75927,9
13.0877504349,80.189666748,75927,75959,32
13.0877504349,80.189666748,75959,75969,10
13.087679863,80.1901016235,75969,75979,10
13.0876102448,80.1906967163,75979,75989,10
13.0874996185,80.1914672852,75989,75999,10
13.087389946,80.1922607422,75999,76009,10
13.0873603821,80.192489624,76009,76019,10
13.0873603821,80.1926803589,76019,76029,10
13.0873203278,80.1931610107,76029,76039,10
13.0872898102,80.1938323975,76039,76049,10
13.087269783,80.1947174072,76049,76059,10
13.087220192,80.1956634521,76059,76070,11
13.0871801376,80.196762085,76070,76080,10
13.0871696472,80.1976776123,76080,76090,10
13.0871801376,80.1978225708,76090,76100,10
13.0871696472,80.1978912354,76100,76110,10
13.0872001648,80.1982574463,76110,76120,10
13.0873403549,80.1985321045,76120,76130,10
13.0877103806,80.1985473633,76130,76139,9
13.0882196426,80.1985168457,76139,76150,11
13.0889196396,80.1985168457,76150,76160,10
13.0895299911,80.1985397339,76160,76170,10
13.0902500153,80.1985931396,76170,76181,11
13.0910997391,80.1986694336,76181,76191,10
13.0919599533,80.1987075806,76191,76201,10
13.0927295685,80.1987075806,76201,76211,10
13.0929403305,80.198928833,76211,76221,10
13.0929002762,80.1994628906,76221,76231,10
13.0928401947,80.2002792358,76231,76241,10
13.0928001404,80.2006378174,76241,76251,10
13.0925397873,80.200668335,76251,76261,10
13.0919599533,80.200630188,76261,76271,10
13.0911998749,80.2006225586,76271,76280,9
13.0904903412,80.200630188,76280,76292,12
13.0895395279,80.2006072998,76292,76302,10
13.0886497498,80.2005996704,76302,76312,10
13.0878095627,80.2005233765,76312,76322,10
13.0870399475,80.2005081177,76322,76332,10
13.086350441,80.2004699707,76332,76342,10
13.0856399536,80.2004165649,76342,76352,10
13.0852804184,80.200378418,76352,76362,10
13.0852298737,80.200012207,76362,76372,10
13.0852403641,80.1993331909,76372,76381,9
13.0851602554,80.1987228394,76381,76393,12
13.084690094,80.1987609863,76393,76403,10
13.0842599869,80.1987533569,76403,76413,10
13.0841999054,80.1987228394,76413,76423,10
13.083820343,80.1987686157,76423,76433,10
13.0830698013,80.1987380981,76433,76443,10
13.0823497772,80.1987304688,76443,76453,10
13.0820102692,80.1987304688,76453,76463,10
13.0815896988,80.1987228394,76463,76473,10
13.0810499191,80.1987075806,76473,76483,10
13.0804595947,80.1987609863,76483,76493,10
13.0797796249,80.1988067627,76493,76504,11
13.0790500641,80.1988677979,76504,76514,10
13.0783004761,80.1989364624,76514,76524,10
13.0774898529,80.1990432739,76524,76534,10
13.076669693,80.1991424561,76534,76544,10
13.0759000778,80.1992492676,76544,76554,10
13.0750999451,80.1994018555,76554,76564,10
13.0743904114,80.199760437,76564,76574,10
13.0739803314,80.2001037598,76574,76584,10
13.0736103058,80.2005233765,76584,76594,10
13.0733203888,80.2009429932,76594,76603,9
13.0732402802,80.2010192871,76603,76615,12
13.0730104446,80.2012863159,76615,76625,10
13.0726699829,80.2016906738,76625,76635,10
13.0723304749,80.2020874023,76635,76645,10
13.0718402863,80.2025909424,76645,76655,10
13.0713300705,80.2031936646,76655,76665,10
13.0707902908,80.2038421631,76665,76675,10
13.0702400208,80.2044906616,76675,76685,10
13.0699100494,80.2049713135,76685,76695,10
13.069609642,80.2049789429,76695,76705,10
13.0693502426,80.2048873901,76705,76715,10
13.0691204071,80.2052383423,76715,76726,11
13.0686998367,80.2054672241,76726,76736,10
13.068189621,80.2055130005,76736,76746,10
13.0679397583,80.2053985596,76746,76796,50
13.0679397583,80.2053985596,76796,76806,10
13.0679798126,80.2051773071,76806,76816,10
13.0679998398,80.2051467896,76816,76826,10
13.0682401657,80.205039978,76826,76837,11
13.0685901642,80.2049026489,76837,76847,10
13.0690202713,80.2047805786,76847,76857,10
13.0696401596,80.2048568726,76857,76877,20
13.0696401596,80.2048568726,76877,76887,10
13.069849968,80.2051010132,76887,76897,10
13.0696802139,80.2054595947,76897,76907,10
13.069270134,80.2060394287,76907,76917,10
13.0688295364,80.2067565918,76917,76927,10
13.0685596466,80.20728302,76927,76978,51
13.0685596466,80.20728302,76978,76988,10
13.0684299469,80.2075500488,76988,76998,10
13.068110466,80.2080001831,76998,77008,10
13.0677499771,80.2084884644,77008,77018,10
13.0674200058,80.2089996338,77018,77028,10
13.0669698715,80.2096405029,77028,77038,10
13.0663795471,80.2102432251,77038,77049,11
13.0656795502,80.2108306885,77049,77059,10
13.0650196075,80.2113113403,77059,77069,10
13.0643901825,80.2116165161,77069,77079,10
13.0639400482,80.2117614746,77079,77089,10
13.0637102127,80.211769104,77089,77119,30
13.0637102127,80.211769104,77119,77129,10
13.0632801056,80.211807251,77129,77139,10
13.0627202988,80.2118530273,77139,77148,9
13.0622501373,80.2117767334,77148,77160,12
13.0616502762,80.2116088867,77160,77170,10
13.060669899,80.211807251,77170,77180,10
13.0598697662,80.2117614746,77180,77190,10
13.0589799881,80.2117233276,77190,77200,10
13.0582103729,80.2116928101,77200,77210,10
13.0575799942,80.2116622925,77210,77220,10
13.0574197769,80.2116470337,77220,77230,10
13.0570497513,80.2116622925,77230,77240,10
13.056429863,80.2116317749,77240,77250,10
13.055680275,80.2116088867,77250,77260,10
13.054889679,80.2116394043,77260,77271,11
13.0541601181,80.2117004395,77271,77281,10
13.053440094,80.2118606567,77281,77291,10
13.0527095795,80.2120819092,77291,77301,10
13.0520095825,80.2122802734,77301,77310,9
13.0511102676,80.2122192383,77310,77331,21
13.0511102676,80.2122192383,77331,77341,10
13.0506896973,80.2122421265,77341,77351,10
13.0501403809,80.2122421265,77351,77361,10
13.0497903824,80.2122268677,77361,77391,30
13.0497903824,80.2122268677,77391,77402,11
13.0494203568,80.2121200562,77402,77412,10
13.0490198135,80.2121582031,77412,77422,10
13.0484304428,80.2122192383,77422,77432,10
13.0477695465,80.212310791,77432,77442,10
13.0469703674,80.2123718262,77442,77452,10
13.0460300446,80.2123413086,77452,77462,10
13.0452604294,80.2123718262,77462,77472,10
13.0448198318,80.2124481201,77472,77513,41
13.0448198318,80.2124481201,77513,77523,10
13.044670105,80.2124633789,77523,77533,10
13.0443601608,80.2124633789,77533,77543,10
13.0437602997,80.212387085,77543,77553,10
13.0430498123,80.2124099731,77553,77563,10
13.0424499512,80.212348938,77563,77573,10
13.0417499542,80.2122573853,77573,77583,10
13.0408201218,80.2124023438,77583,77593,10
13.040019989,80.2123413086,77593,77604,11
13.0389699936,80.2124023438,77604,77614,10
13.038069725,80.2124023438,77614,77624,10
13.0375299454,80.2124023438,77624,77684,60
13.0375299454,80.2124023438,77684,77694,10
13.0372200012,80.2122497559,77694,77704,10
13.0367002487,80.2122573853,77704,77715,11
13.0360097885,80.212310791,77715,77725,10
13.0353002548,80.2122421265,77725,77735,10
13.034620285,80.2121505737,77735,77745,10
13.0341501236,80.2121200562,77745,77765,20
13.0341501236,80.2121200562,77765,77775,10
13.0339803696,80.2120285034,77775,77785,10
13.0336999893,80.212020874,77785,77795,10
13.0332698822,80.2118988037,77795,77805,10
13.0327796936,80.2117919922,77805,77816,11
13.0321102142,80.2116928101,77816,77826,10
13.0319595337,80.2111206055,77826,77836,10
13.0319900513,80.2103424072,77836,77846,10
13.0319795609,80.2096633911,77846,77856,10
13.0315599442,80.2095718384,77856,77866,10
13.0302400589,80.2091522217,77866,77886,20
13.0302400589,80.2091522217,77886,77896,10
13.0300598145,80.2091217041,77896,77906,10
13.0297403336,80.2090072632,77906,77916,10
13.0295801163,80.2089614868,77916,77927,11
13.0294303894,80.2088775635,77927,77937,10
13.0289897919,80.2087631226,77937,77947,10
13.0282697678,80.2085571289,77947,77957,10
13.0276002884,80.2082977295,77957,77967,10
13.0269498825,80.2079315186,77967,77977,10
13.0262899399,80.2075271606,77977,77987,10
13.0255498886,80.2071380615,77987,77997,10
13.0242700577,80.2068786621,77997,78017,20
13.0242700577,80.2068786621,78017,78027,10
13.0239295959,80.206817627,78027,78038,11
13.0233297348,80.206703186,78038,78048,10
13.0226297379,80.2065734863,78048,78058,10
13.0218400955,80.206413269,78058,78068,10
13.0211801529,80.206489563,78068,78078,10
13.0203399658,80.20652771,78078,78088,10
13.019490242,80.2064590454,78088,78098,10
13.019080162,80.2063217163,78098,78108,10
13.0188903809,80.2062606812,78108,78118,10
13.0183296204,80.2060317993,78118,78128,10
13.0176801682,80.2058410645,78128,78138,10
13.0172395706,80.2056427002,78138,78149,11
13.0167198181,80.2053833008,78149,78159,10
13.0159902573,80.2051620483,78159,78169,10
13.0152597427,80.2049179077,78169,78179,10
13.0144796371,80.2046737671,78179,78189,10
13.0143003464,80.2046737671,78189,78199,10
13.0139303207,80.2045288086,78199,78209,10
13.0136098862,80.2044830322,78209,78219,10
13.0134096146,80.2049331665,78219,78229,10
13.0131597519,80.2056427002,78229,78239,10
13.0129404068,80.2063598633,78239,78249,10
13.0128498077,80.2070922852,78249,78260,11
13.0127897263,80.2077026367,78260,78270,10
13.0127401352,80.2081680298,78270,78280,10
13.0127096176,80.2086181641,78280,78290,10
13.0127496719,80.2091217041,78290,78300,10
13.0130300522,80.2096862793,78300,78310,10
13.0129995346,80.2102279663,78310,78320,10
13.0129404068,80.2108078003,78320,78330,10
13.0126399994,80.2113876343,78330,78340,10
13.0123100281,80.212020874,78340,78350,10
13.0119400024,80.2125167847,78350,78360,10
13.0117998123,80.2127380371,78360,78371,11
13.0116195679,80.2127380371,78371,78381,10
13.0113401413,80.2125091553,78381,78391,10
13.0107898712,80.2120819092,78391,78401,10
13.0101900101,80.2115936279,78401,78411,10
13.0095701218,80.2111129761,78411,78482,71
13.0093002319,80.2109069824,78482,78502,20
13.0093002319,80.2109069824,78502,78512,10
13.0090703964,80.2111587524,78512,78522,10
13.0089797974,80.2117385864,78522,78532,10
13.0091495514,80.2122573853,78532,78542,10
13.0093698502,80.2128677368,78542,78552,10
13.0096101761,80.2134628296,78552,78562,10
13.0098495483,80.2140274048,78562,78572,10
13.0100603104,80.2145996094,78572,78583,11
13.0101699829,80.2154006958,78583,78593,10
13.0104103088,80.2161331177,78593,78603,10
13.0107402802,80.2168884277,78603,78613,10
13.0110797882,80.2176437378,78613,78623,10
13.0114097595,80.2185287476,78623,78633,10
13.0117397308,80.2194366455,78633,78643,10
13.0120296478,80.2203063965,78643,78653,10
13.0122900009,80.2210998535,78653,78663,10
13.0124702454,80.2216796875,78663,78673,10
13.0129003525,80.2222824097,78673,78683,10
13.0134401321,80.2229385376,78683,78694,11
13.0140104294,80.2236328125,78694,78704,10
13.0145397186,80.224281311,78704,78714,10
13.0150995255,80.224861145,78714,78724,10
13.015370369,80.2253723145,78724,78734,10
13.0150899887,80.2258224487,78734,78744,10
13.0146398544,80.2259979248,78744,78754,10
13.0141601563,80.2262115479,78754,78764,10
13.0135297775,80.2265014648,78764,78774,10
13.0128297806,80.2267913818,78774,78784,10
13.0120601654,80.2270736694,78784,78794,10
13.0112304688,80.2273788452,78794,78805,11
13.0102996826,80.2277603149,78805,78815,10
13.0095796585,80.2277679443,78815,78825,10
13.0096597672,80.2271499634,78825,78835,10
13.0099897385,80.2264633179,78835,78845,10
13.0102701187,80.2257766724,78845,78855,10
13.0105400085,80.225112915,78855,78865,10
13.0108003616,80.2244110107,78865,78875,10
13.0110902786,80.2236633301,78875,78885,10
13.0112304688,80.223197937,78885,78895,10
13.0108995438,80.2229537964,78895,78905,10
13.0104198456,80.2227325439,78905,78916,11
13.0102500916,80.2226333618,78916,78926,10
13.0098495483,80.2223892212,78926,78936,10
13.0093097687,80.222076416,78936,78946,10
13.0087203979,80.2217788696,78946,78956,10
13.0080699921,80.2214126587,78956,78966,10
13.007349968,80.2210083008,78966,78976,10
13.006649971,80.2206497192,78976,78986,10
13.0059099197,80.220451355,78986,78996,10
13.0051298141,80.2202987671,78996,79006,10
13.0044603348,80.220123291,79006,79016,10
13.0038204193,80.2199783325,79016,79027,11
13.0031299591,80.2198104858,79027,79037,10
13.0024900436,80.2194976807,79037,79047,10
13.001950264,80.2189712524,79047,79057,10
13.0015096664,80.218536377,79057,79067,10
13.0010204315,80.2182006836,79067,79077,10
13.0004997253,80.2178192139,79077,79087,10
13.0000400543,80.2175369263,79087,79097,10
12.9994001389,80.2171630859,79097,79107,10
12.9986600876,80.216796875,79107,79116,9
12.997420311,80.2164764404,79116,79138,22
12.997420311,80.2164764404,79138,79148,10
12.9973402023,80.2164764404,79148,79158,10
12.9969902039,80.216468811,79158,79168,10
12.9964399338,80.2165298462,79168,79178,10
12.9957799911,80.2166824341,79178,79188,10
12.9951200485,80.2169570923,79188,79198,10
12.99477005,80.2172088623,79198,79208,10
12.994310379,80.2175521851,79208,79218,10
12.9937400818,80.2179336548,79218,79227,9
12.993180275,80.2183227539,79227,79239,12
12.9924898148,80.2188415527,79239,79249,10
12.9918298721,80.2193222046,79249,79259,10
12.9911003113,80.2194366455,79259,79279,20
12.9911003113,80.2194366455,79279,79289,10
12.9908304214,80.2193527222,79289,79299,10
12.99036026,80.2191925049,79299,79309,10
12.9897098541,80.218963623,79309,79319,10
12.98898983,80.2186889648,79319,79329,10
12.9882898331,80.2184677124,79329,79339,10
12.9875297546,80.2183227539,79339,79350,11
12.9869499207,80.2182312012,79350,79360,10
12.9869203568,80.2182235718,79360,79370,10
12.9866199493,80.2181396484,79370,79380,10
12.9861001968,80.2179870605,79380,79390,10
12.9853496552,80.217880249,79390,79400,10
12.9846401215,80.2179107666,79400,79410,10
12.9841003418,80.2179336548,79410,79420,10
12.9840803146,80.2179412842,79420,79430,10
12.9840803146,80.2179336548,79430,79440,10
12.9837198257,80.2179412842,79440,79450,10
12.9830904007,80.2179412842,79450,79461,11
12.9821901321,80.2179412842,79461,79471,10
12.9812898636,80.2180480957,79471,79481,10
12.9804897308,80.2183074951,79481,79491,10
12.9798402786,80.2185516357,79491,79501,10
12.9791297913,80.2188720703,79501,79511,10
12.9785699844,80.2190933228,79511,79521,10
12.9779100418,80.2193603516,79521,79531,10
12.9771203995,80.2196731567,79531,79541,10
12.9763002396,80.2200088501,79541,79551,10
12.9756298065,80.2203063965,79551,79561,10
12.9756402969,80.2209320068,79561,79652,91
12.9756402969,80.2209320068,79652,79662,10
12.9757900238,80.2210464478,79662,79673,11
12.9762201309,80.2211608887,79673,79683,10
12.9762496948,80.2211608887,79683,79693,10
12.9766597748,80.2211380005,79693,79703,10
12.9782896042,80.2210388184,79703,79713,10
12.9794397354,80.2209625244,79713,79723,10
12.9800395966,80.2208862305,79723,79733,10
12.9809598923,80.2208175659,79733,79743,10
12.9813499451,80.2210693359,79743,79753,10
12.9817199707,80.2214279175,79753,79763,10
12.9823799133,80.2216262817,79763,79773,10
12.9827699661,80.221786499,79773,79784,11
12.9827604294,80.2218017578,79784,79794,10
12.9829702377,80.2220230103,79794,79804,10
12.9830904007,80.222038269,79804,79814,10
12.9833898544,80.2221603394,79814,79824,10
12.9834699631,80.2223815918,79824,79834,10
12.9836397171,80.2226409912,79834,79844,10
12.9841403961,80.2229232788,79844,79854,10
12.9850301743,80.2230224609,79854,79864,10
12.9856700897,80.2228164673,79864,79874,10
12.9862203598,80.2227935791,79874,79884,10
12.9863300323,80.2228012085,79884,79895,11
12.986869812,80.22290802,79895,79905,10
12.9873304367,80.2229385376,79905,79915,10
12.987660408,80.222618103,79915,79925,10
12.9883899689,80.2220993042,79925,79935,10
12.9891700745,80.2215881348,79935,79945,10
12.9893798828,80.2210617065,79945,79955,10
12.9900197983,80.2206115723,79955,79965,10
12.9908504486,80.2200622559,79965,79975,10
12.9914102554,80.219619751,79975,79985,10
12.9916000366,80.2194213867,79985,79995,10
12.9921102524,80.219078064,79995,80006,11
12.992770195,80.2185974121,80006,80016,10
12.9932498932,80.2182312012,80016,80026,10
12.9937601089,80.2178573608,80026,80036,10
12.9942998886,80.2174606323,80036,80046,10
12.9948596954,80.2170791626,80046,80056,10
12.9954500198,80.2167510986,80056,80066,10
12.9961500168,80.2165222168,80066,80076,10
12.9968700409,80.2164535522,80076,80086,10
12.9973402023,80.216293335,80086,80096,10
12.9977998734,80.2159118652,80096,80106,10
12.998459816,80.2153167725,80106,80117,11
12.9991197586,80.2147369385,80117,80127,10
12.9994602203,80.2144393921,80127,80137,10
12.9999399185,80.2139968872,80137,80147,10
13.0004701614,80.2135314941,80147,80157,10
13.0009803772,80.2130508423,80157,80167,10
13.0014896393,80.212677002,80167,80177,10
13.0020503998,80.212310791,80177,80187,10
13.002530098,80.2120895386,80187,80197,10
13.0031003952,80.212020874,80197,80207,10
13.0036401749,80.2118835449,80207,80217,10
13.0036802292,80.211479187,80217,80228,11
13.0036096573,80.2107009888,80228,80238,10
13.0035104752,80.2099533081,80238,80248,10
13.003569603,80.2091674805,80248,80258,10
13.0039396286,80.2086029053,80258,80268,10
13.0048799515,80.2090072632,80268,80278,10
13.0058603287,80.2094268799,80278,80288,10
13.0066795349,80.2096786499,80288,80298,10
13.0070695877,80.2098083496,80298,80308,10
13.0072803497,80.2098770142,80308,80318,10
13.0078001022,80.2099609375,80318,80328,10
13.0081195831,80.2098617554,80328,80339,11
13.0079803467,80.2092208862,80339,80349,10
13.0078496933,80.208442688,80349,80359,10
13.0077800751,80.2077484131,80359,80369,10
13.0076398849,80.2070236206,80369,80379,10
13.007519722,80.2062530518,80379,80389,10
13.0073299408,80.2054977417,80389,80399,10
13.0070295334,80.2047805786,80399,80409,10
13.0066299438,80.2039794922,80409,80419,10
13.0061197281,80.2032165527,80419,80429,10
13.0057401657,80.2026367188,80429,80440,11
13.0055303574,80.2021026611,80440,80450,10
13.0050096512,80.2015533447,80450,80460,10
13.0043401718,80.201133728,80460,80470,10
13.0034799576,80.2009811401,80470,80480,10
13.0025997162,80.2007217407,80480,80490,10
13.0019798279,80.2002868652,80490,80500,10
13.001660347,80.1996688843,80500,80510,10
13.0016698837,80.1989898682,80510,80520,10
13.0018196106,80.1982116699,80520,80530,10
13.0019302368,80.1973495483,80530,80540,10
13.001709938,80.1965637207,80540,80551,11
13.0012798309,80.1959915161,80551,80561,10
13.0011100769,80.1957778931,80561,80571,10
13.0008201599,80.1954116821,80571,80581,10
13.0004196167,80.1949386597,80581,80591,10
12.9999704361,80.1943664551,80591,80601,10
12.9996204376,80.1939163208,80601,80611,10
12.999250412,80.1934509277,80611,80621,10
12.9987602234,80.1928405762,80621,80631,10
12.9983797073,80.1923599243,80631,80641,10
12.9979400635,80.1924591064,80641,80650,9
12.9974403381,80.1929016113,80650,80662,12
12.9969396591,80.1932525635,80662,80672,10
12.9967298508,80.193031311,80672,80682,10
12.996629715,80.1925506592,80682,80692,10
12.9965400696,80.1921920776,80692,80702,10
12.9964704514,80.1919021606,80702,81247,545
12.9963798523,80.1918029785,81247,81731,484
12.9964895248,80.19190979,81731,82417,686
12.9964199066,80.1917190552,82417,83639,1222
12.9963302612,80.1915206909,83639,83850,211
12.9963302612,80.1915206909,83850,83861,11
12.9963998795,80.19140625,83861,83871,10
12.9967002869,80.1912384033,83871,83881,10
12.9972400665,80.1913070679,83881,84506,625
12.9973201752,80.1910934448,84506,84627,121
12.9972496033,80.1912612915,84627,85929,1302
12.9972496033,80.1912612915,85929,85939,10
12.9974899292,80.1916885376,85939,86202,263
12.9974899292,80.1916885376,86202,86212,10
12.9974002838,80.1917800903,86212,86222,10
