12.9969997406,80.1909103394,18,6791,6773
12.9968795776,80.190826416,6791,8174,1383
12.996919632,80.1909103394,8174,9294,1120
12.997010231,80.1907806396,9294,14311,5017
12.9968795776,80.1910095215,14311,19267,4956
12.996919632,80.1907501221,19267,21710,2443
12.996919632,80.1907501221,21710,21720,10
12.9970397949,80.1909408569,21720,21730,10
12.9968700409,80.1911087036,21730,21740,10
12.9964799881,80.1913986206,21740,21760,20
12.9964799881,80.1913986206,21760,21770,10
12.9962797165,80.1912231445,21770,21790,20
12.9962797165,80.1912231445,21790,21800,10
12.9961500168,80.1907577515,21800,21810,10
12.9961204529,80.1905670166,21810,21821,11
12.9960603714,80.1903076172,21821,21831,10
12.9959897995,80.1900405884,21831,21841,10
12.9959201813,80.1896972656,21841,21851,10
12.9959001541,80.1894683838,21851,21861,10
12.9959001541,80.1894607544,21861,21871,10
12.9959897995,80.1893081665,21871,21881,10
12.9961595535,80.1892929077,21881,21891,10
12.9963998795,80.1895980835,21891,21901,10
12.9968204498,80.190071106,21901,21911,10
12.9973096848,80.1906661987,21911,21922,11
12.9979095459,80.19140625,21922,21932,10
12.998459816,80.1921005249,21932,21942,10
12.9990196228,80.192817688,21942,21952,10
12.9995002747,80.1934661865,21952,21962,10
12.9999198914,80.1940536499,21962,21972,10
13.0004997253,80.1947097778,21972,21982,10
13.0011100769,80.1954574585,21982,21992,10
13.0017595291,80.1961975098,21992,22002,10
13.0021600723,80.1971588135,22002,22012,10
13.0019903183,80.1982574463,22012,22023,11
13.0018196106,80.1994018555,22023,22033,10
13.0020399094,80.2001419067,22033,22043,10
13.0027999878,80.2006607056,22043,22053,10
13.0036296844,80.2007980347,22053,22063,10
13.0039196014,80.2008895874,22063,22073,10
13.0043201447,80.2010726929,22073,22083,10
13.0048503876,80.2012481689,22083,22093,10
13.0055503845,80.2017669678,22093,22103,10
13.0060596466,80.2026290894,22103,22113,10
13.0066699982,80.2033081055,22113,22124,11
13.0075101852,80.2036972046,22124,22134,10
13.0084104538,80.203742981,22134,22144,10
13.0094003677,80.2036514282,22144,22154,10
13.0105199814,80.2036209106,22154,22164,10
13.0116796494,80.2037200928,22164,22174,10
13.012840271,80.2039413452,22174,22184,10
13.0138502121,80.204246521,22184,22194,10
13.0149097443,80.2046203613,22194,22204,10
13.015999794,80.2049636841,22204,22214,10
13.0167198181,80.2051773071,22214,22223,9
13.0172996521,80.2053909302,22223,22235,12
13.0183401108,80.2057495117,22235,22245,10
13.019659996,80.2061920166,22245,22265,20
13.019659996,80.2061920166,22265,22275,10
13.0198402405,80.206237793,22275,22285,10
13.020409584,80.2062683105,22285,22295,10
13.0212697983,80.2062683105,22295,22305,10
13.0221996307,80.2063064575,22305,22315,10
13.0230903625,80.206489563,22315,22325,10
13.0240802765,80.2066574097,22325,22336,11
13.0251998901,80.2068862915,22336,22346,10
13.0261201859,80.2073287964,22346,22356,10
13.0269804001,80.207862854,22356,22366,10
13.0278501511,80.208366394,22366,22376,10
13.028840065,80.2086791992,22376,22386,10
13.0297498703,80.2088775635,22386,22396,10
13.0305500031,80.2090911865,22396,22406,10
13.0315504074,80.2093200684,22406,22426,20
13.0315504074,80.2093200684,22426,22435,9
13.0315799713,80.2093582153,22435,22447,12
13.032119751,80.2095489502,22447,22457,10
13.032959938,80.2096862793,22457,22467,10
13.0339403152,80.2098922729,22467,22477,10
13.0348701477,80.2101135254,22477,22487,10
13.0349903107,80.2112121582,22487,22507,20
13.0349903107,80.2112121582,22507,22517,10
13.0349597931,80.2114028931,22517,22527,10
13.0348997116,80.2118530273,22527,22536,9
13.0351295471,80.2121582031,22536,22548,12
13.0359296799,80.2122192383,22548,22558,10
13.0368003845,80.212272644,22558,22568,10
13.0378198624,80.2122802734,22568,22578,10
13.038860321,80.2122802734,22578,22588,10
13.0399103165,80.2122879028,22588,22598,10
13.0409898758,80.2122802734,22598,22608,10
13.0420398712,80.2123184204,22608,22618,10
13.0430603027,80.2122879028,22618,22628,10
13.0441303253,80.212272644,22628,22638,10
13.0450296402,80.2122421265,22638,22648,10
13.0460395813,80.2121963501,22648,22659,11
13.047129631,80.2121429443,22659,22669,10
13.0478096008,80.212059021,22669,22679,10
13.0481004715,80.2120513916,22679,22689,10
13.0484695435,80.2119979858,22689,22699,10
13.0484800339,80.2119979858,22699,22709,10
13.0485897064,80.2119827271,22709,22719,10
13.0490398407,80.2119598389,22719,22729,10
13.0494403839,80.2119522095,22729,22739,10
13.0496196747,80.2119293213,22739,22780,41
13.0496196747,80.2119293213,22780,22790,10
13.0500898361,80.2119216919,22790,22800,10
13.0506000519,80.2119598389,22800,22810,10
13.0513296127,80.2120513916,22810,22820,10
13.0523996353,80.2119293213,22820,22830,10
13.0533800125,80.2116928101,22830,22840,10
13.0543804169,80.2114334106,22840,22850,10
13.0553998947,80.2114028931,22850,22860,10
13.0564899445,80.2114486694,22860,22871,11
13.0575199127,80.2114334106,22871,22881,10
13.0576496124,80.2114105225,22881,22891,10
13.0578403473,80.2113876343,22891,22901,10
13.0584402084,80.2114105225,22901,22911,10
13.0592298508,80.211479187,22911,22921,10
13.0602197647,80.2115402222,22921,22931,10
13.061249733,80.2115707397,22931,22941,10
13.06208992,80.2116165161,22941,22951,10
13.0629997253,80.2115325928,22951,22961,10
13.063170433,80.211517334,22961,22972,11
13.0633602142,80.2115097046,22972,22982,10
13.0634403229,80.2115020752,22982,22992,10
13.0635004044,80.2114868164,22992,23002,10
13.0638904572,80.2115020752,23002,23012,10
13.0645399094,80.2113113403,23012,23022,10
13.0652999878,80.2108764648,23022,23032,10
13.0661296844,80.2102279663,23032,23042,10
13.0669298172,80.2094573975,23042,23052,10
13.0674495697,80.2086334229,23052,23062,10
13.0679798126,80.2078094482,23062,23072,10
13.0685901642,80.2068862915,23072,23083,11
13.0690603256,80.2062225342,23083,23093,10
13.0692596436,80.2059402466,23093,23103,10
13.0693798065,80.2057800293,23103,23113,10
13.0694904327,80.2055892944,23113,23123,10
13.0695495605,80.2054519653,23123,23133,10
13.0696496964,80.2052536011,23133,23143,10
13.0697097778,80.2050323486,23143,23153,10
13.0687704086,80.2051467896,23153,23220,67
13.0687704086,80.2051467896,23220,23250,30
13.0689296722,80.2047805786,23250,23260,10
13.0691099167,80.2047424316,23260,23270,10
13.0693597794,80.2047424316,23270,23280,10
13.0693902969,80.2047424316,23280,23291,11
13.0694799423,80.2047576904,23291,23301,10
13.0696001053,80.2047805786,23301,23310,9
13.0719404221,80.2023620605,23310,23377,67
13.074760437,80.1992721558,23377,23455,78
13.0770597458,80.1989822388,23455,23485,30
13.0795402527,80.1986999512,23485,23516,31
13.0818901062,80.1985626221,23516,23546,30
13.0831699371,80.1984710693,23546,23667,121
13.0835504532,80.1984481812,23667,23698,31
13.0837898254,80.1984405518,23698,23758,60
13.0841598511,80.1984405518,23758,23877,119
13.0851402283,80.1984176636,23877,23907,30
13.0864896774,80.1983718872,23907,23938,31
13.0871601105,80.1979293823,23938,23968,30
13.0872402191,80.1961975098,23968,23998,30
13.0873003006,80.193611145,23998,24028,30
13.0877895355,80.1882476807,24028,24102,74
13.0879096985,80.1867294312,24102,24132,30
13.0880498886,80.1834793091,24132,24163,31
13.088139534,80.1806488037,24163,24192,29
13.0881500244,80.1786727905,24192,24224,32
13.0881500244,80.1786727905,24224,24256,32
13.0882501602,80.1764678955,24256,24266,10
13.0883197784,80.1755599976,24266,24276,10
13.0883798599,80.174659729,24276,24286,10
13.0884399414,80.1739196777,24286,24296,10
13.0884895325,80.1730117798,24296,24306,10
13.0885400772,80.1720428467,24306,24316,10
13.088549614,80.1717681885,24316,24326,10
13.0885601044,80.1713867188,24326,24336,10
13.0886001587,80.1706924438,24336,24346,10
13.0886497498,80.1698989868,24346,24357,11
13.0889701843,80.1695022583,24357,24367,10
13.0896701813,80.1695632935,24367,24377,10
13.0905504227,80.1696090698,24377,24386,9
13.0914697647,80.1696777344,24386,24397,11
13.0925798416,80.1697387695,24397,24407,10
13.0936002731,80.1697998047,24407,24417,10
13.0945796967,80.1698608398,24417,24427,10
13.0947799683,80.1698684692,24427,24437,10
13.0950403214,80.1698913574,24437,24446,9
13.0953598022,80.1699066162,24446,24458,12
13.0962400436,80.1699523926,24458,24468,10
13.0971803665,80.1699981689,24468,24478,10
13.0981702805,80.1700592041,24478,24488,10
13.0987796783,80.1700820923,24488,24498,10
13.0989704132,80.1701126099,24498,24508,10
13.0993404388,80.1701126099,24508,24548,40
13.0993404388,80.1701126099,24548,24558,10
13.0996303558,80.1700668335,24558,24569,11
13.0996904373,80.1702423096,24569,24579,10
13.0995197296,80.1701965332,24579,24589,10
13.0989999771,80.170211792,24589,24882,293
13.0989999771,80.170211792,24882,24892,10
13.0986099243,80.170173645,24892,24902,10
13.0981397629,80.1701431274,24902,24912,10
13.0974197388,80.1700820923,24912,24922,10
13.0965204239,80.1700286865,24922,24932,10
13.0956201553,80.1699676514,24932,24942,10
13.0949401855,80.1699066162,24942,24952,10
13.0946702957,80.1698913574,24952,24962,10
13.0944099426,80.1698608398,24962,24972,10
13.0939998627,80.1698226929,24972,24982,10
13.0933103561,80.1697463989,24982,24993,11
13.09237957,80.1697463989,24993,25003,10
13.0914201736,80.1696929932,25003,25013,10
13.0904302597,80.1696395874,25013,25023,10
13.0894699097,80.169593811,25023,25033,10
13.0887699127,80.169631958,25033,25043,10
13.0887002945,80.1701812744,25043,25053,10
13.0886602402,80.1709594727,25053,25063,10
13.088640213,80.1716995239,25063,25073,10
13.0886297226,80.1718978882,25073,25083,10
13.0885801315,80.1721191406,25083,25094,11
13.0885601044,80.1726303101,25094,25104,10
13.0885095596,80.1732788086,25104,25114,10
13.0884895325,80.1739883423,25114,25124,10
13.088470459,80.1747512817,25124,25134,10
13.0883998871,80.17552948,25134,25144,10
13.0883598328,80.176399231,25144,25154,10
13.0883102417,80.1772003174,25154,25164,10
13.0882997513,80.1778030396,25164,25174,10
13.0882997513,80.1785202026,25174,25184,10
13.0882902145,80.1786117554,25184,25194,10
13.0882997513,80.1786880493,25194,25205,11
13.0882797241,80.179069519,25205,25215,10
13.088259697,80.1796417236,25215,25225,10
13.0882396698,80.1803283691,25225,25235,10
13.0881996155,80.1811218262,25235,25245,10
13.0881700516,80.1826477051,25245,25255,10
13.0881700516,80.1826477051,25255,25265,10
13.0881204605,80.1835098267,25265,25274,9
13.0878696442,80.1896972656,25274,25345,71
13.0878696442,80.1896972656,25345,25365,20
13.087849617,80.1897583008,25365,25375,10
13.087770462,80.1900863647,25375,25385,10
13.0876903534,80.1906661987,25385,25395,10
13.0875902176,80.1914215088,25395,25405,10
13.0874700546,80.1922225952,25405,25416,11
13.087439537,80.1926574707,25416,25426,10
13.0874099731,80.1928482056,25426,25436,10
13.0874004364,80.193359375,25436,25446,10
13.0873804092,80.1940917969,25446,25456,10
13.0873498917,80.1949920654,25456,25466,10
13.0873403549,80.1959075928,25466,25476,10
13.0873098373,80.196937561,25476,25486,10
13.0872898102,80.1976699829,25486,25496,10
13.0872497559,80.1978530884,25496,25506,10
13.0873203278,80.1983413696,25506,25515,9
13.0911798477,80.198600769,25515,25585,70
13.0929899216,80.1992034912,25585,25615,30
13.0927000046,80.2005996704,25615,25646,31
13.0902500153,80.2005233765,25646,25676,30
13.0873203278,80.2004318237,25676,25706,30
13.0853300095,80.2001266479,25706,25741,35
13.0852403641,80.1987075806,25741,25771,30
13.0832099915,80.198638916,25771,25871,100
13.0830202103,80.198638916,25871,25901,30
13.0814800262,80.198638916,25901,25931,30
13.0791196823,80.1987991333,25931,25962,31
13.0763998032,80.1991500854,25962,25992,30
13.0737895966,80.2004013062,25992,26022,30
13.0703401566,80.2043991089,26022,26099,77
13.0700597763,80.204788208,26099,26129,30
13.0699396133,80.2049789429,26129,26159,30
13.0692901611,80.2050170898,26159,26190,31
13.0685501099,80.2054519653,26190,26220,30
13.0683097839,80.2054672241,26220,26281,61
13.0685300827,80.2048797607,26281,26403,122
13.0688800812,80.2047729492,26403,26498,95
13.0697097778,80.2048416138,26498,26552,54
13.0698604584,80.2049331665,26552,26582,30
13.068860054,80.2067871094,26582,26660,78
13.0677099228,80.2086791992,26660,26690,30
13.0659799576,80.2105789185,26690,26721,31
13.0647497177,80.2114715576,26721,26751,30
13.0626096725,80.2117996216,26751,26780,29
13.059129715,80.2116775513,26780,26812,32
13.0564203262,80.2116088867,26812,26841,29
13.0531301498,80.2119216919,26841,26872,31
13.0503501892,80.2121963501,26872,26902,30
13.0494298935,80.2122116089,26902,26933,31
13.0472202301,80.2123413086,26933,26963,30
13.0446100235,80.2124481201,26963,26992,29
13.044549942,80.2124633789,26992,27054,62
13.0430603027,80.212387085,27054,27084,30
13.0430603027,80.212387085,27084,27104,20
13.0411195755,80.2124023438,27104,27115,11
13.0397500992,80.2124176025,27115,27125,10
13.038649559,80.2124328613,27125,27135,10
13.0374698639,80.2124176025,27135,27145,10
13.036359787,80.212348938,27145,27155,10
13.0352602005,80.2123184204,27155,27165,10
13.0345497131,80.2122116089,27165,27175,10
13.0341796875,80.2121734619,27175,27185,10
13.0340299606,80.2121505737,27185,27195,10
13.0335998535,80.212020874,27195,27205,10
13.0329198837,80.2119369507,27205,27216,11
13.0321302414,80.2118301392,27216,27226,10
13.0319595337,80.2114105225,27226,27236,10
13.0320596695,80.2107620239,27236,27246,10
13.0321598053,80.2099533081,27246,27256,10
13.0318498611,80.2096099854,27256,27266,10
13.0312099457,80.2093887329,27266,27276,10
13.0303602219,80.2091674805,27276,27286,10
13.0296401978,80.2090072632,27286,27296,10
13.0295801163,80.2089920044,27296,27306,10
13.0292100906,80.2088317871,27306,27315,9
13.028550148,80.2086868286,27315,27327,12
13.0275497437,80.2083129883,27327,27337,10
13.026720047,80.2078018188,27337,27347,10
13.0258998871,80.2072906494,27347,27357,10
13.024889946,80.2070007324,27357,27367,10
13.0239801407,80.2068099976,27367,27377,10
13.0229997635,80.2066268921,27377,27387,10
13.0219497681,80.206489563,27387,27397,10
13.0208997726,80.2065200806,27397,27407,10
13.0197896957,80.2065429688,27407,27417,10
13.0190496445,80.2063980103,27417,27448,31
13.0190496445,80.2063980103,27448,27458,10
13.0186395645,80.2062301636,27458,27468,10
13.0182695389,80.2061004639,27468,27478,10
13.017999649,80.2060012817,27478,27488,10
13.0175895691,80.2058334351,27488,27498,10
13.0168895721,80.205581665,27498,27508,10
13.016169548,80.2052612305,27508,27518,10
13.015080452,80.2049026489,27518,27528,10
13.014289856,80.2046432495,27528,27539,11
13.0139799118,80.2045516968,27539,27549,10
13.0136499405,80.2045516968,27549,27559,10
13.0135202408,80.2048797607,27559,27569,10
13.0133104324,80.2055130005,27569,27579,10
13.0130796432,80.2063369751,27579,27589,10
13.0129995346,80.2071762085,27589,27599,10
13.0129404068,80.2077713013,27599,27609,10
13.0129098892,80.2081298828,27609,27619,10
13.0129203796,80.2085037231,27619,27629,10
13.0129299164,80.2088165283,27629,27640,11
13.0130901337,80.2094573975,27640,27650,10
13.0132303238,80.2099914551,27650,27660,10
13.013130188,80.2107009888,27660,27670,10
13.0128202438,80.211479187,27670,27680,10
13.0123596191,80.2122192383,27680,27690,10
13.0119895935,80.2127380371,27690,27700,10
13.0118198395,80.2128601074,27700,27710,10
13.0115604401,80.212638855,27710,27720,10
13.0109100342,80.2121429443,27720,27730,10
13.0101995468,80.2116088867,27730,27740,10
13.0095300674,80.2110671997,27740,27751,11
13.0094604492,80.2110519409,27751,27761,10
13.0093297958,80.2111206055,27761,27771,10
13.0091295242,80.2113494873,27771,27781,10
13.0090503693,80.2117462158,27781,27791,10
13.0092601776,80.2123794556,27791,27801,10
13.0094995499,80.2130279541,27801,27811,10
13.0097398758,80.2136230469,27811,27821,10
13.0099802017,80.2141876221,27821,27831,10
13.0101804733,80.2148284912,27831,27841,10
13.0103197098,80.2157363892,27841,27852,11
13.0108203888,80.2168807983,27852,27862,10
13.0113096237,80.2180099487,27862,27872,10
13.0117397308,80.2192382813,27872,27882,10
13.0121898651,80.2205200195,27882,27892,10
13.0125398636,80.2214126587,27892,27902,10
13.0128498077,80.2218933105,27902,27912,10
13.0133800507,80.2225494385,27912,27922,10
13.0139598846,80.2232971191,27922,27932,10
13.0143499374,80.2237930298,27932,27942,10
13.014840126,80.2243118286,27942,27952,10
13.0152196884,80.2248916626,27952,27963,11
13.0154600143,80.225440979,27963,27973,10
13.0151796341,80.2258605957,27973,27983,10
13.0145702362,80.2261199951,27983,27993,10
13.0137796402,80.2264328003,27993,28003,10
13.0129299164,80.2267684937,28003,28013,10
13.0120897293,80.2271118164,28013,28023,10
13.011179924,80.2274475098,28023,28033,10
13.0102596283,80.2278137207,28033,28043,10
13.0095500946,80.2277297974,28043,28053,10
13.0097799301,80.2271270752,28053,28064,11
13.0101699829,80.2262802124,28064,28074,10
13.0104999542,80.2254180908,28074,28084,10
13.0108699799,80.2246170044,28084,28094,10
13.0112104416,80.2236709595,28094,28104,10
13.0113201141,80.223197937,28104,28114,10
13.010890007,80.2229766846,28114,28124,10
13.0104198456,80.2227935791,28124,28134,10
13.0100498199,80.2225799561,28134,28144,10
13.0094099045,80.2221984863,28144,28154,10
13.0086202621,80.2217407227,28154,28164,10
13.0077199936,80.2212982178,28164,28175,11
13.0066699982,80.2207489014,28175,28185,10
13.0056295395,80.2204971313,28185,28195,10
13.0046596527,80.2202835083,28195,28205,10
13.0036497116,80.2200317383,28205,28215,10
13.0027303696,80.2196884155,28215,28225,10
13.0019302368,80.2189407349,28225,28235,10
13.0011997223,80.2183074951,28235,28245,10
13.0004901886,80.2178573608,28245,28255,10
12.9997196198,80.2173309326,28255,28265,10
12.9988203049,80.2168426514,28265,28276,11
12.9978303909,80.2165527344,28276,28286,10
12.9976196289,80.2165374756,28286,28296,10
12.997420311,80.2165222168,28296,28306,10
12.9970397949,80.2165374756,28306,28316,10
12.9965295792,80.216583252,28316,28326,10
12.9958600998,80.2167282104,28326,28336,10
12.9949903488,80.2171707153,28336,28346,10
12.9943599701,80.2176208496,28346,28356,10
12.9938201904,80.2179870605,28356,28366,10
12.9931602478,80.218460083,28366,28375,9
12.9925403595,80.2189025879,28375,28387,12
12.9917602539,80.2194595337,28387,28397,10
12.9912900925,80.2195587158,28397,28407,10
12.9910697937,80.2194900513,28407,28417,10
12.9908895493,80.2194290161,28417,28427,10
12.9903898239,80.2192611694,28427,28437,10
12.9896297455,80.2189865112,28437,28447,10
12.9886398315,80.2186508179,28447,28457,10
12.9876203537,80.2184371948,28457,28467,10
12.986989975,80.2183227539,28467,28477,10
12.9864397049,80.2181625366,28477,28488,11
12.9854803085,80.2179412842,28488,28498,10
12.9845399857,80.217956543,28498,28508,10
12.9840402603,80.2180023193,28508,28518,10
12.9837398529,80.2180023193,28518,28528,10
12.9830999374,80.2180023193,28528,28538,10
12.9822597504,80.2180023193,28538,28548,10
12.9813098907,80.218132019,28548,28558,10
12.9804496765,80.2183914185,28558,28568,10
12.9798297882,80.2186431885,28568,28578,10
12.9791603088,80.2189178467,28578,28588,10
12.9786596298,80.2191085815,28588,28599,11
12.9780502319,80.2193603516,28599,28609,10
12.9772500992,80.2197113037,28609,28619,10
12.976360321,80.2201004028,28619,28629,10
12.9756097794,80.2204666138,28629,28639,10
12.9756803513,80.2208404541,28639,28740,101
12.9760198593,80.2209625244,28740,28992,252
12.9760198593,80.2209625244,28992,29002,10
12.9761600494,80.2210235596,29002,29012,10
12.9762401581,80.2210922241,29012,29033,21
12.9762401581,80.2210922241,29033,29043,10
12.9760799408,80.2211074829,29043,29204,161
12.975979805,80.2209777832,29204,29699,495
12.9762401581,80.2212677002,29699,29729,30
12.9762401581,80.2212677002,29729,29739,10
12.976770401,80.2212219238,29739,29749,10
12.977350235,80.2212295532,29749,29759,10
12.9779901505,80.221206665,29759,29770,11
12.9787597656,80.2211380005,29770,29780,10
12.9795198441,80.2211074829,29780,29790,10
12.9802799225,80.2210617065,29790,29800,10
12.9810199738,80.221031189,29800,29810,10
12.9815797806,80.2212905884,29810,29820,10
12.9820098877,80.221572876,29820,29830,10
12.9823598862,80.2217330933,29830,29840,10
12.9825496674,80.2218017578,29840,29850,10
12.9829397202,80.2219772339,29850,29871,21
12.9829397202,80.2219772339,29871,29881,10
12.9833498001,80.2222213745,29881,29891,10
12.9839401245,80.2225189209,29891,29901,10
12.9845104218,80.2228775024,29901,29911,10
12.9851503372,80.2232208252,29911,29921,10
12.98554039,80.223197937,29921,29931,10
12.9859600067,80.2229690552,29931,29941,10
12.9865703583,80.2229537964,29941,29961,20
12.9865703583,80.2229537964,29961,29971,10
12.986989975,80.2230072021,29971,29982,11
12.9877004623,80.2230529785,29982,29992,10
12.988360405,80.2226715088,29992,30002,10
12.9889602661,80.2220687866,30002,30012,10
12.9894504547,80.2213592529,30012,30022,10
12.9902095795,80.2205810547,30022,30032,10
12.9904899597,80.2203292847,30032,30042,10
12.9906797409,80.2201766968,30042,30052,10
12.991109848,80.2198104858,30052,30062,10
12.9916496277,80.2194137573,30062,30072,10
12.9923295975,80.2189483643,30072,30082,10
12.9931097031,80.2183837891,30082,30093,11
12.9939804077,80.2177810669,30093,30103,10
12.9946804047,80.2172775269,30103,30113,10
12.9953603745,80.2168273926,30113,30123,10
12.9961099625,80.2165908813,30123,30133,10
12.9968900681,80.2164764404,30133,30143,10
12.997469902,80.2162017822,30143,30163,20
12.997469902,80.2162017822,30163,30173,10
12.9976701736,80.2160110474,30173,30183,10
12.9980897903,80.2156295776,30183,30194,11
12.9986400604,80.2151184082,30194,30204,10
12.999130249,80.2147064209,30204,30214,10
12.9994401932,80.2144393921,30214,30224,10
12.9998998642,80.214050293,30224,30234,10
13.0003299713,80.2136764526,30234,30244,10
13.0008802414,80.2132263184,30244,30254,10
13.0015201569,80.2127227783,30254,30264,10
13.0021800995,80.2122802734,30264,30274,10
13.0028400421,80.2120895386,30274,30284,10
13.0035400391,80.2120437622,30284,30295,11
13.0036802292,80.2119522095,30295,30305,10
13.0037603378,80.2117233276,30305,30315,10
13.0037202835,80.2111206055,30315,30325,10
13.0036296844,80.2103805542,30325,30335,10
13.0035495758,80.2096710205,30335,30345,10
13.0036802292,80.2089080811,30345,30355,10
13.0043296814,80.2087478638,30355,30365,10
13.00522995,80.2091598511,30365,30375,10
13.0062103271,80.2095413208,30375,30385,10
13.0070199966,80.2097625732,30385,30395,10
13.0074901581,80.2098236084,30395,30406,11
13.0075902939,80.2098083496,30406,30416,10
13.0080003738,80.2099227905,30416,30426,10
13.0081701279,80.2096786499,30426,30436,10
13.0080099106,80.2089767456,30436,30446,10
13.0078802109,80.2080993652,30446,30456,10
13.0076999664,80.2070617676,30456,30466,10
13.0075597763,80.2060012817,30466,30476,10
13.0075302124,80.2049789429,30476,30486,10
13.0074996948,80.2040481567,30486,30496,10
13.0073699951,80.2031784058,30496,30506,10
13.0069103241,80.202507019,30506,30517,11
13.0066404343,80.2031936646,30517,30527,10
13.0071897507,80.2035598755,30527,30537,10
13.0079402924,80.2037277222,30537,30547,10
13.008890152,80.2036819458,30547,30557,10
13.0100097656,80.2036132813,30557,30567,10
13.0112199783,80.2036590576,30567,30577,10
13.0124597549,80.2038421631,30577,30587,10
13.0135097504,80.2041015625,30587,30597,10
13.0143604279,80.2043991089,30597,30607,10
13.0150003433,80.2046432495,30607,30618,11
13.0150003433,80.2046508789,30618,30628,10
13.0152101517,80.2047805786,30628,30638,10
13.0157699585,80.2049789429,30638,30648,10
13.0164403915,80.2051696777,30648,30658,10
13.0171899796,80.2052764893,30658,30668,10
13.0182304382,80.2057571411,30668,30678,10
13.0186901093,80.2059173584,30678,30688,10
13.0187997818,80.205947876,30688,30698,10
13.0191802979,80.2060775757,30698,30708,10
13.0199098587,80.206237793,30708,30718,10
13.020819664,80.2062835693,30718,30729,11
13.0219602585,80.2063217163,30729,30739,10
13.023059845,80.206489563,30739,30749,10
13.0241098404,80.2066192627,30749,30759,10
13.0243501663,80.2066726685,30759,30769,10
13.0246200562,80.2067108154,30769,30779,10
13.0252599716,80.2068862915,30779,30789,10
13.0260696411,80.207321167,30789,30799,10
13.0269603729,80.2078323364,30799,30809,10
13.0278902054,80.2083587646,30809,30819,10
13.0289297104,80.2086868286,30819,30830,11
13.0299596786,80.2089309692,30830,30840,10
13.0301399231,80.2089691162,30840,30850,10
13.0303897858,80.2090606689,30850,30860,10
13.0309896469,80.2092132568,30860,30870,10
13.0315999985,80.2094116211,30870,30880,10
13.0316801071,80.2094268799,30880,30890,10
13.0318498611,80.2094268799,30890,30900,10
13.0323696136,80.2095489502,30900,30910,10
13.0331897736,80.2097167969,30910,30920,10
13.0341396332,80.2099380493,30920,30930,10
13.035030365,80.2101593018,30930,30941,11
13.0350198746,80.2108001709,30941,30951,10
13.0350503922,80.211227417,30951,30961,10
13.035030365,80.2113113403,30961,30971,10
13.0349798203,80.2116012573,30971,30981,10
13.0349597931,80.2118225098,30981,30991,10
13.0349502563,80.212020874,30991,31001,10
13.035320282,80.2122116089,31001,31011,10
13.0359296799,80.2122573853,31011,31021,10
13.0368204117,80.2122802734,31021,31031,10
13.037779808,80.2122497559,31031,31042,11
13.0388202667,80.2122116089,31042,31052,10
13.039850235,80.2122192383,31052,31062,10
13.0409803391,80.2122573853,31062,31072,10
13.0421800613,80.2122573853,31072,31082,10
13.0432796478,80.2122497559,31082,31092,10
13.0438499451,80.2122497559,31092,31102,10
13.0442399979,80.2122497559,31102,31112,10
13.0447397232,80.2122268677,31112,31122,10
13.0454101563,80.2122268677,31122,31132,10
13.0461502075,80.2121963501,31132,31142,10
13.046959877,80.2121582031,31142,31153,11
13.0482997894,80.2120437622,31153,31173,20
13.0482997894,80.2120437622,31173,31183,10
13.0485496521,80.2120437622,31183,31193,10
13.0488996506,80.2120132446,31193,31203,10
13.0495195389,80.2119598389,31203,31213,10
13.0500602722,80.2119369507,31213,31223,10
13.0506401062,80.2119979858,31223,31233,10
13.0513000488,80.212020874,31233,31243,10
13.0522403717,80.2119369507,31243,31252,9
13.0530004501,80.2117462158,31252,31264,12
13.054400444,80.21144104,31264,31284,20
13.054400444,80.21144104,31284,31294,10
13.0545101166,80.2114715576,31294,31304,10
13.0549201965,80.21144104,31304,31314,10
13.0556201935,80.211479187,31314,31324,10
13.0565500259,80.211479187,31324,31334,10
13.0574302673,80.2113876343,31334,31344,10
13.0576095581,80.2113800049,31344,31354,10
13.0580101013,80.2113800049,31354,31365,11
13.0588302612,80.2114181519,31365,31375,10
13.059679985,80.2115020752,31375,31385,10
13.0606899261,80.2115707397,31385,31395,10
13.0617103577,80.2116394043,31395,31405,10
13.063170433,80.2115402222,31405,31425,20
13.063170433,80.2115402222,31425,31435,10
13.0636501312,80.2114562988,31435,31455,20
13.0636501312,80.2114562988,31455,31465,10
13.0637798309,80.2114715576,31465,31476,11
13.0642900467,80.2114181519,31476,31486,10
13.0649795532,80.2111206055,31486,31496,10
13.0657396317,80.2105484009,31496,31505,9
13.0665197372,80.2098693848,31505,31516,11
13.0673303604,80.2088012695,31516,31526,10
13.0680103302,80.2077407837,31526,31536,10
13.0687503815,80.2066421509,31536,31546,10
13.0693798065,80.205657959,31546,31556,10
13.0696601868,80.2051010132,31556,31566,10
13.0696496964,80.2048568726,31566,31577,11
13.0692796707,80.2050170898,31577,31587,10
13.0687999725,80.2051696777,31587,31647,60
13.0687999725,80.2051696777,31647,31657,10
13.068860054,80.2047119141,31657,31667,10
13.0691699982,80.2046813965,31667,31677,10
13.0696401596,80.2047729492,31677,31698,21
13.0696401596,80.2047729492,31698,31708,10
13.0698604584,80.2048187256,31708,31718,10
13.0700798035,80.2046127319,31718,31728,10
13.0704498291,80.2041091919,31728,31738,10
13.0710000992,80.203453064,31738,31748,10
13.0716600418,80.2026596069,31748,31758,10
13.0721902847,80.2020263672,31758,31768,10
13.0725803375,80.2015991211,31768,31778,10
13.0730695724,80.2010116577,31778,31789,11
13.0735998154,80.2004013062,31789,31799,10
13.0740203857,80.1999130249,31799,31809,10
13.0743904114,80.199508667,31809,31829,20
13.0743904114,80.199508667,31829,31839,10
13.0744800568,80.1994400024,31839,31849,10
13.0748300552,80.1992111206,31849,31859,10
13.0755195618,80.1990585327,31859,31869,10
13.076379776,80.1990280151,31869,31879,10
13.0774202347,80.1989135742,31879,31889,10
13.0784301758,80.1987915039,31889,31900,11
13.0793800354,80.1986999512,31900,31910,10
13.0801000595,80.198638916,31910,31920,10
13.0808095932,80.1985702515,31920,31930,10
13.0813999176,80.1985626221,31930,31940,10
13.0820999146,80.1985473633,31940,31950,10
13.0827302933,80.1984710693,31950,31970,20
13.0827302933,80.1984710693,31970,31980,10
13.0829200745,80.1984863281,31980,31990,10
13.0832996368,80.1985092163,31990,32000,10
13.0837001801,80.1984710693,32000,32011,11
13.0840301514,80.1984710693,32011,32021,10
13.0843200684,80.1984710693,32021,32031,10
13.0847797394,80.1984786987,32031,32041,10
13.0852203369,80.1984634399,32041,32051,10
13.0857400894,80.1984176636,32051,32061,10
13.086230278,80.1983566284,32061,32071,10
13.0867595673,80.1983795166,32071,32081,10
13.0870399475,80.1983413696,32081,32091,10
13.0871095657,80.1979522705,32091,32101,10
13.0871200562,80.1978988647,32101,32112,11
13.0871400833,80.1977005005,32112,32122,10
13.0872001648,80.1971206665,32122,32132,10
13.0872297287,80.1963195801,32132,32142,10
13.0872497559,80.1954116821,32142,32152,10
13.087269783,80.1945037842,32152,32162,10
13.0873003006,80.1929779053,32162,32202,40
13.0873003006,80.1929779053,32202,32212,10
13.0873203278,80.192741394,32212,32223,11
13.0874004364,80.1921310425,32223,32233,10
13.0874996185,80.1913604736,32233,32243,10
13.0876197815,80.1904067993,32243,32253,10
13.0877304077,80.1894073486,32253,32263,10
13.0877304077,80.1889572144,32263,32273,10
13.0877399445,80.1888198853,32273,32283,10
13.0877504349,80.1884384155,32283,32293,10
13.0877599716,80.1882705688,32293,32303,10
13.0878000259,80.1879196167,32303,32313,10
13.0878601074,80.1872711182,32313,32324,11
13.0879001617,80.186378479,32324,32334,10
13.0879802704,80.1845626831,32334,32344,10
13.0879802704,80.1845626831,32344,32354,10
13.0880203247,80.1836013794,32354,32363,9
13.0881204605,80.1796035767,32363,32464,101
13.0881204605,80.1796035767,32464,32474,10
13.0881204605,80.1791992188,32474,32484,10
13.0881299973,80.1788024902,32484,32494,10
13.088139534,80.1787109375,32494,32504,10
13.0881500244,80.1782608032,32504,32514,10
13.0881700516,80.177520752,32514,32524,10
13.0881996155,80.1767807007,32524,32535,11
13.088259697,80.1758422852,32535,32545,10
13.088350296,80.1748809814,32545,32555,10
13.0883998871,80.1743011475,32555,32565,10
13.0884599686,80.1735916138,32565,32575,10
13.0885095596,80.1726837158,32575,32585,10
13.08852005,80.1718597412,32585,32595,10
13.0885295868,80.1718215942,32595,32605,10
13.088549614,80.1714401245,32605,32615,10
13.0886201859,80.1707992554,32615,32625,10
13.0886602402,80.169960022,32625,32635,10
13.0888004303,80.1694717407,32635,32646,11
13.0894098282,80.1695098877,32646,32656,10
13.0902500153,80.169593811,32656,32666,10
13.0912599564,80.1696624756,32666,32676,10
13.0923099518,80.1697387695,32676,32686,10
13.0934200287,80.1698074341,32686,32696,10
13.0944795609,80.1698608398,32696,32706,10
13.0946798325,80.169883728,32706,32716,10
13.0948495865,80.1698989868,32716,32726,10
13.0950899124,80.169921875,32726,32736,10
13.0955696106,80.1699295044,32736,32746,10
13.0963602066,80.1699676514,32746,32757,11
13.0974502563,80.1700363159,32757,32767,10
13.0984296799,80.1700820923,32767,32777,10
13.0993299484,80.1701278687,32777,32787,10
13.0996999741,80.1698379517,32787,32807,20
13.0996999741,80.1698379517,32807,32817,10
13.0995702744,80.1696624756,32817,33280,463
13.0995702744,80.1696624756,33280,33292,12
13.0994195938,80.1700134277,33292,33463,171
13.0994195938,80.1700134277,33463,33473,10
13.0991697311,80.1701889038,33473,33483,10
13.0988502502,80.1701812744,33483,33493,10
13.0982704163,80.1701583862,33493,33503,10
13.0976200104,80.1701278687,33503,33514,11
13.0967702866,80.1700820923,33514,33524,10
13.0959300995,80.1700286865,33524,33534,10
13.0951299667,80.1699676514,33534,33544,10
13.0947704315,80.1699829102,33544,33554,10
13.0944795609,80.1699066162,33554,33564,10
13.0939903259,80.1698989868,33564,33574,10
13.09333992,80.169921875,33574,33584,10
13.09237957,80.1698303223,33584,33594,10
13.0913896561,80.1697387695,33594,33603,9
13.0905199051,80.169670105,33603,33615,12
13.0893802643,80.1696014404,33615,33625,10
13.0887403488,80.1696777344,33625,33635,10
13.0886802673,80.170211792,33635,33645,10
13.0886602402,80.1709899902,33645,33655,10
13.0886297226,80.1716995239,33655,33665,10
13.0886297226,80.171836853,33665,33675,10
13.0885896683,80.1722183228,33675,33685,10
13.0885601044,80.1728820801,33685,33695,10
13.0885000229,80.1736831665,33695,33705,10
13.0884599686,80.1745529175,33705,33716,11
13.0883903503,80.1754302979,33716,33726,10
13.0883302689,80.176361084,33726,33736,10
13.0882902145,80.1772003174,33736,33746,10
13.0882797241,80.177947998,33746,33756,10
13.0882701874,80.178527832,33756,33766,10
13.0882701874,80.1785430908,33766,33776,10
13.0882797241,80.1787033081,33776,33786,10
13.0882902145,80.1789321899,33786,33796,10
13.0882797241,80.1791915894,33796,33806,10
13.0882797241,80.1794128418,33806,33815,9
13.0882396698,80.1798019409,33815,33827,12
13.0882196426,80.1806182861,33827,33837,10
13.0881900787,80.1814498901,33837,33847,10
13.088139534,80.1823425293,33847,33857,10
13.088060379,80.1840591431,33857,33867,10
13.088060379,80.1840591431,33867,33877,10
13.0880098343,80.1849365234,33877,33887,10
13.0877895355,80.190032959,33887,33956,69
13.0877895355,80.190032959,33956,33976,20
13.0876598358,80.1909179688,33976,33986,10
13.0875597,80.1917190552,33986,33996,10
13.0874300003,80.1926422119,33996,34036,40
13.0874300003,80.1926422119,34036,34047,11
13.0874004364,80.1926879883,34047,34057,10
13.087389946,80.193031311,34057,34067,10
13.0873603821,80.1936798096,34067,34077,10
13.0873298645,80.1945571899,34077,34087,10
13.0873203278,80.1955032349,34087,34097,10
13.0872898102,80.1965789795,34097,34107,10
13.087269783,80.197593689,34107,34117,10
13.087269783,80.1977996826,34117,34127,10
13.087269783,80.1978912354,34127,34137,10
13.0872898102,80.1980514526,34137,34148,11
13.0873804092,80.198387146,34148,34158,10
13.0876197815,80.1984405518,34158,34168,10
13.0881099701,80.1984329224,34168,34178,10
13.0887804031,80.1984405518,34178,34188,10
13.0895204544,80.1984710693,34188,34198,10
13.0903100967,80.1985168457,34198,34208,10
13.0910701752,80.1985626221,34208,34218,10
13.0918302536,80.1986465454,34218,34228,10
13.0926303864,80.1986465454,34228,34238,10
13.0930404663,80.1988296509,34238,34248,10
13.0929899216,80.1994400024,34248,34259,11
13.0929603577,80.2002487183,34259,34269,10
13.0929498672,80.2005233765,34269,34279,10
13.0926599503,80.2005386353,34279,34289,10
13.092089653,80.2005386353,34289,34299,10
13.0913200378,80.2005310059,34299,34309,10
13.0902900696,80.2005081177,34309,34319,10
13.0892400742,80.2004776001,34319,34329,10
13.0881795883,80.2004470825,34329,34339,10
13.0871801376,80.2004165649,34339,34349,10
13.086400032,80.2004013062,34349,34359,10
13.0858001709,80.2003707886,34359,34370,11
13.0854997635,80.200340271,34370,34380,10
13.0853099823,80.2001419067,34380,34390,10
13.0853204727,80.1996078491,34390,34400,10
13.0853099823,80.1989593506,34400,34410,10
13.0852603912,80.1987075806,34410,34420,10
13.0849704742,80.198677063,34420,34430,10
13.0845603943,80.1986618042,34430,34440,10
13.0845499039,80.1986694336,34440,34450,10
13.0843601227,80.1986465454,34450,34460,10
13.0839395523,80.198677063,34460,34471,11
13.0834197998,80.1986923218,34471,34511,40
13.0834197998,80.1986923218,34511,34521,10
13.0832500458,80.198638916,34521,34531,10
13.0828695297,80.1986312866,34531,34541,10
13.0826101303,80.1986236572,34541,34551,10
13.0823402405,80.198638916,34551,34561,10
13.0819301605,80.1986694336,34561,34570,9
13.081489563,80.1986465454,34570,34582,12
13.0806703568,80.1986618042,34582,34592,10
13.0799102783,80.1987228394,34592,34602,10
13.0791397095,80.1987991333,34602,34612,10
13.0783195496,80.198890686,34612,34622,10
13.0774202347,80.1989974976,34622,34632,10
13.0765695572,80.1990890503,34632,34642,10
13.0756797791,80.1991882324,34642,34652,10
13.0748596191,80.1994400024,34652,34662,10
13.0741996765,80.1998825073,34662,34672,10
13.0736999512,80.2004394531,34672,34683,11
13.0734996796,80.2007675171,34683,34693,10
13.0732402802,80.2010879517,34693,34703,10
13.0727596283,80.2016372681,34703,34713,10
13.07213974,80.2023086548,34713,34723,10
13.0714101791,80.2031097412,34723,34733,10
13.0708198547,80.2038192749,34733,34743,10
13.0703001022,80.204460144,34743,34753,10
13.0700302124,80.2048873901,34753,34763,10
13.0698795319,80.2050628662,34763,34804,41
13.0698795319,80.2050628662,34804,34814,10
13.069849968,80.2050933838,34814,34824,10
13.0695695877,80.2048873901,34824,34834,10
13.0692195892,80.2049636841,34834,34844,10
13.0690002441,80.2052993774,34844,34854,10
13.0688495636,80.2053985596,34854,34864,10
13.0684204102,80.2054367065,34864,34874,10
13.0679702759,80.205291748,34874,35016,142
13.0681295395,80.2049407959,35016,35036,20
13.0681295395,80.2049407959,35036,35046,10
13.068479538,80.2049102783,35046,35056,10
13.0687398911,80.204788208,35056,35066,10
13.0690202713,80.2047271729,35066,35076,10
13.0693397522,80.204750061,35076,35086,10
13.069439888,80.2047729492,35086,35096,10
13.0697202682,80.2048416138,35096,35117,21
13.0697202682,80.2048416138,35117,35127,10
13.0698900223,80.2051315308,35127,35137,10
13.0696001053,80.205619812,35137,35147,10
13.0691795349,80.2062606812,35147,35157,10
13.0686798096,80.20703125,35157,35167,10
13.0681600571,80.2078475952,35167,35177,10
13.0677499771,80.2085189819,35177,35187,10
13.0675001144,80.2089233398,35187,35197,10
13.0671300888,80.2095565796,35197,35207,10
13.0665798187,80.2101516724,35207,35216,9
13.0658397675,80.2106399536,35216,35228,12
13.065079689,80.2113037109,35228,35238,10
13.0650596619,80.2113189697,35238,35248,10
13.0648002625,80.2114562988,35248,35258,10
13.0638599396,80.2117233276,35258,35308,50
13.0638599396,80.2117233276,35308,35318,10
13.0636997223,80.2117462158,35318,35329,11
13.0631399155,80.2117919922,35329,35339,10
13.0626497269,80.2119674683,35339,35349,10
13.0616998672,80.2117767334,35349,35359,10
13.0603904724,80.2116622925,35359,35369,10
13.0591802597,80.2116317749,35369,35379,10
13.0579595566,80.2116165161,35379,35389,10
13.0569000244,80.2116088867,35389,35399,10
13.0557804108,80.2115783691,35399,35409,10
13.0546798706,80.2115478516,35409,35419,10
13.0536699295,80.2117614746,35419,35429,10
13.0525999069,80.2120437622,35429,35440,11
13.0516004562,80.2121963501,35440,35450,10
13.0507097244,80.2121582031,35450,35460,10
13.050069809,80.2121887207,35460,35490,30
13.050069809,80.2121887207,35490,35500,10
13.0498504639,80.2121734619,35500,35510,10
13.0495100021,80.2121810913,35510,35520,10
13.0494403839,80.2121582031,35520,35530,10
13.0491504669,80.2121200562,35530,35540,10
13.0486497879,80.2121810913,35540,35551,11
13.0478801727,80.2122573853,35551,35561,10
13.0469703674,80.2123184204,35561,35571,10
13.0459299088,80.2123565674,35571,35581,10
13.0448102951,80.2124176025,35581,35591,10
13.0439300537,80.2124176025,35591,35601,10
13.0433197021,80.2124023438,35601,35611,10
13.0425395966,80.2123794556,35611,35621,10
13.0416698456,80.2124328613,35621,35631,10
13.0406999588,80.2124176025,35631,35641,10
13.0399503708,80.2124786377,35641,35652,11
13.0392198563,80.2124633789,35652,35662,10
13.0383195877,80.2123336792,35662,35682,20
13.0383195877,80.2123336792,35682,35692,10
13.0380401611,80.2122573853,35692,35702,10
13.0375204086,80.2122879028,35702,35712,10
13.0367898941,80.2123184204,35712,35722,10
13.0363197327,80.2123413086,35722,35732,10
13.0354299545,80.2123184204,35732,35752,20
13.0354299545,80.2123184204,35752,35763,11
13.0352802277,80.212310791,35763,35773,10
13.0349197388,80.212272644,35773,35783,10
13.0343599319,80.2121429443,35783,35803,20
13.0343599319,80.2121429443,35803,35813,10
13.0341596603,80.2120895386,35813,35823,10
13.0337200165,80.212020874,35823,35833,10
13.0330295563,80.2118606567,35833,35843,10
13.0322704315,80.2117462158,35843,35853,10
13.0319795609,80.2111968994,35853,35864,11
13.0320796967,80.2104873657,35864,35874,10
13.0321397781,80.2099304199,35874,35884,10
13.0319595337,80.2096405029,35884,35894,10
13.0313796997,80.2094802856,35894,35904,10
13.0308198929,80.2093429565,35904,35914,10
13.0304603577,80.2092514038,35914,35924,10
13.0300703049,80.2091064453,35924,35934,10
13.029589653,80.2089614868,35934,35954,20
13.029589653,80.2089614868,35954,35964,10
13.0293998718,80.2089004517,35964,35975,11
13.0287599564,80.2087173462,35975,35985,10
13.0279302597,80.2084579468,35985,35995,10
13.027130127,80.2079772949,35995,36005,10
13.0261802673,80.2073974609,36005,36015,10
13.0250902176,80.2070388794,36015,36025,10
13.0242300034,80.2068786621,36025,36035,10
13.0241699219,80.2068634033,36035,36045,10
13.0238199234,80.2067871094,36045,36055,10
13.0232601166,80.2066879272,36055,36065,10
13.0224599838,80.2065429688,36065,36076,11
13.0212898254,80.206489563,36076,36086,10
13.0201196671,80.2065200806,36086,36096,10
13.0192098618,80.2063827515,36096,36106,10
13.0190896988,80.2063369751,36106,36116,10
13.0188102722,80.2062530518,36116,36126,10
13.0182304382,80.2061004639,36126,36136,10
13.0177898407,80.2059326172,36136,36146,10
13.0177001953,80.2058563232,36146,36156,10
13.0174798965,80.2057266235,36156,36166,10
13.0168199539,80.2055435181,36166,36176,10
13.0158500671,80.205039978,36176,36187,11
13.0146398544,80.2046890259,36187,36197,10
13.014289856,80.2045974731,36197,36207,10
13.0140600204,80.2045516968,36207,36217,10
13.0136699677,80.2044906616,36217,36227,10
13.0136003494,80.2048110962,36227,36237,10
13.0134496689,80.2051696777,36237,36247,10
13.0131998062,80.2058792114,36247,36257,10
13.0130395889,80.2068481445,36257,36267,10
13.0129003525,80.2077865601,36267,36277,10
13.012840271,80.2083206177,36277,36288,11
13.0128602982,80.2086334229,36288,36298,10
13.0129899979,80.2090682983,36298,36308,10
13.0132102966,80.2096633911,36308,36318,10
13.0131902695,80.2102279663,36318,36328,10
13.0129899979,80.2110671997,36328,36338,10
13.0125102997,80.2119064331,36338,36348,10
13.0120601654,80.2126464844,36348,36358,10
13.0119400024,80.2127838135,36358,36368,10
13.0116596222,80.2126464844,36368,36378,10
13.0111103058,80.2122268677,36378,36388,10
13.0107097626,80.2119064331,36388,36399,11
13.0102300644,80.2115402222,36399,36409,10
13.0095500946,80.2110290527,36409,36499,90
13.0095500946,80.2110290527,36499,36510,11
13.0091495514,80.2113113403,36510,36520,10
13.0090398788,80.2115707397,36520,36530,10
13.0091695786,80.2120895386,36530,36540,10
13.0093898773,80.2127685547,36540,36550,10
13.0096597672,80.213470459,36550,36560,10
13.0099601746,80.2141799927,36560,36570,10
13.0101699829,80.2149505615,36570,36580,10
13.0103702545,80.2158966064,36580,36590,10
13.0108299255,80.2169265747,36590,36600,10
13.0112695694,80.217956543,36600,36611,11
13.0117301941,80.2191696167,36611,36621,10
13.0120897293,80.2203521729,36621,36631,10
13.0123996735,80.2214126587,36631,36641,10
13.0128297806,80.2221603394,36641,36651,10
13.013469696,80.2229003906,36651,36661,10
13.0141601563,80.2236633301,36661,36671,10
13.0147600174,80.224319458,36671,36681,10
13.0151100159,80.2247314453,36681,36691,10
13.0153102875,80.2249526978,36691,36701,10
13.0154895782,80.2252197266,36701,36710,9
13.0154800415,80.2253875732,36710,36722,12
13.0153999329,80.225692749,36722,36732,10
13.0151596069,80.2258605957,36732,36742,10
13.0147104263,80.2260513306,36742,36752,10
13.0140104294,80.2263336182,36752,36762,10
13.0131502151,80.2266616821,36762,36772,10
13.0122098923,80.2270278931,36772,36782,10
13.0114002228,80.2273483276,36782,36792,10
13.0104198456,80.2277374268,36792,36802,10
13.0095300674,80.2277374268,36802,36812,10
13.0097703934,80.2270812988,36812,36822,10
13.0101699829,80.2262191772,36822,36833,11
13.0106496811,80.2250823975,36833,36843,10
13.0110902786,80.2240219116,36843,36853,10
13.0112304688,80.2231292725,36853,36863,10
13.0105600357,80.2228164673,36863,36873,10
13.0098104477,80.2224121094,36873,36883,10
13.0089597702,80.2219467163,36883,36893,10
13.0080604553,80.2214584351,36893,36903,10
13.0070800781,80.2209014893,36903,36913,10
13.0063295364,80.2205886841,36913,36923,10
13.0054302216,80.220413208,36923,36934,11
13.0045099258,80.2201766968,36934,36944,10
13.0036001205,80.2199478149,36944,36954,10
13.0026197433,80.2195587158,36954,36964,10
13.0018796921,80.2188415527,36964,36974,10
13.0011701584,80.2182693481,36974,36983,9
13.0004501343,80.2177886963,36983,36994,11
12.9995603561,80.2172470093,36994,37004,10
12.9988098145,80.2168579102,37004,37014,10
12.9979496002,80.2165298462,37014,37024,10
12.9975204468,80.216506958,37024,37034,10
12.9974498749,80.2164993286,37034,37045,11
12.9970903397,80.216506958,37045,37055,10
12.9964704514,80.2165374756,37055,37065,10
12.9956798553,80.2167282104,37065,37075,10
12.9950504303,80.2170562744,37075,37085,10
12.9948701859,80.2171936035,37085,37095,10
12.9944496155,80.2174911499,37095,37105,10
12.9938602448,80.2179718018,37105,37115,10
12.9931001663,80.2185134888,37115,37125,10
12.9922199249,80.2191467285,37125,37135,10
12.9914302826,80.2196502686,37135,37145,10
12.991060257,80.2195129395,37145,37156,11
12.9907798767,80.219367981,37156,37166,10
12.9901504517,80.2191390991,37166,37176,10
12.989279747,80.2188186646,37176,37186,10
12.9883298874,80.2184906006,37186,37196,10
12.9874696732,80.2183380127,37196,37206,10
12.9871397018,80.2182693481,37206,37216,10
12.9868602753,80.2182312012,37216,37226,10
12.9862804413,80.2180862427,37226,37236,10
12.9853401184,80.217918396,37236,37246,10
12.9845600128,80.2179412842,37246,37257,11
12.9839601517,80.2179412842,37257,37267,10
12.9838695526,80.2179489136,37267,37277,10
12.9833898544,80.2179718018,37277,37287,10
12.9826602936,80.2179718018,37287,37297,10
12.981880188,80.2179718018,37297,37307,10
12.9809398651,80.2181777954,37307,37317,10
12.9801702499,80.2184371948,37317,37327,10
12.9795999527,80.2186889648,37327,37337,10
12.9789400101,80.218963623,37337,37347,10
12.9785699844,80.2191085815,37347,37357,10
12.9779500961,80.2193603516,37357,37368,11
12.9770202637,80.2197265625,37368,37378,10
12.9760503769,80.2201385498,37378,37388,10
12.9755496979,80.2206497192,37388,37448,60
12.9757795334,80.2209625244,37448,37872,424
12.9758996964,80.2210693359,37872,38024,152
12.9758996964,80.2210693359,38024,38034,10
12.9758796692,80.2209701538,38034,38155,121
12.9758796692,80.2209701538,38155,38165,10
12.9760398865,80.2211990356,38165,38458,293
12.9760398865,80.2211990356,38458,38468,10
12.9763803482,80.2211914063,38468,38478,10
12.9766597748,80.2212219238,38478,38488,10
12.9771795273,80.2212219238,38488,38498,10
12.9777297974,80.2211837769,38498,38508,10
12.9783000946,80.2211380005,38508,38518,10
12.9789800644,80.2210998535,38518,38528,10
12.9796695709,80.2210617065,38528,38538,10
12.9804601669,80.220993042,38538,38549,11
12.9813404083,80.2210998535,38549,38559,10
12.9818897247,80.2215270996,38559,38569,10
12.9822902679,80.2217483521,38569,38579,10
12.9826097488,80.221862793,38579,38589,10
12.9828701019,80.2219314575,38589,38599,10
12.9829998016,80.2219772339,38599,38609,10
12.9833498001,80.2222290039,38609,38619,10
12.9835300446,80.2223434448,38619,38629,10
12.9837598801,80.2224884033,38629,38639,10
12.984290123,80.2227783203,38639,38649,10
12.9849700928,80.2231903076,38649,38660,11
12.98554039,80.2231216431,38660,38670,10
12.9860801697,80.2229766846,38670,38680,10
12.9863796234,80.2229690552,38680,38690,10
12.9865102768,80.2229766846,38690,38700,10
12.9868497849,80.2230377197,38700,38710,10
12.987279892,80.2230987549,38710,38720,10
12.9878396988,80.2230224609,38720,38730,10
12.9884500504,80.2225494385,38730,38740,10
12.9890098572,80.2219390869,38740,38750,10
12.9894695282,80.221321106,38750,38760,10
12.99036026,80.2203979492,38760,38781,21
12.99036026,80.2203979492,38781,38791,10
12.9906396866,80.2201919556,38791,38801,10
12.9908599854,80.2200393677,38801,38811,10
12.991109848,80.219833374,38811,38821,10
12.9915399551,80.2194824219,38821,38831,10
12.9920301437,80.2191162109,38831,38841,10
12.9927301407,80.2186431885,38841,38851,10
12.9934797287,80.2180709839,38851,38861,10
12.9941797256,80.2175827026,38861,38872,11
12.9948301315,80.2171096802,38872,38882,10
12.9954099655,80.216758728,38882,38892,10
12.9960603714,80.2165985107,38892,38902,10
12.9967803955,80.2164764404,38902,38912,10
12.997469902,80.2161331177,38912,38932,20
12.997469902,80.2161331177,38932,38942,10
12.9976997375,80.2159500122,38942,38952,10
12.998049736,80.2156677246,38952,38962,10
12.9984903336,80.2152404785,38962,38972,10
12.9989204407,80.2148895264,38972,38983,11
12.9991903305,80.2146911621,38983,38993,10
12.9995803833,80.2143707275,38993,39003,10
13.0000200272,80.2139587402,39003,39013,10
13.0005302429,80.2135162354,39013,39023,10
13.0010995865,80.2130279541,39023,39033,10
13.0017995834,80.2125167847,39033,39043,10
13.0024795532,80.2121429443,39043,39053,10
13.0031099319,80.212059021,39053,39063,10
13.0036296844,80.2119522095,39063,39073,10
13.0036697388,80.2119216919,39073,39084,11
13.0037097931,80.2116775513,39084,39094,10
13.0036897659,80.2111282349,39094,39104,10
13.0036096573,80.2104415894,39104,39114,10
13.0035295486,80.2097167969,39114,39124,10
13.0036401749,80.2089996338,39124,39134,10
13.0041599274,80.208656311,39134,39144,10
13.0049695969,80.209022522,39144,39154,10
13.0057897568,80.2093582153,39154,39164,10
13.0064401627,80.2095870972,39164,39174,10
13.0070896149,80.2097396851,39174,39183,9
13.0074195862,80.2097930908,39183,39205,22
13.0074195862,80.2097930908,39205,39215,10
13.0077800751,80.2099380493,39215,39225,10
13.008099556,80.2099990845,39225,39235,10
13.0081396103,80.2096786499,39235,39245,10
13.0079603195,80.2090377808,39245,39255,10
13.0078401566,80.2082824707,39255,39265,10
13.0076799393,80.207321167,39265,39275,10
13.0075397491,80.2065505981,39275,39285,10
13.0074796677,80.2057189941,39285,39295,10
13.0074901581,80.2049636841,39295,39306,11
13.0074796677,80.2041473389,39306,39316,10
13.007399559,80.2034225464,39316,39326,10
13.0071496964,80.2025985718,39326,39336,10
13.0065097809,80.2028427124,39336,39346,10
13.0068998337,80.20337677,39346,39356,10
13.0076198578,80.2036590576,39356,39366,10
13.0085000992,80.2036819458,39366,39376,10
13.0095100403,80.2035980225,39376,39386,10
13.0106096268,80.2035903931,39386,39396,10
13.0117902756,80.2037124634,39396,39406,10
13.0129804611,80.203956604,39406,39417,11
13.0138702393,80.204246521,39417,39427,10
13.0147199631,80.2045135498,39427,39437,10
13.0150604248,80.2045669556,39437,39447,10
13.0151796341,80.2045669556,39447,39457,10
13.0155200958,80.2047195435,39457,39467,10
13.0161800385,80.2050018311,39467,39477,10
13.0168800354,80.2051010132,39477,39487,10
13.0177297592,80.2055206299,39487,39497,10
13.0184803009,80.2057876587,39497,39507,10
13.0187301636,80.2058868408,39507,39518,11
13.018819809,80.2059402466,39518,39528,10
13.0192098618,80.2060699463,39528,39538,10
13.0198602676,80.206199646,39538,39548,10
13.02064991,80.206237793,39548,39558,10
13.0215396881,80.2062606812,39558,39568,10
13.0224199295,80.2063064575,39568,39578,10
13.0232696533,80.2064971924,39578,39588,10
13.024140358,80.2066497803,39588,39598,10
13.0250902176,80.2068634033,39598,39608,10
13.0260896683,80.20728302,39608,39618,10
13.0270595551,80.2078704834,39618,39629,11
13.0280199051,80.2084121704,39629,39639,10
13.0289297104,80.208656311,39639,39649,10
13.029800415,80.2088699341,39649,39659,10
13.0299701691,80.2089004517,39659,39669,10
13.0300502777,80.2089004517,39669,39679,10
13.0304298401,80.2090301514,39679,39689,10
13.0311098099,80.2092208862,39689,39699,10
13.0314998627,80.2092895508,39699,39709,10
13.0315599442,80.2092971802,39709,39719,10
13.0318803787,80.2094268799,39719,39730,11
13.0326299667,80.2095870972,39730,39740,10
13.0333995819,80.2097473145,39740,39750,10
13.0341796875,80.2099304199,39750,39760,10
13.0349702835,80.2101135254,39760,39770,10
13.0350399017,80.2111206055,39770,39800,30
13.0350399017,80.2111206055,39800,39810,10
13.0349798203,80.2114486694,39810,39820,10
13.0348901749,80.2119827271,39820,39830,10
13.035320282,80.2122421265,39830,39841,11
13.0361099243,80.2122802734,39841,39851,10
13.0368404388,80.2123031616,39851,39861,10
13.0372400284,80.2122879028,39861,39871,10
13.0379104614,80.2122802734,39871,39881,10
13.0387601852,80.212272644,39881,39891,10
13.0397396088,80.2122497559,39891,39901,10
13.0408601761,80.2122573853,39901,39911,10
13.0420303345,80.2122879028,39911,39921,10
13.0432596207,80.2122573853,39921,39931,10
13.0441102982,80.2122421265,39931,40042,111
13.0441102982,80.2122421265,40042,40052,10
13.0442399979,80.2122421265,40052,40063,11
13.0446395874,80.2122497559,40063,40073,10
13.0453195572,80.2122421265,40073,40083,10
13.0461797714,80.2122268677,40083,40093,10
13.0471897125,80.2121734619,40093,40103,10
13.0483903885,80.2120513916,40103,40123,20
13.0483903885,80.2120513916,40123,40133,10
13.0485296249,80.2119979858,40133,40143,10
13.0489597321,80.2119674683,40143,40153,10
13.0496702194,80.2119522095,40153,40163,10
13.0503702164,80.2119598389,40163,40174,11
13.050740242,80.2119827271,40174,40184,10
13.0511198044,80.2120437622,40184,40194,10
13.0521802902,80.2119674683,40194,40204,10
13.0532102585,80.2117385864,40204,40214,10
13.0542201996,80.211479187,40214,40224,10
13.0549297333,80.2114181519,40224,40234,10
13.0558300018,80.2114334106,40234,40244,10
13.0569295883,80.2114105225,40244,40254,10
13.0575199127,80.2114028931,40254,40264,10
13.0576095581,80.2114028931,40264,40275,11
13.0580596924,80.2114028931,40275,40285,10
13.0588703156,80.2114334106,40285,40295,10
13.0597000122,80.2115020752,40295,40305,10
13.0607004166,80.2115631104,40305,40315,10
13.0618095398,80.2115936279,40315,40325,10
13.0628099442,80.2116317749,40325,40335,10
13.0632200241,80.2115097046,40335,40345,10
13.0632095337,80.2115097046,40345,40355,10
13.0635404587,80.2114715576,40355,40396,41
13.0635404587,80.2114715576,40396,40406,10
13.0641202927,80.2114868164,40406,40416,10
13.0647602081,80.2112731934,40416,40426,10
13.0654602051,80.2108001709,40426,40436,10
13.0662698746,80.2101135254,40436,40446,10
13.0670700073,80.2092437744,40446,40456,10
13.0673799515,80.2086868286,40456,40466,10
13.0673599243,80.2086791992,40466,40476,10
13.0674200058,80.2085189819,40476,40487,11
13.0677204132,80.2081375122,40487,40497,10
13.0681600571,80.2074432373,40497,40507,10
13.0687303543,80.2065582275,40507,40517,10
13.0693397522,80.2056274414,40517,40527,10
13.0696697235,80.2049865723,40527,40547,20
13.0696697235,80.2049865723,40547,40557,10
13.0695104599,80.2048110962,40557,40567,10
13.0691604614,80.2050170898,40567,40577,10
13.0687303543,80.205039978,40577,40628,51
13.0687303543,80.205039978,40628,40638,10
13.0686798096,80.2048797607,40638,40648,10
13.0688495636,80.2047119141,40648,40658,10
13.0692100525,80.2046890259,40658,40668,10
13.0693998337,80.2047195435,40668,40678,10
13.0695104599,80.2047424316,40678,40688,10
13.0697498322,80.2047805786,40688,40699,11
13.0700998306,80.2045211792,40699,40709,10
13.0705404282,80.203956604,40709,40719,10
13.0711297989,80.2032623291,40719,40729,10
13.0719299316,80.2023010254,40729,40759,30
13.0719299316,80.2023010254,40759,40769,10
13.071969986,80.2022628784,40769,40779,10
13.0721998215,80.2020187378,40779,40789,10
13.0725097656,80.2016830444,40789,40799,10
13.0729904175,80.201133728,40799,40810,11
13.0735502243,80.2005081177,40810,40820,10
13.0739898682,80.1999511719,40820,40830,10
13.0744104385,80.1995010376,40830,40840,10
13.0744400024,80.19947052,40840,40850,10
13.0746002197,80.1993408203,40850,40860,10
13.0750398636,80.1991195679,40860,40870,10
13.0757198334,80.1990280151,40870,40880,10
13.0765304565,80.1990203857,40880,40890,10
13.077580452,80.1989212036,40890,40900,10
13.078669548,80.1987762451,40900,40910,10
13.0796699524,80.198677063,40910,40921,11
13.0806598663,80.198600769,40921,40931,10
13.0815296173,80.1985702515,40931,40941,10
13.0824098587,80.1985092163,40941,40951,10
13.0829696655,80.1985015869,40951,40961,10
13.0831899643,80.1984710693,40961,40971,10
13.0833997726,80.1984405518,40971,40991,20
13.0833997726,80.1984405518,40991,41001,10
13.0837001801,80.1984405518,41001,41011,10
13.0838603973,80.1984481812,41011,41022,11
13.0840702057,80.1984710693,41022,41032,10
13.0841903687,80.1984786987,41032,41042,10
13.0845003128,80.1984786987,41042,41052,10
13.0848503113,80.1984710693,41052,41062,10
13.0851602554,80.1984329224,41062,41072,10
13.0855903625,80.1984176636,41072,41082,10
13.0859498978,80.1983795166,41082,41092,10
13.0864896774,80.1984024048,41092,41102,10
13.0868301392,80.198387146,41102,41112,10
13.0870599747,80.1983413696,41112,41121,9
13.0870599747,80.1980285645,41121,41133,12
13.0870800018,80.1979598999,41133,41143,10
13.0871295929,80.1976776123,41143,41153,10
13.0871601105,80.1970977783,41153,41163,10
13.0871801376,80.1962966919,41163,41173,10
13.0871801376,80.1955566406,41173,41183,10
13.087220192,80.1948013306,41183,41193,10
13.0872402191,80.193862915,41193,41203,10
13.0872602463,80.1929321289,41203,41213,10
13.0873003006,80.1926574707,41213,41223,10
13.087389946,80.192199707,41223,41234,11
13.0874500275,80.1915206909,41234,41244,10
13.0875396729,80.190788269,41244,41254,10
13.0876398087,80.1899490356,41254,41264,10
13.087679863,80.189201355,41264,41274,10
13.087679863,80.1890182495,41274,41284,10
13.087679863,80.1889419556,41284,41294,10
13.0876998901,80.1886825562,41294,41304,10
13.0877199173,80.1883926392,41304,41314,10
13.0877599716,80.1879806519,41314,41324,10
13.0878000259,80.1873931885,41324,41333,9
13.0878295898,80.1866836548,41333,41345,12
13.0878400803,80.1857833862,41345,41355,10
13.0878801346,80.1848831177,41355,41365,10
13.0879001617,80.1840667725,41365,41375,10
13.0879602432,80.1825714111,41375,41385,10
13.0879602432,80.1825714111,41385,41395,10
13.0879297256,80.1824493408,41395,41403,8
13.088060379,80.1800308228,41403,41487,84
13.088060379,80.1800308228,41487,41497,10
13.0880899429,80.1796417236,41497,41507,10
13.0881004333,80.1792373657,41507,41517,10
13.0881099701,80.1790618896,41517,41527,10
13.0881204605,80.1787109375,41527,41537,10
13.088139534,80.1781082153,41537,41546,9
13.0881500244,80.1775512695,41546,41558,12
13.0881795883,80.1770095825,41558,41568,10
13.0882196426,80.1762924194,41568,41578,10
13.0882701874,80.1754226685,41578,41588,10
13.0883197784,80.1746368408,41588,41598,10
13.0883598328,80.1741104126,41598,41608,10
13.0884103775,80.1733016968,41608,41618,10
13.0884599686,80.1723327637,41618,41628,10
13.088470459,80.1719512939,41628,41638,10
13.0885000229,80.1717376709,41638,41648,10
13.088549614,80.1712036133,41648,41658,10
13.0885696411,80.1705169678,41658,41669,11
13.0886297226,80.1697921753,41669,41679,10
13.0889701843,80.1695022583,41679,41689,10
13.0897397995,80.1695709229,41689,41699,10
13.0906200409,80.1696166992,41699,41709,10
13.0915498734,80.1696929932,41709,41719,10
13.0925302505,80.1697463989,41719,41729,10
13.0935497284,80.1698303223,41729,41739,10
13.0944595337,80.1698379517,41739,41749,10
13.0947599411,80.1698379517,41749,41759,10
13.0950298309,80.169883728,41759,41769,10
13.0955095291,80.1698989868,41769,41780,11
13.0964002609,80.169960022,41780,41790,10
13.0973997116,80.1700210571,41790,41800,10
13.0984601974,80.1700668335,41800,41809,9
13.0996599197,80.1700515747,41809,41830,21
13.0996599197,80.1700515747,41830,41840,10
13.0997104645,80.1700363159,41840,41850,10
13.0996999741,80.1698303223,41850,41860,10
13.0993995667,80.1697998047,41860,41901,41
13.0993995667,80.1697998047,41901,41911,10
13.0993995667,80.1699829102,41911,42284,373
13.0993995667,80.1699829102,42284,42294,10
13.0992603302,80.1702880859,42294,42304,10
13.0992498398,80.1702804565,42304,42315,11
13.099149704,80.1702423096,42315,42325,10
13.0988397598,80.1701965332,42325,42335,10
13.0982398987,80.1701583862,42335,42345,10
13.0974397659,80.1701202393,42345,42355,10
13.0965204239,80.1700592041,42355,42365,10
13.0955400467,80.1699981689,42365,42375,10
13.0948295593,80.1699523926,42375,42385,10
13.0945596695,80.1699295044,42385,42395,10
13.0942001343,80.1698989868,42395,42405,10
13.0935297012,80.1698608398,42405,42415,10
13.0927200317,80.1698379517,42415,42426,11
13.0915203094,80.1697616577,42426,42436,10
13.0904502869,80.1696777344,42436,42446,10
13.0894403458,80.1696166992,42446,42456,10
13.0887298584,80.1696395874,42456,42466,10
13.0886602402,80.1701126099,42466,42476,10
13.0886096954,80.1708374023,42476,42486,10
13.0885696411,80.1716995239,42486,42496,10
13.0885601044,80.1719284058,42496,42506,10
13.0885400772,80.1721878052,42506,42516,10
13.0885095596,80.1728134155,42516,42527,11
13.0884599686,80.1737136841,42527,42537,10
13.0883998871,80.1745986938,42537,42547,10
13.0883302689,80.1753921509,42547,42557,10
13.0882701874,80.1762695313,42557,42567,10
13.0882396698,80.1770782471,42567,42577,10
13.0882196426,80.1775665283,42577,42587,10
13.0882501602,80.1785430908,42587,42607,20
13.0882501602,80.1785430908,42607,42617,10
13.0882396698,80.1789398193,42617,42627,10
13.0882301331,80.1794967651,42627,42638,11
13.0882101059,80.1802215576,42638,42648,10
13.0881700516,80.181060791,42648,42658,10
13.0881299973,80.1820373535,42658,42668,10
13.0880899429,80.1829833984,42668,42678,10
13.0880403519,80.1839065552,42678,42688,10
13.0880098343,80.1847763062,42688,42698,10
13.0879602432,80.185256958,42698,42708,10
13.0879497528,80.1854400635,42708,42718,10
13.0879201889,80.1859512329,42718,42728,10
13.0879096985,80.186706543,42728,42738,10
13.0878896713,80.1879119873,42738,42789,51
13.0878896713,80.1879119873,42789,42799,10
13.0878896713,80.188293457,42799,42809,10
13.0878601074,80.1888275146,42809,42819,10
13.0878295898,80.1894378662,42819,42829,10
13.0877895355,80.1897506714,42829,42839,10
13.0877799988,80.189781189,42839,42849,10
13.0877399445,80.1899032593,42849,42860,11
13.087679863,80.1904067993,42860,42870,10
13.0875797272,80.1911468506,42870,42880,10
13.0874795914,80.1919174194,42880,42890,10
13.087439537,80.1923522949,42890,42900,10
13.0874300003,80.1923675537,42900,42910,10
13.0874300003,80.1924667358,42910,42920,10
13.0874099731,80.1926803589,42920,42930,10
13.0873804092,80.1930770874,42930,42940,10
13.0873603821,80.1936798096,42940,42950,10
13.0873003006,80.1943817139,42950,42961,11
13.0872802734,80.1950836182,42961,42971,10
13.0872602463,80.1957473755,42971,42981,10
13.0872497559,80.1966018677,42981,42991,10
13.087220192,80.1974411011,42991,43001,10
13.0871896744,80.1976776123,43001,43011,10
13.0871696472,80.197883606,43011,43021,10
13.0872802734,80.1982803345,43021,43031,10
13.0874996185,80.1984176636,43031,43041,10
13.0880298615,80.1984024048,43041,43051,10
13.0887403488,80.1984024048,43051,43061,10
13.0895395279,80.1984710693,43061,43072,11
13.0903902054,80.1985168457,43072,43082,10
13.0910797119,80.1985778809,43082,43092,10
13.0918102264,80.1986465454,43092,43102,10
13.0926399231,80.1986694336,43102,43112,10
13.0929803848,80.1989212036,43112,43122,10
13.0929203033,80.1995162964,43122,43132,10
13.0929298401,80.2001113892,43132,43142,10
13.0929098129,80.2003631592,43142,43152,10
13.0928897858,80.2004623413,43152,43162,10
13.0928297043,80.200592041,43162,43173,11
13.09237957,80.2005996704,43173,43183,10
13.0917596817,80.2005691528,43183,43193,10
13.0911397934,80.2005386353,43193,43203,10
13.0907201767,80.2005310059,43203,43213,10
13.0901403427,80.2005233765,43213,43223,10
13.0892496109,80.2005081177,43223,43233,10
13.0882396698,80.2004776001,43233,43243,10
13.0873403549,80.2004623413,43243,43253,10
13.0867204666,80.2004165649,43253,43263,10
13.085940361,80.2004013062,43263,43273,10
13.0853796005,80.2004013062,43273,43284,11
13.0852499008,80.2002105713,43284,43294,10
13.0853204727,80.1997528076,43294,43304,10
13.0853500366,80.1990280151,43304,43314,10
13.0851097107,80.1987228394,43314,43324,10
13.0844497681,80.1987075806,43324,43334,10
13.0843200684,80.1987075806,43334,43344,10
13.0841798782,80.1986923218,43344,43354,10
13.0837802887,80.1986999512,43354,43364,10
13.0832004547,80.198677063,43364,43374,10
13.0825500488,80.1986694336,43374,43384,10
13.0820999146,80.198677063,43384,43395,11
13.0817203522,80.198677063,43395,43405,10
13.081199646,80.198677063,43405,43415,10
13.0806503296,80.1986999512,43415,43425,10
13.0799398422,80.1987533569,43425,43435,10
13.0791702271,80.1988067627,43435,43445,10
13.078379631,80.1988601685,43445,43455,10
13.0775403976,80.19896698,43455,43465,10
13.076669693,80.1990737915,43465,43475,10
13.0757598877,80.1991882324,43475,43485,10
13.074839592,80.19947052,43485,43496,11
13.0740699768,80.2000427246,43496,43506,10
13.0738296509,80.200302124,43506,43516,10
13.073679924,80.2004623413,43516,43526,10
13.0733203888,80.2009124756,43526,43536,10
13.0727796555,80.2015762329,43536,43546,10
13.0723600388,80.2021026611,43546,43556,10
13.072259903,80.2022094727,43556,43566,10
13.0718898773,80.2025604248,43566,43576,10
13.0713701248,80.2031707764,43576,43586,10
13.0707101822,80.2039413452,43586,43595,9
13.0700798035,80.2047424316,43595,43607,12
13.0696296692,80.2050018311,43607,43617,10
13.0693397522,80.2049026489,43617,43627,10
13.069149971,80.2052230835,43627,43637,10
13.0686998367,80.2054519653,43637,43647,10
13.0679597855,80.2052688599,43647,43758,111
13.0679597855,80.2052688599,43758,43768,10
13.0682001114,80.2050018311,43768,43778,10
13.0684499741,80.2049865723,43778,43788,10
13.0687904358,80.204826355,43788,43798,10
13.0690498352,80.2047729492,43798,43808,10
13.0692195892,80.2047576904,43808,43819,11
13.0692596436,80.2047729492,43819,43829,10
13.069560051,80.2048110962,43829,43839,10
13.0697603226,80.2049331665,43839,43849,10
13.0698299408,80.2051315308,43849,43859,10
13.0695295334,80.2055969238,43859,43869,10
13.0691003799,80.2062911987,43869,43879,10
13.0685501099,80.2071533203,43879,43889,10
13.0676202774,80.2086181641,43889,43909,20
13.0676202774,80.2086181641,43909,43919,10
13.0675001144,80.2088165283,43919,43930,11
13.067199707,80.2092895508,43930,43940,10
13.0667495728,80.2098922729,43940,43950,10
13.0660400391,80.2105331421,43950,43960,10
13.0652704239,80.2111816406,43960,43970,10
13.0649595261,80.2113876343,43970,43980,10
13.0646095276,80.2115478516,43980,43990,10
13.0640697479,80.2117080688,43990,44000,10
13.0639400482,80.211730957,44000,44010,10
13.0637998581,80.2117233276,44010,44020,10
13.0634202957,80.211730957,44020,44030,10
13.0627698898,80.2117614746,44030,44041,11
13.0619096756,80.2117767334,44041,44051,10
13.0610303879,80.2117462158,44051,44061,10
13.059969902,80.2116775513,44061,44071,10
13.0588502884,80.2116317749,44071,44081,10
13.0580301285,80.2116012573,44081,44091,10
13.0576095581,80.2115783691,44091,44101,10
13.0573501587,80.2115478516,44101,44111,10
13.0567798615,80.2115478516,44111,44121,10
13.056019783,80.2115478516,44121,44131,10
13.0546102524,80.2115325928,44131,44152,21
13.0546102524,80.2115325928,44152,44162,10
13.0543804169,80.2115936279,44162,44172,10
13.0538902283,80.2117004395,44172,44182,10
13.0531702042,80.2118682861,44182,44192,10
13.0525999069,80.2120437622,44192,44202,10
13.0520801544,80.2121734619,44202,44212,10
13.0514202118,80.2121963501,44212,44222,10
13.0507297516,80.2121734619,44222,44232,10
13.0496196747,80.2121734619,44232,44263,31
13.0496196747,80.2121734619,44263,44273,10
13.0493202209,80.2121429443,44273,44283,10
13.0488004684,80.2121734619,44283,44293,10
13.0480699539,80.2122116089,44293,44303,10
13.047129631,80.2122879028,44303,44313,10
13.0460395813,80.212348938,44313,44323,10
13.0451097488,80.2124099731,44323,44333,10
13.0446100235,80.2124176025,44333,44374,41
13.0446100235,80.2124176025,44374,44384,10
13.0444297791,80.2124176025,44384,44394,10
13.0439596176,80.2124023438,44394,44404,10
13.0432300568,80.212387085,44404,44414,10
13.0424003601,80.212387085,44414,44424,10
13.0415496826,80.2124099731,44424,44434,10
13.0405397415,80.2124023438,44434,44444,10
13.0395898819,80.2124023438,44444,44454,10
13.0385503769,80.2124176025,44454,44464,10
13.0376596451,80.2124023438,44464,44525,61
13.0376596451,80.2124023438,44525,44535,10
13.0372800827,80.2123031616,44535,44545,10
13.036740303,80.2123031616,44545,44555,10
13.0361099243,80.2122879028,44555,44564,9
13.0355100632,80.2123184204,44564,44576,12
13.0351896286,80.212310791,44576,44586,10
13.0349502563,80.2122573853,44586,44596,10
13.0346899033,80.2122192383,44596,44606,10
13.0343103409,80.2121734619,44606,44616,10
13.0342998505,80.2121582031,44616,44626,10
13.0340995789,80.2121200562,44626,44636,10
13.0337400436,80.212059021,44636,44646,10
13.0331201553,80.2119598389,44646,44656,10
13.0323495865,80.2118606567,44656,44666,10
13.031920433,80.2115097046,44666,44676,10
13.0320301056,80.2108001709,44676,44687,11
13.0321502686,80.2099227905,44687,44697,10
13.0317001343,80.2095794678,44697,44707,10
13.0310001373,80.2093963623,44707,44717,10
13.0306196213,80.2092666626,44717,44727,10
13.0301198959,80.2091293335,44727,44737,10
13.0294704437,80.2089004517,44737,44757,20
13.0294704437,80.2089004517,44757,44767,10
13.0293102264,80.2087936401,44767,44777,10
13.0287599564,80.2086791992,44777,44787,10
13.027970314,80.2084503174,44787,44798,11
13.0270996094,80.2080001831,44798,44808,10
13.0262098312,80.2074508667,44808,44818,10
13.0251502991,80.2070465088,44818,44828,10
13.024310112,80.2069168091,44828,44838,10
13.0241603851,80.2068862915,44838,44848,10
13.0238399506,80.20677948,44848,44858,10
13.0232400894,80.2066421509,44858,44868,10
13.0224304199,80.2064666748,44868,44878,10
13.0214099884,80.2064208984,44878,44888,10
13.0203800201,80.2064208984,44888,44899,11
13.0194597244,80.2063827515,44899,44907,8
13.0190000534,80.2063217163,44907,44918,11
13.0189399719,80.2062988281,44918,44929,11
13.0186395645,80.2061920166,44929,44939,10
13.0179700851,80.2059783936,44939,44949,10
13.0174798965,80.2057723999,44949,44959,10
13.0168104172,80.2055511475,44959,44969,10
13.0158996582,80.2052230835,44969,44979,10
13.0148296356,80.2048492432,44979,44989,10
13.0137996674,80.204460144,44989,44999,10
13.0135402679,80.2046508789,44999,45010,11
13.0133800507,80.2051773071,45010,45020,10
13.0131397247,80.2058410645,45020,45030,10
13.0129804611,80.2067337036,45030,45040,10
13.0129003525,80.2076034546,45040,45050,10
13.0128498077,80.2079086304,45050,45060,10
13.0127801895,80.208366394,45060,45070,10
13.0128202438,80.2087097168,45070,45080,10
13.0128898621,80.2092208862,45080,45090,10
13.0131597519,80.2097625732,45090,45100,10
13.0130701065,80.2104568481,45100,45110,10
13.0127601624,80.2113571167,45110,45121,11
13.0123596191,80.2121887207,45121,45131,10
13.0119800568,80.2127075195,45131,45141,10
13.0117797852,80.212852478,45141,45151,10
13.0114803314,80.2125930786,45151,45161,10
13.0109300613,80.2121734619,45161,45171,10
13.0102596283,80.2117080688,45171,45181,10
13.0098199844,80.2113418579,45181,45191,10
13.0094804764,80.2110977173,45191,45262,71
13.0094804764,80.2110977173,45262,45272,10
13.0091400146,80.2112884521,45272,45282,10
13.0089702606,80.2115097046,45282,45292,10
13.0090904236,80.2120437622,45292,45302,10
13.0093402863,80.2127380371,45302,45312,10
13.0095996857,80.2134170532,45312,45321,9
13.0098695755,80.2140426636,45321,45333,12
13.0101499557,80.2149276733,45333,45343,10
13.0102996826,80.2158203125,45343,45353,10
13.010720253,80.2167816162,45353,45363,10
13.0111904144,80.217880249,45363,45373,10
13.0115995407,80.2190170288,45373,45383,10
13.0119600296,80.220199585,45383,45393,10
13.012260437,80.2211914063,45393,45403,10
13.0125799179,80.2217788696,45403,45413,10
13.0129804611,80.222366333,45413,45423,10
13.013589859,80.2230377197,45423,45433,10
13.0141801834,80.2238006592,45433,45444,11
13.0149002075,80.2246398926,45444,45454,10
13.0152597427,80.2250595093,45454,45464,10
13.0153598785,80.2252197266,45464,45474,10
13.01541996,80.2254180908,45474,45484,10
13.0153799057,80.2257385254,45484,45494,10
13.015080452,80.2259597778,45494,45504,10
13.0145597458,80.2261581421,45504,45514,10
13.0138397217,80.2264175415,45514,45524,10
13.0129804611,80.2267379761,45524,45534,10
13.0121498108,80.2270889282,45534,45545,11
13.0111198425,80.2274627686,45545,45555,10
13.0101499557,80.2278366089,45555,45565,10
13.0094604492,80.227722168,45565,45575,10
13.0096998215,80.227142334,45575,45585,10
13.0100297928,80.2264328003,45585,45595,10
13.0103502274,80.2256622314,45595,45605,10
13.0106401443,80.224937439,45605,45615,10
13.010890007,80.224319458,45615,45625,10
13.011059761,80.2239685059,45625,45635,10
13.0111503601,80.2236175537,45635,45644,9
13.0112304688,80.2233276367,45644,45656,12
13.010840416,80.2230072021,45656,45666,10
13.010140419,80.2226791382,45666,45676,10
13.0093898773,80.2222366333,45676,45686,10
13.0085401535,80.2217636108,45686,45696,10
13.0077199936,80.2213287354,45696,45706,10
13.0069198608,80.2209014893,45706,45716,10
13.0060100555,80.2205810547,45716,45726,10
13.0051898956,80.2203979492,45726,45736,10
13.0044698715,80.2202072144,45736,45746,10
13.0038204193,80.2200622559,45746,45756,10
13.0031795502,80.2198867798,45756,45767,11
13.0024299622,80.2194976807,45767,45777,10
13.0019903183,80.2190704346,45777,45787,10
13.0015201569,80.2186203003,45787,45797,10
13.0009899139,80.2181930542,45797,45807,10
13.0004796982,80.2178421021,45807,45817,10
12.9998703003,80.2175216675,45817,45827,10
12.9993200302,80.2171936035,45827,45837,10
12.9988002777,80.2169189453,45837,45847,10
12.9980697632,80.2166213989,45847,45856,9
12.9974803925,80.2165527344,45856,45868,12
12.9972696304,80.2165222168,45868,45888,20
12.9972696304,80.2165222168,45888,45898,10
12.9969396591,80.2165374756,45898,45908,10
12.9964199066,80.2165603638,45908,45918,10
12.9957199097,80.2166976929,45918,45928,10
12.9950799942,80.2170181274,45928,45938,10
12.9947299957,80.2172698975,45938,45948,10
12.9942598343,80.2176208496,45948,45958,10
12.9939403534,80.2178726196,45958,45968,10
12.9934396744,80.2182235718,45968,45979,11
12.9927902222,80.2186508179,45979,45989,10
12.9921102524,80.2191467285,45989,45999,10
12.9914598465,80.2195968628,45999,46009,10
12.9911003113,80.2194595337,46009,46019,10
12.9910898209,80.2194595337,46019,46029,10
12.9907903671,80.219367981,46029,46039,10
12.9901895523,80.2191619873,46039,46049,10
12.9893798828,80.2188796997,46049,46059,10
12.9883804321,80.218536377,46059,46069,10
12.9878396988,80.218421936,46069,46079,10
12.9874601364,80.2183685303,46079,46090,11
12.9869403839,80.2182693481,46090,46100,10
12.9868803024,80.21824646,46100,46110,10
12.9864501953,80.2181472778,46110,46120,10
12.985710144,80.217956543,46120,46130,10
12.9848003387,80.217918396,46130,46140,10
12.9840698242,80.2179718018,46140,46150,10
12.9840202332,80.217956543,46150,46160,10
12.9839200974,80.217956543,46160,46170,10
12.9834098816,80.2179794312,46170,46179,9
12.9827098846,80.2179718018,46179,46190,11
12.9816598892,80.2180099487,46190,46201,11
12.9806804657,80.2182998657,46201,46211,10
12.979929924,80.2185821533,46211,46221,10
12.9792098999,80.2188720703,46221,46231,10
12.9787397385,80.2190475464,46231,46241,10
12.9781999588,80.2192611694,46241,46251,10
12.9774198532,80.2195892334,46251,46261,10
12.9764699936,80.2199935913,46261,46271,10
12.9758901596,80.2202682495,46271,46291,20
12.9758901596,80.2202682495,46291,46302,11
12.9756097794,80.2203903198,46302,46312,10
12.975520134,80.2206802368,46312,46322,10
12.9756803513,80.2209091187,46322,46352,30
12.9756803513,80.2209091187,46352,46362,10
12.9758300781,80.2211532593,46362,46372,10
12.9759998322,80.2212524414,46372,46524,152
12.9759998322,80.2212524414,46524,46534,10
12.9765100479,80.2211990356,46534,46544,10
12.9768600464,80.221206665,46544,46554,10
12.9774103165,80.2211990356,46554,46564,10
12.9779396057,80.2211685181,46564,46574,10
12.9786195755,80.2211227417,46574,46584,10
12.9792995453,80.2210922241,46584,46594,10
12.9799804688,80.2210464478,46594,46604,10
12.9806699753,80.2209777832,46604,46614,10
12.9813804626,80.2211914063,46614,46625,11
12.9819698334,80.221572876,46625,46635,10
12.9829397202,80.2219161987,46635,46655,20
12.9829397202,80.2219161987,46655,46665,10
12.9831199646,80.222038269,46665,46675,10
12.9833803177,80.2222213745,46675,46685,10
12.983710289,80.2224502563,46685,46695,10
12.98416996,80.2227172852,46695,46705,10
12.9846801758,80.2230224609,46705,46715,10
12.9852895737,80.2232208252,46715,46725,10
12.9856996536,80.2229766846,46725,46736,11
12.9863901138,80.2229537964,46736,46746,10
12.9864997864,80.2229614258,46746,46756,10
12.9867601395,80.2229766846,46756,46766,10
12.9871902466,80.2230529785,46766,46776,10
12.9873600006,80.2230606079,46776,46786,10
12.9876403809,80.2230834961,46786,46796,10
12.9881401062,80.2227935791,46796,46806,10
12.9887199402,80.2222366333,46806,46816,10
12.9893198013,80.2214813232,46816,46826,10
12.9904003143,80.2203369141,46826,46847,21
12.9904003143,80.2203369141,46847,46857,10
12.9905195236,80.2202835083,46857,46867,10
12.9908399582,80.2200622559,46867,46877,10
12.9911298752,80.2198410034,46877,46887,10
12.9913101196,80.2196731567,46887,46897,10
12.9918003082,80.219329834,46897,46907,10
12.9922800064,80.2189483643,46907,46917,10
12.9929800034,80.218460083,46917,46927,10
12.9937095642,80.217918396,46927,46936,9
12.9942798615,80.2174835205,46936,46947,11
12.994720459,80.2171401978,46947,46958,11
12.9949302673,80.217010498,46958,46968,10
12.9954004288,80.2167434692,46968,46978,10
12.9960403442,80.216583252,46978,46988,10
12.9968299866,80.2164764404,46988,46998,10
12.9972696304,80.2162704468,46998,47008,10
12.9974098206,80.2161483765,47008,47018,10
12.9975299835,80.2160491943,47018,47028,10
12.9978504181,80.2157592773,47028,47038,10
12.9983301163,80.2152786255,47038,47048,10
12.9989500046,80.2148284912,47048,47059,11
12.9992198944,80.2145462036,47059,47069,10
12.9996204376,80.2142028809,47069,47079,10
13.0000801086,80.2138671875,47079,47089,10
13.000579834,80.2133407593,47089,47099,10
13.0012102127,80.2128601074,47099,47109,10
13.0019197464,80.2123718262,47109,47119,10
13.0024404526,80.2121200562,47119,47129,10
13.0030202866,80.2120666504,47129,47139,10
13.0035400391,80.2119979858,47139,47149,10
13.0036096573,80.2119369507,47149,47159,10
13.0036897659,80.2115097046,47159,47170,11
13.0036697388,80.2107696533,47170,47180,10
13.0035600662,80.2100372314,47180,47190,10
13.0035800934,80.2092971802,47190,47200,10
13.0038404465,80.2086105347,47200,47210,10
13.0045795441,80.2088623047,47210,47220,10
13.0054302216,80.2092437744,47220,47230,10
13.0061101913,80.209487915,47230,47240,10
13.0066604614,80.2096633911,47240,47250,10
13.0069599152,80.2097167969,47250,47260,10
13.0073003769,80.2098007202,47260,47270,10
13.007349968,80.2098236084,47270,47281,11
13.0074100494,80.2098388672,47281,47291,10
13.0076704025,80.2098999023,47291,47301,10
13.007900238,80.2099380493,47301,47311,10
13.0080795288,80.2099914551,47311,47321,10
13.0081501007,80.2097473145,47321,47331,10
13.008020401,80.2091064453,47331,47341,10
13.0079202652,80.2082824707,47341,47351,10
13.0077896118,80.2073669434,47351,47361,10
13.0076398849,80.2063903809,47361,47371,10
13.0075397491,80.2053070068,47371,47382,11
13.0075302124,80.2042388916,47382,47392,10
13.007399559,80.2033615112,47392,47402,10
13.0070800781,80.2025222778,47402,47412,10
13.0065202713,80.2029571533,47412,47422,10
13.0069799423,80.2034378052,47422,47432,10
13.0076704025,80.2036590576,47432,47442,10
13.0084896088,80.203666687,47442,47452,10
13.009519577,80.2035980225,47452,47462,10
13.0106697083,80.2035980225,47462,47472,10
13.0118398666,80.2037277222,47472,47482,10
13.0128698349,80.2038879395,47482,47493,11
13.0138196945,80.2042388916,47493,47503,10
13.0146999359,80.2045135498,47503,47513,10
13.0150003433,80.2045974731,47513,47523,10
13.0152196884,80.2046432495,47523,47533,10
13.0157804489,80.2048492432,47533,47543,10
13.0163898468,80.205116272,47543,47553,10
13.0169801712,80.205329895,47553,47563,10
13.0174798965,80.205581665,47563,47573,10
13.0180997849,80.2057418823,47573,47583,10
13.0186700821,80.2059402466,47583,47593,10
13.0187797546,80.2059707642,47593,47604,11
13.0189800262,80.2060394287,47604,47614,10
13.0194501877,80.2061767578,47614,47624,10
13.0201597214,80.2062606812,47624,47634,10
13.0210399628,80.2062835693,47634,47644,10
13.0215597153,80.2062683105,47644,47654,10
13.0218696594,80.2062911987,47654,47664,10
13.0224704742,80.2063674927,47664,47674,10
13.0233097076,80.2065582275,47674,47684,10
13.0241098404,80.2066192627,47684,47694,10
13.0248003006,80.2068023682,47694,47705,11
13.0258197784,80.2071380615,47705,47715,10
13.026720047,80.2076721191,47715,47725,10
13.0276002884,80.2081985474,47725,47735,10
13.0284996033,80.2085571289,47735,47745,10
13.0294303894,80.2087783813,47745,47755,10
13.0299301147,80.2088775635,47755,47765,10
13.0299501419,80.2088775635,47765,47775,10
13.0302696228,80.2089920044,47775,47785,10
13.0308704376,80.2091598511,47785,47795,10
13.0315799713,80.2093429565,47795,47805,10
13.0316495895,80.2093734741,47805,47816,11
13.0317602158,80.2094497681,47816,47826,10
13.0321702957,80.2095413208,47826,47836,10
13.0328598022,80.2096176147,47836,47846,10
13.0335702896,80.209777832,47846,47856,10
13.034330368,80.2099380493,47856,47866,10
13.0350198746,80.2101364136,47866,47876,10
13.0349502563,80.2106018066,47876,47886,10
13.0349502563,80.211151123,47886,47896,10
13.0349502563,80.2112503052,47896,47906,10
13.0349302292,80.2113494873,47906,47916,10
13.034910202,80.2116317749,47916,47927,11
13.0348796844,80.2119369507,47927,47937,10
13.0352201462,80.2121582031,47937,47947,10
13.0358200073,80.2121963501,47947,47957,10
13.0366201401,80.2122421265,47957,47967,10
13.0373601913,80.212272644,47967,47977,10
13.0382204056,80.2122802734,47977,47987,10
13.0391902924,80.2122421265,47987,47997,10
13.0402297974,80.2122268677,47997,48007,10
13.0413103104,80.2122268677,48007,48017,10
13.0423297882,80.2122268677,48017,48028,11
13.0433502197,80.2122192383,48028,48038,10
13.0441703796,80.2122192383,48038,48048,10
13.0447702408,80.2122192383,48048,48058,10
13.0454702377,80.2122192383,48058,48068,10
13.0463104248,80.2121963501,48068,48078,10
13.0471200943,80.2121582031,48078,48088,10
13.0478696823,80.2120666504,48088,48098,10
13.0486097336,80.2119903564,48098,48128,30
13.0486097336,80.2119903564,48128,48139,11
13.0488300323,80.2119674683,48139,48149,10
13.0491104126,80.2119674683,48149,48159,10
13.0494604111,80.2119674683,48159,48169,10
13.0497198105,80.2119369507,48169,48179,10
13.0499897003,80.2119293213,48179,48189,10
13.0502300262,80.2119293213,48189,48199,10
13.050450325,80.2119598389,48199,48209,10
13.0507001877,80.212020874,48209,48219,10
13.0511198044,80.212059021,48219,48229,10
13.0519104004,80.2120285034,48229,48239,10
13.052740097,80.2118377686,48239,48250,11
13.0537595749,80.211517334,48250,48260,10
13.0546302795,80.2113723755,48260,48270,10
13.0555295944,80.2114028931,48270,48280,10
13.056429863,80.2114028931,48280,48290,10
13.057100296,80.2113800049,48290,48300,10
13.0571403503,80.2113723755,48300,48310,10
13.0574598312,80.2113723755,48310,48320,10
13.0581197739,80.2114028931,48320,48330,10
13.0587396622,80.2114181519,48330,48340,10
13.0593795776,80.2114715576,48340,48350,10
13.0602197647,80.2115097046,48350,48361,11
13.061340332,80.2115707397,48361,48371,10
13.0621795654,80.2116165161,48371,48381,10
13.0629396439,80.2115402222,48381,48391,10
13.0631198883,80.211517334,48391,48401,10
13.0633602142,80.211517334,48401,48411,10
13.0635299683,80.2114868164,48411,48421,10
13.0636997223,80.2114715576,48421,48431,10
13.0641202927,80.2114334106,48431,48441,10
13.0647697449,80.2111816406,48441,48451,10
13.0655899048,80.2106323242,48451,48462,11
13.0664396286,80.2099075317,48462,48472,10
13.0670795441,80.2091522217,48472,48481,9
13.0674600601,80.2084884644,48481,48492,11
13.0678901672,80.2078323364,48492,48502,10
13.0683097839,80.2072067261,48502,48510,8
13.0686903,80.2066192627,48510,48522,12
13.0693397522,80.205619812,48522,48532,10
13.0697002411,80.2049102783,48532,48542,10
13.0693502426,80.2048110962,48542,48552,10
13.0690202713,80.2052078247,48552,48562,10
13.0688295364,80.2051773071,48562,48573,11
13.0687704086,80.2048568726,48573,48603,30
13.0687704086,80.2048568726,48603,48613,10
13.0687704086,80.204788208,48613,48623,10
13.0689296722,80.2046890259,48623,48633,10
13.0692300797,80.2046890259,48633,48643,10
13.0695896149,80.204750061,48643,48653,10
13.0698699951,80.204788208,48653,48663,10
13.0702104568,80.2043380737,48663,48674,11
13.0707798004,80.2036437988,48674,48684,10
13.0714197159,80.2028808594,48684,48694,10
13.071969986,80.2021484375,48694,48734,40
13.071969986,80.2021484375,48734,48744,10
13.0719499588,80.2020111084,48744,48754,10
13.0722398758,80.2017669678,48754,48764,10
13.0726995468,80.2013015747,48764,48774,10
13.0731801987,80.2007598877,48774,48785,11
13.0737895966,80.200050354,48785,48795,10
13.0742797852,80.1995391846,48795,48805,10
13.0744495392,80.1993637085,48805,48815,10
13.0745401382,80.1992797852,48815,48825,10
13.0749597549,80.1991119385,48825,48835,10
13.0756502151,80.1989974976,48835,48845,10
13.0765199661,80.1990127563,48845,48855,10
13.0774402618,80.1989135742,48855,48865,10
13.0783596039,80.1988067627,48865,48875,10
13.0793600082,80.1986999512,48875,48885,10
13.0802297592,80.198638916,48885,48896,11
13.0811395645,80.1985626221,48896,48906,10
13.0819196701,80.1985473633,48906,48916,10
13.0826597214,80.1984634399,48916,48926,10
13.0833101273,80.1984481812,48926,48936,10
13.0836801529,80.1984405518,48936,48946,10
13.0839996338,80.1984405518,48946,48956,10
13.0843200684,80.1984786987,48956,48966,10
13.0848197937,80.1984863281,48966,48976,10
13.0849304199,80.1984710693,48976,48986,10
13.0853500366,80.1984405518,48986,48997,11
13.0858802795,80.1984100342,48997,49007,10
13.0865001678,80.1983795166,49007,49017,10
13.0868997574,80.198387146,49017,49027,10
13.0870304108,80.1981506348,49027,49037,10
13.0870800018,80.1979598999,49037,49047,10
13.0871095657,80.1978302002,49047,49057,10
13.0871496201,80.1973800659,49057,49067,10
13.0871696472,80.1967010498,49067,49077,10
13.0871801376,80.1958694458,49077,49087,10
13.0872097015,80.1950378418,49087,49097,10
13.0872297287,80.1942214966,49097,49108,11
13.0872402191,80.1932983398,49108,49118,10
13.0872297287,80.1929397583,49118,49128,10
13.0872602463,80.1925964355,49128,49138,10
13.0873403549,80.1921386719,49138,49148,10
13.087439537,80.1914596558,49148,49158,10
13.0875501633,80.1906433105,49158,49168,10
13.0876703262,80.1896896362,49168,49178,10
13.0876998901,80.1889038086,49178,49188,10
13.0877103806,80.1888504028,49188,49198,10
13.0877799988,80.1885986328,49198,49208,10
13.0877799988,80.1880722046,49208,49219,11
13.0878095627,80.1873779297,49219,49229,10
13.0878295898,80.1865692139,49229,49239,10
13.087849617,80.1857070923,49239,49249,10
13.0878896713,80.1849365234,49249,49259,10
13.0879201889,80.18409729,49259,49269,10
13.0879497528,80.1832122803,49269,49279,10
13.0879898071,80.1822967529,49279,49289,10
13.0880098343,80.1818237305,49289,49299,10
13.0880403519,80.1811981201,49299,49309,10
13.0880899429,80.1805419922,49309,49320,11
13.0881204605,80.1796188354,49320,49330,10
13.0881004333,80.1789779663,49330,49340,10
13.0881004333,80.1789321899,49340,49350,10
13.0881500244,80.1788635254,49350,49360,10
13.0881500244,80.1784286499,49360,49370,10
13.0881700516,80.1777267456,49370,49380,10
13.0881795883,80.1770095825,49380,49390,10
13.0882101059,80.1762924194,49390,49400,10
13.0882797241,80.1753768921,49400,49410,10
13.0883398056,80.1745300293,49410,49420,10
13.0883998871,80.1737823486,49420,49431,11
13.0884399414,80.1730422974,49431,49441,10
13.088470459,80.1723022461,49441,49451,10
13.0884799957,80.1717300415,49451,49461,10
13.0885095596,80.1714782715,49461,49471,10
13.0885295868,80.1712799072,49471,49481,10
13.0885696411,80.1709594727,49481,49491,10
13.0885801315,80.1704177856,49491,49501,10
13.0886096954,80.1698303223,49501,49511,10
13.088640213,80.1695785522,49511,49521,10
13.0888900757,80.1694488525,49521,49531,10
13.0894298553,80.1695098877,49531,49542,11
13.0902004242,80.1695632935,49542,49552,10
13.0910797119,80.1696166992,49552,49562,10
13.0920801163,80.1696777344,49562,49572,10
13.0931100845,80.1697463989,49572,49582,10
13.0940704346,80.1697921753,49582,49592,10
13.0946302414,80.1698532104,49592,49602,10
13.0948696136,80.1698913574,49602,49612,10
13.0950603485,80.1699066162,49612,49622,10
13.0956296921,80.169921875,49622,49632,10
13.0964002609,80.1699523926,49632,49643,11
13.0974397659,80.1699905396,49643,49653,10
13.0983600616,80.1700363159,49653,49663,10
13.0994501114,80.1700286865,49663,49713,50
13.0994501114,80.1700286865,49713,49723,10
13.0996198654,80.1697387695,49723,49764,41
13.0996198654,80.1697387695,49764,49774,10
13.0992298126,80.1695785522,49774,49784,10
13.099029541,80.1695785522,49784,49794,10
13.0988197327,80.1695404053,49794,49804,10
13.0987796783,80.1695098877,49804,49814,10
13.0986604691,80.1691665649,49814,50490,676
13.0986204147,80.1691589355,50490,50813,323
13.0986404419,80.1691131592,50813,53054,2241
13.0986404419,80.1691131592,53054,53064,10
13.0989198685,80.1692428589,53064,53074,10
13.0991001129,80.1693496704,53074,53084,10
13.0991697311,80.1695098877,53084,53094,10
13.0993700027,80.1696090698,53094,53135,41
13.0993700027,80.1696090698,53135,53145,10
13.0996799469,80.1697998047,53145,53155,10
13.0994701385,80.1700820923,53155,53215,60
13.0994701385,80.1700820923,53215,53225,10
13.099240303,80.1701889038,53225,53235,10
13.0991802216,80.1701889038,53235,53246,11
13.0990600586,80.1701965332,53246,53256,10
13.0985603333,80.1701507568,53256,53266,10
13.0977802277,80.1701126099,53266,53276,10
13.0967998505,80.1700363159,53276,53286,10
13.0956802368,80.169960022,53286,53296,10
13.0948400497,80.1698989868,53296,53306,10
13.0945301056,80.1698913574,53306,53316,10
13.0942001343,80.169883728,53316,53326,10
13.0935401917,80.1698226929,53326,53336,10
13.0927295685,80.1697998047,53336,53346,10
13.0916404724,80.1697311401,53346,53357,11
13.0904798508,80.1696472168,53357,53367,10
13.0893697739,80.1695785522,53367,53377,10
13.0886697769,80.1696929932,53377,53387,10
13.0886297226,80.1702575684,53387,53397,10
13.0886001587,80.171081543,53397,53407,10
13.0885696411,80.1718063354,53407,53417,10
13.0885696411,80.171913147,53417,53427,10
13.0885601044,80.1720275879,53427,53437,10
13.088549614,80.1724624634,53437,53447,10
13.0885000229,80.173210144,53447,53458,11
13.0884599686,80.1742324829,53458,53468,10
13.0883798599,80.1751785278,53468,53478,10
13.0882902145,80.1762390137,53478,53488,10
13.0882501602,80.1771316528,53488,53498,10
13.0882501602,80.1778106689,53498,53508,10
13.0882396698,80.1784973145,53508,53518,10
13.0882396698,80.1785430908,53518,53528,10
13.088259697,80.1786880493,53528,53538,10
13.0882396698,80.1791992188,53538,53558,20
13.0882396698,80.1791992188,53558,53569,11
13.0882396698,80.1795425415,53569,53579,10
13.0882396698,80.1800384521,53579,53589,10
13.0881996155,80.1807098389,53589,53599,10
13.0881595612,80.1815185547,53599,53609,10
13.0881099701,80.1829681396,53609,53619,10
13.0881099701,80.1829681396,53619,53629,10
13.0881004333,80.1831970215,53629,53638,9
13.088060379,80.1837005615,53638,53656,18
13.0880002975,80.1851806641,53656,53667,11
13.0879402161,80.1860961914,53667,53677,10
13.0879001617,80.1869812012,53677,53688,11
13.0878896713,80.1876678467,53688,53698,10
13.0878801346,80.1879882813,53698,53708,10
13.0878601074,80.1885223389,53708,53718,10
13.0878295898,80.1890563965,53718,53728,10
13.0878000259,80.1896133423,53728,53748,20
13.0878000259,80.1896133423,53748,53758,10
13.0877895355,80.1898727417,53758,53768,10
13.0877199173,80.1903076172,53768,53778,10
13.0876197815,80.1909713745,53778,53789,11
13.0874900818,80.1918792725,53789,53799,10
13.0874700546,80.1923904419,53799,53809,10
13.0874595642,80.192527771,53809,53819,10
13.0874500275,80.1925964355,53819,53829,10
13.0874300003,80.1927490234,53829,53839,10
13.0874004364,80.1931533813,53839,53849,10
13.0873603821,80.1937713623,53849,53859,10
13.0873403549,80.194480896,53859,53869,10
13.0873098373,80.1952819824,53869,53879,10
13.0873003006,80.196182251,53879,53890,11
13.087269783,80.1971969604,53890,53900,10
13.0872497559,80.1975479126,53900,53910,10
13.0872497559,80.1976699829,53910,53920,10
13.0872402191,80.1979827881,53920,53930,10
13.0873003006,80.1982269287,53930,53940,10
13.0874004364,80.198348999,53940,53950,10
13.0877199173,80.198387146,53950,53960,10
13.0882701874,80.1984329224,53960,53970,10
13.088760376,80.1984786987,53970,53980,10
13.0892400742,80.1985015869,53980,53990,10
13.0899095535,80.1985168457,53990,54001,11
13.0907897949,80.1985626221,54001,54011,10
13.0917100906,80.1986312866,54011,54021,10
13.0927295685,80.198638916,54021,54031,10
13.0929698944,80.1990509033,54031,54041,10
13.0929298401,80.1997909546,54041,54051,10
13.0928897858,80.2004623413,54051,54061,10
13.09278965,80.200592041,54061,54071,10
13.09237957,80.2005767822,54071,54081,10
13.0917301178,80.2005691528,54081,54091,10
13.090880394,80.2005462646,54091,54101,10
13.0899200439,80.2005081177,54101,54112,11
13.0887098312,80.2004776001,54112,54122,10
13.0875701904,80.2004089355,54122,54132,10
13.0868301392,80.2004013062,54132,54142,10
13.0860795975,80.200378418,54142,54152,10
13.0853996277,80.2003326416,54152,54162,10
13.085269928,80.1999816895,54162,54172,10
13.0853004456,80.1993637085,54172,54182,10
13.0852899551,80.1986923218,54182,54192,10
13.084980011,80.198677063,54192,54202,10
13.0844898224,80.1986694336,54202,54213,11
13.0842103958,80.198638916,54213,54223,10
13.0840797424,80.1986236572,54223,54233,10
13.0837802887,80.1986083984,54233,54243,10
13.0837001801,80.198600769,54243,54253,10
13.083319664,80.1985931396,54253,54263,10
13.0827302933,80.1985702515,54263,54273,10
13.082110405,80.198600769,54273,54283,10
13.0816001892,80.1985931396,54283,54293,10
13.0810804367,80.1985931396,54293,54303,10
13.0804901123,80.198638916,54303,54313,10
13.0798301697,80.1986999512,54313,54324,11
13.0789403915,80.1987762451,54324,54334,10
13.0780200958,80.1989212036,54334,54344,10
13.0771198273,80.1990203857,54344,54354,10
13.0762395859,80.1991271973,54354,54364,10
13.0753097534,80.1992797852,54364,54374,10
13.0744400024,80.1997070313,54374,54384,10
13.0739202499,80.2002105713,54384,54394,10
13.0738697052,80.2002716064,54394,54404,10
13.0737800598,80.2004089355,54404,54414,10
13.0734300613,80.2008132935,54414,54424,10
13.0729503632,80.2013931274,54424,54435,11
13.072429657,80.202003479,54435,54445,10
13.0718603134,80.2026062012,54445,54455,10
13.0712099075,80.2033615112,54455,54465,10
13.070599556,80.2040710449,54465,54475,10
13.0701398849,80.2046737671,54475,54485,10
13.0700101852,80.2048492432,54485,54495,10
13.0698795319,80.2050323486,54495,54505,10
13.0696201324,80.2049407959,54505,54515,10
13.069319725,80.2048721313,54515,54525,10
13.069029808,80.2052078247,54525,54536,11
13.0682401657,80.2054367065,54536,54576,40
13.0681200027,80.2054519653,54576,54636,60
13.0681200027,80.2054519653,54636,54647,11
13.0679702759,80.205039978,54647,54697,50
13.0679702759,80.205039978,54697,54707,10
13.0684604645,80.2048797607,54707,54717,10
13.0688199997,80.2047271729,54717,54746,29
13.0688199997,80.2047271729,54746,54758,12
13.0690803528,80.2046890259,54758,54768,10
13.0693397522,80.2047271729,54768,54778,10
13.0694799423,80.204750061,54778,54788,10
13.0696496964,80.2048034668,54788,54798,10
13.0698404312,80.2049713135,54798,54808,10
13.0696697235,80.2053527832,54808,54818,10
13.0692996979,80.2059173584,54818,54828,10
13.0688400269,80.2066268921,54828,54838,10
13.0683298111,80.2074508667,54838,54848,10
13.0678300858,80.2082672119,54848,54858,10
13.0673303604,80.2090530396,54858,54869,11
13.0666503906,80.2099227905,54869,54879,10
13.0659599304,80.2105026245,54879,54889,10
13.0653896332,80.2109985352,54889,54899,10
13.0653495789,80.2110366821,54899,54909,10
13.0651903152,80.2111663818,54909,54919,10
13.0648202896,80.2113800049,54919,54929,10
13.0642700195,80.2116165161,54929,54939,10
13.0638904572,80.2116699219,54939,54949,10
13.0636196136,80.2116622925,54949,54959,10
13.0630302429,80.211730957,54959,54970,11
13.0621595383,80.211730957,54970,54980,10
13.0612802505,80.2116699219,54980,54990,10
13.0601701736,80.2116394043,54990,55000,10
13.0590600967,80.2116165161,55000,55010,10
13.0580396652,80.2115936279,55010,55020,10
13.0576295853,80.2116012573,55020,55030,10
13.0574302673,80.2116012573,55030,55040,10
13.0569696426,80.2116012573,55040,55050,10
13.0562896729,80.2116012573,55050,55060,10
13.0554599762,80.2116012573,55060,55070,10
13.0545301437,80.2115707397,55070,55081,11
13.053560257,80.211769104,55081,55091,10
13.052479744,80.2120437622,55091,55101,10
13.0513601303,80.2121963501,55101,55111,10
13.0498304367,80.2121429443,55111,55130,19
13.0498304367,80.2121429443,55130,55141,11
13.0495595932,80.2121734619,55141,55151,10
13.0494499207,80.2121505737,55151,55161,10
13.0490903854,80.2121276855,55161,55171,10
13.0485496521,80.2121505737,55171,55180,9
13.0480203629,80.2121963501,55180,55192,12
13.04708004,80.2122497559,55192,55202,10
13.0460700989,80.2122879028,55202,55212,10
13.0450696945,80.2123413086,55212,55222,10
13.0441503525,80.2123413086,55222,55232,10
13.0431995392,80.2123413086,55232,55242,10
13.0423402786,80.2123184204,55242,55252,10
13.0415000916,80.2123565674,55252,55262,10
13.0405597687,80.2123565674,55262,55271,9
13.0398397446,80.2123718262,55271,55282,11
13.0389003754,80.2123794556,55282,55293,11
13.0382795334,80.212387085,55293,55303,10
13.0381498337,80.212348938,55303,55333,30
13.0381498337,80.212348938,55333,55343,10
13.038020134,80.2123565674,55343,55353,10
13.0376195908,80.2123718262,55353,55363,10
13.0371799469,80.2123413086,55363,55373,10
13.0367698669,80.2123336792,55373,55383,10
13.0361099243,80.2123413086,55383,55393,10
13.0357398987,80.2123336792,55393,55404,11
13.035320282,80.2122879028,55404,55414,10
13.0348901749,80.2122268677,55414,55424,10
13.0347299576,80.2122116089,55424,55434,10
13.0343999863,80.2121200562,55434,55464,30
13.0343999863,80.2121200562,55464,55474,10
13.0341701508,80.2120819092,55474,55484,10
13.0341596603,80.2120819092,55484,55494,10
13.0340099335,80.2120513916,55494,55503,9
13.0339097977,80.212020874,55503,55515,12
13.0333995819,80.2118988037,55515,55525,10
13.0326795578,80.211807251,55525,55535,10
13.0319595337,80.2116928101,55535,55545,10
13.0319099426,80.2110595703,55545,55555,10
13.0320396423,80.2102737427,55555,55565,10
13.0319795609,80.2096405029,55565,55575,10
13.0313196182,80.2094268799,55575,55585,10
13.0305404663,80.2092208862,55585,55595,10
13.0303497314,80.2091674805,55595,55605,10
13.0299797058,80.2090377808,55605,55614,9
13.0295495987,80.2088775635,55614,55626,12
13.0295095444,80.2088470459,55626,55636,10
13.0291404724,80.2087478638,55636,55646,10
13.028719902,80.2086791992,55646,55656,10
13.0284204483,80.2086105347,55656,55666,10
13.0278902054,80.2084503174,55666,55676,10
13.0272798538,80.2081069946,55676,55686,10
13.0265703201,80.2076873779,55686,55694,8
13.0259103775,80.2072906494,55694,55713,19
13.0241603851,80.2068634033,55713,55723,10
13.0230703354,80.2065887451,55723,55734,11
13.0219297409,80.206413269,55734,55744,10
13.0209703445,80.2063980103,55744,55754,10
13.0199403763,80.2064437866,55754,55764,10
13.0193195343,80.2063674927,55764,55774,10
13.0192804337,80.2063522339,55774,55784,10
13.019080162,80.206237793,55784,55794,10
13.0186595917,80.2061462402,55794,55804,10
13.0180797577,80.2059783936,55804,55814,10
13.0172996521,80.2056732178,55814,55824,10
13.016500473,80.2053604126,55824,55835,11
13.0152196884,80.2049407959,55835,55845,10
13.0142097473,80.2045898438,55845,55855,10
13.0136003494,80.2044372559,55855,55865,10
13.0134801865,80.204826355,55865,55875,10
13.0132598877,80.2055130005,55875,55885,10
13.0130300522,80.2063369751,55885,55895,10
13.0129404068,80.2072982788,55895,55905,10
13.0128698349,80.2077484131,55905,55915,10
13.0128202438,80.2080917358,55915,55925,10
13.0128297806,80.2084884644,55925,55935,10
13.0128602982,80.2088165283,55935,55946,11
13.0130395889,80.2094421387,55946,55956,10
13.0131196976,80.2101135254,55956,55966,10
13.0129098892,80.2109985352,55966,55976,10
13.0124998093,80.2117614746,55976,55986,10
13.0121603012,80.2123336792,55986,55996,10
13.011879921,80.2127380371,55996,56006,10
13.0116796494,80.2127532959,56006,56016,10
13.0113096237,80.2124633789,56016,56026,10
13.0107498169,80.2120285034,56026,56036,10
13.0101804733,80.2116012573,56036,56045,9
13.0097703934,80.2112808228,56045,56057,12
13.0094499588,80.2110290527,56057,56087,30
13.0094499588,80.2110290527,56087,56097,10
13.0091600418,80.2111434937,56097,56107,10
13.0089902878,80.211479187,56107,56117,10
13.0090703964,80.2118682861,56117,56127,10
13.0092496872,80.2124633789,56127,56137,10
13.0094900131,80.2131195068,56137,56147,10
13.009759903,80.2137832642,56147,56158,11
13.0100803375,80.2145767212,56158,56168,10
13.0102100372,80.215461731,56168,56178,10
13.0105800629,80.2164535522,56178,56188,10
13.0110702515,80.2175292969,56188,56198,10
13.0114603043,80.2185821533,56198,56208,10
13.0118303299,80.2196807861,56208,56218,10
13.012169838,80.2208023071,56218,56228,10
13.0124101639,80.2215881348,56228,56238,10
13.0125598907,80.2218399048,56238,56248,10
13.0128898621,80.2222595215,56248,56257,9
13.0133800507,80.2227630615,56257,56269,12
13.0140600204,80.2235565186,56269,56279,10
13.0147895813,80.2242507935,56279,56289,10
13.0151395798,80.2246932983,56289,56299,10
13.0151500702,80.2247009277,56299,56309,10
13.0153102875,80.2249069214,56309,56319,10
13.0155096054,80.2253723145,56319,56329,10
13.0151796341,80.2258987427,56329,56339,10
13.0144395828,80.2261810303,56339,56349,10
13.0135602951,80.2265319824,56349,56359,10
13.0126800537,80.2268829346,56359,56370,11
13.0117101669,80.2272796631,56370,56380,10
13.0106201172,80.2276763916,56380,56390,10
13.0096502304,80.2279129028,56390,56400,10
13.0097303391,80.2271728516,56400,56410,10
13.0101003647,80.22631073,56410,56420,10
13.0104904175,80.2252807617,56420,56430,10
13.0107297897,80.2246780396,56430,56440,10
13.0109300613,80.2241592407,56440,56450,10
13.011059761,80.2237701416,56450,56460,10
13.0111398697,80.2235412598,56460,56470,10
13.0111999512,80.2230682373,56470,56481,11
13.0105104446,80.2227096558,56481,56491,10
13.0097703934,80.2223434448,56491,56501,10
13.008939743,80.2219009399,56501,56511,10
13.0080604553,80.2214431763,56511,56521,10
13.0071897507,80.2209625244,56521,56531,10
13.0062999725,80.2205429077,56531,56541,10
13.005279541,80.2203369141,56541,56551,10
13.0044603348,80.2201538086,56551,56561,10
13.0037403107,80.2199783325,56561,56571,10
13.002989769,80.2197799683,56571,56581,10
13.0022802353,80.2193374634,56581,56592,11
13.0016899109,80.218711853,56592,56602,10
13.0011701584,80.2183227539,56602,56612,10
13.0005197525,80.2179031372,56612,56622,10
12.9998102188,80.2174530029,56622,56632,10
12.9991197586,80.2170562744,56632,56642,10
12.998339653,80.2166900635,56642,56652,10
12.9975795746,80.2165374756,56652,56662,10
12.9975204468,80.2165222168,56662,56672,10
12.997130394,80.2165374756,56672,56682,10
12.9964399338,80.2165985107,56682,56693,11
12.9954795837,80.2168197632,56693,56703,10
12.9948396683,80.2171783447,56703,56713,10
12.99421978,80.2176437378,56713,56723,10
12.993639946,80.2180175781,56723,56733,10
12.9930095673,80.2184829712,56733,56743,10
12.9922704697,80.219039917,56743,56753,10
12.9916601181,80.2195129395,56753,56763,10
12.9912500381,80.219543457,56763,56773,10
12.9910898209,80.2194671631,56773,56783,10
12.9908304214,80.2193603516,56783,56793,10
12.9902095795,80.2191467285,56793,56804,11
12.9893198013,80.2188186646,56804,56814,10
12.9882698059,80.2184677124,56814,56824,10
12.987279892,80.2182998657,56824,56834,10
12.9868402481,80.2182235718,56834,56844,10
12.9866800308,80.2181777954,56844,56854,10
12.9861602783,80.2180404663,56854,56864,10
12.9853096008,80.217880249,56864,56874,10
12.9843597412,80.2179031372,56874,56884,10
12.9840097427,80.217918396,56884,56894,10
12.983880043,80.2179336548,56894,56904,10
12.9833898544,80.2179336548,56904,56915,11
12.9825201035,80.2179336548,56915,56925,10
12.9805002213,80.2182998657,56925,56935,10
12.9805002213,80.2182998657,56935,56945,10
12.9797296524,80.2186203003,56945,56953,8
12.979180336,80.2188491821,56953,56965,12
12.9786300659,80.219078064,56965,56975,10
12.9781198502,80.2193222046,56975,56985,10
12.977399826,80.2196502686,56985,56995,10
12.9764795303,80.2200317383,56995,57005,10
12.9756298065,80.2204208374,57005,57115,110
12.9756298065,80.2204208374,57115,57127,12
12.9755802155,80.2207183838,57127,57177,50
12.9758701324,80.2209091187,57177,57692,515
12.9761104584,80.2211990356,57692,57813,121
12.9761104584,80.2211990356,57813,57823,10
12.9765796661,80.221282959,57823,57833,10
12.9770298004,80.2212295532,57833,57843,10
12.9776697159,80.2211685181,57843,57853,10
12.9782800674,80.2211303711,57853,57863,10
12.9790496826,80.2210922241,57863,57873,10
12.9798803329,80.2210464478,57873,57884,11
12.9805002213,80.2210235596,57884,57894,10
12.9812002182,80.2211227417,57894,57904,10
12.9817695618,80.2214279175,57904,57914,10
12.9822702408,80.2217102051,57914,57924,10
12.9829797745,80.2220077515,57924,57944,20
12.9829797745,80.2220077515,57944,57954,10
12.9833498001,80.2221908569,57954,57964,10
12.9837799072,80.2224578857,57964,57974,10
12.9843101501,80.2227706909,57974,57984,10
12.9848499298,80.2231063843,57984,57995,11
12.9854097366,80.2232666016,57995,58005,10
12.9857597351,80.2229995728,58005,58015,10
12.9863395691,80.2229690552,58015,58025,10
12.9864797592,80.2229766846,58025,58035,10
12.9866304398,80.2229690552,58035,58045,10
12.9869203568,80.2230300903,58045,58055,10
12.9873504639,80.2230911255,58055,58065,10
12.9877099991,80.2230377197,58065,58075,10
12.9882698059,80.2227325439,58075,58085,10
12.9887104034,80.2223129272,58085,58094,9
12.9891395569,80.221786499,58094,58106,12
12.9898395538,80.2209014893,58106,58116,10
12.9904298782,80.2203674316,58116,58126,10
12.990530014,80.2202682495,58126,58136,10
12.9907903671,80.2200698853,58136,58146,10
12.9913301468,80.2197113037,58146,58176,30
12.9913301468,80.2197113037,58176,58186,10
12.9915704727,80.2194976807,58186,58196,10
12.9919700623,80.2192001343,58196,58207,11
12.992600441,80.21875,58207,58217,10
12.9932699203,80.2182693481,58217,58227,10
12.9937200546,80.2179107666,58227,58237,10
12.9938602448,80.2178115845,58237,58247,10
12.9941501617,80.2176437378,58247,58257,10
12.99421978,80.2175979614,58257,58267,10
12.9944400787,80.2174606323,58267,58277,10
12.9946403503,80.217300415,58277,58287,10
12.9947595596,80.2172012329,58287,58297,10
12.9950199127,80.2170028687,58297,58307,10
12.9955196381,80.2167205811,58307,58318,11
12.9963102341,80.2165603638,58318,58328,10
12.997130394,80.2164382935,58328,58338,10
12.9974498749,80.2161712646,58338,58348,10
12.997469902,80.2161483765,58348,58358,10
12.9976100922,80.2160186768,58358,58368,10
12.9979400635,80.2157287598,58368,58378,10
12.9983901978,80.2153930664,58378,58388,10
12.9988899231,80.2149429321,58388,58398,10
12.9991703033,80.2146987915,58398,58408,10
12.9994697571,80.2144470215,58408,58418,10
12.999879837,80.2140884399,58418,58429,11
13.0003004074,80.2136993408,58429,58439,10
13.0008296967,80.2132415771,58439,58449,10
13.0013399124,80.2128372192,58449,58459,10
13.0018501282,80.2124481201,58459,58469,10
13.0024995804,80.2121200562,58469,58479,10
13.0033302307,80.212020874,58479,58489,10
13.0036401749,80.2119598389,58489,58499,10
13.0037002563,80.2118377686,58499,58509,10
13.0037002563,80.2114334106,58509,58519,10
13.0036497116,80.2107467651,58519,58530,11
13.0035400391,80.2099533081,58530,58540,10
13.0036001205,80.209197998,58540,58550,10
13.0040197372,80.2086334229,58550,58560,10
13.0048398972,80.2089920044,58560,58570,10
13.0057601929,80.2093811035,58570,58580,10
13.0065898895,80.2096633911,58580,58590,10
13.0071601868,80.2098312378,58590,58600,10
13.0072002411,80.2098083496,58600,58610,10
13.0074100494,80.2098617554,58610,58630,20
13.0074100494,80.2098617554,58630,58641,11
13.0075502396,80.2098999023,58641,58651,10
13.007900238,80.2099761963,58651,58661,10
13.0081596375,80.2098388672,58661,58671,10
13.0080003738,80.2091827393,58671,58681,10
13.0078802109,80.2083587646,58681,58691,10
13.0077295303,80.2073287964,58691,58701,10
13.0075902939,80.206413269,58701,58711,10
13.007519722,80.2057113647,58711,58721,10
13.0075101852,80.2050476074,58721,58731,10
13.007519722,80.2043609619,58731,58742,11
13.0074501038,80.2037124634,58742,58752,10
13.0073003769,80.20287323,58752,58762,10
13.0066604614,80.2026519775,58762,58772,10
13.0067195892,80.2032775879,58772,58782,10
13.0073204041,80.2035980225,58782,58792,10
13.0081396103,80.2037200928,58792,58802,10
13.0091295242,80.2036590576,58802,58812,10
13.0102596283,80.2035980225,58812,58822,10
13.0114898682,80.2036972046,58822,58832,10
13.0127401352,80.203918457,58832,58842,10
13.0137796402,80.2042617798,58842,58853,11
13.0149097443,80.204536438,58853,58863,10
13.015999794,80.2050323486,58863,58873,10
13.0170001984,80.2053070068,58873,58883,10
13.0176000595,80.2055587769,58883,58893,10
13.0181598663,80.2057876587,58893,58902,9
13.0186100006,80.2059326172,58902,58913,11
13.0186700821,80.2059402466,58913,58923,10
13.018819809,80.2060089111,58923,58933,10
13.0192899704,80.2061920166,58933,58943,10
13.0200595856,80.2063217163,58943,58952,9
13.0208501816,80.2063217163,58952,58964,12
13.0220003128,80.2063827515,58964,58974,10
13.0231103897,80.2064819336,58974,58984,10
13.0241098404,80.2066574097,58984,58994,10
13.0250997543,80.2069091797,58994,59004,10
13.0261602402,80.2073669434,59004,59014,10
13.0271501541,80.2079772949,59014,59024,10
13.0282096863,80.2085189819,59024,59034,10
13.0291900635,80.2087936401,59034,59044,10
13.0300998688,80.2089996338,59044,59054,10
13.0310297012,80.2092132568,59054,59064,10
13.031539917,80.2093505859,59064,59075,11
13.0315504074,80.2093505859,59075,59085,10
13.0318803787,80.2094573975,59085,59095,10
13.0322704315,80.2095108032,59095,59105,10
13.0328998566,80.209777832,59105,59115,10
13.0338001251,80.2099609375,59115,59125,10
13.0347003937,80.2101135254,59125,59135,10
13.0350399017,80.2106399536,59135,59145,10
13.0350799561,80.2112808228,59145,59155,10
13.0350599289,80.2113800049,59155,59165,10
13.035030365,80.2114334106,59165,59176,11
13.0349798203,80.2117004395,59176,59186,10
13.0349502563,80.212097168,59186,59196,10
13.0353803635,80.2122421265,59196,59206,10
13.0359601974,80.2122192383,59206,59216,10
13.0367603302,80.2123336792,59216,59226,10
13.0374498367,80.2123031616,59226,59236,10
13.0382900238,80.2122573853,59236,59246,10
13.0392398834,80.2122497559,59246,59256,10
13.0403299332,80.2122879028,59256,59266,10
13.0414800644,80.2123336792,59266,59276,10
13.0424699783,80.2123336792,59276,59287,11
13.0436401367,80.2122573853,59287,59297,10
13.0444698334,80.2122573853,59297,59307,10
13.0451402664,80.212272644,59307,59317,10
13.0459499359,80.212272644,59317,59327,10
13.0468597412,80.2122879028,59327,59337,10
13.0474395752,80.2121887207,59337,59347,10
13.0479402542,80.2121200562,59347,59357,10
13.0483703613,80.212059021,59357,59377,20
13.0483703613,80.212059021,59377,59388,11
13.0485601425,80.2119903564,59388,59398,10
13.0487298965,80.2119827271,59398,59408,10
13.0488595963,80.2119827271,59408,59418,10
13.0490903854,80.2119903564,59418,59428,10
13.0494604111,80.2119827271,59428,59438,10
13.0497503281,80.2119369507,59438,59448,10
13.0498895645,80.2118911743,59448,59458,10
13.0501804352,80.2119369507,59458,59468,10
13.050450325,80.2119674683,59468,59478,10
13.050860405,80.212097168,59478,59487,9
13.0516996384,80.212059021,59487,59499,12
13.0527801514,80.2118606567,59499,59509,10
13.0538396835,80.2115020752,59509,59519,10
13.0545597076,80.21144104,59519,59529,10
13.0553798676,80.21144104,59529,59539,10
13.0563602448,80.2113876343,59539,59549,10
13.0572595596,80.2114105225,59549,59559,10
13.0576496124,80.2113723755,59559,59569,10
13.0578298569,80.2113800049,59569,59579,10
13.0579900742,80.2114105225,59579,59589,10
13.0583400726,80.211479187,59589,59598,9
13.0588903427,80.211517334,59598,59610,12
13.0599098206,80.2115478516,59610,59620,10
13.0608997345,80.2116088867,59620,59630,10
13.0618600845,80.2117767334,59630,59640,10
13.0632600784,80.2116088867,59640,59660,20
13.0632600784,80.2116088867,59660,59670,10
13.0635795593,80.2115097046,59670,59680,10
13.0638599396,80.2115020752,59680,59690,10
13.0643901825,80.2113571167,59690,59700,10
13.0651197433,80.2109298706,59700,59711,11
13.0659999847,80.2102432251,59711,59721,10
13.0668497086,80.2095184326,59721,59731,10
13.0672798157,80.2088012695,59731,59741,10
13.06731987,80.208732605,59741,59751,10
13.0674600601,80.2085189819,59751,59761,10
13.0677604675,80.2080688477,59761,59771,10
13.0682001114,80.2073898315,59771,59781,10
13.0687599182,80.2065505981,59781,59791,10
13.069270134,80.2057189941,59791,59801,10
13.0694799423,80.2053527832,59801,59811,10
13.069560051,80.2052230835,59811,59822,11
13.0696802139,80.2049331665,59822,59832,10
13.0693798065,80.2048187256,59832,59842,10
13.0691299438,80.2052307129,59842,59852,10
13.0689201355,80.2052612305,59852,59862,10
13.0687704086,80.2048797607,59862,59902,40
13.0687704086,80.2048797607,59902,59912,10
13.0687799454,80.204750061,59912,59922,10
13.0689496994,80.2046966553,59922,59933,11
13.0691299438,80.2046966553,59933,59943,10
13.0691900253,80.2047119141,59943,59953,10
13.0694599152,80.2047576904,59953,59963,10
13.069729805,80.2048416138,59963,59973,10
13.0700597763,80.2047119141,59973,59983,10
13.0704498291,80.2041473389,59983,59993,10
13.0710201263,80.2034683228,59993,60003,10
13.07172966,80.2026367188,60003,60013,10
13.0723304749,80.2019577026,60013,60023,10
13.0727300644,80.2015075684,60023,60034,11
13.0731897354,80.2009887695,60034,60044,10
13.0736598969,80.2004623413,60044,60054,10
13.0739803314,80.200012207,60054,60064,10
13.0742301941,80.1997833252,60064,60074,10
13.0744304657,80.199508667,60074,60084,10
13.0744800568,80.1994476318,60084,60094,10
13.0747804642,80.1992263794,60094,60104,10
13.0754003525,80.1990737915,60104,60114,10
13.0762500763,80.1990814209,60114,60124,10
13.0773000717,80.1989974976,60124,60134,10
13.0782804489,80.198890686,60134,60145,11
13.0792999268,80.1987609863,60145,60155,10
13.0802497864,80.198677063,60155,60165,10
13.0811395645,80.1986083984,60165,60175,10
13.0819196701,80.1986083984,60175,60185,10
13.0827503204,80.1985168457,60185,60195,10
13.0833797455,80.1984863281,60195,60205,10
13.0837497711,80.1985015869,60205,60215,10
13.0841398239,80.1985015869,60215,60225,10
13.0845804214,80.1985092163,60225,60235,10
13.0850095749,80.1985015869,60235,60245,10
13.0854101181,80.1984634399,60245,60256,11
13.0859098434,80.1984405518,60256,60266,10
13.0867004395,80.1984786987,60266,60286,20
13.0869102478,80.1984634399,60286,60316,30
13.0869102478,80.1984634399,60316,60326,10
13.087100029,80.1982727051,60326,60336,10
13.087100029,80.1980819702,60336,60346,10
13.0871095657,80.1980285645,60346,60357,11
13.0871496201,80.1977767944,60357,60367,10
13.0872097015,80.1971817017,60367,60377,10
13.0872297287,80.1963577271,60377,60387,10
13.0872402191,80.1954269409,60387,60397,10
13.0872402191,80.1945495605,60397,60407,10
13.087269783,80.1935195923,60407,60417,10
13.0873403549,80.1924362183,60417,60427,10
13.0874500275,80.191619873,60427,60437,10
13.0875797272,80.1906814575,60437,60447,10
13.087679863,80.1898269653,60447,60457,10
13.0876998901,80.1894378662,60457,60468,11
13.0877103806,80.1892776489,60468,60478,10
13.0877199173,80.1887969971,60478,60488,10
13.0877199173,80.1885299683,60488,60498,10
13.0877399445,80.1882781982,60498,60508,10
13.087770462,80.1877670288,60508,60518,10
13.0878000259,80.1872329712,60518,60528,10
13.0878200531,80.1867294312,60528,60538,10
13.0878601074,80.1860275269,60538,60548,10
13.0879001617,80.1852111816,60548,60558,10
13.0879497528,80.1843719482,60558,60569,11
13.0880098343,80.1833572388,60569,60579,10
13.0880498886,80.1823577881,60579,60589,10
13.0881004333,80.1815032959,60589,60598,9
13.0881099701,80.1806335449,60598,60609,11
13.0880804062,80.1799697876,60609,60659,50
13.0880804062,80.1799697876,60659,60669,10
13.0880699158,80.1796722412,60669,60680,11
13.0880899429,80.1791915894,60680,60709,29
13.0880899429,80.1791915894,60709,60720,11
13.0881004333,80.1788330078,60720,60730,10
13.0881204605,80.1782073975,60730,60740,10
13.088139534,80.1774597168,60740,60750,10
13.0881900787,80.1767730713,60750,60760,10
13.0882501602,80.1759185791,60760,60770,10
13.0883197784,80.1749267578,60770,60780,10
13.0883903503,80.1741027832,60780,60791,11
13.0884599686,80.1732406616,60791,60801,10
13.0885095596,80.172492981,60801,60811,10
13.0885095596,80.1723175049,60811,60821,10
13.08852005,80.1719970703,60821,60831,10
13.0885601044,80.1714019775,60831,60841,10
13.0886001587,80.1707229614,60841,60851,10
13.088640213,80.1700897217,60851,60861,10
13.088640213,80.1697235107,60861,60871,10
13.0888004303,80.1694869995,60871,60880,9
13.0892095566,80.1695175171,60880,60892,12
13.0899600983,80.1696166992,60892,60902,10
13.0908203125,80.1696777344,60902,60912,10
13.0916795731,80.1697463989,60912,60922,10
13.0925798416,80.1697998047,60922,60932,10
13.0934896469,80.1698303223,60932,60942,10
13.0944595337,80.1698913574,60942,60952,10
13.0947999954,80.1699066162,60952,60962,10
13.0950498581,80.1699371338,60962,60972,10
13.0955200195,80.1699523926,60972,60982,10
13.0961999893,80.1699981689,60982,60992,10
13.0971603394,80.1700592041,60992,61003,11
13.09815979,80.1701126099,61003,61013,10
13.0994701385,80.1701431274,61013,61043,30
13.0994701385,80.1701431274,61043,61053,10
13.099650383,80.1700973511,61053,61063,10
13.0997200012,80.1699981689,61063,61073,10
13.0997104645,80.1697463989,61073,61083,10
13.09953022,80.1696929932,61083,61093,10
13.0994100571,80.1700134277,61093,61618,525
13.099360466,80.1701278687,61618,61931,313
13.0993795395,80.1700592041,61931,62264,333
13.0993795395,80.1700592041,62264,62274,10
13.0992498398,80.1702728271,62274,62284,10
13.0991802216,80.1702575684,62284,62294,10
13.0990200043,80.1702423096,62294,62305,11
13.0985803604,80.1701889038,62305,62315,10
13.0980596542,80.1701431274,62315,62325,10
13.0974302292,80.1700973511,62325,62335,10
13.0967302322,80.1700515747,62335,62345,10
13.0959396362,80.1699981689,62345,62355,10
13.09512043,80.1699523926,62355,62365,10
13.0947999954,80.1699523926,62365,62375,10
13.0945196152,80.1699295044,62375,62385,10
13.09416008,80.1698684692,62385,62395,10
13.0935001373,80.1698303223,62395,62406,11
13.092590332,80.1697692871,62406,62416,10
13.0916404724,80.1697235107,62416,62426,10
13.0906801224,80.1696472168,62426,62436,10
13.0897102356,80.1696090698,62436,62446,10
13.0888299942,80.1695709229,62446,62456,10
13.0886602402,80.1700363159,62456,62466,10
13.0886201859,80.1707382202,62466,62476,10
13.0885696411,80.1719589233,62476,62496,20
13.0885696411,80.1719589233,62496,62506,10
13.088549614,80.1722412109,62506,62517,11
13.0885095596,80.1729125977,62517,62527,10
13.0884599686,80.1737136841,62527,62536,9
13.0884199142,80.1745376587,62536,62547,11
13.088350296,80.1755599976,62547,62557,10
13.0882997513,80.1764984131,62557,62567,10
13.088259697,80.1772918701,62567,62577,10
13.088259697,80.1780700684,62577,62587,10
13.0882797241,80.1786270142,62587,62606,19
13.0882797241,80.1786270142,62606,62617,11
13.0882701874,80.1789932251,62617,62628,11
13.0882797241,80.1792984009,62628,62638,10
13.0882501602,80.1796569824,62638,62648,10
13.0882196426,80.1803207397,62648,62658,10
13.0881700516,80.1811599731,62658,62668,10
13.088139534,80.1820373535,62668,62678,10
13.0881099701,80.1827774048,62678,62688,10
13.088060379,80.1837310791,62688,62698,10
13.0880203247,80.1847915649,62698,62708,10
13.0880002975,80.1853179932,62708,62718,10
13.0879802704,80.1856613159,62718,62729,11
13.0879602432,80.1863479614,62729,62739,10
13.0879402161,80.1872787476,62739,62749,10
13.0879096985,80.1881103516,62749,62759,10
13.0878896713,80.1890182495,62759,62769,10
13.0878095627,80.1898269653,62769,62789,20
13.0878095627,80.1898269653,62789,62799,10
13.0877399445,80.190246582,62799,62809,10
13.0877103806,80.1904525757,62809,62819,10
13.0876502991,80.1908874512,62819,62829,10
13.0875501633,80.1916275024,62829,62840,11
13.0874004364,80.1927032471,62840,62850,10
13.0873603821,80.1937103271,62850,62860,10
13.0873403549,80.1946487427,62860,62870,10
13.0873203278,80.1953964233,62870,62880,10
13.0873003006,80.1963424683,62880,62890,10
13.0872802734,80.1972808838,62890,62900,10
13.087269783,80.197769165,62900,62909,9
13.087269783,80.1977996826,62909,62920,11
13.087220192,80.1981430054,62920,62930,10
13.0874004364,80.1985015869,62930,62941,11
13.0877399445,80.1984863281,62941,62951,10
13.0882797241,80.1984786987,62951,62961,10
13.0891199112,80.1985092163,62961,62971,10
13.089799881,80.1985092163,62971,62981,10
13.0902900696,80.1985321045,62981,62991,10
13.090379715,80.1985473633,62991,63001,10
13.0908002853,80.1985931396,63001,63011,10
13.0914802551,80.1986694336,63011,63021,10
13.0922803879,80.1986923218,63021,63031,10
13.0930099487,80.1988601685,63031,63041,10
13.0929403305,80.1995925903,63041,63052,11
13.0929002762,80.2004623413,63052,63062,10
13.0926504135,80.2005691528,63062,63072,10
13.0920600891,80.2005615234,63072,63082,10
13.091340065,80.2005615234,63082,63092,10
13.0904903412,80.2005310059,63092,63102,10
13.0896902084,80.2005081177,63102,63112,10
13.0889101028,80.2005004883,63112,63122,10
13.0881996155,80.2004623413,63122,63132,10
13.0874500275,80.2004394531,63132,63142,10
13.0868997574,80.2004318237,63142,63153,11
13.0860795975,80.2004089355,63153,63163,10
13.0854597092,80.2004013062,63163,63173,10
13.0852499008,80.2001037598,63173,63183,10
13.0853099823,80.1995315552,63183,63193,10
13.0853099823,80.1988296509,63193,63203,10
13.0850095749,80.1986923218,63203,63213,10
13.0844497681,80.198677063,63213,63223,10
13.0840196609,80.1986923218,63223,63233,10
13.0834703445,80.1986999512,63233,63243,10
13.0828800201,80.1986465454,63243,63252,9
13.0823602676,80.1986465454,63252,63264,12
13.0818901062,80.1986618042,63264,63274,10
13.0813703537,80.1986465454,63274,63284,10
13.0808296204,80.1986618042,63284,63294,10
13.080160141,80.1987304688,63294,63304,10
13.0793504715,80.1988067627,63304,63314,10
13.0784902573,80.198890686,63314,63324,10
13.0775604248,80.1990127563,63324,63334,10
13.0766401291,80.1991195679,63334,63344,10
13.0758104324,80.19921875,63344,63354,10
13.0748996735,80.1994628906,63354,63364,10
13.0740499496,80.200088501,63364,63375,11
13.0736598969,80.2005767822,63375,63385,10
13.0736103058,80.200630188,63385,63395,10
13.0735502243,80.2006988525,63395,63405,10
13.0733098984,80.2010192871,63405,63415,10
13.0728397369,80.2015533447,63415,63425,10
13.0726299286,80.2018127441,63425,63435,10
13.0725097656,80.2019424438,63435,63445,10
13.0721902847,80.2022628784,63445,63455,10
13.0717000961,80.202796936,63455,63465,10
13.071100235,80.2034912109,63465,63476,11
13.0703697205,80.2043991089,63476,63486,10
13.0698299408,80.2051315308,63486,63506,20
13.0698299408,80.2051315308,63506,63516,10
13.0696401596,80.2050323486,63516,63526,10
13.0692501068,80.2049713135,63526,63536,10
13.0689096451,80.205406189,63536,63546,10
13.0682697296,80.2054901123,63546,63556,10
13.0679397583,80.2052764893,63556,63657,101
13.0679397583,80.2052764893,63657,63667,10
13.0680303574,80.2049179077,63667,63688,21
13.0680303574,80.2049179077,63688,63698,10
13.0682401657,80.2049407959,63698,63708,10
13.0686101913,80.2048187256,63708,63718,10
13.0690498352,80.2047195435,63718,63728,10
13.069149971,80.2047195435,63728,63738,10
13.0694303513,80.2047576904,63738,63748,10
13.0697002411,80.2048187256,63748,63758,10
13.0698404312,80.2051696777,63758,63768,10
13.0694999695,80.2057189941,63768,63778,10
13.069029808,80.206451416,63778,63788,10
13.0684700012,80.2073287964,63788,63799,11
13.0676698685,80.2086334229,63799,63819,20
13.0676698685,80.2086334229,63819,63829,10
13.0674600601,80.2089767456,63829,63839,10
13.0671100616,80.2095565796,63839,63849,10
13.0664796829,80.2101974487,63849,63859,10
13.0656604767,80.2108612061,63859,63869,10
13.0650396347,80.2113494873,63869,63879,10
13.0649995804,80.2114181519,63879,63889,10
13.0649003983,80.2115097046,63889,63898,9
13.0644903183,80.2116622925,63898,63910,12
13.0637998581,80.2117919922,63910,63920,10
13.0632200241,80.2117919922,63920,63930,10
13.0624399185,80.2117996216,63930,63940,10
13.0618200302,80.2117004395,63940,63950,10
13.0604200363,80.2117767334,63950,63960,10
13.0592699051,80.2117385864,63960,63970,10
13.0582399368,80.2117080688,63970,63980,10
13.0576601028,80.2117004395,63980,63990,10
13.0576496124,80.2117004395,63990,64000,10
13.0574102402,80.2116699219,64000,64011,11
13.056810379,80.2116394043,64011,64021,10
13.0560302734,80.2116317749,64021,64031,10
13.055100441,80.2116165161,64031,64041,10
13.0546503067,80.2116470337,64041,64051,10
13.0546398163,80.2116470337,64051,64061,10
13.0545301437,80.2117004395,64061,64071,10
13.0541400909,80.2117385864,64071,64081,10
13.0535001755,80.2118835449,64081,64091,10
13.0527296066,80.2120666504,64091,64101,10
13.0520095825,80.2122497559,64101,64110,9
13.0515098572,80.212272644,64110,64122,12
13.0506896973,80.2121887207,64122,64132,10
13.0499696732,80.2122192383,64132,64142,10
13.0495004654,80.2122421265,64142,64162,20
13.0495004654,80.2122421265,64162,64172,10
13.0491504669,80.2122192383,64172,64182,10
13.0485095978,80.2122573853,64182,64192,10
13.047659874,80.2123184204,64192,64202,10
13.0467300415,80.2123718262,64202,64212,10
13.0456399918,80.2124099731,64212,64223,11
13.0444602966,80.2124404907,64223,64233,10
13.0433101654,80.2124328613,64233,64243,10
13.0422496796,80.2124176025,64243,64253,10
13.0413599014,80.2124404907,64253,64263,10
13.0403499603,80.2124481201,64263,64273,10
13.0394001007,80.2124404907,64273,64283,10
13.0385503769,80.2124633789,64283,64293,10
13.038069725,80.2125167847,64293,64303,10
13.0380601883,80.2125167847,64303,64313,10
13.037779808,80.2125091553,64313,64323,10
13.0373497009,80.2124862671,64323,64334,11
13.0365600586,80.212387085,64334,64344,10
13.0357198715,80.2123794556,64344,64354,10
13.035320282,80.2123565674,64354,64364,10
13.0353002548,80.212348938,64364,64374,10
13.0350704193,80.2123031616,64374,64384,10
13.0347795486,80.2122192383,64384,64394,10
13.0343599319,80.2121505737,64394,64414,20
13.0343599319,80.2121505737,64414,64424,10
13.0340299606,80.212097168,64424,64434,10
13.0334300995,80.2119827271,64434,64445,11
13.0324602127,80.2118530273,64445,64455,10
13.0318803787,80.2116165161,64455,64465,10
13.0319700241,80.2109603882,64465,64475,10
13.0320796967,80.2101669312,64475,64485,10
13.0319595337,80.2096710205,64485,64495,10
13.0313196182,80.2094802856,64495,64505,10
13.0305404663,80.2092895508,64505,64515,10
13.0300798416,80.2091598511,64515,64525,10
13.0297002792,80.2090377808,64525,64535,10
13.0296096802,80.2090072632,64535,64546,11
13.0292701721,80.2089080811,64546,64556,10
13.0286102295,80.208732605,64556,64566,10
13.0277795792,80.2084579468,64566,64576,10
13.0269498825,80.2079696655,64576,64586,10
13.0260400772,80.2074127197,64586,64596,10
13.0251197815,80.2070999146,64596,64606,10
13.0243396759,80.2069702148,64606,64616,10
13.0242099762,80.2069396973,64616,64626,10
13.0238399506,80.2068481445,64626,64636,10
13.0232200623,80.2067108154,64636,64646,10
13.0224199295,80.2065811157,64646,64657,11
13.0214595795,80.2065200806,64657,64667,10
13.0204896927,80.20652771,64667,64677,10
13.0194702148,80.206489563,64677,64687,10
13.0192098618,80.2064208984,64687,64697,10
13.0191202164,80.206413269,64697,64707,10
13.0186700821,80.206237793,64707,64717,10
13.0180597305,80.2060165405,64717,64727,10
13.017490387,80.2058105469,64727,64737,10
13.0168504715,80.2055664063,64737,64747,10
13.0159502029,80.2052001953,64747,64758,11
13.0148897171,80.2048797607,64758,64768,10
13.014380455,80.2047195435,64768,64778,10
13.0143299103,80.2046813965,64778,64788,10
13.0142803192,80.2046508789,64788,64798,10
13.0139503479,80.2045516968,64798,64808,10
13.013589859,80.2045516968,64808,64818,10
13.0134897232,80.2048416138,64818,64828,10
13.0133304596,80.2053985596,64828,64838,10
13.0130901337,80.2061920166,64838,64848,10
13.0129699707,80.2071762085,64848,64858,10
13.0129003525,80.2077636719,64858,64869,11
13.0128498077,80.2081680298,64869,64879,10
13.012840271,80.2085876465,64879,64889,10
13.0129098892,80.2090301514,64889,64899,10
13.0131196976,80.2096405029,64899,64909,10
13.0131397247,80.2102966309,64909,64919,10
13.0129404068,80.2111129761,64919,64929,10
13.0124797821,80.2119216919,64929,64939,10
13.0119895935,80.2126464844,64939,64949,10
13.0117502213,80.2128829956,64949,64959,10
13.0115003586,80.2126312256,64959,64970,11
13.0108995438,80.2121582031,64970,64980,10
13.0103197098,80.2117080688,64980,64990,10
13.0100498199,80.2114868164,64990,65000,10
13.0098896027,80.2113723755,65000,65010,10
13.0097303391,80.2112808228,65010,65020,10
13.0095300674,80.2111206055,65020,65040,20
13.0095300674,80.2111206055,65040,65050,10
13.0093297958,80.2111282349,65050,65060,10
13.0091600418,80.2113265991,65060,65070,10
13.0090398788,80.2116470337,65070,65081,11
13.0092401505,80.2123184204,65081,65091,10
13.0094900131,80.2130279541,65091,65101,10
13.009759903,80.2137298584,65101,65111,10
13.0100603104,80.2144470215,65111,65121,10
13.010219574,80.2152481079,65121,65131,10
13.0104598999,80.2161483765,65131,65141,10
13.0108804703,80.217086792,65141,65151,10
13.0112895966,80.2180480957,65151,65161,10
13.0116500854,80.219039917,65161,65171,10
13.0119800568,80.2200927734,65171,65181,10
13.0122699738,80.2210617065,65181,65192,11
13.0124597549,80.2216262817,65192,65202,10
13.0127401352,80.2221221924,65202,65212,10
13.0131998062,80.2226028442,65212,65222,10
13.0136299133,80.2230911255,65222,65232,10
13.0141296387,80.2237091064,65232,65242,10
13.0145902634,80.224281311,65242,65252,10
13.015130043,80.2248916626,65252,65262,10
13.0153999329,80.2256622314,65262,65272,10
13.0150299072,80.2259521484,65272,65282,10
13.0144195557,80.2261886597,65282,65293,11
13.0136003494,80.2265167236,65293,65303,10
13.0127496719,80.2268600464,65303,65313,10
13.011879921,80.227180481,65313,65323,10
13.0109300613,80.2275619507,65323,65333,10
13.0100803375,80.2279129028,65333,65343,10
13.0094995499,80.2277984619,65343,65353,10
13.0097198486,80.2271881104,65353,65363,10
13.0100698471,80.2264480591,65363,65373,10
13.0103902817,80.2255401611,65373,65383,10
13.0105800629,80.2251815796,65383,65393,10
13.01060009,80.2250518799,65393,65404,11
13.0108299255,80.2246322632,65404,65414,10
13.0110902786,80.2239837646,65414,65424,10
13.011300087,80.2233200073,65424,65434,10
13.010840416,80.2230377197,65434,65444,10
13.0102100372,80.2227096558,65444,65454,10
13.0095596313,80.222328186,65454,65464,10
13.0087900162,80.2219161987,65464,65474,10
13.008020401,80.2214813232,65474,65484,10
13.0071201324,80.220993042,65484,65494,10
13.0062103271,80.2206420898,65494,65505,11
13.0051603317,80.220413208,65505,65515,10
13.0042800903,80.2202224731,65515,65525,10
13.0032901764,80.2199783325,65525,65535,10
13.0023498535,80.2194976807,65535,65545,10
13.0017404556,80.2188491821,65545,65555,10
13.0010900497,80.2183303833,65555,65565,10
13.0004196167,80.217880249,65565,65575,10
12.9996595383,80.2173995972,65575,65585,10
12.9988603592,80.2169723511,65585,65595,10
12.9979400635,80.2166290283,65595,65605,10
12.9975299835,80.216583252,65605,65616,11
12.9975204468,80.216583252,65616,65626,10
12.9973402023,80.2165603638,65626,65636,10
12.9971704483,80.216583252,65636,65646,10
12.9968500137,80.2165908813,65646,65656,10
12.9963903427,80.2166366577,65656,65666,10
12.9956998825,80.2167892456,65666,65676,10
12.9949502945,80.2171936035,65676,65686,10
12.9942598343,80.2176895142,65686,65696,10
12.9934997559,80.2182388306,65696,65706,10
12.9928197861,80.218711853,65706,65717,11
12.9921102524,80.21925354,65717,65727,10
12.9917201996,80.2195510864,65727,65737,10
12.9914398193,80.2197113037,65737,65747,10
12.9911499023,80.219581604,65747,65757,10
12.9910802841,80.219543457,65757,65767,10
12.990650177,80.219367981,65767,65777,10
12.9899301529,80.2191162109,65777,65787,10
12.9890298843,80.218788147,65787,65797,10
12.9879999161,80.21849823,65797,65807,10
12.9868803024,80.2183074951,65807,65828,21
12.9868803024,80.2183074951,65828,65838,10
12.986749649,80.2182388306,65838,65848,10
12.986579895,80.2182006836,65848,65858,10
12.9862098694,80.2181015015,65858,65868,10
12.9854202271,80.2179718018,65868,65878,10
12.9845895767,80.2179794312,65878,65888,10
12.9839897156,80.2180023193,65888,65898,10
12.9836597443,80.2180023193,65898,65908,10
12.9830102921,80.2180175781,65908,65918,10
12.982339859,80.2180175781,65918,65929,11
12.9815597534,80.2180633545,65929,65939,10
12.9807100296,80.2183227539,65939,65949,10
12.9799804688,80.2185974121,65949,65959,10
12.9793395996,80.2188568115,65959,65969,10
12.9788198471,80.2190704346,65969,65979,10
12.9784202576,80.2192306519,65979,65989,10
12.9777603149,80.2194976807,65989,65999,10
12.9769001007,80.219871521,65999,66009,10
12.9759197235,80.2202835083,66009,66090,81
12.9759197235,80.2202835083,66090,66100,10
12.9756097794,80.2202529907,66100,66110,10
12.9755096436,80.2203521729,66110,66120,10
12.9754695892,80.2207107544,66120,66130,10
12.9756698608,80.2208480835,66130,66139,9
12.9758300781,80.2210083008,66139,66554,415
12.9760799408,80.221282959,66554,66575,21
12.9760799408,80.221282959,66575,66585,10
12.9762496948,80.2213134766,66585,66595,10
12.9764699936,80.2212982178,66595,66605,10
12.976849556,80.2212982178,66605,66615,10
12.9772500992,80.2212982178,66615,66625,10
12.9774999619,80.221282959,66625,66635,10
12.9778995514,80.221282959,66635,66645,10
12.9783601761,80.2212295532,66645,66655,10
12.9789400101,80.2211685181,66655,66665,10
12.9795703888,80.2211380005,66665,66675,10
12.9801702499,80.2210998535,66675,66686,11
12.9808502197,80.2210617065,66686,66696,10
12.9814395905,80.2212600708,66696,66706,10
12.9819002151,80.2216110229,66706,66716,10
12.9822397232,80.221786499,66716,66726,10
12.982629776,80.2219314575,66726,66736,10
12.9829597473,80.222038269,66736,66756,20
12.9829597473,80.222038269,66756,66766,10
12.9832000732,80.2221908569,66766,66776,10
12.983499527,80.2224121094,66776,66787,11
12.983830452,80.2226028442,66787,66797,10
12.9842300415,80.2228317261,66797,66807,10
12.9847803116,80.2231674194,66807,66817,10
12.9853801727,80.2233505249,66817,66827,10
12.9857597351,80.2230911255,66827,66837,10
12.986530304,80.2230300903,66837,66857,20
12.986530304,80.2230300903,66857,66867,10
12.9867095947,80.2230606079,66867,66877,10
12.9870700836,80.2231216431,66877,66887,10
12.9876899719,80.2231063843,66887,66898,11
12.9883804321,80.2226409912,66898,66908,10
12.988940239,80.222076416,66908,66918,10
12.98939991,80.2215499878,66918,66928,10
12.9898500443,80.2209396362,66928,66938,10
12.9904003143,80.220489502,66938,66948,10
12.990940094,80.2200469971,66948,66968,20
12.990940094,80.2200469971,66968,66978,10
12.9912996292,80.2197570801,66978,66999,21
12.9912996292,80.2197570801,66999,67009,10
12.9913702011,80.2197036743,67009,67019,10
12.9916496277,80.2194976807,67019,67029,10
12.9920301437,80.21925354,67029,67039,10
12.9925403595,80.2188720703,67039,67049,10
12.9930000305,80.2185211182,67049,67059,10
12.9933900833,80.2182235718,67059,67069,10
12.9936599731,80.2180175781,67069,67079,10
12.9938497543,80.2179031372,67079,67089,10
12.9941101074,80.2177200317,67089,67110,21
12.9944696426,80.2174987793,67110,67130,20
12.9944696426,80.2174987793,67130,67140,10
12.9946603775,80.2173461914,67140,67150,10
12.9948501587,80.2172012329,67150,67160,10
12.9951496124,80.2169876099,67160,67170,10
12.9956798553,80.216758728,67170,67180,10
12.9962997437,80.2166137695,67180,67190,10
12.9968595505,80.2165222168,67190,67221,31
12.9968595505,80.2165222168,67221,67231,10
12.9971399307,80.2165298462,67231,67241,10
12.9974498749,80.2162399292,67241,67261,20
12.9974498749,80.2162399292,67261,67271,10
12.9976902008,80.2160186768,67271,67281,10
12.9980297089,80.2157516479,67281,67291,10
12.998459816,80.2154006958,67291,67301,10
12.9989595413,80.2149734497,67301,67311,10
12.9992198944,80.2147216797,67311,67322,11
12.9996700287,80.2143325806,67322,67332,10
13.0000495911,80.2139816284,67332,67342,10
13.0004901886,80.2135620117,67342,67352,10
13.0010004044,80.2131195068,67352,67362,10
13.0015497208,80.2127532959,67362,67372,10
13.0020503998,80.2124176025,67372,67382,10
13.0025196075,80.2122116089,67382,67392,10
13.0029802322,80.2121429443,67392,67402,10
13.003490448,80.2120819092,67402,67412,10
13.0036201477,80.2120132446,67412,67422,10
13.0036897659,80.2118377686,67422,67433,11
13.0036697388,80.2112579346,67433,67443,10
13.0036001205,80.2105712891,67443,67453,10
13.0034999847,80.2098617554,67453,67463,10
13.0036001205,80.2091293335,67463,67473,10
13.004070282,80.2087020874,67473,67483,10
13.0048904419,80.2090835571,67483,67493,10
13.0058097839,80.2094726563,67493,67503,10
13.0065603256,80.2097091675,67503,67513,10
13.0074195862,80.2098999023,67513,67554,41
13.0074195862,80.2098999023,67554,67564,10
13.0077600479,80.2099914551,67564,67574,10
13.0080604553,80.2100524902,67574,67584,10
13.0081396103,80.209777832,67584,67594,10
13.0080299377,80.2092895508,67594,67604,10
13.0079202652,80.2086029053,67604,67614,10
13.0078296661,80.2078170776,67614,67624,10
13.0076799393,80.2069778442,67624,67634,10
13.0075597763,80.2061386108,67634,67645,11
13.0074996948,80.2053222656,67645,67655,10
13.0075101852,80.2046890259,67655,67665,10
13.0074701309,80.2040405273,67665,67675,10
13.0073604584,80.2032775879,67675,67685,10
13.0068998337,80.2025909424,67685,67695,10
13.0065202713,80.2031173706,67695,67705,10
13.007060051,80.2035598755,67705,67715,10
13.0078001022,80.2037582397,67715,67725,10
13.0086898804,80.203742981,67725,67735,10
13.0097198486,80.2036819458,67735,67746,11
13.0109596252,80.2036895752,67746,67756,10
13.0120697021,80.2038497925,67756,67766,10
13.0130596161,80.2040481567,67766,67776,10
13.0138301849,80.2043304443,67776,67786,10
13.01445961,80.2045288086,67786,67796,10
13.0147199631,80.2045898438,67796,67806,10
13.0148897171,80.2046279907,67806,67816,10
13.0152702332,80.2047576904,67816,67826,10
13.0159101486,80.2049789429,67826,67836,10
13.0163698196,80.2051925659,67836,67845,9
13.01679039,80.2052307129,67845,67857,12
13.0172996521,80.2054214478,67857,67867,10
13.0176696777,80.2055892944,67867,67877,10
13.0181102753,80.2057800293,67877,67887,10
13.0182600021,80.2058410645,67887,67897,10
13.0185403824,80.2059707642,67897,67907,10
13.0187397003,80.2060089111,67907,67917,10
13.019080162,80.2061462402,67917,67927,10
13.019659996,80.2062911987,67927,67937,10
13.0203504562,80.2063217163,67937,67947,10
13.0211601257,80.2063064575,67947,67958,11
13.0218896866,80.2063369751,67958,67968,10
13.0225095749,80.2064208984,67968,67978,10
13.0231895447,80.2065582275,67978,67988,10
13.023730278,80.2066192627,67988,67998,10
13.0239295959,80.2066192627,67998,68008,10
13.0240697861,80.2066574097,68008,68018,10
13.024479866,80.2067871094,68018,68028,10
13.0251903534,80.2069778442,68028,68038,10
13.0260400772,80.207359314,68038,68048,10
13.0267601013,80.2077865601,68048,68057,9
13.0274000168,80.2081680298,68057,68069,12
13.0282802582,80.2085800171,68069,68079,10
13.0289802551,80.2087631226,68079,68089,10
13.0295495987,80.2089004517,68089,68099,10
13.029800415,80.2089691162,68099,68109,10
13.0298595428,80.2089920044,68109,68119,10
13.0302696228,80.2091064453,68119,68129,10
13.0307302475,80.2092208862,68129,68139,10
13.0314302444,80.2093887329,68139,68159,20
13.0314302444,80.2093887329,68159,68170,11
13.0317201614,80.2094421387,68170,68180,10
13.0322599411,80.2095718384,68180,68190,10
13.0329704285,80.2097015381,68190,68200,10
13.033780098,80.2098999023,68200,68210,10
13.0345001221,80.210067749,68210,68220,10
13.034910202,80.2101821899,68220,68230,10
13.0350399017,80.2104187012,68230,68240,10
13.0349702835,80.2107009888,68240,68250,10
13.0349798203,80.2110519409,68250,68270,20
13.0349798203,80.2110519409,68270,68281,11
13.0349702835,80.2111968994,68281,68291,10
13.0348997116,80.211807251,68291,68311,20
13.0348997116,80.211807251,68311,68321,10
13.0348796844,80.2119674683,68321,68331,10
13.0348701477,80.2120666504,68331,68341,10
13.0351896286,80.212272644,68341,68351,10
13.0356798172,80.2123336792,68351,68361,10
13.0362596512,80.212348938,68361,68371,10
13.0366601944,80.2123794556,68371,68380,9
13.036860466,80.2123718262,68380,68392,12
13.0370798111,80.2123565674,68392,68402,10
13.0374603271,80.2123718262,68402,68412,10
13.0381803513,80.212348938,68412,68422,10
13.0391197205,80.2123413086,68422,68432,10
13.0401296616,80.212310791,68432,68442,10
13.0413103104,80.2123413086,68442,68452,10
13.0424995422,80.2123413086,68452,68462,10
13.0435600281,80.2123184204,68462,68472,10
13.0439996719,80.2123031616,68472,68553,81
13.0439996719,80.2123031616,68553,68563,10
13.0443496704,80.2123031616,68563,68573,10
13.0449104309,80.212310791,68573,68583,10
13.0457296371,80.2122879028,68583,68593,10
13.0465803146,80.2122802734,68593,68604,11
13.0471601486,80.212272644,68604,68614,10
13.0479402542,80.2121734619,68614,68624,10
13.04845047,80.2120895386,68624,68634,10
13.0484895706,80.2120895386,68634,68644,10
13.0486402512,80.2120895386,68644,68654,10
13.0490503311,80.2120513916,68654,68664,10
13.0495796204,80.2119979858,68664,68703,39
13.0495796204,80.2119979858,68703,68715,12
13.0498895645,80.2119979858,68715,68725,10
13.0502300262,80.2119903564,68725,68735,10
13.0506401062,80.2120132446,68735,68745,10
13.0510797501,80.2120819092,68745,68755,10
13.0519304276,80.2120513916,68755,68765,10
13.0528802872,80.2118530273,68765,68775,10
13.0539102554,80.2115783691,68775,68785,10
13.0548000336,80.2114562988,68785,68795,10
13.0557804108,80.211479187,68795,68804,9
13.0566797256,80.211479187,68804,68816,12
13.0574998856,80.2114868164,68816,68836,20
13.0574998856,80.2114868164,68836,68846,10
13.0578298569,80.211479187,68846,68856,10
13.058380127,80.2114868164,68856,68866,10
13.0589799881,80.211517334,68866,68876,10
13.0596399307,80.2115478516,68876,68886,10
13.0603704453,80.2115707397,68886,68896,10
13.0611200333,80.2116317749,68896,68906,10
13.0617303848,80.2116470337,68906,68917,11
13.0624904633,80.2116622925,68917,68927,10
13.063249588,80.2115631104,68927,68947,20
13.063249588,80.2115631104,68947,68957,10
13.0634803772,80.2115478516,68957,68967,10
13.0637397766,80.2115325928,68967,68977,10
13.0641899109,80.2114562988,68977,68987,10
13.0648202896,80.211227417,68987,68997,10
13.0655603409,80.2106933594,68997,69007,10
13.0663204193,80.2100830078,69007,69017,10
13.0669603348,80.2093429565,69017,69028,11
13.0674800873,80.2085189819,69028,69038,10
13.0679502487,80.2078094482,69038,69048,10
13.0685195923,80.2069625854,69048,69058,10
13.0690698624,80.2060928345,69058,69068,10
13.0693302155,80.2056808472,69068,69078,10
13.0696296692,80.2051086426,69078,69098,20
13.0696296692,80.2051086426,69098,69108,10
13.0695896149,80.2049102783,69108,69118,10
13.0692501068,80.2049484253,69118,69128,10
13.0687398911,80.2052612305,69128,69229,101
13.0686998367,80.2048873901,69229,69361,132
13.0690898895,80.2047729492,69361,69391,30
13.0690898895,80.2047729492,69391,69401,10
13.0692501068,80.2048187256,69401,69411,10
13.0694503784,80.2048492432,69411,69421,10
13.0696897507,80.2049179077,69421,69431,10
13.0698795319,80.2048568726,69431,69441,10
13.0701198578,80.2045516968,69441,69451,10
13.0706996918,80.2037887573,69451,69532,81
13.0706996918,80.2037887573,69532,69542,10
13.0710000992,80.2034301758,69542,69552,10
13.0710601807,80.2033615112,69552,69563,11
13.0712299347,80.203163147,69563,69573,10
13.0714197159,80.2029266357,69573,69583,10
13.0716295242,80.2026824951,69583,69593,10
13.0717096329,80.2025909424,69593,69603,10
13.0718402863,80.2024078369,69603,69613,10
13.0719404221,80.2022628784,69613,69623,10
13.0720901489,80.2021179199,69623,69633,10
13.0722303391,80.2019805908,69633,69643,10
13.0724096298,80.2017974854,69643,69653,10
13.0726203918,80.2015380859,69653,69663,10
13.0727396011,80.2014083862,69663,69674,11
13.0727500916,80.2013931274,69674,69684,10
13.072810173,80.2013092041,69684,69694,10
13.0729703903,80.2011566162,69694,69704,10
13.0731401443,80.2009735107,69704,69714,10
13.0732603073,80.2008285522,69714,69724,10
13.0734395981,80.2006530762,69724,69734,10
13.0736598969,80.200378418,69734,69743,9
13.0739297867,80.2000427246,69743,69754,11
13.0742101669,80.1997299194,69754,69775,21
13.0742101669,80.1997299194,69775,69785,10
13.0743598938,80.1995925903,69785,69795,10
13.0745897293,80.1993713379,69795,69805,10
13.0751399994,80.1991729736,69805,69815,10
13.0758399963,80.1991195679,69815,69825,10
13.0766496658,80.1990814209,69825,69835,10
13.0775699615,80.19896698,69835,69845,10
13.0785799026,80.1988525391,69845,69855,10
13.0795402527,80.1987686157,69855,69864,9
13.0802497864,80.1986999512,69864,69875,11
13.0811500549,80.198638916,69875,69886,11
13.0820999146,80.198600769,69886,69896,10
13.0825595856,80.1985397339,69896,69906,10
13.0827503204,80.1985397339,69906,69916,10
13.083029747,80.1985473633,69916,69926,10
13.0834197998,80.1985321045,69926,69936,10
13.0836801529,80.1985321045,69936,69946,10
13.0838499069,80.1985397339,69946,69956,10
13.08411026,80.1985473633,69956,69966,10
13.0845098495,80.1985702515,69966,69976,10
13.0848503113,80.1985397339,69976,69987,11
13.085149765,80.1985092163,69987,69997,10
13.0855998993,80.1984863281,69997,70007,10
13.0860004425,80.1984786987,70007,70017,10
13.0864400864,80.1984710693,70017,70027,10
13.0867795944,80.1984786987,70027,70037,10
13.0870304108,80.1983566284,70037,70047,10
13.0870304108,80.1979675293,70047,70057,10
13.0870304108,80.1979598999,70057,70067,10
13.0870399475,80.197807312,70067,70077,10
13.0870704651,80.1974411011,70077,70087,10
13.0871095657,80.1968307495,70087,70098,11
13.0871295929,80.1959915161,70098,70108,10
13.0871601105,80.1952896118,70108,70118,10
13.0871801376,80.1945800781,70118,70128,10
13.0872097015,80.1937408447,70128,70138,10
13.0872097015,80.193107605,70138,70168,30
13.0872097015,80.193107605,70168,70177,9
13.087269783,80.1928024292,70177,70188,11
13.0873403549,80.1922988892,70188,70198,10
13.087439537,80.1915817261,70198,70209,11
13.0875597,80.1905975342,70209,70219,10
13.0876903534,80.1895980835,70219,70229,10
13.0876998901,80.1889801025,70229,70239,10
13.0876998901,80.1889724731,70239,70249,10
13.0876903534,80.188369751,70249,70279,30
13.0876903534,80.188369751,70279,70289,10
13.0876998901,80.1881866455,70289,70299,10
13.0877199173,80.187828064,70299,70310,11
13.0877799988,80.187171936,70310,70319,9
13.0878295898,80.1864929199,70319,70330,11
13.0878696442,80.1855392456,70330,70340,10
13.0879096985,80.1846694946,70340,70350,10
13.0879497528,80.1837081909,70350,70360,10
13.0879802704,80.1827468872,70360,70370,10
13.0880298615,80.1819076538,70370,70380,10
13.0880804062,80.1811065674,70380,70390,10
13.0881004333,80.180267334,70390,70400,10
13.0880804062,80.1798782349,70400,70410,10
13.0880804062,80.1797637939,70410,70421,11
13.0880699158,80.1793136597,70421,70431,10
13.0880498886,80.1789627075,70431,70441,10
13.0880498886,80.1788787842,70441,70451,10
13.088060379,80.1784820557,70451,70461,10
13.0881004333,80.1777801514,70461,70471,10
13.0881299973,80.1770019531,70471,70481,10
13.0881900787,80.1761703491,70481,70491,10
13.0882701874,80.1751785278,70491,70501,10
13.0883398056,80.1743164063,70501,70510,9
13.0883998871,80.1735229492,70510,70522,12
13.0884599686,80.1724700928,70522,70532,10
13.0884599686,80.1719207764,70532,70542,10
13.0884599686,80.171836853,70542,70552,10
13.0885095596,80.1714324951,70552,70562,10
13.0885400772,80.1708374023,70562,70572,10
13.0885896683,80.1702270508,70572,70582,10
13.0886201859,80.1698684692,70582,70592,10
13.0889596939,80.1695709229,70592,70602,10
13.0897102356,80.1696166992,70602,70612,10
13.0905704498,80.1696777344,70612,70622,10
13.0915298462,80.1697387695,70622,70633,11
13.0926704407,80.1698226929,70633,70643,10
13.093580246,80.1698913574,70643,70653,10
13.0944004059,80.169921875,70653,70663,10
13.0946998596,80.1699371338,70663,70673,10
13.0949497223,80.1699676514,70673,70683,10
13.0952997208,80.1699981689,70683,70693,10
13.095990181,80.1700210571,70693,70703,10
13.0967798233,80.1700592041,70703,70713,10
13.0977201462,80.1701126099,70713,70723,10
13.0986700058,80.1701583862,70723,70734,11
13.0994901657,80.1701812744,70734,70744,10
13.0996103287,80.1698226929,70744,70784,40
13.0993499756,80.1697998047,70784,71198,414
13.0993499756,80.1697998047,71198,71208,10
13.0992898941,80.1701507568,71208,71521,313
13.0992898941,80.1701507568,71521,71531,10
13.0993099213,80.1703109741,71531,71541,10
13.0991001129,80.1702804565,71541,71551,10
13.0986995697,80.1702575684,71551,71561,10
13.0982198715,80.1702270508,71561,71571,10
13.0976896286,80.1701965332,71571,71581,10
13.0971298218,80.170173645,71581,71592,11
13.096449852,80.1701278687,71592,71602,10
13.0958204269,80.1700668335,71602,71612,10
13.0952100754,80.1700210571,71612,71622,10
13.0947904587,80.1699981689,71622,71632,10
13.094499588,80.1699676514,71632,71642,10
13.0941896439,80.1699295044,71642,71652,10
13.0936098099,80.1698913574,71652,71662,10
13.0929298401,80.1698379517,71662,71672,10
13.0920495987,80.1698226929,71672,71682,10
13.0912103653,80.1697692871,71682,71692,10
13.0904197693,80.1697235107,71692,71703,11
13.0897197723,80.1696777344,71703,71713,10
13.0891199112,80.1696395874,71713,71723,10
13.0887403488,80.1696395874,71723,71743,20
13.0887403488,80.1696395874,71743,71753,10
13.088640213,80.1698074341,71753,71763,10
13.0886001587,80.1702575684,71763,71773,10
13.0885601044,80.1708984375,71773,71783,10
13.088549614,80.1713409424,71783,71793,10
13.0885400772,80.1717529297,71793,71804,11
13.088470459,80.1722793579,71804,71814,10
13.0884599686,80.1728668213,71814,71824,10
13.0884304047,80.1735076904,71824,71834,10
13.0883903503,80.1742095947,71834,71844,10
13.088350296,80.1749191284,71844,71854,10
13.0882997513,80.1755371094,71854,71864,10
13.0882501602,80.1763000488,71864,71874,10
13.0882101059,80.1770935059,71874,71884,10
13.0882101059,80.1777114868,71884,71894,10
13.0882101059,80.1783828735,71894,71904,10
13.0881900787,80.1786499023,71904,71915,11
13.0881900787,80.1787872314,71915,71925,10
13.0881795883,80.1794128418,71925,71995,70
13.0881795883,80.1794128418,71995,72005,10
13.0881700516,80.1798706055,72005,72016,11
13.0881500244,80.1804962158,72016,72026,10
13.0881204605,80.1812133789,72026,72036,10
13.0881004333,80.1819992065,72036,72046,10
13.0880498886,80.1826934814,72046,72056,10
13.0879497528,80.1844024658,72056,72066,10
13.0879497528,80.1844024658,72066,72076,10
13.0879201889,80.1851730347,72076,72086,10
13.0879201889,80.1853790283,72086,72108,22
13.0879402161,80.1855621338,72108,72118,10
13.0879096985,80.1860580444,72118,72129,11
13.0878601074,80.1868362427,72129,72138,9
13.0878200531,80.188041687,72138,72179,41
13.0878200531,80.188041687,72179,72189,10
13.0878200531,80.1884078979,72189,72199,10
13.0878000259,80.1889801025,72199,72209,10
13.0877399445,80.1897735596,72209,72250,41
13.0877399445,80.1897735596,72250,72260,10
13.0876502991,80.1902618408,72260,72270,10
13.0875701904,80.190788269,72270,72280,10
13.0874795914,80.1914520264,72280,72290,10
13.0874004364,80.1920928955,72290,72300,10
13.0873804092,80.1923217773,72300,72310,10
13.0873603821,80.1925125122,72310,72341,31
13.0873603821,80.1925125122,72341,72351,10
13.0873203278,80.1929092407,72351,72361,10
13.0872898102,80.1934967041,72361,72371,10
13.0872497559,80.1943435669,72371,72381,10
13.087220192,80.1952133179,72381,72391,10
13.0872097015,80.1960830688,72391,72401,10
13.0871896744,80.1969604492,72401,72411,10
13.0871896744,80.197769165,72411,72421,10
13.0871696472,80.1978607178,72421,72431,10
13.0871400833,80.1980514526,72431,72440,9
13.0871601105,80.1982116699,72440,72452,12
13.0873403549,80.1984863281,72452,72462,10
13.0876903534,80.1984710693,72462,72472,10
13.0883598328,80.1984176636,72472,72482,10
13.0890903473,80.1984481812,72482,72492,10
13.0897502899,80.1985015869,72492,72502,10
13.0903596878,80.1985702515,72502,72512,10
13.0909204483,80.1986312866,72512,72522,10
13.0915498734,80.1986694336,72522,72532,10
13.0921602249,80.1986999512,72532,72541,9
13.0927801132,80.1986999512,72541,72553,12
13.0929002762,80.1993103027,72553,72563,10
13.0928497314,80.2000579834,72563,72573,10
13.0928096771,80.200592041,72573,72583,10
13.0927696228,80.2006530762,72583,72593,10
13.0924301147,80.2006378174,72593,72603,10
13.0918197632,80.2006072998,72603,72613,10
13.090959549,80.2005996704,72613,72623,10
13.0900602341,80.2005233765,72623,72633,10
13.0891799927,80.2005310059,72633,72643,10
13.08852005,80.2005233765,72643,72653,10
13.0877199173,80.2004776001,72653,72664,11
13.0870599747,80.2004470825,72664,72674,10
13.0865898132,80.2004394531,72674,72684,10
13.0859098434,80.2004165649,72684,72694,10
13.0853996277,80.2003936768,72694,72704,10
13.0852098465,80.2001800537,72704,72714,10
13.0852298737,80.1996383667,72714,72724,10
13.0852403641,80.1988601685,72724,72734,10
13.0847902298,80.1987380981,72734,72744,10
13.0842599869,80.1987304688,72744,72754,10
13.0842399597,80.1987380981,72754,72765,11
13.0840301514,80.1987304688,72765,72775,10
13.0836296082,80.1987228394,72775,72785,10
13.0830402374,80.1987075806,72785,72825,40
13.0830402374,80.1987075806,72825,72835,10
13.0827703476,80.1986999512,72835,72845,10
13.0822601318,80.198677063,72845,72855,10
13.0816898346,80.198677063,72855,72865,10
13.0810003281,80.198677063,72865,72876,11
13.0800895691,80.1987609863,72876,72886,10
13.0791902542,80.1988601685,72886,72896,10
13.0782003403,80.1989593506,72896,72906,10
13.0773000717,80.1990737915,72906,72916,10
13.0763902664,80.1991729736,72916,72926,10
13.0754203796,80.1993103027,72926,72936,10
13.0744695663,80.1996765137,72936,72946,10
13.0740699768,80.200050354,72946,72956,10
13.0738801956,80.2002563477,72956,72966,10
13.0738201141,80.2003173828,72966,72977,11
13.0736703873,80.2005233765,72977,72997,20
13.0736703873,80.2005233765,72997,73007,10
13.0734996796,80.2006988525,73007,73017,10
13.0731897354,80.2010726929,73017,73027,10
13.0728998184,80.2014007568,73027,73037,10
13.0727396011,80.2015914917,73037,73047,10
13.0726203918,80.201751709,73047,73057,10
13.0725297928,80.2018585205,73057,73067,10
13.0722999573,80.2021484375,73067,73077,10
13.0719203949,80.2024993896,73077,73088,11
13.0713796616,80.2031173706,73088,73098,10
13.0707798004,80.2038116455,73098,73108,10
13.070309639,80.2043914795,73108,73118,10
13.0701198578,80.2046585083,73118,73128,10
13.0699701309,80.2049026489,73128,73178,50
13.0699701309,80.2049026489,73178,73189,11
13.0698699951,80.205039978,73189,73199,10
13.0696401596,80.2050476074,73199,73209,10
13.0693502426,80.2048873901,73209,73219,10
13.0690498352,80.2051620483,73219,73229,10
13.0687198639,80.2054519653,73229,73239,10
13.0682697296,80.2054824829,73239,73320,81
13.0682697296,80.2054824829,73320,73330,10
13.0678901672,80.205406189,73330,73441,111
13.0678901672,80.205406189,73441,73451,10
13.0681295395,80.2049713135,73451,73461,10
13.0684995651,80.2048187256,73461,73481,20
13.0687599182,80.204788208,73481,73522,41
13.0687599182,80.204788208,73522,73532,10
13.0690698624,80.2047424316,73532,73542,10
13.0693597794,80.2047729492,73542,73592,50
13.0693597794,80.2047729492,73592,73602,10
13.0695295334,80.204750061,73602,73612,10
13.0697698593,80.2050094604,73612,73623,11
13.0695104599,80.2055435181,73623,73633,10
13.0691003799,80.2062225342,73633,73643,10
13.0685901642,80.2070083618,73643,73653,10
13.0680704117,80.2078933716,73653,73663,10
13.0675802231,80.208656311,73663,73673,10
13.0672197342,80.209197998,73673,73683,10
13.0668096542,80.2097930908,73683,73693,10
13.066160202,80.2103805542,73693,73703,10
13.0652399063,80.2111968994,73703,73734,31
13.0652399063,80.2111968994,73734,73744,10
13.0648698807,80.2113876343,73744,73754,10
13.0643701553,80.2116394043,73754,73764,10
13.0641498566,80.2117004395,73764,73774,10
13.0639295578,80.2117462158,73774,73784,10
13.0636301041,80.2117614746,73784,73794,10
13.0631999969,80.2117767334,73794,73804,10
13.0625495911,80.2118225098,73804,73814,10
13.0619802475,80.2117614746,73814,73824,10
13.0612001419,80.2116470337,73824,73835,11
13.059920311,80.2116775513,73835,73845,10
13.0588598251,80.2116622925,73845,73855,10
13.0580501556,80.2116470337,73855,73865,10
13.0576200485,80.2116622925,73865,73875,10
13.0576200485,80.2116699219,73875,73885,10
13.0573797226,80.2116775513,73885,73895,10
13.0568799973,80.2116775513,73895,73905,10
13.0561800003,80.2116775513,73905,73915,10
13.0553798676,80.2116317749,73915,73925,10
13.0544300079,80.2116165161,73925,73935,10
13.053609848,80.211769104,73935,73946,11
13.0525302887,80.212059021,73946,73956,10
13.0515499115,80.2122192383,73956,73966,10
13.0508699417,80.2121810913,73966,73976,10
13.0499200821,80.2122421265,73976,73996,20
13.0499200821,80.2122421265,73996,74006,10
13.0495100021,80.2122802734,74006,74036,30
13.0495100021,80.2122802734,74036,74047,11
13.0492200851,80.2122268677,74047,74057,10
13.0488395691,80.2122573853,74057,74067,10
13.0481700897,80.2122573853,74067,74077,10
13.0473604202,80.2123184204,74077,74087,10
13.0463895798,80.2123718262,74087,74097,10
13.0453796387,80.2124023438,74097,74107,10
13.0445299149,80.2124404907,74107,74117,10
13.0439195633,80.2124176025,74117,74127,10
13.0431804657,80.2124328613,74127,74137,10
13.0423402786,80.2124481201,74137,74147,10
13.041560173,80.2124328613,74147,74158,11
13.040430069,80.2124786377,74158,74168,10
13.0394897461,80.2124328613,74168,74178,10
13.0386400223,80.2124404907,74178,74188,10
13.038310051,80.2124481201,74188,74198,10
13.0380401611,80.2124710083,74198,74208,10
13.0376596451,80.2124633789,74208,74279,71
13.0376596451,80.2124633789,74279,74289,10
13.0374202728,80.2123031616,74289,74299,10
13.0369501114,80.2123184204,74299,74309,10
13.036239624,80.212348938,74309,74319,10
13.0354003906,80.212348938,74319,74329,10
13.0349197388,80.2122802734,74329,74349,20
13.0349197388,80.2122802734,74349,74359,10
13.034740448,80.2122116089,74359,74370,11
13.0342102051,80.2121429443,74370,74390,20
13.0342102051,80.2121429443,74390,74400,10
13.0339202881,80.2121582031,74400,74410,10
13.0334596634,80.212020874,74410,74420,10
13.0326900482,80.2119293213,74420,74430,10
13.0319004059,80.2117919922,74430,74440,10
13.0319299698,80.2112884521,74440,74450,10
13.0319900513,80.2106781006,74450,74460,10
13.0320796967,80.2100296021,74460,74471,11
13.0317296982,80.2096099854,74471,74481,10
13.0310096741,80.2094268799,74481,74491,10
13.0304603577,80.2093200684,74491,74501,10
13.0300397873,80.2092208862,74501,74511,10
13.0296096802,80.2090835571,74511,74521,10
13.0296001434,80.2090911865,74521,74531,10
13.0295095444,80.2090606689,74531,74541,10
13.0291795731,80.2089309692,74541,74551,10
13.0284204483,80.2087173462,74551,74561,10
13.027589798,80.2083969116,74561,74571,10
13.0268201828,80.2079391479,74571,74582,11
13.0260095596,80.2074508667,74582,74592,10
13.0251598358,80.2070922852,74592,74602,10
13.0243301392,80.206993103,74602,74612,10
13.0241804123,80.2069625854,74612,74622,10
13.0238199234,80.2068710327,74622,74632,10
13.0232696533,80.2067718506,74632,74642,10
13.0225801468,80.2067337036,74642,74652,10
13.0216197968,80.2065582275,74652,74662,10
13.0207004547,80.2065505981,74662,74672,10
13.0191497803,80.2063980103,74672,74693,21
13.0191497803,80.2063980103,74693,74703,10
13.0189399719,80.2063369751,74703,74713,10
13.0184202194,80.206199646,74713,74723,10
13.0179004669,80.2060089111,74723,74733,10
13.0174703598,80.2057800293,74733,74743,10
13.0169696808,80.205619812,74743,74753,10
13.0164003372,80.2053527832,74753,74763,10
13.0155897141,80.205116272,74763,74773,10
13.0143299103,80.2047195435,74773,74794,21
13.0143299103,80.2047195435,74794,74804,10
13.0140895844,80.2046585083,74804,74814,10
13.0137195587,80.2045211792,74814,74824,10
13.0135202408,80.2046432495,74824,74834,10
13.0134601593,80.204788208,74834,74844,10
13.0133304596,80.2051620483,74844,74854,10
13.0131196976,80.2057800293,74854,74864,10
13.012960434,80.2066116333,74864,74874,10
13.0128898621,80.2075119019,74874,74884,10
13.0128602982,80.2078704834,74884,74894,10
13.012840271,80.2083206177,74894,74905,11
13.0128297806,80.2087020874,74905,74915,10
13.0128698349,80.2091369629,74915,74925,10
13.0130701065,80.2096786499,74925,74935,10
13.0130500793,80.210357666,74935,74945,10
13.0128202438,80.2112197876,74945,74955,10
13.0123500824,80.2120895386,74955,74965,10
13.0119104385,80.2127532959,74965,74975,10
13.0116996765,80.212890625,74975,74985,10
13.0114498138,80.2126617432,74985,74995,10
13.0109100342,80.2122573853,74995,75006,11
13.0102796555,80.2117462158,75006,75016,10
13.009519577,80.21118927,75016,75066,50
13.009519577,80.21118927,75066,75076,10
13.0091695786,80.2112197876,75076,75086,10
13.0089797974,80.2115020752,75086,75096,10
13.0090799332,80.2120285034,75096,75105,9
13.0092802048,80.2126617432,75105,75117,12
13.0095796585,80.2134628296,75117,75127,10
13.0098600388,80.2141494751,75127,75137,10
13.0100898743,80.2148590088,75137,75147,10
13.0102100372,80.2157211304,75147,75157,10
13.0106401443,80.2166900635,75157,75167,10
13.0110998154,80.2177734375,75167,75177,10
13.0114898682,80.2189102173,75177,75187,10
13.0118904114,80.2200698853,75187,75197,10
13.0122098923,80.2210998535,75197,75207,10
13.0124502182,80.2217788696,75207,75218,11
13.0129299164,80.2223968506,75218,75228,10
13.0133895874,80.2229232788,75228,75238,10
13.0138902664,80.2234802246,75238,75248,10
13.014169693,80.2238693237,75248,75258,10
13.0146598816,80.2244415283,75258,75268,10
13.0149497986,80.2247619629,75268,75278,10
13.0152997971,80.2252120972,75278,75288,10
13.0153102875,80.2257614136,75288,75298,10
13.0150098801,80.2259521484,75298,75318,20
13.0150098801,80.2259521484,75318,75329,11
13.014670372,80.2260665894,75329,75339,10
13.0141801834,80.2262573242,75339,75349,10
13.0134496689,80.2265319824,75349,75359,10
13.0126600266,80.226852417,75359,75369,10
13.0118198395,80.2272186279,75369,75379,10
13.0108203888,80.2276077271,75379,75389,10
13.0099601746,80.2279510498,75389,75399,10
13.0094099045,80.2277832031,75399,75409,10
13.0095596313,80.2273864746,75409,75419,10
13.0098199844,80.2268600464,75419,75430,11
13.0101900101,80.2260284424,75430,75440,10
13.0104999542,80.2252807617,75440,75450,10
13.010720253,80.2246627808,75450,75460,10
13.0110502243,80.2238388062,75460,75470,10
13.0111503601,80.223197937,75470,75480,10
13.0106201172,80.2229537964,75480,75490,10
13.0099897385,80.2226486206,75490,75500,10
13.0092897415,80.2222366333,75500,75510,10
13.0084896088,80.2218017578,75510,75520,10
13.0075798035,80.2213516235,75520,75530,10
13.0066204071,80.2208404541,75530,75541,11
13.0053596497,80.2205429077,75541,75551,10
13.0044298172,80.2202987671,75551,75561,10
13.003490448,80.2200927734,75561,75571,10
13.0025701523,80.2197418213,75571,75581,10
13.0019903183,80.2191390991,75581,75591,10
13.0014801025,80.2186279297,75591,75601,10
13.0009002686,80.2182388306,75601,75611,10
13.0003595352,80.217918396,75611,75621,10
12.9998903275,80.2176132202,75621,75631,10
12.9992599487,80.217300415,75631,75642,11
12.9985799789,80.2169494629,75642,75652,10
12.9973897934,80.2166519165,75652,75672,20
12.9973897934,80.2166519165,75672,75682,10
12.9971904755,80.2166213989,75682,75692,10
12.9969301224,80.2166290283,75692,75702,10
12.9963598251,80.2167282104,75702,75712,10
12.995639801,80.2169036865,75712,75722,10
12.9949102402,80.2172927856,75722,75732,10
12.9943704605,80.2176208496,75732,75742,10
12.9939804077,80.2179031372,75742,75753,11
12.9935798645,80.2181777954,75753,75763,10
12.9930000305,80.2185668945,75763,75773,10
12.9923801422,80.2190628052,75773,75783,10
12.9916296005,80.219581604,75783,75793,10
12.9911603928,80.2196121216,75793,75803,10
12.9910202026,80.2195587158,75803,75813,10
12.9906196594,80.2194213867,75813,75823,10
12.9904298782,80.2193603516,75823,75833,10
12.9899501801,80.2191925049,75833,75843,10
12.9893198013,80.218963623,75843,75854,11
12.9886102676,80.2186889648,75854,75864,10
12.9878997803,80.218536377,75864,75874,10
12.9868202209,80.2183532715,75874,75894,20
12.9868202209,80.2183532715,75894,75904,10
12.9864797592,80.2182693481,75904,75914,10
12.9858503342,80.2181015015,75914,75924,10
12.9849500656,80.2180175781,75924,75934,10
12.9841995239,80.2180480957,75934,75944,10
12.984000206,80.2180633545,75944,75954,10
12.984000206,80.2180480957,75954,75965,11
12.9836301804,80.2180328369,75965,75975,10
12.9829397202,80.2180328369,75975,75985,10
12.9821500778,80.2180404663,75985,75995,10
12.9812602997,80.2181396484,75995,76005,10
12.9804000854,80.2184295654,76005,76015,10
12.9796800613,80.2187194824,76015,76025,10
12.9789600372,80.2190093994,76025,76035,10
12.9786100388,80.2191467285,76035,76045,10
12.9781103134,80.2193527222,76045,76054,9
12.9774398804,80.2196426392,76054,76066,12
12.9764995575,80.2200698853,76066,76076,10
12.9760904312,80.2202606201,76076,76086,10
12.9757204056,80.2204208374,76086,76247,161
12.9757204056,80.2204208374,76247,76257,10
12.9754695892,80.2205886841,76257,76267,10
12.9754400253,80.2208633423,76267,76278,11
12.9757204056,80.2210922241,76278,76601,323
12.9757204056,80.2210922241,76601,76611,10
12.9758901596,80.221321106,76611,76621,10
12.9762001038,80.2213363647,76621,76631,10
12.9765501022,80.2213363647,76631,76641,10
12.977060318,80.221321106,76641,76651,10
12.9777002335,80.221282959,76651,76661,10
12.9783697128,80.2212295532,76661,76671,10
12.9789800644,80.2211914063,76671,76681,10
12.9795799255,80.2211608887,76681,76691,10
12.9801797867,80.2210998535,76691,76701,10
12.9808101654,80.2210769653,76701,76712,11
12.9814596176,80.2213134766,76712,76722,10
12.9818201065,80.221572876,76722,76732,10
12.9822902679,80.2218170166,76732,76742,10
12.9826898575,80.2219467163,76742,76752,10
12.9830799103,80.2221603394,76752,76762,10
12.9834098816,80.2223892212,76762,76772,10
12.9836397171,80.2225418091,76772,76782,10
12.984000206,80.2227325439,76782,76792,10
12.9844303131,80.2229919434,76792,76802,10
12.984919548,80.2232666016,76802,76812,10
12.9854001999,80.2233276367,76812,76823,11
12.9857702255,80.2230606079,76823,76833,10
12.9862699509,80.2230377197,76833,76843,10
12.9866800308,80.2230606079,76843,76853,10
12.9870300293,80.2231216431,76853,76863,10
12.987449646,80.2231369019,76863,76873,10
12.987830162,80.2230606079,76873,76883,10
12.9882602692,80.2227478027,76883,76893,10
12.9886302948,80.2223892212,76893,76903,10
12.9889602661,80.2220230103,76903,76913,10
12.9893398285,80.2215270996,76913,76924,11
12.9897899628,80.220916748,76924,76934,10
12.9903202057,80.220451355,76934,76944,10
12.990819931,80.2200622559,76944,76954,10
12.9913196564,80.2196807861,76954,76964,10
12.9917697906,80.219329834,76964,76974,10
12.9922504425,80.21900177,76974,76984,10
12.9927396774,80.2186584473,76984,76994,10
12.9931602478,80.2183380127,76994,77004,10
12.9935998917,80.2180023193,77004,77014,10
12.994020462,80.2177200317,77014,77025,11
12.9945497513,80.2173233032,77025,77035,10
12.9947900772,80.2171401978,77035,77045,10
12.9951400757,80.2169189453,77045,77055,10
12.9955997467,80.2167434692,77055,77065,10
12.9960298538,80.2166213989,77065,77095,30
12.9960298538,80.2166213989,77095,77105,10
12.9963903427,80.2165374756,77105,77115,10
12.9965295792,80.2165222168,77115,77125,10
12.9967699051,80.2164916992,77125,77136,11
12.9972400665,80.2163619995,77136,77156,20
12.9972400665,80.2163619995,77156,77166,10
12.9975700378,80.2160797119,77166,77176,10
12.9979600906,80.2157592773,77176,77186,10
12.9984397888,80.2153320313,77186,77196,10
12.9989404678,80.2148971558,77196,77206,10
12.9992103577,80.2146530151,77206,77216,10
12.9996299744,80.2142791748,77216,77226,10
12.9999904633,80.2139434814,77226,77236,10
13.0004701614,80.213508606,77236,77247,11
13.0010404587,80.2130432129,77247,77257,10
13.0013303757,80.2128219604,77257,77267,10
13.0017795563,80.2125015259,77267,77277,10
13.0022697449,80.2122192383,77277,77287,10
13.0025596619,80.2121429443,77287,77297,10
13.0030403137,80.212097168,77297,77307,10
13.0035800934,80.2120132446,77307,77317,10
13.0036497116,80.2117462158,77317,77327,10
13.003660202,80.2113800049,77327,77337,10
13.0036296844,80.2108688354,77337,77348,11
13.0035800934,80.210357666,77348,77358,10
13.0034999847,80.2098083496,77358,77368,10
13.003569603,80.2092285156,77368,77378,10
13.0036897659,80.2087402344,77378,77388,10
13.0041999817,80.2087020874,77388,77398,10
13.00481987,80.2089996338,77398,77408,10
13.0054702759,80.209312439,77408,77418,10
13.0061302185,80.2095413208,77418,77428,10
13.0067796707,80.2097320557,77428,77438,10
13.0074996948,80.2098922729,77438,77448,10
13.008099556,80.2099761963,77448,77459,11
13.0080699921,80.2095718384,77459,77469,10
13.0079498291,80.2090072632,77469,77479,10
13.0078401566,80.2082824707,77479,77489,10
13.0077104568,80.2074813843,77489,77499,10
13.0075798035,80.2066268921,77499,77509,10
13.0074596405,80.205871582,77509,77519,10
13.0072097778,80.2052001953,77519,77529,10
13.0069198608,80.2045822144,77529,77539,10
13.0066003799,80.2039413452,77539,77549,10
13.0060997009,80.2032318115,77549,77560,11
13.0057401657,80.2026901245,77560,77570,10
13.0056295395,80.2024230957,77570,77580,10
13.0054798126,80.2021102905,77580,77590,10
13.0050296783,80.2016372681,77590,77600,10
13.0045204163,80.2012786865,77600,77610,10
13.0039396286,80.2010803223,77610,77620,10
13.0032396317,80.2008666992,77620,77630,10
13.0025396347,80.2006225586,77630,77640,10
13.0019397736,80.2001800537,77640,77650,10
13.0016403198,80.1996231079,77650,77660,10
13.0016403198,80.1992416382,77660,77671,11
13.001709938,80.1987380981,77671,77681,10
13.0017995834,80.1981277466,77681,77691,10
13.0018796921,80.1973876953,77691,77701,10
13.001709938,80.1965789795,77701,77711,10
13.0011997223,80.1958999634,77711,77721,10
13.0006999969,80.1952972412,77721,77731,10
13.0001802444,80.1946182251,77731,77741,10
12.9996500015,80.1938705444,77741,77751,10
12.9991598129,80.1932678223,77751,77761,10
12.9986801147,80.1926803589,77761,77772,11
12.9981803894,80.1922836304,77772,77782,10
12.997710228,80.1926727295,77782,77792,10
12.9971504211,80.1931304932,77792,77802,10
12.996919632,80.1932907104,77802,77812,10
12.9967603683,80.1931686401,77812,77822,10
12.9966402054,80.1928405762,77822,77832,10
12.9965200424,80.1924591064,77832,77842,10
12.9963998795,80.1919403076,77842,77852,10
12.9962997437,80.1915435791,77852,78405,553
12.9962997437,80.1915435791,78405,78416,11
12.9965696335,80.1912612915,78416,78426,10
12.9967498779,80.1909713745,78426,78739,313
12.9967498779,80.1909713745,78739,78749,10
12.9969797134,80.1907577515,78749,78819,70
12.9969797134,80.1907577515,78819,78829,10
12.9967498779,80.1908035278,78829,78839,10
12.9967403412,80.1911621094,78839,80152,1313
12.9965801239,80.1909332275,80152,82938,2786
12.9967899323,80.1912231445,82938,84270,1332
12.9967899323,80.1912231445,84270,84280,10
