12.9867296219,80.2590484619,11,2465,2454
12.9867200851,80.2591323853,2465,2525,60
12.9866600037,80.2590484619,2525,3514,989
12.9866600037,80.2590484619,3514,3525,11
12.9866600037,80.2591400146,3525,4705,1180
12.9866600037,80.2590408325,4705,5382,677
12.9866600037,80.258972168,5382,6139,757
12.9866399765,80.2590789795,6139,6553,414
12.9866399765,80.2590789795,6553,6563,10
12.9866695404,80.2590179443,6563,7552,989
12.9866695404,80.2590179443,7552,7562,10
12.9869203568,80.2592163086,7562,7905,343
12.986700058,80.2590408325,7905,8258,353
12.986700058,80.2590408325,8258,8268,10
12.9868402481,80.2590789795,8268,8874,606
12.9868602753,80.2590713501,8874,9712,838
12.9865999222,80.2590332031,9712,9863,151
12.9866800308,80.2590408325,9863,11438,1575
12.9866800308,80.2590408325,11438,11448,10
12.986579895,80.2590332031,11448,14578,3130
12.986749649,80.2590026855,14578,16819,2241
12.986749649,80.2590026855,16819,16829,10
12.9866800308,80.2589797974,16829,17596,767
12.9866695404,80.2589569092,17596,18484,888
12.986700058,80.2590484619,18484,18555,71
12.9866304398,80.2589569092,18555,18898,343
12.9866104126,80.2591094971,18898,19615,717
12.9867601395,80.2589797974,19615,19645,30
12.9867601395,80.2589797974,19645,19655,10
12.9869003296,80.2590103149,19655,19696,41
12.9872398376,80.2591018677,19696,19766,70
12.9872398376,80.2591018677,19766,19777,11
12.9874200821,80.2588195801,19777,19787,10
12.9874095917,80.2586669922,19787,19797,10
12.9874200821,80.2585601807,19797,19807,10
12.9874296188,80.2583389282,19807,19817,10
12.9874401093,80.2581481934,19817,19827,10
12.9874601364,80.2579803467,19827,19837,10
12.9874801636,80.2574386597,19837,19847,10
12.9875497818,80.2568435669,19847,19856,9
12.9875802994,80.2562408447,19856,19867,11
12.987739563,80.2557678223,19867,19877,10
12.988240242,80.255821228,19877,19888,11
12.9886102676,80.2558517456,19888,19898,10
12.9887199402,80.2558822632,19898,19908,10
12.9890804291,80.2559204102,19908,19918,10
12.9896202087,80.2559585571,19918,19928,10
12.9902496338,80.2559814453,19928,19938,10
12.9907398224,80.2559509277,19938,19948,10
12.9914398193,80.2560119629,19948,19958,10
12.9922800064,80.2560424805,19958,19968,10
12.9931297302,80.2559890747,19968,19984,16
12.9943704605,80.255897522,19984,19997,13
12.9954299927,80.2558288574,19997,20007,10
12.9961204529,80.255821228,20007,20017,10
12.9969301224,80.255821228,20017,20027,10
12.9973802567,80.2558364868,20027,20037,10
12.9979000092,80.255897522,20037,20045,8
12.9990596771,80.2560501099,20045,20068,23
12.9990596771,80.2560501099,20068,20079,11
12.9993200302,80.2560806274,20079,20089,10
12.999879837,80.2562103271,20089,20100,11
13.0007200241,80.2563781738,20100,20110,10
13.0015201569,80.2565078735,20110,20120,10
13.0024003983,80.256652832,20120,20130,10
13.0032300949,80.2568130493,20130,20140,10
13.0039300919,80.2569503784,20140,20150,10
13.004650116,80.2570724487,20150,20160,10
13.0055303574,80.2572479248,20160,20170,10
13.0063400269,80.2573928833,20170,20180,10
13.0068397522,80.2576599121,20180,20190,10
13.0072202682,80.2583236694,20190,20200,10
13.0078601837,80.2587280273,20200,20211,11
13.0085296631,80.2589416504,20211,20221,10
13.0085496902,80.2589569092,20221,20231,10
13.0086402893,80.2590026855,20231,20241,10
13.0087099075,80.2590026855,20241,20251,10
13.0091295242,80.2590713501,20251,20261,10
13.0099496841,80.2590637207,20261,20271,10
13.0109500885,80.2590408325,20271,20281,10
13.0120697021,80.2590408325,20281,20291,10
13.0132398605,80.2591094971,20291,20301,10
13.0143899918,80.2591629028,20301,20312,11
13.0155496597,80.2592773438,20312,20322,10
13.0163002014,80.2595825195,20322,20332,10
13.0164699554,80.2596969604,20332,20342,10
13.0165700912,80.2598114014,20342,20352,10
13.0170402527,80.2601394653,20352,20362,10
13.0176696777,80.260559082,20362,20372,10
13.018239975,80.2609634399,20372,20382,10
13.0188903809,80.2614517212,20382,20392,10
13.0195398331,80.2619934082,20392,20402,10
13.0201396942,80.2625808716,20402,20412,10
13.0202903748,80.2630233765,20412,20423,11
13.0197000504,80.2629776001,20423,20433,10
13.0191001892,80.2629776001,20433,20443,10
13.0190601349,80.2633972168,20443,20453,10
13.0191402435,80.2641906738,20453,20463,10
13.0189599991,80.2650527954,20463,20473,10
13.0188398361,80.2655029297,20473,20483,10
13.0187101364,80.2660598755,20483,20493,10
13.0187702179,80.2668609619,20493,20503,10
13.0191698074,80.2676620483,20503,20513,10
13.0197401047,80.2683410645,20513,20523,10
13.0203199387,80.2690734863,20523,20534,11
13.0208797455,80.2697296143,20534,20544,10
13.0213899612,80.2703323364,20544,20554,10
13.0215797424,80.2705612183,20554,20564,10
13.0217695236,80.2708129883,20564,20574,10
13.022190094,80.2713470459,20574,20584,10
13.0227203369,80.2720413208,20584,20600,16
13.0235395432,80.273147583,20600,20612,12
13.0240497589,80.2738723755,20612,20622,10
13.0244998932,80.2744522095,20622,20632,10
13.0251598358,80.274810791,20632,20643,11
13.02546978,80.2749328613,20643,20653,10
13.0256996155,80.2750396729,20653,20662,9
13.0262002945,80.2752685547,20662,20674,12
13.027009964,80.275642395,20674,20684,10
13.0277299881,80.2759933472,20684,20694,10
13.0284500122,80.2762832642,20694,20704,10
13.0291595459,80.276550293,20704,20713,9
13.029999733,80.2767410278,20713,20745,32
13.029999733,80.2767410278,20745,20755,10
13.0301599503,80.2768325806,20755,20765,10
13.0305995941,80.2770385742,20765,20776,11
13.0311698914,80.2774200439,20776,20786,10
13.0318002701,80.277557373,20786,20796,10
13.0327396393,80.2774810791,20796,20816,20
13.0327396393,80.2774810791,20816,20826,10
13.0331802368,80.2774429321,20826,20836,10
13.0337200165,80.2773666382,20836,20846,10
13.0344696045,80.2775497437,20846,20857,11
13.0353498459,80.2776870728,20857,20867,10
13.0361003876,80.2778625488,20867,20877,10
13.036860466,80.2780914307,20877,20887,10
13.037560463,80.2782974243,20887,20897,10
13.0384197235,80.2785186768,20897,20907,10
13.0389299393,80.2786636353,20907,20917,10
13.0389404297,80.2786636353,20917,20927,10
13.039150238,80.2787322998,20927,20937,10
13.0395402908,80.2788619995,20937,20947,10
13.0402898788,80.2790603638,20947,20958,11
13.0413398743,80.2792816162,20958,20968,10
13.0424203873,80.2794265747,20968,20978,10
13.0433397293,80.2795791626,20978,20988,10
13.0442304611,80.2798309326,20988,20998,10
13.0451898575,80.2799682617,20998,21008,10
13.0457296371,80.2800521851,21008,21018,10
13.0457601547,80.2800369263,21018,21028,10
13.0461597443,80.2801132202,21028,21038,10
13.0469398499,80.2802276611,21038,21048,10
13.0479202271,80.2803726196,21048,21058,10
13.0488796234,80.2805023193,21058,21069,11
13.0496397018,80.2806396484,21069,21079,10
13.050359726,80.2807388306,21079,21089,10
13.051030159,80.2808609009,21089,21099,10
13.0517997742,80.2809524536,21099,21109,10
13.0527296066,80.2810974121,21109,21119,10
13.0537004471,80.2812576294,21119,21129,10
13.0545797348,80.2814178467,21129,21139,10
13.055390358,80.2815628052,21139,21149,10
13.0561504364,80.2816925049,21149,21159,10
13.0564603806,80.2817611694,21159,21169,10
13.0566196442,80.2817764282,21169,21186,17
13.05768013,80.2820205688,21186,21198,12
13.0587396622,80.2822418213,21198,21208,10
13.0594997406,80.2824020386,21208,21218,10
13.060549736,80.282623291,21218,21228,10
13.0614004135,80.2827911377,21228,21238,10
13.062210083,80.282951355,21238,21248,10
13.0630598068,80.2831268311,21248,21258,10
13.0631999969,80.2831573486,21258,21268,10
13.0635900497,80.2832489014,21268,21279,11
13.0640697479,80.2833404541,21279,21289,10
13.0642795563,80.2834014893,21289,21299,10
13.0649204254,80.2835464478,21299,21309,10
13.0658597946,80.2837677002,21309,21319,10
13.0669298172,80.2840194702,21319,21329,10
13.067899704,80.2842102051,21329,21347,18
13.0697002411,80.2846221924,21347,21359,12
13.0707902908,80.2848815918,21359,21367,8
13.0715398788,80.2850723267,21367,21379,12
13.0727996826,80.2852783203,21379,21389,10
13.073679924,80.2853622437,21389,21400,11
13.074259758,80.2859115601,21400,21410,10
13.0748996735,80.2864074707,21410,21420,10
13.0755796432,80.286819458,21420,21430,10
13.0763397217,80.287071228,21430,21440,10
13.077340126,80.2873382568,21440,21450,10
13.0781402588,80.2875213623,21450,21460,10
13.0789804459,80.2877807617,21460,21470,10
13.0798997879,80.2880630493,21470,21480,10
13.0806398392,80.2882232666,21480,21490,10
13.0813398361,80.2884674072,21490,21500,10
13.0822496414,80.2887878418,21500,21511,11
13.0832700729,80.2891464233,21511,21521,10
13.0840396881,80.2891387939,21521,21530,9
13.0847797394,80.2891082764,21530,21541,11
13.0857496262,80.2892608643,21541,21551,10
13.0867500305,80.2894897461,21551,21561,10
13.0875597,80.2897567749,21561,21571,10
13.088259697,80.2900695801,21571,21581,10
13.0887098312,80.2899017334,21581,21591,10
13.0887203217,80.2897033691,21591,21602,11
13.0887098312,80.2894515991,21602,21612,10
13.0887098312,80.2888565063,21612,21622,10
13.0886697769,80.2886123657,21622,21632,10
13.0886201859,80.2881317139,21632,21642,10
13.0885696411,80.287651062,21642,21652,10
13.0885400772,80.2874984741,21652,21662,10
13.0885095596,80.2870178223,21662,21672,10
13.0885000229,80.2865982056,21672,21682,10
13.0885000229,80.2863769531,21682,21692,10
13.0884799957,80.2857971191,21692,21702,10
13.0884399414,80.2851333618,21702,21713,11
13.0883998871,80.2844390869,21713,21729,16
13.0881900787,80.2838363647,21729,23114,1385
13.0881795883,80.2836608887,23114,23184,70
13.0881795883,80.2836608887,23184,23194,10
13.0882701874,80.283493042,23194,23205,11
13.0883302689,80.2833099365,23205,23215,10
13.0883197784,80.2830886841,23215,23225,10
13.0883598328,80.2828063965,23225,23245,20
13.0883598328,80.2828063965,23245,23255,10
13.0884103775,80.2825698853,23255,23265,10
13.0883197784,80.2821578979,23265,23275,10
13.088139534,80.2816696167,23275,23285,10
13.0883102417,80.2814331055,23285,23295,10
13.0885896683,80.2816390991,23295,23306,11
13.08852005,80.2820892334,23306,23315,9
13.0884504318,80.282409668,23315,23326,11
13.0883903503,80.2827987671,23326,23336,10
13.0883598328,80.2830734253,23336,23346,10
13.0883798599,80.2835235596,23346,23356,10
13.0883598328,80.283821106,23356,23366,10
13.0883998871,80.2844161987,23366,23376,10
13.0884504318,80.2850799561,23376,23386,10
13.0884895325,80.2856674194,23386,23396,10
13.0885000229,80.2861709595,23396,23406,10
13.0885095596,80.2865066528,23406,23417,11
13.0885295868,80.2869796753,23417,23427,10
13.0886001587,80.287437439,23427,23437,10
13.0886297226,80.2876281738,23437,23447,10
13.0886697769,80.2881088257,23447,23457,10
13.0887203217,80.2885513306,23457,23467,10
13.0887498856,80.2887802124,23467,23477,10
13.0887804031,80.2892684937,23477,23487,10
13.0887699127,80.2893829346,23487,23497,10
13.0887804031,80.2896194458,23497,23507,10
13.0888004303,80.2898101807,23507,23517,10
13.088809967,80.2901992798,23517,23558,41
13.088809967,80.2901992798,23558,23568,10
13.0887002945,80.2904510498,23568,23578,10
13.0882501602,80.290222168,23578,23588,10
13.0875301361,80.2898712158,23588,23598,10
13.0868701935,80.2896194458,23598,23608,10
13.0860795975,80.2893829346,23608,23618,10
13.0853004456,80.2891387939,23618,23628,10
13.0844802856,80.2891387939,23628,23639,11
13.0836296082,80.2891769409,23639,23649,10
13.0828695297,80.2891311646,23649,23659,10
13.0820598602,80.28881073,23659,23669,10
13.0812301636,80.2884902954,23669,23679,10
13.0804796219,80.2882995605,23679,23689,10
13.0796403885,80.2881317139,23689,23699,10
13.0787801743,80.2878036499,23699,23709,10
13.07791996,80.2875213623,23709,23719,10
13.0770101547,80.287322998,23719,23729,10
13.0759496689,80.2870635986,23729,23740,11
13.0750598907,80.2866210938,23740,23750,10
13.074259758,80.2861709595,23750,23760,10
13.0733604431,80.2859573364,23760,23770,10
13.072520256,80.2855072021,23770,23780,10
13.0715198517,80.2851791382,23780,23790,10
13.0703697205,80.2848968506,23790,23800,10
13.0692596436,80.2846374512,23800,23810,10
13.0682096481,80.2844009399,23810,23820,10
13.0671901703,80.2842102051,23820,23830,10
13.066069603,80.2839813232,23830,23840,10
13.065079689,80.2837371826,23840,23850,10
13.0644397736,80.2835998535,23850,23861,11
13.0637397766,80.2834320068,23861,23871,10
13.0631198883,80.2832794189,23871,23881,10
13.062669754,80.2831802368,23881,23891,10
13.062620163,80.2831726074,23891,23901,10
13.0622301102,80.2830734253,23901,23911,10
13.0615196228,80.2828979492,23911,23921,10
13.0606403351,80.2827072144,23921,23931,10
13.0596904755,80.2825317383,23931,23941,10
13.0587396622,80.2823410034,23941,23951,10
13.0580196381,80.2822036743,23951,23962,11
13.0575199127,80.2820892334,23962,23972,10
13.0568599701,80.2819595337,23972,23982,10
13.0567398071,80.2819213867,23982,23992,10
13.0566196442,80.2819137573,23992,24002,10
13.0563297272,80.2818374634,24002,24012,10
13.0557603836,80.2817230225,24012,24022,10
13.0548696518,80.2815322876,24022,24032,10
13.0538396835,80.2813262939,24032,24041,9
13.0529603958,80.2811889648,24041,24052,11
13.0519504547,80.281036377,24052,24062,10
13.0511302948,80.2809295654,24062,24073,11
13.0502901077,80.2807998657,24073,24083,10
13.0495300293,80.280670166,24083,24093,10
13.0485696793,80.2805633545,24093,24103,10
13.047539711,80.2804107666,24103,24113,10
13.0467596054,80.2802963257,24113,24123,10
13.0462303162,80.2802505493,24123,24133,10
13.0457000732,80.2801818848,24133,24143,10
13.0455598831,80.2801513672,24143,24153,10
13.0449800491,80.2800674438,24153,24163,10
13.0441799164,80.2799377441,24163,24173,10
13.043510437,80.279838562,24173,24184,11
13.0426197052,80.2796096802,24184,24194,10
13.0417003632,80.2794494629,24194,24204,10
13.0408000946,80.279258728,24204,24214,10
13.039899826,80.2790603638,24214,24224,10
13.0392198563,80.2788772583,24224,24234,10
13.0390796661,80.2788467407,24234,24244,10
13.0389995575,80.2788009644,24244,24254,10
13.038479805,80.2786331177,24254,24264,10
13.0376596451,80.2783737183,24264,24275,11
13.036740303,80.2780532837,24275,24284,9
13.0359401703,80.2778015137,24284,24295,11
13.0349302292,80.277633667,24295,24305,10
13.0341396332,80.2774429321,24305,24315,10
13.0335597992,80.2773284912,24315,24325,10
13.0331401825,80.2774505615,24325,24335,10
13.0324001312,80.2774810791,24335,24345,10
13.0315504074,80.277557373,24345,24355,10
13.030960083,80.2772827148,24355,24365,10
13.0309400558,80.2772598267,24365,24375,10
13.0305595398,80.2770767212,24375,24385,10
13.0298299789,80.2767333984,24385,24396,11
13.0288200378,80.2764511108,24396,24405,9
13.0280199051,80.2761077881,24405,24416,11
13.0269899368,80.2756500244,24416,24426,10
13.0259599686,80.2751998901,24426,24456,30
13.0259599686,80.2751998901,24456,24466,10
13.0256700516,80.2750701904,24466,24476,10
13.0251502991,80.2748413086,24476,24486,10
13.0244398117,80.2743988037,24486,24497,11
13.0237903595,80.2735595703,24497,24506,9
13.0231599808,80.2727432251,24506,24517,11
13.0223703384,80.2717132568,24517,24527,10
13.0217103958,80.2708282471,24527,24537,10
13.0211400986,80.2701797485,24537,24546,9
13.0209302902,80.2699203491,24546,24557,11
13.020819664,80.2697982788,24557,24567,10
13.0204200745,80.26927948,24567,24577,10
13.0198602676,80.2686004639,24577,24587,10
13.019200325,80.2677764893,24587,24597,10
13.018699646,80.2668228149,24597,24607,10
13.0186395645,80.2659988403,24607,24618,11
13.0187902451,80.2652893066,24618,24628,10
13.0190401077,80.2643966675,24628,24638,10
13.0190000534,80.2635879517,24638,24648,10
13.0189504623,80.2631912231,24648,24658,10
13.0188999176,80.2628097534,24658,24668,10
13.0188598633,80.2621994019,24668,24678,10
13.0187196732,80.2613983154,24678,24688,10
13.0181102753,80.2609176636,24688,24698,10
13.017490387,80.2605285645,24698,24709,11
13.0166501999,80.2600021362,24709,24719,10
13.0160799026,80.2596969604,24719,24729,10
13.015999794,80.2596511841,24729,24739,10
13.015540123,80.2594680786,24739,24749,10
13.0147800446,80.2593307495,24749,24759,10
13.013879776,80.2592926025,24759,24769,10
13.0128297806,80.2592468262,24769,24779,10
13.0117902756,80.2592086792,24779,24789,10
13.0108604431,80.2592086792,24789,24799,10
13.0100002289,80.2592315674,24799,24809,10
13.0092802048,80.2591781616,24809,24819,10
13.008939743,80.2591934204,24819,24830,11
13.0087404251,80.2591705322,24830,24840,10
13.0082397461,80.2591705322,24840,24850,10
13.007519722,80.2592926025,24850,24860,10
13.007229805,80.2587203979,24860,24870,10
13.0071802139,80.2585525513,24870,24880,10
13.0069303513,80.2581481934,24880,24890,10
13.0068502426,80.2579193115,24890,24900,10
13.006480217,80.2575683594,24900,24910,10
13.0057401657,80.2573318481,24910,24920,10
13.0048799515,80.2571792603,24920,24931,11
13.0040102005,80.257019043,24931,24941,10
13.0032396317,80.2568511963,24941,24951,10
13.0024204254,80.2566986084,24951,24961,10
13.0013799667,80.2565536499,24961,24981,20
13.0013799667,80.2565536499,24981,24991,10
13.0011196136,80.2565078735,24991,25001,10
13.0004997253,80.2564086914,25001,25011,10
12.9996099472,80.2562637329,25011,25021,10
12.9987001419,80.256072998,25021,25042,21
12.9987001419,80.256072998,25042,25052,10
12.9986000061,80.2560577393,25052,25062,10
12.9984302521,80.2560424805,25062,25072,10
12.9980897903,80.2559890747,25072,25082,10
12.9976902008,80.2559509277,25082,25092,10
12.9972896576,80.2559280396,25092,25102,10
12.9967803955,80.2559127808,25102,25112,10
12.9961099625,80.255859375,25112,25122,10
12.9953403473,80.2558670044,25122,25132,10
12.9945497513,80.2559127808,25132,25143,11
12.9937000275,80.2559967041,25143,25153,10
12.9927301407,80.2560424805,25153,25163,10
12.9917001724,80.2560424805,25163,25173,10
12.9907903671,80.2560195923,25173,25183,10
12.9898700714,80.2559967041,25183,25193,10
12.9888801575,80.2559127808,25193,25203,10
12.9877700806,80.2557830811,25203,25282,79
12.9877700806,80.2557830811,25282,25292,10
12.9875497818,80.2557525635,25292,25301,9
12.9870901108,80.2556610107,25301,25312,11
12.9862604141,80.255531311,25312,25322,10
12.9861297607,80.2555084229,25322,25332,10
12.9858398438,80.2554321289,25332,25342,10
12.9851903915,80.2552566528,25342,25352,10
12.9844703674,80.2550888062,25352,25363,11
12.9833898544,80.2548217773,25363,25373,10
12.9825401306,80.2546005249,25373,25383,10
12.9820299149,80.2540893555,25383,25393,10
12.9818201065,80.2533035278,25393,25403,10
12.9813404083,80.2527770996,25403,25413,10
12.9806804657,80.2527770996,25413,25423,10
12.9799203873,80.2527389526,25423,25433,10
12.9790897369,80.2526626587,25433,25443,10
12.9786996841,80.2526016235,25443,25453,10
12.9785900116,80.2525634766,25453,25464,11
12.9780702591,80.252166748,25464,25474,10
12.9773302078,80.2515487671,25474,25484,10
12.9762601852,80.2511825562,25484,25494,10
12.9750995636,80.2508392334,25494,25504,10
12.9739303589,80.2505187988,25504,25514,10
12.9727401733,80.250213623,25514,25524,10
12.9715299606,80.2498474121,25524,25534,10
12.9703598022,80.2495193481,25534,25544,10
12.9693002701,80.249130249,25544,25554,10
12.9682502747,80.2486801147,25554,25571,17
12.9665403366,80.2479400635,25571,25583,12
12.9654502869,80.2475204468,25583,25593,10
12.965089798,80.2473983765,25593,25602,9
12.9649801254,80.2473297119,25602,25613,11
12.9644699097,80.2471389771,25613,25624,11
12.9634895325,80.2467422485,25624,25634,10
12.9626197815,80.2463226318,25634,25644,10
12.9614200592,80.2457580566,25644,25654,10
12.9603700638,80.2452697754,25654,25664,10
12.9595499039,80.2449264526,25664,25674,10
12.9593696594,80.2448577881,25674,25685,11
12.9589996338,80.2446212769,25685,25695,10
12.9582796097,80.2443237305,25695,25705,10
12.9575500488,80.2440414429,25705,25715,10
12.9567403793,80.2437362671,25715,25725,10
12.956319809,80.2435684204,25725,25735,10
12.955739975,80.2433013916,25735,25745,10
12.9551095963,80.2429962158,25745,25755,10
12.9539403915,80.2425384521,25755,25765,10
12.9529104233,80.2421112061,25765,25775,10
12.9520101547,80.2417984009,25775,25785,10
12.9517402649,80.2416992188,25785,25796,11
12.951379776,80.2415466309,25796,25806,10
12.9506397247,80.2413101196,25806,25816,10
12.949669838,80.2410430908,25816,25826,10
12.948800087,80.2407226563,25826,25836,10
12.9478597641,80.2403182983,25836,25846,10
12.9471998215,80.2400817871,25846,25856,10
12.9470796585,80.240020752,25856,25866,10
12.9465999603,80.2398071289,25866,25876,10
12.9458398819,80.2394790649,25876,25887,11
12.944899559,80.2387771606,25887,25897,10
12.9440402985,80.2379074097,25897,25907,10
12.9432096481,80.2370300293,25907,25917,10
12.9421195984,80.2364501953,25917,25927,10
12.9409704208,80.2361602783,25927,25937,10
12.9401302338,80.2359237671,25937,25947,10
12.939740181,80.2357635498,25947,25957,10
12.9396495819,80.235710144,25957,25967,10
12.9391403198,80.2354812622,25967,25977,10
12.9383602142,80.2350997925,25977,25987,10
12.9373397827,80.2346191406,25987,25998,11
12.9362201691,80.2340698242,25998,26008,10
12.935210228,80.2336120605,26008,26018,10
12.9342699051,80.2332000732,26018,26028,10
12.9339599609,80.2330474854,26028,26038,10
12.9339504242,80.233001709,26038,26048,10
12.9334201813,80.2327728271,26048,26058,10
12.9325704575,80.2324371338,26058,26068,10
12.9314899445,80.2320785522,26068,26078,10
12.9303503036,80.2316970825,26078,26088,10
12.9292297363,80.2314376831,26088,26098,10
12.9280796051,80.2312393188,26098,26108,10
12.9270401001,80.2311096191,26108,26119,11
12.9259796143,80.2310028076,26119,26129,10
12.9249296188,80.2308731079,26129,26139,10
12.9238004684,80.2307434082,26139,26148,9
12.9226903915,80.2305908203,26148,26159,11
12.9213695526,80.2303771973,26159,26169,10
12.9201898575,80.2302322388,26169,26179,10
12.9190597534,80.2300796509,26179,26189,10
12.9179296494,80.2298965454,26189,26199,10
12.9167499542,80.2297363281,26199,26210,11
12.9153604507,80.2295532227,26210,26220,10
12.9141998291,80.2294006348,26220,26230,10
12.9134302139,80.2293395996,26230,26240,10
12.913359642,80.2293167114,26240,26250,10
12.9132795334,80.2292861938,26250,26260,10
12.9128198624,80.2291793823,26260,26270,10
12.9120101929,80.2290878296,26270,26280,10
12.9109601974,80.2289505005,26280,26290,10
12.9097900391,80.2287597656,26290,26300,10
12.9086303711,80.2285766602,26300,26310,10
12.9076099396,80.2284164429,26310,26320,10
12.9066801071,80.2283172607,26320,26331,11
12.9057598114,80.2282409668,26331,26341,10
12.9044399261,80.2281570435,26341,26351,10
12.9033498764,80.2281265259,26351,26361,10
12.9023799896,80.2280883789,26361,26371,10
12.9016199112,80.2280273438,26371,26381,10
12.9011497498,80.2279968262,26381,26391,10
12.9007501602,80.2279586792,26391,26401,10
12.9001398087,80.2279205322,26401,26411,10
12.8993501663,80.2278823853,26411,26421,10
12.8987998962,80.227897644,26421,26431,10
12.8986597061,80.227897644,26431,26448,17
12.8975400925,80.2278137207,26448,26460,12
12.8962802887,80.2277603149,26460,26470,10
12.895190239,80.227722168,26470,26480,10
12.894200325,80.2276611328,26480,26490,10
12.8931798935,80.2275619507,26490,26500,10
12.8923902512,80.2274627686,26500,26510,10
12.8913402557,80.2274093628,26510,26520,10
12.8901395798,80.2274017334,26520,26530,10
12.8889198303,80.2274017334,26530,26541,11
12.8876600266,80.2273330688,26541,26551,10
12.8866796494,80.2271575928,26551,26561,10
12.8855800629,80.2268829346,26561,26571,10
12.8847198486,80.2267303467,26571,26581,10
12.8836097717,80.2267303467,26581,26591,10
12.882349968,80.2267608643,26591,26601,10
12.8810396194,80.2267608643,26601,26611,10
12.879650116,80.2267913818,26611,26621,10
12.8783597946,80.2268371582,26621,26631,10
12.8772697449,80.2269363403,26631,26641,10
12.8764200211,80.2270278931,26641,26652,11
12.8762798309,80.2270278931,26652,26662,10
12.8758602142,80.2270278931,26662,26672,10
12.8750495911,80.2269668579,26672,26682,10
12.8740196228,80.2268295288,26682,26692,10
12.8730401993,80.2267837524,26692,26702,10
12.8726301193,80.2267913818,26702,26712,10
12.8723402023,80.2267684937,26712,26722,10
12.871629715,80.2267532349,26722,26732,10
12.8706302643,80.2266998291,26732,26742,10
12.8694000244,80.2265625,26742,26752,10
12.8681097031,80.2264404297,26752,26763,11
12.8667097092,80.2265777588,26763,26773,10
12.8654403687,80.2266693115,26773,26783,10
12.8641395569,80.2266235352,26783,26793,10
12.8628396988,80.2265777588,26793,26803,10
12.8617401123,80.2266311646,26803,26813,10
12.8610496521,80.2266387939,26813,26823,10
12.8602104187,80.2265319824,26823,26833,10
12.8592796326,80.2264175415,26833,26843,10
12.8583297729,80.2263336182,26843,26854,11
12.8569803238,80.2263870239,26854,26864,10
12.8556499481,80.2265319824,26864,26874,10
12.8542900085,80.2266693115,26874,26884,10
12.8528900146,80.2267684937,26884,26894,10
12.851559639,80.2267303467,26894,26904,10
12.8502597809,80.2266693115,26904,26914,10
12.8490695953,80.2266464233,26914,26924,10
12.8484601974,80.2266693115,26924,26934,10
12.8480997086,80.2266616821,26934,26950,16
12.846830368,80.2266616821,26950,26963,13
12.8456401825,80.2266616821,26963,26972,9
12.8453598022,80.2266616821,26972,26983,11
12.8452796936,80.2266616821,26983,26993,10
12.8448495865,80.2266998291,26993,27003,10
12.844209671,80.2267532349,27003,27013,10
12.8429803848,80.2269210815,27013,27023,10
12.8417797089,80.2271270752,27023,27033,10
12.8407697678,80.2274093628,27033,27043,10
12.8399801254,80.2276229858,27043,27053,10
12.8395395279,80.2276916504,27053,27063,10
12.8388395309,80.2279129028,27063,27074,11
12.8377399445,80.2282028198,27074,27084,10
12.8364896774,80.2284164429,27084,27094,10
12.8352203369,80.2286224365,27094,27104,10
12.8339099884,80.228843689,27104,27114,10
12.8328199387,80.2290420532,27114,27124,10
12.8320398331,80.2291870117,27124,27134,10
12.8318395615,80.2292480469,27134,27144,10
12.8316698074,80.2293014526,27144,27154,10
12.8310604095,80.2294692993,27154,27164,10
12.830280304,80.2297515869,27164,27174,10
12.8296604156,80.2299575806,27174,27185,11
12.8287296295,80.2303771973,27185,27195,10
12.8276700974,80.23097229,27195,27205,10
12.8264703751,80.2313613892,27205,27215,10
12.8252096176,80.2314376831,27215,27225,10
12.8240003586,80.2312393188,27225,27241,16
12.8223600388,80.23072052,27241,27253,12
12.8209199905,80.2304763794,27253,27263,10
12.8197097778,80.2305297852,27263,27273,10
12.818810463,80.2305221558,27273,27283,10
12.8187303543,80.2304916382,27283,27294,11
12.8183403015,80.2302932739,27294,27304,10
12.8175697327,80.229927063,27304,27314,10
12.8164701462,80.2295684814,27314,27324,10
12.815199852,80.2293777466,27324,27334,10
12.8139696121,80.2291412354,27334,27343,9
12.8128995895,80.2287979126,27343,27354,11
12.8116598129,80.2283782959,27354,27364,10
12.8103103638,80.2278213501,27364,27374,10
12.8091697693,80.2272720337,27374,27383,9
12.8082704544,80.2265625,27383,27395,12
12.8071603775,80.2256164551,27395,27405,10
12.806429863,80.2249679565,27405,27415,10
12.8057603836,80.2243728638,27415,27425,10
12.8051300049,80.2240829468,27425,27435,10
12.804980278,80.2240371704,27435,27445,10
12.8045597076,80.2239608765,27445,27455,10
12.8038902283,80.2238998413,27455,27465,10
12.8029899597,80.2238311768,27465,27475,10
12.8019199371,80.2237167358,27475,27485,10
12.8010902405,80.2236480713,27485,27495,10
12.8009195328,80.2236404419,27495,27505,10
12.8003902435,80.2235870361,27505,27516,11
12.7994003296,80.2235336304,27516,27526,10
12.7982301712,80.2233963013,27526,27536,10
12.7969903946,80.2232131958,27536,27546,10
12.795999527,80.2230300903,27546,27556,10
12.795800209,80.2229919434,27556,27566,10
12.7954702377,80.2229232788,27566,27576,10
12.7947101593,80.2227783203,27576,27586,10
12.7936601639,80.2226104736,27586,27596,10
12.7924404144,80.2223968506,27596,27606,10
12.7911701202,80.2220993042,27606,27617,11
12.7899103165,80.2217712402,27617,27627,10
12.7890701294,80.2214736938,27627,27637,10
12.7883901596,80.221206665,27637,27647,10
12.7878398895,80.2210006714,27647,27657,10
12.7874803543,80.2208709717,27657,27667,10
12.787320137,80.2208099365,27667,27677,10
12.7870702744,80.2207183838,27677,27687,10
12.786740303,80.2205963135,27687,27697,10
12.7866802216,80.2205810547,27697,27707,10
12.7863998413,80.2204437256,27707,27718,11
12.7861795425,80.2206573486,27718,27748,30
12.7861795425,80.2206573486,27748,27758,10
12.7861995697,80.2210083008,27758,27768,10
12.7862300873,80.2213973999,27768,27778,10
12.7862901688,80.2220993042,27778,29212,1434
12.7863397598,80.2217483521,29212,29252,40
12.7863397598,80.2217483521,29252,29262,10
12.7862701416,80.2213363647,29262,29272,10
12.7862596512,80.221031189,29272,29282,10
12.786239624,80.220703125,29282,29292,10
12.786239624,80.220451355,29292,29302,10
12.7863702774,80.2203598022,29302,29323,21
12.7863702774,80.2203598022,29323,29333,10
12.7864599228,80.2204208374,29333,29343,10
12.7866096497,80.2204818726,29343,29353,10
12.7867698669,80.2205200195,29353,29363,10
12.7870597839,80.2206420898,29363,29373,10
12.7873601913,80.2207565308,29373,29383,10
12.7877902985,80.220916748,29383,29393,10
12.788359642,80.2211380005,29393,29403,10
12.7889604568,80.2213516235,29403,29413,10
12.7895898819,80.2215805054,29413,29423,10
12.7898797989,80.2216796875,29423,29434,11
12.7903404236,80.2218017578,29434,29444,10
12.7910699844,80.2219619751,29444,29454,10
12.7918996811,80.2221603394,29454,29464,10
12.7927999496,80.222366333,29464,29474,10
12.7937402725,80.2225112915,29474,29484,10
12.7946796417,80.22265625,29484,29494,10
12.7955598831,80.2228012085,29494,29504,10
12.7962598801,80.2229232788,29504,29514,10
12.7964801788,80.2229690552,29514,29524,10
12.7966995239,80.2230224609,29524,29534,10
12.7972803116,80.2231216431,29534,29545,11
12.798119545,80.2232437134,29545,29555,10
12.7990198135,80.2233276367,29555,29565,10
12.8000297546,80.2234191895,29565,29575,10
12.8008804321,80.2235031128,29575,29585,10
12.8013896942,80.2235412598,29585,29595,10
12.8014497757,80.2235717773,29595,29605,10
12.8018598557,80.2236328125,29605,29615,10
12.8025598526,80.2237167358,29615,29625,10
12.803319931,80.2238082886,29625,29635,10
12.8040399551,80.2238616943,29635,29645,10
12.8047704697,80.2239303589,29645,29656,11
12.8056297302,80.2241287231,29656,29684,28
12.8056297302,80.2241287231,29684,29694,10
12.8059797287,80.2244110107,29694,29704,10
12.8065395355,80.224899292,29704,29715,11
12.8073396683,80.2255935669,29715,29724,9
12.8079795837,80.2261199951,29724,29735,11
12.8089504242,80.2269363403,29735,29745,10
12.8099002838,80.2275238037,29745,29755,10
12.8109397888,80.2279891968,29755,29766,11
12.811249733,80.2281112671,29766,29776,10
12.8115701675,80.2282485962,29776,29786,10
12.8122501373,80.228477478,29786,29796,10
12.8131198883,80.2287902832,29796,29806,10
12.814160347,80.2291183472,29806,29816,10
12.8153600693,80.2293014526,29816,29826,10
12.8165197372,80.2294616699,29826,29836,10
12.8175802231,80.2297668457,29836,29846,10
12.8184995651,80.23021698,29846,29856,10
12.8193101883,80.23046875,29856,29867,11
12.8197002411,80.2304382324,29867,29877,10
12.8199100494,80.230430603,29877,29887,10
12.8201704025,80.2304229736,29887,29897,10
12.8207101822,80.2304077148,29897,29907,10
12.8215799332,80.2304534912,29907,29917,10
12.8225603104,80.2306594849,29917,29927,10
12.8234796524,80.2309494019,29927,29937,10
12.8245201111,80.2312088013,29937,29947,10
12.8255596161,80.231338501,29947,29957,10
12.8264198303,80.231300354,29957,29967,10
12.8273801804,80.231086731,29967,29978,11
12.828499794,80.23046875,29978,29988,10
12.8295001984,80.2299804688,29988,29998,10
12.8304195404,80.229598999,29998,30008,10
12.831029892,80.2293701172,30008,30018,10
12.8310499191,80.2293624878,30018,30028,10
12.8313798904,80.2292633057,30028,30038,10
12.8319797516,80.2290802002,30038,30048,10
12.8327999115,80.2289199829,30048,30058,10
12.833820343,80.2287368774,30058,30074,16
12.835729599,80.2284393311,30074,30087,13
12.8373203278,80.2282028198,30087,30098,11
12.83852005,80.2279510498,30098,30107,9
12.8391399384,80.2277832031,30107,30118,11
12.8392400742,80.2277374268,30118,30128,10
12.8395004272,80.2276687622,30128,30138,10
12.8396100998,80.2276229858,30138,30148,10
12.8401699066,80.2274780273,30148,30158,10
12.8409996033,80.2272796631,30158,30168,10
12.8420000076,80.2270278931,30168,30178,10
12.8431396484,80.2267913818,30178,30188,10
12.8441295624,80.2266387939,30188,30199,11
12.8453998566,80.2265090942,30199,30219,20
12.8456401825,80.2265014648,30219,30239,20
12.8456401825,80.2265014648,30239,30249,10
12.8457403183,80.2265014648,30249,30259,10
12.8460998535,80.2265014648,30259,30269,10
12.8467903137,80.2264862061,30269,30279,10
12.8476600647,80.2265014648,30279,30289,10
12.8486700058,80.2264862061,30289,30299,10
12.8496799469,80.2264785767,30299,30310,11
12.8507299423,80.2265014648,30310,30320,10
12.8518199921,80.2265625,30320,30330,10
12.8529195786,80.2266235352,30330,30340,10
12.8540697098,80.2265396118,30340,30350,10
12.8552303314,80.2264175415,30350,30360,10
12.8563899994,80.2263031006,30360,30370,10
12.8575201035,80.2261810303,30370,30380,10
12.8585395813,80.2261810303,30380,30390,10
12.8595695496,80.2262878418,30390,30400,10
12.8608503342,80.2264709473,30400,30421,21
12.8608503342,80.2264709473,30421,30431,10
12.8614196777,80.2265014648,30431,30441,10
12.8623104095,80.2264709473,30441,30451,10
12.8633203506,80.2264328003,30451,30461,10
12.8644800186,80.2264709473,30461,30471,10
12.8657302856,80.2264862061,30471,30481,10
12.8669099808,80.2264175415,30481,30491,10
12.8680496216,80.22631073,30491,30501,10
12.8691997528,80.226348877,30501,30511,10
12.8703298569,80.2264709473,30511,30522,11
12.8714799881,80.2265472412,30522,30532,10
12.8728199005,80.2265625,30532,30552,20
12.8728199005,80.2265625,30552,30562,10
12.8732004166,80.2265777588,30562,30572,10
12.8739204407,80.2266235352,30572,30588,16
12.875459671,80.2268066406,30588,30600,12
12.8764801025,80.2268218994,30600,30610,10
12.8767595291,80.2268218994,30610,30620,10
12.8768396378,80.2268295288,30620,30631,11
12.8773298264,80.2267990112,30631,30641,10
12.8781003952,80.2267379761,30641,30651,10
12.8790397644,80.2266769409,30651,30661,10
12.8801202774,80.2266616821,30661,30671,10
12.8811798096,80.2266464233,30671,30681,10
12.882229805,80.2266387939,30681,30691,10
12.8832798004,80.2266235352,30691,30701,10
12.8842401505,80.2266082764,30701,30711,10
12.885020256,80.226600647,30711,30721,10
12.8852396011,80.2266235352,30721,30731,10
12.8852596283,80.2266235352,30731,30742,11
12.8856601715,80.2266998291,30742,30752,10
12.8863201141,80.2268829346,30752,30762,10
12.8871803284,80.2270889282,30762,30772,10
12.8881597519,80.2272262573,30772,30782,10
12.8892002106,80.2272567749,30782,30792,10
12.8902902603,80.2272720337,30792,30802,10
12.8913402557,80.2272720337,30802,30812,10
12.8922901154,80.2272796631,30812,30822,10
12.8932199478,80.2273712158,30822,30832,10
12.8941497803,80.2274780273,30832,30843,11
12.89523983,80.2275390625,30843,30853,10
12.8963403702,80.2275772095,30853,30863,10
12.8974199295,80.2276306152,30863,30873,10
12.8983297348,80.2276763916,30873,30883,10
12.8991003036,80.2277374268,30883,30893,10
12.8997602463,80.2277679443,30893,30903,10
12.9003601074,80.2277679443,30903,30913,10
12.9005899429,80.2277832031,30913,30923,10
12.9007701874,80.2278137207,30923,30933,10
12.901260376,80.2278900146,30933,30943,10
12.9019298553,80.2279129028,30943,30954,11
12.9030103683,80.2279510498,30954,30984,30
12.9030103683,80.2279510498,30984,30994,10
12.9033203125,80.2279815674,30994,31004,10
12.9038000107,80.2280426025,31004,31020,16
12.90487957,80.2281112671,31020,31032,12
12.9057798386,80.2281112671,31032,31040,8
12.9062004089,80.2281265259,31040,31052,12
12.9068603516,80.228187561,31052,31063,11
12.90721035,80.2282104492,31063,31073,10
12.9076795578,80.2282791138,31073,31083,10
12.9084796906,80.2284164429,31083,31092,9
12.9093599319,80.2285614014,31092,31103,11
12.9105796814,80.2287597656,31103,31113,10
12.9116802216,80.2289428711,31113,31123,10
12.9127101898,80.2290420532,31123,31133,10
12.9134902954,80.2291564941,31133,31143,10
12.9139099121,80.2292404175,31143,31164,21
12.9139099121,80.2292404175,31164,31174,10
12.9141197205,80.229309082,31174,31184,10
12.9146299362,80.2293624878,31184,31194,10
12.9153900146,80.2294769287,31194,31204,10
12.9163103104,80.2296066284,31204,31214,10
12.917309761,80.2297286987,31214,31224,10
12.9182500839,80.2298736572,31224,31234,10
12.9191904068,80.2299804688,31234,31244,10
12.9201698303,80.2301177979,31244,31254,10
12.9212398529,80.2302627563,31254,31264,10
12.9223499298,80.230430603,31264,31275,11
12.9235601425,80.2306137085,31275,31285,10
12.9246397018,80.2307434082,31285,31295,10
12.9255800247,80.2308502197,31295,31305,10
12.9262399673,80.2309112549,31305,31315,10
12.9263696671,80.2309188843,31315,31325,10
12.9264001846,80.2309188843,31325,31335,10
12.9267997742,80.23097229,31335,31345,10
12.9274597168,80.231048584,31345,31355,10
12.9282903671,80.2311630249,31355,31365,10
12.9289703369,80.2312774658,31365,31375,10
12.9297199249,80.2314300537,31375,31386,11
12.9307098389,80.2316970825,31386,31396,10
12.9316196442,80.2319869995,31396,31406,10
12.9324398041,80.2322387695,31406,31416,10
12.9331903458,80.2324981689,31416,31426,10
12.9335803986,80.2326507568,31426,31436,10
12.9335899353,80.2326507568,31436,31446,10
12.933719635,80.2326889038,31446,31456,10
12.9338998795,80.2327804565,31456,31466,10
12.9343795776,80.2330169678,31466,31476,10
12.9351501465,80.2333374023,31476,31485,9
12.9357099533,80.2336196899,31485,31497,12
12.936340332,80.2339401245,31497,31507,10
12.9371099472,80.2342987061,31507,31517,10
12.9379796982,80.2347183228,31517,31527,10
12.9388303757,80.2351379395,31527,31537,10
12.9396896362,80.2355728149,31537,31577,40
12.9396896362,80.2355728149,31577,31587,10
12.9398002625,80.2356491089,31587,31598,11
12.9401597977,80.2357711792,31598,31608,10
12.9408397675,80.2359695435,31608,31618,10
12.9417104721,80.2361831665,31618,31628,10
12.9426803589,80.2364883423,31628,31638,10
12.943570137,80.237159729,31638,31648,10
12.9443597794,80.2380371094,31648,31658,10
12.9449596405,80.2387084961,31658,31668,10
12.9459695816,80.2394104004,31668,31678,10
12.9468202591,80.2397384644,31678,31688,10
12.9473104477,80.2399368286,31688,31698,10
12.9473495483,80.2399520874,31698,31709,11
12.9475803375,80.2400283813,31709,31719,10
12.9480104446,80.2402114868,31719,31729,10
12.9485397339,80.2404403687,31729,31739,10
12.9488296509,80.2405319214,31739,31759,20
12.9488296509,80.2405319214,31759,31769,10
12.9490499496,80.2406616211,31769,31779,10
12.9495000839,80.2408065796,31779,31789,10
12.9502296448,80.241027832,31789,31799,10
12.9509601593,80.2412414551,31799,31810,11
12.9510803223,80.2412872314,31810,31820,10
12.9511203766,80.2413024902,31820,31830,10
12.9514198303,80.2414169312,31830,31840,10
12.9519996643,80.2416305542,31840,31850,10
12.9527301788,80.2418899536,31850,31860,10
12.9535903931,80.2422409058,31860,31870,10
12.9544696808,80.2425918579,31870,31880,10
12.9551200867,80.2428588867,31880,31890,10
12.955789566,80.2431335449,31890,31900,10
12.9563999176,80.2433700562,31900,31910,10
12.9568595886,80.2435836792,31910,31921,11
12.9576997757,80.2439193726,31921,31931,10
12.9587898254,80.2443618774,31931,31951,20
12.9587898254,80.2443618774,31951,31961,10
12.9590997696,80.2444763184,31961,31971,10
12.9597101212,80.2447814941,31971,31981,10
12.9605102539,80.2451477051,31981,31991,10
12.9614496231,80.2455978394,31991,32001,10
12.9624004364,80.2460784912,32001,32011,10
12.9632501602,80.2465209961,32011,32021,10
12.9639396667,80.2468414307,32021,32032,11
12.9647703171,80.2471237183,32032,32042,10
12.9655799866,80.2473526001,32042,32052,10
12.9662704468,80.2476196289,32052,32062,10
12.9664697647,80.2477111816,32062,32072,10
12.9665803909,80.2477798462,32072,32082,10
12.9669103622,80.2479629517,32082,32092,10
12.9674396515,80.2482223511,32092,32102,10
12.9682703018,80.248588562,32102,32112,10
12.9692497253,80.2489700317,32112,32122,10
12.9703197479,80.249382019,32122,32132,10
12.9714097977,80.2496795654,32132,32143,11
12.9726295471,80.2500228882,32143,32153,10
12.9736700058,80.2502975464,32153,32163,10
12.9747200012,80.250579834,32163,32173,10
12.9757604599,80.2509002686,32173,32183,10
12.9767799377,80.2511901855,32183,32193,10
12.9776096344,80.2515563965,32193,32203,10
12.978219986,80.2520904541,32203,32213,10
12.9784803391,80.2522583008,32213,32223,10
12.9785404205,80.2522888184,32223,32233,10
12.9789600372,80.2524795532,32233,32244,11
12.9796600342,80.2525787354,32244,32284,40
12.9796600342,80.2525787354,32284,32294,10
12.9797401428,80.2526397705,32294,32304,10
12.9801397324,80.2526626587,32304,32314,10
12.980799675,80.2526626587,32314,32324,10
12.9816198349,80.2526397705,32324,32334,10
12.9825401306,80.2526016235,32334,32344,10
12.9835195541,80.2524871826,32344,32355,11
12.9845600128,80.2522201538,32355,32365,10
12.9854602814,80.251953125,32365,32375,10
12.9862203598,80.2517318726,32375,32385,10
12.9870004654,80.2515411377,32385,32395,10
12.9877595901,80.251373291,32395,32405,10
12.9880304337,80.2517623901,32405,32415,10
12.9880895615,80.2520904541,32415,32425,10
12.9880800247,80.2521362305,32425,32435,10
12.9880399704,80.2526092529,32435,32445,10
12.987950325,80.2535018921,32445,32455,10
12.9878702164,80.2544784546,32455,32466,11
12.9877996445,80.2554397583,32466,32526,60
12.9877996445,80.2554397583,32526,32536,10
12.9877195358,80.2558670044,32536,32546,10
12.9879703522,80.255859375,32546,32556,10
12.9884796143,80.2558898926,32556,32566,10
12.9888696671,80.2559127808,32566,32577,11
12.9891004562,80.2559509277,32577,32587,10
12.9896602631,80.2559967041,32587,32597,10
12.9903697968,80.2559967041,32597,32607,10
12.9911403656,80.2560424805,32607,32617,10
12.9919900894,80.2560806274,32617,32627,10
12.992890358,80.2560501099,32627,32637,10
12.9938097,80.2559890747,32637,32647,10
12.994600296,80.2559432983,32647,32657,10
12.995349884,80.2558898926,32657,32667,10
12.9959201813,80.2558898926,32667,32677,10
12.9964103699,80.255897522,32677,32688,11
12.9968900681,80.2558822632,32688,32704,16
12.997710228,80.2559204102,32704,32716,12
12.9984197617,80.2559967041,32716,32726,10
12.9992198944,80.2560806274,32726,32746,20
12.9992198944,80.2560806274,32746,32756,10
12.9994096756,80.2561187744,32756,32766,10
12.9999599457,80.2562484741,32766,32776,10
13.0006999969,80.2563705444,32776,32787,11
13.0016298294,80.2565231323,32787,32797,10
13.0025196075,80.2566375732,32797,32807,10
13.0033502579,80.2568283081,32807,32817,10
13.0041999817,80.2570114136,32817,32827,10
13.0051403046,80.2571716309,32827,32837,10
13.0060596466,80.2573471069,32837,32847,10
13.0068502426,80.2576217651,32847,32857,10
13.0072898865,80.2583770752,32857,32867,10
13.0078296661,80.2586975098,32867,32877,10
13.0082597733,80.2588806152,32877,32887,10
13.0085000992,80.2589492798,32887,32898,11
13.0085000992,80.2589569092,32898,32908,10
13.0087795258,80.2590637207,32908,32918,10
13.0095701218,80.2590789795,32918,32928,10
13.0106201172,80.2591094971,32928,32938,10
13.0115699768,80.2590866089,32938,32948,10
13.0130596161,80.259147644,32948,32958,10
13.0142402649,80.2591934204,32958,32968,10
13.0152997971,80.2592391968,32968,32978,10
13.0160198212,80.2594299316,32978,32988,10
13.0163097382,80.2595825195,32988,32998,10
13.0163402557,80.2595977783,32998,33009,11
13.0165700912,80.2598190308,33009,33019,10
13.0171403885,80.2602005005,33019,33029,10
13.0179004669,80.2607269287,33029,33039,10
13.0186595917,80.2612991333,33039,33049,10
13.0193099976,80.2618026733,33049,33059,10
13.0198698044,80.262336731,33059,33069,10
13.0203399658,80.262840271,33069,33078,9
13.0201101303,80.2629928589,33078,33088,10
13.0195598602,80.2629699707,33088,33099,11
13.0190696716,80.2631072998,33099,33109,10
13.0191402435,80.2638473511,33109,33120,11
13.0190296173,80.2647705078,33120,33130,10
13.0188999176,80.2653121948,33130,33140,10
13.0187797546,80.2658004761,33140,33150,10
13.0187702179,80.2666320801,33150,33160,10
13.0190296173,80.2674179077,33160,33170,10
13.0195198059,80.268119812,33170,33180,10
13.0200500488,80.2687988281,33180,33190,10
13.0206003189,80.2694091797,33190,33200,10
13.0209999084,80.2699279785,33200,33210,10
13.0214500427,80.2704315186,33210,33221,11
13.021900177,80.2710189819,33221,33231,10
13.022480011,80.2717437744,33231,33242,11
13.023059845,80.2725219727,33242,33252,10
13.0235595703,80.2731933594,33252,33262,10
13.0237703323,80.2734985352,33262,33272,10
13.0238800049,80.2736434937,33272,33282,10
13.0243396759,80.274269104,33282,33292,10
13.0249795914,80.2747268677,33292,33302,10
13.0254201889,80.2749328613,33302,33312,10
13.0254297256,80.2749404907,33312,33322,10
13.0257797241,80.2751235962,33322,33333,11
13.0264196396,80.2754211426,33333,33343,10
13.0270700455,80.2757110596,33343,33353,10
13.0277500153,80.2760620117,33353,33363,10
13.0284404755,80.2763214111,33363,33373,10
13.0290203094,80.2765197754,33373,33383,10
13.0297002792,80.2767105103,33383,33393,10
13.030380249,80.2769393921,33393,33403,10
13.0308704376,80.2772216797,33403,33413,10
13.0316801071,80.277557373,33413,33423,10
13.0323600769,80.2775421143,33423,33434,11
13.0327196121,80.2775268555,33434,33444,10
13.0333299637,80.2773971558,33444,33464,20
13.0333299637,80.2773971558,33464,33474,10
13.0336198807,80.2773666382,33474,33484,10
13.0341796875,80.2774810791,33484,33494,10
13.0350198746,80.2776565552,33494,33504,10
13.0358495712,80.2778015137,33504,33514,10
13.0367002487,80.2780380249,33514,33524,10
13.0375099182,80.2783203125,33524,33534,10
13.038359642,80.2785415649,33534,33544,10
13.0389299393,80.2787094116,33544,33555,11
13.0389795303,80.278717041,33555,33565,10
13.0393199921,80.2788162231,33565,33575,10
13.0400295258,80.2790298462,33575,33585,10
13.0409803391,80.2792816162,33585,33595,10
13.0419902802,80.2794418335,33595,33605,10
13.0427598953,80.279510498,33605,33615,10
13.0431404114,80.2795333862,33615,33625,10
13.0432500839,80.279548645,33625,33635,10
13.0436897278,80.2797317505,33635,33645,10
13.0445604324,80.2799224854,33645,33656,11
13.045630455,80.2800827026,33656,33666,10
13.0466995239,80.2802505493,33666,33676,10
13.0478096008,80.2804107666,33676,33686,10
13.0488595963,80.2805709839,33686,33696,10
13.0497903824,80.2807006836,33696,33706,10
13.0508203506,80.2808609009,33706,33716,10
13.0519304276,80.2810211182,33716,33726,10
13.053030014,80.281211853,33726,33736,10
13.0542001724,80.2813873291,33736,33746,10
13.0552597046,80.2815933228,33746,33756,10
13.056139946,80.28175354,33756,33767,11
13.0564603806,80.2818069458,33767,33777,10
13.0566196442,80.2818374634,33777,33787,10
13.0571298599,80.2819595337,33787,33797,10
13.057299614,80.2819900513,33797,33807,10
13.05768013,80.2820587158,33807,33817,10
13.058429718,80.2822189331,33817,33827,10
13.0593996048,80.2824325562,33827,33837,10
13.060500145,80.2826538086,33837,33847,10
13.0615501404,80.2828598022,33847,33857,10
13.0624799728,80.2830810547,33857,33867,10
13.0630598068,80.2831802368,33867,33878,11
13.0631799698,80.2832183838,33878,33888,10
13.0636301041,80.2833404541,33888,33898,10
13.0641698837,80.2834625244,33898,33908,10
13.0649995804,80.2836380005,33908,33918,10
13.0660400391,80.2838668823,33918,33928,10
13.067150116,80.2840881348,33928,33938,10
13.0679798126,80.2842330933,33938,33948,10
13.0692796707,80.284538269,33948,33958,10
13.0701799393,80.2847671509,33958,33968,10
13.0706996918,80.2848815918,33968,33978,10
13.071269989,80.2850418091,33978,33989,11
13.0724897385,80.2853012085,33989,33999,10
13.073559761,80.2853622437,33999,34009,10
13.074090004,80.2858200073,34009,34019,10
13.0747499466,80.2863311768,34019,34029,10
13.0755300522,80.286781311,34029,34039,10
13.0765104294,80.287109375,34039,34049,10
13.0775098801,80.2873687744,34049,34059,10
13.0785598755,80.2876205444,34059,34069,10
13.0795297623,80.2880096436,34069,34079,10
13.080450058,80.2882232666,34079,34090,11
13.0813999176,80.2885131836,34090,34100,10
13.0823898315,80.2888793945,34100,34110,10
13.0833797455,80.2891921997,34110,34120,10
13.0842895508,80.2891464233,34120,34130,10
13.0853996277,80.2891693115,34130,34140,10
13.086640358,80.2894821167,34140,34150,10
13.0876598358,80.2898483276,34150,34161,11
13.0888395309,80.2902908325,34161,34202,41
13.0888395309,80.2902908325,34202,34212,10
13.0884504318,80.2903823853,34212,34222,10
13.0877399445,80.2900238037,34222,34232,10
13.0867996216,80.289680481,34232,34242,10
13.0858898163,80.2894592285,34242,34252,10
13.0853595734,80.2887802124,34252,34262,10
13.0850896835,80.2877426147,34262,34272,10
13.0851802826,80.2865600586,34272,34282,10
13.0853004456,80.285369873,34282,34292,10
13.0852804184,80.2843780518,34292,34302,10
13.0853700638,80.2838363647,34302,34313,11
13.0854196548,80.2837295532,34313,34323,10
13.0855503082,80.2835235596,34323,34333,10
13.0858097076,80.2835464478,34333,34343,10
13.0861101151,80.2835769653,34343,34353,10
13.086400032,80.2837295532,34353,34363,10
13.0867795944,80.2839431763,34363,34373,10
13.0872497559,80.2839813232,34373,34383,10
13.0876197815,80.283996582,34383,34393,10
13.0880002975,80.2839813232,34393,34444,51
13.0882797241,80.283782959,34444,35451,1007
13.0882797241,80.283782959,35451,35461,10
13.0881996155,80.2834472656,35461,35471,10
13.0882196426,80.2834396362,35471,35481,10
13.0883302689,80.2832336426,35481,35491,10
13.0883302689,80.282913208,35491,35502,11
13.0883398056,80.2824707031,35502,35511,9
13.0883197784,80.2820129395,35511,35522,11
13.0881299973,80.2815093994,35522,35532,10
13.088470459,80.2814788818,35532,35542,10
13.0885295868,80.2818069458,35542,35552,10
13.0884199142,80.2824020386,35552,35562,10
13.0883703232,80.2829208374,35562,35572,10
13.0883598328,80.2834091187,35572,35582,10
13.0883398056,80.2838973999,35582,35592,10
13.0884399414,80.2846832275,35592,35602,10
13.0885000229,80.2853012085,35602,35613,11
13.0885400772,80.2858734131,35613,35623,10
13.0885400772,80.2863464355,35623,35633,10
13.0885400772,80.2866821289,35633,35643,10
13.0886201859,80.2873077393,35643,35653,10
13.0886297226,80.2875595093,35653,35663,10
13.0886802673,80.2881011963,35663,35679,16
13.0886802673,80.28855896,35679,35691,12
13.0886802673,80.2891769409,35691,35699,8
13.088760376,80.2894287109,35699,35711,12
13.0887899399,80.2900009155,35711,35721,10
13.0886201859,80.2904205322,35721,35732,11
13.0880899429,80.2901077271,35732,35742,10
13.0873403549,80.2897720337,35742,35752,10
13.0865497589,80.2894973755,35752,35761,9
13.0856800079,80.2892913818,35761,35772,11
13.0848302841,80.2891387939,35772,35782,10
13.0839300156,80.2891921997,35782,35792,10
13.08314991,80.2891998291,35792,35802,10
13.0823402405,80.2888717651,35802,35812,10
13.0814695358,80.2885665894,35812,35822,10
13.0807104111,80.2883605957,35822,35833,11
13.0798597336,80.2881164551,35833,35843,10
13.0789299011,80.2878189087,35843,35853,10
13.0780096054,80.2875366211,35853,35863,10
13.0771398544,80.2873306274,35863,35873,10
13.0760402679,80.2870635986,35873,35883,10
13.0750799179,80.2866287231,35883,35893,10
13.0743303299,80.2861709595,35893,35903,10
13.0730400085,80.2857666016,35903,35913,10
13.0719995499,80.2853012085,35913,35923,10
13.0708398819,80.2850036621,35923,35934,11
13.0695400238,80.2846908569,35934,35944,10
13.0684404373,80.2844390869,35944,35954,10
13.0674104691,80.2842636108,35954,35964,10
13.0662403107,80.2839889526,35964,35974,10
13.0651397705,80.2837600708,35974,35984,10
13.0642595291,80.2835617065,35984,35994,10
13.0634899139,80.2833404541,35994,36004,10
13.0627698898,80.2831802368,36004,36014,10
13.0624904633,80.2831192017,36014,36024,10
13.0622997284,80.2830810547,36024,36034,10
13.061750412,80.282951355,36034,36045,11
13.0608301163,80.2827529907,36045,36055,10
13.0598602295,80.2825393677,36055,36065,10
13.0587902069,80.282333374,36065,36075,10
13.0579004288,80.2821502686,36075,36085,10
13.0572004318,80.2819976807,36085,36095,10
13.056810379,80.2819137573,36095,36105,10
13.0567398071,80.2818984985,36105,36115,10
13.0563201904,80.2818222046,36115,36125,10
13.055560112,80.2816619873,36125,36135,10
13.0546102524,80.2814712524,36135,36145,10
13.053609848,80.2812805176,36145,36156,11
13.0524902344,80.2811126709,36156,36166,10
13.0514602661,80.2809524536,36166,36176,10
13.0505304337,80.2807998657,36176,36186,10
13.0494699478,80.2806472778,36186,36196,10
13.04845047,80.2805023193,36196,36206,10
13.047419548,80.2803497314,36206,36216,10
13.0464401245,80.2802124023,36216,36226,10
13.0454797745,80.2801132202,36226,36236,10
13.0444097519,80.2799530029,36236,36246,10
13.0434703827,80.2798309326,36246,36256,10
13.0424699783,80.2796173096,36256,36267,11
13.0413599014,80.2794418335,36267,36277,10
13.0404596329,80.2792282104,36277,36287,10
13.0396404266,80.2790222168,36287,36297,10
13.0390996933,80.2788772583,36297,36307,10
13.0390701294,80.2788619995,36307,36317,10
13.0387802124,80.2787322998,36317,36327,10
13.0381603241,80.2785415649,36327,36337,10
13.0375699997,80.2783737183,36337,36347,10
13.0369701385,80.2781982422,36347,36357,10
13.0362796783,80.2779388428,36357,36367,10
13.0356502533,80.2778015137,36367,36378,11
13.0348501205,80.2776031494,36378,36388,10
13.0339097977,80.2773971558,36388,36408,20
13.0339097977,80.2773971558,36408,36418,10
13.0335798264,80.2773666382,36418,36428,10
13.0332899094,80.2774276733,36428,36438,10
13.0330200195,80.2774963379,36438,36448,10
13.0329999924,80.2774963379,36448,36458,10
13.0328903198,80.2775115967,36458,36468,10
13.032699585,80.2775192261,36468,36479,11
13.0322399139,80.2775421143,36479,36489,10
13.0317296982,80.2775802612,36489,36499,10
13.0312404633,80.2774734497,36499,36509,10
13.031080246,80.2773895264,36509,36519,10
13.0308303833,80.2772293091,36519,36529,10
13.0303001404,80.2769165039,36529,36539,10
13.0296401978,80.2767333984,36539,36549,10
13.0289497375,80.2765426636,36549,36559,10
13.0282897949,80.2762374878,36559,36569,10
13.027469635,80.2759017944,36569,36579,10
13.0266895294,80.2755279541,36579,36590,11
13.0260801315,80.2752609253,36590,36600,10
13.0260601044,80.2752380371,36600,36610,10
13.0258398056,80.2751235962,36610,36620,10
13.0256595612,80.2750473022,36620,36630,10
13.0251598358,80.2748413086,36630,36640,10
13.0244598389,80.2744827271,36640,36650,10
13.0242900848,80.2743377686,36650,36660,10
13.0242204666,80.2742614746,36660,36670,10
13.0239095688,80.2738494873,36670,36680,10
13.0234699249,80.2732162476,36680,36690,10
13.0229797363,80.2725296021,36690,36701,11
13.0223798752,80.2717285156,36701,36711,10
13.0218400955,80.2710418701,36711,36721,10
13.0213804245,80.2704467773,36721,36731,10
13.0209999084,80.2699966431,36731,36741,10
13.0209598541,80.2699508667,36741,36751,10
13.020819664,80.2698364258,36751,36761,10
13.0205001831,80.2694168091,36761,36771,10
13.0199699402,80.2687683105,36771,36781,10
13.0193395615,80.2680130005,36781,36791,10
13.0187997818,80.2672805786,36791,36801,10
13.0186004639,80.2663574219,36801,36812,11
13.0186300278,80.2657699585,36812,36822,10
13.018819809,80.2650909424,36822,36832,10
13.0190401077,80.264213562,36832,36842,10
13.018989563,80.2635116577,36842,36852,10
13.0188999176,80.2630691528,36852,36862,10
13.0188703537,80.262840271,36862,36872,10
13.0188598633,80.262588501,36872,36882,10
13.0187797546,80.26197052,36882,36892,10
13.0185403824,80.2612609863,36892,36902,10
13.0179195404,80.260848999,36902,36913,11
13.0171098709,80.2602767944,36913,36923,10
13.0164604187,80.2598800659,36923,36933,10
13.0162696838,80.2597808838,36933,36943,10
13.0160903931,80.2596893311,36943,36953,10
13.0155296326,80.2594680786,36953,36963,10
13.0146903992,80.2593078613,36963,36973,10
13.0137500763,80.2592773438,36973,36983,10
13.0126600266,80.2592468262,36983,36993,10
13.0116300583,80.2592163086,36993,37003,10
13.0106201172,80.2592391968,37003,37013,10
13.0096702576,80.2592163086,37013,37024,11
13.0088996887,80.2591934204,37024,37034,10
13.0086603165,80.2591781616,37034,37044,10
13.0081195831,80.259147644,37044,37054,10
13.0074996948,80.2592697144,37054,37064,10
13.0072202682,80.2587814331,37064,37080,16
13.0068902969,80.2580337524,37080,37092,12
13.0059299469,80.2574920654,37092,37100,8
13.0052404404,80.2573013306,37100,37112,12
13.0042104721,80.2570571899,37112,37122,10
13.003370285,80.2569122314,37122,37133,11
13.0026397705,80.256729126,37133,37143,10
13.0017404556,80.2565994263,37143,37153,10
13.0007896423,80.2564468384,37153,37162,9
13.0002403259,80.256401062,37162,37173,11
12.9997501373,80.2563171387,37173,37182,9
12.9991998672,80.2561569214,37182,37193,11
12.9989099503,80.2561035156,37193,37203,10
12.9984502792,80.2560272217,37203,37213,10
12.9982795715,80.2560119629,37213,37223,10
12.9981203079,80.2559890747,37223,37233,10
12.997209549,80.2559585571,37233,37264,31
12.997209549,80.2559585571,37264,37274,10
12.9969902039,80.2559509277,37274,37284,10
12.9967803955,80.2559280396,37284,37294,10
12.9965000153,80.2559127808,37294,37304,10
12.9958200455,80.2558822632,37304,37314,10
12.9950799942,80.2558670044,37314,37324,10
12.9942302704,80.2559432983,37324,37334,10
12.9933004379,80.2560195923,37334,37344,10
12.9923000336,80.2560806274,37344,37355,11
12.9916801453,80.2560577393,37355,37365,10
12.9911403656,80.2560119629,37365,37375,10
12.9903802872,80.2559814453,37375,37385,10
12.9895896912,80.2559814453,37385,37395,10
12.9889297485,80.2559204102,37395,37405,10
12.9885997772,80.2559280396,37405,37415,10
12.9882602692,80.2558898926,37415,37445,30
12.9882602692,80.2558898926,37445,37456,11
12.9880599976,80.2558898926,37456,37466,10
12.9877004623,80.2558364868,37466,37476,10
12.9871797562,80.2557067871,37476,37486,10
12.986289978,80.2555618286,37486,37506,20
12.986289978,80.2555618286,37506,37516,10
12.9860801697,80.255531311,37516,37526,10
12.9857997894,80.2554626465,37526,37536,10
12.9851799011,80.255317688,37536,37546,10
12.9844999313,80.2551193237,37546,37556,10
12.9839096069,80.2549514771,37556,37567,11
12.9835996628,80.2548828125,37567,37577,10
12.9832401276,80.2547836304,37577,37587,10
12.9828596115,80.2546768188,37587,37597,10
12.9822101593,80.2543716431,37597,37607,10
12.9818601608,80.253578186,37607,37617,10
12.9815702438,80.2528533936,37617,37627,10
12.9807796478,80.2527694702,37627,37637,10
12.9799699783,80.2527770996,37637,37647,10
12.9792203903,80.2527084351,37647,37657,10
12.9790296555,80.2527084351,37657,37667,10
12.9786195755,80.2525482178,37667,37678,11
12.9778795242,80.2520217896,37678,37688,10
12.9770898819,80.2514572144,37688,37698,10
12.9760904312,80.2511367798,37698,37708,10
12.9750099182,80.250831604,37708,37718,10
12.97397995,80.2505493164,37718,37728,10
12.9730396271,80.250328064,37728,37738,10
12.972120285,80.2500610352,37738,37748,10
12.9711503983,80.2497787476,37748,37759,11
12.97012043,80.2495117188,37759,37769,10
12.9691896439,80.2491073608,37769,37779,10
12.968290329,80.2487411499,37779,37790,11
12.9672698975,80.2483215332,37790,37800,10
12.9665899277,80.2479705811,37800,37809,9
12.965959549,80.2476882935,37809,37820,11
12.9652500153,80.2474594116,37820,37830,10
12.9651298523,80.2474212646,37830,37839,9
12.9649295807,80.2473526001,37839,37850,11
12.9643602371,80.2471313477,37850,37860,10
12.9635601044,80.2467880249,37860,37870,10
12.9627399445,80.2463912964,37870,37880,10
12.961810112,80.2459182739,37880,37891,11
12.9607801437,80.2454223633,37891,37901,10
12.9599504471,80.2450790405,37901,37911,10
12.9594402313,80.2448730469,37911,37921,10
12.9589700699,80.2446136475,37921,37931,10
12.9582004547,80.2442703247,37931,37941,10
12.957570076,80.2440338135,37941,37951,10
12.9568004608,80.2437973022,37951,37952,1
12.9567403793,80.2437820435,37952,37991,39
12.9557800293,80.2433624268,37991,38002,11
12.9548397064,80.2429199219,38002,38012,10
12.9538602829,80.2424926758,38012,38022,10
12.9528903961,80.2420883179,38022,38032,10
12.9520702362,80.2417907715,38032,38042,10
12.9517202377,80.2416687012,38042,38052,10
12.9514598846,80.2415466309,38052,38062,10
12.9507598877,80.241317749,38062,38072,10
12.9498195648,80.2410583496,38072,38089,17
12.9483003616,80.2405014038,38089,38099,10
12.9475097656,80.2401885986,38099,38109,10
12.9470500946,80.2400131226,38109,38120,11
12.9469604492,80.2399673462,38120,38130,10
12.9464502335,80.2397537231,38130,38140,10
12.9456796646,80.239402771,38140,38150,10
12.9448204041,80.2387390137,38150,38160,10
12.9440402985,80.2379074097,38160,38170,10
12.9433603287,80.237159729,38170,38180,10
12.9425802231,80.2365722656,38180,38190,10
12.9415798187,80.2362594604,38190,38200,10
12.9406003952,80.2360305786,38200,38210,10
12.9400100708,80.2358627319,38210,38221,11
12.9395599365,80.2356796265,38221,38231,10
12.9388198853,80.2352981567,38231,38241,10
12.9378995895,80.2348403931,38241,38251,10
12.936920166,80.2343673706,38251,38261,10
12.9359502792,80.2339096069,38261,38270,9
12.9352798462,80.2336120605,38270,38281,11
12.9344701767,80.2332611084,38281,38291,10
12.9338903427,80.233001709,38291,38301,10
12.9338302612,80.2329483032,38301,38311,10
12.9333496094,80.2327270508,38311,38321,10
12.932559967,80.232421875,38321,38331,10
12.9315795898,80.232093811,38331,38342,11
12.9303798676,80.2317276001,38342,38352,10
12.929400444,80.2314834595,38352,38362,10
12.9283399582,80.2312698364,38362,38372,10
12.9272403717,80.2311172485,38372,38382,10
12.9261703491,80.2309875488,38382,38392,10
12.9251298904,80.2308807373,38392,38401,9
12.9248800278,80.2308807373,38401,38412,11
12.9244003296,80.2308273315,38412,38422,10
12.9235601425,80.23072052,38422,38432,10
12.9224700928,80.2305603027,38432,38443,11
12.9210996628,80.2303619385,38443,38453,10
12.9199104309,80.23021698,38453,38463,10
12.9188604355,80.2300796509,38463,38473,10
12.9178495407,80.2299575806,38473,38483,10
12.9168701172,80.2298126221,38483,38493,10
12.9158697128,80.2296676636,38493,38503,10
12.9148197174,80.2294998169,38503,38513,10
12.9139003754,80.2293777466,38513,38523,10
12.9133996964,80.2293395996,38523,38533,10
12.9133501053,80.2293395996,38533,38544,11
12.9131803513,80.2293014526,38544,38554,10
12.9127702713,80.2292175293,38554,38564,10
12.9124202728,80.2291717529,38564,38574,10
12.9122104645,80.229133606,38574,38584,10
12.9115200043,80.2290267944,38584,38594,10
12.9105701447,80.2288970947,38594,38604,10
12.9095602036,80.2287521362,38604,38613,9
12.9087400436,80.2286300659,38613,38624,11
12.9079198837,80.2284927368,38624,38634,10
12.9073200226,80.2284164429,38634,38644,10
12.906920433,80.2283706665,38644,38655,11
12.9062900543,80.2282791138,38655,38665,10
12.9054498672,80.2282180786,38665,38675,10
12.9044799805,80.2281799316,38675,38685,10
12.9035196304,80.2281417847,38685,38695,10
12.9026203156,80.2280807495,38695,38704,9
12.9019498825,80.2280578613,38704,38715,11
12.9015102386,80.2280502319,38715,38766,51
12.9015102386,80.2280502319,38766,38776,10
12.9012699127,80.2280807495,38776,38786,10
12.9008703232,80.2280273438,38786,38796,10
12.9004802704,80.2279891968,38796,38806,10
12.9000997543,80.2279586792,38806,38816,10
12.8996801376,80.227897644,38816,38826,10
12.8992099762,80.2278900146,38826,38836,10
12.8990001678,80.2279129028,38836,38846,10
12.8984603882,80.227897644,38846,38856,10
12.8975896835,80.2278137207,38856,38866,10
12.8965902328,80.2277679443,38866,38877,11
12.895359993,80.2276992798,38877,38887,10
12.8942804337,80.2276306152,38887,38897,10
12.893289566,80.2275390625,38897,38907,10
12.8924398422,80.2274475098,38907,38917,10
12.8914604187,80.2273788452,38917,38927,10
12.8902301788,80.2273788452,38927,38937,10
12.8889904022,80.2273864746,38937,38947,10
12.8877801895,80.2273330688,38947,38957,10
12.8865804672,80.2271194458,38957,38967,10
12.8855695724,80.2268829346,38967,38978,11
12.8847503662,80.2267608643,38978,38988,10
12.8838996887,80.2267303467,38988,38998,10
12.882809639,80.2267303467,38998,39008,10
12.8817195892,80.2267379761,39008,39018,10
12.8806295395,80.2267532349,39018,39028,10
12.8794698715,80.2267837524,39028,39038,10
12.8782396317,80.2268371582,39038,39048,10
12.8771800995,80.2269363403,39048,39058,10
12.8765602112,80.2269973755,39058,39068,10
12.8764600754,80.2269973755,39068,39078,10
12.8760995865,80.2270126343,39078,39089,11
12.8752603531,80.2269515991,39089,39099,10
12.8742103577,80.2268218994,39099,39109,10
12.8731203079,80.2267227173,39109,39119,10
12.8723402023,80.2267227173,39119,39129,10
12.8713998795,80.2266769409,39129,39139,10
12.8702802658,80.226600647,39139,39149,10
12.8691596985,80.2264633179,39149,39159,10
12.8680896759,80.2264022827,39159,39169,10
12.8671398163,80.2264862061,39169,39179,10
12.8661603928,80.2265777588,39179,39189,10
12.8651103973,80.2266235352,39189,39200,11
12.863940239,80.2265701294,39200,39210,10
12.8628902435,80.2265625,39210,39220,10
12.8619403839,80.2266082764,39220,39230,10
12.8612804413,80.2266387939,39230,39240,10
12.8611602783,80.2266387939,39240,39250,10
12.8607902527,80.2266082764,39250,39260,10
12.8599996567,80.2264862061,39260,39270,10
12.8592395782,80.2264099121,39270,39280,10
12.8583898544,80.2263183594,39280,39290,10
12.8573904037,80.2263183594,39290,39300,10
12.8563203812,80.2264175415,39300,39311,11
12.8551597595,80.2265396118,39311,39321,10
12.8541402817,80.2266464233,39321,39331,10
12.853099823,80.2267379761,39331,39341,10
12.852060318,80.2267303467,39341,39351,10
12.8510103226,80.2266998291,39351,39361,10
12.8502197266,80.2266769409,39361,39371,10
12.8501501083,80.2266693115,39371,39381,10
12.8496999741,80.2266464233,39381,39391,10
12.848859787,80.2266464233,39391,39401,10
12.8478603363,80.2266464233,39401,39411,10
12.8468198776,80.2266693115,39411,39422,11
12.8460597992,80.2266769409,39422,39432,10
12.8458204269,80.2266616821,39432,39442,10
12.845459938,80.2266464233,39442,39452,10
12.8454399109,80.2266616821,39452,39462,10
12.8450403214,80.2266616821,39462,39472,10
12.8442897797,80.2267227173,39472,39482,10
12.843290329,80.2268218994,39482,39492,10
12.842209816,80.2269973755,39492,39502,10
12.8412399292,80.2272720337,39502,39512,10
12.8403997421,80.2275238037,39512,39523,11
12.8398895264,80.2276687622,39523,39573,50
12.8398895264,80.2276687622,39573,39583,10
12.8395900726,80.2277679443,39583,39593,10
12.8392400742,80.2278518677,39593,39603,10
12.8385000229,80.2280502319,39603,39613,10
12.8375196457,80.2282562256,39613,39623,10
12.8363103867,80.2284393311,39623,39634,11
12.8349704742,80.2286376953,39634,39644,10
12.8339004517,80.2288208008,39644,39654,10
12.8330001831,80.2289810181,39654,39664,10
12.8325595856,80.2291030884,39664,39674,10
12.8325500488,80.2291030884,39674,39684,10
12.8321304321,80.2291564941,39684,39694,10
12.8313903809,80.2293319702,39694,39703,9
12.8305997849,80.229598999,39703,39714,11
12.8294897079,80.2300415039,39714,39724,10
12.8285303116,80.2304763794,39724,39734,10
12.8275604248,80.2310180664,39734,39745,11
12.8263902664,80.2313690186,39745,39755,10
12.8256797791,80.2314376831,39755,39765,10
12.8248596191,80.2314529419,39765,39775,10
12.8238697052,80.2312316895,39775,39785,10
12.8227796555,80.2308807373,39785,39794,9
12.8217802048,80.2305908203,39794,39805,11
12.8205900192,80.2304992676,39805,39815,10
12.8196001053,80.2305297852,39815,39825,10
12.8188400269,80.230506897,39825,39835,10
12.8180999756,80.2301712036,39835,39845,10
12.8172302246,80.2297821045,39845,39855,10
12.8161296844,80.2294769287,39855,39866,11
12.814740181,80.2292785645,39866,39876,10
12.8135499954,80.2289962769,39876,39886,10
12.8123502731,80.2285919189,39886,39896,10
12.8111000061,80.2281417847,39896,39906,10
12.8098697662,80.2276306152,39906,39916,10
12.8087396622,80.2269363403,39916,39926,10
12.8079004288,80.2262420654,39926,39936,10
12.8068704605,80.2253265381,39936,39946,10
12.8061704636,80.2246780396,39946,39956,10
12.8055000305,80.2241821289,39956,39967,11
12.8049602509,80.2240600586,39967,39977,10
12.8049497604,80.224067688,39977,39987,10
12.8047103882,80.2240219116,39987,39997,10
12.8042001724,80.2239608765,39997,40007,10
12.8040304184,80.2239379883,40007,40017,10
12.8035001755,80.2238922119,40017,40027,10
12.8026199341,80.223777771,40027,40037,10
12.8015804291,80.2236633301,40037,40047,10
12.8009004593,80.2236022949,40047,40057,10
12.8008298874,80.2235794067,40057,40067,10
12.8004398346,80.2235412598,40067,40078,11
12.7995996475,80.2234573364,40078,40088,10
12.7986097336,80.2233734131,40088,40098,10
12.7974996567,80.2232437134,40098,40108,10
12.7964200974,80.2230377197,40108,40118,10
12.795539856,80.2229003906,40118,40128,10
12.7952003479,80.2228622437,40128,40138,10
12.795129776,80.2228393555,40138,40148,10
12.7946300507,80.2227478027,40148,40158,10
12.793800354,80.2226104736,40158,40168,10
12.7927598953,80.2224502563,40168,40179,11
12.7916002274,80.2221908569,40179,40189,10
12.7906398773,80.2219619751,40189,40199,10
12.7898397446,80.2217636108,40199,40209,10
12.7895202637,80.2216567993,40209,40219,10
12.7892398834,80.2215499878,40219,40229,10
12.7885398865,80.2212905884,40229,40239,10
12.787899971,80.221031189,40239,40249,10
12.7874898911,80.2209014893,40249,40259,10
12.7872800827,80.2208023071,40259,40300,41
12.7872800827,80.2208023071,40300,40310,10
12.7870101929,80.2207183838,40310,40320,10
12.786939621,80.220703125,40320,40330,10
12.7868003845,80.2206497192,40330,40340,10
12.7865200043,80.2204971313,40340,40350,10
12.7862796783,80.2203979492,40350,40370,20
12.7862796783,80.2203979492,40370,40380,10
12.7861404419,80.2205200195,40380,40390,10
12.7861604691,80.220993042,40390,40401,11
12.7862195969,80.2214431763,40401,40411,10
12.7862796783,80.2219161987,40411,40461,50
12.7862796783,80.2219161987,40461,40471,10
12.786239624,80.2221908569,40471,40663,192
12.7862997055,80.2218170166,40663,40875,212
12.7862997055,80.2218170166,40875,40885,10
12.786239624,80.2218322754,40885,40895,10
12.7862300873,80.2218170166,40895,40905,10
12.7861604691,80.2217102051,40905,40915,10
12.7861604691,80.2217025757,40915,40925,10
12.7861700058,80.2214889526,40925,40946,21
12.7861700058,80.2214889526,40946,40956,10
12.7861700058,80.2211532593,40956,40966,10
12.786190033,80.2210006714,40966,40976,10
12.786190033,80.2209625244,40976,40986,10
12.786190033,80.2207870483,40986,40996,10
12.7861995697,80.220413208,40996,41036,40
12.7861995697,80.220413208,41036,41046,10
12.7864198685,80.2203826904,41046,41077,31
12.7864198685,80.2203826904,41077,41087,10
12.7867097855,80.2205429077,41087,41097,10
12.7868204117,80.2205810547,41097,41107,10
12.7869195938,80.2206115723,41107,41117,10
12.7871398926,80.2206802368,41117,41127,10
12.7876300812,80.2208404541,41127,41137,10
12.7881803513,80.2210464478,41137,41147,10
12.7885799408,80.2211990356,41147,41157,10
12.7890701294,80.2213821411,41157,41168,11
12.7896404266,80.221572876,41168,41178,10
12.7899303436,80.2216796875,41178,41188,10
12.7900400162,80.2217102051,41188,41198,10
12.7905502319,80.2218399048,41198,41208,10
12.7912797928,80.2220230103,41208,41218,10
12.7920999527,80.2222213745,41218,41228,10
12.7930498123,80.2223968506,41228,41238,10
12.7940597534,80.2225494385,41238,41248,10
12.7950601578,80.2227096558,41248,41258,10
12.7959699631,80.2228775024,41258,41268,10
12.7964200974,80.2229537964,41268,41279,11
12.7968797684,80.2230606079,41279,41289,10
12.7968797684,80.2230606079,41289,41299,10
12.7975196838,80.22315979,41299,41309,10
12.7983503342,80.2232589722,41309,41319,10
12.7993402481,80.2233581543,41319,41329,10
12.8003902435,80.2234573364,41329,41339,10
12.8012800217,80.2235488892,41339,41349,10
12.8015203476,80.2235794067,41349,41360,11
12.8018598557,80.2236175537,41360,41370,10
12.8025598526,80.2237167358,41370,41380,10
12.8034200668,80.2238311768,41380,41391,11
12.8044099808,80.2239074707,41391,41401,10
12.8055896759,80.2241210938,41401,41431,30
12.8055896759,80.2241210938,41431,41441,10
12.8056898117,80.2241821289,41441,41451,10
12.8060703278,80.2245025635,41451,41461,10
12.8067502975,80.225112915,41461,41471,10
12.8074598312,80.2257232666,41471,41481,10
12.8084001541,80.2265319824,41481,41492,11
12.8094701767,80.2273406982,41492,41502,10
12.8106298447,80.2278594971,41502,41512,10
12.8118801117,80.2283172607,41512,41522,10
12.8132095337,80.2287902832,41522,41532,10
12.8145799637,80.2291717529,41532,41542,10
12.8160200119,80.2293624878,41542,41552,10
12.8173303604,80.2296600342,41552,41562,10
12.8183603287,80.230140686,41562,41572,10
12.8193302155,80.2304229736,41572,41582,10
12.8197002411,80.2304077148,41582,41592,10
12.819849968,80.2304077148,41592,41603,11
12.8205404282,80.2304000854,41603,41613,10
12.821439743,80.2304229736,41613,41623,10
12.8225002289,80.2306289673,41623,41633,10
12.8237400055,80.2310028076,41633,41643,10
12.8249502182,80.2312927246,41643,41653,10
12.8257198334,80.2313079834,41653,41663,10
12.8257703781,80.2313079834,41663,41679,16
12.8265199661,80.2312698364,41679,41691,12
12.8275203705,80.2309494019,41691,41699,8
12.8283004761,80.230506897,41699,41711,12
12.8296298981,80.2298812866,41711,41722,11
12.8307600021,80.2294311523,41722,41731,9
12.8310604095,80.2293395996,41731,41742,11
12.8311100006,80.2293701172,41742,41752,10
12.8313798904,80.2293014526,41752,41762,10
12.8316402435,80.2292175293,41762,41772,10
12.8319797516,80.2291183472,41772,41782,10
12.8324298859,80.2290115356,41782,41792,10
12.8332595825,80.2288589478,41792,41802,10
12.8343095779,80.2286682129,41802,41812,10
12.8355302811,80.2284698486,41812,41823,11
12.8368997574,80.2282791138,41823,41833,10
12.8380203247,80.2280883789,41833,41843,10
12.8389596939,80.2278594971,41843,41853,10
12.8394403458,80.2277297974,41853,41863,10
12.8395996094,80.2276611328,41863,41873,10
12.8398799896,80.2275924683,41873,41883,10
12.8404197693,80.2274169922,41883,41893,10
12.8411798477,80.2272186279,41893,41903,10
12.8421602249,80.2269592285,41903,41913,10
12.8432703018,80.2267913818,41913,41923,10
12.8443403244,80.2266311646,41923,41934,11
12.8453998566,80.2265472412,41934,41954,20
12.8453998566,80.2265472412,41954,41964,10
12.8455600739,80.2265396118,41964,41974,10
12.8458299637,80.2265396118,41974,41984,10
12.8463697433,80.2265167236,41984,41994,10
12.8472204208,80.2265319824,41994,42004,10
12.8482704163,80.2265396118,42004,42014,10
12.8494100571,80.2265319824,42014,42024,10
12.8505802155,80.2265319824,42024,42034,10
12.8518600464,80.2265777588,42034,42045,11
12.853269577,80.2266235352,42045,42055,10
12.8545799255,80.2264862061,42055,42065,10
12.8558797836,80.2263565063,42065,42075,10
12.8571395874,80.2262268066,42075,42085,10
12.8583202362,80.2261810303,42085,42095,10
12.8594799042,80.2262878418,42095,42105,10
12.8608102798,80.2264633179,42105,42125,20
12.8608102798,80.2264633179,42125,42135,10
12.8609895706,80.2264862061,42135,42145,10
12.8615398407,80.2265014648,42145,42156,11
12.8624696732,80.2264633179,42156,42166,10
12.8634700775,80.2264404297,42166,42176,10
12.8646602631,80.2265014648,42176,42186,10
12.8659601212,80.2264862061,42186,42196,10
12.8672704697,80.2263793945,42196,42206,10
12.868639946,80.22631073,42206,42216,10
12.8699903488,80.2264328003,42216,42226,10
12.8711204529,80.2265625,42226,42236,10
12.8727998734,80.2265625,42236,42256,20
12.8727998734,80.2265625,42256,42267,11
12.8730602264,80.226600647,42267,42277,10
12.8736400604,80.2266387939,42277,42287,10
12.8745098114,80.2267608643,42287,42295,8
12.8753404617,80.2268600464,42295,42307,12
12.8763303757,80.226890564,42307,42316,9
12.8767595291,80.2268600464,42316,42327,11
12.8767995834,80.226852417,42327,42337,10
12.8771495819,80.226852417,42337,42347,10
12.8778800964,80.2267837524,42347,42357,10
12.8788299561,80.2267227173,42357,42367,10
12.8799600601,80.2266921997,42367,42378,11
12.8812999725,80.2266693115,42378,42388,10
12.8825397491,80.2266693115,42388,42398,10
12.8837299347,80.2266464233,42398,42408,10
12.8846998215,80.2266387939,42408,42418,10
12.8851003647,80.2266311646,42418,42428,10
12.8851099014,80.2266235352,42428,42438,10
12.8854398727,80.2266616821,42438,42448,10
12.8861198425,80.2268218994,42448,42458,10
12.8867797852,80.2269973755,42458,42468,10
12.8870096207,80.2270584106,42468,42479,11
12.8877096176,80.2271881104,42479,42489,10
12.8886404037,80.2272567749,42489,42499,10
12.8898096085,80.2272720337,42499,42509,10
12.890999794,80.2272720337,42509,42519,10
12.8922300339,80.2273101807,42519,42539,20
12.8922300339,80.2273101807,42539,42549,10
12.8925199509,80.2273406982,42549,42559,10
12.8932199478,80.2274169922,42559,42569,10
12.8941698074,80.2275238037,42569,42579,10
12.895359993,80.2275619507,42579,42590,11
12.8968400955,80.2276229858,42590,42600,10
12.8981199265,80.2276916504,42600,42610,10
12.8992500305,80.2277679443,42610,42620,10
12.9001398087,80.2278137207,42620,42630,10
12.9006099701,80.2278518677,42630,42696,66
12.9006099701,80.2278518677,42696,42709,13
12.9010095596,80.2279205322,42709,42719,10
12.901599884,80.2279510498,42719,42729,10
12.9023599625,80.2279815674,42729,42749,20
12.9023599625,80.2279815674,42749,42759,10
12.9024400711,80.2280197144,42759,42769,10
12.9029598236,80.2280273438,42769,42779,10
12.9037599564,80.2280731201,42779,42789,10
12.9049501419,80.2281417847,42789,42799,10
12.9061803818,80.2282028198,42799,42810,11
12.9069700241,80.2282333374,42810,42820,10
12.9071598053,80.2282409668,42820,42830,10
12.9077596664,80.2283401489,42830,42840,10
12.9086904526,80.2285003662,42840,42850,10
12.9099197388,80.2286911011,42850,42860,10
12.9112901688,80.2289199829,42860,42870,10
12.9125299454,80.2290878296,42870,42880,10
12.9139404297,80.2292633057,42880,42900,20
12.9140195847,80.2292098999,42900,42921,21
12.9140195847,80.2292098999,42921,42931,10
12.9144802094,80.2292785645,42931,42941,10
12.9152202606,80.2294006348,42941,42951,10
12.9161996841,80.2295913696,42951,42961,10
12.9173002243,80.2297363281,42961,42971,10
12.9183797836,80.2298965454,42971,42981,10
12.9193601608,80.2300109863,42981,42991,10
12.9203996658,80.230140686,42991,43001,10
12.9215497971,80.2303009033,43001,43011,10
12.9227800369,80.2304916382,43011,43021,10
12.9239501953,80.2306594849,43021,43032,11
12.9251003265,80.230796814,43032,43042,10
12.926030159,80.2308883667,43042,43058,16
12.9263601303,80.2309188843,43058,43070,12
12.9267902374,80.2309799194,43070,43080,10
12.927359581,80.2310409546,43080,43090,10
12.9284296036,80.2312011719,43090,43100,10
12.9294099808,80.2313919067,43100,43110,10
12.9305000305,80.2316513062,43110,43120,10
12.9316396713,80.2319793701,43120,43131,11
12.9327602386,80.2323303223,43131,43141,10
12.9335298538,80.2326583862,43141,43151,10
12.9336395264,80.2327194214,43151,43161,10
12.933839798,80.2328262329,43161,43171,10
12.9344301224,80.2331085205,43171,43181,10
12.9352197647,80.2334289551,43181,43191,10
12.9358997345,80.2337875366,43191,43201,10
12.9366903305,80.2341384888,43201,43211,10
12.9375200272,80.2345428467,43211,43221,10
12.9385004044,80.2350387573,43221,43231,10
12.9393796921,80.2353668213,43231,43242,11
12.9398202896,80.2356033325,43242,43252,10
12.9398298264,80.2356033325,43252,43262,10
12.9400997162,80.2357177734,43262,43272,10
12.9407701492,80.2359466553,43272,43282,10
12.9416999817,80.2361984253,43282,43292,10
12.9428195953,80.2365875244,43292,43302,10
12.9437303543,80.2373733521,43302,43310,8
12.9443798065,80.2380905151,43310,43322,12
12.9453496933,80.2390899658,43322,43332,10
12.9463596344,80.2395629883,43332,43342,10
12.94713974,80.2398834229,43342,43353,11
12.9473199844,80.2399520874,43353,43363,10
12.9476995468,80.2401275635,43363,43373,10
12.9479999542,80.2402420044,43373,43383,10
12.9480895996,80.240272522,43383,43393,10
12.9487695694,80.2404937744,43393,43413,20
12.9487695694,80.2404937744,43413,43423,10
12.9489498138,80.2406005859,43423,43433,10
12.9493303299,80.2407989502,43433,43443,10
12.949760437,80.2409362793,43443,43453,10
12.9503898621,80.2411270142,43453,43464,11
12.9511995316,80.2413864136,43464,43474,10
12.9513196945,80.2414169312,43474,43484,10
12.9515199661,80.2415084839,43484,43494,10
12.9521102905,80.2417068481,43494,43504,10
12.9529600143,80.2420196533,43504,43514,10
12.953909874,80.2423706055,43514,43524,10
12.9548101425,80.242729187,43524,43534,10
12.9554796219,80.2429885864,43534,43544,10
12.9561004639,80.2432785034,43544,43562,18
12.9563703537,80.2434387207,43562,43574,12
12.9568195343,80.2436218262,43574,43584,10
12.957449913,80.2438583374,43584,43594,10
12.9583997726,80.2442703247,43594,43604,10
12.9589796066,80.2445068359,43604,43614,10
12.9591598511,80.2445983887,43614,43624,10
12.9595603943,80.2447433472,43624,43633,9
12.9601202011,80.2449874878,43633,43644,11
12.9612102509,80.2454833984,43644,43654,10
12.9621601105,80.2459335327,43654,43664,10
12.963060379,80.2463684082,43664,43675,11
12.9640398026,80.2468185425,43675,43685,10
12.9649896622,80.247177124,43685,43695,10
12.965929985,80.2474975586,43695,43705,10
12.9666099548,80.2477798462,43705,43715,10
12.9668703079,80.2479171753,43715,43725,10
12.9668998718,80.2479629517,43725,43735,10
12.9670200348,80.2480392456,43735,43745,10
12.9675197601,80.2482223511,43745,43755,10
12.9684000015,80.2485733032,43755,43765,10
12.9694404602,80.2489471436,43765,43775,10
12.9706296921,80.2494506836,43775,43786,11
12.972029686,80.2498626709,43786,43796,10
12.9732704163,80.2501907349,43796,43806,10
12.9745197296,80.2505569458,43806,43816,10
12.9757604599,80.2509384155,43816,43826,10
12.9768695831,80.2512664795,43826,43836,10
12.977809906,80.2518386841,43836,43846,10
12.97838974,80.2522583008,43846,43856,10
12.9785299301,80.2523498535,43856,43866,10
12.9789304733,80.2525177002,43866,43882,16
12.9797697067,80.2526016235,43882,43914,32
12.9797697067,80.2526016235,43914,43925,11
12.9801702499,80.2526092529,43925,43935,10
12.9808197021,80.2526168823,43935,43945,10
12.9819002151,80.2525787354,43945,43955,10
12.9831104279,80.2525405884,43955,43964,9
12.9841499329,80.2523193359,43964,43975,11
12.9853801727,80.251991272,43975,43985,10
12.9864902496,80.2517089844,43985,43995,10
12.9874601364,80.2514419556,43995,44006,11
12.9879198074,80.2517929077,44006,44016,10
12.9880199432,80.252281189,44016,44026,10
12.9880104065,80.2524108887,44026,44036,10
12.9879903793,80.2526397705,44036,44046,10
12.9879102707,80.2533493042,44046,44056,10
12.9878501892,80.2543487549,44056,44106,50
12.9878501892,80.2543487549,44106,44117,11
12.9877796173,80.2547836304,44117,44127,10
12.9877195358,80.2551727295,44127,44137,10
12.9876899719,80.2556533813,44137,44248,111
12.9876899719,80.2556533813,44248,44258,10
12.9877004623,80.2558898926,44258,44268,10
12.9876699448,80.2559890747,44268,44278,10
12.987569809,80.2565689087,44278,44288,10
12.9874296188,80.2573928833,44288,44298,10
12.9873600006,80.2583312988,44298,44308,10
12.9872598648,80.2585906982,44308,44339,31
12.9872598648,80.2585906982,44339,44349,10
12.9870100021,80.2585372925,44349,44409,60
12.9867801666,80.2586975098,44409,44540,131
12.9867801666,80.2586975098,44540,44551,11
12.9867401123,80.2587280273,44551,44783,232
12.9868497849,80.2588577271,44783,44904,121
12.9868497849,80.2588577271,44904,44914,10
12.9867696762,80.2586517334,44914,45287,373
12.9868297577,80.2588500977,45287,47185,1898
12.9867696762,80.2586975098,47185,48870,1685
12.9867696762,80.2586975098,48870,48880,10
12.9868497849,80.2587509155,48880,48951,71
12.9867801666,80.2587203979,48951,49375,424
12.9867897034,80.2587585449,49375,50010,635
12.9866695404,80.2586593628,50010,51554,1544
12.9866695404,80.2586593628,51554,51565,11
12.9866600037,80.2587890625,51565,54543,2978
12.9866895676,80.2587509155,54543,54694,151
12.9867200851,80.2587509155,54694,55259,565
12.9867200851,80.2587509155,55259,55269,10
12.9867801666,80.2589187622,55269,55289,20
12.9867801666,80.2589187622,55289,55300,11
12.9867200851,80.2591171265,55300,55400,100
12.9867200851,80.2591171265,55400,55411,11
12.9871301651,80.2591400146,55411,55421,10
12.9872503281,80.2590179443,55421,55431,10
12.9872903824,80.2587509155,55431,55441,10
12.9873304367,80.2583236694,55441,55451,10
12.9874000549,80.2578964233,55451,55461,10
12.9874696732,80.2573394775,55461,55471,10
12.9875402451,80.2566833496,55471,55481,10
12.9876003265,80.2562484741,55481,55491,10
12.9875898361,80.2558364868,55491,55592,101
12.9875898361,80.2558364868,55592,55602,10
12.9876098633,80.2556533813,55602,55612,10
12.9880304337,80.2556915283,55612,55622,10
12.9885396957,80.2557830811,55622,55633,11
12.9887695313,80.2558135986,55633,55643,10
12.9889297485,80.2558364868,55643,55653,10
12.9892902374,80.255859375,55653,55662,9
12.9897003174,80.2559204102,55662,55673,11
12.9904603958,80.2559204102,55673,55683,10
12.9912099838,80.2559585571,55683,55693,10
12.992099762,80.2559967041,55693,55703,10
12.9931402206,80.2560195923,55703,55713,10
12.9940595627,80.2559814453,55713,55723,10
12.9950304031,80.2558898926,55723,55733,10
12.9959001541,80.2558364868,55733,55744,11
12.9968595505,80.2558517456,55744,55754,10
12.9973402023,80.2559204102,55754,55765,11
12.9981498718,80.2559814453,55765,55775,10
12.9988098145,80.2560424805,55775,55784,9
12.9988899231,80.2560501099,55784,55795,11
12.9989595413,80.2560501099,55795,55806,11
12.9991903305,80.2560806274,55806,55836,30
12.9991903305,80.2560806274,55836,55846,10
12.99958992,80.2561416626,55846,55857,11
13.0001296997,80.2562179565,55857,55867,10
13.0007200241,80.2563323975,55867,55877,10
13.0014200211,80.2564926147,55877,55887,10
13.0017404556,80.2565536499,55887,55897,10
13.0022001266,80.2566223145,55897,55907,10
13.0027999878,80.2567214966,55907,55917,10
13.0034799576,80.2568511963,55917,55927,10
13.0042200089,80.2570037842,55927,55937,10
13.0049600601,80.2570877075,55937,55947,10
13.005689621,80.2572479248,55947,55958,11
13.0063695908,80.2572479248,55958,55968,10
13.0064096451,80.2567596436,55968,55978,10
13.0064496994,80.256111145,55978,55988,10
13.0065097809,80.2553634644,55988,55998,10
13.0065002441,80.2546310425,55998,56008,10
13.0064897537,80.2540206909,56008,56018,10
13.006480217,80.2539901733,56018,56028,10
13.0064897537,80.2538375854,56028,56038,10
13.0065002441,80.2533721924,56038,56048,10
13.0065002441,80.252746582,56048,56058,10
13.0066003799,80.251953125,56058,56109,51
13.0066003799,80.251953125,56109,56119,10
13.0067195892,80.2515563965,56119,56129,10
13.0067901611,80.2510910034,56129,56139,10
13.0067996979,80.2504425049,56139,56149,10
13.006770134,80.249710083,56149,56159,10
13.0067300797,80.2489776611,56159,56169,10
13.0066204071,80.2479324341,56169,56230,61
13.0066204071,80.2479324341,56230,56240,10
13.0065202713,80.2475814819,56240,56250,10
13.0065603256,80.2471084595,56250,56260,10
13.0065097809,80.2466125488,56260,56270,10
13.0065202713,80.2465667725,56270,56280,10
13.006529808,80.2465286255,56280,56291,11
13.0066003799,80.2461471558,56291,56301,10
13.0066003799,80.2454910278,56301,56311,10
13.0066204071,80.244720459,56311,56321,10
13.0066299438,80.2439575195,56321,56331,10
13.0066003799,80.2432022095,56331,56341,10
13.0065698624,80.2423019409,56341,56351,10
13.0065803528,80.241317749,56351,56361,10
13.0066299438,80.2407989502,56361,56371,10
13.006649971,80.2406082153,56371,56381,10
13.0067300797,80.2401733398,56381,56391,10
13.0069198608,80.2394714355,56391,56402,11
13.0070695877,80.23853302,56402,56412,10
13.0072898865,80.2376022339,56412,56422,10
13.0073699951,80.2369766235,56422,56452,30
13.0073699951,80.2369766235,56452,56462,10
13.007399559,80.236656189,56462,56472,10
13.0075597763,80.2361602783,56472,56482,10
13.0077199936,80.2354278564,56482,56492,10
13.0078802109,80.23462677,56492,56502,10
13.0080604553,80.2337417603,56502,56513,11
13.0082998276,80.2325515747,56513,56523,10
13.0085296631,80.2313537598,56523,56533,10
13.0087499619,80.2301483154,56533,56543,10
13.0089998245,80.2289428711,56543,56553,10
13.0093202591,80.2277832031,56553,56563,10
13.0098104477,80.2267074585,56563,56573,10
13.0102596283,80.2257232666,56573,56583,10
13.0106401443,80.224937439,56583,56593,10
13.0109596252,80.224281311,56593,56603,10
13.0112304688,80.2235565186,56603,56614,11
13.0115604401,80.2226715088,56614,56624,10
13.0119304657,80.2218933105,56624,56634,10
13.0122404099,80.2215805054,56634,56643,9
13.012260437,80.2211380005,56643,56654,11
13.0120000839,80.220413208,56654,56664,10
13.011759758,80.2197494507,56664,56674,10
13.0117101669,80.2195968628,56674,56684,10
13.0115604401,80.2191619873,56684,56694,10
13.0113401413,80.2185134888,56694,56704,10
13.011059761,80.2176895142,56704,56714,10
13.0107498169,80.217010498,56714,56725,11
13.0102901459,80.2161178589,56725,56735,10
13.0099096298,80.2153625488,56735,56745,10
13.0094499588,80.2146987915,56745,56755,10
13.0089702606,80.2140808105,56755,56765,10
13.0085401535,80.2135467529,56765,56775,10
13.0081596375,80.2133178711,56775,56805,30
13.0081596375,80.2133178711,56805,56815,10
13.0080299377,80.2132492065,56815,56825,10
13.0078296661,80.2130966187,56825,56836,11
13.0074596405,80.2128601074,56836,56846,10
13.0068998337,80.2127685547,56846,56856,10
13.0062503815,80.2128601074,56856,56866,10
13.0055999756,80.2129211426,56866,56876,10
13.0049295425,80.2125091553,56876,56886,10
13.0041103363,80.2121582031,56886,56896,10
13.0037097931,80.2116775513,56896,56906,10
13.003660202,80.2108764648,56906,56916,10
13.0035600662,80.2101516724,56916,56926,10
13.0035200119,80.209487915,56926,56936,10
13.0037002563,80.208732605,56936,56947,11
13.0045099258,80.2088317871,56947,56957,10
13.0054197311,80.2092437744,56957,56967,10
13.0062398911,80.2095489502,56967,56977,10
13.007349968,80.209777832,56977,56997,20
13.007349968,80.209777832,56997,57007,10
13.0075597763,80.2098388672,57007,57017,10
13.0079803467,80.2099380493,57017,57027,10
13.0081195831,80.2096862793,57027,57037,10
13.008020401,80.2090911865,57037,57047,10
13.0078802109,80.2081985474,57047,57058,11
13.0077104568,80.2070236206,57058,57068,10
13.0075798035,80.2059707642,57068,57078,10
13.0075502396,80.2049484253,57078,57088,10
13.007519722,80.2040634155,57088,57098,10
13.0074195862,80.2031173706,57098,57108,10
13.0073003769,80.2021789551,57108,57118,10
13.0073604584,80.2015533447,57118,57128,10
13.0073900223,80.2014465332,57128,57138,10
13.0074300766,80.2009506226,57138,57148,10
13.0074596405,80.2002487183,57148,57158,10
13.0073795319,80.19921875,57158,57169,11
13.0073099136,80.1981201172,57169,57179,10
13.0072898865,80.1971511841,57179,57189,10
13.0072898865,80.1967697144,57189,57199,10
13.0073099136,80.1965408325,57199,57209,10
13.0074701309,80.196182251,57209,57219,10
13.0079803467,80.1962127686,57219,57229,10
13.0086297989,80.1961975098,57229,57239,10
13.0092601776,80.1959762573,57239,57249,10
13.0101203918,80.1959228516,57249,57259,10
13.0108995438,80.1956634521,57259,57269,10
13.011059761,80.1955490112,57269,57280,11
13.0112304688,80.1954574585,57280,57290,10
13.011759758,80.1951293945,57290,57300,10
13.0125799179,80.1946487427,57300,57310,10
13.0135202408,80.1940765381,57310,57320,10
13.0143699646,80.1934280396,57320,57330,10
13.0149297714,80.1925964355,57330,57340,10
13.0154895782,80.1915664673,57340,57350,10
13.0160398483,80.190536499,57350,57360,10
13.0165300369,80.1896286011,57360,57370,10
13.01679039,80.1891326904,57370,57381,11
13.0169095993,80.1889266968,57381,57391,10
13.0172395706,80.1883468628,57391,57401,10
13.0176696777,80.1875610352,57401,57411,10
13.0182695389,80.1867828369,57411,57421,10
13.0191402435,80.1862106323,57421,57431,10
13.0200300217,80.1856765747,57431,57441,10
13.0206203461,80.1844406128,57441,57461,20
13.0206203461,80.1844406128,57461,57471,10
13.0207099915,80.1842269897,57471,57481,10
13.0208597183,80.1839370728,57481,57492,11
13.0209302902,80.1836700439,57492,57502,10
13.0209798813,80.1835632324,57502,57512,10
13.0212402344,80.1831588745,57512,57522,10
13.0216302872,80.182510376,57522,57532,10
13.0219602585,80.1819000244,57532,57542,10
13.0222797394,80.181312561,57542,57552,10
13.0227203369,80.180519104,57552,57562,10
13.023229599,80.1795806885,57562,57572,10
13.0236597061,80.1787490845,57572,57582,10
13.0238704681,80.178352356,57582,57592,10
13.0239095688,80.1782302856,57592,57608,16
13.0243997574,80.177482605,57608,57621,13
13.0249700546,80.1764602661,57621,57631,10
13.0253400803,80.1757888794,57631,57641,10
13.0254602432,80.1755981445,57641,57651,10
13.0256900787,80.1752090454,57651,57660,9
13.0259895325,80.1746673584,57660,57671,11
13.0265398026,80.1736373901,57671,57680,9
13.0269899368,80.1728286743,57680,57691,11
13.0277204514,80.1715164185,57691,57701,10
13.028260231,80.170539856,57701,57712,11
13.028719902,80.1696929932,57712,57722,10
13.0290498734,80.169090271,57722,57732,10
13.0290699005,80.1690597534,57732,57742,10
13.0291595459,80.1688995361,57742,57762,20
13.0291595459,80.1688995361,57762,57772,10
13.0292596817,80.1687164307,57772,57782,10
13.0295600891,80.1682128906,57782,57792,10
13.0299701691,80.1674804688,57792,57802,10
13.0304403305,80.1666412354,57802,57812,10
13.0310001373,80.1656570435,57812,57822,10
13.0315799713,80.1645965576,57822,57833,11
13.0321302414,80.163520813,57833,57843,10
13.0324201584,80.1630630493,57843,57853,10
13.0324897766,80.1629562378,57853,57863,10
13.0327301025,80.1625213623,57863,57873,10
13.0331201553,80.1618118286,57873,57883,10
13.0335798264,80.1610031128,57883,57893,10
13.0339097977,80.1603775024,57893,57903,10
13.0339403152,80.1603622437,57903,57913,10
13.0340499878,80.1601715088,57913,57923,10
13.0342102051,80.1598129272,57923,57934,11
13.034330368,80.1592102051,57934,57944,10
13.0343399048,80.1584014893,57944,57954,10
13.0342702866,80.1574401855,57954,57964,10
13.0343704224,80.1565704346,57964,57974,10
13.0345602036,80.1560897827,57974,57984,10
13.0347700119,80.1556930542,57984,57994,10
13.0349502563,80.1553497314,57994,58004,10
13.0351800919,80.1549835205,58004,58014,10
13.0353899002,80.1546783447,58014,58024,10
13.0355501175,80.1543579102,58024,58034,10
13.0358104706,80.1538696289,58034,58055,21
13.0358104706,80.1538696289,58055,58065,10
13.035900116,80.1537017822,58065,58075,10
13.0361204147,80.1532287598,58075,58085,10
13.036239624,80.1523971558,58085,58095,10
13.036190033,80.1514205933,58095,58105,10
13.0361404419,80.1502914429,58105,58115,10
13.0361404419,80.1490936279,58115,58125,10
13.0361404419,80.1478805542,58125,58135,10
13.0361499786,80.1467590332,58135,58145,10
13.0361795425,80.1461791992,58145,58156,11
13.0361700058,80.146156311,58156,58166,10
13.0362195969,80.1457519531,58166,58176,10
13.0363101959,80.1450195313,58176,58186,10
13.0364303589,80.1441802979,58186,58196,10
13.0365104675,80.1433563232,58196,58206,10
13.0365800858,80.1428833008,58206,58216,10
13.0366201401,80.1427307129,58216,58226,10
13.036649704,80.1426010132,58226,58236,10
13.0366601944,80.142539978,58236,58246,10
13.0367202759,80.1421127319,58246,58257,11
13.0368499756,80.1413269043,58257,58267,10
13.0369796753,80.1405181885,58267,58277,10
13.0370903015,80.1397476196,58277,58287,10
13.0371999741,80.1390533447,58287,58297,10
13.0372400284,80.1388092041,58297,58307,10
13.0373096466,80.1384506226,58307,58317,10
13.0373802185,80.137840271,58317,58327,10
13.0375204086,80.1369476318,58327,58337,10
13.037730217,80.1360473633,58337,58347,10
13.0379104614,80.1354904175,58347,58368,21
13.0379104614,80.1354904175,58368,58378,10
13.0379400253,80.1353988647,58378,58388,10
13.0380897522,80.1349868774,58388,58398,10
13.0382604599,80.1344833374,58398,58408,10
13.0379104614,80.1344528198,58408,58418,10
13.0375995636,80.1349029541,58418,59488,1070
13.0375995636,80.1349029541,59488,59498,10
13.0375204086,80.1352005005,59498,59508,10
13.0375499725,80.1352081299,59508,59518,10
13.037779808,80.1352996826,59518,59569,51
13.037779808,80.1352996826,59569,59579,10
13.0379800797,80.1354980469,59579,59589,10
13.0379199982,80.1358337402,59589,59599,10
13.037730217,80.1364135742,59599,59609,10
13.0375699997,80.1371688843,59609,59619,10
13.0374498367,80.1380386353,59619,59629,10
13.0373601913,80.1387634277,59629,59639,10
13.0372495651,80.1394424438,59639,59649,10
13.0371198654,80.1403121948,59649,59659,10
13.0369796753,80.1411972046,59659,59669,10
13.0368995667,80.1422424316,59669,59700,31
13.0368995667,80.1422424316,59700,59710,10
13.0368700027,80.1423187256,59710,59720,10
13.0367898941,80.1427078247,59720,59730,10
13.0366897583,80.1433486938,59730,59740,10
13.0365800858,80.1441192627,59740,59750,10
13.036450386,80.1449432373,59750,59760,10
13.0363302231,80.1457824707,59760,59770,10
13.036239624,80.1464080811,59770,59780,10
13.0362300873,80.1465301514,59780,59791,11
13.0362100601,80.1469268799,59791,59801,10
13.0361995697,80.1476211548,59801,59811,10
13.0362195969,80.1484603882,59811,59821,10
13.0362796783,80.1492614746,59821,59831,10
13.036239624,80.1499786377,59831,59841,10
13.036239624,80.1507873535,59841,59851,10
13.0362596512,80.1516799927,59851,59861,10
13.0362701416,80.1526031494,59861,59871,10
13.0361700058,80.1532516479,59871,59881,10
13.035949707,80.1537628174,59881,59891,10
13.0357704163,80.1541137695,59891,59912,21
13.0357704163,80.1541137695,59912,59922,10
13.03565979,80.1543579102,59922,59932,10
13.0355997086,80.1544799805,59932,59942,10
13.0353803635,80.154876709,59942,59952,10
13.0350999832,80.1554107666,59952,59962,10
13.0350103378,80.1555404663,59962,59972,10
13.0349302292,80.1556930542,59972,59982,10
13.0346603394,80.1561431885,59982,59992,10
13.034330368,80.1568222046,59992,60002,10
13.0343399048,80.1576538086,60002,60013,11
13.0343999863,80.1585006714,60013,60023,10
13.0344200134,80.1592712402,60023,60033,10
13.0343999863,80.1597290039,60033,60043,10
13.0342702866,80.1600494385,60043,60053,10
13.0339603424,80.1605834961,60053,60063,10
13.0337095261,80.1610336304,60063,60073,10
13.0336999893,80.1610412598,60073,60083,10
13.0336503983,80.1610794067,60083,60093,10
13.0334196091,80.1615066528,60093,60103,10
13.0330400467,80.1622009277,60103,60113,10
13.0325498581,80.1630783081,60113,60124,11
13.0320501328,80.1640014648,60124,60134,10
13.0319404602,80.1641998291,60134,60144,10
13.0319004059,80.1642684937,60144,60154,10
13.0316400528,80.1647415161,60154,60164,10
13.0312404633,80.1654815674,60164,60174,10
13.0307502747,80.1663665771,60174,60184,10
13.0302200317,80.1673202515,60184,60194,10
13.0297203064,80.1682128906,60194,60204,10
13.0293998718,80.168762207,60204,60224,20
13.0293998718,80.168762207,60224,60235,11
13.0292396545,80.1689987183,60235,60245,10
13.0289402008,80.1695632935,60245,60255,10
13.0285797119,80.1702270508,60255,60264,9
13.0282096863,80.1709136963,60264,60275,11
13.0276899338,80.171836853,60275,60285,10
13.027179718,80.1727371216,60285,60295,10
13.0266399384,80.1737136841,60295,60305,10
13.0261497498,80.1746063232,60305,60315,10
13.0256700516,80.175453186,60315,60325,10
13.0252199173,80.1762313843,60325,60336,11
13.0249204636,80.1767730713,60336,60346,10
13.0249099731,80.1767883301,60346,60356,10
13.0248699188,80.1767807007,60356,60366,10
13.0246801376,80.1771469116,60366,60376,10
13.0243597031,80.1777572632,60376,60386,10
13.0240001678,80.1784210205,60386,60396,10
13.0237102509,80.1789474487,60396,60406,10
13.0235595703,80.1791610718,60406,60416,10
13.0232801437,80.1796722412,60416,60426,10
13.0229301453,80.1802902222,60426,60436,10
13.0225095749,80.1810379028,60436,60447,11
13.0220499039,80.1819000244,60447,60456,9
13.0216999054,80.1825714111,60456,60467,11
13.0214195251,80.1831588745,60467,60497,30
13.0214195251,80.1831588745,60497,60507,10
13.021320343,80.1832122803,60507,60517,10
13.0211200714,80.1835784912,60517,60527,10
13.0208902359,80.1840133667,60527,60547,20
13.0208902359,80.1840133667,60547,60558,11
13.0207500458,80.184387207,60558,60568,10
13.0205898285,80.1849594116,60568,60584,16
13.019949913,80.1858596802,60584,60596,12
13.019109726,80.1863632202,60596,60606,10
13.0184402466,80.1867904663,60606,60616,10
13.0178499222,80.1873703003,60616,60626,10
13.0174303055,80.1881790161,60626,60636,10
13.0170202255,80.1889572144,60636,60646,10
13.0167703629,80.1894607544,60646,60656,10
13.0167598724,80.1894683838,60656,60667,11
13.0166301727,80.1896820068,60667,60677,10
13.0163602829,80.1901626587,60677,60687,10
13.0160303116,80.1907806396,60687,60697,10
13.0156402588,80.1914825439,60697,60707,10
13.0152997971,80.1921081543,60707,60717,10
13.0147600174,80.1930465698,60717,60726,9
13.0143604279,80.193611145,60726,60737,11
13.013710022,80.1940994263,60737,60747,10
13.0128602982,80.1946105957,60747,60757,10
13.0120401382,80.1951217651,60757,60767,10
13.011300087,80.1955795288,60767,60778,11
13.0109596252,80.1958007813,60778,60788,10
13.0106697083,80.195930481,60788,60798,10
13.010219574,80.1959762573,60798,60807,9
13.009759903,80.195930481,60807,60818,11
13.0089797974,80.1961517334,60818,60828,10
13.0085601807,80.1966094971,60828,60838,10
13.0085496902,80.1973419189,60838,60848,10
13.0085897446,80.1979980469,60848,60868,20
13.0085897446,80.1979980469,60868,60878,10
13.0086097717,80.1982727051,60878,60889,11
13.0086297989,80.1989517212,60889,60899,10
13.0086402893,80.1998214722,60899,60909,10
13.0086698532,80.2007904053,60909,60919,10
13.0085897446,80.2017364502,60919,60927,8
13.0085697174,80.2023925781,60927,60939,12
13.0085401535,80.2025680542,60939,60949,10
13.0084600449,80.2028427124,60949,60959,10
13.008190155,80.2032699585,60959,60969,10
13.0077896118,80.2037506104,60969,60979,10
13.0077400208,80.2043991089,60979,60990,11
13.0077199936,80.2052764893,60990,61000,10
13.0077495575,80.2062606812,61000,61010,10
13.007900238,80.2072601318,61010,61020,10
13.0080604553,80.2082519531,61020,61030,10
13.0081996918,80.2093429565,61030,61040,10
13.0084600449,80.2100830078,61040,61049,9
13.0088300705,80.2105484009,61049,61060,11
13.0092802048,80.2109069824,61060,61070,10
13.009180069,80.2113876343,61070,61141,71
13.009180069,80.2113876343,61141,61151,10
13.0090303421,80.2117462158,61151,61161,10
13.0092201233,80.212348938,61161,61171,10
13.0094804764,80.2130737305,61171,61181,10
13.0097799301,80.2138519287,61181,61191,10
13.0101003647,80.2146224976,61191,61201,10
13.0102596283,80.2156600952,61201,61212,11
13.0106601715,80.2166290283,61212,61222,10
13.0111103058,80.2175369263,61222,61232,10
13.0114603043,80.2184906006,61232,61242,10
13.0118103027,80.2194366455,61242,61252,10
13.0121002197,80.2203598022,61252,61262,10
13.0122098923,80.2206497192,61262,61272,10
13.0123901367,80.2211380005,61272,61282,10
13.0126600266,80.2216720581,61282,61292,10
13.0131196976,80.2222595215,61292,61302,10
13.0136604309,80.2229309082,61302,61312,10
13.0139799118,80.2234420776,61312,61323,11
13.0142602921,80.2238464355,61323,61333,10
13.014749527,80.2244491577,61333,61343,10
13.015080452,80.2247619629,61343,61353,10
13.0153398514,80.2251205444,61353,61363,10
13.0154304504,80.2256011963,61363,61373,10
13.0149803162,80.2259902954,61373,61383,10
13.0144195557,80.2262802124,61383,61393,10
13.014169693,80.2263565063,61393,61403,10
13.0140695572,80.2263793945,61403,61413,10
13.0136404037,80.2265396118,61413,61423,10
13.0129203796,80.2267990112,61423,61434,11
13.0119400024,80.2271881104,61434,61444,10
13.0109500885,80.2275924683,61444,61454,10
13.009929657,80.228012085,61454,61464,10
13.0091400146,80.2285614014,61464,61474,10
13.0089597702,80.2295227051,61474,61484,10
13.008769989,80.2305603027,61484,61494,10
13.0085697174,80.2315597534,61494,61504,10
13.0083904266,80.2325820923,61504,61514,10
13.0082597733,80.2335205078,61514,61524,10
13.0081996918,80.2337112427,61524,61534,10
13.0081596375,80.2337875366,61534,61545,11
13.008099556,80.2340087891,61545,61555,10
13.0080003738,80.2344589233,61555,61565,10
13.0079298019,80.2348709106,61565,61575,10
13.0079202652,80.2350692749,61575,61591,16
13.0077199936,80.2358932495,61591,61603,12
13.0075302124,80.236907959,61603,61611,8
13.0073795319,80.237701416,61611,61623,12
13.0071802139,80.2387008667,61623,61633,10
13.007060051,80.2394485474,61633,61643,10
13.0069599152,80.2400436401,61643,61664,21
13.0069599152,80.2400436401,61664,61674,10
13.0070199966,80.2402420044,61674,61684,10
13.0069303513,80.2406921387,61684,61694,10
13.0068902969,80.2408065796,61694,61704,10
13.006819725,80.2410125732,61704,61714,10
13.0067501068,80.2416000366,61714,61724,10
13.0067300797,80.2424926758,61724,61734,10
13.0067501068,80.2433395386,61734,61744,10
13.0067195892,80.2442626953,61744,61755,11
13.0067300797,80.245300293,61755,61765,10
13.0067796707,80.2461776733,61765,61775,10
13.006819725,80.2470092773,61775,61785,10
13.0067901611,80.2479629517,61785,61795,10
13.0068397522,80.248916626,61795,61805,10
13.0069103241,80.2496032715,61805,61815,10
13.0069103241,80.2496337891,61815,61825,10
13.0068998337,80.2498016357,61825,61835,10
13.0068798065,80.2503128052,61835,61845,10
13.0068702698,80.2510528564,61845,61855,10
13.0067396164,80.2518692017,61855,61866,11
13.0065698624,80.2529296875,61866,61876,10
13.0065803528,80.2540206909,61876,61886,10
13.0066404343,80.2548828125,61886,61896,10
13.0066404343,80.2549667358,61896,61906,10
13.0066204071,80.2551193237,61906,61916,10
13.0066204071,80.2556610107,61916,61926,10
13.0066404343,80.256439209,61926,61936,10
13.0066795349,80.256980896,61936,61946,10
13.0067195892,80.2573394775,61946,61956,10
13.0065603256,80.2576065063,61956,61966,10
13.0060901642,80.2574996948,61966,61977,11
13.0055799484,80.2573699951,61977,61987,10
13.0050802231,80.257232666,61987,61997,10
13.00440979,80.2570877075,61997,62007,10
13.0037603378,80.2569580078,62007,62017,10
13.0031700134,80.2568283081,62017,62027,10
13.0027198792,80.2567367554,62027,62037,10
13.0024795532,80.256690979,62037,62047,10
13.0020704269,80.2566299438,62047,62057,10
13.0015697479,80.2565536499,62057,62067,10
13.00096035,80.2564926147,62067,62077,10
12.9996700287,80.2563095093,62077,62108,31
12.9996700287,80.2563095093,62108,62118,10
12.9993896484,80.2562179565,62118,62128,10
12.9985599518,80.256072998,62128,62148,20
12.9985599518,80.256072998,62148,62158,10
12.9984302521,80.2560424805,62158,62168,10
12.9981498718,80.2559814453,62168,62178,10
12.9979896545,80.2559432983,62178,62188,10
12.9977998734,80.2559432983,62188,62199,11
12.9974098206,80.255897522,62199,62209,10
12.9968395233,80.2558898926,62209,62219,10
12.9962301254,80.2558670044,62219,62229,10
12.9955501556,80.2558898926,62229,62239,10
12.9948797226,80.2559204102,62239,62249,10
12.9941501617,80.2559967041,62249,62259,10
12.993350029,80.256072998,62259,62269,10
12.9924201965,80.2561035156,62269,62279,10
12.991519928,80.256072998,62279,62289,10
12.9908800125,80.2560195923,62289,62300,11
12.9906101227,80.2560119629,62300,62310,10
12.9901103973,80.2559967041,62310,62320,10
12.9894199371,80.2559814453,62320,62330,10
12.9887695313,80.2559204102,62330,62340,10
12.9885396957,80.255897522,62340,62350,10
12.9881496429,80.255859375,62350,62360,10
12.987859726,80.2558135986,62360,62380,20
12.987859726,80.2558135986,62380,62390,10
12.9876403809,80.2560806274,62390,62400,10
12.9876003265,80.2566070557,62400,62411,11
12.9875202179,80.2572784424,62411,62421,10
12.9874601364,80.2579574585,62421,62431,10
12.9873800278,80.2585983276,62431,62441,10
12.9873199463,80.2590866089,62441,62451,10
12.9872102737,80.2595825195,62451,62511,60
12.9872102737,80.2595825195,62511,62522,11
12.9867601395,80.2594833374,62522,62532,10
12.9866104126,80.2593765259,62532,62542,10
12.9866199493,80.2590713501,62542,63813,1271
12.9870004654,80.2590866089,63813,63844,31
12.9871902466,80.2590713501,63844,63904,60
12.9871902466,80.2590713501,63904,63914,10
12.9873800278,80.2587966919,63914,64187,273
12.9873800278,80.2587966919,64187,64197,10
12.9873695374,80.2583999634,64197,64207,10
12.9874000549,80.258102417,64207,64227,20
12.9874000549,80.258102417,64227,64237,10
12.9874696732,80.2578277588,64237,64358,121
12.9874696732,80.2578277588,64358,64369,11
12.9875402451,80.2576370239,64369,64429,60
12.9875402451,80.2576370239,64429,64439,10
12.9875097275,80.2573623657,64439,64449,10
12.9874897003,80.2572097778,64449,64459,10
12.9875202179,80.257019043,64459,64469,10
12.9875802994,80.2564697266,64469,64480,11
12.9876098633,80.255859375,64480,64681,201
12.9876098633,80.255859375,64681,64692,11
12.9877099991,80.2556381226,64692,64702,10
12.9882202148,80.2557373047,64702,64712,10
12.9886302948,80.2558135986,64712,64722,10
12.9887504578,80.2558288574,64722,64732,10
12.9888801575,80.2558670044,64732,64742,10
12.9893398285,80.2559204102,64742,64752,10
12.9901103973,80.2559661865,64752,64762,10
12.9907302856,80.2559814453,64762,64772,10
12.9914102554,80.2560195923,64772,64782,10
12.9922399521,80.2560501099,64782,64792,10
12.9931898117,80.2560195923,64792,64803,11
12.9939699173,80.2559814453,64803,64813,10
12.9941196442,80.2559814453,64813,64823,10
12.9942598343,80.2559585571,64823,64833,10
12.9946298599,80.255897522,64833,64843,10
12.9951200485,80.2558822632,64843,64853,10
12.9954395294,80.2558670044,64853,64863,10
12.9958000183,80.2558898926,64863,64914,51
12.9958000183,80.2558898926,64914,64924,10
12.9960098267,80.2558822632,64924,64934,10
12.9962902069,80.2558898926,64934,64944,10
12.9966001511,80.2558517456,64944,65025,81
12.9966001511,80.2558517456,65025,65035,10
12.996720314,80.2558364868,65035,65045,10
12.997130394,80.2558517456,65045,65055,10
12.9976196289,80.2558670044,65055,65065,10
12.9981899261,80.2559432983,65065,65075,10
12.9987401962,80.2560195923,65075,65085,10
12.9988098145,80.2560272217,65085,65095,10
12.9989299774,80.2560424805,65095,65105,10
12.9994602203,80.2561416626,65105,65115,10
13.0002403259,80.2563018799,65115,65126,11
13.0011901855,80.256477356,65126,65136,10
13.0018596649,80.2566070557,65136,65146,10
13.0023097992,80.256690979,65146,65156,10
13.0026502609,80.2567520142,65156,65166,10
13.0031003952,80.2568283081,65166,65174,8
13.003569603,80.2569198608,65174,65186,12
13.0043802261,80.2570724487,65186,65196,10
13.0052099228,80.257232666,65196,65206,10
13.005900383,80.2573928833,65206,65216,10
13.0065002441,80.2573699951,65216,65226,10
13.006480217,80.256942749,65226,65237,11
13.006480217,80.2561569214,65237,65247,10
13.0065002441,80.2554168701,65247,65257,10
13.0065202713,80.2545471191,65257,65267,10
13.006480217,80.2540588379,65267,65277,10
13.0065002441,80.2540588379,65277,65287,10
13.0065603256,80.2536773682,65287,65297,10
13.0065402985,80.2530822754,65297,65307,10
13.0064897537,80.2525787354,65307,65317,10
13.0065002441,80.2525634766,65317,65327,10
13.0065498352,80.2523574829,65327,65337,10
13.0065898895,80.2519226074,65337,65347,10
13.0066995621,80.2512207031,65347,65358,11
13.0066900253,80.2502822876,65358,65368,10
13.0066900253,80.2493896484,65368,65378,10
13.0065898895,80.2481994629,65378,65398,20
13.0065898895,80.2481994629,65398,65408,10
13.0065698624,80.2480316162,65408,65418,10
13.0065803528,80.2475967407,65418,65428,10
13.0066003799,80.2470703125,65428,65449,21
13.0066003799,80.2470703125,65449,65459,10
13.0066003799,80.2469406128,65459,65469,10
13.0065202713,80.2465820313,65469,65479,10
13.006529808,80.2465362549,65479,65489,10
13.0066204071,80.2462310791,65489,65499,10
13.0066003799,80.2455978394,65499,65509,10
13.0065803528,80.2448806763,65509,65519,10
13.0065603256,80.2442092896,65519,65529,10
13.0065603256,80.2435913086,65529,65539,10
13.006529808,80.2428436279,65539,65549,10
13.006529808,80.2419281006,65549,65560,11
13.0066204071,80.2410202026,65560,65570,10
13.0067195892,80.2403411865,65570,65580,10
13.0068397522,80.2396774292,65580,65590,10
13.0070104599,80.2389221191,65590,65600,10
13.0071601868,80.238067627,65600,65610,10
13.0073003769,80.2374267578,65610,65620,10
13.0073900223,80.2370834351,65620,65630,10
13.0074100494,80.2368621826,65630,65640,10
13.0074396133,80.2366333008,65640,65656,16
13.0075397491,80.2362365723,65656,65669,13
13.0077104568,80.2353820801,65669,65679,10
13.0077800751,80.2350006104,65679,65688,9
13.007900238,80.2344665527,65688,65698,10
13.0080699921,80.233581543,65698,65709,11
13.0082597733,80.2325286865,65709,65719,10
13.0084695816,80.2314376831,65719,65729,10
13.0086898804,80.2302474976,65729,65739,10
13.0088996887,80.2292861938,65739,65749,10
13.0093402863,80.2277832031,65749,65759,10
13.0098199844,80.2266693115,65759,65769,10
13.0103397369,80.2255172729,65769,65780,11
13.0107402802,80.2246627808,65780,65790,10
13.0110397339,80.2239532471,65790,65800,10
13.0112695694,80.2233734131,65800,65820,20
13.0112695694,80.2233734131,65820,65830,10
13.0113296509,80.2230300903,65830,65840,10
13.0115098953,80.2226715088,65840,65850,10
13.0117998123,80.2219772339,65850,65860,10
13.0121202469,80.2211914063,65860,65869,9
13.0119600296,80.2205734253,65869,65880,11
13.0116596222,80.2197036743,65880,65891,11
13.0113697052,80.2187805176,65891,65901,10
13.0110902786,80.2179031372,65901,65911,10
13.0106897354,80.2169876099,65911,65921,10
13.0102596283,80.2161407471,65921,65931,10
13.0099201202,80.215423584,65931,65942,11
13.0093698502,80.2146224976,65942,65952,10
13.0088701248,80.2139663696,65952,65962,10
13.0084295273,80.2134780884,65962,65972,10
13.0080499649,80.2132797241,65972,66023,51
13.0080499649,80.2132797241,66023,66033,10
13.0078401566,80.213142395,66033,66043,10
13.0076303482,80.2129516602,66043,66053,10
13.0072097778,80.2128295898,66053,66063,10
13.0066900253,80.2127609253,66063,66073,10
13.0061197281,80.2128982544,66073,66083,10
13.0055799484,80.2128829956,66083,66093,10
13.0050201416,80.2125473022,66093,66104,11
13.0043497086,80.2121734619,66104,66114,10
13.0037403107,80.2119293213,66114,66124,10
13.0036802292,80.2113189697,66124,66134,10
13.0036001205,80.2107162476,66134,66144,10
13.0035200119,80.2101821899,66144,66154,10
13.0034599304,80.2096481323,66154,66163,9
13.0035400391,80.2091369629,66163,66174,11
13.0038604736,80.2086105347,66174,66184,10
13.0045003891,80.2088470459,66184,66194,10
13.0052204132,80.2091598511,66194,66205,11
13.0060596466,80.209487915,66205,66215,10
13.0064401627,80.209602356,66215,66225,10
13.0069103241,80.2097320557,66225,66235,10
13.0075101852,80.2098388672,66235,66265,30
13.0075101852,80.2098388672,66265,66275,10
13.0077104568,80.2099075317,66275,66285,10
13.0080099106,80.2099761963,66285,66295,10
13.0081796646,80.2098083496,66295,66305,10
13.0080604553,80.2093582153,66305,66316,11
13.0079202652,80.208656311,66316,66326,10
13.0077896118,80.2079162598,66326,66335,9
13.0076704025,80.2071914673,66335,66346,11
13.0075397491,80.206237793,66346,66356,10
13.0074796677,80.2054290771,66356,66366,10
13.0074996948,80.2048492432,66366,66376,10
13.0074996948,80.204460144,66376,66386,10
13.0074901581,80.2040176392,66386,66396,10
13.0074100494,80.2034835815,66396,66406,10
13.0073003769,80.2028579712,66406,66416,10
13.0072603226,80.2021636963,66416,66427,11
13.0073204041,80.2014770508,66427,66447,20
13.0073204041,80.2014770508,66447,66457,10
13.0073604584,80.2013092041,66457,66467,10
13.0074195862,80.2009429932,66467,66477,10
13.0074300766,80.200378418,66477,66487,10
13.0073900223,80.1996765137,66487,66503,16
13.0073003769,80.1985015869,66503,66515,12
13.0072603226,80.197593689,66515,66523,8
13.0072498322,80.1969985962,66523,66536,13
13.0072402954,80.1967926025,66536,66546,10
13.0072603226,80.1966400146,66546,66556,10
13.0073003769,80.1962814331,66556,66566,10
13.0076799393,80.1961975098,66566,66576,10
13.0082902908,80.1963119507,66576,66586,10
13.0087099075,80.1961975098,66586,66596,10
13.0091495514,80.1960220337,66596,66606,10
13.0097999573,80.1958770752,66606,66616,10
13.0105495453,80.1958465576,66616,66626,10
13.0110998154,80.1954803467,66626,66636,10
13.0116596222,80.1951370239,66636,66647,11
13.0124597549,80.1946487427,66647,66657,10
13.0132303238,80.1941833496,66657,66667,10
13.0139503479,80.1937484741,66667,66677,10
13.0143899918,80.1932830811,66677,66687,10
13.0146303177,80.1929168701,66687,66697,10
13.0147800446,80.1926727295,66697,66707,10
13.0148496628,80.1925811768,66707,66717,10
13.0150203705,80.192199707,66717,66727,10
13.0153799057,80.1915512085,66727,66737,10
13.0158195496,80.1908035278,66737,66748,11
13.0162401199,80.1900177002,66748,66758,10
13.0164299011,80.1896591187,66758,66768,10
13.0166797638,80.189163208,66768,66788,20
13.0166797638,80.189163208,66788,66798,10
13.0168304443,80.188911438,66798,66808,10
13.0170097351,80.1885070801,66808,66818,10
13.0172395706,80.188079834,66818,66828,10
13.0175199509,80.1875991821,66828,66838,10
13.0178403854,80.1871032715,66838,66848,10
13.0181798935,80.1867980957,66848,66859,11
13.0186595917,80.1864471436,66859,66869,10
13.0192604065,80.1860809326,66869,66878,9
13.0198497772,80.1857376099,66878,66889,11
13.0203399658,80.1852264404,66889,66899,10
13.0205802917,80.1844177246,66899,66929,30
13.0205802917,80.1844177246,66929,66939,10
13.0206804276,80.1841583252,66939,66949,10
13.020819664,80.183883667,66949,66960,11
13.0209798813,80.1835327148,66960,66970,10
13.0211200714,80.1832809448,66970,66980,10
13.0213403702,80.1829223633,66980,66990,10
13.0216398239,80.1823501587,66990,67000,10
13.0219297409,80.1818466187,67000,67010,10
13.0222396851,80.1812973022,67010,67020,10
13.0225801468,80.1806182861,67020,67030,10
13.0230302811,80.1798706055,67030,67040,10
13.023440361,80.1791000366,67040,67050,10
13.0236797333,80.1786422729,67050,67060,10
13.023730278,80.1785583496,67060,67071,11
13.0237998962,80.1784286499,67071,67087,16
13.0241699219,80.1777801514,67087,67099,12
13.0245895386,80.1769866943,67099,67109,10
13.0249004364,80.1764297485,67109,67119,10
13.0253000259,80.1757965088,67119,67129,10
13.0255699158,80.1753463745,67129,67139,10
13.0259399414,80.1746826172,67139,67149,10
13.0262804031,80.174041748,67149,67159,10
13.026720047,80.1732635498,67159,67169,10
13.0272197723,80.1723480225,67169,67180,11
13.0278100967,80.1713104248,67180,67190,10
13.028260231,80.1705169678,67190,67201,11
13.0286397934,80.1697769165,67201,67211,10
13.0289402008,80.1692886353,67211,67231,20
13.0289402008,80.1692886353,67231,67241,10
13.028960228,80.1692581177,67241,67251,10
13.0290899277,80.1690063477,67251,67271,20
13.0290899277,80.1690063477,67271,67281,10
13.0291996002,80.1688690186,67281,67292,11
13.0295295715,80.168296814,67292,67302,10
13.0299196243,80.1675567627,67302,67312,10
13.030380249,80.1667404175,67312,67322,10
13.03083992,80.1659011841,67322,67332,10
13.0312995911,80.1650619507,67332,67342,10
13.0316400528,80.1644210815,67342,67352,10
13.0318603516,80.1639328003,67352,67362,10
13.0321702957,80.1634368896,67362,67372,10
13.0322904587,80.1632614136,67372,67382,10
13.0323801041,80.1631164551,67382,67392,10
13.0326099396,80.1627197266,67392,67403,11
13.0329399109,80.1621398926,67403,67413,10
13.033249855,80.1615371704,67413,67423,10
13.0336198807,80.1608886719,67423,67433,10
13.0338497162,80.16040802,67433,67443,10
13.0339002609,80.1603393555,67443,67453,10
13.0340795517,80.1600036621,67453,67463,10
13.0342998505,80.1594696045,67463,67473,10
13.0343198776,80.1587295532,67473,67483,10
13.0342998505,80.1579208374,67483,67493,10
13.0342302322,80.1571578979,67493,67504,11
13.0342998505,80.1565628052,67504,67514,10
13.0344495773,80.1561737061,67514,67625,111
13.0344495773,80.1561737061,67625,67635,10
13.0345401764,80.156036377,67635,67645,10
13.0347003937,80.1557235718,67645,67655,10
13.0348796844,80.1553878784,67655,67665,10
13.0350103378,80.1551132202,67665,67675,10
13.0351600647,80.1548614502,67675,67685,10
13.0353899002,80.1544570923,67685,67695,10
13.035610199,80.1540298462,67695,67705,10
13.03565979,80.1539535522,67705,67715,10
13.0356903076,80.1539001465,67715,67726,11
13.0358695984,80.1535186768,67726,67736,10
13.0361204147,80.1529922485,67736,67746,10
13.0361700058,80.1521682739,67746,67756,10
13.0361404419,80.1511764526,67756,67766,10
13.0361003876,80.150100708,67766,67776,10
13.0360803604,80.1490707397,67776,67786,10
13.03606987,80.1480407715,67786,67796,10
13.03606987,80.1470794678,67796,67806,10
13.03606987,80.1465530396,67806,67816,10
13.03606987,80.146446228,67816,67826,10
13.0361299515,80.1460037231,67826,67837,11
13.0362300873,80.1451568604,67837,67847,10
13.0363502502,80.1442489624,67847,67857,10
13.0364303589,80.143371582,67857,67867,10
13.0365200043,80.1427536011,67867,67887,20
13.0365200043,80.1427536011,67887,67897,10
13.0365695953,80.142616272,67897,67917,20
13.0365695953,80.142616272,67917,67927,10
13.036649704,80.1421813965,67927,67938,11
13.0367603302,80.1415176392,67938,67948,10
13.0368404388,80.1410217285,67948,67958,10
13.036939621,80.1402816772,67958,67968,10
13.0370798111,80.1393814087,67968,67978,10
13.0371704102,80.1385421753,67978,67988,10
13.0371904373,80.1384124756,67988,67998,10
13.0372600555,80.1380386353,67998,68008,10
13.0373401642,80.1373825073,68008,68018,10
13.0374698639,80.1366119385,68018,68028,10
13.0376701355,80.1359024048,68028,68038,10
13.0378799438,80.1353378296,68038,68049,11
13.0380802155,80.1347885132,68049,68059,10
13.0381603241,80.1343994141,68059,68069,10
13.0378599167,80.1343917847,68069,68079,10
13.0375204086,80.1349411011,68079,68412,333
13.0375204086,80.1349411011,68412,68422,10
13.0376195908,80.1351623535,68422,68493,71
13.0376195908,80.1351623535,68493,68503,10
13.037899971,80.1353378296,68503,68513,10
13.0379600525,80.1354675293,68513,68523,10
13.0378398895,80.1358566284,68523,68533,10
13.0376396179,80.1365203857,68533,68543,10
13.0374803543,80.1373825073,68543,68553,10
13.0373601913,80.1382217407,68553,68563,10
13.0372695923,80.1388168335,68563,68573,10
13.0371704102,80.1395111084,68573,68584,11
13.0370502472,80.1402816772,68584,68594,10
13.0369501114,80.1409378052,68594,68604,10
13.0369195938,80.1416320801,68604,68614,10
13.0368003845,80.1421737671,68614,68654,40
13.0368003845,80.1421737671,68654,68664,10
13.0367698669,80.1423568726,68664,68674,10
13.0366697311,80.1427993774,68674,68684,10
13.0365600586,80.1434326172,68684,68695,11
13.0364303589,80.1443634033,68695,68705,10
13.0362997055,80.1453170776,68705,68715,10
13.0361995697,80.1461105347,68715,68725,10
13.0361795425,80.1464309692,68725,68735,10
13.0361700058,80.1465301514,68735,68745,10
13.0361604691,80.146987915,68745,68755,10
13.0361604691,80.1477203369,68755,68765,10
13.0362300873,80.1487121582,68765,68806,41
13.0362300873,80.1487121582,68806,68816,10
13.036239624,80.1488189697,68816,68826,10
13.0362501144,80.1492080688,68826,68836,10
13.0362100601,80.1498184204,68836,68846,10
13.0361995697,80.1505584717,68846,68856,10
13.0362100601,80.1514205933,68856,68866,10
13.036239624,80.1523895264,68866,68876,10
13.0361003876,80.1532897949,68876,68886,10
13.0357704163,80.1539382935,68886,68896,10
13.0356702805,80.1541137695,68896,68906,10
13.0355796814,80.1542205811,68906,68917,11
13.0353403091,80.1547164917,68917,68927,10
13.0350399017,80.1553573608,68927,68937,10
13.0347700119,80.1558990479,68937,68947,10
13.0344696045,80.1564178467,68947,68957,10
13.0342702866,80.1570663452,68957,68967,10
13.034330368,80.1577606201,68967,68977,10
13.0343799591,80.158416748,68977,68987,10
13.0343799591,80.1591491699,68987,68997,10
13.0343198776,80.1597595215,68997,69007,10
13.0341396332,80.1601028442,69007,69018,11
13.0339002609,80.1605377197,69018,69028,10
13.0336704254,80.1609725952,69028,69038,10
13.0336198807,80.1610412598,69038,69048,10
13.0334796906,80.161277771,69048,69058,10
13.0331697464,80.161857605,69058,69068,10
13.0327701569,80.1625976563,69068,69078,10
13.0322999954,80.1634368896,69078,69088,10
13.031920433,80.1641387939,69088,69098,10
13.0318899155,80.1641998291,69098,69108,10
13.0317201614,80.1644821167,69108,69118,10
13.031370163,80.1650924683,69118,69129,11
13.0308799744,80.1659698486,69129,69139,10
13.030380249,80.1668395996,69139,69149,10
13.0299100876,80.1676864624,69149,69159,10
13.0295200348,80.1684188843,69159,69169,10
13.0294103622,80.1686172485,69169,69185,16
13.0292196274,80.1689376831,69185,69197,12
13.0287904739,80.1696777344,69197,69207,10
13.028380394,80.1704483032,69207,69216,9
13.0279397964,80.1712417603,69216,69227,11
13.0273895264,80.1722335815,69227,69238,11
13.0268096924,80.1732711792,69238,69248,10
13.0262804031,80.1742019653,69248,69258,10
13.0258102417,80.1750335693,69258,69268,10
13.0253400803,80.1758804321,69268,69274,6
13.0251102448,80.1762619019,69274,69288,14
13.0244998932,80.1773376465,69288,69298,10
13.0240297318,80.1781692505,69298,69308,10
13.0235996246,80.1789321899,69308,69318,10
13.0231599808,80.1797027588,69318,69328,10
13.0228500366,80.180267334,69328,69338,10
13.0226602554,80.1806182861,69338,69349,11
13.0223703384,80.1811676025,69349,69359,10
13.0216798782,80.1824264526,69359,69414,55
13.0216798782,80.1824264526,69414,69425,11
13.0215501785,80.1826324463,69425,69435,10
13.0213403702,80.1830215454,69435,69445,10
13.0211400986,80.1833572388,69445,69456,11
13.0209598541,80.1837005615,69456,69466,10
13.0208797455,80.1838531494,69466,69475,9
13.0208301544,80.1839599609,69475,69486,11
13.0206403732,80.184387207,69486,69496,10
13.0205898285,80.1845932007,69496,69506,10
13.0204000473,80.1851882935,69506,69516,10
13.0198497772,80.1858062744,69516,69526,10
13.018989563,80.1863174438,69526,69536,10
13.0181598663,80.1868896484,69536,69546,10
13.0176000595,80.1876831055,69546,69556,10
13.0171604156,80.1885223389,69556,69567,11
13.0169000626,80.1890487671,69567,69577,10
13.0168199539,80.189163208,69577,69587,10
13.016579628,80.1895217896,69587,69597,10
13.0162496567,80.1901397705,69597,69607,10
13.0159101486,80.1907806396,69607,69617,10
13.0155200958,80.1914825439,69617,69627,10
13.0151195526,80.1921691895,69627,69637,10
13.0146999359,80.1929016113,69637,69647,10
13.0143604279,80.1934127808,69647,69657,10
13.0142202377,80.193572998,69657,69668,11
13.0140600204,80.1937179565,69668,69678,10
13.0136098862,80.1940078735,69678,69688,10
13.0129899979,80.1943969727,69688,69698,10
13.0122804642,80.1948623657,69698,69708,10
13.0115604401,80.1953125,69708,69718,10
13.0109596252,80.1956710815,69718,69728,10
13.0105495453,80.1958694458,69728,69738,10
13.0101099014,80.1959228516,69738,69748,10
13.0095396042,80.1958999634,69748,69758,10
13.0090904236,80.1960372925,69758,69768,10
13.0087099075,80.1961517334,69768,69779,11
13.008480072,80.1966781616,69779,69789,10
13.008480072,80.1973571777,69789,69799,10
13.0085201263,80.1979370117,69799,69809,10
13.0085401535,80.1984176636,69809,69819,10
13.0085296631,80.1990432739,69819,69829,10
13.0085496902,80.1999588013,69829,69839,10
13.0085601807,80.2009429932,69839,69849,10
13.008480072,80.2018585205,69849,69859,10
13.0084104538,80.2026824951,69859,69869,10
13.0080404282,80.2033081055,69869,69879,10
13.0076704025,80.2039871216,69879,69890,11
13.0076599121,80.2049713135,69890,69900,10
13.0076398849,80.2058563232,69900,69910,10
13.0077600479,80.2065811157,69910,69920,10
13.0078601837,80.2073822021,69920,69930,10
13.0079698563,80.2081832886,69930,69940,10
13.0081300735,80.2089767456,69940,69950,10
13.0083799362,80.2098770142,69950,69960,10
13.0087499619,80.2104797363,69960,69970,10
13.0089797974,80.2106781006,69970,69980,10
13.0090904236,80.2107696533,69980,69991,11
13.0092601776,80.2109069824,69991,70001,10
13.0092496872,80.211151123,70001,70112,111
13.0090703964,80.211479187,70112,70132,20
13.0090703964,80.211479187,70132,70142,10
13.0089302063,80.2115402222,70142,70152,10
13.0090198517,80.2118225098,70152,70164,12
13.00922966,80.2124481201,70164,70174,10
13.0094404221,80.2130432129,70174,70184,10
13.0096998215,80.2136764526,70184,70194,10
13.0099401474,80.2142486572,70194,70204,10
13.0101003647,80.2148590088,70204,70215,11
13.010219574,80.2156677246,70215,70225,10
13.0105400085,80.2164230347,70225,70235,10
13.0108699799,80.2171401978,70235,70245,10
13.0112400055,80.2179718018,70245,70256,11
13.0115804672,80.2188873291,70256,70266,10
13.0119304657,80.2199630737,70266,70276,10
13.012169838,80.2207336426,70276,70286,10
13.0123796463,80.2215194702,70286,70296,10
13.0127696991,80.2220230103,70296,70306,10
13.0132198334,80.2225799561,70306,70317,11
13.0137901306,80.2232284546,70317,70327,10
13.0141496658,80.2237091064,70327,70337,10
13.0145597458,80.2241973877,70337,70345,8
13.0147800446,80.2244415283,70345,70357,12
13.0149898529,80.2246398926,70357,70367,10
13.0152397156,80.2249603271,70367,70377,10
13.0153903961,80.2253875732,70377,70387,10
13.0152397156,80.2257537842,70387,70397,10
13.0149698257,80.2258987427,70397,70407,10
13.0145301819,80.2260284424,70407,70418,11
13.0139904022,80.2262802124,70418,70428,10
13.013299942,80.2265777588,70428,70438,10
13.0125398636,80.2268829346,70438,70448,10
13.0116701126,80.2271881104,70448,70458,10
13.0107402802,80.2275619507,70458,70468,10
13.0099601746,80.2278900146,70468,70478,10
13.00922966,80.2282562256,70478,70488,10
13.0089797974,80.2291030884,70488,70498,10
13.0087995529,80.2300796509,70498,70508,10
13.0086097717,80.2310791016,70508,70518,10
13.0083999634,80.232131958,70518,70529,11
13.0081996918,80.2335205078,70529,70549,20
13.0081996918,80.2335205078,70549,70559,10
13.0081501007,80.2336502075,70559,70569,10
13.0080499649,80.2340087891,70569,70579,10
13.0079498291,80.2345199585,70579,70589,10
13.0078897476,80.2348937988,70589,70599,10
13.0078496933,80.2351379395,70599,70609,10
13.0077295303,80.2357025146,70609,70619,10
13.0075998306,80.2364196777,70619,70629,10
13.0074300766,80.2372817993,70629,70640,11
13.0072202682,80.2382965088,70640,70650,10
13.0070495605,80.2391433716,70650,70660,10
13.0068998337,80.240020752,70660,70690,30
13.0068998337,80.240020752,70690,70700,10
13.0068798065,80.2404174805,70700,70710,10
13.0067996979,80.2407226563,70710,70720,10
13.0067396164,80.241027832,70720,70730,10
13.0066795349,80.2417221069,70730,70741,11
13.0066404343,80.2426376343,70741,70751,10
13.0066003799,80.2434768677,70751,70761,10
13.0066003799,80.2444000244,70761,70771,10
13.0066003799,80.2451477051,70771,70781,10
13.0066299438,80.2459716797,70781,70791,10
13.0066604614,80.2465820313,70791,70801,10
13.0066699982,80.247177124,70801,70811,10
13.0066795349,80.2478179932,70811,70821,10
13.0066995621,80.2486114502,70821,70831,10
13.0067796707,80.249382019,70831,70841,10
13.0067796707,80.2495803833,70841,70852,11
13.0067396164,80.2499771118,70852,70868,16
13.0067396164,80.2509002686,70868,70880,12
13.0066795349,80.2515792847,70880,70889,9
13.0065498352,80.2521972656,70889,70900,11
13.0064897537,80.2530136108,70900,70910,10
13.006480217,80.2537307739,70910,70920,10
13.006529808,80.2546234131,70920,70930,10
13.006529808,80.2547836304,70930,70940,10
13.006529808,80.2550201416,70940,70950,10
13.0065402985,80.2556381226,70950,70961,11
13.0065402985,80.256439209,70961,70971,10
13.0065803528,80.2569732666,70971,71021,50
13.0065803528,80.2569732666,71021,71031,10
13.0066404343,80.2570800781,71031,71041,10
13.0065002441,80.2574462891,71041,71051,10
13.0060501099,80.2574310303,71051,71060,9
13.0057897568,80.2573623657,71060,71071,11
13.0054101944,80.257270813,71071,71082,11
13.004699707,80.2571334839,71082,71092,10
13.0040197372,80.2570037842,71092,71102,10
13.0033197403,80.2568588257,71102,71112,10
13.002699852,80.256729126,71112,71122,10
13.0020704269,80.2566223145,71122,71132,10
13.0014801025,80.2565307617,71132,71173,41
13.0014801025,80.2565307617,71173,71183,10
13.0013399124,80.2564620972,71183,71193,10
13.0009298325,80.2564315796,71193,71203,10
13.0003404617,80.256362915,71203,71213,10
12.9996404648,80.2562408447,71213,71223,10
12.9989404678,80.2561035156,71223,71233,10
12.9984102249,80.2560501099,71233,71253,20
12.9984102249,80.2560501099,71253,71263,10
12.9982299805,80.2560119629,71263,71273,10
12.9979200363,80.2559432983,71273,71284,11
12.9972400665,80.2558670044,71284,71294,10
12.9968004227,80.2558364868,71294,71304,10
12.9963998795,80.255859375,71304,71314,10
12.995880127,80.2558517456,71314,71324,10
12.9954996109,80.2558822632,71324,71334,10
12.9951000214,80.2558822632,71334,71344,10
12.9945497513,80.2558898926,71344,71354,10
12.994099617,80.2559280396,71354,71364,10
12.9934501648,80.2559661865,71364,71374,10
12.9926900864,80.2560119629,71374,71385,11
12.9918003082,80.2560272217,71385,71395,10
12.9910898209,80.2559814453,71395,71435,40
12.9910898209,80.2559814453,71435,71445,10
12.9906301498,80.2559814453,71445,71455,10
12.990240097,80.2559661865,71455,71465,10
12.9896802902,80.2559661865,71465,71475,10
12.9892196655,80.2559280396,71475,71485,10
12.9886398315,80.2559127808,71485,71506,21
12.9886398315,80.2559127808,71506,71516,10
12.9884595871,80.2559204102,71516,71526,10
12.988240242,80.2558898926,71526,71536,10
12.9882097244,80.2558822632,71536,71546,10
12.9881000519,80.255821228,71546,71556,10
12.9878196716,80.2557983398,71556,71576,20
12.9878196716,80.2557983398,71576,71586,10
12.9875802994,80.2561416626,71586,71596,10
12.9875297546,80.2567062378,71596,71607,11
12.9874696732,80.2572784424,71607,71617,10
12.9874200821,80.2579574585,71617,71627,10
12.9873600006,80.2585983276,71627,71643,16
12.9873199463,80.2590866089,71643,71655,12
12.9872703552,80.2594528198,71655,71705,50
12.9872703552,80.2594528198,71705,71716,11
12.9868803024,80.2594833374,71716,71726,10
12.9865999222,80.259437561,71726,71736,10
12.9865398407,80.2591400146,71736,71745,9
12.9867801666,80.2590026855,71745,72200,455
12.9867801666,80.2590026855,72200,72210,10
12.9871501923,80.2591171265,72210,72220,10
12.9872999191,80.2590637207,72220,72230,10
12.9873199463,80.2587890625,72230,72250,20
12.9873399734,80.2585601807,72250,72271,21
12.9873399734,80.2585601807,72271,72281,10
12.9873399734,80.2583999634,72281,72291,10
12.9873600006,80.2580413818,72291,72301,10
12.9874200821,80.2575073242,72301,72311,10
12.9874696732,80.2570724487,72311,72422,111
12.9875402451,80.256729126,72422,72563,141
12.9875402451,80.256729126,72563,72574,11
12.9875497818,80.2563934326,72574,72584,10
12.9875602722,80.256187439,72584,72594,10
12.9875602722,80.2559509277,72594,72604,10
12.9876499176,80.2557220459,72604,72614,10
12.9878902435,80.2557296753,72614,72664,50
12.9878902435,80.2557296753,72664,72674,10
12.9883098602,80.2557983398,72674,72685,11
12.9884796143,80.255821228,72685,72695,10
12.9886903763,80.2558517456,72695,72705,10
12.9888801575,80.2558898926,72705,72715,10
12.9893102646,80.2559127808,72715,72725,10
12.9900197983,80.2559204102,72725,72735,10
12.9905700684,80.255897522,72735,72745,10
12.9910001755,80.2559204102,72745,72755,10
12.9917402267,80.2559814453,72755,72765,10
12.9925899506,80.2559661865,72765,72775,10
12.9934997559,80.2559280396,72775,72785,10
12.9942703247,80.2558898926,72785,72796,11
12.9948301315,80.255859375,72796,72816,20
12.9948301315,80.255859375,72816,72826,10
12.99518013,80.255859375,72826,72836,10
12.9955797195,80.2558135986,72836,72846,10
12.9961595535,80.2557983398,72846,72856,10
12.9967403412,80.2557983398,72856,72917,61
12.9967403412,80.2557983398,72917,72927,10
12.9968900681,80.255821228,72927,72937,10
12.9972000122,80.2558288574,72937,72947,10
12.9977903366,80.2558822632,72947,72957,10
12.9987001419,80.2559814453,72957,73018,61
12.9987001419,80.2559814453,73018,73028,10
12.9992198944,80.256072998,73028,73038,10
12.9998197556,80.256187439,73038,73048,10
13.0009803772,80.2563934326,73048,73078,30
13.0009803772,80.2563934326,73078,73088,10
13.0010995865,80.256401062,73088,73098,10
13.0014696121,80.2564926147,73098,73108,10
13.002120018,80.2565994263,73108,73119,11
13.0029096603,80.2567367554,73119,73128,9
13.0036401749,80.2568969727,73128,73139,11
13.0045204163,80.2570495605,73139,73149,10
13.0053396225,80.2571792603,73149,73159,10
13.0058298111,80.257270813,73159,73169,10
13.0061903,80.2573394775,73169,73179,10
13.0064897537,80.2572402954,73179,73189,10
13.0064496994,80.2568206787,73189,73199,10
13.0064697266,80.2560501099,73199,73209,10
13.0064897537,80.2552337646,73209,73219,10
13.0064601898,80.2544937134,73219,73230,11
13.0064401627,80.2541122437,73230,73240,10
13.0064601898,80.2539978027,73240,73250,10
13.0064697266,80.2537612915,73250,73260,10
13.0064697266,80.2537384033,73260,73270,10
13.0064897537,80.2536315918,73270,73280,10
13.0064897537,80.2534484863,73280,73290,10
13.006480217,80.2529525757,73290,73330,40
13.0064601898,80.2525787354,73330,73361,31
13.0064601898,80.2525787354,73361,73371,10
13.0065202713,80.2524490356,73371,73381,10
13.0066003799,80.2520065308,73381,73391,10
13.0066900253,80.2514724731,73391,73401,10
13.0066795349,80.250793457,73401,73411,10
13.0066699982,80.2499771118,73411,73421,10
13.0066795349,80.249382019,73421,73431,10
13.0066604614,80.2488937378,73431,73442,11
13.0066204071,80.248298645,73442,73452,10
13.0065803528,80.2479476929,73452,73522,70
13.0065803528,80.2479476929,73522,73532,10
13.0066003799,80.2477035522,73532,73542,10
13.0066299438,80.2472076416,73542,73553,11
13.0065603256,80.2466812134,73553,73573,20
13.0065603256,80.2466812134,73573,73583,10
13.0065898895,80.2463226318,73583,73593,10
13.0065803528,80.2457275391,73593,73603,10
13.0065603256,80.2451019287,73603,73613,10
13.0065603256,80.2445602417,73613,73623,10
13.0065803528,80.2442932129,73623,73633,10
13.0065803528,80.2440414429,73633,73643,10
13.0065898895,80.2436904907,73643,73653,10
13.0065498352,80.2432098389,73653,73663,10
13.0065202713,80.2425689697,73663,73674,11
13.0065202713,80.2417602539,73674,73684,10
13.0065202713,80.2416229248,73684,73694,10
13.0065402985,80.2413406372,73694,73703,9
13.0066099167,80.2408370972,73703,73713,10
13.0067596436,80.2401580811,73713,73723,10
13.0068998337,80.2394104004,73723,73734,11
13.0070800781,80.2384414673,73734,73744,10
13.0072603226,80.2375717163,73744,73754,10
13.0073604584,80.2369995117,73754,73765,11
13.0073699951,80.2367935181,73765,73775,10
13.0074100494,80.2366409302,73775,73785,10
13.007519722,80.2362136841,73785,73795,10
13.0076599121,80.2355804443,73795,73805,10
13.0078201294,80.2347717285,73805,73815,10
13.0080003738,80.2339401245,73815,73824,9
13.0081596375,80.2331466675,73824,73835,11
13.0083599091,80.2321777344,73835,73845,10
13.0085802078,80.2310714722,73845,73855,10
13.008769989,80.2301635742,73855,73865,10
13.0089998245,80.2289810181,73865,73876,11
13.0093202591,80.2277679443,73876,73886,10
13.0097904205,80.2266998291,73886,73896,10
13.0102300644,80.2257080078,73896,73906,10
13.0106401443,80.2248382568,73906,73916,10
13.0109796524,80.2241821289,73916,73926,10
13.0113697052,80.2232894897,73926,73956,30
13.0113697052,80.2232894897,73956,73966,10
13.0114498138,80.2229537964,73966,73976,10
13.0116195679,80.2224807739,73976,73987,11
13.0119400024,80.2215423584,73987,73997,10
13.0119895935,80.2206497192,73997,74007,10
13.0116996765,80.2198028564,74007,74017,10
13.011639595,80.2196273804,74017,74027,10
13.0115804672,80.2194519043,74027,74037,10
13.0114402771,80.218963623,74037,74047,10
13.0112199783,80.2182998657,74047,74057,10
13.0109596252,80.2175979614,74057,74067,10
13.0106697083,80.2168884277,74067,74076,9
13.0104103088,80.2163085938,74076,74086,10
13.0100898743,80.2157363892,74086,74098,12
13.0096101761,80.2148895264,74098,74108,10
13.0091199875,80.2142410278,74108,74118,10
13.0086202621,80.2136001587,74118,74128,10
13.0082798004,80.2133636475,74128,74148,20
13.0081796646,80.2133178711,74148,74188,40
13.0081796646,80.2133178711,74188,74199,11
13.0078201294,80.2130813599,74199,74209,10
13.0077600479,80.2130203247,74209,74218,9
13.0076303482,80.2129211426,74218,74229,11
13.0072402954,80.2127990723,74229,74239,10
13.0068302155,80.2127380371,74239,74249,10
13.0061903,80.2128372192,74249,74259,10
13.0055103302,80.2128372192,74259,74269,10
13.0048503876,80.2124176025,74269,74279,10
13.0040998459,80.2121276855,74279,74290,11
13.0036697388,80.2116928101,74290,74300,10
13.003660202,80.2109832764,74300,74311,11
13.0035800934,80.2103500366,74311,74321,10
13.0035104752,80.2097473145,74321,74331,10
13.0036001205,80.2090301514,74331,74341,10
13.0040998459,80.2086105347,74341,74351,10
13.0049695969,80.2090072632,74351,74361,10
13.0058698654,80.2093811035,74361,74371,10
13.0066099167,80.2096328735,74371,74381,10
13.0072698593,80.2097625732,74381,74401,20
13.0072698593,80.2097625732,74401,74412,11
13.0075798035,80.2098388672,74412,74422,10
13.007610321,80.2098464966,74422,74432,10
13.0080604553,80.2099533081,74432,74442,10
13.0081796646,80.209777832,74442,74452,10
13.0080604553,80.2092208862,74452,74462,10
13.0079097748,80.2083587646,74462,74472,10
13.0077600479,80.207359314,74472,74482,10
13.007610321,80.206413269,74482,74492,10
13.0075302124,80.2054595947,74492,74502,10
13.0075397491,80.2045898438,74502,74512,10
13.0074901581,80.2037734985,74512,74523,11
13.007349968,80.2027435303,74523,74533,10
13.007349968,80.2018127441,74533,74543,10
13.0073795319,80.201461792,74543,74553,10
13.0074100494,80.2012176514,74553,74563,10
13.0074396133,80.2006225586,74563,74573,10
13.0074596405,80.1998825073,74573,74583,10
13.0074195862,80.1990814209,74583,74593,10
13.0073604584,80.1981964111,74593,74603,10
13.0073204041,80.1973571777,74603,74613,10
13.0073003769,80.1967391968,74613,74623,10
13.0073003769,80.196647644,74623,74634,11
13.0073604584,80.1962585449,74634,74644,10
13.0077104568,80.1961364746,74644,74654,10
13.0083198547,80.1962203979,74654,74664,10
13.0086297989,80.1962509155,74664,74674,10
13.008769989,80.1961975098,74674,74684,10
13.0092201233,80.1959686279,74684,74694,10
13.0099697113,80.1958465576,74694,74704,10
13.0107297897,80.1957702637,74704,74714,10
13.0110998154,80.1955032349,74714,74724,10
13.0111503601,80.1954574585,74724,74735,11
13.011639595,80.1951370239,74735,74745,10
13.0124197006,80.1946563721,74745,74755,10
13.0133800507,80.1941070557,74755,74765,10
13.0142297745,80.1935119629,74765,74775,10
13.0146999359,80.1928482056,74775,74785,10
13.0150299072,80.1922607422,74785,74795,10
13.0154600143,80.1914596558,74795,74805,10
13.0159702301,80.1905822754,74805,74815,10
13.0164299011,80.189743042,74815,74825,10
13.0167398453,80.1891326904,74825,74835,10
13.0167999268,80.1890563965,74835,74846,11
13.0170497894,80.188621521,74846,74856,10
13.0174398422,80.1878967285,74856,74866,10
13.0179595947,80.1870193481,74866,74876,10
13.0187301636,80.1864318848,74876,74886,10
13.0196199417,80.1858901978,74886,74895,9
13.0203199387,80.185333252,74895,74906,11
13.0205802917,80.1845932007,74906,74916,10
13.0205802917,80.1845474243,74916,74926,10
13.0206403732,80.1843490601,74926,74936,10
13.0208797455,80.1837921143,74936,74946,10
13.0213003159,80.1830215454,74946,74957,11
13.0218000412,80.1821365356,74957,74967,10
13.022190094,80.1814575195,74967,74977,10
13.0226898193,80.180557251,74977,74987,10
13.0231399536,80.1797790527,74987,74997,10
13.0235395432,80.1790237427,74997,75007,10
13.0238103867,80.1784973145,75007,75017,10
13.023900032,80.1783676147,75017,75027,10
13.0241203308,80.1779937744,75027,75037,10
13.0244398117,80.177406311,75037,75047,10
13.024720192,80.1768875122,75047,75057,10
13.024939537,80.1765136719,75057,75068,11
13.0252895355,80.1759033203,75068,75078,10
13.0256795883,80.1751785278,75078,75088,10
13.0261602402,80.174331665,75088,75098,10
13.0266399384,80.1734695435,75098,75108,10
13.0271396637,80.1725616455,75108,75118,10
13.0277004242,80.1715774536,75118,75128,10
13.0282096863,80.1706390381,75128,75144,16
13.0290403366,80.1691131592,75144,75164,20
13.0290403366,80.1691131592,75164,75177,13
13.0292901993,80.1687011719,75177,75186,9
13.0296401978,80.1680908203,75186,75196,10
13.0301103592,80.1672821045,75196,75207,11
13.0306997299,80.1662063599,75207,75217,10
13.0312795639,80.1651687622,75217,75227,10
13.0316896439,80.1644134521,75227,75237,10
13.0319004059,80.1640625,75237,75247,10
13.0322904587,80.1633377075,75247,75257,10
13.0327596664,80.1624832153,75257,75267,10
13.0333003998,80.1615371704,75267,75278,11
13.033780098,80.1606674194,75278,75288,10
13.0339298248,80.1604232788,75288,75298,10
13.0339803696,80.1603622437,75298,75308,10
13.0341396332,80.1600570679,75308,75318,10
13.0343599319,80.1595535278,75318,75328,10
13.0343799591,80.1587371826,75328,75338,10
13.0343599319,80.1578826904,75338,75348,10
13.0342798233,80.1569900513,75348,75358,10
13.0346298218,80.1560134888,75358,75459,101
13.0346298218,80.1560134888,75459,75469,10
13.0347700119,80.1557769775,75469,75479,10
13.0350503922,80.1552505493,75479,75490,11
13.0354003906,80.1546020508,75490,75500,10
13.0357198715,80.1539993286,75500,75510,10
13.0357999802,80.1538391113,75510,75520,10
13.0359897614,80.1534576416,75520,75530,10
13.0362195969,80.1528091431,75530,75540,10
13.0362300873,80.1519775391,75540,75550,10
13.0361995697,80.1510162354,75550,75560,10
13.0361700058,80.1499786377,75560,75570,10
13.0361499786,80.1489181519,75570,75580,10
13.0361499786,80.1477813721,75580,75590,10
13.0361499786,80.1467437744,75590,75601,11
13.0362195969,80.1459579468,75601,75610,9
13.0363197327,80.145149231,75610,75621,11
13.03647995,80.1439590454,75621,75631,10
13.0366201401,80.1429901123,75631,75641,10
13.0367603302,80.1420211792,75641,75651,10
13.0368795395,80.1411819458,75651,75661,10
13.0369997025,80.1404571533,75661,75671,10
13.0371198654,80.1396713257,75671,75681,10
13.0372400284,80.1388626099,75681,75691,10
13.0373401642,80.1382598877,75691,75701,10
13.0374298096,80.1376190186,75701,75712,11
13.0375499725,80.1367874146,75712,75722,10
13.0378303528,80.1357574463,75722,75782,60
13.0378303528,80.1357574463,75782,75792,10
13.0380096436,80.1354293823,75792,75802,10
13.0380802155,80.1352310181,75802,75813,11
13.0381803513,80.1349563599,75813,75823,10
13.0382900238,80.1345977783,75823,75833,10
13.0381202698,80.1344223022,75833,75843,10
13.0378303528,80.1345672607,75843,75853,10
13.037779808,80.134803772,75853,75863,10
13.0377397537,80.1350479126,75863,76095,232
13.0378103256,80.1353302002,76095,76115,20
13.0378103256,80.1353302002,76115,76125,10
13.0379600525,80.1354980469,76125,76136,11
13.037899971,80.1358413696,76136,76146,10
13.0376901627,80.1363830566,76146,76156,10
13.0375299454,80.1370773315,76156,76166,10
13.0374097824,80.1379013062,76166,76176,10
13.0372896194,80.1386795044,76176,76186,10
13.0371704102,80.1395263672,76186,76196,10
13.0370502472,80.1404037476,76196,76206,10
13.0369300842,80.1412734985,76206,76216,10
13.0368204117,80.1422119141,76216,76247,31
13.0368204117,80.1422119141,76247,76257,10
13.0367298126,80.1426696777,76257,76267,10
13.0366201401,80.1433410645,76267,76277,10
13.0364904404,80.1442108154,76277,76287,10
13.0363502502,80.1452026367,76287,76297,10
13.0362300873,80.1461105347,76297,76307,10
13.0362300873,80.1465606689,76307,76317,10
13.0362100601,80.1469268799,76317,76327,10
13.0361995697,80.1475982666,76327,76337,10
13.0362300873,80.1483078003,76337,76348,11
13.0362701416,80.1488723755,76348,76358,10
13.0362901688,80.1494064331,76358,76368,10
13.0362701416,80.1501312256,76368,76378,10
13.0362596512,80.1510009766,76378,76388,10
13.0362701416,80.1519927979,76388,76398,10
13.0362701416,80.1528320313,76398,76408,10
13.0360202789,80.1535797119,76408,76418,10
13.0356998444,80.154296875,76418,76459,41
13.0356998444,80.154296875,76459,76469,10
13.0355501175,80.154586792,76469,76479,10
13.0354995728,80.1547088623,76479,76489,10
13.0354299545,80.1548309326,76489,76499,10
13.0352401733,80.1552505493,76499,76509,10
13.0349798203,80.1557693481,76509,76529,20
13.0349798203,80.1557693481,76529,76539,10
13.0349502563,80.1558532715,76539,76549,10
13.0347900391,80.1560974121,76549,76559,10
13.034529686,80.1565628052,76559,76570,11
13.0343503952,80.1571807861,76570,76580,10
13.0343999863,80.1577301025,76580,76589,9
13.0344295502,80.1580581665,76589,76600,11
13.0344295502,80.1585235596,76600,76610,10
13.0344400406,80.1591567993,76610,76620,10
13.0343704224,80.1598205566,76620,76630,10
13.034119606,80.1603317261,76630,76640,10
13.033829689,80.1608428955,76640,76650,10
13.0336799622,80.1611633301,76650,76660,10
13.0335302353,80.1614074707,76660,76670,10
13.0332698822,80.1619033813,76670,76681,11
13.0328798294,80.162612915,76681,76691,10
13.0324897766,80.1632995605,76691,76701,10
13.0320997238,80.1640625,76701,76711,10
13.0317201614,80.1647186279,76711,76721,10
13.0312795639,80.1654815674,76721,76731,10
13.0307598114,80.1663665771,76731,76741,10
13.0302000046,80.1673278809,76741,76751,10
13.0297403336,80.168182373,76751,76761,10
13.0294399261,80.1687316895,76761,76771,10
13.0293998718,80.1688079834,76771,76782,11
13.0293397903,80.1689224243,76782,76792,10
13.0291900635,80.1691436768,76792,76802,10
13.0289802551,80.1695098877,76802,76812,10
13.0288000107,80.1698303223,76812,76822,10
13.0285396576,80.1703262329,76822,76832,10
13.0282001495,80.1709518433,76832,76842,10
13.0277996063,80.171661377,76842,76852,10
13.0273599625,80.1724777222,76852,76862,10
13.02684021,80.1734008789,76862,76872,10
13.0262804031,80.1743774414,76872,76882,10
13.0257701874,80.1752624512,76882,76893,11
13.0252895355,80.1761779785,76893,76903,10
13.0249795914,80.1767578125,76903,76913,10
13.0249004364,80.176902771,76913,76923,10
13.0246601105,80.1772994995,76923,76933,10
13.0242996216,80.1779174805,76933,76943,10
13.0239295959,80.1785812378,76943,76953,10
13.023730278,80.1789703369,76953,76963,10
13.0236797333,80.179069519,76963,76973,10
13.0234603882,80.1794586182,76973,76983,10
13.0231199265,80.1800613403,76983,76993,10
13.0227298737,80.1807022095,76993,77004,11
13.0223197937,80.1813964844,77004,77014,10
13.0219497681,80.1820220947,77014,77024,10
13.0216703415,80.1825714111,77024,77034,10
13.0214099884,80.1830825806,77034,77044,10
13.0213098526,80.1832580566,77044,77054,10
13.0210895538,80.1836013794,77054,77064,10
13.0208597183,80.1840133667,77064,77074,10
13.0208301544,80.1840209961,77074,77084,10
13.0207796097,80.1841430664,77084,77094,10
13.0206203461,80.1846313477,77094,77105,11
13.020409584,80.1853179932,77105,77115,10
13.0192499161,80.1862487793,77115,77125,10
13.0192499161,80.1862487793,77125,77135,10
13.0185499191,80.1866989136,77135,77145,10
13.0179300308,80.1872634888,77145,77155,10
13.017539978,80.1879425049,77155,77165,10
13.0171804428,80.1886291504,77165,77175,10
13.016869545,80.189239502,77175,77185,10
13.0167999268,80.1893997192,77185,77195,10
13.016699791,80.1895599365,77195,77205,10
13.0164299011,80.1900100708,77205,77216,11
13.0160398483,80.1906814575,77216,77226,10
13.0156402588,80.191368103,77226,77235,9
13.0152797699,80.1920166016,77235,77246,11
13.0148496628,80.192817688,77246,77256,10
13.01445961,80.1933898926,77256,77266,10
13.013999939,80.1938323975,77266,77276,10
13.0134000778,80.194229126,77276,77286,10
13.012720108,80.1946792603,77286,77296,10
13.0120000839,80.1951370239,77296,77306,10
13.0112800598,80.1955718994,77306,77317,11
13.0106897354,80.1959228516,77317,77327,10
13.0102596283,80.1959915161,77327,77337,10
13.0096197128,80.1959686279,77337,77347,10
13.0089597702,80.1961669922,77347,77357,10
13.0085201263,80.1965408325,77357,77367,10
13.0084896088,80.1973190308,77367,77377,10
13.0085296631,80.1980133057,77377,77387,10
13.0085401535,80.1982269287,77387,77397,10
13.0085496902,80.1987609863,77397,77407,10
13.0085601807,80.1995010376,77407,77417,10
13.0085897446,80.2004089355,77417,77427,10
13.0085802078,80.2013015747,77427,77444,17
13.0085201263,80.2024230957,77444,77456,12
13.008480072,80.2027816772,77456,77466,10
13.0082502365,80.2032165527,77466,77476,10
13.0077199936,80.203918457,77476,77486,10
13.0076904297,80.2045822144,77486,77495,9
13.0076799393,80.2053222656,77495,77505,10
13.0077199936,80.2063674927,77505,77516,11
13.0078697205,80.2074127197,77516,77526,10
13.0079498291,80.2082901001,77526,77537,11
13.0081195831,80.2093429565,77537,77547,10
13.0084295273,80.2101974487,77547,77557,10
13.0089998245,80.2107696533,77557,77567,10
13.0092897415,80.2111206055,77567,77617,50
13.0092897415,80.2111206055,77617,77627,10
13.0090999603,80.2114486694,77627,77637,10
13.0090999603,80.2114562988,77637,77648,11
13.0089998245,80.2115097046,77648,77658,10
13.0089902878,80.211807251,77658,77668,10
13.0091695786,80.2123718262,77668,77678,10
13.0094404221,80.2130737305,77678,77688,10
13.0097398758,80.2138214111,77688,77698,10
13.0100402832,80.21459198,77698,77708,10
13.0101804733,80.215461731,77708,77718,10
13.0104904175,80.2163085938,77718,77728,10
13.0108804703,80.2171783447,77728,77738,10
13.0112400055,80.2180404663,77738,77748,10
13.0115299225,80.2189102173,77748,77759,11
13.0118398666,80.2198410034,77759,77769,10
13.0120801926,80.2204818726,77769,77779,10
13.0121603012,80.2206573486,77779,77789,10
13.0122900009,80.2210617065,77789,77799,10
13.0125904083,80.2215805054,77799,77809,10
13.013010025,80.2221374512,77809,77819,10
13.0135297775,80.2228012085,77819,77829,10
13.0140304565,80.2234573364,77829,77839,10
13.0144796371,80.2239303589,77839,77849,10
13.0148897171,80.2245483398,77849,77860,11
13.0152902603,80.2251968384,77860,77870,10
13.0153799057,80.2254180908,77870,77880,10
13.0152397156,80.2257919312,77880,77890,10
13.0151500702,80.2258605957,77890,77900,10
13.0151100159,80.2258911133,77900,77910,10
13.0148200989,80.226020813,77910,77920,10
13.014550209,80.2261199951,77920,77930,10
13.0142698288,80.2262496948,77930,77940,10
13.0140104294,80.2264022827,77940,77950,10
13.0139398575,80.2264099121,77950,77960,10
13.0135202408,80.2265625,77960,77971,11
13.0128002167,80.2268295288,77971,77981,10
13.0120296478,80.2271194458,77981,77991,10
13.0114402771,80.2273788452,77991,78001,10
13.011179924,80.2275009155,78001,78011,10
13.0106096268,80.2277069092,78011,78027,16
13.0094995499,80.2281570435,78027,78039,12
13.009059906,80.2288589478,78039,78047,8
13.0089197159,80.2295379639,78047,78059,12
13.0087099075,80.2306594849,78059,78069,10
13.0085096359,80.2315673828,78069,78080,11
13.0082998276,80.2326126099,78080,78090,10
13.0082101822,80.2333679199,78090,78100,10
13.0081996918,80.2334899902,78100,78110,10
13.008099556,80.233757019,78110,78120,10
13.0080099106,80.2342605591,78120,78129,9
13.0078802109,80.2349090576,78129,78140,11
13.0076999664,80.235748291,78140,78150,10
13.0074996948,80.2367172241,78150,78160,10
13.0073299408,80.2375564575,78160,78170,10
13.0072002411,80.2384109497,78170,78180,10
13.0070199966,80.2391586304,78180,78191,11
13.0068502426,80.2401428223,78191,78241,50
13.0068502426,80.2401428223,78241,78251,10
13.0068998337,80.2402801514,78251,78261,10
13.0068302155,80.2406463623,78261,78271,10
13.0067396164,80.2410583496,78271,78281,10
13.0066604614,80.2417678833,78281,78292,11
13.0066604614,80.2427825928,78292,78302,10
13.0066204071,80.2436599731,78302,78312,10
13.0065402985,80.2445373535,78312,78322,10
13.0065803528,80.2454910278,78322,78332,10
13.0066604614,80.2462310791,78332,78352,20
13.0066604614,80.2462310791,78352,78362,10
13.0066900253,80.2464981079,78362,78372,10
13.0066995621,80.2469024658,78372,78382,10
13.0066995621,80.2475662231,78382,78392,10
13.0066900253,80.248298645,78392,78403,11
13.006819725,80.2496032715,78403,78423,20
13.006819725,80.2496032715,78423,78433,10
13.0068397522,80.2499008179,78433,78443,10
13.0067901611,80.2503662109,78443,78453,10
13.0067901611,80.2512588501,78453,78483,30
13.0067901611,80.2512588501,78483,78493,10
13.0067501068,80.2516708374,78493,78503,10
13.0066003799,80.2522125244,78503,78514,11
13.006529808,80.2529907227,78514,78524,10
13.0065402985,80.2537918091,78524,78534,10
13.0065898895,80.2548370361,78534,78554,20
13.0065898895,80.2548370361,78554,78564,10
13.0065803528,80.2549209595,78564,78574,10
13.0065698624,80.2554626465,78574,78584,10
13.0065603256,80.2562179565,78584,78594,10
13.0065698624,80.2570571899,78594,78604,10
13.0063800812,80.25756073,78604,78614,10
13.0058403015,80.2574081421,78614,78625,11
13.0052404404,80.2573318481,78625,78635,10
13.0047397614,80.2571792603,78635,78645,10
13.0040903091,80.2570266724,78645,78655,10
13.0033998489,80.2569122314,78655,78665,10
13.0026702881,80.2567596436,78665,78675,10
13.0018997192,80.2566223145,78675,78685,10
13.0013198853,80.2565383911,78685,78695,10
13.0011301041,80.2564926147,78695,78705,10
13.000670433,80.2564315796,78705,78715,10
13.0,80.2563934326,78715,78726,11
12.9992599487,80.2562179565,78726,78736,10
12.9987602234,80.2561264038,78736,78746,10
12.9987401962,80.2561187744,78746,78756,10
12.9985704422,80.2560501099,78756,78766,10
12.9982995987,80.2559967041,78766,78776,10
12.998049736,80.2559661865,78776,78786,10
12.997710228,80.2559127808,78786,78796,10
12.9973201752,80.2558822632,78796,78806,10
12.9968395233,80.2558898926,78806,78816,10
12.996339798,80.2558670044,78816,78826,10
12.9955997467,80.2558822632,78826,78837,11
12.994799614,80.255897522,78837,78847,10
12.994099617,80.2559814453,78847,78857,10
12.9933204651,80.2560424805,78857,78867,10
12.992480278,80.256072998,78867,78877,10
12.9916200638,80.2560501099,78877,78887,10
12.9908895493,80.2560119629,78887,78897,10
12.9903001785,80.2559890747,78897,78907,10
12.9897699356,80.2559890747,78907,78917,10
12.9891300201,80.2559661865,78917,78927,10
12.9885797501,80.2559280396,78927,78948,21
12.9885797501,80.2559280396,78948,78958,10
12.9881601334,80.2558898926,78958,78968,10
12.9877796173,80.255859375,78968,78978,10
12.987569809,80.256187439,78978,78988,10
12.9875097275,80.2568893433,78988,78998,10
12.9874401093,80.2576980591,78998,79008,10
12.9873800278,80.2584991455,79008,79018,10
12.9872598648,80.2592163086,79018,79059,41
12.9872598648,80.2592163086,79059,79069,10
12.9872303009,80.2594985962,79069,79089,20
12.9872303009,80.2594985962,79089,79099,10
12.986700058,80.2594528198,79099,79129,30
12.986700058,80.2594528198,79129,79139,10
12.9866199493,80.2594223022,79139,79149,10
12.986749649,80.2590179443,79149,81077,1928
12.986749649,80.2591171265,81077,81340,263
12.9866199493,80.2590103149,81340,82934,1594
12.9867095947,80.2588577271,82934,83156,222
