13.0992202759,80.2414932251,12,1234,1222
13.0992202759,80.2414932251,1234,1244,10
13.0990495682,80.2412719727,1244,1254,10
13.0990200043,80.2410583496,1254,1264,10
13.0991201401,80.2408370972,1264,1274,10
13.0992603302,80.2406768799,1274,1587,313
13.0993003845,80.2405014038,1587,1872,285
13.0993003845,80.2405014038,1872,1882,10
13.0992002487,80.2402496338,1882,1892,10
13.098950386,80.2403030396,1892,1902,10
13.0989599228,80.2405166626,1902,1912,10
13.0992002487,80.2406234741,1912,2094,182
13.0992002487,80.2406234741,2094,2104,10
13.0989999771,80.2403869629,2104,2296,192
13.0989999771,80.2403869629,2296,2306,10
13.09897995,80.2402496338,2306,2316,10
13.0990800858,80.2401428223,2316,2326,10
13.0991201401,80.2401428223,2326,2336,10
13.0991401672,80.2403717041,2336,2346,10
13.09897995,80.2405014038,2346,2356,10
13.0991897583,80.2406005859,2356,5253,2897
13.0993700027,80.2406768799,5253,7989,2736
13.099240303,80.2406387329,7989,17825,9836
13.0992898941,80.2406997681,17825,17916,91
13.0992898941,80.2406997681,17916,17926,10
13.0991401672,80.240737915,17926,17936,10
13.0990600586,80.2410202026,17936,17946,10
13.0989999771,80.2413787842,17946,17956,10
13.0988702774,80.2416229248,17956,17967,11
13.0987997055,80.241859436,17967,17977,10
13.0987501144,80.2420883179,17977,17987,10
13.098739624,80.2421188354,17987,17997,10
13.0986404419,80.2423095703,17997,18007,10
13.0986003876,80.2423629761,18007,18017,10
13.098449707,80.2423782349,18017,18027,10
13.0982904434,80.2423477173,18027,18300,273
13.0982904434,80.2423477173,18300,18310,10
13.0980195999,80.2422103882,18310,18320,10
13.0975599289,80.2421722412,18320,18330,10
13.0974197388,80.2419281006,18330,18340,10
13.0975399017,80.2414169312,18340,18350,10
13.0976295471,80.240852356,18350,18360,10
13.0976896286,80.2402420044,18360,18370,10
13.0977497101,80.2395706177,18370,18380,10
13.0978097916,80.2388534546,18380,18391,11
13.0979404449,80.2380523682,18391,18401,10
13.0980997086,80.2372512817,18401,18411,10
13.0982503891,80.2364273071,18411,18421,10
13.0983800888,80.2356567383,18421,18431,10
13.0984897614,80.2349472046,18431,18441,10
13.0985803604,80.2342300415,18441,18451,10
13.0986404419,80.2334671021,18451,18461,10
13.0987501144,80.2327423096,18461,18471,10
13.0989198685,80.2320632935,18471,18481,10
13.0992097855,80.231338501,18481,18497,16
13.0996103287,80.2302474976,18497,18510,13
13.0998497009,80.2292709351,18510,18520,10
13.0999498367,80.2286987305,18520,18530,10
13.1000699997,80.2278518677,18530,18540,10
13.1000900269,80.2270431519,18540,18550,10
13.1000099182,80.2260437012,18550,18560,10
13.0999097824,80.225189209,18560,18570,10
13.0996999741,80.2244491577,18570,18580,10
13.0993900299,80.2237472534,18580,18590,10
13.0991697311,80.223487854,18590,18601,11
13.0989398956,80.2231903076,18601,18610,9
13.0987997055,80.2229766846,18610,18621,11
13.098739624,80.2223434448,18621,18631,10
13.0988302231,80.2214584351,18631,18641,10
13.0989999771,80.220451355,18641,18651,10
13.0991697311,80.2195205688,18651,18661,10
13.099240303,80.2192230225,18661,18671,10
13.0993299484,80.2186431885,18671,18681,10
13.0994596481,80.2177886963,18681,18691,10
13.099650383,80.2169265747,18691,18701,10
13.0999002457,80.2162780762,18701,18712,11
13.0999603271,80.2156982422,18712,18722,10
13.1001796722,80.2153167725,18722,18732,10
13.1002597809,80.2147674561,18732,18742,10
13.1002597809,80.2146682739,18742,18752,10
13.1002397537,80.2145385742,18752,18762,10
13.0999603271,80.2144165039,18762,18772,10
13.0993795395,80.2142868042,18772,18782,10
13.0986795425,80.2140426636,18782,18792,10
13.0983495712,80.2144088745,18792,18802,10
13.0980195999,80.215133667,18802,18813,11
13.0976400375,80.2160415649,18813,18823,10
13.0973901749,80.2166671753,18823,18833,10
13.0973596573,80.216758728,18833,18843,10
13.0972204208,80.2171173096,18843,18853,10
13.0969495773,80.2178268433,18853,18863,10
13.0966100693,80.2188491821,18863,18873,10
13.0962400436,80.219909668,18873,18883,10
13.0958995819,80.2209014893,18883,18893,10
13.0956497192,80.2216110229,18893,18903,10
13.0954399109,80.2222518921,18903,18913,10
13.0953798294,80.222442627,18913,18925,12
13.0952997208,80.2226486206,18925,18935,10
13.095000267,80.2232971191,18935,18945,10
13.0944499969,80.2240982056,18945,18955,10
13.0937900543,80.224937439,18955,18965,10
13.0931196213,80.2256698608,18965,18975,10
13.0924501419,80.226348877,18975,18985,10
13.0917396545,80.2270736694,18985,18995,10
13.0912303925,80.2276306152,18995,19005,10
13.0911998749,80.2276611328,19005,19015,10
13.0911102295,80.2277069092,19015,19026,11
13.0907297134,80.2281265259,19026,19036,10
13.0901699066,80.2287521362,19036,19046,10
13.0895204544,80.2294998169,19046,19056,10
13.0891704559,80.2301635742,19056,19066,10
13.0890798569,80.2304000854,19066,19076,10
13.0888204575,80.2309265137,19076,19106,30
13.0888204575,80.2309265137,19106,19116,10
13.0887098312,80.2311706543,19116,19126,10
13.0884895325,80.2316970825,19126,19137,11
13.0882501602,80.2325363159,19137,19147,10
13.088060379,80.2333984375,19147,19156,9
13.0879898071,80.2341384888,19156,19168,12
13.087439537,80.2346115112,19168,19178,10
13.0866603851,80.2345581055,19178,19188,10
13.0858697891,80.2343902588,19188,19198,10
13.0850496292,80.2341995239,19198,19208,10
13.0842504501,80.2339935303,19208,19218,10
13.0836496353,80.2338562012,19218,19228,10
13.0833997726,80.2338180542,19228,19239,11
13.0830698013,80.2337722778,19239,19249,10
13.0825300217,80.2336425781,19249,19259,10
13.0824298859,80.2336425781,19259,19269,10
13.0822696686,80.2336196899,19269,19279,10
13.0817098618,80.233543396,19279,19289,10
13.0808801651,80.2335128784,19289,19299,10
13.0795297623,80.2334899902,19299,19319,20
13.0795297623,80.2334899902,19319,19329,10
13.0793199539,80.2334899902,19329,19339,10
13.0787496567,80.2335128784,19339,19350,11
13.0778503418,80.2335662842,19350,19360,10
13.076880455,80.2336883545,19360,19370,10
13.0761499405,80.2338485718,19370,19380,10
13.0758399963,80.2339630127,19380,19390,10
13.075920105,80.2342681885,19390,19400,10
13.0760297775,80.2347793579,19400,19410,10
13.0761404037,80.2353591919,19410,19420,10
13.0762500763,80.2359390259,19420,19430,10
13.0763301849,80.2365264893,19430,19440,10
13.0764398575,80.2370834351,19440,19450,10
13.0764799118,80.2372665405,19450,19467,17
13.0765399933,80.2373962402,19467,19479,12
13.0766601563,80.23802948,19479,19489,10
13.0767803192,80.2386474609,19489,19499,10
13.0770196915,80.2397232056,19499,19509,10
13.0772199631,80.2405929565,19509,19519,10
13.0768604279,80.2406997681,19519,19529,10
13.0760803223,80.2405395508,19529,19538,9
13.0752696991,80.2405319214,19538,19548,10
13.0743303299,80.2405395508,19548,19560,12
13.0732402802,80.2407531738,19560,19570,10
13.0724201202,80.2410736084,19570,19580,10
13.0716400146,80.2415618896,19580,19589,9
13.0709295273,80.2418365479,19589,19600,11
13.0702295303,80.2420501709,19600,19610,10
13.0701503754,80.2420806885,19610,19620,10
13.0700597763,80.2420883179,19620,19630,10
13.0696802139,80.2421875,19630,19640,10
13.0690803528,80.242401123,19640,19650,10
13.0683298111,80.2426376343,19650,19660,10
13.067489624,80.2428894043,19660,19671,11
13.0661001205,80.2439727783,19671,19681,10
13.0661001205,80.2439727783,19681,19691,10
13.0662603378,80.245010376,19691,19701,10
13.066619873,80.2459564209,19701,19711,10
13.0674800873,80.2463378906,19711,19721,10
13.0678701401,80.24659729,19721,19731,10
13.0678796768,80.2466812134,19731,19741,10
13.0679197311,80.2472000122,19741,19751,10
13.0678195953,80.2478637695,19751,19761,10
13.0669603348,80.2479171753,19761,19771,10
13.0659198761,80.2478179932,19771,19782,11
13.0646400452,80.2477264404,19782,19792,10
13.0635004044,80.2476501465,19792,19801,9
13.0625295639,80.2476196289,19801,19812,11
13.0616102219,80.2474517822,19812,19822,10
13.0615196228,80.2468032837,19822,19832,10
13.0618696213,80.2461700439,19832,19842,10
13.0621595383,80.2452163696,19842,19852,10
13.0628995895,80.2446975708,19852,19862,10
13.0631999969,80.2443008423,19862,19872,10
13.0632600784,80.2442016602,19872,19883,11
13.0634698868,80.2437133789,19883,19893,10
13.0629901886,80.2434463501,19893,19903,10
13.0621995926,80.2432785034,19903,19913,10
13.0615797043,80.2431488037,19913,19923,10
13.0615100861,80.2431411743,19923,19933,10
13.0612897873,80.2431030273,19933,19943,10
13.0607204437,80.2429199219,19943,19953,10
13.059920311,80.2426528931,19953,19963,10
13.0590896606,80.2425537109,19963,19973,10
13.0582399368,80.2426986694,19973,19984,11
13.0570898056,80.2428207397,19984,19994,10
13.0561504364,80.2424468994,19994,20004,10
13.0555095673,80.2422485352,20004,20014,10
13.0546798706,80.2423934937,20014,20024,10
13.0538396835,80.2422790527,20024,20034,10
13.053730011,80.2422103882,20034,20044,10
13.0536003113,80.2421035767,20044,20054,10
13.0530900955,80.2418670654,20054,20064,10
13.0524997711,80.2415924072,20064,20074,10
13.0521297455,80.2410202026,20074,20084,10
13.0518398285,80.2406997681,20084,20095,11
13.0513401031,80.2406005859,20095,20105,10
13.0508804321,80.2405090332,20105,20115,10
13.0507698059,80.2404785156,20115,20125,10
13.0502595901,80.2403793335,20125,20135,10
13.049539566,80.2402191162,20135,20145,10
13.0489196777,80.2400970459,20145,20155,10
13.0481901169,80.2399520874,20155,20165,10
13.0474796295,80.2398223877,20165,20175,10
13.0466995239,80.2396392822,20175,20185,10
13.0462503433,80.2393569946,20185,20196,11
13.0464401245,80.2387313843,20196,20206,10
13.046620369,80.2379608154,20206,20216,10
13.0467996597,80.2371063232,20216,20226,10
13.0469799042,80.2362213135,20226,20236,10
13.0470504761,80.2358322144,20236,20246,10
13.04708004,80.2355422974,20246,20256,10
13.0471401215,80.2350082397,20256,20266,10
13.047249794,80.2342071533,20266,20276,10
13.0473604202,80.2333297729,20276,20286,10
13.0470104218,80.2330169678,20286,20296,10
13.0462398529,80.2328567505,20296,20307,11
13.0454101563,80.232711792,20307,20317,10
13.045249939,80.232673645,20317,20327,10
13.0449800491,80.2325820923,20327,20337,10
13.0443401337,80.2324523926,20337,20347,10
13.0436401367,80.2323532104,20347,20357,10
13.0431203842,80.2323226929,20357,20367,10
13.0425195694,80.2323226929,20367,20377,10
13.0417995453,80.2322463989,20377,20387,10
13.0409202576,80.2320327759,20387,20397,10
13.0399904251,80.2317123413,20397,20408,11
13.0390300751,80.2314300537,20408,20418,10
13.0382003784,80.2311935425,20418,20428,10
13.0373401642,80.2309188843,20428,20438,10
13.0367898941,80.2307662964,20438,20448,10
13.0363302231,80.2306289673,20448,20458,10
13.0355396271,80.2303771973,20458,20468,10
13.0350399017,80.2302932739,20468,20478,10
13.034819603,80.2302780151,20478,20488,10
13.0344400406,80.2303924561,20488,20498,10
13.0340003967,80.2304611206,20498,20508,10
13.0339899063,80.2304611206,20508,20519,11
13.0335903168,80.2304382324,20519,20529,10
13.0333003998,80.2304763794,20529,20539,10
13.0327997208,80.2305221558,20539,20549,10
13.0320396423,80.2305908203,20549,20559,10
13.031129837,80.230682373,20559,20575,16
13.0299701691,80.230796814,20575,20587,12
13.0297603607,80.2308273315,20587,20595,8
13.0294704437,80.2308578491,20595,20607,12
13.0286903381,80.2309188843,20607,20615,8
13.0282297134,80.2309494019,20615,20628,13
13.0276699066,80.2310791016,20628,20638,10
13.0276899338,80.2316436768,20638,20647,9
13.0277996063,80.2323303223,20647,20658,11
13.0276203156,80.2328491211,20658,20668,10
13.0270004272,80.2329483032,20668,20677,9
13.0266895294,80.233001709,20677,20688,11
13.0263595581,80.2327194214,20688,20698,10
13.0261201859,80.2319335938,20698,20708,10
13.0258398056,80.2309265137,20708,20718,10
13.0253295898,80.2299423218,20718,20729,11
13.024720192,80.229133606,20729,20739,10
13.024189949,80.2284698486,20739,20749,10
13.0239896774,80.2282562256,20749,20759,10
13.0239400864,80.2281723022,20759,20769,10
13.0235795975,80.2277679443,20769,20779,10
13.0231399536,80.2273178101,20779,20789,10
13.0225696564,80.2267608643,20789,20799,10
13.0218000412,80.2260971069,20799,20809,10
13.0210695267,80.2255325317,20809,20819,10
13.0202598572,80.2249832153,20819,20830,11
13.0191602707,80.2244567871,20830,20840,10
13.0180997849,80.2247695923,20840,20850,10
13.01720047,80.225151062,20850,20860,10
13.0164699554,80.2254486084,20860,20869,9
13.0159797668,80.2256774902,20869,20890,21
13.0159797668,80.2256774902,20890,20900,10
13.0158996582,80.2256774902,20900,20910,10
13.01541996,80.2258224487,20910,20920,10
13.0146999359,80.2260971069,20920,20930,10
13.0139503479,80.2263565063,20930,20941,11
13.012840271,80.2267990112,20941,20951,10
13.0117797852,80.2272415161,20951,20961,10
13.0107002258,80.2276916504,20961,20970,9
13.0097398758,80.2280807495,20970,20981,11
13.009059906,80.2289810181,20981,20991,10
13.0088396072,80.230140686,20991,21001,10
13.0086202621,80.2312774658,21001,21011,10
13.0084295273,80.2323226929,21011,21021,10
13.0082798004,80.2332382202,21021,21031,10
13.0081195831,80.2340087891,21031,21041,10
13.0079298019,80.2349472046,21041,21052,11
13.0076904297,80.2361602783,21052,21062,10
13.0074701309,80.2372817993,21062,21072,10
13.0072803497,80.2383422852,21072,21082,10
13.0071001053,80.2393188477,21082,21092,10
13.0069198608,80.2402191162,21092,21102,10
13.0068702698,80.2407302856,21102,21112,10
13.0068397522,80.2407913208,21112,21122,10
13.006770134,80.2412872314,21122,21132,10
13.0067396164,80.2419891357,21132,21142,10
13.0067195892,80.2427902222,21142,21153,11
13.0066995621,80.243888855,21153,21163,10
13.0066900253,80.2449798584,21163,21173,10
13.0067195892,80.2460479736,21173,21182,9
13.0067596436,80.2469329834,21182,21193,11
13.0067396164,80.2475662231,21193,21203,10
13.0067596436,80.2484817505,21203,21213,10
13.0068597794,80.2492599487,21213,21223,10
13.0068702698,80.2499084473,21223,21233,10
13.006819725,80.2507171631,21233,21243,10
13.0067300797,80.2517929077,21243,21254,11
13.0065603256,80.2530822754,21254,21264,10
13.0065698624,80.2541885376,21264,21274,10
13.0066204071,80.2550201416,21274,21284,10
13.0066204071,80.2553100586,21284,21294,10
13.0066204071,80.2558822632,21294,21304,10
13.0066099167,80.2566986084,21304,21314,10
13.0066699982,80.2573471069,21314,21324,10
13.0065603256,80.2575302124,21324,21334,10
13.0060396194,80.2575073242,21334,21344,10
13.0053300858,80.2573165894,21344,21354,10
13.0046195984,80.2571411133,21354,21365,11
13.0037202835,80.256942749,21365,21375,10
13.0029001236,80.2567901611,21375,21385,10
13.002120018,80.2566375732,21385,21395,10
13.0014400482,80.2565536499,21395,21405,10
13.000749588,80.2564468384,21405,21415,10
12.9999103546,80.2563171387,21415,21425,10
12.9989995956,80.2561416626,21425,21435,10
12.9982995987,80.2560119629,21435,21445,10
12.9977397919,80.2559509277,21445,21455,10
12.9972400665,80.2559204102,21455,21466,11
12.996919632,80.2562713623,21466,21476,10
12.9968500137,80.256729126,21476,21486,10
12.9968004227,80.2573013306,21486,21496,10
12.996720314,80.258102417,21496,21506,10
12.9966201782,80.2590484619,21506,21516,10
12.9965200424,80.2598876953,21516,21526,10
12.9964199066,80.2607574463,21526,21536,10
12.9963302612,80.2616500854,21536,21546,10
12.9962902069,80.2621231079,21546,21556,10
12.996219635,80.2624130249,21556,21566,10
12.9961500168,80.2629089355,21566,21577,11
12.9961299896,80.2634429932,21577,21587,10
12.9960603714,80.2641372681,21587,21597,10
12.9959697723,80.2649688721,21597,21607,10
12.9958600998,80.26587677,21607,21617,10
12.995759964,80.2667770386,21617,21626,9
12.9956998825,80.2674865723,21626,21637,11
12.9960403442,80.2677001953,21637,21667,30
12.9960403442,80.2677001953,21667,21678,11
12.9965896606,80.2677536011,21678,21688,10
12.9973802567,80.2676086426,21688,21698,10
12.9982204437,80.2673568726,21698,21708,10
12.9990997314,80.2671203613,21708,21718,10
12.9998598099,80.2668762207,21718,21728,10
13.0001802444,80.2663192749,21728,21738,10
13.0002498627,80.2657699585,21738,21748,10
13.0003595352,80.2658462524,21748,21758,10
13.0002698898,80.2663803101,21758,22960,1202
13.0002698898,80.2663803101,22960,22970,10
13.0003204346,80.2666625977,22970,22980,10
13.0002603531,80.2668075562,22980,22990,10
12.9999704361,80.2669296265,22990,23000,10
12.9995002747,80.2670516968,23000,23010,10
12.9989299774,80.2671890259,23010,23020,10
12.9982595444,80.2673797607,23020,23030,10
12.9975204468,80.2676010132,23030,23040,10
12.9967699051,80.2677764893,23040,23050,10
12.9960298538,80.2677536011,23050,23061,11
12.9956703186,80.2674484253,23061,23091,30
12.9956703186,80.2674484253,23091,23101,10
12.9957103729,80.2671737671,23101,23111,10
12.9957704544,80.2666397095,23111,23121,10
12.9958600998,80.2658691406,23121,23131,10
12.9959497452,80.2650985718,23131,23141,10
12.9960403442,80.2643508911,23141,23151,10
12.9961299896,80.2635192871,23151,23161,10
12.9961795807,80.2628707886,23161,23172,11
12.9962301254,80.2624588013,23172,23182,10
12.9962997437,80.2620773315,23182,23192,10
12.9964504242,80.2609634399,23192,23202,10
12.9964504242,80.2609634399,23202,23212,10
12.9965295792,80.2602233887,23212,23222,10
12.9965896606,80.2595214844,23222,23238,16
12.9967002869,80.2583236694,23238,23250,12
12.9968004227,80.2573394775,23250,23258,8
12.9968595505,80.256690979,23258,23270,12
12.9969501495,80.2559814453,23270,23311,41
12.9969501495,80.2559814453,23311,23321,10
12.9972600937,80.2558517456,23321,23331,10
12.9979000092,80.2559204102,23331,23341,10
12.9987297058,80.2559890747,23341,23371,30
12.9987297058,80.2559890747,23371,23381,10
12.9989500046,80.2560424805,23381,23392,11
12.9994001389,80.2561264038,23392,23401,9
12.9999599457,80.2562484741,23401,23412,11
13.0007600784,80.2564086914,23412,23422,10
13.0013999939,80.2565231323,23422,23432,10
13.0022602081,80.256652832,23432,23442,10
13.0030603409,80.2568130493,23442,23451,9
13.0038003922,80.2569503784,23451,23463,12
13.0049200058,80.2571563721,23463,23473,10
13.0059099197,80.2573623657,23473,23483,10
13.006529808,80.2573394775,23483,23494,11
13.0065402985,80.2565231323,23494,23504,10
13.0065402985,80.2555236816,23504,23514,10
13.0065603256,80.2544403076,23514,23523,9
13.0065498352,80.2535705566,23523,23534,11
13.0065698624,80.2531814575,23534,23544,10
13.0065603256,80.2528076172,23544,23554,10
13.0066404343,80.2520980835,23554,23564,10
13.0067300797,80.2515563965,23564,23574,10
13.0067996979,80.2508163452,23574,23584,10
13.0067996979,80.2499771118,23584,23594,10
13.0067996979,80.2495803833,23594,23605,11
13.0067796707,80.2492218018,23605,23615,10
13.0067300797,80.2485275269,23615,23625,10
13.0066795349,80.2477416992,23625,23635,10
13.0066900253,80.2469711304,23635,23645,10
13.0066099167,80.2465209961,23645,23655,10
13.0066204071,80.2465133667,23655,23665,10
13.0066699982,80.2462692261,23665,23675,10
13.0066795349,80.2455978394,23675,23685,10
13.0066699982,80.244720459,23685,23696,11
13.0066404343,80.2436065674,23696,23706,10
13.0066099167,80.2425613403,23706,23715,9
13.0065803528,80.2418212891,23715,23726,11
13.0066099167,80.2415390015,23726,23736,10
13.0066404343,80.2409591675,23736,23746,10
13.0067901611,80.2400970459,23746,23756,10
13.0069904327,80.2390518188,23756,23766,10
13.0072402954,80.2379608154,23766,23776,10
13.0074100494,80.2370223999,23776,23786,10
13.0074195862,80.236831665,23786,23796,10
13.0074300766,80.2368011475,23796,23807,11
13.0075397491,80.2364196777,23807,23817,10
13.0076799393,80.2357406616,23817,23827,10
13.0078601837,80.23487854,23827,23837,10
13.0080795288,80.2338790894,23837,23847,10
13.0082902908,80.2327728271,23847,23857,10
13.0085000992,80.2316589355,23857,23867,10
13.0087003708,80.2305984497,23867,23877,10
13.0088596344,80.2297897339,23877,23887,10
13.0090999603,80.2286224365,23887,23897,10
13.0094203949,80.2277069092,23897,23907,10
13.0098104477,80.2268371582,23907,23918,11
13.0102500916,80.2259216309,23918,23928,10
13.0106401443,80.225112915,23928,23938,10
13.0109996796,80.2242507935,23938,23948,10
13.0114202499,80.2232589722,23948,23958,10
13.0117998123,80.2222366333,23958,23968,10
13.0122299194,80.2214813232,23968,23978,10
13.0124998093,80.2217102051,23978,23988,10
13.0130300522,80.2224197388,23988,23998,10
13.0136003494,80.2230682373,23998,24008,10
13.0141201019,80.2236862183,24008,24019,11
13.0146999359,80.2243423462,24019,24029,10
13.0155200958,80.2250289917,24029,24069,40
13.0155200958,80.2250289917,24069,24079,10
13.0156602859,80.2252502441,24079,24089,10
13.0161304474,80.2253799438,24089,24099,10
13.0170202255,80.2251586914,24099,24109,10
13.0180797577,80.2247390747,24109,24119,10
13.0191802979,80.2244415283,24119,24130,11
13.0202903748,80.2249603271,24130,24140,10
13.0210599899,80.2255401611,24140,24150,10
13.0218696594,80.2260894775,24150,24160,10
13.0220298767,80.2262115479,24160,24170,10
13.0221004486,80.2262573242,24170,24180,10
13.0224399567,80.2265777588,24180,24190,10
13.0230197906,80.2271194458,24190,24200,10
13.0238199234,80.2278518677,24200,24210,10
13.0245199203,80.2287216187,24210,24220,10
13.0251703262,80.229598999,24220,24230,10
13.0257501602,80.2304382324,24230,24241,11
13.0260400772,80.2312927246,24241,24251,10
13.0266504288,80.2312393188,24251,24261,10
13.0274400711,80.2310409546,24261,24271,10
13.028459549,80.2309112549,24271,24291,20
13.028459549,80.2309112549,24291,24301,10
13.0291700363,80.2308578491,24301,24311,10
13.0297002792,80.2308120728,24311,24321,10
13.0304203033,80.2307510376,24321,24331,10
13.031080246,80.2306976318,24331,24342,11
13.0316200256,80.2306671143,24342,24352,10
13.0323801041,80.2306137085,24352,24362,10
13.033200264,80.2305526733,24362,24372,10
13.0338802338,80.230506897,24372,24382,10
13.0343103409,80.2304382324,24382,24392,10
13.034330368,80.2304382324,24392,24402,10
13.0345602036,80.2304000854,24402,24412,10
13.0349302292,80.2304077148,24412,24422,10
13.0349702835,80.230796814,24422,24432,10
13.0348796844,80.2314910889,24432,24443,11
13.0347499847,80.2324066162,24443,24453,10
13.0346403122,80.2331695557,24453,24463,10
13.0345602036,80.2338790894,24463,24473,10
13.0344495773,80.234588623,24473,24483,10
13.0343198776,80.2355270386,24483,24493,10
13.0342302322,80.2366409302,24493,24503,10
13.0343399048,80.2374191284,24503,24513,10
13.0346097946,80.2378921509,24513,24523,10
13.0349998474,80.23853302,24523,24533,10
13.035369873,80.2391433716,24533,24543,10
13.0360603333,80.2394485474,24543,24554,11
13.0371198654,80.2395629883,24554,24564,10
13.0380496979,80.2396774292,24564,24573,9
13.0388898849,80.2397766113,24573,24584,11
13.0397796631,80.2398910522,24584,24594,10
13.0403404236,80.2399978638,24594,24604,10
13.0403995514,80.2403869629,24604,24614,10
13.0408296585,80.2405776978,24614,24624,10
13.0410203934,80.2406234741,24624,24634,10
13.0412902832,80.2406463623,24634,24644,10
13.0419502258,80.2407302856,24644,24655,11
13.0429401398,80.240852356,24655,24665,10
13.0438699722,80.2409820557,24665,24675,10
13.0445899963,80.2405776978,24675,24685,10
13.0453395844,80.2400588989,24685,24695,10
13.0465602875,80.2396087646,24695,24715,20
13.0465602875,80.2396087646,24715,24725,10
13.0468397141,80.2397079468,24725,24735,10
13.0475196838,80.2398605347,24735,24745,10
13.0483398438,80.2400436401,24745,24755,10
13.0492296219,80.240196228,24755,24772,17
13.0506296158,80.2404785156,24772,24784,12
13.0515604019,80.2406616211,24784,24794,10
13.0522203445,80.2408370972,24794,24804,10
13.0525903702,80.2414016724,24804,24814,10
13.0531301498,80.2418670654,24814,24824,10
13.0537395477,80.2421798706,24824,24833,9
13.0540800095,80.2422714233,24833,24844,11
13.0541200638,80.2422790527,24844,24854,10
13.0544996262,80.2423400879,24854,24864,10
13.0552196503,80.2422637939,24864,24875,11
13.0560903549,80.2423782349,24875,24885,10
13.0566701889,80.2426223755,24885,24895,10
13.0570497513,80.2427368164,24895,24905,10
13.0576295853,80.2427978516,24905,24915,10
13.0583400726,80.2426834106,24915,24925,10
13.0590801239,80.2425231934,24925,24935,10
13.0597801208,80.2426300049,24935,24945,10
13.060500145,80.2428588867,24945,24955,10
13.0611400604,80.2430877686,24955,24965,10
13.0614500046,80.2431793213,24965,24976,11
13.0618600845,80.2432479858,24976,24986,10
13.0623998642,80.243347168,24986,24996,10
13.0625600815,80.2433776855,24996,25005,9
13.0628995895,80.2434463501,25005,25016,11
13.0635099411,80.2435302734,25016,25026,10
13.0642404556,80.243560791,25026,25036,10
13.0650501251,80.243560791,25036,25046,10
13.0658397675,80.2435073853,25046,25056,10
13.0665998459,80.2432785034,25056,25066,10
13.0672998428,80.2429733276,25066,25076,10
13.0680599213,80.2427062988,25076,25087,11
13.0688400269,80.2424621582,25087,25097,10
13.0693597794,80.2422180176,25097,25107,10
13.0699195862,80.2420806885,25107,25117,10
13.0700998306,80.2420425415,25117,25127,10
13.0701904297,80.2420501709,25127,25137,10
13.070520401,80.2419815063,25137,25147,10
13.0711402893,80.2417526245,25147,25157,10
13.0720100403,80.2413330078,25157,25167,10
13.0728902817,80.240852356,25167,25176,9
13.0736503601,80.2406311035,25176,25188,12
13.0747203827,80.2405014038,25188,25198,10
13.0757398605,80.2404937744,25198,25208,10
13.0767002106,80.2405700684,25208,25218,10
13.0771398544,80.2403106689,25218,25228,10
13.0769901276,80.2395324707,25228,25238,10
13.0767498016,80.238609314,25238,25248,10
13.0765600204,80.2377700806,25248,25258,10
13.0764303207,80.237197876,25258,25268,10
13.0764303207,80.2370986938,25268,25278,10
13.0763397217,80.2366409302,25278,25288,10
13.0762395859,80.2358627319,25288,25299,11
13.0760297775,80.2348175049,25299,25309,10
13.0758495331,80.2339935303,25309,25329,20
13.0758495331,80.2339935303,25329,25339,10
13.0760002136,80.2337722778,25339,25349,10
13.0766096115,80.2336807251,25349,25359,10
13.0773696899,80.2335891724,25359,25369,10
13.0781297684,80.2335510254,25369,25379,10
13.0789203644,80.2335281372,25379,25389,10
13.0796804428,80.2335281372,25389,25400,11
13.0803203583,80.2335281372,25400,25420,20
13.0803203583,80.2335281372,25420,25430,10
13.0805797577,80.2335586548,25430,25440,10
13.0811395645,80.2335586548,25440,25450,10
13.0818395615,80.2335968018,25450,25460,10
13.0820503235,80.2331771851,25460,25470,10
13.0822095871,80.2323684692,25470,25480,10
13.0825099945,80.2314605713,25480,25490,10
13.0827999115,80.2307662964,25490,25500,10
13.08314991,80.2307891846,25500,25511,11
13.0832195282,80.2315292358,25511,25521,10
13.0832901001,80.2324676514,25521,25531,10
13.083439827,80.2333526611,25531,25541,10
13.0836296082,80.233833313,25541,25551,10
13.0840301514,80.2339477539,25551,25561,10
13.0841503143,80.2340011597,25561,25571,10
13.0845003128,80.23412323,25571,25581,10
13.0850296021,80.2342529297,25581,25591,10
13.0858602524,80.2344436646,25591,25601,10
13.0866498947,80.2345809937,25601,25612,11
13.0874795914,80.2345809937,25612,25622,10
13.0879497528,80.2341308594,25622,25632,10
13.0880498886,80.2333679199,25632,25642,10
13.0882501602,80.2323989868,25642,25652,10
13.0885000229,80.2314910889,25652,25662,10
13.0888004303,80.2307510376,25662,25672,10
13.0889101028,80.230506897,25672,25682,10
13.0889501572,80.2304382324,25682,25692,10
13.089099884,80.2301712036,25692,25702,10
13.0894203186,80.2295684814,25702,25712,10
13.0899496078,80.2289199829,25712,25723,11
13.0907201767,80.2280807495,25723,25733,10
13.0912799835,80.2274703979,25733,25743,10
13.0914497375,80.2272720337,25743,25753,10
13.0916900635,80.2270431519,25753,25763,10
13.0922203064,80.2265014648,25763,25773,10
13.092880249,80.2258529663,25773,25783,10
13.0935001373,80.2251968384,25783,25793,10
13.0940704346,80.2245025635,25793,25803,10
13.0946598053,80.2236862183,25803,25813,10
13.0951299667,80.2228469849,25813,25824,11
13.0955400467,80.2218170166,25824,25834,10
13.0958499908,80.2209396362,25834,25844,10
13.0960597992,80.2203216553,25844,25854,10
13.0960597992,80.2202987671,25854,25864,10
13.0960998535,80.2201766968,25864,25874,10
13.0962896347,80.2196578979,25874,25884,10
13.0964803696,80.2190933228,25884,25894,10
13.0967197418,80.2183990479,25894,25903,9
13.0969600677,80.2176895142,25903,25914,11
13.0971698761,80.2171020508,25914,25924,10
13.0972204208,80.2169876099,25924,25935,11
13.0974502563,80.2164382935,25935,25945,10
13.0977296829,80.2157516479,25945,25955,10
13.0980796814,80.2149505615,25955,25965,10
13.0984096527,80.2142181396,25965,25975,10
13.0986995697,80.214012146,25975,25985,10
13.0991401672,80.2142410278,25985,25995,10
13.0996999741,80.2144088745,25995,26005,10
13.1003799438,80.2145767212,26005,26025,20
13.1003799438,80.2145767212,26025,26035,10
13.1005096436,80.2146224976,26035,26046,11
13.1005601883,80.2146377563,26046,26056,10
13.1004800797,80.2149887085,26056,26066,10
13.100230217,80.2155838013,26066,26076,10
13.1000204086,80.2160263062,26076,26086,10
13.0999002457,80.2158203125,26086,26096,10
13.100060463,80.2154693604,26096,26147,51
13.100060463,80.2154693604,26147,26157,10
13.100110054,80.2153778076,26157,26167,10
13.1002397537,80.2149200439,26167,27358,1191
13.1002397537,80.2149200439,27358,27368,10
13.1002502441,80.2145309448,27368,27378,10
13.1000003815,80.2144393921,27378,27388,10
13.0996704102,80.2143630981,27388,27398,10
13.0992097855,80.2142410278,27398,27408,10
13.0987195969,80.2140274048,27408,27418,10
13.0984096527,80.2142486572,27418,27429,11
13.0981197357,80.2149124146,27429,27439,10
13.0978097916,80.2156219482,27439,27449,10
13.0973396301,80.2167434692,27449,27469,20
13.0973396301,80.2167434692,27469,27479,10
13.0972003937,80.217086792,27479,27489,10
13.0969600677,80.2177276611,27489,27499,10
13.0967102051,80.2184829712,27499,27509,10
13.0964698792,80.2192001343,27509,27519,10
13.0962200165,80.2199172974,27519,27530,11
13.0959196091,80.2207717896,27530,27540,10
13.0956802368,80.2214584351,27540,27550,10
13.0954704285,80.2221374512,27550,27560,10
13.0953598022,80.2224578857,27560,27570,10
13.095290184,80.2226333618,27570,27580,10
13.0950698853,80.22315979,27580,27590,10
13.094619751,80.2238388062,27590,27600,10
13.0941295624,80.2245101929,27600,27610,10
13.0936098099,80.2251281738,27610,27620,10
13.0930595398,80.2257003784,27620,27630,10
13.0924701691,80.226272583,27630,27641,11
13.091750145,80.2270202637,27641,27651,10
13.0912599564,80.2275772095,27651,27661,10
13.0911998749,80.2276382446,27661,27671,10
13.0909404755,80.2279205322,27671,27681,10
13.0904903412,80.2283935547,27681,27691,10
13.0899200439,80.2290115356,27691,27701,10
13.0894002914,80.2296981812,27701,27711,10
13.0891504288,80.2302017212,27711,27721,10
13.0889997482,80.2305221558,27721,27731,10
13.0888004303,80.2309570313,27731,27752,21
13.0888004303,80.2309570313,27752,27762,10
13.0886297226,80.231338501,27762,27772,10
13.0884304047,80.2320022583,27772,27782,10
13.0882101059,80.2328872681,27782,27798,16
13.0880203247,80.2342376709,27798,27810,12
13.0872497559,80.2345809937,27810,27819,9
13.0866603851,80.2345428467,27819,27831,12
13.0857601166,80.2343597412,27831,27841,10
13.0850400925,80.2341690063,27841,27852,11
13.0842695236,80.2339630127,27852,27862,10
13.0836296082,80.2338409424,27862,27872,10
13.08314991,80.2337799072,27872,27882,10
13.082570076,80.2336578369,27882,27893,11
13.0824604034,80.2336425781,27893,27903,10
13.0823802948,80.2336425781,27903,27913,10
13.0818996429,80.233543396,27913,27923,10
13.0811004639,80.2334823608,27923,27933,10
13.0803499222,80.2334899902,27933,27943,10
13.0797195435,80.2334899902,27943,27953,10
13.0795297623,80.2334823608,27953,27963,10
13.0792598724,80.2334976196,27963,27974,11
13.0785999298,80.2335510254,27974,27984,10
13.0778198242,80.2335891724,27984,27994,10
13.0769701004,80.2337036133,27994,28004,10
13.0762996674,80.2338180542,28004,28014,10
13.0760602951,80.23387146,28014,28024,10
13.0758695602,80.2339630127,28024,28034,10
13.0759601593,80.2345733643,28034,28044,10
13.0761604309,80.2354125977,28044,28054,10
13.0763196945,80.236328125,28054,28065,11
13.0764799118,80.2371292114,28065,28075,10
13.0765104294,80.2372817993,28075,28085,10
13.076499939,80.2373809814,28085,28095,10
13.0766096115,80.2378692627,28095,28105,10
13.0767698288,80.2386932373,28105,28115,10
13.0769996643,80.239616394,28115,28125,10
13.0772399902,80.2405014038,28125,28135,10
13.0773897171,80.2411193848,28135,28145,10
13.0775203705,80.2418136597,28145,28155,10
13.0776796341,80.2425994873,28155,28166,11
13.0778102875,80.243560791,28166,28176,10
13.0777997971,80.2443771362,28176,28186,10
13.0779104233,80.245262146,28186,28196,10
13.0779600143,80.2462310791,28196,28206,10
13.0781097412,80.2471008301,28206,28216,10
13.0783004761,80.248008728,28216,28226,10
13.078499794,80.2488632202,28226,28236,10
13.078669548,80.2496032715,28236,28246,10
13.0786399841,80.2503433228,28246,28256,10
13.0785198212,80.2510299683,28256,28266,10
13.0785102844,80.2516098022,28266,28277,11
13.0779600143,80.251739502,28277,28287,10
13.0772104263,80.2518997192,28287,28297,10
13.0764198303,80.2520599365,28297,28307,10
13.0753297806,80.2521591187,28307,28317,10
13.0744199753,80.2521896362,28317,28327,10
13.0737104416,80.2524108887,28327,28337,10
13.0728597641,80.2523193359,28337,28347,10
13.0722398758,80.2519683838,28347,28357,10
13.0720996857,80.2511978149,28357,28367,10
13.0718297958,80.2503204346,28367,28377,10
13.0715703964,80.2493362427,28377,28388,11
13.0712995529,80.2481002808,28388,28398,10
13.0708999634,80.2470779419,28398,28408,10
13.0704603195,80.2461700439,28408,28418,10
13.0700302124,80.2452316284,28418,28428,10
13.0696802139,80.2443084717,28428,28437,9
13.069319725,80.2432785034,28437,28458,21
13.069319725,80.2432785034,28458,28468,10
13.0692996979,80.2430877686,28468,28478,10
13.0691995621,80.2425994873,28478,28489,11
13.0685596466,80.2425613403,28489,28499,10
13.0677700043,80.2427902222,28499,28509,10
13.0670204163,80.2430877686,28509,28519,10
13.0663003922,80.2434997559,28519,28529,10
13.0662097931,80.2443084717,28529,28539,10
13.0663204193,80.2451782227,28539,28549,10
13.0665998459,80.2459487915,28549,28559,10
13.0673904419,80.2463226318,28559,28569,10
13.0678396225,80.2465896606,28569,28579,10
13.0678596497,80.2466201782,28579,28589,10
13.0679197311,80.2470016479,28589,28600,11
13.0678796768,80.2477264404,28600,28610,10
13.0673103333,80.2478790283,28610,28620,10
13.0664901733,80.2478179932,28620,28630,10
13.0656003952,80.2477493286,28630,28640,10
13.0646095276,80.2477111816,28640,28650,10
13.0636396408,80.2476425171,28650,28660,10
13.0626497269,80.2475967407,28660,28670,10
13.0618600845,80.2475204468,28670,28680,10
13.0614299774,80.2469863892,28680,28690,10
13.061829567,80.2465209961,28690,28701,11
13.0620698929,80.2456283569,28701,28711,10
13.0624799728,80.2450027466,28711,28721,10
13.0629701614,80.2446289063,28721,28731,10
13.0632295609,80.2442779541,28731,28741,10
13.0633001328,80.2441482544,28741,28751,10
13.0635004044,80.2437210083,28751,28761,10
13.0631904602,80.2434692383,28761,28771,10
13.0625095367,80.2433319092,28771,28781,10
13.0619297028,80.2432174683,28781,28791,10
13.0614299774,80.2431335449,28791,28801,10
13.0611600876,80.2430725098,28801,28811,10
13.0606203079,80.2428817749,28811,28822,11
13.0598697662,80.2426300049,28822,28832,10
13.0591697693,80.2424926758,28832,28842,10
13.0588102341,80.2425231934,28842,28852,10
13.0586996078,80.2425537109,28852,28862,10
13.0583200455,80.2426376343,28862,28872,10
13.0576896667,80.242767334,28872,28882,10
13.0569601059,80.2427368164,28882,28892,10
13.0562696457,80.2424163818,28892,28902,10
13.055560112,80.2421722412,28902,28913,11
13.0546998978,80.2423171997,28913,28923,10
13.0539102554,80.2422485352,28923,28933,10
13.0537204742,80.2421798706,28933,28943,10
13.0536203384,80.2421188354,28943,28953,10
13.0532302856,80.2419281006,28953,28963,10
13.0526199341,80.2416915894,28963,28973,10
13.052189827,80.2411422729,28973,28982,9
13.0520200729,80.2408599854,28982,28993,11
13.0516901016,80.2406692505,28993,29002,9
13.0513401031,80.240562439,29002,29013,11
13.0510597229,80.2405166626,29013,29024,11
13.0509195328,80.2405090332,29024,29034,10
13.0504102707,80.2404022217,29034,29044,10
13.0497303009,80.2402420044,29044,29054,10
13.0489797592,80.2400970459,29054,29064,10
13.0484600067,80.2399673462,29064,29074,10
13.047659874,80.2398223877,29074,29084,10
13.0468301773,80.2396392822,29084,29094,10
13.0462398529,80.2394714355,29094,29104,10
13.0463895798,80.2389297485,29104,29114,10
13.0465497971,80.2381591797,29114,29125,11
13.0467596054,80.2372436523,29125,29135,10
13.0469398499,80.2364273071,29135,29145,10
13.0470199585,80.2360229492,29145,29155,10
13.04708004,80.2356491089,29155,29165,10
13.047129631,80.2352905273,29165,29175,10
13.0472202301,80.2346420288,29175,29185,10
13.0472803116,80.2339019775,29185,29195,10
13.0473604202,80.2332611084,29195,29205,10
13.0470399857,80.2330093384,29205,29215,10
13.0462598801,80.2328491211,29215,29225,10
13.0455102921,80.2326812744,29225,29236,11
13.0452699661,80.2325897217,29236,29246,10
13.0451602936,80.2325363159,29246,29256,10
13.044670105,80.2324371338,29256,29266,10
13.0438203812,80.2323226929,29266,29276,10
13.0429801941,80.2322769165,29276,29286,10
13.0421800613,80.2322921753,29286,29296,10
13.0413398743,80.2321166992,29296,29306,10
13.04047966,80.2318191528,29306,29316,10
13.0395803452,80.2315826416,29316,29327,11
13.0385704041,80.2313079834,29327,29338,11
13.0375204086,80.23097229,29338,29348,10
13.036860466,80.2307662964,29348,29358,10
13.036450386,80.2306518555,29358,29368,10
13.0356903076,80.2304000854,29368,29378,10
13.0349397659,80.2302780151,29378,29388,10
13.0343799591,80.2304000854,29388,29398,10
13.0335197449,80.2304077148,29398,29418,20
13.0335197449,80.2304077148,29418,29428,10
13.0331201553,80.2304382324,29428,29438,10
13.0323600769,80.2305374146,29438,29449,11
13.0313596725,80.2306289673,29449,29459,10
13.0306301117,80.2306976318,29459,29469,10
13.030090332,80.2307662964,29469,29479,10
13.0298995972,80.230796814,29479,29489,10
13.0295600891,80.2308425903,29489,29499,10
13.0288600922,80.2308807373,29499,29509,10
13.0280504227,80.2309494019,29509,29519,10
13.027680397,80.2310562134,29519,29528,9
13.0277004242,80.231590271,29528,29538,10
13.0277900696,80.2322387695,29538,29550,12
13.0277900696,80.2328109741,29550,29560,10
13.0269002914,80.233001709,29560,29620,60
13.0269002914,80.233001709,29620,29630,10
13.0266599655,80.2329788208,29630,29640,10
13.0263900757,80.2328567505,29640,29650,10
13.0261802673,80.2322387695,29650,29661,11
13.0259504318,80.231300354,29661,29671,10
13.0255804062,80.2303009033,29671,29681,10
13.0249595642,80.2294006348,29681,29691,10
13.0245103836,80.228843689,29691,29701,10
13.024140358,80.2284317017,29701,29711,10
13.0240802765,80.2283706665,29711,29721,10
13.0240802765,80.2282791138,29721,29731,10
13.0238199234,80.2279815674,29731,29741,10
13.0233602524,80.2274703979,29741,29751,10
13.0226802826,80.2268371582,29751,29761,10
13.0218200684,80.2261123657,29761,29772,11
13.0208396912,80.2253723145,29772,29782,10
13.0199098587,80.2247619629,29782,29792,10
13.0187997818,80.2244796753,29792,29802,10
13.0177297592,80.2249221802,29802,29812,10
13.0167703629,80.2253265381,29812,29822,10
13.015999794,80.2256164551,29822,29832,10
13.0151700974,80.2259216309,29832,29842,10
13.0145797729,80.2261505127,29842,29852,10
13.0140399933,80.2264099121,29852,29862,10
13.0140304565,80.2264099121,29862,29873,11
13.0137300491,80.2265014648,29873,29883,10
13.0130596161,80.2267532349,29883,29893,10
13.0121097565,80.2271194458,29893,29903,10
13.0110397339,80.2275390625,29903,29913,10
13.0099697113,80.2279891968,29913,29923,10
13.0091600418,80.2285385132,29923,29933,10
13.008939743,80.2296295166,29933,29943,10
13.0087299347,80.230682373,29943,29953,10
13.0085897446,80.2315673828,29953,29963,10
13.0083703995,80.2326278687,29963,29973,10
13.0082798004,80.2334213257,29973,29984,11
13.0082302094,80.2335891724,29984,29994,10
13.0081195831,80.2339782715,29994,30004,10
13.0079698563,80.2346420288,30004,30014,10
13.0079097748,80.2349319458,30014,30024,10
13.0078802109,80.2350769043,30024,30034,10
13.0077695847,80.2356567383,30034,30044,10
13.0075998306,80.2365188599,30044,30054,10
13.007399559,80.2375564575,30054,30064,10
13.0072402954,80.2384796143,30064,30074,10
13.0070800781,80.2393493652,30074,30085,11
13.0068998337,80.2402420044,30085,30094,9
13.0068798065,80.2406311035,30094,30106,12
13.0067901611,80.2411193848,30106,30116,10
13.0067396164,80.2418823242,30116,30126,10
13.0067300797,80.2427902222,30126,30136,10
13.0067195892,80.2436981201,30136,30146,10
13.0067100525,80.2446670532,30146,30156,10
13.0066995621,80.2454605103,30156,30165,9
13.0067501068,80.2464599609,30165,30176,11
13.0067501068,80.2473526001,30176,30186,10
13.0067501068,80.2481918335,30186,30197,11
13.0068798065,80.2493667603,30197,30217,20
13.0068798065,80.2493667603,30217,30227,10
13.0068702698,80.2496185303,30227,30237,10
13.006819725,80.250289917,30237,30247,10
13.0067796707,80.2514419556,30247,30267,20
13.0067796707,80.2514419556,30267,30277,10
13.0067501068,80.2515411377,30277,30287,10
13.0066604614,80.2519378662,30287,30298,11
13.0065402985,80.252822876,30298,30308,10
13.0065402985,80.2538909912,30308,30318,10
13.0066204071,80.2548065186,30318,30328,10
13.0066099167,80.2549133301,30328,30338,10
13.0065898895,80.2553024292,30338,30348,10
13.0066099167,80.2559814453,30348,30358,10
13.0066299438,80.2568130493,30358,30368,10
13.006649971,80.2573394775,30368,30378,10
13.0063400269,80.257598877,30378,30388,10
13.0058202744,80.2574234009,30388,30399,11
13.005200386,80.2572402954,30399,30409,10
13.0044202805,80.2570800781,30409,30419,10
13.0039100647,80.2569732666,30419,30429,10
13.0033302307,80.2568588257,30429,30439,10
13.0026798248,80.2567367554,30439,30449,10
13.002120018,80.2566375732,30449,30479,30
13.0018501282,80.2565994263,30479,30489,10
13.0018501282,80.2565994263,30489,30499,10
13.0012397766,80.2565078735,30499,30510,11
13.0003204346,80.2563400269,30510,30520,10
12.9993801117,80.2561569214,30520,30530,10
12.9984397888,80.2559890747,30530,30540,10
12.997590065,80.2559204102,30540,30550,10
12.9969902039,80.2559585571,30550,30561,11
12.9968595505,80.256652832,30561,30573,12
12.9968299866,80.2569503784,30573,30582,9
12.9968099594,80.2571792603,30582,30593,11
12.996720314,80.2580108643,30593,30602,9
12.9966402054,80.2587890625,30602,30614,12
12.9965200424,80.259803772,30614,30624,10
12.9964399338,80.2606582642,30624,30634,10
12.9963598251,80.261428833,30634,30644,10
12.9963102341,80.2619400024,30644,30654,10
12.9962301254,80.2624206543,30654,30664,10
12.9961996078,80.262550354,30664,30674,10
12.9961500168,80.2629928589,30674,30684,10
12.9961004257,80.2634887695,30684,30694,10
12.9960403442,80.2642593384,30694,30704,10
12.9959602356,80.26512146,30704,30714,10
12.9958496094,80.2660369873,30714,30725,11
12.9957399368,80.266960144,30725,30735,10
12.9957199097,80.2676010132,30735,30745,10
12.9961204529,80.2677001953,30745,30755,10
12.9961795807,80.2677230835,30755,30765,10
12.9963998795,80.2677536011,30765,30775,10
12.9969501495,80.2677536011,30775,30785,10
12.997710228,80.2675018311,30785,30795,10
12.9984798431,80.2673034668,30795,30805,10
12.9992303848,80.2670822144,30805,30815,10
13.0001497269,80.2665405273,30815,30846,31
13.0001497269,80.2665405273,30846,30856,10
13.0001802444,80.2663803101,30856,30866,10
13.0002202988,80.2661437988,30866,30876,10
13.0002698898,80.2657775879,30876,30886,10
13.0003900528,80.2657699585,30886,30896,10
13.0003004074,80.2661819458,30896,31027,131
13.0003004074,80.2661437988,31027,31764,737
13.0002803802,80.266166687,31764,32037,273
13.0002803802,80.266166687,32037,32047,10
13.0002803802,80.2665023804,32047,32057,10
13.0002403259,80.2667007446,32057,32067,10
13.000120163,80.2668228149,32067,32077,10
12.9997596741,80.2669525146,32077,32087,10
12.9993400574,80.2670822144,32087,32097,10
12.9986896515,80.2672729492,32097,32108,11
12.9979295731,80.2674865723,32108,32118,10
12.9970998764,80.2677230835,32118,32128,10
12.9963302612,80.2677688599,32128,32138,10
12.9956903458,80.2674179077,32138,32158,20
12.9956903458,80.2674179077,32158,32168,10
12.9956798553,80.2673721313,32168,32178,10
12.9957304001,80.2669830322,32178,32188,10
12.9958095551,80.2663269043,32188,32198,10
12.9959001541,80.2656097412,32198,32209,11
12.9960002899,80.2647628784,32209,32219,10
12.9960899353,80.2639770508,32219,32229,10
12.9961700439,80.2631835938,32229,32239,10
12.996219635,80.2625274658,32239,32259,20
12.996219635,80.2625274658,32259,32269,10
12.9962701797,80.2621536255,32269,32279,10
12.996339798,80.2616577148,32279,32289,10
12.9964199066,80.2610092163,32289,32299,10
12.9965000153,80.260269165,32299,32315,16
12.9965896606,80.2593612671,32315,32328,13
12.996629715,80.2592163086,32328,32338,10
12.9966602325,80.2587814331,32338,32348,10
12.9967098236,80.2581787109,32348,32358,10
12.9967899323,80.2574081421,32358,32367,9
12.9968395233,80.2569732666,32367,32377,10
12.9969396591,80.2559967041,32377,32439,62
12.9969997406,80.255821228,32439,32479,40
12.9969997406,80.255821228,32479,32489,10
12.9972496033,80.2557830811,32489,32499,10
12.9979496002,80.2558670044,32499,32509,10
12.9989004135,80.2560119629,32509,32530,21
12.9989004135,80.2560119629,32530,32540,10
12.9990501404,80.2560806274,32540,32550,10
12.99958992,80.2561798096,32550,32560,10
13.0003004074,80.2563400269,32560,32570,10
13.0011701584,80.256477356,32570,32580,10
13.0019397736,80.2566223145,32580,32590,10
13.002579689,80.256729126,32590,32600,10
13.003279686,80.2568664551,32600,32610,10
13.004070282,80.2570266724,32610,32620,10
13.0049200058,80.2571868896,32620,32630,10
13.0057296753,80.2573394775,32630,32641,11
13.0059499741,80.2573623657,32641,32651,10
13.005979538,80.2573623657,32651,32661,10
13.0062999725,80.2574234009,32661,32671,10
13.0065603256,80.257232666,32671,32681,10
13.0065402985,80.2566223145,32681,32691,10
13.0065202713,80.2557373047,32691,32701,10
13.0065603256,80.2548370361,32701,32711,10
13.0065202713,80.2539215088,32711,32721,10
13.0065002441,80.2532577515,32721,32731,10
13.0065002441,80.2532272339,32731,32741,10
13.0065002441,80.2531814575,32741,32752,11
13.0065202713,80.2526931763,32752,32762,10
13.0066003799,80.2521972656,32762,32772,10
13.0066604614,80.251953125,32772,32782,10
13.0066795349,80.2518768311,32782,32791,9
13.0067796707,80.2514419556,32791,32802,11
13.0068101883,80.2506713867,32802,32812,10
13.0067796707,80.2498779297,32812,32822,10
13.0067901611,80.2497024536,32822,32832,10
13.0067796707,80.2492904663,32832,32842,10
13.0067100525,80.2485809326,32842,32853,11
13.0066795349,80.2477035522,32853,32903,50
13.0066795349,80.2477035522,32903,32913,10
13.0067195892,80.2474365234,32913,32923,10
13.0066099167,80.2466812134,32923,32943,20
13.0066099167,80.2466812134,32943,32953,10
13.0066404343,80.2464065552,32953,32964,11
13.0066795349,80.2456970215,32964,32974,10
13.0066604614,80.2448425293,32974,32984,10
13.0066604614,80.2439575195,32984,32994,10
13.0066404343,80.2431182861,32994,33004,10
13.0066003799,80.2422485352,33004,33014,10
13.0065803528,80.2415924072,33014,33024,10
13.0065803528,80.2414779663,33024,33034,10
13.0066003799,80.2414169312,33034,33044,10
13.0066404343,80.241027832,33044,33054,10
13.0067396164,80.2404022217,33054,33064,10
13.0068597794,80.2397766113,33064,33075,11
13.0070400238,80.2388534546,33075,33085,10
13.0072202682,80.2379989624,33085,33095,10
13.007399559,80.2369766235,33095,33115,20
13.007399559,80.2369766235,33115,33125,10
13.0074396133,80.236831665,33125,33135,10
13.0075702667,80.236366272,33135,33145,10
13.0076999664,80.2356872559,33145,33155,10
13.0078601837,80.2348632813,33155,33165,10
13.0080604553,80.2339096069,33165,33176,11
13.0083198547,80.232673645,33176,33186,10
13.0085401535,80.2315292358,33186,33196,10
13.0087499619,80.2304382324,33196,33206,10
13.0089597702,80.2293624878,33206,33215,9
13.0091495514,80.2284393311,33215,33227,12
13.0095796585,80.2273406982,33227,33237,10
13.0099802017,80.2264480591,33237,33247,10
13.0103998184,80.2256011963,33247,33257,10
13.0108098984,80.2247314453,33257,33267,10
13.011179924,80.2238235474,33267,33277,10
13.0115804672,80.2229385376,33277,33288,11
13.0119104385,80.2220001221,33288,33298,10
13.0123901367,80.2214279175,33298,33308,10
13.0126495361,80.2219161987,33308,33318,10
13.0130996704,80.2225189209,33318,33328,10
13.0138397217,80.2232818604,33328,33338,10
13.0143699646,80.2239990234,33338,33348,10
13.0148601532,80.2245483398,33348,33358,10
13.0149698257,80.2246322632,33358,33368,10
13.0155801773,80.2250900269,33368,33409,41
13.0155801773,80.2250900269,33409,33419,10
13.0159196854,80.2252578735,33419,33429,10
13.0164499283,80.2253265381,33429,33439,10
13.0171203613,80.225112915,33439,33449,10
13.0179395676,80.2247772217,33449,33459,10
13.0187997818,80.2244415283,33459,33469,10
13.019610405,80.2245101929,33469,33478,9
13.0201501846,80.2248382568,33478,33488,10
13.0207300186,80.2252426147,33488,33500,12
13.0213003159,80.2257232666,33500,33510,10
13.0218801498,80.2261123657,33510,33530,20
13.0218801498,80.2261123657,33530,33540,10
13.0220003128,80.2262573242,33540,33550,10
13.0224199295,80.2266387939,33550,33560,10
13.023059845,80.2272033691,33560,33570,10
13.0237598419,80.2278671265,33570,33580,10
13.0241203308,80.2282867432,33580,33590,10
13.024140358,80.2283172607,33590,33606,16
13.0243902206,80.2286682129,33606,33619,13
13.0248403549,80.2292480469,33619,33629,10
13.0252504349,80.2297363281,33629,33637,8
13.0256299973,80.2302780151,33637,33647,10
13.0259103775,80.230796814,33647,33659,12
13.0259799957,80.2310562134,33659,33669,10
13.0260400772,80.2313690186,33669,33679,10
13.0263395309,80.2313232422,33679,33689,10
13.0269699097,80.2311630249,33689,33699,10
13.0278196335,80.2309875488,33699,33708,9
13.0290603638,80.2308578491,33708,33760,52
13.0290603638,80.2308578491,33760,33770,10
13.0292596817,80.2308273315,33770,33780,10
13.0296201706,80.230796814,33780,33790,10
13.0303201675,80.2307510376,33790,33800,10
13.0309295654,80.2306976318,33800,33810,10
13.0313596725,80.230682373,33810,33821,11
13.0320901871,80.2306213379,33821,33831,10
13.0328598022,80.2305526733,33831,33841,10
13.033659935,80.2304992676,33841,33851,10
13.034330368,80.2304077148,33851,33921,70
13.034330368,80.2304077148,33921,33932,11
13.0346002579,80.2303924561,33932,33972,40
13.0346002579,80.2303924561,33972,33982,10
13.0349597931,80.2303771973,33982,33992,10
13.0349998474,80.2305831909,33992,34002,10
13.0349903107,80.2307434082,34002,34012,10
13.034910202,80.2312164307,34012,34022,10
13.0347995758,80.2320098877,34022,34033,11
13.0346803665,80.2329788208,34033,34043,10
13.0345802307,80.2336273193,34043,34053,10
13.0344800949,80.2343597412,34053,34063,10
13.0343799591,80.2352523804,34063,34073,10
13.0342702866,80.2362976074,34073,34083,10
13.0342197418,80.2371826172,34083,34174,91
13.0342197418,80.2371826172,34174,34184,10
13.0342798233,80.237487793,34184,34194,10
13.0344295502,80.2378005981,34194,34204,10
13.0346603394,80.2382125854,34204,34214,10
13.0350999832,80.2388534546,34214,34224,10
13.0354404449,80.2392883301,34224,34234,10
13.0361995697,80.2394638062,34234,34245,11
13.0370702744,80.2395172119,34245,34255,10
13.0380001068,80.2396392822,34255,34265,10
13.0388002396,80.2397384644,34265,34275,10
13.0395498276,80.2398300171,34275,34285,10
13.0402498245,80.2399368286,34285,34295,10
13.0404100418,80.2401580811,34295,34305,10
13.0405797958,80.2405319214,34305,34315,10
13.0410604477,80.2406082153,34315,34325,10
13.0411396027,80.2406005859,34325,34335,10
13.0415201187,80.2406616211,34335,34345,10
13.0422496796,80.2407608032,34345,34356,11
13.0433397293,80.2409210205,34356,34366,10
13.0441904068,80.2409210205,34366,34376,10
13.0447101593,80.2405014038,34376,34386,10
13.0452604294,80.2401123047,34386,34396,10
13.0459403992,80.2396621704,34396,34406,10
13.0465097427,80.2395782471,34406,34416,10
13.0466299057,80.239616394,34416,34426,10
13.0468902588,80.2397003174,34426,34436,10
13.0475196838,80.2398529053,34436,34446,10
13.0484104156,80.240020752,34446,34456,10
13.0492801666,80.240196228,34456,34467,11
13.0501804352,80.2404022217,34467,34477,10
13.0510101318,80.2405776978,34477,34487,10
13.0517196655,80.2406997681,34487,34497,10
13.0519504547,80.2407608032,34497,34507,10
13.0523996353,80.2408905029,34507,34517,10
13.0526399612,80.2415771484,34517,34527,10
13.0539398193,80.2422332764,34527,34547,20
13.0539398193,80.2422332764,34547,34557,10
13.0541200638,80.2422866821,34557,34568,11
13.0547504425,80.2423706055,34568,34578,10
13.0554704666,80.2422485352,34578,34588,10
13.0562295914,80.2424697876,34588,34598,10
13.0567798615,80.2426071167,34598,34608,10
13.0573101044,80.2428207397,34608,34617,9
13.05768013,80.2427978516,34617,34628,11
13.0577898026,80.2427902222,34628,34638,10
13.0583696365,80.2426834106,34638,34648,10
13.0590295792,80.2425384521,34648,34658,10
13.0597295761,80.2425918579,34658,34668,10
13.0604696274,80.2428588867,34668,34679,11
13.0612697601,80.2431182861,34679,34689,10
13.0614595413,80.2431793213,34689,34699,10
13.0618801117,80.2432479858,34699,34709,10
13.0624399185,80.2433624268,34709,34719,10
13.0625696182,80.2433776855,34719,34729,10
13.0630302429,80.2434692383,34729,34739,10
13.0637102127,80.2435379028,34739,34748,9
13.0642499924,80.243560791,34748,34759,11
13.0650997162,80.2435379028,34759,34768,9
13.0656099319,80.2435302734,34768,34800,32
13.0656099319,80.2435302734,34800,34810,10
13.0659599304,80.2435302734,34810,34820,10
13.0663499832,80.2434463501,34820,34830,10
13.0665502548,80.2433700562,34830,34840,10
13.0670604706,80.2431411743,34840,34850,10
13.0677604675,80.2428436279,34850,34860,10
13.0686302185,80.2425918579,34860,34870,10
13.0690803528,80.242401123,34870,34880,10
13.0690803528,80.2423934937,34880,34891,11
13.0691604614,80.2423477173,34891,34901,10
13.0695800781,80.2422180176,34901,34911,10
13.0700902939,80.2420806885,34911,34921,10
13.0701303482,80.2420578003,34921,34931,10
13.0703496933,80.2420196533,34931,34941,10
13.0708799362,80.241859436,34941,34951,10
13.0715799332,80.2415771484,34951,34961,10
13.0722703934,80.2411804199,34961,34971,10
13.0729799271,80.2408218384,34971,34981,10
13.0737400055,80.2406005859,34981,34991,10
13.0746002197,80.2404937744,34991,35002,11
13.0755996704,80.2404785156,35002,35012,10
13.0765304565,80.2405319214,35012,35022,10
13.0771398544,80.2404632568,35022,35032,10
13.0771598816,80.2397918701,35032,35042,10
13.07695961,80.238899231,35042,35052,10
13.0767803192,80.2382202148,35052,35062,10
13.0767803192,80.2378921509,35062,35072,10
13.0765600204,80.2370681763,35072,35092,20
13.0765600204,80.2370681763,35092,35103,11
13.0764598846,80.2368392944,35103,35113,10
13.0763702393,80.2362518311,35113,35123,10
13.076259613,80.235710144,35123,35133,10
13.0761299133,80.2350769043,35133,35143,10
13.0759801865,80.2343978882,35143,35153,10
13.075920105,80.2339096069,35153,35163,10
13.0762300491,80.233757019,35163,35173,10
13.0767202377,80.2337036133,35173,35183,10
13.0768203735,80.2336807251,35183,35193,10
13.076880455,80.2336730957,35193,35203,10
13.0774002075,80.2336120605,35203,35214,11
13.0781097412,80.2335586548,35214,35230,16
13.0790596008,80.2335281372,35230,35242,12
13.0799102783,80.2335281372,35242,35252,10
13.0803203583,80.2335205078,35252,35262,10
13.0803699493,80.2335205078,35262,35272,10
13.0807504654,80.2335510254,35272,35282,10
13.0815296173,80.2335586548,35282,35292,10
13.0819702148,80.2335205078,35292,35302,10
13.0820503235,80.2330093384,35302,35312,10
13.0822401047,80.2322463989,35312,35323,11
13.0825500488,80.2314071655,35323,35333,10
13.0827798843,80.230796814,35333,35343,10
13.0829401016,80.2306365967,35343,35353,10
13.0831403732,80.2309036255,35353,35363,10
13.0831899643,80.2315597534,35363,35373,10
13.0832300186,80.2323226929,35373,35383,10
13.0833997726,80.2330780029,35383,35393,10
13.0835103989,80.2337417603,35393,35403,10
13.0839595795,80.2339324951,35403,35413,10
13.0840196609,80.2339401245,35413,35424,11
13.0843000412,80.2340316772,35424,35434,10
13.0849504471,80.2341918945,35434,35444,10
13.0857696533,80.2343826294,35444,35454,10
13.0865497589,80.2345428467,35454,35464,10
13.0873403549,80.2345962524,35464,35474,10
13.0878200531,80.2344207764,35474,35484,10
13.0879402161,80.2339706421,35484,35494,10
13.0879898071,80.2334823608,35494,35504,10
13.0881204605,80.2327880859,35504,35514,10
13.088350296,80.2319107056,35514,35524,10
13.0886497498,80.2310714722,35524,35535,11
13.0888395309,80.2305679321,35535,35545,10
13.0888500214,80.2305603027,35545,35555,10
13.0889396667,80.2304077148,35555,35565,10
13.0892000198,80.229888916,35565,35575,10
13.0896396637,80.2292022705,35575,35585,10
13.0902996063,80.2284698486,35585,35595,10
13.0909500122,80.2277832031,35595,35605,10
13.0913496017,80.2273330688,35605,35615,10
13.0914001465,80.2272720337,35615,35625,10
13.0916795731,80.2269973755,35625,35635,10
13.0922203064,80.2264633179,35635,35646,11
13.0932197571,80.2254104614,35646,35666,20
13.0932197571,80.2254104614,35666,35676,10
13.0934200287,80.2251968384,35676,35686,10
13.0938796997,80.2247085571,35686,35696,10
13.0944595337,80.2239608765,35696,35706,10
13.0950403214,80.2230606079,35706,35716,10
13.0954303741,80.2220230103,35716,35726,10
13.095749855,80.2211074829,35726,35736,10
13.0960798264,80.220199585,35736,35747,11
13.0963602066,80.219291687,35747,35757,10
13.0965900421,80.2186965942,35757,35767,10
13.0968198776,80.2180023193,35767,35777,10
13.0970802307,80.2172012329,35777,35787,10
13.0972003937,80.2169189453,35787,35797,10
13.0972604752,80.2167663574,35797,35807,10
13.0974998474,80.2161636353,35807,35817,10
13.097820282,80.2154312134,35817,35827,10
13.0981397629,80.2146987915,35827,35837,10
13.0983695984,80.2141723633,35837,35878,41
13.0983695984,80.2141723633,35878,35888,10
13.0984601974,80.2140197754,35888,35898,10
13.0988197327,80.214012146,35898,35908,10
13.0993404388,80.2142333984,35908,35918,10
13.0999298096,80.2144012451,35918,35928,10
13.1004295349,80.2145614624,35928,35979,51
13.1004295349,80.2145614624,35979,35989,10
13.1004400253,80.2146072388,35989,35999,10
13.1005601883,80.2148895264,35999,36009,10
13.1003103256,80.2154388428,36009,36019,10
13.100060463,80.2159576416,36019,36029,10
13.0999202728,80.2160186768,36029,36039,10
13.0999698639,80.2156600952,36039,36201,162
13.0999698639,80.2156600952,36201,36211,10
13.1001501083,80.2153167725,36211,36221,10
13.1002397537,80.2147216797,36221,37432,1211
13.1002397537,80.2147216797,37432,37442,10
13.1001796722,80.2144622803,37442,37452,10
13.0999202728,80.2144012451,37452,37462,10
13.0995101929,80.2143325806,37462,37473,11
13.099149704,80.2142333984,37473,37483,10
13.0986604691,80.2140274048,37483,37493,10
13.0983695984,80.2143630981,37493,37503,10
13.0980596542,80.2150192261,37503,37513,10
13.0977096558,80.2158279419,37513,37523,10
13.097410202,80.2165374756,37523,37533,10
13.0973501205,80.2166976929,37533,37543,10
13.0972995758,80.2168197632,37543,37553,10
13.097120285,80.2172622681,37553,37563,10
13.0968599319,80.2179794312,37563,37573,10
13.0965795517,80.2187805176,37573,37584,11
13.0963697433,80.219367981,37584,37594,10
13.0961198807,80.2200698853,37594,37604,10
13.0958499908,80.2208480835,37604,37614,10
13.0956201553,80.2215576172,37614,37624,10
13.0953998566,80.2222671509,37624,37634,10
13.0953502655,80.2224197388,37634,37644,10
13.0952196121,80.2227325439,37644,37654,10
13.0949401855,80.2233428955,37654,37664,10
13.0944700241,80.2240371704,37664,37674,10
13.0939598083,80.2246932983,37674,37685,11
13.0934000015,80.2253265381,37685,37695,10
13.0927600861,80.225982666,37695,37704,9
13.0921697617,80.2265777588,37704,37715,11
13.0916204453,80.2271194458,37715,37725,10
13.0912303925,80.2275695801,37725,37745,20
13.0912303925,80.2275695801,37745,37755,10
13.0910902023,80.2277374268,37755,37765,10
13.090760231,80.2280807495,37765,37775,10
13.0902996063,80.2285690308,37775,37785,10
13.0897397995,80.2291564941,37785,37796,11
13.0892696381,80.2299118042,37796,37806,10
13.0891199112,80.2302093506,37806,37816,10
13.0887804031,80.2309265137,37816,37846,30
13.0887804031,80.2309265137,37846,37856,10
13.0886802673,80.231086731,37856,37866,10
13.088549614,80.2313995361,37866,37876,10
13.0883998871,80.2318496704,37876,37886,10
13.088259697,80.232383728,37886,37896,10
13.0881204605,80.2329483032,37896,37907,11
13.0880298615,80.2335968018,37907,37917,10
13.0879898071,80.2341690063,37917,37927,10
13.087770462,80.234588623,37927,37937,10
13.0875396729,80.23462677,37937,38139,202
13.0875396729,80.23462677,38139,38149,10
13.0872402191,80.2345581055,38149,38159,10
13.0867595673,80.2345733643,38159,38169,10
13.0861797333,80.2344894409,38169,38179,10
13.0854902267,80.2343292236,38179,38189,10
13.0848503113,80.2341690063,38189,38199,10
13.0843000412,80.2340621948,38199,38209,10
13.0837402344,80.2339019775,38209,38230,21
13.0837402344,80.2339019775,38230,38240,10
13.0833501816,80.2337799072,38240,38250,10
13.0827598572,80.2337112427,38250,38260,10
13.0823698044,80.2336273193,38260,38270,10
13.0823602676,80.2336273193,38270,38280,10
13.0822401047,80.2335891724,38280,38290,10
13.0818395615,80.2335510254,38290,38300,10
13.0811901093,80.2335510254,38300,38310,10
13.0804796219,80.2335205078,38310,38320,10
13.0794801712,80.2334823608,38320,38341,21
13.0794801712,80.2334823608,38341,38351,10
13.0793504715,80.2334594727,38351,38361,10
13.0789899826,80.2334976196,38361,38371,10
13.0784502029,80.2335586548,38371,38381,10
13.0778303146,80.2335968018,38381,38391,10
13.0772399902,80.2337036133,38391,38401,10
13.076499939,80.2337722778,38401,38411,10
13.0760097504,80.2339019775,38411,38421,10
13.075969696,80.2338867188,38421,38431,10
13.0758104324,80.233833313,38431,38442,11
13.0758895874,80.2343521118,38442,38452,10
13.0760402679,80.2350387573,38452,38462,10
13.0761699677,80.2356491089,38462,38472,10
13.0762901306,80.2363815308,38472,38482,10
13.0764598846,80.2372589111,38482,38502,20
13.0764598846,80.2372589111,38502,38512,10
13.0764703751,80.2373580933,38512,38522,10
13.0765600204,80.2377471924,38522,38532,10
13.0766897202,80.2384796143,38532,38543,11
13.0768995285,80.2393875122,38543,38553,10
13.0771198273,80.2402267456,38553,38563,10
13.0773000717,80.2409362793,38563,38573,10
13.0773801804,80.2415466309,38573,38583,10
13.0775699615,80.2422714233,38583,38593,10
13.0776996613,80.2432022095,38593,38603,10
13.077750206,80.2440795898,38603,38613,10
13.0778102875,80.2446670532,38613,38623,10
13.0778903961,80.2454833984,38623,38633,10
13.0779800415,80.2464370728,38633,38643,10
13.0781698227,80.2474594116,38643,38654,11
13.0783996582,80.2485733032,38654,38664,10
13.0786104202,80.2494430542,38664,38674,10
13.0786504745,80.2502365112,38674,38684,10
13.0784702301,80.2508621216,38684,38694,10
13.0785102844,80.2515182495,38694,38704,10
13.0780801773,80.251701355,38704,38714,10
13.0773200989,80.2518386841,38714,38724,10
13.0764198303,80.2520217896,38724,38734,10
13.0754699707,80.2521362305,38734,38744,10
13.074669838,80.2521896362,38744,38754,10
13.0740995407,80.2521972656,38754,38765,11
13.0734901428,80.2524032593,38765,38775,10
13.0727596283,80.2523422241,38775,38785,10
13.0721998215,80.2519073486,38785,38795,10
13.0720701218,80.251121521,38795,38805,10
13.0717802048,80.2503204346,38805,38815,10
13.0715303421,80.2493667603,38815,38825,10
13.0712995529,80.2482910156,38825,38835,10
13.0709896088,80.2473220825,38835,38845,10
13.070520401,80.2463531494,38845,38855,10
13.0700502396,80.2453384399,38855,38865,10
13.0696802139,80.2443695068,38865,38876,11
13.0693302155,80.2433624268,38876,38896,20
13.0693302155,80.2433624268,38896,38906,10
13.069319725,80.2432785034,38906,38916,10
13.0692596436,80.2429962158,38916,38926,10
13.0690803528,80.2425079346,38926,38936,10
13.0684204102,80.2425765991,38936,38946,10
13.0676403046,80.2428207397,38946,38962,16
13.0663499832,80.2434082031,38962,38974,12
13.0661497116,80.2442016602,38974,38985,11
13.0662202835,80.2448425293,38985,38994,9
13.0662899017,80.2454071045,38994,39006,12
13.0667200089,80.2460327148,39006,39016,10
13.0678300858,80.24659729,39016,39036,20
13.0678300858,80.24659729,39036,39046,10
13.0679197311,80.2468566895,39046,39056,10
13.067899704,80.2474822998,39056,39066,10
13.0675296783,80.2478790283,39066,39076,10
13.0667295456,80.2478408813,39076,39086,10
13.0657596588,80.2478179932,39086,39097,11
13.0645399094,80.247718811,39097,39107,10
13.0634403229,80.2476196289,39107,39128,21
13.0615301132,80.2472686768,39128,39140,12
13.0616397858,80.246673584,39140,39150,10
13.0619096756,80.2459716797,39150,39159,9
13.0621299744,80.2452468872,39159,39170,11
13.0627603531,80.244758606,39170,39180,10
13.0631799698,80.2443313599,39180,39190,10
13.0632696152,80.2442016602,39190,39201,11
13.0634899139,80.2436599731,39201,39211,10
13.0629901886,80.2434310913,39211,39221,10
13.0622797012,80.2432785034,39221,39231,10
13.061630249,80.2431411743,39231,39241,10
13.0611896515,80.243057251,39241,39251,10
13.0609197617,80.2429962158,39251,39261,10
13.0603599548,80.2428207397,39261,39271,10
13.0596599579,80.2426223755,39271,39281,10
13.0589704514,80.2425537109,39281,39291,10
13.0586700439,80.2426223755,39291,39302,11
13.0584697723,80.2426681519,39302,39312,10
13.0579795837,80.2427368164,39312,39322,10
13.0570001602,80.2427825928,39322,39342,20
13.0570001602,80.2427825928,39342,39352,10
13.0569000244,80.2427520752,39352,39362,10
13.0565500259,80.2426605225,39362,39372,10
13.0559597015,80.2423782349,39372,39382,10
13.0552101135,80.2422637939,39382,39392,10
13.0544996262,80.2423782349,39392,39402,10
13.0537700653,80.2422637939,39402,39412,10
13.0536203384,80.2421798706,39412,39423,11
13.0535802841,80.2421264648,39423,39433,10
13.0532197952,80.2419433594,39433,39443,10
13.0525798798,80.2416763306,39443,39453,10
13.0521202087,80.2410583496,39453,39463,10
13.0519104004,80.2407608032,39463,39473,10
13.0516395569,80.2406463623,39473,39483,10
13.0512399673,80.2405776978,39483,39493,10
13.0509996414,80.2405395508,39493,39503,10
13.0505304337,80.240447998,39503,39514,11
13.0499000549,80.2403182983,39514,39524,10
13.0494499207,80.240196228,39524,39534,10
13.048740387,80.2400436401,39534,39544,10
13.0479698181,80.2398986816,39544,39554,10
13.0471897125,80.239730835,39554,39564,10
13.0464801788,80.2395782471,39564,39574,10
13.0462703705,80.2392883301,39574,39584,10
13.0464200974,80.2386398315,39584,39594,10
13.046620369,80.2378005981,39594,39604,10
13.0467996597,80.2369003296,39604,39614,10
13.046959877,80.2361373901,39614,39625,11
13.0470304489,80.2357635498,39625,39635,10
13.0470504761,80.2355194092,39635,39645,10
13.0471200943,80.2350234985,39645,39655,10
13.047249794,80.2342681885,39655,39665,10
13.0473403931,80.2336120605,39665,39675,10
13.0473499298,80.2331237793,39675,39685,10
13.0469503403,80.2329483032,39685,39695,10
13.0462903976,80.2328262329,39695,39705,10
13.045419693,80.2326583862,39705,39725,20
13.045419693,80.2326583862,39725,39736,11
13.0450201035,80.2325820923,39736,39746,10
13.0444602966,80.2324829102,39746,39762,16
13.0432395935,80.2323226929,39762,39774,12
13.0424098969,80.2323074341,39774,39782,8
13.0418701172,80.2322692871,39782,39794,12
13.0410003662,80.2320632935,39794,39804,10
13.0404100418,80.2318267822,39804,39814,10
13.0397500992,80.2316207886,39814,39824,10
13.0389003754,80.2313995361,39824,39834,10
13.0378303528,80.2311019897,39834,39845,11
13.0369596481,80.2308273315,39845,39855,10
13.0366601944,80.2307434082,39855,39865,10
13.0360298157,80.2304992676,39865,39875,10
13.0354995728,80.2303771973,39875,39894,19
13.0354995728,80.2303771973,39894,39904,10
13.0352201462,80.2303237915,39904,39915,11
13.0346803665,80.2303466797,39915,39925,10
13.0340003967,80.2304534912,39925,39935,10
13.0334796906,80.2304992676,39935,39956,21
13.0334796906,80.2304992676,39956,39966,10
13.0332803726,80.2304992676,39966,39976,10
13.0326404572,80.2305374146,39976,39986,10
13.031999588,80.2306213379,39986,39996,10
13.0314702988,80.2306518555,39996,40006,10
13.0309801102,80.2306976318,40006,40016,10
13.030790329,80.23072052,40016,40026,10
13.0304203033,80.2307281494,40026,40036,10
13.0296897888,80.2308120728,40036,40057,21
13.0296897888,80.2308120728,40057,40067,10
13.0293397903,80.2308502197,40067,40077,10
13.0286397934,80.2309188843,40077,40087,10
13.0278596878,80.2310028076,40087,40097,10
13.0276098251,80.2312393188,40097,40107,10
13.0276699066,80.231842041,40107,40117,10
13.0278196335,80.2325820923,40117,40127,10
13.0273895264,80.2328414917,40127,40137,10
13.0268297195,80.232963562,40137,40178,41
13.0268297195,80.232963562,40178,40188,10
13.0266399384,80.233001709,40188,40198,10
13.0263500214,80.2328414917,40198,40208,10
13.026140213,80.2321472168,40208,40217,9
13.0259199142,80.231262207,40217,40228,11
13.0253896713,80.2300491333,40228,40238,10
13.0246696472,80.2291030884,40238,40248,10
13.0239400864,80.2282409668,40248,40269,21
13.0239400864,80.2282409668,40269,40279,10
13.0238704681,80.2281417847,40279,40289,10
13.0234899521,80.227722168,40289,40299,10
13.0229301453,80.2271728516,40299,40309,10
13.0221700668,80.2264709473,40309,40319,10
13.0213098526,80.2258071899,40319,40329,10
13.0206003189,80.2252426147,40329,40339,10
13.0201797485,80.2249832153,40339,40349,10
13.0201301575,80.2249603271,40349,40359,10
13.0200996399,80.2249526978,40359,40369,10
13.019780159,80.2247161865,40369,40380,11
13.0190000534,80.2244567871,40380,40390,10
13.0181798935,80.2247314453,40390,40400,10
13.0173196793,80.2250823975,40400,40410,10
13.016579628,80.2253875732,40410,40420,10
13.0160198212,80.2256011963,40420,40430,10
13.0154304504,80.2258071899,40430,40440,10
13.0149002075,80.2260131836,40440,40456,16
13.0139799118,80.2264022827,40456,40468,12
13.0137796402,80.2264709473,40468,40476,8
13.0133399963,80.2266387939,40476,40489,13
13.0122203827,80.2270584106,40489,40499,10
13.0111398697,80.2274780273,40499,40509,10
13.0100898743,80.227897644,40509,40519,10
13.0092096329,80.2283477783,40519,40529,10
13.0089597702,80.2292098999,40529,40538,9
13.0087499619,80.2302703857,40538,40549,11
13.0085601807,80.2313766479,40549,40559,10
13.0083703995,80.232421875,40559,40569,10
13.0082302094,80.2333831787,40569,40579,10
13.0081596375,80.2336883545,40579,40589,10
13.0081100464,80.2338027954,40589,40600,11
13.0079803467,80.2343063354,40600,40610,10
13.0078496933,80.2350769043,40610,40620,10
13.0076599121,80.236038208,40620,40630,10
13.0074596405,80.2370986938,40630,40640,10
13.0072698593,80.2380828857,40640,40650,10
13.0071001053,80.2389907837,40650,40660,10
13.0069704056,80.2397232056,40660,40670,10
13.0068902969,80.2401275635,40670,40690,20
13.0068902969,80.2401275635,40690,40701,11
13.0069103241,80.2403488159,40701,40711,10
13.006819725,80.2407913208,40711,40721,10
13.0068101883,80.2408828735,40721,40731,10
13.0067396164,80.2412796021,40731,40741,10
13.0067100525,80.2420730591,40741,40751,10
13.0066699982,80.2430725098,40751,40761,10
13.0066404343,80.2440109253,40761,40771,10
13.0066204071,80.2449417114,40771,40780,9
13.0066404343,80.2457199097,40780,40790,10
13.0066795349,80.2466430664,40790,40801,11
13.0067195892,80.2473678589,40801,40812,11
13.0067195892,80.2482376099,40812,40822,10
13.0067796707,80.2490692139,40822,40832,10
13.0068302155,80.2494735718,40832,40842,10
13.0068302155,80.2496109009,40842,40852,10
13.0067996979,80.2501907349,40852,40862,10
13.0067796707,80.2508621216,40862,40872,10
13.0067996979,80.251159668,40872,40882,10
13.0067796707,80.2513504028,40882,40892,10
13.0066699982,80.2518768311,40892,40902,10
13.0065498352,80.2525482178,40902,40912,10
13.0066404343,80.2530593872,40912,40923,11
13.0066299438,80.253616333,40923,40933,10
13.006649971,80.2541122437,40933,41306,373
13.006649971,80.2541122437,41306,41316,10
13.0066099167,80.2543716431,41316,41326,10
13.0065698624,80.2547836304,41326,41336,10
13.0065698624,80.2554168701,41336,41346,10
13.0065803528,80.256149292,41346,41357,11
13.0066204071,80.2570571899,41357,41387,30
13.0066204071,80.2570571899,41387,41397,10
13.0067195892,80.2573623657,41397,41407,10
13.0068302155,80.2577667236,41407,41417,10
13.0070800781,80.2582015991,41417,41427,10
13.0074996948,80.2586212158,41427,41437,10
13.0079202652,80.2588500977,41437,41447,10
13.0080404282,80.2591629028,41447,41457,10
13.0077600479,80.2592926025,41457,41468,11
13.007399559,80.2592163086,41468,41484,16
13.0072402954,80.2587890625,41484,41496,12
13.0072097778,80.2587432861,41496,41506,10
13.0070896149,80.2584762573,41506,41516,10
13.0066604614,80.2577819824,41516,41526,10
13.0065202713,80.2572631836,41526,41536,10
13.0064897537,80.2566223145,41536,41546,10
13.0064897537,80.2559967041,41546,41556,10
13.0065002441,80.2554016113,41556,41567,11
13.0065402985,80.254699707,41567,41576,9
13.0065097809,80.2539978027,41576,41587,11
13.0065002441,80.2533035278,41587,41597,10
13.0065097809,80.2531433105,41597,41607,10
13.006529808,80.2526321411,41607,41617,10
13.0066204071,80.2520828247,41617,41678,61
13.0066204071,80.2520828247,41678,41688,10
13.006649971,80.2519989014,41688,41698,10
13.0067501068,80.2515411377,41698,41708,10
13.0068101883,80.2507781982,41708,41718,10
13.0067796707,80.2498626709,41718,41728,10
13.0067396164,80.2489776611,41728,41738,10
13.0066795349,80.2482376099,41738,41748,10
13.0066604614,80.247833252,41748,41789,41
13.0066604614,80.247833252,41789,41799,10
13.0066795349,80.2474594116,41799,41809,10
13.0066604614,80.2470932007,41809,41819,10
13.0065603256,80.2465667725,41819,41829,10
13.0065803528,80.2464904785,41829,41839,10
13.0066299438,80.2463531494,41839,41849,10
13.0066404343,80.2458267212,41849,41859,10
13.0066404343,80.2453536987,41859,41869,10
13.0066299438,80.2450790405,41869,41879,10
13.0066299438,80.2444763184,41879,41889,10
13.0066404343,80.2436294556,41889,41900,11
13.0066003799,80.2426528931,41900,41910,10
13.0065803528,80.2416381836,41910,41920,10
13.0067195892,80.2403488159,41920,41940,20
13.0067195892,80.2403488159,41940,41950,10
13.0067596436,80.2402801514,41950,41960,10
13.0068597794,80.2399291992,41960,41970,10
13.0069999695,80.2392120361,41970,41980,10
13.0071697235,80.238319397,41980,41990,10
13.0073404312,80.2375030518,41990,42001,11
13.0074300766,80.2367095947,42001,42011,10
13.0074396133,80.2366867065,42011,42021,10
13.0074996948,80.2365036011,42021,42031,10
13.0076398849,80.2359237671,42031,42041,10
13.007809639,80.2350769043,42041,42051,10
13.0080404282,80.2340316772,42051,42061,10
13.0082702637,80.2328567505,42061,42071,10
13.0085201263,80.2316131592,42071,42081,10
13.0087499619,80.2303771973,42081,42091,10
13.0089797974,80.2292633057,42091,42101,10
13.0093002319,80.2279586792,42101,42112,11
13.0098304749,80.2267913818,42112,42122,10
13.010310173,80.2257232666,42122,42132,10
13.0107402802,80.2248077393,42132,42142,10
13.01101017,80.2241821289,42142,42152,10
13.0112104416,80.223739624,42152,42162,10
13.0114498138,80.2231674194,42162,42172,10
13.011759758,80.2224807739,42172,42182,10
13.012169838,80.2217102051,42182,42192,10
13.0125999451,80.2219924927,42192,42208,16
13.0132102966,80.2226409912,42208,42221,13
13.013879776,80.2233200073,42221,42231,10
13.0141000748,80.2235794067,42231,42241,10
13.0143699646,80.223991394,42241,42251,10
13.0147199631,80.2243499756,42251,42261,10
13.015080452,80.2246780396,42261,42271,10
13.01541996,80.2248916626,42271,42291,20
13.01541996,80.2248916626,42291,42301,10
13.0155601501,80.2249984741,42301,42311,10
13.0158195496,80.2252426147,42311,42321,10
13.0163097382,80.2253112793,42321,42333,12
13.0170097351,80.2251205444,42333,42343,10
13.0177602768,80.2248306274,42343,42353,10
13.0185203552,80.2245178223,42353,42363,10
13.0191602707,80.2243423462,42363,42373,10
13.019610405,80.2244415283,42373,42383,10
13.0198602676,80.2246017456,42383,42393,10
13.0202302933,80.2248916626,42393,42403,10
13.0208101273,80.2253036499,42403,42413,10
13.0214099884,80.2257614136,42413,42423,10
13.0219097137,80.2261123657,42423,42433,10
13.0219697952,80.2261581421,42433,42444,11
13.0222101212,80.2264022827,42444,42454,10
13.0227003098,80.226852417,42454,42470,16
13.0237998962,80.2278823853,42470,42482,12
13.0244703293,80.2286834717,42482,42491,9
13.0246801376,80.2289581299,42491,42502,11
13.0252895355,80.2297821045,42502,42512,10
13.0257997513,80.2306213379,42512,42522,10
13.0260400772,80.2312927246,42522,42532,10
13.0265598297,80.2312164307,42532,42542,10
13.0274095535,80.2309875488,42542,42553,11
13.0281400681,80.2308578491,42553,42563,10
13.0282897949,80.2308731079,42563,42573,10
13.0287399292,80.2308120728,42573,42583,10
13.0293397903,80.2307891846,42583,42623,40
13.0293397903,80.2307891846,42623,42633,10
13.0295200348,80.2308807373,42633,42643,10
13.0300397873,80.230796814,42643,42654,11
13.0303697586,80.230758667,42654,42664,10
13.0304803848,80.2307510376,42664,42674,10
13.0308904648,80.23072052,42674,42684,10
13.0312299728,80.2306594849,42684,42694,10
13.0317802429,80.2305831909,42694,42704,10
13.0323295593,80.2305679321,42704,42714,10
13.0325403214,80.2305679321,42714,42724,10
13.032699585,80.2305603027,42724,42734,10
13.0327396393,80.2305603027,42734,42744,10
13.0328798294,80.2305831909,42744,42754,10
13.0330896378,80.2305679321,42754,42765,11
13.0333900452,80.2305221558,42765,42775,10
13.033659935,80.2304992676,42775,42785,10
13.0341501236,80.2304382324,42785,42805,20
13.0343103409,80.2304077148,42805,42876,71
13.0343103409,80.2304077148,42876,42886,10
13.0343599319,80.2304763794,42886,42896,10
13.0346698761,80.2303771973,42896,42906,10
13.0349302292,80.2304916382,42906,42916,10
13.0349197388,80.2306594849,42916,42926,10
13.034910202,80.2307434082,42926,42936,10
13.0348396301,80.2312927246,42936,42946,10
13.0347795486,80.2318572998,42946,42956,10
13.0346498489,80.2326507568,42956,42966,10
13.0345802307,80.2333679199,42966,42977,11
13.0344400406,80.2343826294,42977,42987,10
13.0342798233,80.2354431152,42987,42997,10
13.0341396332,80.236579895,42997,43007,10
13.0343599319,80.237487793,43007,43017,10
13.034819603,80.2381591797,43017,43027,10
13.0353899002,80.2391815186,43027,43037,10
13.0360202789,80.239402771,43037,43047,10
13.0369501114,80.2395019531,43047,43057,10
13.0378904343,80.239616394,43057,43067,10
13.0388298035,80.2397232056,43067,43077,10
13.0396900177,80.2398071289,43077,43088,11
13.040309906,80.2399368286,43088,43097,9
13.0403699875,80.2403335571,43097,43108,11
13.0407400131,80.2405166626,43108,43118,10
13.0409898758,80.2405471802,43118,43128,10
13.0412998199,80.2405776978,43128,43138,10
13.0419502258,80.2406082153,43138,43148,10
13.0429601669,80.2407836914,43148,43158,10
13.0437202454,80.2409133911,43158,43168,10
13.0442800522,80.2407531738,43168,43209,41
13.0442800522,80.2407531738,43209,43219,10
13.0444097519,80.2407073975,43219,43229,10
13.0447797775,80.2404403687,43229,43238,9
13.0451402664,80.2401885986,43238,43249,11
13.0454998016,80.239982605,43249,43259,10
13.0459804535,80.2396316528,43259,43269,10
13.0465297699,80.2395782471,43269,43279,10
13.04666996,80.2396087646,43279,43289,10
13.047129631,80.2396469116,43289,43299,10
13.0477895737,80.2398300171,43299,43310,11
13.0485496521,80.2399902344,43310,43319,9
13.0493001938,80.2401275635,43319,43330,11
13.0501403809,80.2403030396,43330,43340,10
13.0508298874,80.2404403687,43340,43350,10
13.05148983,80.2405700684,43350,43360,10
13.052280426,80.2408218384,43360,43370,10
13.0525398254,80.2413406372,43370,43380,10
13.0529003143,80.2417831421,43380,43390,10
13.0536003113,80.2421112061,43390,43400,10
13.0541296005,80.2422409058,43400,43411,11
13.0541496277,80.2422485352,43411,43421,10
13.0543298721,80.2423019409,43421,43431,10
13.0547304153,80.2423400879,43431,43441,10
13.055439949,80.2422409058,43441,43451,10
13.0561599731,80.2424621582,43451,43461,10
13.0566396713,80.2426223755,43461,43471,10
13.056810379,80.2426071167,43471,43481,10
13.0570802689,80.242729187,43481,43491,10
13.0578298569,80.242729187,43491,43501,10
13.0585603714,80.2426071167,43501,43511,10
13.0591201782,80.2425613403,43511,43522,11
13.0597200394,80.2425918579,43522,43532,10
13.0603704453,80.2427978516,43532,43542,10
13.0610799789,80.2430496216,43542,43552,10
13.061920166,80.2432174683,43552,43562,10
13.0624799728,80.2433319092,43562,43572,10
13.0625200272,80.2433395386,43572,43582,10
13.0629396439,80.2434234619,43582,43592,10
13.0634403229,80.2434997559,43592,43602,10
13.0641002655,80.243560791,43602,43612,10
13.064789772,80.2435379028,43612,43622,10
13.0653400421,80.2435379028,43622,43639,17
13.0659999847,80.2434768677,43639,43651,12
13.0665302277,80.2433166504,43651,43661,10
13.0669498444,80.2431488037,43661,43671,10
13.0676403046,80.2428512573,43671,43680,9
13.0684204102,80.2426528931,43680,43690,10
13.0690698624,80.2424087524,43690,43700,10
13.0700397491,80.2421035767,43700,43720,20
13.0700397491,80.2421035767,43720,43730,10
13.0702199936,80.2420578003,43730,43742,12
13.0709199905,80.2418136597,43742,43752,10
13.0717401505,80.2414627075,43752,43762,10
13.0726003647,80.2409362793,43762,43772,10
13.0734901428,80.2406692505,43772,43782,10
13.0744800568,80.2405471802,43782,43792,10
13.0756902695,80.2405395508,43792,43802,10
13.0768003464,80.2406234741,43802,43812,10
13.0770998001,80.2401580811,43812,43822,10
13.0768995285,80.2392578125,43822,43832,10
13.0766296387,80.2383499146,43832,43863,31
13.0766296387,80.2383499146,43863,43873,10
13.0765304565,80.2380218506,43873,43883,10
13.0764198303,80.2374420166,43883,43903,20
13.0764198303,80.2374420166,43903,43913,10
13.0763502121,80.237121582,43913,43923,10
13.076259613,80.2365036011,43923,43933,10
13.0761699677,80.2358016968,43933,43943,10
13.0760297775,80.2350387573,43943,43954,11
13.0758600235,80.234336853,43954,43964,10
13.0757904053,80.2340927124,43964,44014,50
13.0757904053,80.2340927124,44014,44024,10
13.0758399963,80.2339401245,44024,44034,10
13.0763196945,80.233757019,44034,44044,10
13.0771799088,80.2336425781,44044,44054,10
13.0781002045,80.2335510254,44054,44065,11
13.0788402557,80.2335205078,44065,44075,10
13.0793800354,80.2335128784,44075,44085,10
13.0798501968,80.2334671021,44085,44095,10
13.080280304,80.2334899902,44095,44105,10
13.0804300308,80.2335205078,44105,44115,10
13.0809297562,80.2335205078,44115,44125,10
13.0817403793,80.2335510254,44125,44135,10
13.0819597244,80.2331924438,44135,44145,10
13.0821399689,80.2323989868,44145,44155,10
13.0824203491,80.2315597534,44155,44165,10
13.0827598572,80.2307662964,44165,44176,11
13.0830898285,80.2308425903,44176,44192,16
13.0831203461,80.2319564819,44192,44204,12
13.0832996368,80.2329788208,44204,44214,10
13.0834503174,80.2337417603,44214,44224,10
13.0839300156,80.2339172363,44224,44234,10
13.0840196609,80.2339401245,44234,44244,10
13.0841798782,80.2339782715,44244,44254,10
13.0846004486,80.2340774536,44254,44264,10
13.0853204727,80.2342529297,44264,44274,10
13.0860204697,80.2344512939,44274,44285,11
13.0867300034,80.2345504761,44285,44296,11
13.0876598358,80.2344970703,44296,44306,10
13.0879602432,80.2336883545,44306,44316,10
13.0881700516,80.2325973511,44316,44326,10
13.0884599686,80.231552124,44326,44336,10
13.0888299942,80.2306671143,44336,44346,10
13.0888996124,80.2304992676,44346,44356,10
13.0889797211,80.2303314209,44356,44366,10
13.0892601013,80.2297515869,44366,44376,10
13.0898103714,80.2289962769,44376,44387,11
13.0905895233,80.2281570435,44387,44397,10
13.0912103653,80.2275009155,44397,44407,10
13.0914096832,80.2272796631,44407,44417,10
13.0916004181,80.2270889282,44417,44427,10
13.0921602249,80.2265396118,44427,44437,10
13.0928401947,80.2258377075,44437,44447,10
13.0936002731,80.2250213623,44447,44457,10
13.0942697525,80.2242202759,44457,44467,10
13.095000267,80.2231292725,44467,44477,10
13.0954504013,80.222038269,44477,44487,10
13.0958204269,80.2209396362,44487,44498,11
13.096159935,80.2199478149,44498,44508,10
13.0962400436,80.2196884155,44508,44518,10
13.0963802338,80.2192382813,44518,44538,20
13.0963802338,80.2192382813,44538,44548,10
13.0965099335,80.2189483643,44548,44558,10
13.0967302322,80.2182769775,44558,44568,10
13.0972003937,80.2169876099,44568,44588,20
13.0972003937,80.2169876099,44588,44598,10
13.0973300934,80.2166595459,44598,44609,11
13.0976896286,80.2158508301,44609,44619,10
13.0980901718,80.2149200439,44619,44629,10
13.0982904434,80.2144012451,44629,44639,10
13.0983800888,80.2142028809,44639,44649,10
13.0986404419,80.2139663696,44649,44659,10
13.0989999771,80.2141799927,44659,44669,10
13.099439621,80.2143173218,44669,44679,10
13.0999498367,80.2144622803,44679,44689,10
13.100279808,80.2145614624,44689,44699,10
13.1003799438,80.2145767212,44699,44710,11
13.100520134,80.2146377563,44710,44720,10
13.100569725,80.2147598267,44720,44730,10
13.1003198624,80.2153015137,44730,44740,10
13.1000204086,80.2159194946,44740,44750,10
13.0999202728,80.2160720825,44750,44760,10
13.0998802185,80.2157669067,44760,44770,10
13.100110054,80.2153091431,44770,44780,10
13.1002702713,80.2149429321,44780,46649,1869
13.1002702713,80.2149429321,46649,46659,10
13.1002197266,80.2147369385,46659,47184,525
13.1002197266,80.2147369385,47184,47194,10
13.1002397537,80.2146911621,47194,47204,10
13.1000699997,80.2144699097,47204,47215,11
13.0998296738,80.2144012451,47215,47225,10
13.099360466,80.2142791748,47225,47235,10
13.0988302231,80.2141113281,47235,47245,10
13.0986299515,80.2140426636,47245,47255,10
13.0984401703,80.2141036987,47255,47265,10
13.0982503891,80.2144775391,47265,47275,10
13.0979700089,80.2151184082,47275,47285,10
13.0976600647,80.2158279419,47285,47295,10
13.0973796844,80.2164993286,47295,47305,10
13.097319603,80.2166824341,47305,47315,10
13.097240448,80.2168579102,47315,47326,11
13.0970497131,80.2173690796,47326,47336,10
13.0968198776,80.2180023193,47336,47346,10
13.0965499878,80.2187728882,47346,47356,10
13.0962696075,80.219581604,47356,47366,10
13.0959796906,80.2204666138,47366,47376,10
13.0956802368,80.2212982178,47376,47386,10
13.095459938,80.2220230103,47386,47396,10
13.0953397751,80.222366333,47396,47406,10
13.095290184,80.2225036621,47406,47416,10
13.0950899124,80.2229995728,47416,47426,10
13.0947303772,80.2236175537,47426,47437,11
13.0941495895,80.2244186401,47437,47447,10
13.0936803818,80.2249984741,47447,47457,10
13.0935697556,80.2251205444,47457,47467,10
13.0933599472,80.2253265381,47467,47477,10
13.0929098129,80.2257766724,47477,47487,10
13.0923500061,80.2263412476,47487,47497,10
13.0916996002,80.2269973755,47497,47507,10
13.0912103653,80.2275466919,47507,47527,20
13.0912103653,80.2275466919,47527,47537,10
13.0910196304,80.2277984619,47537,47554,17
13.090259552,80.2285995483,47554,47566,12
13.0895395279,80.2294464111,47566,47576,10
13.0892295837,80.2300186157,47576,47586,10
13.0890703201,80.2303237915,47586,47596,10
13.0887804031,80.2309188843,47596,47613,17
13.0887804031,80.2309188843,47613,47626,13
13.0886602402,80.2311401367,47626,47636,10
13.0884304047,80.2317123413,47636,47646,10
13.0881996155,80.2325363159,47646,47657,11
13.0879898071,80.2336425781,47657,47667,10
13.0877599716,80.2344818115,47667,47677,10
13.0868902206,80.2345428467,47677,47687,10
13.0861597061,80.2344436646,47687,47697,10
13.0860795975,80.2344207764,47697,47720,23
13.0852298737,80.2341995239,47720,47732,12
13.0843496323,80.2339706421,47732,47742,10
13.0836496353,80.2338485718,47742,47752,10
13.0833101273,80.2337875366,47752,47762,10
13.0829000473,80.2337188721,47762,47773,11
13.0824203491,80.2336196899,47773,47783,10
13.0824203491,80.2335968018,47783,47793,10
13.0822000504,80.233543396,47793,47803,10
13.0819396973,80.2335128784,47803,47813,10
13.0813798904,80.2334823608,47813,47823,10
13.0806503296,80.2334365845,47823,47833,10
13.079990387,80.2334594727,47833,47844,11
13.0795602798,80.2334594727,47844,47864,20
13.0795602798,80.2334594727,47864,47875,11
13.0791797638,80.2334976196,47875,47885,10
13.0785398483,80.233543396,47885,47895,10
13.0777397156,80.2335586548,47895,47905,10
13.0768404007,80.2336883545,47905,47915,10
13.0761899948,80.2338180542,47915,47925,10
13.0761604309,80.2338104248,47925,47935,10
13.0760602951,80.2337875366,47935,47945,10
13.0758600235,80.2339019775,47945,47955,10
13.0759000778,80.2343215942,47955,47965,10
13.0760097504,80.2350006104,47965,47976,11
13.0761995316,80.2359771729,47976,47986,10
13.0764102936,80.2371902466,47986,48006,20
13.0764102936,80.2371902466,48006,48016,10
13.0764598846,80.2374191284,48016,48026,10
13.0765199661,80.237739563,48026,48036,10
13.0766296387,80.2383422852,48036,48046,10
13.0767803192,80.2389984131,48046,48056,10
13.0769100189,80.2395019531,48056,48066,10
13.0770797729,80.2401580811,48066,48076,10
13.077249527,80.2408218384,48076,48087,11
13.0773601532,80.2414169312,48087,48097,10
13.0775403976,80.2421035767,48097,48107,10
13.0776996613,80.2429962158,48107,48117,10
13.0777702332,80.2440032959,48117,48127,10
13.0777997971,80.2448196411,48127,48137,10
13.077870369,80.2457733154,48137,48147,10
13.0780496597,80.2468185425,48147,48157,10
13.0782499313,80.2478637695,48157,48167,10
13.0784797668,80.2488937378,48167,48177,10
13.0786600113,80.2498397827,48177,48187,10
13.0784397125,80.250617981,48187,48198,11
13.0785303116,80.251449585,48198,48208,10
13.0782003403,80.2516326904,48208,48218,10
13.0775299072,80.2517700195,48218,48228,10
13.076669693,80.2519607544,48228,48238,10
13.0756502151,80.2521286011,48238,48248,10
13.074839592,80.2521896362,48248,48258,10
13.0741596222,80.2522125244,48258,48268,10
13.0737400055,80.2524032593,48268,48278,10
13.0730400085,80.2523422241,48278,48288,10
13.0724401474,80.2521362305,48288,48298,10
13.07213974,80.2515716553,48298,48309,11
13.0719499588,80.2506332397,48309,48318,9
13.0717000961,80.2498168945,48318,48329,11
13.0714902878,80.248840332,48329,48339,10
13.0712499619,80.2479629517,48339,48349,10
13.0709695816,80.2472305298,48349,48359,10
13.0705604553,80.2463989258,48359,48369,10
13.0700798035,80.2453994751,48369,48379,10
13.0696897507,80.2443618774,48379,48389,10
13.0692901611,80.243270874,48389,48409,20
13.0692901611,80.243270874,48409,48420,11
13.069270134,80.2431488037,48420,48430,10
13.0691900253,80.2427215576,48430,48440,10
13.0687198639,80.2425003052,48440,48450,10
13.067990303,80.2426986694,48450,48460,10
13.0671596527,80.2429962158,48460,48470,10
13.0663003922,80.2433395386,48470,48480,10
13.0660896301,80.2441101074,48480,48490,10
13.0661697388,80.2448425293,48490,48500,10
13.0665302277,80.2458496094,48500,48510,10
13.0674295425,80.2462997437,48510,48521,11
13.0678195953,80.2465591431,48521,48531,10
13.0678596497,80.2467803955,48531,48541,10
13.0678596497,80.2473831177,48541,48551,10
13.0675697327,80.2478637695,48551,48564,13
13.0665903091,80.2478027344,48564,48573,9
13.065779686,80.2477722168,48573,48584,11
13.0644397736,80.2476882935,48584,48594,10
13.0633296967,80.2475967407,48594,48604,10
13.062379837,80.2476119995,48604,48614,10
13.0616598129,80.247467041,48614,48623,9
13.0613698959,80.2471313477,48623,48635,12
13.0617599487,80.2465362549,48635,48645,10
13.0619401932,80.2457427979,48645,48655,10
13.0622997284,80.2449798584,48655,48665,10
13.062959671,80.2445220947,48665,48675,10
13.0630598068,80.244392395,48675,48685,10
13.0630998611,80.2443389893,48685,48695,10
13.0633497238,80.243927002,48695,48705,10
13.0633401871,80.2434768677,48705,48715,10
13.0630903244,80.2434463501,48715,48725,10
13.0627698898,80.2433624268,48725,48735,10
13.0621900558,80.2432403564,48735,48746,11
13.061750412,80.2431716919,48746,48756,10
13.0614900589,80.2431182861,48756,48766,10
13.061249733,80.2431030273,48766,48776,10
13.0607500076,80.2429580688,48776,48786,10
13.0601596832,80.2427368164,48786,48796,10
13.0595397949,80.2425384521,48796,48806,10
13.0590896606,80.2425079346,48806,48816,10
13.0587902069,80.2425537109,48816,48826,10
13.0587701797,80.2425613403,48826,48836,10
13.0583896637,80.2426528931,48836,48847,11
13.0577402115,80.2427597046,48847,48857,10
13.0568799973,80.2427215576,48857,48867,10
13.056139946,80.2424316406,48867,48877,10
13.055439949,80.2422790527,48877,48887,10
13.0546798706,80.242401123,48887,48897,10
13.0539197922,80.2422790527,48897,48907,10
13.0537700653,80.2422180176,48907,48917,10
13.0536804199,80.2421722412,48917,48927,10
13.053319931,80.2419586182,48927,48937,10
13.0526800156,80.2417221069,48937,48947,10
13.0521602631,80.2410964966,48947,48958,11
13.0518798828,80.2406997681,48958,48968,10
13.0514602661,80.2406234741,48968,48988,20
13.0514602661,80.2406234741,48988,48998,10
13.051199913,80.240562439,48998,49008,10
13.0508699417,80.2405014038,49008,49018,10
13.050860405,80.2405014038,49018,49028,10
13.0507297516,80.240447998,49028,49038,10
13.0502500534,80.2403564453,49038,49048,10
13.0495595932,80.240196228,49048,49058,10
13.0488996506,80.2400970459,49058,49069,11
13.0481300354,80.2399673462,49069,49079,10
13.0473403931,80.2397918701,49079,49089,10
13.0466499329,80.239616394,49089,49099,10
13.0463895798,80.2395629883,49099,49109,10
13.046210289,80.2393493652,49109,49119,10
13.0463600159,80.2388916016,49119,49129,10
13.0465602875,80.2381286621,49129,49139,10
13.0467195511,80.2371826172,49139,49149,10
13.0468997955,80.2363204956,49149,49159,10
13.0469703674,80.2359313965,49159,49169,10
13.0470399857,80.2356033325,49169,49180,11
13.0471200943,80.2351837158,49180,49196,16
13.0473098755,80.2335891724,49196,49228,32
13.0473098755,80.2335891724,49228,49238,10
13.0473203659,80.2331924438,49238,49248,10
13.0470399857,80.2330322266,49248,49258,10
13.0464496613,80.2328872681,49258,49268,10
13.045800209,80.2327423096,49268,49278,10
13.0452299118,80.2326278687,49278,49289,11
13.0451097488,80.2325973511,49289,49299,10
13.0449695587,80.2325515747,49299,49309,10
13.044500351,80.2324676514,49309,49318,9
13.0438098907,80.2323532104,49318,49329,11
13.0430297852,80.2322921753,49329,49339,10
13.042429924,80.2322769165,49339,49349,10
13.0417299271,80.232208252,49349,49359,10
13.0408401489,80.2320022583,49359,49369,10
13.0398397446,80.2316207886,49369,49379,10
13.0388002396,80.2313537598,49379,49389,10
13.0377197266,80.2310409546,49389,49400,11
13.036740303,80.2307128906,49400,49421,21
13.036740303,80.2307128906,49421,49431,10
13.0364999771,80.2305603027,49431,49441,10
13.0359601974,80.2304077148,49441,49451,10
13.035369873,80.2303085327,49451,49552,101
13.035369873,80.2303085327,49552,49562,10
13.0352602005,80.2302398682,49562,49572,10
13.0349903107,80.230178833,49572,49582,10
13.0344400406,80.2302627563,49582,49592,10
13.0340003967,80.2303466797,49592,49602,10
13.0334100723,80.2303695679,49602,49623,21
13.0334100723,80.2303695679,49623,49633,10
13.0331001282,80.2304000854,49633,49643,10
13.032500267,80.2304611206,49643,49653,10
13.0317401886,80.2305526733,49653,49663,10
13.0307998657,80.2306594849,49663,49683,20
13.0307998657,80.2306594849,49683,49693,10
13.030380249,80.2307128906,49693,49703,10
13.029800415,80.2307815552,49703,49713,10
13.0297498703,80.2307815552,49713,49724,11
13.0293903351,80.2308273315,49724,49734,10
13.0287103653,80.2308731079,49734,49744,10
13.0279197693,80.2309188843,49744,49754,10
13.0276203156,80.2311172485,49754,49764,10
13.027680397,80.2316970825,49764,49774,10
13.0277996063,80.2323532104,49774,49784,10
13.0276603699,80.2328262329,49784,49794,10
13.0270299911,80.2329406738,49794,49804,10
13.0267496109,80.232963562,49804,49814,10
13.0263996124,80.2328491211,49814,49824,10
13.0261898041,80.2322998047,49824,49835,11
13.0261602402,80.2320709229,49835,49845,10
13.0261096954,80.2317428589,49845,49855,10
13.0259799957,80.2312774658,49855,49865,10
13.0257997513,80.2306671143,49865,49875,10
13.0253696442,80.2299575806,49875,49885,10
13.0249900818,80.2294769287,49885,49895,10
13.0248298645,80.2292861938,49895,49905,10
13.0244903564,80.2288589478,49905,49915,10
13.0239696503,80.2282485962,49915,49935,20
13.0239696503,80.2282485962,49935,49946,11
13.0237102509,80.2279129028,49946,49956,10
13.0232095718,80.2274017334,49956,49966,10
13.0225896835,80.2268066406,49966,49976,10
13.0218400955,80.2261581421,49976,49986,10
13.0211400986,80.2256011963,49986,49996,10
13.0206804276,80.2252731323,49996,50006,10
13.0201597214,80.224937439,50006,50016,10
13.0195903778,80.2245483398,50016,50026,10
13.0186796188,80.2244796753,50026,50036,10
13.0177297592,80.224899292,50036,50047,11
13.0168800354,80.2252502441,50047,50057,10
13.0164899826,80.2254180908,50057,50067,10
13.0161600113,80.2255172729,50067,50077,10
13.015540123,80.225769043,50077,50087,10
13.0148296356,80.2260513306,50087,50107,20
13.0148296356,80.2260513306,50107,50117,10
13.014749527,80.2261123657,50117,50127,10
13.014670372,80.2261505127,50127,50137,10
13.0142202377,80.2262878418,50137,50157,20
13.0142202377,80.2262878418,50157,50168,11
13.0138998032,80.2264022827,50168,50184,16
13.0128097534,80.2268066406,50184,50196,12
13.0117702484,80.2272262573,50196,50206,10
13.0108804703,80.2275695801,50206,50215,9
13.0101099014,80.227897644,50215,50226,11
13.0092201233,80.2283935547,50226,50236,10
13.0089902878,80.2292098999,50236,50246,10
13.0087995529,80.2302627563,50246,50256,10
13.0086202621,80.2311935425,50256,50267,11
13.0084400177,80.2322235107,50267,50277,10
13.008190155,80.2336578369,50277,50297,20
13.008190155,80.2336578369,50297,50307,10
13.0081396103,80.2338104248,50307,50317,10
13.0080499649,80.2342910767,50317,50327,10
13.007900238,80.2350387573,50327,50337,10
13.0077199936,80.2359237671,50337,50347,10
13.007519722,80.2369003296,50347,50357,10
13.0073204041,80.2378997803,50357,50367,10
13.0071401596,80.238861084,50367,50378,11
13.0068798065,80.2400665283,50378,50418,40
13.0068798065,80.2400665283,50418,50428,10
13.0068798065,80.2404022217,50428,50438,10
13.0068101883,80.2407989502,50438,50448,10
13.0067596436,80.2409667969,50448,50458,10
13.0067100525,80.2416000366,50458,50468,10
13.0066995621,80.2425003052,50468,50478,10
13.0066795349,80.2434616089,50478,50488,10
13.0066699982,80.2443771362,50488,50499,11
13.0066795349,80.2454910278,50499,50509,10
13.0067300797,80.2464904785,50509,50519,10
13.0067396164,80.2474517822,50519,50529,10
13.0067195892,80.2484817505,50529,50539,10
13.0068397522,80.2495574951,50539,50559,20
13.0068397522,80.2495574951,50559,50569,10
13.0068302155,80.2497634888,50569,50579,10
13.0068101883,80.2502212524,50579,50590,11
13.0068101883,80.2512588501,50590,50610,20
13.0068101883,80.2512588501,50610,50620,10
13.0067796707,80.2513427734,50620,50630,10
13.0066795349,80.2517623901,50630,50640,10
13.0065402985,80.2525024414,50640,50650,10
13.0065097809,80.2533798218,50650,50660,10
13.0065202713,80.2543563843,50660,50670,10
13.0065803528,80.2549591064,50670,50680,10
13.0065803528,80.2549819946,50680,50690,10
13.0065698624,80.255279541,50690,50701,11
13.0065803528,80.2560577393,50701,50711,10
13.0066699982,80.2572021484,50711,50801,90
13.0066699982,80.2572021484,50801,50812,11
13.0066900253,80.2574768066,50812,50822,10
13.0061702728,80.2575302124,50822,50832,10
13.0055599213,80.2573928833,50832,50842,10
13.0049600601,80.2572097778,50842,50852,10
13.004240036,80.2570419312,50852,50862,10
13.0036001205,80.2568969727,50862,50872,10
13.0029802322,80.2567825317,50872,50882,10
13.0023298264,80.256652832,50882,50892,10
13.0018100739,80.2565765381,50892,50902,10
13.0015497208,80.2565383911,50902,50912,10
13.00096035,80.2564697266,50912,50923,11
13.0001802444,80.2563400269,50923,50939,16
13.0000801086,80.2563171387,50939,50951,12
12.9997997284,80.2562637329,50951,50971,20
12.9997997284,80.2562637329,50971,50981,10
12.9997301102,80.2562332153,50981,50991,10
12.9993600845,80.2561569214,50991,51001,10
12.9988098145,80.2560501099,51001,51011,10
12.9981498718,80.2559585571,51011,51021,10
12.9975795746,80.2559432983,51021,51032,11
12.9973897934,80.2559204102,51032,51042,10
12.9971704483,80.2559127808,51042,51052,10
12.9968996048,80.2562026978,51052,51062,10
12.9968395233,80.2567596436,51062,51072,10
12.9968299866,80.2568206787,51072,51082,10
12.9968004227,80.257019043,51082,51092,10
12.9967403412,80.2576370239,51092,51102,10
12.9966402054,80.2584381104,51102,51112,10
12.9965600967,80.2593078613,51112,51122,10
12.9964799881,80.2601318359,51122,51132,10
12.9963703156,80.261177063,51132,51143,11
12.9963102341,80.2618179321,51143,51153,10
12.9962396622,80.2623214722,51153,51163,10
12.996219635,80.2623977661,51163,51173,10
12.9961395264,80.2627410889,51173,51183,10
12.9961004257,80.263343811,51183,51193,10
12.9960203171,80.2641830444,51193,51203,10
12.9959201813,80.2650985718,51203,51213,10
12.9958896637,80.26537323,51213,51223,10
12.9958200455,80.2659683228,51223,51233,10
12.9957199097,80.2668762207,51233,51244,11
12.9956798553,80.2675170898,51244,51254,10
12.9961700439,80.2677001953,51254,51274,20
12.9961700439,80.2677001953,51274,51284,10
12.9963302612,80.267791748,51284,51294,10
12.997010231,80.2677230835,51294,51304,10
12.997879982,80.2674636841,51304,51314,10
12.9983701706,80.2673416138,51314,51324,10
12.9991903305,80.2670974731,51324,51334,10
13.0,80.2667617798,51334,51351,17
13.0000600815,80.2666778564,51351,51363,12
13.000169754,80.2663421631,51363,51373,10
13.0002202988,80.265838623,51373,51383,10
13.0003404617,80.2657165527,51383,51392,9
13.0002403259,80.2660903931,51392,52099,707
13.0002403259,80.2660903931,52099,52110,11
13.0002698898,80.2662277222,52110,52191,81
13.0002698898,80.2662277222,52191,52201,10
13.0002603531,80.2665100098,52201,52211,10
13.0002603531,80.266708374,52211,52222,11
13.0000095367,80.2668914795,52222,52232,10
12.9995603561,80.2669906616,52232,52242,10
12.9989795685,80.2671508789,52242,52252,10
12.9983100891,80.2673187256,52252,52262,10
12.9976396561,80.267539978,52262,52272,10
12.9968595505,80.2677307129,52272,52282,10
12.9960603714,80.2677001953,52282,52292,10
12.9956598282,80.2673492432,52292,52323,31
12.9956598282,80.2673492432,52323,52333,10
12.9956998825,80.2671737671,52333,52343,10
12.9957504272,80.2666778564,52343,52353,10
12.9958200455,80.2660675049,52353,52363,10
12.995880127,80.2654571533,52363,52373,10
12.9959602356,80.2648010254,52373,52383,10
12.9960403442,80.2641983032,52383,52393,10
12.9961004257,80.2635498047,52393,52403,10
12.9961996078,80.2626571655,52403,52423,20
12.9961996078,80.2626571655,52423,52434,11
12.996219635,80.2625579834,52434,52444,10
12.9962596893,80.2622909546,52444,52454,10
12.9963102341,80.2619018555,52454,52464,10
12.9963598251,80.2614593506,52464,52474,10
12.9963998795,80.2610397339,52474,52484,10
12.9964199066,80.2607269287,52484,52494,10
12.9964704514,80.260383606,52494,52504,10
12.9965295792,80.2598571777,52504,52514,10
12.9965801239,80.2593383789,52514,52524,10
12.9966497421,80.2586975098,52524,52534,10
12.996720314,80.2579879761,52534,52545,11
12.9968099594,80.2572097778,52545,52555,10
12.9968595505,80.2564468384,52555,52565,10
12.9968700409,80.256111145,52565,52575,10
12.9969997406,80.2558822632,52575,52585,10
12.9975099564,80.2558822632,52585,52595,10
12.9977397919,80.2558898926,52595,52605,10
12.9982204437,80.2559814453,52605,52615,10
12.9987697601,80.2560577393,52615,52645,30
12.9987697601,80.2560577393,52645,52656,11
12.9992103577,80.256111145,52656,52696,40
12.9992103577,80.256111145,52696,52706,10
12.9994497299,80.2561264038,52706,52716,10
12.9998998642,80.2562179565,52716,52726,10
13.0005702972,80.2563781738,52726,52736,10
13.0013303757,80.2565231323,52736,52746,10
13.002120018,80.2566375732,52746,52756,10
13.0028800964,80.2567825317,52756,52767,11
13.0035495758,80.2569122314,52767,52777,10
13.004240036,80.2570724487,52777,52787,10
13.0048303604,80.2571792603,52787,52797,10
13.0056200027,80.2573013306,52797,52807,10
13.0062198639,80.2574234009,52807,52817,10
13.0062599182,80.2574386597,52817,52827,10
13.0064201355,80.2574768066,52827,52837,10
13.0065097809,80.2572479248,52837,52847,10
13.0064697266,80.2566986084,52847,52857,10
13.006480217,80.2558517456,52857,52867,10
13.0065202713,80.2550811768,52867,52878,11
13.0065202713,80.2542190552,52878,52888,10
13.0065402985,80.2535095215,52888,52898,10
13.0065498352,80.2533416748,52898,52908,10
13.0065803528,80.253288269,52908,52918,10
13.0065803528,80.2528762817,52918,52928,10
13.0066604614,80.2519989014,52928,52979,51
13.0066604614,80.2519989014,52979,52989,10
13.0066995621,80.2519607544,52989,52999,10
13.0067596436,80.2515716553,52999,53009,10
13.0068101883,80.2509002686,53009,53019,10
13.0068101883,80.2501220703,53019,53029,10
13.0067996979,80.2492523193,53029,53039,10
13.0067195892,80.2484436035,53039,53049,10
13.0066604614,80.2477035522,53049,53100,51
13.0066604614,80.2477035522,53100,53110,10
13.0066404343,80.2475509644,53110,53120,10
13.006649971,80.2472076416,53120,53130,10
13.0065898895,80.2464981079,53130,53150,20
13.0065898895,80.2464981079,53150,53160,10
13.0066404343,80.2463607788,53160,53170,10
13.0066404343,80.24584198,53170,53180,10
13.0066404343,80.2453765869,53180,53190,10
13.0066204071,80.2447433472,53190,53201,11
13.0066204071,80.2440795898,53201,53211,10
13.0066204071,80.2436981201,53211,53221,10
13.0066003799,80.243270874,53221,53231,10
13.0065803528,80.2425537109,53231,53241,10
13.0065603256,80.2417221069,53241,53261,20
13.0065603256,80.2417221069,53261,53271,10
13.0065898895,80.241317749,53271,53281,10
13.0066795349,80.2407073975,53281,53291,10
13.0067996979,80.2401809692,53291,53301,10
13.0069303513,80.2393569946,53301,53311,10
13.0071201324,80.2383728027,53311,53322,11
13.0073604584,80.2372970581,53322,53332,10
13.0074195862,80.2367401123,53332,53342,10
13.0074300766,80.2367019653,53342,53352,10
13.0075597763,80.2362823486,53352,53362,10
13.0076999664,80.2356033325,53362,53372,10
13.0078802109,80.2347564697,53372,53382,10
13.0080795288,80.2337493896,53382,53392,10
13.0082998276,80.2325897217,53392,53402,10
13.0085201263,80.2314300537,53402,53412,10
13.0087499619,80.2302780151,53412,53423,11
13.0089797974,80.2291030884,53423,53433,10
13.0092601776,80.2280197144,53433,53443,10
13.0097103119,80.2269897461,53443,53453,10
13.0101900101,80.2259979248,53453,53463,10
13.0106897354,80.2249679565,53463,53473,10
13.0110902786,80.2240371704,53473,53483,10
13.0113697052,80.2233200073,53483,53493,10
13.0116996765,80.2225570679,53493,53503,10
13.0120601654,80.2216033936,53503,53513,10
13.012430191,80.2215423584,53513,53524,11
13.0127897263,80.2220916748,53524,53534,10
13.0133399963,80.222618103,53534,53544,10
13.0139398575,80.2233581543,53544,53554,10
13.0144500732,80.2240524292,53554,53564,10
13.014960289,80.2245788574,53564,53574,10
13.01541996,80.224899292,53574,53604,30
13.01541996,80.224899292,53604,53614,10
13.0155496597,80.2250289917,53614,53624,10
13.0157899857,80.2252731323,53624,53635,11
13.0163402557,80.2253494263,53635,53645,10
13.0169401169,80.2251586914,53645,53655,10
13.0175800323,80.224899292,53655,53665,10
13.0182199478,80.2246398926,53665,53675,10
13.0188398361,80.2244033813,53675,53685,10
13.0194597244,80.2244110107,53685,53695,10
13.0198802948,80.2246398926,53695,53705,10
13.0201501846,80.224861145,53705,53715,10
13.02064991,80.2251968384,53715,53725,10
13.0212898254,80.225692749,53725,53736,11
13.02202034,80.2261810303,53736,53756,20
13.02202034,80.2261810303,53756,53766,10
13.022069931,80.2262496948,53766,53776,10
13.0221395493,80.2263183594,53776,53786,10
13.0222997665,80.2264404297,53786,53796,10
13.022649765,80.2267608643,53796,53806,10
13.0231800079,80.2272567749,53806,53816,10
13.0236902237,80.227722168,53816,53826,10
13.0241603851,80.2281799316,53826,53836,10
13.0245304108,80.228729248,53836,53847,11
13.0250797272,80.2294692993,53847,53857,10
13.0256595612,80.2303009033,53857,53867,10
13.025970459,80.2309799194,53867,53877,10
13.0259799957,80.2311935425,53877,53887,10
13.0262403488,80.2312469482,53887,53897,10
13.0268802643,80.2311172485,53897,53907,10
13.0276403427,80.2309570313,53907,53917,10
13.028380394,80.2309112549,53917,53937,20
13.028380394,80.2309112549,53937,53947,10
13.0288000107,80.2308425903,53947,53958,11
13.0292396545,80.2308197021,53958,53978,20
13.0292396545,80.2308197021,53978,53988,10
13.0293397903,80.2308197021,53988,53998,10
13.0294599533,80.2308273315,53998,54008,10
13.0294799805,80.2308273315,54008,54018,10
13.0297603607,80.2308120728,54018,54028,10
13.0304002762,80.2307434082,54028,54038,10
13.0309200287,80.2307128906,54038,54048,10
13.0315599442,80.2306594849,54048,54064,16
13.0333204269,80.2305221558,54064,54087,23
13.0333204269,80.2305221558,54087,54096,9
13.0334997177,80.230506897,54096,54107,11
13.0339298248,80.2304763794,54107,54167,60
13.0339298248,80.2304763794,54167,54178,11
13.0343103409,80.2304534912,54178,54188,10
13.0343904495,80.230430603,54188,54198,10
13.0344104767,80.2304000854,54198,54208,10
13.0347204208,80.2303390503,54208,54218,10
13.0347795486,80.2303237915,54218,54228,10
13.0348997116,80.2302780151,54228,54238,10
13.0349302292,80.2307281494,54238,54248,10
13.0348501205,80.2314834595,54248,54258,10
13.034740448,80.2322692871,54258,54268,10
13.0346603394,80.2328872681,54268,54278,10
13.0346002579,80.2331924438,54278,54289,11
13.034529686,80.2337493896,54289,54299,10
13.0344200134,80.2346725464,54299,54309,10
13.0343599319,80.2353820801,54309,54319,10
13.0342597961,80.2360305786,54319,54329,10
13.0341701508,80.2369613647,54329,54379,50
13.0341701508,80.2369613647,54379,54390,11
13.0341701508,80.2370681763,54390,54400,10
13.0344104767,80.2375335693,54400,54410,10
13.0347099304,80.2380371094,54410,54420,10
13.0350198746,80.2385635376,54420,54430,10
13.035369873,80.2391204834,54430,54440,10
13.0360202789,80.2393798828,54440,54450,10
13.0368204117,80.2394485474,54450,54460,10
13.037779808,80.2396316528,54460,54469,9
13.038599968,80.2397232056,54469,54479,10
13.0393695831,80.2398071289,54479,54490,11
13.0400104523,80.2398910522,54490,54501,11
13.0401802063,80.239906311,54501,54511,10
13.0403203964,80.2399902344,54511,54521,10
13.0403404236,80.2403793335,54521,54531,10
13.0404701233,80.2404937744,54531,54541,10
13.0408201218,80.2405395508,54541,54551,10
13.0409097672,80.240562439,54551,54561,10
13.0412197113,80.2405776978,54561,54571,10
13.0418701172,80.2406387329,54571,54581,10
13.0428104401,80.2407913208,54581,54591,10
13.0437498093,80.2409286499,54591,54602,11
13.0445098877,80.2405776978,54602,54642,40
13.0445203781,80.2403793335,54642,54672,30
13.0445203781,80.2403793335,54672,54682,10
13.044839859,80.2402114868,54682,54692,10
13.0452604294,80.2399520874,54692,54702,10
13.0458202362,80.239616394,54702,54713,11
13.0461597443,80.2394714355,54713,54723,10
13.0464496613,80.2395629883,54723,54733,10
13.04666996,80.2396469116,54733,54743,10
13.0473003387,80.2397918701,54743,54753,10
13.048119545,80.2399520874,54753,54763,10
13.0491104126,80.2401428223,54763,54773,10
13.0497198105,80.2402801514,54773,54783,10
13.0503997803,80.2404098511,54783,54793,10
13.0507898331,80.2405014038,54793,54803,10
13.0511398315,80.2405776978,54803,54813,10
13.0512399673,80.2406005859,54813,54824,11
13.051609993,80.2406768799,54824,54834,10
13.0522499084,80.2408218384,54834,54870,36
13.0522499084,80.2408218384,54870,54882,12
13.0525302887,80.2412567139,54882,54892,10
13.0525798798,80.2414703369,54892,54902,10
13.0529899597,80.2417831421,54902,54912,10
13.0536899567,80.2421264648,54912,54922,10
13.0540399551,80.2422332764,54922,54933,11
13.0542402267,80.2422790527,54933,54943,10
13.0548400879,80.2422866821,54943,54953,10
13.0556097031,80.2422332764,54953,54963,10
13.0565395355,80.2426071167,54963,54993,30
13.0565395355,80.2426071167,54993,55003,10
13.0569095612,80.2426605225,55003,55022,19
13.0575799942,80.2427825928,55022,55034,12
13.0578403473,80.2427368164,55034,55043,9
13.0583696365,80.2426223755,55043,55055,12
13.0591402054,80.2424926758,55055,55065,10
13.0598602295,80.2426605225,55065,55075,10
13.0606498718,80.2429428101,55075,55084,9
13.0614099503,80.2431488037,55084,55094,10
13.0622396469,80.2432785034,55094,55105,11
13.0624704361,80.2433166504,55105,55115,10
13.0626401901,80.2433624268,55115,55125,10
13.0631999969,80.2434768677,55125,55135,10
13.0637798309,80.2434921265,55135,55145,10
13.0643901825,80.2434310913,55145,55156,11
13.065290451,80.2434921265,55156,55166,10
13.0656003952,80.243522644,55166,55175,9
13.065779686,80.2434997559,55175,55186,11
13.0662403107,80.2433700562,55186,55196,10
13.0669002533,80.2431030273,55196,55206,10
13.0676002502,80.2428207397,55206,55216,10
13.0684995651,80.2425689697,55216,55226,10
13.0693101883,80.2422332764,55226,55236,10
13.069899559,80.2420578003,55236,55246,10
13.0699501038,80.2420730591,55246,55257,11
13.070110321,80.2420806885,55257,55267,10
13.0703001022,80.2420120239,55267,55277,10
13.0707902908,80.2418289185,55277,55287,10
13.0714797974,80.2415008545,55287,55297,10
13.0723800659,80.2409973145,55297,55307,10
13.0732498169,80.2406768799,55307,55317,10
13.0740203857,80.2404785156,55317,55327,10
13.0749502182,80.2404632568,55327,55337,10
13.0759000778,80.240447998,55337,55347,10
13.0766201019,80.2405166626,55347,55357,10
13.0770797729,80.2404174805,55357,55368,11
13.0769796371,80.2395706177,55368,55378,10
13.0767602921,80.2385482788,55378,55387,9
13.0765800476,80.2378234863,55387,55398,11
13.0764598846,80.2373580933,55398,55408,10
13.0764398575,80.2372207642,55408,55418,10
13.0764398575,80.2370834351,55418,55428,10
13.0763597488,80.2368392944,55428,55438,10
13.0762996674,80.2363586426,55438,55448,10
13.0761804581,80.2355575562,55448,55458,10
13.0759801865,80.2345962524,55458,55469,11
13.0758495331,80.2340393066,55469,55519,50
13.0758495331,80.2340393066,55519,55529,10
13.0760002136,80.2337722778,55529,55539,10
13.0765399933,80.2336425781,55539,55549,10
13.0767498016,80.2336425781,55549,55559,10
13.0771303177,80.2335662842,55559,55569,10
13.0778398514,80.2334823608,55569,55580,11
13.0789003372,80.2334594727,55580,55590,10
13.0796499252,80.2334594727,55590,55600,10
13.0802001953,80.2335128784,55600,55610,10
13.0802097321,80.2334976196,55610,55620,10
13.0802602768,80.2334976196,55620,55630,10
13.0807504654,80.2334899902,55630,55640,10
13.081489563,80.2335281372,55640,55650,10
13.0819501877,80.2333221436,55650,55660,10
13.0820703506,80.2326202393,55660,55670,10
13.0823402405,80.2317199707,55670,55680,10
13.0827198029,80.2308731079,55680,55691,11
13.0830898285,80.2308197021,55691,55701,10
13.0831403732,80.2314987183,55701,55711,10
13.0832099915,80.2324981689,55711,55721,10
13.0833902359,80.2334823608,55721,55731,10
13.0838298798,80.2338790894,55731,55741,10
13.0840101242,80.2339401245,55741,55751,10
13.0842399597,80.2340011597,55751,55761,10
13.084859848,80.2341537476,55761,55771,10
13.0856304169,80.2342987061,55771,55781,10
13.0864601135,80.2344818115,55781,55791,10
13.0874700546,80.2345428467,55791,55802,11
13.0879402161,80.2336425781,55802,55812,10
13.0881700516,80.2324829102,55812,55822,10
13.0884504318,80.2314834595,55822,55832,10
13.0886497498,80.231010437,55832,55842,10
13.0888795853,80.2305297852,55842,55852,10
13.0888996124,80.2304992676,55852,55862,10
13.089099884,80.2301025391,55862,55872,10
13.0895004272,80.2294006348,55872,55882,10
13.0902004242,80.2285919189,55882,55892,10
13.0909500122,80.2277908325,55892,55903,11
13.0914201736,80.2272720337,55903,55913,10
13.0914201736,80.2272567749,55913,55923,10
13.0916500092,80.2270507813,55923,55933,10
13.0922002792,80.2265014648,55933,55943,10
13.0928297043,80.2258605957,55943,55953,10
13.0935001373,80.2251663208,55953,55963,10
13.0941295624,80.2244110107,55963,55973,10
13.0947904587,80.2235031128,55973,55983,10
13.0951795578,80.2227020264,55983,55993,10
13.0952396393,80.2225189209,55993,56003,10
13.095459938,80.2219619751,56003,56014,11
13.0957202911,80.2212219238,56014,56024,10
13.0959596634,80.2205734253,56024,56034,10
13.096159935,80.2199325562,56034,56044,10
13.0962095261,80.2198028564,56044,56054,10
13.0963697433,80.2192993164,56054,56082,28
13.0963697433,80.2192993164,56082,56090,8
13.0963697433,80.2192077637,56090,56102,12
13.0965595245,80.2187576294,56102,56112,10
13.096830368,80.2179870605,56112,56132,20
13.096830368,80.2179870605,56132,56143,11
13.0969495773,80.217628479,56143,56153,10
13.0971498489,80.2170410156,56153,56163,10
13.097240448,80.2168731689,56163,56173,10
13.0974798203,80.2163009644,56173,56183,10
13.0978097916,80.2154998779,56183,56193,10
13.0981903076,80.21459198,56193,56203,10
13.0984401703,80.2140426636,56203,56223,20
13.0984401703,80.2140426636,56223,56234,11
13.0985803604,80.2139434814,56234,56244,10
13.0990400314,80.2141723633,56244,56254,10
13.0996799469,80.2143478394,56254,56264,10
13.1001901627,80.2145004272,56264,56284,20
13.1001901627,80.2145004272,56284,56294,10
13.100279808,80.2145309448,56294,56304,10
13.1004600525,80.2145996094,56304,56314,10
13.1004896164,80.2145996094,56314,56324,10
13.1004295349,80.2150115967,56324,56335,11
13.1000900269,80.2157974243,56335,56345,10
13.0998601913,80.2159194946,56345,56355,10
13.1000003815,80.2155532837,56355,56365,10
13.1003103256,80.2148666382,56365,57919,1554
13.1003103256,80.2148666382,57919,57929,10
13.1002397537,80.2145690918,57929,57939,10
13.0999698639,80.2144165039,57939,57949,10
13.0996599197,80.2143325806,57949,57960,11
13.0989904404,80.2141494751,57960,57970,10
13.0985097885,80.2139968872,57970,57980,10
13.0983200073,80.2143630981,57980,57990,10
13.0980195999,80.2150421143,57990,58000,10
13.0976600647,80.2158584595,58000,58010,10
13.0973796844,80.2165908813,58010,58020,10
13.0973396301,80.2167129517,58020,58030,10
13.0972995758,80.2168426514,58030,58040,10
13.0971097946,80.2173614502,58040,58050,10
13.096830368,80.2181777954,58050,58061,11
13.0964603424,80.21925354,58061,58071,10
13.0960798264,80.2203216553,58071,58081,10
13.0957298279,80.2212982178,58081,58091,10
13.0954999924,80.222038269,58091,58101,10
13.0953998566,80.2223434448,58101,58111,10
13.0952596664,80.2226791382,58111,58121,10
13.0949296951,80.2233505249,58121,58131,10
13.0943803787,80.2241363525,58131,58141,10
13.0936803818,80.2249984741,58141,58151,10
13.0929203033,80.2258071899,58151,58161,10
13.0921096802,80.2266235352,58161,58172,11
13.0911998749,80.2276306152,58172,58192,20
13.0911998749,80.2276306152,58192,58202,10
13.0909204483,80.2279510498,58202,58212,10
13.0904102325,80.2284927368,58212,58222,10
13.0897397995,80.2292098999,58222,58232,10
13.0892295837,80.2299880981,58232,58242,10
13.0890798569,80.2303009033,58242,58252,10
13.0888795853,80.2307891846,58252,58262,10
13.0888299942,80.2309036255,58262,58272,10
13.0887498856,80.2310714722,58272,58282,10
13.0885896683,80.2314834595,58282,58293,11
13.0883703232,80.2322235107,58293,58303,10
13.0881299973,80.2331314087,58303,58313,10
13.0880098343,80.2341384888,58313,58323,10
13.0875501633,80.2345809937,58323,58333,10
13.087220192,80.2345962524,58333,58343,10
13.086689949,80.2345581055,58343,58353,10
13.0858402252,80.2343826294,58353,58363,10
13.0849504471,80.234161377,58363,58373,10
13.0845403671,80.2340698242,58373,58383,10
13.0837202072,80.2338790894,58383,58414,31
13.0837202072,80.2338790894,58414,58424,10
13.0834302902,80.2338409424,58424,58434,10
13.0829200745,80.2337493896,58434,58444,10
13.0823898315,80.2336273193,58444,58464,20
13.0823898315,80.2336273193,58464,58474,10
13.0822200775,80.2336120605,58474,58484,10
13.0817403793,80.233581543,58484,58494,10
13.0809497833,80.2335510254,58494,58505,11
13.0800304413,80.233543396,58505,58515,10
13.0795202255,80.2335205078,58515,58525,10
13.0795097351,80.2335205078,58525,58535,10
13.0793800354,80.2334976196,58535,58545,10
13.0790596008,80.233543396,58545,58555,10
13.0784101486,80.2335510254,58555,58565,10
13.0776195526,80.2335891724,58565,58575,10
13.0767202377,80.2337188721,58575,58585,10
13.0760402679,80.2338485718,58585,58595,10
13.075920105,80.2338562012,58595,58605,10
13.0758199692,80.2341003418,58605,58615,10
13.0759496689,80.2347183228,58615,58626,11
13.0761699677,80.2356262207,58626,58636,10
13.0763196945,80.2365570068,58636,58646,10
13.0764904022,80.2372283936,58646,58656,10
13.0764904022,80.2372589111,58656,58666,10
13.0765104294,80.2373809814,58666,58676,10
13.0766201019,80.2379074097,58676,58686,10
13.0767202377,80.2384719849,58686,58696,10
13.0768899918,80.2392196655,58696,58706,10
13.0771198273,80.2401580811,58706,58717,11
13.0773696899,80.2410430908,58717,58727,10
13.0774497986,80.2415618896,58727,58737,10
13.0776195526,80.2423400879,58737,58747,10
13.0777597427,80.2433013916,58747,58757,10
13.0777597427,80.2442321777,58757,58767,10
13.077870369,80.2450485229,58767,58777,10
13.0779304504,80.2460098267,58777,58787,10
13.0781002045,80.2470703125,58787,58797,10
13.0783395767,80.2481765747,58797,58807,10
13.0785799026,80.2491607666,58807,58817,10
13.0787200928,80.2500534058,58817,58828,11
13.0784902573,80.2508468628,58828,58838,10
13.0785503387,80.2515716553,58838,58848,10
13.0781097412,80.251739502,58848,58858,10
13.077460289,80.2518615723,58858,58868,10
13.0766096115,80.2520370483,58868,58878,10
13.0756196976,80.2521591187,58878,58888,10
13.074760437,80.2522125244,58888,58904,16
13.073559761,80.2524490356,58904,58916,12
13.0726604462,80.2523574829,58916,58926,10
13.07213974,80.2518386841,58926,58936,10
13.0720300674,80.2509384155,58936,58948,12
13.0716896057,80.2497406006,58948,58958,10
13.0714797974,80.2487335205,58958,58968,10
13.071269989,80.248008728,58968,58978,10
13.0710897446,80.247543335,58978,58988,10
13.0707902908,80.2469177246,58988,58998,10
13.0703496933,80.2460021973,58998,59006,8
13.0700101852,80.2452468872,59006,59018,12
13.0695695877,80.2440032959,59018,59027,9
13.069319725,80.2433395386,59027,59038,11
13.0692996979,80.2432403564,59038,59049,11
13.0692195892,80.2427978516,59049,59059,10
13.0687999725,80.2424926758,59059,59069,10
13.0680398941,80.2427215576,59069,59080,11
13.0672502518,80.2430267334,59080,59090,10
13.0664100647,80.2434005737,59090,59099,9
13.0660896301,80.2439117432,59099,59109,10
13.0662097931,80.2447662354,59109,59120,11
13.0664100647,80.24559021,59120,59130,10
13.0669803619,80.2461090088,59130,59140,10
13.0677499771,80.2464828491,59140,59151,11
13.0678396225,80.2465591431,59151,59161,10
13.0679101944,80.2468032837,59161,59171,10
13.067899704,80.247467041,59171,59181,10
13.0677099228,80.2478790283,59181,59191,10
13.0669803619,80.2478637695,59191,59201,10
13.0660295486,80.2478027344,59201,59211,10
13.0649995804,80.2477493286,59211,59221,10
13.0639200211,80.2476730347,59221,59231,10
13.0630302429,80.2476425171,59231,59241,10
13.06208992,80.2475891113,59241,59251,10
13.0614204407,80.2471313477,59251,59262,11
13.0617303848,80.2466201782,59262,59272,10
13.0619602203,80.2458496094,59272,59282,10
13.0623197556,80.2450790405,59282,59292,10
13.06291008,80.2446594238,59292,59302,10
13.063170433,80.2443084717,59302,59312,10
13.0632095337,80.2442626953,59312,59322,10
13.0633802414,80.2439117432,59322,59332,10
13.0632896423,80.2435073853,59332,59342,10
13.0626802444,80.2433929443,59342,59352,10
13.0620203018,80.2432479858,59352,59362,10
13.0614204407,80.2431182861,59362,59379,17
13.0612297058,80.243057251,59379,59391,12
13.0606298447,80.2428894043,59391,59400,9
13.0600996017,80.2427062988,59400,59411,11
13.0592603683,80.2425003052,59411,59422,11
13.0587797165,80.2425918579,59422,59432,10
13.0587596893,80.2425918579,59432,59442,10
13.058380127,80.2426834106,59442,59452,10
13.0577898026,80.2428131104,59452,59462,10
13.0569896698,80.2427978516,59462,59473,11
13.0562000275,80.2424926758,59473,59483,10
13.0554504395,80.2422637939,59483,59493,10
13.0545701981,80.2423934937,59493,59503,10
13.0537099838,80.2422027588,59503,59523,20
13.0537099838,80.2422027588,59523,59533,10
13.0535497665,80.2421188354,59533,59543,10
13.0531396866,80.2419204712,59543,59554,11
13.0529003143,80.2418365479,59554,59564,10
13.0527601242,80.2417984009,59564,59574,10
13.0523900986,80.2415008545,59574,59585,11
13.0521001816,80.2409896851,59585,59595,10
13.0518198013,80.2407073975,59595,59605,10
13.0514097214,80.2406005859,59605,59615,10
13.0507802963,80.2404937744,59615,59625,10
13.050069809,80.2403411865,59625,59635,10
13.0497903824,80.2402572632,59635,59645,10
13.0493202209,80.2401504517,59645,59655,10
13.0486297607,80.240020752,59655,59665,10
13.0478601456,80.2398681641,59665,59675,10
13.0471000671,80.2397079468,59675,59685,10
13.0462999344,80.2395324707,59685,59696,11
13.0462999344,80.2391586304,59696,59706,10
13.0464096069,80.2385406494,59706,59716,10
13.0465898514,80.237701416,59716,59726,10
13.046790123,80.2367706299,59726,59736,10
13.0469398499,80.2361373901,59736,59746,10
13.0470104218,80.2357406616,59746,59756,10
13.0470304489,80.2354812622,59756,59766,10
13.0470895767,80.2350921631,59766,59776,10
13.0472002029,80.234161377,59776,59786,10
13.0473003387,80.2332992554,59786,59797,11
13.0469999313,80.2329711914,59797,59807,10
13.0462503433,80.2328414917,59807,59817,10
13.0450801849,80.2326126099,59817,59847,30
13.0450801849,80.2326126099,59847,59857,10
13.0445899963,80.2324981689,59857,59867,10
13.0438804626,80.2323684692,59867,59877,10
13.0431604385,80.2323226929,59877,59887,10
13.0424404144,80.2322998047,59887,59897,10
13.0417804718,80.2322311401,59897,59908,11
13.040719986,80.2319412231,59908,59918,10
13.0396995544,80.2316131592,59918,59928,10
13.0386400223,80.2313308716,59928,59938,10
13.0375795364,80.231010437,59938,59948,10
13.036939621,80.230796814,59948,59958,10
13.0367202759,80.2306976318,59958,59968,10
13.0361604691,80.2305221558,59968,59978,10
13.0353002548,80.2302703857,59978,60049,71
13.0353002548,80.2302703857,60049,60059,10
13.0348997116,80.2302627563,60059,60069,10
13.0344295502,80.2303390503,60069,60079,10
13.0340995789,80.2304077148,60079,60089,10
13.0334596634,80.23046875,60089,60109,20
13.0334596634,80.23046875,60109,60120,11
13.033200264,80.2304763794,60120,60130,10
13.0325698853,80.2305297852,60130,60140,10
13.0318002701,80.2306213379,60140,60150,10
13.0309801102,80.230682373,60150,60160,10
13.0304403305,80.2307434082,60160,60170,10
13.0299797058,80.2307891846,60170,60180,10
13.029800415,80.2308197021,60180,60190,10
13.0294599533,80.2308578491,60190,60200,10
13.0287599564,80.2309417725,60200,60210,10
13.0279998779,80.2309875488,60210,60220,10
13.0276699066,80.2310409546,60220,60231,11
13.027680397,80.2315368652,60231,60241,10
13.0277299881,80.2320022583,60241,60251,10
13.0277996063,80.2324371338,60251,60261,10
13.0278501511,80.2327575684,60261,60271,10
13.0274095535,80.2328872681,60271,60281,10
13.02684021,80.2329788208,60281,60342,61
13.02684021,80.2329788208,60342,60352,10
13.026599884,80.2330322266,60352,60362,10
13.026309967,80.2328109741,60362,60372,10
13.0261297226,80.2321624756,60372,60382,10
13.0259599686,80.2314910889,60382,60392,10
13.0257101059,80.2306594849,60392,60402,10
13.0252399445,80.2298583984,60402,60412,10
13.0248203278,80.2293319702,60412,60422,10
13.0244197845,80.2287979126,60422,60432,10
13.0240697861,80.2283935547,60432,60442,10
13.0240697861,80.2283782959,60442,60453,11
13.0239601135,80.2282180786,60453,60463,10
13.0236101151,80.2277984619,60463,60473,10
13.0232400894,80.2274475098,60473,60489,16
13.0224399567,80.2266921997,60489,60501,12
13.0216398239,80.2260437012,60501,60511,10
13.0211496353,80.2256393433,60511,60519,8
13.0205202103,80.2251815796,60519,60531,12
13.0196199417,80.2245788574,60531,60541,10
13.0185203552,80.2245635986,60541,60552,11
13.0173397064,80.2250366211,60552,60560,8
13.016579628,80.2253570557,60560,60571,11
13.015879631,80.2256393433,60571,60582,11
13.0151596069,80.2259216309,60582,60592,10
13.0144901276,80.2261962891,60592,60612,20
13.0144901276,80.2261962891,60612,60622,10
13.0143404007,80.2262420654,60622,60632,10
13.0139198303,80.2263793945,60632,60642,10
13.0135097504,80.2265472412,60642,60651,9
13.0130701065,80.2267303467,60651,60663,12
13.0120897293,80.2270736694,60663,60673,10
13.011059761,80.2275009155,60673,60683,10
13.0100603104,80.2279281616,60683,60693,10
13.0092096329,80.2283401489,60693,60703,10
13.0089502335,80.2293701172,60703,60713,10
13.0087404251,80.2304992676,60713,60723,10
13.0085601807,80.2315368652,60723,60733,10
13.0083799362,80.2324905396,60733,60743,10
13.0082502365,80.2332763672,60743,60753,10
13.0081195831,80.2338409424,60753,60763,10
13.0080003738,80.2344970703,60763,60774,11
13.0078296661,80.2353210449,60774,60784,10
13.0076599121,80.2362289429,60784,60794,10
13.0074596405,80.2372283936,60794,60804,10
13.0072603226,80.2382125854,60804,60814,10
13.0070695877,80.2392425537,60814,60824,10
13.0068998337,80.2400817871,60824,60864,40
13.0068998337,80.2400817871,60864,60875,11
13.0068998337,80.2405776978,60875,60885,10
13.0068302155,80.240852356,60885,60895,10
13.0067996979,80.2409286499,60895,60905,10
13.0067396164,80.2415084839,60905,60915,10
13.0067195892,80.2424163818,60915,60925,10
13.0066995621,80.2433624268,60925,60935,10
13.0066995621,80.244178772,60935,60945,10
13.0066795349,80.2450180054,60945,60955,10
13.0067100525,80.2458877563,60955,60965,10
13.0067300797,80.2463531494,60965,60975,10
13.0067396164,80.2466583252,60975,60986,11
13.0067501068,80.2469787598,60986,60996,10
13.0067195892,80.2472381592,60996,61006,10
13.0067195892,80.2475967407,61006,61016,10
13.0067300797,80.248298645,61016,61026,10
13.0068597794,80.2496032715,61026,61046,20
13.0068597794,80.2496032715,61046,61056,10
13.0068397522,80.2500305176,61056,61066,10
13.006819725,80.2508392334,61066,61076,10
13.0067396164,80.2517166138,61076,61086,10
13.0065803528,80.252456665,61086,61097,11
13.0066900253,80.252822876,61097,61107,10
13.0066299438,80.2532730103,61107,61117,10
13.0066204071,80.253692627,61117,62669,1552
13.0066204071,80.253692627,62669,62679,10
13.0066099167,80.2537994385,62679,62689,10
13.0066204071,80.2541503906,62689,62699,10
13.0065803528,80.2544631958,62699,62710,11
13.0065498352,80.2549819946,62710,62720,10
13.0065698624,80.2557601929,62720,62730,10
13.0065898895,80.2565231323,62730,62740,10
13.0066204071,80.2569885254,62740,62750,10
13.0066699982,80.2574081421,62750,62760,10
13.0068397522,80.2579193115,62760,62770,10
13.0072097778,80.2584609985,62770,62780,10
13.0076303482,80.2587814331,62780,62790,10
13.0079898834,80.2589569092,62790,62800,10
13.0078496933,80.2592773438,62800,62811,11
13.0073795319,80.2591629028,62811,62821,10
13.0072002411,80.2587127686,62821,62831,10
13.0069198608,80.2581787109,62831,62841,10
13.0065603256,80.2576370239,62841,62861,20
13.0065603256,80.2576370239,62861,62871,10
13.0065498352,80.2575683594,62871,62881,10
13.0065002441,80.2571029663,62881,62891,10
13.0065002441,80.2566070557,62891,62901,10
13.0065002441,80.255859375,62901,62911,10
13.0065498352,80.2550506592,62911,62922,11
13.0065402985,80.2543792725,62922,62932,10
13.0065498352,80.2540130615,62932,62942,10
13.0065202713,80.2533111572,62942,62952,10
13.0065202713,80.2530822754,62952,62962,10
13.0065498352,80.2524414063,62962,62972,10
13.0067195892,80.2518463135,62972,63033,61
13.0067195892,80.2518463135,63033,63043,10
13.0067901611,80.2515411377,63043,63053,10
13.0068302155,80.2508010864,63053,63063,10
13.0068101883,80.2497634888,63063,63073,10
13.0067596436,80.2486419678,63073,63083,10
13.0066795349,80.2475128174,63083,63184,101
13.0066795349,80.2475128174,63184,63194,10
13.0066795349,80.2472076416,63194,63204,10
13.0066099167,80.2466430664,63204,63214,10
13.0066099167,80.2465591431,63214,63224,10
13.006649971,80.2462463379,63224,63234,10
13.0066404343,80.2455368042,63234,63245,11
13.0066404343,80.2445831299,63245,63255,10
13.0066404343,80.2437515259,63255,63265,10
13.0066003799,80.2429504395,63265,63275,10
13.0065898895,80.2420425415,63275,63285,10
13.0066404343,80.2411270142,63285,63295,10
13.0067396164,80.2403717041,63295,63305,10
13.0068902969,80.2396087646,63305,63315,10
13.0070495605,80.2388000488,63315,63325,10
13.0072202682,80.2379608154,63325,63335,10
13.0073900223,80.2371826172,63335,63345,10
13.007399559,80.2369003296,63345,63362,17
13.0074300766,80.2367782593,63362,63374,12
13.0075798035,80.2362365723,63374,63384,10
13.0077104568,80.2355728149,63384,63392,8
13.0078401566,80.2349319458,63392,63402,10
13.0080299377,80.2340393066,63402,63414,12
13.0082702637,80.2327804565,63414,63424,10
13.0084600449,80.2317123413,63424,63434,10
13.0086603165,80.230682373,63434,63444,10
13.0088701248,80.229637146,63444,63454,10
13.0090799332,80.2286682129,63454,63465,11
13.0094003677,80.2277297974,63465,63475,10
13.0098600388,80.2267303467,63475,63485,10
13.0102901459,80.2258300781,63485,63495,10
13.0106601715,80.2250976563,63495,63505,10
13.0108995438,80.224571228,63505,63515,10
13.0112400055,80.2237701416,63515,63525,10
13.011590004,80.2229614258,63525,63535,10
13.0118598938,80.2221374512,63535,63544,9
13.0121898651,80.2216186523,63544,63555,11
13.0125303268,80.2219085693,63555,63566,11
13.0130395889,80.2225189209,63566,63576,10
13.0136604309,80.2231674194,63576,63586,10
13.0141897202,80.2238006592,63586,63596,10
13.0147399902,80.2244186401,63596,63606,10
13.0151100159,80.2247467041,63606,63616,10
13.0151195526,80.2247695923,63616,63626,10
13.0151901245,80.224861145,63626,63636,10
13.0155601501,80.2250976563,63636,63656,20
13.0155601501,80.2250976563,63656,63666,10
13.0158500671,80.2253417969,63666,63677,11
13.0165395737,80.2253570557,63677,63687,10
13.0172996521,80.2250823975,63687,63697,10
13.0181303024,80.2247390747,63697,63707,10
13.018910408,80.2244415283,63707,63717,10
13.0194501877,80.2244415283,63717,63727,10
13.0195999146,80.2244796753,63727,63737,10
13.0198698044,80.2246398926,63737,63747,10
13.020359993,80.2250213623,63747,63757,10
13.0208797455,80.2253875732,63757,63767,10
13.0213899612,80.2257995605,63767,63778,11
13.0220003128,80.2262191772,63778,63798,20
13.0220003128,80.2262191772,63798,63808,10
13.02202034,80.2263412476,63808,63818,10
13.0223302841,80.2265777588,63818,63828,10
13.0228004456,80.2269821167,63828,63844,16
13.0235996246,80.227722168,63844,63856,12
13.0241804123,80.2283096313,63856,63864,8
13.0246400833,80.2289276123,63864,63886,22
13.0246400833,80.2289276123,63886,63897,11
13.0246696472,80.2289505005,63897,63906,9
13.0249300003,80.2293167114,63906,63917,11
13.0254201889,80.2299575806,63917,63927,10
13.0258197784,80.2306594849,63927,63937,10
13.02602005,80.2313079834,63937,63947,10
13.0263204575,80.2313079834,63947,63957,10
13.0269498825,80.2311782837,63957,63967,10
13.0277204514,80.2310180664,63967,63977,10
13.028459549,80.2309265137,63977,63987,10
13.0293703079,80.2308731079,63987,64028,41
13.0293703079,80.2308731079,64028,64038,10
13.0295000076,80.2308578491,64038,64048,10
13.029999733,80.2308120728,64048,64058,10
13.0305595398,80.2307815552,64058,64068,10
13.0309295654,80.2307434082,64068,64078,10
13.0315799713,80.230682373,64078,64088,10
13.0323495865,80.2306213379,64088,64099,11
13.0332298279,80.2305603027,64099,64109,10
13.0339698792,80.2304916382,64109,64199,90
13.0339698792,80.2304916382,64199,64210,11
13.0341501236,80.2304992676,64210,64220,10
13.0344200134,80.2304000854,64220,64250,30
13.0344200134,80.2304000854,64250,64260,10
13.0345602036,80.2303619385,64260,64270,10
13.0347604752,80.2303695679,64270,64280,10
13.0348300934,80.2303771973,64280,64290,10
13.0349702835,80.2305603027,64290,64300,10
13.0349502563,80.2309875488,64300,64310,10
13.0348596573,80.2316818237,64310,64321,11
13.034740448,80.2325592041,64321,64331,10
13.0346298218,80.2333374023,64331,64341,10
13.0345096588,80.2341384888,64341,64351,10
13.0343999863,80.2349700928,64351,64361,10
13.0342998505,80.2358169556,64361,64371,10
13.0341901779,80.236618042,64371,64381,10
13.034239769,80.2373580933,64381,64450,69
13.034239769,80.2373580933,64450,64460,10
13.034330368,80.2375869751,64460,64470,10
13.0345401764,80.2378997803,64470,64480,10
13.0348501205,80.2384185791,64480,64490,10
13.0352897644,80.2391281128,64490,64498,8
13.0356998444,80.2394180298,64498,64510,12
13.0366201401,80.2395095825,64510,64520,10
13.0372800827,80.2395782471,64520,64530,10
13.0379495621,80.2396774292,64530,64541,11
13.0386199951,80.2397613525,64541,64551,10
13.0393800735,80.2398681641,64551,64561,10
13.0402402878,80.2399978638,64561,64581,20
13.0402402878,80.2399978638,64581,64591,10
13.0404100418,80.2400588989,64591,64601,10
13.0404500961,80.2402191162,64601,64611,10
13.0405397415,80.2405929565,64611,64621,10
13.0409498215,80.2406387329,64621,64631,10
13.0415296555,80.2407073975,64631,64642,11
13.0424995422,80.240852356,64642,64652,10
13.0433397293,80.2409591675,64652,64662,10
13.0438995361,80.2410202026,64662,64678,16
13.0443000793,80.2407913208,64678,64690,12
13.0446195602,80.2405929565,64690,64700,10
13.0449399948,80.2403717041,64700,64710,10
13.0455303192,80.239982605,64710,64720,10
13.0459403992,80.2396774292,64720,64730,10
13.0465698242,80.2396469116,64730,64740,10
13.0467700958,80.2397079468,64740,64751,11
13.0474500656,80.2398529053,64751,64761,10
13.0482597351,80.240020752,64761,64771,10
13.0491399765,80.240196228,64771,64781,10
13.0498104095,80.2403488159,64781,64791,10
13.0504302979,80.2404785156,64791,64801,10
13.0510396957,80.2406005859,64801,64823,22
13.0525398254,80.2411499023,64823,64835,12
13.0525903702,80.2414779663,64835,64845,10
13.0527896881,80.2417526245,64845,64856,11
13.0539598465,80.2422485352,64856,64876,20
13.0539598465,80.2422485352,64876,64886,10
13.0542201996,80.2423095703,64886,64896,10
13.0548801422,80.2423629761,64896,64906,10
13.0556898117,80.2423019409,64906,64916,10
13.0564498901,80.2426071167,64916,64926,10
13.0566196442,80.2426681519,64926,64936,10
13.0569295883,80.2426834106,64936,64946,10
13.0574197769,80.2428588867,64946,64956,10
13.0580997467,80.2427825928,64956,64967,11
13.0587396622,80.2426300049,64967,64976,9
13.0592699051,80.2425689697,64976,64987,11
13.0599603653,80.2427520752,64987,64997,10
13.0605697632,80.2429733276,64997,65006,9
13.0610103607,80.2431106567,65006,65017,11
13.0614900589,80.2432327271,65017,65027,10
13.0620698929,80.2433166504,65027,65037,10
13.0625,80.2433929443,65037,65047,10
13.062620163,80.2434234619,65047,65057,10
13.0631504059,80.2435302734,65057,65068,11
13.0638799667,80.2435836792,65068,65078,10
13.064499855,80.243637085,65078,65088,10
13.0655498505,80.2436294556,65088,65138,50
13.0655498505,80.2436294556,65138,65148,10
13.0656404495,80.2435684204,65148,65158,10
13.066069603,80.2435379028,65158,65169,11
13.0665597916,80.243347168,65169,65178,9
13.0671300888,80.2431335449,65178,65189,11
13.0677900314,80.2428436279,65189,65199,10
13.0685195923,80.2426376343,65199,65209,10
13.0692396164,80.2423629761,65209,65219,10
13.0698604584,80.2421569824,65219,65229,10
13.0699901581,80.2421188354,65229,65239,10
13.0701999664,80.2421035767,65239,65249,10
13.0707597733,80.2419433594,65249,65259,10
13.0715799332,80.2416305542,65259,65269,10
13.0724000931,80.2411193848,65269,65280,11
13.0731897354,80.2407913208,65280,65290,10
13.0737495422,80.2406234741,65290,65300,10
13.0744800568,80.2405319214,65300,65310,10
13.0755300522,80.2405090332,65310,65320,10
13.0764398575,80.2405471802,65320,65330,10
13.07695961,80.2406234741,65330,65340,10
13.0770902634,80.240196228,65340,65350,10
13.0768995285,80.2394485474,65350,65360,10
13.0766801834,80.2385482788,65360,65370,10
13.0764703751,80.2377319336,65370,65381,11
13.0763902664,80.2373733521,65381,65391,10
13.076379776,80.2372283936,65391,65401,10
13.0762796402,80.236618042,65401,65411,10
13.0761604309,80.2357406616,65411,65421,10
13.0759897232,80.2348709106,65421,65431,10
13.075799942,80.2342224121,65431,65441,10
13.0757799149,80.23412323,65441,65451,10
13.0757598877,80.2339935303,65451,65461,10
13.0761804581,80.2337722778,65461,65471,10
13.0770196915,80.2336807251,65471,65481,10
13.0781097412,80.2335891724,65481,65492,11
13.0792598724,80.233581543,65492,65502,10
13.0799999237,80.2335662842,65502,65512,10
13.0803003311,80.233581543,65512,65522,10
13.0806303024,80.2335891724,65522,65532,10
13.0813302994,80.2336196899,65532,65542,10
13.0818901062,80.2336502075,65542,65552,10
13.0820302963,80.2331619263,65552,65562,10
13.0821800232,80.2324371338,65562,65572,10
13.0824203491,80.2317123413,65572,65581,9
13.0826797485,80.2311477661,65581,65592,11
13.0829496384,80.2307128906,65592,65603,11
13.0831203461,80.2312088013,65603,65613,10
13.0831804276,80.2320632935,65613,65623,10
13.083319664,80.2328796387,65623,65633,10
13.083439827,80.2334594727,65633,65643,10
13.0834598541,80.2335128784,65643,65653,10
13.0835103989,80.2337875366,65653,65663,10
13.0839195251,80.2339782715,65663,65673,10
13.0840501785,80.2340087891,65673,65683,10
13.0843400955,80.2341003418,65683,65693,10
13.0849199295,80.2342224121,65693,65704,11
13.0857801437,80.2344284058,65704,65714,10
13.0866699219,80.2346115112,65714,65724,10
13.0874795914,80.23462677,65724,65734,10
13.0879497528,80.2342376709,65734,65744,10
13.0880203247,80.2335510254,65744,65754,10
13.0882196426,80.2325363159,65754,65764,10
13.0884799957,80.2315597534,65764,65774,10
13.0887002945,80.2309799194,65774,65784,10
13.0888996124,80.2305526733,65784,65795,11
13.0889701843,80.230430603,65795,65805,10
13.0892295837,80.2298965454,65805,65816,11
13.0898103714,80.2290878296,65816,65826,10
13.0905799866,80.2282714844,65826,65836,10
13.0912704468,80.2274932861,65836,65846,10
13.0914402008,80.2273178101,65846,65856,10
13.0916595459,80.2271194458,65856,65866,10
13.0921297073,80.2266235352,65866,65876,10
13.0928001404,80.2259674072,65876,65886,10
13.0934801102,80.2252426147,65886,65896,10
13.0940799713,80.2245178223,65896,65906,10
13.0947599411,80.2236022949,65906,65917,11
13.0953102112,80.222442627,65917,65927,10
13.0957098007,80.2213363647,65927,65937,10
13.0961999893,80.2198562622,65937,65956,19
13.0961999893,80.2198562622,65956,65967,11
13.096329689,80.2194900513,65967,65977,10
13.0963802338,80.2193374634,65977,65987,10
13.096449852,80.2191314697,65987,65997,10
13.0965795517,80.2187805176,65997,66007,10
13.0967903137,80.218132019,66007,66017,10
13.0970401764,80.2174224854,66017,66028,11
13.0973796844,80.2165603638,66028,66038,10
13.0976896286,80.2158432007,66038,66048,10
13.0980701447,80.2149581909,66048,66058,10
13.0983104706,80.2144012451,66058,66108,50
13.0983104706,80.2144012451,66108,66118,10
13.0983800888,80.2143630981,66118,66129,11
13.0985603333,80.2140579224,66129,66139,10
13.0989999771,80.2142333984,66139,66149,10
13.0995397568,80.2144012451,66149,66159,10
13.100110054,80.2145462036,66159,66189,30
13.100110054,80.2145462036,66189,66199,10
13.1003103256,80.2146224976,66199,66209,10
13.1003198624,80.2146224976,66209,66219,10
13.1004600525,80.2146606445,66219,66229,10
13.1005096436,80.2149810791,66229,66240,11
13.1002197266,80.2156066895,66240,66250,10
13.1000003815,80.2161026001,66250,66260,10
13.0999803543,80.2161331177,66260,66270,10
13.0999202728,80.2158432007,66270,66280,10
13.100060463,80.2155303955,66280,66290,10
13.1002597809,80.2151565552,66290,66605,315
13.1002597809,80.2151565552,66605,66615,10
13.1002902985,80.2147979736,66615,66634,19
13.1001796722,80.21459198,66634,66655,21
13.1001796722,80.21459198,66655,66666,11
13.0999202728,80.2144775391,66666,66676,10
13.0994501114,80.2143630981,66676,66686,10
13.0988702774,80.2141799927,66686,66696,10
13.0984401703,80.2141799927,66696,66706,10
13.09815979,80.2147979736,66706,66716,10
13.0978002548,80.2156524658,66716,66726,10
13.0973596573,80.2167282104,66726,66746,20
13.0973596573,80.2167282104,66746,66756,10
13.0972099304,80.2170562744,66756,66766,10
13.0969800949,80.2177124023,66766,66777,11
13.096619606,80.2187576294,66777,66797,20
13.096619606,80.2187576294,66797,66807,10
13.0965299606,80.2190170288,66807,66817,10
13.0963201523,80.219581604,66817,66827,10
13.0960302353,80.2204208374,66827,66837,10
13.0957403183,80.2212600708,66837,66847,10
13.0955295563,80.2219161987,66847,66857,10
13.0953598022,80.2224502563,66857,66867,10
13.0952796936,80.2226409912,66867,66878,11
13.0949802399,80.2233200073,66878,66888,10
13.094420433,80.2241210938,66888,66898,10
13.0937995911,80.224937439,66898,66908,10
13.0936403275,80.2251281738,66908,66918,10
13.09333992,80.2254180908,66918,66928,10
13.0927696228,80.2259979248,66928,66938,10
13.092089653,80.2266464233,66938,66948,10
13.0911998749,80.2276306152,66948,66978,30
13.0911998749,80.2276306152,66978,66989,11
13.0908603668,80.228012085,66989,66999,10
13.0903301239,80.2285766602,66999,67009,10
13.0897197723,80.2292404175,67009,67019,10
13.0892496109,80.2299423218,67019,67029,10
13.0890903473,80.2302627563,67029,67039,10
13.0887804031,80.2309570313,67039,67069,30
13.0887804031,80.2309570313,67069,67079,10
13.0886802673,80.2312393188,67079,67089,10
13.08852005,80.2316513062,67089,67100,11
13.0883102417,80.2322998047,67100,67110,10
13.0881900787,80.2328262329,67110,67120,10
13.088060379,80.2333374023,67120,67130,10
13.0879898071,80.2339401245,67130,67140,10
13.0877799988,80.2345199585,67140,67150,10
13.0870800018,80.2345962524,67150,67160,10
13.086400032,80.2345199585,67160,67170,10
13.0861196518,80.2344589233,67170,67180,10
13.0859203339,80.2344207764,67180,67190,10
13.0854101181,80.2343063354,67190,67201,11
13.0846996307,80.23412323,67201,67211,10
13.0842599869,80.2340316772,67211,67221,10
13.0840301514,80.2339935303,67221,67231,10
13.0837802887,80.2339401245,67231,67241,10
13.0836400986,80.2339172363,67241,67257,16
13.0833702087,80.23387146,67257,67269,12
13.0829696655,80.2338180542,67269,67277,8
13.082449913,80.2337188721,67277,67310,33
13.082449913,80.2337188721,67310,67320,10
13.0822896957,80.2336196899,67320,67330,10
13.0818796158,80.233581543,67330,67340,10
13.0811901093,80.2335586548,67340,67349,9
13.0805597305,80.2335281372,67349,67360,11
13.0799999237,80.2335281372,67360,67370,10
13.0795297623,80.233543396,67370,67390,20
13.0795297623,80.233543396,67390,67400,10
13.0793800354,80.2335662842,67400,67410,10
13.0789299011,80.2335891724,67410,67421,11
13.0782699585,80.2336120605,67421,67431,10
13.0775299072,80.2336502075,67431,67441,10
13.0768098831,80.233757019,67441,67451,10
13.0763597488,80.2338485718,67451,67461,10
13.0761804581,80.2339096069,67461,67471,10
13.0761003494,80.2339172363,67471,67481,10
13.0758600235,80.23412323,67481,67491,10
13.0759601593,80.2347183228,67491,67501,10
13.0761203766,80.2355499268,67501,67511,10
13.0762796402,80.2364730835,67511,67522,11
13.0764799118,80.2373504639,67522,67542,20
13.0764799118,80.2373504639,67542,67552,10
13.0765199661,80.2375488281,67552,67562,10
13.0766496658,80.2381668091,67562,67572,10
13.0768203735,80.2389602661,67572,67582,10
13.0769100189,80.2394180298,67582,67592,10
13.077050209,80.2398986816,67592,67602,10
13.0771903992,80.2405319214,67602,67612,10
13.0773496628,80.2412033081,67612,67622,10
13.0774497986,80.2417373657,67622,67633,11
13.0776395798,80.2426071167,67633,67643,10
13.0777397156,80.2434921265,67643,67653,10
13.0777397156,80.2442398071,67653,67663,10
13.0778503418,80.2450714111,67663,67673,10
13.07791996,80.2459564209,67673,67683,10
13.0780496597,80.2468566895,67683,67693,10
13.0782203674,80.2477798462,67693,67703,10
13.0784101486,80.2486724854,67703,67713,10
13.0785598755,80.249168396,67713,67723,10
13.0786600113,80.2497177124,67723,67734,11
13.0785598755,80.2504577637,67734,67744,10
13.0785198212,80.2511672974,67744,67754,10
13.078499794,80.251663208,67754,67764,10
13.0781402588,80.2517471313,67764,67774,10
13.0774097443,80.2518768311,67774,67784,10
13.0763301849,80.2520599365,67784,67794,10
13.0753002167,80.2522201538,67794,67804,10
13.0745897293,80.252281189,67804,67814,10
13.0740404129,80.2523193359,67814,67824,10
13.0735998154,80.252456665,67824,67834,10
13.0729198456,80.2524337769,67834,67845,11
13.0722904205,80.2521972656,67845,67855,10
13.0720901489,80.2515487671,67855,67865,10
13.0719499588,80.2507629395,67865,67881,16
13.071559906,80.2492523193,67881,67893,12
13.0712795258,80.2481536865,67893,67901,8
13.071100235,80.2476806641,67901,67913,12
13.0707197189,80.2468490601,67913,67923,10
13.0702295303,80.24584198,67923,67933,10
13.0698003769,80.2448120117,67933,67943,10
13.0693101883,80.2434234619,67943,67964,21
13.0693101883,80.2434234619,67964,67974,10
13.0692596436,80.2432174683,67974,67984,10
13.0691995621,80.2428512573,67984,67993,9
13.0689001083,80.2425537109,67993,68004,11
13.0681600571,80.2427597046,68004,68013,9
13.0675001144,80.2429733276,68013,68023,10
13.0668697357,80.2432632446,68023,68034,11
13.0662603378,80.2434997559,68034,68044,10
13.0660800934,80.2438735962,68044,68055,11
13.066160202,80.2444610596,68055,68064,9
13.0662498474,80.2450790405,68064,68075,11
13.0663795471,80.2457733154,68075,68085,10
13.0669002533,80.2461471558,68085,68095,10
13.0676698685,80.2465591431,68095,68115,20
13.0676698685,80.2465591431,68115,68125,10
13.0678901672,80.2468566895,68125,68135,10
13.0679101944,80.2474212646,68135,68145,10
13.0677995682,80.2479095459,68145,68155,10
13.0671796799,80.2479782104,68155,68166,11
13.0663604736,80.2479095459,68166,68176,10
13.0654001236,80.2478637695,68176,68186,10
13.0642700195,80.2477493286,68186,68196,10
13.0631904602,80.2476730347,68196,68206,10
13.062210083,80.2476501465,68206,68216,10
13.0616197586,80.247467041,68216,68226,10
13.0613098145,80.2470397949,68226,68236,10
13.0616598129,80.2466812134,68236,68246,10
13.0618495941,80.2460632324,68246,68256,10
13.0620603561,80.2453231812,68256,68267,11
13.0629997253,80.2445602417,68267,68287,20
13.0629997253,80.2445602417,68287,68297,10
13.0632400513,80.2442779541,68297,68307,10
13.0634403229,80.2438201904,68307,68317,10
13.0633897781,80.2435913086,68317,68327,10
13.0631904602,80.2435531616,68327,68337,10
13.0628995895,80.2434921265,68337,68347,10
13.062669754,80.2434387207,68347,68357,10
13.0624103546,80.2433776855,68357,68367,10
13.0618495941,80.2432632446,68367,68386,19
13.0614004135,80.2431793213,68386,68398,12
13.0613098145,80.2431716919,68398,68408,10
13.0609703064,80.2430801392,68408,68418,10
13.0603599548,80.2428894043,68418,68427,9
13.0597801208,80.2427062988,68427,68438,11
13.0593004227,80.2425613403,68438,68448,10
13.0592803955,80.2425613403,68448,68460,12
13.0590600967,80.2425613403,68460,68470,10
13.0588998795,80.2425994873,68470,68481,11
13.0587596893,80.2426071167,68481,68491,10
13.0584001541,80.2426986694,68491,68501,10
13.0577697754,80.2427978516,68501,68511,10
13.0570697784,80.2428665161,68511,68521,10
13.056599617,80.2426986694,68521,68531,10
13.0559597015,80.2423629761,68531,68541,10
13.0553398132,80.2423019409,68541,68550,9
13.0546503067,80.2424316406,68550,68562,12
13.0536899567,80.2422637939,68562,68593,31
13.0536899567,80.2422637939,68593,68603,10
13.053440094,80.2421112061,68603,68613,10
13.0527801514,80.2418670654,68613,68653,40
13.0527801514,80.2418670654,68653,68663,10
13.0524702072,80.2416610718,68663,68673,10
13.0521297455,80.2411422729,68673,68683,10
13.0518798828,80.2407989502,68683,68694,11
13.0514698029,80.2406921387,68694,68704,10
13.0508499146,80.2405700684,68704,68724,20
13.0508499146,80.2405700684,68724,68734,10
13.0503902435,80.2404708862,68734,68744,10
13.0497398376,80.2403335571,68744,68754,10
13.0490703583,80.2401809692,68754,68764,10
13.0482797623,80.2400283813,68764,68774,10
13.0474901199,80.2398529053,68774,68784,10
13.0469198227,80.2397232056,68784,68794,10
13.0464000702,80.239616394,68794,68805,11
13.0461797714,80.2394866943,68805,68815,10
13.0463495255,80.2390899658,68815,68825,10
13.0464601517,80.2383804321,68825,68835,10
13.0466299057,80.2375030518,68835,68845,10
13.0467300415,80.2368774414,68845,68855,10
13.0468702316,80.236366272,68855,68865,10
13.046959877,80.236000061,68865,68875,10
13.0470104218,80.2357025146,68875,68885,10
13.0470504761,80.2352905273,68885,68895,10
13.047129631,80.2345733643,68895,68905,10
13.0471897125,80.2339172363,68905,68916,11
13.047249794,80.233581543,68916,68926,10
13.0472698212,80.2332305908,68926,68942,16
13.0467395782,80.2330093384,68942,68954,12
13.045800209,80.2328109741,68954,68964,10
13.0453500748,80.2326965332,68964,68973,9
13.0452804565,80.2326889038,68973,68984,11
13.0451602936,80.2326202393,68984,68994,10
13.0447301865,80.2325592041,68994,69004,10
13.0439596176,80.2324295044,69004,69014,10
13.0432195663,80.2323608398,69014,69024,10
13.0425100327,80.2323608398,69024,69035,11
13.0417098999,80.2322769165,69035,69045,10
13.0408697128,80.2320785522,69045,69055,10
13.0399703979,80.2317962646,69055,69065,10
13.0390796661,80.2315292358,69065,69074,9
13.0383195877,80.2313232422,69074,69085,11
13.0374698639,80.2310333252,69085,69095,10
13.0369997025,80.2308578491,69095,69105,10
13.0369901657,80.2308578491,69105,69116,11
13.0369195938,80.2308807373,69116,69126,10
13.0367603302,80.2308273315,69126,69136,10
13.0361499786,80.2306365967,69136,69146,10
13.0353899002,80.2304229736,69146,69283,137
13.0353899002,80.2304229736,69283,69295,12
13.0349197388,80.2303466797,69295,69305,10
13.0344800949,80.230430603,69305,69315,10
13.0341701508,80.2304992676,69315,69325,10
13.0341501236,80.2304992676,69325,69336,11
13.0338497162,80.2304916382,69336,69346,10
13.0335197449,80.2305221558,69346,69396,50
13.0335197449,80.2305221558,69396,69406,10
13.033200264,80.2305221558,69406,69416,10
13.0326595306,80.2305603027,69416,69426,10
13.0319404602,80.2306289673,69426,69436,10
13.0309801102,80.23072052,69436,69497,61
13.0309801102,80.23072052,69497,69507,10
13.0307598114,80.2307434082,69507,69517,10
13.0304002762,80.2307815552,69517,69533,16
13.0297603607,80.2308578491,69533,69545,12
13.0296201706,80.2308883667,69545,69586,41
13.0296201706,80.2308883667,69586,69596,10
13.0292396545,80.2309036255,69596,69606,10
13.0286598206,80.2309799194,69606,69616,10
13.0281095505,80.2310028076,69616,69626,10
13.0276403427,80.2310714722,69626,69636,10
13.0276298523,80.2314529419,69636,69645,9
13.0276899338,80.2320098877,69645,69656,11
13.0278100967,80.2326583862,69656,69667,11
13.0274896622,80.2329177856,69667,69677,10
13.0268697739,80.233001709,69677,69707,30
13.0268697739,80.233001709,69707,69717,10
13.0267801285,80.2330780029,69717,69727,10
13.0264797211,80.2330627441,69727,69737,10
13.0262403488,80.2326202393,69737,69747,10
13.02602005,80.231880188,69747,69757,10
13.0257701874,80.2309417725,69757,69768,11
13.0252103806,80.2298965454,69768,69778,10
13.0247001648,80.2292480469,69778,69788,10
13.0245895386,80.2291183472,69788,69797,9
13.0245895386,80.2290802002,69797,69807,10
13.0243597031,80.2287902832,69807,69818,11
13.0239295959,80.228302002,69818,69838,20
13.0239295959,80.228302002,69838,69848,10
13.023900032,80.2282333374,69848,69857,9
13.0236196518,80.227897644,69857,69868,11
13.0231599808,80.2274169922,69868,69879,11
13.0226602554,80.2269363403,69879,69889,10
13.0220499039,80.2264099121,69889,69899,10
13.0213499069,80.2258605957,69899,69909,10
13.0206203461,80.2253112793,69909,69919,10
13.0201997757,80.2250595093,69919,69929,10
13.0198802948,80.2248306274,69929,69939,10
13.0193004608,80.2245483398,69939,69949,10
13.0185098648,80.2246322632,69949,69959,10
13.017660141,80.2249679565,69959,69969,10
13.01679039,80.2253265381,69969,69980,11
13.0162200928,80.2255630493,69980,69990,10
13.0156002045,80.2257614136,69990,70000,10
13.0149297714,80.2260284424,70000,70010,10
13.0145702362,80.2261734009,70010,70020,10
13.0145301819,80.2261810303,70020,70030,10
13.0141401291,80.22631073,70030,70040,10
13.0135097504,80.2265701294,70040,70050,10
13.0127601624,80.2268829346,70050,70060,10
13.011639595,80.2273178101,70060,70070,10
13.0105895996,80.2277374268,70070,70080,10
13.0096998215,80.2281036377,70080,70091,11
13.0090503693,80.2287979126,70091,70101,10
13.0088396072,80.2299194336,70101,70111,10
13.0086202621,80.2310791016,70111,70121,10
13.0084104538,80.2321929932,70121,70131,10
13.0082502365,80.233039856,70131,70141,10
13.0082197189,80.2334289551,70141,70151,10
13.0081996918,80.2335281372,70151,70161,10
13.0080795288,80.2339782715,70161,70171,10
13.0079298019,80.2346572876,70171,70181,10
13.0077800751,80.2353973389,70181,70191,10
13.0076198578,80.2362213135,70191,70202,11
13.0074396133,80.237121582,70202,70212,10
13.0072898865,80.2379226685,70212,70222,10
13.0071296692,80.2387771606,70222,70232,10
13.0069904327,80.2395095825,70232,70242,10
13.0069904327,80.2395706177,70242,70252,10
13.0069904327,80.2396392822,70252,70262,10
13.0069599152,80.2397384644,70262,70272,10
13.0069198608,80.2399215698,70272,70282,10
13.0069103241,80.2403030396,70282,70292,10
13.0068702698,80.2405166626,70292,70303,11
13.0067796707,80.2408065796,70303,70313,10
13.0067501068,80.2409362793,70313,70323,10
13.0066699982,80.2414779663,70323,70333,10
13.0066604614,80.2423629761,70333,70343,10
13.0066404343,80.2433166504,70343,70353,10
13.0066404343,80.2440719604,70353,70363,10
13.0066099167,80.2449035645,70363,70372,9
13.0066099167,80.2454528809,70372,70382,10
13.0066404343,80.2459869385,70382,70393,11
13.0066604614,80.2464828491,70393,70404,11
13.0066795349,80.246887207,70404,70414,10
13.0066995621,80.2472991943,70414,70424,10
13.0066795349,80.2479019165,70424,70434,10
13.0066995621,80.2487335205,70434,70444,10
13.0068101883,80.2493972778,70444,70454,10
13.0068101883,80.2495269775,70454,70464,10
13.0067901611,80.24974823,70464,70474,10
13.0067501068,80.2502365112,70474,70484,10
13.0067501068,80.2506713867,70484,70494,10
13.0067501068,80.2510223389,70494,70505,11
13.0067396164,80.2512512207,70505,70515,10
13.0066995621,80.2515792847,70515,70525,10
13.0066204071,80.2519226074,70525,70535,10
13.0064897537,80.2526321411,70535,70545,10
13.0064897537,80.2535324097,70545,70555,10
13.0065002441,80.2543334961,70555,70565,10
13.0065402985,80.2547302246,70565,70585,20
13.0065402985,80.2547302246,70585,70595,10
13.006529808,80.2548828125,70595,70605,10
13.0065202713,80.2553482056,70605,70615,10
13.006529808,80.2561416626,70615,70626,11
13.0065603256,80.2571334839,70626,70696,70
13.0065603256,80.2571334839,70696,70706,10
13.0066404343,80.2571792603,70706,70716,10
13.0065803528,80.2574996948,70716,70727,11
13.0060100555,80.2575302124,70727,70737,10
13.0054798126,80.2574234009,70737,70747,10
13.0047798157,80.257232666,70747,70757,10
13.0039997101,80.2570495605,70757,70767,10
13.0033502579,80.2569198608,70767,70777,10
13.0026903152,80.2568130493,70777,70787,10
13.0021400452,80.2566986084,70787,70797,10
13.0019197464,80.256690979,70797,70807,10
13.0014200211,80.2566375732,70807,70868,61
13.0014200211,80.2566375732,70868,70878,10
13.0013303757,80.2566070557,70878,70888,10
13.00096035,80.2565536499,70888,70898,10
13.0003299713,80.2564697266,70898,70908,10
13.0000295639,80.2564086914,70908,70918,10
12.9998197556,80.256362915,70918,70928,10
12.9992704391,80.2562484741,70928,70939,11
12.9987297058,80.2561416626,70939,70949,10
12.9984197617,80.2560882568,70949,70959,10
12.9978103638,80.2560119629,70959,70969,10
12.9971399307,80.2559814453,70969,70979,10
12.9969501495,80.2559890747,70979,70989,10
12.9968595505,80.2560577393,70989,70999,10
12.9968204498,80.2562637329,70999,71009,10
12.9968004227,80.2565002441,71009,71019,10
12.9967498779,80.2570495605,71019,71050,31
12.9967498779,80.2570495605,71050,71060,10
12.9967403412,80.257270813,71060,71070,10
12.9966402054,80.2581100464,71070,71090,20
12.9966402054,80.2581100464,71090,71100,10
12.9965896606,80.258430481,71100,71109,9
12.9965400696,80.2589492798,71109,71120,11
12.9964799881,80.2596511841,71120,71130,10
12.9963998795,80.2603607178,71130,71140,10
12.9963197708,80.2611618042,71140,71150,10
12.9962596893,80.2618484497,71150,71161,11
12.9961500168,80.2624588013,71161,71181,20
12.9961500168,80.2624588013,71181,71191,10
12.9960699081,80.2627792358,71191,71201,10
12.9960403442,80.2633590698,71201,71211,10
12.9959697723,80.2641677856,71211,71221,10
12.995880127,80.2650222778,71221,71231,10
12.9958696365,80.2652587891,71231,71241,10
12.9958200455,80.2656402588,71241,71251,10
12.9957304001,80.2664413452,71251,71262,11
12.9956798553,80.2671127319,71262,71312,50
12.9956798553,80.2671127319,71312,71322,10
12.9956598282,80.2675170898,71322,71332,10
12.9961900711,80.2677993774,71332,71352,20
12.9961900711,80.2677993774,71352,71362,10
12.9962596893,80.2678375244,71362,71373,11
12.9968795776,80.2678222656,71373,71383,10
12.9976196289,80.267616272,71383,71393,10
12.9982795715,80.2674179077,71393,71403,10
12.9991903305,80.2671737671,71403,71413,10
12.9998397827,80.2669525146,71413,71423,10
13.0000495911,80.266746521,71423,71433,10
13.0000600815,80.2667388916,71433,71443,10
13.0001296997,80.2664031982,71443,71453,10
13.0002002716,80.265838623,71453,71463,10
13.0003404617,80.2658615112,71463,71473,10
13.0001802444,80.2664489746,71473,71544,71
13.0001802444,80.2664489746,71544,71554,10
13.0002002716,80.2665786743,71554,71564,10
13.0002298355,80.2666397095,71564,71574,10
13.0001602173,80.2668380737,71574,71585,11
12.9999198914,80.2669525146,71585,71595,10
12.9993000031,80.2670974731,71595,71605,10
12.9986801147,80.2672576904,71605,71615,10
12.9983596802,80.2673492432,71615,71625,10
12.9979200363,80.2674865723,71625,71635,10
12.9975595474,80.2676086426,71635,71645,10
12.9970397949,80.2677307129,71645,71655,10
12.996509552,80.2677764893,71655,71746,91
12.996509552,80.2677764893,71746,71756,10
12.9961795807,80.2677688599,71756,71766,10
12.9958200455,80.2677536011,71766,71776,10
12.9955997467,80.2676773071,71776,71787,11
12.9956102371,80.2674789429,71787,71817,30
12.9956102371,80.2674789429,71817,71827,10
12.9956598282,80.2672271729,71827,71837,10
12.9957103729,80.2667236328,71837,71847,10
12.9957895279,80.2659606934,71847,71857,10
12.995880127,80.2651519775,71857,71867,10
12.9959602356,80.2645721436,71867,71877,10
12.9960403442,80.2638626099,71877,71887,10
12.9960899353,80.2632827759,71887,71897,10
12.9961204529,80.2629470825,71897,71908,11
12.9961500168,80.2627182007,71908,71918,10
12.9961795807,80.2624893188,71918,71928,10
12.996219635,80.262046814,71928,71938,10
12.9962396622,80.26197052,71938,71948,10
12.9963102341,80.261428833,71948,71958,10
12.9964103699,80.2605361938,71958,71968,10
12.9964799881,80.2598419189,71968,71978,10
12.9965200424,80.2593994141,71978,71988,10
12.9965696335,80.2587890625,71988,71998,10
12.9966402054,80.2580566406,71998,72009,11
12.996720314,80.2572631836,72009,72019,10
12.9968004227,80.256477356,72019,72069,50
12.9968004227,80.256477356,72069,72079,10
12.9968700409,80.2562332153,72079,72089,10
12.9969701767,80.2559204102,72089,72099,10
12.9973096848,80.2559204102,72099,72109,10
12.9978704453,80.2559585571,72109,72120,11
12.9985399246,80.2560272217,72120,72130,10
12.9986200333,80.2560501099,72130,72140,10
12.9989004135,80.2561416626,72140,72150,10
12.9991197586,80.2561798096,72150,72160,10
12.999420166,80.2562408447,72160,72170,10
12.9999904633,80.2563400269,72170,72180,10
13.0008802414,80.2564926147,72180,72200,20
13.0008802414,80.2564926147,72200,72210,10
13.0010004044,80.2565078735,72210,72221,11
13.0014400482,80.2565917969,72221,72231,10
13.0020904541,80.2566986084,72231,72241,10
13.0028400421,80.2568283081,72241,72251,10
13.0034704208,80.2569503784,72251,72261,10
13.0042295456,80.2570877075,72261,72271,10
13.0048503876,80.2572402954,72271,72281,10
13.0055904388,80.2573776245,72281,72291,10
13.0061702728,80.2574768066,72291,72311,20
13.0061702728,80.2574768066,72311,72321,10
13.006360054,80.2575378418,72321,72332,11
13.0065402985,80.2573623657,72332,72342,10
13.0065202713,80.2567977905,72342,72352,10
13.0064697266,80.256187439,72352,72362,10
13.0064697266,80.2559967041,72362,72372,10
13.006480217,80.2556533813,72372,72382,10
13.0064897537,80.2552871704,72382,72392,10
13.0064897537,80.2546386719,72392,72402,10
13.006480217,80.2539978027,72402,72412,10
13.0064697266,80.2535171509,72412,72422,10
13.0064601898,80.2532424927,72422,72463,41
13.0064601898,80.2532424927,72463,72473,10
13.0064697266,80.2530517578,72473,72483,10
13.0064601898,80.2527389526,72483,72493,10
13.0064897537,80.2524795532,72493,72503,10
13.0065498352,80.2520217896,72503,72564,61
13.0065498352,80.2520217896,72564,72574,10
13.0066404343,80.2518768311,72574,72584,10
13.0067195892,80.2513809204,72584,72594,10
13.0067501068,80.2506027222,72594,72604,10
13.0067100525,80.2498779297,72604,72624,20
13.0067100525,80.2498779297,72624,72634,10
13.0066795349,80.2495269775,72634,72644,10
13.0066604614,80.2490005493,72644,72655,11
13.0066099167,80.2483520508,72655,72665,10
13.0065698624,80.248046875,72665,72675,10
13.0065698624,80.2480010986,72675,72685,10
13.0065698624,80.2478866577,72685,72695,10
13.0065803528,80.2474136353,72695,72705,10
13.0065803528,80.2468109131,72705,72715,10
13.0065698624,80.2460632324,72715,72725,10
13.0065603256,80.2452774048,72725,72735,10
13.0065698624,80.2445907593,72735,72745,10
13.0065803528,80.244178772,72745,72756,11
13.0065402985,80.2434463501,72756,72766,10
13.0065202713,80.242767334,72766,72776,10
13.0065202713,80.241859436,72776,72786,10
13.0065603256,80.2409667969,72786,72796,10
13.0066204071,80.2405014038,72796,72805,9
13.0066404343,80.2403488159,72805,72816,11
13.0066699982,80.2402420044,72816,72826,10
13.0067996979,80.2396621704,72826,72836,10
13.0069704056,80.2388000488,72836,72846,10
13.0071697235,80.2377700806,72846,72856,10
13.0073299408,80.2369232178,72856,72867,11
13.0073604584,80.2367706299,72867,72877,10
13.0074195862,80.236579895,72877,72887,10
13.0075597763,80.2360076904,72887,72897,10
13.0077199936,80.2351989746,72897,72907,10
13.0079402924,80.2342224121,72907,72917,10
13.0081796646,80.2330627441,72917,72927,10
13.0084199905,80.2318191528,72927,72937,10
13.0086603165,80.2305908203,72937,72947,10
13.0088996887,80.2293701172,72947,72957,10
13.0091295242,80.2282409668,72957,72968,11
13.0096101761,80.2270812988,72968,72978,10
13.0100898743,80.226020813,72978,72988,10
13.0105400085,80.2250518799,72988,72998,10
13.0108203888,80.2244415283,72998,73008,10
13.0110702515,80.2239227295,73008,73018,10
13.0112104416,80.2235488892,73018,73038,20
13.0112104416,80.2235488892,73038,73048,10
13.0113601685,80.2231826782,73048,73058,10
13.0116300583,80.2225189209,73058,73068,10
13.0120201111,80.2216415405,73068,73079,11
13.0124197006,80.2217178345,73079,73089,10
13.0128297806,80.2223129272,73089,73099,10
13.0133304596,80.2228469849,73099,73109,10
13.0139198303,80.2235336304,73109,73119,10
13.0145998001,80.2244110107,73119,73129,10
13.0151700974,80.2249221802,73129,73139,10
13.0152301788,80.224937439,73139,73149,10
13.0153799057,80.2250595093,73149,73159,10
13.0159397125,80.2253875732,73159,73169,10
13.0168800354,80.2252197266,73169,73180,11
13.0180397034,80.2247467041,73180,73190,10
13.0189599991,80.2244186401,73190,73200,10
13.0194301605,80.2244796753,73200,73210,10
13.0196199417,80.2245788574,73210,73220,10
13.0198202133,80.2247009277,73220,73230,10
13.0199699402,80.2248535156,73230,73240,10
13.0203800201,80.2251281738,73240,73250,10
13.020939827,80.2255172729,73250,73260,10
13.0214996338,80.2259368896,73260,73270,10
13.0216903687,80.2260665894,73270,73281,11
13.0218400955,80.2261886597,73281,73290,9
13.021900177,80.2262268066,73290,73301,11
13.0220003128,80.2263031006,73301,73311,10
13.0223197937,80.226600647,73311,73321,10
13.0228996277,80.2271194458,73321,73330,9
13.0235795975,80.2277374268,73330,73341,11
13.0242595673,80.2285003662,73341,73351,10
13.0246400833,80.2290267944,73351,73361,10
13.0250797272,80.229598999,73361,73371,10
13.0255002975,80.2301864624,73371,73381,10
13.0258703232,80.2309265137,73381,73391,10
13.0259799957,80.2313232422,73391,73402,11
13.0260400772,80.2313995361,73402,73412,10
13.0264396667,80.2312774658,73412,73422,10
13.0272397995,80.2310791016,73422,73432,10
13.0280199051,80.2309494019,73432,73442,10
13.0282096863,80.2310028076,73442,73452,10
13.028380394,80.2309799194,73452,73462,10
13.0286197662,80.2309417725,73462,73472,10
13.0290498734,80.2308883667,73472,73482,10
13.0294504166,80.2308425903,73482,73492,10
13.029999733,80.230796814,73492,73503,11
13.0304603577,80.2307662964,73503,73513,10
13.0306797028,80.230758667,73513,73523,10
13.0312004089,80.2307128906,73523,73533,10
13.0319099426,80.2306671143,73533,73543,10
13.032699585,80.2305984497,73543,73553,10
13.0336198807,80.2305221558,73553,73604,51
13.0336198807,80.2305221558,73604,73619,15
13.0340204239,80.2305221558,73619,73632,13
13.0342702866,80.2304229736,73632,73652,20
13.0342702866,80.2304229736,73652,73663,11
13.0344104767,80.2303771973,73663,73673,10
13.0346603394,80.2303771973,73673,73683,10
13.0348396301,80.2304382324,73683,73693,10
13.0348596573,80.230682373,73693,73703,10
13.0348596573,80.2309494019,73703,73713,10
13.034819603,80.2314376831,73713,73724,11
13.0347003937,80.2322998047,73724,73734,10
13.0346097946,80.2329864502,73734,73744,10
13.0345401764,80.2334899902,73744,73752,8
13.0344696045,80.2339477539,73752,73764,12
13.0343599319,80.2347564697,73764,73774,10
13.034239769,80.2356185913,73774,73784,10
13.0341901779,80.2361907959,73784,73794,10
13.0341596603,80.2365875244,73794,73804,10
13.034119606,80.2371292114,73804,73814,10
13.0340995789,80.2372512817,73814,73885,71
13.0340995789,80.2372512817,73885,73895,10
13.0340900421,80.2373962402,73895,73905,10
13.0342597961,80.2376327515,73905,73915,10
13.0345001221,80.2379608154,73915,73925,10
13.0348300934,80.2384796143,73925,73935,10
13.0351400375,80.2389831543,73935,73946,11
13.0354404449,80.2393875122,73946,73956,10
13.0359601974,80.2394485474,73956,73966,10
13.0365400314,80.2394866943,73966,73976,10
13.0374002457,80.2395782471,73976,73986,10
13.0382299423,80.2396774292,73986,73996,10
13.0387201309,80.2397918701,73996,74006,10
13.0392198563,80.2398376465,74006,74016,10
13.0398197174,80.2399215698,74016,74026,10
13.0402803421,80.2400131226,74026,74037,11
13.0403499603,80.2404937744,74037,74047,10
13.0408296585,80.2405929565,74047,74057,10
13.0409202576,80.2406082153,74057,74067,10
13.0413599014,80.2406616211,74067,74077,10
13.0420999527,80.240737915,74077,74087,10
13.0428600311,80.2408599854,74087,74097,10
13.0440196991,80.2409591675,74097,74117,20
13.0440196991,80.2409591675,74117,74127,10
13.0441398621,80.2409133911,74127,74138,11
13.0444002151,80.2406997681,74138,74148,10
13.0449695587,80.2403182983,74148,74158,10
13.045630455,80.2398529053,74158,74168,10
13.045999527,80.2395935059,74168,74178,10
13.046330452,80.2395935059,74178,74188,10
13.0467796326,80.2397003174,74188,74204,16
13.0474500656,80.2398223877,74204,74216,12
13.0478401184,80.2398834229,74216,74226,10
13.0485401154,80.2400436401,74226,74236,10
13.0493001938,80.2402114868,74236,74246,10
13.0496397018,80.2403030396,74246,74257,11
13.0501098633,80.2404022217,74257,74267,10
13.0505399704,80.2404937744,74267,74277,10
13.0506896973,80.2405319214,74277,74287,10
13.0511398315,80.2406234741,74287,74297,10
13.0517597198,80.2407302856,74297,74307,10
13.0523996353,80.2410812378,74307,74317,10
13.0525503159,80.2416305542,74317,74327,10
13.0531797409,80.2419586182,74327,74337,10
13.0537796021,80.2422485352,74337,74347,10
13.0538196564,80.2422637939,74347,74357,10
13.0538797379,80.2422866821,74357,74368,11
13.0543403625,80.2423782349,74368,74378,10
13.0547800064,80.242401123,74378,74388,10
13.0552501678,80.2422866821,74388,74398,10
13.0558996201,80.2423782349,74398,74408,10
13.0565795898,80.2426681519,74408,74438,30
13.0565795898,80.2426681519,74438,74448,10
13.0568199158,80.2426605225,74448,74459,11
13.0574302673,80.2428588867,74459,74469,10
13.0577096939,80.2428436279,74469,74479,10
13.0578603745,80.2428436279,74479,74489,10
13.058380127,80.24269104,74489,74499,10
13.059129715,80.2425537109,74499,74509,10
13.0598802567,80.242729187,74509,74519,10
13.0606603622,80.2429962158,74519,74529,10
13.0612401962,80.2431564331,74529,74539,10
13.0618801117,80.2432937622,74539,74549,10
13.0624303818,80.2433700562,74549,74559,10
13.0624504089,80.2433776855,74559,74570,11
13.0627202988,80.2434387207,74570,74580,10
13.0633001328,80.243560791,74580,74590,10
13.063949585,80.243560791,74590,74600,10
13.0647001266,80.243598938,74600,74610,10
13.0654602051,80.2436065674,74610,74620,10
13.0660400391,80.243522644,74620,74630,10
13.0663499832,80.2434310913,74630,74640,10
13.066570282,80.2433319092,74640,74650,10
13.0669698715,80.2431793213,74650,74660,10
13.0674800873,80.2429504395,74660,74671,11
13.0681400299,80.2427215576,74671,74681,10
13.0687198639,80.2425384521,74681,74691,10
13.0693302155,80.2422714233,74691,74701,10
13.0699195862,80.2421417236,74701,74711,10
13.0699300766,80.2421264648,74711,74721,10
13.0701904297,80.2420806885,74721,74731,10
13.0707798004,80.2418823242,74731,74741,10
13.0715999603,80.2415924072,74741,74751,10
13.0722904205,80.2411804199,74751,74761,10
13.0731401443,80.2407989502,74761,74771,10
13.0737495422,80.2406234741,74771,74781,10
13.0746002197,80.2405395508,74781,74792,11
13.0757198334,80.2405319214,74792,74802,10
13.0765800476,80.2405929565,74802,74812,10
13.0770902634,80.2404937744,74812,74822,10
13.0769796371,80.2397994995,74822,74832,10
13.0767803192,80.2389678955,74832,74842,10
13.0766296387,80.2384185791,74842,74852,10
13.0765600204,80.2380828857,74852,74862,10
13.0765304565,80.2379379272,74862,74872,10
13.0764598846,80.2376098633,74872,74883,11
13.0764303207,80.2374725342,74883,74893,10
13.0763902664,80.2372589111,74893,74903,10
13.076259613,80.2366790771,74903,74913,10
13.0761404037,80.2358779907,74913,74923,10
13.0759601593,80.2350997925,74923,74933,10
13.0757598877,80.2343063354,74933,74943,10
13.0758495331,80.2338790894,74943,74953,10
13.0767803192,80.2337417603,74953,74973,20
13.0767803192,80.2337417603,74973,74983,10
13.0771198273,80.2337265015,74983,74994,11
13.0777797699,80.2336273193,74994,75004,10
13.0783596039,80.233581543,75004,75014,10
13.0789003372,80.2335510254,75014,75024,10
13.0795202255,80.2335281372,75024,75034,10
13.0802698135,80.2335281372,75034,75054,20
13.0802698135,80.2335281372,75054,75064,10
13.0805797577,80.233581543,75064,75074,10
13.0812397003,80.2335662842,75074,75084,10
13.081870079,80.233581543,75084,75094,10
13.0819702148,80.2330703735,75094,75105,11
13.082159996,80.2323379517,75105,75115,10
13.0824203491,80.2314910889,75115,75125,10
13.0825395584,80.2312393188,75125,75134,9
13.0827302933,80.2308578491,75134,75145,11
13.0830097198,80.2307434082,75145,75155,10
13.0830802917,80.2312469482,75155,75165,10
13.0831098557,80.2321014404,75165,75175,10
13.0832700729,80.2329483032,75175,75185,10
13.0833997726,80.2337875366,75185,75195,10
13.0839500427,80.2340316772,75195,75216,21
13.0839500427,80.2340316772,75216,75226,10
13.0842103958,80.2341003418,75226,75236,10
13.0847997665,80.2342376709,75236,75246,10
13.0853500366,80.234336853,75246,75256,10
13.0858697891,80.2344818115,75256,75266,10
13.0865001678,80.2345809937,75266,75276,10
13.0872001648,80.2346420288,75276,75286,10
13.0878696442,80.2341995239,75286,75302,16
13.0880899429,80.2328109741,75302,75314,12
13.0883703232,80.2317504883,75314,75325,11
13.0886001587,80.2311325073,75325,75335,10
13.0888299942,80.2306289673,75335,75355,20
13.0888299942,80.2306289673,75355,75365,10
13.0889596939,80.2303466797,75365,75375,10
13.0893201828,80.2296524048,75375,75385,10
13.0899600983,80.2288818359,75385,75395,10
13.0907297134,80.2280502319,75395,75405,10
13.0913200378,80.2273864746,75405,75415,10
13.0913896561,80.2273330688,75415,75422,7
13.0914297104,80.2273025513,75422,75436,14
13.0919799805,80.2267379761,75436,75446,10
13.0926399231,80.2260665894,75446,75456,10
13.0933303833,80.2253799438,75456,75466,10
13.0938596725,80.2247619629,75466,75476,10
13.0944004059,80.2240600586,75476,75486,10
13.0951404572,80.2227325439,75486,75506,20
13.0951404572,80.2227325439,75506,75529,23
13.0956697464,80.221321106,75529,75543,14
13.0959997177,80.2203903198,75543,75553,10
13.0960502625,80.2203292847,75553,75563,10
13.0961999893,80.2199172974,75563,75573,10
13.0963201523,80.219543457,75573,75583,10
13.0963401794,80.2194671631,75583,75593,10
13.0964899063,80.2190475464,75593,75603,10
13.0967197418,80.2183380127,75603,75613,10
13.0969400406,80.217666626,75613,75623,10
13.097120285,80.2171401978,75623,75633,10
13.0971698761,80.2170181274,75633,75644,11
13.0974197388,80.2164230347,75644,75654,10
13.0978002548,80.2155075073,75654,75664,10
13.0981302261,80.2147521973,75664,75673,9
13.09815979,80.2146911621,75673,75684,11
13.0983104706,80.2143783569,75684,75694,10
13.0984296799,80.2141113281,75694,75765,71
13.0984296799,80.2141113281,75765,75775,10
13.098690033,80.2140808105,75775,75785,10
13.0992202759,80.2143325806,75785,75795,10
13.0998497009,80.2144927979,75795,75805,10
13.1001596451,80.21459198,75805,75825,20
13.1001596451,80.21459198,75825,75835,10
13.100399971,80.2146911621,75835,75876,41
13.100399971,80.2146911621,75876,75886,10
13.1004800797,80.2147293091,75886,75896,10
13.1004600525,80.2149581909,75896,75906,10
13.1001901627,80.2155685425,75906,75916,10
13.0998601913,80.2163391113,75916,75926,10
13.0995197296,80.2173080444,75926,75936,10
13.0993299484,80.2182617188,75936,75946,10
13.0992002487,80.2191009521,75946,75957,11
13.0991401672,80.2195205688,75957,75967,10
13.0990200043,80.2201385498,75967,75977,10
13.0988798141,80.220916748,75977,75987,10
13.0986995697,80.2219772339,75987,75997,10
13.0987596512,80.2230911255,75997,76007,10
13.0992298126,80.2237167358,76007,76017,10
13.0994997025,80.2241897583,76017,76027,10
13.0996999741,80.224822998,76027,76037,10
13.0997800827,80.2251205444,76037,76047,10
13.0998096466,80.2253723145,76047,76058,11
13.0999202728,80.2261123657,76058,76067,9
13.0999603271,80.2269515991,76067,76078,11
13.0999603271,80.2280502319,76078,76088,10
13.0998601913,80.2287521362,76088,76098,10
13.0997800827,80.2293167114,76098,76108,10
13.0996704102,80.2298812866,76108,76118,10
13.0995998383,80.230140686,76118,76128,10
13.0994300842,80.2307128906,76128,76138,10
13.0992097855,80.2312164307,76138,76148,10
13.0989398956,80.2318496704,76148,76158,10
13.0987701416,80.2323226929,76158,76169,11
13.0986204147,80.2330093384,76169,76179,10
13.0985603333,80.2334213257,76179,76189,10
13.0985202789,80.2337112427,76189,76199,10
13.0985002518,80.2338485718,76199,76209,10
13.0984697342,80.234161377,76209,76219,10
13.0984296799,80.2347488403,76219,76229,10
13.0983400345,80.2352600098,76229,76239,10
13.098279953,80.2357025146,76239,76249,10
13.0981702805,80.2363433838,76249,76259,10
13.0980501175,80.2370834351,76259,76269,10
13.0979700089,80.2375335693,76269,76280,11
13.0977802277,80.2384033203,76280,76290,10
13.0976896286,80.239151001,76290,76300,10
13.0976800919,80.239402771,76300,76310,10
13.0976400375,80.2398605347,76310,76320,10
13.0976104736,80.2404632568,76320,76330,10
13.0975103378,80.2412185669,76330,76340,10
13.0974302292,80.2419128418,76340,76350,10
13.0975799561,80.2422637939,76350,76360,10
13.0980501175,80.2423706055,76360,76370,10
13.0985298157,80.2423629761,76370,76381,11
13.0986795425,80.2421188354,76381,76391,10
13.0987501144,80.2418518066,76391,76401,10
13.0987901688,80.2416763306,76401,76411,10
13.0989904404,80.2412567139,76411,76835,424
13.0989904404,80.2412567139,76835,76845,10
13.0989904404,80.2410812378,76845,76855,10
13.0989398956,80.2404174805,76855,77077,222
13.0989398956,80.2404174805,77077,77087,10
13.098950386,80.2402114868,77087,77097,10
13.0990600586,80.2404632568,77097,77107,10
13.0989198685,80.2407836914,77107,77117,10
13.0986404419,80.2408676147,77117,79543,2426
13.0984802246,80.2406768799,79543,82804,3261
13.0986795425,80.240852356,82804,82945,141
13.0986795425,80.240852356,82945,82955,10
13.0985202789,80.2406692505,82955,82965,10
13.0985898972,80.2405014038,82965,82975,10
13.0986700058,80.2401504517,82975,83016,41
13.0986700058,80.2401504517,83016,83026,10
13.0984802246,80.2400283813,83026,84613,1587
13.0984802246,80.2400283813,84613,84623,10
13.0984897614,80.2399291992,84623,84633,10
13.098739624,80.2399902344,84633,84653,20
13.098739624,80.2399902344,84653,84663,10
13.0990600586,80.2401733398,84663,84673,10
13.0991096497,80.2404785156,84673,84683,10
