13.098739624,80.2411880493,20,17823,17803
13.098739624,80.2411880493,17823,17833,10
13.0988302231,80.2416229248,17833,17873,40
13.0987596512,80.2420730591,17873,17893,20
13.0987596512,80.2420730591,17893,17903,10
13.0984401703,80.2423019409,17903,17913,10
13.0983495712,80.2423095703,17913,17923,10
13.0980997086,80.2422790527,17923,17934,11
13.0976495743,80.2422103882,17934,17944,10
13.0973997116,80.2420806885,17944,17954,10
13.0974197388,80.2419586182,17954,17964,10
13.0975103378,80.2416381836,17964,17974,10
13.0975999832,80.2410964966,17974,17984,10
13.0976600647,80.2404022217,17984,17994,10
13.0977201462,80.2397003174,17994,18004,10
13.0977697372,80.2389678955,18004,18015,11
13.0978803635,80.2381820679,18015,18025,10
13.0980501175,80.2372817993,18025,18035,10
13.0981998444,80.2364807129,18035,18045,10
13.0983600616,80.2357177734,18045,18055,10
13.0984601974,80.2349777222,18055,18065,10
13.0985403061,80.2343902588,18065,18075,10
13.0986003876,80.2336883545,18075,18085,10
13.0986795425,80.2330627441,18085,18095,10
13.0988502502,80.2322387695,18095,18106,11
13.0991201401,80.2314910889,18106,18116,10
13.0994596481,80.2307128906,18116,18126,10
13.099650383,80.230140686,18126,18136,10
13.0998096466,80.2293930054,18136,18146,10
13.0999097824,80.2286834717,18146,18156,10
13.1000204086,80.2280197144,18156,18166,10
13.1000404358,80.2272415161,18166,18176,10
13.1000003815,80.2263565063,18176,18186,10
13.0999097824,80.2256011963,18186,18196,10
13.0998001099,80.2249679565,18196,18207,11
13.0995798111,80.2242126465,18207,18217,10
13.0993499756,80.2237625122,18217,18225,8
13.0992202759,80.2235565186,18225,18237,12
13.0990200043,80.2232894897,18237,18247,10
13.0988502502,80.2230834961,18247,18257,10
13.0987300873,80.2228164673,18257,18267,10
13.0987300873,80.2221908569,18267,18277,10
13.0988397598,80.2213592529,18277,18287,10
13.0989704132,80.2205581665,18287,18297,10
13.0991001129,80.2198104858,18297,18308,11
13.0991802216,80.219367981,18308,18318,10
13.0992298126,80.219039917,18318,18328,10
13.0993204117,80.2184371948,18328,18338,10
13.0994596481,80.2176437378,18338,18348,10
13.099650383,80.2168426514,18348,18358,10
13.0999498367,80.2160797119,18358,18368,10
13.1001996994,80.2155075073,18368,18378,10
13.1003704071,80.215133667,18378,18388,10
13.1006202698,80.21459198,18388,18398,10
13.1008996964,80.2139968872,18398,18409,11
13.1012201309,80.2131881714,18409,18419,10
13.1014995575,80.2124786377,18419,18429,10
13.1018199921,80.2115936279,18429,18439,10
13.1020803452,80.2108383179,18439,18449,10
13.1022996902,80.2101974487,18449,18459,10
13.1025400162,80.2095031738,18459,18469,10
13.102640152,80.209197998,18469,18479,10
13.1027297974,80.2089385986,18479,18489,10
13.1029195786,80.2083282471,18489,18500,11
13.1033496857,80.2071914673,18500,18510,10
13.1033496857,80.2071914673,18510,18519,9
13.1036396027,80.2066116333,18519,18530,11
13.1038599014,80.2057723999,18530,18540,10
13.1038599014,80.2049865723,18540,18550,10
13.1038198471,80.2041625977,18550,18560,10
13.1036396027,80.2034988403,18560,18570,10
13.1035404205,80.2031173706,18570,18583,13
13.1035299301,80.2024612427,18583,18593,10
13.10338974,80.2015914917,18593,18604,11
13.1033201218,80.2007522583,18604,18614,10
13.103219986,80.1998214722,18614,18624,10
13.1031398773,80.1992797852,18624,18634,10
13.1030397415,80.1987075806,18634,18645,11
13.1028995514,80.1979675293,18645,18655,10
13.1027002335,80.1973266602,18655,18665,10
13.1024398804,80.1965332031,18665,18675,10
13.1022701263,80.1960296631,18675,18685,10
13.1020298004,80.1952972412,18685,18695,10
13.101849556,80.1948013306,18695,18706,11
13.1017398834,80.1946563721,18706,18716,10
13.1015195847,80.1943130493,18716,18725,9
13.1016902924,80.1938476563,18725,18736,11
13.1018104553,80.1931228638,18736,18746,10
13.1016597748,80.1922531128,18746,18756,10
13.1014604568,80.1911392212,18756,18766,10
13.1012001038,80.1902694702,18766,18776,10
13.1010198593,80.1898498535,18776,18786,10
13.1007404327,80.1892471313,18786,18796,10
13.1003503799,80.1885528564,18796,18807,11
13.0999698639,80.1875991821,18807,18817,10
13.0998296738,80.1870803833,18817,18827,10
13.0997104645,80.1865997314,18827,18837,10
13.0995597839,80.1858901978,18837,18847,10
13.0993795395,80.1851196289,18847,18857,10
13.0990800858,80.1840896606,18857,18865,8
13.0988302231,80.1833190918,18865,18877,12
13.0985603333,80.1823196411,18877,18887,10
13.0983600616,80.1813201904,18887,18898,11
13.0980701447,80.1802825928,18898,18908,10
13.0979003906,80.1794128418,18908,18918,10
13.097820282,80.1783218384,18918,18928,10
13.097869873,80.1772994995,18928,18938,10
13.0980501175,80.1763687134,18938,18948,10
13.0981397629,80.1756973267,18948,18958,10
13.0982103348,80.1747894287,18958,18968,10
13.0985002518,80.1739273071,18968,18978,10
13.0989103317,80.1730270386,18978,18988,10
13.0992298126,80.17212677,18988,18999,11
13.0995397568,80.1712265015,18999,19009,10
13.0997104645,80.170501709,19009,19019,10
13.0997200012,80.1702575684,19019,19029,10
13.0998697281,80.1700820923,19029,19079,50
13.0998697281,80.1700820923,19079,19089,10
13.0998001099,80.1704101563,19089,19100,11
13.0997600555,80.1706237793,19100,19110,10
13.099650383,80.1709976196,19110,19282,172
13.099650383,80.1709976196,19282,19292,10
13.0995397568,80.1712799072,19292,19302,10
13.099360466,80.1718521118,19302,19312,10
13.0991401672,80.1725234985,19312,19322,10
13.0987997055,80.1733627319,19322,19332,10
13.0984201431,80.1743392944,19332,19342,10
13.0981903076,80.17527771,19342,19352,10
13.098110199,80.1761703491,19352,19362,10
13.097990036,80.1769180298,19362,19373,11
13.097869873,80.1779937744,19373,19383,10
13.0978498459,80.1789779663,19383,19393,10
13.0980396271,80.1800231934,19393,19403,10
13.0982503891,80.1808319092,19403,19413,10
13.098279953,80.1809768677,19413,19423,10
13.0984096527,80.1814193726,19423,19433,10
13.0985603333,80.1821594238,19433,19443,10
13.0987901688,80.1830368042,19443,19453,10
13.0989999771,80.1837615967,19453,19463,10
13.0993404388,80.1848297119,19463,19474,11
13.0995597839,80.1858825684,19474,19484,10
13.0997896194,80.1866607666,19484,19494,10
13.0999698639,80.1874389648,19494,19504,10
13.1002702713,80.1882400513,19504,19514,10
13.1006803513,80.1890106201,19514,19524,10
13.1012296677,80.1895370483,19524,19534,10
13.1013002396,80.1896362305,19534,19544,10
13.1013402939,80.1897583008,19544,19554,10
13.1013402939,80.1898422241,19554,19564,10
13.1013898849,80.1901092529,19564,19575,11
13.1015396118,80.1906967163,19575,19584,9
13.1016798019,80.1914978027,19584,19595,11
13.1017999649,80.1921691895,19595,19605,10
13.1018896103,80.1927337646,19605,19615,10
13.1019697189,80.1932067871,19615,19626,11
13.1021099091,80.1938400269,19626,19636,10
13.1021699905,80.194480896,19636,19646,10
13.1021604538,80.1953277588,19646,19656,10
13.1025104523,80.1964035034,19656,19667,11
13.1028995514,80.1975708008,19667,19677,10
13.103219986,80.1991424561,19677,19686,9
13.103219986,80.1991424561,19686,19697,11
13.103219986,80.1991577148,19697,19707,10
13.1032800674,80.1994628906,19707,19717,10
13.1033496857,80.2001419067,19717,19727,10
13.1034698486,80.2009887695,19727,19737,10
13.1035699844,80.2019805908,19737,19747,10
13.1036901474,80.2028198242,19747,19768,21
13.1036901474,80.2028198242,19768,19778,10
13.1036996841,80.2029495239,19778,19788,10
13.1037302017,80.2033233643,19788,19798,10
13.1038198471,80.2040328979,19798,19808,10
13.1038599014,80.2048034668,19808,19818,10
13.1038599014,80.2057800293,19818,19828,10
13.1036396027,80.2066421509,19828,19838,10
13.1033697128,80.2071990967,19838,19848,10
13.1031799316,80.2077178955,19848,19858,10
13.1030302048,80.208152771,19858,19869,11
13.1027803421,80.2089004517,19869,19879,10
13.1026697159,80.2092437744,19879,19889,10
13.1025896072,80.209487915,19889,19899,10
13.102399826,80.2100372314,19899,19909,10
13.1021404266,80.2107925415,19909,19919,10
13.1018695831,80.2116012573,19919,19929,10
13.1015396118,80.2124862671,19929,19939,10
13.1012296677,80.2132568359,19939,19959,20
13.1012296677,80.2132568359,19959,19970,11
13.1010704041,80.2136383057,19970,19980,10
13.1008300781,80.2142562866,19980,19990,10
13.1005401611,80.2149429321,19990,20000,10
13.1002197266,80.2156600952,20000,20010,10
13.0998401642,80.2165298462,20010,20020,10
13.0995502472,80.2175979614,20020,20030,10
13.0993795395,80.2185897827,20030,20040,10
13.0992603302,80.219291687,20040,20050,10
13.0992097855,80.2196426392,20050,20060,10
13.0991001129,80.2202835083,20060,20071,11
13.0989398956,80.2211837769,20071,20081,10
13.0988101959,80.2220535278,20081,20090,9
13.0988798141,80.2230224609,20090,20101,11
13.099439621,80.2237701416,20101,20111,10
13.0998296738,80.2247695923,20111,20121,10
13.0999603271,80.2255325317,20121,20131,10
13.0999698639,80.2256088257,20131,20141,10
13.1000003815,80.2257766724,20141,20151,10
13.1000499725,80.2262496948,20151,20162,11
13.1000995636,80.2271270752,20162,20172,10
13.1000900269,80.227897644,20172,20182,10
13.0999603271,80.2286682129,20182,20192,10
13.0998897552,80.2291793823,20192,20200,8
13.0997800827,80.2297286987,20200,20212,12
13.0996398926,80.2303619385,20212,20223,11
13.0995998383,80.2304611206,20223,20233,10
13.0994195938,80.2308807373,20233,20243,10
13.0991401672,80.2314987183,20243,20253,10
13.0988502502,80.2322769165,20253,20264,11
13.0986700058,80.2332229614,20264,20274,10
13.0985803604,80.2339477539,20274,20284,10
13.0985803604,80.234161377,20284,20294,10
13.0985403061,80.2345733643,20294,20304,10
13.0984601974,80.2351303101,20304,20314,10
13.0983400345,80.2359237671,20314,20324,10
13.0981998444,80.2367782593,20324,20334,10
13.0980396271,80.2376480103,20334,20344,10
13.0978498459,80.238609314,20344,20354,10
13.0977201462,80.2398529053,20354,20375,21
13.0977201462,80.2398529053,20375,20385,10
13.0977201462,80.2399291992,20385,20395,10
13.0976896286,80.2403182983,20395,20405,10
13.0976400375,80.2410125732,20405,20415,10
13.0975198746,80.2417984009,20415,20425,10
13.0972604752,80.242149353,20425,20445,20
13.0972604752,80.242149353,20445,20456,11
13.0970096588,80.2420501709,20456,20466,10
13.0964603424,80.241859436,20466,20476,10
13.095700264,80.241607666,20476,20486,10
13.0949201584,80.2413787842,20486,20496,10
13.0943002701,80.2412414551,20496,20506,10
13.0936403275,80.2411193848,20506,20517,11
13.0935897827,80.2410964966,20517,20527,10
13.0930299759,80.241027832,20527,20537,10
13.0923900604,80.2409667969,20537,20548,11
13.0916204453,80.2409515381,20548,20558,10
13.0907096863,80.2409133911,20558,20568,10
13.0897502899,80.2410736084,20568,20578,10
13.0889101028,80.2415924072,20578,20588,10
13.0881795883,80.2421569824,20588,20598,10
13.0879001617,80.2429962158,20598,20608,10
13.0878000259,80.243347168,20608,20618,10
13.0876102448,80.2436599731,20618,20628,10
13.0874595642,80.243812561,20628,20638,10
13.0870304108,80.2441482544,20638,20649,11
13.086400032,80.2446670532,20649,20659,10
13.0858001709,80.2451019287,20659,20669,10
13.0856599808,80.2456970215,20669,20679,10
13.0857601166,80.2464981079,20679,20689,10
13.0858097076,80.2467727661,20689,20699,10
13.0858097076,80.2471466064,20699,20709,10
13.0858297348,80.2479095459,20709,20719,10
13.0858898163,80.2488098145,20719,20729,10
13.0859298706,80.2498779297,20729,20739,10
13.0858602524,80.2507400513,20739,20750,11
13.0857400894,80.251663208,20750,20760,10
13.0857000351,80.2518920898,20760,20770,10
13.0856199265,80.2521972656,20770,20780,10
13.0855798721,80.2528305054,20780,20790,10
13.0855398178,80.2535629272,20790,20800,10
13.0855903625,80.2543411255,20800,20810,10
13.0854196548,80.2547302246,20810,20820,10
13.0848197937,80.2547073364,20820,20830,10
13.0840501785,80.2546386719,20830,20841,11
13.0839500427,80.2546234131,20841,20851,10
13.0834999084,80.2545471191,20851,20861,10
13.0828199387,80.2544631958,20861,20871,10
13.0822601318,80.2544784546,20871,20881,10
13.0818195343,80.2547225952,20881,20891,10
13.0811595917,80.2548599243,20891,20901,10
13.080909729,80.2548370361,20901,20911,10
13.0806999207,80.2547912598,20911,20921,10
13.0800895691,80.2546768188,20921,20931,10
13.0793800354,80.2546463013,20931,20942,11
13.0790195465,80.2549514771,20942,20952,10
13.0790395737,80.2555999756,20952,20962,10
13.0791101456,80.2563171387,20962,20972,10
13.0788202286,80.2566986084,20972,20982,10
13.0783100128,80.2566986084,20982,20992,10
13.0777597427,80.2567367554,20992,21000,8
13.0773000717,80.2568283081,21000,21012,12
13.0766000748,80.2572402954,21012,21022,10
13.0759000778,80.2579269409,21022,21033,11
13.0754804611,80.258430481,21033,21044,11
13.0757303238,80.2592086792,21044,21054,10
13.0762701035,80.2597808838,21054,21064,10
13.0767202377,80.2601699829,21064,21074,10
13.0771398544,80.2606124878,21074,21084,10
13.0773296356,80.2609176636,21084,21095,11
13.0775299072,80.2613983154,21095,21105,10
13.0777397156,80.2619094849,21105,21176,71
13.0777397156,80.2619094849,21176,21186,10
13.0778598785,80.2622909546,21186,21227,41
13.0778598785,80.2622909546,21227,21237,10
13.07791996,80.2626037598,21237,21247,10
13.0780200958,80.2630004883,21247,21257,10
13.0782499313,80.2633972168,21257,21267,10
13.0780096054,80.2635421753,21267,21277,10
13.0777301788,80.2637481689,21277,21287,10
13.0775098801,80.2639007568,21287,21297,10
13.0772104263,80.2640686035,21297,21307,10
13.0769300461,80.2641220093,21307,21317,10
13.0764799118,80.2641983032,21317,21328,11
13.0758104324,80.2642822266,21328,21338,10
13.075460434,80.2639465332,21338,21348,10
13.0750303268,80.263343811,21348,21358,10
13.0745601654,80.2627105713,21358,21368,10
13.0741701126,80.26222229,21368,21379,11
13.0737600327,80.2617416382,21379,21389,10
13.0732097626,80.2614212036,21389,21399,10
13.0728702545,80.2620620728,21399,21409,10
13.0726699829,80.2626876831,21409,21420,11
13.0724697113,80.2632827759,21420,21430,10
13.0723199844,80.2637405396,21430,21440,10
13.0718898773,80.264289856,21440,21450,10
13.0716896057,80.2644882202,21450,21460,10
13.0714797974,80.2647018433,21460,21470,10
13.0710601807,80.2651596069,21470,21480,10
13.0705404282,80.2656936646,21480,21490,10
13.0699596405,80.2662963867,21490,21500,10
13.0692901611,80.2669906616,21500,21510,10
13.0687799454,80.2679519653,21510,21521,11
13.0684604645,80.2688674927,21521,21531,10
13.0682601929,80.2697601318,21531,21541,10
13.0681295395,80.2707824707,21541,21551,10
13.0683898926,80.2716827393,21551,21600,49
13.0683898926,80.2716827393,21600,21612,12
13.06828022,80.2720870972,21612,21622,10
13.0677995682,80.2725372314,21622,21632,10
13.0672302246,80.2731781006,21632,21642,10
13.0666999817,80.2740020752,21642,21652,10
13.0663204193,80.2749786377,21652,21662,10
13.0660295486,80.2758026123,21662,21672,10
13.0655603409,80.2769622803,21672,21682,10
13.0650100708,80.2780838013,21682,21692,10
13.064620018,80.279083252,21692,21702,10
13.0643701553,80.2801513672,21702,21713,11
13.0644702911,80.2813415527,21713,21723,10
13.0644397736,80.2822799683,21723,21733,10
13.0642204285,80.2833633423,21733,21783,50
13.0642204285,80.2833633423,21783,21793,10
13.064040184,80.2835006714,21793,21803,10
13.0635004044,80.2833633423,21803,21814,11
13.0626602173,80.2831573486,21814,21824,10
13.0617399216,80.2829437256,21824,21834,10
13.0607099533,80.2827072144,21834,21844,10
13.0595703125,80.2824783325,21844,21854,10
13.0583696365,80.2822418213,21854,21864,10
13.0573101044,80.2820281982,21864,21872,8
13.0567502975,80.2819290161,21872,21886,14
13.0567398071,80.2819366455,21886,21896,10
13.0565500259,80.2818908691,21896,21906,10
13.0559196472,80.2817611694,21906,21917,11
13.0551300049,80.281578064,21917,21927,10
13.0541601181,80.2813796997,21927,21937,10
13.0530700684,80.2811965942,21937,21947,10
13.0519304276,80.2810287476,21947,21957,10
13.0508098602,80.2808609009,21957,21967,10
13.0496997833,80.2806777954,21967,21976,9
13.0487098694,80.2805633545,21976,21987,11
13.047419548,80.2803726196,21987,21997,10
13.0463600159,80.2802276611,21997,22008,11
13.0452404022,80.2800674438,22008,22018,10
13.044210434,80.2799377441,22018,22028,10
13.043510437,80.2798309326,22028,22038,10
13.0428600311,80.2796783447,22038,22048,10
13.0419902802,80.2795028687,22048,22058,10
13.0409898758,80.2793121338,22058,22068,10
13.0400600433,80.2790985107,22068,22078,10
13.0391998291,80.2788925171,22078,22088,10
13.038769722,80.2787399292,22088,22098,10
13.0381402969,80.2785491943,22098,22109,11
13.0374202728,80.2783584595,22109,22119,10
13.0368404388,80.2781219482,22119,22129,10
13.0361003876,80.2779083252,22129,22139,10
13.0353498459,80.2777786255,22139,22149,10
13.0344295502,80.2776031494,22149,22158,9
13.0334796906,80.2774200439,22158,22169,11
13.0326900482,80.2775115967,22169,22179,10
13.0315198898,80.2775802612,22179,22189,10
13.0308799744,80.2772598267,22189,22199,10
13.0306596756,80.2770996094,22199,22210,11
13.029999733,80.2768096924,22210,22220,10
13.0292301178,80.2766036987,22220,22230,10
13.0283603668,80.2763137817,22230,22240,10
13.0275096893,80.2759170532,22240,22250,10
13.0267400742,80.2755889893,22250,22260,10
13.0260801315,80.2752990723,22260,22270,10
13.0260400772,80.2752838135,22270,22280,10
13.025759697,80.2751312256,22280,22290,10
13.025179863,80.2748794556,22290,22301,11
13.024430275,80.2744216919,22301,22311,10
13.0239295959,80.2738265991,22311,22321,10
13.0234699249,80.2732009888,22321,22331,10
13.0229196548,80.2724609375,22331,22341,10
13.0222702026,80.2716217041,22341,22351,10
13.0217103958,80.270866394,22351,22361,10
13.0210399628,80.2700805664,22361,22371,10
13.0208997726,80.2699203491,22371,22381,10
13.0206298828,80.2695465088,22381,22391,10
13.0201702118,80.2689666748,22391,22402,11
13.0195798874,80.2682800293,22402,22412,10
13.0190401077,80.2676620483,22412,22422,10
13.0187501907,80.2671966553,22422,22432,10
13.0186300278,80.2665786743,22432,22442,10
13.0186300278,80.2659683228,22442,22452,10
13.018819809,80.2651519775,22452,22462,10
13.0190401077,80.2643203735,22462,22472,10
13.0190000534,80.263633728,22472,22482,10
13.0189304352,80.2631988525,22482,22492,10
13.0188302994,80.2624893188,22492,22503,11
13.0187101364,80.2615966797,22503,22514,11
13.0182600021,80.2610473633,22514,22524,10
13.0176496506,80.2606430054,22524,22534,10
13.016960144,80.2601623535,22534,22545,11
13.0158500671,80.2595367432,22545,22555,10
13.0145797729,80.2593231201,22555,22565,10
13.0134801865,80.2592773438,22565,22575,10
13.0123100281,80.2592315674,22575,22585,10
13.0111398697,80.2592086792,22585,22595,10
13.0099601746,80.2592391968,22595,22606,11
13.0089998245,80.2592010498,22606,22616,10
13.0087203979,80.2592086792,22616,22626,10
13.008190155,80.2592391968,22626,22636,10
13.0075101852,80.2592697144,22636,22646,10
13.0071601868,80.2586212158,22646,22656,10
13.0068597794,80.258140564,22656,22666,10
13.0061197281,80.2575683594,22666,22676,10
13.0052900314,80.2573699951,22676,22686,10
13.0043497086,80.2571411133,22686,22697,11
13.0034704208,80.256942749,22697,22707,10
13.0025196075,80.2567367554,22707,22717,10
13.0018997192,80.2566375732,22717,22727,10
13.0010204315,80.2565002441,22727,22737,10
13.0000801086,80.2563171387,22737,22747,10
12.9992198944,80.2561721802,22747,22757,10
12.9985399246,80.2560882568,22757,22767,10
12.9983997345,80.2560501099,22767,22777,10
12.9981403351,80.2559967041,22777,22787,10
12.9977798462,80.2559280396,22787,22798,11
12.9974498749,80.2559204102,22798,22808,10
12.9969396591,80.2558898926,22808,22818,10
12.9963998795,80.255859375,22818,22828,10
12.9956798553,80.255859375,22828,22838,10
12.9950304031,80.2558898926,22838,22848,10
12.994310379,80.2559661865,22848,22858,10
12.9936304092,80.2560272217,22858,22868,10
12.9927597046,80.2560806274,22868,22878,10
12.9917898178,80.2560882568,22878,22889,11
12.9907598495,80.2560501099,22889,22899,10
12.9898195267,80.2560119629,22899,22908,9
12.988820076,80.2559585571,22908,22919,11
12.987859726,80.2558670044,22919,22929,10
12.9876203537,80.2563400269,22929,22939,10
12.987569809,80.2570571899,22939,22949,10
12.9875001907,80.2580032349,22949,22959,10
12.9874095917,80.2588806152,22959,22969,10
12.9871997833,80.2595825195,22969,22990,21
12.9871997833,80.2595825195,22990,23000,10
12.9870300293,80.2596130371,23000,23010,10
12.9869003296,80.259552002,23010,23020,10
12.986700058,80.2594985962,23020,23030,10
12.9866199493,80.2592315674,23030,24254,1224
12.9870004654,80.2590789795,24254,24294,40
12.9870004654,80.2590789795,24294,24305,11
12.9873695374,80.2590026855,24305,24315,10
12.9874000549,80.2587127686,24315,24325,10
12.9874200821,80.2582321167,24325,24335,10
12.9874696732,80.2577896118,24335,24345,10
12.9875202179,80.2570571899,24345,24355,10
12.9875898361,80.2560272217,24355,24375,20
12.9876403809,80.255859375,24375,24456,81
12.9876403809,80.255859375,24456,24466,10
12.9878396988,80.2557373047,24466,24476,10
12.9882602692,80.2557983398,24476,24486,10
12.9885196686,80.2558288574,24486,24497,11
12.9885396957,80.2558288574,24497,24507,10
12.988940239,80.2559127808,24507,24517,10
12.9894304276,80.2559280396,24517,24527,10
12.9901399612,80.2559661865,24527,24537,10
12.9906597137,80.2559814453,24537,24546,9
12.9914703369,80.2560195923,24546,24557,11
12.9922704697,80.2560195923,24557,24567,10
12.9933900833,80.2559585571,24567,24577,10
12.9943599701,80.255897522,24577,24588,11
12.9954795837,80.255859375,24588,24598,10
12.996629715,80.2558517456,24598,24608,10
12.9973602295,80.2558822632,24608,24618,10
12.9978399277,80.2558898926,24618,24628,10
12.9985904694,80.2559661865,24628,24658,30
12.9985904694,80.2559661865,24658,24668,10
12.9988298416,80.2559890747,24668,24678,10
12.9990997314,80.2560424805,24678,24689,11
12.999420166,80.256111145,24689,24699,10
13.0000600815,80.2562637329,24699,24709,10
13.0007400513,80.2563934326,24709,24719,10
13.0016002655,80.2565231323,24719,24729,10
13.0024204254,80.256652832,24729,24739,10
13.0032196045,80.2568206787,24739,24749,10
13.0038795471,80.256942749,24749,24759,10
13.004940033,80.2570877075,24759,24769,10
13.0057401657,80.2572631836,24769,24779,10
13.0066099167,80.2574386597,24779,24790,11
13.007109642,80.2581863403,24790,24799,9
13.0076198578,80.2586364746,24799,24810,11
13.0082397461,80.2588729858,24810,24820,10
13.008649826,80.2589797974,24820,24830,10
13.0091600418,80.2590408325,24830,24840,10
13.0098495483,80.2590408325,24840,24850,10
13.0110197067,80.2590332031,24850,24860,10
13.0119400024,80.2590408325,24860,24870,10
13.0129699707,80.2590866089,24870,24881,11
13.0142002106,80.2591400146,24881,24891,10
13.0152101517,80.2592010498,24891,24901,10
13.0161304474,80.2594833374,24901,24911,10
13.0166597366,80.2598724365,24911,24921,10
13.0173101425,80.2603302002,24921,24931,10
13.0180196762,80.2608032227,24931,24941,10
13.0187797546,80.2613601685,24941,24951,10
13.0195398331,80.2620697021,24951,24961,10
13.0201997757,80.2627182007,24961,24971,10
13.0200395584,80.2630004883,24971,24982,11
13.0193195343,80.2629623413,24982,24992,10
13.0190401077,80.2632598877,24992,25002,10
13.0191402435,80.2639389038,25002,25012,10
13.0190401077,80.2647705078,25012,25022,10
13.0188903809,80.265296936,25022,25032,10
13.0187597275,80.2658691406,25032,25042,10
13.0187397003,80.2666625977,25042,25052,10
13.0190401077,80.2674636841,25052,25062,10
13.0196304321,80.2682037354,25062,25072,10
13.0202102661,80.2690734863,25072,25083,11
13.0209102631,80.269859314,25083,25093,10
13.0215301514,80.2705764771,25093,25103,10
13.0221996307,80.2714309692,25103,25113,10
13.0228595734,80.2722702026,25113,25123,10
13.0234804153,80.273109436,25123,25133,10
13.0239696503,80.2737808228,25133,25143,10
13.0244598389,80.2744216919,25143,25154,11
13.0251197815,80.274810791,25154,25164,10
13.0254001617,80.2749099731,25164,25175,11
13.0257396698,80.2750930786,25175,25185,10
13.0263700485,80.2753601074,25185,25195,10
13.027009964,80.275718689,25195,25205,10
13.0275201797,80.2760391235,25205,25215,10
13.0282897949,80.2762527466,25215,25225,10
13.0286998749,80.2764129639,25225,25235,10
13.0292701721,80.2766113281,25235,25245,10
13.0299196243,80.2767715454,25245,25255,10
13.0304498672,80.2770309448,25255,25265,10
13.0310497284,80.2774505615,25265,25276,11
13.0318202972,80.2775268555,25276,25286,10
13.0326795578,80.2774810791,25286,25296,10
13.0335197449,80.27734375,25296,25306,10
13.0343399048,80.2775421143,25306,25316,10
13.0351495743,80.2777023315,25316,25326,10
13.0358104706,80.2778701782,25326,25336,10
13.0366802216,80.278137207,25336,25346,10
13.0375299454,80.2783584595,25346,25356,10
13.0384302139,80.2785720825,25356,25366,10
13.0388298035,80.2786636353,25366,25377,11
13.0392198563,80.2787780762,25377,25387,10
13.0398197174,80.2789611816,25387,25397,10
13.0406503677,80.2791824341,25397,25407,10
13.0416202545,80.2793807983,25407,25417,10
13.0426702499,80.2795028687,25417,25427,10
13.0431003571,80.2795333862,25427,25437,10
13.043129921,80.2795410156,25437,25447,10
13.0431995392,80.2795562744,25447,25457,10
13.0436096191,80.2796936035,25457,25467,10
13.0443401337,80.2798690796,25467,25478,11
13.0454101563,80.2800292969,25478,25488,10
13.0457401276,80.2800674438,25488,25498,10
13.0459604263,80.2800979614,25498,25508,10
13.0466604233,80.2802200317,25508,25518,10
13.0475196838,80.2803268433,25518,25528,10
13.0485296249,80.2804870605,25528,25538,10
13.0495796204,80.2806396484,25538,25548,10
13.0505304337,80.2807922363,25548,25558,10
13.0506801605,80.2808074951,25558,25569,11
13.0511102676,80.2808685303,25569,25579,10
13.0518198013,80.2809829712,25579,25589,10
13.0527496338,80.2811203003,25589,25599,10
13.0538396835,80.2813034058,25599,25609,10
13.054980278,80.2815170288,25609,25619,10
13.0560703278,80.2817306519,25619,25629,10
13.0570001602,80.2819213867,25629,25639,10
13.0575399399,80.2819213867,25639,25649,10
13.0575895309,80.2814407349,25649,25659,10
13.0576696396,80.2806777954,25659,25670,11
13.0577697754,80.2798233032,25670,25680,10
13.0578899384,80.2791290283,25680,25690,10
13.0580196381,80.2786102295,25690,25700,10
13.0580301285,80.278213501,25700,25710,10
13.0580596924,80.2779769897,25710,25720,10
13.0581197739,80.2774963379,25720,25730,10
13.0584802628,80.2772979736,25730,25740,10
13.0589799881,80.2773895264,25740,25750,10
13.0594701767,80.2775497437,25750,25760,10
13.0600500107,80.2776565552,25760,25771,11
13.060839653,80.2777709961,25771,25781,10
13.0614299774,80.2778778076,25781,25791,10
13.0616798401,80.2779769897,25791,25801,10
13.0621595383,80.2780303955,25801,25811,10
13.0628700256,80.278137207,25811,25821,10
13.0636396408,80.2782592773,25821,25831,10
13.0639200211,80.2782669067,25831,25841,10
13.0643100739,80.2782897949,25841,25851,10
13.0648202896,80.2781524658,25851,25861,10
13.0651798248,80.2774505615,25861,25872,11
13.0656299591,80.2765197754,25872,25882,10
13.0660104752,80.2755203247,25882,25892,10
13.0663404465,80.2746963501,25892,25902,10
13.066619873,80.2739562988,25902,25912,10
13.067029953,80.2733535767,25912,25922,10
13.0677404404,80.2724609375,25922,25932,10
13.068189621,80.2718963623,25932,25942,10
13.0682296753,80.2715072632,25942,25952,10
13.0678300858,80.2710037231,25952,25963,11
13.067150116,80.2703094482,25963,25973,10
13.066619873,80.2696762085,25973,25983,10
13.0664997101,80.2688674927,25983,25993,10
13.0666704178,80.2684020996,25993,26003,10
13.0670404434,80.2685623169,26003,26013,10
13.0672998428,80.2687835693,26013,26023,10
13.0678195953,80.2691268921,26023,26032,9
13.0683202744,80.2692565918,26032,26043,11
13.0684499741,80.268737793,26043,26053,10
13.0686903,80.2680435181,26053,26064,11
13.0690803528,80.2671737671,26064,26074,10
13.0696601868,80.2665481567,26074,26084,10
13.0702199936,80.2659072876,26084,26094,10
13.0707798004,80.2653198242,26094,26104,10
13.0713195801,80.2648468018,26104,26114,10
13.0719003677,80.2642974854,26114,26124,10
13.0722198486,80.2637023926,26124,26134,10
13.0725297928,80.2629623413,26134,26144,10
13.0727396011,80.2624206543,26144,26154,10
13.0728998184,80.2619018555,26154,26165,11
13.0730304718,80.2614593506,26165,26175,10
13.0733203888,80.2611923218,26175,26185,10
13.0737400055,80.2616195679,26185,26195,10
13.0742197037,80.26222229,26195,26205,10
13.074640274,80.2627105713,26205,26215,10
13.0750799179,80.2632980347,26215,26225,10
13.0754499435,80.2638168335,26225,26235,10
13.0758800507,80.264251709,26235,26245,10
13.0763902664,80.2641906738,26245,26256,11
13.0770597458,80.2640991211,26256,26266,10
13.0776100159,80.2638397217,26266,26276,10
13.0780200958,80.2634887695,26276,26286,10
13.0779600143,80.2629470825,26286,26296,10
13.0777597427,80.2623825073,26296,26306,10
13.0775699615,80.2617034912,26306,26336,30
13.0775003433,80.2613601685,26336,26357,21
13.0773801804,80.261100769,26357,26458,101
13.0772104263,80.2607727051,26458,26489,31
13.0772104263,80.2607727051,26489,26499,10
13.0771198273,80.2606201172,26499,26509,10
13.0769395828,80.2604217529,26509,26539,30
13.0769395828,80.2604217529,26539,26550,11
13.0764398575,80.260017395,26550,26560,10
13.0759296417,80.2596130371,26560,26570,10
13.0756101608,80.2589874268,26570,26580,10
13.0755796432,80.2588577271,26580,26590,10
13.0755195618,80.2586364746,26590,26600,10
13.0754499435,80.2583312988,26600,26610,10
13.0757102966,80.2579879761,26610,26620,10
13.0761203766,80.2576599121,26620,26630,10
13.0765199661,80.2572631836,26630,26641,11
13.0770797729,80.2568817139,26641,26651,10
13.0777196884,80.2566833496,26651,26661,10
13.0784597397,80.2566070557,26661,26671,10
13.0789499283,80.2565307617,26671,26681,10
13.0790700912,80.2562866211,26681,26691,10
13.0790195465,80.2557678223,26691,26701,10
13.0789299011,80.2552108765,26701,26721,20
13.0789299011,80.2550964355,26721,26742,21
13.0789299011,80.2550964355,26742,26752,10
13.0789699554,80.2549209595,26752,26762,10
13.0789804459,80.2546463013,26762,26772,10
13.0795402527,80.2545471191,26772,26782,10
13.0798196793,80.2546005249,26782,26792,10
13.0801200867,80.2546386719,26792,26802,10
13.0806303024,80.254737854,26802,26812,10
13.0813503265,80.2547988892,26812,26822,10
13.081700325,80.2545394897,26822,26832,10
13.081870079,80.253868103,26832,26843,11
13.0819301605,80.2530517578,26843,26853,10
13.081580162,80.2524719238,26853,26863,10
13.0814399719,80.2518386841,26863,26873,10
13.0813798904,80.2506027222,26873,26883,10
13.0813798904,80.2506027222,26883,26893,10
13.0813398361,80.2500076294,26893,26903,10
13.0815401077,80.2496414185,26903,26913,10
13.0821695328,80.249710083,26913,26923,10
13.0829801559,80.2498397827,26923,26934,11
13.0838899612,80.250038147,26934,26944,10
13.0846595764,80.250213623,26944,26954,10
13.0849599838,80.2502212524,26954,26964,10
13.084980011,80.2502212524,26964,26974,10
13.0852899551,80.25025177,26974,26984,10
13.0858402252,80.250328064,26984,26994,10
13.085940361,80.2500610352,26994,27004,10
13.0858898163,80.2494506836,27004,27014,10
13.0858602524,80.248588562,27014,27024,10
13.0858001709,80.2476730347,27024,27035,11
13.0857200623,80.2467422485,27035,27045,10
13.085650444,80.2457809448,27045,27055,10
13.0856399536,80.2454605103,27055,27065,10
13.0856304169,80.2454071045,27065,27075,10
13.0857601166,80.2450790405,27075,27085,10
13.0861997604,80.2447433472,27085,27094,9
13.0867595673,80.2443008423,27094,27105,11
13.0873298645,80.2438278198,27105,27115,10
13.0877399445,80.2433166504,27115,27125,10
13.0878801346,80.2427597046,27125,27136,11
13.0881595612,80.2420501709,27136,27146,10
13.0887498856,80.2416305542,27146,27156,10
13.0894002914,80.2411804199,27156,27166,10
13.0901403427,80.2408828735,27166,27176,10
13.0908603668,80.2408218384,27176,27186,10
13.0916004181,80.2408599854,27186,27196,10
13.0922803879,80.2409286499,27196,27206,10
13.0930500031,80.2409667969,27206,27216,10
13.0937900543,80.2410888672,27216,27226,10
13.0944595337,80.2412033081,27226,27237,11
13.095199585,80.2414016724,27237,27247,10
13.0958795547,80.2416229248,27247,27257,10
13.0963401794,80.2417831421,27257,27267,10
13.0971002579,80.2420425415,27267,27277,10
13.0974502563,80.2419586182,27277,27287,10
13.0975599289,80.2413787842,27287,27297,10
13.0976200104,80.2407073975,27297,27307,10
13.097700119,80.2400283813,27307,27317,10
13.0977401733,80.2393417358,27317,27328,11
13.097820282,80.2386322021,27328,27338,10
13.097869873,80.2382736206,27338,27348,10
13.0979499817,80.2378234863,27348,27358,10
13.0980796814,80.2371520996,27358,27368,10
13.0982198715,80.2363204956,27368,27378,10
13.0983600616,80.2355270386,27378,27388,10
13.0984802246,80.2347106934,27388,27398,10
13.0985498428,80.2339706421,27398,27408,10
13.0986299515,80.2332229614,27408,27418,10
13.0986995697,80.2326507568,27418,27429,11
13.0989303589,80.2319030762,27429,27439,10
13.0992698669,80.2311401367,27439,27449,10
13.0995597839,80.2303771973,27449,27459,10
13.0996999741,80.2297515869,27459,27469,10
13.0997104645,80.2296981812,27469,27479,10
13.0998001099,80.2293014526,27479,27489,10
13.0999002457,80.2286376953,27489,27499,10
13.1000003815,80.2278900146,27499,27509,10
13.0999898911,80.2269592285,27509,27519,10
13.0999202728,80.2260437012,27519,27530,11
13.0998401642,80.2252578735,27530,27540,10
13.0997104645,80.224609375,27540,27550,10
13.099439621,80.2238464355,27550,27560,10
13.0992603302,80.2236175537,27560,27570,10
13.0990600586,80.2233734131,27570,27580,10
13.098859787,80.2231063843,27580,27590,10
13.098739624,80.2226791382,27590,27600,10
13.0987501144,80.2219619751,27600,27610,10
13.0988798141,80.2210617065,27610,27622,12
13.0990400314,80.2200317383,27622,27632,10
13.0991697311,80.2193374634,27632,27642,10
13.0992298126,80.2188186646,27642,27652,10
13.0993404388,80.2180786133,27652,27662,10
13.09953022,80.2172088623,27662,27672,10
13.0998401642,80.2163009644,27672,27685,13
13.1002101898,80.2154312134,27685,27696,11
13.1005401611,80.2146911621,27696,27706,10
13.1007699966,80.2141876221,27706,27716,10
13.1010198593,80.2135620117,27716,27727,11
13.1013002396,80.2128601074,27727,27737,10
13.1015195847,80.2122573853,27737,27747,10
13.1017599106,80.2116317749,27747,27757,10
13.1020698547,80.2107391357,27757,27767,10
13.1023302078,80.2099990845,27767,27777,10
13.1026000977,80.2091598511,27777,27787,10
13.1027402878,80.208732605,27787,27797,10
13.1027803421,80.2086029053,27797,27807,10
13.1028795242,80.2082901001,27807,27817,10
13.1030797958,80.2077789307,27817,27828,11
13.1033401489,80.2071228027,27828,27838,10
13.1036195755,80.2064437866,27838,27848,10
13.1037797928,80.2057723999,27848,27858,10
13.1038198471,80.2050323486,27858,27868,10
13.1037998199,80.2043533325,27868,27878,10
13.1037597656,80.2036895752,27878,27888,10
13.1035404205,80.2032394409,27888,27898,10
13.1035604477,80.2025985718,27898,27908,10
13.1034603119,80.2018890381,27908,27919,11
13.1034402847,80.2016830444,27919,27929,10
13.1034097672,80.2015380859,27929,27939,10
13.1033401489,80.2010192871,27939,27949,10
13.1032896042,80.200378418,27949,27959,10
13.1031999588,80.1994628906,27959,27969,10
13.1031703949,80.1991119385,27969,27979,10
13.1030197144,80.198348999,27979,27989,10
13.1028604507,80.1976623535,27989,27999,10
13.1026496887,80.1970214844,27999,28009,10
13.1024303436,80.1963577271,28009,28020,11
13.1021995544,80.1956634521,28020,28030,10
13.1019496918,80.1949386597,28030,28040,10
13.1017999649,80.1946563721,28040,28050,10
13.1015396118,80.1943206787,28050,28060,10
13.1017599106,80.1937484741,28060,28070,10
13.101770401,80.1928405762,28070,28079,9
13.1015996933,80.1917800903,28079,28090,11
13.1013498306,80.1905670166,28090,28101,11
13.1011104584,80.1900100708,28101,28112,11
13.1009902954,80.1896972656,28112,28122,10
13.1006603241,80.1891021729,28122,28132,10
13.1003198624,80.1884613037,28132,28142,10
13.1000299454,80.1877593994,28142,28152,10
13.0998001099,80.1870117188,28152,28162,10
13.0996398926,80.1860427856,28162,28172,10
13.0994596481,80.1852493286,28172,28182,10
13.0992803574,80.1845397949,28182,28192,10
13.0989398956,80.1835403442,28192,28202,10
13.0986604691,80.1826019287,28202,28213,11
13.0984601974,80.1817779541,28213,28223,10
13.0984401703,80.181640625,28223,28233,10
13.0983104706,80.1811676025,28233,28243,10
13.0981502533,80.1805419922,28243,28253,10
13.0979700089,80.1797332764,28253,28263,10
13.0978603363,80.1788482666,28263,28273,10
13.0978603363,80.1780166626,28273,28283,10
13.0979204178,80.1771621704,28283,28293,10
13.0980997086,80.176322937,28293,28304,11
13.09815979,80.1753463745,28304,28314,10
13.0983495712,80.174407959,28314,28324,10
13.0987300873,80.1734390259,28324,28333,9
13.0990800858,80.1725769043,28333,28344,11
13.0994300842,80.1715774536,28344,28354,10
13.0996904373,80.1706008911,28354,28364,10
13.0997495651,80.1699829102,28364,28374,10
13.0995798111,80.169670105,28374,28465,91
13.0994997025,80.1698989868,28465,28566,101
13.099360466,80.1699295044,28566,28688,122
13.099439621,80.1700820923,28688,28728,40
13.0993795395,80.169960022,28728,29031,303
13.0993499756,80.1701583862,29031,29335,304
13.0993499756,80.1701583862,29335,29345,10
13.0994501114,80.1702194214,29345,29355,10
13.0997200012,80.1701812744,29355,29364,9
13.099729538,80.1701812744,29364,29375,11
13.0998296738,80.1703414917,29375,29385,10
13.0998001099,80.1704330444,29385,29395,10
13.099729538,80.1707229614,29395,29405,10
13.0996599197,80.1710281372,29405,29415,10
13.0996103287,80.1711807251,29415,29426,11
13.099439621,80.1717376709,29426,29436,10
13.0991802216,80.1724624634,29436,29446,10
13.0988998413,80.1732177734,29446,29456,10
13.0985803604,80.1740036011,29456,29466,10
13.0982904434,80.1748504639,29466,29476,10
13.0981702805,80.1756591797,29476,29486,10
13.0980997086,80.1763763428,29486,29496,10
13.0979404449,80.1771087646,29496,29506,10
13.097869873,80.1780090332,29506,29516,10
13.0978298187,80.1789169312,29516,29527,11
13.0980100632,80.1798706055,29527,29537,10
13.0981998444,80.180557251,29537,29547,10
13.0983104706,80.1809463501,29547,29557,10
13.0983200073,80.1809997559,29557,29567,10
13.0984096527,80.1813812256,29567,29577,10
13.0985498428,80.1820220947,29577,29587,10
13.0986995697,80.1827163696,29587,29597,10
13.0989198685,80.1834793091,29597,29607,10
13.0991601944,80.1841888428,29607,29617,10
13.0993995667,80.1850280762,29617,29628,11
13.0996198654,80.1859436035,29628,29638,10
13.0998401642,80.1867904663,29638,29648,10
13.1000003815,80.1874465942,29648,29658,10
13.100279808,80.1882095337,29658,29668,10
13.1006498337,80.1889419556,29668,29678,10
13.1013097763,80.1896972656,29678,29698,20
13.1013097763,80.1896972656,29698,29708,10
13.101360321,80.1898193359,29708,29719,11
13.1014699936,80.1904067993,29719,29729,10
13.1016197205,80.1911468506,29729,29739,10
13.1017398834,80.1918716431,29739,29749,10
13.101849556,80.1925201416,29749,29759,10
13.101940155,80.1930923462,29759,29769,10
13.1020698547,80.1937637329,29769,29779,10
13.1022195816,80.1943969727,29779,29789,10
13.1020698547,80.1949615479,29789,29799,10
13.1023702621,80.1959381104,29799,29809,10
13.1027698517,80.1971588135,29809,29820,11
13.103099823,80.1984176636,29820,29830,10
13.1032104492,80.1991119385,29830,29840,10
13.1032896042,80.1996688843,29840,29850,10
13.10338974,80.2004470825,29850,29860,10
13.1034898758,80.2012710571,29860,29870,10
13.1035804749,80.2020797729,29870,29880,10
13.1036701202,80.2027511597,29880,29890,10
13.103679657,80.2029190063,29890,29900,10
13.1037302017,80.2034072876,29900,29910,10
13.1038303375,80.2040786743,29910,29921,11
13.1038599014,80.2048797607,29921,29931,10
13.1038799286,80.2057418823,29931,29941,10
13.1036901474,80.2065429688,29941,29951,10
13.1033802032,80.2071914673,29951,29961,10
13.1031599045,80.2077407837,29961,29971,10
13.1030502319,80.2080383301,29971,29981,10
13.1028995514,80.2085113525,29981,29991,10
13.1027202606,80.2090835571,29991,30001,10
13.1026201248,80.2093582153,30001,30011,10
13.1024999619,80.2097320557,30011,30022,11
13.1022195816,80.2104492188,30022,30032,10
13.1019802094,80.2112121582,30032,30042,10
13.1017599106,80.2118682861,30042,30052,10
13.1014499664,80.2126617432,30052,30062,10
13.1012496948,80.213180542,30062,30072,10
13.1010799408,80.2135620117,30072,30082,10
13.1008501053,80.2141571045,30082,30092,10
13.1006298065,80.2147369385,30092,30102,10
13.1000299454,80.2161102295,30102,30113,11
13.1000299454,80.2161102295,30113,30123,10
13.0996198654,80.2172470093,30123,30133,10
13.0994501114,80.2182235718,30133,30143,10
13.0993204117,80.2191619873,30143,30153,10
13.0992603302,80.2195205688,30153,30163,10
13.099149704,80.2201385498,30163,30173,10
13.0990104675,80.2208862305,30173,30183,10
13.0988397598,80.2218170166,30183,30193,10
13.0988302231,80.2228088379,30193,30203,10
13.0993995667,80.2236785889,30203,30214,11
13.0998497009,80.2247924805,30214,30224,10
13.0999803543,80.2255401611,30224,30233,9
13.0999898911,80.2256393433,30233,30244,11
13.1000204086,80.2258987427,30244,30253,9
13.1000995636,80.2265090942,30253,30264,11
13.1001195908,80.2272720337,30264,30274,10
13.1000795364,80.2279205322,30274,30284,10
13.0999603271,80.2287216187,30284,30294,10
13.0998601913,80.2293167114,30294,30304,10
13.0995798111,80.2304992676,30304,30325,21
13.0995798111,80.2304992676,30325,30335,10
13.0994701385,80.2308425903,30335,30345,10
13.0992097855,80.2313919067,30345,30355,10
13.0989999771,80.231880188,30355,30365,10
13.0988101959,80.2324981689,30365,30375,10
13.0987300873,80.2329788208,30375,30385,10
13.0986099243,80.233757019,30385,30395,10
13.0985803604,80.2341918945,30395,30406,11
13.0985803604,80.2341995239,30406,30416,10
13.09856987,80.2343826294,30416,30426,10
13.0985202789,80.2348022461,30426,30436,10
13.0984096527,80.2354278564,30436,30446,10
13.0983200073,80.2360229492,30446,30456,10
13.0981903076,80.2368087769,30456,30466,10
13.0980901718,80.2373962402,30466,30476,10
13.0979299545,80.2381591797,30476,30486,10
13.0978097916,80.2389984131,30486,30496,10
13.0977497101,80.2398834229,30496,30517,21
13.0977497101,80.2398834229,30517,30527,10
13.0977401733,80.2399368286,30527,30537,10
13.097700119,80.2403869629,30537,30547,10
13.0976200104,80.2410736084,30547,30557,10
13.0975103378,80.2419281006,30557,30567,10
13.0972795486,80.2421417236,30567,30577,10
13.0972700119,80.2421417236,30577,30587,10
13.0969200134,80.2419891357,30587,30597,10
13.0962896347,80.2417831421,30597,30608,11
13.0955495834,80.2415390015,30608,30618,10
13.0950202942,80.2413711548,30618,30628,10
13.0945396423,80.2412719727,30628,30638,10
13.0936603546,80.2410964966,30638,30658,20
13.0936603546,80.2410964966,30658,30668,10
13.0933504105,80.2410430908,30668,30678,10
13.0927801132,80.2409362793,30678,30688,10
13.0921897888,80.2409286499,30688,30698,10
13.0915603638,80.2408981323,30698,30709,11
13.0906896591,80.2408828735,30709,30719,10
13.0899600983,80.2409667969,30719,30729,10
13.0893201828,80.241317749,30729,30737,8
13.0888299942,80.2416687012,30737,30749,12
13.0881004333,80.2422790527,30749,30759,10
13.0879001617,80.2430267334,30759,30769,10
13.0878295898,80.2433013916,30769,30780,11
13.0876197815,80.243637085,30780,30790,10
13.0874004364,80.2438583374,30790,30801,11
13.0869197845,80.2442703247,30801,30811,10
13.0863599777,80.2447433472,30811,30821,10
13.0858001709,80.2451324463,30821,30831,10
13.0856599808,80.2455596924,30831,30841,10
13.0857095718,80.2463531494,30841,30851,10
13.0857400894,80.2468566895,30851,30861,10
13.0857200623,80.2470397949,30861,30871,10
13.0857601166,80.2476119995,30871,30881,10
13.0858001709,80.2483596802,30881,30891,10
13.0858802795,80.2492828369,30891,30901,10
13.085940361,80.25025177,30901,30912,11
13.0858097076,80.250869751,30912,30922,10
13.0857095718,80.2516174316,30922,30932,10
13.0856599808,80.2519226074,30932,30942,10
13.0856199265,80.2520217896,30942,30952,10
13.0855703354,80.2524719238,30952,30962,10
13.0855398178,80.253112793,30962,30972,10
13.0855302811,80.2537384033,30972,30982,10
13.0855998993,80.2543563843,30982,30992,10
13.0854701996,80.2547073364,30992,31003,11
13.0850000381,80.2546920776,31003,31013,10
13.0844697952,80.2545776367,31013,31022,9
13.0840101242,80.2545089722,31022,31033,11
13.0838603973,80.2545394897,31033,31043,10
13.0835399628,80.2545166016,31043,31053,10
13.082909584,80.254447937,31053,31063,10
13.0824403763,80.2544631958,31063,31073,10
13.081990242,80.2546234131,31073,31083,10
13.0814504623,80.2548370361,31083,31094,11
13.0809001923,80.2548522949,31094,31104,10
13.0803403854,80.2547531128,31104,31114,10
13.0796403885,80.2545776367,31114,31124,10
13.0791501999,80.2547225952,31124,31134,10
13.0790700912,80.255241394,31134,31144,10
13.0791101456,80.2559967041,31144,31154,10
13.0790395737,80.2566680908,31154,31164,10
13.0784902573,80.2566680908,31164,31174,10
13.0779895782,80.2566986084,31174,31184,10
13.0775203705,80.2567596436,31184,31195,11
13.0768098831,80.2570724487,31195,31205,10
13.0761604309,80.2576828003,31205,31215,10
13.0756397247,80.2581787109,31215,31225,10
13.0755300522,80.2585296631,31225,31235,10
13.0756797791,80.2591323853,31235,31245,10
13.0761499405,80.2597122192,31245,31255,10
13.0767202377,80.2601928711,31255,31265,10
13.0769395828,80.2603988647,31265,31275,10
13.0771198273,80.2606430054,31275,31285,10
13.077340126,80.2610321045,31285,31296,11
13.077580452,80.2616500854,31296,31306,10
13.0777797699,80.2620620728,31306,31437,131
13.077870369,80.2622909546,31437,31487,50
13.077870369,80.2622909546,31487,31498,11
13.0779304504,80.2627410889,31498,31508,10
13.0781297684,80.2631835938,31508,31518,10
13.0781602859,80.2634887695,31518,31528,10
13.0777997971,80.2637176514,31528,31538,10
13.0772304535,80.2640686035,31538,31548,10
13.0764398575,80.2642288208,31548,31558,10
13.0758199692,80.2642288208,31558,31568,10
13.0755395889,80.2640380859,31568,31578,10
13.0752401352,80.2636184692,31578,31588,10
13.0748701096,80.263168335,31588,31599,11
13.0743398666,80.262550354,31599,31609,10
13.0738697052,80.261932373,31609,31619,10
13.0737400055,80.26171875,31619,31629,10
13.0735301971,80.2614822388,31629,31639,10
13.0731201172,80.2615737915,31639,31648,9
13.0728902817,80.2621765137,31648,31659,11
13.0726203918,80.2629394531,31659,31669,10
13.0724201202,80.2634811401,31669,31679,10
13.0720596313,80.2640991211,31679,31689,10
13.0716199875,80.2645568848,31689,31700,11
13.0714998245,80.2647094727,31700,31710,10
13.0714197159,80.2647628784,31710,31720,10
13.0711097717,80.265083313,31720,31730,10
13.0706996918,80.2655029297,31730,31740,10
13.0702199936,80.2659988403,31740,31750,10
13.0697097778,80.2665100098,31750,31760,10
13.0691604614,80.2670822144,31760,31770,10
13.0688400269,80.2677383423,31770,31780,10
13.0685997009,80.2684173584,31780,31790,10
13.0684204102,80.2689971924,31790,31801,11
13.06828022,80.2696762085,31801,31811,10
13.0682001114,80.2703781128,31811,31821,10
13.0681495667,80.2711334229,31821,31831,10
13.0684204102,80.2717437744,31831,31841,10
13.0682201385,80.2721405029,31841,31851,10
13.0677900314,80.2725524902,31851,31861,10
13.0675697327,80.272819519,31861,31871,10
13.0675296783,80.272857666,31871,31881,10
13.0672397614,80.2732086182,31881,31892,11
13.0668096542,80.2738037109,31892,31902,10
13.0664901733,80.2745132446,31902,31912,10
13.0661802292,80.275352478,31912,31922,10
13.0658397675,80.2762908936,31922,31932,10
13.0654296875,80.2772216797,31932,31942,10
13.0648803711,80.2783966064,31942,31962,20
13.0648803711,80.2783966064,31962,31972,10
13.0647697449,80.2786636353,31972,31982,10
13.0646295547,80.2792434692,31982,31993,11
13.0643901825,80.2800827026,31993,32003,10
13.0644197464,80.2809524536,32003,32013,10
13.0644598007,80.2817611694,32013,32023,10
13.0643701553,80.2825775146,32023,32033,10
13.0642795563,80.2830429077,32033,32043,10
13.0642700195,80.2830429077,32043,32053,10
13.0642404556,80.283203125,32053,32063,10
13.0641403198,80.2834625244,32063,32073,10
13.0635995865,80.2833709717,32073,32083,10
13.0628700256,80.2832107544,32083,32094,11
13.0618896484,80.2829818726,32094,32104,10
13.0608997345,80.2827529907,32104,32114,10
13.0598602295,80.2825393677,32114,32124,10
13.0587997437,80.2823181152,32124,32134,10
13.0580596924,80.2821578979,32134,32147,13
13.0579500198,80.2821578979,32147,32157,10
13.0579099655,80.2821426392,32157,32166,9
13.0575799942,80.2820587158,32166,32177,11
13.0570201874,80.2819595337,32177,32187,10
13.0567903519,80.2819213867,32187,32198,11
13.0565500259,80.281867981,32198,32208,10
13.0559301376,80.28175354,32208,32218,10
13.0552101135,80.2816009521,32218,32228,10
13.0542497635,80.2813796997,32228,32238,10
13.0532503128,80.2811965942,32238,32248,10
13.0521602631,80.2810592651,32248,32258,10
13.0511798859,80.2809066772,32258,32268,10
13.0502796173,80.2807769775,32268,32278,10
13.0493402481,80.2806625366,32278,32288,10
13.0485200882,80.2805480957,32288,32299,11
13.0470600128,80.2803192139,32299,32309,10
13.0460700989,80.2801818848,32309,32319,10
13.0450000763,80.2800369263,32319,32329,10
13.0439796448,80.2798995972,32329,32339,10
13.0432100296,80.2797698975,32339,32348,9
13.0424604416,80.2795791626,32348,32359,11
13.0415496826,80.2794189453,32359,32369,10
13.0402898788,80.2791519165,32369,32379,10
13.039560318,80.2789611816,32379,32389,10
13.0392303467,80.2788925171,32389,32400,11
13.0390996933,80.2788772583,32400,32410,10
13.0388898849,80.2788009644,32410,32420,10
13.0383796692,80.2786102295,32420,32430,10
13.037730217,80.2783966064,32430,32440,10
13.0371999741,80.2782211304,32440,32450,10
13.0365800858,80.2779769897,32450,32460,10
13.0360002518,80.2778320313,32460,32470,10
13.035369873,80.2777328491,32470,32480,10
13.0345897675,80.277633667,32480,32490,10
13.0340595245,80.2774810791,32490,32501,11
13.0339202881,80.2774429321,32501,32511,10
13.0336503983,80.2773666382,32511,32521,10
13.0332202911,80.2774734497,32521,32531,10
13.0327301025,80.2775192261,32531,32541,10
13.0322799683,80.2775421143,32541,32551,10
13.0316801071,80.277557373,32551,32561,10
13.0310401917,80.2773284912,32561,32571,10
13.0306596756,80.2771377563,32571,32581,10
13.029999733,80.276802063,32581,32591,10
13.0293397903,80.2766113281,32591,32602,11
13.0285396576,80.2763366699,32602,32612,10
13.0278501511,80.2760696411,32612,32622,10
13.0270004272,80.2756271362,32622,32632,10
13.0262403488,80.2752914429,32632,32642,10
13.0260295868,80.2751998901,32642,32652,10
13.0259199142,80.275177002,32652,32662,10
13.025639534,80.2750701904,32662,32672,10
13.0250902176,80.2748336792,32672,32682,10
13.0244503021,80.2744522095,32682,32693,11
13.0242795944,80.2742614746,32693,32703,10
13.0241699219,80.2741470337,32703,32713,10
13.0238704681,80.2737426758,32713,32723,10
13.0234603882,80.2732009888,32723,32733,10
13.0230302811,80.2725906372,32733,32742,9
13.0224504471,80.2718429565,32742,32753,11
13.0217103958,80.2708816528,32753,32763,10
13.0210800171,80.2702026367,32763,32772,9
13.0206003189,80.2694778442,32772,32783,11
13.0200996399,80.2688064575,32783,32794,11
13.019200325,80.2677688599,32794,32804,10
13.018699646,80.2668914795,32804,32814,10
13.0186100006,80.2660293579,32814,32824,10
13.018699646,80.2654571533,32824,32834,10
13.0189304352,80.2646865845,32834,32844,10
13.0190000534,80.2638092041,32844,32854,10
13.0189399719,80.2633666992,32854,32864,10
13.0188598633,80.2627792358,32864,32875,11
13.0187997818,80.2620391846,32875,32885,10
13.0186300278,80.2613372803,32885,32896,11
13.0179901123,80.2608184814,32896,32906,10
13.0172796249,80.2603378296,32906,32916,10
13.0165500641,80.2598800659,32916,32926,10
13.0160198212,80.2595672607,32926,32936,10
13.0153198242,80.2593688965,32936,32946,10
13.0145397186,80.2593002319,32946,32956,10
13.0136604309,80.2593002319,32956,32966,10
13.0126800537,80.259262085,32966,32976,10
13.0117101669,80.2592315674,32976,32986,10
13.0108003616,80.2592163086,32986,32997,11
13.0096797943,80.2592468262,32997,33007,10
13.0089902878,80.2592468262,33007,33017,10
13.0086898804,80.2592086792,33017,33027,10
13.0082702637,80.2592391968,33027,33037,10
13.0076704025,80.2593383789,33037,33047,10
13.0071496964,80.2585601807,33047,33067,20
13.0071496964,80.2585601807,33067,33077,10
13.0069999695,80.2582473755,33077,33087,10
13.0066404343,80.2577819824,33087,33098,11
13.0061197281,80.257522583,33098,33108,10
13.0057096481,80.2573623657,33108,33118,10
13.0050697327,80.2572174072,33118,33128,10
13.0042600632,80.2570877075,33128,33138,10
13.003490448,80.2569503784,33138,33148,10
13.0026702881,80.2567977905,33148,33158,10
13.0018196106,80.2566299438,33158,33178,20
13.0018196106,80.2566299438,33178,33188,10
13.0016803741,80.2565612793,33188,33199,11
13.0010995865,80.2565002441,33199,33209,10
13.00041008,80.2564468384,33209,33219,10
12.9997301102,80.2563323975,33219,33229,10
12.9992704391,80.2562484741,33229,33239,10
12.9986696243,80.2561569214,33239,33249,10
12.9985704422,80.2561264038,33249,33259,10
12.9983997345,80.2560501099,33259,33269,10
12.9982204437,80.2560119629,33269,33279,10
12.9978904724,80.2559890747,33279,33289,10
12.9972200394,80.2560119629,33289,33310,21
12.9972200394,80.2560119629,33310,33320,10
12.9969701767,80.2560806274,33320,33340,20
12.9969701767,80.2560806274,33340,33350,10
12.996720314,80.2560119629,33350,33360,10
12.9963302612,80.2559814453,33360,33370,10
12.9956798553,80.2559509277,33370,33380,10
12.9949598312,80.2559661865,33380,33390,10
12.9940900803,80.2560424805,33390,33401,11
12.9930400848,80.256111145,33401,33411,10
12.9920501709,80.2561264038,33411,33421,10
12.9912004471,80.2561798096,33421,33431,10
12.9906597137,80.2560806274,33431,33441,10
12.9902200699,80.2560806274,33441,33451,10
12.9894695282,80.2560577393,33451,33461,10
12.9887304306,80.2559967041,33461,33471,10
12.9884195328,80.2559280396,33471,33481,10
12.9882602692,80.2558898926,33481,33491,10
12.9877700806,80.2558822632,33491,33502,11
12.9876203537,80.2565689087,33502,33512,10
12.9875297546,80.2573394775,33512,33522,10
12.9874696732,80.2582168579,33522,33532,10
12.9874296188,80.2589416504,33532,33542,10
12.9873304367,80.2594680786,33542,33552,10
12.9871702194,80.2595977783,33552,33592,40
12.9871702194,80.2595977783,33592,33603,11
12.9869403839,80.2595291138,33603,33613,10
12.9866800308,80.2594833374,33613,33623,10
12.9866695404,80.2594833374,33623,33633,10
12.9865999222,80.2591094971,33633,33643,10
12.9868097305,80.2590408325,33643,34391,748
12.9867801666,80.2590484619,34391,35441,1050
12.987039566,80.2591018677,35441,35512,71
12.987039566,80.2591018677,35512,35522,10
12.9873800278,80.2589187622,35522,35532,10
12.9874000549,80.2587814331,35532,35542,10
12.9874000549,80.2584381104,35542,35552,10
12.9874095917,80.258102417,35552,35562,10
12.9874200821,80.2576217651,35562,35573,11
12.9874801636,80.2568664551,35573,35583,10
12.9875202179,80.2562408447,35583,35593,10
12.9875402451,80.2559127808,35593,35663,70
12.9875402451,80.2559127808,35663,35674,11
12.9878902435,80.2557067871,35674,35684,10
12.9884195328,80.2558135986,35684,35694,10
12.9888296127,80.255859375,35694,35704,10
12.9888896942,80.255859375,35704,35714,10
12.9893398285,80.2558898926,35714,35724,10
12.9900197983,80.2559890747,35724,35734,10
12.9905500412,80.2559890747,35734,35744,10
12.9910001755,80.2559967041,35744,35754,10
12.9916496277,80.2560195923,35754,35764,10
12.9924602509,80.2560195923,35764,35775,11
12.9933996201,80.2559509277,35775,35785,10
12.99421978,80.2559204102,35785,35795,10
12.9950704575,80.255859375,35795,35805,10
12.9957199097,80.255859375,35805,35815,10
12.9959697723,80.255859375,35815,35825,10
12.9962596893,80.255859375,35825,35835,10
12.9968395233,80.255859375,35835,35845,10
12.9973297119,80.2558670044,35845,35855,10
12.9976997375,80.2558822632,35855,35865,10
12.9980401993,80.2558822632,35865,35876,11
12.9984703064,80.2559204102,35876,35886,10
12.9987096786,80.2559967041,35886,35896,10
12.9988603592,80.2560272217,35896,35906,10
12.9991798401,80.256072998,35906,35956,50
12.9991798401,80.256072998,35956,35966,10
12.999540329,80.256111145,35966,35977,11
13.0002002716,80.2562637329,35977,35987,10
13.0010700226,80.256401062,35987,36007,20
13.0010700226,80.256401062,36007,36017,10
13.0013799667,80.2564620972,36017,36027,10
13.0017900467,80.2565612793,36027,36037,10
13.0023603439,80.2566375732,36037,36047,10
13.0029296875,80.2567596436,36047,36057,10
13.0037202835,80.2568969727,36057,36067,10
13.0045204163,80.2570495605,36067,36078,11
13.0054798126,80.2572097778,36078,36088,10
13.0061798096,80.2573623657,36088,36118,30
13.0061798096,80.2573623657,36118,36128,10
13.0065202713,80.2574310303,36128,36138,10
13.0068597794,80.2576980591,36138,36148,10
13.0071897507,80.2582778931,36148,36158,10
13.0076704025,80.2586212158,36158,36168,10
13.0083198547,80.2589035034,36168,36179,11
13.0089302063,80.2590637207,36179,36189,10
13.0095100403,80.2590408325,36189,36199,10
13.0102796555,80.2590332031,36199,36209,10
13.0111598969,80.2590408325,36209,36219,10
13.0121002197,80.2590484619,36219,36229,10
13.0131902695,80.2590789795,36229,36239,10
13.0143404007,80.2591171265,36239,36249,10
13.0154495239,80.2592315674,36249,36259,10
13.0161600113,80.2594680786,36259,36270,11
13.0163402557,80.2596130371,36270,36280,10
13.016579628,80.2598266602,36280,36290,10
13.0170097351,80.2601394653,36290,36300,10
13.0175895691,80.260559082,36300,36310,10
13.0182695389,80.2610321045,36310,36320,10
13.0190000534,80.2616119385,36320,36330,10
13.0195999146,80.2621307373,36330,36340,10
13.020190239,80.2626724243,36340,36350,10
13.0201501846,80.2629470825,36350,36360,10
13.0198802948,80.2630691528,36360,36371,11
13.0191602707,80.2631225586,36371,36381,10
13.0191497803,80.2636566162,36381,36391,10
13.019109726,80.264503479,36391,36401,10
13.0188703537,80.2651901245,36401,36411,10
13.0187501907,80.2657394409,36411,36421,10
13.0187196732,80.2665100098,36421,36431,10
13.0189599991,80.2671813965,36431,36443,12
13.0194997787,80.2680587769,36443,36454,11
13.0197296143,80.2683410645,36454,36464,10
13.0200901031,80.2688293457,36464,36475,11
13.0206098557,80.2694015503,36475,36485,10
13.0211496353,80.2700195313,36485,36495,10
13.0217504501,80.2708129883,36495,36505,10
13.022359848,80.2715682983,36505,36515,10
13.022939682,80.2723464966,36515,36525,10
13.0235004425,80.2731018066,36525,36535,10
13.0238399506,80.2735900879,36535,36555,20
13.0238399506,80.2735900879,36555,36565,10
13.0239400864,80.2737579346,36565,36576,11
13.0243396759,80.2742919922,36576,36586,10
13.024939537,80.2747192383,36586,36596,10
13.0254497528,80.2749176025,36596,36606,10
13.0257701874,80.2750778198,36606,36615,9
13.0263204575,80.2753372192,36615,36626,11
13.027009964,80.2756576538,36626,36636,10
13.027759552,80.2760162354,36636,36646,10
13.0284996033,80.2762908936,36646,36656,10
13.0291595459,80.2765274048,36656,36666,10
13.0298404694,80.2767028809,36666,36677,11
13.029999733,80.2767486572,36677,36687,10
13.0301198959,80.276802063,36687,36697,10
13.0305595398,80.2769775391,36697,36707,10
13.0310201645,80.2772369385,36707,36717,10
13.0315599442,80.2775268555,36717,36727,10
13.0323095322,80.2774963379,36727,36737,10
13.0329504013,80.2774581909,36737,36748,11
13.0330295563,80.2774505615,36748,36757,9
13.0332698822,80.2774124146,36757,36768,11
13.0337400436,80.2773284912,36768,36779,11
13.0345401764,80.2775268555,36779,36789,10
13.0353002548,80.277671814,36789,36799,10
13.0360803604,80.2778091431,36799,36809,10
13.0368404388,80.2780685425,36809,36819,10
13.0376701355,80.2783203125,36819,36829,10
13.0385103226,80.2785491943,36829,36839,10
13.0387296677,80.2786102295,36839,36849,10
13.0390901566,80.2787628174,36849,36859,10
13.0394897461,80.2788696289,36859,36869,10
13.0402402878,80.279083252,36869,36880,11
13.0410699844,80.2792816162,36880,36890,10
13.0420198441,80.2794113159,36890,36900,10
13.042840004,80.2795181274,36900,36910,10
13.0430297852,80.2795410156,36910,36920,10
13.0431003571,80.2795181274,36920,36930,10
13.0435199738,80.2796401978,36930,36940,10
13.044210434,80.2798080444,36940,36950,10
13.0450696945,80.2799606323,36950,36960,10
13.0460195541,80.2801208496,36960,36971,11
13.0471696854,80.2802734375,36971,36981,10
13.0482997894,80.280418396,36981,36991,10
13.0494699478,80.2805786133,36991,37001,10
13.0505304337,80.2807312012,37001,37011,10
13.0516796112,80.2808990479,37011,37021,10
13.0529203415,80.2811203003,37021,37031,10
13.0542201996,80.2813186646,37031,37042,11
13.0553998947,80.2815475464,37042,37053,11
13.056599617,80.2817993164,37053,37063,10
13.0571298599,80.2819137573,37063,37074,11
13.0574197769,80.2819671631,37074,37084,10
13.0575199127,80.2816619873,37084,37094,10
13.0575799942,80.2811584473,37094,37104,10
13.0576095581,80.2809906006,37104,37114,10
13.0576400757,80.2805099487,37114,37124,10
13.0577297211,80.2798614502,37124,37134,10
13.0578403473,80.2792434692,37134,37144,10
13.0579395294,80.278717041,37144,37154,10
13.0580301285,80.2781295776,37154,37175,21
13.0580301285,80.2781295776,37175,37185,10
13.0580997467,80.2777633667,37185,37195,10
13.058139801,80.2773513794,37195,37205,10
13.0586500168,80.2773208618,37205,37215,10
13.0592098236,80.2774200439,37215,37225,10
13.059630394,80.2775192261,37225,37235,10
13.0601797104,80.2776184082,37235,37245,10
13.0607700348,80.2776870728,37245,37255,10
13.0615196228,80.2778015137,37255,37265,10
13.0621404648,80.2779388428,37265,37275,10
13.0625200272,80.2780380249,37275,37286,11
13.0631599426,80.278137207,37286,37296,10
13.0638399124,80.2782287598,37296,37306,10
13.0640602112,80.2782516479,37306,37316,10
13.0643501282,80.2782669067,37316,37326,10
13.0647096634,80.2782592773,37326,37335,9
13.065030098,80.2778320313,37335,37346,11
13.0654201508,80.2770080566,37346,37356,10
13.0658197403,80.2761001587,37356,37366,10
13.0661401749,80.275138855,37366,37377,11
13.0663499832,80.2746276855,37377,37387,10
13.0664300919,80.2744293213,37387,37397,10
13.0666399002,80.2738723755,37397,37407,10
13.0670204163,80.2733306885,37407,37417,10
13.0675296783,80.2726593018,37417,37427,10
13.0682497025,80.2716598511,37427,37447,20
13.0682497025,80.2716598511,37447,37457,10
13.0682001114,80.2714614868,37457,37467,10
13.0679197311,80.2709884644,37467,37478,11
13.0673599243,80.2704696655,37478,37488,10
13.0667295456,80.2698135376,37488,37498,10
13.0665302277,80.2689285278,37498,37508,10
13.0670204163,80.2685623169,37508,37528,20
13.0670204163,80.2685623169,37528,37538,10
13.0672597885,80.2687606812,37538,37548,10
13.067700386,80.2690734863,37548,37558,10
13.0681600571,80.269317627,37558,37568,10
13.0683403015,80.2691192627,37568,37579,11
13.0684404373,80.2686309814,37579,37589,10
13.0686397552,80.2680587769,37589,37599,10
13.0688800812,80.2673721313,37599,37609,10
13.0694198608,80.2668075562,37609,37619,10
13.070019722,80.266242981,37619,37629,10
13.0704298019,80.2658462524,37629,37639,10
13.0704898834,80.2658004761,37639,37649,10
13.0707597733,80.2654876709,37649,37659,10
13.0711803436,80.2650375366,37659,37669,10
13.0715303421,80.2646713257,37669,37680,11
13.0723600388,80.2634811401,37680,37690,10
13.0723600388,80.2634811401,37690,37700,10
13.072520256,80.2628936768,37700,37710,10
13.0727500916,80.262298584,37710,37720,10
13.0728702545,80.261932373,37720,37730,10
13.0729198456,80.2618179321,37730,37740,10
13.0730199814,80.2614212036,37740,37753,13
13.0731897354,80.261138916,37753,37763,10
13.0735797882,80.261428833,37763,37774,11
13.0737104416,80.2616119385,37774,37784,10
13.0740995407,80.2620773315,37784,37794,10
13.0746097565,80.2627105713,37794,37804,10
13.0751495361,80.2634429932,37804,37814,10
13.0755701065,80.263999939,37814,37824,10
13.0760803223,80.2642288208,37824,37834,10
13.0766801834,80.2641677856,37834,37844,10
13.0773000717,80.2640228271,37844,37855,11
13.0780096054,80.2635498047,37855,37865,10
13.0780096054,80.2630233765,37865,37876,11
13.077750206,80.2622070313,37876,37886,10
13.0775098801,80.2615127563,37886,37896,10
13.077249527,80.2608795166,37896,37916,20
13.077249527,80.2608795166,37916,37926,10
13.0771398544,80.2606506348,37926,37936,10
13.0768299103,80.2603225708,37936,37946,10
13.0762996674,80.2598800659,37946,37956,10
13.0757398605,80.2593917847,37956,37966,10
13.075460434,80.2584609985,37966,38007,41
13.075460434,80.2584609985,38007,38017,10
13.0753602982,80.2581634521,38017,38027,10
13.0757598877,80.2578811646,38027,38037,10
13.0761899948,80.2575302124,38037,38047,10
13.0766000748,80.2571487427,38047,38057,10
13.0770597458,80.2568511963,38057,38067,10
13.0777301788,80.2566604614,38067,38078,11
13.078669548,80.2565765381,38078,38088,10
13.0790996552,80.2563934326,38088,38097,9
13.0790596008,80.2559967041,38097,38108,11
13.079000473,80.255279541,38108,38118,10
13.0789699554,80.2547988892,38118,38168,50
13.0789699554,80.2547988892,38168,38179,11
13.0789604187,80.2545623779,38179,38189,10
13.0794095993,80.2545318604,38189,38199,10
13.0799198151,80.2546310425,38199,38209,10
13.080450058,80.2547302246,38209,38219,10
13.0810899734,80.2547683716,38219,38229,10
13.081580162,80.2546920776,38229,38239,10
13.0817403793,80.2542037964,38239,38249,10
13.0818395615,80.2537002563,38249,38259,10
13.0818901062,80.2530593872,38259,38269,10
13.081609726,80.2525405884,38269,38280,11
13.0813903809,80.2517929077,38280,38290,10
13.0813798904,80.2510528564,38290,38300,10
13.0813598633,80.250617981,38300,38310,10
13.0813503265,80.2501220703,38310,38320,10
13.0813999176,80.2496414185,38320,38330,10
13.0819101334,80.2496566772,38330,38340,10
13.0825300217,80.2497634888,38340,38350,10
13.0831403732,80.2498626709,38350,38360,10
13.0836801529,80.2499694824,38360,38370,10
13.0846796036,80.2501602173,38370,38391,21
13.0846796036,80.2501602173,38391,38401,10
13.084980011,80.2502212524,38401,38411,10
13.0854501724,80.2502975464,38411,38421,10
13.0857696533,80.2503204346,38421,38431,10
13.0859003067,80.2500991821,38431,38441,10
13.0859003067,80.2495803833,38441,38451,10
13.0858402252,80.2488327026,38451,38461,10
13.0858602524,80.2479171753,38461,38472,11
13.0858201981,80.2469177246,38472,38482,10
13.0857601166,80.2466125488,38482,38492,10
13.0857601166,80.2464981079,38492,38502,10
13.0856895447,80.2460098267,38502,38512,10
13.0856800079,80.2454528809,38512,38573,61
13.0856800079,80.2454528809,38573,38583,10
13.0856199265,80.2453079224,38583,38593,10
13.0858001709,80.245010376,38593,38603,10
13.0862798691,80.2446289063,38603,38613,10
13.0868997574,80.2441482544,38613,38623,10
13.0875396729,80.2436599731,38623,38633,10
13.0877799988,80.2432098389,38633,38643,10
13.0878400803,80.2427597046,38643,38653,10
13.088350296,80.2419128418,38653,38674,21
13.088350296,80.2419128418,38674,38684,10
13.0885801315,80.2417526245,38684,38694,10
13.0890598297,80.2414321899,38694,38704,10
13.0896596909,80.2410430908,38704,38714,10
13.0903301239,80.2408218384,38714,38724,10
13.091460228,80.240852356,38724,38734,10
13.0922403336,80.2408828735,38734,38744,10
13.0929203033,80.2409286499,38744,38754,10
13.0935697556,80.2410430908,38754,38764,10
13.0941696167,80.2411270142,38764,38775,11
13.0943403244,80.2411727905,38775,38785,10
13.0944595337,80.2412185669,38785,38795,10
13.0949802399,80.241317749,38795,38805,10
13.0955095291,80.2414779663,38805,38815,10
13.0961799622,80.2417068481,38815,38824,9
13.096830368,80.2419204712,38824,38835,11
13.0973701477,80.2419967651,38835,38845,10
13.0974998474,80.2416610718,38845,38855,10
13.0975599289,80.2410964966,38855,38865,10
13.0976200104,80.2403793335,38865,38876,11
13.0976896286,80.2396392822,38876,38886,10
13.0977201462,80.2392425537,38886,38896,10
13.0977602005,80.2386779785,38896,38906,10
13.0978002548,80.2384109497,38906,38916,10
13.0978498459,80.2381896973,38916,38926,10
13.0979499817,80.2377090454,38926,38936,10
13.0980596542,80.2372665405,38936,38946,10
13.0981502533,80.2367706299,38946,38956,10
13.0982503891,80.2360916138,38956,38966,10
13.0983695984,80.2355194092,38966,38977,11
13.098449707,80.2348403931,38977,38987,10
13.0985097885,80.2347717285,38987,38997,10
13.0985403061,80.2344436646,38997,39007,10
13.0985803604,80.2338790894,39007,39017,10
13.0986299515,80.2332763672,39017,39027,10
13.0987300873,80.2326583862,39027,39037,10
13.0988702774,80.2320785522,39037,39047,10
13.0989999771,80.2317428589,39047,39057,10
13.0992202759,80.2311935425,39057,39067,10
13.099439621,80.23072052,39067,39078,11
13.0996103287,80.23021698,39078,39088,10
13.0996799469,80.2299118042,39088,39098,10
13.0997104645,80.2297515869,39098,39108,10
13.0998001099,80.229309082,39108,39118,10
13.0999002457,80.2286987305,39118,39128,10
13.0999603271,80.2283477783,39128,39138,10
13.1000003815,80.2278213501,39138,39148,10
13.1000204086,80.2272415161,39148,39158,10
13.0999698639,80.2264404297,39158,39168,10
13.0999097824,80.2257995605,39168,39179,11
13.0998401642,80.2252807617,39179,39189,10
13.0998096466,80.2251205444,39189,39199,10
13.0997200012,80.2247390747,39199,39209,10
13.09953022,80.2240982056,39209,39219,10
13.0993003845,80.2237014771,39219,39229,10
13.0990600586,80.2233963013,39229,39239,10
13.098859787,80.2231292725,39239,39249,10
13.0987300873,80.22290802,39249,39259,10
13.0986995697,80.2223815918,39259,39269,10
13.0989198685,80.2205963135,39269,39280,11
13.0989198685,80.2205963135,39280,39290,10
13.0990896225,80.2196121216,39290,39300,10
13.0991601944,80.2192764282,39300,39310,10
13.099240303,80.2187728882,39310,39320,10
13.099360466,80.2180633545,39320,39330,10
13.09953022,80.2172012329,39330,39341,11
13.099820137,80.2163009644,39341,39351,10
13.1002101898,80.2154464722,39351,39361,10
13.1002397537,80.2153778076,39361,39371,10
13.1003303528,80.2151412964,39371,39382,11
13.100399971,80.2150115967,39382,39392,10
13.1004400253,80.2149581909,39392,39402,10
13.1006002426,80.2145767212,39402,39412,10
13.100810051,80.2141036987,39412,39422,10
13.1009998322,80.2136764526,39422,39432,10
13.1011800766,80.2132415771,39432,39442,10
13.1014099121,80.212638855,39442,39452,10
13.1016302109,80.2119903564,39452,39462,10
13.1018295288,80.2113876343,39462,39472,10
13.1020298004,80.2108306885,39472,39483,11
13.1022901535,80.2101516724,39483,39493,10
13.1024999619,80.2095489502,39493,39503,10
13.1026096344,80.209197998,39503,39513,10
13.1027002335,80.2089233398,39513,39523,10
13.102809906,80.2085189819,39523,39533,10
13.1028404236,80.2084503174,39533,39543,10
13.1029500961,80.2080688477,39543,39553,10
13.1031398773,80.2075576782,39553,39563,10
13.1032800674,80.2072601318,39563,39574,11
13.1035203934,80.2068023682,39574,39584,10
13.1037302017,80.2062606812,39584,39594,10
13.1038303375,80.2057876587,39594,39604,10
13.1037998199,80.2052612305,39604,39624,20
13.1037998199,80.2052612305,39624,39634,10
13.1037998199,80.2049026489,39634,39644,10
13.1037797928,80.2043304443,39644,39654,10
13.1036901474,80.2036209106,39654,39664,10
13.1034898758,80.2033004761,39664,39675,11
13.1035003662,80.2026901245,39675,39685,10
13.1034202576,80.2019729614,39685,39695,10
13.1033496857,80.2014465332,39695,39705,10
13.1032896042,80.2008209229,39705,39715,10
13.103219986,80.2001571655,39715,39725,10
13.1031398773,80.1995391846,39725,39735,10
13.103099823,80.1991729736,39735,39745,10
13.1029996872,80.1985626221,39745,39755,10
13.1028604507,80.1978225708,39755,39765,10
13.1026496887,80.1971588135,39765,39776,11
13.1024198532,80.1964569092,39776,39786,10
13.1022100449,80.1958389282,39786,39796,10
13.1020097733,80.1952514648,39796,39806,10
13.1018400192,80.194770813,39806,39816,10
13.1017198563,80.1945800781,39816,39826,10
13.1014795303,80.1942062378,39826,39836,10
13.1017904282,80.193611145,39836,39846,10
13.1016902924,80.1926269531,39846,39856,10
13.1015100479,80.1916885376,39856,39866,10
13.101360321,80.1908569336,39866,39877,11
13.1012201309,80.1903915405,39877,39887,10
13.1012096405,80.1903610229,39887,39897,10
13.1010599136,80.1900405884,39897,39907,10
13.1009197235,80.1896972656,39907,39917,10
13.1006402969,80.1891479492,39917,39927,10
13.1003599167,80.1886367798,39927,39937,10
13.1002197266,80.188331604,39937,39947,10
13.0999803543,80.1877212524,39947,39957,10
13.0997800827,80.1870574951,39957,39967,10
13.0996704102,80.186630249,39967,39978,11
13.0995502472,80.1859970093,39978,39988,10
13.0994300842,80.1854400635,39988,39998,10
13.0992698669,80.1847763062,39998,40008,10
13.0990600586,80.1841506958,40008,40018,10
13.0988798141,80.1835479736,40018,40028,10
13.0987100601,80.1829605103,40028,40038,10
13.0985498428,80.1824111938,40038,40048,10
13.0984601974,80.1820220947,40048,40068,20
13.0984601974,80.1820220947,40068,40079,11
13.098400116,80.1817626953,40079,40089,10
13.0983400345,80.1815032959,40089,40099,10
13.0982303619,80.1810836792,40099,40109,10
13.0980796814,80.1805419922,40109,40119,10
13.0979299545,80.1798400879,40119,40129,10
13.0978002548,80.1790771484,40129,40139,10
13.0978002548,80.1783218384,40139,40149,10
13.0978403091,80.1774673462,40149,40159,10
13.0979404449,80.1766891479,40159,40169,10
13.0980796814,80.1759109497,40169,40180,11
13.0980997086,80.1751480103,40180,40190,10
13.0981702805,80.1748428345,40190,40200,10
13.0983400345,80.1743087769,40200,40210,10
13.0985803604,80.1736526489,40210,40220,10
13.0988798141,80.172996521,40220,40230,10
13.0991697311,80.1722488403,40230,40240,10
13.099439621,80.1714782715,40240,40250,10
13.0996599197,80.1706924438,40250,40260,10
13.0997200012,80.170249939,40260,40351,91
13.0997200012,80.170249939,40351,40361,10
13.0997400284,80.1700286865,40361,40371,10
13.0997104645,80.1697235107,40371,40382,11
13.0995903015,80.1696777344,40382,40392,10
13.0994796753,80.1696624756,40392,40402,10
13.0993204117,80.1699981689,40402,40543,141
13.0992898941,80.1701278687,40543,40998,455
13.0992898941,80.1701278687,40998,41008,10
13.0995101929,80.1701965332,41008,41038,30
13.0995101929,80.1701965332,41038,41048,10
13.0996999741,80.1702575684,41048,41058,10
13.099729538,80.1705627441,41058,41069,11
13.0996999741,80.1707611084,41069,41079,10
13.0995998383,80.1711120605,41079,41089,10
13.0994100571,80.1717224121,41089,41099,10
13.099149704,80.1724624634,41099,41109,10
13.0988502502,80.1732406616,41109,41119,10
13.0985202789,80.1740264893,41119,41129,10
13.0982398987,80.1748428345,41129,41139,10
13.0981302261,80.1754989624,41139,41149,10
13.0980997086,80.1761322021,41149,41159,10
13.0979995728,80.1766586304,41159,41170,11
13.0978899002,80.1773834229,41170,41180,10
13.0978403091,80.1781768799,41180,41190,10
13.0978403091,80.1789398193,41190,41200,10
13.0979204178,80.1795196533,41200,41210,10
13.0980901718,80.180229187,41210,41220,10
13.0982398987,80.1807632446,41220,41230,10
13.0982398987,80.180770874,41230,41240,10
13.0982904434,80.1809768677,41240,41250,10
13.0983800888,80.1813583374,41250,41260,10
13.0985002518,80.1819000244,41260,41271,11
13.0986404419,80.1825027466,41271,41281,10
13.0987796783,80.1830825806,41281,41291,10
13.0989303589,80.1836013794,41291,41301,10
13.0991296768,80.184173584,41301,41311,10
13.0993204117,80.1848220825,41311,41321,10
13.0993795395,80.1850891113,41321,41331,10
13.0994997025,80.185546875,41331,41341,10
13.0996799469,80.1862030029,41341,41352,11
13.099820137,80.1867828369,41352,41362,10
13.0999698639,80.1874465942,41362,41373,11
13.1002197266,80.1881713867,41373,41383,10
13.1005802155,80.188873291,41383,41393,10
13.1011199951,80.1894302368,41393,41403,10
13.1013002396,80.1897201538,41403,41413,10
13.1013002396,80.189781189,41413,41423,10
13.1013698578,80.1900634766,41423,41433,10
13.1014995575,80.1907196045,41433,41443,10
13.1015996933,80.1914901733,41443,41453,10
13.1017103195,80.1921234131,41453,41463,10
13.1018199921,80.1927108765,41463,41474,11
13.101940155,80.1933517456,41474,41484,10
13.1020898819,80.1938934326,41484,41494,10
13.1021499634,80.1944580078,41494,41504,10
13.1020898819,80.1951980591,41504,41514,10
13.1024198532,80.1961975098,41514,41524,10
13.1027898788,80.197303772,41524,41534,10
13.1029996872,80.198097229,41534,41544,10
13.1031599045,80.1990814209,41544,41554,10
13.1031799316,80.199180603,41554,41564,10
13.1032800674,80.1996078491,41564,41575,11
13.1033601761,80.2004013062,41575,41585,10
13.1034803391,80.2012176514,41585,41595,10
13.1035604477,80.2021102905,41595,41605,10
13.1036396027,80.2027435303,41605,41615,10
13.1036701202,80.2030181885,41615,41625,10
13.1037597656,80.2035064697,41625,41635,10
13.1038398743,80.2040634155,41635,41645,10
13.1038599014,80.2046279907,41645,41655,10
13.1038799286,80.2052764893,41655,41665,10
13.1038599014,80.2058410645,41665,41676,11
13.1036996841,80.2064971924,41676,41686,10
13.1034002304,80.2070999146,41686,41696,10
13.103219986,80.2075119019,41696,41716,20
13.103219986,80.2075119019,41716,41726,10
13.1031398773,80.2077026367,41726,41736,10
13.1030101776,80.2080383301,41736,41746,10
13.1028499603,80.2085189819,41746,41756,10
13.102689743,80.2090682983,41756,41766,10
13.1026201248,80.2093200684,41766,41777,11
13.1024799347,80.2097320557,41777,41787,10
13.1022996902,80.2102584839,41787,41797,10
13.1021604538,80.2106704712,41797,41807,10
13.1020402908,80.2109985352,41807,41817,10
13.1018800735,80.211479187,41817,41827,10
13.1016597748,80.2120819092,41827,41837,10
13.1014204025,80.2127075195,41837,41847,10
13.1012201309,80.2132034302,41847,41857,10
13.1010398865,80.2136688232,41857,41867,10
13.1007604599,80.2144470215,41867,41888,21
13.1007604599,80.2144470215,41888,41898,10
13.1005802155,80.2147979736,41898,41908,10
13.1003303528,80.2153701782,41908,41918,10
13.0998497009,80.2164916992,41918,41928,10
13.0998497009,80.2164916992,41928,41938,10
13.0997400284,80.2167816162,41938,41948,10
13.0995798111,80.2173995972,41948,41958,10
13.0994100571,80.2182617188,41958,41968,10
13.0992803574,80.2191390991,41968,41979,11
13.0991697311,80.2197570801,41979,41989,10
13.0990495682,80.2204437256,41989,41999,10
13.0988903046,80.2212982178,41999,42009,10
13.0987901688,80.222328186,42009,42019,10
13.0990800858,80.2232894897,42019,42027,8
13.09953022,80.2239074707,42027,42039,12
13.0998497009,80.2249069214,42039,42049,10
13.0999803543,80.2256317139,42049,42059,10
13.0999803543,80.2256622314,42059,42069,10
13.1000299454,80.2260818481,42069,42080,11
13.1000995636,80.2267532349,42080,42090,10
13.1000995636,80.2276611328,42090,42100,10
13.1000003815,80.2284088135,42100,42110,10
13.0999097824,80.2289428711,42110,42120,10
13.0998497009,80.2293930054,42120,42130,10
13.0997600555,80.2298965454,42130,42140,10
13.0995597839,80.2305603027,42140,42160,20
13.0995597839,80.2305603027,42160,42171,11
13.0994596481,80.230796814,42171,42181,10
13.0993499756,80.2310409546,42181,42191,10
13.0991201401,80.2315216064,42191,42201,10
13.098950386,80.2319335938,42201,42211,10
13.0988101959,80.2324295044,42211,42221,10
13.0987195969,80.2329788208,42221,42231,10
13.0986204147,80.2336196899,42231,42241,10
13.0986003876,80.2339706421,42241,42251,10
13.0985803604,80.2340774536,42251,42261,10
13.0985603333,80.2343215942,42261,42272,11
13.0985202789,80.2346801758,42272,42282,10
13.0984897614,80.2350463867,42282,42292,10
13.0984201431,80.2356185913,42292,42302,10
13.0983104706,80.2362518311,42302,42312,10
13.0982503891,80.236579895,42312,42322,10
13.0981903076,80.2368774414,42322,42332,10
13.098110199,80.2373504639,42332,42342,10
13.0979099274,80.2382202148,42342,42352,10
13.0978002548,80.2390136719,42352,42362,10
13.0977602005,80.2394714355,42362,42373,11
13.0977401733,80.2398910522,42373,42383,10
13.0977401733,80.2399215698,42383,42393,10
13.0977497101,80.2400512695,42393,42403,10
13.0977296829,80.2404937744,42403,42413,10
13.0976400375,80.2411422729,42413,42423,10
13.0974798203,80.2419433594,42423,42524,101
13.0974798203,80.2419433594,42524,42534,10
13.0973901749,80.2421035767,42534,42544,10
13.0973997116,80.2421417236,42544,42554,10
13.0971803665,80.242149353,42554,42564,10
13.0969400406,80.2420425415,42564,42575,11
13.0963401794,80.2418670654,42575,42585,10
13.0957202911,80.2416915894,42585,42595,10
13.09512043,80.2414932251,42595,42605,10
13.094619751,80.2413330078,42605,42615,10
13.0940504074,80.2412414551,42615,42625,10
13.0935602188,80.2411422729,42625,42635,10
13.0934095383,80.2411193848,42635,42645,10
13.0930595398,80.2410202026,42645,42655,10
13.0924596786,80.2409667969,42655,42665,10
13.0918502808,80.2409133911,42665,42676,11
13.0909004211,80.2408828735,42676,42686,10
13.0899295807,80.2409896851,42686,42696,10
13.0891799927,80.2414016724,42696,42706,10
13.088549614,80.2417984009,42706,42716,10
13.0879602432,80.2426986694,42716,42726,10
13.0878200531,80.2433013916,42726,42736,10
13.0875997543,80.2436981201,42736,42746,10
13.0875396729,80.2437820435,42746,42756,10
13.0872001648,80.2440032959,42756,42766,10
13.0866699219,80.2444610596,42766,42777,11
13.0859899521,80.2449569702,42777,42787,10
13.0856800079,80.2453918457,42787,42797,10
13.0856895447,80.2461471558,42797,42807,10
13.085650444,80.2466888428,42807,42817,10
13.0857095718,80.2468109131,42817,42827,10
13.0857601166,80.2472229004,42827,42837,10
13.0857696533,80.2478637695,42837,42847,10
13.0858001709,80.2486724854,42847,42857,10
13.0858697891,80.2495574951,42857,42867,10
13.0859203339,80.250328064,42867,42878,11
13.085849762,80.2507324219,42878,42888,10
13.0857801437,80.2512283325,42888,42898,10
13.0857095718,80.251739502,42898,42908,10
13.0856800079,80.2518234253,42908,42918,10
13.0856199265,80.2521209717,42918,42928,10
13.0855903625,80.2524414063,42928,42938,10
13.0855503082,80.2529830933,42938,42948,10
13.0855197906,80.2533874512,42948,42957,9
13.0855102539,80.2537078857,42957,42968,11
13.0855197906,80.2537384033,42968,42979,11
13.0855798721,80.25415802,42979,42989,10
13.0855903625,80.2546691895,42989,42999,10
13.0852899551,80.2547225952,42999,43009,10
13.084859848,80.2546691895,43009,43019,10
13.0843400955,80.2546386719,43019,43029,10
13.0839996338,80.2545928955,43029,43039,10
13.0838298798,80.2545776367,43039,43049,10
13.0833597183,80.2545394897,43049,43059,10
13.0826597214,80.2544937134,43059,43069,10
13.0820798874,80.2545623779,43069,43080,11
13.0815000534,80.2547912598,43080,43090,10
13.0808801651,80.2547988892,43090,43100,10
13.0801000595,80.2547302246,43100,43110,10
13.0793399811,80.2546920776,43110,43120,10
13.0790901184,80.2550964355,43120,43130,10
13.0790996552,80.2558822632,43130,43140,10
13.0790996552,80.2565765381,43140,43150,10
13.0786104202,80.2566604614,43150,43160,10
13.0780601501,80.2566680908,43160,43171,11
13.0774002075,80.2567596436,43171,43181,10
13.0767498016,80.2570724487,43181,43191,10
13.0760698318,80.2576980591,43191,43201,10
13.0755901337,80.2581634521,43201,43211,10
13.0754804611,80.2583007813,43211,43221,10
13.0756196976,80.2588119507,43221,43231,10
13.0759401321,80.2594223022,43231,43241,10
13.0765399933,80.2599487305,43241,43251,10
13.07695961,80.260383606,43251,43261,10
13.0773000717,80.2609405518,43261,43272,11
13.077580452,80.261680603,43272,43282,10
13.0778598785,80.2624664307,43282,43332,50
13.0778598785,80.2624664307,43332,43342,10
13.0779895782,80.2628631592,43342,43352,10
13.0781202316,80.2631988525,43352,43362,10
13.078040123,80.2634429932,43362,43443,81
13.078040123,80.2634429932,43443,43453,10
13.0778503418,80.2627716064,43453,43767,314
13.0778503418,80.2627716064,43767,43777,10
13.0777902603,80.2624816895,43777,43787,10
13.0776100159,80.2620773315,43787,43797,10
13.0774402618,80.2614593506,43797,43807,10
13.0772600174,80.2608566284,43807,43847,40
13.0772600174,80.2608566284,43847,43857,10
13.0769796371,80.2604827881,43857,43878,21
13.0769796371,80.2604827881,43878,43888,10
13.0767202377,80.2602615356,43888,43898,10
13.0762796402,80.2600021362,43898,43908,10
13.0756998062,80.2594985962,43908,43918,10
13.0754899979,80.2585830688,43918,43948,30
13.0754899979,80.2585830688,43948,43958,10
13.0754203796,80.2582626343,43958,43969,11
13.075750351,80.2579193115,43969,43979,10
13.0766000748,80.2571182251,43979,43989,10
13.0766000748,80.2571182251,43989,43999,10
13.0771398544,80.2567977905,43999,44009,10
13.0778799057,80.2566299438,44009,44019,10
13.0787296295,80.2565765381,44019,44029,10
13.0790195465,80.256187439,44029,44039,10
13.0789499283,80.2554397583,44039,44049,10
13.0789003372,80.2547302246,44049,44100,51
13.0789003372,80.2547302246,44100,44110,10
13.0788898468,80.2545776367,44110,44120,10
13.0792503357,80.2545089722,44120,44130,10
13.0797100067,80.2545700073,44130,44140,10
13.0799598694,80.2546234131,44140,44150,10
13.0805397034,80.2547531128,44150,44160,10
13.0812101364,80.2548370361,44160,44171,11
13.0816297531,80.2546920776,44171,44181,10
13.0817499161,80.2542877197,44181,44191,10
13.0818004608,80.2537307739,44191,44201,10
13.0817804337,80.2530822754,44201,44211,10
13.0815696716,80.252532959,44211,44221,10
13.0813798904,80.2514190674,44221,44261,40
13.0813598633,80.2510299683,44261,44292,31
13.0813598633,80.2510299683,44292,44302,10
13.0813102722,80.2505722046,44302,44312,10
13.0812797546,80.2501373291,44312,44322,10
13.0814199448,80.2497177124,44322,44332,10
13.0818595886,80.2497406006,44332,44342,10
13.0827903748,80.2498779297,44342,44352,10
13.0835800171,80.2499771118,44352,44362,10
13.0842695236,80.2501068115,44362,44373,11
13.0846796036,80.2501602173,44373,44383,10
13.0850400925,80.250213623,44383,44393,10
13.0855703354,80.2503128052,44393,44403,10
13.0858097076,80.2503433228,44403,44413,10
13.085849762,80.2500305176,44413,44423,10
13.0858001709,80.2494888306,44423,44433,10
13.0857400894,80.2486801147,44433,44443,10
13.0855998993,80.2479019165,44443,44453,10
13.0854997635,80.2471694946,44453,44463,10
13.0855703354,80.2463378906,44463,44474,11
13.0856399536,80.2456512451,44474,44504,30
13.0856399536,80.2456512451,44504,44514,10
13.0856895447,80.2452087402,44514,44524,10
13.0859298706,80.245010376,44524,44534,10
13.0863199234,80.2446670532,44534,44544,10
13.0868701935,80.2441864014,44544,44554,10
13.087439537,80.2436981201,44554,44564,10
13.0877504349,80.2432327271,44564,44575,11
13.0878601074,80.2427215576,44575,44585,10
13.0879898071,80.2422485352,44585,44595,10
13.0882396698,80.2419967651,44595,44615,20
13.0882396698,80.2419967651,44615,44625,10
13.0884799957,80.2418365479,44625,44635,10
13.0888900757,80.2415237427,44635,44645,10
13.0894603729,80.2411193848,44645,44655,10
13.090180397,80.2408370972,44655,44666,11
13.0910997391,80.2408370972,44666,44676,10
13.0918598175,80.2408828735,44676,44686,10
13.0925397873,80.2409210205,44686,44696,10
13.0931596756,80.2409667969,44696,44706,10
13.0941400528,80.2411575317,44706,44726,20
13.0941400528,80.2411575317,44726,44736,10
13.0944004059,80.2412414551,44736,44746,10
13.0948495865,80.241317749,44746,44756,10
13.0953197479,80.2414474487,44756,44767,11
13.0959396362,80.2416763306,44767,44777,10
13.0966596603,80.2419433594,44777,44787,10
13.0974597931,80.2421569824,44787,44797,10
13.0984401703,80.2423400879,44797,44817,20
13.0984401703,80.2423400879,44817,44827,10
13.0986700058,80.2422866821,44827,44837,10
13.098739624,80.2421875,44837,44847,10
13.0987195969,80.2419662476,44847,44857,10
13.0987901688,80.2416305542,44857,44868,11
13.0988197327,80.2411727905,44868,44878,10
13.0986795425,80.2407302856,44878,44888,10
13.0986299515,80.2402267456,44888,44898,10
13.0988998413,80.2403030396,44898,44979,81
13.0988998413,80.2403030396,44979,44989,10
13.098950386,80.2405395508,44989,44999,10
13.0989198685,80.2408065796,44999,45009,10
13.0986099243,80.2410736084,45009,45019,10
13.0983200073,80.2411422729,45019,45858,839
13.0983200073,80.2411422729,45858,45868,10
13.0983200073,80.2411193848,45868,45878,10
13.0984201431,80.2410812378,45878,45888,10
13.0984697342,80.2409210205,45888,45898,10
13.0986099243,80.240562439,45898,45908,10
13.0988903046,80.240196228,45908,45918,10
13.099149704,80.2404403687,45918,46009,91
13.099149704,80.2404403687,46009,46019,10
13.0991802216,80.2405776978,46019,46029,10
13.0990200043,80.2408294678,46029,46039,10
13.0989303589,80.2411193848,46039,46049,10
13.0988903046,80.2413635254,46049,46140,91
13.0988903046,80.2413635254,46140,46150,10
13.098859787,80.2414321899,46150,46161,11
13.0988197327,80.241607666,46161,46171,10
13.0986795425,80.241859436,46171,46221,50
13.0986795425,80.241859436,46221,46231,10
13.0986700058,80.2421112061,46231,46241,10
13.0985803604,80.2422714233,46241,46252,11
13.0982999802,80.2423171997,46252,46262,10
13.0978899002,80.2422790527,46262,46272,10
13.097869873,80.2422790527,46272,46282,10
13.0976600647,80.2422409058,46282,46292,10
13.0973901749,80.2420120239,46292,46302,10
13.0974302292,80.2417984009,46302,46312,10
13.0974798203,80.2414169312,46312,46322,10
13.0975799561,80.240737915,46322,46332,10
13.0976600647,80.2400588989,46332,46342,10
13.097700119,80.2391967773,46342,46353,11
13.097820282,80.2384414673,46353,46363,10
13.0978298187,80.2384414673,46363,46373,10
13.097869873,80.2380981445,46373,46383,10
13.0979604721,80.2375106812,46383,46393,10
13.0980396271,80.2369613647,46393,46403,10
13.09815979,80.2361602783,46403,46413,10
13.098279953,80.235496521,46413,46423,10
13.098400116,80.2348098755,46423,46433,10
13.0984096527,80.234703064,46433,46443,10
13.0984802246,80.2342224121,46443,46454,11
13.0985298157,80.2335891724,46454,46464,10
13.0986404419,80.2329177856,46464,46474,10
13.0987997055,80.2321929932,46474,46484,10
13.0989999771,80.2316589355,46484,46494,10
13.0991802216,80.2310562134,46494,46504,10
13.099360466,80.2305374146,46504,46514,10
13.0995903015,80.2298583984,46514,46524,10
13.0996398926,80.2296600342,46524,46534,10
13.0997200012,80.2293624878,46534,46544,10
13.0997600555,80.2287826538,46544,46555,11
13.0998601913,80.2280426025,46555,46565,10
13.0999298096,80.227180481,46565,46574,9
13.0999002457,80.2264022827,46574,46585,11
13.0998296738,80.2255401611,46585,46595,10
13.099820137,80.2253189087,46595,46605,10
13.0997896194,80.2250289917,46605,46615,10
13.0995998383,80.2244491577,46615,46625,10
13.0993795395,80.2238464355,46625,46635,10
13.0991601944,80.2235488892,46635,46645,10
13.0989303589,80.2232437134,46645,46656,11
13.0987796783,80.2230224609,46656,46666,10
13.0987100601,80.2225418091,46666,46676,10
13.0988397598,80.2208480835,46676,46686,10
13.0988397598,80.2208480835,46686,46696,10
13.0990200043,80.2199020386,46696,46706,10
13.0991096497,80.219329834,46706,46716,10
13.099149704,80.2188796997,46716,46726,10
13.0992603302,80.2181625366,46726,46736,10
13.0993995667,80.2173080444,46736,46746,10
13.0997200012,80.2163314819,46746,46760,14
13.1001195908,80.2154769897,46760,46770,10
13.1001996994,80.2153930664,46770,46780,10
13.1004199982,80.2148284912,46780,46799,19
13.1004199982,80.2148284912,46799,46810,11
13.100520134,80.2146606445,46810,46820,10
13.1006803513,80.2143478394,46820,46830,10
13.1008996964,80.2138214111,46830,46840,10
13.1011199951,80.2131729126,46840,46850,10
13.1013698578,80.2124633789,46850,46861,11
13.1016302109,80.2116622925,46861,46871,10
13.1018800735,80.2108917236,46871,46881,10
13.1021795273,80.2101821899,46881,46891,10
13.102399826,80.2096176147,46891,46901,10
13.1025896072,80.2091369629,46901,46911,10
13.1027002335,80.2087173462,46911,46921,10
13.1027402878,80.2086029053,46921,46931,10
13.1028604507,80.2082824707,46931,46941,10
13.1029996872,80.2078018188,46941,46951,10
13.103219986,80.2071914673,46951,46962,11
13.1036100388,80.2063598633,46962,46972,10
13.1037101746,80.2056121826,46972,46982,10
13.1037302017,80.2049636841,46982,46992,10
13.1037597656,80.2041931152,46992,47002,10
13.1036300659,80.203453064,47002,47012,10
13.1035203934,80.2030181885,47012,47022,10
13.1034898758,80.2025375366,47022,47032,10
13.1034402847,80.2019195557,47032,47042,10
13.10338974,80.2016067505,47042,47053,11
13.1033802032,80.2014389038,47053,47063,10
13.1033201218,80.200920105,47063,47073,10
13.1032600403,80.2001876831,47073,47083,10
13.1031799316,80.1994400024,47083,47093,10
13.1031398773,80.1990509033,47093,47103,10
13.1030101776,80.1984100342,47103,47113,10
13.1028499603,80.1977005005,47113,47123,10
13.102640152,80.197052002,47123,47133,10
13.1024503708,80.196472168,47133,47143,10
13.1022596359,80.1958999634,47143,47154,11
13.1020498276,80.1952819824,47154,47164,10
13.1018800735,80.1948318481,47164,47174,10
13.101770401,80.1946563721,47174,47184,10
13.1015396118,80.1943817139,47184,47194,10
13.1016798019,80.1938095093,47194,47204,10
13.1017599106,80.1929397583,47204,47214,10
13.101559639,80.1917877197,47214,47224,10
13.1013402939,80.1906585693,47224,47234,10
13.1011295319,80.1901473999,47234,47244,10
13.1011199951,80.1901397705,47244,47255,11
13.1010398865,80.189956665,47255,47265,10
13.1008796692,80.1894226074,47265,47275,10
13.1006803513,80.1891326904,47275,47285,10
13.1005601883,80.1889419556,47285,47295,10
13.1003599167,80.1885986328,47295,47305,10
13.1000499725,80.1878967285,47305,47314,9
13.0998802185,80.1873626709,47314,47325,11
13.0997400284,80.1867294312,47325,47335,10
13.0996103287,80.1859817505,47335,47345,10
13.0994501114,80.1854019165,47345,47356,11
13.0993499756,80.1849975586,47356,47366,10
13.0992603302,80.1845397949,47366,47376,10
13.0990800858,80.1840591431,47376,47386,10
13.0989198685,80.1834716797,47386,47396,10
13.0987195969,80.1828994751,47396,47406,10
13.0985603333,80.182220459,47406,47416,10
13.0984802246,80.181892395,47416,47426,10
13.0984697342,80.1818084717,47426,47436,10
13.0983896255,80.1814117432,47436,47446,10
13.0982398987,80.1808776855,47446,47457,11
13.0980396271,80.1800994873,47457,47467,10
13.0978603363,80.1793136597,47467,47477,10
13.0978298187,80.1787567139,47477,47487,10
13.0978298187,80.1780700684,47487,47497,10
13.097869873,80.1772384644,47497,47507,10
13.0980195999,80.1764373779,47507,47517,10
13.0981302261,80.1756820679,47517,47527,10
13.0981397629,80.1751480103,47527,47537,10
13.0983695984,80.174331665,47537,47547,10
13.0986099243,80.1736373901,47547,47558,11
13.0989599228,80.1727828979,47558,47568,10
13.099240303,80.1720199585,47568,47578,10
13.0994596481,80.1714324951,47578,47588,10
13.0995998383,80.1707992554,47588,47598,10
13.0996799469,80.1701507568,47598,47608,10
13.0997200012,80.169883728,47608,47628,20
13.0997200012,80.169883728,47628,47638,10
13.0994300842,80.1696624756,47638,47659,21
13.0994300842,80.1696624756,47659,47669,10
13.0993099213,80.1697235107,47669,47679,10
13.0993003845,80.1699829102,47679,47972,293
13.0993003845,80.1699829102,47972,47982,10
13.0996103287,80.1701507568,47982,47992,10
13.099729538,80.1704406738,47992,48002,10
13.0996599197,80.170753479,48002,48012,10
13.0995597839,80.1710662842,48012,48022,10
13.0995101929,80.1711730957,48022,48032,10
13.0994501114,80.1713485718,48032,48042,10
13.0993795395,80.17162323,48042,48053,11
13.0991601944,80.1723175049,48053,48063,10
13.098859787,80.1730804443,48063,48073,10
13.0985097885,80.1739578247,48073,48083,10
13.0982198715,80.1748809814,48083,48093,10
13.0981397629,80.1757507324,48093,48103,10
13.097990036,80.1765823364,48103,48113,10
13.0978403091,80.1774291992,48113,48123,10
13.0978002548,80.178352356,48123,48133,10
13.097820282,80.179107666,48133,48143,10
13.0979995728,80.1799621582,48143,48154,11
13.0981903076,80.1808013916,48154,48174,20
13.0981903076,80.1808013916,48174,48184,10
13.0982904434,80.1811523438,48184,48194,10
13.0984401703,80.1817703247,48194,48204,10
13.0985603333,80.1823272705,48204,48214,10
13.0986404419,80.1827163696,48214,48224,10
13.0987796783,80.1832809448,48224,48234,10
13.0990104675,80.1840133667,48234,48244,10
13.0992498398,80.1847610474,48244,48255,11
13.0993995667,80.1853637695,48255,48265,10
13.0994997025,80.1860122681,48265,48275,10
13.099729538,80.1868286133,48275,48285,10
13.0999202728,80.1875076294,48285,48295,10
13.1002397537,80.1883010864,48295,48305,10
13.1005802155,80.188911438,48305,48315,10
13.101269722,80.1896820068,48315,48335,20
13.101269722,80.1896820068,48335,48345,10
13.101269722,80.1897888184,48345,48356,11
13.1013803482,80.1903381348,48356,48366,10
13.1015100479,80.1910400391,48366,48376,10
13.1016397476,80.1917037964,48376,48386,10
13.1017599106,80.1922988892,48386,48396,10
13.1018695831,80.1928710938,48396,48406,10
13.1019601822,80.1934585571,48406,48416,10
13.1021604538,80.1940383911,48416,48426,10
13.1021203995,80.1946105957,48426,48436,10
13.1020298004,80.1949234009,48436,48446,10
13.1021604538,80.1954193115,48446,48457,11
13.1024799347,80.1963882446,48457,48467,10
13.1028299332,80.1974182129,48467,48477,10
13.1030797958,80.1984634399,48477,48487,10
13.1031799316,80.1990432739,48487,48497,10
13.1032400131,80.1994934082,48497,48507,10
13.1033096313,80.200012207,48507,48517,10
13.1034202576,80.2009277344,48517,48527,10
13.1035003662,80.201713562,48527,48537,10
13.1035995483,80.2025604248,48537,48547,10
13.1036300659,80.2027587891,48547,48558,11
13.1036396027,80.2029495239,48558,48568,10
13.1036500931,80.2034072876,48568,48578,10
13.103770256,80.2040863037,48578,48588,10
13.1038198471,80.2048492432,48588,48598,10
13.1038103104,80.205581665,48598,48608,10
13.1036901474,80.2061462402,48608,48618,10
13.1034898758,80.2067718506,48618,48628,10
13.1032600403,80.2072372437,48628,48638,10
13.1031398773,80.2076187134,48638,48648,10
13.1030597687,80.2077789307,48648,48659,11
13.10297966,80.2079620361,48659,48669,10
13.1028003693,80.2084884644,48669,48679,10
13.102640152,80.2090911865,48679,48689,10
13.1025600433,80.2093429565,48689,48699,10
13.1024198532,80.2098388672,48699,48709,10
13.1021900177,80.2105178833,48709,48717,8
13.1019802094,80.2111434937,48717,48729,12
13.1016702652,80.2120132446,48729,48739,10
13.101360321,80.2127990723,48739,48749,10
13.1011600494,80.2133102417,48749,48760,11
13.1010398865,80.2135772705,48760,48770,10
13.100810051,80.2141876221,48770,48790,20
13.100810051,80.2141876221,48790,48800,10
13.1007003784,80.2144088745,48800,48810,10
13.1004800797,80.2149200439,48810,48820,10
13.1003303528,80.2153320313,48820,48830,10
13.1002197266,80.2155685425,48830,48840,10
13.0996999741,80.2168273926,48840,48851,11
13.0996999741,80.2168273926,48851,48861,10
13.0994701385,80.2176589966,48861,48871,10
13.0993204117,80.2185897827,48871,48881,10
13.0992298126,80.2191925049,48881,48891,10
13.0991697311,80.2195663452,48891,48901,10
13.0990600586,80.2202224731,48901,48914,13
13.0988998413,80.221031189,48914,48924,10
13.0987596512,80.2222595215,48924,48934,10
13.09897995,80.2231674194,48934,48943,9
13.0994596481,80.2238082886,48943,48955,12
13.0997495651,80.2246170044,48955,48965,10
13.0999097824,80.2255096436,48965,48975,10
13.0999298096,80.2256164551,48975,48985,10
13.0999698639,80.2260818481,48985,48995,10
13.1000204086,80.2266769409,48995,49005,10
13.1000003815,80.2274475098,49005,49014,9
13.0998802185,80.2283477783,49014,49025,11
13.0998001099,80.2291488647,49025,49035,10
13.0996904373,80.2297668457,49035,49045,10
13.0995597839,80.2303619385,49045,49056,11
13.0995397568,80.2304382324,49056,49066,10
13.099439621,80.2306900024,49066,49076,10
13.0992097855,80.2311706543,49076,49086,10
13.0989904404,80.2317581177,49086,49095,9
13.0988197327,80.2322769165,49095,49106,11
13.0986700058,80.2328720093,49106,49116,10
13.0985803604,80.2335510254,49116,49126,10
13.0985298157,80.23387146,49126,49136,10
13.0985403061,80.2341003418,49136,49146,10
13.0985403061,80.2341766357,49146,49157,11
13.0984802246,80.2345809937,49157,49167,10
13.0984201431,80.2351608276,49167,49177,10
13.0983400345,80.2357025146,49177,49187,10
13.0981998444,80.2363433838,49187,49197,10
13.0981197357,80.2369918823,49197,49207,10
13.0980300903,80.237411499,49207,49217,10
13.0978298187,80.2383270264,49217,49227,10
13.0977401733,80.239112854,49227,49237,10
13.097700119,80.2396469116,49237,49246,9
13.0976896286,80.2399597168,49246,49258,12
13.0976495743,80.2406234741,49258,49268,10
13.0975399017,80.2413711548,49268,49278,10
13.0975198746,80.2415466309,49278,49288,10
13.0974702835,80.2418670654,49288,49298,10
13.0972003937,80.2421112061,49298,49308,10
13.096739769,80.2419662476,49308,49318,10
13.0960798264,80.2417602539,49318,49328,10
13.0952997208,80.2414627075,49328,49338,10
13.0946903229,80.2412872314,49338,49348,10
13.0942296982,80.2411804199,49348,49359,11
13.0937004089,80.2410888672,49359,49369,10
13.0935401917,80.2410430908,49369,49379,10
13.0930204391,80.2409591675,49379,49389,10
13.092300415,80.2408905029,49389,49399,10
13.0914297104,80.2408370972,49399,49409,10
13.0904798508,80.2408065796,49409,49419,10
13.0895595551,80.241027832,49419,49429,10
13.088760376,80.2416000366,49429,49439,10
13.088060379,80.2422180176,49439,49448,9
13.0878601074,80.2430267334,49448,49460,12
13.0877103806,80.2433776855,49460,49470,10
13.0876197815,80.2434692383,49470,49480,10
13.0874996185,80.2436218262,49480,49490,10
13.0871496201,80.2439727783,49490,49500,10
13.0866298676,80.244430542,49500,49510,10
13.0860595703,80.2449035645,49510,49520,10
13.0857400894,80.2451782227,49520,49530,10
13.0856103897,80.2456970215,49530,49540,10
13.0856304169,80.2462234497,49540,49550,10
13.0856895447,80.2465362549,49550,49561,11
13.0856895447,80.2467803955,49561,49571,10
13.0857601166,80.247428894,49571,49581,10
13.0858697891,80.2482681274,49581,49591,10
13.0858802795,80.2492828369,49591,49601,10
13.0859098434,80.2499771118,49601,49611,10
13.0858602524,80.250541687,49611,49621,10
13.0857696533,80.2511367798,49621,49631,10
13.0856599808,80.2518234253,49631,49641,10
13.0855903625,80.2522735596,49641,49651,10
13.0855398178,80.2528533936,49651,49662,11
13.0854701996,80.2534713745,49662,49672,10
13.0855197906,80.2540512085,49672,49682,10
13.0855503082,80.2546005249,49682,49692,10
13.0852603912,80.254699707,49692,49702,10
13.0846300125,80.2546386719,49702,49712,10
13.0839195251,80.2545471191,49712,49732,20
13.0839195251,80.2545471191,49732,49742,10
13.0834197998,80.2544937134,49742,49753,11
13.0826997757,80.2544403076,49753,49763,10
13.0820703506,80.2544937134,49763,49773,10
13.0814504623,80.2548217773,49773,49783,10
13.0809497833,80.2548217773,49783,49793,10
13.0806903839,80.2547836304,49793,49803,10
13.0800895691,80.2546615601,49803,49813,10
13.0793304443,80.2545928955,49813,49823,10
13.0789804459,80.2549209595,49823,49833,10
13.0790596008,80.2555007935,49833,49843,10
13.0791397095,80.2563476563,49843,49854,11
13.0785303116,80.2566299438,49854,49864,10
13.0779600143,80.256652832,49864,49874,10
13.0774002075,80.256729126,49874,49884,10
13.0768604279,80.2569732666,49884,49894,10
13.0762500763,80.2574996948,49894,49904,10
13.0757198334,80.2580337524,49904,49914,10
13.0754804611,80.2583618164,49914,49924,10
13.0756196976,80.2589263916,49924,49934,10
13.0760097504,80.2595825195,49934,49944,10
13.0766000748,80.2600479126,49944,49955,11
13.0770397186,80.2604980469,49955,49965,10
13.0773601532,80.2610626221,49965,49975,10
13.0776500702,80.2617874146,49975,49985,10
13.0778198242,80.2621078491,49985,50015,30
13.0778198242,80.2623214722,50015,50035,20
13.0778198242,80.2623214722,50035,50045,10
13.0778799057,80.2624893188,50045,50056,11
13.0780000687,80.2629165649,50056,50066,10
13.0782499313,80.263343811,50066,50076,10
13.0778503418,80.2636184692,50076,50086,10
13.0772800446,80.2640228271,50086,50096,10
13.0764799118,80.2642211914,50096,50106,10
13.0757598877,80.2642364502,50106,50116,10
13.0753898621,80.2637863159,50116,50125,9
13.0749998093,80.2632369995,50125,50136,11
13.0746002197,80.2627105713,50136,50146,10
13.0741596222,80.2622070313,50146,50157,11
13.0737199783,80.261680603,50157,50167,10
13.073559761,80.2614974976,50167,50177,10
13.0731201172,80.2614593506,50177,50187,10
13.0728998184,80.2620620728,50187,50197,10
13.0726995468,80.2627410889,50197,50207,10
13.0725097656,80.2633132935,50207,50217,10
13.0721902847,80.263923645,50217,50227,10
13.0715398788,80.2647018433,50227,50247,20
13.0715398788,80.2647018433,50247,50258,11
13.0712003708,80.2649612427,50258,50268,10
13.0707597733,80.2653808594,50268,50278,10
13.0702695847,80.2658996582,50278,50288,10
13.0699300766,80.266242981,50288,50298,10
13.0695400238,80.2666168213,50298,50308,10
13.0690603256,80.2671279907,50308,50318,10
13.0687799454,80.2677230835,50318,50328,10
13.0685396194,80.2685089111,50328,50338,10
13.0683403015,80.2693099976,50338,50348,10
13.0682296753,80.2699737549,50348,50359,11
13.068110466,80.2709274292,50359,50369,10
13.0683002472,80.2715911865,50369,50419,50
13.0683803558,80.271697998,50419,50439,20
13.0683803558,80.271697998,50439,50449,10
13.0684204102,80.2717971802,50449,50460,11
13.068189621,80.2721405029,50460,50470,10
13.0676898956,80.2726364136,50470,50480,10
13.067440033,80.2729568481,50480,50490,10
13.0672798157,80.2731170654,50490,50500,10
13.0669803619,80.2734985352,50500,50510,10
13.0668201447,80.2737197876,50510,50520,10
13.0667104721,80.2739028931,50520,50528,8
13.0665597916,80.2742996216,50528,50540,12
13.0662498474,80.275100708,50540,50550,10
13.0659399033,80.2759017944,50550,50561,11
13.0655498505,80.2769012451,50561,50571,10
13.0651102066,80.2778015137,50571,50581,10
13.0648002625,80.2784729004,50581,50591,10
13.0647296906,80.2786636353,50591,50601,10
13.0646095276,80.2791824341,50601,50611,10
13.0643997192,80.2799224854,50611,50621,10
13.0643596649,80.2807617188,50621,50631,10
13.0644798279,80.2816162109,50631,50641,10
13.0643997192,80.2821426392,50641,50651,10
13.0643100739,80.282699585,50651,50662,11
13.0642204285,80.2832107544,50662,50702,40
13.0642204285,80.2832107544,50702,50712,10
13.0637302399,80.2834014893,50712,50722,10
13.0637302399,80.2834014893,50722,50732,10
13.0630302429,80.2832336426,50732,50742,10
13.0623502731,80.2830810547,50742,50752,10
13.0616502762,80.2829437256,50752,50763,11
13.0607004166,80.2827301025,50763,50773,10
13.0597600937,80.2825164795,50773,50786,13
13.0587301254,80.2823181152,50786,50796,10
13.0576295853,80.2820968628,50796,50804,8
13.0571298599,80.2819976807,50804,50816,12
13.0567398071,80.2819213867,50816,50826,10
13.0565299988,80.281867981,50826,50836,10
13.0559597015,80.28175354,50836,50846,10
13.0551996231,80.281578064,50846,50857,11
13.0541801453,80.2813720703,50857,50867,10
13.053150177,80.2811889648,50867,50877,10
13.052280426,80.2810592651,50877,50887,10
13.0510797501,80.2808685303,50887,50897,10
13.0504302979,80.2807693481,50897,50907,10
13.0492801666,80.2806167603,50907,50917,10
13.0483198166,80.2804794312,50917,50927,10
13.0470895767,80.2802886963,50927,50937,10
13.0460996628,80.280166626,50937,50947,10
13.045129776,80.2800292969,50947,50958,11
13.043970108,80.2798690796,50958,50968,10
13.0428800583,80.2796630859,50968,50978,10
13.0417003632,80.2794265747,50978,50988,10
13.0404500961,80.2791976929,50988,50998,10
13.0390796661,80.2788619995,50998,51018,20
13.0390796661,80.2788619995,51018,51028,10
13.0388202667,80.2787704468,51028,51038,10
13.038310051,80.2786026001,51038,51048,10
13.0375795364,80.2783584595,51048,51059,11
13.0370702744,80.278213501,51059,51069,10
13.0364704132,80.2779922485,51069,51079,10
13.0357103348,80.2778015137,51079,51089,10
13.0348596573,80.2776489258,51089,51099,10
13.0343599319,80.2775421143,51099,51108,9
13.0335102081,80.2773895264,51108,51119,11
13.0328397751,80.2774963379,51119,51129,10
13.0322599411,80.277557373,51129,51139,10
13.031419754,80.2775421143,51139,51149,10
13.0312099457,80.2773666382,51149,51160,11
13.0309200287,80.2772293091,51160,51170,10
13.0307197571,80.277130127,51170,51180,10
13.0302000046,80.2768936157,51180,51190,10
13.0296897888,80.2766876221,51190,51200,10
13.0288295746,80.2764434814,51200,51210,10
13.0282201767,80.2762069702,51210,51220,10
13.0276002884,80.2759475708,51220,51230,10
13.0268096924,80.2755966187,51230,51240,10
13.0260896683,80.2752685547,51240,51250,10
13.0259799957,80.2752304077,51250,51261,11
13.0257701874,80.2751235962,51261,51271,10
13.0253000259,80.2749404907,51271,51281,10
13.0246200562,80.2745895386,51281,51291,10
13.0240898132,80.2740478516,51291,51321,30
13.0240898132,80.2740478516,51321,51331,10
13.0238399506,80.2737121582,51331,51341,10
13.0235099792,80.2732772827,51341,51351,10
13.0230703354,80.2727203369,51351,51361,10
13.0225296021,80.271987915,51361,51372,11
13.0218200684,80.2710494995,51372,51382,10
13.0208797455,80.2699432373,51382,51422,40
13.0208797455,80.2699432373,51422,51432,10
13.0207700729,80.2697677612,51432,51442,10
13.0206604004,80.2696304321,51442,51452,10
13.020409584,80.269241333,51452,51463,11
13.019900322,80.268661499,51463,51473,10
13.0193595886,80.2680206299,51473,51483,10
13.0187702179,80.2672424316,51483,51493,10
13.0185899734,80.2662506104,51493,51503,10
13.0186595917,80.2656173706,51503,51513,10
13.0188703537,80.2648773193,51513,51523,10
13.0190095901,80.2639770508,51523,51534,11
13.0189599991,80.2634887695,51534,51543,9
13.0188999176,80.2631072998,51543,51554,11
13.0188798904,80.2630233765,51554,51565,11
13.0188398361,80.2627105713,51565,51575,10
13.0187997818,80.2621078491,51575,51585,10
13.0186500549,80.2613372803,51585,51595,10
13.0180397034,80.2609024048,51595,51605,10
13.0173101425,80.2603912354,51605,51615,10
13.0159797668,80.2596435547,51615,51635,20
13.0159797668,80.2596435547,51635,51645,10
13.0156402588,80.2594909668,51645,51655,10
13.0150003433,80.2593307495,51655,51666,11
13.0143299103,80.2592773438,51666,51676,10
13.0135402679,80.2592468262,51676,51686,10
13.0126104355,80.2592163086,51686,51696,10
13.0115804672,80.2591705322,51696,51706,10
13.01060009,80.2592010498,51706,51716,10
13.0094995499,80.2591705322,51716,51726,10
13.008769989,80.2591400146,51726,51736,10
13.008480072,80.2591323853,51736,51746,10
13.0079803467,80.2592163086,51746,51756,10
13.0073795319,80.2591781616,51756,51767,11
13.0071601868,80.2586898804,51767,51777,10
13.0070199966,80.2584075928,51777,51787,10
13.0067195892,80.2578887939,51787,51797,10
13.0060901642,80.2575073242,51797,51807,10
13.0053596497,80.2573318481,51807,51817,10
13.0050697327,80.2572174072,51817,51827,10
13.0047397614,80.2571411133,51827,51837,10
13.0041599274,80.2570266724,51837,51847,10
13.0033998489,80.2568664551,51847,51858,11
13.0024204254,80.2566680908,51858,51868,10
13.0013599396,80.2565307617,51868,51928,60
13.0013599396,80.2565307617,51928,51938,10
13.0011796951,80.2565002441,51938,51948,10
13.000670433,80.256401062,51948,51959,11
12.9998598099,80.2562637329,51959,51969,10
12.9991397858,80.256111145,51969,51979,10
12.9983997345,80.256072998,51979,52009,30
12.9983997345,80.256072998,52009,52019,10
12.9981203079,80.2559814453,52019,52029,10
12.9977197647,80.2559127808,52029,52039,10
12.9975795746,80.2558898926,52039,52049,10
12.9971599579,80.2558898926,52049,52070,21
12.9971599579,80.2558898926,52070,52080,10
12.9967699051,80.255859375,52080,52090,10
12.9967699051,80.255859375,52090,52100,10
12.9963798523,80.255859375,52100,52110,10
12.9957304001,80.255859375,52110,52120,10
12.9950704575,80.2559127808,52120,52130,10
12.9945201874,80.2559509277,52130,52140,10
12.9938697815,80.2559890747,52140,52151,11
12.9929199219,80.2560424805,52151,52163,12
12.9918498993,80.2560501099,52163,52173,10
12.9907102585,80.2560195923,52173,52183,10
12.9897203445,80.2559890747,52183,52193,10
12.9887399673,80.255897522,52193,52203,10
12.9882097244,80.255859375,52203,52213,10
12.9878396988,80.255821228,52213,52264,51
12.9878396988,80.255821228,52264,52274,10
12.9876203537,80.2559814453,52274,52284,10
12.9875898361,80.2565231323,52284,52294,10
12.9875001907,80.2572097778,52294,52304,10
12.987449646,80.2581100464,52304,52314,10
12.9873800278,80.2587966919,52314,52324,10
12.9872903824,80.259147644,52324,52344,20
12.9872903824,80.259147644,52344,52354,10
12.9872503281,80.2592391968,52354,52365,11
12.9871397018,80.2595367432,52365,52385,20
12.9871397018,80.2595367432,52385,52395,10
12.9869804382,80.2595291138,52395,52405,10
12.9867200851,80.2594833374,52405,52415,10
12.9866199493,80.2591094971,52415,53688,1273
12.9866199493,80.2591094971,53688,53698,10
12.9869699478,80.2591094971,53698,53779,81
12.9869699478,80.2591094971,53779,53789,10
12.9873504639,80.258972168,53789,53819,30
12.9873504639,80.258972168,53819,53829,10
12.9873800278,80.2588195801,53829,53839,10
12.9874095917,80.2583236694,53839,53860,21
12.9874095917,80.2583236694,53860,53870,10
12.9874200821,80.2581634521,53870,53880,10
12.9874601364,80.2577667236,53880,53890,10
12.9875001907,80.2571334839,53890,53900,10
12.9875497818,80.2565078735,53900,53910,10
12.9875602722,80.256149292,53910,53920,10
12.9875402451,80.2560195923,53920,53930,10
12.9875602722,80.2558288574,53930,53941,11
12.987950325,80.2557601929,53941,53951,10
12.9883403778,80.2558364868,53951,53961,10
12.9885997772,80.2558898926,53961,53981,20
12.9885997772,80.2558898926,53981,53991,10
12.9890203476,80.2559204102,53991,54001,10
12.9895401001,80.2559661865,54001,54011,10
12.9902200699,80.2559967041,54011,54021,10
12.9908399582,80.2559967041,54021,54031,10
12.9916200638,80.2560577393,54031,54042,11
12.9924898148,80.2560577393,54042,54052,10
12.9933395386,80.2559890747,54052,54062,10
12.9941701889,80.2559204102,54062,54072,10
12.9950399399,80.255897522,54072,54082,10
12.9958600998,80.2558898926,54082,54092,10
12.9966602325,80.2558822632,54092,54102,10
12.9970502853,80.255897522,54102,54112,10
12.9975795746,80.2559280396,54112,54122,10
12.9982995987,80.2559432983,54122,54132,10
12.9988002777,80.2560119629,54132,54143,11
12.9988002777,80.2560195923,54143,54153,10
12.9989099503,80.2560424805,54153,54163,10
12.9991502762,80.2560806274,54163,54173,10
12.9997301102,80.2562026978,54173,54183,10
13.000459671,80.2563476563,54183,54193,10
13.0010700226,80.2564620972,54193,54203,10
13.0014400482,80.2564926147,54203,54213,10
13.0018997192,80.2565765381,54213,54223,10
13.0024003983,80.2566680908,54223,54232,9
13.0029497147,80.2567825317,54232,54244,12
13.0034999847,80.2568893433,54244,54254,10
13.0040397644,80.2570266724,54254,54264,10
13.0047502518,80.2571334839,54264,54274,10
13.0055303574,80.257270813,54274,54284,10
13.0060501099,80.2574081421,54284,54324,40
13.0060501099,80.2574081421,54324,54334,10
13.0064697266,80.2574768066,54334,54345,11
13.006819725,80.2578582764,54345,54355,10
13.0072603226,80.2583999634,54355,54365,10
13.0079698563,80.2587738037,54365,54375,10
13.0083599091,80.2589111328,54375,54385,10
13.0087203979,80.2590179443,54385,54395,10
13.0092697144,80.2590637207,54395,54405,10
13.0101003647,80.2590637207,54405,54415,10
13.0110702515,80.2590637207,54415,54425,10
13.0120897293,80.2590713501,54425,54435,10
13.0131597519,80.2591171265,54435,54446,11
13.0142498016,80.2591781616,54446,54456,10
13.0153198242,80.2592391968,54456,54466,10
13.0161800385,80.2595062256,54466,54476,10
13.0162696838,80.259552002,54476,54486,10
13.0163898468,80.2596588135,54486,54496,10
13.0167398453,80.2599411011,54496,54506,10
13.017370224,80.2603683472,54506,54516,10
13.0180501938,80.2608108521,54516,54526,10
13.018699646,80.2613220215,54526,54536,10
13.0192203522,80.2617721558,54536,54547,11
13.0198001862,80.2623672485,54547,54557,10
13.020190239,80.2629013062,54557,54567,10
13.0197496414,80.2629623413,54567,54577,10
13.019109726,80.2629699707,54577,54587,10
13.0190496445,80.2634506226,54587,54597,10
13.0191202164,80.2641830444,54597,54607,10
13.0188798904,80.2650680542,54607,54617,10
13.0187597275,80.2654800415,54617,54627,10
13.0186500549,80.2661819458,54627,54637,10
13.0187797546,80.2669830322,54637,54648,11
13.0193004608,80.2677764893,54648,54658,10
13.0199203491,80.2684707642,54658,54668,10
13.0206699371,80.2694015503,54668,54678,10
13.021320343,80.2702178955,54678,54688,10
13.0220003128,80.2711105347,54688,54698,10
13.0227203369,80.2720336914,54698,54707,9
13.023349762,80.2729110718,54707,54718,11
13.0238103867,80.2735595703,54718,54749,31
13.0238103867,80.2735595703,54749,54759,10
13.0240001678,80.2738494873,54759,54769,10
13.0243501663,80.2742462158,54769,54779,10
13.025349617,80.274848938,54779,54799,20
13.025349617,80.274848938,54799,54809,10
13.0257196426,80.2750778198,54809,54819,10
13.026260376,80.2753601074,54819,54829,10
13.0270004272,80.2756881714,54829,54839,10
13.0277795792,80.2760467529,54839,54850,11
13.0284404755,80.2762832642,54850,54860,10
13.0290203094,80.2764892578,54860,54870,10
13.0297002792,80.2766494751,54870,54881,11
13.0298995972,80.2767333984,54881,54890,9
13.0302295685,80.2769393921,54890,54901,11
13.0308599472,80.2772674561,54901,54911,10
13.0314998627,80.2774810791,54911,54921,10
13.0317897797,80.2774429321,54921,54931,10
13.0320701599,80.2774276733,54931,54941,10
13.0328798294,80.2774124146,54941,54962,21
13.0331802368,80.2774429321,54962,55002,40
13.0331802368,80.2774429321,55002,55013,11
13.0335903168,80.2773513794,55013,55022,9
13.0339803696,80.2774124146,55022,55033,11
13.0344800949,80.2775421143,55033,55044,11
13.0354099274,80.2777404785,55044,55054,10
13.0359802246,80.2778015137,55054,55064,10
13.0368204117,80.2781066895,55064,55074,10
13.037779808,80.2783432007,55074,55084,10
13.038769722,80.2786026001,55084,55094,10
13.0389499664,80.2786712646,55094,55104,10
13.0392999649,80.2788085938,55104,55114,10
13.0399103165,80.2789993286,55114,55124,10
13.0406703949,80.2791824341,55124,55134,10
13.0415697098,80.2793502808,55134,55145,11
13.0426197052,80.2794799805,55145,55155,10
13.0429697037,80.279510498,55155,55165,10
13.0431995392,80.2795410156,55165,55175,10
13.0436201096,80.2796783447,55175,55185,10
13.0440797806,80.2798080444,55185,55195,10
13.044719696,80.2799224854,55195,55205,10
13.0454301834,80.2799987793,55205,55215,10
13.0457201004,80.2800369263,55215,55225,10
13.0460596085,80.2800827026,55225,55235,10
13.0464200974,80.2801513672,55235,55246,11
13.0470399857,80.2802200317,55246,55256,10
13.0478000641,80.2803268433,55256,55266,10
13.0487003326,80.280456543,55266,55276,10
13.049539566,80.2805786133,55276,55286,10
13.0504302979,80.2807235718,55286,55296,10
13.0506601334,80.2807617188,55296,55306,10
13.0508003235,80.2807769775,55306,55316,10
13.051320076,80.2808609009,55316,55326,10
13.052069664,80.2809677124,55326,55336,10
13.0529699326,80.2810974121,55336,55346,10
13.0539999008,80.2812728882,55346,55357,11
13.0551395416,80.28150177,55357,55367,10
13.0559997559,80.2816696167,55367,55377,10
13.0564098358,80.2817382813,55377,55388,11
13.0566596985,80.2817993164,55388,55397,9
13.0572299957,80.2819290161,55397,55408,11
13.0575199127,80.2818832397,55408,55418,10
13.0576000214,80.2813034058,55418,55428,10
13.0576200485,80.2810897827,55428,55438,10
13.0576696396,80.2809524536,55438,55449,11
13.0577297211,80.2805404663,55449,55459,10
13.0578098297,80.2798995972,55459,55469,10
13.0579204559,80.2792282104,55469,55479,10
13.0580701828,80.2781906128,55479,55499,20
13.0580701828,80.2781906128,55499,55509,10
13.0581197739,80.2778320313,55509,55519,10
13.0581502914,80.2773895264,55519,55529,10
13.0585002899,80.2773208618,55529,55539,10
13.0591001511,80.2773971558,55539,55550,11
13.0596599579,80.2775268555,55550,55560,10
13.0601396561,80.2776031494,55560,55570,10
13.0608301163,80.2776565552,55570,55580,10
13.0614004135,80.2777404785,55580,55590,10
13.0618000031,80.2777481079,55590,55600,10
13.0619602203,80.2777786255,55600,55610,10
13.0624198914,80.2779693604,55610,55620,10
13.0628995895,80.2780380249,55620,55630,10
13.0636396408,80.2781600952,55630,55640,10
13.0638999939,80.2781677246,55640,55651,11
13.0644197464,80.278213501,55651,55661,10
13.0648202896,80.2780227661,55661,55671,10
13.0650596619,80.2775192261,55671,55681,10
13.0655298233,80.2766189575,55681,55691,10
13.0658903122,80.2757034302,55691,55701,10
13.0662202835,80.2747879028,55701,55711,10
13.0663003922,80.2747192383,55711,55721,10
13.0664196014,80.2746124268,55721,55731,10
13.0665998459,80.2740783691,55731,55741,10
13.0669403076,80.2734375,55741,55755,14
13.0674200058,80.2727432251,55755,55765,10
13.0681400299,80.2717971802,55765,55795,30
13.0681400299,80.2717971802,55795,55806,11
13.0682201385,80.2715301514,55806,55816,10
13.067899704,80.2709732056,55816,55826,10
13.0674200058,80.2704925537,55826,55836,10
13.0668401718,80.2698822021,55836,55847,11
13.0665397644,80.2693328857,55847,55857,10
13.0664901733,80.2686386108,55857,55867,10
13.0666303635,80.2683563232,55867,55877,10
13.0669698715,80.2685012817,55877,55887,10
13.0670003891,80.2685317993,55887,55897,10
13.0672197342,80.2686920166,55897,55907,10
13.0676803589,80.26902771,55907,55917,10
13.0681495667,80.2692565918,55917,55927,10
13.0683298111,80.268989563,55927,55937,10
13.0684995651,80.2684783936,55937,55948,11
13.0687398911,80.2676315308,55948,55958,10
13.0690202713,80.266960144,55958,55968,10
13.069560051,80.2664489746,55968,55979,11
13.0702104568,80.2659225464,55979,55988,9
13.0703601837,80.2658004761,55988,55999,11
13.0706501007,80.2654876709,55999,56009,10
13.071100235,80.2649993896,56009,56019,10
13.0716695786,80.2644424438,56019,56030,11
13.0721597672,80.2638015747,56030,56040,10
13.072429657,80.2631378174,56040,56051,11
13.072719574,80.2624435425,56051,56061,10
13.0729103088,80.2620391846,56061,56071,10
13.072930336,80.2619628906,56071,56081,10
13.0729398727,80.2617263794,56081,56091,10
13.0730104446,80.2613983154,56091,56101,10
13.0730800629,80.2612380981,56101,56111,10
13.0734195709,80.2612762451,56111,56121,10
13.0738401413,80.261756897,56121,56131,10
13.0743598938,80.2623596191,56131,56141,10
13.0747900009,80.2629470825,56141,56152,11
13.0752401352,80.2635803223,56152,56162,10
13.0756797791,80.2641296387,56162,56172,10
13.0761499405,80.2641677856,56172,56182,10
13.076669693,80.2640762329,56182,56192,10
13.0770196915,80.263999939,56192,56202,10
13.0775003433,80.2637710571,56202,56212,10
13.077750206,80.2635421753,56212,56222,10
13.0780200958,80.2633132935,56222,56232,10
13.0779304504,80.2629394531,56232,56242,10
13.0777597427,80.2623596191,56242,56253,11
13.077580452,80.261756897,56253,56263,10
13.0774097443,80.2612686157,56263,56273,10
13.0773000717,80.2608413696,56273,56293,20
13.0773000717,80.2608413696,56293,56303,10
13.077249527,80.2607116699,56303,56313,10
13.0769100189,80.2603378296,56313,56323,10
13.0765104294,80.2599868774,56323,56333,10
13.0760402679,80.2596435547,56333,56344,11
13.0756196976,80.2590408325,56344,56354,10
13.0753898621,80.2583236694,56354,56364,10
13.0756702423,80.2579116821,56364,56374,10
13.076089859,80.2575378418,56374,56384,10
13.0765199661,80.2571563721,56384,56394,10
13.0769796371,80.2568511963,56394,56404,10
13.077630043,80.256652832,56404,56414,10
13.078499794,80.2565917969,56414,56424,10
13.0789804459,80.256401062,56424,56434,10
13.0789804459,80.2558364868,56434,56444,10
13.0789203644,80.2550811768,56444,56455,11
13.07970047,80.2545394897,56455,56465,10
13.07970047,80.2545394897,56465,56475,10
13.0797996521,80.2545700073,56475,56485,10
13.0802402496,80.2546615601,56485,56495,10
13.0808601379,80.254699707,56495,56505,10
13.0813102722,80.254737854,56505,56515,10
13.0816402435,80.254447937,56515,56526,11
13.0818195343,80.2538223267,56526,56536,10
13.0818395615,80.2530822754,56536,56547,11
13.0813703537,80.2522506714,56547,56557,10
13.081319809,80.251411438,56557,56567,10
13.0813302994,80.2508773804,56567,56577,10
13.081319809,80.2502593994,56577,56587,10
13.0813798904,80.2496109009,56587,56598,11
13.0817899704,80.2496337891,56598,56608,10
13.082690239,80.249786377,56608,56618,10
13.0832996368,80.2498474121,56618,56628,10
13.0840396881,80.25,56628,56638,10
13.0846204758,80.2500762939,56638,56649,11
13.084690094,80.2500610352,56649,56659,10
13.0850696564,80.2501602173,56659,56669,10
13.0855102539,80.25025177,56669,56679,10
13.0855798721,80.2502670288,56679,56689,10
13.0858402252,80.2501296997,56689,56699,10
13.085849762,80.2496490479,56699,56709,10
13.0858201981,80.2489471436,56709,56719,10
13.0858001709,80.2481231689,56719,56729,10
13.0857896805,80.2471694946,56729,56739,10
13.0857496262,80.2465820313,56739,56750,11
13.0857200623,80.2464065552,56750,56760,10
13.0857000351,80.2459030151,56760,56770,10
13.0856399536,80.2453308105,56770,56780,10
13.0859098434,80.244972229,56780,56790,10
13.0864400864,80.2445373535,56790,56800,10
13.0870800018,80.2440032959,56800,56810,10
13.0876197815,80.2434768677,56810,56820,10
13.0878400803,80.2430419922,56820,56830,10
13.0879402161,80.2423934937,56830,56840,10
13.0882101059,80.2419891357,56840,56851,11
13.0886602402,80.2416610718,56851,56861,10
13.089220047,80.2412872314,56861,56871,10
13.0897502899,80.2409591675,56871,56881,10
13.0902700424,80.2407989502,56881,56891,10
13.0912799835,80.2407913208,56891,56901,10
13.0920801163,80.240852356,56901,56911,10
13.0926799774,80.2408676147,56911,56921,10
13.0932598114,80.2409591675,56921,56931,10
13.0937004089,80.2410430908,56931,56941,10
13.0938997269,80.2410736084,56941,56952,11
13.0941295624,80.2411193848,56952,56962,10
13.0944299698,80.2411575317,56962,56972,10
13.0947904587,80.2412414551,56972,56982,10
13.0951795578,80.2413406372,56982,56992,10
13.0957899094,80.2415618896,56992,57002,10
13.0968503952,80.2419586182,57002,57022,20
13.0968503952,80.2419586182,57022,57032,10
13.0971403122,80.2420196533,57032,57042,10
13.0974397659,80.2418518066,57042,57053,11
13.0975799561,80.2412109375,57053,57063,10
13.0976495743,80.2404632568,57063,57073,10
13.0977096558,80.2397232056,57073,57083,10
13.0977602005,80.239112854,57083,57093,10
13.0978298187,80.2384872437,57093,57103,10
13.097869873,80.2382888794,57103,57113,10
13.097990036,80.2377319336,57113,57123,10
13.0981197357,80.2370376587,57123,57133,10
13.0982198715,80.2363815308,57133,57143,10
13.0982904434,80.2359085083,57143,57154,11
13.0984096527,80.2353363037,57154,57164,10
13.0984802246,80.234992981,57164,57174,10
13.0984897614,80.23487854,57174,57184,10
13.0985097885,80.2345962524,57184,57194,10
13.0985603333,80.2340316772,57194,57204,10
13.0986404419,80.2332992554,57204,57214,10
13.0987300873,80.2326431274,57214,57224,10
13.0988502502,80.2322006226,57224,57234,10
13.0989599228,80.231880188,57234,57244,10
13.0991601944,80.2314224243,57244,57255,11
13.0993299484,80.2310409546,57255,57265,10
13.0994796753,80.230682373,57265,57275,10
13.0996103287,80.2302398682,57275,57285,10
13.0996198654,80.2302093506,57285,57295,10
13.0996799469,80.2300415039,57295,57305,10
13.0997800827,80.2296829224,57305,57315,10
13.0998296738,80.2291793823,57315,57325,10
13.0999298096,80.2285690308,57325,57335,10
13.1000299454,80.2278594971,57335,57345,10
13.1000404358,80.2269592285,57345,57356,11
13.0999698639,80.2260284424,57356,57366,10
13.0999002457,80.2253189087,57366,57376,10
13.0997800827,80.2248001099,57376,57386,10
13.0995998383,80.2241973877,57386,57396,10
13.0993995667,80.2237930298,57396,57406,10
13.099240303,80.2236022949,57406,57416,10
13.0990104675,80.2233123779,57416,57426,10
13.0988197327,80.2230606079,57426,57436,10
13.0987195969,80.2227401733,57436,57446,10
13.0987300873,80.2220993042,57446,57457,11
13.0988502502,80.2211837769,57457,57467,10
13.099029541,80.220199585,57467,57477,10
13.0991802216,80.2193832397,57477,57487,10
13.0992603302,80.2188568115,57487,57497,10
13.0993700027,80.2181091309,57497,57507,10
13.0994997025,80.2174606323,57507,57517,10
13.0996799469,80.2168197632,57517,57527,10
13.0999803543,80.2161178589,57527,57537,10
13.1002197266,80.2155227661,57537,57548,11
13.1003198624,80.2153015137,57548,57558,10
13.100520134,80.214881897,57558,57568,10
13.1006803513,80.2145233154,57568,57578,10
13.1008996964,80.2139892578,57578,57588,10
13.1011600494,80.2132797241,57588,57598,10
13.1014995575,80.2124481201,57598,57608,10
13.1018295288,80.2114868164,57608,57618,10
13.1022195816,80.2105178833,57618,57628,10
13.102519989,80.2096405029,57628,57638,10
13.1026601791,80.2091217041,57638,57649,11
13.1028203964,80.2086105347,57649,57669,20
13.1028203964,80.2086105347,57669,57679,10
13.1029195786,80.2082519531,57679,57689,10
13.1031198502,80.2077789307,57689,57699,10
13.1033496857,80.2071685791,57699,57709,10
13.1036701202,80.206413269,57709,57719,10
13.1038599014,80.2055587769,57719,57729,10
13.1038503647,80.2046813965,57729,57739,10
13.1036396027,80.2034378052,57739,57760,21
13.1036396027,80.2034378052,57760,57770,10
13.1035499573,80.2031326294,57770,57780,10
13.1035404205,80.2025375366,57780,57790,10
13.1034402847,80.2018203735,57790,57800,10
13.1034002304,80.2015991211,57800,57810,10
13.1033601761,80.2013397217,57810,57820,10
13.1033096313,80.2007675171,57820,57830,10
13.1032495499,80.2000274658,57830,57840,10
13.1031398773,80.1993789673,57840,57851,11
13.1031303406,80.1993026733,57851,57861,10
13.1030902863,80.1990509033,57861,57871,10
13.1029701233,80.1984481812,57871,57881,10
13.1028203964,80.1977386475,57881,57891,10
13.1026296616,80.1970901489,57891,57901,10
13.1024198532,80.1964797974,57901,57911,10
13.1022195816,80.1958999634,57911,57921,10
13.1020298004,80.1953277588,57921,57931,10
13.1018400192,80.1947937012,57931,57941,10
13.1017198563,80.1946182251,57941,57952,11
13.1014900208,80.1942520142,57952,57962,10
13.1017599106,80.1936798096,57962,57972,10
13.1017303467,80.1927566528,57972,57982,10
13.1015396118,80.1916732788,57982,57992,10
13.1013097763,80.1905517578,57992,58002,10
13.1011199951,80.1901016235,58002,58012,10
13.1010303497,80.1898803711,58012,58022,10
13.1007995605,80.1893386841,58022,58032,10
13.1004295349,80.1887207031,58032,58042,10
13.100110054,80.188041687,58042,58053,11
13.0998296738,80.1871795654,58053,58063,10
13.0996599197,80.1864395142,58063,58073,10
13.0994701385,80.1855316162,58073,58083,10
13.0992898941,80.1847610474,58083,58093,10
13.0991802216,80.1843490601,58093,58102,9
13.0989999771,80.1838378906,58102,58113,11
13.0987596512,80.1830291748,58113,58123,10
13.0985403061,80.1821670532,58123,58133,10
13.098400116,80.1816101074,58133,58143,10
13.0983104706,80.1811904907,58143,58154,11
13.098110199,80.180480957,58154,58164,10
13.0979003906,80.1796264648,58164,58174,10
13.0977897644,80.1786422729,58174,58184,10
13.0978403091,80.1775512695,58184,58194,10
13.0980100632,80.1765213013,58194,58204,10
13.0981397629,80.1756286621,58204,58214,10
13.0982503891,80.1746826172,58214,58224,10
13.0985603333,80.173828125,58224,58234,10
13.0989599228,80.1729125977,58234,58244,10
13.0993299484,80.1718597412,58244,58255,11
13.0995998383,80.1710281372,58255,58265,10
13.099650383,80.1708679199,58265,58275,10
13.099729538,80.1704483032,58275,58285,10
13.0997400284,80.1698913574,58285,58295,10
13.0997400284,80.1698608398,58295,58305,10
13.099729538,80.1697387695,58305,58315,10
13.0994596481,80.1696395874,58315,58931,616
13.0994596481,80.1696395874,58931,58941,10
13.0996599197,80.1698379517,58941,58952,11
13.0997200012,80.1701812744,58952,58962,10
13.0996303558,80.171043396,58962,58982,20
13.0996303558,80.171043396,58982,58992,10
13.0994901657,80.1714477539,58992,59002,10
13.0992803574,80.17212677,59002,59012,10
13.098950386,80.1729736328,59012,59022,10
13.0985803604,80.1738586426,59022,59032,10
13.0983600616,80.1744384766,59032,59042,10
13.0981397629,80.1754608154,59042,59052,10
13.098110199,80.1762008667,59052,59063,11
13.0979499817,80.1770629883,59063,59073,10
13.0978603363,80.1780014038,59073,59083,10
13.0978403091,80.1789932251,59083,59093,10
13.097990036,80.1798706055,59093,59103,10
13.0982904434,80.1809387207,59103,59133,30
13.0982904434,80.1809387207,59133,59143,10
13.0983200073,80.1810684204,59143,59154,11
13.0984601974,80.181602478,59154,59164,10
13.0985603333,80.1821517944,59164,59174,10
13.098739624,80.1828994751,59174,59184,10
13.0989198685,80.1835403442,59184,59194,10
13.0990800858,80.1840209961,59194,59204,10
13.0992698669,80.1846389771,59204,59214,10
13.0994997025,80.1854171753,59214,59224,10
13.0996904373,80.1862030029,59224,59234,10
13.0998802185,80.1869812012,59234,59245,11
13.1000204086,80.1875534058,59245,59255,10
13.1002502441,80.1882324219,59255,59265,10
13.1004695892,80.1887283325,59265,59275,10
13.1007604599,80.1891403198,59275,59285,10
13.1011400223,80.1894683838,59285,59295,10
13.1013298035,80.1897201538,59295,59305,10
13.1013298035,80.1897735596,59305,59315,10
13.1014404297,80.1902999878,59315,59325,10
13.101559639,80.1910171509,59325,59335,10
13.1016597748,80.1916885376,59335,59346,11
13.1017799377,80.1923294067,59346,59356,10
13.1018800735,80.1929168701,59356,59366,10
13.1019802094,80.1935119629,59366,59376,10
13.1021604538,80.1940765381,59376,59386,10
13.1021203995,80.1946182251,59386,59396,10
13.1021404266,80.1952972412,59396,59406,10
13.1024398804,80.1962509155,59406,59416,10
13.1028404236,80.1974334717,59416,59426,10
13.103099823,80.1985626221,59426,59436,10
13.1031904221,80.1990890503,59436,59447,11
13.103269577,80.1996078491,59447,59457,10
13.1033802032,80.2003326416,59457,59467,10
13.1034402847,80.200958252,59467,59477,10
13.1035003662,80.2014694214,59477,59487,10
13.1035995483,80.2023620605,59487,59497,10
13.1036396027,80.2026824951,59497,59507,10
13.1036701202,80.2029266357,59507,59517,10
13.1037902832,80.2035903931,59517,59527,10
13.1038599014,80.2042617798,59527,59537,10
13.1038799286,80.2048568726,59537,59548,11
13.1039104462,80.2056427002,59548,59558,10
13.1037902832,80.2062988281,59558,59568,10
13.1035003662,80.2069702148,59568,59578,10
13.1031703949,80.2076797485,59578,59598,20
13.1031703949,80.2076797485,59598,59608,10
13.103099823,80.2078781128,59608,59618,10
13.1029396057,80.2082519531,59618,59628,10
13.1027803421,80.2088317871,59628,59638,10
13.1026496887,80.2092285156,59638,59649,11
13.1025495529,80.2096176147,59649,59659,10
13.1023197174,80.2102432251,59659,59669,10
13.1020498276,80.2110214233,59669,59679,10
13.1017999649,80.211730957,59679,59689,10
13.1015396118,80.2124023438,59689,59699,10
13.1012601852,80.213180542,59699,59709,10
13.1011896133,80.2133407593,59709,59719,10
13.1010398865,80.2136993408,59719,59729,10
13.1008300781,80.2142791748,59729,59739,10
13.1007604599,80.2144622803,59739,59750,11
13.1005401611,80.2148971558,59750,59760,10
13.1002502441,80.2155609131,59760,59770,10
13.0999097824,80.2163391113,59770,59780,10
13.0996303558,80.2172088623,59780,59790,10
13.0994195938,80.2182006836,59790,59800,10
13.0992698669,80.2191696167,59800,59810,10
13.0992002487,80.2195968628,59810,59820,10
13.0990800858,80.2202835083,59820,59830,10
13.0989303589,80.2211380005,59830,59840,10
13.0987997055,80.2220916748,59840,59851,11
13.0989398956,80.2231292725,59851,59862,11
13.0996103287,80.224067688,59862,59872,10
13.0999202728,80.2252426147,59872,59882,10
13.0999898911,80.225692749,59882,59892,10
13.1000003815,80.2258224487,59892,59902,10
13.100060463,80.2263412476,59902,59912,10
13.1000900269,80.2270812988,59912,59922,10
13.1000900269,80.2278823853,59922,59932,10
13.0999403,80.2287826538,59932,59942,10
13.099820137,80.2295837402,59942,59953,11
13.0996103287,80.2304000854,59953,59963,10
13.0995798111,80.230506897,59963,59973,10
13.0995397568,80.2306213379,59973,59983,10
13.0993499756,80.2310562134,59983,59993,10
13.0990800858,80.2316589355,59993,60003,10
13.098859787,80.2322769165,60003,60013,10
13.0986995697,80.2330474854,60013,60023,10
13.0986003876,80.2337722778,60023,60033,10
13.0985803604,80.234161377,60033,60064,31
13.0985803604,80.234161377,60064,60074,10
13.0985403061,80.2343902588,60074,60084,10
13.0984897614,80.2348480225,60084,60094,10
13.098400116,80.2355422974,60094,60104,10
13.0982599258,80.2363815308,60104,60114,10
13.0981197357,80.2372436523,60114,60123,9
13.0979604721,80.2380523682,60123,60134,11
13.097820282,80.238861084,60134,60144,10
13.0977497101,80.2397689819,60144,60155,11
13.0977401733,80.2398834229,60155,60165,10
13.097700119,80.240272522,60165,60175,10
13.0976600647,80.2408905029,60175,60185,10
13.0975599289,80.2415390015,60185,60195,10
13.0972204208,80.2421417236,60195,60205,10
13.0965900421,80.2419204712,60205,60215,10
13.0958795547,80.2416763306,60215,60225,10
13.0952301025,80.2414398193,60225,60235,10
13.0947904587,80.2413024902,60235,60245,10
13.0942497253,80.2412185669,60245,60256,11
13.0936002731,80.2410964966,60256,60266,10
13.0935697556,80.2410964966,60266,60276,10
13.0931596756,80.241027832,60276,60286,10
13.0925302505,80.2409591675,60286,60296,10
13.091750145,80.2408905029,60296,60306,10
13.0908603668,80.2408599854,60306,60316,10
13.0899095535,80.2409591675,60316,60326,10
13.0891199112,80.2414169312,60326,60336,10
13.0883703232,80.2419891357,60336,60347,11
13.0879201889,80.2428970337,60347,60357,10
13.0878400803,80.2432785034,60357,60367,10
13.0876398087,80.243637085,60367,60377,10
13.0876102448,80.2436599731,60377,60387,10
13.0873603821,80.2438735962,60387,60397,10
13.0869197845,80.2442398071,60397,60407,10
13.0864496231,80.2446365356,60407,60416,9
13.0858602524,80.2451095581,60416,60427,11
13.0856599808,80.24584198,60427,60437,10
13.0857496262,80.2466201782,60437,60448,11
13.0857801437,80.2467803955,60448,60458,10
13.0857801437,80.247253418,60458,60468,10
13.0858297348,80.2479400635,60468,60478,10
13.0858697891,80.2487716675,60478,60488,10
13.0859003067,80.2497406006,60488,60498,10
13.0858802795,80.25050354,60498,60508,10
13.0857801437,80.2512512207,60508,60518,10
13.0857000351,80.2518615723,60518,60528,10
13.0856895447,80.2518768311,60528,60538,10
13.0856103897,80.2522735596,60538,60549,11
13.0855703354,80.2528991699,60549,60559,10
13.085559845,80.2534179688,60559,60569,10
13.0855903625,80.2539901733,60569,60578,9
13.0856304169,80.2545166016,60578,60589,11
13.0853996277,80.254699707,60589,60599,10
13.0848999023,80.2546768188,60599,60609,10
13.0839195251,80.2546081543,60609,60650,41
13.0839195251,80.2546081543,60650,60660,10
13.0835800171,80.2545394897,60660,60670,10
13.0831098557,80.2545013428,60670,60680,10
13.0825395584,80.2544784546,60680,60690,10
13.0819997787,80.2545700073,60690,60700,10
13.0814399719,80.2547988892,60700,60710,10
13.0809497833,80.2548065186,60710,60720,10
13.0808401108,80.2547988892,60720,60730,10
13.0806903839,80.2547988892,60730,60740,10
13.080280304,80.254699707,60740,60751,11
13.0796403885,80.2546005249,60751,60761,10
13.0790901184,80.2547225952,60761,60801,40
13.0790901184,80.2547225952,60801,60811,10
13.0789403915,80.2549819946,60811,60821,10
13.0790195465,80.2555007935,60821,60831,10
13.0790596008,80.256072998,60831,60841,10
13.0790996552,80.2564620972,60841,60852,11
13.0786895752,80.2566986084,60852,60862,10
13.0781698227,80.2566833496,60862,60872,10
13.0776901245,80.256729126,60872,60882,10
13.0771799088,80.2568588257,60882,60892,10
13.0765800476,80.257232666,60892,60902,10
13.0759496689,80.2578125,60902,60912,10
13.0755596161,80.2581787109,60912,60922,10
13.0754899979,80.2584609985,60922,60932,10
13.0756597519,80.2590103149,60932,60942,10
13.0760498047,80.2596130371,60942,60953,11
13.0767498016,80.2602233887,60953,60963,10
13.0771198273,80.2606277466,60963,60973,10
13.0774803162,80.2613830566,60973,60983,10
13.0776796341,80.2619400024,60983,60993,10
13.0778398514,80.2622299194,60993,61033,40
13.0778398514,80.2622299194,61033,61043,10
13.0778598785,80.2624664307,61043,61054,11
13.0779600143,80.262840271,61054,61064,10
13.0782203674,80.2632827759,61064,61074,10
13.078040123,80.2635574341,61074,61084,10
13.0775403976,80.2639083862,61084,61094,10
13.0769395828,80.2641677856,61094,61104,10
13.0764799118,80.2642364502,61104,61114,10
13.0758600235,80.264289856,61114,61124,10
13.0754804611,80.2639389038,61124,61134,10
13.0750598907,80.2633514404,61134,61144,10
13.0747299194,80.2629013062,61144,61155,11
13.0742301941,80.262298584,61155,61165,10
13.0737600327,80.2617263794,61165,61175,10
13.0736398697,80.2616119385,61175,61185,10
13.0733299255,80.261390686,61185,61195,10
13.0729703903,80.2618331909,61195,61205,10
13.0727996826,80.2623596191,61205,61215,10
13.0725498199,80.263130188,61215,61225,10
13.0723600388,80.2635803223,61225,61235,10
13.0719499588,80.2641906738,61235,61244,9
13.0715799332,80.2646331787,61244,61256,12
13.0715398788,80.2646636963,61256,61266,10
13.0713796616,80.264831543,61266,61276,10
13.0710496902,80.2651672363,61276,61286,10
13.0705604553,80.2656478882,61286,61296,10
13.0700101852,80.2662200928,61296,61306,10
13.0694704056,80.2667999268,61306,61316,10
13.0689296722,80.2674026489,61316,61326,10
13.0686302185,80.2682037354,61326,61336,10
13.0684204102,80.2688827515,61336,61346,10
13.06828022,80.269569397,61346,61357,11
13.0681600571,80.2702713013,61357,61367,10
13.0680904388,80.2710189819,61367,61377,10
13.0681200027,80.2713470459,61377,61387,10
13.0682601929,80.2715682983,61387,61397,10
13.068400383,80.2720031738,61397,61407,10
13.0679798126,80.2723236084,61407,61417,10
13.0675001144,80.2729110718,61417,61437,20
13.0675001144,80.2729110718,61437,61448,11
13.0671796799,80.2732696533,61448,61458,10
13.0668001175,80.2738037109,61458,61468,10
13.0664901733,80.274520874,61468,61478,10
13.0662403107,80.275177002,61478,61488,10
13.0658302307,80.276260376,61488,61498,10
13.0654497147,80.2771530151,61498,61508,10
13.0648202896,80.2784805298,61508,61528,20
13.0648202896,80.2784805298,61528,61538,10
13.0646896362,80.2788085938,61538,61549,11
13.0645399094,80.2794799805,61549,61559,10
13.0643501282,80.2802276611,61559,61569,10
13.0644197464,80.2811431885,61569,61579,10
13.0644598007,80.2819213867,61579,61589,10
13.064330101,80.2827301025,61589,61619,30
13.064330101,80.2827301025,61619,61629,10
13.0642795563,80.2829437256,61629,61639,10
13.0642004013,80.2833175659,61639,61710,71
13.0642004013,80.2833175659,61710,61720,10
13.0633897781,80.2833709717,61720,61730,10
13.0633897781,80.2833709717,61730,61740,10
13.0627403259,80.2832489014,61740,61751,11
13.0625801086,80.2832336426,61751,61761,10
13.0624399185,80.2831878662,61761,61771,10
13.0619897842,80.2830810547,61771,61781,10
13.0613698959,80.2828369141,61781,61794,13
13.0606603622,80.2826766968,61794,61804,10
13.0595998764,80.2825317383,61804,61814,10
13.0586500168,80.2823486328,61814,61824,10
13.0579395294,80.2822418213,61824,61834,10
13.0573196411,80.282119751,61834,61844,10
13.0567998886,80.2819824219,61844,61865,21
13.0567998886,80.2819824219,61865,61875,10
13.0564899445,80.2818984985,61875,61885,10
13.0561800003,80.2818374634,61885,61895,10
13.0559196472,80.2817764282,61895,61905,10
13.0553197861,80.2816696167,61905,61915,10
13.0545301437,80.28150177,61915,61925,10
13.0536003113,80.2813186646,61925,61935,10
13.0525798798,80.2811965942,61935,61945,10
13.0515298843,80.2810592651,61945,61956,11
13.0512800217,80.2810134888,61956,61966,10
13.0512104034,80.2809829712,61966,61976,10
13.0507297516,80.2809066772,61976,61986,10
13.0500497818,80.2808074951,61986,61996,10
13.0492095947,80.2807006836,61996,62006,10
13.0482597351,80.2805862427,62006,62016,10
13.0472097397,80.2804336548,62016,62026,10
13.0463199615,80.2803192139,62026,62036,10
13.0457601547,80.2802505493,62036,62046,10
13.0457496643,80.2802505493,62046,62057,11
13.0455799103,80.2802200317,62057,62067,10
13.0450601578,80.2801513672,62067,62077,10
13.0443696976,80.2800521851,62077,62087,10
13.0438604355,80.2799301147,62087,62097,10
13.0434303284,80.2798690796,62097,62107,10
13.0427999496,80.2796783447,62107,62117,10
13.0419998169,80.279548645,62117,62127,10
13.0410203934,80.2793884277,62127,62137,10
13.0399503708,80.2791366577,62137,62148,11
13.0391998291,80.2788925171,62148,62178,30
13.0391998291,80.2788925171,62178,62188,10
13.0389499664,80.2787399292,62188,62198,10
13.0385103226,80.2785873413,62198,62208,10
13.0378599167,80.2783889771,62208,62218,10
13.0371103287,80.2781906128,62218,62228,10
13.0363397598,80.2779312134,62228,62238,10
13.0356302261,80.2777786255,62238,62249,11
13.034910202,80.2776184082,62249,62259,10
13.0340795517,80.2774429321,62259,62269,10
13.0336303711,80.277381897,62269,62279,10
13.0331697464,80.2774581909,62279,62289,10
13.0324697495,80.2774810791,62289,62299,10
13.0317201614,80.2775497437,62299,62309,10
13.0310201645,80.2773284912,62309,62328,19
13.0310201645,80.2773284912,62328,62339,11
13.0308704376,80.2772369385,62339,62350,11
13.0302600861,80.2768783569,62350,62360,10
13.0295495987,80.2766265869,62360,62370,10
13.0286998749,80.2763595581,62370,62380,10
13.0278100967,80.2760391235,62380,62390,10
13.0269002914,80.2756271362,62390,62400,10
13.0260000229,80.2752685547,62400,62430,30
13.0260000229,80.2752685547,62430,62440,10
13.0258598328,80.2752075195,62440,62451,11
13.0257902145,80.2751693726,62451,62461,10
13.0253801346,80.2749786377,62461,62471,10
13.0247602463,80.2746963501,62471,62481,10
13.0242795944,80.274307251,62481,62491,10
13.024020195,80.2739486694,62491,62501,10
13.023639679,80.2734298706,62501,62511,10
13.0232000351,80.2728424072,62511,62521,10
13.0226602554,80.272102356,62521,62531,10
13.0220899582,80.2713775635,62531,62540,9
13.0215196609,80.2706375122,62540,62552,12
13.0210599899,80.2701034546,62552,62562,10
13.0208797455,80.2698898315,62562,62572,10
13.0207796097,80.2697601318,62572,62582,10
13.0204601288,80.269317627,62582,62592,10
13.0200195313,80.2688064575,62592,62602,10
13.0195198059,80.2681808472,62602,62612,10
13.0189304352,80.2674865723,62612,62622,10
13.0186300278,80.2665176392,62622,62632,10
13.0186195374,80.2658920288,62632,62642,10
13.0187501907,80.2652816772,62642,62653,11
13.018989563,80.2644195557,62653,62663,10
13.0189800262,80.2636489868,62663,62673,10
13.0189504623,80.2633209229,62673,62683,10
13.0188903809,80.2628097534,62683,62693,10
13.0187997818,80.2620162964,62693,62703,10
13.0185403824,80.2612762451,62703,62713,10
13.0178403854,80.2607879639,62713,62723,10
13.0171298981,80.2602920532,62723,62733,10
13.0162496567,80.2597808838,62733,62743,10
13.0160503387,80.2596893311,62743,62754,11
13.015879631,80.2596206665,62754,62764,10
13.0153999329,80.259437561,62764,62774,10
13.0147600174,80.2593383789,62774,62784,10
13.0140600204,80.2593078613,62784,62794,10
13.0132198334,80.2592926025,62794,62804,10
13.0123596191,80.259262085,62804,62814,10
13.011349678,80.2592163086,62814,62824,10
13.01060009,80.2592468262,62824,62834,10
13.0097799301,80.2592468262,62834,62844,10
13.009059906,80.2592086792,62844,62855,11
13.0087003708,80.2592391968,62855,62865,10
13.0082798004,80.2592010498,62865,62875,10
13.0076599121,80.2593612671,62875,62885,10
13.0072603226,80.2589569092,62885,62895,10
13.0071897507,80.2587509155,62895,62905,10
13.0071496964,80.2586364746,62905,62915,10
13.0068902969,80.2581863403,62915,62925,10
13.0065202713,80.2576904297,62925,62935,10
13.0061597824,80.2575531006,62935,62945,10
13.0055599213,80.2574005127,62945,62956,11
13.0047998428,80.2572097778,62956,62966,10
13.0039596558,80.257019043,62966,62976,10
13.003080368,80.2568435669,62976,62986,10
13.0021600723,80.2566833496,62986,62996,10
13.001250267,80.2565536499,62996,63006,10
13.0002403259,80.2564163208,63006,63016,10
12.9994297028,80.2562713623,63016,63057,41
12.9994297028,80.2562713623,63057,63067,10
12.9990100861,80.2561264038,63067,63077,10
12.9984903336,80.2560806274,63077,63087,10
12.9984197617,80.256072998,63087,63097,10
12.9982595444,80.2560272217,63097,63107,10
12.9978704453,80.2559204102,63107,63117,10
12.9973297119,80.2558898926,63117,63127,10
12.997010231,80.2558898926,63127,63137,10
12.9966201782,80.2558822632,63137,63147,10
12.9959697723,80.2558898926,63147,63158,11
12.9951200485,80.255897522,63158,63168,10
12.994310379,80.2559661865,63168,63178,10
12.9933996201,80.2560577393,63178,63188,10
12.9923696518,80.2561035156,63188,63198,10
12.9913101196,80.2560424805,63198,63208,10
12.9903697968,80.2560272217,63208,63218,10
12.9895095825,80.2560119629,63218,63228,10
12.9886903763,80.2559585571,63228,63238,10
12.9884300232,80.2559432983,63238,63248,10
12.9883403778,80.2559127808,63248,63259,11
12.9879999161,80.2558822632,63259,63269,10
12.9878101349,80.2558670044,63269,63279,10
12.9876203537,80.2562408447,63279,63289,10
12.9875402451,80.2568969727,63289,63299,10
12.987449646,80.2577285767,63299,63309,10
12.9873800278,80.258682251,63309,63319,10
12.9871797562,80.2595825195,63319,63370,51
12.9871797562,80.2595825195,63370,63380,10
12.9867801666,80.2594909668,63380,63399,19
12.9865102768,80.2594680786,63399,64582,1183
12.9865102768,80.2594680786,64582,64591,9
12.9865198135,80.2593231201,64591,64602,11
12.9866895676,80.2590637207,64602,64653,51
12.9866895676,80.2590637207,64653,64663,10
12.9870595932,80.2591323853,64663,64734,71
12.9870595932,80.2591323853,64734,64744,10
12.9874000549,80.2590026855,64744,64754,10
12.9874000549,80.2588119507,64754,64764,10
12.9874095917,80.2582321167,64764,64784,20
12.9874095917,80.2582321167,64784,64794,10
12.9874200821,80.2579498291,64794,64804,10
12.9874401093,80.257522583,64804,64814,10
12.9875402451,80.2567214966,64814,64835,21
12.9875602722,80.2562866211,64835,64865,30
12.9875602722,80.2562866211,64865,64875,10
12.9875097275,80.2560424805,64875,64885,10
12.9875297546,80.2559585571,64885,64895,10
12.9877195358,80.2557220459,64895,64905,10
12.9880599976,80.2557983398,64905,64915,10
12.9884595871,80.255859375,64915,64925,10
12.9885997772,80.2558822632,64925,64936,11
12.9887399673,80.255897522,64936,64946,10
12.9891004562,80.2559204102,64946,64956,10
12.9897403717,80.2559509277,64956,64966,10
12.9903802872,80.2559432983,64966,64976,10
12.9908399582,80.2559814453,64976,64986,10
12.9913797379,80.2559967041,64986,64996,10
12.992099762,80.2560119629,64996,65006,10
12.9927797318,80.2559967041,65006,65016,10
12.9933395386,80.2559585571,65016,65107,91
12.9933395386,80.2559585571,65107,65117,10
12.9937400818,80.2559967041,65117,65127,10
12.9940004349,80.2559661865,65127,65138,11
12.9945697784,80.2559204102,65138,65208,70
12.9945697784,80.2559204102,65208,65218,10
12.9949598312,80.2559204102,65218,65228,10
12.9952602386,80.255859375,65228,65239,11
12.9957199097,80.2558364868,65239,65249,10
12.9962501526,80.2558288574,65249,65299,50
12.9962501526,80.2558288574,65299,65309,10
12.996509552,80.255859375,65309,65319,10
12.9968595505,80.255859375,65319,65329,10
12.9972801208,80.2558822632,65329,65340,11
12.9979095459,80.2559204102,65340,65350,10
12.9983701706,80.2559509277,65350,65360,10
12.9984998703,80.2559814453,65360,65370,10
12.9988899231,80.2560577393,65370,65390,20
12.9988899231,80.2560577393,65390,65400,10
12.9991703033,80.256111145,65400,65441,41
12.9991703033,80.256111145,65441,65451,10
12.9993896484,80.2561416626,65451,65461,10
12.9998903275,80.2562637329,65461,65471,10
13.0005302429,80.256401062,65471,65481,10
13.0010595322,80.2564926147,65481,65521,40
13.0010595322,80.2564926147,65521,65531,10
13.001449585,80.2565612793,65531,65542,11
13.0021400452,80.2566604614,65542,65552,10
13.0029201508,80.2567977905,65552,65562,10
13.0037097931,80.2569503784,65562,65572,10
13.0043897629,80.2570724487,65572,65582,10
13.0051803589,80.2572097778,65582,65592,10
13.0063400269,80.2574615479,65592,65653,61
13.0063400269,80.2574615479,65653,65663,10
13.0065202713,80.257522583,65663,65673,10
13.006819725,80.2577819824,65673,65683,10
13.0071802139,80.2583770752,65683,65693,10
13.0077400208,80.2587432861,65693,65703,10
13.0084695816,80.258972168,65703,65713,10
13.0087299347,80.2590637207,65713,65723,10
13.0093297958,80.2590713501,65723,65734,11
13.0102500916,80.2590789795,65734,65744,10
13.0112104416,80.2590789795,65744,65754,10
13.0122098923,80.2590866089,65754,65764,10
13.0133199692,80.2591400146,65764,65774,10
13.0144796371,80.2591934204,65774,65784,10
13.0156602859,80.2593078613,65784,65794,10
13.0163698196,80.2596511841,65794,65804,10
13.0164003372,80.2596588135,65804,65814,10
13.0165700912,80.2598419189,65814,65824,10
13.0169897079,80.2601165771,65824,65835,11
13.0176801682,80.260597229,65835,65845,10
13.0181303024,80.260887146,65845,65855,10
13.0185604095,80.2612075806,65855,65865,10
13.0191202164,80.261680603,65865,65875,10
13.0195999146,80.2621383667,65875,65885,10
13.0202302933,80.2626876831,65885,65895,10
13.0200595856,80.2629928589,65895,65905,10
13.0194301605,80.2629394531,65905,65915,10
13.0189695358,80.2630462646,65915,65925,10
13.0190401077,80.2636489868,65925,65936,11
13.0190401077,80.2645492554,65936,65946,10
13.0188302994,80.2652587891,65946,65956,10
13.0187196732,80.265663147,65956,65966,10
13.0186595917,80.2663497925,65966,65976,10
13.0188102722,80.2671508789,65976,65986,10
13.0192899704,80.2678527832,65986,65996,10
13.0199098587,80.2686004639,65996,66006,10
13.0205001831,80.269317627,66006,66016,10
13.0208997726,80.269821167,66016,66026,10
13.0212802887,80.2702713013,66026,66037,11
13.0214395523,80.2704315186,66037,66047,10
13.0215997696,80.270652771,66047,66057,10
13.0219602585,80.2711105347,66057,66067,10
13.0224304199,80.2717208862,66067,66077,10
13.0229597092,80.2724380493,66077,66087,10
13.0234804153,80.2731018066,66087,66117,30
13.0234804153,80.2731018066,66117,66127,10
13.023639679,80.2733383179,66127,66138,11
13.0239801407,80.2737808228,66138,66148,10
13.0242700577,80.2742004395,66148,66158,10
13.0246095657,80.2745437622,66158,66168,10
13.024939537,80.2746963501,66168,66178,10
13.0253295898,80.2748718262,66178,66188,10
13.0254402161,80.2749176025,66188,66198,10
13.0257997513,80.275100708,66198,66208,10
13.0260896683,80.2752380371,66208,66218,10
13.0263595581,80.2753677368,66218,66228,10
13.0268297195,80.2755889893,66228,66239,11
13.0275402069,80.2759170532,66239,66249,10
13.028260231,80.2762069702,66249,66259,10
13.0284500122,80.2762832642,66259,66269,10
13.028670311,80.2763900757,66269,66279,10
13.0292196274,80.2765731812,66279,66289,10
13.0299396515,80.2767486572,66289,66309,20
13.0299396515,80.2767486572,66309,66319,10
13.0302600861,80.2769165039,66319,66329,10
13.0307302475,80.2771530151,66329,66340,11
13.0313596725,80.2774887085,66340,66350,10
13.0320701599,80.2774963379,66350,66370,20
13.0320701599,80.2774963379,66370,66380,10
13.0323600769,80.2774734497,66380,66390,10
13.0328903198,80.2774200439,66390,66400,10
13.0333900452,80.2773284912,66400,66409,9
13.0336303711,80.2773284912,66409,66420,11
13.0338602066,80.2773666382,66420,66430,10
13.0343399048,80.2775115967,66430,66441,11
13.034819603,80.2776031494,66441,66451,10
13.0351800919,80.2776565552,66451,66461,10
13.035490036,80.2777175903,66461,66471,10
13.0360097885,80.2778167725,66471,66481,10
13.0366001129,80.2780227661,66481,66490,9
13.0368995667,80.278137207,66490,66501,11
13.0373601913,80.2783432007,66501,66531,30
13.0373601913,80.2783432007,66531,66542,11
13.0375204086,80.2783737183,66542,66553,11
13.0379600525,80.2784576416,66553,66563,10
13.0387001038,80.2786636353,66563,66573,10
13.038860321,80.2787094116,66573,66583,10
13.0390796661,80.2787780762,66583,66593,10
13.0393800735,80.2788696289,66593,66603,10
13.0399398804,80.2790222168,66603,66612,9
13.0406703949,80.2791976929,66612,66623,11
13.0416202545,80.2793731689,66623,66633,10
13.0430002213,80.2795181274,66633,66664,31
13.0430002213,80.2795181274,66664,66674,10
13.0430698395,80.2795333862,66674,66684,10
13.0434503555,80.2796401978,66684,66694,10
13.0440502167,80.2798080444,66694,66704,10
13.044719696,80.2799377441,66704,66714,10
13.0454998016,80.2800369263,66714,66723,9
13.0456800461,80.2800598145,66723,66735,12
13.0457401276,80.2800598145,66735,66745,10
13.0463104248,80.2801513672,66745,66755,10
13.0470104218,80.2802581787,66755,66765,10
13.0478496552,80.280380249,66765,66775,10
13.0487804413,80.2805099487,66775,66786,11
13.0501804352,80.2807312012,66786,66795,9
13.0501804352,80.2807312012,66795,66806,11
13.0504398346,80.2807693481,66806,66816,10
13.0505599976,80.2807998657,66816,66826,10
13.0509901047,80.2808532715,66826,66837,11
13.0517101288,80.2809677124,66837,66847,10
13.0525302887,80.2810974121,66847,66860,13
13.0534296036,80.2812194824,66860,66870,10
13.0546598434,80.2814407349,66870,66880,10
13.0554599762,80.2815933228,66880,66890,10
13.0556898117,80.2816314697,66890,66900,10
13.0557203293,80.2816390991,66900,66910,10
13.0562496185,80.2817382813,66910,66930,20
13.0562496185,80.2817382813,66930,66941,11
13.0565595627,80.2818069458,66941,66951,10
13.0568704605,80.2818603516,66951,66961,10
13.0568704605,80.281867981,66961,66971,10
13.0571699142,80.2819366455,66971,66981,10
13.0574703217,80.2819366455,66981,66991,10
13.0574998856,80.2816772461,66991,67001,10
13.0576000214,80.2810668945,67001,67011,10
13.0576696396,80.280380249,67011,67021,10
13.0577697754,80.2796020508,67021,67031,10
13.057849884,80.2791213989,67031,67042,11
13.0579204559,80.2786712646,67042,67052,10
13.0579795837,80.2781982422,67052,67082,30
13.0579795837,80.2781982422,67082,67092,10
13.0580396652,80.2777786255,67092,67102,10
13.0580997467,80.2773895264,67102,67112,10
13.058259964,80.2772979736,67112,67122,10
13.0582704544,80.2772903442,67122,67133,11
13.0584096909,80.2772979736,67133,67143,10
13.0587701797,80.27734375,67143,67153,10
13.0592498779,80.2774276733,67153,67163,10
13.0597295761,80.2775421143,67163,67173,10
13.0601501465,80.2776107788,67173,67183,10
13.060669899,80.2776794434,67183,67193,10
13.0611600876,80.2777633667,67193,67203,10
13.0616703033,80.2778091431,67203,67213,10
13.0621004105,80.2779083252,67213,67223,10
13.0624198914,80.2779998779,67223,67234,11
13.0629396439,80.2780609131,67234,67244,10
13.0639200211,80.278213501,67244,67274,30
13.0639200211,80.278213501,67274,67284,10
13.0641403198,80.2782363892,67284,67294,10
13.0645704269,80.2782592773,67294,67304,10
13.0648603439,80.278137207,67304,67314,10
13.0651397705,80.2775878906,67314,67324,10
13.0654201508,80.2769470215,67324,67335,11
13.0657300949,80.2761611938,67335,67345,10
13.0660200119,80.2753982544,67345,67355,10
13.0662603378,80.2746734619,67355,67365,10
13.066280365,80.2746505737,67365,67375,10
13.0664196014,80.2743301392,67375,67385,10
13.0665397644,80.2738571167,67385,67395,10
13.0665998459,80.2737197876,67395,67405,10
13.0668697357,80.2734985352,67405,67415,10
13.0672197342,80.2730636597,67415,67425,10
13.0676898956,80.2725219727,67425,67436,11
13.0681800842,80.2719268799,67436,67446,10
13.0680398941,80.2712631226,67446,67456,10
13.0675697327,80.270690918,67456,67466,10
13.0670003891,80.2701797485,67466,67476,10
13.0665197372,80.2695236206,67476,67486,10
13.0663900375,80.2687683105,67486,67496,10
13.0668802261,80.2684783936,67496,67537,41
13.0668802261,80.2684783936,67537,67547,10
13.0670003891,80.2685775757,67547,67557,10
13.0673103333,80.2687988281,67557,67567,10
13.0677499771,80.2691116333,67567,67577,10
13.068110466,80.2693099976,67577,67587,10
13.0683002472,80.2690811157,67587,67597,10
13.0683803558,80.2686920166,67597,67607,10
13.0686302185,80.2680282593,67607,67617,10
13.068860054,80.2673797607,67617,67627,10
13.0693101883,80.2668609619,67627,67638,11
13.069849968,80.2663116455,67638,67648,10
13.0702600479,80.2658996582,67648,67668,20
13.0702600479,80.2658996582,67668,67678,10
13.0705003738,80.2656478882,67678,67687,9
13.0708703995,80.2652893066,67687,67698,11
13.0712003708,80.2649383545,67698,67708,10
13.0715904236,80.2645187378,67708,67719,11
13.0719995499,80.2640228271,67719,67728,9
13.0722703934,80.2635574341,67728,67740,12
13.072429657,80.2630004883,67740,67750,10
13.072640419,80.2624893188,67750,67760,10
13.0727996826,80.26197052,67760,67770,10
13.072810173,80.2619018555,67770,67780,10
13.0728597641,80.2616882324,67780,67790,10
13.0729503632,80.2613372803,67790,67800,10
13.0731801987,80.2611618042,67800,67810,10
13.0736198425,80.2615737915,67810,67820,10
13.0740499496,80.2620391846,67820,67830,10
13.0744104385,80.2624816895,67830,67841,11
13.0748500824,80.2630462646,67841,67851,10
13.0752096176,80.2635498047,67851,67860,9
13.0757198334,80.2641830444,67860,67871,11
13.0763101578,80.2641830444,67871,67881,10
13.0768995285,80.2641296387,67881,67891,10
13.0775003433,80.2638778687,67891,67901,10
13.0779104233,80.2635421753,67901,67911,10
13.0780296326,80.2631988525,67911,67921,10
13.0778198242,80.2626419067,67921,67931,10
13.077580452,80.2619018555,67931,67942,11
13.0772199631,80.2608566284,67942,67972,30
13.0772199631,80.2608566284,67972,67982,10
13.0771799088,80.2606887817,67982,67992,10
13.076880455,80.2603607178,67992,68002,10
13.0764198303,80.2599563599,68002,68012,10
13.075920105,80.2595901489,68012,68022,10
13.0754699707,80.2586517334,68022,68053,31
13.0754699707,80.2586517334,68053,68063,10
13.0753898621,80.2583694458,68063,68073,10
13.075460434,80.2580566406,68073,68083,10
13.0758399963,80.2578125,68083,68093,10
13.0761804581,80.2574996948,68093,68103,10
13.0765199661,80.2571716309,68103,68113,10
13.0768899918,80.2568893433,68113,68123,10
13.0774002075,80.2566986084,68123,68134,11
13.0781002045,80.2565994263,68134,68144,10
13.0789403915,80.2564697266,68144,68165,21
13.0789403915,80.2564697266,68165,68175,10
13.0790195465,80.2562866211,68175,68185,10
13.0789699554,80.2557830811,68185,68195,10
13.0789003372,80.2552566528,68195,68205,10
13.0789003372,80.2552032471,68205,68215,10
13.0789003372,80.254989624,68215,68225,10
13.0789003372,80.254737854,68225,68236,11
13.0791101456,80.2545318604,68236,68246,10
13.0794696808,80.2545089722,68246,68306,60
13.0798196793,80.2546234131,68306,68377,71
13.0798196793,80.2546234131,68377,68387,10
13.0802402496,80.2547302246,68387,68397,10
13.080499649,80.2547607422,68397,68406,9
13.0808296204,80.2547988892,68406,68417,11
13.0811500549,80.2548065186,68417,68427,10
13.0816297531,80.2545089722,68427,68438,11
13.0817499161,80.2540435791,68438,68448,10
13.0817899704,80.253578186,68448,68458,10
13.0817804337,80.2529907227,68458,68468,10
13.0814599991,80.2523574829,68468,68478,10
13.0813302994,80.2515411377,68478,68488,10
13.0812797546,80.2509384155,68488,68498,10
13.0812501907,80.2503890991,68498,68508,10
13.0812597275,80.2497634888,68508,68518,10
13.0816497803,80.2496490479,68518,68528,10
13.0823802948,80.24974823,68528,68539,11
13.0829200745,80.2498474121,68539,68549,10
13.083439827,80.2499237061,68549,68559,10
13.0840997696,80.2500305176,68559,68569,10
13.0846204758,80.2501296997,68569,68579,10
13.0846204758,80.2501373291,68579,68589,10
13.0847396851,80.2501678467,68589,68599,10
13.0850801468,80.2502365112,68599,68609,10
13.0855102539,80.250289917,68609,68619,10
13.0858097076,80.2503204346,68619,68629,10
13.0858402252,80.2500915527,68629,68640,11
13.0858201981,80.2495193481,68640,68650,10
13.0857896805,80.2487792969,68650,68660,10
13.0857400894,80.2479400635,68660,68670,10
13.0857095718,80.2470397949,68670,68680,10
13.0856599808,80.24659729,68680,68690,10
13.0856599808,80.2465286255,68690,68700,10
13.0856103897,80.2461090088,68700,68710,10
13.085559845,80.2453308105,68710,68771,61
13.085559845,80.2453308105,68771,68781,10
13.0855903625,80.2450866699,68781,68791,10
13.0859603882,80.2448577881,68791,68801,10
13.0864601135,80.2444763184,68801,68811,10
13.086979866,80.2440414429,68811,68821,10
13.0874700546,80.2436523438,68821,68832,11
13.0877399445,80.2431182861,68832,68842,10
13.0877895355,80.2425537109,68842,68852,10
13.0881795883,80.2419815063,68852,68862,10
13.0886802673,80.2416381836,68862,68872,10
13.0889997482,80.2414321899,68872,68882,10
13.0891199112,80.2413406372,68882,68892,10
13.0892000198,80.2413024902,68892,68902,10
13.08934021,80.2411804199,68902,68912,10
13.0894498825,80.2410964966,68912,68922,10
13.0895395279,80.241027832,68922,68933,11
13.0895700455,80.2410125732,68933,68943,10
13.0900402069,80.2407989502,68943,68963,20
13.0900402069,80.2407989502,68963,68973,10
13.0903596878,80.240737915,68973,68983,10
13.0905704498,80.2407531738,68983,69003,20
13.0908403397,80.2407608032,69003,69044,41
13.0908403397,80.2407608032,69044,69054,10
13.0911903381,80.2408370972,69054,69064,10
13.0913801193,80.240852356,69064,69074,10
13.0916204453,80.2408599854,69074,69094,20
13.0916204453,80.2408599854,69094,69104,10
13.091919899,80.2408828735,69104,69114,10
13.0921497345,80.2408828735,69114,69124,10
13.0925798416,80.2408981323,69124,69135,11
13.0932502747,80.2409896851,69135,69145,10
13.0942401886,80.2411270142,69145,69165,20
13.0942401886,80.2411270142,69165,69175,10
13.0944595337,80.2411422729,69175,69185,10
13.0946998596,80.2412414551,69185,69195,10
13.0948600769,80.2412796021,69195,69205,10
13.0950202942,80.2413101196,69205,69215,10
13.0953302383,80.2414016724,69215,69225,10
13.0955400467,80.2414779663,69225,69236,11
13.0957698822,80.2415924072,69236,69246,10
13.0958995819,80.2416305542,69246,69256,10
13.0963401794,80.2417602539,69256,69266,10
13.097120285,80.2420120239,69266,69286,20
13.097120285,80.2420120239,69286,69296,10
13.0972204208,80.2420196533,69296,69306,10
13.0973901749,80.2417907715,69306,69316,10
13.0974798203,80.2412796021,69316,69326,10
13.0975599289,80.2405929565,69326,69337,11
13.0976400375,80.2398834229,69337,69347,10
13.0976800919,80.2393112183,69347,69357,10
13.0977201462,80.2387619019,69357,69367,10
13.0977802277,80.2383422852,69367,69377,10
13.0978403091,80.2380828857,69377,69387,10
13.0979003906,80.2377166748,69387,69397,10
13.0979604721,80.2372131348,69397,69407,10
13.0980501175,80.2366333008,69407,69417,10
13.0981502533,80.2360916138,69417,69427,10
13.0981798172,80.2357330322,69427,69438,11
13.0982999802,80.2350692749,69438,69448,10
13.0983695984,80.2347564697,69448,69458,10
13.0984096527,80.2342605591,69458,69468,10
13.0984697342,80.2337417603,69468,69478,10
13.0985097885,80.2333908081,69478,69488,10
13.0986099243,80.2328186035,69488,69498,10
13.0987300873,80.2322311401,69498,69508,10
13.098859787,80.2318267822,69508,69517,9
13.0990400314,80.2313995361,69517,69528,11
13.0993099213,80.2308502197,69528,69539,11
13.0995197296,80.23021698,69539,69549,10
13.0996398926,80.2299118042,69549,69559,10
13.099650383,80.2297286987,69559,69569,10
13.099729538,80.2293624878,69569,69579,10
13.0997800827,80.2288284302,69579,69589,10
13.0999002457,80.2282028198,69589,69599,10
13.1000003815,80.2274169922,69599,69609,10
13.0999698639,80.2265930176,69609,69619,10
13.0998601913,80.2256011963,69619,69640,21
13.0998601913,80.2256011963,69640,69650,10
13.0998296738,80.2254333496,69650,69660,10
13.0997600555,80.2249069214,69660,69670,10
13.0995702744,80.2242889404,69670,69680,10
13.099360466,80.2238235474,69680,69690,10
13.0991697311,80.2235565186,69690,69700,10
13.0989599228,80.2232971191,69700,69710,10
13.0987596512,80.2230606079,69710,69720,10
13.0986604691,80.2227783203,69720,69730,10
13.0986604691,80.2221908569,69730,69741,11
13.0989198685,80.2204589844,69741,69751,10
13.0989198685,80.2204589844,69751,69761,10
13.0990495682,80.2197036743,69761,69771,10
13.0991296768,80.2193222046,69771,69781,10
13.0991802216,80.2189025879,69781,69791,10
13.0992498398,80.2182617188,69791,69801,10
13.0993995667,80.2174682617,69801,69811,10
13.0995798111,80.2167816162,69811,69824,13
13.0998296738,80.2161712646,69824,69835,11
13.1000795364,80.215637207,69835,69845,10
13.1001300812,80.2155075073,69845,69855,10
13.1003599167,80.2149276733,69855,69895,40
13.1003599167,80.2149276733,69895,69905,10
13.1004695892,80.2147293091,69905,69915,10
13.1005897522,80.2144393921,69915,69925,10
13.1007499695,80.2140808105,69925,69936,11
13.1009397507,80.2136077881,69936,69946,10
13.1011800766,80.2130203247,69946,69956,10
13.101360321,80.212562561,69956,69966,10
13.1015701294,80.2119827271,69966,69976,10
13.1017904282,80.2114486694,69976,69986,10
13.1019802094,80.2108383179,69986,69996,10
13.1022500992,80.2101593018,69996,70006,10
13.1024398804,80.209602356,70006,70016,10
13.1025695801,80.2092208862,70016,70026,10
13.1026697159,80.2087478638,70026,70047,21
13.1026697159,80.2087478638,70047,70057,10
13.1027498245,80.2084579468,70057,70067,10
13.1028699875,80.2080688477,70067,70077,10
13.1030597687,80.2076568604,70077,70087,10
13.103269577,80.2071609497,70087,70097,10
13.1034803391,80.2067108154,70097,70107,10
13.1036701202,80.206161499,70107,70117,10
13.103770256,80.2055206299,70117,70127,10
13.1037797928,80.2047576904,70127,70138,11
13.1037197113,80.2040634155,70138,70148,10
13.1036500931,80.2035522461,70148,70158,10
13.1034402847,80.2032470703,70158,70168,10
13.1034898758,80.2028427124,70168,70178,10
13.1033601761,80.2017593384,70178,70198,20
13.1033601761,80.2017593384,70198,70208,10
13.10338974,80.2015991211,70208,70218,10
13.1033296585,80.2011413574,70218,70229,11
13.1032400131,80.2004394531,70229,70240,11
13.1031303406,80.1995925903,70240,70250,10
13.1030797958,80.199256897,70250,70259,9
13.1029701233,80.198677063,70259,70270,11
13.102809906,80.1978988647,70270,70280,10
13.1026201248,80.1972579956,70280,70290,10
13.1024398804,80.1966781616,70290,70300,10
13.1022396088,80.1961212158,70300,70310,10
13.102060318,80.1955490112,70310,70320,10
13.1018695831,80.1949996948,70320,70330,10
13.1017198563,80.1946563721,70330,70341,11
13.1015501022,80.1944503784,70341,70351,10
13.1015195847,80.193939209,70351,70361,10
13.1017599106,80.1932907104,70361,70371,10
13.1015996933,80.1923370361,70371,70381,10
13.1014404297,80.1913986206,70381,70391,10
13.1012802124,80.1905288696,70391,70401,10
13.1012201309,80.1903915405,70401,70411,10
13.101099968,80.1901702881,70411,70421,10
13.1010704041,80.1900863647,70421,70431,10
13.1010103226,80.1899795532,70431,70442,11
13.1008501053,80.189491272,70442,70452,10
13.1005401611,80.1889801025,70452,70462,10
13.1003198624,80.1885528564,70462,70472,10
13.1001195908,80.188117981,70472,70482,10
13.0998601913,80.1873397827,70482,70492,10
13.099729538,80.1868591309,70492,70502,10
13.0996103287,80.1862487793,70502,70512,10
13.0994796753,80.185546875,70512,70522,10
13.099360466,80.1851577759,70522,70532,10
13.0992603302,80.1847915649,70532,70543,11
13.0991201401,80.1842880249,70543,70553,10
13.0989398956,80.1836700439,70553,70563,10
13.0987596512,80.1830978394,70563,70573,10
13.0985803604,80.182472229,70573,70583,10
13.0984296799,80.1818618774,70583,70593,10
13.0983600616,80.1816101074,70593,70603,10
13.0983200073,80.1814804077,70603,70613,10
13.0982198715,80.1810684204,70613,70623,10
13.0980396271,80.1803970337,70623,70634,11
13.097869873,80.179649353,70634,70644,10
13.0977602005,80.1788406372,70644,70654,10
13.0977897644,80.1779632568,70654,70664,10
13.0978403091,80.1770935059,70664,70674,10
13.0979795456,80.176399231,70674,70684,10
13.0980596542,80.1758270264,70684,70694,10
13.0980701447,80.1752700806,70694,70704,10
13.09815979,80.1747436523,70704,70714,10
13.0983600616,80.1741333008,70714,70724,10
13.0987100601,80.1733093262,70724,70735,11
13.0990600586,80.172416687,70735,70745,10
13.099360466,80.1715621948,70745,70755,10
13.0995798111,80.1707992554,70755,70765,10
13.0996398926,80.1703796387,70765,70805,40
13.0996398926,80.1703796387,70805,70815,10
13.0996704102,80.1702270508,70815,70825,10
13.0996198654,80.1697769165,70825,70876,51
13.0996198654,80.1697769165,70876,70886,10
13.0994997025,80.1696090698,70886,70896,10
13.0993995667,80.1696014404,70896,70906,10
13.099149704,80.1695480347,70906,70916,10
13.0988798141,80.1696166992,70916,70926,10
13.0987596512,80.1694335938,70926,70937,11
13.0991001129,80.1694564819,70937,71229,292
13.0991001129,80.1694564819,71229,71240,11
13.099240303,80.1695785522,71240,71250,10
13.099439621,80.169631958,71250,71260,10
13.0996398926,80.1696624756,71260,71270,10
13.0997495651,80.1698226929,71270,71280,10
13.0997200012,80.1702880859,71280,71290,10
13.0996103287,80.1708068848,71290,71300,10
13.0995998383,80.1708679199,71300,71310,10
13.0995397568,80.1710510254,71310,71320,10
13.099360466,80.171546936,71320,71330,10
13.0991096497,80.1723327637,71330,71341,11
13.0988197327,80.1731185913,71341,71351,10
13.0984897614,80.1739120483,71351,71361,10
13.0982398987,80.174697876,71361,71371,10
13.0981302261,80.1753997803,71371,71381,10
13.0980796814,80.1760177612,71381,71391,10
13.0979404449,80.176651001,71391,71401,10
13.0978403091,80.1773376465,71401,71411,10
13.0978002548,80.1780319214,71411,71421,10
13.0977802277,80.1787185669,71421,71432,11
13.0978803635,80.1795730591,71432,71442,10
13.0980701447,80.1803283691,71442,71452,10
13.0981998444,80.1807937622,71452,71462,10
13.0982303619,80.1808700562,71462,71472,10
13.0982704163,80.1810379028,71472,71482,10
13.0983400345,80.181312561,71482,71492,10
13.0984601974,80.1818389893,71492,71502,10
13.0985498428,80.1822967529,71502,71512,10
13.0987100601,80.1829223633,71512,71522,10
13.0988702774,80.1835021973,71522,71533,11
13.0991096497,80.1841812134,71533,71543,10
13.0992898941,80.1848220825,71543,71553,10
13.099439621,80.1854019165,71553,71563,10
13.0996904373,80.186416626,71563,71623,60
13.0996904373,80.186416626,71623,71634,11
13.0997600555,80.1866989136,71634,71644,10
13.0998001099,80.1870193481,71644,71654,10
13.0999202728,80.1874313354,71654,71664,10
13.1001596451,80.188079834,71664,71674,10
13.100399971,80.1885910034,71674,71684,10
13.1006298065,80.1889572144,71684,71694,10
13.1012496948,80.1896286011,71694,71714,20
13.1012496948,80.1896286011,71714,71724,10
13.1013002396,80.189956665,71724,71734,10
13.1014499664,80.1905822754,71734,71745,11
13.1015701294,80.1913604736,71745,71755,10
13.1016798019,80.1920089722,71755,71765,10
13.101770401,80.1925964355,71765,71775,10
13.1018600464,80.1931610107,71775,71785,10
13.1019601822,80.193687439,71785,71795,10
13.1021499634,80.1942214966,71795,71805,10
13.1020202637,80.1947402954,71805,71815,10
13.1021499634,80.1954574585,71815,71825,10
13.1024599075,80.1963729858,71825,71836,11
13.1027898788,80.1973571777,71836,71846,10
13.1030197144,80.1983337402,71846,71856,10
13.1031198502,80.1989822388,71856,71866,10
13.1031999588,80.1993789673,71866,71876,10
13.1032800674,80.2000427246,71876,71886,10
13.1033401489,80.2006607056,71886,71896,10
13.1034097672,80.201171875,71896,71906,10
13.1034603119,80.2018127441,71906,71916,10
13.1035995483,80.2027435303,71916,71937,21
13.1035995483,80.2027435303,71937,71947,10
13.1036396027,80.2030792236,71947,71957,10
13.1037197113,80.2035980225,71957,71967,10
13.1037902832,80.2040863037,71967,71977,10
13.1038198471,80.2046966553,71977,71987,10
13.1038198471,80.2053985596,71987,71997,10
13.1037902832,80.2059707642,71997,72007,10
13.1036500931,80.2065124512,72007,72017,10
13.1033296585,80.2071533203,72017,72027,10
13.1031999588,80.2075424194,72027,72038,11
13.1031198502,80.2077331543,72038,72048,10
13.1030397415,80.2079925537,72048,72058,10
13.1028699875,80.208442688,72058,72068,10
13.102640152,80.2090606689,72068,72088,20
13.102640152,80.2090606689,72088,72098,10
13.1025400162,80.2093734741,72098,72108,10
13.102399826,80.2098083496,72108,72118,10
13.1021795273,80.2104568481,72118,72128,10
13.1019802094,80.2110977173,72128,72139,11
13.1017503738,80.2117614746,72139,72149,10
13.1014795303,80.2125015259,72149,72159,10
13.1012201309,80.213180542,72159,72169,10
13.1011400223,80.2133712769,72169,72179,10
13.1009502411,80.2138214111,72179,72189,10
13.1008300781,80.2140579224,72189,72199,10
13.1007795334,80.2142105103,72199,72209,10
13.1005802155,80.2146911621,72209,72219,10
13.1003198624,80.2153625488,72219,72229,10
13.0996999741,80.2168273926,72229,72240,11
13.0996999741,80.2168273926,72240,72250,10
13.09953022,80.2174224854,72250,72260,10
13.0993795395,80.2182388306,72260,72270,10
13.0992698669,80.218963623,72270,72280,10
13.0992202759,80.2192230225,72280,72290,10
13.0991601944,80.2195129395,72290,72300,10
13.0990400314,80.220199585,72300,72313,13
13.098859787,80.2211380005,72313,72323,10
13.098739624,80.222076416,72323,72333,10
13.098859787,80.2230072021,72333,72344,11
13.0993995667,80.223739624,72344,72354,10
13.0996599197,80.2243804932,72354,72364,10
13.0998296738,80.2250213623,72364,72375,11
13.0999097824,80.2255783081,72375,72384,9
13.0999603271,80.2259521484,72384,72395,11
13.1000099182,80.2265930176,72395,72405,10
13.1000299454,80.2274169922,72405,72415,10
13.0999698639,80.2281723022,72415,72425,10
13.0998802185,80.2287063599,72425,72436,11
13.099820137,80.2292175293,72436,72446,10
13.0996799469,80.2297973633,72446,72456,10
13.0995502472,80.2303695679,72456,72466,10
13.0994997025,80.2305297852,72466,72476,10
13.0993499756,80.2309188843,72476,72486,10
13.0991001129,80.2314605713,72486,72496,10
13.0990400314,80.2316207886,72496,72506,10
13.0989103317,80.2320098877,72506,72516,10
13.0987300873,80.2325592041,72516,72526,10
13.0986003876,80.2332382202,72526,72537,11
13.0985202789,80.2338027954,72537,72547,10
13.0985202789,80.2341537476,72547,72557,10
13.0984601974,80.2346572876,72557,72567,10
13.0983400345,80.2352981567,72567,72577,10
13.0982503891,80.2358779907,72577,72587,10
13.0981702805,80.2364501953,72587,72597,10
13.0980701447,80.2371063232,72597,72607,10
13.0979795456,80.2375869751,72607,72617,10
13.097869873,80.2381286621,72617,72627,10
13.0977401733,80.2388000488,72627,72638,11
13.0977201462,80.2391967773,72638,72648,10
13.0976896286,80.2395172119,72648,72658,10
13.0976600647,80.2399215698,72658,72668,10
13.0976200104,80.2404403687,72668,72678,10
13.0975503922,80.2410430908,72678,72688,10
13.0974502563,80.2416915894,72688,72698,10
13.0972499847,80.2420883179,72698,72708,10
13.0967702866,80.2419204712,72708,72718,10
13.0961103439,80.2417221069,72718,72728,10
13.0954704285,80.2414703369,72728,72739,11
13.0948200226,80.2412567139,72739,72749,10
13.0943899155,80.2412109375,72749,72759,10
13.0938100815,80.2410964966,72759,72769,10
13.093079567,80.2409896851,72769,72779,10
13.092499733,80.2409210205,72779,72789,10
13.0919103622,80.2408905029,72789,72799,10
13.0911197662,80.2408599854,72799,72809,10
13.0902900696,80.2408599854,72809,72818,9
13.0898103714,80.2409591675,72818,72829,11
13.0895996094,80.241027832,72829,72840,11
13.0889596939,80.2414779663,72840,72850,10
13.0883302689,80.2419433594,72850,72860,10
13.0878400803,80.2428894043,72860,72930,70
13.0878400803,80.2428894043,72930,72941,11
13.0876598358,80.2434768677,72941,72971,30
13.0876598358,80.2434768677,72971,72981,10
13.0875597,80.2436294556,72981,72991,10
13.0872802734,80.2438583374,72991,73001,10
13.0866699219,80.2443695068,73001,73011,10
13.0860500336,80.2448806763,73011,73021,10
13.0857896805,80.2451171875,73021,73031,10
13.0856304169,80.2452926636,73031,73042,11
13.0856304169,80.24584198,73042,73052,10
13.0856895447,80.2464828491,73052,73062,10
13.0857200623,80.2471313477,73062,73072,10
13.0857801437,80.2479095459,73072,73082,10
13.0858001709,80.2484512329,73082,73092,10
13.0858001709,80.2486114502,73092,73102,10
13.0858201981,80.2488937378,73102,73112,10
13.085849762,80.249420166,73112,73122,10
13.0858898163,80.2499237061,73122,73132,10
13.0859003067,80.2502288818,73132,73143,11
13.0858097076,80.2506408691,73143,73153,10
13.0857801437,80.2509307861,73153,73163,10
13.0857095718,80.2515182495,73163,73173,10
13.0856599808,80.2519607544,73173,73183,10
13.0855998993,80.2522506714,73183,73193,10
13.0855703354,80.2527999878,73193,73204,11
13.0855503082,80.253326416,73204,73214,10
13.0855703354,80.2539367676,73214,73224,10
13.0855903625,80.2544631958,73224,73235,11
13.0854301453,80.2546386719,73235,73245,10
13.0848398209,80.2546386719,73245,73275,30
13.0848398209,80.2546386719,73275,73285,10
13.0844402313,80.2545928955,73285,73295,10
13.0840196609,80.2545700073,73295,73305,10
13.0839004517,80.2545623779,73305,73315,10
13.0838003159,80.2545318604,73315,73325,10
13.0835399628,80.2544784546,73325,73336,11
13.0830602646,80.2544403076,73336,73346,10
13.0825395584,80.2544326782,73346,73356,10
13.0820503235,80.2545013428,73356,73366,10
13.0815200806,80.2547607422,73366,73376,10
13.0811700821,80.2548065186,73376,73386,10
13.0809202194,80.2547988892,73386,73396,10
13.0807199478,80.2547607422,73396,73406,10
13.0803203583,80.2546463013,73406,73416,10
13.0799598694,80.2546386719,73416,73426,10
13.0791797638,80.2546234131,73426,73447,21
13.0791797638,80.2546234131,73447,73457,10
13.0789499283,80.2547531128,73457,73467,10
13.0789899826,80.2552337646,73467,73477,10
13.0790395737,80.2559432983,73477,73487,10
13.079079628,80.256401062,73487,73558,71
13.079079628,80.256401062,73558,73568,10
13.0788698196,80.2565994263,73568,73578,10
13.0783996582,80.2566070557,73578,73588,10
13.0779600143,80.2566299438,73588,73597,9
13.0774097443,80.2566986084,73597,73608,11
13.0769796371,80.2568588257,73608,73618,10
13.0765695572,80.2571487427,73618,73628,10
13.0759801865,80.2577362061,73628,73639,11
13.0754899979,80.2582168579,73639,73650,11
13.0755195618,80.2586212158,73650,73660,10
13.075750351,80.2592773438,73660,73670,10
13.0762996674,80.2598419189,73670,73680,10
13.0770998001,80.2606582642,73680,73690,10
13.0770998001,80.2606582642,73690,73700,10
13.0773000717,80.2610015869,73700,73710,10
13.0774698257,80.2613983154,73710,73720,10
13.0777196884,80.2620010376,73720,73752,32
13.0777196884,80.2620010376,73752,73763,11
13.0777797699,80.262260437,73763,73774,11
13.0778303146,80.2624435425,73774,73784,10
13.077870369,80.2626113892,73784,73794,10
13.0780601501,80.2630996704,73794,73805,11
13.0782299042,80.2633514404,73805,73814,9
13.078040123,80.2634124756,73814,73836,22
13.078040123,80.2634124756,73836,73846,10
13.0779800415,80.2632598877,73846,73856,10
13.077870369,80.2629013062,73856,73866,10
13.0777196884,80.2623977661,73866,73876,10
13.0775499344,80.2618713379,73876,73886,10
13.0773601532,80.2612915039,73886,73896,10
13.0772304535,80.2609481812,73896,73906,10
13.0771999359,80.2608337402,73906,73916,10
13.0770101547,80.2605285645,73916,73926,10
13.0767602921,80.2602920532,73926,73936,10
13.0762996674,80.2599029541,73936,73947,11
13.0757398605,80.2593917847,73947,73957,10
13.0754699707,80.2586364746,73957,73987,30
13.0754699707,80.2586364746,73987,73997,10
13.0753803253,80.2583694458,73997,74007,10
13.0754804611,80.2580184937,74007,74017,10
13.0758399963,80.2577819824,74017,74027,10
13.0762500763,80.2574310303,74027,74038,11
13.0767002106,80.2570037842,74038,74048,10
13.0770397186,80.2567977905,74048,74058,10
13.0775299072,80.256652832,74058,74068,10
13.0782403946,80.2565917969,74068,74078,10
13.0789604187,80.2564926147,74078,74088,10
13.0790300369,80.2562713623,74088,74097,9
13.0789499283,80.2557296753,74097,74108,11
13.0788202286,80.2546768188,74108,74128,20
13.0788202286,80.2546768188,74128,74139,11
13.0789804459,80.2545318604,74139,74149,10
13.0792798996,80.2545166016,74149,74188,39
13.0792798996,80.2545166016,74188,74199,11
13.0796604156,80.2545623779,74199,74259,60
13.0796604156,80.2545623779,74259,74270,11
13.0800600052,80.2546386719,74270,74280,10
13.080280304,80.2546615601,74280,74290,10
13.0805702209,80.2546920776,74290,74300,10
13.0811595917,80.2547683716,74300,74310,10
13.0816202164,80.2546386719,74310,74320,10
13.0817499161,80.2541732788,74320,74330,10
13.0818395615,80.2536773682,74330,74341,11
13.0818195343,80.2530517578,74341,74351,10
13.0816602707,80.2526397705,74351,74361,10
13.0814399719,80.252166748,74361,74371,10
13.0813703537,80.2515411377,74371,74381,10
13.0813503265,80.2510528564,74381,74391,10
13.0813398361,80.2506790161,74391,74401,10
13.0812997818,80.2501602173,74401,74411,10
13.0813102722,80.2498397827,74411,74421,10
13.0814695358,80.2496032715,74421,74431,10
13.0815601349,80.2495727539,74431,74442,11
13.0819501877,80.2496185303,74442,74452,10
13.0824699402,80.2497024536,74452,74462,10
13.0831699371,80.2498168945,74462,74472,10
13.0838298798,80.2499389648,74472,74482,10
13.0845003128,80.2500686646,74482,74492,10
13.0850400925,80.2501373291,74492,74502,10
13.0855703354,80.25025177,74502,74512,10
13.0858201981,80.25025177,74512,74522,10
13.0858602524,80.2500305176,74522,74532,10
13.0858297348,80.2494888306,74532,74543,11
13.0857896805,80.2486572266,74543,74553,10
13.0857601166,80.2479400635,74553,74563,10
13.0857200623,80.2470016479,74563,74573,10
13.0856103897,80.2456283569,74573,74603,30
13.0856103897,80.2456283569,74603,74613,10
13.085650444,80.2455368042,74613,74623,10
13.0856704712,80.2452163696,74623,74634,11
13.0860204697,80.2448577881,74634,74644,10
13.0865497589,80.2444381714,74644,74654,10
13.0871200562,80.2439422607,74654,74664,10
13.0875597,80.2435302734,74664,74674,10
13.0877304077,80.2432479858,74674,74684,10
13.0877799988,80.2430496216,74684,74694,10
13.0878400803,80.2427215576,74694,74704,10
13.0879802704,80.2422180176,74704,74714,10
13.0883197784,80.2419204712,74714,74724,10
13.0884895325,80.2418136597,74724,74735,11
13.0888595581,80.2415237427,74735,74745,10
13.08934021,80.2412185669,74745,74755,10
13.0897197723,80.2409591675,74755,74764,9
13.0902700424,80.2408065796,74764,74775,11
13.0909996033,80.2408065796,74775,74785,10
13.0915298462,80.2408370972,74785,74795,10
13.0921401978,80.2408599854,74795,74805,10
13.0928297043,80.2408905029,74805,74815,10
13.0936403275,80.2409896851,74815,74825,10
13.0943098068,80.2410964966,74825,74836,11
13.0944700241,80.2411422729,74836,74846,10
13.0949001312,80.2412719727,74846,74856,10
13.0954399109,80.2414398193,74856,74866,10
13.0960197449,80.2416610718,74866,74876,10
13.0966100693,80.2418518066,74876,74886,10
13.0972499847,80.2420578003,74886,74896,10
13.0976200104,80.2421569824,74896,74906,10
13.0981998444,80.2422714233,74906,74916,10
13.0985603333,80.2422866821,74916,74926,10
13.0986700058,80.2422409058,74926,74937,11
13.0987501144,80.2419586182,74937,74947,10
13.0987997055,80.2416305542,74947,74956,9
13.0990200043,80.2411880493,74956,75432,476
13.0990200043,80.2411880493,75432,75442,10
13.0990400314,80.2411270142,75442,75452,10
13.0990400314,80.2408828735,75452,75462,10
13.0990495682,80.2406768799,75462,75472,10
13.0989999771,80.2404632568,75472,76048,576
13.0989704132,80.2402572632,76048,76119,71
13.0989704132,80.2402572632,76119,76129,10
13.098859787,80.2400665283,76129,76139,10
13.0986499786,80.2400817871,76139,76149,10
13.0985803604,80.2403564453,76149,76159,10
13.0983800888,80.2406463623,76159,76199,40
