13.0265197754,80.2642822266,11,1293,1282
13.0265197754,80.2642822266,1293,1304,11
13.0264902115,80.2640686035,1304,1314,10
13.0265302658,80.2638092041,1314,1324,10
13.0265598297,80.2634429932,1324,1334,10
13.0263595581,80.263343811,1334,1374,40
13.0263595581,80.263343811,1374,1384,10
13.0265102386,80.2634811401,1384,1394,10
13.0264997482,80.2637481689,1394,1404,10
13.0264596939,80.264251709,1404,1415,11
13.0263795853,80.2648773193,1415,1425,10
13.0263299942,80.2654037476,1425,1435,10
13.0262899399,80.2657623291,1435,1445,10
13.0261602402,80.2660064697,1445,1455,10
13.0262002945,80.2663497925,1455,1617,162
13.0262002945,80.2663497925,1617,1627,10
13.0265598297,80.2662124634,1627,1779,152
13.0265598297,80.2662124634,1779,1789,10
13.0261602402,80.2662811279,1789,1799,10
13.026140213,80.2662277222,1799,1808,9
13.0262298584,80.2659835815,1808,1819,11
13.0262498856,80.2659378052,1819,1829,10
13.0263500214,80.2656402588,1829,1840,11
13.0263500214,80.2652511597,1840,1920,80
13.0263500214,80.2652511597,1920,1930,10
13.0264596939,80.2650527954,1930,3110,1180
13.0264797211,80.26512146,3110,3503,393
13.0263900757,80.265083313,3503,4503,1000
13.0263795853,80.2650985718,4503,4583,80
13.0264701843,80.2651367188,4583,4987,404
13.0263395309,80.2649688721,4987,5007,20
13.0264797211,80.2650375366,5007,5169,162
13.0265197754,80.2650222778,5169,5361,192
13.0266599655,80.2650222778,5361,5798,437
13.0263299942,80.2651062012,5798,9273,3475
13.0264701843,80.2650222778,9273,9495,222
13.0264501572,80.2650680542,9495,9838,343
13.0265302658,80.2649765015,9838,9899,61
13.0265302658,80.2649765015,9899,9909,10
13.0263595581,80.2651367188,9909,10000,91
13.0264196396,80.2651519775,10000,10040,40
13.0263795853,80.2651596069,10040,10565,525
13.0266399384,80.2651519775,10565,10646,81
13.0264797211,80.2651596069,10646,10817,171
13.0266199112,80.2650299072,10817,10928,111
13.0264196396,80.2651824951,10928,11262,334
13.0264997482,80.2651062012,11262,11615,353
13.0263700485,80.2651062012,11615,13917,2302
13.026599884,80.2649917603,13917,14149,232
13.0264101028,80.2650375366,14149,16463,2314
13.0265302658,80.2650375366,16463,16655,192
13.0263996124,80.2652130127,16655,18613,1958
13.0263595581,80.2650222778,18613,18714,101
13.02643013,80.2650604248,18714,19219,505
13.02643013,80.2650604248,19219,19229,10
13.0263996124,80.2650375366,19229,19320,91
13.0263500214,80.2650985718,19320,19744,424
13.0263595581,80.2650375366,19744,19956,212
13.0263595581,80.2650375366,19956,19966,10
13.0264396667,80.2650604248,19966,20289,323
13.0263395309,80.2649993896,20289,20390,101
13.0263900757,80.2650375366,20390,20693,303
13.026309967,80.2651062012,20693,20733,40
13.0264101028,80.2650909424,20733,21309,576
13.0264101028,80.2650909424,21309,21319,10
13.0263500214,80.265007019,21319,21682,363
13.0263996124,80.2650527954,21682,22803,1121
13.0263996124,80.2650527954,22803,22813,10
13.0263900757,80.2649230957,22813,22823,10
13.0264701843,80.264289856,22823,22833,10
13.0265197754,80.2638092041,22833,22843,10
13.0266199112,80.2631225586,22843,22854,11
13.0267295837,80.262260437,22854,22864,10
13.02684021,80.2613601685,22864,22874,10
13.0269804001,80.2604293823,22874,22884,10
13.0270395279,80.2595977783,22884,22894,10
13.0270204544,80.2585830688,22894,22904,10
13.0270595551,80.2577362061,22904,22914,10
13.0270395279,80.2568283081,22914,22924,10
13.0271100998,80.2562637329,22924,22934,10
13.0271100998,80.255897522,22934,22944,10
13.0271100998,80.255531311,22944,22955,11
13.027130127,80.2547073364,22955,22965,10
13.0271701813,80.2538528442,22965,22975,10
13.0273399353,80.2530212402,22975,22985,10
13.0275802612,80.2520217896,22985,22995,10
13.0279598236,80.2511291504,22995,23005,10
13.0284204483,80.2503433228,23005,23015,10
13.0288200378,80.2496566772,23015,23025,10
13.029009819,80.2491836548,23025,23035,10
13.0290498734,80.2490234375,23035,23045,10
13.0290899277,80.2489471436,23045,23055,10
13.0291795731,80.2484893799,23055,23072,17
13.0293798447,80.2471389771,23072,23084,12
13.0295600891,80.2460784912,23084,23094,10
13.0293397903,80.2457199097,23094,23104,10
13.0284795761,80.2456817627,23104,23114,10
13.0276203156,80.2454223633,23114,23124,10
13.0273704529,80.2444610596,23124,23130,6
13.0268096924,80.2440185547,23130,23144,14
13.025270462,80.2434921265,23144,23154,10
13.0241003036,80.2430877686,23154,23165,11
13.0228796005,80.2426986694,23165,23175,10
13.0218801498,80.2424087524,23175,23195,20
13.0218801498,80.2424087524,23195,23205,10
13.0215301514,80.2422409058,23205,23215,10
13.0208101273,80.2420196533,23215,23238,23
13.0187997818,80.2414093018,23238,23259,21
13.0187997818,80.2414093018,23259,23270,11
13.0184402466,80.2413024902,23270,23281,11
13.0181798935,80.2412109375,23281,23291,10
13.0180101395,80.2411270142,23291,23301,10
13.0174598694,80.2409591675,23301,23311,10
13.0167798996,80.2408065796,23311,23321,10
13.0157499313,80.2406005859,23321,23330,9
13.015370369,80.2405471802,23330,23341,11
13.0143899918,80.2404403687,23341,23351,10
13.0132799149,80.2404098511,23351,23360,9
13.0121297836,80.2404174805,23360,23372,12
13.0105199814,80.2404632568,23372,23382,10
13.0091199875,80.2404937744,23382,23392,10
13.0078296661,80.2404174805,23392,23402,10
13.007109642,80.2403488159,23402,23442,40
13.007109642,80.2403488159,23442,23452,10
13.0069904327,80.2403335571,23452,23462,10
13.0068502426,80.239982605,23462,23472,10
13.0069503784,80.2393493652,23472,23483,11
13.0071201324,80.2383728027,23483,23493,10
13.007349968,80.2373809814,23493,23503,10
13.0074195862,80.2368087769,23503,23513,10
13.0074300766,80.2367935181,23513,23523,10
13.0074701309,80.2366790771,23523,23533,10
13.007610321,80.2361679077,23533,23543,10
13.0077695847,80.2353591919,23543,23553,10
13.0079698563,80.2343063354,23553,23563,10
13.0081996918,80.2331619263,23563,23573,10
13.0085201263,80.2315826416,23573,23584,11
13.0088300705,80.2299423218,23584,23594,10
13.0091495514,80.2284622192,23594,23604,10
13.0096797943,80.2270812988,23604,23614,10
13.010310173,80.225730896,23614,23624,10
13.0108203888,80.2245407104,23624,23634,10
13.0112400055,80.2234573364,23634,23644,10
13.0116300583,80.2224197388,23644,23654,10
13.0120296478,80.2213973999,23654,23664,10
13.0120801926,80.2206192017,23664,23674,10
13.0116996765,80.2194519043,23674,23685,11
13.0112400055,80.2181396484,23685,23695,10
13.0107898712,80.2170715332,23695,23705,10
13.0103797913,80.216217041,23705,23715,10
13.0100097656,80.2155227661,23715,23725,10
13.0095300674,80.2147827148,23725,23735,10
13.0089597702,80.2140274048,23735,23745,10
13.0084400177,80.2134475708,23745,23765,20
13.0084400177,80.2134475708,23765,23775,10
13.0081796646,80.2133102417,23775,23785,10
13.0078601837,80.2130966187,23785,23796,11
13.0072803497,80.2127990723,23796,23806,10
13.0065402985,80.2127532959,23806,23815,9
13.005900383,80.2129821777,23815,23826,11
13.0051498413,80.2126235962,23826,23836,10
13.0043001175,80.2121963501,23836,23846,10
13.0037002563,80.2119979858,23846,23856,10
13.0037097931,80.2114715576,23856,23866,10
13.0036401749,80.2106704712,23866,23876,10
13.0035495758,80.2098999023,23876,23886,10
13.0036401749,80.2091217041,23886,23897,11
13.0041503906,80.208656311,23897,23907,10
13.0049600601,80.2090301514,23907,23917,10
13.0058498383,80.2093887329,23917,23927,10
13.0066099167,80.2096176147,23927,23937,10
13.0068998337,80.2097015381,23937,23947,10
13.0069799423,80.2097167969,23947,23957,10
13.0074300766,80.2098388672,23957,23967,10
13.008020401,80.2099380493,23967,23977,10
13.0081701279,80.2097015381,23977,23987,10
13.0080404282,80.2090301514,23987,23998,11
13.0078802109,80.2079772949,23998,24008,10
13.0076904297,80.2068710327,24008,24018,10
13.0074901581,80.2057876587,24018,24028,10
13.0071201324,80.2048492432,24028,24038,10
13.0066404343,80.2039108276,24038,24048,10
13.0060596466,80.2030715942,24048,24058,10
13.0056495667,80.202331543,24058,24068,10
13.005109787,80.2016220093,24068,24078,10
13.0044202805,80.2012786865,24078,24088,10
13.0043802261,80.2012786865,24088,24098,10
13.0040998459,80.2012023926,24098,24109,11
13.0034103394,80.2009277344,24109,24119,10
13.0025596619,80.2006378174,24119,24129,10
13.0018701553,80.2000274658,24129,24139,10
13.0016899109,80.1991424561,24139,24149,10
13.0018596649,80.1981811523,24149,24159,10
13.0019798279,80.1971588135,24159,24169,10
13.0015802383,80.1962203979,24169,24179,10
13.0008802414,80.1953277588,24179,24189,10
13.0001497269,80.1944122314,24189,24199,10
12.999420166,80.1935195923,24199,24210,11
12.99862957,80.1925506592,24210,24220,10
12.9979000092,80.191619873,24220,24230,10
12.9971904755,80.1906814575,24230,24240,10
12.9965000153,80.1898498535,24240,24250,10
12.9958600998,80.1891098022,24250,24260,10
12.9953603745,80.1882476807,24260,24270,10
12.9948997498,80.1873168945,24270,24280,10
12.9944400787,80.186416626,24280,24290,10
12.9941997528,80.1859512329,24290,24300,10
12.9941902161,80.1859283447,24300,24310,10
12.9941301346,80.185836792,24310,24321,11
12.9938602448,80.1852874756,24321,24330,9
12.9934501648,80.1845703125,24330,24341,11
12.9928598404,80.1834869385,24341,24351,10
12.9921998978,80.1824264526,24351,24361,10
12.9914102554,80.1813735962,24361,24371,10
12.9905796051,80.1803207397,24371,24381,10
12.9897298813,80.1792678833,24381,24391,10
12.988940239,80.178237915,24391,24401,10
12.9881496429,80.1771621704,24401,24411,10
12.9873800278,80.1760787964,24411,24422,11
12.9866504669,80.1750335693,24422,24432,10
12.9860801697,80.1742095947,24432,24442,10
12.9855604172,80.1734390259,24442,24452,10
12.9850301743,80.172668457,24452,24462,10
12.9845199585,80.1718597412,24462,24472,10
12.9839096069,80.1708984375,24472,24482,10
12.9832496643,80.1698226929,24482,24492,10
12.9825801849,80.1687088013,24492,24502,10
12.9819002151,80.1676025391,24502,24512,10
12.9812402725,80.1664428711,24512,24523,11
12.9805297852,80.1651229858,24523,24533,10
12.980099678,80.1638793945,24533,24543,10
12.9797496796,80.1627807617,24543,24553,10
12.9794597626,80.1623306274,24553,24563,10
12.9792604446,80.1620407104,24563,24573,10
12.9787797928,80.1613922119,24573,24583,10
12.9781599045,80.1604995728,24583,24593,10
12.9774904251,80.1594696045,24593,24603,10
12.9768400192,80.1584320068,24603,24613,10
12.9761695862,80.1573562622,24613,24623,10
12.9754800797,80.1563186646,24623,24634,11
12.9748096466,80.1553573608,24634,24644,10
12.9741296768,80.1543579102,24644,24654,10
12.9735202789,80.1534500122,24654,24664,10
12.9729204178,80.1525268555,24664,24674,10
12.9722099304,80.1515731812,24674,24684,10
12.9712600708,80.150970459,24684,24694,10
12.9702196121,80.1504821777,24694,24704,10
12.9694795609,80.1501998901,24704,24714,10
12.9694404602,80.150177002,24714,24724,10
12.9691295624,80.1499786377,24724,24735,11
12.9684000015,80.1496429443,24735,24745,10
12.9677400589,80.1493225098,24745,24755,10
12.9675703049,80.1492385864,24755,24765,10
12.9672002792,80.1490631104,24765,24775,10
12.9665899277,80.1487579346,24775,24785,10
12.965880394,80.148399353,24785,24795,10
12.9649600983,80.1479187012,24795,24805,10
12.9638700485,80.1473236084,24805,24815,10
12.9627199173,80.1466903687,24815,24825,10
12.9617900848,80.1461791992,24825,24835,10
12.9614200592,80.1459884644,24835,24846,11
12.9608402252,80.1456985474,24846,24856,10
12.9602403641,80.1453781128,24856,24866,10
12.95952034,80.1449813843,24866,24876,10
12.9586296082,80.1445083618,24876,24886,10
12.9576396942,80.1439819336,24886,24896,10
12.9565696716,80.1434020996,24896,24906,10
12.9554700851,80.1427993774,24906,24922,16
12.953789711,80.1418991089,24922,24934,12
12.9529895782,80.1414718628,24934,24942,8
12.9526700974,80.1412582397,24942,24955,13
12.9520797729,80.140838623,24955,24964,9
12.9518699646,80.1406936646,24964,24975,11
12.9518203735,80.140663147,24975,24985,10
12.9516296387,80.1404724121,24985,24995,10
12.9511003494,80.1400527954,24995,25005,10
12.9505796432,80.1396408081,25005,25014,9
12.9502897263,80.1394119263,25014,25024,10
12.949669838,80.1389083862,25024,25035,11
12.9487600327,80.1381378174,25035,25045,10
12.947810173,80.1374816895,25045,25056,11
12.9467201233,80.136680603,25056,25066,10
12.9456596375,80.1358337402,25066,25076,10
12.9445495605,80.134979248,25076,25086,10
12.9434700012,80.1341018677,25086,25096,10
12.9424600601,80.1331329346,25096,25106,10
12.9415102005,80.1321411133,25106,25116,10
12.9405403137,80.1311569214,25116,25126,10
12.9395704269,80.1302032471,25126,25136,10
12.9385499954,80.1293029785,25136,25146,10
12.9375295639,80.1284408569,25146,25157,11
12.9368400574,80.1278686523,25157,25167,10
12.9367399216,80.1277770996,25167,25177,10
12.9363002777,80.1273880005,25177,25187,10
12.9356002808,80.126739502,25187,25196,9
12.9347600937,80.1259613037,25196,25207,11
12.9335899353,80.1248168945,25207,25217,10
12.9325399399,80.1237716675,25217,25227,10
12.9317598343,80.1229934692,25227,25247,20
12.9317598343,80.1229934692,25247,25257,10
12.9313802719,80.1226272583,25257,25268,11
12.9307203293,80.1219482422,25268,25278,10
12.9300899506,80.1212997437,25278,25288,10
12.9299697876,80.1210632324,25288,25298,10
12.9300603867,80.1205215454,25298,25308,10
12.9301996231,80.1195602417,25308,25318,10
12.9303798676,80.1184005737,25318,25334,16
12.930150032,80.1177368164,25334,25346,12
12.9293003082,80.1176376343,25346,25354,8
12.9286203384,80.1175689697,25354,25366,12
12.9283103943,80.1177597046,25366,25377,11
12.9282798767,80.1184616089,25377,25387,10
12.9282903671,80.1192092896,25387,26296,909
12.9282903671,80.1192092896,26296,26306,10
12.9287004471,80.1196212769,26306,26327,21
12.9287004471,80.1196212769,26327,26337,10
12.9289197922,80.1199188232,26337,26347,10
12.9291200638,80.1202392578,26347,26357,10
12.9295797348,80.1206893921,26357,26367,10
12.9301204681,80.1212310791,26367,26377,10
12.9307603836,80.1218490601,26377,26387,10
12.9313297272,80.1223373413,26387,26397,10
12.9317998886,80.1228179932,26397,26407,10
12.9323196411,80.1233825684,26407,26416,9
12.9328403473,80.123878479,26416,26428,12
12.9334402084,80.12449646,26428,26438,10
12.9339199066,80.1249694824,26438,26448,10
12.9344501495,80.1254501343,26448,26488,40
12.9344501495,80.1254501343,26488,26498,10
12.934510231,80.1254730225,26498,26508,10
12.9347295761,80.1257400513,26508,26518,10
12.9351596832,80.1260986328,26518,26529,11
12.9357995987,80.126663208,26529,26539,10
12.9364004135,80.1271972656,26539,26549,10
12.9366998672,80.1274032593,26549,26559,10
12.9369497299,80.1270828247,26559,26569,10
12.9373197556,80.1268386841,26569,26579,10
12.9375600815,80.1270294189,26579,26589,10
12.9377403259,80.1273269653,26589,26599,10
12.9375295639,80.1277313232,26599,26609,10
12.9372997284,80.1276931763,26609,26629,20
12.9372997284,80.1276931763,26629,26640,11
12.9375600815,80.1276321411,26640,26650,10
12.9376602173,80.1271514893,26650,26660,10
12.9371900558,80.1268081665,26660,26670,10
12.9366798401,80.1273727417,26670,26690,20
12.9366798401,80.1273727417,26690,26700,10
12.9369001389,80.1277084351,26700,26710,10
12.9373397827,80.1280517578,26710,26720,10
12.9373998642,80.128112793,26720,26730,10
12.9377298355,80.12840271,26730,26741,11
12.9384098053,80.1289901733,26741,26751,10
12.9392595291,80.129737854,26751,26761,10
12.9402599335,80.1306762695,26761,26771,10
12.9412603378,80.1317214966,26771,26781,10
12.9420900345,80.1325912476,26781,26791,10
12.942440033,80.1330184937,26791,26801,10
12.9429597855,80.1335525513,26801,26811,10
12.9436798096,80.1342391968,26811,26827,16
12.9452295303,80.1354827881,26827,26839,12
12.9465503693,80.1365280151,26839,26850,11
12.9478597641,80.1374511719,26850,26860,10
12.9490604401,80.1383209229,26860,26870,10
12.9500999451,80.1391220093,26870,26880,10
12.950510025,80.1394271851,26880,26890,10
12.9506101608,80.1395111084,26890,26900,10
12.9510097504,80.1397323608,26900,26910,10
12.9514904022,80.1400527954,26910,26920,10
12.9515399933,80.1400985718,26920,26930,10
12.9516296387,80.1401367188,26930,26940,10
12.9519500732,80.140411377,26940,26950,10
12.9522104263,80.1407928467,26950,26961,11
12.9528903961,80.1412963867,26961,26971,10
12.9538297653,80.1418228149,26971,26981,10
12.9548501968,80.1423721313,26981,26989,8
12.9556598663,80.1427688599,26989,27000,11
12.9566497803,80.1432800293,27000,27011,11
12.9577102661,80.1438293457,27011,27021,10
12.9589595795,80.1444396973,27021,27031,10
12.9599504471,80.1449737549,27031,27041,10
12.9607400894,80.1453933716,27041,27051,10
12.9617300034,80.1459503174,27051,27062,11
12.9629802704,80.1466064453,27062,27072,10
12.964050293,80.147277832,27072,27081,9
12.9649896622,80.1478729248,27081,27093,12
12.9662904739,80.1485671997,27093,27103,10
12.9674100876,80.1491088867,27103,27123,20
12.9674100876,80.1491088867,27123,27133,10
12.9677696228,80.149269104,27133,27143,10
12.9683198929,80.149520874,27143,27153,10
12.9685602188,80.1496429443,27153,27164,11
12.9689798355,80.1497879028,27164,27184,20
12.9689798355,80.1497879028,27184,27194,10
12.9693202972,80.1499786377,27194,27204,10
12.9699602127,80.1502914429,27204,27214,10
12.9708995819,80.1507415771,27214,27224,10
12.9717798233,80.1511001587,27224,27234,10
12.9719200134,80.1511688232,27234,27244,10
12.9721698761,80.1513137817,27244,27254,10
12.9725799561,80.1518096924,27254,27265,11
12.9731502533,80.1526870728,27265,27275,10
12.9737997055,80.153678894,27275,27285,10
12.9745197296,80.1547622681,27285,27295,10
12.9752998352,80.1558990479,27295,27305,10
12.9761104584,80.1570663452,27305,27315,10
12.976849556,80.1581573486,27315,27325,10
12.977519989,80.1591186523,27325,27335,10
12.9781703949,80.1600570679,27335,27345,10
12.9788599014,80.1610412598,27345,27355,10
12.9794197083,80.1618423462,27355,27365,10
12.9798297882,80.1623687744,27365,27376,11
12.980099678,80.162940979,27376,27386,10
12.9802904129,80.1636276245,27386,27396,10
12.9805402756,80.1644897461,27396,27406,10
12.9809398651,80.1654510498,27406,27416,10
12.9813699722,80.1662368774,27416,27426,10
12.9815797806,80.1665878296,27426,27436,10
12.9815797806,80.1666030884,27436,27452,16
12.9816503525,80.1666870117,27452,27464,12
12.982000351,80.1672668457,27464,27472,8
12.9823503494,80.1678695679,27472,27484,12
12.9830102921,80.1690216064,27484,27495,11
12.9837198257,80.1701812744,27495,27506,11
12.9844102859,80.1714096069,27506,27516,10
12.9849796295,80.1724777222,27516,27526,10
12.9856395721,80.1734771729,27526,27535,9
12.9861803055,80.1742706299,27535,27546,11
12.9863195419,80.1744766235,27546,27556,10
12.9864597321,80.1746902466,27556,27566,10
12.9868402481,80.175239563,27566,27576,10
12.9873399734,80.1759719849,27576,27587,11
12.9880304337,80.176940918,27587,27597,10
12.988699913,80.1778488159,27597,27607,10
12.98939991,80.1787719727,27607,27617,10
12.9901599884,80.1797409058,27617,27627,10
12.9910097122,80.1808013916,27627,27637,10
12.9918498993,80.181892395,27637,27647,10
12.992650032,80.1830291748,27647,27657,10
12.9933204651,80.1841964722,27657,27667,10
12.9938001633,80.1850585938,27667,27677,10
12.9941196442,80.1856994629,27677,27687,10
12.9945402145,80.1865005493,27687,27698,11
12.9951000214,80.1875915527,27698,27708,10
12.9955596924,80.1884994507,27708,27718,10
12.9958400726,80.1889724731,27718,27728,10
12.9959697723,80.1891479492,27728,27738,10
12.9963302612,80.1895599365,27738,27748,10
12.9968795776,80.1901626587,27748,27758,10
12.9975204468,80.1909408569,27758,27768,10
12.9981803894,80.1917800903,27768,27778,10
12.9988298416,80.1926193237,27778,27788,10
12.9995298386,80.1935424805,27788,27799,11
13.0003404617,80.1945877075,27799,27809,10
13.0011396408,80.1955566406,27809,27819,10
13.0018997192,80.1965484619,27819,27829,10
13.002120018,80.1977920532,27829,27839,10
13.0018997192,80.1989974976,27839,27849,10
13.001999855,80.1999664307,27849,27859,10
13.0028095245,80.2006607056,27859,27869,10
13.0039997101,80.200881958,27869,27889,20
13.0039997101,80.200881958,27889,27900,11
13.0043697357,80.2010421753,27900,27910,10
13.0050201416,80.2013168335,27910,27920,10
13.0057401657,80.2019577026,27920,27930,10
13.0062799454,80.2029190063,27930,27940,10
13.0070695877,80.2035522461,27940,27950,10
13.0080699921,80.2037200928,27950,27960,10
13.0084199905,80.2030410767,27960,27969,9
13.0076398849,80.2030410767,27969,27980,11
13.0076503754,80.2043075562,27980,27990,10
13.0076799393,80.2056503296,27990,28000,10
13.0078897476,80.2070770264,28000,28011,11
13.0081195831,80.2086486816,28011,28021,10
13.0084495544,80.2099304199,28021,28031,10
13.0089797974,80.2106933594,28031,28041,10
13.0094099045,80.2110900879,28041,28051,10
13.00922966,80.2113571167,28051,28101,50
13.00922966,80.2113571167,28101,28112,11
13.0090398788,80.2115631104,28112,28122,10
13.0091295242,80.2118988037,28122,28132,10
13.0093297958,80.2125473022,28132,28142,10
13.0095996857,80.2132873535,28142,28152,10
13.0098800659,80.2140426636,28152,28162,10
13.0101299286,80.2147674561,28162,28172,10
13.0102901459,80.215713501,28172,28182,10
13.010720253,80.2166900635,28182,28192,10
13.0112800598,80.217880249,28192,28202,10
13.0118198395,80.2193374634,28202,28212,10
13.0122804642,80.2207794189,28212,28222,10
13.0127000809,80.2218475342,28222,28233,11
13.0133895874,80.2227478027,28233,28243,10
13.0140800476,80.2235412598,28243,28253,10
13.0146598816,80.2241134644,28253,28263,10
13.0151395798,80.2247695923,28263,28273,10
13.0155000687,80.2254180908,28273,28283,10
13.0151700974,80.2258529663,28283,28293,10
13.0146799088,80.2260894775,28293,28303,10
13.0138301849,80.2264633179,28303,28313,10
13.0128002167,80.2268981934,28313,28324,11
13.0115404129,80.2273788452,28324,28334,10
13.0103502274,80.2278594971,28334,28344,10
13.0093202591,80.2283401489,28344,28354,10
13.0089902878,80.2294387817,28354,28364,10
13.0087604523,80.2306976318,28364,28374,10
13.0085296631,80.231880188,28374,28384,10
13.0083198547,80.2334136963,28384,28420,36
13.0083198547,80.2334136963,28420,28431,11
13.0082597733,80.233581543,28431,28443,12
13.0081195831,80.2340698242,28443,28452,9
13.0079898834,80.2346572876,28452,28463,11
13.007809639,80.2355575562,28463,28473,10
13.007610321,80.2365722656,28473,28483,10
13.0073795319,80.2376785278,28483,28494,11
13.0072002411,80.2387466431,28494,28503,9
13.0070495605,80.2395172119,28503,28513,10
13.0069704056,80.240020752,28513,28535,22
13.0069704056,80.240020752,28535,28545,10
13.006939888,80.2401580811,28545,28555,10
13.0073795319,80.240272522,28555,28565,10
13.008190155,80.2403793335,28565,28575,10
13.0092897415,80.2404174805,28575,28585,10
13.0105400085,80.2403869629,28585,28595,10
13.011879921,80.2403488159,28595,28605,10
13.0132598877,80.2403488159,28605,28615,10
13.0146398544,80.2403793335,28615,28625,10
13.0159101486,80.2405700684,28625,28642,17
13.0177202225,80.2409591675,28642,28654,12
13.0185699463,80.2412185669,28654,28674,20
13.0185699463,80.2412185669,28674,28683,9
13.0188302994,80.2414703369,28683,28694,11
13.0195198059,80.2416229248,28694,28704,10
13.0204200745,80.241859436,28704,28714,10
13.0215196609,80.2421875,28714,28724,10
13.022649765,80.2425384521,28724,28734,10
13.0233201981,80.2427520752,28734,28745,11
13.0234098434,80.2427978516,28745,28755,10
13.0239200592,80.2429962158,28755,28765,10
13.0247001648,80.2432632446,28765,28775,10
13.0254898071,80.2435302734,28775,28785,10
13.0264396667,80.2438583374,28785,28795,10
13.0274200439,80.2443618774,28795,28805,10
13.0277795792,80.2453765869,28805,28815,10
13.0288095474,80.2456207275,28815,28824,9
13.029589653,80.2457427979,28824,28834,10
13.0295000076,80.2465209961,28834,28845,11
13.0293598175,80.2472076416,28845,28856,11
13.0292797089,80.2479095459,28856,28866,10
13.0291595459,80.2486419678,28866,28876,10
13.0290203094,80.2492828369,28876,28886,10
13.0290002823,80.249458313,28886,28896,10
13.0289697647,80.2496795654,28896,28916,20
13.0289697647,80.2496795654,28916,28926,10
13.0289096832,80.2498626709,28926,28936,10
13.0286102295,80.250328064,28936,28946,10
13.028169632,80.2510528564,28946,28957,11
13.0276403427,80.2520904541,28957,28967,10
13.0274000168,80.2531433105,28967,28977,10
13.0272903442,80.2536468506,28977,28987,10
13.0272197723,80.2539520264,28987,28997,10
13.0271701813,80.2544708252,28997,29007,10
13.0271596909,80.2544937134,29007,29017,10
13.0271596909,80.2547302246,29017,29027,10
13.0271396637,80.2552337646,29027,29037,10
13.0271596909,80.256362915,29037,29057,20
13.0271596909,80.256362915,29057,29068,11
13.027130127,80.2565994263,29068,29078,10
13.0271196365,80.2572021484,29078,29088,10
13.0271196365,80.258102417,29088,29098,10
13.0271100998,80.2590789795,29098,29108,10
13.0271100998,80.2592163086,29108,29118,10
13.0270996094,80.2596282959,29118,29128,10
13.0270595551,80.2603225708,29128,29138,10
13.0269098282,80.2612991333,29138,29148,10
13.0267896652,80.2621231079,29148,29158,10
13.0266895294,80.2630004883,29158,29169,11
13.0270004272,80.2634277344,29169,29179,10
13.0277500153,80.263671875,29179,29189,10
13.0285797119,80.2638626099,29189,29199,10
13.0291795731,80.2640304565,29199,29209,10
13.0293197632,80.2643966675,29209,29219,10
13.0293302536,80.2650375366,29219,29229,10
13.0292901993,80.2660980225,29229,29259,30
13.0292901993,80.2660980225,29259,29270,11
13.0292797089,80.2664794922,29270,29280,10
13.0296001434,80.2665863037,29280,29289,9
13.0301599503,80.2666473389,29289,29300,11
13.0311803818,80.2668609619,29300,29310,10
13.0321397781,80.267250061,29310,29320,10
13.03262043,80.2675170898,29320,29330,10
13.0333499908,80.267791748,29330,29340,10
13.0341796875,80.2679519653,29340,29360,20
13.0341796875,80.2679519653,29360,29370,10
13.0343704224,80.2679824829,29370,29381,11
13.0350999832,80.2679290771,29381,29391,10
13.035949707,80.267791748,29391,29400,9
13.0366601944,80.2676696777,29400,29411,11
13.0369796753,80.2670211792,29411,29421,10
13.037320137,80.2658920288,29421,29431,10
13.0375900269,80.2647018433,29431,29441,10
13.0380401611,80.2643737793,29441,29450,9
13.0384998322,80.2645187378,29450,29461,11
13.0389604568,80.2646026611,29461,29471,10
13.0396995544,80.2646331787,29471,29482,11
13.04047966,80.2645874023,29482,29492,10
13.0408496857,80.2646179199,29492,29502,10
13.0414199829,80.2648086548,29502,29512,10
13.0413103104,80.2655181885,29512,29522,10
13.0411996841,80.2663421631,29522,29532,10
13.0410804749,80.2670593262,29532,29542,10
13.0410299301,80.2675018311,29542,29552,10
13.0410003662,80.2681274414,29552,29562,10
13.0414896011,80.2681732178,29562,29572,10
13.0416603088,80.2681503296,29572,29582,10
13.0417404175,80.2681274414,29582,29593,11
13.0422697067,80.2681121826,29593,29603,10
13.0429096222,80.267829895,29603,29611,8
13.0433101654,80.2675704956,29611,29622,11
13.0438995361,80.2671432495,29622,29634,12
13.0444803238,80.2667770386,29634,29673,39
13.0444803238,80.2667770386,29673,29684,11
13.0445604324,80.2668228149,29684,29695,11
13.0445899963,80.2674636841,29695,29705,10
13.0445804596,80.2683410645,29705,29715,10
13.0444498062,80.2693710327,29715,29725,10
13.0442199707,80.2703781128,29725,29735,10
13.0439796448,80.2714996338,29735,29745,10
13.0437498093,80.2726669312,29745,29755,10
13.0436201096,80.2734222412,29755,29765,10
13.0435695648,80.2734909058,29765,29775,10
13.0434799194,80.2739868164,29775,29785,10
13.043390274,80.2748565674,29785,29795,10
13.0433597565,80.2759475708,29795,29806,11
13.0433797836,80.2770309448,29806,29816,10
13.043390274,80.2777404785,29816,29826,10
13.0433797836,80.2778701782,29826,29836,10
13.043390274,80.2779312134,29836,29846,10
13.043390274,80.2784118652,29846,29856,10
13.043390274,80.2791824341,29856,29866,10
13.0437002182,80.2797698975,29866,29876,10
13.0445804596,80.2799377441,29876,29886,10
13.0456800461,80.280090332,29886,29902,16
13.0475597382,80.2803497314,29902,29915,13
13.049079895,80.2805709839,29915,29925,10
13.0500898361,80.2807235718,29925,29935,10
13.0508098602,80.2808380127,29935,29945,10
13.0516395569,80.2809524536,29945,29955,10
13.0526895523,80.2810974121,29955,29965,10
13.053730011,80.2812728882,29965,29974,9
13.0549602509,80.2814865112,29974,29985,11
13.056139946,80.2817306519,29985,29995,10
13.057100296,80.2819213867,29995,30006,11
13.0581903458,80.2821426392,30006,30017,11
13.059510231,80.2824020386,30017,30028,11
13.0608196259,80.282661438,30028,30037,9
13.0619697571,80.2828979492,30037,30048,11
13.0632095337,80.2832183838,30048,30058,10
13.0639600754,80.2834396362,30058,30099,41
13.0639600754,80.2834396362,30099,30109,10
13.0641498566,80.2834625244,30109,30119,10
13.0648002625,80.2835922241,30119,30130,11
13.0659303665,80.283821106,30130,30140,10
13.0672101974,80.2840805054,30140,30150,10
13.0684204102,80.2843322754,30150,30159,9
13.0696296692,80.2846221924,30159,30170,11
13.0710296631,80.2849502563,30170,30181,11
13.0723400116,80.2852706909,30181,30191,10
13.0736999512,80.2854003906,30191,30201,10
13.0744800568,80.2861175537,30201,30211,10
13.0754995346,80.2867584229,30211,30221,10
13.0767202377,80.2871780396,30221,30231,10
13.0778503418,80.2874603271,30231,30242,11
13.0791101456,80.2878417969,30242,30252,10
13.0798997879,80.2880706787,30252,30262,10
13.0799503326,80.2880783081,30262,30272,10
13.0804395676,80.2882080078,30272,30282,10
13.0808897018,80.2882766724,30282,30292,10
13.0811901093,80.2883987427,30292,30302,10
13.0818300247,80.2886734009,30302,30312,10
13.0827302933,80.2890396118,30312,30322,10
13.0838098526,80.2891921997,30322,30332,10
13.0850200653,80.2891464233,30332,30343,11
13.0864496231,80.2894210815,30343,30353,10
13.0875902176,80.2898025513,30353,30363,10
13.0888395309,80.2901763916,30363,30413,50
13.0888395309,80.2901763916,30413,30423,10
13.088640213,80.2904815674,30423,30433,10
13.0880403519,80.2901611328,30433,30444,11
13.0870800018,80.2897872925,30444,30454,10
13.0861797333,80.2895278931,30454,30464,10
13.0855703354,80.2890777588,30464,30474,10
13.0851802826,80.2882232666,30474,30484,10
13.0851697922,80.287109375,30484,30494,10
13.085269928,80.2860107422,30494,30504,10
13.0853700638,80.2849884033,30504,30514,10
13.0852403641,80.2842025757,30514,30524,10
13.0854597092,80.2836990356,30524,30534,10
13.0856399536,80.2835083008,30534,30545,11
13.086139679,80.2835388184,30545,30555,10
13.0865802765,80.2838821411,30555,30575,20
13.0865802765,80.2838821411,30575,30585,10
13.0868997574,80.2839736938,30585,30686,101
13.0868797302,80.2838363647,30686,31806,1120
13.0868797302,80.2838363647,31806,31817,11
13.0870895386,80.2837677002,31817,31827,10
13.0874996185,80.2838287354,31827,31837,10
13.0879201889,80.2838821411,31837,31867,30
13.0879201889,80.2838821411,31867,31877,10
13.0881795883,80.2836074829,31877,31887,10
13.0882797241,80.2834777832,31887,31897,10
13.0882997513,80.2832107544,31897,31907,10
13.0883102417,80.2826919556,31907,31917,10
13.0882797241,80.2822189331,31917,31928,11
13.0881204605,80.2816772461,31928,31938,10
13.0882797241,80.2814407349,31938,31948,10
13.0885400772,80.2817382813,31948,31958,10
13.0884399414,80.2823410034,31958,31968,10
13.0883398056,80.2829818726,31968,31978,10
13.0883197784,80.2835388184,31978,31988,10
13.0883598328,80.2842102051,31988,31998,10
13.0884103775,80.284866333,31998,32008,10
13.088470459,80.2854614258,32008,32018,10
13.08852005,80.2859802246,32018,32029,11
13.0885295868,80.2864227295,32029,32039,10
13.088549614,80.286857605,32039,32049,10
13.0886096954,80.2873687744,32049,32059,10
13.0886297226,80.2876205444,32059,32069,10
13.0886802673,80.2882385254,32069,32079,10
13.0887002945,80.2886428833,32079,32089,10
13.0887699127,80.2891998291,32089,32099,10
13.0888595581,80.2899017334,32099,32109,10
13.0888004303,80.2901229858,32109,32119,10
13.088760376,80.2903289795,32119,32130,11
13.0884304047,80.2903366089,32130,32140,10
13.0877304077,80.2899627686,32140,32150,10
13.0867004395,80.2895584106,32150,32160,10
13.0854196548,80.2892608643,32160,32170,10
13.0841598511,80.2891769409,32170,32180,10
13.0830602646,80.2892227173,32180,32190,10
13.0819597244,80.2887878418,32190,32200,10
13.0808601379,80.2884216309,32200,32210,10
13.0797195435,80.2881164551,32210,32220,10
13.0784702301,80.287689209,32220,32230,10
13.0773200989,80.2874221802,32230,32241,11
13.0759601593,80.2870635986,32241,32251,10
13.0750799179,80.2866363525,32251,32261,10
13.0741300583,80.2860565186,32261,32271,10
13.0729398727,80.2857437134,32271,32281,10
13.0716495514,80.2852325439,32281,32291,10
13.0702295303,80.284866333,32291,32301,10
13.0689601898,80.2845916748,32301,32311,10
13.0677700043,80.2843170166,32311,32321,10
13.0665197372,80.2840881348,32321,32331,10
13.0651597977,80.283782959,32331,32342,11
13.0636501312,80.2834014893,32342,32352,10
13.0622396469,80.2830581665,32352,32362,10
13.060839653,80.2827529907,32362,32372,10
13.0594396591,80.2824707031,32372,32382,10
13.0582304001,80.2822418213,32382,32392,10
13.0574598312,80.2820968628,32392,32402,10
13.05671978,80.2819213867,32402,32412,10
13.0566396713,80.2819137573,32412,32422,10
13.0563898087,80.2818527222,32422,32432,10
13.0556497574,80.2816925049,32432,32442,10
13.0545701981,80.2814712524,32442,32453,11
13.0531101227,80.2812194824,32453,32463,10
13.051779747,80.2810211182,32463,32473,10
13.0510196686,80.2809066772,32473,32483,10
13.0508499146,80.2808914185,32483,32493,10
13.0502099991,80.2807922363,32493,32503,10
13.0492296219,80.2806472778,32503,32513,10
13.0479698181,80.2804718018,32513,32523,10
13.0465602875,80.2802581787,32523,32533,10
13.0451402664,80.2800674438,32533,32543,10
13.0438404083,80.279876709,32543,32553,10
13.0432195663,80.2795181274,32553,32564,11
13.0432395935,80.2785568237,32564,32574,10
13.0432701111,80.277557373,32574,32584,10
13.0433101654,80.2764892578,32584,32594,10
13.0433301926,80.2756118774,32594,32604,10
13.0433397293,80.274597168,32604,32644,40
13.0433397293,80.274597168,32644,32654,10
13.0433301926,80.2743988037,32654,32664,10
13.0434303284,80.2739028931,32664,32681,17
13.0437402725,80.2724227905,32681,32693,12
13.0439996719,80.2710800171,32693,32702,9
13.0442399979,80.2699584961,32702,32713,11
13.0445098877,80.2684402466,32713,32733,20
13.0445098877,80.2684402466,32733,32743,10
13.0443201065,80.2682800293,32743,32753,10
13.0434904099,80.2682113647,32753,32763,10
13.0426597595,80.2681427002,32763,32774,11
13.0418395996,80.2681808472,32774,32784,10
13.0410499573,80.2682113647,32784,32793,9
13.0403995514,80.2680282593,32793,32804,11
13.0396203995,80.2677383423,32804,32814,10
13.0386800766,80.2675933838,32814,32825,11
13.0376996994,80.2676010132,32825,32835,10
13.0372104645,80.267578125,32835,32846,11
13.0369997025,80.2676010132,32846,32856,10
13.03647995,80.2676925659,32856,32866,10
13.0356798172,80.2677993774,32866,32877,11
13.034330368,80.2679977417,32877,32907,30
13.034330368,80.2679977417,32907,32917,10
13.034239769,80.2680130005,32917,32927,10
13.033949852,80.2679519653,32927,32937,10
13.0334796906,80.267791748,32937,32947,10
13.0328397751,80.2676696777,32947,32957,10
13.0323495865,80.2674026489,32957,32967,10
13.0317296982,80.2671432495,32967,32977,10
13.0310096741,80.2668914795,32977,32987,10
13.0301904678,80.2666702271,32987,32998,11
13.0294504166,80.2666168213,32998,33008,10
13.0289201736,80.266418457,33008,33018,10
13.0282802582,80.2662734985,33018,33028,10
13.0276298523,80.2661514282,33028,33038,10
13.0270900726,80.2660827637,33038,33048,10
13.0266399384,80.2660217285,33048,33058,10
13.0263500214,80.2657623291,33058,33068,10
13.0263996124,80.2651824951,33068,33078,10
13.0264797211,80.2645568848,33078,33088,10
13.0265398026,80.2640228271,33088,33099,11
13.026550293,80.263961792,33099,33109,10
13.0265703201,80.2638702393,33109,33119,10
13.0266103745,80.2635574341,33119,33129,10
13.0266799927,80.2630462646,33129,33139,10
13.0267400742,80.2623825073,33139,33149,10
13.0267601013,80.2618865967,33149,33159,10
13.0268001556,80.2615127563,33159,33169,10
13.0268697739,80.2608566284,33169,33179,10
13.0270700455,80.2600326538,33179,33195,16
13.0270700455,80.2584991455,33195,33208,13
13.0270500183,80.2572479248,33208,33218,10
13.0270204544,80.2568130493,33218,33268,50
13.0270204544,80.2568130493,33268,33279,11
13.0270996094,80.2564620972,33279,33289,10
13.0270395279,80.2559432983,33289,33299,10
13.0270795822,80.2557296753,33299,33310,11
13.0270996094,80.255317688,33310,33320,10
13.027130127,80.2541503906,33320,33350,30
13.027130127,80.2541503906,33350,33360,10
13.027179718,80.2537765503,33360,33370,10
13.0272903442,80.2531814575,33370,33380,10
13.0274896622,80.2523193359,33380,33390,10
13.027879715,80.2512893677,33390,33400,10
13.0284004211,80.2503890991,33400,33410,10
13.0288000107,80.2496795654,33410,33421,11
13.0290403366,80.2489471436,33421,33431,10
13.0290803909,80.2488174438,33431,33441,10
13.0291500092,80.2486877441,33441,33451,10
13.0292396545,80.2481765747,33451,33461,10
13.0293598175,80.2473678589,33461,33471,10
13.0295000076,80.2464294434,33471,33481,10
13.0295600891,80.2459869385,33481,33552,71
13.0295600891,80.2459869385,33552,33562,10
13.0293998718,80.2456970215,33562,33572,10
13.028670311,80.2456436157,33572,33582,10
13.027759552,80.2455291748,33582,33592,10
13.0274200439,80.2446289063,33592,33602,10
13.0266799927,80.2439575195,33602,33612,10
13.0256099701,80.2436065674,33612,33622,10
13.0245800018,80.243270874,33622,33633,11
13.0235004425,80.2429122925,33633,33643,10
13.0225601196,80.2425765991,33643,33653,10
13.0219097137,80.2423706055,33653,33663,10
13.021900177,80.2423706055,33663,33673,10
13.0216197968,80.2423019409,33673,33683,10
13.0209999084,80.2420806885,33683,33693,10
13.0201597214,80.2417831421,33693,33703,10
13.0188798904,80.2414093018,33703,33723,20
13.0188798904,80.2414093018,33723,33734,11
13.0186395645,80.2413330078,33734,33744,10
13.0179796219,80.2410964966,33744,33754,10
13.0170497894,80.2408828735,33754,33764,10
13.0159301758,80.2406616211,33764,33774,10
13.0152597427,80.2405471802,33774,33784,10
13.0144901276,80.2404632568,33784,33794,10
13.0134601593,80.2404174805,33794,33810,16
13.011469841,80.240447998,33810,33822,12
13.0098199844,80.2405014038,33822,33832,10
13.0084295273,80.2404632568,33832,33843,11
13.0069599152,80.2403106689,33843,33913,70
13.0069599152,80.2403106689,33913,33923,10
13.0068702698,80.2403030396,33923,33933,10
13.0068101883,80.2399215698,33933,33944,11
13.0069799423,80.2391204834,33944,33954,10
13.0071201324,80.238243103,33954,33964,10
13.0073404312,80.2372817993,33964,33974,10
13.0073699951,80.2369232178,33974,33984,10
13.0073604584,80.236869812,33984,33994,10
13.0074996948,80.2364807129,33994,34004,10
13.0076599121,80.235748291,34004,34014,10
13.0078496933,80.2348403931,34014,34024,10
13.0080604553,80.2337493896,34024,34033,9
13.0082998276,80.2326278687,34033,34043,10
13.0085296631,80.2313995361,34043,34055,12
13.0087404251,80.2301177979,34055,34065,10
13.0089998245,80.2288589478,34065,34075,10
13.0094203949,80.2275695801,34075,34085,10
13.0100097656,80.2262802124,34085,34095,10
13.0105600357,80.225151062,34095,34105,10
13.0109500885,80.2242584229,34105,34115,10
13.011300087,80.2233734131,34115,34125,10
13.0116796494,80.2224731445,34125,34135,10
13.0120000839,80.2215118408,34135,34145,10
13.0120401382,80.2206268311,34145,34156,11
13.0117301941,80.2193984985,34156,34166,10
13.011349678,80.218208313,34166,34176,10
13.010890007,80.2170791626,34176,34186,10
13.0104904175,80.2163009644,34186,34196,10
13.0101003647,80.2156524658,34196,34206,10
13.0096998215,80.2149734497,34206,34222,16
13.0090503693,80.2140731812,34222,34234,12
13.0082702637,80.2133407593,34234,34345,111
13.0082702637,80.2133407593,34345,34355,10
13.007900238,80.2131271362,34355,34365,10
13.0076198578,80.2129211426,34365,34376,11
13.0070104599,80.2127609253,34376,34386,10
13.006310463,80.2128219604,34386,34396,10
13.0056400299,80.2128982544,34396,34406,10
13.004989624,80.2124786377,34406,34416,10
13.0042695999,80.2121734619,34416,34426,10
13.0037403107,80.2118377686,34426,34436,10
13.0037097931,80.2110290527,34436,34446,10
13.0036096573,80.2102127075,34446,34457,11
13.0035896301,80.2093429565,34457,34467,10
13.0038995743,80.2085876465,34467,34478,11
13.0049200058,80.2089996338,34478,34488,10
13.0058898926,80.2094192505,34488,34498,10
13.0067396164,80.2096786499,34498,34508,10
13.006939888,80.2097396851,34508,34518,10
13.0071201324,80.2098236084,34518,34528,10
13.0077295303,80.2099075317,34528,34538,10
13.0081701279,80.2098083496,34538,34548,10
13.0080299377,80.2090835571,34548,34558,10
13.0078802109,80.2080688477,34558,34568,10
13.0076904297,80.2068786621,34568,34578,10
13.0074501038,80.2057495117,34578,34595,17
13.0067501068,80.2040634155,34595,34607,12
13.0061903,80.2032699585,34607,34617,10
13.0057096481,80.2024993896,34617,34627,10
13.0052404404,80.2017593384,34627,34637,10
13.0044002533,80.2012710571,34637,34647,10
13.0042495728,80.2012329102,34647,34656,9
13.0041704178,80.2011566162,34656,34667,11
13.0035495758,80.2009124756,34667,34677,10
13.0027399063,80.200668335,34677,34686,9
13.0020198822,80.2001800537,34686,34698,12
13.0017004013,80.1992111206,34698,34708,10
13.0018701553,80.1982116699,34708,34718,10
13.001950264,80.1970825195,34718,34728,10
13.0013799667,80.1959381104,34728,34738,10
13.0005502701,80.1949234009,34738,34748,10
12.9996995926,80.1938171387,34748,34758,10
12.9988002777,80.192741394,34758,34768,10
12.9979400635,80.19165802,34768,34778,10
12.9970903397,80.1905288696,34778,34794,16
12.9961500168,80.189453125,34794,34807,13
12.9957399368,80.188949585,34807,34817,10
12.9954299927,80.1884002686,34817,34827,10
12.9948797226,80.1872787476,34827,34837,10
12.994310379,80.1861495972,34837,34847,10
12.9937496185,80.1850814819,34847,34857,10
12.9929895401,80.1837005615,34857,34867,10
12.9922199249,80.1824493408,34867,34877,10
12.9913196564,80.1812820435,34877,34887,10
12.9904699326,80.1801834106,34887,34898,11
12.9895601273,80.1790390015,34898,34909,11
12.9886102676,80.1778030396,34909,34919,10
12.987830162,80.1767120361,34919,34929,10
12.9871501923,80.1757583618,34929,34939,10
12.9864597321,80.1747589111,34939,34949,10
12.985710144,80.1736602783,34949,34959,10
12.9849100113,80.1724777222,34959,34969,10
12.9841499329,80.1712722778,34969,34979,10
12.9834604263,80.1701202393,34979,34989,10
12.9828500748,80.1691131592,34989,34999,10
12.9820804596,80.1679077148,34999,35010,11
12.981300354,80.1666030884,35010,35020,10
12.980629921,80.1653671265,35020,35030,10
12.9801702499,80.1640777588,35030,35040,10
12.9798898697,80.1631622314,35040,35060,20
12.9798898697,80.1631622314,35060,35070,10
12.9798202515,80.162979126,35070,35080,10
12.9795303345,80.1624221802,35080,35090,10
12.9789400101,80.1616668701,35090,35100,10
12.978219986,80.1606903076,35100,35110,10
12.9775400162,80.1595611572,35110,35121,11
12.9767999649,80.1583709717,35121,35131,10
12.9761104584,80.1573028564,35131,35141,10
12.9753303528,80.1561584473,35141,35151,10
12.9745702744,80.1550292969,35151,35161,10
12.9737596512,80.1538391113,35161,35171,10
12.9730396271,80.1527481079,35171,35181,10
12.9723501205,80.1517562866,35181,35191,10
12.9716501236,80.1511535645,35191,35201,10
12.9707803726,80.1507415771,35201,35211,10
12.9699602127,80.1503829956,35211,35221,10
12.9693202972,80.1501464844,35221,35238,17
12.9691095352,80.1500015259,35238,35250,12
12.9686098099,80.1497192383,35250,35260,10
12.9682998657,80.1495666504,35260,35270,10
12.9677295685,80.1492767334,35270,35280,10
12.9672403336,80.1490402222,35280,35290,10
12.9669904709,80.1489181519,35290,35300,10
12.9665699005,80.1487197876,35300,35310,10
12.9660997391,80.1484832764,35310,35320,10
12.9658203125,80.1483535767,35320,35331,11
12.9652004242,80.1480331421,35331,35341,10
12.96434021,80.1475830078,35341,35352,11
12.9631204605,80.1470413208,35352,35362,10
12.9620599747,80.1464691162,35362,35372,10
12.9610500336,80.1459274292,35372,35382,10
12.9602899551,80.1455535889,35382,35392,10
12.95952034,80.1450881958,35392,35402,10
12.9585103989,80.1445465088,35402,35412,10
12.957570076,80.1439285278,35412,35422,10
12.9566402435,80.1434402466,35422,35432,10
12.9563703537,80.1432723999,35432,35443,11
12.9562902451,80.1432189941,35443,35453,10
12.9558401108,80.1429824829,35453,35463,10
12.9550304413,80.142578125,35463,35473,10
12.954000473,80.1420211792,35473,35483,10
12.9528799057,80.1414031982,35483,35493,10
12.9520397186,80.1408081055,35493,35503,10
12.9516201019,80.1404724121,35503,35523,20
12.9516201019,80.1404724121,35523,35533,10
12.951379776,80.1402511597,35533,35544,11
12.9507703781,80.1397476196,35544,35554,10
12.9505500793,80.1395797729,35554,35564,10
12.9503898621,80.1394424438,35564,35574,10
12.9498901367,80.1390075684,35574,35584,10
12.9491596222,80.138381958,35584,35594,10
12.9482002258,80.1377105713,35594,35604,10
12.9471797943,80.1369934082,35604,35614,10
12.9461097717,80.1361999512,35614,35624,10
12.9450397491,80.135383606,35624,35634,10
12.9439001083,80.1344985962,35634,35644,10
12.9427995682,80.1334991455,35644,35655,11
12.9416704178,80.1323471069,35655,35665,10
12.9406700134,80.1313095093,35665,35675,10
12.9396800995,80.1302871704,35675,35685,10
12.938659668,80.1293792725,35685,35695,10
12.9379196167,80.1287384033,35695,35705,10
12.9373903275,80.1282806396,35705,35715,10
12.9368400574,80.1277999878,35715,35735,20
12.9368400574,80.1277999878,35735,35745,10
12.9366102219,80.1275863647,35745,35756,11
12.9360599518,80.1270904541,35756,35766,10
12.9352998734,80.1264419556,35766,35776,10
12.9343996048,80.125617981,35776,35786,10
12.9335403442,80.1247711182,35786,35796,10
12.9329204559,80.124130249,35796,35806,10
12.932220459,80.1234207153,35806,35816,10
12.9320297241,80.1232299805,35816,35826,10
12.9319801331,80.1231613159,35826,35836,10
12.9316396713,80.1228179932,35836,35846,10
12.9311800003,80.1223526001,35846,35856,10
12.9307203293,80.121887207,35856,35867,11
12.9300699234,80.1212463379,35867,35897,30
12.9300699234,80.1212463379,35897,35907,10
12.9300098419,80.1209030151,35907,35917,10
12.9300804138,80.1203918457,35917,35927,10
12.9301595688,80.1197814941,35927,35937,10
12.9302396774,80.1192016602,35937,35947,10
12.9303598404,80.1184768677,35947,35957,10
12.9304504395,80.1178817749,35957,35968,11
12.9300804138,80.1177062988,35968,35978,10
12.9295902252,80.1176605225,35978,35988,10
12.9291296005,80.1176223755,35988,35998,10
12.9286003113,80.1175994873,35998,36008,10
12.9283599854,80.1176376343,36008,36017,9
12.9283103943,80.1179504395,36017,36028,11
12.9282503128,80.118598938,36028,36058,30
12.9282503128,80.118598938,36058,36068,10
12.9282398224,80.1188964844,36068,36079,11
12.9282197952,80.1192016602,36079,37128,1049
12.9282197952,80.1192016602,37128,37139,11
12.9282798767,80.119430542,37139,37149,10
12.928560257,80.1197433472,37149,37159,10
12.9289398193,80.1201400757,37159,37169,10
12.9291801453,80.1203918457,37169,37179,10
12.9295797348,80.1207885742,37179,37189,10
12.9299497604,80.1211395264,37189,37199,10
12.9304599762,80.1216430664,37199,37209,10
12.9311103821,80.1222763062,37209,37219,10
12.9318399429,80.1229934692,37219,37229,10
12.9326000214,80.1237487793,37229,37239,10
12.9333600998,80.12449646,37239,37250,11
12.9342002869,80.1253204346,37250,37260,10
12.9349002838,80.1259689331,37260,37270,10
12.9356498718,80.1266021729,37270,37280,10
12.9362602234,80.1271362305,37280,37290,10
12.9367599487,80.1275863647,37290,37320,30
12.9367599487,80.1275863647,37320,37330,10
12.936920166,80.1277618408,37330,37340,10
12.9372301102,80.1280212402,37340,37350,10
12.9378004074,80.1285095215,37350,37361,11
12.9386997223,80.1292877197,37361,37371,10
12.9397001266,80.1301803589,37371,37381,10
12.940779686,80.1312637329,37381,37391,10
12.9417295456,80.132232666,37391,37401,10
12.9426803589,80.1332321167,37401,37411,10
12.9433298111,80.1339035034,37411,37421,10
12.9440698624,80.1345672607,37421,37431,10
12.9449701309,80.1352920532,37431,37441,10
12.9460296631,80.136100769,37441,37451,10
12.9471597672,80.1369400024,37451,37462,11
12.9481296539,80.1376266479,37462,37472,10
12.949139595,80.1383590698,37472,37482,10
12.9500904083,80.1390762329,37482,37492,10
12.950510025,80.1393814087,37492,37512,20
12.950510025,80.1393814087,37512,37522,10
12.9507102966,80.1395187378,37522,37532,10
12.9511499405,80.1398162842,37532,37542,10
12.9514799118,80.140083313,37542,37562,20
12.9514799118,80.140083313,37562,37573,11
12.9517402649,80.1402893066,37573,37583,10
12.9520301819,80.1406707764,37583,37593,10
12.9524803162,80.1410217285,37593,37603,10
12.952630043,80.1411132813,37603,37613,10
12.9527597427,80.1411972046,37613,37623,10
12.9531898499,80.1415023804,37623,37633,10
12.953909874,80.1418991089,37633,37643,10
12.9547996521,80.1423721313,37643,37653,10
12.9557600021,80.1428833008,37653,37663,10
12.9570503235,80.1435394287,37663,37674,11
12.9583501816,80.1441802979,37674,37684,10
12.9595098495,80.1447601318,37684,37694,10
12.9602603912,80.1451568604,37694,37704,10
12.960849762,80.1454772949,37704,37714,10
12.9617795944,80.1459732056,37714,37724,10
12.9629602432,80.1465988159,37724,37734,10
12.9641304016,80.1473388672,37734,37744,10
12.9652795792,80.1480331421,37744,37754,10
12.9664096832,80.1486129761,37754,37764,10
12.9673500061,80.1490631104,37764,37774,10
12.9681596756,80.1494369507,37774,37785,11
12.9688100815,80.1497192383,37785,37825,40
12.9688100815,80.1497192383,37825,37835,10
12.9689998627,80.1498184204,37835,37845,10
12.9695196152,80.150100708,37845,37855,10
12.9703197479,80.1504821777,37855,37865,10
12.9713401794,80.1509399414,37865,37875,10
12.9718799591,80.151222229,37875,37885,10
12.9718904495,80.151222229,37885,37896,11
12.9719800949,80.151260376,37896,37906,10
12.9723501205,80.1515808105,37906,37916,10
12.972820282,80.1522369385,37916,37926,10
12.9733896255,80.1530838013,37926,37936,10
12.9740400314,80.1540679932,37936,37946,10
12.9747800827,80.1551589966,37946,37956,10
12.9755496979,80.1563110352,37956,37966,10
12.976360321,80.1574783325,37966,37976,10
12.9770498276,80.1584625244,37976,37986,10
12.9773797989,80.1589202881,37986,37997,11
12.9775295258,80.1591262817,37997,38007,10
12.9776697159,80.1593322754,38007,38017,10
12.9778299332,80.1595611572,38017,38027,10
12.97797966,80.1597824097,38027,38037,10
12.9783000946,80.1601791382,38037,38047,10
12.9787197113,80.1608276367,38047,38057,10
12.9792499542,80.1615524292,38057,38067,10
12.9797801971,80.1622924805,38067,38077,10
12.9801197052,80.1628799438,38077,38087,10
12.9801797867,80.1631317139,38087,38097,10
12.9801902771,80.1632003784,38097,38108,11
12.9802904129,80.1636886597,38108,38118,10
12.9805202484,80.1644210815,38118,38128,10
12.980890274,80.1653366089,38128,38138,10
12.9814395905,80.1663513184,38138,38148,10
12.9819803238,80.1672515869,38148,38158,10
12.9825601578,80.1682128906,38158,38168,10
12.9831695557,80.1692428589,38168,38178,10
12.9837999344,80.1703186035,38178,38188,10
12.9843997955,80.1714401245,38188,38198,10
12.9849996567,80.1725234985,38198,38209,11
12.9857997894,80.1737289429,38209,38219,10
12.9862604141,80.1743927002,38219,38229,10
12.9863595963,80.1745223999,38229,38239,10
12.9865102768,80.1747436523,38239,38249,10
12.9868803024,80.17527771,38249,38259,10
12.9873304367,80.1759414673,38259,38269,10
12.9879102707,80.1767425537,38269,38279,10
12.9885797501,80.1776809692,38279,38289,10
12.9893598557,80.1786804199,38289,38299,10
12.9901199341,80.1797027588,38299,38309,10
12.9909801483,80.1807785034,38309,38320,11
12.9919595718,80.1820602417,38320,38330,10
12.9927797318,80.1832809448,38330,38340,10
12.9934797287,80.1845092773,38340,38350,10
12.994020462,80.1854400635,38350,38360,10
12.9945297241,80.1864776611,38360,38370,10
12.9951000214,80.1876296997,38370,38380,10
12.99559021,80.188583374,38380,38390,10
12.9957799911,80.1889266968,38390,38400,10
12.9958095551,80.1889801025,38400,38410,10
12.9959802628,80.189201355,38410,38420,10
12.9964103699,80.1897125244,38420,38431,11
12.9970598221,80.1904067993,38431,38441,10
12.9976997375,80.1911468506,38441,38451,10
12.998290062,80.1919021606,38451,38461,10
12.9987602234,80.192489624,38461,38471,10
12.9989500046,80.1927490234,38471,38481,10
12.9992399216,80.1930999756,38481,38491,10
12.9994401932,80.1933822632,38491,38501,10
12.9996900558,80.1937103271,38501,38511,10
13.0001096725,80.1942214966,38511,38521,10
13.0006904602,80.1948699951,38521,38531,10
13.0013399124,80.1956481934,38531,38542,11
13.001999855,80.1965637207,38542,38552,10
13.002120018,80.1976776123,38552,38562,10
13.001950264,80.1984710693,38562,38572,10
13.0018796921,80.1987762451,38572,38582,10
13.0018196106,80.1989974976,38582,38592,10
13.0017995834,80.1991882324,38592,38602,10
13.0017995834,80.1995010376,38602,38612,10
13.0020799637,80.2001266479,38612,38622,10
13.0028495789,80.2006225586,38622,38632,10
13.0037403107,80.2007904053,38632,38643,11
13.0038499832,80.200843811,38643,38653,10
13.0040998459,80.200958252,38653,38663,10
13.0047101974,80.201171875,38663,38673,10
13.0054597855,80.2016372681,38673,38683,10
13.0060300827,80.2025680542,38683,38693,10
13.0067501068,80.2033920288,38693,38703,10
13.007809639,80.2037124634,38703,38713,10
13.0084495544,80.2034072876,38713,38723,10
13.0076999664,80.2029037476,38723,38733,10
13.0075998306,80.2040023804,38733,38743,10
13.0076303482,80.2053375244,38743,38754,11
13.0078201294,80.206703186,38754,38764,10
13.0079603195,80.2078781128,38764,38774,10
13.0081701279,80.2090988159,38774,38784,10
13.0085000992,80.2101516724,38784,38794,10
13.0094203949,80.2110214233,38794,38834,40
13.0094203949,80.2110214233,38834,38844,10
13.0091400146,80.2114028931,38844,38925,81
13.0091400146,80.2114028931,38925,38935,10
13.0090303421,80.2116928101,38935,38945,10
13.0092000961,80.2121810913,38945,38955,10
13.0094299316,80.2129211426,38955,38966,11
13.0097703934,80.2137680054,38966,38976,10
13.0100803375,80.21459198,38976,38986,10
13.010219574,80.2155914307,38986,38996,10
13.0106401443,80.2165985107,38996,39006,10
13.0111598969,80.2176895142,39006,39016,10
13.0116195679,80.2189178467,39016,39026,10
13.0120000839,80.220199585,39026,39036,10
13.0122900009,80.2210617065,39036,39046,10
13.0127000809,80.2219314575,39046,39056,10
13.0131797791,80.2225570679,39056,39066,10
13.013759613,80.2231674194,39066,39076,10
13.0140304565,80.2234573364,39076,39087,11
13.0141201019,80.2235488892,39087,39097,10
13.0142402649,80.2236862183,39097,39107,10
13.0145101547,80.2240371704,39107,39117,10
13.0148897171,80.2244796753,39117,39127,10
13.0151901245,80.2248382568,39127,39137,10
13.0153598785,80.2251205444,39137,39147,10
13.0153999329,80.2252883911,39147,39157,10
13.0153999329,80.2253570557,39157,39167,10
13.0153398514,80.2256622314,39167,39178,11
13.0151700974,80.2258377075,39178,39208,30
13.0151700974,80.2258377075,39208,39218,10
13.0149898529,80.2259292603,39218,39228,10
13.0145397186,80.2261276245,39228,39238,10
13.013879776,80.2264022827,39238,39248,10
13.0130701065,80.2267227173,39248,39258,10
13.0121202469,80.2270965576,39258,39268,10
13.0111103058,80.2274932861,39268,39278,10
13.0102100372,80.2278900146,39278,39289,11
13.0092096329,80.2284164429,39289,39299,10
13.0089502335,80.2294464111,39299,39309,10
13.0087499619,80.2305297852,39309,39319,10
13.0085601807,80.2315826416,39319,39329,10
13.0083398819,80.2328109741,39329,39339,10
13.0082397461,80.2336502075,39339,39359,20
13.0082397461,80.2336502075,39359,39369,10
13.008099556,80.2339782715,39369,39379,10
13.0079803467,80.2345275879,39379,39389,10
13.0078201294,80.2354431152,39389,39400,11
13.0075798035,80.2367706299,39400,39410,10
13.007349968,80.2379837036,39410,39420,10
13.0071897507,80.238861084,39420,39430,10
13.007109642,80.2392272949,39430,39440,10
13.0070800781,80.2394485474,39440,39450,10
13.0070104599,80.2398300171,39450,39460,10
13.0075302124,80.240196228,39460,39501,41
13.0075302124,80.240196228,39501,39511,10
13.007809639,80.2403106689,39511,39521,10
13.0084495544,80.2403564453,39521,39531,10
13.0093202591,80.2404022217,39531,39541,10
13.0102500916,80.2403793335,39541,39551,10
13.0113601685,80.2403717041,39551,39561,10
13.0125703812,80.2403564453,39561,39571,10
13.0138597488,80.2403488159,39571,39581,10
13.0151796341,80.2404937744,39581,39591,10
13.016409874,80.2406768799,39591,39601,10
13.0175600052,80.2409210205,39601,39612,11
13.0181503296,80.2410812378,39612,39622,10
13.0186395645,80.2412490845,39622,39642,20
13.0186395645,80.2412490845,39642,39652,10
13.0190401077,80.2414016724,39652,39662,10
13.0197401047,80.2416000366,39662,39672,10
13.0206699371,80.241897583,39672,39682,10
13.0218400955,80.2422866821,39682,39692,10
13.023349762,80.2427597046,39692,39713,21
13.023349762,80.2427597046,39713,39723,10
13.0235595703,80.2428588867,39723,39733,10
13.0242004395,80.2430801392,39733,39743,10
13.0249595642,80.243347168,39743,39753,10
13.0257301331,80.2436065674,39753,39763,10
13.0267000198,80.2439422607,39763,39773,10
13.0274896622,80.2446289063,39773,39783,10
13.0279598236,80.2454986572,39783,39793,10
13.0286798477,80.24559021,39793,39803,10
13.0295000076,80.2456665039,39803,39813,10
13.0294904709,80.2462081909,39813,39824,11
13.0293397903,80.2470016479,39824,39834,10
13.0292396545,80.2476425171,39834,39844,10
13.0291204453,80.2484664917,39844,39854,10
13.0290298462,80.2488479614,39854,39864,10
13.028960228,80.2491836548,39864,39874,10
13.0289201736,80.249420166,39874,39884,10
13.0288496017,80.2497024536,39884,39914,30
13.0288496017,80.2497024536,39914,39924,10
13.0288200378,80.2497711182,39924,39935,11
13.0285797119,80.2501373291,39935,39945,10
13.0282096863,80.250831604,39945,39955,10
13.0277099609,80.251739502,39955,39965,10
13.0274200439,80.2527999878,39965,39975,10
13.0272598267,80.2535934448,39975,39985,10
13.0271501541,80.2544403076,39985,40005,20
13.0271501541,80.2544403076,40005,40015,10
13.027130127,80.2547988892,40015,40025,10
13.0270996094,80.2553863525,40025,40036,11
13.0271100998,80.256072998,40036,40046,10
13.0270595551,80.2564163208,40046,40056,10
13.0270900726,80.2570724487,40056,40066,10
13.0270595551,80.2578964233,40066,40076,10
13.0270500183,80.2588500977,40076,40086,10
13.0270595551,80.2592163086,40086,40096,10
13.0270595551,80.2594070435,40096,40106,10
13.0270795822,80.2599334717,40106,40116,10
13.0269098282,80.2607498169,40116,40126,10
13.0268096924,80.2615737915,40126,40136,10
13.0267000198,80.2622299194,40136,40147,11
13.0266704559,80.2625808716,40147,40157,10
13.0266304016,80.2630386353,40157,40167,10
13.0269603729,80.2632598877,40167,40177,10
13.027469635,80.2633895874,40177,40187,10
13.0280704498,80.2635803223,40187,40197,10
13.0287103653,80.2638015747,40197,40207,10
13.0291004181,80.2639312744,40207,40217,10
13.0292797089,80.2640075684,40217,40227,10
13.0293102264,80.2642593384,40227,40237,10
13.0293397903,80.2646408081,40237,40247,10
13.0293397903,80.2651824951,40247,40258,11
13.0292901993,80.2660598755,40258,40278,20
13.0292901993,80.2660598755,40278,40288,10
13.0291996002,80.2663192749,40288,40298,10
13.0292596817,80.266456604,40298,40308,10
13.0296802521,80.2665634155,40308,40318,10
13.0302095413,80.2666397095,40318,40328,10
13.030960083,80.2667770386,40328,40338,10
13.0317001343,80.267036438,40338,40348,10
13.0321903229,80.2672576904,40348,40359,11
13.0325803757,80.2674865723,40359,40369,10
13.0331602097,80.2677001953,40369,40379,10
13.0340595245,80.267906189,40379,40399,20
13.0340595245,80.267906189,40399,40409,10
13.0344696045,80.2679824829,40409,40530,121
13.0344696045,80.2679824829,40530,40540,10
13.0349397659,80.2679977417,40540,40550,10
13.0353403091,80.2679214478,40550,40560,10
13.0356998444,80.2678527832,40560,40570,10
13.0361299515,80.2677612305,40570,40581,11
13.0365495682,80.2676773071,40581,40591,10
13.0368499756,80.2673416138,40591,40601,10
13.0370597839,80.2668380737,40601,40611,10
13.0372600555,80.2660217285,40611,40621,10
13.0374898911,80.2650604248,40621,40631,10
13.0377502441,80.2643508911,40631,40641,10
13.0383501053,80.2644500732,40641,40651,10
13.0386800766,80.2645187378,40651,40661,10
13.0392398834,80.2646179199,40661,40671,10
13.0399398804,80.2645263672,40671,40682,11
13.0406198502,80.2645874023,40682,40691,9
13.0410995483,80.2646102905,40691,40702,11
13.041390419,80.26512146,40702,40712,10
13.0412302017,80.2659606934,40712,40722,10
13.0411100388,80.2667388916,40722,40732,10
13.0410404205,80.2672729492,40732,40742,10
13.0409097672,80.2679290771,40742,40752,10
13.041680336,80.2681121826,40752,40772,20
13.041680336,80.2681121826,40772,40782,10
13.0420598984,80.2681274414,40782,40793,11
13.0427999496,80.2678604126,40793,40801,8
13.0432500839,80.2675704956,40801,40812,11
13.0438995361,80.2671585083,40812,40824,12
13.0444297791,80.2668075562,40824,40864,40
13.0444297791,80.2668075562,40864,40874,10
13.0445899963,80.2672576904,40874,40884,10
13.0445804596,80.2677307129,40884,40895,11
13.0445995331,80.2681808472,40895,40905,10
13.044500351,80.2688217163,40905,40915,10
13.0444002151,80.2694778442,40915,40925,10
13.0441999435,80.270362854,40925,40935,10
13.0439500809,80.2714691162,40935,40945,10
13.0437202454,80.2725982666,40945,40955,10
13.043589592,80.2734909058,40955,40965,10
13.0435800552,80.2735366821,40965,40975,10
13.0435400009,80.2736816406,40975,40985,10
13.0434503555,80.2741394043,40985,40995,10
13.0433597565,80.274772644,40995,41005,10
13.0433397293,80.2754516602,41005,41022,17
13.0433397293,80.2762908936,41022,41034,12
13.0433702469,80.2777786255,41034,41054,20
13.0433702469,80.2777786255,41054,41064,10
13.0433502197,80.2782287598,41064,41074,10
13.0433397293,80.2789993286,41074,41084,10
13.0437002182,80.2797622681,41084,41094,10
13.0448598862,80.2799682617,41094,41104,10
13.0462198257,80.2801589966,41104,41115,11
13.0476999283,80.2803726196,41115,41125,10
13.0490598679,80.2805633545,41125,41135,10
13.0501804352,80.2807235718,41135,41145,10
13.0510501862,80.2808532715,41145,41155,10
13.0521802902,80.2810211182,41155,41165,10
13.0534601212,80.2812194824,41165,41174,9
13.0546998978,80.2814407349,41174,41184,10
13.0558595657,80.2816696167,41184,41195,11
13.0565700531,80.2817993164,41195,41205,10
13.0566196442,80.2818069458,41205,41215,10
13.057100296,80.2819137573,41215,41226,11
13.0579900742,80.2820968628,41226,41235,9
13.0589799881,80.2823181152,41235,41246,11
13.060379982,80.2826004028,41246,41256,10
13.0616798401,80.2828979492,41256,41266,10
13.0628595352,80.2831573486,41266,41276,10
13.0639896393,80.2833175659,41276,41306,30
13.0639896393,80.2833175659,41306,41316,10
13.0643796921,80.2834396362,41316,41327,11
13.0652503967,80.2836608887,41327,41337,10
13.0664100647,80.2839279175,41337,41347,10
13.0675697327,80.2841873169,41347,41357,10
13.0689401627,80.2844619751,41357,41367,10
13.0702600479,80.2847900391,41367,41377,10
13.0714797974,80.2850799561,41377,41387,10
13.0727596283,80.2852935791,41387,41397,10
13.0738801956,80.2854995728,41397,41407,10
13.0747203827,80.2862930298,41407,41417,10
13.0756797791,80.2868499756,41417,41427,10
13.0768203735,80.2872009277,41427,41438,11
13.0781202316,80.2875213623,41438,41448,10
13.0792798996,80.2879333496,41448,41458,10
13.0799102783,80.2880783081,41458,41468,10
13.0803604126,80.2881774902,41468,41478,10
13.0809602737,80.2883224487,41478,41488,10
13.0818195343,80.2886505127,41488,41498,10
13.0829496384,80.2891082764,41498,41508,10
13.0841798782,80.2891387939,41508,41518,10
13.0854597092,80.2891693115,41518,41528,10
13.0868301392,80.2895431519,41528,41539,11
13.0879297256,80.2899627686,41539,41549,10
13.0885601044,80.2901229858,41549,41559,10
13.0886001587,80.2901000977,41559,41569,10
13.0888395309,80.2902374268,41569,41609,40
13.0888395309,80.2902374268,41609,41619,10
13.0887804031,80.2903213501,41619,41629,10
13.0884799957,80.2903823853,41629,41639,10
13.0878095627,80.2900466919,41639,41650,11
13.0867700577,80.2897109985,41650,41660,10
13.0858802795,80.2894821167,41660,41670,10
13.0853796005,80.2888793945,41670,41680,10
13.0850801468,80.2879867554,41680,41690,10
13.0851297379,80.2869262695,41690,41700,10
13.0852298737,80.2857131958,41700,41710,10
13.0852804184,80.2846069336,41710,41720,10
13.0851602554,80.2840881348,41720,41730,10
13.0851602554,80.2840805054,41730,41740,10
13.0852203369,80.2840270996,41740,41750,10
13.0854196548,80.2836837769,41750,41761,11
13.0855197906,80.2835464478,41761,41771,10
13.0858697891,80.2835388184,41771,41781,10
13.0862503052,80.2835769653,41781,41791,10
13.0865297318,80.2838516235,41791,41801,10
13.0867500305,80.2838592529,41801,41872,71
13.0868396759,80.2836303711,41872,42709,837
13.0868396759,80.2836303711,42709,42720,11
13.0870599747,80.283706665,42720,42750,30
13.087100029,80.2839431763,42750,42780,30
13.087100029,80.2839431763,42780,42790,10
13.0873403549,80.2839584351,42790,42800,10
13.0878095627,80.2839279175,42800,42881,81
13.0878095627,80.2839279175,42881,42891,10
13.0880699158,80.2839508057,42891,42901,10
13.0881204605,80.2839126587,42901,42911,10
13.0881795883,80.2836990356,42911,42921,10
13.0882997513,80.2835617065,42921,42932,11
13.0883102417,80.2833480835,42932,42942,10
13.0882997513,80.2829589844,42942,42952,10
13.0882797241,80.2825317383,42952,42962,10
13.0881996155,80.2820663452,42962,42972,10
13.0880498886,80.2815704346,42972,42982,10
13.0884199142,80.2815170288,42982,42992,10
13.0885295868,80.2818374634,42992,43002,10
13.0884199142,80.2824020386,43002,43012,10
13.0883302689,80.2829971313,43012,43022,10
13.0883197784,80.2836608887,43022,43032,10
13.0883598328,80.2843322754,43032,43043,11
13.0883903503,80.285118103,43043,43053,10
13.0884399414,80.28565979,43053,43063,10
13.0884895325,80.2861480713,43063,43073,10
13.0885000229,80.2863998413,43073,43083,10
13.08852005,80.2867965698,43083,43093,10
13.0885400772,80.2873535156,43093,43103,10
13.0885801315,80.2876434326,43103,43113,10
13.0886697769,80.2882385254,43113,43123,10
13.0887098312,80.2885971069,43123,43133,10
13.0887498856,80.2890472412,43133,43143,10
13.088809967,80.2897567749,43143,43154,11
13.0888204575,80.290222168,43154,43164,10
13.0885400772,80.290397644,43164,43174,10
13.0879001617,80.2900619507,43174,43184,10
13.0869998932,80.289680481,43184,43194,10
13.0857801437,80.2893371582,43194,43204,10
13.0844697952,80.2891998291,43204,43214,10
13.0834302902,80.2891769409,43214,43224,10
13.0824203491,80.2889480591,43224,43234,10
13.0814800262,80.2886123657,43234,43244,10
13.0807304382,80.2883987427,43244,43255,11
13.0802497864,80.2882614136,43255,43265,10
13.0802402496,80.2882614136,43265,43275,10
13.0798501968,80.2881698608,43275,43285,10
13.0791597366,80.2880020142,43285,43295,10
13.0782604218,80.2876434326,43295,43305,10
13.0774297714,80.2874298096,43305,43315,10
13.0764198303,80.2871627808,43315,43325,10
13.0754203796,80.2868270874,43325,43335,10
13.0746898651,80.2863769531,43335,43345,10
13.0741596222,80.2861022949,43345,43355,10
13.0741195679,80.2860870361,43355,43366,11
13.0737895966,80.2860336304,43366,43376,10
13.0731201172,80.2858505249,43376,43386,10
13.072259903,80.28540802,43386,43396,10
13.0710897446,80.2851028442,43396,43406,10
13.0697698593,80.2847671509,43406,43416,10
13.0684404373,80.2844467163,43416,43426,10
13.0671796799,80.2842102051,43426,43436,10
13.0658197403,80.2838973999,43436,43446,10
13.0644903183,80.2836074829,43446,43456,10
13.0633602142,80.2833328247,43456,43466,10
13.062379837,80.2831192017,43466,43487,21
13.062379837,80.2831192017,43487,43497,10
13.0622701645,80.2831115723,43497,43507,10
13.0617704391,80.282989502,43507,43517,10
13.0609197617,80.2828063965,43517,43527,10
13.0598201752,80.2825469971,43527,43537,10
13.0587997437,80.2823410034,43537,43547,10
13.0574302673,80.2820663452,43547,43557,10
13.0566596985,80.2819213867,43557,43567,10
13.0566301346,80.2819213867,43567,43578,11
13.0564899445,80.2818832397,43578,43588,10
13.0559196472,80.2817382813,43588,43598,10
13.0550298691,80.2815475464,43598,43608,10
13.053850174,80.2813186646,43608,43618,10
13.0525197983,80.2811203003,43618,43628,10
13.0512695313,80.2809295654,43628,43638,10
13.0501403809,80.2807693481,43638,43648,10
13.0488595963,80.2805786133,43648,43658,10
13.0474901199,80.280380249,43658,43668,10
13.0464897156,80.2802429199,43668,43678,10
13.0457000732,80.280128479,43678,43689,11
13.0446100235,80.2799835205,43689,43699,10
13.0435199738,80.2798233032,43699,43715,16
13.0431995392,80.278717041,43715,43727,12
13.0432195663,80.2775878906,43727,43737,10
13.0432500839,80.2774505615,43737,43747,10
13.0432596207,80.2772369385,43747,43757,10
13.0432796478,80.2766189575,43757,43767,10
13.0432901382,80.2756881714,43767,43777,10
13.0433197021,80.2748794556,43777,43787,10
13.0433301926,80.2746734619,43787,43798,11
13.0433397293,80.2744827271,43798,43808,10
13.0434103012,80.2738037109,43808,43818,10
13.0435800552,80.2728500366,43818,43828,10
13.043800354,80.2717971802,43828,43838,10
13.0440797806,80.2705688477,43838,43848,10
13.0443201065,80.2693786621,43848,43858,10
13.0444297791,80.268661499,43858,43868,10
13.0444297791,80.2686080933,43868,43878,10
13.0444202423,80.2684402466,43878,43888,10
13.0440502167,80.2683410645,43888,43899,11
13.0430402756,80.2682113647,43899,43909,10
13.0422096252,80.2681732178,43909,43919,10
13.0415096283,80.2682571411,43919,43929,10
13.0412197113,80.2682266235,43929,43939,10
13.0405597687,80.2681121826,43939,43949,10
13.0398397446,80.2678985596,43949,43959,10
13.0392503738,80.2677307129,43959,43969,10
13.0385398865,80.2676086426,43969,43979,10
13.0375099182,80.2676620483,43979,44030,51
13.0375099182,80.2676620483,44030,44040,10
13.0372896194,80.267578125,44040,44050,10
13.0370502472,80.2676010132,44050,44121,71
13.0370502472,80.2676010132,44121,44131,10
13.0367002487,80.2677536011,44131,44141,10
13.036239624,80.2677764893,44141,44151,10
13.0354204178,80.2678604126,44151,44161,10
13.0341596603,80.2679367065,44161,44201,40
13.0341596603,80.2679367065,44201,44211,10
13.0338802338,80.2679214478,44211,44222,11
13.0333299637,80.267829895,44222,44232,10
13.0327701569,80.2677001953,44232,44242,10
13.032409668,80.2674865723,44242,44252,10
13.0318498611,80.2672119141,44252,44262,10
13.0313100815,80.2669677734,44262,44272,10
13.0305995941,80.2668228149,44272,44282,10
13.0299901962,80.2667694092,44282,44292,10
13.0295696259,80.266708374,44292,44302,10
13.0291996002,80.2665100098,44302,44312,10
13.0287599564,80.2663574219,44312,44322,10
13.0281095505,80.2662963867,44322,44333,11
13.0272302628,80.2661972046,44333,44343,10
13.0266895294,80.2661437988,44343,44353,10
13.0263299942,80.26587677,44353,44363,10
13.0264101028,80.2652587891,44363,44379,16
13.026550293,80.263961792,44379,44399,20
13.026550293,80.263961792,44399,44411,12
13.0265398026,80.2638397217,44411,44421,10
13.0265798569,80.2634124756,44421,44431,10
13.0266895294,80.2627792358,44431,44441,10
13.0268096924,80.2622070313,44441,44454,13
13.0268096924,80.2616271973,44454,44464,10
13.0268497467,80.2611618042,44464,44474,10
13.0269498825,80.2604827881,44474,44484,10
13.0270395279,80.2595825195,44484,44494,10
13.0270395279,80.2585525513,44494,44504,10
13.0270004272,80.2576904297,44504,44514,10
13.0269899368,80.2571029663,44514,44524,10
13.0270595551,80.2569122314,44524,44548,24
13.0270500183,80.2559814453,44548,44560,12
13.0270395279,80.2557525635,44560,44570,10
13.0270996094,80.2553787231,44570,44578,8
13.0271396637,80.2546005249,44578,44589,11
13.0272397995,80.2536087036,44589,44602,13
13.0273895264,80.2527618408,44602,44612,10
13.0276002884,80.2518997192,44612,44622,10
13.0279598236,80.2511367798,44622,44632,10
13.0282697678,80.250617981,44632,44642,10
13.0285902023,80.2501220703,44642,44674,32
13.0285902023,80.2501220703,44674,44684,10
13.0288200378,80.2499694824,44684,44694,10
13.0289297104,80.2497634888,44694,44704,10
13.0290603638,80.2492828369,44704,44714,10
13.0291004181,80.2490997314,44714,44724,10
13.0291204453,80.2490081787,44724,44734,10
13.0291595459,80.2485733032,44734,44744,10
13.029299736,80.2478179932,44744,44754,10
13.0293197632,80.2474212646,44754,44765,11
13.0293998718,80.2466888428,44765,44775,10
13.0294399261,80.2462387085,44775,44815,40
13.0294399261,80.2462387085,44815,44825,10
13.0294399261,80.246131897,44825,44835,10
13.0294799805,80.2457962036,44835,44845,10
13.0287704468,80.2457427979,44845,44855,10
13.0279302597,80.2456207275,44855,44871,16
13.0273103714,80.2443771362,44871,44884,13
13.0260400772,80.2437820435,44884,44891,7
13.0251998901,80.2434997559,44891,44903,12
13.0237197876,80.242980957,44903,44914,11
13.0224399567,80.2425765991,44914,44924,10
13.0218496323,80.2423706055,44924,44934,10
13.0218296051,80.2423629761,44934,44943,9
13.0215797424,80.2422866821,44943,44953,10
13.0211496353,80.2420883179,44953,44964,11
13.0201702118,80.2417526245,44964,44974,10
13.0187797546,80.2413635254,44974,44996,22
13.0187797546,80.2413635254,44996,45006,10
13.0185499191,80.2412796021,45006,45016,10
13.018289566,80.2411804199,45016,45026,10
13.0179004669,80.2410736084,45026,45036,10
13.017080307,80.2408828735,45036,45046,10
13.0161504745,80.2406692505,45046,45056,10
13.0155296326,80.2405776978,45056,45066,10
13.014749527,80.2404785156,45066,45082,16
13.0130500793,80.2404327393,45082,45095,13
13.0113201141,80.2404708862,45095,45105,10
13.010219574,80.2405090332,45105,45115,10
13.0085496902,80.2404937744,45115,45125,10
13.0072498322,80.2403106689,45125,45135,10
13.0067195892,80.2399673462,45135,45145,10
13.006819725,80.2393569946,45145,45155,10
13.0070104599,80.2385101318,45155,45165,10
13.0072002411,80.2377090454,45165,45175,10
13.0073404312,80.2369232178,45175,45185,10
13.0074100494,80.236656189,45185,45196,11
13.0074701309,80.2365493774,45196,45206,10
13.0075798035,80.2360992432,45206,45216,10
13.0077104568,80.2354278564,45216,45226,10
13.0077495575,80.2351608276,45226,45236,10
13.0078601837,80.2347183228,45236,45246,10
13.0080003738,80.2340011597,45246,45256,10
13.0081796646,80.2329711914,45256,45266,10
13.0084400177,80.2316513062,45266,45276,10
13.0087003708,80.2302627563,45276,45286,10
13.0089797974,80.2287979126,45286,45296,10
13.0094299316,80.2274093628,45296,45307,11
13.0101003647,80.2259979248,45307,45316,9
13.0105199814,80.2252731323,45316,45327,11
13.0107603073,80.2246704102,45327,45337,10
13.011059761,80.2238998413,45337,45347,10
13.0112600327,80.2232437134,45347,45357,10
13.0115699768,80.2224578857,45357,45367,10
13.0118999481,80.2214126587,45367,45377,10
13.0119800568,80.2207794189,45377,45387,10
13.0117301941,80.2199401855,45387,45396,9
13.0115098953,80.2191390991,45396,45406,10
13.0111398697,80.2181015015,45406,45418,12
13.0106201172,80.2168197632,45418,45428,10
13.0101900101,80.2160263062,45428,45437,9
13.0098199844,80.2152786255,45437,45448,11
13.0092601776,80.2144927979,45448,45457,9
13.0086898804,80.2137374878,45457,45468,11
13.0082702637,80.2133789063,45468,45487,19
13.0082702637,80.2133789063,45487,45498,11
13.0080499649,80.2132873535,45498,45508,10
13.0079898834,80.2132568359,45508,45519,11
13.0078401566,80.2131576538,45519,45529,10
13.0077400208,80.2130508423,45529,45539,10
13.0073204041,80.2128372192,45539,45549,10
13.0066699982,80.2127304077,45549,45559,10
13.0059900284,80.2129211426,45559,45569,10
13.0052204132,80.2126922607,45569,45579,10
13.0044202805,80.2121887207,45579,45589,10
13.0038003922,80.2120132446,45589,45599,10
13.0036697388,80.2114562988,45599,45609,10
13.0036096573,80.2107315063,45609,45619,10
13.0034999847,80.2099914551,45619,45630,11
13.0035495758,80.2091522217,45630,45640,10
13.0038499832,80.2086029053,45640,45650,10
13.0046396255,80.2089004517,45650,45660,10
13.0054998398,80.2092666626,45660,45670,10
13.0063400269,80.2095489502,45670,45680,10
13.0069599152,80.2097473145,45680,45690,10
13.007060051,80.2097702026,45690,45700,10
13.0071496964,80.2098083496,45700,45710,10
13.0075998306,80.2098770142,45710,45720,10
13.0081501007,80.2098999023,45720,45730,10
13.0080404282,80.2091674805,45730,45741,11
13.0078601837,80.2080993652,45741,45751,10
13.0076704025,80.2070999146,45751,45761,10
13.0075101852,80.2060165405,45761,45771,10
13.0071296692,80.2049636841,45771,45781,10
13.006649971,80.203956604,45781,45791,10
13.005979538,80.2030181885,45791,45801,10
13.0057201385,80.2024230957,45801,45811,10
13.005279541,80.201789856,45811,45821,10
13.0044803619,80.2013092041,45821,45831,10
13.0039596558,80.2011184692,45831,45842,11
13.0036697388,80.2010269165,45842,45852,10
13.0030698776,80.2008209229,45852,45862,10
13.0022602081,80.2004394531,45862,45872,10
13.0017404556,80.1996612549,45872,45882,10
13.0017795563,80.1987533569,45882,45892,10
13.0018701553,80.1979904175,45892,45902,10
13.0019197464,80.1971435547,45902,45912,10
13.0014896393,80.196182251,45912,45922,10
13.0007200241,80.1951980591,45922,45932,10
13.0000200272,80.1942825317,45932,45942,10
12.999329567,80.1934432983,45942,45953,11
12.998840332,80.1928100586,45953,45963,10
12.9983596802,80.1921768188,45963,45973,10
12.9976701736,80.1913528442,45973,45983,10
12.9968795776,80.1903381348,45983,45993,10
12.9960899353,80.1896362305,45993,46003,10
12.9959001541,80.1894989014,46003,46013,10
12.9957895279,80.1892623901,46013,46023,10
12.9954795837,80.1886367798,46023,46033,10
12.9950399399,80.1877822876,46033,46043,10
12.9945001602,80.1866912842,46043,46053,10
12.9938602448,80.185546875,46053,46084,31
12.9938602448,80.185546875,46084,46094,10
12.9938297272,80.1854782104,46094,46104,10
12.993639946,80.1850585938,46104,46114,10
12.9932699203,80.1843414307,46114,46124,10
12.9927597046,80.1834106445,46124,46134,10
12.9920797348,80.1823425293,46134,46144,10
12.9912500381,80.1812362671,46144,46154,10
12.9903697968,80.1801071167,46154,46165,11
12.9893503189,80.1788330078,46165,46175,10
12.9884195328,80.1776199341,46175,46185,10
12.9875602722,80.1764068604,46185,46195,10
12.9868402481,80.1753921509,46195,46205,10
12.9863100052,80.1745986938,46205,46215,10
12.9856595993,80.1736373901,46215,46225,10
12.9849004745,80.1725082397,46225,46235,10
12.984120369,80.1712875366,46235,46245,10
12.9833498001,80.1700210571,46245,46255,10
12.9825601578,80.1687393188,46255,46265,10
12.9817695618,80.1674575806,46265,46276,11
12.9809598923,80.1660690308,46276,46286,10
12.980340004,80.1647796631,46286,46296,10
12.9799499512,80.1634063721,46296,46306,10
12.9794597626,80.1622619629,46306,46316,10
12.9786701202,80.1611785889,46316,46326,10
12.9778299332,80.1599884033,46326,46336,10
12.9770002365,80.1587295532,46336,46346,10
12.9762001038,80.1574630737,46346,46356,10
12.9753904343,80.1562423706,46356,46366,10
12.9745798111,80.1550521851,46366,46376,10
12.9737596512,80.1538619995,46376,46387,11
12.9729404449,80.1526794434,46387,46397,10
12.972319603,80.1517562866,46397,46407,10
12.9715795517,80.1511077881,46407,46417,10
12.9707603455,80.1507110596,46417,46427,10
12.9700403214,80.150390625,46427,46437,10
12.9695796967,80.1502685547,46437,46453,16
12.9695796967,80.1502838135,46453,46465,12
12.96916008,80.1500320435,46465,46475,10
12.9685201645,80.1497192383,46475,46485,10
12.96778965,80.1493682861,46485,46496,11
12.9670495987,80.149017334,46496,46506,10
12.9666204453,80.1488037109,46506,46516,10
12.9663600922,80.14868927,46516,46526,10
12.9661302567,80.1485824585,46526,46535,9
12.9656600952,80.1483078003,46535,46546,11
12.9648103714,80.147857666,46546,46556,10
12.9638299942,80.1473388672,46556,46566,10
12.9628801346,80.1468963623,46566,46576,10
12.9619102478,80.1463470459,46576,46586,10
12.9609498978,80.1458511353,46586,46597,11
12.9603204727,80.1455612183,46597,46607,10
12.9597101212,80.1451797485,46607,46617,10
12.9588298798,80.1447219849,46617,46627,10
12.9581699371,80.1443481445,46627,46637,10
12.9574899673,80.1439437866,46637,46647,10
12.9566497803,80.1434631348,46647,46657,10
12.9558801651,80.1430511475,46657,46667,10
12.9548902512,80.1425170898,46667,46677,10
12.9537601471,80.1419219971,46677,46687,10
12.9528503418,80.141418457,46687,46707,20
12.9528503418,80.141418457,46707,46718,11
12.952630043,80.1412582397,46718,46728,10
12.9521198273,80.1408462524,46728,46738,10
12.951499939,80.140411377,46738,46748,10
12.9513998032,80.1403503418,46748,46758,10
12.9513101578,80.1402816772,46758,46768,10
12.950920105,80.1399688721,46768,46778,10
12.9506397247,80.1397705078,46778,46788,10
12.950510025,80.1396636963,46788,46798,10
12.9500398636,80.1392593384,46798,46809,11
12.9492397308,80.1385803223,46809,46819,10
12.9482297897,80.1378326416,46819,46829,10
12.9471597672,80.1370925903,46829,46839,10
12.9460496902,80.1362228394,46839,46849,10
12.9448795319,80.135307312,46849,46859,10
12.9437799454,80.1344528198,46859,46869,10
12.9429798126,80.1337127686,46869,46879,10
12.9420900345,80.1328277588,46879,46889,10
12.9411201477,80.1318435669,46889,46899,10
12.9401397705,80.1307983398,46899,46909,10
12.9391298294,80.1298370361,46909,46920,11
12.9379796982,80.1288833618,46920,46970,50
12.9379796982,80.1288833618,46970,46980,10
12.9377298355,80.1286621094,46980,46990,10
12.9372997284,80.1283111572,46990,47000,10
12.936920166,80.1279602051,47000,47010,10
12.9366102219,80.1277236938,47010,47020,10
12.9365997314,80.1277236938,47020,47031,11
12.936249733,80.1274108887,47031,47041,10
12.935669899,80.1268768311,47041,47051,10
12.9349002838,80.126159668,47051,47061,10
12.9339799881,80.1252593994,47061,47071,10
12.9330396652,80.1243133545,47071,47081,10
12.9322900772,80.1235275269,47081,47091,10
12.9316101074,80.1228637695,47091,47101,10
12.9310398102,80.1222915649,47101,47111,10
12.9305400848,80.1217803955,47111,47121,10
12.9300699234,80.1213378906,47121,47132,11
12.9299602509,80.1210632324,47132,47142,10
12.9300098419,80.1206207275,47142,47152,10
12.9300603867,80.1202697754,47152,47162,10
12.9301595688,80.1195831299,47162,47172,10
12.9302902222,80.1186218262,47172,47182,10
12.930390358,80.1178283691,47182,47192,10
12.930270195,80.1177368164,47192,47202,10
12.9297704697,80.1177062988,47202,47212,10
12.9289999008,80.1176376343,47212,47222,10
12.928440094,80.1175613403,47222,47239,17
12.9282398224,80.1178817749,47239,47251,12
12.9281902313,80.1185684204,47251,47261,10
12.9282398224,80.1191635132,47261,47859,598
12.9282398224,80.1191635132,47859,47869,10
12.9284000397,80.1195297241,47869,47879,10
12.9289102554,80.1200332642,47879,47890,11
12.9295396805,80.1206665039,47890,47900,10
12.9298095703,80.1209335327,47900,47910,10
12.9301099777,80.1212387085,47910,47920,10
12.9306402206,80.1217727661,47920,47930,10
12.9314899445,80.1226196289,47930,47950,20
12.9314899445,80.1226196289,47950,47960,10
12.9315004349,80.1226425171,47960,47970,10
12.9318399429,80.1229934692,47970,47980,10
12.9324398041,80.123588562,47980,47990,10
12.9332103729,80.1243591309,47990,48001,11
12.9342098236,80.1253509521,48001,48011,10
12.9350996017,80.126159668,48011,48021,10
12.935959816,80.1268768311,48021,48031,10
12.9364500046,80.1273193359,48031,48041,10
12.9365797043,80.127456665,48041,48051,10
12.9369697571,80.1277999878,48051,48061,10
12.9375400543,80.128288269,48061,48071,10
12.9383296967,80.1290206909,48071,48081,10
12.9393196106,80.1298828125,48081,48091,10
12.9404401779,80.1309204102,48091,48101,10
12.9414997101,80.1320037842,48101,48112,11
12.9422197342,80.1327285767,48112,48122,10
12.9423303604,80.1329116821,48122,48132,10
12.9424295425,80.1330032349,48132,48142,10
12.9428501129,80.1334381104,48142,48152,10
12.943570137,80.1341400146,48152,48162,10
12.944560051,80.1349411011,48162,48172,10
12.9456701279,80.1358108521,48172,48182,10
12.9468002319,80.1367034912,48182,48192,10
12.9478397369,80.1374511719,48192,48202,10
12.9489803314,80.1382598877,48202,48213,11
12.950050354,80.1390380859,48213,48223,10
12.9504804611,80.1393737793,48223,48233,10
12.9509096146,80.1396484375,48233,48243,10
12.9512395859,80.1398620605,48243,48253,10
12.9513196945,80.1399307251,48253,48263,10
12.9515199661,80.140083313,48263,48273,10
12.9515304565,80.140083313,48273,48283,10
12.9518003464,80.1403198242,48283,48293,10
12.9520196915,80.1406173706,48293,48303,10
12.9522104263,80.1408081055,48303,48313,10
12.952460289,80.1410293579,48313,48324,11
12.9527997971,80.1412811279,48324,48334,10
12.953379631,80.1416473389,48334,48344,10
12.9541301727,80.1420288086,48344,48354,10
12.9551095963,80.1425476074,48354,48364,10
12.9558496475,80.1429367065,48364,48374,10
12.9559803009,80.1430206299,48374,48384,10
12.9563999176,80.1432418823,48384,48394,10
12.9570503235,80.1435623169,48394,48404,10
12.957859993,80.1439666748,48404,48414,10
12.9588403702,80.1444091797,48414,48425,11
12.959980011,80.1450119019,48425,48435,10
12.9608001709,80.1454315186,48435,48445,10
12.9618701935,80.1460113525,48445,48455,10
12.9631204605,80.1466674805,48455,48465,10
12.9642801285,80.1474227905,48465,48475,10
12.9653301239,80.1480636597,48475,48485,10
12.9662599564,80.1485366821,48485,48495,10
12.967089653,80.1488800049,48495,48505,10
12.9673595428,80.1490325928,48505,48525,20
12.9673595428,80.1490325928,48525,48536,11
12.9676904678,80.1491775513,48536,48546,10
12.9684000015,80.149520874,48546,48556,10
12.9692602158,80.1499023438,48556,48566,10
12.9703502655,80.1504364014,48566,48576,10
12.9716100693,80.1510391235,48576,48586,10
12.9726200104,80.1519012451,48586,48596,10
12.9734296799,80.1531066895,48596,48616,20
12.9750499725,80.1555099487,48616,48628,12
12.9758996964,80.1567230225,48628,48636,8
12.9764099121,80.1575012207,48636,48649,13
12.9773101807,80.1587905884,48649,48658,9
12.9779100418,80.1596908569,48658,48669,11
12.9786596298,80.1607513428,48669,48679,10
12.979180336,80.1615066528,48679,48688,9
12.9796895981,80.1621704102,48688,48699,11
12.9799804688,80.162612915,48699,48709,10
12.980099678,80.1630172729,48709,48719,10
12.9802999496,80.1638031006,48719,48729,10
12.980629921,80.1647720337,48729,48739,10
12.9811096191,80.1658172607,48739,48750,11
12.9816904068,80.1668395996,48750,48760,10
12.9822998047,80.1678466797,48760,48770,10
12.9828796387,80.1688232422,48770,48780,10
12.9833602905,80.1696395874,48780,48790,10
12.9839496613,80.1706695557,48790,48800,10
12.984459877,80.1716308594,48800,48810,10
12.9850597382,80.1726303101,48810,48820,10
12.9857702255,80.1736831665,48820,48830,10
12.9864902496,80.1747207642,48830,48840,10
12.9869699478,80.1754074097,48840,48850,10
12.9872598648,80.1758575439,48850,48861,11
12.9877195358,80.1765213013,48861,48871,10
12.9882802963,80.1773071289,48871,48881,10
12.9888801575,80.1781005859,48881,48891,10
12.98939991,80.1787185669,48891,48901,10
12.989859581,80.1793365479,48901,48911,10
12.9905099869,80.1801605225,48911,48921,10
12.9911699295,80.1809997559,48921,48931,10
12.9919204712,80.1819763184,48931,48941,10
12.9926395416,80.1829986572,48941,48951,10
12.9934196472,80.1843795776,48951,48961,10
12.9939804077,80.1853637695,48961,48972,11
12.9944496155,80.1863021851,48972,48982,10
12.9949502945,80.1872634888,48982,48992,10
12.9954500198,80.1883010864,48992,49002,10
12.9959497452,80.1891326904,49002,49012,10
12.9965600967,80.1898498535,49012,49022,10
12.9972200394,80.190612793,49022,49032,10
12.9978599548,80.1913909912,49032,49042,10
12.998459816,80.1921615601,49042,49052,10
12.9990997314,80.1929473877,49052,49062,10
12.9997301102,80.1937789917,49062,49073,11
13.0004701614,80.1947021484,49073,49083,10
13.0011901855,80.1955718994,49083,49093,10
13.0018196106,80.1963729858,49093,49103,10
13.002120018,80.197517395,49103,49113,10
13.0018901825,80.1987533569,49113,49123,10
13.0018501282,80.1996688843,49123,49133,10
13.0024003983,80.2004776001,49133,49143,10
13.0033798218,80.2007217407,49143,49153,10
13.004240036,80.2009735107,49153,49163,10
13.0053396225,80.2015228271,49163,49173,10
13.006070137,80.2026367188,49173,49184,11
13.006939888,80.203453064,49184,49194,10
13.0079698563,80.2036972046,49194,49204,10
13.0084695816,80.2031478882,49204,49214,10
13.0077199936,80.2028808594,49214,49224,10
13.0076198578,80.2042388916,49224,49234,10
13.0076599121,80.205657959,49234,49244,10
13.0078496933,80.2069396973,49244,49254,10
13.0080003738,80.2082901001,49254,49264,10
13.0082302094,80.2094421387,49264,49274,10
13.0086603165,80.2104034424,49274,49284,10
13.0090904236,80.2107467651,49284,49295,11
13.0092601776,80.210899353,49295,49305,10
13.0093202591,80.2111129761,49305,49315,10
13.0091295242,80.2113571167,49315,49355,40
13.0091295242,80.2113571167,49355,49365,10
13.0089797974,80.2116088867,49365,49375,10
13.0091600418,80.2121276855,49375,49385,10
13.0094003677,80.2129211426,49385,49396,11
13.009759903,80.2137985229,49396,49406,10
13.0101003647,80.2147216797,49406,49416,10
13.0103197098,80.2158813477,49416,49426,10
13.0108003616,80.2169189453,49426,49436,10
13.0112800598,80.2179870605,49436,49446,10
13.0117197037,80.2192306519,49446,49456,10
13.012140274,80.2205734253,49456,49466,10
13.0123596191,80.2213973999,49466,49476,10
13.0127601624,80.2220230103,49476,49486,10
13.0133895874,80.2227935791,49486,49496,10
13.0140695572,80.2235412598,49496,49507,11
13.0147199631,80.2243499756,49507,49517,10
13.0152597427,80.2249832153,49517,49527,10
13.0154304504,80.2252807617,49527,49537,10
13.0154695511,80.2254104614,49537,49547,10
13.0153102875,80.2257995605,49547,49557,10
13.015130043,80.2259216309,49557,49567,10
13.0150003433,80.2259674072,49567,49577,10
13.0146503448,80.2260971069,49577,49587,10
13.0140600204,80.2263336182,49587,49597,10
13.0131702423,80.2266921997,49597,49607,10
13.0120201111,80.2271575928,49607,49618,11
13.0106496811,80.2276992798,49618,49628,10
13.0095596313,80.228187561,49628,49638,10
13.0090703964,80.2288818359,49638,49648,10
13.0088596344,80.2298965454,49648,49658,10
13.0086202621,80.2311325073,49658,49667,9
13.0083904266,80.232383728,49667,49678,11
13.0081996918,80.2337036133,49678,49698,20
13.0081996918,80.2337036133,49698,49708,10
13.0081501007,80.2338180542,49708,49719,11
13.0080404282,80.2343826294,49719,49729,10
13.0078496933,80.2353210449,49729,49739,10
13.0075998306,80.2366027832,49739,49749,10
13.0073404312,80.2378997803,49749,49759,10
13.0071802139,80.2389297485,49759,49769,10
13.0070295334,80.2397384644,49769,49779,10
13.0071296692,80.2402420044,49779,49789,10
13.0079803467,80.2403411865,49789,49799,10
13.0091896057,80.2404174805,49799,49809,10
13.01060009,80.2404022217,49809,49819,10
13.0120296478,80.2403793335,49819,49830,11
13.0136604309,80.2403564453,49830,49840,10
13.015130043,80.2404708862,49840,49850,10
13.017999649,80.2410430908,49850,49888,38
13.017999649,80.2410430908,49888,49898,10
13.0185003281,80.2411727905,49898,49908,10
13.0193195343,80.2414169312,49908,49917,9
13.0205402374,80.2418136597,49917,49927,10
13.021900177,80.2422714233,49927,49938,11
13.0233697891,80.2427597046,49938,49949,11
13.0245304108,80.2431488037,49949,49959,10
13.0256595612,80.243560791,49959,49969,10
13.026889801,80.2439880371,49969,49979,10
13.0275697708,80.2448806763,49979,49989,10
13.0282402039,80.245552063,49989,49999,10
13.0294399261,80.2456283569,49999,50080,81
13.0294399261,80.2456283569,50080,50090,10
13.0295600891,80.2459182739,50090,50100,10
13.0294103622,80.2466812134,50100,50110,10
13.029250145,80.2476119995,50110,50120,10
13.0290803909,80.2486419678,50120,50130,10
13.0289802551,80.2489776611,50130,50140,10
13.028960228,80.2491607666,50140,50151,11
13.0288000107,80.2496795654,50151,50161,10
13.0284996033,80.2502212524,50161,50171,10
13.0282201767,80.2508087158,50171,50181,10
13.0278902054,80.2514419556,50181,50191,10
13.0277004242,80.2518386841,50191,50201,10
13.0274600983,80.2526397705,50201,50211,10
13.0272197723,80.2536010742,50211,50221,10
13.0271501541,80.2544021606,50221,50237,16
13.0271196365,80.2548370361,50237,50249,12
13.0270595551,80.2560882568,50249,50300,51
13.0270595551,80.2560882568,50300,50310,10
13.0270204544,80.2560806274,50310,50320,10
13.0270395279,80.2565383911,50320,50330,10
13.0270500183,80.2572402954,50330,50340,10
13.0270500183,80.2579803467,50340,50350,10
13.0270395279,80.2588806152,50350,50360,10
13.0270795822,80.2597885132,50360,50371,11
13.0269498825,80.2609176636,50371,50381,10
13.0268201828,80.2619094849,50381,50391,10
13.0266599655,80.262840271,50391,50401,10
13.0267601013,80.2633132935,50401,50411,10
13.0273599625,80.263458252,50411,50421,10
13.0280799866,80.2636566162,50421,50431,10
13.0287904739,80.2638702393,50431,50441,10
13.0292596817,80.2640380859,50441,50457,16
13.0292901993,80.2648468018,50457,50469,12
13.0293102264,80.2656097412,50469,50480,11
13.029250145,80.2660980225,50480,50490,10
13.0291900635,80.2663269043,50490,50500,10
13.0287904739,80.2663192749,50500,50510,10
13.0282497406,80.2662200928,50510,50519,9
13.0278196335,80.2661819458,50519,50530,11
13.0271701813,80.2660980225,50530,50540,10
13.0266895294,80.2660903931,50540,50549,9
13.0266199112,80.2660980225,50549,50559,10
13.0263595581,80.2659988403,50559,50570,11
13.0261297226,80.2661514282,50570,50581,11
13.026309967,80.2663879395,50581,50661,80
13.026309967,80.2663879395,50661,50671,10
13.0263595581,80.2660903931,50671,51832,1161
13.0263595581,80.2660903931,51832,51842,10
13.0260696411,80.2662811279,51842,52024,182
13.0260696411,80.2662811279,52024,52034,10
13.0260801315,80.2660598755,52034,52044,10
13.026140213,80.2659301758,52044,52054,10
13.025850296,80.2657623291,52054,52064,10
13.0254402161,80.2654800415,52064,52074,10
13.025179863,80.2652816772,52074,52085,11
13.0247097015,80.2649078369,52085,52095,10
13.0242300034,80.2645187378,52095,52105,10
13.0236997604,80.2642593384,52105,52115,10
13.0231800079,80.2639694214,52115,52125,10
13.0225696564,80.263671875,52125,52135,10
13.0220899582,80.263420105,52135,52145,10
13.0217199326,80.2632369995,52145,52155,10
13.0211200714,80.2630462646,52155,52164,9
13.0204696655,80.2630081177,52164,52174,10
13.0198802948,80.2629776001,52174,52185,11
13.0192098618,80.2629089355,52185,52196,11
13.0188903809,80.2626190186,52196,52206,10
13.0187702179,80.2618179321,52206,52216,10
13.018529892,80.2612075806,52216,52226,10
13.0179195404,80.2608184814,52226,52235,9
13.0172700882,80.260383606,52235,52246,11
13.0165596008,80.2599334717,52246,52256,10
13.0160999298,80.2596969604,52256,52266,10
13.0160598755,80.2596893311,52266,52276,10
13.0157203674,80.2595214844,52276,52286,10
13.0150299072,80.2593383789,52286,52297,11
13.0140600204,80.2592926025,52297,52307,10
13.0130901337,80.259262085,52307,52317,10
13.0121097565,80.2592163086,52317,52327,10
13.0112600327,80.2592010498,52327,52337,10
13.0103397369,80.2592163086,52337,52347,10
13.009469986,80.2591934204,52347,52357,10
13.0088996887,80.2591629028,52357,52367,10
13.0086202621,80.2591781616,52367,52377,10
13.0080604553,80.2592010498,52377,52387,10
13.0074300766,80.2593002319,52387,52397,10
13.0071802139,80.2587203979,52397,52408,11
13.0071496964,80.2586212158,52408,52418,10
13.006939888,80.2582168579,52418,52428,10
13.0066404343,80.2577590942,52428,52468,40
13.0065402985,80.2575531006,52468,52519,51
13.0065402985,80.2575531006,52519,52529,10
13.0064401627,80.2573013306,52529,52539,10
13.0064401627,80.2568206787,52539,52549,10
13.0064401627,80.2560195923,52549,52559,10
13.0064897537,80.2552032471,52559,52569,10
13.0065097809,80.2543411255,52569,52579,10
13.0065202713,80.2534332275,52579,52589,10
13.0065202713,80.2531509399,52589,52599,10
13.0065202713,80.2529678345,52599,52609,10
13.0065402985,80.252532959,52609,52620,11
13.0065803528,80.2522201538,52620,52630,10
13.0066995621,80.2515029907,52630,52640,10
13.0067596436,80.250617981,52640,52650,10
13.0067596436,80.2498016357,52650,52660,10
13.0067300797,80.2488708496,52660,52670,10
13.0066099167,80.2480621338,52670,52720,50
13.0066099167,80.2480621338,52720,52731,11
13.0066003799,80.2475662231,52731,52741,10
13.0066204071,80.2469100952,52741,52751,10
13.0066099167,80.2460479736,52751,52761,10
13.0066099167,80.2451400757,52761,52771,10
13.0066099167,80.2443008423,52771,52781,10
13.0065603256,80.2435073853,52781,52791,10
13.0065402985,80.2425994873,52791,52801,10
13.0065402985,80.2416000366,52801,52811,10
13.0066404343,80.2405319214,52811,52842,31
13.0066404343,80.2405319214,52842,52852,10
13.0067596436,80.2401580811,52852,52862,10
13.0068397522,80.2395019531,52862,52872,10
13.0069904327,80.2387466431,52872,52888,16
13.0072898865,80.2375335693,52888,52900,12
13.0073795319,80.2368621826,52900,52908,8
13.0073900223,80.2367706299,52908,52919,11
13.0074100494,80.2367095947,52919,52931,12
13.0075902939,80.2360229492,52931,52941,10
13.0077600479,80.2352218628,52941,52952,11
13.0079603195,80.2343063354,52952,52962,10
13.0081701279,80.2332229614,52962,52972,10
13.0084104538,80.2319564819,52972,52982,10
13.0086202621,80.2309494019,52982,52991,9
13.0087995529,80.2300415039,52991,53001,10
13.0089998245,80.2289733887,53001,53011,10
13.0092601776,80.2279663086,53011,53022,11
13.0096797943,80.2269973755,53022,53032,10
13.0101995468,80.2259979248,53032,53042,10
13.01060009,80.2251586914,53042,53052,10
13.0109395981,80.2242584229,53052,53063,11
13.0111598969,80.2237167358,53063,53073,10
13.0112600327,80.2233276367,53073,53083,10
13.0115499496,80.2225799561,53083,53093,10
13.0118198395,80.2218322754,53093,53103,10
13.0121803284,80.2213363647,53103,53113,10
13.0126600266,80.2218170166,53113,53123,10
13.0132904053,80.2225570679,53123,53133,10
13.0139503479,80.2233200073,53133,53143,10
13.0145397186,80.2240371704,53143,53153,10
13.0151195526,80.2247009277,53153,53170,17
13.0154895782,80.224937439,53170,53182,12
13.0160503387,80.2253112793,53182,53192,10
13.0168199539,80.225189209,53192,53197,5
13.0175895691,80.224899292,53197,53212,15
13.019200325,80.2243499756,53212,53222,10
13.0195398331,80.2244186401,53222,53232,10
13.0196695328,80.2244796753,53232,53242,10
13.0199403763,80.2246170044,53242,53252,10
13.0205001831,80.2250518799,53252,53262,10
13.0216598511,80.2258911133,53262,53283,21
13.0216598511,80.2258911133,53283,53306,23
13.0225000381,80.2266387939,53306,53318,12
13.0232696533,80.2273330688,53318,53328,10
13.0238599777,80.2278594971,53328,53338,10
13.0242795944,80.2283630371,53338,53348,10
13.0246200562,80.2288589478,53348,53358,10
13.0250597,80.2294235229,53358,53368,10
13.0255498886,80.2300567627,53368,53378,10
13.0258798599,80.2307281494,53378,53389,11
13.02602005,80.2312164307,53389,53399,10
13.0265798569,80.2312011719,53399,53408,9
13.0273303986,80.2310180664,53408,53419,11
13.0280599594,80.2309417725,53419,53429,10
13.0286502838,80.2308731079,53429,53439,10
13.0291099548,80.2308425903,53439,53449,10
13.0291204453,80.2308425903,53449,53458,9
13.0293998718,80.230796814,53458,53469,11
13.0299596786,80.2307662964,53469,53479,10
13.0305099487,80.23072052,53479,53490,11
13.0310201645,80.2306900024,53490,53500,10
13.031370163,80.2306976318,53500,53510,10
13.0321102142,80.2306213379,53510,53520,10
13.0330095291,80.2305374146,53520,53530,10
13.0336799622,80.2304992676,53530,53540,10
13.0339097977,80.2304992676,53540,53550,10
13.0343599319,80.230430603,53550,53570,20
13.0343599319,80.230430603,53570,53579,9
13.0345602036,80.2303390503,53579,53590,11
13.0348796844,80.2301864624,53590,53752,162
13.0350999832,80.2298736572,53752,53893,141
13.0350103378,80.2297210693,53893,53944,51
13.0350103378,80.2297210693,53944,53954,10
13.0346002579,80.2297592163,53954,54024,70
13.034239769,80.2298583984,54024,54045,21
13.034239769,80.2300186157,54045,54115,70
13.034239769,80.2300186157,54115,54125,10
13.0341596603,80.2303237915,54125,54135,10
13.0340299606,80.2304229736,54135,54146,11
13.0338802338,80.2304382324,54146,54156,10
13.0334796906,80.2304916382,54156,54166,10
13.0328998566,80.2305526733,54166,54176,10
13.03221035,80.2305984497,54176,54186,10
13.0314502716,80.2306900024,54186,54196,10
13.0306997299,80.2307434082,54196,54206,10
13.030090332,80.230796814,54206,54216,10
13.0298700333,80.2308197021,54216,54226,10
13.0296201706,80.2308425903,54226,54236,10
13.0290002823,80.2308883667,54236,54247,11
13.0282001495,80.23097229,54247,54257,10
13.0277004242,80.2310409546,54257,54267,10
13.0276699066,80.2314300537,54267,54277,10
13.0277500153,80.2321014404,54277,54287,10
13.0277900696,80.2327804565,54287,54297,10
13.0269298553,80.2329711914,54297,54343,46
13.0269298553,80.2329711914,54343,54355,12
13.0266799927,80.2330780029,54355,54365,10
13.0263500214,80.2328109741,54365,54376,11
13.0261001587,80.2319107056,54376,54386,10
13.025850296,80.2309188843,54386,54395,9
13.0254201889,80.2300567627,54395,54406,11
13.0249204636,80.2294006348,54406,54416,10
13.0246400833,80.229057312,54416,54425,9
13.024600029,80.2290115356,54425,54435,10
13.0245304108,80.2289428711,54435,54446,11
13.0242204666,80.2285308838,54446,54455,9
13.0239801407,80.2282562256,54455,54467,12
13.0239801407,80.2282333374,54467,54477,10
13.0237503052,80.2279281616,54477,54487,10
13.0236101151,80.2277908325,54487,54497,10
13.0233402252,80.2275466919,54497,54507,10
13.0229501724,80.227142334,54507,54517,10
13.0222902298,80.2265396118,54517,54526,9
13.0216197968,80.2260131836,54526,54536,10
13.0211200714,80.2256088257,54536,54546,10
13.0204696655,80.2251815796,54546,54567,21
13.0204696655,80.2251815796,54567,54578,11
13.0201597214,80.2249908447,54578,54588,10
13.0200796127,80.2249221802,54588,54598,10
13.0199403763,80.2248306274,54598,54608,10
13.0195503235,80.2245864868,54608,54618,10
13.0187501907,80.2245178223,54618,54628,10
13.0178098679,80.2248916626,54628,54638,10
13.0169200897,80.2252578735,54638,54647,9
13.0163402557,80.2254867554,54647,54658,11
13.0155601501,80.225769043,54658,54667,9
13.0149202347,80.226020813,54667,54679,12
13.0144395828,80.2262191772,54679,54689,10
13.014380455,80.2262496948,54689,54699,10
13.01404953,80.2263793945,54699,54709,10
13.0134000778,80.2266387939,54709,54718,9
13.0128002167,80.2268829346,54718,54729,11
13.0118398666,80.2272567749,54729,54739,10
13.0108098984,80.2276687622,54739,54749,10
13.0097999573,80.2280807495,54749,54759,10
13.0091400146,80.2286834717,54759,54769,10
13.008939743,80.2298126221,54769,54779,10
13.0087099075,80.2309188843,54779,54790,11
13.0085000992,80.2320632935,54790,54800,10
13.0082998276,80.2331314087,54800,54810,10
13.0082302094,80.233581543,54810,54820,10
13.0081996918,80.2336196899,54820,54830,10
13.0080795288,80.2340316772,54830,54840,10
13.0079402924,80.2348175049,54840,54850,10
13.0077695847,80.2357406616,54850,54860,10
13.0075502396,80.2367401123,54860,54870,10
13.007349968,80.2377471924,54870,54880,10
13.0071697235,80.2387390137,54880,54890,10
13.0070199966,80.2395706177,54890,54901,11
13.0069198608,80.240020752,54901,54931,30
13.0069198608,80.240020752,54931,54941,10
13.0068902969,80.2404708862,54941,54951,10
13.0067501068,80.2412261963,54951,54961,10
13.0067195892,80.2421722412,54961,54971,10
13.0066995621,80.2430267334,54971,54981,10
13.0066699982,80.2438964844,54981,54991,10
13.0066795349,80.2449417114,54991,55001,10
13.0066900253,80.2460174561,55001,55012,11
13.0067100525,80.2470703125,55012,55022,10
13.0066995621,80.2480010986,55022,55032,10
13.0067596436,80.2488937378,55032,55042,10
13.006819725,80.2495193481,55042,55052,10
13.0068302155,80.2495498657,55052,55062,10
13.006819725,80.2498092651,55062,55072,10
13.0067901611,80.250541687,55072,55082,10
13.0067796707,80.2513809204,55082,55092,10
13.0066003799,80.2522964478,55092,55102,10
13.0065498352,80.2533187866,55102,55113,11
13.0065698624,80.254447937,55113,55123,10
13.0065898895,80.2554397583,55123,55133,10
13.0065698624,80.2562866211,55133,55143,10
13.0066003799,80.2568817139,55143,55153,10
13.0066003799,80.2568893433,55153,55163,10
13.0066604614,80.2570571899,55163,55173,10
13.006770134,80.2575073242,55173,55189,16
13.0074796677,80.2584228516,55189,55201,12
13.0076704025,80.2585296631,55201,55211,10
13.0078697205,80.2586669922,55211,55221,10
13.0084600449,80.2589035034,55221,55232,11
13.0093603134,80.2589797974,55232,55242,10
13.0103902817,80.2590026855,55242,55252,10
13.0115003586,80.2589874268,55252,55262,10
13.012960434,80.2590408325,55262,55272,10
13.014169693,80.2591018677,55272,55282,10
13.0152797699,80.2591934204,55282,55292,10
13.0161600113,80.2594528198,55292,55302,10
13.0163698196,80.2596206665,55302,55311,9
13.0166196823,80.2598724365,55311,55322,11
13.0173597336,80.2603530884,55322,55333,11
13.0182104111,80.2609176636,55333,55343,10
13.0188102722,80.2613830566,55343,55353,10
13.0194997787,80.2619094849,55353,55363,10
13.0200500488,80.2623825073,55363,55373,10
13.0201396942,80.2624893188,55373,55383,10
13.0205001831,80.2627182007,55383,55393,10
13.0212402344,80.2629699707,55393,55403,10
13.0219497681,80.2632675171,55403,55413,10
13.0222997665,80.2634506226,55413,55423,10
13.0227804184,80.263710022,55423,55433,10
13.0228996277,80.2637710571,55433,55444,11
13.0233297348,80.263999939,55444,55454,10
13.0239601135,80.2643966675,55454,55464,10
13.0246801376,80.2648925781,55464,55474,10
13.0254297256,80.26537323,55474,55484,10
13.0259599686,80.2656936646,55484,55494,10
13.0262804031,80.2653808594,55494,55504,10
13.0263795853,80.2647171021,55504,55514,10
13.0264596939,80.2640075684,55514,55524,10
13.0264596939,80.2639923096,55524,55534,10
13.0265197754,80.2635726929,55534,55545,11
13.0269002914,80.263381958,55545,55555,10
13.0275497437,80.2634811401,55555,55565,10
13.0282096863,80.263710022,55565,55575,10
13.0289697647,80.2639694214,55575,55585,10
13.0291996002,80.2641906738,55585,55595,10
13.0292396545,80.2647399902,55595,55605,10
13.0292100906,80.2653198242,55605,55615,10
13.0292196274,80.2657775879,55615,55625,10
13.0291700363,80.2661819458,55625,55635,10
13.0293798447,80.2664031982,55635,55645,10
13.0299196243,80.2665023804,55645,55656,11
13.0305900574,80.2666320801,55656,55666,10
13.0313596725,80.2668991089,55666,55676,10
13.0319795609,80.2671890259,55676,55686,10
13.0326404572,80.2676010132,55686,55716,30
13.0326404572,80.2676010132,55716,55726,10
13.0332403183,80.2677612305,55726,55757,31
13.0332403183,80.2677612305,55757,55767,10
13.033539772,80.2678375244,55767,55777,10
13.0340595245,80.2679367065,55777,55787,10
13.0344600677,80.2679595947,55787,55797,10
13.0345401764,80.2679977417,55797,55807,10
13.0343799591,80.2680435181,55807,55847,40
13.0343799591,80.2680435181,55847,55857,10
13.0340995789,80.2679367065,55857,55868,11
13.0337095261,80.2678985596,55868,55878,10
13.0332298279,80.2678222656,55878,55938,60
13.0332298279,80.2678222656,55938,55948,10
13.0329799652,80.2677764893,55948,55958,10
13.03262043,80.2676086426,55958,55968,10
13.0321798325,80.267326355,55968,55979,11
13.0315704346,80.2670516968,55979,55989,10
13.0310297012,80.2668762207,55989,55999,10
13.0303401947,80.266746521,55999,56009,10
13.0298204422,80.2666397095,56009,56019,10
13.0297603607,80.2666397095,56019,56029,10
13.0295000076,80.2666320801,56029,56039,10
13.0293502808,80.2666015625,56039,56049,10
13.0290298462,80.2664413452,56049,56059,10
13.0284996033,80.2663192749,56059,56069,10
13.0277299881,80.2661895752,56069,56079,10
13.0270395279,80.2660980225,56079,56090,11
13.0263700485,80.2659912109,56090,56110,20
13.0263700485,80.2659912109,56110,56120,10
13.0261201859,80.2659072876,56120,56130,10
13.025639534,80.2655792236,56130,56140,10
13.0252399445,80.265296936,56140,56150,10
13.0252103806,80.2652664185,56150,56160,10
13.0250701904,80.2651824951,56160,56170,10
13.0248203278,80.2649688721,56170,56180,10
13.0244102478,80.2646408081,56180,56191,11
13.0237903595,80.2642593384,56191,56201,10
13.0231704712,80.2639083862,56201,56211,10
13.0225696564,80.2635574341,56211,56221,10
13.0221300125,80.2634124756,56221,56231,10
13.0221204758,80.2634124756,56231,56241,10
13.0220003128,80.2632980347,56241,56251,10
13.0217399597,80.263168335,56251,56261,10
13.0210800171,80.2630081177,56261,56271,10
13.0202903748,80.2629776001,56271,56281,10
13.019659996,80.2629470825,56281,56291,10
13.0190696716,80.2628936768,56291,56302,11
13.0188703537,80.2623519897,56302,56312,10
13.0187501907,80.2615585327,56312,56322,10
13.0183601379,80.2610702515,56322,56332,10
13.0176401138,80.260597229,56332,56342,10
13.016869545,80.2601013184,56342,56352,10
13.016119957,80.2596893311,56352,56372,20
13.016119957,80.2596893311,56372,56382,10
13.0157804489,80.2595214844,56382,56392,10
13.0151796341,80.2593612671,56392,56402,10
13.0145998001,80.2593002319,56402,56413,11
13.0138502121,80.2592697144,56413,56423,10
13.0131597519,80.2592391968,56423,56433,10
13.0124197006,80.2592163086,56433,56443,10
13.0116195679,80.2592010498,56443,56453,10
13.0108098984,80.2591934204,56453,56463,10
13.0100698471,80.2592468262,56463,56473,10
13.0098400116,80.2592468262,56473,56483,10
13.0094804764,80.2592163086,56483,56493,10
13.0090799332,80.259262085,56493,56503,10
13.0087299347,80.259262085,56503,56514,11
13.0081996918,80.2592697144,56514,56524,10
13.0075597763,80.2594528198,56524,56534,10
13.0072603226,80.2590103149,56534,56544,10
13.0071802139,80.2587509155,56544,56554,10
13.007109642,80.2585678101,56554,56564,10
13.006819725,80.2580566406,56564,56574,10
13.0065803528,80.2576828003,56574,56584,10
13.0065603256,80.2576522827,56584,56594,10
13.0064401627,80.2572097778,56594,56604,10
13.0064401627,80.2565383911,56604,56614,10
13.0064897537,80.2556381226,56614,56625,11
13.006529808,80.2545776367,56625,56635,10
13.0065202713,80.2532119751,56635,56655,20
13.0065202713,80.2532119751,56655,56665,10
13.006529808,80.2530593872,56665,56675,10
13.0065603256,80.2526473999,56675,56685,10
13.006649971,80.2520370483,56685,56756,71
13.006649971,80.2520370483,56756,56766,10
13.0067195892,80.2517929077,56766,56776,10
13.0068101883,80.2511978149,56776,56786,10
13.006819725,80.2505493164,56786,56796,10
13.0067996979,80.249786377,56796,56806,10
13.0067996979,80.249710083,56806,56816,10
13.0067796707,80.2492980957,56816,56826,10
13.0067100525,80.248588562,56826,56837,11
13.0066404343,80.2478408813,56837,56867,30
13.0066404343,80.2478408813,56867,56877,10
13.0065498352,80.2477111816,56877,56887,10
13.0065803528,80.2472305298,56887,56897,10
13.0065402985,80.2466430664,56897,56907,10
13.0065603256,80.2464675903,56907,56917,10
13.0066099167,80.2463378906,56917,56927,10
13.0066204071,80.2457504272,56927,56937,10
13.0066099167,80.2449188232,56937,56948,11
13.0066204071,80.2439804077,56948,56958,10
13.0066204071,80.2431564331,56958,56968,10
13.0065803528,80.2425537109,56968,56978,10
13.0065498352,80.2420578003,56978,56988,10
13.0065603256,80.2420120239,56988,56998,10
13.0065603256,80.2417984009,56998,57008,10
13.0065603256,80.2416534424,57008,57018,10
13.0066099167,80.2410888672,57018,57028,10
13.0066900253,80.2404785156,57028,57038,10
13.0067796707,80.2400665283,57038,57049,11
13.0068998337,80.239402771,57049,57059,10
13.0070695877,80.2385406494,57059,57069,10
13.0072603226,80.2376708984,57069,57079,10
13.0073795319,80.2369766235,57079,57089,10
13.0073795319,80.2368927002,57089,57099,10
13.0073795319,80.236831665,57099,57109,10
13.0075302124,80.2364196777,57109,57119,10
13.0076599121,80.235710144,57119,57129,10
13.0078496933,80.2348175049,57129,57139,10
13.0080900192,80.2337722778,57139,57149,10
13.0083198547,80.2326126099,57149,57160,11
13.0085496902,80.2314682007,57160,57170,10
13.0087404251,80.2304916382,57170,57180,10
13.0089502335,80.2294387817,57180,57190,10
13.0091400146,80.2283935547,57190,57200,10
13.0095396042,80.2273788452,57200,57210,10
13.0100002289,80.2263336182,57210,57220,10
13.0104703903,80.2253494263,57220,57230,10
13.010840416,80.2245407104,57230,57240,10
13.0111398697,80.2238082886,57240,57250,10
13.011300087,80.2233886719,57250,57271,21
13.011300087,80.2233886719,57271,57281,10
13.0113897324,80.2232589722,57281,57291,10
13.0115995407,80.2227630615,57291,57301,10
13.0118598938,80.2219772339,57301,57311,10
13.0122098923,80.2215194702,57311,57321,10
13.012550354,80.2218017578,57321,57331,10
13.013010025,80.2223815918,57331,57341,10
13.0136003494,80.2230224609,57341,57351,10
13.014169693,80.2237472534,57351,57361,10
13.0147895813,80.2242202759,57361,57372,11
13.0150403976,80.224609375,57372,57382,10
13.0150499344,80.2246170044,57382,57392,10
13.01541996,80.224899292,57392,57422,30
13.01541996,80.224899292,57422,57432,10
13.0158004761,80.2252120972,57432,57442,10
13.0165596008,80.2252426147,57442,57452,10
13.0174999237,80.224899292,57452,57462,10
13.0186004639,80.2244415283,57462,57472,10
13.0195302963,80.2244262695,57472,57482,10
13.0200395584,80.2247467041,57482,57493,11
13.0207901001,80.2253036499,57493,57503,10
13.0215396881,80.2258377075,57503,57513,10
13.0219697952,80.2261428833,57513,57523,10
13.0219802856,80.2261428833,57523,57533,10
13.0221595764,80.2263183594,57533,57543,10
13.0226402283,80.2267532349,57543,57553,10
13.0233097076,80.2273635864,57553,57563,10
13.0239896774,80.2280197144,57563,57573,10
13.024310112,80.2283935547,57573,57583,10
13.0243396759,80.2284164429,57583,57594,11
13.0243997574,80.228553772,57594,57604,10
13.0246801376,80.2289733887,57604,57614,10
13.025179863,80.2296218872,57614,57624,10
13.0256996155,80.2303695679,57624,57634,10
13.0259895325,80.2311630249,57634,57644,10
13.0263595581,80.2312393188,57644,57654,10
13.027179718,80.2310180664,57654,57664,10
13.0284404755,80.2308120728,57664,57684,20
13.0284404755,80.2308120728,57684,57695,11
13.0286998749,80.2308120728,57695,57705,10
13.0293197632,80.230796814,57705,57725,20
13.0293197632,80.230796814,57725,57735,10
13.0295600891,80.2307815552,57735,57745,10
13.0301504135,80.2307510376,57745,57755,10
13.03083992,80.2306900024,57755,57765,10
13.0315799713,80.2306213379,57765,57775,10
13.0324001312,80.2305603027,57775,57785,10
13.0331602097,80.2305374146,57785,57795,10
13.0338897705,80.2304916382,57795,57877,82
13.0338897705,80.2304916382,57877,57887,10
13.0341596603,80.23046875,57887,57897,10
13.0343799591,80.2304382324,57897,57907,10
13.0347499847,80.2303466797,57907,57918,11
13.0349197388,80.2302474976,57918,57928,10
13.0350198746,80.2301330566,57928,57938,10
13.0350399017,80.2298965454,57938,57948,10
13.0344200134,80.2298126221,57948,57978,30
13.0342502594,80.2299423218,57978,58231,253
13.0342502594,80.2299423218,58231,58241,10
13.034239769,80.2303237915,58241,58251,10
13.0342502594,80.2304229736,58251,58261,10
13.0342502594,80.230430603,58261,58271,10
13.0341796875,80.2304992676,58271,58281,10
13.0339603424,80.2305221558,58281,58291,10
13.0336198807,80.2305221558,58291,58301,10
13.0335998535,80.2305221558,58301,58311,10
13.0334396362,80.2305221558,58311,58321,10
13.0330095291,80.2305908203,58321,58337,16
13.0319795609,80.230682373,58337,58350,13
13.0310401917,80.2307510376,58350,58360,10
13.0304403305,80.230796814,58360,58370,10
13.0298204422,80.2308807373,58370,58461,91
13.0298204422,80.2308807373,58461,58471,10
13.029299736,80.2308883667,58471,58481,10
13.028719902,80.2309799194,58481,58491,10
13.0280599594,80.231048584,58491,58501,10
13.027680397,80.2311630249,58501,58511,10
13.0277204514,80.2316513062,58511,58520,9
13.0277700424,80.2320785522,58520,58530,10
13.0278596878,80.2325973511,58530,58541,11
13.0274400711,80.2328414917,58541,58551,10
13.0270500183,80.2329406738,58551,58562,11
13.0268602371,80.2329788208,58562,58572,10
13.0265703201,80.2330322266,58572,58582,10
13.0263204575,80.2327423096,58582,58592,10
13.0261602402,80.2321777344,58592,58602,10
13.0259895325,80.2315292358,58602,58612,10
13.0258598328,80.2310180664,58612,58663,51
13.0258598328,80.2310180664,58663,58673,10
13.0257701874,80.2308273315,58673,58683,10
13.0255498886,80.2303771973,58683,58693,10
13.0251502991,80.2297592163,58693,58703,10
13.024889946,80.2294387817,58703,58713,10
13.0247802734,80.2292861938,58713,58723,10
13.0245199203,80.2289505005,58723,58733,10
13.0239601135,80.2282562256,58733,58753,20
13.0239601135,80.2282562256,58753,58763,10
13.0238199234,80.2280731201,58763,58774,11
13.0235204697,80.2277526855,58774,58784,10
13.0231199265,80.2273406982,58784,58794,10
13.0225696564,80.2268371582,58794,58804,10
13.02202034,80.2263565063,58804,58814,10
13.0214099884,80.2258834839,58814,58824,10
13.0208902359,80.2254714966,58824,58840,16
13.0200500488,80.2249298096,58840,58852,12
13.0192804337,80.2245101929,58852,58862,10
13.0183200836,80.2246704102,58862,58872,10
13.0173397064,80.2250671387,58872,58883,11
13.0166397095,80.2253723145,58883,58893,10
13.0163402557,80.225479126,58893,58903,10
13.0158100128,80.2256698608,58903,58913,10
13.0151996613,80.2259063721,58913,58923,10
13.014380455,80.2262496948,58923,58943,20
13.014380455,80.2262496948,58943,58953,10
13.0140399933,80.2263793945,58953,58963,10
13.0134000778,80.2266235352,58963,58973,10
13.0125398636,80.2269515991,58973,58984,11
13.0114498138,80.2273635864,58984,58994,10
13.0103702545,80.2277908325,58994,59004,10
13.0093698502,80.2282409668,59004,59014,10
13.0089998245,80.2291870117,59014,59024,10
13.0087795258,80.2303466797,59024,59034,10
13.0085697174,80.2315216064,59034,59044,10
13.0083599091,80.2326278687,59044,59054,10
13.0082397461,80.2335205078,59054,59064,10
13.0082101822,80.2336807251,59064,59074,10
13.0081796646,80.233757019,59074,59084,10
13.0080795288,80.2342071533,59084,59095,11
13.0079498291,80.2348403931,59095,59105,10
13.007809639,80.2354888916,59105,59115,10
13.0076599121,80.2362976074,59115,59125,10
13.0074596405,80.2373199463,59125,59135,10
13.0072898865,80.23828125,59135,59145,10
13.0071401596,80.2391662598,59145,59155,10
13.0069599152,80.2401123047,59155,59206,51
13.0069599152,80.2401123047,59206,59216,10
13.007109642,80.2403106689,59216,59226,10
13.0070400238,80.240447998,59226,59236,10
13.006939888,80.2407836914,59236,59246,10
13.0069303513,80.2407836914,59246,59256,10
13.0068397522,80.2409362793,59256,59266,10
13.0067796707,80.2415618896,59266,59276,10
13.0067596436,80.2425003052,59276,59286,10
13.0067501068,80.2433624268,59286,59296,10
13.0067501068,80.2443618774,59296,59307,11
13.0067596436,80.2455673218,59307,59317,10
13.0067996979,80.2464828491,59317,59327,10
13.0067996979,80.2470626831,59327,59337,10
13.006770134,80.2476501465,59337,59347,10
13.0067596436,80.2484512329,59347,59357,10
13.0068902969,80.2495727539,59357,59377,20
13.0068902969,80.2495727539,59377,59387,10
13.0068798065,80.2498931885,59387,59397,10
13.0068702698,80.250541687,59397,59407,10
13.0068397522,80.2513580322,59407,59448,41
13.0068397522,80.2513580322,59448,59458,10
13.006819725,80.2516021729,59458,59468,10
13.0066900253,80.2521362305,59468,59478,10
13.0065803528,80.2529983521,59478,59488,10
13.0065803528,80.2539978027,59488,59498,10
13.0066299438,80.2548675537,59498,59514,16
13.0066604614,80.2562408447,59514,59527,13
13.0067100525,80.2569732666,59527,59537,10
13.0066995621,80.2572097778,59537,59547,10
13.0067901611,80.2576904297,59547,59557,10
13.0071897507,80.2583465576,59557,59567,10
13.0076303482,80.2586364746,59567,59577,10
13.0076799393,80.2586517334,59577,59587,10
13.0078001022,80.2587585449,59587,59597,10
13.0082597733,80.2589492798,59597,59607,10
13.0088701248,80.2590637207,59607,59617,10
13.0095796585,80.2590637207,59617,59629,12
13.0107698441,80.2590713501,59629,59639,10
13.0119199753,80.2590713501,59639,59649,10
13.0131797791,80.2591171265,59649,59659,10
13.0145101547,80.2591705322,59659,59669,10
13.0156097412,80.2592926025,59669,59679,10
13.0164403915,80.2596969604,59679,59699,20
13.0164403915,80.2596969604,59699,59709,10
13.016699791,80.2599334717,59709,59719,10
13.0172395706,80.2602767944,59719,59729,10
13.0179004669,80.2607421875,59729,59740,11
13.0186300278,80.2612228394,59740,59750,10
13.0191001892,80.2616271973,59750,59760,10
13.0195798874,80.2620620728,59760,59770,10
13.0201101303,80.2625579834,59770,59780,10
13.0201597214,80.262588501,59780,59790,10
13.0203800201,80.2627716064,59790,59800,10
13.0210399628,80.2629623413,59800,59810,10
13.0218200684,80.2632293701,59810,59820,10
13.0221395493,80.263381958,59820,59830,10
13.0228700638,80.2637634277,59830,59861,31
13.0228700638,80.2637634277,59861,59871,10
13.0232801437,80.2639083862,59871,59881,10
13.023900032,80.2643127441,59881,59891,10
13.0245895386,80.2648086548,59891,59901,10
13.0250597,80.2651824951,59901,59911,10
13.0256500244,80.2655715942,59911,59921,10
13.0262498856,80.2657928467,59921,59931,10
13.0263500214,80.2650985718,59931,59941,10
13.0264596939,80.2643280029,59941,59952,11
13.0264997482,80.2639923096,59952,59962,10
13.0265398026,80.2637405396,59962,59972,10
13.0266304016,80.2633972168,59972,59982,10
13.0271596909,80.263458252,59982,59992,10
13.0278100967,80.2636413574,59992,60002,10
13.0285196304,80.2638626099,60002,60012,10
13.0291595459,80.2640762329,60012,60022,10
13.0292701721,80.2645492554,60022,60032,10
13.029299736,80.2653198242,60032,60042,10
13.0292797089,80.2659378052,60042,60052,10
13.0292596817,80.2660369873,60052,60063,11
13.0291996002,80.2664718628,60063,60072,9
13.0294799805,80.2665786743,60072,60083,11
13.0300703049,80.2667007446,60083,60093,10
13.0309200287,80.2668533325,60093,60103,10
13.0317001343,80.2671127319,60103,60113,10
13.0323400497,80.2673416138,60113,60122,9
13.0333595276,80.2677993774,60122,60153,31
13.0333595276,80.2677993774,60153,60164,11
13.0337200165,80.267829895,60164,60174,10
13.0340204239,80.2679214478,60174,60184,10
13.034529686,80.2679672241,60184,60204,20
13.034529686,80.2679672241,60204,60214,10
13.034620285,80.268081665,60214,60224,10
13.0344696045,80.268157959,60224,60234,10
13.0343599319,80.268081665,60234,60244,10
13.0339002609,80.2679824829,60244,60254,10
13.0334796906,80.267868042,60254,60456,202
13.0331697464,80.2676391602,60456,61970,1514
13.0331697464,80.2676391602,61970,61980,10
13.0329999924,80.2676391602,61980,61991,11
13.0327596664,80.267578125,61991,62001,10
13.0325498581,80.2674331665,62001,62011,10
13.0323400497,80.2673187256,62011,62021,10
13.0318803787,80.2671432495,62021,62031,10
13.0313596725,80.2669525146,62031,62041,10
13.0305404663,80.2667999268,62041,62051,10
13.0298995972,80.2666931152,62051,62061,10
13.0297698975,80.2666625977,62061,62071,10
13.0296001434,80.2666168213,62071,62081,10
13.0292797089,80.2665328979,62081,62092,11
13.0289402008,80.2664031982,62092,62102,10
13.0285396576,80.2663192749,62102,62111,9
13.0281400681,80.266242981,62111,62122,11
13.0276002884,80.2661590576,62122,62132,10
13.0270595551,80.2660980225,62132,62142,10
13.0265903473,80.2660598755,62142,62233,91
13.0265903473,80.2660598755,62233,62243,10
13.026140213,80.2659072876,62243,62253,10
13.0258398056,80.2657165527,62253,62263,10
13.0255203247,80.2655029297,62263,62273,10
13.0254402161,80.2654571533,62273,62283,10
13.025270462,80.2653427124,62283,62303,20
13.025270462,80.2653427124,62303,62314,11
13.0250797272,80.2652282715,62314,62324,10
13.0248203278,80.2650222778,62324,62334,10
13.0244503021,80.2647094727,62334,62344,10
13.0240602493,80.2644577026,62344,62354,10
13.0236997604,80.2642364502,62354,62364,10
13.0231895447,80.2639770508,62364,62374,10
13.0226802826,80.2637023926,62374,62384,10
13.0222196579,80.2634887695,62384,62394,10
13.0221996307,80.2634811401,62394,62404,10
13.02202034,80.2633895874,62404,62415,11
13.0216798782,80.2632522583,62415,62425,10
13.0210599899,80.2630996704,62425,62435,10
13.0203504562,80.2630462646,62435,62444,9
13.0198602676,80.2630004883,62444,62455,11
13.0192403793,80.2629165649,62455,62465,10
13.0189304352,80.2625274658,62465,62474,9
13.018819809,80.2619400024,62474,62484,10
13.0187101364,80.2614517212,62484,62495,11
13.0183095932,80.2610626221,62495,62504,9
13.0177898407,80.2607421875,62504,62514,10
13.01720047,80.2603530884,62514,62526,12
13.0164699554,80.2598800659,62526,62536,10
13.0161504745,80.2597198486,62536,62556,20
13.0161504745,80.2597198486,62556,62566,10
13.0159397125,80.2596206665,62566,62576,10
13.0155897141,80.2594909668,62576,62586,10
13.015130043,80.2593765259,62586,62596,10
13.0145998001,80.2593231201,62596,62606,10
13.0140199661,80.2593002319,62606,62616,10
13.0133600235,80.259262085,62616,62627,11
13.0126104355,80.2592391968,62627,62637,10
13.0119600296,80.2592163086,62637,62647,10
13.0113201141,80.2592010498,62647,62657,10
13.0106401443,80.2592010498,62657,62667,10
13.0098695755,80.259262085,62667,62687,20
13.0098695755,80.259262085,62687,62697,10
13.0096902847,80.2592315674,62697,62707,10
13.0092802048,80.2592163086,62707,62717,10
13.008939743,80.2592086792,62717,62727,10
13.0086603165,80.2592086792,62727,62738,11
13.0082101822,80.2591934204,62738,62748,10
13.0077600479,80.2593307495,62748,62758,10
13.007349968,80.2592010498,62758,62768,10
13.0071601868,80.2587585449,62768,62778,10
13.0071496964,80.2587203979,62778,62788,10
13.0071201324,80.2585983276,62788,62798,10
13.0068902969,80.2581481934,62798,62808,10
13.0065803528,80.2577209473,62808,62859,51
13.0065803528,80.2577209473,62859,62869,10
13.0065202713,80.2576675415,62869,62879,10
13.0064601898,80.2569885254,62879,62889,10
13.0064601898,80.2569885254,62889,62899,10
13.006480217,80.2561798096,62899,62909,10
13.0064897537,80.2554168701,62909,62919,10
13.0065202713,80.2546615601,62919,62929,10
13.0065002441,80.2543106079,62929,62939,10
13.0065097809,80.2539520264,62939,62951,12
13.0064897537,80.2532501221,62951,62972,21
13.0064897537,80.2532501221,62972,62982,10
13.0064697266,80.253112793,62982,62992,10
13.0064897537,80.2528076172,62992,63002,10
13.0065803528,80.2521591187,63002,63042,40
13.0065803528,80.2521591187,63042,63053,11
13.0066604614,80.2519683838,63053,63063,10
13.0067501068,80.251411438,63063,63073,10
13.0067396164,80.2505493164,63073,63083,10
13.0067396164,80.2498474121,63083,63093,10
13.0067396164,80.2496795654,63093,63103,10
13.0067396164,80.249420166,63103,63113,10
13.0066995621,80.2488479614,63113,63123,10
13.0066404343,80.2481994629,63123,63194,71
13.0066404343,80.2481994629,63194,63204,10
13.0065803528,80.2479171753,63204,63214,10
13.0065898895,80.2474594116,63214,63224,10
13.0066003799,80.2469177246,63224,63234,10
13.0065898895,80.2468338013,63234,63244,10
13.0065498352,80.2465591431,63244,63254,10
13.0066003799,80.2463989258,63254,63264,10
13.0066404343,80.2458496094,63264,63275,11
13.0066404343,80.2451782227,63275,63285,10
13.0066299438,80.2447662354,63285,63295,10
13.0066299438,80.244468689,63295,63305,10
13.0066404343,80.2442932129,63305,63315,10
13.0066204071,80.2437210083,63315,63325,10
13.0065803528,80.2428817749,63325,63335,10
13.0065402985,80.2419281006,63335,63345,10
13.0065498352,80.2416610718,63345,63355,10
13.0065803528,80.2412414551,63355,63365,10
13.0066900253,80.2403335571,63365,63396,31
13.0066900253,80.2403335571,63396,63406,10
13.0067596436,80.240196228,63406,63416,10
13.0068702698,80.239616394,63416,63426,10
13.0070400238,80.2386779785,63426,63436,10
13.0072202682,80.2378311157,63436,63446,10
13.0073699951,80.2370986938,63446,63456,10
13.007399559,80.2367630005,63456,63466,10
13.007399559,80.2367401123,63466,63476,10
13.0075101852,80.2363586426,63476,63487,11
13.0076599121,80.2356491089,63487,63497,10
13.0078296661,80.2347793579,63497,63507,10
13.0080604553,80.2338027954,63507,63517,10
13.0082902908,80.2325973511,63517,63527,10
13.0085401535,80.2313079834,63527,63537,10
13.0087795258,80.2300033569,63537,63547,10
13.0089998245,80.2289581299,63547,63557,10
13.0093202591,80.2277832031,63557,63567,10
13.0097703934,80.2267837524,63567,63577,10
13.0102500916,80.2258987427,63577,63588,11
13.0106096268,80.225151062,63588,63598,10
13.0107402802,80.2248382568,63598,63608,10
13.0109701157,80.2242202759,63608,63618,10
13.0112600327,80.2234802246,63618,63628,10
13.0113697052,80.2231826782,63628,63638,10
13.0115804672,80.2227706909,63638,63648,10
13.0118303299,80.2219772339,63648,63658,10
13.012260437,80.221496582,63658,63668,10
13.0125799179,80.2218933105,63668,63678,10
13.0132398605,80.2226715088,63678,63688,10
13.0138196945,80.2232666016,63688,63699,11
13.0141296387,80.2235031128,63699,63709,10
13.0143995285,80.2238082886,63709,63719,10
13.0148096085,80.2242965698,63719,63729,10
13.0151195526,80.2246627808,63729,63739,10
13.015130043,80.2246704102,63739,63749,10
13.0155696869,80.2250518799,63749,63769,20
13.0155696869,80.2250518799,63769,63779,10
13.0156002045,80.2251434326,63779,63789,10
13.0159702301,80.2253723145,63789,63799,10
13.0167102814,80.2252807617,63799,63810,11
13.0176801682,80.2248764038,63810,63820,10
13.0185203552,80.2245330811,63820,63830,10
13.0192403793,80.224319458,63830,63840,10
13.0195598602,80.2244033813,63840,63850,10
13.0198202133,80.2245788574,63850,63860,10
13.0202598572,80.2249221802,63860,63870,10
13.0207700729,80.2252883911,63870,63880,10
13.0211696625,80.2255935669,63880,63890,10
13.0219402313,80.2261428833,63890,63921,31
13.0219402313,80.2261428833,63921,63931,10
13.022190094,80.2263565063,63931,63941,10
13.0225400925,80.2266998291,63941,63951,10
13.0230903625,80.2272033691,63951,63961,10
13.023730278,80.2277679443,63961,63971,10
13.0242004395,80.2282485962,63971,63987,16
13.024310112,80.2283935547,63987,63999,12
13.0243501663,80.2284393311,63999,64007,8
13.0244398117,80.2285919189,64007,64020,13
13.0247602463,80.2290725708,64020,64030,10
13.0251998901,80.229637146,64030,64040,10
13.0256500244,80.2302780151,64040,64050,10
13.0259799957,80.23097229,64050,64070,20
13.0259799957,80.23097229,64070,64080,10
13.02602005,80.2312774658,64080,64090,10
13.0265598297,80.2312469482,64090,64100,10
13.0273504257,80.231048584,64100,64109,9
13.0280199051,80.2309494019,64109,64119,10
13.0284996033,80.2308807373,64119,64131,12
13.0285997391,80.2308807373,64131,64141,10
13.0289402008,80.2308425903,64141,64151,10
13.0291795731,80.2308425903,64151,64161,10
13.0295295715,80.230796814,64161,64171,10
13.0301198959,80.2307510376,64171,64181,10
13.0307302475,80.2306976318,64181,64191,10
13.0313501358,80.2306518555,64191,64201,10
13.0321302414,80.2305908203,64201,64210,9
13.0327701569,80.2305297852,64210,64221,11
13.0332202911,80.2304992676,64221,64232,11
13.0335798264,80.2304916382,64232,64262,30
13.0335798264,80.2304916382,64262,64272,10
13.0339403152,80.2304382324,64272,64282,10
13.0341396332,80.230430603,64282,64292,10
13.0341796875,80.230430603,64292,64302,10
13.0342998505,80.230430603,64302,64312,10
13.0345401764,80.2303619385,64312,64413,101
13.0345401764,80.2303619385,64413,64423,10
13.0346603394,80.2303314209,64423,64433,10
13.0348701477,80.2302398682,64433,64444,11
13.0348596573,80.2300262451,64444,64514,70
13.0344800949,80.2300720215,64514,65261,747
13.0344800949,80.2300720215,65261,65271,10
13.0341501236,80.230140686,65271,65281,10
13.0341796875,80.2303771973,65281,65302,21
13.0341796875,80.2303771973,65302,65312,10
13.0339403152,80.2304534912,65312,65322,10
13.033659935,80.2304382324,65322,65362,40
13.033659935,80.2304382324,65362,65372,10
13.0333595276,80.230506897,65372,65382,10
13.032959938,80.2305374146,65382,65392,10
13.0325098038,80.2305679321,65392,65402,10
13.0319099426,80.2306518555,65402,65413,11
13.03083992,80.2307128906,65413,65443,30
13.03083992,80.2307128906,65443,65453,10
13.030579567,80.23072052,65453,65463,10
13.0302801132,80.230758667,65463,65473,10
13.0301504135,80.2307662964,65473,65483,10
13.0298595428,80.2308120728,65483,65524,41
13.0298595428,80.2308120728,65524,65534,10
13.0292596817,80.2308807373,65534,65544,10
13.028670311,80.2309494019,65544,65554,10
13.0280399323,80.2309875488,65554,65564,10
13.0276403427,80.2311019897,65564,65574,10
13.027680397,80.2316436768,65574,65584,10
13.0277700424,80.2322692871,65584,65594,10
13.0278596878,80.2327804565,65594,65604,10
13.0274095535,80.2328796387,65604,65614,10
13.0270700455,80.2329330444,65614,65625,11
13.0270595551,80.2329406738,65625,65635,10
13.0268602371,80.2330093384,65635,65645,10
13.0265197754,80.2330093384,65645,65655,10
13.0262804031,80.2325973511,65655,65665,10
13.026140213,80.2320632935,65665,65675,10
13.0260095596,80.231552124,65675,65685,10
13.0258598328,80.2310028076,65685,65695,10
13.0256204605,80.2304229736,65695,65705,10
13.0253801346,80.2300720215,65705,65715,10
13.0250101089,80.2295532227,65715,65726,11
13.0244998932,80.2288818359,65726,65735,9
13.0240097046,80.2283325195,65735,65776,41
13.0240097046,80.2283325195,65776,65786,10
13.0239400864,80.2282791138,65786,65796,10
13.0237598419,80.2280426025,65796,65806,10
13.0235500336,80.2278137207,65806,65816,10
13.0233402252,80.2276000977,65816,65826,10
13.0230998993,80.2273635864,65826,65837,11
13.0228300095,80.2270965576,65837,65847,10
13.0227403641,80.2270202637,65847,65857,10
13.0226202011,80.2269363403,65857,65867,10
13.0224199295,80.2266998291,65867,65877,10
13.0220298767,80.2264022827,65877,65887,10
13.0216398239,80.2260818481,65887,65897,10
13.0212497711,80.2257766724,65897,65907,10
13.0206804276,80.2253723145,65907,65917,10
13.0201101303,80.2250137329,65917,65927,10
13.0199604034,80.224899292,65927,65938,11
13.0199098587,80.224861145,65938,65948,10
13.019659996,80.2246627808,65948,65958,10
13.0191202164,80.2244873047,65958,65968,10
13.0185499191,80.2246017456,65968,65978,10
13.0180702209,80.2248001099,65978,65988,10
13.0176000595,80.2249832153,65988,65998,10
13.0170698166,80.2251968384,65998,66008,10
13.016579628,80.2253875732,66008,66018,10
13.0161800385,80.2255401611,66018,66028,10
13.0157699585,80.2256774902,66028,66038,10
13.0152797699,80.2258682251,66038,66049,11
13.0147399902,80.2260894775,66049,66059,10
13.01445961,80.2261962891,66059,66095,36
13.01445961,80.2261962891,66095,66107,12
13.0143299103,80.2262573242,66107,66117,10
13.0143003464,80.2262802124,66117,66126,9
13.0139904022,80.2263870239,66126,66138,12
13.0131998062,80.2266769409,66138,66149,11
13.0122995377,80.2270202637,66149,66160,11
13.0112495422,80.2274398804,66160,66170,10
13.0101604462,80.2278823853,66170,66179,9
13.0093202591,80.2282562256,66179,66190,11
13.0090398788,80.229057312,66190,66199,9
13.008939743,80.2296905518,66199,66210,11
13.0088796616,80.2299575806,66210,66250,40
13.0088796616,80.2299575806,66250,66261,11
13.0087995529,80.2302780151,66261,66271,10
13.0087003708,80.230796814,66271,66281,10
13.0085601807,80.231552124,66281,66291,10
13.0083999634,80.2323913574,66291,66301,10
13.0082702637,80.2330932617,66301,66311,10
13.0082397461,80.2334594727,66311,66331,20
13.0082397461,80.2334594727,66331,66341,10
13.0082502365,80.2335205078,66341,66351,10
13.0081195831,80.2338180542,66351,66361,10
13.008020401,80.2343826294,66361,66372,11
13.0078601837,80.235206604,66372,66382,10
13.0076904297,80.2360916138,66382,66392,10
13.0074796677,80.2370681763,66392,66402,10
13.0073204041,80.2378921509,66402,66412,10
13.0071802139,80.2386016846,66412,66422,10
13.007060051,80.2392272949,66422,66432,10
13.0069599152,80.2397766113,66432,66442,10
13.0069198608,80.2400131226,66442,66452,10
13.0068902969,80.2404174805,66452,66462,10
13.0068798065,80.2406387329,66462,66473,11
13.0068597794,80.2406768799,66473,66483,10
13.0067996979,80.2410888672,66483,66493,10
13.0067396164,80.2418518066,66493,66503,10
13.0067195892,80.2426376343,66503,66513,10
13.0066795349,80.2433319092,66513,66523,10
13.0066604614,80.2440414429,66523,66533,10
13.0066604614,80.2448120117,66533,66543,10
13.0066795349,80.2454833984,66543,66553,10
13.0066699982,80.2461013794,66553,66563,10
13.0066900253,80.2465667725,66563,66573,10
13.0066995621,80.2468032837,66573,66584,11
13.0067195892,80.2471618652,66584,66594,10
13.0066795349,80.2477264404,66594,66604,10
13.0067195892,80.2485198975,66604,66614,10
13.0068397522,80.2496032715,66614,66634,20
13.0068397522,80.2496032715,66634,66644,10
13.0068502426,80.2497177124,66644,66654,10
13.006819725,80.2502365112,66654,66664,10
13.006819725,80.2509002686,66664,66674,10
13.0067996979,80.2514419556,66674,66685,11
13.0067195892,80.2518692017,66685,66695,10
13.0065803528,80.2525405884,66695,66705,10
13.0065603256,80.2532730103,66705,66715,10
13.0065603256,80.2541503906,66715,66725,10
13.0065898895,80.2549209595,66725,66735,10
13.0066204071,80.2555465698,66735,66745,10
13.0066099167,80.2562179565,66745,66755,10
13.0066003799,80.2566223145,66755,66765,10
13.0066404343,80.2568817139,66765,66785,20
13.0066404343,80.2568817139,66785,66796,11
13.0066099167,80.2571334839,66796,66806,10
13.0067901611,80.2577514648,66806,66816,10
13.007229805,80.2583618164,66816,66826,10
13.0077400208,80.2586517334,66826,66845,19
13.0077400208,80.2586517334,66845,66856,11
13.0081195831,80.2588195801,66856,66866,10
13.0087299347,80.2590332031,66866,66876,10
13.0094900131,80.2590408325,66876,66886,10
13.0104598999,80.2590408325,66886,66897,11
13.0116701126,80.2590408325,66897,66907,10
13.0127401352,80.2590866089,66907,66917,10
13.0139598846,80.2591400146,66917,66927,10
13.014960289,80.2591629028,66927,66937,10
13.0158395767,80.2593383789,66937,66947,10
13.0164203644,80.2596817017,66947,66967,20
13.0164203644,80.2596817017,66967,66977,10
13.016500473,80.2597427368,66977,66987,10
13.0168399811,80.2599868774,66987,66997,10
13.0174198151,80.260383606,66997,67008,11
13.0180597305,80.2608184814,67008,67018,10
13.0185804367,80.261177063,67018,67028,10
13.0190696716,80.2615966797,67028,67038,10
13.0195398331,80.2620391846,67038,67048,10
13.0201797485,80.2626037598,67048,67078,30
13.0201797485,80.2626037598,67078,67088,10
13.0202903748,80.2626876831,67088,67098,10
13.0206804276,80.2628173828,67098,67109,11
13.021320343,80.2630081177,67109,67119,10
13.0218696594,80.2632522583,67119,67129,10
13.022190094,80.2633895874,67129,67139,10
13.022939682,80.2637176514,67139,67159,20
13.022939682,80.2637176514,67159,67169,10
13.0230798721,80.2638015747,67169,67179,10
13.0234203339,80.2640304565,67179,67189,10
13.0240497589,80.2643890381,67189,67199,10
13.0246400833,80.2648391724,67199,67209,10
13.0251102448,80.2651977539,67209,67220,11
13.0257501602,80.2656326294,67220,67230,10
13.0262699127,80.2657623291,67230,67240,10
13.0263299942,80.2650985718,67240,67250,10
13.0264596939,80.263961792,67250,67270,20
13.0264596939,80.263961792,67270,67280,10
13.0264997482,80.2638015747,67280,67290,10
13.0265598297,80.2633590698,67290,67300,10
13.0270004272,80.2634277344,67300,67310,10
13.0273799896,80.2635192871,67310,67320,10
13.0278701782,80.2636489868,67320,67331,11
13.028260231,80.2637329102,67331,67341,10
13.0284795761,80.2637863159,67341,67351,10
13.0289897919,80.2639312744,67351,67361,10
13.029299736,80.2640914917,67361,67371,10
13.0292701721,80.2643966675,67371,67381,10
13.0292797089,80.2646636963,67381,67391,10
13.0292701721,80.2651596069,67391,67401,10
13.0292301178,80.2659683228,67401,67421,20
13.0291595459,80.2662811279,67421,67450,29
13.0291595459,80.2662811279,67450,67460,10
13.0293397903,80.2665100098,67460,67470,10
13.0295801163,80.2665405273,67470,67480,10
13.0299701691,80.2666015625,67480,67488,8
13.0302696228,80.2666625977,67488,67499,11
13.030960083,80.2667770386,67499,67510,11
13.0315599442,80.2669830322,67510,67520,10
13.0320196152,80.2671813965,67520,67530,10
13.0322904587,80.267326355,67530,67540,10
13.0325803757,80.2675018311,67540,67551,11
13.0332803726,80.2677383423,67551,67621,70
13.0332803726,80.2677383423,67621,67631,10
13.0336303711,80.2678833008,67631,67652,21
13.0336303711,80.2678833008,67652,67662,10
13.0338497162,80.2678909302,67662,67672,10
13.0341300964,80.2679367065,67672,67682,10
13.0343599319,80.2679595947,67682,67692,10
13.0344800949,80.2679824829,67692,67702,10
13.0344696045,80.2681503296,67702,67773,71
13.0344696045,80.2681503296,67773,67783,10
13.0341796875,80.2679595947,67783,67793,10
13.0340003967,80.2679214478,67793,67803,10
13.0337495804,80.2678604126,67803,67813,10
13.0334196091,80.2678070068,67813,68348,535
13.0334196091,80.2678070068,68348,68358,10
13.0330295563,80.2677688599,68358,68368,10
13.0327396393,80.2676696777,68368,68378,10
13.0325603485,80.2675018311,68378,68389,11
13.0322599411,80.2673110962,68389,68399,10
13.0317201614,80.2670593262,68399,68409,10
13.0309000015,80.2667999268,68409,68419,10
13.0297803879,80.2666091919,68419,68439,20
13.0297803879,80.2666091919,68439,68449,10
13.0294799805,80.2665634155,68449,68459,10
13.0293102264,80.2665328979,68459,68469,10
13.0289697647,80.2663574219,68469,68479,10
13.0284204483,80.2662277222,68479,68489,10
13.0279397964,80.26612854,68489,68499,10
13.0272903442,80.2660293579,68499,68509,10
13.0263204575,80.2659378052,68509,68581,72
13.0263204575,80.2659378052,68581,68591,10
13.0259895325,80.2658004761,68591,68602,11
13.0252399445,80.2652893066,68602,68622,20
13.0252399445,80.2652893066,68622,68632,10
13.0250597,80.2651367188,68632,68642,10
13.024769783,80.2649002075,68642,68651,9
13.0242900848,80.2645492554,68651,68662,11
13.0237398148,80.2642288208,68662,68672,10
13.0232000351,80.2639923096,68672,68682,10
13.0226602554,80.2636413574,68682,68692,10
13.0224399567,80.2635269165,68692,68702,10
13.0221300125,80.2633972168,68702,68723,21
13.0221300125,80.2633972168,68723,68733,10
13.0215396881,80.2630996704,68733,68743,10
13.0207595825,80.2629776001,68743,68753,10
13.0201301575,80.2629470825,68753,68763,10
13.0195302963,80.2628936768,68763,68773,10
13.018989563,80.2628326416,68773,68783,10
13.0188503265,80.262336731,68783,68793,10
13.0187797546,80.261680603,68793,68803,10
13.0185499191,80.261177063,68803,68814,11
13.0181903839,80.2609634399,68814,68824,10
13.0176095963,80.2605819702,68824,68834,10
13.0170698166,80.2602233887,68834,68844,10
13.0160598755,80.2596588135,68844,68864,20
13.0160598755,80.2596588135,68864,68874,10
13.0157604218,80.2595291138,68874,68884,10
13.015130043,80.2593307495,68884,68894,10
13.0143098831,80.2592468262,68894,68904,10
13.0133895874,80.2592163086,68904,68914,10
13.0124197006,80.2591781616,68914,68925,11
13.0114498138,80.2591400146,68925,68935,10
13.0106401443,80.2591629028,68935,68945,10
13.0099697113,80.2592086792,68945,68955,10
13.0099000931,80.2592163086,68955,68965,10
13.0096902847,80.2591781616,68965,68975,10
13.0091495514,80.2591400146,68975,68985,10
13.008769989,80.2591400146,68985,68995,10
13.0084295273,80.2591400146,68995,69005,10
13.0078496933,80.2592163086,69005,69015,10
13.0073404312,80.2592086792,69015,69026,11
13.0071401596,80.2587203979,69026,69036,10
13.0071001053,80.2586669922,69036,69046,10
13.0070104599,80.2584228516,69046,69056,10
13.0067796707,80.2580032349,69056,69066,10
13.0065202713,80.2576217651,69066,69217,151
13.0065202713,80.2576217651,69217,69227,10
13.0064601898,80.2574234009,69227,69238,11
13.0064001083,80.2571182251,69238,69248,10
13.0064001083,80.2567596436,69248,69258,10
13.0063695908,80.2562179565,69258,69268,10
13.0063896179,80.2555465698,69268,69278,10
13.0064096451,80.2550582886,69278,69287,9
13.0064401627,80.2544708252,69287,69298,11
13.0064201355,80.2538223267,69298,69308,10
13.0064096451,80.2531814575,69308,69318,10
13.0064096451,80.2531661987,69318,69328,10
13.0064296722,80.2529067993,69328,69338,10
13.0064096451,80.2525634766,69338,69389,51
13.0064096451,80.2525634766,69389,69399,10
13.0065202713,80.2520294189,69399,69409,10
13.0066404343,80.2513809204,69409,69419,10
13.0066604614,80.2504806519,69419,69429,10
13.0066299438,80.2497024536,69429,69439,10
13.0066299438,80.2495803833,69439,69449,10
13.0066099167,80.2492980957,69449,69460,11
13.0065803528,80.2487411499,69460,69470,10
13.0065698624,80.2485809326,69470,69480,10
13.0065603256,80.2484817505,69480,69490,10
13.0065402985,80.2482376099,69490,69500,10
13.0065202713,80.2479400635,69500,69510,10
13.0065402985,80.2474517822,69510,69520,10
13.0065498352,80.2468490601,69520,69530,10
13.0065097809,80.2464675903,69530,69540,10
13.0065202713,80.2464294434,69540,69550,10
13.0065402985,80.2463226318,69550,69561,11
13.0065498352,80.2456970215,69561,69571,10
13.0065603256,80.2450408936,69571,69581,10
13.0065498352,80.2445907593,69581,69591,10
13.0065498352,80.2442169189,69591,69601,10
13.0065097809,80.2438278198,69601,69631,30
13.0065097809,80.2438278198,69631,69641,10
13.0065202713,80.2432479858,69641,69651,10
13.006480217,80.2426605225,69651,69661,10
13.0064601898,80.2419204712,69661,69672,11
13.0064601898,80.2416763306,69672,69682,10
13.0064697266,80.2414321899,69682,69692,10
13.0065002441,80.2409210205,69692,69702,10
13.0065803528,80.2405166626,69702,69712,10
13.0067100525,80.2401428223,69712,69722,10
13.0068397522,80.2394790649,69722,69732,10
13.0069904327,80.2386398315,69732,69742,10
13.0071201324,80.237953186,69742,69752,10
13.0072803497,80.2372817993,69752,69762,10
13.0073299408,80.2367324829,69762,69772,10
13.0073404312,80.2366714478,69772,69783,11
13.0074796677,80.2362136841,69783,69793,10
13.007610321,80.2355804443,69793,69803,10
13.0077600479,80.2348098755,69803,69813,10
13.0079402924,80.2339096069,69813,69829,16
13.0082702637,80.2322235107,69829,69841,12
13.0085000992,80.2310791016,69841,69849,8
13.008649826,80.2303009033,69849,69861,12
13.008890152,80.2291030884,69861,69871,10
13.0090904236,80.2281570435,69871,69881,10
13.0094203949,80.2273406982,69881,69892,11
13.0098800659,80.2263412476,69892,69902,10
13.0102901459,80.2255096436,69902,69912,10
13.0106401443,80.2247695923,69912,69922,10
13.0109300613,80.2240829468,69922,69931,9
13.0111703873,80.2234191895,69931,69942,11
13.0111703873,80.2232589722,69942,69952,10
13.0112104416,80.2230911255,69952,69962,10
13.0114097595,80.2226333618,69962,69972,10
13.0117197037,80.2218093872,69972,69982,10
13.0120897293,80.2212905884,69982,69993,11
13.0125303268,80.2217636108,69993,70003,10
13.0128297806,80.2221603394,70003,70013,10
13.0132303238,80.2226028442,70013,70022,9
13.0136203766,80.2230224609,70022,70033,11
13.0140800476,80.2235794067,70033,70043,10
13.0145597458,80.2241516113,70043,70053,10
13.0150499344,80.2246170044,70053,70063,10
13.0155096054,80.2249603271,70063,70083,20
13.0155096054,80.2249603271,70083,70093,10
13.0156898499,80.2250976563,70093,70104,11
13.0162601471,80.2252807617,70104,70114,10
13.017080307,80.2250595093,70114,70124,10
13.0179300308,80.2247161865,70124,70140,16
13.0188798904,80.2243423462,70140,70152,12
13.0193195343,80.2243423462,70152,70160,8
13.0194797516,80.2243804932,70160,70172,12
13.0197296143,80.2245407104,70172,70182,10
13.0201702118,80.2248687744,70182,70192,10
13.0206604004,80.225189209,70192,70203,11
13.0210800171,80.2255096436,70203,70213,10
13.0214300156,80.2257766724,70213,70223,10
13.021900177,80.2261123657,70223,70232,9
13.0219402313,80.2261428833,70232,70243,11
13.0219497681,80.2261886597,70243,70253,10
13.0222997665,80.2264709473,70253,70263,10
13.0228796005,80.2269668579,70263,70273,10
13.0233802795,80.2274169922,70273,70282,9
13.0237998962,80.2278213501,70282,70293,11
13.0241498947,80.2281036377,70293,70303,10
13.0242395401,80.2282104492,70303,70314,11
13.024430275,80.2284927368,70314,70324,10
13.0246696472,80.2288818359,70324,70334,10
13.0250597,80.2293930054,70334,70344,10
13.0255203247,80.2300033569,70344,70354,10
13.0257501602,80.2303390503,70354,70364,10
13.0258197784,80.230506897,70364,70373,9
13.0258197784,80.2305221558,70373,70384,11
13.0258703232,80.2307662964,70384,70393,9
13.0259304047,80.2310180664,70393,70404,11
13.0262403488,80.2312164307,70404,70415,11
13.0270004272,80.231048584,70415,70425,10
13.0277299881,80.2309036255,70425,70435,10
13.028459549,80.230796814,70435,70455,20
13.028459549,80.230796814,70455,70465,10
13.0288200378,80.2307815552,70465,70475,10
13.029129982,80.2307662964,70475,70485,10
13.0294799805,80.2307510376,70485,70495,10
13.0298595428,80.2307128906,70495,70505,10
13.0299501419,80.2306976318,70505,70515,10
13.0302495956,80.2306671143,70515,70526,11
13.0304498672,80.2306518555,70526,70536,10
13.0307998657,80.2306365967,70536,70546,10
13.0314798355,80.2305908203,70546,70556,10
13.031999588,80.2305603027,70556,70566,10
13.0325403214,80.2305221558,70566,70576,10
13.0330896378,80.23046875,70576,70586,10
13.0333995819,80.2304611206,70586,70596,10
13.0336704254,80.2304382324,70596,70606,10
13.0340099335,80.2304229736,70606,70616,10
13.0345897675,80.2302780151,70616,70748,132
13.0345897675,80.2302780151,70748,70758,10
13.0349502563,80.2301864624,70758,70768,10
13.0348796844,80.2300186157,70768,70778,10
13.0346603394,80.2300262451,70778,70950,172
13.0342903137,80.2300720215,70950,71394,444
13.0342903137,80.2300720215,71394,71404,10
13.0340900421,80.2302017212,71404,71414,10
13.0340795517,80.2302932739,71414,71424,10
13.0340003967,80.2304077148,71424,71434,10
13.033829689,80.2304000854,71434,71444,10
13.033539772,80.2304077148,71444,71454,10
13.0334796906,80.2304077148,71454,71464,10
13.0333204269,80.2304382324,71464,71474,10
13.0328798294,80.2304916382,71474,71485,11
13.0322704315,80.2305526733,71485,71495,10
13.03166008,80.2306137085,71495,71505,10
13.0310201645,80.2306594849,71505,71521,16
13.0304098129,80.2307128906,71521,71533,12
13.0299100876,80.2307510376,71533,71543,10
13.0298299789,80.2307510376,71543,71552,9
13.0296201706,80.230758667,71552,71563,11
13.0290298462,80.2308120728,71563,71573,10
13.0284004211,80.2308883667,71573,71582,9
13.0278396606,80.2309494019,71582,71594,12
13.0276203156,80.2312469482,71594,71603,9
13.0276699066,80.2317810059,71603,71614,11
13.0277996063,80.232421875,71614,71624,10
13.0276098251,80.2327804565,71624,71634,10
13.0271396637,80.2328872681,71634,71644,10
13.0269298553,80.2329025269,71644,71654,10
13.0266599655,80.2329177856,71654,71664,10
13.0263299942,80.2327270508,71664,71674,10
13.0261297226,80.2321014404,71674,71684,10
13.0259895325,80.2316436768,71684,71695,11
13.0259599686,80.2314987183,71695,71705,10
13.0258798599,80.2310180664,71705,71715,10
13.0255298615,80.2302627563,71715,71725,10
13.0249996185,80.2294998169,71725,71735,10
13.0245103836,80.2288894653,71735,71745,10
13.0240001678,80.2283096313,71745,71765,20
13.0240001678,80.2283096313,71765,71775,10
13.023900032,80.2282028198,71775,71785,10
13.0236597061,80.2279205322,71785,71795,10
13.0233402252,80.2275924683,71795,71806,11
13.0228099823,80.2271118164,71806,71816,10
13.0221700668,80.2264633179,71816,71826,10
13.0214500427,80.2258605957,71826,71836,10
13.0207996368,80.2253570557,71836,71846,10
13.0200395584,80.224861145,71846,71856,10
13.0193195343,80.2244720459,71856,71866,10
13.0183696747,80.224609375,71866,71876,10
13.0174703598,80.2249832153,71876,71886,10
13.0167102814,80.2252807617,71886,71896,10
13.0161800385,80.225479126,71896,71906,10
13.0155801773,80.2257080078,71906,71917,11
13.014840126,80.2259979248,71917,71927,10
13.0143604279,80.2261962891,71927,71937,10
13.0143404007,80.2261962891,71937,71947,10
13.0141296387,80.2262802124,71947,71963,16
13.0132904053,80.2265777588,71963,71975,12
13.0123100281,80.2269668579,71975,71985,10
13.0114803314,80.2273025513,71985,71995,10
13.0101299286,80.2278518677,71995,72005,10
13.0092401505,80.2282867432,72005,72016,11
13.0089502335,80.229309082,72016,72026,10
13.0087299347,80.2304534912,72026,72036,10
13.0085000992,80.2316436768,72036,72045,9
13.0083198547,80.2326507568,72045,72056,11
13.0082302094,80.2334213257,72056,72064,8
13.0081996918,80.2334899902,72064,72076,12
13.0081796646,80.233581543,72076,72086,10
13.0080604553,80.2340087891,72086,72096,10
13.0079402924,80.2346115112,72096,72106,10
13.0078802109,80.234992981,72106,72116,10
13.0077896118,80.2353591919,72116,72127,11
13.007610321,80.2362136841,72127,72137,10
13.0074300766,80.237197876,72137,72147,10
13.0072803497,80.2379989624,72147,72157,10
13.0071201324,80.2387313843,72157,72167,10
13.0069904327,80.2395019531,72167,72177,10
13.0068998337,80.2400512695,72177,72187,10
13.0068397522,80.2406616211,72187,72197,10
13.006819725,80.2407684326,72197,72207,10
13.0068101883,80.2408294678,72207,72217,10
13.0067396164,80.2412872314,72217,72228,11
13.0066995621,80.2422180176,72228,72238,10
13.0066604614,80.2430419922,72238,72248,10
13.0066404343,80.2437973022,72248,72258,10
13.0066404343,80.244720459,72258,72267,9
13.006649971,80.2455215454,72267,72278,11
13.0066795349,80.246421814,72278,72288,10
13.0067195892,80.246963501,72288,72298,10
13.0066900253,80.2475814819,72298,72308,10
13.0066995621,80.2484436035,72308,72318,10
13.006819725,80.2494812012,72318,72339,21
13.006819725,80.2494812012,72339,72349,10
13.006819725,80.2498626709,72349,72359,10
13.0067501068,80.251411438,72359,72398,39
13.0067501068,80.251411438,72398,72407,9
13.0067195892,80.2517166138,72407,72418,11
13.0065498352,80.2524185181,72418,72428,10
13.0065202713,80.253288269,72428,72438,10
13.0065202713,80.2542266846,72438,72449,11
13.0065603256,80.2552566528,72449,72459,10
13.0065803528,80.2562026978,72459,72469,10
13.0066003799,80.2567062378,72469,72479,10
13.0066299438,80.2570724487,72479,72488,9
13.0066900253,80.2574768066,72488,72499,11
13.0069904327,80.258102417,72499,72509,10
13.0075302124,80.2585372925,72509,72519,10
13.0076303482,80.2585830688,72519,72529,10
13.0076999664,80.2586135864,72529,72539,10
13.008099556,80.2587814331,72539,72550,11
13.0087003708,80.2590026855,72550,72560,10
13.0094499588,80.2590332031,72560,72570,10
13.0102100372,80.2590179443,72570,72580,10
13.0109395981,80.2590103149,72580,72590,10
13.0118398666,80.2590026855,72590,72600,10
13.012960434,80.2590484619,72600,72610,10
13.0141897202,80.2590866089,72610,72620,10
13.0151996613,80.259147644,72620,72630,10
13.0163898468,80.2596206665,72630,72651,21
13.0163898468,80.2596206665,72651,72661,10
13.0166301727,80.2598190308,72661,72671,10
13.0170001984,80.2600631714,72671,72681,10
13.0176296234,80.2605133057,72681,72691,10
13.0182695389,80.2609634399,72691,72701,10
13.0188703537,80.2614135742,72701,72711,10
13.0194396973,80.2619171143,72711,72721,10
13.019900322,80.2623901367,72721,72731,10
13.0202198029,80.2626266479,72731,72741,10
13.0202302933,80.2626266479,72741,72751,10
13.0205602646,80.2627716064,72751,72762,11
13.0210895538,80.2629318237,72762,72772,10
13.0216999054,80.2631607056,72772,72782,10
13.022069931,80.2633285522,72782,72792,10
13.0225095749,80.2635498047,72792,72802,10
13.0228796005,80.2637329102,72802,72812,10
13.0228900909,80.2637405396,72812,72822,10
13.0230102539,80.2638320923,72822,72832,10
13.023440361,80.2640686035,72832,72842,10
13.0241203308,80.2644577026,72842,72852,10
13.0246896744,80.2648773193,72852,72863,11
13.0252103806,80.2652816772,72863,72873,10
13.0257501602,80.2656173706,72873,72883,10
13.0262098312,80.2658004761,72883,72893,10
13.0263204575,80.2653503418,72893,72903,10
13.0263795853,80.2647476196,72903,72913,10
13.0264797211,80.2639923096,72913,72943,30
13.0264797211,80.2639923096,72943,72953,10
13.0265398026,80.2636489868,72953,72963,10
13.0266399384,80.2633590698,72963,72974,11
13.0270395279,80.2634124756,72974,72984,10
13.0276298523,80.2635574341,72984,72994,10
13.0282096863,80.2637176514,72994,73004,10
13.0283098221,80.2637634277,73004,73014,10
13.0285396576,80.2638092041,73014,73024,10
13.0289201736,80.2638778687,73024,73034,10
13.0291900635,80.2640991211,73034,73044,10
13.0292396545,80.2647171021,73044,73054,10
13.0292396545,80.2654418945,73054,73064,10
13.0292196274,80.2659606934,73064,73074,10
13.0292196274,80.2659683228,73074,73085,11
13.0291900635,80.2662200928,73085,73095,10
13.0291795731,80.2664413452,73095,73105,10
13.0293598175,80.2665100098,73105,73115,10
13.0298299789,80.2665405273,73115,73125,10
13.0304498672,80.2666168213,73125,73135,10
13.0310697556,80.2667770386,73135,73145,10
13.0317201614,80.267036438,73145,73155,10
13.0322904587,80.2673110962,73155,73165,10
13.0326795578,80.267578125,73165,73175,10
13.0333204269,80.2677307129,73175,73216,41
13.0333204269,80.2677307129,73216,73226,10
13.0336303711,80.267829895,73226,73236,10
13.033829689,80.2678833008,73236,73246,10
13.0340795517,80.267906189,73246,73256,10
13.0345201492,80.2679367065,73256,73276,20
13.0345201492,80.2679367065,73276,73286,10
13.0345001221,80.268119812,73286,73297,11
13.0344200134,80.2680892944,73297,73307,10
13.0342597961,80.2679672241,73307,73317,10
13.0340003967,80.267906189,73317,73327,10
13.0336704254,80.2678604126,73327,73337,10
13.0334196091,80.2678222656,73337,73398,61
13.0331897736,80.2677764893,73398,73844,446
13.0331897736,80.2677764893,73844,73854,10
13.0332298279,80.267791748,73854,74066,212
13.0332298279,80.267791748,74066,74076,10
13.032959938,80.2677001953,74076,74086,10
13.0326795578,80.267616272,74086,74096,10
13.0325298309,80.2674179077,74096,74106,10
13.0321102142,80.2672271729,74106,74116,10
13.031709671,80.2670974731,74116,74126,10
13.0312700272,80.2668991089,74126,74136,10
13.0307798386,80.2667922974,74136,74147,11
13.0302095413,80.2667007446,74147,74157,10
13.0298204422,80.2666397095,74157,74167,10
13.0296897888,80.2666320801,74167,74177,10
13.0293598175,80.2665634155,74177,74187,10
13.0290203094,80.2663574219,74187,74197,10
13.0284900665,80.2662506104,74197,74207,10
13.0281400681,80.2661895752,74207,74217,10
13.0275001526,80.2660980225,74217,74227,10
13.0269899368,80.2660293579,74227,74237,10
13.0264797211,80.2659835815,74237,74248,11
13.0260601044,80.2658004761,74248,74258,10
13.0256996155,80.2655715942,74258,74268,10
13.025349617,80.2653503418,74268,74278,10
13.0252599716,80.265296936,74278,74288,10
13.0251598358,80.2651977539,74288,74298,10
13.0249300003,80.265007019,74298,74308,10
13.0245304108,80.2647094727,74308,74318,10
13.0239400864,80.2643280029,74318,74328,10
13.023349762,80.2640228271,74328,74338,10
13.0227203369,80.2636871338,74338,74348,10
13.0222101212,80.2634277344,74348,74359,11
13.0221004486,80.2633972168,74359,74375,16
13.0216598511,80.2631607056,74375,74387,12
13.0207300186,80.2630081177,74387,74397,10
13.0200195313,80.2629776001,74397,74407,10
13.0193300247,80.2629318237,74407,74417,10
13.0188999176,80.2626800537,74417,74427,10
13.0188398361,80.2620162964,74427,74437,10
13.0187397003,80.2614364624,74437,74447,10
13.0184202194,80.261100769,74447,74457,10
13.0179195404,80.2607803345,74457,74467,10
13.0172700882,80.2603378296,74467,74478,11
13.0161104202,80.2596817017,74478,74498,20
13.0161104202,80.2596817017,74498,74508,10
13.0157499313,80.2595214844,74508,74518,10
13.0151395798,80.2593536377,74518,74528,10
13.0143098831,80.2592773438,74528,74538,10
13.0133304596,80.2592391968,74538,74548,10
13.0123796463,80.2592086792,74548,74558,10
13.0115499496,80.2591781616,74558,74569,11
13.0107297897,80.2591934204,74569,74579,10
13.0099697113,80.2592163086,74579,74589,10
13.0097303391,80.2592010498,74589,74599,10
13.0093603134,80.2592010498,74599,74609,10
13.0089702606,80.2591781616,74609,74619,10
13.0086698532,80.2591781616,74619,74629,10
13.0080900192,80.2592086792,74629,74639,10
13.0074100494,80.2592163086,74639,74649,10
13.0071697235,80.2587280273,74649,74659,10
13.0071001053,80.2585601807,74659,74669,10
13.006939888,80.2582397461,74669,74680,11
13.0067501068,80.2578964233,74680,74690,10
13.0066299438,80.2577514648,74690,74700,10
13.0064601898,80.2574005127,74700,74710,10
13.0064601898,80.2571105957,74710,74720,10
13.0064296722,80.256729126,74720,74730,10
13.0064601898,80.2561264038,74730,74740,10
13.0064897537,80.2555236816,74740,74750,10
13.006529808,80.2550201416,74750,74760,10
13.0065097809,80.2543106079,74760,74770,10
13.0065002441,80.2536087036,74770,74780,10
13.0065002441,80.2532424927,74780,74791,11
13.0065002441,80.2530593872,74791,74801,10
13.0065002441,80.2529907227,74801,74811,10
13.0065002441,80.2527923584,74811,74821,10
13.0065097809,80.2525177002,74821,74831,10
13.0066204071,80.2519683838,74831,74902,71
13.0066204071,80.2519683838,74902,74912,10
13.006649971,80.2518081665,74912,74922,10
13.0067396164,80.2512664795,74922,74932,10
13.0067195892,80.2503585815,74932,74942,10
13.0067195892,80.2493362427,74942,74952,10
13.006649971,80.2483062744,74952,74962,10
13.0066204071,80.2473831177,74962,74972,10
13.0065498352,80.2465209961,74972,74992,20
13.0065498352,80.2465209961,74992,75003,11
13.0066299438,80.2459793091,75003,75013,10
13.0066204071,80.2452163696,75013,75023,10
13.0066204071,80.2445297241,75023,75033,10
13.0066003799,80.243927002,75033,75043,10
13.0065603256,80.2434005737,75043,75053,10
13.0065603256,80.2427215576,75053,75063,10
13.0065402985,80.2419128418,75063,75073,10
13.0065498352,80.2412872314,75073,75083,10
13.0065898895,80.2409667969,75083,75093,10
13.0066299438,80.2407684326,75093,75104,11
13.0067195892,80.2402801514,75104,75114,10
13.0068502426,80.2395935059,75114,75124,10
13.0069999695,80.2387695313,75124,75134,10
13.0071296692,80.2382125854,75134,75144,10
13.0072603226,80.2376022339,75144,75154,10
13.0073604584,80.2370223999,75154,75164,10
13.0073604584,80.2368621826,75164,75174,10
13.0074396133,80.2366027832,75174,75184,10
13.0075998306,80.236000061,75184,75194,10
13.0077400208,80.2353134155,75194,75204,10
13.007900238,80.2344665527,75204,75215,11
13.0081195831,80.2333908081,75215,75225,10
13.0083398819,80.2322616577,75225,75235,10
13.0085601807,80.2311172485,75235,75245,10
13.0087203979,80.23021698,75245,75255,10
13.0089797974,80.2289581299,75255,75265,10
13.0092000961,80.2280426025,75265,75275,10
13.0095901489,80.227142334,75275,75285,10
13.0100097656,80.2262802124,75285,75295,10
13.0103998184,80.2254867554,75295,75305,10
13.0107498169,80.2248077393,75305,75316,11
13.0110397339,80.2240829468,75316,75325,9
13.0112400055,80.2235565186,75325,75336,11
13.0115098953,80.2228775024,75336,75346,10
13.0117998123,80.2220993042,75346,75356,10
13.0121097565,80.2214813232,75356,75365,9
13.0124702454,80.2216491699,75365,75375,10
13.0129404068,80.2222900391,75375,75386,11
13.0135097504,80.22290802,75386,75396,10
13.0140600204,80.2235565186,75396,75405,9
13.0144500732,80.224067688,75405,75416,11
13.0150299072,80.2246170044,75416,75427,11
13.0154600143,80.224937439,75427,75437,10
13.0155296326,80.2249984741,75437,75447,10
13.0157299042,80.2252120972,75447,75457,10
13.0162801743,80.2253417969,75457,75467,10
13.0169897079,80.225151062,75467,75477,10
13.0178604126,80.2247924805,75477,75487,10
13.0187196732,80.2244415283,75487,75497,10
13.0193500519,80.224357605,75497,75507,10
13.0196399689,80.2244873047,75507,75517,10
13.019949913,80.2246780396,75517,75528,11
13.0204401016,80.2250366211,75528,75538,10
13.020939827,80.225402832,75538,75548,10
13.0214595795,80.2257919312,75548,75558,10
13.0219202042,80.2260971069,75558,75568,10
13.0219602585,80.2261428833,75568,75578,10
13.0222101212,80.2263870239,75578,75588,10
13.0227298737,80.2268371582,75588,75598,10
13.0232496262,80.2273330688,75598,75608,10
13.0237598419,80.2277984619,75608,75618,10
13.0242795944,80.2283172607,75618,75639,21
13.0242795944,80.2283172607,75639,75655,16
13.0247001648,80.2289199829,75655,75667,12
13.0251398087,80.2294921875,75667,75677,10
13.02546978,80.229927063,75677,75687,10
13.0258903503,80.2306671143,75687,75695,8
13.0260095596,80.2310409546,75695,75708,13
13.0263395309,80.2313232422,75708,75718,10
13.0270996094,80.2311172485,75718,75728,10
13.0278396606,80.2309570313,75728,75738,10
13.0284900665,80.2308578491,75738,75749,11
13.0285797119,80.2308578491,75749,75759,10
13.028960228,80.2308425903,75759,75769,10
13.0294704437,80.2307662964,75769,75802,33
13.0294704437,80.2307662964,75802,75814,12
13.0296001434,80.230758667,75814,75824,10
13.0301103592,80.2307128906,75824,75834,10
13.0306901932,80.2306671143,75834,75844,10
13.0313501358,80.2306213379,75844,75854,10
13.0320796967,80.2305603027,75854,75865,11
13.0329303741,80.2304763794,75865,75875,10
13.0336103439,80.2304382324,75875,75885,10
13.033829689,80.2304000854,75885,75895,10
13.0340595245,80.2303619385,75895,75915,20
13.0340595245,80.2303619385,75915,75925,10
13.0342597961,80.2303619385,75925,75935,10
13.0345697403,80.2303009033,75935,75945,10
13.0348501205,80.2302093506,75945,75956,11
13.0349397659,80.2301635742,75956,75965,9
13.0350799561,80.2300186157,75965,75976,11
13.0350103378,80.2298126221,75976,75986,10
13.0346803665,80.2297973633,75986,75995,9
13.0343799591,80.2297210693,75995,76006,11
13.034239769,80.2300033569,76006,76854,848
13.034239769,80.2300033569,76854,76864,10
13.0341596603,80.2304077148,76864,76955,91
13.0341596603,80.2304077148,76955,76965,10
13.0337400436,80.2304000854,76965,76975,10
13.0335102081,80.230430603,76975,76985,10
13.0331602097,80.2304382324,76985,76995,10
13.0327596664,80.2304763794,76995,77005,10
13.0322904587,80.2305526733,77005,77015,10
13.0317697525,80.2306213379,77015,77026,11
13.0312299728,80.2306594849,77026,77036,10
13.0309095383,80.2307128906,77036,77046,10
13.0306301117,80.230758667,77046,77056,10
13.0302801132,80.230796814,77056,77066,10
13.0299396515,80.2308578491,77066,77076,10
13.0298099518,80.2308807373,77076,77086,10
13.029540062,80.2309112549,77086,77096,10
13.0291795731,80.2309265137,77096,77106,10
13.0286903381,80.2309799194,77106,77116,10
13.0282497406,80.2310562134,77116,77127,11
13.0279798508,80.2310791016,77127,77137,10
13.0276002884,80.2311630249,77137,77147,10
13.0276002884,80.2315979004,77147,77156,9
13.0276603699,80.2320632935,77156,77166,10
13.0277996063,80.2326126099,77166,77176,10
13.0275402069,80.2329025269,77176,77187,11
13.0268096924,80.2329864502,77187,77258,71
13.0268096924,80.2329864502,77258,77268,10
13.0265798569,80.2330932617,77268,77278,10
13.0262098312,80.2325820923,77278,77288,10
13.0262098312,80.2325820923,77288,77298,10
13.0260696411,80.2319793701,77298,77308,10
13.0259103775,80.231300354,77308,77318,10
13.0256996155,80.2305984497,77318,77328,10
13.0252399445,80.229888916,77328,77339,11
13.024720192,80.2292327881,77339,77349,10
13.0242996216,80.2286834717,77349,77359,10
13.0239896774,80.2283782959,77359,77380,21
13.0239896774,80.2283782959,77380,77390,10
13.0237598419,80.2280578613,77390,77400,10
13.0233602524,80.2276535034,77400,77409,9
13.0229597092,80.2272262573,77409,77419,10
13.0223798752,80.2267608643,77419,77430,11
13.0216903687,80.2261810303,77430,77440,10
13.0211801529,80.2257537842,77440,77451,11
13.0205602646,80.2252883911,77451,77461,10
13.0200500488,80.2249526978,77461,77471,10
13.019900322,80.2248382568,77471,77481,10
13.0196800232,80.2247009277,77481,77491,10
13.019080162,80.2245178223,77491,77501,10
13.0182304382,80.2247467041,77501,77511,10
13.0173101425,80.2251205444,77511,77521,10
13.0164804459,80.2254486084,77521,77531,10
13.0158996582,80.2256469727,77531,77541,10
13.0152397156,80.2258911133,77541,77552,11
13.0147199631,80.2261123657,77552,77562,10
13.0143003464,80.226272583,77562,77582,20
13.0143003464,80.226272583,77582,77591,9
13.0141601563,80.2263412476,77591,77602,11
13.0135498047,80.2265625,77602,77612,10
13.0127096176,80.2268676758,77612,77622,10
13.0118503571,80.2271881104,77622,77632,10
13.0108699799,80.2275772095,77632,77642,10
13.010020256,80.2279205322,77642,77652,10
13.0092401505,80.2282867432,77652,77663,11
13.008939743,80.2292404175,77663,77673,10
13.0087795258,80.23021698,77673,77683,10
13.0086803436,80.231086731,77683,77693,10
13.0084695816,80.2321014404,77693,77703,10
13.0082798004,80.2330932617,77703,77713,10
13.0082302094,80.2335128784,77713,77723,10
13.0081396103,80.2337493896,77723,77733,10
13.008020401,80.2343292236,77733,77743,10
13.0078601837,80.2351226807,77743,77753,10
13.0077104568,80.2359619141,77753,77764,11
13.0074901581,80.2369766235,77764,77774,10
13.0073204041,80.2378234863,77774,77784,10
13.0071601868,80.2386474609,77784,77794,10
13.0069904327,80.2396011353,77794,77804,10
13.0068702698,80.2403182983,77804,77814,10
13.006819725,80.2407073975,77814,77824,10
13.0068101883,80.2408218384,77824,77834,10
13.0067300797,80.241317749,77834,77844,10
13.0066900253,80.2421875,77844,77854,10
13.0066795349,80.2430725098,77854,77864,10
13.0066795349,80.2437896729,77864,77875,11
13.0066795349,80.2447433472,77875,77885,10
13.0066900253,80.2456436157,77885,77895,10
13.0067100525,80.2462997437,77895,77905,10
13.0067195892,80.2465591431,77905,77915,10
13.0067195892,80.2467193604,77915,77925,10
13.0067195892,80.2469100952,77925,77935,10
13.0066995621,80.2473220825,77935,77945,10
13.0066900253,80.2480392456,77945,77955,10
13.0067596436,80.248916626,77955,77965,10
13.0068397522,80.2495574951,77965,77976,11
13.0068397522,80.249710083,77976,77986,10
13.006819725,80.2502593994,77986,77996,10
13.0068101883,80.2510375977,77996,78006,10
13.0067901611,80.251411438,78006,78026,20
13.0067901611,80.251411438,78026,78036,10
13.0067195892,80.2516479492,78036,78046,10
13.0066099167,80.2522506714,78046,78056,10
13.0065603256,80.2530822754,78056,78066,10
13.0065698624,80.2540664673,78066,78076,10
13.0066099167,80.2549591064,78076,78087,11
13.0066404343,80.2560577393,78087,78097,10
13.0066795349,80.2571792603,78097,78137,40
13.0066795349,80.2571792603,78137,78147,10
13.0067901611,80.2576675415,78147,78157,10
13.0071496964,80.2583084106,78157,78167,10
13.0075597763,80.2585830688,78167,78177,10
13.0076398849,80.2586517334,78177,78188,11
13.0080795288,80.2588500977,78188,78198,10
13.0087203979,80.2590637207,78198,78208,10
13.0095596313,80.2590637207,78208,78218,10
13.01060009,80.2590713501,78218,78228,10
13.011759758,80.2590484619,78228,78238,10
13.0129404068,80.2591018677,78238,78248,10
13.0141601563,80.259147644,78248,78258,10
13.0153102875,80.2592163086,78258,78268,10
13.0160503387,80.2594528198,78268,78278,10
13.0163602829,80.2596664429,78278,78288,10
13.0166101456,80.2598724365,78288,78299,11
13.0172700882,80.2602920532,78299,78309,10
13.0179595947,80.2607727051,78309,78319,10
13.0186595917,80.2612609863,78319,78329,10
13.0191802979,80.26171875,78329,78339,10
13.019610405,80.2621383667,78339,78349,10
13.0200996399,80.262550354,78349,78359,10
13.0201396942,80.2625808716,78359,78369,10
13.0204801559,80.2627716064,78369,78379,10
13.0211000443,80.2629470825,78379,78389,10
13.0215797424,80.2631378174,78389,78400,11
13.0219898224,80.2633514404,78400,78410,10
13.0222797394,80.2634811401,78410,78420,10
13.0227203369,80.2636795044,78420,78430,10
13.0228595734,80.2637634277,78430,78440,10
13.0230102539,80.2638931274,78440,78450,10
13.023440361,80.2641296387,78450,78460,10
13.0240802765,80.2644805908,78460,78470,10
13.0246601105,80.2649002075,78470,78480,10
13.0252399445,80.2653274536,78480,78490,10
13.0259304047,80.2657470703,78490,78511,21
13.0259304047,80.2657470703,78511,78521,10
13.026140213,80.2658691406,78521,78531,10
13.0262403488,80.265663147,78531,78541,10
13.0262804031,80.2652893066,78541,78551,10
13.0263395309,80.2646713257,78551,78561,10
13.0264396667,80.2640914917,78561,78601,40
13.0264396667,80.2640914917,78601,78612,11
13.0265398026,80.2635879517,78612,78622,10
13.0266399384,80.2633285522,78622,78632,10
13.0270595551,80.2633895874,78632,78642,10
13.0275802612,80.2635421753,78642,78652,10
13.0282297134,80.263710022,78652,78662,10
13.0287799835,80.2638778687,78662,78672,10
13.029250145,80.2640609741,78672,78682,10
13.0292396545,80.2643508911,78682,78692,10
13.0292196274,80.2648925781,78692,78702,10
13.0292396545,80.2656097412,78702,78712,10
13.0292100906,80.2659378052,78712,78723,11
13.0291900635,80.2660675049,78723,78733,10
13.0291595459,80.2664031982,78733,78743,10
13.0295495987,80.2665176392,78743,78753,10
13.0302000046,80.2666091919,78753,78763,10
13.0309495926,80.2667617798,78763,78773,10
13.0316400528,80.2669906616,78773,78783,10
13.0322704315,80.2673034668,78783,78793,10
13.0327596664,80.2676315308,78793,78803,10
13.0333204269,80.2677536011,78803,78834,31
13.0333204269,80.2677536011,78834,78844,10
13.0335597992,80.2678222656,78844,78854,10
13.0341501236,80.2679519653,78854,78864,10
13.0344800949,80.2679672241,78864,78874,10
13.0345497131,80.2680587769,78874,78884,10
13.0344495773,80.268157959,78884,78894,10
13.0344400406,80.268157959,78894,78904,10
13.034239769,80.2679977417,78904,78914,10
13.0338697433,80.2679290771,78914,78924,10
13.0333003998,80.2678070068,78924,78935,11
13.0327596664,80.2676925659,78935,78945,10
13.0324001312,80.2674484253,78945,78955,10
13.0317201614,80.2671508789,78955,78965,10
13.0310697556,80.2669219971,78965,78975,10
13.0302095413,80.2667312622,78975,78985,10
13.0296697617,80.2666320801,78985,78995,10
13.0291204453,80.2664413452,78995,79005,10
13.0285701752,80.2663269043,79005,79015,10
13.0279598236,80.2662200928,79015,79025,10
13.0272903442,80.2661209106,79025,79036,11
13.02684021,80.2660598755,79036,83265,4229
13.02684021,80.2660598755,83265,83275,10
13.0265798569,80.2660217285,83275,83286,11
13.0263299942,80.2660217285,83286,83296,10
13.0261602402,80.266166687,83296,83306,10
13.0262403488,80.2664337158,83306,83536,230
13.0262403488,80.2664337158,83536,83546,10
13.0264196396,80.2663726807,83546,83677,131
13.0264997482,80.2662963867,83677,84535,858
