13.0143995285,80.2259979248,14,11659,11645
13.014380455,80.2260665894,11659,13609,1950
13.0144195557,80.2259368896,13609,16114,2505
13.0143699646,80.2261962891,16114,16873,759
13.01445961,80.2259674072,16873,21656,4783
13.01445961,80.2259674072,21656,21666,10
13.014289856,80.2259216309,21666,21676,10
13.0142402649,80.2261886597,21676,21686,10
13.0142297745,80.2262115479,21686,21696,10
13.0142002106,80.22631073,21696,21707,11
13.0136899948,80.2265014648,21707,21717,10
13.012960434,80.2267837524,21717,21727,10
13.0123100281,80.2270278931,21727,21737,10
13.0116195679,80.2272872925,21737,21747,10
13.0108203888,80.2276229858,21747,21757,10
13.0099897385,80.2279205322,21757,21767,10
13.0095396042,80.2276077271,21767,21777,10
13.0098400116,80.2269363403,21777,21787,10
13.0101995468,80.2261199951,21787,21797,10
13.0105695724,80.2252883911,21797,21808,11
13.0109596252,80.2243804932,21808,21818,10
13.0112695694,80.2235412598,21818,21828,10
13.0115804672,80.2227630615,21828,21838,10
13.0119199753,80.221862793,21838,21848,10
13.012140274,80.2211837769,21848,21858,10
13.0119895935,80.2204589844,21858,21868,10
13.0116996765,80.2195663452,21868,21878,10
13.0113697052,80.2185974121,21878,21888,10
13.01101017,80.2176437378,21888,21898,10
13.0106201172,80.2166900635,21898,21909,11
13.0101804733,80.2159576416,21909,21919,10
13.0098495483,80.2152328491,21919,21929,10
13.0093297958,80.2145309448,21929,21939,10
13.0089302063,80.2139816284,21939,21949,10
13.0085601807,80.2135467529,21949,21959,10
13.0079803467,80.2132263184,21959,21979,20
13.0079803467,80.2132263184,21979,21989,10
13.0079402924,80.213218689,21989,21999,10
13.0076999664,80.2129974365,21999,22010,11
13.007060051,80.2127990723,22010,22020,10
13.0063400269,80.2127914429,22020,22030,10
13.0057897568,80.2129821777,22030,22037,7
13.0053195953,80.2127075195,22037,22050,13
13.0043401718,80.2122192383,22050,22060,10
13.0035295486,80.2120819092,22060,22070,10
13.0029296875,80.2120666504,22070,22080,10
13.0024595261,80.2121505737,22080,22090,10
13.0019798279,80.2124176025,22090,22101,11
13.0013103485,80.2129211426,22101,22111,10
13.0007600784,80.2133636475,22111,22121,10
13.0003004074,80.2137908936,22121,22131,10
12.9998598099,80.2141876221,22131,22141,10
12.9994001389,80.2145767212,22141,22151,10
12.9991102219,80.2148208618,22151,22161,10
12.998749733,80.2150726318,22161,22171,10
12.9982404709,80.2155532837,22171,22181,10
12.9977703094,80.2159576416,22181,22191,10
12.9975595474,80.2161636353,22191,22202,11
12.9973201752,80.2164230347,22202,22212,10
12.9968299866,80.2164764404,22212,22222,10
12.9961700439,80.2165603638,22222,22232,10
12.9955301285,80.2167434692,22232,22242,10
12.9949502945,80.2171096802,22242,22252,10
12.994389534,80.2175369263,22252,22262,10
12.9938402176,80.2179489136,22262,22272,10
12.9932098389,80.2183685303,22272,22282,10
12.9925899506,80.2188262939,22282,22292,10
12.9918899536,80.2193374634,22292,22303,11
12.9912796021,80.2198028564,22303,22313,10
12.9909000397,80.2200927734,22313,22323,10
12.9908304214,80.2201538086,22323,22333,10
12.9904499054,80.2204437256,22333,22341,8
12.9899597168,80.2208328247,22341,22353,12
12.9893798828,80.2215499878,22353,22363,10
12.9888696671,80.2221908569,22363,22373,10
12.9883003235,80.2227478027,22373,22383,10
12.9877099991,80.2230987549,22383,22393,10
12.9872102737,80.2230606079,22393,22404,11
12.9866600037,80.2229919434,22404,22414,10
12.9860095978,80.2229766846,22414,22424,10
12.9855499268,80.2232513428,22424,22434,10
12.9850597382,80.2231903076,22434,22444,10
12.9845199585,80.2229232788,22444,22454,10
12.9840297699,80.2226486206,22454,22464,10
12.9834899902,80.222328186,22464,22474,10
12.9832601547,80.2221832275,22474,22484,10
12.9832000732,80.2221374512,22484,22494,10
12.9828796387,80.2219772339,22494,22505,11
12.9823303223,80.2218017578,22505,22515,10
12.981760025,80.2214508057,22515,22525,10
12.9811296463,80.2211074829,22525,22535,10
12.9804601669,80.2210617065,22535,22545,10
12.9796495438,80.2210998535,22545,22555,10
12.9788503647,80.2211532593,22555,22565,10
12.9781999588,80.2211685181,22565,22575,10
12.9775104523,80.2211837769,22575,22584,9
12.9768104553,80.2211990356,22584,22596,12
12.9761896133,80.2212524414,22596,22606,10
12.9762401581,80.2215423584,22606,22616,10
12.9763402939,80.2216720581,22616,22626,10
12.9763898849,80.2217788696,22626,22636,10
12.9766397476,80.2222518921,22636,22646,10
12.9770002365,80.2228775024,22646,22656,10
12.9774398804,80.2236022949,22656,22666,10
12.9778995514,80.2242965698,22666,22676,10
12.9783601761,80.2250900269,22676,22686,10
12.9788103104,80.2258071899,22686,22697,11
12.9792404175,80.2265396118,22697,22707,10
12.979640007,80.2271881104,22707,22717,10
12.9800596237,80.2278518677,22717,22727,10
12.9804801941,80.2285614014,22727,22737,10
12.9808797836,80.2292861938,22737,22747,10
12.9813804626,80.2300415039,22747,22757,10
12.9818201065,80.2308120728,22757,22767,10
12.9820404053,80.2316589355,22767,22777,10
12.982049942,80.2324523926,22777,22787,10
12.9817495346,80.2333068848,22787,22798,11
12.9816303253,80.2335662842,22798,22808,10
12.981470108,80.2339096069,22808,22818,10
12.9812402725,80.2346572876,22818,22828,10
12.9812297821,80.2356796265,22828,22838,10
12.9812698364,80.2367782593,22838,22848,10
12.9813299179,80.2378005981,22848,22858,10
12.9813604355,80.2385635376,22858,22868,10
12.9813604355,80.2386703491,22868,22878,10
12.9813499451,80.2389068604,22878,22888,10
12.9813699722,80.2395935059,22888,22899,11
12.9813899994,80.2405471802,22899,22909,10
12.9813995361,80.2415390015,22909,22919,10
12.9814195633,80.242767334,22919,22939,20
12.9814195633,80.242767334,22939,22949,10
12.9814100266,80.2430419922,22949,22959,10
12.9814100266,80.243560791,22959,22969,10
12.981300354,80.2443771362,22969,22979,10
12.9811697006,80.2454223633,22979,22990,11
12.9810199738,80.2467193604,22990,23000,10
12.9809303284,80.2479171753,23000,23010,10
12.9808301926,80.249130249,23010,23020,10
12.9806404114,80.2502822876,23020,23030,10
12.9803600311,80.2513427734,23030,23040,10
12.9801702499,80.2521286011,23040,23050,10
12.9801197052,80.2523727417,23050,23060,10
12.9803199768,80.2526092529,23060,23070,10
12.9809703827,80.2526321411,23070,23080,10
12.9819002151,80.2526016235,23080,23091,11
12.9832201004,80.2525177002,23091,23101,10
12.9845304489,80.2521972656,23101,23111,10
12.9856300354,80.2518997192,23111,23121,10
12.9865703583,80.2516708374,23121,23131,10
12.9874401093,80.2514190674,23131,23140,9
12.9877700806,80.2513580322,23140,23192,52
12.9877700806,80.2513580322,23192,23202,10
12.9879102707,80.2515335083,23202,23212,10
12.9880304337,80.2522277832,23212,23222,10
12.9879398346,80.2533416748,23222,23232,10
12.987830162,80.2545166016,23232,23242,10
12.9877500534,80.2554321289,23242,23252,10
12.9876899719,80.2557830811,23252,23262,10
12.9876403809,80.2560806274,23262,23272,10
12.9876003265,80.2566986084,23272,23281,9
12.9875402451,80.2573623657,23281,23293,12
12.9874696732,80.2581710815,23293,23303,10
12.9874200821,80.2587509155,23303,23313,10
12.9872903824,80.2594985962,23313,23373,60
12.9872903824,80.2594985962,23373,23383,10
12.9870195389,80.2595977783,23383,23394,11
12.9868202209,80.259552002,23394,23404,10
12.9867897034,80.259552002,23404,23414,10
12.9866695404,80.2593536377,23414,24183,769
12.9866600037,80.2590713501,24183,24233,50
12.9866600037,80.2590713501,24233,24243,10
12.9871101379,80.2591171265,24243,24273,30
12.9871101379,80.2591171265,24273,24284,11
12.9873600006,80.2590103149,24284,24294,10
12.9873695374,80.2588195801,24294,24304,10
12.9873800278,80.2584609985,24304,24314,10
12.9874095917,80.2581329346,24314,24324,10
12.9874801636,80.2577667236,24324,24334,10
12.9875402451,80.2571868896,24334,24344,10
12.9876003265,80.2565231323,24344,24353,9
12.9876403809,80.2559585571,24353,24364,11
12.9876403809,80.255859375,24364,24374,10
12.9876203537,80.2557678223,24374,24385,11
12.9877099991,80.2553787231,24385,24395,10
12.9877300262,80.2548217773,24395,24407,12
12.987830162,80.25390625,24407,24417,10
12.9879102707,80.2529983521,24417,24425,8
12.9879703522,80.2522888184,24425,24437,12
12.9877796173,80.2516403198,24437,24466,29
12.9877796173,80.2516403198,24466,24476,10
12.9873504639,80.2515792847,24476,24488,12
12.9863996506,80.2517776489,24488,24498,10
12.9853601456,80.2520523071,24498,24508,10
12.9840898514,80.2523880005,24508,24518,10
12.9826602936,80.2526321411,24518,24526,8
12.981470108,80.2526702881,24526,24538,12
12.9799499512,80.2527236938,24538,24579,41
12.9799499512,80.2527236938,24579,24589,10
12.97976017,80.2526168823,24589,24599,10
12.9797697067,80.2523498535,24599,24609,10
12.9798402786,80.2521972656,24609,24619,10
12.9799900055,80.2517471313,24619,24629,10
12.9802503586,80.2509765625,24629,24639,10
12.9805002213,80.250038147,24639,24649,10
12.9806804657,80.2490463257,24649,24659,10
12.9807596207,80.2479782104,24659,24669,10
12.9808702469,80.2467803955,24669,24680,11
12.9810400009,80.2453765869,24680,24690,10
12.9811496735,80.2442932129,24690,24700,10
12.9812297821,80.2437133789,24700,24710,10
12.9813404083,80.2434616089,24710,24720,10
12.9813604355,80.2429733276,24720,24730,10
12.9813604355,80.2429504395,24730,24740,10
12.9813995361,80.2425613403,24740,24750,10
12.9813804626,80.2418899536,24750,24759,9
12.9813699722,80.241027832,24759,24770,11
12.9813604355,80.2399597168,24770,24781,11
12.9813299179,80.2391433716,24781,24791,10
12.981300354,80.2383499146,24791,24801,10
12.9812898636,80.2379608154,24801,24811,10
12.9812898636,80.2377929688,24811,24821,10
12.9812602997,80.237159729,24821,24831,10
12.9812402725,80.2361984253,24831,24841,10
12.9812002182,80.2351531982,24841,24851,10
12.9812803268,80.23412323,24851,24861,10
12.9815998077,80.2334136963,24861,24870,9
12.9816503525,80.2333068848,24870,24882,12
12.981760025,80.2331237793,24882,24892,10
12.9819602966,80.2326202393,24892,24902,10
12.982000351,80.2320632935,24902,24912,10
12.9819698334,80.2314987183,24912,24922,10
12.9818601608,80.2310028076,24922,24932,10
12.9816398621,80.2305297852,24932,24942,10
12.9812402725,80.2298431396,24942,24952,10
12.980919838,80.2293319702,24952,24962,10
12.9807300568,80.2290802002,24962,24972,10
12.9807195663,80.229057312,24972,24983,11
12.9805803299,80.2288208008,24983,24993,10
12.9803695679,80.2284469604,24993,25003,10
12.9801397324,80.2279815674,25003,25013,10
12.9796895981,80.2272872925,25013,25023,10
12.9792404175,80.2265396118,25023,25033,10
12.9787902832,80.225769043,25033,25043,10
12.9783401489,80.2250213623,25043,25053,10
12.9780197144,80.2245407104,25053,25063,10
12.9778203964,80.2242584229,25063,25074,11
12.9776096344,80.2238922119,25074,25084,10
12.9772500992,80.2232894897,25084,25094,10
12.9769897461,80.2228088379,25094,25104,10
12.9771404266,80.2226715088,25104,25114,10
12.9771900177,80.2226715088,25114,25124,10
12.9774999619,80.2226333618,25124,25134,10
12.9775400162,80.2221679688,25134,25144,10
12.9774904251,80.2215499878,25144,25154,10
12.9774198532,80.2212524414,25154,25164,10
12.9765501022,80.2212600708,25164,25265,101
12.9765501022,80.2212600708,25265,25276,11
12.9763402939,80.2211074829,25276,25580,304
12.976149559,80.2210235596,25580,25610,30
12.976149559,80.2210235596,25610,25620,10
12.976099968,80.2214126587,25620,25630,10
12.9763202667,80.2216796875,25630,25681,51
12.9763202667,80.2216796875,25681,25691,10
12.9764795303,80.222076416,25691,25700,9
12.9767904282,80.2225875854,25700,25711,11
12.9773101807,80.2233886719,25711,25721,10
12.9778404236,80.2242126465,25721,25731,10
12.9783201218,80.2249603271,25731,25741,10
12.9787597656,80.225692749,25741,25751,10
12.9791603088,80.2263565063,25751,25761,10
12.9795703888,80.2269897461,25761,25771,10
12.9800701141,80.2277832031,25771,25782,11
12.9806699753,80.2287979126,25782,25792,10
12.9811401367,80.2295913696,25792,25802,10
12.9816799164,80.2304000854,25802,25812,10
12.9817895889,80.2305831909,25812,25822,10
12.9819498062,80.2309799194,25822,25832,10
12.9820899963,80.2317428589,25832,25842,10
12.9820404053,80.2325820923,25842,25852,10
12.9817199707,80.2334136963,25852,25862,10
12.9814395905,80.2339706421,25862,25871,9
12.9812498093,80.2346878052,25871,25883,12
12.9812698364,80.2359008789,25883,25893,10
12.981300354,80.2369384766,25893,25903,10
12.9813203812,80.2378311157,25903,25913,10
12.9813604355,80.2386169434,25913,25923,10
12.9813604355,80.2387313843,25923,25933,10
12.9813499451,80.2392501831,25933,25943,10
12.9813699722,80.2402114868,25943,25953,10
12.9813699722,80.2414169312,25953,25962,9
12.9813995361,80.2422714233,25962,25974,12
12.9813995361,80.2427520752,25974,25984,10
12.9813995361,80.2428894043,25984,25994,10
12.9813899994,80.2433319092,25994,26004,10
12.9813098907,80.2441101074,26004,26014,10
12.981180191,80.2451019287,26014,26024,10
12.9810400009,80.2462768555,26024,26034,10
12.980919838,80.2475891113,26034,26044,10
12.9808197021,80.2490310669,26044,26054,10
12.980629921,80.250213623,26054,26064,10
12.9803695679,80.2512664795,26064,26075,11
12.9801902771,80.2521133423,26075,26085,10
12.9801397324,80.2522277832,26085,26095,10
12.9801397324,80.2524414063,26095,26105,10
12.9805202484,80.2526321411,26105,26115,10
12.9813299179,80.2526168823,26115,26125,10
12.9824304581,80.2525787354,26125,26135,10
12.9837903976,80.2524032593,26135,26145,10
12.9852399826,80.2520217896,26145,26155,10
12.9863901138,80.251739502,26155,26165,10
12.9875802994,80.2514190674,26165,26206,41
12.9875802994,80.2514190674,26206,26216,10
12.9877099991,80.2513885498,26216,26226,10
12.987950325,80.2516021729,26226,26236,10
12.9879798889,80.251739502,26236,26246,10
12.9880599976,80.2521514893,26246,26256,10
12.9879903793,80.2529373169,26256,26266,10
12.9878997803,80.2539291382,26266,26277,11
12.9878101349,80.2548675537,26277,26287,10
12.9877595901,80.2553329468,26287,26297,10
12.9877300262,80.2557373047,26297,26307,10
12.9876298904,80.2563323975,26307,26318,11
12.987569809,80.2570877075,26318,26328,10
12.9875097275,80.2578201294,26328,26338,10
12.9874401093,80.2585525513,26338,26347,9
12.9873695374,80.2591094971,26347,26358,11
12.9872598648,80.2595062256,26358,26368,10
12.9872503281,80.2595367432,26368,26377,9
12.9871797562,80.2595901489,26377,26389,12
12.9871196747,80.2595825195,26389,26398,9
12.986869812,80.2595214844,26398,26409,11
12.9866800308,80.2592391968,26409,27683,1274
12.9866800308,80.2592391968,27683,27693,10
12.9869804382,80.2590866089,27693,27713,20
12.9869804382,80.2590866089,27713,27723,10
12.9871702194,80.2591171265,27723,27733,10
12.9873199463,80.2590332031,27733,27743,10
12.9873800278,80.2585983276,27743,27753,10
12.987449646,80.2578887939,27753,27763,10
12.9875202179,80.2570114136,27763,27773,10
12.987569809,80.2560501099,27773,27804,31
12.987569809,80.2560501099,27804,27814,10
12.9876203537,80.2557678223,27814,27824,10
12.9877195358,80.2551498413,27824,27834,10
12.9877500534,80.2548675537,27834,27844,10
12.9877901077,80.2545394897,27844,27854,10
12.987859726,80.2538299561,27854,27864,10
12.9879398346,80.2528686523,27864,27874,10
12.9879102707,80.2519989014,27874,27885,11
12.9877700806,80.2516937256,27885,27895,10
12.987660408,80.2516403198,27895,27905,10
12.9870796204,80.2516784668,27905,27915,10
12.9862203598,80.2518615723,27915,27925,10
12.9850997925,80.2521591187,27925,27935,10
12.9837598801,80.2524871826,27935,27945,10
12.9822502136,80.2526779175,27945,27955,10
12.981010437,80.2527008057,27955,27964,9
12.9802398682,80.2527389526,27964,27976,12
12.9799604416,80.2527389526,27976,27986,10
12.9798898697,80.2523422241,27986,27996,10
12.9799003601,80.252281189,27996,28006,10
12.9799499512,80.2521362305,28006,28016,10
12.9800796509,80.251701355,28016,28026,10
12.9803304672,80.2509307861,28026,28036,10
12.9806003571,80.2499084473,28036,28046,10
12.9807500839,80.2486495972,28046,28056,10
12.9808597565,80.2472686768,28056,28066,10
12.9809999466,80.2457809448,28066,28077,11
12.9811697006,80.2444534302,28077,28087,10
12.9812002182,80.2437973022,28087,28097,10
12.9812803268,80.243637085,28097,28107,10
12.9813404083,80.2433166504,28107,28117,10
12.9813604355,80.2428436279,28117,28127,10
12.9813604355,80.2427978516,28127,28137,10
12.9813404083,80.2426071167,28137,28147,10
12.9813404083,80.2421264648,28147,28157,10
12.9813404083,80.2412490845,28157,28169,12
12.9813404083,80.2402267456,28169,28178,9
12.9813203812,80.2394104004,28178,28190,12
12.9812898636,80.2378997803,28190,28218,28
12.9812898636,80.2378997803,28218,28229,11
12.9812803268,80.2375335693,28229,28239,10
12.9812602997,80.2368011475,28239,28249,10
12.9812402725,80.2358322144,28249,28260,11
12.9812097549,80.2347183228,28260,28270,10
12.9814195633,80.2337722778,28270,28279,9
12.9816398621,80.2333068848,28279,28289,10
12.9816904068,80.2332305908,28289,28299,10
12.981880188,80.2328109741,28299,28311,12
12.9819898605,80.232093811,28311,28319,8
12.9819803238,80.2316207886,28319,28331,12
12.9817895889,80.2308578491,28331,28339,8
12.9814996719,80.2303314209,28339,28349,10
12.9810400009,80.229598999,28349,28361,12
12.9807796478,80.2292175293,28361,28369,8
12.9806900024,80.2291030884,28369,28382,13
12.9806604385,80.229057312,28382,28392,10
12.9805603027,80.2288818359,28392,28402,10
12.9803600311,80.2285385132,28402,28412,10
12.9801797867,80.2281188965,28412,28422,10
12.9798002243,80.2274780273,28422,28432,10
12.9793796539,80.2267913818,28432,28442,10
12.978890419,80.2259902954,28442,28452,10
12.9784097672,80.2251663208,28452,28462,10
12.9779996872,80.2245483398,28462,28472,10
12.9776096344,80.2239379883,28472,28483,11
12.9771604538,80.2232131958,28483,28493,10
12.9769601822,80.2228393555,28493,28503,10
12.9771900177,80.2226791382,28503,28523,20
12.9771900177,80.2226791382,28523,28533,10
12.9775104523,80.2226104736,28533,28543,10
12.9775400162,80.2222518921,28543,28553,10
12.977519989,80.2217636108,28553,28563,10
12.9774799347,80.221321106,28563,28573,10
12.9776496887,80.2212219238,28573,28584,11
12.9781999588,80.2211990356,28584,28594,10
12.979060173,80.2211532593,28594,28604,10
12.9798803329,80.2210693359,28604,28614,10
12.9806900024,80.220993042,28614,28624,10
12.9813604355,80.2211837769,28624,28634,10
12.9819498062,80.2215805054,28634,28644,10
12.9826097488,80.2218322754,28644,28654,10
12.9829998016,80.2219924927,28654,28664,10
12.9830198288,80.2220001221,28664,28674,10
12.9833297729,80.2221984863,28674,28685,11
12.9835996628,80.2223968506,28685,28695,10
12.9840803146,80.22265625,28695,28705,10
12.9844102859,80.2228622437,28705,28715,10
12.9849100113,80.2231674194,28715,28725,10
12.9854402542,80.2232971191,28725,28735,10
12.9859399796,80.2229919434,28735,28745,10
12.9864997864,80.2229690552,28745,28755,10
12.9865999222,80.2229690552,28755,28765,10
12.9869804382,80.2230300903,28765,28776,11
12.9873304367,80.2230682373,28776,28786,10
12.9879398346,80.2229690552,28786,28796,10
12.9886198044,80.2223892212,28796,28806,10
12.9891004562,80.2218017578,28806,28816,10
12.9895095825,80.2211990356,28816,28826,10
12.9901199341,80.2205276489,28826,28836,10
12.9904499054,80.2203216553,28836,28846,10
12.9907102585,80.2201309204,28846,28856,10
12.9912595749,80.2197189331,28856,28866,10
12.9919099808,80.2192001343,28866,28877,11
12.9928703308,80.2185592651,28877,28887,10
12.9936599731,80.2180404663,28887,28897,10
12.994310379,80.2175292969,28897,28907,10
12.9949598312,80.217048645,28907,28917,10
12.9957103729,80.2166824341,28917,28927,10
12.9966001511,80.2164764404,28927,28937,10
12.997209549,80.2163925171,28937,28947,10
12.9975099564,80.2160873413,28947,28957,10
12.997590065,80.2160415649,28957,28967,10
12.9979600906,80.2157287598,28967,28978,11
12.9985904694,80.2151870728,28978,28988,10
12.9991397858,80.2147369385,28988,28998,10
12.9994297028,80.2144775391,28998,29008,10
12.999879837,80.2140808105,29008,29018,10
13.0003900528,80.2136688232,29018,29028,10
13.0010404587,80.2131271362,29028,29038,10
13.001540184,80.2127304077,29038,29048,10
13.0021295547,80.2123184204,29048,29058,10
13.0027704239,80.2120819092,29058,29068,10
13.0034704208,80.2120437622,29068,29080,12
13.0037002563,80.2119979858,29080,29089,9
13.0039300919,80.2119598389,29089,29099,10
13.0044898987,80.2121887207,29099,29110,11
13.0051498413,80.2126617432,29110,29120,10
13.0059404373,80.212928772,29120,29130,10
13.006649971,80.2127380371,29130,29139,9
13.0072898865,80.2127914429,29139,29150,11
13.0077495575,80.212928772,29150,29159,9
13.0078001022,80.2129516602,29159,29169,10
13.0079803467,80.2131576538,29169,29180,11
13.0085897446,80.2134399414,29180,29190,10
13.0091104507,80.2141571045,29190,29201,11
13.0096797943,80.2149734497,29201,29210,9
13.0101203918,80.2155380249,29210,29220,10
13.0107097626,80.216293335,29220,29230,10
13.0110197067,80.2171707153,29230,29240,10
13.0114297867,80.2182617188,29240,29249,9
13.0119104385,80.219543457,29249,29260,11
13.0123796463,80.2208862305,29260,29270,10
13.0126895905,80.2217102051,29270,29282,12
13.0133695602,80.2225189209,29282,29292,10
13.013999939,80.2232589722,29292,29302,10
13.0143995285,80.2237472534,29302,29312,10
13.0147695541,80.2241668701,29312,29322,10
13.0153999329,80.2248687744,29322,29349,27
13.0153999329,80.2248687744,29349,29362,13
13.0157403946,80.2251968384,29362,29373,11
13.0163097382,80.2253570557,29373,29383,10
13.0170297623,80.2251586914,29383,29393,10
13.0179595947,80.2247772217,29393,29403,10
13.0188598633,80.2244186401,29403,29413,10
13.0197000504,80.2245178223,29413,29433,20
13.0197000504,80.2245178223,29433,29443,10
13.0199298859,80.2247085571,29443,29453,10
13.0204696655,80.2250671387,29453,29463,10
13.0211000443,80.2255096436,29463,29474,11
13.0218095779,80.2260131836,29474,29484,10
13.0220499039,80.2262268066,29484,29494,10
13.0225496292,80.2266693115,29494,29504,10
13.0232200623,80.2272720337,29504,29514,10
13.0238399506,80.2278518677,29514,29524,10
13.0243797302,80.2284622192,29524,29534,10
13.0248804092,80.2291488647,29534,29544,10
13.0255203247,80.2300033569,29544,29554,10
13.02602005,80.2309494019,29554,29564,10
13.0262699127,80.231338501,29564,29575,11
13.027179718,80.2311096191,29575,29585,10
13.0280895233,80.2309494019,29585,29595,10
13.028550148,80.2309112549,29595,29605,10
13.0291204453,80.2308425903,29605,29615,10
13.0295801163,80.230796814,29615,29625,10
13.0302600861,80.2307281494,29625,29635,10
13.0308599472,80.2306900024,29635,29645,10
13.0311803818,80.2306594849,29645,29655,10
13.0316801071,80.2306289673,29655,29665,10
13.0325298309,80.2305603027,29665,29675,10
13.034040451,80.2304534912,29675,29696,21
13.034040451,80.2304534912,29696,29706,10
13.0341796875,80.2304000854,29706,29716,10
13.0343599319,80.2304000854,29716,29726,10
13.0347795486,80.2302780151,29726,29736,10
13.0350503922,80.2300720215,29736,29746,10
13.0350704193,80.2298583984,29746,29756,10
13.0345802307,80.2297668457,29756,29807,51
13.0342102051,80.2299194336,29807,29827,20
13.0341796875,80.2300491333,29827,30707,880
13.0341796875,80.2300491333,30707,30717,10
13.0342102051,80.2303085327,30717,30859,142
12.9809799194,80.2463607788,30859,33009,2150
12.9809799194,80.2463607788,33009,33029,20
12.9808101654,80.2486801147,33029,33039,10
12.9807195663,80.249671936,33039,33049,10
12.9805402756,80.25050354,33049,33060,11
12.9802904129,80.251449585,33060,33070,10
12.9801397324,80.2521820068,33070,33080,10
12.9801101685,80.2523880005,33080,33090,10
12.9803600311,80.2526092529,33090,33100,10
12.9810495377,80.2526168823,33100,33110,10
12.9819402695,80.2526016235,33110,33120,10
12.9829797745,80.2525634766,33120,33130,10
12.9841804504,80.2523498535,33130,33140,10
12.9853096008,80.2520370483,33140,33150,10
12.9862003326,80.2518081665,33150,33160,10
12.9868602753,80.2516098022,33160,33171,11
12.9872303009,80.2514724731,33171,33181,10
12.987279892,80.251449585,33181,33191,10
12.9874897003,80.2513809204,33191,33201,10
12.9877700806,80.2513580322,33201,33211,10
12.9879798889,80.251701355,33211,33221,10
12.9880399704,80.2523422241,33221,33231,10
12.9879598618,80.253326416,33231,33241,10
12.987859726,80.2543334961,33241,33250,9
12.9877996445,80.2552490234,33250,33262,12
12.9876499176,80.256187439,33262,33272,10
12.9876203537,80.2567214966,33272,33282,10
12.9875402451,80.2573928833,33282,33292,10
12.9875097275,80.2581710815,33292,33302,10
12.9874401093,80.2589035034,33302,33312,10
12.9872903824,80.2594985962,33312,33383,71
12.9872903824,80.2594985962,33383,33393,10
12.9869804382,80.2595214844,33393,33403,10
12.9866895676,80.2594604492,33403,33413,10
12.9866199493,80.2591781616,33413,33423,10
12.9869298935,80.2590179443,33423,33909,486
12.9869298935,80.2590179443,33909,33919,10
12.9872398376,80.2591400146,33919,33929,10
12.9873600006,80.2589035034,33929,33939,10
12.9873895645,80.2584991455,33939,33949,10
12.9874200821,80.2578964233,33949,33960,11
12.9875097275,80.2569732666,33960,33970,10
12.9875402451,80.2561569214,33970,33980,10
12.9876203537,80.2556991577,33980,33990,10
12.9877099991,80.2550811768,33990,34000,10
12.9877195358,80.2548675537,34000,34010,10
12.9877500534,80.2545700073,34010,34020,10
12.9877901077,80.2538986206,34020,34030,10
12.9878501892,80.253036499,34030,34040,10
12.9879198074,80.2522201538,34040,34048,8
12.9878196716,80.2517776489,34048,34061,13
12.9875001907,80.2516326904,34061,34071,10
12.9867601395,80.2517471313,34071,34081,10
12.9857702255,80.2519836426,34081,34091,10
12.9846200943,80.2522888184,34091,34101,10
12.9834499359,80.252571106,34101,34110,9
12.9823102951,80.2526626587,34110,34123,13
12.9807100296,80.2527084351,34123,34133,10
12.9800195694,80.2527084351,34133,34143,10
12.9798698425,80.2524337769,34143,34154,11
12.9798898697,80.2523498535,34154,34164,10
12.9799499512,80.2521133423,34164,34174,10
12.9800796509,80.2516784668,34174,34184,10
12.9803304672,80.2509002686,34184,34194,10
12.9805803299,80.249961853,34194,34204,10
12.9807195663,80.2489776611,34204,34214,10
12.9808101654,80.2478713989,34214,34226,12
12.9809398651,80.2464675903,34226,34236,10
12.9811000824,80.2451934814,34236,34247,11
12.9812002182,80.2441482544,34247,34256,9
12.9812002182,80.2438201904,34256,34266,10
12.9813203812,80.2435531616,34266,34277,11
12.9813699722,80.2432022095,34277,34287,10
12.9813604355,80.2431335449,34287,34297,10
12.9813499451,80.2428512573,34297,34307,10
12.9813604355,80.2427368164,34307,34317,10
12.9813604355,80.2424316406,34317,34327,10
12.9813499451,80.2419967651,34327,34336,9
12.9813404083,80.241317749,34336,34347,11
12.9813404083,80.2403182983,34347,34359,12
12.981300354,80.2393798828,34359,34369,10
12.981300354,80.2386322021,34369,34379,10
12.9812803268,80.2382278442,34379,34387,8
12.9812803268,80.2380065918,34387,34399,12
12.9812898636,80.2378463745,34399,34409,10
12.9812498093,80.2372894287,34409,34417,8
12.9812402725,80.2366333008,34417,34429,12
12.9812002182,80.2356796265,34429,34439,10
12.981180191,80.2347564697,34439,34447,8
12.9812498093,80.2341537476,34447,34460,13
12.9815797806,80.2334136963,34460,34470,10
12.9816198349,80.2333526611,34470,34480,10
12.9817800522,80.233001709,34480,34490,10
12.9819498062,80.2324981689,34490,34500,10
12.9819698334,80.2320480347,34500,34510,10
12.9819402695,80.2315368652,34510,34520,10
12.9819097519,80.2311096191,34520,34530,10
12.9816904068,80.2305908203,34530,34540,10
12.9812898636,80.2299423218,34540,34549,9
12.9809503555,80.2294235229,34549,34560,11
12.9807701111,80.2291183472,34560,34571,11
12.9806995392,80.2289810181,34571,34581,10
12.9805402756,80.228729248,34581,34591,10
12.9803304672,80.2282562256,34591,34601,10
12.9800100327,80.2277374268,34601,34611,10
12.9795503616,80.2269973755,34611,34621,10
12.9791097641,80.2262573242,34621,34631,10
12.9786300659,80.2254180908,34631,34641,10
12.9782400131,80.2247619629,34641,34651,10
12.9778900146,80.2242202759,34651,34661,10
12.9775400162,80.2236022949,34661,34672,11
12.9771795273,80.2229919434,34672,34682,10
12.9770402908,80.2227401733,34682,34692,10
12.9771795273,80.2226791382,34692,34702,10
12.9774799347,80.22265625,34702,34712,10
12.9775495529,80.2223510742,34712,34722,10
12.977519989,80.2219314575,34722,34732,10
12.9774904251,80.2214202881,34732,34742,10
12.9775695801,80.221282959,34742,34752,10
12.9779901505,80.2212371826,34752,34763,11
12.9787797928,80.2211685181,34763,34773,10
12.9794902802,80.2211074829,34773,34783,10
12.980219841,80.2210693359,34783,34793,10
12.9808797836,80.2210083008,34793,34803,10
12.9812602997,80.2211074829,34803,34813,10
12.9815502167,80.221282959,34813,34823,10
12.9821996689,80.2217025757,34823,34864,41
12.9821996689,80.2217025757,34864,34874,10
12.982460022,80.2218322754,34874,34884,10
12.9826602936,80.2218933105,34884,34894,10
12.9826803207,80.2218933105,34894,34904,10
12.9828500748,80.2219467163,34904,34914,10
12.9829597473,80.2220001221,34914,34924,10
12.9831199646,80.2220916748,34924,34934,10
12.9834003448,80.2222518921,34934,34944,10
12.9836797714,80.2224273682,34944,34954,10
12.9839897156,80.222618103,34954,34964,10
12.9844799042,80.2229232788,34964,34975,11
12.9850702286,80.223197937,34975,34985,10
12.9854297638,80.2232589722,34985,34995,10
12.9856901169,80.2230300903,34995,35005,10
12.9863595963,80.2229614258,35005,35015,10
12.9865503311,80.2229614258,35015,35025,10
12.9867801666,80.2229766846,35025,35035,10
12.9872102737,80.2230529785,35035,35045,10
12.9873399734,80.2230606079,35045,35055,10
12.9876699448,80.2230834961,35055,35066,11
12.9883298874,80.2226791382,35066,35076,10
12.9889202118,80.2220993042,35076,35086,10
12.9894504547,80.2214736938,35086,35096,10
12.9900398254,80.2206878662,35096,35106,10
12.9905004501,80.2203292847,35106,35116,10
12.9906301498,80.2202377319,35116,35126,10
12.9910202026,80.2199478149,35126,35136,10
12.9914703369,80.2196121216,35136,35146,10
12.9919700623,80.2192230225,35146,35156,10
12.9926700592,80.2187271118,35156,35168,12
12.993519783,80.2181015015,35168,35176,8
12.9940795898,80.2177124023,35176,35186,10
12.9947395325,80.2172317505,35186,35198,12
12.9954900742,80.216758728,35198,35206,8
12.9961299896,80.2165679932,35206,35216,10
12.9969301224,80.216468811,35216,35228,12
12.9975404739,80.2161178589,35228,35247,19
12.9975404739,80.2161178589,35247,35257,10
12.9977197647,80.2159805298,35257,35267,10
12.9980602264,80.2156982422,35267,35277,10
12.9984502792,80.2153625488,35277,35287,10
12.9989204407,80.2149810791,35287,35297,10
12.9992103577,80.2147216797,35297,35307,10
12.9995603561,80.2143783569,35307,35317,10
12.9999599457,80.2140426636,35317,35327,10
13.0004301071,80.2136001587,35327,35337,10
13.0010004044,80.2131195068,35337,35347,10
13.0016002655,80.2126693726,35347,35358,11
13.0022602081,80.2122497559,35358,35370,12
13.0027999878,80.2120819092,35370,35380,10
13.0037498474,80.2119903564,35380,35407,27
13.0037498474,80.2119903564,35407,35420,13
13.0039701462,80.2119979858,35420,35430,10
13.0044603348,80.2121810913,35430,35440,10
13.0050096512,80.2125091553,35440,35450,10
13.0057697296,80.2128982544,35450,35461,11
13.0065803528,80.2127075195,35461,35471,10
13.0072603226,80.2127685547,35471,35481,10
13.0079097748,80.2130813599,35481,35511,30
13.0079097748,80.2130813599,35511,35521,10
13.0082597733,80.2133102417,35521,35531,10
13.0087404251,80.2136993408,35531,35541,10
13.0092697144,80.2143936157,35541,35550,9
13.0095796585,80.214881897,35550,35561,11
13.0099897385,80.2154006958,35561,35572,11
13.0105199814,80.2161102295,35572,35582,10
13.0108098984,80.2168807983,35582,35590,8
13.0111198425,80.2175827026,35590,35602,12
13.0115404129,80.2187805176,35602,35612,10
13.0118303299,80.2196578979,35612,35622,10
13.0121097565,80.2206420898,35622,35632,10
13.0124998093,80.2214584351,35632,35640,8
13.0128498077,80.2219772339,35640,35652,12
13.0135202408,80.2227783203,35652,35663,11
13.0140600204,80.2233810425,35663,35673,10
13.0143404007,80.2237091064,35673,35683,10
13.0145998001,80.2241287231,35683,35693,10
13.0150203705,80.224647522,35693,35703,10
13.0154800415,80.2249221802,35703,35723,20
13.0154800415,80.2249221802,35723,35733,10
13.0156297684,80.2250518799,35733,35743,10
13.0159196854,80.2253417969,35743,35753,10
13.016409874,80.2253799438,35753,35763,10
13.0169496536,80.2252197266,35763,35774,11
13.0178699493,80.2248535156,35774,35784,10
13.0187902451,80.2244720459,35784,35794,10
13.0196895599,80.2245330811,35794,35804,10
13.0203399658,80.2249679565,35804,35814,10
13.0207996368,80.2253112793,35814,35824,10
13.0209903717,80.2254486084,35824,35834,10
13.0212001801,80.2256393433,35834,35844,10
13.0215597153,80.2259216309,35844,35854,10
13.0219202042,80.2261581421,35854,35864,10
13.0219402313,80.2261734009,35864,35875,11
13.0220603943,80.2262878418,35875,35885,10
13.0224704742,80.2266235352,35885,35895,10
13.0230703354,80.2271575928,35895,35905,10
13.0236797333,80.2276992798,35905,35915,10
13.0241603851,80.2282028198,35915,35925,10
13.024430275,80.2285614014,35925,35935,10
13.0247802734,80.2290802002,35935,35945,10
13.0253400803,80.2297897339,35945,35955,10
13.0258197784,80.2305831909,35955,35965,10
13.02602005,80.2312011719,35965,35986,21
13.02602005,80.2312011719,35986,35996,10
13.0261297226,80.2313995361,35996,36006,10
13.0267295837,80.2312164307,36006,36016,10
13.0275497437,80.2310180664,36016,36026,10
13.0283403397,80.2309036255,36026,36035,9
13.0289297104,80.2308425903,36035,36047,12
13.0296802521,80.2307815552,36047,36057,10
13.0303602219,80.23072052,36057,36068,11
13.031080246,80.2306671143,36068,36077,9
13.0317296982,80.2306213379,36077,36087,10
13.0324802399,80.2305526733,36087,36097,10
13.0332698822,80.2304763794,36097,36108,11
13.0339603424,80.2304382324,36108,36138,30
13.0339603424,80.2304382324,36138,36148,10
13.0342502594,80.2304229736,36148,36159,11
13.0346698761,80.2303237915,36159,36168,9
13.0349597931,80.2301864624,36168,36178,10
13.0349903107,80.2301712036,36178,36188,10
13.0351295471,80.2299728394,36188,36220,32
13.0351295471,80.2299728394,36220,36228,8
13.0349197388,80.2297592163,36228,36238,10
13.0345802307,80.2297210693,36238,36351,113
13.0345802307,80.2297210693,36351,36361,10
13.0343399048,80.2297592163,36361,36503,142
13.0341701508,80.229850769,36503,36644,141
12.9840402603,80.2227096558,36644,38025,1381
12.9840402603,80.2227096558,38025,38045,20
12.9832296371,80.2222366333,38045,38055,10
12.9832000732,80.2222213745,38055,38065,10
12.982919693,80.222038269,38065,38075,10
12.9825401306,80.2218780518,38075,38085,10
12.9821796417,80.2217712402,38085,38095,10
12.9817304611,80.2214736938,38095,38105,10
12.9811601639,80.2211303711,38105,38115,10
12.9805202484,80.2211074829,38115,38126,11
12.97976017,80.2211532593,38126,38136,10
12.9790096283,80.2211685181,38136,38146,10
12.9781999588,80.2211837769,38146,38156,10
12.9775400162,80.221206665,38156,38166,10
12.9768199921,80.2212371826,38166,38176,10
12.9761600494,80.2212600708,38176,38186,10
12.9763698578,80.2217712402,38186,38217,31
12.9763698578,80.2217712402,38217,38227,10
12.9764604568,80.2219924927,38227,38237,10
12.9766902924,80.2224273682,38237,38247,10
12.9771099091,80.2230987549,38247,38257,10
12.9775800705,80.2238388062,38257,38267,10
12.9780597687,80.2245788574,38267,38277,10
12.9785003662,80.2252883911,38277,38287,10
12.9789800644,80.2260894775,38287,38297,10
12.97935009,80.2266769409,38297,38307,10
12.9793701172,80.2266998291,38307,38318,11
12.9795198441,80.2269363403,38318,38328,10
12.9796600342,80.2272186279,38328,38338,10
12.9800300598,80.2277832031,38338,38348,10
12.9804496765,80.2285003662,38348,38358,10
12.9808998108,80.2292785645,38358,38368,10
12.9814796448,80.2301712036,38368,38378,10
12.9817199707,80.2305603027,38378,38388,10
12.9817199707,80.2305908203,38388,38398,10
12.9818897247,80.2309875488,38398,38408,10
12.9820404053,80.2317581177,38408,38418,10
12.9819402695,80.232711792,38418,38429,11
12.9816303253,80.2334899902,38429,38439,10
12.9816102982,80.2335281372,38439,38449,10
12.9815397263,80.2336502075,38449,38459,10
12.9812602997,80.2341918945,38459,38469,10
12.981180191,80.2349014282,38469,38479,10
12.9812097549,80.2358093262,38479,38489,10
12.9812498093,80.2369003296,38489,38499,10
12.9812803268,80.2378005981,38499,38509,10
12.9813098907,80.2381591797,38509,38520,11
12.9813203812,80.2386932373,38520,38530,10
12.9813203812,80.2387313843,38530,38540,10
12.9813098907,80.2391891479,38540,38550,10
12.9813203812,80.2397994995,38550,38560,10
12.9813404083,80.2405395508,38560,38570,10
12.9813604355,80.2414703369,38570,38580,10
12.9813699722,80.242729187,38580,38600,20
12.9813699722,80.242729187,38600,38610,10
12.9813404083,80.2428512573,38610,38621,11
12.9813299179,80.2434387207,38621,38631,10
12.9812297821,80.2442321777,38631,38641,10
12.9811096191,80.2451934814,38641,38651,10
12.9809799194,80.2462692261,38651,38661,10
12.9808597565,80.2474822998,38661,38671,10
12.9807701111,80.2486190796,38671,38681,10
12.9806604385,80.2497177124,38681,38691,10
12.9804201126,80.2507476807,38691,38701,10
12.9801902771,80.251663208,38701,38711,10
12.980099678,80.2521820068,38711,38731,20
12.980099678,80.2521820068,38731,38741,10
12.980050087,80.2523574829,38741,38753,12
12.9804000854,80.2526092529,38753,38762,9
12.9810495377,80.2526016235,38762,38772,10
12.9820098877,80.2525482178,38772,38782,10
12.9832296371,80.2524719238,38782,38792,10
12.9845600128,80.2521591187,38792,38802,10
12.9857702255,80.2518386841,38802,38813,11
12.9867897034,80.2515792847,38813,38824,11
12.9877700806,80.2513504028,38824,38834,10
12.9880104065,80.2518386841,38834,38844,10
12.9880304337,80.251953125,38844,38854,10
12.9880304337,80.2523803711,38854,38862,8
12.9879398346,80.2530975342,38862,38872,10
12.987830162,80.2542419434,38872,38882,10
12.9877300262,80.2553100586,38882,38892,10
12.9876499176,80.2560195923,38892,38902,10
12.9876499176,80.2561721802,38902,38912,10
12.987660408,80.2562408447,38912,38925,13
12.9875802994,80.2567214966,38925,38935,10
12.9875202179,80.2573318481,38935,38945,10
12.9874601364,80.2581863403,38945,38955,10
12.9873800278,80.258972168,38955,38965,10
12.9871902466,80.2595977783,38965,39056,91
12.9868402481,80.2595825195,39056,39157,101
12.9865903854,80.2593078613,39157,40011,854
12.9865903854,80.2593078613,40011,40261,250
12.9874200821,80.257598877,40261,40271,10
12.9874601364,80.2570419312,40271,40281,10
12.9875001907,80.2563095093,40281,40372,91
12.9875001907,80.2563095093,40372,40382,10
12.9875497818,80.2559890747,40382,40392,10
12.9876203537,80.2556686401,40392,40402,10
12.9876899719,80.2552490234,40402,40412,10
12.9877195358,80.2548980713,40412,40422,10
12.9877099991,80.2548065186,40422,40432,10
12.9877595901,80.2542419434,40432,40442,10
12.9878396988,80.2533111572,40442,40452,10
12.9879102707,80.2522735596,40452,40463,11
12.9877796173,80.251701355,40463,40473,10
12.9877796173,80.2516937256,40473,40483,10
12.9876203537,80.2515182495,40483,40493,10
12.9869699478,80.2516098022,40493,40503,10
12.9860496521,80.2518463135,40503,40513,10
12.9849500656,80.2521362305,40513,40523,10
12.9836101532,80.2525100708,40523,40533,10
12.9821100235,80.2526702881,40533,40543,10
12.9807300568,80.2527084351,40543,40553,10
12.9799003601,80.2527236938,40553,40614,61
12.9799003601,80.2527236938,40614,40624,10
12.9798603058,80.2522888184,40624,40644,20
12.9798603058,80.2522888184,40644,40654,10
12.9798898697,80.2520599365,40654,40665,11
12.980050087,80.2516479492,40665,40675,10
12.9802799225,80.2509231567,40675,40685,10
12.980509758,80.25,40685,40695,10
12.9806804657,80.2489776611,40695,40705,10
12.9807796478,80.2477874756,40705,40715,10
12.9808998108,80.2464599609,40715,40725,10
12.9810495377,80.2451171875,40725,40735,10
12.9811401367,80.2441101074,40735,40745,10
12.9812202454,80.2436676025,40745,40755,10
12.9813203812,80.2433776855,40755,40766,11
12.9813203812,80.2428512573,40766,40776,10
12.9813299179,80.242767334,40776,40786,10
12.9813098907,80.2426528931,40786,40796,10
12.9813299179,80.2422485352,40796,40806,10
12.9813203812,80.2415618896,40806,40816,10
12.9813098907,80.2407073975,40816,40826,10
12.981300354,80.2398376465,40826,40836,10
12.9812698364,80.2390213013,40836,40846,10
12.9812402725,80.2378463745,40846,40867,21
12.9812402725,80.2378463745,40867,40877,10
12.9812297821,80.2375335693,40877,40887,10
12.9812097549,80.236907959,40887,40897,10
12.9811897278,80.2361221313,40897,40907,10
12.9811601639,80.2352676392,40907,40917,10
12.9811697006,80.2344207764,40917,40927,10
12.9814395905,80.2336730957,40927,40937,10
12.981590271,80.2333526611,40937,40947,10
12.9816303253,80.2332763672,40947,40957,10
12.9817800522,80.2329711914,40957,40967,10
12.9819297791,80.2324981689,40967,40977,10
12.9819498062,80.2320327759,40977,40988,11
12.9819202423,80.2314834595,40988,40999,11
12.9817304611,80.2308502197,40999,41009,10
12.9813995361,80.2302398682,41009,41018,9
12.9810400009,80.2296524048,41018,41028,10
12.980799675,80.2292785645,41028,41038,10
12.9805898666,80.2289581299,41038,41057,19
12.9805898666,80.2289581299,41057,41070,13
12.9804000854,80.2286834717,41070,41080,10
12.9802703857,80.2283477783,41080,41090,10
12.9800195694,80.2278823853,41090,41100,10
12.9795999527,80.227180481,41100,41108,8
12.9792900085,80.2266693115,41108,41120,12
12.9787797928,80.2258300781,41120,41130,10
12.9783601761,80.2250976563,41130,41140,10
12.9779100418,80.2245101929,41140,41148,8
12.9776000977,80.2239990234,41148,41158,10
12.9772100449,80.2232971191,41158,41171,13
12.9769697189,80.2228317261,41171,41181,10
12.9771499634,80.2226867676,41181,41191,10
12.9772195816,80.2226791382,41191,41201,10
12.9775104523,80.2226104736,41201,41211,10
12.9775104523,80.2221679688,41211,41221,10
12.9774904251,80.2216567993,41221,41231,10
12.9774799347,80.2213134766,41231,41241,10
12.9777498245,80.221206665,41241,41251,10
12.9782495499,80.2211380005,41251,41261,10
12.9789896011,80.2210769653,41261,41272,11
12.9796800613,80.2210617065,41272,41282,10
12.9804000854,80.2210235596,41282,41292,10
12.9810600281,80.2210617065,41292,41302,10
12.9818201065,80.2214813232,41302,41312,10
12.982049942,80.2216033936,41312,41322,10
12.9822702408,80.2216720581,41322,41332,10
12.9827098846,80.2218093872,41332,41342,10
12.9829397202,80.2219161987,41342,41352,10
12.9830703735,80.2220077515,41352,41362,10
12.9834604263,80.2222900391,41362,41373,11
12.9840602875,80.2226409912,41373,41383,10
12.9846200943,80.2229995728,41383,41393,10
12.9851903915,80.2232437134,41393,41403,10
12.985619545,80.2230377197,41403,41413,10
12.9864501953,80.2229537964,41413,41432,19
12.9864501953,80.2229537964,41432,41443,11
12.9866504669,80.2229385376,41443,41453,10
12.9870901108,80.2230300903,41453,41463,10
12.9873695374,80.2230529785,41463,41474,11
12.987950325,80.2228393555,41474,41484,10
12.988530159,80.2223510742,41484,41494,10
12.9890003204,80.2218322754,41494,41504,10
12.98939991,80.2213516235,41504,41514,10
12.9898300171,80.2207794189,41514,41524,10
12.9903202057,80.2203979492,41524,41534,10
12.9904098511,80.2203521729,41534,41544,10
12.9905996323,80.2202529907,41544,41554,10
12.9910202026,80.2198562622,41554,41575,21
12.9910202026,80.2198562622,41575,41585,10
12.9913301468,80.2197113037,41585,41595,10
12.9917201996,80.2193603516,41595,41605,10
12.9922800064,80.2189407349,41605,41615,10
12.9929704666,80.2184524536,41615,41625,10
12.9936504364,80.2179718018,41625,41635,10
12.9942798615,80.2175064087,41635,41645,10
12.9948101044,80.2171401978,41645,41655,10
12.9952697754,80.2168121338,41655,41665,10
12.995880127,80.2165527344,41665,41676,11
12.9966802597,80.2164077759,41676,41686,10
12.9971599579,80.2162704468,41686,41696,10
12.997420311,80.2161178589,41696,41706,10
12.9975204468,80.2160568237,41706,41716,10
12.9977998734,80.2158279419,41716,41726,10
12.9983301163,80.2153625488,41726,41736,10
12.9989404678,80.2148284912,41736,41746,10
12.999420166,80.2144622803,41746,41766,20
12.999420166,80.2144622803,41766,41777,11
12.9996500015,80.2142791748,41777,41787,10
13.0000495911,80.2139129639,41787,41797,10
13.0005598068,80.2134094238,41797,41807,10
13.0011196136,80.2129211426,41807,41817,10
13.0016403198,80.2125320435,41817,41827,10
13.0022001266,80.2121734619,41827,41837,10
13.002869606,80.2120437622,41837,41847,10
13.0035896301,80.2120437622,41847,41857,10
13.0040302277,80.2120666504,41857,41867,10
13.0046596527,80.2123413086,41867,41877,10
13.0053396225,80.2126998901,41877,41887,10
13.0060901642,80.2128219604,41887,41897,10
13.0067796707,80.2127304077,41897,41908,11
13.0078496933,80.2130508423,41908,41938,30
13.0078496933,80.2130508423,41938,41947,9
13.0081396103,80.2132415771,41947,41958,11
13.008649826,80.2135696411,41958,41969,11
13.0092096329,80.214302063,41969,41979,10
13.0096597672,80.2149810791,41979,41989,10
13.0100803375,80.2155685425,41989,41999,10
13.0106401443,80.2163314819,41999,42009,10
13.0109500885,80.2172164917,42009,42019,10
13.0113697052,80.2183227539,42019,42028,9
13.0117902756,80.2195510864,42028,42040,12
13.0122003555,80.220916748,42040,42049,9
13.0123300552,80.2213821411,42049,42059,10
13.0125598907,80.2216873169,42059,42069,10
13.0129804611,80.2222671509,42069,42081,12
13.0135002136,80.2228317261,42081,42091,10
13.0139598846,80.2234420776,42091,42101,10
13.0142402649,80.2238388062,42101,42111,10
13.014840126,80.2243728638,42111,42121,10
13.0149898529,80.2245788574,42121,42131,10
13.0152397156,80.2248077393,42131,42141,10
13.01541996,80.2249069214,42141,42151,10
13.0155897141,80.2250366211,42151,42171,20
13.0155897141,80.2250366211,42171,42182,11
13.0158596039,80.2253112793,42182,42192,10
13.0163297653,80.2253570557,42192,42202,10
13.0169401169,80.2251815796,42202,42212,10
13.0177297592,80.224861145,42212,42222,10
13.0186004639,80.2245025635,42222,42232,10
13.0195198059,80.2243804932,42232,42252,20
13.0195198059,80.2243804932,42252,42262,10
13.0197896957,80.2245864868,42262,42273,11
13.0203199387,80.2249832153,42273,42283,10
13.0209197998,80.2254333496,42283,42293,10
13.0215196609,80.2258911133,42293,42303,10
13.0219497681,80.2261962891,42303,42323,20
13.0219497681,80.2261962891,42323,42333,10
13.0221996307,80.2264633179,42333,42343,10
13.0227203369,80.2269134521,42343,42353,10
13.0233602524,80.2275085449,42353,42363,10
13.0239601135,80.2280578613,42363,42373,10
13.0243597031,80.2285079956,42373,42384,11
13.0248603821,80.2292175293,42384,42394,10
13.02546978,80.2300186157,42394,42404,10
13.0258598328,80.2307815552,42404,42414,10
13.0259895325,80.2312469482,42414,42424,10
13.0263700485,80.2312393188,42424,42434,10
13.0271701813,80.2310562134,42434,42444,10
13.0278997421,80.23097229,42444,42454,10
13.028169632,80.2309188843,42454,42463,9
13.0284795761,80.2308883667,42463,42474,11
13.0285100937,80.2308807373,42474,42485,11
13.0292901993,80.2308197021,42485,42535,50
13.0292901993,80.2308197021,42535,42545,10
13.0296697617,80.2307815552,42545,42555,10
13.030090332,80.2307510376,42555,42565,10
13.0304899216,80.2306976318,42565,42575,10
13.030790329,80.230682373,42575,42586,11
13.0311698914,80.2306594849,42586,42596,10
13.0315799713,80.2306137085,42596,42606,10
13.0321998596,80.2305831909,42606,42616,10
13.0328397751,80.2305297852,42616,42626,10
13.0335102081,80.2304916382,42626,42636,10
13.0339899063,80.2304763794,42636,42707,71
13.0339899063,80.2304763794,42707,42717,10
13.0342903137,80.2304000854,42717,42727,10
13.0345201492,80.2303619385,42727,42737,10
13.034819603,80.2302932739,42737,42747,10
13.0349798203,80.230178833,42747,42757,10
13.0350799561,80.2300033569,42757,42767,10
13.0346097946,80.2298431396,42767,42848,81
13.0343599319,80.2297821045,42848,43112,264
13.0341901779,80.2301330566,43112,43465,353
13.0341901779,80.2301330566,43465,43475,10
13.0340995789,80.2304916382,43475,43485,10
13.0338897705,80.2304611206,43485,43496,11
13.0337600708,80.2304763794,43496,43506,10
13.0334300995,80.230506897,43506,43516,10
13.0328798294,80.2305679321,43516,43526,10
13.0323801041,80.2306137085,43526,43536,10
13.0317401886,80.2306594849,43536,43546,10
13.0310096741,80.2307128906,43546,43556,10
13.0307102203,80.2307434082,43556,43566,10
13.0300397873,80.230796814,43566,43617,51
13.0300397873,80.230796814,43617,43627,10
13.029540062,80.2308502197,43627,43637,10
13.0289201736,80.2309036255,43637,43647,10
13.0280504227,80.2310028076,43647,43656,9
13.0277299881,80.2310562134,43656,43667,11
13.0277204514,80.2316131592,43667,43677,10
13.0277299881,80.2319717407,43677,43687,10
13.0278501511,80.2325820923,43687,43698,11
13.0274896622,80.2328491211,43698,43708,10
13.026889801,80.2329788208,43708,43718,10
13.0264997482,80.2329788208,43718,43728,10
13.0262203217,80.2323379517,43728,43738,10
13.0259799957,80.2313690186,43738,43748,10
13.0255098343,80.2301864624,43748,43758,10
13.0248003006,80.2292480469,43758,43768,10
13.0242500305,80.2285690308,43768,43778,10
13.0238399506,80.2281112671,43778,43788,10
13.0235300064,80.2277984619,43788,43799,11
13.0230398178,80.227432251,43799,43829,30
13.0230398178,80.227432251,43829,43839,10
13.022769928,80.2272567749,43839,43849,10
13.0225896835,80.2269668579,43849,43859,10
13.022310257,80.2266464233,43859,43869,10
13.021900177,80.226272583,43869,43879,10
13.0213699341,80.2258529663,43879,43889,10
13.0207395554,80.2253875732,43889,43899,10
13.0199298859,80.2248764038,43899,43919,20
13.0199298859,80.2248764038,43919,43930,11
13.0198297501,80.2248382568,43930,43940,10
13.0196399689,80.2247009277,43940,43950,10
13.0193004608,80.2245483398,43950,43960,10
13.0187196732,80.2245635986,43960,43970,10
13.0180196762,80.2248535156,43970,43980,10
13.0172796249,80.2251434326,43980,43990,10
13.0166797638,80.2253875732,43990,44000,10
13.0161895752,80.2255706787,44000,44010,10
13.0157804489,80.2257003784,44010,44022,12
13.0152797699,80.2258911133,44022,44032,10
13.0147695541,80.2260971069,44032,44080,48
13.0147695541,80.2260971069,44080,44090,10
13.0146799088,80.2261199951,44090,44103,13
13.0141000748,80.226348877,44103,44113,10
13.0133895874,80.2266082764,44113,44123,10
13.012550354,80.2269363403,44123,44133,10
13.0116195679,80.2272796631,44133,44143,10
13.0106601715,80.2276535034,44143,44153,10
13.0098600388,80.2279510498,44153,44163,10
13.0095396042,80.2275390625,44163,44173,10
13.0098304749,80.2268981934,44173,44183,10
13.0102100372,80.2260818481,44183,44193,10
13.0105304718,80.2253799438,44193,44204,11
13.0108299255,80.2247390747,44204,44214,10
13.0110702515,80.2240371704,44214,44224,10
13.0112304688,80.2235412598,44224,44234,10
13.0114603043,80.2230224609,44234,44244,10
13.0117301941,80.2223434448,44244,44254,10
13.0120000839,80.2215881348,44254,44264,10
13.0121097565,80.2209320068,44264,44274,10
13.0118303299,80.2200775146,44274,44284,10
13.0115604401,80.2191925049,44284,44294,10
13.0112895966,80.2183990479,44294,44305,11
13.0109701157,80.2175827026,44305,44315,10
13.0107002258,80.2169418335,44315,44325,10
13.0104703903,80.2164535522,44325,44335,10
13.0101604462,80.216003418,44335,44345,10
13.0098600388,80.2153396606,44345,44355,10
13.0094604492,80.2147598267,44355,44365,10
13.0089797974,80.2141418457,44365,44375,10
13.0087604523,80.2138519287,44375,44395,20
13.0087604523,80.2138519287,44395,44406,11
13.0086603165,80.2137298584,44406,44416,10
13.0086202621,80.2136993408,44416,44426,10
13.0084695816,80.2135391235,44426,44446,20
13.0084695816,80.2135391235,44446,44456,10
13.0083703995,80.2134628296,44456,44466,10
13.0079898834,80.2132720947,44466,44486,20
13.0079898834,80.2132720947,44486,44496,10
13.0077400208,80.2130737305,44496,44507,11
13.0073795319,80.2128677368,44507,44517,10
13.0069799423,80.2127990723,44517,44527,10
13.0064201355,80.2128295898,44527,44537,10
13.0057601929,80.2129898071,44537,44545,8
13.00522995,80.2126693726,44545,44557,12
13.0045404434,80.2123184204,44557,44567,10
13.0038700104,80.2121582031,44567,44577,10
13.003279686,80.2121582031,44577,44587,10
13.0026397705,80.2121582031,44587,44597,10
13.0021896362,80.212348938,44597,44608,11
13.0017995834,80.2125701904,44608,44618,10
13.0011301041,80.2130737305,44618,44628,10
13.00041008,80.2136306763,44628,44638,10
12.9998397827,80.2141418457,44638,44648,10
12.9994802475,80.2144622803,44648,44658,10
12.9991102219,80.2147979736,44658,44668,10
12.9987802505,80.215057373,44668,44678,10
12.9980802536,80.2156219482,44678,44688,10
12.9974803925,80.216178894,44688,44698,10
12.9973602295,80.2163162231,44698,44709,11
12.9971904755,80.2164993286,44709,44719,10
12.9968996048,80.2165298462,44719,44729,10
12.9961900711,80.2166519165,44729,44739,10
12.9955997467,80.2168121338,44739,44749,10
12.9952402115,80.2169723511,44749,44759,10
12.9949798584,80.2171325684,44759,44769,10
12.9946298599,80.2173690796,44769,44779,10
12.9942903519,80.217628479,44779,44789,10
12.9940099716,80.2178421021,44789,44799,10
12.9934797287,80.2182388306,44799,44809,10
12.9928102493,80.2186965942,44809,44819,10
12.992099762,80.2192230225,44819,44829,10
12.9917097092,80.2194976807,44829,44839,10
12.9915399551,80.219619751,44839,44849,10
12.9910202026,80.2199707031,44849,44859,10
12.9907798767,80.2201766968,44859,44870,11
12.9905700684,80.2203292847,44870,44880,10
12.9900398254,80.2207870483,44880,44890,10
12.9893703461,80.2214813232,44890,44901,11
12.9886302948,80.2223510742,44901,44910,9
12.9879999161,80.222869873,44910,44922,12
12.9877004623,80.2230911255,44922,44934,12
12.9875802994,80.2231063843,44934,44944,10
12.9872503281,80.2230987549,44944,44954,10
12.9868803024,80.2230300903,44954,44964,10
12.9864902496,80.2229995728,44964,44974,10
12.9857397079,80.2230834961,44974,44984,10
12.9853000641,80.2232818604,44984,44994,10
12.9847803116,80.2230987549,44994,45004,10
12.9842395782,80.2227783203,45004,45015,11
12.9837999344,80.2225494385,45015,45025,10
12.9834499359,80.2223510742,45025,45035,10
12.9832000732,80.2221984863,45035,45045,10
12.9831104279,80.22215271,45045,45055,10
12.9827299118,80.2219390869,45055,45065,10
12.9821596146,80.2217330933,45065,45075,10
12.9816102982,80.2213821411,45075,45085,10
12.9809103012,80.2211532593,45085,45095,10
12.9801197052,80.2211608887,45095,45105,10
12.9791603088,80.2211914063,45105,45116,11
12.9781198502,80.2212295532,45116,45126,10
12.977230072,80.2212524414,45126,45136,10
12.9764003754,80.2212295532,45136,45146,10
12.9761400223,80.2215499878,45146,45166,20
12.9761400223,80.2215499878,45166,45176,10
12.9760904312,80.2216110229,45176,45186,10
12.976269722,80.2218170166,45186,45196,10
12.9765100479,80.2222671509,45196,45206,10
12.9769697189,80.2229995728,45206,45217,11
12.9775800705,80.2239532471,45217,45227,10
12.9781599045,80.2248535156,45227,45237,10
12.9787397385,80.2258377075,45237,45247,10
12.9792404175,80.2266387939,45247,45257,10
12.9797201157,80.2274017334,45257,45267,10
12.9802103043,80.2282333374,45267,45277,10
12.980629921,80.2289810181,45277,45287,10
12.9810199738,80.229598999,45287,45297,10
12.9813499451,80.2301101685,45297,45307,10
12.9815502167,80.2303924561,45307,45318,11
12.9815702438,80.2304611206,45318,45328,10
12.9817800522,80.2308578491,45328,45338,10
12.9819698334,80.2315979004,45338,45348,10
12.9819898605,80.2323074341,45348,45358,10
12.9816703796,80.2333374023,45358,45378,20
12.9816703796,80.2333374023,45378,45388,10
12.9815301895,80.2335968018,45388,45398,10
12.9812602997,80.2341537476,45398,45408,10
12.9811601639,80.2349090576,45408,45419,11
12.9812002182,80.2358322144,45419,45429,10
12.9812297821,80.2367172241,45429,45439,10
12.9812698364,80.2376480103,45439,45449,10
12.9812803268,80.2385864258,45449,45469,20
12.9812803268,80.2385864258,45469,45479,10
12.9812898636,80.2388381958,45479,45489,10
12.981300354,80.2394638062,45489,45499,10
12.9813203812,80.2401809692,45499,45510,11
12.9813299179,80.2411499023,45510,45520,10
12.9813203812,80.2419433594,45520,45530,10
12.9813404083,80.2425994873,45530,45540,10
12.9813203812,80.2427902222,45540,45550,10
12.981300354,80.2428817749,45550,45561,11
12.9813098907,80.2434234619,45561,45571,10
12.9812202454,80.2442398071,45571,45581,10
12.9810800552,80.2452926636,45581,45591,10
12.9809303284,80.2465667725,45591,45601,10
12.9808101654,80.2480773926,45601,45611,10
12.9806995392,80.2494125366,45611,45621,10
12.9804496765,80.2506332397,45621,45631,10
12.9801797867,80.2517623901,45631,45641,10
12.9800901413,80.2522506714,45641,45651,10
12.9800701141,80.2523574829,45651,45661,10
12.9801902771,80.252571106,45661,45671,10
12.9807596207,80.2526321411,45671,45681,10
12.9817304611,80.2526016235,45681,45692,11
12.983130455,80.2525405884,45692,45701,9
12.9844398499,80.252243042,45701,45711,10
12.9857597351,80.2518920898,45711,45724,13
12.9877004623,80.2513809204,45724,45835,111
12.9877004623,80.2513809204,45835,45845,10
12.9880304337,80.2517166138,45845,45855,10
12.9880895615,80.2523422241,45855,45865,10
12.9879798889,80.253288269,45865,45875,10
12.9878797531,80.2542419434,45875,45885,10
12.9877796173,80.2551727295,45885,45895,10
12.9876899719,80.2557601929,45895,45905,10
12.9876098633,80.2560501099,45905,45915,10
12.9875802994,80.2562179565,45915,45926,11
12.9874801636,80.2568435669,45926,45936,10
12.9873800278,80.2575836182,45936,45946,10
12.9873304367,80.2583999634,45946,45956,10
12.9872398376,80.2589416504,45956,45976,20
12.9872398376,80.2589416504,45976,45986,10
12.987159729,80.259262085,45986,46097,111
12.987159729,80.259262085,46097,46107,10
12.9873199463,80.2595062256,46107,46117,10
12.9872903824,80.2596130371,46117,46128,11
12.9871501923,80.2596511841,46128,46178,50
12.9871501923,80.2596511841,46178,46188,10
12.9867801666,80.2595367432,46188,46239,51
12.9867801666,80.2595367432,46239,46249,10
12.9865999222,80.2595367432,46249,46259,10
12.9865598679,80.259147644,46259,46299,40
12.9865598679,80.259147644,46299,46309,10
12.9868297577,80.2590866089,46309,46350,41
12.9868297577,80.2590866089,46350,46360,10
12.9870796204,80.2591629028,46360,46441,81
12.9870796204,80.2591629028,46441,46451,10
12.9873695374,80.258972168,46451,46461,10
12.9873199463,80.2588195801,46461,46471,10
12.9873199463,80.2585220337,46471,46481,10
12.9873399734,80.2580718994,46481,46491,10
12.9874200821,80.2575073242,46491,46501,10
12.9875097275,80.2566299438,46501,46521,20
12.9875097275,80.2566299438,46521,46531,10
12.987569809,80.256401062,46531,46542,11
12.9876003265,80.2560577393,46542,46552,10
12.9876804352,80.2556686401,46552,46561,9
12.9877099991,80.2548370361,46561,46582,21
12.9877099991,80.2548370361,46582,46592,10
12.9877595901,80.2545623779,46592,46602,10
12.9878196716,80.2539901733,46602,46611,9
12.9878902435,80.2533187866,46611,46622,11
12.987950325,80.2523422241,46622,46632,10
12.987830162,80.2518005371,46632,46644,12
12.987830162,80.2517929077,46644,46654,10
12.9878396988,80.2517089844,46654,46664,10
12.9875297546,80.2515869141,46664,46674,10
12.987039566,80.251663208,46674,46684,10
12.9864702225,80.2518081665,46684,46694,10
12.9856996536,80.2519989014,46694,46704,10
12.9847898483,80.252243042,46704,46714,10
12.983830452,80.2524871826,46714,46724,10
12.98279953,80.2526626587,46724,46734,10
12.9817199707,80.2526931763,46734,46745,11
12.9807195663,80.2527236938,46745,46755,10
12.9800701141,80.2527236938,46755,46765,10
12.9798498154,80.2524871826,46765,46775,10
12.9798698425,80.2523574829,46775,46785,10
12.9798898697,80.2522888184,46785,46795,10
12.9799499512,80.2520980835,46795,46805,10
12.9800596237,80.2517089844,46805,46815,10
12.9802503586,80.2510223389,46815,46825,10
12.9804601669,80.2502670288,46825,46835,10
12.9806604385,80.2494125366,46835,46846,11
12.9807701111,80.2482376099,46846,46856,10
12.9808702469,80.2470626831,46856,46866,10
12.9810199738,80.2456665039,46866,46876,10
12.9811496735,80.2444763184,46876,46886,10
12.9811897278,80.2437973022,46886,46896,10
12.9813098907,80.243522644,46896,46906,10
12.9813299179,80.2431106567,46906,46916,10
12.9813299179,80.2430801392,46916,46926,10
12.9813699722,80.2429428101,46926,46936,10
12.9813699722,80.2425537109,46936,46947,11
12.9813604355,80.2419128418,46947,46957,10
12.9813499451,80.2411804199,46957,46967,10
12.9813499451,80.2404937744,46967,46977,10
12.9813499451,80.2398376465,46977,46987,10
12.9813299179,80.2394790649,46987,46997,10
12.9813203812,80.238822937,46997,47007,10
12.981300354,80.2379608154,47007,47027,20
12.981300354,80.2379608154,47027,47037,10
12.9812803268,80.2376098633,47037,47048,11
12.9812803268,80.2368392944,47048,47058,10
12.9812402725,80.2359237671,47058,47068,10
12.9812097549,80.2349395752,47068,47078,10
12.9813299179,80.2340011597,47078,47088,10
12.9815702438,80.2334823608,47088,47098,10
12.9816198349,80.2333908081,47098,47108,10
12.9816703796,80.2333221436,47108,47118,10
12.9818201065,80.2329711914,47118,47128,10
12.9819898605,80.2324066162,47128,47138,10
12.9819602966,80.231880188,47138,47149,11
12.9819498062,80.2313079834,47149,47157,8
12.9818201065,80.2309112549,47157,47169,12
12.9814796448,80.2303009033,47169,47179,10
12.9810600281,80.2296066284,47179,47189,10
12.9807796478,80.2291717529,47189,47199,10
12.9806098938,80.2289123535,47199,47219,20
12.9806098938,80.2289123535,47219,47229,10
12.9804801941,80.2286224365,47229,47239,10
12.9803199768,80.2282714844,47239,47250,11
12.9800596237,80.2278137207,47250,47260,10
12.9797000885,80.2272415161,47260,47270,10
12.9792995453,80.2265777588,47270,47280,10
12.9788799286,80.2258834839,47280,47290,10
12.9785003662,80.2252197266,47290,47300,10
12.9781599045,80.2246704102,47300,47310,10
12.9778795242,80.2243423462,47310,47320,10
12.9775495529,80.223777771,47320,47330,10
12.9771499634,80.2231292725,47330,47340,10
12.976940155,80.2227706909,47340,47351,11
12.9769296646,80.2227630615,47351,47361,10
12.9770002365,80.22265625,47361,47371,10
12.9771900177,80.2226486206,47371,47391,20
12.9771900177,80.2226486206,47391,47401,10
12.9774599075,80.2225799561,47401,47411,10
12.9774503708,80.2222671509,47411,47421,10
12.977399826,80.221786499,47421,47431,10
12.9774103165,80.2212982178,47431,47441,10
12.9777402878,80.2212295532,47441,47451,10
12.9781703949,80.2211685181,47451,47461,10
12.9788999557,80.2211303711,47461,47471,10
12.9797496796,80.2210769653,47471,47481,10
12.9806003571,80.2210006714,47481,47491,10
12.9810495377,80.2210769653,47491,47501,10
12.9813404083,80.2211837769,47501,47511,10
12.9816703796,80.2213973999,47511,47522,11
12.9820404053,80.2216491699,47522,47532,10
12.9826202393,80.2218322754,47532,47552,20
12.9826202393,80.2218322754,47552,47562,10
12.9828596115,80.2219161987,47562,47572,10
12.9831695557,80.2220993042,47572,47582,10
12.983590126,80.2223892212,47582,47592,10
12.9839200974,80.2225723267,47592,47602,10
12.9842996597,80.2228088379,47602,47612,10
12.9847803116,80.2230606079,47612,47622,10
12.985250473,80.2232208252,47622,47633,11
12.9856500626,80.2229690552,47633,47642,9
12.9861297607,80.22290802,47642,47655,13
12.9863004684,80.2229232788,47655,47665,10
12.9864797592,80.2229690552,47665,47675,10
12.9867601395,80.2229919434,47675,47685,10
12.9869403839,80.2230224609,47685,47695,10
12.9871997833,80.2230529785,47695,47705,10
12.9877300262,80.2229766846,47705,47715,10
12.988360405,80.2225723267,47715,47725,10
12.9889698029,80.2219390869,47725,47735,10
12.9894800186,80.2212600708,47735,47745,10
12.9901103973,80.2205581665,47745,47756,11
12.9904699326,80.2202835083,47756,47766,10
12.9906597137,80.2201690674,47766,47776,10
12.9913597107,80.219619751,47776,47806,30
12.9913597107,80.219619751,47806,47816,10
12.9915895462,80.2194137573,47816,47826,10
12.9919900894,80.2191467285,47826,47836,10
12.9925298691,80.2187805176,47836,47846,10
12.9931602478,80.2182998657,47846,47857,11
12.9938697815,80.2177810669,47857,47867,10
12.9944000244,80.2174072266,47867,47877,10
12.9948101044,80.2171173096,47877,47887,10
12.9952402115,80.2168502808,47887,47897,10
12.9959697723,80.2165908813,47897,47907,10
12.9967298508,80.2164764404,47907,47917,10
12.9974498749,80.2161178589,47917,47958,41
12.9974498749,80.2161178589,47958,47968,10
12.9978103638,80.2157974243,47968,47978,10
12.9981603622,80.2154083252,47978,47988,10
12.9987602234,80.2149887085,47988,47998,10
12.9991197586,80.2146682739,47998,48008,10
12.999420166,80.2144165039,48008,48018,10
12.9998397827,80.2140808105,48018,48028,10
13.000289917,80.2136917114,48028,48038,10
13.0007896423,80.2132415771,48038,48048,10
13.0013303757,80.2128295898,48048,48059,11
13.0019903183,80.2123794556,48059,48069,10
13.0025997162,80.2121429443,48069,48079,10
13.0031499863,80.2120819092,48079,48089,10
13.0037097931,80.2120132446,48089,48099,10
13.0043697357,80.2121810913,48099,48109,10
13.0049495697,80.2125396729,48109,48119,10
13.005610466,80.212890625,48119,48129,10
13.0062503815,80.2127532959,48129,48139,10
13.0068798065,80.2127304077,48139,48149,10
13.0069999695,80.2127532959,48149,48160,11
13.007349968,80.2127685547,48160,48170,10
13.0078496933,80.2130966187,48170,48210,40
13.0078496933,80.2130966187,48210,48220,10
13.0080795288,80.2132034302,48220,48230,10
13.0084199905,80.2133407593,48230,48240,10
13.0088100433,80.2138137817,48240,48251,11
13.0093002319,80.2144470215,48251,48261,10
13.0096302032,80.2149505615,48261,48271,10
13.0099401474,80.2153625488,48271,48281,10
13.0103597641,80.2158737183,48281,48291,10
13.0107002258,80.216506958,48291,48301,10
13.0109195709,80.2171401978,48301,48311,10
13.0112695694,80.2179718018,48311,48321,10
13.0116100311,80.218963623,48321,48331,10
13.0119800568,80.2200393677,48331,48341,10
13.0123300552,80.2209701538,48341,48351,10
13.0127000809,80.2215805054,48351,48362,11
13.0131797791,80.2223129272,48362,48372,10
13.0136699677,80.2229232788,48372,48382,10
13.0140600204,80.223449707,48382,48392,10
13.0144701004,80.2238464355,48392,48402,10
13.014840126,80.2243728638,48402,48412,10
13.0151796341,80.2247619629,48412,48422,10
13.0155200958,80.2249908447,48422,48432,10
13.0155897141,80.2250823975,48432,48442,10
13.0157203674,80.225189209,48442,48452,10
13.0161800385,80.2253417969,48452,48462,10
13.0167999268,80.2252120972,48462,48472,10
13.0176000595,80.2248764038,48472,48482,10
13.0184803009,80.2245330811,48482,48492,10
13.0192298889,80.2243423462,48492,48503,11
13.0195503235,80.2244110107,48503,48513,10
13.0197401047,80.2245178223,48513,48523,10
13.0200996399,80.224822998,48523,48533,10
13.0207700729,80.2252883911,48533,48543,10
13.0214796066,80.2258377075,48543,48553,10
13.0219202042,80.2261505127,48553,48563,10
13.0219402313,80.2261734009,48563,48573,10
13.022190094,80.2263793945,48573,48583,10
13.0225496292,80.2267227173,48583,48593,10
13.0230903625,80.2272033691,48593,48603,10
13.0237102509,80.2277526855,48603,48613,10
13.0241603851,80.2282028198,48613,48623,10
13.0245599747,80.228729248,48623,48633,10
13.0249795914,80.2293167114,48633,48643,10
13.0254802704,80.2299728394,48643,48653,10
13.0258398056,80.2306137085,48653,48666,13
13.025970459,80.2310180664,48666,48676,10
13.0259799957,80.2311935425,48676,48686,10
13.0261802673,80.231300354,48686,48696,10
13.0267000198,80.2311477661,48696,48706,10
13.0275096893,80.2309875488,48706,48716,10
13.0283403397,80.2308425903,48716,48724,8
13.0285396576,80.2308197021,48724,48736,12
13.0287303925,80.230796814,48736,48746,10
13.029129982,80.2307891846,48746,48756,10
13.029589653,80.230758667,48756,48767,11
13.0303497314,80.2306900024,48767,48787,20
13.0303497314,80.2306900024,48787,48797,10
13.0305404663,80.2306900024,48797,48807,10
13.0309896469,80.2306594849,48807,48817,10
13.0315303802,80.2306213379,48817,48827,10
13.0319795609,80.2305679321,48827,48837,10
13.032500267,80.2305374146,48837,48846,9
13.0331697464,80.2304763794,48846,48858,12
13.0337696075,80.2304534912,48858,48910,52
13.0338497162,80.2303771973,48910,48930,20
13.0338497162,80.2303771973,48930,48940,10
13.034119606,80.2303771973,48940,48950,10
13.0341501236,80.2303771973,48950,48960,10
13.0343503952,80.2303237915,48960,48971,11
13.0345697403,80.2302932739,48971,49011,40
13.0349397659,80.2301712036,49011,49031,20
13.0349397659,80.2301712036,49031,49041,10
13.0349998474,80.2303085327,49041,49051,10
13.0347003937,80.2303009033,49051,49061,10
13.0343399048,80.2304000854,49061,49072,11
13.0339803696,80.2304611206,49072,49082,10
13.0334596634,80.23046875,49082,49092,10
13.0330400467,80.23046875,49092,49102,10
13.0326595306,80.2304916382,49102,49112,10
13.0322799683,80.2305526733,49112,49122,10
13.0318098068,80.2306213379,49122,49132,10
13.0314798355,80.2306289673,49132,49142,10
13.0311899185,80.2306518555,49142,49152,10
13.0310497284,80.2306594849,49152,49162,10
13.0307998657,80.230682373,49162,49172,10
13.0305299759,80.2307128906,49172,49182,10
13.030090332,80.2307510376,49182,49193,11
13.0295600891,80.2308273315,49193,49202,9
13.0289802551,80.2308807373,49202,49213,11
13.0282897949,80.2309036255,49213,49223,10
13.0278196335,80.2309494019,49223,49233,10
13.0277004242,80.2312469482,49233,49243,10
13.0277500153,80.2316970825,49243,49253,10
13.0277700424,80.2320632935,49253,49264,11
13.027879715,80.2326126099,49264,49274,10
13.0277004242,80.2327804565,49274,49284,10
13.0273103714,80.2328567505,49284,49294,10
13.0269403458,80.2329177856,49294,49314,20
13.0269403458,80.2329177856,49314,49323,9
13.0266304016,80.2330093384,49323,49334,11
13.0263299942,80.2327728271,49334,49344,10
13.0262098312,80.2324066162,49344,49354,10
13.0260896683,80.2319488525,49354,49364,10
13.0259599686,80.2315826416,49364,49374,10
13.0259599686,80.2315597534,49374,49386,12
13.0258598328,80.2311706543,49386,49396,10
13.0256595612,80.2305831909,49396,49406,10
13.0253000259,80.2299575806,49406,49416,10
13.0249004364,80.2294235229,49416,49426,10
13.0245704651,80.2289810181,49426,49436,10
13.0242004395,80.228477478,49436,49446,10
13.0237798691,80.2279281616,49446,49456,10
13.0232095718,80.2273788452,49456,49467,11
13.0225696564,80.2267990112,49467,49477,10
13.0220603943,80.226348877,49477,49487,10
13.0215797424,80.2259597778,49487,49497,10
13.0210599899,80.2255706787,49497,49507,10
13.0204200745,80.2251205444,49507,49517,10
13.0198898315,80.2247695923,49517,49547,30
13.0198898315,80.2247695923,49547,49557,10
13.0198297501,80.2247390747,49557,49567,10
13.0194797516,80.2245788574,49567,49578,11
13.0188398361,80.2245101929,49578,49588,10
13.0181999207,80.2247467041,49588,49598,10
13.017539978,80.2250137329,49598,49608,10
13.0169200897,80.2252578735,49608,49618,10
13.0165195465,80.2254180908,49618,49628,10
13.0162096024,80.2255172729,49628,49638,10
13.0158004761,80.2256698608,49638,49648,10
13.0150899887,80.2259063721,49648,49679,31
13.0150899887,80.2259063721,49679,49689,10
13.0149002075,80.2259902954,49689,49699,10
13.0146598816,80.2260513306,49699,49709,10
13.0142498016,80.2261734009,49709,49749,40
13.0142498016,80.2261734009,49749,49759,10
13.014169693,80.226020813,49759,49769,10
13.014169693,80.2258911133,49769,49780,11
13.014380455,80.2257385254,49780,49790,10
13.0145797729,80.2254714966,49790,49800,10
13.0141496658,80.2255401611,49800,50002,202
13.0141496658,80.2255401611,50002,50012,10
13.0142202377,80.2258834839,50012,50022,10
13.0142097473,80.2261123657,50022,50032,10
13.0141897202,80.2262268066,50032,50042,10
13.0137901306,80.2263870239,50042,50052,10
13.0132303238,80.2266082764,50052,50062,10
13.0125198364,80.2269134521,50062,50073,11
13.0117197037,80.2272415161,50073,50083,10
13.0107698441,80.2276000977,50083,50093,10
13.0098896027,80.2279205322,50093,50103,10
13.0095396042,80.2275466919,50103,50113,10
13.0098104477,80.2269363403,50113,50123,10
13.0101995468,80.2260818481,50123,50133,10
13.0106697083,80.2250289917,50133,50143,10
13.0110502243,80.224067688,50143,50153,10
13.011300087,80.2234115601,50153,50163,10
13.011300087,80.2233886719,50163,50173,10
13.011300087,80.2232818604,50173,50183,10
13.0115299225,80.2232666016,50183,50193,10
13.0120601654,80.2235870361,50193,50203,10
13.0127296448,80.2239303589,50203,50213,10
13.0134897232,80.2242584229,50213,50223,10
13.0141296387,80.2246627808,50223,50233,10
13.0146903992,80.2249908447,50233,50264,31
13.0146903992,80.2249908447,50264,50274,10
13.0149803162,80.2251586914,50274,50294,20
13.0149803162,80.2251586914,50294,50304,10
13.0151195526,80.225227356,50304,50314,10
13.0153398514,80.2253189087,50314,50344,30
13.0153398514,80.2253189087,50344,50354,10
13.0156202316,80.2253189087,50354,50364,10
13.0161600113,80.2253570557,50364,50374,10
13.016960144,80.225151062,50374,50387,13
13.0183000565,80.2246017456,50387,50397,10
13.019200325,80.2243270874,50397,50407,10
13.0195703506,80.2244033813,50407,50417,10
13.0196895599,80.2245025635,50417,50427,10
13.0200300217,80.2247467041,50427,50437,10
13.02064991,80.225189209,50437,50447,10
13.0213098526,80.2257385254,50447,50457,10
13.0220098495,80.2262420654,50457,50467,10
13.0227203369,80.2268600464,50467,50477,10
13.0233802795,80.2274627686,50477,50488,11
13.0239801407,80.2279510498,50488,50498,10
13.0243701935,80.2283935547,50498,50508,10
13.0242300034,80.2285614014,50508,50518,10
13.0238895416,80.2281494141,50518,50528,10
13.0234003067,80.2276382446,50528,50538,10
13.0230703354,80.2274398804,50538,50578,40
13.0230703354,80.2274398804,50578,50589,11
13.0228300095,80.2272415161,50589,50599,10
13.0226202011,80.2270126343,50599,50750,151
13.0226202011,80.2270126343,50750,50760,10
13.0223999023,80.2266464233,50760,50770,10
13.0221395493,80.2264022827,50770,50780,10
13.0218095779,80.2261276245,50780,50791,11
13.0213003159,80.2257537842,50791,50801,10
13.0207300186,80.2253189087,50801,50811,10
13.0201301575,80.2249679565,50811,50821,10
13.0199298859,80.2248535156,50821,50831,10
13.0197401047,80.2247085571,50831,50841,10
13.019200325,80.2244796753,50841,50851,10
13.0183601379,80.2246704102,50851,50861,10
13.0173797607,80.2250823975,50861,50871,10
13.016579628,80.2254180908,50871,50880,9
13.0161304474,80.2256011963,50880,50892,12
13.015370369,80.2258834839,50892,50902,10
13.014960289,80.2260665894,50902,50912,10
13.0148696899,80.2260971069,50912,50922,10
13.014670372,80.2261581421,50922,50932,10
13.0144996643,80.2262115479,50932,50952,20
13.0144996643,80.2262115479,50952,50962,10
13.0141801834,80.2263336182,50962,50972,10
13.0135803223,80.2265319824,50972,50983,11
13.0127096176,80.2268371582,50983,50993,10
13.0117502213,80.2272415161,50993,51003,10
13.0107002258,80.2276535034,51003,51013,10
13.0097503662,80.2279586792,51013,51023,10
13.0095901489,80.2273712158,51023,51033,10
13.0099697113,80.2265396118,51033,51043,10
13.0103902817,80.2256088257,51043,51053,10
13.0106401443,80.2250900269,51053,51063,10
13.0107898712,80.2247390747,51063,51073,10
13.011059761,80.224029541,51073,51083,10
13.011349678,80.2233276367,51083,51094,11
13.0113601685,80.2232818604,51094,51104,10
13.011469841,80.2229614258,51104,51114,10
13.0117301941,80.2222900391,51114,51124,10
13.0120401382,80.2213287354,51124,51134,10
13.0119600296,80.2205810547,51134,51144,10
13.0116596222,80.2195892334,51144,51154,10
13.0113201141,80.2185211182,51154,51164,10
13.0108804703,80.2173919678,51164,51175,11
13.0103797913,80.2162780762,51175,51183,8
13.0100402832,80.2156829834,51183,51194,11
13.0094995499,80.2147598267,51194,51204,10
13.0089197159,80.2139968872,51204,51214,10
13.0084199905,80.2134475708,51214,51225,11
13.0083799362,80.2134170532,51225,51235,10
13.0082302094,80.2133636475,51235,51245,10
13.0080699921,80.2132720947,51245,51255,10
13.0079298019,80.2132034302,51255,51265,10
13.007809639,80.2130737305,51265,51275,10
13.0074996948,80.2128829956,51275,51284,9
13.0070495605,80.2127838135,51284,51295,11
13.0062599182,80.2128372192,51295,51307,12
13.0053701401,80.2127380371,51307,51317,10
13.0045499802,80.212272644,51317,51327,10
13.0037603378,80.2120285034,51327,51335,8
13.0033197403,80.212059021,51335,51345,10
13.002579689,80.2121124268,51345,51355,10
13.0020503998,80.2123565674,51355,51365,10
13.0014600754,80.2127838135,51365,51375,10
13.0009002686,80.2132110596,51375,51385,10
13.0003099442,80.2137832642,51385,51398,13
12.9995603561,80.2144165039,51398,51408,10
12.999130249,80.2148284912,51408,51418,10
12.9987096786,80.2152023315,51418,51428,10
12.9981498718,80.2156982422,51428,51438,10
12.9975500107,80.2161712646,51438,51448,10
12.9973602295,80.2163696289,51448,51456,8
12.9970598221,80.2165374756,51456,51468,12
12.9962396622,80.2166137695,51468,51478,10
12.9958400726,80.2167205811,51478,51488,10
12.9957304001,80.2167510986,51488,51499,11
12.9955396652,80.216796875,51499,51509,10
12.995059967,80.2170562744,51509,51539,30
12.995059967,80.2170562744,51539,51549,10
12.9948101044,80.2172317505,51549,51559,10
12.9944295883,80.2175216675,51559,51569,10
12.9938602448,80.2179336548,51569,51579,10
12.9931297302,80.2184295654,51579,51589,10
12.9922704697,80.219078064,51589,51600,11
12.9912395477,80.219833374,51600,51610,10
12.99077034,80.2201766968,51610,51620,10
12.9905796051,80.2203292847,51620,51630,10
12.9900503159,80.2207717896,51630,51640,10
12.98939991,80.2214813232,51640,51650,10
12.988699913,80.2223434448,51650,51660,10
12.9879398346,80.2229919434,51660,51670,10
12.9876098633,80.2231216431,51670,51680,10
12.9871997833,80.2230834961,51680,51690,10
12.986700058,80.2229919434,51690,51701,11
12.9857997894,80.2230529785,51701,51711,10
12.9852800369,80.2232894897,51711,51721,10
12.9846200943,80.2230072021,51721,51731,10
12.9840497971,80.22265625,51731,51741,10
12.983420372,80.2222671509,51741,51751,10
12.9832601547,80.2221603394,51751,51761,10
12.9830799103,80.2220306396,51761,51771,10
12.9826498032,80.2218704224,51771,51781,10
12.9819297791,80.2215805054,51781,51791,10
12.9811096191,80.2211074829,51791,51802,11
12.9801597595,80.2210922241,51802,51812,10
12.9792203903,80.2211532593,51812,51822,10
12.9782600403,80.2211914063,51822,51832,10
12.9775400162,80.2212219238,51832,51842,10
12.9765701294,80.2212600708,51842,51862,20
12.9765701294,80.2212600708,51862,51872,10
12.9765396118,80.2212219238,51872,51882,10
12.9761695862,80.2212524414,51882,51891,9
12.9762496948,80.221572876,51891,51913,22
12.9762496948,80.221572876,51913,51923,10
12.9763298035,80.2216796875,51923,51933,10
12.9765300751,80.222038269,51933,51943,10
12.9768600464,80.222618103,51943,51953,10
12.9771099091,80.2230529785,51953,51963,10
12.9774999619,80.2236785889,51963,51973,10
12.9778499603,80.2242279053,51973,51983,10
12.9782495499,80.2248764038,51983,51993,10
12.9787197113,80.2256622314,51993,52003,10
12.9792404175,80.2265319824,52003,52014,11
12.9798603058,80.2275314331,52014,52024,10
12.980389595,80.2284164429,52024,52034,10
12.9808301926,80.2292098999,52034,52044,10
12.9813699722,80.2300109863,52044,52054,10
12.9816799164,80.2304763794,52054,52064,10
12.9817304611,80.2306137085,52064,52074,10
12.9819097519,80.231048584,52074,52084,10
12.9820299149,80.2317504883,52084,52094,10
12.9819698334,80.2326507568,52094,52095,1
12.9819402695,80.2327423096,52095,52115,20
12.9816102982,80.2335510254,52115,52126,11
12.9813699722,80.234046936,52126,52136,10
12.9812202454,80.2348403931,52136,52146,10
12.9812297821,80.2358932495,52146,52156,10
12.9812602997,80.2371368408,52156,52165,9
12.981300354,80.2382202148,52165,52176,11
12.9813299179,80.2386627197,52176,52186,10
12.9813299179,80.2389068604,52186,52196,10
12.9813404083,80.2395401001,52196,52208,12
12.9813604355,80.240562439,52208,52218,10
12.9813699722,80.241569519,52218,52228,10
12.9813899994,80.2424316406,52228,52238,10
12.9813899994,80.2425537109,52238,52248,10
12.9813899994,80.242767334,52248,52258,10
12.9813804626,80.2429885864,52258,52268,10
12.9813604355,80.2436065674,52268,52278,10
12.9812498093,80.2444381714,52278,52288,10
12.9811201096,80.2454910278,52288,52298,10
12.9809904099,80.2466964722,52298,52309,11
12.9808502197,80.2482070923,52309,52319,10
12.9807195663,80.2495727539,52319,52329,10
12.9804801941,80.2507171631,52329,52339,10
12.9802398682,80.251701355,52339,52349,10
12.9801502228,80.2521514893,52349,52359,10
12.9801197052,80.2522506714,52359,52369,10
12.9801397324,80.2525024414,52369,52379,10
12.980509758,80.2526397705,52379,52389,10
12.9811897278,80.2526168823,52389,52399,10
12.9821195602,80.2525863647,52399,52410,11
12.9834499359,80.2524795532,52410,52420,10
12.9847202301,80.2521362305,52420,52430,10
12.98595047,80.2518005371,52430,52440,10
12.987279892,80.251449585,52440,52531,91
12.987279892,80.251449585,52531,52541,10
12.9874095917,80.2513885498,52541,52551,10
12.987830162,80.251411438,52551,52561,10
12.9879598618,80.2518463135,52561,52571,10
12.9880104065,80.2523574829,52571,52581,10
12.9879102707,80.2532806396,52581,52591,10
12.987830162,80.2543182373,52591,52601,10
12.9877700806,80.2549591064,52601,52612,11
12.9877595901,80.2550201416,52612,52622,10
12.9877195358,80.2551727295,52622,52632,10
12.987660408,80.2555999756,52632,52642,10
12.9875802994,80.2562179565,52642,52652,10
12.9875202179,80.256980896,52652,52662,10
12.987449646,80.2579498291,52662,52672,10
12.9872903824,80.2591323853,52672,52692,20
12.9872903824,80.2591323853,52692,52702,10
12.9871902466,80.2595596313,52702,52723,21
12.9871902466,80.2595596313,52723,52733,10
12.9870996475,80.2596435547,52733,52753,20
12.9870996475,80.2596435547,52753,52763,10
12.9866504669,80.2594528198,52763,52844,81
12.9866504669,80.2594528198,52844,52854,10
12.9865598679,80.2591018677,52854,52884,30
12.9868297577,80.2590332031,52884,53035,151
12.9871797562,80.2591171265,53035,53065,30
12.9873304367,80.2589263916,53065,53086,21
12.9873304367,80.2589263916,53086,53096,10
12.9873399734,80.2587585449,53096,53106,10
12.9873695374,80.2583618164,53106,53116,10
12.9874095917,80.2577362061,53116,53126,10
12.9874801636,80.2568969727,53126,53136,10
12.9875001907,80.2562866211,53136,53146,10
12.9875097275,80.2562484741,53146,53156,10
12.9875402451,80.2559967041,53156,53166,10
12.987660408,80.255531311,53166,53176,10
12.987739563,80.2547836304,53176,53186,10
12.9878196716,80.2537689209,53186,53196,10
12.9879198074,80.2525482178,53196,53206,10
12.987830162,80.2517623901,53206,53216,10
12.9878196716,80.251701355,53216,53229,13
12.9876804352,80.2515487671,53229,53239,10
12.9875001907,80.2515563965,53239,53249,10
12.9868402481,80.251663208,53249,53259,10
12.9859199524,80.2518997192,53259,53269,10
12.9847698212,80.2522125244,53269,53279,10
12.9834003448,80.2525634766,53279,53289,10
12.9818496704,80.2526779175,53289,53299,10
12.9799203873,80.2526931763,53299,53319,20
12.9799203873,80.2526931763,53319,53330,11
12.9798698425,80.2523498535,53330,53340,10
12.9798898697,80.252281189,53340,53350,10
12.9799804688,80.2518920898,53350,53360,10
12.9802103043,80.2512130737,53360,53370,10
12.9804697037,80.2502822876,53370,53380,10
12.9806804657,80.2490997314,53380,53390,10
12.9807701111,80.2478637695,53390,53400,10
12.980890274,80.2465286255,53400,53410,10
12.9810495377,80.2451171875,53410,53421,11
12.9811601639,80.243850708,53421,53431,10
12.981300354,80.2434463501,53431,53441,10
12.9813299179,80.2428894043,53441,53451,10
12.9813404083,80.2427520752,53451,53461,10
12.9813499451,80.2422180176,53461,53471,10
12.9813404083,80.2414474487,53471,53481,10
12.9813404083,80.2404785156,53481,53491,10
12.9813203812,80.2395172119,53491,53501,10
12.981300354,80.2385482788,53501,53511,10
12.9812803268,80.2379608154,53511,53521,10
12.9812602997,80.2379226685,53521,53532,11
12.9812602997,80.237487793,53532,53542,10
12.9812602997,80.2368164063,53542,53552,10
12.9812402725,80.2359466553,53552,53562,10
12.9812002182,80.2349090576,53562,53572,10
12.9816198349,80.2333526611,53572,53592,20
12.9816198349,80.2333526611,53592,53602,10
12.9816703796,80.2332687378,53602,53612,10
12.9818401337,80.2329025269,53612,53622,10
12.982000351,80.2323608398,53622,53633,11
12.9819898605,80.231880188,53633,53643,10
12.9819498062,80.2313919067,53643,53653,10
12.9817800522,80.230796814,53653,53663,10
12.9815196991,80.2303009033,53663,53673,10
12.9811296463,80.229637146,53673,53683,10
12.9808197021,80.2291488647,53683,53693,10
12.9806900024,80.2289428711,53693,53703,10
12.9806404114,80.2288818359,53703,53713,10
12.9804401398,80.2285385132,53713,53723,10
12.9802303314,80.2281036377,53723,53734,11
12.979809761,80.2274169922,53734,53744,10
12.9792995453,80.2265777588,53744,53754,10
12.9787597656,80.2256698608,53754,53764,10
12.978219986,80.2247467041,53764,53774,10
12.977930069,80.224357605,53774,53784,10
12.9776802063,80.2239303589,53784,53794,10
12.9773397446,80.2233505249,53794,53804,10
12.9770898819,80.22290802,53804,53814,10
12.9770002365,80.2227630615,53814,53825,11
12.9771499634,80.2226333618,53825,53845,20
12.9771499634,80.2226333618,53845,53855,10
12.9774799347,80.2226028442,53855,53865,10
12.9774904251,80.2221908569,53865,53875,10
12.9774599075,80.2214508057,53875,53885,10
12.9774503708,80.2212295532,53885,53895,10
12.9777297974,80.2211685181,53895,53905,10
12.9781703949,80.2211380005,53905,53915,10
12.9789800644,80.2211303711,53915,53926,11
12.9800100327,80.2210617065,53926,53936,10
12.980890274,80.2210006714,53936,53946,10
12.9815101624,80.2212524414,53946,53956,10
12.9819297791,80.2216110229,53956,53966,10
12.9828195572,80.2219009399,53966,53986,20
12.9828195572,80.2219009399,53986,53996,10
12.9830303192,80.2220001221,53996,54006,10
12.9832801819,80.2221832275,54006,54016,10
12.9834403992,80.2222900391,54016,54026,10
12.9837503433,80.2225036621,54026,54036,10
12.9842996597,80.2228317261,54036,54046,10
12.9850196838,80.2231674194,54046,54057,11
12.9856395721,80.2229614258,54057,54067,10
12.9863595963,80.2229232788,54067,54087,20
12.9863595963,80.2229232788,54087,54097,10
12.9867296219,80.2229766846,54097,54107,10
12.9872503281,80.2230682373,54107,54116,9
12.9878196716,80.2229690552,54116,54129,13
12.9885902405,80.2223587036,54129,54139,10
12.9891300201,80.2217407227,54139,54149,10
12.9897403717,80.2210388184,54149,54159,10
12.9903802872,80.2204284668,54159,54169,10
12.990940094,80.2199478149,54169,54179,10
12.9910097122,80.2199020386,54179,54187,8
12.9912395477,80.2197036743,54187,54197,10
12.9917201996,80.219329834,54197,54207,10
12.9923696518,80.2188796997,54207,54217,10
12.9931201935,80.2183074951,54217,54230,13
12.9941196442,80.2175827026,54230,54240,10
12.9944095612,80.2173919678,54240,54250,10
12.9947004318,80.2171707153,54250,54260,10
12.9948196411,80.2170791626,54260,54270,10
12.9952096939,80.2168502808,54270,54280,10
12.9957895279,80.2165985107,54280,54290,10
12.9966402054,80.216468811,54290,54300,10
12.9970798492,80.2164230347,54300,54310,10
12.9973697662,80.2161407471,54310,54317,7
12.9974098206,80.2161178589,54317,54331,14
12.9975595474,80.2160110474,54331,54341,10
12.9979295731,80.2156829834,54341,54351,10
12.9984502792,80.2152023315,54351,54361,10
12.9990501404,80.2147064209,54361,54371,10
12.9993696213,80.2144699097,54371,54381,10
12.9998598099,80.2140731812,54381,54390,9
13.0003004074,80.2136688232,54390,54401,11
13.0009403229,80.2130966187,54401,54411,10
13.001540184,80.2125930786,54411,54421,10
13.002120018,80.2122268677,54421,54432,11
13.002869606,80.2120513916,54432,54442,10
13.0035495758,80.2120513916,54442,54452,10
13.0039997101,80.2119903564,54452,54462,10
13.004240036,80.2120895386,54462,54472,10
13.0047197342,80.212310791,54472,54482,10
13.0052204132,80.2126617432,54482,54492,10
13.0059900284,80.2128067017,54492,54502,10
13.0067596436,80.2126922607,54502,54512,10
13.0078601837,80.2130584717,54512,54533,21
13.0078601837,80.2130584717,54533,54543,10
13.0079898834,80.2131576538,54543,54553,10
13.0085000992,80.2133636475,54553,54563,10
13.0089797974,80.2139968872,54563,54573,10
13.0095300674,80.2147903442,54573,54583,10
13.0099802017,80.2153778076,54583,54593,10
13.01060009,80.2161026001,54593,54603,10
13.0108995438,80.2170181274,54603,54613,10
13.0113096237,80.2180786133,54613,54623,10
13.0117502213,80.219329834,54623,54633,10
13.0121498108,80.2205963135,54633,54646,13
13.0127096176,80.2216796875,54646,54656,10
13.0132904053,80.2224197388,54656,54666,10
13.0138397217,80.2230682373,54666,54676,10
13.0141897202,80.2235336304,54676,54686,10
13.0144701004,80.2238998413,54686,54696,10
13.0149803162,80.2245483398,54696,54706,10
13.0153999329,80.2248764038,54706,54716,10
13.0154695511,80.2249221802,54716,54726,10
13.0157804489,80.2252197266,54726,54736,10
13.016500473,80.2252502441,54736,54746,10
13.0174503326,80.224899292,54746,54756,10
13.018529892,80.2244720459,54756,54767,11
13.0197601318,80.2245483398,54767,54797,30
13.0197601318,80.2245483398,54797,54807,10
13.020070076,80.2247161865,54807,54818,11
13.0206604004,80.2251586914,54818,54827,9
13.0212802887,80.2256317139,54827,54838,11
13.0219402313,80.2260894775,54838,54847,9
13.0219602585,80.2261276245,54847,54860,13
13.0224399567,80.2265472412,54860,54870,10
13.0229902267,80.2270812988,54870,54880,10
13.0236997604,80.2277526855,54880,54890,10
13.0246295929,80.2288894653,54890,54910,20
13.0246295929,80.2288894653,54910,54920,10
13.0247802734,80.2291030884,54920,54930,10
13.025179863,80.2296066284,54930,54941,11
13.0257101059,80.230430603,54941,54951,10
13.0259799957,80.2312393188,54951,54961,10
13.0263996124,80.2312164307,54961,54971,10
13.0271596909,80.2310714722,54971,54981,10
13.0279798508,80.2309417725,54981,54991,10
13.0283298492,80.2308425903,54991,55001,10
13.0286197662,80.2308273315,55001,55011,10
13.0292797089,80.2307662964,55011,55052,41
13.0292797089,80.2307662964,55052,55062,10
13.0297603607,80.2307815552,55062,55072,10
13.0303001404,80.2307510376,55072,55082,10
13.030960083,80.230682373,55082,55092,10
13.0316696167,80.2306289673,55092,55102,10
13.0325498581,80.2305221558,55102,55132,30
13.0325498581,80.2305221558,55132,55143,11
13.0329704285,80.2304992676,55143,55153,10
13.0331497192,80.2304916382,55153,55163,10
13.0334701538,80.2304611206,55163,55254,91
13.0334701538,80.2304611206,55254,55264,10
13.0336904526,80.2304611206,55264,55274,10
13.0342702866,80.2303771973,55274,55284,10
13.0346498489,80.2302703857,55284,55294,10
13.0348396301,80.2301483154,55294,55304,10
13.0349302292,80.2297821045,55304,55375,71
13.0349302292,80.2297821045,55375,55385,10
13.0346498489,80.2298126221,55385,55435,50
13.0346498489,80.2298126221,55435,55446,11
13.0344295502,80.2297668457,55446,55486,40
13.0344295502,80.2297668457,55486,55496,10
13.0342702866,80.2297821045,55496,55506,10
13.0342302322,80.2300109863,55506,55617,111
13.0342597961,80.2303466797,55617,55881,264
13.0342597961,80.2303466797,55881,55891,10
13.0339603424,80.230506897,55891,55901,10
13.0335702896,80.2305221558,55901,55911,10
13.0331802368,80.230506897,55911,55921,10
13.0326004028,80.2305526733,55921,55928,7
13.0321397781,80.2305984497,55928,55942,14
13.0311098099,80.230682373,55942,55952,10
13.0306596756,80.2307128906,55952,55962,10
13.0300998688,80.2307662964,55962,55972,10
13.02987957,80.2308120728,55972,55982,10
13.0297498703,80.2308273315,55982,55992,10
13.0293397903,80.2308807373,55992,56002,10
13.0287303925,80.2309188843,56002,56012,10
13.0280303955,80.2309799194,56012,56019,7
13.027680397,80.2310180664,56019,56032,13
13.0276498795,80.2314224243,56032,56042,10
13.0277395248,80.2319869995,56042,56053,11
13.0278301239,80.2326431274,56053,56063,10
13.0274496078,80.2328109741,56063,56073,10
13.0268201828,80.2329330444,56073,56144,71
13.0268201828,80.2329330444,56144,56154,10
13.0266504288,80.2329864502,56154,56164,10
13.0263996124,80.2329483032,56164,56174,10
13.0262298584,80.2325592041,56174,56184,10
13.0261201859,80.232093811,56184,56194,10
13.0260000229,80.2314300537,56194,56214,20
13.0260000229,80.2314300537,56214,56224,10
13.0259599686,80.2310791016,56224,56234,10
13.0257902145,80.2305984497,56234,56244,10
13.0254402161,80.2300491333,56244,56255,11
13.0249595642,80.2294082642,56255,56265,10
13.0246295929,80.2290267944,56265,56275,10
13.0246295929,80.229019165,56275,56285,10
13.0245704651,80.2289428711,56285,56295,10
13.0243501663,80.2286376953,56295,56305,10
13.0239801407,80.2282180786,56305,56315,10
13.0235996246,80.2277603149,56315,56325,10
13.0233402252,80.2275238037,56325,56335,10
13.0231199265,80.2274017334,56335,56346,11
13.0230703354,80.2273635864,56346,56356,10
13.0228796005,80.2272186279,56356,56366,10
13.0226402283,80.2269973755,56366,56436,70
13.0226402283,80.2269973755,56436,56446,10
13.0224599838,80.2266693115,56446,56457,11
13.0221204758,80.2264022827,56457,56467,10
13.0217895508,80.2261199951,56467,56477,10
13.0217199326,80.2260665894,56477,56487,10
13.0216197968,80.226020813,56487,56497,10
13.0213298798,80.2257995605,56497,56507,10
13.0210199356,80.2254867554,56507,56517,10
13.0207996368,80.2253494263,56517,56527,10
13.0205402374,80.2251663208,56527,56537,10
13.0201396942,80.2249221802,56537,56547,10
13.0196504593,80.2245864868,56547,56558,11
13.0188703537,80.2244567871,56558,56568,10
13.0180702209,80.2247619629,56568,56578,10
13.0173101425,80.2250823975,56578,56588,10
13.016579628,80.2253799438,56588,56598,10
13.0161104202,80.2255630493,56598,56608,10
13.0155897141,80.2257232666,56608,56618,10
13.0151700974,80.2258987427,56618,56628,10
13.0148200989,80.2260437012,56628,56638,10
13.0144996643,80.2261734009,56638,56648,10
13.0144901276,80.2261734009,56648,56658,10
13.0142803192,80.2262573242,56658,56669,11
13.013879776,80.2263870239,56669,56679,10
13.013299942,80.226600647,56679,56689,10
13.0125799179,80.2268829346,56689,56699,10
13.011759758,80.2272033691,56699,56709,10
13.0108299255,80.2275924683,56709,56719,10
13.0098695755,80.2279510498,56719,56729,10
13.0095300674,80.2275238037,56729,56739,10
13.0098600388,80.2268218994,56739,56749,10
13.010219574,80.2260818481,56749,56759,10
13.0104904175,80.2254333496,56759,56771,12
13.0106697083,80.2250900269,56771,56781,10
13.0108003616,80.2247619629,56781,56791,10
13.0109395981,80.2243881226,56791,56801,10
13.0112304688,80.2236328125,56801,56809,8
13.0115499496,80.2228012085,56809,56821,12
13.0120697021,80.2215423584,56821,56831,10
13.012140274,80.2209701538,56831,56843,12
13.0118598938,80.2200927734,56843,56853,10
13.0115604401,80.2192077637,56853,56864,11
13.0112199783,80.2181777954,56864,56874,10
13.0108699799,80.2172775269,56874,56884,10
13.0104598999,80.2163925171,56884,56892,8
13.0101203918,80.2158126831,56892,56905,13
13.0094995499,80.2147674561,56905,56915,10
13.0089998245,80.2141036987,56915,56925,10
13.0083198547,80.2134017944,56925,56966,41
13.0083198547,80.2134017944,56966,56976,10
13.0080604553,80.2132568359,56976,56986,10
13.0079698563,80.2132110596,56986,56996,10
13.0078296661,80.2130889893,56996,57006,10
13.0075397491,80.2128829956,57006,57016,10
13.0070800781,80.2127685547,57016,57026,10
13.0065202713,80.2127532959,57026,57036,10
13.0059900284,80.2129592896,57036,57046,10
13.0054197311,80.2127914429,57046,57057,11
13.0046300888,80.2123336792,57057,57067,10
13.0035600662,80.212059021,57067,57077,10
13.0026502609,80.2121200562,57077,57087,10
13.0018997192,80.2124481201,57087,57097,10
13.0013504028,80.2128295898,57097,57107,10
13.0006198883,80.2134094238,57107,57117,10
12.9999303818,80.2140579224,57117,57127,10
12.9994401932,80.2144927979,57127,57137,10
12.9990701675,80.2148208618,57137,57147,10
12.9987001419,80.2151565552,57147,57157,10
12.9981098175,80.2156600952,57157,57168,11
12.997420311,80.2163009644,57168,57178,10
12.9972896576,80.2164382935,57178,57188,10
12.9970703125,80.2165298462,57188,57198,10
12.9964895248,80.2165679932,57198,57208,10
12.9956798553,80.2167510986,57208,57217,9
12.9952001572,80.2169723511,57217,57228,11
12.9951896667,80.2169723511,57228,57238,10
12.9949502945,80.2171325684,57238,57278,40
12.9949502945,80.2171325684,57278,57288,10
12.9947099686,80.2172698975,57288,57298,10
12.9943599701,80.2175521851,57298,57308,10
12.9938001633,80.2179489136,57308,57319,11
12.9929895401,80.2185211182,57319,57329,10
12.9921503067,80.2191390991,57329,57339,10
12.9914398193,80.2197036743,57339,57349,10
12.9908504486,80.2201385498,57349,57359,10
12.99077034,80.2202072144,57359,57369,10
12.9903697968,80.220489502,57369,57379,10
12.9898300171,80.2210006714,57379,57389,10
12.9891901016,80.2217483521,57389,57399,10
12.9884195328,80.2225799561,57399,57409,10
12.9876499176,80.2230911255,57409,57419,10
12.9872999191,80.2230987549,57419,57429,10
12.9869203568,80.2230377197,57429,57439,10
12.9866504669,80.2229919434,57439,57452,13
12.9862203598,80.2229766846,57452,57462,10
12.9856004715,80.2231292725,57462,57472,10
12.9851102829,80.2232437134,57472,57482,10
12.9843702316,80.2228622437,57482,57492,10
12.9836101532,80.2223968506,57492,57502,10
12.9832201004,80.22215271,57502,57512,10
12.9831895828,80.2221298218,57512,57522,10
12.9828500748,80.2219467163,57522,57532,10
12.9821996689,80.2217330933,57532,57542,10
12.981590271,80.221321106,57542,57552,10
12.9808397293,80.2210235596,57552,57563,11
12.9798698425,80.2211227417,57563,57573,10
12.9789495468,80.2211608887,57573,57583,10
12.9779901505,80.221206665,57583,57593,10
12.9770498276,80.2212524414,57593,57603,10
12.9761600494,80.2212905884,57603,57613,10
12.9761600494,80.2216186523,57613,57633,20
12.9761600494,80.2216186523,57633,57643,10
12.9763097763,80.221862793,57643,57653,10
12.9764900208,80.2221679688,57653,57664,11
12.9768800735,80.2227935791,57664,57674,10
12.9773302078,80.2235183716,57674,57684,10
12.9778299332,80.224281311,57684,57694,10
12.9781799316,80.2248077393,57694,57704,10
12.9785804749,80.2254562378,57704,57714,10
12.9790296555,80.2261962891,57714,57724,10
12.9794301987,80.2268829346,57724,57734,10
12.9798002243,80.2275619507,57734,57744,10
12.9802999496,80.2283401489,57744,57754,10
12.9806699753,80.2289810181,57754,57765,11
12.9810600281,80.2296600342,57765,57775,10
12.9815196991,80.2303085327,57775,57785,10
12.9816703796,80.2305374146,57785,57795,10
12.9818096161,80.2308120728,57795,57805,10
12.9819803238,80.2313919067,57805,57815,10
12.9820299149,80.2320175171,57815,57825,10
12.9819498062,80.232673645,57825,57835,10
12.9817895889,80.2331619263,57835,57845,10
12.9814901352,80.2337722778,57845,57855,10
12.9812097549,80.2345809937,57855,57866,11
12.9812297821,80.2356491089,57866,57876,10
12.9812602997,80.236656189,57876,57886,10
12.981300354,80.2376708984,57886,57896,10
12.9813098907,80.2379684448,57896,57906,10
12.9813098907,80.2384262085,57906,57916,10
12.9813299179,80.2386627197,57916,57926,10
12.9813203812,80.2388763428,57926,57936,10
12.9813299179,80.2394485474,57936,57946,10
12.9813404083,80.2400894165,57946,57957,11
12.9813499451,80.2409591675,57957,57967,10
12.9813604355,80.2417678833,57967,57977,10
12.9813699722,80.2423324585,57977,57987,10
12.9813604355,80.2427978516,57987,57997,10
12.9813699722,80.2434234619,57997,58007,10
12.9812698364,80.2442169189,58007,58017,10
12.9811401367,80.245262146,58017,58027,10
12.9809904099,80.2464904785,58027,58037,10
12.9808998108,80.2478408813,58037,58047,10
12.9807796478,80.249206543,58047,58057,10
12.9805202484,80.2505187988,58057,58068,11
12.9801797867,80.2519226074,58068,58078,10
12.9801301956,80.2522125244,58078,58088,10
12.980099678,80.2523880005,58088,58098,10
12.9802999496,80.2526092529,58098,58108,10
12.9808597565,80.2526397705,58108,58118,10
12.9817304611,80.2526168823,58118,58128,10
12.9828796387,80.252571106,58128,58138,10
12.9842796326,80.2522888184,58138,58148,10
12.9855604172,80.2519378662,58148,58158,10
12.9865598679,80.251663208,58158,58169,11
12.9872198105,80.2514801025,58169,58179,10
12.9875602722,80.2513885498,58179,58189,10
12.9879102707,80.2514877319,58189,58199,10
12.9879903793,80.2518463135,58199,58209,10
12.9879999161,80.2519302368,58209,58219,10
12.9880199432,80.2519989014,58219,58229,10
12.9879999161,80.2525177002,58229,58239,10
12.9878997803,80.2534866333,58239,58249,10
12.9878396988,80.2542495728,58249,58259,10
12.9878396988,80.2544021606,58259,58269,10
12.9878101349,80.2547988892,58269,58279,10
12.9877700806,80.255279541,58279,58290,11
12.9877300262,80.2557220459,58290,58300,10
12.9876203537,80.2562637329,58300,58309,9
12.9875802994,80.2569122314,58309,58320,11
12.9875202179,80.2579421997,58320,58330,10
12.987449646,80.2588195801,58330,58340,10
12.9874000549,80.2590637207,58340,58349,9
12.9872598648,80.2595291138,58349,58382,33
12.9872598648,80.2595291138,58382,58392,10
12.9871101379,80.2596511841,58392,58422,30
12.9871101379,80.2596511841,58422,58432,10
12.9868001938,80.259552002,58432,58440,8
12.9865198135,80.2596130371,58440,60301,1861
12.9865198135,80.2596130371,60301,60311,10
12.986530304,80.2594604492,60311,60321,10
12.9865703583,80.259147644,60321,60444,123
12.9865703583,80.259147644,60444,60454,10
12.9870700836,80.2591094971,60454,60464,10
12.9872598648,80.2590866089,60464,60474,10
12.9873304367,80.2586288452,60474,60481,7
12.9873695374,80.2583618164,60481,60495,14
12.9874000549,80.258140564,60495,60505,10
12.9874296188,80.2576675415,60505,60515,10
12.9874897003,80.256980896,60515,60525,10
12.9875497818,80.256111145,60525,60535,10
12.9875898361,80.2558364868,60535,60545,10
12.9876699448,80.2554168701,60545,60555,10
12.9877004623,80.2549514771,60555,60565,10
12.9877099991,80.2548599243,60565,60575,10
12.9877500534,80.2544631958,60575,60585,10
12.9877996445,80.2537765503,60585,60596,11
12.987859726,80.2529296875,60596,60606,10
12.9878902435,80.2522735596,60606,60616,10
12.9878396988,80.2519989014,60616,60626,10
12.9877996445,80.2518081665,60626,60636,10
12.9877500534,80.2516937256,60636,60646,10
12.987279892,80.2516479492,60646,60656,10
12.9869499207,80.2516937256,60656,60666,10
12.9864902496,80.2518005371,60666,60676,10
12.9859800339,80.2519073486,60676,60686,10
12.9852104187,80.2520980835,60686,60697,11
12.9840698242,80.2523880005,60697,60707,10
12.9828796387,80.2526321411,60707,60717,10
12.9816303253,80.2526702881,60717,60727,10
12.9806003571,80.2527236938,60727,60737,10
12.9801597595,80.2527389526,60737,60747,10
12.9801502228,80.2527389526,60747,60757,10
12.9800596237,80.2527389526,60757,60767,10
12.9799098969,80.2524719238,60767,60777,10
12.9800195694,80.2518234253,60777,60787,10
12.9802999496,80.2509384155,60787,60798,11
12.9806203842,80.2497177124,60798,60808,10
12.9807395935,80.2485275269,60808,60816,8
12.9808197021,80.2474594116,60816,60828,12
12.9809799194,80.2457504272,60828,60838,10
12.9811201096,80.2443695068,60838,60848,10
12.9812698364,80.2435913086,60848,60858,10
12.9813203812,80.2431106567,60858,60868,10
12.9813299179,80.2428588867,60868,60878,10
12.9813404083,80.2427902222,60878,60888,10
12.9813499451,80.242401123,60888,60899,11
12.9813299179,80.2416610718,60899,60909,10
12.9813404083,80.240737915,60909,60919,10
12.9813098907,80.2396011353,60919,60929,10
12.9812698364,80.2384490967,60929,60939,10
12.9812698364,80.2379379272,60939,60949,10
12.9812698364,80.237953186,60949,60959,10
12.9812602997,80.2378616333,60959,60969,10
12.9812297821,80.2373809814,60969,60979,10
12.9812202454,80.2366104126,60979,60989,10
12.9812002182,80.2358627319,60989,61000,11
12.9811697006,80.2349472046,61000,61010,10
12.9812898636,80.2340164185,61010,61020,10
12.9815998077,80.2333679199,61020,61040,20
12.9815998077,80.2333679199,61040,61050,10
12.9816904068,80.2331924438,61050,61060,10
12.981880188,80.2327270508,61060,61070,10
12.9819602966,80.2321395874,61070,61080,10
12.9819498062,80.2315826416,61080,61090,10
12.9818897247,80.2311630249,61090,61101,11
12.9816398621,80.2306289673,61101,61111,10
12.9812498093,80.2299804688,61111,61121,10
12.9808797836,80.2293930054,61121,61131,10
12.9806804657,80.2290725708,61131,61141,10
12.9806404114,80.229019165,61141,61151,10
12.9804401398,80.2286911011,61151,61161,10
12.9802103043,80.2282028198,61161,61171,10
12.979809761,80.2275390625,61171,61181,10
12.9793195724,80.2267303467,61181,61191,10
12.9788398743,80.2259292603,61191,61201,10
12.9783496857,80.2251205444,61201,61211,10
12.977930069,80.2245101929,61211,61221,10
12.9775896072,80.2239379883,61221,61232,11
12.9771795273,80.2232666016,61232,61242,10
12.9769697189,80.2229309082,61242,61252,10
12.9771099091,80.2227096558,61252,61262,10
12.9771795273,80.2227020264,61262,61272,10
12.9774103165,80.2227096558,61272,61282,10
12.9774999619,80.2223510742,61282,61291,9
12.9774904251,80.2219772339,61291,61304,13
12.9774904251,80.2214508057,61304,61312,8
12.977350235,80.2212600708,61312,61324,12
12.9766302109,80.221282959,61324,61536,212
12.9766302109,80.221282959,61536,61546,10
12.9763898849,80.2211837769,61546,61556,10
12.9761695862,80.2212295532,61556,61566,10
12.9761295319,80.2214431763,61566,61576,10
12.976149559,80.2214889526,61576,61586,10
12.976269722,80.2216873169,61586,61758,172
12.976269722,80.2216873169,61758,61768,10
12.9764299393,80.2219009399,61768,61778,10
12.976559639,80.2221832275,61778,61788,10
12.976849556,80.2226486206,61788,61798,10
12.9771699905,80.2231521606,61798,61809,11
12.9776201248,80.2238769531,61809,61819,10
12.9780502319,80.2245483398,61819,61829,10
12.9784803391,80.2252731323,61829,61839,10
12.9789304733,80.226020813,61839,61849,10
12.9793596268,80.2267379761,61849,61859,10
12.9797897339,80.2274627686,61859,61869,10
12.9802799225,80.2282485962,61869,61879,10
12.9806804657,80.2289581299,61879,61889,10
12.9810600281,80.229598999,61889,61899,10
12.9815196991,80.2302703857,61899,61910,11
12.9817495346,80.2306289673,61910,61920,10
12.9818696976,80.2309188843,61920,61930,10
12.9820203781,80.2314834595,61930,61940,10
12.9820699692,80.2321472168,61940,61950,10
12.9819602966,80.2327880859,61950,61960,10
12.9816904068,80.2334289551,61960,61970,10
12.9816198349,80.2336120605,61970,61980,10
12.9814195633,80.2339782715,61980,61990,10
12.9812297821,80.2346496582,61990,62000,10
12.9812402725,80.235496521,62000,62010,10
12.9812898636,80.2364807129,62010,62021,11
12.981300354,80.2375106812,62021,62031,10
12.9813299179,80.2383575439,62031,62041,10
12.9813499451,80.2386627197,62041,62051,10
12.9813604355,80.238822937,62051,62061,10
12.9813699722,80.2393188477,62061,62071,10
12.9813699722,80.2398605347,62071,62081,10
12.9813804626,80.2405014038,62081,62091,10
12.9813995361,80.2412796021,62091,62101,10
12.9813995361,80.2420883179,62101,62111,10
12.9814100266,80.2426376343,62111,62122,11
12.9814195633,80.2427520752,62122,62132,10
12.9814100266,80.2431030273,62132,62142,10
12.9813804626,80.2436904907,62142,62153,11
12.9812402725,80.2446594238,62153,62162,9
12.9811000824,80.2456665039,62162,62172,10
12.9809703827,80.246887207,62172,62182,10
12.9808702469,80.2481765747,62182,62192,10
12.9807596207,80.2494812012,62192,62202,10
12.9805202484,80.2506103516,62202,62213,11
12.9802103043,80.2518005371,62213,62223,10
12.9801197052,80.2522125244,62223,62233,10
12.9800796509,80.2524108887,62233,62243,10
12.9803304672,80.2526321411,62243,62253,10
12.9808197021,80.2526626587,62253,62264,11
12.9817304611,80.2526473999,62264,62273,9
12.9827203751,80.2526092529,62273,62283,10
12.9839496613,80.2524032593,62283,62293,10
12.9851999283,80.2520599365,62293,62303,10
12.9862604141,80.2518005371,62303,62315,12
12.9872198105,80.2514801025,62315,62416,101
12.9872198105,80.2514801025,62416,62426,10
12.9872999191,80.2514266968,62426,62436,10
12.9875602722,80.2513504028,62436,62446,10
12.9878797531,80.2514572144,62446,62456,10
12.9879703522,80.2518997192,62456,62466,10
12.9880304337,80.2521972656,62466,62478,12
12.9879703522,80.2529220581,62478,62488,10
12.9879198074,80.2535324097,62488,62498,10
12.9878396988,80.2542877197,62498,62508,10
12.9877595901,80.2551269531,62508,62650,142
12.9877595901,80.2551269531,62650,62660,10
12.9876298904,80.2553787231,62660,62670,10
12.9876203537,80.2556991577,62670,62680,10
12.9875602722,80.2561264038,62680,62690,10
12.9875402451,80.2567520142,62690,62700,10
12.9875001907,80.2574615479,62700,62709,9
12.9874601364,80.2581634521,62709,62721,12
12.9874000549,80.2587966919,62721,62731,10
12.987279892,80.2593536377,62731,62761,30
12.987279892,80.2593536377,62761,62771,10
12.9872703552,80.2594223022,62771,62781,10
12.9872198105,80.2595825195,62781,62791,10
12.986989975,80.259552002,62791,62854,63
12.9866104126,80.2594909668,62854,63268,414
12.9866104126,80.2594909668,63268,63278,10
12.986579895,80.2594070435,63278,63288,10
12.9868001938,80.2591323853,63288,63399,111
12.9871997833,80.2591171265,63399,63642,243
12.9871997833,80.2591171265,63642,63652,10
12.9873600006,80.2588424683,63652,63682,30
12.9873600006,80.2588424683,63682,63692,10
12.9873600006,80.2586669922,63692,63702,10
12.9873695374,80.2584762573,63702,63712,10
12.9873800278,80.2582473755,63712,63733,21
12.9873800278,80.2582473755,63733,63743,10
12.9874401093,80.2578277588,63743,63754,11
12.987449646,80.2574310303,63754,64138,384
12.987449646,80.2574310303,64138,64148,10
12.9875001907,80.2569274902,64148,64158,10
12.9875602722,80.2562026978,64158,64380,222
12.9875602722,80.2562026978,64380,64390,10
12.9876203537,80.2559509277,64390,64400,10
12.9877195358,80.2550201416,64400,64420,20
12.9877195358,80.2550201416,64420,64430,10
12.9877099991,80.2547988892,64430,64441,11
12.9877796173,80.2541732788,64441,64451,10
12.9878396988,80.2530593872,64451,64471,20
12.9878396988,80.2530593872,64471,64481,10
12.9878797531,80.2527618408,64481,64491,10
12.9878501892,80.2520980835,64491,64653,162
12.9878501892,80.2520980835,64653,64663,10
12.9877996445,80.2519226074,64663,64673,10
12.9876699448,80.2516174316,64673,64683,10
12.9870595932,80.2516326904,64683,64693,10
12.9862098694,80.2518310547,64693,64703,10
12.9851703644,80.2520904541,64703,64713,10
12.9839401245,80.2524185181,64713,64723,10
12.9825201035,80.2526397705,64723,64735,12
12.9808197021,80.2526931763,64735,64745,10
12.9799098969,80.2526397705,64745,64753,8
12.9798698425,80.2523193359,64753,64765,12
12.9798803329,80.2522201538,64765,64775,10
12.9799995422,80.2518081665,64775,64783,8
12.9801702499,80.2512893677,64783,64793,10
12.9804296494,80.2504425049,64793,64804,11
12.9806604385,80.2492599487,64804,64814,10
12.9807500839,80.2481002808,64814,64824,10
12.9808597565,80.2468566895,64824,64834,10
12.9809999466,80.2455368042,64834,64846,12
12.9811296463,80.2440567017,64846,64854,8
12.9812297821,80.2436218262,64854,64864,10
12.9813203812,80.2427978516,64864,64884,20
12.9813203812,80.2427978516,64884,64894,10
12.9813404083,80.2426528931,64894,64904,10
12.9813299179,80.2421417236,64904,64914,10
12.9813203812,80.2413330078,64914,64924,10
12.9813098907,80.2403564453,64924,64937,13
12.9812698364,80.2390670776,64937,64947,10
12.9812402725,80.2380828857,64947,64957,10
12.9812402725,80.2379074097,64957,64967,10
12.9812402725,80.2376403809,64967,64977,10
12.9812097549,80.2369918823,64977,64987,10
12.9811897278,80.2360992432,64987,64997,10
12.9811601639,80.2350463867,64997,65007,10
12.9812602997,80.2340164185,65007,65017,10
12.9815502167,80.2333908081,65017,65027,10
12.981590271,80.2332992554,65027,65038,11
12.9816198349,80.2332305908,65038,65048,10
12.9817895889,80.2328720093,65048,65058,10
12.9819602966,80.2322998047,65058,65068,10
12.9819297791,80.2317123413,65068,65078,10
12.9818496704,80.2311401367,65078,65088,10
12.981590271,80.2305374146,65088,65098,10
12.9811601639,80.2298431396,65098,65108,10
12.9808797836,80.2294006348,65108,65118,10
12.9806203842,80.2289581299,65118,65139,21
12.9806203842,80.2289581299,65139,65149,10
12.9806203842,80.2289276123,65149,65159,10
12.9803800583,80.2285614014,65159,65169,10
12.9802799225,80.2283096313,65169,65179,10
12.9800100327,80.2278518677,65179,65189,10
12.9795999527,80.2272033691,65189,65199,10
12.9790897369,80.2263183594,65199,65209,10
12.9785900116,80.2254867554,65209,65219,10
12.9780797958,80.2246398926,65219,65229,10
12.9778203964,80.2242965698,65229,65240,11
12.9777097702,80.2240905762,65240,65250,10
12.9774198532,80.2236099243,65250,65260,10
12.9770298004,80.2229614258,65260,65270,10
12.9771099091,80.2226791382,65270,65290,20
12.9771099091,80.2226791382,65290,65300,10
12.9772500992,80.2226715088,65300,65310,10
12.9775104523,80.2224884033,65310,65320,10
12.9774599075,80.2218933105,65320,65330,10
12.9774303436,80.221282959,65330,65341,11
12.9778604507,80.221206665,65341,65351,10
12.9785499573,80.2211608887,65351,65361,10
12.9794101715,80.2210998535,65361,65371,10
12.9803600311,80.221031189,65371,65381,10
12.9811601639,80.2210998535,65381,65391,10
12.9816102982,80.2213363647,65391,65401,10
12.981880188,80.221572876,65401,65411,10
12.982339859,80.221786499,65411,65421,10
12.9827604294,80.2219314575,65421,65431,10
12.9827699661,80.2219314575,65431,65442,11
12.9829301834,80.2220001221,65442,65452,10
12.9830904007,80.2220993042,65452,65462,10
12.9834003448,80.2223205566,65462,65472,10
12.9837999344,80.2225570679,65472,65482,10
12.9843702316,80.2229003906,65482,65492,10
12.9849596024,80.2232131958,65492,65502,10
12.9854402542,80.2232208252,65502,65512,10
12.9858798981,80.2229766846,65512,65522,10
12.9863500595,80.2229690552,65522,65532,10
12.9868402481,80.2230072021,65532,65543,11
12.9872903824,80.2230682373,65543,65553,10
12.9877901077,80.2230072021,65553,65563,10
12.9883899689,80.2225570679,65563,65573,10
12.9889001846,80.222076416,65573,65583,10
12.9893703461,80.2215118408,65583,65593,10
12.9899301529,80.2207565308,65593,65603,10
12.9905996323,80.2202301025,65603,65613,10
12.9908399582,80.2200393677,65613,65623,10
12.9909200668,80.2199401855,65623,65633,10
12.9912004471,80.2197113037,65633,65654,21
12.9912004471,80.2197113037,65654,65664,10
12.9915504456,80.2194290161,65664,65674,10
12.9919395447,80.2191772461,65674,65685,11
12.9926099777,80.2186965942,65685,65696,11
12.9934501648,80.2180786133,65696,65706,10
12.9943799973,80.2174301147,65706,65726,20
12.9943799973,80.2174301147,65726,65735,9
12.9944400787,80.217376709,65735,65747,12
12.9946603775,80.2172088623,65747,65755,8
12.9948997498,80.217048645,65755,65765,10
12.9954500198,80.216758728,65765,65775,10
12.9960899353,80.216583252,65775,65785,10
12.9966201782,80.2164764404,65785,65797,12
12.9969797134,80.2164611816,65797,65807,10
12.9973096848,80.2162475586,65807,65817,10
12.997420311,80.2161483765,65817,65825,8
12.9974899292,80.2160797119,65825,65838,13
12.9980602264,80.2155838013,65838,65848,10
12.9986896515,80.2150421143,65848,65858,10
12.9991102219,80.2146987915,65858,65868,10
12.999540329,80.2143630981,65868,65878,10
13.0000095367,80.2139434814,65878,65888,10
13.000579834,80.2134170532,65888,65898,10
13.0013303757,80.2128372192,65898,65908,10
13.0020999908,80.212310791,65908,65918,10
13.0024299622,80.2121505737,65918,65928,10
13.0025596619,80.212097168,65928,65939,11
13.0030899048,80.2120666504,65939,65949,10
13.0037298203,80.2119979858,65949,65959,10
13.0044498444,80.2121963501,65959,65969,10
13.0051803589,80.2126083374,65969,65979,10
13.0059604645,80.2129211426,65979,65989,10
13.0066204071,80.2127227783,65989,65999,10
13.0073003769,80.2127838135,65999,66009,10
13.0077104568,80.2129211426,66009,66040,31
13.0077104568,80.2129211426,66040,66050,10
13.0077495575,80.2129592896,66050,66060,10
13.007809639,80.2130279541,66060,66070,10
13.0078201294,80.2130432129,66070,66080,10
13.0079202652,80.2131271362,66080,66090,10
13.0084104538,80.2133636475,66090,66100,10
13.0089502335,80.2139968872,66100,66110,10
13.0095100403,80.2147979736,66110,66120,10
13.0099000931,80.2153091431,66120,66130,10
13.0104503632,80.2159194946,66130,66141,11
13.0108003616,80.2168731689,66141,66151,10
13.0112304688,80.2178573608,66151,66161,10
13.0116195679,80.2189331055,66161,66171,10
13.0119695663,80.2199935913,66171,66181,10
13.0122900009,80.220916748,66181,66191,10
13.0125598907,80.221496582,66191,66203,12
13.0129098892,80.222038269,66203,66213,10
13.0132198334,80.2223968506,66213,66223,10
13.0136003494,80.2228469849,66223,66233,10
13.0139503479,80.2232971191,66233,66244,11
13.0142202377,80.2236175537,66244,66254,10
13.0144996643,80.2239379883,66254,66264,10
13.0148000717,80.224319458,66264,66284,20
13.0148000717,80.224319458,66284,66294,10
13.0150499344,80.2247009277,66294,66304,10
13.0153303146,80.2249221802,66304,66314,10
13.0154695511,80.2249832153,66314,66324,10
13.0155296326,80.2250366211,66324,66334,10
13.0157299042,80.225227356,66334,66344,10
13.0161304474,80.2253494263,66344,66354,10
13.0166597366,80.2252578735,66354,66366,12
13.0176095963,80.2248687744,66366,66376,10
13.0185499191,80.2245025635,66376,66384,8
13.0191001892,80.2243728638,66384,66396,12
13.0197401047,80.2245788574,66396,66404,8
13.0200500488,80.224822998,66404,66414,10
13.0204801559,80.2251205444,66414,66425,11
13.0209302902,80.2254486084,66425,66435,10
13.0213603973,80.2257995605,66435,66445,10
13.0218601227,80.2261428833,66445,66455,10
13.0219202042,80.2261886597,66455,66467,12
13.0222196579,80.2264328003,66467,66477,10
13.0224399567,80.2266464233,66477,66487,10
13.0228099823,80.2270126343,66487,66497,10
13.0233001709,80.2274932861,66497,66507,10
13.0237197876,80.2278823853,66507,66515,8
13.0238599777,80.2279968262,66515,66526,11
13.0242395401,80.2284088135,66526,66537,11
13.0246295929,80.2289581299,66537,66548,11
13.0250396729,80.2294921875,66548,66558,10
13.0255203247,80.2300872803,66558,66568,10
13.0258197784,80.2305526733,66568,66578,10
13.0258703232,80.230682373,66578,66588,10
13.0258798599,80.2307128906,66588,66598,10
13.0259399414,80.2309036255,66598,66608,10
13.0259895325,80.2311935425,66608,66618,10
13.0263004303,80.231300354,66618,66628,10
13.0270595551,80.2311019897,66628,66638,10
13.0279302597,80.2309417725,66638,66649,11
13.028459549,80.2308578491,66649,66659,10
13.0288095474,80.2308197021,66659,66669,10
13.0293302536,80.2307815552,66669,66709,40
13.0293302536,80.2307815552,66709,66719,10
13.0295600891,80.2308197021,66719,66729,10
13.0300598145,80.2307815552,66729,66739,10
13.0304603577,80.23072052,66739,66750,11
13.030790329,80.2306976318,66750,66760,10
13.0314702988,80.2306518555,66760,66770,10
13.0322999954,80.2305831909,66770,66780,10
13.0331497192,80.230506897,66780,66790,10
13.0335597992,80.2304763794,66790,66800,10
13.0339002609,80.23046875,66800,66841,41
13.0339002609,80.23046875,66841,66851,10
13.034119606,80.2304611206,66851,66861,10
13.034529686,80.2303390503,66861,66901,40
13.034529686,80.2303390503,66901,66911,10
13.0348596573,80.230178833,66911,66921,10
13.0349998474,80.2298202515,66921,66972,51
13.0349998474,80.2298202515,66972,66982,10
13.0348701477,80.2297821045,66982,67083,101
13.0345096588,80.2297363281,67083,67214,131
13.0341701508,80.2299118042,67214,67335,121
13.0341701508,80.2299118042,67335,67345,10
13.0341701508,80.2301101685,67345,67385,40
13.0341701508,80.2301101685,67385,67396,11
13.0341300964,80.2303771973,67396,67407,11
13.0340499878,80.2304611206,67407,67417,10
13.0337095261,80.2304534912,67417,67427,10
13.0335102081,80.2304382324,67427,67436,9
13.0334396362,80.2304534912,67436,67446,10
13.0333003998,80.2304992676,67446,67456,10
13.0327796936,80.230506897,67456,67466,10
13.0320796967,80.2305831909,67466,67476,10
13.0312099457,80.2306518555,67476,67486,10
13.030790329,80.230682373,67486,67496,10
13.0307703018,80.230682373,67496,67506,10
13.0304498672,80.2307128906,67506,67516,10
13.0299196243,80.2307891846,67516,67549,33
13.0299196243,80.2307891846,67549,67559,10
13.0296897888,80.2307891846,67559,67569,10
13.0293703079,80.2308425903,67569,67579,10
13.0288600922,80.2308807373,67579,67589,10
13.0283203125,80.2309494019,67589,67599,10
13.027879715,80.2309494019,67599,67609,10
13.0276403427,80.2310562134,67609,67619,10
13.0276699066,80.2315979004,67619,67629,10
13.0277795792,80.2322769165,67629,67639,10
13.027759552,80.2327880859,67639,67650,11
13.027130127,80.2328872681,67650,67660,10
13.0269403458,80.2329025269,67660,67680,20
13.0269403458,80.2329025269,67680,67690,10
13.0266704559,80.2330093384,67690,67700,10
13.0263204575,80.2327880859,67700,67710,10
13.0260400772,80.2316818237,67710,67730,20
13.0260400772,80.2316818237,67730,67740,10
13.0259199142,80.2312088013,67740,67751,11
13.025639534,80.2303924561,67751,67761,10
13.0250797272,80.2295913696,67761,67771,10
13.0245895386,80.2290420532,67771,67791,20
13.0245895386,80.2290420532,67791,67801,10
13.0244503021,80.2288513184,67801,67811,10
13.0241098404,80.2284317017,67811,67821,10
13.0236501694,80.2278823853,67821,67831,10
13.0229997635,80.2273635864,67831,67862,31
13.0229997635,80.2273635864,67862,67872,10
13.0227603912,80.2271575928,67872,67882,10
13.0225496292,80.2268218994,67882,67892,10
13.0222396851,80.2265014648,67892,67902,10
13.021780014,80.2261123657,67902,67912,10
13.0214796066,80.2258834839,67912,67922,10
13.0210599899,80.2255630493,67922,67932,10
13.0204296112,80.2250976563,67932,67941,9
13.0197000504,80.224609375,67941,67953,12
13.0185203552,80.2245178223,67953,67963,10
13.0174703598,80.2249603271,67963,67973,10
13.0166501999,80.2253112793,67973,67983,10
13.0161104202,80.2255096436,67983,67993,10
13.0155696869,80.2257232666,67993,68003,10
13.0150098801,80.2259368896,68003,68013,10
13.0144796371,80.2261734009,68013,68033,20
13.0144796371,80.2261734009,68033,68043,10
13.0143404007,80.2262268066,68043,68054,11
13.0137996674,80.2263870239,68054,68064,10
13.0130500793,80.2266616821,68064,68074,10
13.0121603012,80.2270278931,68074,68084,10
13.0111598969,80.2274169922,68084,68094,10
13.010140419,80.2278213501,68094,68104,10
13.009469986,80.2276992798,68104,68114,10
13.0096502304,80.2271194458,68114,68124,10
13.0099897385,80.2263565063,68124,68134,10
13.0103998184,80.225440979,68134,68144,10
13.0105895996,80.2250137329,68144,68155,11
13.010720253,80.2246322632,68155,68165,10
13.0109996796,80.2238922119,68165,68175,10
13.011300087,80.2232284546,68175,68185,10
13.0113601685,80.2231216431,68185,68195,10
13.0114803314,80.2227401733,68195,68205,10
13.0117397308,80.2219467163,68205,68215,10
13.0120296478,80.2210388184,68215,68225,10
13.0118198395,80.2201919556,68225,68235,10
13.0115098953,80.2192001343,68235,68245,10
13.0111999512,80.2181777954,68245,68256,11
13.0107698441,80.217086792,68256,68263,7
13.0104799271,80.216468811,68263,68276,13
13.0100898743,80.2158279419,68276,68286,10
13.0097398758,80.2151412964,68286,68296,10
13.0093297958,80.2145996094,68296,68306,10
13.0088396072,80.2139587402,68306,68316,10
13.0085496902,80.2135925293,68316,68336,20
13.0084400177,80.213470459,68336,68417,81
13.0084400177,80.213470459,68417,68427,10
13.0080404282,80.2132415771,68427,68479,52
13.0080404282,80.2132415771,68479,68489,10
13.0079298019,80.2131576538,68489,68499,10
13.0076303482,80.2129211426,68499,68509,10
13.0071802139,80.2127609253,68509,68519,10
13.0067195892,80.2126922607,68519,68529,10
13.0061903,80.2127838135,68529,68539,10
13.005689621,80.2129135132,68539,68550,11
13.00522995,80.2126464844,68550,68610,60
13.0049104691,80.2124862671,68610,68640,30
13.0049104691,80.2124862671,68640,68651,11
13.0047798157,80.212387085,68651,68661,10
13.0045700073,80.2122573853,68661,68671,10
13.0041399002,80.2121124268,68671,68681,10
13.0036001205,80.212020874,68681,68691,10
13.0031795502,80.2120132446,68691,68701,10
13.0029096603,80.2120132446,68701,68711,10
13.0024595261,80.2120895386,68711,68721,10
13.0020704269,80.2122573853,68721,68731,10
13.0016202927,80.2125701904,68731,68740,9
13.0011701584,80.212928772,68740,68752,12
13.0005998611,80.2134094238,68752,68762,10
13.0001602173,80.2138214111,68762,68772,10
12.9997596741,80.2141799927,68772,68782,10
12.9993095398,80.2145690918,68782,68792,10
12.9989900589,80.2148666382,68792,68802,10
12.9985198975,80.2152786255,68802,68812,10
12.9978904724,80.2158203125,68812,68822,10
12.9973497391,80.2163696289,68822,68832,10
12.9970502853,80.2165222168,68832,68853,21
12.9970502853,80.2165222168,68853,68863,10
12.9968395233,80.2165298462,68863,68873,10
12.9963302612,80.2165603638,68873,68883,10
12.9956598282,80.2166976929,68883,68892,9
12.9951400757,80.2169418335,68892,68904,12
12.9948501587,80.2171173096,68904,68914,10
12.9944295883,80.2174224854,68914,68924,10
12.994099617,80.2176895142,68924,68934,10
12.9937000275,80.2179718018,68934,68944,10
12.9931297302,80.2183380127,68944,68955,11
12.9925603867,80.2187728882,68955,68965,10
12.9919395447,80.2192382813,68965,68975,10
12.9916296005,80.2194976807,68975,68985,10
12.9914598465,80.2196121216,68985,68995,10
12.9911003113,80.2198181152,68995,69004,9
12.9908704758,80.2199783325,69004,69016,12
12.9907999039,80.2200393677,69016,69026,10
12.9907197952,80.220123291,69026,69037,11
12.9903001785,80.2204666138,69037,69046,9
12.9898004532,80.2209091187,69046,69056,10
12.9892997742,80.2215194702,69056,69068,12
12.9887104034,80.2222900391,69068,69078,10
12.9883403778,80.2226333618,69078,69088,10
12.9876098633,80.2230606079,69088,69106,18
12.9876098633,80.2230606079,69106,69118,12
12.9873104095,80.2230529785,69118,69128,10
12.9872398376,80.2230377197,69128,69138,10
12.9871702194,80.2230529785,69138,69147,9
12.9868402481,80.2229766846,69147,69157,10
12.9858503342,80.2229690552,69157,69177,20
12.9858503342,80.2229690552,69177,69189,12
12.9853801727,80.2232284546,69189,69197,8
12.9848604202,80.2230682373,69197,69207,10
12.9844503403,80.2228775024,69207,69219,12
12.9842996597,80.2228088379,69219,69250,31
12.9842996597,80.2228088379,69250,69260,10
12.9839401245,80.2226104736,69260,69270,10
12.9837999344,80.2225418091,69270,69280,10
12.9836797714,80.2224731445,69280,69340,60
12.9836797714,80.2224731445,69340,69351,11
12.9833698273,80.2222213745,69351,69381,30
12.9833698273,80.2222213745,69381,69391,10
12.9828996658,80.2219772339,69391,69401,10
12.9823703766,80.2218017578,69401,69411,10
12.9817695618,80.2214736938,69411,69421,10
12.9812297821,80.2211532593,69421,69431,10
12.9806404114,80.2210617065,69431,69441,10
12.9798898697,80.2211074829,69441,69452,11
12.9790802002,80.2211532593,69452,69462,10
12.9782400131,80.2211837769,69462,69472,10
12.9776802063,80.2211914063,69472,69482,10
12.977350235,80.221206665,69482,69492,10
12.9767599106,80.2211990356,69492,69502,10
12.9761695862,80.2212600708,69502,69512,10
12.976269722,80.2216110229,69512,69542,30
12.976269722,80.2216110229,69542,69553,11
12.9764795303,80.2220077515,69553,69563,10
12.9767999649,80.2225875854,69563,69573,10
12.9772596359,80.2233505249,69573,69583,10
12.977809906,80.2242202759,69583,69593,10
12.9782800674,80.2249679565,69593,69603,10
12.9787502289,80.2257614136,69603,69613,10
12.9792299271,80.2265396118,69613,69623,10
12.9795598984,80.227142334,69623,69633,10
12.9799003601,80.2277679443,69633,69643,10
12.9802703857,80.2283477783,69643,69654,11
12.9806804657,80.2290420532,69654,69664,10
12.9809398651,80.2294692993,69664,69674,10
12.9816198349,80.2304611206,69674,69694,20
12.9816198349,80.2304611206,69694,69704,10
12.9817495346,80.2307128906,69704,69714,10
12.9819402695,80.2313232422,69714,69724,10
12.9819803238,80.2321166992,69724,69734,10
12.9818201065,80.2328720093,69734,69744,10
12.9815998077,80.2334136963,69744,69755,11
12.9815797806,80.2334823608,69755,69765,10
12.9813499451,80.2339096069,69765,69775,10
12.9811601639,80.2345733643,69775,69785,10
12.9811897278,80.2354278564,69785,69795,10
12.9812202454,80.2364501953,69795,69805,10
12.9812498093,80.2374191284,69805,69815,10
12.9812698364,80.2381591797,69815,69825,10
12.9812698364,80.2385482788,69825,69835,10
12.9812698364,80.238609314,69835,69845,10
12.9812803268,80.2390899658,69845,69856,11
12.981300354,80.2398910522,69856,69866,10
12.981300354,80.2407531738,69866,69876,10
12.9813098907,80.2415771484,69876,69886,10
12.9813203812,80.2421569824,69886,69896,10
12.9813299179,80.2426834106,69896,69906,10
12.9813299179,80.2427368164,69906,69916,10
12.9813299179,80.2431488037,69916,69927,11
12.9812602997,80.2438735962,69927,69937,10
12.9811401367,80.2447891235,69937,69947,10
12.9809999466,80.2459182739,69947,69957,10
12.9808597565,80.2472686768,69957,69967,10
12.9807500839,80.2486495972,69967,69979,12
12.9805603027,80.2501068115,69979,69991,12
12.9802103043,80.2514572144,69991,70001,10
12.9800701141,80.2520980835,70001,70011,10
12.9800596237,80.2521362305,70011,70021,10
12.980050087,80.2523880005,70021,70031,10
12.9804697037,80.2525863647,70031,70041,10
12.9812898636,80.252571106,70041,70052,11
12.9825000763,80.252532959,70052,70062,10
12.9838495255,80.2523193359,70062,70072,10
12.9852399826,80.251953125,70072,70082,10
12.9863195419,80.2516479492,70082,70092,10
12.9870901108,80.251411438,70092,70156,64
12.9870901108,80.251411438,70156,70166,10
12.9871702194,80.2513885498,70166,70176,10
12.987449646,80.2513198853,70176,70186,10
12.9877901077,80.2513580322,70186,70196,10
12.9879198074,80.2518234253,70196,70205,9
12.9879598618,80.2520599365,70205,70217,12
12.9879198074,80.2528076172,70217,70227,10
12.9878396988,80.2537307739,70227,70238,11
12.9877300262,80.2552566528,70238,70398,160
12.9877300262,80.2552566528,70398,70408,10
12.9876499176,80.2555389404,70408,70418,10
12.9875802994,80.2558822632,70418,70428,10
12.9875097275,80.2564926147,70428,70438,10
12.9875097275,80.2568893433,70438,70451,13
12.9874401093,80.2573623657,70451,70461,10
12.9873800278,80.2581176758,70461,70471,10
12.9872999191,80.2589187622,70471,70481,10
12.9871397018,80.2595062256,70481,70501,20
12.9871397018,80.2595062256,70501,70511,10
12.986989975,80.2595367432,70511,70521,10
12.9865903854,80.2594680786,70521,70531,10
12.9867296219,80.2590408325,70531,70642,111
12.9867296219,80.2590408325,70642,70653,11
12.9870901108,80.2591094971,70653,70663,10
12.9872303009,80.2590866089,70663,70673,10
12.9872903824,80.2589111328,70673,70683,10
12.9873199463,80.2583618164,70683,70774,91
12.9873199463,80.2583618164,70774,70784,10
12.9872703552,80.2581787109,70784,70794,10
12.9873199463,80.2580108643,70794,70804,10
12.9873504639,80.2578811646,70804,70814,10
12.9874000549,80.2574768066,70814,70824,10
12.9874801636,80.2569732666,70824,70834,10
12.9875402451,80.2565994263,70834,70844,10
12.9875602722,80.256362915,70844,70885,41
12.9875297546,80.2562179565,70885,70915,30
12.9875297546,80.2562179565,70915,70925,10
12.9875297546,80.2560119629,70925,70934,9
12.9875202179,80.2558822632,70934,70944,10
12.9875297546,80.2557067871,70944,70957,13
12.9876499176,80.2550888062,70957,70967,10
12.987739563,80.2544631958,70967,70977,10
12.9877996445,80.2536315918,70977,70987,10
12.9877901077,80.2533035278,70987,70997,10
12.9878196716,80.2528991699,70997,71129,132
12.9878196716,80.2528991699,71129,71138,9
12.987859726,80.2526092529,71138,71148,10
12.9878797531,80.252243042,71148,71160,12
12.9878101349,80.2519073486,71160,71230,70
12.9878101349,80.2519073486,71230,71239,9
12.9877796173,80.2518310547,71239,71249,10
12.9876804352,80.2516326904,71249,71259,10
12.9873399734,80.2515792847,71259,71271,12
12.9864397049,80.251739502,71271,71281,10
12.9854698181,80.2519683838,71281,71291,10
12.9842596054,80.2523117065,71291,71301,10
12.9828395844,80.2526168823,71301,71311,10
12.9812803268,80.2526702881,71311,71321,10
12.9801502228,80.2527236938,71321,71331,10
12.9798402786,80.2522583008,71331,71351,20
12.9798402786,80.2522583008,71351,71362,11
12.9799203873,80.2519607544,71362,71372,10
12.9801301956,80.251373291,71372,71382,10
12.9803695679,80.2505187988,71382,71392,10
12.9806098938,80.249458313,71392,71402,10
12.9806995392,80.2481765747,71402,71412,10
12.9808397293,80.2468109131,71412,71422,10
12.9809904099,80.2453765869,71422,71432,10
12.9811000824,80.244140625,71432,71442,10
12.9812297821,80.243560791,71442,71452,10
12.981300354,80.2430725098,71452,71463,11
12.9813098907,80.2427597046,71463,71473,10
12.9813203812,80.2425231934,71473,71483,10
12.9813098907,80.241897583,71483,71493,10
12.981300354,80.2410736084,71493,71503,10
12.9812803268,80.2401275635,71503,71513,10
12.9812698364,80.2394332886,71513,71523,10
12.9812498093,80.2387619019,71523,71533,10
12.9812202454,80.23802948,71533,71543,10
12.9812202454,80.2378921509,71543,71553,10
12.9812202454,80.23777771,71553,71564,11
12.9812002182,80.2372665405,71564,71574,10
12.9811897278,80.2365570068,71574,71584,10
12.9811697006,80.2357025146,71584,71594,10
12.9811296463,80.2346878052,71594,71604,10
12.9813203812,80.2337799072,71604,71614,10
12.9815597534,80.2332763672,71614,71624,10
12.9815998077,80.2332305908,71624,71634,10
12.9817199707,80.2329864502,71634,71644,10
12.9819002151,80.232460022,71644,71652,8
12.9819202423,80.2320404053,71652,71663,11
12.9819002151,80.2315063477,71663,71675,12
12.9817495346,80.2308807373,71675,71685,10
12.9814996719,80.2304077148,71685,71695,10
12.9811601639,80.2298583984,71695,71705,10
12.9809799194,80.2295837402,71705,71715,10
12.9807701111,80.2292404175,71715,71725,10
12.9806404114,80.2290420532,71725,71735,10
12.9805898666,80.2289199829,71735,71744,9
12.9803600311,80.2285385132,71744,71756,12
12.9802103043,80.2282180786,71756,71766,10
12.9800395966,80.2279205322,71766,71776,10
12.9799900055,80.2278289795,71776,71786,10
12.9798603058,80.2276306152,71786,71796,10
12.9798002243,80.2275466919,71796,71806,10
12.9794998169,80.2270736694,71806,71816,10
12.9792003632,80.2265625,71816,71826,10
12.9788303375,80.2259292603,71826,71836,10
12.9783802032,80.2251815796,71836,71846,10
12.9780597687,80.2246627808,71846,71857,11
12.9778604507,80.2244186401,71857,71867,10
12.9775896072,80.2239608765,71867,71877,10
12.9773302078,80.2235488892,71877,71887,10
12.9770402908,80.2230682373,71887,71897,10
12.9769601822,80.2229385376,71897,71907,10
12.9770698547,80.22265625,71907,71937,30
12.9770698547,80.22265625,71937,71947,10
12.9773101807,80.2226028442,71947,71958,11
12.9774599075,80.2225570679,71958,71968,10
12.9774703979,80.2223205566,71968,71978,10
12.9774503708,80.2216567993,71978,71988,10
12.9774398804,80.2211914063,71988,71998,10
12.9778003693,80.2211608887,71998,72008,10
12.9784898758,80.2211227417,72008,72018,10
12.9792404175,80.2210464478,72018,72028,10
12.9799098969,80.2210083008,72028,72038,10
12.980509758,80.2209396362,72038,72048,10
12.9809303284,80.2209701538,72048,72058,10
12.9813804626,80.2211608887,72058,72070,12
12.9818401337,80.2214584351,72070,72078,8
12.9821300507,80.2216491699,72078,72088,10
12.9823904037,80.2217407227,72088,72098,10
12.9825801849,80.2218017578,72098,72108,10
12.9828395844,80.2218933105,72108,72128,20
12.9828395844,80.2218933105,72128,72139,11
12.9829998016,80.2219467163,72139,72150,11
12.9833698273,80.2222137451,72150,72161,11
12.9836797714,80.222442627,72161,72169,8
12.9840602875,80.2226333618,72169,72179,10
12.9844999313,80.2229003906,72179,72189,10
12.9849796295,80.2231521606,72189,72199,10
12.9853897095,80.2232437134,72199,72209,10
12.9857997894,80.2229385376,72209,72221,12
12.9864797592,80.2229232788,72221,72231,10
12.9866104126,80.2229309082,72231,72241,10
12.9869604111,80.2229919434,72241,72250,9
12.9874801636,80.2230300903,72250,72262,12
12.9881896973,80.2226791382,72262,72270,8
12.9886798859,80.2222213745,72270,72282,12
12.9894104004,80.2212982178,72282,72292,10
12.9900102615,80.2206115723,72292,72302,10
12.9904298782,80.2203063965,72302,72312,10
12.9906997681,80.2201004028,72312,72322,10
12.9910697937,80.2197723389,72322,72332,10
12.9912099838,80.219619751,72332,72342,10
12.9913301468,80.2195281982,72342,72352,10
12.9916696548,80.2193069458,72352,72363,11
12.9923200607,80.2188491821,72363,72373,10
12.9930400848,80.2183532715,72373,72383,10
12.9936599731,80.2178878784,72383,72393,10
12.9939699173,80.2176589966,72393,72403,10
12.9942102432,80.2174835205,72403,72413,10
12.9944400787,80.2173080444,72413,72423,10
12.994600296,80.2171936035,72423,72433,10
12.9948797226,80.2169876099,72433,72443,10
12.9952201843,80.2167816162,72443,72453,10
12.9958000183,80.2165603638,72453,72464,11
12.9964399338,80.2164382935,72464,72474,10
12.996919632,80.2163925171,72474,72484,10
12.9972801208,80.2161636353,72484,72494,10
12.9974098206,80.2160415649,72494,72504,10
12.9975004196,80.216003418,72504,72514,10
12.9978303909,80.215713501,72514,72524,10
12.9983997345,80.2152328491,72524,72534,10
12.9990196228,80.2146987915,72534,72544,10
12.9993400574,80.2144317627,72544,72554,10
12.9998397827,80.214012146,72554,72565,11
13.0004501343,80.2134475708,72565,72575,10
13.001159668,80.2128829956,72575,72585,10
13.0018796921,80.2123565674,72585,72595,10
13.0025997162,80.212020874,72595,72605,10
13.0033302307,80.2119827271,72605,72613,8
13.0038499832,80.2119216919,72613,72625,12
13.0045499802,80.2122116089,72625,72635,10
13.0052099228,80.2125778198,72635,72645,10
13.005979538,80.2127990723,72645,72655,10
13.0066995621,80.2126617432,72655,72666,11
13.0077495575,80.2129516602,72666,72706,40
13.0077495575,80.2129516602,72706,72716,10
13.0079298019,80.2131195068,72716,72726,10
13.0082101822,80.2132492065,72726,72736,10
13.0086898804,80.2136917114,72736,72746,10
13.0093002319,80.2144622803,72746,72757,11
13.0097999573,80.2151412964,72757,72767,10
13.0102996826,80.2156829834,72767,72777,10
13.0107097626,80.2165374756,72777,72787,10
13.0109796524,80.2173080444,72787,72797,10
13.0114202499,80.2184829712,72797,72807,10
13.0118503571,80.2196578979,72807,72816,9
13.0122003555,80.2207183838,72816,72828,12
13.0126304626,80.2216567993,72828,72838,10
13.013250351,80.2223968506,72838,72848,10
13.0138196945,80.2231216431,72848,72859,11
13.014380455,80.2238464355,72859,72869,10
13.0149097443,80.2245025635,72869,72879,10
13.0151596069,80.2247924805,72879,72889,10
13.0153598785,80.2249298096,72889,72899,10
13.0155801773,80.2250976563,72899,72909,10
13.0162696838,80.2252807617,72909,72920,11
13.0172901154,80.2249221802,72920,72930,10
13.0183601379,80.2244873047,72930,72940,10
13.0195503235,80.2244110107,72940,72962,22
13.0195503235,80.2244110107,72962,72970,8
13.0196800232,80.2245330811,72970,72980,10
13.0200796127,80.2248077393,72980,72990,10
13.0207395554,80.2252731323,72990,73000,10
13.0214300156,80.225769043,73000,73010,10
13.0219297409,80.2261199951,73010,73020,10
13.0219297409,80.2261276245,73020,73030,10
13.0221700668,80.2263183594,73030,73040,10
13.0227203369,80.2268066406,73040,73050,10
13.023440361,80.2275009155,73050,73063,13
13.0243501663,80.2284622192,73063,73093,30
13.0243501663,80.2284622192,73093,73103,10
13.0244703293,80.2286224365,73103,73113,10
13.0248498917,80.2291488647,73113,73123,10
13.0253601074,80.2298202515,73123,73133,10
13.0258398056,80.2306518555,73133,73143,10
13.0260095596,80.2312164307,73143,73150,7
13.0260095596,80.231262207,73150,73164,14
13.0265703201,80.2311782837,73164,73174,10
13.0274200439,80.2309417725,73174,73184,10
13.0280895233,80.2308502197,73184,73194,10
13.0281095505,80.2308502197,73194,73204,10
13.028429985,80.2308425903,73204,73214,10
13.0292596817,80.230758667,73214,73234,20
13.0292596817,80.230758667,73234,73244,10
13.0293397903,80.2307510376,73244,73254,10
13.0298099518,80.2306976318,73254,73265,11
13.0304403305,80.2306365967,73265,73275,10
13.0307798386,80.2306289673,73275,73285,10
13.0313796997,80.2305908203,73285,73295,10
13.0320701599,80.2305221558,73295,73305,10
13.0328702927,80.2304534912,73305,73315,10
13.033539772,80.2304077148,73315,73325,10
13.0339002609,80.2303237915,73325,73396,71
13.0339002609,80.2303237915,73396,73406,10
13.0341596603,80.2302780151,73406,73416,10
13.034620285,80.2302093506,73416,73426,10
13.0349798203,80.2299804688,73426,73436,10
13.0349302292,80.2297668457,73436,73445,9
13.0342102051,80.2297363281,73445,73578,133
13.0342102051,80.2297363281,73578,73588,10
13.0341796875,80.2300872803,73588,73598,10
13.034119606,80.2303695679,73598,73638,40
13.034119606,80.2303695679,73638,73647,9
13.0339698792,80.2304382324,73647,73659,12
13.0334997177,80.2304382324,73659,73669,10
13.033490181,80.2304382324,73669,73679,10
13.0332603455,80.2304382324,73679,73689,10
13.0326499939,80.2304992676,73689,73701,12
13.03166008,80.2306137085,73701,73711,10
13.0293903351,80.2308578491,73711,73751,40
13.0293903351,80.2308578491,73751,73771,20
13.0279598236,80.2310028076,73771,73783,12
13.0276403427,80.2311935425,73783,73793,10
13.0277004242,80.2317276001,73793,73803,10
13.0277795792,80.2323226929,73803,73813,10
13.0277996063,80.232749939,73813,73823,10
13.0272102356,80.2328414917,73823,73833,10
13.0267801285,80.2329101563,73833,73843,10
13.0264101028,80.2328720093,73843,73853,10
13.0262203217,80.2323226929,73853,73864,11
13.0260000229,80.2314834595,73864,73874,10
13.0257902145,80.2307434082,73874,73884,10
13.0253400803,80.229927063,73884,73894,10
13.0248298645,80.2292633057,73894,73904,10
13.0246400833,80.2290420532,73904,73914,10
13.0243196487,80.2286300659,73914,73924,10
13.0238895416,80.2280731201,73924,73934,10
13.0233402252,80.2275238037,73934,73944,10
13.023059845,80.2272872925,73944,73954,10
13.0229196548,80.2271728516,73954,73965,11
13.0225696564,80.2267990112,73965,73975,10
13.0221204758,80.2264099121,73975,73985,10
13.0215997696,80.2259979248,73985,73995,10
13.0209102631,80.2254562378,73995,74005,10
13.0201196671,80.2249603271,74005,74015,10
13.0199804306,80.2248687744,74015,74025,10
13.0195503235,80.224609375,74025,74035,10
13.0188302994,80.2244873047,74035,74045,10
13.0179796219,80.2248001099,74045,74055,10
13.017080307,80.2251586914,74055,74066,11
13.016500473,80.2254104614,74066,74076,10
13.0160102844,80.2255783081,74076,74086,10
13.0154304504,80.2257766724,74086,74096,10
13.0149202347,80.2259597778,74096,74106,10
13.0145998001,80.2260437012,74106,74116,10
13.0138502121,80.2263183594,74116,74126,10
13.0128498077,80.2267379761,74126,74136,10
13.0116901398,80.2272033691,74136,74146,10
13.0104598999,80.2276763916,74146,74156,10
13.0095396042,80.2278137207,74156,74167,11
13.0097198486,80.2270507813,74167,74177,10
13.0101203918,80.2261581421,74177,74187,10
13.0105104446,80.2252883911,74187,74197,10
13.0108203888,80.2245483398,74197,74207,10
13.0111598969,80.2237319946,74207,74217,10
13.0114898682,80.2229537964,74217,74227,10
13.0117998123,80.2220687866,74227,74237,10
13.0120601654,80.2213516235,74237,74247,10
13.0121002197,80.2209320068,74247,74258,11
13.011879921,80.2201766968,74258,74268,10
13.0115804672,80.2192382813,74268,74278,10
13.0112695694,80.2183914185,74278,74288,10
13.0109300613,80.2175827026,74288,74298,10
13.0106496811,80.2168197632,74298,74308,10
13.010430336,80.2163085938,74308,74318,10
13.0100803375,80.2157287598,74318,74328,10
13.0097198486,80.2150192261,74328,74337,9
13.0092697144,80.2144470215,74337,74349,12
13.0087099075,80.2136764526,74349,74360,11
13.008310318,80.2133636475,74360,74370,10
13.0082502365,80.2133483887,74370,74380,10
13.0080795288,80.2132568359,74380,74390,10
13.0079898834,80.2132110596,74390,74400,10
13.0077495575,80.2129516602,74400,74412,12
13.0069904327,80.2127609253,74412,74422,10
13.0061798096,80.2128601074,74422,74432,10
13.0054998398,80.2128219604,74432,74442,10
13.004699707,80.2123413086,74442,74451,9
13.0038299561,80.2120819092,74451,74463,12
13.002989769,80.212097168,74463,74473,10
13.0022697449,80.2122497559,74473,74481,8
13.0018100739,80.2125015259,74481,74493,12
13.0014801025,80.2127304077,74493,74501,8
13.0011196136,80.2129898071,74501,74511,10
13.00041008,80.2136230469,74511,74521,10
12.9998102188,80.2141799927,74521,74531,10
12.999329567,80.2145767212,74531,74541,10
12.9989995956,80.2148513794,74541,74551,10
12.9985103607,80.2152862549,74551,74564,13
12.9976501465,80.2160415649,74564,74574,10
12.9974298477,80.2162780762,74574,74584,10
12.9971904755,80.2164764404,74584,74594,10
12.9967603683,80.2164993286,74594,74604,10
12.9961795807,80.2166137695,74604,74614,10
12.9955196381,80.2167816162,74614,74624,10
12.9950304031,80.217048645,74624,74634,10
12.9946498871,80.217300415,74634,74644,10
12.9942598343,80.217590332,74644,74654,10
12.9939804077,80.2177963257,74654,74665,11
12.9935102463,80.2181396484,74665,74675,10
12.9930801392,80.218421936,74675,74685,10
12.9925603867,80.2188110352,74685,74695,10
12.9918298721,80.219367981,74695,74705,10
12.9912395477,80.2197799683,74705,74715,10
12.9910202026,80.2199401855,74715,74725,10
12.9910097122,80.2199478149,74725,74735,10
12.9909496307,80.2200317383,74735,74745,10
12.9906196594,80.2202606201,74745,74755,10
12.9900503159,80.2207336426,74755,74766,11
12.9894504547,80.2214889526,74766,74776,10
12.9890403748,80.2219696045,74776,74786,10
12.9885396957,80.2224884033,74786,74796,10
12.9878997803,80.2229614258,74796,74806,10
12.987159729,80.2230224609,74806,74816,10
12.9865198135,80.2229537964,74816,74826,10
12.985830307,80.2229919434,74826,74836,10
12.9855203629,80.2232284546,74836,74846,10
12.9849500656,80.2231292725,74846,74857,11
12.9839096069,80.2225723267,74857,74887,30
12.9839096069,80.2225723267,74887,74897,10
12.9837198257,80.2224884033,74897,74907,10
12.9835796356,80.222366333,74907,74917,10
12.9834403992,80.2222671509,74917,74958,41
12.9834403992,80.2222671509,74958,74968,10
12.9831104279,80.222076416,74968,74978,10
12.98279953,80.2219314575,74978,74988,10
12.9822998047,80.2217712402,74988,74998,10
12.9816398621,80.2212982178,74998,75008,10
12.9808797836,80.2210464478,75008,75018,10
12.9799098969,80.2211380005,75018,75028,10
12.9790401459,80.2211685181,75028,75038,10
12.9780397415,80.221206665,75038,75048,10
12.9770898819,80.2212600708,75048,75059,11
12.976149559,80.2212677002,75059,75069,10
12.976099968,80.2214584351,75069,75079,10
12.9761600494,80.2215194702,75079,75089,10
12.9761800766,80.2215805054,75089,75099,10
12.9762496948,80.2217178345,75099,75109,10
12.9765701294,80.2222137451,75109,75119,10
12.9769802094,80.2228927612,75119,75129,10
12.977399826,80.2235565186,75129,75139,10
12.9778795242,80.2243270874,75139,75148,9
12.9782600403,80.224937439,75148,75160,12
12.9786396027,80.2255706787,75160,75170,10
12.9790897369,80.2262802124,75170,75180,10
12.979590416,80.227142334,75180,75190,10
12.9801502228,80.2280273438,75190,75202,12
12.9807100296,80.2289810181,75202,75210,8
12.9810199738,80.2295303345,75210,75222,12
12.9815797806,80.2303695679,75222,75230,8
12.9816598892,80.2304916382,75230,75242,12
12.9817800522,80.2306976318,75242,75250,8
12.9819297791,80.2311706543,75250,75261,11
12.9820604324,80.2320785522,75261,75272,11
12.981880188,80.232963562,75272,75282,10
12.9816398621,80.2334976196,75282,75293,11
12.9815397263,80.2337112427,75293,75303,10
12.9812498093,80.2343292236,75303,75312,9
12.9812002182,80.2351531982,75312,75322,10
12.9812202454,80.2362289429,75322,75332,10
12.9812803268,80.2373428345,75332,75341,9
12.9813098907,80.2381973267,75341,75352,11
12.9813203812,80.238609314,75352,75364,12
12.9813203812,80.2386398315,75364,75374,10
12.9813203812,80.2390594482,75374,75384,10
12.9813299179,80.2396621704,75384,75394,10
12.9813404083,80.2404022217,75394,75404,10
12.9813699722,80.2413406372,75404,75414,10
12.9813899994,80.242767334,75414,75434,20
12.9814100266,80.2428512573,75434,75454,20
12.9814100266,80.2428512573,75454,75465,11
12.9814500809,80.2429504395,75465,75475,10
12.9814395905,80.2434234619,75475,75485,10
12.9813404083,80.2441329956,75485,75495,10
12.9812297821,80.2450485229,75495,75505,10
12.9811000824,80.246131897,75505,75515,10
12.9809598923,80.2473373413,75515,75525,10
12.9808702469,80.2486190796,75525,75535,10
12.9806900024,80.2498931885,75535,75545,10
12.9804296494,80.2509536743,75545,75555,10
12.9801702499,80.2521591187,75555,75576,21
12.9801702499,80.2521591187,75576,75586,10
12.9801502228,80.252243042,75586,75596,10
12.9801397324,80.2524185181,75596,75606,10
12.9802503586,80.2525482178,75606,75616,10
12.9806003571,80.2526397705,75616,75626,10
12.981300354,80.2526092529,75626,75636,10
12.9822397232,80.2525787354,75636,75646,10
12.9833898544,80.2524871826,75646,75657,11
12.9845600128,80.2521820068,75657,75667,10
12.9856796265,80.2518692017,75667,75677,10
12.9863595963,80.251701355,75677,75687,10
12.9872903824,80.251449585,75687,75747,60
12.9872903824,80.251449585,75747,75758,11
12.9874601364,80.251411438,75758,75768,10
12.9877004623,80.2513580322,75768,75778,10
12.987950325,80.2516708374,75778,75788,10
12.9880695343,80.252281189,75788,75798,10
12.9879999161,80.2530212402,75798,75808,10
12.987950325,80.2533798218,75808,75818,10
12.9878797531,80.2540206909,75818,75828,10
12.9877901077,80.2548980713,75828,75838,10
12.9876699448,80.2562789917,75838,75859,21
12.9876699448,80.2562789917,75859,75869,10
12.987660408,80.2565994263,75869,75879,10
12.9875802994,80.2571105957,75879,75889,10
12.9875097275,80.2579879761,75889,75899,10
12.9874401093,80.2588195801,75899,75909,10
12.9874095917,80.2590408325,75909,75919,10
12.9872999191,80.2593002319,75919,75929,10
12.9872198105,80.2595901489,75929,75980,51
12.9872198105,80.2595901489,75980,75990,10
12.9868803024,80.2595825195,75990,76000,10
12.9866104126,80.2595062256,76000,76010,10
12.9865598679,80.2593231201,76010,76516,506
12.9865598679,80.2593231201,76516,76526,10
12.986579895,80.2590713501,76526,76536,10
12.9866304398,80.2589569092,76536,76546,10
12.9868898392,80.2590103149,76546,76567,21
12.9868898392,80.2590103149,76567,76577,10
12.9869699478,80.2590713501,76577,76587,10
12.9872398376,80.2590866089,76587,76597,10
12.9873695374,80.2588729858,76597,76607,10
12.9874095917,80.2584228516,76607,76617,10
12.987449646,80.2578811646,76617,76627,10
12.9875097275,80.2572021484,76627,76637,10
12.9875802994,80.256362915,76637,76647,10
12.9876499176,80.2557373047,76647,76657,10
12.9877500534,80.2551727295,76657,76668,11
12.9878196716,80.2542495728,76668,76678,10
12.9878797531,80.2529830933,76678,76718,40
12.9878797531,80.2529830933,76718,76728,10
12.9878997803,80.252822876,76728,76738,10
12.9879102707,80.2525482178,76738,76748,10
12.9878997803,80.252166748,76748,76900,152
12.9878997803,80.252166748,76900,76910,10
12.9878396988,80.2520065308,76910,76920,10
12.9878196716,80.2517700195,76920,76930,10
12.9874095917,80.2516326904,76930,76940,10
12.9868602753,80.2517089844,76940,76950,10
12.9861803055,80.2518692017,76950,76961,11
12.9852399826,80.2521209717,76961,76971,10
12.9843101501,80.2523727417,76971,76981,10
12.9834098816,80.2525787354,76981,76991,10
12.9824304581,80.2526779175,76991,77001,10
12.9813995361,80.2527236938,77001,77011,10
12.9804096222,80.252746582,77011,77021,10
12.9798603058,80.2526016235,77021,77031,10
12.9799098969,80.2520065308,77031,77041,10
12.9801702499,80.2512512207,77041,77051,10
12.9804601669,80.2502365112,77051,77062,11
12.9806604385,80.2489624023,77062,77072,10
12.9807500839,80.2477874756,77072,77082,10
12.9808502197,80.2465515137,77082,77093,11
12.9810199738,80.2451171875,77093,77103,10
12.9811201096,80.2440109253,77103,77113,10
12.9812202454,80.2436294556,77113,77123,10
12.9812803268,80.2432785034,77123,77132,9
12.9812898636,80.2429122925,77132,77144,12
12.981300354,80.2427597046,77144,77153,9
12.981300354,80.2423171997,77153,77165,12
12.9812898636,80.2414169312,77165,77175,10
12.981300354,80.2406311035,77175,77183,8
12.9812803268,80.2399597168,77183,77195,12
12.9812498093,80.2390823364,77195,77205,10
12.9812402725,80.23802948,77205,77225,20
12.9812402725,80.23802948,77225,77235,10
12.9812498093,80.2378997803,77235,77245,10
12.9812297821,80.2373962402,77245,77255,10
12.9812202454,80.2365875244,77255,77266,11
12.981180191,80.2354278564,77266,77276,10
12.981180191,80.2343521118,77276,77286,10
12.9815101624,80.2335128784,77286,77293,7
12.9815797806,80.2333679199,77293,77306,13
12.9816198349,80.2333221436,77306,77316,10
12.9817895889,80.2329483032,77316,77326,10
12.9819498062,80.2323608398,77326,77335,9
12.9819202423,80.2318496704,77335,77346,11
12.9818696976,80.2313079834,77346,77355,9
12.9817199707,80.2308807373,77355,77368,13
12.9813098907,80.2301635742,77368,77378,10
12.9809799194,80.2296600342,77378,77388,10
12.9807500839,80.2292861938,77388,77398,10
12.9805498123,80.2289505005,77398,77408,10
12.9802703857,80.2284088135,77408,77418,10
12.9799804688,80.2278671265,77418,77428,10
12.9798402786,80.2276382446,77428,77438,10
12.9795598984,80.227180481,77438,77448,10
12.979180336,80.2265472412,77448,77459,11
12.9787502289,80.2257995605,77459,77469,10
12.9783401489,80.225112915,77469,77479,10
12.9779901505,80.2245864868,77479,77489,10
12.9777603149,80.2242279053,77489,77499,10
12.9774904251,80.2238082886,77499,77509,10
12.977230072,80.2233963013,77509,77519,10
12.9769296646,80.2228622437,77519,77529,10
12.9769001007,80.2228088379,77529,77539,10
12.9771003723,80.2227096558,77539,77559,20
12.9771003723,80.2227096558,77559,77570,11
12.977230072,80.2226867676,77570,77580,10
12.9774799347,80.2225189209,77580,77590,10
12.9774398804,80.2219390869,77590,77600,10
12.9774103165,80.221321106,77600,77610,10
12.9775800705,80.2212219238,77610,77620,10
12.9780597687,80.2211837769,77620,77630,10
12.9786996841,80.2211303711,77630,77640,10
12.9793901443,80.2210769653,77640,77650,10
12.9801502228,80.2210235596,77650,77661,11
12.9810199738,80.2210388184,77661,77671,10
12.9816598892,80.2213973999,77671,77681,10
12.982170105,80.2217102051,77681,77691,10
12.9826002121,80.2218399048,77691,77701,10
12.9829397202,80.2219772339,77701,77711,10
12.9834098816,80.2223129272,77711,77721,10
12.9838600159,80.2225875854,77721,77731,10
12.9843301773,80.2228622437,77731,77741,10
12.9847402573,80.2231216431,77741,77751,10
12.9853801727,80.2232971191,77751,77762,11
12.9859800339,80.2229690552,77762,77772,10
12.9867601395,80.2229919434,77772,77782,10
12.9872999191,80.2230682373,77782,77792,10
12.9879703522,80.22290802,77792,77802,10
12.9885501862,80.2223968506,77802,77812,10
12.9891395569,80.2217483521,77812,77822,10
12.9896602631,80.2210388184,77822,77832,10
12.9903402328,80.2203979492,77832,77842,10
12.9908304214,80.2200164795,77842,77853,11
12.9913396835,80.2195892334,77853,77882,29
12.9913396835,80.2195892334,77882,77894,12
12.9915599823,80.2193222046,77894,77904,10
12.9920597076,80.2189788818,77904,77914,10
12.9927501678,80.2185287476,77914,77924,10
12.9933996201,80.2180328369,77924,77933,9
12.9937200546,80.2178115845,77933,77944,11
12.9938898087,80.2176971436,77944,77953,9
12.993929863,80.217666626,77953,77965,12
12.9941902161,80.2174911499,77965,77975,10
12.994389534,80.2173614502,77975,77985,10
12.9946403503,80.2171783447,77985,77995,10
12.9946498871,80.2171707153,77995,78003,8
12.9947299957,80.2171173096,78003,78013,10
12.9949998856,80.2169418335,78013,78025,12
12.995639801,80.2166290283,78025,78033,8
12.9960603714,80.2164993286,78033,78055,22
12.9960603714,80.2164993286,78055,78066,11
12.9963102341,80.2164611816,78066,78076,10
12.9965400696,80.2164382935,78076,78086,10
12.9965496063,80.2164382935,78086,78096,10
12.9968395233,80.2164230347,78096,78106,10
12.9970598221,80.2163925171,78106,78116,10
12.9974098206,80.2161102295,78116,78126,10
12.998000145,80.2156066895,78126,78136,10
12.9986896515,80.2150192261,78136,78146,10
12.9991102219,80.2146530151,78146,78156,10
12.9995002747,80.214302063,78156,78167,11
13.0000095367,80.2138595581,78167,78177,10
13.0005903244,80.2133407593,78177,78187,10
13.0012302399,80.2128295898,78187,78197,10
13.0017995834,80.2124099731,78197,78207,10
13.0024299622,80.2120819092,78207,78217,10
13.0030403137,80.212020874,78217,78227,10
13.0034503937,80.2119979858,78227,78237,10
13.0037403107,80.2119522095,78237,78247,10
13.0043296814,80.2121429443,78247,78257,10
13.0049695969,80.2124786377,78257,78268,11
13.0058698654,80.2128829956,78268,78278,10
13.0065803528,80.212677002,78278,78288,10
13.0074796677,80.2127609253,78288,78318,30
13.0074796677,80.2127609253,78318,78328,10
13.0077800751,80.2129669189,78328,78357,29
13.0077800751,80.2129669189,78357,78369,12
13.008099556,80.213218689,78369,78379,10
13.0085296631,80.2134399414,78379,78389,10
13.0089797974,80.2140579224,78389,78399,10
13.0094604492,80.2147521973,78399,78409,10
13.0097799301,80.2151489258,78409,78419,10
13.0101604462,80.2157897949,78419,78429,10
13.0105695724,80.2164001465,78429,78439,10
13.0108203888,80.2170028687,78439,78449,10
13.0111398697,80.217666626,78449,78460,11
13.0114803314,80.2186737061,78460,78470,10
13.0118303299,80.2197494507,78470,78479,9
13.0121297836,80.2206802368,78479,78491,12
13.0123996735,80.2215805054,78491,78501,10
13.0128297806,80.2221832275,78501,78511,10
13.0133104324,80.2226791382,78511,78521,10
13.013710022,80.2231674194,78521,78531,10
13.0142002106,80.2237625122,78531,78541,10
13.0148096085,80.2245025635,78541,78551,10
13.0153303146,80.2251434326,78551,78562,11
13.0153198242,80.2257232666,78562,78572,10
13.0149698257,80.2258987427,78572,78632,60
13.0149698257,80.2258987427,78632,78642,10
13.014380455,80.2260971069,78642,78896,254
13.014380455,80.2260971069,78896,78904,8
13.0142402649,80.2261886597,78904,78914,10
13.0142002106,80.2255401611,78914,78987,73
13.0142002106,80.2255401611,78987,78997,10
13.0141801834,80.2253570557,78997,79007,10
13.0143899918,80.2253265381,79007,79017,10
13.0144996643,80.2255935669,79017,81262,2245
13.0145101547,80.2255783081,81262,83255,1993
