12.9866199493,80.2590866089,15,1065,1050
12.9866199493,80.2590866089,1065,1075,10
12.9867401123,80.2589416504,1075,1085,10
12.9865598679,80.2587280273,1085,1772,687
12.9865102768,80.2588806152,1772,2109,337
12.9864501953,80.2587814331,2109,2150,41
12.9864501953,80.2587814331,2150,2160,10
12.9866695404,80.2587890625,2160,2170,10
12.9867200851,80.2592010498,2170,4947,2777
12.9868602753,80.2592468262,4947,5433,486
12.9867801666,80.2592697144,5433,11027,5594
12.9867801666,80.2592697144,11027,11037,10
12.9866695404,80.2594070435,11037,11512,475
12.9867601395,80.2593002319,11512,12918,1406
12.9868497849,80.2591781616,12918,13210,292
12.9867897034,80.2592697144,13210,17274,4064
12.9866895676,80.259262085,17274,17445,171
12.9867401123,80.2592697144,17445,19667,2222
12.9870996475,80.2591934204,19667,19717,50
12.9870996475,80.2591934204,19717,19727,10
12.9874000549,80.2587585449,19727,19758,31
12.9874000549,80.2587585449,19758,19768,10
12.9874095917,80.2585067749,19768,19778,10
12.9874296188,80.2582397461,19778,19788,10
12.9874601364,80.2576904297,19788,19798,10
12.9875202179,80.2568817139,19798,19808,10
12.9875602722,80.2560424805,19808,19818,10
12.9876804352,80.2553710938,19818,19828,10
12.9877195358,80.2548904419,19828,19838,10
12.9877796173,80.2544631958,19838,19848,10
12.987859726,80.253692627,19848,19859,11
12.9879398346,80.2526092529,19859,19869,10
12.9878702164,80.2517929077,19869,19879,10
12.9876499176,80.2515563965,19879,19889,10
12.9872398376,80.2516098022,19889,19899,10
12.9864902496,80.2517623901,19899,19909,10
12.98554039,80.2520065308,19909,19919,10
12.9843797684,80.2523269653,19919,19929,10
12.9830904007,80.2526397705,19929,19939,10
12.9817199707,80.2527008057,19939,19949,10
12.9805202484,80.2527389526,19949,19960,11
12.9792299271,80.2527084351,19960,19970,10
12.9784698486,80.2525634766,19970,19980,10
12.9782600403,80.2524108887,19980,19990,10
12.9777402878,80.2519607544,19990,20000,10
12.9769296646,80.251411438,20000,20010,10
12.9758396149,80.2510375977,20010,20020,10
12.9746398926,80.2506713867,20020,20030,10
12.9733600616,80.2503204346,20030,20040,10
12.9720497131,80.249961853,20040,20050,10
12.9706897736,80.2495803833,20050,20060,10
12.9693403244,80.2490692139,20060,20071,11
12.9678201675,80.2484512329,20071,20081,10
12.9664697647,80.2478485107,20081,20091,10
12.9653501511,80.247428894,20091,20101,10
12.9650497437,80.2473297119,20101,20111,10
12.9650001526,80.2473068237,20111,20121,10
12.9646100998,80.2471466064,20121,20131,10
12.9638795853,80.2468566895,20131,20141,10
12.9629602432,80.2464294434,20141,20151,10
12.9619197845,80.2459411621,20151,20161,10
12.9607896805,80.2453994751,20161,20172,11
12.9596099854,80.2449035645,20172,20182,10
12.9593095779,80.244758606,20182,20192,10
12.9589796066,80.2446136475,20192,20202,10
12.9583396912,80.2443237305,20202,20212,10
12.9577302933,80.2440795898,20212,20222,10
12.9570198059,80.2438430786,20222,20232,10
12.9563999176,80.2436218262,20232,20262,30
12.9563999176,80.2436218262,20262,20272,10
12.9559001923,80.2434616089,20272,20283,11
12.9550895691,80.2430801392,20283,20293,10
12.9546499252,80.2429199219,20293,20303,10
12.9543199539,80.2427597046,20303,20313,10
12.9538803101,80.2425765991,20313,20323,10
12.9535198212,80.2424163818,20323,20333,10
12.9532499313,80.2423019409,20333,20343,10
12.9528102875,80.2421112061,20343,20353,10
12.9525899887,80.2419586182,20353,20363,10
12.9522199631,80.2417907715,20363,20373,10
12.9516897202,80.2416305542,20373,20384,11
12.9515199661,80.241569519,20384,20394,10
12.9511203766,80.2414169312,20394,20404,10
12.9503498077,80.2411575317,20404,20414,10
12.9496002197,80.2409210205,20414,20424,10
12.9489202499,80.2405090332,20424,20434,10
12.9490604401,80.2397689819,20434,20444,10
12.9491596222,80.2394104004,20444,20454,10
12.9491701126,80.2393798828,20454,20464,10
12.9492902756,80.2390136719,20464,20474,10
12.9494400024,80.2383117676,20474,20484,10
12.9495897293,80.2373809814,20484,20495,11
12.9497203827,80.2364501953,20495,20505,10
12.9498195648,80.2359390259,20505,20515,10
12.949839592,80.2357788086,20515,20525,10
12.949930191,80.2351608276,20525,20535,10
12.9500102997,80.2342987061,20535,20545,10
12.9500303268,80.233833313,20545,20555,10
12.9500303268,80.2334594727,20555,20565,10
12.9499702454,80.2326965332,20565,20575,10
12.9499101639,80.2316970825,20575,20585,10
12.949839592,80.2305297852,20585,20596,11
12.9497299194,80.2291030884,20596,20606,10
12.9496603012,80.227722168,20606,20616,10
12.9495801926,80.2262878418,20616,20626,10
12.9495000839,80.224822998,20626,20636,10
12.9494304657,80.2233276367,20636,20646,10
12.9493503571,80.2218322754,20646,20656,10
12.9492101669,80.2203216553,20656,20666,10
12.9490499496,80.2187728882,20666,20676,10
12.9488897324,80.2171783447,20676,20686,10
12.9487304688,80.2155838013,20686,20696,10
12.9485702515,80.2139663696,20696,20707,11
12.9484300613,80.2122497559,20707,20717,10
12.948390007,80.2109680176,20717,20727,10
12.9483604431,80.2099990845,20727,20737,10
12.9484300613,80.2091827393,20737,20747,10
12.9484596252,80.2087173462,20747,20757,10
12.9484996796,80.2084503174,20757,20767,10
12.9485702515,80.2077331543,20767,20777,10
12.9486598969,80.2067565918,20777,20787,10
12.9487104416,80.205619812,20787,20797,10
12.948679924,80.2043075562,20797,20808,11
12.9486303329,80.202796936,20808,20818,10
12.9485797882,80.2013778687,20818,20828,10
12.9485301971,80.1999664307,20828,20838,10
12.9484796524,80.1989364624,20838,20848,10
12.9484701157,80.1988296509,20848,20858,10
12.9484796524,80.1985321045,20858,20868,10
12.9484796524,80.1978378296,20868,20878,10
12.9484996796,80.1968994141,20878,20888,10
12.9484996796,80.1958694458,20888,20898,10
12.9484996796,80.1955032349,20898,20909,11
12.94851017,80.1950302124,20909,20919,10
12.9485301971,80.1942214966,20919,20929,10
12.948559761,80.1932067871,20929,20939,10
12.9485998154,80.1920166016,20939,20949,10
12.9486598969,80.1907196045,20949,20959,10
12.9487400055,80.1895599365,20959,20969,10
12.9488601685,80.1885070801,20969,20979,10
12.948969841,80.1872634888,20979,20989,10
12.9490499496,80.1862030029,20989,20999,10
12.9490804672,80.184967041,20999,21009,10
12.9491596222,80.1841278076,21009,21020,11
12.9491796494,80.1839065552,21020,21030,10
12.9492197037,80.1837234497,21030,21040,10
12.9493198395,80.1831512451,21040,21050,10
12.9494800568,80.1822967529,21050,21060,10
12.949669838,80.1812820435,21060,21070,10
12.9498500824,80.1803588867,21070,21080,10
12.9500799179,80.1792602539,21080,21090,10
12.9504098892,80.1780014038,21090,21100,10
12.9507598877,80.1766815186,21100,21110,10
12.9510602951,80.1753234863,21110,21121,11
12.951259613,80.1742477417,21121,21131,10
12.9513301849,80.1739578247,21131,21141,10
12.9514799118,80.173286438,21141,21151,10
12.9516601563,80.1723480225,21151,21161,10
12.9518299103,80.17137146,21161,21171,10
12.9520101547,80.1703872681,21171,21181,10
12.9522104263,80.1692428589,21181,21191,10
12.9524698257,80.1679763794,21191,21201,10
12.9528198242,80.1666564941,21201,21211,10
12.9531402588,80.1652832031,21211,21221,10
12.9534597397,80.1638565063,21221,21232,11
12.9538002014,80.1622695923,21232,21242,10
12.9541101456,80.1607971191,21242,21252,10
12.9543800354,80.1594085693,21252,21262,10
12.9546003342,80.1583480835,21262,21272,10
12.9548501968,80.1572189331,21272,21282,10
12.9551200867,80.1559371948,21282,21292,10
12.9553403854,80.1548614502,21292,21302,10
12.9557504654,80.1532363892,21302,21312,10
12.9563798904,80.1520767212,21312,21322,10
12.9573001862,80.1512832642,21322,21333,11
12.9582700729,80.1504821777,21333,21343,10
12.9587802887,80.1500396729,21343,21353,10
12.9588499069,80.1500015259,21353,21363,10
12.9591999054,80.1497573853,21363,21373,10
12.9595603943,80.1491928101,21373,21383,10
12.9597396851,80.1484222412,21383,21393,10
12.9598999023,80.1476516724,21393,21403,10
12.9600696564,80.1468200684,21403,21413,10
12.960269928,80.1458892822,21413,21422,9
12.9603099823,80.1455612183,21422,21433,11
12.9603996277,80.1451797485,21433,21444,11
12.9609203339,80.1454620361,21444,21454,10
12.9616804123,80.1458816528,21454,21464,10
12.9625196457,80.1463623047,21464,21474,10
12.9634199142,80.1468429565,21474,21484,10
12.9641799927,80.1473693848,21484,21494,10
12.9650602341,80.1478881836,21494,21504,10
12.9660301208,80.148399353,21504,21514,10
12.9669599533,80.1488571167,21514,21524,10
12.9675598145,80.1491470337,21524,21534,10
12.9682703018,80.1494674683,21534,21555,21
12.9682703018,80.1494674683,21555,21565,10
12.9683799744,80.1495437622,21565,21575,10
12.968919754,80.1498031616,21575,21585,10
12.9698095322,80.1501998901,21585,21595,10
12.9708995819,80.1507415771,21595,21605,10
12.9719400406,80.1512298584,21605,21615,10
12.972700119,80.1519775391,21615,21625,10
12.973279953,80.1527862549,21625,21635,10
12.9734201431,80.1530685425,21635,21646,11
12.9733695984,80.1531600952,21646,21656,10
12.9731998444,80.1530914307,21656,21666,10
12.9729003906,80.1526031494,21666,21676,10
12.9723901749,80.1518478394,21676,21686,10
12.971619606,80.1511993408,21686,21696,10
12.9706897736,80.1507415771,21696,21706,10
12.9698400497,80.150352478,21706,21716,10
12.9692201614,80.150100708,21716,21736,20
12.9692201614,80.150100708,21736,21746,10
12.9689702988,80.1499099731,21746,21757,11
12.9684000015,80.1496200562,21757,21767,10
12.9677400589,80.1493377686,21767,21777,10
12.9673700333,80.1492004395,21777,21787,10
12.9667797089,80.1489105225,21787,21797,10
12.9660301208,80.1485137939,21797,21807,10
12.9651002884,80.1480178833,21807,21817,10
12.964050293,80.1474609375,21817,21827,10
12.9629602432,80.1469726563,21827,21837,10
12.9619998932,80.1464385986,21837,21847,10
12.9610595703,80.145942688,21847,21858,11
12.9603099823,80.1456604004,21858,21868,10
12.9601297379,80.1462936401,21868,21878,10
12.9599504471,80.1472015381,21878,21888,10
12.9597597122,80.1482009888,21888,21898,10
12.9595403671,80.1492385864,21898,21908,10
12.9589796066,80.150062561,21908,21918,10
12.9585800171,80.1503982544,21918,21928,10
12.9584302902,80.1505126953,21928,21938,10
12.9579200745,80.1509170532,21938,21948,10
12.9571800232,80.1514968872,21948,21958,10
12.9563102722,80.1522674561,21958,21969,11
12.9556598663,80.1535568237,21969,21979,10
12.9553098679,80.1549835205,21979,21989,10
12.9549999237,80.1564407349,21989,21999,10
12.9546804428,80.1579437256,21999,22009,10
12.9544496536,80.1592102051,22009,22019,10
12.9543800354,80.1595611572,22019,22029,10
12.9542999268,80.1599502563,22029,22039,10
12.9540596008,80.1610031128,22039,22049,10
12.9538202286,80.1621398926,22049,22059,10
12.9535503387,80.1634292603,22059,22070,11
12.9532299042,80.1649169922,22070,22080,10
12.95291996,80.1663131714,22080,22090,10
12.9525499344,80.1677398682,22090,22100,10
12.9522199631,80.1691894531,22100,22110,10
12.9519996643,80.1704864502,22110,22120,10
12.9517698288,80.1718063354,22120,22130,10
12.9515695572,80.1729431152,22130,22140,10
12.9513101578,80.1743469238,22140,22150,10
12.9512395859,80.1747589111,22150,22160,10
12.9512195587,80.1748580933,22160,22171,11
12.9510803223,80.1754074097,22171,22181,10
12.9508600235,80.1763916016,22181,22191,10
12.9505796432,80.1774597168,22191,22201,10
12.9502801895,80.1786422729,22201,22211,10
12.9499797821,80.1798782349,22211,22221,10
12.9497699738,80.1811218262,22221,22231,10
12.9496202469,80.181930542,22231,22241,10
12.9494304657,80.1829376221,22241,22251,10
12.9493198395,80.1837768555,22251,22261,10
12.9493103027,80.1838378906,22261,22271,10
12.9493103027,80.183883667,22271,22282,11
12.9492502213,80.1844177246,22282,22292,10
12.9491996765,80.1851501465,22292,22302,10
12.9491596222,80.1858215332,22302,22312,10
12.9490804672,80.1867218018,22312,22322,10
12.9489803314,80.1877212524,22322,22332,10
12.9489002228,80.1888198853,22332,22342,10
12.9487695694,80.1899871826,22342,22352,10
12.9486703873,80.1913070679,22352,22362,10
12.9486103058,80.1927337646,22362,22372,10
12.9485797882,80.194152832,22372,22382,10
12.9485902786,80.1953277588,22382,22393,11
12.9485902786,80.1956863403,22393,22403,10
12.9485797882,80.1960983276,22403,22413,10
12.9485397339,80.1968994141,22413,22423,10
12.9485397339,80.1979370117,22423,22433,10
12.9485797882,80.1989974976,22433,22443,10
12.9485998154,80.1996002197,22443,22453,10
12.9486198425,80.1999969482,22453,22463,10
12.9486503601,80.200843811,22463,22473,10
12.9486703873,80.2018814087,22473,22483,10
12.9486999512,80.2030410767,22483,22494,11
12.9487304688,80.2044296265,22494,22504,10
12.9487600327,80.2057876587,22504,22514,10
12.9487199783,80.2071228027,22514,22524,10
12.9486303329,80.2083511353,22524,22534,10
12.9485797882,80.2092132568,22534,22544,10
12.9485797882,80.2092819214,22544,22554,10
12.9485902786,80.2093963623,22554,22564,10
12.9485702515,80.2098617554,22564,22574,10
12.9485301971,80.2104797363,22574,22584,10
12.9484901428,80.2113800049,22584,22595,11
12.9485301971,80.2126693726,22595,22605,10
12.9486398697,80.2139663696,22605,22615,10
12.9487600327,80.2153320313,22615,22625,10
12.9489002228,80.2167510986,22625,22635,10
12.9490404129,80.2182006836,22635,22645,10
12.9491796494,80.2196731567,22645,22655,10
12.9492998123,80.2208633423,22655,22665,10
12.9494304657,80.22265625,22665,22675,10
12.9495096207,80.2241973877,22675,22685,10
12.9495897293,80.2257766724,22685,22695,10
12.949669838,80.2273483276,22695,22706,11
12.949760437,80.2290878296,22706,22716,10
12.9498596191,80.2306594849,22716,22726,10
12.9499797821,80.232093811,22726,22736,10
12.9500703812,80.233039856,22736,22746,10
12.9500703812,80.2331008911,22746,22756,10
12.9500799179,80.2334213257,22756,22766,10
12.9500904083,80.2341003418,22766,22776,10
12.9499998093,80.2349700928,22776,22786,10
12.9499397278,80.2356185913,22786,22796,10
12.9498996735,80.2358322144,22796,22807,11
12.9498195648,80.2363586426,22807,22817,10
12.9496898651,80.2371826172,22817,22827,10
12.9495601654,80.2381820679,22827,22837,10
12.949379921,80.2392425537,22837,22847,10
12.9491901398,80.2401199341,22847,22857,10
12.949139595,80.2403411865,22857,22867,10
12.9491701126,80.2406311035,22867,22877,10
12.9496002197,80.2409210205,22877,22887,10
12.9503602982,80.2411499023,22887,22897,10
12.9509496689,80.241317749,22897,22907,10
12.9510402679,80.2413482666,22907,22918,11
12.9514198303,80.2414932251,22918,22928,10
12.9521303177,80.2417526245,22928,22938,10
12.9530200958,80.2421035767,22938,22948,10
12.954000473,80.2425003052,22948,22958,10
12.9548597336,80.2428436279,22958,22968,10
12.9554700851,80.2430725098,22968,22978,10
12.9562196732,80.2433166504,22978,22988,10
12.9565000534,80.2434387207,22988,22998,10
12.9569797516,80.243637085,22998,23008,10
12.9577302933,80.2439804077,23008,23019,11
12.9585599899,80.2443237305,23019,23029,10
12.9592199326,80.2446365356,23029,23039,10
12.9601297379,80.2450637817,23039,23049,10
12.9612503052,80.24559021,23049,23059,10
12.9624204636,80.2461624146,23059,23069,10
12.963259697,80.2465591431,23069,23079,10
12.9638500214,80.2468338013,23079,23089,10
12.9646997452,80.2471618652,23089,23099,10
12.9657096863,80.2474594116,23099,23109,10
12.9664897919,80.2477264404,23109,23120,11
12.9666900635,80.247833252,23120,23130,10
12.9669303894,80.2479782104,23130,23140,10
12.9674797058,80.2482528687,23140,23150,10
12.9683303833,80.2486114502,23150,23160,10
12.9693603516,80.2490310669,23160,23170,10
12.9705095291,80.2494812012,23170,23180,10
12.9717597961,80.2498626709,23180,23190,10
12.9730195999,80.2501983643,23190,23200,10
12.9742803574,80.250541687,23200,23210,10
12.975520134,80.2509002686,23210,23220,10
12.9766597748,80.2512283325,23220,23231,11
12.977809906,80.2518081665,23231,23241,10
12.9785804749,80.2523574829,23241,23251,10
12.9787197113,80.2524414063,23251,23261,10
12.9790496826,80.2525634766,23261,23271,10
12.9795398712,80.2526397705,23271,23281,10
12.9799203873,80.2526626587,23281,23291,10
12.980389595,80.2526626587,23291,23301,10
12.9811296463,80.2526397705,23301,23311,10
12.9820995331,80.2526092529,23311,23321,10
12.9832897186,80.252532959,23321,23332,11
12.9847002029,80.2521820068,23332,23342,10
12.9859695435,80.2518463135,23342,23355,13
12.9870300293,80.2515716553,23355,23365,10
12.9874801636,80.2514190674,23365,23375,10
12.9876203537,80.2513809204,23375,23385,10
12.987950325,80.2514801025,23385,23395,10
12.9880895615,80.2520904541,23395,23404,9
12.9880800247,80.2524719238,23404,23415,11
12.9879903793,80.2531204224,23415,23425,10
12.987859726,80.2543487549,23425,23436,11
12.9877595901,80.2554473877,23436,23446,10
12.9876899719,80.2559204102,23446,23456,10
12.9876203537,80.256477356,23456,23466,10
12.9875202179,80.2571563721,23466,23476,10
12.9874696732,80.2578582764,23476,23486,10
12.9874401093,80.258392334,23486,23496,10
12.9873800278,80.2588729858,23496,23506,10
12.9872999191,80.259262085,23506,23516,10
12.9872398376,80.2595901489,23516,23547,31
12.9869804382,80.2595672607,23547,23597,50
12.9869804382,80.2595672607,23597,23607,10
12.9869403839,80.2592010498,23607,24950,1343
12.9872903824,80.2590789795,24950,24970,20
12.9872903824,80.2590789795,24970,24981,11
12.9874401093,80.2590637207,24981,24991,10
12.9874296188,80.2587814331,24991,25001,10
12.987449646,80.2583236694,25001,25011,10
12.987449646,80.2579803467,25011,25021,10
12.9875202179,80.2574386597,25021,25031,10
12.9876003265,80.2567520142,25031,25041,10
12.9876003265,80.256187439,25041,25051,10
12.9876003265,80.2561264038,25051,25061,10
12.9876003265,80.2558364868,25061,25071,10
12.9877004623,80.2554397583,25071,25081,10
12.987739563,80.2550201416,25081,25091,10
12.9877500534,80.2549133301,25091,25102,11
12.9877901077,80.2544326782,25102,25112,10
12.9878501892,80.253616333,25112,25122,10
12.9879302979,80.2526016235,25122,25132,10
12.9878902435,80.2518234253,25132,25142,10
12.9876403809,80.2516021729,25142,25152,10
12.9870500565,80.2516403198,25152,25162,10
12.9862203598,80.2518234253,25162,25172,10
12.9851999283,80.2520675659,25172,25182,10
12.9840402603,80.2524108887,25182,25193,11
12.9827804565,80.2526626587,25193,25203,10
12.9813604355,80.2527008057,25203,25213,10
12.9803495407,80.2527389526,25213,25223,10
12.9795303345,80.2527236938,25223,25233,10
12.9787902832,80.2526321411,25233,25243,10
12.9785900116,80.2525634766,25243,25253,10
12.9784097672,80.2524414063,25253,25263,10
12.9778795242,80.2519989014,25263,25273,10
12.9771003723,80.251411438,25273,25283,10
12.9759902954,80.2510375977,25283,25293,10
12.9747600555,80.2506790161,25293,25303,10
12.9734802246,80.2503204346,25303,25314,11
12.9721002579,80.2499389648,25314,25324,10
12.9708003998,80.2496109009,25324,25334,10
12.969499588,80.2491226196,25334,25344,10
12.9682102203,80.2486114502,25344,25354,10
12.9670000076,80.2480926514,25354,25364,10
12.9659404755,80.2476196289,25364,25374,10
12.9652395248,80.2473831177,25374,25384,10
12.9651403427,80.2473297119,25384,25394,10
12.9649896622,80.2472610474,25394,25404,10
12.9644603729,80.2470474243,25404,25415,11
12.9635801315,80.2466964722,25415,25425,10
12.9626197815,80.2462310791,25425,25435,10
12.9615898132,80.2457199097,25435,25445,10
12.9605398178,80.2452468872,25445,25455,10
12.9596796036,80.2449035645,25455,25465,10
12.9593000412,80.244720459,25465,25475,10
12.9588098526,80.244468689,25475,25485,10
12.9580802917,80.244178772,25485,25495,10
12.9575796127,80.2440032959,25495,25505,10
12.9568195343,80.2437973022,25505,25516,11
12.9564399719,80.2436676025,25516,25526,10
12.9562797546,80.2436218262,25526,25536,10
12.9557695389,80.2433319092,25536,25546,10
12.9550304413,80.2429275513,25546,25556,10
12.9542198181,80.2425918579,25556,25566,10
12.953209877,80.2421798706,25566,25576,10
12.9522600174,80.2418212891,25576,25586,10
12.9516897202,80.2416381836,25586,25596,10
12.9516296387,80.2416000366,25596,25606,10
12.9511098862,80.2414016724,25606,25616,10
12.9503097534,80.2411422729,25616,25627,11
12.9493103027,80.2408294678,25627,25637,10
12.9491500854,80.2407836914,25637,25647,10
12.949090004,80.240737915,25647,25657,10
12.9489498138,80.2403793335,25657,25667,10
12.9491701126,80.2396621704,25667,25677,10
12.949379921,80.2387466431,25677,25687,10
12.949549675,80.2376708984,25687,25697,10
12.9496898651,80.2365875244,25697,25707,10
12.9498195648,80.2359008789,25707,25717,10
12.9498701096,80.2356872559,25717,25728,11
12.9499597549,80.234916687,25728,25738,10
12.9500198364,80.2339477539,25738,25748,10
12.9499998093,80.2337036133,25748,25758,10
12.9499902725,80.2333831787,25758,25768,10
12.9499397278,80.2325973511,25768,25778,10
12.9498701096,80.2314834595,25778,25788,10
12.9497900009,80.230140686,25788,25798,10
12.9497203827,80.2289810181,25798,25808,10
12.9496297836,80.2273025513,25808,25818,10
12.9495401382,80.2255477905,25818,25829,11
12.9494600296,80.223739624,25829,25839,10
12.949379921,80.2221069336,25839,25849,10
12.9492397308,80.2204666138,25849,25859,10
12.9490699768,80.2188034058,25859,25869,10
12.9489002228,80.2171096802,25869,25879,10
12.9487304688,80.2154312134,25879,25889,10
12.948559761,80.2137298584,25889,25899,10
12.9484300613,80.2120513916,25899,25909,10
12.9483804703,80.2106628418,25909,25919,10
12.9483699799,80.2097473145,25919,25929,10
12.9484901428,80.2088470459,25929,25940,11
12.9485197067,80.208442688,25940,25950,10
12.9485902786,80.2077178955,25950,25960,10
12.9486703873,80.2066802979,25960,25970,10
12.9486999512,80.2054290771,25970,25980,10
12.9486598969,80.2040405273,25980,25990,10
12.9486103058,80.2031784058,25990,26000,10
12.9485998154,80.2022781372,26000,26010,10
12.9485797882,80.2011184692,26010,26020,10
12.9485197067,80.1997375488,26020,26030,10
12.9484701157,80.1987991333,26030,26040,10
12.9484596252,80.198600769,26040,26051,11
12.9484395981,80.1978302002,26051,26061,10
12.9484701157,80.1968536377,26061,26071,10
12.9484901428,80.1958618164,26071,26081,10
12.9484996796,80.1948471069,26081,26091,10
12.9485197067,80.1937484741,26091,26101,10
12.9485702515,80.1925125122,26101,26111,10
12.9486103058,80.1914291382,26111,26121,10
12.9487104416,80.1898193359,26121,26131,10
12.9488401413,80.1885910034,26131,26142,11
12.9489603043,80.1872177124,26142,26152,10
12.9490404129,80.1860733032,26152,26162,10
12.9489803314,80.1853179932,26162,26192,30
12.9489803314,80.1853179932,26192,26202,10
12.9490299225,80.184967041,26202,26212,10
12.9491195679,80.1842498779,26212,26222,10
12.9491596222,80.1839294434,26222,26232,10
12.9492197037,80.1835708618,26232,26242,10
12.9493398666,80.1829223633,26242,26253,11
12.9495296478,80.1817932129,26253,26263,10
12.9496603012,80.1809616089,26263,26273,10
12.9497995377,80.1802825928,26273,26283,10
12.9499998093,80.1793518066,26283,26293,10
12.9503002167,80.1781692505,26293,26303,10
12.9506196976,80.176940918,26303,26313,10
12.9508199692,80.176109314,26313,26323,10
12.9510402679,80.1750564575,26323,26333,10
12.9513196945,80.1738433838,26333,26343,10
12.9515695572,80.1725692749,26343,26353,10
12.9518098831,80.1712417603,26353,26364,11
12.9520597458,80.1697387695,26364,26374,10
12.9523096085,80.1683807373,26374,26384,10
12.9526500702,80.1670684814,26384,26393,9
12.9529600143,80.1658096313,26393,26404,11
12.9533004761,80.1641998291,26404,26414,10
12.9535903931,80.1628799438,26414,26424,10
12.9538698196,80.1614990234,26424,26434,10
12.9541797638,80.1600418091,26434,26444,10
12.9544200897,80.1587600708,26444,26454,10
12.9545001984,80.1583099365,26454,26465,11
12.9546098709,80.1577987671,26465,26475,10
12.9547796249,80.1569900513,26475,26485,10
12.9550304413,80.1559906006,26485,26495,10
12.955280304,80.154838562,26495,26505,10
12.9555797577,80.1535873413,26505,26515,10
12.956029892,80.1524581909,26515,26525,10
12.9568099976,80.1516265869,26525,26535,10
12.9577999115,80.1508178711,26535,26545,10
12.9587602615,80.1500320435,26545,26555,10
12.95952034,80.1492385864,26555,26565,10
12.9597501755,80.1482772827,26565,26576,11
12.9599704742,80.1471862793,26576,26586,10
12.9601802826,80.1461715698,26586,26596,10
12.9602603912,80.1456298828,26596,26606,10
12.9601898193,80.145401001,26606,26616,10
12.9596796036,80.145111084,26616,26626,10
12.9589099884,80.1446990967,26626,26636,10
12.9582395554,80.1443328857,26636,26646,10
12.9572601318,80.1437606812,26646,26656,10
12.9565200806,80.1434020996,26656,26666,10
12.9560098648,80.1431274414,26666,26677,11
12.9552402496,80.1427078247,26677,26687,10
12.9543304443,80.1422195435,26687,26697,10
12.9534301758,80.141708374,26697,26707,10
12.9529800415,80.1414794922,26707,26717,10
12.9529304504,80.1414489746,26717,26727,10
12.9526500702,80.1412582397,26727,26737,10
12.9519195557,80.1407394409,26737,26757,20
12.9519195557,80.1407394409,26757,26767,10
12.951789856,80.1406097412,26767,26778,11
12.9515800476,80.1404724121,26778,26788,10
12.9514398575,80.1403427124,26788,26798,10
12.9511003494,80.1400680542,26798,26808,10
12.9506797791,80.1397628784,26808,26818,10
12.9505701065,80.1396789551,26818,26828,10
12.9505195618,80.1396408081,26828,26838,10
12.9501800537,80.1393737793,26838,26848,10
12.9495801926,80.1388778687,26848,26858,10
12.9488897324,80.1382675171,26858,26868,10
12.9479999542,80.1376419067,26868,26879,11
12.9458904266,80.1360473633,26879,26889,10
12.9458904266,80.1360473633,26889,26899,10
12.9448204041,80.1352233887,26899,26909,10
12.9438199997,80.134437561,26909,26919,10
12.9429702759,80.1336669922,26919,26929,10
12.9421195984,80.1328125,26929,26939,10
12.9412498474,80.1319198608,26939,26950,11
12.9403800964,80.1310195923,26950,26960,10
12.9394702911,80.1301269531,26960,26971,11
12.9386501312,80.1294021606,26971,26981,10
12.9374799728,80.1284408569,26981,27012,31
12.9374799728,80.1284408569,27012,27022,10
12.9374303818,80.1283187866,27022,27032,10
12.93708992,80.1280212402,27032,27042,10
12.9365301132,80.1275482178,27042,27052,10
12.9358501434,80.126953125,27052,27062,10
12.9350404739,80.1262130737,27062,27072,10
12.9341897964,80.1253967285,27072,27082,10
12.9330797195,80.1243209839,27082,27093,11
12.9319400787,80.1231994629,27093,27103,10
12.9309301376,80.1222000122,27103,27113,10
12.9300098419,80.1212997437,27113,27123,10
12.9292001724,80.1204605103,27123,27133,10
12.9283504486,80.1195907593,27133,27143,10
12.9276800156,80.118927002,27143,27153,10
12.9273300171,80.118560791,27153,27163,10
12.9270601273,80.1183013916,27163,27173,10
12.9268598557,80.1181030273,27173,27183,10
12.9266300201,80.1178512573,27183,27193,10
12.9263000488,80.1175765991,27193,27214,21
12.9263000488,80.1175765991,27214,27224,10
12.9260997772,80.1174087524,27224,27234,10
12.9257202148,80.1171417236,27234,27244,10
12.925330162,80.1167373657,27244,27254,10
12.9248399734,80.1162414551,27254,27264,10
12.9244203568,80.1158218384,27264,27274,10
12.9242601395,80.1156768799,27274,27284,10
12.9240198135,80.1154403687,27284,27294,10
12.9238595963,80.1152420044,27294,27305,11
12.9239597321,80.1150588989,27305,27315,10
12.9242095947,80.1151199341,27315,27325,10
12.9245901108,80.1155090332,27325,27335,10
12.9250802994,80.1160202026,27335,27345,10
12.9256496429,80.1165924072,27345,27355,10
12.9260702133,80.1170730591,27355,27365,10
12.9262800217,80.1173782349,27365,27375,10
12.9266004562,80.1176834106,27375,27385,10
12.9268398285,80.1178817749,27385,27416,31
12.9271697998,80.1180725098,27416,28385,969
12.9271697998,80.1180725098,28385,28395,10
12.927359581,80.1183700562,28395,28405,10
12.9273996353,80.1184616089,28405,28415,10
12.9276599884,80.1187210083,28415,28425,10
12.9280195236,80.1190872192,28425,28435,10
12.9283599854,80.1194381714,28435,28446,11
12.9287700653,80.1198425293,28446,28456,10
12.9289999008,80.1200408936,28456,28466,10
12.9292201996,80.1202011108,28466,28678,212
12.9292201996,80.1202011108,28678,28688,10
12.9292898178,80.1203613281,28688,28698,10
12.9296302795,80.1207275391,28698,28708,10
12.9301700592,80.1212692261,28708,28718,10
12.9308099747,80.1219100952,28718,28728,10
12.9314098358,80.1225128174,28728,28738,10
12.9316501617,80.1227722168,28738,28748,10
12.9316797256,80.1227874756,28748,28759,11
12.9319801331,80.1230926514,28759,28769,10
12.9324798584,80.123588562,28769,28779,10
12.9330596924,80.1241836548,28779,28789,10
12.933719635,80.1248397827,28789,28799,10
12.9344396591,80.1255569458,28799,28809,10
12.935210228,80.1262588501,28809,28819,10
12.9359397888,80.1268463135,28819,28829,10
12.9365596771,80.1274108887,28829,28839,10
12.9367198944,80.1276016235,28839,28849,10
12.9371795654,80.1279602051,28849,28859,10
12.9378004074,80.1284713745,28859,28870,11
12.9385204315,80.1290969849,28870,28880,10
12.9393901825,80.1298522949,28880,28890,10
12.940320015,80.1307525635,28890,28900,10
12.9413099289,80.1317367554,28900,28910,10
12.9422702789,80.1327362061,28910,28920,10
12.94328022,80.1338500977,28920,28930,10
12.9442396164,80.1346817017,28930,28940,10
12.9452600479,80.1355209351,28940,28950,10
12.946439743,80.136428833,28950,28960,10
12.9476604462,80.137298584,28960,28971,11
12.9488296509,80.1381378174,28971,28981,10
12.9497804642,80.1389007568,28981,28991,10
12.9504804611,80.1393966675,28991,29001,10
12.9509296417,80.1396408081,29001,29021,20
12.9509296417,80.1396408081,29021,29031,10
12.951089859,80.1397323608,29031,29061,30
12.951089859,80.1397323608,29061,29072,11
12.951499939,80.1401519775,29072,29082,10
12.9518404007,80.14037323,29082,29092,10
12.9520998001,80.1407394409,29092,29102,10
12.9524202347,80.1409988403,29102,29112,10
12.9528102875,80.1412582397,29112,29122,10
12.9534902573,80.141708374,29122,29132,10
12.9544095993,80.1421890259,29132,29142,10
12.9553403854,80.1426773071,29142,29152,10
12.9559497833,80.1429977417,29152,29162,10
12.9561300278,80.143119812,29162,29172,10
12.9561796188,80.1431503296,29172,29183,11
12.9566602707,80.1434020996,29183,29193,10
12.9574899673,80.1437988281,29193,29203,10
12.9584102631,80.1442337036,29203,29213,10
12.9593400955,80.1446990967,29213,29223,10
12.9601802826,80.145149231,29223,29233,10
12.9606399536,80.1454925537,29233,29243,10
12.9603099823,80.1460494995,29243,29253,10
12.9600801468,80.1469573975,29253,29263,10
12.959859848,80.1480484009,29263,29273,10
12.9596204758,80.1491317749,29273,29284,11
12.9587602615,80.1502838135,29284,29294,10
12.9577302933,80.1510772705,29294,29304,10
12.9566402435,80.1519622803,29304,29314,10
12.9558200836,80.1531066895,29314,29324,10
12.9554100037,80.1545410156,29324,29334,10
12.9550895691,80.156036377,29334,29344,10
12.9548196793,80.1573410034,29344,29354,10
12.9545497894,80.1586685181,29354,29364,10
12.9544000626,80.1595306396,29364,29374,10
12.954369545,80.1596679688,29374,29385,11
12.9542102814,80.1603469849,29385,29395,10
12.954000473,80.1613311768,29395,29405,10
12.9537601471,80.1624679565,29405,29415,10
12.9534797668,80.1637420654,29415,29425,10
12.9531803131,80.1651229858,29425,29435,10
12.9528503418,80.1665802002,29435,29445,10
12.952460289,80.1680526733,29445,29455,10
12.9521503448,80.169593811,29455,29465,10
12.9519100189,80.1709976196,29465,29475,10
12.9516801834,80.1723327637,29475,29485,10
12.951379776,80.1739501953,29485,29496,11
12.9510602951,80.1754379272,29496,29506,10
12.9507598877,80.1767730713,29506,29516,10
12.9504499435,80.1779708862,29516,29526,10
12.9501199722,80.1792373657,29526,29536,10
12.9498701096,80.1804580688,29536,29546,10
12.9497003555,80.1814804077,29546,29556,10
12.9494800568,80.1825332642,29556,29566,10
12.9493303299,80.1836395264,29566,29576,10
12.9492902756,80.1840667725,29576,29586,10
12.949259758,80.1844406128,29586,29597,11
12.9492502213,80.1851196289,29597,29617,20
12.9492502213,80.1851196289,29617,29627,10
12.949259758,80.185256958,29627,29637,10
12.9492197037,80.1857223511,29637,29647,10
12.9491596222,80.1863937378,29647,29657,10
12.9490604401,80.187286377,29657,29667,10
12.9489402771,80.1883010864,29667,29677,10
12.9488601685,80.1893692017,29677,29687,10
12.9487400055,80.1905670166,29687,29697,10
12.9486703873,80.1919174194,29697,29708,11
12.9486303329,80.1934280396,29708,29718,10
12.9485998154,80.1955413818,29718,29738,20
12.9485998154,80.1955413818,29738,29748,10
12.9485998154,80.1959381104,29748,29758,10
12.9485797882,80.1967315674,29758,29768,10
12.9485797882,80.1977462769,29768,29778,10
12.9485998154,80.1988830566,29778,29788,10
12.9486198425,80.1995391846,29788,29798,10
12.9486198425,80.1996765137,29798,29808,10
12.9486398697,80.2003326416,29808,29819,11
12.9486503601,80.2012176514,29819,29829,10
12.9486703873,80.2022781372,29829,29839,10
12.9486904144,80.203453064,29839,29849,10
12.9487104416,80.2046279907,29849,29859,10
12.9487400055,80.2058563232,29859,29869,10
12.9487199783,80.206993103,29869,29878,9
12.9486703873,80.2081069946,29878,29889,11
12.9485998154,80.2091064453,29889,29899,10
12.9485902786,80.2093429565,29899,29909,10
12.9485702515,80.2095794678,29909,29920,11
12.948559761,80.2099761963,29920,29930,10
12.9485397339,80.2102966309,29930,29940,10
12.9484901428,80.2108306885,29940,29950,10
12.9484796524,80.2116622925,29950,29960,10
12.9484996796,80.2127075195,29960,29970,10
12.9485998154,80.2138366699,29970,29980,10
12.9487400055,80.215133667,29980,29990,10
12.9489002228,80.216583252,29990,30000,10
12.9490499496,80.2181015015,30000,30010,10
12.9491796494,80.2196731567,30010,30020,10
12.9493398666,80.2212600708,30020,30031,11
12.9494600296,80.2230377197,30031,30041,10
12.9495401382,80.2245635986,30041,30051,10
12.9495897293,80.2259597778,30051,30061,10
12.949669838,80.2274780273,30061,30071,10
12.9497299194,80.2287597656,30071,30081,10
12.9498596191,80.2306671143,30081,30091,10
12.9499797821,80.2320709229,30091,30101,10
12.9500398636,80.2329406738,30101,30111,10
12.950050354,80.2330169678,30111,30121,10
12.9500598907,80.2334518433,30121,30132,11
12.9500598907,80.2343063354,30132,30142,10
12.9499797821,80.2351303101,30142,30152,10
12.9498996735,80.235748291,30152,30162,10
12.9498901367,80.2358703613,30162,30172,10
12.9498300552,80.2363128662,30172,30182,10
12.9497299194,80.2370681763,30182,30192,10
12.9496097565,80.2380065918,30192,30202,10
12.9494600296,80.2390365601,30202,30212,10
12.9492397308,80.2399673462,30212,30222,10
12.9491596222,80.2404174805,30222,30233,11
12.9491596222,80.2405395508,30233,30243,10
12.9493198395,80.2408599854,30243,30253,10
12.949839592,80.241027832,30253,30263,10
12.9505701065,80.2412261963,30263,30273,10
12.9511203766,80.2413635254,30273,30283,10
12.9511299133,80.2413635254,30283,30293,10
12.9514198303,80.2414779663,30293,30303,10
12.9520196915,80.2416992188,30303,30313,10
12.9528198242,80.2419967651,30313,30323,10
12.9536895752,80.2423324585,30323,30333,10
12.9546804428,80.2427368164,30333,30344,11
12.9553804398,80.2429962158,30344,30354,10
12.9561700821,80.243270874,30354,30364,10
12.9564399719,80.2434082031,30364,30374,10
12.9568300247,80.2435531616,30374,30384,10
12.9575500488,80.243888855,30384,30394,10
12.9583396912,80.2442321777,30394,30404,10
12.9588699341,80.244430542,30404,30414,10
12.9588899612,80.2444381714,30414,30424,10
12.9593000412,80.2446365356,30424,30434,10
12.9600000381,80.244972229,30434,30445,11
12.9610099792,80.2454223633,30445,30455,10
12.9621295929,80.2459716797,30455,30465,10
12.9633197784,80.2465591431,30465,30475,10
12.9644603729,80.2470703125,30475,30485,10
12.9656095505,80.2474594116,30485,30495,10
12.9663801193,80.247756958,30495,30505,10
12.9667596817,80.2479095459,30505,30515,10
12.9670801163,80.248046875,30515,30525,10
12.9675798416,80.248298645,30525,30535,10
12.96833992,80.2486114502,30535,30546,11
12.9693002701,80.2490005493,30546,30556,10
12.9703197479,80.249420166,30556,30566,10
12.9715003967,80.249786377,30566,30576,10
12.9727201462,80.2501068115,30576,30586,10
12.9739103317,80.2504196167,30586,30596,10
12.9751596451,80.2507705688,30596,30606,10
12.9764795303,80.2511520386,30606,30616,10
12.9777297974,80.251701355,30616,30626,10
12.9785699844,80.2523193359,30626,30636,10
12.9788303375,80.252456665,30636,30646,10
12.9792804718,80.2525787354,30646,30657,11
12.9796695709,80.2526168823,30657,30667,10
12.979809761,80.2526321411,30667,30677,10
12.9802103043,80.2526626587,30677,30687,10
12.9809398651,80.2526473999,30687,30697,10
12.9818696976,80.2526321411,30697,30707,10
12.9829397202,80.2526016235,30707,30717,10
12.9840898514,80.2523803711,30717,30727,10
12.9852800369,80.2520599365,30727,30737,10
12.9863700867,80.2517623901,30737,30747,10
12.9875297546,80.251411438,30747,30818,71
12.9875297546,80.251411438,30818,30828,10
12.9877996445,80.2513885498,30828,30838,10
12.9880304337,80.2516479492,30838,30848,10
12.9880895615,80.252243042,30848,30858,10
12.9879903793,80.2532501221,30858,30869,11
12.9878797531,80.2543869019,30869,30879,10
12.9878101349,80.2552108765,30879,30889,10
12.9877796173,80.2553787231,30889,30899,10
12.987739563,80.2557678223,30899,30909,10
12.9876298904,80.2564315796,30909,30919,10
12.9875497818,80.2573013306,30919,30929,10
12.9874696732,80.2582473755,30929,30939,10
12.9874000549,80.2590026855,30939,30949,10
12.987279892,80.2594909668,30949,30970,21
12.987279892,80.2594909668,30970,30980,10
12.9872598648,80.2595596313,30980,30990,10
12.9871301651,80.2596435547,30990,31000,10
12.9869604111,80.2595977783,31000,31010,10
12.9866600037,80.2594833374,31010,31020,10
12.9867401123,80.2590789795,31020,31030,10
12.9868001938,80.2586975098,31030,31101,71
12.9868402481,80.2584762573,31101,31323,222
12.9871797562,80.2586364746,31323,31505,182
12.9871797562,80.2586364746,31505,31515,10
12.9870996475,80.258682251,31515,31525,10
12.9870901108,80.258682251,31525,31535,10
12.9868497849,80.2586288452,31535,31545,10
12.986749649,80.2589187622,31545,33181,1636
12.986749649,80.2589187622,33181,33191,10
12.9867296219,80.2590332031,33191,33201,10
12.9867296219,80.2591018677,33201,33211,10
12.9868202209,80.2591781616,33211,33221,10
12.9870004654,80.2591781616,33221,33231,10
12.9871797562,80.2591629028,33231,33241,10
12.9873399734,80.2591094971,33241,33252,11
12.9874000549,80.2590332031,33252,33262,10
12.9874200821,80.2587509155,33262,33272,10
12.9874401093,80.2582778931,33272,33282,10
12.9874696732,80.257598877,33282,33292,10
12.9874801636,80.2568969727,33292,33302,10
12.9875297546,80.2564926147,33302,33312,10
12.9875297546,80.2564697266,33312,33322,10
12.9876003265,80.2563476563,33322,33332,10
12.9876003265,80.2560272217,33332,33342,10
12.9876699448,80.2556381226,33342,33352,10
12.9877195358,80.2550582886,33352,33363,11
12.9877500534,80.2545776367,33363,33373,10
12.987830162,80.2538528442,33373,33383,10
12.9878997803,80.2529373169,33383,33393,10
12.9878196716,80.2518768311,33393,33443,50
12.9878196716,80.2518768311,33443,33453,10
12.9877901077,80.251701355,33453,33464,11
12.9874200821,80.2516098022,33464,33474,10
12.986579895,80.251739502,33474,33484,10
12.9854803085,80.2519989014,33484,33494,10
12.9841604233,80.2523498535,33494,33504,10
12.9827003479,80.2526321411,33504,33514,10
12.9811601639,80.2526779175,33514,33524,10
12.979929924,80.2527084351,33524,33534,10
12.9788999557,80.2526092529,33534,33544,10
12.9785804749,80.2525634766,33544,33554,10
12.9783401489,80.2524337769,33554,33564,10
12.9777202606,80.2518768311,33564,33575,11
12.9768104553,80.2513275146,33575,33585,10
12.9756202698,80.2509613037,33585,33595,10
12.9743003845,80.250579834,33595,33605,10
12.9728803635,80.250213623,33605,33615,10
12.9714603424,80.2498168945,33615,33625,10
12.9701595306,80.249420166,33625,33635,10
12.9688301086,80.248916626,33635,33645,10
12.9673995972,80.2483901978,33645,33655,10
12.9662599564,80.2478637695,33655,33666,11
12.9651002884,80.2474365234,33666,33686,20
12.9651002884,80.2474365234,33686,33696,10
12.9649400711,80.247428894,33696,33706,10
12.9644498825,80.2472000122,33706,33716,10
12.9635295868,80.2467803955,33716,33746,30
12.9635295868,80.2467803955,33746,33756,10
12.9632797241,80.2466888428,33756,33766,10
12.9625997543,80.2463607788,33766,33777,11
12.9615097046,80.24584198,33777,33787,10
12.9603796005,80.245300293,33787,33797,10
12.9594602585,80.2449035645,33797,33807,10
12.9593601227,80.2448501587,33807,33817,10
12.9590196609,80.244682312,33817,33827,10
12.9583501816,80.244392395,33827,33837,10
12.9577798843,80.244178772,33837,33847,10
12.9564304352,80.2437362671,33847,33908,61
12.9564304352,80.2437362671,33908,33918,10
12.9561195374,80.2436218262,33918,33928,10
12.9555397034,80.2432785034,33928,33938,10
12.9548397064,80.2429428101,33938,33948,10
12.9541902542,80.2426528931,33948,33958,10
12.9534902573,80.2423629761,33958,33968,10
12.9526500702,80.2420425415,33968,33978,10
12.952050209,80.2417984009,33978,33989,11
12.951880455,80.2417526245,33989,33999,10
12.9515895844,80.2416305542,33999,34009,10
12.9508495331,80.2413711548,34009,34019,10
12.9499101639,80.2410888672,34019,34029,10
12.9492197037,80.2408599854,34029,34039,10
12.949139595,80.240852356,34039,34049,10
12.9489803314,80.2407302856,34049,34059,10
12.9490404129,80.2400817871,34059,34069,10
12.9491996765,80.2393569946,34069,34079,10
12.9493503571,80.2389526367,34079,34090,11
12.9493503571,80.2389526367,34090,34100,10
12.9495000839,80.2382125854,34100,34110,10
12.9496498108,80.2372512817,34110,34120,10
12.9497404099,80.236366272,34120,34130,10
12.9497900009,80.2359008789,34130,34140,10
12.9498195648,80.2356109619,34140,34153,13
12.9499397278,80.2349700928,34153,34163,10
12.9499998093,80.2340316772,34163,34174,11
12.9499998093,80.2337493896,34174,34184,10
12.9499797821,80.2331237793,34184,34194,10
12.949930191,80.2321624756,34194,34206,12
12.9498500824,80.2308502197,34206,34216,10
12.9497404099,80.2293395996,34216,34226,10
12.949669838,80.2278213501,34226,34234,8
12.9496002197,80.2265625,34234,34246,12
12.9495201111,80.2249221802,34246,34255,9
12.9494304657,80.2230606079,34255,34266,11
12.9493198395,80.2211990356,34266,34276,10
12.9491500854,80.2194976807,34276,34286,10
12.9489803314,80.2177886963,34286,34296,10
12.948800087,80.2160797119,34296,34307,11
12.9486198425,80.2142410278,34307,34317,10
12.9484901428,80.2128067017,34317,34327,10
12.9484100342,80.2115783691,34327,34337,10
12.948390007,80.2105026245,34337,34347,10
12.948390007,80.2097320557,34347,34357,10
12.9484901428,80.2089385986,34357,34367,10
12.9485197067,80.2086715698,34367,34377,10
12.948559761,80.2086029053,34377,34387,10
12.9485902786,80.2081298828,34387,34397,10
12.9486503601,80.207321167,34397,34408,11
12.9487104416,80.2061920166,34408,34418,10
12.9487199783,80.2049789429,34418,34428,10
12.948679924,80.2036437988,34428,34438,10
12.9486398697,80.2023620605,34438,34448,10
12.9485998154,80.2013778687,34448,34458,10
12.948559761,80.2002563477,34458,34468,10
12.9485197067,80.1992797852,34468,34478,10
12.9484901428,80.1988525391,34478,34488,10
12.9484901428,80.1987762451,34488,34498,10
12.9484901428,80.1983795166,34498,34508,10
12.9484796524,80.1976623535,34508,34519,11
12.94851017,80.196647644,34519,34529,10
12.9484996796,80.1957397461,34529,34539,10
12.9484996796,80.1955413818,34539,34549,10
12.9485397339,80.1952819824,34549,34559,10
12.9485397339,80.1946563721,34559,34569,10
12.9485397339,80.1937789917,34569,34579,10
12.9485797882,80.1927185059,34579,34589,10
12.9486198425,80.1915206909,34589,34599,10
12.9486904144,80.1902618408,34599,34609,10
12.9487800598,80.189239502,34609,34620,11
12.9489002228,80.1880493164,34620,34630,10
12.9489898682,80.1870574951,34630,34640,10
12.9490499496,80.1861801147,34640,34650,10
12.9489898682,80.1853790283,34650,34680,30
12.9489898682,80.1853790283,34680,34690,10
12.9490203857,80.1851501465,34690,34700,10
12.9491100311,80.1846084595,34700,34710,10
12.9491701126,80.1839904785,34710,34721,11
12.9491996765,80.1838378906,34721,34731,10
12.9492301941,80.1837615967,34731,34741,10
12.9493198395,80.18334198,34741,34751,10
12.9494495392,80.1825866699,34751,34761,10
12.9495897293,80.1817016602,34761,34771,10
12.9497203827,80.1809768677,34771,34781,10
12.9498701096,80.1802062988,34781,34791,10
12.9500703812,80.1792373657,34791,34801,10
12.9503602982,80.1781005859,34801,34811,10
12.9506797791,80.1768875122,34811,34821,10
12.9509401321,80.175743103,34821,34832,11
12.9511203766,80.1748886108,34832,34842,10
12.9511499405,80.1747207642,34842,34852,10
12.9511995316,80.1744003296,34852,34862,10
12.9512195587,80.1742782593,34862,34872,10
12.9512395859,80.1742019653,34872,34882,10
12.9513502121,80.1737365723,34882,34892,10
12.951499939,80.1730117798,34892,34902,10
12.9516401291,80.1721801758,34902,34912,10
12.9517402649,80.1715011597,34912,34922,10
12.9517803192,80.1713562012,34922,34933,11
12.9518604279,80.1709365845,34933,34943,10
12.9519796371,80.1702804565,34943,34953,10
12.9521303177,80.1694412231,34953,34963,10
12.9523296356,80.1684494019,34963,34973,10
12.9526100159,80.1673736572,34973,34983,10
12.9529104233,80.1662063599,34983,34993,10
12.9531803131,80.1650009155,34993,35003,10
12.9534502029,80.1637878418,35003,35013,10
12.9537000656,80.162612915,35013,35023,10
12.9539499283,80.1614379883,35023,35034,11
12.9541902542,80.1602783203,35034,35044,10
12.9543800354,80.1592330933,35044,35054,10
12.9545001984,80.1586227417,35054,35064,10
12.9545097351,80.1585006714,35064,35074,10
12.9545297623,80.1584396362,35074,35084,10
12.9546098709,80.1580581665,35084,35094,10
12.9547796249,80.1573562622,35094,35104,10
12.9549798965,80.1564483643,35104,35114,10
12.9552097321,80.1553573608,35114,35124,10
12.9554700851,80.1541595459,35124,35134,10
12.9558296204,80.1529312134,35134,35145,11
12.9566497803,80.1517791748,35145,35155,10
12.9575395584,80.1510467529,35155,35165,10
12.9582700729,80.1504364014,35165,35175,10
12.9587602615,80.1500015259,35175,35185,10
12.9588098526,80.1499710083,35185,35195,10
12.9588603973,80.1499404907,35195,35205,10
12.959230423,80.1496734619,35205,35215,10
12.9595804214,80.1490097046,35215,35225,10
12.9597597122,80.1482009888,35225,35235,10
12.9599399567,80.1473388672,35235,35245,10
12.960100174,80.1465377808,35245,35256,11
12.9602603912,80.1457824707,35256,35266,10
12.9602899551,80.1454772949,35266,35276,10
12.9603395462,80.1451568604,35276,35285,9
12.9608602524,80.1453933716,35285,35296,11
12.9616603851,80.1458435059,35296,35306,10
12.9624900818,80.1463012695,35306,35316,10
12.9633903503,80.1467971802,35316,35326,10
12.9642801285,80.1474075317,35326,35336,10
12.9652795792,80.1480026245,35336,35347,11
12.9664497375,80.1486206055,35347,35357,10
12.9674901962,80.1491394043,35357,35367,10
12.968290329,80.1494903564,35367,35417,50
12.968290329,80.1494903564,35417,35427,10
12.9685001373,80.1496200562,35427,35437,10
12.9690198898,80.149810791,35437,35629,192
12.9690198898,80.149810791,35629,35639,10
12.9692001343,80.1499328613,35639,35649,10
12.9696903229,80.1501922607,35649,35659,10
12.9704799652,80.1505813599,35659,35670,11
12.9713401794,80.1509933472,35670,35680,10
12.9716997147,80.1511535645,35680,35690,10
12.9718599319,80.1512298584,35690,35700,10
12.972319603,80.1515808105,35700,35710,10
12.9727602005,80.1521835327,35710,35720,10
12.9731502533,80.1527023315,35720,35730,10
12.9733400345,80.1529922485,35730,35770,40
12.9733400345,80.1529922485,35770,35781,11
12.9733495712,80.1530914307,35781,35791,10
12.9731502533,80.1529693604,35791,35801,10
12.9728002548,80.1523971558,35801,35811,10
12.9722700119,80.1516571045,35811,35821,10
12.9715299606,80.1511001587,35821,35831,10
12.9706096649,80.1506500244,35831,35841,10
12.9698495865,80.1502990723,35841,35851,10
12.9692802429,80.150062561,35851,35882,31
12.9692802429,80.150062561,35882,35892,10
12.9690504074,80.1498565674,35892,35902,10
12.9686698914,80.1496505737,35902,35912,10
12.9680995941,80.1493988037,35912,35922,10
12.9673700333,80.1490707397,35922,35932,10
12.9666595459,80.148727417,35932,35942,10
12.9660396576,80.1484069824,35942,35952,10
12.9653997421,80.1481018066,35952,35962,10
12.964679718,80.1477203369,35962,35972,10
12.9639101028,80.1473007202,35972,35982,10
12.9631795883,80.146987915,35982,35993,11
12.9623203278,80.146522522,35993,36003,10
12.9615802765,80.1461334229,36003,36013,10
12.9608402252,80.1457519531,36013,36023,10
12.9603500366,80.145690918,36023,36033,10
12.9601802826,80.1463775635,36033,36043,10
12.9599895477,80.1472625732,36043,36053,10
12.9598197937,80.148147583,36053,36063,10
12.9596099854,80.1491012573,36063,36073,10
12.9591302872,80.1499481201,36073,36084,11
12.9586200714,80.1503601074,36084,36094,10
12.9585103989,80.150428772,36094,36104,10
12.9580802917,80.1507720947,36104,36114,10
12.9574203491,80.1512908936,36114,36124,10
12.9566402435,80.1519393921,36124,36134,10
12.955909729,80.1528701782,36134,36144,10
12.9555101395,80.1540908813,36144,36154,10
12.9552202225,80.1553878784,36154,36164,10
12.9549503326,80.1567230225,36164,36174,10
12.9546804428,80.1580123901,36174,36184,10
12.9545402527,80.1587219238,36184,36195,11
12.9544095993,80.1593933105,36195,36205,10
12.9543399811,80.1597900391,36205,36215,10
12.9541902542,80.1604385376,36215,36225,10
12.9539604187,80.1614608765,36225,36235,10
12.9537096024,80.162689209,36235,36245,10
12.9534101486,80.1640625,36245,36255,10
12.9531202316,80.1653900146,36255,36265,10
12.9527997971,80.1667785645,36265,36275,10
12.9524297714,80.16822052,36275,36285,10
12.9521398544,80.1697006226,36285,36295,10
12.9519300461,80.1709136963,36295,36306,11
12.9518299103,80.1716384888,36306,36316,10
12.9517402649,80.1721420288,36316,36326,10
12.9515695572,80.1730270386,36326,36336,10
12.951379776,80.1740493774,36336,36346,10
12.9511299133,80.1751022339,36346,36356,10
12.9508695602,80.1762924194,36356,36366,10
12.9505596161,80.177520752,36366,36376,10
12.950220108,80.1788406372,36376,36386,10
12.9499197006,80.1801986694,36386,36396,10
12.9497098923,80.1814880371,36396,36407,11
12.9494600296,80.1827011108,36407,36417,10
12.9493103027,80.1836013794,36417,36427,10
12.9492902756,80.183883667,36427,36437,10
12.9492702484,80.1839981079,36437,36447,10
12.9492397308,80.1844406128,36447,36457,10
12.9492301941,80.185043335,36457,36497,40
12.9492301941,80.185043335,36497,36507,10
12.9492301941,80.1851882935,36507,36518,11
12.9491901398,80.1857223511,36518,36528,10
12.9491596222,80.1862869263,36528,36538,10
12.9491100311,80.1869277954,36538,36548,10
12.9490404129,80.1877212524,36548,36558,10
12.9489402771,80.1885681152,36558,36568,10
12.9488697052,80.1892471313,36568,36578,10
12.9487800598,80.1901321411,36578,36588,10
12.9487104416,80.1910018921,36588,36598,10
12.9486303329,80.192489624,36598,36608,10
12.9485998154,80.1938171387,36608,36619,11
12.9485702515,80.19506073,36619,36629,10
12.9485998154,80.1955184937,36629,36639,10
12.9485998154,80.1955337524,36639,36649,10
12.9485702515,80.1958084106,36649,36659,10
12.9485397339,80.1965789795,36659,36669,10
12.94851017,80.1975402832,36669,36679,10
12.9485197067,80.1985702515,36679,36689,10
12.9485702515,80.1994094849,36689,36699,10
12.9485902786,80.1996002197,36699,36709,10
12.9486303329,80.2001495361,36709,36720,11
12.9486398697,80.2011108398,36720,36730,10
12.9486598969,80.2021408081,36730,36740,10
12.948679924,80.2032775879,36740,36750,10
12.9487304688,80.2045211792,36750,36760,10
12.9487495422,80.2058029175,36760,36770,10
12.9487104416,80.2069473267,36770,36780,10
12.9486303329,80.2080993652,36780,36790,10
12.9485397339,80.2090988159,36790,36800,10
12.9485397339,80.2092971802,36800,36810,10
12.9485197067,80.2095565796,36810,36820,10
12.9485702515,80.2099685669,36820,36831,11
12.9484901428,80.2107009888,36831,36841,10
12.9484701157,80.2116775513,36841,36851,10
12.9485197067,80.2128601074,36851,36861,10
12.9486198425,80.2141418457,36861,36871,10
12.9487495422,80.2154769897,36871,36881,10
12.9488897324,80.2168502808,36881,36891,10
12.9490299225,80.2182235718,36891,36901,10
12.9491701126,80.2195968628,36901,36911,10
12.9492998123,80.2208709717,36911,36921,10
12.949379921,80.2219009399,36921,36931,10
12.9494304657,80.2226409912,36931,36942,11
12.9494800568,80.2235794067,36942,36952,10
12.9495401382,80.2245025635,36952,36962,10
12.9496002197,80.2255706787,36962,36972,10
12.9496603012,80.2267990112,36972,36982,10
12.9497003555,80.2281265259,36982,36992,10
12.949760437,80.2294311523,36992,37002,10
12.9498701096,80.2306900024,37002,37012,10
12.9499597549,80.2320175171,37012,37022,10
12.9500398636,80.2333221436,37022,37033,11
12.9500303268,80.2343826294,37033,37043,10
12.9499397278,80.2352218628,37043,37053,10
12.9498796463,80.2357025146,37053,37083,30
12.9498796463,80.2357025146,37083,37093,10
12.9498195648,80.236289978,37093,37103,10
12.9497003555,80.2370376587,37103,37113,10
12.9495601654,80.2379837036,37113,37123,10
12.949379921,80.2389984131,37123,37133,10
12.9491796494,80.2399520874,37133,37143,10
12.9491100311,80.2403335571,37143,37154,11
12.9491500854,80.2406616211,37154,37164,10
12.9496498108,80.2409210205,37164,37174,10
12.9503898621,80.2411422729,37174,37184,10
12.9509496689,80.2413024902,37184,37194,10
12.9511003494,80.2413635254,37194,37204,10
12.9513397217,80.2414474487,37204,37214,10
12.9519796371,80.2416610718,37214,37224,10
12.9528102875,80.2419586182,37224,37234,10
12.9536895752,80.2423095703,37234,37244,10
12.954750061,80.2427368164,37244,37255,11
12.9553604126,80.2429733276,37255,37265,10
12.9561595917,80.2432632446,37265,37275,10
12.9566802979,80.2434616089,37275,37285,10
12.9574203491,80.2438201904,37285,37295,10
12.9582395554,80.2441711426,37295,37305,10
12.9588298798,80.2443771362,37305,37315,10
12.9589395523,80.2444381714,37315,37325,10
12.958990097,80.2444992065,37325,37335,10
12.9593801498,80.2446975708,37335,37346,11
12.960100174,80.2450332642,37346,37356,10
12.9609603882,80.2454223633,37356,37366,10
12.9619197845,80.245880127,37366,37376,10
12.9627799988,80.2462768555,37376,37386,10
12.9632101059,80.2464904785,37386,37396,10
12.9632797241,80.2465209961,37396,37406,10
12.9636602402,80.246711731,37406,37416,10
12.9643096924,80.2469711304,37416,37426,10
12.9651403427,80.2472686768,37426,37436,10
12.9660196304,80.2475585938,37436,37446,10
12.9664497375,80.2477264404,37446,37456,10
12.9665803909,80.2477874756,37456,37467,11
12.9670495987,80.248046875,37467,37477,10
12.9677200317,80.248336792,37477,37487,10
12.968629837,80.2487106323,37487,37497,10
12.9695796967,80.2490997314,37497,37507,10
12.9706001282,80.2495117188,37507,37517,10
12.9717102051,80.2498321533,37517,37527,10
12.972869873,80.2501296997,37527,37537,10
12.9740800858,80.2504272461,37537,37547,10
12.9752998352,80.250793457,37547,37558,11
12.9766397476,80.2511672974,37558,37568,10
12.977689743,80.251663208,37568,37578,10
12.9783096313,80.2521209717,37578,37588,10
12.9784097672,80.2522583008,37588,37598,10
12.9788703918,80.2524795532,37598,37608,10
12.9798297882,80.2526397705,37608,37658,50
12.9798297882,80.2526397705,37658,37668,10
12.9800796509,80.2527008057,37668,37679,11
12.9817304611,80.2526626587,37679,37689,10
12.9817304611,80.2526626587,37689,37699,10
12.9828300476,80.2525863647,37699,37709,10
12.984120369,80.2523422241,37709,37719,10
12.9854698181,80.2519683838,37719,37729,10
12.9866600037,80.251663208,37729,37739,10
12.9877195358,80.251373291,37739,37750,11
12.9879999161,80.2517623901,37750,37760,10
12.9880800247,80.2522125244,37760,37770,10
12.9880504608,80.2523727417,37770,37781,11
12.9879398346,80.2531509399,37781,37791,10
12.9878396988,80.2541503906,37791,37801,10
12.9877595901,80.2550430298,37801,37811,10
12.9877004623,80.2555007935,37811,37902,91
12.9877004623,80.2555007935,37902,37912,10
12.9876899719,80.2557220459,37912,37922,10
12.9876203537,80.2560424805,37922,37932,10
12.9875602722,80.2565765381,37932,37942,10
12.9875097275,80.2572021484,37942,37952,10
12.9874601364,80.2579879761,37952,37962,10
12.9873895645,80.2587280273,37962,37972,10
12.9872703552,80.2593536377,37972,38023,51
12.9872703552,80.2593536377,38023,38033,10
12.9870195389,80.2596206665,38033,38043,10
12.9868803024,80.2595825195,38043,38053,10
12.9865999222,80.2595062256,38053,38083,30
12.9865999222,80.2595062256,38083,38094,11
12.9865598679,80.2592315674,38094,38104,10
12.9868803024,80.2590332031,38104,39124,1020
12.9868803024,80.2590332031,39124,39134,10
12.987279892,80.2591094971,39134,39144,10
12.9873695374,80.2588806152,39144,39164,20
12.9873695374,80.2588806152,39164,39174,10
12.9874095917,80.2585830688,39174,39184,10
12.987449646,80.2581863403,39184,39194,10
12.9874601364,80.2577819824,39194,39204,10
12.9874801636,80.2572021484,39204,39214,10
12.9875001907,80.2566833496,39214,39224,10
12.9875097275,80.256187439,39224,39275,51
12.9875097275,80.256187439,39275,39285,10
12.987569809,80.2560424805,39285,39295,10
12.9875802994,80.2557525635,39295,39305,10
12.9877004623,80.2553787231,39305,39315,10
12.987739563,80.2548370361,39315,39325,10
12.9877500534,80.2546768188,39325,39336,11
12.9878196716,80.2539672852,39336,39346,10
12.9878902435,80.2530288696,39346,39356,10
12.9879102707,80.2520065308,39356,39366,10
12.9877901077,80.2516479492,39366,39376,10
12.9876499176,80.2515792847,39376,39386,10
12.9874801636,80.2515792847,39386,39396,10
12.9869604111,80.2516403198,39396,39406,10
12.9862003326,80.2518386841,39406,39416,10
12.9852199554,80.2520675659,39416,39426,10
12.9840202332,80.2523803711,39426,39437,11
12.9826803207,80.2526168823,39437,39447,10
12.9813804626,80.2526702881,39447,39457,10
12.9802398682,80.252746582,39457,39467,10
12.9793596268,80.2527084351,39467,39477,10
12.9785699844,80.2526016235,39477,39497,20
12.9785699844,80.2526016235,39497,39507,10
12.978219986,80.2523803711,39507,39517,10
12.9776201248,80.2518692017,39517,39527,10
12.9767198563,80.2513198853,39527,39537,10
12.9755401611,80.2509613037,39537,39548,11
12.9741201401,80.250541687,39548,39558,10
12.9727802277,80.2501831055,39558,39568,10
12.9713697433,80.2498168945,39568,39578,10
12.9699697495,80.249382019,39578,39588,10
12.968580246,80.248840332,39588,39598,10
12.9673900604,80.2483596802,39598,39608,10
12.9662904739,80.2478485107,39608,39618,10
12.9649400711,80.2473831177,39618,39638,20
12.9649400711,80.2473831177,39638,39649,11
12.9645900726,80.2472305298,39649,39659,10
12.9639396667,80.246963501,39659,39669,10
12.9631004333,80.2465896606,39669,39679,10
12.962100029,80.2461013794,39679,39689,10
12.9611101151,80.2456207275,39689,39699,10
12.9601402283,80.2451782227,39699,39709,10
12.9594802856,80.2449035645,39709,39719,10
12.9593801498,80.2448577881,39719,39729,10
12.9593200684,80.2448272705,39729,39739,10
12.9589099884,80.2446212769,39739,39750,11
12.9580898285,80.2443008423,39750,39760,10
12.9574804306,80.2440795898,39760,39770,10
12.9565496445,80.2437515259,39770,39810,40
12.9565496445,80.2437515259,39810,39820,10
12.955909729,80.2434768677,39820,39830,10
12.9552097321,80.2431411743,39830,39840,10
12.9545202255,80.2428283691,39840,39850,10
12.9537401199,80.2425003052,39850,39861,11
12.952750206,80.2420806885,39861,39871,10
12.9516401291,80.2416763306,39871,39891,20
12.9516401291,80.2416763306,39891,39901,10
12.9513702393,80.2415771484,39901,39911,10
12.9507198334,80.2413406372,39911,39921,10
12.949839592,80.2410430908,39921,39931,10
12.9492301941,80.2408370972,39931,39941,10
12.9489402771,80.2404785156,39941,39951,10
12.9491901398,80.2393417358,39951,39982,31
12.9491901398,80.2393417358,39982,39992,10
12.9492902756,80.2390823364,39992,40002,10
12.9494104385,80.238571167,40002,40012,10
12.9495401382,80.2378463745,40012,40022,10
12.9496603012,80.2370605469,40022,40032,10
12.949760437,80.2364120483,40032,40042,10
12.9498195648,80.2359390259,40042,40052,10
12.9498300552,80.2358398438,40052,40062,10
12.9498996735,80.2353591919,40062,40073,11
12.9499702454,80.2345962524,40073,40083,10
12.9499902725,80.233833313,40083,40113,30
12.9499902725,80.233833313,40113,40123,10
12.9499702454,80.2336807251,40123,40133,10
12.9499702454,80.2332000732,40133,40143,10
12.9499397278,80.232383728,40143,40153,10
12.9498701096,80.2313613892,40153,40163,10
12.9497995377,80.2301712036,40163,40174,11
12.9497203827,80.2287368774,40174,40184,10
12.949640274,80.2273788452,40184,40194,10
12.9495801926,80.2259902954,40194,40204,10
12.9495096207,80.2246780396,40204,40213,9
12.9494400024,80.2232208252,40213,40222,9
12.9493703842,80.2219696045,40222,40234,12
12.9492197037,80.2203216553,40234,40244,10
12.9490699768,80.2189178467,40244,40254,10
12.9489603043,80.2175521851,40254,40264,10
12.9488096237,80.2161636353,40264,40274,10
12.9486703873,80.2147369385,40274,40285,11
12.9485197067,80.213180542,40285,40295,10
12.9484300613,80.2117462158,40295,40305,10
12.9483995438,80.2105636597,40305,40315,10
12.948390007,80.2098922729,40315,40325,10
12.9484701157,80.2091369629,40325,40335,10
12.9484996796,80.2086410522,40335,40345,10
12.9484996796,80.2086181641,40345,40355,10
12.9485301971,80.2082366943,40355,40365,10
12.9485998154,80.2075195313,40365,40375,10
12.9486598969,80.2066116333,40375,40386,11
12.948679924,80.2054519653,40386,40396,10
12.9486703873,80.2042312622,40396,40406,10
12.9486198425,80.2033004761,40406,40416,10
12.9486103058,80.2031402588,40416,40426,10
12.9486103058,80.2029724121,40426,40436,10
12.9485998154,80.2024230957,40436,40446,10
12.9485797882,80.2015533447,40446,40456,10
12.948559761,80.200592041,40456,40466,10
12.9484701157,80.1988830566,40466,40486,20
12.9484701157,80.1988830566,40486,40497,11
12.9484596252,80.1987228394,40497,40507,10
12.9484500885,80.1982269287,40507,40517,10
12.9484701157,80.1974411011,40517,40527,10
12.9484901428,80.1964797974,40527,40537,10
12.9484796524,80.1955108643,40537,40557,20
12.9484796524,80.1955108643,40557,40567,10
12.9484701157,80.1952209473,40567,40577,10
12.9484901428,80.1946182251,40577,40587,10
12.94851017,80.1937866211,40587,40598,11
12.948559761,80.1926574707,40598,40608,10
12.9485998154,80.1914825439,40608,40618,10
12.9486703873,80.190246582,40618,40628,10
12.9487695694,80.189201355,40628,40638,10
12.9488697052,80.1882019043,40638,40648,10
12.9489898682,80.1869430542,40648,40658,10
12.9490404129,80.185333252,40658,40759,101
12.9490404129,80.185333252,40759,40769,10
12.9490098953,80.1852111816,40769,40779,10
12.9490499496,80.1848297119,40779,40789,10
12.9491100311,80.1841812134,40789,40800,11
12.9491596222,80.1837997437,40800,40810,10
12.9491701126,80.1837387085,40810,40820,10
12.9492397308,80.18334198,40820,40830,10
12.9493703842,80.1826171875,40830,40840,10
12.9495401382,80.1817321777,40840,40850,10
12.9496803284,80.1809616089,40850,40860,10
12.949839592,80.1802215576,40860,40870,10
12.950050354,80.1792373657,40870,40880,10
12.9503602982,80.1780776978,40880,40890,10
12.9506797791,80.1768417358,40890,40901,11
12.9509401321,80.175743103,40901,40911,10
12.9511404037,80.174659729,40911,40921,10
12.9512195587,80.1742706299,40921,40931,10
12.9512701035,80.1740264893,40931,40941,10
12.9513998032,80.173500061,40941,40951,10
12.9515600204,80.172706604,40951,40961,10
12.9517002106,80.1718673706,40961,40971,10
12.9517803192,80.1713485718,40971,40981,10
12.9518003464,80.1712417603,40981,40991,10
12.951880455,80.1708374023,40991,41001,10
12.9520196915,80.1699829102,41001,41012,11
12.9521799088,80.1691207886,41012,41022,10
12.9524297714,80.1680221558,41022,41032,10
12.9527397156,80.1668930054,41032,41042,10
12.953040123,80.1656417847,41042,41052,10
12.9533195496,80.1643218994,41052,41062,10
12.9536104202,80.1629867554,41062,41072,10
12.9539003372,80.1616516113,41072,41082,10
12.9541702271,80.1603469849,41082,41092,10
12.9543800354,80.1592483521,41092,41102,10
12.9545001984,80.1585083008,41102,41113,11
12.9545202255,80.158416748,41113,41123,10
12.9546203613,80.1579971313,41123,41133,10
12.9547796249,80.1572799683,41133,41143,10
12.9549798965,80.1563796997,41143,41153,10
12.9552202225,80.1552886963,41153,41163,10
12.9554901123,80.1540603638,41163,41173,10
12.9558801651,80.1527862549,41173,41183,10
12.9567203522,80.1517410278,41183,41193,10
12.9576501846,80.1509628296,41193,41203,10
12.958439827,80.1503295898,41203,41213,10
12.9590196609,80.1498794556,41213,41224,11
12.9594697952,80.1493988037,41224,41234,10
12.9596796036,80.1486816406,41234,41244,10
12.9598398209,80.147857666,41244,41254,10
12.9600200653,80.1470108032,41254,41264,10
12.9602003098,80.1460800171,41264,41274,10
12.960269928,80.1455688477,41274,41284,10
12.9600801468,80.1453399658,41284,41294,10
12.9594402313,80.1450119019,41294,41304,10
12.9586296082,80.1445922852,41304,41314,10
12.9579296112,80.1441802979,41314,41324,10
12.9572496414,80.1438217163,41324,41335,11
12.9565896988,80.1435317993,41335,41345,10
12.956199646,80.1433181763,41345,41355,10
12.9556398392,80.1429977417,41355,41365,10
12.9550104141,80.1426391602,41365,41375,10
12.95429039,80.1422576904,41375,41385,10
12.9536104202,80.1419219971,41385,41395,10
12.9531097412,80.1416091919,41395,41405,10
12.9526700974,80.1413421631,41405,41415,10
12.9522695541,80.1410369873,41415,41426,11
12.9522600174,80.1410293579,41426,41436,10
12.9519996643,80.140838623,41436,41446,10
12.9516296387,80.1405563354,41446,41466,20
12.9516296387,80.1405563354,41466,41476,10
12.9512300491,80.1402282715,41476,41486,10
12.950510025,80.1396484375,41486,41506,20
12.950510025,80.1396484375,41506,41516,10
12.9504699707,80.1396179199,41516,41526,10
12.9501399994,80.1393737793,41526,41537,11
12.9494600296,80.1388168335,41537,41547,10
12.9486598969,80.1381530762,41547,41557,10
12.9476699829,80.1374435425,41557,41567,10
12.9466295242,80.1366577148,41567,41577,10
12.9454898834,80.1357574463,41577,41587,10
12.9443397522,80.1348724365,41587,41597,10
12.943479538,80.1342010498,41597,41607,10
12.9424495697,80.1332015991,41607,41638,31
12.9424495697,80.1332015991,41638,41648,10
12.942150116,80.1328811646,41648,41658,10
12.9415998459,80.1323318481,41658,41668,10
12.9409399033,80.1316223145,41668,41678,10
12.9401597977,80.1307983398,41678,41688,10
12.9392595291,80.1299591064,41688,41698,10
12.9383897781,80.1292190552,41698,41708,10
12.9375696182,80.1285400391,41708,41759,51
12.9375696182,80.1285400391,41759,41769,10
12.9375,80.1284713745,41769,41779,10
12.9371404648,80.1281280518,41779,41789,10
12.9368200302,80.1278762817,41789,41799,10
12.9366798401,80.127746582,41799,41809,10
12.9363002777,80.1274337769,41809,41819,10
12.9356603622,80.1268463135,41819,41829,10
12.9349002838,80.1261672974,41829,41839,10
12.934129715,80.1254425049,41839,41850,11
12.9334602356,80.124786377,41850,41860,10
12.9327001572,80.1240386963,41860,41870,10
12.931810379,80.1232070923,41870,41890,20
12.931810379,80.1232070923,41890,41900,10
12.9316797256,80.1230697632,41900,41910,10
12.9313297272,80.1226577759,41910,41920,10
12.9308395386,80.1221389771,41920,41930,10
12.9302196503,80.1215591431,41930,41940,10
12.9295902252,80.1209106445,41940,41951,11
12.9287996292,80.1201095581,41951,41961,10
12.9278898239,80.1192016602,41961,41971,10
12.9275598526,80.1188735962,41971,42001,30
12.9275598526,80.1188735962,42001,42011,10
12.9274101257,80.1186828613,42011,42021,10
12.9272098541,80.1184692383,42021,42031,10
12.9269800186,80.1182403564,42031,42041,10
12.9265003204,80.1177825928,42041,42072,31
12.9265003204,80.1177825928,42072,42082,10
12.9263896942,80.1176986694,42082,42092,10
12.9260997772,80.1174621582,42092,42102,10
12.9256801605,80.1171188354,42102,42112,10
12.9251804352,80.116607666,42112,42122,10
12.9246196747,80.1160507202,42122,42132,10
12.9243001938,80.1157073975,42132,42142,10
12.9240398407,80.1154632568,42142,42152,10
12.9239196777,80.1150970459,42152,42162,10
12.9241104126,80.1150436401,42162,42173,11
12.9244298935,80.1153564453,42173,42183,10
12.9249000549,80.1158599854,42183,42193,10
12.9254598618,80.1164474487,42193,42203,10
12.9259796143,80.1170120239,42203,42213,10
12.9262800217,80.1174468994,42213,42223,10
12.9267597198,80.1178436279,42223,42324,101
12.927069664,80.1180419922,42324,42405,81
12.927069664,80.1180419922,42405,42415,10
12.9273395538,80.1184768677,42415,42425,10
12.9278297424,80.1189804077,42425,42435,10
12.9283800125,80.1195526123,42435,42445,10
12.9287796021,80.1199188232,42445,42455,10
12.9289798737,80.1201019287,42455,43011,556
12.9289798737,80.1201019287,43011,43021,10
12.9293699265,80.1204833984,43021,43031,10
12.9298000336,80.1208572388,43031,43051,20
12.9298000336,80.1208572388,43051,43061,10
12.9300098419,80.1210784912,43061,43071,10
12.9303598404,80.1214599609,43071,43081,10
12.9308300018,80.1219406128,43081,43091,10
12.9315004349,80.1225967407,43091,43132,41
12.9315004349,80.1225967407,43132,43142,10
12.9315595627,80.1226196289,43142,43152,10
12.9317903519,80.1229019165,43152,43162,10
12.9322500229,80.1233596802,43162,43172,10
12.9328403473,80.1239471436,43172,43182,10
12.9335203171,80.1246414185,43182,43192,10
12.9342498779,80.1253662109,43192,43202,10
12.9349498749,80.1260375977,43202,43213,11
12.9356803894,80.1266403198,43213,43223,10
12.9363098145,80.1271820068,43223,43233,10
12.9367198944,80.1275405884,43233,43243,10
12.9367599487,80.127571106,43243,43253,10
12.9368400574,80.1276626587,43253,43263,10
12.937210083,80.1279830933,43263,43293,30
12.937210083,80.1279830933,43293,43303,10
12.937379837,80.128112793,43303,43313,10
12.9377803802,80.1284790039,43313,43324,11
12.9385299683,80.1291503906,43324,43334,10
12.9394197464,80.1299209595,43334,43344,10
12.940369606,80.1308364868,43344,43354,10
12.9413204193,80.1318130493,43354,43364,10
12.9421596527,80.1326599121,43364,43374,10
12.9428796768,80.1334228516,43374,43384,10
12.9436302185,80.1342163086,43384,43394,10
12.9444303513,80.1348724365,43394,43404,10
12.9453802109,80.1356201172,43404,43414,10
12.9464197159,80.1364517212,43414,43424,10
12.9474697113,80.1371765137,43424,43435,11
12.9483995438,80.1378631592,43435,43445,10
12.9493398666,80.1385421753,43445,43455,10
12.9500598907,80.1391067505,43455,43465,10
12.9503602982,80.1393508911,43465,43475,10
12.9504499435,80.1394424438,43475,43485,10
12.9506597519,80.1395874023,43485,43495,10
12.9511203766,80.139831543,43495,43536,41
12.9511203766,80.139831543,43536,43546,10
12.9513597488,80.140007019,43546,43556,10
12.9516601563,80.1402130127,43556,43566,10
12.951880455,80.1403579712,43566,43576,10
12.9521303177,80.1407165527,43576,43586,10
12.9526195526,80.1411209106,43586,43596,10
12.9533700943,80.1416168213,43596,43606,10
12.9542999268,80.1421279907,43606,43616,10
12.9552402496,80.142616272,43616,43626,10
12.9561300278,80.1430892944,43626,43636,10
12.9572200775,80.143661499,43636,43647,11
12.9580898285,80.1441192627,43647,43657,10
12.958820343,80.1444473267,43657,43667,10
12.9595003128,80.1448135376,43667,43677,10
12.960100174,80.1451263428,43677,43687,10
12.960559845,80.1453704834,43687,43697,10
12.9603595734,80.1457290649,43697,43707,10
12.9601802826,80.1463775635,43707,43717,10
12.9599704742,80.147277832,43717,43727,10
12.9597396851,80.1483612061,43727,43737,10
12.9594402313,80.1494979858,43737,43748,11
12.9587602615,80.1502075195,43748,43758,10
12.9584999084,80.1504364014,43758,43768,10
12.9583396912,80.1505584717,43768,43778,10
12.957859993,80.1509475708,43778,43788,10
12.9571800232,80.1514968872,43788,43798,10
12.9563503265,80.1522216797,43798,43808,10
12.9556999207,80.1533126831,43808,43818,10
12.9553203583,80.1546936035,43818,43828,10
12.9550199509,80.1561813354,43828,43838,10
12.9547300339,80.1575393677,43838,43849,11
12.9545402527,80.1584472656,43849,43859,10
12.9544696808,80.1587982178,43859,43869,10
12.9543600082,80.1593399048,43869,43879,10
12.9543304443,80.1595535278,43879,43889,10
12.9542598724,80.1598968506,43889,43899,10
12.9540901184,80.1606369019,43899,43909,10
12.9538698196,80.1616516113,43909,43919,10
12.9536104202,80.1628570557,43919,43929,10
12.9533004761,80.1642379761,43929,43939,10
12.9529800415,80.1657180786,43939,43949,10
12.9526500702,80.1670913696,43949,43960,11
12.9522600174,80.1686019897,43960,43970,10
12.9520397186,80.1699066162,43970,43980,10
12.9519395828,80.1706619263,43980,43990,10
12.9519395828,80.1706924438,43990,44000,10
12.9518699646,80.1709976196,44000,44010,10
12.9517402649,80.1716995239,44010,44020,10
12.9515695572,80.1726379395,44020,44030,10
12.9513597488,80.1737670898,44030,44040,10
12.9511995316,80.1746292114,44040,44050,10
12.9511699677,80.1747436523,44050,44061,11
12.9510803223,80.1751327515,44061,44071,10
12.9508895874,80.1759796143,44071,44081,10
12.9506397247,80.1769790649,44081,44091,10
12.9503297806,80.1781463623,44091,44101,10
12.9499998093,80.179397583,44101,44111,10
12.9497900009,80.1805419922,44111,44121,10
12.9496202469,80.1814498901,44121,44131,10
12.9494400024,80.1824111938,44131,44141,10
12.9492797852,80.1834030151,44141,44151,10
12.9492101669,80.1839981079,44151,44161,10
12.9492197037,80.1840209961,44161,44172,11
12.9492197037,80.1841583252,44172,44182,10
12.9491901398,80.1847305298,44182,44192,10
12.9491300583,80.1854705811,44192,44202,10
12.9490604401,80.1861801147,44202,44212,10
12.9490098953,80.1868591309,44212,44222,10
12.9489202499,80.1877365112,44222,44232,10
12.948849678,80.1886901855,44232,44242,10
12.9487600327,80.1895980835,44242,44252,10
12.9486503601,80.1907272339,44252,44262,10
12.9485797882,80.1919937134,44262,44272,10
12.9485397339,80.1930618286,44272,44283,11
12.9485197067,80.193977356,44283,44293,10
12.9485197067,80.1949081421,44293,44303,10
12.9485397339,80.1954193115,44303,44313,10
12.9485397339,80.1954421997,44313,44323,10
12.9485397339,80.1957397461,44323,44333,10
12.9484996796,80.1964569092,44333,44343,10
12.9484796524,80.1974411011,44343,44353,10
12.9484996796,80.1984863281,44353,44363,10
12.9485502243,80.199508667,44363,44384,21
12.9485502243,80.199508667,44384,44394,10
12.9485702515,80.1996078491,44394,44404,10
12.9485902786,80.2001495361,44404,44414,10
12.9486103058,80.2010498047,44414,44424,10
12.9486303329,80.2021408081,44424,44434,10
12.9486598969,80.20337677,44434,44444,10
12.948679924,80.2044830322,44444,44454,10
12.9487104416,80.2062225342,44454,44464,10
12.9486703873,80.2074966431,44464,44474,10
12.9485702515,80.2086105347,44474,44485,11
12.9485197067,80.2092819214,44485,44495,10
12.9485197067,80.2093811035,44495,44505,10
12.9484300613,80.2098464966,44505,44515,10
12.9483699799,80.2104187012,44515,44525,10
12.9483804703,80.2112808228,44525,44535,10
12.9484195709,80.2123794556,44535,44545,10
12.9485197067,80.2136917114,44545,44555,10
12.9486703873,80.215133667,44555,44565,10
12.9488296509,80.2166595459,44565,44575,10
12.9489898682,80.2181930542,44575,44585,10
12.9491500854,80.2197189331,44585,44596,11
12.9493303299,80.2214584351,44596,44606,10
12.9494199753,80.2230834961,44606,44616,10
12.9495096207,80.2247161865,44616,44626,10
12.9496097565,80.2263793945,44626,44636,10
12.949669838,80.2280731201,44636,44646,10
12.9497404099,80.2297134399,44646,44656,10
12.9498596191,80.2312316895,44656,44666,10
12.9499702454,80.2325897217,44666,44676,10
12.9500198364,80.2331924438,44676,44687,11
12.9500102997,80.2333984375,44687,44697,10
12.9499998093,80.2340698242,44697,44707,10
12.9499101639,80.2350387573,44707,44767,60
12.9499101639,80.2350387573,44767,44777,10
12.9499101639,80.2354202271,44777,44787,10
12.9498596191,80.2355499268,44787,44868,81
12.9498596191,80.2355499268,44868,44878,10
12.9497804642,80.2362365723,44878,44888,10
12.9497804642,80.2362365723,44888,44898,10
12.9496803284,80.2370300293,44898,44909,11
12.9495096207,80.2381668091,44909,44919,10
12.9492998123,80.2392883301,44919,44929,10
12.9491195679,80.2400970459,44929,44939,10
12.9490499496,80.2404022217,44939,44950,11
12.9490203857,80.2405014038,44950,44961,11
12.949379921,80.2408905029,44961,44971,10
12.9500799179,80.2410964966,44971,44981,10
12.9510602951,80.2413635254,44981,45001,20
12.9510602951,80.2413635254,45001,45011,10
12.9512300491,80.2414474487,45011,45022,11
12.9518699646,80.2416915894,45022,45032,10
12.9526796341,80.2419815063,45032,45042,10
12.9538002014,80.2424163818,45042,45052,10
12.9548597336,80.2428436279,45052,45062,10
12.9556102753,80.2431335449,45062,45072,10
12.956319809,80.2434234619,45072,45082,10
12.9565601349,80.2435073853,45082,45092,10
12.9571695328,80.2437667847,45092,45102,10
12.9580202103,80.2441101074,45102,45112,10
12.9588098526,80.244430542,45112,45123,11
12.9589796066,80.2445068359,45123,45133,10
12.9591999054,80.2446365356,45133,45143,10
12.9596204758,80.2448272705,45143,45153,10
12.9603700638,80.2451782227,45153,45163,10
12.9613304138,80.2456207275,45163,45173,10
12.9622297287,80.2460632324,45173,45183,10
12.9629602432,80.2463912964,45183,45193,10
12.9632797241,80.2465362549,45193,45203,10
12.9636602402,80.2467269897,45203,45214,11
12.9643697739,80.2470092773,45214,45224,10
12.9652204514,80.2473068237,45224,45234,10
12.9661903381,80.2476577759,45234,45244,10
12.9667196274,80.2478790283,45244,45254,10
12.9667301178,80.2478790283,45254,45264,10
12.9668197632,80.2479400635,45264,45274,10
12.967089653,80.2480926514,45274,45284,10
12.9677696228,80.2484207153,45284,45294,10
12.9687204361,80.2488174438,45294,45304,10
12.969909668,80.2492599487,45304,45314,10
12.9712495804,80.2497177124,45314,45325,11
12.9726896286,80.2501220703,45325,45335,10
12.9741096497,80.2504806519,45335,45345,10
12.9754600525,80.2508621216,45345,45355,10
12.9766302109,80.2511978149,45355,45365,10
12.9777402878,80.2517318726,45365,45375,10
12.9784202576,80.2522583008,45375,45385,10
12.9785203934,80.2523193359,45385,45395,10
12.9786701202,80.2524185181,45395,45405,10
12.9793395996,80.2526321411,45405,45436,31
12.9793395996,80.2526321411,45436,45446,10
12.9794797897,80.2526397705,45446,45456,10
12.9798603058,80.2526779175,45456,45536,80
12.9798603058,80.2526779175,45536,45547,11
12.980219841,80.2526779175,45547,45557,10
12.9809503555,80.2526626587,45557,45567,10
12.9819803238,80.2526321411,45567,45577,10
12.9832601547,80.2525405884,45577,45587,10
12.9846496582,80.2521972656,45587,45597,10
12.9859104156,80.2518463135,45597,45607,10
12.9869604111,80.2515792847,45607,45658,51
12.9869604111,80.2515792847,45658,45668,10
12.9872398376,80.2515029907,45668,45678,10
12.9876203537,80.2514038086,45678,45688,10
12.9878997803,80.2516403198,45688,45698,10
12.9879999161,80.2521286011,45698,45708,10
12.9879903793,80.252532959,45708,45718,10
12.9878997803,80.2531280518,45718,45728,10
12.987830162,80.2540283203,45728,45738,10
12.9876804352,80.2553482056,45738,45849,111
12.9876804352,80.2553482056,45849,45860,11
12.9877099991,80.2557220459,45860,45870,10
12.9876003265,80.2560195923,45870,45880,10
12.9875001907,80.2567367554,45880,45890,10
12.9874095917,80.2574310303,45890,45900,10
12.9873504639,80.2583007813,45900,45910,10
12.9873695374,80.2588729858,45910,45920,10
12.9873104095,80.259262085,45920,45930,10
12.9872398376,80.2595596313,45930,46082,152
12.9872398376,80.2595596313,46082,46092,10
12.9870796204,80.2597122192,46092,46102,10
12.987039566,80.2596893311,46102,46112,10
12.9868898392,80.2595977783,46112,46122,10
12.9866600037,80.2596206665,46122,48253,2131
12.9866600037,80.2596206665,48253,48263,10
12.9863700867,80.2595825195,48263,48465,202
12.9863996506,80.2596282959,48465,49040,575
12.9863996506,80.2596282959,49040,49050,10
12.9865598679,80.259437561,49050,49060,10
12.9865503311,80.2592391968,49060,49071,11
12.9867801666,80.2590866089,49071,49121,50
12.9871702194,80.2590866089,49121,49151,30
12.9871702194,80.2590866089,49151,49161,10
12.9873199463,80.2586898804,49161,49172,11
12.9873199463,80.2584381104,49172,49182,10
12.9873504639,80.2582168579,49182,49192,10
12.9873800278,80.2577972412,49192,49202,10
12.9874601364,80.2570571899,49202,49212,10
12.9875297546,80.2560272217,49212,49252,40
12.9875297546,80.2560272217,49252,49262,10
12.9875097275,80.255859375,49262,49272,10
12.9875402451,80.2556762695,49272,49282,10
12.987660408,80.2551269531,49282,49293,11
12.9877004623,80.2547912598,49293,49303,10
12.9877300262,80.2544631958,49303,49313,10
12.9877996445,80.2536392212,49313,49323,10
12.9878902435,80.2526016235,49323,49333,10
12.987859726,80.2520217896,49333,49343,10
12.987830162,80.2519378662,49343,49394,51
12.987830162,80.2519378662,49394,49404,10
12.9878101349,80.2517318726,49404,49414,10
12.9872503281,80.2516021729,49414,49424,10
12.9863996506,80.2517700195,49424,49434,10
12.9853401184,80.2520523071,49434,49444,10
12.984000206,80.2524185181,49444,49454,10
12.9825201035,80.2526626587,49454,49464,10
12.9809598923,80.2527084351,49464,49474,10
12.9798603058,80.252746582,49474,49485,11
12.9786396027,80.2526168823,49485,49495,10
12.9785900116,80.2526016235,49495,49505,10
12.9783201218,80.2524337769,49505,49515,10
12.9777002335,80.2518768311,49515,49525,10
12.9767103195,80.2512969971,49525,49535,10
12.975399971,80.2509002686,49535,49545,10
12.9739704132,80.2504730225,49545,49555,10
12.9724702835,80.2500762939,49555,49565,10
12.9709196091,80.249671936,49565,49575,10
12.9693803787,80.2490997314,49575,49585,10
12.9679203033,80.2485427856,49585,49596,11
12.9666500092,80.2479705811,49596,49606,10
12.9655799866,80.2475204468,49606,49616,10
12.9649896622,80.2473526001,49616,49626,10
12.9648303986,80.2472610474,49626,49636,10
12.9641895294,80.2470169067,49636,49646,10
12.9633903503,80.2466964722,49646,49656,10
12.9624700546,80.2462310791,49656,49666,10
12.9613800049,80.2456893921,49666,49676,10
12.9602003098,80.2451400757,49676,49686,10
12.9593801498,80.2447967529,49686,49696,10
12.9593601227,80.2447814941,49696,49707,11
12.9590396881,80.2446136475,49707,49717,10
12.9582996368,80.2442703247,49717,49727,10
12.9576196671,80.2440185547,49727,49737,10
12.9569196701,80.2437973022,49737,49747,10
12.956410408,80.243637085,49747,49777,30
12.956410408,80.243637085,49777,49787,10
12.956199646,80.2436218262,49787,49797,10
12.955619812,80.2433013916,49797,49807,10
12.9548501968,80.2429275513,49807,49818,11
12.9535703659,80.2423934937,49818,49828,10
12.9524297714,80.2419281006,49828,49838,10
12.9518995285,80.2417602539,49838,49848,10
12.9518098831,80.2417221069,49848,49858,10
12.9516296387,80.2416305542,49858,49868,10
12.9509897232,80.2413787842,49868,49878,10
12.9499397278,80.2410507202,49878,49888,10
12.9491195679,80.2407913208,49888,49898,10
12.9490499496,80.2407608032,49898,49909,11
12.9489498138,80.2402801514,49909,49919,10
12.9491100311,80.2394180298,49919,49929,10
12.9491500854,80.2392807007,49929,49939,10
12.9491996765,80.2392196655,49939,49949,10
12.9493303299,80.2387695313,49949,49959,10
12.9494800568,80.2379379272,49959,49969,10
12.9496297836,80.2370300293,49969,49979,10
12.9497299194,80.2363891602,49979,49989,10
12.9497499466,80.236289978,49989,49998,9
12.9497900009,80.2360610962,49998,50040,42
12.9497900009,80.2360610962,50040,50050,10
12.9498796463,80.2353973389,50050,50060,10
12.9499797821,80.23462677,50060,50070,10
12.9500198364,80.2339019775,50070,50080,10
12.9500198364,80.2338180542,50080,50090,10
12.9500102997,80.2332611084,50090,50100,10
12.9499597549,80.2323303223,50100,50110,10
12.9498796463,80.2311935425,50110,50119,9
12.9497995377,80.2299499512,50119,50131,12
12.9497003555,80.2280578613,50131,50141,10
12.9496097565,80.2263336182,50141,50151,10
12.9495296478,80.2245178223,50151,50161,10
12.9494495392,80.2228622437,50161,50170,9
12.9493198395,80.2210235596,50170,50181,11
12.9491100311,80.218963623,50181,50191,10
12.9489202499,80.2170715332,50191,50201,10
12.9487199783,80.215171814,50201,50211,10
12.9485397339,80.2133026123,50211,50221,10
12.9484300613,80.2116088867,50221,50232,11
12.9484100342,80.2102432251,50232,50242,10
12.9484596252,80.2093429565,50242,50252,10
12.9484996796,80.2086181641,50252,50262,10
12.9484996796,80.2085800171,50262,50272,10
12.948559761,80.2080612183,50272,50282,10
12.9486303329,80.2071762085,50282,50292,10
12.9486904144,80.2060699463,50292,50302,10
12.948679924,80.2047195435,50302,50312,10
12.9486398697,80.2035293579,50312,50322,10
12.9485902786,80.2030410767,50322,50333,11
12.9485902786,80.2027816772,50333,50343,10
12.9485797882,80.202041626,50343,50353,10
12.948559761,80.2010116577,50353,50363,10
12.9485197067,80.1997375488,50363,50373,10
12.9484596252,80.1988296509,50373,50383,10
12.9484596252,80.1987991333,50383,50393,10
12.9484701157,80.1984024048,50393,50403,10
12.9484596252,80.197593689,50403,50413,10
12.94851017,80.196472168,50413,50423,10
12.9484796524,80.1955108643,50423,50434,11
12.9484701157,80.1953430176,50434,50444,10
12.9484901428,80.19480896,50444,50454,10
12.9484996796,80.193939209,50454,50464,10
12.9485502243,80.1928482056,50464,50474,10
12.9485902786,80.1915435791,50474,50484,10
12.948679924,80.1901321411,50484,50494,10
12.948800087,80.1887893677,50494,50504,10
12.9489202499,80.1873474121,50504,50514,10
12.9489402771,80.1853179932,50514,50534,20
12.9489402771,80.1853179932,50534,50545,11
12.9489603043,80.1853179932,50545,50555,10
12.9490299225,80.184928894,50555,50565,10
12.9491596222,80.183921814,50565,50585,20
12.9491596222,80.183921814,50585,50595,10
12.9491901398,80.1837768555,50595,50605,10
12.9492702484,80.183380127,50605,50615,10
12.9493999481,80.1826019287,50615,50625,10
12.9495601654,80.1816101074,50625,50635,10
12.9497804642,80.1805114746,50635,50646,11
12.9500398636,80.1791610718,50646,50656,10
12.9504003525,80.1777877808,50656,50666,10
12.9507904053,80.176322937,50666,50676,10
12.9510602951,80.1750030518,50676,50686,10
12.9512996674,80.1739120483,50686,50696,10
12.9515399933,80.172668457,50696,50706,10
12.9517402649,80.1714477539,50706,50716,10
12.9517698288,80.171257019,50716,50726,10
12.9518604279,80.1707992554,50726,50736,10
12.9520101547,80.1699676514,50736,50746,10
12.9521999359,80.1688995361,50746,50757,11
12.9525499344,80.1674880981,50757,50767,10
12.9529304504,80.1660308838,50767,50777,10
12.9532804489,80.1644363403,50777,50787,10
12.9536399841,80.1627807617,50787,50797,10
12.954000473,80.1610717773,50797,50807,10
12.9543304443,80.1594314575,50807,50817,10
12.9545001984,80.1584396362,50817,50827,10
12.9545202255,80.1583786011,50827,50837,10
12.9545402527,80.1582565308,50837,50847,10
12.9546604156,80.1576766968,50847,50857,10
12.9548501968,80.1568069458,50857,50868,11
12.9551200867,80.1555480957,50868,50878,10
12.9554195404,80.1541976929,50878,50888,10
12.9558601379,80.1527786255,50888,50898,10
12.9565601349,80.1518630981,50898,50908,10
12.9578104019,80.1508102417,50908,50918,10
12.9585599899,80.150177002,50918,50928,10
12.9586400986,80.1501235962,50928,50938,10
12.9586601257,80.150100708,50938,50948,10
12.9589996338,80.149848938,50948,50958,10
12.9594802856,80.149230957,50958,50969,11
12.9597196579,80.1482696533,50969,50979,10
12.9599199295,80.1473312378,50979,50989,10
12.9601297379,80.146270752,50989,50999,10
12.9602403641,80.1454620361,50999,51009,10
12.9605102539,80.1451797485,51009,51019,10
12.9611797333,80.1455993652,51019,51029,10
12.9622097015,80.1461715698,51029,51039,10
12.9633598328,80.1467971802,51039,51049,10
12.9641704559,80.1473388672,51049,51059,10
12.9650602341,80.1478729248,51059,51070,11
12.9659795761,80.1483688354,51070,51080,10
12.9668197632,80.1487579346,51080,51090,10
12.9675703049,80.1491622925,51090,51100,10
12.9682798386,80.1494903564,51100,51150,50
12.9682798386,80.1494903564,51150,51160,10
12.96875,80.1497573853,51160,51170,10
12.9694900513,80.150100708,51170,51181,11
12.9706802368,80.1506576538,51181,51191,10
12.971739769,80.151222229,51191,51201,10
12.9724197388,80.1517486572,51201,51211,10
12.9731302261,80.1526870728,51211,51221,10
12.9732904434,80.1531677246,51221,51231,10
12.9728803635,80.1534881592,51231,51241,10
12.9723300934,80.1535720825,51241,51251,10
12.9718503952,80.1528930664,51251,51261,10
12.9712696075,80.1520233154,51261,51271,10
12.9707403183,80.1512680054,51271,51281,10
12.9699602127,80.150680542,51281,51292,11
12.9694404602,80.1502609253,51292,51302,10
12.9693803787,80.150177002,51302,51312,10
12.9692602158,80.1500015259,51312,51322,10
12.9689302444,80.149810791,51322,51332,10
12.9684200287,80.149597168,51332,51342,10
12.968000412,80.1494293213,51342,51352,10
12.9675197601,80.1492462158,51352,51393,41
12.9675197601,80.1492462158,51393,51403,10
12.9674100876,80.1492385864,51403,51413,10
12.9670295715,80.1490402222,51413,51423,10
12.9665803909,80.1488113403,51423,51433,10
12.9661998749,80.1486206055,51433,51443,10
12.9658403397,80.1484527588,51443,51453,10
12.9655399323,80.1482620239,51453,51463,10
12.9648199081,80.147857666,51463,51473,10
12.9638395309,80.1473312378,51473,51483,10
12.9628000259,80.1468582153,51483,51493,10
12.9617004395,80.1462783813,51493,51504,11
12.9605398178,80.1456832886,51504,51514,10
12.9601802826,80.1460571289,51514,51524,10
12.9599895477,80.1470413208,51524,51534,10
12.9597196579,80.1483383179,51534,51544,10
12.9593801498,80.149597168,51544,51554,10
12.9586400986,80.1502990723,51554,51564,10
12.9584703445,80.1504364014,51564,51574,10
12.9579296112,80.1508712769,51574,51584,10
12.9572000504,80.1514511108,51584,51594,10
12.9561100006,80.1524810791,51594,51605,11
12.9554700851,80.1541824341,51605,51615,10
12.9550895691,80.1559371948,51615,51625,10
12.9547100067,80.1577682495,51625,51635,10
12.954460144,80.1590881348,51635,51645,10
12.9543800354,80.1595077515,51645,51655,10
12.9542598724,80.1600265503,51655,51665,10
12.9540596008,80.1610183716,51665,51675,10
12.9537601471,80.1623764038,51675,51685,10
12.9534101486,80.1640090942,51685,51695,10
12.9530200958,80.1658172607,51695,51706,11
12.9525499344,80.1677093506,51706,51716,10
12.9521198273,80.1697387695,51716,51726,10
12.9518604279,80.171257019,51726,51736,10
12.9515695572,80.1729125977,51736,51746,10
12.9513196945,80.1742172241,51746,51756,10
12.9510602951,80.1753463745,51756,51766,10
12.9508199692,80.1765594482,51766,51776,10
12.9504499435,80.1778717041,51776,51786,10
12.9500904083,80.1792602539,51786,51796,10
12.9498195648,80.1806411743,51796,51806,10
12.9495697021,80.1819381714,51806,51817,11
12.9492998123,80.1834564209,51817,51827,10
12.949259758,80.1839981079,51827,51837,10
12.9492301941,80.1844177246,51837,51847,10
12.9492301941,80.1851425171,51847,51857,10
12.949139595,80.185760498,51857,51867,10
12.9490499496,80.1867523193,51867,51877,10
12.9489297867,80.1879501343,51877,51887,10
12.9488296509,80.1893005371,51887,51897,10
12.9486904144,80.1908798218,51897,51907,10
12.9486103058,80.1926422119,51907,51917,10
12.948559761,80.1941223145,51917,51928,11
12.9485797882,80.1954116821,51928,51938,10
12.9485797882,80.1955413818,51938,51948,10
12.9485397339,80.1961669922,51948,51958,10
12.9485197067,80.1972122192,51958,51968,10
12.9485397339,80.1985397339,51968,51978,10
12.9485998154,80.1995773315,51978,51988,10
12.9486198425,80.1999435425,51988,51998,10
12.9486398697,80.200843811,51998,52008,10
12.9486703873,80.2020492554,52008,52018,10
12.9486999512,80.2034988403,52018,52029,11
12.9487495422,80.2052993774,52029,52039,10
12.9487304688,80.2069015503,52039,52049,10
12.9486103058,80.2083969116,52049,52059,10
12.9485902786,80.2092590332,52059,52069,10
12.9485902786,80.2093887329,52069,52079,10
12.9484996796,80.2103729248,52079,52089,10
12.9484996796,80.2103729248,52089,52099,10
12.9484901428,80.2111816406,52099,52109,10
12.9484996796,80.2113800049,52109,52119,10
12.9484901428,80.2114868164,52119,52130,11
12.94851017,80.2122192383,52130,52140,10
12.9485502243,80.2133026123,52140,52152,12
12.948679924,80.2146530151,52152,52162,10
12.9488697052,80.2165603638,52162,52172,10
12.9490499496,80.2183074951,52172,52182,10
12.9492301941,80.220123291,52182,52192,10
12.9493999481,80.2219085693,52192,52202,10
12.9494800568,80.2236099243,52202,52212,10
12.9495697021,80.2253799438,52212,52222,10
12.9496603012,80.2272109985,52222,52233,11
12.949760437,80.2293014526,52233,52242,9
12.9498796463,80.2308120728,52242,52253,11
12.9500102997,80.232383728,52253,52263,10
12.9500904083,80.2335891724,52263,52273,10
12.9500303268,80.2348403931,52273,52283,10
12.9499702454,80.2358932495,52283,52313,30
12.9499702454,80.2358932495,52313,52323,10
12.9500303268,80.2359771729,52323,52333,10
12.9498901367,80.2364807129,52333,52344,11
12.9497003555,80.2373962402,52344,52354,10
12.9495601654,80.2383880615,52354,52364,10
12.9493503571,80.2394104004,52364,52374,10
12.949139595,80.2404327393,52374,52384,10
12.949139595,80.2406387329,52384,52394,10
12.9494695663,80.2408676147,52394,52404,10
12.9502601624,80.2410964966,52404,52414,10
12.9510698318,80.2413330078,52414,52424,10
12.951259613,80.2414093018,52424,52434,10
12.9519195557,80.2416610718,52434,52445,11
12.952870369,80.2420425415,52445,52455,10
12.9539003372,80.2424468994,52455,52465,10
12.9541902542,80.2426071167,52465,52475,10
12.9549198151,80.2428970337,52475,52485,10
12.9556903839,80.2432022095,52485,52495,10
12.9563598633,80.2434768677,52495,52505,10
12.9565200806,80.2435684204,52505,52515,10
12.9572000504,80.2438201904,52515,52525,10
12.9581203461,80.2441711426,52525,52534,9
12.9588298798,80.2444229126,52534,52546,12
12.9591302872,80.2445678711,52546,52556,10
12.959859848,80.2449188232,52556,52566,10
12.9609203339,80.2453918457,52566,52576,10
12.9620304108,80.2459564209,52576,52586,10
12.9634599686,80.2466506958,52586,52626,40
12.9634599686,80.2466506958,52626,52636,10
12.9637699127,80.2467803955,52636,52646,10
12.9644804001,80.2470474243,52646,52657,11
12.9654197693,80.2473831177,52657,52667,10
12.9665002823,80.2477798462,52667,52677,10
12.967040062,80.248008728,52677,52687,10
12.9671697617,80.2481079102,52687,52697,10
12.9678297043,80.2483901978,52697,52707,10
12.9687204361,80.2487030029,52707,52717,10
12.9696598053,80.2490615845,52717,52727,10
12.9707803726,80.24949646,52727,52737,10
12.9720401764,80.2498779297,52737,52747,10
12.9732904434,80.2501983643,52747,52758,11
12.9746198654,80.250579834,52758,52768,10
12.975979805,80.2509613037,52768,52778,10
12.9773101807,80.251411438,52778,52788,10
12.9783401489,80.252166748,52788,52798,10
12.9792804718,80.2525405884,52798,52808,10
12.9797401428,80.2525787354,52808,52818,10
12.9802904129,80.2526321411,52818,52828,10
12.9811601639,80.2525863647,52828,52838,10
12.9822597504,80.252571106,52838,52848,10
12.9833498001,80.2525024414,52848,52859,11
12.9845304489,80.2522277832,52859,52869,10
12.9857397079,80.2518997192,52869,52879,10
12.9863300323,80.2517471313,52879,52889,10
12.9871397018,80.2515182495,52889,52959,70
12.9871397018,80.2515182495,52959,52969,10
12.9872198105,80.2514038086,52969,52980,11
12.987569809,80.2512969971,52980,52990,10
12.9879398346,80.2514419556,52990,53000,10
12.9880599976,80.2521362305,53000,53010,10
12.9879598618,80.2531433105,53010,53020,10
12.987859726,80.2543029785,53020,53030,10
12.9877595901,80.255241394,53030,53040,10
12.9876804352,80.2557830811,53040,53050,10
12.9876098633,80.2563171387,53050,53060,10
12.987569809,80.2570419312,53060,53070,10
12.9875001907,80.2579574585,53070,53081,11
12.9874000549,80.2588195801,53081,53091,10
12.9873399734,80.259147644,53091,53101,10
12.9871196747,80.2595825195,53101,53131,30
12.9871196747,80.2595825195,53131,53141,10
12.9867601395,80.2595596313,53141,53151,10
12.9866199493,80.2594223022,53151,53212,61
12.9866199493,80.2594223022,53212,53222,10
12.9866304398,80.2590408325,53222,54444,1222
12.9866304398,80.2590408325,54444,54454,10
12.9870195389,80.2590713501,54454,54484,30
12.9870195389,80.2590713501,54484,54494,10
12.987279892,80.2589263916,54494,54504,10
12.9873199463,80.2585983276,54504,54514,10
12.9873304367,80.2583465576,54514,54524,10
12.9874200821,80.2577667236,54524,54535,11
12.9875297546,80.256942749,54535,54545,10
12.9875898361,80.2560806274,54545,54686,141
12.9875898361,80.2560806274,54686,54696,10
12.9875097275,80.2558822632,54696,54706,10
12.9876298904,80.2554168701,54706,54716,10
12.9877004623,80.2548599243,54716,54726,10
12.9877099991,80.2548065186,54726,54736,10
12.987739563,80.2544784546,54736,54747,11
12.9878101349,80.2536392212,54747,54757,10
12.9879102707,80.252456665,54757,54767,10
12.987830162,80.2517776489,54767,54777,10
12.9877500534,80.2516403198,54777,54787,10
12.9874696732,80.2515716553,54787,54797,10
12.9867601395,80.2516784668,54797,54807,10
12.9857997894,80.2519226074,54807,54817,10
12.9845695496,80.2522583008,54817,54827,10
12.9831695557,80.2526016235,54827,54837,10
12.9817199707,80.2526779175,54837,54848,11
12.9802103043,80.252746582,54848,54858,10
12.9791297913,80.2526626587,54858,54868,10
12.9785699844,80.2525634766,54868,54878,10
12.9785203934,80.2525405884,54878,54888,10
12.978099823,80.252243042,54888,54898,10
12.9774103165,80.2516174316,54898,54908,10
12.9763202667,80.251159668,54908,54918,10
12.9750404358,80.2507781982,54918,54928,10
12.973690033,80.2504119873,54928,54938,10
12.9722995758,80.2500305176,54938,54948,10
12.9708995819,80.2496871948,54948,54959,11
12.9693899155,80.2491226196,54959,54969,10
12.9680700302,80.2486572266,54969,54979,10
12.9668903351,80.2481384277,54979,54989,10
12.9658498764,80.2476501465,54989,54999,10
12.9650402069,80.2473678589,54999,55019,20
12.9650402069,80.2473678589,55019,55029,10
12.9647903442,80.2472229004,55029,55039,10
12.9641399384,80.2469787598,55039,55049,10
12.9633398056,80.2466430664,55049,55060,11
12.9622297287,80.24609375,55060,55070,10
12.9610395432,80.2454986572,55070,55080,10
12.9593400955,80.244758606,55080,55100,20
12.9593400955,80.244758606,55100,55110,10
12.9591999054,80.244682312,55110,55120,10
12.9586296082,80.2444076538,55120,55130,10
12.9578800201,80.2440872192,55130,55140,10
12.9571895599,80.2438201904,55140,55150,10
12.9564504623,80.243560791,55150,55160,10
12.9563999176,80.2435379028,55160,55171,11
12.9560098648,80.2433929443,55171,55181,10
12.9552898407,80.2430496216,55181,55191,10
12.9544200897,80.2426834106,55191,55201,10
12.9534702301,80.2422790527,55201,55211,10
12.951789856,80.2416687012,55211,55231,20
12.951789856,80.2416687012,55231,55241,10
12.9514303207,80.2415390015,55241,55251,10
12.9506397247,80.2412414551,55251,55261,10
12.9496603012,80.2409362793,55261,55272,11
12.9491100311,80.2407608032,55272,55282,10
12.9489402771,80.240272522,55282,55292,10
12.9491195679,80.2392730713,55292,55312,20
12.9491195679,80.2392730713,55312,55322,10
12.949259758,80.238861084,55322,55332,10
12.9494199753,80.2380905151,55332,55342,10
12.9495897293,80.2370529175,55342,55352,10
12.949669838,80.2358932495,55352,55372,20
12.949669838,80.2358932495,55372,55383,11
12.9497003555,80.2357406616,55383,55393,10
12.949839592,80.2351226807,55393,55403,10
12.9499502182,80.2342071533,55403,55413,10
12.9499797821,80.2337722778,55413,55423,10
12.9500303268,80.2337188721,55423,55433,10
12.9499998093,80.2330703735,55433,55443,10
12.9499101639,80.2320709229,55443,55453,10
12.9498195648,80.2307815552,55453,55463,10
12.9497203827,80.2292480469,55463,55473,10
12.9496297836,80.2275466919,55473,55484,11
12.9495401382,80.2256393433,55484,55494,10
12.9494495392,80.2239303589,55494,55504,10
12.9493598938,80.2220611572,55504,55514,10
12.9491901398,80.220123291,55514,55524,10
12.9489898682,80.2181167603,55524,55534,10
12.9488201141,80.2164916992,55534,55545,11
12.9485797882,80.2140579224,55545,55554,9
12.9484195709,80.2120513916,55554,55565,11
12.948340416,80.210319519,55565,55575,10
12.9483804703,80.2095413208,55575,55586,11
12.9484796524,80.2088928223,55586,55596,10
12.9484996796,80.208656311,55596,55606,10
12.9485301971,80.2082519531,55606,55616,10
12.9485998154,80.2074584961,55616,55626,10
12.9486598969,80.2064285278,55626,55636,10
12.9486598969,80.2051773071,55636,55646,10
12.9486198425,80.2038574219,55646,55656,10
12.9486103058,80.2027511597,55656,55666,10
12.9485502243,80.200881958,55666,55676,10
12.9484300613,80.1986999512,55676,55696,20
12.9484300613,80.1986999512,55696,55707,11
12.9484500885,80.1982421875,55707,55717,10
12.9484596252,80.1974411011,55717,55727,10
12.9484996796,80.1964111328,55727,55737,10
12.9484796524,80.1955032349,55737,55747,10
12.9484796524,80.1954498291,55747,55757,10
12.9484796524,80.1951370239,55757,55767,10
12.9484901428,80.1944580078,55767,55777,10
12.9485197067,80.1934585571,55777,55787,10
12.9485702515,80.1921691895,55787,55797,10
12.9486303329,80.1907196045,55797,55808,11
12.9487304688,80.1894073486,55808,55818,10
12.9488401413,80.1881408691,55818,55828,10
12.9489603043,80.1867828369,55828,55838,10
12.9489898682,80.1856918335,55838,55848,10
12.9490098953,80.1849594116,55848,55858,10
12.9491100311,80.1840820313,55858,55868,10
12.949139595,80.1837692261,55868,55878,10
12.9491701126,80.1835632324,55878,55888,10
12.9492902756,80.1829376221,55888,55898,10
12.9494600296,80.1820220947,55898,55908,10
12.9497098923,80.1807022095,55908,55919,11
12.9499998093,80.1792984009,55919,55929,10
12.9504098892,80.1776885986,55929,55939,10
12.9508304596,80.1760025024,55939,55949,10
12.9511404037,80.1744613647,55949,55959,10
12.9514598846,80.1731414795,55959,55969,10
12.9517202377,80.1715927124,55969,55979,10
12.9520196915,80.1698989868,55979,55989,10
12.9523601532,80.1681671143,55989,55999,10
12.9527902603,80.1665420532,55999,56010,11
12.9531803131,80.1648178101,56010,56020,10
12.9535198212,80.1632537842,56020,56030,10
12.9538803101,80.1616210938,56030,56040,10
12.9541797638,80.1601104736,56040,56050,10
12.9543504715,80.1591262817,56050,56060,10
12.9543800354,80.1588668823,56060,56070,10
12.9544200897,80.1587219238,56070,56080,10
12.9545001984,80.1583709717,56080,56090,10
12.9546604156,80.157661438,56090,56100,10
12.9548797607,80.1567001343,56100,56110,10
12.955160141,80.1554489136,56110,56121,11
12.9555196762,80.1538314819,56121,56131,10
12.9560899734,80.15234375,56131,56141,10
12.9572200775,80.1512908936,56141,56151,10
12.9582595825,80.150428772,56151,56161,10
12.9588003159,80.1499633789,56161,56171,10
12.9589195251,80.149887085,56171,56181,10
12.9593696594,80.1494674683,56181,56191,10
12.9596204758,80.14868927,56191,56201,10
12.9597997665,80.1477966309,56201,56211,10
12.9600000381,80.1468200684,56211,56222,11
12.9602203369,80.1458206177,56222,56232,10
12.9601802826,80.145401001,56232,56241,9
12.959690094,80.1451416016,56241,56252,11
12.9586601257,80.1445770264,56252,56262,10
12.9577903748,80.1440200806,56262,56272,10
12.9567098618,80.143447876,56272,56282,10
12.9555301666,80.1427993774,56282,56292,10
12.9544296265,80.1422195435,56292,56302,10
12.9534902573,80.141746521,56302,56312,10
12.9531297684,80.1415863037,56312,56322,10
12.952750206,80.1413269043,56322,56333,11
12.951880455,80.1406936646,56333,56363,30
12.951880455,80.1406936646,56363,56373,10
12.9516000748,80.1404571533,56373,56383,10
12.9514598846,80.1403427124,56383,56393,10
12.950969696,80.1399612427,56393,56403,10
12.9504098892,80.139541626,56403,56413,10
12.9499197006,80.1391220093,56413,56423,10
12.949259758,80.1385574341,56423,56433,10
12.9484195709,80.1378936768,56433,56444,11
12.9474897385,80.13722229,56444,56454,10
12.9466199875,80.1365814209,56454,56464,10
12.945599556,80.1357727051,56464,56474,10
12.9444999695,80.1349563599,56474,56484,10
12.9435796738,80.1342163086,56484,56494,10
12.942779541,80.1334991455,56494,56504,10
12.9420795441,80.1327819824,56504,56514,10
12.9413204193,80.131980896,56514,56524,10
12.9405002594,80.131149292,56524,56535,11
12.9395303726,80.1301727295,56535,56545,10
12.9385700226,80.1293487549,56545,56555,10
12.937620163,80.1285400391,56555,56575,20
12.937620163,80.1285400391,56575,56585,10
12.9375095367,80.1284713745,56585,56595,10
12.93708992,80.1280670166,56595,56615,20
12.93708992,80.1280670166,56615,56625,10
12.9369802475,80.1279525757,56625,56635,10
12.9366598129,80.1276779175,56635,56645,10
12.9364004135,80.1274795532,56645,56656,11
12.9360599518,80.1271972656,56656,56666,10
12.9355201721,80.126701355,56666,56676,10
12.9348096848,80.1260528564,56676,56686,10
12.9340600967,80.1253509521,56686,56696,10
12.9332103729,80.1245193481,56696,56706,10
12.9323596954,80.1236801147,56706,56716,10
12.9318704605,80.1232299805,56716,56726,10
12.9318704605,80.1232223511,56726,56736,10
12.93171978,80.1230621338,56736,56746,10
12.9313097,80.1226119995,56746,56757,11
12.9306497574,80.1219329834,56757,56767,10
12.9298601151,80.1211471558,56767,56777,10
12.9289197922,80.1201782227,56777,56787,10
12.9279603958,80.1192169189,56787,56797,10
12.9272603989,80.1184768677,56797,56807,10
12.926779747,80.1179962158,56807,56817,10
12.9264802933,80.1176986694,56817,56827,10
12.9261198044,80.1174163818,56827,56847,20
12.9261198044,80.1174163818,56847,56857,10
12.9260797501,80.1173782349,56857,56868,11
12.925740242,80.1171188354,56868,56878,10
12.925239563,80.1166305542,56878,56888,10
12.9246797562,80.1160507202,56888,56898,10
12.9243202209,80.1156616211,56898,56908,10
12.9239997864,80.1153717041,56908,56918,10
12.9240102768,80.114982605,56918,56928,10
12.9243001938,80.1151428223,56928,56938,10
12.9247903824,80.1156768799,56938,56948,10
12.9255399704,80.1164474487,56948,56959,11
12.9259796143,80.1169586182,56959,57029,70
12.9259796143,80.1169586182,57029,57039,10
12.9262104034,80.1173019409,57039,57049,10
12.9263000488,80.117401123,57049,57059,10
12.926440239,80.1175613403,57059,57069,10
12.9266395569,80.1177368164,57069,57140,71
12.9269695282,80.1179504395,57140,57201,61
12.9269695282,80.1179504395,57201,57211,10
12.9271402359,80.1181030273,57211,57241,30
12.9271402359,80.1181030273,57241,57251,10
12.9272899628,80.1183776855,57251,57261,10
12.9275903702,80.1187286377,57261,57271,10
12.9280996323,80.1192398071,57271,57282,11
12.9283599854,80.1195220947,57282,57292,10
12.9286003113,80.119758606,57292,57302,10
12.9287395477,80.1198730469,57302,57312,10
12.9291095734,80.1201629639,57312,57867,555
12.9291095734,80.1201629639,57867,57877,10
12.929400444,80.1203765869,57877,57887,10
12.9295501709,80.1205673218,57887,57898,11
12.9298000336,80.1208496094,57898,57908,10
12.9301900864,80.1212615967,57908,57918,10
12.9306402206,80.1217575073,57918,57928,10
12.9316101074,80.122718811,57928,57968,40
12.9316101074,80.122718811,57968,57978,10
12.9318304062,80.1229400635,57978,57988,10
12.9323196411,80.1234436035,57988,57998,10
12.9329900742,80.1241226196,57998,58009,11
12.9338903427,80.125038147,58009,58019,10
12.9347801208,80.1258926392,58019,58029,10
12.9356403351,80.1265563965,58029,58039,10
12.9363298416,80.1272201538,58039,58049,10
12.9367904663,80.1276016235,58049,58059,10
12.936829567,80.1276473999,58059,58069,10
12.9371004105,80.1279296875,58069,58079,10
12.9375,80.1282196045,58079,58089,10
12.93791008,80.1285476685,58089,58099,10
12.9385499954,80.1291427612,58099,58109,10
12.9395103455,80.1299972534,58109,58120,11
12.9407701492,80.1312484741,58120,58130,10
12.941860199,80.1323699951,58130,58140,10
12.94231987,80.132850647,58140,58150,10
12.9425401688,80.1331176758,58150,58160,10
12.943110466,80.1337432861,58160,58170,10
12.943980217,80.1345291138,58170,58180,10
12.9449901581,80.1353378296,58180,58190,10
12.9461603165,80.1362380981,58190,58200,10
12.9474000931,80.1371612549,58200,58211,11
12.9485702515,80.1379776001,58211,58221,10
12.9497203827,80.1388702393,58221,58231,10
12.9504499435,80.1393585205,58231,58241,10
12.9504899979,80.1393966675,58241,58251,10
12.9505596161,80.1394882202,58251,58261,10
12.951259613,80.1399536133,58261,58281,20
12.951259613,80.1399536133,58281,58291,10
12.9513902664,80.1400604248,58291,58301,10
12.951499939,80.1401062012,58301,58311,10
12.9516496658,80.1402587891,58311,58322,11
12.951880455,80.1404266357,58322,58332,10
12.9521198273,80.1408004761,58332,58342,10
12.9527902603,80.1413116455,58342,58352,10
12.9538097382,80.1419067383,58352,58362,10
12.9549798965,80.1425094604,58362,58372,10
12.9559297562,80.1429901123,58372,58392,20
12.9559297562,80.1429901123,58392,58402,10
12.9563102722,80.1432037354,58402,58412,10
12.9569702148,80.1435394287,58412,58423,11
12.9577198029,80.143913269,58423,58433,10
12.9586296082,80.1443405151,58433,58443,10
12.9596500397,80.1448669434,58443,58453,10
12.960439682,80.1452713013,58453,58463,10
12.9604701996,80.1456604004,58463,58473,10
12.9602298737,80.1463623047,58473,58483,10
12.9600095749,80.1473999023,58483,58493,10
12.9597797394,80.1484603882,58493,58503,10
12.9591798782,80.1499481201,58503,58513,10
12.9585103989,80.1505126953,58513,58523,10
12.9580898285,80.1508407593,58523,58533,10
12.957280159,80.1514816284,58533,58544,11
12.9563102722,80.1523208618,58544,58554,10
12.9557199478,80.1534423828,58554,58564,10
12.9553403854,80.1548309326,58564,58574,10
12.9550199509,80.1564178467,58574,58584,10
12.9545602798,80.1587600708,58584,58614,30
12.9545602798,80.1587600708,58614,58624,10
12.9544897079,80.1591796875,58624,58635,11
12.9542703629,80.1601715088,58635,58645,10
12.9540300369,80.1613235474,58645,58655,10
12.9537401199,80.1626815796,58655,58665,10
12.9534301758,80.1641921997,58665,58675,10
12.9531002045,80.1657028198,58675,58685,10
12.9527301788,80.1671829224,58685,58695,10
12.9523296356,80.1687011719,58695,58705,10
12.9520702362,80.170211792,58705,58714,9
12.9520101547,80.1707305908,58714,58725,11
12.9519701004,80.1708908081,58725,58735,10
12.9518003464,80.1718826294,58735,58746,11
12.9515800476,80.1730804443,58746,58756,10
12.9512996674,80.1744613647,58756,58766,10
12.9512300491,80.1748428345,58766,58776,10
12.9511995316,80.1749725342,58776,58786,10
12.9510803223,80.175567627,58786,58796,10
12.9508695602,80.1765136719,58796,58806,10
12.9505300522,80.1777420044,58806,58816,10
12.9501399994,80.1791915894,58816,58826,10
12.9498500824,80.1806411743,58826,58836,10
12.9496297836,80.1817932129,58836,58847,11
12.9493999481,80.1831130981,58847,58857,10
12.9492998123,80.1839370728,58857,58867,10
12.9492797852,80.1840896606,58867,58877,10
12.9492397308,80.1847305298,58877,58887,10
12.9492301941,80.1853103638,58887,58897,10
12.9491500854,80.1858291626,58897,58907,10
12.9491100311,80.1864624023,58907,58917,10
12.9490203857,80.187461853,58917,58927,10
12.9489202499,80.188369751,58927,58937,10
12.9488601685,80.1892089844,58937,58947,10
12.9487600327,80.1901779175,58947,58958,11
12.9486703873,80.1915206909,58958,58968,10
12.9486103058,80.1928863525,58968,58978,10
12.948559761,80.1942214966,58978,58988,10
12.9485797882,80.1953125,58988,58998,10
12.9486103058,80.1955184937,58998,59008,10
12.9485998154,80.1957702637,59008,59018,10
12.9485702515,80.1964569092,59018,59028,10
12.9485502243,80.1973724365,59028,59038,10
12.9485397339,80.1983413696,59038,59048,10
12.9485902786,80.1992263794,59048,59059,11
12.9486103058,80.1995925903,59059,59069,10
12.9486103058,80.1996383667,59069,59079,10
12.9486198425,80.2001571655,59079,59089,10
12.9486198425,80.2010421753,59089,59099,10
12.9486598969,80.2022323608,59099,59109,10
12.9486999512,80.2036895752,59109,59119,10
12.9487495422,80.205368042,59119,59129,10
12.9487400055,80.20703125,59129,59139,10
12.9486503601,80.2082595825,59139,59149,10
12.9485902786,80.2093200684,59149,59160,11
12.9485998154,80.2094192505,59160,59170,10
12.9485702515,80.2098693848,59170,59180,10
12.9485301971,80.2103805542,59180,59190,10
12.9484796524,80.2111129761,59190,59200,10
12.9484901428,80.2121887207,59200,59210,10
12.9485797882,80.2135620117,59210,59220,10
12.9487304688,80.2151107788,59220,59230,10
12.9488697052,80.2165985107,59230,59240,10
12.9490203857,80.2181091309,59240,59250,10
12.9491701126,80.2196578979,59250,59260,10
12.9493198395,80.2212295532,59260,59271,11
12.9494695663,80.2230377197,59271,59281,10
12.9495601654,80.2247314453,59281,59291,10
12.9496097565,80.226348877,59291,59301,10
12.9497098923,80.2280502319,59301,59311,10
12.9497995377,80.2298278809,59311,59321,10
12.9499502182,80.2315826416,59321,59331,10
12.9500703812,80.2330932617,59331,59341,10
12.9500904083,80.2343597412,59341,59352,11
12.9499702454,80.2357635498,59352,59383,31
12.9499702454,80.2357635498,59383,59393,10
12.9499597549,80.2359237671,59393,59403,10
12.9499397278,80.2359771729,59403,59413,10
12.9498796463,80.2363433838,59413,59423,10
12.9497404099,80.2370986938,59423,59433,10
12.9496097565,80.2380981445,59433,59443,10
12.9494104385,80.2391433716,59443,59453,10
12.9491300583,80.240272522,59453,59463,10
12.9491996765,80.2407836914,59463,59473,10
12.9491996765,80.2407989502,59473,59484,11
12.9496002197,80.2410125732,59484,59494,10
12.9505300522,80.2412719727,59494,59504,10
12.951089859,80.2414016724,59504,59514,10
12.9513597488,80.2415008545,59514,59524,10
12.9520702362,80.2417602539,59524,59534,10
12.9530496597,80.2421188354,59534,59544,10
12.9537401199,80.2423934937,59544,59554,10
12.954460144,80.24269104,59554,59564,10
12.955160141,80.2429580688,59564,59574,10
12.9563598633,80.2434234619,59574,59605,31
12.9563598633,80.2434234619,59605,59615,10
12.9565496445,80.2434234619,59615,59625,10
12.957159996,80.2437210083,59625,59635,10
12.9579496384,80.2440719604,59635,59645,10
12.9586801529,80.2443389893,59645,59655,10
12.9587802887,80.2443771362,59655,59665,10
12.9589004517,80.2444381714,59665,59675,10
12.9593496323,80.2446670532,59675,59685,10
12.9600601196,80.2450180054,59685,59695,10
12.9612197876,80.2455596924,59695,59706,11
12.9624004364,80.2461395264,59706,59716,10
12.9633102417,80.24659729,59716,59726,10
12.9641304016,80.2469711304,59726,59736,10
12.9651298523,80.2473068237,59736,59746,10
12.9661302567,80.2476501465,59746,59756,10
12.9668397903,80.2479629517,59756,59766,10
12.9668798447,80.2479782104,59766,59776,10
12.967040062,80.2481002808,59776,59786,10
12.9676198959,80.2483825684,59786,59797,11
12.9685602188,80.2487792969,59797,59807,10
12.9697999954,80.2492523193,59807,59817,10
12.9711799622,80.2497406006,59817,59827,10
12.9727401733,80.2501525879,59827,59837,10
12.9741697311,80.2505264282,59837,59847,10
12.9756603241,80.2509613037,59847,59857,10
12.9771795273,80.251411438,59857,59867,10
12.9782304764,80.252166748,59867,59877,10
12.9786500931,80.2524032593,59877,59887,10
12.978969574,80.2525405884,59887,59897,10
12.9797496796,80.2526473999,59897,59918,21
12.9797496796,80.2526473999,59918,59928,10
12.9801998138,80.2526702881,59928,59938,10
12.9809598923,80.2526397705,59938,59948,10
12.9819097519,80.252571106,59948,59958,10
12.9831399918,80.2525100708,59958,59968,10
12.9843397141,80.252243042,59968,59978,10
12.9854898453,80.251953125,59978,59988,10
12.9861803055,80.2517623901,59988,59998,10
12.9862499237,80.2517318726,59998,60008,10
12.9871397018,80.2514801025,60008,60059,51
12.9871397018,80.2514801025,60059,60069,10
12.9872198105,80.251411438,60069,60079,10
12.9877300262,80.2512969971,60079,60089,10
12.9879999161,80.2516708374,60089,60099,10
12.9880800247,80.2523727417,60099,60110,11
12.9879798889,80.2532196045,60110,60120,10
12.9878902435,80.2540969849,60120,60130,10
12.9878196716,80.2549819946,60130,60140,10
12.987739563,80.255607605,60140,60210,70
12.987739563,80.255607605,60210,60220,10
12.9876499176,80.2556762695,60220,60321,101
12.9876499176,80.2556762695,60321,60332,11
12.9876403809,80.2559280396,60332,60342,10
12.987569809,80.2565231323,60342,60352,10
12.9875297546,80.2574386597,60352,60362,10
12.9874601364,80.2585372925,60362,60372,10
12.9872999191,80.259552002,60372,60412,40
12.9872999191,80.259552002,60412,60423,11
12.9871902466,80.2596817017,60423,60433,10
12.9870300293,80.2596817017,60433,60443,10
12.9870195389,80.2596817017,60443,60453,10
12.9869203568,80.259437561,60453,61402,949
12.9869804382,80.2591705322,61402,62866,1464
12.9869804382,80.2591705322,62866,62876,10
12.9873504639,80.2590026855,62876,62886,10
12.9873800278,80.2585983276,62886,62896,10
12.9874095917,80.2580871582,62896,62906,10
12.9874401093,80.2574768066,62906,63098,192
12.9874401093,80.2574768066,63098,63108,10
12.987449646,80.2571411133,63108,63118,10
12.9874801636,80.2568969727,63118,63128,10
12.9875602722,80.2565536499,63128,63502,374
12.9875602722,80.2565536499,63502,63512,10
12.9876003265,80.2560195923,63512,63563,51
12.9876003265,80.2560195923,63563,63573,10
12.9873800278,80.2557067871,63573,63583,10
12.9868202209,80.2555999756,63583,63593,10
12.9859104156,80.2554397583,63593,63603,10
12.9848098755,80.2552032471,63603,63613,10
12.9839601517,80.2549819946,63613,63623,10
12.9830598831,80.2547225952,63623,63633,10
12.9823198318,80.254447937,63633,63643,10
12.9819002151,80.2538070679,63643,63654,11
12.9816398621,80.2528991699,63654,63664,10
12.9808101654,80.252746582,63664,63674,10
12.9798202515,80.2526779175,63674,63684,10
12.9786901474,80.2525787354,63684,63694,10
12.9785604477,80.2525405884,63694,63704,10
12.978099823,80.2522125244,63704,63714,10
12.9773597717,80.2515716553,63714,63724,10
12.9761199951,80.2510986328,63724,63734,10
12.9746704102,80.2506713867,63734,63744,10
12.9731998444,80.2502593994,63744,63754,10
12.9718503952,80.2499008179,63754,63764,10
12.9702396393,80.2494430542,63764,63775,11
12.9687404633,80.2488479614,63775,63785,10
12.9672203064,80.2482299805,63785,63795,10
12.9659004211,80.2476196289,63795,63805,10
12.9651699066,80.2473907471,63805,63815,10
12.9650402069,80.2473297119,63815,63825,10
12.9644298553,80.2470779419,63825,63835,10
12.9635601044,80.2467422485,63835,63845,10
12.962770462,80.2463531494,63845,63855,10
12.9615697861,80.2457580566,63855,63866,11
12.9602804184,80.2451477051,63866,63876,10
12.9594602585,80.2448120117,63876,63886,10
12.959400177,80.2447662354,63886,63896,10
12.9589004517,80.2445068359,63896,63906,10
12.958029747,80.2441482544,63906,63916,10
12.9573097229,80.243888855,63916,63926,10
12.9564695358,80.243598938,63926,63936,10
12.9560098648,80.2434234619,63936,63946,10
12.9552202225,80.2430267334,63946,63956,10
12.9542999268,80.2426300049,63956,63966,10
12.9530696869,80.2421264648,63966,63976,10
12.9519901276,80.2417602539,63976,63987,11
12.9516096115,80.2416381836,63987,63997,10
12.951379776,80.2415390015,63997,64007,10
12.9506597519,80.2412796021,64007,64017,10
12.9490299225,80.240737915,64017,64067,50
12.9490299225,80.240737915,64067,64077,10
12.9489202499,80.2405395508,64077,64088,11
12.9490699768,80.2397003174,64088,64098,10
12.9491500854,80.2392883301,64098,64108,10
12.9491596222,80.2392425537,64108,64118,10
12.9493198395,80.2387771606,64118,64128,10
12.9494800568,80.2379074097,64128,64138,10
12.9496603012,80.2368164063,64138,64148,10
12.9497804642,80.2359695435,64148,64158,10
12.9498100281,80.2358398438,64158,64168,10
12.9498996735,80.2351989746,64168,64178,10
12.9499702454,80.2342834473,64178,64189,11
12.9499702454,80.2338485718,64189,64199,10
12.9499902725,80.2334976196,64199,64209,10
12.9498996735,80.2326202393,64209,64219,10
12.9498195648,80.231552124,64219,64229,10
12.949760437,80.2303619385,64229,64239,10
12.949669838,80.2289199829,64239,64249,10
12.9495897293,80.2272415161,64249,64259,10
12.9494895935,80.2254180908,64259,64269,10
12.9494104385,80.2235183716,64269,64279,10
12.9492998123,80.2215805054,64279,64289,10
12.9491100311,80.2195892334,64289,64300,11
12.9488897324,80.2173690796,64300,64310,10
12.948679924,80.2153396606,64310,64320,10
12.9484796524,80.2133178711,64320,64330,10
12.9483699799,80.2114028931,64330,64340,10
12.948340416,80.2101211548,64340,64350,10
12.9483604431,80.2095108032,64350,64360,10
12.9484195709,80.2087173462,64360,64370,10
12.9484300613,80.2086791992,64370,64380,10
12.9484796524,80.2086105347,64380,64391,11
12.9485397339,80.2079162598,64391,64401,10
12.9486598969,80.2069625854,64401,64411,10
12.9486999512,80.2056884766,64411,64421,10
12.9486703873,80.2041397095,64421,64431,10
12.9486103058,80.2027816772,64431,64441,10
12.9485397339,80.2006607056,64441,64451,10
12.9484901428,80.1992797852,64451,64461,10
12.9484395981,80.1985931396,64461,64471,10
12.9484300613,80.1979064941,64471,64481,10
12.9484500885,80.1969833374,64481,64491,10
12.9484596252,80.1959075928,64491,64501,10
12.9484500885,80.1955108643,64501,64512,11
12.9484596252,80.1953964233,64512,64522,10
12.9484596252,80.1947631836,64522,64532,10
12.9484701157,80.193901062,64532,64542,10
12.94851017,80.1930618286,64542,64552,10
12.948559761,80.1919784546,64552,64562,10
12.9486398697,80.1906814575,64562,64572,10
12.9487199783,80.1894989014,64572,64582,10
12.9488401413,80.1883468628,64582,64592,10
12.9489803314,80.186920166,64592,64602,10
12.9490003586,80.185508728,64602,64613,11
12.9491596222,80.1837921143,64613,64633,20
12.9491596222,80.1837921143,64633,64643,10
12.9492397308,80.1834030151,64643,64653,10
12.9493904114,80.1826019287,64653,64663,10
12.9495601654,80.181640625,64663,64673,10
12.949760437,80.1806182861,64673,64683,10
12.9499902725,80.1794128418,64683,64693,10
12.9503498077,80.1780166626,64693,64703,10
12.9507303238,80.1765594482,64703,64714,11
12.9510402679,80.1751785278,64714,64724,10
12.9511804581,80.174369812,64724,64734,10
12.9512300491,80.1741790771,64734,64744,10
12.9513702393,80.1735916138,64744,64754,10
12.95154953,80.1726837158,64754,64764,10
12.9517602921,80.1715011597,64764,64774,10
12.9520101547,80.1701507568,64774,64784,10
12.9522399902,80.168838501,64784,64794,10
12.952580452,80.1673965454,64794,64804,10
12.9529800415,80.1658172607,64804,64814,10
12.9533195496,80.1642608643,64814,64825,11
12.9537000656,80.1625289917,64825,64835,10
12.9540596008,80.1608200073,64835,64845,10
12.9544200897,80.1588973999,64845,64885,40
12.9544200897,80.1588973999,64885,64895,10
12.9544401169,80.1587982178,64895,64905,10
12.9545001984,80.1583862305,64905,64915,10
12.9545097351,80.1583480835,64915,64926,11
12.9546499252,80.1577835083,64926,64936,10
12.9548597336,80.1569213867,64936,64946,10
12.9551000595,80.1557998657,64946,64956,10
12.9553804398,80.154510498,64956,64966,10
12.9557504654,80.1531600952,64966,64976,10
12.9565000534,80.1519165039,64976,64986,10
12.9575595856,80.1510391235,64986,64996,10
12.958530426,80.1502304077,64996,65006,10
12.9592599869,80.1496429443,65006,65016,10
12.9596700668,80.1486129761,65016,65026,10
12.9599103928,80.1474304199,65026,65037,11
12.9601898193,80.1460494995,65037,65047,10
12.9602603912,80.1454467773,65047,65057,10
12.9603500366,80.1451263428,65057,65067,10
12.9606599808,80.1452789307,65067,65077,10
12.9613895416,80.1456985474,65077,65087,10
12.9623804092,80.1462478638,65087,65097,10
12.9634504318,80.1468582153,65097,65107,10
12.9643697739,80.1474914551,65107,65117,10
12.965379715,80.1480789185,65117,65127,10
12.9661502838,80.1484832764,65127,65137,10
12.9667797089,80.1487731934,65137,65148,11
12.9669799805,80.1488800049,65148,65158,10
12.9670600891,80.1489181519,65158,65168,10
12.96737957,80.1491012573,65168,65178,10
12.9677801132,80.1492996216,65178,65188,10
12.9683198929,80.1495285034,65188,65208,20
12.9683198929,80.1495285034,65208,65218,10
12.9685697556,80.1496429443,65218,65228,10
12.9689302444,80.1497879028,65228,65471,243
12.9689302444,80.1497879028,65471,65481,10
12.9692602158,80.1500701904,65481,65491,10
12.9698400497,80.150352478,65491,65501,10
12.9707698822,80.1507720947,65501,65511,10
12.9717597961,80.151222229,65511,65521,10
12.9725399017,80.1518478394,65521,65531,10
12.9730596542,80.1525802612,65531,65541,10
12.9733104706,80.152961731,65541,65552,11
12.9733600616,80.1530380249,65552,65562,10
12.9731998444,80.1531219482,65562,65572,10
12.9729795456,80.1528091431,65572,65632,60
12.9729795456,80.1528091431,65632,65642,10
12.9728899002,80.1526489258,65642,65652,10
12.9725799561,80.1521530151,65652,65663,11
12.9721603394,80.1515808105,65663,65673,10
12.971540451,80.1511306763,65673,65683,10
12.9707202911,80.1507263184,65683,65693,10
12.9699001312,80.150352478,65693,65703,10
12.9693698883,80.1501693726,65703,65723,20
12.9693698883,80.1501693726,65723,65733,10
12.9692697525,80.150138855,65733,65743,10
12.9689798355,80.1499404907,65743,65753,10
12.9684200287,80.1496582031,65753,65764,11
12.9674596786,80.1492462158,65764,65804,40
12.9674596786,80.1492462158,65804,65814,10
12.9673204422,80.1491622925,65814,65824,10
12.9670000076,80.1490020752,65824,65834,10
12.9665899277,80.1488037109,65834,65844,10
12.9661798477,80.1485977173,65844,65854,10
12.9657697678,80.1483764648,65854,65864,10
12.965180397,80.1480712891,65864,65875,11
12.964220047,80.1475524902,65875,65885,10
12.9632196426,80.1471099854,65885,65895,10
12.9621601105,80.1465377808,65895,65905,10
12.9611196518,80.1459732056,65905,65915,10
12.9602804184,80.1456604004,65915,65925,10
12.9600801468,80.1464614868,65925,65935,10
12.9598503113,80.1475601196,65935,65945,10
12.9595804214,80.1488571167,65945,65955,10
12.9591903687,80.1498031616,65955,65965,10
12.9584503174,80.1504364014,65965,65986,21
12.9584503174,80.1504364014,65986,65996,10
12.9582796097,80.1505584717,65996,66006,10
12.9577302933,80.1509933472,66006,66016,10
12.9569301605,80.1516189575,66016,66026,10
12.9560203552,80.152557373,66026,66036,10
12.9555101395,80.1539764404,66036,66046,10
12.9551401138,80.1555404663,66046,66056,10
12.9547996521,80.1571121216,66056,66066,10
12.9545698166,80.1582489014,66066,66077,11
12.9545097351,80.1586074829,66077,66087,10
12.9544095993,80.159072876,66087,66097,10
12.95429039,80.1597213745,66097,66107,10
12.9542303085,80.1600265503,66107,66117,10
12.9540500641,80.1607589722,66117,66127,10
12.9538202286,80.1618499756,66127,66137,10
12.9535198212,80.1632385254,66137,66147,10
12.9531803131,80.1648406982,66147,66157,10
12.9528398514,80.1663894653,66157,66167,10
12.9525098801,80.1676635742,66167,66177,10
12.9521503448,80.1692810059,66177,66187,10
12.9520397186,80.1700363159,66187,66198,11
12.9519796371,80.170539856,66198,66208,10
12.95195961,80.1706314087,66208,66218,10
12.9518604279,80.1712036133,66218,66228,10
12.951669693,80.1722183228,66228,66238,10
12.9514503479,80.1734390259,66238,66248,10
12.951259613,80.1743087769,66248,66258,10
12.9510498047,80.1753616333,66258,66268,10
12.9507303238,80.1767196655,66268,66278,10
12.9503803253,80.1781005859,66278,66289,11
12.9501199722,80.179069519,66289,66299,10
12.9498796463,80.1801605225,66299,66309,10
12.949669838,80.1814193726,66309,66319,10
12.9494199753,80.1826934814,66319,66329,10
12.9492902756,80.1837692261,66329,66339,10
12.9492702484,80.1838989258,66339,66349,10
12.9492301941,80.1842498779,66349,66359,10
12.9491996765,80.1852416992,66359,66410,51
12.9491996765,80.1852416992,66410,66420,10
12.9492301941,80.185333252,66420,66430,10
12.9491796494,80.1857376099,66430,66440,10
12.9491195679,80.1865310669,66440,66450,10
12.9490404129,80.1873703003,66450,66460,10
12.9489402771,80.1882324219,66460,66470,10
12.9488601685,80.1892318726,66470,66480,10
12.9486503601,80.1916809082,66480,66490,10
12.9486503601,80.1916809082,66490,66501,11
12.9486103058,80.1930465698,66501,66511,10
12.9485797882,80.1940765381,66511,66521,10
12.9485998154,80.1954574585,66521,66541,20
12.9485998154,80.1954574585,66541,66552,11
12.9485702515,80.1959075928,66552,66562,10
12.9485397339,80.1968612671,66562,66572,10
12.9485397339,80.1980209351,66572,66582,10
12.9486103058,80.1995162964,66582,66602,20
12.9486103058,80.1995162964,66602,66612,10
12.9485998154,80.199760437,66612,66623,11
12.9486198425,80.2005996704,66623,66633,10
12.9486503601,80.2016677856,66633,66643,10
12.9486904144,80.2028198242,66643,66653,10
12.9487304688,80.2034378052,66653,66663,10
12.9487304688,80.2037277222,66663,66673,10
12.9487400055,80.204536438,66673,66683,10
12.9487600327,80.2057037354,66683,66693,10
12.9487199783,80.2070083618,66693,66703,10
12.9486303329,80.2082214355,66703,66714,11
12.9485797882,80.2093887329,66714,66734,20
12.9485797882,80.2093887329,66734,66744,10
12.9485301971,80.2096328735,66744,66754,10
12.9485502243,80.2098693848,66754,66764,10
12.9485197067,80.2100830078,66764,66774,10
12.9484596252,80.2105789185,66774,66784,10
12.9484395981,80.2115020752,66784,66794,10
12.9484901428,80.2127609253,66794,66804,10
12.9486103058,80.2141494751,66804,66815,11
12.9487695694,80.2157363892,66815,66825,10
12.9489402771,80.217338562,66825,66835,10
12.9491100311,80.2190170288,66835,66845,10
12.9492902756,80.220741272,66845,66855,10
12.9494104385,80.222366333,66855,66865,10
12.9494895935,80.2238922119,66865,66875,10
12.9495697021,80.2255096436,66875,66885,10
12.9496603012,80.2271270752,66885,66895,10
12.9497499466,80.2286376953,66895,66905,10
12.9498100281,80.2300186157,66905,66914,9
12.9499101639,80.2312088013,66914,66926,12
12.9500102997,80.2327728271,66926,66936,10
12.9500799179,80.2339019775,66936,66946,10
12.9500398636,80.23487854,66946,66956,10
12.9500198364,80.2352218628,66956,66966,10
12.9500198364,80.2352371216,66966,66976,10
12.9499902725,80.2353591919,66976,67057,81
12.9499902725,80.2353591919,67057,67067,10
12.9498901367,80.2356185913,67067,67178,111
12.9498901367,80.2356185913,67178,67188,10
12.949839592,80.2359237671,67188,67198,10
12.949760437,80.2365875244,67198,67208,10
12.9496297836,80.237487793,67208,67218,10
12.9494800568,80.2384719849,67218,67228,10
12.9492998123,80.2394790649,67228,67239,11
12.9490804672,80.2404632568,67239,67249,10
12.9491701126,80.2407302856,67249,67259,10
12.9494400024,80.2408905029,67259,67269,10
12.9501800537,80.2411193848,67269,67279,10
12.9510202408,80.2413330078,67279,67289,10
12.9510498047,80.2413406372,67289,67299,10
12.9512996674,80.2414321899,67299,67309,10
12.95195961,80.2416687012,67309,67319,10
12.9528102875,80.2420196533,67319,67329,10
12.953789711,80.2423934937,67329,67338,9
12.9545602798,80.24269104,67338,67350,12
12.9553604126,80.2429962158,67350,67360,10
12.9562797546,80.243347168,67360,67410,50
12.9562797546,80.243347168,67410,67420,10
12.9566802979,80.2435379028,67420,67430,10
12.9573602676,80.2438201904,67430,67440,10
12.9581604004,80.244140625,67440,67451,11
12.9588003159,80.2443618774,67451,67461,10
12.9589796066,80.2444763184,67461,67471,10
12.9596004486,80.2447891235,67471,67481,10
12.9605197906,80.2452163696,67481,67491,10
12.9616699219,80.2457580566,67491,67501,10
12.9626197815,80.2462463379,67501,67511,10
12.9628200531,80.2463684082,67511,67521,10
12.9628295898,80.246383667,67521,67531,10
12.9631795883,80.2465591431,67531,67541,10
12.9636297226,80.2467727661,67541,67551,10
12.9642496109,80.2470016479,67551,67562,11
12.9651403427,80.2472991943,67562,67572,10
12.9659996033,80.2475814819,67572,67582,10
12.9664402008,80.247756958,67582,67592,10
12.9665899277,80.2478103638,67592,67602,10
12.9667701721,80.2478866577,67602,67612,10
12.9673299789,80.2481765747,67612,67622,10
12.9682502747,80.2485809326,67622,67632,10
12.969420433,80.2490615845,67632,67642,10
12.970580101,80.2495193481,67642,67652,10
12.9718198776,80.2498703003,67652,67663,11
12.9732398987,80.2502365112,67663,67673,10
12.97453022,80.2505722046,67673,67683,10
12.975810051,80.2509536743,67683,67693,10
12.9769802094,80.2512969971,67693,67703,10
12.9779100418,80.2518920898,67703,67713,10
12.9785003662,80.2523193359,67713,67723,10
12.9785299301,80.2523498535,67723,67733,10
12.9790496826,80.2525405884,67733,67743,10
12.9797401428,80.2526321411,67743,67784,41
12.9797401428,80.2526321411,67784,67794,10
12.9798002243,80.2526779175,67794,67804,10
12.9801998138,80.2526931763,67804,67814,10
12.980919838,80.2526702881,67814,67824,10
12.9818601608,80.2526473999,67824,67834,10
12.9830303192,80.2525787354,67834,67844,10
12.9843196869,80.2522964478,67844,67854,10
12.985449791,80.2519607544,67854,67864,10
12.9864196777,80.251701355,67864,67875,11
12.9872398376,80.2514419556,67875,67955,80
12.9872398376,80.2514419556,67955,67965,10
12.9875202179,80.2513198853,67965,67976,11
12.9878396988,80.2513580322,67976,67986,10
12.9879398346,80.2517776489,67986,67996,10
12.9879798889,80.2524108887,67996,68006,10
12.987859726,80.2536392212,68006,68046,40
12.987859726,80.2538070679,68046,68187,141
12.987859726,80.2538070679,68187,68198,11
12.9877901077,80.2541732788,68198,68208,10
12.9877700806,80.2544708252,68208,68218,10
12.9877500534,80.2547607422,68218,68228,10
12.987739563,80.2549362183,68228,68238,10
12.9876899719,80.2552337646,68238,68248,10
12.987660408,80.2555007935,68248,68258,10
12.9876003265,80.255859375,68258,68268,10
12.9875497818,80.2565002441,68268,68278,10
12.9875001907,80.2570877075,68278,68288,10
12.9874401093,80.2577972412,68288,68299,11
12.9874000549,80.2582778931,68299,68309,10
12.9873199463,80.2586212158,68309,68319,10
12.9872598648,80.2591323853,68319,68379,60
12.9872598648,80.2591323853,68379,68389,10
12.9872198105,80.2593002319,68389,68399,10
12.9871196747,80.259552002,68399,68420,21
12.9871196747,80.259552002,68420,68430,10
12.9867696762,80.2594985962,68430,68440,10
12.9865703583,80.2593688965,68440,68450,10
12.9865598679,80.2591171265,68450,68460,10
12.9867601395,80.2590484619,68460,68470,10
12.9869699478,80.2591171265,68470,68571,101
12.9869699478,80.2591171265,68571,68581,10
12.9873304367,80.2590484619,68581,68591,10
12.9873399734,80.2588577271,68591,68601,10
12.9873199463,80.2584915161,68601,68632,31
12.9873199463,80.2584915161,68632,68642,10
12.9873104095,80.2584228516,68642,68652,10
12.9873199463,80.2581787109,68652,68662,10
12.9873199463,80.2580184937,68662,68672,10
12.9873199463,80.2577667236,68672,68682,10
12.9873504639,80.2574005127,68682,68692,10
12.9873800278,80.256980896,68692,68702,10
12.9874200821,80.2566070557,68702,68712,10
12.9874401093,80.2560501099,68712,68723,11
12.9875602722,80.2556228638,68723,68733,10
12.9876298904,80.2551422119,68733,68743,10
12.9876499176,80.2547836304,68743,68753,10
12.9876699448,80.2546081543,68753,68763,10
12.9877300262,80.253868103,68763,68773,10
12.987830162,80.2528076172,68773,68783,10
12.9877796173,80.2518005371,68783,68793,10
12.9876003265,80.2515487671,68793,68803,10
12.9871997833,80.2515563965,68803,68813,10
12.9867401123,80.251663208,68813,68824,11
12.9859399796,80.2518463135,68824,68834,10
12.9849500656,80.2520904541,68834,68844,10
12.983830452,80.2523880005,68844,68854,10
12.982629776,80.2525863647,68854,68864,10
12.9814395905,80.2526626587,68864,68874,10
12.980629921,80.2527008057,68874,68884,10
12.9802799225,80.2527236938,68884,68894,10
12.9801998138,80.2527084351,68894,68904,10
12.9798002243,80.2526779175,68904,68914,10
12.9792003632,80.2526321411,68914,68924,10
12.9787197113,80.252571106,68924,68935,11
12.9787101746,80.252571106,68935,68945,10
12.9785404205,80.2525100708,68945,68955,10
12.9779996872,80.2521514893,68955,68965,10
12.9772195816,80.2514724731,68965,68975,10
12.976099968,80.2510528564,68975,68985,10
12.9750299454,80.2507400513,68985,68995,10
12.9739103317,80.2504501343,68995,69005,10
12.9728403091,80.2501678467,69005,69015,10
12.9719104767,80.2499084473,69015,69025,10
12.9709396362,80.2496414185,69025,69035,10
12.9699201584,80.2493362427,69035,69046,11
12.9687099457,80.248840332,69046,69056,10
12.9677295685,80.2484283447,69056,69066,10
12.967040062,80.2480773926,69066,69076,10
12.9665002823,80.2478179932,69076,69086,10
12.9658498764,80.247543335,69086,69096,10
12.965259552,80.2473526001,69096,69106,10
12.965180397,80.2473373413,69106,69116,10
12.9648704529,80.2472229004,69116,69126,10
12.964220047,80.2469863892,69126,69136,10
12.9637804031,80.2468414307,69136,69157,21
12.9637804031,80.2468414307,69157,69167,10
12.9636602402,80.2468109131,69167,69177,10
12.963259697,80.24659729,69177,69187,10
12.9626102448,80.2462387085,69187,69197,10
12.9616699219,80.2457809448,69197,69207,10
12.960559845,80.245262146,69207,69217,10
12.9596099854,80.2448577881,69217,69227,10
12.9594802856,80.2447967529,69227,69237,10
12.9591798782,80.2446289063,69237,69248,11
12.9583797455,80.2442626953,69248,69258,10
12.9575395584,80.243927002,69258,69268,10
12.9565601349,80.2436599731,69268,69278,10
12.9561500549,80.2434921265,69278,69288,10
12.955499649,80.2431716919,69288,69298,10
12.9545602798,80.242729187,69298,69308,10
12.9534502029,80.2422637939,69308,69318,10
12.9522600174,80.2417984009,69318,69328,10
12.9517498016,80.2416381836,69328,69338,10
12.9516897202,80.2416229248,69338,69348,10
12.9511003494,80.2413864136,69348,69359,11
12.9502897263,80.2411193848,69359,69369,10
12.9490404129,80.2407302856,69369,69429,60
12.9490404129,80.2407302856,69429,69439,10
12.948849678,80.2406082153,69439,69450,11
12.9489603043,80.2400512695,69450,69460,10
12.9490995407,80.2392883301,69460,69470,10
12.9491596222,80.2391433716,69470,69480,10
12.9493303299,80.238571167,69480,69490,10
12.9494695663,80.2376785278,69490,69500,10
12.9496002197,80.2366790771,69500,69510,10
12.9497098923,80.2359466553,69510,69520,10
12.9497299194,80.2358627319,69520,69530,10
12.9497404099,80.2356414795,69530,69540,10
12.9498195648,80.2349624634,69540,69550,10
12.9498996735,80.2339935303,69550,69560,10
12.9498996735,80.2337036133,69560,69571,11
12.9498796463,80.233039856,69571,69581,10
12.9498195648,80.2320632935,69581,69591,10
12.9497404099,80.230796814,69591,69601,10
12.9496498108,80.229309082,69601,69611,10
12.9495697021,80.2276382446,69611,69621,10
12.9494895935,80.2258911133,69621,69631,10
12.9494104385,80.2241973877,69631,69641,10
12.9493303299,80.2225418091,69641,69651,10
12.9492197037,80.2209320068,69651,69662,11
12.9490203857,80.2190628052,69662,69672,10
12.9488096237,80.2171325684,69672,69682,10
12.948679924,80.2158584595,69682,69692,10
12.9484596252,80.2135696411,69692,69702,10
12.948340416,80.2120437622,69702,69712,10
12.9483203888,80.2109375,69712,69722,10
12.9483203888,80.2101211548,69722,69732,10
12.9483604431,80.2095184326,69732,69742,10
12.9484300613,80.2086181641,69742,69752,10
12.9484500885,80.2085189819,69752,69762,10
12.9484901428,80.2080001831,69762,69773,11
12.9485702515,80.2070770264,69773,69783,10
12.9486398697,80.2057189941,69783,69793,10
12.9486198425,80.2043380737,69793,69803,10
12.9485702515,80.2029037476,69803,69813,10
12.9485301971,80.2015304565,69813,69823,10
12.9484996796,80.2002334595,69823,69833,10
12.9484395981,80.1990737915,69833,69843,10
12.9484100342,80.1987380981,69843,69853,10
12.9484100342,80.1984405518,69853,69863,10
12.9484100342,80.1976699829,69863,69874,11
12.9484395981,80.1967086792,69874,69884,10
12.9484195709,80.195602417,69884,69894,10
12.9483995438,80.1954116821,69894,69904,10
12.9484195709,80.1951217651,69904,69914,10
12.9484195709,80.1944122314,69914,69923,9
12.9484300613,80.193321228,69923,69934,11
12.9484701157,80.1921615601,69934,69944,10
12.9485502243,80.1905288696,69944,69954,10
12.9486398697,80.1894073486,69954,69964,10
12.9487400055,80.1882476807,69964,69974,10
12.9488601685,80.1869735718,69974,69985,11
12.9489202499,80.1852416992,69985,70065,80
12.9489202499,80.1852416992,70065,70075,10
12.9489297867,80.185043335,70075,70086,11
12.9490003586,80.1843185425,70086,70096,10
12.9491195679,80.1834793091,70096,70106,10
12.9493103027,80.1823501587,70106,70115,9
12.9495000839,80.181388855,70115,70126,11
12.9496297836,80.1806716919,70126,70136,10
12.9498195648,80.1797180176,70136,70146,10
12.9501399994,80.1783828735,70146,70156,10
12.9505500793,80.1768112183,70156,70166,10
12.9508495331,80.1755981445,70166,70176,10
12.9510803223,80.1744232178,70176,70186,10
12.9513397217,80.1733016968,70186,70197,11
12.9516000748,80.171913147,70197,70207,10
12.9518404007,80.170501709,70207,70217,10
12.9520301819,80.1694107056,70217,70227,10
12.9522800446,80.1680984497,70227,70237,10
12.9525499344,80.1670837402,70237,70246,9
12.9529399872,80.1654815674,70246,70257,11
12.9533395767,80.1637191772,70257,70267,10
12.9537000656,80.1620407104,70267,70277,10
12.9540395737,80.1604232788,70277,70287,10
12.9542999268,80.1591186523,70287,70298,11
12.9543504715,80.1588363647,70298,70308,10
12.9543600082,80.158782959,70308,70318,10
12.9544801712,80.158203125,70318,70328,10
12.9546899796,80.1572418213,70328,70338,10
12.9549503326,80.1560287476,70338,70348,10
12.9552402496,80.1546478271,70348,70359,11
12.9555997849,80.1532287598,70359,70368,9
12.9563102722,80.1519165039,70368,70379,11
12.9573202133,80.1510620117,70379,70389,10
12.9582195282,80.1503295898,70389,70399,10
12.9589395523,80.1497802734,70399,70410,11
12.95952034,80.1489028931,70410,70420,10
12.9597702026,80.1477432251,70420,70430,10
12.9600200653,80.1465606689,70430,70440,10
12.9602098465,80.1455688477,70440,70450,10
12.9599304199,80.1451568604,70450,70460,10
12.9591197968,80.1447525024,70460,70470,10
12.9582395554,80.1442565918,70470,70480,10
12.9576396942,80.1438903809,70480,70490,10
12.9566202164,80.1433486938,70490,70500,10
12.9558601379,80.1429519653,70500,70511,11
12.9552202225,80.142616272,70511,70521,10
12.9547300339,80.1423568726,70521,70531,10
12.9542102814,80.1420822144,70531,70541,10
12.9538202286,80.1418762207,70541,70551,10
12.9537096024,80.1418380737,70551,70561,10
12.9535102844,80.1417388916,70561,70571,10
12.9532499313,80.1416015625,70571,70581,10
12.9527301788,80.1412963867,70581,70591,10
12.9524402618,80.1410827637,70591,70601,10
12.9521102905,80.1408309937,70601,70612,11
12.9518003464,80.1406173706,70612,70622,10
12.9515199661,80.1404266357,70622,70632,10
12.951499939,80.1404037476,70632,70642,10
12.9513397217,80.1402587891,70642,70652,10
12.9509401321,80.1399383545,70652,70662,10
12.9506597519,80.139793396,70662,70672,10
12.9506397247,80.1397781372,70672,70682,10
12.9504003525,80.1395721436,70682,70692,10
12.949930191,80.1391525269,70692,70702,10
12.9493999481,80.1386871338,70702,70712,10
12.9486503601,80.1380767822,70712,70722,10
12.9478397369,80.1374969482,70722,70733,11
12.9470596313,80.1369400024,70733,70743,10
12.9461898804,80.1362533569,70743,70753,10
12.9451904297,80.1354827881,70753,70763,10
12.9442796707,80.134803772,70763,70773,10
12.9436397552,80.1343002319,70773,70783,10
12.9429998398,80.1336898804,70783,70793,10
12.9426698685,80.1333694458,70793,70803,10
12.9423799515,80.1331100464,70803,70813,10
12.9418802261,80.1325683594,70813,70824,11
12.9413604736,80.1320266724,70824,70834,10
12.9407300949,80.1313705444,70834,70844,10
12.9401102066,80.1307296753,70844,70854,10
12.9395103455,80.1301422119,70854,70864,10
12.9388103485,80.1295166016,70864,70874,10
12.9381103516,80.1289367676,70874,70884,10
12.9374599457,80.1284408569,70884,70935,51
12.9374599457,80.1284408569,70935,70945,10
12.9373502731,80.128326416,70945,70955,10
12.9371700287,80.1281280518,70955,70965,10
12.9369096756,80.1278991699,70965,70975,10
12.9369001389,80.1278991699,70975,70985,10
12.9365797043,80.1276016235,70985,70995,10
12.9361600876,80.1272735596,70995,71005,10
12.9361000061,80.1272201538,71005,71015,10
12.9358596802,80.1269836426,71015,71025,10
12.9353103638,80.1264572144,71025,71035,10
12.9345598221,80.1257476807,71035,71046,11
12.9336004257,80.1248092651,71046,71056,10
12.9326496124,80.1238937378,71056,71066,10
12.9317102432,80.1230316162,71066,71086,20
12.9317102432,80.1230316162,71086,71096,10
12.9315700531,80.1228866577,71096,71106,10
12.9311199188,80.1223678589,71106,71116,10
12.9304199219,80.1216506958,71116,71126,10
12.9295902252,80.1207885742,71126,71136,10
12.9285802841,80.1197814941,71136,71147,11
12.9275302887,80.1187133789,71147,71157,10
12.9267501831,80.1179428101,71157,71167,10
12.926440239,80.1176071167,71167,71177,10
12.9262104034,80.1174468994,71177,71187,10
12.9261198044,80.1174087524,71187,71197,10
12.9260597229,80.1173400879,71197,71207,10
12.9257602692,80.1171188354,71207,71217,10
12.9253101349,80.1166687012,71217,71227,10
12.924779892,80.1161270142,71227,71237,10
12.9242897034,80.1156463623,71237,71248,11
12.9241199493,80.1155014038,71248,71258,10
12.9238595963,80.1151428223,71258,71268,10
12.9240503311,80.1149597168,71268,71278,10
12.9243202209,80.1151580811,71278,71288,10
12.9247303009,80.1156082153,71288,71298,10
12.9252796173,80.1161727905,71298,71308,10
12.9259796143,80.1169204712,71308,71338,30
12.9261798859,80.1171875,71338,71359,21
12.9261798859,80.1171875,71359,71369,10
12.9262695313,80.1173324585,71369,71379,10
12.9263696671,80.1174316406,71379,71409,30
12.9263696671,80.1174316406,71409,71419,10
12.9264802933,80.1175765991,71419,71429,10
12.9268798828,80.1178817749,71429,71480,51
12.9268798828,80.1178817749,71480,71490,10
12.9270496368,80.118019104,71490,71540,50
12.927280426,80.1183166504,71540,71561,21
12.927280426,80.1183166504,71561,71571,10
12.9273900986,80.1184997559,71571,71581,10
12.9276800156,80.1187896729,71581,71591,10
12.9280500412,80.119140625,71591,71601,10
12.9283504486,80.1194610596,71601,71611,10
12.9287395477,80.1198577881,71611,71621,10
12.9291496277,80.1201629639,71621,71874,253
12.929189682,80.1202316284,71874,72035,161
12.9290895462,80.1202011108,72035,72085,50
12.9290895462,80.1202011108,72085,72096,11
12.9293298721,80.1204223633,72096,72136,40
12.9293298721,80.1204223633,72136,72146,10
12.9299402237,80.1210327148,72146,72186,40
12.9299402237,80.1210327148,72186,72197,11
12.930150032,80.1212692261,72197,72207,10
12.9306297302,80.1217498779,72207,72217,10
12.931189537,80.1223220825,72217,72227,10
12.9315395355,80.1226577759,72227,72237,10
12.9316596985,80.1228027344,72237,72247,10
12.9320497513,80.1231918335,72247,72257,10
12.9326400757,80.1237792969,72257,72267,10
12.9333200455,80.1244812012,72267,72277,10
12.9340896606,80.1252593994,72277,72287,10
12.9349498749,80.1260910034,72287,72298,11
12.9358196259,80.1267623901,72298,72348,50
12.9358196259,80.1267623901,72348,72358,10
12.9358797073,80.1268615723,72358,72368,10
12.9361200333,80.1270828247,72368,72378,10
12.9364004135,80.1273117065,72378,72388,10
12.9364795685,80.1273727417,72388,72398,10
12.9365196228,80.1274490356,72398,72409,11
12.9366903305,80.127571106,72409,72429,20
12.9366903305,80.127571106,72429,72439,10
12.9368801117,80.127746582,72439,72449,10
12.936920166,80.1277770996,72449,72459,10
12.9370603561,80.1278610229,72459,72479,20
12.9370603561,80.1278610229,72479,72489,10
12.9371995926,80.1279602051,72489,72500,11
12.9374904633,80.1282196045,72500,72510,10
12.9380302429,80.1286621094,72510,72520,10
12.9387998581,80.1293334961,72520,72530,10
12.9398002625,80.1301879883,72530,72540,10
12.9409198761,80.1313171387,72540,72550,10
12.9419603348,80.1324081421,72550,72560,10
12.9423599243,80.1328735352,72560,72570,10
12.9428596497,80.1334609985,72570,72580,10
12.9434604645,80.1341171265,72580,72590,10
12.9439601898,80.134552002,72590,72600,10
12.9443798065,80.1349105835,72600,72611,11
12.9450798035,80.1354522705,72611,72621,10
12.9458904266,80.1360702515,72621,72631,10
12.9467000961,80.1367034912,72631,72641,10
12.9475097656,80.137260437,72641,72651,10
12.9483995438,80.137878418,72651,72661,10
12.9493703842,80.1386184692,72661,72671,10
12.9501600266,80.1392288208,72671,72681,10
12.9504203796,80.1393508911,72681,72691,10
12.950460434,80.1393890381,72691,72701,10
12.9506196976,80.1395111084,72701,72711,10
12.9512701035,80.1399230957,72711,72742,31
12.9512701035,80.1399230957,72742,72752,10
12.9513597488,80.1399993896,72752,72762,10
12.9516000748,80.1401596069,72762,72772,10
12.9519796371,80.1405410767,72772,72782,10
12.9526796341,80.1411590576,72782,72812,30
12.9526796341,80.1411590576,72812,72823,11
12.9530096054,80.1414108276,72823,72833,10
12.9535999298,80.1417770386,72833,72843,10
12.9544000626,80.1422119141,72843,72853,10
12.9553604126,80.1427078247,72853,72863,10
12.9562997818,80.1431808472,72863,72873,10
12.9572601318,80.143699646,72873,72883,10
12.9582395554,80.1441802979,72883,72893,10
12.9591903687,80.1446380615,72893,72903,10
12.9600296021,80.1450805664,72903,72913,10
12.9604902267,80.1453018188,72913,72924,11
12.9603204727,80.1457824707,72924,72934,10
12.9601402283,80.1465072632,72934,72944,10
12.959980011,80.1472702026,72944,72954,10
12.9597501755,80.1482925415,72954,72964,10
12.9594802856,80.1494216919,72964,72974,10
12.9587802887,80.150177002,72974,72984,10
12.9579200745,80.1508865356,72984,72994,10
12.9571800232,80.1514816284,72994,73004,10
12.9560403824,80.1525497437,73004,73014,10
12.9555101395,80.1538619995,73014,73024,10
12.9551801682,80.1553726196,73024,73035,11
12.9548397064,80.1569519043,73035,73045,10
12.9545001984,80.1587982178,73045,73065,20
12.9545001984,80.1587982178,73065,73075,10
12.9544200897,80.1591186523,73075,73085,10
12.9542703629,80.159828186,73085,73095,10
12.9540596008,80.1607818604,73095,73105,10
12.9538097382,80.1619262695,73105,73115,10
12.9535198212,80.1633300781,73115,73125,10
12.9531898499,80.1648635864,73125,73136,11
12.9528598785,80.1664199829,73136,73146,10
12.9524297714,80.1679763794,73146,73156,10
12.9520902634,80.1695709229,73156,73166,10
12.9519395828,80.1707229614,73166,73186,20
12.9519395828,80.1707229614,73186,73196,10
12.9518995285,80.1710128784,73196,73206,10
12.9517698288,80.1716995239,73206,73216,10
12.9515800476,80.172668457,73216,73226,10
12.9513597488,80.173828125,73226,73236,10
12.9511604309,80.174697876,73236,73247,11
12.9508895874,80.1759185791,73247,73257,10
12.9506597519,80.176902771,73257,73267,10
12.9503898621,80.1779174805,73267,73277,10
12.9500799179,80.1791305542,73277,73287,10
12.9498300552,80.1803817749,73287,73297,10
12.9496202469,80.1814498901,73297,73307,10
12.9494104385,80.1826477051,73307,73317,10
12.9492502213,80.1839675903,73317,73337,20
12.9492502213,80.1839675903,73337,73348,11
12.9492301941,80.1840591431,73348,73358,10
12.9491996765,80.1845779419,73358,73368,10
12.9491796494,80.185043335,73368,73378,10
12.9491796494,80.1850891113,73378,73388,10
12.9491195679,80.185508728,73388,73398,10
12.9490604401,80.1862792969,73398,73408,10
12.9489898682,80.1871032715,73408,73418,10
12.9489097595,80.1880187988,73418,73428,10
12.9488201141,80.1890029907,73428,73438,10
12.9487199783,80.1900482178,73438,73449,11
12.9486103058,80.1914596558,73449,73459,10
12.948559761,80.1926727295,73459,73469,10
12.9485397339,80.1937408447,73469,73479,10
12.94851017,80.1947174072,73479,73489,10
12.9485397339,80.1955184937,73489,73509,20
12.9485397339,80.1955184937,73509,73519,10
12.94851017,80.1958618164,73519,73529,10
12.9484901428,80.1966323853,73529,73539,10
12.9484596252,80.1976623535,73539,73549,10
12.9484796524,80.1986923218,73549,73560,11
12.9485197067,80.1993408203,73560,73570,10
12.9485197067,80.1995315552,73570,73580,10
12.9485301971,80.2000808716,73580,73590,10
12.9485397339,80.2009735107,73590,73600,10
12.9485902786,80.2021026611,73600,73610,10
12.9486398697,80.2033920288,73610,73620,10
12.9486598969,80.2047195435,73620,73630,10
12.948679924,80.2061462402,73630,73640,10
12.9486398697,80.2071762085,73640,73650,10
12.9485702515,80.2081832886,73650,73661,11
12.9485197067,80.2089691162,73661,73671,10
12.94851017,80.2092819214,73671,73681,10
12.9484701157,80.2099075317,73681,73691,10
12.9484701157,80.2099075317,73691,73701,10
12.9483995438,80.2105407715,73701,73711,10
12.9483995438,80.211479187,73711,73721,10
12.9484500885,80.2127380371,73721,73731,10
12.9485902786,80.2142410278,73731,73741,10
12.9487495422,80.2158203125,73741,73753,12
12.9489202499,80.2174606323,73753,73763,10
12.9491195679,80.2194595337,73763,73775,12
12.9492702484,80.2209625244,73775,73785,10
12.9493999481,80.2227172852,73785,73795,10
12.9494800568,80.2240829468,73795,73805,10
12.9495601654,80.225440979,73805,73815,10
12.949640274,80.2269363403,73815,73825,10
12.9496898651,80.2285614014,73825,73835,10
12.949760437,80.2299118042,73835,73845,10
12.9498996735,80.231918335,73845,73855,10
12.9500303268,80.2332305908,73855,73865,10
12.9500303268,80.2333068848,73865,73876,11
12.9500102997,80.2337036133,73876,73886,10
12.9499702454,80.2344589233,73886,73896,10
12.9498996735,80.2352218628,73896,73906,10
12.9497804642,80.2358322144,73906,73916,10
12.9497404099,80.2361526489,73916,73926,10
12.949640274,80.2368927002,73926,73936,10
12.9495096207,80.2379074097,73936,73946,10
12.9493103027,80.2390823364,73946,73956,10
12.9490604401,80.2402496338,73956,73966,10
12.9490995407,80.2406692505,73966,73977,11
12.949139595,80.240737915,73977,73987,10
12.949379921,80.2408676147,73987,73997,10
12.9499902725,80.2410736084,73997,74007,10
12.9508399963,80.2413330078,74007,74017,10
12.9510498047,80.2413864136,74017,74027,10
12.9513301849,80.2414779663,74027,74037,10
12.9519500732,80.2416915894,74037,74047,10
12.9528198242,80.2419967651,74047,74056,9
12.9537296295,80.2423477173,74056,74067,11
12.9546203613,80.2426986694,74067,74077,10
12.9552698135,80.2429428101,74077,74088,11
12.9561700821,80.2432403564,74088,74098,10
12.9564599991,80.2433166504,74098,74108,10
12.9570798874,80.243598938,74108,74118,10
12.9579801559,80.2440185547,74118,74128,10
12.9587497711,80.2443237305,74128,74138,10
12.9588603973,80.2443695068,74138,74148,10
12.9593000412,80.2445983887,74148,74158,10
12.9600801468,80.244972229,74158,74168,10
12.961139679,80.2454605103,74168,74178,10
12.9623498917,80.2460708618,74178,74189,11
12.9632101059,80.2465133667,74189,74229,40
12.9632101059,80.2465133667,74229,74239,10
12.9634199142,80.246673584,74239,74249,10
12.9638204575,80.2468414307,74249,74259,10
12.9644002914,80.2470092773,74259,74269,10
12.9652795792,80.2473220825,74269,74279,10
12.9662599564,80.2476806641,74279,74289,10
12.9669399261,80.2479629517,74289,74310,21
12.9669399261,80.2479629517,74310,74320,10
12.9671297073,80.2480926514,74320,74330,10
12.9677600861,80.2483901978,74330,74340,10
12.9686203003,80.2487411499,74340,74350,10
12.9695701599,80.2491073608,74350,74360,10
12.9706802368,80.2495193481,74360,74370,10
12.9719400406,80.2498779297,74370,74380,10
12.9732904434,80.2502365112,74380,74390,10
12.9746704102,80.2506103516,74390,74401,11
12.9761896133,80.2510528564,74401,74411,10
12.9773797989,80.2514724731,74411,74421,10
12.9781398773,80.2520370483,74421,74431,10
12.9784002304,80.2522201538,74431,74441,10
12.9785995483,80.2523574829,74441,74451,10
12.9792299271,80.252571106,74451,74461,10
12.9800901413,80.2526397705,74461,74471,10
12.9811601639,80.2526168823,74471,74481,10
12.9824495316,80.2525787354,74481,74491,10
12.9838199615,80.2523880005,74491,74501,10
12.984869957,80.2520828247,74501,74511,10
12.9858198166,80.2518234253,74511,74522,11
12.9867801666,80.2515563965,74522,74532,10
12.987660408,80.2513122559,74532,74542,10
12.9879798889,80.2515869141,74542,74552,10
12.9879703522,80.2517089844,74552,74562,10
12.9879903793,80.252166748,74562,74572,10
12.9879102707,80.2530670166,74572,74582,10
12.9878396988,80.2537994385,74582,74592,10
12.987830162,80.2539215088,74592,74602,10
12.9878196716,80.2542114258,74602,74613,11
12.9877796173,80.2547225952,74613,74623,10
12.987739563,80.2551574707,74623,74633,10
12.9877195358,80.255607605,74633,74643,10
12.9876499176,80.2561035156,74643,74653,10
12.9876298904,80.2561798096,74653,74663,10
12.9876003265,80.256401062,74663,74673,10
12.987569809,80.2568130493,74673,74683,10
12.9875402451,80.2573776245,74683,74693,10
12.9874897003,80.2581481934,74693,74703,10
12.9874095917,80.2584609985,74703,74713,10
12.9874000549,80.258682251,74713,74724,11
12.9873695374,80.2590637207,74724,74734,10
12.987279892,80.2593307495,74734,74754,20
12.987279892,80.2593307495,74754,74764,10
12.9872303009,80.259552002,74764,74774,10
12.9870595932,80.2596206665,74774,74784,10
12.9869499207,80.2593994141,74784,75218,434
12.9870500565,80.2590866089,75218,77854,2636
12.9870500565,80.2590866089,77854,77864,10
12.9870004654,80.2591323853,77864,83905,6041
12.9870595932,80.2591400146,83905,86006,2101
