13.0749197006,80.2750701904,20,17034,17014
13.0749197006,80.2750701904,17034,17044,10
13.0752000809,80.2750778198,17044,17055,11
13.075460434,80.2750473022,17055,17075,20
13.075460434,80.2750473022,17075,17085,10
13.0754203796,80.2749481201,17085,17095,10
13.0757303238,80.2749404907,17095,17105,10
13.0764598846,80.2749862671,17105,18790,1685
13.0764598846,80.2749862671,18790,18800,10
13.0782699585,80.2759933472,18800,18810,10
13.0785799026,80.275177002,18810,18820,10
13.0793800354,80.2752304077,18820,18830,10
13.0803003311,80.2752838135,18830,18840,10
13.0815696716,80.275177002,18840,18871,31
13.0815696716,80.275177002,18871,18881,10
13.0817804337,80.2752609253,18881,18891,10
13.0820598602,80.2753601074,18891,18901,10
13.0821399689,80.2756881714,18901,18972,71
13.0821399689,80.2756881714,18972,18982,10
13.0820398331,80.2759399414,18982,18992,10
13.0819101334,80.2760162354,18992,19002,10
13.0818300247,80.2761001587,19002,19012,10
13.0818300247,80.2762908936,19012,19022,10
13.0818996429,80.2767791748,19022,19032,10
13.0819702148,80.2775726318,19032,19042,10
13.082110405,80.2783203125,19042,19052,10
13.0821504593,80.2790222168,19052,19062,10
13.0822200775,80.2798233032,19062,19073,11
13.0822896957,80.2806472778,19073,19083,10
13.0823402405,80.2813186646,19083,19093,10
13.0822000504,80.2816390991,19093,19103,10
13.0816698074,80.2812576294,19103,19113,10
13.0810003281,80.2807922363,19113,19123,10
13.0802097321,80.2809371948,19123,19132,9
13.0795698166,80.2815628052,19132,19143,11
13.0787401199,80.2822723389,19143,19153,10
13.0777797699,80.282699585,19153,19163,10
13.0768203735,80.2831878662,19163,19174,11
13.0758800507,80.283996582,19174,19185,11
13.0750398636,80.2848968506,19185,19195,10
13.074379921,80.2855606079,19195,19205,10
13.0741195679,80.2858123779,19205,19215,10
13.0739002228,80.2859573364,19215,19225,10
13.0738697052,80.2859725952,19225,19235,10
13.0734996796,80.2859802246,19235,19245,10
13.0728502274,80.28565979,19245,19255,10
13.0719604492,80.2853012085,19255,19265,10
13.0709600449,80.2850494385,19265,19275,10
13.0699195862,80.2847976685,19275,19285,10
13.0689401627,80.2845687866,19285,19296,11
13.0679302216,80.284362793,19296,19306,10
13.0668802261,80.2841567993,19306,19316,10
13.0657901764,80.2839126587,19316,19326,10
13.0648298264,80.2836990356,19326,19336,10
13.0640697479,80.2835083008,19336,19346,10
13.0632801056,80.2833175659,19346,19356,10
13.0624399185,80.2831115723,19356,19376,20
13.0624399185,80.2831115723,19376,19386,10
13.0622196198,80.2830505371,19386,19396,10
13.061630249,80.2829208374,19396,19407,11
13.0606603622,80.2827072144,19407,19417,10
13.0600404739,80.2825698853,19417,19427,10
13.0591497421,80.2824020386,19427,19437,10
13.0580701828,80.2821807861,19437,19447,10
13.0570497513,80.2819671631,19447,19457,10
13.0566902161,80.2818984985,19457,19467,10
13.0566101074,80.2818832397,19467,19477,10
13.0561504364,80.2817764282,19477,19487,10
13.0555696487,80.2816619873,19487,19497,10
13.0547103882,80.2814865112,19497,19507,10
13.0535898209,80.2812805176,19507,19518,11
13.0523796082,80.2810974121,19518,19528,10
13.0512695313,80.2808990479,19528,19538,10
13.0503902435,80.2808074951,19538,19548,10
13.0503196716,80.2807998657,19548,19558,10
13.0501298904,80.2807693481,19558,19568,10
13.049659729,80.280670166,19568,19578,10
13.0491504669,80.2806167603,19578,19588,10
13.0484600067,80.2805328369,19588,19598,10
13.0472402573,80.2803573608,19598,19608,10
13.046210289,80.2802200317,19608,19618,10
13.0457000732,80.2801513672,19618,19629,11
13.0456104279,80.2801437378,19629,19639,10
13.0451002121,80.2800674438,19639,19649,10
13.0442895889,80.2799530029,19649,19659,10
13.0434103012,80.2798080444,19659,19669,10
13.0424995422,80.2796020508,19669,19679,10
13.0403699875,80.2791976929,19679,19689,10
13.0403699875,80.2791976929,19689,19699,10
13.0390300751,80.2788391113,19699,19719,20
13.0390300751,80.2788391113,19719,19729,10
13.0390100479,80.2788085938,19729,19739,10
13.0386295319,80.2786712646,19739,19750,11
13.0378599167,80.2784423828,19750,19761,11
13.0370502472,80.2781829834,19761,19771,10
13.0362596512,80.2778930664,19771,19781,10
13.0353803635,80.2777175903,19781,19791,10
13.0346298218,80.2776031494,19791,19811,20
13.0335502625,80.2773590088,19811,19822,11
13.0333995819,80.2773895264,19822,19832,10
13.0328798294,80.2774810791,19832,19842,10
13.032119751,80.2775421143,19842,19853,11
13.0312299728,80.2774810791,19853,19863,10
13.03083992,80.2772216797,19863,19873,10
13.0305099487,80.2770080566,19873,19883,10
13.0298204422,80.2767181396,19883,19893,10
13.0290203094,80.276512146,19893,19903,10
13.0282096863,80.2761993408,19903,19913,10
13.0273103714,80.2758102417,19913,19923,10
13.0260000229,80.2752304077,19923,19942,19
13.0260000229,80.2752304077,19942,19952,10
13.0257396698,80.2750778198,19952,19964,12
13.0250101089,80.2747573853,19964,19974,10
13.0242700577,80.2742462158,19974,19984,10
13.0237102509,80.2734985352,19984,19994,10
13.0230903625,80.2726593018,19994,20004,10
13.0223903656,80.2717285156,20004,20014,10
13.021730423,80.2708587646,20014,20024,10
13.0211496353,80.2701797485,20024,20034,10
13.020939827,80.2699127197,20034,20042,8
13.020819664,80.2697372437,20042,20054,12
13.0203104019,80.2690811157,20054,20064,10
13.0197095871,80.2683563232,20064,20074,10
13.0190696716,80.2675933838,20074,20085,11
13.0186796188,80.2666397095,20085,20095,10
13.0186395645,80.2659378052,20095,20104,9
13.0187702179,80.2653884888,20104,20114,10
13.0190200806,80.2645263672,20114,20125,11
13.0190095901,80.2636489868,20125,20135,10
13.0189399719,80.2632522583,20135,20145,10
13.0188703537,80.2626037598,20145,20155,10
13.0187597275,80.261756897,20155,20165,10
13.0184297562,80.2611083984,20165,20175,10
13.0178003311,80.2606735229,20175,20185,10
13.0170202255,80.2601623535,20185,20196,11
13.0162096024,80.2596969604,20196,20206,10
13.0160598755,80.2596511841,20206,20216,10
13.0157003403,80.2594909668,20216,20226,10
13.0149898529,80.2593231201,20226,20236,10
13.0140600204,80.2592773438,20236,20246,10
13.0130500793,80.2592391968,20246,20262,16
13.0114898682,80.2591781616,20262,20274,12
13.0105495453,80.2592086792,20274,20284,10
13.0093803406,80.2592163086,20284,20294,10
13.0087995529,80.2592086792,20294,20304,10
13.0086898804,80.2591934204,20304,20315,11
13.008190155,80.2591705322,20315,20323,8
13.0076398849,80.2593765259,20323,20335,12
13.0071697235,80.2601394653,20335,20345,10
13.007349968,80.2609176636,20345,20355,10
13.0074996948,80.2616271973,20355,20365,10
13.0077896118,80.2625274658,20365,20375,10
13.007900238,80.2629318237,20375,20385,10
13.0080604553,80.2635421753,20385,20395,10
13.0081501007,80.2643814087,20395,20405,10
13.008020401,80.2652893066,20405,20416,11
13.0078201294,80.2660903931,20416,20426,10
13.0076904297,80.2665634155,20426,20436,10
13.0075101852,80.2673110962,20436,20446,10
13.0073003769,80.2682113647,20446,20456,10
13.0071001053,80.2692108154,20456,20466,10
13.0068798065,80.2701187134,20466,20476,10
13.0061702728,80.2704086304,20476,20486,10
13.0053596497,80.2699203491,20486,20496,10
13.0045003891,80.2693786621,20496,20506,10
13.0038499832,80.2689819336,20506,20516,10
13.003279686,80.2687072754,20516,20527,11
13.0031900406,80.268661499,20527,20537,10
13.0029802322,80.2685089111,20537,20547,10
13.0024900436,80.2681732178,20547,20557,10
13.0018501282,80.2677764893,20557,20567,10
13.001159668,80.2673721313,20567,20577,10
13.0005998611,80.2670211792,20577,20587,10
12.9998703003,80.2668762207,20587,20597,10
12.9990301132,80.2671203613,20597,20607,10
12.9981403351,80.2673797607,20607,20617,10
12.9972496033,80.2676391602,20617,20627,10
12.9963302612,80.2677383423,20627,20638,11
12.9956598282,80.2676467896,20638,20648,10
12.9956502914,80.2673568726,20648,20658,10
12.9956598282,80.2673568726,20658,20668,10
12.9956998825,80.2671737671,20668,20678,10
12.9957199097,80.2667007446,20678,20688,10
12.9958200455,80.2658615112,20688,20698,10
12.995929718,80.2649536133,20698,20708,10
12.996049881,80.2640075684,20708,20718,10
12.9961299896,80.2631607056,20718,20728,10
12.9961795807,80.2626495361,20728,20738,10
12.9961900711,80.2626190186,20738,20748,10
12.9962100983,80.2624511719,20748,20759,11
12.9962701797,80.2619018555,20759,20769,10
12.9963302612,80.2612380981,20769,20779,10
12.9964399338,80.2604370117,20779,20789,10
12.9965200424,80.2596282959,20789,20799,10
12.9965496063,80.2593078613,20799,20809,10
12.9966001511,80.2588806152,20809,20825,16
12.996720314,80.2576599121,20825,20837,12
12.9968204498,80.2567825317,20837,20847,10
12.9968395233,80.2561569214,20847,20857,10
12.9968299866,80.2560501099,20857,20868,11
12.9968395233,80.2558898926,20868,20878,10
12.9968395233,80.2553787231,20878,20888,10
12.9967098236,80.2545928955,20888,20898,10
12.9961204529,80.2539215088,20898,20908,10
12.9954795837,80.2533035278,20908,20918,10
12.9950399399,80.2526473999,20918,20928,10
12.9945802689,80.2524795532,20928,20938,10
12.9940004349,80.2526397705,20938,20948,10
12.9933395386,80.252822876,20948,20958,10
12.9925699234,80.2529296875,20958,20968,10
12.9917497635,80.253036499,20968,20979,11
12.991109848,80.253578186,20979,20989,10
12.9909200668,80.2543563843,20989,20999,10
12.9908599854,80.2553100586,20999,21009,10
12.9907798767,80.2558364868,21009,21019,10
12.9906101227,80.2559814453,21019,21029,10
12.9901695251,80.2559967041,21029,21039,10
12.9900999069,80.2560119629,21039,21049,10
12.9897603989,80.2559967041,21049,21059,10
12.9891004562,80.2559585571,21059,21069,10
12.9884996414,80.2559509277,21069,21079,10
12.9883804321,80.2559204102,21079,21090,11
12.987859726,80.2558670044,21090,21100,10
12.9875898361,80.2560806274,21100,21110,10
12.987569809,80.2565002441,21110,21120,10
12.9875097275,80.2570724487,21120,21130,10
12.987449646,80.2579269409,21130,21140,10
12.9874000549,80.2586212158,21140,21150,10
12.9873399734,80.259147644,21150,21160,10
12.987279892,80.2594833374,21160,21322,162
12.9870595932,80.2591781616,21322,21957,635
12.9870595932,80.2591781616,21957,21967,10
12.9872598648,80.2590637207,21967,21978,11
12.9873199463,80.2589797974,21978,21988,10
12.9873695374,80.2586898804,21988,21998,10
12.9873800278,80.2584228516,21998,22008,10
12.9874095917,80.258102417,22008,22018,10
12.987449646,80.2575378418,22018,22028,10
12.9875097275,80.2566986084,22028,22038,10
12.9875602722,80.255897522,22038,22048,10
12.9877595901,80.2557067871,22048,22058,10
12.988240242,80.2557678223,22058,22068,10
12.9885702133,80.255821228,22068,22079,11
12.9887800217,80.255859375,22079,22089,10
12.9893703461,80.2559280396,22089,22099,10
12.9900999069,80.2559814453,22099,22109,10
12.9906101227,80.2558898926,22109,22119,10
12.9907598495,80.2554626465,22119,22129,10
12.9907798767,80.2547225952,22129,22139,10
12.9909095764,80.2539901733,22139,22149,10
12.9913797379,80.2533798218,22149,22159,10
12.9920902252,80.2530517578,22159,22168,9
12.9927597046,80.2529678345,22168,22179,11
12.9934797287,80.2528076172,22179,22189,10
12.9941396713,80.2526397705,22189,22199,10
12.9948196411,80.2524719238,22199,22210,11
12.9951000214,80.252746582,22210,22219,9
12.9951696396,80.2529296875,22219,22230,11
12.9952497482,80.2530670166,22230,22240,10
12.9956102371,80.2534332275,22240,22250,10
12.9961700439,80.2539520264,22250,22260,10
12.996720314,80.2545776367,22260,22270,10
12.9968996048,80.2554016113,22270,22280,10
12.9969501495,80.2558364868,22280,22331,51
12.9969501495,80.2558364868,22331,22341,10
12.9969100952,80.2561569214,22341,22351,10
12.9968395233,80.2566680908,22351,22361,10
12.9968395233,80.2568435669,22361,22371,10
12.9968395233,80.2568588257,22371,22381,10
12.9967899323,80.2572402954,22381,22391,10
12.9967098236,80.2579193115,22391,22401,10
12.9966402054,80.2586975098,22401,22411,10
12.9965295792,80.2594833374,22411,22422,11
12.9964504242,80.2603683472,22422,22432,10
12.9963598251,80.2612686157,22432,22442,10
12.9962797165,80.2620391846,22442,22452,10
12.9962396622,80.2624588013,22452,22462,10
12.9962301254,80.262512207,22462,22472,10
12.9961700439,80.262878418,22472,22482,10
12.9961099625,80.2634887695,22482,22492,10
12.9960203171,80.2643432617,22492,22502,10
12.9959201813,80.2651977539,22502,22512,10
12.9958095551,80.2661895752,22512,22522,10
12.9957103729,80.2671585083,22522,22533,11
12.9961395264,80.2677078247,22533,22563,30
12.9961395264,80.2677078247,22563,22573,10
12.9962797165,80.2677383423,22573,22583,10
12.9968996048,80.2677383423,22583,22593,10
12.9977703094,80.2675018311,22593,22603,10
12.9987602234,80.2672195435,22603,22613,10
12.9997396469,80.2669525146,22613,22623,10
13.0004901886,80.2669219971,22623,22633,10
13.0010204315,80.267250061,22633,22644,11
13.0010499954,80.2672805786,22644,22654,10
13.0013198853,80.2674636841,22654,22664,10
13.0018796921,80.2678222656,22664,22674,10
13.0026102066,80.2682723999,22674,22684,10
13.0031995773,80.2686004639,22684,22694,10
13.0034198761,80.2687530518,22694,22704,10
13.003490448,80.2688217163,22704,22714,10
13.0037899017,80.2690200806,22714,22724,10
13.0044803619,80.2694396973,22724,22734,10
13.0053195953,80.2699584961,22734,22744,10
13.0061197281,80.2704086304,22744,22754,10
13.0067195892,80.2702713013,22754,22765,11
13.0070199966,80.2694396973,22765,22775,10
13.0071601868,80.2685317993,22775,22785,10
13.0073795319,80.267578125,22785,22795,10
13.0075998306,80.2666931152,22795,22805,10
13.0077199936,80.2662887573,22805,22815,10
13.0078296661,80.2658004761,22815,22825,10
13.0079898834,80.2649230957,22825,22835,10
13.0080499649,80.2640991211,22835,22845,10
13.0079298019,80.263381958,22845,22855,10
13.007809639,80.2628479004,22855,22865,10
13.0076999664,80.2624435425,22865,22876,11
13.0074996948,80.2616882324,22876,22886,10
13.0074195862,80.2614364624,22886,22896,10
13.0073604584,80.2611923218,22896,22906,10
13.0072202682,80.2606277466,22906,22916,10
13.0072603226,80.2598571777,22916,22926,10
13.0073003769,80.2590332031,22926,22936,10
13.0074596405,80.2587127686,22936,22946,10
13.0078401566,80.2587280273,22946,22956,10
13.0083599091,80.2588577271,22956,22966,10
13.0085000992,80.2589111328,22966,22976,10
13.009059906,80.2589797974,22976,22987,11
13.0100898743,80.2590179443,22987,22997,10
13.0111598969,80.2590332031,22997,23007,10
13.0122804642,80.2590713501,23007,23017,10
13.0135097504,80.2591171265,23017,23027,10
13.0147304535,80.2591705322,23027,23037,10
13.0157899857,80.2593383789,23037,23047,10
13.0164003372,80.2596588135,23047,23057,10
13.0164604187,80.2596969604,23057,23067,10
13.01679039,80.2599563599,23067,23077,10
13.0174503326,80.2604217529,23077,23087,10
13.0182104111,80.2609405518,23087,23098,11
13.0191202164,80.2616500854,23098,23108,10
13.0197601318,80.262298584,23108,23117,9
13.0202999115,80.2628326416,23117,23128,11
13.0200901031,80.2630386353,23128,23138,10
13.0194501877,80.2629776001,23138,23148,10
13.0190200806,80.263092041,23148,23158,10
13.019109726,80.2637405396,23158,23168,10
13.0191297531,80.2640609741,23168,23178,10
13.0190896988,80.2644882202,23178,23188,10
13.0188999176,80.2651672363,23188,23198,10
13.0187597275,80.2656326294,23198,23209,11
13.0187101364,80.2665176392,23209,23219,10
13.0190000534,80.2674713135,23219,23229,10
13.0196800232,80.2683105469,23229,23239,10
13.0203800201,80.2691726685,23239,23249,10
13.0210800171,80.2699966431,23249,23259,10
13.0215196609,80.2705078125,23259,23269,10
13.0216503143,80.2706680298,23269,23279,10
13.0220403671,80.2711715698,23279,23289,10
13.0226402283,80.2719421387,23289,23299,10
13.0233001709,80.272819519,23299,23309,10
13.0239496231,80.2736968994,23309,23350,41
13.0239496231,80.2736968994,23350,23362,12
13.0240402222,80.2737884521,23362,23372,10
13.0242300034,80.2740707397,23372,23382,10
13.0246696472,80.274597168,23382,23392,10
13.0253400803,80.2749099731,23392,23402,10
13.0254497528,80.2749481201,23402,23412,10
13.0255403519,80.2749862671,23412,23422,10
13.0259199142,80.275177002,23422,23433,11
13.0266304016,80.2754974365,23433,23443,10
13.0274400711,80.2758865356,23443,23453,10
13.0283203125,80.276260376,23453,23463,10
13.0291996002,80.2765579224,23463,23473,10
13.0298995972,80.2767333984,23473,23483,10
13.0299596786,80.2767562866,23483,23493,10
13.0302000046,80.2769012451,23493,23503,10
13.0307703018,80.2771911621,23503,23513,10
13.0314998627,80.2775878906,23513,23523,10
13.0323200226,80.2775268555,23523,23533,10
13.0327701569,80.2774963379,23533,23544,11
13.0328798294,80.2774810791,23544,23554,10
13.0333003998,80.2774200439,23554,23564,10
13.0339202881,80.2774200439,23564,23574,10
13.0346002579,80.2775878906,23574,23584,10
13.0353603363,80.2777175903,23584,23594,10
13.0361099243,80.2778701782,23594,23604,10
13.0367202759,80.2780532837,23604,23614,10
13.0375995636,80.2783584595,23614,23624,10
13.0384197235,80.2785491943,23624,23634,10
13.0388803482,80.278678894,23634,23644,10
13.0389204025,80.2787017822,23644,23655,11
13.0392398834,80.2788085938,23655,23665,10
13.0398302078,80.2789916992,23665,23675,10
13.0406999588,80.2792205811,23675,23685,10
13.0417098999,80.2794036865,23685,23695,10
13.0427303314,80.2795333862,23695,23705,10
13.0436201096,80.2797012329,23705,23715,10
13.0444402695,80.2798919678,23715,23725,10
13.0452604294,80.2800064087,23725,23735,10
13.0459003448,80.2800979614,23735,23745,10
13.0465602875,80.2801895142,23745,23755,10
13.0474596024,80.2803268433,23755,23766,11
13.0485296249,80.2804718018,23766,23776,10
13.0492296219,80.2805709839,23776,23786,10
13.0492601395,80.2805786133,23786,23796,10
13.0494604111,80.2806472778,23796,23806,10
13.0500097275,80.2807006836,23806,23816,10
13.0507898331,80.2808303833,23816,23826,10
13.0517997742,80.2809829712,23826,23836,10
13.0529298782,80.2811431885,23836,23846,10
13.0541801453,80.2813491821,23846,23856,10
13.055390358,80.281578064,23856,23866,10
13.0562496185,80.28175354,23866,23877,11
13.0563802719,80.2817764282,23877,23887,10
13.0566396713,80.281829834,23887,23897,10
13.0573396683,80.2819671631,23897,23917,20
13.0573396683,80.2819671631,23917,23927,10
13.0573701859,80.2819824219,23927,23937,10
13.0574798584,80.2819976807,23937,23947,10
13.0579299927,80.2820968628,23947,23957,10
13.0587396622,80.2822723389,23957,23967,10
13.0597295761,80.2824630737,23967,23977,10
13.0607500076,80.2826690674,23977,23987,10
13.0617399216,80.2828826904,23987,23998,11
13.0627698898,80.2830963135,23998,24008,10
13.0631799698,80.2831802368,24008,24018,10
13.063369751,80.283241272,24018,24028,10
13.0636997223,80.2833099365,24028,24038,10
13.0637798309,80.2833328247,24038,24054,16
13.0643997192,80.2834777832,24054,24066,12
13.0652799606,80.2836685181,24066,24076,10
13.0663099289,80.2838897705,24076,24086,10
13.0674200058,80.2841262817,24086,24096,10
13.0684995651,80.2843399048,24096,24107,11
13.0697402954,80.2846374512,24107,24117,10
13.0707798004,80.2848892212,24117,24127,10
13.0718603134,80.2851715088,24127,24137,10
13.0730304718,80.2853012085,24137,24147,10
13.0739002228,80.2854690552,24147,24156,9
13.074090004,80.2857131958,24156,24167,11
13.0744600296,80.2861175537,24167,24177,10
13.0751495361,80.2865982056,24177,24186,9
13.0757799149,80.2869262695,24186,24197,11
13.0768299103,80.2872161865,24197,24207,10
13.0777301788,80.2874603271,24207,24218,11
13.078789711,80.2877426147,24218,24228,10
13.0797700882,80.2880706787,24228,24238,10
13.0805997849,80.2882614136,24238,24248,10
13.0811796188,80.2884216309,24248,24258,10
13.0818996429,80.2886962891,24258,24268,10
13.082400322,80.2888717651,24268,24278,10
13.0827999115,80.2890701294,24278,24288,10
13.0835599899,80.2891998291,24288,24298,10
13.0844497681,80.2891693115,24298,24308,10
13.0855998993,80.2892303467,24308,24318,10
13.0868396759,80.2895278931,24318,24329,11
13.0879297256,80.2899703979,24329,24339,10
13.0887203217,80.2901306152,24339,24349,10
13.0888395309,80.2901763916,24349,24359,10
13.0887804031,80.2904129028,24359,24369,10
13.0882396698,80.2901916504,24369,24379,10
13.0873804092,80.2898635864,24379,24395,16
13.0859003067,80.2894592285,24395,24407,12
13.0854301453,80.2888565063,24407,24417,10
13.0851202011,80.2877807617,24417,24428,11
13.0852003098,80.286529541,24428,24438,10
13.0853204727,80.2853469849,24438,24450,12
13.085269928,80.2841567993,24450,24460,10
13.0854797363,80.2835922241,24460,24470,10
13.085559845,80.283531189,24470,24480,10
13.0857896805,80.2835388184,24480,24490,10
13.086230278,80.2835388184,24490,24500,10
13.0865402222,80.283782959,24500,24510,10
13.0868902206,80.2839584351,24510,25227,717
13.0868902206,80.2839584351,25227,25237,10
13.0873298645,80.2838973999,25237,25247,10
13.0876197815,80.2839126587,25247,25317,70
13.0876197815,80.2839126587,25317,25328,11
13.0879802704,80.2839813232,25328,25338,10
13.0881204605,80.2839202881,25338,25348,10
13.0881795883,80.2837219238,25348,25358,10
13.0881996155,80.2836532593,25358,25368,10
13.0883102417,80.2833862305,25368,25378,10
13.0883102417,80.2829589844,25378,25388,10
13.0883197784,80.2824325562,25388,25398,10
13.0881900787,80.281829834,25398,25408,10
13.0881595612,80.2814178467,25408,25418,10
13.0884895325,80.28150177,25418,25428,10
13.08852005,80.2819366455,25428,25439,11
13.0884199142,80.2824172974,25439,25449,10
13.0883903503,80.2828598022,25449,25459,10
13.0883703232,80.2831115723,25459,25469,10
13.0883598328,80.2834701538,25469,25479,10
13.0884103775,80.2840194702,25479,25489,10
13.0884504318,80.2847595215,25489,25505,16
13.08852005,80.2858810425,25505,25517,12
13.08852005,80.2865371704,25517,25527,10
13.0885601044,80.2869491577,25527,25537,10
13.0886201859,80.287437439,25537,25548,11
13.0886602402,80.2876663208,25548,25559,11
13.0887002945,80.2882385254,25559,25569,10
13.0887298584,80.2886123657,25569,25579,10
13.0888004303,80.2892608643,25579,25599,20
13.0888004303,80.2892608643,25599,25609,10
13.0888204575,80.2893981934,25609,25619,10
13.0888299942,80.2899169922,25619,25629,10
13.0887403488,80.2904281616,25629,25639,10
13.0882797241,80.2901992798,25639,25649,10
13.0876598358,80.2899169922,25649,25659,10
13.0870103836,80.289642334,25659,25670,11
13.0859498978,80.2893371582,25670,25680,10
13.0850400925,80.2891387939,25680,25690,10
13.0840501785,80.2891464233,25690,25700,10
13.0831604004,80.2891921997,25700,25710,10
13.0823698044,80.2888870239,25710,25720,10
13.0815696716,80.2885971069,25720,25730,10
13.0808200836,80.2883911133,25730,25740,10
13.080160141,80.288192749,25740,25750,10
13.080039978,80.2881622314,25750,25760,10
13.0796604156,80.2881011963,25760,25770,10
13.0789699554,80.2878494263,25770,25781,11
13.0779895782,80.2874984741,25781,25791,10
13.0770998001,80.287322998,25791,25801,10
13.0761804581,80.2870788574,25801,25811,10
13.075460434,80.2867965698,25811,25821,10
13.0749197006,80.2865066528,25821,25831,10
13.0740995407,80.2861328125,25831,25851,20
13.0740995407,80.2861328125,25851,25861,10
13.0737895966,80.2860717773,25861,25871,10
13.0731697083,80.2858581543,25871,25881,10
13.0723800659,80.2854232788,25881,25892,11
13.0712499619,80.2851104736,25892,25902,10
13.070110321,80.2848205566,25902,25912,10
13.0690002441,80.2845611572,25912,25922,10
13.0679302216,80.2843322754,25922,25932,10
13.0668001175,80.2841110229,25932,25942,10
13.0656499863,80.2838363647,25942,25952,10
13.0646696091,80.2836303711,25952,25962,10
13.0642204285,80.2835235596,25962,25972,10
13.0640096664,80.2834701538,25972,25982,10
13.0633802414,80.2833099365,25982,25992,10
13.062620163,80.2831268311,25992,26003,11
13.0625,80.2830963135,26003,26013,10
13.0624704361,80.2830810547,26013,26023,10
13.0621004105,80.282989502,26023,26033,10
13.0613899231,80.2828292847,26033,26043,10
13.0604496002,80.2826309204,26043,26053,10
13.0593395233,80.282409668,26053,26063,10
13.0581998825,80.2821807861,26063,26073,10
13.057390213,80.2820129395,26073,26083,10
13.0567502975,80.2818908691,26083,26093,10
13.0566997528,80.2818832397,26093,26103,10
13.0564899445,80.2818374634,26103,26114,11
13.0558004379,80.2817001343,26114,26124,10
13.0549201965,80.2815170288,26124,26134,10
13.0538797379,80.2813110352,26134,26144,10
13.0527696609,80.2811431885,26144,26154,10
13.0516796112,80.2809829712,26154,26164,10
13.0506896973,80.2808303833,26164,26174,10
13.0502500534,80.2807693481,26174,26184,10
13.0501499176,80.28074646,26184,26194,10
13.0496397018,80.2806777954,26194,26204,10
13.0488004684,80.2805480957,26204,26214,10
13.0477800369,80.2804031372,26214,26225,11
13.0467395782,80.2802505493,26225,26235,10
13.0458803177,80.2801513672,26235,26245,10
13.0456800461,80.2801208496,26245,26255,10
13.0454301834,80.280090332,26255,26265,10
13.0447902679,80.2799987793,26265,26275,10
13.0440502167,80.2798919678,26275,26285,10
13.0437002182,80.279838562,26285,26295,10
13.0436897278,80.279838562,26295,26305,10
13.0436201096,80.2798233032,26305,26315,10
13.0431203842,80.2797088623,26315,26325,10
13.0420999527,80.2794799805,26325,26336,11
13.0407800674,80.2792434692,26336,26346,10
13.0397500992,80.2789993286,26346,26356,10
13.039150238,80.2788619995,26356,26366,10
13.0391302109,80.2788391113,26366,26376,10
13.0389204025,80.2787628174,26376,26386,10
13.038310051,80.2785568237,26386,26396,10
13.0374898911,80.2783126831,26396,26406,10
13.0366897583,80.2780227661,26406,26416,10
13.0357398987,80.2777709961,26416,26426,10
13.0347499847,80.2776184082,26426,26442,16
13.033539772,80.27734375,26442,26455,13
13.0328598022,80.2774429321,26455,26465,10
13.0320196152,80.277557373,26465,26475,10
13.0311603546,80.2773590088,26475,26485,10
13.0309400558,80.2772521973,26485,26495,10
13.03083992,80.2772064209,26495,26505,10
13.0304498672,80.2769927979,26505,26515,10
13.0296802521,80.2767105103,26515,26525,10
13.0287799835,80.2764129639,26525,26535,10
13.0278396606,80.2760391235,26535,26545,10
13.0270500183,80.2757263184,26545,26555,10
13.0260801315,80.2752838135,26555,26565,10
13.025970459,80.2752227783,26565,26576,11
13.0257997513,80.2751312256,26576,26586,10
13.0254802704,80.2749786377,26586,26596,10
13.0248203278,80.2746810913,26596,26606,10
13.0241298676,80.2740478516,26606,26635,29
13.0241298676,80.2740478516,26635,26646,11
13.0238199234,80.2736816406,26646,26656,10
13.0233297348,80.2730102539,26656,26666,10
13.0226898193,80.2721405029,26666,26677,11
13.0218801498,80.2711105347,26677,26687,10
13.0209598541,80.2699813843,26687,26707,20
13.0209598541,80.2699813843,26707,26717,10
13.0207004547,80.2696609497,26717,26727,10
13.020190239,80.268989563,26727,26737,10
13.0195503235,80.2682037354,26737,26747,10
13.0188798904,80.2673568726,26747,26757,10
13.0186300278,80.2664337158,26757,26767,10
13.0186500549,80.2657623291,26767,26777,10
13.0188503265,80.2649612427,26777,26788,11
13.0190200806,80.2638473511,26788,26798,10
13.0189599991,80.2634124756,26798,26808,10
13.0189304352,80.2630691528,26808,26818,10
13.018910408,80.2629165649,26818,26828,10
13.0188598633,80.2623519897,26828,26838,10
13.0187597275,80.2615737915,26838,26848,10
13.0182800293,80.2610015869,26848,26858,10
13.0174598694,80.2604675293,26858,26868,10
13.0166301727,80.2599487305,26868,26878,10
13.0161104202,80.2596893311,26878,26888,10
13.0159397125,80.2596206665,26888,26899,11
13.0153102875,80.2593994141,26899,26909,10
13.0144100189,80.2593078613,26909,26919,10
13.0133695602,80.259262085,26919,26929,10
13.0122299194,80.2592163086,26929,26939,10
13.0111999512,80.2591781616,26939,26949,10
13.0102701187,80.2592315674,26949,26959,10
13.0094995499,80.2592086792,26959,26969,10
13.0090503693,80.2591781616,26969,26979,10
13.0087995529,80.2592086792,26979,26989,10
13.0084600449,80.2592163086,26989,26999,10
13.0076999664,80.2594223022,26999,27010,11
13.0072603226,80.2600479126,27010,27011,1
13.0072498322,80.2601089478,27011,27012,1
13.0072498322,80.2601699829,27012,27058,46
13.008020401,80.263343811,27058,27068,10
13.0081195831,80.2640762329,27068,27078,10
13.0080404282,80.2649230957,27078,27088,10
13.0078496933,80.265838623,27088,27098,10
13.0076599121,80.2666015625,27098,27108,10
13.0074396133,80.2674026489,27108,27118,10
13.0072202682,80.2684936523,27118,27129,11
13.0069799423,80.269821167,27129,27139,10
13.0063400269,80.2704772949,27139,27149,10
13.0055103302,80.2700271606,27149,27159,10
13.0047397614,80.2695617676,27159,27169,10
13.0039701462,80.2690582275,27169,27179,10
13.0032997131,80.268737793,27179,27189,10
13.0029602051,80.2685089111,27189,27198,9
13.0024900436,80.2682113647,27198,27209,11
13.0015697479,80.2676391602,27209,27219,10
13.0010299683,80.2673187256,27219,27230,11
13.0009403229,80.2672424316,27230,27240,10
13.0005397797,80.2669906616,27240,27250,10
12.9996795654,80.2670516968,27250,27260,10
12.9987401962,80.2673034668,27260,27270,10
12.9977903366,80.2676010132,27270,27280,10
12.9967803955,80.2678070068,27280,27290,10
12.995880127,80.2677536011,27290,27300,10
12.9956998825,80.2673873901,27300,27320,20
12.9956998825,80.2673873901,27320,27330,10
12.9957103729,80.2672195435,27330,27341,11
12.9957799911,80.2666931152,27341,27351,10
12.9958696365,80.2658309937,27351,27361,10
12.9959802628,80.2648773193,27361,27371,10
12.9960899353,80.2639007568,27371,27381,10
12.9961996078,80.2630081177,27381,27391,10
12.9962301254,80.2625198364,27391,27401,10
12.9962396622,80.2624969482,27401,27411,10
12.9962997437,80.2622375488,27411,27421,10
12.9963302612,80.2618331909,27421,27431,10
12.9963798523,80.2613601685,27431,27441,10
12.9964599609,80.2605361938,27441,27452,11
12.9965600967,80.2595596313,27452,27462,10
12.9966001511,80.2593002319,27462,27472,10
12.9966497421,80.2588729858,27472,27482,10
12.9967403412,80.2580108643,27482,27492,10
12.9968299866,80.2569732666,27492,27502,10
12.9968996048,80.2559204102,27502,27573,71
12.9968996048,80.2559204102,27573,27583,10
12.9969100952,80.2556304932,27583,27599,16
12.9968099594,80.2546463013,27599,27611,12
12.9960899353,80.2537612915,27611,27621,10
12.9953403473,80.2530288696,27621,27631,10
12.9949598312,80.2524032593,27631,27641,10
12.994600296,80.2524719238,27641,27651,10
12.9939804077,80.2527008057,27651,27661,10
12.9932003021,80.2528991699,27661,27670,9
12.9924001694,80.2529373169,27670,27682,12
12.9913902283,80.2533798218,27682,27691,9
12.9909296036,80.2540969849,27691,27702,11
12.990819931,80.255821228,27702,27724,22
12.990819931,80.255821228,27724,27734,10
12.9905195236,80.2560272217,27734,27745,11
12.9898300171,80.2560195923,27745,27755,10
12.9885797501,80.2559814453,27755,27775,20
12.9885797501,80.2559814453,27775,27785,10
12.9882802963,80.2559509277,27785,27796,11
12.987859726,80.2559204102,27796,27806,10
12.9876298904,80.2563323975,27806,27816,10
12.9876098633,80.2571411133,27816,27826,10
12.9875097275,80.2579879761,27826,27836,10
12.9874601364,80.2584915161,27836,27846,10
12.9874095917,80.2589111328,27846,27866,20
12.9874095917,80.2589111328,27866,27876,10
12.9873504639,80.2592086792,27876,27896,20
12.9873504639,80.2592086792,27896,27907,11
12.9873104095,80.2594223022,27907,27927,20
12.987279892,80.2595291138,27927,28058,131
12.9869804382,80.2593307495,28058,29228,1170
12.9869804382,80.2593307495,29228,29238,10
12.9871702194,80.2591400146,29238,29249,11
12.9873199463,80.2590789795,29249,29259,10
12.9874000549,80.2588272095,29259,29269,10
12.9874401093,80.2583312988,29269,29279,10
12.987449646,80.2579803467,29279,29289,10
12.9875001907,80.257270813,29289,29299,10
12.9875497818,80.2565231323,29299,29309,10
12.9875602722,80.2561264038,29309,29319,10
12.9876003265,80.2557907104,29319,29329,10
12.9879798889,80.2557525635,29329,29339,10
12.988409996,80.2557983398,29339,29349,10
12.9884195328,80.2557983398,29349,29360,11
12.9886302948,80.255859375,29360,29370,10
12.9890604019,80.255897522,29370,29380,10
12.9896297455,80.2559585571,29380,29390,10
12.990240097,80.2559890747,29390,29400,10
12.9907102585,80.2557296753,29400,29410,10
12.99077034,80.2550201416,29410,29420,10
12.9908704758,80.2541427612,29420,29430,10
12.9912500381,80.25340271,29430,29440,10
12.9919395447,80.2530212402,29440,29450,10
12.9926595688,80.2529678345,29450,29467,17
12.9933595657,80.2528381348,29467,29479,12
12.9940299988,80.2526016235,29479,29489,10
12.9945602417,80.2524795532,29489,29499,10
12.9949798584,80.2524490356,29499,29509,10
12.9951295853,80.2529067993,29509,29519,10
12.9952001572,80.2529983521,29519,29529,10
12.9955396652,80.2533569336,29529,29539,10
12.9961395264,80.2539291382,29539,29549,10
12.9967498779,80.2546463013,29549,29560,11
12.996919632,80.2555618286,29560,29569,9
12.9969396591,80.2558288574,29569,29611,42
12.9969396591,80.2558288574,29611,29621,10
12.9968795776,80.2562103271,29621,29631,10
12.9968299866,80.2566604614,29631,29641,10
12.9968004227,80.257019043,29641,29651,10
12.9968004227,80.2571105957,29651,29661,10
12.9967603683,80.2575836182,29661,29671,10
12.9966802597,80.2583618164,29671,29681,10
12.9965896606,80.2592086792,29681,29691,10
12.9965200424,80.2601013184,29691,29702,11
12.9964199066,80.2610397339,29702,29712,10
12.9963598251,80.2616729736,29712,29722,10
12.9963302612,80.2620773315,29722,29732,10
12.9963197708,80.2621536255,29732,29742,10
12.9962701797,80.2623519897,29742,29752,10
12.9962396622,80.2624435425,29752,29762,10
12.9961795807,80.2627716064,29762,29772,10
12.9961500168,80.2632827759,29772,29782,10
12.9960803986,80.2640304565,29782,29792,10
12.9959802628,80.2648773193,29792,29802,10
12.995880127,80.2658004761,29802,29812,10
12.9957504272,80.2667694092,29812,29823,11
12.9956998825,80.2675018311,29823,29833,10
12.9962701797,80.2677230835,29833,29861,28
12.9962701797,80.2677230835,29861,29871,10
12.9966497421,80.2678222656,29871,29881,10
12.9973802567,80.2676773071,29881,29891,10
12.9981298447,80.2674484253,29891,29901,10
12.9989404678,80.2672195435,29901,29911,10
12.9998703003,80.2669219971,29911,29921,10
13.0010004044,80.2672805786,29921,29942,21
13.0010004044,80.2672805786,29942,29952,10
13.0012397766,80.2674179077,29952,29962,10
13.0018796921,80.2677993774,29962,29972,10
13.0026702881,80.2682723999,29972,29982,10
13.0032100677,80.2686004639,29982,29992,10
13.0034303665,80.268737793,29992,30002,10
13.0034503937,80.2687835693,30002,30012,10
13.0037603378,80.268989563,30012,30022,10
13.0043497086,80.2693405151,30022,30031,9
13.0050802231,80.26978302,30031,30043,12
13.0061101913,80.2703704834,30043,30053,10
13.0067796707,80.2701416016,30053,30063,10
13.0070295334,80.26927948,30063,30073,10
13.0071802139,80.2682723999,30073,30083,10
13.0073604584,80.267250061,30083,30093,10
13.0076303482,80.2663879395,30093,30103,10
13.0077600479,80.2660217285,30103,30113,10
13.007900238,80.2654495239,30113,30123,10
13.0080003738,80.2646484375,30123,30133,10
13.0079402924,80.2638702393,30133,30143,10
13.0077695847,80.2629470825,30143,30154,11
13.0076799393,80.2624588013,30154,30164,10
13.007519722,80.2617416382,30164,30174,10
13.0074396133,80.2613983154,30174,30184,10
13.0074195862,80.2612380981,30184,30194,10
13.0073204041,80.2608108521,30194,30204,10
13.0072402954,80.2600402832,30204,30214,10
13.0073795319,80.259437561,30214,30224,10
13.0073699951,80.2588272095,30224,30234,10
13.0078601837,80.2587814331,30234,30244,10
13.0085201263,80.2590103149,30244,30254,10
13.008600235,80.2590637207,30254,30265,11
13.009059906,80.2591171265,30265,30275,10
13.0099096298,80.2591171265,30275,30285,10
13.0109901428,80.2591094971,30285,30295,10
13.012140274,80.2591171265,30295,30305,10
13.0133695602,80.259147644,30305,30315,10
13.014550209,80.2592086792,30315,30325,10
13.0156698227,80.2593231201,30325,30335,10
13.0163803101,80.2596588135,30335,30345,10
13.0164699554,80.2597427368,30345,30355,10
13.016500473,80.2597808838,30355,30365,10
13.0168399811,80.2600479126,30365,30376,11
13.0176000595,80.2605819702,30376,30386,10
13.0183897018,80.2611083984,30386,30396,10
13.019080162,80.2616577148,30396,30406,10
13.0196304321,80.2621765137,30406,30416,10
13.0202798843,80.2627792358,30416,30426,10
13.0200195313,80.2630004883,30426,30436,10
13.0193901062,80.2629699707,30436,30446,10
13.0191001892,80.2631607056,30446,30456,10
13.0191602707,80.2637481689,30456,30472,16
13.0191698074,80.2641525269,30472,30484,12
13.0190496445,80.2647171021,30484,30495,11
13.0188302994,80.2654037476,30495,30505,10
13.018699646,80.2661972046,30505,30514,9
13.0188903809,80.2671890259,30514,30525,11
13.0196504593,80.2682266235,30525,30535,10
13.0202903748,80.2690124512,30535,30545,10
13.0209302902,80.2698287964,30545,30554,9
13.0214595795,80.2704391479,30554,30565,11
13.0215501785,80.2705535889,30565,30575,10
13.0218200684,80.2708969116,30575,30585,10
13.0223398209,80.2715835571,30585,30595,10
13.0230197906,80.2724761963,30595,30606,11
13.023730278,80.2734832764,30606,30624,18
13.023730278,80.2734832764,30624,30635,11
13.024020195,80.2738494873,30635,30647,12
13.0245304108,80.2745132446,30647,30655,8
13.0253601074,80.2749099731,30655,30677,22
13.0253601074,80.2749099731,30677,30687,10
13.0256004333,80.2750320435,30687,30697,10
13.0262002945,80.2752990723,30697,30707,10
13.0269403458,80.2756271362,30707,30717,10
13.0277395248,80.2760162354,30717,30728,11
13.0286197662,80.2763977051,30728,30738,10
13.0299100876,80.2767715454,30738,30758,20
13.0299100876,80.2767715454,30758,30768,10
13.0299701691,80.2768325806,30768,30778,10
13.0303897858,80.2770004272,30778,30788,10
13.0310697556,80.2773895264,30788,30798,10
13.0318698883,80.2776031494,30798,30808,10
13.0326004028,80.2775115967,30808,30818,10
13.0327196121,80.2775115967,30818,30829,11
13.0329399109,80.2774810791,30829,30839,10
13.0334100723,80.2773895264,30839,30849,10
13.0341501236,80.2774963379,30849,30859,10
13.0350999832,80.2776794434,30859,30869,10
13.0360097885,80.2778396606,30869,30879,10
13.0366897583,80.2780380249,30879,30889,10
13.0374403,80.2783279419,30889,30899,10
13.0382995605,80.2785263062,30899,30909,10
13.0389499664,80.2787094116,30909,30919,10
13.0392599106,80.2788314819,30919,30929,10
13.039899826,80.279006958,30929,30940,11
13.0409603119,80.2792892456,30940,30950,10
13.0420503616,80.2794570923,30950,30960,10
13.0429897308,80.2795715332,30960,30970,10
13.0438404083,80.2797698975,30970,30980,10
13.0447397232,80.2799377441,30980,30990,10
13.0456199646,80.2800598145,30990,31000,10
13.0458803177,80.2800979614,31000,31010,10
13.0463399887,80.2801589966,31010,31020,10
13.0471897125,80.2802810669,31020,31030,10
13.0482196808,80.280418396,31030,31040,10
13.0492401123,80.2805709839,31040,31051,11
13.050330162,80.2807312012,31051,31061,10
13.051320076,80.2808837891,31061,31071,10
13.0523500443,80.2810516357,31071,31081,10
13.0532598495,80.2811965942,31081,31091,10
13.0543003082,80.2813720703,31091,31101,10
13.0553197861,80.2815628052,31101,31111,10
13.0560503006,80.2817001343,31111,31121,10
13.0563402176,80.2817611694,31121,31131,10
13.056520462,80.281791687,31131,31141,10
13.056599617,80.2818069458,31141,31151,10
13.0570402145,80.2818984985,31151,31162,11
13.0573997498,80.2819671631,31162,31182,20
13.0573997498,80.2819671631,31182,31192,10
13.0577497482,80.2820510864,31192,31202,10
13.0585002899,80.2822113037,31202,31212,10
13.0595197678,80.2824020386,31212,31222,10
13.0604200363,80.2825927734,31222,31232,10
13.0617599487,80.2828826904,31232,31242,10
13.0627498627,80.2830886841,31242,31252,10
13.0632600784,80.2831878662,31252,31262,10
13.0638799667,80.2833709717,31262,31272,10
13.0647201538,80.2835464478,31272,31283,11
13.0658798218,80.2838134766,31283,31293,10
13.0670204163,80.2840576172,31293,31303,10
13.0680398941,80.2842483521,31303,31312,9
13.0689296722,80.2844467163,31312,31323,11
13.0699195862,80.2846984863,31323,31333,10
13.0708904266,80.2848968506,31333,31343,10
13.0718803406,80.2851409912,31343,31353,10
13.0729103088,80.2852630615,31353,31363,10
13.0737895966,80.28540802,31363,31373,10
13.0747203827,80.2862701416,31373,31404,31
13.0747203827,80.2862701416,31404,31414,10
13.0748596191,80.2863693237,31414,31424,10
13.0753803253,80.2867279053,31424,31434,10
13.0762796402,80.287071228,31434,31444,10
13.0773696899,80.287361145,31444,31454,10
13.0784101486,80.2875976563,31454,31464,10
13.0793399811,80.2879562378,31464,31474,10
13.0798501968,80.2880706787,31474,31484,10
13.0802097321,80.2881469727,31484,31494,10
13.0808000565,80.2882614136,31494,31505,11
13.080909729,80.2882995605,31505,31515,10
13.0809497833,80.2883224487,31515,31525,10
13.0813798904,80.2884902954,31525,31535,10
13.082159996,80.2887802124,31535,31545,10
13.0831003189,80.2891693115,31545,31555,10
13.0840797424,80.2891769409,31555,31565,10
13.0851697922,80.2891387939,31565,31575,10
13.0863103867,80.2893981934,31575,31585,10
13.0873804092,80.2897186279,31585,31595,10
13.0882701874,80.2900924683,31595,31605,10
13.0887804031,80.2901611328,31605,31616,11
13.0887899399,80.2901611328,31616,31626,10
13.0888299942,80.2902679443,31626,31636,10
13.0885295868,80.2903518677,31636,31646,10
13.0879201889,80.2900695801,31646,31656,10
13.0871801376,80.2898025513,31656,31666,10
13.0862503052,80.2895431519,31666,31676,10
13.0855998993,80.2891235352,31676,31686,10
13.0851898193,80.2882614136,31686,31696,10
13.0851602554,80.2871322632,31696,31706,10
13.0852499008,80.2860870361,31706,31716,10
13.0853300095,80.2851715088,31716,31727,11
13.0853004456,80.284362793,31727,31737,10
13.0853996277,80.2838287354,31737,31747,10
13.0854997635,80.2835922241,31747,31757,10
13.0858001709,80.2835388184,31757,31767,10
13.0862598419,80.2835464478,31767,31777,10
13.0867795944,80.2839431763,31777,31878,101
13.086979866,80.2837982178,31878,32292,414
13.086979866,80.2837982178,32292,32302,10
13.0870199203,80.2838363647,32302,32312,10
13.0872001648,80.2838592529,32312,32322,10
13.087439537,80.2838821411,32322,32332,10
13.0877103806,80.2838897705,32332,32342,10
13.0878095627,80.2838897705,32342,32352,10
13.0879602432,80.2838973999,32352,32362,10
13.0881099701,80.2838897705,32362,32372,10
13.0881595612,80.2837295532,32372,32382,10
13.0882797241,80.2835388184,32382,32392,10
13.0883197784,80.2831878662,32392,32403,11
13.0883197784,80.2826309204,32403,32413,10
13.088259697,80.282081604,32413,32423,10
13.0880899429,80.28150177,32423,32433,10
13.0883903503,80.2814483643,32433,32443,10
13.088549614,80.281829834,32443,32453,10
13.0884304047,80.282409668,32453,32463,10
13.0883302689,80.2830963135,32463,32473,10
13.0883598328,80.2835388184,32473,32483,10
13.0883798599,80.2840118408,32483,32493,10
13.0884199142,80.2846984863,32493,32503,10
13.0884504318,80.2852401733,32503,32514,11
13.0884799957,80.2857513428,32514,32524,10
13.0885095596,80.2862014771,32524,32534,10
13.0885095596,80.2865371704,32534,32544,10
13.0885295868,80.2870178223,32544,32554,10
13.0885801315,80.2874679565,32554,32564,10
13.0886096954,80.2876663208,32564,32574,10
13.0886497498,80.2880630493,32574,32584,10
13.0887002945,80.28855896,32584,32594,10
13.0887203217,80.288848877,32594,32604,10
13.088760376,80.2894210815,32604,32614,10
13.0887498856,80.2894821167,32614,32623,9
13.0887403488,80.2898406982,32623,32635,12
13.0887298584,80.2904205322,32635,32645,10
13.0884103775,80.2903594971,32645,32655,10
13.0877895355,80.2900085449,32655,32665,10
13.0870304108,80.2896575928,32665,32675,10
13.0860204697,80.2893676758,32675,32685,10
13.085100174,80.2891921997,32685,32695,10
13.0839595795,80.2891464233,32695,32705,10
13.0830497742,80.2891693115,32705,32715,10
13.0820198059,80.288772583,32715,32725,10
13.081199646,80.2884597778,32725,32735,10
13.0806398392,80.2883071899,32735,32746,11
13.080280304,80.2882080078,32746,32756,10
13.079990387,80.2881622314,32756,32766,10
13.0796499252,80.2881393433,32766,32776,10
13.0790500641,80.2879180908,32776,32786,10
13.0783004761,80.2876205444,32786,32796,10
13.0775499344,80.2874526978,32796,32806,10
13.0766801834,80.2872161865,32806,32816,10
13.0758104324,80.2869796753,32816,32826,10
13.0752801895,80.2867507935,32826,32836,10
13.0747003555,80.2863616943,32836,32846,10
13.0741701126,80.2861328125,32846,32857,11
13.074139595,80.2861175537,32857,32867,10
13.0741100311,80.2861175537,32867,32877,10
13.0737199783,80.2860412598,32877,32887,10
13.0730104446,80.2857589722,32887,32897,10
13.0721302032,80.2853469849,32897,32907,10
13.0710096359,80.2850418091,32907,32917,10
13.0698003769,80.2847671509,32917,32927,10
13.0686597824,80.2845077515,32927,32937,10
13.0676403046,80.2843170166,32937,32947,10
13.0665798187,80.284072876,32947,32957,10
13.0654096603,80.2837982178,32957,32968,11
13.064209938,80.2835235596,32968,32978,10
13.0632295609,80.2832717896,32978,32988,10
13.0625200272,80.2830963135,32988,32998,10
13.0624704361,80.2830963135,32998,33008,10
13.0621995926,80.2830429077,33008,33018,10
13.0615301132,80.2828903198,33018,33028,10
13.0607004166,80.282699585,33028,33038,10
13.0598201752,80.2825164795,33038,33048,10
13.0587501526,80.2823028564,33048,33058,10
13.0577001572,80.2820892334,33058,33068,10
13.0568704605,80.2819213867,33068,33079,11
13.0566997528,80.2818832397,33079,33095,16
13.0558300018,80.2817077637,33095,33107,12
13.0547304153,80.2814865112,33107,33117,10
13.0537395477,80.2813034058,33117,33127,10
13.0527000427,80.2811126709,33127,33137,10
13.0517101288,80.280960083,33137,33146,9
13.0511903763,80.2808914185,33146,33157,11
13.0510396957,80.2808685303,33157,33167,10
13.0507898331,80.2808380127,33167,33177,10
13.0503396988,80.2807769775,33177,33186,9
13.0501804352,80.28074646,33186,33198,12
13.0494003296,80.280632019,33198,33208,10
13.0483798981,80.2804794312,33208,33218,10
13.0472202301,80.2803115845,33218,33228,10
13.0462598801,80.2801818848,33228,33238,10
13.0457201004,80.2801132202,33238,33268,30
13.0457201004,80.2801132202,33268,33278,10
13.0455598831,80.2800979614,33278,33288,10
13.0450000763,80.2800064087,33288,33298,10
13.0440998077,80.2798690796,33298,33309,11
13.0434904099,80.2797470093,33309,33349,40
13.0434904099,80.2797470093,33349,33359,10
13.0430898666,80.2796630859,33359,33369,10
13.0421695709,80.2794876099,33369,33379,10
13.0409698486,80.2792816162,33379,33389,10
13.0398397446,80.2790222168,33389,33399,10
13.0391302109,80.2788314819,33399,33409,10
13.039059639,80.2788162231,33409,33420,11
13.0389604568,80.2788314819,33420,33430,10
13.0385599136,80.2786636353,33430,33440,10
13.0379400253,80.2784576416,33440,33450,10
13.0374898911,80.2783203125,33450,33460,10
13.0370998383,80.2781982422,33460,33470,10
13.0366697311,80.2780227661,33470,33480,10
13.0359697342,80.2778167725,33480,33490,10
13.0350999832,80.2776489258,33490,33500,10
13.0342998505,80.2774734497,33500,33510,10
13.0338001251,80.2773513794,33510,33531,21
13.0338001251,80.2773513794,33531,33541,10
13.0333795547,80.2773513794,33541,33551,10
13.0328197479,80.2774276733,33551,33561,10
13.031999588,80.2774810791,33561,33571,10
13.0309400558,80.2772216797,33571,33591,20
13.0309400558,80.2772216797,33591,33607,16
13.0304002762,80.2768936157,33607,33619,12
13.0296201706,80.2766418457,33619,33629,10
13.0288801193,80.2763824463,33629,33639,10
13.0280504227,80.2760620117,33639,33650,11
13.0272397995,80.2756881714,33650,33660,10
13.0265903473,80.2754135132,33660,33670,10
13.026049614,80.2751998901,33670,33680,10
13.0260400772,80.2751998901,33680,33690,10
13.0258903503,80.275177002,33690,33700,10
13.0255899429,80.2750320435,33700,33709,9
13.0250902176,80.274810791,33709,33720,11
13.0242004395,80.2741317749,33720,33730,10
13.0235700607,80.2733001709,33730,33740,10
13.0228796005,80.2723693848,33740,33749,9
13.0221595764,80.2714309692,33749,33761,12
13.0213003159,80.2703170776,33761,33771,10
13.0208997726,80.2698898315,33771,33781,10
13.0208797455,80.2698669434,33781,33791,10
13.0206203461,80.2694778442,33791,33801,10
13.0200595856,80.2687835693,33801,33811,10
13.0193395615,80.2679901123,33811,33821,10
13.0187397003,80.2670822144,33821,33831,10
13.0186004639,80.2661514282,33831,33841,10
13.018699646,80.2656021118,33841,33851,10
13.0189399719,80.2647628784,33851,33861,10
13.0190401077,80.2638397217,33861,33872,11
13.0189695358,80.263381958,33872,33882,10
13.0188999176,80.2630386353,33882,33892,10
13.0188999176,80.2628936768,33892,33908,16
13.0187797546,80.2617416382,33908,33920,12
13.0183000565,80.2610321045,33920,33930,10
13.0176095963,80.2605514526,33930,33940,10
13.0168399811,80.2600631714,33940,33950,10
13.0160598755,80.2596588135,33950,33970,20
13.0160598755,80.2596588135,33970,33980,10
13.0157604218,80.2595672607,33980,33992,12
13.0149097443,80.2593536377,33992,34001,9
13.0140199661,80.2592773438,34001,34012,11
13.0128898621,80.2592315674,34012,34022,10
13.0115804672,80.2591705322,34022,34032,10
13.0105400085,80.2591934204,34032,34042,10
13.0095701218,80.2591781616,34042,34052,10
13.0088396072,80.2591171265,34052,34062,10
13.008600235,80.2590866089,34062,34072,10
13.0079298019,80.2591934204,34072,34082,10
13.007349968,80.2596588135,34082,34092,10
13.0072002411,80.2603607178,34092,34103,11
13.0073795319,80.2611083984,34103,34113,10
13.0074195862,80.2612915039,34113,34123,10
13.0074300766,80.2615585327,34123,34133,10
13.0076198578,80.261932373,34133,34143,10
13.0077695847,80.2624588013,34143,34153,10
13.0078897476,80.2628707886,34153,34163,10
13.0080604553,80.2634124756,34163,34173,10
13.0080900192,80.2641677856,34173,34183,10
13.007900238,80.2652587891,34183,34193,10
13.0076904297,80.26612854,34193,34203,10
13.0075302124,80.2668228149,34203,34214,11
13.0072803497,80.2678222656,34214,34224,10
13.0069904327,80.2688598633,34224,34234,10
13.0068101883,80.2700119019,34234,34244,10
13.0061798096,80.2704086304,34244,34254,10
13.0053701401,80.2699203491,34254,34264,10
13.0045204163,80.2693786621,34264,34274,10
13.0038299561,80.2689666748,34274,34284,10
13.003279686,80.2687225342,34284,34294,10
13.0032596588,80.2687072754,34294,34304,10
13.0030002594,80.2685165405,34304,34314,10
13.0024700165,80.2681503296,34314,34325,11
13.0017499924,80.2676773071,34325,34335,10
13.001159668,80.2673034668,34335,34345,10
13.0010700226,80.2672729492,34345,34355,10
13.0008497238,80.2671432495,34355,34365,10
13.0003595352,80.2668533325,34365,34375,10
12.9995603561,80.2669830322,34375,34385,10
12.9987001419,80.2672271729,34385,34395,10
12.998049736,80.2674179077,34395,34405,10
12.9973602295,80.2676086426,34405,34415,10
12.9964599609,80.2677307129,34415,34425,10
12.9956798553,80.2673416138,34425,34446,21
12.9956798553,80.2673416138,34446,34456,10
12.9957103729,80.2671966553,34456,34466,10
12.9957895279,80.2666625977,34466,34476,10
12.9958896637,80.2658309937,34476,34486,10
12.9960098267,80.2649230957,34486,34496,10
12.9961204529,80.263999939,34496,34506,10
12.9962100983,80.2631988525,34506,34516,10
12.9962301254,80.2627410889,34516,34526,10
12.9962596893,80.2626037598,34526,34536,10
12.9963302612,80.2623977661,34536,34547,11
12.9963598251,80.2618637085,34547,34557,10
12.9963798523,80.2614974976,34557,34567,10
12.9964599609,80.2608184814,34567,34576,9
12.9965400696,80.2601013184,34576,34587,11
12.9965600967,80.2596664429,34587,34597,10
12.9966201782,80.2590179443,34597,34607,10
12.9967403412,80.2580795288,34607,34617,10
12.9968500137,80.2570571899,34617,34627,10
12.9969501495,80.2561416626,34627,34658,31
12.9969501495,80.2561416626,34658,34668,10
12.9969797134,80.2559127808,34668,34678,10
12.9969596863,80.2555007935,34678,34688,10
12.9968795776,80.2548828125,34688,34698,10
12.9965295792,80.2542495728,34698,34708,10
12.9959201813,80.2536468506,34708,34718,10
12.995349884,80.2530975342,34718,34728,10
12.995010376,80.2525405884,34728,34738,10
12.9945697784,80.2525100708,34738,34758,20
12.9945697784,80.2525100708,34758,34769,11
12.9941797256,80.2526626587,34769,34779,10
12.9937095642,80.2528305054,34779,34789,10
12.9935102463,80.2528686523,34789,34799,10
12.9931497574,80.2529373169,34799,34809,10
12.9927597046,80.2529220581,34809,34819,10
12.9922304153,80.253036499,34819,34829,10
12.9914398193,80.2534332275,34829,34839,10
12.9910202026,80.2540283203,34839,34849,10
12.9908704758,80.2547531128,34849,34859,10
12.9907503128,80.2556228638,34859,34869,10
12.9904499054,80.2559280396,34869,34880,11
12.989689827,80.2559204102,34880,34890,10
12.9889097214,80.2558898926,34890,34900,10
12.9887104034,80.2558670044,34900,34910,10
12.9885597229,80.2558517456,34910,34920,10
12.9880895615,80.2557830811,34920,34930,10
12.987660408,80.2559280396,34930,34940,10
12.9876003265,80.2566833496,34940,34950,10
12.9875202179,80.2575531006,34950,34960,10
12.9874601364,80.2583999634,34960,34970,10
12.9874000549,80.258972168,34970,34980,10
12.9873600006,80.2592468262,34980,35001,21
12.9873600006,80.2592468262,35001,35011,10
12.9872598648,80.2596206665,35011,35031,20
12.9872598648,80.2596206665,35031,35041,10
12.9869403839,80.2595214844,35041,35051,10
12.9866800308,80.2594528198,35051,35061,10
12.9866895676,80.2590789795,35061,35142,81
12.9870100021,80.2590866089,35142,35465,323
12.9872903824,80.2591629028,35465,35586,121
12.9872903824,80.2591629028,35586,35596,10
12.9874696732,80.2589416504,35596,35606,10
12.9874696732,80.2587738037,35606,35616,10
12.9874696732,80.2584533691,35616,35626,10
12.9874801636,80.2583389282,35626,35636,10
12.9875001907,80.2579269409,35636,35646,10
12.9875497818,80.257232666,35646,35656,10
12.9876003265,80.2565765381,35656,35666,10
12.9876203537,80.256362915,35666,35677,11
12.9876298904,80.2563171387,35677,35687,10
12.9876403809,80.2559967041,35687,35697,10
12.9878101349,80.2557373047,35697,35707,10
12.9883203506,80.2558135986,35707,35737,30
12.9883203506,80.2558135986,35737,35747,10
12.9886798859,80.255859375,35747,35757,10
12.9887104034,80.255859375,35757,35767,10
12.9890604019,80.255897522,35767,35777,10
12.9897203445,80.2559585571,35777,35788,11
12.9905004501,80.2559280396,35788,35798,10
12.9907598495,80.2556533813,35798,35808,10
12.9907798767,80.254989624,35808,35818,10
12.9907798767,80.2544021606,35818,35828,10
12.9910001755,80.2538223267,35828,35838,10
12.9917697906,80.2531585693,35838,35848,10
12.9923400879,80.2529983521,35848,35858,10
12.9929103851,80.2529373169,35858,35868,10
12.9933900833,80.2528381348,35868,35878,10
12.9935998917,80.252746582,35878,35888,10
12.9937801361,80.2527084351,35888,35899,11
12.9944200516,80.2525405884,35899,35909,10
12.9949903488,80.2524185181,35909,35918,9
12.9951000214,80.2526397705,35918,35928,10
12.9951496124,80.2528762817,35928,35940,12
12.9952802658,80.2530822754,35940,35950,10
12.9957304001,80.2535324097,35950,35960,10
12.996339798,80.2540969849,35960,35970,10
12.9968004227,80.2547836304,35970,35980,10
12.996919632,80.2554702759,35980,36000,20
12.996919632,80.2554702759,36000,36011,11
12.9969596863,80.2559127808,36011,36021,10
12.9969501495,80.2559967041,36021,36031,10
12.9968700409,80.2563476563,36031,36041,10
12.9968299866,80.2568969727,36041,36061,20
12.9968299866,80.2568969727,36061,36071,10
12.9967899323,80.2572937012,36071,36081,10
12.996720314,80.2579498291,36081,36091,10
12.9966402054,80.2587432861,36091,36101,10
12.9965200424,80.259437561,36101,36111,10
12.9964895248,80.2598495483,36111,36122,11
12.9963903427,80.260559082,36122,36132,10
12.9963197708,80.2613525391,36132,36142,10
12.9962797165,80.2619094849,36142,36152,10
12.996219635,80.2623291016,36152,36162,10
12.996219635,80.2623519897,36162,36172,10
12.996219635,80.2624130249,36172,36182,10
12.9961500168,80.2626876831,36182,36192,10
12.9961204529,80.2632293701,36192,36202,10
12.9960203171,80.2640686035,36202,36212,10
12.9959402084,80.2648773193,36212,36222,10
12.9958400726,80.2657394409,36222,36233,11
12.9957103729,80.2668075562,36233,36243,10
12.9956502914,80.2675323486,36243,36253,10
12.996219635,80.2677001953,36253,36273,20
12.996219635,80.2677001953,36273,36283,10
12.9963102341,80.2678222656,36283,36293,10
12.9966802597,80.267829895,36293,36303,10
12.9973297119,80.2676620483,36303,36313,10
12.998049736,80.2674484253,36313,36323,10
12.9987897873,80.2672119141,36323,36333,10
12.9996099472,80.2669372559,36333,36343,10
13.0003404617,80.2668380737,36343,36354,11
13.0010004044,80.2672424316,36354,36364,10
13.0010404587,80.2672576904,36364,36374,10
13.0011396408,80.267326355,36374,36384,10
13.0014801025,80.2675476074,36384,36394,10
13.0020799637,80.2679367065,36394,36404,10
13.0028095245,80.2683792114,36404,36414,10
13.003370285,80.268699646,36414,36424,10
13.0038404465,80.2690200806,36424,36434,10
13.0045003891,80.2694091797,36434,36444,10
13.005279541,80.2698898315,36444,36454,10
13.0060997009,80.2703170776,36454,36465,11
13.006819725,80.2700119019,36465,36475,10
13.0070295334,80.2691497803,36475,36485,10
13.0071496964,80.2683029175,36485,36495,10
13.0073003769,80.2674636841,36495,36505,10
13.007519722,80.2666778564,36505,36515,10
13.0076198578,80.2663116455,36515,36525,10
13.0077400208,80.2658081055,36525,36535,10
13.0078802109,80.2651367188,36535,36545,10
13.0079603195,80.2644500732,36545,36555,10
13.0079298019,80.2638397217,36555,36565,10
13.0078001022,80.2631912231,36565,36576,11
13.0077104568,80.2626876831,36576,36586,10
13.0075397491,80.2620773315,36586,36595,9
13.0073795319,80.2615432739,36595,36606,11
13.0073404312,80.2613067627,36606,36616,10
13.0071802139,80.2609024048,36616,36626,10
13.0071001053,80.2604522705,36626,36636,10
13.0071496964,80.2600402832,36636,36646,10
13.0072898865,80.2594528198,36646,36656,10
13.0072803497,80.2589035034,36656,36666,10
13.0073900223,80.2587738037,36666,36676,10
13.0077295303,80.2586898804,36676,36687,11
13.0084295273,80.2589569092,36687,36697,10
13.0085697174,80.2590103149,36697,36707,10
13.0089502335,80.2591018677,36707,36717,10
13.0097503662,80.2590866089,36717,36727,10
13.0108699799,80.2591094971,36727,36737,10
13.0121097565,80.2590866089,36737,36747,10
13.0134096146,80.2591400146,36747,36757,10
13.0146799088,80.2591781616,36757,36767,10
13.0157604218,80.2593612671,36767,36777,10
13.0164804459,80.2597198486,36777,36798,21
13.0164804459,80.2597198486,36798,36808,10
13.0167398453,80.2599563599,36808,36818,10
13.0173196793,80.2603378296,36818,36828,10
13.0180196762,80.2608184814,36828,36844,16
13.0189800262,80.2615585327,36844,36856,12
13.0194101334,80.261932373,36856,36866,10
13.0197896957,80.2623062134,36866,36876,10
13.0202798843,80.262802124,36876,36886,10
13.0200500488,80.2629699707,36886,36896,10
13.0193901062,80.2629394531,36896,36906,10
13.0190296173,80.2631225586,36906,36917,11
13.0191202164,80.2637863159,36917,36927,10
13.0190496445,80.2646179199,36927,36938,11
13.0188703537,80.2653198242,36938,36948,10
13.0187196732,80.2658996582,36948,36958,10
13.0187501907,80.2667617798,36958,36968,10
13.0191297531,80.267539978,36968,36978,10
13.0197401047,80.2683410645,36978,36988,10
13.0203504562,80.2691421509,36988,36998,10
13.0208997726,80.26978302,36998,37008,10
13.0214395523,80.2704162598,37008,37018,10
13.0215797424,80.2706222534,37018,37029,11
13.0219802856,80.271156311,37029,37039,10
13.022480011,80.2718276978,37039,37049,10
13.0231304169,80.2726821899,37049,37059,10
13.0238599777,80.273651123,37059,37109,50
13.0238599777,80.273651123,37109,37125,16
13.024020195,80.2738800049,37125,37138,13
13.0240497589,80.2739181519,37138,37148,10
13.0242996216,80.2742233276,37148,37158,10
13.0248298645,80.2746887207,37158,37168,10
13.0253896713,80.2749099731,37168,37188,20
13.0253896713,80.2749099731,37188,37198,10
13.0256595612,80.275062561,37198,37207,9
13.0260696411,80.2752532959,37207,37218,11
13.0267496109,80.2755737305,37218,37228,10
13.0274496078,80.2758865356,37228,37239,11
13.0282497406,80.2762298584,37239,37250,11
13.0289897919,80.276512146,37250,37260,10
13.0299196243,80.2767562866,37260,37280,20
13.0299196243,80.2767562866,37280,37290,10
13.0302200317,80.2769088745,37290,37300,10
13.0307197571,80.2771682739,37300,37310,10
13.0313100815,80.2775268555,37310,37320,10
13.0319404602,80.277557373,37320,37330,10
13.03262043,80.2774810791,37330,37341,11
13.0327196121,80.2774810791,37341,37351,10
13.0328903198,80.2774581909,37351,37362,11
13.0331697464,80.2774124146,37362,37372,10
13.0336198807,80.2773284912,37372,37382,10
13.0342197418,80.2774734497,37382,37392,10
13.0349397659,80.277633667,37392,37402,10
13.0357103348,80.2777786255,37402,37412,10
13.0364904404,80.2779464722,37412,37422,10
13.0371303558,80.2781982422,37422,37432,10
13.037779808,80.2783813477,37432,37442,10
13.038599968,80.2786178589,37442,37452,10
13.0389204025,80.2786865234,37452,37462,10
13.0389299393,80.2787017822,37462,37472,10
13.0392198563,80.2788009644,37472,37483,11
13.0398797989,80.279006958,37483,37493,10
13.0407800674,80.2792510986,37493,37503,10
13.0418300629,80.2794265747,37503,37513,10
13.0426702499,80.2795410156,37513,37523,10
13.0432796478,80.2796096802,37523,37533,10
13.0438299179,80.2797775269,37533,37543,10
13.0444202423,80.2798995972,37543,37553,10
13.0450401306,80.2799835205,37553,37563,10
13.0454301834,80.2800292969,37563,37573,10
13.0459299088,80.2800979614,37573,37583,10
13.0465602875,80.2801818848,37583,37594,11
13.0474796295,80.2803192139,37594,37604,10
13.0482902527,80.2804336548,37604,37614,10
13.0490999222,80.2805328369,37614,37624,10
13.0493202209,80.2805633545,37624,37634,10
13.0496702194,80.2806167603,37634,37644,10
13.050620079,80.2807617188,37644,37664,20
13.050620079,80.2807617188,37664,37674,10
13.0508403778,80.2807998657,37674,37684,10
13.0514097214,80.2808837891,37684,37694,10
13.0522003174,80.2810211182,37694,37705,11
13.05327034,80.2811889648,37705,37715,10
13.054309845,80.2813720703,37715,37725,10
13.0553598404,80.2815704346,37725,37735,10
13.0562496185,80.2817382813,37735,37745,10
13.0564203262,80.2817764282,37745,37755,10
13.0565099716,80.2818069458,37755,37765,10
13.0570001602,80.2819213867,37765,37775,10
13.0577297211,80.2820587158,37775,37785,10
13.0586204529,80.2822418213,37785,37795,10
13.0596904755,80.2824707031,37795,37805,10
13.0607595444,80.2826766968,37805,37816,11
13.061920166,80.2829208374,37816,37826,10
13.0628299713,80.2831115723,37826,37836,10
13.0630903244,80.2831573486,37836,37846,10
13.0632200241,80.283203125,37846,37856,10
13.0637302399,80.2833328247,37856,37876,20
13.0637302399,80.2833328247,37876,37886,10
13.0640201569,80.2834014893,37886,37896,10
13.0646896362,80.2835388184,37896,37906,10
13.0656604767,80.2837371826,37906,37916,10
13.0667495728,80.2839813232,37916,37927,11
13.0678100586,80.2841873169,37927,37937,10
13.068810463,80.2844085693,37937,37947,10
13.0698404312,80.2846908569,37947,37957,10
13.0706701279,80.2848815918,37957,37967,10
13.0715103149,80.2850799561,37967,37977,10
13.0725097656,80.2852783203,37977,37987,10
13.0734596252,80.2853088379,37987,37997,10
13.0740299225,80.2856521606,37997,38017,20
13.0740299225,80.2856521606,38017,38027,10
13.0741500854,80.2858734131,38027,38038,11
13.0745601654,80.2862319946,38038,38048,10
13.0746898651,80.2863082886,38048,38058,10
13.0748300552,80.2863998413,38058,38068,10
13.0752296448,80.2866668701,38068,38078,10
13.0758600235,80.2869720459,38078,38088,10
13.076789856,80.2872314453,38088,38098,10
13.0776796341,80.287437439,38098,38108,10
13.0785799026,80.2876663208,38108,38118,10
13.0793895721,80.2879867554,38118,38128,10
13.0802001953,80.2881469727,38128,38138,10
13.0807695389,80.2882537842,38138,38149,11
13.0808601379,80.2882919312,38149,38159,10
13.081199646,80.2884063721,38159,38169,10
13.0818300247,80.2886581421,38169,38179,10
13.0826196671,80.2890014648,38179,38189,10
13.0835199356,80.2891769409,38189,38199,10
13.084400177,80.2891616821,38199,38209,10
13.0853996277,80.2891998291,38209,38219,10
13.0865802765,80.2894821167,38219,38229,10
13.0875701904,80.2898330688,38229,38239,10
13.0887804031,80.2901763916,38239,38290,51
13.0887804031,80.2901763916,38290,38300,10
13.0888595581,80.2902297974,38300,38310,10
13.088640213,80.290397644,38310,38320,10
13.088139534,80.2901611328,38320,38330,10
13.0873804092,80.2898712158,38330,38340,10
13.0865097046,80.2895965576,38340,38350,10
13.0857496262,80.289390564,38350,38360,10
13.0853395462,80.2887268066,38360,38370,10
13.0851202011,80.2878417969,38370,38381,11
13.0851697922,80.2867431641,38381,38391,10
13.0852603912,80.2857894897,38391,38401,10
13.0853395462,80.2848587036,38401,38411,10
13.0852804184,80.2840805054,38411,38421,10
13.085439682,80.2836380005,38421,38431,10
13.0857400894,80.2835235596,38431,38441,10
13.0861701965,80.2835235596,38441,38451,10
13.0864896774,80.2837371826,38451,38467,16
13.0869598389,80.2839508057,38467,39236,769
13.0870199203,80.2839584351,39236,39579,343
13.0870199203,80.2839584351,39579,39589,10
13.0870704651,80.2838821411,39589,39599,10
13.0872602463,80.2838973999,39599,39609,10
13.0875597,80.2839126587,39609,39630,21
13.0875597,80.2839126587,39630,39640,10
13.0877304077,80.2839431763,39640,39700,60
13.0877304077,80.2839431763,39700,39710,10
13.0878200531,80.2839736938,39710,39720,10
13.0878295898,80.2839813232,39720,39731,11
13.0881004333,80.283821106,39731,39781,50
13.0881004333,80.283821106,39781,39791,10
13.0881996155,80.2835388184,39791,39801,10
13.0882797241,80.2833709717,39801,39811,10
13.0882997513,80.2830276489,39811,39821,10
13.0882997513,80.2825775146,39821,39831,10
13.0882396698,80.2820129395,39831,39842,11
13.088060379,80.2814407349,39842,39852,10
13.0883998871,80.2814407349,39852,39862,10
13.0885000229,80.2817764282,39862,39872,10
13.0883998871,80.2823028564,39872,39882,10
13.0883302689,80.2828292847,39882,39892,10
13.0883398056,80.283416748,39892,39902,10
13.0883598328,80.2840805054,39902,39912,10
13.0883798599,80.2847366333,39912,39922,10
13.0883903503,80.2851867676,39922,39932,10
13.0884504318,80.2856216431,39932,39942,10
13.0884799957,80.2860336304,39942,39953,11
13.0884895325,80.2864074707,39953,39962,9
13.0885095596,80.2866897583,39962,39973,11
13.088549614,80.2872695923,39973,39983,10
13.0885696411,80.2875213623,39983,39993,10
13.0886096954,80.287940979,39993,40003,10
13.0886602402,80.288482666,40003,40013,10
13.0886802673,80.2887496948,40013,40023,10
13.088760376,80.2892379761,40023,40033,10
13.0887699127,80.2897109985,40033,40043,10
13.0887699127,80.2902832031,40043,40094,51
13.0887699127,80.2902832031,40094,40104,10
13.0886602402,80.2904815674,40104,40114,10
13.0882396698,80.2902679443,40114,40124,10
13.0874996185,80.2899017334,40124,40134,10
13.0866804123,80.2895889282,40134,40144,10
13.0856199265,80.2893218994,40144,40154,10
13.084569931,80.2891998291,40154,40164,10
13.0836496353,80.2892227173,40164,40174,10
13.08273983,80.2891311646,40174,40185,11
13.0817203522,80.2887268066,40185,40195,10
13.0808696747,80.2884368896,40195,40205,10
13.080160141,80.2882385254,40205,40215,10
13.0799703598,80.2882080078,40215,40225,10
13.0796403885,80.2881393433,40225,40235,10
13.0789804459,80.2879104614,40235,40245,10
13.0781402588,80.2875976563,40245,40255,10
13.0772600174,80.2874069214,40255,40265,10
13.0762996674,80.2871398926,40265,40275,10
13.0754098892,80.286819458,40275,40284,9
13.0747203827,80.2864227295,40284,40296,12
13.0740804672,80.2861633301,40296,40306,10
13.0740404129,80.2861480713,40306,40315,9
13.0736398697,80.2860565186,40315,40326,11
13.0729398727,80.2857513428,40326,40336,10
13.0719499588,80.2853164673,40336,40346,10
13.0708703995,80.2850418091,40346,40356,10
13.0697202682,80.2847595215,40356,40366,10
13.0686397552,80.2845230103,40366,40376,10
13.0676002502,80.2843322754,40376,40386,10
13.0664596558,80.2840805054,40386,40396,10
13.0653295517,80.2838287354,40396,40407,11
13.0643100739,80.2835998535,40407,40417,10
13.0635204315,80.2833786011,40417,40427,10
13.0624399185,80.2831115723,40427,40446,19
13.0624399185,80.2831115723,40446,40457,11
13.062379837,80.2830886841,40457,40467,10
13.0618600845,80.282951355,40467,40477,10
13.0610599518,80.2827835083,40477,40487,10
13.0600795746,80.2825698853,40487,40497,10
13.059009552,80.2823562622,40497,40507,10
13.05809021,80.2821807861,40507,40518,11
13.057299614,80.2820205688,40518,40528,10
13.0566997528,80.2819137573,40528,40538,10
13.0566797256,80.2818984985,40538,40548,10
13.0566196442,80.2818984985,40548,40558,10
13.0561504364,80.2817993164,40558,40568,10
13.0553197861,80.2816314697,40568,40578,10
13.0543403625,80.2814331055,40578,40588,10
13.0532598495,80.2812423706,40588,40598,10
13.052280426,80.2810821533,40598,40608,10
13.0514698029,80.2809524536,40608,40618,10
13.0509195328,80.2808990479,40618,40629,11
13.0502901077,80.2808074951,40629,40639,10
13.0502595901,80.2807998657,40639,40649,10
13.0499200821,80.2807388306,40649,40659,10
13.049249649,80.2806396484,40659,40669,10
13.0483598709,80.2805175781,40669,40679,10
13.0473899841,80.280380249,40679,40689,10
13.0464801788,80.2802429199,40689,40699,10
13.0457401276,80.2801589966,40699,40709,10
13.0455999374,80.2801513672,40709,40719,10
13.0451602936,80.280090332,40719,40729,10
13.0444602966,80.2799911499,40729,40740,11
13.0438098907,80.2798919678,40740,40760,20
13.0438098907,80.2798919678,40760,40770,10
13.043390274,80.2798233032,40770,40780,10
13.0426502228,80.2796478271,40780,40790,10
13.0416402817,80.2794799805,40790,40800,10
13.040599823,80.279258728,40800,40811,11
13.0396795273,80.2790374756,40811,40821,10
13.0391302109,80.2788925171,40821,40831,10
13.0390701294,80.2788772583,40831,40841,10
13.0389499664,80.2788391113,40841,40851,10
13.0388402939,80.2787780762,40851,40862,11
13.0384197235,80.2786407471,40862,40872,10
13.0377502441,80.278427124,40872,40882,10
13.0374498367,80.2783203125,40882,40892,10
13.0372600555,80.2782821655,40892,40902,10
13.0367002487,80.2780838013,40902,40912,10
13.035949707,80.2778396606,40912,40922,10
13.0351495743,80.2776870728,40922,40932,10
13.0344495773,80.2775497437,40932,40942,10
13.0342597961,80.2775115967,40942,40952,10
13.0341796875,80.2775115967,40952,40962,10
13.0338497162,80.2773971558,40962,40973,11
13.0332603455,80.2774429321,40973,40983,10
13.0328197479,80.2774581909,40983,40993,10
13.0323600769,80.2774581909,40993,41003,10
13.0316400528,80.2775421143,41003,41013,10
13.0310201645,80.2772903442,41013,41023,10
13.0309000015,80.2772369385,41023,41033,10
13.03083992,80.2772216797,41033,41043,10
13.0304803848,80.2769927979,41043,41053,10
13.02987957,80.2767410278,41053,41063,10
13.0291700363,80.2765808105,41063,41073,10
13.0284700394,80.2763366699,41073,41084,11
13.0276403427,80.2759933472,41084,41094,10
13.0270004272,80.275718689,41094,41104,10
13.0263595581,80.2754211426,41104,41114,10
13.0259599686,80.2752075195,41114,41124,10
13.0259504318,80.2752075195,41124,41134,10
13.025759697,80.2751083374,41134,41144,10
13.0252895355,80.2749176025,41144,41154,10
13.0245599747,80.2745513916,41154,41164,10
13.0241098404,80.2741394043,41164,41205,41
13.0241098404,80.2741394043,41205,41215,10
13.0239400864,80.2738418579,41215,41225,10
13.0235795975,80.2733688354,41225,41235,10
13.0230703354,80.2726974487,41235,41245,10
13.0224895477,80.2719192505,41245,41255,10
13.0218696594,80.2711334229,41255,41265,10
13.0212697983,80.2703781128,41265,41274,9
13.0208902359,80.2699127197,41274,41284,10
13.0208702087,80.2698822021,41284,41295,11
13.0206604004,80.2694778442,41295,41305,10
13.0201196671,80.2688980103,41305,41315,10
13.0195398331,80.2681884766,41315,41326,11
13.0188503265,80.267326355,41326,41336,10
13.0186395645,80.2663803101,41336,41346,10
13.0186595917,80.2657928467,41346,41356,10
13.0188598633,80.2650375366,41356,41366,10
13.019080162,80.2641067505,41366,41376,10
13.0190200806,80.263458252,41376,41386,10
13.0189504623,80.2630233765,41386,41396,10
13.0189399719,80.2629776001,41396,41406,10
13.018910408,80.2627487183,41406,41417,11
13.0188598633,80.2621994019,41417,41427,10
13.0188398361,80.2616729736,41427,41437,10
13.0186300278,80.2612304688,41437,41447,10
13.018119812,80.2609405518,41447,41457,10
13.0174198151,80.2604827881,41457,41467,10
13.0166597366,80.2599868774,41467,41477,10
13.016119957,80.2596893311,41477,41497,20
13.016119957,80.2596893311,41497,41507,10
13.0158195496,80.2595596313,41507,41517,10
13.0151395798,80.2593688965,41517,41527,10
13.0142402649,80.2593002319,41527,41538,11
13.0131397247,80.259262085,41538,41548,10
13.0121002197,80.2592163086,41548,41558,10
13.0111904144,80.2591934204,41558,41568,10
13.0104598999,80.2592315674,41568,41578,10
13.0095596313,80.2592391968,41578,41588,10
13.0090799332,80.2592315674,41588,41598,10
13.0089101791,80.2592163086,41598,41608,10
13.0086603165,80.2592010498,41608,41618,10
13.0080404282,80.2592010498,41618,41628,10
13.0074396133,80.2595367432,41628,41638,10
13.0072402954,80.2602005005,41638,41649,11
13.007399559,80.261138916,41649,41659,10
13.0074796677,80.2614212036,41659,41669,10
13.0074996948,80.2616729736,41669,41679,10
13.0076599121,80.2623214722,41679,41689,10
13.0077896118,80.2628707886,41689,41699,10
13.0078897476,80.2633895874,41699,41709,10
13.0080404282,80.2641830444,41709,41719,10
13.0079603195,80.2650985718,41719,41729,10
13.0077295303,80.2660369873,41729,41739,10
13.0075597763,80.2667388916,41739,41749,10
13.0073795319,80.2675704956,41749,41760,11
13.0071296692,80.2686920166,41760,41770,10
13.006939888,80.26978302,41770,41780,10
13.0063495636,80.2704620361,41780,41790,10
13.0055704117,80.270072937,41790,41800,10
13.0047302246,80.2695236206,41800,41810,10
13.0039596558,80.2690505981,41810,41820,10
13.003279686,80.2687301636,41820,41830,10
13.0032100677,80.2686920166,41830,41840,10
13.0029802322,80.2685470581,41840,41850,10
13.0024595261,80.2682189941,41850,41860,10
13.0017595291,80.2677764893,41860,41870,10
13.0010900497,80.2673492432,41870,41881,11
13.00096035,80.2672805786,41881,41891,10
13.0007095337,80.2670898438,41891,41901,10
13.0001001358,80.2668762207,41901,41911,10
12.9993696213,80.2670898438,41911,41921,10
12.9985704422,80.267288208,41921,41931,10
12.9979000092,80.2674484253,41931,41941,10
12.997469902,80.267578125,41941,41951,10
12.9968900681,80.2677536011,41951,41961,10
12.9960002899,80.2677383423,41961,41971,10
12.9957304001,80.2673568726,41971,42002,31
12.9957304001,80.2673568726,42002,42012,10
12.9957199097,80.2671203613,42012,42022,10
12.9957895279,80.2665634155,42022,42038,16
12.9959402084,80.2651901245,42038,42050,12
12.9960603714,80.2640991211,42050,42060,10
12.9961500168,80.263458252,42060,42069,9
12.9962396622,80.2625808716,42069,42100,31
12.9962396622,80.2625808716,42100,42111,11
12.9963102341,80.2621688843,42111,42120,9
12.9963302612,80.2618789673,42120,42131,11
12.9963903427,80.2611999512,42131,42142,11
12.9964799881,80.2603683472,42142,42152,10
12.9965600967,80.2597808838,42152,42162,10
12.996629715,80.2592010498,42162,42172,10
12.9967298508,80.2583770752,42172,42182,10
12.9968004227,80.2575683594,42182,42192,10
12.9968595505,80.2569198608,42192,42202,10
12.9969100952,80.2561187744,42202,42394,192
12.9969100952,80.2561187744,42394,42404,10
12.9968500137,80.2558898926,42404,42414,10
12.9968299866,80.2553787231,42414,42424,10
12.9967498779,80.2546386719,42424,42434,10
12.9962396622,80.2540664673,42434,42445,11
12.9955997467,80.2534332275,42445,42455,10
12.9950799942,80.2527770996,42455,42465,10
12.9947004318,80.2524490356,42465,42485,20
12.9947004318,80.2524490356,42485,42495,10
12.9942798615,80.2526016235,42495,42505,10
12.9938802719,80.2527313232,42505,42515,10
12.9937295914,80.2527770996,42515,42525,10
12.9931001663,80.2528991699,42525,42535,10
12.9927101135,80.2529220581,42535,42545,10
12.9923601151,80.2529678345,42545,42556,11
12.9917497635,80.2531890869,42556,42566,10
12.9912204742,80.2536315918,42566,42576,10
12.9909095764,80.2545623779,42576,42586,10
12.9908304214,80.255531311,42586,42596,10
12.9907798767,80.2558822632,42596,42606,10
12.9907598495,80.2559509277,42606,42616,10
12.9905500412,80.2560806274,42616,42626,10
12.9899196625,80.2560577393,42626,42636,10
12.9891395569,80.2560501099,42636,42646,10
12.9885597229,80.2559661865,42646,42656,10
12.9885597229,80.2559585571,42656,42667,11
12.9882802963,80.255897522,42667,42677,10
12.9878997803,80.2558517456,42677,42687,10
12.9876699448,80.2559509277,42687,42697,10
12.9876098633,80.2564620972,42697,42707,10
12.9875602722,80.2570419312,42707,42717,10
12.9875001907,80.2577362061,42717,42727,10
12.9874401093,80.2585220337,42727,42737,10
12.9873304367,80.2592391968,42737,42747,10
12.9871797562,80.2595977783,42747,42777,30
12.9871797562,80.2595977783,42777,42788,11
12.986989975,80.2597808838,42788,42798,10
12.9869699478,80.2597732544,42798,42808,10
12.9867200851,80.2596282959,42808,42818,10
12.986579895,80.259262085,42818,42899,81
12.986579895,80.259262085,42899,42909,10
12.9869098663,80.2590789795,42909,43030,121
12.9869098663,80.2590789795,43030,43040,10
12.9870700836,80.2591629028,43040,43050,10
12.9871797562,80.2591018677,43050,43060,10
12.9872999191,80.2590713501,43060,43070,10
12.9873199463,80.2590026855,43070,43080,10
12.9873504639,80.2588500977,43080,43090,10
12.9873399734,80.2587814331,43090,43100,10
12.9873600006,80.2586669922,43100,43110,10
12.9873895645,80.2583084106,43110,43121,11
12.9874601364,80.257850647,43121,43141,20
12.9874601364,80.257850647,43141,43151,10
12.9874897003,80.2577819824,43151,43161,10
12.9875001907,80.2576599121,43161,43171,10
12.9875602722,80.2571487427,43171,43181,10
12.9876003265,80.2563705444,43181,43191,10
12.9876499176,80.2558288574,43191,43201,10
12.9876804352,80.2557983398,43201,43211,10
12.9878702164,80.2557830811,43211,43242,31
12.9878702164,80.2557830811,43242,43252,10
12.9881896973,80.2558364868,43252,43272,20
12.9881896973,80.2558364868,43272,43282,10
12.9885597229,80.2558898926,43282,43292,10
12.9885997772,80.255897522,43292,43302,10
12.9889802933,80.2559280396,43302,43312,10
12.9895801544,80.2559814453,43312,43322,10
12.9901695251,80.2559967041,43322,43332,10
12.9905996323,80.2558898926,43332,43342,10
12.9907302856,80.2553482056,43342,43353,11
12.9908504486,80.2546386719,43353,43363,10
12.9910697937,80.25390625,43363,43373,10
12.9915704727,80.2532196045,43373,43383,10
12.9921503067,80.2529907227,43383,43393,10
12.9928398132,80.2528991699,43393,43402,9
12.9933900833,80.2527770996,43402,43413,11
12.9937295914,80.2526779175,43413,43423,10
12.9941501617,80.2525634766,43423,43433,10
12.9946804047,80.2524032593,43433,43443,10
12.9949903488,80.252746582,43443,43453,10
12.9951095581,80.2529373169,43453,43463,10
12.995349884,80.2532196045,43463,43474,11
12.995929718,80.2537994385,43474,43484,10
12.9963998795,80.2542266846,43484,43494,10
12.9967699051,80.2547225952,43494,43504,10
12.9968996048,80.2555007935,43504,43524,20
12.996919632,80.2556762695,43524,43564,40
12.996919632,80.2556762695,43564,43575,11
12.9968900681,80.255897522,43575,43585,10
12.9968795776,80.2561798096,43585,43595,10
12.9968595505,80.2566299438,43595,43605,10
12.9968099594,80.2570800781,43605,43615,10
12.9968204498,80.2571029663,43615,43625,10
12.9967899323,80.2574386597,43625,43635,10
12.996720314,80.2581176758,43635,43645,10
12.9966402054,80.2589035034,43645,43655,10
12.9965896606,80.2594299316,43655,43665,10
12.9965295792,80.2596969604,43665,43675,10
12.9965000153,80.2602005005,43675,43685,10
12.9964199066,80.2609634399,43685,43696,11
12.996339798,80.2617111206,43696,43706,10
12.9962797165,80.262260437,43706,43716,10
12.9962596893,80.2624206543,43716,43726,10
12.996219635,80.2624816895,43726,43736,10
12.9961700439,80.2628479004,43736,43746,10
12.9961395264,80.2634811401,43746,43756,10
12.9960403442,80.2643585205,43756,43766,10
12.9959201813,80.26537323,43766,43776,10
12.9957799911,80.2665481567,43776,43786,10
12.9956998825,80.2674636841,43786,43796,10
12.9959897995,80.2677001953,43796,43807,11
12.9961500168,80.2677536011,43807,43817,10
12.996339798,80.267791748,43817,43827,10
12.9969100952,80.2677307129,43827,43837,10
12.9975795746,80.2675018311,43837,43847,10
12.9980401993,80.2673568726,43847,43857,10
12.9985599518,80.2671966553,43857,43867,10
12.999420166,80.2669296265,43867,43877,10
13.0002603531,80.2667770386,43877,43887,10
13.0010004044,80.2672729492,43887,43907,20
13.0010004044,80.2672729492,43907,43918,11
13.0012798309,80.2674789429,43918,43928,10
13.0018196106,80.2678070068,43928,43938,10
13.0026597977,80.2683181763,43938,43948,10
13.003279686,80.2686920166,43948,43958,10
13.0033903122,80.2687835693,43958,43968,10
13.0037097931,80.2689590454,43968,43978,10
13.0042800903,80.26927948,43978,43988,10
13.0052404404,80.2699508667,43988,43998,10
13.0060997009,80.2704467773,43998,44008,10
13.0067796707,80.270072937,44008,44018,10
13.0069999695,80.2691574097,44018,44029,11
13.0070400238,80.2683563232,44029,44039,10
13.007519722,80.2668685913,44039,44049,10
13.0076799393,80.2662811279,44049,44059,10
13.0078001022,80.2658233643,44059,44069,10
13.0079298019,80.2653198242,44069,44079,10
13.0083703995,80.2643508911,44079,44089,10
13.008099556,80.2637405396,44089,44099,10
13.0079298019,80.2630386353,44099,44109,10
13.0078201294,80.2626495361,44109,44119,10
13.0077295303,80.2620925903,44119,44129,10
13.0077495575,80.2610778809,44129,44139,10
13.0074596405,80.2604370117,44139,44150,11
13.0073795319,80.2598190308,44150,44160,10
13.007399559,80.2590026855,44160,44170,10
13.0074996948,80.258682251,44170,44180,10
13.0076999664,80.2586212158,44180,44190,10
13.0083198547,80.2588729858,44190,44200,10
13.0085601807,80.2589492798,44200,44210,10
13.0087003708,80.2590026855,44210,44220,10
13.0092201233,80.2590332031,44220,44230,10
13.0101804733,80.2590332031,44230,44240,10
13.0111999512,80.2590179443,44240,44250,10
13.012339592,80.2590408325,44250,44261,11
13.0136995316,80.2591171265,44261,44271,10
13.0149402618,80.2591705322,44271,44281,10
13.0159797668,80.2593994141,44281,44291,10
13.0164403915,80.2596817017,44291,44301,10
13.0164403915,80.2596893311,44301,44311,10
13.0167999268,80.2599716187,44311,44321,10
13.0173797607,80.2603530884,44321,44331,10
13.0180597305,80.2608184814,44331,44341,10
13.0187397003,80.2613296509,44341,44351,10
13.0193004608,80.2618179321,44351,44361,10
13.019780159,80.2622909546,44361,44371,10
13.0202302933,80.2628326416,44371,44382,11
13.0198497772,80.2629318237,44382,44392,10
13.0191602707,80.2629394531,44392,44402,10
13.0190401077,80.2633132935,44402,44412,10
13.0191202164,80.2639770508,44412,44422,10
13.0189695358,80.2648468018,44422,44432,10
13.018819809,80.26537323,44432,44442,10
13.0186796188,80.2659606934,44442,44452,10
13.0187101364,80.2668075562,44452,44468,16
13.0194101334,80.2680435181,44468,44480,12
13.0200004578,80.2687835693,44480,44490,10
13.02064991,80.2695770264,44490,44500,10
13.0211801529,80.2702102661,44500,44511,11
13.0214004517,80.2704620361,44511,44519,8
13.0215396881,80.2706375122,44519,44530,11
13.0220499039,80.2713012695,44530,44541,11
13.0227603912,80.2722625732,44541,44549,8
13.0233201981,80.2730178833,44549,44560,11
13.024020195,80.2739562988,44560,44571,11
13.0244903564,80.2745437622,44571,44581,10
13.024889946,80.2747573853,44581,44589,8
13.0251998901,80.2748794556,44589,44602,13
13.0253400803,80.2749404907,44602,44612,10
13.025759697,80.2751235962,44612,44621,9
13.026260376,80.2753372192,44621,44632,11
13.0269699097,80.2756576538,44632,44641,9
13.0275602341,80.2759475708,44641,44652,11
13.0281400681,80.2761764526,44652,44662,10
13.0284500122,80.2762985229,44662,44672,10
13.0288896561,80.2764663696,44672,44682,10
13.0295000076,80.2766265869,44682,44692,10
13.0298995972,80.2767410278,44692,44702,10
13.0300197601,80.276802063,44702,44713,11
13.0305099487,80.2770385742,44713,44723,10
13.0310201645,80.2773666382,44723,44733,10
13.0317001343,80.277557373,44733,44743,10
13.0321702957,80.2775192261,44743,44753,10
13.0324001312,80.2774963379,44753,44763,10
13.0326099396,80.2774734497,44763,44773,10
13.0330495834,80.2774581909,44773,44793,20
13.0330495834,80.2774581909,44793,44803,10
13.0331602097,80.2774505615,44803,44813,10
13.0335597992,80.2773513794,44813,44823,10
13.0340099335,80.2774429321,44823,44834,11
13.0346403122,80.2775802612,44834,44844,10
13.0353603363,80.2777099609,44844,44854,10
13.0361204147,80.2778625488,44854,44864,10
13.0368795395,80.2780914307,44864,44874,10
13.0375900269,80.2783126831,44874,44884,10
13.0383300781,80.2785110474,44884,44894,10
13.0388498306,80.2786636353,44894,44903,9
13.038860321,80.2786712646,44903,44914,11
13.0391702652,80.2787780762,44914,44924,10
13.0396995544,80.2789535522,44924,44934,10
13.0405101776,80.2791671753,44934,44945,11
13.0416297913,80.2794036865,44945,44955,10
13.0427303314,80.279548645,44955,44965,10
13.0437202454,80.2797470093,44965,44975,10
13.0445899963,80.2799377441,44975,44985,10
13.0453996658,80.2800369263,44985,44995,10
13.0457000732,80.2800827026,44995,45005,10
13.0458602905,80.2800979614,45005,45015,10
13.0464401245,80.2801895142,45015,45025,10
13.047369957,80.2803192139,45025,45035,10
13.04845047,80.2804718018,45035,45045,10
13.0492200851,80.2805633545,45045,45056,11
13.0493097305,80.2805786133,45056,45066,10
13.0496196747,80.280632019,45066,45076,10
13.050620079,80.2807922363,45076,45096,20
13.050620079,80.2807922363,45096,45106,10
13.0510101318,80.2808532715,45106,45116,10
13.0517997742,80.280960083,45116,45126,10
13.0527496338,80.2811203003,45126,45136,10
13.0537700653,80.2812576294,45136,45146,10
13.0548000336,80.281463623,45146,45156,10
13.0556697845,80.2816314697,45156,45167,11
13.0564098358,80.2817764282,45167,45177,10
13.0564899445,80.2817993164,45177,45187,10
13.0569601059,80.2819137573,45187,45197,10
13.0573196411,80.2819900513,45197,45207,10
13.0573301315,80.2819900513,45207,45217,10
13.0574102402,80.2819976807,45217,45227,10
13.0578804016,80.2821121216,45227,45237,10
13.0587902069,80.2823104858,45237,45247,10
13.0598897934,80.2825164795,45247,45257,10
13.0610198975,80.2827529907,45257,45267,10
13.0621099472,80.2829818726,45267,45277,10
13.0628499985,80.2831268311,45277,45288,11
13.063079834,80.2831878662,45288,45298,10
13.0634202957,80.2832794189,45298,45308,10
13.063750267,80.2833480835,45308,45318,10
13.0640001297,80.283416748,45318,45328,10
13.0645198822,80.2835388184,45328,45338,10
13.0652999878,80.2836990356,45338,45348,10
13.0661201477,80.2838897705,45348,45358,10
13.067029953,80.2840805054,45358,45368,10
13.0679101944,80.2842636108,45368,45378,10
13.0687198639,80.2844467163,45378,45388,10
13.0696201324,80.2846603394,45388,45399,11
13.0704202652,80.284866333,45399,45409,10
13.0709400177,80.2849502563,45409,45419,10
13.0718002319,80.2851715088,45419,45429,10
13.072810173,80.2852935791,45429,45439,10
13.0736398697,80.2853775024,45439,45449,10
13.0739603043,80.2856063843,45449,45459,10
13.0739803314,80.28565979,45459,45469,10
13.074259758,80.2860031128,45469,45479,10
13.0746097565,80.286239624,45479,45489,10
13.0747003555,80.2863082886,45489,45499,10
13.0750904083,80.2865829468,45499,45510,11
13.075799942,80.2869415283,45510,45520,10
13.0767602921,80.2872085571,45520,45530,10
13.0776596069,80.287437439,45530,45540,10
13.0785398483,80.2876815796,45540,45549,9
13.0793304443,80.2880096436,45549,45561,12
13.0801095963,80.2881622314,45561,45571,10
13.0804100037,80.2882385254,45571,45581,10
13.0808000565,80.2882995605,45581,45591,10
13.0809297562,80.2883529663,45591,45601,10
13.081410408,80.2885284424,45601,45611,10
13.0822000504,80.2888183594,45611,45622,11
13.0831804276,80.2891921997,45622,45631,9
13.0839595795,80.2891769409,45631,45642,11
13.085100174,80.2891464233,45642,45652,10
13.0861797333,80.2893981934,45652,45662,10
13.0873003006,80.2897415161,45662,45672,10
13.088139534,80.2900695801,45672,45682,10
13.0887203217,80.2901611328,45682,45692,10
13.088760376,80.2901916504,45692,45702,10
13.0887403488,80.2904205322,45702,45712,10
13.088350296,80.2902984619,45712,45722,10
13.0877599716,80.2900238037,45722,45733,11
13.0868701935,80.2897415161,45733,45743,10
13.0860700607,80.2895278931,45743,45753,10
13.085559845,80.2891082764,45753,45763,10
13.0851802826,80.2883224487,45763,45773,10
13.0851202011,80.2873764038,45773,45783,10
13.0852003098,80.2863311768,45783,45793,10
13.0852899551,80.2853012085,45793,45803,10
13.0852804184,80.2844467163,45803,45813,10
13.0852203369,80.2842025757,45813,45823,10
13.0852603912,80.284072876,45823,45833,10
13.0853796005,80.2837524414,45833,45843,10
13.0854797363,80.2835388184,45843,45854,11
13.0858297348,80.2835235596,45854,45864,10
13.0861797333,80.2835388184,45864,45874,10
13.0864400864,80.2837295532,45874,45884,10
13.0866098404,80.2838516235,45884,45894,10
13.0869598389,80.2839279175,45894,45904,10
13.0876302719,80.2839508057,45904,45934,30
13.0877304077,80.2839736938,45934,46015,81
13.0881099701,80.2839508057,46015,46136,121
13.0881099701,80.2839508057,46136,46146,10
13.0882396698,80.2835388184,46146,46156,10
13.0882997513,80.2833786011,46156,46166,10
13.0882797241,80.2833023071,46166,46176,10
13.0882701874,80.2828979492,46176,46187,11
13.088259697,80.2824630737,46187,46197,10
13.0882396698,80.2822036743,46197,46207,10
13.0881299973,80.2817611694,46207,46217,10
13.087770462,80.2814025879,46217,46227,10
13.0871200562,80.2812271118,46227,46237,10
13.0865297318,80.2810592651,46237,46247,10
13.0858602524,80.2808380127,46247,46257,10
13.0856199265,80.2801818848,46257,46267,10
13.0853204727,80.279510498,46267,46277,10
13.0846204758,80.2792816162,46277,46287,10
13.0838899612,80.2791824341,46287,46296,9
13.0832004547,80.2789382935,46296,46308,12
13.082690239,80.2787399292,46308,46318,10
13.0824604034,80.2786483765,46318,46328,10
13.0821199417,80.2784881592,46328,46338,10
13.0819301605,80.2780227661,46338,46348,10
13.0818004608,80.2773513794,46348,46358,10
13.081700325,80.2766189575,46358,46368,10
13.0816202164,80.2760772705,46368,46378,10
13.0815601349,80.2757720947,46378,46388,10
13.0815095901,80.2754516602,46388,46398,10
13.0814199448,80.2752075195,46398,46408,10
13.0809202194,80.2752075195,46408,46419,11
13.0801296234,80.2752990723,46419,46429,10
13.0793600082,80.2752838135,46429,46439,10
13.0785303116,80.2752380371,46439,46449,10
13.0781202316,80.2760162354,46449,46459,10
13.0773696899,80.2762374878,46459,46469,10
13.0765199661,80.2762908936,46469,46479,10
13.0760202408,80.2763137817,46479,46489,10
13.0759000778,80.2760162354,46489,46499,10
13.0759601593,80.2757415771,46499,46509,10
13.075969696,80.2755279541,46509,46519,10
13.0759496689,80.2750320435,46519,46530,11
13.0760202408,80.2746810913,46530,46651,121
13.0760202408,80.2746810913,46651,46661,10
13.0759801865,80.2745666504,46661,46671,10
13.0758895874,80.2750015259,46671,46792,121
13.0758895874,80.2750015259,46792,46802,10
13.0758895874,80.2751235962,46802,46812,10
13.075920105,80.2753067017,46812,46822,10
13.0758800507,80.2758712769,46822,46852,30
13.0758800507,80.2758712769,46852,46862,10
13.0758600235,80.2762680054,46862,46873,11
13.0756397247,80.2763671875,46873,46883,10
13.0750999451,80.2763671875,46883,46893,10
13.0747995377,80.2763977051,46893,46903,10
13.0742998123,80.2764434814,46903,46913,10
13.0740604401,80.2767333984,46913,46923,10
13.0744199753,80.2772064209,46923,46933,10
13.0749597549,80.2777862549,46933,46943,10
13.0755395889,80.2783508301,46943,46953,10
13.076089859,80.2789230347,46953,46963,10
13.0766296387,80.279548645,46963,46973,10
13.077249527,80.2801971436,46973,46984,11
13.0778903961,80.2808990479,46984,46994,10
13.0784301758,80.2814712524,46994,47004,10
13.0788803101,80.2818984985,47004,47014,10
13.0794095993,80.2816467285,47014,47024,10
13.0798797607,80.2811889648,47024,47034,10
13.0804004669,80.2807922363,47034,47044,10
13.0811195374,80.2807769775,47044,47054,10
13.0817403793,80.2811965942,47054,47064,10
13.0820102692,80.2814178467,47064,47095,31
13.0820102692,80.2814178467,47095,47105,10
13.0820999146,80.28150177,47105,47115,10
13.082400322,80.2817382813,47115,47125,10
13.082859993,80.282043457,47125,47135,10
13.0833702087,80.2823562622,47135,47145,10
13.0838603973,80.2826690674,47145,47155,10
13.0843400955,80.282989502,47155,47165,10
13.0847702026,80.2833786011,47165,47175,10
13.085100174,80.283782959,47175,47185,10
13.0853796005,80.2837600708,47185,47195,10
13.085439682,80.2836380005,47195,47206,11
13.0856304169,80.2835617065,47206,47216,10
13.0859098434,80.2835617065,47216,47226,10
13.0862398148,80.2835693359,47226,47236,10
13.0865898132,80.2838363647,47236,47286,50
13.0865898132,80.2838363647,47286,47296,10
13.0868396759,80.2840118408,47296,47306,10
13.0871200562,80.283996582,47306,47316,10
13.0876998901,80.2839813232,47316,47549,233
13.0876998901,80.2839813232,47549,47559,10
13.0881004333,80.2840194702,47559,47569,10
13.0881795883,80.283782959,47569,47599,30
13.0881795883,80.283782959,47599,47609,10
13.0882797241,80.2832794189,47609,47619,10
13.0882701874,80.2828292847,47619,47629,10
13.0882501602,80.2823867798,47629,47639,10
13.0881595612,80.2819213867,47639,47649,10
13.0880298615,80.2814712524,47649,47659,10
13.0883302689,80.2814712524,47659,47670,11
13.0884504318,80.2817764282,47670,47680,10
13.0883703232,80.2822418213,47680,47690,10
13.0883102417,80.2826385498,47690,47700,10
13.0882797241,80.2828826904,47700,47710,10
13.088259697,80.2829971313,47710,47720,10
13.0882701874,80.2833786011,47720,47730,10
13.0882997513,80.2837677002,47730,47740,10
13.0883197784,80.2842330933,47740,47750,10
13.088350296,80.2846603394,47750,47760,10
13.0883703232,80.2847976685,47760,47770,10
13.0883703232,80.285118103,47770,47781,11
13.0884199142,80.2856369019,47781,47791,10
13.0884199142,80.2861022949,47791,47801,10
13.0883998871,80.2863769531,47801,47811,10
13.0884399414,80.286819458,47811,47821,10
13.0885000229,80.2873382568,47821,47831,10
13.0885295868,80.2875671387,47831,47841,10
13.0886001587,80.2880706787,47841,47851,10
13.0886096954,80.2884979248,47851,47861,10
13.0886497498,80.288772583,47861,47871,10
13.0887203217,80.2891921997,47871,47881,10
13.0887203217,80.2892074585,47881,47892,11
13.0887098312,80.2895812988,47892,47902,10
13.0887002945,80.2900772095,47902,47912,10
13.0886001587,80.2903900146,47912,47922,10
13.0882196426,80.2901916504,47922,47932,10
13.0876703262,80.2899398804,47932,47942,10
13.0870304108,80.289680481,47942,47952,10
13.0863399506,80.2894668579,47952,47962,10
13.0855798721,80.2892837524,47962,47972,10
13.084980011,80.2891082764,47972,47982,10
13.0841798782,80.2891616821,47982,47992,10
13.0834102631,80.2891998291,47992,48003,11
13.0825901031,80.2890090942,48003,48013,10
13.0818099976,80.2887191772,48013,48023,10
13.0809803009,80.2884216309,48023,48032,9
13.0803203583,80.2882614136,48032,48043,11
13.0799703598,80.2881774902,48043,48053,10
13.0797195435,80.2881393433,48053,48063,10
13.0790596008,80.2879180908,48063,48073,10
13.078379631,80.287651062,48073,48083,10
13.0773496628,80.2874221802,48083,48093,10
13.0764303207,80.2871780396,48093,48102,9
13.0756196976,80.2869415283,48102,48112,10
13.0749197006,80.2865524292,48112,48124,12
13.0741701126,80.2861785889,48124,48134,10
13.0740604401,80.2861633301,48134,48144,10
13.0734996796,80.2860412598,48144,48154,10
13.072810173,80.285697937,48154,48164,10
13.072019577,80.2853622437,48164,48174,10
13.0715703964,80.2852172852,48174,48184,10
13.0711297989,80.285118103,48184,48194,10
13.0704202652,80.2849273682,48194,48204,10
13.0695695877,80.2847366333,48204,48214,10
13.0686597824,80.2845306396,48214,48224,10
13.06772995,80.284362793,48224,48235,11
13.0666704178,80.2841567993,48235,48245,10
13.0657396317,80.2839431763,48245,48255,10
13.0649995804,80.2837677002,48255,48265,10
13.0644102097,80.2836380005,48265,48275,10
13.0637702942,80.2834472656,48275,48285,10
13.0630702972,80.2832794189,48285,48295,10
13.0625095367,80.2831268311,48295,48315,20
13.0625095367,80.2831268311,48315,48325,10
13.0621795654,80.2830581665,48325,48335,10
13.06153965,80.2829284668,48335,48346,11
13.0606803894,80.2827529907,48346,48356,10
13.0598802567,80.2825775146,48356,48366,10
13.0589199066,80.2823562622,48366,48376,10
13.0580301285,80.2822036743,48376,48386,10
13.057299614,80.2820510864,48386,48396,10
13.0567598343,80.2819519043,48396,48406,10
13.05671978,80.2819366455,48406,48416,10
13.0566596985,80.2819137573,48416,48426,10
13.0561704636,80.2818069458,48426,48436,10
13.0554504395,80.2816619873,48436,48446,10
13.0545902252,80.2814865112,48446,48456,10
13.0536603928,80.2813110352,48456,48473,17
13.0521202087,80.2810897827,48473,48485,12
13.0512599945,80.2809677124,48485,48495,10
13.0502796173,80.2808227539,48495,48515,20
13.0502796173,80.2808227539,48515,48523,8
13.0499000549,80.28074646,48523,48534,11
13.0491104126,80.280632019,48534,48546,12
13.0480804443,80.2804870605,48546,48556,10
13.047249794,80.2803726196,48556,48566,10
13.0464401245,80.2802581787,48566,48577,11
13.0457201004,80.2801589966,48577,48587,10
13.0456695557,80.2801513672,48587,48597,10
13.045129776,80.2800827026,48597,48607,10
13.0444002151,80.2799682617,48607,48617,10
13.0438804626,80.2798995972,48617,48627,10
13.0437498093,80.2798690796,48627,48637,10
13.0436697006,80.2798614502,48637,48647,10
13.0433998108,80.2798233032,48647,48657,10
13.0427999496,80.2796783447,48657,48667,10
13.0419301987,80.279510498,48667,48677,10
13.0409097672,80.2793426514,48677,48688,11
13.0399703979,80.2791213989,48688,48698,10
13.0390701294,80.2788772583,48698,48718,20
13.0390701294,80.2788772583,48718,48728,10
13.0388202667,80.2787628174,48728,48738,10
13.0382900238,80.2785568237,48738,48748,10
13.0375900269,80.2783508301,48748,48758,10
13.0371799469,80.2782287598,48758,48768,10
13.036450386,80.2779922485,48768,48778,10
13.0358896255,80.2778320313,48778,48788,10
13.0351696014,80.2777328491,48788,48799,11
13.0343799591,80.2775497437,48799,48809,10
13.0340795517,80.2774429321,48809,48819,10
13.0338001251,80.2773513794,48819,48829,10
13.0333795547,80.2773666382,48829,48839,10
13.0328702927,80.2774276733,48839,48849,10
13.0322303772,80.2774581909,48849,48859,10
13.0315303802,80.2775497437,48859,48869,10
13.0312595367,80.2774963379,48869,48879,10
13.0308198929,80.2772293091,48879,48899,20
13.0308198929,80.2772293091,48899,48910,11
13.0305099487,80.2770614624,48910,48920,10
13.0299301147,80.2767868042,48920,48930,10
13.0291996002,80.2765808105,48930,48940,10
13.0286102295,80.2763824463,48940,48950,10
13.0279397964,80.2760772705,48950,48960,10
13.0271902084,80.2757797241,48960,48970,10
13.0263595581,80.2754135132,48970,48980,10
13.0259399414,80.2751998901,48980,48990,10
13.0258798599,80.2751617432,48990,49000,10
13.0254802704,80.2750015259,49000,49010,10
13.0248403549,80.2746887207,49010,49020,10
13.0244903564,80.2744979858,49020,49031,11
13.0242795944,80.274269104,49031,49041,10
13.0238599777,80.2737426758,49041,49051,10
13.0233402252,80.2730026245,49051,49061,10
13.0227804184,80.2722473145,49061,49071,10
13.022190094,80.2714996338,49071,49081,10
13.0215702057,80.2707214355,49081,49091,10
13.0208597183,80.2699127197,49091,49111,20
13.0208597183,80.2699127197,49111,49121,10
13.0206003189,80.2695007324,49121,49138,17
13.0196399689,80.268371582,49138,49150,12
13.019109726,80.2677230835,49150,49160,10
13.0188903809,80.2674179077,49160,49170,10
13.0186700821,80.2668380737,49170,49180,10
13.0185899734,80.2660827637,49180,49190,10
13.0186901093,80.2654418945,49190,49200,10
13.018989563,80.2644424438,49200,49210,10
13.0189695358,80.2636413574,49210,49220,10
13.018910408,80.2632827759,49220,49230,10
13.0188798904,80.2630233765,49230,49240,10
13.0188598633,80.2626495361,49240,49250,10
13.0187597275,80.2618713379,49250,49261,11
13.0185604095,80.2612762451,49261,49271,10
13.0180997849,80.2609481812,49271,49281,10
13.0176000595,80.260597229,49281,49291,10
13.0169801712,80.2601776123,49291,49301,10
13.0160598755,80.2596664429,49301,49321,20
13.0160598755,80.2596664429,49321,49331,10
13.0160303116,80.2596282959,49331,49341,10
13.0155096054,80.2594299316,49341,49351,10
13.0148496628,80.2593002319,49351,49361,10
13.0139799118,80.2592468262,49361,49372,11
13.0129995346,80.2592163086,49372,49382,10
13.0120897293,80.2592010498,49382,49392,10
13.0112800598,80.2591781616,49392,49402,10
13.010430336,80.2592086792,49402,49412,10
13.0094995499,80.2591781616,49412,49422,10
13.0088596344,80.259147644,49422,49432,10
13.0085697174,80.2591705322,49432,49442,10
13.0080003738,80.2592391968,49442,49452,10
13.007399559,80.2596206665,49452,49462,10
13.0071802139,80.2601623535,49462,49472,10
13.0072202682,80.2605667114,49472,49483,11
13.0073604584,80.2611999512,49483,49493,10
13.0073699951,80.2612228394,49493,49503,10
13.0074300766,80.2615203857,49503,49513,10
13.0075302124,80.2620391846,49513,49523,10
13.0076398849,80.2625808716,49523,49533,10
13.0077495575,80.2630386353,49533,49543,10
13.0078697205,80.2637405396,49543,49553,10
13.0078897476,80.2647399902,49553,49563,10
13.0077600479,80.2657775879,49563,49573,10
13.0075798035,80.2666168213,49573,49583,10
13.0073299408,80.2675628662,49583,49594,11
13.0070800781,80.2686920166,49594,49604,10
13.0068998337,80.2696685791,49604,49614,10
13.0064201355,80.2704315186,49614,49624,10
13.0055999756,80.2701034546,49624,49634,10
13.0047397614,80.2695388794,49634,49644,10
13.0039196014,80.2690505981,49644,49654,10
13.0034399033,80.2688293457,49654,49664,10
13.0031604767,80.2686691284,49664,49674,10
13.0030202866,80.2685699463,49674,49684,10
13.002579689,80.2682800293,49684,49694,10
13.002120018,80.2679977417,49694,49704,10
13.0016298294,80.2676773071,49704,49715,11
13.0010995865,80.2673797607,49715,49725,10
13.0010004044,80.2673187256,49725,49735,10
13.0009002686,80.267250061,49735,49745,10
13.0004901886,80.2669830322,49745,49755,10
12.9996500015,80.2670135498,49755,49765,10
12.9988603592,80.2672195435,49765,49775,10
12.998290062,80.2673492432,49775,49785,10
12.997759819,80.2675018311,49785,49795,10
12.9972600937,80.2676315308,49795,49805,10
12.9964704514,80.2677307129,49805,49815,10
12.9958095551,80.2677230835,49815,49826,11
12.9956502914,80.2674026489,49826,49856,30
12.9956502914,80.2674026489,49856,49866,10
12.9957399368,80.2669372559,49866,49876,10
12.9958400726,80.2660522461,49876,49886,10
12.9959402084,80.2650680542,49886,49896,10
12.9960203171,80.2641830444,49896,49906,10
12.9961004257,80.2633972168,49906,49916,10
12.9961500168,80.2629165649,49916,49926,10
12.9961795807,80.2625579834,49926,49937,11
12.996219635,80.2624664307,49937,49947,10
12.9962701797,80.2620773315,49947,49957,10
12.9962997437,80.2617416382,49957,49967,10
12.9963798523,80.2610778809,49967,49977,10
12.9964895248,80.2601165771,49977,49987,10
12.9965400696,80.2593536377,49987,49997,10
12.9966201782,80.2586364746,49997,50007,10
12.9966802597,80.2579421997,50007,50017,10
12.9968004227,80.2570037842,50017,50027,10
12.9968500137,80.2562484741,50027,50068,41
12.9968500137,80.2562484741,50068,50078,10
12.9969501495,80.256149292,50078,50088,10
12.9969501495,80.2557525635,50088,50098,10
12.9968900681,80.2553329468,50098,50108,10
12.9968500137,80.2551574707,50108,50124,16
12.9964799881,80.2542572021,50124,50136,12
12.9957504272,80.253578186,50136,50146,10
12.9951696396,80.2529602051,50146,50156,10
12.9948997498,80.2524719238,50156,50167,11
12.9943599701,80.2525405884,50167,50187,20
12.9943599701,80.2525405884,50187,50197,10
12.9939403534,80.2526779175,50197,50207,10
12.9934797287,80.2527770996,50207,50217,10
12.9927196503,80.2528915405,50217,50227,10
12.9919595718,80.2529678345,50227,50237,10
12.9914703369,80.2532577515,50237,50247,10
12.9910497665,80.2539825439,50247,50257,10
12.9908895493,80.2548675537,50257,50267,10
12.9907798767,80.2556228638,50267,50277,10
12.9907197952,80.2559127808,50277,50288,11
12.9905796051,80.2560577393,50288,50298,10
12.9900798798,80.2560195923,50298,50317,19
12.9889602661,80.2559585571,50317,50329,12
12.988820076,80.2559509277,50329,50339,10
12.9886598587,80.2559509277,50339,50349,10
12.9883298874,80.2558898926,50349,50359,10
12.9879798889,80.255821228,50359,50368,9
12.9876804352,80.255821228,50368,50379,11
12.9875497818,80.2563705444,50379,50389,10
12.9875202179,80.2569503784,50389,50400,11
12.9874801636,80.2575683594,50400,50410,10
12.9874601364,80.2578277588,50410,50420,10
12.9874401093,80.2579574585,50420,50430,10
12.9874200821,80.2582168579,50430,50460,30
12.9874200821,80.2582168579,50460,50470,10
12.9874000549,80.2585296631,50470,50480,10
12.9873800278,80.2588729858,50480,50652,172
12.9873800278,80.2588729858,50652,50662,10
12.9873399734,80.2590789795,50662,50672,10
12.987279892,80.2593231201,50672,50712,40
12.987279892,80.2593231201,50712,50722,10
12.9872303009,80.2595367432,50722,50783,61
12.986869812,80.2595214844,50783,50813,30
12.986869812,80.2595214844,50813,50823,10
12.9867401123,80.2594833374,50823,50833,10
12.9866104126,80.2593917847,50833,50844,11
12.9866104126,80.2591018677,50844,50965,121
12.986989975,80.2590789795,50965,51005,40
12.986989975,80.2590789795,51005,51015,10
12.9873399734,80.2590179443,51015,51025,10
12.9873600006,80.2586898804,51025,51035,10
12.9873800278,80.2581787109,51035,51045,10
12.9874095917,80.2574615479,51045,51055,10
12.9874601364,80.2566604614,51055,51065,10
12.9875297546,80.2559814453,51065,51116,51
12.9875297546,80.2559814453,51116,51126,10
12.9877300262,80.2557067871,51126,51136,10
12.9887104034,80.2558288574,51136,51174,38
12.9887104034,80.2558288574,51174,51184,10
12.9891195297,80.2559585571,51184,51195,11
12.9897203445,80.2560806274,51195,51205,10
12.9902601242,80.2560119629,51205,51215,10
12.9905796051,80.2558898926,51215,51225,10
12.9906797409,80.2555236816,51225,51235,10
12.9907302856,80.2549591064,51235,51245,10
12.9907503128,80.2544021606,51245,51255,10
12.9909095764,80.2538528442,51255,51264,9
12.991399765,80.2533111572,51264,51275,11
12.9921798706,80.2530136108,51275,51285,10
12.9929199219,80.2529678345,51285,51295,10
12.9936599731,80.2527694702,51295,51306,11
12.9945602417,80.2525024414,51306,51316,10
12.9949903488,80.2526168823,51316,51326,10
12.9951400757,80.2529296875,51326,51336,10
12.995300293,80.2531204224,51336,51346,10
12.995759964,80.2536392212,51346,51356,10
12.9963798523,80.2541427612,51356,51366,10
12.9968795776,80.2556533813,51366,51386,20
12.9968795776,80.2556533813,51386,51396,10
12.996919632,80.2558135986,51396,51406,10
12.996919632,80.2559509277,51406,51417,11
12.9968795776,80.2562179565,51417,51427,10
12.9968395233,80.2565917969,51427,51437,10
12.9968004227,80.256980896,51437,51447,10
12.9967803955,80.2571792603,51447,51457,10
12.9967002869,80.2579574585,51457,51467,10
12.9966001511,80.2589035034,51467,51477,10
12.9965200424,80.259803772,51477,51487,10
12.9964199066,80.2607803345,51487,51497,10
12.9963302612,80.2616424561,51497,51507,10
12.9962701797,80.2620697021,51507,51517,10
12.9961996078,80.2624130249,51517,51528,11
12.9961500168,80.2626571655,51528,51538,10
12.9961004257,80.263343811,51538,51548,10
12.9960203171,80.264213562,51548,51558,10
12.9959001541,80.2653579712,51558,51568,10
12.9957799911,80.2665328979,51568,51578,10
12.9956703186,80.2675170898,51578,51588,10
12.9961700439,80.2677536011,51588,51608,20
12.9961700439,80.2677536011,51608,51618,10
12.9965896606,80.2678070068,51618,51628,10
12.9971904755,80.2676773071,51628,51638,10
12.9976902008,80.2675628662,51638,51649,11
12.9985103607,80.2673034668,51649,51659,10
12.9994001389,80.2670211792,51659,51669,10
13.0000400543,80.2668075562,51669,51679,10
13.0008401871,80.2671737671,51679,51707,28
13.0008401871,80.2671737671,51707,51717,10
13.0009803772,80.2673110962,51717,51727,10
13.0014200211,80.2675628662,51727,51737,10
13.0020799637,80.2680130005,51737,51747,10
13.0027799606,80.2684173584,51747,51758,11
13.003279686,80.268699646,51758,51768,10
13.0033397675,80.2687911987,51768,51777,9
13.0035800934,80.2689437866,51777,51788,11
13.0041704178,80.2692871094,51788,51798,10
13.0050201416,80.2697677612,51798,51808,10
13.0058698654,80.2702178955,51808,51818,10
13.006649971,80.2702713013,51818,51828,10
13.0069704056,80.2695083618,51828,51838,10
13.0071001053,80.2686767578,51838,51848,10
13.0072698593,80.2677688599,51848,51858,10
13.007519722,80.2668304443,51858,51869,11
13.0076904297,80.2662200928,51869,51879,10
13.0078201294,80.2657012939,51879,51889,10
13.0079603195,80.2649765015,51889,51899,10
13.0080003738,80.2643203735,51899,51909,10
13.007900238,80.2637023926,51909,51919,10
13.0077400208,80.2630233765,51919,51929,10
13.0076303482,80.2625808716,51929,51939,10
13.0074300766,80.2618637085,51939,51949,10
13.007349968,80.2615127563,51949,51959,10
13.0073204041,80.2612991333,51959,51969,10
13.0072202682,80.2608184814,51969,51979,10
13.0071401596,80.2602310181,51979,51990,11
13.0073099136,80.2595291138,51990,52000,10
13.0072803497,80.2589416504,52000,52010,10
13.0074300766,80.2587127686,52010,52020,10
13.0078401566,80.2587585449,52020,52030,10
13.0084600449,80.2589416504,52030,52040,10
13.0085000992,80.2589569092,52040,52050,10
13.0087203979,80.2590713501,52050,52060,10
13.0093202591,80.2591094971,52060,52070,10
13.0103397369,80.2591094971,52070,52080,10
13.0114803314,80.2590866089,52080,52090,10
13.0126895905,80.2591171265,52090,52101,11
13.0137996674,80.2591629028,52101,52111,10
13.0147199631,80.2591934204,52111,52121,10
13.0156402588,80.2593002319,52121,52131,10
13.0163002014,80.2595977783,52131,52141,10
13.016409874,80.2596893311,52141,52151,10
13.0164403915,80.2597198486,52151,52164,13
13.0169200897,80.2600631714,52164,52172,8
13.0173797607,80.2603683472,52172,52184,12
13.0182504654,80.2609786987,52184,52194,10
13.0188302994,80.2614135742,52194,52204,10
13.0193099976,80.2618637085,52204,52215,11
13.0198001862,80.2623214722,52215,52225,10
13.0202102661,80.2628631592,52225,52235,10
13.0197000504,80.2629318237,52235,52245,10
13.0190601349,80.2629165649,52245,52255,10
13.0190401077,80.2633666992,52255,52265,10
13.019109726,80.2638702393,52265,52275,10
13.0191001892,80.2639389038,52275,52285,10
13.019080162,80.2643890381,52285,52295,10
13.0188999176,80.2649612427,52295,52305,10
13.0187797546,80.2653884888,52305,52315,10
13.0186500549,80.2660598755,52315,52326,11
13.0187597275,80.2668380737,52326,52336,10
13.019109726,80.2674636841,52336,52346,10
13.0195903778,80.268081665,52346,52356,10
13.0201797485,80.2688980103,52356,52366,10
13.0207700729,80.2696380615,52366,52376,10
13.0212697983,80.2702026367,52376,52386,10
13.0214300156,80.2704162598,52386,52396,10
13.0217599869,80.2708206177,52396,52406,10
13.0221996307,80.2713775635,52406,52416,10
13.0227003098,80.2720336914,52416,52426,10
13.0232200623,80.2727279663,52426,52436,10
13.0236196518,80.2732925415,52436,52447,11
13.023730278,80.2734375,52447,52463,16
13.024140358,80.2739715576,52463,52475,12
13.0246896744,80.2744369507,52475,52485,10
13.0252103806,80.2746963501,52485,52495,10
13.0253696442,80.2747879028,52495,52505,10
13.0255403519,80.2749328613,52505,52514,9
13.0259199142,80.275138855,52514,52525,11
13.0266304016,80.2754364014,52525,52535,10
13.0273799896,80.2758636475,52535,52545,10
13.0280199051,80.2761688232,52545,52556,11
13.0286798477,80.2764205933,52556,52566,10
13.029419899,80.2766418457,52566,52576,10
13.0298700333,80.2767410278,52576,52586,10
13.0300197601,80.2767868042,52586,52596,10
13.0304498672,80.2770080566,52596,52606,10
13.031080246,80.2773208618,52606,52616,10
13.0317897797,80.2775115967,52616,52626,10
13.0322504044,80.2775115967,52626,52636,10
13.0323295593,80.2775115967,52636,52646,10
13.0326404572,80.2775115967,52646,52656,10
13.0330095291,80.2775115967,52656,52667,11
13.0332603455,80.2774429321,52667,52677,10
13.0334796906,80.277381897,52677,52697,20
13.0334796906,80.277381897,52697,52707,10
13.0338602066,80.2774200439,52707,52717,10
13.0339803696,80.2774200439,52717,52727,10
13.0343399048,80.2775421143,52727,52737,10
13.0349197388,80.2776565552,52737,52747,10
13.0356903076,80.2777786255,52747,52757,10
13.0363397598,80.2779083252,52757,52766,9
13.0367202759,80.2780532837,52766,52776,10
13.0374403,80.2782821655,52776,52788,12
13.0384197235,80.2785263062,52788,52798,10
13.0389404297,80.2787017822,52798,52808,10
13.0390100479,80.2787399292,52808,52818,10
13.0392904282,80.2788391113,52818,52828,10
13.0397396088,80.279006958,52828,52838,10
13.0406303406,80.2792510986,52838,52848,10
13.0417995453,80.2794570923,52848,52858,10
13.0426797867,80.2795410156,52858,52868,10
13.0430803299,80.2795562744,52868,52888,20
13.0430803299,80.2795562744,52888,52899,11
13.0432796478,80.2796020508,52899,52909,10
13.043800354,80.2797470093,52909,52919,10
13.0444498062,80.2798919678,52919,52929,10
13.0452699661,80.2799987793,52929,52939,10
13.0458698273,80.2800827026,52939,52949,10
13.0459604263,80.2800979614,52949,52959,10
13.0465602875,80.2801818848,52959,52969,10
13.0474395752,80.2802963257,52969,52979,10
13.0483398438,80.280418396,52979,52989,10
13.0490999222,80.2805175781,52989,52999,10
13.0493001938,80.2805480957,52999,53010,11
13.0495195389,80.2805786133,53010,53020,10
13.0500602722,80.280670166,53020,53030,10
13.0505800247,80.2807617188,53030,53040,10
13.0513696671,80.2808914185,53040,53050,10
13.0523300171,80.2810287476,53050,53060,10
13.0533599854,80.2811965942,53060,53070,10
13.054400444,80.2813796997,53070,53080,10
13.0552597046,80.281539917,53080,53090,10
13.0564603806,80.2817764282,53090,53110,20
13.0564603806,80.2817764282,53110,53121,11
13.0569400787,80.2818908691,53121,53131,10
13.0573501587,80.2819824219,53131,53141,10
13.0576400757,80.2820510864,53141,53151,10
13.0583696365,80.2822036743,53151,53161,10
13.0593996048,80.2824020386,53161,53171,10
13.0604200363,80.2826004028,53171,53181,10
13.0614995956,80.2828216553,53181,53191,10
13.0625801086,80.2830505371,53191,53201,10
13.0631198883,80.2831573486,53201,53211,10
13.0631399155,80.2831573486,53211,53221,10
13.0635204315,80.2832565308,53221,53231,10
13.0642795563,80.2834625244,53231,53242,11
13.0652799606,80.2836990356,53242,53252,10
13.0662899017,80.2839431763,53252,53262,10
13.0671100616,80.2840805054,53262,53272,10
13.067609787,80.2841415405,53272,53282,10
13.0681400299,80.2842712402,53282,53292,10
13.0690202713,80.2844772339,53292,53302,10
13.0699796677,80.2847213745,53302,53312,10
13.0708799362,80.2848815918,53312,53322,10
13.0718402863,80.2851409912,53322,53332,10
13.0728397369,80.2852172852,53332,53342,10
13.07351017,80.2851715088,53342,53353,11
13.0735397339,80.2851867676,53353,53363,10
13.0737800598,80.2853393555,53363,53373,10
13.0740404129,80.2856369019,53373,53383,10
13.0741596222,80.2857971191,53383,53393,10
13.0747098923,80.2862701416,53393,53413,20
13.0747098923,80.2862701416,53413,53423,10
13.0751600266,80.2866210938,53423,53433,10
13.0757598877,80.2869186401,53433,53443,10
13.0766000748,80.2871704102,53443,53453,10
13.0775003433,80.2873764038,53453,53464,11
13.078499794,80.2876205444,53464,53474,10
13.0794296265,80.2879867554,53474,53484,10
13.0803003311,80.2881698608,53484,53494,10
13.0808095932,80.2882614136,53494,53504,10
13.0808401108,80.2882766724,53504,53514,10
13.0812196732,80.2884521484,53514,53524,10
13.0819997787,80.2887191772,53524,53533,9
13.082859993,80.2890930176,53533,53544,11
13.0836696625,80.2891693115,53544,53554,10
13.084980011,80.2891387939,53554,53564,10
13.085729599,80.289352417,53564,53574,10
13.0869102478,80.2896194458,53574,53585,11
13.0879602432,80.2900238037,53585,53595,10
13.0887804031,80.2901916504,53595,53625,30
13.0887804031,80.2901916504,53625,53635,10
13.0888004303,80.2902374268,53635,53645,10
13.0884895325,80.2902984619,53645,53655,10
13.0878200531,80.2899932861,53655,53665,10
13.086979866,80.2897033691,53665,53675,10
13.0861501694,80.2894668579,53675,53685,10
13.0855798721,80.2890930176,53685,53696,11
13.0851602554,80.2881622314,53696,53706,10
13.0851297379,80.2871170044,53706,53716,10
13.0852203369,80.2860412598,53716,53726,10
13.0853204727,80.2849502563,53726,53736,10
13.0852403641,80.2841262817,53736,53746,10
13.0854196548,80.2836685181,53746,53756,10
13.0855302811,80.2835388184,53756,53766,10
13.0858697891,80.2835235596,53766,53776,10
13.0862102509,80.2835617065,53776,53786,10
13.086520195,80.2838363647,53786,53796,10
13.0868597031,80.2839431763,53796,54725,929
13.0868597031,80.2839431763,54725,54735,10
13.0870304108,80.2838592529,54735,54755,20
13.0870304108,80.2838592529,54755,54765,10
13.087770462,80.2838897705,54765,54836,71
13.0880899429,80.2839813232,54836,54886,50
13.0880899429,80.2839813232,54886,54896,10
13.0882701874,80.2836990356,54896,54906,10
13.0883302689,80.2834014893,54906,54916,10
13.0883197784,80.2829437256,54916,54926,10
13.0882997513,80.2823791504,54926,54936,10
13.0881900787,80.2818832397,54936,54947,11
13.0881204605,80.2814025879,54947,54957,10
13.0883598328,80.2814483643,54957,54967,10
13.0884599686,80.2817001343,54967,54977,10
13.0884304047,80.2821426392,54977,54987,10
13.0883398056,80.2825393677,54987,54997,10
13.0883102417,80.2828903198,54997,55007,10
13.0882997513,80.2831878662,55007,55017,10
13.0882797241,80.2835769653,55017,55027,10
13.0883197784,80.2843322754,55027,55037,10
13.0883998871,80.2849197388,55037,55068,31
13.0883998871,80.2849197388,55068,55078,10
13.0883703232,80.2852706909,55078,55098,20
13.0883703232,80.2852706909,55098,55108,10
13.0884103775,80.2855377197,55108,55118,10
13.0884399414,80.2860488892,55118,55128,10
13.0884599686,80.2863922119,55128,55138,10
13.0884504318,80.2866287231,55138,55148,10
13.0884799957,80.2872314453,55148,55158,10
13.08852005,80.2874603271,55158,55169,11
13.0885801315,80.2879867554,55169,55179,10
13.0886201859,80.288482666,55179,55189,10
13.088640213,80.2886962891,55189,55199,10
13.0887498856,80.2892379761,55199,55219,20
13.0887498856,80.2892379761,55219,55229,10
13.088760376,80.2894897461,55229,55239,10
13.0887699127,80.2898406982,55239,55249,10
13.0887699127,80.2899398804,55249,55265,16
13.0887098312,80.2903823853,55265,55277,12
13.0884304047,80.2903213501,55277,55288,11
13.0876598358,80.2899398804,55288,55298,10
13.0870504379,80.289680481,55298,55308,10
13.0863199234,80.2894515991,55308,55318,10
13.0855302811,80.2892837524,55318,55328,10
13.0848398209,80.2891998291,55328,55338,10
13.0839796066,80.2892227173,55338,55348,10
13.08314991,80.2892227173,55348,55358,10
13.0825595856,80.2890396118,55358,55369,11
13.0825395584,80.2890319824,55369,55379,10
13.0825004578,80.2889862061,55379,55389,10
13.0820703506,80.2888031006,55389,55400,11
13.0813398361,80.288520813,55400,55410,10
13.0806503296,80.2883224487,55410,55420,10
13.0799798965,80.2881622314,55420,55430,10
13.0798797607,80.2881469727,55430,55440,10
13.0793304443,80.2880172729,55440,55450,10
13.0784702301,80.287651062,55450,55460,10
13.0775403976,80.287437439,55460,55470,10
13.0764503479,80.2871398926,55470,55480,10
13.0753898621,80.2867584229,55480,55490,10
13.0739202499,80.2860870361,55490,55521,31
13.0739202499,80.2860870361,55521,55531,10
13.0735797882,80.285987854,55531,55541,10
13.0729398727,80.2857131958,55541,55551,10
13.0721197128,80.2853164673,55551,55561,10
13.0711402893,80.2850723267,55561,55571,10
13.070110321,80.2848205566,55571,55581,10
13.0691404343,80.2845993042,55581,55591,10
13.0682001114,80.2843780518,55591,55601,10
13.0672302246,80.2842636108,55601,55611,10
13.066450119,80.2841186523,55611,55621,10
13.0663499832,80.2841033936,55621,55632,11
13.0662403107,80.2840576172,55632,55642,10
13.0656204224,80.2838668823,55642,55653,11
13.0648298264,80.2836685181,55653,55664,11
13.0642404556,80.2835235596,55664,55674,10
13.0636997223,80.2833709717,55674,55684,10
13.0625295639,80.2830963135,55684,55704,20
13.0625295639,80.2830963135,55704,55714,10
13.0622301102,80.2830200195,55714,55724,10
13.0616197586,80.2828826904,55724,55735,11
13.0608196259,80.2827224731,55735,55745,10
13.0600204468,80.2825469971,55745,55753,8
13.0592899323,80.2823867798,55753,55765,12
13.0581903458,80.2821731567,55765,55775,10
13.057390213,80.2819976807,55775,55785,10
13.05671978,80.2818603516,55785,55804,19
13.05671978,80.2818603516,55804,55814,10
13.0566396713,80.2818374634,55814,55825,11
13.0561800003,80.2817306519,55825,55835,10
13.0553998947,80.281578064,55835,55845,10
13.054400444,80.2813873291,55845,55856,11
13.0532598495,80.2811889648,55856,55866,10
13.0523004532,80.2810516357,55866,55876,10
13.0514698029,80.2809295654,55876,55886,10
13.050860405,80.2808380127,55886,55896,10
13.0503396988,80.2807617188,55896,55906,10
13.0502996445,80.2807617188,55906,55916,10
13.0500402451,80.2807235718,55916,55926,10
13.0493602753,80.2806091309,55926,55936,10
13.0485496521,80.2805023193,55936,55946,10
13.047659874,80.2803726196,55946,55956,10
13.0468397141,80.2802505493,55956,55967,11
13.0460300446,80.2801513672,55967,55977,10
13.0456800461,80.2801132202,55977,55987,10
13.0456399918,80.280090332,55987,55997,10
13.0451402664,80.2800216675,55997,56007,10
13.0443401337,80.2799072266,56007,56017,10
13.0434503555,80.2797698975,56017,56027,10
13.0425796509,80.2795791626,56027,56037,10
13.0416202545,80.2794036865,56037,56047,10
13.0406303406,80.2792129517,56047,56057,10
13.0397701263,80.279006958,56057,56067,10
13.0391902924,80.2788467407,56067,56078,11
13.0390701294,80.2788085938,56078,56088,10
13.0390100479,80.2787704468,56088,56098,10
13.0385503769,80.2786026001,56098,56108,10
13.0378198624,80.2783813477,56108,56118,10
13.0371398926,80.2781677246,56118,56128,10
13.0364398956,80.2779312134,56128,56138,10
13.035779953,80.2777709961,56138,56148,10
13.0349998474,80.2776184082,56148,56158,10
13.0342798233,80.2774810791,56158,56168,10
13.033829689,80.2773590088,56168,56178,10
13.0337200165,80.2773284912,56178,56189,11
13.0336399078,80.2773284912,56189,56199,10
13.0332698822,80.2774124146,56199,56209,10
13.0326700211,80.2774276733,56209,56219,10
13.0319404602,80.2774963379,56219,56229,10
13.0311899185,80.2773971558,56229,56239,10
13.0308103561,80.2771682739,56239,56249,10
13.0307397842,80.2771072388,56249,56259,10
13.0302696228,80.2768707275,56259,56269,10
13.0296001434,80.2766723633,56269,56279,10
13.0288095474,80.2764282227,56279,56289,10
13.0282402039,80.2761993408,56289,56299,10
13.0275201797,80.2759094238,56299,56310,11
13.0266504288,80.2755279541,56310,56320,10
13.026049614,80.2752532959,56320,56330,10
13.02602005,80.2752380371,56330,56340,10
13.0259199142,80.2751617432,56340,56350,10
13.0254201889,80.2749404907,56350,56360,10
13.024769783,80.2746505737,56360,56370,10
13.0243196487,80.2742996216,56370,56380,10
13.0242395401,80.2742233276,56380,56396,16
13.023900032,80.2737731934,56396,56408,12
13.023440361,80.2731781006,56408,56419,11
13.0226602554,80.2721328735,56419,56429,10
13.022069931,80.2713775635,56429,56439,10
13.0215396881,80.2706985474,56439,56448,9
13.0210399628,80.2700881958,56448,56459,11
13.0208997726,80.2699203491,56459,56469,10
13.0208501816,80.2698364258,56469,56479,10
13.0204200745,80.2693023682,56479,56489,10
13.0197696686,80.2685089111,56489,56499,10
13.0191402435,80.2677688599,56499,56509,10
13.0187101364,80.266960144,56509,56519,10
13.0186195374,80.2660980225,56519,56530,11
13.0187702179,80.2653579712,56530,56540,10
13.0190296173,80.2643737793,56540,56550,10
13.0189800262,80.2635574341,56550,56560,10
13.0189304352,80.2631530762,56560,56570,10
13.0188999176,80.2629165649,56570,56580,10
13.0188503265,80.2624969482,56580,56590,10
13.0187702179,80.2617111206,56590,56600,10
13.0184803009,80.2611465454,56600,56610,10
13.0178899765,80.2607498169,56610,56620,10
13.0171003342,80.2602310181,56620,56630,10
13.0164003372,80.2598114014,56630,56641,11
13.0161600113,80.2596969604,56641,56651,10
13.0161399841,80.2596817017,56651,56661,10
13.0157299042,80.2594985962,56661,56671,10
13.0149402618,80.2593078613,56671,56681,10
13.01404953,80.259262085,56681,56691,10
13.0129995346,80.2592163086,56691,56701,10
13.0119600296,80.2591781616,56701,56711,10
13.0110902786,80.2591629028,56711,56721,10
13.0101900101,80.2591934204,56721,56731,10
13.0093402863,80.2591781616,56731,56741,10
13.0086803436,80.2591629028,56741,56752,11
13.0082302094,80.2591629028,56752,56762,10
13.0075597763,80.2593765259,56762,56772,10
13.0072002411,80.2598800659,56772,56782,10
13.0073003769,80.2604217529,56782,56792,10
13.0075397491,80.261100769,56792,56802,10
13.0076599121,80.2617034912,56802,56812,10
13.0078201294,80.2625274658,56812,56822,10
13.0078802109,80.2629623413,56822,56832,10
13.008020401,80.2635879517,56832,56842,10
13.0081195831,80.2644424438,56842,56851,9
13.0079698563,80.2652893066,56851,56862,11
13.0077400208,80.2660980225,56862,56873,11
13.0075798035,80.2668380737,56873,56883,10
13.0073795319,80.2676391602,56883,56893,10
13.0071897507,80.2684707642,56893,56903,10
13.0070199966,80.2693786621,56903,56913,10
13.0066404343,80.2702789307,56913,56923,10
13.0058498383,80.2702178955,56923,56933,10
13.0050497055,80.2697372437,56933,56943,10
13.0043001175,80.2692718506,56943,56953,10
13.0036897659,80.2688980103,56953,56963,10
13.0031995773,80.2686920166,56963,56973,10
13.0031404495,80.268661499,56973,56984,11
13.0028095245,80.2684173584,56984,56994,10
13.0022201538,80.2680511475,56994,57004,10
13.0015497208,80.2676391602,57004,57014,10
13.0009403229,80.2672805786,57014,57044,30
13.0009403229,80.2672805786,57044,57054,10
13.0007600784,80.2671279907,57054,57064,10
13.0002298355,80.2668380737,57064,57074,10
12.9993495941,80.2670211792,57074,57084,10
12.9985198975,80.267250061,57084,57095,11
12.9976997375,80.2675018311,57095,57105,10
12.9969596863,80.2677078247,57105,57115,10
12.9961996078,80.2677230835,57115,57125,10
12.9956903458,80.2676696777,57125,57135,10
12.995639801,80.2673492432,57135,57165,30
12.995639801,80.2673492432,57165,57175,10
12.9956598282,80.2671966553,57175,57185,10
12.9957304001,80.266746521,57185,57195,10
12.9958200455,80.2661514282,57195,57205,10
12.9959001541,80.2654800415,57205,57216,11
12.9959697723,80.2648162842,57216,57226,10
12.9960403442,80.2642593384,57226,57236,10
12.9961204529,80.2636108398,57236,57246,10
12.996219635,80.2625808716,57246,57266,20
12.996219635,80.2625808716,57266,57276,10
12.9962797165,80.2623977661,57276,57286,10
12.9962997437,80.2621002197,57286,57335,49
12.9962997437,80.2621002197,57335,57345,10
12.9962902069,80.26197052,57345,57355,10
12.9963302612,80.261680603,57355,57365,10
12.9964103699,80.2610015869,57365,57375,10
12.9964599609,80.2603683472,57375,57385,10
12.9965600967,80.2596588135,57385,57395,10
12.9966201782,80.2588195801,57395,57405,10
12.9967098236,80.2580566406,57405,57415,10
12.9967803955,80.2573776245,57415,57425,10
12.9968299866,80.256690979,57425,57436,11
12.9968795776,80.2557601929,57436,57446,10
12.9968595505,80.255531311,57446,57456,10
12.9968795776,80.2553482056,57456,57466,10
12.9968204498,80.2547683716,57466,57476,10
12.996430397,80.2541809082,57476,57486,10
12.9958400726,80.2536392212,57486,57496,10
12.9952497482,80.2530670166,57496,57506,10
12.9948997498,80.252456665,57506,57516,10
12.9943799973,80.2525405884,57516,57526,10
12.994310379,80.2525634766,57526,57536,10
12.9942598343,80.2525405884,57536,57547,11
12.9937400818,80.2527008057,57547,57557,10
12.9931402206,80.2528686523,57557,57567,10
12.9924898148,80.2529296875,57567,57577,10
12.9917697906,80.253036499,57577,57587,10
12.9912004471,80.25340271,57587,57597,10
12.9909000397,80.2539291382,57597,57607,10
12.9908599854,80.2546920776,57607,57617,10
12.9907503128,80.2558670044,57617,57647,30
12.9907503128,80.2558670044,57647,57658,11
12.9906902313,80.2560501099,57658,57668,10
12.990240097,80.2560501099,57668,57678,10
12.9895200729,80.2560119629,57678,57688,10
12.9887800217,80.2559661865,57688,57698,10
12.9886302948,80.2559509277,57698,57708,10
12.9879798889,80.2558364868,57708,57748,40
12.9879798889,80.2558364868,57748,57758,10
12.987830162,80.2557983398,57758,57768,10
12.9875602722,80.2561569214,57768,57779,11
12.9875202179,80.2570114136,57779,57789,10
12.9874401093,80.2579803467,57789,57805,16
12.9873199463,80.2591171265,57805,57817,12
12.9871797562,80.2595596313,57817,57867,50
12.9869804382,80.2596130371,57867,58109,242
12.9869804382,80.2596130371,58109,58120,11
12.9866800308,80.2595214844,58120,58130,10
12.986579895,80.2593917847,58130,58140,10
12.9865999222,80.2592163086,58140,58150,10
12.9867601395,80.2590866089,58150,58180,30
12.9867601395,80.2590866089,58180,58190,10
12.9870195389,80.2591094971,58190,58220,30
12.9870195389,80.2591094971,58220,58231,11
12.987279892,80.2591629028,58231,58251,20
12.987279892,80.2591629028,58251,58261,10
12.9873600006,80.2590332031,58261,58271,10
12.9874000549,80.2586517334,58271,58281,10
12.9874401093,80.2581481934,58281,58291,10
12.9874801636,80.2574386597,58291,58301,10
12.9875297546,80.2568206787,58301,58311,10
12.9875497818,80.2563781738,58311,58392,81
12.9875497818,80.2563781738,58392,58402,10
12.9875497818,80.2562637329,58402,58412,10
12.9875802994,80.2558670044,58412,58422,10
12.9879398346,80.2557983398,58422,58432,10
12.988240242,80.255821228,58432,58442,10
12.9883098602,80.2558288574,58442,58453,11
12.9885902405,80.255859375,58453,58463,10
12.9886102676,80.255859375,58463,58473,10
12.9887104034,80.2558822632,58473,58483,10
12.9888095856,80.2558822632,58483,58493,10
12.9891195297,80.2559280396,58493,58503,10
12.9897003174,80.2559585571,58503,58513,10
12.9903001785,80.2559585571,58513,58523,10
12.9907302856,80.2557525635,58523,58539,16
12.9907903671,80.2547225952,58539,58551,12
12.9909000397,80.2539825439,58551,58561,10
12.9915599823,80.2532196045,58561,58572,11
12.9923601151,80.2530517578,58572,58582,10
12.9929304123,80.2530212402,58582,58592,10
12.9935598373,80.2528533936,58592,58601,9
12.9942998886,80.2526397705,58601,58611,10
12.9948997498,80.2524871826,58611,58622,11
12.9951295853,80.2528610229,58622,58632,10
12.9951696396,80.2529373169,58632,58642,10
12.9955701828,80.2533721924,58642,58652,10
12.9962100983,80.2538909912,58652,58662,10
12.9967603683,80.2546005249,58662,58672,10
12.9969501495,80.2557601929,58672,58713,41
12.9968795776,80.2558822632,58713,58743,30
12.9968795776,80.2558822632,58743,58753,10
12.9968204498,80.2567672729,58753,58781,28
12.9968204498,80.2567672729,58781,58791,10
12.9968299866,80.2569198608,58791,58802,11
12.9968204498,80.2572937012,58802,58812,10
12.9967603683,80.2578430176,58812,58822,10
12.9966897964,80.2584609985,58822,58832,10
12.9966201782,80.2590637207,58832,58842,10
12.9965696335,80.2595367432,58842,58852,10
12.9965295792,80.2600708008,58852,58862,10
12.9964504242,80.2607498169,58862,58872,10
12.9963798523,80.2614593506,58872,58882,10
12.9963302612,80.2621231079,58882,58892,10
12.9962797165,80.2624206543,58892,58902,10
12.9962501526,80.262512207,58902,58913,11
12.9961795807,80.2630462646,58913,58933,20
12.9960298538,80.2645111084,58933,58945,12
12.995929718,80.2654800415,58945,58955,10
12.9958200455,80.2664337158,58955,58965,10
12.9957304001,80.2672424316,58965,58975,10
12.9961500168,80.2677688599,58975,59015,40
12.9961500168,80.2677688599,59015,59026,11
12.9966497421,80.267868042,59026,59036,10
12.9974899292,80.2676086426,59036,59046,10
12.9979295731,80.2674789429,59046,59056,10
12.9985599518,80.2673187256,59056,59066,10
12.9995002747,80.267036438,59066,59076,10
13.0002498627,80.2668228149,59076,59086,10
13.0008602142,80.2671890259,59086,59096,10
13.0009803772,80.2672729492,59096,59106,10
13.0010700226,80.267326355,59106,59116,10
13.0015001297,80.2675933838,59116,59126,10
13.0023002625,80.268081665,59126,59137,11
13.003080368,80.2685394287,59137,59147,10
13.0032396317,80.2686462402,59147,59157,10
13.0034599304,80.2688064575,59157,59167,10
13.0037202835,80.2689590454,59167,59177,10
13.0043802261,80.2693634033,59177,59187,10
13.005200386,80.2698669434,59187,59197,10
13.0060997009,80.2703781128,59197,59207,10
13.0067996979,80.2700424194,59207,59217,10
13.0069999695,80.2690811157,59217,59227,10
13.0071601868,80.2681808472,59227,59237,10
13.0074596405,80.2670974731,59237,59247,10
13.0076303482,80.2663803101,59247,59258,11
13.0077104568,80.2660217285,59258,59268,10
13.0078601837,80.2653121948,59268,59284,16
13.0079402924,80.263999939,59284,59296,12
13.0078201294,80.2631378174,59296,59306,10
13.0077400208,80.2627105713,59306,59315,9
13.0076198578,80.2621765137,59315,59326,11
13.0074501038,80.2615203857,59326,59336,10
13.0073604584,80.2610931396,59336,59346,10
13.007229805,80.2604598999,59346,59356,10
13.0073204041,80.2598114014,59356,59367,11
13.007349968,80.2589035034,59367,59377,10
13.0077695847,80.2588195801,59377,59387,10
13.0084104538,80.2590179443,59387,59397,10
13.0085401535,80.2590789795,59397,59407,10
13.0087099075,80.2591171265,59407,59417,10
13.0093603134,80.2591171265,59417,59427,10
13.0103702545,80.2591171265,59427,59437,10
13.0114803314,80.2591094971,59437,59447,10
13.0125703812,80.2591400146,59447,59457,10
13.0136995316,80.2591629028,59457,59467,10
13.0148496628,80.2592010498,59467,59478,11
13.0159397125,80.2593994141,59478,59488,10
13.0164003372,80.2596664429,59488,59497,9
13.016409874,80.2596817017,59497,59508,11
13.0165195465,80.2597732544,59508,59518,10
13.0167598724,80.2599487305,59518,59528,10
13.0172901154,80.2602996826,59528,59538,10
13.0179700851,80.2607727051,59538,59548,10
13.0186195374,80.2612228394,59548,59558,10
13.0191698074,80.2617034912,59558,59568,10
13.0195598602,80.2620773315,59568,59578,10
13.0201501846,80.2626419067,59578,59589,11
13.0200796127,80.2629623413,59589,59599,10
13.0194702148,80.2629394531,59599,59609,10
13.0190696716,80.2629394531,59609,59619,10
13.0190401077,80.2634429932,59619,59629,10
13.0191202164,80.2642593384,59629,59639,10
13.0189304352,80.2650375366,59639,59649,10
13.0187997818,80.2654724121,59649,59659,10
13.0186796188,80.2662200928,59659,59669,10
13.0188302994,80.2670974731,59669,59679,10
13.0193300247,80.267829895,59679,59689,10
13.0199403763,80.2685775757,59689,59700,11
13.0205402374,80.269317627,59700,59710,10
13.0210599899,80.2699203491,59710,59720,10
13.0214500427,80.2703323364,59720,59730,10
13.0216302872,80.2705764771,59730,59740,10
13.0220403671,80.2711181641,59740,59750,10
13.0225095749,80.2717437744,59750,59760,10
13.0229101181,80.272277832,59760,59770,10
13.0234603882,80.2730407715,59770,59780,10
13.0237703323,80.2734680176,59780,59811,31
13.0237703323,80.2734680176,59811,59821,10
13.024020195,80.2738189697,59821,59831,10
13.0243396759,80.2742614746,59831,59840,9
13.0247297287,80.2746124268,59840,59851,11
13.0253400803,80.2748794556,59851,59861,10
13.0254001617,80.2749099731,59861,59871,10
13.0255298615,80.2750091553,59871,59881,10
13.025970459,80.2752075195,59881,59891,10
13.0265102386,80.2754821777,59891,59901,10
13.0270996094,80.2757492065,59901,59911,10
13.027759552,80.2760620117,59911,59921,10
13.028459549,80.2763519287,59921,59932,11
13.0291204453,80.2766113281,59932,59942,10
13.0297498703,80.2767868042,59942,59952,10
13.0298595428,80.2768096924,59952,59962,10
13.0300703049,80.2768630981,59962,59972,10
13.0306596756,80.2771530151,59972,59982,10
13.0313901901,80.2775726318,59982,59992,10
13.0318803787,80.2775802612,59992,60008,16
13.0322999954,80.2775268555,60008,60020,12
13.0324296951,80.2775421143,60020,60030,10
13.0329303741,80.2774963379,60030,60040,10
13.0334701538,80.2773590088,60040,60051,11
13.0338602066,80.2774200439,60051,60060,9
13.0341596603,80.2774963379,60060,60070,10
13.0346002579,80.2776184082,60070,60081,11
13.0352401733,80.2777481079,60081,60091,10
13.0357503891,80.27784729,60091,60100,9
13.036450386,80.2780227661,60100,60110,10
13.0370903015,80.2782592773,60110,60121,11
13.0379400253,80.2784729004,60121,60131,10
13.0388002396,80.2786712646,60131,60153,22
13.0388002396,80.2786712646,60153,60163,10
13.0390100479,80.2787780762,60163,60173,10
13.039349556,80.2789001465,60173,60183,10
13.0401201248,80.2791213989,60183,60193,10
13.0412502289,80.2793731689,60193,60203,10
13.0423002243,80.279510498,60203,60213,10
13.0431003571,80.2795791626,60213,60253,40
13.0431003571,80.2795791626,60253,60264,11
13.0432195663,80.2796173096,60264,60274,10
13.043800354,80.2798233032,60274,60284,10
13.0445203781,80.2799530029,60284,60294,10
13.0453796387,80.2800598145,60294,60304,10
13.0457601547,80.2801132202,60304,60314,10
13.0458498001,80.2801208496,60314,60324,10
13.0462903976,80.2801895142,60324,60334,10
13.0468397141,80.2802505493,60334,60344,10
13.0476999283,80.2803726196,60344,60354,10
13.0486001968,80.2805099487,60354,60364,10
13.049249649,80.2805862427,60364,60374,10
13.0493097305,80.2806015015,60374,60385,11
13.049779892,80.2806777954,60385,60395,10
13.0504999161,80.2807998657,60395,60405,10
13.0513601303,80.2809295654,60405,60415,10
13.0523004532,80.2810821533,60415,60425,10
13.0532903671,80.2812194824,60425,60435,10
13.0544099808,80.2814178467,60435,60445,10
13.0551996231,80.2815628052,60445,60455,10
13.0558595657,80.2816925049,60455,60465,10
13.0564498901,80.281791687,60465,60475,10
13.0564804077,80.2817993164,60475,60485,10
13.0566902161,80.2818374634,60485,60496,11
13.0571498871,80.2819213867,60496,60506,10
13.0573396683,80.2819595337,60506,60516,10
13.0577602386,80.2820587158,60516,60526,10
13.058380127,80.2821884155,60526,60536,10
13.0591001511,80.2823562622,60536,60546,10
13.0598802567,80.2825164795,60546,60556,10
13.0606002808,80.282661438,60556,60566,10
13.0614004135,80.2828369141,60566,60576,10
13.0621299744,80.2829971313,60576,60586,10
13.0628099442,80.2831573486,60586,60596,10
13.0631198883,80.2831802368,60596,60607,11
13.0632295609,80.283241272,60607,60617,10
13.0635995865,80.2833404541,60617,60627,10
13.0637702942,80.2833633423,60627,60637,10
13.0641498566,80.2834625244,60637,60647,10
13.0646600723,80.2835769653,60647,60657,10
13.0653800964,80.283782959,60657,60667,10
13.0663795471,80.2839813232,60667,60677,10
13.0673103333,80.2841567993,60677,60687,10
13.0682001114,80.2843322754,60687,60697,10
13.0691404343,80.2845535278,60697,60713,16
13.0705099106,80.2849121094,60713,60726,13
13.0713500977,80.2850799561,60726,60736,10
13.0723495483,80.2852935791,60736,60746,10
13.0735197067,80.2852401733,60746,60766,20
13.0735197067,80.2852401733,60766,60776,10
13.0737400055,80.2853469849,60776,60786,10
13.074139595,80.2858581543,60786,60796,10
13.0747203827,80.2863006592,60796,60806,10
13.0748100281,80.2863616943,60806,60815,9
13.0752496719,80.2866592407,60815,60825,10
13.0759296417,80.2869796753,60825,60837,12
13.0771398544,80.287322998,60837,60847,10
13.0780296326,80.2875289917,60847,60857,10
13.0791101456,80.287902832,60857,60867,10
13.079990387,80.2881317139,60867,60877,10
13.0806503296,80.2882614136,60877,60887,10
13.0812196732,80.2884902954,60887,60897,10
13.0818796158,80.2886962891,60897,60907,10
13.0825901031,80.2889862061,60907,60917,10
13.0833997726,80.2892227173,60917,60927,10
13.0841798782,80.2891998291,60927,60937,10
13.0850496292,80.2891921997,60937,60948,11
13.0858802795,80.2893981934,60948,60958,10
13.0868902206,80.2896575928,60958,60968,10
13.0877799988,80.2899932861,60968,60978,10
13.0885896683,80.2901763916,60978,60998,20
13.0885896683,80.2901763916,60998,61008,10
13.0886802673,80.2901611328,61008,61018,10
13.0888204575,80.2902069092,61018,61028,10
13.088809967,80.2903900146,61028,61038,10
13.0885095596,80.2903594971,61038,61048,10
13.0879201889,80.2900772095,61048,61059,11
13.0871400833,80.2898025513,61059,61069,10
13.0865402222,80.2896270752,61069,61079,10
13.0858697891,80.2894821167,61079,61089,10
13.0854196548,80.2888565063,61089,61099,10
13.0851297379,80.2879180908,61099,61109,10
13.0851602554,80.2867965698,61109,61119,10
13.085269928,80.2856292725,61119,61129,10
13.0853500366,80.2846603394,61129,61139,10
13.0853204727,80.2844467163,61139,61149,10
13.0852899551,80.2843933105,61149,61159,10
13.0852403641,80.2841262817,61159,61170,11
13.0853500366,80.2839202881,61170,61180,10
13.0854196548,80.283706665,61180,61190,10
13.0855998993,80.2835617065,61190,61199,9
13.0859203339,80.2835464478,61199,61210,11
13.0862998962,80.2836227417,61210,61220,10
13.0866699219,80.2839202881,61220,61260,40
13.0866699219,80.2839202881,61260,61270,10
13.0867996216,80.2839584351,61270,61280,10
13.0869598389,80.2839736938,61280,61381,101
13.0869598389,80.2839736938,61381,61392,11
13.086810112,80.2839508057,61392,61946,554
13.086810112,80.2839508057,61946,61956,10
13.0871496201,80.2838973999,61956,61967,11
13.0873403549,80.2839431763,61967,61977,10
13.0875396729,80.2839584351,61977,62088,111
13.0875396729,80.2839584351,62088,62098,10
13.0880403519,80.2839736938,62098,62128,30
13.0881500244,80.2837982178,62128,62148,20
13.0881500244,80.2837982178,62148,62158,10
13.0882701874,80.2835235596,62158,62168,10
13.0883197784,80.2833099365,62168,62178,10
13.0882997513,80.2829666138,62178,62189,11
13.0882997513,80.2825622559,62189,62198,9
13.0882501602,80.282119751,62198,62209,11
13.088060379,80.281578064,62209,62219,10
13.0880899429,80.2814712524,62219,62229,10
13.0883102417,80.2814483643,62229,62239,10
13.0885601044,80.2816772461,62239,62249,10
13.0884895325,80.282043457,62249,62259,10
13.0883998871,80.2824478149,62259,62269,10
13.0883398056,80.2828369141,62269,62279,10
13.0883197784,80.2831115723,62279,62289,10
13.088350296,80.2836074829,62289,62300,11
13.0883798599,80.2841415405,62300,62310,10
13.0884399414,80.2851028442,62310,62340,30
13.0884399414,80.2851028442,62340,62350,10
13.0884599686,80.2853164673,62350,62360,10
13.0885000229,80.2857818604,62360,62370,10
13.08852005,80.2863922119,62370,62380,10
13.0885295868,80.2867202759,62380,62390,10
13.0885696411,80.2873764038,62390,62400,10
13.0886001587,80.2876586914,62400,62410,10
13.0886497498,80.2881698608,62410,62421,11
13.0887098312,80.2886886597,62421,62431,10
13.0887804031,80.289100647,62431,62441,10
13.0888500214,80.2902603149,62441,62497,56
13.0888500214,80.2902603149,62497,62509,12
13.0887804031,80.2904586792,62509,62519,10
13.0884399414,80.2903366089,62519,62530,11
13.087770462,80.2900009155,62530,62540,10
13.0870304108,80.289680481,62540,62550,10
13.0862197876,80.2894210815,62550,62560,10
13.085439682,80.2892227173,62560,62570,10
13.0845899582,80.2891769409,62570,62580,10
13.0837602615,80.2891998291,62580,62590,10
13.0829896927,80.2892227173,62590,62600,10
13.0828800201,80.2891769409,62600,62610,10
13.0826702118,80.2890625,62610,62620,10
13.082110405,80.2888183594,62620,62630,10
13.0814199448,80.2885513306,62630,62641,11
13.0807199478,80.2883834839,62641,62651,10
13.0802297592,80.2882232666,62651,62661,10
13.0798301697,80.2881393433,62661,62671,10
13.0792503357,80.2880096436,62671,62681,10
13.078619957,80.287727356,62681,62691,10
13.0780696869,80.2875595093,62691,62701,10
13.0775203705,80.287437439,62701,62711,10
13.0766496658,80.2872085571,62711,62721,10
13.0757598877,80.2869796753,62721,62731,10
13.0753002167,80.2867584229,62731,62741,10
13.0747203827,80.2864074707,62741,62752,11
13.0739297867,80.2861328125,62752,62772,20
13.0739297867,80.2861328125,62772,62782,10
13.0737495422,80.2860794067,62782,62792,10
13.0732498169,80.2859115601,62792,62802,10
13.0726995468,80.2855911255,62802,62812,10
13.0719299316,80.2853012085,62812,62822,10
13.0710496902,80.2850570679,62822,62832,10
13.070110321,80.2848434448,62832,62842,10
13.0691299438,80.2846221924,62842,62852,10
13.0680103302,80.2843704224,62852,62873,21
13.0680103302,80.2843704224,62873,62883,10
13.0678701401,80.284362793,62883,62893,10
13.0670700073,80.2842788696,62893,62903,10
13.0664796829,80.2841567993,62903,62913,10
13.066450119,80.2841491699,62913,62923,10
13.0659999847,80.283996582,62923,62933,10
13.0654096603,80.2838287354,62933,62943,10
13.0648498535,80.2836990356,62943,62953,10
13.0644302368,80.2835998535,62953,63014,61
13.0644302368,80.2835998535,63014,63024,10
13.0642204285,80.2835464478,63024,63034,10
13.0638198853,80.283416748,63034,63044,10
13.0633001328,80.2832794189,63044,63054,10
13.062959671,80.283203125,63054,63064,10
13.0625095367,80.2831115723,63064,63084,20
13.0625095367,80.2831115723,63084,63095,11
13.0621900558,80.2830123901,63095,63105,10
13.0615501404,80.2828598022,63105,63115,10
13.0604200363,80.2826385498,63115,63135,20
13.0604200363,80.2826385498,63135,63145,10
13.0602197647,80.2825775146,63145,63155,10
13.0597400665,80.2824783325,63155,63165,10
13.0591697693,80.282371521,63165,63175,10
13.0588903427,80.282333374,63175,63185,10
13.0586595535,80.2822875977,63185,63195,10
13.0582799911,80.2822113037,63195,63216,21
13.0582799911,80.2822113037,63216,63226,10
13.0581102371,80.2821731567,63226,63236,10
13.057970047,80.2821273804,63236,63246,10
13.0575704575,80.282043457,63246,63266,20
13.0575704575,80.282043457,63266,63276,10
13.0574598312,80.2820205688,63276,63286,10
13.0567102432,80.2818832397,63286,63306,20
13.0567102432,80.2818832397,63306,63317,11
13.0564403534,80.2818222046,63317,63327,10
13.0562200546,80.2817764282,63327,63337,10
13.0560903549,80.2817611694,63337,63347,10
13.0555801392,80.2816467285,63347,63357,10
13.0548496246,80.28150177,63357,63367,10
13.0539398193,80.2813415527,63367,63377,10
13.0531597137,80.2811965942,63377,63387,10
13.0523796082,80.2810897827,63387,63397,10
13.0516395569,80.2809906006,63397,63407,10
13.0512695313,80.2809371948,63407,63417,10
13.0509796143,80.2808990479,63417,63427,10
13.0504398346,80.2808074951,63427,63438,11
13.050239563,80.2807769775,63438,63454,16
13.0491895676,80.2806167603,63454,63466,12
13.0480699539,80.2804412842,63466,63476,10
13.04708004,80.2803192139,63476,63486,10
13.0463199615,80.2801971436,63486,63496,10
13.04570961,80.280128479,63496,63506,10
13.0457000732,80.280128479,63506,63516,10
13.0454998016,80.2801132202,63516,63526,10
13.0447101593,80.2799987793,63526,63536,10
13.0439195633,80.279876709,63536,63547,11
13.0430803299,80.2797012329,63547,63557,10
13.042090416,80.2795028687,63557,63567,10
13.041179657,80.2793426514,63567,63576,9
13.0404100418,80.2791900635,63576,63587,11
13.0390701294,80.2788391113,63587,63606,19
13.0390701294,80.2788391113,63606,63617,11
13.0389995575,80.2787704468,63617,63627,10
13.0385198593,80.2786026001,63627,63637,10
13.0377702713,80.2783813477,63637,63647,10
13.0370903015,80.2781906128,63647,63658,11
13.0364198685,80.2779312134,63658,63668,10
13.0356302261,80.2777633667,63668,63678,10
13.0348796844,80.2776107788,63678,63688,10
13.0340995789,80.2774200439,63688,63698,10
13.0335302353,80.2773208618,63698,63708,10
13.0328903198,80.2774276733,63708,63718,10
13.0323200226,80.2774810791,63718,63728,10
13.0317401886,80.2775421143,63728,63738,10
13.0311203003,80.2773590088,63738,63748,10
13.0309400558,80.2772521973,63748,63758,10
13.0308799744,80.2772369385,63758,63768,10
13.0304803848,80.2770080566,63768,63779,11
13.0299196243,80.2767410278,63779,63795,16
13.028670311,80.2764129639,63795,63807,12
13.0277795792,80.2759933472,63807,63817,10
13.0269098282,80.2755966187,63817,63827,10
13.0261201859,80.2752609253,63827,63836,9
13.0260000229,80.2752075195,63836,63847,11
13.0259599686,80.275177002,63847,63857,10
13.0256204605,80.2750167847,63857,63867,10
13.0250997543,80.2748031616,63867,63877,10
13.0245399475,80.274520874,63877,63888,11
13.0240802765,80.2740783691,63888,63918,30
13.0240802765,80.2740783691,63918,63928,10
13.023850441,80.2737503052,63928,63938,10
13.023440361,80.2732009888,63938,63948,10
13.0228996277,80.2724609375,63948,63958,10
13.022310257,80.2716903687,63958,63968,10
13.0218000412,80.2710266113,63968,63978,10
13.0211400986,80.2702178955,63978,63988,10
13.0208301544,80.2698898315,63988,63998,10
13.0207796097,80.269821167,63998,64009,11
13.0204696655,80.2694168091,64009,64019,10
13.0200500488,80.2688674927,64019,64029,10
13.019370079,80.2680435181,64029,64039,10
13.0187397003,80.2671813965,64039,64049,10
13.0185899734,80.2662506104,64049,64059,10
13.0186700821,80.2656707764,64059,64068,9
13.0188798904,80.2649002075,64068,64079,11
13.0190296173,80.2640304565,64079,64089,10
13.0189599991,80.2635421753,64089,64099,10
13.0188903809,80.2631225586,64099,64110,11
13.0188598633,80.2628173828,64110,64120,10
13.0187797546,80.2622070313,64120,64130,10
13.0186796188,80.2615814209,64130,64140,10
13.0182304382,80.2610626221,64140,64150,10
13.0174999237,80.2605514526,64150,64160,10
13.0167398453,80.2600402832,64160,64170,10
13.016119957,80.2596893311,64170,64180,10
13.0160598755,80.2596588135,64180,64190,10
13.015879631,80.2595596313,64190,64200,10
13.0151700974,80.2593307495,64200,64210,10
13.0141801834,80.259262085,64210,64221,11
13.0129003525,80.2592086792,64221,64231,10
13.0118598938,80.2591781616,64231,64241,10
13.0108804703,80.2591705322,64241,64251,10
13.0099802017,80.2591934204,64251,64261,10
13.0092401505,80.2591781616,64261,64271,10
13.0087099075,80.2591629028,64271,64281,10
13.0083303452,80.2591781616,64281,64291,10
13.0076904297,80.2593612671,64291,64301,10
13.0072603226,80.2597808838,64301,64311,10
13.0071401596,80.2601470947,64311,64321,10
13.0072498322,80.2607269287,64321,64332,11
13.0073900223,80.2613601685,64332,64342,10
13.0074396133,80.2615127563,64342,64352,10
13.0075597763,80.2620620728,64352,64362,10
13.0077104568,80.2626495361,64362,64372,10
13.0078401566,80.2631607056,64372,64382,10
13.0079498291,80.2637634277,64382,64392,10
13.0080099106,80.2643814087,64392,64402,10
13.007900238,80.2651977539,64402,64412,10
13.0077495575,80.26587677,64412,64422,10
13.0076904297,80.2662277222,64422,64432,10
13.0075798035,80.2666778564,64432,64442,10
13.0073795319,80.2674789429,64442,64453,11
13.0071697235,80.268447876,64453,64463,10
13.0069999695,80.2694015503,64463,64473,10
13.0066995621,80.2702713013,64473,64483,10
13.0059204102,80.2703018188,64483,64493,10
13.0048799515,80.2696609497,64493,64503,10
13.0041704178,80.269203186,64503,64513,10
13.0038204193,80.2689819336,64513,64523,10
13.0033197403,80.2687606812,64523,64533,10
13.0032300949,80.268699646,64533,64543,10
13.0028600693,80.2684402466,64543,64553,10
13.0022802353,80.268081665,64553,64564,11
13.0017004013,80.2677383423,64564,64573,9
13.0009403229,80.2672576904,64573,64594,21
13.0009403229,80.2672576904,64594,64604,10
13.0007095337,80.2671279907,64604,64614,10
13.0002403259,80.2668762207,64614,64624,10
12.999540329,80.266998291,64624,64634,10
12.9987697601,80.2671890259,64634,64644,10
12.9980602264,80.2673797607,64644,64654,10
12.9974803925,80.267539978,64654,64664,10
12.9968395233,80.2677230835,64664,64675,11
12.9962997437,80.2677001953,64675,64685,10
12.9957504272,80.2676620483,64685,64786,101
12.99559021,80.2674407959,64786,64826,40
12.99559021,80.2674407959,64826,64836,10
12.9956798553,80.2670669556,64836,64846,10
12.995759964,80.2663726807,64846,64856,10
12.9958496094,80.2654876709,64856,64866,10
12.995929718,80.2647171021,64866,64876,10
12.9960098267,80.2640991211,64876,64885,9
12.9960803986,80.263458252,64885,64897,12
12.9961795807,80.2625274658,64897,64917,20
12.9961795807,80.2625274658,64917,64927,10
12.9962301254,80.2624511719,64927,64937,10
12.9962797165,80.2620010376,64937,64947,10
12.9963302612,80.2614974976,64947,64957,10
12.9963903427,80.2608413696,64957,64967,10
12.9964799881,80.2601165771,64967,64977,10
12.9965295792,80.2593536377,64977,64987,10
12.9966096878,80.2585372925,64987,64997,10
12.9966897964,80.2577972412,64997,65008,11
12.9967699051,80.2570724487,65008,65018,10
12.9968099594,80.2565002441,65018,65028,10
12.9968500137,80.2562103271,65028,65119,91
12.9968500137,80.2562103271,65119,65129,10
12.9969902039,80.2559585571,65129,65139,10
12.9969396591,80.2554092407,65139,65149,10
12.9968299866,80.2547683716,65149,65159,10
12.9964704514,80.2542495728,65159,65169,10
12.9960803986,80.2538528442,65169,65179,10
12.995639801,80.2534408569,65179,65189,10
12.9952001572,80.2529830933,65189,65199,10
12.9949703217,80.252532959,65199,65209,10
12.9947595596,80.2524490356,65209,65219,10
12.9943599701,80.2525482178,65219,65240,21
12.9943599701,80.2525482178,65240,65250,10
12.9940500259,80.2526321411,65250,65260,10
12.9938097,80.2526779175,65260,65270,10
12.9934597015,80.2527618408,65270,65298,28
12.9934597015,80.2527618408,65298,65308,10
12.9929304123,80.2528915405,65308,65318,10
12.9924602509,80.2528915405,65318,65328,10
12.9918498993,80.2529678345,65328,65338,10
12.9914102554,80.2532119751,65338,65349,11
12.9909801483,80.2537231445,65349,65359,10
12.9907999039,80.2546386719,65359,65369,10
12.9907102585,80.2558898926,65369,65389,20
12.9907102585,80.2558898926,65389,65399,10
12.990650177,80.2560577393,65399,65409,10
12.9902200699,80.2560424805,65409,65419,10
12.9895601273,80.2559967041,65419,65429,10
12.9892501831,80.2559585571,65429,65439,10
12.9892196655,80.2559509277,65439,65460,21
12.9890899658,80.255897522,65460,65473,13
12.9887895584,80.2558898926,65473,65483,10
12.9885797501,80.2558822632,65483,65493,10
12.9883403778,80.2558517456,65493,65503,10
12.9881095886,80.2558288574,65503,65513,10
12.9878196716,80.2558135986,65513,65523,10
12.9875602722,80.2559204102,65523,65532,9
12.9875001907,80.2565383911,65532,65543,11
12.9874401093,80.2572402954,65543,65553,10
12.9873895645,80.2580566406,65553,65563,10
12.9873504639,80.2586593628,65563,65574,11
12.9872903824,80.2591323853,65574,65584,10
12.9872102737,80.2594528198,65584,65624,40
12.9872102737,80.2594528198,65624,65634,10
12.9871501923,80.2596130371,65634,65644,10
12.9867296219,80.2595672607,65644,66210,566
12.9867296219,80.2595672607,66210,66220,10
12.9866104126,80.2595291138,66220,66230,10
12.9865598679,80.2592468262,66230,66261,31
12.9865598679,80.2592468262,66261,66271,10
12.9868001938,80.2590789795,66271,66311,40
12.9868001938,80.2590789795,66311,66321,10
12.9871397018,80.2591400146,66321,66341,20
12.9871397018,80.2591400146,66341,66351,10
12.9872903824,80.2591705322,66351,66362,11
12.9873695374,80.2589416504,66362,66372,10
12.9873695374,80.2588577271,66372,66382,10
12.9874000549,80.2585601807,66382,66392,10
12.9874296188,80.2582168579,66392,66402,10
12.987449646,80.2576599121,66402,66412,10
12.9874801636,80.2571334839,66412,66422,10
12.9875202179,80.2569274902,66422,66432,10
12.987569809,80.2566375732,66432,66442,10
12.9876098633,80.2562637329,66442,66452,10
12.9876203537,80.2559432983,66452,66462,10
12.9877901077,80.2557067871,66462,66473,11
12.9880199432,80.2557601929,66473,66483,10
12.9880599976,80.2557830811,66483,66493,10
12.9880895615,80.255821228,66493,66503,10
12.9881801605,80.2558364868,66503,66513,10
12.988360405,80.2558898926,66513,66523,10
12.9885902405,80.2559204102,66523,66543,20
12.9885902405,80.2559204102,66543,66553,10
12.988650322,80.2559280396,66553,66563,10
12.988940239,80.2559585571,66563,66573,10
12.9893398285,80.2559967041,66573,66584,11
12.9899597168,80.2560424805,66584,66594,10
12.9904098511,80.2559967041,66594,66604,10
12.9907197952,80.2557907104,66604,66614,10
12.9907398224,80.2553863525,66614,66624,10
12.9907398224,80.2548522949,66624,66634,10
12.9907798767,80.2543792725,66634,66644,10
12.9910497665,80.2538070679,66644,66654,10
12.9913902283,80.2533798218,66654,66664,10
12.9919099808,80.2530670166,66664,66674,10
12.9925203323,80.2529907227,66674,66684,10
12.9931097031,80.2529067993,66684,66695,11
12.9937400818,80.2527313232,66695,66705,10
12.9944400787,80.2525177002,66705,66715,10
12.9949398041,80.2524185181,66715,66725,10
12.9951295853,80.2529296875,66725,66745,20
12.9951295853,80.2529296875,66745,66755,10
12.9954204559,80.253288269,66755,66765,10
12.9960403442,80.2538833618,66765,66775,10
12.9966602325,80.2545166016,66775,66785,10
12.9968595505,80.2553482056,66785,66866,81
12.9968595505,80.2553482056,66866,66876,10
12.996919632,80.2556610107,66876,66997,121
12.996919632,80.2556610107,66997,67007,10
12.9968900681,80.2560272217,67007,67017,10
12.9968595505,80.2562484741,67017,67027,10
12.9968204498,80.2565994263,67027,67038,11
12.9967699051,80.2570877075,67038,67048,10
12.9967699051,80.2571105957,67048,67058,10
12.9967498779,80.2574996948,67058,67068,10
12.9966697693,80.2581863403,67068,67078,10
12.9966201782,80.2588119507,67078,67088,10
12.9965600967,80.2591400146,67088,67098,10
12.9965496063,80.2591629028,67098,67108,10
12.9965295792,80.259262085,67108,67118,10
12.9964799881,80.2596282959,67118,67128,10
12.9964504242,80.2600479126,67128,67138,10
12.9963998795,80.2606430054,67138,67149,11
12.9963302612,80.2612991333,67149,67159,10
12.9962997437,80.2616577148,67159,67169,10
12.9962100983,80.2623672485,67169,67209,40
12.9962100983,80.2623672485,67209,67219,10
12.9961595535,80.2626266479,67219,67229,10
12.9961204529,80.2630615234,67229,67239,10
12.9960699081,80.2635574341,67239,67249,10
12.9960002899,80.2641677856,67249,67260,11
12.9959697723,80.2644805908,67260,67270,10
12.9959402084,80.2648620605,67270,67280,10
12.9958400726,80.2656021118,67280,67290,10
12.9957399368,80.266418457,67290,67300,10
12.9956598282,80.2671966553,67300,67310,10
12.9956998825,80.2676467896,67310,67320,10
12.9962701797,80.2677536011,67320,67371,51
12.9962701797,80.2677536011,67371,67381,10
12.996509552,80.2678909302,67381,67391,10
12.9969797134,80.267791748,67391,67401,10
12.997469902,80.2676315308,67401,67417,16
12.9981203079,80.2674179077,67417,67429,12
12.9987602234,80.2672195435,67429,67439,10
12.9993600845,80.267036438,67439,67449,10
12.9999198914,80.2668380737,67449,67459,10
13.0003404617,80.2668914795,67459,67469,10
13.0005302429,80.267036438,67469,67479,10
13.000869751,80.2672195435,67479,67500,21
13.000869751,80.2672195435,67500,67510,10
13.0010795593,80.2673492432,67510,67520,10
13.0013799667,80.267539978,67520,67530,10
13.0018396378,80.2678222656,67530,67540,10
13.0024299622,80.2682037354,67540,67550,10
13.003080368,80.2685623169,67550,67560,10
13.0032997131,80.268699646,67560,67570,10
13.0035104752,80.2688827515,67570,67590,20
13.0035104752,80.2688827515,67590,67600,10
13.0037899017,80.26902771,67600,67611,11
13.0042800903,80.2693405151,67611,67621,10
13.0049200058,80.2697372437,67621,67631,10
13.0055999756,80.270149231,67631,67641,10
13.0063495636,80.2704620361,67641,67651,10
13.0068597794,80.2698974609,67651,67661,10
13.0069904327,80.2692184448,67661,67671,10
13.0070800781,80.2686080933,67671,67681,10
13.007229805,80.267906189,67681,67691,10
13.0074596405,80.2670822144,67691,67701,10
13.0076503754,80.2663497925,67701,67712,11
13.0077495575,80.26587677,67712,67722,10
13.0078897476,80.2652282715,67722,67732,10
13.0079603195,80.2645874023,67732,67742,10
13.0079698563,80.2642593384,67742,67752,10
13.0078601837,80.2637481689,67752,67762,10
13.0077199936,80.2631835938,67762,67772,10
13.0076398849,80.2627716064,67772,67782,10
13.0074796677,80.2621917725,67782,67792,10
13.0073099136,80.2615509033,67792,67802,10
13.0072097778,80.2610626221,67802,67812,10
13.0071802139,80.2607879639,67812,67823,11
13.007109642,80.2603912354,67823,67833,10
13.0072202682,80.2598114014,67833,67843,10
13.0072402954,80.2591018677,67843,67853,10
13.0073604584,80.2587280273,67853,67863,10
13.0076398849,80.2586669922,67863,67873,10
13.0085401535,80.2590026855,67873,67903,30
13.0085401535,80.2590026855,67903,67913,10
13.0088596344,80.2590789795,67913,67923,10
13.0092000961,80.2590789795,67923,67934,11
13.009929657,80.2590789795,67934,67944,10
13.0107297897,80.2590866089,67944,67954,10
13.011590004,80.2590713501,67954,67964,10
13.0125303268,80.2591094971,67964,67974,10
13.0135202408,80.2591400146,67974,67984,10
13.0145397186,80.2591781616,67984,67994,10
13.0154695511,80.259262085,67994,68004,10
13.0161895752,80.259552002,68004,68014,10
13.0164203644,80.259727478,68014,68024,10
13.0164804459,80.2597579956,68024,68034,10
13.0166702271,80.2599029541,68034,68045,11
13.0170497894,80.2601623535,68045,68055,10
13.0174798965,80.2604370117,68055,68065,10
13.0179300308,80.2607727051,68065,68075,10
13.0184001923,80.2611236572,68075,68085,10
13.0189800262,80.2615814209,68085,68095,10
13.0195102692,80.2620620728,68095,68105,10
13.0200195313,80.2625808716,68105,68115,10
13.0201196671,80.2629699707,68115,68125,10
13.0195798874,80.2629394531,68125,68135,10
13.019109726,80.2629318237,68135,68145,10
13.018989563,80.2632598877,68145,68156,11
13.019080162,80.2640686035,68156,68166,10
13.0188999176,80.2648696899,68166,68176,10
13.0187501907,80.2653503418,68176,68186,10
13.0186004639,80.2660064697,68186,68196,10
13.0187101364,80.2668991089,68196,68206,10
13.0191602707,80.2676696777,68206,68216,10
13.0197200775,80.2683105469,68216,68226,10
13.0203199387,80.2691116333,68226,68236,10
13.0207700729,80.2696762085,68236,68246,10
13.0214004517,80.270401001,68246,68266,20
13.0214004517,80.270401001,68266,68277,11
13.0217103958,80.2707901001,68277,68287,10
13.022190094,80.2714080811,68287,68297,10
13.0227899551,80.2722015381,68297,68307,10
13.0232801437,80.2728729248,68307,68317,10
13.0238800049,80.2736816406,68317,68377,60
13.0238800049,80.2736816406,68377,68388,11
13.0239601135,80.2737808228,68388,68398,10
13.0242395401,80.2741622925,68398,68408,10
13.0247297287,80.2746124268,68408,68418,10
13.0253896713,80.2749099731,68418,68438,20
13.0253896713,80.2749099731,68438,68448,10
13.025560379,80.2750015259,68448,68458,10
13.0259304047,80.2751922607,68458,68468,10
13.0265197754,80.2754669189,68468,68478,10
13.027179718,80.2757873535,68478,68488,10
13.0277500153,80.2760391235,68488,68499,11
13.0281400681,80.2761917114,68499,68509,10
13.0283298492,80.2762680054,68509,68519,10
13.0285396576,80.2763671875,68519,68529,10
13.0287599564,80.2764511108,68529,68539,10
13.0293598175,80.2766189575,68539,68549,10
13.0298900604,80.2767715454,68549,68559,10
13.0299301147,80.2767791748,68559,68569,10
13.0302696228,80.2769165039,68569,68579,10
13.0309295654,80.2772979736,68579,68589,10
13.0315504074,80.2776031494,68589,68599,10
13.0315999985,80.2776031494,68599,68616,17
13.0317497253,80.2775802612,68616,68628,12
13.0323200226,80.2775115967,68628,68638,10
13.0327501297,80.2774810791,68638,68707,69
13.0327501297,80.2774810791,68707,68719,12
13.0332803726,80.2773666382,68719,68729,10
13.0334300995,80.2773208618,68729,68739,10
13.033659935,80.2773132324,68739,68749,10
13.0340003967,80.2773971558,68749,68759,10
13.0345001221,80.2775497437,68759,68769,10
13.0348901749,80.2776184082,68769,68779,10
13.0354099274,80.2777328491,68779,68789,10
13.0357398987,80.2778015137,68789,68799,10
13.0360803604,80.2778701782,68799,68809,10
13.0366802216,80.2780609131,68809,68819,10
13.0371904373,80.2782592773,68819,68829,10
13.0378599167,80.2784423828,68829,68840,11
13.038860321,80.2787017822,68840,68860,20
13.038860321,80.2787017822,68860,68870,10
13.0390501022,80.2787475586,68870,68880,10
13.0394496918,80.2788925171,68880,68890,10
13.0402698517,80.2791213989,68890,68900,10
13.0410900116,80.2792816162,68900,68910,10
13.0419502258,80.2794189453,68910,68920,10
13.0429496765,80.2795181274,68920,68930,10
13.0437602997,80.2797470093,68930,68940,10
13.0443897247,80.2798614502,68940,68957,17
13.0453395844,80.2799911499,68957,68969,12
13.0456399918,80.2800292969,68969,68979,10
13.0456600189,80.2800369263,68979,68989,10
13.0459403992,80.2800827026,68989,68999,10
13.0464601517,80.2801513672,68999,69009,10
13.0470504761,80.2802429199,69009,69019,10
13.0478401184,80.2803421021,69019,69029,10
13.0485897064,80.2804412842,69029,69039,10
13.0492696762,80.2805404663,69039,69049,10
13.0498600006,80.2806396484,69049,69060,11
13.0506696701,80.2807693481,69060,69070,10
13.0512800217,80.2808609009,69070,69080,10
13.0520296097,80.2809677124,69080,69090,10
13.0527896881,80.2810668945,69090,69100,10
13.0534296036,80.2811813354,69100,69110,10
13.0542497635,80.2813186646,69110,69120,10
13.054980278,80.281463623,69120,69130,10
13.0555200577,80.2815704346,69130,69140,10
13.0558004379,80.2816390991,69140,69150,10
13.0562095642,80.2817306519,69150,69170,20
13.0562095642,80.2817306519,69170,69181,11
13.0563602448,80.2817611694,69181,69191,10
13.0565700531,80.2817993164,69191,69201,10
13.0569601059,80.2818832397,69201,69211,10
13.0574903488,80.2819976807,69211,69227,16
13.058429718,80.2821884155,69227,69239,12
13.0593795776,80.2823867798,69239,69249,10
13.0599603653,80.2825012207,69249,69259,10
13.0604696274,80.2826004028,69259,69269,10
13.0609903336,80.2827072144,69269,69279,10
13.0614299774,80.2828063965,69279,69289,10
13.0618801117,80.282913208,69289,69301,12
13.0625600815,80.2830505371,69301,69311,10
13.0628995895,80.2831192017,69311,69321,10
13.0630397797,80.2831726074,69321,69331,10
13.063249588,80.2832183838,69331,69341,10
13.0635099411,80.2832870483,69341,69351,10
13.0640201569,80.2834320068,69351,69361,10
13.0645399094,80.2835388184,69361,69381,20
13.0645399094,80.2835388184,69381,69391,10
13.0647296906,80.2835998535,69391,69402,11
13.0653800964,80.2837219238,69402,69412,10
13.0662498474,80.2838973999,69412,69422,10
13.067029953,80.2840499878,69422,69430,8
13.067489624,80.2841186523,69430,69442,12
13.0680198669,80.2842102051,69442,69451,9
13.0685501099,80.2843399048,69451,69463,12
13.0693597794,80.284538269,69463,69473,10
13.0700597763,80.2847366333,69473,69483,10
13.0704097748,80.2848205566,69483,69493,10
13.0707798004,80.2848815918,69493,69503,10
13.0715503693,80.2851028442,69503,69513,10
13.0723600388,80.2852401733,69513,69524,11
13.0730600357,80.2851715088,69524,69544,20
13.0730600357,80.2851715088,69544,69554,10
13.073220253,80.28515625,69554,69564,10
13.073390007,80.2851715088,69564,69574,10
13.0734796524,80.2852020264,69574,69584,10
13.07351017,80.2852096558,69584,69594,10
13.0735797882,80.2852478027,69594,69604,10
13.0739603043,80.2856674194,69604,69624,20
13.0739603043,80.2856674194,69624,69635,11
13.0740499496,80.2857971191,69635,69645,10
13.0746498108,80.2862625122,69645,69665,20
13.0746498108,80.2862625122,69665,69675,10
13.0747404099,80.2863235474,69675,69685,10
13.0749998093,80.286491394,69685,69695,10
13.0754098892,80.2867507935,69695,69705,10
13.0762500763,80.2870483398,69705,69715,10
13.0771398544,80.2872772217,69715,69725,10
13.0779800415,80.2874832153,69725,69735,10
13.079000473,80.2878112793,69735,69746,11
13.0799398422,80.2880706787,69746,69756,10
13.080329895,80.2881774902,69756,69766,10
13.080739975,80.2882766724,69766,69776,10
13.0813503265,80.2884979248,69776,69786,10
13.0818901062,80.2886810303,69786,69796,10
13.0825099945,80.2889404297,69796,69806,10
13.0832195282,80.2891616821,69806,69816,10
13.0838403702,80.2891387939,69816,69826,10
13.0847797394,80.2891082764,69826,69835,9
13.0854902267,80.2892227173,69835,69848,13
13.0864801407,80.2894515991,69848,69859,11
13.087220192,80.289680481,69859,69869,10
13.088259697,80.2900924683,69869,69899,30
13.088259697,80.2900924683,69899,69909,10
13.0883903503,80.2901382446,69909,69919,10
13.0887098312,80.2901382446,69919,69942,23
13.0881299973,80.2901382446,69942,69954,12
13.0874300003,80.2898635864,69954,69964,10
13.0867500305,80.2896499634,69964,69975,11
13.0860700607,80.2894821167,69975,69985,10
13.0856399536,80.2892837524,69985,69993,8
13.0853996277,80.2888565063,69993,70004,11
13.0850801468,80.2879867554,70004,70015,11
13.085100174,80.2869796753,70015,70027,12
13.0851802826,80.2858810425,70027,70037,10
13.085269928,80.2849273682,70037,70047,10
13.0852203369,80.284362793,70047,70057,10
13.0851898193,80.2841873169,70057,70067,10
13.0852298737,80.2840118408,70067,70078,11
13.0852603912,80.2839584351,70078,70088,10
13.0853595734,80.2837371826,70088,70098,10
13.0854196548,80.2835464478,70098,70108,10
13.0856800079,80.2835083008,70108,70118,10
13.0860300064,80.2835083008,70118,70128,10
13.0862703323,80.2836074829,70128,70138,10
13.0866098404,80.2838973999,70138,70189,51
13.0866098404,80.2838973999,70189,70199,10
13.0867300034,80.2839736938,70199,70209,10
13.0868997574,80.2839584351,70209,70219,10
13.087100029,80.2839279175,70219,70229,10
13.0873003006,80.2839202881,70229,70239,10
13.0877103806,80.2838897705,70239,70421,182
13.0879201889,80.2839202881,70421,70441,20
13.0879201889,80.2839202881,70441,70451,10
13.0880699158,80.2836685181,70451,70481,30
13.0880699158,80.2836685181,70481,70491,10
13.0882396698,80.2832107544,70491,70501,10
13.0882396698,80.2828369141,70501,70511,10
13.0882396698,80.2824478149,70511,70521,10
13.0881900787,80.2819900513,70521,70532,11
13.0880298615,80.2814788818,70532,70542,10
13.0881996155,80.2813720703,70542,70552,10
13.0885000229,80.28150177,70552,70562,10
13.0884799957,80.2817993164,70562,70572,10
13.0883998871,80.2822113037,70572,70582,10
13.0883398056,80.2825317383,70582,70592,10
13.0882902145,80.2828216553,70592,70602,10
13.0882902145,80.2832794189,70602,70612,10
13.0883197784,80.2838287354,70612,70622,10
13.088350296,80.2844467163,70622,70632,10
13.0883903503,80.2849502563,70632,70643,11
13.0883998871,80.2850189209,70643,70653,10
13.0883998871,80.2850799561,70653,70663,10
13.0883903503,80.2852096558,70663,70673,10
13.0884199142,80.2855529785,70673,70683,10
13.0884304047,80.2860412598,70683,70693,10
13.0884504318,80.2863388062,70693,70703,10
13.0884504318,80.2866821289,70703,70713,10
13.0884799957,80.2872085571,70713,70723,10
13.0885000229,80.2874679565,70723,70733,10
13.0885400772,80.2879180908,70733,70743,10
13.0885896683,80.2884521484,70743,70754,11
13.088640213,80.2887573242,70754,70764,10
13.0887298584,80.2892608643,70764,70773,9
13.0887098312,80.289352417,70773,70784,11
13.0887002945,80.2895965576,70784,70794,10
13.0887002945,80.2901000977,70794,70844,50
13.0887002945,80.2901000977,70844,70854,10
13.0886802673,80.290397644,70854,70865,11
13.0885095596,80.2904968262,70865,70875,10
13.088060379,80.2902069092,70875,70885,10
13.0874204636,80.2898712158,70885,70895,10
13.0867996216,80.2896118164,70895,70905,10
13.0859804153,80.2893600464,70905,70915,10
13.0852003098,80.289100647,70915,70925,10
13.0842695236,80.2890701294,70925,70935,10
13.0836400986,80.2891082764,70935,70945,10
13.0831298828,80.2891311646,70945,70955,10
13.0825004578,80.2889175415,70955,70965,10
13.0819196701,80.2887420654,70965,70976,11
13.0812196732,80.2884597778,70976,70986,10
13.0807695389,80.2883605957,70986,70996,10
13.0802402496,80.2882003784,70996,71006,10
13.079990387,80.2881469727,71006,71016,10
13.0795602798,80.2880706787,71016,71026,10
13.0789403915,80.2878417969,71026,71036,10
13.0783195496,80.2875976563,71036,71046,10
13.0778303146,80.2874679565,71046,71056,10
13.0771598816,80.287322998,71056,71066,10
13.0762796402,80.2870864868,71066,71076,10
13.0756397247,80.2869110107,71076,71087,11
13.0753602982,80.2867584229,71087,71097,10
13.0748195648,80.2864685059,71097,71107,10
13.0741195679,80.2861175537,71107,71127,20
13.0741195679,80.2861175537,71127,71137,10
13.0737495422,80.2860336304,71137,71147,10
13.0731601715,80.2858581543,71147,71157,10
13.072520256,80.2854690552,71157,71167,10
13.0707702637,80.2849578857,71167,71177,10
13.0707702637,80.2849578857,71177,71187,10
13.0699100494,80.2847595215,71187,71197,10
13.0691995621,80.2846069336,71197,71208,11
13.0686597824,80.2844772339,71208,71218,10
13.0684404373,80.2844314575,71218,71228,10
13.0683403015,80.2844085693,71228,71238,10
13.0679798126,80.2843322754,71238,71248,10
13.067440033,80.2842712402,71248,71258,10
13.0667600632,80.2842025757,71258,71268,10
13.066619873,80.2841491699,71268,71279,11
13.0664396286,80.2840881348,71279,71288,9
13.0662403107,80.2840194702,71288,71298,10
13.0657396317,80.2838821411,71298,71308,10
13.0650501251,80.2836990356,71308,71319,11
13.0643796921,80.2835388184,71319,71329,10
13.0637998581,80.2833862305,71329,71339,10
13.0632696152,80.2832717896,71339,71349,10
13.0629701614,80.283203125,71349,71359,10
13.0626296997,80.2831115723,71359,71387,28
13.0626296997,80.2831115723,71387,71398,11
13.0624599457,80.2830581665,71398,71410,12
13.0623397827,80.2830276489,71410,71420,10
13.0617799759,80.2828826904,71420,71431,11
13.0609998703,80.2827224731,71431,71441,10
13.0601797104,80.2825698853,71441,71451,10
13.0592403412,80.2823562622,71451,71460,9
13.0583400726,80.2822036743,71460,71471,11
13.0576200485,80.2820663452,71471,71481,10
13.0571804047,80.2819900513,71481,71491,10
13.0570802689,80.2819595337,71491,71501,10
13.0568399429,80.2818984985,71501,71521,20
13.0568399429,80.2818984985,71521,71531,10
13.0565395355,80.281829834,71531,71542,11
13.0559196472,80.2816925049,71542,71552,10
13.0552902222,80.2815628052,71552,71562,10
13.0545196533,80.2814025879,71562,71572,10
13.0536699295,80.28125,71572,71582,10
13.0528802872,80.2811203003,71582,71590,8
13.0522403717,80.2810211182,71590,71602,12
13.0512504578,80.2808837891,71602,71612,10
13.050330162,80.2807617188,71612,71633,21
13.050330162,80.2807617188,71633,71643,10
13.0500001907,80.280708313,71643,71654,11
13.0493602753,80.2805862427,71654,71664,10
13.0485801697,80.2804718018,71664,71674,10
13.047539711,80.2803268433,71674,71684,10
13.0467300415,80.2802276611,71684,71694,10
13.0462903976,80.280166626,71694,71704,10
13.0457601547,80.2801132202,71704,71714,10
13.04529953,80.2800369263,71714,71730,16
13.0443401337,80.2799224854,71730,71742,12
13.0435600281,80.279800415,71742,71752,10
13.0429801941,80.2796478271,71752,71762,10
13.0423002243,80.279510498,71762,71773,11
13.0414400101,80.2793579102,71773,71783,10
13.0409097672,80.2792510986,71783,71793,10
13.0407600403,80.2792282104,71793,71803,10
13.0405597687,80.2791671753,71803,71813,10
13.039899826,80.2790222168,71813,71823,10
13.0394001007,80.2789001465,71823,71834,11
13.0391302109,80.2788314819,71834,71844,10
13.0389795303,80.2787704468,71844,71854,10
13.0388002396,80.2787017822,71854,71864,10
13.0387601852,80.278678894,71864,71874,10
13.0384597778,80.2785873413,71874,71965,91
13.0384597778,80.2785873413,71965,71975,10
13.0381498337,80.2784881592,71975,71985,10
13.0379896164,80.278427124,71985,71996,11
13.0376796722,80.2783279419,71996,72056,60
13.0376796722,80.2783279419,72056,72066,10
13.037320137,80.2782211304,72066,72137,71
13.037320137,80.2782211304,72137,72147,10
13.0371799469,80.2781600952,72147,72157,10
13.0371398926,80.278137207,72157,72167,10
13.036939621,80.2780914307,72167,72177,10
13.0367298126,80.2780380249,72177,72197,20
13.0367298126,80.2780380249,72197,72207,10
13.0364198685,80.2779083252,72207,72228,21
13.0364198685,80.2779083252,72228,72238,10
13.0361204147,80.2778167725,72238,72278,40
13.0361204147,80.2778167725,72278,72288,10
13.0359401703,80.2777175903,72288,72298,10
13.0357303619,80.2776794434,72298,72369,71
13.0353498459,80.277671814,72369,72429,60
13.0353498459,80.277671814,72429,72439,10
13.0349798203,80.2776031494,72439,72490,51
13.0349798203,80.2776031494,72490,72500,10
13.0346002579,80.2775497437,72500,72530,30
13.0346002579,80.2775497437,72530,72540,10
13.0342702866,80.2774810791,72540,72571,31
13.0342702866,80.2774810791,72571,72581,10
13.0339603424,80.277381897,72581,72591,10
13.0338401794,80.27734375,72591,72601,10
13.0336904526,80.2773132324,72601,72611,10
13.033249855,80.2773590088,72611,72621,10
13.0327596664,80.2774124146,72621,72631,10
13.0322599411,80.2774505615,72631,72641,10
13.0318698883,80.2775115967,72641,72651,10
13.0314998627,80.2775268555,72651,72662,11
13.0314903259,80.2775268555,72662,72671,9
13.0311603546,80.2774200439,72671,72703,32
13.0311603546,80.2774200439,72703,72713,10
13.0308198929,80.2771911621,72713,72723,10
13.0305204391,80.2770080566,72723,72733,10
13.0299701691,80.2767562866,72733,72743,10
13.0294599533,80.2766265869,72743,72753,10
13.0288801193,80.2764434814,72753,72763,10
13.0285997391,80.2763519287,72763,72773,10
13.0284404755,80.2762832642,72773,72784,11
13.0279998779,80.2761077881,72784,72794,10
13.0275802612,80.2759780884,72794,72804,10
13.0270500183,80.2757415771,72804,72814,10
13.0265102386,80.2754821777,72814,72824,10
13.0261096954,80.2752838135,72824,72834,10
13.0260095596,80.2752380371,72834,72844,10
13.0258703232,80.2751617432,72844,72854,10
13.0253601074,80.2749481201,72854,72864,10
13.0246801376,80.2746429443,72864,72874,10
13.0242395401,80.2742767334,72874,72895,21
13.0242395401,80.2742767334,72895,72905,10
13.0241298676,80.2741317749,72905,72915,10
13.023850441,80.2737579346,72915,72925,10
13.0234603882,80.2732162476,72925,72935,10
13.023059845,80.2726593018,72935,72945,10
13.0225000381,80.2719192505,72945,72955,10
13.021900177,80.2711181641,72955,72965,10
13.0214500427,80.2705535889,72965,72975,10
13.0212802887,80.2703323364,72975,72985,10
13.0211200714,80.2701568604,72985,72996,11
13.0208797455,80.2698822021,72996,73006,10
13.020819664,80.26978302,73006,73016,10
13.0205097198,80.2693405151,73016,73026,10
13.0199804306,80.2687301636,73026,73036,10
13.0194997787,80.2680969238,73036,73046,10
13.0190896988,80.267578125,73046,73056,10
13.0186796188,80.2666015625,73056,73066,10
13.0186395645,80.2658996582,73066,73076,10
13.0188102722,80.2651290894,73076,73086,10
13.0190401077,80.2641372681,73086,73096,10
13.0189599991,80.263458252,73096,73107,11
13.0188903809,80.2630081177,73107,73117,10
13.0188703537,80.2629165649,73117,73127,10
13.0188398361,80.2626495361,73127,73137,10
13.0187702179,80.2620391846,73137,73147,10
13.0186595917,80.2613677979,73147,73157,10
13.0181398392,80.2609176636,73157,73167,10
13.0175199509,80.2605133057,73167,73177,10
13.016869545,80.2600784302,73177,73187,10
13.016169548,80.2596969604,73187,73197,10
13.0160598755,80.2596511841,73197,73207,10
13.0158500671,80.259552002,73207,73217,10
13.015250206,80.2593536377,73217,73228,11
13.0144100189,80.2592697144,73228,73238,10
13.0135803223,80.2592391968,73238,73254,16
13.012140274,80.2592010498,73254,73266,12
13.0111198425,80.2591705322,73266,73276,10
13.010310173,80.2592086792,73276,73286,10
13.0094995499,80.2592010498,73286,73296,10
13.0089797974,80.259147644,73296,73306,10
13.0086803436,80.259147644,73306,73316,10
13.0081796646,80.2591781616,73316,73326,10
13.0075397491,80.2593994141,73326,73336,10
13.007229805,80.2598419189,73336,73347,11
13.0071401596,80.2602081299,73347,73357,10
13.0071802139,80.2604675293,73357,73367,10
13.0073204041,80.2610397339,73367,73376,9
13.0074596405,80.2615737915,73376,73387,11
13.0076799393,80.2624969482,73387,73397,10
13.0077600479,80.2628479004,73397,73408,11
13.0078802109,80.2633590698,73408,73418,10
13.0079803467,80.2639007568,73418,73428,10
13.0080299377,80.2643814087,73428,73438,10
13.0079097748,80.2650527954,73438,73449,11
13.0076999664,80.2659835815,73449,73459,10
13.0075702667,80.2666625977,73459,73469,10
13.007399559,80.2674179077,73469,73479,10
13.0072202682,80.2681503296,73479,73489,10
13.0070199966,80.2688980103,73489,73499,10
13.0068798065,80.2697677612,73499,73509,10
13.0065498352,80.2703704834,73509,73519,10
13.005979538,80.2703018188,73519,73529,10
13.0054302216,80.2699584961,73529,73539,10
13.0046901703,80.2695007324,73539,73549,10
13.0040397644,80.2691192627,73549,73560,11
13.0034999847,80.2688369751,73560,73570,10
13.0032596588,80.2687225342,73570,73580,10
13.0030698776,80.2685775757,73580,73590,10
13.002579689,80.2682571411,73590,73600,10
13.0018701553,80.2677993774,73600,73610,10
13.0014200211,80.2675094604,73610,73620,10
13.0010404587,80.2673187256,73620,73640,20
13.0010404587,80.2673187256,73640,73650,10
13.0007801056,80.2671585083,73650,73660,10
13.0004701614,80.2669219971,73660,73671,11
12.9998903275,80.2668914795,73671,73681,10
12.9993095398,80.2670516968,73681,73691,10
12.9988298416,80.2671890259,73691,73701,10
12.9983501434,80.2673110962,73701,73711,10
12.9978704453,80.2674636841,73711,73721,10
12.9974803925,80.2675704956,73721,73731,10
12.9971399307,80.2676391602,73731,73741,10
12.9967803955,80.2677307129,73741,73751,10
12.9964704514,80.2677383423,73751,73762,11
12.9959001541,80.2676773071,73762,73833,71
12.9959001541,80.2676773071,73833,73843,10
12.9955797195,80.2676315308,73843,73853,10
12.9955997467,80.2674102783,73853,73873,20
12.9955997467,80.2674102783,73873,73883,10
12.995639801,80.2672424316,73883,73894,11
12.9956798553,80.2667922974,73894,73904,10
12.9957399368,80.266242981,73904,73914,10
12.9958000183,80.2655181885,73914,73924,10
12.9959001541,80.264831543,73924,73934,10
12.9959697723,80.2641601563,73934,73944,10
12.9960403442,80.2634735107,73944,73954,10
12.9961500168,80.2623977661,73954,73974,20
12.9961500168,80.2623977661,73974,73984,10
12.9962100983,80.2621994019,73984,73994,10
12.9962396622,80.2619018555,73994,74004,10
12.9962797165,80.2614898682,74004,74015,11
12.9963798523,80.2606811523,74015,74025,10
12.9964599609,80.2599716187,74025,74035,10
12.9965295792,80.2593078613,74035,74045,10
12.9966001511,80.2586212158,74045,74055,10
12.9966802597,80.2578811646,74055,74065,10
12.9967403412,80.2571334839,74065,74075,10
12.9967603683,80.2566223145,74075,74085,10
12.9968099594,80.2562408447,74085,74105,20
12.9968700409,80.2561035156,74105,74194,89
12.9968700409,80.2561035156,74194,74204,10
12.9968795776,80.2557525635,74204,74214,10
12.9968395233,80.255241394,74214,74224,10
12.9967699051,80.2546920776,74224,74235,11
12.9964504242,80.2541275024,74235,74245,10
12.9959697723,80.2536621094,74245,74255,10
12.9954900742,80.2532119751,74255,74264,9
12.9952001572,80.2527999878,74264,74276,12
12.9948997498,80.2524108887,74276,74286,10
12.994509697,80.2525177002,74286,74296,10
12.9944696426,80.252532959,74296,74306,10
12.9940795898,80.2526397705,74306,74316,10
12.9934997559,80.252822876,74316,74326,10
12.9926996231,80.2529220581,74326,74336,10
12.9919700623,80.2530136108,74336,74347,11
12.9913196564,80.2533416748,74347,74357,10
12.990940094,80.2538223267,74357,74367,10
12.990819931,80.2544784546,74367,74377,10
12.9907598495,80.2552108765,74377,74387,10
12.9907398224,80.2557983398,74387,74397,10
12.9903802872,80.2559280396,74397,74407,10
12.9898004532,80.2559432983,74407,74417,10
12.989279747,80.2559280396,74417,74427,10
12.988530159,80.2558822632,74427,74447,20
12.9883804321,80.2558517456,74447,74528,81
12.9880800247,80.2557983398,74528,74669,141
12.9880800247,80.2557983398,74669,74680,11
12.9877901077,80.2557830811,74680,74690,10
12.987569809,80.2560577393,74690,74700,10
12.9875202179,80.2567062378,74700,74710,10
12.9874696732,80.2574081421,74710,74720,10
12.9874401093,80.2581634521,74720,74730,10
12.9873800278,80.258682251,74730,74740,10
12.9873399734,80.2590866089,74740,74770,30
12.9873399734,80.2590866089,74770,74780,10
12.9871997833,80.2595291138,74780,74811,31
12.9871997833,80.2595291138,74811,74821,10
12.9870195389,80.2595825195,74821,74831,10
12.9867801666,80.2595367432,74831,74942,111
12.9867801666,80.2595367432,74942,74952,10
12.986700058,80.2594985962,74952,74962,10
12.986579895,80.2593994141,74962,74972,10
12.9866695404,80.2590637207,74972,75073,101
12.9866695404,80.2590637207,75073,75083,10
12.9870004654,80.2590866089,75083,75093,10
12.9872303009,80.2591094971,75093,75103,10
12.9872903824,80.2590866089,75103,75113,10
12.9873600006,80.2589569092,75113,75123,10
12.9873800278,80.2586669922,75123,75134,11
12.9874095917,80.2583694458,75134,75144,10
12.9874296188,80.2580566406,75144,75154,10
12.9874401093,80.2576828003,75154,75164,10
12.9874601364,80.2574005127,75164,75174,10
12.9874601364,80.2573928833,75174,75184,10
12.987449646,80.2572784424,75184,75194,10
12.9874801636,80.2569580078,75194,75204,10
12.9875297546,80.256477356,75204,75214,10
12.987569809,80.2559585571,75214,75224,10
12.9877004623,80.2557373047,75224,75234,10
12.9879798889,80.2557525635,75234,75244,10
12.9882001877,80.2557830811,75244,75255,11
12.988530159,80.2558288574,75255,75275,20
12.988530159,80.2558288574,75275,75285,10
12.9888000488,80.255859375,75285,75295,10
12.9891004562,80.255897522,75295,75305,10
12.9893798828,80.2559509277,75305,75315,10
12.989859581,80.2559585571,75315,75325,10
12.9903697968,80.2559204102,75325,75335,10
12.9906997681,80.2557678223,75335,75345,10
12.9907503128,80.2552871704,75345,75356,11
12.9907798767,80.2547683716,75356,75366,10
12.990819931,80.2542266846,75366,75376,10
12.9912004471,80.2535400391,75376,75386,10
12.9917697906,80.2530593872,75386,75396,10
12.9924201965,80.2529296875,75396,75406,10
12.992939949,80.2529296875,75406,75416,10
12.9934196472,80.2527999878,75416,75426,10
12.9937801361,80.2526931763,75426,75436,10
12.9945402145,80.2525177002,75436,75446,10
12.9949798584,80.2524490356,75446,75456,10
12.9951095581,80.2528686523,75456,75467,11
12.9952201843,80.2530136108,75467,75477,10
12.9955196381,80.253326416,75477,75487,10
12.9959402084,80.2537384033,75487,75497,10
12.9964599609,80.2542419434,75497,75507,10
12.9968204498,80.2549667358,75507,75517,10
12.996919632,80.2555236816,75517,75527,10
12.9969701767,80.2557983398,75527,75537,10
12.9969100952,80.2561798096,75537,75547,10
12.9968595505,80.2565765381,75547,75557,10
12.9968299866,80.2569274902,75557,75567,10
12.9968204498,80.256942749,75567,75578,11
12.9967603683,80.2573013306,75578,75588,10
12.9967002869,80.2578887939,75588,75598,10
12.9966497421,80.2584686279,75598,75608,10
12.9966201782,80.2587738037,75608,75618,10
12.9965696335,80.2591781616,75618,75628,10
12.9965295792,80.2595672607,75628,75638,10
12.9965000153,80.2600479126,75638,75648,10
12.9964103699,80.2608413696,75648,75658,10
12.996339798,80.2616119385,75658,75668,10
12.9962797165,80.2620925903,75668,75678,10
12.9962396622,80.2623519897,75678,75689,11
12.9962100983,80.2626037598,75689,75699,10
12.9961795807,80.2630081177,75699,75709,10
12.9961395264,80.2635192871,75709,75719,10
12.9960803986,80.2640914917,75719,75729,10
12.9960002899,80.2646713257,75729,75739,10
12.9959201813,80.2652893066,75739,75749,10
12.9958295822,80.2661514282,75749,75759,10
12.9957399368,80.2670898438,75759,75769,10
12.9957304001,80.2676086426,75769,75779,10
12.9961099625,80.2676925659,75779,75799,20
12.9961099625,80.2676925659,75799,75810,11
12.9963998795,80.2677307129,75810,75820,10
12.9969701767,80.2677001953,75820,75830,10
12.9975595474,80.267539978,75830,75840,10
12.9980201721,80.2674026489,75840,75850,10
12.9984397888,80.2673034668,75850,75860,10
12.9990901947,80.2671203613,75860,75870,10
12.9997797012,80.2669067383,75870,75880,10
13.0003299713,80.2668228149,75880,75890,10
13.0007896423,80.2671585083,75890,75900,10
13.0009498596,80.2672424316,75900,75910,10
13.0010004044,80.2673034668,75910,75921,11
13.0014400482,80.2675704956,75921,75931,10
13.0020999908,80.2679595947,75931,75941,10
13.0027704239,80.2683486938,75941,75951,10
13.0032396317,80.2686004639,75951,75961,10
13.0033302307,80.268661499,75961,75971,10
13.0035400391,80.2688293457,75971,75981,10
13.0037899017,80.2689819336,75981,75991,10
13.0043201447,80.269317627,75991,76001,10
13.0050697327,80.26978302,76001,76011,10
13.0058403015,80.2702331543,76011,76021,10
13.0065803528,80.2703781128,76021,76032,11
13.0070104599,80.269569397,76032,76042,10
13.0071802139,80.2686767578,76042,76052,10
13.007349968,80.267829895,76052,76068,16
13.0076799393,80.2665023804,76068,76080,12
13.0077600479,80.2661437988,76080,76090,10
13.0078802109,80.2656021118,76090,76100,10
13.0080499649,80.2647781372,76100,76110,10
13.0080795288,80.2641372681,76110,76120,10
13.0078697205,80.2632904053,76120,76130,10
13.0077495575,80.2628936768,76130,76141,11
13.0076398849,80.262336731,76141,76151,10
13.0074796677,80.2616424561,76151,76161,10
13.0073099136,80.2609863281,76161,76171,10
13.0071697235,80.2604064941,76171,76181,10
13.0073404312,80.2597885132,76181,76191,10
13.007349968,80.2590103149,76191,76201,10
13.0075998306,80.2586975098,76201,76211,10
13.0084104538,80.2589569092,76211,76231,20
13.0084104538,80.2589569092,76231,76241,10
13.0087003708,80.2590484619,76241,76252,11
13.0093898773,80.2590789795,76252,76262,10
13.0102996826,80.2590866089,76262,76272,10
13.011300087,80.2590866089,76272,76282,10
13.0124397278,80.2591094971,76282,76292,10
13.0136499405,80.259147644,76292,76302,10
13.0147895813,80.2592010498,76302,76312,10
13.0157003403,80.2593002319,76312,76322,10
13.0163402557,80.2596206665,76322,76332,10
13.0164804459,80.259727478,76332,76342,10
13.0165395737,80.259803772,76342,76352,10
13.0168304443,80.2600021362,76352,76363,11
13.0173397064,80.2603225708,76363,76373,10
13.017950058,80.2607574463,76373,76383,10
13.0185098648,80.2611236572,76383,76393,10
13.0187902451,80.2613372803,76393,76403,10
13.0191898346,80.2617111206,76403,76413,10
13.0197000504,80.26222229,76413,76423,10
13.0202503204,80.2627563477,76423,76433,10
13.0201196671,80.2630081177,76433,76443,10
13.0194196701,80.2629623413,76443,76453,10
13.0190601349,80.2631225586,76453,76469,16
13.0191402435,80.2642288208,76469,76482,13
13.018910408,80.2651824951,76482,76492,10
13.0188302994,80.2654190063,76492,76502,10
13.018699646,80.2660217285,76502,76512,10
13.0187597275,80.2668609619,76512,76522,10
13.0190696716,80.2675476074,76522,76532,10
13.0196399689,80.2682266235,76532,76542,10
13.0199804306,80.2686462402,76542,76552,10
13.0204296112,80.2691802979,76552,76562,10
13.0208997726,80.2697525024,76562,76572,10
13.0214195251,80.2703399658,76572,76592,20
13.0214195251,80.2703399658,76592,76603,11
13.0217399597,80.2707519531,76603,76620,17
13.0224704742,80.2716903687,76620,76632,12
13.0231199265,80.2725601196,76632,76642,10
13.0237503052,80.2734222412,76642,76662,20
13.0237503052,80.2734222412,76662,76672,10
13.0239400864,80.27368927,76672,76682,10
13.0241804123,80.274017334,76682,76692,10
13.0243501663,80.2742614746,76692,76701,9
13.0248003006,80.2746429443,76701,76711,10
13.0249996185,80.2747192383,76711,76721,10
13.025179863,80.2748031616,76721,76732,11
13.0254001617,80.274887085,76732,76744,12
13.0255498886,80.2749710083,76744,76754,10
13.0258703232,80.2751312256,76754,76764,10
13.02602005,80.2752075195,76764,76774,10
13.0261602402,80.2752838135,76774,76784,10
13.0264196396,80.2753982544,76784,76793,9
13.0267601013,80.2755508423,76793,76803,10
13.0273399353,80.2758178711,76803,76814,11
13.0279102325,80.2760467529,76814,76825,11
13.0284795761,80.2762680054,76825,76835,10
13.0287399292,80.2763671875,76835,76845,10
13.0293798447,80.2765731812,76845,76855,10
13.0299797058,80.2767410278,76855,76865,10
13.0300998688,80.2767868042,76865,76875,10
13.0305900574,80.2770309448,76875,76885,10
13.0312795639,80.2774505615,76885,76895,10
13.0319004059,80.2775268555,76895,76905,10
13.0325803757,80.2774734497,76905,76915,10
13.0327596664,80.2774429321,76915,76925,10
13.033080101,80.2773971558,76925,76936,11
13.0337295532,80.2773513794,76936,76946,10
13.0343399048,80.2775115967,76946,76962,16
13.0355796814,80.2777786255,76962,76974,12
13.0364599228,80.2779769897,76974,76984,10
13.0371398926,80.2782592773,76984,76994,10
13.037899971,80.2784500122,76994,77004,10
13.0386295319,80.2786636353,77004,77014,10
13.0388002396,80.2787094116,77014,77024,10
13.0388402939,80.2787322998,77024,77034,10
13.0391597748,80.2788391113,77034,77045,11
13.0399503708,80.2790985107,77045,77055,10
13.0410404205,80.2793579102,77055,77064,9
13.0421199799,80.2795181274,77064,77075,11
13.0431404114,80.2796478271,77075,77085,10
13.0439596176,80.2798919678,77085,77095,10
13.0448198318,80.2800292969,77095,77105,10
13.0455303192,80.2801132202,77105,77115,10
13.0459098816,80.2801589966,77115,77125,10
13.0463495255,80.2802124023,77125,77135,10
13.0467996597,80.2802810669,77135,77145,10
13.0473804474,80.2803573608,77145,77156,11
13.0480604172,80.2804718018,77156,77166,10
13.0483999252,80.2805099487,77166,77176,10
13.0488796234,80.2805709839,77176,77186,10
13.0492601395,80.2806167603,77186,77196,10
13.0496997833,80.2806930542,77196,77206,10
13.0504398346,80.2808227539,77206,77216,10
13.0513000488,80.2809524536,77216,77226,10
13.0522699356,80.2810974121,77226,77236,10
13.0532999039,80.2812576294,77236,77246,10
13.0542402267,80.2814331055,77246,77256,10
13.0547895432,80.281539917,77256,77267,11
13.0551900864,80.2816314697,77267,77277,10
13.0563602448,80.281829834,77277,77297,20
13.0563602448,80.281829834,77297,77307,10
13.0566196442,80.2818832397,77307,77317,10
13.0571699142,80.2819976807,77317,77327,10
13.0577697754,80.2821273804,77327,77337,10
13.0585603714,80.2822875977,77337,77347,10
13.0593795776,80.2824630737,77347,77357,10
13.0601902008,80.2826309204,77357,77367,10
13.0609502792,80.2827911377,77367,77378,11
13.0618495941,80.2829818726,77378,77388,10
13.0625600815,80.2831268311,77388,77398,10
13.0628099442,80.2831878662,77398,77408,10
13.062959671,80.2832183838,77408,77418,10
13.0634298325,80.2833328247,77418,77428,10
13.0636396408,80.2833709717,77428,77448,20
13.0636396408,80.2833709717,77448,77458,10
13.0637998581,80.2834014893,77458,77468,10
13.0641803741,80.2835083008,77468,77478,10
13.0649003983,80.2836837769,77478,77489,11
13.0659503937,80.2839126587,77489,77499,10
13.0669403076,80.2841415405,77499,77509,10
13.0678796768,80.284286499,77509,77519,10
13.0688896179,80.2845306396,77519,77529,10
13.0698299408,80.2847671509,77529,77539,10
13.0705699921,80.2848968506,77539,77549,10
13.0714302063,80.2851333618,77549,77559,10
13.0723304749,80.2852630615,77559,77569,10
13.0732002258,80.2852020264,77569,77610,41
13.0732002258,80.2852020264,77610,77620,10
13.0733604431,80.2852325439,77620,77630,10
13.0736103058,80.2853164673,77630,77640,10
13.0739097595,80.2856369019,77640,77650,10
13.0742902756,80.2860794067,77650,77660,10
13.0746002197,80.2862625122,77660,77670,10
13.0747404099,80.2863769531,77670,77680,10
13.0751695633,80.2866821289,77680,77690,10
13.0756502151,80.2869110107,77690,77700,10
13.0764598846,80.2871627808,77700,77710,10
13.077249527,80.2873687744,77710,77721,11
13.0780200958,80.2875289917,77721,77731,10
13.0787601471,80.2877426147,77731,77741,10
13.079460144,80.2880172729,77741,77751,10
13.0797796249,80.2880630493,77751,77761,10
13.0800600052,80.2881317139,77761,77771,10
13.080499649,80.288230896,77771,77781,10
13.0811004639,80.2884368896,77781,77791,10
13.0818796158,80.2886962891,77791,77801,10
13.0825099945,80.2889709473,77801,77811,10
13.0833396912,80.2891769409,77811,77822,11
13.0841903687,80.2891616821,77822,77832,10
13.0850601196,80.2891464233,77832,77842,10
13.0858697891,80.2893218994,77842,77852,10
13.0867204666,80.2895431519,77852,77862,10
13.0874900818,80.2898330688,77862,77872,10
13.0881595612,80.2901000977,77872,77882,10
13.0886697769,80.2901535034,77882,77892,10
13.0886898041,80.2901611328,77892,77902,10
13.0887403488,80.2904129028,77902,77912,10
13.0882997513,80.2902832031,77912,77922,10
13.0875501633,80.2899703979,77922,77932,10
13.0867700577,80.2897033691,77932,77943,11
13.0859003067,80.2894821167,77943,77953,10
13.0854797363,80.2890090942,77953,77963,10
13.085100174,80.2881698608,77963,77973,10
13.0850801468,80.2871704102,77973,77983,10
13.0851802826,80.2861022949,77983,77993,10
13.0852804184,80.2849884033,77993,78003,10
13.0852003098,80.2842178345,78003,78043,40
13.0852003098,80.2842178345,78043,78054,11
13.085269928,80.2839813232,78054,78064,10
13.0854196548,80.2835693359,78064,78074,10
13.0857000351,80.2835235596,78074,78084,10
13.0861301422,80.2835235596,78084,78094,10
13.0864801407,80.2836608887,78094,78104,10
13.0869102478,80.2836914063,78104,78114,10
13.0873203278,80.2836227417,78114,78215,101
13.0873203278,80.2836227417,78215,78225,10
13.0878696442,80.2836380005,78225,78235,10
13.088060379,80.2835922241,78235,78245,10
13.0881996155,80.2835235596,78245,78255,10
13.0882501602,80.2832794189,78255,78265,10
13.0882501602,80.2828369141,78265,78276,11
13.0882301331,80.2822875977,78276,78286,10
13.0881099701,80.2817764282,78286,78296,10
13.0877504349,80.2813796997,78296,78306,10
13.0871200562,80.281211853,78306,78316,10
13.0864601135,80.2810211182,78316,78326,10
13.085849762,80.2808303833,78326,78336,10
13.0856103897,80.2803573608,78336,78346,10
13.0854501724,80.2797164917,78346,78356,10
13.0849599838,80.2793197632,78356,78366,10
13.0842695236,80.2791519165,78366,78376,10
13.0835895538,80.2790374756,78376,78386,10
13.0829696655,80.2788009644,78386,78397,11
13.0821304321,80.2784729004,78397,78407,10
13.0819196701,80.2781219482,78407,78417,10
13.0818395615,80.2774429321,78417,78427,10
13.0817203522,80.2765197754,78427,78437,10
13.0815601349,80.2757492065,78437,78447,10
13.0815095901,80.2754364014,78447,78457,10
13.0815095901,80.2754211426,78457,78467,10
13.081489563,80.2752914429,78467,78477,10
13.0812902451,80.2751464844,78477,78487,10
13.0808200836,80.2752075195,78487,78498,11
13.0802202225,80.2752990723,78498,78508,10
13.0796804428,80.2753372192,78508,78518,10
13.0790195465,80.2751998901,78518,78528,10
13.0783100128,80.2754135132,78528,78538,10
13.0779895782,80.2761306763,78538,78548,10
13.0771903992,80.2762298584,78548,78558,10
13.0766000748,80.2762832642,78558,78568,10
13.0761098862,80.2762908936,78568,78578,10
13.0758600235,80.2761993408,78578,78588,10
13.0758304596,80.2758483887,78588,78598,10
13.0758199692,80.2758331299,78598,78608,10
13.0758399963,80.2757797241,78608,78619,11
13.0758399963,80.2752609253,78619,78719,100
13.0758399963,80.2752609253,78719,78730,11
13.0757799149,80.2749176025,78730,78740,10
13.0754699707,80.2747421265,78740,78750,10
13.0751895905,80.2748794556,78750,78760,10
13.0749797821,80.2750091553,78760,78770,10
13.0749397278,80.2753372192,78770,78780,10
