13.0986204147,80.2412490845,18,20911,20893
13.0986204147,80.2412490845,20911,20921,10
13.0985298157,80.2413024902,20921,20931,10
13.0985603333,80.2414703369,20931,20941,10
13.0987901688,80.2415771484,20941,20971,30
13.0987901688,80.2415771484,20971,20981,10
13.0988101959,80.2418365479,20981,20992,11
13.0987901688,80.2420272827,20992,21002,10
13.0987796783,80.2420806885,21002,21012,10
13.0986700058,80.2422637939,21012,21022,10
13.0984201431,80.2423019409,21022,21032,10
13.0979099274,80.2422485352,21032,21042,10
13.0973997116,80.2421112061,21042,21052,10
13.0974798203,80.2416992188,21052,21062,10
13.0975704193,80.2412109375,21062,21072,10
13.0976400375,80.2406768799,21072,21082,10
13.0976696014,80.2400970459,21082,21092,10
13.0977096558,80.2396469116,21092,21103,11
13.0977401733,80.2391891479,21103,21113,10
13.0977602005,80.2387924194,21113,21123,10
13.0978603363,80.2382125854,21123,21133,10
13.0979700089,80.2375717163,21133,21143,10
13.0980701447,80.2369766235,21143,21153,10
13.0981798172,80.2362976074,21153,21163,10
13.0982999802,80.2357025146,21163,21173,10
13.0984296799,80.2349624634,21173,21189,16
13.0985803604,80.2335586548,21189,21201,12
13.0987501144,80.2325515747,21201,21212,11
13.0989398956,80.231918335,21212,21220,8
13.0991697311,80.2313995361,21220,21231,11
13.0994796753,80.2306137085,21231,21242,11
13.099650383,80.2300033569,21242,21252,10
13.0998001099,80.2293319702,21252,21262,10
13.0999097824,80.2286300659,21262,21272,10
13.1000204086,80.2278823853,21272,21282,10
13.1000299454,80.2272186279,21282,21292,10
13.1000003815,80.2264709473,21292,21302,10
13.0999403,80.2258529663,21302,21311,9
13.0998802185,80.225402832,21311,21323,12
13.0997400284,80.224861145,21323,21333,10
13.0996103287,80.224319458,21333,21343,10
13.0993795395,80.2238311768,21343,21353,10
13.0992097855,80.2235870361,21353,21363,10
13.0990495682,80.2233734131,21363,21373,10
13.0988502502,80.2230987549,21373,21383,10
13.0987195969,80.2227706909,21383,21393,10
13.0987300873,80.2220993042,21393,21403,10
13.0988397598,80.221282959,21403,21413,10
13.098950386,80.2205963135,21413,21423,10
13.0990695953,80.2199020386,21423,21434,11
13.0991802216,80.2193603516,21434,21444,10
13.0992202759,80.2190628052,21444,21454,10
13.0992898941,80.2185516357,21454,21464,10
13.0993995667,80.2178573608,21464,21474,10
13.0995798111,80.2170791626,21474,21484,10
13.0998897552,80.2162704468,21484,21494,10
13.0999202728,80.2158432007,21494,21504,10
13.1000995636,80.2154998779,21504,21514,10
13.1002998352,80.2147903442,21514,21555,41
13.1002998352,80.2147903442,21555,21565,10
13.100279808,80.2146606445,21565,21575,10
13.1000995636,80.2145004272,21575,21585,10
13.0998697281,80.2144393921,21585,21601,16
13.0994501114,80.2143173218,21601,21613,12
13.0988101959,80.2141189575,21613,21622,9
13.0984096527,80.2142410278,21622,21633,11
13.0980701447,80.2149963379,21633,21643,10
13.0977401733,80.2157897949,21643,21654,11
13.0974302292,80.216583252,21654,21663,9
13.0973501205,80.2167663574,21663,21674,11
13.0972700119,80.2169494629,21674,21684,10
13.0972604752,80.2169723511,21684,21694,10
13.0971899033,80.2171707153,21694,21704,10
13.0971097946,80.2174072266,21704,21715,11
13.0968999863,80.2180175781,21715,21725,10
13.0967702866,80.2183837891,21725,21735,10
13.0965900421,80.2189865112,21735,21745,10
13.096280098,80.2198562622,21745,21755,10
13.0959100723,80.2208862305,21755,21766,11
13.0956201553,80.2217636108,21766,21776,10
13.0954399109,80.2223587036,21776,21785,9
13.0954399109,80.2223815918,21785,21796,11
13.0952796936,80.2227325439,21796,21805,9
13.0950298309,80.2232437134,21805,21816,11
13.0944700241,80.2240524292,21816,21826,10
13.0938196182,80.2248916626,21826,21836,10
13.0933303833,80.2254333496,21836,21846,10
13.0926599503,80.2261123657,21846,21856,10
13.0919399261,80.2268218994,21856,21866,10
13.0913801193,80.227432251,21866,21877,11
13.0912904739,80.2275390625,21877,21887,10
13.0911998749,80.2276306152,21887,21897,10
13.0909404755,80.2279129028,21897,21907,10
13.0904903412,80.2283935547,21907,21917,10
13.0898399353,80.2291107178,21917,21927,10
13.0893001556,80.2299499512,21927,21937,10
13.0891799927,80.2301864624,21937,21947,10
13.0888700485,80.2308425903,21947,21967,20
13.0888700485,80.2308425903,21967,21977,10
13.088760376,80.2310409546,21977,21988,11
13.0886001587,80.2314529419,21988,21998,10
13.0884599686,80.2319564819,21998,22008,10
13.088259697,80.2326965332,22008,22024,16
13.0880298615,80.23412323,22024,22036,12
13.0873203278,80.2344970703,22036,22046,10
13.0865402222,80.2344665527,22046,22056,10
13.0858898163,80.2343673706,22056,22066,10
13.0851602554,80.2341995239,22066,22076,10
13.0843496323,80.2340164185,22076,22086,10
13.0836601257,80.2338790894,22086,22097,11
13.0830497742,80.2338027954,22097,22106,9
13.0823802948,80.2336273193,22106,22127,21
13.0823802948,80.2336273193,22127,22137,10
13.0820999146,80.233581543,22137,22147,10
13.0815200806,80.2335510254,22147,22157,10
13.0809202194,80.2335510254,22157,22167,10
13.0802202225,80.2335510254,22167,22177,10
13.0796804428,80.2335205078,22177,22187,10
13.0795602798,80.2335205078,22187,22197,10
13.0794801712,80.2335281372,22197,22208,11
13.0790996552,80.2335586548,22208,22218,10
13.078619957,80.2335662842,22218,22228,10
13.07791996,80.2335968018,22228,22238,10
13.0771799088,80.2336730957,22238,22248,10
13.0764703751,80.2338027954,22248,22258,10
13.0758600235,80.2340621948,22258,22268,10
13.0759401321,80.2343521118,22268,22278,10
13.0759601593,80.2344436646,22278,22288,10
13.0760297775,80.2348403931,22288,22298,10
13.0761404037,80.2354507446,22298,22309,11
13.0762996674,80.2363510132,22309,22319,10
13.0764598846,80.2371673584,22319,22329,10
13.0764799118,80.2372817993,22329,22339,10
13.0765199661,80.2374191284,22339,22349,10
13.0766096115,80.2378997803,22349,22359,10
13.0767602921,80.2386169434,22359,22369,10
13.0769996643,80.2395629883,22369,22379,10
13.0771903992,80.2405471802,22379,22389,10
13.076669693,80.2406234741,22389,22399,10
13.0758399963,80.2405166626,22399,22408,9
13.0749902725,80.2405319214,22408,22418,10
13.0739803314,80.240562439,22418,22430,12
13.072930336,80.240852356,22430,22440,10
13.0721998215,80.2412185669,22440,22450,10
13.0716495514,80.2415924072,22450,22460,10
13.0708999634,80.241859436,22460,22470,10
13.0702199936,80.2420883179,22470,22480,10
13.0701398849,80.2421035767,22480,22490,10
13.0699396133,80.2421188354,22490,22500,10
13.0694904327,80.2422714233,22500,22510,10
13.0688199997,80.2425079346,22510,22520,10
13.0680303574,80.2427368164,22520,22531,11
13.0672197342,80.2430496216,22531,22541,10
13.0663404465,80.2434387207,22541,22551,10
13.0661401749,80.2442016602,22551,22561,10
13.0663003922,80.2451629639,22561,22571,10
13.0665302277,80.2459411621,22571,22580,9
13.0672702789,80.2462692261,22580,22591,11
13.067779541,80.2465133667,22591,22601,10
13.0678701401,80.2466506958,22601,22611,10
13.0679197311,80.2472229004,22611,22621,10
13.0677204132,80.2479171753,22621,22631,10
13.0668497086,80.2478790283,22631,22642,11
13.0656499863,80.2478027344,22642,22652,10
13.0644397736,80.247718811,22652,22662,10
13.0633001328,80.2476196289,22662,22672,10
13.0622997284,80.2476196289,22672,22681,9
13.0615797043,80.2473297119,22681,22692,11
13.0615501404,80.2467575073,22692,22702,10
13.061829567,80.2461395264,22702,22712,10
13.0620698929,80.245262146,22712,22722,10
13.0628299713,80.2447128296,22722,22732,10
13.0630598068,80.2444610596,22732,22742,10
13.0631198883,80.2443771362,22742,22753,11
13.0633401871,80.2439575195,22753,22763,10
13.0633201599,80.2435073853,22763,22773,10
13.0627403259,80.2433929443,22773,22783,10
13.0621404648,80.243270874,22783,22793,10
13.0616998672,80.2431869507,22793,22803,10
13.06112957,80.2431030273,22803,22813,10
13.0605802536,80.2429122925,22813,22823,10
13.0600004196,80.24269104,22823,22833,10
13.0593004227,80.2425003052,22833,22843,10
13.0588903427,80.2425613403,22843,22853,10
13.0587797165,80.2425765991,22853,22863,10
13.0584001541,80.2426605225,22863,22874,11
13.05768013,80.2427825928,22874,22890,16
13.0563402176,80.2425308228,22890,22902,12
13.0552396774,80.2422714233,22902,22910,8
13.0544700623,80.2423629761,22910,22922,12
13.0538301468,80.2422332764,22922,22932,10
13.0538196564,80.2422332764,22932,22942,10
13.0534801483,80.2420730591,22942,22952,10
13.052740097,80.2417678833,22952,22962,10
13.0523099899,80.2409973145,22962,22972,10
13.0517997742,80.2407226563,22972,22983,11
13.0512399673,80.2406005859,22983,22993,10
13.0509796143,80.240562439,22993,23003,10
13.0508499146,80.2405166626,23003,23013,10
13.0503396988,80.2404022217,23013,23023,10
13.0494699478,80.2402191162,23023,23033,10
13.0483703613,80.239982605,23033,23043,10
13.0472202301,80.2397384644,23043,23053,10
13.0462503433,80.2395019531,23053,23063,10
13.0462903976,80.2390213013,23063,23073,10
13.0464696884,80.2381820679,23073,23083,10
13.0466403961,80.2370910645,23083,23094,11
13.0468997955,80.2362365723,23094,23104,10
13.0470399857,80.235748291,23104,23114,10
13.0470695496,80.2354507446,23114,23124,10
13.0471601486,80.2347793579,23124,23134,10
13.0472602844,80.2338104248,23134,23144,10
13.0473098755,80.2331466675,23144,23154,10
13.0468397141,80.2330093384,23154,23164,10
13.0459804535,80.2328186035,23164,23174,10
13.045539856,80.2327423096,23174,23184,10
13.0453996658,80.232711792,23184,23194,10
13.0448999405,80.2325668335,23194,23211,17
13.0432395935,80.2323303223,23211,23223,12
13.0419597626,80.2322616577,23223,23233,10
13.0410699844,80.2320404053,23233,23243,10
13.039730072,80.2316436768,23243,23253,10
13.0386695862,80.2313537598,23253,23261,8
13.0378103256,80.2311019897,23261,23273,12
13.0367002487,80.230758667,23273,23283,10
13.0361099243,80.2305831909,23283,23293,10
13.0354404449,80.2303924561,23293,23303,10
13.0350198746,80.2303009033,23303,23314,11
13.0346603394,80.2303085327,23314,23324,10
13.0343198776,80.2303924561,23324,23334,10
13.0341901779,80.2304229736,23334,23344,10
13.034119606,80.2304382324,23344,23353,9
13.0339002609,80.2304382324,23353,23364,11
13.0337600708,80.2304382324,23364,23374,10
13.0334796906,80.2304534912,23374,23384,10
13.0328197479,80.230506897,23384,23394,10
13.0319404602,80.2305984497,23394,23404,10
13.0309200287,80.2306976318,23404,23414,10
13.0306797028,80.2306976318,23414,23425,11
13.0302696228,80.230758667,23425,23435,10
13.0299100876,80.2307815552,23435,23445,10
13.0296297073,80.2308120728,23445,23455,10
13.0290298462,80.2308731079,23455,23465,10
13.0282201767,80.23097229,23465,23475,10
13.0277795792,80.2310409546,23475,23485,10
13.0277395248,80.2314987183,23485,23495,10
13.0278100967,80.2322692871,23495,23506,11
13.0276203156,80.2328414917,23506,23516,10
13.0269699097,80.2329330444,23516,23527,11
13.0268697739,80.2329406738,23527,23537,10
13.0266895294,80.2329788208,23537,23547,10
13.0263996124,80.2328262329,23547,23557,10
13.0261802673,80.232131958,23557,23567,10
13.0259199142,80.2310791016,23567,23577,10
13.0253896713,80.2299880981,23577,23587,10
13.0246496201,80.229019165,23587,23597,10
13.0240497589,80.2283172607,23597,23607,10
13.0239896774,80.2282333374,23607,23617,10
13.0236301422,80.2278137207,23617,23627,10
13.0231599808,80.2273330688,23627,23637,10
13.022480011,80.2266769409,23637,23648,11
13.0215196609,80.2259216309,23648,23658,10
13.0207099915,80.2253036499,23658,23668,10
13.0201101303,80.2249298096,23668,23678,10
13.0196399689,80.2246017456,23678,23688,10
13.0187997818,80.2244796753,23688,23698,10
13.0177602768,80.2249069214,23698,23708,10
13.0167398453,80.2253036499,23708,23718,10
13.0160598755,80.2256011963,23718,23728,10
13.0153198242,80.2258834839,23728,23738,10
13.0146198273,80.2261886597,23738,23769,31
13.0146198273,80.2261886597,23769,23779,10
13.014380455,80.2262573242,23779,23789,10
13.0142803192,80.22631073,23789,23799,10
13.0141401291,80.2263565063,23799,23809,10
13.0136098862,80.2265472412,23809,23819,10
13.0127897263,80.226852417,23819,23829,10
13.0117502213,80.2273025513,23829,23839,10
13.0106897354,80.227722168,23839,23849,10
13.00963974,80.2281417847,23849,23860,11
13.0090904236,80.2290420532,23860,23870,10
13.0088596344,80.2301712036,23870,23880,10
13.0086402893,80.2313232422,23880,23890,10
13.0084104538,80.2324981689,23890,23900,10
13.0082798004,80.2335128784,23900,23909,9
13.0082502365,80.2336196899,23909,23920,11
13.0081596375,80.2338790894,23920,23930,10
13.008020401,80.2345199585,23930,23940,10
13.0078496933,80.2353591919,23940,23950,10
13.0076398849,80.2364425659,23950,23960,10
13.0073795319,80.237663269,23960,23970,10
13.0071897507,80.2388305664,23970,23981,11
13.0069904327,80.2398376465,23981,23991,10
13.0068502426,80.2406997681,23991,24001,10
13.0068397522,80.2408370972,24001,24011,10
13.0067901611,80.2411575317,24011,24021,10
13.0067396164,80.2419128418,24021,24031,10
13.0067100525,80.2429199219,24031,24041,10
13.0066604614,80.243927002,24041,24051,10
13.006649971,80.2448806763,24051,24060,9
13.0066900253,80.2461929321,24060,24071,11
13.0067596436,80.2470779419,24071,24082,11
13.0067596436,80.2481536865,24082,24092,10
13.0068502426,80.2491912842,24092,24102,10
13.0068798065,80.249420166,24102,24112,10
13.0068798065,80.2495269775,24112,24122,10
13.0068798065,80.250038147,24122,24132,10
13.0068597794,80.250793457,24132,24142,10
13.006770134,80.2516784668,24142,24152,10
13.0066003799,80.2526397705,24152,24162,10
13.0065898895,80.2536010742,24162,24172,10
13.0066404343,80.2549591064,24172,24193,21
13.0066404343,80.2549591064,24193,24203,10
13.0066299438,80.2552566528,24203,24213,10
13.0066299438,80.2558898926,24213,24223,10
13.0066099167,80.2566986084,24223,24233,10
13.0066404343,80.257232666,24233,24273,40
13.0066404343,80.257232666,24273,24283,10
13.006649971,80.2573394775,24283,24293,10
13.0066604614,80.2574310303,24293,24304,11
13.0065002441,80.2575836182,24304,24314,10
13.0060796738,80.2574996948,24314,24324,10
13.0054502487,80.2573394775,24324,24334,10
13.0046796799,80.2571716309,24334,24344,10
13.0039796829,80.2570114136,24344,24354,10
13.0032701492,80.2568588257,24354,24364,10
13.0030002594,80.2567977905,24364,24374,10
13.0024404526,80.256690979,24374,24384,10
13.0018701553,80.2566070557,24384,24394,10
13.0018100739,80.2565917969,24394,24404,10
13.0015802383,80.2565536499,24404,24414,10
13.0010404587,80.2565002441,24414,24425,11
13.0002803802,80.2564086914,24425,24435,10
13.0001296997,80.2563705444,24435,24445,10
12.9997301102,80.2563018799,24445,24461,16
12.9987001419,80.2560806274,24461,24473,12
12.9980096817,80.2559814453,24473,24481,8
12.9975004196,80.2559280396,24481,24493,12
12.9969501495,80.2560577393,24493,24503,10
12.9968900681,80.2564697266,24503,24513,10
12.9968500137,80.2570266724,24513,24523,10
12.9968700409,80.2571563721,24523,24534,11
12.9968204498,80.2576828003,24534,24544,10
12.996720314,80.2584381104,24544,24554,10
12.9965896606,80.2593917847,24554,24563,9
12.9964895248,80.2603302002,24563,24574,11
12.9963903427,80.2613983154,24574,24584,10
12.9962797165,80.262260437,24584,24594,10
12.9962396622,80.2624435425,24594,24604,10
12.9961795807,80.2627868652,24604,24614,10
12.9961500168,80.2632598877,24614,24624,10
12.9960803986,80.2639694214,24624,24635,11
12.9959602356,80.2649765015,24635,24645,10
12.9958600998,80.2660369873,24645,24655,10
12.9957504272,80.2671203613,24655,24665,10
12.9960803986,80.2676925659,24665,24685,20
12.9960803986,80.2676925659,24685,24695,10
12.9962396622,80.2677307129,24695,24705,10
12.9967098236,80.2677764893,24705,24715,10
12.9974603653,80.2675933838,24715,24725,10
12.9983501434,80.267326355,24725,24735,10
12.9990797043,80.2671279907,24735,24746,11
13.0001401901,80.2665863037,24746,24766,20
13.0001401901,80.2665863037,24766,24776,10
13.0002403259,80.2662887573,24776,24786,10
13.0002698898,80.2658309937,24786,24796,10
13.0003404617,80.2657165527,24796,24806,10
13.0003795624,80.2659072876,24806,24816,10
13.0003404617,80.2662277222,24816,24826,10
13.000289917,80.2666091919,24826,26017,1191
13.000289917,80.2666091919,26017,26027,10
13.000169754,80.2669525146,26027,26037,10
12.9997196198,80.2670211792,26037,26047,10
12.9990100861,80.2672119141,26047,26057,10
12.9982795715,80.2674179077,26057,26067,10
12.997420311,80.2676620483,26067,26078,11
12.9963903427,80.2677993774,26078,26088,10
12.9957199097,80.2674179077,26088,26118,30
12.9957199097,80.2674179077,26118,26128,10
12.9957399368,80.2671127319,26128,26138,10
12.9958095551,80.266456604,26138,26148,10
12.995880127,80.2657318115,26148,26158,10
12.9960403442,80.2644119263,26158,26168,10
12.9961700439,80.2632522583,26168,26178,10
12.9962396622,80.2625579834,26178,26189,11
12.9962596893,80.2624588013,26189,26199,10
12.9963197708,80.2620010376,26199,26209,10
12.9963998795,80.2612762451,26209,26218,9
12.9965000153,80.2603607178,26218,26229,11
12.9965801239,80.2593307495,26229,26239,10
12.9966802597,80.2584609985,26239,26249,10
12.9967699051,80.2574996948,26249,26259,10
12.9968595505,80.2565765381,26259,26269,10
12.9969596863,80.2559204102,26269,26279,10
12.9973697662,80.2558288574,26279,26289,10
12.998000145,80.255897522,26289,26300,11
12.9987802505,80.2559814453,26300,26310,10
12.9988002777,80.2559890747,26310,26320,10
12.9991798401,80.2560806274,26320,26330,10
12.9998598099,80.2562179565,26330,26340,10
13.0010099411,80.2564315796,26340,26360,20
13.0010099411,80.2564315796,26360,26370,10
13.0012598038,80.2564620972,26370,26380,10
13.0015096664,80.2565078735,26380,26390,10
13.0019197464,80.2566070557,26390,26400,10
13.0026302338,80.2567214966,26400,26411,11
13.0034704208,80.2568969727,26411,26421,10
13.0043096542,80.2570571899,26421,26431,10
13.005200386,80.2572097778,26431,26441,10
13.006070137,80.2573928833,26441,26451,10
13.006360054,80.2574310303,26451,26461,10
13.0065803528,80.2572631836,26461,26471,10
13.006529808,80.256652832,26471,26481,10
13.0065202713,80.2557525635,26481,26491,10
13.0065402985,80.2546081543,26491,26501,10
13.0065603256,80.253578186,26501,26511,10
13.0065603256,80.253036499,26511,26522,11
13.0065498352,80.2529067993,26522,26532,10
13.0065698624,80.2524795532,26532,26542,10
13.0066995621,80.2517700195,26542,26582,40
13.0066995621,80.2517700195,26582,26592,10
13.0067596436,80.2515869141,26592,26602,10
13.0068101883,80.2510986328,26602,26612,10
13.0068101883,80.2502975464,26612,26622,10
13.0068101883,80.2496109009,26622,26633,11
13.0067996979,80.249458313,26633,26643,10
13.006770134,80.2489089966,26643,26653,10
13.0067195892,80.2481994629,26653,26663,10
13.0066795349,80.2474822998,26663,26723,60
13.0066795349,80.2474822998,26723,26739,16
13.0066795349,80.2469482422,26739,26752,13
13.0066003799,80.2464981079,26752,26762,10
13.0066204071,80.246421814,26762,26771,9
13.0066699982,80.2460021973,26771,26783,12
13.006649971,80.2450332642,26783,26793,10
13.0066404343,80.2440414429,26793,26803,10
13.0066099167,80.2431411743,26803,26813,10
13.0065803528,80.2420272827,26813,26824,11
13.0065898895,80.2414703369,26824,26834,10
13.0066204071,80.2411499023,26834,26844,10
13.0067396164,80.2405395508,26844,26855,11
13.006939888,80.2395782471,26855,26865,10
13.0071401596,80.2383804321,26865,26875,10
13.0073795319,80.2369689941,26875,26895,20
13.0073795319,80.2369689941,26895,26905,10
13.007399559,80.2368392944,26905,26915,10
13.007519722,80.2364578247,26915,26925,10
13.0076503754,80.2358169556,26925,26935,10
13.0078201294,80.2349624634,26935,26945,10
13.0080404282,80.2338790894,26945,26955,10
13.0082798004,80.2326583862,26955,26966,11
13.0085401535,80.2312469482,26966,26976,10
13.0087795258,80.2299880981,26976,26986,10
13.0090303421,80.2287368774,26986,26996,10
13.0094299316,80.2275924683,26996,27006,10
13.0099000931,80.2265319824,27006,27016,10
13.0103597641,80.2256011963,27016,27026,10
13.0107803345,80.2247085571,27026,27036,10
13.011179924,80.2238082886,27036,27046,10
13.0114297867,80.2231063843,27046,27056,10
13.0117197037,80.2224502563,27056,27066,10
13.0121002197,80.2215423584,27066,27077,11
13.0124702454,80.2215805054,27077,27087,10
13.0128602982,80.2221679688,27087,27097,10
13.0134496689,80.2228469849,27097,27107,10
13.0141601563,80.2236709595,27107,27117,10
13.0147600174,80.2243728638,27117,27127,10
13.0150299072,80.2246170044,27127,27137,10
13.0154800415,80.2249832153,27137,27157,20
13.0154800415,80.2249832153,27157,27167,10
13.0156097412,80.225112915,27167,27177,10
13.0160799026,80.2253417969,27177,27188,11
13.0163497925,80.2253799438,27188,27198,10
13.0169496536,80.2251968384,27198,27207,9
13.0176897049,80.2248764038,27207,27218,11
13.0187797546,80.2244415283,27218,27228,10
13.0195999146,80.2244567871,27228,27238,10
13.019780159,80.224571228,27238,27248,10
13.0201396942,80.2248382568,27248,27258,10
13.0206804276,80.2252197266,27258,27268,10
13.0212602615,80.2256393433,27268,27278,10
13.0219497681,80.2261428833,27278,27288,10
13.0220403671,80.2262191772,27288,27299,11
13.022310257,80.2265090942,27299,27309,10
13.0228700638,80.2269821167,27309,27319,10
13.0235300064,80.2275772095,27319,27329,10
13.0241203308,80.2281570435,27329,27339,10
13.0245895386,80.2287826538,27339,27349,10
13.0250701904,80.2294311523,27349,27359,10
13.025560379,80.2300872803,27359,27369,10
13.0259504318,80.2308578491,27369,27379,10
13.026260376,80.2313690186,27379,27389,10
13.0269002914,80.2311782837,27389,27399,10
13.0276403427,80.2310180664,27399,27410,11
13.0283899307,80.2309188843,27410,27420,10
13.0285701752,80.2309036255,27420,27430,10
13.0289697647,80.2308807373,27430,27440,10
13.0291900635,80.2308731079,27440,27450,10
13.0295200348,80.2308425903,27450,27460,10
13.029999733,80.230796814,27460,27470,10
13.0305700302,80.2307510376,27470,27480,10
13.0311603546,80.2306900024,27480,27490,10
13.0316801071,80.2306518555,27490,27500,10
13.0324697495,80.2305908203,27500,27510,10
13.0333404541,80.2305221558,27510,27521,11
13.0339097977,80.2304763794,27521,27531,10
13.0343103409,80.2304229736,27531,27551,20
13.0343103409,80.2304229736,27551,27561,10
13.0344200134,80.2304077148,27561,27571,10
13.0347700119,80.2303314209,27571,27581,10
13.0349597931,80.2304992676,27581,27591,10
13.0349597931,80.2306137085,27591,27601,10
13.0349597931,80.2307128906,27601,27611,10
13.0349397659,80.2309799194,27611,27621,10
13.0349197388,80.2314071655,27621,27632,11
13.0348100662,80.232208252,27632,27642,10
13.0346803665,80.233001709,27642,27652,10
13.0346097946,80.2335586548,27652,27662,10
13.0345401764,80.2342987061,27662,27672,10
13.0344200134,80.2351837158,27672,27682,10
13.0342998505,80.236076355,27682,27692,10
13.034239769,80.2370605469,27692,27702,10
13.0343799591,80.2373580933,27702,27718,16
13.0345096588,80.237701416,27718,27730,12
13.0348901749,80.2382965088,27730,27740,10
13.0353803635,80.2390823364,27740,27751,11
13.0361204147,80.2394104004,27751,27761,10
13.0371599197,80.2395401001,27761,27771,10
13.0382795334,80.2396774292,27771,27781,10
13.0394201279,80.2397918701,27781,27791,10
13.0402498245,80.2399520874,27791,27801,10
13.0404396057,80.2404937744,27801,27811,10
13.0409297943,80.2405471802,27811,27821,10
13.041560173,80.2406387329,27821,27830,9
13.0423898697,80.2407608032,27830,27841,11
13.0436401367,80.2409515381,27841,27851,10
13.0445203781,80.2406234741,27851,27862,11
13.0448999405,80.2403488159,27862,27872,10
13.0453500748,80.2400588989,27872,27882,10
13.0460300446,80.2395935059,27882,27892,10
13.0465497971,80.2396011353,27892,27902,10
13.0469503403,80.239692688,27902,27912,10
13.0477104187,80.2398605347,27912,27922,10
13.0487499237,80.2400665283,27922,27932,10
13.0498695374,80.2403030396,27932,27942,10
13.050740242,80.2404785156,27942,27952,10
13.0512104034,80.2405776978,27952,27963,11
13.0515804291,80.2406463623,27963,27973,10
13.0522899628,80.2408599854,27973,27983,10
13.0525197983,80.2412185669,27983,27993,10
13.0529098511,80.2417907715,27993,28003,10
13.0537004471,80.2421722412,28003,28013,10
13.0540599823,80.2422485352,28013,28023,10
13.0544996262,80.2423629761,28023,28033,10
13.0553798676,80.2422485352,28033,28043,10
13.0563802719,80.2425689697,28043,28053,10
13.0569095612,80.2426681519,28053,28063,10
13.0574903488,80.2428283691,28063,28074,11
13.0578403473,80.2427902222,28074,28084,10
13.0583496094,80.24269104,28084,28094,10
13.0591802597,80.2425308228,28094,28104,10
13.0600404739,80.242729187,28104,28114,10
13.0609998703,80.243057251,28114,28124,10
13.06153965,80.2432098389,28124,28134,10
13.0623998642,80.2433624268,28134,28144,10
13.0627002716,80.2434082031,28144,28154,10
13.063369751,80.243522644,28154,28164,10
13.064330101,80.2435379028,28164,28180,16
13.0656003952,80.2435302734,28180,28193,13
13.0659399033,80.2434768677,28193,28203,10
13.0665998459,80.243309021,28203,28213,10
13.0673904419,80.2429962158,28213,28223,10
13.0683202744,80.24269104,28223,28233,10
13.0689601898,80.2424621582,28233,28243,10
13.0695495605,80.2422103882,28243,28253,10
13.0699996948,80.2421035767,28253,28263,10
13.070019722,80.2421035767,28263,28272,9
13.0703601837,80.2420425415,28272,28282,10
13.0709896088,80.2418518066,28282,28294,12
13.0720996857,80.2413406372,28294,28303,9
13.0729799271,80.2408599854,28303,28314,11
13.0739402771,80.2405776978,28314,28324,10
13.0750398636,80.2405166626,28324,28334,10
13.0761804581,80.2405014038,28334,28344,10
13.0770397186,80.2406082153,28344,28354,10
13.0771198273,80.2400588989,28354,28364,10
13.0768995285,80.2392272949,28364,28374,10
13.0766496658,80.2382278442,28374,28384,10
13.0764703751,80.2374801636,28384,28394,10
13.0764598846,80.237411499,28394,28405,11
13.0764198303,80.2372817993,28405,28415,10
13.0763196945,80.2367401123,28415,28425,10
13.0761995316,80.2358703613,28425,28435,10
13.0759601593,80.2348022461,28435,28445,10
13.0757703781,80.234161377,28445,28455,10
13.0757398605,80.2340621948,28455,28465,10
13.075799942,80.2338790894,28465,28475,10
13.0762195587,80.2338027954,28475,28485,10
13.0767698288,80.2337188721,28485,28495,10
13.0769100189,80.2337036133,28495,28505,10
13.0774402618,80.2336196899,28505,28516,11
13.078379631,80.2335586548,28516,28526,10
13.0794095993,80.2335510254,28526,28536,10
13.0802202225,80.2335205078,28536,28546,10
13.0803203583,80.2335205078,28546,28556,10
13.0806798935,80.2335510254,28556,28566,10
13.0814800262,80.233581543,28566,28575,9
13.0819301605,80.2334213257,28575,28586,11
13.0820503235,80.2327423096,28586,28596,10
13.0823497772,80.231880188,28596,28605,9
13.0825595856,80.231300354,28605,28616,11
13.0826396942,80.2311630249,28616,28627,11
13.0828504562,80.2306976318,28627,28637,10
13.0831699371,80.2308425903,28637,28647,10
13.0832099915,80.2316207886,28647,28657,10
13.0832996368,80.2326278687,28657,28667,10
13.0834999084,80.2334899902,28667,28677,10
13.083820343,80.2339019775,28677,28687,10
13.0841798782,80.2340087891,28687,28697,10
13.084690094,80.234161377,28697,28707,10
13.0856199265,80.2343521118,28707,28717,10
13.0867500305,80.2345581055,28717,28727,10
13.0877799988,80.2344589233,28727,28738,11
13.0880298615,80.2335662842,28738,28748,10
13.0882701874,80.2324295044,28748,28758,10
13.0885801315,80.2313308716,28758,28768,10
13.0889396667,80.2304763794,28768,28788,20
13.0889396667,80.2304763794,28788,28798,10
13.089099884,80.2301483154,28798,28808,10
13.0894403458,80.2295074463,28808,28818,10
13.0900802612,80.228767395,28818,28828,10
13.0907201767,80.2280807495,28828,28838,10
13.0913801193,80.2273330688,28838,28849,11
13.091629982,80.2270736694,28849,28859,10
13.092089653,80.2265777588,28859,28869,10
13.0927095413,80.2259902954,28869,28879,10
13.0932302475,80.2254104614,28879,28889,10
13.0934000015,80.2252197266,28889,28899,10
13.0937995911,80.2247467041,28899,28909,10
13.0943899155,80.223991394,28909,28919,10
13.0950403214,80.2229919434,28919,28929,10
13.095290184,80.222366333,28929,28939,10
13.0954704285,80.2219161987,28939,28949,10
13.0957803726,80.2210998535,28949,28960,11
13.0961503983,80.2200622559,28960,28970,10
13.0963497162,80.2193374634,28970,28980,10
13.0964298248,80.2191696167,28980,28996,16
13.0967998505,80.2181396484,28996,29008,12
13.0972003937,80.2170028687,29008,29018,10
13.0975198746,80.216217041,29018,29028,10
13.0979604721,80.2152175903,29028,29037,9
13.0983400345,80.2142868042,29037,29048,11
13.0988998413,80.2141113281,29048,29059,11
13.0996704102,80.2143630981,29059,29069,10
13.1001796722,80.2145004272,29069,29080,11
13.1004600525,80.2145767212,29080,29090,10
13.100520134,80.2145996094,29090,29100,10
13.1006097794,80.2148666382,29100,29110,10
13.1003599167,80.2154083252,29110,29120,10
13.1000995636,80.2159881592,29120,29130,10
13.0999403,80.2160415649,29130,29140,10
13.1000404358,80.215713501,29140,29150,10
13.1002101898,80.2152862549,29150,29160,10
13.1003599167,80.2148284912,29160,29584,424
13.100279808,80.2147521973,29584,30311,727
13.1003198624,80.2147903442,30311,30452,141
13.1002902985,80.2147216797,30452,31259,807
13.1002902985,80.2147216797,31259,31269,10
13.100279808,80.2146224976,31269,31279,10
13.0999803543,80.2144165039,31279,31289,10
13.0995597839,80.2143173218,31289,31300,11
13.0989599228,80.2141494751,31300,31310,10
13.0984401703,80.2141189575,31310,31320,10
13.0981798172,80.2147598267,31320,31330,10
13.0978603363,80.2154922485,31330,31340,10
13.0975599289,80.2162094116,31340,31350,10
13.0973701477,80.2166824341,31350,31360,10
13.0973300934,80.2167892456,31360,31370,10
13.0971603394,80.2172470093,31370,31380,10
13.0968904495,80.2179794312,31380,31390,10
13.096619606,80.2188186646,31390,31400,10
13.0963001251,80.2197418213,31400,31411,11
13.0959100723,80.2208404541,31411,31421,10
13.0956401825,80.2216262817,31421,31431,10
13.0953702927,80.2224121094,31431,31441,10
13.0953397751,80.2224884033,31441,31451,10
13.095199585,80.2228622437,31451,31461,10
13.0948600769,80.2235183716,31461,31471,10
13.0943098068,80.224319458,31471,31481,10
13.09375,80.2250213623,31481,31491,10
13.0931596756,80.2256393433,31491,31501,10
13.092499733,80.2262878418,31501,31511,10
13.0917901993,80.2270202637,31511,31522,11
13.0912599564,80.2276000977,31522,31532,10
13.0912504196,80.2276077271,31532,31542,10
13.0910396576,80.2278366089,31542,31552,10
13.0906295776,80.2282714844,31552,31562,10
13.0899896622,80.2289581299,31562,31572,10
13.089389801,80.2297821045,31572,31582,10
13.0891799927,80.2302322388,31582,31592,10
13.0888299942,80.2309494019,31592,31622,30
13.0888299942,80.2309494019,31622,31633,11
13.0887098312,80.2311935425,31633,31643,10
13.0886297226,80.2314224243,31643,31652,9
13.0884599686,80.2318572998,31652,31663,11
13.0882797241,80.2326126099,31663,31673,10
13.0880899429,80.2335205078,31673,31683,10
13.0878896713,80.2343826294,31683,31693,10
13.0871601105,80.2345809937,31693,31703,10
13.0863199234,80.2344970703,31703,31713,10
13.0859804153,80.2343978882,31713,31744,31
13.0859804153,80.2343978882,31744,31754,10
13.0858402252,80.2343902588,31754,31764,10
13.0853996277,80.2342605591,31764,31774,10
13.0847797394,80.2340774536,31774,31784,10
13.0844202042,80.2340316772,31784,31794,10
13.0838003159,80.2339096069,31794,31804,10
13.0833797455,80.2338180542,31804,31814,10
13.0830001831,80.2337875366,31814,31824,10
13.0824098587,80.2336425781,31824,31855,31
13.0824098587,80.2336425781,31855,31865,10
13.0819301605,80.2335586548,31865,31875,10
13.0812501907,80.2334823608,31875,31885,10
13.0804195404,80.2335281372,31885,31895,10
13.0797395706,80.233543396,31895,31905,10
13.079580307,80.2335205078,31905,31915,10
13.0794897079,80.2334823608,31915,31925,10
13.0791196823,80.2335205078,31925,31935,10
13.078499794,80.2335586548,31935,31945,10
13.0776996613,80.2335968018,31945,31955,10
13.0768299103,80.2337188721,31955,31966,11
13.0761098862,80.23387146,31966,31976,10
13.0761003494,80.2338562012,31976,31986,10
13.0759401321,80.2338562012,31986,31996,10
13.0759096146,80.2341995239,31996,32006,10
13.0760698318,80.2349319458,32006,32016,10
13.076259613,80.2358322144,32016,32026,10
13.0765104294,80.2372817993,32026,32056,30
13.0765104294,80.2372817993,32056,32066,10
13.0765199661,80.237487793,32066,32077,11
13.0766201019,80.2378463745,32077,32087,10
13.0767402649,80.2384872437,32087,32097,10
13.0769500732,80.2393112183,32097,32107,10
13.0771598816,80.2401428223,32107,32117,10
13.0773696899,80.241027832,32117,32127,10
13.0774002075,80.2412872314,32127,32137,10
13.0774202347,80.2414779663,32137,32147,10
13.0775499344,80.2420425415,32147,32157,10
13.0777196884,80.2428970337,32157,32167,10
13.0778398514,80.2438812256,32167,32177,10
13.0778398514,80.244720459,32177,32188,11
13.0779399872,80.24584198,32188,32197,9
13.0780801773,80.2468185425,32197,32208,11
13.0783500671,80.2481002808,32208,32218,10
13.0786104202,80.2491607666,32218,32228,10
13.0787296295,80.2501983643,32228,32238,10
13.0785398483,80.2509613037,32238,32248,10
13.0785799026,80.2516326904,32248,32258,10
13.0781803131,80.2517166138,32258,32268,10
13.077460289,80.2518463135,32268,32278,10
13.0765104294,80.2519836426,32278,32288,10
13.0754699707,80.2521362305,32288,32299,11
13.0744800568,80.2522583008,32299,32309,10
13.0740404129,80.2524490356,32309,32319,10
13.0735397339,80.2524795532,32319,32329,10
13.0729198456,80.2523727417,32329,32339,10
13.0724601746,80.2522125244,32339,32349,10
13.0721797943,80.2517166138,32349,32359,10
13.0719604492,80.2507171631,32359,32369,10
13.0717096329,80.2499237061,32369,32379,10
13.0715103149,80.2489624023,32379,32389,10
13.0712499619,80.2479324341,32389,32399,10
13.0708198547,80.2469406128,32399,32410,11
13.0702896118,80.2458114624,32410,32420,10
13.0698299408,80.2447509766,32420,32430,10
13.0693397522,80.2433624268,32430,32450,20
13.0693397522,80.2433624268,32450,32460,10
13.0693397522,80.2432327271,32460,32470,10
13.0692300797,80.242729187,32470,32480,10
13.0686798096,80.2425384521,32480,32490,10
13.0678796768,80.242767334,32490,32500,10
13.0669698715,80.2431335449,32500,32510,10
13.0662298203,80.2435379028,32510,32521,11
13.0661401749,80.2441482544,32521,32531,10
13.0663003922,80.2451171875,32531,32541,10
13.0665397644,80.2459030151,32541,32551,10
13.0678195953,80.2465286255,32551,32571,20
13.0678195953,80.2465286255,32571,32581,10
13.0679101944,80.2468566895,32581,32591,10
13.0679197311,80.2475585938,32591,32601,10
13.0673503876,80.2478103638,32601,32610,9
13.0665502548,80.2478103638,32610,32620,10
13.0655202866,80.2477264404,32620,32632,12
13.064160347,80.2476425171,32632,32642,10
13.0630197525,80.2475967407,32642,32652,10
13.061920166,80.2475585938,32652,32662,10
13.0613803864,80.2470016479,32662,32672,10
13.0617904663,80.2464675903,32672,32682,10
13.0620002747,80.2456207275,32682,32692,10
13.0625495911,80.2448577881,32692,32702,10
13.0632295609,80.2442474365,32702,32722,20
13.0632295609,80.2442474365,32722,32732,10
13.0634202957,80.2439498901,32732,32743,11
13.0633802414,80.2434768677,32743,32753,10
13.0627202988,80.2433624268,32753,32763,10
13.0620603561,80.2432327271,32763,32773,10
13.0612401962,80.2430877686,32773,32783,10
13.0603199005,80.2428207397,32783,32793,10
13.0593700409,80.2424621582,32793,32803,10
13.0588598251,80.2425231934,32803,32813,10
13.0588197708,80.2425308228,32813,32823,10
13.0587301254,80.2425384521,32823,32833,10
13.0584697723,80.2426071167,32833,32843,10
13.0581598282,80.242729187,32843,32854,11
13.0574197769,80.2428436279,32854,32864,10
13.0566396713,80.2426376343,32864,32874,10
13.0557804108,80.2422485352,32874,32884,10
13.0548095703,80.2423706055,32884,32893,9
13.0537595749,80.2422027588,32893,32914,21
13.0537595749,80.2422027588,32914,32924,10
13.0534801483,80.2420501709,32924,32934,10
13.0528001785,80.2418136597,32934,32954,20
13.0528001785,80.2418136597,32954,32965,11
13.0526504517,80.2416763306,32965,32975,10
13.0523004532,80.2412185669,32975,32985,10
13.0519504547,80.2407073975,32985,32995,10
13.0516004562,80.2406616211,32995,33005,10
13.051030159,80.2405776978,33005,33015,10
13.0509595871,80.240562439,33015,33025,10
13.0507698059,80.2404937744,33025,33035,10
13.0501804352,80.2403564453,33035,33045,10
13.0493497849,80.2401809692,33045,33055,10
13.0483798981,80.2399902344,33055,33065,10
13.0473203659,80.2397613525,33065,33076,11
13.0463199615,80.2395401001,33076,33086,10
13.0462799072,80.2392578125,33086,33096,10
13.0464096069,80.2386932373,33096,33106,10
13.0465898514,80.2378616333,33106,33116,10
13.0467996597,80.2368392944,33116,33126,10
13.0469799042,80.2361602783,33126,33136,10
13.0470695496,80.2357406616,33136,33146,10
13.0470695496,80.235458374,33146,33156,10
13.0471200943,80.234992981,33156,33166,10
13.0472698212,80.2340011597,33166,33176,10
13.0473203659,80.2332229614,33176,33187,11
13.0469398499,80.233001709,33187,33197,10
13.0462398529,80.2328491211,33197,33207,10
13.045539856,80.232749939,33207,33217,10
13.0453395844,80.2326583862,33217,33227,10
13.0451402664,80.2326431274,33227,33237,10
13.0445995331,80.2325363159,33237,33247,10
13.0437898636,80.2323684692,33247,33257,10
13.0430002213,80.2322998047,33257,33267,10
13.0423297882,80.2322998047,33267,33277,10
13.0415802002,80.2321777344,33277,33287,10
13.0406398773,80.2318878174,33287,33299,12
13.0394096375,80.2315292358,33299,33309,10
13.0384502411,80.231300354,33309,33319,10
13.0374803543,80.23097229,33319,33329,10
13.0368900299,80.2307510376,33329,33339,10
13.0363502502,80.2305831909,33339,33349,10
13.0353002548,80.2303314209,33349,33398,49
13.0353002548,80.2303314209,33398,33409,11
13.0349397659,80.2303237915,33409,33420,11
13.0343198776,80.2303771973,33420,33430,10
13.0338401794,80.230430603,33430,33440,10
13.0334501266,80.2304534912,33440,33450,10
13.0334396362,80.2304534912,33450,33460,10
13.0332698822,80.23046875,33460,33470,10
13.032699585,80.2304992676,33470,33480,10
13.0319004059,80.2305831909,33480,33490,10
13.0309495926,80.2306518555,33490,33500,10
13.0303697586,80.2306976318,33500,33509,9
13.0298900604,80.2307662964,33509,33531,22
13.0298900604,80.2307662964,33531,33541,10
13.029709816,80.2308425903,33541,33551,10
13.0292396545,80.2308807373,33551,33561,10
13.0285997391,80.2309494019,33561,33571,10
13.0279302597,80.2310409546,33571,33581,10
13.0277395248,80.2312393188,33581,33591,10
13.027759552,80.2317886353,33591,33601,10
13.0278701782,80.2324829102,33601,33611,10
13.0276203156,80.2328262329,33611,33621,10
13.0270500183,80.2329025269,33621,33631,10
13.0267896652,80.2329330444,33631,33642,11
13.0264396667,80.2327575684,33642,33652,10
13.0262002945,80.2321624756,33652,33662,10
13.0259599686,80.2313079834,33662,33672,10
13.0255899429,80.2302932739,33672,33682,10
13.024939537,80.2293701172,33682,33692,10
13.024720192,80.2291030884,33692,33702,10
13.0246400833,80.2289962769,33702,33712,10
13.0243597031,80.2286376953,33712,33722,10
13.0240001678,80.2282409668,33722,33732,10
13.0239896774,80.2282180786,33732,33742,10
13.0238599777,80.2280502319,33742,33753,11
13.0234498978,80.2276000977,33753,33763,10
13.0231800079,80.2273178101,33763,33773,10
13.022769928,80.2269363403,33773,33783,10
13.0221395493,80.2264099121,33783,33793,10
13.0213403702,80.2257614136,33793,33803,10
13.0204401016,80.225112915,33803,33813,10
13.0194301605,80.2244873047,33813,33829,16
13.0176401138,80.224937439,33829,33841,12
13.0165395737,80.2254104614,33841,33849,8
13.016169548,80.2255630493,33849,33862,13
13.0154695511,80.2257995605,33862,33871,9
13.0150299072,80.2259979248,33871,33882,11
13.0149898529,80.226020813,33882,33892,10
13.0148801804,80.2260284424,33892,33902,10
13.0145397186,80.2261581421,33902,33932,30
13.0145397186,80.2261581421,33932,33942,10
13.0142202377,80.2262802124,33942,33952,10
13.0136804581,80.2264785767,33952,33962,10
13.0129804611,80.2267608643,33962,33973,11
13.0121202469,80.2270812988,33973,33983,10
13.0111703873,80.2274703979,33983,33993,10
13.0101804733,80.2278823853,33993,34003,10
13.0092601776,80.2283706665,34003,34013,10
13.0090103149,80.2293701172,34013,34023,10
13.0087795258,80.2305603027,34023,34033,10
13.0085802078,80.2317428589,34033,34043,10
13.0083503723,80.2328872681,34043,34052,9
13.0082502365,80.2334594727,34052,34063,11
13.0082197189,80.2337417603,34063,34084,21
13.0082197189,80.2337417603,34084,34094,10
13.0081701279,80.2338409424,34094,34104,10
13.008099556,80.2342376709,34104,34114,10
13.0080003738,80.2348327637,34114,34124,10
13.0078401566,80.2355880737,34124,34134,10
13.0076599121,80.2365188599,34134,34144,10
13.0074796677,80.2373733521,34144,34154,10
13.0073099136,80.2383422852,34154,34164,10
13.0071496964,80.2392807007,34164,34174,10
13.0069704056,80.240196228,34174,34184,10
13.0068902969,80.2406616211,34184,34195,11
13.0068902969,80.2406692505,34195,34205,10
13.0068597794,80.2408218384,34205,34215,10
13.0067996979,80.2413787842,34215,34225,10
13.0067996979,80.2421798706,34225,34235,10
13.0067796707,80.2430419922,34235,34245,10
13.006770134,80.243812561,34245,34255,10
13.0067396164,80.2445831299,34255,34265,10
13.0067596436,80.2458114624,34265,34275,10
13.0067996979,80.2467803955,34275,34285,10
13.0067796707,80.2478027344,34285,34295,10
13.0067996979,80.2487716675,34295,34306,11
13.0068998337,80.2495422363,34306,34316,10
13.0069103241,80.2495727539,34316,34326,10
13.0068998337,80.2499771118,34326,34336,10
13.0068502426,80.2506790161,34336,34346,10
13.0068397522,80.2511825562,34346,34356,10
13.0067796707,80.2516403198,34356,34366,10
13.0066404343,80.2523498535,34366,34376,10
13.0066204071,80.2532196045,34376,34386,10
13.0066099167,80.2540664673,34386,34396,10
13.0066699982,80.2548217773,34396,34417,21
13.0066699982,80.2548217773,34417,34427,10
13.0066604614,80.2551193237,34427,34437,10
13.0066699982,80.255897522,34437,34447,10
13.0066900253,80.2571029663,34447,34507,60
13.0066900253,80.2571029663,34507,34517,10
13.0066795349,80.2573318481,34517,34528,11
13.0065402985,80.2576599121,34528,34538,10
13.0063295364,80.2576217651,34538,34548,10
13.0061798096,80.257522583,34548,34558,10
13.0057601929,80.2573928833,34558,34568,10
13.0051202774,80.257232666,34568,34578,10
13.0046796799,80.2571563721,34578,34588,10
13.0039300919,80.2569885254,34588,34598,10
13.0030202866,80.2567977905,34598,34608,10
13.0022497177,80.2566604614,34608,34618,10
13.0018901825,80.2565994263,34618,34628,10
13.0013103485,80.2565231323,34628,34639,11
13.0004396439,80.256401062,34639,34649,10
13.000169754,80.256362915,34649,34659,10
13.0000200272,80.2563171387,34659,34669,10
12.9995698929,80.2562408447,34669,34679,10
12.9989795685,80.2560882568,34679,34689,10
12.9982004166,80.2559661865,34689,34699,10
12.9976997375,80.2559585571,34699,34709,10
12.9974498749,80.2559280396,34709,34719,10
12.9971599579,80.2559127808,34719,34729,10
12.9969596863,80.2562179565,34729,34739,10
12.9969396591,80.2566375732,34739,34750,11
12.9969501495,80.2566604614,34750,34760,10
12.9969301224,80.2570037842,34760,34770,10
12.9968395233,80.2576293945,34770,34780,10
12.9967603683,80.2585220337,34780,34790,10
12.9966802597,80.2592468262,34790,34800,10
12.9965896606,80.2596893311,34800,34810,10
12.9965896606,80.2598190308,34810,34820,10
12.9965295792,80.2603988647,34820,34830,10
12.9964504242,80.2611694336,34830,34840,10
12.9963703156,80.2618408203,34840,34850,10
12.9963302612,80.2621994019,34850,34860,10
12.9962902069,80.2625808716,34860,34871,11
12.9962100983,80.2632675171,34871,34881,10
12.9961204529,80.2640686035,34881,34891,10
12.9960203171,80.2649612427,34891,34901,10
12.9959001541,80.2661132813,34901,34911,10
12.9957799911,80.2671813965,34911,34921,10
12.9961996078,80.2677078247,34921,34941,20
12.9961996078,80.2677078247,34941,34951,10
12.996339798,80.2677307129,34951,34961,10
12.9969596863,80.2677230835,34961,34971,10
12.9978399277,80.2674713135,34971,34982,11
12.9987401962,80.2672195435,34982,34992,10
12.9996795654,80.2669219971,34992,35002,10
13.0001096725,80.2665786743,35002,35012,10
13.0001497269,80.266456604,35012,35022,10
13.0002002716,80.2659835815,35022,35032,10
13.0002298355,80.265838623,35032,35042,10
13.0003204346,80.2657012939,35042,35052,10
13.0003299713,80.2659683228,35052,35839,787
13.0003299713,80.2659683228,35839,35849,10
13.0003099442,80.2665405273,35849,35859,10
13.0002698898,80.2667770386,35859,35870,11
13.0001602173,80.2668609619,35870,35880,10
12.9998197556,80.2669677734,35880,35890,10
12.9994697571,80.2670593262,35890,35900,10
12.9989299774,80.2671890259,35900,35910,10
12.9983196259,80.2674026489,35910,35920,10
12.9976797104,80.2675628662,35920,35930,10
12.9970197678,80.2677383423,35930,35940,10
12.9963302612,80.2677536011,35940,35950,10
12.9957895279,80.2675170898,35950,35980,30
12.9957895279,80.2675170898,35980,35991,11
12.9958200455,80.2670211792,35991,36001,10
12.9958600998,80.2663726807,36001,36011,10
12.9959602356,80.2654571533,36011,36021,10
12.9960203171,80.2647171021,36021,36031,10
12.9960899353,80.2639389038,36031,36041,10
12.9961595535,80.2631378174,36041,36051,10
12.9961795807,80.2627792358,36051,36061,10
12.9961900711,80.2627563477,36061,36071,10
12.996219635,80.2625579834,36071,36081,10
12.9962997437,80.2621078491,36081,36091,10
12.9963903427,80.2614212036,36091,36102,11
12.9964799881,80.2604904175,36102,36112,10
12.9965600967,80.260017395,36112,36122,10
12.9965801239,80.2599563599,36122,36132,10
12.9965896606,80.259803772,36132,36142,10
12.9965896606,80.2596893311,36142,36152,10
12.9965896606,80.2593383789,36152,36162,10
12.9966602325,80.2586517334,36162,36172,10
12.9967603683,80.2577285767,36172,36182,10
12.9968500137,80.2570495605,36182,36192,10
12.9969100952,80.2561035156,36192,36293,101
12.9969100952,80.2561035156,36293,36303,10
12.996919632,80.255859375,36303,36313,10
12.9972896576,80.2558288574,36313,36324,11
12.9979000092,80.255859375,36324,36334,10
12.9983100891,80.2559204102,36334,36344,10
12.9987802505,80.2559967041,36344,36364,20
12.9987802505,80.2559967041,36364,36374,10
12.9989299774,80.2560424805,36374,36394,20
12.9989299774,80.2560424805,36394,36404,10
12.9992198944,80.2560882568,36404,36414,10
12.9996900558,80.256187439,36414,36424,10
13.0003404617,80.2563323975,36424,36435,11
13.0007696152,80.2564163208,36435,36465,30
13.0007696152,80.2564163208,36465,36475,10
13.0011100769,80.2564926147,36475,36485,10
13.0015096664,80.2565689087,36485,36495,10
13.0019798279,80.2566375732,36495,36505,10
13.0024995804,80.256729126,36505,36514,9
13.0030202866,80.2568206787,36514,36525,11
13.003780365,80.2569580078,36525,36535,10
13.0045604706,80.2571029663,36535,36546,11
13.0054998398,80.2572937012,36546,36556,10
13.0061798096,80.2574310303,36556,36586,30
13.0061798096,80.2574310303,36586,36596,10
13.0063400269,80.2574691772,36596,36606,10
13.006529808,80.2571563721,36606,36616,10
13.0065002441,80.2564163208,36616,36626,10
13.0065202713,80.2553787231,36626,36636,10
13.0065202713,80.2542419434,36636,36646,10
13.0065202713,80.2531585693,36646,36657,11
13.0065202713,80.2529602051,36657,36667,10
13.0065097809,80.252746582,36667,36677,10
13.0065402985,80.2523422241,36677,36687,10
13.0065402985,80.2523269653,36687,36697,10
13.0066003799,80.2520294189,36697,36707,10
13.0066795349,80.2515182495,36707,36717,10
13.0067300797,80.2507400513,36717,36727,10
13.0067195892,80.2498779297,36727,36737,10
13.0066900253,80.248916626,36737,36747,10
13.0066299438,80.2478179932,36747,36767,20
13.0066404343,80.247543335,36767,36816,49
13.0066404343,80.247543335,36816,36826,10
13.006649971,80.2473907471,36826,36836,10
13.006649971,80.2468566895,36836,36846,10
13.006649971,80.2462615967,36846,36856,10
13.006649971,80.2455215454,36856,36866,10
13.0066404343,80.2446594238,36866,36876,10
13.0066299438,80.2439575195,36876,36887,11
13.0065803528,80.2431411743,36887,36897,10
13.0065698624,80.242401123,36897,36907,10
13.0065402985,80.2416763306,36907,36917,10
13.0065402985,80.2415466309,36917,36927,10
13.0065698624,80.2410812378,36927,36937,10
13.0066995621,80.2404174805,36937,36947,10
13.0068902969,80.2395172119,36947,36957,10
13.0071201324,80.238319397,36957,36967,10
13.0073404312,80.2372589111,36967,36977,10
13.0074300766,80.2369384766,36977,36987,10
13.0075502396,80.2364883423,36987,36998,11
13.0077199936,80.2356796265,36998,37008,10
13.007900238,80.2347183228,37008,37018,10
13.0081396103,80.2335586548,37018,37028,10
13.0083799362,80.2322998047,37028,37044,16
13.0087499619,80.2302703857,37044,37056,12
13.009059906,80.2287597656,37056,37065,9
13.0094003677,80.2276992798,37065,37075,10
13.0099000931,80.2265625,37075,37086,11
13.010430336,80.2255783081,37086,37096,10
13.0106496811,80.2250900269,37096,37106,10
13.010840416,80.224609375,37106,37117,11
13.0111999512,80.223739624,37117,37127,10
13.0115499496,80.2228775024,37127,37137,10
13.0119104385,80.2218399048,37137,37147,10
13.012339592,80.2214279175,37147,37157,10
13.0127401352,80.2220306396,37157,37167,10
13.0132598877,80.2226104736,37167,37177,10
13.0137395859,80.2231674194,37177,37187,10
13.0142602921,80.2238082886,37187,37197,10
13.0151901245,80.224822998,37197,37229,32
13.0151901245,80.224822998,37229,37239,10
13.0152797699,80.2249069214,37239,37249,10
13.015370369,80.2249984741,37249,37259,10
13.0157403946,80.2253036499,37259,37269,10
13.0161600113,80.2253799438,37269,37279,10
13.0167999268,80.2252578735,37279,37289,10
13.0176296234,80.224899292,37289,37299,10
13.0186595917,80.2244720459,37299,37309,10
13.0193500519,80.2244110107,37309,37319,10
13.0194101334,80.2244110107,37319,37330,11
13.0196199417,80.2244873047,37330,37340,10
13.0201501846,80.2248764038,37340,37350,10
13.0206604004,80.2252426147,37350,37360,10
13.0207300186,80.2253036499,37360,37370,10
13.0208501816,80.2253875732,37370,37380,10
13.0213003159,80.2257537842,37380,37390,10
13.0218496323,80.2260894775,37390,37410,20
13.0218496323,80.2260894775,37410,37420,10
13.0220899582,80.2263031006,37420,37430,10
13.0225696564,80.2267379761,37430,37440,10
13.0232200623,80.2273406982,37440,37451,11
13.024020195,80.2281494141,37451,37461,10
13.0247402191,80.2290802002,37461,37471,10
13.02546978,80.2300567627,37471,37481,10
13.0259504318,80.231010437,37481,37491,10
13.0262002945,80.231338501,37491,37501,10
13.0268697739,80.2311935425,37501,37511,10
13.0277996063,80.2309799194,37511,37521,10
13.0284404755,80.2309036255,37521,37531,10
13.0284500122,80.2309036255,37531,37541,10
13.0286598206,80.2308731079,37541,37551,10
13.0293598175,80.2308197021,37551,37592,41
13.0293598175,80.2308197021,37592,37602,10
13.0293998718,80.2308425903,37602,37612,10
13.0294704437,80.2308425903,37612,37622,10
13.0299501419,80.2307891846,37622,37632,10
13.0305700302,80.2307281494,37632,37642,10
13.0311698914,80.2306671143,37642,37652,10
13.0318899155,80.2306137085,37652,37662,10
13.0327196121,80.2305374146,37662,37673,11
13.0336198807,80.2304763794,37673,37683,10
13.0344696045,80.2303771973,37683,37703,20
13.0344696045,80.2303771973,37703,37713,10
13.0346603394,80.2303695679,37713,37723,10
13.0349302292,80.2304611206,37723,37733,10
13.0349302292,80.2305908203,37733,37743,10
13.0348997116,80.2309570313,37743,37753,10
13.0348596573,80.2313537598,37753,37763,10
13.0347995758,80.2317428589,37763,37773,10
13.0347604752,80.232170105,37773,37784,11
13.0346603394,80.2328567505,37784,37794,10
13.034620285,80.2332229614,37794,37804,10
13.0345401764,80.2338485718,37804,37814,10
13.0344295502,80.2348327637,37814,37824,10
13.0342998505,80.2358322144,37824,37834,10
13.0341997147,80.2367401123,37834,37844,10
13.0342998505,80.2373580933,37844,37854,10
13.0345096588,80.2377090454,37854,37864,10
13.0348501205,80.2382583618,37864,37874,10
13.0352497101,80.2389068604,37874,37884,10
13.0354795456,80.2393264771,37884,37895,11
13.0362300873,80.2394332886,37895,37915,20
13.0362300873,80.2394332886,37915,37925,10
13.0364904404,80.2394866943,37925,37941,16
13.0374202728,80.2395706177,37941,37953,12
13.038189888,80.2396392822,37953,37963,10
13.0388402939,80.2397232056,37963,37973,10
13.039440155,80.2397918701,37973,37983,10
13.0400104523,80.2398376465,37983,37993,10
13.0403404236,80.240020752,37993,38004,11
13.0403995514,80.2404022217,38004,38014,10
13.0407600403,80.2404937744,38014,38024,10
13.0410604477,80.2405471802,38024,38034,10
13.0413999557,80.2406082153,38034,38044,10
13.0418796539,80.2406616211,38044,38054,10
13.0426397324,80.2407684326,38054,38064,10
13.0433397293,80.2408599854,38064,38074,10
13.0438203812,80.2409362793,38074,38084,10
13.0444602966,80.2406234741,38084,38135,51
13.0444602966,80.2406234741,38135,38145,10
13.0447397232,80.2405014038,38145,38155,10
13.0451097488,80.2402267456,38155,38165,10
13.045539856,80.2399368286,38165,38175,10
13.0460395813,80.2395935059,38175,38185,10
13.0463895798,80.2395629883,38185,38195,10
13.0466995239,80.2396621704,38195,38205,10
13.0473203659,80.2397537231,38205,38215,10
13.0480499268,80.2398834229,38215,38226,11
13.0487699509,80.2400436401,38226,38236,10
13.049489975,80.2401885986,38236,38246,10
13.0501003265,80.2403335571,38246,38256,10
13.0507698059,80.2404632568,38256,38266,10
13.0512104034,80.2405471802,38266,38276,10
13.0515499115,80.2406082153,38276,38286,10
13.0522003174,80.2407989502,38286,38296,10
13.0525503159,80.2413101196,38296,38306,10
13.0529603958,80.2417831421,38306,38316,10
13.0539398193,80.2421875,38316,38336,20
13.0539398193,80.2421875,38336,38347,11
13.054400444,80.2423019409,38347,38357,10
13.0550403595,80.2422332764,38357,38367,10
13.0558204651,80.2422637939,38367,38377,10
13.0564804077,80.2425613403,38377,38387,10
13.0569295883,80.2426223755,38387,38397,10
13.0574102402,80.2427825928,38397,38407,10
13.0575199127,80.2427902222,38407,38417,10
13.0576000214,80.2427978516,38417,38427,10
13.0579900742,80.2427368164,38427,38437,10
13.0585403442,80.2425918579,38437,38447,10
13.0591602325,80.2425079346,38447,38458,11
13.0598497391,80.2426300049,38458,38468,10
13.0604801178,80.2428588867,38468,38478,10
13.0609502792,80.2429962158,38478,38488,10
13.0613603592,80.2431182861,38488,38498,10
13.0618600845,80.2432098389,38498,38508,10
13.062379837,80.2433013916,38508,38518,10
13.0624399185,80.2433166504,38518,38528,10
13.0627002716,80.2433624268,38528,38538,10
13.0632801056,80.2434768677,38538,38548,10
13.0640497208,80.2434921265,38548,38558,10
13.0649299622,80.2435302734,38558,38569,11
13.0655698776,80.2434921265,38569,38579,10
13.0655899048,80.2434921265,38579,38589,10
13.0657997131,80.2434768677,38589,38599,10
13.0662498474,80.2433776855,38599,38609,10
13.066740036,80.2432403564,38609,38619,10
13.0672597885,80.243019104,38619,38629,10
13.067899704,80.2427520752,38629,38639,10
13.0685596466,80.2425613403,38639,38649,10
13.0691995621,80.2423095703,38649,38659,10
13.0699796677,80.2421035767,38659,38690,31
13.0699796677,80.2421035767,38690,38700,10
13.0702896118,80.2420120239,38700,38710,10
13.0707597733,80.2418518066,38710,38720,10
13.0712900162,80.2416534424,38720,38730,10
13.0719203949,80.2413482666,38730,38740,10
13.072520256,80.2409667969,38740,38750,10
13.0731897354,80.2407226563,38750,38760,10
13.0739202499,80.2405090332,38760,38770,10
13.074669838,80.2404632568,38770,38780,10
13.0755195618,80.2404403687,38780,38791,11
13.076499939,80.2404937744,38791,38801,10
13.0770397186,80.2405395508,38801,38811,10
13.077050209,80.2400131226,38811,38821,10
13.0768604279,80.2393188477,38821,38831,10
13.0766801834,80.238609314,38831,38841,10
13.076499939,80.2379226685,38841,38851,10
13.0763902664,80.2373962402,38851,38861,10
13.0763998032,80.2373504639,38861,38871,10
13.0763196945,80.2370605469,38871,38881,10
13.0762395859,80.2366485596,38881,38891,10
13.0761699677,80.2360534668,38891,38902,11
13.0760297775,80.2353515625,38902,38912,10
13.0758495331,80.2345581055,38912,38922,10
13.0757198334,80.2339630127,38922,38932,10
13.0761604309,80.2337722778,38932,38942,10
13.0766201019,80.2337036133,38942,38952,10
13.0767498016,80.2337036133,38952,38962,10
13.077340126,80.2335968018,38962,38972,10
13.0780200958,80.2335205078,38972,38982,10
13.0786304474,80.2334899902,38982,38992,10
13.0792703629,80.2334976196,38992,39002,10
13.0803203583,80.2334823608,39002,39023,21
13.0803203583,80.2334823608,39023,39033,10
13.080619812,80.2335128784,39033,39043,10
13.0812397003,80.2335205078,39043,39053,10
13.0818595886,80.2335281372,39053,39063,10
13.0820102692,80.2330627441,39063,39073,10
13.0821199417,80.2324523926,39073,39083,10
13.0823802948,80.2316894531,39083,39093,10
13.0825195313,80.2313537598,39093,39103,10
13.0826501846,80.2311019897,39103,39113,10
13.0828199387,80.2307128906,39113,39123,10
13.0830898285,80.2307281494,39123,39134,11
13.0831403732,80.231338501,39134,39144,10
13.0831899643,80.2321395874,39144,39154,10
13.0833396912,80.2328567505,39154,39164,10
13.0834302902,80.2334365845,39164,39174,10
13.0839996338,80.2339172363,39174,39194,20
13.0839996338,80.2339172363,39194,39204,10
13.0842599869,80.2339935303,39204,39214,10
13.0846700668,80.2340774536,39214,39224,10
13.0852203369,80.2341995239,39224,39235,11
13.0855798721,80.2343063354,39235,39245,10
13.0856103897,80.2343215942,39245,39255,10
13.0859899521,80.2344207764,39255,39265,10
13.0866603851,80.2345275879,39265,39275,10
13.087100029,80.2345809937,39275,39285,10
13.0876598358,80.2344970703,39285,39295,10
13.0879001617,80.2340011597,39295,39305,10
13.0880002975,80.2332229614,39305,39315,10
13.0882396698,80.2322998047,39315,39325,10
13.0885000229,80.2314071655,39325,39335,10
13.0888204575,80.2306594849,39335,39345,10
13.0888595581,80.2305374146,39345,39356,11
13.0890102386,80.2302703857,39356,39366,10
13.0893001556,80.2297210693,39366,39376,10
13.0897798538,80.2290725708,39376,39386,10
13.0903701782,80.2284088135,39386,39396,10
13.0909700394,80.2277832031,39396,39406,10
13.0913600922,80.2273101807,39406,39416,10
13.0913801193,80.2273025513,39416,39426,10
13.0916595459,80.2270507813,39426,39436,10
13.0921497345,80.2265319824,39436,39446,10
13.0926904678,80.2259902954,39446,39456,10
13.0931901932,80.2254486084,39456,39467,11
13.0933799744,80.2252426147,39467,39477,10
13.0935897827,80.2249984741,39477,39487,10
13.0939798355,80.2245407104,39487,39497,10
13.0944900513,80.2238464355,39497,39507,10
13.095000267,80.2230377197,39507,39517,10
13.0952196121,80.2224807739,39517,39527,10
13.0953702927,80.22215271,39527,39537,10
13.0956201553,80.2214584351,39537,39547,10
13.0958995819,80.220703125,39547,39557,10
13.0961799622,80.2199172974,39557,39567,10
13.0963001251,80.2194900513,39567,39578,11
13.0964298248,80.2191314697,39578,39588,10
13.096619606,80.2186584473,39588,39598,10
13.0968503952,80.2179412842,39598,39608,10
13.097120285,80.2171707153,39608,39618,10
13.0971498489,80.2170562744,39618,39628,10
13.0971803665,80.2169418335,39628,39638,10
13.0973901749,80.2164382935,39638,39648,10
13.0977096558,80.2156982422,39648,39658,10
13.0980596542,80.2148666382,39658,39668,10
13.0983295441,80.2142410278,39668,39678,10
13.0983600616,80.2141799927,39678,39689,11
13.0984296799,80.2140426636,39689,39699,10
13.098690033,80.2139892578,39699,39709,10
13.099029541,80.2141799927,39709,39719,10
13.0994596481,80.2142868042,39719,39729,10
13.1000204086,80.2144622803,39729,39769,40
13.1000204086,80.2144622803,39769,39779,10
13.1003799438,80.2145614624,39779,39820,41
13.1003799438,80.2145614624,39820,39830,10
13.1006002426,80.2147216797,39830,39840,10
13.1004400253,80.215057373,39840,39850,10
13.1002502441,80.2154922485,39850,39860,10
13.100060463,80.2159423828,39860,39870,10
13.0998897552,80.2160568237,39870,39880,10
13.0999298096,80.2158432007,39880,39890,10
13.1000204086,80.2155990601,39890,39900,10
13.1001996994,80.2152862549,39900,39910,10
13.1002902985,80.2150726318,39910,40183,273
13.1002998352,80.214881897,40183,40597,414
13.1003303528,80.2150268555,40597,42070,1473
13.100230217,80.2147903442,42070,42140,70
13.100230217,80.2147903442,42140,42150,10
13.1001996994,80.2145233154,42150,42161,11
13.0999202728,80.2144317627,42161,42171,10
13.0996398926,80.2143630981,42171,42181,10
13.0992898941,80.2142868042,42181,42191,10
13.0988302231,80.2141265869,42191,42201,10
13.0984201431,80.2141799927,42201,42211,10
13.09815979,80.2147674561,42211,42221,10
13.097869873,80.215461731,42221,42231,10
13.0973796844,80.2166671753,42231,42251,20
13.0973796844,80.2166671753,42251,42261,10
13.0972299576,80.2170181274,42261,42272,11
13.0969600677,80.2177810669,42272,42282,10
13.0966596603,80.2186584473,42282,42292,10
13.0963602066,80.219543457,42292,42302,10
13.0960102081,80.2205276489,42302,42312,10
13.095700264,80.2214126587,42312,42322,10
13.095459938,80.2221603394,42322,42332,10
13.0953598022,80.2224502563,42332,42342,10
13.0953197479,80.2225418091,42342,42352,10
13.0950803757,80.2231216431,42352,42362,10
13.094619751,80.2238388062,42362,42372,10
13.0940303802,80.2246170044,42372,42382,10
13.093460083,80.2252578735,42382,42393,11
13.0929403305,80.2258071899,42393,42403,10
13.0924301147,80.2263031006,42403,42413,10
13.0918903351,80.2268600464,42413,42423,10
13.0913496017,80.2274703979,42423,42433,10
13.0912704468,80.2275619507,42433,42443,10
13.0911798477,80.2276382446,42443,42453,10
13.0908403397,80.2279968262,42453,42463,10
13.0903100967,80.2285690308,42463,42473,10
13.0896997452,80.2292633057,42473,42483,10
13.0892496109,80.2299804688,42483,42493,10
13.0890903473,80.2303009033,42493,42504,11
13.0890703201,80.2303314209,42504,42514,10
13.0888900757,80.2307128906,42514,42524,10
13.0888204575,80.2308731079,42524,42534,10
13.0887804031,80.2309570313,42534,42544,10
13.0886497498,80.2312774658,42544,42554,10
13.0884895325,80.2316970825,42554,42564,10
13.0883302689,80.2322692871,42564,42574,10
13.0881900787,80.2327804565,42574,42584,10
13.0880298615,80.2336196899,42584,42594,10
13.0879096985,80.2343597412,42594,42604,10
13.0873498917,80.2345428467,42604,42615,11
13.0867500305,80.2345275879,42615,42625,10
13.0862903595,80.2344818115,42625,42635,10
13.086139679,80.2344589233,42635,42645,10
13.0857601166,80.2343826294,42645,42655,10
13.0852403641,80.2342681885,42655,42665,10
13.0846796036,80.2341003418,42665,42675,10
13.0841798782,80.2340011597,42675,42685,10
13.0837602615,80.2339096069,42685,42695,10
13.0834798813,80.2338409424,42695,42705,10
13.0830602646,80.2338485718,42705,42715,10
13.0825796127,80.2337493896,42715,42726,11
13.0824298859,80.2337188721,42726,42736,10
13.0822696686,80.2336807251,42736,42746,10
13.0816898346,80.2336120605,42746,42756,10
13.0809001923,80.233581543,42756,42766,10
13.0801897049,80.2335510254,42766,42776,10
13.0797100067,80.2335510254,42776,42786,10
13.0795602798,80.233543396,42786,42796,10
13.0792703629,80.2335510254,42796,42806,10
13.0790100098,80.2335662842,42806,42816,10
13.0785598755,80.233581543,42816,42826,10
13.07791996,80.2335968018,42826,42837,11
13.0770196915,80.2337265015,42837,42847,10
13.076259613,80.2338867188,42847,42857,10
13.0760698318,80.2339019775,42857,42867,10
13.075799942,80.2340164185,42867,42877,10
13.0759601593,80.2346420288,42877,42886,9
13.0761299133,80.2354202271,42886,42897,11
13.0763196945,80.2364196777,42897,42907,10
13.076499939,80.2372436523,42907,42917,10
13.0765104294,80.2372970581,42917,42927,10
13.0765600204,80.2375030518,42927,42937,10
13.0766296387,80.2378082275,42937,42948,11
13.0767698288,80.238609314,42948,42958,10
13.0769996643,80.2394485474,42958,42968,10
13.077170372,80.240272522,42968,42978,10
13.0773496628,80.2410583496,42978,42988,10
13.077460289,80.2416915894,42988,42998,10
13.0776596069,80.2425537109,42998,43008,10
13.0777902603,80.243560791,43008,43018,10
13.0777797699,80.244430542,43018,43028,10
13.0778999329,80.2453384399,43028,43038,10
13.0779600143,80.2463912964,43038,43048,10
13.0781602859,80.2473983765,43048,43058,10
13.0783500671,80.2484207153,43058,43069,11
13.0786104202,80.2493972778,43069,43079,10
13.0786600113,80.2502822876,43079,43089,10
13.0784902573,80.2510223389,43089,43099,10
13.0784797668,80.2516403198,43099,43109,10
13.0780096054,80.2517471313,43109,43119,10
13.0771903992,80.2518997192,43119,43129,10
13.0761995316,80.2519836426,43129,43139,10
13.0752401352,80.2521514893,43139,43149,10
13.0744400024,80.2522201538,43149,43165,16
13.0733995438,80.252456665,43165,43177,12
13.0727396011,80.2523498535,43177,43188,11
13.072259903,80.2518997192,43188,43198,10
13.0721302032,80.2511291504,43198,43208,10
13.0718002319,80.2500686646,43208,43218,10
13.0715303421,80.2489700317,43218,43227,9
13.0713500977,80.2481765747,43227,43238,11
13.0710201263,80.2473526001,43238,43248,10
13.0705900192,80.2465209961,43248,43258,10
13.0700397491,80.2453384399,43258,43268,10
13.0696201324,80.2442016602,43268,43278,10
13.0693302155,80.2433700562,43278,43289,11
13.0693101883,80.2433166504,43289,43299,10
13.0692300797,80.2430419922,43299,43309,10
13.069029808,80.2425079346,43309,43319,10
13.0684995651,80.2425689697,43319,43329,10
13.067700386,80.2428207397,43329,43339,10
13.0670499802,80.2430877686,43339,43349,10
13.0663499832,80.2434234619,43349,43359,10
13.0661096573,80.2440032959,43359,43369,10
13.0662403107,80.2448883057,43369,43379,10
13.066450119,80.2457427979,43379,43389,10
13.0672101974,80.2462005615,43389,43399,10
13.0677900314,80.2465133667,43399,43410,11
13.0677900314,80.2465209961,43410,43420,10
13.0678901672,80.2467803955,43420,43430,10
13.0678901672,80.2474975586,43430,43440,10
13.0675096512,80.2479019165,43440,43450,10
13.0666599274,80.2478179932,43450,43460,10
13.0656604767,80.2477264404,43460,43470,10
13.064450264,80.2477798462,43470,43480,10
13.0633897781,80.2476806641,43480,43489,9
13.0625200272,80.2476806641,43489,43499,10
13.0616102219,80.247543335,43499,43510,11
13.061340332,80.2470626831,43510,43521,11
13.0616502762,80.2466888428,43521,43531,10
13.0618801117,80.2459335327,43531,43541,10
13.0622797012,80.2451400757,43541,43551,10
13.062959671,80.2446136475,43551,43560,9
13.0631799698,80.2442779541,43560,43571,11
13.0632600784,80.244178772,43571,43581,10
13.0634403229,80.2436904907,43581,43591,10
13.0629396439,80.2434921265,43591,43601,10
13.0622901917,80.2433395386,43601,43611,10
13.0616197586,80.2431869507,43611,43621,10
13.0613698959,80.2431411743,43621,43632,11
13.0609502792,80.2429885864,43632,43642,10
13.0603199005,80.2427978516,43642,43652,10
13.0595397949,80.2426223755,43652,43662,10
13.0592403412,80.2425613403,43662,43672,10
13.0590600967,80.2425765991,43672,43682,10
13.0588598251,80.2426071167,43682,43692,10
13.0586500168,80.2426071167,43692,43702,10
13.0581197739,80.2427215576,43702,43712,10
13.0572299957,80.2428207397,43712,43722,10
13.0564498901,80.2425537109,43722,43732,10
13.0560503006,80.2423706055,43732,43743,11
13.0556201935,80.2422485352,43743,43753,10
13.0548000336,80.2423782349,43753,43763,10
13.054019928,80.2423171997,43763,43773,10
13.053850174,80.2423095703,43773,43783,10
13.0536298752,80.2422485352,43783,43793,10
13.0529203415,80.2419128418,43793,43833,40
13.0529203415,80.2419128418,43833,43843,10
13.052479744,80.2416229248,43843,43854,11
13.0521402359,80.2411193848,43854,43864,10
13.0519304276,80.2407836914,43864,43874,10
13.0517196655,80.2407302856,43874,43884,10
13.0511903763,80.2406616211,43884,43894,10
13.0509500504,80.2405929565,43894,43904,10
13.050620079,80.2404937744,43904,43914,10
13.0498895645,80.2403717041,43914,43924,10
13.0492296219,80.240196228,43924,43934,10
13.0484104156,80.2400512695,43934,43944,10
13.0478000641,80.2399673462,43944,43954,10
13.0472202301,80.2398605347,43954,43965,11
13.0465297699,80.2397003174,43965,43975,10
13.0462799072,80.2395935059,43975,43985,10
13.0463600159,80.2392425537,43985,43995,10
13.0465097427,80.2385025024,43995,44005,10
13.0467300415,80.2373504639,44005,44014,9
13.0469198227,80.2363815308,44014,44025,11
13.0470504761,80.2359237671,44025,44035,10
13.0470399857,80.2358016968,44035,44045,10
13.0471096039,80.2351837158,44045,44054,9
13.0472402573,80.2343063354,44054,44065,11
13.0474395752,80.2332000732,44065,44076,11
13.046959877,80.2330474854,44076,44085,9
13.0464897156,80.232963562,44085,44096,11
13.0453395844,80.2326583862,44096,44116,20
13.0453395844,80.2326583862,44116,44126,10
13.0449399948,80.2325897217,44126,44136,10
13.0441598892,80.2324523926,44136,44146,10
13.0432701111,80.2323532104,44146,44156,10
13.0424404144,80.2322998047,44156,44166,10
13.0415096283,80.2321777344,44166,44176,10
13.040430069,80.231842041,44176,44185,9
13.0395498276,80.2315826416,44185,44197,12
13.0388698578,80.2314300537,44197,44207,10
13.0382499695,80.2312164307,44207,44217,10
13.0378303528,80.231010437,44217,44227,10
13.0376596451,80.2309494019,44227,44237,10
13.0375299454,80.2309494019,44237,44247,10
13.0371599197,80.2308807373,44247,44267,20
13.0371599197,80.2308807373,44267,44277,10
13.0370397568,80.2308731079,44277,44287,10
13.0366802216,80.2306900024,44287,44297,10
13.0360603333,80.2304992676,44297,44308,11
13.0355195999,80.2303695679,44308,44318,10
13.0350904465,80.2303237915,44318,44328,10
13.0346899033,80.2303390503,44328,44338,10
13.0344495773,80.2303771973,44338,44348,10
13.0341501236,80.2304000854,44348,44358,10
13.0338201523,80.2304229736,44358,44368,10
13.0335998535,80.2304382324,44368,44378,10
13.0334796906,80.23046875,44378,44388,10
13.0331296921,80.23046875,44388,44398,10
13.0323400497,80.2305831909,44398,44408,10
13.0314598083,80.2306518555,44408,44419,11
13.0307397842,80.2307128906,44419,44429,10
13.0301799774,80.230758667,44429,44449,20
13.0301799774,80.230758667,44449,44459,10
13.0299196243,80.2308120728,44459,44469,10
13.029709816,80.2308197021,44469,44479,10
13.0291500092,80.2308883667,44479,44489,10
13.0285396576,80.23097229,44489,44499,10
13.0280399323,80.2310180664,44499,44509,10
13.0277500153,80.2310409546,44509,44519,10
13.0276699066,80.2313766479,44519,44530,11
13.0277299881,80.2319107056,44530,44539,9
13.0277795792,80.232383728,44539,44550,11
13.027680397,80.2328262329,44550,44560,10
13.0270395279,80.2329177856,44560,44570,10
13.0268697739,80.2329406738,44570,44620,50
13.0268697739,80.2329406738,44620,44630,10
13.0264902115,80.2330169678,44630,44641,11
13.0262699127,80.2325973511,44641,44651,10
13.0260696411,80.2318191528,44651,44661,10
13.0257997513,80.2308502197,44661,44671,10
13.0252399445,80.229850769,44671,44681,10
13.0247297287,80.2292404175,44681,44691,10
13.0245599747,80.2289962769,44691,44701,10
13.0242300034,80.2285232544,44701,44711,10
13.0239801407,80.2282791138,44711,44721,10
13.0239295959,80.2282028198,44721,44731,10
13.0235996246,80.2278289795,44731,44747,16
13.0228099823,80.2271194458,44747,44760,13
13.0218496323,80.2263336182,44760,44770,10
13.0210895538,80.2257003784,44770,44780,10
13.0205202103,80.2252807617,44780,44789,9
13.0201702118,80.2250289917,44789,44799,10
13.0194597244,80.2245483398,44799,44809,10
13.0185604095,80.2245864868,44809,44820,11
13.017490387,80.2249984741,44820,44830,10
13.0167198181,80.2253417969,44830,44840,10
13.0164804459,80.2254486084,44840,44851,11
13.0160999298,80.2255706787,44851,44861,10
13.0157403946,80.2257080078,44861,44872,11
13.0156297684,80.2257537842,44872,44882,10
13.0154304504,80.2258300781,44882,44892,10
13.0151395798,80.2259368896,44892,44902,10
13.0146598816,80.2261123657,44902,44922,20
13.0146598816,80.2261123657,44922,44932,10
13.0143995285,80.2262115479,44932,44942,10
13.0142498016,80.2262268066,44942,44952,10
13.0141897202,80.2262573242,44952,44962,10
13.0136899948,80.2264480591,44962,44972,10
13.0129203796,80.2267608643,44972,44983,11
13.0118598938,80.2272109985,44983,44994,11
13.0107002258,80.2276916504,44994,45004,10
13.0096302032,80.2281112671,45004,45014,10
13.009059906,80.2288131714,45014,45024,10
13.0088701248,80.2298583984,45024,45034,10
13.0086603165,80.2309875488,45034,45042,8
13.008480072,80.231880188,45042,45054,12
13.0082397461,80.2332611084,45054,45064,10
13.008190155,80.2336578369,45064,45074,10
13.0081195831,80.2338562012,45074,45084,10
13.008020401,80.2344589233,45084,45095,11
13.0077896118,80.2354431152,45095,45106,11
13.0075597763,80.2365188599,45106,45116,10
13.0073099136,80.2378768921,45116,45126,10
13.0070896149,80.2389602661,45126,45136,10
13.0069503784,80.2397613525,45136,45146,10
13.0068902969,80.2400588989,45146,45156,10
13.0068302155,80.2405776978,45156,45166,10
13.0067901611,80.2406616211,45166,45176,10
13.0066995621,80.2410430908,45176,45186,10
13.0066404343,80.241859436,45186,45196,10
13.0066995621,80.2428131104,45196,45207,11
13.0065603256,80.2439117432,45207,45217,10
13.0066099167,80.2452011108,45217,45227,10
13.0066795349,80.2462081909,45227,45237,10
13.0067596436,80.2468566895,45237,45247,10
13.0067300797,80.2472381592,45247,45257,10
13.0066795349,80.2479400635,45257,45267,10
13.0067195892,80.2488327026,45267,45277,10
13.006819725,80.249458313,45277,45287,10
13.0068101883,80.2495803833,45287,45297,10
13.0068397522,80.249671936,45297,45307,10
13.0068101883,80.2500915527,45307,45318,11
13.0067796707,80.2508926392,45318,45328,10
13.0067596436,80.2513427734,45328,45338,10
13.0066404343,80.2518768311,45338,45348,10
13.0065402985,80.252532959,45348,45358,10
13.0066099167,80.2530670166,45358,45368,10
13.0066003799,80.2534484863,45368,45378,10
13.0066003799,80.2541275024,45378,45580,202
13.0066003799,80.2541275024,45580,45590,10
13.0065498352,80.2543411255,45590,45600,10
13.006529808,80.2544326782,45600,45610,10
13.0065202713,80.2548294067,45610,45620,10
13.0065402985,80.255531311,45620,45630,10
13.0065498352,80.2562332153,45630,45640,10
13.0065698624,80.2572021484,45640,45701,61
13.0065698624,80.2572021484,45701,45711,10
13.0067195892,80.2574768066,45711,45720,9
13.0068798065,80.2578582764,45720,45731,11
13.0072202682,80.2583999634,45731,45741,10
13.0076799393,80.2587814331,45741,45751,10
13.0080499649,80.2591171265,45751,45761,10
13.0076198578,80.2593536377,45761,45772,11
13.0072498322,80.2589569092,45772,45782,10
13.0071601868,80.2587585449,45782,45792,10
13.0069904327,80.2584228516,45792,45802,10
13.0066204071,80.2577819824,45802,45852,50
13.0066204071,80.2577819824,45852,45862,10
13.0065698624,80.2575912476,45862,45879,17
13.0065803528,80.2572631836,45879,45891,12
13.0065498352,80.2567901611,45891,45901,10
13.006480217,80.2564620972,45901,45911,10
13.0064897537,80.2556762695,45911,45921,10
13.0065002441,80.2550582886,45921,45931,10
13.0065097809,80.25440979,45931,45940,9
13.0065097809,80.2540206909,45940,45951,11
13.0065202713,80.2534790039,45951,45961,10
13.0065002441,80.253036499,45961,45971,10
13.0064897537,80.2526473999,45971,45991,20
13.0064897537,80.2526473999,45991,46002,11
13.006480217,80.2525100708,46002,46011,9
13.0065603256,80.2520370483,46011,46022,11
13.0066900253,80.2511901855,46022,46032,10
13.0067501068,80.250038147,46032,46042,10
13.0067901611,80.2495422363,46042,46052,10
13.0067396164,80.248878479,46052,46062,10
13.0066604614,80.248298645,46062,46092,30
13.0066604614,80.248298645,46092,46102,10
13.0066795349,80.2478637695,46102,46113,11
13.0066604614,80.247177124,46113,46123,10
13.0065803528,80.2465286255,46123,46133,10
13.006649971,80.2461776733,46133,46143,10
13.0066404343,80.2454223633,46143,46153,10
13.0066404343,80.2446517944,46153,46163,10
13.0065498352,80.2440795898,46163,46173,10
13.0065498352,80.2435302734,46173,46183,10
13.0065498352,80.2426605225,46183,46193,10
13.0065698624,80.2414932251,46193,46203,10
13.0066204071,80.240447998,46203,46213,10
13.006770134,80.2392883301,46213,46224,11
13.0070800781,80.2381286621,46224,46233,9
13.0073099136,80.2371368408,46233,46244,11
13.0075502396,80.2361221313,46244,46254,10
13.0077695847,80.234992981,46254,46264,10
13.0080099106,80.2338180542,46264,46274,10
13.0082597733,80.2325592041,46274,46284,10
13.0085201263,80.2312393188,46284,46294,10
13.0087203979,80.2301864624,46294,46304,10
13.0090303421,80.2286300659,46304,46314,10
13.0094404221,80.2274398804,46314,46324,10
13.0099601746,80.2262573242,46324,46334,10
13.0104999542,80.2251663208,46334,46345,11
13.0108098984,80.2243728638,46345,46355,10
13.01101017,80.2238388062,46355,46365,10
13.0110502243,80.2236862183,46365,46375,10
13.0111999512,80.2233581543,46375,46385,10
13.0114498138,80.2227401733,46385,46395,10
13.0116796494,80.2221221924,46395,46405,10
13.0121297836,80.2213973999,46405,46415,10
13.0124397278,80.2216567993,46415,46425,10
13.0128803253,80.2222595215,46425,46435,10
13.0134801865,80.2229003906,46435,46446,11
13.0141801834,80.2237167358,46446,46456,10
13.0145902634,80.224281311,46456,46466,10
13.0151195526,80.2247314453,46466,46476,10
13.0153999329,80.224937439,46476,46496,20
13.0153999329,80.224937439,46496,46506,10
13.0156602859,80.225227356,46506,46516,10
13.0161504745,80.2253875732,46516,46526,10
13.0166797638,80.2252807617,46526,46536,10
13.0175199509,80.2249221802,46536,46546,10
13.0185003281,80.2245178223,46546,46556,10
13.0194396973,80.2244262695,46556,46567,11
13.0202302933,80.224937439,46567,46577,10
13.0209903717,80.2254562378,46577,46587,10
13.0218296051,80.2260665894,46587,46607,20
13.0218296051,80.2260665894,46607,46617,10
13.0219402313,80.2261581421,46617,46627,10
13.0221300125,80.2263183594,46627,46637,10
13.0223302841,80.2265167236,46637,46647,10
13.0228796005,80.2270126343,46647,46657,10
13.0235795975,80.2276916504,46657,46667,10
13.0242395401,80.2283096313,46667,46678,11
13.0243597031,80.2284393311,46678,46688,10
13.0244398117,80.2285995483,46688,46698,10
13.0247297287,80.2290496826,46698,46708,10
13.0251502991,80.2295913696,46708,46718,10
13.0256204605,80.2302703857,46718,46728,10
13.0259103775,80.2309570313,46728,46737,9
13.0261297226,80.2313308716,46737,46748,11
13.0268096924,80.2311477661,46748,46758,10
13.0276699066,80.2309570313,46758,46768,10
13.0284404755,80.2308883667,46768,46778,10
13.0291795731,80.2308502197,46778,46809,31
13.0291795731,80.2308502197,46809,46819,10
13.0293998718,80.230796814,46819,46829,10
13.0298900604,80.230758667,46829,46839,10
13.0303897858,80.2307128906,46839,46849,10
13.0307703018,80.2306900024,46849,46858,9
13.0311698914,80.2306594849,46858,46869,11
13.0318403244,80.2306137085,46869,46879,10
13.0325899124,80.2305526733,46879,46888,9
13.0335197449,80.2304992676,46888,46920,32
13.0337295532,80.2304763794,46920,46970,50
13.0338602066,80.2304534912,46970,47000,30
13.034119606,80.230430603,47000,47051,51
13.034119606,80.230430603,47051,47061,10
13.0344600677,80.2303619385,47061,47071,10
13.0345802307,80.2303466797,47071,47081,10
13.0348596573,80.2303237915,47081,47091,10
13.0349397659,80.2305221558,47091,47101,10
13.0348901749,80.2307815552,47101,47111,10
13.0348300934,80.2311325073,47111,47121,10
13.0347499847,80.231552124,47121,47132,11
13.0346603394,80.2322616577,47132,47142,10
13.0345697403,80.2330093384,47142,47152,10
13.0344600677,80.2336273193,47152,47162,10
13.0343503952,80.2344589233,47162,47172,10
13.0342197418,80.2355270386,47172,47182,10
13.034070015,80.236541748,47182,47192,10
13.0341100693,80.2371368408,47192,47202,10
13.0343799591,80.2375869751,47202,47218,16
13.0347204208,80.2381286621,47218,47230,12
13.0351696014,80.238861084,47230,47240,10
13.0354299545,80.2392501831,47240,47250,10
13.035779953,80.2393417358,47250,47261,11
13.0366001129,80.239440918,47261,47271,10
13.037229538,80.2395019531,47271,47280,9
13.0378103256,80.2395782471,47280,47291,11
13.0384702682,80.2396621704,47291,47301,10
13.0390501022,80.2397232056,47301,47311,10
13.0397396088,80.2398071289,47311,47321,10
13.040140152,80.2398834229,47321,47331,10
13.0403404236,80.2399902344,47331,47341,10
13.0403203964,80.2403717041,47341,47352,11
13.040719986,80.2404785156,47352,47362,10
13.0411500931,80.2405395508,47362,47372,10
13.0413999557,80.2405776978,47372,47382,10
13.0420598984,80.2406387329,47382,47392,10
13.0431404114,80.2407913208,47392,47402,10
13.0443201065,80.2406997681,47402,47422,20
13.0443201065,80.2406997681,47422,47432,10
13.0444002151,80.2406692505,47432,47442,10
13.0447397232,80.2404022217,47442,47452,10
13.0453395844,80.2399978638,47452,47463,11
13.0459604263,80.2395782471,47463,47473,10
13.0464296341,80.2395706177,47473,47483,10
13.0464897156,80.2395935059,47483,47493,10
13.0468702316,80.2396621704,47493,47503,10
13.0475101471,80.2397766113,47503,47513,10
13.048210144,80.2399215698,47513,47523,10
13.0489997864,80.2400817871,47523,47533,10
13.0495300293,80.240196228,47533,47543,10
13.0498895645,80.2402801514,47543,47553,10
13.0504798889,80.2404022217,47553,47563,10
13.0510196686,80.2405014038,47563,47573,10
13.0511198044,80.2405776978,47573,47584,11
13.0514802933,80.2406387329,47584,47594,10
13.052069664,80.2407608032,47594,47604,10
13.0524702072,80.2411422729,47604,47674,70
13.0524702072,80.2411422729,47674,47684,10
13.0526103973,80.2415618896,47684,47695,11
13.053319931,80.2419433594,47695,47705,10
13.0539798737,80.2422180176,47705,47715,10
13.0541696548,80.2422180176,47715,47725,10
13.0544996262,80.2422790527,47725,47735,10
13.0552501678,80.2421798706,47735,47745,10
13.056139946,80.242401123,47745,47755,10
13.0567398071,80.2425231934,47755,47765,10
13.057299614,80.2427825928,47765,47775,10
13.05809021,80.2426605225,47775,47785,10
13.0590400696,80.2425613403,47785,47795,10
13.0597896576,80.2425994873,47795,47806,11
13.0606403351,80.2428817749,47806,47816,10
13.061050415,80.243019104,47816,47826,10
13.0611696243,80.2430725098,47826,47836,10
13.0615196228,80.2431182861,47836,47846,10
13.0621004105,80.2432174683,47846,47856,10
13.0624198914,80.2432937622,47856,47865,9
13.0627603531,80.2433700562,47865,47876,11
13.0635795593,80.2434768677,47876,47886,10
13.0642900467,80.2435073853,47886,47896,10
13.0654602051,80.2435073853,47896,47927,31
13.0654602051,80.2435073853,47927,47937,10
13.0658903122,80.2434768677,47937,47947,10
13.0663099289,80.2433624268,47947,47957,10
13.0668001175,80.2431488037,47957,47967,10
13.0674695969,80.2428512573,47967,47983,16
13.0687799454,80.2424697876,47983,47995,12
13.0696296692,80.2421722412,47995,48003,8
13.0699996948,80.2420806885,48003,48014,11
13.0700101852,80.2420883179,48014,48024,10
13.0703802109,80.2420196533,48024,48035,11
13.0711202621,80.2417221069,48035,48047,12
13.0721998215,80.2411499023,48047,48056,9
13.0729598999,80.2407684326,48056,48066,10
13.0734796524,80.2406234741,48066,48077,11
13.0743598938,80.2404632568,48077,48087,10
13.0754404068,80.2404632568,48087,48098,11
13.0764303207,80.2404937744,48098,48108,10
13.0769796371,80.2405319214,48108,48118,10
13.0771198273,80.2402801514,48118,48128,10
13.0769996643,80.2396011353,48128,48139,11
13.0767097473,80.2385482788,48139,48149,10
13.0764598846,80.2376022339,48149,48169,20
13.0764598846,80.2376022339,48169,48179,10
13.0764703751,80.2375335693,48179,48189,10
13.0764398575,80.2372436523,48189,48199,10
13.0763196945,80.2366409302,48199,48209,10
13.0761699677,80.2357177734,48209,48219,10
13.075920105,80.2346725464,48219,48229,10
13.0757904053,80.2338867188,48229,48245,16
13.0766601563,80.2336578369,48245,48258,13
13.0768995285,80.2336273193,48258,48266,8
13.0773496628,80.2335891724,48266,48277,11
13.0780096054,80.2334899902,48277,48288,11
13.0788803101,80.2334823608,48288,48298,10
13.0797796249,80.2334823608,48298,48308,10
13.0802202225,80.2334594727,48308,48318,10
13.0803098679,80.2334671021,48318,48328,10
13.0808601379,80.2334671021,48328,48338,10
13.081700325,80.2334976196,48338,48348,10
13.0819597244,80.2331314087,48348,48358,10
13.0820999146,80.2323913574,48358,48370,12
13.0824604034,80.2313919067,48370,48380,10
13.0825500488,80.2312088013,48380,48390,10
13.082570076,80.2310791016,48390,48400,10
13.08273983,80.230682373,48400,48410,10
13.0830802917,80.2306594849,48410,48420,10
13.0831203461,80.2310714722,48420,48430,10
13.08314991,80.2318878174,48430,48440,10
13.0833301544,80.2328491211,48440,48450,10
13.0834703445,80.2335586548,48450,48460,10
13.0835599899,80.2337799072,48460,48470,10
13.083990097,80.2338867188,48470,48481,11
13.0840196609,80.2339096069,48481,48491,10
13.0842695236,80.2340011597,48491,48501,10
13.084810257,80.2341308594,48501,48511,10
13.0854997635,80.2342834473,48511,48521,10
13.0862398148,80.2344436646,48521,48531,10
13.0868997574,80.2345199585,48531,48541,10
13.087679863,80.2343978882,48541,48551,10
13.0879001617,80.2336730957,48551,48561,10
13.0880699158,80.2327575684,48561,48571,10
13.0883398056,80.2317428589,48571,48581,10
13.0888395309,80.2305221558,48581,48602,21
13.0888395309,80.2305221558,48602,48612,10
13.0889396667,80.2303924561,48612,48622,10
13.0890102386,80.2302093506,48622,48632,10
13.0892295837,80.2297821045,48632,48642,10
13.0896997452,80.2291107178,48642,48652,10
13.0902795792,80.2284698486,48652,48671,19
13.0913896561,80.2272872925,48671,48683,12
13.0914297104,80.2272415161,48683,48691,8
13.0915203094,80.227142334,48691,48703,12
13.0919599533,80.2266769409,48703,48714,11
13.0925397873,80.2260818481,48714,48724,10
13.0932502747,80.2253799438,48724,48734,10
13.0938796997,80.2246932983,48734,48743,9
13.0943899155,80.2240371704,48743,48753,10
13.095000267,80.2231063843,48753,48763,10
13.0953598022,80.2221679688,48763,48774,11
13.095749855,80.2210693359,48774,48784,10
13.0960597992,80.2202224731,48784,48793,9
13.0963201523,80.2194595337,48793,48804,11
13.0963602066,80.2192764282,48804,48815,11
13.0964097977,80.2190170288,48815,48835,20
13.0964097977,80.2190170288,48835,48845,10
13.0964603424,80.2187805176,48845,48855,10
13.0965995789,80.2183685303,48855,48865,10
13.0967998505,80.2178726196,48865,48874,9
13.0970001221,80.2172775269,48874,48885,11
13.0972003937,80.216796875,48885,48894,9
13.0972299576,80.2167282104,48894,48904,10
13.0973796844,80.2163925171,48904,48915,11
13.0976896286,80.2156982422,48915,48926,11
13.0980596542,80.2148590088,48926,48936,10
13.0983695984,80.2141036987,48936,48946,10
13.0984201431,80.2139587402,48946,48956,10
13.0987596512,80.2140274048,48956,48966,10
13.0992898941,80.2142410278,48966,48976,10
13.0999298096,80.2144088745,48976,48986,10
13.1003704071,80.2145309448,48986,49036,50
13.1003704071,80.2145309448,49036,49047,11
13.1004695892,80.2148284912,49047,49057,10
13.1002197266,80.2154312134,49057,49067,10
13.0999898911,80.2159881592,49067,49077,10
13.0998697281,80.2158584595,49077,49087,10
13.0999603271,80.2155838013,49087,49097,10
13.1000795364,80.2153015137,49097,52971,3874
13.1000795364,80.2153015137,52971,52981,10
13.1002597809,80.2149963379,52981,53052,71
13.1002597809,80.2149963379,53052,53062,10
13.1002502441,80.2145767212,53062,53072,10
13.1000099182,80.2144088745,53072,53092,20
13.1000099182,80.2144088745,53092,53103,11
13.0998001099,80.2143630981,53103,53113,10
13.0994796753,80.2142791748,53113,53123,10
13.0990800858,80.2141799927,53123,53133,10
13.0986700058,80.2140197754,53133,53143,10
13.098400116,80.2142028809,53143,53153,10
13.0981702805,80.2147216797,53153,53163,10
13.0979604721,80.2152786255,53163,53173,10
13.0977201462,80.2159118652,53173,53183,10
13.0974702835,80.2165527344,53183,53193,10
13.0973501205,80.2168579102,53193,53203,10
13.0972003937,80.2172927856,53203,53214,11
13.0969495773,80.217918396,53214,53224,10
13.096739769,80.2185211182,53224,53234,10
13.0964698792,80.2192230225,53234,53244,10
13.0962295532,80.2199020386,53244,53254,10
13.0959501266,80.2206878662,53254,53264,10
13.095700264,80.2213973999,53264,53274,10
13.0954999924,80.2220687866,53274,53284,10
13.0952796936,80.2227096558,53284,53294,10
13.0950603485,80.2232513428,53294,53304,10
13.0945196152,80.2240219116,53304,53314,10
13.0941200256,80.2245864868,53314,53325,11
13.0936002731,80.2251815796,53325,53335,10
13.0929803848,80.2258071899,53335,53345,10
13.0924596786,80.2263183594,53345,53355,10
13.0918197632,80.2269821167,53355,53365,10
13.0912904739,80.2275695801,53365,53395,30
13.0912904739,80.2275695801,53395,53405,10
13.091050148,80.2277679443,53405,53415,10
13.0907402039,80.2281112671,53415,53425,10
13.0902900696,80.2286376953,53425,53435,10
13.0897598267,80.2292175293,53435,53446,11
13.0892801285,80.2299804688,53446,53456,10
13.0891399384,80.2302627563,53456,53465,9
13.0889396667,80.2306976318,53465,53476,11
13.0888595581,80.2308807373,53476,53486,10
13.0888004303,80.23097229,53486,53496,10
13.0886898041,80.2312393188,53496,53506,10
13.0884799957,80.2318191528,53506,53516,10
13.088259697,80.2326278687,53516,53526,10
13.088060379,80.2334976196,53526,53536,10
13.0880002975,80.2342300415,53536,53546,10
13.0875196457,80.2344894409,53546,53557,11
13.0867004395,80.2344589233,53557,53567,10
13.0861797333,80.2343902588,53567,53577,10
13.0860795975,80.2343826294,53577,53587,10
13.0856399536,80.2342834473,53587,53597,10
13.0851297379,80.2341766357,53597,53607,10
13.0844602585,80.2340011597,53607,53617,10
13.08411026,80.2339630127,53617,53627,10
13.0836601257,80.2338867188,53627,53637,10
13.0832004547,80.2338180542,53637,53647,10
13.082570076,80.2337036133,53647,53657,10
13.082400322,80.2336425781,53657,53668,11
13.0823097229,80.2336273193,53668,53678,10
13.0820102692,80.2335891724,53678,53688,10
13.0815200806,80.233543396,53688,53698,10
13.0807695389,80.2334899902,53698,53708,10
13.0800199509,80.2334823608,53708,53718,10
13.0795001984,80.2334976196,53718,53738,20
13.0795001984,80.2334976196,53738,53748,10
13.0792398453,80.2335205078,53748,53758,10
13.0787296295,80.2335281372,53758,53768,10
13.0780296326,80.2335586548,53768,53778,10
13.0772800446,80.2336196899,53778,53789,11
13.0764303207,80.2337493896,53789,53799,10
13.0758495331,80.2338485718,53799,53815,16
13.075920105,80.2343597412,53815,53827,12
13.0760002136,80.2346572876,53827,53837,10
13.0761003494,80.2351303101,53837,53847,10
13.0762500763,80.2360610962,53847,53856,9
13.0763902664,80.2369537354,53856,53866,10
13.0764598846,80.237159729,53866,53877,11
13.076499939,80.2373504639,53877,53887,10
13.0765399933,80.2374572754,53887,53898,11
13.0766201019,80.2378997803,53898,53907,9
13.0767402649,80.2385025024,53907,53918,11
13.0769395828,80.2393493652,53918,53926,8
13.0770797729,80.2399597168,53926,53938,12
13.0773096085,80.2408828735,53938,53948,10
13.0774202347,80.2415390015,53948,53958,10
13.0776395798,80.242401123,53958,53968,10
13.0777797699,80.2434082031,53968,53978,10
13.0777702332,80.2442932129,53978,53988,10
13.0778598785,80.2452392578,53988,53998,10
13.0779600143,80.2462234497,53998,54009,11
13.0781898499,80.2473602295,54009,54019,10
13.0783901215,80.2483215332,54019,54029,10
13.0785799026,80.2490997314,54029,54039,10
13.0787200928,80.2499465942,54039,54049,10
13.0784797668,80.2506484985,54049,54059,10
13.0785799026,80.2514038086,54059,54069,10
13.0784101486,80.2516098022,54069,54079,10
13.0779399872,80.2517166138,54079,54089,10
13.077170372,80.2518692017,54089,54099,10
13.076379776,80.2520523071,54099,54109,10
13.075460434,80.2521286011,54109,54120,11
13.0746297836,80.2521896362,54120,54130,10
13.0739297867,80.2522964478,54130,54140,10
13.0732803345,80.2524185181,54140,54150,10
13.0725803375,80.2523269653,54150,54160,10
13.07213974,80.2516937256,54160,54170,10
13.0719804764,80.250869751,54170,54180,10
13.0717401505,80.2501983643,54180,54189,9
13.0715503693,80.2495193481,54189,54199,10
13.0713996887,80.2486877441,54199,54210,11
13.0711202621,80.2477035522,54210,54220,10
13.0706996918,80.2467727661,54220,54231,11
13.0701904297,80.2457199097,54231,54241,10
13.0697803497,80.244720459,54241,54251,10
13.0694704056,80.2437591553,54251,54261,10
13.0693101883,80.243347168,54261,54271,10
13.0692996979,80.2433395386,54271,54281,10
13.0692396164,80.2431793213,54281,54291,10
13.0691900253,80.242767334,54291,54301,10
13.0688896179,80.242477417,54301,54311,10
13.0682201385,80.2426376343,54311,54321,10
13.0674800873,80.2429122925,54321,54331,10
13.0666999817,80.2432098389,54331,54342,11
13.0660896301,80.2437210083,54342,54351,9
13.0661697388,80.2444992065,54351,54362,11
13.0663404465,80.2454223633,54362,54372,10
13.0668802261,80.2460327148,54372,54382,10
13.0676603317,80.2463989258,54382,54392,10
13.067779541,80.2465133667,54392,54402,10
13.0678901672,80.2467803955,54402,54412,10
13.067899704,80.2474212646,54412,54422,10
13.067609787,80.2478866577,54422,54432,10
13.0668296814,80.2478790283,54432,54442,10
13.0659999847,80.2478637695,54442,54452,10
13.0650596619,80.2478179932,54452,54463,11
13.064040184,80.2477111816,54463,54473,10
13.0631999969,80.2476501465,54473,54483,10
13.0623998642,80.2476196289,54483,54493,10
13.0616397858,80.2474212646,54493,54503,10
13.0614004135,80.2468109131,54503,54513,10
13.0617303848,80.2464523315,54513,54523,10
13.0619297028,80.2457427979,54523,54533,10
13.0623197556,80.245010376,54533,54543,10
13.0629501343,80.2445373535,54543,54553,10
13.0630302429,80.244392395,54553,54563,10
13.0631999969,80.2441177368,54563,54574,11
13.0632696152,80.2439727783,54574,54584,10
13.0634202957,80.2435531616,54584,54594,10
13.0629997253,80.2433929443,54594,54604,10
13.0625,80.2433013916,54604,54614,10
13.0617704391,80.2431793213,54614,54624,10
13.0610704422,80.243057251,54624,54634,10
13.0603199005,80.2428131104,54634,54644,10
13.059709549,80.2426528931,54644,54654,10
13.0590801239,80.2425994873,54654,54664,10
13.0587396622,80.2426376343,54664,54674,10
13.0586395264,80.2426376343,54674,54685,11
13.0581502914,80.2427062988,54685,54695,10
13.0575199127,80.2428131104,54695,54705,10
13.0570297241,80.2427825928,54705,54715,10
13.0568704605,80.2426986694,54715,54725,10
13.0564403534,80.2425613403,54725,54735,10
13.0558795929,80.2423400879,54735,54745,10
13.0550899506,80.2423629761,54745,54755,10
13.0536499023,80.2421798706,54755,54783,28
13.0536499023,80.2421798706,54783,54792,9
13.0535202026,80.2421035767,54792,54804,12
13.0529699326,80.2418823242,54804,54814,10
13.0523796082,80.2415008545,54814,54824,10
13.0521001816,80.2409896851,54824,54832,8
13.0519304276,80.2407531738,54832,54844,12
13.0515098572,80.2406997681,54844,54854,10
13.0510196686,80.2405929565,54854,54865,11
13.0509595871,80.2405700684,54865,54875,10
13.0506401062,80.2404937744,54875,54885,10
13.0500297546,80.2403564453,54885,54895,10
13.0493497849,80.2402191162,54895,54905,10
13.0486097336,80.2400817871,54905,54916,11
13.0475902557,80.2398376465,54916,54926,10
13.0466604233,80.2396087646,54926,54936,10
13.0461597443,80.2394332886,54936,54946,10
13.0461597443,80.2393493652,54946,54956,10
13.0462799072,80.2390823364,54956,54966,10
13.0464200974,80.2385482788,54966,54982,16
13.0466804504,80.2373199463,54982,54994,12
13.0469198227,80.236328125,54994,55004,10
13.0470199585,80.2359085083,55004,55014,10
13.0470600128,80.2355804443,55014,55025,11
13.0471401215,80.2350006104,55025,55034,9
13.0472097397,80.2342681885,55034,55045,11
13.0472698212,80.2336807251,55045,55055,10
13.0472698212,80.2336120605,55055,55065,10
13.0473203659,80.2333602905,55065,55075,10
13.0472803116,80.2330703735,55075,55084,9
13.0469903946,80.233039856,55084,55095,11
13.0461397171,80.2328262329,55095,55105,10
13.0455598831,80.2327194214,55105,55115,10
13.0451402664,80.2326431274,55115,55125,10
13.0450201035,80.2325820923,55125,55136,11
13.0445804596,80.2324829102,55136,55146,10
13.0438804626,80.2323608398,55146,55156,10
13.0431404114,80.2322998047,55156,55166,10
13.0424499512,80.2323074341,55166,55176,10
13.0417203903,80.2322387695,55176,55186,10
13.0409097672,80.2320480347,55186,55196,10
13.040019989,80.2317581177,55196,55206,10
13.0390195847,80.2314605713,55206,55216,10
13.0379400253,80.2311477661,55216,55226,10
13.0370998383,80.2308731079,55226,55236,10
13.0367298126,80.230758667,55236,55257,21
13.0367298126,80.230758667,55257,55267,10
13.0363798141,80.2306365967,55267,55277,10
13.0356903076,80.2303924561,55277,55287,10
13.0352201462,80.2303009033,55287,55368,81
13.0352201462,80.2303009033,55368,55378,10
13.0349397659,80.2303009033,55378,55388,10
13.0345001221,80.2303619385,55388,55398,10
13.034070015,80.2304077148,55398,55408,10
13.0335102081,80.23046875,55408,55438,30
13.0335102081,80.23046875,55438,55448,10
13.0332098007,80.2304382324,55448,55458,10
13.0326700211,80.2304992676,55458,55468,10
13.0319404602,80.2305679321,55468,55479,11
13.0311203003,80.2306518555,55479,55489,10
13.0305500031,80.2306976318,55489,55499,10
13.0299501419,80.2307662964,55499,55509,10
13.0297603607,80.230796814,55509,55519,10
13.0296697617,80.2308120728,55519,55529,10
13.0292301178,80.2308578491,55529,55539,10
13.0285997391,80.2309265137,55539,55549,10
13.0279397964,80.2309799194,55549,55559,10
13.0276699066,80.2310562134,55559,55569,10
13.0277004242,80.2314987183,55569,55579,10
13.0277795792,80.231918335,55579,55590,11
13.0278396606,80.2324523926,55590,55600,10
13.0276403427,80.232749939,55600,55610,10
13.0269603729,80.2329406738,55610,55660,50
13.0269603729,80.2329406738,55660,55670,10
13.0266199112,80.2329483032,55670,55680,10
13.0263595581,80.2328567505,55680,55690,10
13.0262002945,80.2323532104,55690,55701,11
13.0260095596,80.231590271,55701,55711,10
13.0258197784,80.2308273315,55711,55721,10
13.0253896713,80.2300109863,55721,55731,10
13.024889946,80.2293395996,55731,55741,10
13.0243701935,80.2286834717,55741,55751,10
13.0240001678,80.228302002,55751,55761,10
13.0239896774,80.2282791138,55761,55771,10
13.0239496231,80.2282409668,55771,55781,10
13.0236797333,80.2278823853,55781,55791,10
13.0232896805,80.2275085449,55791,55801,10
13.0229196548,80.2271194458,55801,55812,11
13.0225296021,80.2267532349,55812,55822,10
13.022069931,80.226348877,55822,55832,10
13.0214500427,80.2258605957,55832,55842,10
13.0207195282,80.2252807617,55842,55852,10
13.020070076,80.2248764038,55852,55862,10
13.0195798874,80.2245407104,55862,55872,10
13.0187196732,80.2244796753,55872,55882,10
13.0177097321,80.2248764038,55882,55892,10
13.0167198181,80.2253036499,55892,55902,10
13.0159902573,80.2255935669,55902,55912,10
13.0151796341,80.2258987427,55912,55922,10
13.014550209,80.2261505127,55922,55933,11
13.0142002106,80.22631073,55933,55943,10
13.013999939,80.2263793945,55943,55959,16
13.013010025,80.2267608643,55959,55971,12
13.0120401382,80.227142334,55971,55981,10
13.0112800598,80.2274398804,55981,55991,10
13.0101604462,80.2278823853,55991,56001,10
13.0091896057,80.2284698486,56001,56011,10
13.008939743,80.2295379639,56011,56021,10
13.0087203979,80.2306900024,56021,56031,10
13.0085096359,80.2318115234,56031,56042,11
13.0082902908,80.2329864502,56042,56051,9
13.0082502365,80.2335281372,56051,56063,12
13.0082302094,80.233581543,56063,56073,10
13.0081796646,80.233757019,56073,56083,10
13.0080699921,80.2342529297,56083,56093,10
13.0079097748,80.2350311279,56093,56103,10
13.0076999664,80.2360229492,56103,56113,10
13.0074796677,80.2371292114,56113,56123,10
13.0072898865,80.2381362915,56123,56133,10
13.0071001053,80.2390670776,56133,56143,10
13.0069799423,80.2397079468,56143,56154,11
13.0068998337,80.2403335571,56154,56164,10
13.0068798065,80.2405319214,56164,56174,10
13.0068502426,80.2406616211,56174,56184,10
13.0067796707,80.2411804199,56184,56194,10
13.0067396164,80.2420196533,56194,56204,10
13.0067100525,80.2429428101,56204,56214,10
13.0066795349,80.2438812256,56214,56224,10
13.0066604614,80.2448196411,56224,56233,9
13.0066795349,80.2456207275,56233,56243,10
13.0067195892,80.2464370728,56243,56254,11
13.0067300797,80.2471923828,56254,56265,11
13.0067195892,80.2480926514,56265,56275,10
13.0068397522,80.2493591309,56275,56305,30
13.0068397522,80.2493591309,56305,56315,10
13.0068101883,80.2496566772,56315,56325,10
13.0067796707,80.250289917,56325,56335,10
13.0067996979,80.2509002686,56335,56345,10
13.006819725,80.2511825562,56345,56361,16
13.0066795349,80.2519302368,56361,56373,12
13.0065498352,80.2528686523,56373,56384,11
13.006529808,80.2538375854,56384,56394,10
13.0065698624,80.2546615601,56394,56404,10
13.0065803528,80.2548065186,56404,56414,10
13.0065603256,80.2549667358,56414,56424,10
13.0065498352,80.2555923462,56424,56434,10
13.0065803528,80.2563095093,56434,56444,10
13.0066604614,80.2568130493,56444,56464,20
13.0066604614,80.2568130493,56464,56474,10
13.006649971,80.2571105957,56474,56485,11
13.0065498352,80.257522583,56485,56495,10
13.0060501099,80.2574615479,56495,56505,10
13.0054798126,80.2573471069,56505,56515,10
13.004989624,80.2572174072,56515,56525,10
13.0043296814,80.2570800781,56525,56535,10
13.0036096573,80.2569274902,56535,56545,10
13.0029802322,80.2567977905,56545,56555,10
13.0023202896,80.2566833496,56555,56565,10
13.0017700195,80.2565765381,56565,56606,41
13.0017700195,80.2565765381,56606,56616,10
13.0015201569,80.2565383911,56616,56626,10
13.0010595322,80.2564697266,56626,56636,10
13.0003795624,80.256401062,56636,56652,16
12.9996700287,80.2562713623,56652,56672,20
12.9996700287,80.2562713623,56672,56684,12
12.9994897842,80.2562179565,56684,56694,10
12.9989500046,80.2561035156,56694,56704,10
12.9982995987,80.2560119629,56704,56715,11
12.9975404739,80.2559509277,56715,56725,10
12.9971599579,80.2559432983,56725,56765,40
12.9971599579,80.2559432983,56765,56775,10
12.9968900681,80.2559890747,56775,56785,10
12.9968595505,80.2563171387,56785,56795,10
12.9968204498,80.2567901611,56795,56805,10
12.9968099594,80.2568817139,56805,56823,18
12.9967699051,80.257270813,56823,56836,13
12.9966897964,80.2582321167,56836,56844,8
12.9966402054,80.2589416504,56844,56855,11
12.9965200424,80.2599563599,56855,56866,11
12.9964103699,80.2609710693,56866,56876,10
12.996339798,80.2617492676,56876,56886,10
12.9963102341,80.2621765137,56886,56896,10
12.9962396622,80.2624282837,56896,56906,10
12.9961700439,80.2625732422,56906,56916,10
12.9961500168,80.2630996704,56916,56925,9
12.9961004257,80.2637405396,56925,56937,12
12.9959697723,80.2648620605,56937,56947,10
12.995929718,80.2652587891,56947,56957,10
12.9958896637,80.2656402588,56957,56967,10
12.9958095551,80.2663726807,56967,56977,10
12.9956998825,80.2671432495,56977,56987,10
12.9956998825,80.2675323486,56987,56996,9
12.9963197708,80.2677001953,56996,57027,31
12.9963197708,80.2677001953,57027,57037,10
12.996509552,80.2677078247,57037,57048,11
12.9971504211,80.2676086426,57048,57058,10
12.9979200363,80.2674102783,57058,57068,10
12.9988603592,80.2671508789,57068,57078,10
12.9997797012,80.2668533325,57078,57088,10
13.0001001358,80.2665023804,57088,57108,20
13.0001001358,80.2665023804,57108,57118,10
13.0002002716,80.26612854,57118,57128,10
13.0002698898,80.2657165527,57128,57138,10
13.0003404617,80.2657394409,57138,57148,10
13.0003595352,80.2660064697,57148,57713,565
13.0003595352,80.2663803101,57713,57734,21
13.0003595352,80.2663803101,57734,57744,10
13.0003299713,80.2666625977,57744,57754,10
13.0001296997,80.2668914795,57754,57764,10
12.9995803833,80.2670211792,57764,57774,10
12.9989004135,80.2672271729,57774,57784,10
12.9981603622,80.2674179077,57784,57794,10
12.9973201752,80.2676620483,57794,57804,10
12.9964504242,80.2677688599,57804,57814,10
12.9957799911,80.2677307129,57814,57824,10
12.9956798553,80.2674484253,57824,57855,31
12.9956998825,80.2673034668,57855,57875,20
12.9956998825,80.2673034668,57875,57885,10
12.9957199097,80.2670974731,57885,57895,10
12.9957895279,80.2665710449,57895,57905,10
12.9958600998,80.2658615112,57905,57915,10
12.9959497452,80.2650604248,57915,57925,10
12.9960603714,80.2642211914,57925,57935,10
12.9961500168,80.2633895874,57935,57946,11
12.9961996078,80.2626800537,57946,57956,10
12.9961996078,80.2626419067,57956,57966,10
12.9962396622,80.2623825073,57966,57976,10
12.9962797165,80.2620620728,57976,57986,10
12.9963197708,80.2617797852,57986,57996,10
12.9963798523,80.2612533569,57996,58006,10
12.9964599609,80.2605819702,58006,58016,10
12.996509552,80.2601089478,58016,58026,10
12.9965600967,80.2596588135,58026,58036,10
12.9965801239,80.2592391968,58036,58046,10
12.9966497421,80.2586135864,58046,58056,10
12.9967403412,80.2578735352,58056,58067,11
12.9968204498,80.2569503784,58067,58077,10
12.9968595505,80.2563705444,58077,58087,10
12.9968595505,80.2563400269,58087,58097,10
12.9968795776,80.2561798096,58097,58107,10
12.9970302582,80.255859375,58107,58117,10
12.9975099564,80.255897522,58117,58127,10
12.9979095459,80.2559204102,58127,58137,10
12.9984502792,80.2559585571,58137,58167,30
12.9984502792,80.2559585571,58167,58178,11
12.9987001419,80.2559967041,58178,58188,10
12.9990596771,80.2560806274,58188,58208,20
12.9990596771,80.2560806274,58208,58218,10
12.9992103577,80.2561035156,58218,58228,10
12.99958992,80.256187439,58228,58238,10
13.000120163,80.2563171387,58238,58254,16
13.0012102127,80.2565307617,58254,58266,12
13.0020303726,80.2566604614,58266,58276,10
13.0027799606,80.2567901611,58276,58286,10
13.003490448,80.2569274902,58286,58297,11
13.0043401718,80.2570877075,58297,58307,10
13.0051202774,80.2572631836,58307,58317,10
13.0059099197,80.2574081421,58317,58327,10
13.0065002441,80.2573928833,58327,58337,10
13.0065097809,80.2567596436,58337,58347,10
13.0064897537,80.2560195923,58347,58357,10
13.0065202713,80.2550811768,58357,58367,10
13.0065202713,80.2541732788,58367,58377,10
13.0065202713,80.2534790039,58377,58387,10
13.0065202713,80.2533798218,58387,58398,11
13.0065202713,80.2531280518,58398,58408,10
13.0065202713,80.2526397705,58408,58418,10
13.0065803528,80.2520217896,58418,58448,30
13.0065803528,80.2520217896,58448,58458,10
13.0066404343,80.2517929077,58458,58468,10
13.0067195892,80.2512664795,58468,58478,10
13.0067396164,80.2505569458,58478,58488,10
13.0067396164,80.2498168945,58488,58498,10
13.0067195892,80.2490997314,58498,58509,11
13.0066204071,80.2479019165,58509,58539,30
13.0066204071,80.2479019165,58539,58549,10
13.0066099167,80.2477035522,58549,58559,10
13.0066204071,80.2472763062,58559,58569,10
13.0066003799,80.2468566895,58569,58579,10
13.0065803528,80.2468338013,58579,58589,10
13.0065698624,80.2467880249,58589,58599,10
13.0065498352,80.246711731,58599,58609,10
13.0066204071,80.2463607788,58609,58619,10
13.0066299438,80.2457809448,58619,58630,11
13.0066299438,80.2449417114,58630,58640,10
13.0066404343,80.2440795898,58640,58650,10
13.0066099167,80.2431335449,58650,58660,10
13.0065803528,80.2421722412,58660,58670,10
13.0066099167,80.2412033081,58670,58680,10
13.0066204071,80.2407836914,58680,58690,10
13.0067100525,80.2403335571,58690,58700,10
13.0068702698,80.2397537231,58700,58710,10
13.0069503784,80.2391967773,58710,58720,10
13.0071001053,80.2384490967,58720,58730,10
13.0073604584,80.2371902466,58730,58761,31
13.0073604584,80.2371902466,58761,58771,10
13.0073795319,80.2369995117,58771,58781,10
13.0074100494,80.2367706299,58781,58791,10
13.0074596405,80.236579895,58791,58801,10
13.0075798035,80.2360992432,58801,58811,10
13.0077495575,80.2353973389,58811,58821,10
13.007900238,80.2346572876,58821,58831,10
13.0080795288,80.233757019,58831,58841,10
13.0082798004,80.232749939,58841,58852,11
13.0085000992,80.2315979004,58852,58862,10
13.0087003708,80.2304992676,58862,58872,10
13.008939743,80.229347229,58872,58882,10
13.009180069,80.2282333374,58882,58892,10
13.0096101761,80.2272186279,58892,58902,10
13.0101003647,80.2261810303,58902,58912,10
13.0105800629,80.2252197266,58912,58922,10
13.0109796524,80.2243118286,58922,58932,10
13.0112800598,80.2236480713,58932,58942,10
13.0114803314,80.2231216431,58942,58952,10
13.0117301941,80.2224197388,58952,58963,11
13.0120801926,80.2215881348,58963,58973,10
13.0123996735,80.2215881348,58973,58983,10
13.0127096176,80.2219772339,58983,58993,10
13.0132198334,80.2226104736,58993,59003,10
13.0137500763,80.2232208252,59003,59013,10
13.0142402649,80.2238464355,59013,59023,10
13.0148000717,80.2244567871,59023,59033,10
13.0153102875,80.2248916626,59033,59049,16
13.0154495239,80.2249298096,59049,59061,12
13.0157003403,80.2251815796,59061,59069,8
13.0160999298,80.2253265381,59069,59082,13
13.0170202255,80.225151062,59082,59091,9
13.0178403854,80.224822998,59091,59102,11
13.0188503265,80.2244186401,59102,59110,8
13.0193901062,80.2243804932,59110,59121,11
13.0197200775,80.2245178223,59121,59133,12
13.0200796127,80.2248001099,59133,59143,10
13.0206203461,80.2251968384,59143,59153,10
13.0211400986,80.2256011963,59153,59163,10
13.0219202042,80.2261276245,59163,59184,21
13.0219202042,80.2261276245,59184,59194,10
13.022069931,80.2262878418,59194,59205,11
13.0224304199,80.2266387939,59205,59215,10
13.0229902267,80.2271270752,59215,59225,10
13.0236301422,80.227722168,59225,59235,10
13.0242595673,80.2283935547,59235,59245,10
13.0247898102,80.2291183472,59245,59255,10
13.0253896713,80.2298965454,59255,59265,10
13.026049614,80.2311477661,59265,59285,20
13.026049614,80.2311477661,59285,59296,11
13.0260400772,80.2312164307,59296,59306,10
13.0263004303,80.2313690186,59306,59316,10
13.0268802643,80.2312393188,59316,59326,10
13.0277500153,80.2310409546,59326,59336,10
13.0284204483,80.2309417725,59336,59346,10
13.0285396576,80.2309188843,59346,59356,10
13.0289402008,80.2309036255,59356,59366,10
13.0295000076,80.2308578491,59366,59376,10
13.0301303864,80.230796814,59376,59386,10
13.0306501389,80.230758667,59386,59396,10
13.0310096741,80.2307434082,59396,59407,11
13.0312595367,80.2307281494,59407,59417,10
13.0317897797,80.2306594849,59417,59427,10
13.0325403214,80.2305984497,59427,59437,10
13.0331401825,80.2305603027,59437,59447,10
13.0334997177,80.2305297852,59447,59538,91
13.0334997177,80.2305297852,59538,59548,10
13.0338201523,80.2304992676,59548,59558,10
13.0340003967,80.23046875,59558,59568,10
13.0340900421,80.2304382324,59568,59578,10
13.0342998505,80.2304229736,59578,59629,51
13.0342998505,80.2304229736,59629,59639,10
13.0346899033,80.2303924561,59639,59649,10
13.0349597931,80.2305221558,59649,59659,10
13.0349302292,80.2309494019,59659,59669,10
13.0348596573,80.2315673828,59669,59679,10
13.0347604752,80.2322921753,59679,59689,10
13.0346899033,80.232963562,59689,59699,10
13.0346002579,80.233581543,59699,59709,10
13.0345201492,80.2343597412,59709,59719,10
13.0344104767,80.2351837158,59719,59729,10
13.0343198776,80.2360610962,59729,59739,10
13.0342903137,80.2373504639,59739,59770,31
13.0342903137,80.2373504639,59770,59780,10
13.0342102051,80.237449646,59780,59820,40
13.0342102051,80.237449646,59820,59830,10
13.0344200134,80.23777771,59830,59840,10
13.0346298218,80.2380371094,59840,59850,10
13.0349702835,80.2385787964,59850,59861,11
13.035320282,80.2390899658,59861,59871,10
13.0356302261,80.2394180298,59871,59881,10
13.0360097885,80.2394485474,59881,59891,10
13.0367603302,80.2395401001,59891,59901,10
13.0376501083,80.239616394,59901,59911,10
13.0385503769,80.2397384644,59911,59921,10
13.0394601822,80.2398605347,59921,59931,10
13.040140152,80.2399520874,59931,59941,10
13.040309906,80.2399978638,59941,59951,10
13.0403795242,80.2403869629,59951,59961,10
13.0406703949,80.2405776978,59961,59972,11
13.0410804749,80.2406234741,59972,59982,10
13.0412101746,80.2406463623,59982,59992,10
13.0417003632,80.2406997681,59992,60002,10
13.0423402786,80.2407913208,60002,60012,10
13.0431003571,80.2408828735,60012,60022,10
13.0438203812,80.2409591675,60022,60032,10
13.0443201065,80.2407531738,60032,60042,10
13.0444602966,80.2406692505,60042,60052,10
13.0447998047,80.2404403687,60052,60062,10
13.04529953,80.2400970459,60062,60072,10
13.0458498001,80.2397384644,60072,60083,11
13.0463600159,80.2395935059,60083,60093,10
13.0469102859,80.239730835,60093,60103,10
13.047539711,80.2398681641,60103,60113,10
13.0482797623,80.240020752,60113,60121,8
13.048789978,80.2401275635,60121,60133,12
13.049659729,80.2402877808,60133,60142,9
13.0500001907,80.2403411865,60142,60153,11
13.0506000519,80.2404785156,60153,60163,10
13.051199913,80.2406311035,60163,60173,10
13.0512104034,80.2406234741,60173,60183,10
13.0513401031,80.2406234741,60183,60194,11
13.0518798828,80.240737915,60194,60204,10
13.0523300171,80.2408370972,60204,60214,10
13.0525302887,80.2412414551,60214,60224,10
13.0527801514,80.2417602539,60224,60234,10
13.0534896851,80.2420730591,60234,60244,10
13.0540599823,80.2422714233,60244,60264,20
13.0540599823,80.2422714233,60264,60274,10
13.0543603897,80.2423400879,60274,60284,10
13.0550098419,80.2423095703,60284,60294,10
13.0557899475,80.2423095703,60294,60305,11
13.0566196442,80.2426605225,60305,60335,30
13.0566196442,80.2426605225,60335,60345,10
13.0569200516,80.2426605225,60345,60354,9
13.0573596954,80.2428436279,60354,60365,11
13.0574998856,80.2428283691,60365,60375,10
13.0577297211,80.2427978516,60375,60385,10
13.0582199097,80.2426986694,60385,60395,10
13.0588598251,80.2425765991,60395,60405,10
13.0592803955,80.2425231934,60405,60415,10
13.0599498749,80.2426986694,60415,60426,11
13.0606899261,80.2429580688,60426,60436,10
13.0611600876,80.2431335449,60436,60446,10
13.0617303848,80.2432403564,60446,60456,10
13.0618696213,80.243270874,60456,60466,10
13.0625,80.2433624268,60466,60486,20
13.0625,80.2433624268,60486,60496,10
13.0627803802,80.2434005737,60496,60506,10
13.0633201599,80.2435073853,60506,60516,10
13.0639896393,80.2435531616,60516,60526,10
13.0647697449,80.243560791,60526,60536,10
13.065369606,80.2435379028,60536,60547,11
13.0657701492,80.2435073853,60547,60557,10
13.0662403107,80.2434234619,60557,60567,10
13.0667295456,80.2432403564,60567,60577,10
13.0672798157,80.243019104,60577,60587,10
13.0679597855,80.2427597046,60587,60597,10
13.0687103271,80.2425537109,60597,60607,10
13.0693597794,80.2422790527,60607,60617,10
13.0698204041,80.2421264648,60617,60637,20
13.0698204041,80.2421264648,60637,60648,11
13.0701198578,80.2420730591,60648,60658,10
13.0706501007,80.2419128418,60658,60668,10
13.0713195801,80.2416610718,60668,60678,10
13.0720596313,80.2412872314,60678,60688,10
13.0727100372,80.2408905029,60688,60698,10
13.0734300613,80.2406997681,60698,60708,10
13.074259758,80.2405090332,60708,60718,10
13.0753297806,80.2404937744,60718,60728,10
13.0764598846,80.2405319214,60728,60738,10
13.0771198273,80.2404937744,60738,60748,10
13.0770797729,80.2400131226,60748,60759,11
13.0768699646,80.2391586304,60759,60769,10
13.0766000748,80.2381591797,60769,60779,10
13.0764102936,80.2374267578,60779,60789,10
13.076379776,80.2372589111,60789,60799,10
13.0763702393,80.2372512817,60799,60809,10
13.0762796402,80.236869812,60809,60819,10
13.0761995316,80.2361679077,60819,60829,10
13.0760402679,80.2353286743,60829,60839,10
13.0758304596,80.2344284058,60839,60849,10
13.0757904053,80.2338867188,60849,60859,10
13.0762796402,80.2337799072,60859,60870,11
13.0771903992,80.2336578369,60870,60880,10
13.0781698227,80.233581543,60880,60890,10
13.0789804459,80.2335510254,60890,60900,10
13.0796699524,80.233543396,60900,60910,10
13.0802202225,80.2335205078,60910,60920,10
13.0802898407,80.2335281372,60920,60929,9
13.0805797577,80.2335586548,60929,60940,11
13.0812196732,80.233581543,60940,60950,10
13.0818996429,80.2335586548,60950,60960,10
13.0819997787,80.2329864502,60960,60970,10
13.0822296143,80.2321777344,60970,60981,11
13.0826301575,80.2311630249,60981,60991,10
13.082909584,80.2306976318,60991,61001,10
13.0831203461,80.2310409546,61001,61011,10
13.0831804276,80.2318267822,61011,61021,10
13.083319664,80.2328186035,61021,61031,10
13.0834903717,80.2336578369,61031,61041,10
13.0838603973,80.2339630127,61041,61051,10
13.0841398239,80.2340164185,61051,61061,10
13.0844297409,80.2341003418,61061,61071,10
13.084980011,80.2342300415,61071,61081,10
13.0857200623,80.2343978882,61081,61092,11
13.0862398148,80.2345199585,61092,61102,10
13.0866699219,80.2345962524,61102,61112,10
13.0873403549,80.23462677,61112,61122,10
13.0879201889,80.2341308594,61122,61132,10
13.0879898071,80.2334136963,61132,61142,10
13.0882501602,80.2322998047,61142,61152,10
13.088549614,80.231300354,61152,61162,10
13.0888395309,80.2306137085,61162,61172,10
13.0888795853,80.2305221558,61172,61182,10
13.0889997482,80.2303009033,61182,61192,10
13.0892896652,80.2297286987,61192,61203,11
13.0899496078,80.2288818359,61203,61213,10
13.0906801224,80.2280883789,61213,61223,10
13.0914297104,80.2272796631,61223,61243,20
13.0914297104,80.2272796631,61243,61253,10
13.091629982,80.2270736694,61253,61263,10
13.0921201706,80.2266082764,61263,61273,10
13.0926799774,80.2260131836,61273,61283,10
13.0932502747,80.2254180908,61283,61293,10
13.0933198929,80.2253265381,61293,61303,10
13.0936002731,80.2250366211,61303,61314,11
13.0940599442,80.2245025635,61314,61324,10
13.0946397781,80.2237319946,61324,61334,10
13.09512043,80.2228393555,61334,61343,9
13.0954799652,80.2219009399,61343,61354,11
13.0958595276,80.2208480835,61354,61364,10
13.0963001251,80.2194824219,61364,61384,20
13.0963001251,80.2194824219,61384,61394,10
13.0964097977,80.2192001343,61394,61404,10
13.0965204239,80.2189331055,61404,61414,10
13.0966796875,80.218421936,61414,61425,11
13.0969600677,80.2175827026,61425,61435,10
13.0972003937,80.2168579102,61435,61445,10
13.0972700119,80.2166976929,61445,61455,10
13.0974702835,80.2162322998,61455,61465,10
13.0977802277,80.2155075073,61465,61475,10
13.0981702805,80.214630127,61475,61485,10
13.0983600616,80.2141723633,61485,61505,20
13.0983600616,80.2141723633,61505,61515,10
13.0984401703,80.2140426636,61515,61525,10
13.098739624,80.2140274048,61525,61536,11
13.0993003845,80.2142791748,61536,61546,10
13.0998296738,80.2144165039,61546,61556,10
13.1002502441,80.2145462036,61556,61566,10
13.1003103256,80.2145614624,61566,61576,10
13.1005496979,80.2147064209,61576,61626,50
13.1005496979,80.2147064209,61626,61636,10
13.1006202698,80.2147903442,61636,61647,11
13.1004600525,80.2151565552,61647,61657,10
13.1002101898,80.215713501,61657,61667,10
13.1000003815,80.2161102295,61667,61677,10
13.0999002457,80.2159500122,61677,61687,10
13.100060463,80.2156295776,61687,61697,10
13.1002397537,80.2152175903,61697,61707,10
13.1003103256,80.2149810791,61707,63151,1444
13.1003103256,80.2149810791,63151,63161,10
13.1001501083,80.2145080566,63161,63171,10
13.0998802185,80.2144165039,63171,63181,10
13.0994701385,80.2143173218,63181,63191,10
13.0986099243,80.2140274048,63191,63222,31
13.0986099243,80.2140274048,63222,63232,10
13.0984802246,80.2140426636,63232,63242,10
13.0982904434,80.2144470215,63242,63252,10
13.0980195999,80.2150878906,63252,63262,10
13.0977201462,80.2157974243,63262,63272,10
13.0974597931,80.2164611816,63272,63282,10
13.0973596573,80.2167434692,63282,63292,10
13.0972995758,80.2169113159,63292,63302,10
13.0971298218,80.2173614502,63302,63312,10
13.0968799591,80.2180786133,63312,63323,11
13.0966501236,80.2188415527,63323,63333,10
13.0963802338,80.219581604,63333,63343,10
13.0960903168,80.2203979492,63343,63353,10
13.0957899094,80.2212295532,63353,63363,10
13.0955896378,80.2218322754,63363,63373,10
13.0953197479,80.2225494385,63373,63383,10
13.0949602127,80.2233200073,63383,63393,10
13.0943803787,80.2241592407,63393,63403,10
13.0937700272,80.2249298096,63403,63413,10
13.0930995941,80.2256698608,63413,63423,10
13.0923995972,80.2263870239,63423,63439,16
13.0914201736,80.2273864746,63439,63452,13
13.0912303925,80.2276306152,63452,63462,10
13.0911502838,80.2277069092,63462,63472,10
13.0908203125,80.2280578613,63472,63482,10
13.0903396606,80.2285766602,63482,63492,10
13.0897798538,80.2291870117,63492,63502,10
13.0893096924,80.2298812866,63502,63512,10
13.0891399384,80.2302322388,63512,63522,10
13.0888996124,80.230758667,63522,63532,10
13.0888204575,80.2309570313,63532,63543,11
13.0887699127,80.2310409546,63543,63553,10
13.0885896683,80.2314605713,63553,63563,10
13.0883598328,80.2321624756,63563,63573,10
13.0881299973,80.2330474854,63573,63583,10
13.0880002975,80.2340011597,63583,63593,10
13.0875902176,80.2345581055,63593,63603,10
13.0867395401,80.2345428467,63603,63613,10
13.0859603882,80.2343902588,63613,63623,10
13.0851602554,80.2342071533,63623,63633,10
13.0847396851,80.2341003418,63633,63643,10
13.08411026,80.2339477539,63643,63653,10
13.0834598541,80.2338180542,63653,63664,11
13.0823802948,80.2336196899,63664,63684,20
13.0823802948,80.2336196899,63684,63694,10
13.0822296143,80.2336120605,63694,63704,10
13.081870079,80.2335586548,63704,63714,10
13.0812397003,80.2335281372,63714,63724,10
13.0805196762,80.2335205078,63724,63734,10
13.0797996521,80.2335205078,63734,63744,10
13.0795097351,80.2335205078,63744,63754,10
13.0794296265,80.2334976196,63754,63764,10
13.079000473,80.2334976196,63764,63775,11
13.0782499313,80.2335586548,63775,63784,9
13.0775699615,80.2336120605,63784,63795,11
13.0768404007,80.2337417603,63795,63805,10
13.0761604309,80.23387146,63805,63815,10
13.0758600235,80.2341766357,63815,63825,10
13.0760097504,80.2347793579,63825,63835,10
13.0761804581,80.2355422974,63835,63845,10
13.0763301849,80.2364196777,63845,63855,10
13.076499939,80.2372512817,63855,63875,20
13.076499939,80.2372512817,63875,63886,11
13.0765695572,80.2375717163,63886,63896,10
13.0766801834,80.23802948,63896,63906,10
13.0768003464,80.238609314,63906,63916,10
13.0769701004,80.2394180298,63916,63926,10
13.0772600174,80.2406234741,63926,63956,30
13.0772600174,80.2406234741,63956,63972,16
13.0773801804,80.2411575317,63972,63984,12
13.0774803162,80.2417678833,63984,63995,11
13.0776901245,80.2426834106,63995,64005,10
13.0778102875,80.2436676025,64005,64015,10
13.0777797699,80.2443466187,64015,64025,10
13.077870369,80.2449874878,64025,64035,10
13.0779399872,80.2458572388,64035,64045,10
13.0780801773,80.2467727661,64045,64055,10
13.0782899857,80.2478790283,64055,64065,10
13.0785102844,80.2488479614,64065,64073,8
13.078669548,80.2495803833,64073,64085,12
13.0785198212,80.250579834,64085,64095,10
13.0785999298,80.2514419556,64095,64106,11
13.0783395767,80.2517166138,64106,64116,10
13.0777597427,80.2518234253,64116,64126,10
13.0770101547,80.251953125,64126,64134,8
13.076379776,80.2520370483,64134,64146,12
13.0754499435,80.2521514893,64146,64156,10
13.0747098923,80.2522125244,64156,64166,10
13.0740699768,80.2522583008,64166,64176,10
13.0735397339,80.252456665,64176,64186,10
13.0728397369,80.2524032593,64186,64196,10
13.0723199844,80.2521820068,64196,64206,10
13.0720996857,80.251411438,64206,64217,11
13.0718402863,80.2504806519,64217,64227,10
13.0715904236,80.2495803833,64227,64237,10
13.071439743,80.2487106323,64237,64247,10
13.0712604523,80.2480392456,64247,64257,10
13.070980072,80.2472915649,64257,64267,10
13.0706300735,80.24659729,64267,64277,10
13.0701999664,80.2456893921,64277,64287,10
13.0697803497,80.244682312,64287,64297,10
13.0694799423,80.2437667847,64297,64307,10
13.069319725,80.2433929443,64307,64317,10
13.069319725,80.2433776855,64317,64328,11
13.0692501068,80.2431335449,64328,64338,10
13.0691604614,80.2426834106,64338,64348,10
13.0688495636,80.2425231934,64348,64358,10
13.0685796738,80.2425613403,64358,64368,10
13.0680198669,80.242729187,64368,64378,10
13.0673103333,80.2429962158,64378,64388,10
13.0665302277,80.2433166504,64388,64398,10
13.0660800934,80.243927002,64398,64408,10
13.0662097931,80.2447662354,64408,64418,10
13.0663795471,80.2456207275,64418,64428,10
13.0669698715,80.2461471558,64428,64439,11
13.0677700043,80.2465286255,64439,64449,10
13.0678596497,80.2466278076,64449,64459,10
13.0679197311,80.2470321655,64459,64469,10
13.0678796768,80.247718811,64469,64479,10
13.0672597885,80.2479171753,64479,64489,10
13.0663604736,80.2478485107,64489,64499,10
13.0652799606,80.2477874756,64499,64509,10
13.0641803741,80.2477111816,64509,64519,10
13.0631599426,80.2476425171,64519,64535,16
13.0616998672,80.2474899292,64535,64549,14
13.0614900589,80.2468185425,64549,64559,10
13.061829567,80.2464065552,64559,64569,10
13.0619401932,80.24584198,64569,64579,10
13.0623502731,80.2450866699,64579,64588,9
13.0628795624,80.2446975708,64588,64599,11
13.0630397797,80.2444992065,64599,64609,10
13.0632400513,80.2442016602,64609,64619,10
13.0634403229,80.2437362671,64619,64629,10
13.0630702972,80.2435073853,64629,64638,9
13.0625600815,80.2433776855,64638,64648,10
13.0618600845,80.2432403564,64648,64660,12
13.061340332,80.2431335449,64660,64670,10
13.0607404709,80.2429580688,64670,64680,10
13.0602998734,80.2427902222,64680,64690,10
13.0597000122,80.2425765991,64690,64700,10
13.0592002869,80.2425003052,64700,64710,10
13.0588903427,80.2425613403,64710,64720,10
13.0588302612,80.2425384521,64720,64730,10
13.0585403442,80.2425918579,64730,64740,10
13.0580701828,80.2426986694,64740,64750,10
13.0571403503,80.2427978516,64750,64811,61
13.0571403503,80.2427978516,64811,64821,10
13.0568399429,80.2427368164,64821,64831,10
13.0564002991,80.2425994873,64831,64841,10
13.0558900833,80.2423019409,64841,64851,10
13.0551395416,80.2423095703,64851,64861,10
13.0539102554,80.2423171997,64861,64882,21
13.0539102554,80.2423171997,64882,64892,10
13.0536699295,80.2421875,64892,64902,10
13.0535802841,80.2421417236,64902,64912,10
13.0531597137,80.2419204712,64912,64922,10
13.0530004501,80.2418670654,64922,64932,10
13.0528001785,80.2418212891,64932,64942,10
13.0523796082,80.2414703369,64942,64952,10
13.0521001816,80.2409896851,64952,64962,10
13.0519304276,80.2407989502,64962,64972,10
13.0516901016,80.2406997681,64972,64982,10
13.0512304306,80.2406005859,64982,64992,10
13.0510396957,80.2405776978,64992,65003,11
13.0507698059,80.2405319214,65003,65013,10
13.0501403809,80.2404022217,65013,65023,10
13.0494203568,80.2402267456,65023,65039,16
13.0482797623,80.2399673462,65039,65051,12
13.0474700928,80.2398300171,65051,65061,10
13.0470399857,80.2397079468,65061,65071,10
13.0463199615,80.2395629883,65071,65081,10
13.0462799072,80.2392883301,65081,65091,10
13.0464496613,80.2386169434,65091,65101,10
13.0465698242,80.237953186,65101,65112,11
13.0467100143,80.2370300293,65112,65122,10
13.0468797684,80.236328125,65122,65132,10
13.0469903946,80.2359237671,65132,65142,10
13.0470600128,80.2356567383,65142,65152,10
13.0470895767,80.2351989746,65152,65162,10
13.0472002029,80.2343521118,65162,65172,10
13.0472602844,80.2339172363,65172,65182,10
13.0472602844,80.2338485718,65182,65192,10
13.0473098755,80.2335205078,65192,65202,10
13.0472202301,80.2331924438,65202,65212,10
13.0467700958,80.2330322266,65212,65222,10
13.0463399887,80.2328567505,65222,65233,11
13.0456495285,80.2326812744,65233,65253,20
13.0456495285,80.2326812744,65253,65263,10
13.0452804565,80.232673645,65263,65273,10
13.0451202393,80.2326278687,65273,65283,10
13.0446300507,80.2324981689,65283,65293,10
13.0438404083,80.2323913574,65293,65303,10
13.043009758,80.2323379517,65303,65313,10
13.0422801971,80.2323379517,65313,65323,10
13.0416002274,80.2322311401,65323,65334,11
13.0405597687,80.2319107056,65334,65344,10
13.0396604538,80.2316665649,65344,65354,10
13.0388002396,80.2314529419,65354,65364,10
13.0379695892,80.2312011719,65364,65374,10
13.0372200012,80.2309494019,65374,65384,10
13.0367803574,80.230796814,65384,65404,20
13.0367803574,80.230796814,65404,65414,10
13.0365400314,80.2307128906,65414,65424,10
13.0359697342,80.2305526733,65424,65434,10
13.0352602005,80.2303390503,65434,65503,69
13.0352602005,80.2303390503,65503,65512,9
13.0350503922,80.2302932739,65512,65523,11
13.034529686,80.2303466797,65523,65533,10
13.0341396332,80.2304534912,65533,65543,10
13.0334796906,80.2305603027,65543,65564,21
13.0334796906,80.2305603027,65564,65574,10
13.0333900452,80.2306213379,65574,65584,10
13.0329504013,80.2306289673,65584,65594,10
13.0322904587,80.2306900024,65594,65604,10
13.0315904617,80.2307434082,65604,65614,10
13.0309000015,80.2307815552,65614,65624,10
13.0303602219,80.2308273315,65624,65634,10
13.0297803879,80.2308883667,65634,65644,10
13.0292797089,80.2309265137,65644,65654,10
13.0285596848,80.2309799194,65654,65665,11
13.0278396606,80.231048584,65665,65675,10
13.0277004242,80.2313766479,65675,65685,10
13.0277500153,80.2319564819,65685,65694,9
13.0278596878,80.2325134277,65694,65705,11
13.0277004242,80.2328796387,65705,65715,10
13.0270500183,80.2330169678,65715,65745,30
13.0270500183,80.2330169678,65745,65755,10
13.0269298553,80.2330780029,65755,65765,10
13.0266599655,80.2331085205,65765,65776,11
13.0263795853,80.233001709,65776,65786,10
13.0262002945,80.2324676514,65786,65796,10
13.026049614,80.231842041,65796,65806,10
13.0258903503,80.2311782837,65806,65816,10
13.0255699158,80.2303619385,65816,65826,10
13.0250701904,80.229637146,65826,65836,10
13.0246896744,80.2291717529,65836,65846,10
13.0243997574,80.2287902832,65846,65856,10
13.0240097046,80.2283782959,65856,65866,10
13.0239601135,80.2283172607,65866,65876,10
13.023900032,80.2282180786,65876,65887,11
13.023639679,80.227897644,65887,65897,10
13.0234298706,80.2277069092,65897,65907,10
13.0234203339,80.2276992798,65907,65917,10
13.0233402252,80.2276229858,65917,65927,10
13.0230503082,80.2273178101,65927,65937,10
13.0227098465,80.2270278931,65937,65947,10
13.0226602554,80.2269668579,65947,65957,10
13.022480011,80.2267913818,65957,65967,10
13.0220804214,80.2264404297,65967,65977,10
13.0214796066,80.2259521484,65977,65987,10
13.0208101273,80.2254333496,65987,65998,11
13.0198402405,80.2248001099,65998,66018,20
13.0198402405,80.2248001099,66018,66028,10
13.0197696686,80.2247314453,66028,66038,10
13.0193996429,80.2245483398,66038,66048,10
13.0186901093,80.2245483398,66048,66058,10
13.017829895,80.224899292,66058,66068,10
13.0168895721,80.2253036499,66068,66078,10
13.0162000656,80.2255706787,66078,66088,10
13.0154600143,80.2258300781,66088,66098,10
13.0148096085,80.2260971069,66098,66109,11
13.0146102905,80.2261886597,66109,66119,10
13.0144395828,80.2262802124,66119,66129,10
13.0143499374,80.22631073,66129,66139,10
13.0139198303,80.2264633179,66139,66148,9
13.0133199692,80.2266921997,66148,66159,11
13.0124998093,80.2270202637,66159,66169,10
13.0114002228,80.2274475098,66169,66179,10
13.0103902817,80.2278594971,66179,66189,10
13.0094203949,80.2282714844,66189,66199,10
13.0090303421,80.2292098999,66199,66209,10
13.0087995529,80.2303009033,66209,66220,11
13.0085897446,80.2315368652,66220,66230,10
13.0083599091,80.2326812744,66230,66240,10
13.0082197189,80.2336578369,66240,66260,20
13.0082197189,80.2336578369,66260,66270,10
13.0081501007,80.2338180542,66270,66280,10
13.0080604553,80.2342071533,66280,66290,10
13.0079402924,80.2348175049,66290,66300,10
13.007809639,80.235458374,66300,66310,10
13.0076599121,80.2362136841,66310,66320,10
13.0074996948,80.2370834351,66320,66331,11
13.0072898865,80.2380981445,66331,66341,10
13.0071201324,80.2390518188,66341,66351,10
13.0068998337,80.2401885986,66351,66371,20
13.0068998337,80.2401885986,66371,66381,10
13.0068998337,80.2402420044,66381,66391,10
13.0068502426,80.2406616211,66391,66401,10
13.0067796707,80.2413330078,66401,66411,10
13.0067300797,80.2422485352,66411,66421,10
13.0066995621,80.2431106567,66421,66431,10
13.0066795349,80.243888855,66431,66442,11
13.0067195892,80.2448806763,66442,66452,10
13.0067195892,80.2456130981,66452,66462,10
13.0067396164,80.2460632324,66462,66471,9
13.0067501068,80.2464599609,66471,66482,11
13.0067596436,80.2470626831,66482,66492,10
13.0067300797,80.2478866577,66492,66502,10
13.0067796707,80.2488021851,66502,66512,10
13.0068702698,80.2495269775,66512,66522,10
13.0068798065,80.2496185303,66522,66532,10
13.0068998337,80.2497634888,66532,66542,10
13.0068597794,80.2502670288,66542,66553,11
13.0068397522,80.2512283325,66553,66604,51
13.0068397522,80.2512283325,66604,66614,10
13.0068101883,80.251411438,66614,66624,10
13.0067195892,80.2517929077,66624,66634,10
13.0065803528,80.2524719238,66634,66644,10
13.0066699982,80.2527770996,66644,66654,10
13.0066604614,80.2532730103,66654,66665,11
13.0066299438,80.2538909912,66665,67352,687
13.0066299438,80.2538909912,67352,67362,10
13.0066699982,80.2542114258,67362,67372,10
13.006649971,80.2545089722,67372,67382,10
13.0066204071,80.2549209595,67382,67392,10
13.0066204071,80.2556533813,67392,67402,10
13.0066404343,80.2565536499,67402,67412,10
13.0066995621,80.2573165894,67412,67422,10
13.0068798065,80.2579803467,67422,67432,10
13.0072402954,80.2585220337,67432,67442,10
13.0076999664,80.2588729858,67442,67453,11
13.0080604553,80.2590332031,67453,67463,10
13.0080003738,80.2592697144,67463,67473,10
13.0076198578,80.2593917847,67473,67483,10
13.0073404312,80.2590637207,67483,67493,10
13.0072202682,80.2587890625,67493,67503,10
13.0071001053,80.2585220337,67503,67513,10
13.0068302155,80.2580871582,67513,67523,10
13.0065202713,80.257598877,67523,67533,10
13.0065002441,80.2571716309,67533,67543,10
13.0064601898,80.2567214966,67543,67554,11
13.0064897537,80.2562332153,67554,67564,10
13.0065002441,80.2557220459,67564,67574,10
13.0065202713,80.2551498413,67574,67584,10
13.0065202713,80.2544784546,67584,67594,10
13.0065202713,80.2543792725,67594,67603,9
13.0065202713,80.2542724609,67603,67614,11
13.0065202713,80.2538223267,67614,67624,10
13.0065202713,80.2535018921,67624,67634,10
13.0065097809,80.2532806396,67634,67644,10
13.0065002441,80.2532272339,67644,67654,10
13.0065002441,80.2529983521,67654,67665,11
13.0065002441,80.2526168823,67665,67675,10
13.0065498352,80.2522277832,67675,67776,101
13.0065498352,80.2522277832,67776,67792,16
13.0066404343,80.2520065308,67792,67804,12
13.0067195892,80.2515792847,67804,67814,10
13.0067396164,80.251121521,67814,67824,10
13.0067396164,80.2500686646,67824,67833,9
13.0067300797,80.2491912842,67833,67844,11
13.0066404343,80.2482299805,67844,67853,9
13.0066204071,80.2477493286,67853,67915,62
13.0066204071,80.2477493286,67915,67925,10
13.0066404343,80.2474365234,67925,67935,10
13.0066404343,80.2471084595,67935,67945,10
13.0065498352,80.2466812134,67945,67965,20
13.0065498352,80.2466812134,67965,67975,10
13.0065603256,80.2465362549,67975,67985,10
13.0066003799,80.2461929321,67985,67996,11
13.0066003799,80.245552063,67996,68006,10
13.0065803528,80.2451171875,68006,68016,10
13.0065698624,80.2447967529,68016,68026,10
13.0065698624,80.2445526123,68026,68036,10
13.0065698624,80.2443084717,68036,68046,10
13.0065698624,80.2439880371,68046,68056,10
13.0065603256,80.2435531616,68056,68066,10
13.0065498352,80.243057251,68066,68076,10
13.006529808,80.2423019409,68076,68086,10
13.0065603256,80.2415084839,68086,68096,10
13.0065898895,80.2408828735,68096,68106,10
13.0066795349,80.2404098511,68106,68117,11
13.006819725,80.2395935059,68117,68127,10
13.0069999695,80.2386703491,68127,68137,10
13.0071897507,80.2378768921,68137,68147,10
13.0073795319,80.2368087769,68147,68177,30
13.0073795319,80.2368087769,68177,68187,10
13.0074796677,80.2365188599,68187,68197,10
13.0075902939,80.236000061,68197,68207,10
13.0077400208,80.2352981567,68207,68218,11
13.0079202652,80.2344589233,68218,68228,10
13.0081300735,80.2334594727,68228,68238,10
13.0083398819,80.2323608398,68238,68248,10
13.0085401535,80.2313079834,68248,68258,10
13.0087203979,80.2303695679,68258,68268,10
13.0089302063,80.2294006348,68268,68278,10
13.0090904236,80.2285614014,68278,68288,10
13.0093698502,80.2277908325,68288,68298,10
13.0096702576,80.2271194458,68298,68308,10
13.0101003647,80.2262496948,68308,68318,10
13.0104398727,80.2255706787,68318,68328,10
13.0107498169,80.2248916626,68328,68339,11
13.0110397339,80.2241210938,68339,68348,9
13.011300087,80.223487854,68348,68359,11
13.0115203857,80.2229766846,68359,68369,10
13.0116300583,80.2223815918,68369,68379,10
13.0119600296,80.2216567993,68379,68389,10
13.0122804642,80.2216186523,68389,68399,10
13.0125904083,80.2220230103,68399,68409,10
13.013010025,80.2225112915,68409,68419,10
13.0135097504,80.2230377197,68419,68429,10
13.01404953,80.2236404419,68429,68439,10
13.0145101547,80.2241668701,68439,68450,11
13.0149097443,80.224609375,68450,68460,10
13.0153503418,80.2249908447,68460,68490,30
13.0153503418,80.2249908447,68490,68500,10
13.0155496597,80.225112915,68500,68510,10
13.0157403946,80.2253112793,68510,68520,10
13.0161600113,80.2254486084,68520,68530,10
13.01679039,80.2253036499,68530,68540,10
13.0176000595,80.2249832153,68540,68550,10
13.0184803009,80.2246170044,68550,68561,11
13.0192499161,80.2244415283,68561,68571,10
13.0194797516,80.2245101929,68571,68581,10
13.0197095871,80.2246398926,68581,68591,10
13.0200395584,80.224861145,68591,68601,10
13.0204200745,80.225151062,68601,68611,10
13.0209503174,80.2255325317,68611,68621,10
13.0214195251,80.2258911133,68621,68631,10
13.021780014,80.2261123657,68631,68641,10
13.0219602585,80.2262573242,68641,68661,20
13.0219602585,80.2262573242,68661,68672,11
13.0222597122,80.2265319824,68672,68682,10
13.022769928,80.2269821167,68682,68692,10
13.0232896805,80.2274627686,68692,68702,10
13.0234804153,80.2276306152,68702,68712,10
13.0237398148,80.2278518677,68712,68728,16
13.023900032,80.2279586792,68728,68740,12
13.0240697861,80.2281494141,68740,68748,8
13.0242204666,80.2283325195,68748,68760,12
13.0244598389,80.2286682129,68760,68770,10
13.0245895386,80.2288818359,68770,68781,11
13.0247001648,80.229057312,68781,68791,10
13.0248003006,80.2292175293,68791,68801,10
13.0249595642,80.2294387817,68801,68810,9
13.0253000259,80.2298583984,68810,68821,11
13.0258998871,80.2308120728,68821,68841,20
13.0258998871,80.2308120728,68841,68851,10
13.0260095596,80.2312316895,68851,68861,10
13.0262699127,80.2314071655,68861,68871,10
13.0268802643,80.2312393188,68871,68881,10
13.0276203156,80.2310714722,68881,68892,11
13.0283699036,80.2309799194,68892,68901,9
13.0289402008,80.2309188843,68901,68912,11
13.0293598175,80.2308883667,68912,68942,30
13.0293598175,80.2308883667,68942,68952,10
13.0296602249,80.2308731079,68952,68962,10
13.0302200317,80.2308273315,68962,68972,10
13.0305204391,80.2308120728,68972,68982,10
13.0306901932,80.2308120728,68982,68992,10
13.0311098099,80.2307662964,68992,69003,11
13.0316896439,80.2307281494,69003,69013,10
13.0322198868,80.230682373,69013,69023,10
13.0328502655,80.2306289673,69023,69033,10
13.0335197449,80.2305984497,69033,69043,10
13.0339002609,80.2305679321,69043,69053,10
13.034239769,80.230506897,69053,69103,50
13.034239769,80.230506897,69103,69114,11
13.0346403122,80.230430603,69114,69194,80
13.0346403122,80.230430603,69194,69204,10
13.0347795486,80.2304611206,69204,69214,10
13.034910202,80.2305374146,69214,69225,11
13.0349197388,80.230682373,69225,69235,10
13.034910202,80.2308502197,69235,69245,10
13.0348396301,80.2313613892,69245,69255,10
13.0347499847,80.2320404053,69255,69265,10
13.0346603394,80.2328414917,69265,69275,10
13.0345802307,80.2334365845,69275,69285,10
13.0345001221,80.2339019775,69285,69295,10
13.0344495773,80.2344436646,69295,69305,10
13.0343599319,80.2351074219,69305,69315,10
13.0342702866,80.2358627319,69315,69325,10
13.0341901779,80.236656189,69325,69336,11
13.0341997147,80.2373199463,69336,69416,80
13.0341997147,80.2373199463,69416,69426,10
13.0342903137,80.2375488281,69426,69436,10
13.0345401764,80.237953186,69436,69447,11
13.0348396301,80.2384262085,69447,69457,10
13.0350503922,80.2387619019,69457,69467,10
13.0353403091,80.2391967773,69467,69477,10
13.03565979,80.2394485474,69477,69486,9
13.036190033,80.2395019531,69486,69497,11
13.0369796753,80.2395935059,69497,69506,9
13.0376596451,80.2396621704,69506,69516,10
13.0383901596,80.2397384644,69516,69527,11
13.0390501022,80.2398300171,69527,69537,10
13.0396404266,80.239906311,69537,69547,10
13.0400896072,80.2399673462,69547,69558,11
13.0402498245,80.2399978638,69558,69568,10
13.0403299332,80.2403182983,69568,69578,10
13.0405597687,80.2405776978,69578,69588,10
13.0408601761,80.2406234741,69588,69598,10
13.041009903,80.2406692505,69598,69608,10
13.0413799286,80.2406997681,69608,69618,10
13.0415802002,80.2407226563,69618,69628,10
13.0419502258,80.2407836914,69628,69638,10
13.0426101685,80.2408676147,69638,69648,10
13.0433797836,80.2409667969,69648,69658,10
13.0441398621,80.2409210205,69658,69669,11
13.0447502136,80.2404632568,69669,69739,70
13.0447502136,80.2404632568,69739,69749,10
13.0449304581,80.2402877808,69749,69759,10
13.0453195572,80.2400436401,69759,69769,10
13.0457201004,80.2397689819,69769,69780,11
13.0462398529,80.2395935059,69780,69790,10
13.0465402603,80.2396697998,69790,69800,10
13.0468597412,80.2397689819,69800,69810,10
13.0474395752,80.2398834229,69810,69820,10
13.0481700897,80.2400436401,69820,69830,10
13.0488395691,80.2401580811,69830,69840,10
13.0496196747,80.2403182983,69840,69850,10
13.0502796173,80.240447998,69850,69861,11
13.0508899689,80.2405776978,69861,69871,10
13.0514097214,80.2406768799,69871,69881,10
13.0522298813,80.2408981323,69881,69922,41
13.0522298813,80.2408981323,69922,69932,10
13.0523500443,80.2409362793,69932,69942,10
13.0525197983,80.2412796021,69942,69951,9
13.0525503159,80.2414169312,69951,69962,11
13.0525598526,80.2414169312,69962,69972,10
13.0528202057,80.2418136597,69972,69982,10
13.0534200668,80.2420806885,69982,69992,10
13.0538301468,80.2422637939,69992,70003,11
13.0538597107,80.2422714233,70003,70013,10
13.0539398193,80.2423095703,70013,70023,10
13.0542097092,80.2423706055,70023,70033,10
13.0548496246,80.2423782349,70033,70043,10
13.055560112,80.2423095703,70043,70053,10
13.0564899445,80.2426834106,70053,70073,20
13.0564899445,80.2426834106,70073,70083,10
13.0566196442,80.2426986694,70083,70093,10
13.0569400787,80.2427520752,70093,70103,10
13.0573396683,80.2428894043,70103,70114,11
13.0577402115,80.2428588867,70114,70124,10
13.0583095551,80.242729187,70124,70134,10
13.0589599609,80.2425994873,70134,70144,10
13.0595598221,80.2425994873,70144,70154,10
13.0601701736,80.2428207397,70154,70165,11
13.0603704453,80.2429122925,70165,70175,10
13.060790062,80.2430419922,70175,70185,10
13.061340332,80.2432098389,70185,70195,10
13.061920166,80.2433166504,70195,70205,10
13.0624904633,80.2434234619,70205,70215,10
13.0626001358,80.2434387207,70215,70226,11
13.0629901886,80.2435073853,70226,70236,10
13.0636396408,80.2435913086,70236,70246,10
13.0643796921,80.2436218262,70246,70256,10
13.0654001236,80.2436218262,70256,70296,40
13.0654001236,80.2436218262,70296,70306,10
13.0657596588,80.2436218262,70306,70316,10
13.066160202,80.2435302734,70316,70326,10
13.0665597916,80.2433700562,70326,70337,11
13.0670700073,80.2431488037,70337,70347,10
13.0676002502,80.2429122925,70347,70357,10
13.0683002472,80.2426986694,70357,70367,10
13.0689496994,80.2424621582,70367,70377,10
13.0699300766,80.2421417236,70377,70397,20
13.0699300766,80.2421417236,70397,70407,10
13.070110321,80.242149353,70407,70417,10
13.070599556,80.2420120239,70417,70427,10
13.0712003708,80.2417831421,70427,70437,10
13.0718202591,80.2415008545,70437,70448,11
13.0724897385,80.2410583496,70448,70458,10
13.0730895996,80.2408294678,70458,70468,10
13.0736103058,80.2406692505,70468,70478,10
13.0743198395,80.2405471802,70478,70488,10
13.0751600266,80.2405395508,70488,70498,10
13.0760803223,80.2405395508,70498,70508,10
13.076880455,80.2406616211,70508,70518,10
13.0770797729,80.2404098511,70518,70528,10
13.0769901276,80.2399597168,70528,70538,10
13.0768098831,80.2392883301,70538,70548,10
13.0766096115,80.2385025024,70548,70559,11
13.076379776,80.2373809814,70559,70579,20
13.076379776,80.2373809814,70579,70589,10
13.0763702393,80.237159729,70589,70599,10
13.076259613,80.2366333008,70599,70609,10
13.0761699677,80.2359008789,70609,70619,10
13.0759496689,80.2349472046,70619,70629,10
13.0757598877,80.2342987061,70629,70639,10
13.0757198334,80.2341766357,70639,70655,16
13.0757703781,80.2339477539,70655,70667,12
13.076379776,80.2338104248,70667,70676,9
13.0770397186,80.2337265015,70676,70688,12
13.0780000687,80.2335968018,70688,70698,10
13.0788097382,80.2335662842,70698,70708,10
13.0794401169,80.2335662842,70708,70716,8
13.0802402496,80.2335510254,70716,70737,21
13.0802402496,80.2335510254,70737,70748,11
13.0807199478,80.2335662842,70748,70758,10
13.081410408,80.2335968018,70758,70768,10
13.0818996429,80.233581543,70768,70778,10
13.081990242,80.2331314087,70778,70789,11
13.0821399689,80.2323379517,70789,70799,10
13.082400322,80.2315597534,70799,70809,10
13.0824604034,80.2313995361,70809,70819,10
13.0826101303,80.2311019897,70819,70829,10
13.0828399658,80.2306976318,70829,70839,10
13.0830698013,80.2309188843,70839,70849,10
13.0831203461,80.2316207886,70849,70859,10
13.0831899643,80.232460022,70859,70869,10
13.0833597183,80.2331237793,70869,70879,10
13.0834197998,80.2334594727,70879,70889,10
13.0834197998,80.2334671021,70889,70900,11
13.0834999084,80.2338409424,70900,70910,10
13.0839500427,80.2340087891,70910,70930,20
13.0839500427,80.2340087891,70930,70940,10
13.0841197968,80.2340393066,70940,70958,18
13.08452034,80.234161377,70958,70970,12
13.0851402283,80.2342834473,70970,70980,10
13.0858201981,80.2344589233,70980,70990,10
13.0862798691,80.2345428467,70990,71000,10
13.0868501663,80.2345962524,71000,71011,11
13.0875997543,80.2345428467,71011,71020,9
13.0878896713,80.2339935303,71020,71031,11
13.0880298615,80.2331237793,71031,71041,10
13.0882701874,80.2321395874,71041,71051,10
13.0884895325,80.2314071655,71051,71061,10
13.0888795853,80.2305297852,71061,71081,20
13.0888795853,80.2305297852,71081,71091,10
13.0890703201,80.230140686,71091,71101,10
13.0894498825,80.2294769287,71101,71111,10
13.0900802612,80.228729248,71111,71122,11
13.090760231,80.2279968262,71122,71132,10
13.0911798477,80.2275390625,71132,71142,10
13.0914001465,80.2273025513,71142,71152,10
13.0914201736,80.2272796631,71152,71162,10
13.0916795731,80.2270278931,71162,71172,10
13.0921001434,80.2265930176,71172,71182,10
13.0926799774,80.2259979248,71182,71192,10
13.0932998657,80.2253570557,71192,71202,10
13.093580246,80.2250366211,71202,71212,10
13.0939702988,80.2245635986,71212,71222,10
13.0944404602,80.2239685059,71222,71233,11
13.0949296951,80.2232208252,71233,71243,10
13.095199585,80.2225418091,71243,71253,10
13.0952301025,80.2224807739,71253,71263,10
13.0952796936,80.2223968506,71263,71273,10
13.0954198837,80.2220230103,71273,71283,10
13.0956296921,80.2214202881,71283,71293,10
13.095870018,80.2207794189,71293,71303,10
13.0960998535,80.2201309204,71303,71313,10
13.0963001251,80.2194595337,71313,71323,10
13.0963096619,80.2194366455,71323,71333,10
13.0963802338,80.2192687988,71333,71344,11
13.0965003967,80.2189865112,71344,71354,10
13.096619606,80.2185974121,71354,71364,10
13.0968103409,80.2180023193,71364,71374,10
13.0970497131,80.217300415,71374,71384,10
13.0973300934,80.2165603638,71384,71394,10
13.0976400375,80.2158432007,71394,71404,10
13.0979604721,80.2151107788,71404,71414,10
13.0980796814,80.2148132324,71414,71424,10
13.09815979,80.214630127,71424,71434,10
13.0982704163,80.2143630981,71434,71444,10
13.0983800888,80.2141265869,71444,71515,71
13.0983800888,80.2141265869,71515,71525,10
13.0985202789,80.2139968872,71525,71535,10
13.0988197327,80.2141418457,71535,71545,10
13.0992298126,80.214302063,71545,71555,10
13.0997600555,80.2144622803,71555,71566,11
13.1002902985,80.2146072388,71566,71606,40
13.1002902985,80.2146072388,71606,71616,10
13.100399971,80.2146911621,71616,71626,10
13.1005601883,80.2148284912,71626,71636,10
13.1004400253,80.2150421143,71636,71646,10
13.1002101898,80.2155609131,71646,71656,10
13.0999403,80.2161331177,71656,71666,10
13.0999002457,80.2158737183,71666,71677,11
13.1000699997,80.215461731,71677,71687,10
13.1002197266,80.2151031494,71687,71697,10
13.1001996994,80.2147598267,71697,72938,1241
13.1001996994,80.2147598267,72938,72948,10
13.1000003815,80.2145004272,72948,72958,10
13.0997695923,80.2144393921,72958,72968,10
13.0992803574,80.2143096924,72968,72978,10
13.0987195969,80.2141265869,72978,72988,10
13.0984401703,80.2140884399,72988,72998,10
13.0982999802,80.2143630981,72998,73008,10
13.0980501175,80.2149124146,73008,73019,11
13.0977201462,80.2156524658,73019,73029,10
13.0974597931,80.2162780762,73029,73039,10
13.0972995758,80.2167205811,73039,73049,10
13.0972700119,80.2167816162,73049,73059,10
13.0971298218,80.2171173096,73059,73069,10
13.0968599319,80.2178497314,73069,73079,10
13.0965795517,80.21875,73079,73089,10
13.0964403152,80.2192001343,73089,73099,10
13.0962095261,80.2198181152,73099,73109,10
13.0958995819,80.2206878662,73109,73119,10
13.0956602097,80.2213973999,73119,73130,11
13.0953798294,80.2221984863,73130,73140,10
13.0950202942,80.2231521606,73140,73150,10
13.0943698883,80.2241210938,73150,73160,10
13.0937099457,80.2249832153,73160,73170,10
13.0931596756,80.2255783081,73170,73180,10
13.0924196243,80.22631073,73180,73190,10
13.0916996002,80.2270507813,73190,73200,10
13.0911798477,80.2276382446,73200,73210,10
13.0911102295,80.2276992798,73210,73220,10
13.0908403397,80.2279891968,73220,73230,10
13.0906095505,80.2282409668,73230,73241,11
13.0899801254,80.2288970947,73241,73251,10
13.0893697739,80.2296676636,73251,73261,10
13.0890903473,80.2302017212,73261,73271,10
13.088760376,80.2309188843,73271,73291,20
13.088760376,80.2309188843,73291,73301,10
13.0886697769,80.2311630249,73301,73311,10
13.0884895325,80.2316131592,73311,73321,10
13.0882501602,80.232383728,73321,73331,10
13.0880203247,80.2333221436,73331,73341,10
13.0879201889,80.2341995239,73341,73352,11
13.0874204636,80.2345733643,73352,73362,10
13.0867700577,80.2345581055,73362,73372,10
13.086139679,80.2344894409,73372,73388,16
13.0851097107,80.2342376709,73388,73400,12
13.0841999054,80.234046936,73400,73410,10
13.0838003159,80.2339477539,73410,73419,9
13.0835800171,80.2339172363,73419,73430,11
13.08314991,80.2338485718,73430,73440,10
13.0825901031,80.2337188721,73440,73450,10
13.0821199417,80.2336425781,73450,73460,10
13.0820703506,80.2336273193,73460,73471,11
13.0817899704,80.2335662842,73471,73481,10
13.0812101364,80.233581543,73481,73491,10
13.0807104111,80.2335586548,73491,73501,10
13.0800104141,80.233581543,73501,73511,10
13.0795001984,80.2335662842,73511,73521,10
13.0794696808,80.2335662842,73521,73531,10
13.079079628,80.2335968018,73531,73541,10
13.0785198212,80.2336120605,73541,73551,10
13.0777997971,80.2336425781,73551,73561,10
13.0771198273,80.2337188721,73561,73572,11
13.0763301849,80.2338485718,73572,73582,10
13.0757904053,80.234046936,73582,73592,10
13.0758399963,80.2344589233,73592,73602,10
13.0760002136,80.2351837158,73602,73612,10
13.0761899948,80.2361221313,73612,73622,10
13.0763702393,80.2370910645,73622,73632,10
13.0764598846,80.2373733521,73632,73642,10
13.076499939,80.2375183105,73642,73652,10
13.0765800476,80.2378921509,73652,73662,10
13.0766000748,80.2380218506,73662,73672,10
13.0767002106,80.238571167,73672,73683,11
13.0769100189,80.2394638062,73683,73693,10
13.0770998001,80.2402801514,73693,73702,9
13.0771303177,80.2404327393,73702,73713,11
13.0771398544,80.2405471802,73713,73723,10
13.0772800446,80.2410583496,73723,73732,9
13.0773601532,80.2415771484,73732,73743,11
13.0775403976,80.2423171997,73743,73753,10
13.0776796341,80.2432403564,73753,73763,10
13.0777301788,80.2440795898,73763,73773,10
13.0777797699,80.2449188232,73773,73783,10
13.0778398514,80.2458114624,73783,73794,11
13.0780000687,80.246963501,73794,73804,10
13.0782003403,80.2480316162,73804,73814,10
13.0784301758,80.2489471436,73814,73824,10
13.0785999298,80.2496795654,73824,73834,10
13.0785198212,80.2504272461,73834,73844,10
13.0784597397,80.2512512207,73844,73854,10
13.0783500671,80.251701355,73854,73864,10
13.077750206,80.2518234253,73864,73874,10
13.0768299103,80.251991272,73874,73884,10
13.075799942,80.2521820068,73884,73894,10
13.0749397278,80.2522506714,73894,73905,11
13.0743198395,80.2522506714,73905,73915,10
13.0738601685,80.2523498535,73915,73925,10
13.0733203888,80.2524490356,73925,73935,10
13.0727396011,80.2524337769,73935,73945,10
13.0721998215,80.2520523071,73945,73955,10
13.0720596313,80.2512283325,73955,73964,9
13.0718898773,80.2507476807,73964,73975,11
13.0717000961,80.2501831055,73975,73984,9
13.0715103149,80.2495574951,73984,73994,10
13.0713796616,80.2487716675,73994,74005,11
13.071149826,80.2479400635,74005,74016,11
13.0707502365,80.2469787598,74016,74026,10
13.0703201294,80.2461013794,74026,74036,10
13.0698900223,80.2451324463,74036,74046,10
13.0695199966,80.244102478,74046,74056,10
13.0692501068,80.2433624268,74056,74076,20
13.0692501068,80.2433624268,74076,74086,10
13.0691604614,80.2431030273,74086,74096,10
13.0690002441,80.2426071167,74096,74106,10
13.0684299469,80.2426528931,74106,74116,10
13.0676403046,80.2428817749,74116,74127,11
13.0667104721,80.2433013916,74127,74137,10
13.0661296844,80.243637085,74137,74147,10
13.0661001205,80.2443389893,74147,74156,9
13.0662498474,80.2451477051,74156,74167,11
13.0665903091,80.2459869385,74167,74177,10
13.0673599243,80.2463226318,74177,74187,10
13.0677604675,80.2465286255,74187,74197,10
13.0678100586,80.2466278076,74197,74207,10
13.0678596497,80.2472229004,74207,74217,10
13.0678100586,80.2478179932,74217,74227,10
13.067150116,80.2479171753,74227,74238,11
13.066069603,80.2478485107,74238,74248,10
13.0649795532,80.2477798462,74248,74258,10
13.0638904572,80.2477035522,74258,74268,10
13.0629501343,80.2476806641,74268,74278,10
13.0619602203,80.2476577759,74278,74288,10
13.0613203049,80.2471008301,74288,74298,10
13.0616598129,80.2466430664,74298,74308,10
13.0618000031,80.2461013794,74308,74318,10
13.0620603561,80.245300293,74318,74328,10
13.0626602173,80.2447891235,74328,74338,10
13.0630903244,80.2443237305,74338,74349,11
13.0631599426,80.2442169189,74349,74359,10
13.0633497238,80.2438812256,74359,74369,10
13.0632801056,80.2435379028,74369,74379,10
13.0628404617,80.2434463501,74379,74389,10
13.0624504089,80.2433700562,74389,74399,10
13.061920166,80.2432785034,74399,74409,10
13.0613002777,80.2431716919,74409,74419,10
13.0607500076,80.2429962158,74419,74429,10
13.0602798462,80.2428512573,74429,74439,10
13.0596399307,80.2426300049,74439,74449,10
13.0589599609,80.2425918579,74449,74460,11
13.0586500168,80.2426605225,74460,74470,10
13.0581703186,80.2427825928,74470,74480,10
13.0573797226,80.2428970337,74480,74490,10
13.056599617,80.242729187,74490,74500,10
13.0559501648,80.2424087524,74500,74510,10
13.0550804138,80.2423477173,74510,74520,10
13.0541696548,80.2423782349,74520,74529,9
13.0537004471,80.2422790527,74529,74540,11
13.0536003113,80.2422180176,74540,74550,10
13.0530996323,80.2419509888,74550,74560,10
13.0524597168,80.2416610718,74560,74571,11
13.0520601273,80.2410507202,74571,74581,10
13.051779747,80.2407608032,74581,74591,10
13.0513296127,80.2406768799,74591,74601,10
13.0511703491,80.2406463623,74601,74611,10
13.0509500504,80.2405929565,74611,74621,10
13.0508499146,80.2405776978,74621,74631,10
13.0504598618,80.2405014038,74631,74641,10
13.0499200821,80.2403793335,74641,74651,10
13.0499000549,80.2403793335,74651,74661,10
13.0495595932,80.2403106689,74661,74671,10
13.049030304,80.2401885986,74671,74682,11
13.0484399796,80.2400588989,74682,74692,10
13.0477695465,80.2399368286,74692,74702,10
13.0470695496,80.2397994995,74702,74712,10
13.0462198257,80.2395935059,74712,74742,30
13.0462198257,80.2395935059,74742,74752,10
13.046210289,80.2393493652,74752,74762,10
13.046330452,80.2388534546,74762,74772,10
13.0464601517,80.2382202148,74772,74782,10
13.046620369,80.2374572754,74782,74793,11
13.0468101501,80.2365570068,74793,74803,10
13.0469198227,80.2360076904,74803,74813,10
13.0469799042,80.2356414795,74813,74823,10
13.0470304489,80.235206604,74823,74833,10
13.0471200943,80.2344207764,74833,74843,10
13.0472002029,80.2335662842,74843,74853,10
13.0472002029,80.2331314087,74853,74863,10
13.0468196869,80.233039856,74863,74872,9
13.0463600159,80.2329177856,74872,74882,10
13.0457496643,80.2328033447,74882,74893,11
13.045129776,80.2326812744,74893,74904,11
13.0451202393,80.232673645,74904,74914,10
13.0449895859,80.2325973511,74914,74924,10
13.0445995331,80.2325363159,74924,74934,10
13.0438995361,80.2324066162,74934,74944,10
13.0431699753,80.2323608398,74944,74954,10
13.0424604416,80.2323608398,74954,74964,10
13.0417203903,80.2322921753,74964,74974,10
13.0408000946,80.2320632935,74974,74984,10
13.0399103165,80.2317428589,74984,74994,10
13.0390701294,80.2315216064,74994,75004,10
13.0381803513,80.231262207,75004,75015,11
13.037229538,80.23097229,75015,75025,10
13.0367298126,80.2308807373,75025,75035,10
13.03647995,80.230758667,75035,75045,10
13.035900116,80.2305526733,75045,75054,9
13.0352201462,80.2303466797,75054,75126,72
13.0352201462,80.2303466797,75126,75136,10
13.0351495743,80.2302780151,75136,75146,10
13.0347995758,80.2302703857,75146,75156,10
13.0343103409,80.2303924561,75156,75166,10
13.0338201523,80.23046875,75166,75176,10
13.0334396362,80.2304992676,75176,75186,10
13.0333995819,80.230506897,75186,75196,10
13.0330896378,80.2305221558,75196,75206,10
13.0327997208,80.2305603027,75206,75216,10
13.0323400497,80.2305984497,75216,75226,10
13.0316400528,80.230682373,75226,75237,11
13.0308103561,80.230758667,75237,75247,10
13.0303401947,80.230796814,75247,75257,10
13.029800415,80.2308578491,75257,75267,10
13.0297002792,80.2308807373,75267,75277,10
13.0293397903,80.2309417725,75277,75287,10
13.0287103653,80.2310028076,75287,75297,10
13.0280199051,80.2311019897,75297,75307,10
13.0276298523,80.2311477661,75307,75317,10
13.0276203156,80.2316513062,75317,75327,10
13.0277099609,80.2321777344,75327,75337,10
13.0277996063,80.2328414917,75337,75348,11
13.0273799896,80.2329483032,75348,75358,10
13.0273704529,80.2329483032,75358,75368,10
13.0272798538,80.2330093384,75368,75378,10
13.0269403458,80.2330474854,75378,75388,10
13.0266895294,80.2330780029,75388,75398,10
13.0263204575,80.2329025269,75398,75408,10
13.0260696411,80.2321777344,75408,75418,10
13.0258798599,80.2313995361,75418,75428,10
13.0255403519,80.2304916382,75428,75438,10
13.0250196457,80.2297210693,75438,75448,10
13.0246095657,80.2291793823,75448,75459,11
13.0242004395,80.2286224365,75459,75469,10
13.023900032,80.2283172607,75469,75479,10
13.0237197876,80.2280578613,75479,75489,10
13.0234603882,80.2277908325,75489,75499,10
13.0231704712,80.2275085449,75499,75509,10
13.0226802826,80.2270278931,75509,75519,10
13.0220098495,80.2264099121,75519,75529,10
13.0211801529,80.225769043,75529,75539,10
13.0203199387,80.225151062,75539,75549,10
13.0193195343,80.2245483398,75549,75559,10
13.0181503296,80.2247619629,75559,75570,11
13.0169296265,80.2252807617,75570,75580,10
13.0163297653,80.2255401611,75580,75590,10
13.0157499313,80.2257385254,75590,75600,10
13.0151100159,80.2259979248,75600,75610,10
13.0144796371,80.2262191772,75610,75620,10
13.0141401291,80.226348877,75620,75630,10
13.0139198303,80.2264709473,75630,75640,10
13.013420105,80.2266616821,75640,75656,16
13.0119800568,80.2272186279,75656,75668,12
13.0107402802,80.2277069092,75668,75676,8
13.0099000931,80.2280426025,75676,75689,13
13.0089998245,80.2288894653,75689,75699,10
13.0087795258,80.2300262451,75699,75709,10
13.0085496902,80.2312088013,75709,75719,10
13.0083398819,80.232383728,75719,75729,10
13.0081996918,80.2333679199,75729,75739,10
13.0081501007,80.2337188721,75739,75749,10
13.008099556,80.2338867188,75749,75759,10
13.0080099106,80.2343978882,75759,75769,10
13.0078401566,80.2351913452,75769,75779,10
13.0076398849,80.2361221313,75779,75789,10
13.0074100494,80.2372589111,75789,75800,11
13.0072002411,80.2384185791,75800,75810,10
13.0070800781,80.2391281128,75810,75820,10
13.0069904327,80.2395706177,75820,75860,40
13.0069904327,80.2395706177,75860,75870,10
13.0069303513,80.239982605,75870,75880,10
13.006819725,80.2405776978,75880,75890,10
13.006770134,80.2410964966,75890,75900,10
13.0067300797,80.2411575317,75900,75911,11
13.0066995621,80.2416381836,75911,75921,10
13.0066900253,80.2423782349,75921,75931,10
13.0066604614,80.2431869507,75931,75941,10
13.0066795349,80.2440032959,75941,75951,10
13.0066795349,80.2449798584,75951,75961,10
13.0066795349,80.2457962036,75961,75971,10
13.0066795349,80.2460784912,75971,75981,10
13.0066900253,80.246421814,75981,75991,10
13.0067100525,80.246963501,75991,76001,10
13.0066900253,80.2477416992,76001,76011,10
13.0066995621,80.248588562,76011,76022,11
13.0067596436,80.2491607666,76022,76032,10
13.0067996979,80.2494125366,76032,76042,10
13.0067996979,80.2499084473,76042,76052,10
13.0067596436,80.2503890991,76052,76062,10
13.0067796707,80.2510299683,76062,76072,10
13.0067300797,80.2516174316,76072,76082,10
13.0065898895,80.2522583008,76082,76092,10
13.0065097809,80.2529830933,76092,76102,10
13.0065097809,80.2537384033,76102,76112,10
13.0065202713,80.2544784546,76112,76122,10
13.0065402985,80.2551574707,76122,76133,11
13.0065603256,80.256187439,76133,76143,10
13.0066204071,80.2574615479,76143,76244,101
13.0066204071,80.2574615479,76244,76254,10
13.0066795349,80.2575683594,76254,76264,10
13.0061597824,80.25756073,76264,76274,10
13.005490303,80.2574234009,76274,76284,10
13.0046901703,80.257232666,76284,76294,10
13.0039396286,80.2570800781,76294,76304,10
13.0031299591,80.2569198608,76304,76314,10
13.0025501251,80.2568206787,76314,76324,10
13.0022602081,80.2567596436,76324,76334,10
13.0017595291,80.2566986084,76334,76344,10
13.0011196136,80.2566223145,76344,76355,11
13.0003299713,80.2565002441,76355,76365,10
12.9996404648,80.256401062,76365,76375,10
12.9991502762,80.2562789917,76375,76385,10
12.9989099503,80.2562179565,76385,76395,10
12.9984703064,80.2561264038,76395,76405,10
12.998169899,80.2560806274,76405,76415,10
12.9979600906,80.2560577393,76415,76425,10
12.9977502823,80.256072998,76425,76435,10
12.997590065,80.256072998,76435,76445,10
12.997300148,80.2560577393,76445,76455,10
12.9969501495,80.256072998,76455,76466,11
12.9968299866,80.2565002441,76466,76476,10
12.9967803955,80.2568588257,76476,76486,10
12.9967498779,80.2573013306,76486,76496,10
12.9966697693,80.2578887939,76496,76506,10
12.9966201782,80.2585220337,76506,76516,10
12.9965600967,80.2589416504,76516,76526,10
12.9964799881,80.2596206665,76526,76536,10
12.996430397,80.2602310181,76536,76546,10
12.9963598251,80.2609100342,76546,76556,10
12.9962797165,80.2615966797,76556,76566,10
12.9962301254,80.2620620728,76566,76577,11
12.996219635,80.26222229,76577,76587,10
12.9961595535,80.2624588013,76587,76597,10
12.9961004257,80.2629013062,76597,76607,10
12.9960603714,80.2633972168,76607,76617,10
12.9960203171,80.263999939,76617,76627,10
12.9959201813,80.2648010254,76627,76637,10
12.9958200455,80.2657089233,76637,76647,10
12.9957103729,80.2666320801,76647,76657,10
12.9956502914,80.2674026489,76657,76667,10
12.9957304001,80.2677764893,76667,76684,17
12.9960803986,80.2677993774,76684,76696,12
12.9966497421,80.2678070068,76696,76706,10
12.9971904755,80.2676925659,76706,76716,10
12.9979000092,80.2674789429,76716,76725,9
12.9984102249,80.2673416138,76725,76736,11
12.9990100861,80.2671737671,76736,76746,10
12.999710083,80.2669525146,76746,76754,8
12.9999704361,80.2667770386,76754,76766,12
12.9999799728,80.2667694092,76766,76776,10
13.0000495911,80.2666320801,76776,76786,10
13.0001096725,80.2662582397,76786,76797,11
13.0001802444,80.2657775879,76797,76807,10
13.0003004074,80.2658233643,76807,76817,10
13.0002202988,80.2661209106,76817,76827,10
13.0001602173,80.2664108276,76827,77876,1049
13.0001602173,80.2664108276,77876,77886,10
13.0002698898,80.2666168213,77886,77896,10
13.0002803802,80.2667312622,77896,77907,11
13.000169754,80.2668533325,77907,77917,10
12.9997901917,80.2669830322,77917,77927,10
12.9992198944,80.2671203613,77927,77937,10
12.9986600876,80.2672576904,77937,77947,10
12.9981002808,80.2674179077,77947,77957,10
12.9975996017,80.2675170898,77957,77967,10
12.997010231,80.2677230835,77967,77976,9
12.996339798,80.2677078247,77976,77987,11
12.9957199097,80.2676696777,77987,77996,9
12.9956502914,80.2673416138,77996,78018,22
12.9956502914,80.2673416138,78018,78028,10
12.9956703186,80.2671508789,78028,78038,10
12.9956903458,80.2666473389,78038,78048,10
12.9957704544,80.26587677,78048,78058,10
12.9958600998,80.2650222778,78058,78068,10
12.9959602356,80.2641677856,78068,78078,10
12.9960203171,80.2633972168,78078,78088,10
12.9960803986,80.2627716064,78088,78098,10
12.9961099625,80.2625274658,78098,78108,10
12.9961500168,80.2624435425,78108,78118,10
12.9961795807,80.2621383667,78118,78129,11
12.9962396622,80.2617111206,78129,78139,10
12.9962701797,80.2611999512,78139,78149,10
12.9963502884,80.2604522705,78149,78159,10
12.9964199066,80.2597885132,78159,78169,10
12.9964399338,80.2596817017,78169,78179,10
12.9964504242,80.2593536377,78179,78189,10
12.9965295792,80.2587432861,78189,78199,10
12.9966201782,80.2579498291,78199,78209,10
12.9967002869,80.2571563721,78209,78219,10
12.9967603683,80.2565002441,78219,78229,10
12.9968004227,80.2560577393,78229,78240,11
12.9968299866,80.2558822632,78240,78250,10
12.9970703125,80.255821228,78250,78260,10
12.997590065,80.255859375,78260,78270,10
12.9987602234,80.2559661865,78270,78300,30
12.9987602234,80.2559661865,78300,78310,10
12.9989900589,80.2560424805,78310,78340,30
12.9989900589,80.2560424805,78340,78351,11
12.9993400574,80.256111145,78351,78361,10
12.9998703003,80.2562332153,78361,78371,10
13.0006198883,80.2563781738,78371,78381,10
13.0013904572,80.2565078735,78381,78391,10
13.0021400452,80.2566299438,78391,78401,10
13.0029602051,80.2567901611,78401,78411,10
13.0037603378,80.256942749,78411,78421,10
13.0045900345,80.2571029663,78421,78431,10
13.0054197311,80.257270813,78431,78441,10
13.0061302185,80.2573623657,78441,78462,21
13.0061302185,80.2573623657,78462,78472,10
13.0062503815,80.2573928833,78472,78482,10
13.0064897537,80.2573394775,78482,78492,10
13.0065002441,80.2569198608,78492,78502,10
13.0064601898,80.2563095093,78502,78512,10
13.0064496994,80.2555618286,78512,78522,10
13.0064897537,80.2548599243,78522,78532,10
13.0064601898,80.2542190552,78532,78542,10
13.0065002441,80.2533569336,78542,78552,10
13.0064897537,80.2532196045,78552,78562,10
13.0064601898,80.2526168823,78562,78613,51
13.0064601898,80.2526168823,78613,78623,10
13.0064601898,80.252532959,78623,78633,10
13.0065097809,80.2520980835,78633,78694,61
13.0065097809,80.2520980835,78694,78704,10
13.0066204071,80.2517929077,78704,78714,10
13.0066795349,80.2514724731,78714,78724,10
13.0066795349,80.2508773804,78724,78734,10
13.0066604614,80.2500305176,78734,78744,10
13.006649971,80.2490615845,78744,78754,10
13.0065698624,80.2482070923,78754,78764,10
13.006529808,80.2475967407,78764,78815,51
13.006529808,80.2475967407,78815,78825,10
13.0065803528,80.2474975586,78825,78835,10
13.0066003799,80.2471389771,78835,78845,10
13.0065603256,80.2466964722,78845,78855,10
13.0065402985,80.2465362549,78855,78865,10
13.0065603256,80.2464370728,78865,78875,10
13.0065803528,80.2459793091,78875,78885,10
13.0065803528,80.2452468872,78885,78895,10
13.0065402985,80.2445831299,78895,78906,11
13.006529808,80.2439575195,78906,78916,10
13.0065202713,80.2431869507,78916,78926,10
13.0065002441,80.2422866821,78926,78936,10
13.006480217,80.2417297363,78936,78946,10
13.0065002441,80.241569519,78946,78956,10
13.0065097809,80.2410202026,78956,78966,10
13.0066204071,80.2402420044,78966,78976,10
13.006770134,80.2393188477,78976,78986,10
13.0069904327,80.23828125,78986,78996,10
13.0072002411,80.2375106812,78996,79006,10
13.0073204041,80.2367782593,79006,79017,11
13.0073699951,80.2366485596,79017,79027,10
13.0074901581,80.2363204956,79027,79037,10
13.0076198578,80.2357177734,79037,79047,10
13.0077800751,80.2349319458,79047,79057,10
13.0079803467,80.2339782715,79057,79067,10
13.0082197189,80.2329101563,79067,79077,10
13.0084400177,80.2317199707,79077,79086,9
13.0086297989,80.2306594849,79086,79097,11
13.0088796616,80.2293395996,79097,79107,10
13.0091400146,80.2281723022,79107,79117,10
13.0095796585,80.2271270752,79117,79129,12
13.0101203918,80.2259902954,79129,79139,10
13.0104598999,80.2253189087,79139,79149,10
13.0105400085,80.2251663208,79149,79159,10
13.0105800629,80.2250823975,79159,79169,10
13.0107603073,80.2246780396,79169,79179,10
13.0109996796,80.2240600586,79179,79189,10
13.0112400055,80.2234573364,79189,79209,20
13.0112400055,80.2234573364,79209,79219,10
13.0112400055,80.2232437134,79219,79229,10
13.0114002228,80.2228469849,79229,79240,11
13.0116500854,80.2221374512,79240,79250,10
13.0119800568,80.2214202881,79250,79260,10
13.0122203827,80.2213668823,79260,79270,10
13.0123996735,80.2216262817,79270,79280,10
13.0128002167,80.2221908569,79280,79290,10
13.0132799149,80.2227325439,79290,79300,10
13.0138196945,80.2233581543,79300,79310,10
13.0143098831,80.2238998413,79310,79320,10
13.0148096085,80.2244567871,79320,79330,10
13.0151500702,80.2247390747,79330,79340,10
13.0153598785,80.2249069214,79340,79351,11
13.0153799057,80.2249221802,79351,79361,10
13.0156698227,80.2251586914,79361,79371,10
13.0163602829,80.2252807617,79371,79381,10
13.0172796249,80.224937439,79381,79391,10
13.0181999207,80.2245788574,79391,79401,10
13.0191001892,80.2242965698,79401,79411,10
13.0198497772,80.2245483398,79411,79421,10
13.0204000473,80.2249832153,79421,79431,10
13.0209197998,80.2253570557,79431,79441,10
13.021320343,80.225692749,79441,79451,10
13.021900177,80.2260971069,79451,79472,21
13.021900177,80.2260971069,79472,79482,10
13.0219898224,80.2261810303,79482,79492,10
13.0223798752,80.2265396118,79492,79502,10
13.0229797363,80.2270812988,79502,79512,10
13.0235700607,80.2276611328,79512,79522,10
13.0241003036,80.2282409668,79522,79532,10
13.0244998932,80.2287063599,79532,79552,20
13.0244998932,80.2287063599,79552,79562,10
13.0245704651,80.2287902832,79562,79573,11
13.0248298645,80.2291793823,79573,79583,10
13.0252504349,80.2297515869,79583,79593,10
13.0256795883,80.2304077148,79593,79603,10
13.0259599686,80.2311019897,79603,79623,20
13.0259599686,80.2311019897,79623,79633,10
13.0259599686,80.2312393188,79633,79643,10
13.0262403488,80.231338501,79643,79653,10
13.026889801,80.2311630249,79653,79663,10
13.0277004242,80.2309799194,79663,79673,10
13.0284204483,80.2308807373,79673,79684,11
13.0284996033,80.2308807373,79684,79694,10
13.0287399292,80.2308578491,79694,79704,10
13.0292100906,80.2308273315,79704,79720,16
13.0297899246,80.2307815552,79720,79732,12
13.0304403305,80.2307281494,79732,79742,10
13.0308303833,80.2306976318,79742,79750,8
13.0315198898,80.2306289673,79750,79762,12
13.0322504044,80.2305831909,79762,79772,10
13.0329999924,80.2305221558,79772,79782,10
13.0337295532,80.23046875,79782,79791,9
13.0343399048,80.2303924561,79791,79835,44
13.0343399048,80.2303924561,79835,79845,10
13.0347099304,80.2303009033,79845,79875,30
13.0347099304,80.2303009033,79875,79885,10
13.0348997116,80.2303924561,79885,79895,10
13.0349302292,80.2305526733,79895,79906,11
13.0348901749,80.23097229,79906,79916,10
13.0347995758,80.2315979004,79916,79926,10
13.0346803665,80.2324676514,79926,79936,10
13.0345802307,80.2332992554,79936,79946,10
13.0344495773,80.2340393066,79946,79956,10
13.0343599319,80.2347717285,79956,79966,10
13.0342502594,80.2355728149,79966,79976,10
13.0341596603,80.2365570068,79976,79986,10
13.0342798233,80.2373809814,79986,79996,10
13.0346298218,80.237953186,79996,80006,10
13.0350399017,80.2386474609,80006,80017,11
13.0353803635,80.2391967773,80017,80027,10
13.0356397629,80.2393569946,80027,80037,10
13.0361700058,80.2394332886,80037,80047,10
13.0369100571,80.2395095825,80047,80057,10
13.0377902985,80.2396087646,80057,80067,10
13.0386800766,80.2397003174,80067,80077,10
13.0395402908,80.2398071289,80077,80087,10
13.0402402878,80.2398986816,80087,80107,20
13.0402402878,80.2398986816,80107,80117,10
13.0403795242,80.2401504517,80117,80128,11
13.04047966,80.2405014038,80128,80138,10
13.0408496857,80.240562439,80138,80148,10
13.0410003662,80.2405929565,80148,80158,10
13.0411701202,80.2406234741,80158,80168,10
13.0417203903,80.2406768799,80168,80178,10
13.0424404144,80.2407684326,80178,80188,10
13.0430803299,80.240852356,80188,80198,10
13.0438699722,80.2409286499,80198,80208,10
13.0448503494,80.2403030396,80208,80269,61
13.0448503494,80.2403030396,80269,80279,10
13.0451498032,80.2401199341,80279,80289,10
13.045630455,80.2397918701,80289,80299,10
13.0462598801,80.2395172119,80299,80309,10
13.0465202332,80.2395706177,80309,80319,10
13.0467500687,80.239616394,80319,80329,10
13.0472297668,80.2397232056,80329,80339,10
13.0479297638,80.2398681641,80339,80350,11
13.0486803055,80.240020752,80350,80360,10
13.0494098663,80.2401809692,80360,80370,10
13.0501203537,80.2403411865,80370,80380,10
13.0509195328,80.2405014038,80380,80390,10
13.0512104034,80.240562439,80390,80400,10
13.0514602661,80.2406234741,80400,80410,10
13.052069664,80.2407684326,80410,80420,10
13.0524396896,80.2410202026,80420,80430,10
13.0525903702,80.2415618896,80430,80440,10
13.0531597137,80.2418823242,80440,80450,10
13.053560257,80.2420806885,80450,80460,10
13.0535802841,80.2420806885,80460,80471,11
13.0537900925,80.2421569824,80471,80487,16
13.0538797379,80.2422027588,80487,80499,12
13.0543203354,80.2423171997,80499,80507,8
13.0548496246,80.2423019409,80507,80519,12
13.0557498932,80.2422714233,80519,80529,10
13.0563001633,80.2425079346,80529,80539,10
13.0567502975,80.2425994873,80539,80549,10
13.057220459,80.2427902222,80549,80559,10
13.0577602386,80.2427368164,80559,80569,10
13.0577802658,80.2427368164,80569,80580,11
13.0579795837,80.242729187,80580,80590,10
13.0585298538,80.2425994873,80590,80600,10
13.0592098236,80.242477417,80600,80610,10
13.0599603653,80.2426834106,80610,80620,10
13.060669899,80.2429199219,80620,80630,10
13.0612602234,80.2431030273,80630,80640,10
13.0618600845,80.2432174683,80640,80650,10
13.062379837,80.2433013916,80650,80660,10
13.0624399185,80.2433166504,80660,80670,10
13.0625,80.2433624268,80670,80680,10
13.0628795624,80.2434234619,80680,80691,11
13.0636196136,80.2434997559,80691,80701,10
13.0643196106,80.2435379028,80701,80711,10
13.0652198792,80.2435379028,80711,80721,10
13.0660800934,80.2434387207,80721,80731,10
13.0666103363,80.2432785034,80731,80741,10
13.0671796799,80.243019104,80741,80751,10
13.067700386,80.2427978516,80751,80761,10
13.0685195923,80.2425689697,80761,80771,10
13.0689001083,80.2423934937,80771,80781,10
13.0690097809,80.2423400879,80781,80791,10
13.0690698624,80.2423171997,80791,80802,11
13.0695400238,80.2421798706,80802,80812,10
13.0700101852,80.2420578003,80812,80832,20
13.0700101852,80.2420578003,80832,80842,10
13.0701398849,80.2420425415,80842,80852,10
13.070599556,80.2419128418,80852,80862,10
13.0712404251,80.2416992188,80862,80872,10
13.0719203949,80.2413635254,80872,80882,10
13.0725698471,80.2409362793,80882,80892,10
13.0732803345,80.2406997681,80892,80902,10
13.0739898682,80.2405014038,80902,80913,11
13.0750398636,80.2404632568,80913,80923,10
13.0760803223,80.2404632568,80923,80933,10
13.0768604279,80.2405700684,80933,80943,10
13.0770797729,80.2400970459,80943,80953,10
13.0768699646,80.2393112183,80953,80964,11
13.0766201019,80.2382583618,80964,80974,10
13.0764598846,80.237701416,80974,80984,10
13.0763902664,80.2373428345,80984,81003,19
13.0763902664,80.2373428345,81003,81013,10
13.076379776,80.237121582,81013,81025,12
13.0762500763,80.2364196777,81025,81035,10
13.0761299133,80.2356033325,81035,81045,10
13.075920105,80.2347488403,81045,81055,10
13.0757703781,80.2341003418,81055,81085,30
13.0757703781,80.2341003418,81085,81095,10
13.0758399963,80.233833313,81095,81136,41
13.0758399963,80.233833313,81136,81146,10
13.0762395859,80.2337112427,81146,81156,10
13.0765399933,80.2336730957,81156,81166,10
13.0770902634,80.2335968018,81166,81176,10
13.0778799057,80.2335205078,81176,81186,10
13.0787696838,80.2335128784,81186,81196,10
13.0795602798,80.2334976196,81196,81206,10
13.080280304,80.2334823608,81206,81216,10
13.0803203583,80.2334823608,81216,81226,10
13.0806303024,80.2335205078,81226,81237,11
13.0812997818,80.2335205078,81237,81247,10
13.0818595886,80.2335586548,81247,81257,10
13.0819997787,80.2332229614,81257,81267,10
13.082110405,80.2325363159,81267,81277,10
13.0823698044,80.2317581177,81277,81287,10
13.0827198029,80.2309875488,81287,81297,10
13.0829401016,80.2306594849,81297,81307,10
13.0829801559,80.230682373,81307,81317,10
13.0831298828,80.231010437,81317,81327,10
13.0831604004,80.2317581177,81327,81337,10
13.0832700729,80.2326431274,81337,81348,11
13.083439827,80.2333068848,81348,81358,10
13.0834598541,80.2334899902,81358,81368,10
13.0834999084,80.2337722778,81368,81378,10
13.0839004517,80.2339324951,81378,81388,10
13.0840301514,80.2339630127,81388,81398,10
13.0843200684,80.2340316772,81398,81408,10
13.0848999023,80.2341690063,81408,81418,10
13.085559845,80.234336853,81418,81428,10
13.086350441,80.2345199585,81428,81438,10
13.087220192,80.2345809937,81438,81448,10
13.0879001617,80.2340621948,81448,81459,11
13.088060379,80.2331008911,81459,81469,10
13.0883197784,80.232093811,81469,81479,10
13.08852005,80.2313766479,81479,81489,10
13.0889196396,80.230430603,81489,81509,20
13.0889196396,80.230430603,81509,81519,10
13.0889997482,80.2303085327,81519,81529,10
13.0892000198,80.229888916,81529,81539,10
13.089630127,80.2292175293,81539,81549,10
13.0903196335,80.2284469604,81549,81559,10
13.0913896561,80.2272720337,81559,81580,21
13.0913896561,80.2272720337,81580,81590,10
13.0914201736,80.2272415161,81590,81600,10
13.0916996002,80.2269668579,81600,81610,10
13.0922203064,80.2264404297,81610,81620,10
13.0929203033,80.2257080078,81620,81630,10
13.0932703018,80.2253417969,81630,81640,10
13.0935697556,80.2250213623,81640,81650,10
13.0940599442,80.2244186401,81650,81660,10
13.0947303772,80.2235183716,81660,81670,10
13.0952396393,80.2224578857,81670,81680,10
13.0956401825,80.2213973999,81680,81691,11
13.0959796906,80.2204589844,81691,81701,10
13.0962600708,80.219581604,81701,81711,10
13.0964403152,80.219078064,81711,81721,10
13.0966501236,80.2184524536,81721,81731,10
13.0969400406,80.2176437378,81731,81741,10
13.0972995758,80.2166366577,81741,81751,10
13.0977401733,80.2156066895,81751,81761,10
13.09815979,80.2146377563,81761,81771,10
13.0984897614,80.2139816284,81771,81781,10
13.0989704132,80.2141494751,81781,81791,10
13.0997400284,80.2143630981,81791,81802,11
13.1002197266,80.2145080566,81802,81832,30
13.1002197266,80.2145080566,81832,81842,10
13.100399971,80.2146224976,81842,81852,10
13.1005401611,80.2146606445,81852,81862,10
13.1004695892,80.2149810791,81862,81872,10
13.1002397537,80.2155685425,81872,81882,10
13.0999403,80.2162322998,81882,81892,10
13.0996599197,80.2169876099,81892,81902,10
13.0994796753,80.2177963257,81902,81913,11
13.0993099213,80.2188568115,81913,81923,10
13.0992298126,80.2193527222,81923,81933,10
13.0991201401,80.2199172974,81933,81943,10
13.09897995,80.2207794189,81943,81952,9
13.0988397598,80.2215576172,81952,81964,12
13.0987596512,80.2226715088,81964,81974,10
13.0991802216,80.2234725952,81974,81984,10
13.0995998383,80.2241287231,81984,81994,10
13.0998296738,80.2249603271,81994,82004,10
13.0999403,80.2257003784,82004,82015,11
13.1000499725,80.2265625,82015,82025,10
13.100060463,80.2274017334,82025,82035,10
13.1000003815,80.2282409668,82035,82045,10
13.0999002457,80.2287826538,82045,82055,10
13.0997600555,80.2296524048,82055,82065,10
13.0996799469,80.2300186157,82065,82075,10
13.0994997025,80.2305984497,82075,82085,10
13.0992097855,80.2312927246,82085,82095,10
13.0989198685,80.2319564819,82095,82105,10
13.0987195969,80.2327194214,82105,82115,10
13.0986003876,80.2334976196,82115,82126,11
13.0985298157,80.234161377,82126,82136,10
13.0984601974,80.2348480225,82136,82146,10
13.0983495712,80.2356033325,82146,82156,10
13.0981998444,80.2365493774,82156,82166,10
13.0980596542,80.2374191284,82166,82176,10
13.0978603363,80.2383575439,82176,82186,10
13.0977602005,80.2392272949,82186,82196,10
13.0977096558,80.2398834229,82196,82206,10
13.0976400375,80.2407913208,82206,82216,10
13.0975103378,80.2417221069,82216,82226,10
13.0976295471,80.2421798706,82226,82236,10
13.098279953,80.2423019409,82236,82247,11
13.0987195969,80.2422332764,82247,82257,10
13.0987901688,80.2418136597,82257,82315,58
13.0987901688,80.2418136597,82315,82325,10
13.0988197327,80.2416000366,82325,82335,10
13.0988302231,80.2415771484,82335,82345,10
13.0989198685,80.2412261963,82345,82364,19
13.0989198685,80.2412261963,82364,82375,11
13.0991096497,80.2410812378,82375,83082,707
13.0991096497,80.2410812378,83082,83092,10
13.0990495682,80.2410964966,83092,83102,10
13.0990695953,80.2408599854,83102,83112,10
13.0991401672,80.2405395508,83112,83122,10
13.099149704,80.2401885986,83122,83133,11
13.0989599228,80.2404022217,83133,83284,151
13.0989599228,80.2404022217,83284,83294,10
13.09897995,80.2405395508,83294,83304,10
13.0991001129,80.2406234741,83304,83314,10
13.0990896225,80.2407836914,83314,83324,10
13.0988798141,80.2407836914,83324,84202,878
13.0988798141,80.2407836914,84202,84212,10
13.0989103317,80.2407684326,84212,84222,10
13.0990495682,80.2407836914,84222,84232,10
13.0992603302,80.2406921387,84232,84374,142
13.0992603302,80.2406921387,84374,84384,10
13.0992898941,80.2405090332,84384,84697,313
13.0992898941,80.2405090332,84697,84707,10
13.0993003845,80.2403717041,84707,84717,10
13.0991201401,80.2403182983,84717,84727,10
13.0990200043,80.2405776978,84727,84737,10
