13.0148000717,80.2255401611,17,1805,1788
13.0148000717,80.2255401611,1805,1815,10
13.0148000717,80.2255706787,1815,1865,50
13.0149202347,80.2255020142,1865,2190,325
13.014749527,80.2255630493,2190,2281,91
13.0148897171,80.2254562378,2281,2866,585
13.0148897171,80.2254562378,2866,2876,10
13.0146503448,80.2254486084,2876,2886,10
13.0145196915,80.2251815796,2886,3807,921
13.0144300461,80.224937439,3807,3849,42
13.0146198273,80.2250366211,3849,5061,1212
13.0147304535,80.2250137329,5061,5193,132
13.0146303177,80.2250213623,5193,5607,414
13.0146999359,80.2250518799,5607,5758,151
13.0146198273,80.2250595093,5758,5921,163
13.014670372,80.2250289917,5921,6032,111
13.0146303177,80.2250213623,6032,6112,80
13.0146999359,80.2249603271,6112,6486,374
13.0146198273,80.2250671387,6486,6668,182
13.0145597458,80.2250137329,6668,6909,241
13.0146102905,80.2250900269,6909,7163,254
13.014550209,80.2249526978,7163,8910,1747
13.0146198273,80.2250289917,8910,10752,1842
13.0146198273,80.2250289917,10752,10761,9
13.014670372,80.2250213623,10761,10802,41
13.0145397186,80.2250976563,10802,11479,677
13.0146303177,80.2249603271,11479,12076,597
13.0145998001,80.2250976563,12076,16413,4337
13.0145998001,80.2250976563,16413,16423,10
13.0144395828,80.224937439,16423,16725,302
13.0144395828,80.224937439,16725,16735,10
13.0145702362,80.2250595093,16735,17423,688
13.0146102905,80.2250289917,17423,17857,434
13.0145702362,80.2249526978,17857,20105,2248
13.0146503448,80.2249908447,20105,20266,161
13.0145301819,80.2249832153,20266,20568,302
13.0146198273,80.2250137329,20568,21237,669
13.0145998001,80.2249832153,21237,23713,2476
13.0146398544,80.2250518799,23713,24521,808
13.0146398544,80.2250518799,24521,24531,10
13.0144701004,80.2253265381,24531,24541,10
13.0145397186,80.2253799438,24541,24551,10
13.0146598816,80.2255935669,24551,24561,10
13.01445961,80.2257766724,24561,24571,10
13.0142297745,80.2260818481,24571,24591,20
13.0142297745,80.2260818481,24591,24601,10
13.0140104294,80.2263183594,24601,24611,10
13.0136003494,80.2265014648,24611,24621,10
13.0129995346,80.2267379761,24621,24631,10
13.0123901367,80.2269821167,24631,24641,10
13.0117197037,80.2272491455,24641,24654,13
13.0107002258,80.2276535034,24654,24664,10
13.0099897385,80.2279205322,24664,24674,10
13.0095701218,80.2276306152,24674,24684,10
13.0098199844,80.2270507813,24684,24694,10
13.0101299286,80.2262878418,24694,24704,10
13.0104598999,80.2255401611,24704,24714,10
13.0107803345,80.2247772217,24714,24724,10
13.0110397339,80.224029541,24724,24734,10
13.0112600327,80.2233886719,24734,24744,10
13.0115203857,80.2233428955,24744,24754,10
13.0120296478,80.2235717773,24754,24765,11
13.0125999451,80.2238769531,24765,24775,10
13.0132102966,80.2241897583,24775,24785,10
13.0138902664,80.2245178223,24785,24795,10
13.0143995285,80.2248077393,24795,24805,10
13.014840126,80.2250671387,24805,24815,10
13.0151700974,80.225227356,24815,24825,10
13.0154399872,80.2252883911,24825,24835,10
13.0157804489,80.2252578735,24835,24845,10
13.0162696838,80.2253265381,24845,24855,10
13.0169095993,80.2251205444,24855,24866,11
13.0176897049,80.224822998,24866,24876,10
13.0184602737,80.2245178223,24876,24886,10
13.0192403793,80.2243423462,24886,24896,10
13.0199203491,80.2246322632,24896,24906,10
13.0205001831,80.2250518799,24906,24916,10
13.0211296082,80.2255096436,24916,24926,10
13.02161026,80.2258377075,24926,25532,606
13.02161026,80.2258377075,25532,25542,10
13.0217695236,80.2259292603,25542,25552,10
13.0220403671,80.2261962891,25552,25562,10
13.0225400925,80.2266693115,25562,25572,10
13.0231895447,80.2272567749,25572,25582,10
13.0237998962,80.2277832031,25582,25592,10
13.0242300034,80.2282104492,25592,25614,22
13.0242300034,80.2282104492,25614,25624,10
13.0243501663,80.2284088135,25624,25632,8
13.0243997574,80.2285232544,25632,25642,10
13.0242700577,80.2285308838,25642,25652,10
13.0239496231,80.2281036377,25652,25662,10
13.0233297348,80.2275009155,25662,25672,10
13.0225095749,80.2267913818,25672,25682,10
13.0217103958,80.2261276245,25682,25695,13
13.02064991,80.2253189087,25695,25705,10
13.0199403763,80.2248687744,25705,25735,30
13.0199403763,80.2248687744,25735,25745,10
13.0198001862,80.2247467041,25745,25755,10
13.019370079,80.224571228,25755,25765,10
13.0186195374,80.2246398926,25765,25775,10
13.0177402496,80.2249832153,25775,25785,10
13.0167999268,80.2253723145,25785,25796,11
13.0159101486,80.225692749,25796,25806,10
13.0151395798,80.2260131836,25806,25846,40
13.0151395798,80.2260131836,25846,25856,10
13.0150003433,80.2260818481,25856,25866,10
13.0148496628,80.2261428833,25866,25886,20
13.0148496628,80.2261428833,25886,25897,11
13.0146503448,80.2261810303,25897,25907,10
13.0141601563,80.2263565063,25907,25917,10
13.0134496689,80.2266311646,25917,25927,10
13.012550354,80.2269897461,25927,25937,10
13.0115203857,80.2273788452,25937,25947,10
13.0105495453,80.2277603149,25947,25957,10
13.009759903,80.2279586792,25957,25967,10
13.0095596313,80.2275466919,25967,25977,10
13.0098400116,80.2269134521,25977,25987,10
13.010219574,80.2260894775,25987,25997,10
13.0106401443,80.2250900269,25997,26008,11
13.0110797882,80.2240600586,26008,26018,10
13.0112800598,80.2233963013,26018,26028,10
13.0109901428,80.2231063843,26028,26038,10
13.0103197098,80.2228012085,26038,26048,10
13.0095596313,80.2223587036,26048,26058,10
13.0087995529,80.2219085693,26058,26068,10
13.0080003738,80.2214813232,26068,26078,10
13.0071201324,80.2210083008,26078,26088,10
13.0061903,80.2205963135,26088,26098,10
13.0052204132,80.2203903198,26098,26107,9
13.0047597885,80.2202835083,26107,26119,12
13.0045995712,80.2202301025,26119,26129,10
13.0040397644,80.2201004028,26129,26139,10
13.0033502579,80.219909668,26139,26149,10
13.002579689,80.219581604,26149,26159,10
13.0019197464,80.2188873291,26159,26169,10
13.0011901855,80.2183227539,26169,26179,10
13.00041008,80.2177963257,26179,26189,10
12.9995203018,80.2172775269,26189,26199,10
12.9985904694,80.2168197632,26199,26210,11
12.9975004196,80.2165527344,26210,26230,20
12.9975004196,80.2165527344,26230,26240,10
12.9972600937,80.216506958,26240,26250,10
12.9967803955,80.2165603638,26250,26260,10
12.9961004257,80.2166595459,26260,26270,10
12.9954099655,80.2169036865,26270,26280,10
12.9949703217,80.2171783447,26280,26290,10
12.9945001602,80.2175064087,26290,26300,10
12.9939603806,80.2179107666,26300,26311,11
12.9932403564,80.2183990479,26311,26321,10
12.9924697876,80.218963623,26321,26331,10
12.9917097092,80.2195510864,26331,26341,10
12.991060257,80.2200469971,26341,26351,10
12.9908399582,80.2202224731,26351,26361,10
12.9905796051,80.220413208,26361,26371,10
12.9900398254,80.2208480835,26371,26381,10
12.9894599915,80.2214889526,26381,26391,10
12.9888896942,80.2221984863,26391,26401,10
12.9882202148,80.2228317261,26401,26411,10
12.9877195358,80.2231369019,26411,26422,11
12.9877099991,80.2231369019,26422,26432,10
12.9875001907,80.2231216431,26432,26442,10
12.9871196747,80.2230529785,26442,26452,10
12.986530304,80.2229537964,26452,26462,10
12.9858198166,80.2230300903,26462,26472,10
12.9854297638,80.2233123779,26472,26482,10
12.9848499298,80.2231369019,26482,26492,10
12.9842996597,80.2228088379,26492,26502,10
12.9836997986,80.2224807739,26502,26512,10
12.9833202362,80.2222518921,26512,26523,11
12.9832401276,80.2221984863,26523,26533,10
12.9828796387,80.2220306396,26533,26543,10
12.9823598862,80.2218475342,26543,26553,10
12.9818000793,80.2214889526,26553,26563,10
12.9811201096,80.2211303711,26563,26573,10
12.9802598953,80.2211227417,26573,26582,9
12.9794597626,80.2211380005,26582,26593,11
12.9785299301,80.2211608887,26593,26603,10
12.9777402878,80.2211685181,26603,26613,10
12.9769096375,80.2212295532,26613,26625,12
12.9761800766,80.2212524414,26625,26635,10
12.975689888,80.2210617065,26635,26655,20
12.9755802155,80.2210083008,26655,26705,50
12.9755802155,80.2210083008,26705,26715,10
12.9754199982,80.2209320068,26715,26725,10
12.9749898911,80.220703125,26725,26736,11
12.9742803574,80.2203292847,26736,26746,10
12.9736299515,80.2200698853,26746,26756,10
12.9728603363,80.2197799683,26756,26766,10
12.9720096588,80.2195129395,26766,26776,10
12.9709796906,80.2191085815,26776,26796,20
12.9709796906,80.2191085815,26796,26806,10
12.9708995819,80.2190628052,26806,26826,20
12.9708995819,80.2190628052,26826,26837,11
12.9706697464,80.2189407349,26837,26847,10
12.9701795578,80.2187271118,26847,26857,10
12.9695997238,80.218460083,26857,26867,10
12.9689302444,80.2182388306,26867,26877,10
12.9682102203,80.217956543,26877,26887,10
12.9675197601,80.2176818848,26887,26897,10
12.966799736,80.2173995972,26897,26907,10
12.9659500122,80.2170562744,26907,26917,10
12.9650096893,80.2166900635,26917,26927,10
12.9640703201,80.2162780762,26927,26938,11
12.9632196426,80.2158966064,26938,26948,10
12.9629602432,80.2157974243,26948,26958,10
12.9625902176,80.2156600952,26958,26968,10
12.9619102478,80.2154006958,26968,26978,10
12.9610395432,80.2150726318,26978,26988,10
12.9600801468,80.2146835327,26988,26998,10
12.9590997696,80.2142791748,26998,27008,10
12.9580802917,80.2138595581,27008,27018,10
12.9570198059,80.213432312,27018,27028,10
12.9559297562,80.2129974365,27028,27039,11
12.9547100067,80.2125396729,27039,27049,10
12.9538497925,80.2122192383,27049,27059,10
12.9537296295,80.2121734619,27059,27069,10
12.9533500671,80.2119979858,27069,27079,10
12.9526796341,80.2117614746,27079,27089,10
12.9518098831,80.2114486694,27089,27099,10
12.950920105,80.2111434937,27099,27109,10
12.9499502182,80.2107696533,27109,27119,10
12.9490299225,80.2104110718,27119,27129,10
12.9486703873,80.2102737427,27129,27140,11
12.9485797882,80.2102508545,27140,27150,10
12.9481401443,80.2100524902,27150,27160,10
12.9473695755,80.2097320557,27160,27170,10
12.9464101791,80.2093582153,27170,27180,10
12.945400238,80.2089004517,27180,27190,10
12.944439888,80.208480835,27190,27200,10
12.9442195892,80.2083892822,27200,27210,10
12.9440402985,80.2083129883,27210,27220,10
12.9434995651,80.2080688477,27220,27230,10
12.9429302216,80.2076263428,27230,27240,10
12.9423599243,80.2069625854,27240,27251,11
12.9414901733,80.2062835693,27251,27261,10
12.941069603,80.2060623169,27261,27271,10
12.9410104752,80.2060394287,27271,27281,10
12.9409599304,80.2060165405,27281,27291,10
12.9406995773,80.205909729,27291,27301,10
12.940079689,80.2057113647,27301,27311,10
12.9393501282,80.2054672241,27311,27321,10
12.9385004044,80.2052001953,27321,27331,10
12.9375801086,80.2049636841,27331,27341,10
12.9365901947,80.2046813965,27341,27352,11
12.9355401993,80.2043380737,27352,27362,10
12.9346504211,80.2040100098,27362,27372,10
12.933839798,80.203918457,27372,27382,10
12.9336500168,80.203918457,27382,27392,10
12.9335699081,80.2038879395,27392,27402,10
12.9330301285,80.2037200928,27402,27422,20
12.9330301285,80.2037200928,27422,27432,10
12.9327402115,80.2036437988,27432,27442,10
12.9322004318,80.203453064,27442,27452,10
12.9314203262,80.2032012939,27452,27462,10
12.9306402206,80.2029495239,27462,27472,10
12.929889679,80.2028198242,27472,27482,10
12.9295301437,80.2027893066,27482,27492,10
12.9294395447,80.2027816772,27492,27502,10
12.9289398193,80.2026824951,27502,27513,11
12.9285097122,80.2022094727,27513,27522,9
12.9284896851,80.2014694214,27522,27533,11
12.928440094,80.2004013062,27533,27543,10
12.9282102585,80.1993789673,27543,27553,10
12.927740097,80.1984634399,27553,27563,10
12.9269399643,80.1977996826,27563,27573,10
12.9262895584,80.1976013184,27573,27583,10
12.9262695313,80.1976089478,27583,27593,10
12.9259195328,80.1975479126,27593,27603,10
12.9254703522,80.1975479126,27603,27613,10
12.9250802994,80.197517395,27613,27623,10
12.9243097305,80.1975097656,27623,27633,10
12.9233598709,80.1974487305,27633,27643,10
12.9223604202,80.1973114014,27643,27656,13
12.9219903946,80.1972732544,27656,27666,10
12.9215602875,80.1971282959,27666,27673,7
12.9211101532,80.1969528198,27673,27686,13
12.9201402664,80.1966323853,27686,27696,10
12.9193496704,80.1962966919,27696,27706,10
12.9186697006,80.1957626343,27706,27716,10
12.9179801941,80.1951293945,27716,27726,10
12.9173002243,80.194480896,27726,27736,10
12.9170198441,80.1938171387,27736,27746,10
12.9170398712,80.1929473877,27746,27756,10
12.9167003632,80.1923522949,27756,27787,31
12.9167003632,80.1923522949,27787,27797,10
12.9166698456,80.1923217773,27797,27807,10
12.9163198471,80.1922836304,27807,27817,10
12.9157304764,80.1922531128,27817,27827,10
12.9153900146,80.1922225952,27827,27837,10
12.9146995544,80.1921691895,27837,27847,10
12.913860321,80.1920776367,27847,27857,10
12.9130001068,80.191947937,27857,27868,11
12.9120597839,80.1918411255,27868,27878,10
12.9111700058,80.1917266846,27878,27888,10
12.9102096558,80.1916122437,27888,27898,10
12.9096403122,80.191368103,27898,27908,10
12.9095401764,80.1912994385,27908,27918,10
12.9091100693,80.1909713745,27918,27928,10
12.9084701538,80.1904907227,27928,27938,10
12.9077100754,80.1899185181,27938,27948,10
12.9069004059,80.1893310547,27948,27958,10
12.90625,80.1888580322,27958,27969,11
12.9062004089,80.1888275146,27969,27979,10
12.9058704376,80.188583374,27979,27989,10
12.9052495956,80.1881790161,27989,27999,10
12.9044504166,80.1876525879,27999,28009,10
12.9039802551,80.1869506836,28009,28019,10
12.9040002823,80.1859512329,28019,28029,10
12.9040203094,80.1854171753,28029,28039,10
12.9040403366,80.1849365234,28039,28049,10
12.9035902023,80.1845474243,28049,28059,10
12.902759552,80.1843109131,28059,28069,10
12.9018001556,80.1840362549,28069,28080,11
12.900970459,80.183807373,28080,28090,10
12.9001302719,80.1834182739,28090,28100,10
12.8991699219,80.1829376221,28100,28110,10
12.8982601166,80.1824798584,28110,28120,10
12.897600174,80.1821365356,28120,28130,10
12.8973703384,80.1820526123,28130,28140,10
12.8972997665,80.1820297241,28140,28150,10
12.8969202042,80.1818237305,28150,28160,10
12.8962802887,80.1814804077,28160,28171,11
12.895409584,80.1810531616,28171,28181,10
12.8945703506,80.1806182861,28181,28191,10
12.8937397003,80.1802062988,28191,28201,10
12.8933496475,80.1800231934,28201,28211,10
12.8932695389,80.1799316406,28211,28221,10
12.8929796219,80.1794128418,28221,28231,10
12.8925800323,80.1786193848,28231,28241,10
12.8920898438,80.1777267456,28241,28251,10
12.8916397095,80.1768569946,28251,28261,10
12.8911800385,80.1760635376,28261,28271,10
12.8906497955,80.1750869751,28271,28282,11
12.8901700974,80.1744995117,28282,28292,10
12.8899297714,80.1744232178,28292,28302,10
12.889670372,80.1743087769,28302,28312,10
12.88945961,80.1741867065,28312,28322,10
12.888999939,80.1739578247,28322,28332,10
12.8883399963,80.1736221313,28332,28342,10
12.8875598907,80.1732177734,28342,28352,10
12.8867101669,80.1727905273,28352,28362,10
12.8856897354,80.1722488403,28362,28372,10
12.8846998215,80.1717376709,28372,28383,11
12.883600235,80.1711807251,28383,28393,10
12.8826999664,80.1707229614,28393,28403,10
12.8822002411,80.1707992554,28403,28413,10
12.8816204071,80.1709365845,28413,28423,10
12.8813400269,80.1708374023,28423,28433,10
12.8807601929,80.1706314087,28433,28443,10
12.8800601959,80.1703262329,28443,28453,10
12.8799295425,80.1702575684,28453,28463,10
12.8795499802,80.1700820923,28463,28473,10
12.8788204193,80.1700210571,28473,28483,10
12.8777799606,80.1702194214,28483,28495,12
12.8764696121,80.1706619263,28495,28502,7
12.8757801056,80.1709136963,28502,28514,12
12.8746004105,80.1716995239,28514,28524,10
12.873550415,80.1724014282,28524,28534,10
12.8724803925,80.1731033325,28534,28544,10
12.8713998795,80.173828125,28544,28554,10
12.8703098297,80.1745834351,28554,28564,10
12.8691997528,80.1753311157,28564,28574,10
12.8683700562,80.1758728027,28574,28586,12
12.8673095703,80.1759185791,28586,28596,10
12.8662796021,80.175819397,28596,28604,8
12.8655099869,80.1757278442,28604,28614,10
12.865240097,80.1756896973,28614,28624,10
12.864979744,80.1755981445,28624,28634,10
12.86439991,80.1752624512,28634,28644,10
12.8636598587,80.1748428345,28644,28654,10
12.8627901077,80.1743087769,28654,28664,10
12.8617801666,80.1738204956,28664,28674,10
12.8607501984,80.1733779907,28674,28687,13
12.8594799042,80.1727905273,28687,28697,10
12.858499527,80.1725082397,28697,28707,10
12.857629776,80.1723632813,28707,28717,10
12.8573703766,80.1723403931,28717,28727,10
12.8568897247,80.1722564697,28727,28737,10
12.8564500809,80.1721572876,28737,28747,10
12.8564300537,80.1721572876,28747,28757,10
12.8563098907,80.1721420288,28757,28767,10
12.8561401367,80.1720809937,28767,28777,10
12.855629921,80.1719207764,28777,28787,10
12.8548297882,80.1716766357,28787,28798,11
12.8537101746,80.1713562012,28798,28808,10
12.8526802063,80.1712112427,28808,28818,10
12.851650238,80.1710586548,28818,28828,10
12.8505496979,80.1708679199,28828,28838,10
12.8494195938,80.1706924438,28838,28848,10
12.8482503891,80.1704864502,28848,28858,10
12.847120285,80.1703033447,28858,28868,10
12.8459796906,80.1702270508,28868,28878,10
12.8447904587,80.170173645,28878,28888,10
12.843580246,80.1700515747,28888,28899,11
12.8422899246,80.1699676514,28899,28909,10
12.8411397934,80.1699981689,28909,28919,10
12.8399896622,80.1699676514,28919,28929,10
12.8389501572,80.169883728,28929,28939,10
12.8381299973,80.1694412231,28939,28949,10
12.8378896713,80.1692962646,28949,28959,10
12.8373203278,80.1691818237,28959,28969,10
12.8371095657,80.1689376831,28969,28979,10
12.8368701935,80.1688079834,28979,28989,10
12.8364400864,80.1686782837,28989,29000,11
12.836139679,80.1685562134,29000,29010,10
12.835940361,80.1681289673,29010,29020,10
12.8356103897,80.1678009033,29020,29030,10
12.8351802826,80.1676635742,29030,29040,10
12.8345003128,80.1672668457,29040,29050,10
12.8335800171,80.1667785645,29050,29060,10
12.8326301575,80.166229248,29060,29070,10
12.8316802979,80.1658172607,29070,29080,10
12.8307304382,80.1655883789,29080,29090,10
12.8296403885,80.1654205322,29090,29101,11
12.8279495239,80.165222168,29101,29131,30
12.8279495239,80.165222168,29131,29141,10
12.8277397156,80.1651916504,29141,29151,10
12.827580452,80.1651611328,29151,29161,10
12.8274402618,80.1651077271,29161,29171,10
12.8272895813,80.1650085449,29171,29181,10
12.827050209,80.1648406982,29181,29191,10
12.8269100189,80.1647415161,29191,29202,11
12.8266601563,80.1645812988,29202,29292,90
12.8266601563,80.1645812988,29292,29302,10
12.8263902664,80.1643981934,29302,29313,11
12.8259601593,80.1641387939,29313,29323,10
12.825340271,80.1638183594,29323,29333,10
12.8246097565,80.1634292603,29333,29343,10
12.8237800598,80.1628799438,29343,29353,10
12.8228502274,80.1624221802,29353,29363,10
12.8218603134,80.1620330811,29363,29373,10
12.8208904266,80.1616134644,29373,29383,10
12.8198795319,80.1612014771,29383,29393,10
12.8189296722,80.1607666016,29393,29403,10
12.8182296753,80.1604919434,29403,29414,11
12.8179702759,80.1604003906,29414,29424,10
12.8175601959,80.1603088379,29424,29434,10
12.8170700073,80.1602020264,29434,29444,10
12.8164196014,80.1600494385,29444,29454,10
12.8156299591,80.1598815918,29454,29464,10
12.8148698807,80.1597290039,29464,29474,10
12.8140497208,80.1596221924,29474,29484,10
12.8131999969,80.1595306396,29484,29494,10
12.8123998642,80.1593704224,29494,29504,10
12.8117704391,80.1594161987,29504,29515,11
12.8116598129,80.1594467163,29515,29525,10
12.8114204407,80.1594772339,29525,29535,10
12.8109703064,80.1596298218,29535,29545,10
12.8104600906,80.1597213745,29545,29555,10
12.8100299835,80.159576416,29555,29595,40
12.8100299835,80.159576416,29595,29605,10
12.8102998734,80.1597213745,29605,29617,12
12.8109397888,80.1596221924,29617,31102,1485
12.8109397888,80.1596221924,31102,31112,10
12.8112096786,80.1595535278,31112,31122,10
12.8116798401,80.1594314575,31122,31142,20
12.8116798401,80.1594314575,31142,31152,10
12.8119802475,80.1593399048,31152,31162,10
12.8125801086,80.1593704224,31162,31172,10
12.8132200241,80.1595001221,31172,31182,10
12.8139295578,80.159576416,31182,31193,11
12.8145599365,80.1596603394,31193,31203,10
12.8152198792,80.1597824097,31203,31213,10
12.815870285,80.1599121094,31213,31223,10
12.8165302277,80.1600418091,31223,31233,10
12.8171796799,80.1601867676,31233,31243,10
12.8172101974,80.1602020264,31243,31253,10
12.8172502518,80.1602096558,31253,31263,10
12.8176603317,80.1603164673,31263,31273,10
12.8179702759,80.1604003906,31273,31283,10
12.8181600571,80.1604537964,31283,31294,11
12.8184204102,80.1605300903,31294,31304,10
12.8189897537,80.1607666016,31304,31314,10
12.8197698593,80.1611328125,31314,31324,10
12.8206701279,80.1615066528,31324,31334,10
12.8216199875,80.1619110107,31334,31344,10
12.8226299286,80.1623077393,31344,31354,10
12.8236198425,80.1627731323,31354,31364,10
12.8245401382,80.1633605957,31364,31374,10
12.8254899979,80.1638565063,31374,31384,10
12.8262395859,80.1642684937,31384,31394,10
12.8267602921,80.1646194458,31394,31405,11
12.8271198273,80.1648406982,31405,31415,10
12.8272104263,80.1649017334,31415,31425,10
12.8274402618,80.1650314331,31425,31445,20
12.8274402618,80.1650314331,31445,31455,10
12.8278303146,80.1651306152,31455,31485,30
12.8278303146,80.1651306152,31485,31495,10
12.82791996,80.1651763916,31495,31505,10
12.8283700943,80.165222168,31505,31515,10
12.8290100098,80.1652984619,31515,31525,10
12.8297996521,80.1654129028,31525,31535,10
12.8306903839,80.1655578613,31535,31546,11
12.8317298889,80.1658325195,31546,31556,10
12.8326702118,80.1662368774,31556,31566,10
12.8335504532,80.1667175293,31566,31576,10
12.8344097137,80.1671905518,31576,31586,10
12.8352203369,80.1676712036,31586,31596,10
12.8357601166,80.1678237915,31596,31606,10
12.8359498978,80.1681671143,31606,31616,10
12.8362598419,80.1686019897,31616,31626,10
12.8363895416,80.1686325073,31626,31636,10
12.8365097046,80.1686782837,31636,31646,10
12.8369398117,80.1688079834,31646,31656,10
12.8371696472,80.1689605713,31656,31666,10
12.8373603821,80.1691818237,31666,31676,10
12.8379297256,80.1692962646,31676,31686,10
12.8381996155,80.1694335938,31686,31696,10
12.8384399414,80.169631958,31696,31709,13
12.8386001587,80.1697235107,31709,31719,10
12.8391199112,80.169883728,31719,31729,10
12.8398303986,80.169960022,31729,31739,10
12.8405599594,80.169921875,31739,31749,10
12.8415002823,80.169960022,31749,31759,10
12.8425197601,80.169921875,31759,31769,10
12.8436002731,80.1699981689,31769,31779,10
12.8446998596,80.1701202393,31779,31789,10
12.8458099365,80.170173645,31789,31799,10
12.8469200134,80.170211792,31799,31809,10
12.8480396271,80.1703796387,31809,31820,11
12.8492603302,80.1705932617,31820,31830,10
12.8503503799,80.1707763672,31830,31840,10
12.8511295319,80.1709213257,31840,31850,10
12.8512802124,80.1709365845,31850,31860,10
12.8518295288,80.1710510254,31860,31870,10
12.8526096344,80.1711807251,31870,31880,10
12.8535003662,80.1712875366,31880,31890,10
12.8544902802,80.1715621948,31890,31900,10
12.8555002213,80.1718521118,31900,31910,10
12.8564300537,80.1721191406,31910,31941,31
12.8564300537,80.1721191406,31941,31951,10
12.8565101624,80.17212677,31951,31961,10
12.8565702438,80.1721420288,31961,31971,10
12.8567695618,80.1721801758,31971,31981,10
12.8571100235,80.1722412109,31981,31991,10
12.8575801849,80.1723175049,31991,32001,10
12.8578596115,80.1723937988,32001,32011,10
12.8584604263,80.1725006104,32011,32022,11
12.8592700958,80.1726913452,32022,32032,10
12.8600502014,80.1730270386,32032,32042,10
12.8608398438,80.1733779907,32042,32052,10
12.8614902496,80.1736602783,32052,32062,10
12.8623199463,80.1740188599,32062,32072,10
12.8632297516,80.1745223999,32072,32082,10
12.8641395569,80.1750869751,32082,32092,10
12.8650302887,80.1756134033,32092,32102,10
12.8654003143,80.1756820679,32102,32112,10
12.8656196594,80.1757125854,32112,32122,10
12.8661603928,80.1757583618,32122,32133,11
12.8670396805,80.1758422852,32133,32143,10
12.8679504395,80.1759185791,32143,32153,10
12.8686800003,80.1756134033,32153,32163,10
12.8694896698,80.1750488281,32163,32173,10
12.8703899384,80.1744308472,32173,32183,10
12.8713598251,80.1737670898,32183,32193,10
12.8723497391,80.1731109619,32193,32203,10
12.8742599487,80.1718597412,32203,32213,10
12.8742599487,80.1718597412,32213,32223,10
12.875169754,80.171257019,32223,32234,11
12.8802099228,80.1703414917,32234,32276,42
12.881819725,80.1709671021,32276,32304,28
12.881819725,80.1709671021,32304,32336,32
12.8828802109,80.170753479,32336,32346,10
12.8835000992,80.171081543,32346,32357,11
12.8844499588,80.1715621948,32357,32367,10
12.8854503632,80.1720962524,32367,32377,10
12.8863897324,80.1725769043,32377,32387,10
12.8873195648,80.1730575562,32387,32396,9
12.8880996704,80.1734619141,32396,32407,11
12.8889799118,80.1739196777,32407,32417,10
12.8895101547,80.1742019653,32417,32427,10
12.8897199631,80.1743011475,32427,32439,12
12.8900995255,80.1744232178,32439,32447,8
12.8903903961,80.1745834351,32447,32459,12
12.8908100128,80.1752166748,32459,32469,10
12.8912096024,80.1760101318,32469,32479,10
12.891579628,80.176651001,32479,32499,20
12.891579628,80.176651001,32499,32509,10
12.8916797638,80.1768493652,32509,32519,10
12.891960144,80.1773376465,32519,32529,10
12.8923501968,80.1780700684,32529,32539,10
12.892829895,80.1789093018,32539,32550,11
12.8940095901,80.1802368164,32550,32570,20
12.8940095901,80.1802368164,32570,32580,10
12.8942499161,80.1803817749,32580,32590,10
12.8948001862,80.1806564331,32590,32600,10
12.8955097198,80.181022644,32600,32610,10
12.8964595795,80.1815109253,32610,32620,10
12.8976602554,80.1820983887,32620,32640,20
12.8976602554,80.1820983887,32640,32651,11
12.897939682,80.1822280884,32651,32661,10
12.8985300064,80.1825408936,32661,32671,10
12.8992795944,80.1829223633,32671,32681,10
12.9002199173,80.1833877563,32681,32691,10
12.9010400772,80.1837768555,32691,32701,10
12.9019899368,80.1840362549,32701,32711,10
12.9030103683,80.1843338013,32711,32721,10
12.9039802551,80.1846237183,32721,32731,10
12.904129982,80.1851577759,32731,32741,10
12.9040899277,80.1859283447,32741,32751,10
12.9040498734,80.1868591309,32751,32762,11
12.9044904709,80.1876296997,32762,32772,10
12.9052600861,80.1881332397,32772,32782,10
12.9058303833,80.1884765625,32782,32792,10
12.9063100815,80.1887664795,32792,32802,10
12.9066896439,80.1890182495,32802,32812,10
12.906709671,80.1890411377,32812,32822,10
12.9070301056,80.1892776489,32822,32832,10
12.9076099396,80.189743042,32832,32842,10
12.9083404541,80.1903076172,32842,32852,10
12.9091997147,80.1909637451,32852,32863,11
12.9100599289,80.1915664673,32863,32873,10
12.9108896255,80.1917037964,32873,32883,10
12.9118003845,80.1918029785,32883,32893,10
12.912320137,80.1918487549,32893,32903,10
12.9123296738,80.1918487549,32903,32913,10
12.9125699997,80.1918716431,32913,32923,10
12.9131498337,80.1919403076,32923,32933,10
12.9139299393,80.1920318604,32933,32943,10
12.9148397446,80.1921386719,32943,32953,10
12.9157495499,80.1922073364,32953,32964,11
12.9166402817,80.1922683716,32964,32974,10
12.9171304703,80.1921920776,32974,32984,10
12.9171800613,80.1919631958,32984,32994,10
12.9171800613,80.1919403076,32994,33004,10
12.9172296524,80.1916809082,33004,33014,10
12.9173202515,80.1910324097,33014,33024,10
12.9173202515,80.1904678345,33024,33034,10
12.9173803329,80.1903610229,33034,33044,10
12.9174499512,80.190536499,33044,33054,10
12.9174003601,80.191078186,33054,33064,10
12.9173202515,80.1919326782,33064,33075,11
12.9171495438,80.1930084229,33075,33105,30
12.9171495438,80.1930084229,33105,33115,10
12.9171104431,80.1931304932,33115,33125,10
12.917140007,80.1935424805,33125,33135,10
12.9172296524,80.1941375732,33135,33145,10
12.9175796509,80.1946487427,33145,33155,10
12.9180898666,80.195098877,33155,33165,10
12.9186897278,80.1956634521,33165,33176,11
12.9194602966,80.1962738037,33176,33186,10
12.9203100204,80.1966171265,33186,33196,10
12.9208402634,80.1967773438,33196,33206,10
12.9208698273,80.1967926025,33206,33216,10
12.9211502075,80.1968917847,33216,33227,11
12.9218196869,80.1971511841,33227,33237,10
12.922659874,80.1973114014,33237,33247,10
12.9233102798,80.1973800659,33247,33257,10
12.9234304428,80.1973876953,33257,33267,10
12.9238195419,80.1974411011,33267,33277,10
12.9244604111,80.1974487305,33277,33287,10
12.925069809,80.1974334717,33287,33297,10
12.9252996445,80.1974411011,33297,33307,10
12.9257001877,80.1974411011,33307,33317,10
12.9262895584,80.1974868774,33317,33327,10
12.9264602661,80.1975326538,33327,33337,10
12.9265403748,80.1975708008,33337,33347,10
12.926779747,80.1976699829,33347,33357,10
12.9272499084,80.1979370117,33357,33367,10
12.9277896881,80.1984634399,33367,33377,10
12.9281702042,80.1992111206,33377,33390,13
12.9284601212,80.2001876831,33390,33400,10
12.9285097122,80.2009963989,33400,33410,10
12.9285402298,80.2019577026,33410,33420,10
12.928850174,80.2026596069,33420,33430,10
12.9294500351,80.2026977539,33430,33450,20
12.9294500351,80.2026977539,33450,33457,7
12.929479599,80.2026977539,33457,33470,13
12.9301395416,80.2027816772,33470,33480,10
12.9309997559,80.2029571533,33480,33491,11
12.9320297241,80.2033233643,33491,33501,10
12.9327001572,80.2035522461,33501,33511,10
12.9330501556,80.2036819458,33511,33521,10
12.9333896637,80.2037963867,33521,33531,10
12.9339399338,80.2038574219,33531,33551,20
12.9339399338,80.2038574219,33551,33561,10
12.9343395233,80.2038803101,33561,33571,10
12.9350204468,80.2039871216,33571,33581,10
12.9358196259,80.2043380737,33581,33592,11
12.9368400574,80.2046432495,33592,33602,10
12.9377803802,80.2049179077,33602,33612,10
12.9385595322,80.2051391602,33612,33622,10
12.9392595291,80.205368042,33622,33632,10
12.9400396347,80.2055969238,33632,33652,20
12.9400396347,80.2055969238,33652,33662,10
12.9402999878,80.2056884766,33662,33672,10
12.9409198761,80.2059020996,33672,33682,10
12.9416503906,80.2062911987,33682,33691,9
12.9423599243,80.2068481445,33691,33703,12
12.9431295395,80.2077636719,33703,33713,10
12.9443702698,80.2083435059,33713,33733,20
12.9443702698,80.2083435059,33733,33743,10
12.9446401596,80.2084274292,33743,33753,10
12.9451999664,80.2086410522,33753,33763,10
12.9459495544,80.2088470459,33763,33773,10
12.9467802048,80.2091827393,33773,33783,10
12.9476699829,80.2094802856,33783,33793,10
12.9484100342,80.2097167969,33793,33804,11
12.9490203857,80.2098464966,33804,33824,20
12.9490203857,80.2098464966,33824,33834,10
12.9492397308,80.2099533081,33834,33844,10
12.9498300552,80.2102279663,33844,33854,10
12.9505996704,80.2105789185,33854,33864,10
12.9513301849,80.2109603882,33864,33874,10
12.9520902634,80.2113418579,33874,33884,10
12.952870369,80.2116470337,33884,33894,10
12.9537000656,80.2119598389,33894,33915,21
12.9537000656,80.2119598389,33915,33925,10
12.9537200928,80.2119598389,33925,33935,10
12.9540596008,80.2121124268,33935,33945,10
12.9546804428,80.212348938,33945,33955,10
12.9554796219,80.2126693726,33955,33965,10
12.9562902451,80.2130126953,33965,33975,10
12.9572200775,80.2133789063,33975,33985,10
12.9582395554,80.2137985229,33985,33995,10
12.9591903687,80.2141799927,33995,34005,10
12.9601402283,80.2145690918,34005,34016,11
12.9612102509,80.2149963379,34016,34026,10
12.9622097015,80.2153930664,34026,34036,10
12.9631299973,80.2157363892,34036,34046,10
12.9639997482,80.2160568237,34046,34066,20
12.9639997482,80.2160568237,34066,34076,10
12.964630127,80.2163619995,34076,34086,10
12.964630127,80.2163619995,34086,34096,10
12.9653701782,80.2166671753,34096,34106,10
12.9661302567,80.2169876099,34106,34117,11
12.9670000076,80.217338562,34117,34127,10
12.9678201675,80.217666626,34127,34137,10
12.9686203003,80.2179718018,34137,34147,10
12.9696302414,80.2183609009,34147,34157,10
12.9706497192,80.2188034058,34157,34167,10
12.9712600708,80.2189712524,34167,34177,10
12.9712896347,80.2189788818,34177,34187,10
12.971329689,80.218963623,34187,34197,10
12.9717502594,80.2191467285,34197,34207,10
12.972410202,80.2194213867,34207,34217,10
12.9732198715,80.2197418213,34217,34227,10
12.9740800858,80.2201080322,34227,34238,11
12.9746198654,80.2203598022,34238,34248,10
12.9746599197,80.2204208374,34248,34258,10
12.9750003815,80.2205734253,34258,34268,10
12.9755401611,80.2208175659,34268,34320,52
12.9755401611,80.2208175659,34320,34330,10
12.975979805,80.2212295532,34330,34358,28
12.975979805,80.2212295532,34358,34370,12
12.9762096405,80.2212982178,34370,34380,10
12.9767999649,80.2212600708,34380,34390,10
12.9776296616,80.221206665,34390,34399,9
12.97838974,80.2211380005,34399,34409,10
12.9792404175,80.2210693359,34409,34420,11
12.9801702499,80.2210006714,34420,34431,11
12.9811000824,80.2210083008,34431,34441,10
12.9818096161,80.2214202881,34441,34451,10
12.9823598862,80.2217483521,34451,34461,10
12.9829101563,80.2219161987,34461,34471,10
12.9829797745,80.2219467163,34471,34481,10
12.9830904007,80.2220306396,34481,34491,10
12.9834804535,80.222328186,34491,34501,10
12.9840497971,80.2226791382,34501,34511,10
12.9845895767,80.2229995728,34511,34521,10
12.9852199554,80.2232666016,34521,34532,11
12.9857501984,80.2229919434,34532,34542,10
12.986410141,80.2229385376,34542,34552,10
12.9865102768,80.2229309082,34552,34562,10
12.9868898392,80.2229690552,34562,34572,10
12.9873800278,80.2230529785,34572,34582,10
12.9880199432,80.2228622437,34582,34592,10
12.9886302948,80.2223129272,34592,34602,10
12.9892101288,80.2215576172,34602,34612,10
12.9898195267,80.220703125,34612,34622,10
12.9903402328,80.2203216553,34622,34633,11
12.99036026,80.2203063965,34633,34643,10
12.9905099869,80.2202377319,34643,34653,10
12.9908895493,80.2199401855,34653,34663,10
12.9914503098,80.2195205688,34663,34673,10
12.9921598434,80.2190093994,34673,34683,10
12.9929895401,80.2184066772,34683,34693,10
12.9938497543,80.2178192139,34693,34703,10
12.9945497513,80.217300415,34703,34713,10
12.9952001572,80.2168579102,34713,34725,12
12.9961900711,80.2165527344,34725,34736,11
12.9971199036,80.2164230347,34736,34746,10
12.9975996017,80.2164306641,34746,34756,10
12.9976797104,80.2164535522,34756,34766,10
12.9980802536,80.2165374756,34766,34776,10
12.9987001419,80.2167816162,34776,34786,10
12.999420166,80.2171478271,34786,34796,10
13.0002002716,80.2176437378,34796,34806,10
13.0010499954,80.2181777954,34806,34816,10
13.001830101,80.2188110352,34816,34826,10
13.0024995804,80.219581604,34826,34836,10
13.0034198761,80.2199630737,34836,34847,11
13.004360199,80.2201538086,34847,34857,10
13.0052099228,80.2203216553,34857,34867,10
13.0061502457,80.2205123901,34867,34876,9
13.0069198608,80.2207717896,34876,34887,11
13.0078697205,80.2212905884,34887,34897,10
13.0089502335,80.2218475342,34897,34907,10
13.0099897385,80.2224273682,34907,34917,10
13.0109395981,80.22290802,34917,34927,10
13.011300087,80.2230682373,34927,34937,10
13.0115404129,80.2229919434,34937,34947,10
13.0116796494,80.2223968506,34947,34957,10
13.011879921,80.2215576172,34957,34967,10
13.0123195648,80.2216033936,34967,34977,10
13.0126600266,80.2221374512,34977,34987,10
13.0132198334,80.2227020264,34987,34997,10
13.0138301849,80.2233810425,34997,35007,10
13.0142803192,80.2239379883,35007,35017,10
13.0149002075,80.224609375,35017,35028,11
13.0152196884,80.224899292,35028,35038,10
13.0155601501,80.2250595093,35038,35068,30
13.0155601501,80.2250595093,35068,35078,10
13.0156202316,80.2251205444,35078,35088,10
13.0159597397,80.2253494263,35088,35098,10
13.0166902542,80.2252502441,35098,35108,10
13.0175695419,80.2248916626,35108,35118,10
13.0185203552,80.2244796753,35118,35128,10
13.0193595886,80.2243270874,35128,35138,10
13.0198402405,80.224571228,35138,35148,10
13.0202999115,80.224937439,35148,35161,13
13.0209598541,80.2254333496,35161,35171,10
13.0212697983,80.2257003784,35171,35181,10
13.0219802856,80.2261734009,35181,35201,20
13.0219802856,80.2261734009,35201,35211,10
13.0220298767,80.2261962891,35211,35221,10
13.0223398209,80.2264785767,35221,35231,10
13.0229501724,80.2270431519,35231,35241,10
13.0236701965,80.2277069092,35241,35248,7
13.0240602493,80.2281036377,35248,35262,14
13.0244903564,80.2286682129,35262,35292,30
13.0244903564,80.2286682129,35292,35302,10
13.0246896744,80.2288818359,35302,35312,10
13.0250701904,80.2294082642,35312,35322,10
13.0256099701,80.230140686,35322,35332,10
13.0260095596,80.2312088013,35332,35354,22
13.0260095596,80.2312088013,35354,35365,11
13.0262899399,80.2313079834,35365,35375,10
13.026889801,80.2311325073,35375,35385,10
13.027759552,80.2309265137,35385,35395,10
13.0286798477,80.2308273315,35395,35405,10
13.0294504166,80.2307510376,35405,35415,10
13.0299797058,80.2307128906,35415,35425,10
13.0305995941,80.2306594849,35425,35435,10
13.0309095383,80.2306289673,35435,35445,10
13.0314302444,80.2305908203,35445,35455,10
13.0320501328,80.2305221558,35455,35463,8
13.0326299667,80.2304916382,35463,35476,13
13.0335903168,80.2304077148,35476,35486,10
13.0340099335,80.2304000854,35486,35506,20
13.0340099335,80.2304000854,35506,35516,10
13.0341396332,80.2303466797,35516,35526,10
13.034620285,80.2302627563,35526,35637,111
13.034620285,80.2302627563,35637,35647,10
13.0349798203,80.2300415039,35647,35657,10
13.0349397659,80.2299575806,35657,35667,10
13.0347099304,80.229888916,35667,36517,850
13.0343103409,80.2298965454,36517,36648,131
13.0343103409,80.2298965454,36648,36658,10
13.0341701508,80.2302932739,36658,36668,10
13.033949852,80.2303771973,36668,36678,10
13.0334396362,80.2304534912,36678,36688,10
13.0328102112,80.2305374146,36688,36698,10
13.0320596695,80.2306213379,36698,36709,11
13.0310897827,80.2307128906,36709,36728,19
13.0310897827,80.2307128906,36728,36740,12
13.0307598114,80.2307434082,36740,36750,10
13.0303697586,80.2307815552,36750,36760,10
13.0298900604,80.2308502197,36760,36770,10
13.0298404694,80.2308425903,36770,36780,10
13.0295801163,80.2308731079,36780,36789,9
13.0290603638,80.2308807373,36789,36800,11
13.0284004211,80.2309875488,36800,36810,10
13.0277500153,80.2310028076,36810,36820,10
13.0276403427,80.2312774658,36820,36830,10
13.0277004242,80.2317581177,36830,36840,10
13.0277996063,80.232383728,36840,36852,12
13.0276899338,80.2328109741,36852,36862,10
13.0270500183,80.2329406738,36862,36872,10
13.026720047,80.2330093384,36872,36882,10
13.0263595581,80.232673645,36882,36892,10
13.0261497498,80.2319107056,36892,36902,10
13.0259304047,80.2310409546,36902,36912,10
13.0255002975,80.2301635742,36912,36922,10
13.0249099731,80.2293930054,36922,36932,10
13.0243501663,80.2286834717,36932,36943,11
13.0238304138,80.2280426025,36943,36953,10
13.023349762,80.2275619507,36953,36963,10
13.023059845,80.2274169922,36963,36983,20
13.023059845,80.2274169922,36983,36993,10
13.0228900909,80.227432251,36993,37003,10
13.0228204727,80.2273635864,37003,37013,10
13.0226097107,80.2269897461,37013,37023,10
13.0223999023,80.2267684937,37023,37033,10
13.0219097137,80.2263412476,37033,37042,9
13.0213899612,80.2259216309,37042,37054,12
13.0205898285,80.2252883911,37054,37064,10
13.0197496414,80.2247619629,37064,37074,10
13.0187997818,80.2245330811,37074,37084,10
13.0178604126,80.2248916626,37084,37094,10
13.0169095993,80.2252731323,37094,37104,10
13.0161600113,80.2255706787,37104,37114,10
13.0158004761,80.2256774902,37114,37124,10
13.0151596069,80.2259292603,37124,37155,31
13.0151596069,80.2259292603,37155,37165,10
13.014960289,80.226020813,37165,37175,10
13.0145902634,80.2261199951,37175,37185,10
13.0142297745,80.2261734009,37185,37195,10
13.0141897202,80.2260284424,37195,37205,10
13.0141601563,80.2258682251,37205,37215,10
13.0142202377,80.2257385254,37215,37225,10
13.0144395828,80.2254333496,37225,37235,10
13.0141801834,80.2254333496,37235,37397,162
13.0142002106,80.2257537842,37397,37427,30
13.0142002106,80.2257537842,37427,37437,10
13.0141897202,80.2258987427,37437,37447,10
13.0142002106,80.2261886597,37447,37457,10
13.0142002106,80.2261962891,37457,37468,11
13.0138597488,80.2263717651,37468,37478,10
13.0132303238,80.2266082764,37478,37488,10
13.0124597549,80.2268981934,37488,37498,10
13.0115604401,80.2272567749,37498,37508,10
13.0106296539,80.2276382446,37508,37518,10
13.0098495483,80.2279281616,37518,37528,10
13.0095300674,80.2275085449,37528,37538,10
13.0098304749,80.2268981934,37538,37548,10
13.0101604462,80.2260818481,37548,37558,10
13.0106401443,80.2250366211,37558,37568,10
13.0109195709,80.2241668701,37568,37579,11
13.0111303329,80.2234191895,37579,37589,10
13.01101017,80.2230377197,37589,37599,10
13.0104398727,80.2229232788,37599,37609,10
13.0103902817,80.222869873,37609,37619,10
13.0100898743,80.2226409912,37619,37630,11
13.0094203949,80.2222824097,37630,37639,9
13.0087299347,80.2218933105,37639,37650,11
13.0077495575,80.2213516235,37650,37660,10
13.0067796707,80.2208786011,37660,37670,10
13.0059299469,80.2205734253,37670,37680,10
13.0050601959,80.2203369141,37680,37690,10
13.004240036,80.220123291,37690,37700,10
13.0034103394,80.2199478149,37700,37712,12
13.0023803711,80.2194976807,37712,37719,7
13.0019197464,80.2190170288,37719,37730,11
13.0012903214,80.2184371948,37730,37740,10
13.000579834,80.2179794312,37740,37750,10
13.0000696182,80.2176589966,37750,37760,10
12.9994001389,80.2172393799,37760,37770,10
12.9984397888,80.216758728,37770,37783,13
12.997469902,80.2165298462,37783,37793,10
12.9974298477,80.2165222168,37793,37803,10
12.9971704483,80.2164916992,37803,37813,10
12.9965600967,80.2165222168,37813,37823,10
12.9959001541,80.2166976929,37823,37833,10
12.9950704575,80.2170715332,37833,37843,10
12.9944801331,80.2174682617,37843,37853,10
12.9938898087,80.2179107666,37853,37863,10
12.9931402206,80.2184066772,37863,37873,10
12.9924097061,80.2189712524,37873,37883,10
12.9917402267,80.2194824219,37883,37894,11
12.9914999008,80.2196426392,37894,37904,10
12.9909896851,80.2199935913,37904,37914,10
12.9907999039,80.2201385498,37914,37924,10
12.9906597137,80.2202529907,37924,37934,10
12.9902000427,80.2206268311,37934,37944,10
12.9895896912,80.2212600708,37944,37954,10
12.9889802933,80.2220687866,37954,37964,10
12.9882497787,80.2227630615,37964,37974,10
12.9876804352,80.2231369019,37974,37984,10
12.9876298904,80.2231369019,37984,37995,11
12.9872303009,80.2230834961,37995,38015,20
12.9872303009,80.2230834961,38015,38025,10
12.9868097305,80.2229995728,38025,38035,10
12.986289978,80.2229537964,38035,38045,10
12.9856796265,80.2230300903,38045,38055,10
12.9851903915,80.2232513428,38055,38065,10
12.9845504761,80.2229995728,38065,38075,10
12.9839000702,80.2226486206,38075,38085,10
12.9834403992,80.2223815918,38085,38095,10
12.9831800461,80.2222213745,38095,38106,11
12.983130455,80.2221832275,38106,38116,10
12.9828300476,80.2220535278,38116,38126,10
12.9826402664,80.2219467163,38126,38136,10
12.9824895859,80.2218780518,38136,38146,10
12.9821195602,80.2217712402,38146,38156,10
12.9816799164,80.2214813232,38156,38166,10
12.9812097549,80.2212371826,38166,38176,10
12.9805002213,80.2211380005,38176,38186,10
12.9798698425,80.2211303711,38186,38196,10
12.9790096283,80.2211837769,38196,38207,11
12.9778900146,80.221206665,38207,38215,8
12.9770498276,80.2212677002,38215,38227,12
12.9760704041,80.2212905884,38227,38237,10
12.9760398865,80.2212982178,38237,38247,10
12.9755601883,80.2210083008,38247,38277,30
12.9755601883,80.2210083008,38277,38285,8
12.975520134,80.2209625244,38285,38297,12
12.9750995636,80.220741272,38297,38308,11
12.9743204117,80.2203826904,38308,38318,10
12.9734601974,80.2201004028,38318,38328,10
12.9725799561,80.2197189331,38328,38338,10
12.9718904495,80.2194366455,38338,38348,10
12.9713001251,80.2192001343,38348,38358,10
12.9709796906,80.2191009521,38358,38378,20
12.9709796906,80.2191009521,38378,38388,10
12.9708900452,80.219039917,38388,38398,10
12.9706201553,80.2189178467,38398,38408,10
12.9702396393,80.2187576294,38408,38419,11
12.9696102142,80.2185134888,38419,38429,10
12.9688596725,80.2182235718,38429,38439,10
12.9681100845,80.2179107666,38439,38449,10
12.96737957,80.2176208496,38449,38459,10
12.966509819,80.2172698975,38459,38469,10
12.9655199051,80.2168731689,38469,38479,10
12.9644498825,80.2164382935,38479,38489,10
12.9635400772,80.2160491943,38489,38499,10
12.9629497528,80.2158126831,38499,38509,10
12.9629001617,80.2157974243,38509,38520,11
12.9625396729,80.215637207,38520,38530,10
12.9619102478,80.2153930664,38530,38540,10
12.961139679,80.2150878906,38540,38550,10
12.960149765,80.2146911621,38550,38560,10
12.9590902328,80.2142715454,38560,38570,10
12.9580001831,80.2138137817,38570,38580,10
12.9568996429,80.2133636475,38580,38590,10
12.9557695389,80.212928772,38590,38600,10
12.9546899796,80.2124862671,38600,38610,10
12.9537801743,80.2121734619,38610,38620,10
12.9537000656,80.2121429443,38620,38630,10
12.9534797668,80.2120437622,38630,38640,10
12.952870369,80.2118225098,38640,38651,11
12.9519395828,80.2114715576,38651,38660,9
12.951089859,80.2111587524,38660,38671,11
12.9499197006,80.2107086182,38671,38681,10
12.9489498138,80.2103424072,38681,38691,10
12.9486198425,80.2102203369,38691,38701,10
12.9484300613,80.2101669312,38701,38710,9
12.9479398727,80.2099609375,38710,38721,11
12.9469995499,80.2095870972,38721,38733,12
12.9457798004,80.2090988159,38733,38743,10
12.9448003769,80.2086105347,38743,38753,10
12.9442300797,80.2083969116,38753,38763,10
12.9440698624,80.2083206177,38763,38773,10
12.9435501099,80.2081069946,38773,38783,10
12.9429302216,80.2076797485,38783,38793,10
12.9423503876,80.2069778442,38793,38803,10
12.9415397644,80.2063217163,38803,38813,10
12.9410200119,80.2060394287,38813,38823,10
12.9409198761,80.2059936523,38823,38834,11
12.9404001236,80.2058105469,38834,38844,10
12.9397697449,80.205619812,38844,38854,10
12.9391698837,80.2054595947,38854,38864,10
12.93846035,80.2052383423,38864,38874,10
12.9376296997,80.2050018311,38874,38884,10
12.9366598129,80.2047195435,38884,38894,10
12.9356803894,80.2044677734,38894,38904,10
12.9348497391,80.2040634155,38904,38914,10
12.9336299896,80.203918457,38914,38934,20
12.9336299896,80.203918457,38934,38945,11
12.9333496094,80.2038574219,38945,38955,10
12.9328098297,80.203666687,38955,38965,10
12.9321403503,80.2034606934,38965,38975,10
12.9313697815,80.2032089233,38975,38985,10
12.9306497574,80.2029800415,38985,38995,10
12.929479599,80.2027893066,38995,39015,20
12.929479599,80.2027893066,39015,39025,10
12.9292402267,80.2027893066,39025,39035,10
12.9286804199,80.2027206421,39035,39046,11
12.9284801483,80.2021026611,39046,39056,10
12.928440094,80.2012710571,39056,39066,10
12.9284000397,80.2002487183,39066,39076,10
12.9281301498,80.1993026733,39076,39086,10
12.9276800156,80.1984329224,39086,39096,10
12.9269304276,80.197807312,39096,39106,10
12.9262399673,80.1976013184,39106,39116,10
12.9261598587,80.1976013184,39116,39126,10
12.9257698059,80.1975402832,39126,39136,10
12.9253902435,80.1975326538,39136,39146,10
12.9250001907,80.197517395,39146,39157,11
12.9242296219,80.1975097656,39157,39167,10
12.9234104156,80.1974563599,39167,39177,10
12.9225902557,80.1973495483,39177,39187,10
12.9219999313,80.1972808838,39187,39197,10
12.9219303131,80.1972732544,39197,39207,10
12.9215297699,80.1971206665,39207,39217,10
12.9209804535,80.1969299316,39217,39227,10
12.9203901291,80.1967391968,39227,39237,10
12.919719696,80.1965103149,39237,39246,9
12.9193897247,80.1963577271,39246,39258,12
12.9188604355,80.1959228516,39258,39268,10
12.9183397293,80.1954574585,39268,39278,10
12.9177303314,80.1949081421,39278,39288,10
12.9172000885,80.1943817139,39288,39298,10
12.9170999527,80.1942367554,39298,39308,10
12.9169797897,80.1939315796,39308,39318,10
12.9169597626,80.1934432983,39318,39328,10
12.9170198441,80.1928405762,39328,39338,10
12.9170398712,80.1924209595,39338,39347,9
12.9166402817,80.1923294067,39347,39389,42
12.9166402817,80.1923294067,39389,39399,10
12.9164199829,80.1922988892,39399,39409,10
12.9159097672,80.1922683716,39409,39419,10
12.9152297974,80.1922302246,39419,39429,10
12.9144601822,80.1921691895,39429,39439,10
12.9136695862,80.1920700073,39439,39449,10
12.9128503799,80.1919784546,39449,39459,10
12.9119901657,80.1918792725,39459,39470,11
12.9110202789,80.1917572021,39470,39480,10
12.9097003937,80.1914825439,39480,39570,90
12.9097003937,80.1914825439,39570,39581,11
12.9095497131,80.1913299561,39581,39621,40
12.9095497131,80.1913299561,39621,39632,11
12.9093399048,80.1911621094,39632,39642,10
12.9088697433,80.1908035278,39642,39652,10
12.9082603455,80.1903381348,39652,39662,10
12.9075603485,80.1898117065,39662,39671,9
12.9068803787,80.1892929077,39671,39684,13
12.9061603546,80.1887893677,39684,39694,10
12.9061203003,80.1887588501,39694,39704,10
12.9059696198,80.1886672974,39704,39714,10
12.9055500031,80.1884002686,39714,39724,10
12.9049100876,80.1879806519,39724,39734,10
12.9041700363,80.1875,39734,39744,10
12.9039697647,80.1866607666,39744,39754,10
12.9040002823,80.1856307983,39754,39764,10
12.9039802551,80.1847305298,39764,39774,10
12.903380394,80.1844863892,39774,39785,11
12.9024600983,80.1842269897,39785,39795,10
12.9014902115,80.1839904785,39795,39805,10
12.9005804062,80.1836471558,39805,39815,10
12.8997001648,80.1831970215,39815,39825,10
12.8988800049,80.1827926636,39825,39835,10
12.8980398178,80.1823577881,39835,39845,10
12.897359848,80.1820373535,39845,39855,10
12.8972997665,80.1820220947,39855,39865,10
12.8971099854,80.1819229126,39865,39875,10
12.8966302872,80.1816635132,39875,39886,11
12.895939827,80.181312561,39886,39896,10
12.8952302933,80.1809387207,39896,39906,10
12.8943901062,80.1805267334,39906,39916,10
12.893289566,80.179977417,39916,39936,20
12.893289566,80.179977417,39936,39946,10
12.8931903839,80.1798019409,39946,39956,10
12.8929004669,80.1792526245,39956,39966,10
12.8925199509,80.178527832,39966,39975,9
12.8921003342,80.1777420044,39975,39986,11
12.8915901184,80.1768417358,39986,39997,11
12.8914699554,80.1766204834,39997,40007,10
12.8913898468,80.1764831543,40007,40017,10
12.8910799026,80.1759033203,40017,40027,10
12.8906803131,80.1751403809,40027,40037,10
12.8901700974,80.1744995117,40037,40047,10
12.8898696899,80.1744003296,40047,40057,10
12.8895902634,80.1742782593,40057,40067,10
12.8893003464,80.174118042,40067,40077,10
12.888710022,80.173828125,40077,40087,10
12.887960434,80.1734466553,40087,40098,11
12.8869104385,80.1728973389,40098,40108,10
12.8859596252,80.172416687,40108,40118,10
12.8849802017,80.1718902588,40118,40128,10
12.8839101791,80.1713409424,40128,40138,10
12.8829498291,80.1708374023,40138,40148,10
12.8824100494,80.1706314087,40148,40158,10
12.8823003769,80.1706924438,40158,40168,10
12.8819303513,80.1710205078,40168,40178,10
12.8814401627,80.1708831787,40178,40188,10
12.8809900284,80.1707229614,40188,40199,11
12.8802099228,80.1704101563,40199,40209,10
12.8799495697,80.1702804565,40209,40219,10
12.8796100616,80.1701126099,40219,40229,10
12.8788795471,80.1700210571,40229,40237,8
12.8740501404,80.1720123291,40237,40302,65
12.871219635,80.1738967896,40302,40333,31
12.871219635,80.1738967896,40333,40355,22
12.8691301346,80.1752929688,40355,40365,10
12.8684101105,80.1757888794,40365,40375,10
12.8678302765,80.1759490967,40375,40385,10
12.8670797348,80.1758728027,40385,40395,10
12.8662796021,80.1757888794,40395,40405,10
12.8654203415,80.1756973267,40405,40416,11
12.8651399612,80.1756820679,40416,40426,10
12.8650302887,80.1756286621,40426,40436,10
12.8645200729,80.1753692627,40436,40446,10
12.8637695313,80.1748962402,40446,40456,10
12.8627796173,80.1743011475,40456,40466,10
12.861700058,80.1738128662,40466,40476,10
12.8607196808,80.1733703613,40476,40486,10
12.8597002029,80.1729278564,40486,40496,10
12.8586997986,80.1725616455,40496,40506,10
12.8576498032,80.17237854,40506,40517,11
12.8573503494,80.1723403931,40517,40527,10
12.8568296432,80.1722488403,40527,40537,10
12.8563995361,80.1721725464,40537,40567,30
12.8563995361,80.1721725464,40567,40577,10
12.8562602997,80.1721572876,40577,40587,10
12.8560800552,80.1720809937,40587,40597,10
12.8555202484,80.1719207764,40597,40607,10
12.8547296524,80.1716766357,40607,40617,10
12.8537502289,80.1713790894,40617,40628,11
12.8525495529,80.1712036133,40628,40638,10
12.8513803482,80.1709976196,40638,40648,10
12.8501501083,80.1707992554,40648,40658,10
12.8489398956,80.1706008911,40658,40668,10
12.847700119,80.1703720093,40668,40678,10
12.8465003967,80.1702728271,40678,40688,10
12.845290184,80.1701889038,40688,40698,10
12.8440999985,80.1701278687,40698,40708,10
12.8427696228,80.1699676514,40708,40717,9
12.8415803909,80.1699676514,40717,40729,12
12.8401002884,80.1699371338,40729,40739,10
12.8390398026,80.1698989868,40739,40749,10
12.8384304047,80.169708252,40749,40759,10
12.8384103775,80.1696929932,40759,40769,10
12.838139534,80.1694412231,40769,40779,10
12.8378896713,80.1692962646,40779,40789,10
12.8373603821,80.1692123413,40789,40799,10
12.8370895386,80.1689300537,40799,40809,10
12.8368501663,80.1688232422,40809,40819,10
12.8365097046,80.1687164307,40819,40830,11
12.8364095688,80.1686782837,40830,40840,10
12.836230278,80.1686172485,40840,40850,10
12.8359804153,80.1684417725,40850,40860,10
12.8358001709,80.1679000854,40860,40870,10
12.8352603912,80.16771698,40870,40880,10
12.8345603943,80.1673736572,40880,40890,10
12.8337202072,80.1669006348,40890,40900,10
12.8334598541,80.1667633057,40900,40910,10
12.8331899643,80.1665878296,40910,40920,10
12.8325996399,80.1662521362,40920,40930,10
12.8317899704,80.1659088135,40930,40941,11
12.8307304382,80.1656036377,40941,40951,10
12.8296403885,80.1654205322,40951,40961,10
12.8284101486,80.1652526855,40961,40971,10
12.8276500702,80.1651687622,40971,41001,30
12.8276500702,80.1651687622,41001,41011,10
12.8276100159,80.1651382446,41011,41021,10
12.8273096085,80.1650085449,41021,41031,10
12.8271598816,80.164932251,41031,41042,11
12.8269195557,80.1647872925,41042,41052,10
12.8265104294,80.1645431519,41052,41062,10
12.825920105,80.1641693115,41062,41072,10
12.8251199722,80.1637496948,41072,41082,10
12.8241996765,80.1632232666,41082,41092,10
12.8230800629,80.1625595093,41092,41102,10
12.8218698502,80.1620635986,41102,41112,10
12.8205604553,80.1615066528,41112,41122,10
12.8192901611,80.1609725952,41122,41132,10
12.8182401657,80.1605224609,41132,41142,10
12.817990303,80.1604232788,41142,41152,10
12.8175497055,80.1603088379,41152,41162,10
12.8171796799,80.1602096558,41162,41172,10
12.8171300888,80.1602020264,41172,41182,10
12.8166599274,80.1601028442,41182,41193,11
12.8159103394,80.1599502563,41193,41203,10
12.8153600693,80.159828186,41203,41213,10
12.8146295547,80.1596984863,41213,41223,10
12.8136901855,80.159576416,41223,41233,10
12.8126497269,80.1594085693,41233,41243,10
12.8119697571,80.159362793,41243,41253,10
12.8116502762,80.1594161987,41253,41273,20
12.8116502762,80.1594161987,41273,41283,10
12.8115501404,80.1594619751,41283,41293,10
12.8111801147,80.159538269,41293,41303,10
12.8110599518,80.1595993042,41303,41313,10
12.8110399246,80.1596221924,41313,41323,10
12.8106803894,80.1596984863,41323,41333,10
12.8100004196,80.159576416,41333,41376,43
12.8100004196,80.159576416,41376,41386,10
12.8101501465,80.1596908569,41386,41396,10
12.8106002808,80.1596832275,41396,42206,810
12.8106002808,80.1596832275,42206,42216,10
12.8106603622,80.1596603394,42216,42226,10
12.8108997345,80.1596221924,42226,42236,10
12.8112001419,80.1595230103,42236,42246,10
12.8112802505,80.1595001221,42246,42256,10
12.8114700317,80.1594772339,42256,42266,10
12.8114900589,80.1594696045,42266,42276,10
12.8115701675,80.1594619751,42276,42286,10
12.8119497299,80.1593780518,42286,42294,8
12.8124799728,80.1593933105,42294,42305,11
12.8133201599,80.1595306396,42305,42317,12
12.8144397736,80.1596374512,42317,42327,10
12.8154401779,80.1598205566,42327,42337,10
12.8165197372,80.1600418091,42337,42344,7
12.8172101974,80.1602020264,42344,42357,13
12.8178596497,80.1603622437,42357,42367,10
12.8179197311,80.1603775024,42367,42377,10
12.8181800842,80.1604385376,42377,42387,10
12.8184204102,80.1605224609,42387,42397,10
12.8189601898,80.1607589722,42397,42407,10
12.819729805,80.1611175537,42407,42418,11
12.8207502365,80.1615600586,42418,42428,10
12.8217401505,80.1619796753,42428,42438,10
12.8227300644,80.1623764038,42438,42448,10
12.823679924,80.1628265381,42448,42458,10
12.8245897293,80.1633987427,42458,42468,10
12.8255300522,80.1639022827,42468,42478,10
12.8261604309,80.1642227173,42478,42488,10
12.8267002106,80.1645507813,42488,42498,10
12.8272399902,80.1648864746,42498,42508,10
12.827460289,80.1650238037,42508,42519,11
12.8277702332,80.1651077271,42519,42549,30
12.8277702332,80.1651077271,42549,42559,10
12.827870369,80.1651382446,42559,42569,10
12.8282299042,80.1651992798,42569,42579,10
12.8288698196,80.1652832031,42579,42589,10
12.8297100067,80.1653900146,42589,42598,9
12.8305902481,80.1655502319,42598,42609,11
12.8315896988,80.1657867432,42609,42619,10
12.8325595856,80.1661911011,42619,42630,11
12.8334999084,80.1667022705,42630,42640,10
12.8336496353,80.1667709351,42640,42650,10
12.8341398239,80.1670227051,42650,42660,10
12.8348798752,80.1674423218,42660,42670,10
12.8356103897,80.1677398682,42670,42680,10
12.8358697891,80.167930603,42680,42690,10
12.8359603882,80.1682815552,42690,42700,10
12.836230278,80.168586731,42700,42710,10
12.8365001678,80.1686782837,42710,42720,10
12.8367700577,80.168762207,42720,42731,11
12.8370800018,80.1688766479,42731,42741,10
12.8372297287,80.1690979004,42741,42751,10
12.8377399445,80.1692886353,42751,42761,10
12.8381299973,80.169380188,42761,42771,10
12.8383798599,80.1696166992,42771,42781,10
12.8385000229,80.1696777344,42781,42791,10
12.838809967,80.1698074341,42791,42801,10
12.8394603729,80.169960022,42801,42811,10
12.8402099609,80.1699295044,42811,42821,10
12.8411798477,80.1699676514,42821,42832,11
12.8424100876,80.1699295044,42832,42842,10
12.8434896469,80.1699981689,42842,42852,10
12.8445301056,80.1701278687,42852,42862,10
12.845700264,80.170211792,42862,42872,10
12.8469200134,80.170249939,42872,42882,10
12.8475799561,80.1703186035,42882,42892,10
12.847700119,80.1703491211,42892,42902,10
12.8482103348,80.1704483032,42902,42912,10
12.8490104675,80.1705932617,42912,42922,10
12.8499803543,80.170753479,42922,42932,10
12.8509197235,80.1709213257,42932,42943,11
12.8520298004,80.1711120605,42943,42953,10
12.8529701233,80.1712188721,42953,42963,10
12.853269577,80.171257019,42963,42973,10
12.853679657,80.171333313,42973,42983,10
12.8543796539,80.1715164185,42983,42993,10
12.8552398682,80.1717834473,42993,43003,10
12.8563604355,80.1720809937,43003,43033,30
12.8563604355,80.1720809937,43033,43043,10
12.8564195633,80.172088623,43043,43053,10
12.8567800522,80.1721801758,43053,43063,10
12.8569202423,80.1722106934,43063,43073,10
12.8569803238,80.1722183228,43073,43083,10
12.8573799133,80.1723022461,43083,43093,10
12.8576803207,80.1723632813,43093,43103,10
12.8582000732,80.1724624634,43103,43113,10
12.8589696884,80.1725997925,43113,43124,11
12.8596801758,80.1728668213,43124,43133,9
12.859919548,80.1729812622,43133,43144,11
12.8605804443,80.1732635498,43144,43154,10
12.861410141,80.1736297607,43154,43164,10
12.8623399734,80.174041748,43164,43174,10
12.8632297516,80.1745300293,43174,43184,10
12.864109993,80.1750869751,43184,43194,10
12.8653802872,80.1756896973,43194,43214,20
12.8653802872,80.1756896973,43214,43224,10
12.8656396866,80.1757202148,43224,43235,11
12.866350174,80.1757888794,43235,43244,9
12.8670196533,80.1758575439,43244,43257,13
12.8681097031,80.1759262085,43257,43267,10
12.8688602448,80.1754837036,43267,43277,10
12.8696804047,80.174911499,43277,43287,10
12.8706302643,80.1742706299,43287,43297,10
12.8716001511,80.173576355,43297,43304,7
12.8723602295,80.1731033325,43304,43317,13
12.8736696243,80.1722412109,43317,43326,9
12.8801002502,80.1702804565,43326,43395,69
12.8817501068,80.1709518433,43395,43425,30
12.8817501068,80.1709518433,43425,43459,34
12.8827800751,80.1707305908,43459,43469,10
12.8833904266,80.171043396,43469,43479,10
12.884180069,80.1714401245,43479,43489,10
12.8850898743,80.1719207764,43489,43499,10
12.8860197067,80.1724014282,43499,43509,10
12.8868598938,80.1728286743,43509,43519,10
12.8878698349,80.1733627319,43519,43529,10
12.8888502121,80.1738586426,43529,43539,10
12.8895597458,80.1742095947,43539,43549,10
12.8897895813,80.1742782593,43549,43559,10
12.8900499344,80.1743774414,43559,43570,11
12.8904104233,80.1745910645,43570,43580,10
12.8904695511,80.174659729,43580,43590,10
12.8906002045,80.1748886108,43590,43600,10
12.890879631,80.1754302979,43600,43610,10
12.891579628,80.176651001,43610,43630,20
12.891579628,80.176651001,43630,43640,10
12.8915996552,80.1766891479,43640,43650,10
12.8917703629,80.1770324707,43650,43660,10
12.8921003342,80.1776580811,43660,43670,10
12.8925600052,80.1784667969,43670,43681,11
12.8931303024,80.1795196533,43681,43691,10
12.893699646,80.1801071167,43691,43701,10
12.8938999176,80.18019104,43701,43711,10
12.8941202164,80.1802978516,43711,43721,10
12.8947095871,80.1806030273,43721,43731,10
12.8955097198,80.1809768677,43731,43741,10
12.8963804245,80.1813964844,43741,43751,10
12.8976602554,80.1820373535,43751,43781,30
12.8976602554,80.1820373535,43781,43792,11
12.8979701996,80.182220459,43792,43802,10
12.8985900879,80.1825408936,43802,43812,10
12.8993797302,80.1829528809,43812,43822,10
12.900179863,80.1833496094,43822,43831,9
12.9009103775,80.1837081909,43831,43842,11
12.9019603729,80.1840286255,43842,43852,10
12.9029903412,80.1843185425,43852,43862,10
12.9038896561,80.1846008301,43862,43872,10
12.9041004181,80.185043335,43872,43882,10
12.9040603638,80.1858215332,43882,43893,11
12.9040002823,80.1868362427,43893,43903,10
12.9043197632,80.1875610352,43903,43913,10
12.9050598145,80.1880264282,43913,43923,10
12.90583992,80.1884994507,43923,43933,10
12.9065103531,80.1889190674,43933,43943,10
12.9066295624,80.1890029907,43943,43953,10
12.9067802429,80.1891021729,43953,43963,10
12.9071903229,80.1894226074,43963,43973,10
12.9077396393,80.1898574829,43973,43983,10
12.9083499908,80.1903381348,43983,43994,11
12.9091501236,80.1909408569,43994,44004,10
12.9098300934,80.1914672852,44004,44014,10
12.9105100632,80.1916275024,44014,44024,10
12.9112596512,80.1917419434,44024,44034,10
12.9119501114,80.1918334961,44034,44044,10
12.9121904373,80.1918563843,44044,44054,10
12.9123497009,80.1918869019,44054,44064,10
12.9128398895,80.1919403076,44064,44074,10
12.9135599136,80.1920394897,44074,44084,10
12.9143400192,80.1921234131,44084,44094,10
12.9151697159,80.1921920776,44094,44104,10
12.9159402847,80.192237854,44104,44114,10
12.9166498184,80.1922988892,44114,44124,10
12.9171199799,80.1920089722,44124,44154,30
12.9171199799,80.1920089722,44154,44164,10
12.9171800613,80.1918029785,44164,44175,11
12.9172897339,80.1912231445,44175,44184,9
12.9173297882,80.1905975342,44184,44195,11
12.9173402786,80.1903991699,44195,44205,10
12.9174499512,80.1904602051,44205,44215,10
12.9174003601,80.1908035278,44215,44225,10
12.9173202515,80.1914520264,44225,44235,10
12.9172000885,80.1922988892,44235,44245,10
12.9170999527,80.1930236816,44245,44265,20
12.9170999527,80.1930236816,44265,44275,10
12.9170598984,80.1931533813,44275,44285,10
12.9170598984,80.1934890747,44285,44296,11
12.9171199799,80.1940002441,44296,44305,9
12.9172697067,80.1943206787,44305,44318,13
12.9177904129,80.1947937012,44318,44328,10
12.9182901382,80.1952514648,44328,44338,10
12.9188404083,80.1957778931,44338,44348,10
12.9193696976,80.1962203979,44348,44358,10
12.9201002121,80.1965637207,44358,44368,10
12.9208202362,80.1967926025,44368,44378,10
12.9208803177,80.1968078613,44378,44388,10
12.9210195541,80.1968612671,44388,44398,10
12.9215297699,80.1970596313,44398,44406,8
12.9221401215,80.197227478,44406,44419,13
12.9232997894,80.1974029541,44419,44429,10
12.9241695404,80.1975021362,44429,44439,10
12.9250602722,80.1974868774,44439,44449,10
12.9253501892,80.197479248,44449,44459,10
12.9258003235,80.197479248,44459,44469,10
12.9263801575,80.1975479126,44469,44479,10
12.9264097214,80.1975479126,44479,44489,10
12.9265699387,80.197593689,44489,44499,10
12.9270000458,80.1977996826,44499,44509,10
12.9276103973,80.1982269287,44509,44520,11
12.9280700684,80.1990432739,44520,44530,10
12.9283895493,80.1999130249,44530,44540,10
12.9284496307,80.200881958,44540,44550,10
12.9284896851,80.2017669678,44550,44560,10
12.9285297394,80.2024078369,44560,44570,10
12.9294300079,80.2027206421,44570,44590,20
12.9294300079,80.2027206421,44590,44600,10
12.9297599792,80.2027511597,44600,44609,9
12.9302396774,80.2028121948,44609,44620,11
12.9309597015,80.2029724121,44620,44631,11
12.9317598343,80.2032318115,44631,44641,10
12.9324798584,80.2034683228,44641,44651,10
12.9329996109,80.2036590576,44651,44661,10
12.9335203171,80.2038116455,44661,44671,10
12.9339704514,80.2038574219,44671,44681,10
12.9339895248,80.2038574219,44681,44691,10
12.9343099594,80.2038803101,44691,44701,10
12.9349803925,80.2040023804,44701,44711,10
12.9356403351,80.2042770386,44711,44720,9
12.9362897873,80.2044906616,44720,44732,12
12.9371204376,80.2047195435,44732,44742,10
12.9377603531,80.2049179077,44742,44752,10
12.9383497238,80.205078125,44752,44762,10
12.9390001297,80.2052764893,44762,44772,10
12.9396295547,80.2054595947,44772,44782,10
12.9397602081,80.2054977417,44782,44792,10
12.9399204254,80.2055435181,44792,44802,10
12.940030098,80.2055664063,44802,44812,10
12.9401102066,80.2055969238,44812,44822,10
12.940580368,80.2057495117,44822,44833,11
12.9413099289,80.2060775757,44833,44843,10
12.9420204163,80.2065582275,44843,44853,10
12.9426403046,80.2071075439,44853,44863,10
12.9430398941,80.207649231,44863,44873,10
12.9435997009,80.2080612183,44873,44883,10
12.9442396164,80.2082901001,44883,44893,10
12.9443502426,80.2083282471,44893,44903,10
12.9445199966,80.2083969116,44903,44913,10
12.9450702667,80.2086105347,44913,44923,10
12.9458599091,80.2088317871,44923,44933,10
12.9467601776,80.2091674805,44933,44944,11
12.9478702545,80.2095184326,44944,44954,10
12.9484996796,80.2097015381,44954,44964,10
12.9487104416,80.2098007202,44964,44974,10
12.9490499496,80.2099075317,44974,44984,10
12.9491796494,80.2098922729,44984,44994,10
12.9497900009,80.2101516724,44994,45004,10
12.9505901337,80.2105789185,45004,45014,10
12.9514703751,80.2110824585,45014,45024,10
12.9524002075,80.2114715576,45024,45034,10
12.9536600113,80.2119598389,45034,45055,21
12.9536600113,80.2119598389,45055,45065,10
12.9536600113,80.2120132446,45065,45075,10
12.9540100098,80.2121505737,45075,45085,10
12.9547100067,80.2124099731,45085,45095,10
12.9555797577,80.2127532959,45095,45105,10
12.9563598633,80.2130737305,45105,45115,10
12.9572496414,80.2134017944,45115,45125,10
12.9582500458,80.2138137817,45125,45135,10
12.9591503143,80.2141799927,45135,45145,10
12.9600400925,80.2145233154,45145,45155,10
12.9607896805,80.2147979736,45155,45165,10
12.961640358,80.2151565552,45165,45175,10
12.9626598358,80.2155685425,45175,45185,10
12.963549614,80.2158966064,45185,45196,11
12.964220047,80.2161483765,45196,45206,10
12.964220047,80.2161636353,45206,45216,10
12.9643802643,80.2162322998,45216,45226,10
12.9649000168,80.216468811,45226,45236,10
12.9656200409,80.216758728,45236,45246,10
12.9664096832,80.217086792,45246,45256,10
12.9672002792,80.2174301147,45256,45266,10
12.9679098129,80.2177200317,45266,45276,10
12.9686803818,80.2180099487,45276,45286,10
12.9696397781,80.2183837891,45286,45296,10
12.9706401825,80.2187805176,45296,45306,10
12.9712095261,80.2189483643,45306,45326,20
12.9712095261,80.2189483643,45326,45336,10
12.9713497162,80.21900177,45336,45346,10
12.9717702866,80.2191925049,45346,45359,13
12.9726400375,80.2195281982,45359,45369,10
12.9734401703,80.2198028564,45369,45379,10
12.974240303,80.2201538086,45379,45389,10
12.9749603271,80.2205200195,45389,45399,10
12.975520134,80.2207489014,45399,45409,10
12.9757604599,80.2210235596,45409,45419,10
12.9758796692,80.2211837769,45419,45429,10
12.9760799408,80.2212219238,45429,45470,41
12.9760799408,80.2212219238,45470,45480,10
12.9763803482,80.2211990356,45480,45490,10
12.9768896103,80.2211990356,45490,45500,10
12.9775400162,80.2211685181,45500,45510,10
12.9784202576,80.2211380005,45510,45520,10
12.9792995453,80.2210769653,45520,45530,10
12.980219841,80.2210083008,45530,45540,10
12.9810695648,80.2210388184,45540,45550,10
12.9816799164,80.2213592529,45550,45560,10
12.9821300507,80.2216567993,45560,45571,11
12.9829702377,80.2219467163,45571,45601,30
12.9829702377,80.2219467163,45601,45611,10
12.9832000732,80.2221374512,45611,45621,10
12.9836196899,80.2224273682,45621,45631,10
12.9840202332,80.22265625,45631,45641,10
12.9845104218,80.2229614258,45641,45651,10
12.984749794,80.2231216431,45651,45661,10
12.9852199554,80.2232589722,45661,45670,9
12.9856595993,80.2229690552,45670,45682,12
12.9864702225,80.2229614258,45682,45702,20
12.9864702225,80.2229614258,45702,45712,10
12.9868803024,80.2229919434,45712,45722,10
12.9871196747,80.2230377197,45722,45732,10
12.9876203537,80.2230224609,45732,45742,10
12.988240242,80.2226104736,45742,45752,10
12.9887800217,80.2220611572,45752,45762,10
12.9893598557,80.2213516235,45762,45772,10
12.9904403687,80.2202529907,45772,45793,21
12.9904403687,80.2202529907,45793,45803,10
12.9907197952,80.2200164795,45803,45813,10
12.9911804199,80.2196807861,45813,45823,10
12.9913396835,80.219581604,45823,45833,10
12.991689682,80.2193603516,45833,45843,10
12.9921302795,80.2190093994,45843,45853,10
12.9928102493,80.2185516357,45853,45863,10
12.9936504364,80.2178878784,45863,45873,10
12.9944095612,80.217300415,45873,45884,11
12.9953203201,80.2167434692,45884,45894,10
12.9962596893,80.2165222168,45894,45904,10
12.9969902039,80.2164306641,45904,45914,10
12.9975500107,80.216468811,45914,45934,20
12.9975500107,80.216468811,45934,45944,10
12.9977903366,80.2164993286,45944,45954,10
12.9982299805,80.2166137695,45954,45964,10
12.9989595413,80.2169265747,45964,45974,10
12.9997501373,80.2173995972,45974,45984,10
13.0006103516,80.2179336548,45984,45995,11
13.0014801025,80.2185211182,45995,46005,10
13.0021295547,80.2192077637,46005,46015,10
13.0029602051,80.2197875977,46015,46025,10
13.0047197342,80.2201919556,46025,46045,20
13.0047197342,80.2201919556,46045,46055,10
13.0048904419,80.2202529907,46055,46065,10
13.0054397583,80.2203979492,46065,46075,10
13.0062799454,80.2205734253,46075,46085,10
13.0072002411,80.220993042,46085,46096,11
13.0082998276,80.2215576172,46096,46106,10
13.0087299347,80.2217636108,46106,46116,10
13.0089502335,80.221862793,46116,46126,10
13.0093297958,80.2220993042,46126,46136,10
13.0099897385,80.222442627,46136,46146,10
13.0108098984,80.2228622437,46146,46156,10
13.0111999512,80.2231063843,46156,46166,10
13.0112895966,80.2231369019,46166,46176,10
13.011349678,80.2231216431,46176,46186,10
13.0114603043,80.2227706909,46186,46196,10
13.0116701126,80.2221832275,46196,46207,11
13.0121498108,80.2214889526,46207,46217,10
13.012430191,80.2217712402,46217,46229,12
13.0130500793,80.2224578857,46229,46239,10
13.0137195587,80.2231521606,46239,46249,10
13.0144300461,80.2239532471,46249,46259,10
13.0154104233,80.2249069214,46259,46289,30
13.0154104233,80.2249069214,46289,46299,10
13.0155601501,80.2249984741,46299,46310,11
13.0160303116,80.2253417969,46310,46320,10
13.0167798996,80.2252120972,46320,46330,10
13.0176496506,80.224861145,46330,46340,10
13.0185403824,80.2245025635,46340,46350,10
13.0193901062,80.2243728638,46350,46360,10
13.0201101303,80.224822998,46360,46370,10
13.0207796097,80.2252807617,46370,46380,10
13.0213699341,80.2257385254,46380,46390,10
13.0220003128,80.2261734009,46390,46431,41
13.0220003128,80.2261734009,46431,46441,10
13.0222196579,80.2263717651,46441,46451,10
13.0226697922,80.2267684937,46451,46461,10
13.0232601166,80.2273330688,46461,46471,10
13.0238304138,80.2278671265,46471,46481,10
13.0243196487,80.2284164429,46481,46491,10
13.0247402191,80.2289962769,46491,46501,10
13.0252799988,80.2297210693,46501,46512,11
13.0258197784,80.2305526733,46512,46522,10
13.0259399414,80.2309188843,46522,46532,10
13.0260095596,80.2312469482,46532,46542,10
13.0263795853,80.2312164307,46542,46552,10
13.0272397995,80.231010437,46552,46562,10
13.0283298492,80.2308578491,46562,46592,30
13.0283298492,80.2308578491,46592,46602,10
13.0285797119,80.2308578491,46602,46612,10
13.0290803909,80.2308502197,46612,46623,11
13.0295600891,80.230758667,46623,46633,10
13.0300502777,80.230682373,46633,46643,10
13.0305595398,80.2306518555,46643,46653,10
13.030960083,80.2306213379,46653,46663,10
13.0312700272,80.2305984497,46663,46673,10
13.0319795609,80.2305374146,46673,46682,9
13.0326900482,80.2305221558,46682,46694,12
13.0331602097,80.2304763794,46694,46745,51
13.0331602097,80.2304763794,46745,46755,10
13.0334796906,80.2304382324,46755,46815,60
13.0334796906,80.2304382324,46815,46825,10
13.0338401794,80.23046875,46825,46836,11
13.0339698792,80.23046875,46836,46846,10
13.0341901779,80.2304077148,46846,46866,20
13.0341901779,80.2304077148,46866,46876,10
13.0344495773,80.2303237915,46876,46886,10
13.0347995758,80.2301864624,46886,46936,50
13.0347995758,80.2301864624,46936,46946,10
13.0347995758,80.2299194336,46946,48178,1232
13.0347995758,80.2299194336,48178,48188,10
13.0346002579,80.2299194336,48188,48198,10
13.0343704224,80.229888916,48198,48443,245
13.0341396332,80.2302093506,48443,48463,20
13.0341396332,80.2302093506,48463,48473,10
13.0340003967,80.2304000854,48473,48483,10
13.0337095261,80.2304534912,48483,48493,10
13.0332403183,80.2304763794,48493,48549,56
13.0305204391,80.2307434082,48549,48561,12
13.02987957,80.230796814,48561,48581,20
13.02987957,80.230796814,48581,48591,10
13.0296697617,80.2308425903,48591,48601,10
13.0295295715,80.2308502197,48601,48611,10
13.029250145,80.2308731079,48611,48621,10
13.0288295746,80.2309036255,48621,48634,13
13.0283002853,80.2309570313,48634,48644,10
13.0277795792,80.2310180664,48644,48654,10
13.0276699066,80.231300354,48654,48664,10
13.0277204514,80.231880188,48664,48674,10
13.0278596878,80.2326126099,48674,48684,10
13.0275001526,80.2328262329,48684,48694,10
13.0270595551,80.232963562,48694,48704,10
13.0270395279,80.232963562,48704,48714,10
13.0269603729,80.2329483032,48714,48724,10
13.0267295837,80.233001709,48724,48735,11
13.026260376,80.2324829102,48735,48755,20
13.026260376,80.2324829102,48755,48765,10
13.0262098312,80.2323532104,48765,48775,10
13.0261802673,80.2322921753,48775,48785,10
13.0261297226,80.232131958,48785,48795,10
13.0260801315,80.231918335,48795,48805,10
13.02602005,80.2317276001,48805,48815,10
13.0259399414,80.2313766479,48815,48825,10
13.0257501602,80.2307281494,48825,48835,10
13.0253000259,80.2299728394,48835,48846,11
13.0249795914,80.2295532227,48846,48856,10
13.0248498917,80.2293930054,48856,48866,10
13.0245304108,80.2289733887,48866,48876,10
13.024140358,80.2284164429,48876,48886,10
13.0236797333,80.2278900146,48886,48896,10
13.0233898163,80.2276077271,48896,48906,10
13.0230302811,80.2274093628,48906,48957,51
13.0230302811,80.2274093628,48957,48967,10
13.0228700638,80.2273101807,48967,48977,10
13.0226802826,80.2270584106,48977,48987,10
13.0223197937,80.2266464233,48987,48997,10
13.0217599869,80.2261962891,48997,49007,10
13.0211896896,80.2257537842,49007,49017,10
13.0206298828,80.2253417969,49017,49027,10
13.0202798843,80.2251205444,49027,49037,10
13.0201702118,80.2250366211,49037,49047,10
13.0198698044,80.224822998,49047,49058,11
13.019200325,80.2245407104,49058,49068,10
13.0183401108,80.2247161865,49068,49078,10
13.0173597336,80.225112915,49078,49088,10
13.0166597366,80.2253875732,49088,49098,10
13.0163497925,80.2255096436,49098,49108,10
13.0158395767,80.2256698608,49108,49118,10
13.0153598785,80.2258682251,49118,49128,10
13.0148601532,80.2260665894,49128,49138,10
13.0144100189,80.2262573242,49138,49159,21
13.0144100189,80.2262573242,49159,49169,10
13.0142698288,80.2262802124,49169,49179,10
13.0137395859,80.2264633179,49179,49189,10
13.0129804611,80.2267608643,49189,49199,10
13.0121097565,80.2270584106,49199,49209,10
13.0111703873,80.2274169922,49209,49219,10
13.0102100372,80.2278137207,49219,49229,10
13.0095396042,80.2278213501,49229,49239,10
13.0095596313,80.2274780273,49239,49249,10
13.0098400116,80.2269134521,49249,49259,10
13.0101099014,80.2261428833,49259,49270,11
13.0105800629,80.2250671387,49270,49290,20
13.0105800629,80.2250671387,49290,49300,10
13.010720253,80.2247772217,49300,49310,10
13.0109596252,80.2240524292,49310,49320,10
13.0112600327,80.2232589722,49320,49330,10
13.0109996796,80.2229766846,49330,49340,10
13.0104598999,80.2227935791,49340,49350,10
13.0103998184,80.2227630615,49350,49360,10
13.0101900101,80.222618103,49360,49371,11
13.0095901489,80.2223205566,49371,49381,10
13.0088100433,80.2218780518,49381,49391,10
13.0079298019,80.2214126587,49391,49401,10
13.0069599152,80.2209625244,49401,49411,10
13.0059299469,80.2205810547,49411,49421,10
13.0048799515,80.2203292847,49421,49431,10
13.0046901703,80.2202835083,49431,49441,10
13.0044298172,80.2202072144,49441,49451,10
13.0038099289,80.2200698853,49451,49461,10
13.0029697418,80.2198486328,49461,49471,10
13.0021495819,80.21925354,49471,49482,11
13.0014295578,80.218536377,49482,49492,10
13.000670433,80.2180175781,49492,49503,11
12.9997501373,80.2174301147,49503,49512,9
12.9988698959,80.2169494629,49512,49522,10
12.9978704453,80.216583252,49522,49532,10
12.9973497391,80.2165374756,49532,49572,40
12.9973497391,80.2165374756,49572,49584,12
12.997010231,80.2165298462,49584,49592,8
12.9965000153,80.2165603638,49592,49604,12
12.9955997467,80.2167663574,49604,49614,10
12.995010376,80.2171020508,49614,49622,8
12.9948997498,80.2171783447,49622,49634,12
12.9944696426,80.2174987793,49634,49644,10
12.9938898087,80.2179336548,49644,49654,10
12.9932098389,80.2183990479,49654,49664,10
12.9924898148,80.218963623,49664,49674,10
12.9917697906,80.2195129395,49674,49685,11
12.991230011,80.2199630737,49685,49695,10
12.9907999039,80.2202301025,49695,49705,10
12.9907903671,80.2202301025,49705,49715,10
12.9906997681,80.2202301025,49715,49725,10
12.9903297424,80.2204971313,49725,49735,10
12.9897403717,80.2210464478,49735,49745,10
12.9891500473,80.2218399048,49745,49755,10
12.9884195328,80.2226715088,49755,49765,10
12.9877500534,80.22315979,49765,49775,10
12.9876403809,80.2231369019,49775,49785,10
12.9874897003,80.2230911255,49785,49796,11
12.9869403839,80.2230377197,49796,49806,10
12.9861602783,80.2229537964,49806,49816,10
12.9854803085,80.223197937,49816,49826,10
12.985039711,80.2232437134,49826,49836,10
12.9843997955,80.22290802,49836,49846,10
12.9837903976,80.2225799561,49846,49856,10
12.9832401276,80.2222137451,49856,49897,41
12.9832401276,80.2222137451,49897,49907,10
12.9829301834,80.222038269,49907,49917,10
12.9824695587,80.2218780518,49917,49927,10
12.9818201065,80.2215881348,49927,49937,10
12.9811496735,80.2212219238,49937,49947,10
12.9802999496,80.2211227417,49947,49957,10
12.9793395996,80.2211608887,49957,49967,10
12.9785299301,80.2211990356,49967,49977,10
12.9777698517,80.2212295532,49977,49987,10
12.9771604538,80.2212677002,49987,49997,10
12.9766397476,80.2212905884,49997,50008,11
12.976099968,80.221321106,50008,50018,10
12.9757699966,80.2212219238,50018,50028,10
12.9754495621,80.2209472656,50028,50078,50
12.9754495621,80.2209472656,50078,50088,10
12.9752702713,80.2208099365,50088,50098,10
12.9747800827,80.2205810547,50098,50109,11
12.9739904404,80.2202606201,50109,50119,10
12.9733400345,80.2200012207,50119,50129,10
12.9725503922,80.2196884155,50129,50139,10
12.9716701508,80.219329834,50139,50149,10
12.9710102081,80.2191772461,50149,50159,10
12.9709796906,80.2191696167,50159,50169,10
12.9707899094,80.2190475464,50169,50179,10
12.9702100754,80.2187576294,50179,50189,10
12.969420433,80.2184295654,50189,50199,10
12.9686002731,80.2180862427,50199,50209,10
12.9677400589,80.2177734375,50209,50220,11
12.9668197632,80.2173919678,50220,50230,10
12.9658298492,80.2169799805,50230,50240,10
12.9648103714,80.2165908813,50240,50250,10
12.9638700485,80.2162094116,50250,50260,10
12.9630403519,80.2158203125,50260,50270,10
12.9628400803,80.2157363892,50270,50280,10
12.9627599716,80.2156906128,50280,50290,10
12.9622802734,80.2155227661,50290,50300,10
12.961520195,80.2152099609,50300,50310,10
12.9605703354,80.2148284912,50310,50321,11
12.9593095779,80.2143325806,50321,50331,10
12.9580698013,80.2138290405,50331,50341,10
12.9569101334,80.2133636475,50341,50351,10
12.9556999207,80.212890625,50351,50361,10
12.9545698166,80.2124481201,50361,50371,10
12.9538497925,80.2121963501,50371,50381,10
12.9538297653,80.2121887207,50381,50392,11
12.9536399841,80.212097168,50392,50402,10
12.9530696869,80.2118835449,50402,50412,10
12.9522800446,80.2115783691,50412,50422,10
12.9513397217,80.2112579346,50422,50432,10
12.9502296448,80.2108535767,50432,50442,10
12.9486198425,80.2102584839,50442,50472,30
12.9486198425,80.2102584839,50472,50482,10
12.9483804703,80.2102203369,50482,50492,10
12.9477701187,80.2099533081,50492,50502,10
12.9468698502,80.2095794678,50502,50512,10
12.9458503723,80.2091598511,50512,50522,10
12.9448204041,80.2086486816,50522,50535,13
12.9442300797,80.2084121704,50535,50545,10
12.9442100525,80.2083892822,50545,50555,10
12.9438400269,80.2082214355,50555,50565,10
12.9432201385,80.2079467773,50565,50575,10
12.94272995,80.2073898315,50575,50585,10
12.9421596527,80.2067871094,50585,50595,10
12.9410800934,80.2060699463,50595,50615,20
12.9410800934,80.2060699463,50615,50622,7
12.9409599304,80.2060012817,50622,50636,14
12.9402704239,80.2057800293,50636,50646,10
12.9395704269,80.2055664063,50646,50656,10
12.9388198853,80.205329895,50656,50666,10
12.9379796982,80.2050933838,50666,50676,10
12.9370603561,80.2048568726,50676,50686,10
12.9361400604,80.2045822144,50686,50696,10
12.9353103638,80.204246521,50696,50705,9
12.9345302582,80.2040023804,50705,50716,11
12.9337396622,80.2039489746,50716,50726,10
12.9336900711,80.2039489746,50726,50736,10
12.933549881,80.203918457,50736,50747,11
12.9330396652,80.2037734985,50747,50757,10
12.9324903488,80.2035369873,50757,50767,10
12.9318799973,80.2033462524,50767,50777,10
12.931189537,80.2031173706,50777,50787,10
12.9304704666,80.2029190063,50787,50797,10
12.9297199249,80.2028121948,50797,50807,10
12.9294996262,80.202796936,50807,50817,10
12.9293298721,80.2027893066,50817,50827,10
12.9287500381,80.2027206421,50827,50837,10
12.9284896851,80.2021179199,50837,50848,11
12.9284496307,80.2012023926,50848,50858,10
12.9283895493,80.2001724243,50858,50868,10
12.9280195236,80.1990280151,50868,50878,10
12.9273700714,80.1980819702,50878,50888,10
12.9263000488,80.1976089478,50888,50918,30
12.9263000488,80.1976089478,50918,50928,10
12.9260997772,80.1975708008,50928,50938,10
12.9255599976,80.1975326538,50938,50948,10
12.9252796173,80.1975326538,50948,50959,11
12.9246196747,80.197517395,50959,50969,10
12.9237499237,80.1974868774,50969,50979,10
12.9229402542,80.1973800659,50979,50989,10
12.9220199585,80.1972732544,50989,51009,20
12.9220199585,80.1972732544,51009,51019,10
12.9216995239,80.1971817017,51019,51029,10
12.9210700989,80.1969528198,51029,51039,10
12.9204597473,80.1967391968,51039,51049,10
12.9197998047,80.1965179443,51049,51060,11
12.9190797806,80.1960906982,51060,51070,10
12.918680191,80.1957397461,51070,51080,10
12.9182796478,80.1953811646,51080,51090,10
12.9177598953,80.1949005127,51090,51100,10
12.9172000885,80.1943435669,51100,51110,10
12.9170398712,80.1940307617,51110,51120,10
12.9169902802,80.1935424805,51120,51130,10
12.9170303345,80.1928634644,51130,51140,10
12.9170799255,80.1924209595,51140,51150,10
12.9166698456,80.1923370361,51150,51181,31
12.9166698456,80.1923370361,51181,51191,10
12.916560173,80.1922836304,51191,51201,10
12.9160499573,80.1922531128,51201,51211,10
12.9152498245,80.1922225952,51211,51221,10
12.9143295288,80.1921386719,51221,51231,10
12.9134197235,80.1920318604,51231,51241,10
12.9123697281,80.1918792725,51241,51251,10
12.9111499786,80.1917419434,51251,51261,10
12.9100103378,80.1915893555,51261,51272,11
12.9097604752,80.1914825439,51272,51282,10
12.9096403122,80.191368103,51282,51292,10
12.9091300964,80.1910095215,51292,51302,10
12.9083499908,80.1904220581,51302,51312,10
12.9074602127,80.1897277832,51312,51322,10
12.9065999985,80.1890792847,51322,51332,10
12.9061803818,80.1887893677,51332,51342,10
12.906129837,80.1887435913,51342,51352,10
12.9056997299,80.1884765625,51352,51362,10
12.9049501419,80.1880111694,51362,51372,10
12.9041004181,80.1874389648,51372,51382,10
12.9039697647,80.1865615845,51382,51392,10
12.9040203094,80.1853790283,51392,51402,10
12.9038200378,80.1846008301,51402,51413,11
12.9029798508,80.1843490601,51413,51422,9
12.902130127,80.1841201782,51422,51433,11
12.9010696411,80.1838226318,51433,51443,10
12.9000196457,80.1833496094,51443,51453,10
12.8988599777,80.1827774048,51453,51463,10
12.897939682,80.1822967529,51463,51473,10
12.8977499008,80.1821975708,51473,51483,10
12.8973703384,80.1820373535,51483,51493,10
12.897359848,80.1820373535,51493,51503,10
12.8972902298,80.1820068359,51503,51513,10
12.8968000412,80.1817398071,51513,51523,10
12.8960103989,80.1813201904,51523,51533,10
12.8950796127,80.1808395386,51533,51543,10
12.8941898346,80.1803894043,51543,51553,10
12.8934803009,80.1800918579,51553,51563,10
12.8933601379,80.1800231934,51563,51573,10
12.8932504654,80.179901123,51573,51586,13
12.8927698135,80.1790008545,51586,51596,10
12.8922595978,80.1780319214,51596,51606,10
12.8914804459,80.176612854,51606,51626,20
12.8914804459,80.176612854,51626,51636,10
12.891289711,80.1762313843,51636,51646,10
12.8908596039,80.175453186,51646,51656,10
12.8902902603,80.1745376587,51656,51666,10
12.8898601532,80.1743774414,51666,51676,10
12.8895397186,80.1742172241,51676,51686,10
12.8890895844,80.1740112305,51686,51697,11
12.8882598877,80.1735687256,51697,51707,10
12.8873596191,80.1731033325,51707,51717,10
12.8862895966,80.1725616455,51717,51727,10
12.8854398727,80.1721115112,51727,51737,10
12.8847703934,80.1717605591,51737,51747,10
12.8838796616,80.1713104248,51747,51757,10
12.8829402924,80.1708297729,51757,51767,10
12.8823699951,80.1706314087,51767,51777,10
12.8823404312,80.1706390381,51777,51787,10
12.882060051,80.1709671021,51787,51798,11
12.8813896179,80.1708374023,51798,51808,10
12.8807497025,80.1706237793,51808,51818,10
12.8800096512,80.1702728271,51818,51828,10
12.8799200058,80.170211792,51828,51838,10
12.8797702789,80.1701278687,51838,51848,10
12.8791503906,80.1699295044,51848,51858,10
12.8781900406,80.1700973511,51858,51868,10
12.8770198822,80.170463562,51868,51878,10
12.8760700226,80.1707763672,51878,51888,10
12.8752202988,80.1712493896,51888,51898,10
12.8741598129,80.1719284058,51898,51909,11
12.8728504181,80.1728134155,51909,51917,8
12.8718395233,80.1734771729,51917,51930,13
12.8703098297,80.1745071411,51930,51940,10
12.8691701889,80.17527771,51940,51950,10
12.8681602478,80.1759414673,51950,51960,10
12.8671703339,80.1758880615,51960,51970,10
12.8661403656,80.17578125,51970,51980,10
12.8653497696,80.1757125854,51980,51990,10
12.8652601242,80.1756973267,51990,52000,10
12.8652000427,80.1756896973,52000,52011,11
12.8646297455,80.1754302979,52011,52021,10
12.8639001846,80.1750030518,52021,52031,10
12.8632001877,80.1745529175,52031,52041,10
12.8623504639,80.1740875244,52041,52051,10
12.861700058,80.1737976074,52051,52061,10
12.8612499237,80.1735992432,52061,52071,10
12.8604698181,80.1732635498,52071,52081,10
12.8594703674,80.1728134155,52081,52091,10
12.8584499359,80.1725082397,52091,52101,10
12.8576202393,80.1723632813,52101,52112,11
12.857339859,80.1723175049,52112,52122,10
12.8564596176,80.1721572876,52122,52152,30
12.8564596176,80.1721572876,52152,52162,10
12.8563299179,80.1721496582,52162,52172,10
12.856180191,80.1720962524,52172,52182,10
12.8557195663,80.1719589233,52182,52192,10
12.8549203873,80.1717224121,52192,52202,10
12.8538503647,80.1713867188,52202,52212,10
12.8527402878,80.1712036133,52212,52223,11
12.8513898849,80.1709976196,52223,52234,11
12.8499803543,80.1707611084,52234,52244,10
12.8486700058,80.1705322266,52244,52254,10
12.8473796844,80.1703262329,52254,52264,10
12.8462095261,80.1702194214,52264,52274,10
12.8450603485,80.1701583862,52274,52284,10
12.8438301086,80.1700820923,52284,52293,9
12.8430595398,80.1699676514,52293,52304,11
12.8420801163,80.1699523926,52304,52314,10
12.840929985,80.1699676514,52314,52326,12
12.8394899368,80.1699829102,52326,52336,10
12.8384103775,80.1696777344,52336,52346,10
12.8381996155,80.1695022583,52346,52356,10
12.8380804062,80.1693725586,52356,52366,10
12.8377599716,80.1692886353,52366,52376,10
12.8371601105,80.169052124,52376,52386,10
12.836979866,80.168838501,52386,52396,10
12.8367099762,80.1687774658,52396,52406,10
12.8365898132,80.1687469482,52406,52416,10
12.8362998962,80.1686325073,52416,52426,10
12.8360300064,80.1684799194,52426,52437,11
12.8358097076,80.1678924561,52437,52447,10
12.8352499008,80.1677017212,52447,52457,10
12.8345899582,80.1673431396,52457,52467,10
12.8338499069,80.1669235229,52467,52477,10
12.8335695267,80.1667861938,52477,52487,10
12.8334102631,80.1667098999,52487,52497,10
12.8332996368,80.1666412354,52497,52507,10
12.8329200745,80.1663970947,52507,52517,10
12.8322200775,80.1660919189,52517,52527,10
12.8312797546,80.1657180786,52527,52538,11
12.8302202225,80.1654815674,52538,52548,10
12.8290195465,80.1653213501,52548,52558,10
12.8277397156,80.1651611328,52558,52578,20
12.8277397156,80.1651611328,52578,52588,10
12.8276700974,80.1651382446,52588,52598,10
12.8274002075,80.1650619507,52598,52608,10
12.8270196915,80.1648101807,52608,52618,10
12.8268604279,80.1647186279,52618,52628,10
12.8264799118,80.1644821167,52628,52638,10
12.8260698318,80.1642303467,52638,52649,11
12.8253698349,80.1638717651,52649,52659,10
12.8245000839,80.1633987427,52659,52669,10
12.8234100342,80.1627120972,52669,52679,10
12.8221197128,80.1621398926,52679,52689,10
12.8207998276,80.1615905762,52689,52699,10
12.819560051,80.1610488892,52699,52709,10
12.8185100555,80.1605834961,52709,52719,10
12.8180999756,80.1604385376,52719,52729,10
12.817700386,80.1603393555,52729,52739,10
12.8171300888,80.1602020264,52739,52750,11
12.8167200089,80.1601104736,52750,52760,10
12.8160495758,80.1599731445,52760,52770,10
12.8151397705,80.1597900391,52770,52780,10
12.8143100739,80.1596221924,52780,52790,10
12.8131303787,80.1594924927,52790,52800,10
12.8119802475,80.1593399048,52800,52810,10
12.8115596771,80.1594161987,52810,52818,8
12.8114500046,80.1594619751,52818,52830,12
12.8107795715,80.1596832275,52830,52840,10
12.8099899292,80.159576416,52840,52871,31
12.8099899292,80.159576416,52871,52881,10
12.8101196289,80.15965271,52881,52891,10
12.8106002808,80.1596679688,52891,53955,1064
12.8106002808,80.1596679688,53955,53967,12
12.8106803894,80.1596603394,53967,53977,10
12.8109798431,80.1595916748,53977,53987,10
12.8116703033,80.1593933105,53987,54007,20
12.8116703033,80.1593933105,54007,54017,10
12.8118000031,80.1593475342,54017,54028,11
12.8118495941,80.1593475342,54028,54038,10
12.8122301102,80.1593093872,54038,54048,10
12.8128700256,80.1594085693,54048,54058,10
12.8137302399,80.1595306396,54058,54068,10
12.8146295547,80.15965271,54068,54078,10
12.8154602051,80.1598129272,54078,54088,10
12.815990448,80.1599197388,54088,54098,10
12.8166799545,80.1600723267,54098,54108,10
12.8172903061,80.1602172852,54108,54118,10
12.8176498413,80.1603012085,54118,54129,11
12.8181295395,80.16040802,54129,54139,10
12.8183803558,80.1605224609,54139,54149,10
12.8189296722,80.1607666016,54149,54159,10
12.819729805,80.1611404419,54159,54169,10
12.8206996918,80.1615371704,54169,54179,10
12.8216896057,80.1619567871,54179,54189,10
12.8226900101,80.1623382568,54189,54199,10
12.8236999512,80.1628112793,54199,54209,10
12.8246498108,80.1634521484,54209,54219,10
12.8256196976,80.1639785767,54219,54229,10
12.8264598846,80.1644515991,54229,54240,11
12.8270797729,80.1648406982,54240,54250,10
12.8274002075,80.1650619507,54250,54270,20
12.8274002075,80.1650619507,54270,54280,10
12.8274803162,80.1651229858,54280,54290,10
12.8277597427,80.1651611328,54290,54300,10
12.8277902603,80.1651611328,54300,54310,10
12.8278198242,80.1651611328,54310,54320,10
12.8278503418,80.1651687622,54320,54330,10
12.8282203674,80.1651916504,54330,54341,11
12.8290700912,80.1652984619,54341,54351,10
12.8300199509,80.1654510498,54351,54361,10
12.831029892,80.1656417847,54361,54371,10
12.8320398331,80.1659622192,54371,54381,10
12.8330802917,80.1664505005,54381,54391,10
12.8335695267,80.1667480469,54391,54401,10
12.8337802887,80.1668701172,54401,54411,10
12.8343801498,80.1671905518,54411,54421,10
12.8351898193,80.1676635742,54421,54431,10
12.8357200623,80.1678237915,54431,54441,10
12.8359098434,80.1681289673,54441,54452,11
12.8361997604,80.1685714722,54452,54462,10
12.8364400864,80.1686477661,54462,54472,10
12.8368997574,80.1687927246,54472,54482,10
12.8371200562,80.1689376831,54482,54492,10
12.8373003006,80.1691589355,54492,54502,10
12.8378400803,80.1692810059,54502,54512,10
12.8381595612,80.1694107056,54512,54522,10
12.8384103775,80.169631958,54522,54532,10
12.8384103775,80.1696395874,54532,54541,9
12.8385400772,80.1697235107,54541,54553,12
12.8391799927,80.1698989868,54553,54563,10
12.8399000168,80.1699523926,54563,54573,10
12.8406496048,80.1699523926,54573,54583,10
12.8416700363,80.169960022,54583,54593,10
12.8427600861,80.1699371338,54593,54603,10
12.843919754,80.1700592041,54603,54613,10
12.8450498581,80.1701431274,54613,54623,10
12.8461904526,80.1701965332,54623,54633,10
12.8472604752,80.1702804565,54633,54643,10
12.8483200073,80.1704788208,54643,54653,10
12.8494901657,80.1706695557,54653,54664,11
12.8506803513,80.1708602905,54664,54674,10
12.851650238,80.1710281372,54674,54684,10
12.8519296646,80.1710586548,54684,54694,10
12.8524103165,80.1711425781,54694,54704,10
12.8531799316,80.1712493896,54704,54714,10
12.8541402817,80.1714477539,54714,54724,10
12.8551502228,80.1717529297,54724,54734,10
12.8563203812,80.1720809937,54734,54764,30
12.8563203812,80.1720809937,54764,54774,10
12.8565301895,80.1721572876,54774,54784,10
12.8569602966,80.1722335815,54784,54794,10
12.8575401306,80.1723327637,54794,54804,10
12.8578195572,80.1723937988,54804,54814,10
12.8584299088,80.1725006104,54814,54824,10
12.8592596054,80.1727218628,54824,54834,10
12.8601903915,80.1731185913,54834,54845,11
12.8613100052,80.1735992432,54845,54855,10
12.8623600006,80.1740493774,54855,54865,10
12.8633804321,80.1746292114,54865,54875,10
12.8643798828,80.1752471924,54875,54885,10
12.8653097153,80.1756820679,54885,54895,10
12.8656797409,80.1757202148,54895,54905,10
12.86577034,80.1757202148,54905,54915,10
12.8662700653,80.1757736206,54915,54925,10
12.8670501709,80.1758422852,54925,54935,10
12.8678998947,80.1759109497,54935,54945,10
12.8686800003,80.175567627,54945,54955,10
12.8695402145,80.1749725342,54955,54965,10
12.8704996109,80.1743011475,54965,54978,13
12.8718299866,80.1733779907,54978,54988,10
12.8728599548,80.1727294922,54988,54998,10
12.8738803864,80.1720581055,54998,55008,10
12.8748998642,80.1714096069,55008,55016,8
12.8806400299,80.1705703735,55016,55085,69
12.8806400299,80.1705703735,55085,55106,21
12.8818798065,80.1709823608,55106,55118,12
12.8824996948,80.1706008911,55118,55128,10
12.8826599121,80.1706466675,55128,55138,10
12.8829603195,80.1708068848,55138,55148,10
12.8835897446,80.1711425781,55148,55158,10
12.8843898773,80.171546936,55158,55168,10
12.8852901459,80.1720123291,55168,55178,10
12.8861598969,80.1724700928,55178,55189,11
12.8871498108,80.1729736328,55189,55199,10
12.8881502151,80.173500061,55199,55209,10
12.8891296387,80.1740112305,55209,55219,10
12.8895998001,80.1742477417,55219,55229,10
12.8897895813,80.1743164063,55229,55237,8
12.889960289,80.1743774414,55237,55249,12
12.8903398514,80.1745605469,55249,55254,5
12.8905200958,80.1747512817,55254,55269,15
12.8910799026,80.1757507324,55269,55279,10
12.8915100098,80.1765289307,55279,55289,10
12.8915596008,80.1766204834,55289,55298,9
12.8915596008,80.1766586304,55298,55311,13
12.8918199539,80.1771697998,55311,55319,8
12.8921203613,80.1776809692,55319,55331,12
12.8926095963,80.1785736084,55331,55341,10
12.8928604126,80.1789779663,55341,55351,10
12.8931102753,80.1794662476,55351,55361,10
12.8936395645,80.1800384521,55361,55371,10
12.8939199448,80.1801528931,55371,55381,10
12.8940000534,80.1801986694,55381,55392,11
12.894490242,80.1804733276,55392,55402,10
12.89523983,80.180847168,55402,55412,10
12.8961000443,80.181312561,55412,55422,10
12.8970403671,80.1817626953,55422,55432,10
12.8975896835,80.1820373535,55432,55442,10
12.8976097107,80.1820602417,55442,55452,10
12.8978796005,80.1821975708,55452,55462,10
12.8984804153,80.182510376,55462,55472,10
12.8992500305,80.1828994751,55472,55482,10
12.9000797272,80.1833190918,55482,55491,9
12.9008398056,80.1837005615,55491,55503,12
12.9020395279,80.1840591431,55503,55513,10
12.9031095505,80.1843719482,55513,55523,10
12.9040498734,80.1847000122,55523,55533,10
12.9040699005,80.1855163574,55533,55543,10
12.9040298462,80.1865692139,55543,55553,10
12.904250145,80.1874923706,55553,55563,10
12.9050502777,80.18800354,55563,55573,10
12.9058198929,80.1884765625,55573,55583,10
12.9064998627,80.188911438,55583,55593,10
12.9066095352,80.1889801025,55593,55604,11
12.90666008,80.1890106201,55604,55614,10
12.9070196152,80.1893005371,55614,55624,10
12.90762043,80.1897735596,55624,55634,10
12.9083404541,80.1903076172,55634,55644,10
12.9091997147,80.1909713745,55644,55654,10
12.9100599289,80.1915664673,55654,55664,10
12.9109697342,80.1917037964,55664,55674,10
12.9122495651,80.1918411255,55674,55694,20
12.9122495651,80.1918411255,55694,55704,10
12.9124298096,80.1918563843,55704,55715,11
12.9131298065,80.191947937,55715,55725,10
12.9139699936,80.1920471191,55725,55735,10
12.9149198532,80.1921463013,55735,55745,10
12.9157800674,80.1922073364,55745,55755,10
12.9166097641,80.1922836304,55755,55765,10
12.9171495438,80.1920700073,55765,55785,20
12.9171495438,80.1920700073,55785,55795,10
12.9171895981,80.1920013428,55795,55805,10
12.91726017,80.1915206909,55805,55815,10
12.9173402786,80.1903686523,55815,55835,20
12.9173402786,80.1903686523,55835,55845,10
12.9174003601,80.1905212402,55845,55855,10
12.9173498154,80.1910934448,55855,55866,11
12.9173002243,80.1919708252,55866,55875,9
12.9172096252,80.1925430298,55875,55886,11
12.9171304703,80.1930618286,55886,55976,90
12.9171304703,80.1930618286,55976,55986,10
12.9171304703,80.1932220459,55986,55996,10
12.917140007,80.1933364868,55996,56006,10
12.9171600342,80.1938323975,56006,56016,10
12.9173002243,80.1942977905,56016,56029,13
12.9178495407,80.1948394775,56029,56039,10
12.9183397293,80.1953125,56039,56049,10
12.9188699722,80.1958007813,56049,56059,10
12.9195098877,80.1962890625,56059,56069,10
12.9202098846,80.1966018677,56069,56079,10
12.9208498001,80.1967926025,56079,56089,10
12.9210796356,80.1968688965,56089,56099,10
12.9216995239,80.1971130371,56099,56109,10
12.9225502014,80.1972885132,56109,56119,10
12.923119545,80.1973571777,56119,56130,11
12.9231996536,80.1973571777,56130,56140,10
12.9236602783,80.1974182129,56140,56150,10
12.9244403839,80.1974487305,56150,56160,10
12.9251699448,80.1974334717,56160,56170,10
12.9254703522,80.1974411011,56170,56180,10
12.9260902405,80.1974563599,56180,56190,10
12.9263896942,80.197517395,56190,56200,10
12.9264802933,80.1975402832,56200,56210,10
12.9269399643,80.1977386475,56210,56220,10
12.9275197983,80.1981506348,56220,56231,11
12.9279899597,80.1988830566,56231,56241,10
12.9283399582,80.1997070313,56241,56251,10
12.9284496307,80.2006225586,56251,56261,10
12.9284896851,80.2015304565,56261,56271,10
12.9285202026,80.2023010254,56271,56281,10
12.9291200638,80.2026672363,56281,56291,10
12.9294099808,80.2026901245,56291,56301,10
12.9295396805,80.2027206421,56301,56311,10
12.9301204681,80.2027893066,56311,56321,10
12.9308300018,80.2029266357,56321,56331,10
12.9316196442,80.2031936646,56331,56342,11
12.9325399399,80.2034835815,56342,56352,10
12.9332199097,80.203742981,56352,56362,10
12.9339103699,80.2038421631,56362,56372,10
12.9339799881,80.2038497925,56372,56382,10
12.9340000153,80.2038574219,56382,56392,10
12.9344100952,80.2038879395,56392,56402,10
12.9350595474,80.2040176392,56402,56412,10
12.9356899261,80.2043075562,56412,56422,10
12.9365901947,80.2045593262,56422,56432,10
12.9375896454,80.2048492432,56432,56443,11
12.9387798309,80.2052001953,56443,56453,10
12.9396896362,80.2054824829,56453,56463,10
12.9399499893,80.2055587769,56463,56473,10
12.9399995804,80.2055664063,56473,56483,10
12.9404401779,80.2057113647,56483,56493,10
12.9411497116,80.2059936523,56493,56503,10
12.9418497086,80.206451416,56503,56513,10
12.9424495697,80.2069320679,56513,56523,10
12.942899704,80.2075119019,56523,56533,10
12.9434995651,80.2080230713,56533,56543,10
12.9441795349,80.2082672119,56543,56554,11
12.9444198608,80.2083435059,56554,56564,10
12.9447603226,80.2084732056,56564,56574,10
12.945400238,80.2086868286,56574,56584,10
12.9462299347,80.208946228,56584,56594,10
12.9471702576,80.2092971802,56594,56604,10
12.9480495453,80.209602356,56604,56614,10
12.9483604431,80.2097091675,56614,56624,10
12.9487800598,80.2098693848,56624,56634,10
12.9489097595,80.2099075317,56634,56644,10
12.9492301941,80.2100219727,56644,56655,11
12.9500303268,80.2103424072,56655,56665,10
12.950969696,80.2107620239,56665,56675,10
12.951880455,80.2112197876,56675,56685,10
12.9528102875,80.2116088867,56685,56695,10
12.9535198212,80.2118835449,56695,56705,10
12.9535598755,80.2118988037,56705,56715,10
12.9537401199,80.2119827271,56715,56725,10
12.9541702271,80.2121505737,56725,56735,10
12.9549198151,80.2124481201,56735,56745,10
12.9558200836,80.2128067017,56745,56755,10
12.9566898346,80.2131576538,56755,56766,11
12.9578304291,80.2136077881,56766,56776,10
12.9588403702,80.2140197754,56776,56786,10
12.9597902298,80.2144088745,56786,56796,10
12.9606199265,80.2147674561,56796,56806,10
12.9616203308,80.2151565552,56806,56816,10
12.962679863,80.2155609131,56816,56826,10
12.9634199142,80.2158432007,56826,56836,10
12.9640903473,80.2160873413,56836,56846,10
12.9641504288,80.2161178589,56846,56856,10
12.964389801,80.216217041,56856,56866,10
12.9649600983,80.2164611816,56866,56876,10
12.9657201767,80.2167663574,56876,56887,11
12.9665803909,80.2171173096,56887,56897,10
12.9673900604,80.2174606323,56897,56907,10
12.9681596756,80.2177886963,56907,56917,10
12.9691095352,80.2181396484,56917,56927,10
12.9701795578,80.2185592651,56927,56937,10
12.9709796906,80.2188568115,56937,56946,9
12.9711904526,80.2189178467,56946,56957,11
12.9712295532,80.2189407349,56957,56969,12
12.971570015,80.219078064,56969,56979,10
12.972120285,80.2193222046,56979,56989,10
12.9728403091,80.2196121216,56989,56999,10
12.9735603333,80.2198562622,56999,57007,8
12.9738101959,80.2199783325,57007,57019,12
12.97397995,80.2200469971,57019,57029,10
12.9744195938,80.2202529907,57029,57039,10
12.9750204086,80.2205123901,57039,57049,10
12.9754495621,80.2206726074,57049,57059,10
12.9756097794,80.2208480835,57059,57070,11
12.9761104584,80.2212219238,57070,57110,40
12.9761104584,80.2212219238,57110,57120,10
12.9764404297,80.2212371826,57120,57130,10
12.9770698547,80.2211990356,57130,57140,10
12.9778203964,80.2211608887,57140,57150,10
12.978679657,80.2211227417,57150,57160,10
12.9795999527,80.2210693359,57160,57170,10
12.9805402756,80.220993042,57170,57181,11
12.9813699722,80.2211532593,57181,57191,10
12.9819402695,80.2215499878,57191,57201,10
12.9825000763,80.2217788696,57201,57211,10
12.9829502106,80.2219161987,57211,57221,10
12.9829797745,80.2219314575,57221,57231,10
12.9832696915,80.2221298218,57231,57241,10
12.9837598801,80.2224502563,57241,57251,10
12.9842395782,80.2227401733,57251,57261,10
12.9848899841,80.2231292725,57261,57270,9
12.9853801727,80.2232437134,57270,57282,12
12.985830307,80.2229614258,57282,57292,10
12.9864997864,80.2229537964,57292,57302,10
12.9865999222,80.2229385376,57302,57312,10
12.9870195389,80.2229995728,57312,57322,10
12.9877595901,80.2229919434,57322,57332,10
12.9885101318,80.222442627,57332,57342,10
12.9891500473,80.2217636108,57342,57352,10
12.9898195267,80.2208862305,57352,57362,10
12.9903297424,80.2204208374,57362,57372,10
12.9904603958,80.2203292847,57372,57383,11
12.990940094,80.2199707031,57383,57393,10
12.991519928,80.2195281982,57393,57403,10
12.9920301437,80.2191772461,57403,57413,10
12.9925699234,80.2187805176,57413,57423,10
12.9931602478,80.2183380127,57423,57433,10
12.9935998917,80.2180175781,57433,57443,10
12.9937000275,80.2179489136,57443,57453,10
12.9938402176,80.2178573608,57453,57463,10
12.994099617,80.2176818848,57463,57473,10
12.9944095612,80.2174682617,57473,57483,10
12.9944295883,80.2174606323,57483,57494,11
12.9945898056,80.2173461914,57494,57504,10
12.9947795868,80.2171936035,57504,57514,10
12.9951400757,80.2169265747,57514,57524,10
12.9956102371,80.2166824341,57524,57534,10
12.9963302612,80.2164916992,57534,57544,10
12.9969596863,80.2164230347,57544,57554,10
12.9970703125,80.2164001465,57554,57564,10
12.9976301193,80.2164306641,57564,57584,20
12.9976301193,80.2164306641,57584,57595,11
12.9980401993,80.2165374756,57595,57605,10
12.9986600876,80.2167434692,57605,57615,10
12.9993696213,80.2171173096,57615,57625,10
13.000120163,80.217590332,57625,57635,10
13.0008602142,80.2180480957,57635,57645,10
13.0015602112,80.2185287476,57645,57655,10
13.0022001266,80.2192230225,57655,57665,10
13.002989769,80.2197875977,57665,57675,10
13.0038604736,80.2200164795,57675,57685,10
13.0046796799,80.2201690674,57685,57695,10
13.0055904388,80.2203903198,57695,57706,11
13.0066900253,80.2206573486,57706,57716,10
13.0076799393,80.2211914063,57716,57726,10
13.0086803436,80.2217178345,57726,57736,10
13.00963974,80.2222518921,57736,57746,10
13.0106401443,80.2227706909,57746,57756,10
13.0112800598,80.2230300903,57756,57766,10
13.0114002228,80.2230682373,57766,57776,10
13.011639595,80.2226409912,57776,57786,10
13.0119104385,80.2218933105,57786,57796,10
13.0123100281,80.2215499878,57796,57806,10
13.0125102997,80.2218017578,57806,57816,10
13.012960434,80.2223510742,57816,57826,10
13.0135002136,80.2229232788,57826,57836,10
13.01404953,80.2235565186,57836,57846,10
13.0145597458,80.2241592407,57846,57856,10
13.0150098801,80.2245330811,57856,57866,10
13.0150995255,80.2246170044,57866,57877,11
13.0153303146,80.2248382568,57877,57886,9
13.01541996,80.2248535156,57886,57898,12
13.0156297684,80.2250289917,57898,57906,8
13.015999794,80.2252426147,57906,57918,12
13.0169200897,80.2250900269,57918,57928,10
13.0178604126,80.2247390747,57928,57938,10
13.0187397003,80.2243881226,57938,57948,10
13.0194101334,80.2243423462,57948,57958,10
13.0195102692,80.2243804932,57958,57968,10
13.0196800232,80.2244720459,57968,57978,10
13.0199699402,80.2246704102,57978,57987,9
13.0203104019,80.2249221802,57987,57998,11
13.0209102631,80.2253799438,57998,58008,10
13.0219202042,80.2260971069,58008,58030,22
13.0219202042,80.2260971069,58030,58040,10
13.0221300125,80.2262802124,58040,58050,10
13.0226402283,80.2267379761,58050,58060,10
13.0233297348,80.2273864746,58060,58070,10
13.0243196487,80.2283477783,58070,58090,20
13.0243196487,80.2283477783,58090,58100,10
13.0243797302,80.2284088135,58100,58110,10
13.0246601105,80.2288665771,58110,58121,11
13.0252199173,80.2296066284,58121,58131,10
13.0257301331,80.2303466797,58131,58141,10
13.0259895325,80.2309799194,58141,58151,10
13.0260295868,80.2312469482,58151,58161,10
13.0264997482,80.231262207,58161,58171,10
13.0272397995,80.2310791016,58171,58181,10
13.0279798508,80.2309494019,58181,58191,10
13.0282697678,80.2309036255,58191,58201,10
13.0285902023,80.2308883667,58201,58211,10
13.0292396545,80.2308425903,58211,58262,51
13.0292396545,80.2308425903,58262,58272,10
13.0294904709,80.2308273315,58272,58282,10
13.0299396515,80.2307891846,58282,58292,10
13.0304203033,80.2307281494,58292,58302,10
13.0309295654,80.230682373,58302,58312,10
13.0311899185,80.2306594849,58312,58322,10
13.031709671,80.2306137085,58322,58333,11
13.032500267,80.2305526733,58333,58343,10
13.0332803726,80.230506897,58343,58353,10
13.0339698792,80.2304611206,58353,58363,10
13.0346498489,80.2303390503,58363,58393,30
13.0346498489,80.2303390503,58393,58403,10
13.0346899033,80.2303314209,58403,58413,10
13.0349302292,80.2302017212,58413,58514,101
13.0349302292,80.2302017212,58514,58524,10
13.0346698761,80.229927063,58524,59242,718
13.0343103409,80.2298278809,59242,59373,131
13.0342597961,80.2302017212,59373,59495,122
13.0342597961,80.2302017212,59495,59505,10
13.0339202881,80.23046875,59505,59515,10
13.0336303711,80.2304916382,59515,59525,10
13.0332403183,80.2305374146,59525,59535,10
13.0327100754,80.2305908203,59535,59545,10
13.0320501328,80.2306594849,59545,59555,10
13.0313100815,80.2307281494,59555,59565,10
13.0306196213,80.2307662964,59565,59575,10
13.0300197601,80.2308425903,59575,59584,9
13.0298900604,80.2308502197,59584,59596,12
13.0296096802,80.2309036255,59596,59606,10
13.0291004181,80.2309188843,59606,59616,10
13.0284700394,80.2310028076,59616,59626,10
13.0278501511,80.2310180664,59626,59636,10
13.0276699066,80.2312164307,59636,59646,10
13.0277299881,80.2317123413,59646,59656,10
13.0277900696,80.2322235107,59656,59666,10
13.027879715,80.2326965332,59666,59676,10
13.0274295807,80.2328796387,59676,59686,10
13.0268802643,80.2329864502,59686,59737,51
13.0268802643,80.2329864502,59737,59747,10
13.0266895294,80.2330474854,59747,59757,10
13.0263395309,80.2328567505,59757,59767,10
13.0261497498,80.232208252,59767,59777,10
13.02602005,80.2317810059,59777,59787,10
13.0258998871,80.2312927246,59787,59797,10
13.0256299973,80.2305297852,59797,59808,11
13.0251903534,80.2298736572,59808,59818,10
13.0251102448,80.2297515869,59818,59828,10
13.0249099731,80.2294692993,59828,59838,10
13.024720192,80.2292327881,59838,59848,10
13.0243797302,80.228767395,59848,59858,10
13.0239801407,80.2282180786,59858,59868,10
13.0234498978,80.2276611328,59868,59878,10
13.0230302811,80.2274093628,59878,59918,40
13.0230302811,80.2274093628,59918,59928,10
13.022769928,80.2272796631,59928,59939,11
13.0225496292,80.2268981934,59939,59949,10
13.0221395493,80.2265090942,59949,59959,10
13.0215702057,80.22605896,59959,59969,10
13.0214099884,80.2259292603,59969,59979,10
13.0211801529,80.225730896,59979,59989,10
13.0207395554,80.2254104614,59989,59998,9
13.0202302933,80.2250823975,59998,60011,13
13.0193300247,80.2245635986,60011,60021,10
13.0183496475,80.2247161865,60021,60031,10
13.0173797607,80.225112915,60031,60039,8
13.0167999268,80.2253570557,60039,60049,10
13.0164499283,80.2255096436,60049,60059,10
13.0160703659,80.2256317139,60059,60071,12
13.0153598785,80.2258987427,60071,60079,8
13.0149698257,80.2260818481,60079,60091,12
13.0148296356,80.2261428833,60091,60099,8
13.0144996643,80.226272583,60099,60108,9
13.0144500732,80.2262878418,60108,60122,14
13.0140399933,80.2264328003,60122,60132,10
13.0133800507,80.2266693115,60132,60142,10
13.012550354,80.2269821167,60142,60152,10
13.0116195679,80.2273178101,60152,60162,10
13.0106697083,80.2276763916,60162,60172,10
13.0097703934,80.2279586792,60172,60182,10
13.0095796585,80.227432251,60182,60192,10
13.0098800659,80.2267379761,60192,60202,10
13.0102701187,80.2258987427,60202,60212,10
13.0106897354,80.2249221802,60212,60223,11
13.011059761,80.2238998413,60223,60233,10
13.0112400055,80.2233581543,60233,60243,10
13.0109796524,80.2230911255,60243,60253,10
13.0103998184,80.2227935791,60253,60263,10
13.0102996826,80.2227325439,60263,60273,10
13.0099201202,80.2225112915,60273,60283,10
13.0092802048,80.2221603394,60283,60293,10
13.0085296631,80.2217483521,60293,60303,10
13.0076398849,80.221282959,60303,60313,10
13.0066795349,80.2207717896,60313,60323,10
13.0055904388,80.220489502,60323,60334,11
13.0045604706,80.2202529907,60334,60344,10
13.0044403076,80.2202224731,60344,60354,10
13.0040597916,80.220123291,60354,60364,10
13.0034599304,80.2199707031,60364,60374,10
13.0027503967,80.2197265625,60374,60384,10
13.0020503998,80.2191085815,60384,60394,10
13.0013799667,80.2184829712,60394,60404,10
13.0005702972,80.2179412842,60404,60414,10
12.9996995926,80.2173919678,60414,60424,10
12.9988203049,80.2169265747,60424,60435,11
12.9974498749,80.2165298462,60435,60455,20
12.9974498749,80.2165298462,60455,60465,10
12.9974298477,80.2165374756,60465,60475,10
12.9970502853,80.2165374756,60475,60485,10
12.996430397,80.2165908813,60485,60495,10
12.9957704544,80.216758728,60495,60505,10
12.995059967,80.217086792,60505,60525,20
12.995059967,80.217086792,60525,60536,11
12.9948301315,80.2172393799,60536,60546,10
12.9943799973,80.2175827026,60546,60556,10
12.9938097,80.2179870605,60556,60566,10
12.9931497574,80.218460083,60566,60576,10
12.9925003052,80.2189331055,60576,60586,10
12.9918403625,80.2194595337,60586,60596,10
12.9914102554,80.2198028564,60596,60606,10
12.9909200668,80.2201385498,60606,60616,10
12.9908504486,80.220199585,60616,60626,10
12.9907503128,80.2202606201,60626,60636,10
12.9903402328,80.2205963135,60636,60647,11
12.9897899628,80.2211608887,60647,60657,10
12.9893798828,80.2216567993,60657,60667,10
12.9889202118,80.2222290039,60667,60677,10
12.9882698059,80.2228164673,60677,60687,10
12.9877195358,80.2231521606,60687,60697,10
12.9876499176,80.2231521606,60697,60707,10
12.9873800278,80.2231063843,60707,60717,10
12.9868202209,80.2230072021,60717,60727,10
12.9863004684,80.2229919434,60727,60737,10
12.9856300354,80.2231063843,60737,60748,11
12.9850997925,80.2232589722,60748,60758,10
12.984459877,80.2229232788,60758,60768,10
12.9838399887,80.2225799561,60768,60778,10
12.9835596085,80.2224121094,60778,60788,10
12.9832000732,80.2221832275,60788,60798,10
12.9832000732,80.2221679688,60798,60808,10
12.9830102921,80.2220611572,60808,60818,10
12.982749939,80.2219085693,60818,60828,10
12.9822902679,80.2217788696,60828,60838,10
12.9816999435,80.2214126587,60838,60848,10
12.9809598923,80.2210693359,60848,60858,10
12.980099678,80.2210998535,60858,60868,10
12.9792003632,80.2211685181,60868,60879,11
12.978099823,80.2212219238,60879,60889,10
12.9772796631,80.2212524414,60889,60899,10
12.9766397476,80.2212524414,60899,60909,10
12.9761199951,80.221321106,60909,60919,10
12.9757499695,80.2211914063,60919,60950,31
12.9757499695,80.2211914063,60950,60960,10
12.9755802155,80.2210693359,60960,60970,10
12.9754495621,80.2209396362,60970,60980,10
12.9752998352,80.2208328247,60980,60990,10
12.9748802185,80.2206115723,60990,61000,10
12.9741802216,80.2203063965,61000,61009,9
12.9735498428,80.2200469971,61009,61020,11
12.9727697372,80.2197418213,61020,61030,10
12.9719800949,80.2194595337,61030,61040,10
12.9709501266,80.2191619873,61040,61062,22
12.9709501266,80.2191619873,61062,61070,8
12.9707298279,80.2190170288,61070,61082,12
12.9701795578,80.2187576294,61082,61092,10
12.9695396423,80.21849823,61092,61102,10
12.9688396454,80.2182235718,61102,61112,10
12.968170166,80.2179489136,61112,61122,10
12.9674901962,80.2176895142,61122,61132,10
12.9667596817,80.2173919678,61132,61142,10
12.9659004211,80.2170410156,61142,61152,10
12.9648895264,80.2166366577,61152,61162,10
12.96393013,80.2162322998,61162,61173,11
12.9633302689,80.2159576416,61173,61183,10
12.9628400803,80.2157669067,61183,61193,10
12.9627399445,80.2157287598,61193,61203,10
12.9622602463,80.2155532837,61203,61213,10
12.9615402222,80.2152709961,61213,61223,10
12.9606800079,80.2149276733,61223,61233,10
12.9597902298,80.2145767212,61233,61243,10
12.9589004517,80.2142105103,61243,61253,10
12.9578895569,80.2137908936,61253,61263,10
12.9568996429,80.2133865356,61263,61274,11
12.9558000565,80.2129592896,61274,61284,10
12.9547595978,80.2125701904,61284,61293,9
12.9539804459,80.212272644,61293,61305,12
12.9537801743,80.2121963501,61305,61315,10
12.9535198212,80.2120819092,61315,61325,10
12.9529495239,80.2118606567,61325,61335,10
12.9521198273,80.2115631104,61335,61345,10
12.9511404037,80.2112197876,61345,61355,10
12.9500598907,80.2108078003,61355,61365,10
12.9489898682,80.2104034424,61365,61376,11
12.9486303329,80.2102584839,61376,61386,10
12.948559761,80.2102432251,61386,61396,10
12.9482097626,80.2100830078,61396,61406,10
12.9474496841,80.209777832,61406,61416,10
12.9465303421,80.2093963623,61416,61426,10
12.9455699921,80.2089767456,61426,61436,10
12.9446601868,80.2085571289,61436,61446,10
12.9442100525,80.2083969116,61446,61456,10
12.9441995621,80.2083969116,61456,61466,10
12.943810463,80.2082290649,61466,61475,9
12.9432296753,80.2079467773,61475,61487,12
12.9426002502,80.2071762085,61487,61497,10
12.9419002533,80.2065811157,61497,61507,10
12.9412403107,80.2061309814,61507,61517,10
12.9410896301,80.2060699463,61517,61527,10
12.9408597946,80.205947876,61527,61537,10
12.940290451,80.2057723999,61537,61547,10
12.9396095276,80.2055587769,61547,61557,10
12.9388303757,80.2053222656,61557,61567,10
12.9383201599,80.2051773071,61567,61577,10
12.9378900528,80.2050476074,61577,61588,11
12.9371404648,80.204826355,61588,61598,10
12.9363498688,80.2045974731,61598,61608,10
12.9354400635,80.2042999268,61608,61618,10
12.9345798492,80.2040100098,61618,61628,10
12.9339199066,80.2039718628,61628,61638,10
12.9337701797,80.2039413452,61638,61648,10
12.933259964,80.2038803101,61648,61658,10
12.9327096939,80.2036437988,61658,61668,10
12.9319601059,80.20337677,61668,61678,10
12.9310798645,80.203086853,61678,61689,11
12.9301700592,80.20287323,61689,61699,10
12.9296798706,80.2028274536,61699,61709,10
12.9296703339,80.2028427124,61709,61719,10
12.9292802811,80.2027664185,61719,61729,10
12.9286699295,80.2026519775,61729,61740,11
12.9284801483,80.2019729614,61740,61750,10
12.928440094,80.2009887695,61750,61760,10
12.928319931,80.1998291016,61760,61770,10
12.9279298782,80.1988372803,61770,61780,10
12.9272298813,80.1979675293,61780,61790,10
12.9264802933,80.1976318359,61790,61800,10
12.9263696671,80.1976165771,61800,61810,10
12.9260196686,80.1975631714,61810,61820,10
12.9256401062,80.1975479126,61820,61830,10
12.925450325,80.1975631714,61830,61840,10
12.9249897003,80.1975402832,61840,61850,10
12.9241800308,80.1975402832,61850,61860,10
12.9232597351,80.1974868774,61860,61870,10
12.9223499298,80.1973724365,61870,61880,10
12.9220399857,80.1973190308,61880,61890,10
12.9216403961,80.1971817017,61890,61903,13
12.9208402634,80.1968765259,61903,61913,10
12.9201498032,80.1966400146,61913,61923,10
12.9194602966,80.1963577271,61923,61933,10
12.9189195633,80.1959609985,61933,61943,10
12.9184598923,80.1955413818,61943,61953,10
12.9178800583,80.195022583,61953,61963,10
12.9172296524,80.1943893433,61963,61973,10
12.9171495438,80.1942520142,61973,61983,10
12.917090416,80.194152832,61983,61990,7
12.9170303345,80.193939209,61990,62004,14
12.9170303345,80.1930236816,62004,62014,10
12.9169998169,80.1923675537,62014,62024,10
12.9168996811,80.1923599243,62024,62034,10
12.9168395996,80.1923904419,62034,62044,10
12.9164104462,80.1923370361,62044,62054,10
12.9156198502,80.1922988892,62054,62064,10
12.9147901535,80.192237854,62064,62074,10
12.9138002396,80.1921234131,62074,62084,10
12.9128799438,80.1920166016,62084,62094,10
12.9119796753,80.19190979,62094,62105,11
12.9109201431,80.1917800903,62105,62115,10
12.9099998474,80.1916503906,62115,62125,10
12.909740448,80.1914978027,62125,62135,10
12.9096403122,80.1913986206,62135,62145,10
12.9092798233,80.1911087036,62145,62155,10
12.9086904526,80.1906509399,62155,62165,10
12.9078998566,80.1900482178,62165,62175,10
12.9070701599,80.1894073486,62175,62185,10
12.9063396454,80.1888809204,62185,62195,10
12.9061899185,80.1887893677,62195,62205,10
12.9061498642,80.1887512207,62205,62216,11
12.9056501389,80.1884231567,62216,62226,10
12.90487957,80.1879196167,62226,62236,10
12.9040203094,80.1873016357,62236,62246,10
12.9040002823,80.1862411499,62246,62256,10
12.9040403366,80.1850891113,62256,62266,10
12.9036102295,80.1845474243,62266,62276,10
12.9027500153,80.1843109131,62276,62286,10
12.9016599655,80.1840286255,62286,62296,10
12.9005498886,80.183631897,62296,62306,10
12.8994398117,80.1830596924,62306,62317,11
12.8983097076,80.1825027466,62317,62327,10
12.8974304199,80.1820602417,62327,62347,20
12.8974304199,80.1820602417,62347,62357,10
12.8971204758,80.1819000244,62357,62367,10
12.8964796066,80.1815719604,62367,62377,10
12.8956699371,80.1811523438,62377,62387,10
12.8947896957,80.1807098389,62387,62397,10
12.8940000534,80.1802978516,62397,62407,10
12.8935098648,80.1800613403,62407,62418,11
12.8934202194,80.1800231934,62418,62428,10
12.8931503296,80.1796798706,62428,62438,10
12.8928098679,80.1790390015,62438,62448,10
12.8924102783,80.1782836914,62448,62458,10
12.891960144,80.1774368286,62458,62468,10
12.8915395737,80.1766967773,62468,62478,10
12.891500473,80.1766204834,62478,62490,12
12.8912601471,80.1761779785,62490,62500,10
12.8908901215,80.1755218506,62500,62510,10
12.8905096054,80.1748199463,62510,62520,10
12.8900899887,80.1744537354,62520,62531,11
12.8898200989,80.174369812,62531,62541,10
12.8895597458,80.1742401123,62541,62551,10
12.8892297745,80.1740722656,62551,62561,10
12.8886003494,80.1737289429,62561,62571,10
12.8878602982,80.1733627319,62571,62581,10
12.8870000839,80.1729125977,62581,62590,9
12.8861398697,80.1724777222,62590,62601,11
12.8851003647,80.1719436646,62601,62611,10
12.8840703964,80.1714019775,62611,62621,10
12.8831796646,80.1709518433,62621,62633,12
12.8823604584,80.1706466675,62633,62641,8
12.8819999695,80.1710205078,62641,62653,12
12.8815002441,80.1709136963,62653,62663,10
12.8811798096,80.170791626,62663,62673,10
12.8805599213,80.1705627441,62673,62682,9
12.8798799515,80.170211792,62682,62693,11
12.8788900375,80.1699829102,62693,62703,10
12.8778400421,80.1701965332,62703,62712,9
12.8768796921,80.1705322266,62712,62723,11
12.8758296967,80.1709136963,62723,62732,9
12.8756799698,80.1709899902,62732,62743,11
12.8753404617,80.1712265015,62743,62765,22
12.8735599518,80.172416687,62765,62775,10
12.8724403381,80.1731414795,62775,62785,10
12.8713502884,80.1738510132,62785,62795,10
12.8702898026,80.1745681763,62795,62805,10
12.8692502975,80.17527771,62805,62815,10
12.8684101105,80.1758499146,62815,62825,10
12.8677501678,80.1759796143,62825,62835,10
12.8669300079,80.1758880615,62835,62846,11
12.8658399582,80.17578125,62846,62856,10
12.8649597168,80.1756210327,62856,62866,10
12.8640804291,80.1751174927,62866,62876,10
12.8631801605,80.1745376587,62876,62886,10
12.8622598648,80.1740264893,62886,62896,10
12.8612499237,80.1735916138,62896,62907,11
12.8601903915,80.1731109619,62907,62917,10
12.8593597412,80.1727600098,62917,62927,10
12.8585796356,80.1725387573,62927,62937,10
12.8577699661,80.1724090576,62937,62948,11
12.8574104309,80.1723480225,62948,62958,10
12.8565397263,80.172203064,62958,62988,30
12.8565397263,80.172203064,62988,62998,10
12.8562803268,80.1721420288,62998,63008,10
12.8561000824,80.1720733643,63008,63018,10
12.8555202484,80.1718902588,63018,63028,10
12.8546695709,80.1716384888,63028,63038,10
12.8536396027,80.1713485718,63038,63049,11
12.8524799347,80.1712036133,63049,63059,10
12.8513402939,80.1710205078,63059,63069,10
12.8501796722,80.1708221436,63069,63079,10
12.8489398956,80.1706008911,63079,63089,10
12.8476600647,80.1703720093,63089,63099,10
12.8463697433,80.1702423096,63099,63109,10
12.8450202942,80.1701812744,63109,63119,10
12.8435401917,80.1700515747,63119,63129,10
12.8420600891,80.1699676514,63129,63139,10
12.8408203125,80.1699676514,63139,63149,10
12.8398799896,80.1699676514,63149,63160,11
12.8390398026,80.1698913574,63160,63170,10
12.8386096954,80.1697921753,63170,63180,10
12.8384199142,80.1696777344,63180,63190,10
12.8380804062,80.169380188,63190,63200,10
12.8377895355,80.1692886353,63200,63210,10
12.8373498917,80.1692123413,63210,63220,10
12.8371295929,80.1689910889,63220,63230,10
12.8369398117,80.1688308716,63230,63240,10
12.8366603851,80.168762207,63240,63250,10
12.836350441,80.1686401367,63250,63260,10
12.8361501694,80.1685714722,63260,63270,10
12.8359498978,80.1682662964,63270,63280,10
12.8358802795,80.168006897,63280,63290,10
12.8356704712,80.1678009033,63290,63300,10
12.835269928,80.1677017212,63300,63310,10
12.8347702026,80.1674194336,63310,63320,10
12.8341598511,80.1670837402,63320,63331,11
12.8335800171,80.1667785645,63331,63341,10
12.8331098557,80.1664886475,63341,63351,10
12.832280159,80.1660919189,63351,63361,10
12.8313903809,80.1657562256,63361,63371,10
12.8306703568,80.1655731201,63371,63381,10
12.8299198151,80.1654510498,63381,63391,10
12.8291597366,80.1653518677,63391,63401,10
12.8284797668,80.1652679443,63401,63411,10
12.8278799057,80.1652069092,63411,63441,30
12.8278799057,80.1652069092,63441,63451,10
12.8277397156,80.1651687622,63451,63471,20
12.8277397156,80.1651687622,63471,63484,13
12.8273296356,80.1650314331,63484,63504,20
12.8273296356,80.1650314331,63504,63514,10
12.8272104263,80.1649398804,63514,63524,10
12.8269901276,80.1648025513,63524,63534,10
12.8267402649,80.164642334,63534,63544,10
12.8263502121,80.1643829346,63544,63554,10
12.8261499405,80.1642532349,63554,63564,10
12.8258199692,80.1640701294,63564,63575,11
12.8251495361,80.1637268066,63575,63585,10
12.8244600296,80.1633377075,63585,63595,10
12.8236904144,80.1628265381,63595,63605,10
12.8228302002,80.1623916626,63605,63615,10
12.8218698502,80.1620407104,63615,63625,10
12.8208599091,80.1616210938,63625,63635,10
12.8198404312,80.1611785889,63635,63645,10
12.8188400269,80.1607284546,63645,63655,10
12.8181295395,80.1604385376,63655,63665,10
12.8178796768,80.1603622437,63665,63676,11
12.8173599243,80.1602478027,63676,63686,10
12.8170700073,80.1601867676,63686,63696,10
12.8166999817,80.1601028442,63696,63706,10
12.8161201477,80.1599807739,63706,63716,10
12.8153400421,80.1598205566,63716,63726,10
12.8145799637,80.1596603394,63726,63736,10
12.8136701584,80.1595611572,63736,63746,10
12.8127298355,80.1594161987,63746,63756,10
12.8116598129,80.1594467163,63756,63787,31
12.8116598129,80.1594467163,63787,63797,10
12.8116502762,80.1594924927,63797,63807,10
12.8112697601,80.1595611572,63807,63817,10
12.8108901978,80.1596984863,63817,63827,10
12.8102903366,80.1597518921,63827,63837,10
12.8100099564,80.1595993042,63837,63888,51
12.8100099564,80.1595993042,63888,63898,10
12.8102798462,80.1596908569,63898,64848,950
12.8102798462,80.1596908569,64848,64858,10
12.8106603622,80.1596679688,64858,64868,10
12.8110704422,80.1595535278,64868,64878,10
12.8116197586,80.1594161987,64878,64908,30
12.8116197586,80.1594161987,64908,64918,10
12.8118200302,80.1593704224,64918,64927,9
12.8122797012,80.1593399048,64927,64939,12
12.8130903244,80.1594924927,64939,64949,10
12.8137397766,80.1595687866,64949,64959,10
12.8143796921,80.1596221924,64959,64969,10
12.8151197433,80.1597595215,64969,64979,10
12.8158102036,80.1599121094,64979,64989,10
12.8162603378,80.1599884033,64989,64999,10
12.8166303635,80.1600418091,64999,65009,10
12.8170499802,80.1601409912,65009,65019,10
12.8171300888,80.1601486206,65019,65029,10
12.8174800873,80.1602401733,65029,65040,11
12.817899704,80.1603469849,65040,65050,10
12.8182001114,80.1604537964,65050,65060,10
12.8185195923,80.1605911255,65060,65070,10
12.8191204071,80.1608505249,65070,65080,10
12.8197803497,80.1611480713,65080,65090,10
12.8206300735,80.1614990234,65090,65100,10
12.8214797974,80.1618728638,65100,65110,10
12.8223304749,80.1622085571,65110,65120,10
12.8232498169,80.1625900269,65120,65129,9
12.8240499496,80.1630630493,65129,65141,12
12.8250799179,80.1636962891,65141,65151,10
12.825920105,80.1641235352,65151,65161,10
12.8265800476,80.1645431519,65161,65171,10
12.8268899918,80.1647415161,65171,65181,10
12.8270101547,80.1648101807,65181,65191,10
12.8273897171,80.1650619507,65191,65201,10
12.8277702332,80.1651535034,65201,65233,32
12.8277702332,80.1651535034,65233,65241,8
12.8279104233,80.1651763916,65241,65253,12
12.8282804489,80.1652069092,65253,65263,10
12.8283596039,80.1652297974,65263,65273,10
12.8288002014,80.1652832031,65273,65283,10
12.8294897079,80.1653594971,65283,65293,10
12.8302898407,80.1654891968,65293,65302,9
12.8310804367,80.1656723022,65302,65313,11
12.8320798874,80.1660003662,65313,65323,10
12.8329296112,80.1663589478,65323,65333,10
12.8334903717,80.1666870117,65333,65353,20
12.8334903717,80.1666870117,65353,65365,12
12.8337097168,80.1668014526,65365,65375,10
12.8342599869,80.1671066284,65375,65385,10
12.8349704742,80.1675186157,65385,65395,10
12.8356199265,80.1677627563,65395,65405,10
12.8358402252,80.1679534912,65405,65415,10
12.8360004425,80.1684494019,65415,65425,10
12.8362798691,80.1686172485,65425,65435,10
12.8366498947,80.1687393188,65435,65445,10
12.8369903564,80.1688308716,65445,65456,11
12.8371696472,80.1690597534,65456,65466,10
12.8375797272,80.1692733765,65466,65476,10
12.8380899429,80.1693572998,65476,65486,10
12.838350296,80.1696014404,65486,65496,10
12.8384103775,80.1696472168,65496,65506,10
12.8386697769,80.1697463989,65506,65516,10
12.8392601013,80.1699066162,65516,65526,10
12.8400497437,80.1699066162,65526,65536,10
12.8410301208,80.1699371338,65536,65546,10
12.8421802521,80.169921875,65546,65556,10
12.8434495926,80.1699829102,65556,65567,11
12.8448295593,80.1701278687,65567,65577,10
12.8460702896,80.1701812744,65577,65587,10
12.8472900391,80.1702728271,65587,65597,10
12.8484802246,80.1704864502,65597,65607,10
12.8496303558,80.1706771851,65607,65617,10
12.8506202698,80.1708526611,65617,65627,10
12.8508701324,80.1708908081,65627,65637,10
12.8510303497,80.1709213257,65637,65647,10
12.851559639,80.1710128784,65647,65657,10
12.8523101807,80.1711425781,65657,65668,11
12.853219986,80.171257019,65668,65678,10
12.8540096283,80.1714172363,65678,65688,10
12.8548402786,80.1716690063,65688,65698,10
12.8556699753,80.1719207764,65698,65708,10
12.8563404083,80.1720809937,65708,65769,61
12.8563404083,80.1720809937,65769,65779,10
12.8565196991,80.1721572876,65779,65789,10
12.8567695618,80.1722106934,65789,65799,10
12.8570804596,80.1722488403,65799,65809,10
12.8575201035,80.1723327637,65809,65819,10
12.8577203751,80.1723632813,65819,65829,10
12.8582496643,80.1724624634,65829,65839,10
12.8589601517,80.1725997925,65839,65849,10
12.8596601486,80.1728897095,65849,65859,10
12.8603601456,80.1731796265,65859,65869,10
12.861120224,80.1735076904,65869,65880,11
12.8620004654,80.1738891602,65880,65890,10
12.8628196716,80.1742782593,65890,65900,10
12.8636302948,80.1747817993,65900,65910,10
12.8644199371,80.17527771,65910,65920,10
12.8651399612,80.1756362915,65920,65930,10
12.8653402328,80.1756591797,65930,65940,10
12.8655004501,80.1756820679,65940,65950,10
12.8660202026,80.1757278442,65950,65960,10
12.8662395477,80.1757507324,65960,65970,10
12.8664598465,80.17578125,65970,65981,11
12.8670701981,80.1758270264,65981,65991,10
12.8678197861,80.1759109497,65991,66001,10
12.868519783,80.1756896973,66001,66011,10
12.86921978,80.175201416,66011,66021,10
12.8700504303,80.1746292114,66021,66031,10
12.8709602356,80.1740112305,66031,66041,10
12.871919632,80.1733627319,66041,66051,10
12.8728904724,80.1727294922,66051,66061,10
12.873840332,80.1720962524,66061,66070,9
12.8800096512,80.1702194214,66070,66134,64
12.8800096512,80.1702194214,66134,66154,20
12.8803300858,80.1704025269,66154,66164,10
12.8809700012,80.1706619263,66164,66174,10
12.8812599182,80.1707611084,66174,66184,10
12.8816099167,80.1708908081,66184,66194,10
12.8821496964,80.1708221436,66194,66204,10
12.8826198578,80.1706237793,66204,66214,10
12.8826999664,80.1706619263,66214,66224,10
12.8828802109,80.1707611084,66224,66235,11
12.8834695816,80.1710662842,66235,66245,10
12.8841695786,80.1714401245,66245,66255,10
12.8849601746,80.171836853,66255,66265,10
12.8857898712,80.1722793579,66265,66275,10
12.8866500854,80.172706604,66275,66285,10
12.8874797821,80.1731262207,66285,66295,10
12.8881797791,80.1734924316,66295,66305,10
12.888879776,80.1738510132,66305,66315,10
12.8894195557,80.1741333008,66315,66325,10
12.8896198273,80.1742401123,66325,66335,10
12.8898696899,80.1743621826,66335,66345,10
12.8901100159,80.1744384766,66345,66355,10
12.8905200958,80.1748123169,66355,66365,10
12.8908996582,80.17552948,66365,66375,10
12.8913402557,80.1763076782,66375,66385,10
12.8915500641,80.1766967773,66385,66398,13
12.891579628,80.1767425537,66398,66408,10
12.8917398453,80.1770706177,66408,66418,10
12.8920698166,80.1776733398,66418,66428,10
12.8924598694,80.1783676147,66428,66438,10
12.892829895,80.1790084839,66438,66448,10
12.8932504654,80.1798019409,66448,66458,10
12.8938503265,80.1801681519,66458,66468,10
12.8939199448,80.1801986694,66468,66478,10
12.8940401077,80.1802597046,66478,66485,7
12.8943500519,80.1804275513,66485,66499,14
12.8952903748,80.1809005737,66499,66509,10
12.8961000443,80.181312561,66509,66519,10
12.8969802856,80.1817321777,66519,66529,10
12.8976297379,80.1820602417,66529,66559,30
12.8976297379,80.1820602417,66559,66569,10
12.8976697922,80.1821212769,66569,66579,10
12.8980102539,80.182258606,66579,66589,10
12.8985996246,80.1825790405,66589,66600,11
12.8994102478,80.1829910278,66600,66610,10
12.9001502991,80.1833572388,66610,66620,10
12.9008197784,80.1836776733,66620,66629,9
12.9015903473,80.1839065552,66629,66640,11
12.902589798,80.1841812134,66640,66650,10
12.9035196304,80.1844482422,66650,66660,10
12.9040699005,80.1847763062,66660,66670,10
12.9040603638,80.1855316162,66670,66680,10
12.9040203094,80.186416626,66680,66690,10
12.9040603638,80.1872787476,66690,66700,10
12.9047203064,80.1877822876,66700,66709,9
12.9053897858,80.1882171631,66709,66721,12
12.9062099457,80.1887283325,66721,66731,10
12.90666008,80.1890182495,66731,66741,10
12.9066696167,80.1890335083,66741,66751,10
12.9068803787,80.1891784668,66751,66761,10
12.9073600769,80.1895599365,66761,66771,10
12.907959938,80.1900405884,66771,66781,10
12.9086303711,80.1905593872,66781,66791,10
12.9093599319,80.191116333,66791,66800,9
12.9098300934,80.1914672852,66800,66812,12
12.9104795456,80.191619873,66812,66822,10
12.9111795425,80.1917114258,66822,66832,10
12.911860466,80.1918029785,66832,66842,10
12.9122695923,80.1918182373,66842,66852,10
12.9123401642,80.1918182373,66852,66862,10
12.9127702713,80.1918869019,66862,66872,10
12.9132204056,80.1919403076,66872,66882,10
12.9137496948,80.1920089722,66882,66892,10
12.9144601822,80.1921005249,66892,66902,10
12.9151096344,80.1921463013,66902,66913,11
12.9155902863,80.1921615601,66913,66923,10
12.9162797928,80.1922225952,66923,66933,10
12.9169197083,80.192237854,66933,66943,10
12.9171104431,80.1919937134,66943,66973,30
12.9171104431,80.1919937134,66973,66983,10
12.9172201157,80.1917724609,66983,66993,10
12.9172801971,80.1913299561,66993,67003,10
12.9173002243,80.1907501221,67003,67013,10
12.9172801971,80.1903762817,67013,67024,11
12.9173002243,80.190322876,67024,67034,10
12.9174203873,80.1903915405,67034,67044,10
12.9173698425,80.190788269,67044,67054,10
12.9173002243,80.1914978027,67054,67064,10
12.91726017,80.1920471191,67064,67074,10
12.9172096252,80.1923675537,67074,67084,10
12.9171199799,80.1930007935,67084,67114,30
12.9171199799,80.1930007935,67114,67125,11
12.917140007,80.1931991577,67125,67145,20
12.917140007,80.1931991577,67145,67155,10
12.9171104431,80.1936416626,67155,67165,10
12.9172201157,80.1941680908,67165,67175,10
12.9176101685,80.1946563721,67175,67185,10
12.9181203842,80.1951293945,67185,67195,10
12.9186201096,80.195602417,67195,67205,10
12.919090271,80.1960372925,67205,67215,10
12.9196596146,80.1964035034,67215,67225,10
12.9202804565,80.1966171265,67225,67235,10
12.9209098816,80.1968078613,67235,67246,11
12.9215898514,80.1970672607,67246,67256,10
12.9223299026,80.1972579956,67256,67265,9
12.922949791,80.1973419189,67265,67276,11
12.9232902527,80.1973571777,67276,67286,10
12.9233503342,80.1973876953,67286,67296,10
12.9237003326,80.1974182129,67296,67305,9
12.9241600037,80.1974334717,67305,67316,11
12.9249095917,80.1974411011,67316,67326,10
12.925239563,80.1974182129,67326,67338,12
12.9257202148,80.1974029541,67338,67348,10
12.9262504578,80.1974716187,67348,67358,10
12.9263496399,80.1974868774,67358,67368,10
12.9264202118,80.197517395,67368,67378,10
12.9268198013,80.1977005005,67378,67388,10
12.927359581,80.1980361938,67388,67398,10
12.9278001785,80.1985626221,67398,67408,10
12.9281196594,80.1991882324,67408,67418,10
12.9283504486,80.1998672485,67418,67428,10
12.9284496307,80.2006225586,67428,67439,11
12.9284801483,80.2014312744,67439,67449,10
12.9284896851,80.201751709,67449,67459,10
12.9285097122,80.2021636963,67459,67469,10
12.9288196564,80.2025985718,67469,67479,10
12.9293699265,80.2026824951,67479,67499,20
12.9293699265,80.2026824951,67499,67509,10
12.9294595718,80.2026977539,67509,67519,10
12.9297895432,80.2027435303,67519,67529,10
12.9301099777,80.2027664185,67529,67540,11
12.9305801392,80.2028579712,67540,67550,10
12.930970192,80.2029724121,67550,67560,10
12.931520462,80.2031402588,67560,67570,10
12.932100296,80.203338623,67570,67580,10
12.9325895309,80.2034988403,67580,67590,10
12.9330501556,80.203666687,67590,67600,10
12.9334697723,80.2037887573,67600,67610,10
12.9339399338,80.2038269043,67610,67630,20
12.9339399338,80.2038269043,67630,67640,10
12.9340200424,80.2038421631,67640,67651,11
12.9343595505,80.2038574219,67651,67661,10
12.9349403381,80.2039718628,67661,67671,10
12.935549736,80.2042388916,67671,67681,10
12.9360799789,80.2044296265,67681,67691,10
12.9366502762,80.2045974731,67691,67701,10
12.9371795654,80.2047576904,67701,67711,10
12.9378004074,80.2049484253,67711,67721,10
12.9385004044,80.2051467896,67721,67731,10
12.9392204285,80.205368042,67731,67741,10
12.9399995804,80.2055892944,67741,67762,21
12.9399995804,80.2055892944,67762,67772,10
12.9401502609,80.2056808472,67772,67782,10
12.9406204224,80.2058029175,67782,67792,10
12.9411096573,80.2060012817,67792,67802,10
12.941740036,80.2063827515,67802,67812,10
12.9423599243,80.2068634033,67812,67822,10
12.9428596497,80.2074508667,67822,67832,10
12.9434995651,80.2080230713,67832,67842,10
12.9441795349,80.2082595825,67842,67853,11
12.944270134,80.2082901001,67853,67863,10
12.944319725,80.2083206177,67863,67873,10
12.944729805,80.2084732056,67873,67883,10
12.945400238,80.208732605,67883,67893,10
12.9462604523,80.2089691162,67893,67903,10
12.9470996857,80.2092971802,67903,67913,10
12.9477701187,80.2095031738,67913,67923,10
12.9482803345,80.2096099854,67923,67933,10
12.9485197067,80.2097625732,67933,67943,10
12.9489097595,80.2098922729,67943,67954,11
12.9489202499,80.2098999023,67954,67964,10
12.9491100311,80.2099914551,67964,67974,10
12.9497098923,80.2102508545,67974,67984,10
12.9504404068,80.2106018066,67984,67994,10
12.9511003494,80.2108917236,67994,68004,10
12.9517803192,80.2112121582,68004,68014,10
12.9526195526,80.2115478516,68014,68024,10
12.953379631,80.2118682861,68024,68034,10
12.9535598755,80.2119293213,68034,68044,10
12.9535799026,80.2119369507,68044,68054,10
12.953909874,80.2120819092,68054,68065,11
12.9546604156,80.2123794556,68065,68075,10
12.9555301666,80.2127380371,68075,68085,10
12.956410408,80.2130813599,68085,68095,10
12.9574203491,80.2134933472,68095,68105,10
12.9584302902,80.2138977051,68105,68115,10
12.9593000412,80.2142181396,68115,68125,10
12.9601402283,80.2145690918,68125,68135,10
12.9611101151,80.2149505615,68135,68145,10
12.9620800018,80.2153320313,68145,68155,10
12.9628801346,80.2156524658,68155,68165,10
12.9635095596,80.2158966064,68165,68175,10
12.9640302658,80.2160720825,68175,68185,10
12.9641704559,80.2161331177,68185,68195,10
12.96434021,80.2162399292,68195,68205,10
12.9648799896,80.2164764404,68205,68215,10
12.965669632,80.2167816162,68215,68225,10
12.9664897919,80.2171173096,68225,68235,10
12.9672498703,80.2174301147,68235,68245,10
12.9679002762,80.2176895142,68245,68256,11
12.9685697556,80.2179489136,68256,68266,10
12.9694099426,80.2182769775,68266,68277,11
12.9703702927,80.2186813354,68277,68287,10
12.9711503983,80.2189102173,68287,68307,20
12.9711503983,80.2189102173,68307,68316,9
12.9712896347,80.2189712524,68316,68327,11
12.9717998505,80.2192230225,68327,68337,10
12.9722995758,80.2194213867,68337,68347,10
12.972820282,80.2196121216,68347,68357,10
12.9734296799,80.2198486328,68357,68369,12
12.9741296768,80.220161438,68369,68379,10
12.9745397568,80.2203979492,68379,68389,10
12.9749603271,80.2205276489,68389,68520,131
12.9749603271,80.2205276489,68520,68530,10
12.9754104614,80.2206497192,68530,68540,10
12.9756603241,80.2209014893,68540,68550,10
12.976149559,80.2211608887,68550,68601,51
12.976149559,80.2211608887,68601,68611,10
12.9763698578,80.2211380005,68611,68621,10
12.9768199921,80.2211380005,68621,68631,10
12.9774999619,80.2211303711,68631,68640,9
12.9780797958,80.2210998535,68640,68651,11
12.9788198471,80.2210617065,68651,68661,10
12.9795198441,80.2210083008,68661,68671,10
12.9802598953,80.2209625244,68671,68682,11
12.981010437,80.2209777832,68682,68692,10
12.9815397263,80.2212600708,68692,68702,10
12.9819498062,80.2215118408,68702,68712,10
12.9822597504,80.2216796875,68712,68762,50
12.9822597504,80.2216796875,68762,68772,10
12.9826402664,80.2218093872,68772,68782,10
12.9828901291,80.2219390869,68782,68793,11
12.9828996658,80.2219390869,68793,68803,10
12.9830904007,80.222038269,68803,68813,10
12.9834003448,80.2222366333,68813,68823,10
12.983590126,80.222366333,68823,68833,10
12.9837303162,80.2224502563,68833,68843,10
12.9840898514,80.22265625,68843,68853,10
12.9845399857,80.2229537964,68853,68863,10
12.9849996567,80.2231826782,68863,68873,10
12.9854402542,80.2231674194,68873,68883,10
12.9858198166,80.2229232788,68883,68894,11
12.9863796234,80.22290802,68894,68914,20
12.9863796234,80.22290802,68914,68924,10
12.986700058,80.2229537964,68924,68934,10
12.9872999191,80.2230224609,68934,68944,10
12.987950325,80.2228393555,68944,68954,10
12.988530159,80.2223587036,68954,68964,10
12.9890604019,80.2217483521,68964,68974,10
12.9895496368,80.2211074829,68974,68983,9
12.9899902344,80.2205581665,68983,68995,12
12.9902601242,80.2203826904,68995,69005,10
12.9905595779,80.220161438,69005,69015,10
12.9909896851,80.2198486328,69015,69035,20
12.9909896851,80.2198486328,69035,69045,10
12.9911403656,80.2197418213,69045,69055,10
12.9915399551,80.2194290161,69055,69065,10
12.991979599,80.2191085815,69065,69075,10
12.9924402237,80.218788147,69075,69085,10
12.9928798676,80.218460083,69085,69095,10
12.9933395386,80.2180862427,69095,69106,11
12.9937696457,80.2177886963,69106,69116,10
12.9939498901,80.2176513672,69116,69126,10
12.9941701889,80.2174682617,69126,69136,10
12.9944496155,80.217300415,69136,69146,10
12.9947900772,80.2170562744,69146,69156,10
12.9951295853,80.2168197632,69156,69166,10
12.9955701828,80.2166366577,69166,69176,10
12.9958696365,80.2165374756,69176,69186,10
12.9960298538,80.216506958,69186,69196,10
12.9961795807,80.2164764404,69196,69206,10
12.9963798523,80.2164535522,69206,69216,10
12.9965696335,80.2164230347,69216,69226,10
12.9968299866,80.2164001465,69226,69236,10
12.996919632,80.2164001465,69236,69246,10
12.9973402023,80.2164001465,69246,69256,10
12.9976196289,80.2164230347,69256,69267,11
12.9977397919,80.2164306641,69267,69276,9
12.9982204437,80.2165603638,69276,69287,11
12.9989900589,80.2169265747,69287,69297,10
12.9997396469,80.2173614502,69297,69307,10
13.0004196167,80.2178115845,69307,69319,12
13.0013504028,80.2184295654,69319,69326,7
13.0018396378,80.2188491821,69326,69337,11
13.0025196075,80.2195663452,69337,69347,10
13.0032901764,80.2198867798,69347,69357,10
13.004070282,80.2200393677,69357,69367,10
13.0048103333,80.2201766968,69367,69377,10
13.0055904388,80.2203598022,69377,69389,12
13.0066003799,80.2206192017,69389,69395,6
13.007109642,80.2208862305,69395,69409,14
13.0083398819,80.2215423584,69409,69420,11
13.0093202591,80.2220687866,69420,69428,8
13.0100097656,80.222442627,69428,69440,12
13.0110397339,80.2229385376,69440,69450,10
13.0113697052,80.2230300903,69450,69460,10
13.0113801956,80.2230224609,69460,69470,10
13.0115404129,80.2225799561,69470,69480,10
13.0116596222,80.222038269,69480,69490,10
13.0120201111,80.2213516235,69490,69500,10
13.0122804642,80.2214431763,69500,69510,10
13.0125904083,80.2218322754,69510,69521,11
13.0128602982,80.2221603394,69521,69531,10
13.0131101608,80.2224884033,69531,69541,10
13.0133895874,80.2227478027,69541,69551,10
13.0136499405,80.2230377197,69551,69561,10
13.0140695572,80.2234725952,69561,69571,10
13.0144901276,80.2240219116,69571,69581,10
13.014960289,80.2245330811,69581,69591,10
13.0156002045,80.2249984741,69591,69613,22
13.0156002045,80.2249984741,69613,69624,11
13.0159597397,80.2252120972,69624,69634,10
13.0166501999,80.2251663208,69634,69644,10
13.017539978,80.2248306274,69644,69654,10
13.0185003281,80.2244567871,69654,69664,10
13.0193595886,80.2243423462,69664,69674,10
13.0199403763,80.2246627808,69674,69684,10
13.020359993,80.2249603271,69684,69694,10
13.0207004547,80.2251968384,69694,69704,10
13.0209903717,80.2254333496,69704,69714,10
13.0213298798,80.2257080078,69714,69725,11
13.0218896866,80.2260818481,69725,69745,20
13.0218896866,80.2260818481,69745,69755,10
13.022069931,80.2262191772,69755,69763,8
13.0223999023,80.2265090942,69763,69775,12
13.0234603882,80.2275009155,69775,69785,10
13.0234603882,80.2275009155,69785,69795,10
13.0239095688,80.2278900146,69795,69804,9
13.0241003036,80.2280731201,69804,69818,14
13.0242204666,80.2282028198,69818,69828,10
13.024430275,80.2285003662,69828,69837,9
13.0246400833,80.2287979126,69837,69847,10
13.0249700546,80.2292633057,69847,69857,10
13.0254201889,80.2298736572,69857,69867,10
13.0257902145,80.2305603027,69867,69877,10
13.0259799957,80.2311477661,69877,69887,10
13.0262298584,80.2312088013,69887,69897,10
13.0268697739,80.231048584,69897,69907,10
13.027589798,80.2309112549,69907,69917,10
13.0281896591,80.2308273315,69917,69927,10
13.0284700394,80.2308273315,69927,69938,11
13.0286998749,80.2308120728,69938,69948,10
13.029250145,80.2307510376,69948,69959,11
13.029800415,80.2306900024,69959,69968,9
13.0300798416,80.2306518555,69968,69978,10
13.0302495956,80.2306289673,69978,69988,10
13.0305595398,80.2305984497,69988,69997,9
13.030960083,80.2305603027,69997,70009,12
13.0314702988,80.2305526733,70009,70018,9
13.0316801071,80.2305297852,70018,70028,10
13.0321302414,80.2304763794,70028,70040,12
13.0328302383,80.230430603,70040,70050,10
13.0331201553,80.2304229736,70050,70059,9
13.0332298279,80.2304077148,70059,70071,12
13.0336704254,80.2303924561,70071,70081,10
13.034040451,80.2303390503,70081,70110,29
13.0341701508,80.2303237915,70110,70154,44
13.0341701508,80.2303237915,70154,70164,10
13.0344800949,80.2302703857,70164,70174,10
13.0347003937,80.2302093506,70174,70184,10
13.0348300934,80.2300567627,70184,70194,10
13.0348100662,80.2299575806,70194,70204,10
13.0347003937,80.2299118042,70204,70214,10
13.0344104767,80.229888916,70214,70983,769
13.0341596603,80.2301330566,70983,71134,151
13.0341596603,80.2301330566,71134,71144,10
13.0338401794,80.2304229736,71144,71153,9
13.0335302353,80.2304382324,71153,71164,11
13.0330295563,80.2304992676,71164,71174,10
13.0324602127,80.2305908203,71174,71184,10
13.0318698883,80.2306594849,71184,71195,11
13.030960083,80.23072052,71195,71215,20
13.030960083,80.23072052,71215,71225,10
13.0307302475,80.2307434082,71225,71235,10
13.0304002762,80.2307510376,71235,71245,10
13.0300102234,80.2307815552,71245,71255,10
13.0298299789,80.2307662964,71255,71265,10
13.0296401978,80.2308120728,71265,71275,10
13.0291700363,80.2308578491,71275,71284,9
13.028670311,80.2309036255,71284,71296,12
13.0279502869,80.2309417725,71296,71306,10
13.0276403427,80.2310409546,71306,71316,10
13.0276603699,80.2314300537,71316,71326,10
13.0277204514,80.2319564819,71326,71336,10
13.0278301239,80.2325515747,71336,71346,10
13.0275201797,80.2328033447,71346,71356,10
13.0270004272,80.2329330444,71356,71397,41
13.0270004272,80.2329330444,71397,71407,10
13.0267601013,80.2329483032,71407,71417,10
13.0264596939,80.232963562,71417,71427,10
13.0262403488,80.2324676514,71427,71437,10
13.0260601044,80.2318267822,71437,71447,10
13.0258598328,80.2311401367,71447,71457,10
13.0255203247,80.2303237915,71457,71467,10
13.0250196457,80.2296066284,71467,71477,10
13.0247898102,80.229347229,71477,71497,20
13.0247898102,80.229347229,71497,71508,11
13.0246896744,80.2292175293,71508,71518,10
13.024430275,80.2288894653,71518,71528,10
13.024140358,80.2284622192,71528,71538,10
13.0238199234,80.2280578613,71538,71548,10
13.0233402252,80.2276000977,71548,71558,10
13.0229701996,80.2273788452,71558,71578,20
13.0229701996,80.2273788452,71578,71588,10
13.0225400925,80.2269363403,71588,71608,20
13.0225400925,80.2269363403,71608,71618,10
13.0222597122,80.2266311646,71618,71629,11
13.0216903687,80.2261276245,71629,71639,10
13.0211000443,80.2256469727,71639,71649,10
13.0204200745,80.2251815796,71649,71659,10
13.0196895599,80.2246704102,71659,71669,10
13.0187902451,80.2244873047,71669,71679,10
13.0178604126,80.2248535156,71679,71689,10
13.0170001984,80.2251968384,71689,71699,10
13.0163898468,80.2254333496,71699,71711,12
13.0158596039,80.2256088257,71711,71721,10
13.01541996,80.225769043,71721,71731,10
13.0151996613,80.2258834839,71731,71741,10
13.0148897171,80.2260131836,71741,71751,10
13.0144195557,80.2261810303,71751,71781,30
13.0144195557,80.2261810303,71781,71789,8
13.0143604279,80.2261962891,71789,71801,12
13.0139303207,80.2263717651,71801,71808,7
13.0136003494,80.2265014648,71808,71822,14
13.0127296448,80.2268066406,71822,71832,10
13.012049675,80.2270812988,71832,71842,10
13.0112695694,80.2273635864,71842,71852,10
13.0104398727,80.2276916504,71852,71862,10
13.0097103119,80.227897644,71862,71872,10
13.0094900131,80.2275238037,71872,71882,10
13.0096998215,80.2270736694,71882,71892,10
13.0100097656,80.2263565063,71892,71902,10
13.0103502274,80.2255096436,71902,71912,10
13.0107002258,80.2247390747,71912,71923,11
13.0109500885,80.2239990234,71923,71933,10
13.0111103058,80.2235031128,71933,71943,10
13.0110998154,80.2230987549,71943,71953,10
13.0106296539,80.2228927612,71953,71963,10
13.0100898743,80.2226028442,71963,71973,10
13.009519577,80.2222824097,71973,71983,10
13.0088701248,80.2219009399,71983,71993,10
13.0081501007,80.2215194702,71993,72003,10
13.0074100494,80.2211074829,72003,72012,9
13.0068702698,80.2208404541,72012,72024,12
13.0061302185,80.2205734253,72024,72034,10
13.0054798126,80.220413208,72034,72044,10
13.0049104691,80.2202835083,72044,72054,10
13.0046100616,80.2202224731,72054,72064,10
13.0045604706,80.2202224731,72064,72074,10
13.0041599274,80.2201309204,72074,72084,10
13.0035104752,80.2199630737,72084,72094,10
13.0027799606,80.2197189331,72094,72104,10
13.0021696091,80.21925354,72104,72114,10
13.0017204285,80.2187728882,72114,72125,11
13.0010595322,80.2182693481,72125,72135,10
13.00041008,80.2178268433,72135,72145,10
12.9998197556,80.2174835205,72145,72155,10
12.9992799759,80.2171401978,72155,72165,10
12.9987096786,80.2168579102,72165,72175,10
12.9979696274,80.2165603638,72175,72185,10
12.9974498749,80.2164993286,72185,72215,30
12.9974498749,80.2164993286,72215,72225,10
12.9972496033,80.2164916992,72225,72236,11
12.9968204498,80.2165222168,72236,72246,10
12.9961900711,80.2165985107,72246,72256,10
12.9955196381,80.2167663574,72256,72266,10
12.9951400757,80.2169876099,72266,72276,10
12.9949102402,80.2171325684,72276,72286,10
12.9945602417,80.217376709,72286,72296,10
12.9941797256,80.2176818848,72296,72306,10
12.9938297272,80.2179489136,72306,72316,10
12.9933395386,80.2182922363,72316,72326,10
12.9929199219,80.2185974121,72326,72336,10
12.9923295975,80.2190170288,72336,72348,12
12.9916400909,80.219543457,72348,72358,10
12.9913797379,80.2197570801,72358,72368,10
12.9907903671,80.220161438,72368,72388,20
12.9907903671,80.220161438,72388,72398,10
12.9905195236,80.2203598022,72398,72408,10
12.989979744,80.2208023071,72408,72419,11
12.9894199371,80.2214279175,72419,72428,9
12.9889602661,80.2220001221,72428,72439,11
12.9884195328,80.2225723267,72439,72449,10
12.9875802994,80.2230834961,72449,72469,20
12.9875802994,80.2230834961,72469,72479,10
12.9871397018,80.2230377197,72479,72489,10
12.986579895,80.2229537964,72489,72499,10
12.9860095978,80.2229385376,72499,72509,10
12.9854898453,80.2231903076,72509,72520,11
12.9849700928,80.2231674194,72520,72529,9
12.9845304489,80.2229537964,72529,72542,13
12.9838399887,80.2225418091,72542,72552,10
12.9835395813,80.222366333,72552,72562,10
12.9833898544,80.2222595215,72562,72570,8
12.9831695557,80.2221221924,72570,72592,22
12.9831695557,80.2221221924,72592,72602,10
12.9829797745,80.2220230103,72602,72612,10
12.9828996658,80.2219696045,72612,72622,10
12.9827699661,80.2219009399,72622,72632,10
12.9825201035,80.221786499,72632,72642,10
12.9820404053,80.2216415405,72642,72653,11
12.981590271,80.2212982178,72653,72663,10
12.9811897278,80.2210922241,72663,72673,10
12.9807300568,80.2210235596,72673,72683,10
12.9799604416,80.2210769653,72683,72693,10
12.9791898727,80.2211303711,72693,72703,10
12.9783496857,80.2211685181,72703,72713,10
12.9777002335,80.2211990356,72713,72723,10
12.9769697189,80.2212524414,72723,72733,10
12.9763002396,80.2212524414,72733,72743,10
12.9759397507,80.2212982178,72743,72754,11
12.9756402969,80.2210693359,72754,72814,60
12.9756402969,80.2210693359,72814,72824,10
12.9754295349,80.2209091187,72824,72834,10
12.9751901627,80.2207183838,72834,72843,9
12.9748001099,80.2205200195,72843,72855,12
12.9740800858,80.220199585,72855,72865,10
12.973400116,80.2199325562,72865,72873,8
12.9728498459,80.2197113037,72873,72886,13
12.9719600677,80.2193832397,72886,72896,10
12.9710798264,80.2191619873,72896,72928,32
12.9710798264,80.2191619873,72928,72938,10
12.9708900452,80.2190933228,72938,72948,10
12.9708795547,80.219078064,72948,72959,11
12.9706602097,80.2189178467,72959,72969,10
12.9701004028,80.2186889648,72969,72979,10
12.9694795609,80.2184371948,72979,72989,10
12.9688501358,80.2181777954,72989,72999,10
12.9682197571,80.2179336548,72999,73009,10
12.9675998688,80.2176895142,73009,73019,10
12.9669303894,80.2174224854,73019,73029,10
12.9661502838,80.2171020508,73029,73039,10
12.9652795792,80.216758728,73039,73049,10
12.96434021,80.2163772583,73049,73059,10
12.963549614,80.2160263062,73059,73069,10
12.9628095627,80.2157211304,73069,73089,20
12.9628095627,80.2157211304,73089,73100,11
12.9625701904,80.2156219482,73100,73110,10
12.9619703293,80.2154006958,73110,73120,10
12.9612197876,80.2151031494,73120,73130,10
12.9603700638,80.2147598267,73130,73140,10
12.95952034,80.2144165039,73140,73150,10
12.9585695267,80.2140274048,73150,73159,9
12.9576702118,80.2136688232,73159,73172,13
12.9563503265,80.2131271362,73172,73182,10
12.9553203583,80.2127380371,73182,73192,10
12.9543104172,80.2123413086,73192,73202,10
12.9536504745,80.2121124268,73202,73210,8
12.9536399841,80.212097168,73210,73220,10
12.9536304474,80.2120895386,73220,73230,10
12.9533500671,80.2119369507,73230,73240,10
12.9528198242,80.2117614746,73240,73250,10
12.9520797729,80.211479187,73250,73260,10
12.951259613,80.2111968994,73260,73273,13
12.9500904083,80.2107772827,73273,73283,10
12.949139595,80.2104110718,73283,73293,10
12.9486398697,80.2102432251,73293,73313,20
12.9486398697,80.2102432251,73313,73323,10
12.9484300613,80.2101821899,73323,73333,10
12.9480800629,80.2100296021,73333,73343,10
12.9473400116,80.2097473145,73343,73353,10
12.9464101791,80.2093505859,73353,73363,10
12.9454202652,80.2088775635,73363,73374,11
12.9444198608,80.208442688,73374,73384,10
12.9441900253,80.2083587646,73384,73394,10
12.9441404343,80.2083206177,73394,73404,10
12.9437398911,80.2081375122,73404,73414,10
12.9431295395,80.2078323364,73414,73424,10
12.9426298141,80.2072372437,73424,73434,10
12.9419803619,80.2066192627,73434,73444,10
12.9412603378,80.2061080933,73444,73454,10
12.9409999847,80.2059936523,73454,73464,10
12.9409704208,80.2059707642,73464,73474,10
12.9406099319,80.2058181763,73474,73485,11
12.9399299622,80.2056121826,73485,73495,10
12.9392595291,80.205406189,73495,73505,10
12.9386100769,80.2052001953,73505,73515,10
12.9379196167,80.2050094604,73515,73525,10
12.9371595383,80.2048034668,73525,73535,10
12.9364004135,80.2045898438,73535,73545,10
12.9356498718,80.2043685913,73545,73555,10
12.9349498749,80.2040405273,73555,73565,10
12.9341802597,80.2039337158,73565,73575,10
12.9337501526,80.2039108276,73575,73596,21
12.9337501526,80.2039108276,73596,73606,10
12.9336395264,80.2038879395,73606,73616,10
12.9332399368,80.2038116455,73616,73626,10
12.9327402115,80.2035903931,73626,73636,10
12.9322004318,80.2033996582,73636,73646,10
12.9315700531,80.2032012939,73646,73656,10
12.9309196472,80.2029800415,73656,73666,10
12.9302597046,80.2028427124,73666,73676,10
12.9294300079,80.2027511597,73676,73697,21
12.9294300079,80.2027511597,73697,73707,10
12.9291000366,80.2026824951,73707,73717,10
12.9285402298,80.2024993896,73717,73727,10
12.9284601212,80.2019424438,73727,73737,10
12.9284200668,80.2011566162,73737,73747,10
12.9283800125,80.2002792358,73747,73757,10
12.9281702042,80.1993637085,73757,73767,10
12.9277696609,80.1985626221,73767,73777,10
12.9271402359,80.1978988647,73777,73786,9
12.9263000488,80.1975784302,73786,73808,22
12.9263000488,80.1975784302,73808,73818,10
12.9259595871,80.197517395,73818,73828,10
12.9254798889,80.197517395,73828,73838,10
12.9251804352,80.197479248,73838,73848,10
12.9245595932,80.197479248,73848,73858,10
12.9238595963,80.1974563599,73858,73868,10
12.923210144,80.1974029541,73868,73878,10
12.9225797653,80.1973190308,73878,73888,10
12.9220304489,80.1972503662,73888,73899,11
12.9220104218,80.1972503662,73899,73909,10
12.9217195511,80.1971588135,73909,73919,10
12.9211702347,80.1969833374,73919,73929,10
12.9206695557,80.1968002319,73929,73939,10
12.9200000763,80.1965713501,73939,73949,10
12.9194202423,80.1963500977,73949,73959,10
12.9189796448,80.1959991455,73959,73969,10
12.9184904099,80.1955413818,73969,73980,11
12.9179401398,80.1950378418,73980,73991,11
12.9173803329,80.1945419312,73991,74000,9
12.9171304703,80.1942367554,74000,74011,11
12.9170703888,80.1941299438,74011,74021,10
12.916970253,80.1938400269,74021,74031,10
12.9169502258,80.1934967041,74031,74041,10
12.9169597626,80.1933288574,74041,74051,10
12.9169797897,80.1929702759,74051,74061,10
12.9170198441,80.1925811768,74061,74071,10
12.9169101715,80.1923065186,74071,74080,9
12.9166603088,80.1923065186,74080,74163,83
12.9166603088,80.1923065186,74163,74173,10
12.916469574,80.1922836304,74173,74183,10
12.9163198471,80.1922836304,74183,74193,10
12.9161100388,80.1922607422,74193,74203,10
12.915599823,80.1922225952,74203,74214,11
12.9150495529,80.1921768188,74214,74224,10
12.9143896103,80.1921234131,74224,74234,10
12.9138498306,80.1920623779,74234,74244,10
12.9132003784,80.1919937134,74244,74254,10
12.9124403,80.19190979,74254,74264,10
12.9116201401,80.1918106079,74264,74274,10
12.9107398987,80.1916885376,74274,74284,10
12.909740448,80.1914596558,74284,74304,20
12.909740448,80.1914596558,74304,74315,11
12.9096298218,80.1913528442,74315,74355,40
12.9096298218,80.1913528442,74355,74365,10
12.9095401764,80.1912612915,74365,74375,10
12.9091396332,80.1909332275,74375,74385,10
12.9085597992,80.1904907227,74385,74395,10
12.9078502655,80.189956665,74395,74405,10
12.9071502686,80.1894226074,74405,74415,10
12.9061498642,80.1887207031,74415,74436,21
12.9061498642,80.1887207031,74436,74446,10
12.9061002731,80.1886825562,74446,74456,10
12.9056797028,80.1884002686,74456,74466,10
12.9050102234,80.1879882813,74466,74476,10
12.9043102264,80.1875534058,74476,74486,10
12.903960228,80.1868896484,74486,74496,10
12.9039802551,80.1859436035,74496,74506,10
12.9039802551,80.1855010986,74506,74516,10
12.9040002823,80.1853103638,74516,74527,11
12.9039402008,80.184677124,74527,74537,10
12.9032897949,80.1844482422,74537,74547,10
12.9024295807,80.1841964722,74547,74557,10
12.9014997482,80.1839523315,74557,74567,10
12.9006299973,80.1836395264,74567,74575,8
12.8998498917,80.1832580566,74575,74587,12
12.8986797333,80.1826705933,74587,74597,10
12.8978204727,80.1822433472,74597,74607,10
12.8972597122,80.1819763184,74607,74638,31
12.8972597122,80.1819763184,74638,74648,10
12.8969402313,80.1817703247,74648,74658,10
12.8962802887,80.1814498901,74658,74668,10
12.8954801559,80.1810379028,74668,74678,10
12.8945598602,80.1805801392,74678,74688,10
12.8936395645,80.1801300049,74688,74698,10
12.8933696747,80.1800003052,74698,74708,10
12.8933200836,80.179977417,74708,74718,10
12.8930397034,80.1795196533,74718,74729,11
12.8926000595,80.1787109375,74729,74739,10
12.8920898438,80.1777191162,74739,74749,10
12.8915596008,80.1767807007,74749,74757,8
12.891409874,80.1765136719,74757,74769,12
12.8913602829,80.1764373779,74769,74779,10
12.891119957,80.1759414673,74779,74789,10
12.8906898499,80.1751480103,74789,74799,10
12.8902301788,80.1744995117,74799,74809,10
12.8898801804,80.1743774414,74809,74819,10
12.8895797729,80.1742401123,74819,74829,10
12.8892097473,80.174079895,74829,74840,11
12.8884801865,80.1736984253,74840,74850,10
12.8876495361,80.1732788086,74850,74860,10
12.886759758,80.1727981567,74860,74870,10
12.8857603073,80.1722869873,74870,74880,10
12.8848600388,80.1718063354,74880,74891,11
12.8839302063,80.1713409424,74891,74901,10
12.8829803467,80.1708526611,74901,74911,10
12.8822603226,80.1707000732,74911,74921,10
12.8816900253,80.1709594727,74921,74931,10
12.8810997009,80.1707382202,74931,74941,10
12.8803396225,80.1704406738,74941,74951,10
12.8796901703,80.1701126099,74951,74961,10
12.8795003891,80.1700286865,74961,74973,12
12.8775196075,80.1702880859,74973,74985,12
12.8775196075,80.1702880859,74985,74995,10
12.8765201569,80.1706237793,74995,75005,10
12.868519783,80.175743103,75005,75071,66
12.868519783,80.175743103,75071,75091,20
12.8668899536,80.1758575439,75091,75101,10
12.866230011,80.1757965088,75101,75111,10
12.8654298782,80.1757202148,75111,75121,10
12.8645601273,80.1753921509,75121,75131,10
12.8635196686,80.1747589111,75131,75141,10
12.8623800278,80.1741027832,75141,75151,10
12.8612604141,80.1736068726,75151,75161,10
12.8602399826,80.1731567383,75161,75172,11
12.8591804504,80.1726837158,75172,75182,10
12.8581104279,80.1724624634,75182,75192,10
12.8574800491,80.1723480225,75192,75202,10
12.8571796417,80.1722869873,75202,75212,10
12.8565502167,80.1721725464,75212,75222,10
12.8564195633,80.1721420288,75222,75231,9
12.8562803268,80.1721115112,75231,75242,11
12.8560495377,80.1720275879,75242,75254,12
12.8552398682,80.1717910767,75254,75264,10
12.8542499542,80.1715011597,75264,75274,10
12.8530702591,80.1712188721,75274,75284,10
12.8517904282,80.1710662842,75284,75294,10
12.8505001068,80.1708526611,75294,75304,10
12.8491802216,80.1706314087,75304,75314,10
12.8480596542,80.1704330444,75314,75324,10
12.8472099304,80.1702880859,75324,75334,10
12.847120285,80.1702804565,75334,75341,7
12.846830368,80.170249939,75341,75355,14
12.8457202911,80.1701889038,75355,75365,10
12.8446102142,80.1701507568,75365,75375,10
12.8433799744,80.1699981689,75375,75385,10
12.8420696259,80.1699523926,75385,75395,10
12.8408699036,80.169960022,75395,75405,10
12.8397197723,80.1699676514,75405,75415,10
12.838760376,80.1698074341,75415,75425,10
12.8381500244,80.1694412231,75425,75435,10
12.8379297256,80.1692962646,75435,75442,7
12.8376302719,80.1692886353,75442,75456,14
12.8371095657,80.1689682007,75456,75466,10
12.8368997574,80.1688308716,75466,75476,10
12.8365802765,80.1687393188,75476,75486,10
12.8362102509,80.1686172485,75486,75496,10
12.8359804153,80.1684112549,75496,75506,10
12.8358201981,80.1679229736,75506,75516,10
12.8354101181,80.1677474976,75516,75526,10
12.8347902298,80.1674423218,75526,75536,10
12.8340501785,80.1670227051,75536,75546,10
12.833319664,80.1666107178,75546,75557,11
12.8324298859,80.1661529541,75557,75567,10
12.8315601349,80.1657791138,75567,75577,10
12.8305902481,80.1655578613,75577,75587,10
12.8295297623,80.1653823853,75587,75597,10
12.8284397125,80.1652374268,75597,75607,10
12.8275699615,80.1651306152,75607,75637,30
12.8275699615,80.1651306152,75637,75647,10
12.827460289,80.1650924683,75647,75657,10
12.8270702362,80.1648483276,75657,75668,11
12.8266000748,80.1645584106,75668,75678,10
12.8259096146,80.1641387939,75678,75688,10
12.8250598907,80.1636810303,75688,75698,10
12.824139595,80.1631164551,75698,75708,10
12.8231897354,80.1625823975,75708,75718,10
12.8221302032,80.1621322632,75718,75728,10
12.8210401535,80.1616821289,75728,75738,10
12.8199596405,80.1612167358,75738,75748,10
12.8189601898,80.1607894897,75748,75758,10
12.81828022,80.1604995728,75758,75769,11
12.8180398941,80.1604232788,75769,75779,10
12.8176002502,80.1603088379,75779,75789,10
12.8171195984,80.1602020264,75789,75799,10
12.8163795471,80.1600494385,75799,75809,10
12.8156404495,80.1598892212,75809,75819,10
12.8147802353,80.1597213745,75819,75829,10
12.8137397766,80.159576416,75829,75839,10
12.8126897812,80.1594085693,75839,75849,10
12.8117599487,80.1593933105,75849,75859,10
12.8115301132,80.1594619751,75859,75869,10
12.8110799789,80.1597290039,75869,75900,31
12.8110799789,80.1597290039,75900,75910,10
12.8112602234,80.1595306396,75910,76031,121
12.8112602234,80.1595306396,76031,76041,10
12.811340332,80.1594390869,76041,76051,10
12.8116798401,80.1593780518,76051,76061,10
12.812379837,80.1593017578,76061,76071,10
12.8132696152,80.1594924927,76071,76082,11
12.8143701553,80.1596069336,76082,76091,9
12.815199852,80.1597595215,76091,76101,10
12.8160104752,80.1599273682,76101,76111,10
12.8166399002,80.1600494385,76111,76121,10
12.8171396255,80.16015625,76121,76131,10
12.8176202774,80.1602783203,76131,76142,11
12.818110466,80.1604003906,76142,76151,9
12.8183298111,80.1604766846,76151,76162,11
12.8189001083,80.160697937,76162,76173,11
12.819849968,80.1611404419,76173,76182,9
12.8208398819,80.1615829468,76182,76193,11
12.8221197128,80.1620864868,76193,76203,10
12.8232898712,80.1625823975,76203,76213,10
12.8243503571,80.1632232666,76213,76223,10
12.8254203796,80.1638412476,76223,76233,10
12.8264303207,80.1644210815,76233,76242,9
12.8271198273,80.1648330688,76242,76253,11
12.8275403976,80.1650695801,76253,76263,10
12.8278398514,80.1651306152,76263,76273,10
12.8280200958,80.1651535034,76273,76283,10
12.8285903931,80.1652297974,76283,76295,12
12.829580307,80.1653594971,76295,76305,10
12.830450058,80.1655197144,76305,76315,10
12.8313102722,80.165687561,76315,76325,10
12.8322401047,80.1660232544,76325,76335,10
12.8331804276,80.1664810181,76335,76345,10
12.83411026,80.1670227051,76345,76355,10
12.8350296021,80.1675491333,76355,76365,10
12.8356895447,80.1677932739,76365,76375,10
12.8359203339,80.1680831909,76375,76385,10
12.8360700607,80.168510437,76385,76396,11
12.8363103867,80.1686019897,76396,76406,10
12.8366003036,80.1686935425,76406,76416,10
12.8369197845,80.1687774658,76416,76426,10
12.8371496201,80.1689682007,76426,76436,10
12.8373203278,80.1691589355,76436,76446,10
12.8379001617,80.1692810059,76446,76454,8
12.8381500244,80.1694030762,76454,76467,13
12.8384504318,80.169631958,76467,76477,10
12.8389596939,80.1697998047,76477,76487,10
12.8397197723,80.1699371338,76487,76500,13
12.8409500122,80.1699523926,76500,76510,10
12.8418798447,80.1699676514,76510,76520,10
12.8422603607,80.1699371338,76520,76530,10
12.8430299759,80.1699371338,76530,76540,10
12.8440504074,80.1700668335,76540,76550,10
12.8452501297,80.1701431274,76550,76560,10
12.8465003967,80.1702194214,76560,76570,10
12.8476600647,80.1703262329,76570,76580,10
12.8489398956,80.1705474854,76580,76590,10
12.850230217,80.1707687378,76590,76601,11
12.8516197205,80.1710128784,76601,76611,10
12.8528795242,80.1711807251,76611,76621,10
12.8540296555,80.1713867188,76621,76631,10
12.8551702499,80.1717224121,76631,76641,10
12.8561697006,80.1720123291,76641,76651,10
12.8563699722,80.1720581055,76651,76661,10
12.8565998077,80.1721191406,76661,76671,10
12.8571996689,80.1722412109,76671,76681,10
12.8576202393,80.1723098755,76681,76691,10
12.858039856,80.1723937988,76691,76701,10
12.8588495255,80.1725311279,76701,76712,11
12.8596401215,80.1728210449,76712,76722,10
12.860449791,80.1731872559,76722,76732,10
12.8614997864,80.1736831665,76732,76742,10
12.8625202179,80.174118042,76742,76752,10
12.8635797501,80.1747283936,76752,76762,10
12.8645896912,80.1753768921,76762,76772,10
12.8655796051,80.1757202148,76772,76782,10
12.8666601181,80.175819397,76782,76792,10
12.8677196503,80.1759185791,76792,76802,10
12.868639946,80.1756362915,76802,76812,10
12.8695297241,80.1750411987,76812,76822,10
12.8704996109,80.1743774414,76822,76832,10
12.8714895248,80.1737136841,76832,76842,10
12.8725299835,80.1730194092,76842,76852,10
12.8735704422,80.1723327637,76852,76865,13
12.8749303818,80.1714401245,76865,76874,9
12.8821201324,80.1709289551,76874,76945,71
12.8821201324,80.1709289551,76945,76964,19
12.8832597733,80.1709594727,76964,76975,11
12.8842697144,80.1714706421,76975,76985,10
12.8851995468,80.1719894409,76985,76995,10
12.8860197067,80.172416687,76995,77005,10
12.886759758,80.1728210449,77005,77017,12
12.8879003525,80.1734237671,77017,77027,10
12.8888998032,80.1739425659,77027,77035,8
12.8894996643,80.1742401123,77035,77047,12
12.8897104263,80.174331665,77047,77057,10
12.8899297714,80.1744003296,77057,77067,10
12.8902902603,80.1745834351,77067,77077,10
12.8906497955,80.1751098633,77077,77085,8
12.8909301758,80.1756362915,77085,77097,12
12.8914804459,80.1766662598,77097,77104,7
12.8918199539,80.1772918701,77104,77118,14
12.8925600052,80.1785736084,77118,77128,10
12.8930797577,80.1795425415,77128,77138,10
12.8937397003,80.1801834106,77138,77148,10
12.8943300247,80.1804733276,77148,77158,10
12.8949604034,80.1807785034,77158,77168,10
12.8956804276,80.181137085,77168,77178,10
12.8965101242,80.1815567017,77178,77188,10
12.8973503113,80.1819763184,77188,77198,10
12.8977804184,80.1821975708,77198,77208,10
12.8983697891,80.1825180054,77208,77218,10
12.8990497589,80.1828613281,77218,77229,11
12.899939537,80.1833114624,77229,77239,10
12.9005498886,80.1836013794,77239,77249,10
12.9012699127,80.1838684082,77249,77259,10
12.9021997452,80.1841125488,77259,77269,10
12.9031095505,80.1843795776,77269,77279,10
12.9039402008,80.1846389771,77279,77289,10
12.9040498734,80.185218811,77289,77299,10
12.9040203094,80.1859970093,77299,77309,10
12.9039697647,80.1868667603,77309,77322,13
12.904419899,80.1876602173,77322,77332,10
12.9050703049,80.1880493164,77332,77342,10
12.9057397842,80.1884689331,77342,77352,10
12.9063997269,80.1888809204,77352,77362,10
12.906999588,80.1893463135,77362,77372,10
12.9076499939,80.1898498535,77372,77382,10
12.9082899094,80.1903305054,77382,77392,10
12.9089899063,80.1908569336,77392,77402,10
12.9096298218,80.1913604736,77402,77412,10
12.9103097916,80.1916427612,77412,77422,10
12.9110803604,80.1917190552,77422,77433,11
12.9119100571,80.1918106079,77433,77443,10
12.9122800827,80.1918487549,77443,77453,10
12.9125099182,80.1918716431,77453,77463,10
12.9130897522,80.1919403076,77463,77473,10
12.9137802124,80.1920166016,77473,77483,10
12.9144096375,80.1920776367,77483,77493,10
12.9149999619,80.1921386719,77493,77503,10
12.9154195786,80.1921463013,77503,77513,10
12.9159297943,80.192199707,77513,77523,10
12.9165096283,80.192237854,77523,77534,11
12.9169902802,80.1922225952,77534,77544,10
12.9170598984,80.1921234131,77544,77554,10
12.9171600342,80.1917037964,77554,77564,10
12.9172496796,80.191192627,77564,77574,10
12.9172897339,80.1903610229,77574,77594,20
12.9172897339,80.1903610229,77594,77604,10
12.9174203873,80.1904220581,77604,77614,10
12.9173498154,80.1909179688,77614,77624,10
12.9172897339,80.19165802,77624,77634,10
12.9172000885,80.1923904419,77634,77644,10
12.9171199799,80.1929168701,77644,77654,10
12.9170999527,80.1929931641,77654,77664,10
12.9170703888,80.193359375,77664,77674,10
12.917140007,80.1940231323,77674,77684,10
12.9175100327,80.1945877075,77684,77694,10
12.9180498123,80.1951065063,77694,77704,10
12.9186201096,80.195640564,77704,77714,10
12.9193000793,80.1961975098,77714,77725,11
12.9201698303,80.1965866089,77725,77735,10
12.9209098816,80.1968231201,77735,77745,10
12.921620369,80.1970977783,77745,77755,10
12.922419548,80.1972808838,77755,77765,10
12.9231100082,80.1973724365,77765,77775,10
12.9233798981,80.1973724365,77775,77785,10
12.9236602783,80.1974029541,77785,77795,10
12.9241399765,80.1974182129,77795,77805,10
12.9247598648,80.1974411011,77805,77815,10
12.9251203537,80.1974182129,77815,77825,10
12.9253797531,80.1974029541,77825,77836,11
12.9261302948,80.1974487305,77836,77848,12
12.9269504547,80.1977615356,77848,77856,8
12.9274101257,80.1980667114,77856,77868,12
12.9279203415,80.1988067627,77868,77878,10
12.9282598495,80.1995773315,77878,77888,10
12.9284095764,80.200378418,77888,77898,10
12.9284496307,80.201171875,77898,77908,10
12.9284801483,80.2019195557,77908,77918,10
12.9287595749,80.2026290894,77918,77928,10
12.9294996262,80.2026901245,77928,77938,10
12.9296398163,80.2027130127,77938,77949,11
12.9302101135,80.2027893066,77949,77959,10
12.9308204651,80.2029190063,77959,77969,10
12.9315004349,80.2031326294,77969,77979,10
12.9322395325,80.2033691406,77979,77989,10
12.9328899384,80.2035827637,77989,77999,10
12.9335403442,80.2037734985,77999,78009,10
12.9341497421,80.2038116455,78009,78019,10
12.9343299866,80.2038192749,78019,78029,10
12.9347496033,80.2038879395,78029,78039,10
12.9353199005,80.2040863037,78039,78050,11
12.9358901978,80.2043304443,78050,78060,10
12.9362201691,80.2044219971,78060,78070,10
12.9366998672,80.2045593262,78070,78080,10
12.9373197556,80.2047424316,78080,78090,10
12.9380502701,80.2049484253,78090,78100,10
12.9389200211,80.2052078247,78100,78110,10
12.9397802353,80.2054672241,78110,78120,10
12.940030098,80.2055435181,78120,78130,10
12.9402999878,80.205619812,78130,78140,10
12.9407997131,80.2057876587,78140,78150,10
12.9413900375,80.2060928345,78150,78161,11
12.9419803619,80.2065429688,78161,78171,10
12.9425802231,80.2070617676,78171,78181,10
12.9430599213,80.2077178955,78181,78191,10
12.943810463,80.2081222534,78191,78201,10
12.9443798065,80.2083206177,78201,78211,10
12.9447402954,80.208442688,78211,78221,10
12.9454097748,80.2086791992,78221,78231,10
12.946149826,80.2089767456,78231,78241,10
12.9469099045,80.2092895508,78241,78251,10
12.947640419,80.2095870972,78251,78262,11
12.9485301971,80.2099227905,78262,78272,10
12.9494895935,80.2103118896,78272,78282,10
12.9505195618,80.2107162476,78282,78292,10
12.9515104294,80.2111129761,78292,78302,10
12.9524402618,80.211479187,78302,78312,10
12.9531002045,80.2117233276,78312,78322,10
12.9538602829,80.212020874,78322,78332,10
12.9547700882,80.2123794556,78332,78342,10
12.9556798935,80.2127532959,78342,78352,10
12.9565200806,80.2130813599,78352,78363,11
12.9575796127,80.213508606,78363,78373,10
12.9585599899,80.2139205933,78373,78383,10
12.9594898224,80.2142791748,78383,78393,10
12.9604301453,80.2146682739,78393,78403,10
12.961400032,80.215057373,78403,78413,10
12.9624204636,80.2154388428,78413,78423,10
12.9631595612,80.215713501,78423,78433,10
12.9634504318,80.2158126831,78433,78443,10
12.9636001587,80.2158737183,78443,78453,10
12.9642295837,80.2161712646,78453,78463,10
12.9651403427,80.2165527344,78463,78474,11
12.9662799835,80.217010498,78474,78484,10
12.9672203064,80.2173995972,78484,78494,10
12.9678697586,80.2176818848,78494,78504,10
12.9685401917,80.2179336548,78504,78514,10
12.9693498611,80.2182312012,78514,78524,10
12.970199585,80.2185592651,78524,78534,10
12.9708299637,80.2187805176,78534,78544,10
12.9709796906,80.2188262939,78544,78554,10
12.9714097977,80.2190170288,78554,78565,11
12.9721097946,80.219329834,78565,78575,10
12.972869873,80.2196121216,78575,78585,10
12.9736700058,80.2199172974,78585,78595,10
12.974360466,80.2202224731,78595,78605,10
12.9746398926,80.2203216553,78605,78616,11
12.9747600555,80.2203598022,78616,78626,10
12.9749603271,80.220451355,78626,78636,10
12.9751300812,80.2204971313,78636,78646,10
12.9752397537,80.2205276489,78646,78656,10
12.9754400253,80.2206497192,78656,78666,10
12.9756498337,80.2208633423,78666,78676,10
12.9757204056,80.2209625244,78676,78686,10
12.9758996964,80.2211303711,78686,78706,20
12.9758996964,80.2211303711,78706,78716,10
12.9761800766,80.2211990356,78716,78726,10
12.9765996933,80.2211914063,78726,78736,10
12.9771404266,80.2211837769,78736,78746,10
12.9777297974,80.2211532593,78746,78756,10
12.9783401489,80.2211074829,78756,78766,10
12.9789800644,80.2210617065,78766,78779,13
12.979809761,80.2210235596,78779,78789,10
12.9804096222,80.2209701538,78789,78799,10
12.9809703827,80.2209777832,78799,78809,10
12.9814796448,80.221206665,78809,78819,10
12.9818696976,80.2214813232,78819,78829,10
12.9823303223,80.2217025757,78829,78839,10
12.9828596115,80.2218780518,78839,78849,10
12.9831495285,80.2220535278,78849,78859,10
12.983499527,80.2222976685,78859,78866,7
12.9837598801,80.2224578857,78866,78880,14
12.9843196869,80.2227706909,78880,78890,10
12.9847898483,80.2230834961,78890,78900,10
12.9852800369,80.2232437134,78900,78910,10
12.9855699539,80.2230224609,78910,78920,10
12.9861497879,80.22290802,78920,78930,10
12.9862298965,80.22290802,78930,78940,10
12.9866104126,80.2229232788,78940,78950,10
12.9869298935,80.2229766846,78950,78960,10
12.9872903824,80.2230224609,78960,78970,10
12.9878797531,80.222869873,78970,78981,11
12.9885797501,80.2223129272,78981,78991,10
12.989159584,80.2217025757,78991,79001,10
12.9896602631,80.2210083008,79001,79011,10
12.9900197983,80.2205581665,79011,79021,10
12.9901103973,80.2205276489,79021,79031,10
12.9903202057,80.2203521729,79031,79041,10
12.9906902313,80.2200622559,79041,79051,10
12.9911403656,80.2197036743,79051,79061,10
12.9914598465,80.2194976807,79061,79071,10
12.9918603897,80.2191772461,79071,79081,10
12.9923696518,80.2187805176,79081,79092,11
12.9928703308,80.2184295654,79092,79102,10
12.9929895401,80.2183227539,79102,79112,10
12.9931402206,80.2181930542,79112,79122,10
12.9934101105,80.2180023193,79122,79142,20
12.9934101105,80.2180023193,79142,79152,10
12.9935598373,80.2179107666,79152,79162,10
12.9938898087,80.2177200317,79162,79172,10
12.9943199158,80.2173995972,79172,79182,10
12.9948501587,80.2170181274,79182,79193,11
12.9954595566,80.2166824341,79193,79203,10
12.9962100983,80.2164993286,79203,79213,10
12.9968004227,80.2164001465,79213,79223,10
12.9970502853,80.2163925171,79223,79233,10
12.997179985,80.2163925171,79233,79243,10
12.9976196289,80.2164535522,79243,79253,10
12.9982700348,80.2165908813,79253,79263,10
12.9989404678,80.2168807983,79263,79273,10
12.9996004105,80.2172622681,79273,79283,10
13.000289917,80.217666626,79283,79294,11
13.0010595322,80.218170166,79294,79304,10
13.0017499924,80.2186965942,79304,79314,10
13.0023202896,80.2193222046,79314,79324,10
13.0030298233,80.2197799683,79324,79334,10
13.0038604736,80.2199935913,79334,79344,10
13.0047702789,80.2202072144,79344,79354,10
13.0056400299,80.2203903198,79354,79364,10
13.006529808,80.2205886841,79364,79374,10
13.0075101852,80.2210769653,79374,79384,10
13.0085096359,80.2216110229,79384,79394,10
13.0094804764,80.22215271,79394,79405,11
13.0107498169,80.2228164673,79405,79415,10
13.011469841,80.2231903076,79415,79425,10
13.0119800568,80.2235031128,79425,79435,10
13.0125598907,80.2238311768,79435,79445,10
13.0132398605,80.2241821289,79445,79456,11
13.0140600204,80.2246017456,79456,79466,10
13.0147695541,80.2249832153,79466,79476,10
13.0150699615,80.2251281738,79476,79486,10
13.0151700974,80.2251968384,79486,79496,10
13.0153503418,80.2253189087,79496,79507,11
13.0152301788,80.2257232666,79507,79517,10
13.0148496628,80.2259216309,79517,79527,10
13.01445961,80.2260665894,79527,79537,10
13.0142002106,80.2260818481,79537,79547,10
13.0142097473,80.2257919312,79547,79557,10
13.0142202377,80.225440979,79557,79609,52
13.0142202377,80.225440979,79609,79617,8
13.0144701004,80.2254562378,79617,80164,547
13.014380455,80.2253723145,80164,80184,20
13.014380455,80.2253723145,80184,80194,10
13.0141601563,80.2254486084,80194,80386,192
13.0141601563,80.2254486084,80386,80396,10
13.0142097473,80.2259368896,80396,81801,1405
13.0142097473,80.2259368896,81801,81812,11
13.0141601563,80.2261962891,81812,81822,10
13.0137300491,80.2263793945,81822,81832,10
13.0129995346,80.2266921997,81832,81842,10
13.0121498108,80.2270584106,81842,81852,10
13.0111999512,80.227432251,81852,81862,10
13.0102500916,80.2278213501,81862,81872,10
13.0095701218,80.2278366089,81872,81882,10
13.0096998215,80.227180481,81882,81892,10
13.0100698471,80.2263717651,81892,81902,10
13.010430336,80.2254867554,81902,81913,11
13.0107898712,80.224571228,81913,81923,10
13.0110998154,80.2236633301,81923,81933,10
13.011469841,80.2227783203,81933,81943,10
13.0118303299,80.2218017578,81943,81953,10
13.0120897293,80.2210998535,81953,81963,10
13.0119104385,80.220451355,81963,81973,10
13.011639595,80.219619751,81973,81983,10
13.0113096237,80.2186737061,81983,81993,10
13.0109395981,80.2177276611,81993,82003,10
13.0106401443,80.2168807983,82003,82014,11
13.0102300644,80.2161102295,82014,82024,10
13.0098896027,80.2153625488,82024,82034,10
13.0094995499,80.2148132324,82034,82044,10
13.0090398788,80.2141799927,82044,82054,10
13.0085496902,80.2135620117,82054,82064,10
13.008020401,80.2132110596,82064,82074,10
13.0074195862,80.2128601074,82074,82083,9
13.0066204071,80.2127532959,82083,82096,13
13.005610466,80.212928772,82096,82105,9
13.0048799515,80.2124404907,82105,82116,11
13.0040597916,80.2120819092,82116,82126,10
13.0037298203,80.2119522095,82126,82136,10
13.0036802292,80.2115707397,82136,82146,10
13.003660202,80.2108230591,82146,82156,10
13.0035104752,80.2098236084,82156,82166,10
13.003660202,80.2088775635,82166,82177,11
13.0044603348,80.2088394165,82177,82187,10
13.0055503845,80.2093200684,82187,82197,10
13.006649971,80.2096786499,82197,82207,10
13.0074501038,80.2098617554,82207,82228,21
13.0074501038,80.2098617554,82228,82238,10
13.0076503754,80.2098693848,82238,82248,10
13.0079097748,80.2099075317,82248,82258,10
13.0081596375,80.2098770142,82258,82268,10
13.0080299377,80.2093429565,82268,82278,10
13.0078802109,80.2084121704,82278,82288,10
13.0077295303,80.2075119019,82288,82298,10
13.0075998306,80.2067489624,82298,82308,10
13.0074996948,80.2059783936,82308,82318,10
13.0074796677,80.205116272,82318,82329,11
13.0074796677,80.2041778564,82329,82339,10
13.0073795319,80.2033691406,82339,82349,10
13.0071601868,80.2026367188,82349,82359,10
13.0065498352,80.2027816772,82359,82369,10
13.0067996979,80.2033615112,82369,82379,10
13.0075798035,80.203666687,82379,82388,9
13.0083599091,80.2036895752,82388,82399,11
13.0095396042,80.2036132813,82399,82409,10
13.0107097626,80.2036132813,82409,82419,10
13.0119495392,80.2037582397,82419,82431,12
13.0133199692,80.2040634155,82431,82441,10
13.0142803192,80.2044296265,82441,82451,10
13.0154104233,80.2048416138,82451,82461,10
13.0163602829,80.205116272,82461,82471,10
13.01720047,80.2052612305,82471,82481,10
13.0181703568,80.2057037354,82481,82491,10
13.0184898376,80.2058181763,82491,82501,10
13.0186300278,80.205871582,82501,82511,10
13.0192203522,80.2061004639,82511,82521,10
13.0202798843,80.2062530518,82521,82531,10
13.0215101242,80.2062530518,82531,82542,11
13.0228595734,80.2064285278,82542,82552,10
13.0239801407,80.2066421509,82552,82562,10
13.025179863,80.2069168091,82562,82572,10
13.026309967,80.2074737549,82572,82582,10
13.0273103714,80.2080612183,82582,82592,10
13.0283298492,80.2085418701,82592,82602,10
13.0293998718,80.2087631226,82602,82612,10
13.0303401947,80.2090301514,82612,82622,10
13.031370163,80.209312439,82622,82632,10
13.0317001343,80.2094192505,82632,82643,11
13.0324201584,80.2095794678,82643,82653,10
13.0334701538,80.2097930908,82653,82663,10
13.0345497131,80.2100296021,82663,82673,10
13.0350198746,80.210357666,82673,82683,10
13.0349798203,80.2110290527,82683,82693,10
13.0349903107,80.2112503052,82693,82703,10
13.0349702835,80.2115020752,82703,82713,10
13.0349798203,80.2120895386,82713,82723,10
13.0357398987,80.2122116089,82723,82733,10
13.0366697311,80.2122573853,82733,82744,11
13.0376796722,80.2122573853,82744,82754,10
13.0388202667,80.2122497559,82754,82764,10
13.0400600433,80.212272644,82764,82774,10
13.0414104462,80.2122192383,82774,82784,10
13.0426597595,80.2122268677,82784,82794,10
13.0434598923,80.2122116089,82794,82804,10
13.0436601639,80.2122421265,82804,82814,10
13.0437803268,80.212272644,82814,82824,10
13.0439796448,80.2122573853,82824,82834,10
13.044210434,80.2121963501,82834,82844,10
13.0448303223,80.2122192383,82844,82855,11
13.0458297729,80.2121963501,82855,82865,10
13.04666996,80.2121887207,82865,82875,10
13.0474796295,80.2121124268,82875,82885,10
13.0481500626,80.2120437622,82885,82895,10
13.0482196808,80.212020874,82895,82905,10
13.0486803055,80.2119827271,82905,82915,10
13.0495595932,80.2118988037,82915,82935,20
13.0495595932,80.2118988037,82935,82945,10
13.0496797562,80.2119064331,82945,82956,11
13.0501098633,80.2119064331,82956,82966,10
13.0506696701,80.2119979858,82966,82976,10
13.0512695313,80.2119979858,82976,82986,10
13.052189827,80.2119064331,82986,82996,10
13.0530796051,80.2117080688,82996,83006,10
13.0540399551,80.2114334106,83006,83016,10
13.0548601151,80.2113189697,83016,83025,9
13.0558004379,80.2113418579,83025,83036,11
13.057100296,80.2113876343,83036,83046,10
13.0582895279,80.2113876343,83046,83057,11
13.059679985,80.2114868164,83057,83067,10
13.0607995987,80.2115402222,83067,83077,10
13.061750412,80.2116012573,83077,83087,10
13.0626296997,80.2116394043,83087,83097,10
13.0635004044,80.2115097046,83097,83107,10
13.0638303757,80.211479187,83107,83117,10
13.0645999908,80.2112731934,83117,83127,10
13.0654802322,80.2107391357,83127,83137,10
13.0663995743,80.2100067139,83137,83147,10
13.0671701431,80.2090988159,83147,83158,11
13.0675697327,80.2084732056,83158,83168,10
13.0680999756,80.207572937,83168,83178,10
13.0688295364,80.2064666748,83178,83188,10
13.069439888,80.2055587769,83188,83198,10
13.0696697235,80.2051086426,83198,83208,10
13.0696496964,80.2048873901,83208,83218,10
13.0692596436,80.2048721313,83218,83228,10
13.0688199997,80.2053909302,83228,83238,10
13.0680103302,80.2053375244,83238,84219,981
13.068110466,80.2049789429,84219,84339,120
13.068110466,80.2049789429,84339,84350,11
13.0683097839,80.2049026489,84350,84380,30
13.0683097839,80.2049026489,84380,84390,10
13.0685300827,80.2048873901,84390,84400,10
13.0685901642,80.2048568726,84400,84410,10
13.0687599182,80.2048034668,84410,84420,10
13.0690002441,80.2047271729,84420,84430,10
13.0692596436,80.2047195435,84430,84440,10
13.0695495605,80.2047729492,84440,84450,10
13.0697202682,80.204826355,84450,84460,10
13.0697698593,80.2049636841,84460,84470,10
13.0698299408,80.205116272,84470,84480,10
13.0696802139,80.2054214478,84480,84490,10
13.0693502426,80.2059173584,84490,84502,12
13.0689897537,80.20652771,84502,84512,10
13.0686903,80.2070465088,84512,84524,12
13.0683002472,80.2076873779,84524,84535,11
13.0679397583,80.2082519531,84535,84545,10
13.0676298141,80.2087402344,84545,84555,10
13.0673599243,80.2091827393,84555,84565,10
13.0670499802,80.2096328735,84565,84575,10
13.0666503906,80.2100372314,84575,84585,10
13.0662097931,80.2103805542,84585,84595,10
13.0657997131,80.2107391357,84595,84605,10
13.0651798248,80.211227417,84605,84646,41
13.0651798248,80.211227417,84646,84656,10
13.0650997162,80.2112731934,84656,84666,10
13.0646800995,80.2115020752,84666,84676,10
13.064040184,80.2117080688,84676,84686,10
13.0635995865,80.2117462158,84686,84696,10
13.0629901886,80.2117767334,84696,84706,10
13.0621404648,80.2118835449,84706,84716,10
13.0611801147,80.212020874,84716,84726,10
13.060259819,80.2117919922,84726,84737,11
13.0592002869,80.2117462158,84737,84747,10
13.0583000183,80.2117004395,84747,84757,10
13.0577402115,80.2116775513,84757,84767,10
13.0577297211,80.2116699219,84767,84777,10
13.0573501587,80.2116775513,84777,84787,10
13.0566301346,80.2117004395,84787,84797,10
13.0557203293,80.2116928101,84797,84807,10
13.0546998978,80.2116470337,84807,84817,10
13.0536499023,80.2118377686,84817,84827,10
13.0525999069,80.2120895386,84827,84838,11
13.0514097214,80.2122573853,84838,84848,10
13.0503997803,80.212272644,84848,84858,10
13.0497303009,80.2122192383,84858,84888,30
13.0497303009,80.2122192383,84888,84898,10
13.0495500565,80.2122192383,84898,84907,9
13.0489597321,80.2122268677,84907,84919,12
13.0478401184,80.212310791,84919,84929,10
13.0467395782,80.2123794556,84929,84939,10
13.0454998016,80.2124328613,84939,84949,10
13.0445604324,80.2124710083,84949,84959,10
13.044090271,80.2124786377,84959,84971,12
13.0431900024,80.2124710083,84971,84979,8
13.0424604416,80.2124862671,84979,84989,10
13.0414600372,80.2125167847,84989,84999,10
13.0404996872,80.2125473022,84999,85009,10
13.0394496918,80.2125320435,85009,85020,11
13.0383195877,80.2124481201,85020,85031,11
13.0375499725,80.2124023438,85031,85041,10
13.0370998383,80.212387085,85041,85051,10
13.0363302231,80.212387085,85051,85061,10
13.0354499817,80.2124023438,85061,85071,10
13.0347795486,80.212310791,85071,85081,10
13.0343999863,80.2121963501,85081,85100,19
13.0343999863,80.2121963501,85100,85111,11
13.0342597961,80.2121505737,85111,85121,10
13.0336799622,80.2120437622,85121,85131,10
13.032910347,80.2119216919,85131,85141,10
13.0321397781,80.211807251,85141,85153,12
13.0320396423,80.2110366821,85153,85163,10
13.0320901871,80.2102432251,85163,85173,10
13.0318698883,80.2096481323,85173,85183,10
13.0311899185,80.209487915,85183,85193,10
13.0304002762,80.2092666626,85193,85203,10
13.0299196243,80.2091369629,85203,85213,10
13.0299100876,80.2091369629,85213,85223,10
13.0297498703,80.2090682983,85223,85233,10
13.0292901993,80.2089691162,85233,85243,10
13.0283899307,80.2087020874,85243,85254,11
13.0273399353,80.2081832886,85254,85264,10
13.0264101028,80.2076187134,85264,85274,10
13.0254201889,80.2071304321,85274,85284,10
13.0244197845,80.2069778442,85284,85294,10
13.0242204666,80.2069625854,85294,85304,10
13.0238103867,80.2068634033,85304,85314,10
13.023059845,80.206703186,85314,85324,10
13.0220603943,80.2065582275,85324,85334,10
13.0210103989,80.2065887451,85334,85344,10
13.0199298859,80.2065811157,85344,85353,9
13.0192098618,80.2064437866,85353,85365,12
13.0190601349,80.2063903809,85365,85375,10
13.0185203552,80.206237793,85375,85385,10
13.0177898407,80.2059707642,85385,85395,10
13.0169296265,80.2056274414,85395,85405,10
13.015879631,80.2052078247,85405,85413,8
13.0150098801,80.2050018311,85413,85425,12
13.0143299103,80.2046890259,85425,85435,10
13.0141000748,80.2046203613,85435,85445,10
13.0135698318,80.2044067383,85445,85454,9
13.0128002167,80.2042007446,85454,85466,12
13.0116701126,80.2039489746,85466,85476,10
13.0106496811,80.2038497925,85476,85486,10
13.0095996857,80.2038497925,85486,85496,10
13.0085897446,80.2040634155,85496,85506,10
13.008020401,80.2049179077,85506,85516,10
13.0077695847,80.2059402466,85516,85526,10
13.0078802109,80.2068786621,85526,85536,10
13.0079898834,80.2079315186,85536,85546,10
13.0081596375,80.2091293335,85546,85556,10
13.0084199905,80.2100296021,85556,85567,11
13.0089101791,80.210647583,85567,85577,10
13.0093202591,80.211151123,85577,85597,20
13.0093202591,80.211151123,85597,85607,10
13.0092096329,80.2113265991,85607,85617,10
13.0090999603,80.2116928101,85617,85627,10
13.0093202591,80.2124328613,85627,85637,10
13.00963974,80.2133331299,85637,85647,10
13.0099802017,80.2142105103,85647,85657,10
13.0101995468,80.2151870728,85657,85668,11
13.0105304718,80.2162780762,85668,85678,10
13.0110397339,80.2173461914,85678,85688,10
13.0115003586,80.21849823,85688,85698,10
13.0119304657,80.2197799683,85698,85707,9
13.012260437,80.2208404541,85707,85718,11
13.0126199722,80.221786499,85718,85728,10
13.0132303238,80.2225875854,85728,85738,10
13.0139398575,80.2233581543,85738,85748,10
13.0145797729,80.2242126465,85748,85758,10
13.0152597427,80.2249526978,85758,85770,12
13.0154600143,80.2253036499,85770,85780,10
13.0154600143,80.225402832,85780,85790,10
13.0152301788,80.2258300781,85790,85800,10
13.0146598816,80.2261581421,85800,85810,10
13.0141401291,80.2264099121,85810,85820,10
13.013420105,80.2266998291,85820,85830,10
13.012550354,80.2270278931,85830,85840,10
13.0115299225,80.2274017334,85840,85850,10
13.0104198456,80.2278213501,85850,85860,10
13.0095996857,80.2279510498,85860,85870,10
13.0095996857,80.227432251,85870,85880,10
13.009929657,80.2266616821,85880,85890,10
13.0103502274,80.2256393433,85890,85900,10
13.0107498169,80.2246932983,85900,85910,10
13.0110702515,80.2238388062,85910,85920,10
13.0110301971,80.2231903076,85920,85931,11
13.0103197098,80.2227706909,85931,85941,10
13.0094900131,80.2222900391,85941,85951,10
13.0085897446,80.2217788696,85951,85961,10
13.0076198578,80.2212371826,85961,85971,10
13.006649971,80.2207183838,85971,85981,10
13.0055904388,80.2205200195,85981,85991,10
13.0046901703,80.2203521729,85991,86001,10
13.0038204193,80.2201538086,86001,86011,10
13.002869606,80.2198562622,86011,86023,12
13.0019702911,80.2190322876,86023,86029,6
13.0015602112,80.2185974121,86029,86041,12
13.0005998611,80.2179489136,86041,86051,10
12.9997396469,80.2174072266,86051,86060,9
12.9989404678,80.2169723511,86060,86071,11
12.9974002838,80.2165527344,86071,86094,23
12.9974002838,80.2165527344,86094,86104,10
12.9971103668,80.2165985107,86104,86114,10
12.9962997437,80.2167205811,86114,86124,10
12.9953298569,80.2170028687,86124,86134,10
12.9946498871,80.2174072266,86134,86144,10
12.993929863,80.2179794312,86144,86154,10
12.9931402206,80.2185211182,86154,86164,10
12.9922895432,80.2191390991,86164,86174,10
12.9914197922,80.2198104858,86174,86184,10
12.9907598495,80.2202987671,86184,86195,11
12.9900302887,80.2208404541,86195,86205,10
12.9893903732,80.2215881348,86205,86215,10
12.9887800217,80.2223129272,86215,86225,10
12.9880895615,80.2229690552,86225,86235,10
12.9875602722,80.2231903076,86235,86245,10
12.9872503281,80.2231674194,86245,86255,10
12.9864597321,80.2230300903,86255,86265,10
12.9855804443,80.2231826782,86265,86275,10
12.9849901199,80.2232666016,86275,86285,10
12.9841995239,80.2227935791,86285,86296,11
12.9833402634,80.2222671509,86296,86306,10
12.9830799103,80.222076416,86306,86316,10
12.9824399948,80.221862793,86316,86326,10
12.9816703796,80.2214202881,86326,86336,10
12.9806499481,80.2210769653,86336,86346,10
12.9793996811,80.2212219238,86346,86356,10
12.9781999588,80.221321106,86356,86366,10
12.9769697189,80.2213973999,86366,86376,10
