12.987159729,80.2586517334,13,600,587
12.9871797562,80.2586135864,600,3159,2559
12.9871997833,80.2584991455,3159,4353,1194
12.9873104095,80.2586135864,4353,10210,5857
12.9873399734,80.2586212158,10210,11799,1589
12.9873399734,80.2586212158,11799,11809,10
12.9872198105,80.2586288452,11809,12365,556
12.9873199463,80.2587127686,12365,13154,789
12.9872398376,80.2587280273,13154,17757,4603
12.9872398376,80.2587280273,17757,17767,10
12.9872598648,80.2586593628,17767,18991,1224
12.9872598648,80.2586593628,18991,19001,10
12.9874000549,80.2584991455,19001,19042,41
12.9874000549,80.2584991455,19042,19052,10
12.9869203568,80.2585220337,19052,19113,61
12.9868803024,80.2585983276,19113,19173,60
12.9868001938,80.2586517334,19173,19224,51
12.9868001938,80.2586517334,19224,19234,10
12.986749649,80.2587814331,19234,19244,10
12.986749649,80.2590637207,19244,19254,10
12.9871301651,80.2591400146,19254,19285,31
12.9871301651,80.2591400146,19285,19295,10
12.9873104095,80.2591400146,19295,19305,10
12.9873800278,80.2588424683,19305,19315,10
12.9873895645,80.2586898804,19315,19325,10
12.9874095917,80.2585372925,19325,19335,10
12.9874401093,80.2582473755,19335,19345,10
12.9874696732,80.2576904297,19345,19356,11
12.9875402451,80.2568969727,19356,19366,10
12.9875898361,80.2561035156,19366,19376,10
12.9876003265,80.255859375,19376,19386,10
12.9872903824,80.2556686401,19386,19396,10
12.9866304398,80.255569458,19396,19406,10
12.9857997894,80.2553863525,19406,19416,10
12.9848203659,80.2551727295,19416,19426,10
12.9842195511,80.255027771,19426,19436,10
12.9835796356,80.2548675537,19436,19447,11
12.9827203751,80.2546310425,19447,19457,10
12.9820203781,80.2540969849,19457,19467,10
12.9817895889,80.2532424927,19467,19477,10
12.9810400009,80.2527770996,19477,19487,10
12.9799499512,80.2527389526,19487,19497,10
12.9788398743,80.2526092529,19497,19507,10
12.977930069,80.2520294189,19507,19517,10
12.9768800735,80.2513198853,19517,19527,10
12.9755401611,80.2509231567,19527,19538,11
12.973950386,80.2504577637,19538,19548,10
12.9723997116,80.2500534058,19548,19558,10
12.9707603455,80.2496109009,19558,19568,10
12.969209671,80.2490234375,19568,19578,10
12.9676504135,80.2484207153,19578,19588,10
12.9660396576,80.2476882935,19588,19598,10
12.9651002884,80.2473678589,19598,19608,10
12.965089798,80.2473678589,19608,19618,10
12.9648199081,80.2472610474,19618,19629,11
12.9642000198,80.2470092773,19629,19639,10
12.9634504318,80.246711731,19639,19649,10
12.9625501633,80.2462387085,19649,19659,10
12.9614601135,80.2457122803,19659,19669,10
12.9602298737,80.2451477051,19669,19679,10
12.9593601227,80.2447662354,19679,19689,10
12.9593601227,80.2447662354,19689,19699,10
12.9589796066,80.2445907593,19699,19710,11
12.9582395554,80.2442626953,19710,19720,10
12.9575099945,80.2439804077,19720,19730,10
12.9566898346,80.2436294556,19730,19740,10
12.9562702179,80.2434768677,19740,19751,11
12.9557695389,80.2432632446,19751,19761,10
12.9551296234,80.243019104,19761,19771,10
12.9545602798,80.2428436279,19771,19781,10
12.9541597366,80.2426681519,19781,19791,10
12.9539203644,80.2425613403,19791,19802,11
12.9539003372,80.2425537109,19802,19812,10
12.953669548,80.2424163818,19812,19822,10
12.953379631,80.2423019409,19822,19832,10
12.9530601501,80.2421722412,19832,19842,10
12.9526796341,80.2419891357,19842,19852,10
12.9522304535,80.2417602539,19852,19862,10
12.9514799118,80.2415008545,19862,19872,10
12.9505395889,80.2412033081,19872,19882,10
12.9494600296,80.2408905029,19882,19893,11
12.948220253,80.2404022217,19893,19903,10
12.9469499588,80.2398605347,19903,19913,10
12.9455900192,80.2392883301,19913,19923,10
12.944439888,80.238243103,19923,19933,10
12.9433097839,80.2370376587,19933,19943,10
12.9417800903,80.2362670898,19943,19953,10
12.9401702881,80.2358779907,19953,19963,10
12.939740181,80.2357177734,19963,19974,11
12.9395103455,80.2356262207,19974,19984,10
12.9389801025,80.2353668213,19984,19994,10
12.9384098053,80.2350769043,19994,20004,10
12.9380502701,80.2349014282,20004,20014,10
12.9374198914,80.2345809937,20014,20024,10
12.9367904663,80.2342834473,20024,20034,10
12.9356298447,80.2337265015,20034,20044,10
12.9344701767,80.2332000732,20044,20054,10
12.9338598251,80.2329483032,20054,20065,11
12.9335803986,80.2328186035,20065,20075,10
12.9329795837,80.2325515747,20075,20085,10
12.9321699142,80.2322463989,20085,20095,10
12.9311504364,80.2319107056,20095,20105,10
12.9299297333,80.2315292358,20105,20115,10
12.9285297394,80.2312469482,20115,20125,10
12.9269599915,80.231048584,20125,20134,9
12.9254598618,80.2308807373,20134,20145,11
12.9237003326,80.2306671143,20145,20156,11
12.9220399857,80.2304382324,20156,20166,10
12.9204101563,80.2302322388,20166,20176,10
12.9187602997,80.2300186157,20176,20186,10
12.9171600342,80.2297897339,20186,20196,10
12.9156503677,80.2295837402,20196,20206,10
12.9140901566,80.229347229,20206,20216,10
12.913310051,80.2292861938,20216,20226,10
12.9131402969,80.2292633057,20226,20236,10
12.9125900269,80.2291793823,20236,20247,11
12.9117002487,80.2290496826,20247,20257,10
12.91065979,80.2288970947,20257,20267,10
12.9094495773,80.2287063599,20267,20277,10
12.9081001282,80.228477478,20277,20287,10
12.9068002701,80.2283096313,20287,20297,10
12.9062900543,80.2282791138,20297,20307,10
12.905960083,80.2282562256,20307,20317,10
12.9052801132,80.2282180786,20317,20328,11
12.9042701721,80.2281570435,20328,20338,10
12.9031295776,80.2280883789,20338,20348,10
12.9018297195,80.228012085,20348,20358,10
12.9007902145,80.2279510498,20358,20368,10
12.8999004364,80.2279205322,20368,20378,10
12.8998203278,80.2279129028,20378,20388,10
12.8994503021,80.2278823853,20388,20398,10
12.8987798691,80.2278366089,20398,20408,10
12.8979196548,80.2277908325,20408,20419,11
12.8967599869,80.2277374268,20419,20429,10
12.8955202103,80.2276763916,20429,20439,10
12.8941402435,80.2276077271,20439,20449,10
12.8926296234,80.2274169922,20449,20459,10
12.8909797668,80.2273483276,20459,20469,10
12.8893699646,80.2273483276,20469,20479,10
12.887840271,80.2273025513,20479,20489,10
12.8864898682,80.2270736694,20489,20499,10
12.8850402832,80.2267303467,20499,20510,11
12.8832902908,80.2267074585,20510,20520,10
12.8815898895,80.2267303467,20520,20530,10
12.8803596497,80.2267303467,20530,20540,10
12.8795795441,80.2267608643,20540,20550,10
12.8785800934,80.2267990112,20550,20560,10
12.8773603439,80.2268981934,20560,20570,10
12.8764696121,80.2269897461,20570,20580,10
12.8763799667,80.2269897461,20580,20591,11
12.8758602142,80.2269973755,20591,20601,10
12.8750896454,80.2269287109,20601,20611,10
12.8740997314,80.2267990112,20611,20621,10
12.8728904724,80.2267074585,20621,20631,10
12.8715000153,80.2266693115,20631,20641,10
12.8699903488,80.2265625,20641,20651,10
12.8683595657,80.2264022827,20651,20661,10
12.866689682,80.2265396118,20661,20671,10
12.8650798798,80.2265930176,20671,20682,11
12.8632297516,80.2265167236,20682,20692,10
12.8616399765,80.226600647,20692,20702,10
12.8609399796,80.2266235352,20702,20712,10
12.8605098724,80.2265777588,20712,20722,10
12.8597803116,80.2264709473,20722,20732,10
12.8588399887,80.2263183594,20732,20742,10
12.8576898575,80.226272583,20742,20752,10
12.8563995361,80.2263793945,20752,20762,10
12.8549804688,80.2265319824,20762,20773,11
12.8532495499,80.2266998291,20773,20783,10
12.8515701294,80.2266387939,20783,20793,10
12.8500204086,80.2265777588,20793,20803,10
12.8485202789,80.2265930176,20803,20813,10
12.8472499847,80.226600647,20813,20823,10
12.8459100723,80.2266082764,20823,20833,10
12.8453397751,80.2266235352,20833,20843,10
12.8451595306,80.2266311646,20843,20853,10
12.8445796967,80.2266769409,20853,20864,11
12.8436803818,80.2267837524,20864,20874,10
12.842590332,80.2269668579,20874,20884,10
12.8413200378,80.2272567749,20884,20894,10
12.8402004242,80.2275466919,20894,20904,10
12.8396997452,80.2276763916,20904,20914,10
12.8396396637,80.2276916504,20914,20924,10
12.8393001556,80.2277984619,20924,20934,10
12.8386001587,80.2279891968,20934,20945,11
12.8375902176,80.2282104492,20945,20955,10
12.8364295959,80.2283935547,20955,20965,10
12.835100174,80.2285995483,20965,20975,10
12.833609581,80.2288513184,20975,20985,10
12.8323402405,80.2291183472,20985,20995,10
12.8318395615,80.2292480469,20995,21005,10
12.8315000534,80.2293319702,21005,21015,10
12.8308496475,80.2295379639,21015,21025,10
12.8299798965,80.2298583984,21025,21036,11
12.8288602829,80.2303390503,21036,21046,10
12.827750206,80.2309417725,21046,21056,10
12.8264904022,80.2313690186,21056,21066,10
12.8249902725,80.2314300537,21066,21076,10
12.8235301971,80.231086731,21076,21086,10
12.8221797943,80.2306671143,21086,21096,10
12.8208599091,80.23046875,21096,21106,10
12.8194103241,80.2304992676,21106,21116,10
12.8180904388,80.2301330566,21116,21127,11
12.8165502548,80.2295227051,21127,21137,10
12.8149204254,80.2292785645,21137,21147,10
12.81346035,80.2289581299,21147,21157,10
12.8122301102,80.2285308838,21157,21167,10
12.8111600876,80.2281417847,21167,21177,10
12.8100204468,80.2276687622,21177,21187,10
12.8089895248,80.2271194458,21187,21197,10
12.8080196381,80.22631073,21197,21207,10
12.8070697784,80.2255020142,21207,21218,11
12.8063297272,80.224822998,21218,21228,10
12.8056201935,80.2241973877,21228,21238,10
12.8048601151,80.2239608765,21238,21248,10
12.8041296005,80.2238922119,21248,21258,10
12.8033599854,80.2238311768,21258,21268,10
12.8023996353,80.2237091064,21268,21278,10
12.8013401031,80.2236022949,21278,21288,10
12.8001804352,80.2235031128,21288,21299,11
12.7988796234,80.2233963013,21299,21309,10
12.7976303101,80.2232589722,21309,21319,10
12.7963895798,80.2230377197,21319,21329,10
12.7951602936,80.2228012085,21329,21339,10
12.7939596176,80.2226028442,21339,21349,10
12.7927799225,80.2224273682,21349,21359,10
12.791560173,80.2221603394,21359,21369,10
12.7903404236,80.2218399048,21369,21379,10
12.7894897461,80.2216186523,21379,21390,11
12.7893199921,80.2215499878,21390,21400,10
12.7888202667,80.2213592529,21400,21410,10
12.7881002426,80.2210693359,21410,21420,10
12.7872495651,80.2207489014,21420,21430,10
12.7864904404,80.2204589844,21430,21440,10
12.7861499786,80.2204437256,21440,21450,10
12.7861700058,80.2208633423,21450,21460,10
12.7861995697,80.221496582,21460,21470,10
12.7861499786,80.2218780518,21470,21481,11
12.7861700058,80.2220077515,21481,21491,10
12.7863101959,80.2219924927,21491,21501,10
12.7863302231,80.2219390869,21501,21511,10
12.786359787,80.221862793,21511,21521,10
12.7862796783,80.2215194702,21521,21531,10
12.786239624,80.221282959,21531,21541,10
12.7861995697,80.2207870483,21541,21551,10
12.7861795425,80.2204666138,21551,21602,51
12.7861795425,80.2204666138,21602,21612,10
12.7864198685,80.220413208,21612,21622,10
12.7865104675,80.220451355,21622,21632,10
12.7868995667,80.2205810547,21632,21642,10
12.7875404358,80.2208328247,21642,21653,11
12.7884197235,80.2211685181,21653,21663,10
12.7893600464,80.2215270996,21663,21673,10
12.7901496887,80.2217788696,21673,21683,10
12.7911195755,80.222038269,21683,21693,10
12.792309761,80.2223434448,21693,21703,10
12.7937297821,80.2225570679,21703,21713,10
12.7950601578,80.2227706909,21713,21723,10
12.7961397171,80.2229614258,21723,21733,10
12.7972898483,80.2231826782,21733,21744,11
12.7986497879,80.2233734131,21744,21754,10
12.7999601364,80.2234725952,21754,21764,10
12.8011703491,80.2235794067,21764,21774,10
12.8024301529,80.2237167358,21774,21784,10
12.8036203384,80.2238693237,21784,21794,10
12.8046598434,80.2239532471,21794,21804,10
12.8055801392,80.2241592407,21804,21824,20
12.8055801392,80.2241592407,21824,21835,11
12.8056297302,80.2241973877,21835,21845,10
12.8059196472,80.2244110107,21845,21855,10
12.8064403534,80.2248535156,21855,21865,10
12.8071403503,80.225479126,21865,21875,10
12.8080196381,80.2262420654,21875,21885,10
12.8090496063,80.2270812988,21885,21895,10
12.8103199005,80.2277603149,21895,21905,10
12.8117704391,80.2283401489,21905,21915,10
12.8133401871,80.2288894653,21915,21926,11
12.8151502609,80.2293167114,21926,21936,10
12.816860199,80.2295837402,21936,21946,10
12.8183202744,80.230178833,21946,21956,10
12.8194599152,80.2304992676,21956,21966,10
12.8198204041,80.2304763794,21966,21976,10
12.8199796677,80.23046875,21976,21986,10
12.8205604553,80.2304534912,21986,21996,10
12.8213796616,80.23046875,21996,22007,11
12.822259903,80.2306365967,22007,22017,10
12.8227500916,80.2307815552,22017,22027,10
12.8234500885,80.231010437,22027,22037,10
12.8243103027,80.2312088013,22037,22047,10
12.825340271,80.2313766479,22047,22057,10
12.8265399933,80.2313079834,22057,22067,10
12.8277597427,80.2308883667,22067,22077,10
12.8290300369,80.23021698,22077,22087,10
12.8303003311,80.2296981812,22087,22098,11
12.8310604095,80.2293624878,22098,22108,10
12.8311195374,80.2293395996,22108,22118,10
12.8314304352,80.2292175293,22118,22128,10
12.8320302963,80.2290725708,22128,22138,10
12.8327903748,80.2289199829,22138,22148,10
12.8337497711,80.2287597656,22148,22158,10
12.8348798752,80.2285690308,22158,22168,10
12.8361501694,80.2284011841,22168,22178,10
12.8375101089,80.2282028198,22178,22189,11
12.8388795853,80.227897644,22189,22199,10
12.8394603729,80.2276992798,22199,22209,10
12.8396100998,80.2276611328,22209,22219,10
12.8401098251,80.2275314331,22219,22229,10
12.8408298492,80.2273406982,22229,22239,10
12.8417196274,80.2271118164,22239,22249,10
12.8427495956,80.2268676758,22249,22259,10
12.8439397812,80.2266693115,22259,22269,10
12.8454799652,80.2265396118,22269,22290,21
12.8454799652,80.2265396118,22290,22300,10
12.845700264,80.2265396118,22300,22310,10
12.8462295532,80.2265625,22310,22320,10
12.8470001221,80.2265625,22320,22330,10
12.8479404449,80.2265701294,22330,22340,10
12.8490200043,80.2265701294,22340,22350,10
12.8502101898,80.2265777588,22350,22361,11
12.8516902924,80.2266387939,22361,22371,10
12.8531503677,80.2266921997,22371,22381,10
12.8547000885,80.2265472412,22381,22391,10
12.8563499451,80.2263793945,22391,22401,10
12.8579797745,80.2262191772,22401,22411,10
12.8594903946,80.2263412476,22411,22421,10
12.8607702255,80.2265014648,22421,22431,10
12.8609600067,80.2265090942,22431,22441,10
12.8613700867,80.2265319824,22441,22452,11
12.8621902466,80.2265090942,22452,22462,10
12.8631095886,80.2264709473,22462,22472,10
12.8641996384,80.2265014648,22472,22482,10
12.8654403687,80.2265472412,22482,22492,10
12.8669395447,80.2264862061,22492,22502,10
12.8684301376,80.2263412476,22502,22512,10
12.8699502945,80.2265014648,22512,22522,10
12.8716096878,80.2266235352,22522,22532,10
12.8729000092,80.2266235352,22532,22543,11
12.873000145,80.2266235352,22543,22553,10
12.8733997345,80.2266387939,22553,22563,10
12.87403965,80.2266998291,22563,22573,10
12.8748502731,80.2268066406,22573,22583,10
12.8758201599,80.2269134521,22583,22593,10
12.876709938,80.226890564,22593,22603,10
12.8768396378,80.2268676758,22603,22613,10
12.8772201538,80.2268295288,22613,22623,10
12.8779201508,80.2267913818,22623,22634,11
12.8788404465,80.2267303467,22634,22644,10
12.8798799515,80.2266998291,22644,22654,10
12.8810501099,80.2266769409,22654,22664,10
12.8817996979,80.2266693115,22664,22674,10
12.882519722,80.2266693115,22674,22684,10
12.8833999634,80.2266616821,22684,22694,10
12.8844299316,80.2266464233,22694,22704,10
12.885219574,80.2266616821,22704,22715,11
12.8853797913,80.2266769409,22715,22725,10
12.8858499527,80.2267913818,22725,22735,10
12.8865804672,80.2269973755,22735,22745,10
12.8874597549,80.2271881104,22745,22755,10
12.8885402679,80.2272872925,22755,22765,10
12.8898000717,80.2273101807,22765,22775,10
12.8911800385,80.2273101807,22775,22785,10
12.892539978,80.2273635864,22785,22795,10
12.8939399719,80.2275390625,22795,22806,11
12.8956203461,80.2276229858,22806,22816,10
12.8972597122,80.2277069092,22816,22826,10
12.8988399506,80.2278213501,22826,22836,10
12.9002103806,80.2278823853,22836,22846,10
12.9011201859,80.2279281616,22846,22856,10
12.9017295837,80.2279281616,22856,22866,10
12.9017696381,80.2279281616,22866,22876,10
12.9020299911,80.2279663086,22876,22886,10
12.9026002884,80.2279815674,22886,22897,11
12.9030504227,80.2279815674,22897,22907,10
12.9031496048,80.2279815674,22907,22917,10
12.9035902023,80.2280426025,22917,22927,10
12.9042701721,80.2280807495,22927,22937,10
12.9051103592,80.2281265259,22937,22947,10
12.9061203003,80.2281799316,22947,22957,10
12.9069299698,80.2282333374,22957,22967,10
12.9070501328,80.2282485962,22967,22978,11
12.9076404572,80.2283401489,22978,22988,10
12.9083995819,80.2284698486,22988,22998,10
12.9093799591,80.2286376953,22998,23008,10
12.9105396271,80.2288284302,23008,23018,10
12.911860466,80.2290267944,23018,23028,10
12.9132204056,80.2292175293,23028,23038,10
12.9140701294,80.2292785645,23038,23048,10
12.9141798019,80.229309082,23048,23058,10
12.9146099091,80.2293701172,23058,23069,11
12.9154100418,80.2294616699,23069,23079,10
12.9163398743,80.229598999,23079,23089,10
12.9174203873,80.2297592163,23089,23099,10
12.9186296463,80.2299423218,23099,23109,10
12.9199695587,80.2301177979,23109,23119,10
12.9214200974,80.2303009033,23119,23129,10
12.9229898453,80.2305374146,23129,23139,10
12.9246397018,80.230758667,23139,23149,10
12.9262695313,80.2309417725,23149,23160,11
12.9281597137,80.2311630249,23160,23170,10
12.9297399521,80.2314605713,23170,23180,10
12.9313402176,80.231918335,23180,23190,10
12.9328203201,80.2323989868,23190,23200,10
12.9337501526,80.2327728271,23200,23210,10
12.9338903427,80.2328262329,23210,23220,10
12.9343004227,80.2330169678,23220,23230,10
12.9349603653,80.2333068848,23230,23240,10
12.9357500076,80.2336883545,23240,23251,11
12.9367599487,80.2341995239,23251,23261,10
12.9378299713,80.2347183228,23261,23271,10
12.9390096664,80.2353134155,23271,23281,10
12.9398202896,80.2356796265,23281,23291,10
12.9398803711,80.2357177734,23291,23301,10
12.9401302338,80.2358169556,23301,23311,10
12.9406995773,80.2359924316,23311,23321,10
12.9414901733,80.2361831665,23321,23332,11
12.9425201416,80.2364578247,23332,23342,10
12.9434499741,80.2370605469,23342,23355,13
12.9443101883,80.2379989624,23355,23363,8
12.9453897476,80.2391433716,23363,23375,12
12.9467201233,80.2397613525,23375,23385,10
12.9477796555,80.2401885986,23385,23395,10
12.9486503601,80.2405776978,23395,23405,10
12.9495201111,80.2408981323,23405,23415,10
12.9505195618,80.2412109375,23415,23426,11
12.9510002136,80.2413330078,23426,23436,10
12.9511404037,80.2413864136,23436,23446,10
12.9516296387,80.2415466309,23446,23456,10
12.9523000717,80.2417831421,23456,23466,10
12.9531602859,80.2421112061,23466,23476,10
12.9540596008,80.2424621582,23476,23486,10
12.9549198151,80.2428207397,23486,23496,10
12.9556999207,80.2431106567,23496,23506,10
12.9563703537,80.243347168,23506,23517,11
12.9567298889,80.2434921265,23517,23527,10
12.9573802948,80.2437820435,23527,23537,10
12.9581098557,80.2441482544,23537,23547,10
12.9589996338,80.2445297241,23547,23557,10
12.9599103928,80.2449493408,23557,23567,10
12.9609804153,80.2454376221,23567,23577,10
12.9622001648,80.2460327148,23577,23587,10
12.9632797241,80.2465591431,23587,23598,11
12.9636602402,80.2467422485,23598,23608,10
12.9641599655,80.2469329834,23608,23618,10
12.9648399353,80.2471923828,23618,23628,10
12.965669632,80.2474822998,23628,23638,10
12.9664402008,80.247756958,23638,23648,10
12.9664802551,80.2477798462,23648,23658,10
12.9666204453,80.247833252,23658,23668,10
12.9669103622,80.2479782104,23668,23678,10
12.9673995972,80.2482223511,23678,23689,11
12.9681901932,80.2485580444,23689,23699,10
12.9691896439,80.2489089966,23699,23709,10
12.9702396393,80.2493286133,23709,23719,10
12.9714097977,80.2497177124,23719,23729,10
12.972700119,80.2500686646,23729,23739,10
12.9741001129,80.2504577637,23739,23749,10
12.975569725,80.2508773804,23749,23759,10
12.9769296646,80.2512817383,23759,23769,10
12.9785995483,80.2523574829,23769,23790,21
12.9785995483,80.2523574829,23790,23800,10
12.9787797928,80.2524490356,23800,23810,10
12.9792804718,80.2525787354,23810,23820,10
12.9799900055,80.2526473999,23820,23830,10
12.9808702469,80.2526397705,23830,23840,10
12.9819202423,80.2526168823,23840,23850,10
12.9832000732,80.2525405884,23850,23860,10
12.9847097397,80.2522125244,23860,23871,11
12.9861001968,80.2518234253,23871,23881,10
12.9873399734,80.2514724731,23881,23891,10
12.9877996445,80.2513427734,23891,23901,10
12.9879598618,80.2512969971,23901,23911,10
12.9885196686,80.2511672974,23911,23921,10
12.9892501831,80.2509918213,23921,23931,10
12.9894504547,80.2509078979,23931,23941,10
12.9895401001,80.2508773804,23941,23952,11
12.9899597168,80.250793457,23952,23962,10
12.9906702042,80.250617981,23962,23972,10
12.9915399551,80.2504119873,23972,23982,10
12.9925603867,80.2501602173,23982,23992,10
12.9937601089,80.2498474121,23992,24002,10
12.9950799942,80.2495193481,24002,24012,10
12.9963998795,80.2492218018,24012,24022,10
12.9976701736,80.248878479,24022,24032,10
12.9992799759,80.2484512329,24032,24043,11
13.0010004044,80.248046875,24043,24053,10
13.0024499893,80.2476806641,24053,24063,10
13.0037698746,80.2474365234,24063,24073,10
13.0051898956,80.247253418,24073,24083,10
13.0063400269,80.2467880249,24083,24093,10
13.0065603256,80.2464065552,24093,24103,10
13.0066099167,80.2462234497,24103,24113,10
13.0066299438,80.2457122803,24113,24123,10
13.0066404343,80.2450408936,24123,24134,11
13.0066404343,80.2440185547,24134,24144,10
13.0066299438,80.243057251,24144,24154,10
13.0066099167,80.2419662476,24154,24164,10
13.0066299438,80.2411880493,24164,24174,10
13.0067996979,80.2400131226,24174,24184,10
13.0070199966,80.2389678955,24184,24194,10
13.007229805,80.2378997803,24194,24204,10
13.0073900223,80.2369689941,24204,24214,10
13.0074195862,80.2368011475,24214,24225,11
13.0075302124,80.2364273071,24225,24235,10
13.0076599121,80.2358398438,24235,24245,10
13.007809639,80.2350997925,24245,24255,10
13.0080003738,80.2342376709,24255,24265,10
13.0081996918,80.2331695557,24265,24275,10
13.0084400177,80.231842041,24275,24285,10
13.0087099075,80.2303619385,24285,24295,10
13.0089797974,80.2288513184,24295,24305,10
13.0093803406,80.2276229858,24305,24316,11
13.0100297928,80.2261734009,24316,24326,10
13.0105400085,80.225151062,24326,24336,10
13.0108804703,80.2243804932,24336,24346,10
13.0112600327,80.2235565186,24346,24356,10
13.0116596222,80.2226104736,24356,24366,10
13.0120401382,80.2216033936,24366,24376,10
13.0123796463,80.2215576172,24376,24386,10
13.0125598907,80.2218780518,24386,24397,11
13.013130188,80.2225570679,24397,24407,10
13.013710022,80.2231826782,24407,24417,10
13.0142202377,80.2238693237,24417,24427,10
13.0149297714,80.224571228,24427,24437,10
13.0157003403,80.2251815796,24437,24467,30
13.0157003403,80.2251815796,24467,24477,10
13.0160198212,80.2253417969,24477,24488,11
13.0166301727,80.2253417969,24488,24498,10
13.0175199509,80.2249984741,24498,24508,10
13.0185899734,80.2245483398,24508,24518,10
13.0200996399,80.2247772217,24518,24548,30
13.0200996399,80.2247772217,24548,24558,10
13.0203199387,80.2249984741,24558,24568,10
13.0207996368,80.2253417969,24568,24579,11
13.0212497711,80.2257537842,24579,24842,263
13.0212497711,80.2257537842,24842,24852,10
13.0214099884,80.2259902954,24852,24862,10
13.0218601227,80.2262802124,24862,24872,10
13.0225095749,80.2267608643,24872,24882,10
13.0232896805,80.2274627686,24882,24892,10
13.0241298676,80.228187561,24892,24902,10
13.0244197845,80.2285614014,24902,24912,10
13.024189949,80.2285614014,24912,24923,11
13.0238399506,80.2280731201,24923,24933,10
13.0234498978,80.2277374268,24933,25034,101
13.0233602524,80.2275238037,25034,25105,71
13.0233602524,80.2275238037,25105,25115,10
13.0233297348,80.2275009155,25115,25125,10
13.0230998993,80.2272720337,25125,25135,10
13.0226402283,80.2268295288,25135,25145,10
13.0221204758,80.2263565063,25145,25155,10
13.0215396881,80.2258682251,25155,25165,10
13.0210199356,80.2254562378,25165,25175,10
13.0204896927,80.2250900269,25175,25186,11
13.0199804306,80.2247467041,25186,25196,10
13.0195302963,80.2244873047,25196,25206,10
13.0187797546,80.2244415283,25206,25216,10
13.0178804398,80.2248001099,25216,25226,10
13.016960144,80.2251815796,25226,25236,10
13.0163602829,80.2254486084,25236,25246,10
13.0157804489,80.2256622314,25246,25255,9
13.0151596069,80.2258987427,25255,25266,11
13.014749527,80.2260818481,25266,25277,11
13.0147104263,80.2260818481,25277,25287,10
13.0144195557,80.2261962891,25287,25297,10
13.0143299103,80.2262191772,25297,25307,10
13.0139799118,80.226348877,25307,25317,10
13.0133600235,80.226600647,25317,25327,10
13.012550354,80.2269363403,25327,25337,10
13.0115404129,80.2273406982,25337,25347,10
13.0103702545,80.2278137207,25347,25357,10
13.0093202591,80.228302002,25357,25368,11
13.0089902878,80.2294921875,25368,25378,10
13.008769989,80.2306594849,25378,25388,10
13.0085000992,80.231880188,25388,25398,10
13.0082902908,80.2331008911,25398,25408,10
13.0082101822,80.2337188721,25408,25418,10
13.0081501007,80.2338867188,25418,25428,10
13.0080604553,80.2343978882,25428,25438,10
13.0078897476,80.235206604,25438,25449,11
13.0076398849,80.2364196777,25449,25459,10
13.0073795319,80.237739563,25459,25469,10
13.0071802139,80.238822937,25469,25479,10
13.0069799423,80.2398376465,25479,25489,10
13.006819725,80.2407226563,25489,25499,10
13.0067100525,80.2417831421,25499,25509,10
13.0067195892,80.2428283691,25509,25519,10
13.0067300797,80.2437667847,25519,25529,10
13.0066900253,80.2449417114,25529,25540,11
13.0067300797,80.2462234497,25540,25550,10
13.0067396164,80.2472305298,25550,25560,10
13.0062303543,80.2473983765,25560,25570,10
13.0060796738,80.2473831177,25570,25580,10
13.0054998398,80.2473526001,25580,25590,10
13.004699707,80.2473831177,25590,25600,10
13.003660202,80.2475128174,25600,25610,10
13.0024595261,80.2477111816,25610,25620,10
13.0011901855,80.248008728,25620,25631,11
12.9996795654,80.2483978271,25631,25641,10
12.9983196259,80.2487716675,25641,25651,10
12.9968395233,80.2490997314,25651,25661,10
12.9953699112,80.2494888306,25661,25671,10
12.9939002991,80.2498779297,25671,25681,10
12.9923400879,80.2502593994,25681,25691,10
12.9908800125,80.2506332397,25691,25701,10
12.9894199371,80.2510070801,25701,25711,10
12.9884595871,80.2512969971,25711,25722,11
12.9880800247,80.2514038086,25722,25732,10
12.9875802994,80.2515106201,25732,25742,10
12.9868402481,80.2517089844,25742,25752,10
12.9859399796,80.2519073486,25752,25762,10
12.984869957,80.252166748,25762,25772,10
12.9835996628,80.2525100708,25772,25782,10
12.9822797775,80.2526626587,25782,25792,10
12.9809799194,80.2526931763,25792,25803,11
12.9798603058,80.2527313232,25803,25813,10
12.9788599014,80.2526397705,25813,25823,10
12.9786701202,80.2526016235,25823,25833,10
12.9783201218,80.2523803711,25833,25843,10
12.9777603149,80.2518768311,25843,25853,10
12.9769001007,80.2513122559,25853,25863,10
12.975689888,80.2509384155,25863,25873,10
12.9743299484,80.250541687,25873,25883,10
12.9729404449,80.2501831055,25883,25894,11
12.9714202881,80.2497711182,25894,25904,10
12.9700803757,80.2493591309,25904,25914,10
12.9687995911,80.2488632202,25914,25924,10
12.9676504135,80.2483901978,25924,25934,10
12.9666099548,80.2478637695,25934,25944,10
12.9657402039,80.2474899292,25944,25954,10
12.965089798,80.2473068237,25954,25964,10
12.9650697708,80.2472915649,25964,25974,10
12.9648303986,80.2472000122,25974,25985,11
12.9641599655,80.2469482422,25985,25995,10
12.9633197784,80.2465820313,25995,26005,10
12.9623298645,80.2460632324,26005,26015,10
12.9612998962,80.245552063,26015,26025,10
12.9602098465,80.2450790405,26025,26035,10
12.9593200684,80.2446975708,26035,26045,10
12.9584503174,80.2442703247,26045,26055,10
12.9578399658,80.2440338135,26055,26065,10
12.9573202133,80.2438278198,26065,26076,11
12.9565696716,80.2436599731,26076,26086,10
12.9564199448,80.2436218262,26086,26096,10
12.9562397003,80.2435379028,26096,26106,10
12.9556903839,80.243270874,26106,26116,10
12.9549303055,80.2428970337,26116,26126,10
12.954000473,80.2425003052,26126,26136,10
12.9528999329,80.2420272827,26136,26146,10
12.9520101547,80.2417297363,26146,26156,10
12.9517498016,80.2416381836,26156,26167,11
12.9513397217,80.2414703369,26167,26177,10
12.9506597519,80.2412414551,26177,26187,10
12.9497499466,80.2409820557,26187,26197,10
12.9486598969,80.2405929565,26197,26207,10
12.9474802017,80.2401123047,26207,26217,10
12.946439743,80.239692688,26217,26227,10
12.9453001022,80.2391281128,26227,26237,10
12.9443302155,80.2381210327,26237,26248,11
12.9432001114,80.2369308472,26248,26258,10
12.9418802261,80.2362976074,26258,26268,10
12.9405698776,80.2359771729,26268,26278,10
12.9398097992,80.2357711792,26278,26288,10
12.9396800995,80.235710144,26288,26298,10
12.9392700195,80.235496521,26298,26308,10
12.9386701584,80.2351837158,26308,26318,10
12.9378900528,80.2347869873,26318,26328,10
12.9367399216,80.2342300415,26328,26339,11
12.935259819,80.2335510254,26339,26349,10
12.9340400696,80.233001709,26349,26359,10
12.9332799911,80.2326202393,26359,26369,10
12.9323501587,80.2322463989,26369,26379,10
12.9312000275,80.2318725586,26379,26389,10
12.9298696518,80.2314987183,26389,26399,10
12.9284601212,80.2312316895,26399,26409,10
12.9270896912,80.2310562134,26409,26419,10
12.925740242,80.2309265137,26419,26430,11
12.9242897034,80.2307510376,26430,26440,10
12.9230804443,80.2305908203,26440,26450,10
12.9218702316,80.2304000854,26450,26460,10
12.9205999374,80.2302474976,26460,26470,10
12.9193696976,80.2300872803,26470,26480,10
12.9180202484,80.2299118042,26480,26490,10
12.9166002274,80.2297210693,26490,26500,10
12.9151096344,80.2294998169,26500,26510,10
12.9133501053,80.2292861938,26510,26531,21
12.9133501053,80.2292861938,26531,26541,10
12.9131603241,80.2292785645,26541,26551,10
12.9126300812,80.2291717529,26551,26561,10
12.9118204117,80.2290267944,26561,26571,10
12.9107704163,80.2288894653,26571,26581,10
12.9095001221,80.2286911011,26581,26591,10
12.9081296921,80.2284622192,26591,26602,11
12.9070997238,80.2283172607,26602,26612,10
12.9069595337,80.2283172607,26612,26622,10
12.9068698883,80.2283172607,26622,26632,10
12.9065303802,80.2282867432,26632,26642,10
12.90583992,80.2282180786,26642,26652,10
12.9049100876,80.2281570435,26652,26662,10
12.9040298462,80.2281112671,26662,26672,10
12.9031095505,80.2280807495,26672,26682,10
12.9020299911,80.2280197144,26682,26693,11
12.90143013,80.2279968262,26693,26703,10
12.9013900757,80.2280197144,26703,26713,10
12.9011297226,80.228012085,26713,26723,10
12.9007501602,80.2279663086,26723,26733,10
12.9002599716,80.2279434204,26733,26743,10
12.900179863,80.2279205322,26743,26753,10
12.8997802734,80.2278823853,26753,26763,10
12.8992004395,80.2278518677,26763,26773,10
12.8984003067,80.2278366089,26773,26784,11
12.8972597122,80.2277603149,26784,26794,10
12.895939827,80.2276992798,26794,26804,10
12.894490242,80.2276229858,26804,26814,10
12.8930997849,80.2274780273,26814,26824,10
12.8921003342,80.2274017334,26824,26834,10
12.890999794,80.2273788452,26834,26844,10
12.889670372,80.2273788452,26844,26854,10
12.8881998062,80.2273406982,26854,26864,10
12.8867197037,80.2271118164,26864,26875,11
12.8852996826,80.2267837524,26875,26885,10
12.8843097687,80.2267303467,26885,26895,10
12.8831195831,80.2267379761,26895,26905,10
12.8817195892,80.2267532349,26905,26915,10
12.8802099228,80.2267532349,26915,26925,10
12.8786697388,80.2268066406,26925,26935,10
12.8773097992,80.2269134521,26935,26945,10
12.8763799667,80.2269973755,26945,26956,11
12.8762798309,80.2269973755,26956,26966,10
12.8759403229,80.2270126343,26966,26976,10
12.8752603531,80.2269592285,26976,26986,10
12.8743095398,80.2268295288,26986,26996,10
12.8732099533,80.2267227173,26996,27006,10
12.8721904755,80.2266998291,27006,27016,10
12.8709897995,80.2266464233,27016,27026,10
12.8696203232,80.2265319824,27026,27036,10
12.8681001663,80.2264022827,27036,27047,11
12.8663196564,80.2265625,27047,27057,10
12.8646497726,80.2265930176,27057,27067,10
12.8631401062,80.2265396118,27067,27077,10
12.8617095947,80.226600647,27077,27087,10
12.8607501984,80.226600647,27087,27097,10
12.8604402542,80.2265625,27097,27107,10
12.8597898483,80.2264633179,27107,27117,10
12.8589000702,80.22631073,27117,27127,10
12.8577899933,80.2262496948,27127,27138,11
12.8563899994,80.2263793945,27138,27148,10
12.8549804688,80.2265167236,27148,27158,10
12.8534402847,80.2266464233,27158,27168,10
12.851770401,80.2266387939,27168,27178,10
12.8500995636,80.2265701294,27178,27188,10
12.8483495712,80.2265701294,27188,27198,10
12.8467597961,80.2265777588,27198,27208,10
12.8456802368,80.226600647,27208,27218,10
12.8453598022,80.226600647,27218,27229,11
12.84512043,80.2266082764,27229,27239,10
12.8445100784,80.2266693115,27239,27249,10
12.8436498642,80.2267608643,27249,27259,10
12.8425798416,80.2269363403,27259,27269,10
12.841340065,80.2272186279,27269,27279,10
12.8402795792,80.2275390625,27279,27289,10
12.8397102356,80.2276306152,27289,27320,31
12.8397102356,80.2276306152,27320,27330,10
12.8395004272,80.2277526855,27330,27340,10
12.8388996124,80.2279129028,27340,27350,10
12.838060379,80.2281112671,27350,27360,10
12.8369998932,80.228302002,27360,27370,10
12.8357601166,80.2285003662,27370,27380,10
12.8343296051,80.2287063599,27380,27390,10
12.8329896927,80.2289810181,27390,27401,11
12.8322401047,80.2291412354,27401,27411,10
12.832110405,80.2291564941,27411,27421,10
12.8317604065,80.2291870117,27421,27431,10
12.8312196732,80.2293319702,27431,27441,10
12.8304300308,80.229637146,27441,27451,10
12.8294095993,80.2300262451,27451,27461,10
12.8282604218,80.2306137085,27461,27471,10
12.8269796371,80.231262207,27471,27481,10
12.8256196976,80.2314224243,27481,27492,11
12.8239603043,80.2312164307,27492,27502,10
12.822810173,80.2308578491,27502,27512,10
12.8215398788,80.2304992676,27512,27522,10
12.8201198578,80.2304763794,27522,27532,10
12.8188199997,80.230430603,27532,27542,10
12.8175401688,80.2298431396,27542,27552,10
12.8160295486,80.2294311523,27552,27562,10
12.8143701553,80.2291793823,27562,27572,10
12.8127098083,80.2286834717,27572,27583,11
12.8109502792,80.2280426025,27583,27593,10
12.8095598221,80.2274398804,27593,27603,10
12.8083400726,80.2265472412,27603,27613,10
12.8071804047,80.2255706787,27613,27623,10
12.8063697815,80.224861145,27623,27633,10
12.8057098389,80.224281311,27633,27643,10
12.8050699234,80.2240066528,27643,27653,10
12.8050203323,80.2240066528,27653,27664,11
12.8046798706,80.2239608765,27664,27674,10
12.8040599823,80.2238998413,27674,27684,10
12.8031902313,80.2238082886,27684,27694,10
12.8020601273,80.2236709595,27694,27704,10
12.8010396957,80.2236099243,27704,27714,10
12.8008003235,80.2236022949,27714,27724,10
12.8002595901,80.2235412598,27724,27734,10
12.7994403839,80.2234573364,27734,27744,10
12.7983503342,80.2233581543,27744,27755,11
12.7969398499,80.2231369019,27755,27765,10
12.7956895828,80.22290802,27765,27775,10
12.7944202423,80.2226791382,27775,27785,10
12.7931604385,80.2224884033,27785,27795,10
12.7917995453,80.2222213745,27795,27805,10
12.7905397415,80.2219085693,27805,27815,10
12.7895097733,80.2216186523,27815,27825,10
12.788599968,80.2212600708,27825,27835,10
12.7877597809,80.2209320068,27835,27846,11
12.7870998383,80.2206802368,27846,27856,10
12.7866601944,80.2205200195,27856,27866,10
12.7866201401,80.2205123901,27866,27876,10
12.786359787,80.220413208,27876,27886,10
12.7861795425,80.2205581665,27886,27896,10
12.7862195969,80.2208328247,27896,27906,10
12.7862195969,80.2210617065,27906,27916,10
12.7861995697,80.2212982178,27916,27926,10
12.7862195969,80.2215805054,27926,28028,102
12.7862796783,80.2219467163,28028,28594,566
12.7863101959,80.2220916748,28594,28695,101
12.7864103317,80.2220077515,28695,29909,1214
12.7864103317,80.2220077515,29909,29919,10
12.7863702774,80.2219161987,29919,29929,10
12.7863502502,80.2218170166,29929,29940,11
12.7862901688,80.221496582,29940,29950,10
12.786239624,80.2211608887,29950,29960,10
12.786239624,80.2209091187,29960,29970,10
12.7862596512,80.2203674316,29970,30000,30
12.7862596512,80.2203674316,30000,30010,10
12.7865200043,80.2204284668,30010,30020,10
12.7868499756,80.2205810547,30020,30031,11
12.7871103287,80.2206878662,30031,30041,10
12.7872896194,80.2207565308,30041,30051,10
12.7876596451,80.2208862305,30051,30061,10
12.788310051,80.2211380005,30061,30071,10
12.7891902924,80.2214813232,30071,30081,10
12.7900495529,80.2217636108,30081,30091,10
12.7910203934,80.2220001221,30091,30101,10
12.7922000885,80.2222824097,30101,30111,10
12.7936601639,80.2225265503,30111,30122,11
12.795419693,80.2228088379,30122,30132,10
12.796959877,80.2230834961,30132,30142,10
12.7985401154,80.2233200073,30142,30152,10
12.8001298904,80.2234573364,30152,30162,10
12.8018102646,80.2236175537,30162,30172,10
12.8031797409,80.2238006592,30172,30182,10
12.8044300079,80.2239074707,30182,30192,10
12.805270195,80.2240371704,30192,30203,11
12.8055696487,80.2241516113,30203,30213,10
12.805680275,80.2242202759,30213,30223,10
12.8060703278,80.2245407104,30223,30233,10
12.8067102432,80.2250976563,30233,30243,10
12.807299614,80.2256011963,30243,30253,10
12.8073101044,80.2256164551,30253,30263,10
12.807559967,80.2258071899,30263,30273,10
12.8080596924,80.2262268066,30273,30283,10
12.808719635,80.2267913818,30283,30294,11
12.809709549,80.2274932861,30294,30304,10
12.8108501434,80.2279815674,30304,30314,10
12.8121500015,80.2284622192,30314,30324,10
12.8135700226,80.2289276123,30324,30334,10
12.8151397705,80.2292785645,30334,30344,10
12.8168401718,80.2295379639,30344,30354,10
12.818479538,80.23021698,30354,30364,10
12.8198604584,80.2304611206,30364,30374,10
12.821269989,80.2304534912,30374,30385,11
12.8229503632,80.2308425903,30385,30395,10
12.8243303299,80.2311706543,30395,30405,10
12.825750351,80.2313690186,30405,30415,10
12.8271799088,80.2312011719,30415,30425,10
12.8285503387,80.2304763794,30425,30435,10
12.8300199509,80.2298202515,30435,30445,10
12.8309297562,80.2294311523,30445,30455,10
12.8309803009,80.2293930054,30455,30465,10
12.8311395645,80.2293701172,30465,30476,11
12.8315401077,80.2292480469,30476,30486,10
12.8318004608,80.2291564941,30486,30496,10
12.8323802948,80.2290420532,30496,30506,10
12.8332700729,80.2288665771,30506,30516,10
12.8344202042,80.2286605835,30516,30526,10
12.8357400894,80.2284622192,30526,30536,10
12.8372001648,80.2282409668,30536,30546,10
12.8386001587,80.2279815674,30546,30557,11
12.8393001556,80.2277526855,30557,30567,10
12.8394699097,80.2276916504,30567,30577,10
12.8396100998,80.2276382446,30577,30587,10
12.8400497437,80.2275238037,30587,30597,10
12.8408603668,80.2273025513,30597,30607,10
12.8418998718,80.2270202637,30607,30617,10
12.8431301117,80.2267684937,30617,30627,10
12.8444004059,80.2265930176,30627,30637,10
12.8452396393,80.2265167236,30637,30648,11
12.845290184,80.2265090942,30648,30658,10
12.8454399109,80.2265014648,30658,30668,10
12.8456201553,80.2265090942,30668,30678,10
12.8458795547,80.2265090942,30678,30688,10
12.8465099335,80.2265167236,30688,30698,10
12.8474397659,80.2265167236,30698,30708,10
12.8485603333,80.2265167236,30708,30718,10
12.8498296738,80.2265090942,30718,30728,10
12.8505401611,80.2265090942,30728,30739,11
12.8507003784,80.2265090942,30739,30749,10
12.8512601852,80.2265396118,30749,30759,10
12.852060318,80.2265777588,30759,30769,10
12.8530797958,80.2266082764,30769,30779,10
12.8542900085,80.2265319824,30779,30789,10
12.8556404114,80.2263793945,30789,30799,10
12.8571195602,80.2262420654,30799,30809,10
12.858710289,80.2261962891,30809,30819,10
12.8602695465,80.2264175415,30819,30830,11
12.8611402512,80.2265167236,30830,30840,10
12.8619203568,80.2265090942,30840,30850,10
12.862859726,80.2264633179,30850,30860,10
12.8639497757,80.2264709473,30860,30870,10
12.865240097,80.2265167236,30870,30880,10
12.8666801453,80.2264785767,30880,30890,10
12.8681497574,80.226348877,30890,30900,10
12.8696403503,80.2264633179,30900,30910,10
12.871219635,80.2266082764,30910,30921,11
12.8725996017,80.2266235352,30921,30931,10
12.8728399277,80.2266082764,30931,30941,10
12.8729496002,80.2266235352,30941,30951,10
12.8734102249,80.2266464233,30951,30961,10
12.8740997314,80.2266998291,30961,30971,10
12.8749399185,80.2268066406,30971,30981,10
12.8759403229,80.2268981934,30981,30991,10
12.8766698837,80.2268829346,30991,31002,11
12.8767499924,80.2268676758,31002,31012,10
12.8770198822,80.2268600464,31012,31022,10
12.8776102066,80.2268218994,31022,31032,10
12.8784103394,80.2267684937,31032,31042,10
12.8793401718,80.2267303467,31042,31052,10
12.8804397583,80.2267227173,31052,31062,10
12.8816699982,80.2266998291,31062,31072,10
12.8830299377,80.2266769409,31072,31082,10
12.8851900101,80.2266464233,31082,31103,21
12.8851900101,80.2266464233,31103,31113,10
12.8854503632,80.2266921997,31113,31123,10
12.8859996796,80.2268295288,31123,31133,10
12.8867502213,80.2270278931,31133,31143,10
12.8876495361,80.2272109985,31143,31153,10
12.8887195587,80.2273025513,31153,31163,10
12.8899402618,80.2273101807,31163,31173,10
12.891289711,80.2273101807,31173,31184,11
12.8922796249,80.2273635864,31184,31194,10
12.8924598694,80.2273712158,31194,31204,10
12.8927602768,80.2274017334,31204,31214,10
12.8933801651,80.2274703979,31214,31224,10
12.8941297531,80.2275466919,31224,31234,10
12.8950195313,80.2276077271,31234,31244,10
12.8961000443,80.2276535034,31244,31254,10
12.8972997665,80.2276992798,31254,31264,10
12.8985996246,80.2277832031,31264,31275,11
12.8999795914,80.2278366089,31275,31285,10
12.9011297226,80.227897644,31285,31295,10
12.9026203156,80.2279510498,31295,31315,20
12.9026203156,80.2279510498,31315,31325,10
12.9027700424,80.2279586792,31325,31335,10
12.9028701782,80.2279663086,31335,31345,10
12.9033098221,80.228012085,31345,31355,10
12.9040603638,80.2280502319,31355,31366,11
12.9049100876,80.2281112671,31366,31376,10
12.90583992,80.2281417847,31376,31386,10
12.90666008,80.2282028198,31386,31396,10
12.906999588,80.2282028198,31396,31406,10
12.9072799683,80.2282485962,31406,31416,10
12.9078598022,80.2283401489,31416,31426,10
12.9086399078,80.228477478,31426,31436,10
12.9096298218,80.2286376953,31436,31447,11
12.9109601974,80.2288589478,31447,31457,10
12.9122896194,80.2290496826,31457,31467,10
12.913479805,80.2292175293,31467,31477,10
12.9140701294,80.2292785645,31477,31487,10
12.9141597748,80.2292861938,31487,31497,10
12.9145803452,80.2293624878,31497,31507,10
12.9152297974,80.2294616699,31507,31517,10
12.9160404205,80.2295837402,31517,31527,10
12.9169998169,80.2297210693,31527,31538,11
12.9182195663,80.2298812866,31538,31548,10
12.9194202423,80.2300567627,31548,31558,10
12.9207201004,80.2302322388,31558,31568,10
12.92208004,80.2304077148,31568,31578,10
12.9233999252,80.2306213379,31578,31588,10
12.9247303009,80.2307815552,31588,31598,10
12.9259195328,80.2308731079,31598,31608,10
12.9264802933,80.2309417725,31608,31618,10
12.9265298843,80.2309494019,31618,31629,11
12.9269504547,80.2310028076,31629,31639,10
12.9275903702,80.2310791016,31639,31649,10
12.9283504486,80.2311935425,31649,31659,10
12.928730011,80.2312164307,31659,31669,10
12.9287900925,80.2312393188,31669,31679,10
12.9291801453,80.231338501,31679,31689,10
12.9298200607,80.2314834595,31689,31699,10
12.9306402206,80.2316970825,31699,31709,10
12.9315795898,80.2320098877,31709,31720,11
12.9327497482,80.2323913574,31720,31730,10
12.9335298538,80.2326889038,31730,31740,10
12.9335699081,80.2326965332,31740,31750,10
12.9337100983,80.2327728271,31750,31760,10
12.9340400696,80.2329177856,31760,31770,10
12.9346399307,80.2331924438,31770,31780,10
12.9353599548,80.2335205078,31780,31790,10
12.9361000061,80.23387146,31790,31801,11
12.937210083,80.2344207764,31801,31811,10
12.9382801056,80.2349472046,31811,31821,10
12.9396800995,80.2356109619,31821,31841,20
12.9396800995,80.2356109619,31841,31851,10
12.9398403168,80.2356872559,31851,31861,10
12.9402799606,80.2358627319,31861,31871,10
12.9409999847,80.2360610962,31871,31881,10
12.9419202805,80.2362823486,31881,31892,11
12.9429197311,80.2366485596,31892,31902,10
12.9437398911,80.2373733521,31902,31912,10
12.9445495605,80.2382965088,31912,31922,10
12.9454097748,80.2391815186,31922,31932,10
12.9464597702,80.2396697998,31932,31942,10
12.9472503662,80.239982605,31942,31952,10
12.9473199844,80.2400131226,31952,31962,10
12.9476604462,80.2401275635,31962,31972,10
12.9481897354,80.2403564453,31972,31983,11
12.9487600327,80.2405700684,31983,31993,10
12.9492397308,80.2407913208,31993,32003,10
12.9498596191,80.2409973145,32003,32013,10
12.9505395889,80.2412033081,32013,32023,10
12.9510297775,80.241317749,32023,32033,10
12.9510402679,80.241317749,32033,32042,9
12.9512701035,80.2414169312,32042,32053,11
12.9517002106,80.2416000366,32053,32063,10
12.9525098801,80.241897583,32063,32074,11
12.9534301758,80.2422714233,32074,32084,10
12.9539604187,80.2424621582,32084,32094,10
12.954199791,80.2425537109,32094,32104,10
12.95470047,80.2427368164,32104,32114,10
12.9554004669,80.2430114746,32114,32124,10
12.9561796188,80.2432937622,32124,32134,10
12.9563503265,80.2433624268,32134,32144,10
12.956609726,80.2434616089,32144,32154,10
12.957110405,80.2436828613,32154,32165,11
12.9579401016,80.2440414429,32165,32175,10
12.9587697983,80.2444076538,32175,32185,10
12.9591197968,80.2445297241,32185,32195,10
12.959280014,80.2446212769,32195,32205,10
12.9597196579,80.2448272705,32205,32215,10
12.9603796005,80.2451400757,32215,32225,10
12.9611997604,80.2455215454,32225,32235,10
12.9621801376,80.2460021973,32235,32245,10
12.9632797241,80.2465515137,32245,32256,11
12.9641199112,80.2469177246,32256,32266,10
12.9650602341,80.2472686768,32266,32276,10
12.966050148,80.2476119995,32276,32286,10
12.9663801193,80.2477264404,32286,32296,10
12.9664402008,80.2477493286,32296,32306,10
12.9667196274,80.2478790283,32306,32316,10
12.967209816,80.2481536865,32316,32326,10
12.9679498672,80.2484588623,32326,32337,11
12.9689598083,80.2488937378,32337,32347,10
12.9700403214,80.2493362427,32347,32357,10
12.9712600708,80.2497634888,32357,32367,10
12.9726200104,80.2501220703,32367,32377,10
12.97397995,80.2504730225,32377,32387,10
12.9753398895,80.2508621216,32387,32397,10
12.9766197205,80.2512207031,32397,32407,10
12.977689743,80.2517166138,32407,32417,10
12.9783697128,80.252243042,32417,32428,11
12.9784402847,80.2522888184,32428,32438,10
12.9786996841,80.2524337769,32438,32448,10
12.9791698456,80.252571106,32448,32458,10
12.9798402786,80.2526473999,32458,32468,10
12.980629921,80.2526702881,32468,32478,10
12.981300354,80.2526397705,32478,32488,10
12.982509613,80.2526092529,32488,32498,10
12.9835195541,80.2525024414,32498,32508,10
12.9845199585,80.2522583008,32508,32519,11
12.9854803085,80.2519989014,32519,32529,10
12.9859895706,80.2518234253,32529,32539,10
12.9864196777,80.251701355,32539,32549,10
12.9864797592,80.2516937256,32549,32559,10
12.9865598679,80.251663208,32559,32569,10
12.9869298935,80.2515563965,32569,32579,10
12.9873199463,80.2514266968,32579,32589,10
12.9876804352,80.2513427734,32589,32599,10
12.9881896973,80.2512283325,32599,32610,11
12.9889698029,80.2510528564,32610,32620,10
12.9895801544,80.2508621216,32620,32630,10
12.9896497726,80.2508392334,32630,32640,10
12.9899997711,80.2507629395,32640,32650,10
12.9905996323,80.250617981,32650,32660,10
12.991399765,80.2504425049,32660,32670,10
12.9923400879,80.250213623,32670,32680,10
12.9933795929,80.249961853,32680,32690,10
12.9944200516,80.2497024536,32690,32701,11
12.99559021,80.2494125366,32701,32711,10
12.9968204498,80.2490615845,32711,32721,10
12.9979600906,80.2487792969,32721,32730,9
12.9992599487,80.2484664917,32730,32741,11
13.0007200241,80.2481002808,32741,32751,10
13.0018396378,80.2478179932,32751,32761,10
13.002699852,80.2476272583,32761,32771,10
13.0036401749,80.2474594116,32771,32781,10
13.0046901703,80.2473220825,32781,32792,11
13.0058298111,80.2471008301,32792,32802,10
13.0064697266,80.24659729,32802,32812,10
13.0065097809,80.2465515137,32812,32822,10
13.0066699982,80.2462387085,32822,32832,10
13.0066795349,80.2456436157,32832,32842,10
13.0066404343,80.2450637817,32842,32852,10
13.0066299438,80.244430542,32852,32862,10
13.0066404343,80.2437973022,32862,32873,11
13.0066204071,80.2431411743,32873,32883,10
13.0066404343,80.2424926758,32883,32893,10
13.0066404343,80.2417526245,32893,32903,10
13.0066795349,80.2409973145,32903,32913,10
13.0068101883,80.2402420044,32913,32923,10
13.0069599152,80.2394180298,32923,32933,10
13.0071601868,80.2384796143,32933,32943,10
13.0072898865,80.2376174927,32943,32953,10
13.0073795319,80.2369766235,32953,32974,21
13.0073795319,80.2369766235,32974,32984,10
13.0074195862,80.2368774414,32984,32994,10
13.0074901581,80.2366104126,32994,33004,10
13.0075902939,80.2360916138,33004,33014,10
13.0077104568,80.2354431152,33014,33024,10
13.0078802109,80.2347106934,33024,33034,10
13.0081100464,80.2338485718,33034,33044,10
13.0083198547,80.2327575684,33044,33055,11
13.0085601807,80.2313232422,33055,33065,10
13.0088100433,80.2298965454,33065,33075,10
13.009059906,80.2285919189,33075,33085,10
13.009469986,80.2275238037,33085,33095,10
13.0099802017,80.2264404297,33095,33105,10
13.010430336,80.225479126,33105,33115,10
13.0107803345,80.2246627808,33115,33125,10
13.0111103058,80.2238769531,33125,33135,10
13.0114898682,80.2230834961,33135,33146,11
13.0117301941,80.2223587036,33146,33156,10
13.0120201111,80.2217178345,33156,33166,10
13.0123996735,80.2215881348,33166,33176,10
13.0126695633,80.2220230103,33176,33186,10
13.0131597519,80.2225494385,33186,33196,10
13.0137195587,80.2231521606,33196,33206,10
13.0141201019,80.2237091064,33206,33216,10
13.0147104263,80.2243423462,33216,33226,10
13.01541996,80.2249832153,33226,33257,31
13.01541996,80.2249832153,33257,33267,10
13.0156202316,80.2250518799,33267,33277,10
13.0160102844,80.2253036499,33277,33287,10
13.0166597366,80.2252731323,33287,33297,10
13.0174798965,80.2249526978,33297,33307,10
13.0183200836,80.2246322632,33307,33318,11
13.0193004608,80.2243804932,33318,33328,10
13.0196504593,80.2244262695,33328,33338,10
13.0201396942,80.2248077393,33338,33368,30
13.0201396942,80.2248077393,33368,33378,10
13.0203199387,80.2249984741,33378,33388,10
13.0207300186,80.2253036499,33388,33398,10
13.0211896896,80.2256622314,33398,33409,11
13.0216999054,80.22605896,33409,33419,10
13.0223398209,80.2265777588,33419,33429,10
13.0230998993,80.2272415161,33429,33439,10
13.0238199234,80.2278594971,33439,33449,10
13.0242395401,80.2282867432,33449,33459,10
13.0244102478,80.2284927368,33459,33469,10
13.0243701935,80.2286224365,33469,33479,10
13.0241203308,80.2284698486,33479,33489,10
13.0238800049,80.2281036377,33489,33500,11
13.0235204697,80.2277374268,33500,33560,60
13.0235204697,80.2277374268,33560,33570,10
13.0233297348,80.2274780273,33570,34400,830
13.0234603882,80.2273635864,34400,34582,182
13.0232801437,80.2274627686,34582,34602,20
13.0232801437,80.2274627686,34602,34612,10
13.0230503082,80.2272186279,34612,34622,10
13.0230102539,80.2271728516,34622,34632,10
13.0227403641,80.2268981934,34632,34643,11
13.022480011,80.2266387939,34643,34653,10
13.0222997665,80.2264709473,34653,34663,10
13.0219602585,80.2261734009,34663,34673,10
13.0216598511,80.2259521484,34673,34683,10
13.0215501785,80.2258605957,34683,34693,10
13.0212497711,80.2256164551,34693,34703,10
13.0207195282,80.2252426147,34703,34713,10
13.0199899673,80.2247695923,34713,34723,10
13.0190601349,80.2244415283,34723,34734,11
13.017999649,80.2248001099,34734,34744,10
13.0171604156,80.2251281738,34744,34754,10
13.016579628,80.2253799438,34754,34764,10
13.0161895752,80.2255096436,34764,34774,10
13.0156402588,80.225692749,34774,34784,10
13.0151195526,80.2259216309,34784,34794,10
13.0147800446,80.2260437012,34794,34804,10
13.0144701004,80.2261581421,34804,34825,21
13.0144701004,80.2261581421,34825,34835,10
13.0143098831,80.2262268066,34835,34845,10
13.0138702393,80.2264099121,34845,34855,10
13.013299942,80.2266693115,34855,34865,10
13.0125398636,80.2269668579,34865,34875,10
13.011639595,80.2273025513,34875,34885,10
13.0106401443,80.2277374268,34885,34895,10
13.0096597672,80.2281265259,34895,34906,11
13.0090303421,80.2289505005,34906,34916,10
13.0086202621,80.2300033569,34916,34926,10
13.0084600449,80.2311172485,34926,34936,10
13.0082798004,80.2323684692,34936,34946,10
13.0081996918,80.2333602905,34946,34956,10
13.0081996918,80.2334976196,34956,34966,10
13.0081396103,80.2337188721,34966,34976,10
13.0080299377,80.2342605591,34976,34986,10
13.0078897476,80.2348327637,34986,34997,11
13.007900238,80.234916687,34997,35007,10
13.0078802109,80.2350997925,35007,35017,10
13.0078201294,80.2354202271,35017,35027,10
13.0076599121,80.2361297607,35027,35037,10
13.0074396133,80.2371292114,35037,35047,10
13.0072603226,80.2381362915,35047,35057,10
13.0070199966,80.2389221191,35057,35067,10
13.0068597794,80.2400131226,35067,35098,31
13.0068597794,80.2400131226,35098,35108,10
13.0069599152,80.2401428223,35108,35118,10
13.0068702698,80.2405395508,35118,35128,10
13.0068302155,80.2406768799,35128,35138,10
13.0067796707,80.2409515381,35138,35148,10
13.0066795349,80.2414779663,35148,35158,10
13.0066204071,80.2422637939,35158,35168,10
13.0066003799,80.2432022095,35168,35179,11
13.0065803528,80.2442626953,35179,35189,10
13.0066003799,80.2451934814,35189,35199,10
13.0066604614,80.2459487915,35199,35209,10
13.0066699982,80.2465133667,35209,35219,10
13.0066900253,80.2466964722,35219,35229,10
13.0066995621,80.2470321655,35229,35239,10
13.0065402985,80.247428894,35239,35249,10
13.0061903,80.2474212646,35249,35260,11
13.0061798096,80.2474212646,35260,35270,10
13.0059995651,80.247428894,35270,35280,10
13.0054597855,80.2474212646,35280,35290,10
13.0046901703,80.247467041,35290,35300,10
13.0036897659,80.2475814819,35300,35310,10
13.0027799606,80.2476882935,35310,35320,10
13.0024700165,80.247756958,35320,35330,10
13.001950264,80.2478713989,35330,35340,10
13.0012302399,80.2480773926,35340,35351,11
13.0002403259,80.2483062744,35351,35361,10
12.9991998672,80.2485580444,35361,35371,10
12.9981403351,80.248840332,35371,35381,10
12.9970302582,80.2490921021,35381,35391,10
12.9957895279,80.249420166,35391,35401,10
12.9944696426,80.2497711182,35401,35411,10
12.9930400848,80.2501068115,35411,35421,10
12.9916601181,80.2504501343,35421,35431,10
12.9910697937,80.250617981,35431,35442,11
12.9909496307,80.2506103516,35442,35452,10
12.990480423,80.2507171631,35452,35462,10
12.9897499084,80.2509307861,35462,35472,10
12.9888401031,80.251159668,35472,35482,10
12.9879102707,80.251411438,35482,35492,10
12.9872903824,80.2515792847,35492,35502,10
12.9867801666,80.2517318726,35502,35512,10
12.9861698151,80.2518386841,35512,35522,10
12.9854202271,80.2520294189,35522,35533,11
12.9843997955,80.2523193359,35533,35543,10
12.9833202362,80.2526016235,35543,35553,10
12.9821901321,80.2526779175,35553,35563,10
12.9811401367,80.2527008057,35563,35573,10
12.9803600311,80.2527618408,35573,35583,10
12.9798498154,80.2527694702,35583,35593,10
12.9792098999,80.2526931763,35593,35603,10
12.9786396027,80.2525863647,35603,35613,10
12.9785203934,80.2525177002,35613,35624,11
12.9780397415,80.2521362305,35624,35634,10
12.9774103165,80.2515792847,35634,35644,10
12.9764404297,80.2511901855,35644,35654,10
12.9753198624,80.2508392334,35654,35664,10
12.9740695953,80.2504882813,35664,35674,10
12.9727602005,80.2501525879,35674,35684,10
12.9717197418,80.2498626709,35684,35694,10
12.9700403214,80.2493515015,35694,35704,10
12.9685897827,80.2487792969,35704,35715,11
12.9671096802,80.2481689453,35715,35725,10
12.9661197662,80.2476806641,35725,35735,10
12.9653396606,80.2473907471,35735,35745,10
12.965259552,80.2473831177,35745,35755,10
12.9651098251,80.2473602295,35755,35765,10
12.9646501541,80.247177124,35765,35775,10
12.9638500214,80.2468719482,35775,35796,21
12.9638500214,80.2468719482,35796,35806,10
12.9637403488,80.2467880249,35806,35816,10
12.9632797241,80.2465515137,35816,35826,10
12.9626102448,80.2462463379,35826,35836,10
12.9617700577,80.24584198,35836,35846,10
12.9607801437,80.2453536987,35846,35856,10
12.9597597122,80.2448883057,35856,35866,10
12.9590196609,80.2445602417,35866,35876,10
12.95814991,80.244178772,35876,35887,11
12.9572401047,80.2438430786,35887,35897,10
12.9564399719,80.243522644,35897,35907,10
12.9558801651,80.2432785034,35907,35917,10
12.9551200867,80.2429428101,35917,35927,10
12.9542198181,80.2425537109,35927,35937,10
12.9532003403,80.2421188354,35937,35947,10
12.9522800446,80.2417602539,35947,35957,10
12.9516601563,80.241569519,35957,35967,10
12.951499939,80.2415313721,35967,35978,11
12.9508895874,80.2412872314,35978,35988,10
12.9501199722,80.2410812378,35988,35998,10
12.9491500854,80.2407836914,35998,36008,10
12.9480600357,80.2403411865,36008,36018,10
12.9471597672,80.2400131226,36018,36028,10
12.9470901489,80.239982605,36028,36038,10
12.9467201233,80.2397994995,36038,36048,10
12.9461603165,80.2395782471,36048,36058,10
12.9454402924,80.2391891479,36058,36069,11
12.9446802139,80.2385101318,36069,36079,10
12.943980217,80.237701416,36079,36089,10
12.9430999756,80.2368087769,36089,36099,10
12.9418201447,80.2362670898,36099,36109,10
12.9404201508,80.2359390259,36109,36119,10
12.9397497177,80.235748291,36119,36129,10
12.9396600723,80.2356491089,36129,36139,10
12.9392795563,80.2354736328,36139,36150,11
12.9386196136,80.2351303101,36150,36160,10
12.9376802444,80.2346572876,36160,36170,10
12.9366598129,80.2341766357,36170,36180,10
12.9355602264,80.2336578369,36180,36190,10
12.9343595505,80.2331466675,36190,36200,10
12.9338703156,80.2329406738,36200,36210,10
12.9337596893,80.2328720093,36210,36220,10
12.9333000183,80.2326278687,36220,36230,10
12.9325895309,80.232383728,36230,36240,10
12.9316301346,80.2320404053,36240,36251,11
12.9303197861,80.2316589355,36251,36261,10
12.9289703369,80.231338501,36261,36271,10
12.927479744,80.2311019897,36271,36281,10
12.9262199402,80.23097229,36281,36291,10
12.9260196686,80.2309570313,36291,36301,10
12.9256095886,80.2309036255,36301,36311,10
12.9249801636,80.2308273315,36311,36321,10
12.9241800308,80.2307434082,36321,36331,10
12.923119545,80.2306137085,36331,36342,11
12.9219503403,80.2304229736,36342,36352,10
12.9206104279,80.2302322388,36352,36362,10
12.9191799164,80.2300415039,36362,36372,10
12.9177999496,80.229850769,36372,36382,10
12.9163999557,80.2296676636,36382,36392,10
12.9149999619,80.2294616699,36392,36402,10
12.9138097763,80.229309082,36402,36412,10
12.9133996964,80.2292785645,36412,36423,11
12.913310051,80.2292327881,36423,36433,10
12.9128303528,80.2291183472,36433,36443,10
12.9120397568,80.2289810181,36443,36453,10
12.9110803604,80.2288818359,36453,36463,10
12.9098997116,80.2286911011,36463,36473,10
12.9086198807,80.228477478,36473,36483,10
12.9070196152,80.2283172607,36483,36514,31
12.9070196152,80.2283172607,36514,36524,10
12.9069595337,80.2283401489,36524,36534,10
12.9067001343,80.2283172607,36534,36544,10
12.9062700272,80.2282409668,36544,36554,10
12.905579567,80.2281799316,36554,36564,10
12.9046697617,80.2281188965,36564,36574,10
12.9038896561,80.2280807495,36574,36584,10
12.903169632,80.2280502319,36584,36594,10
12.9022598267,80.2279891968,36594,36605,11
12.9013500214,80.2279510498,36605,36615,10
12.9011201859,80.2279586792,36615,36625,10
12.9006595612,80.2278900146,36625,36635,10
12.8995800018,80.2278823853,36635,36665,30
12.8995800018,80.2278823853,36665,36675,10
12.8992996216,80.2278518677,36675,36685,10
12.8987598419,80.2277984619,36685,36696,11
12.8979301453,80.2277526855,36696,36706,10
12.8970098495,80.2276916504,36706,36716,10
12.8958997726,80.2276535034,36716,36726,10
12.8946399689,80.2276000977,36726,36736,10
12.893289566,80.2274627686,36736,36746,10
12.8924999237,80.2274093628,36746,36756,10
12.8923902512,80.2273788452,36756,36766,10
12.8919095993,80.2273788452,36766,36776,10
12.8911504745,80.2273712158,36776,36787,11
12.890130043,80.2273635864,36787,36797,10
12.8890304565,80.2273712158,36797,36807,10
12.8878097534,80.2272872925,36807,36817,10
12.8864803314,80.2270507813,36817,36827,10
12.885219574,80.2267608643,36827,36837,10
12.8847904205,80.2267303467,36837,36847,10
12.8845796585,80.2267303467,36847,36857,10
12.8839998245,80.2267227173,36857,36867,10
12.8832197189,80.2267227173,36867,36878,11
12.8821601868,80.2267303467,36878,36888,10
12.8810396194,80.2267379761,36888,36898,10
12.8797702789,80.2267608643,36898,36908,10
12.8783597946,80.2267990112,36908,36918,10
12.8770103455,80.2269363403,36918,36928,10
12.8764295578,80.2270126343,36928,36938,10
12.8763799667,80.2269973755,36938,36948,10
12.87596035,80.2269973755,36948,36959,11
12.8752002716,80.2269363403,36959,36969,10
12.8743095398,80.2268295288,36969,36979,10
12.8732299805,80.2266998291,36979,36989,10
12.8724403381,80.2267074585,36989,36999,10
12.8723096848,80.2266998291,36999,37009,10
12.8718004227,80.2266387939,37009,37019,10
12.8710403442,80.2266235352,37019,37029,10
12.8701601028,80.2265625,37029,37039,10
12.8691396713,80.2264480591,37039,37050,11
12.8678398132,80.2264099121,37050,37060,10
12.866519928,80.2265396118,37060,37070,10
12.8651800156,80.2266082764,37070,37080,10
12.8637695313,80.2265396118,37080,37090,10
12.8624296188,80.2265625,37090,37100,10
12.8611602783,80.2266082764,37100,37110,10
12.8598003387,80.2264404297,37110,37120,10
12.858499527,80.2262802124,37120,37130,10
12.857170105,80.2263031006,37130,37141,11
12.8556203842,80.2264709473,37141,37151,10
12.8541002274,80.2266311646,37151,37161,10
12.8524799347,80.2266998291,37161,37171,10
12.850979805,80.2266387939,37171,37181,10
12.8503599167,80.2266311646,37181,37191,10
12.8503198624,80.2266387939,37191,37201,10
12.8499202728,80.2266311646,37201,37211,10
12.8492603302,80.2266235352,37211,37221,10
12.8483800888,80.2266082764,37221,37232,11
12.8471899033,80.2265930176,37232,37242,10
12.8454504013,80.2266311646,37242,37262,20
12.8454504013,80.2266311646,37262,37272,10
12.84512043,80.2266235352,37272,37282,10
12.8445196152,80.2266769409,37282,37292,10
12.8437404633,80.2267379761,37292,37302,10
12.8428897858,80.226852417,37302,37312,10
12.8418798447,80.2270431519,37312,37323,11
12.8404998779,80.2274398804,37323,37333,10
12.8398303986,80.2276611328,37333,37343,10
12.83934021,80.2277679443,37343,37353,10
12.8386297226,80.2279434204,37353,37363,10
12.8378000259,80.2281417847,37363,37373,10
12.8367795944,80.2283401489,37373,37383,10
12.8355903625,80.2285232544,37383,37393,10
12.8342695236,80.228729248,37393,37403,10
12.8323097229,80.2291030884,37403,37424,21
12.8323097229,80.2291030884,37424,37434,10
12.8322200775,80.229133606,37434,37444,10
12.8317604065,80.2292175293,37444,37454,10
12.8310403824,80.2294464111,37454,37464,10
12.8301496506,80.2297592163,37464,37474,10
12.8290700912,80.2301712036,37474,37484,10
12.8279399872,80.2307815552,37484,37495,11
12.8265199661,80.231338501,37495,37505,10
12.8250102997,80.2314071655,37505,37515,10
12.8234395981,80.2310409546,37515,37525,10
12.8219499588,80.2305908203,37525,37535,10
12.8207397461,80.2304763794,37535,37545,10
12.8196001053,80.2305221558,37545,37555,10
12.8189096451,80.2304992676,37555,37565,10
12.8187398911,80.2304611206,37565,37575,10
12.8182601929,80.2302017212,37575,37586,11
12.8173999786,80.2297897339,37586,37596,10
12.8163795471,80.2294921875,37596,37606,10
12.8151702881,80.229309082,37606,37616,10
12.8138799667,80.2290802002,37616,37626,10
12.8125801086,80.2286224365,37626,37636,10
12.8112697601,80.2281723022,37636,37646,10
12.8101196289,80.2276992798,37646,37656,10
12.8090000153,80.2270812988,37656,37666,10
12.8080501556,80.22631073,37666,37677,11
12.8070497513,80.2254486084,37677,37687,10
12.8063097,80.2247695923,37687,37697,10
12.8056697845,80.2242507935,37697,37707,10
12.8050498962,80.224067688,37707,37717,10
12.8049602509,80.224029541,37717,37727,10
12.804599762,80.2239990234,37727,37737,10
12.8039703369,80.2239379883,37737,37747,10
12.8031396866,80.2238388062,37747,37757,10
12.8021202087,80.2236862183,37757,37768,11
12.8010196686,80.2235870361,37768,37778,10
12.8008403778,80.2235717773,37778,37788,10
12.8004198074,80.2235031128,37788,37798,10
12.7996702194,80.2234573364,37798,37808,10
12.7987499237,80.2233581543,37808,37818,10
12.797539711,80.2232208252,37818,37828,10
12.7963399887,80.2229919434,37828,37838,10
12.7956695557,80.2229385376,37838,37848,10
12.7955503464,80.2229232788,37848,37859,11
12.7949895859,80.2228088379,37859,37869,10
12.7942199707,80.2227020264,37869,37879,10
12.7932796478,80.2225570679,37879,37889,10
12.7922296524,80.2223434448,37889,37899,10
12.7910804749,80.222038269,37899,37909,10
12.7898702621,80.2217330933,37909,37919,10
12.788860321,80.2213668823,37919,37929,10
12.7879104614,80.220993042,37929,37939,10
12.7873601913,80.2208023071,37939,37950,11
12.7873601913,80.2207794189,37950,37960,10
12.7872800827,80.2207489014,37960,37970,10
12.7871398926,80.2206878662,37970,37980,10
12.7868003845,80.2205886841,37980,38000,20
12.7866601944,80.2205429077,38000,38031,31
12.7865896225,80.2204284668,38031,38081,50
12.7865896225,80.2204284668,38081,38091,10
12.7861995697,80.2204208374,38091,38122,31
12.7861995697,80.2208862305,38122,38152,30
12.7862195969,80.2212677002,38152,38213,61
12.7862195969,80.2212677002,38213,38223,10
12.7862300873,80.221496582,38223,38233,10
12.7862300873,80.2219696045,38233,39609,1376
12.7862300873,80.2219696045,39609,39619,10
12.786190033,80.2217178345,39619,39629,10
12.7861795425,80.2214584351,39629,39639,10
12.7861700058,80.2211074829,39639,39649,10
12.7861499786,80.2204818726,39649,39679,30
12.7861499786,80.2204818726,39679,39689,10
12.7864198685,80.2203979492,39689,39710,21
12.7864198685,80.2203979492,39710,39720,10
12.7865200043,80.2204666138,39720,39730,10
12.7868900299,80.2206115723,39730,39740,10
12.7875204086,80.2208328247,39740,39750,10
12.788189888,80.2210769653,39750,39760,10
12.7889995575,80.2213821411,39760,39770,10
12.7895698547,80.221572876,39770,39780,10
12.7898597717,80.2216873169,39780,39790,10
12.7904500961,80.2218399048,39790,39801,11
12.7913599014,80.222076416,39801,39811,10
12.7924098969,80.222328186,39811,39821,10
12.7935800552,80.2225189209,39821,39831,10
12.7948503494,80.2227172852,39831,39841,10
12.7961597443,80.2229232788,39841,39851,10
12.7964897156,80.2229690552,39851,39861,10
12.7967100143,80.2230072021,39861,39871,10
12.797249794,80.2231216431,39871,39881,10
12.7980298996,80.2232437134,39881,39892,11
12.7989597321,80.2233200073,39892,39902,10
12.7999696732,80.2234191895,39902,39912,10
12.8011198044,80.2235336304,39912,39922,10
12.8014802933,80.2235565186,39922,39932,10
12.8016996384,80.2236175537,39932,39942,10
12.8023395538,80.2237014771,39942,39952,10
12.803150177,80.2238235474,39952,39962,10
12.8039703369,80.2238769531,39962,39972,10
12.8048000336,80.2239532471,39972,39983,11
12.8055801392,80.2241363525,39983,39993,10
12.8057098389,80.2242202759,39993,40003,10
12.8061103821,80.2245635986,40003,40013,10
12.8067102432,80.2250900269,40013,40023,10
12.8074998856,80.2257766724,40023,40033,10
12.8084201813,80.2265625,40033,40043,10
12.8094701767,80.2273712158,40043,40053,10
12.8107595444,80.2279510498,40053,40063,10
12.8121995926,80.2284927368,40063,40074,11
12.8138799667,80.229057312,40074,40084,10
12.8154201508,80.2293395996,40084,40094,10
12.8170204163,80.2296218872,40094,40104,10
12.8185100555,80.2302627563,40104,40114,10
12.8196296692,80.2304534912,40114,40124,10
12.819729805,80.2304534912,40124,40134,10
12.8199996948,80.2304611206,40134,40144,10
12.8206501007,80.2304229736,40144,40155,11
12.821680069,80.2304763794,40155,40165,10
12.8228302002,80.2307662964,40165,40175,10
12.8241100311,80.2311325073,40175,40185,10
12.8254404068,80.2313613892,40185,40195,10
12.8261299133,80.2313079834,40195,40205,10
12.8262395859,80.2313079834,40205,40215,10
12.8266496658,80.2312469482,40215,40225,10
12.8273696899,80.2310409546,40225,40235,10
12.8282003403,80.2305831909,40235,40246,11
12.8292798996,80.2300415039,40246,40256,10
12.8310203552,80.2293167114,40256,40276,20
12.8310203552,80.2293167114,40276,40286,10
12.8312397003,80.2292861938,40286,40296,10
12.8315401077,80.2292022705,40296,40306,10
12.8321504593,80.2290496826,40306,40316,10
12.8329401016,80.2288970947,40316,40326,10
12.8339700699,80.2287216187,40326,40337,11
12.8353099823,80.2285003662,40337,40347,10
12.8366298676,80.2282867432,40347,40357,10
12.8380298615,80.2280731201,40357,40367,10
12.8395299911,80.2277297974,40367,40397,30
12.8395299911,80.2277297974,40397,40407,10
12.8399400711,80.2276077271,40407,40418,11
12.8405895233,80.2274169922,40418,40428,10
12.8413801193,80.2272033691,40428,40438,10
12.8423204422,80.2269592285,40438,40448,10
12.8435001373,80.2267532349,40448,40458,10
12.8452997208,80.2265396118,40458,40488,30
12.8452997208,80.2265396118,40488,40498,10
12.8455400467,80.2265625,40498,40508,10
12.8461198807,80.2265472412,40508,40519,11
12.8470697403,80.2265396118,40519,40529,10
12.8480901718,80.2265396118,40529,40539,10
12.8492498398,80.2265396118,40539,40549,10
12.850520134,80.2265472412,40549,40559,10
12.851940155,80.2266082764,40559,40569,10
12.8534603119,80.2266311646,40569,40579,10
12.8548002243,80.2264480591,40579,40589,10
12.8552103043,80.2264022827,40589,40599,10
12.8555698395,80.2263565063,40599,40610,11
12.8564395905,80.22631073,40610,40620,10
12.8573598862,80.2262191772,40620,40630,10
12.858499527,80.2261962891,40630,40640,10
12.8597602844,80.2263565063,40640,40650,10
12.8607597351,80.2264785767,40650,40660,10
12.8609104156,80.2265014648,40660,40670,10
12.8612604141,80.2265014648,40670,40680,10
12.8619499207,80.2264862061,40680,40691,11
12.8628196716,80.2264404297,40691,40701,10
12.8640003204,80.2264709473,40701,40711,10
12.8652801514,80.2265319824,40711,40721,10
12.8665704727,80.2264785767,40721,40731,10
12.8679599762,80.2263565063,40731,40741,10
12.8694400787,80.2264404297,40741,40751,10
12.8709697723,80.2266082764,40751,40761,10
12.8723697662,80.2266311646,40761,40771,10
12.8728504181,80.2266082764,40771,40781,10
12.8730297089,80.2266235352,40781,40792,11
12.8736000061,80.2266464233,40792,40802,10
12.874420166,80.2267379761,40802,40812,10
12.8753995895,80.2268829346,40812,40822,10
12.876250267,80.2268981934,40822,40832,10
12.8767499924,80.2268600464,40832,40842,10
12.8768596649,80.226852417,40842,40852,10
12.8773298264,80.2267990112,40852,40862,10
12.8781204224,80.2267608643,40862,40872,10
12.8790903091,80.2266998291,40872,40883,11
12.8803396225,80.2266693115,40883,40893,10
12.8816099167,80.2266693115,40893,40903,10
12.8829698563,80.2266464233,40903,40913,10
12.8843898773,80.2266387939,40913,40923,10
12.8851699829,80.2266311646,40923,40933,10
12.8852596283,80.2266387939,40933,40943,10
12.885720253,80.2267379761,40943,40953,10
12.8864498138,80.2269363403,40953,40964,11
12.8874502182,80.2271575928,40964,40974,10
12.8885803223,80.2272796631,40974,40984,10
12.8898696899,80.2273178101,40984,40994,10
12.8912401199,80.2273178101,40994,41004,10
12.8921403885,80.2273330688,41004,41014,10
12.8924598694,80.2273406982,41014,41024,10
12.8930301666,80.2274169922,41024,41034,10
12.8937797546,80.2275238037,41034,41045,11
12.8947896957,80.2276077271,41045,41055,10
12.8958597183,80.2276535034,41055,41065,10
12.8971204758,80.2276992798,41065,41075,10
12.8984899521,80.2277679443,41075,41085,10
12.8998403549,80.2278366089,41085,41095,10
12.900639534,80.2278213501,41095,41176,81
12.900639534,80.2278213501,41176,41186,10
12.9007902145,80.2278594971,41186,41196,10
12.9012203217,80.2279205322,41196,41206,10
12.9018697739,80.2279281616,41206,41216,10
12.9024295807,80.2279586792,41216,41257,41
12.9024295807,80.2279586792,41257,41267,10
12.9025802612,80.2279663086,41267,41277,10
12.9027395248,80.2279815674,41277,41287,10
12.9032201767,80.228012085,41287,41297,10
12.9039096832,80.2280426025,41297,41307,10
12.9047403336,80.2281036377,41307,41317,10
12.9056797028,80.2281417847,41317,41328,11
12.9064903259,80.2281723022,41328,41338,10
12.9065799713,80.2281799316,41338,41348,10
12.9068698883,80.2282104492,41348,41357,9
12.907409668,80.2282791138,41357,41368,11
12.9083003998,80.2284393311,41368,41378,10
12.9090299606,80.2285614014,41378,41388,10
12.910369873,80.2287979126,41388,41398,10
12.9116296768,80.2289886475,41398,41408,10
12.9129896164,80.2291870117,41408,41419,11
12.9139699936,80.2292785645,41419,41429,10
12.9140100479,80.2292785645,41429,41439,10
12.9140701294,80.2293319702,41439,41449,10
12.9144802094,80.2293777466,41449,41459,10
12.9151000977,80.2294464111,41459,41469,10
12.9159603119,80.2295837402,41469,41479,10
12.9170198441,80.2297515869,41479,41489,10
12.9181995392,80.229927063,41489,41500,11
12.9196395874,80.2301177979,41500,41510,10
12.9210500717,80.2302780151,41510,41520,10
12.922249794,80.2304382324,41520,41530,10
12.9240903854,80.2307128906,41530,41540,10
12.9254703522,80.2308578491,41540,41550,10
12.926440239,80.2309417725,41550,41560,10
12.9265098572,80.2309494019,41560,41570,10
12.9268398285,80.2310028076,41570,41580,10
12.9274396896,80.2310714722,41580,41591,11
12.9283704758,80.2312011719,41591,41601,10
12.9292898178,80.2313690186,41601,41611,10
12.9303398132,80.2316131592,41611,41621,10
12.9315004349,80.2319564819,41621,41631,10
12.9327297211,80.2323684692,41631,41641,10
12.9335899353,80.2326965332,41641,41651,10
12.9336500168,80.2327423096,41651,41661,10
12.9337596893,80.2328186035,41661,41671,10
12.9341201782,80.232963562,41671,41682,11
12.9348897934,80.2333297729,41682,41692,10
12.9357204437,80.2337722778,41692,41702,10
12.9366798401,80.2342224121,41702,41712,10
12.9378004074,80.2347564697,41712,41722,10
12.9389896393,80.2353591919,41722,41732,10
12.9398002625,80.2357177734,41732,41742,10
12.9398603439,80.2357406616,41742,41752,10
12.940079689,80.2358627319,41752,41762,10
12.9405603409,80.236000061,41762,41773,11
12.9413499832,80.2361907959,41773,41783,10
12.9422302246,80.2363967896,41783,41793,10
12.9430999756,80.2368164063,41793,41803,10
12.9439001083,80.2376022339,41803,41813,10
12.9447202682,80.2385177612,41813,41823,10
12.9457397461,80.2393722534,41823,41833,10
12.9473800659,80.2400436401,41833,41853,20
12.9473800659,80.2400436401,41853,41864,11
12.9477100372,80.2401809692,41864,41874,10
12.9482803345,80.2404174805,41874,41884,10
12.9490299225,80.2407302856,41884,41894,10
12.949930191,80.2410430908,41894,41904,10
12.9508600235,80.2413101196,41904,41914,10
12.9511003494,80.2414016724,41914,41924,10
12.9513597488,80.2415313721,41924,41934,10
12.9518699646,80.2417068481,41934,41944,10
12.9524803162,80.241897583,41944,41955,11
12.9534397125,80.2422790527,41955,41965,10
12.9543199539,80.2426300049,41965,41975,10
12.9552202225,80.2429962158,41975,41985,10
12.9561796188,80.2433013916,41985,41995,10
12.9568395615,80.2435836792,41995,42005,10
12.9577198029,80.2439804077,42005,42015,10
12.9585399628,80.2443313599,42015,42025,10
12.9589195251,80.2445297241,42025,42036,11
12.9590597153,80.2446365356,42036,42046,10
12.9595603943,80.2448806763,42046,42056,10
12.9602804184,80.2452011108,42056,42066,10
12.9611501694,80.2455825806,42066,42076,10
12.9621400833,80.2460632324,42076,42086,10
12.963060379,80.2464981079,42086,42096,10
12.9637498856,80.2468338013,42096,42106,10
12.964389801,80.2470779419,42106,42117,11
12.9652004242,80.2473526001,42117,42127,10
12.9665899277,80.2478790283,42127,42147,20
12.9665899277,80.2478790283,42147,42157,10
12.9668998718,80.2480621338,42157,42167,10
12.9673900604,80.2482833862,42167,42177,10
12.9681901932,80.2486114502,42177,42187,10
12.9691095352,80.2489700317,42187,42197,10
12.9701004028,80.2493667603,42197,42208,11
12.9711904526,80.249710083,42208,42218,10
12.9726495743,80.2501220703,42218,42228,10
12.9739904404,80.2504806519,42228,42238,10
12.9753303528,80.2508621216,42238,42248,10
12.9766998291,80.2512435913,42248,42258,10
12.9777898788,80.2518310547,42258,42268,10
12.9785003662,80.2523269653,42268,42278,10
12.9785404205,80.2523574829,42278,42288,10
12.9787998199,80.2525024414,42288,42298,10
12.9792804718,80.2526016235,42298,42309,11
12.979809761,80.2526397705,42309,42319,10
12.9804000854,80.2526779175,42319,42329,10
12.981010437,80.2526626587,42329,42339,10
12.9817800522,80.2526397705,42339,42349,10
12.9827098846,80.2526168823,42349,42359,10
12.9838104248,80.2524490356,42359,42369,10
12.9850101471,80.2521209717,42369,42379,10
12.9859304428,80.2518920898,42379,42389,10
12.9870004654,80.2515792847,42389,42420,31
12.9870004654,80.2515792847,42420,42430,10
12.9873199463,80.2514877319,42430,42440,10
12.9877195358,80.251373291,42440,42450,10
12.9882297516,80.2512283325,42450,42460,10
12.9889802933,80.2510299683,42460,42470,10
12.9895801544,80.2508621216,42470,42480,10
12.9897003174,80.2508621216,42480,42491,11
12.9901895523,80.2507781982,42491,42501,10
12.9908704758,80.2506027222,42501,42511,10
12.9917001724,80.2503967285,42511,42521,10
12.992650032,80.2501602173,42521,42531,10
12.9937496185,80.2498626709,42531,42541,10
12.9949798584,80.2495574951,42541,42551,10
12.996219635,80.2492370605,42551,42561,10
12.9966897964,80.2491073608,42561,42572,11
12.9969701767,80.2490615845,42572,42582,10
12.9975299835,80.2489318848,42582,42592,10
12.9982995987,80.2487411499,42592,42602,10
12.9991903305,80.2484970093,42602,42612,10
13.0002202988,80.2482299805,42612,42622,10
13.0013799667,80.2479324341,42622,42632,10
13.0026302338,80.2476425171,42632,42642,10
13.0039596558,80.2474212646,42642,42652,10
13.0052995682,80.2472305298,42652,42663,11
13.0063400269,80.2467880249,42663,42673,10
13.0065402985,80.2464065552,42673,42683,10
13.0065603256,80.2463607788,42683,42693,10
13.0066404343,80.24609375,42693,42703,10
13.0066900253,80.2454986572,42703,42713,10
13.0067195892,80.2447433472,42713,42723,10
13.0066795349,80.2438430786,42723,42733,10
13.0066604614,80.243019104,42733,42743,10
13.0066795349,80.2421798706,42743,42754,11
13.0066900253,80.241317749,42754,42764,10
13.0067596436,80.2406692505,42764,42774,10
13.0068998337,80.2399520874,42774,42784,10
13.0070695877,80.2389831543,42784,42794,10
13.0072402954,80.2379226685,42794,42804,10
13.007399559,80.2368927002,42804,42814,10
13.0074396133,80.2366714478,42814,42824,10
13.0074596405,80.2365570068,42824,42834,10
13.0075798035,80.2361679077,42834,42845,11
13.0077695847,80.2354507446,42845,42855,10
13.0078201294,80.2351913452,42855,42865,10
13.0079202652,80.2348175049,42865,42875,10
13.0080299377,80.2342376709,42875,42885,10
13.0081596375,80.2334365845,42885,42895,10
13.0083703995,80.2323608398,42895,42905,10
13.008600235,80.2312011719,42905,42915,10
13.0088300705,80.2299880981,42915,42926,11
13.0090799332,80.2287063599,42926,42936,10
13.0094299316,80.2277374268,42936,42946,10
13.0098896027,80.2267074585,42946,42956,10
13.0103597641,80.2257766724,42956,42966,10
13.0106801987,80.225151062,42966,42976,10
13.0107498169,80.2249603271,42976,42986,10
13.0108995438,80.2245788574,42986,42996,10
13.0112199783,80.2238006592,42996,43006,10
13.0116195679,80.2229003906,43006,43017,11
13.0119600296,80.2219772339,43017,43027,10
13.0124197006,80.2214813232,43027,43037,10
13.0125303268,80.2218017578,43037,43047,10
13.0130195618,80.2222518921,43047,43057,10
13.013420105,80.2227401733,43057,43067,10
13.0140199661,80.2234573364,43067,43077,10
13.0148897171,80.2244567871,43077,43108,31
13.0148897171,80.2244567871,43108,43118,10
13.0151996613,80.224861145,43118,43128,10
13.0156602859,80.2252426147,43128,43148,20
13.0156602859,80.2252426147,43148,43158,10
13.0157804489,80.2253112793,43158,43168,10
13.0162000656,80.2254180908,43168,43178,10
13.0165996552,80.2253494263,43178,43188,10
13.0171403885,80.225151062,43188,43199,11
13.017780304,80.2248764038,43199,43209,10
13.0185203552,80.2245788574,43209,43219,10
13.0192899704,80.2243804932,43219,43229,10
13.0196504593,80.2244873047,43229,43239,10
13.0200595856,80.2247619629,43239,43269,30
13.0200595856,80.2247619629,43269,43279,10
13.0201797485,80.224899292,43279,43290,11
13.0206003189,80.2251968384,43290,43300,10
13.0211896896,80.2256774902,43300,43310,10
13.0219602585,80.2262802124,43310,43320,10
13.0228500366,80.2270584106,43320,43330,10
13.023730278,80.2278518677,43330,43340,10
13.0243797302,80.2285003662,43340,43371,31
13.0243797302,80.2285003662,43371,43381,10
13.0243501663,80.2286376953,43381,43391,10
13.0242395401,80.2285995483,43391,43401,10
13.0239400864,80.2282409668,43401,43411,10
13.0234003067,80.2276992798,43411,44028,617
13.0232400894,80.2274932861,44028,44048,20
13.0232400894,80.2274932861,44048,44058,10
13.0229597092,80.2272415161,44058,44068,10
13.0226297379,80.2269134521,44068,44078,10
13.0221796036,80.2265014648,44078,44089,11
13.0216598511,80.2260894775,44089,44099,10
13.0211896896,80.2257385254,44099,44109,10
13.0211400986,80.2257003784,44109,44119,10
13.0208797455,80.225479126,44119,44129,10
13.0201396942,80.2249832153,44129,44149,20
13.0201396942,80.2249832153,44149,44159,10
13.0199604034,80.224822998,44159,44170,11
13.0198497772,80.2247161865,44170,44180,10
13.0193901062,80.2245025635,44180,44190,10
13.0186004639,80.2245483398,44190,44200,10
13.0177402496,80.2249069214,44200,44210,10
13.0169401169,80.2252426147,44210,44220,10
13.0165596008,80.2254104614,44220,44230,10
13.0164003372,80.2254562378,44230,44240,10
13.0160999298,80.2255783081,44240,44250,10
13.0158004761,80.2256469727,44250,44261,11
13.0155801773,80.2257385254,44261,44271,10
13.0150899887,80.2259292603,44271,44291,20
13.0150899887,80.2259292603,44291,44301,10
13.0149202347,80.2260284424,44301,44352,51
13.0149202347,80.2260284424,44352,44362,10
13.0144996643,80.2261810303,44362,44372,10
13.0141601563,80.2263031006,44372,44382,10
13.0135698318,80.2265396118,44382,44392,10
13.0128698349,80.2268218994,44392,44402,10
13.0120401382,80.2271499634,44402,44412,10
13.0110797882,80.2275238037,44412,44422,10
13.0101299286,80.227897644,44422,44433,11
13.0092401505,80.2283325195,44433,44443,10
13.0089797974,80.2291870117,44443,44453,10
13.0087900162,80.2301177979,44453,44463,10
13.0087003708,80.2308807373,44463,44554,91
13.0087003708,80.2308807373,44554,44564,10
13.0085601807,80.2313919067,44564,44574,10
13.0084400177,80.2319412231,44574,44584,10
13.0083703995,80.2325363159,44584,44594,10
13.0082702637,80.2333831787,44594,44604,10
13.0082597733,80.2334594727,44604,44615,11
13.0081596375,80.2336425781,44615,44625,10
13.0080795288,80.2339401245,44625,44635,10
13.0079603195,80.2344436646,44635,44645,10
13.0077400208,80.2350692749,44645,44655,10
13.0075798035,80.2359390259,44655,44665,10
13.0073204041,80.2370834351,44665,44675,10
13.0071802139,80.2384414673,44675,44685,10
13.0069198608,80.2396087646,44685,44706,21
13.0069198608,80.2396087646,44706,44716,10
13.0068998337,80.239982605,44716,44726,10
13.0067796707,80.2403793335,44726,44736,10
13.0067195892,80.2406768799,44736,44746,10
13.0066604614,80.2410507202,44746,44756,10
13.0066699982,80.2417984009,44756,44766,10
13.0066299438,80.2426071167,44766,44776,10
13.0065002441,80.2432632446,44776,44786,10
13.0064496994,80.2438201904,44786,44797,11
13.0064401627,80.244468689,44797,44807,10
13.0065202713,80.2450485229,44807,44817,10
13.0065803528,80.2457275391,44817,44827,10
13.0066204071,80.246383667,44827,44837,10
13.0066404343,80.2470092773,44837,44847,10
13.0062999725,80.2472686768,44847,44867,20
13.0062999725,80.2472686768,44867,44878,11
13.0061197281,80.2473068237,44878,44888,10
13.0054798126,80.2473068237,44888,44898,10
13.0046701431,80.2473602295,44898,44908,10
13.0037298203,80.2474975586,44908,44918,10
13.0026502609,80.2477035522,44918,44928,10
13.0015001297,80.2479782104,44928,44938,10
13.0002698898,80.2482833862,44938,44948,10
12.9989595413,80.2486114502,44948,44958,10
12.9975996017,80.2489624023,44958,44968,10
12.9961395264,80.2493133545,44968,44979,11
12.9945802689,80.2497177124,44979,44989,10
12.9932098389,80.2500686646,44989,44999,10
12.9911003113,80.2506484985,44999,45019,20
12.9911003113,80.2506484985,45019,45029,10
12.9910697937,80.2506866455,45029,45039,10
12.990650177,80.2507781982,45039,45049,10
12.9900102615,80.2509231567,45049,45060,11
12.9891395569,80.251121521,45060,45070,10
12.9882297516,80.2514038086,45070,45130,60
12.9882297516,80.2514038086,45130,45140,10
12.9879102707,80.2514877319,45140,45150,10
12.9875202179,80.2515563965,45150,45161,11
12.9867801666,80.2517700195,45161,45171,10
12.9859199524,80.2519683838,45171,45181,10
12.984919548,80.2522277832,45181,45191,10
12.9837799072,80.2525100708,45191,45201,10
12.9826202393,80.2527008057,45201,45211,10
12.9814996719,80.2526931763,45211,45221,10
12.9805402756,80.2527389526,45221,45231,10
12.9800796509,80.252822876,45231,45242,11
12.9798402786,80.2527694702,45242,45252,10
12.9794101715,80.2526931763,45252,45262,10
12.9788303375,80.2526321411,45262,45272,10
12.9785604477,80.2525634766,45272,45282,10
12.9784202576,80.2524871826,45282,45292,10
12.9780197144,80.252166748,45292,45302,10
12.9774303436,80.2516403198,45302,45312,10
12.9765396118,80.2512283325,45312,45322,10
12.9754600525,80.2509002686,45322,45333,11
12.974149704,80.2505187988,45333,45343,10
12.9728603363,80.2501831055,45343,45353,10
12.9714803696,80.2498168945,45353,45363,10
12.9701404572,80.2494125366,45363,45373,10
12.9689102173,80.2489471436,45373,45383,10
12.9676504135,80.2484588623,45383,45393,10
12.9666404724,80.2479782104,45393,45403,10
12.965669632,80.2475585938,45403,45413,10
12.9649896622,80.2473602295,45413,45424,11
12.964969635,80.2473602295,45424,45434,10
12.9647598267,80.2472686768,45434,45444,10
12.9643001556,80.2471084595,45444,45454,10
12.9636297226,80.2468414307,45454,45464,10
12.9628000259,80.246421814,45464,45474,10
12.9617996216,80.2459106445,45474,45484,10
12.960650444,80.2453613281,45484,45494,10
12.9595298767,80.2449111938,45494,45504,10
12.959280014,80.2447891235,45504,45515,11
12.9590301514,80.2446517944,45515,45525,10
12.9584903717,80.2444000244,45525,45535,10
12.9578199387,80.2441101074,45535,45545,10
12.9570598602,80.2438583374,45545,45555,10
12.9564304352,80.2436523438,45555,45565,10
12.9563999176,80.2436294556,45565,45575,10
12.9559898376,80.2434692383,45575,45585,10
12.9554300308,80.2432022095,45585,45595,10
12.9547100067,80.2428588867,45595,45606,11
12.9539403915,80.2425308228,45606,45616,10
12.9532003403,80.2422103882,45616,45626,10
12.9523000717,80.241859436,45626,45636,10
12.9516201019,80.2416610718,45636,45646,10
12.9515600204,80.2416534424,45646,45656,10
12.9511699677,80.2414779663,45656,45666,10
12.9506502151,80.2413024902,45666,45676,10
12.9496898651,80.2410125732,45676,45686,10
12.9491300583,80.2408370972,45686,45707,21
12.9491300583,80.2408370972,45707,45717,10
12.9487800598,80.2407302856,45717,45727,10
12.9482002258,80.2404785156,45727,45737,10
12.9473896027,80.2401428223,45737,45747,10
12.9464902878,80.2397613525,45747,45757,10
12.9454898834,80.2393035889,45757,45767,10
12.9446201324,80.23853302,45767,45777,10
12.9437303543,80.2375488281,45777,45788,11
12.9426698685,80.236618042,45788,45798,10
12.9413204193,80.2361679077,45798,45808,10
12.9400997162,80.2358627319,45808,45818,10
12.9396696091,80.2357406616,45818,45828,10
12.9394702911,80.2356719971,45828,45838,10
12.9389600754,80.2353973389,45838,45848,10
12.938249588,80.2350311279,45848,45858,10
12.9374103546,80.2345962524,45858,45869,11
12.9358196259,80.233833313,45869,45889,20
12.9358196259,80.233833313,45889,45899,10
12.9354801178,80.2336730957,45899,45909,10
12.934920311,80.2333984375,45909,45919,10
12.9341602325,80.2330627441,45919,45929,10
12.9337902069,80.2329101563,45929,45939,10
12.9337396622,80.2328567505,45939,45949,10
12.9333496094,80.2326812744,45949,45960,11
12.9326696396,80.2323989868,45960,45970,10
12.9318504333,80.2321395874,45970,45980,10
12.9308700562,80.231842041,45980,45990,10
12.9297399521,80.2315292358,45990,46000,10
12.9288101196,80.231338501,46000,46010,10
12.9278402328,80.2311630249,46010,46020,10
12.9266996384,80.2310333252,46020,46030,10
12.9259395599,80.2309799194,46030,46040,10
12.9258003235,80.2309799194,46040,46051,11
12.9253101349,80.2309036255,46051,46061,10
12.9246702194,80.2308425903,46061,46071,10
12.9238996506,80.2307281494,46071,46081,10
12.9229898453,80.2306137085,46081,46091,10
12.9219303131,80.2304382324,46091,46101,10
12.9207000732,80.2302780151,46101,46111,10
12.9194602966,80.230140686,46111,46121,10
12.9190597534,80.2301025391,46121,46131,10
12.9189395905,80.2300796509,46131,46142,11
12.9183702469,80.2299880981,46142,46152,10
12.9176197052,80.2298812866,46152,46162,10
12.9167203903,80.2297515869,46162,46172,10
12.9157304764,80.2295913696,46172,46182,10
12.9148197174,80.2294387817,46182,46192,10
12.9138298035,80.2293167114,46192,46202,10
12.913310051,80.2292861938,46202,46212,10
12.9132003784,80.2292633057,46212,46222,10
12.9126901627,80.2291564941,46222,46233,11
12.9118499756,80.2290267944,46233,46243,10
12.9109201431,80.2288970947,46243,46253,10
12.9098501205,80.2287368774,46253,46263,10
12.9086503983,80.228553772,46263,46273,10
12.9074001312,80.2283630371,46273,46283,10
12.9064998627,80.2282791138,46283,46293,10
12.9062700272,80.2282562256,46293,46303,10
12.9061098099,80.2282562256,46303,46313,10
12.9055595398,80.2282180786,46313,46324,11
12.9046602249,80.2281494141,46324,46334,10
12.9036598206,80.2280883789,46334,46344,10
12.9024496078,80.2280273438,46344,46354,10
12.9010601044,80.2279891968,46354,46415,61
12.9010601044,80.2279891968,46415,46425,10
12.9006700516,80.2279510498,46425,46435,10
12.9000902176,80.2279129028,46435,46445,10
12.8993597031,80.2278671265,46445,46465,20
12.8993597031,80.2278671265,46465,46475,10
12.8992900848,80.2278518677,46475,46485,10
12.8988895416,80.2278289795,46485,46496,11
12.8981304169,80.2277984619,46496,46506,10
12.8972597122,80.2277603149,46506,46516,10
12.8962202072,80.227722168,46516,46526,10
12.8950099945,80.2276611328,46526,46536,10
12.893699646,80.2275619507,46536,46546,10
12.8927402496,80.2274627686,46546,46556,10
12.8925800323,80.2274627686,46556,46566,10
12.8924798965,80.2274475098,46566,46576,10
12.8920097351,80.2274017334,46576,46587,11
12.8911399841,80.2273864746,46587,46597,10
12.8901395798,80.2273788452,46597,46607,10
12.8889503479,80.2273712158,46607,46617,10
12.8876895905,80.2272872925,46617,46627,10
12.8864603043,80.2270584106,46627,46637,10
12.8851995468,80.2267837524,46637,46647,10
12.8848199844,80.2267608643,46647,46657,10
12.884469986,80.2267532349,46657,46667,10
12.8838195801,80.2267379761,46667,46678,11
12.8828401566,80.2267379761,46678,46688,10
12.8817796707,80.2267608643,46688,46698,10
12.8805599213,80.2267837524,46698,46708,10
12.8792104721,80.2267990112,46708,46718,10
12.8777503967,80.2268981934,46718,46728,10
12.8767700195,80.2269821167,46728,46738,10
12.8763904572,80.2270202637,46738,46748,10
12.8761196136,80.2270278931,46748,46758,10
12.8755102158,80.2269973755,46758,46769,11
12.87458992,80.226890564,46769,46779,10
12.8735399246,80.2267684937,46779,46789,10
12.8726797104,80.2267608643,46789,46799,10
12.872469902,80.2267379761,46799,46809,10
12.871919632,80.2267303467,46809,46819,10
12.8712596893,80.2267074585,46819,46870,51
12.8712596893,80.2267074585,46870,46880,10
12.8711395264,80.2266921997,46880,46890,10
12.8706502914,80.2266616821,46890,46900,10
12.8698997498,80.2265777588,46900,46910,10
12.8689699173,80.2264709473,46910,46920,10
12.8678398132,80.2264633179,46920,46930,10
12.8665704727,80.2265701294,46930,46940,10
12.8652200699,80.2266311646,46940,46951,11
12.8636102676,80.2265472412,46951,46961,10
12.8621997833,80.226600647,46961,46971,10
12.8610897064,80.2266387939,46971,46981,10
12.8609399796,80.2266311646,46981,46991,10
12.8605098724,80.2265930176,46991,47001,10
12.8597698212,80.2264709473,47001,47011,10
12.8589200974,80.2263336182,47011,47021,10
12.8582801819,80.2262802124,47021,47032,11
12.8573999405,80.2263031006,47032,47042,10
12.8564300537,80.2264022827,47042,47052,10
12.8553104401,80.2265167236,47052,47062,10
12.8540296555,80.2266387939,47062,47072,10
12.8526296616,80.2267074585,47072,47082,10
12.8512601852,80.2266387939,47082,47092,10
12.8500003815,80.2266235352,47092,47102,10
12.8495397568,80.2266311646,47102,47112,10
12.8490400314,80.2266235352,47112,47123,11
12.8481397629,80.2266235352,47123,47133,10
12.8470897675,80.2266311646,47133,47143,10
12.8454904556,80.2266311646,47143,47163,20
12.8454904556,80.2266311646,47163,47173,10
12.8451299667,80.2266235352,47173,47183,10
12.8445196152,80.2266693115,47183,47193,10
12.8436803818,80.2267608643,47193,47203,10
12.8426799774,80.2269363403,47203,47214,11
12.8412799835,80.2272415161,47214,47224,10
12.8402299881,80.2275466919,47224,47234,10
12.8398599625,80.2276916504,47234,47244,10
12.8396196365,80.2277603149,47244,47254,10
12.8391103745,80.2279129028,47254,47264,10
12.8383302689,80.2280807495,47264,47274,10
12.8374004364,80.2282714844,47274,47284,10
12.8363103867,80.2284393311,47284,47294,10
12.835100174,80.2286071777,47294,47305,11
12.8336296082,80.2288513184,47305,47315,10
12.8326101303,80.2290725708,47315,47325,10
12.8325500488,80.2290802002,47325,47335,10
12.8322601318,80.2291412354,47335,47345,10
12.8316602707,80.2292709351,47345,47355,10
12.8308296204,80.2295303345,47355,47365,10
12.8297796249,80.2299194336,47365,47375,10
12.8286304474,80.2304077148,47375,47385,10
12.827580452,80.2310333252,47385,47396,11
12.8261604309,80.2313766479,47396,47406,10
12.8246898651,80.2313766479,47406,47416,10
12.8231601715,80.2309570313,47416,47426,10
12.8215503693,80.230506897,47426,47436,10
12.8199796677,80.2304992676,47436,47446,10
12.818860054,80.2304992676,47446,47456,10
12.8186903,80.230430603,47456,47466,10
12.8181600571,80.2301712036,47466,47476,10
12.8173599243,80.2297897339,47476,47487,11
12.8162298203,80.2294769287,47487,47497,10
12.8149900436,80.2293014526,47497,47507,10
12.8136100769,80.2289962769,47507,47517,10
12.8121595383,80.2285003662,47517,47527,10
12.8106098175,80.2279129028,47527,47537,10
12.8092403412,80.2272796631,47537,47547,10
12.80809021,80.2263717651,47547,47557,10
12.8070802689,80.2255096436,47557,47568,11
12.8061800003,80.2246780396,47568,47578,10
12.805150032,80.2240066528,47578,47588,10
12.8048801422,80.2239532471,47588,47598,10
12.8046302795,80.2239227295,47598,47608,10
12.8040399551,80.2238769531,47608,47618,10
12.8032503128,80.2238006592,47618,47628,10
12.8022298813,80.2236785889,47628,47638,10
12.8011102676,80.2236022949,47638,47648,10
12.8008403778,80.2235717773,47648,47659,11
12.8004598618,80.223487854,47659,47669,10
12.7997999191,80.2234420776,47669,47679,10
12.7989501953,80.2233963013,47679,47689,10
12.7978200912,80.2232818604,47689,47699,10
12.7957401276,80.2229232788,47699,47719,20
12.7957401276,80.2229232788,47719,47729,10
12.7954797745,80.2228775024,47729,47739,10
12.7948503494,80.2227706909,47739,47749,10
12.793970108,80.2226333618,47749,47760,11
12.7928104401,80.2224502563,47760,47770,10
12.7916297913,80.2221832275,47770,47780,10
12.7903995514,80.2218704224,47780,47790,10
12.7894802094,80.2215881348,47790,47800,10
12.7888202667,80.2213516235,47800,47810,10
12.7883300781,80.2211608887,47810,47820,10
12.7882099152,80.2211227417,47820,47830,10
12.7879104614,80.2210083008,47830,47861,31
12.7879104614,80.2210083008,47861,47871,10
12.7877597809,80.2209091187,47871,47942,71
12.7877597809,80.2209091187,47942,47952,10
12.787610054,80.2208709717,47952,47962,10
12.7874097824,80.2207794189,47962,47972,10
12.7872800827,80.220741272,47972,47982,10
12.7871398926,80.2206802368,47982,47992,10
12.7869701385,80.2206192017,47992,48002,10
12.7867898941,80.2205734253,48002,48012,10
12.7866001129,80.2204971313,48012,48043,31
12.7866001129,80.2204971313,48043,48053,10
12.7862300873,80.2203674316,48053,48073,20
12.7862300873,80.2203674316,48073,48083,10
12.7861700058,80.2205886841,48083,48093,10
12.7861404419,80.2209625244,48093,48104,11
12.7861995697,80.2219696045,48104,49661,1557
12.7861995697,80.2219696045,49661,49671,10
12.7862100601,80.2217102051,49671,49692,21
12.7862100601,80.2217102051,49692,49702,10
12.7861995697,80.2213516235,49702,49712,10
12.7861795425,80.2210693359,49712,49722,10
12.7861499786,80.2207794189,49722,49732,10
12.7861795425,80.2203826904,49732,49782,50
12.7864704132,80.2203674316,49782,49803,21
12.7864704132,80.2203674316,49803,49813,10
12.7864999771,80.2204437256,49813,49823,10
12.7868404388,80.2205734253,49823,49833,10
12.787150383,80.2206802368,49833,49843,10
12.7876501083,80.2208709717,49843,49853,10
12.7884302139,80.2210998535,49853,49863,10
12.7892799377,80.2214736938,49863,49874,11
12.7900600433,80.2217102051,49874,49884,10
12.7908496857,80.2219161987,49884,49894,10
12.7918195724,80.2221832275,49894,49904,10
12.7930202484,80.2224197388,49904,49914,10
12.7944097519,80.222618103,49914,49924,10
12.7958202362,80.2228469849,49924,49934,10
12.7964696884,80.2229385376,49934,49944,10
12.7965898514,80.2229537964,49944,49955,11
12.796959877,80.2230377197,49955,49965,10
12.7974796295,80.2231369019,49965,49975,10
12.7980899811,80.2232131958,49975,49985,10
12.7985095978,80.2232513428,49985,49995,10
12.7986698151,80.2232666016,49995,50005,10
12.7987699509,80.2232818604,50005,50015,10
12.7991399765,80.2233428955,50015,50025,10
12.7997398376,80.2233963013,50025,50035,10
12.8005599976,80.2234725952,50035,50046,11
12.8012599945,80.2235565186,50046,50056,10
12.8012599945,80.2235488892,50056,50066,10
12.8014698029,80.2235717773,50066,50076,10
12.8020801544,80.2236404419,50076,50086,10
12.8028202057,80.2237472534,50086,50096,10
12.8035802841,80.2238311768,50096,50106,10
12.8044700623,80.2238998413,50106,50116,10
12.8052597046,80.2240219116,50116,50126,10
12.805560112,80.2241287231,50126,50137,11
12.8056001663,80.2241821289,50137,50147,10
12.8059196472,80.2244415283,50147,50157,10
12.8064603806,80.2249069214,50157,50167,10
12.8071403503,80.2254867554,50167,50177,10
12.8079595566,80.2261810303,50177,50187,10
12.8088798523,80.2269363403,50187,50197,10
12.8099803925,80.2275695801,50197,50207,10
12.8112897873,80.2281188965,50207,50217,10
12.8126897812,80.2286376953,50217,50228,11
12.8142499924,80.2291183472,50228,50238,10
12.8157396317,80.2293624878,50238,50248,10
12.8171701431,80.229637146,50248,50258,10
12.8185195923,80.2302398682,50258,50268,10
12.8196802139,80.230430603,50268,50278,10
12.8198003769,80.230430603,50278,50288,10
12.819899559,80.2304229736,50288,50298,10
12.8200798035,80.2304077148,50298,50308,10
12.8206596375,80.2303924561,50308,50319,11
12.821559906,80.2304382324,50319,50329,10
12.8225402832,80.230682373,50329,50339,10
12.823679924,80.2310180664,50339,50349,10
12.8248996735,80.2313079834,50349,50359,10
12.826259613,80.231300354,50359,50369,10
12.8276100159,80.2309417725,50369,50379,10
12.8289403915,80.23021698,50379,50389,10
12.8303604126,80.229637146,50389,50399,10
12.8311004639,80.2293167114,50399,50410,11
12.8311796188,80.2293014526,50410,50420,10
12.8315696716,80.2291793823,50420,50430,10
12.8321895599,80.2290267944,50430,50440,10
12.833029747,80.2288894653,50440,50450,10
12.8340501785,80.2287216187,50450,50460,10
12.8351802826,80.2285308838,50460,50470,10
12.8364200592,80.2283401489,50470,50480,10
12.8377599716,80.2281417847,50480,50490,10
12.8389596939,80.2278594971,50490,50500,10
12.8394603729,80.2277603149,50500,50541,41
12.8394603729,80.2277603149,50541,50551,10
12.8399400711,80.2275619507,50551,50561,10
12.8404998779,80.2274017334,50561,50571,10
12.8412399292,80.2271881104,50571,50581,10
12.8421201706,80.2269821167,50581,50591,10
12.8431596756,80.2267990112,50591,50602,11
12.8444499969,80.2266235352,50602,50612,10
12.8453998566,80.2265472412,50612,50632,20
12.8453998566,80.2265472412,50632,50642,10
12.8455600739,80.2265472412,50642,50652,10
12.8458003998,80.2265396118,50652,50662,10
12.845870018,80.2265777588,50662,50672,10
12.8463001251,80.2265701294,50672,50683,11
12.8470697403,80.2265625,50683,50693,10
12.8479003906,80.2265396118,50693,50703,10
12.848859787,80.2265319824,50703,50713,10
12.8499202728,80.2265167236,50713,50723,10
12.8502502441,80.2265090942,50723,50733,10
12.8505401611,80.2265167236,50733,50743,10
12.851149559,80.2265472412,50743,50753,10
12.8519096375,80.2266311646,50753,50764,11
12.8528699875,80.2266921997,50764,50774,10
12.8540401459,80.2265777588,50774,50784,10
12.8552303314,80.2264404297,50784,50794,10
12.8565397263,80.2262878418,50794,50804,10
12.8579502106,80.2261810303,50804,50814,10
12.8591804504,80.226272583,50814,50824,10
12.8603496552,80.2264404297,50824,50834,10
12.8607797623,80.2264785767,50834,50844,10
12.8607997894,80.2264862061,50844,50854,10
12.861120224,80.2265472412,50854,50865,11
12.8618097305,80.2265167236,50865,50875,10
12.8626203537,80.2264709473,50875,50885,10
12.8635196686,80.2264633179,50885,50895,10
12.8646097183,80.2264862061,50895,50905,10
12.8658704758,80.2265090942,50905,50915,10
12.8672704697,80.2264328003,50915,50925,10
12.8688097,80.2263565063,50925,50935,10
12.8704395294,80.2265472412,50935,50945,10
12.8720598221,80.2266235352,50945,50956,11
12.8728199005,80.2266082764,50956,50966,10
12.8728399277,80.2266235352,50966,50976,10
12.8732004166,80.2266464233,50976,50986,10
12.8738098145,80.2266769409,50986,50996,10
12.8746004105,80.2267684937,50996,51006,10
12.8755102158,80.2268829346,51006,51016,10
12.8764600754,80.226890564,51016,51026,10
12.8767595291,80.2268600464,51026,51036,10
12.8768901825,80.2268676758,51036,51047,11
12.8773803711,80.2268295288,51047,51057,10
12.8781003952,80.2267608643,51057,51067,10
12.8789701462,80.2267074585,51067,51077,10
12.879989624,80.2266693115,51077,51087,10
12.8811597824,80.2266769409,51087,51097,10
12.8824501038,80.2266769409,51097,51107,10
12.8838396072,80.2266693115,51107,51117,10
12.8850402832,80.2266387939,51117,51127,10
12.8852500916,80.2266387939,51127,51138,11
12.8855895996,80.2266998291,51138,51148,10
12.8861999512,80.2268676758,51148,51158,10
12.8869800568,80.2270812988,51158,51168,10
12.8879203796,80.2272186279,51168,51178,10
12.8890104294,80.2273025513,51178,51188,10
12.8902397156,80.2273025513,51188,51198,10
12.8915596008,80.2273101807,51198,51208,10
12.8923597336,80.2273330688,51208,51219,11
12.8930702209,80.227432251,51219,51229,10
12.8938703537,80.2275314331,51229,51239,10
12.8947896957,80.2276000977,51239,51249,10
12.8958597183,80.2276382446,51249,51259,10
12.897069931,80.2276916504,51259,51269,10
12.8984098434,80.2277679443,51269,51279,10
12.9003400803,80.2278213501,51279,51299,20
12.9003400803,80.2278213501,51299,51310,11
12.9004096985,80.2277908325,51310,51320,10
12.9004497528,80.2277984619,51320,51330,10
12.9007501602,80.2278213501,51330,51340,10
12.9012403488,80.2279129028,51340,51350,10
12.9017801285,80.2279586792,51350,51360,10
12.9022798538,80.2279663086,51360,51391,31
12.9022798538,80.2279663086,51391,51401,10
12.902469635,80.2279968262,51401,51411,10
12.9029798508,80.2280273438,51411,51421,10
12.9036998749,80.2280578613,51421,51431,10
12.9045600891,80.2281112671,51431,51441,10
12.9055204391,80.2281036377,51441,51451,10
12.9065198898,80.2281570435,51451,51461,10
12.9068899155,80.2282180786,51461,51471,10
12.906999588,80.2282714844,51471,51481,10
12.9074602127,80.2283325195,51481,51492,11
12.9082603455,80.2284393311,51492,51502,10
12.9091796875,80.2285919189,51502,51512,10
12.9103002548,80.228767395,51512,51522,10
12.9115695953,80.2289505005,51522,51532,10
12.9129104614,80.2291488647,51532,51542,10
12.9139099121,80.2292709351,51542,51552,10
12.9140701294,80.2292861938,51552,51562,10
12.9141197205,80.229309082,51562,51572,10
12.9145002365,80.2293701172,51572,51583,11
12.915189743,80.2294769287,51583,51593,10
12.9160404205,80.229598999,51593,51603,10
12.9170198441,80.2297363281,51603,51613,10
12.9181499481,80.2298965454,51613,51623,10
12.919380188,80.2300491333,51623,51633,10
12.9207296371,80.23021698,51633,51643,10
12.9221601486,80.2304077148,51643,51653,10
12.9236497879,80.2306365967,51653,51664,11
12.9252700806,80.2308425903,51664,51674,10
12.9263896942,80.2309494019,51674,51684,10
12.9265003204,80.2309570313,51684,51694,10
12.9267997742,80.2310028076,51694,51704,10
12.927359581,80.2310562134,51704,51714,10
12.9280796051,80.2311630249,51714,51724,10
12.9288902283,80.2312774658,51724,51734,10
12.9298000336,80.2314682007,51734,51744,10
12.9308004379,80.2317199707,51744,51755,11
12.9319200516,80.2320709229,51755,51765,10
12.9336996078,80.2327575684,51765,51785,20
12.9336996078,80.2327575684,51785,51795,10
12.9340400696,80.2329406738,51795,51805,10
12.9346199036,80.2332000732,51805,51815,10
12.9353303909,80.2335205078,51815,51825,10
12.9359197617,80.2337799072,51825,51835,10
12.9365196228,80.2340621948,51835,51846,11
12.9372901917,80.2344436646,51846,51856,10
12.9381303787,80.2348632813,51856,51866,10
12.9391002655,80.2353286743,51866,51876,10
12.9398097992,80.2356491089,51876,51886,10
12.9399299622,80.2357177734,51886,51896,10
12.940290451,80.2358627319,51896,51906,10
12.9409999847,80.2360687256,51906,51916,10
12.9417800903,80.2362594604,51916,51927,11
12.9426403046,80.2365264893,51927,51937,10
12.9435100555,80.237159729,51937,51947,10
12.9442396164,80.2378997803,51947,51957,10
12.9450702667,80.2388381958,51957,51967,10
12.9462404251,80.2395172119,51967,51977,10
12.947259903,80.2399215698,51977,51987,10
12.9474401474,80.2399978638,51987,51997,10
12.9478302002,80.2401809692,51997,52007,10
12.9487695694,80.2405700684,52007,52028,21
12.9487695694,80.2405700684,52028,52038,10
12.9490003586,80.2406997681,52038,52048,10
12.9495000839,80.2408905029,52048,52058,10
12.9502096176,80.2411117554,52058,52068,10
12.9510002136,80.2413482666,52068,52078,10
12.9514598846,80.2415008545,52078,52088,10
12.9514598846,80.2415008545,52088,52098,10
12.9519796371,80.2416992188,52098,52108,10
12.9526596069,80.2419586182,52108,52119,11
12.9535799026,80.2423171997,52119,52129,10
12.9545097351,80.2426986694,52129,52139,10
12.9553098679,80.243019104,52139,52149,10
12.9563703537,80.2434234619,52149,52169,20
12.9563703537,80.2434234619,52169,52179,10
12.9567899704,80.243598938,52179,52189,10
12.957400322,80.243850708,52189,52199,10
12.9580898285,80.244140625,52199,52210,11
12.9588699341,80.2444534302,52210,52220,10
12.9590301514,80.2444992065,52220,52230,10
12.959280014,80.2446365356,52230,52240,10
12.9597597122,80.2448577881,52240,52250,10
12.9604101181,80.2451400757,52250,52260,10
12.9611701965,80.2454910278,52260,52270,10
12.9620504379,80.2459335327,52270,52280,10
12.9629802704,80.2463912964,52280,52291,11
12.9638004303,80.2468109131,52291,52301,10
12.9645004272,80.2470703125,52301,52311,10
12.9652996063,80.2473526001,52311,52321,10
12.966219902,80.2477035522,52321,52331,10
12.9668798447,80.2479629517,52331,52351,20
12.9668798447,80.2479629517,52351,52361,10
12.9671201706,80.2481002808,52361,52371,10
12.9676198959,80.248298645,52371,52382,11
12.9683904648,80.2486190796,52382,52392,10
12.9692001343,80.2489776611,52392,52402,10
12.970199585,80.2493515015,52402,52412,10
12.9713001251,80.249710083,52412,52422,10
12.9724998474,80.2500305176,52422,52432,10
12.9736795425,80.2503509521,52432,52442,10
12.9748802185,80.2506866455,52442,52452,10
12.9759397507,80.2509994507,52452,52462,10
12.9769897461,80.2513427734,52462,52473,11
12.9780797958,80.2520294189,52473,52483,10
12.9785900116,80.2523574829,52483,52493,10
12.9787101746,80.2524337769,52493,52503,10
12.9791498184,80.2525482178,52503,52513,10
12.9797401428,80.2526168823,52513,52543,30
12.9797401428,80.2526168823,52543,52554,11
12.9801397324,80.2526397705,52554,52564,10
12.9806804657,80.2526397705,52564,52574,10
12.9814195633,80.2526092529,52574,52584,10
12.9822797775,80.2525863647,52584,52594,10
12.9833202362,80.2525024414,52594,52604,10
12.9844102859,80.252243042,52604,52614,10
12.9853696823,80.2519607544,52614,52624,10
12.9861698151,80.2517623901,52624,52634,10
12.9868402481,80.2515792847,52634,52645,11
12.9872703552,80.251449585,52645,52746,101
12.9872703552,80.251449585,52746,52756,10
12.9874601364,80.2513809204,52756,52766,10
12.9878196716,80.2513122559,52766,52776,10
12.9883499146,80.2511825562,52776,52786,10
12.9894504547,80.250869751,52786,52806,20
12.9894504547,80.250869751,52806,52816,10
12.9896602631,80.2508163452,52816,52826,10
12.9900398254,80.2507629395,52826,52837,11
12.9907197952,80.2505874634,52837,52847,10
12.9914703369,80.2503967285,52847,52857,10
12.9923000336,80.2501907349,52857,52867,10
12.993229866,80.249961853,52867,52877,10
12.9942598343,80.2497024536,52877,52887,10
12.9953699112,80.2494277954,52887,52897,10
12.9964399338,80.2491607666,52897,52907,10
12.9967098236,80.2490768433,52907,52918,11
12.9969501495,80.2490386963,52918,52928,10
12.9974298477,80.2489395142,52928,52938,10
12.9980897903,80.2487564087,52938,52948,10
12.9989004135,80.248550415,52948,52958,10
12.9998102188,80.2483291626,52958,52968,10
13.0008096695,80.2480773926,52968,52978,10
13.0017795563,80.2478485107,52978,52988,10
13.0024003983,80.2476882935,52988,52998,10
13.0031003952,80.247543335,52998,53009,11
13.0039701462,80.2473983765,53009,53019,10
13.0048999786,80.2472763062,53019,53029,10
13.0062303543,80.2468566895,53029,53059,30
13.0062303543,80.2468566895,53059,53069,10
13.006480217,80.2465286255,53069,53079,10
13.0065898895,80.2459030151,53079,53090,11
13.0066099167,80.2450637817,53090,53100,10
13.0066099167,80.2442016602,53100,53110,10
13.0065898895,80.2432632446,53110,53120,10
13.0066204071,80.2422790527,53120,53130,10
13.0066299438,80.2413787842,53130,53140,10
13.0067300797,80.2406387329,53140,53150,10
13.0068397522,80.2400588989,53150,53160,10
13.0069799423,80.2393493652,53160,53170,10
13.0071897507,80.2381668091,53170,53180,10
13.0073604584,80.2371902466,53180,53191,11
13.0074300766,80.2365875244,53191,53201,10
13.0074396133,80.2365493774,53201,53211,10
13.0075397491,80.2362365723,53211,53221,10
13.0076503754,80.235710144,53221,53231,10
13.0077896118,80.2350463867,53231,53241,10
13.0079202652,80.2342987061,53241,53251,10
13.0080604553,80.2336196899,53251,53261,10
13.0082998276,80.2323303223,53261,53272,11
13.0085601807,80.2310714722,53272,53282,10
13.0087995529,80.2298202515,53282,53292,10
13.0090398788,80.2286376953,53292,53302,10
13.0094299316,80.2275314331,53302,53312,10
13.0099401474,80.2264633179,53312,53322,10
13.0103797913,80.2255477905,53322,53332,10
13.0108203888,80.2247085571,53332,53342,10
13.0112600327,80.2234725952,53342,53363,21
13.0112600327,80.2234725952,53363,53373,10
13.011300087,80.2231826782,53373,53383,10
13.0115003586,80.2228622437,53383,53393,10
13.0117397308,80.2222518921,53393,53403,10
13.0121297836,80.2214584351,53403,53413,10
13.0124197006,80.2217102051,53413,53423,10
13.0127801895,80.2222137451,53423,53433,10
13.0133304596,80.2227630615,53433,53443,10
13.0138902664,80.2234420776,53443,53454,11
13.0144996643,80.2241134644,53454,53464,10
13.0151395798,80.2248535156,53464,53474,10
13.0156698227,80.225151062,53474,53484,10
13.0156803131,80.2251586914,53484,53494,10
13.01583004,80.225227356,53494,53504,10
13.0162496567,80.2253265381,53504,53514,10
13.0169296265,80.2251205444,53514,53524,10
13.0177698135,80.2248001099,53524,53535,11
13.0188102722,80.2244033813,53535,53545,10
13.0194396973,80.2244033813,53545,53555,10
13.0195798874,80.2244796753,53555,53565,10
13.0198001862,80.2246322632,53565,53575,10
13.02023983,80.2249526978,53575,53615,40
13.02023983,80.2249526978,53615,53625,10
13.0203800201,80.2250671387,53625,53636,11
13.0206699371,80.2252883911,53636,53646,10
13.0211400986,80.2256393433,53646,53656,10
13.0218000412,80.2260971069,53656,53666,10
13.0225496292,80.2266998291,53666,53676,10
13.0233201981,80.2274017334,53676,53686,10
13.0241203308,80.2281265259,53686,53696,10
13.0244102478,80.2285003662,53696,53706,10
13.0242004395,80.228553772,53706,53716,10
13.023900032,80.2281265259,53716,53727,11
13.0234899521,80.227722168,53727,53737,10
13.0233402252,80.2275695801,53737,54212,475
13.0233402252,80.2275695801,54212,54222,10
13.0230998993,80.2272872925,54222,54404,182
13.0230998993,80.2272872925,54404,54414,10
13.0229196548,80.2270507813,54414,54425,11
13.0225801468,80.2267074585,54425,54435,10
13.0221204758,80.2263031006,54435,54445,10
13.0215997696,80.2258987427,54445,54455,10
13.0212001801,80.2255783081,54455,54465,10
13.0207595825,80.2252578735,54465,54475,10
13.0205202103,80.225112915,54475,54485,10
13.0201396942,80.2248764038,54485,54495,10
13.0201101303,80.224861145,54495,54505,10
13.0200395584,80.2248306274,54505,54516,11
13.0199699402,80.2247924805,54516,54526,10
13.019659996,80.224571228,54526,54536,10
13.0190000534,80.2244186401,54536,54546,10
13.0181598663,80.2247009277,54546,54556,10
13.0172100067,80.2250595093,54556,54566,10
13.0164699554,80.2253570557,54566,54576,10
13.0158596039,80.2256011963,54576,54586,10
13.0151195526,80.2258605957,54586,54596,10
13.014749527,80.226020813,54596,54607,11
13.0144701004,80.2261581421,54607,54617,10
13.0143699646,80.2261962891,54617,54627,10
13.0139503479,80.226348877,54627,54637,10
13.0133495331,80.2265930176,54637,54647,10
13.0125999451,80.2268676758,54647,54657,10
13.0116901398,80.2272109985,54657,54667,10
13.0106697083,80.2276229858,54667,54677,10
13.0096101761,80.2280426025,54677,54688,11
13.0090398788,80.2288970947,54688,54698,10
13.008769989,80.2301864624,54698,54708,10
13.0085201263,80.2314224243,54708,54718,10
13.0083198547,80.2326889038,54718,54728,10
13.0081796646,80.233581543,54728,54738,10
13.0081501007,80.2336578369,54738,54748,10
13.0080404282,80.2340774536,54748,54758,10
13.0079202652,80.234588623,54758,54768,10
13.0077295303,80.2354736328,54768,54779,11
13.0074796677,80.2367019653,54779,54789,10
13.0072603226,80.2378311157,54789,54799,10
13.0071001053,80.2388534546,54799,54809,10
13.0069103241,80.2398071289,54809,54819,10
13.0068798065,80.2400588989,54819,54829,10
13.0068101883,80.2404327393,54829,54839,10
13.0066795349,80.2409591675,54839,54849,10
13.0066604614,80.2417526245,54849,54859,10
13.0066795349,80.2427062988,54859,54869,10
13.0066900253,80.2437820435,54869,54880,11
13.0066003799,80.2452163696,54880,54890,10
13.0066604614,80.2464523315,54890,54900,10
13.0064897537,80.2473526001,54900,54910,10
13.0061502457,80.2473602295,54910,54920,10
13.0058803558,80.2473297119,54920,54930,10
13.0052700043,80.2473220825,54930,54940,10
13.0044698715,80.2473602295,54940,54950,10
13.0034999847,80.2474899292,54950,54961,11
13.0022602081,80.2476882935,54961,54971,10
13.0010299683,80.2480010986,54971,54981,10
12.9996900558,80.2483291626,54981,54991,10
12.998339653,80.2487030029,54991,55001,10
12.9979400635,80.2488327026,55001,55011,10
12.9976100922,80.248916626,55011,55021,10
12.9969596863,80.2490768433,55021,55031,10
12.9961204529,80.2492828369,55031,55041,10
12.9951095581,80.2495117188,55041,55052,11
12.9939804077,80.2498092651,55052,55062,10
12.9925699234,80.2501602173,55062,55072,10
12.9912500381,80.2505111694,55072,55082,10
12.9898996353,80.2508468628,55082,55092,10
12.9885396957,80.2511901855,55092,55102,10
12.9878196716,80.2513809204,55102,55213,111
12.9878196716,80.2513809204,55213,55224,11
12.9875602722,80.251449585,55224,55234,10
12.9869604111,80.2516174316,55234,55244,10
12.9861402512,80.2518234253,55244,55254,10
12.9851198196,80.2520828247,55254,55264,10
12.9839601517,80.2523803711,55264,55274,10
12.9827203751,80.2526016235,55274,55284,10
12.9813604355,80.2526473999,55284,55294,10
12.9800100327,80.2527236938,55294,55304,10
12.9788599014,80.2526168823,55304,55314,10
12.9787197113,80.252571106,55314,55325,11
12.9783000946,80.2523574829,55325,55335,10
12.9777498245,80.2518768311,55335,55345,10
12.9770002365,80.2513504028,55345,55355,10
12.9759302139,80.2509994507,55355,55365,10
12.974729538,80.2506637573,55365,55375,10
12.9734201431,80.250289917,55375,55385,10
12.9719800949,80.2499237061,55385,55395,10
12.970459938,80.2494888306,55395,55405,10
12.9689598083,80.2489089966,55405,55416,11
12.9672403336,80.2482070923,55416,55426,10
12.9659204483,80.2475891113,55426,55436,10
12.965089798,80.2472763062,55436,55446,10
12.9646997452,80.2472076416,55446,55456,10
12.9645299911,80.2471389771,55456,55466,10
12.964050293,80.2469329834,55466,55476,10
12.9635000229,80.2466964722,55476,55486,10
12.962770462,80.2463302612,55486,55496,10
12.9618701935,80.245880127,55496,55507,11
12.9607200623,80.2453231812,55507,55517,10
12.9596300125,80.2448120117,55517,55527,10
12.9584798813,80.2442932129,55527,55537,10
12.9576702118,80.2439575195,55537,55547,10
12.9563798904,80.2435379028,55547,55567,20
12.9563798904,80.2435379028,55567,55577,10
12.9559202194,80.2433624268,55577,55588,11
12.9552202225,80.243019104,55588,55598,10
12.9544296265,80.2426605225,55598,55608,10
12.9534797668,80.2422485352,55608,55618,10
12.9523801804,80.2418212891,55618,55628,10
12.9518003464,80.2416534424,55628,55638,10
12.9515399933,80.2415618896,55638,55648,10
12.9509401321,80.2413330078,55648,55658,10
12.9501895905,80.2410812378,55658,55668,10
12.9493999481,80.2408370972,55668,55678,10
12.9491195679,80.240737915,55678,55689,11
12.9491195679,80.240737915,55689,55699,10
12.9487695694,80.2406082153,55699,55709,10
12.9481697083,80.2403564453,55709,55719,10
12.9473600388,80.240020752,55719,55729,10
12.946390152,80.2396316528,55729,55739,10
12.9453001022,80.239112854,55739,55751,12
12.9442796707,80.2380828857,55751,55762,11
12.9431600571,80.236869812,55762,55772,10
12.941860199,80.2362518311,55772,55782,10
12.9404401779,80.2359085083,55782,55792,10
12.9396896362,80.2357025146,55792,55802,10
12.939499855,80.2356109619,55802,55812,10
12.9390001297,80.2353515625,55812,55822,10
12.9383201599,80.234992981,55822,55832,10
12.9374904633,80.234588623,55832,55842,10
12.9365196228,80.23412323,55842,55853,11
12.9354295731,80.2336120605,55853,55863,10
12.9341402054,80.233039856,55863,55873,10
12.9336996078,80.2328262329,55873,55883,10
12.933549881,80.2327575684,55883,55893,10
12.9330396652,80.2325286865,55893,55903,10
12.9322900772,80.2322387695,55903,55913,10
12.9313697815,80.2319412231,55913,55923,10
12.9302597046,80.2315979004,55923,55933,10
12.9289598465,80.2313079834,55933,55943,10
12.9275197983,80.2310791016,55943,55954,11
12.9260396957,80.2309036255,55954,55964,10
12.9246702194,80.2307434082,55964,55974,10
12.9232797623,80.2305603027,55974,55984,10
12.9220695496,80.2303771973,55984,55994,10
12.920999527,80.2302322388,55994,56004,10
12.9198598862,80.2301101685,56004,56014,10
12.9186296463,80.2299575806,56014,56024,10
12.9174499512,80.2297973633,56024,56035,11
12.9164400101,80.2296600342,56035,56045,10
12.9151697159,80.2294769287,56045,56055,10
12.9139699936,80.229309082,56055,56065,10
12.9128103256,80.2291564941,56065,56075,10
12.9117603302,80.2289962769,56075,56085,10
12.9105501175,80.2288208008,56085,56095,10
12.9092102051,80.2286300659,56095,56105,10
12.9078197479,80.2283782959,56105,56115,10
12.9071397781,80.2282791138,56115,56126,11
12.9070901871,80.2282791138,56126,56136,10
12.9067802429,80.2282409668,56136,56146,10
12.9062299728,80.2282028198,56146,56156,10
12.9054498672,80.2281417847,56156,56166,10
12.9044599533,80.2280883789,56166,56176,10
12.9033203125,80.2280578613,56176,56186,10
12.9020395279,80.2279586792,56186,56196,10
12.9009103775,80.2279129028,56196,56206,10
12.9000196457,80.2278594971,56206,56217,11
12.8996200562,80.2278518677,56217,56227,10
12.899479866,80.2278213501,56227,56237,10
12.8990097046,80.2277832031,56237,56247,10
12.8983201981,80.2277526855,56247,56257,10
12.8974704742,80.2276992798,56257,56267,10
12.8964500427,80.2276611328,56267,56277,10
12.8952598572,80.2276229858,56277,56287,10
12.8940000534,80.2275390625,56287,56298,11
12.8925800323,80.2273635864,56298,56348,50
12.8925800323,80.2273635864,56348,56358,10
12.8923902512,80.2273406982,56358,56368,10
12.8919095993,80.2273330688,56368,56378,10
12.8911399841,80.2273178101,56378,56389,11
12.8901996613,80.2273101807,56389,56399,10
12.8889398575,80.2273178101,56399,56409,10
12.8876399994,80.2272491455,56409,56419,10
12.8862895966,80.2269821167,56419,56429,10
12.8851804733,80.2267227173,56429,56439,10
12.884759903,80.2266998291,56439,56449,10
12.8846998215,80.2266998291,56449,56459,10
12.8844995499,80.2266998291,56459,56469,10
12.8839502335,80.2266998291,56469,56480,11
12.8830404282,80.2267227173,56480,56490,10
12.8820199966,80.2267227173,56490,56500,10
12.8808403015,80.2267303467,56500,56510,10
12.8795003891,80.2267532349,56510,56520,10
12.8780403137,80.2268218994,56520,56530,10
12.8762702942,80.2269821167,56530,56550,20
12.8762702942,80.2269821167,56550,56560,10
12.8760795593,80.2269973755,56560,56571,11
12.8754501343,80.2269821167,56571,56581,10
12.8746299744,80.226852417,56581,56591,10
12.8736000061,80.2267303467,56591,56601,10
12.8726701736,80.2267227173,56601,56611,10
12.8725795746,80.2267227173,56611,56621,10
12.8721704483,80.2267074585,56621,56631,10
12.8714599609,80.2266693115,56631,56641,10
12.8705797195,80.2266082764,56641,56651,10
12.869509697,80.2265014648,56651,56662,11
12.8681402206,80.2263793945,56662,56672,10
12.8667497635,80.2265014648,56672,56682,10
12.8653097153,80.2265930176,56682,56692,10
12.8637800217,80.2265319824,56692,56702,10
12.8623399734,80.2265396118,56702,56712,10
12.8609104156,80.2265777588,56712,56722,10
12.8595199585,80.2264099121,56722,56732,10
12.8584604263,80.2262802124,56732,56742,10
12.8573999405,80.2262802124,56742,56753,11
12.8560600281,80.2264099121,56753,56763,10
12.8546895981,80.2265625,56763,56773,10
12.8531999588,80.2266998291,56773,56783,10
12.8516998291,80.2266387939,56783,56793,10
12.8504295349,80.2265701294,56793,56803,10
12.8491601944,80.2265777588,56803,56813,10
12.8477497101,80.2265777588,56813,56823,10
12.8463697433,80.226600647,56823,56834,11
12.845580101,80.2265777588,56834,56844,10
12.8454704285,80.2265701294,56844,56854,10
12.8450698853,80.2265777588,56854,56864,10
12.8443899155,80.2266387939,56864,56874,10
12.8435096741,80.2267303467,56874,56884,10
12.8424501419,80.2269515991,56884,56894,10
12.8412504196,80.2272567749,56894,56904,10
12.8399801254,80.2276229858,56904,56985,81
12.8399801254,80.2276229858,56985,56995,10
12.8396902084,80.2276763916,56995,57005,10
12.8393802643,80.2277832031,57005,57016,11
12.8387203217,80.2279663086,57016,57026,10
12.8379001617,80.2281570435,57026,57036,10
12.8368701935,80.2283401489,57036,57046,10
12.8356704712,80.2285232544,57046,57056,10
12.8343496323,80.2287063599,57056,57066,10
12.8330202103,80.2289505005,57066,57076,10
12.832159996,80.2291564941,57076,57086,10
12.8319501877,80.2292098999,57086,57096,10
12.8314304352,80.2293319702,57096,57107,11
12.8305997849,80.2296066284,57107,57117,10
12.8296003342,80.2299728394,57117,57127,10
12.8284902573,80.2304611206,57127,57137,10
12.827340126,80.2310714722,57137,57147,10
12.8261995316,80.2313537598,57147,57157,10
12.8251199722,80.2313995361,57157,57167,10
12.8239297867,80.2311935425,57167,57177,10
12.8227100372,80.2308197021,57177,57187,10
12.8214702606,80.2305221558,57187,57197,10
12.8202695847,80.2304763794,57197,57208,11
12.8189296722,80.23046875,57208,57218,10
12.8177700043,80.2299575806,57218,57228,10
12.8165798187,80.2295303345,57228,57238,10
12.8152198792,80.229309082,57238,57248,10
12.8138504028,80.229057312,57248,57258,10
12.8125295639,80.2286300659,57258,57268,10
12.811249733,80.2281570435,57268,57278,10
12.8101196289,80.2276992798,57278,57289,11
12.8090295792,80.2271194458,57289,57299,10
12.8081903458,80.2264709473,57299,57309,10
12.8074502945,80.2258300781,57309,57319,10
12.8067998886,80.225227356,57319,57329,10
12.806139946,80.2246398926,57329,57339,10
12.805100441,80.2240219116,57339,57359,20
12.805100441,80.2240219116,57359,57369,10
12.8050203323,80.2240066528,57369,57380,11
12.8045797348,80.2239303589,57380,57390,10
12.8039102554,80.2238693237,57390,57400,10
12.8030395508,80.2238006592,57400,57410,10
12.8019695282,80.2236633301,57410,57420,10
12.8007698059,80.2235412598,57420,57430,10
12.7994699478,80.2234420776,57430,57440,10
12.7980203629,80.2232971191,57440,57450,10
12.7966499329,80.2230834961,57450,57461,11
12.7953996658,80.2228622437,57461,57471,10
12.7939395905,80.2226104736,57471,57481,10
12.7925701141,80.2223968506,57481,57491,10
12.7913599014,80.2221221924,57491,57501,10
12.7902002335,80.2218322754,57501,57511,10
12.7893104553,80.2215423584,57511,57521,10
12.7884197235,80.2211914063,57521,57531,10
12.7876396179,80.2208786011,57531,57541,10
12.7870101929,80.2206420898,57541,57552,11
12.7864904404,80.2204437256,57552,57562,10
12.7861299515,80.2204208374,57562,57572,10
12.7861404419,80.2204971313,57572,57582,10
12.7861404419,80.2206420898,57582,57592,10
12.7861795425,80.220993042,57592,57602,10
12.7862195969,80.2215118408,57602,57612,10
12.7862100601,80.2219161987,57612,58270,658
12.7861204147,80.2219009399,58270,58806,536
12.7861204147,80.2219009399,58806,58816,10
12.7861700058,80.2217178345,58816,58826,10
12.7861700058,80.2215423584,58826,58836,10
12.7861604691,80.2213516235,58836,58846,10
12.7861795425,80.2211914063,58846,58856,10
12.7861795425,80.2210006714,58856,58866,10
12.7861795425,80.220916748,58866,58877,11
12.7861700058,80.2206802368,58877,58887,10
12.7861604691,80.2204437256,58887,58907,20
12.7861604691,80.2204437256,58907,58917,10
12.7864999771,80.2204208374,58917,59049,132
12.7864999771,80.2204208374,59049,59059,10
12.7868099213,80.2206192017,59059,59069,10
12.7869701385,80.2206573486,59069,59079,10
12.7871398926,80.220703125,59079,59089,10
12.7875404358,80.2208480835,59089,59099,10
12.7880601883,80.2210464478,59099,59109,10
12.788649559,80.2213134766,59109,59119,10
12.7893400192,80.2215499878,59119,59129,10
12.7896099091,80.2216491699,59129,59140,11
12.7898702621,80.2217025757,59140,59150,10
12.7904195786,80.2218475342,59150,59160,10
12.7911396027,80.222038269,59160,59170,10
12.7920103073,80.2222671509,59170,59180,10
12.7929496765,80.2224197388,59180,59190,10
12.7939500809,80.2225799561,59190,59200,10
12.7950000763,80.2227478027,59200,59210,10
12.7958602905,80.2228775024,59210,59220,10
12.7962398529,80.2229309082,59220,59230,10
12.7962398529,80.2229385376,59230,59241,11
12.7964096069,80.2229766846,59241,59251,10
12.7968997955,80.2230911255,59251,59261,10
12.7975797653,80.2232208252,59261,59271,10
12.7983503342,80.2232971191,59271,59281,10
12.7991504669,80.2233886719,59281,59291,10
12.8000602722,80.2234802246,59291,59301,10
12.8011198044,80.2235565186,59301,59311,10
12.8015699387,80.2236175537,59311,59322,11
12.8017997742,80.2236480713,59322,59332,10
12.8023796082,80.2237091064,59332,59342,10
12.803150177,80.2238006592,59342,59354,12
12.8040599823,80.2238769531,59354,59364,10
12.8047895432,80.2239837646,59364,59374,10
12.8055496216,80.2241821289,59374,59394,20
12.8055496216,80.2241821289,59394,59404,10
12.8056497574,80.2242202759,59404,59415,11
12.8061504364,80.2246398926,59415,59425,10
12.8067798615,80.225227356,59425,59435,10
12.8075504303,80.2259063721,59435,59445,10
12.8084402084,80.2266616821,59445,59455,10
12.8094701767,80.227432251,59455,59465,10
12.8107204437,80.2279815674,59465,59475,10
12.8121004105,80.2284927368,59475,59485,10
12.8135700226,80.2289810181,59485,59496,11
12.8152799606,80.2293395996,59496,59506,10
12.8168001175,80.2295608521,59506,59516,10
12.8182201385,80.230140686,59516,59526,10
12.8193902969,80.2304992676,59526,59536,10
12.8198204041,80.23046875,59536,59546,10
12.820110321,80.2304611206,59546,59556,10
12.8207702637,80.2304534912,59556,59566,10
12.8216104507,80.2304992676,59566,59576,10
12.8226003647,80.2307281494,59576,59587,11
12.8239002228,80.2311019897,59587,59597,10
12.8251600266,80.2313613892,59597,59607,10
12.8261299133,80.2313232422,59607,59617,10
12.8262395859,80.2313079834,59617,59627,10
12.8266601563,80.231262207,59627,59637,10
12.8273200989,80.2310562134,59637,59647,10
12.8281202316,80.2306213379,59647,59657,10
12.8291101456,80.230140686,59657,59667,10
12.8302602768,80.2296829224,59667,59678,11
12.8311500549,80.2293167114,59678,59688,10
12.831199646,80.2293167114,59688,59698,10
12.8315401077,80.2292098999,59698,59708,10
12.8319997787,80.2291030884,59708,59718,10
12.8326301575,80.2289810181,59718,59728,10
12.8334598541,80.2288589478,59728,59738,10
12.8344497681,80.2286834717,59738,59748,10
12.835650444,80.2284927368,59748,59758,10
12.8369903564,80.228302002,59758,59769,11
12.8384895325,80.228012085,59769,59779,10
12.8394603729,80.2277069092,59779,59839,60
12.8394603729,80.2277069092,59839,59849,10
12.8398303986,80.2276000977,59849,59860,11
12.8405399323,80.2274169922,59860,59870,10
12.8412799835,80.2272415161,59870,59880,10
12.8421802521,80.2270126343,59880,59890,10
12.8431997299,80.2268981934,59890,59900,10
12.8444004059,80.2266769409,59900,59910,10
12.8453397751,80.2265930176,59910,59920,10
12.8453798294,80.226600647,59920,59930,10
12.8454399109,80.2266235352,59930,59940,10
12.8458404541,80.2266235352,59940,59951,11
12.846619606,80.2266082764,59951,59961,10
12.8475103378,80.2266235352,59961,59971,10
12.8485603333,80.2266235352,59971,59981,10
12.850279808,80.2265777588,59981,60001,20
12.850279808,80.2265777588,60001,60011,10
12.8506698608,80.2265930176,60011,60021,10
12.8512201309,80.2266082764,60021,60031,10
12.8519001007,80.2266693115,60031,60042,11
12.8528499603,80.2266998291,60042,60052,10
12.8539304733,80.2266387939,60052,60062,10
12.8551597595,80.2265319824,60062,60072,10
12.8565101624,80.2263717651,60072,60082,10
12.8578996658,80.2262420654,60082,60092,10
12.8592596054,80.2263412476,60092,60102,10
12.8609600067,80.2265701294,60102,60123,21
12.8609600067,80.2265701294,60123,60133,10
12.8614397049,80.2265472412,60133,60143,10
12.8621501923,80.2265167236,60143,60153,10
12.8629703522,80.2264785767,60153,60163,10
12.8639698029,80.2265090942,60163,60173,10
12.8652000427,80.2265472412,60173,60183,10
12.8666000366,80.2265014648,60183,60193,10
12.8681097031,80.2263565063,60193,60203,10
12.8696603775,80.2264785767,60203,60214,11
12.8712701797,80.2266311646,60214,60224,10
12.8724803925,80.2266387939,60224,60234,10
12.8727502823,80.2266387939,60234,60244,10
12.8729000092,80.2266311646,60244,60254,10
12.8733301163,80.2266616821,60254,60264,10
12.8739900589,80.2267227173,60264,60274,10
12.8747901917,80.2268218994,60274,60284,10
12.8757600784,80.2268981934,60284,60294,10
12.8765497208,80.2268829346,60294,60305,11
12.8767795563,80.2268676758,60305,60315,10
12.8771095276,80.2268600464,60315,60325,10
12.8777503967,80.2268066406,60325,60335,10
12.8785896301,80.2267379761,60335,60345,10
12.8795795441,80.2266998291,60345,60355,10
12.8807401657,80.2266769409,60355,60365,10
12.8820800781,80.2266693115,60365,60375,10
12.8834896088,80.2266693115,60375,60385,10
12.8847503662,80.2266464233,60385,60396,11
12.88601017,80.2268600464,60396,60406,10
12.8872699738,80.227180481,60406,60416,10
12.8886499405,80.2273483276,60416,60426,10
12.890080452,80.2273635864,60426,60436,10
12.8914003372,80.2273330688,60436,60446,10
12.8922395706,80.2273101807,60446,60456,10
12.8922796249,80.2273101807,60456,60466,10
12.8923101425,80.2273025513,60466,60476,10
12.8926801682,80.2273483276,60476,60487,11
12.8933401108,80.2274398804,60487,60497,10
12.8941202164,80.2275619507,60497,60507,10
12.8950300217,80.2276382446,60507,60517,10
12.8960504532,80.2276611328,60517,60527,10
12.8971796036,80.2276992798,60527,60537,10
12.8983097076,80.2277679443,60537,60547,10
12.8994598389,80.2278518677,60547,60557,10
12.9002304077,80.2278671265,60557,60567,10
12.9006204605,80.2278518677,60567,60578,11
12.9008197784,80.2278823853,60578,60588,10
12.9012403488,80.2279891968,60588,60598,10
12.9018497467,80.228012085,60598,60608,10
12.9025602341,80.2280197144,60608,60618,10
12.9031400681,80.2279968262,60618,60648,30
12.9031400681,80.2279968262,60648,60659,11
12.9033699036,80.2280197144,60659,60669,10
12.9038801193,80.2281036377,60669,60679,10
12.9046297073,80.2281417847,60679,60689,10
12.9055404663,80.2281799316,60689,60699,10
12.9065303802,80.2282409668,60699,60709,10
12.9068899155,80.2282485962,60709,60719,10
12.9070901871,80.2282791138,60719,60729,10
12.9076404572,80.2283630371,60729,60739,10
12.9083900452,80.2284927368,60739,60750,11
12.9094495773,80.2286605835,60750,60760,10
12.9106397629,80.2288513184,60760,60770,10
12.9119701385,80.2290496826,60770,60780,10
12.9131603241,80.2292175293,60780,60790,10
12.9139499664,80.229309082,60790,60800,10
12.9140300751,80.2293167114,60800,60810,10
12.9141597748,80.2293624878,60810,60820,10
12.9146203995,80.2294387817,60820,60830,10
12.9152803421,80.2295379639,60830,60841,11
12.916270256,80.2296905518,60841,60851,10
12.9172697067,80.2298278809,60851,60861,10
12.918390274,80.2299880981,60861,60871,10
12.9196500778,80.2301483154,60871,60881,10
12.9210195541,80.2303085327,60881,60891,10
12.9224796295,80.2305221558,60891,60901,10
12.9239597321,80.2306976318,60901,60911,10
12.9254398346,80.2308731079,60911,60921,10
12.9261798859,80.2309417725,60921,60932,11
12.9264097214,80.2309570313,60932,60942,10
12.9269599915,80.2310333252,60942,60952,10
12.9276800156,80.2311325073,60952,60962,10
12.9285402298,80.2312469482,60962,60972,10
12.9294996262,80.2314300537,60972,60982,10
12.9305801392,80.2316970825,60982,60992,10
12.9317398071,80.2320709229,60992,61002,10
12.9329395294,80.2324829102,61002,61012,10
12.9337396622,80.2328109741,61012,61023,11
12.9338302612,80.2328262329,61023,61033,10
12.9339504242,80.2328872681,61033,61043,10
12.9344301224,80.2331314087,61043,61053,10
12.9350996017,80.2334671021,61053,61063,10
12.9358701706,80.2338409424,61063,61073,10
12.9367599487,80.2342529297,61073,61083,10
12.937789917,80.2347412109,61083,61093,10
12.9389400482,80.2352981567,61093,61103,10
12.9396896362,80.2356491089,61103,61114,11
12.9398403168,80.235710144,61114,61124,10
12.9403400421,80.2359008789,61124,61134,10
12.9410400391,80.236076355,61134,61144,10
12.9418697357,80.2362823486,61144,61154,10
12.9427900314,80.2366027832,61154,61164,10
12.9436197281,80.2372894287,61164,61174,10
12.9444303513,80.2381820679,61174,61184,10
12.9453697205,80.2391433716,61184,61195,11
12.9467697144,80.2397918701,61195,61205,10
12.9473800659,80.2400436401,61205,61215,10
12.9475698471,80.2401275635,61215,61225,10
12.9480695724,80.2403488159,61225,61235,10
12.9488096237,80.2406768799,61235,61265,30
12.9488096237,80.2406768799,61265,61275,10
12.9488401413,80.2406387329,61275,61286,11
12.9492797852,80.2408370972,61286,61296,10
12.9499197006,80.2410583496,61296,61306,10
12.9506998062,80.2412719727,61306,61316,10
12.9510602951,80.2413787842,61316,61326,10
12.951210022,80.2414398193,61326,61336,10
12.9514303207,80.2415084839,61336,61346,10
12.9518003464,80.2416534424,61346,61356,10
12.9523696899,80.241897583,61356,61366,10
12.9531097412,80.2421798706,61366,61377,11
12.9540195465,80.2425003052,61377,61387,10
12.954870224,80.2428512573,61387,61397,10
12.955619812,80.2431030273,61397,61407,10
12.9563398361,80.2433776855,61407,61457,50
12.9563398361,80.2433776855,61457,61468,11
12.9566698074,80.2434768677,61468,61478,10
12.957159996,80.2437133789,61478,61488,10
12.9578399658,80.2440185547,61488,61498,10
12.9586200714,80.2443618774,61498,61508,10
12.9589500427,80.2444763184,61508,61518,10
12.9591398239,80.2445907593,61518,61528,10
12.9595804214,80.2447967529,61528,61538,10
12.9602098465,80.2451019287,61538,61548,10
12.9609899521,80.2454528809,61548,61559,11
12.9619998932,80.2459411621,61559,61569,10
12.9633398056,80.2466125488,61569,61629,60
12.9633398056,80.2466125488,61629,61639,10
12.9636898041,80.2468185425,61639,61650,11
12.9643096924,80.2470626831,61650,61660,10
12.9650001526,80.2472915649,61660,61670,10
12.9658498764,80.2475509644,61670,61680,10
12.9666500092,80.2478637695,61680,61690,10
12.9667196274,80.2479019165,61690,61700,10
12.9668903351,80.248046875,61700,61710,10
12.9672603607,80.2482528687,61710,61720,10
12.9679203033,80.2485275269,61720,61730,10
12.9687204361,80.2488479614,61730,61741,11
12.9697399139,80.2492599487,61741,61751,10
12.9708299637,80.249671936,61751,61761,10
12.9720802307,80.2499923706,61761,61771,10
12.9734201431,80.2503433228,61771,61781,10
12.974820137,80.2507171631,61781,61791,10
12.9762296677,80.2511291504,61791,61801,10
12.9774198532,80.2515563965,61801,61811,10
12.9783201218,80.2522277832,61811,61822,11
12.9786300659,80.2524108887,61822,61832,10
12.9787101746,80.2524490356,61832,61842,10
12.9791402817,80.2526016235,61842,61852,10
12.9798002243,80.2526779175,61852,61862,10
12.9799098969,80.2526931763,61862,61872,10
12.9799804688,80.252746582,61872,61882,10
12.9803304672,80.252746582,61882,61892,10
12.9809503555,80.2527236938,61892,61902,10
12.9817304611,80.2526779175,61902,61913,11
12.9828195572,80.2526321411,61913,61923,10
12.984000206,80.2524414063,61923,61933,10
12.9852199554,80.2520980835,61933,61943,10
12.9861803055,80.2518310547,61943,61953,10
12.9866695404,80.2516937256,61953,62004,51
12.9866695404,80.2516937256,62004,62014,10
12.9870996475,80.2515182495,62014,62024,10
12.9875802994,80.251373291,62024,62034,10
12.9882202148,80.2512512207,62034,62044,10
12.9890604019,80.2510299683,62044,62054,10
12.989569664,80.2508621216,62054,62064,10
12.9896497726,80.2509002686,62064,62074,10
12.9901199341,80.2508010864,62074,62084,10
12.99077034,80.2506484985,62084,62095,11
12.9916496277,80.2504196167,62095,62105,10
12.9926099777,80.2501831055,62105,62115,10
12.9937496185,80.2498779297,62115,62125,10
12.9950199127,80.2495269775,62125,62135,10
12.996339798,80.249168396,62135,62145,10
12.9967899323,80.2490310669,62145,62155,10
12.9969501495,80.2490234375,62155,62165,10
12.997420311,80.248916626,62165,62175,10
12.9981603622,80.2487411499,62175,62186,11
12.9989995956,80.2485275269,62186,62196,10
12.9999704361,80.2482223511,62196,62206,10
13.0011396408,80.2479629517,62206,62216,10
13.0022802353,80.2476882935,62216,62226,10
13.003370285,80.2474899292,62226,62236,10
13.0045604706,80.2473220825,62236,62246,10
13.0057601929,80.2471313477,62246,62256,10
13.0064897537,80.2465362549,62256,62267,11
13.0065402985,80.246421814,62267,62277,10
13.0065402985,80.2463378906,62277,62287,10
13.0065803528,80.2459793091,62287,62297,10
13.0066299438,80.2453384399,62297,62307,10
13.0066299438,80.2445602417,62307,62317,10
13.006649971,80.2436599731,62317,62327,10
13.0066404343,80.2426376343,62327,62337,10
13.0066299438,80.2414627075,62337,62347,10
13.0067195892,80.2406616211,62347,62358,11
13.006939888,80.2395477295,62358,62368,10
13.0071001053,80.2384033203,62368,62378,10
13.0073404312,80.2373809814,62378,62388,10
13.0073900223,80.2370223999,62388,62398,10
13.0074501038,80.236869812,62398,62408,10
13.0075397491,80.2364120483,62408,62418,10
13.0076503754,80.235786438,62418,62428,10
13.0078001022,80.2350387573,62428,62438,10
13.0079603195,80.2341918945,62438,62449,11
13.0082397461,80.2329101563,62449,62459,10
13.0085096359,80.231552124,62459,62469,10
13.0087795258,80.2300872803,62469,62479,10
13.0090703964,80.2286834717,62479,62489,10
13.009519577,80.2274017334,62489,62499,10
13.0101299286,80.2261123657,62499,62509,10
13.0107002258,80.2249832153,62509,62519,10
13.0111103058,80.2239685059,62519,62529,10
13.0112600327,80.2235794067,62529,62540,11
13.0113401413,80.2233810425,62540,62550,10
13.0115804672,80.2229385376,62550,62560,10
13.0118398666,80.2222290039,62560,62570,10
13.0121498108,80.2216415405,62570,62580,10
13.0123500824,80.2216720581,62580,62590,10
13.0126695633,80.2220077515,62590,62600,10
13.0131196976,80.2225189209,62600,62610,10
13.013710022,80.2231369019,62610,62620,10
13.0143604279,80.2238769531,62620,62631,11
13.015130043,80.2247009277,62631,62641,10
13.0155200958,80.2249526978,62641,62661,20
13.0155200958,80.2249526978,62661,62671,10
13.0157403946,80.2251434326,62671,62681,10
13.0162000656,80.2253494263,62681,62691,10
13.0169095993,80.2252120972,62691,62701,10
13.0177698135,80.224861145,62701,62711,10
13.0187501907,80.2244567871,62711,62722,11
13.0201997757,80.2248001099,62722,62762,40
13.0201997757,80.2248001099,62762,62772,10
13.0202302933,80.2248764038,62772,62782,10
13.0205698013,80.2251434326,62782,62792,10
13.0211296082,80.2255706787,62792,62803,11
13.0218801498,80.2261428833,62803,62813,10
13.0226802826,80.2268218994,62813,62823,10
13.0235395432,80.2276000977,62823,62833,10
13.024479866,80.2285614014,62833,62863,30
13.024479866,80.2285614014,62863,62873,10
13.0242795944,80.2286529541,62873,62883,10
13.0239601135,80.2282562256,62883,62894,11
13.0234298706,80.2277069092,62894,62954,60
13.0234298706,80.2277069092,62954,62964,10
13.0233297348,80.2275619507,62964,62974,10
13.0230703354,80.2273025513,62974,62995,21
13.0230703354,80.2273025513,62995,63005,10
13.022939682,80.2271728516,63005,63015,10
13.0227298737,80.2269287109,63015,63025,10
13.0226202011,80.2268218994,63025,63035,10
13.0224599838,80.2266616821,63035,63045,10
13.0221796036,80.2264404297,63045,63055,10
13.0219202042,80.2262268066,63055,63065,10
13.0217599869,80.2261123657,63065,63076,11
13.0214595795,80.2258911133,63076,63086,10
13.0210800171,80.2255783081,63086,63096,10
13.0206604004,80.2252807617,63096,63106,10
13.0202598572,80.2250366211,63106,63116,10
13.0202198029,80.2250137329,63116,63126,10
13.0200395584,80.2248916626,63126,63136,10
13.019900322,80.2247924805,63136,63146,10
13.0198001862,80.2247161865,63146,63156,10
13.0193395615,80.2244796753,63156,63167,11
13.0185403824,80.2245483398,63167,63177,10
13.0176200867,80.224937439,63177,63187,10
13.0165996552,80.2253570557,63187,63197,10
13.0157604218,80.2256774902,63197,63207,10
13.0150499344,80.225982666,63207,63217,10
13.0148801804,80.2260284424,63217,63227,10
13.0143299103,80.2262573242,63227,63268,41
13.0143299103,80.2262573242,63268,63278,10
13.0141897202,80.2263183594,63278,63288,10
13.0138397217,80.2264633179,63288,63298,10
13.0132598877,80.2266693115,63298,63308,10
13.0125598907,80.2269363403,63308,63318,10
13.0117502213,80.2272567749,63318,63328,10
13.0108604431,80.2276000977,63328,63339,11
13.0100002289,80.2279586792,63339,63349,10
13.0092697144,80.2283401489,63349,63359,10
13.0090398788,80.2291564941,63359,63369,10
13.0088596344,80.2300415039,63369,63379,10
13.0087099075,80.2309799194,63379,63419,40
13.0087099075,80.2309799194,63419,63430,11
13.0086898804,80.2311401367,63430,63440,10
13.0086097717,80.2315597534,63440,63450,10
13.0084695816,80.2322387695,63450,63460,10
13.0082702637,80.2334899902,63460,63490,30
13.0082702637,80.2334899902,63490,63500,10
13.0081701279,80.2338409424,63500,63510,10
13.0080699921,80.2343673706,63510,63521,11
13.0078897476,80.2352218628,63521,63531,10
13.0076799393,80.2361831665,63531,63541,10
13.0074796677,80.2372436523,63541,63551,10
13.0073404312,80.2379302979,63551,63561,10
13.0072402954,80.2382202148,63561,63571,10
13.0071601868,80.2386627197,63571,63581,10
13.0070800781,80.2391433716,63581,63591,10
13.0069799423,80.2396087646,63591,63601,10
13.0068998337,80.2400436401,63601,63612,11
13.0068101883,80.2405319214,63612,63622,10
13.0066795349,80.2413482666,63622,63632,10
13.006649971,80.2423934937,63632,63642,10
13.006649971,80.243347168,63642,63652,10
13.0066699982,80.2443313599,63652,63662,10
13.0066995621,80.245300293,63662,63672,10
13.0067396164,80.2461776733,63672,63682,10
13.0067596436,80.2466506958,63682,63693,11
13.006770134,80.2470321655,63693,63703,10
13.0066299438,80.2473907471,63703,63713,10
13.0063199997,80.2474212646,63713,63733,20
13.0063199997,80.2474212646,63733,63743,10
13.0061597824,80.2473602295,63743,63753,10
13.0056695938,80.2473297119,63753,63763,10
13.0049600601,80.2473526001,63763,63773,10
13.0041303635,80.247428894,63773,63784,11
13.0030603409,80.2475814819,63784,63794,10
13.001999855,80.2478027344,63794,63804,10
13.0008401871,80.2481002808,63804,63814,10
12.99958992,80.2484207153,63814,63824,10
12.9983797073,80.2487182617,63824,63834,10
12.9970998764,80.2490310669,63834,63844,10
12.9957504272,80.249382019,63844,63854,10
12.9944000244,80.2497406006,63854,63864,10
12.9930400848,80.2500762939,63864,63875,11
12.9916601181,80.2504196167,63875,63885,10
12.9911203384,80.250579834,63885,63895,10
12.9910802841,80.2506027222,63895,63905,10
12.9907302856,80.2506790161,63905,63915,10
12.9901199341,80.250831604,63915,63925,10
12.9893198013,80.2510070801,63925,63935,10
12.9880800247,80.2513504028,63935,64046,111
12.9880800247,80.2513504028,64046,64057,11
12.987739563,80.2514266968,64057,64067,10
12.9872903824,80.2515487671,64067,64077,10
12.9866800308,80.2517318726,64077,64087,10
12.9858903885,80.2519073486,64087,64097,10
12.9849996567,80.2521514893,64097,64107,10
12.9839601517,80.2524185181,64107,64117,10
12.9828395844,80.2526397705,64117,64127,10
12.9817399979,80.2526779175,64127,64137,10
12.9807500839,80.2527236938,64137,64148,11
12.9798698425,80.2527694702,64148,64158,10
12.9794301987,80.2526931763,64158,64168,10
12.9790697098,80.2526626587,64168,64178,10
12.9786396027,80.2525787354,64178,64188,10
12.9785995483,80.2525787354,64188,64198,10
12.9785404205,80.2525634766,64198,64208,10
12.978219986,80.2523269653,64208,64218,10
12.9777002335,80.2518692017,64218,64229,11
12.9769001007,80.2513427734,64229,64239,10
12.9759597778,80.2510375977,64239,64249,10
12.9749698639,80.2507476807,64249,64259,10
12.9739398956,80.2504577637,64259,64269,10
12.9728803635,80.2501831055,64269,64279,10
12.9717998505,80.2498931885,64279,64289,10
12.970700264,80.2496032715,64289,64299,10
12.9696798325,80.2492218018,64299,64309,10
12.9686603546,80.2488098145,64309,64320,11
12.9675798416,80.2483901978,64320,64330,10
12.9666996002,80.2479934692,64330,64340,10
12.9658403397,80.2475891113,64340,64350,10
12.9651603699,80.2473983765,64350,64360,10
12.9651203156,80.2473907471,64360,64370,10
12.9648895264,80.2473068237,64370,64380,10
12.9644002914,80.2471084595,64380,64390,10
12.9637298584,80.2468566895,64390,64400,10
12.9630403519,80.2465133667,64400,64411,11
12.9621200562,80.2460632324,64411,64421,10
12.9611797333,80.2455978394,64421,64431,10
12.9602603912,80.2451782227,64431,64441,10
12.9594602585,80.2448196411,64441,64451,10
12.9591903687,80.244720459,64451,64461,10
12.9591598511,80.244682312,64461,64471,10
12.9588499069,80.2445373535,64471,64481,10
12.9582796097,80.2442932129,64481,64491,10
12.9577102661,80.2440567017,64491,64502,11
12.9569702148,80.2437820435,64502,64512,10
12.9563999176,80.2435379028,64512,64522,10
12.9559898376,80.2433776855,64522,64532,10
12.9553699493,80.2431106567,64532,64542,10
12.9546298981,80.2427902222,64542,64552,10
12.9538097382,80.24243927,64552,64562,10
12.9529800415,80.2421035767,64562,64572,10
12.9521198273,80.2417831421,64572,64582,10
12.9516601563,80.2416305542,64582,64593,11
12.9515600204,80.2415771484,64593,64603,10
12.9511499405,80.2414321899,64603,64613,10
12.9505300522,80.2412185669,64613,64623,10
12.9497499466,80.2409973145,64623,64633,10
12.9490499496,80.2407608032,64633,64643,10
12.9478302002,80.2402420044,64643,64653,10
12.9469604492,80.2398986816,64653,64663,10
12.9468002319,80.2398605347,64663,64674,11
12.9464302063,80.2397003174,64674,64684,10
12.9458503723,80.239440918,64684,64694,10
12.9451599121,80.2390289307,64694,64704,10
12.9444999695,80.2383575439,64704,64714,10
12.9437503815,80.2375335693,64714,64724,10
12.9428596497,80.2367019653,64724,64734,10
12.9416103363,80.2362289429,64734,64744,10
12.9403095245,80.2359085083,64744,64754,10
12.9396600723,80.2357177734,64754,64765,11
12.9395599365,80.2356796265,64765,64775,10
12.9391298294,80.2354736328,64775,64785,10
12.93846035,80.2351226807,64785,64795,10
12.937620163,80.2347183228,64795,64805,10
12.9366598129,80.2342300415,64805,64815,10
12.9358797073,80.2338562012,64815,64825,10
12.935259819,80.233581543,64825,64835,10
12.9344396591,80.2332077026,64835,64845,10
12.9337997437,80.2329330444,64845,64856,11
12.9337596893,80.2329025269,64856,64866,10
12.933429718,80.2327194214,64866,64876,10
12.9328203201,80.2324523926,64876,64886,10
12.9320297241,80.232170105,64886,64896,10
12.9310398102,80.2318572998,64896,64906,10
12.929889679,80.2315216064,64906,64916,10
12.9285697937,80.2312393188,64916,64926,10
12.9271802902,80.231048584,64926,64936,10
12.9258699417,80.2309036255,64936,64947,11
12.9244003296,80.2307281494,64947,64957,10
12.9231595993,80.2305679321,64957,64967,10
12.9218397141,80.2303695679,64967,64977,10
12.9204998016,80.2302017212,64977,64987,10
12.9191198349,80.2300186157,64987,64997,10
12.917719841,80.2298583984,64997,65007,10
12.9163503647,80.229637146,65007,65017,10
12.9150695801,80.2294692993,65017,65027,10
12.9139299393,80.229309082,65027,65038,11
12.9132795334,80.2292785645,65038,65048,10
12.9131097794,80.2292404175,65048,65058,10
12.9125699997,80.2291412354,65058,65068,10
12.9118099213,80.2290115356,65068,65078,10
12.9108800888,80.2288665771,65078,65088,10
12.9098100662,80.2286987305,65088,65098,10
12.9086198807,80.2285003662,65098,65108,10
12.9074497223,80.2283172607,65108,65119,11
12.9064798355,80.2282333374,65119,65129,10
12.9062595367,80.2282409668,65129,65139,10
12.9062004089,80.2282409668,65139,65149,10
12.9058303833,80.2282104492,65149,65159,10
12.9052000046,80.2281723022,65159,65169,10
12.9043903351,80.2281188965,65169,65179,10
12.903459549,80.2280807495,65179,65189,10
12.9024600983,80.2280197144,65189,65199,10
12.9017601013,80.2279891968,65199,65210,11
12.9015903473,80.2279891968,65210,65220,10
12.9014396667,80.2279891968,65220,65230,10
12.9011001587,80.2279663086,65230,65240,10
12.9005899429,80.2279129028,65240,65250,10
12.8999900818,80.2278823853,65250,65260,10
12.8998203278,80.2278671265,65260,65270,10
12.8996200562,80.2278289795,65270,65280,10
12.8992795944,80.2277984619,65280,65290,10
12.8986797333,80.2277679443,65290,65301,11
12.8978099823,80.227722168,65301,65311,10
12.8968601227,80.2276611328,65311,65321,10
12.8957901001,80.2276229858,65321,65331,10
12.8946399689,80.2275772095,65331,65341,10
12.8935804367,80.2275009155,65341,65351,10
12.8930301666,80.2274398804,65351,65371,20
12.8930301666,80.2274398804,65371,65381,10
12.892829895,80.2274093628,65381,65392,11
12.8923597336,80.2273635864,65392,65402,10
12.8917198181,80.2273330688,65402,65412,10
12.8908596039,80.2273330688,65412,65422,10
12.889840126,80.2273330688,65422,65432,10
12.8888196945,80.2273330688,65432,65442,10
12.8879003525,80.2272720337,65442,65452,10
12.8871603012,80.2271499634,65452,65462,10
12.8862895966,80.2269515991,65462,65472,10
12.8853998184,80.2267303467,65472,65483,11
12.8846998215,80.2266769409,65483,65493,10
12.8844604492,80.2266998291,65493,65503,10
12.8840503693,80.2266921997,65503,65513,10
12.8833398819,80.2266921997,65513,65523,10
12.8824300766,80.2266998291,65523,65533,10
12.8813400269,80.2266998291,65533,65543,10
12.8801202774,80.2267227173,65543,65553,10
12.8788995743,80.2267532349,65553,65564,11
12.8777103424,80.2268371582,65564,65574,10
12.8769197464,80.2269134521,65574,65584,10
12.8767700195,80.2269287109,65584,65594,10
12.8766202927,80.2269363403,65594,65604,10
12.8761796951,80.2269363403,65604,65614,10
12.8754901886,80.2269134521,65614,65624,10
12.8746299744,80.2268066406,65624,65634,10
12.8736200333,80.2266921997,65634,65644,10
12.8728704453,80.2266616821,65644,65655,11
12.8724403381,80.2266769409,65655,65665,10
12.8723402023,80.2266693115,65665,65675,10
12.8718500137,80.2266464233,65675,65685,10
12.8711099625,80.2266311646,65685,65695,10
12.8702201843,80.2265625,65695,65705,10
12.8691701889,80.2264404297,65705,65715,10
12.8679895401,80.2263793945,65715,65725,10
12.8668804169,80.2264785767,65725,65735,10
12.8658800125,80.2265625,65735,65746,11
12.8647403717,80.2265625,65746,65756,10
12.8637599945,80.2265167236,65756,65766,10
12.8627901077,80.2265090942,65766,65776,10
12.8618602753,80.2265625,65776,65786,10
12.8612098694,80.2265930176,65786,65796,10
12.8611698151,80.2265930176,65796,65806,10
12.8608198166,80.2265701294,65806,65816,10
12.860159874,80.2264709473,65816,65826,10
12.8593597412,80.2263565063,65826,65837,11
12.8588399887,80.226272583,65837,65847,10
12.8582601547,80.2262268066,65847,65857,10
12.8575201035,80.2262268066,65857,65867,10
12.8566398621,80.22631073,65867,65877,10
12.8556003571,80.2264099121,65877,65887,10
12.8544101715,80.2265396118,65887,65897,10
12.8531103134,80.2266464233,65897,65907,10
12.8519496918,80.2266311646,65907,65917,10
12.8508796692,80.2265777588,65917,65928,11
12.8502702713,80.2265777588,65928,65938,10
12.8500795364,80.2265625,65938,65948,10
12.8495101929,80.2265625,65948,65958,10
12.848739624,80.2265319824,65958,65968,10
12.8477802277,80.2265396118,65968,65978,10
12.8466796875,80.2265396118,65978,65988,10
12.8461198807,80.2265625,65988,65998,10
12.8459501266,80.2265396118,65998,66009,11
12.8455095291,80.2265625,66009,66019,10
12.8452196121,80.226600647,66019,66029,10
12.8450803757,80.2266082764,66029,66039,10
12.8445596695,80.2266464233,66039,66049,10
12.8438100815,80.2267303467,66049,66059,10
12.8428602219,80.2268676758,66059,66069,10
12.8417301178,80.2271194458,66069,66079,10
12.8405799866,80.2274169922,66079,66089,10
12.8399496078,80.2275695801,66089,66100,11
12.8395795822,80.2276687622,66100,66110,10
12.8392400742,80.2277679443,66110,66120,10
12.8385696411,80.2279510498,66120,66130,10
12.8377304077,80.2281265259,66130,66140,10
12.8367004395,80.228302002,66140,66150,10
12.8355197906,80.2284698486,66150,66160,10
12.8341999054,80.2286834717,66160,66170,10
12.8329496384,80.2289199829,66170,66180,10
12.8323802948,80.229057312,66180,66191,11
12.8321504593,80.2291030884,66191,66201,10
12.831580162,80.2292175293,66201,66211,10
12.8308296204,80.2294464111,66211,66221,10
12.8298501968,80.2298202515,66221,66231,10
12.8287200928,80.2302932739,66231,66241,10
12.8275499344,80.2309494019,66241,66251,10
12.8263502121,80.2313079834,66251,66261,10
12.8249998093,80.2313690186,66261,66271,10
12.8237104416,80.231086731,66271,66282,11
12.8222503662,80.2306289673,66282,66292,10
12.8208398819,80.2304077148,66292,66302,10
12.8195800781,80.2304382324,66302,66312,10
12.8188800812,80.230430603,66312,66322,10
12.8187999725,80.2304077148,66322,66332,10
12.8186197281,80.2303314209,66332,66342,10
12.8180704117,80.2300567627,66342,66352,10
12.8172998428,80.2296981812,66352,66362,10
12.8163003922,80.2294235229,66362,66373,11
12.8149900436,80.2292327881,66373,66383,10
12.8136901855,80.2289733887,66383,66393,10
12.8124198914,80.228553772,66393,66403,10
12.8111200333,80.2280807495,66403,66413,10
12.8099098206,80.2276000977,66413,66423,10
12.8088703156,80.2269821167,66423,66433,10
12.807849884,80.2261428833,66433,66443,10
12.8069496155,80.2253799438,66443,66454,11
12.8062400818,80.2247314453,66454,66464,10
12.8055295944,80.2241363525,66464,66484,20
12.8055295944,80.2241363525,66484,66494,10
12.805390358,80.2240829468,66494,66504,10
12.8051595688,80.2240066528,66504,66514,10
12.805100441,80.223991394,66514,66524,10
12.8047199249,80.2239227295,66524,66534,10
12.8040399551,80.2238616943,66534,66545,11
12.8031396866,80.2237701416,66545,66555,10
12.8025197983,80.2236862183,66555,66565,10
12.801779747,80.2236022949,66565,66575,10
12.8010997772,80.2235565186,66575,66585,10
12.8009395599,80.2235336304,66585,66595,10
12.8004598618,80.223487854,66595,66605,10
12.7997503281,80.2234420776,66605,66615,10
12.7988395691,80.2233276367,66615,66625,10
12.797659874,80.22315979,66625,66636,11
12.7963600159,80.2229385376,66636,66646,10
12.7951698303,80.2227401733,66646,66656,10
12.7939901352,80.2225570679,66656,66666,10
12.7927703857,80.2223815918,66666,66676,10
12.7916097641,80.2221298218,66676,66686,10
12.7905197144,80.221862793,66686,66696,10
12.7896795273,80.2216186523,66696,66706,10
12.7890701294,80.2213973999,66706,66716,10
12.7883300781,80.2211074829,66716,66727,11
12.7875995636,80.2208328247,66727,66757,30
12.7875995636,80.2208328247,66757,66767,10
12.7874403,80.2207794189,66767,66777,10
12.7873802185,80.2207565308,66777,66787,10
12.7871599197,80.2206726074,66787,66807,20
12.7871599197,80.2206726074,66807,66818,11
12.7868299484,80.2205505371,66818,66868,50
12.7868299484,80.2205505371,66868,66878,10
12.7866201401,80.2204818726,66878,66899,21
12.7866201401,80.2204818726,66899,66909,10
12.7863798141,80.2203903198,66909,66929,20
12.7863798141,80.2203903198,66929,66939,10
12.7862501144,80.2203292847,66939,66949,10
12.7861204147,80.2203826904,66949,66959,10
12.7861404419,80.2205581665,66959,66969,10
12.7861700058,80.2208709717,66969,66979,10
12.786190033,80.220993042,66979,66990,11
12.7861795425,80.2211532593,66990,67000,10
12.7862501144,80.2216415405,67000,67040,40
12.7862501144,80.2216415405,67040,67050,10
12.7861404419,80.2218933105,67050,69033,1983
12.7861404419,80.2218933105,69033,69043,10
12.7861604691,80.2216033936,69043,69053,10
12.7861604691,80.2214508057,69053,69063,10
12.7861499786,80.2212905884,69063,69215,152
12.7861499786,80.2212905884,69215,69225,10
12.7861003876,80.2207489014,69225,69296,71
12.7861299515,80.2203674316,69296,69326,30
12.786359787,80.2203598022,69326,69346,20
12.786359787,80.2203598022,69346,69357,11
12.7864904404,80.220451355,69357,69367,10
12.7867002487,80.2205429077,69367,69377,10
12.7870798111,80.2206878662,69377,69387,10
12.7876195908,80.2208709717,69387,69397,10
12.7881603241,80.2210998535,69397,69407,10
12.7888402939,80.2213516235,69407,69417,10
12.7895002365,80.2215805054,69417,69427,10
12.7900104523,80.2217407227,69427,69437,10
12.7906398773,80.2218780518,69437,69448,11
12.7915000916,80.2220993042,69448,69458,10
12.7923202515,80.2222976685,69458,69468,10
12.7931995392,80.2224273682,69468,69478,10
12.7940998077,80.2225723267,69478,69488,10
12.795009613,80.2227096558,69488,69498,10
12.7958803177,80.222869873,69498,69508,10
12.7963895798,80.2229385376,69508,69518,10
12.796500206,80.2229614258,69518,69528,10
12.796959877,80.2230834961,69528,69539,11
12.7977104187,80.2232131958,69539,69549,10
12.7984600067,80.2232818604,69549,69559,10
12.7992601395,80.2233734131,69559,69569,10
12.8001699448,80.2234268188,69569,69579,10
12.8010396957,80.2235107422,69579,69589,10
12.8015098572,80.2235565186,69589,69599,10
12.8016996384,80.2235870361,69599,69609,10
12.8022203445,80.2236480713,69609,69620,11
12.8029603958,80.2237472534,69620,69630,10
12.8036003113,80.2238235474,69630,69640,10
12.804400444,80.2238769531,69640,69650,10
12.8052101135,80.2240219116,69650,69660,10
12.8055400848,80.2241516113,69660,69670,10
12.8056898117,80.2242431641,69670,69680,10
12.8060903549,80.2245788574,69680,69690,10
12.8066902161,80.2250976563,69690,69699,9
12.8073396683,80.2256622314,69699,69711,12
12.8083000183,80.2264709473,69711,69721,10
12.8091697693,80.227180481,69721,69731,10
12.8101501465,80.2276611328,69731,69741,10
12.8112897873,80.2281188965,69741,69751,10
12.8125495911,80.2285766602,69751,69761,10
12.8137598038,80.2289886475,69761,69771,10
12.8150997162,80.2292480469,69771,69781,10
12.8164596558,80.2294387817,69781,69791,10
12.8176498413,80.2298278809,69791,69802,11
12.818860054,80.2303695679,69802,69812,10
12.8197498322,80.2304000854,69812,69822,10
12.8197803497,80.2304000854,69822,69832,10
12.8199901581,80.2304000854,69832,69842,10
12.820599556,80.2303771973,69842,69852,10
12.821439743,80.2304229736,69852,69862,10
12.8223800659,80.2306213379,69862,69872,10
12.8232402802,80.2308883667,69872,69881,9
12.824259758,80.2311706543,69881,69893,12
12.8256502151,80.2313232422,69893,69903,10
12.8268404007,80.2312088013,69903,69913,10
12.8278903961,80.2307434082,69913,69923,10
12.8288402557,80.2302093506,69923,69933,10
12.8297395706,80.2298431396,69933,69943,10
12.8310604095,80.2293014526,69943,69963,20
12.8310604095,80.2293014526,69963,69973,10
12.8313302994,80.2292098999,69973,69984,11
12.8313999176,80.2291793823,69984,69994,10
12.8316898346,80.2291030884,69994,70004,10
12.8322401047,80.2289962769,70004,70014,10
12.8330202103,80.2288665771,70014,70024,10
12.8339796066,80.2286987305,70024,70034,10
12.834859848,80.2285385132,70034,70044,10
12.8363304138,80.2283172607,70044,70054,10
12.8376998901,80.2281112671,70054,70065,11
12.8389196396,80.2278289795,70065,70074,9
12.8393697739,80.2277069092,70074,70085,11
12.8394899368,80.2276763916,70085,70095,10
12.8395004272,80.2276687622,70095,70105,10
12.8399000168,80.2275390625,70105,70115,10
12.8404998779,80.2273712158,70115,70125,10
12.8412504196,80.227180481,70125,70135,10
12.8421697617,80.2269515991,70135,70145,10
12.8432502747,80.2267379761,70145,70155,10
12.8444595337,80.2265777588,70155,70166,11
12.845290184,80.2265014648,70166,70176,10
12.8453197479,80.2265014648,70176,70186,10
12.8454198837,80.2264785767,70186,70196,10
12.8458499908,80.2265014648,70196,70206,10
12.846540451,80.2265014648,70206,70216,10
12.847410202,80.2265014648,70216,70226,10
12.8484201431,80.2265014648,70226,70236,10
12.8498497009,80.2264633179,70236,70257,21
12.8498497009,80.2264633179,70257,70267,10
12.8500995636,80.2264785767,70267,70277,10
12.8506498337,80.2264862061,70277,70287,10
12.851360321,80.2265167236,70287,70297,10
12.8522100449,80.2265625,70297,70307,10
12.8531103134,80.2265930176,70307,70317,10
12.8539400101,80.2265090942,70317,70327,10
12.8547697067,80.2264175415,70327,70338,11
12.8561601639,80.2262496948,70338,70378,40
12.8561601639,80.2262496948,70378,70388,10
12.8562202454,80.2262191772,70388,70398,10
12.8566398621,80.2261810303,70398,70408,10
12.8573198318,80.2261276245,70408,70418,10
12.8580799103,80.2261123657,70418,70429,11
12.8588895798,80.2261886597,70429,70439,10
12.8598203659,80.2263336182,70439,70449,10
12.860619545,80.2264480591,70449,70459,10
12.8608703613,80.2264709473,70459,70469,10
12.8611898422,80.2264862061,70469,70479,10
12.8618497849,80.2264709473,70479,70489,10
12.8626699448,80.2264328003,70489,70499,10
12.8636398315,80.2264328003,70499,70510,11
12.8649501801,80.2264785767,70510,70520,10
12.8662900925,80.2264633179,70520,70530,10
12.8677396774,80.2263412476,70530,70540,10
12.8691396713,80.2263717651,70540,70550,10
12.8704595566,80.2265167236,70550,70560,10
12.8717603683,80.2265777588,70560,70570,10
12.8726997375,80.2265625,70570,70580,10
12.8728904724,80.2265701294,70580,70590,10
12.8733100891,80.2266082764,70590,70601,11
12.8740596771,80.2266616821,70601,70611,10
12.8748998642,80.2267837524,70611,70621,10
12.8758602142,80.2268676758,70621,70631,10
12.8762302399,80.2268829346,70631,70641,10
12.87637043,80.2268600464,70641,70661,20
12.87637043,80.2268600464,70661,70671,10
12.876660347,80.2268218994,70671,70681,10
12.8767700195,80.2268218994,70681,70692,11
12.8772802353,80.2267913818,70692,70702,10
12.8780202866,80.2267303467,70702,70712,10
12.8789396286,80.2266769409,70712,70722,10
12.8800001144,80.2266464233,70722,70732,10
12.8811903,80.2266387939,70732,70742,10
12.8824901581,80.2266235352,70742,70752,10
12.8837099075,80.2266082764,70752,70762,10
12.8852396011,80.2266235352,70762,70783,21
12.8852396011,80.2266235352,70783,70793,10
12.8854999542,80.2266693115,70793,70803,10
12.8860397339,80.2268218994,70803,70813,10
12.8867702484,80.2270202637,70813,70823,10
12.8876399994,80.2271575928,70823,70833,10
12.8886804581,80.2272567749,70833,70843,10
12.8899002075,80.2272720337,70843,70853,10
12.8912296295,80.2272567749,70853,70863,10
12.8922796249,80.2272567749,70863,70874,11
12.893239975,80.2273788452,70874,70884,10
12.8942604065,80.2275009155,70884,70894,10
12.8953504562,80.2275466919,70894,70904,10
12.8965902328,80.2276000977,70904,70914,10
12.8979196548,80.2276916504,70914,70924,10
12.8990802765,80.2277603149,70924,70934,10
12.9001598358,80.2277984619,70934,70955,21
12.9001598358,80.2277984619,70955,70965,10
12.9003601074,80.2278137207,70965,70975,10
12.9008302689,80.2278366089,70975,70985,10
12.9012699127,80.227897644,70985,70995,10
12.9018201828,80.2279205322,70995,71005,10
12.9023704529,80.2279281616,71005,71015,10
12.9023895264,80.2279434204,71015,71025,10
12.9025297165,80.2279815674,71025,71035,10
12.9028997421,80.2279891968,71035,71046,11
12.9035596848,80.228012085,71046,71056,10
12.9043197632,80.2280502319,71056,71066,10
12.9052400589,80.2280883789,71066,71076,10
12.9062299728,80.2281265259,71076,71116,40
12.9062299728,80.2281265259,71116,71126,10
12.9064598083,80.2281417847,71126,71137,11
12.9070701599,80.2282028198,71137,71147,10
12.9078302383,80.2283096313,71147,71157,10
12.9087696075,80.228477478,71157,71167,10
12.9099197388,80.2286682129,71167,71177,10
12.9111204147,80.228843689,71177,71187,10
12.9121999741,80.2289962769,71187,71197,10
12.9131603241,80.2291488647,71197,71207,10
12.9139795303,80.2292480469,71207,71217,10
12.914150238,80.2292480469,71217,71228,11
12.9142599106,80.2292785645,71228,71238,10
12.914730072,80.2293624878,71238,71248,10
12.9154500961,80.2294616699,71248,71258,10
12.9163503647,80.2295913696,71258,71268,10
12.9173603058,80.2297210693,71268,71278,10
12.9184103012,80.2298583984,71278,71288,10
12.9194698334,80.2300186157,71288,71298,10
12.9205303192,80.2301177979,71298,71309,11
12.9217195511,80.2302932739,71309,71319,10
12.9228696823,80.23046875,71319,71329,10
12.9240102768,80.2306289673,71329,71339,10
12.925160408,80.2307662964,71339,71349,10
12.9262104034,80.2308731079,71349,71359,10
12.9264001846,80.2308807373,71359,71369,10
12.9267301559,80.2309417725,71369,71379,10
12.9273004532,80.231010437,71379,71389,10
12.928030014,80.2311019897,71389,71400,11
12.9290103912,80.2312469482,71400,71410,10
12.9300403595,80.2314987183,71410,71420,10
12.9311704636,80.2318496704,71420,71430,10
12.9323596954,80.2322387695,71430,71440,10
12.9332799911,80.2325592041,71440,71450,10
12.9335899353,80.2326965332,71450,71460,10
12.9336204529,80.232711792,71460,71470,10
12.9337596893,80.2327880859,71470,71480,10
12.9341802597,80.2329711914,71480,71491,11
12.9349002838,80.2333068848,71491,71501,10
12.9357004166,80.2336730957,71501,71511,10
12.9366397858,80.23412323,71511,71521,10
12.9376497269,80.2345962524,71521,71531,10
12.9385700226,80.2350692749,71531,71541,10
12.9393196106,80.2354736328,71541,71551,10
12.9397602081,80.2356491089,71551,71561,10
12.9398403168,80.2356796265,71561,71571,10
12.9400596619,80.2357711792,71571,71582,11
12.9406604767,80.2359619141,71582,71592,10
12.9414100647,80.2361373901,71592,71602,10
12.9422998428,80.2363586426,71602,71612,10
12.9432096481,80.236869812,71612,71622,10
12.9440803528,80.2377471924,71622,71632,10
12.9449996948,80.2387695313,71632,71642,10
12.9460201263,80.2394714355,71642,71652,10
12.9469404221,80.2398071289,71652,71662,10
12.9471597672,80.2398986816,71662,71673,11
12.9474601746,80.240020752,71673,71683,10
12.9480104446,80.2402496338,71683,71693,10
12.9486598969,80.2405166626,71693,71703,10
12.9494104385,80.2408218384,71703,71713,10
12.9503202438,80.2411193848,71713,71723,10
12.9510698318,80.2413635254,71723,71733,10
12.9514703751,80.2414474487,71733,71743,10
12.95154953,80.2414779663,71743,71754,11
12.95195961,80.2416229248,71754,71764,10
12.9525699615,80.241859436,71764,71774,10
12.95333004,80.2421569824,71774,71784,10
12.9541597366,80.2425231934,71784,71794,10
12.9548597336,80.2427825928,71794,71804,10
12.9555101395,80.243019104,71804,71814,10
12.9562301636,80.2432785034,71814,71824,10
12.9563503265,80.2433166504,71824,71834,10
12.9568195343,80.2435073853,71834,71845,11
12.9575500488,80.243850708,71845,71855,10
12.9583797455,80.2442092896,71855,71865,10
12.958820343,80.2443695068,71865,71875,10
12.9589996338,80.244468689,71875,71885,10
12.9594202042,80.2446670532,71885,71895,10
12.9600400925,80.2449493408,71895,71905,10
12.9608201981,80.2453079224,71905,71915,10
12.9617595673,80.2457733154,71915,71925,10
12.9630498886,80.2463989258,71925,71946,21
12.9630498886,80.2463989258,71946,71956,10
12.9630899429,80.2463912964,71956,71966,10
12.9633903503,80.2465591431,71966,71976,10
12.9639196396,80.2468032837,71976,71986,10
12.9645299911,80.2470321655,71986,71996,10
12.9652795792,80.2472991943,71996,72006,10
12.9660701752,80.2475814819,72006,72016,10
12.9667196274,80.2478485107,72016,72027,11
12.9668197632,80.2479095459,72027,72037,10
12.9670095444,80.2480392456,72037,72047,10
12.9674797058,80.248260498,72047,72057,10
12.9681797028,80.248550415,72057,72067,10
12.9690303802,80.248878479,72067,72077,10
12.9700298309,80.2492904663,72077,72087,10
12.971159935,80.2496795654,72087,72097,10
12.9723997116,80.2500076294,72097,72107,10
12.9735603333,80.2502975464,72107,72118,11
12.9748601913,80.2506408691,72118,72128,10
12.9761800766,80.2510223389,72128,72138,10
12.9773797989,80.2514801025,72138,72148,10
12.9782800674,80.2522125244,72148,72158,10
12.9789896011,80.2525177002,72158,72168,10
12.9792900085,80.2525405884,72168,72178,10
12.9794397354,80.2525405884,72178,72188,10
12.9799499512,80.2525787354,72188,72199,11
12.9805803299,80.2525787354,72199,72209,10
12.9812803268,80.2525634766,72209,72219,10
12.9821596146,80.2525405884,72219,72229,10
12.9832601547,80.252456665,72229,72239,10
12.9844198227,80.2521820068,72239,72249,10
12.985449791,80.2519073486,72249,72259,10
12.9861297607,80.251739502,72259,72269,10
12.986700058,80.2515869141,72269,72279,10
12.9872503281,80.2514190674,72279,72320,41
12.9872503281,80.2514190674,72320,72330,10
12.9874200821,80.2513885498,72330,72340,10
12.9877796173,80.2512969971,72340,72350,10
12.9883899689,80.2511520386,72350,72360,10
12.9891901016,80.2509384155,72360,72370,10
12.9894800186,80.2508621216,72370,72381,11
12.9898395538,80.250793457,72381,72391,10
12.9904298782,80.2506408691,72391,72401,10
12.9911804199,80.2504501343,72401,72411,10
12.992099762,80.2502212524,72411,72421,10
12.993180275,80.2499465942,72421,72431,10
12.9944095612,80.2496414185,72431,72441,10
12.995759964,80.2492980957,72441,72451,10
12.9970998764,80.2489700317,72451,72461,10
12.9987897873,80.2485580444,72461,72472,11
13.0005502701,80.2481002808,72472,72482,10
13.0020599365,80.2477035522,72482,72492,10
13.0034704208,80.247428894,72492,72502,10
13.0049104691,80.2472381592,72502,72512,10
13.0061197281,80.246887207,72512,72522,10
13.0065202713,80.2463531494,72522,72532,10
13.006529808,80.2463531494,72532,72542,10
13.0065803528,80.2460174561,72542,72553,11
13.0066099167,80.2453384399,72553,72563,10
13.0066003799,80.2446212769,72563,72573,10
13.0066099167,80.2436904907,72573,72583,10
13.0066003799,80.2426376343,72583,72593,10
13.0065803528,80.2414474487,72593,72603,10
13.0067396164,80.240272522,72603,72623,20
13.0067396164,80.240272522,72623,72633,10
13.0067796707,80.2399597168,72633,72644,11
13.0069198608,80.2393417358,72644,72654,10
13.007060051,80.2385635376,72654,72664,10
13.0071802139,80.2377624512,72664,72674,10
13.0073204041,80.2370529175,72674,72684,10
13.0073604584,80.2368927002,72684,72694,10
13.0074396133,80.2365493774,72694,72704,10
13.0075397491,80.2359771729,72704,72714,10
13.0076799393,80.2352523804,72714,72724,10
13.0078201294,80.234413147,72724,72735,11
13.0080604553,80.2332611084,72735,72745,10
13.0083198547,80.2319412231,72745,72755,10
13.0086097717,80.2304916382,72755,72765,10
13.0089302063,80.2289810181,72765,72775,10
13.0092697144,80.2276763916,72775,72785,10
13.0097999573,80.2265014648,72785,72795,10
13.010310173,80.2254486084,72795,72805,10
13.0106096268,80.224861145,72805,72815,10
13.0106801987,80.2246398926,72815,72826,11
13.0109500885,80.223991394,72826,72836,10
13.0112304688,80.2233810425,72836,72846,10
13.0113897324,80.2230377197,72846,72856,10
13.0115404129,80.2225189209,72856,72866,10
13.011759758,80.2218017578,72866,72876,10
13.012260437,80.2214279175,72876,72886,10
13.0125303268,80.2218017578,72886,72896,10
13.0129499435,80.2222976685,72896,72906,10
13.0135602951,80.2229614258,72906,72917,11
13.0141601563,80.2236709595,72917,72927,10
13.014840126,80.2244415283,72927,72937,10
13.0156898499,80.2251281738,72937,72957,20
13.0156898499,80.2251281738,72957,72967,10
13.0158901215,80.2252197266,72967,72977,10
13.0163698196,80.2253036499,72977,72987,10
13.017080307,80.2250595093,72987,72998,11
13.0180797577,80.2246627808,72998,73008,10
13.018989563,80.2243423462,73008,73018,10
13.0202102661,80.2248382568,73018,73058,40
13.0202102661,80.2248382568,73058,73068,10
13.0203504562,80.2249832153,73068,73078,10
13.0208101273,80.2253265381,73078,73089,11
13.021229744,80.2256622314,73089,73099,10
13.0217695236,80.2260665894,73099,73109,10
13.0224399567,80.2266387939,73109,73119,10
13.0232496262,80.2273635864,73119,73129,10
13.0243396759,80.2283706665,73129,73169,40
13.0243396759,80.2283706665,73169,73180,11
13.0243997574,80.2285614014,73180,73190,10
13.0241003036,80.2284698486,73190,73200,10
13.0237798691,80.2280273438,73200,73210,10
13.0234298706,80.2276916504,73210,73240,30
13.0234298706,80.2276916504,73240,73250,10
13.0233001709,80.2274703979,73250,73260,10
13.0229701996,80.2272033691,73260,73271,11
13.0227098465,80.2269592285,73271,73281,10
13.0224895477,80.2266921997,73281,73291,10
13.0220403671,80.2263183594,73291,73301,10
13.0214195251,80.2258377075,73301,73311,10
13.0207901001,80.2253036499,73311,73321,10
13.0201597214,80.224899292,73321,73331,10
13.019490242,80.2244796753,73331,73341,10
13.0185699463,80.2244720459,73341,73352,11
13.0175199509,80.2249069214,73352,73362,10
13.0167398453,80.225227356,73362,73372,10
13.0164003372,80.2253875732,73372,73382,10
13.0160198212,80.2255172729,73382,73392,10
13.0155296326,80.2257003784,73392,73402,10
13.0151100159,80.2258911133,73402,73412,10
13.0149097443,80.2259674072,73412,73422,10
13.0145397186,80.2260971069,73422,73432,10
13.0141000748,80.2262802124,73432,73443,11
13.0138702393,80.2263793945,73443,73453,10
13.0133304596,80.226600647,73453,73463,10
13.0126399994,80.2268600464,73463,73473,10
13.0117998123,80.2271881104,73473,73483,10
13.0109100342,80.2275314331,73483,73493,10
13.0100002289,80.227897644,73493,73503,10
13.0091896057,80.228302002,73503,73513,10
13.008939743,80.2292175293,73513,73523,10
13.0087299347,80.2303237915,73523,73534,11
13.0085201263,80.2314605713,73534,73544,10
13.0083198547,80.2324676514,73544,73554,10
13.0082101822,80.2333221436,73554,73564,10
13.0081701279,80.2335586548,73564,73574,10
13.0080900192,80.2337722778,73574,73584,10
13.0080003738,80.2342681885,73584,73594,10
13.0078601837,80.2349624634,73594,73604,10
13.0076799393,80.2359008789,73604,73614,10
13.0074396133,80.2370605469,73614,73625,11
13.0072002411,80.2382278442,73625,73635,10
13.0069999695,80.2391662598,73635,73645,10
13.0068702698,80.2397994995,73645,73655,10
13.0067596436,80.2403793335,73655,73665,10
13.0066299438,80.2411804199,73665,73675,10
13.0066003799,80.2420196533,73675,73685,10
13.0066003799,80.2428512573,73685,73695,10
13.0066404343,80.2436828613,73695,73705,10
13.0066604614,80.2446517944,73705,73716,11
13.0066900253,80.24559021,73716,73727,11
13.0067195892,80.2462005615,73727,73737,10
13.0067195892,80.2465591431,73737,73747,10
13.0067195892,80.2469406128,73747,73757,10
13.0065803528,80.2473373413,73757,73767,10
13.0060901642,80.2473373413,73767,73787,20
13.0060901642,80.2473373413,73787,73798,11
13.0055999756,80.2473220825,73798,73808,10
13.0049495697,80.2473297119,73808,73818,10
13.0040903091,80.2474212646,73818,73828,10
13.0030097961,80.2475814819,73828,73838,10
13.0018396378,80.2478179932,73838,73848,10
13.0005598068,80.2481384277,73848,73858,10
12.9991798401,80.2484817505,73858,73868,10
12.9978399277,80.2488098145,73868,73878,10
12.9964704514,80.2491378784,73878,73889,11
12.9949798584,80.2495498657,73889,73899,10
12.9936199188,80.2499008179,73899,73909,10
12.9922704697,80.2502212524,73909,73919,10
12.9907598495,80.2506408691,73919,73939,20
12.9907598495,80.2506408691,73939,73949,10
12.9904603958,80.2507171631,73949,73959,10
12.9898796082,80.2508621216,73959,73969,10
12.9891004562,80.2510604858,73969,73980,11
12.9881000519,80.2513580322,73980,73990,10
12.9879398346,80.251953125,73990,74000,10
12.9879703522,80.2524337769,74000,74010,10
12.9879198074,80.2528533936,74010,74020,10
12.9878501892,80.2535934448,74020,74030,10
12.9877796173,80.2544631958,74030,74040,10
12.9877004623,80.2551727295,74040,74202,162
12.9877004623,80.2551727295,74202,74212,10
12.9876899719,80.255317688,74212,74222,10
12.987660408,80.2554397583,74222,74232,10
12.987660408,80.2557525635,74232,74243,11
12.9875802994,80.2562179565,74243,74253,10
12.9875602722,80.2566299438,74253,74263,10
12.9875297546,80.2569885254,74263,74273,10
12.9874696732,80.2575683594,74273,74283,10
12.9873199463,80.2585601807,74283,74303,20
12.9873199463,80.2585601807,74303,74313,10
12.9872398376,80.2585372925,74313,74323,10
12.986869812,80.2584991455,74323,75001,678
12.9867296219,80.2585983276,75001,75376,375
12.9868097305,80.2585372925,75376,75679,303
12.9868097305,80.2585372925,75679,75689,10
12.9866800308,80.2584991455,75689,75699,10
12.9866399765,80.2586212158,75699,75709,10
12.9867095947,80.2585601807,75709,75719,10
12.9871101379,80.2585372925,75719,75952,233
12.9871301651,80.2586288452,75952,76347,395
12.9870100021,80.2587432861,76347,76387,40
12.9870796204,80.2586364746,76387,76923,536
12.9871501923,80.2585220337,76923,81012,4089
12.9870004654,80.2586212158,81012,84290,3278
12.9872303009,80.2584686279,84290,85152,862
12.9872303009,80.2584686279,85152,85162,10
12.9870500565,80.2587432861,85162,86204,1042
