12.9974603653,80.257019043,15,349,334
12.9974899292,80.2571792603,349,389,40
12.9974899292,80.2571792603,389,399,10
12.9972200394,80.2571563721,399,2473,2074
12.9972896576,80.2572174072,2473,2806,333
12.9973096848,80.2572021484,2806,5062,2256
12.9973897934,80.25730896,5062,5294,232
12.9973096848,80.2572021484,5294,6336,1042
12.9973497391,80.2573318481,6336,6832,496
12.9973497391,80.2573318481,6832,6842,10
12.9972801208,80.2571868896,6842,7883,1041
12.9973602295,80.2572021484,7883,7944,61
12.9973602295,80.2572021484,7944,7954,10
12.9973096848,80.2572174072,7954,12364,4410
12.9974002838,80.2572174072,12364,12596,232
12.9973096848,80.2574310303,12596,12829,233
12.9973096848,80.2570571899,12829,17876,5047
12.9973402023,80.2573165894,17876,17916,40
12.9973402023,80.2573165894,17916,17926,10
12.997300148,80.2572631836,17926,18634,708
12.9973201752,80.2572631836,18634,18846,212
12.9972896576,80.2572784424,18846,19372,526
12.9973297119,80.2572402954,19372,19433,61
12.9973602295,80.2572097778,19433,20323,890
12.9972696304,80.2572631836,20323,20819,496
12.997130394,80.257270813,20819,20970,151
12.9972801208,80.257270813,20970,21668,698
12.9973297119,80.2572784424,21668,21972,304
12.997300148,80.2573013306,21972,22346,374
12.997300148,80.2573013306,22346,22356,10
12.9975700378,80.2571411133,22356,22366,10
12.9978103638,80.2571411133,22366,22376,10
12.9979896545,80.2566833496,22376,22609,233
12.9979896545,80.2566833496,22609,22619,10
12.9979801178,80.2565078735,22619,22629,10
12.9977197647,80.2562408447,22629,22679,50
12.9977197647,80.2562408447,22679,22690,11
12.9978704453,80.2559204102,22690,22700,10
12.998339653,80.2559432983,22700,22710,10
12.9992103577,80.2560882568,22710,22720,10
12.9999799728,80.2562484741,22720,22730,10
13.0007896423,80.256401062,22730,22740,10
13.0011196136,80.2564468384,22740,22750,10
13.0016002655,80.2565383911,22750,22760,10
13.0023698807,80.2566604614,22760,22771,11
13.0029602051,80.2567596436,22771,22781,10
13.0037403107,80.2569198608,22781,22791,10
13.0044803619,80.2570724487,22791,22801,10
13.0054302216,80.2572402954,22801,22811,10
13.0061197281,80.2573623657,22811,22821,10
13.006310463,80.2574081421,22821,22831,10
13.0065603256,80.2572479248,22831,22841,10
13.0065402985,80.2566299438,22841,22851,10
13.0065202713,80.2554931641,22851,22861,10
13.006529808,80.2542572021,22861,22872,11
13.006529808,80.2529067993,22872,22882,10
13.0066204071,80.2519683838,22882,22892,10
13.0067596436,80.2509231567,22892,22902,10
13.0067596436,80.2496032715,22902,22912,10
13.0066795349,80.248336792,22912,22922,10
13.006649971,80.2474365234,22922,22952,30
13.006649971,80.2474365234,22952,22963,11
13.0066795349,80.2470626831,22963,22973,10
13.0066795349,80.2464294434,22973,22983,10
13.0066900253,80.2456130981,22983,22993,10
13.0066699982,80.2447280884,22993,23003,10
13.0066299438,80.243888855,23003,23013,10
13.0066299438,80.2430419922,23013,23023,10
13.0065898895,80.2419891357,23023,23033,10
13.0066604614,80.2408905029,23033,23043,10
13.0067501068,80.2402420044,23043,23054,11
13.0069599152,80.2393417358,23054,23064,10
13.0071401596,80.2382888794,23064,23074,10
13.0073795319,80.2371902466,23074,23084,10
13.0075798035,80.2361373901,23084,23094,10
13.007809639,80.2350463867,23094,23104,10
13.0080699921,80.2338562012,23104,23114,10
13.0082302094,80.2328186035,23114,23124,10
13.0084896088,80.2315597534,23124,23134,10
13.0088100433,80.2299728394,23134,23145,11
13.0090904236,80.2285308838,23145,23155,10
13.0095500946,80.2273025513,23155,23165,10
13.0101003647,80.2261199951,23165,23175,10
13.0106296539,80.2249908447,23175,23185,10
13.011059761,80.2239074707,23185,23195,10
13.0115499496,80.222869873,23195,23205,10
13.0119695663,80.2217636108,23205,23215,10
13.012339592,80.2214279175,23215,23225,10
13.0125799179,80.221862793,23225,23236,11
13.0132102966,80.2225570679,23236,23246,10
13.0138902664,80.2232666016,23246,23256,10
13.01445961,80.2238922119,23256,23266,10
13.0150499344,80.2246780396,23266,23276,10
13.0160903931,80.2252883911,23276,23286,10
13.0171003342,80.2250823975,23286,23296,10
13.0181503296,80.2247009277,23296,23306,10
13.0192403793,80.2244186401,23306,23316,10
13.0201702118,80.2248764038,23316,23327,11
13.0210800171,80.2255325317,23327,23337,10
13.0218400955,80.2260971069,23337,23347,10
13.0225000381,80.2266464233,23347,23357,10
13.0231304169,80.2272186279,23357,23367,10
13.0237102509,80.2277679443,23367,23377,10
13.0242099762,80.2282485962,23377,23387,10
13.0244398117,80.2285385132,23387,23397,10
13.0241699219,80.2285385132,23397,23408,11
13.0237398148,80.2279663086,23408,23418,10
13.0232601166,80.2275238037,23418,23448,30
13.0232601166,80.2275238037,23448,23458,10
13.023150444,80.2273635864,23458,23468,10
13.0229997635,80.2272109985,23468,23478,10
13.0226602554,80.2268981934,23478,23488,10
13.0220298767,80.2263336182,23488,23499,11
13.0212602615,80.2257232666,23499,23509,10
13.0204601288,80.2251205444,23509,23519,10
13.0196800232,80.224609375,23519,23529,10
13.0186796188,80.2245178223,23529,23539,10
13.0176200867,80.224937439,23539,23549,10
13.0166397095,80.2253570557,23549,23559,10
13.015879631,80.2256317139,23559,23569,10
13.0149698257,80.2259674072,23569,23579,10
13.0139198303,80.2263412476,23579,23590,11
13.0125999451,80.2268600464,23590,23600,10
13.0113801956,80.2273864746,23600,23610,10
13.0101203918,80.227897644,23610,23620,10
13.0091695786,80.2286376953,23620,23630,10
13.0089502335,80.2297515869,23630,23640,10
13.0086803436,80.2310409546,23640,23650,10
13.0084600449,80.2323608398,23650,23660,10
13.0083198547,80.2334136963,23660,23670,10
13.0082597733,80.2336196899,23670,23681,11
13.008099556,80.2341308594,23681,23691,10
13.0079202652,80.2350387573,23691,23701,10
13.0076704025,80.2360305786,23701,23711,10
13.0074396133,80.2371368408,23711,23721,10
13.0071697235,80.2382965088,23721,23731,10
13.0069198608,80.2394104004,23731,23741,10
13.0067195892,80.2405471802,23741,23751,10
13.0066003799,80.2416915894,23751,23761,10
13.0066404343,80.242980957,23761,23772,11
13.0066795349,80.2443008423,23772,23782,10
13.0067396164,80.2453994751,23782,23791,9
13.006770134,80.2463378906,23791,23802,11
13.0067596436,80.2471313477,23802,23812,10
13.0065002441,80.2474212646,23812,23822,10
13.006360054,80.2474212646,23822,23832,10
13.0059204102,80.2473907471,23832,23842,10
13.0053501129,80.2473831177,23842,23852,10
13.0051603317,80.2473907471,23852,23863,11
13.0045003891,80.2474212646,23863,23873,10
13.0035400391,80.2475585938,23873,23883,10
13.0023803711,80.247756958,23883,23893,10
13.0010900497,80.2480621338,23893,23903,10
12.9996995926,80.2484207153,23903,23913,10
12.9982500076,80.2487716675,23913,23923,10
12.9970502853,80.2490692139,23923,23933,10
12.9952297211,80.2495574951,23933,23943,10
12.9937601089,80.2499389648,23943,23954,11
12.9920396805,80.2503814697,23954,23964,10
12.9911499023,80.2506103516,23964,23974,10
12.9909496307,80.2506408691,23974,23984,10
12.9903202057,80.2507781982,23984,23994,10
12.9893398285,80.2510223389,23994,24004,10
12.9879903793,80.2513885498,24004,24034,30
12.9879903793,80.2513885498,24034,24045,11
12.9877996445,80.2514266968,24045,24055,10
12.9872598648,80.2515563965,24055,24065,10
12.9863700867,80.2517776489,24065,24075,10
12.9851903915,80.2520904541,24075,24085,10
12.9838495255,80.252456665,24085,24095,10
12.9824304581,80.2526473999,24095,24105,10
12.9809303284,80.2526779175,24105,24115,10
12.9796895981,80.2527084351,24115,24125,10
12.9783802032,80.2524490356,24125,24136,11
12.9780702591,80.2521972656,24136,24146,10
12.9774703979,80.251663208,24146,24156,10
12.9764204025,80.2512130737,24156,24166,10
12.9751796722,80.2508392334,24166,24176,10
12.9737997055,80.2504425049,24176,24186,10
12.9723396301,80.250038147,24186,24196,10
12.9708499908,80.2496490479,24196,24206,10
12.9694099426,80.2491226196,24206,24216,10
12.9680995941,80.2485961914,24216,24227,11
12.9668998718,80.2480773926,24227,24237,10
12.965929985,80.2476501465,24237,24247,10
12.965259552,80.2474136353,24247,24257,10
12.9650297165,80.2473220825,24257,24267,10
12.9643602371,80.2470703125,24267,24277,10
12.9634103775,80.2466888428,24277,24287,10
12.9623003006,80.2461395264,24287,24297,10
12.9611101151,80.2455596924,24297,24307,10
12.9599304199,80.2450180054,24307,24318,11
12.9587602615,80.2444915771,24318,24328,10
12.9580898285,80.244178772,24328,24338,10
12.9573602676,80.243888855,24338,24348,10
12.9565000534,80.243560791,24348,24358,10
12.9561004639,80.2433776855,24358,24368,10
12.9553403854,80.2430419922,24368,24378,10
12.9543104172,80.2426071167,24378,24388,10
12.9531402588,80.242149353,24388,24398,10
12.9518995285,80.2416915894,24398,24409,11
12.9505796432,80.2412872314,24409,24419,10
12.9493303299,80.2408828735,24419,24429,10
12.9480695724,80.2403793335,24429,24439,10
12.9467697144,80.2398300171,24439,24449,10
12.9454803467,80.2392425537,24449,24459,10
12.9444103241,80.2382202148,24459,24469,10
12.9433803558,80.2370986938,24469,24479,10
12.9420604706,80.2363586426,24479,24489,10
12.9405403137,80.2359771729,24489,24500,11
12.9391098022,80.2354431152,24500,24510,10
12.9379501343,80.2348480225,24510,24520,10
12.9372196198,80.2344665527,24520,24530,10
12.935959816,80.23387146,24530,24540,10
12.9348602295,80.2333602905,24540,24550,10
12.9339504242,80.2329864502,24550,24560,10
12.9336996078,80.2328796387,24560,24570,10
12.9330301285,80.2325820923,24570,24580,10
12.9320201874,80.2322006226,24580,24591,11
12.9306297302,80.2317428589,24591,24601,10
12.929400444,80.2314300537,24601,24611,10
12.928030014,80.2311935425,24611,24621,10
12.9265298843,80.2309875488,24621,24631,10
12.9252996445,80.2308502197,24631,24641,10
12.9234399796,80.2306213379,24641,24651,10
12.9218597412,80.2304000854,24651,24661,10
12.9202404022,80.2302017212,24661,24671,10
12.9186000824,80.2299804688,24671,24682,11
12.9167995453,80.2297286987,24682,24692,10
12.9151601791,80.2294998169,24692,24702,10
12.913649559,80.2292709351,24702,24712,10
12.9123601913,80.2291030884,24712,24722,10
12.9109296799,80.2288970947,24722,24732,10
12.9094200134,80.2286834717,24732,24742,10
12.9078903198,80.2284393311,24742,24752,10
12.906370163,80.2282714844,24752,24763,11
12.9046096802,80.2281570435,24763,24773,10
12.9029998779,80.2280578613,24773,24783,10
12.9014196396,80.2279891968,24783,24793,10
12.9002399445,80.2279434204,24793,24803,10
12.8996696472,80.2279205322,24803,24813,10
12.8996601105,80.2279205322,24813,24823,10
12.8995704651,80.2279663086,24823,24833,10
12.8990602493,80.2278823853,24833,24843,10
12.8981704712,80.2277984619,24843,24854,11
12.8968801498,80.2277069092,24854,24864,10
12.8955001831,80.2276382446,24864,24874,10
12.8940000534,80.2275695801,24874,24884,10
12.8924398422,80.2274017334,24884,24894,10
12.89083004,80.2273635864,24894,24904,10
12.8892097473,80.2273483276,24904,24914,10
12.8877601624,80.2272872925,24914,24924,10
12.8864803314,80.2270202637,24924,24934,10
12.8851099014,80.2267303467,24934,24945,11
12.883480072,80.2266998291,24945,24955,10
12.8819198608,80.2267074585,24955,24965,10
12.8803396225,80.2267227173,24965,24975,10
12.8787202835,80.2267837524,24975,24985,10
12.8771295547,80.2269210815,24985,24995,10
12.8757400513,80.2269668579,24995,25005,10
12.874250412,80.2268218994,25005,25015,10
12.8729200363,80.2267303467,25015,25025,10
12.8726100922,80.2267379761,25025,25036,11
12.8718795776,80.2266998291,25036,25046,10
12.8708200455,80.2266464233,25046,25056,10
12.8695201874,80.2265319824,25056,25066,10
12.8681001663,80.2264099121,25066,25076,10
12.8665800095,80.2265625,25076,25086,10
12.8650798798,80.2265930176,25086,25096,10
12.8635501862,80.2265472412,25096,25106,10
12.861989975,80.2265930176,25106,25116,10
12.8604202271,80.2265396118,25116,25127,11
12.8588399887,80.2263336182,25127,25137,10
12.8574399948,80.2262802124,25137,25147,10
12.8559303284,80.2264099121,25147,25157,10
12.8544101715,80.2265701294,25157,25167,10
12.8528299332,80.2266921997,25167,25177,10
12.8512401581,80.2266311646,25177,25187,10
12.8496103287,80.2265777588,25187,25197,10
12.8479404449,80.226600647,25197,25207,10
12.8463497162,80.2266235352,25207,25218,11
12.8454504013,80.2266387939,25218,25228,10
12.8453197479,80.2266311646,25228,25238,10
12.8452796936,80.2266387939,25238,25248,10
12.8451795578,80.2266311646,25248,25268,20
12.8451795578,80.2266311646,25268,25278,10
12.8447303772,80.2266693115,25278,25288,10
12.8438796997,80.2267379761,25288,25298,10
12.8427696228,80.2269210815,25298,25309,11
12.8413200378,80.2272720337,25309,25319,10
12.8402099609,80.2275619507,25319,25329,10
12.8397197723,80.2276916504,25329,25339,10
12.8394298553,80.2277832031,25339,25349,10
12.8386802673,80.2279891968,25349,25359,10
12.8375902176,80.2282562256,25359,25369,10
12.8362398148,80.2284622192,25369,25379,10
12.8347702026,80.2286834717,25379,25389,10
12.8332395554,80.2289581299,25389,25400,11
12.8322200775,80.2291564941,25400,25410,10
12.8316602707,80.2292861938,25410,25420,10
12.8307304382,80.2295837402,25420,25430,10
12.82970047,80.2299880981,25430,25440,10
12.8286104202,80.2304763794,25440,25450,10
12.827340126,80.2311706543,25450,25460,10
12.8258600235,80.2314224243,25460,25470,10
12.8243103027,80.2313232422,25470,25480,10
12.8228197098,80.2309036255,25480,25491,11
12.8211803436,80.2304992676,25491,25501,10
12.8198204041,80.2305297852,25501,25511,10
12.8187799454,80.23046875,25511,25521,10
12.8177700043,80.2299880981,25521,25531,10
12.8165302277,80.2295532227,25531,25541,10
12.8150997162,80.2293319702,25541,25551,10
12.8136396408,80.2290115356,25551,25561,10
12.8121795654,80.2285003662,25561,25571,10
12.8107004166,80.2279510498,25571,25582,11
12.8091497421,80.2272109985,25582,25592,10
12.807970047,80.2262802124,25592,25602,10
12.8071403503,80.2255783081,25602,25612,10
12.806520462,80.2249984741,25612,25622,10
12.8058900833,80.2244415283,25622,25632,10
12.8051795959,80.2240600586,25632,25642,10
12.8047399521,80.2239685059,25642,25652,10
12.8039798737,80.2238998413,25652,25662,10
12.8029403687,80.2237930298,25662,25673,11
12.8015203476,80.2236328125,25673,25683,10
12.8001403809,80.2235031128,25683,25693,10
12.7986803055,80.2233963013,25693,25703,10
12.7973403931,80.2232208252,25703,25713,10
12.7960996628,80.2230072021,25713,25723,10
12.7957801819,80.2229385376,25723,25733,10
12.7952299118,80.222869873,25733,25743,10
12.7942800522,80.2227020264,25743,25753,10
12.7931003571,80.2224884033,25753,25764,11
12.7916603088,80.2221832275,25764,25774,10
12.7903404236,80.2218780518,25774,25784,10
12.7896995544,80.2217025757,25784,25794,10
12.7890396118,80.2214126587,25794,25804,10
12.7881402969,80.2210464478,25804,25814,10
12.7873497009,80.2207794189,25814,25824,10
12.7867603302,80.2205734253,25824,25834,10
12.7866201401,80.2205123901,25834,25844,10
12.7864303589,80.2204208374,25844,25855,11
12.7861995697,80.2204589844,25855,25865,10
12.7862300873,80.2210006714,25865,25875,10
12.7862796783,80.2215118408,25875,25885,10
12.7863101959,80.2217712402,25885,25895,10
12.7863302231,80.2219772339,25895,26461,566
12.7863302231,80.2219772339,26461,26471,10
12.7863197327,80.2217178345,26471,26482,11
12.7862796783,80.2212600708,26482,26492,10
12.7862596512,80.2207107544,26492,26502,10
12.7862596512,80.220489502,26502,26512,10
12.7866201401,80.2204818726,26512,26532,20
12.7866201401,80.2204818726,26532,26542,10
12.7868995667,80.2206115723,26542,26552,10
12.7875699997,80.2208633423,26552,26562,10
12.7884702682,80.2211914063,26562,26573,11
12.7895097733,80.2215499878,26573,26583,10
12.790309906,80.2218017578,26583,26593,10
12.7913599014,80.2220687866,26593,26603,10
12.7926101685,80.2223587036,26603,26613,10
12.7939996719,80.2225799561,26613,26623,10
12.7951097488,80.2227630615,26623,26633,10
12.7965097427,80.2229766846,26633,26643,10
12.7968902588,80.2230377197,26643,26654,11
12.7976999283,80.2232131958,26654,26664,10
12.7986602783,80.2233200073,26664,26674,10
12.7998199463,80.2234420776,26674,26684,10
12.8010501862,80.2235488892,26684,26694,10
12.8014802933,80.2235870361,26694,26704,10
12.8019895554,80.2236480713,26704,26714,10
12.8028497696,80.2237625122,26714,26724,10
12.8037099838,80.2238693237,26724,26734,10
12.8046197891,80.2239303589,26734,26745,11
12.8055095673,80.2241363525,26745,26755,10
12.8057003021,80.2242279053,26755,26765,10
12.806189537,80.2246170044,26765,26775,10
12.8069601059,80.2252883911,26775,26785,10
12.8079004288,80.2261123657,26785,26795,10
12.8089895248,80.2270126343,26795,26805,10
12.8102703094,80.2277374268,26805,26815,10
12.8116998672,80.2283096313,26815,26825,10
12.8131999969,80.2288284302,26825,26836,11
12.8148097992,80.2292480469,26836,26846,10
12.8163299561,80.2294692993,26846,26856,10
12.8178100586,80.229927063,26856,26866,10
12.8191604614,80.23046875,26866,26876,10
12.8197498322,80.23046875,26876,26886,10
12.8202104568,80.2304611206,26886,26896,10
12.8211803436,80.2304611206,26896,26906,10
12.8223800659,80.230682373,26906,26916,10
12.8237495422,80.2310791016,26916,26927,11
12.8253202438,80.2313766479,26927,26937,10
12.8267602921,80.231300354,26937,26947,10
12.8280601501,80.2307510376,26947,26957,10
12.8293600082,80.2300796509,26957,26967,10
12.8306798935,80.2295379639,26967,26977,10
12.8314599991,80.2292480469,26977,26987,10
12.8323898315,80.2290420532,26987,26997,10
12.8335103989,80.2288589478,26997,27007,10
12.8347997665,80.2285995483,27007,27018,11
12.8363704681,80.2283630371,27018,27028,10
12.8378200531,80.2281036377,27028,27038,10
12.8390197754,80.2278366089,27038,27048,10
12.8395795822,80.227722168,27048,27058,10
12.8401403427,80.2275466919,27058,27068,10
12.8410596848,80.2273025513,27068,27078,10
12.842209816,80.2269973755,27078,27088,10
12.8435001373,80.2267379761,27088,27098,10
12.8447704315,80.2265625,27098,27109,11
12.8453702927,80.2265319824,27109,27119,10
12.8455495834,80.2265396118,27119,27129,10
12.8461399078,80.2265472412,27129,27139,10
12.8470697403,80.2265396118,27139,27149,10
12.8482103348,80.2265167236,27149,27159,10
12.8494796753,80.2264785767,27159,27169,10
12.8509197235,80.2265167236,27169,27179,10
12.8524503708,80.2266235352,27179,27189,10
12.8540000916,80.2265625,27189,27200,11
12.8557195663,80.2263793945,27200,27210,10
12.8572902679,80.2262268066,27210,27220,10
12.8588199615,80.2262268066,27220,27230,10
12.8602800369,80.2264328003,27230,27240,10
12.8608398438,80.2264862061,27240,27250,10
12.8611402512,80.2265014648,27250,27260,10
12.8619604111,80.2265014648,27260,27270,10
12.8630199432,80.2264633179,27270,27280,10
12.8642196655,80.2264785767,27280,27291,11
12.8658504486,80.2265167236,27291,27301,10
12.8674001694,80.2264022827,27301,27311,10
12.8689804077,80.2263870239,27311,27321,10
12.8705701828,80.2265625,27321,27331,10
12.872130394,80.2266235352,27331,27341,10
12.8728103638,80.2266082764,27341,27351,10
12.8728599548,80.2266235352,27351,27361,10
12.8733797073,80.2266464233,27361,27371,10
12.874250412,80.2267303467,27371,27382,11
12.8754997253,80.2268829346,27382,27392,10
12.8765802383,80.2268829346,27392,27402,10
12.8767299652,80.2268676758,27402,27412,10
12.8772001266,80.226852417,27412,27422,10
12.878080368,80.2267913818,27422,27432,10
12.8792104721,80.2267303467,27432,27442,10
12.8805398941,80.2266998291,27442,27452,10
12.8818397522,80.2266998291,27452,27462,10
12.8835096359,80.2266769409,27462,27473,11
12.8849897385,80.2266387939,27473,27483,10
12.8852396011,80.2266616821,27483,27493,10
12.8855495453,80.2267227173,27493,27503,10
12.8862895966,80.2269287109,27503,27513,10
12.8873195648,80.227180481,27513,27523,10
12.8886003494,80.2273025513,27523,27533,10
12.8900203705,80.2273178101,27533,27543,10
12.8915300369,80.2273178101,27543,27553,10
12.892829895,80.2273864746,27553,27564,11
12.8945999146,80.2275924683,27564,27574,10
12.8961200714,80.2276382446,27574,27584,10
12.8976402283,80.2277069092,27584,27594,10
12.8991603851,80.2277984619,27594,27604,10
12.9006996155,80.2278671265,27604,27624,20
12.9006996155,80.2278671265,27624,27634,10
12.9008302689,80.2278366089,27634,27644,10
12.901049614,80.227897644,27644,27655,11
12.9017000198,80.2279510498,27655,27665,10
12.9024896622,80.2279968262,27665,27675,10
12.9028396606,80.2279815674,27675,27685,10
12.9028997421,80.2279815674,27685,27695,10
12.9033699036,80.2279891968,27695,27705,10
12.9042100906,80.2280807495,27705,27715,10
12.90528965,80.2281417847,27715,27725,10
12.9064102173,80.228187561,27725,27735,10
12.9072799683,80.2283172607,27735,27746,11
12.9082803726,80.2284698486,27746,27756,10
12.9095602036,80.2286834717,27756,27766,10
12.9109897614,80.2288970947,27766,27776,10
12.9124403,80.2291030884,27776,27786,10
12.9136295319,80.2292404175,27786,27796,10
12.914059639,80.229309082,27796,27806,10
12.9142799377,80.229347229,27806,27816,10
12.9149398804,80.2294464111,27816,27826,10
12.9160203934,80.229598999,27826,27837,11
12.9172201157,80.2297821045,27837,27847,10
12.9185695648,80.2299575806,27847,27857,10
12.9200000763,80.2301483154,27857,27867,10
12.921500206,80.2303390503,27867,27877,10
12.9230298996,80.2305603027,27877,27887,10
12.9245796204,80.2307662964,27887,27897,10
12.9259700775,80.2309036255,27897,27907,10
12.9264497757,80.2309494019,27907,27918,11
12.9269800186,80.2310180664,27918,27928,10
12.9278402328,80.2311172485,27928,27938,10
12.9289302826,80.231300354,27938,27948,10
12.9301700592,80.231590271,27948,27958,10
12.931520462,80.2319793701,27958,27968,10
12.932849884,80.2324523926,27968,27978,10
12.9336204529,80.2327423096,27978,27988,10
12.9336500168,80.232749939,27988,27998,10
12.9338197708,80.2328414917,27998,28009,11
12.9343595505,80.2331085205,28009,28019,10
12.9352197647,80.2334823608,28019,28029,10
12.9361400604,80.2339172363,28029,28039,10
12.9371995926,80.2344436646,28039,28049,10
12.9384202957,80.2350387573,28049,28059,10
12.9395399094,80.2355575562,28059,28069,10
12.9397096634,80.2356491089,28069,28079,10
12.9401102066,80.2358627319,28079,28089,10
12.9408197403,80.2360687256,28089,28100,11
12.9420604706,80.236366272,28100,28110,10
12.943189621,80.2369003296,28110,28120,10
12.9441795349,80.2379074097,28120,28130,10
12.9452199936,80.2390213013,28130,28140,10
12.9465398788,80.2396774292,28140,28150,10
12.9472103119,80.2399597168,28150,28160,10
12.9475803375,80.2401428223,28160,28170,10
12.9483299255,80.2404403687,28170,28180,10
12.9488401413,80.2406005859,28180,28191,11
12.9488601685,80.2406005859,28191,28201,10
12.9491300583,80.2407302856,28201,28211,10
12.949760437,80.2409286499,28211,28221,10
12.9506397247,80.2412033081,28221,28231,10
12.9510602951,80.241317749,28231,28241,10
12.9512395859,80.2414016724,28241,28251,10
12.9515895844,80.2415313721,28251,28261,10
12.9522895813,80.2418136597,28261,28271,10
12.953209877,80.2421722412,28271,28282,11
12.9544200897,80.2426376343,28282,28292,10
12.9553003311,80.242980957,28292,28302,10
12.9561796188,80.2433319092,28302,28312,10
12.9566802979,80.243522644,28312,28322,10
12.9574699402,80.2438583374,28322,28332,10
12.9584197998,80.2442626953,28332,28342,10
12.9588603973,80.2444229126,28342,28352,10
12.9590702057,80.2445373535,28352,28362,10
12.9597101212,80.2448425293,28362,28373,11
12.9607200623,80.2452926636,28373,28383,10
12.9618501663,80.2458190918,28383,28393,10
12.9629402161,80.2463607788,28393,28403,10
12.9636001587,80.2467422485,28403,28413,10
12.9644098282,80.2470703125,28413,28423,10
12.9654302597,80.2473907471,28423,28433,10
12.9662303925,80.2476577759,28433,28443,10
12.9665203094,80.2477722168,28443,28453,10
12.9666500092,80.247833252,28453,28464,11
12.9671201706,80.2480926514,28464,28474,10
12.9679203033,80.2484436035,28474,28484,10
12.9689397812,80.2488632202,28484,28494,10
12.9701099396,80.2493209839,28494,28504,10
12.9713802338,80.24974823,28504,28514,10
12.9727096558,80.2501068115,28514,28524,10
12.9740800858,80.2504730225,28524,28534,10
12.9754800797,80.2508773804,28534,28544,10
12.9768400192,80.2512969971,28544,28555,11
12.9780797958,80.2520294189,28555,28565,10
12.9784202576,80.2522735596,28565,28575,10
12.9787797928,80.2524795532,28575,28585,10
12.9795598984,80.2526626587,28585,28595,10
12.9805202484,80.2526779175,28595,28605,10
12.9815702438,80.2526626587,28605,28615,10
12.9828100204,80.2526016235,28615,28625,10
12.9841403961,80.2523498535,28625,28635,10
12.9854898453,80.2519989014,28635,28646,11
12.9867296219,80.2516479492,28646,28656,10
12.987039566,80.2515563965,28656,28666,10
12.9872598648,80.2515029907,28666,28676,10
12.9876403809,80.2514038086,28676,28686,10
12.9882001877,80.2512817383,28686,28696,10
12.9890699387,80.2510604858,28696,28706,10
12.9894695282,80.2509307861,28706,28716,10
12.9896697998,80.250869751,28716,28725,9
12.9903297424,80.2507171631,28725,28737,12
12.9915800095,80.2504425049,28737,28747,10
12.9928398132,80.2501373291,28747,28757,10
12.9941902161,80.2498016357,28757,28767,10
12.9955701828,80.249458313,28767,28777,10
12.9966201782,80.2491378784,28777,28787,10
12.9968395233,80.2490921021,28787,28797,10
12.9974603653,80.2489471436,28797,28807,10
12.9984397888,80.2487335205,28807,28817,10
12.9996004105,80.2484436035,28817,28828,11
13.0010995865,80.2480621338,28828,28838,10
13.0024900436,80.247718811,28838,28848,10
13.0038204193,80.247467041,28848,28858,10
13.0051898956,80.2472915649,28858,28868,10
13.0064001083,80.2467803955,28868,28878,10
13.0066003799,80.2462692261,28878,28888,10
13.0066204071,80.2461700439,28888,28898,10
13.0066604614,80.2454833984,28898,28908,10
13.0066604614,80.2445831299,28908,28919,11
13.0066299438,80.2434387207,28919,28929,10
13.0065603256,80.2423706055,28929,28939,10
13.0065898895,80.2411499023,28939,28949,10
13.0067195892,80.2402191162,28949,28959,10
13.0069198608,80.2393112183,28959,28969,10
13.0071296692,80.2381668091,28969,28979,10
13.0073900223,80.2370071411,28979,28989,10
13.0074596405,80.236618042,28989,28999,10
13.0075798035,80.2362594604,28999,29010,11
13.0077495575,80.2354888916,29010,29020,10
13.0079097748,80.2345428467,29020,29030,10
13.0081396103,80.2333831787,29030,29040,10
13.0084295273,80.2319717407,29040,29050,10
13.0087003708,80.2304382324,29050,29060,10
13.0090303421,80.2289199829,29060,29070,10
13.0093002319,80.2278823853,29070,29080,10
13.0099000931,80.2266693115,29080,29090,10
13.0104503632,80.2255020142,29090,29101,11
13.010720253,80.2249603271,29101,29111,10
13.0109701157,80.2243423462,29111,29121,10
13.0112895966,80.2235565186,29121,29131,10
13.0113897324,80.2232971191,29131,29141,10
13.0115299225,80.2230377197,29141,29151,10
13.0117797852,80.222366333,29151,29161,10
13.0121898651,80.2214202881,29161,29171,10
13.0125799179,80.2217712402,29171,29181,10
13.0131397247,80.2224578857,29181,29192,11
13.0139598846,80.2234191895,29192,29202,10
13.0146799088,80.2241973877,29202,29212,10
13.0154399872,80.2249298096,29212,29232,20
13.0154399872,80.2249298096,29232,29242,10
13.0155801773,80.2250213623,29242,29252,10
13.0158004761,80.2252883911,29252,29262,10
13.0164804459,80.2253799438,29262,29273,11
13.0174598694,80.2250289917,29273,29283,10
13.0185403824,80.2245864868,29283,29293,10
13.019780159,80.2245178223,29293,29333,40
13.019780159,80.2245178223,29333,29343,10
13.0200901031,80.2247924805,29343,29353,10
13.0206098557,80.2251586914,29353,29364,11
13.0212602615,80.2256622314,29364,29374,10
13.0219602585,80.2261734009,29374,29384,10
13.0226697922,80.2267608643,29384,29394,10
13.0233201981,80.2273788452,29394,29404,10
13.0239601135,80.2278366089,29404,29687,283
13.0240602493,80.2278518677,29687,29738,51
13.024020195,80.2278671265,29738,29829,91
13.0240497589,80.2280578613,29829,29889,60
13.0240497589,80.2280578613,29889,29900,11
13.0242004395,80.2282714844,29900,29910,10
13.0243597031,80.2284164429,29910,29960,50
13.0243597031,80.2284164429,29960,29970,10
13.0244398117,80.2284927368,29970,29980,10
13.0243501663,80.2286682129,29980,29991,11
13.024020195,80.2282333374,29991,30001,10
13.0234804153,80.2276229858,30001,30011,10
13.0231304169,80.2273864746,30011,30031,20
13.0230503082,80.227180481,30031,30092,61
13.0230302811,80.2273025513,30092,30193,101
13.0230302811,80.2273025513,30193,30203,10
13.0229902267,80.227180481,30203,30213,10
13.0225801468,80.2267532349,30213,30223,10
13.0219202042,80.2261734009,30223,30233,10
13.0210504532,80.2255020142,30233,30243,10
13.0201101303,80.2248382568,30243,30253,10
13.0190401077,80.2244415283,30253,30264,11
13.0178003311,80.2248916626,30264,30274,10
13.0169095993,80.2252578735,30274,30284,10
13.0165195465,80.2254180908,30284,30294,10
13.0162296295,80.2255477905,30294,30304,10
13.0156803131,80.2257766724,30304,30314,10
13.015080452,80.2259597778,30314,30334,20
13.015080452,80.2259597778,30334,30344,10
13.0147695541,80.2260665894,30344,30355,11
13.0139904022,80.2263793945,30355,30365,10
13.0129995346,80.2267684937,30365,30375,10
13.0118598938,80.2272186279,30375,30385,10
13.0109100342,80.2276077271,30385,30395,10
13.0095100403,80.2282104492,30395,30405,10
13.0090398788,80.2291564941,30405,30415,10
13.0088195801,80.2304000854,30415,30425,10
13.0085802078,80.2317276001,30425,30435,10
13.0083198547,80.233039856,30435,30446,11
13.0080699921,80.2343215942,30446,30456,10
13.0078201294,80.2355499268,30456,30466,10
13.0075502396,80.2369003296,30466,30476,10
13.0072402954,80.23828125,30476,30486,10
13.0070400238,80.2393569946,30486,30496,10
13.0068702698,80.2402420044,30496,30506,10
13.0066995621,80.2411499023,30506,30516,10
13.0066699982,80.2422027588,30516,30526,10
13.0066900253,80.2432174683,30526,30537,11
13.0068101883,80.2442626953,30537,30547,10
13.0067501068,80.2453536987,30547,30557,10
13.0068702698,80.2463378906,30557,30567,10
13.0068101883,80.2473068237,30567,30577,10
13.006770134,80.2482299805,30577,30587,10
13.0068101883,80.2494430542,30587,30597,10
13.0068302155,80.2507171631,30597,30606,9
13.0068397522,80.2514801025,30606,30617,11
13.0066299438,80.2523193359,30617,30628,11
13.0065803528,80.2533187866,30628,30638,10
13.0065898895,80.2544403076,30638,30648,10
13.0066604614,80.2556762695,30648,30658,10
13.0066299438,80.2569503784,30658,30678,20
13.0066299438,80.2569503784,30678,30688,10
13.0066299438,80.2574615479,30688,30698,10
13.0061597824,80.2574768066,30698,30708,10
13.0055103302,80.2573165894,30708,30719,11
13.0046396255,80.2571029663,30719,30729,10
13.0038499832,80.256942749,30729,30739,10
13.0030097961,80.2567901611,30739,30749,10
13.0021696091,80.2566223145,30749,30759,10
13.0017204285,80.2565612793,30759,30769,10
13.0016098022,80.2565612793,30769,30779,10
13.0012197495,80.2565231323,30779,30789,10
13.0006303787,80.2564163208,30789,30799,10
12.9997997284,80.2562637329,30799,30810,11
12.9988002777,80.2560195923,30810,30820,10
12.9981403351,80.2559890747,30820,30830,10
12.9976997375,80.2560882568,30830,30840,10
12.9976902008,80.2563705444,30840,30850,10
12.9972000122,80.256980896,30850,30951,101
12.9971399307,80.2570800781,30951,31204,253
12.9971399307,80.257019043,31204,31335,131
12.9970197678,80.2569732666,31335,31912,577
12.9968299866,80.256942749,31912,32013,101
12.9970798492,80.2567825317,32013,32731,718
12.997010231,80.2568283081,32731,32984,253
12.997010231,80.2568283081,32984,32994,10
12.997010231,80.2567367554,32994,33297,303
12.9969797134,80.2568206787,33297,33469,172
12.9969902039,80.2568283081,33469,33682,213
12.9969902039,80.2568283081,33682,33692,10
12.9975204468,80.2562637329,33692,33783,91
12.9975204468,80.2562637329,33783,33793,10
12.9977197647,80.2561569214,33793,33803,10
12.9977703094,80.2560424805,33803,33813,10
12.997590065,80.2559661865,33813,33823,10
12.9971504211,80.2560119629,33823,33854,31
12.9971504211,80.2560119629,33854,33864,10
12.9969100952,80.2559814453,33864,33874,10
12.9968004227,80.2560195923,33874,33884,10
12.9965200424,80.2559127808,33884,33894,10
12.995880127,80.2558898926,33894,33904,10
12.9953203201,80.2558898926,33904,33914,10
12.994600296,80.2559204102,33914,33925,11
12.9936199188,80.2559967041,33925,33935,10
12.9926204681,80.2558898926,33935,33945,10
12.9913797379,80.2559814453,33945,33955,10
12.9905395508,80.2559890747,33955,33965,10
12.9898099899,80.2560424805,33965,33975,10
12.9889001846,80.2559280396,33975,33985,10
12.9882001877,80.2558517456,33985,33995,10
12.9881801605,80.2558517456,33995,34005,10
12.987830162,80.2557907104,34005,34015,10
12.9872503281,80.2556991577,34015,34026,11
12.9865398407,80.255569458,34026,34036,10
12.9862699509,80.2555084229,34036,34046,10
12.9859600067,80.2554626465,34046,34056,10
12.9854698181,80.2554016113,34056,34066,10
12.9845504761,80.2551727295,34066,34076,10
12.9837799072,80.2549591064,34076,34086,10
12.9830703735,80.2547836304,34086,34096,10
12.9824800491,80.2545471191,34096,34106,10
12.982049942,80.2540435791,34106,34117,11
12.9817399979,80.2530517578,34117,34127,10
12.9810600281,80.2527923584,34127,34136,9
12.980340004,80.2527694702,34136,34147,11
12.9793796539,80.2526473999,34147,34157,10
12.9785995483,80.2525634766,34157,34167,10
12.9784603119,80.2524871826,34167,34177,10
12.9781703949,80.252281189,34177,34187,10
12.9776601791,80.2518234253,34187,34197,10
12.9767599106,80.2512969971,34197,34208,11
12.9754199982,80.2508773804,34208,34218,10
12.9740800858,80.25050354,34218,34228,10
12.9726295471,80.2501220703,34228,34238,10
12.9711198807,80.249710083,34238,34248,10
12.9696502686,80.2492294312,34248,34258,10
12.9681997299,80.248626709,34258,34268,10
12.9669704437,80.2481002808,34268,34278,10
12.965959549,80.2476501465,34278,34288,10
12.9651899338,80.2473983765,34288,34299,11
12.964799881,80.2472076416,34299,34309,10
12.9639596939,80.2468719482,34309,34319,10
12.9628801346,80.2463912964,34319,34329,10
12.9616098404,80.2457809448,34329,34339,10
12.9602603912,80.2451400757,34339,34349,10
12.9591798782,80.2446975708,34349,34359,10
12.9583997726,80.2443771362,34359,34369,10
12.9576702118,80.2440872192,34369,34380,11
12.9567804337,80.2437820435,34380,34390,10
12.9563102722,80.243637085,34390,34400,10
12.9556999207,80.2432632446,34400,34410,10
12.9548797607,80.2429199219,34410,34420,10
12.954079628,80.2425613403,34420,34430,10
12.9531297684,80.2421569824,34430,34440,10
12.9520597458,80.2417526245,34440,34450,10
12.9507904053,80.241317749,34450,34460,10
12.9495201111,80.2409286499,34460,34470,10
12.9491996765,80.2408218384,34470,34481,11
12.9487600327,80.2406616211,34481,34491,10
12.947930336,80.2403182983,34491,34501,10
12.9470901489,80.2400131226,34501,34511,10
12.9462900162,80.2396469116,34511,34521,10
12.9452800751,80.239112854,34521,34531,10
12.9442996979,80.2382278442,34531,34541,10
12.9433202744,80.2371520996,34541,34551,10
12.9420003891,80.2363891602,34551,34561,10
12.940489769,80.2359924316,34561,34572,11
12.9398002625,80.235786438,34572,34582,10
12.9395103455,80.2356185913,34582,34592,10
12.9387397766,80.2352371216,34592,34602,10
12.9377202988,80.2347412109,34602,34612,10
12.93653965,80.234161377,34612,34622,10
12.9357500076,80.2338027954,34622,34632,10
12.9351301193,80.233543396,34632,34642,10
12.9341802597,80.2331466675,34642,34652,10
12.9339199066,80.2330322266,34652,34663,11
12.9336795807,80.2329025269,34663,34673,10
12.9331598282,80.2326507568,34673,34683,10
12.9328098297,80.2324905396,34683,34693,10
12.9320297241,80.2322235107,34693,34703,10
12.9309196472,80.2318572998,34703,34713,10
12.9296798706,80.2315063477,34713,34723,10
12.9284296036,80.231262207,34723,34733,10
12.9270801544,80.2311019897,34733,34744,11
12.9261302948,80.231010437,34744,34754,10
12.9258203506,80.2309570313,34754,34764,10
12.9250898361,80.2308502197,34764,34774,10
12.9240703583,80.23072052,34774,34784,10
12.9228401184,80.2305374146,34784,34794,10
12.9214401245,80.2303237915,34794,34804,10
12.919960022,80.230140686,34804,34814,10
12.918419838,80.2299423218,34814,34824,10
12.9168596268,80.2297210693,34824,34834,10
12.9153203964,80.2294998169,34834,34845,11
12.9137802124,80.2293014526,34845,34855,10
12.9132995605,80.2293014526,34855,34865,10
12.9131498337,80.2292785645,34865,34875,10
12.9124803543,80.229133606,34875,34885,10
12.9114904404,80.2289962769,34885,34895,10
12.9102602005,80.2288208008,34895,34905,10
12.9088697433,80.2285919189,34905,34915,10
12.9074296951,80.2283477783,34915,34926,11
12.9060602188,80.2282333374,34926,34936,10
12.9049396515,80.2281799316,34936,34946,10
12.9038801193,80.2281570435,34946,34956,10
12.9026098251,80.2280883789,34956,34966,10
12.9009799957,80.2279968262,34966,35037,71
12.9009799957,80.2279968262,35037,35047,10
12.9009199142,80.2279205322,35047,35057,10
12.900560379,80.227897644,35057,35067,10
12.8997802734,80.2278823853,35067,35077,10
12.899310112,80.2278671265,35077,35087,10
12.8991003036,80.2278594971,35087,35097,10
12.8984098434,80.2277984619,35097,35107,10
12.8974399567,80.2277603149,35107,35118,11
12.8961000443,80.2276992798,35118,35128,10
12.8947601318,80.2276382446,35128,35138,10
12.8933401108,80.2275009155,35138,35148,10
12.8925104141,80.2273864746,35148,35158,10
12.8916597366,80.2273406982,35158,35168,10
12.890540123,80.2273483276,35168,35178,10
12.8892202377,80.2273635864,35178,35188,10
12.8877897263,80.2273025513,35188,35198,10
12.8863201141,80.2270126343,35198,35209,11
12.885020256,80.2267532349,35209,35219,10
12.8844900131,80.2267303467,35219,35229,10
12.8835897446,80.2267303467,35229,35239,10
12.8824300766,80.2267303467,35239,35249,10
12.8810997009,80.2267532349,35249,35259,10
12.8797597885,80.2267608643,35259,35269,10
12.8783397675,80.2268218994,35269,35279,10
12.8769397736,80.2269592285,35279,35289,10
12.8765201569,80.2269973755,35289,35300,11
12.8760995865,80.2269973755,35300,35310,10
12.8752603531,80.2269363403,35310,35320,10
12.8741397858,80.2267990112,35320,35330,10
12.8729200363,80.2267303467,35330,35340,10
12.872590065,80.2267303467,35340,35350,10
12.8720998764,80.2267227173,35350,35360,10
12.8712701797,80.2266693115,35360,35370,10
12.8703203201,80.2265930176,35370,35381,11
12.8691301346,80.2264633179,35381,35391,10
12.8676395416,80.2264404297,35391,35401,10
12.8662204742,80.2265625,35401,35411,10
12.8647699356,80.2265701294,35411,35421,10
12.8632898331,80.2265167236,35421,35431,10
12.8617601395,80.2265930176,35431,35441,10
12.8601999283,80.2265090942,35441,35451,10
12.8587303162,80.2263336182,35451,35461,10
12.8572502136,80.2263183594,35461,35471,10
12.8557300568,80.2264633179,35471,35482,11
12.8540201187,80.2266387939,35482,35492,10
12.8524398804,80.2266998291,35492,35502,10
12.8508300781,80.2266235352,35502,35512,10
12.8492002487,80.2265930176,35512,35522,10
12.8475599289,80.226600647,35522,35532,10
12.8459701538,80.2266082764,35532,35542,10
12.8452301025,80.2266387939,35542,35552,10
12.8450298309,80.2266464233,35552,35562,10
12.8442296982,80.2267227173,35562,35573,11
12.8431797028,80.2268371582,35573,35583,10
12.8419103622,80.2270965576,35583,35593,10
12.8405399323,80.2274780273,35593,35603,10
12.8398399353,80.2276611328,35603,35613,10
12.83934021,80.2278213501,35613,35623,10
12.8384504318,80.2280502319,35623,35633,10
12.8372898102,80.2282791138,35633,35643,10
12.8359203339,80.2284927368,35643,35653,10
12.8344402313,80.228729248,35653,35664,11
12.832909584,80.2290267944,35664,35674,10
12.83273983,80.2290725708,35674,35684,10
12.8324203491,80.2291030884,35684,35694,10
12.831990242,80.2291870117,35694,35704,10
12.8316802979,80.2292633057,35704,35714,10
12.8308897018,80.2294921875,35714,35724,10
12.8297796249,80.2298965454,35724,35734,10
12.8285198212,80.2304763794,35734,35745,11
12.8270998001,80.2312469482,35745,35755,10
12.8256597519,80.2314071655,35755,35765,10
12.8245000839,80.231338501,35765,35775,10
12.8232402802,80.2309799194,35775,35785,10
12.821849823,80.2305679321,35785,35795,10
12.8204803467,80.23046875,35795,35805,10
12.8191204071,80.2305221558,35805,35815,10
12.818810463,80.2304916382,35815,35825,10
12.8186101913,80.2303924561,35825,35836,11
12.8178396225,80.2300109863,35836,35846,10
12.8167800903,80.2295837402,35846,35856,10
12.8154497147,80.2293395996,35856,35866,10
12.8140096664,80.2290802002,35866,35876,10
12.8125801086,80.2286376953,35876,35886,10
12.8111200333,80.2280883789,35886,35896,10
12.8097000122,80.2275085449,35896,35906,10
12.8086500168,80.226852417,35906,35916,10
12.8075799942,80.2259292603,35916,35927,11
12.8064002991,80.2248687744,35927,35937,10
12.8054199219,80.2240905762,35937,35947,10
12.8050203323,80.2239990234,35947,35957,10
12.8044996262,80.2239227295,35957,35967,10
12.8035097122,80.2238311768,35967,35977,10
12.8023395538,80.2236862183,35977,35987,10
12.8010101318,80.2235565186,35987,35997,10
12.7995500565,80.2234268188,35997,36007,10
12.7979898453,80.2232589722,36007,36018,11
12.7963104248,80.2229995728,36018,36028,10
12.7959299088,80.2229385376,36028,36038,10
12.7955999374,80.2228927612,36038,36048,10
12.7948703766,80.2227630615,36048,36058,10
12.793800354,80.2225799561,36058,36068,10
12.7925195694,80.2223815918,36068,36078,10
12.7911701202,80.2220611572,36078,36088,10
12.7898397446,80.2217178345,36088,36098,10
12.7894001007,80.2215805054,36098,36109,11
12.7890996933,80.2214508057,36109,36119,10
12.7884998322,80.2212219238,36119,36129,10
12.7878799438,80.2209625244,36129,36139,10
12.7870903015,80.2206878662,36139,36159,20
12.7870903015,80.2206878662,36159,36169,10
12.78703022,80.2206802368,36169,36179,10
12.7867498398,80.2205734253,36179,36189,10
12.7863702774,80.2204208374,36189,36210,21
12.7863702774,80.2204208374,36210,36220,10
12.7862195969,80.2205581665,36220,36230,10
12.7861995697,80.2208099365,36230,36240,10
12.7861995697,80.221031189,36240,36250,10
12.786190033,80.2211990356,36250,36260,10
12.7862596512,80.2216415405,36260,36270,10
12.786239624,80.2220001221,36270,36543,273
12.786239624,80.2220001221,36543,36553,10
12.7862195969,80.2215576172,36553,36564,11
12.786190033,80.2212295532,36564,36574,10
12.7861795425,80.2207489014,36574,36604,30
12.7861795425,80.2207489014,36604,36614,10
12.7862100601,80.2204208374,36614,36624,10
12.7862195969,80.2203598022,36624,36634,10
12.7864599228,80.2203979492,36634,36644,10
12.78647995,80.220413208,36644,36655,11
12.7866096497,80.2204971313,36655,36665,10
12.7870597839,80.2206573486,36665,36675,10
12.787610054,80.2208633423,36675,36685,10
12.7882604599,80.2211074829,36685,36695,10
12.7891397476,80.2214202881,36695,36705,10
12.7898702621,80.2216796875,36705,36715,10
12.7908201218,80.2219161987,36715,36725,10
12.7919597626,80.2221984863,36725,36736,11
12.7932701111,80.222442627,36736,36746,10
12.794839859,80.2226867676,36746,36756,10
12.7962198257,80.2229385376,36756,36766,10
12.7971000671,80.2230682373,36766,36776,10
12.7976303101,80.2231674194,36776,36786,10
12.7984895706,80.2232666016,36786,36796,10
12.7995004654,80.2233734131,36796,36806,10
12.8007001877,80.2234802246,36806,36816,10
12.8014802933,80.2235565186,36816,36827,11
12.8016004562,80.2235870361,36827,36837,10
12.8023395538,80.2236785889,36837,36847,10
12.8032798767,80.2238006592,36847,36857,10
12.8044595718,80.2238616943,36857,36867,10
12.8055095673,80.2240524292,36867,36877,10
12.8055496216,80.224067688,36877,36887,10
12.8059196472,80.2243728638,36887,36897,10
12.8066196442,80.2249832153,36897,36907,10
12.8075304031,80.2257995605,36907,36917,10
12.8086004257,80.2267074585,36917,36928,11
12.809920311,80.2275695801,36928,36938,10
12.8112897873,80.2281417847,36938,36948,10
12.8127603531,80.2286682129,36948,36958,10
12.8142700195,80.229133606,36958,36968,10
12.8158397675,80.2293701172,36968,36978,10
12.8173904419,80.2297210693,36978,36988,10
12.8187799454,80.2303390503,36988,36998,10
12.8197498322,80.230430603,36998,37008,10
12.820019722,80.2304229736,37008,37019,11
12.8208999634,80.2304000854,37019,37029,10
12.8220300674,80.2305374146,37029,37039,10
12.8233299255,80.2309417725,37039,37049,10
12.8247499466,80.2312927246,37049,37059,10
12.826259613,80.231300354,37059,37069,10
12.8274402618,80.2310333252,37069,37079,10
12.8284702301,80.230430603,37079,37089,10
12.8294000626,80.2299880981,37089,37100,11
12.8305797577,80.2295227051,37100,37110,10
12.8309202194,80.2294006348,37110,37120,10
12.8310604095,80.2294387817,37120,37130,10
12.831609726,80.2292633057,37130,37140,10
12.8325004578,80.2290420532,37140,37150,10
12.8336601257,80.2288208008,37150,37160,10
12.8350000381,80.2285766602,37160,37170,10
12.8364400864,80.2283630371,37170,37180,10
12.8379497528,80.2281036377,37180,37191,11
12.839099884,80.2278213501,37191,37201,10
12.8395004272,80.2276916504,37201,37211,10
12.8398199081,80.2276000977,37211,37221,10
12.8406000137,80.2274017334,37221,37231,10
12.841629982,80.2271194458,37231,37241,10
12.8428602219,80.2268829346,37241,37251,10
12.8442602158,80.2266616821,37251,37261,10
12.8453397751,80.2265472412,37261,37271,10
12.845410347,80.2265396118,37271,37281,10
12.8454999924,80.2265319824,37281,37292,11
12.8460702896,80.2265396118,37292,37302,10
12.8469600677,80.2265396118,37302,37312,10
12.8481197357,80.2265396118,37312,37322,10
12.8493995667,80.2265396118,37322,37332,10
12.8507995605,80.2265625,37332,37342,10
12.8523101807,80.2266235352,37342,37352,10
12.8538703918,80.2265777588,37352,37362,10
12.8554601669,80.2264175415,37362,37373,11
12.8570604324,80.2262496948,37373,37383,10
12.8587198257,80.2261962891,37383,37393,10
12.8608398438,80.2264709473,37393,37413,20
12.8608398438,80.2264709473,37413,37423,10
12.8611297607,80.2264785767,37423,37433,10
12.861749649,80.2264862061,37433,37443,10
12.8627004623,80.2264480591,37443,37453,10
12.8638696671,80.2264633179,37453,37463,10
12.8652496338,80.2265014648,37463,37474,11
12.8669204712,80.2264633179,37474,37484,10
12.8684902191,80.2263412476,37484,37494,10
12.8700799942,80.2265090942,37494,37504,10
12.8726396561,80.226600647,37504,37524,20
12.8726396561,80.226600647,37524,37534,10
12.8726997375,80.2266082764,37534,37544,10
12.8731603622,80.2266387939,37544,37554,10
12.8739900589,80.2266921997,37554,37565,11
12.8751497269,80.2268371582,37565,37575,10
12.8763103485,80.2268981934,37575,37585,10
12.8766698837,80.2268600464,37585,37595,10
12.8768596649,80.226852417,37595,37605,10
12.8774595261,80.2267990112,37605,37615,10
12.878370285,80.2267379761,37615,37625,10
12.8795404434,80.2266769409,37625,37635,10
12.8808603287,80.2266693115,37635,37645,10
12.8823003769,80.2266464233,37645,37656,11
12.8839302063,80.2266387939,37656,37666,10
12.8850002289,80.2266311646,37666,37676,10
12.8850603104,80.2266387939,37676,37686,10
12.8851900101,80.2266464233,37686,37696,10
12.8854799271,80.2266998291,37696,37706,10
12.8861398697,80.2268600464,37706,37716,10
12.8870801926,80.2270889282,37716,37726,10
12.8882303238,80.2272491455,37726,37736,10
12.8895397186,80.2272872925,37736,37747,11
12.8910999298,80.2273025513,37747,37757,10
12.8922595978,80.2273025513,37757,37767,10
12.8926296234,80.2273101807,37767,37777,10
12.8932695389,80.2274017334,37777,37787,10
12.8941802979,80.2275238037,37787,37797,10
12.8952302933,80.2275695801,37797,37807,10
12.8965396881,80.2276306152,37807,37817,10
12.8979501724,80.227722168,37817,37827,10
12.8993902206,80.2277984619,37827,37838,11
12.9003400803,80.2278213501,37838,37848,10
12.9006700516,80.2278137207,37848,37858,10
12.900850296,80.2278366089,37858,37868,10
12.9013595581,80.2279129028,37868,37878,10
12.902130127,80.2279205322,37878,37888,10
12.9027900696,80.2279510498,37888,37908,20
12.9027900696,80.2279510498,37908,37918,10
12.902879715,80.2279510498,37918,37929,11
12.9034996033,80.2279968262,37929,37939,10
12.9043703079,80.2280502319,37939,37949,10
12.9054203033,80.2281112671,37949,37959,10
12.9068098068,80.2282028198,37959,37979,20
12.9068098068,80.2282028198,37979,37989,10
12.9070501328,80.2282867432,37989,37999,10
12.9076795578,80.2283782959,37999,38009,10
12.9085597992,80.2285003662,38009,38020,11
12.9097204208,80.2286987305,38020,38030,10
12.9108695984,80.2288665771,38030,38040,10
12.9120998383,80.2290420532,38040,38050,10
12.9138803482,80.2292633057,38050,38090,40
12.9138803482,80.2292633057,38090,38100,10
12.9141597748,80.2293014526,38100,38111,11
12.9148101807,80.2294006348,38111,38121,10
12.9156398773,80.2295303345,38121,38131,10
12.916680336,80.2296676636,38131,38141,10
12.9178304672,80.2298431396,38141,38151,10
12.9190702438,80.2299880981,38151,38161,10
12.9203796387,80.2301635742,38161,38171,10
12.9217100143,80.2303314209,38171,38181,10
12.9230604172,80.2305374146,38181,38191,10
12.9245595932,80.2307434082,38191,38202,11
12.925860405,80.2309036255,38202,38212,10
12.9264802933,80.2309265137,38212,38222,10
12.9266004562,80.2309417725,38222,38232,10
12.9270896912,80.2310180664,38232,38242,10
12.92786026,80.2311096191,38242,38252,10
12.9288101196,80.2312469482,38252,38262,10
12.9299097061,80.2314834595,38262,38272,10
12.9310998917,80.2318115234,38272,38282,10
12.932510376,80.2322769165,38282,38293,11
12.9335699081,80.2326812744,38293,38303,10
12.933719635,80.2327575684,38303,38313,10
12.9337596893,80.2328109741,38313,38323,10
12.9341497421,80.2330093384,38323,38333,10
12.9348802567,80.2333374023,38333,38343,10
12.9357795715,80.2337722778,38343,38353,10
12.9367399216,80.2342300415,38353,38363,10
12.9378299713,80.2347488403,38363,38374,11
12.9391002655,80.2353668213,38374,38384,10
12.9398298264,80.235710144,38384,38394,10
12.9399003983,80.2357406616,38394,38404,10
12.9402999878,80.2359008789,38404,38414,10
12.940990448,80.236076355,38414,38424,10
12.94190979,80.236289978,38424,38434,10
12.9429197311,80.2367019653,38434,38444,10
12.943810463,80.2375335693,38444,38453,9
12.9446296692,80.2384414673,38453,38465,12
12.9459400177,80.2394714355,38465,38475,10
12.9470701218,80.2398986816,38475,38485,10
12.9473400116,80.2399978638,38485,38495,10
12.9473800659,80.240020752,38495,38505,10
12.9477796555,80.2401885986,38505,38515,10
12.9484796524,80.2404708862,38515,38525,10
12.9493398666,80.2408218384,38525,38535,10
12.9503297806,80.2411422729,38535,38545,10
12.9508895874,80.2412719727,38545,38556,11
12.9510202408,80.241317749,38556,38566,10
12.9513597488,80.2415008545,38566,38576,10
12.9520196915,80.2417221069,38576,38586,10
12.952870369,80.2420425415,38586,38596,10
12.9538698196,80.24243927,38596,38606,10
12.954870224,80.2428207397,38606,38616,10
12.9555797577,80.2430801392,38616,38626,10
12.9563102722,80.2433776855,38626,38657,31
12.9563102722,80.2433776855,38657,38667,10
12.9568395615,80.2435913086,38667,38677,10
12.957570076,80.2438964844,38677,38687,10
12.958319664,80.2442016602,38687,38697,10
12.9588298798,80.2444076538,38697,38707,10
12.9588603973,80.244430542,38707,38717,10
12.9589500427,80.2445220947,38717,38728,11
12.959400177,80.2447509766,38728,38738,10
12.9602203369,80.2451095581,38738,38748,10
12.9611501694,80.2455215454,38748,38758,10
12.9622297287,80.2460479736,38758,38768,10
12.9633798599,80.2465667725,38768,38819,51
12.9633798599,80.2465667725,38819,38829,10
12.96352005,80.2466278076,38829,38839,10
12.9639196396,80.2468338013,38839,38849,10
12.9646196365,80.2470779419,38849,38859,10
12.9654998779,80.2473831177,38859,38869,10
12.9664402008,80.2477416992,38869,38889,20
12.9664402008,80.2477416992,38889,38899,10
12.9664802551,80.247756958,38899,38910,11
12.9669103622,80.2480010986,38910,38920,10
12.9676103592,80.248298645,38920,38930,10
12.9685201645,80.2486724854,38930,38940,10
12.9695997238,80.2491073608,38940,38950,10
12.9706897736,80.2495269775,38950,38960,10
12.9717197418,80.2498168945,38960,38970,10
12.9727096558,80.2500686646,38970,38980,10
12.9735498428,80.2503204346,38980,38990,10
12.9744997025,80.2505722046,38990,39001,11
12.9757404327,80.2509307861,39001,39011,10
12.9769001007,80.2512588501,39011,39021,10
12.9785003662,80.2523269653,39021,39041,20
12.9785003662,80.2523269653,39041,39051,10
12.9786396027,80.2524337769,39051,39061,10
12.9792203903,80.2525787354,39061,39071,10
12.9799995422,80.2526397705,39071,39081,10
12.9808702469,80.2526321411,39081,39091,10
12.9819297791,80.2526016235,39091,39102,11
12.9831600189,80.2525177002,39102,39112,10
12.9842596054,80.2522735596,39112,39122,10
12.9854202271,80.2519607544,39122,39132,10
12.9863901138,80.2517166138,39132,39142,10
12.9869804382,80.2515335083,39142,39203,61
12.9869804382,80.2515335083,39203,39213,10
12.9870996475,80.2514724731,39213,39223,10
12.9874801636,80.2513580322,39223,39233,10
12.9879999161,80.2512435913,39233,39243,10
12.988820076,80.2510528564,39243,39253,10
12.98939991,80.2508773804,39253,39263,10
12.9894599915,80.2508926392,39263,39273,10
12.9898395538,80.2508163452,39273,39284,11
12.9906101227,80.250617981,39284,39294,10
12.9914999008,80.2503814697,39294,39304,10
12.9925403595,80.2501220703,39304,39314,10
12.993689537,80.2498168945,39314,39324,10
12.9948997498,80.2495269775,39324,39334,10
12.9961700439,80.2491989136,39334,39344,10
12.9975004196,80.2488632202,39344,39354,10
12.9988498688,80.2485427856,39354,39364,10
13.0002498627,80.2481765747,39364,39375,11
13.0017499924,80.2477874756,39375,39385,10
13.0029697418,80.2475509644,39385,39395,10
13.0040302277,80.2473831177,39395,39405,10
13.0051698685,80.2472076416,39405,39415,10
13.0062503815,80.2468566895,39415,39425,10
13.0065002441,80.246383667,39425,39435,10
13.0065002441,80.2463226318,39435,39445,10
13.0065803528,80.2459411621,39445,39456,11
13.0066099167,80.2451629639,39456,39466,10
13.0066003799,80.2442474365,39466,39476,10
13.0065698624,80.2432937622,39476,39486,10
13.0065498352,80.2423171997,39486,39496,10
13.0065603256,80.2412490845,39496,39506,10
13.0067300797,80.2403030396,39506,39516,10
13.0069999695,80.2390670776,39516,39526,10
13.0071802139,80.2378997803,39526,39536,10
13.0073404312,80.2369689941,39536,39547,11
13.0073795319,80.2366790771,39547,39557,10
13.0074996948,80.2363586426,39557,39567,10
13.0076303482,80.235710144,39567,39577,10
13.0077695847,80.2348709106,39577,39587,10
13.0079803467,80.2339172363,39587,39597,10
13.0082302094,80.2327270508,39597,39607,10
13.0084896088,80.2314224243,39607,39617,10
13.0087604523,80.2301025391,39617,39627,10
13.0090198517,80.2289123535,39627,39637,10
13.0093698502,80.2277374268,39637,39648,11
13.0099802017,80.226348877,39648,39658,10
13.0104703903,80.2253112793,39658,39668,10
13.010840416,80.2244415283,39668,39678,10
13.0112895966,80.2234725952,39678,39688,10
13.0116195679,80.2227020264,39688,39698,10
13.0119104385,80.2218093872,39698,39708,10
13.0120601654,80.221496582,39708,39718,10
13.0122404099,80.2213897705,39718,39728,10
13.0123796463,80.2215270996,39728,39739,11
13.012720108,80.2219772339,39739,39749,10
13.0132799149,80.2226867676,39749,39759,10
13.0138101578,80.2233276367,39759,39769,10
13.0144796371,80.2238311768,39769,39779,10
13.0151500702,80.2247009277,39779,39830,51
13.0153503418,80.2248916626,39830,39860,30
13.0153503418,80.2248916626,39860,39870,10
13.0155296326,80.2250976563,39870,39880,10
13.015879631,80.2252731323,39880,39890,10
13.0165596008,80.2253036499,39890,39900,10
13.0175104141,80.2249526978,39900,39911,11
13.0186595917,80.2244796753,39911,39921,10
13.0192604065,80.224281311,39921,39981,60
13.0192604065,80.224281311,39981,39991,10
13.0193395615,80.2243804932,39991,40002,11
13.0198202133,80.2246170044,40002,40032,30
13.0198202133,80.2246170044,40032,40042,10
13.0200300217,80.2248306274,40042,40052,10
13.0206403732,80.2252502441,40052,40062,10
13.0214195251,80.2258071899,40062,40072,10
13.0222196579,80.2263793945,40072,40082,10
13.0230197906,80.2270812988,40082,40092,10
13.0238103867,80.2278594971,40092,40103,11
13.0243797302,80.2284317017,40103,40113,10
13.0243501663,80.2286529541,40113,40123,10
13.0241699219,80.2285385132,40123,40133,10
13.0238399506,80.2281265259,40133,40143,10
13.0235395432,80.2277984619,40143,40153,10
13.0230798721,80.2273864746,40153,40770,617
13.0230798721,80.2273864746,40770,40780,10
13.0228700638,80.2270736694,40780,40790,10
13.0225000381,80.226852417,40790,40800,10
13.0223903656,80.2266998291,40800,40811,11
13.0218400955,80.2262496948,40811,40821,10
13.0213899612,80.2258834839,40821,40831,10
13.0211896896,80.225692749,40831,40841,10
13.0207099915,80.2253265381,40841,40851,10
13.0198402405,80.2247695923,40851,40881,30
13.0198402405,80.2247695923,40881,40891,10
13.0194997787,80.2245788574,40891,40901,10
13.0186595917,80.2245788574,40901,40912,11
13.017539978,80.2250213623,40912,40922,10
13.0165596008,80.2254180908,40922,40932,10
13.0161104202,80.2255783081,40932,40942,10
13.0155096054,80.2257919312,40942,40952,10
13.0149898529,80.2259902954,40952,40962,10
13.0149497986,80.2259979248,40962,40972,10
13.0146198273,80.2261276245,40972,40982,10
13.0143098831,80.2262802124,40982,40993,11
13.0143003464,80.2262802124,40993,41003,10
13.0138397217,80.2264480591,41003,41013,10
13.0130901337,80.2266998291,41013,41023,10
13.0120601654,80.2270889282,41023,41033,10
13.0108699799,80.2275924683,41033,41043,10
13.009759903,80.2280578613,41043,41053,10
13.0090999603,80.2287368774,41053,41063,10
13.0088701248,80.2297973633,41063,41073,10
13.008649826,80.2308883667,41073,41084,11
13.0083799362,80.2322387695,41084,41094,10
13.0082302094,80.2334365845,41094,41104,10
13.0081996918,80.2336425781,41104,41114,10
13.0080699921,80.2340393066,41114,41124,10
13.007900238,80.2348327637,41124,41134,10
13.0076999664,80.2358016968,41134,41144,10
13.0074701309,80.2369613647,41144,41154,10
13.007229805,80.2381591797,41154,41164,10
13.0069999695,80.2392196655,41164,41175,11
13.0068798065,80.2398376465,41175,41185,10
13.0067100525,80.2406921387,41185,41195,10
13.0066204071,80.2414474487,41195,41205,10
13.0066204071,80.2422485352,41205,41215,10
13.0066404343,80.2431182861,41215,41225,10
13.0067100525,80.2438812256,41225,41235,10
13.0067100525,80.2446899414,41235,41245,10
13.0067396164,80.2460327148,41245,41255,10
13.0067195892,80.2471237183,41255,41266,11
13.0061798096,80.247467041,41266,41276,10
13.006070137,80.247467041,41276,41286,10
13.005900383,80.2474594116,41286,41296,10
13.005279541,80.2474136353,41296,41306,10
13.0043401718,80.247467041,41306,41316,10
13.0031700134,80.2476272583,41316,41326,10
13.0019302368,80.2478790283,41326,41336,10
13.0006198883,80.2481994629,41336,41346,10
12.9993200302,80.2485427856,41346,41355,9
12.9980802536,80.248840332,41355,41367,12
12.9967603683,80.249420166,41367,41377,10
12.9956598282,80.2499237061,41377,41387,10
12.9937896729,80.2500762939,41387,41397,10
12.9921998978,80.2503814697,41397,41407,10
12.9912004471,80.2506484985,41407,41417,10
12.9908504486,80.2507019043,41417,41427,10
12.9901895523,80.2508773804,41427,41437,10
12.9892396927,80.2511291504,41437,41448,11
12.9883003235,80.2513809204,41448,41468,20
12.9883003235,80.2513809204,41468,41478,10
12.9880695343,80.2514190674,41478,41488,10
12.9877099991,80.2515029907,41488,41498,10
12.9872198105,80.2516174316,41498,41508,10
12.9865703583,80.2517929077,41508,41518,10
12.9857397079,80.251953125,41518,41528,10
12.9846200943,80.2522277832,41528,41539,11
12.983300209,80.252571106,41539,41549,10
12.982219696,80.2526626587,41549,41559,10
12.981180191,80.2526779175,41559,41569,10
12.9805002213,80.252746582,41569,41579,10
12.9801998138,80.2527999878,41579,41589,10
12.9796495438,80.2527389526,41589,41599,10
12.9788198471,80.2526168823,41599,41609,10
12.9784002304,80.2525024414,41609,41619,10
12.9780502319,80.2522277832,41619,41630,11
12.9772796631,80.2515716553,41630,41640,10
12.976149559,80.2511367798,41640,41650,10
12.9748296738,80.2507476807,41650,41660,10
12.9734296799,80.2503585815,41660,41670,10
12.9720401764,80.25,41670,41680,10
12.970700264,80.2496414185,41680,41690,10
12.9693498611,80.2491226196,41690,41700,10
12.9680099487,80.2486114502,41700,41710,10
12.9670696259,80.2481918335,41710,41721,11
12.9661502838,80.2477722168,41721,41731,10
12.9652395248,80.247428894,41731,41741,10
12.9650602341,80.2473678589,41741,41751,10
12.9647798538,80.2472763062,41751,41761,10
12.9641199112,80.2469863892,41761,41771,10
12.9635601044,80.2467880249,41771,41781,10
12.963549614,80.2467880249,41781,41791,10
12.9634799957,80.2467575073,41791,41801,10
12.9630298615,80.2464981079,41801,41812,11
12.9620800018,80.2460403442,41812,41822,10
12.9609804153,80.2455062866,41822,41832,10
12.9597702026,80.245010376,41832,41842,10
12.9593801498,80.2448577881,41842,41852,10
12.9590196609,80.2446517944,41852,41862,10
12.9582395554,80.2443237305,41862,41872,10
12.9574298859,80.2440109253,41872,41882,10
12.9565200806,80.2437591553,41882,41913,31
12.9565200806,80.2437591553,41913,41923,10
12.9562397003,80.2437133789,41923,41933,10
12.9558000565,80.2434387207,41933,41943,10
12.9549999237,80.2430267334,41943,41953,10
12.9539403915,80.2425613403,41953,41963,10
12.9527301788,80.2420578003,41963,41973,10
12.9517498016,80.2417221069,41973,41984,11
12.9516601563,80.2416992188,41984,41994,10
12.9511995316,80.2415237427,41994,42004,10
12.950340271,80.2412414551,42004,42014,10
12.9493999481,80.2409133911,42014,42024,10
12.9492702484,80.2408676147,42024,42034,10
12.949139595,80.2408065796,42034,42044,10
12.948800087,80.2406768799,42044,42054,10
12.9480400085,80.2403793335,42054,42064,10
12.94713974,80.2400436401,42064,42074,10
12.9469995499,80.2399902344,42074,42085,11
12.9464302063,80.2397613525,42085,42095,10
12.945599556,80.2393875122,42095,42105,10
12.9447402954,80.2386703491,42105,42115,10
12.9438199997,80.2377319336,42115,42125,10
12.9428396225,80.2367782593,42125,42135,10
12.9414701462,80.2362594604,42135,42145,10
12.9401798248,80.2359313965,42145,42155,10
12.9399003983,80.2358627319,42155,42165,10
12.9395103455,80.2356719971,42165,42176,11
12.9385995865,80.2351989746,42176,42186,10
12.9375495911,80.2346725464,42186,42196,10
12.9364404678,80.2341537476,42196,42206,10
12.9358701706,80.2338409424,42206,42216,10
12.935500145,80.2336883545,42216,42226,10
12.9347295761,80.2333602905,42226,42236,10
12.9338598251,80.233001709,42236,42246,10
12.9338197708,80.2329711914,42246,42256,10
12.9334602356,80.2327804565,42256,42267,11
12.9326400757,80.2324371338,42267,42277,10
12.9316101074,80.2320632935,42277,42287,10
12.9303503036,80.2316436768,42287,42297,10
12.9294395447,80.2314605713,42297,42307,10
12.9287204742,80.2313308716,42307,42317,10
12.92786026,80.2312164307,42317,42327,10
12.9267301559,80.2310714722,42327,42337,10
12.9253997803,80.2308883667,42337,42347,10
12.924030304,80.23072052,42347,42358,11
12.9226303101,80.2305297852,42358,42368,10
12.9211997986,80.2303085327,42368,42378,10
12.9196796417,80.2301177979,42378,42388,10
12.9181604385,80.229927063,42388,42398,10
12.9167900085,80.2297515869,42398,42408,10
12.9154596329,80.2295837402,42408,42418,10
12.9144001007,80.2294235229,42418,42428,10
12.9134902954,80.2293395996,42428,42449,21
12.9134902954,80.2293395996,42449,42459,10
12.9132604599,80.2292633057,42459,42469,10
12.9127597809,80.2292175293,42469,42479,10
12.9117298126,80.2290420532,42479,42489,10
12.9104795456,80.2288665771,42489,42499,10
12.9091396332,80.2286834717,42499,42509,10
12.9075403214,80.2284088135,42509,42529,20
12.9075403214,80.2284088135,42529,42540,11
12.9074497223,80.2284011841,42540,42550,10
12.9070396423,80.2283172607,42550,42560,10
12.9063997269,80.2282562256,42560,42570,10
12.9054403305,80.2282714844,42570,42580,10
12.9042701721,80.2282028198,42580,42590,10
12.9031000137,80.2281112671,42590,42600,10
12.9019098282,80.2280426025,42600,42610,10
12.9011602402,80.2280197144,42610,42620,10
12.9005699158,80.2279815674,42620,42631,11
12.9000902176,80.2279891968,42631,42641,10
12.8994503021,80.2279815674,42641,42691,50
12.8994503021,80.2279815674,42691,42701,10
12.899430275,80.2279586792,42701,42711,10
12.8990097046,80.2279129028,42711,42722,11
12.8981399536,80.2278366089,42722,42732,10
12.8971300125,80.2277679443,42732,42742,10
12.8959102631,80.2276992798,42742,42752,10
12.8946199417,80.2276382446,42752,42762,10
12.8933296204,80.2275466919,42762,42772,10
12.8924999237,80.2274703979,42772,42782,10
12.8916101456,80.2274093628,42782,42792,10
12.8904895782,80.2274017334,42792,42802,10
12.8892002106,80.2273712158,42802,42813,11
12.8877601624,80.2273025513,42813,42823,10
12.8864498138,80.2270507813,42823,42833,10
12.885219574,80.2267837524,42833,42843,10
12.8848600388,80.2267532349,42843,42853,10
12.8846597672,80.2267379761,42853,42863,10
12.8840198517,80.2267303467,42863,42873,10
12.883099556,80.2267379761,42873,42883,10
12.8819503784,80.2267379761,42883,42893,10
12.8806695938,80.2267608643,42893,42904,11
12.8791503906,80.2267990112,42904,42914,10
12.8777599335,80.226890564,42914,42924,10
12.8766002655,80.2270202637,42924,42934,10
12.8763504028,80.2270202637,42934,42944,10
12.8757600784,80.2270126343,42944,42954,10
12.8748598099,80.2269210815,42954,42964,10
12.8737001419,80.2267837524,42964,42974,10
12.8727397919,80.2267379761,42974,42985,11
12.8726596832,80.2267379761,42985,42995,10
12.8721504211,80.2267379761,42995,43005,10
12.8713302612,80.2266998291,43005,43015,10
12.8702201843,80.2266235352,43015,43025,10
12.868929863,80.2264785767,43025,43035,10
12.8675203323,80.2264633179,43035,43045,10
12.8660402298,80.226600647,43045,43055,10
12.8645401001,80.2265777588,43055,43065,10
12.8630199432,80.2265319824,43065,43075,10
12.8614997864,80.226600647,43075,43086,11
12.8599100113,80.2264709473,43086,43096,10
12.8584003448,80.2262878418,43096,43106,10
12.856880188,80.226348877,43106,43116,10
12.8553304672,80.2265014648,43116,43126,10
12.8537902832,80.2266616821,43126,43136,10
12.8523397446,80.2266693115,43136,43146,10
12.8508195877,80.2266082764,43146,43156,10
12.849240303,80.2265777588,43156,43167,11
12.8474502563,80.2265777588,43167,43177,10
12.8459701538,80.2266082764,43177,43187,10
12.8453197479,80.2266311646,43187,43197,10
12.8452997208,80.2266235352,43197,43207,10
12.8451795578,80.2266082764,43207,43217,10
12.8445596695,80.2266464233,43217,43227,10
12.8436203003,80.2267608643,43227,43237,10
12.8424301147,80.2269592285,43237,43247,10
12.8410596848,80.2272872925,43247,43258,11
12.840089798,80.2275466919,43258,43268,10
12.8396596909,80.2276916504,43268,43278,10
12.8394002914,80.2277679443,43278,43288,10
12.8387002945,80.2279586792,43288,43298,10
12.8377199173,80.2282104492,43298,43308,10
12.8365001678,80.2284088135,43308,43318,10
12.8351402283,80.2286224365,43318,43328,10
12.8336601257,80.2288589478,43328,43338,10
12.8324203491,80.2291183472,43338,43348,10
12.8323202133,80.2291412354,43348,43359,11
12.832110405,80.2291870117,43359,43369,10
12.8315000534,80.2293167114,43369,43379,10
12.8305702209,80.2296066284,43379,43389,10
12.8294000626,80.2300415039,43389,43399,10
12.8281602859,80.2306518555,43399,43409,10
12.8268203735,80.2312774658,43409,43419,10
12.8252801895,80.2313995361,43419,43429,10
12.8237600327,80.2311325073,43429,43439,10
12.8222398758,80.2306671143,43439,43450,11
12.8205795288,80.2304763794,43450,43460,10
12.8191795349,80.230506897,43460,43470,10
12.8188896179,80.2304992676,43470,43480,10
12.8183298111,80.2302627563,43480,43490,10
12.8173999786,80.2298202515,43490,43500,10
12.816160202,80.2294692993,43500,43510,10
12.814740181,80.2292633057,43510,43520,10
12.8133401871,80.2289505005,43520,43530,10
12.8120203018,80.2284622192,43530,43541,11
12.8104896545,80.2278823853,43541,43551,10
12.8093900681,80.2274017334,43551,43561,10
12.8083600998,80.2266464233,43561,43571,10
12.8073701859,80.2258224487,43571,43581,10
12.8068704605,80.2253570557,43581,43591,10
12.8063201904,80.2248764038,43591,43601,10
12.8057203293,80.2243499756,43601,43611,10
12.8051595688,80.2240982056,43611,43621,10
12.8051099777,80.224067688,43621,43632,11
12.8046703339,80.2239837646,43632,43642,10
12.8039102554,80.2239074707,43642,43652,10
12.8030500412,80.2238388062,43652,43662,10
12.8020000458,80.2237091064,43662,43672,10
12.8011198044,80.2236480713,43672,43682,10
12.8008899689,80.2236022949,43682,43692,10
12.8002195358,80.2235336304,43692,43702,10
12.7992095947,80.2234573364,43702,43712,10
12.7979202271,80.2233276367,43712,43723,11
12.7957201004,80.2229766846,43723,43743,20
12.7957201004,80.2229766846,43743,43753,10
12.7953901291,80.22290802,43753,43763,10
12.7946596146,80.2227935791,43763,43773,10
12.793680191,80.2226333618,43773,43783,10
12.7925596237,80.2224578857,43783,43793,10
12.7913799286,80.2221679688,43793,43803,10
12.7902202606,80.2218704224,43803,43814,11
12.7892904282,80.2215881348,43814,43824,10
12.7886800766,80.2213592529,43824,43844,20
12.7886800766,80.2213592529,43844,43854,10
12.7885103226,80.221282959,43854,43884,30
12.7885103226,80.221282959,43884,43895,11
12.7882099152,80.2211380005,43895,43935,40
12.7878799438,80.221031189,43935,43965,30
12.7876796722,80.2209625244,43965,43996,31
12.7876796722,80.2209625244,43996,44006,10
12.7873497009,80.2208023071,44006,44046,40
12.7873497009,80.2208023071,44046,44056,10
12.7870597839,80.2207107544,44056,44076,20
12.7870597839,80.2207107544,44076,44087,11
12.7869997025,80.220703125,44087,44097,10
12.7868404388,80.2206573486,44097,44107,10
12.7867898941,80.2206268311,44107,44117,10
12.7862701416,80.2204437256,44117,44157,40
12.7862701416,80.2204437256,44157,44167,10
12.7861700058,80.2208709717,44167,44178,11
12.7861404419,80.2211532593,44178,44188,10
12.7862596512,80.2217636108,44188,44299,111
12.7861003876,80.2219161987,44299,45421,1122
12.7861003876,80.2219161987,45421,45432,11
12.7861700058,80.2219619751,45432,45442,10
12.7861404419,80.2219085693,45442,45452,10
12.7861700058,80.2215270996,45452,45462,10
12.7861299515,80.2210769653,45462,45472,10
12.7861003876,80.2208709717,45472,45482,10
12.7862195969,80.2204208374,45482,45502,20
12.7862195969,80.2204208374,45502,45512,10
12.786359787,80.220413208,45512,45523,11
12.7863798141,80.2204208374,45523,45533,10
12.7866201401,80.2205200195,45533,45543,10
12.7871303558,80.2206878662,45543,45553,10
12.7877597809,80.2209091187,45553,45563,10
12.7882795334,80.2211227417,45563,45573,10
12.7889404297,80.2213668823,45573,45583,10
12.7895002365,80.2215881348,45583,45593,10
12.7900896072,80.2217712402,45593,45603,10
12.7909698486,80.2220077515,45603,45614,11
12.792140007,80.2222900391,45614,45624,10
12.7933797836,80.2225036621,45624,45634,10
12.794719696,80.2227020264,45634,45644,10
12.7960300446,80.2229232788,45644,45654,10
12.7964897156,80.2229919434,45654,45664,10
12.7967996597,80.2230377197,45664,45674,10
12.7975196838,80.2231826782,45674,45684,10
12.7984199524,80.2232818604,45684,45695,11
12.7994604111,80.2233963013,45695,45705,10
12.8007802963,80.2235336304,45705,45715,10
12.801440239,80.2235870361,45715,45725,10
12.8016996384,80.2236404419,45725,45735,10
12.8024301529,80.2237167358,45735,45745,10
12.8033800125,80.2238311768,45745,45755,10
12.804479599,80.2239227295,45755,45765,10
12.8054504395,80.2240829468,45765,45775,10
12.8056001663,80.2241516113,45775,45786,11
12.8060903549,80.2245407104,45786,45796,10
12.8068304062,80.2251968384,45796,45806,10
12.8077201843,80.2259597778,45806,45816,10
12.8086996078,80.2268218994,45816,45826,10
12.8098201752,80.2275466919,45826,45836,10
12.811050415,80.2280502319,45836,45846,10
12.8124103546,80.228553772,45846,45856,10
12.8137998581,80.2290420532,45856,45866,10
12.8152198792,80.2293167114,45866,45877,11
12.8168401718,80.2295837402,45877,45887,10
12.8182296753,80.2301635742,45887,45897,10
12.8193101883,80.2304611206,45897,45907,10
12.8196201324,80.2304534912,45907,45917,10
12.8200397491,80.2304534912,45917,45927,10
12.8208799362,80.2304229736,45927,45937,10
12.8219900131,80.2305526733,45937,45947,10
12.8232498169,80.2309188843,45947,45957,10
12.8246202469,80.2312698364,45957,45968,11
12.8260498047,80.231338501,45968,45978,10
12.8275604248,80.2309570313,45978,45988,10
12.8288497925,80.2302627563,45988,45998,10
12.8301897049,80.2296905518,45998,46008,10
12.8310604095,80.2293395996,46008,46018,10
12.8312101364,80.2293014526,46018,46028,10
12.8315896988,80.2292022705,46028,46038,10
12.8319196701,80.2290878296,46038,46089,51
12.8319196701,80.2290878296,46089,46099,10
12.8322000504,80.2290496826,46099,46109,10
12.8328800201,80.2289428711,46109,46119,10
12.8338098526,80.2287826538,46119,46129,10
12.834980011,80.2285766602,46129,46139,10
12.8362903595,80.2283782959,46139,46149,10
12.8376903534,80.2281494141,46149,46160,11
12.8389797211,80.2278366089,46160,46170,10
12.8394603729,80.2277069092,46170,46190,20
12.8394603729,80.2277069092,46190,46200,10
12.8397502899,80.2276229858,46200,46210,10
12.8403701782,80.2274627686,46210,46220,10
12.8412599564,80.2272109985,46220,46230,10
12.8423700333,80.2269668579,46230,46240,10
12.8437299728,80.2267074585,46240,46251,11
12.8453197479,80.2265396118,46251,46271,20
12.8453197479,80.2265396118,46271,46281,10
12.8455400467,80.2265625,46281,46291,10
12.8456602097,80.2265625,46291,46301,10
12.8461799622,80.2265625,46301,46311,10
12.8470697403,80.2265396118,46311,46321,10
12.84815979,80.2265396118,46321,46331,10
12.8493700027,80.2265396118,46331,46342,11
12.8505001068,80.2265014648,46342,46352,10
12.8516597748,80.2265625,46352,46362,10
12.8529996872,80.2266082764,46362,46372,10
12.8544101715,80.2264862061,46372,46382,10
12.8558301926,80.226348877,46382,46392,10
12.8572902679,80.2261962891,46392,46402,10
12.8584403992,80.2261810303,46402,46412,10
12.8595399857,80.2263031006,46412,46422,10
12.8605499268,80.2264480591,46422,46433,11
12.8608598709,80.2264862061,46433,46443,10
12.8615102768,80.2265014648,46443,46453,10
12.8622102737,80.2264633179,46453,46524,71
12.8622102737,80.2264633179,46524,46534,10
12.862449646,80.2264404297,46534,46544,10
12.8630199432,80.2264328003,46544,46554,10
12.8638296127,80.2264480591,46554,46564,10
12.8649301529,80.2264862061,46564,46574,10
12.866230011,80.2264709473,46574,46584,10
12.8676900864,80.2263565063,46584,46594,10
12.8691997528,80.2264022827,46594,46605,11
12.8709402084,80.2265701294,46605,46615,10
12.8726396561,80.226600647,46615,46635,20
12.8726396561,80.226600647,46635,46645,10
12.8728504181,80.2266464233,46645,46655,10
12.8732500076,80.2266693115,46655,46665,10
12.87403965,80.2267303467,46665,46675,10
12.8750801086,80.2268295288,46675,46685,10
12.8762998581,80.226890564,46685,46695,10
12.8768100739,80.2268676758,46695,46706,11
12.8773002625,80.2268295288,46706,46716,10
12.8781604767,80.2267608643,46716,46726,10
12.8792295456,80.2266921997,46726,46736,10
12.8804998398,80.2266693115,46736,46746,10
12.8818998337,80.2266616821,46746,46756,10
12.8833799362,80.2266464233,46756,46766,10
12.8847999573,80.2266311646,46766,46776,10
12.8851299286,80.2266235352,46776,46786,10
12.8855304718,80.2266998291,46786,46797,11
12.8862400055,80.2268981934,46797,46807,10
12.8872299194,80.227142334,46807,46817,10
12.8884401321,80.2272720337,46817,46827,10
12.8898200989,80.2272872925,46827,46837,10
12.891289711,80.2272796631,46837,46847,10
12.8926696777,80.2273406982,46847,46857,10
12.8936595917,80.2275009155,46857,46867,10
12.8948202133,80.2275695801,46867,46878,11
12.8963003159,80.2276306152,46878,46888,10
12.8977603912,80.2276992798,46888,46898,10
12.8992300034,80.2277832031,46898,46908,10
12.9008398056,80.2278213501,46908,46938,30
12.9008398056,80.2278213501,46938,46948,10
12.9011201859,80.2278900146,46948,46958,10
12.9015598297,80.2279281616,46958,46969,11
12.9027299881,80.2279510498,46969,46989,20
12.9027299881,80.2279510498,46989,46999,10
12.9028701782,80.2279586792,46999,47009,10
12.9034700394,80.228012085,47009,47019,10
12.9041404724,80.2280426025,47019,47029,10
12.905380249,80.2281036377,47029,47039,10
12.9062795639,80.2281265259,47039,47049,10
12.9065198898,80.2281265259,47049,47060,11
12.9068698883,80.2282028198,47060,47070,10
12.9070596695,80.2282485962,47070,47080,10
12.9076004028,80.2283325195,47080,47090,10
12.9083795547,80.2284393311,47090,47100,10
12.9093904495,80.2286224365,47100,47110,10
12.9105501175,80.2287979126,47110,47120,10
12.9118204117,80.2289886475,47120,47130,10
12.9130802155,80.2291793823,47130,47140,10
12.9139900208,80.2292709351,47140,47171,31
12.9139900208,80.2292709351,47171,47181,10
12.9143104553,80.2293319702,47181,47191,10
12.9149103165,80.2294235229,47191,47201,10
12.915719986,80.2295532227,47201,47211,10
12.9167604446,80.2296829224,47211,47221,10
12.9177904129,80.2298202515,47221,47231,10
12.9190502167,80.2299728394,47231,47242,11
12.920419693,80.230140686,47242,47252,10
12.9218502045,80.2303237915,47252,47262,10
12.9232997894,80.2305526733,47262,47272,10
12.9247503281,80.2307434082,47272,47282,10
12.9260797501,80.2308807373,47282,47292,10
12.9264001846,80.2309188843,47292,47302,10
12.9268198013,80.2309799194,47302,47312,10
12.9275398254,80.2310714722,47312,47322,10
12.928440094,80.2311935425,47322,47333,11
12.9296598434,80.2314300537,47333,47343,10
12.9308595657,80.2317199707,47343,47353,10
12.9321098328,80.232131958,47353,47363,10
12.9337100983,80.232749939,47363,47383,20
12.9337100983,80.232749939,47383,47393,10
12.9337997437,80.2328033447,47393,47403,10
12.9342298508,80.2329864502,47403,47413,10
12.9350004196,80.2333526611,47413,47424,11
12.9356498718,80.2336502075,47424,47434,10
12.9359998703,80.2338180542,47434,47444,10
12.9366703033,80.23412323,47444,47454,10
12.9375600815,80.2345504761,47454,47464,10
12.9386196136,80.2350769043,47464,47474,10
12.9395999908,80.2355728149,47474,47494,20
12.9395999908,80.2355728149,47494,47504,10
12.9398202896,80.2356567383,47504,47515,11
12.9405002594,80.2359008789,47515,47525,10
12.9413795471,80.2361221313,47525,47535,10
12.942440033,80.2364120483,47535,47545,10
12.9434099197,80.2370681763,47545,47555,10
12.9442195892,80.2380218506,47555,47565,10
12.9450397491,80.238861084,47565,47575,10
12.9464702606,80.2395935059,47575,47585,10
12.947259903,80.2399215698,47585,47595,10
12.9472799301,80.2399215698,47595,47606,11
12.9474096298,80.2399597168,47606,47616,10
12.9478998184,80.2401809692,47616,47626,10
12.9485797882,80.2404632568,47626,47636,10
12.9491596222,80.2407073975,47636,47646,10
12.9497203827,80.2409362793,47646,47656,10
12.9505500793,80.2411499023,47656,47666,10
12.9510602951,80.2413024902,47666,47676,10
12.9511404037,80.2413330078,47676,47686,10
12.9512901306,80.2413787842,47686,47697,11
12.9517402649,80.2415390015,47697,47707,10
12.9520998001,80.2416763306,47707,47717,10
12.9527196884,80.2419281006,47717,47727,10
12.9535598755,80.2422485352,47727,47737,10
12.9545297623,80.2426376343,47737,47747,10
12.9554395676,80.2429885864,47747,47757,10
12.956319809,80.2433013916,47757,47767,10
12.9568004608,80.2435073853,47767,47777,10
12.957570076,80.2438583374,47777,47788,11
12.9584703445,80.2442626953,47788,47798,10
12.9589099884,80.2444000244,47798,47808,10
12.9589796066,80.2444381714,47808,47818,10
12.9593400955,80.2446212769,47818,47828,10
12.9599704742,80.2449111938,47828,47838,10
12.9607601166,80.2452774048,47838,47848,10
12.9617004395,80.2457427979,47848,47858,10
12.9627199173,80.2462310791,47858,47869,11
12.9637203217,80.2467269897,47869,47879,10
12.9648799896,80.2471618652,47879,47889,10
12.9659204483,80.2475280762,47889,47899,10
12.9665298462,80.2477416992,47899,47909,10
12.9667596817,80.2478485107,47909,47929,20
12.9667596817,80.2478485107,47929,47939,10
12.9670200348,80.2480163574,47939,47949,10
12.9676198959,80.2482910156,47949,47960,11
12.9684295654,80.2486190796,47960,47970,10
12.969499588,80.2490615845,47970,47980,10
12.9706001282,80.249458313,47980,47990,10
12.9718198776,80.2498168945,47990,48000,10
12.973110199,80.2501602173,48000,48010,10
12.9744195938,80.25050354,48010,48020,10
12.9757699966,80.2509002686,48020,48030,10
12.9771203995,80.2513198853,48030,48039,9
12.9780902863,80.2519989014,48039,48050,11
12.9784803391,80.2522735596,48050,48061,11
12.9785995483,80.2523422241,48061,48071,10
12.9791402817,80.252532959,48071,48081,10
12.9799404144,80.2526092529,48081,48091,10
12.9807901382,80.2526321411,48091,48101,10
12.9818000793,80.2526016235,48101,48111,10
12.9827203751,80.2525482178,48111,48121,10
12.9839200974,80.2523498535,48121,48131,10
12.9852600098,80.2519607544,48131,48142,11
12.9862604141,80.251701355,48142,48152,10
12.9871702194,80.251449585,48152,48233,81
12.9871702194,80.251449585,48233,48243,10
12.9874095917,80.2513427734,48243,48253,10
12.9878501892,80.2512588501,48253,48263,10
12.988530159,80.2510986328,48263,48273,10
12.9892997742,80.2508773804,48273,48283,10
12.9894104004,80.2508468628,48283,48293,10
12.9897203445,80.2508087158,48293,48303,10
12.9903402328,80.2506713867,48303,48313,10
12.9911403656,80.2504730225,48313,48324,11
12.9922599792,80.2501831055,48324,48334,10
12.9934196472,80.2498779297,48334,48344,10
12.9946403503,80.2495803833,48344,48354,10
12.995880127,80.2493133545,48354,48364,10
12.9967002869,80.2490386963,48364,48374,10
12.9967603683,80.2489929199,48374,48384,10
12.9971904755,80.248916626,48384,48394,10
12.9979801178,80.2487182617,48394,48404,10
12.9989900589,80.2484664917,48404,48414,10
13.0001602173,80.2481994629,48414,48425,11
13.0016098022,80.2478408813,48425,48435,10
13.002869606,80.2475585938,48435,48445,10
13.0041704178,80.2473602295,48445,48455,10
13.0054798126,80.2471466064,48455,48465,10
13.0063896179,80.2466201782,48465,48475,10
13.006480217,80.2464370728,48475,48485,10
13.0065698624,80.2462081909,48485,48495,10
13.0066404343,80.2456588745,48495,48505,10
13.0066404343,80.2450332642,48505,48516,11
13.0066299438,80.2442169189,48516,48526,10
13.0066299438,80.2435913086,48526,48536,10
13.0066099167,80.2428436279,48536,48546,10
13.0065803528,80.2419281006,48546,48556,10
13.0066995621,80.2407226563,48556,48576,20
13.0066995621,80.2407226563,48576,48586,10
13.0067796707,80.2400894165,48586,48596,10
13.0069704056,80.2395019531,48596,48607,11
13.007060051,80.2385787964,48607,48617,10
13.0072603226,80.2376098633,48617,48627,10
13.007399559,80.2369918823,48627,48637,10
13.007399559,80.2369537354,48637,48647,10
13.0074796677,80.236656189,48647,48657,10
13.0075798035,80.236076355,48657,48667,10
13.0077600479,80.2352600098,48667,48677,10
13.0079402924,80.2343826294,48677,48688,11
13.0082302094,80.2330093384,48688,48698,10
13.008480072,80.2316818237,48698,48708,10
13.0086603165,80.2305297852,48708,48718,10
13.0090799332,80.2290115356,48718,48728,10
13.0094203949,80.2276611328,48728,48738,10
13.0099201202,80.2264862061,48738,48748,10
13.0103902817,80.2254562378,48748,48758,10
13.0108299255,80.2245483398,48758,48768,10
13.0112104416,80.2237167358,48768,48779,11
13.0115203857,80.2228622437,48779,48789,10
13.0119199753,80.2217712402,48789,48799,10
13.0123596191,80.2213973999,48799,48809,10
13.0125799179,80.221862793,48809,48819,10
13.0130901337,80.2225036621,48819,48829,10
13.0137996674,80.2232818604,48829,48839,10
13.0144100189,80.2238998413,48839,48849,10
13.0149297714,80.2244720459,48849,48859,10
13.0150604248,80.2246017456,48859,48869,10
13.0151500702,80.2247009277,48869,48880,11
13.0154800415,80.2250518799,48880,48890,10
13.0160303116,80.2252807617,48890,48900,10
13.0168199539,80.2251281738,48900,48910,10
13.0177698135,80.2247924805,48910,48920,10
13.0185899734,80.2244491577,48920,48930,10
13.0195598602,80.2243499756,48930,48961,31
13.0195598602,80.2243499756,48961,48971,10
13.019659996,80.2243728638,48971,48981,10
13.0199203491,80.2246398926,48981,48991,10
13.0204801559,80.2250518799,48991,49001,10
13.0210504532,80.2254562378,49001,49011,10
13.0215702057,80.2258911133,49011,49021,10
13.0220098495,80.2261810303,49021,49203,182
13.0222196579,80.2264022827,49203,50285,1082
13.0222196579,80.2264022827,50285,50295,10
13.0221996307,80.2264175415,50295,50305,10
13.0224599838,80.2266311646,50305,50316,11
13.0229301453,80.2270812988,50316,50326,10
13.0235595703,80.2276306152,50326,50336,10
13.024140358,80.2281265259,50336,50346,10
13.0243597031,80.2285308838,50346,50356,10
13.0240602493,80.2284164429,50356,50366,10
13.0236902237,80.2279205322,50366,50376,10
13.0233697891,80.2275924683,50376,50386,10
13.0231704712,80.227432251,50386,50740,354
13.0231704712,80.227432251,50740,50750,10
13.0230903625,80.2273635864,50750,51307,557
13.0228796005,80.2270584106,51307,51327,20
13.0228796005,80.2270584106,51327,51337,10
13.0227499008,80.2269668579,51337,51347,10
13.0224599838,80.2266921997,51347,51357,10
13.0222797394,80.2265319824,51357,51367,10
13.0220003128,80.2262802124,51367,51387,20
13.0220003128,80.2262802124,51387,51398,11
13.0217895508,80.2260894775,51398,51408,10
13.0215196609,80.2258987427,51408,51418,10
13.0211601257,80.2256164551,51418,51428,10
13.0207099915,80.2252807617,51428,51438,10
13.0202598572,80.2249832153,51438,51448,10
13.0199604034,80.2248077393,51448,51458,10
13.0198698044,80.2247619629,51458,51468,10
13.0195798874,80.2245788574,51468,51478,10
13.0189695358,80.2244720459,51478,51489,11
13.0180997849,80.2247695923,51489,51499,10
13.0172195435,80.2251281738,51499,51509,10
13.016500473,80.225440979,51509,51519,10
13.0160398483,80.2256011963,51519,51529,10
13.0154600143,80.2257995605,51529,51539,10
13.014840126,80.2260437012,51539,51549,10
13.0145101547,80.2261962891,51549,51559,10
13.0144100189,80.2262420654,51559,51569,10
13.0143003464,80.2262802124,51569,51580,11
13.0138196945,80.2264480591,51580,51590,10
13.0130596161,80.2267379761,51590,51600,10
13.0121498108,80.2270965576,51600,51610,10
13.0111503601,80.2274932861,51610,51620,10
13.0101003647,80.2279510498,51620,51630,10
13.009180069,80.2285690308,51630,51640,10
13.0089502335,80.2296905518,51640,51650,10
13.0087203979,80.2307662964,51650,51660,10
13.0085000992,80.2320327759,51660,51671,11
13.0083799362,80.2330932617,51671,51681,10
13.0082798004,80.2336120605,51681,51691,10
13.0081796646,80.2338485718,51691,51701,10
13.0080604553,80.234588623,51701,51711,10
13.0078601837,80.235496521,51711,51721,10
13.0076398849,80.236541748,51721,51731,10
13.0073404312,80.2378387451,51731,51741,10
13.0070800781,80.2391967773,51741,51751,10
13.006819725,80.2403182983,51751,51762,11
13.006770134,80.240852356,51762,51772,10
13.0067596436,80.2412567139,51772,51782,10
13.0067996979,80.2419891357,51782,51792,10
13.0067501068,80.2430267334,51792,51802,10
13.0067901611,80.2442092896,51802,51812,10
13.0067596436,80.2450485229,51812,51822,10
13.0067996979,80.2462387085,51822,51832,10
13.0068101883,80.2469787598,51832,51842,10
13.0067796707,80.247177124,51842,51853,11
13.0067300797,80.2473373413,51853,51863,10
13.006360054,80.2474517822,51863,51873,10
13.0060396194,80.2474594116,51873,51883,10
13.0058898926,80.2474517822,51883,51893,10
13.005279541,80.2473678589,51893,51903,10
13.0044403076,80.247428894,51903,51913,10
13.0033903122,80.2475814819,51913,51923,10
13.0022497177,80.2477874756,51923,51934,11
13.0010299683,80.2480926514,51934,51944,10
12.999830246,80.2484207153,51944,51954,10
12.9985599518,80.2487564087,51954,51964,10
12.9982099533,80.2488632202,51964,51974,10
12.9979801178,80.2489089966,51974,51984,10
12.9973096848,80.2490463257,51984,51994,10
12.9963598251,80.2492370605,51994,52004,10
12.9952697754,80.2495422363,52004,52014,10
12.9940795898,80.2498703003,52014,52025,11
12.9926996231,80.2502212524,52025,52035,10
12.991399765,80.2505569458,52035,52045,10
12.9907999039,80.2507019043,52045,52055,10
12.9905996323,80.2507629395,52055,52065,10
12.9899597168,80.2509231567,52065,52075,10
12.9890499115,80.2511367798,52075,52085,10
12.9880800247,80.251411438,52085,52217,132
12.9880800247,80.251411438,52217,52227,10
12.9876499176,80.2514801025,52227,52237,10
12.9869499207,80.2516708374,52237,52247,10
12.9861097336,80.2518768311,52247,52257,10
12.9851303101,80.2521286011,52257,52267,10
12.9839696884,80.2524414063,52267,52277,10
12.9827098846,80.2526473999,52277,52287,10
12.9813804626,80.2527008057,52287,52298,11
12.9802398682,80.2527694702,52298,52308,10
12.9792203903,80.2527008057,52308,52318,10
12.9785995483,80.2525863647,52318,52328,10
12.9783802032,80.2524490356,52328,52338,10
12.977809906,80.2519836426,52338,52348,10
12.976940155,80.251373291,52348,52358,10
12.9757299423,80.2509994507,52358,52368,10
12.9743995667,80.2506103516,52368,52378,10
12.9730796814,80.2502365112,52378,52388,10
12.9719295502,80.2499389648,52388,52399,11
12.9706201553,80.2495727539,52399,52409,10
12.9694004059,80.2490997314,52409,52419,10
12.9681596756,80.2486190796,52419,52429,10
12.967040062,80.2481613159,52429,52439,10
12.9660596848,80.2476730347,52439,52449,10
12.9651298523,80.2473526001,52449,52459,10
12.9651403427,80.2473526001,52459,52469,10
12.9651203156,80.2473297119,52469,52480,11
12.9645900726,80.2471237183,52480,52490,10
12.9638004303,80.2467803955,52490,52500,10
12.9629201889,80.246383667,52500,52510,10
12.9619503021,80.2459182739,52510,52520,10
12.9610395432,80.2454605103,52520,52530,10
12.9593801498,80.2447814941,52530,52550,20
12.9593801498,80.2447814941,52550,52560,10
12.9592504501,80.2447433472,52560,52571,11
12.9589004517,80.2445373535,52571,52581,10
12.9582004547,80.2442169189,52581,52591,10
12.9574604034,80.2439193726,52591,52601,10
12.956580162,80.2436676025,52601,52611,10
12.9562501907,80.2435379028,52611,52621,10
12.9557304382,80.2433013916,52621,52631,10
12.9549398422,80.2428970337,52631,52641,10
12.9538898468,80.2424621582,52641,52651,10
12.9528102875,80.2420425415,52651,52661,10
12.9520397186,80.2417526245,52661,52672,11
12.9519300461,80.2417068481,52672,52682,10
12.9517498016,80.2416305542,52682,52692,10
12.9510803223,80.2413787842,52692,52702,10
12.9501600266,80.2410964966,52702,52712,10
12.9493103027,80.240852356,52712,52732,20
12.9493103027,80.240852356,52732,52742,10
12.9490804672,80.2407608032,52742,52753,11
12.9483804703,80.2405090332,52753,52763,10
12.9474802017,80.2401504517,52763,52773,10
12.947259903,80.2400665283,52773,52783,10
12.9472103119,80.2400436401,52783,52793,10
12.9467697144,80.2398376465,52793,52803,10
12.9460201263,80.2395172119,52803,52813,10
12.945110321,80.2389984131,52813,52823,10
12.9442596436,80.2380981445,52823,52833,10
12.9433698654,80.2370986938,52833,52843,10
12.9423503876,80.2363815308,52843,52854,11
12.9409198761,80.2360229492,52854,52864,10
12.9398403168,80.2357406616,52864,52874,10
12.939740181,80.235710144,52874,52884,10
12.9395399094,80.2356033325,52884,52894,10
12.9391202927,80.2353973389,52894,52904,10
12.9381999969,80.2349395752,52904,52914,10
12.9372396469,80.2344818115,52914,52924,10
12.9361696243,80.2339630127,52924,52935,11
12.9356403351,80.2337112427,52935,52945,10
12.9349803925,80.2333984375,52945,52955,10
12.9341402054,80.2330627441,52955,52965,10
12.933839798,80.2329101563,52965,52975,10
12.9336900711,80.2328186035,52975,52985,10
12.9331502914,80.2325820923,52985,52995,10
12.9325199127,80.2323226929,52995,53005,10
12.9313297272,80.2319412231,53005,53015,10
12.930150032,80.2315826416,53015,53026,11
12.9291095734,80.231338501,53026,53036,10
12.9287796021,80.2312774658,53036,53046,10
12.9280500412,80.2311630249,53046,53056,10
12.9270601273,80.2310714722,53056,53066,10
12.9260797501,80.2309799194,53066,53086,20
12.9260797501,80.2309799194,53086,53096,10
12.9258098602,80.2309188843,53096,53106,10
12.925330162,80.2308578491,53106,53117,11
12.924539566,80.2307662964,53117,53127,10
12.9238004684,80.2306900024,53127,53137,10
12.9229402542,80.2305603027,53137,53147,10
12.9219303131,80.2303771973,53147,53157,10
12.9208402634,80.23021698,53157,53167,10
12.9196996689,80.2300872803,53167,53177,10
12.9184904099,80.2299423218,53177,53187,10
12.9174003601,80.2297897339,53187,53197,10
12.9162302017,80.2296295166,53197,53208,11
12.9149303436,80.2294616699,53208,53218,10
12.9137897491,80.2293167114,53218,53228,10
12.9133996964,80.2293014526,53228,53238,10
12.9132204056,80.2292633057,53238,53248,10
12.9126901627,80.2291488647,53248,53258,10
12.9118700027,80.2290420532,53258,53268,10
12.9108800888,80.2288970947,53268,53278,10
12.909819603,80.2287368774,53278,53288,10
12.908659935,80.2285614014,53288,53299,11
12.9074296951,80.2283630371,53299,53309,10
12.9067602158,80.2283096313,53309,53319,10
12.9062299728,80.2282333374,53319,53329,10
12.9054498672,80.228187561,53329,53339,10
12.9044504166,80.2281265259,53339,53349,10
12.9033298492,80.2280807495,53349,53359,10
12.9021701813,80.2280197144,53359,53369,10
12.9012002945,80.2279586792,53369,53379,10
12.9004602432,80.2279129028,53379,53390,11
12.8997802734,80.2278900146,53390,53400,10
12.8994197845,80.2278594971,53400,53420,20
12.8994197845,80.2278594971,53420,53430,10
12.8992700577,80.2278518677,53430,53440,10
12.8986997604,80.2277984619,53440,53450,10
12.8979196548,80.2277603149,53450,53460,10
12.8969602585,80.2276992798,53460,53470,10
12.8958702087,80.2276611328,53470,53481,11
12.8945798874,80.2276229858,53481,53491,10
12.8935203552,80.2275238037,53491,53501,10
12.8930597305,80.2274703979,53501,53511,10
12.8928003311,80.2274398804,53511,53521,10
12.89220047,80.2273712158,53521,53531,10
12.8913202286,80.2273330688,53531,53541,10
12.890250206,80.2273330688,53541,53551,10
12.8890800476,80.2273178101,53551,53561,10
12.8881101608,80.2272796631,53561,53572,11
12.8877696991,80.2272415161,53572,53582,10
12.8872404099,80.2271575928,53582,53592,10
12.8864803314,80.2269897461,53592,53602,10
12.8855800629,80.2267837524,53602,53612,10
12.8851995468,80.2267379761,53612,53622,10
12.8849802017,80.2266769409,53622,53632,10
12.8843803406,80.2266464233,53632,53642,10
12.8835201263,80.2266616821,53642,53652,10
12.8824396133,80.2266693115,53652,53663,11
12.8812503815,80.2266769409,53663,53673,10
12.8800897598,80.2266998291,53673,53683,10
12.8788499832,80.2267303467,53683,53693,10
12.877579689,80.2268371582,53693,53703,10
12.8766498566,80.2269515991,53703,53713,10
12.8765001297,80.2269592285,53713,53723,10
12.8763303757,80.2269592285,53723,53733,10
12.8757400513,80.2269592285,53733,53744,11
12.8748903275,80.2268829346,53744,53754,10
12.8737096786,80.2267303467,53754,53764,10
12.8725595474,80.2266921997,53764,53774,10
12.8719396591,80.2267074585,53774,53784,10
12.8717803955,80.2266998291,53784,53794,10
12.8711795807,80.2266464233,53794,53803,9
12.8704099655,80.226600647,53803,53814,11
12.8692598343,80.2264633179,53814,53824,10
12.868060112,80.2263793945,53824,53835,11
12.8668003082,80.2265014648,53835,53845,10
12.86536026,80.2265930176,53845,53855,10
12.8640098572,80.2265396118,53855,53865,10
12.8626499176,80.2265319824,53865,53875,10
12.8614196777,80.2266082764,53875,53885,10
12.8610801697,80.2266082764,53885,53895,10
12.860830307,80.226600647,53895,53905,10
12.860159874,80.2265014648,53905,53915,10
12.8592596054,80.2263565063,53915,53925,10
12.8584403992,80.2262802124,53925,53936,11
12.8573904037,80.226272583,53936,53946,10
12.8562803268,80.2263793945,53946,53956,10
12.8550796509,80.2265090942,53956,53966,10
12.8537797928,80.2266464233,53966,53976,10
12.8524103165,80.2266769409,53976,53986,10
12.8509998322,80.2266235352,53986,53996,10
12.8495798111,80.226600647,53996,54006,10
12.8482398987,80.2266082764,54006,54017,11
12.8470497131,80.2266082764,54017,54027,10
12.845700264,80.2266235352,54027,54047,20
12.845700264,80.2266235352,54047,54057,10
12.8454999924,80.2266082764,54057,54067,10
12.8448600769,80.2266387939,54067,54077,10
12.8439998627,80.2267227173,54077,54087,10
12.8430099487,80.226852417,54087,54097,10
12.8418598175,80.2270889282,54097,54107,10
12.8407201767,80.2274169922,54107,54118,11
12.8399295807,80.2276229858,54118,54128,10
12.8395500183,80.2277069092,54128,54138,10
12.8389902115,80.2278671265,54138,54148,10
12.838139534,80.2280807495,54148,54158,10
12.837100029,80.2282791138,54158,54168,10
12.8359003067,80.2284622192,54168,54178,10
12.8345804214,80.2286834717,54178,54188,10
12.8332796097,80.2289276123,54188,54199,11
12.8323001862,80.2291183472,54199,54209,10
12.8322200775,80.2291412354,54209,54219,10
12.8319396973,80.2291870117,54219,54229,10
12.8312902451,80.2293395996,54229,54239,10
12.8304004669,80.2296676636,54239,54249,10
12.8293104172,80.2300567627,54249,54259,10
12.8282003403,80.2306213379,54259,54269,10
12.8270797729,80.2312011719,54269,54279,10
12.8258600235,80.2313766479,54279,54290,11
12.8244695663,80.2313232422,54290,54300,10
12.8231801987,80.2309494019,54300,54310,10
12.8218603134,80.2305603027,54310,54320,10
12.8205604553,80.2304611206,54320,54330,10
12.8193597794,80.2304916382,54330,54340,10
12.8184499741,80.2303009033,54340,54350,10
12.8174800873,80.2298202515,54350,54360,10
12.8163003922,80.2294616699,54360,54370,10
12.8150501251,80.2292785645,54370,54381,11
12.8137798309,80.2290267944,54381,54391,10
12.8124198914,80.2285614014,54391,54401,10
12.8112001419,80.2281265259,54401,54411,10
12.8101997375,80.227722168,54411,54421,10
12.8092699051,80.2272796631,54421,54431,10
12.8083496094,80.2265777588,54431,54441,10
12.8074197769,80.2257919312,54441,54451,10
12.8066902161,80.2251281738,54451,54461,10
12.8059597015,80.2244720459,54461,54472,11
12.8054599762,80.2240982056,54472,54482,10
12.8049898148,80.2239685059,54482,54492,10
12.8044099808,80.2238922119,54492,54502,10
12.8039798737,80.2238616943,54502,54512,10
12.8034496307,80.2238235474,54512,54522,10
12.8025503159,80.2237014771,54522,54532,10
12.8014497757,80.2235794067,54532,54542,10
12.8002700806,80.2234725952,54542,54552,10
12.7990598679,80.2233734131,54552,54562,10
12.7977304459,80.2232208252,54562,54573,11
12.7964200974,80.2229995728,54573,54583,10
12.7958297729,80.2229232788,54583,54593,10
12.7956600189,80.2229003906,54593,54603,10
12.7951002121,80.2228088379,54603,54613,10
12.7947597504,80.2227706909,54613,54623,10
12.7942199707,80.2226791382,54623,54633,10
12.7933702469,80.2225494385,54633,54643,10
12.7923202515,80.2223587036,54643,54653,10
12.7911996841,80.222076416,54653,54664,11
12.7900295258,80.2217712402,54664,54674,10
12.7892398834,80.221496582,54674,54684,10
12.7883701324,80.2211608887,54684,54694,10
12.7876501083,80.2208709717,54694,54704,10
12.7866897583,80.2205123901,54704,54724,20
12.7866897583,80.2205123901,54724,54734,10
12.78647995,80.2204208374,54734,54745,11
12.7861995697,80.2203369141,54745,54755,10
12.7861700058,80.2205734253,54755,54765,10
12.7861795425,80.220741272,54765,54775,10
12.7861995697,80.2210388184,54775,54785,10
12.7862195969,80.2216567993,54785,54805,20
12.7862195969,80.2216567993,54805,54815,10
12.7862195969,80.2219009399,54815,54825,10
12.7862596512,80.2221069336,54825,55159,334
12.7862596512,80.2221069336,55159,55169,10
12.7862596512,80.2218399048,55169,55179,10
12.786239624,80.2215270996,55179,55189,10
12.786190033,80.2212524414,55189,55200,11
12.7861795425,80.2206878662,55200,55220,20
12.7861795425,80.2206878662,55220,55230,10
12.7861700058,80.2203979492,55230,55240,10
12.7865800858,80.2204666138,55240,55270,30
12.7865800858,80.2204666138,55270,55280,10
12.7867202759,80.2205734253,55280,55290,10
12.7869997025,80.2206878662,55290,55301,11
12.7871904373,80.2207489014,55301,55311,10
12.787610054,80.220916748,55311,55321,10
12.7882404327,80.2211380005,55321,55331,10
12.7888698578,80.2213668823,55331,55341,10
12.7891597748,80.2214584351,55341,55351,10
12.7893600464,80.2215576172,55351,55361,10
12.7897596359,80.2217025757,55361,55371,10
12.7904901505,80.2218704224,55371,55382,11
12.791560173,80.2221221924,55382,55392,10
12.7926397324,80.2223587036,55392,55402,10
12.7939596176,80.2225570679,55402,55412,10
12.7953500748,80.2228012085,55412,55422,10
12.7963399887,80.2229385376,55422,55432,10
12.7965097427,80.2229690552,55432,55442,10
12.7971200943,80.2230987549,55442,55452,10
12.7980003357,80.2232513428,55452,55462,10
12.7989997864,80.2233428955,55462,55473,11
12.800239563,80.2234573364,55473,55483,10
12.801320076,80.2235412598,55483,55493,10
12.8014802933,80.2235565186,55493,55503,10
12.8017597198,80.2236022949,55503,55513,10
12.8024196625,80.2236862183,55513,55523,10
12.8033103943,80.2238082886,55523,55533,10
12.8043498993,80.2238769531,55533,55543,10
12.805390358,80.2240829468,55543,55564,21
12.805390358,80.2240829468,55564,55574,10
12.8055400848,80.2241821289,55574,55584,10
12.8059997559,80.2245025635,55584,55594,10
12.8066501617,80.2250595093,55594,55604,10
12.8074798584,80.2257766724,55604,55614,10
12.8084402084,80.2265930176,55614,55624,10
12.8095397949,80.2273864746,55624,55634,10
12.8108501434,80.2279663086,55634,55644,10
12.8122396469,80.2284927368,55644,55655,11
12.8138198853,80.229019165,55655,55665,10
12.815320015,80.229309082,55665,55675,10
12.8168096542,80.2295379639,55675,55685,10
12.8179798126,80.2300033569,55685,55695,10
12.8196201324,80.2304382324,55695,55725,30
12.8196201324,80.2304382324,55725,55735,10
12.8200397491,80.230430603,55735,55746,11
12.8209896088,80.2304077148,55746,55756,10
12.8220996857,80.2305831909,55756,55766,10
12.8233499527,80.2309570313,55766,55776,10
12.8246803284,80.2312927246,55776,55786,10
12.8261299133,80.2313232422,55786,55796,10
12.8275203705,80.2309799194,55796,55806,10
12.8288002014,80.2302932739,55806,55816,10
12.8301200867,80.2297286987,55816,55826,10
12.8309803009,80.2293624878,55826,55837,11
12.831029892,80.2293395996,55837,55847,10
12.8310899734,80.229347229,55847,55857,10
12.8314399719,80.2292175293,55857,55867,10
12.8317098618,80.2291412354,55867,55877,10
12.8320999146,80.229057312,55877,55887,10
12.8328304291,80.2289123535,55887,55897,10
12.8337802887,80.228729248,55897,55907,10
12.8348798752,80.2285385132,55907,55917,10
12.8360996246,80.2283706665,55917,55928,11
12.8374996185,80.2281723022,55928,55938,10
12.8386697769,80.2279129028,55938,55948,10
12.8393497467,80.2277526855,55948,55958,10
12.8395595551,80.2277374268,55958,55968,10
12.8398103714,80.2276229858,55968,55978,10
12.8404197693,80.2274475098,55978,55988,10
12.8411998749,80.2272415161,55988,55998,10
12.8421001434,80.2270278931,55998,56008,10
12.8430700302,80.2267913818,56008,56019,11
12.8443098068,80.2266082764,56019,56029,10
12.8454198837,80.2265167236,56029,56049,20
12.8454198837,80.2265167236,56049,56059,10
12.8457603455,80.2265319824,56059,56069,10
12.8461999893,80.2265167236,56069,56079,10
12.8470001221,80.2265090942,56079,56089,10
12.8479204178,80.2265090942,56089,56099,10
12.8489599228,80.2265167236,56099,56110,11
12.8501501083,80.2265167236,56110,56120,10
12.8512001038,80.2265319824,56120,56130,10
12.852399826,80.226600647,56130,56140,10
12.8537797928,80.2265625,56140,56150,10
12.8551197052,80.2264175415,56150,56160,10
12.856470108,80.2262878418,56160,56170,10
12.8576803207,80.2261810303,56170,56180,10
12.8587398529,80.2261886597,56180,56191,11
12.8599796295,80.2263565063,56191,56201,10
12.8606700897,80.2264633179,56201,56211,10
12.8608198166,80.2264785767,56211,56221,10
12.8613195419,80.2264785767,56221,56231,10
12.8622398376,80.2264480591,56231,56241,10
12.8633003235,80.2264328003,56241,56251,10
12.8645401001,80.2264862061,56251,56261,10
12.8658800125,80.2265167236,56261,56271,10
12.8672895432,80.2264022827,56271,56281,10
12.8687400818,80.2263336182,56281,56292,11
12.870300293,80.2265014648,56292,56302,10
12.8717098236,80.2265930176,56302,56312,10
12.8726997375,80.2265777588,56312,56322,10
12.8727502823,80.226600647,56322,56332,10
12.8729600906,80.2266235352,56332,56342,10
12.8735198975,80.2266387939,56342,56352,10
12.8743696213,80.2267303467,56352,56362,10
12.8753995895,80.2268371582,56362,56373,11
12.8763799667,80.2268829346,56373,56383,10
12.8766498566,80.226852417,56383,56393,10
12.8770198822,80.2268295288,56393,56403,10
12.8778600693,80.2267608643,56403,56413,10
12.8789196014,80.2266616821,56413,56423,10
12.8801698685,80.2266387939,56423,56433,10
12.8811998367,80.2266616821,56433,56443,10
12.8829603195,80.2266769409,56443,56453,10
12.8844099045,80.2266693115,56453,56463,10
12.8851604462,80.2266387939,56463,56474,11
12.8852596283,80.2266387939,56474,56484,10
12.8858003616,80.2267608643,56484,56494,10
12.8866195679,80.2269897461,56494,56504,10
12.8876600266,80.2271881104,56504,56514,10
12.888879776,80.2272796631,56514,56524,10
12.8902397156,80.2272872925,56524,56534,10
12.8915901184,80.2272872925,56534,56544,10
12.8923397064,80.2273330688,56544,56554,10
12.892950058,80.2273712158,56554,56565,11
12.8939199448,80.2274932861,56565,56575,10
12.8950395584,80.2275466919,56575,56585,10
12.8963003159,80.2276077271,56585,56595,10
12.8976602554,80.2276763916,56595,56605,10
12.899020195,80.2277526855,56605,56615,10
12.9000501633,80.2277832031,56615,56625,10
12.9004297256,80.2277526855,56625,56645,20
12.9004297256,80.2277526855,56645,56656,11
12.9007797241,80.2278213501,56656,56666,10
12.9011602402,80.2278823853,56666,56676,10
12.9019002914,80.2278823853,56676,56686,10
12.9020500183,80.2278900146,56686,56696,10
12.9022703171,80.2279205322,56696,56706,10
12.9028301239,80.2279281616,56706,56716,10
12.9034996033,80.2279663086,56716,56726,10
12.9043598175,80.2280502319,56726,56737,11
12.9053897858,80.2280731201,56737,56747,10
12.9064397812,80.2281417847,56747,56757,10
12.9069499969,80.2281799316,56757,56767,10
12.9073200226,80.2282791138,56767,56777,10
12.9080600739,80.2284011841,56777,56787,10
12.9090595245,80.2285690308,56787,56797,10
12.910200119,80.228767395,56797,56807,10
12.91147995,80.2289733887,56807,56817,10
12.912779808,80.2291412354,56817,56828,11
12.9139795303,80.229309082,56828,56848,20
12.9139795303,80.229309082,56848,56858,10
12.9143400192,80.2294692993,56858,56868,10
12.9149303436,80.2294998169,56868,56878,10
12.9157600403,80.2296218872,56878,56888,10
12.9167995453,80.2297210693,56888,56898,10
12.9179296494,80.2298736572,56898,56908,10
12.9191398621,80.2299880981,56908,56919,11
12.920539856,80.2301712036,56919,56929,10
12.9218502045,80.2303314209,56929,56939,10
12.923210144,80.2305603027,56939,56949,10
12.924539566,80.2307434082,56949,56959,10
12.9256601334,80.2308425903,56959,56969,10
12.9268503189,80.231010437,56969,56979,10
12.9280395508,80.2311477661,56979,56989,10
12.9292497635,80.2313690186,56989,56999,10
12.9304800034,80.2316589355,56999,57009,10
12.9316902161,80.2320022583,57009,57020,11
12.9336204529,80.2327270508,57020,57050,30
12.9336204529,80.2327270508,57050,57060,10
12.9340801239,80.2329788208,57060,57070,10
12.9348201752,80.2332992554,57070,57080,10
12.9356603622,80.2336730957,57080,57090,10
12.9365596771,80.2340621948,57090,57101,11
12.937620163,80.2345733643,57101,57111,10
12.9386796951,80.2350997925,57111,57121,10
12.9395799637,80.2355270386,57121,57131,10
12.9396495819,80.2355575562,57131,57141,10
12.9399299622,80.2356872559,57141,57151,10
12.9405498505,80.2359008789,57151,57161,10
12.9414796829,80.2361297607,57161,57171,10
12.942489624,80.2364196777,57171,57181,10
12.9434204102,80.2370376587,57181,57191,10
12.9442796707,80.237991333,57191,57202,11
12.9453601837,80.2390670776,57202,57212,10
12.9465503693,80.239616394,57212,57222,10
12.9472999573,80.2399215698,57222,57232,10
12.9473600388,80.239982605,57232,57242,10
12.9477701187,80.2401580811,57242,57252,10
12.9486398697,80.2404632568,57252,57272,20
12.9486398697,80.2404632568,57272,57283,11
12.9487495422,80.2405014038,57283,57293,10
12.9490604401,80.2406768799,57293,57303,10
12.949640274,80.2408599854,57303,57313,10
12.9504404068,80.2411117554,57313,57323,10
12.9508399963,80.2412109375,57323,57333,10
12.9508800507,80.2412109375,57333,57343,10
12.9512500763,80.2413635254,57343,57353,10
12.9519300461,80.2416229248,57353,57363,10
12.9527797699,80.2419128418,57363,57373,10
12.953789711,80.2423019409,57373,57384,11
12.9549999237,80.2427825928,57384,57394,10
12.9562597275,80.2432403564,57394,57464,70
12.9562597275,80.2432403564,57464,57475,11
12.9567899704,80.2433929443,57475,57485,10
12.9574403763,80.2437362671,57485,57495,10
12.9582595825,80.244140625,57495,57505,10
12.958820343,80.2443466187,57505,57515,10
12.9589500427,80.2444000244,57515,57525,10
12.9594402313,80.2446594238,57525,57535,10
12.9601898193,80.2450332642,57535,57545,10
12.9611196518,80.2454605103,57545,57556,11
12.9623003006,80.2460479736,57556,57566,10
12.9632396698,80.2465133667,57566,57576,10
12.9640302658,80.2468566895,57576,57586,10
12.9649095535,80.247177124,57586,57596,10
12.9659099579,80.2475280762,57596,57606,10
12.9667196274,80.2478637695,57606,57616,10
12.9668998718,80.2479705811,57616,57626,10
12.9670600891,80.2479400635,57626,57636,10
12.9677801132,80.2483062744,57636,57646,10
12.9687204361,80.2486877441,57646,57657,11
12.9698696136,80.249130249,57657,57667,10
12.970990181,80.2495803833,57667,57677,10
12.9722299576,80.2499237061,57677,57687,10
12.9734601974,80.2502365112,57687,57697,10
12.974729538,80.2505874634,57697,57707,10
12.9760599136,80.2509918213,57707,57717,10
12.9772901535,80.2514038086,57717,57727,10
12.978219986,80.2520980835,57727,57737,10
12.9785003662,80.2522964478,57737,57748,11
12.9787998199,80.2524795532,57748,57758,10
12.9797201157,80.2525787354,57758,57788,30
12.9797201157,80.2525787354,57788,57798,10
12.9800195694,80.2526779175,57798,57808,10
12.980629921,80.2526397705,57808,57818,10
12.9815196991,80.2526168823,57818,57828,10
12.9825801849,80.2525863647,57828,57839,11
12.9837799072,80.2524032593,57839,57849,10
12.9849100113,80.2520828247,57849,57859,10
12.9858503342,80.2518005371,57859,57869,10
12.9870195389,80.2515182495,57869,57899,30
12.9870195389,80.2515182495,57899,57909,10
12.9871301651,80.2514877319,57909,57919,10
12.9873800278,80.251411438,57919,57930,11
12.9877195358,80.2513580322,57930,57940,10
12.9880399704,80.2520599365,57940,57960,20
12.9880399704,80.2520599365,57960,57970,10
12.9880399704,80.2525024414,57970,57980,10
12.9879703522,80.253288269,57980,57990,10
12.9878702164,80.2541885376,57990,58000,10
12.987830162,80.2549362183,58000,58011,11
12.9877700806,80.2555007935,58011,58081,70
12.9877700806,80.2555007935,58081,58091,10
12.9876899719,80.2557220459,58091,58101,10
12.9880800247,80.2557830811,58101,58112,11
12.9886798859,80.255859375,58112,58122,10
12.9887695313,80.2558822632,58122,58132,10
12.9891996384,80.2558898926,58132,58142,10
12.989780426,80.2559661865,58142,58152,10
12.9903497696,80.2558822632,58152,58162,10
12.990819931,80.2559585571,58162,58172,10
12.9914197922,80.2559967041,58172,58182,10
12.9922800064,80.2559585571,58182,58192,10
12.9931297302,80.2558822632,58192,58203,11
12.9940004349,80.2558364868,58203,58213,10
12.9948396683,80.2557983398,58213,58223,10
12.9955701828,80.2557983398,58223,58233,10
12.9965496063,80.255859375,58233,58263,30
12.9965496063,80.255859375,58263,58273,10
12.9967699051,80.2558898926,58273,58284,11
12.9970397949,80.2558822632,58284,58294,10
12.9974498749,80.255897522,58294,58324,30
12.9974498749,80.255897522,58324,58334,10
12.9975500107,80.2558898926,58334,58344,10
12.9976396561,80.2558898926,58344,58354,10
12.9977302551,80.2560195923,58354,58364,10
12.9976997375,80.2562332153,58364,58375,11
12.9976596832,80.2565994263,58375,58385,10
12.9974803925,80.257019043,58385,58395,10
12.9973297119,80.2570877075,58395,58425,30
12.9969701767,80.256980896,58425,58850,425
12.9968996048,80.2569198608,58850,59386,536
12.9969100952,80.257019043,59386,60296,910
12.996919632,80.256980896,60296,61408,1112
12.9968795776,80.2570037842,61408,61783,375
12.9968004227,80.2569732666,61783,61934,151
12.9968700409,80.2569580078,61934,62976,1042
12.9968795776,80.2570037842,62976,63077,101
12.9969301224,80.2569732666,63077,69853,6776
12.9968299866,80.2569122314,69853,70106,253
12.9969301224,80.2568817139,70106,74617,4511
12.9969301224,80.2568817139,74617,74627,10
12.9968500137,80.2568969727,74627,74748,121
12.9968900681,80.2569274902,74748,75193,445
12.9968900681,80.2569274902,75193,75203,10
12.9972801208,80.2570724487,75203,75213,10
12.9975595474,80.2568817139,75213,75294,81
12.9975795746,80.2566375732,75294,75405,111
12.9975795746,80.2566375732,75405,75415,10
12.9975996017,80.2564697266,75415,75426,11
12.9975004196,80.2567367554,75426,75436,10
12.9977197647,80.2569274902,75436,75446,10
12.9981803894,80.2568511963,75446,83112,7666
12.9983997345,80.2568511963,83112,83911,799
12.9983997345,80.2568511963,83911,83921,10
