13.0265598297,80.2660369873,20,767,747
13.0265703201,80.2658996582,767,2039,1272
13.0266199112,80.2659606934,2039,2291,252
13.0265798569,80.2660369873,2291,4794,2503
13.0264997482,80.2661132813,4794,4986,192
13.0266304016,80.2660598755,4986,5248,262
13.026599884,80.2660217285,5248,5401,153
13.0265598297,80.2660598755,5401,5441,40
13.0266199112,80.2660522461,5441,5512,71
13.0266199112,80.2660522461,5512,5522,10
13.0265798569,80.2659988403,5522,5784,262
13.0265598297,80.2660522461,5784,5835,51
13.0265903473,80.2660369873,5835,5885,50
13.0265598297,80.2659683228,5885,5915,30
13.0266199112,80.2660217285,5915,6016,101
13.0266199112,80.2660217285,6016,6026,10
13.0266799927,80.2660522461,6026,6047,21
13.0265302658,80.2660217285,6047,6067,20
13.0265302658,80.2660217285,6067,6077,10
13.0265302658,80.2659988403,6077,6208,131
13.0266199112,80.2660827637,6208,6228,20
13.0266199112,80.2660827637,6228,6238,10
13.0265798569,80.2660827637,6238,6269,31
13.0265798569,80.2660827637,6269,6279,10
13.0264196396,80.2661437988,6279,6289,10
13.0265302658,80.2661209106,6289,6329,40
13.026599884,80.2660827637,6329,6349,20
13.026599884,80.2660827637,6349,6359,10
13.0266504288,80.2660522461,6359,6390,31
13.0266504288,80.2660522461,6390,6400,10
13.0265798569,80.2660598755,6400,6481,81
13.026599884,80.2660980225,6481,6511,30
13.026599884,80.2660980225,6511,6521,10
13.0266895294,80.2662277222,6521,6531,10
13.0268001556,80.266242981,6531,6541,10
13.0267896652,80.2661590576,6541,6551,10
13.0267801285,80.2661514282,6551,6561,10
13.026720047,80.2661590576,6561,6571,10
13.0267000198,80.2661590576,6571,6581,10
13.026720047,80.2661209106,6581,6592,11
13.0266895294,80.2660980225,6592,6602,10
13.0264701843,80.2660675049,6602,6622,20
13.0264701843,80.2660675049,6622,6632,10
13.0266704559,80.2660522461,6632,6642,10
13.0266799927,80.2660827637,6642,6713,71
13.0266799927,80.2660827637,6713,6723,10
13.0265903473,80.2661209106,6723,6733,10
13.0265703201,80.2661132813,6733,6743,10
13.0266599655,80.2659378052,6743,6773,30
13.0266599655,80.2659378052,6773,6783,10
13.0268096924,80.2658996582,6783,6793,10
13.0266399384,80.2658996582,6793,6804,11
13.026720047,80.2659835815,6804,6824,20
13.026720047,80.2659835815,6824,6834,10
13.026599884,80.2660217285,6834,6844,10
13.026550293,80.2660598755,6844,6854,10
13.0265197754,80.2660675049,6854,6864,10
13.0265703201,80.2660675049,6864,6874,10
13.0267095566,80.2662124634,6874,6894,20
13.0266599655,80.266166687,6894,6925,31
13.0266799927,80.2660522461,6925,6975,50
13.0266799927,80.2660522461,6975,6985,10
13.0266799927,80.2660827637,6985,7005,20
13.0266799927,80.2660827637,7005,7015,10
13.0265798569,80.265838623,7015,7036,21
13.0265798569,80.265838623,7036,7046,10
13.0266199112,80.2659988403,7046,7056,10
13.0264902115,80.2661972046,7056,7137,81
13.0266799927,80.2660064697,7137,7227,90
13.0265798569,80.2660064697,7227,7258,31
13.026720047,80.2660217285,7258,7318,60
13.026720047,80.2660217285,7318,7328,10
13.0264997482,80.2659301758,7328,7399,71
13.0265598297,80.2659912109,7399,7419,20
13.0265398026,80.2660903931,7419,7601,182
13.0265398026,80.2660903931,7601,7611,10
13.0265703201,80.2662734985,7611,7621,10
13.0265598297,80.2663116455,7621,7631,10
13.0265703201,80.2662277222,7631,7641,10
13.0265798569,80.2662200928,7641,7651,10
13.0266103745,80.2662277222,7651,7682,31
13.026599884,80.2659835815,7682,7712,30
13.026599884,80.2659835815,7712,7722,10
13.0265703201,80.26587677,7722,7732,10
13.0265197754,80.2658233643,7732,7742,10
13.0264797211,80.2659378052,7742,7752,10
13.0265903473,80.2659072876,7752,7762,10
13.0266399384,80.2659072876,7762,7772,10
13.0265903473,80.2657165527,7772,7783,11
13.0264501572,80.2658615112,7783,7793,10
13.0265798569,80.2658996582,7793,7803,10
13.0265703201,80.2658691406,7803,7813,10
13.026599884,80.26587677,7813,7823,10
13.0265798569,80.2659072876,7823,7833,10
13.0263795853,80.2660903931,7833,7843,10
13.0263996124,80.2660675049,7843,7853,10
13.0264396667,80.2661514282,7853,7863,10
13.0265398026,80.2660217285,7863,7883,20
13.0265398026,80.2660217285,7883,7894,11
13.0265798569,80.2658233643,7894,7904,10
13.0267095566,80.2660598755,7904,7914,10
13.0266504288,80.2661209106,7914,7924,10
13.026550293,80.26612854,7924,8045,121
13.026550293,80.26612854,8045,8055,10
13.0266599655,80.2658691406,8055,8065,10
13.0265798569,80.2660369873,8065,8186,121
13.0266199112,80.2659072876,8186,8237,51
13.0266199112,80.2659072876,8237,8247,10
13.0265798569,80.2659912109,8247,8257,10
13.0266304016,80.2659988403,8257,8378,121
13.0266304016,80.2659988403,8378,8388,10
13.0265102386,80.2661514282,8388,8398,10
13.0265398026,80.2660598755,8398,8408,10
13.026550293,80.2657623291,8408,8418,10
13.0265598297,80.2655563354,8418,8428,10
13.0266199112,80.266166687,8428,8439,11
13.0265598297,80.2657394409,8439,8449,10
13.026599884,80.266166687,8449,8459,10
13.0265197754,80.2662277222,8459,8469,10
13.026599884,80.26612854,8469,8479,10
13.0265598297,80.2663269043,8479,18627,10148
13.0265598297,80.2663269043,18627,18637,10
13.0265302658,80.2661514282,18637,18647,10
13.0265903473,80.2660903931,18647,18657,10
13.0265703201,80.2661209106,18657,18667,10
13.0266199112,80.2661514282,18667,18677,10
13.0265903473,80.2661209106,18677,18687,10
13.0265102386,80.2659683228,18687,18697,10
13.0265903473,80.2660827637,18697,18707,10
13.0266103745,80.2660064697,18707,18717,10
13.0265398026,80.2659988403,18717,18728,11
13.0266199112,80.2659835815,18728,18738,10
13.0266103745,80.2660522461,18738,18748,10
13.0269699097,80.2659912109,18748,18768,20
13.0269699097,80.2659912109,18768,18778,10
13.026720047,80.2665405273,18778,18859,81
13.026720047,80.2665405273,18859,18869,10
13.0265302658,80.2660598755,18869,18879,10
13.0265703201,80.2661590576,18879,18889,10
13.0265903473,80.2661132813,18889,18899,10
13.0266199112,80.2662963867,18899,18909,10
13.026599884,80.2661437988,18909,18919,10
13.0265598297,80.2660369873,18919,18929,10
13.0265102386,80.2658691406,18929,18940,11
13.0266103745,80.2660827637,18940,18950,10
13.0265903473,80.2660217285,18950,18960,10
13.0265598297,80.2659988403,18960,18970,10
13.0265798569,80.26612854,18970,18980,10
13.0265703201,80.2660903931,18980,19000,20
13.0265703201,80.2660903931,19000,19010,10
13.0265102386,80.2661819458,19010,19020,10
13.0264596939,80.2661590576,19020,19030,10
13.0265398026,80.2661972046,19030,19040,10
13.0266103745,80.2660369873,19040,19051,11
13.0266103745,80.2659988403,19051,19061,10
13.0265903473,80.2660675049,19061,19071,10
13.026599884,80.2660522461,19071,19081,10
13.026550293,80.2660293579,19081,19091,10
13.0265903473,80.2660064697,19091,19101,10
13.0265398026,80.2659912109,19101,19111,10
13.0265398026,80.2660598755,19111,19121,10
13.0265598297,80.2660522461,19121,19131,10
13.0265798569,80.2660980225,19131,19141,10
13.0265798569,80.2661437988,19141,19152,11
13.0265703201,80.2660903931,19152,19162,10
13.0264997482,80.2661437988,19162,19172,10
13.0265398026,80.2660217285,19172,19182,10
13.0265598297,80.2658462524,19182,19192,10
13.0265798569,80.2659988403,19192,19202,10
13.0264997482,80.2659988403,19202,19212,10
13.026599884,80.2660598755,19212,19222,10
13.0265798569,80.2660064697,19222,19232,10
13.0265798569,80.2660598755,19232,19242,10
13.0265798569,80.2659683228,19242,19252,10
13.026599884,80.2660598755,19252,19263,11
13.0266199112,80.2659072876,19263,19273,10
13.0265598297,80.2660827637,19273,19283,10
13.0265102386,80.2660293579,19283,19293,10
13.026550293,80.2661972046,19293,19303,10
13.0266199112,80.2660598755,19303,19313,10
13.0266599655,80.2660064697,19313,19323,10
13.0266304016,80.2660827637,19323,19333,10
13.0266399384,80.2658996582,19333,19343,10
13.0265302658,80.2661590576,19343,19353,10
13.0265703201,80.2660293579,19353,19384,31
13.0265703201,80.2660293579,19384,19394,10
13.0265302658,80.2661819458,19394,19404,10
13.026599884,80.2661437988,19404,19414,10
13.0266399384,80.2660980225,19414,19424,10
13.0266399384,80.26612854,19424,19434,10
13.0266895294,80.2660217285,19434,19444,10
13.0267000198,80.2660217285,19444,19454,10
13.0266895294,80.2660598755,19454,19464,10
13.0266399384,80.2660827637,19464,19475,11
13.0265798569,80.2661514282,19475,19485,10
13.0265903473,80.2661514282,19485,19495,10
13.026599884,80.2660903931,19495,19505,10
13.0265598297,80.26612854,19505,19515,10
13.0265703201,80.2660980225,19515,19525,10
13.0265798569,80.2660903931,19525,19535,10
13.0266199112,80.2660598755,19535,19545,10
13.0266199112,80.2659912109,19545,19555,10
13.026599884,80.2659683228,19555,19565,10
13.0265703201,80.2659683228,19565,19575,10
13.0265703201,80.2659378052,19575,19586,11
13.0265703201,80.2659683228,19586,19596,10
13.0265703201,80.2659912109,19596,19606,10
13.0266103745,80.2659835815,19606,19616,10
13.0266199112,80.2659912109,19616,19626,10
13.0266103745,80.2660064697,19626,19636,10
13.0265598297,80.2660980225,19636,19646,10
13.0265598297,80.2661514282,19646,19656,10
13.0265398026,80.2661209106,19656,19666,10
13.0265598297,80.2660827637,19666,19676,10
13.0265903473,80.2660064697,19676,19686,10
13.0266199112,80.2659835815,19686,19697,11
13.0266304016,80.2659988403,19697,19707,10
13.0266399384,80.2659835815,19707,19717,10
13.0266304016,80.2660598755,19717,19727,10
13.0266304016,80.2660217285,19727,19737,10
13.026599884,80.2660522461,19737,19747,10
13.0265903473,80.2660217285,19747,19757,10
13.026550293,80.2659378052,19757,19767,10
13.0266504288,80.26587677,19767,19777,10
13.0266895294,80.2658996582,19777,19787,10
13.0266304016,80.2660064697,19787,19797,10
13.0264701843,80.2661819458,19797,19808,11
13.0264902115,80.2661590576,19808,19818,10
13.0265102386,80.2661209106,19818,19828,10
13.0264997482,80.2661590576,19828,19838,10
13.0265598297,80.26612854,19838,19848,10
13.026599884,80.2660980225,19848,19858,10
13.0266704559,80.2660675049,19858,19868,10
13.0266399384,80.2659378052,19868,19878,10
13.0266103745,80.2659606934,19878,19888,10
13.0266103745,80.2659912109,19888,19898,10
13.026599884,80.2660064697,19898,19909,11
13.0265398026,80.2660522461,19909,19919,10
13.026550293,80.2660293579,19919,19929,10
13.0265598297,80.2660293579,19929,19939,10
13.026599884,80.2660522461,19939,19949,10
13.0265598297,80.2660522461,19949,19959,10
13.0265703201,80.2660217285,19959,19969,10
13.0265398026,80.2659835815,19969,19979,10
13.026550293,80.2660369873,19979,19989,10
13.0265703201,80.2660827637,19989,19999,10
13.0265598297,80.2660522461,19999,20009,10
13.026599884,80.2660675049,20009,20020,11
13.0265703201,80.2660980225,20020,20030,10
13.0265398026,80.2660980225,20030,20040,10
13.0264797211,80.2660980225,20040,20050,10
13.0264902115,80.2661209106,20050,20060,10
13.0264997482,80.2660980225,20060,20070,10
13.026550293,80.2660598755,20070,20080,10
13.0266103745,80.2660598755,20080,20090,10
13.0266199112,80.2660598755,20090,20100,10
13.0265903473,80.2660522461,20100,20110,10
13.0265598297,80.2660827637,20110,20121,11
13.0264902115,80.2660369873,20121,20131,10
13.0264797211,80.2659988403,20131,20141,10
13.0264596939,80.2659912109,20141,20151,10
13.026309967,80.2658996582,20151,20181,30
13.026309967,80.2658996582,20181,20191,10
13.0266304016,80.2660522461,20191,20201,10
13.0265197754,80.2660675049,20201,20211,10
13.026550293,80.2660827637,20211,20221,10
13.0265598297,80.2660827637,20221,20231,10
13.026550293,80.2660522461,20231,20242,11
13.026550293,80.2660903931,20242,20252,10
13.0265798569,80.2661132813,20252,20262,10
13.026599884,80.2661132813,20262,20272,10
13.0266103745,80.2660827637,20272,20282,10
13.0265703201,80.2660675049,20282,20292,10
13.0266103745,80.2660598755,20292,20302,10
13.0266199112,80.2660522461,20302,20312,10
13.026599884,80.2660217285,20312,20322,10
13.0265703201,80.2659988403,20322,20332,10
13.026550293,80.2660217285,20332,20343,11
13.0265197754,80.2660522461,20343,20353,10
13.0265302658,80.2660598755,20353,20363,10
13.0265398026,80.2660598755,20363,20373,10
13.0265398026,80.2660980225,20373,20383,10
13.0265197754,80.2661209106,20383,20393,10
13.0265398026,80.2660980225,20393,20403,10
13.0264797211,80.2661437988,20403,20413,10
13.026550293,80.2661209106,20413,20423,10
13.0265102386,80.26612854,20423,20433,10
13.0265903473,80.2660369873,20433,20443,10
13.0265398026,80.2660827637,20443,20454,11
13.0264101028,80.2661437988,20454,20534,80
13.0264101028,80.2661437988,20534,20544,10
13.0263595581,80.2659988403,20544,20554,10
13.0265102386,80.2660369873,20554,20565,11
13.0264902115,80.2660369873,20565,20575,10
13.0266799927,80.2661209106,20575,20585,10
13.0266199112,80.2660522461,20585,20595,10
13.0264997482,80.2660980225,20595,20605,10
13.0265398026,80.2661819458,20605,20615,10
13.0265398026,80.2661209106,20615,20625,10
13.0265598297,80.2660217285,20625,20635,10
13.0267295837,80.2659912109,20635,20645,10
13.0265197754,80.2660980225,20645,20655,10
13.0265398026,80.2660827637,20655,20665,10
13.026720047,80.2659988403,20665,20676,11
13.0266199112,80.2661209106,20676,20686,10
13.0263299942,80.2660522461,20686,20696,10
13.0266599655,80.2660980225,20696,20706,10
13.0266704559,80.2658996582,20706,20716,10
13.0264596939,80.2659225464,20716,20726,10
13.0262899399,80.2661209106,20726,20736,10
13.0265197754,80.2660293579,20736,20746,10
13.02643013,80.2660217285,20746,21029,283
13.02643013,80.2660217285,21029,21039,10
13.0268697739,80.2664489746,21039,21049,10
13.0264396667,80.2660293579,21049,21059,10
13.0265798569,80.2660598755,21059,21069,10
13.0264596939,80.2662124634,21069,21079,10
13.0265398026,80.2660217285,21079,21089,10
13.0263395309,80.2661590576,21089,21100,11
13.026599884,80.2660598755,21100,21120,20
13.026599884,80.2660598755,21120,21130,10
13.0267601013,80.2659835815,21130,21251,121
13.0267601013,80.2659835815,21251,21261,10
13.026720047,80.2661972046,21261,21332,71
13.026720047,80.2661972046,21332,21342,10
13.0265302658,80.2664413452,21342,21352,10
13.0266399384,80.2658996582,21352,21362,10
13.0267400742,80.26587677,21362,21372,10
13.0267801285,80.2659072876,21372,21382,10
13.0266599655,80.2658615112,21382,21756,374
13.0266599655,80.2658615112,21756,21766,10
13.0264997482,80.2659072876,21766,21776,10
13.0263299942,80.2662734985,21776,21786,10
13.02643013,80.2660827637,21786,21796,10
13.0267400742,80.2659606934,21796,21897,101
13.02684021,80.2659683228,21897,21917,20
13.02684021,80.2659683228,21917,21927,10
13.0267000198,80.2658233643,21927,22361,434
13.0267000198,80.2658233643,22361,22371,10
13.0265903473,80.2660598755,22371,22381,10
13.026550293,80.2659683228,22381,22694,313
13.0264596939,80.2661209106,22694,22886,192
13.026599884,80.2659988403,22886,23148,262
13.026599884,80.2660675049,23148,23280,132
13.0266103745,80.265953064,23280,24291,1011
13.0266103745,80.265953064,24291,24301,10
13.0264797211,80.265953064,24301,24311,10
13.0261001587,80.2661972046,24311,24402,91
13.0261001587,80.2661972046,24402,24412,10
13.0259199142,80.2663497925,24412,24422,10
13.0257501602,80.2667922974,24422,24432,10
13.0254001617,80.2673416138,24432,24443,11
13.0250902176,80.2679977417,24443,24453,10
13.0251197815,80.2686080933,24453,24463,10
13.0251903534,80.26927948,24463,24473,10
13.0251903534,80.2698974609,24473,24483,10
13.0251302719,80.2704467773,24483,24493,10
13.0250196457,80.2710037231,24493,24503,10
13.0248804092,80.2715835571,24503,24513,10
13.0245304108,80.2722702026,24513,24523,10
13.0242900848,80.2729415894,24523,24533,10
13.0241003036,80.2737197876,24533,24543,10
13.0239896774,80.2740707397,24543,24553,10
13.023730278,80.2745437622,24553,24564,11
13.0232896805,80.2753601074,24564,24574,10
13.0228395462,80.2759933472,24574,24584,10
13.0224504471,80.2760696411,24584,24594,10
13.0222997665,80.2765579224,24594,25078,484
13.0222997665,80.2765579224,25078,25088,10
13.0223197937,80.2767181396,25088,25099,11
13.0225601196,80.2767105103,25099,25109,10
13.0228004456,80.276260376,25109,25119,10
13.0231199265,80.2756576538,25119,25129,10
13.0234804153,80.2750015259,25129,25139,10
13.0238304138,80.2742996216,25139,25148,9
13.0239400864,80.2740325928,25148,25160,12
13.0239601135,80.2740020752,25160,25170,10
13.0242300034,80.2741470337,25170,25180,10
13.0247097015,80.2746429443,25180,25190,10
13.0254602432,80.2749710083,25190,25201,11
13.0263395309,80.2753829956,25201,25211,10
13.0270700455,80.2757492065,25211,25221,10
13.0278196335,80.2761383057,25221,25231,10
13.0286598206,80.2764205933,25231,25241,10
13.0293798447,80.2766418457,25241,25251,10
13.0300397873,80.276802063,25251,25261,10
13.0305404663,80.2770233154,25261,25271,10
13.0313796997,80.2775268555,25271,25281,10
13.0322198868,80.2774963379,25281,25291,10
13.0327301025,80.2774581909,25291,25301,10
13.0327596664,80.2774505615,25301,25312,11
13.0332899094,80.2773971558,25312,25322,10
13.034040451,80.2774505615,25322,25332,10
13.0348396301,80.277671814,25332,25342,10
13.0358104706,80.2778625488,25342,25352,10
13.0368299484,80.2781524658,25352,25362,10
13.0378503799,80.2784423828,25362,25373,11
13.0388002396,80.278678894,25373,25383,10
13.0390195847,80.2787399292,25383,25393,10
13.0393199921,80.2788391113,25393,25403,10
13.0400600433,80.2790527344,25403,25414,11
13.0410804749,80.2792892456,25414,25424,10
13.0421800613,80.2794570923,25424,25434,10
13.0431203842,80.2795181274,25434,25444,10
13.043299675,80.2789230347,25444,25454,10
13.0433101654,80.2779312134,25454,25464,10
13.0433397293,80.2774200439,25464,25474,10
13.0433397293,80.2772521973,25474,25484,10
13.0433397293,80.2766571045,25484,25494,10
13.0433197021,80.2758636475,25494,25504,10
13.0433797836,80.2748565674,25504,25514,10
13.0434398651,80.2738723755,25514,25525,11
13.0436496735,80.2727432251,25525,25535,10
13.0438404083,80.2718505859,25535,25545,10
13.0438604355,80.2717666626,25545,25555,10
13.0439596176,80.2714004517,25555,25565,10
13.0441398621,80.2705917358,25565,25575,10
13.0443496704,80.2696228027,25575,25585,10
13.044500351,80.2686309814,25585,25595,10
13.0445699692,80.2681808472,25595,25605,10
13.0446395874,80.2675628662,25605,25615,10
13.0446395874,80.2666931152,25615,25624,9
13.0447597504,80.2657165527,25624,25636,12
13.0446300507,80.2644119263,25636,25646,10
13.0446195602,80.2636413574,25646,25656,10
13.0446901321,80.2630233765,25656,25666,10
13.0447397232,80.262802124,25666,25676,10
13.0449104309,80.2623214722,25676,25686,10
13.0451002121,80.2615203857,25686,25696,10
13.0452699661,80.2606887817,25696,25706,10
13.0454301834,80.2598419189,25706,25716,10
13.045539856,80.2587280273,25716,25726,10
13.0457696915,80.2573623657,25726,25743,17
13.0460100174,80.2566223145,25743,25755,12
13.0462703705,80.2560577393,25755,25765,10
13.046500206,80.2554092407,25765,25775,10
13.0472803116,80.2543563843,25775,25785,10
13.047659874,80.2540512085,25785,25795,10
13.0479402542,80.2538909912,25795,25804,9
13.048500061,80.2536087036,25804,25815,11
13.0495796204,80.2530975342,25815,25825,10
13.0504903793,80.2524185181,25825,25835,10
13.0513896942,80.2516784668,25835,25846,11
13.0519304276,80.2511520386,25846,25856,10
13.0522499084,80.250793457,25856,25866,10
13.0525999069,80.2510070801,25866,25876,10
13.0530996323,80.2517776489,25876,25886,10
13.0535898209,80.2524719238,25886,25896,10
13.0540895462,80.2532196045,25896,25906,10
13.0547704697,80.2541885376,25906,25916,10
13.0555000305,80.2552108765,25916,25926,10
13.0562095642,80.2562179565,25926,25936,10
13.0567798615,80.2567901611,25936,25946,10
13.0568304062,80.2569580078,25946,25957,11
13.0572595596,80.2573394775,25957,25967,10
13.0579099655,80.2579727173,25967,25977,10
13.0585803986,80.2588729858,25977,25987,10
13.059220314,80.2597503662,25987,25997,10
13.059920311,80.2605285645,25997,26007,10
13.0604801178,80.2612380981,26007,26017,10
13.0610303879,80.2616500854,26017,26027,10
13.0613002777,80.2619781494,26027,26037,10
13.0616798401,80.2622833252,26037,26047,10
13.0619096756,80.2626571655,26047,26057,10
13.0621099472,80.2629394531,26057,26068,11
13.0625200272,80.2634429932,26068,26078,10
13.062959671,80.2640380859,26078,26088,10
13.0633602142,80.2644577026,26088,26098,10
13.0635099411,80.2647094727,26098,26108,10
13.0639095306,80.2652816772,26108,26118,10
13.0644598007,80.2660064697,26118,26128,10
13.0649900436,80.2667007446,26128,26138,10
13.0655603409,80.2672119141,26138,26148,10
13.0661296844,80.2678985596,26148,26158,10
13.0668201447,80.2684173584,26158,26168,10
13.0669803619,80.2685012817,26168,26179,11
13.0671396255,80.2685699463,26179,26189,10
13.0676202774,80.2689437866,26189,26199,10
13.068189621,80.2692718506,26199,26209,10
13.0683403015,80.2691421509,26209,26219,10
13.068479538,80.2686386108,26219,26229,10
13.0687398911,80.2679519653,26229,26239,10
13.0690898895,80.2671432495,26239,26249,10
13.0698003769,80.2664489746,26249,26259,10
13.070400238,80.2658691406,26259,26269,10
13.0704698563,80.2657775879,26269,26280,11
13.0707798004,80.265411377,26280,26290,10
13.0713195801,80.2648696899,26290,26300,10
13.0718097687,80.2643508911,26300,26310,10
13.0722398758,80.2637710571,26310,26320,10
13.0725297928,80.2630691528,26320,26330,10
13.0727396011,80.2624816895,26330,26340,10
13.0729999542,80.2618103027,26340,26350,10
13.0731801987,80.2611465454,26350,26360,10
13.073390007,80.2612380981,26360,26370,10
13.0737895966,80.2616577148,26370,26380,10
13.0743103027,80.2622680664,26380,26391,11
13.0749397278,80.263092041,26391,26401,10
13.0754804611,80.2638397217,26401,26411,10
13.076089859,80.2642211914,26411,26421,10
13.0769300461,80.2641296387,26421,26431,10
13.0777702332,80.2637176514,26431,26441,10
13.0781202316,80.2632598877,26441,26451,10
13.0779399872,80.2627182007,26451,26461,10
13.0776596069,80.2618789673,26461,26502,41
13.0776596069,80.2618789673,26502,26512,10
13.077580452,80.2616119385,26512,26540,28
13.0775003433,80.2613677979,26540,26560,20
13.0775003433,80.2613677979,26560,26570,10
13.0774497986,80.2612304688,26570,26579,9
13.0773696899,80.2610473633,26579,26589,10
13.0773000717,80.2608795166,26589,26600,11
13.0771999359,80.2607116699,26600,26611,11
13.0770902634,80.260559082,26611,26621,10
13.0768404007,80.2603225708,26621,26641,20
13.0768404007,80.2603225708,26641,26652,11
13.0766496658,80.2601165771,26652,26662,10
13.076379776,80.2598724365,26662,26671,9
13.075920105,80.2594909668,26671,26681,10
13.0756502151,80.2589797974,26681,26692,11
13.0756397247,80.2588729858,26692,26702,10
13.0755796432,80.2585296631,26702,26713,11
13.0756101608,80.2580795288,26713,26723,10
13.0761203766,80.2576599121,26723,26733,10
13.0767803192,80.2570571899,26733,26743,10
13.0774803162,80.2567214966,26743,26753,10
13.0783195496,80.2566223145,26753,26763,10
13.0789403915,80.2565689087,26763,26773,10
13.079079628,80.2562484741,26773,26783,10
13.0790195465,80.2549514771,26783,26803,20
13.0790195465,80.2549514771,26803,26813,10
13.0790195465,80.2546005249,26813,26844,31
13.0790195465,80.2546005249,26844,26854,10
13.0794296265,80.2544784546,26854,26864,10
13.0799598694,80.2545700073,26864,26874,10
13.0807504654,80.2547531128,26874,26884,10
13.0815000534,80.2548217773,26884,26894,10
13.0818004608,80.2543716431,26894,26904,10
13.0818996429,80.2537231445,26904,26914,10
13.0817699432,80.2527770996,26914,26924,10
13.0814304352,80.2518692017,26924,26935,11
13.081410408,80.2510223389,26935,26945,10
13.0813999176,80.25050354,26945,26955,10
13.0813999176,80.2497787476,26955,26971,16
13.0827198029,80.2498092651,26971,26983,12
13.0839395523,80.250038147,26983,26993,10
13.0846204758,80.2501373291,26993,27001,8
13.0847396851,80.2501678467,27001,27013,12
13.0851802826,80.2502593994,27013,27023,10
13.0858898163,80.2503433228,27023,27033,10
13.0859203339,80.2496871948,27033,27044,11
13.0858697891,80.248550415,27044,27054,10
13.0857896805,80.2472381592,27054,27064,10
13.0857200623,80.2461013794,27064,27074,10
13.0856399536,80.2452697754,27074,27083,9
13.0858602524,80.2450180054,27083,27094,11
13.0863304138,80.244682312,27094,27103,9
13.0869398117,80.2441711426,27103,27113,10
13.0875196457,80.2436904907,27113,27124,11
13.087849617,80.2431793213,27124,27134,10
13.0879402161,80.2425384521,27134,27145,11
13.0884103775,80.2418670654,27145,27155,10
13.0891103745,80.2413864136,27155,27165,10
13.0897598267,80.2409591675,27165,27175,10
13.0904102325,80.2407836914,27175,27185,10
13.0907201767,80.2407913208,27185,27195,10
13.0913896561,80.2408599854,27195,27205,10
13.0923404694,80.2409210205,27205,27215,10
13.0931997299,80.2410125732,27215,27225,10
13.0940198898,80.2411499023,27225,27235,10
13.0942602158,80.2411804199,27235,27245,10
13.0946702957,80.2412719727,27245,27256,11
13.0954504013,80.2414779663,27256,27266,10
13.096159935,80.2417526245,27266,27276,10
13.0970401764,80.2420272827,27276,27286,10
13.0974798203,80.2419204712,27286,27296,10
13.0975904465,80.241317749,27296,27306,10
13.0976800919,80.2404327393,27306,27316,10
13.0977201462,80.239616394,27316,27326,10
13.0977802277,80.238899231,27326,27336,10
13.0978298187,80.2384719849,27336,27346,10
13.0978603363,80.2382888794,27346,27357,11
13.0980195999,80.237487793,27357,27373,16
13.098279953,80.236076355,27373,27385,12
13.098449707,80.2350616455,27385,27395,10
13.0985202789,80.2344665527,27395,27403,8
13.0985603333,80.2337036133,27403,27414,11
13.0986604691,80.2330322266,27414,27425,11
13.0988397598,80.2322387695,27425,27435,10
13.0991201401,80.2314910889,27435,27445,10
13.0994596481,80.2308502197,27445,27455,10
13.0996999741,80.2301025391,27455,27465,10
13.0997695923,80.2297592163,27465,27476,11
13.0997896194,80.229598999,27476,27486,10
13.0998601913,80.2290878296,27486,27496,10
13.0999603271,80.2284088135,27496,27506,10
13.1000299454,80.2276992798,27506,27516,10
13.1000299454,80.2267837524,27516,27525,9
13.0999603271,80.2259216309,27525,27536,11
13.0998897552,80.2253494263,27536,27546,10
13.0998697281,80.2252120972,27546,27556,10
13.0997400284,80.2247085571,27556,27566,10
13.0994596481,80.2239532471,27566,27577,11
13.0992698669,80.2236862183,27577,27587,10
13.0990695953,80.2233963013,27587,27597,10
13.0988798141,80.2230987549,27597,27607,10
13.098739624,80.2226486206,27607,27617,10
13.0987796783,80.2217788696,27617,27627,10
13.09897995,80.2206573486,27627,27637,10
13.0991697311,80.2195510864,27637,27647,10
13.099240303,80.2192001343,27647,27657,10
13.0993499756,80.2185897827,27657,27667,10
13.0994997025,80.217628479,27667,27676,9
13.0997600555,80.2166137695,27676,27688,12
13.100230217,80.2154922485,27688,27698,10
13.1002397537,80.2154769897,27698,27708,10
13.1003303528,80.2153167725,27708,27718,10
13.1005401611,80.21484375,27718,27728,10
13.1008195877,80.2142181396,27728,27738,10
13.1011400223,80.2133865356,27738,27748,10
13.1015396118,80.2124023438,27748,27758,10
13.1019096375,80.2114028931,27758,27768,10
13.1022195816,80.2105331421,27768,27778,10
13.1025400162,80.2095870972,27778,27789,11
13.1027002335,80.2090072632,27789,27799,10
13.102809906,80.2086868286,27799,27809,10
13.1029100418,80.2083816528,27809,27819,10
13.1030502319,80.2078933716,27819,27829,10
13.1033000946,80.2075119019,27829,27838,9
13.103679657,80.2076034546,27838,27849,11
13.1043395996,80.2077178955,27849,27858,9
13.1047897339,80.2078170776,27858,27869,11
13.1050395966,80.2078781128,27869,27879,10
13.105389595,80.2079620361,27879,27889,10
13.1055898666,80.2080383301,27889,27900,11
13.1055803299,80.208366394,27900,27910,10
13.105389595,80.2085037231,27910,27920,10
13.1052999496,80.2082214355,27920,28253,333
13.1052999496,80.2082214355,28253,28263,10
13.1054801941,80.2081069946,28263,28273,10
13.1053199768,80.207901001,28273,28293,20
13.1053199768,80.207901001,28293,28303,10
13.1051502228,80.2079696655,28303,28313,10
13.1048297882,80.2078933716,28313,28323,10
13.1043195724,80.2077789307,28323,28334,11
13.1038103104,80.2076797485,28334,28344,10
13.1033802032,80.2076187134,28344,28354,10
13.1031904221,80.2077102661,28354,28364,10
13.1031599045,80.2078018188,28364,28374,10
13.1030702591,80.2080230713,28374,28384,10
13.1028900146,80.2086029053,28384,28394,10
13.1027002335,80.2091903687,28394,28404,10
13.1026201248,80.2094116211,28404,28414,10
13.1024599075,80.2099227905,28414,28424,10
13.1021900177,80.210647583,28424,28435,11
13.1018800735,80.211517334,28435,28445,10
13.101559639,80.2124099731,28445,28455,10
13.1012802124,80.213142395,28455,28465,10
13.1012096405,80.2133102417,28465,28475,10
13.1010303497,80.2137374878,28475,28485,10
13.1008195877,80.2143173218,28485,28495,10
13.1005401611,80.2149200439,28495,28505,10
13.1002597809,80.2155685425,28505,28515,10
13.0999803543,80.2161865234,28515,28525,10
13.0996704102,80.2170181274,28525,28535,10
13.0994796753,80.2177963257,28535,28546,11
13.0993404388,80.2187423706,28546,28556,10
13.0992698669,80.2191925049,28556,28566,10
13.0992202759,80.2195129395,28566,28576,10
13.0991096497,80.2201385498,28576,28586,10
13.0989599228,80.2209091187,28586,28596,10
13.0987997055,80.2216796875,28596,28606,10
13.0987796783,80.2226486206,28606,28616,10
13.0993995667,80.2237091064,28616,28626,10
13.0997896194,80.2246704102,28626,28636,10
13.0999403,80.2254486084,28636,28646,10
13.0999403,80.2255630493,28646,28657,11
13.0999603271,80.225769043,28657,28667,10
13.100060463,80.2264633179,28667,28677,10
13.1000900269,80.227432251,28677,28687,10
13.0999898911,80.2284164429,28687,28697,10
13.0998897552,80.2291183472,28697,28707,10
13.0997695923,80.2297973633,28707,28717,10
13.0995998383,80.2304382324,28717,28727,10
13.0995597839,80.2305374146,28727,28737,10
13.0993995667,80.23097229,28737,28747,10
13.0991201401,80.2316665649,28747,28757,10
13.0988903046,80.2322692871,28757,28768,11
13.0986795425,80.2332305908,28768,28778,10
13.0985803604,80.2341308594,28778,28788,10
13.0985803604,80.2342376709,28788,28798,10
13.0985298157,80.2346878052,28798,28808,10
13.098400116,80.2354812622,28808,28818,10
13.098279953,80.2361831665,28818,28828,10
13.0981502533,80.2369003296,28828,28838,10
13.0980100632,80.237701416,28838,28848,10
13.0978603363,80.2385482788,28848,28858,10
13.0977897644,80.2392425537,28858,28869,11
13.0977296829,80.2399673462,28869,28878,9
13.0976600647,80.240562439,28878,28889,11
13.0975704193,80.2415924072,28889,28899,10
13.0974998474,80.2419586182,28899,28909,10
13.0971498489,80.2421035767,28909,28919,10
13.0964603424,80.2418670654,28919,28929,10
13.0955495834,80.2415618896,28929,28939,10
13.0948896408,80.241317749,28939,28949,10
13.0943603516,80.2412185669,28949,28959,10
13.0936698914,80.2410964966,28959,28969,10
13.0935602188,80.2410888672,28969,28980,11
13.0934696198,80.2410736084,28980,28990,10
13.0930995941,80.2409896851,28990,29000,10
13.0926599503,80.2409515381,29000,29010,10
13.0922603607,80.2409362793,29010,29020,10
13.0915803909,80.2408981323,29020,29030,10
13.0909204483,80.2408828735,29030,29040,10
13.0902004242,80.2408828735,29040,29050,10
13.0895299911,80.2411270142,29050,29060,10
13.0889596939,80.2415313721,29060,29070,10
13.0883903503,80.2419586182,29070,29080,10
13.08796978,80.2425613403,29080,29091,11
13.087849617,80.2432098389,29091,29101,10
13.0876302719,80.2436599731,29101,29121,20
13.0876302719,80.2436599731,29121,29131,10
13.0874700546,80.2438278198,29131,29141,10
13.0872097015,80.2439880371,29141,29151,10
13.0868902206,80.2442932129,29151,29161,10
13.0866603851,80.244468689,29161,29171,10
13.0864601135,80.2446365356,29171,29181,10
13.0862197876,80.2448120117,29181,29192,11
13.0858602524,80.2450408936,29192,29202,10
13.0856704712,80.245300293,29202,29212,10
13.085650444,80.2456970215,29212,29222,10
13.0857000351,80.2461700439,29222,29232,10
13.0857400894,80.2465667725,29232,29242,10
13.0857400894,80.2465896606,29242,29252,10
13.0857400894,80.2468566895,29252,29262,10
13.0857801437,80.2472305298,29262,29272,10
13.0858097076,80.247718811,29272,29282,10
13.0858297348,80.2481689453,29282,29292,10
13.085849762,80.2486877441,29292,29303,11
13.0858898163,80.2494506836,29303,29313,10
13.0859298706,80.2502288818,29313,29329,16
13.0857200623,80.2518386841,29329,29351,22
13.0857200623,80.2518386841,29351,29361,10
13.085650444,80.2518386841,29361,29371,10
13.0856199265,80.2522506714,29371,29381,10
13.0855703354,80.2528991699,29381,29391,10
13.0855302811,80.2535018921,29391,29401,10
13.0855903625,80.2540969849,29401,29412,11
13.0854997635,80.254699707,29412,29422,10
13.0849103928,80.2546615601,29422,29432,10
13.0839195251,80.2545471191,29432,29452,20
13.0839195251,80.2545471191,29452,29462,10
13.0834798813,80.2544403076,29462,29472,10
13.0828800201,80.2544403076,29472,29482,10
13.0824604034,80.2544631958,29482,29492,10
13.0820703506,80.2545394897,29492,29502,10
13.0814504623,80.2548217773,29502,29512,10
13.0810003281,80.2547988892,29512,29523,11
13.0809497833,80.2547912598,29523,29533,10
13.0806798935,80.2547836304,29533,29543,10
13.0801000595,80.254699707,29543,29553,10
13.0795001984,80.2546005249,29553,29563,10
13.0794401169,80.2546005249,29563,29573,10
13.07929039,80.2545776367,29573,29583,10
13.0790300369,80.2548675537,29583,29593,10
13.0790901184,80.2557678223,29593,29603,10
13.0791301727,80.2565383911,29603,29613,10
13.0791301727,80.2565612793,29613,29623,10
13.0789804459,80.2566833496,29623,29634,11
13.0782804489,80.2566680908,29634,29644,10
13.0775403976,80.2567367554,29644,29654,10
13.0768499374,80.2570266724,29654,29664,10
13.0761003494,80.2576980591,29664,29674,10
13.0754899979,80.2583389282,29674,29684,10
13.0756702423,80.2591018677,29684,29694,10
13.075799942,80.2593383789,29694,29704,10
13.0759296417,80.2594909668,29704,29714,10
13.076499939,80.2599868774,29714,29724,10
13.0769300461,80.2604522705,29724,29735,11
13.0772600174,80.2608566284,29735,29745,10
13.0774803162,80.2613220215,29745,29755,10
13.0777797699,80.262046814,29755,29795,40
13.0777797699,80.262046814,29795,29805,10
13.0778598785,80.2624893188,29805,29815,10
13.0779600143,80.2629013062,29815,29825,10
13.0782299042,80.2633972168,29825,29835,10
13.077870369,80.2636489868,29835,29846,11
13.0772399902,80.2640380859,29846,29856,10
13.0768995285,80.2640991211,29856,29866,10
13.0761899948,80.2641983032,29866,29876,10
13.0756797791,80.2641601563,29876,29886,10
13.0755596161,80.263999939,29886,29896,10
13.075460434,80.2638168335,29896,29906,10
13.0750303268,80.2632522583,29906,29916,10
13.0744400024,80.262512207,29916,29926,10
13.0739097595,80.2618789673,29926,29936,10
13.0736999512,80.2616500854,29936,29946,10
13.0736398697,80.2615814209,29946,29957,11
13.073220253,80.2613983154,29957,29967,10
13.072930336,80.26197052,29967,29977,10
13.0726604462,80.262840271,29977,29987,10
13.0724802017,80.2634429932,29987,29997,10
13.0720796585,80.2640304565,29997,30007,10
13.0715799332,80.2646026611,30007,30017,10
13.0714902878,80.2646789551,30017,30027,10
13.0712995529,80.2648773193,30027,30037,10
13.0708703995,80.2653503418,30037,30047,10
13.0702896118,80.2659301758,30047,30057,10
13.0696802139,80.2665405273,30057,30068,11
13.0690002441,80.267250061,30068,30078,10
13.0687303543,80.2679672241,30078,30088,10
13.068479538,80.268737793,30088,30098,10
13.0683097839,80.2695236206,30098,30108,10
13.0681600571,80.2703018188,30108,30118,10
13.0679798126,80.2709732056,30118,30128,10
13.0675802231,80.2707519531,30128,30138,10
13.0671796799,80.2703933716,30138,30148,10
13.0670604706,80.2702713013,30148,30158,10
13.0667200089,80.2699584961,30158,30169,11
13.0664997101,80.2694778442,30169,30179,10
13.0663795471,80.268699646,30179,30189,10
13.0659399033,80.2680206299,30189,30199,10
13.0655498505,80.2677001953,30199,30209,10
13.0655403137,80.2676925659,30209,30219,10
13.0653600693,80.2676620483,30219,30229,10
13.0647497177,80.2675323486,30229,30239,10
13.0639600754,80.2673721313,30239,30249,10
13.0630903244,80.267250061,30249,30259,10
13.0623197556,80.2667388916,30259,30269,10
13.0617198944,80.2659835815,30269,30280,11
13.0611400604,80.2652816772,30280,30296,16
13.0606803894,80.2653274536,30296,30308,12
13.0605602264,80.2653503418,30308,30318,10
13.0600595474,80.2655563354,30318,30328,10
13.0591201782,80.2654876709,30328,30337,9
13.0584402084,80.265411377,30337,30347,10
13.0580797195,80.2646636963,30347,30358,11
13.0579004288,80.2634811401,30358,30368,10
13.0577096939,80.2619476318,30368,30378,10
13.0574598312,80.2607269287,30378,30389,11
13.0570201874,80.2593231201,30389,30398,9
13.0567398071,80.2583236694,30398,30409,11
13.0565595627,80.2574768066,30409,30429,20
13.0565595627,80.2574768066,30429,30439,10
13.056520462,80.2573394775,30439,30449,10
13.0564403534,80.2569122314,30449,30459,10
13.0561199188,80.2562026978,30459,30469,10
13.0556001663,80.2554779053,30469,30479,10
13.054980278,80.2546615601,30479,30489,10
13.0542802811,80.2537689209,30489,30500,11
13.0536203384,80.2529220581,30500,30510,10
13.0534696579,80.2527084351,30510,30520,10
13.0532798767,80.2524185181,30520,30530,10
13.0527801514,80.2518005371,30530,30540,10
13.0522403717,80.2512588501,30540,30550,10
13.0515604019,80.2516708374,30550,30562,12
13.050359726,80.2526168823,30562,30572,10
13.0492095947,80.25340271,30572,30582,10
13.0485496521,80.2537002563,30582,30592,10
13.0481004715,80.2539215088,30592,30602,10
13.0480604172,80.2539672852,30602,30613,11
13.0475702286,80.2542572021,30613,30623,10
13.0468597412,80.2547531128,30623,30633,10
13.0464096069,80.2557220459,30633,30643,10
13.0459899902,80.2569122314,30643,30652,9
13.0459604263,80.2570571899,30652,30663,11
13.0458602905,80.2573394775,30663,30673,10
13.0456600189,80.2581634521,30673,30683,10
13.0455198288,80.2591171265,30683,30693,10
13.0454101563,80.2601776123,30693,30703,10
13.0451402664,80.2616119385,30703,30714,11
13.0448102951,80.2631607056,30714,30724,10
13.0446596146,80.2644195557,30724,30734,10
13.0446100235,80.2664794922,30734,30754,20
13.0446100235,80.2664794922,30754,30764,10
13.0445899963,80.2667770386,30764,30774,10
13.0445699692,80.2675018311,30774,30784,10
13.044549942,80.2682876587,30784,30794,10
13.0444602966,80.2690582275,30794,30804,10
13.0443201065,80.26978302,30804,30814,10
13.0441102982,80.270866394,30814,30825,11
13.0438299179,80.2723312378,30825,30835,10
13.0436697006,80.2733383179,30835,30845,10
13.043589592,80.2734832764,30845,30855,10
13.0434999466,80.2739486694,30855,30865,10
13.0433797836,80.2746505737,30865,30875,10
13.0433597565,80.2755584717,30875,30885,10
13.0433597565,80.2766113281,30885,30895,10
13.0433502197,80.2776794434,30895,30905,10
13.0433397293,80.2778320313,30905,30915,10
13.0433397293,80.2783432007,30915,30925,10
13.0433502197,80.2792434692,30925,30936,11
13.0431900024,80.2797622681,30936,30946,10
13.042719841,80.2796630859,30946,30962,16
13.041179657,80.2793502808,30962,30974,12
13.0396099091,80.2789993286,30974,30984,10
13.0390796661,80.2788619995,30984,30994,10
13.0390396118,80.2788391113,30994,31004,10
13.0386104584,80.2786712646,31004,31014,10
13.0378704071,80.2784576416,31014,31024,10
13.0371799469,80.2782592773,31024,31034,10
13.03647995,80.2779998779,31034,31045,11
13.0356397629,80.2777786255,31045,31054,9
13.0350904465,80.277633667,31054,31065,11
13.0344495773,80.2775115967,31065,31075,10
13.0336799622,80.2773513794,31075,31085,10
13.0328397751,80.2774581909,31085,31095,10
13.0319004059,80.2775421143,31095,31105,10
13.0310697556,80.2773284912,31105,31115,10
13.0309400558,80.2772369385,31115,31125,10
13.0305900574,80.2770462036,31125,31135,10
13.0298299789,80.2767486572,31135,31146,11
13.0287599564,80.2764663696,31146,31156,10
13.0281095505,80.2761764526,31156,31166,10
13.0274400711,80.2759094238,31166,31175,9
13.0266199112,80.2755126953,31175,31186,11
13.026140213,80.2752914429,31186,31196,10
13.0260601044,80.2752532959,31196,31206,10
13.0258398056,80.275138855,31206,31216,10
13.0252103806,80.2748718262,31216,31226,10
13.0243902206,80.2743911743,31226,31236,10
13.023900032,80.2741928101,31236,31246,10
13.0235700607,80.274810791,31246,31257,11
13.023059845,80.2757797241,31257,31267,10
13.0226802826,80.2759628296,31267,31277,10
13.0221395493,80.2763977051,31277,33053,1776
13.022190094,80.2764968872,33053,33124,71
13.022190094,80.2764968872,33124,33134,10
13.0224199295,80.2767410278,33134,33144,10
13.0226202011,80.2766036987,33144,33154,10
13.0228204727,80.276222229,33154,33164,10
13.0230798721,80.2757034302,33164,33174,10
13.0233297348,80.275062561,33174,33184,10
13.0235004425,80.2743606567,33184,33194,10
13.0240602493,80.2741470337,33194,33205,11
13.0244903564,80.27368927,33205,33465,260
13.0244903564,80.27368927,33465,33475,10
13.0369300842,80.278137207,33475,33485,10
13.0372600555,80.2783203125,33485,33494,9
13.0377702713,80.2784118652,33494,33505,11
13.038599968,80.2786178589,33505,33515,10
13.0392398834,80.2786407471,33515,33525,10
13.0391397476,80.2786483765,33525,33606,81
13.0391397476,80.2786483765,33606,33616,10
13.0431900024,80.2781600952,33616,33626,10
13.0433301926,80.2774963379,33626,33636,10
13.0432195663,80.2770309448,33636,33646,10
13.0433197021,80.2773284912,33646,33656,10
13.043390274,80.2769393921,33656,33667,11
13.0433797836,80.2762374878,33667,33677,10
13.043419838,80.2754898071,33677,33687,10
13.0434904099,80.2747421265,33687,33697,10
13.0435600281,80.2742767334,33697,33707,10
13.0437602997,80.273979187,33707,33717,10
13.0434799194,80.2739334106,33717,33727,10
13.0435600281,80.2733535767,33727,33737,10
13.0436697006,80.2726516724,33737,33747,10
13.0439796448,80.2709884644,33747,33768,21
13.0439796448,80.2709884644,33768,33778,10
13.0440502167,80.2707366943,33778,33788,10
13.0440797806,80.270149231,33788,33798,10
13.0439100266,80.2692108154,33798,33859,61
13.0439100266,80.2692108154,33859,33868,9
13.0445804596,80.2667617798,33868,33878,10
13.044670105,80.2660369873,33878,33889,11
13.0445804596,80.2652587891,33889,33899,10
13.0444402695,80.2648696899,33899,33909,10
13.0441999435,80.2645721436,33909,33919,10
13.0446500778,80.2637329102,33919,33949,30
13.0446901321,80.2637481689,33949,34060,111
13.0446901321,80.2637481689,34060,34070,10
13.0445404053,80.2569198608,34070,34080,10
13.0458698273,80.256690979,34080,34340,260
13.0458698273,80.256690979,34340,34351,11
13.0526399612,80.2510299683,34351,34361,10
13.0529203415,80.2514419556,34361,34371,10
13.0534095764,80.2519607544,34371,34846,475
13.0703201294,80.2659683228,34846,35093,247
13.0703201294,80.2659683228,35093,35103,10
13.0777902603,80.2621688843,35103,35113,10
13.0771398544,80.2606811523,35113,35353,240
13.0771398544,80.2606811523,35353,35363,10
13.0803804398,80.2548599243,35363,35373,10
13.0802202225,80.2546691895,35373,35383,10
13.0809202194,80.2548599243,35383,35393,10
13.081700325,80.2550811768,35393,36292,899
13.081700325,80.2550811768,36292,36302,10
13.1000003815,80.2255325317,36302,36312,10
13.0998401642,80.2253112793,36312,36493,181
13.0998401642,80.2253112793,36493,36503,10
13.1002397537,80.2154693604,36503,36513,10
13.1004104614,80.2151184082,36513,36524,11
13.100520134,80.2148895264,36524,36534,10
13.1004695892,80.2148513794,36534,36544,10
13.1005496979,80.2146377563,36544,36554,10
13.1006097794,80.2144012451,36554,37016,462
13.1006097794,80.2144012451,37016,37026,10
13.1052799225,80.2082901001,37026,37591,565
13.1052799225,80.2083282471,37591,37854,263
13.1052799225,80.2083282471,37854,37864,10
13.1052904129,80.2083282471,37864,37874,10
13.1052999496,80.2082519531,37874,37884,10
13.1052904129,80.2082672119,37884,37904,20
13.1052904129,80.2082672119,37904,37914,10
13.1052904129,80.2081069946,37914,37925,11
13.1054201126,80.2079391479,37925,38298,373
13.1054201126,80.2079391479,38298,38308,10
13.1024999619,80.2096786499,38308,38318,10
13.1023101807,80.2101821899,38318,38328,10
13.1020898819,80.2108383179,38328,38560,232
13.1020898819,80.2108383179,38560,38570,10
13.0987501144,80.2221221924,38570,38580,10
13.0986995697,80.2229614258,38580,38591,11
13.0997800827,80.2244110107,38591,38803,212
13.0986003876,80.2340698242,38803,38833,30
13.0986003876,80.2340698242,38833,38843,10
13.0983295441,80.2351837158,38843,38853,10
13.0978097916,80.2341918945,38853,38904,51
13.0978097916,80.2341918945,38904,38913,9
13.0977201462,80.2390899658,38913,38924,11
13.0976896286,80.2395324707,38924,38934,10
13.0975999832,80.2399902344,38934,39000,66
13.097319603,80.2420883179,39000,39103,103
13.097319603,80.2420883179,39103,39113,10
13.0956897736,80.2416534424,39113,39123,10
13.0945196152,80.2412796021,39123,39255,132
13.0945196152,80.2412796021,39255,39265,10
13.0879201889,80.2425003052,39265,39275,10
13.0876703262,80.2433013916,39275,39285,10
13.0874595642,80.2442016602,39285,39295,10
13.0874204636,80.2443771362,39295,39305,10
13.0876398087,80.243598938,39305,39315,10
13.0875597,80.243637085,39315,39325,10
13.0874996185,80.2435684204,39325,40042,717
13.0772800446,80.2632217407,40042,40072,30
13.0772800446,80.2632217407,40072,40082,10
13.0745401382,80.2636566162,40082,40139,57
13.0745401382,80.2636566162,40139,40151,12
13.0735197067,80.2615814209,40151,40161,10
13.0734100342,80.2614974976,40161,40170,9
13.0727500916,80.2611999512,40170,40211,41
13.0727500916,80.2611999512,40211,40221,10
13.0713796616,80.2641296387,40221,40232,11
13.0706596375,80.2651824951,40232,40253,21
13.0706596375,80.2651824951,40253,40263,10
13.0710000992,80.2651519775,40263,40273,10
13.070599556,80.2654571533,40273,40283,10
13.0701599121,80.2657012939,40283,40293,10
13.0696401596,80.2665481567,40293,40303,10
13.0691404343,80.2668075562,40303,40313,10
13.0688400269,80.2674865723,40313,40323,10
13.0686302185,80.2682113647,40323,40333,10
13.0688295364,80.2679672241,40333,40343,10
13.0685997009,80.268447876,40343,40353,10
13.0684404373,80.2690200806,40353,40364,11
13.0682401657,80.2696685791,40364,40374,10
13.0681295395,80.2703781128,40374,40384,10
13.0681800842,80.2709197998,40384,40394,10
13.067779541,80.2710494995,40394,40404,10
13.0670404434,80.2702865601,40404,40424,20
13.0670604706,80.2702331543,40424,40576,152
13.0670604706,80.2702331543,40576,40586,10
13.0563201904,80.2634887695,40586,40596,10
13.0599298477,80.26587677,40596,40656,60
13.0599298477,80.26587677,40656,40666,10
13.0575799942,80.2615890503,40666,40676,10
13.0573797226,80.2605819702,40676,40687,11
13.0568399429,80.2587814331,40687,40707,20
13.0568399429,80.2587814331,40707,40717,10
13.0565004349,80.2574081421,40717,40727,10
13.0565299988,80.2573699951,40727,40737,10
13.0564699173,80.2569274902,40737,40747,10
13.0562696457,80.2563705444,40747,40757,10
13.0558996201,80.2558822632,40757,40767,10
13.0555095673,80.2554092407,40767,40777,10
13.055439949,80.255317688,40777,40787,10
13.0534696579,80.2526626587,40787,40808,21
13.0533800125,80.2525405884,40808,40838,30
13.0533800125,80.2525405884,40838,40848,10
13.0506095886,80.2524185181,40848,40858,10
13.0496397018,80.253112793,40858,40868,10
13.0488395691,80.2536621094,40868,40878,10
13.0484304428,80.2539291382,40878,40888,10
13.048500061,80.2536697388,40888,40898,10
13.0486001968,80.2536010742,40898,40908,10
13.0483198166,80.2537384033,40908,40919,11
13.0480003357,80.2539520264,40919,40929,10
13.0478000641,80.2540664673,40929,40939,10
13.0473403931,80.2543411255,40939,40949,10
13.0466995239,80.2549133301,40949,40959,10
13.0463600159,80.2560272217,40959,40969,10
13.0459299088,80.258140564,40969,40989,20
13.0455904007,80.257522583,40989,41018,29
13.0455904007,80.257522583,41018,41028,10
13.0454902649,80.2604370117,41028,41038,10
13.0451498032,80.2619171143,41038,41048,10
13.0447702408,80.2630615234,41048,41068,20
13.0447702408,80.2630615234,41068,41078,10
13.044670105,80.2635574341,41078,41088,10
13.0446100235,80.2641983032,41088,41098,10
13.0446195602,80.265296936,41098,41108,10
13.0446100235,80.2665634155,41108,41118,10
13.0446596146,80.267539978,41118,41128,10
13.0445995331,80.2684783936,41128,41139,11
13.0445098877,80.2691268921,41139,41159,20
13.0445098877,80.2691268921,41159,41169,10
13.0441799164,80.2709503174,41169,41179,10
13.043800354,80.2723236084,41179,41188,9
13.0436201096,80.2732772827,41188,41199,11
13.0436201096,80.2734222412,41199,41209,10
13.043589592,80.2736816406,41209,41219,10
13.043419838,80.274307251,41219,41229,10
13.043390274,80.2752532959,41229,41240,11
13.0433597565,80.2764205933,41240,41250,10
13.0433597565,80.2774963379,41250,41260,10
13.0433702469,80.2777633667,41260,41270,10
13.0433797836,80.2781295776,41270,41280,10
13.0433702469,80.2788925171,41280,41290,10
13.0434103012,80.2794418335,41290,41300,10
13.0433197021,80.2796020508,41300,41310,10
13.0428600311,80.2797393799,41310,41320,10
13.0422401428,80.2797393799,41320,41382,62
13.0422401428,80.2797393799,41382,41392,10
13.0369901657,80.2780380249,41392,41402,10
13.0363702774,80.277961731,41402,41412,10
13.0352602005,80.2777786255,41412,41493,81
13.0352602005,80.2777786255,41493,41503,10
13.0308799744,80.2772293091,41503,41513,10
13.0306997299,80.2771224976,41513,41523,10
13.0304002762,80.2769622803,41523,41554,31
13.0304002762,80.2769622803,41554,41564,10
13.0284204483,80.2765274048,41564,41574,10
13.0274896622,80.2757415771,41574,41584,10
13.0264196396,80.2755203247,41584,41594,10
13.0255699158,80.2752380371,41594,41604,10
13.0254001617,80.2751922607,41604,41614,10
13.0259304047,80.2752075195,41614,41624,10
13.0259504318,80.2752075195,41624,41634,10
13.0258398056,80.2750778198,41634,41712,78
13.0258398056,80.2750778198,41712,41722,10
13.022310257,80.2762374878,41722,41733,11
13.0223302841,80.2762069702,41733,41945,212
13.0223302841,80.2762069702,41945,41955,10
13.022310257,80.2761688232,41955,42036,81
13.0224399567,80.2761535645,42036,42056,20
13.0224199295,80.2761077881,42056,42772,716
13.0224199295,80.2761917114,42772,42853,81
13.0224199295,80.2761917114,42853,42863,10
13.022600174,80.2761688232,42863,43156,293
13.022600174,80.2761688232,43156,43166,10
13.0254402161,80.2751464844,43166,43217,51
13.0254402161,80.2751464844,43217,43227,10
13.028459549,80.2762527466,43227,43445,218
13.028459549,80.2762527466,43445,43457,12
13.0383396149,80.2785873413,43457,43467,10
13.0388202667,80.2787780762,43467,43487,20
13.0388202667,80.2787780762,43487,43497,10
13.0395498276,80.2789916992,43497,43548,51
13.0395498276,80.2789916992,43548,43558,10
13.042840004,80.2794570923,43558,43568,10
13.0432901382,80.2790679932,43568,43578,10
13.0433197021,80.2782363892,43578,43588,10
13.0433998108,80.2770004272,43588,43618,30
13.0433998108,80.2770004272,43618,43628,10
13.0434598923,80.2762374878,43628,43638,10
13.0433502197,80.2758026123,43638,43649,11
13.0431404114,80.2746582031,43649,43709,60
13.0431404114,80.2746582031,43709,43719,10
13.0438404083,80.2722320557,43719,43729,10
13.0439395905,80.2712783813,43729,43739,10
13.0438899994,80.2716598511,43739,43749,10
13.0439395905,80.2713928223,43749,43759,10
13.0441598892,80.2706069946,43759,43770,11
13.0443000793,80.2696380615,43770,43780,10
13.0444602966,80.2686004639,43780,43800,20
13.0444803238,80.2685623169,43800,43830,30
13.0444803238,80.2685623169,43830,43840,10
13.0445299149,80.2664489746,43840,43850,10
13.0445404053,80.2657012939,43850,43860,10
13.0445203781,80.2649993896,43860,43870,10
13.0445299149,80.264289856,43870,43881,11
13.0445203781,80.2637634277,43881,43921,40
13.0445203781,80.2637634277,43921,43931,10
13.0443401337,80.2635574341,43931,43941,10
13.0443096161,80.2632827759,43941,43951,10
13.0447502136,80.2628936768,43951,43961,10
13.0448598862,80.262512207,43961,43971,10
13.0450000763,80.2617492676,43971,43981,10
13.0451803207,80.2609024048,43981,43992,11
13.0454101563,80.2600097656,43992,44002,10
13.0454797745,80.2590789795,44002,44012,10
13.0456800461,80.2578582764,44012,44022,10
13.045999527,80.2561721802,44022,44234,212
13.045999527,80.2561721802,44234,44244,10
13.0527696609,80.2514724731,44244,44254,10
13.0533304214,80.2522201538,44254,44264,10
13.0541000366,80.2532272339,44264,44295,31
13.0541000366,80.2532272339,44295,44304,9
13.056139946,80.256187439,44304,44314,10
13.0567998886,80.2568588257,44314,44345,31
13.0567998886,80.2568588257,44345,44355,10
13.0577602386,80.2576980591,44355,44365,10
13.0584602356,80.2586364746,44365,44375,10
13.0590400696,80.2591171265,44375,44385,10
13.0593500137,80.2596130371,44385,44395,10
13.0604095459,80.2606201172,44395,44406,11
13.0604801178,80.2608795166,44406,44415,9
13.0606603622,80.2612380981,44415,44426,11
13.0607595444,80.2614364624,44426,44436,10
13.0602397919,80.2615585327,44436,44446,10
13.0608501434,80.2619934082,44446,44456,10
13.0614500046,80.2624588013,44456,44466,10
13.061920166,80.2628479004,44466,44496,30
13.061920166,80.2628479004,44496,44506,10
13.0624904633,80.2634429932,44506,44516,10
13.0630302429,80.2640762329,44516,44526,10
13.063170433,80.264251709,44526,44537,11
13.0635995865,80.2647018433,44537,44547,10
13.0640497208,80.2653884888,44547,44557,10
13.0642795563,80.2660903931,44557,44577,20
13.0642795563,80.2660903931,44577,44587,10
13.0650501251,80.2668914795,44587,44597,10
13.0656604767,80.2675628662,44597,44607,10
13.0664596558,80.2683334351,44607,44638,31
13.0665502548,80.2683486938,44638,44668,30
13.0665502548,80.2683486938,44668,44678,10
13.0675401688,80.2690505981,44678,44688,10
13.0682001114,80.2695083618,44688,44748,60
13.0682001114,80.2695083618,44748,44759,11
13.0702400208,80.2658233643,44759,44769,10
13.0703601837,80.2656936646,44769,44779,10
13.0706396103,80.2652893066,44779,44809,30
13.0706396103,80.2652893066,44809,44819,10
13.0719604492,80.2638778687,44819,44829,10
13.07213974,80.2634887695,44829,44839,10
13.072810173,80.2618637085,44839,44880,41
13.0731401443,80.2611618042,44880,45051,171
13.0773801804,80.2608566284,45051,45102,51
13.0773200989,80.2608032227,45102,45960,858
13.0773200989,80.2608032227,45960,45970,10
13.093000412,80.2410583496,45970,45980,10
13.0943403244,80.2412490845,45980,46000,20
13.0943403244,80.2412490845,46000,46010,10
13.094499588,80.2412872314,46010,46020,10
13.0947999954,80.2414321899,46020,46030,10
13.0950803757,80.2416229248,46030,46040,10
13.0964698792,80.2419128418,46040,46050,10
13.097120285,80.2421112061,46050,46061,11
13.0977201462,80.2422409058,46061,46071,10
13.0972995758,80.2412490845,46071,46580,509
13.0972995758,80.2412490845,46580,46591,11
13.100279808,80.2153930664,46591,46601,10
13.1005496979,80.2149124146,46601,46612,11
13.1008195877,80.2145080566,46612,46652,40
13.1008195877,80.2145080566,46652,46663,11
13.1017398834,80.2116088867,46663,46673,10
13.102060318,80.2107391357,46673,46683,10
13.1023902893,80.2100906372,46683,46693,10
13.1025600433,80.2091598511,46693,46703,10
13.1027603149,80.2086029053,46703,46724,21
13.1027603149,80.2086029053,46724,46733,9
13.1027097702,80.2086105347,46733,46744,11
13.1023902893,80.2073516846,46744,46754,10
13.1020898819,80.2067718506,46754,46764,10
13.1033401489,80.2073898315,46764,46774,10
13.1040000916,80.2075576782,46774,46784,10
13.1045303345,80.2076187134,46784,46794,10
13.1054801941,80.2079391479,46794,46804,10
13.1056203842,80.2081832886,46804,46814,10
13.1053600311,80.2086105347,46814,46861,47
13.1053600311,80.2086105347,46861,46873,12
13.1052999496,80.2080917358,46873,46903,30
13.1052999496,80.2080917358,46903,46913,10
13.1051101685,80.2080383301,46913,46923,10
13.1051397324,80.2080688477,46923,46933,10
13.1052503586,80.2084884644,46933,46943,10
13.1055002213,80.2089309692,46943,46953,10
13.1052103043,80.2080612183,46953,47236,283
13.1052103043,80.2080612183,47236,47246,10
13.1051998138,80.2078781128,47246,47277,31
13.1051301956,80.207862854,47277,47317,40
13.1051301956,80.207862854,47317,47327,10
13.1052598953,80.2081298828,47327,47347,20
13.105389595,80.2086181641,47347,47378,31
13.105389595,80.2086181641,47378,47387,9
13.1051797867,80.2081222534,47387,47438,51
13.1051797867,80.2081222534,47438,47448,10
13.1050796509,80.2080078125,47448,47458,10
13.1050596237,80.2078781128,47458,47468,10
13.1050596237,80.2077102661,47468,47478,10
13.1050596237,80.2076873779,47478,47489,11
13.105219841,80.2081680298,47489,47499,10
13.1052103043,80.2080917358,47499,47509,10
13.1054201126,80.2083969116,47509,47519,10
13.1053495407,80.2085418701,47519,47539,20
13.1050395966,80.2080001831,47539,47610,71
13.1049604416,80.2079162598,47610,48377,767
13.1055202484,80.2079620361,48377,48397,20
13.1055202484,80.2079467773,48397,48672,275
13.1055202484,80.2079467773,48672,48682,10
13.1052799225,80.2080993652,48682,48692,10
13.1052398682,80.2081298828,48692,48773,81
13.1053104401,80.2078781128,48773,48793,20
13.1053104401,80.2078781128,48793,48803,10
13.1040000916,80.2077178955,48803,48813,10
13.1035604477,80.2076721191,48813,48824,11
13.1032495499,80.2075881958,48824,48833,9
13.1032304764,80.2075119019,48833,48844,11
13.1031198502,80.2075881958,48844,48864,20
13.1030797958,80.207572937,48864,48884,20
13.1030797958,80.207572937,48884,48894,10
13.1027002335,80.2084274292,48894,48904,10
13.1023797989,80.2086868286,48904,48914,10
13.1025400162,80.2091369629,48914,48925,11
13.1024103165,80.2093276978,48925,48934,9
13.1022195816,80.2101593018,48934,48945,11
13.1017599106,80.211479187,48945,49126,181
13.0999403,80.2257232666,49126,49157,31
13.0999403,80.2257232666,49157,49166,9
13.09815979,80.2244796753,49166,49177,11
13.0999803543,80.2277832031,49177,49187,10
13.0998897552,80.2295837402,49187,49610,423
13.0998897552,80.2295837402,49610,49621,11
13.087439537,80.2423400879,49621,49631,10
13.0877799988,80.2430496216,49631,49641,10
13.0875797272,80.2440414429,49641,49661,20
13.0875797272,80.2440414429,49661,49671,10
13.087439537,80.2436676025,49671,49681,10
13.0870304108,80.2439575195,49681,49691,10
13.0864295959,80.2444610596,49691,49702,11
13.0851602554,80.2455291748,49702,49772,70
13.0851602554,80.2455291748,49772,49782,10
13.0858802795,80.2487106323,49782,49792,10
13.0858602524,80.2503204346,49792,49863,71
13.0858602524,80.2503204346,49863,49873,10
13.0855102539,80.2522964478,49873,49883,10
13.0855197906,80.2523803711,49883,49893,10
13.0855398178,80.2530822754,49893,49903,10
13.0855302811,80.2535934448,49903,49913,10
13.0855798721,80.2542800903,49913,49924,11
13.0856103897,80.2549285889,49924,49934,10
13.0856199265,80.2552337646,49934,49943,9
13.0846796036,80.2546310425,49943,49954,11
13.0839700699,80.2545623779,49954,49964,10
13.0839195251,80.2545623779,49964,49974,10
13.0837802887,80.2545928955,49974,49984,10
13.0835599899,80.2546081543,49984,49994,10
13.0825796127,80.2544631958,49994,50075,81
13.0825796127,80.2544631958,50075,50085,10
13.0789604187,80.2554168701,50085,50095,10
13.0790195465,80.2563705444,50095,50125,30
13.0790195465,80.2563705444,50125,50135,10
13.0759897232,80.2576293945,50135,50145,10
13.0754995346,80.2580795288,50145,50155,10
13.0756101608,80.2592163086,50155,50176,21
13.0756101608,80.2592163086,50176,50186,10
13.0758304596,80.2594680786,50186,50196,10
13.0765104294,80.2600708008,50196,50206,10
13.0772600174,80.2608795166,50206,50216,10
13.0775299072,80.2615509033,50216,50226,10
13.0777797699,80.2621002197,50226,50265,39
13.0778303146,80.2622528076,50265,50325,60
13.0778303146,80.2622528076,50325,50335,10
13.0780000687,80.263458252,50335,50345,10
13.0771303177,80.2639694214,50345,50355,10
13.0769195557,80.2640762329,50355,50365,10
13.0767402649,80.2641525269,50365,50375,10
13.075799942,80.2642822266,50375,50385,10
13.0755796432,80.2641601563,50385,50396,11
13.0754499435,80.2639389038,50396,50406,10
13.0753202438,80.2637023926,50406,50416,10
13.0749597549,80.2628707886,50416,50436,20
13.0749597549,80.2628707886,50436,50446,10
13.0736703873,80.261428833,50446,50456,10
13.0736904144,80.2614212036,50456,50466,10
13.0736999512,80.2613983154,50466,50477,11
13.0727500916,80.2615737915,50477,50486,9
13.0726099014,80.2627487183,50486,50496,10
13.0722398758,80.2638778687,50496,50618,122
13.0722398758,80.2638778687,50618,50628,10
13.0684700012,80.2686920166,50628,50638,10
13.0683403015,80.2694168091,50638,50648,10
13.0681800842,80.2702789307,50648,50658,10
13.0680503845,80.2710418701,50658,50668,10
13.0676403046,80.2709121704,50668,50678,10
13.067199707,80.2703781128,50678,50688,10
13.0671396255,80.2702713013,50688,50699,11
13.0666704178,80.2696914673,50699,50959,260
13.057559967,80.2626876831,50959,50979,20
13.0573396683,80.2610321045,50979,50999,20
13.0573396683,80.2610321045,50999,51009,10
13.0571203232,80.2595672607,51009,51019,10
13.0569000244,80.2590026855,51019,51030,11
13.0564403534,80.2572174072,51030,51070,40
13.0564403534,80.2572174072,51070,51080,10
13.0560398102,80.2560882568,51080,51090,10
13.0556201935,80.2554779053,51090,51100,10
13.0550403595,80.2546386719,51100,51110,10
13.0539102554,80.2529830933,51110,51150,40
13.0539102554,80.2529830933,51150,51161,11
13.0526199341,80.2515792847,51161,51171,10
13.0510997772,80.2501068115,51171,51191,20
13.0510997772,80.2501068115,51191,51201,10
13.0488595963,80.2527770996,51201,51211,10
13.0466098785,80.2545776367,51211,51292,81
13.0466098785,80.2545776367,51292,51302,10
13.0455598831,80.2586364746,51302,51312,10
13.0453701019,80.2596588135,51312,51322,10
13.0453395844,80.2606964111,51322,51332,10
13.0450201035,80.262260437,51332,51342,10
13.0447597504,80.2631378174,51342,51352,10
13.0447597504,80.2631607056,51352,51362,10
13.044719696,80.2632904053,51362,51372,10
13.0446195602,80.263999939,51372,51383,11
13.0446500778,80.2651824951,51383,51393,10
13.0447397232,80.2662277222,51393,51403,10
13.0446195602,80.2661972046,51403,51413,10
13.0446395874,80.2666091919,51413,51423,10
13.0445699692,80.2676315308,51423,51433,10
13.0446195602,80.2685317993,51433,51443,10
13.0447397232,80.2694702148,51443,51474,31
13.0447397232,80.2694702148,51474,51483,9
13.0438604355,80.2718887329,51483,51493,10
13.0436401367,80.2731933594,51493,51504,11
13.0436201096,80.2732772827,51504,51635,131
13.0436201096,80.2732772827,51635,51645,10
13.0433301926,80.2794723511,51645,51665,20
13.0435199738,80.2794799805,51665,51776,111
13.0435199738,80.2794799805,51776,51786,10
13.0344600677,80.2774810791,51786,51918,132
13.0275001526,80.2758865356,51918,51968,50
13.0275001526,80.2758865356,51968,51978,10
13.0249700546,80.2747421265,51978,51988,10
13.0244703293,80.2745819092,51988,51998,10
13.0243597031,80.2743606567,51998,52008,10
13.0238399506,80.2738113403,52008,52039,31
13.0221300125,80.2760009766,52039,52069,30
13.0219802856,80.2761917114,52069,52585,516
13.0219802856,80.2761917114,52585,52595,10
13.0221996307,80.2763137817,52595,52635,40
13.0221700668,80.276260376,52635,52665,30
13.0222997665,80.2762527466,52665,52696,31
13.0222997665,80.2762527466,52696,52706,10
13.0222597122,80.2768325806,52706,52716,10
13.0221595764,80.2762527466,52716,52726,10
13.0221700668,80.2762527466,52726,52736,10
13.0221300125,80.2762832642,52736,52786,50
13.022069931,80.276260376,52786,53261,475
13.0221700668,80.276260376,53261,53291,30
13.0221204758,80.2762374878,53291,53342,51
13.0221500397,80.2762832642,53342,53362,20
13.0221595764,80.2762832642,53362,53432,70
13.0221595764,80.2762832642,53432,53442,10
13.0220098495,80.2764205933,53442,53453,11
13.0223798752,80.2767410278,53453,53473,20
13.0225400925,80.2767181396,53473,53493,20
13.0225400925,80.2767181396,53493,53503,10
13.023900032,80.2740402222,53503,53513,10
13.0242595673,80.274269104,53513,53523,10
13.0244197845,80.2746429443,53523,53533,10
13.025179863,80.2746963501,53533,53543,10
13.0256795883,80.2748565674,53543,53634,91
13.0256795883,80.2748565674,53634,53644,10
13.0300598145,80.2766571045,53644,53654,10
13.0301599503,80.2767410278,53654,53675,21
13.0301599503,80.2767410278,53675,53684,9
13.031829834,80.2778015137,53684,53695,11
13.0327796936,80.2775726318,53695,53714,19
13.0327796936,80.2775726318,53714,53725,11
13.0333499908,80.2772598267,53725,53755,30
13.0334300995,80.2771072388,53755,53816,61
13.0334300995,80.2771072388,53816,53826,10
13.035779953,80.2777099609,53826,53836,10
13.036450386,80.277961731,53836,53846,10
13.037320137,80.2783203125,53846,53856,10
13.0379695892,80.2787017822,53856,53866,10
13.0388298035,80.278678894,53866,53876,10
13.038860321,80.278717041,53876,53886,10
13.0390501022,80.2788467407,53886,53897,11
13.0393896103,80.2790222168,53897,53907,10
13.0394496918,80.2790527344,53907,53917,10
13.0407896042,80.2791976929,53917,53927,10
13.0415802002,80.2793502808,53927,53937,10
13.0427398682,80.2796173096,53937,54017,80
13.0427398682,80.2796173096,54017,54028,11
13.0433702469,80.2751617432,54028,54038,10
13.0431995392,80.2741394043,54038,54058,20
13.0431995392,80.2741394043,54058,54068,10
13.0438804626,80.2718582153,54068,54088,20
13.0438899994,80.2718429565,54088,54299,211
13.0438899994,80.2718429565,54299,54309,10
13.0447797775,80.2629013062,54309,54319,10
13.0447301865,80.2627716064,54319,54329,10
13.0447902679,80.2625579834,54329,54339,10
13.0453796387,80.2615432739,54339,54451,112
13.0472602844,80.2544631958,54451,54552,101
13.0472602844,80.2544631958,54552,54561,9
13.0532598495,80.2521286011,54561,54572,11
13.0539302826,80.2530822754,54572,54582,10
13.0546798706,80.2541122437,54582,54592,10
13.0554704666,80.2551879883,54592,54602,10
13.0561199188,80.256072998,54602,54612,10
13.0567798615,80.2567596436,54612,54632,20
13.0567798615,80.2567596436,54632,54642,10
13.057009697,80.2569580078,54642,54652,10
13.0575199127,80.2574234009,54652,54662,10
13.0579996109,80.2579116821,54662,54672,10
13.0586700439,80.2587966919,54672,54683,11
13.0592098236,80.2595977783,54683,54693,10
13.0595397949,80.2602996826,54693,54703,10
13.0604496002,80.2608795166,54703,54723,20
13.0604400635,80.2609863281,54723,54794,71
13.0636701584,80.2648925781,54794,54814,20
13.0636701584,80.2648925781,54814,54824,10
13.0645103455,80.2661590576,54824,54834,10
13.0651397705,80.2667694092,54834,54844,10
13.065489769,80.2671585083,54844,54853,9
13.0659399033,80.2677536011,54853,54864,11
13.0663204193,80.268119812,54864,54874,10
13.0663204193,80.2681274414,54874,54885,11
13.0664596558,80.2683181763,54885,54925,40
13.0683403015,80.2690429688,54925,54945,20
13.068810463,80.2674179077,54945,55005,60
13.068810463,80.2674179077,55005,55016,11
13.0708599091,80.2653579712,55016,55026,10
13.0712795258,80.2649993896,55026,55036,10
13.0718603134,80.2646179199,55036,55296,260
13.0718603134,80.2646179199,55296,55306,10
13.0756597519,80.2592086792,55306,55316,10
13.0754203796,80.2585830688,55316,55326,10
13.0754299164,80.2584609985,55326,55336,10
13.0754003525,80.2581176758,55336,55347,11
13.0757198334,80.2580413818,55347,55367,20
13.0757198334,80.2580413818,55367,55377,10
13.0758304596,80.2580718994,55377,55387,10
13.0788803101,80.2565383911,55387,55396,9
13.0789899826,80.2566375732,55396,55420,24
13.079000473,80.2565307617,55420,55481,61
13.0793504715,80.2553787231,55481,55829,348
13.0793504715,80.2553787231,55829,55839,10
13.0864896774,80.2444534302,55839,55849,10
13.0870399475,80.2440032959,55849,55859,10
13.0874204636,80.2432479858,55859,55959,100
13.0874204636,80.2432479858,55959,55970,11
13.0941095352,80.2411193848,55970,55990,20
13.0941095352,80.2411193848,55990,56001,11
13.09471035,80.2411880493,56001,56021,20
13.0980997086,80.2393875122,56021,56051,30
13.0980997086,80.2393875122,56051,56061,10
13.0977401733,80.2399368286,56061,56071,10
13.0979795456,80.2382202148,56071,56091,20
13.0979795456,80.2382202148,56091,56102,11
13.097990036,80.2378082275,56102,56132,30
13.097990036,80.2378082275,56132,56142,10
13.098449707,80.2353134155,56142,56152,10
13.0983495712,80.2348937988,56152,56172,20
13.0983495712,80.2348937988,56172,56182,10
13.0984296799,80.2343597412,56182,56192,10
13.0985298157,80.2337493896,56192,56202,10
13.0986700058,80.2330322266,56202,56212,10
13.0987300873,80.2322387695,56212,56223,11
13.0987596512,80.2312393188,56223,56233,10
13.0996904373,80.2301712036,56233,56243,10
13.0997495651,80.2296524048,56243,56254,11
13.0998401642,80.229309082,56254,56264,10
13.0997800827,80.2293167114,56264,56274,10
13.1022901535,80.22631073,56274,56385,111
13.0990495682,80.2243499756,56385,56416,31
13.0990495682,80.2243499756,56416,56425,9
13.0990600586,80.2200393677,56425,56436,11
13.0991697311,80.2191772461,56436,56446,10
13.0992603302,80.2189483643,56446,56456,10
13.0993204117,80.2181015015,56456,56466,10
13.0996103287,80.2169036865,56466,56475,9
13.0999698639,80.2159194946,56475,56486,11
13.1005401611,80.2148590088,56486,56496,10
13.1009397507,80.2141189575,56496,56506,10
13.1003398895,80.2153015137,56506,56516,10
13.1005802155,80.2146987915,56516,56547,31
13.1005802155,80.2146987915,56547,56557,10
13.1007099152,80.2144012451,56557,56567,10
13.1008996964,80.214012146,56567,56577,10
13.1012201309,80.2133789063,56577,56587,10
13.1014003754,80.2126235962,56587,56597,10
13.1016902924,80.2117080688,56597,56607,10
13.1020803452,80.2107162476,56607,56617,10
13.1023702621,80.209777832,56617,56627,10
13.1024398804,80.2093200684,56627,56637,10
13.1026000977,80.2091827393,56637,56647,10
13.1027402878,80.2088317871,56647,56658,11
13.1028404236,80.2085113525,56658,56668,10
13.1031398773,80.2081680298,56668,56756,88
13.1031398773,80.2081680298,56756,56766,10
13.1051397324,80.2080307007,56766,56778,12
13.105219841,80.2080535889,56778,56788,10
13.1054601669,80.2081604004,56788,56798,10
13.1056995392,80.2084884644,56798,58423,1625
13.1056995392,80.2084884644,58423,58433,10
13.1026096344,80.2090301514,58433,58443,10
13.1025800705,80.2093887329,58443,58453,10
13.1024599075,80.2097015381,58453,58463,10
13.1019496918,80.2110137939,58463,58483,20
13.1019496918,80.2110137939,58483,58493,10
13.1018400192,80.2112731934,58493,58509,16
13.1013202667,80.2127838135,58509,58521,12
13.1011400223,80.2134017944,58521,58532,11
13.1011695862,80.2133712769,58532,58562,30
13.1011695862,80.2133712769,58562,58572,10
13.1007995605,80.2142333984,58572,58582,10
13.1005601883,80.2147216797,58582,58592,10
13.1004400253,80.2152709961,58592,58602,10
13.1001501083,80.2160186768,58602,58612,10
13.0996198654,80.2172393799,58612,58622,10
13.0993499756,80.2183380127,58622,58633,11
13.0990800858,80.2195968628,58633,58643,10
13.0990495682,80.2197113037,58643,58653,10
13.0991897583,80.2198181152,58653,58663,10
13.0990896225,80.220161438,58663,58673,10
13.09897995,80.2207183838,58673,58683,10
13.0988502502,80.2221374512,58683,58693,10
13.0990200043,80.2232894897,58693,58703,10
13.0996904373,80.224319458,58703,58713,10
13.0999803543,80.2256774902,58713,58733,20
13.1000003815,80.2258224487,58733,58784,51
13.1000003815,80.2258224487,58784,58794,10
13.09953022,80.2306289673,58794,58804,10
13.0995597839,80.2306976318,58804,58843,39
13.0995597839,80.2306976318,58843,58855,12
13.0986003876,80.2336425781,58855,58865,10
13.0985202789,80.2338027954,58865,58895,30
13.0985202789,80.2338027954,58895,58905,10
13.0985403061,80.2343826294,58905,58915,10
13.0983800888,80.2352523804,58915,58996,81
13.0983800888,80.2352523804,58996,59006,10
13.0975799561,80.2414169312,59006,59016,10
13.0974302292,80.2419586182,59016,59032,16
13.0972795486,80.2425003052,59032,59044,12
13.0964403152,80.2418823242,59044,59052,8
13.0958099365,80.2416305542,59052,59064,12
13.0948400497,80.2413024902,59064,59074,10
13.094619751,80.241317749,59074,59084,10
13.094039917,80.2411193848,59084,59115,31
13.094039917,80.2411193848,59115,59124,9
13.0922002792,80.2409210205,59124,59135,11
13.0910797119,80.2408905029,59135,59145,10
13.0899295807,80.2409362793,59145,59155,10
13.0891895294,80.2412567139,59155,59165,10
13.0884399414,80.2419281006,59165,59176,11
13.0872001648,80.2429199219,59176,59206,30
13.087439537,80.2438430786,59206,59236,30
13.087439537,80.2438430786,59236,59246,10
13.0861997604,80.2446899414,59246,59256,10
13.0855197906,80.2453689575,59256,59266,10
13.0845003128,80.2462768555,59266,59292,26
13.085849762,80.2468032837,59292,59587,295
13.085849762,80.2468032837,59587,59597,10
13.0801801682,80.2546615601,59597,59607,10
13.0795297623,80.2546386719,59607,59618,11
13.0791196823,80.2543716431,59618,59628,10
13.0790596008,80.2553787231,59628,59638,10
13.0792198181,80.256652832,59638,59658,20
13.0792198181,80.256652832,59658,59668,10
13.0794401169,80.2563095093,59668,59678,10
13.0783395767,80.256362915,59678,59739,61
13.0783395767,80.256362915,59739,59749,10
13.0767498016,80.2602386475,59749,59759,10
13.0772199631,80.2606887817,59759,59769,10
13.0774402618,80.2612991333,59769,59779,10
13.077750206,80.2625732422,59779,59816,37
13.077750206,80.2625732422,59816,59826,10
13.0777997971,80.2621383667,59826,59836,10
13.0778303146,80.2621383667,59836,59848,12
13.0778598785,80.262336731,59848,59868,20
13.0778999329,80.2625198364,59868,59887,19
13.0778999329,80.2625198364,59887,59898,11
13.0775499344,80.2639007568,59898,60088,190
13.0775499344,80.2639007568,60088,60097,9
13.0715503693,80.2647399902,60097,60108,11
13.0716495514,80.2647323608,60108,60148,40
13.0716495514,80.2647323608,60148,60158,10
13.0693597794,80.2667922974,60158,60169,11
13.0689201355,80.2672576904,60169,60229,60
13.0689201355,80.2672576904,60229,60239,10
13.0678396225,80.270980835,60239,60249,10
13.0673398972,80.2705917358,60249,60280,31
13.0673398972,80.2705917358,60280,60290,10
13.0665302277,80.2692871094,60290,60300,10
13.0663700104,80.2686233521,60300,60310,10
13.0661401749,80.2677993774,60310,60330,20
13.0661401749,80.2677993774,60330,60340,10
13.0649204254,80.2675628662,60340,60350,10
13.0643997192,80.2674865723,60350,60360,10
13.0638198853,80.2673416138,60360,60371,11
13.0631198883,80.2671890259,60371,60381,10
13.062379837,80.2669906616,60381,60431,50
13.0600004196,80.2656021118,60431,60633,202
13.0600004196,80.2656021118,60633,60643,10
13.0563297272,80.2564163208,60643,60653,10
13.0564203262,80.2563171387,60653,60663,10
13.0564203262,80.2559509277,60663,60673,10
13.0552597046,80.2550201416,60673,60683,10
13.0545797348,80.25415802,60683,60693,10
13.0539798737,80.2534332275,60693,60704,11
13.0535001755,80.2527923584,60704,60713,9
13.0533599854,80.252571106,60713,60724,11
13.0531196594,80.2522583008,60724,60734,10
13.0526599884,80.2517471313,60734,60744,10
13.0521297455,80.2512207031,60744,60754,10
13.0516901016,80.2514038086,60754,60764,10
13.0512895584,80.2519607544,60764,60774,10
13.0510101318,80.2523574829,60774,60784,10
13.0503396988,80.252532959,60784,60794,10
13.0499801636,80.2528076172,60794,60804,10
13.049659729,80.2529983521,60804,60814,10
13.0489301682,80.2533721924,60814,60825,11
13.0482702255,80.2535476685,60825,60835,10
13.0481395721,80.253578186,60835,60845,10
13.0485200882,80.2536468506,60845,60855,10
13.0485095978,80.2535171509,60855,60885,30
13.0485095978,80.2535171509,60885,60895,10
13.0479898453,80.2533493042,60895,60905,10
13.0474395752,80.2539978027,60905,60916,11
13.0471401215,80.2540283203,60916,60926,10
13.0471096039,80.2540283203,60926,60936,10
13.0461597443,80.2565994263,60936,60946,10
13.0459299088,80.2575683594,60946,60986,40
13.0459299088,80.2575683594,60986,60996,10
13.0456199646,80.2587890625,60996,61006,10
13.0453701019,80.2603225708,61006,61016,10
13.045249939,80.2614822388,61016,61026,10
13.0449199677,80.2626190186,61026,61037,11
13.0445699692,80.2638015747,61037,61047,10
13.0447301865,80.2631912231,61047,61057,10
13.0447301865,80.2634811401,61057,61067,10
13.0446500778,80.2641677856,61067,61077,10
13.0445995331,80.2650222778,61077,61087,10
13.0445995331,80.2660293579,61087,61097,10
13.0446395874,80.266418457,61097,61107,10
13.0446300507,80.2667236328,61107,61117,10
13.0446796417,80.2672195435,61117,61127,10
13.0447998047,80.267791748,61127,61137,10
13.0446996689,80.268661499,61137,61147,10
13.0445995331,80.2691726685,61147,61158,11
13.044500351,80.2692184448,61158,61168,10
13.0444202423,80.2693634033,61168,61178,10
13.0443201065,80.2699127197,61178,61188,10
13.0441904068,80.270652771,61188,61198,10
13.0440196991,80.271522522,61198,61208,10
13.043800354,80.2725524902,61208,61218,10
13.0436201096,80.273399353,61218,61228,10
13.0435400009,80.2737197876,61228,61238,10
13.043589592,80.2736282349,61238,61248,10
13.0435695648,80.2739028931,61248,61258,10
13.0437498093,80.2738876343,61258,61269,11
13.0435304642,80.2743301392,61269,61289,20
13.0435495377,80.2743988037,61289,61309,20
13.0435495377,80.2743988037,61309,61319,10
13.0434799194,80.2746200562,61319,61329,10
13.0434503555,80.2746429443,61329,61339,10
13.0434398651,80.2746505737,61339,61349,10
13.043419838,80.2744827271,61349,61359,10
13.0434398651,80.274772644,61359,61369,10
13.0433397293,80.2750320435,61369,61380,11
13.0433797836,80.2752304077,61380,61390,10
13.043419838,80.2754821777,61390,61400,10
13.043299675,80.2758178711,61400,61410,10
13.0430498123,80.2766189575,61410,61466,56
13.0430498123,80.2766189575,61466,61479,13
13.0434999466,80.2781829834,61479,61499,20
13.0434999466,80.2781829834,61499,61509,10
13.0434303284,80.2795181274,61509,61519,10
13.0430803299,80.2795715332,61519,61529,10
13.0421800613,80.2795410156,61529,61539,10
13.0403795242,80.2792434692,61539,61600,61
13.0403795242,80.2792434692,61600,61610,10
13.0387001038,80.2787399292,61610,61620,10
13.0381298065,80.2785568237,61620,61630,10
13.0375003815,80.2784423828,61630,61640,10
13.0367803574,80.2780838013,61640,61650,10
13.0359802246,80.2775421143,61650,61670,20
13.0359802246,80.2775421143,61670,61680,10
13.0337400436,80.2775497437,61680,61690,10
13.0333995819,80.2772369385,61690,61701,11
13.033200264,80.2769393921,61701,61711,10
13.0330896378,80.2759170532,61711,61721,10
13.0325403214,80.2758789063,61721,61731,10
13.0321598053,80.2752990723,61731,61892,161
13.0321598053,80.2752990723,61892,61902,10
13.0243701935,80.274307251,61902,61912,10
13.0242204666,80.2741622925,61912,61923,11
13.0239200592,80.2742233276,61923,61933,10
13.0235204697,80.2748794556,61933,61943,10
13.0226202011,80.2763290405,61943,62024,81
13.0226202011,80.2763290405,62024,62034,10
13.0223197937,80.2764663696,62034,62044,10
13.0223398209,80.2764434814,62044,62135,91
13.0223398209,80.2764434814,62135,62145,10
13.0223903656,80.2763900757,62145,62165,20
13.0223798752,80.2763519287,62165,62569,404
13.0223798752,80.2763519287,62569,62579,10
13.0223197937,80.2762985229,62579,63115,536
13.0223197937,80.2762985229,63115,63125,10
13.022310257,80.2766494751,63125,63136,11
13.0224504471,80.2767410278,63136,63146,10
13.0226097107,80.2766113281,63146,63156,10
13.0228004456,80.276260376,63156,63166,10
13.0230197906,80.2758407593,63166,63176,10
13.0232200623,80.2754364014,63176,63186,10
13.023440361,80.2749786377,63186,63196,10
13.0236701965,80.2745819092,63196,63206,10
13.0236997604,80.2739028931,63206,63216,10
13.0238199234,80.2741775513,63216,63237,21
13.0238199234,80.2741775513,63237,63247,10
13.0237998962,80.2743225098,63247,63267,20
13.0237998962,80.2743225098,63267,63277,10
13.0240001678,80.2736434937,63277,63378,101
13.0240001678,80.2736434937,63378,63388,10
13.0279502869,80.2759933472,63388,63398,10
13.0286397934,80.2763519287,63398,63408,10
13.0291595459,80.2765426636,63408,63418,10
13.0298204422,80.2767333984,63418,63429,11
13.0302696228,80.2768630981,63429,63438,9
13.0299797058,80.2769012451,63438,63448,10
13.0302400589,80.2769699097,63448,63459,11
13.0304803848,80.2770614624,63459,63469,10
13.0315799713,80.2775268555,63469,63479,10
13.0321102142,80.2775192261,63479,63489,10
13.0325498581,80.2774963379,63489,63505,16
13.0326299667,80.2774887085,63505,63517,12
13.0329504013,80.2774810791,63517,63525,8
13.0332202911,80.2774429321,63525,63578,53
13.0332202911,80.2774429321,63578,63588,10
13.0333795547,80.2774200439,63588,63598,10
13.0337095261,80.2773895264,63598,63607,9
13.0341596603,80.2775497437,63607,63619,12
13.0349502563,80.2776565552,63619,63629,10
13.035900116,80.2779006958,63629,63639,10
13.0366201401,80.2780838013,63639,63649,10
13.0376396179,80.2783813477,63649,63659,10
13.0388898849,80.2787094116,63659,63680,21
13.0388898849,80.2787094116,63680,63690,10
13.0390796661,80.2787704468,63690,63700,10
13.0394897461,80.2789001465,63700,63710,10
13.0401802063,80.2790985107,63710,63720,10
13.0409698486,80.2792816162,63720,63730,10
13.0418195724,80.2794265747,63730,63740,10
13.0427103043,80.2795181274,63740,63750,10
13.0431699753,80.2795181274,63750,63760,10
13.0432901382,80.2790603638,63760,63770,10
13.0432901382,80.2783203125,63770,63780,10
13.0432701111,80.2775497437,63780,63790,10
13.0432901382,80.2774963379,63790,63801,11
13.043299675,80.2773590088,63801,63811,10
13.043299675,80.2768173218,63811,63821,10
13.0433101654,80.2761077881,63821,63831,10
13.0433101654,80.2752838135,63831,63841,10
13.0433397293,80.2745437622,63841,63881,40
13.0433397293,80.2745437622,63881,63891,10
13.0433101654,80.2743530273,63891,63902,11
13.043419838,80.2740020752,63902,63912,10
13.0435600281,80.2732772827,63912,63922,10
13.0437402725,80.2723693848,63922,63938,16
13.0438404083,80.271812439,63938,63950,12
13.0438995361,80.2715988159,63950,63960,10
13.0440101624,80.2710189819,63960,63970,10
13.0441703796,80.2702102661,63970,63980,10
13.0443696976,80.2692565918,63980,63990,10
13.0444803238,80.2685699463,63990,64000,10
13.0444898605,80.2685165405,64000,64011,11
13.0445203781,80.2682418823,64011,64021,10
13.0445804596,80.2677230835,64021,64031,10
13.0445404053,80.266998291,64031,64062,31
13.0445404053,80.266998291,64062,64072,10
13.0445404053,80.2668075562,64072,64082,10
13.0445995331,80.2663497925,64082,64092,10
13.0445604324,80.2655181885,64092,64102,10
13.044549942,80.2652130127,64102,64113,11
13.044500351,80.2646484375,64113,64123,10
13.0445699692,80.2637863159,64123,64163,40
13.0445699692,80.2637863159,64163,64173,10
13.044549942,80.2636566162,64173,64183,10
13.0446395874,80.2630996704,64183,64193,10
13.044670105,80.2629394531,64193,64203,10
13.0447702408,80.2626495361,64203,64213,10
13.0449104309,80.2621078491,64213,64224,11
13.045129776,80.261138916,64224,64234,10
13.0452098846,80.2602920532,64234,64244,10
13.045419693,80.2602462769,64244,64254,10
13.0454998016,80.2589035034,64254,64264,10
13.0456695557,80.2578430176,64264,64274,10
13.0458498001,80.2570571899,64274,64284,10
13.0459804535,80.256652832,64284,64294,10
13.0460100174,80.2566223145,64294,64305,11
13.0461196899,80.2563171387,64305,64315,10
13.0462303162,80.2560195923,64315,64325,10
13.0462398529,80.2559890747,64325,64335,10
13.0472002029,80.2543411255,64335,64345,10
13.0476999283,80.2540206909,64345,64355,10
13.047750473,80.2539367676,64355,64365,10
13.0481100082,80.2538070679,64365,64375,10
13.0484399796,80.2536773682,64375,64385,10
13.0502796173,80.2530517578,64385,64405,20
13.0502796173,80.2530517578,64405,64415,10
13.0505895615,80.2522735596,64415,64425,10
13.0509300232,80.2519989014,64425,64435,10
13.0516500473,80.2513885498,64435,64466,31
13.0516500473,80.2513885498,64466,64476,10
13.0517196655,80.2514724731,64476,64486,10
13.0519599915,80.2509384155,64486,64496,10
13.0523500443,80.2507476807,64496,64506,10
13.0524902344,80.2507781982,64506,64567,61
13.0524902344,80.2507781982,64567,64577,10
13.0525903702,80.2510070801,64577,64587,10
13.05286026,80.2515182495,64587,64597,10
13.0533599854,80.2521896362,64597,64607,10
13.0538196564,80.2529296875,64607,64617,10
13.0545101166,80.25390625,64617,64627,10
13.0553302765,80.2549591064,64627,64638,11
13.0560703278,80.255859375,64638,64647,9
13.0563201904,80.256362915,64647,64658,11
13.0570898056,80.2570266724,64658,64678,20
13.0570898056,80.2570266724,64678,64688,10
13.0571498871,80.2570571899,64688,64698,10
13.057800293,80.2577972412,64698,64708,10
13.0585699081,80.2585525513,64708,64718,10
13.0592403412,80.2594528198,64718,64728,10
13.0595397949,80.2601394653,64728,64738,10
13.0600996017,80.2605361938,64738,64749,11
13.0607404709,80.2609100342,64749,64759,10
13.0606899261,80.2610397339,64759,64769,10
13.0607404709,80.261100769,64769,64779,10
13.0612001419,80.2617721558,64779,64789,10
13.0616197586,80.262260437,64789,64799,10
13.0619697571,80.2627182007,64799,64809,10
13.0631504059,80.2642211914,64809,64829,20
13.0631504059,80.2642211914,64829,64839,10
13.0632095337,80.264289856,64839,64856,17
13.0643396378,80.2660293579,64856,64867,11
13.0646095276,80.2663879395,64867,64878,11
13.0654001236,80.2671279907,64878,64888,10
13.0663604736,80.2678527832,64888,64928,40
13.0663604736,80.2678527832,64928,64938,10
13.0669403076,80.2684402466,64938,64967,29
13.0669403076,80.2684402466,64967,64978,11
13.0672702789,80.2687072754,64978,64988,10
13.0677404404,80.2690811157,64988,64999,11
13.0682401657,80.269317627,64999,65009,10
13.0683603287,80.2689971924,65009,65018,9
13.0685100555,80.2685394287,65018,65029,11
13.0687198639,80.2679290771,65029,65039,10
13.0689296722,80.2672576904,65039,65049,10
13.0693597794,80.2668075562,65049,65059,10
13.0698604584,80.2662582397,65059,65070,11
13.0705604553,80.2654418945,65070,65090,20
13.0705604553,80.2654418945,65090,65100,10
13.0706300735,80.2656173706,65100,65110,10
13.0709600449,80.2652206421,65110,65120,10
13.0713396072,80.264793396,65120,65130,10
13.0717000961,80.2643814087,65130,65140,10
13.072019577,80.2640380859,65140,65150,10
13.0722999573,80.2636413574,65150,65160,10
13.0725097656,80.2631530762,65160,65170,10
13.0726604462,80.2626876831,65170,65180,10
13.0728597641,80.2620773315,65180,65190,10
13.0729398727,80.2620697021,65190,65201,11
13.0729398727,80.2621383667,65201,65211,10
13.0729999542,80.2618865967,65211,65221,10
13.0730695724,80.2614364624,65221,65231,10
13.0733604431,80.2612533569,65231,65241,10
13.0736999512,80.2615280151,65241,65251,10
13.0741195679,80.2621994019,65251,65261,10
13.0744800568,80.2627410889,65261,65271,10
13.0748500824,80.263130188,65271,65281,10
13.0750999451,80.263458252,65281,65291,10
13.0754499435,80.2639083862,65291,65301,10
13.0758104324,80.2643203735,65301,65312,11
13.076210022,80.2642364502,65312,65322,10
13.0762996674,80.2641677856,65322,65332,10
13.0767002106,80.2641220093,65332,65342,10
13.0771102905,80.2639007568,65342,65352,10
13.0777597427,80.2637176514,65352,65372,20
13.0777597427,80.2637176514,65372,65382,10
13.077870369,80.2635879517,65382,65391,9
13.0779600143,80.2635726929,65391,65403,12
13.0781803131,80.2635498047,65403,65412,9
13.0782403946,80.2635421753,65412,65423,11
13.0774202347,80.2617263794,65423,65433,10
13.0773000717,80.2608184814,65433,65443,10
13.0771398544,80.260017395,65443,65453,10
13.0774803162,80.2604827881,65453,65463,10
13.0770196915,80.2609634399,65463,65473,10
13.0765104294,80.2610931396,65473,65504,31
13.0765104294,80.2610931396,65504,65513,9
13.0754299164,80.2587814331,65513,65523,10
13.0753803253,80.2584533691,65523,65534,11
13.0753698349,80.257598877,65534,67518,1984
13.105509758,80.2082366943,67518,67669,151
13.1053495407,80.2081375122,67669,67871,202
13.1053495407,80.2081375122,67871,67881,10
13.1051902771,80.2079391479,67881,67891,10
13.1049804688,80.207901001,67891,67901,10
13.1047096252,80.2078781128,67901,67911,10
13.1043996811,80.2078399658,67911,67921,10
13.1040802002,80.2077713013,67921,67932,11
13.1037101746,80.2076797485,67932,67942,10
13.1035995483,80.2076568604,67942,67952,10
13.1032400131,80.2076187134,67952,67962,10
13.1030902863,80.2079086304,67962,67982,20
13.1030902863,80.2079086304,67982,67992,10
13.1029901505,80.2080993652,67992,68002,10
13.1029195786,80.2083129883,68002,68012,10
13.1028404236,80.2086181641,68012,68022,10
13.1027402878,80.2089233398,68022,68032,10
13.102640152,80.2092590332,68032,68043,11
13.1026096344,80.2093429565,68043,68053,10
13.1027603149,80.2091674805,68053,68093,40
13.1030101776,80.2081832886,68093,68121,28
13.1030101776,80.2081832886,68121,68131,10
13.1011800766,80.2130966187,68131,68142,11
13.1008501053,80.2137680054,68142,68302,160
13.1008501053,80.2137680054,68302,68313,11
13.099149704,80.2198791504,68313,68333,20
13.0991096497,80.2199401855,68333,68354,21
13.0991096497,80.2199401855,68354,68364,10
13.098739624,80.2217178345,68364,68374,10
13.0987195969,80.2224578857,68374,68384,10
13.0988197327,80.2231674194,68384,68394,10
13.099240303,80.223777771,68394,68404,10
13.0995798111,80.2243499756,68404,68414,10
13.0997600555,80.2250900269,68414,68424,10
13.0998601913,80.2256317139,68424,68434,10
13.0998697281,80.2257232666,68434,68444,10
13.0998802185,80.2258911133,68444,68454,10
13.0999403,80.2262268066,68454,68464,10
13.0999698639,80.2266998291,68464,68475,11
13.1000003815,80.2272872925,68475,68485,10
13.0999803543,80.227897644,68485,68495,10
13.0999298096,80.2283706665,68495,68505,10
13.0998697281,80.2287902832,68505,68515,10
13.0998001099,80.2292098999,68515,68531,16
13.0996799469,80.2298431396,68531,68543,12
13.0994796753,80.2305831909,68543,68573,30
13.0994796753,80.2305831909,68573,68583,10
13.0994501114,80.2306594849,68583,68593,10
13.099439621,80.2307510376,68593,68604,11
13.0993795395,80.2309188843,68604,68614,10
13.099240303,80.231262207,68614,68624,10
13.0990495682,80.2316894531,68624,68634,10
13.0988798141,80.2321472168,68634,68644,10
13.098739624,80.2326278687,68644,68654,10
13.0986499786,80.2331237793,68654,68664,10
13.09856987,80.233581543,68664,68674,10
13.0985298157,80.2338867188,68674,68684,10
13.0985002518,80.2342681885,68684,68705,21
13.0985002518,80.2342681885,68705,68715,10
13.0984601974,80.2345962524,68715,68725,10
13.0984401703,80.2349319458,68725,68735,10
13.0983896255,80.2353134155,68735,68745,10
13.0983200073,80.2356491089,68745,68755,10
13.0982599258,80.236000061,68755,68765,10
13.09815979,80.2364883423,68765,68775,10
13.0980796814,80.2369766235,68775,68785,10
13.0979795456,80.237487793,68785,68796,11
13.097869873,80.2380905151,68796,68806,10
13.0977602005,80.2386169434,68806,68816,10
13.0977096558,80.2393569946,68816,68836,20
13.0977096558,80.2393569946,68836,68846,10
13.0976800919,80.2397689819,68846,68856,10
13.0976800919,80.2398986816,68856,68866,10
13.0976800919,80.2400131226,68866,68876,10
13.0976400375,80.2404174805,68876,68886,10
13.0975799561,80.2410125732,68886,68896,10
13.0973997116,80.2420578003,68896,68937,41
13.0973997116,80.2420578003,68937,68947,10
13.0973796844,80.2421188354,68947,68957,10
13.0971403122,80.2421569824,68957,68967,10
13.0967197418,80.2420425415,68967,68977,10
13.096159935,80.2418365479,68977,68987,10
13.0955095291,80.2416229248,68987,68997,10
13.0950098038,80.2414398193,68997,69007,10
13.0947303772,80.2413711548,69007,69018,11
13.0943498611,80.2413101196,69018,69028,10
13.0935602188,80.2411575317,69028,69048,20
13.0935602188,80.2411575317,69048,69058,10
13.0932798386,80.2411193848,69058,69068,10
13.0928201675,80.2410736084,69068,69078,10
13.0924196243,80.2410202026,69078,69080,2
13.0924196243,80.2410202026,69080,69127,47
13.0896196365,80.2408828735,69127,69137,10
13.0894804001,80.2411880493,69137,69147,10
13.0888900757,80.2416000366,69147,69157,10
13.0882501602,80.2420578003,69157,69167,10
13.0878095627,80.2429885864,69167,69187,20
13.0878095627,80.2429885864,69187,69197,10
13.0877399445,80.2431182861,69197,69207,10
13.0874996185,80.2431793213,69207,69218,11
13.0877504349,80.243347168,69218,69228,10
13.0875301361,80.2436599731,69228,69239,11
13.0874700546,80.2437362671,69239,69249,10
13.087439537,80.2437896729,69249,69259,10
13.087220192,80.2440032959,69259,69269,10
13.0868597031,80.2443008423,69269,69279,10
13.0867004395,80.244468689,69279,69289,10
13.0867795944,80.244468689,69289,69298,9
13.0866498947,80.2445602417,69298,69308,10
13.0863704681,80.2447128296,69308,69320,12
13.0860900879,80.2450408936,69320,69330,10
13.0859003067,80.245262146,69330,69340,10
13.0860595703,80.2451171875,69340,69350,10
13.0858697891,80.245010376,69350,69360,10
13.0857400894,80.2450485229,69360,69370,10
13.0856599808,80.2452468872,69370,69380,10
13.0854701996,80.2456207275,69380,69390,10
13.0855302811,80.2460632324,69390,69400,10
13.0856399536,80.2466812134,69400,69410,10
13.0856199265,80.2474365234,69410,70156,746
13.0856199265,80.2474365234,70156,70166,10
13.0781497955,80.2635192871,70166,70176,10
13.078669548,80.2640533447,70176,72073,1897
13.0376501083,80.2784805298,72073,72143,70
13.0376501083,80.2784805298,72143,72153,10
13.0375099182,80.2783584595,72153,72163,10
13.0374698639,80.2783508301,72163,72174,11
13.0372896194,80.2783203125,72174,72184,10
13.0370397568,80.2782287598,72184,72204,20
13.0370397568,80.2782287598,72204,72214,10
13.0367898941,80.278137207,72214,72234,20
13.0367898941,80.278137207,72234,72244,10
13.0365400314,80.2779998779,72244,72285,41
13.0365400314,80.2779998779,72285,72295,10
13.0362901688,80.2779464722,72295,72305,10
13.0360298157,80.2778625488,72305,72365,60
13.0360298157,80.2778625488,72365,72375,10
13.0356903076,80.2777633667,72375,72436,61
13.0356903076,80.2777633667,72436,72446,10
13.0354795456,80.2778015137,72446,72456,10
13.0352802277,80.2777481079,72456,72537,81
13.0352802277,80.2777481079,72537,72547,10
13.0347995758,80.2776870728,72547,72567,20
13.0347995758,80.2776870728,72567,72577,10
13.0344696045,80.2776412964,72577,72587,10
13.0342702866,80.2775802612,72587,72618,31
13.0342702866,80.2775802612,72618,72628,10
13.0339202881,80.2774505615,72628,72638,10
13.0338897705,80.2774429321,72638,72648,10
13.0336704254,80.2773971558,72648,72658,10
13.0333795547,80.2774200439,72658,72668,10
13.0329704285,80.2774963379,72668,72678,10
13.0324802399,80.2775192261,72678,72688,10
13.0320196152,80.277557373,72688,72698,10
13.0315599442,80.2776031494,72698,72719,21
13.0315599442,80.2776031494,72719,72729,10
13.0311698914,80.2775115967,72729,72739,10
13.0308799744,80.2773284912,72739,72749,10
13.0308504105,80.2772979736,72749,72758,9
13.0306596756,80.2771987915,72758,72769,11
13.0302095413,80.2769622803,72769,72779,10
13.0298204422,80.2767868042,72779,72789,10
13.0293598175,80.2766723633,72789,72799,10
13.0288496017,80.2764968872,72799,72809,10
13.0284996033,80.2763519287,72809,72820,11
13.0280199051,80.2761764526,72820,72830,10
13.0275297165,80.275970459,72830,72840,10
13.0268697739,80.2757720947,72840,72850,10
13.0263299942,80.2754821777,72850,72860,10
13.0258598328,80.2752532959,72860,72870,10
13.02546978,80.2750473022,72870,73021,151
13.02546978,80.2750473022,73021,73031,10
13.0222501755,80.2763977051,73031,73048,17
13.022190094,80.276512146,73048,73060,12
13.0222301483,80.2764587402,73060,73070,10
13.0222597122,80.2764892578,73070,73078,8
13.0222797394,80.2763977051,73078,73089,11
13.0222196579,80.2763595581,73089,73100,11
13.0222101212,80.2764205933,73100,73110,10
13.0222101212,80.2764282227,73110,73120,10
13.022190094,80.2764129639,73120,73130,10
13.0221996307,80.2763519287,73130,73140,10
13.0223197937,80.2763595581,73140,73191,51
13.0223197937,80.2763595581,73191,73201,10
13.0222997665,80.2764892578,73201,73241,40
13.0222997665,80.2764892578,73241,73251,10
13.0222997665,80.2764968872,73251,73262,11
13.0222902298,80.2764816284,73262,73272,10
13.0222101212,80.2763900757,73272,73292,20
13.0222101212,80.2763900757,73292,73302,10
13.0224704742,80.2769165039,73302,73312,10
13.0226097107,80.2770614624,73312,73433,121
13.0226097107,80.2770614624,73433,73443,10
13.0247802734,80.2747802734,73443,73453,10
13.0251302719,80.2749023438,73453,73464,11
13.0253400803,80.2749786377,73464,73474,10
13.0255203247,80.2750167847,73474,73484,10
13.0257797241,80.2751083374,73484,73494,10
13.0262699127,80.275390625,73494,73504,10
13.0268497467,80.2756729126,73504,73514,10
13.0281095505,80.2764587402,73514,74292,778
13.0281095505,80.2764587402,74292,74302,10
13.043129921,80.27734375,74302,74313,11
13.0431098938,80.2773284912,74313,74322,9
13.0431995392,80.2758102417,74322,74333,11
13.0432796478,80.2743988037,74333,74716,383
13.0432796478,80.2743988037,74716,74726,10
13.0449495316,80.2618026733,74726,74736,10
13.0451402664,80.2609634399,74736,74746,10
13.0453796387,80.2600631714,74746,74756,10
13.0454101563,80.259262085,74756,74766,10
13.0455598831,80.2582931519,74766,74777,11
13.0456695557,80.2575836182,74777,74787,10
13.0456600189,80.2574462891,74787,74797,10
13.045630455,80.2573013306,74797,74807,10
13.0459403992,80.2566986084,74807,74817,10
13.046090126,80.2563095093,74817,74827,10
13.0464000702,80.2554626465,74827,74837,10
13.0467700958,80.2547225952,74837,74847,10
13.0471601486,80.2544326782,74847,74857,10
13.0472402573,80.2543869019,74857,74867,10
13.0473499298,80.2543334961,74867,74878,11
13.0479297638,80.2539825439,74878,74888,10
13.0485496521,80.2537002563,74888,74898,10
13.0495195389,80.2532424927,74898,74908,10
13.0503501892,80.2526016235,74908,74918,10
13.050740242,80.252243042,74918,74928,10
13.0508203506,80.2521820068,74928,74938,10
13.0513095856,80.2517776489,74938,74968,30
13.0513095856,80.2517776489,74968,74978,10
13.0514001846,80.2516937256,74978,74989,11
13.0517101288,80.251411438,74989,74999,10
13.0519599915,80.2509994507,74999,75009,10
13.0523004532,80.2508163452,75009,75069,60
13.0523004532,80.2508163452,75069,75079,10
13.0524396896,80.2509765625,75079,75089,10
13.0525598526,80.2513122559,75089,75100,11
13.0530395508,80.2519302368,75100,75110,10
13.0533704758,80.2524108887,75110,75120,10
13.0536499023,80.2529067993,75120,75130,10
13.0541696548,80.2536315918,75130,75140,10
13.0547800064,80.2544403076,75140,75150,10
13.0552101135,80.2550125122,75150,75160,10
13.0557098389,80.2557220459,75160,75170,10
13.0562801361,80.2564620972,75170,75180,10
13.0569200516,80.2570800781,75180,75190,10
13.0577001572,80.2577819824,75190,75200,10
13.0583896637,80.2585830688,75200,75211,11
13.0590496063,80.2594604492,75211,75221,10
13.0595197678,80.2601394653,75221,75231,10
13.0601301193,80.2606582642,75231,75241,10
13.0605201721,80.2611465454,75241,75251,10
13.0606899261,80.2614212036,75251,75261,10
13.0609397888,80.261756897,75261,75271,10
13.0614299774,80.262298584,75271,75281,10
13.0617303848,80.2627182007,75281,75291,10
13.0621795654,80.2632827759,75291,75301,10
13.0626602173,80.2638015747,75301,75311,10
13.063079834,80.2642974854,75311,75322,11
13.0636196136,80.2651367188,75322,75332,10
13.0638399124,80.2656478882,75332,75342,10
13.0643100739,80.2662582397,75342,75352,10
13.0646800995,80.2667236328,75352,75362,10
13.065320015,80.2671966553,75362,75372,10
13.0659198761,80.267868042,75372,75382,10
13.0665397644,80.2684326172,75382,75392,10
13.0670995712,80.268661499,75392,75402,10
13.0675497055,80.2689819336,75402,75412,10
13.0669498444,80.2686233521,75412,75423,11
13.0669603348,80.2687072754,75423,75433,10
13.067199707,80.2687606812,75433,75443,10
13.0677995682,80.2692184448,75443,75453,10
13.0682601929,80.2693786621,75453,75463,10
13.0683498383,80.2690124512,75463,75473,10
13.0685396194,80.2683868408,75473,75483,10
13.0688695908,80.267539978,75483,75493,10
13.0694103241,80.2668380737,75493,75503,10
13.0699796677,80.2661819458,75503,75513,10
13.0702800751,80.2659912109,75513,75523,10
13.0703201294,80.2659988403,75523,75534,11
13.0706501007,80.2660522461,75534,75544,10
13.0705099106,80.2657165527,75544,75554,10
13.070980072,80.2652282715,75554,75564,10
13.0714197159,80.2647476196,75564,75574,10
13.071680069,80.2644729614,75574,75584,10
13.0720596313,80.2640609741,75584,75594,10
13.0723600388,80.2635116577,75594,75604,10
13.0726003647,80.262840271,75604,75614,10
13.0727796555,80.2622528076,75614,75624,10
13.0728502274,80.26197052,75624,75634,10
13.0728902817,80.261932373,75634,75645,11
13.0730199814,80.2614517212,75645,75655,10
13.0732803345,80.2613220215,75655,75665,10
13.0736904144,80.2617416382,75665,75675,10
13.0741596222,80.2622909546,75675,75685,10
13.0745801926,80.2627410889,75685,75694,9
13.0749797821,80.2633132935,75694,75705,11
13.0753803253,80.2639312744,75705,75715,10
13.0759401321,80.2644805908,75715,75726,11
13.0767803192,80.2647018433,75726,75746,20
13.0767803192,80.2647018433,75746,75756,10
13.0770196915,80.2641525269,75756,75766,10
13.0777597427,80.2637405396,75766,75776,10
13.0780601501,80.2633209229,75776,75786,10
13.0778999329,80.2629318237,75786,75796,10
13.077750206,80.2625274658,75796,75806,10
13.077580452,80.262008667,75806,75816,10
13.0771799088,80.2609634399,75816,75844,28
13.0771799088,80.2609634399,75844,75852,8
13.0771598816,80.2609176636,75852,75864,12
13.076880455,80.2605133057,75864,75875,11
13.0762701035,80.259979248,75875,75885,10
13.0757398605,80.2595062256,75885,75895,10
13.0754404068,80.2587432861,75895,75925,30
13.0754404068,80.2587432861,75925,75935,10
13.0753898621,80.2584915161,75935,75945,10
13.0755300522,80.2581176758,75945,75955,10
13.0760602951,80.2576980591,75955,75966,11
13.0766000748,80.2572021484,75966,75976,10
13.0771598816,80.2568664551,75976,75985,9
13.0777997971,80.2567214966,75985,75996,11
13.0785303116,80.2566833496,75996,76006,10
13.0789699554,80.2565078735,76006,76016,10
13.0789203644,80.2557525635,76016,76025,9
13.0789003372,80.2553024292,76025,76036,11
13.0788202286,80.2549819946,76036,76046,10
13.079000473,80.2546920776,76046,76056,10
13.0794401169,80.2546386719,76056,76077,21
13.0795497894,80.2546615601,76077,76127,50
13.0795497894,80.2546615601,76127,76137,10
13.0799198151,80.2547225952,76137,76147,10
13.0801401138,80.2547225952,76147,76157,10
13.0804796219,80.2548065186,76157,76167,10
13.0806303024,80.2548522949,76167,76177,10
13.0810899734,80.2548980713,76177,76188,11
13.0815896988,80.254699707,76188,76198,10
13.0817403793,80.2541885376,76198,76208,10
13.0818099976,80.2537231445,76208,76218,10
13.0818004608,80.2532196045,76218,76228,10
13.081580162,80.2526397705,76228,76238,10
13.0813398361,80.2520675659,76238,76248,10
13.0812997818,80.2514877319,76248,76258,10
13.0812997818,80.2510528564,76258,76268,10
13.0812702179,80.2506637573,76268,76278,10
13.0812797546,80.2503585815,76278,76289,11
13.0812702179,80.2499084473,76289,76299,10
13.0815696716,80.2496871948,76299,76309,10
13.0821695328,80.2497711182,76309,76319,10
13.0828399658,80.2498779297,76319,76329,10
13.0834798813,80.2499694824,76329,76339,10
13.0837497711,80.2500534058,76339,76349,10
13.08411026,80.2501068115,76349,76359,10
13.0847396851,80.2501983643,76359,76375,16
13.0847797394,80.250213623,76375,76387,12
13.0852098465,80.2503509521,76387,76395,8
13.0856399536,80.2504119873,76395,76408,13
13.0858001709,80.2498779297,76408,76418,10
13.0857696533,80.2488708496,76418,76428,10
13.085729599,80.2479705811,76428,76438,10
13.0857095718,80.2469329834,76438,76447,9
13.0856304169,80.246131897,76447,76458,11
13.0855703354,80.2454299927,76458,76468,10
13.0859498978,80.2450180054,76468,76479,11
13.0866003036,80.2444915771,76479,76490,11
13.0872001648,80.2439727783,76490,76500,10
13.0876302719,80.243522644,76500,76511,11
13.0878200531,80.2428207397,76511,76521,10
13.0880498886,80.2421417236,76521,76531,10
13.0881795883,80.2420425415,76531,76541,10
13.0883798599,80.241897583,76541,76551,10
13.0888595581,80.241569519,76551,76561,10
13.0894603729,80.2411499023,76561,76571,10
13.0902204514,80.2408905029,76571,76581,10
13.0910196304,80.2409133911,76581,76591,10
13.0920600891,80.2409667969,76591,76601,10
13.0926799774,80.2410202026,76601,76611,10
13.0940599442,80.2412185669,76611,76632,21
13.0940599442,80.2412185669,76632,76642,10
13.0942802429,80.2412567139,76642,76652,10
13.0949201584,80.2413864136,76652,76662,10
13.0955696106,80.241607666,76662,76672,10
13.096280098,80.241859436,76672,76682,10
13.0971698761,80.242149353,76682,76692,10
13.0974502563,80.2417221069,76692,76702,10
13.0975799561,80.2407989502,76702,76712,10
13.0976200104,80.2401199341,76712,76723,11
13.0976200104,80.2399597168,76723,76733,10
13.0976696014,80.2393569946,76733,76743,10
13.0977401733,80.2386169434,76743,76753,10
13.0977602005,80.2385482788,76753,76763,10
13.0978403091,80.2381362915,76763,76773,10
13.0979404449,80.2376327515,76773,76783,10
13.0980396271,80.2370605469,76783,76793,10
13.0981903076,80.2362670898,76793,76801,8
13.0983104706,80.2354202271,76801,76823,22
13.0983104706,80.2354202271,76823,76834,11
13.0983600616,80.235168457,76834,76844,10
13.0983800888,80.2349395752,76844,76854,10
13.0984096527,80.2345428467,76854,76864,10
13.0984802246,80.2340011597,76864,76874,10
13.0984802246,80.2338562012,76874,76884,10
13.0985097885,80.2334823608,76884,76894,10
13.0986604691,80.2327423096,76894,76904,10
13.0988798141,80.2319488525,76904,76914,10
13.0991001129,80.2314376831,76914,76924,10
13.0993299484,80.2309417725,76924,76934,10
13.0996198654,80.2299804688,76934,76965,31
13.0996198654,80.2299804688,76965,76975,10
13.0996799469,80.2298126221,76975,76985,10
13.0997800827,80.2291717529,76985,76995,10
13.0998802185,80.2284011841,76995,77005,10
13.0999698639,80.2276763916,77005,77015,10
13.0999498367,80.2267227173,77015,77025,10
13.0999097824,80.226020813,77025,77035,10
13.0998296738,80.2254562378,77035,77045,10
13.0996999741,80.2247467041,77045,77056,11
13.0994901657,80.2240829468,77056,77066,10
13.0992603302,80.2237167358,77066,77076,10
13.0990200043,80.2233963013,77076,77085,9
13.0988101959,80.2231292725,77085,77096,11
13.0986700058,80.2226486206,77096,77106,10
13.0987195969,80.2217025757,77106,77116,10
13.0988903046,80.2207107544,77116,77126,10
13.0990600586,80.2197570801,77126,77136,10
13.0991401672,80.2192764282,77136,77146,10
13.0992202759,80.218711853,77146,77157,11
13.0993900299,80.2176818848,77157,77167,10
13.0995798111,80.2168579102,77167,77177,10
13.0999603271,80.2159500122,77177,77187,10
13.1000499725,80.2156600952,77187,77197,10
13.1000003815,80.2156066895,77197,77207,10
13.1003599167,80.2149505615,77207,77247,40
13.1003599167,80.2149505615,77247,77257,10
13.1004104614,80.2148971558,77257,77268,11
13.1005802155,80.2145385742,77268,77278,10
13.1009998322,80.2135925293,77278,77288,10
13.1009998322,80.2135925293,77288,77298,10
13.1011199951,80.2132797241,77298,77308,10
13.1012897491,80.2128372192,77308,77318,10
13.1015100479,80.2123031616,77318,77328,10
13.1016998291,80.2117767334,77328,77338,10
13.1018600464,80.2113418579,77338,77349,11
13.1019001007,80.2112121582,77349,77360,11
13.1020202637,80.2108612061,77360,77370,10
13.1021900177,80.210319519,77370,77381,11
13.1024398804,80.2096405029,77381,77391,10
13.1025495529,80.2092208862,77391,77401,10
13.1027297974,80.2087020874,77401,77421,20
13.1027297974,80.2087020874,77421,77431,10
13.1027803421,80.2084274292,77431,77441,10
13.1029500961,80.207901001,77441,77451,10
13.1031398773,80.2075195313,77451,77461,10
13.1033201218,80.2075576782,77461,77471,10
13.1037197113,80.2076416016,77471,77482,11
13.1042404175,80.2076873779,77482,77492,10
13.1048002243,80.2078018188,77492,77502,10
13.1051998138,80.2078933716,77502,77542,40
13.1051998138,80.2078933716,77542,77552,10
13.105389595,80.2079315186,77552,77562,10
13.1054496765,80.2080764771,77562,77572,10
13.1053695679,80.2083435059,77572,77582,10
13.1053495407,80.2085800171,77582,77593,11
13.1053104401,80.2083511353,77593,77653,60
13.1053104401,80.2083511353,77653,77663,10
13.1053199768,80.2080230713,77663,78006,343
13.1053199768,80.2080230713,78006,78016,10
13.105219841,80.207862854,78016,78027,11
13.1048603058,80.2078018188,78027,78037,10
13.1043796539,80.2077178955,78037,78047,10
13.1038999557,80.2076034546,78047,78057,10
13.1031904221,80.2074737549,78057,78077,20
13.1031904221,80.2074737549,78077,78087,10
13.103099823,80.207649231,78087,78097,10
13.103099823,80.2076721191,78097,78107,10
13.1030597687,80.207862854,78107,78117,10
13.1029596329,80.2082366943,78117,78127,10
13.1027402878,80.2088317871,78127,78138,11
13.1026201248,80.2092437744,78138,78148,10
13.1025600433,80.2095031738,78148,78158,10
13.1024303436,80.2099380493,78158,78168,10
13.1020803452,80.2104721069,78168,78178,10
13.1016302109,80.2110366821,78178,79135,957
13.0855903625,80.2520904541,79135,79427,292
13.0855903625,80.2520904541,79427,79437,10
13.0790596008,80.2567672729,79437,79448,11
13.0785999298,80.2567977905,79448,79458,10
13.0782203674,80.2568283081,79458,79468,10
13.0771102905,80.2568969727,79468,79569,101
13.0771102905,80.2568969727,79569,79579,10
13.0774803162,80.2608566284,79579,79609,30
13.0774803162,80.2608566284,79609,79625,16
13.0769500732,80.2604522705,79625,79637,12
13.0770797729,80.260597229,79637,79647,10
13.0770998001,80.2606277466,79647,79657,10
13.0771398544,80.2607269287,79657,79668,11
13.0772600174,80.2609176636,79668,79678,10
13.0773296356,80.261100769,79678,79688,10
13.0774002075,80.2613067627,79688,79698,10
13.0775098801,80.2616271973,79698,79706,8
13.0775899887,80.2618484497,79706,79769,63
13.0775899887,80.2618484497,79769,79779,10
13.077630043,80.262008667,79779,79789,10
13.0777797699,80.2624969482,79789,79799,10
13.0780696869,80.2632064819,79799,79809,10
13.0780000687,80.2635192871,79809,79819,10
13.0775003433,80.2638778687,79819,79829,10
13.0768499374,80.2641067505,79829,79839,10
13.0760803223,80.264213562,79839,79849,10
13.0755701065,80.2641372681,79849,79859,10
13.0752696991,80.263671875,79859,79869,10
13.0748996735,80.2631530762,79869,79880,11
13.0745801926,80.2626876831,79880,79890,10
13.0741596222,80.2621307373,79890,79900,10
13.0737304688,80.2616195679,79900,79910,10
13.0736303329,80.2614974976,79910,79920,10
13.0734901428,80.2614517212,79920,79930,10
13.0732297897,80.2613372803,79930,79940,10
13.0728197098,80.2619018555,79940,79950,10
13.0725898743,80.2627334595,79950,79960,10
13.0722799301,80.263420105,79960,79970,10
13.0719995499,80.2640991211,79970,79980,10
13.0712203979,80.2647476196,79980,79991,11
13.0711803436,80.2647094727,79991,80081,90
13.0686998367,80.2679977417,80081,80102,21
13.0686998367,80.2679977417,80102,80112,10
13.06828022,80.2689208984,80112,80122,10
13.0681800842,80.2695922852,80122,80132,10
13.0682897568,80.2708129883,80132,80384,252
13.0682897568,80.2708129883,80384,80394,10
13.057849884,80.2646026611,80394,80404,10
13.0582399368,80.2625808716,80404,80415,11
13.0587396622,80.2591400146,80415,80435,20
13.0587396622,80.2591400146,80435,80445,10
13.0571403503,80.2595214844,80445,80566,121
13.0571403503,80.2595214844,80566,80576,10
13.051440239,80.2510986328,80576,80626,50
13.051440239,80.2510986328,80626,80637,11
13.0455303192,80.2546615601,80637,80647,10
13.0456495285,80.2565078735,80647,80677,30
13.0456495285,80.2565078735,80677,80687,10
13.0454702377,80.2584991455,80687,80697,10
13.04529953,80.2598571777,80697,80707,10
13.0452899933,80.2604370117,80707,80717,10
13.0451602936,80.2612228394,80717,80727,10
13.0448999405,80.2621231079,80727,80737,10
13.0445899963,80.2632675171,80737,80748,11
13.0442800522,80.2643585205,80748,80758,10
13.0443897247,80.2648086548,80758,80768,10
13.044500351,80.2657623291,80768,81134,366
13.0347499847,80.2762374878,81134,81416,282
13.0347499847,80.2762374878,81416,81427,11
13.0223197937,80.2762374878,81427,81437,10
13.022359848,80.2761917114,81437,81820,383
13.022359848,80.2761917114,81820,81830,10
13.0265398026,80.2665634155,81830,81841,11
13.0264501572,80.2663726807,81841,81857,16
13.0263595581,80.266418457,81857,82051,194
13.0263595581,80.266418457,82051,82061,10
13.0265598297,80.2663879395,82061,82071,10
13.0264997482,80.2663421631,82071,82081,10
13.0262098312,80.2663421631,82081,82101,20
13.0262098312,80.2663421631,82101,82111,10
13.0261497498,80.2660827637,82111,82121,10
13.0262203217,80.2659301758,82121,82131,10
13.0263595581,80.2659072876,82131,82141,10
13.0267801285,80.2658615112,82141,82172,31
