13.0263595581,80.2662277222,15,7419,7404
13.0264196396,80.2661590576,7419,10580,3161
13.0264396667,80.2662582397,10580,19025,8445
13.0264101028,80.2661819458,19025,20218,1193
13.0264596939,80.2661819458,20218,20601,383
13.0264596939,80.2661819458,20601,20611,10
13.0261297226,80.2663116455,20611,20622,11
13.0261497498,80.2661972046,20622,20632,10
13.0261898041,80.2660827637,20632,20642,10
13.0261802673,80.2659072876,20642,20652,10
13.0259799957,80.2657699585,20652,20662,10
13.0256595612,80.2655563354,20662,20672,10
13.0253896713,80.265411377,20672,20682,10
13.0253601074,80.2654037476,20682,20692,10
13.0252199173,80.2653121948,20692,20702,10
13.0250196457,80.2651062012,20702,20713,11
13.0246601105,80.2648010254,20713,20723,10
13.0242204666,80.2645187378,20723,20733,10
13.0237598419,80.2642593384,20733,20743,10
13.0232496262,80.263999939,20743,20753,10
13.0226697922,80.2637023926,20753,20763,10
13.0221996307,80.2634811401,20763,20773,10
13.0221796036,80.263458252,20773,20783,10
13.0220098495,80.2633590698,20783,20793,10
13.0219202042,80.2633285522,20793,20803,10
13.0218400955,80.2632904053,20803,20814,11
13.0214700699,80.2631225586,20814,20824,10
13.0208997726,80.2630386353,20824,20834,10
13.0202999115,80.2630081177,20834,20844,10
13.0196800232,80.2629623413,20844,20854,10
13.0191001892,80.2629013062,20854,20864,10
13.0189199448,80.2625427246,20864,20874,10
13.0188102722,80.2618408203,20874,20884,10
13.0186195374,80.2612762451,20884,20894,10
13.0180101395,80.2608566284,20894,20904,10
13.0172395706,80.2603683472,20904,20915,11
13.0161304474,80.2597198486,20915,20935,20
13.0161304474,80.2597198486,20935,20945,10
13.0159597397,80.2596435547,20945,20955,10
13.0153999329,80.2594528198,20955,20965,10
13.0145702362,80.2593231201,20965,20975,10
13.0136003494,80.2592697144,20975,20985,10
13.0125999451,80.2592391968,20985,20995,10
13.0116195679,80.2592010498,20995,21005,10
13.0106401443,80.2592163086,21005,21016,11
13.009929657,80.259262085,21016,21026,10
13.0097999573,80.2592391968,21026,21036,10
13.0094203949,80.2592163086,21036,21046,10
13.0088500977,80.2592086792,21046,21056,10
13.0085496902,80.2592086792,21056,21066,10
13.007900238,80.2593002319,21066,21076,10
13.0072202682,80.2587966919,21076,21096,20
13.0072202682,80.2587966919,21096,21106,10
13.0071601868,80.2586364746,21106,21117,11
13.0068702698,80.2581176758,21117,21127,10
13.0065498352,80.2576370239,21127,21137,10
13.006480217,80.2573776245,21137,21147,10
13.0064496994,80.2567825317,21147,21157,10
13.0064601898,80.2559204102,21157,21167,10
13.0064897537,80.2549514771,21167,21177,10
13.006480217,80.2539520264,21177,21187,10
13.0064697266,80.2530975342,21187,21197,10
13.0065498352,80.252243042,21197,21207,10
13.0067396164,80.2512283325,21207,21218,11
13.0067100525,80.2501602173,21218,21228,10
13.0066995621,80.249206543,21228,21238,10
13.0066404343,80.2485198975,21238,21254,16
13.0066204071,80.248260498,21254,21266,12
13.0066204071,80.2477035522,21266,21274,8
13.0066299438,80.2473297119,21274,21286,12
13.0065603256,80.2466812134,21286,21296,10
13.0066204071,80.2462081909,21296,21306,10
13.0066204071,80.2453765869,21306,21317,11
13.0066099167,80.2442779541,21317,21327,10
13.0066003799,80.2435531616,21327,21337,10
13.0065603256,80.2431793213,21337,21347,10
13.006529808,80.242477417,21347,21357,10
13.0065498352,80.2415084839,21357,21367,10
13.0065698624,80.2412490845,21367,21378,11
13.0065803528,80.2411880493,21378,21388,10
13.0066299438,80.2408599854,21388,21398,10
13.0067300797,80.2403030396,21398,21408,10
13.0068798065,80.239616394,21408,21419,11
13.0070495605,80.2386474609,21419,21429,10
13.0072803497,80.2376937866,21429,21439,10
13.007399559,80.2368621826,21439,21459,20
13.007399559,80.2368621826,21459,21469,10
13.0074701309,80.2366333008,21469,21479,10
13.007610321,80.2360534668,21479,21489,10
13.0077800751,80.2352294922,21489,21499,10
13.0079603195,80.2342987061,21499,21509,10
13.008190155,80.2331695557,21509,21520,11
13.0084400177,80.2318267822,21520,21530,10
13.0086603165,80.230682373,21530,21540,10
13.008890152,80.2295608521,21540,21550,10
13.0091104507,80.2285308838,21550,21560,10
13.0094804764,80.2275238037,21560,21570,10
13.0099201202,80.2265625,21570,21580,10
13.0103197098,80.225692749,21580,21590,10
13.0106897354,80.2249069214,21590,21600,10
13.0109996796,80.224281311,21600,21610,10
13.0112895966,80.2235412598,21610,21621,11
13.0116901398,80.2226028442,21621,21631,10
13.0120401382,80.2216567993,21631,21641,10
13.0122804642,80.2214202881,21641,21651,10
13.0124597549,80.221572876,21651,21661,10
13.0128202438,80.2220611572,21661,21671,10
13.0132598877,80.2225875854,21671,21681,10
13.013710022,80.2231216431,21681,21691,10
13.0141496658,80.2236099243,21691,21701,10
13.0143604279,80.2238922119,21701,21712,11
13.0147600174,80.2243804932,21712,21721,9
13.0152997971,80.2248764038,21721,21752,31
13.0152997971,80.2248764038,21752,21762,10
13.0155096054,80.2249984741,21762,21772,10
13.0159797668,80.2252807617,21772,21782,10
13.0166196823,80.2252731323,21782,21792,10
13.0173797607,80.2249679565,21792,21802,10
13.018239975,80.2246170044,21802,21813,11
13.0190696716,80.2243499756,21813,21823,10
13.0197896957,80.2245788574,21823,21833,10
13.0205497742,80.2250976563,21833,21843,10
13.0212202072,80.2256317139,21843,21853,10
13.0218896866,80.2260894775,21853,21863,10
13.0220003128,80.2261810303,21863,21873,10
13.0220298767,80.2262191772,21873,21883,10
13.0223999023,80.2265472412,21883,21893,10
13.0230197906,80.2271194458,21893,21903,10
13.0237998962,80.2278594971,21903,21914,11
13.0245504379,80.2287826538,21914,21924,10
13.0251903534,80.229637146,21924,21934,10
13.0257396698,80.2304611206,21934,21944,10
13.02602005,80.2311706543,21944,21954,10
13.0262899399,80.2313232422,21954,21964,10
13.0269498825,80.2311401367,21964,21974,10
13.0274896622,80.2310180664,21974,21984,10
13.0280504227,80.2309494019,21984,21994,10
13.0286102295,80.2308807373,21994,22003,9
13.0292396545,80.2308120728,22003,22015,12
13.0299100876,80.230758667,22015,22025,10
13.0305700302,80.2306976318,22025,22035,10
13.0312204361,80.2306289673,22035,22045,10
13.0319900513,80.2305908203,22045,22055,10
13.032910347,80.2305221558,22055,22065,10
13.034119606,80.230430603,22065,22116,51
13.034119606,80.230430603,22116,22126,10
13.0342502594,80.2304000854,22126,22136,10
13.0344600677,80.2303695679,22136,22146,10
13.0346899033,80.2303237915,22146,22156,10
13.0349397659,80.2301864624,22156,22166,10
13.0350799561,80.2298965454,22166,22176,10
13.0348596573,80.2297897339,22176,22186,10
13.0343799591,80.2297363281,22186,22318,132
13.0341596603,80.2300567627,22318,22499,181
13.0341596603,80.2300567627,22499,22509,10
13.0341901779,80.2301635742,22509,23571,1062
13.0341901779,80.2301635742,23571,23581,10
13.0340795517,80.2304992676,23581,23591,10
13.0337696075,80.2304763794,23591,23601,10
13.0333204269,80.2304992676,23601,23611,10
13.0326700211,80.2305526733,23611,23622,11
13.0318498611,80.2306213379,23622,23632,10
13.0311002731,80.2306900024,23632,23642,10
13.0305204391,80.2307434082,23642,23652,10
13.0299196243,80.2308120728,23652,23662,10
13.0297899246,80.2308273315,23662,23672,10
13.029540062,80.2308502197,23672,23682,10
13.0290203094,80.2308883667,23682,23692,10
13.0284700394,80.2309417725,23692,23702,10
13.0279302597,80.23097229,23702,23713,11
13.0277004242,80.2312088013,23713,23723,10
13.0277004242,80.2316894531,23723,23733,10
13.027759552,80.2321777344,23733,23743,10
13.0278196335,80.2325820923,23743,23753,10
13.0276203156,80.2328186035,23753,23763,10
13.0271596909,80.2329025269,23763,23773,10
13.0268297195,80.2329711914,23773,23783,10
13.0264797211,80.2329101563,23783,23793,10
13.026260376,80.2323608398,23793,23803,10
13.0260601044,80.2315597534,23803,23814,11
13.0256996155,80.2304916382,23814,23824,10
13.0251302719,80.2296295166,23824,23834,10
13.0245599747,80.2289123535,23834,23844,10
13.0241804123,80.2284698486,23844,23854,10
13.0240402222,80.2283172607,23854,23864,10
13.0238800049,80.2281494141,23864,23874,10
13.0236301422,80.2278518677,23874,23884,10
13.0233001709,80.2275238037,23884,23894,10
13.0228300095,80.2270431519,23894,23904,10
13.022190094,80.2264328003,23904,23914,10
13.0214300156,80.2258377075,23914,23924,10
13.0207395554,80.2253189087,23924,23935,11
13.0200595856,80.2248764038,23935,23945,10
13.0195198059,80.2245407104,23945,23955,10
13.0187397003,80.2245330811,23955,23965,10
13.0178499222,80.2248687744,23965,23975,10
13.0169696808,80.2252426147,23975,23985,10
13.0163002014,80.2255096436,23985,23995,10
13.0157203674,80.225692749,23995,24005,10
13.0151100159,80.2259216309,24005,24015,10
13.0145597458,80.2261428833,24015,24026,11
13.0143404007,80.2262573242,24026,24036,10
13.0141897202,80.22631073,24036,24046,10
13.0136804581,80.2265014648,24046,24056,10
13.0129995346,80.2267837524,24056,24066,10
13.0122203827,80.2270812988,24066,24076,10
13.0113096237,80.2274475098,24076,24086,10
13.0103797913,80.2278213501,24086,24096,10
13.0095100403,80.228187561,24096,24106,10
13.0090999603,80.2289581299,24106,24117,11
13.0088596344,80.2302474976,24117,24127,10
13.0086402893,80.2313766479,24127,24137,10
13.0084495544,80.2323379517,24137,24147,10
13.0083303452,80.2331237793,24147,24157,10
13.0083198547,80.2334365845,24157,24167,10
13.0083198547,80.2334823608,24167,24177,10
13.0082302094,80.2337036133,24177,24187,10
13.0080900192,80.2341766357,24187,24197,10
13.0079402924,80.2348937988,24197,24207,10
13.0077600479,80.2357635498,24207,24217,10
13.0075397491,80.236869812,24217,24228,11
13.0073099136,80.2380371094,24228,24238,10
13.0071401596,80.2389068604,24238,24247,9
13.0070495605,80.2395477295,24247,24258,11
13.0069599152,80.2401504517,24258,24268,10
13.0068798065,80.240737915,24268,24278,10
13.0067901611,80.2414779663,24278,24288,10
13.0067396164,80.242477417,24288,24298,10
13.0066900253,80.243560791,24298,24308,10
13.0066404343,80.2445373535,24308,24318,10
13.0066604614,80.2453765869,24318,24329,11
13.0066900253,80.2464065552,24329,24339,10
13.0067100525,80.2473983765,24339,24349,10
13.0066900253,80.2484436035,24349,24359,10
13.0068302155,80.2493133545,24359,24369,10
13.0068397522,80.2495117188,24369,24379,10
13.0068702698,80.2497024536,24379,24395,16
13.0068597794,80.2503509521,24395,24407,12
13.0068302155,80.2513275146,24407,24415,8
13.0066995621,80.2520599365,24415,24428,13
13.0066099167,80.2533035278,24428,24437,9
13.0066204071,80.2543411255,24437,24448,11
13.0066299438,80.2554092407,24448,24458,10
13.0067396164,80.2573394775,24458,24559,101
13.0067396164,80.2573394775,24559,24569,10
13.0067596436,80.2573623657,24569,24579,10
13.0068998337,80.2577819824,24579,24589,10
13.0073204041,80.2584075928,24589,24599,10
13.0077199936,80.2586364746,24599,24608,9
13.007809639,80.2586898804,24608,24620,12
13.0083799362,80.2589111328,24620,24630,10
13.0092601776,80.2590637207,24630,24640,10
13.0103902817,80.2590713501,24640,24650,10
13.011639595,80.2590789795,24650,24660,10
13.0129404068,80.2591094971,24660,24670,10
13.0142402649,80.2591629028,24670,24680,10
13.0154695511,80.259262085,24680,24690,10
13.0163297653,80.2595977783,24690,24700,10
13.0164003372,80.2596588135,24700,24710,10
13.0167198181,80.2599182129,24710,24721,11
13.0174598694,80.2604064941,24721,24731,10
13.0183496475,80.2610092163,24731,24741,10
13.0190696716,80.2615737915,24741,24751,10
13.0197000504,80.2621078491,24751,24761,10
13.0201997757,80.2625579834,24761,24771,10
13.0202503204,80.2626419067,24771,24781,10
13.0206804276,80.2628173828,24781,24791,10
13.0214195251,80.2630462646,24791,24801,10
13.0220298767,80.2633285522,24801,24811,10
13.0223398209,80.2635116577,24811,24822,11
13.0230503082,80.2638931274,24822,24832,10
13.0237903595,80.2642974854,24832,24842,10
13.0244703293,80.2647094727,24842,24852,10
13.0251197815,80.2652282715,24852,24862,10
13.0258703232,80.2657012939,24862,24872,10
13.0262699127,80.2658691406,24872,24882,10
13.0263996124,80.2654571533,24882,24892,10
13.0264797211,80.2648162842,24892,24902,10
13.0265598297,80.2640075684,24902,24912,10
13.0265798569,80.2638931274,24912,24928,16
13.0267801285,80.2634124756,24928,24941,13
13.0275096893,80.2635879517,24941,24951,10
13.0281095505,80.2637634277,24951,24961,10
13.028960228,80.2639923096,24961,24971,10
13.0293197632,80.264251709,24971,24981,10
13.0293598175,80.2647476196,24981,24991,10
13.0292701721,80.2661437988,24991,25011,20
13.0292701721,80.2661437988,25011,25021,10
13.0292301178,80.2662963867,25021,25032,11
13.0292901993,80.2665634155,25032,25042,10
13.0296602249,80.2666015625,25042,25052,10
13.03028965,80.2667007446,25052,25061,9
13.0310096741,80.2668533325,25061,25072,11
13.0318803787,80.2671737671,25072,25082,10
13.032409668,80.2674636841,25082,25092,10
13.0334396362,80.2678222656,25092,25112,20
13.0334396362,80.2678222656,25112,25122,10
13.0335998535,80.267868042,25122,25133,11
13.0340299606,80.2679595947,25133,25143,10
13.0345602036,80.2680130005,25143,25163,20
13.0345602036,80.2680130005,25163,25173,10
13.0344600677,80.2681274414,25173,25183,10
13.0341396332,80.2680206299,25183,25193,10
13.033370018,80.2678604126,25193,25456,263
13.033370018,80.2678604126,25456,25466,10
13.0331802368,80.2677536011,25466,25476,10
13.0328397751,80.2676925659,25476,25486,10
13.0326004028,80.2675094604,25486,25496,10
13.0323400497,80.2673721313,25496,25506,10
13.0318803787,80.2671585083,25506,25516,10
13.0313396454,80.2669525146,25516,25527,11
13.0307598114,80.2667617798,25527,25537,10
13.0298500061,80.2666397095,25537,25557,20
13.0298500061,80.2666397095,25557,25567,10
13.0296001434,80.2666015625,25567,25577,10
13.0293397903,80.2665710449,25577,25587,10
13.0290403366,80.2664413452,25587,25597,10
13.0285396576,80.2663497925,25597,25607,10
13.0280895233,80.2662200928,25607,25617,10
13.0275497437,80.2661209106,25617,25628,11
13.0269699097,80.2660293579,25628,25638,10
13.0265302658,80.2659683228,25638,25648,10
13.0261497498,80.265838623,25648,25658,10
13.0257301331,80.265586853,25658,25668,10
13.0253200531,80.2653274536,25668,25688,20
13.0253200531,80.2653274536,25688,25698,10
13.0250396729,80.2651062012,25698,25708,10
13.024720192,80.2648696899,25708,25718,10
13.0242004395,80.2645187378,25718,25728,10
13.0236597061,80.2642288208,25728,25739,11
13.0229701996,80.2638702393,25739,25749,10
13.0221796036,80.2634811401,25749,25769,20
13.0221796036,80.2634811401,25769,25779,10
13.0219697952,80.2633590698,25779,25789,10
13.0215902328,80.2631988525,25789,25799,10
13.021030426,80.2630767822,25799,25809,10
13.0203895569,80.2630310059,25809,25819,10
13.0198802948,80.2630004883,25819,25830,11
13.0192699432,80.2629394531,25830,25840,10
13.018989563,80.2627182007,25840,25850,10
13.0189304352,80.2621917725,25850,25860,10
13.018819809,80.2616119385,25860,25870,10
13.0186004639,80.2612228394,25870,25880,10
13.0181999207,80.2609786987,25880,25890,10
13.0176801682,80.2606277466,25890,25900,10
13.0170202255,80.2601928711,25900,25910,10
13.0162496567,80.2597579956,25910,25920,10
13.0160999298,80.2596817017,25920,25931,11
13.0159397125,80.2595901489,25931,25941,10
13.0153999329,80.2594223022,25941,25951,10
13.0145902634,80.2593002319,25951,25961,10
13.0136299133,80.259262085,25961,25971,10
13.0125303268,80.2592163086,25971,25981,10
13.0115404129,80.2591781616,25981,25991,10
13.0099401474,80.2592315674,25991,26011,20
13.0099401474,80.2592315674,26011,26021,10
13.0096998215,80.2592010498,26021,26032,11
13.0090799332,80.259147644,26032,26042,10
13.0088996887,80.2591705322,26042,26052,10
13.0085000992,80.2591705322,26052,26062,10
13.0079202652,80.2592697144,26062,26072,10
13.0074396133,80.2591705322,26072,26082,10
13.007229805,80.2586593628,26082,26092,10
13.0070199966,80.2582778931,26092,26102,10
13.0065803528,80.2577133179,26102,26143,41
13.0065803528,80.2577133179,26143,26153,10
13.0065402985,80.2572174072,26153,26163,10
13.0064697266,80.2566604614,26163,26173,10
13.0064897537,80.2557678223,26173,26183,10
13.0065698624,80.2548522949,26183,26193,10
13.0065803528,80.2539672852,26193,26203,10
13.0065803528,80.2530212402,26203,26223,20
13.0065803528,80.2530212402,26223,26234,11
13.0065803528,80.2526168823,26234,26244,10
13.0066204071,80.2522506714,26244,26254,10
13.0066995621,80.2516784668,26254,26264,10
13.0068798065,80.2510910034,26264,26274,10
13.0068902969,80.2504196167,26274,26284,10
13.0068597794,80.2497787476,26284,26294,10
13.006819725,80.2490615845,26294,26303,9
13.0067300797,80.2481384277,26303,26335,32
13.0067300797,80.2481384277,26335,26345,10
13.0066795349,80.248008728,26345,26355,10
13.0066900253,80.247467041,26355,26365,10
13.0066604614,80.2468566895,26365,26375,10
13.0066404343,80.2468032837,26375,26385,10
13.0066099167,80.2467575073,26385,26395,10
13.0066404343,80.2464065552,26395,26405,10
13.0066604614,80.2457733154,26405,26415,10
13.0066699982,80.244972229,26415,26425,10
13.0066404343,80.2441864014,26425,26436,11
13.0066204071,80.2432785034,26436,26446,10
13.0066003799,80.2422332764,26446,26456,10
13.006649971,80.2411575317,26456,26466,10
13.0067396164,80.2407302856,26466,26476,10
13.0067596436,80.2405014038,26476,26486,10
13.0068597794,80.2401275635,26486,26496,10
13.0070199966,80.239440918,26496,26506,10
13.0071802139,80.2384796143,26506,26516,10
13.007349968,80.2375564575,26516,26526,10
13.0074195862,80.2370223999,26526,26537,11
13.0074596405,80.2368087769,26537,26547,10
13.0075597763,80.2364196777,26547,26557,10
13.0077199936,80.2357635498,26557,26567,10
13.007900238,80.2348403931,26567,26577,10
13.0081195831,80.2337112427,26577,26587,10
13.0083799362,80.2323532104,26587,26603,16
13.0087995529,80.2301712036,26603,26616,13
13.0091295242,80.2285079956,26616,26626,10
13.0094299316,80.2276229858,26626,26636,10
13.0100297928,80.2263031006,26636,26647,11
13.0104999542,80.2253494263,26647,26657,10
13.010890007,80.2245635986,26657,26666,9
13.011179924,80.2238998413,26666,26677,11
13.0114803314,80.2231521606,26677,26687,10
13.011759758,80.2224273682,26687,26696,9
13.0120401382,80.2216873169,26696,26707,11
13.0123500824,80.2214736938,26707,26717,10
13.0125999451,80.2217636108,26717,26727,10
13.0130195618,80.2223587036,26727,26738,11
13.0137796402,80.2231674194,26738,26748,10
13.0144796371,80.2239837646,26748,26758,10
13.0149803162,80.2244873047,26758,26768,10
13.015080452,80.2245788574,26768,26778,10
13.0152997971,80.2247924805,26778,26788,10
13.0155601501,80.2249679565,26788,26818,30
13.0155601501,80.2249679565,26818,26828,10
13.0157299042,80.225112915,26828,26839,11
13.0162296295,80.2253494263,26839,26849,10
13.0169200897,80.2251968384,26849,26859,10
13.0178403854,80.2248535156,26859,26869,10
13.0189599991,80.2244262695,26869,26879,10
13.021109581,80.2255172729,26879,26889,10
13.021109581,80.2255172729,26889,26899,10
13.0219802856,80.2261276245,26899,26909,10
13.022069931,80.2261962891,26909,26919,10
13.0223798752,80.2265090942,26919,26929,10
13.0229902267,80.2270812988,26929,26940,11
13.0239200592,80.2279663086,26940,26950,10
13.0246696472,80.2289276123,26950,26961,11
13.0254802704,80.2300109863,26961,26971,10
13.0258998871,80.23072052,26971,26981,10
13.0259599686,80.2308578491,26981,27000,19
13.0259599686,80.2308578491,27000,27011,11
13.0260400772,80.2311630249,27011,27021,10
13.0263595581,80.231300354,27021,27032,11
13.027179718,80.231086731,27032,27043,11
13.0280799866,80.2309417725,27043,27053,10
13.0285301208,80.2308883667,27053,27063,10
13.0287904739,80.2308578491,27063,27073,10
13.0293998718,80.2308197021,27073,27083,10
13.0300102234,80.2307662964,27083,27093,10
13.0306396484,80.23072052,27093,27103,10
13.030670166,80.2307128906,27103,27113,10
13.0309400558,80.2307128906,27113,27123,10
13.0315799713,80.2306594849,27123,27134,11
13.0325202942,80.2305679321,27134,27144,10
13.0335798264,80.2304992676,27144,27154,10
13.0344800949,80.2303924561,27154,27164,10
13.0349502563,80.23021698,27164,27174,10
13.0348396301,80.2300262451,27174,27437,263
13.0344896317,80.2300415039,27437,29243,1806
13.0344896317,80.2300415039,29243,29253,10
13.0341901779,80.2302322388,29253,29263,10
13.034119606,80.2304229736,29263,29273,10
13.0337200165,80.2304382324,29273,29283,10
13.0335102081,80.23046875,29283,29293,10
13.0333795547,80.230506897,29293,29303,10
13.0330400467,80.2305374146,29303,29313,10
13.0326404572,80.2305831909,29313,29323,10
13.0319900513,80.2306518555,29323,29333,10
13.0311698914,80.23072052,29333,29343,10
13.0307502747,80.230758667,29343,29354,11
13.030579567,80.2307662964,29354,29364,10
13.0299301147,80.2308273315,29364,29394,30
13.0299301147,80.2308273315,29394,29404,10
13.0297203064,80.2308502197,29404,29414,10
13.0293397903,80.2308807373,29414,29424,10
13.0287399292,80.2309417725,29424,29434,10
13.0280399323,80.2310028076,29434,29443,9
13.0277004242,80.2310714722,29443,29455,12
13.0277004242,80.2316207886,29455,29465,10
13.0277996063,80.2322311401,29465,29475,10
13.0278701782,80.2327423096,29475,29485,10
13.027009964,80.2329177856,29485,29505,20
13.027009964,80.2329177856,29505,29515,10
13.0269403458,80.2329788208,29515,29525,10
13.0266704559,80.2330322266,29525,29535,10
13.0263900757,80.2328109741,29535,29545,10
13.0262002945,80.2322235107,29545,29556,11
13.0260000229,80.2314605713,29556,29566,10
13.0257797241,80.230758667,29566,29576,10
13.0254402161,80.2301635742,29576,29636,60
13.0254402161,80.2301635742,29636,29646,10
13.0253200531,80.2300415039,29646,29657,11
13.0250301361,80.229598999,29657,29667,10
13.0246400833,80.2290725708,29667,29677,10
13.0246095657,80.2290420532,29677,29687,10
13.0244998932,80.2288894653,29687,29697,10
13.0239896774,80.2282791138,29697,29717,20
13.0239896774,80.2282791138,29717,29727,10
13.0238103867,80.2280502319,29727,29737,10
13.0234298706,80.2276611328,29737,29747,10
13.0228996277,80.2271575928,29747,29758,11
13.0221796036,80.2265014648,29758,29768,10
13.0214595795,80.2258911133,29768,29778,10
13.0206203461,80.2252426147,29778,29788,10
13.019610405,80.2246017456,29788,29798,10
13.0184297562,80.2246322632,29798,29808,10
13.0173397064,80.2250823975,29808,29818,10
13.0166797638,80.2253570557,29818,29828,10
13.0158700943,80.2256622314,29828,29838,10
13.0151901245,80.2259292603,29838,29848,10
13.01445961,80.2262268066,29848,29869,21
13.01445961,80.2262268066,29869,29879,10
13.0143995285,80.2262496948,29879,29889,10
13.0141201019,80.2263565063,29889,29899,10
13.0135602951,80.2265625,29899,29909,10
13.0128898621,80.2268295288,29909,29919,10
13.0121297836,80.2271194458,29919,29935,16
13.0107498169,80.2276916504,29935,29947,12
13.0097398758,80.2280883789,29947,29955,8
13.0092000961,80.2285232544,29955,29967,12
13.0089302063,80.2297363281,29967,29978,11
13.0086698532,80.2311019897,29978,29988,10
13.0084400177,80.2322921753,29988,29997,9
13.0082998276,80.2331924438,29997,30008,11
13.0082702637,80.2335662842,30008,30018,10
13.0081996918,80.2337265015,30018,30028,10
13.0080795288,80.2342300415,30028,30038,10
13.0079498291,80.2349472046,30038,30048,10
13.0078001022,80.2357177734,30048,30060,12
13.0075798035,80.236831665,30060,30070,10
13.0073900223,80.2378082275,30070,30080,10
13.0072498322,80.2385787964,30080,30090,10
13.0070695877,80.2395019531,30090,30100,10
13.0069503784,80.2403106689,30100,30110,10
13.0068902969,80.2407836914,30110,30120,10
13.0068702698,80.2409133911,30120,30130,10
13.0067996979,80.2413330078,30130,30140,10
13.0067596436,80.2421569824,30140,30150,10
13.0067195892,80.2431182861,30150,30161,11
13.0066995621,80.2443237305,30161,30171,10
13.0066900253,80.2454910278,30171,30181,10
13.0067195892,80.246383667,30181,30191,10
13.0067195892,80.247428894,30191,30201,10
13.0067501068,80.2485122681,30201,30211,10
13.0068702698,80.2492828369,30211,30241,30
13.0068702698,80.2492828369,30241,30251,10
13.0068798065,80.24949646,30251,30262,11
13.0068597794,80.2501525879,30262,30272,10
13.006819725,80.2509002686,30272,30282,10
13.006819725,80.251121521,30282,30292,10
13.0067796707,80.2514801025,30292,30302,10
13.0066604614,80.2520294189,30302,30312,10
13.0065698624,80.2527389526,30312,30322,10
13.0065698624,80.2536621094,30322,30332,10
13.0065898895,80.2544326782,30332,30342,10
13.0066204071,80.2550811768,30342,30352,10
13.0066404343,80.2559509277,30352,30363,11
13.0066604614,80.2568283081,30363,30373,10
13.0067996979,80.2576904297,30373,30383,10
13.0077199936,80.2586517334,30383,30403,20
13.0077199936,80.2586517334,30403,30413,10
13.0078201294,80.2586975098,30413,30423,10
13.0082902908,80.2589035034,30423,30433,10
13.0090904236,80.2590713501,30433,30443,10
13.0101203918,80.2590484619,30443,30453,10
13.0113401413,80.2590408325,30453,30464,11
13.0127601624,80.2591094971,30464,30474,10
13.0141000748,80.2591629028,30474,30484,10
13.0153999329,80.2592086792,30484,30494,10
13.0165395737,80.259727478,30494,30514,20
13.0165395737,80.259727478,30514,30524,10
13.0166196823,80.2598114014,30524,30534,10
13.0170602798,80.2601394653,30534,30544,10
13.0177602768,80.2606124878,30544,30554,10
13.0185899734,80.2611694336,30554,30565,11
13.0193195343,80.2617874146,30565,30575,10
13.0197601318,80.2622909546,30575,30585,10
13.0202302933,80.2626190186,30585,30595,10
13.0202798843,80.2626419067,30595,30605,10
13.0206699371,80.262802124,30605,30615,10
13.0212697983,80.2630081177,30615,30625,10
13.0219602585,80.2632675171,30625,30635,10
13.0222997665,80.2634506226,30635,30645,10
13.0228700638,80.2637405396,30645,30655,10
13.023059845,80.2638778687,30655,30666,11
13.0231800079,80.2639465332,30666,30676,10
13.0236196518,80.2641677856,30676,30686,10
13.0242900848,80.2645721436,30686,30696,10
13.0248804092,80.2650299072,30696,30706,10
13.02546978,80.2654571533,30706,30716,10
13.0261297226,80.2658462524,30716,30726,10
13.0263595581,80.2655792236,30726,30736,10
13.0264196396,80.2648162842,30736,30746,10
13.0265102386,80.2640228271,30746,30756,10
13.0265197754,80.263961792,30756,30767,11
13.0265703201,80.2637329102,30767,30777,10
13.0266799927,80.2633666992,30777,30787,10
13.0270996094,80.263458252,30787,30797,10
13.0276603699,80.2635574341,30797,30807,10
13.0282897949,80.2637481689,30807,30817,10
13.0283002853,80.2637634277,30817,30827,10
13.0286502838,80.2638397217,30827,30837,10
13.0291900635,80.2640075684,30837,30847,10
13.0293102264,80.2643280029,30847,30857,10
13.029299736,80.2649765015,30857,30868,11
13.0292596817,80.2657775879,30868,30877,9
13.0292396545,80.2660293579,30877,30888,11
13.0292596817,80.2661437988,30888,30898,10
13.0292196274,80.2664489746,30898,30908,10
13.0294904709,80.2665634155,30908,30917,9
13.0299797058,80.2666625977,30917,30928,11
13.0308504105,80.2667922974,30928,30938,10
13.0316801071,80.2670822144,30938,30948,10
13.0323295593,80.2673568726,30948,30958,10
13.0326795578,80.267578125,30958,30969,11
13.0334997177,80.2678222656,30969,30989,20
13.0334997177,80.2678222656,30989,30999,10
13.0335798264,80.2678070068,30999,31009,10
13.0339603424,80.2678985596,31009,31019,10
13.0345001221,80.2679595947,31019,31029,10
13.0346002579,80.2680511475,31029,31039,10
13.0344400406,80.2680664063,31039,31049,10
13.0341501236,80.2679824829,31049,31059,10
13.0336103439,80.267868042,31059,31219,160
13.0334796906,80.2678604126,31219,31330,111
13.0334796906,80.2678604126,31330,31340,10
13.0331296921,80.2677612305,31340,31350,10
13.0328598022,80.2677307129,31350,31360,10
13.03262043,80.267578125,31360,31371,11
13.0323801041,80.2674102783,31371,31381,10
13.0319404602,80.2671966553,31381,31391,10
13.0314102173,80.2669677734,31391,31401,10
13.0307502747,80.2667770386,31401,31411,10
13.0298204422,80.2666473389,31411,31431,20
13.0298204422,80.2666473389,31431,31441,10
13.029589653,80.2666015625,31441,31451,10
13.0292901993,80.2665023804,31451,31461,10
13.0289201736,80.2664108276,31461,31472,11
13.0284204483,80.2662963867,31472,31482,10
13.0280599594,80.2661972046,31482,31492,10
13.0276203156,80.2661209106,31492,31502,10
13.0270996094,80.2660903931,31502,31512,10
13.0266599655,80.2660293579,31512,31522,10
13.0263004303,80.2659378052,31522,31532,10
13.0258903503,80.2657165527,31532,31542,10
13.025270462,80.26537323,31542,31562,20
13.025270462,80.26537323,31562,31573,11
13.0250396729,80.2651596069,31573,31583,10
13.0246400833,80.2648620605,31583,31593,10
13.0241098404,80.2644805908,31593,31603,10
13.023440361,80.2641296387,31603,31613,10
13.0227804184,80.2637786865,31613,31623,10
13.0221595764,80.2634277344,31623,31633,10
13.0221300125,80.2633972168,31633,31643,10
13.0219802856,80.2633590698,31643,31653,10
13.0217399597,80.2632217407,31653,31663,10
13.0212802887,80.2630691528,31663,31674,11
13.0205097198,80.2630386353,31674,31684,10
13.0199298859,80.2630310059,31684,31694,10
13.0192604065,80.2629699707,31694,31704,10
13.018989563,80.262588501,31704,31714,10
13.0188598633,80.2617492676,31714,31724,10
13.0185604095,80.2611999512,31724,31734,10
13.0179100037,80.2607727051,31734,31744,10
13.0171098709,80.2602310181,31744,31754,10
13.0162296295,80.2597427368,31754,31775,21
13.0162296295,80.2597427368,31775,31785,10
13.0160999298,80.2596817017,31785,31795,10
13.0156002045,80.2594680786,31795,31805,10
13.0148000717,80.2593307495,31805,31815,10
13.0138597488,80.2593002319,31815,31825,10
13.0126800537,80.2592468262,31825,31835,10
13.0115995407,80.2592010498,31835,31845,10
13.010720253,80.2592010498,31845,31855,10
13.010020256,80.2592697144,31855,31865,10
13.0099201202,80.259262085,31865,31876,11
13.0097198486,80.2592468262,31876,31886,10
13.0092401505,80.259262085,31886,31896,10
13.0087995529,80.259262085,31896,31906,10
13.0083799362,80.2592010498,31906,31916,10
13.0076999664,80.2593688965,31916,31926,10
13.0072898865,80.2589035034,31926,31936,10
13.0072002411,80.2586975098,31936,31946,10
13.0071401596,80.2585906982,31946,31956,10
13.0068798065,80.2581329346,31956,31966,10
13.0065402985,80.2576904297,31966,32088,122
13.0065402985,80.2576904297,32088,32098,10
13.006480217,80.2575683594,32098,32108,10
13.0064401627,80.257019043,32108,32118,10
13.0064601898,80.2561264038,32118,32128,10
13.006480217,80.2553024292,32128,32138,10
13.0065002441,80.2545394897,32138,32148,10
13.006480217,80.2535400391,32148,32158,10
13.0064697266,80.2531661987,32158,32168,10
13.006480217,80.2530212402,32168,32179,11
13.0065202713,80.2523422241,32179,32189,10
13.0066003799,80.2518768311,32189,32249,60
13.0066003799,80.2518768311,32249,32259,10
13.0066699982,80.2518081665,32259,32269,10
13.0067396164,80.2513809204,32269,32280,11
13.0067501068,80.25050354,32280,32290,10
13.0067195892,80.2496871948,32290,32300,10
13.0067396164,80.2496185303,32300,32310,10
13.0067195892,80.2491836548,32310,32320,10
13.0066699982,80.2484817505,32320,32330,10
13.0066404343,80.2477874756,32330,32340,10
13.006649971,80.2476577759,32340,32350,10
13.0066795349,80.2474975586,32350,32360,10
13.0065803528,80.2466964722,32360,32381,21
13.0065803528,80.2466964722,32381,32391,10
13.0066204071,80.2463378906,32391,32401,10
13.0066204071,80.2456207275,32401,32411,10
13.0066099167,80.2448196411,32411,32421,10
13.0066204071,80.2439575195,32421,32431,10
13.0065803528,80.2432479858,32431,32441,10
13.0065498352,80.2423477173,32441,32451,10
13.0065402985,80.2415771484,32451,32461,10
13.0065402985,80.2415466309,32461,32471,10
13.0065898895,80.2412033081,32471,32482,11
13.0066795349,80.240562439,32482,32492,10
13.0067195892,80.2400970459,32492,32502,10
13.0068902969,80.2394790649,32502,32512,10
13.0070800781,80.2385406494,32512,32522,10
13.0073099136,80.2375335693,32522,32532,10
13.0074195862,80.2367477417,32532,32542,10
13.0074396133,80.2366867065,32542,32552,10
13.0075101852,80.2364425659,32552,32562,10
13.0076398849,80.2358779907,32562,32572,10
13.0077800751,80.2352218628,32572,32583,11
13.0079698563,80.2342987061,32583,32593,10
13.0081501007,80.2333984375,32593,32603,10
13.0083398819,80.2323989868,32603,32613,10
13.0085697174,80.231262207,32613,32623,10
13.008769989,80.2301712036,32623,32633,10
13.0089797974,80.2290725708,32633,32643,10
13.0092401505,80.2280273438,32643,32653,10
13.0097198486,80.2269821167,32653,32663,10
13.0102396011,80.2258987427,32663,32673,10
13.0107097626,80.224937439,32673,32683,10
13.011059761,80.2241821289,32683,32694,11
13.0113897324,80.2234191895,32694,32704,10
13.0116996765,80.2226333618,32704,32714,10
13.0120201111,80.2217636108,32714,32724,10
13.0123596191,80.2214813232,32724,32734,10
13.0125999451,80.2218475342,32734,32744,10
13.0130796432,80.2224731445,32744,32754,10
13.0137300491,80.2231216431,32754,32764,10
13.0142402649,80.2235336304,32764,32774,10
13.0144500732,80.2238006592,32774,32784,10
13.014960289,80.2245025635,32784,32815,31
13.014960289,80.2245025635,32815,32825,10
13.015080452,80.224609375,32825,32835,10
13.0153999329,80.2248764038,32835,32845,10
13.0156002045,80.2250289917,32845,32855,10
13.0157604218,80.2251815796,32855,32865,10
13.0162601471,80.2253112793,32865,32875,10
13.0168504715,80.225189209,32875,32885,10
13.0176200867,80.224899292,32885,32896,11
13.0184898376,80.2245407104,32896,32906,10
13.0193099976,80.2243728638,32906,32916,10
13.0196304321,80.2244796753,32916,32926,10
13.019900322,80.2246627808,32926,32936,10
13.020409584,80.2250366211,32936,32946,10
13.0209903717,80.2254486084,32946,32956,10
13.0214700699,80.2258224487,32956,32966,10
13.0220098495,80.2261734009,32966,32976,10
13.0220298767,80.2261810303,32976,32987,11
13.0222196579,80.226348877,32987,32997,10
13.0226602554,80.2267379761,32997,33007,10
13.0232896805,80.2273483276,33007,33017,10
13.023900032,80.2278823853,33017,33027,10
13.0243196487,80.2283706665,33027,33037,10
13.0246496201,80.2288665771,33037,33047,10
13.024939537,80.2292480469,33047,33057,10
13.0254001617,80.2298202515,33057,33067,10
13.0257797241,80.2304611206,33067,33077,10
13.0260000229,80.2310409546,33077,33087,10
13.02602005,80.2312774658,33087,33098,11
13.0262699127,80.2313537598,33098,33108,10
13.0269498825,80.2311630249,33108,33118,10
13.0276899338,80.2309799194,33118,33128,10
13.0284204483,80.2309417725,33128,33138,10
13.0284795761,80.2309265137,33138,33148,10
13.0287504196,80.2308731079,33148,33158,10
13.0291700363,80.2308120728,33158,33168,10
13.029709816,80.230758667,33168,33178,10
13.0304498672,80.2307128906,33178,33189,11
13.0309495926,80.2306671143,33189,33199,10
13.0311698914,80.2306518555,33199,33209,10
13.0317602158,80.2305984497,33209,33218,9
13.0324001312,80.2305526733,33218,33229,11
13.0334701538,80.2304534912,33229,33249,20
13.0334701538,80.2304534912,33249,33259,10
13.0336503983,80.2304000854,33259,33269,10
13.0339202881,80.2303771973,33269,33279,10
13.034239769,80.2303771973,33279,33289,10
13.0345697403,80.2303009033,33289,33300,11
13.0347900391,80.23021698,33300,33310,10
13.0349798203,80.2300796509,33310,33320,10
13.0350103378,80.2300491333,33320,33330,10
13.0350704193,80.229927063,33330,33340,10
13.0349397659,80.2297821045,33340,33391,51
13.0345401764,80.2297821045,33391,33704,313
13.0345401764,80.2297821045,33704,33714,10
13.0341997147,80.2299423218,33714,33865,151
13.0343904495,80.2300186157,33865,34260,395
13.034239769,80.2300872803,34260,34533,273
13.034239769,80.2300872803,34533,34543,10
13.034119606,80.2304534912,34543,34553,10
13.0338802338,80.2304534912,34553,34563,10
13.0335597992,80.23046875,34563,34573,10
13.0335197449,80.23046875,34573,34583,10
13.0331201553,80.2304763794,34583,34593,10
13.0323801041,80.2305374146,34593,34603,10
13.0314998627,80.2306213379,34603,34614,11
13.0306997299,80.230682373,34614,34624,10
13.0300598145,80.2307510376,34624,34634,10
13.0298595428,80.2307891846,34634,34644,10
13.0297403336,80.2308197021,34644,34654,10
13.0292596817,80.2308578491,34654,34664,10
13.0285701752,80.2309188843,34664,34674,10
13.0279302597,80.2309875488,34674,34684,10
13.0277500153,80.2312698364,34684,34694,10
13.0277795792,80.2318725586,34694,34704,10
13.0278701782,80.2324829102,34704,34715,11
13.0276498795,80.2327804565,34715,34725,10
13.0270595551,80.2329025269,34725,34735,10
13.0267496109,80.2329406738,34735,34745,10
13.0263996124,80.2326202393,34745,34755,10
13.0261602402,80.2318572998,34755,34765,10
13.0259504318,80.2310028076,34765,34775,10
13.0254201889,80.2300033569,34775,34785,10
13.0248498917,80.2292709351,34785,34795,10
13.0245304108,80.2288589478,34795,34805,10
13.0240898132,80.2283630371,34805,34816,11
13.024020195,80.2282562256,34816,34826,10
13.0239295959,80.2281417847,34826,34836,10
13.0236797333,80.2278518677,34836,34846,10
13.0232696533,80.2274398804,34846,34856,10
13.0227003098,80.2269592285,34856,34866,10
13.0218400955,80.2262268066,34866,34875,9
13.0212497711,80.2257232666,34875,34885,10
13.0205097198,80.2251815796,34885,34896,11
13.0199604034,80.2248535156,34896,34905,9
13.0198802948,80.2247695923,34905,34915,10
13.019370079,80.2245407104,34915,34927,12
13.0182695389,80.2247390747,34927,34937,10
13.0171604156,80.2251586914,34937,34947,10
13.0163602829,80.225479126,34947,34957,10
13.0156497955,80.2257232666,34957,34967,10
13.0150899887,80.225982666,34967,34977,10
13.0147600174,80.2260971069,34977,34987,10
13.0143995285,80.2262496948,34987,35017,30
13.0143995285,80.2262496948,35017,35028,11
13.0140199661,80.226348877,35028,35038,10
13.0134496689,80.2265701294,35038,35048,10
13.0127601624,80.2268371582,35048,35058,10
13.0119895935,80.2271575928,35058,35068,10
13.0112104416,80.2275009155,35068,35078,10
13.0106496811,80.2277526855,35078,35217,139
13.0106496811,80.2277526855,35217,35228,11
13.0102300644,80.2279205322,35228,35238,10
13.0095901489,80.2281570435,35238,35248,10
13.0090999603,80.228843689,35248,35258,10
13.008890152,80.2299423218,35258,35268,10
13.0086402893,80.2311935425,35268,35278,10
13.0083799362,80.2325286865,35278,35288,10
13.0082597733,80.2334976196,35288,35298,10
13.0082302094,80.2335891724,35298,35308,10
13.0082101822,80.2336730957,35308,35318,10
13.008099556,80.2340621948,35318,35329,11
13.0079498291,80.2347869873,35329,35339,10
13.0077695847,80.2357711792,35339,35349,10
13.0075597763,80.2368011475,35349,35359,10
13.0073699951,80.2377166748,35359,35375,16
13.0071601868,80.2389526367,35375,35387,12
13.0070295334,80.2396774292,35387,35395,8
13.0069704056,80.2399978638,35395,35417,22
13.0069704056,80.2399978638,35417,35427,10
13.0068702698,80.2405776978,35427,35447,20
13.0068702698,80.2405776978,35447,35458,11
13.006819725,80.2406921387,35458,35468,10
13.0067596436,80.2410430908,35468,35478,10
13.0067195892,80.2416381836,35478,35488,10
13.0067396164,80.2423934937,35488,35498,10
13.0066995621,80.2431716919,35498,35508,10
13.0066995621,80.2439575195,35508,35518,10
13.0067100525,80.2449569702,35518,35529,11
13.0067195892,80.2459793091,35529,35539,10
13.0067501068,80.2469863892,35539,35549,10
13.0067396164,80.2479782104,35549,35559,10
13.0068101883,80.2489929199,35559,35569,10
13.0068998337,80.2495803833,35569,35609,40
13.0068998337,80.2495803833,35609,35619,10
13.0069704056,80.2498092651,35619,35629,10
13.0069303513,80.2503433228,35629,35640,11
13.0069103241,80.2510604858,35640,35650,10
13.0067901611,80.2518234253,35650,35660,10
13.0066795349,80.2526931763,35660,35670,10
13.0066604614,80.2536621094,35670,35680,10
13.0066699982,80.2545700073,35680,35690,10
13.0066699982,80.2554626465,35690,35700,10
13.0066795349,80.2563400269,35700,35710,10
13.0066995621,80.2570495605,35710,35801,91
13.0066995621,80.2570495605,35801,35811,10
13.0067300797,80.25730896,35811,35821,10
13.0068702698,80.2577819824,35821,35831,10
13.0077104568,80.2586212158,35831,35852,21
13.0077104568,80.2586212158,35852,35861,9
13.0077800751,80.2586593628,35861,35872,11
13.008190155,80.2588577271,35872,35882,10
13.0088596344,80.2590637207,35882,35892,10
13.0097198486,80.2590789795,35892,35902,10
13.0108203888,80.2590789795,35902,35912,10
13.0120201111,80.2590866089,35912,35922,10
13.0133304596,80.2591171265,35922,35932,10
13.0146198273,80.2591781616,35932,35943,11
13.0165195465,80.2597427368,35943,35973,30
13.0165195465,80.2597427368,35973,35983,10
13.0166501999,80.2598800659,35983,35993,10
13.0171499252,80.2602310181,35993,36003,10
13.0179004669,80.2607421875,36003,36013,10
13.0187397003,80.2613372803,36013,36023,10
13.0192499161,80.261756897,36023,36033,10
13.0197401047,80.2622680664,36033,36044,11
13.0201597214,80.262588501,36044,36054,10
13.0203199387,80.2627029419,36054,36064,10
13.0208997726,80.2629013062,36064,36074,10
13.021730423,80.2631988525,36074,36084,10
13.0221300125,80.2633972168,36084,36094,10
13.022649765,80.263671875,36094,36104,10
13.0229597092,80.2638168335,36104,36114,10
13.023059845,80.2638778687,36114,36124,10
13.0234298706,80.2641067505,36124,36134,10
13.0241298676,80.2645111084,36134,36145,11
13.0247097015,80.2649536133,36145,36155,10
13.0253295898,80.2654037476,36155,36165,10
13.0259399414,80.2657623291,36165,36174,9
13.0260601044,80.2658081055,36174,36185,11
13.0262899399,80.2658004761,36185,36195,10
13.0263595581,80.2652435303,36195,36205,10
13.0264501572,80.2644119263,36205,36215,10
13.0265197754,80.2639465332,36215,36225,10
13.0265703201,80.2638168335,36225,36235,10
13.0266399384,80.2633972168,36235,36246,11
13.0271196365,80.263458252,36246,36256,10
13.0276403427,80.2635879517,36256,36266,10
13.0281600952,80.2637481689,36266,36276,10
13.0282297134,80.2637634277,36276,36286,10
13.0283603668,80.2638015747,36286,36296,10
13.0288295746,80.2639465332,36296,36306,10
13.0292797089,80.2641525269,36306,36322,16
13.0293102264,80.2650299072,36322,36334,12
13.0292797089,80.2658996582,36334,36355,21
13.0292797089,80.2658996582,36355,36365,10
13.0292301178,80.2663803101,36365,36375,10
13.0294904709,80.2665405273,36375,36385,10
13.030090332,80.2666473389,36385,36395,10
13.0308103561,80.266746521,36395,36405,10
13.0314903259,80.2669906616,36405,36415,10
13.0320501328,80.2672424316,36415,36425,10
13.0323400497,80.2673797607,36425,36435,10
13.0326299667,80.2676010132,36435,36445,10
13.0333404541,80.2677612305,36445,36486,41
13.0333404541,80.2677612305,36486,36496,10
13.0335102081,80.2678222656,36496,36506,10
13.0336303711,80.2678604126,36506,36516,10
13.0338001251,80.2678909302,36516,36526,10
13.0340299606,80.2679367065,36526,36535,9
13.0344600677,80.2679824829,36535,36547,12
13.0345401764,80.2679901123,36547,36557,10
13.0344896317,80.2681274414,36557,36567,10
13.0342998505,80.2680282593,36567,36577,10
13.0338201523,80.2678985596,36577,36587,10
13.0333900452,80.2678527832,36587,37142,555
13.0333900452,80.2678527832,37142,37152,10
13.033200264,80.2677764893,37152,37163,11
13.032790184,80.2676773071,37163,37173,10
13.0325098038,80.2674407959,37173,37183,10
13.0320501328,80.2672424316,37183,37193,10
13.0314702988,80.2669906616,37193,37203,10
13.0309200287,80.2668380737,37203,37213,10
13.0303401947,80.2667236328,37213,37223,10
13.0299596786,80.2666473389,37223,37233,10
13.0298595428,80.2666397095,37233,37243,10
13.0295000076,80.2666015625,37243,37253,10
13.0292196274,80.266456604,37253,37264,11
13.0286102295,80.2662963867,37264,37280,16
13.0277700424,80.2661590576,37280,37292,12
13.0270996094,80.2660980225,37292,37301,9
13.0267400742,80.2660217285,37301,37312,11
13.0263795853,80.2659378052,37312,37322,10
13.0256795883,80.2655715942,37322,37342,20
13.0256795883,80.2655715942,37342,37352,10
13.0255298615,80.2654800415,37352,37362,10
13.0252599716,80.2653198242,37362,37383,21
13.0252599716,80.2653198242,37383,37393,10
13.0250396729,80.2651824951,37393,37403,10
13.0246200562,80.2648391724,37403,37414,11
13.024020195,80.2644195557,37414,37424,10
13.0232496262,80.2640075684,37424,37434,10
13.0225896835,80.2636489868,37434,37444,10
13.0221395493,80.2634429932,37444,37454,10
13.0220804214,80.2633895874,37454,37465,11
13.0218296051,80.2632827759,37465,37475,10
13.0211801529,80.2630462646,37475,37485,10
13.0203399658,80.2630081177,37485,37495,10
13.0197601318,80.2629699707,37495,37505,10
13.0191402435,80.2629013062,37505,37515,10
13.0189199448,80.2623214722,37515,37525,10
13.0187597275,80.2615127563,37525,37535,10
13.0181398392,80.2609481812,37535,37545,10
13.0173397064,80.2604217529,37545,37555,10
13.016169548,80.2597427368,37555,37576,21
13.016169548,80.2597427368,37576,37586,10
13.0160799026,80.2596893311,37586,37596,10
13.0156602859,80.2595062256,37596,37606,10
13.014960289,80.2593383789,37606,37616,10
13.0140895844,80.2592926025,37616,37626,10
13.0130996704,80.2592315674,37626,37636,10
13.0121202469,80.2591934204,37636,37646,10
13.0112304688,80.2591629028,37646,37656,10
13.0103797913,80.2592086792,37656,37667,11
13.0098695755,80.2592086792,37667,37677,10
13.0096797943,80.2592086792,37677,37687,10
13.0091495514,80.2591400146,37687,37697,10
13.008769989,80.2591781616,37697,37707,10
13.0082397461,80.259147644,37707,37717,10
13.0076198578,80.2593612671,37717,37727,10
13.007229805,80.2587890625,37727,37737,10
13.0071401596,80.2585906982,37737,37747,10
13.0069103241,80.2581787109,37747,37757,10
13.0066003799,80.2576980591,37757,37767,10
13.0065002441,80.2571487427,37767,37778,11
13.006480217,80.2564315796,37778,37788,10
13.0064697266,80.2557220459,37788,37798,10
13.0065097809,80.2549133301,37798,37808,10
13.0065002441,80.2539978027,37808,37818,10
13.0065002441,80.2532501221,37818,37834,16
13.0064897537,80.2530212402,37834,37846,12
13.0065202713,80.252456665,37846,37854,8
13.0065498352,80.2521133423,37854,37866,12
13.0065698624,80.2520370483,37866,37875,9
13.0066099167,80.2517471313,37875,37886,11
13.0066995621,80.2510223389,37886,37898,12
13.0067100525,80.2499008179,37898,37908,10
13.0066995621,80.2496109009,37908,37918,10
13.0067100525,80.2494125366,37918,37928,10
13.0066795349,80.248840332,37928,37938,10
13.0066204071,80.2481079102,37938,37948,10
13.0066099167,80.2477874756,37948,37958,10
13.0066204071,80.2473907471,37958,37968,10
13.0065498352,80.2465667725,37968,37990,22
13.0065498352,80.2465667725,37990,38000,10
13.0066099167,80.2463226318,38000,38010,10
13.0066404343,80.2456893921,38010,38020,10
13.0066204071,80.2449111938,38020,38030,10
13.0066204071,80.2442016602,38030,38040,10
13.0066003799,80.2435684204,38040,38050,10
13.0065803528,80.2432022095,38050,38060,10
13.0065402985,80.2425994873,38060,38070,10
13.0065402985,80.2418823242,38070,38081,11
13.0065402985,80.2416229248,38081,38091,10
13.0065603256,80.2413024902,38091,38101,10
13.0066404343,80.2407913208,38101,38111,10
13.0067195892,80.2404022217,38111,38141,30
13.0067195892,80.2404022217,38141,38151,10
13.0067501068,80.2400588989,38151,38167,16
13.0069799423,80.2389602661,38167,38179,12
13.0072202682,80.23777771,38179,38190,11
13.0073699951,80.2367706299,38190,38200,10
13.0074100494,80.236656189,38200,38210,10
13.0074501038,80.2365570068,38210,38220,10
13.0075397491,80.2361602783,38220,38230,10
13.0077199936,80.2353363037,38230,38240,10
13.007900238,80.2344512939,38240,38250,10
13.008099556,80.2335281372,38250,38260,10
13.0083503723,80.2322387695,38260,38270,10
13.0086202621,80.2309112549,38270,38281,11
13.0088996887,80.2293930054,38281,38291,10
13.0092201233,80.2280426025,38291,38301,10
13.0097303391,80.2268371582,38301,38311,10
13.0101099014,80.2260513306,38311,38321,10
13.0104398727,80.2253799438,38321,38331,10
13.0107898712,80.2246398926,38331,38341,10
13.0110702515,80.2239532471,38341,38351,10
13.0113601685,80.2232666016,38351,38361,10
13.0116596222,80.2225112915,38361,38371,10
13.0119600296,80.2216720581,38371,38388,17
13.0126104355,80.2219924927,38388,38400,12
13.0133104324,80.2227706909,38400,38410,10
13.0136203766,80.2230682373,38410,38420,10
13.0136995316,80.2231216431,38420,38430,10
13.0139303207,80.2233200073,38430,38440,10
13.0140800476,80.2235031128,38440,38450,10
13.0142602921,80.2237167358,38450,38460,10
13.0143699646,80.2239074707,38460,38469,9
13.0145998001,80.2241821289,38469,38479,10
13.0149297714,80.2245483398,38479,38541,62
13.0149297714,80.2245483398,38541,38551,10
13.0152101517,80.2247924805,38551,38561,10
13.0155000687,80.2249603271,38561,38592,31
13.0155496597,80.2250213623,38592,38612,20
13.0155496597,80.2250213623,38612,38622,10
13.0156497955,80.225112915,38622,38632,10
13.0158996582,80.2252807617,38632,38642,10
13.016289711,80.2253265381,38642,38652,10
13.0168199539,80.2251968384,38652,38662,10
13.0174703598,80.224937439,38662,38672,10
13.0181999207,80.2246627808,38672,38682,10
13.0189304352,80.2243728638,38682,38693,11
13.0196304321,80.2244415283,38693,38703,10
13.0200395584,80.2247314453,38703,38713,10
13.0206003189,80.2251586914,38713,38723,10
13.0211000443,80.2255325317,38723,38733,10
13.0219898224,80.2262191772,38733,38753,20
13.0219898224,80.2262191772,38753,38763,10
13.0222301483,80.2264404297,38763,38773,10
13.0227603912,80.2269134521,38773,38783,10
13.0233802795,80.2274932861,38783,38794,11
13.0239295959,80.2279663086,38794,38804,10
13.0242004395,80.2282333374,38804,38814,10
13.0245103836,80.2286529541,38814,38824,10
13.0247898102,80.2290725708,38824,38834,10
13.0252399445,80.2296600342,38834,38844,10
13.025759697,80.2304382324,38844,38854,10
13.0259399414,80.2309188843,38854,38874,20
13.0259399414,80.2309188843,38874,38884,10
13.0260095596,80.2312316895,38884,38895,11
13.0264396667,80.2312698364,38895,38905,10
13.0272502899,80.2310562134,38905,38915,10
13.0281200409,80.2309036255,38915,38925,10
13.0284500122,80.2308578491,38925,38935,10
13.0286197662,80.2308578491,38935,38945,10
13.029419899,80.230796814,38945,38985,40
13.029419899,80.230796814,38985,38996,11
13.029540062,80.2308120728,38996,39006,10
13.0300703049,80.230758667,39006,39016,10
13.0308103561,80.2306900024,39016,39026,10
13.03166008,80.2306137085,39026,39036,10
13.0325298309,80.2305297852,39036,39046,10
13.0336399078,80.23046875,39046,39055,9
13.0344495773,80.2304000854,39055,39066,11
13.0348396301,80.2299880981,39066,39107,41
13.0346698761,80.2299804688,39107,39228,121
13.0343103409,80.2300796509,39228,40046,818
13.034119606,80.2301864624,40046,40106,60
13.034119606,80.2301864624,40106,40117,11
13.0338497162,80.23046875,40117,40127,10
13.0333795547,80.230506897,40127,40137,10
13.0327596664,80.2305374146,40137,40147,10
13.0322303772,80.2306137085,40147,40157,10
13.0320196152,80.2306213379,40157,40167,10
13.0315704346,80.2306594849,40167,40177,10
13.0308904648,80.2307281494,40177,40187,10
13.0304002762,80.2307815552,40187,40197,10
13.0298595428,80.2308273315,40197,40218,21
13.0298595428,80.2308273315,40218,40228,10
13.029589653,80.2308578491,40228,40258,30
13.029589653,80.2308578491,40258,40268,10
13.0292396545,80.2308807373,40268,40278,10
13.0286798477,80.2309188843,40278,40288,10
13.0280199051,80.2309799194,40288,40298,10
13.0276699066,80.2310562134,40298,40308,10
13.0276899338,80.2314910889,40308,40318,10
13.0277395248,80.2320022583,40318,40329,11
13.0278301239,80.2324829102,40329,40339,10
13.0277395248,80.2328109741,40339,40349,10
13.0268001556,80.2329864502,40349,40419,70
13.0268001556,80.2329864502,40419,40430,11
13.0267000198,80.233039856,40430,40440,10
13.02643013,80.2329788208,40440,40450,10
13.0262403488,80.2325134277,40450,40460,10
13.0260601044,80.2318267822,40460,40470,10
13.0259799957,80.2315826416,40470,40480,10
13.0258598328,80.2310714722,40480,40490,10
13.0255002975,80.2302627563,40490,40500,10
13.0248804092,80.2294006348,40500,40510,10
13.024600029,80.229057312,40510,40520,10
13.0245800018,80.229019165,40520,40531,11
13.0242900848,80.2286224365,40531,40541,10
13.0239400864,80.2282409668,40541,40551,10
13.0239295959,80.2282409668,40551,40561,10
13.0238103867,80.2280578613,40561,40571,10
13.0235395432,80.2277832031,40571,40581,10
13.0232896805,80.2275390625,40581,40591,10
13.0229196548,80.2271728516,40591,40601,10
13.0223302841,80.2266235352,40601,40611,10
13.0216197968,80.2260284424,40611,40621,10
13.0197896957,80.2247314453,40621,40660,39
13.0197896957,80.2247314453,40660,40670,10
13.0197000504,80.2246627808,40670,40680,10
13.019200325,80.2244720459,40680,40690,10
13.0183200836,80.2246398926,40690,40700,10
13.0171403885,80.2251434326,40700,40707,7
13.0165395737,80.2253875732,40707,40720,13
13.0153598785,80.2258071899,40720,40730,10
13.014289856,80.2262573242,40730,40761,31
13.014289856,80.2262573242,40761,40771,10
13.0142002106,80.2263031006,40771,40781,10
13.0137395859,80.2264709473,40781,40791,10
13.013130188,80.2266769409,40791,40813,22
13.0115404129,80.2273406982,40813,40825,12
13.0109596252,80.2275924683,40825,40833,8
13.0106601715,80.227722168,40833,40887,54
13.0106601715,80.227722168,40887,40897,10
13.010310173,80.2278289795,40897,40907,10
13.0096597672,80.2281036377,40907,40917,10
13.0091400146,80.2287063599,40917,40927,10
13.0089502335,80.2296829224,40927,40938,11
13.0087003708,80.2309799194,40938,40948,10
13.0084295273,80.2322311401,40948,40958,10
13.0082702637,80.2333908081,40958,40968,10
13.0081996918,80.2336807251,40968,40978,10
13.0081701279,80.2337493896,40978,40988,10
13.0080795288,80.2341384888,40988,40998,10
13.0079202652,80.234916687,40998,41008,10
13.0077400208,80.2358093262,41008,41018,10
13.0075502396,80.2367630005,41018,41028,10
13.0073795319,80.2376403809,41028,41039,11
13.007229805,80.2384567261,41039,41049,10
13.0070800781,80.2393035889,41049,41059,10
13.0069303513,80.2400970459,41059,41069,10
13.0068798065,80.2407608032,41069,41079,10
13.0068597794,80.2407989502,41079,41089,10
13.0067901611,80.2412414551,41089,41099,10
13.0067501068,80.2420425415,41099,41109,10
13.0067396164,80.2429504395,41109,41119,10
13.0067300797,80.2438201904,41119,41129,10
13.0067501068,80.2446670532,41129,41139,10
13.006770134,80.2457580566,41139,41150,11
13.0068101883,80.246887207,41150,41160,10
13.0067796707,80.2478103638,41160,41170,10
13.0068101883,80.2488098145,41170,41180,10
13.0068902969,80.2494735718,41180,41190,10
13.0068902969,80.2495193481,41190,41200,10
13.0068798065,80.2496337891,41200,41210,10
13.0068502426,80.2501525879,41210,41220,10
13.0068397522,80.2509536743,41220,41230,10
13.006819725,80.2513809204,41230,41261,31
13.006819725,80.2513809204,41261,41271,10
13.0067100525,80.2518310547,41271,41281,10
13.0065603256,80.2525634766,41281,41291,10
13.0065402985,80.2535018921,41291,41301,10
13.0065698624,80.2545318604,41301,41311,10
13.0066299438,80.2555465698,41311,41321,10
13.0066404343,80.2565383911,41321,41331,10
13.0067195892,80.2572402954,41331,41372,41
13.0067195892,80.2572402954,41372,41382,10
13.0066299438,80.2574234009,41382,41392,10
13.0066995621,80.2576828003,41392,41402,10
13.0069999695,80.2582397461,41402,41411,9
13.0074300766,80.2585372925,41411,41421,10
13.0075902939,80.2586135864,41421,41432,11
13.0079097748,80.2587509155,41432,41442,10
13.0085897446,80.2589797974,41442,41453,11
13.0094099045,80.2590408325,41453,41463,10
13.0103998184,80.2590332031,41463,41473,10
13.0116100311,80.2590637207,41473,41483,10
13.0129003525,80.2591094971,41483,41493,10
13.0142698288,80.2591705322,41493,41503,10
13.0155296326,80.2592773438,41503,41513,10
13.0163698196,80.2596282959,41513,41533,20
13.0163698196,80.2596282959,41533,41543,10
13.0163698196,80.2597122192,41543,41554,11
13.0167398453,80.259979248,41554,41564,10
13.0172901154,80.2603378296,41564,41574,10
13.0180797577,80.2608566284,41574,41584,10
13.0188302994,80.2613983154,41584,41594,10
13.0194702148,80.261932373,41594,41604,10
13.0199804306,80.2624511719,41604,41620,16
13.0201396942,80.2625579834,41620,41632,12
13.0207195282,80.2628326416,41632,41641,9
13.0214300156,80.2630615234,41641,41652,11
13.0220003128,80.2633209229,41652,41663,11
13.0228996277,80.2638015747,41663,41683,20
13.0228996277,80.2638015747,41683,41693,10
13.0233001709,80.2639770508,41693,41703,10
13.0236196518,80.2641296387,41703,41713,10
13.0243902206,80.2646026611,41713,41723,10
13.0248203278,80.2649536133,41723,41732,9
13.0253400803,80.265296936,41732,41743,11
13.0259199142,80.265663147,41743,41753,10
13.025970459,80.2656936646,41753,41764,11
13.0262899399,80.2655563354,41764,41774,10
13.0263395309,80.2650985718,41774,41784,10
13.0265302658,80.2639694214,41784,41804,20
13.0265302658,80.2639694214,41804,41814,10
13.0266103745,80.2635574341,41814,41824,10
13.0268096924,80.2634124756,41824,41834,10
13.0272598267,80.2634887695,41834,41844,10
13.0277500153,80.2635803223,41844,41854,10
13.0282497406,80.2637176514,41854,41865,11
13.028260231,80.2637329102,41865,41875,10
13.028429985,80.2638015747,41875,41885,10
13.0289402008,80.2639389038,41885,41895,10
13.0292797089,80.2641067505,41895,41905,10
13.0293102264,80.264503479,41905,41915,10
13.0293197632,80.2651062012,41915,41925,10
13.0292797089,80.26587677,41925,41935,10
13.0292596817,80.2660522461,41935,41945,10
13.0292196274,80.2662734985,41945,41955,10
13.0293197632,80.2664794922,41955,41966,11
13.0297298431,80.2665863037,41966,41975,9
13.0301504135,80.2666397095,41975,41985,10
13.0308904648,80.2668075562,41985,41996,11
13.0315599442,80.2670211792,41996,42006,10
13.0318603516,80.2671432495,42006,42016,10
13.03221035,80.2673187256,42016,42026,10
13.0326404572,80.2675170898,42026,42036,10
13.0330295563,80.2676925659,42036,42046,10
13.033370018,80.2677764893,42046,42077,31
13.033370018,80.2677764893,42077,42087,10
13.0334997177,80.2678604126,42087,42097,10
13.0337200165,80.2678985596,42097,42107,10
13.0339097977,80.2679367065,42107,42117,10
13.0342102051,80.2679595947,42117,42127,10
13.0345001221,80.2679824829,42127,42178,51
13.0344800949,80.268157959,42178,42198,20
13.0344800949,80.268157959,42198,42208,10
13.0343399048,80.2680892944,42208,42218,10
13.0339002609,80.2679824829,42218,42228,10
13.0334100723,80.2678985596,42228,43036,808
13.0334100723,80.2678985596,43036,43046,10
13.0329303741,80.2677688599,43046,43056,10
13.0325803757,80.267578125,43056,43066,10
13.0322999954,80.2674713135,43066,43076,10
13.0318202972,80.2672271729,43076,43086,10
13.0312299728,80.266998291,43086,43097,11
13.0298404694,80.2667388916,43097,43117,20
13.0298404694,80.2667388916,43117,43127,10
13.0292901993,80.2665481567,43127,43137,10
13.0287399292,80.266418457,43137,43147,10
13.028260231,80.2663269043,43147,43157,10
13.0276098251,80.266242981,43157,43167,10
13.0267095566,80.2661437988,43167,43177,10
13.0259599686,80.2658462524,43177,43187,10
13.0252895355,80.265411377,43187,43208,21
13.0252895355,80.265411377,43208,43218,10
13.0249500275,80.2651824951,43218,43228,10
13.0244998932,80.264831543,43228,43238,10
13.0239400864,80.2644195557,43238,43248,10
13.0231399536,80.2640991211,43248,43258,10
13.0225200653,80.2637481689,43258,43268,10
13.0221300125,80.2635421753,43268,43278,10
13.0221204758,80.2635269165,43278,43288,10
13.02202034,80.2634277344,43288,43299,11
13.0217399597,80.2632980347,43299,43309,10
13.0211000443,80.2631225586,43309,43319,10
13.0203504562,80.2630462646,43319,43329,10
13.0197200775,80.2629928589,43329,43339,10
13.0191297531,80.2629165649,43339,43349,10
13.0189304352,80.2624893188,43349,43359,10
13.0187797546,80.2616119385,43359,43369,10
13.018239975,80.2610321045,43369,43379,10
13.0174102783,80.2604904175,43379,43389,10
13.0160503387,80.2596969604,43389,43410,21
13.0160503387,80.2596969604,43410,43420,10
13.0157899857,80.2595901489,43420,43430,10
13.0151901245,80.2593994141,43430,43440,10
13.014380455,80.2593231201,43440,43450,10
13.0134000778,80.2592773438,43450,43460,10
13.0122804642,80.2592391968,43460,43470,10
13.0112199783,80.2592010498,43470,43480,10
13.0103998184,80.2592315674,43480,43490,10
13.0096998215,80.2592468262,43490,43501,11
13.0091199875,80.2592315674,43501,43511,10
13.0087900162,80.2592163086,43511,43521,10
13.0083198547,80.2591781616,43521,43531,10
13.0076599121,80.2593307495,43531,43541,10
13.0072898865,80.2589035034,43541,43551,10
13.0071697235,80.258682251,43551,43561,10
13.0070400238,80.2584762573,43561,43571,10
13.0065202713,80.2576828003,43571,43682,111
13.0065202713,80.2576828003,43682,43692,10
13.0064096451,80.25756073,43692,43702,10
13.0064401627,80.2571792603,43702,43713,11
13.0064401627,80.2565307617,43713,43723,10
13.0064697266,80.2557373047,43723,43733,10
13.0065202713,80.2548370361,43733,43743,10
13.0064897537,80.2538528442,43743,43753,10
13.0065202713,80.2531890869,43753,43763,10
13.0065202713,80.2531814575,43763,43773,10
13.0065498352,80.2529220581,43773,43783,10
13.0065498352,80.2528076172,43783,43793,10
13.0065698624,80.2524871826,43793,43804,11
13.0066404343,80.2518920898,43804,43814,10
13.0067901611,80.2510223389,43814,43824,10
13.0067901611,80.2500610352,43824,43834,10
13.0068101883,80.2495803833,43834,43844,10
13.0067901611,80.2490615845,43844,43854,10
13.0067100525,80.248260498,43854,43884,30
13.0067100525,80.248260498,43884,43894,10
13.0066795349,80.2480392456,43894,43904,10
13.0066404343,80.247467041,43904,43915,11
13.0066299438,80.2470016479,43915,43925,10
13.0066404343,80.2468490601,43925,43935,10
13.0066299438,80.2462692261,43935,43945,10
13.0066299438,80.2455215454,43945,43955,10
13.0066404343,80.2449188232,43955,43965,10
13.0066795349,80.2442016602,43965,43975,10
13.006649971,80.2435531616,43975,43985,10
13.0065898895,80.2429428101,43985,43995,10
13.0065803528,80.2421112061,43995,44005,10
13.0065898895,80.2415771484,44005,44016,11
13.0065698624,80.2414398193,44016,44026,10
13.0066204071,80.2409362793,44026,44036,10
13.0066795349,80.2405776978,44036,44046,10
13.0066900253,80.2403717041,44046,44056,10
13.0067596436,80.2399520874,44056,44066,10
13.0069503784,80.2391433716,44066,44076,10
13.0071601868,80.2381515503,44076,44086,10
13.0073204041,80.2373962402,44086,44096,10
13.0073795319,80.2370986938,44096,44106,10
13.0074100494,80.2370376587,44106,44117,11
13.0075397491,80.2365188599,44117,44127,10
13.0076799393,80.2357788086,44127,44137,10
13.0078401566,80.2349014282,44137,44147,10
13.0080404282,80.2338027954,44147,44157,10
13.0083198547,80.2324676514,44157,44167,10
13.0085897446,80.2310333252,44167,44177,10
13.0088796616,80.2295532227,44177,44187,10
13.0091896057,80.2281494141,44187,44197,10
13.009759903,80.2268829346,44197,44207,10
13.0102500916,80.2257766724,44207,44218,11
13.010720253,80.2248001099,44218,44228,10
13.0109796524,80.2241363525,44228,44238,10
13.0111598969,80.2235794067,44238,44248,10
13.0113897324,80.2230606079,44248,44258,10
13.0117702484,80.2222824097,44258,44268,10
13.012169838,80.2215805054,44268,44278,10
13.0124597549,80.2215576172,44278,44287,9
13.0127096176,80.2219619751,44287,44297,10
13.0133104324,80.2225494385,44297,44308,11
13.0138902664,80.2232818604,44308,44319,11
13.014169693,80.2236404419,44319,44329,10
13.0143499374,80.2238616943,44329,44339,10
13.0145397186,80.2241287231,44339,44349,10
13.0148496628,80.2245178223,44349,44359,10
13.015080452,80.2247085571,44359,44369,10
13.0152301788,80.2248535156,44369,44379,10
13.0154399872,80.2249984741,44379,44389,10
13.0155496597,80.2250976563,44389,44399,10
13.0156097412,80.2251663208,44399,44409,10
13.0161104202,80.2253799438,44409,44420,11
13.0169897079,80.2251586914,44420,44430,10
13.0179004669,80.2247924805,44430,44440,10
13.0187196732,80.2244415283,44440,44450,10
13.0192699432,80.2243118286,44450,44470,20
13.0192699432,80.2243118286,44470,44480,10
13.0195198059,80.2244110107,44480,44490,10
13.0197401047,80.2245483398,44490,44500,10
13.0201597214,80.2248764038,44500,44510,10
13.0207901001,80.2253265381,44510,44520,10
13.021320343,80.2257614136,44520,44531,11
13.0217199326,80.2260513306,44531,44541,10
13.0219297409,80.2261810303,44541,44557,16
13.02202034,80.2262420654,44557,44570,13
13.0225696564,80.2266769409,44570,44580,10
13.0232400894,80.2273178101,44580,44590,10
13.0239295959,80.2279815674,44590,44600,10
13.024140358,80.2282409668,44600,44610,10
13.0242595673,80.2284088135,44610,44620,10
13.0244903564,80.2287368774,44620,44631,11
13.0248498917,80.2292709351,44631,44641,10
13.0253801346,80.2299880981,44641,44651,10
13.0258703232,80.2308425903,44651,44661,10
13.0261602402,80.2313766479,44661,44671,10
13.0268802643,80.2311630249,44671,44681,10
13.0277099609,80.2310028076,44681,44691,10
13.0284500122,80.2309265137,44691,44701,10
13.0286197662,80.2309036255,44701,44711,10
13.0292396545,80.2308578491,44711,44721,10
13.0298700333,80.230796814,44721,44732,11
13.0307502747,80.23072052,44732,44742,10
13.0315799713,80.2306518555,44742,44752,10
13.032500267,80.2305679321,44752,44762,10
13.0337400436,80.2304992676,44762,44863,101
13.0337400436,80.2304992676,44863,44873,10
13.034040451,80.2304916382,44873,44883,10
13.0343704224,80.2304534912,44883,44893,10
13.0348396301,80.2303009033,44893,44903,10
13.0350399017,80.2301101685,44903,44913,10
13.0350399017,80.2299423218,44913,44923,10
13.0348701477,80.2298812866,44923,44934,11
13.0345602036,80.2298126221,44934,44944,10
13.0342702866,80.2298965454,44944,45055,111
13.0342702866,80.2298965454,45055,45065,10
13.0341796875,80.2302703857,45065,45105,40
13.0341796875,80.2302703857,45105,45115,10
13.0340900421,80.2304534912,45115,45125,10
13.0338497162,80.23046875,45125,45135,10
13.0334796906,80.2304763794,45135,45146,11
13.0328702927,80.2305374146,45146,45156,10
13.0321998596,80.2305984497,45156,45166,10
13.0315999985,80.2306594849,45166,45176,10
13.0310096741,80.2306976318,45176,45186,10
13.0309200287,80.2306976318,45186,45196,10
13.0305204391,80.2307281494,45196,45206,10
13.030090332,80.2307662964,45206,45216,10
13.0298900604,80.230796814,45216,45226,10
13.0298404694,80.2308120728,45226,45236,10
13.029540062,80.2308425903,45236,45247,11
13.0288000107,80.2309036255,45247,45257,10
13.0280599594,80.2309494019,45257,45267,10
13.0277004242,80.231010437,45267,45283,16
13.0276699066,80.2317428589,45283,45295,12
13.0277795792,80.2323684692,45295,45305,10
13.0278100967,80.232749939,45305,45314,9
13.0270996094,80.2329025269,45314,45356,42
13.0270996094,80.2329025269,45356,45367,11
13.0269002914,80.2329788208,45367,45376,9
13.0265102386,80.2329406738,45376,45387,11
13.026260376,80.2323608398,45387,45396,9
13.0260400772,80.231590271,45396,45408,12
13.0256795883,80.2305221558,45408,45418,10
13.0251703262,80.2297286987,45418,45428,10
13.0248203278,80.2292861938,45428,45438,10
13.0245800018,80.2289733887,45438,45449,11
13.024310112,80.2286300659,45449,45459,10
13.024020195,80.2283096313,45459,45479,20
13.024020195,80.2283096313,45479,45489,10
13.0238304138,80.2281036377,45489,45499,10
13.0234003067,80.2276382446,45499,45509,10
13.0228996277,80.227180481,45509,45519,10
13.0222301483,80.2266387939,45519,45529,10
13.0218896866,80.226348877,45529,45539,10
13.0217504501,80.2261962891,45539,45550,11
13.021320343,80.2258377075,45550,45560,10
13.0209197998,80.2255172729,45560,45570,10
13.0205802917,80.2252578735,45570,45580,10
13.0201597214,80.2249603271,45580,45590,10
13.0195903778,80.224609375,45590,45606,16
13.0181303024,80.2247695923,45606,45618,12
13.0169801712,80.2252197266,45618,45626,8
13.016579628,80.2253799438,45626,45638,12
13.0160799026,80.2255630493,45638,45648,10
13.0155000687,80.2257995605,45648,45659,11
13.0147895813,80.2260894775,45659,45699,40
13.0147895813,80.2260894775,45699,45710,11
13.0145998001,80.2261581421,45710,45720,10
13.0144195557,80.2261886597,45720,45730,10
13.0142602921,80.2262496948,45730,45739,9
13.0137195587,80.2264404297,45739,45750,11
13.0127296448,80.2268218994,45750,45761,11
13.0114898682,80.2273406982,45761,45771,10
13.0104103088,80.2277832031,45771,45781,10
13.0094203949,80.2282028198,45781,45791,10
13.0089998245,80.2290878296,45791,45801,10
13.008769989,80.2302932739,45801,45811,10
13.0085296631,80.2314605713,45811,45821,10
13.008310318,80.2326126099,45821,45831,10
13.0081996918,80.2333526611,45831,45841,10
13.0081796646,80.2335205078,45841,45851,10
13.0081396103,80.2337112427,45851,45862,11
13.0080900192,80.233833313,45862,45872,10
13.0080003738,80.2342834473,45872,45882,10
13.0078601837,80.234992981,45882,45892,10
13.0076704025,80.2357406616,45892,45902,10
13.0074596405,80.2367782593,45902,45912,10
13.0072402954,80.2380371094,45912,45922,10
13.0070495605,80.2390289307,45922,45932,10
13.0068902969,80.2399597168,45932,45942,10
13.0067596436,80.2407302856,45942,45952,10
13.0066995621,80.2414703369,45952,45963,11
13.0066699982,80.2422409058,45963,45973,10
13.0066299438,80.2429885864,45973,45983,10
13.0065498352,80.2437973022,45983,45993,10
13.0064601898,80.2449111938,45993,46003,10
13.0065402985,80.2458724976,46003,46013,10
13.0065603256,80.2464370728,46013,46023,10
13.0066604614,80.2471618652,46023,46033,10
13.0066404343,80.2479095459,46033,46043,10
13.0068101883,80.2496414185,46043,46064,21
13.0068101883,80.2496414185,46064,46074,10
13.0067396164,80.2497406006,46074,46084,10
13.0067300797,80.2502975464,46084,46094,10
13.0066995621,80.251159668,46094,46103,9
13.0065898895,80.2519226074,46103,46114,11
13.0064897537,80.2527999878,46114,46124,10
13.0065097809,80.2537612915,46124,46134,10
13.0065603256,80.2547531128,46134,46144,10
13.0065603256,80.2554092407,46144,46154,10
13.0065803528,80.2561416626,46154,46165,11
13.0065202713,80.2566833496,46165,46175,10
13.0065202713,80.2568511963,46175,46185,10
13.0066099167,80.257232666,46185,46195,10
13.0068702698,80.2578964233,46195,46205,10
13.0077295303,80.2586975098,46205,46225,20
13.0077295303,80.2586975098,46225,46235,10
13.0079097748,80.2587814331,46235,46245,10
13.0084600449,80.2589874268,46245,46255,10
13.0091199875,80.2591018677,46255,46266,11
13.010140419,80.2590866089,46266,46276,10
13.0113201141,80.2590713501,46276,46286,10
13.0125999451,80.2591094971,46286,46296,10
13.0139703751,80.2591400146,46296,46306,10
13.0153303146,80.2592163086,46306,46324,18
13.0164003372,80.2596817017,46324,46336,12
13.0164604187,80.2597427368,46336,46344,8
13.0167598724,80.2599716187,46344,46356,12
13.0175104141,80.2604827881,46356,46366,10
13.0181503296,80.2609100342,46366,46377,11
13.0188703537,80.2614517212,46377,46387,10
13.019370079,80.2618789673,46387,46397,10
13.019780159,80.2623291016,46397,46407,10
13.0201396942,80.262588501,46407,46417,10
13.0202302933,80.2626495361,46417,46427,10
13.0207901001,80.2628479004,46427,46437,10
13.0215797424,80.2631225586,46437,46447,10
13.022069931,80.2633666992,46447,46456,9
13.022480011,80.2635574341,46456,46468,12
13.0229301453,80.2638015747,46468,46478,10
13.0229501724,80.2638092041,46478,46488,10
13.0233297348,80.2640304565,46488,46498,10
13.0239295959,80.2643814087,46498,46508,10
13.0246295929,80.2648696899,46508,46518,10
13.0252199173,80.2652893066,46518,46528,10
13.025639534,80.2655792236,46528,46538,10
13.0261802673,80.2658615112,46538,46558,20
13.0261802673,80.2658615112,46558,46568,10
13.0263299942,80.2658233643,46568,46579,11
13.0263395309,80.2652206421,46579,46589,10
13.0264596939,80.2639770508,46589,46619,30
13.0264596939,80.2639770508,46619,46629,10
13.0264997482,80.2637481689,46629,46639,10
13.0265798569,80.2633590698,46639,46649,10
13.0269002914,80.2634124756,46649,46659,10
13.0274095535,80.2634963989,46659,46669,10
13.0280704498,80.2637176514,46669,46680,11
13.0282001495,80.2637405396,46680,46690,10
13.028459549,80.2638320923,46690,46700,10
13.0289697647,80.263961792,46700,46710,10
13.0291595459,80.2641906738,46710,46720,10
13.0290899277,80.2647018433,46720,46730,10
13.0290298462,80.2651596069,46730,46740,10
13.029129982,80.2659683228,46740,46750,10
13.0291204453,80.2660598755,46750,46760,10
13.0290603638,80.2663574219,46760,46770,10
13.0292797089,80.2664871216,46770,46781,11
13.0296201706,80.2665634155,46781,46791,10
13.029999733,80.2666320801,46791,46800,9
13.0306100845,80.2667236328,46800,46811,11
13.0313301086,80.2669525146,46811,46821,10
13.0321302414,80.2673034668,46821,46831,10
13.032500267,80.267539978,46831,46841,10
13.0333204269,80.2677612305,46841,46861,20
13.0333204269,80.2677612305,46861,46871,10
13.0334997177,80.267829895,46871,46882,11
13.0341396332,80.2679519653,46882,46892,10
13.0344800949,80.2679824829,46892,46902,10
13.0345201492,80.2679977417,46902,46912,10
13.0344600677,80.268119812,46912,46922,10
13.0342998505,80.2680511475,46922,46932,10
13.0337200165,80.2679214478,46932,46942,10
13.0331697464,80.267791748,46942,46952,10
13.0327796936,80.2677001953,46952,46962,10
13.0325202942,80.2675170898,46962,46972,10
13.0320501328,80.2672576904,46972,46983,11
13.0310497284,80.2668991089,46983,46993,10
13.0303001404,80.2667236328,46993,47003,10
13.0297603607,80.2666168213,47003,47013,10
13.0292301178,80.2665023804,47013,47023,10
13.0287799835,80.2663574219,47023,47033,10
13.0283603668,80.2662887573,47033,47042,9
13.0279903412,80.266242981,47042,47053,11
13.0273504257,80.2661209106,47053,47062,9
13.0268802643,80.2660217285,47062,47073,11
13.0267896652,80.2657623291,47073,47144,71
13.0266704559,80.2655487061,47144,48427,1283
13.0265598297,80.2655563354,48427,48823,396
13.0265903473,80.2655410767,48823,50156,1333
13.0265903473,80.2655410767,50156,50166,10
13.0264501572,80.265411377,50166,50176,10
13.0264196396,80.2654037476,50176,50186,10
13.0263395309,80.265296936,50186,50196,10
13.0263795853,80.2648010254,50196,50206,10
13.0264797211,80.2640991211,50206,50216,10
13.0265903473,80.2634277344,50216,50226,10
13.027009964,80.2633972168,50226,50236,10
13.0276498795,80.2635421753,50236,50246,10
13.0282897949,80.263710022,50246,50257,11
13.0288000107,80.2639007568,50257,50267,10
13.0291900635,80.2641067505,50267,50277,10
13.0292396545,80.2643890381,50277,50287,10
13.0292901993,80.2649993896,50287,50297,10
13.0292797089,80.2655029297,50297,50307,10
13.0291996002,80.2661590576,50307,50317,10
13.0292701721,80.2664489746,50317,50327,10
13.0296201706,80.2665481567,50327,50337,10
13.030090332,80.2666015625,50337,50347,10
13.0308799744,80.266746521,50347,50358,11
13.0316896439,80.2670211792,50358,50368,10
13.0323095322,80.2673416138,50368,50378,10
13.0327301025,80.2675933838,50378,50388,10
13.0334196091,80.267791748,50388,50398,10
13.0341501236,80.2679290771,50398,50408,10
13.0345602036,80.2679977417,50408,50418,10
13.0344896317,80.268119812,50418,50448,30
13.0344896317,80.268119812,50448,50459,11
13.0340003967,80.2679367065,50459,50469,10
13.0334701538,80.2678985596,50469,50660,191
13.0334701538,80.2678985596,50660,50671,11
13.0332298279,80.267829895,50671,50681,10
13.0328598022,80.2677383423,50681,50691,10
13.0325899124,80.2675704956,50691,50701,10
13.0323600769,80.2674331665,50701,50711,10
13.0319004059,80.2672195435,50711,50721,10
13.0313501358,80.2669906616,50721,50731,10
13.0307502747,80.2668304443,50731,50741,10
13.0297803879,80.2666702271,50741,50761,20
13.0297803879,80.2666702271,50761,50772,11
13.0294504166,80.2666015625,50772,50782,10
13.0291900635,80.2664794922,50782,50792,10
13.0288000107,80.2663574219,50792,50802,10
13.0282001495,80.2662200928,50802,50812,10
13.0276203156,80.2662582397,50812,50822,10
13.0273199081,80.2661590576,50822,50832,10
13.0269098282,80.2661132813,50832,50842,10
13.0264596939,80.2660369873,50842,50852,10
13.0260601044,80.265838623,50852,50862,10
13.0256099701,80.2655563354,50862,50873,11
13.0252504349,80.2653427124,50873,50883,10
13.0251302719,80.2652587891,50883,50893,10
13.0247402191,80.2649383545,50893,50903,10
13.0241098404,80.264503479,50903,50913,10
13.0233402252,80.2640762329,50913,50923,10
13.0226697922,80.2637634277,50923,50933,10
13.0221395493,80.2634887695,50933,50942,9
13.0221004486,80.263458252,50942,50953,11
13.0218000412,80.2632827759,50953,50963,10
13.0211496353,80.2630691528,50963,50974,11
13.0202302933,80.2630081177,50974,50984,10
13.0194997787,80.2629470825,50984,50994,10
13.0189504623,80.262802124,50994,51004,10
13.0188398361,80.2620697021,51004,51013,9
13.0186395645,80.2612991333,51013,51024,11
13.0178604126,80.2608108521,51024,51034,10
13.0170402527,80.2602386475,51034,51044,10
13.0162000656,80.2597579956,51044,51075,31
13.0162000656,80.2597579956,51075,51085,10
13.0159196854,80.2596206665,51085,51095,10
13.0153398514,80.2594223022,51095,51105,10
13.0145101547,80.2593231201,51105,51115,10
13.0135498047,80.2592773438,51115,51125,10
13.0123796463,80.2592315674,51125,51135,10
13.0112800598,80.2591934204,51135,51145,10
13.0103998184,80.2592315674,51145,51155,10
13.0095996857,80.2592086792,51155,51165,10
13.008939743,80.2592010498,51165,51176,11
13.0085296631,80.2592163086,51176,51186,10
13.0079298019,80.2593002319,51186,51196,10
13.0072402954,80.2588500977,51196,51216,20
13.0072402954,80.2588500977,51216,51226,10
13.007060051,80.2584609985,51226,51236,10
13.0065002441,80.2575378418,51236,51327,91
13.0065002441,80.2575378418,51327,51337,10
13.0064201355,80.2573471069,51337,51347,10
13.0064096451,80.2573394775,51347,51357,10
13.0064001083,80.2571792603,51357,51367,10
13.0064201355,80.2567062378,51367,51378,11
13.0064401627,80.2556991577,51378,51388,10
13.0065002441,80.2546615601,51388,51398,10
13.006480217,80.2532424927,51398,51418,20
13.006480217,80.2532424927,51418,51428,10
13.0065002441,80.2529678345,51428,51438,10
13.0065097809,80.252456665,51438,51448,10
13.0065402985,80.2522506714,51448,51458,10
13.0066099167,80.2517166138,51458,51468,10
13.0067396164,80.250869751,51468,51478,10
13.0067100525,80.2499313354,51478,51489,11
13.0067195892,80.2496109009,51489,51499,10
13.0067396164,80.2493972778,51499,51509,10
13.0066995621,80.248840332,51509,51519,10
13.0066604614,80.2481231689,51519,51549,30
13.0066604614,80.2481231689,51549,51559,10
13.006649971,80.2479095459,51559,51569,10
13.006649971,80.2473602295,51569,51579,10
13.0066003799,80.2467575073,51579,51590,11
13.006529808,80.2466125488,51590,51600,10
13.0065402985,80.2465667725,51600,51610,10
13.0065898895,80.2464065552,51610,51620,10
13.0066299438,80.2461090088,51620,51630,10
13.0066404343,80.2455215454,51630,51640,10
13.0066003799,80.2446975708,51640,51650,10
13.0065803528,80.2442474365,51650,51660,10
13.0065803528,80.2437820435,51660,51670,10
13.0065698624,80.2430267334,51670,51680,10
13.0065498352,80.2422103882,51680,51691,11
13.0065402985,80.2414169312,51691,51701,10
13.0065603256,80.2412109375,51701,51711,10
13.0066003799,80.2409362793,51711,51721,10
13.0066404343,80.2403793335,51721,51741,20
13.0066404343,80.2403793335,51741,51751,10
13.0066995621,80.2400970459,51751,51761,10
13.0068597794,80.2395172119,51761,51771,10
13.0070104599,80.2387771606,51771,51781,10
13.0071897507,80.2379837036,51781,51792,11
13.0073604584,80.2369613647,51792,51802,10
13.0073900223,80.2367477417,51802,51812,10
13.0074100494,80.236656189,51812,51822,10
13.0075397491,80.2362365723,51822,51832,10
13.0076904297,80.2355117798,51832,51842,10
13.0078697205,80.2345809937,51842,51852,10
13.008099556,80.2334594727,51852,51862,10
13.0083398819,80.2322311401,51862,51872,10
13.008600235,80.231010437,51872,51882,10
13.0088300705,80.2297363281,51882,51893,11
13.0090904236,80.2284927368,51893,51903,10
13.0094804764,80.2274398804,51903,51913,10
13.0099802017,80.2263412476,51913,51923,10
13.0104398727,80.2253723145,51923,51933,10
13.0108804703,80.2243728638,51933,51943,10
13.0113401413,80.2232284546,51943,51953,10
13.0117797852,80.2221221924,51953,51963,10
13.0122003555,80.2214431763,51963,51973,10
13.0124597549,80.2216796875,51973,51983,10
13.0128002167,80.2222137451,51983,51994,11
13.0135202408,80.2229919434,51994,52004,10
13.0142402649,80.2238006592,52004,52014,10
13.0152196884,80.2247772217,52014,52044,30
13.0152196884,80.2247772217,52044,52054,10
13.015370369,80.224899292,52054,52064,10
13.0155296326,80.2250289917,52064,52074,10
13.0156097412,80.2250976563,52074,52084,10
13.015999794,80.2253112793,52084,52095,11
13.0167999268,80.2251815796,52095,52105,10
13.0176801682,80.2248306274,52105,52115,10
13.0185699463,80.2244796753,52115,52125,10
13.0194501877,80.2244186401,52125,52135,10
13.0199804306,80.2247161865,52135,52145,10
13.0205802917,80.225151062,52145,52155,10
13.021320343,80.2257080078,52155,52165,10
13.02202034,80.2261886597,52165,52185,20
13.02202034,80.2261886597,52185,52195,10
13.0221004486,80.2262573242,52195,52206,11
13.0225000381,80.2265930176,52206,52216,10
13.0230703354,80.2270889282,52216,52226,10
13.0237398148,80.2277679443,52226,52236,10
13.0244503021,80.2285995483,52236,52252,16
13.02546978,80.2299804688,52252,52264,12
13.0259599686,80.2308807373,52264,52272,8
13.0259895325,80.2309494019,52272,52284,12
13.0260095596,80.2310409546,52284,52294,10
13.0260801315,80.231300354,52294,52305,11
13.026599884,80.2312316895,52305,52315,10
13.0273103714,80.2310180664,52315,52325,10
13.0279798508,80.2309570313,52325,52335,10
13.0284004211,80.2308502197,52335,52345,10
13.0284204483,80.2308502197,52345,52355,10
13.028840065,80.230796814,52355,52364,9
13.0292396545,80.2307815552,52364,52374,10
13.029250145,80.2307815552,52374,52385,11
13.029540062,80.2307434082,52385,52395,10
13.029999733,80.2306976318,52395,52406,11
13.0306100845,80.2306137085,52406,52416,10
13.0311899185,80.2306289673,52416,52426,10
13.0319595337,80.2305984497,52426,52436,10
13.0328998566,80.2305221558,52436,52446,10
13.0339097977,80.23046875,52446,52577,131
13.0339097977,80.23046875,52577,52587,10
13.0341701508,80.2304916382,52587,52597,10
13.0345602036,80.2303695679,52597,52608,11
13.0347900391,80.2302703857,52608,52618,10
13.034910202,80.2301712036,52618,52628,10
13.0349502563,80.2297973633,52628,52698,70
13.0349502563,80.2297973633,52698,52709,11
13.0345201492,80.2297363281,52709,52870,161
13.0342197418,80.2299423218,52870,53163,293
13.0342197418,80.2299423218,53163,53173,10
13.0341100693,80.2303237915,53173,53385,212
13.0342102051,80.2305908203,53385,54011,626
13.0339803696,80.2304916382,54011,54031,20
13.0339803696,80.2304916382,54031,54042,11
13.033780098,80.2304382324,54042,54052,10
13.0334396362,80.2304763794,54052,54062,10
13.032959938,80.2304992676,54062,54072,10
13.0323400497,80.2305679321,54072,54082,10
13.0315799713,80.2306594849,54082,54092,10
13.0309200287,80.2307128906,54092,54102,10
13.0304498672,80.2307434082,54102,54112,10
13.0300302505,80.2307815552,54112,54122,10
13.0298299789,80.230796814,54122,54132,10
13.0296802521,80.230796814,54132,54143,11
13.0291700363,80.2308502197,54143,54153,10
13.0284996033,80.2309265137,54153,54163,10
13.0278701782,80.2310028076,54163,54173,10
13.0276203156,80.2311325073,54173,54183,10
13.0276603699,80.2315979004,54183,54193,10
13.027759552,80.2321472168,54193,54203,10
13.0277996063,80.2326889038,54203,54213,10
13.0270996094,80.2329406738,54213,54233,20
13.0270996094,80.2329406738,54233,54244,11
13.0268497467,80.2330322266,54244,54254,10
13.0264797211,80.2329483032,54254,54264,10
13.0262699127,80.2323684692,54264,54274,10
13.0260400772,80.2314987183,54274,54284,10
13.0256700516,80.2304611206,54284,54294,10
13.0250396729,80.2294998169,54294,54304,10
13.0244703293,80.2287979126,54304,54314,10
13.0240402222,80.2283401489,54314,54324,10
13.024020195,80.2283096313,54324,54334,10
13.0238800049,80.2281036377,54334,54345,11
13.0236501694,80.2278366089,54345,54355,10
13.023639679,80.2278289795,54355,54365,10
13.0234003067,80.2275238037,54365,54375,10
13.0228996277,80.2270507813,54375,54385,10
13.0222597122,80.2264785767,54385,54395,10
13.0215396881,80.2259216309,54395,54405,10
13.0207996368,80.2253494263,54405,54415,10
13.0199298859,80.2247619629,54415,54425,10
13.0189304352,80.2244186401,54425,54435,10
13.0178604126,80.2248001099,54435,54446,11
13.0167398453,80.2252578735,54446,54456,10
13.0161504745,80.2255401611,54456,54466,10
13.015370369,80.2258224487,54466,54476,10
13.0145101547,80.2261810303,54476,54506,30
13.0145101547,80.2261810303,54506,54516,10
13.0141401291,80.22631073,54516,54526,10
13.0134601593,80.2265701294,54526,54536,10
13.012550354,80.2269134521,54536,54547,11
13.0113096237,80.2273864746,54547,54557,10
13.0101699829,80.2278366089,54557,54567,10
13.0091600418,80.2284088135,54567,54577,10
13.0088996887,80.2295532227,54577,54587,10
13.008649826,80.2308502197,54587,54597,10
13.0084295273,80.2321014404,54597,54607,10
13.0082597733,80.2332611084,54607,54617,10
13.0081996918,80.2336196899,54617,54627,10
13.0080604553,80.2340621948,54627,54637,10
13.007900238,80.2347869873,54637,54647,10
13.0077199936,80.2358322144,54647,54658,11
13.0074396133,80.2372207642,54658,54674,16
13.007109642,80.2390213013,54674,54686,12
13.0069198608,80.2399978638,54686,54705,19
13.0069198608,80.2399978638,54705,54716,11
13.0068998337,80.2402114868,54716,54726,10
13.0068397522,80.2406387329,54726,54736,10
13.0068302155,80.2406692505,54736,54746,10
13.0067796707,80.2409515381,54746,54756,10
13.0067195892,80.241607666,54756,54767,11
13.0066995621,80.24269104,54767,54777,10
13.0066404343,80.2437210083,54777,54787,10
13.0066099167,80.2448120117,54787,54797,10
13.0066404343,80.2459411621,54797,54807,10
13.0066900253,80.2469482422,54807,54817,10
13.0066699982,80.2478027344,54817,54827,10
13.0067300797,80.2488632202,54827,54837,10
13.0068101883,80.2496337891,54837,54847,10
13.0067996979,80.2496490479,54847,54858,11
13.0067501068,80.2499694824,54858,54868,10
13.0067396164,80.2506408691,54868,54878,10
13.0067396164,80.2512664795,54878,54888,10
13.0067195892,80.2515487671,54888,54898,10
13.0065803528,80.2521820068,54898,54907,9
13.0065402985,80.2530822754,54907,54918,11
13.0065498352,80.2543792725,54918,54928,10
13.0065698624,80.2556762695,54928,54938,10
13.0066099167,80.2568283081,54938,54948,10
13.0066604614,80.2571792603,54948,54989,41
13.0066604614,80.2571792603,54989,54999,10
13.0067396164,80.2574081421,54999,55009,10
13.0068798065,80.2577972412,55009,55019,10
13.0072698593,80.2583770752,55019,55029,10
13.0076599121,80.2585830688,55029,55039,10
13.0077104568,80.2586212158,55039,55049,10
13.0080795288,80.2588119507,55049,55060,11
13.0088596344,80.2590179443,55060,55070,10
13.0098600388,80.2590408325,55070,55080,10
13.0111198425,80.2590408325,55080,55090,10
13.0124797821,80.2590713501,55090,55100,10
13.0139102936,80.2591323853,55100,55110,10
13.0152797699,80.2591934204,55110,55120,10
13.0160799026,80.2594299316,55120,55130,10
13.0161104202,80.2594528198,55130,55140,10
13.0164203644,80.2596893311,55140,55150,10
13.016960144,80.260093689,55150,55161,11
13.017829895,80.2606582642,55161,55171,10
13.0186595917,80.2612304688,55171,55181,10
13.019200325,80.2617034912,55181,55191,10
13.0198297501,80.2623519897,55191,55201,10
13.0201997757,80.2626190186,55201,55211,10
13.020409584,80.2627410889,55211,55221,10
13.0209999084,80.2629165649,55221,55231,10
13.0216598511,80.2631530762,55231,55241,10
13.0220403671,80.2633590698,55241,55251,10
13.022939682,80.2638015747,55251,55272,21
13.022939682,80.2638015747,55272,55282,10
13.023229599,80.2639694214,55282,55292,10
13.0237398148,80.2642669678,55292,55302,10
13.0245504379,80.2648010254,55302,55312,10
13.0252599716,80.2653121948,55312,55322,10
13.025970459,80.2657165527,55322,55352,30
13.025970459,80.2657165527,55352,55363,11
13.0262498856,80.265838623,55363,55373,10
13.0263500214,80.2653503418,55373,55383,10
13.0264596939,80.2645568848,55383,55393,10
13.0265102386,80.2639389038,55393,55403,10
13.0265398026,80.2638092041,55403,55413,10
13.0266504288,80.2634124756,55413,55423,10
13.0269804001,80.2634124756,55423,55439,16
13.0280504227,80.2636795044,55439,55451,12
13.0284700394,80.2638168335,55451,55461,10
13.0288801193,80.263923645,55461,55471,10
13.0291795731,80.2641677856,55471,55482,11
13.0292901993,80.2648773193,55482,55492,10
13.0293197632,80.2656326294,55492,55502,10
13.0292396545,80.2660598755,55502,55512,10
13.0291996002,80.2662734985,55512,55521,9
13.0292901993,80.2664489746,55521,55522,1
13.0293197632,80.266456604,55522,55524,2
13.0294103622,80.2664794922,55524,55590,66
13.0334300995,80.2677764893,55590,55610,20
13.0334300995,80.2677764893,55610,55620,10
13.0337095261,80.267906189,55620,55630,10
13.0340795517,80.2679672241,55630,55640,10
13.0344800949,80.2679672241,55640,55650,10
13.0345697403,80.2680435181,55650,55660,10
13.0344600677,80.2681427002,55660,55671,11
13.0342102051,80.2679901123,55671,55682,11
13.0334501266,80.267868042,55682,57068,1386
13.0334501266,80.267868042,57068,57078,10
13.0331602097,80.2677230835,57078,57089,11
13.0327396393,80.2676620483,57089,57099,10
13.0324497223,80.2674026489,57099,57109,10
13.0319404602,80.2671737671,57109,57119,10
13.0313796997,80.266960144,57119,57129,10
13.0307798386,80.2667999268,57129,57139,10
13.0301704407,80.2667007446,57139,57149,10
13.0297403336,80.2666473389,57149,57159,10
13.0297298431,80.2666397095,57159,57169,10
13.0296201706,80.2666625977,57169,57179,10
13.0293197632,80.2666015625,57179,57189,10
13.0290899277,80.266456604,57189,57200,11
13.0286502838,80.2663574219,57200,57210,10
13.0281200409,80.2662811279,57210,57220,10
13.0275802612,80.2662124634,57220,57230,10
13.0269899368,80.2660980225,57230,57240,10
13.0264196396,80.2660217285,57240,57250,10
13.0258703232,80.2657470703,57250,57260,10
13.0252599716,80.26537323,57260,57280,20
13.0252599716,80.26537323,57280,57290,10
13.0250396729,80.2651824951,57290,57301,11
13.0246400833,80.2648391724,57301,57311,10
13.0241003036,80.2644577026,57311,57321,10
13.0235595703,80.2641677856,57321,57331,10
13.0229301453,80.2638168335,57331,57341,10
13.022359848,80.2635192871,57341,57351,10
13.0221004486,80.2634124756,57351,57368,17
13.0219802856,80.2633285522,57368,57380,12
13.0215196609,80.2631225586,57380,57388,8
13.0209503174,80.2630233765,57388,57401,13
13.0200595856,80.2630004883,57401,57410,9
13.0194501877,80.2629394531,57410,57421,11
13.0191001892,80.2629013062,57421,57431,10
13.0189199448,80.2624969482,57431,57441,10
13.018819809,80.2617721558,57441,57449,8
13.0186195374,80.2612762451,57449,57461,12
13.0177602768,80.2606964111,57461,57471,10
13.016960144,80.2601699829,57471,57481,10
13.0160999298,80.2597198486,57481,57502,21
13.0160999298,80.2597198486,57502,57512,10
13.0159101486,80.2596206665,57512,57522,10
13.0154104233,80.259437561,57522,57532,10
13.0146503448,80.2593231201,57532,57542,10
13.013879776,80.2592926025,57542,57552,10
13.0127096176,80.2592391968,57552,57562,10
13.0116901398,80.2592010498,57562,57572,10
13.0106801987,80.2592086792,57572,57582,10
13.0096998215,80.2592163086,57582,57592,10
13.0089797974,80.2592391968,57592,57603,11
13.0086297989,80.2592391968,57603,57613,10
13.0080900192,80.2592468262,57613,57623,10
13.0074996948,80.2593765259,57623,57633,10
13.0072097778,80.2588500977,57633,57643,10
13.0071697235,80.2586975098,57643,57653,10
13.007109642,80.2585372925,57653,57663,10
13.0068798065,80.2581634521,57663,57673,10
13.0065498352,80.2576904297,57673,57744,71
13.0065498352,80.2576904297,57744,57754,10
13.0064496994,80.2573013306,57754,57764,10
13.0064401627,80.2568206787,57764,57774,10
13.0064496994,80.256072998,57774,57784,10
13.0064897537,80.2552871704,57784,57794,10
13.0065202713,80.2544937134,57794,57805,11
13.0065002441,80.2535018921,57805,57815,10
13.0065002441,80.2532272339,57815,57825,10
13.0065097809,80.2527923584,57825,57835,10
13.0066299438,80.2519683838,57835,57845,10
13.0067596436,80.2509765625,57845,57855,10
13.0067596436,80.2499313354,57855,57865,10
13.0067501068,80.2496414185,57865,57875,10
13.0067501068,80.2492370605,57875,57885,10
13.0066900253,80.2484512329,57885,57895,10
13.0066404343,80.2474975586,57895,57966,71
13.0066404343,80.2474975586,57966,57976,10
13.0066404343,80.2473068237,57976,57986,10
13.0065698624,80.2466888428,57986,57996,10
13.0066003799,80.2464981079,57996,58006,10
13.0066404343,80.2463912964,58006,58017,11
13.0066404343,80.2458114624,58017,58027,10
13.0066299438,80.2450027466,58027,58037,10
13.0066299438,80.244140625,58037,58047,10
13.0066099167,80.2432479858,58047,58057,10
13.0065898895,80.2423400879,58057,58067,10
13.0065803528,80.2416534424,58067,58077,10
13.0065803528,80.241569519,58077,58087,10
13.0066003799,80.2410583496,58087,58097,10
13.0066795349,80.2404098511,58097,58118,21
13.0066795349,80.2404098511,58118,58128,10
13.0067300797,80.2401428223,58128,58138,10
13.0068998337,80.2395782471,58138,58148,10
13.0070495605,80.2387008667,58148,58158,10
13.0072698593,80.237701416,58158,58168,10
13.007399559,80.2368087769,58168,58198,30
13.007399559,80.2368087769,58198,58208,10
13.007519722,80.2364273071,58208,58219,11
13.0076599121,80.2357177734,58219,58229,10
13.0077800751,80.2351531982,58229,58239,10
13.0078296661,80.23487854,58239,58249,10
13.0079603195,80.2342834473,58249,58258,9
13.0081195831,80.2334899902,58258,58269,11
13.0083599091,80.2322998047,58269,58279,10
13.008649826,80.2308120728,58279,58289,10
13.0089197159,80.2294082642,58289,58299,10
13.0092096329,80.2281265259,58299,58309,10
13.0097198486,80.2269592285,58309,58320,11
13.0102996826,80.2257003784,58320,58330,10
13.0107603073,80.2247161865,58330,58340,10
13.0112199783,80.223739624,58340,58350,10
13.0115404129,80.2229614258,58350,58360,10
13.0118198395,80.2220687866,58360,58370,10
13.0122804642,80.221496582,58370,58380,10
13.0125904083,80.2219161987,58380,58396,16
13.0135202408,80.2229919434,58396,58408,12
13.0143203735,80.2239303589,58408,58419,11
13.015130043,80.2247009277,58419,58429,10
13.0155200958,80.2249603271,58429,58439,10
13.015540123,80.2249526978,58439,58449,10
13.0158195496,80.225189209,58449,58459,10
13.0164403915,80.2252807617,58459,58467,8
13.0171804428,80.2250289917,58467,58479,12
13.0184602737,80.2245330811,58479,58488,9
13.0192298889,80.2243728638,58488,58499,11
13.0198497772,80.2245635986,58499,58509,10
13.0203304291,80.2249298096,58509,58520,11
13.0207996368,80.2252883911,58520,58530,10
13.0212697983,80.2256774902,58530,58540,10
13.0219802856,80.2261810303,58540,58560,20
13.0219802856,80.2261810303,58560,58570,10
13.022069931,80.2262496948,58570,58580,10
13.022480011,80.2266082764,58580,58590,10
13.0230998993,80.2272109985,58590,58600,10
13.023730278,80.2277908325,58600,58610,10
13.0242004395,80.2282409668,58610,58621,11
13.0245599747,80.2287216187,58621,58631,10
13.0247802734,80.229057312,58631,58641,10
13.0251998901,80.2296218872,58641,58651,10
13.0257301331,80.2303924561,58651,58661,10
13.0259504318,80.2308578491,58661,58671,10
13.0259895325,80.2310180664,58671,58681,10
13.0261602402,80.231338501,58681,58691,10
13.0267601013,80.2312393188,58691,58701,10
13.0276899338,80.2310409546,58701,58711,10
13.0284404755,80.2309417725,58711,58722,11
13.0285797119,80.2309417725,58722,58732,10
13.0291795731,80.2309036255,58732,58742,10
13.0298404694,80.2308273315,58742,58752,10
13.0305995941,80.2307662964,58752,58762,10
13.031129837,80.23072052,58762,58772,10
13.0318202972,80.2306594849,58772,58782,10
13.0325403214,80.2305908203,58782,58792,10
13.0333204269,80.2305297852,58792,58802,10
13.0335903168,80.2305221558,58802,58812,10
13.0338602066,80.230506897,58812,58823,11
13.0340795517,80.2304916382,58823,58863,40
13.0340795517,80.2304916382,58863,58873,10
13.0341396332,80.2304763794,58873,58883,10
13.0345201492,80.2304229736,58883,58893,10
13.0348796844,80.2303009033,58893,58934,41
13.0348796844,80.2303009033,58934,58944,10
13.0350999832,80.2300720215,58944,58954,10
13.0350704193,80.2299118042,58954,59055,101
13.0350704193,80.2299118042,59055,59065,10
13.034740448,80.2298202515,59065,59186,121
13.0343599319,80.2297515869,59186,59216,30
13.0343599319,80.2297515869,59216,59227,11
13.0341596603,80.2299423218,59227,59529,302
13.0341901779,80.2303314209,59529,60045,516
13.0341901779,80.2303314209,60045,60055,10
13.0340900421,80.2304611206,60055,60065,10
13.0337295532,80.2305221558,60065,60075,10
13.0335197449,80.2305221558,60075,60085,10
13.0333299637,80.2305297852,60085,60095,10
13.0328397751,80.2305603027,60095,60105,10
13.0321798325,80.2306213379,60105,60115,10
13.0314998627,80.230682373,60115,60125,10
13.03083992,80.2307434082,60125,60135,10
13.0303201675,80.2307815552,60135,60146,11
13.029800415,80.2308425903,60146,60156,10
13.0297899246,80.2308425903,60156,60166,10
13.0296897888,80.2308425903,60166,60175,9
13.0293798447,80.2308807373,60175,60186,11
13.028840065,80.2309188843,60186,60196,10
13.0283002853,80.2309799194,60196,60206,10
13.0278301239,80.2310180664,60206,60216,10
13.0276699066,80.2311401367,60216,60226,10
13.0277099609,80.2315826416,60226,60236,10
13.0277500153,80.2319793701,60236,60247,11
13.0278501511,80.2324981689,60247,60257,10
13.0277996063,80.2328262329,60257,60267,10
13.0273199081,80.2329025269,60267,60277,10
13.0268096924,80.2329788208,60277,60344,67
13.0268096924,80.2329788208,60344,60355,11
13.0264196396,80.2330322266,60355,60366,11
13.0262002945,80.2324905396,60366,60376,10
13.0260400772,80.2318496704,60376,60386,10
13.0258302689,80.2310409546,60386,60396,10
13.0253896713,80.230140686,60396,60406,10
13.0249099731,80.2294998169,60406,60415,9
13.0244998932,80.2289581299,60415,60426,11
13.0240497589,80.2284011841,60426,60436,10
13.0239601135,80.228302002,60436,60447,11
13.0238599777,80.2281570435,60447,60457,10
13.0235395432,80.2277984619,60457,60467,10
13.0230998993,80.2273483276,60467,60477,10
13.0225095749,80.2268066406,60477,60487,10
13.0219097137,80.2263031006,60487,60497,10
13.021320343,80.2258377075,60497,60507,10
13.0207195282,80.2253799438,60507,60517,10
13.0200996399,80.2249526978,60517,60527,10
13.0193996429,80.2245178223,60527,60537,10
13.0183401108,80.2246170044,60537,60548,11
13.0170602798,80.2251586914,60548,60558,10
13.0162296295,80.2255096436,60558,60568,10
13.0156002045,80.225730896,60568,60578,10
13.0149202347,80.226020813,60578,60588,10
13.0142097473,80.22631073,60588,60618,30
13.0142097473,80.22631073,60618,60628,10
13.0139904022,80.2264022827,60628,60645,17
13.0132598877,80.2266769409,60645,60657,12
13.0125102997,80.2269821167,60657,60667,10
13.0119400024,80.2272033691,60667,60675,8
13.011179924,80.2275085449,60675,60687,12
13.0102396011,80.2278823853,60687,60697,10
13.0094900131,80.2282028198,60697,60706,9
13.0090703964,80.2287979126,60706,60717,11
13.0088396072,80.2300491333,60717,60727,10
13.0086202621,80.2312316895,60727,60737,10
13.0084400177,80.2321777344,60737,60747,10
13.0082101822,80.2337188721,60747,60778,31
13.0082101822,80.2337188721,60778,60788,10
13.0081100464,80.2340164185,60788,60798,10
13.0080003738,80.2345962524,60798,60808,10
13.0079498291,80.234916687,60808,60818,10
13.0078496933,80.2353973389,60818,60828,10
13.0077199936,80.2360916138,60828,60838,10
13.0075397491,80.2369995117,60838,60848,10
13.0073795319,80.2378692627,60848,60859,11
13.0071897507,80.2388534546,60859,60869,10
13.0070495605,80.2395629883,60869,60879,10
13.006939888,80.2403793335,60879,60889,10
13.0068998337,80.2407684326,60889,60899,10
13.0068798065,80.2407989502,60899,60909,10
13.0067796707,80.2412261963,60909,60919,10
13.0067596436,80.2419891357,60919,60929,10
13.0067396164,80.2428512573,60929,60939,10
13.0067100525,80.243598938,60939,60949,10
13.0066995621,80.2444610596,60949,60966,17
13.0067300797,80.2458190918,60966,60978,12
13.0067396164,80.2463378906,60978,60988,10
13.0067501068,80.2465286255,60988,60998,10
13.0067501068,80.2469329834,60998,61008,10
13.0067501068,80.2474594116,61008,61017,9
13.0067501068,80.2480773926,61017,61028,11
13.0068798065,80.24949646,61028,61048,20
13.0068798065,80.24949646,61048,61059,11
13.0068798065,80.2497711182,61059,61069,10
13.0068597794,80.2504272461,61069,61089,20
13.0068597794,80.2504272461,61089,61099,10
13.0068397522,80.2506637573,61099,61109,10
13.0068101883,80.2515411377,61109,61149,40
13.0068101883,80.2515411377,61149,61160,11
13.0067195892,80.2519683838,61160,61170,10
13.0065803528,80.2526168823,61170,61180,10
13.0065698624,80.2535400391,61180,61190,10
13.0066099167,80.2546234131,61190,61200,10
13.0066299438,80.2556991577,61200,61210,10
13.0066604614,80.2566833496,61210,61220,10
13.0067195892,80.2572784424,61220,61250,30
13.0066795349,80.2573013306,61250,61291,41
13.0066795349,80.2573013306,61291,61301,10
13.0066604614,80.2575378418,61301,61311,10
13.0068998337,80.2580566406,61311,61321,10
13.0073900223,80.2585601807,61321,61331,10
13.0076799393,80.258682251,61331,61341,10
13.0078802109,80.2587738037,61341,61351,10
13.0084295273,80.2589874268,61351,61362,11
13.0092401505,80.2591400146,61362,61372,10
13.0101995468,80.2591400146,61372,61382,10
13.011349678,80.2591400146,61382,61392,10
13.0125904083,80.2591629028,61392,61402,10
13.0139198303,80.2592315674,61402,61412,10
13.0151996613,80.2592697144,61412,61422,10
13.0161399841,80.2595291138,61422,61432,10
13.016500473,80.2597579956,61432,61442,10
13.016500473,80.2597732544,61442,61452,10
13.0167798996,80.2600021362,61452,61463,11
13.0174198151,80.2604293823,61463,61473,10
13.0181503296,80.2609329224,61473,61483,10
13.0187501907,80.2613601685,61483,61493,10
13.0193195343,80.2618484497,61493,61503,10
13.0202798843,80.2626876831,61503,61523,20
13.0202798843,80.2626876831,61523,61533,10
13.020409584,80.262802124,61533,61543,10
13.0210399628,80.2630004883,61543,61553,10
13.0218200684,80.2632827759,61553,61564,11
13.0223302841,80.2635116577,61564,61574,10
13.0228796005,80.2637786865,61574,61584,10
13.0230503082,80.2638702393,61584,61594,10
13.0231399536,80.2639312744,61594,61604,10
13.0235500336,80.2641677856,61604,61614,10
13.0242300034,80.2645721436,61614,61624,10
13.0249004364,80.2650909424,61624,61634,10
13.0254602432,80.2654571533,61634,61644,10
13.0260801315,80.265838623,61644,61654,10
13.0263500214,80.2656478882,61654,61665,11
13.0263595581,80.26537323,61665,61675,10
13.0263900757,80.2649230957,61675,61685,10
13.0264797211,80.2641830444,61685,61705,20
13.0264797211,80.2641830444,61705,61715,10
13.0265197754,80.2640228271,61715,61725,10
13.0265798569,80.2635421753,61725,61735,10
13.0269403458,80.2634887695,61735,61745,10
13.027589798,80.2636184692,61745,61755,10
13.0282297134,80.2637863159,61755,61766,11
13.0282897949,80.2638168335,61766,61776,10
13.0285396576,80.2639083862,61776,61786,10
13.0290403366,80.2640304565,61786,61796,10
13.0293197632,80.264289856,61796,61806,10
13.029299736,80.2648620605,61806,61816,10
13.0292797089,80.2655792236,61816,61826,10
13.0292396545,80.266166687,61826,61836,10
13.0292396545,80.2661895752,61836,61846,10
13.0292100906,80.2664337158,61846,61856,10
13.0293397903,80.2665863037,61856,61867,11
13.0298404694,80.2666473389,61867,61877,10
13.0306596756,80.2667922974,61877,61887,10
13.0315198898,80.2670288086,61887,61897,10
13.0322704315,80.2673416138,61897,61907,10
13.0325899124,80.2675170898,61907,61917,10
13.0329704285,80.2677383423,61917,61927,10
13.0335197449,80.2678604126,61927,61974,47
13.0335197449,80.2678604126,61974,61986,12
13.0338096619,80.2679977417,61986,61996,10
13.0340900421,80.2680435181,61996,62006,10
13.0345697403,80.2680664063,62006,62016,10
13.0345802307,80.2680664063,62016,62026,10
13.0345802307,80.2682037354,62026,62036,10
13.0344200134,80.2681274414,62036,62046,10
13.0341100693,80.2680282593,62046,62055,9
13.0334100723,80.2678909302,62055,62955,900
13.033200264,80.267791748,62955,63248,293
13.033200264,80.267791748,63248,63258,10
13.0331096649,80.2676620483,63258,63268,10
13.0328197479,80.2676010132,63268,63278,10
13.0325603485,80.2674484253,63278,63289,11
13.032409668,80.2673873901,63289,63299,10
13.031999588,80.2671737671,63299,63309,10
13.0314998627,80.266960144,63309,63319,10
13.030960083,80.2667770386,63319,63329,10
13.0303697586,80.2666778564,63329,63339,10
13.0297899246,80.2666168213,63339,63359,20
13.0297899246,80.2666168213,63359,63369,10
13.0294799805,80.2665481567,63369,63385,16
13.0290899277,80.2664031982,63385,63398,13
13.0285301208,80.2662811279,63398,63408,10
13.0281095505,80.2661895752,63408,63418,10
13.0277004242,80.2661132813,63418,63428,10
13.027130127,80.2660369873,63428,63438,10
13.0264196396,80.2659225464,63438,63448,10
13.025850296,80.2656784058,63448,63457,9
13.0252599716,80.2653198242,63457,63479,22
13.0252599716,80.2653198242,63479,63489,10
13.0250797272,80.2652282715,63489,63500,11
13.0247001648,80.2649612427,63500,63510,10
13.0242595673,80.2646179199,63510,63520,10
13.0236902237,80.2642593384,63520,63530,10
13.0231199265,80.2639389038,63530,63540,10
13.0225095749,80.2636184692,63540,63550,10
13.0220804214,80.2634277344,63550,63560,10
13.0220403671,80.2633972168,63560,63570,10
13.0218400955,80.2632980347,63570,63580,10
13.0214004517,80.2630996704,63580,63590,10
13.0207004547,80.2630233765,63590,63601,11
13.0201597214,80.2629776001,63601,63611,10
13.019610405,80.2629318237,63611,63621,10
13.0190601349,80.2628479004,63621,63631,10
13.0188903809,80.2623596191,63631,63641,10
13.0187902451,80.2615585327,63641,63651,10
13.0184001923,80.2611236572,63651,63661,10
13.017780304,80.2607192993,63661,63671,10
13.0171003342,80.2602462769,63671,63681,10
13.016119957,80.2596893311,63681,63702,21
13.016119957,80.2596893311,63702,63712,10
13.0158395767,80.2595596313,63712,63722,10
13.0152196884,80.2593688965,63722,63732,10
13.014380455,80.2592773438,63732,63742,10
13.0133895874,80.2592468262,63742,63752,10
13.0122003555,80.2592010498,63752,63762,10
13.0110797882,80.2591629028,63762,63772,10
13.0100002289,80.2592163086,63772,63782,10
13.0096597672,80.2592086792,63782,63792,10
13.0090703964,80.2591781616,63792,63803,11
13.0086402893,80.2592010498,63803,63813,10
13.0080604553,80.2592163086,63813,63823,10
13.0075101852,80.2593536377,63823,63833,10
13.0072002411,80.2587890625,63833,63842,9
13.0071496964,80.258682251,63842,63853,11
13.0070495605,80.2584609985,63853,63863,10
13.0068998337,80.2582168579,63863,63873,10
13.0065202713,80.2576217651,63873,63984,111
13.0065202713,80.2576217651,63984,63994,10
13.0064401627,80.2571563721,63994,64005,11
13.006480217,80.2564697266,64005,64015,10
13.0064897537,80.2555007935,64015,64025,10
13.0065097809,80.2545471191,64025,64035,10
13.0064697266,80.2531890869,64035,64055,20
13.0064697266,80.2531890869,64055,64065,10
13.006480217,80.2529296875,64065,64075,10
13.0064897537,80.2525100708,64075,64085,10
13.0065202713,80.2523193359,64085,64095,10
13.0065402985,80.2522277832,64095,64106,11
13.0066604614,80.251739502,64106,64116,10
13.0067300797,80.2509765625,64116,64126,10
13.0067195892,80.2501220703,64126,64136,10
13.0067195892,80.2496566772,64136,64146,10
13.0067195892,80.2493667603,64146,64156,10
13.0066699982,80.2486724854,64156,64166,10
13.0066404343,80.248046875,64166,64176,10
13.0066299438,80.2472915649,64176,64186,10
13.0065603256,80.2465896606,64186,64207,21
13.0065603256,80.2465896606,64207,64217,10
13.0065803528,80.2464294434,64217,64227,10
13.0066204071,80.2459030151,64227,64237,10
13.0066099167,80.2450790405,64237,64247,10
13.0066099167,80.2442321777,64247,64257,10
13.0066003799,80.2435073853,64257,64267,10
13.0065402985,80.2428131104,64267,64277,10
13.006529808,80.2416610718,64277,64297,20
13.006529808,80.2416610718,64297,64308,11
13.0065498352,80.2413635254,64308,64318,10
13.0066299438,80.2406921387,64318,64328,10
13.0068101883,80.2398071289,64328,64338,10
13.0070199966,80.2387390137,64338,64347,9
13.0072202682,80.2378005981,64347,64358,11
13.0073604584,80.2370223999,64358,64368,10
13.0073795319,80.2367172241,64368,64378,10
13.0074195862,80.236618042,64378,64388,10
13.0075397491,80.2361297607,64388,64398,10
13.0077104568,80.2353591919,64398,64409,11
13.0079298019,80.2343063354,64409,64419,10
13.0081796646,80.2331008911,64419,64429,10
13.0084295273,80.2317810059,64429,64439,10
13.0086698532,80.23046875,64439,64449,10
13.008939743,80.2292022705,64449,64459,10
13.0092201233,80.2279891968,64459,64469,10
13.0097103119,80.226890564,64469,64479,10
13.0102500916,80.2258300781,64479,64488,9
13.0105695724,80.2252197266,64488,64498,10
13.0106601715,80.2250823975,64498,64510,12
13.0108995438,80.2245178223,64510,64520,10
13.0112495422,80.2237014771,64520,64530,10
13.0115995407,80.2227401733,64530,64540,10
13.0119895935,80.2217636108,64540,64550,10
13.0123100281,80.221496582,64550,64560,10
13.0125198364,80.2217712402,64560,64571,11
13.012960434,80.2223510742,64571,64581,10
13.0135097504,80.2229614258,64581,64591,10
13.0140304565,80.2236022949,64591,64601,10
13.0146198273,80.2242507935,64601,64612,11
13.015540123,80.2250289917,64612,64632,20
13.015540123,80.2250289917,64632,64642,10
13.0156497955,80.2251205444,64642,64652,10
13.0161399841,80.2253570557,64652,64662,10
13.0169897079,80.225151062,64662,64672,10
13.0180397034,80.2247314453,64672,64682,10
13.019080162,80.2244033813,64682,64692,10
13.0199899673,80.2247390747,64692,64702,10
13.0206403732,80.2251815796,64702,64713,11
13.0212497711,80.2256622314,64713,64723,10
13.0220003128,80.2261886597,64723,64743,20
13.0220003128,80.2261886597,64743,64753,10
13.022310257,80.2264709473,64753,64763,10
13.0228796005,80.2269897461,64763,64773,10
13.0235996246,80.2276687622,64773,64783,10
13.0241699219,80.2282562256,64783,64803,20
13.0241699219,80.2282562256,64803,64814,11
13.024310112,80.2284393311,64814,64830,16
13.0248003006,80.2291564941,64830,64842,12
13.0253601074,80.2299118042,64842,64852,10
13.0257997513,80.2305984497,64852,64862,10
13.0259599686,80.2309875488,64862,64872,10
13.025970459,80.2310180664,64872,64882,10
13.0260095596,80.2313079834,64882,64892,10
13.0266304016,80.2312164307,64892,64902,10
13.0274496078,80.2310180664,64902,64912,10
13.028169632,80.2309265137,64912,64923,11
13.028459549,80.2308883667,64923,64933,10
13.0288200378,80.2308502197,64933,64943,10
13.0294399261,80.230796814,64943,64953,10
13.0301399231,80.2307434082,64953,64963,10
13.0308799744,80.2306900024,64963,64973,10
13.0316696167,80.2306289673,64973,64983,10
13.0322704315,80.2305831909,64983,64993,10
13.033200264,80.2304992676,64993,65024,31
13.033200264,80.2304992676,65024,65034,10
13.0332403183,80.2304992676,65034,65044,10
13.0337896347,80.2304534912,65044,65104,60
13.0337896347,80.2304534912,65104,65115,11
13.0342197418,80.2304000854,65115,65125,10
13.0346603394,80.2303009033,65125,65135,10
13.0348300934,80.2299880981,65135,65226,91
13.0344696045,80.2300491333,65226,66165,939
13.0344696045,80.2300491333,66165,66175,10
13.034119606,80.2302017212,66175,66215,40
13.034119606,80.2302017212,66215,66225,10
13.0334396362,80.2304763794,66225,66246,21
13.0334396362,80.2304763794,66246,66256,10
13.0331096649,80.2304763794,66256,66266,10
13.0325498581,80.2305297852,66266,66276,10
13.0318498611,80.2305908203,66276,66286,10
13.0311002731,80.2306594849,66286,66296,10
13.030670166,80.2306976318,66296,66306,10
13.0301599503,80.2307434082,66306,66316,10
13.0297002792,80.230796814,66316,66326,10
13.0296802521,80.230796814,66326,66337,11
13.0295801163,80.2308120728,66337,66347,10
13.0291700363,80.2308502197,66347,66357,10
13.0286197662,80.2309188843,66357,66367,10
13.0280399323,80.2309417725,66367,66377,10
13.0277004242,80.2310409546,66377,66387,10
13.0277204514,80.2315292358,66387,66397,10
13.027759552,80.2320022583,66397,66407,10
13.0278396606,80.232460022,66407,66417,10
13.0277204514,80.2328109741,66417,66427,10
13.0272197723,80.2328720093,66427,66438,11
13.0268602371,80.2329406738,66438,66468,30
13.0268602371,80.2329406738,66468,66478,10
13.0264396667,80.2329177856,66478,66488,10
13.0264396667,80.2329177856,66488,66498,10
13.0262403488,80.2324829102,66498,66508,10
13.0260400772,80.2317810059,66508,66518,10
13.0258102417,80.2309265137,66518,66528,10
13.025349617,80.2300186157,66528,66539,11
13.0247297287,80.2292327881,66539,66549,10
13.0244102478,80.2287826538,66549,66561,12
13.0239400864,80.2282485962,66561,66581,20
13.0239400864,80.2282485962,66581,66590,9
13.0238704681,80.2281723022,66590,66601,11
13.0235500336,80.2277984619,66601,66611,10
13.0232601166,80.2274780273,66611,66621,10
13.0228204727,80.2270584106,66621,66632,11
13.0222196579,80.2265014648,66632,66642,10
13.0215702057,80.2259674072,66642,66652,10
13.0210399628,80.2255630493,66652,66662,10
13.0206003189,80.2252502441,66662,66672,10
13.0202999115,80.2250671387,66672,66682,10
13.0200996399,80.224937439,66682,66692,10
13.0196399689,80.224609375,66692,66702,10
13.0188598633,80.2244262695,66702,66712,10
13.0180397034,80.2247314453,66712,66722,10
13.0173196793,80.2250518799,66722,66732,10
13.0165596008,80.2253723145,66732,66743,11
13.0159196854,80.2256011963,66743,66753,10
13.0152902603,80.2258224487,66753,66763,10
13.0146503448,80.2260818481,66763,66773,10
13.0142297745,80.2262573242,66773,66793,20
13.0142297745,80.2262573242,66793,66803,10
13.013999939,80.2263183594,66803,66813,10
13.0134801865,80.2265319824,66813,66823,10
13.0127401352,80.2268218994,66823,66833,10
13.0118598938,80.2271575928,66833,66844,11
13.0108003616,80.2275924683,66844,66854,10
13.0098104477,80.2279891968,66854,66864,10
13.0090904236,80.2286300659,66864,66874,10
13.0088996887,80.2296066284,66874,66884,10
13.0087003708,80.230682373,66884,66894,10
13.0085096359,80.2316818237,66894,66904,10
13.0083198547,80.2326965332,66904,66914,10
13.0081996918,80.2335586548,66914,66934,20
13.0081996918,80.2335586548,66934,66945,11
13.0081195831,80.2337799072,66945,66955,10
13.0080003738,80.2342834473,66955,66965,10
13.0079097748,80.2348098755,66965,66975,10
13.007900238,80.2348403931,66975,66991,16
13.0078802109,80.234992981,66991,67004,13
13.0077199936,80.2357025146,67004,67014,10
13.0075597763,80.2365264893,67014,67024,10
13.007399559,80.2373199463,67024,67033,9
13.0072803497,80.2379837036,67033,67045,12
13.0071601868,80.2387237549,67045,67055,10
13.0070800781,80.2392196655,67055,67065,10
13.0069904327,80.2397384644,67065,67104,39
13.0069904327,80.2397384644,67104,67114,10
13.006939888,80.2401199341,67114,67125,11
13.0068597794,80.2406616211,67125,67135,10
13.0068397522,80.2407302856,67135,67146,11
13.0067796707,80.2409362793,67146,67156,10
13.0067396164,80.2415390015,67156,67166,10
13.0066995621,80.242401123,67166,67176,10
13.0066795349,80.2432174683,67176,67186,10
13.0066604614,80.2440032959,67186,67196,10
13.0066604614,80.2449035645,67196,67206,10
13.0066699982,80.24559021,67206,67216,10
13.0066795349,80.2461624146,67216,67226,10
13.0067195892,80.2470703125,67226,67236,10
13.0066795349,80.247756958,67236,67247,11
13.0067300797,80.2488021851,67247,67257,10
13.006819725,80.2495498657,67257,67267,10
13.0068101883,80.2496566772,67267,67277,10
13.006819725,80.2498397827,67277,67287,10
13.0067796707,80.2501678467,67287,67297,10
13.0067796707,80.2508163452,67297,67317,20
13.0067796707,80.2508163452,67317,67326,9
13.0067996979,80.2509231567,67326,67337,11
13.0067796707,80.2513427734,67337,67348,11
13.0066204071,80.251991272,67348,67358,10
13.006529808,80.2524032593,67358,67368,10
13.006529808,80.2529220581,67368,67378,10
13.0065402985,80.2537078857,67378,67388,10
13.0065698624,80.2545928955,67388,67398,10
13.0065898895,80.2553863525,67398,67408,10
13.0065898895,80.2563095093,67408,67418,10
13.0066795349,80.2572402954,67418,67529,111
13.0066795349,80.2572402954,67529,67539,10
13.0068101883,80.257598877,67539,67550,11
13.0071401596,80.2582168579,67550,67560,10
13.0076999664,80.2585983276,67560,67570,10
13.0077695847,80.2586364746,67570,67580,10
13.0078401566,80.258682251,67580,67589,9
13.0081396103,80.2588195801,67589,67600,11
13.0088300705,80.2590408325,67600,67610,10
13.0096197128,80.2590484619,67610,67620,10
13.0106096268,80.2590637207,67620,67630,10
13.0117397308,80.2590332031,67630,67640,10
13.0129299164,80.2590789795,67640,67651,11
13.0142698288,80.2591400146,67651,67661,10
13.0153303146,80.2592010498,67661,67671,10
13.0164403915,80.2596893311,67671,67691,20
13.0164403915,80.2596893311,67691,67701,10
13.0165596008,80.259803772,67701,67711,10
13.0169496536,80.2600784302,67711,67721,10
13.0175600052,80.2604904175,67721,67731,10
13.0181903839,80.2609405518,67731,67741,10
13.0187797546,80.2613830566,67741,67752,11
13.0192298889,80.2617492676,67752,67762,10
13.0195999146,80.2621536255,67762,67772,10
13.0202302933,80.2626495361,67772,67792,20
13.0202302933,80.2626495361,67792,67802,10
13.0203504562,80.2627105713,67802,67812,10
13.0207395554,80.262840271,67812,67822,10
13.0212602615,80.2630004883,67822,67832,10
13.0217199326,80.2631912231,67832,67842,10
13.0220603943,80.2633514404,67842,67853,11
13.0225200653,80.2635726929,67853,67863,10
13.022939682,80.2637786865,67863,67873,10
13.0229501724,80.2637786865,67873,67883,10
13.0231304169,80.2639007568,67883,67893,10
13.0235795975,80.2641601563,67893,67903,10
13.0242099762,80.2645263672,67903,67913,10
13.0247802734,80.2649612427,67913,67923,10
13.0252304077,80.2653121948,67923,67933,10
13.0256795883,80.2656097412,67933,67943,10
13.0260896683,80.2658462524,67943,67954,11
13.0263004303,80.2655105591,67954,67964,10
13.0263299942,80.2648925781,67964,67974,10
13.02643013,80.2640304565,67974,67994,20
13.02643013,80.2640304565,67994,68004,10
13.0264396667,80.2639389038,68004,68014,10
13.0264797211,80.2634735107,68014,68024,10
13.0267601013,80.2633895874,68024,68034,10
13.0271902084,80.2634811401,68034,68044,10
13.0281496048,80.2637405396,68044,68065,21
13.0281496048,80.2637405396,68065,68075,10
13.0285196304,80.2638168335,68075,68085,10
13.0289402008,80.2639389038,68085,68095,10
13.0292196274,80.2641372681,68095,68105,10
13.0292301178,80.2646179199,68105,68115,10
13.0292196274,80.2652816772,68115,68125,10
13.0291900635,80.2658996582,68125,68135,10
13.0291795731,80.2660598755,68135,68145,10
13.0291795731,80.2661437988,68145,68156,11
13.0291595459,80.266418457,68156,68165,9
13.0291795731,80.2664489746,68165,68176,11
13.0294704437,80.2665481567,68176,68186,10
13.0298500061,80.2666015625,68186,68196,10
13.0302095413,80.2666625977,68196,68206,10
13.030790329,80.266746521,68206,68216,10
13.0309896469,80.2667922974,68216,68226,10
13.0313901901,80.2669372559,68226,68236,10
13.0317697525,80.2670974731,68236,68246,10
13.0323295593,80.2673568726,68246,68257,11
13.032910347,80.2676696777,68257,68267,10
13.0333404541,80.2677688599,68267,68297,30
13.0333404541,80.2677688599,68297,68307,10
13.0334300995,80.2678222656,68307,68317,10
13.0338201523,80.2678985596,68317,68337,20
13.0338201523,80.2678985596,68337,68347,10
13.034070015,80.2679214478,68347,68358,11
13.0344600677,80.2679595947,68358,68368,10
13.0344896317,80.2679595947,68368,68377,9
13.0343704224,80.2680511475,68377,68408,31
13.0343704224,80.2680511475,68408,68418,10
13.0341596603,80.2679367065,68418,68428,10
13.0339403152,80.2678833008,68428,68438,10
13.0334396362,80.2678222656,68438,69044,606
13.0334396362,80.2678222656,69044,69054,10
13.0329904556,80.2677230835,69054,69065,11
13.0325298309,80.2674865723,69065,69095,30
13.0325298309,80.2674865723,69095,69105,10
13.0322904587,80.2673568726,69105,69115,10
13.0318698883,80.2671508789,69115,69125,10
13.0312700272,80.2668914795,69125,69135,10
13.0305204391,80.2667007446,69135,69145,10
13.029800415,80.2665863037,69145,69153,8
13.0293903351,80.2665176392,69153,69165,12
13.028840065,80.2663269043,69165,69176,11
13.0282802582,80.266242981,69176,69186,10
13.0276002884,80.2661132813,69186,69196,10
13.026889801,80.2660217285,69196,69206,10
13.0259895325,80.2657775879,69206,69216,10
13.0256204605,80.2655487061,69216,69226,10
13.0252599716,80.2653427124,69226,69236,10
13.0251598358,80.2652816772,69236,69246,10
13.0249595642,80.2651062012,69246,69256,10
13.0245399475,80.264793396,69256,69267,11
13.024020195,80.2644271851,69267,69277,10
13.0235500336,80.2641601563,69277,69287,10
13.0228700638,80.2638092041,69287,69297,10
13.0222101212,80.263458252,69297,69307,10
13.0220499039,80.263381958,69307,69317,10
13.0218200684,80.2632522583,69317,69327,10
13.0212802887,80.2630386353,69327,69337,10
13.0204496384,80.2629623413,69337,69347,10
13.0198202133,80.2629089355,69347,69357,10
13.0191202164,80.262840271,69357,69368,11
13.0188703537,80.2624816895,69368,69378,10
13.0187501907,80.2616424561,69378,69388,10
13.0183897018,80.2610931396,69388,69398,10
13.0177602768,80.2606811523,69398,69408,10
13.0170001984,80.2601699829,69408,69417,9
13.016289711,80.2597579956,69417,69428,11
13.0160303116,80.2596435547,69428,69438,10
13.0158996582,80.2595825195,69438,69448,10
13.015250206,80.2593383789,69448,69458,10
13.0144195557,80.2592315674,69458,69469,11
13.0132904053,80.2591705322,69469,69479,10
13.012260437,80.2591400146,69479,69489,10
13.0111904144,80.2591018677,69489,69499,10
13.0101900101,80.2592010498,69499,69509,10
13.0098199844,80.2592086792,69509,69519,10
13.0093803406,80.2591629028,69519,69529,10
13.0087404251,80.2591171265,69529,69539,10
13.0084199905,80.2591094971,69539,69548,9
13.0078496933,80.2592010498,69548,69558,10
13.0073795319,80.2592315674,69558,69570,12
13.0071296692,80.258682251,69570,69580,10
13.0071201324,80.2586593628,69580,69590,10
13.0069704056,80.2583618164,69590,69600,10
13.0067596436,80.2580184937,69600,69610,10
13.0065402985,80.2576675415,69610,69630,20
13.0065402985,80.2576675415,69630,69640,10
13.006480217,80.2573776245,69640,69650,10
13.0064401627,80.2568206787,69650,69660,10
13.0064096451,80.2561721802,69660,69671,11
13.0064096451,80.2554397583,69671,69681,10
13.0064496994,80.2547302246,69681,69691,10
13.0064201355,80.2538986206,69691,69701,10
13.0064001083,80.2532424927,69701,69710,9
13.0063896179,80.2531661987,69710,69721,11
13.0063896179,80.2531509399,69721,69731,10
13.0064001083,80.2527084351,69731,69741,10
13.0064601898,80.2520523071,69741,69802,61
13.0064601898,80.2520523071,69802,69812,10
13.0064201355,80.2519226074,69812,69822,10
13.0065402985,80.2515182495,69822,69831,9
13.0066099167,80.2509384155,69831,69842,11
13.0066404343,80.2499694824,69842,69852,10
13.0066404343,80.2495880127,69852,69863,11
13.0066299438,80.2490997314,69863,69874,11
13.0065698624,80.2482681274,69874,69884,10
13.0065402985,80.2477035522,69884,69894,10
13.0065498352,80.2471389771,69894,69904,10
13.0064897537,80.2465515137,69904,69914,10
13.0065002441,80.2464599609,69914,69924,10
13.0065698624,80.2462234497,69924,69934,10
13.0065803528,80.2455062866,69934,69944,10
13.0065603256,80.244720459,69944,69954,10
13.0065603256,80.2440490723,69954,69964,10
13.0065603256,80.2433776855,69964,69975,11
13.0065202713,80.2426376343,69975,69985,10
13.0065002441,80.2416992188,69985,69995,10
13.0065402985,80.2408905029,69995,70005,10
13.0066299438,80.2400970459,70005,70015,10
13.006819725,80.2392196655,70015,70025,10
13.0069999695,80.2383117676,70025,70035,10
13.0071496964,80.2376480103,70035,70045,10
13.0072803497,80.2370071411,70045,70055,10
13.0073099136,80.2367630005,70055,70065,10
13.007349968,80.2366409302,70065,70076,11
13.0074996948,80.236076355,70076,70086,10
13.0076799393,80.2352371216,70086,70096,10
13.007900238,80.2342071533,70096,70106,10
13.0081501007,80.2329483032,70106,70116,10
13.0084400177,80.2315292358,70116,70126,10
13.0086898804,80.2301635742,70126,70136,10
13.0089502335,80.2289199829,70136,70146,10
13.0092096329,80.2278900146,70146,70155,9
13.0095996857,80.2270202637,70155,70166,11
13.0100698471,80.2260284424,70166,70176,10
13.0103702545,80.2253417969,70176,70187,11
13.0105695724,80.2249526978,70187,70197,10
13.0107002258,80.2246398926,70197,70205,8
13.0108804703,80.2242584229,70205,70217,12
13.0112600327,80.2234115601,70217,70227,10
13.0115499496,80.2226409912,70227,70237,10
13.011879921,80.2216796875,70237,70247,10
13.0122804642,80.221496582,70247,70257,10
13.0126800537,80.2219772339,70257,70267,10
13.0131397247,80.2225418091,70267,70277,10
13.0137300491,80.2231826782,70277,70288,11
13.0142097473,80.2237625122,70288,70298,10
13.0146999359,80.2243499756,70298,70308,10
13.0151700974,80.2247695923,70308,70318,10
13.015250206,80.2248535156,70318,70328,10
13.0155096054,80.2250289917,70328,70338,10
13.0156803131,80.2251663208,70338,70348,10
13.0163097382,80.2253265381,70348,70358,10
13.0171604156,80.2250595093,70358,70368,10
13.0182304382,80.2246322632,70368,70379,11
13.0192804337,80.2243728638,70379,70389,10
13.019900322,80.2246704102,70389,70399,10
13.0204401016,80.2250595093,70399,70409,10
13.0207500458,80.2252578735,70409,70419,10
13.0211400986,80.2255706787,70419,70429,10
13.0217103958,80.2260131836,70429,70439,10
13.0221595764,80.22631073,70439,70449,10
13.0221700668,80.2263183594,70449,70459,10
13.022359848,80.2265319824,70459,70469,10
13.0229196548,80.2270431519,70469,70479,10
13.0241699219,80.2282562256,70479,70500,21
13.0241699219,80.2282562256,70500,70510,10
13.0244197845,80.2286300659,70510,70520,10
13.0247602463,80.2291412354,70520,70530,10
13.025270462,80.2297821045,70530,70540,10
13.025759697,80.2304763794,70540,70550,10
13.0258598328,80.2307128906,70550,70560,10
13.0259399414,80.2309570313,70560,70570,10
13.0260601044,80.2312774658,70570,70581,11
13.0267400742,80.2311172485,70581,70591,10
13.0275497437,80.2309265137,70591,70601,10
13.0282897949,80.2308578491,70601,70611,10
13.0284204483,80.2308502197,70611,70621,10
13.029250145,80.2307815552,70621,70671,50
13.029250145,80.2307815552,70671,70681,10
13.0295095444,80.2307815552,70681,70692,11
13.0301904678,80.23072052,70692,70702,10
13.0306797028,80.230682373,70702,70712,10
13.0311203003,80.2306289673,70712,70722,10
13.0317401886,80.2305908203,70722,70732,10
13.032409668,80.2305297852,70732,70742,10
13.032790184,80.2304992676,70742,70752,10
13.0333995819,80.2304611206,70752,70762,10
13.0338602066,80.230430603,70762,70772,10
13.0338697433,80.230430603,70772,70783,11
13.0340003967,80.2304229736,70783,70793,10
13.0342302322,80.2303771973,70793,70803,10
13.0346803665,80.2302703857,70803,70813,10
13.0349197388,80.2301025391,70813,70823,10
13.0346899033,80.2299880981,70823,70853,30
13.0345497131,80.2300415039,70853,71235,382
13.0342102051,80.2299499512,71235,71962,727
13.0342102051,80.2299499512,71962,71972,10
13.0340795517,80.2303314209,71972,71982,10
13.0339698792,80.2304077148,71982,71992,10
13.0334396362,80.230430603,71992,72013,21
13.0334396362,80.230430603,72013,72023,10
13.0333404541,80.230430603,72023,72033,10
13.0329504013,80.23046875,72033,72043,10
13.0324697495,80.2305221558,72043,72053,10
13.0318498611,80.2305908203,72053,72063,10
13.0311698914,80.2306594849,72063,72073,10
13.0306797028,80.2306976318,72073,72083,10
13.0304803848,80.2307128906,72083,72093,10
13.0301303864,80.2307434082,72093,72104,11
13.029709816,80.230796814,72104,72114,10
13.0296201706,80.230796814,72114,72124,10
13.0292797089,80.2308197021,72124,72134,10
13.028719902,80.2308578491,72134,72144,10
13.0282001495,80.2309112549,72144,72154,10
13.027759552,80.2309570313,72154,72164,10
13.0276699066,80.2312698364,72164,72174,10
13.0277004242,80.2318191528,72174,72183,9
13.0277996063,80.2323379517,72183,72193,10
13.0277299881,80.2327728271,72193,72205,12
13.0270299911,80.2328872681,72205,72225,20
13.0270299911,80.2328872681,72225,72235,10
13.0269403458,80.2329025269,72235,72245,10
13.0267601013,80.2329177856,72245,72255,10
13.0264396667,80.2328872681,72255,72265,10
13.0262203217,80.2324676514,72265,72275,10
13.0260601044,80.231842041,72275,72285,10
13.0258703232,80.231086731,72285,72295,10
13.025560379,80.2303009033,72295,72306,11
13.0249996185,80.2295379639,72306,72316,10
13.0245800018,80.2290115356,72316,72326,10
13.0242004395,80.2285232544,72326,72336,10
13.0239696503,80.2282867432,72336,72346,10
13.0239696503,80.2282791138,72346,72356,10
13.0239095688,80.228187561,72356,72366,10
13.0236101151,80.2278289795,72366,72376,10
13.0233802795,80.2275619507,72376,72386,10
13.0232896805,80.2274475098,72386,72397,11
13.0228099823,80.2270202637,72397,72407,10
13.0221595764,80.2264633179,72407,72417,10
13.0214500427,80.2258834839,72417,72427,10
13.0207595825,80.2253417969,72427,72437,10
13.0201101303,80.224899292,72437,72447,10
13.019490242,80.2245178223,72447,72457,10
13.0185804367,80.2244796753,72457,72467,10
13.0176095963,80.224861145,72467,72477,10
13.0167303085,80.2252197266,72477,72487,10
13.0159196854,80.2255477905,72487,72497,10
13.0152301788,80.2258071899,72497,72508,11
13.0150003433,80.2259216309,72508,72518,10
13.0149402618,80.2259368896,72518,72528,10
13.0145397186,80.2260971069,72528,72548,20
13.0145397186,80.2260971069,72548,72558,10
13.0143995285,80.2261428833,72558,72568,10
13.0143404007,80.2261581421,72568,72578,10
13.0139503479,80.2263183594,72578,72588,10
13.0134496689,80.2265090942,72588,72598,10
13.0128698349,80.2267379761,72598,72609,11
13.0120601654,80.2270584106,72609,72619,10
13.011179924,80.2274017334,72619,72629,10
13.0103502274,80.2277374268,72629,72639,10
13.0097103119,80.228012085,72639,72649,10
13.0090904236,80.2284698486,72649,72659,10
13.008890152,80.2294082642,72659,72669,10
13.0086698532,80.230506897,72669,72679,10
13.0084896088,80.2314834595,72679,72689,10
13.0082998276,80.2325134277,72689,72699,10
13.008190155,80.2333831787,72699,72710,11
13.0081596375,80.2334976196,72710,72720,10
13.008099556,80.2336883545,72720,72730,10
13.0079803467,80.2342376709,72730,72740,10
13.007809639,80.2350463867,72740,72750,10
13.007610321,80.2360992432,72750,72760,10
13.0073900223,80.237197876,72760,72770,10
13.0072002411,80.2382507324,72770,72780,10
13.0069904327,80.2394485474,72780,72821,41
13.0069904327,80.2394485474,72821,72831,10
13.0069198608,80.2398681641,72831,72841,10
13.0068397522,80.2404174805,72841,72851,10
13.0067796707,80.2407531738,72851,72871,20
13.0067796707,80.2407531738,72871,72881,10
13.0066995621,80.2411499023,72881,72891,10
13.0066699982,80.2418823242,72891,72901,10
13.006649971,80.2427902222,72901,72912,11
13.0066404343,80.243560791,72912,72922,10
13.0066404343,80.2444229126,72922,72932,10
13.0066404343,80.2452316284,72932,72942,10
13.0066604614,80.2461013794,72942,72952,10
13.0066900253,80.2469863892,72952,72962,10
13.0066795349,80.2478408813,72962,72972,10
13.0067195892,80.2487564087,72972,72982,10
13.0068101883,80.2494277954,72982,73002,20
13.0068101883,80.2494277954,73002,73013,11
13.0067996979,80.2496795654,73013,73023,10
13.0067901611,80.2499237061,73023,73043,20
13.0067901611,80.2499237061,73043,73053,10
13.0067596436,80.25025177,73053,73063,10
13.0067796707,80.2506027222,73063,73073,10
13.006770134,80.2510528564,73073,73083,10
13.0066900253,80.2515716553,73083,73093,10
13.0065498352,80.2521514893,73093,73103,10
13.0064897537,80.252822876,73103,73114,11
13.0064897537,80.2536392212,73114,73124,10
13.0065202713,80.2543563843,73124,73134,10
13.0065402985,80.2550582886,73134,73144,10
13.0065803528,80.2559967041,73144,73154,10
13.0066099167,80.2567977905,73154,73164,10
13.0066404343,80.2572402954,73164,73245,81
13.0066404343,80.2572402954,73245,73255,10
13.0066099167,80.2574996948,73255,73265,10
13.0068397522,80.2580184937,73265,73275,10
13.0073604584,80.2585296631,73275,73285,10
13.0076303482,80.2586364746,73285,73295,10
13.0076799393,80.2586364746,73295,73305,10
13.0080404282,80.2587966919,73305,73316,11
13.0087604523,80.2590179443,73316,73326,10
13.0095701218,80.2590332031,73326,73336,10
13.0104799271,80.2590179443,73336,73346,10
13.0114603043,80.2590179443,73346,73356,10
13.0125999451,80.2590484619,73356,73366,10
13.0137996674,80.2591094971,73366,73376,10
13.0150604248,80.2591781616,73376,73386,10
13.0163497925,80.2596130371,73386,73417,31
13.0163497925,80.2596130371,73417,73427,10
13.0165596008,80.2597885132,73427,73437,10
13.0170402527,80.2601165771,73437,73447,10
13.0177297592,80.2605895996,73447,73457,10
13.0182504654,80.2609481812,73457,73467,10
13.0189199448,80.2614517212,73467,73477,10
13.019490242,80.2619400024,73477,73487,10
13.0201702118,80.2625732422,73487,73507,20
13.0201702118,80.2625732422,73507,73518,11
13.0203695297,80.2627105713,73518,73528,10
13.0208997726,80.2628707886,73528,73538,10
13.0215597153,80.263092041,73538,73548,10
13.0219802856,80.2632827759,73548,73558,10
13.0223398209,80.2634735107,73558,73568,10
13.0228204727,80.2637176514,73568,73578,10
13.0229597092,80.2638092041,73578,73588,10
13.0231199265,80.2639389038,73588,73598,10
13.0235900879,80.2641983032,73598,73608,10
13.0242595673,80.2645721436,73608,73619,11
13.0249204636,80.2650604248,73619,73629,10
13.02546978,80.2654418945,73629,73639,10
13.0260095596,80.2657318115,73639,73649,10
13.0262804031,80.2657623291,73649,73659,10
13.0263299942,80.2652893066,73659,73669,10
13.0263595581,80.2648391724,73669,73679,10
13.0264997482,80.2638397217,73679,73689,10
13.0264997482,80.2638397217,73689,73699,10
13.0265102386,80.2637863159,73699,73709,10
13.0265398026,80.2634735107,73709,73720,11
13.0268297195,80.2633590698,73720,73730,10
13.0274295807,80.2634887695,73730,73740,10
13.0281000137,80.2636566162,73740,73750,10
13.0282402039,80.2637176514,73750,73761,11
13.0283899307,80.2637710571,73761,73771,10
13.0288600922,80.2639007568,73771,73781,10
13.0292396545,80.2641830444,73781,73791,10
13.029250145,80.2647399902,73791,73801,10
13.0292100906,80.2659988403,73801,73822,21
13.0292100906,80.2659988403,73822,73832,10
13.0291700363,80.2663192749,73832,73842,10
13.0291996002,80.2664794922,73842,73851,9
13.0293998718,80.2665176392,73851,73862,11
13.0295295715,80.2665481567,73862,73872,10
13.0299301147,80.2665863037,73872,73881,9
13.0303602219,80.2666397095,73881,73891,10
13.0308799744,80.2667236328,73891,73902,11
13.0314302444,80.2669219971,73902,73912,10
13.0320100784,80.2671737671,73912,73923,11
13.0322704315,80.2673034668,73923,73933,10
13.0325603485,80.2674789429,73933,73943,10
13.0329999924,80.2676773071,73943,73953,10
13.0334396362,80.2677688599,73953,73973,20
13.0334396362,80.2677688599,73973,73983,10
13.033539772,80.267791748,73983,73993,10
13.0339202881,80.2678833008,73993,74003,10
13.034529686,80.2679290771,74003,74024,21
13.034529686,80.2679290771,74024,74034,10
13.0344104767,80.2680664063,74034,74064,30
13.0344104767,80.2680664063,74064,74074,10
13.0342702866,80.2679519653,74074,74084,10
13.034070015,80.2679367065,74084,74094,10
13.0338602066,80.2678985596,74094,74104,10
13.0334796906,80.2678375244,74104,74327,223
13.0334100723,80.2677383423,74327,74741,414
13.0334501266,80.2678985596,74741,75387,646
13.0334501266,80.2678985596,75387,75397,10
13.0333003998,80.2677993774,75397,75407,10
13.0331802368,80.2677536011,75407,75417,10
13.0330495834,80.2677230835,75417,75427,10
13.0328397751,80.2677001953,75427,75438,11
13.0325803757,80.2675323486,75438,75448,10
13.0323600769,80.2673721313,75448,75458,10
13.0319004059,80.2671890259,75458,75468,10
13.0313997269,80.266998291,75468,75478,10
13.0307302475,80.2668380737,75478,75488,10
13.0301704407,80.2667236328,75488,75498,10
13.0297403336,80.2666702271,75498,75508,10
13.029709816,80.2666625977,75508,75518,10
13.0294599533,80.2665786743,75518,75528,10
13.0291996002,80.2665023804,75528,75539,11
13.0289297104,80.2663803101,75539,75549,10
13.0285596848,80.2662963867,75549,75559,10
13.0281095505,80.266242981,75559,75569,10
13.0275201797,80.2661590576,75569,75579,10
13.0269002914,80.2660903931,75579,75589,10
13.0263795853,80.2659988403,75589,75640,51
13.0263795853,80.2659988403,75640,75650,10
13.0260801315,80.2658462524,75650,75660,10
13.0252599716,80.2653427124,75660,75680,20
13.0252599716,80.2653427124,75680,75690,10
13.0251598358,80.2652587891,75690,75700,10
13.0248098373,80.2649765015,75700,75716,16
13.0237903595,80.264289856,75716,75728,12
13.0230102539,80.2638778687,75728,75738,10
13.022310257,80.2635116577,75738,75749,11
13.0220804214,80.2633895874,75749,75759,10
13.0220098495,80.2633285522,75759,75769,10
13.0216798782,80.2631835938,75769,75779,10
13.0210199356,80.2630386353,75779,75789,10
13.02023983,80.2630004883,75789,75799,10
13.0196800232,80.2629470825,75799,75809,10
13.0190601349,80.2628707886,75809,75819,10
13.018910408,80.2623062134,75819,75829,10
13.0187797546,80.2615432739,75829,75839,10
13.0183200836,80.2610778809,75839,75850,11
13.0177097321,80.2606811523,75850,75860,10
13.0170202255,80.2602233887,75860,75870,10
13.0162200928,80.2597579956,75870,75880,10
13.0160503387,80.2596817017,75880,75890,10
13.0158700943,80.2595825195,75890,75900,10
13.0152597427,80.2593765259,75900,75910,10
13.0144300461,80.2592697144,75910,75920,10
13.0134496689,80.2592391968,75920,75930,10
13.0124702454,80.2592086792,75930,75941,11
13.0114297867,80.2591629028,75941,75951,10
13.0106897354,80.2591781616,75951,75961,10
13.0099201202,80.2592391968,75961,75971,10
13.0096302032,80.2592391968,75971,75981,10
13.009059906,80.2592163086,75981,75991,10
13.0086898804,80.2592163086,75991,76001,10
13.0081796646,80.2592163086,76001,76011,10
13.0075597763,80.2593383789,76011,76021,10
13.0072402954,80.2587280273,76021,76031,10
13.0072002411,80.2586593628,76031,76042,11
13.0070104599,80.2583770752,76042,76052,10
13.0068302155,80.2580795288,76052,76062,10
13.0066099167,80.2577667236,76062,76082,20
13.0066099167,80.2577667236,76082,76092,10
13.006480217,80.257522583,76092,76102,10
13.0064496994,80.257019043,76102,76112,10
13.0064296722,80.2564620972,76112,76122,10
13.0064496994,80.2557067871,76122,76132,10
13.0065002441,80.2551193237,76132,76142,10
13.0065002441,80.2545928955,76142,76153,11
13.0064697266,80.2542724609,76153,76163,10
13.0064897537,80.2539672852,76163,76173,10
13.0064897537,80.2535629272,76173,76183,10
13.0064897537,80.2535324097,76183,76193,10
13.0065002441,80.2532424927,76193,76233,40
13.0065002441,80.2532424927,76233,76243,10
13.0064897537,80.2530593872,76243,76260,17
13.0065002441,80.2526779175,76260,76311,51
13.0065002441,80.2526779175,76311,76322,11
13.0065202713,80.2523803711,76322,76332,10
13.0065898895,80.2520370483,76332,76383,51
13.0065898895,80.2520370483,76383,76393,10
13.0066795349,80.2519226074,76393,76403,10
13.0067796707,80.251411438,76403,76413,10
13.006770134,80.2506790161,76413,76423,10
13.0067501068,80.2498931885,76423,76433,10
13.0067396164,80.249130249,76433,76443,10
13.0066699982,80.248336792,76443,76454,11
13.0066404343,80.2479324341,76454,76464,10
13.0066404343,80.2478103638,76464,76474,10
13.0066604614,80.2472686768,76474,76484,10
13.0066404343,80.2467269897,76484,76494,10
13.0066204071,80.2466583252,76494,76504,10
13.0066099167,80.2462463379,76504,76514,10
13.0065803528,80.2455215454,76514,76524,10
13.0065803528,80.244758606,76524,76534,10
13.0065803528,80.2441177368,76534,76544,10
13.0065803528,80.243560791,76544,76555,11
13.0065202713,80.243057251,76555,76564,9
13.0065202713,80.2423629761,76564,76575,11
13.0065402985,80.2416534424,76575,76585,10
13.0065603256,80.2414016724,76585,76595,10
13.0066099167,80.2409210205,76595,76605,10
13.0067100525,80.240196228,76605,76615,10
13.0068597794,80.2394790649,76615,76625,10
13.0070400238,80.2386398315,76625,76635,10
13.0071897507,80.2379837036,76635,76645,10
13.0073604584,80.2372817993,76645,76656,11
13.0074300766,80.2367019653,76656,76666,10
13.0074596405,80.2366027832,76666,76676,10
13.0075902939,80.2361297607,76676,76686,10
13.0077295303,80.2353973389,76686,76696,10
13.0079097748,80.2344970703,76696,76706,10
13.0081300735,80.2334671021,76706,76716,10
13.0083398819,80.2323989868,76716,76726,10
13.0085897446,80.2311935425,76726,76736,10
13.0088195801,80.2299575806,76736,76746,10
13.0090303421,80.2289199829,76746,76757,11
13.0093002319,80.2279281616,76757,76767,10
13.0096998215,80.2270278931,76767,76777,10
13.0101299286,80.2261505127,76777,76787,10
13.0104999542,80.2254486084,76787,76797,10
13.0108098984,80.2247314453,76797,76807,10
13.0111503601,80.2239227295,76807,76817,10
13.0114402771,80.2232437134,76817,76827,10
13.0117301941,80.222442627,76827,76837,10
13.0120401382,80.2216033936,76837,76847,10
13.0124397278,80.2215881348,76847,76858,11
13.0129003525,80.2222366333,76858,76868,10
13.0134897232,80.2229003906,76868,76878,10
13.0141601563,80.2236404419,76878,76888,10
13.0147600174,80.2243118286,76888,76898,10
13.0153598785,80.224822998,76898,76918,20
13.0153598785,80.224822998,76918,76928,10
13.01541996,80.224822998,76928,76938,10
13.0157003403,80.2250823975,76938,76948,10
13.0162601471,80.2253112793,76948,76959,11
13.0172100067,80.2250213623,76959,76969,10
13.0182800293,80.2246017456,76969,76979,10
13.0193195343,80.2243499756,76979,76989,10
13.0201501846,80.2247619629,76989,76998,9
13.0208101273,80.2252426147,76998,77009,11
13.0218400955,80.2259979248,77009,77029,20
13.0218400955,80.2259979248,77029,77039,10
13.0219898224,80.2261734009,77039,77049,10
13.0225095749,80.2266235352,77049,77060,11
13.0233297348,80.2273483276,77060,77070,10
13.0240602493,80.2280807495,77070,77080,10
13.0243902206,80.228477478,77080,77090,10
13.0245895386,80.2288131714,77090,77100,10
13.0248804092,80.2292480469,77100,77116,16
13.0257101059,80.2304077148,77116,77128,12
13.0260000229,80.2312164307,77128,77136,8
13.026260376,80.2313690186,77136,77148,12
13.0271396637,80.2311172485,77148,77158,10
13.0284204483,80.2309036255,77158,77177,19
13.0284204483,80.2309036255,77177,77189,12
13.028960228,80.2308425903,77189,77199,10
13.0295295715,80.2307891846,77199,77209,10
13.0301504135,80.2307434082,77209,77218,9
13.0308198929,80.2306900024,77218,77229,11
13.0316495895,80.2306213379,77229,77238,9
13.0323400497,80.2305603027,77238,77249,11
13.0332403183,80.2304992676,77249,77260,11
13.0338497162,80.2304534912,77260,77270,10
13.0341596603,80.2304534912,77270,77280,10
13.0346803665,80.2302703857,77280,77310,30
13.0346803665,80.2302703857,77310,77320,10
13.0348396301,80.2302627563,77320,77330,10
13.0350399017,80.2299423218,77330,77564,234
13.0350399017,80.2299423218,77564,77574,10
13.034819603,80.2298126221,77574,77584,10
13.0342998505,80.2297515869,77584,77826,242
13.0340995789,80.2300796509,77826,78190,364
13.0340099335,80.2304611206,78190,78230,40
13.0340099335,80.2304611206,78230,78240,10
13.0338201523,80.2303466797,78240,78250,10
13.0335302353,80.2303771973,78250,78260,10
13.0333595276,80.2304000854,78260,78271,11
13.0331401825,80.230430603,78271,78281,10
13.0327501297,80.23046875,78281,78291,10
13.0323400497,80.2305221558,78291,78300,9
13.0318698883,80.2305679321,78300,78311,11
13.0311098099,80.2306289673,78311,78321,10
13.0306396484,80.230682373,78321,78331,10
13.0300703049,80.2307434082,78331,78341,10
13.0297498703,80.230796814,78341,78351,10
13.0296897888,80.230796814,78351,78361,10
13.0294399261,80.2308425903,78361,78372,11
13.0288801193,80.2308883667,78372,78382,10
13.0283298492,80.2309570313,78382,78392,10
13.0278902054,80.2310180664,78392,78402,10
13.027680397,80.2311630249,78402,78412,10
13.0276699066,80.2315216064,78412,78422,10
13.0276899338,80.2318878174,78422,78432,10
13.0277700424,80.2323303223,78432,78448,16
13.0276002884,80.2328109741,78448,78460,12
13.0269804001,80.2329101563,78460,78470,10
13.0267496109,80.2329406738,78470,78481,11
13.0263996124,80.2328262329,78481,78491,10
13.0262002945,80.2322769165,78491,78501,10
13.0260400772,80.2317123413,78501,78511,10
13.0259599686,80.2313232422,78511,78521,10
13.0257196426,80.2305831909,78521,78531,10
13.0251502991,80.2296981812,78531,78541,10
13.0247402191,80.2292098999,78541,78551,10
13.0244398117,80.2288513184,78551,78561,10
13.0240402222,80.2283935547,78561,78572,11
13.0239400864,80.2282714844,78572,78582,10
13.0239095688,80.2282409668,78582,78592,10
13.023730278,80.2279815674,78592,78602,10
13.0233697891,80.2276229858,78602,78612,10
13.0228595734,80.2270812988,78612,78622,10
13.0221595764,80.2264633179,78622,78632,10
13.0214004517,80.2258529663,78632,78642,10
13.0207996368,80.2253875732,78642,78652,10
13.0202102661,80.2249908447,78652,78668,16
13.018989563,80.2244415283,78668,78681,13
13.0178899765,80.2248001099,78681,78691,10
13.0171403885,80.2251205444,78691,78701,10
13.016409874,80.2254333496,78701,78711,10
13.0158004761,80.2256469727,78711,78721,10
13.015130043,80.2259063721,78721,78731,10
13.0146398544,80.2260894775,78731,78741,10
13.0146398544,80.2260818481,78741,78751,10
13.0144996643,80.2260894775,78751,78761,10
13.0142698288,80.2261962891,78761,78771,10
13.0141897202,80.2262573242,78771,78782,11
13.0138301849,80.2264022827,78782,78792,10
13.0131597519,80.2266616821,78792,78802,10
13.0123300552,80.2269897461,78802,78812,10
13.0113697052,80.2273788452,78812,78822,10
13.0102901459,80.2278137207,78822,78832,10
13.0093297958,80.2282333374,78832,78842,10
13.0089702606,80.2291107178,78842,78852,10
13.0087299347,80.2302780151,78852,78862,10
13.0084695816,80.2315292358,78862,78872,10
13.0081501007,80.233581543,78872,78893,21
13.0081501007,80.233581543,78893,78903,10
13.0080404282,80.2339630127,78903,78913,10
13.007900238,80.2346496582,78913,78923,10
13.0076999664,80.2356414795,78923,78933,10
13.0074796677,80.2368011475,78933,78943,10
13.0072898865,80.23777771,78943,78953,10
13.0072002411,80.2383117676,78953,78963,10
13.0071001053,80.2387695313,78963,78973,10
13.0069599152,80.2393722534,78973,78984,11
13.0068502426,80.2400970459,78984,79044,60
13.0068502426,80.2400970459,79044,79054,10
13.0068798065,80.2403717041,79054,79064,10
13.006770134,80.2408905029,79064,79074,10
13.0066795349,80.2417297363,79074,79085,11
13.006649971,80.2428512573,79085,79095,10
13.0066003799,80.2437210083,79095,79105,10
13.0066003799,80.2446517944,79105,79115,10
13.0066299438,80.2455673218,79115,79125,10
13.0066604614,80.246307373,79125,79135,10
13.0066699982,80.2465362549,79135,79145,10
13.0066900253,80.2468109131,79145,79155,10
13.0066795349,80.2471313477,79155,79165,10
13.0066900253,80.2476806641,79165,79175,10
13.0067195892,80.2485580444,79175,79186,11
13.0068397522,80.24949646,79186,79196,10
13.0068397522,80.2496185303,79196,79206,10
13.0068597794,80.2496566772,79206,79216,10
13.0068502426,80.2501373291,79216,79226,10
13.0068302155,80.2508926392,79226,79236,10
13.0066900253,80.2517929077,79236,79246,10
13.0065402985,80.2525634766,79246,79256,10
13.0065402985,80.2534637451,79256,79266,10
13.0065698624,80.254447937,79266,79276,10
13.0066003799,80.2554473877,79276,79287,11
13.0066204071,80.2565689087,79287,79297,10
13.0066404343,80.2571182251,79297,79307,10
13.0067195892,80.2575378418,79307,79317,10
13.0070800781,80.2582321167,79317,79327,10
13.0076503754,80.2586135864,79327,79337,10
13.0076599121,80.2586212158,79337,79347,10
13.007809639,80.2587127686,79347,79357,10
13.0083198547,80.2589263916,79357,79367,10
13.0089797974,80.2590484619,79367,79377,10
13.009759903,80.2590637207,79377,79388,11
13.0109596252,80.2590637207,79388,79398,10
13.0122299194,80.2590637207,79398,79414,16
13.0144796371,80.2591400146,79414,79426,12
13.0159797668,80.2594299316,79426,79436,10
13.0164203644,80.2596817017,79436,79446,10
13.0165596008,80.2598114014,79446,79456,10
13.0170202255,80.2601165771,79456,79466,10
13.0178403854,80.2606811523,79466,79476,10
13.0184698105,80.2611312866,79476,79487,11
13.0192098618,80.261756897,79487,79497,10
13.0201597214,80.2626190186,79497,79517,20
13.0201597214,80.2626190186,79517,79527,10
13.0205001831,80.2627792358,79527,79537,10
13.0212097168,80.2630081177,79537,79547,10
13.0217199326,80.2631988525,79547,79557,10
13.0220403671,80.2633285522,79557,79567,10
13.0224895477,80.2635498047,79567,79577,10
13.0229301453,80.2637710571,79577,79587,10
13.0229797363,80.2638168335,79587,79598,11
13.0234203339,80.2640609741,79598,79608,10
13.0240697861,80.2644500732,79608,79618,10
13.0247602463,80.2649765015,79618,79628,10
13.0253601074,80.2654266357,79628,79638,10
13.0260000229,80.2658233643,79638,79648,10
13.0262498856,80.2658081055,79648,79658,10
13.0263204575,80.2653579712,79658,79668,10
13.0263595581,80.264831543,79668,79678,10
13.0264701843,80.2640609741,79678,79699,21
13.0264701843,80.2640609741,79699,79709,10
13.026550293,80.2638320923,79709,79719,10
13.0265703201,80.2634124756,79719,79729,10
13.0268802643,80.2633895874,79729,79739,10
13.0274200439,80.2635421753,79739,79755,16
13.0282201767,80.2638015747,79755,79767,12
13.0291404724,80.2640304565,79767,79777,10
13.029299736,80.2641677856,79777,79787,10
13.0292396545,80.2647399902,79787,79797,10
13.0292196274,80.2655715942,79797,79808,11
13.0291996002,80.2661209106,79808,79818,10
13.0291500092,80.2663726807,79818,79828,10
13.0293197632,80.2665405273,79828,79838,10
13.0299596786,80.2666473389,79838,79848,10
13.0308704376,80.2667922974,79848,79858,10
13.03166008,80.2670822144,79858,79868,10
13.0324897766,80.2674636841,79868,79878,10
13.0336503983,80.2678527832,79878,79899,21
13.0336503983,80.2678527832,79899,79909,10
13.0339002609,80.2679290771,79909,79919,10
13.0344400406,80.2679824829,79919,79929,10
13.0345096588,80.2679901123,79929,79939,10
13.0344200134,80.2681427002,79939,79949,10
13.034070015,80.2679824829,79949,79959,10
13.0334596634,80.267868042,79959,79969,10
13.0327796936,80.2677230835,79969,79979,10
13.0323600769,80.2673873901,79979,79990,11
13.0318002701,80.2671432495,79990,80000,10
13.0311803818,80.2668914795,80000,80010,10
13.0304298401,80.2667312622,80010,80020,10
13.0298700333,80.2666397095,80020,80030,10
13.0294103622,80.2665786743,80030,80040,10
13.0289897919,80.266418457,80040,80050,10
13.0285396576,80.2663192749,80050,80060,10
13.027879715,80.2662200928,80060,80070,10
13.0272502899,80.2661209106,80070,80080,10
13.0268096924,80.2660598755,80080,80091,11
13.026720047,80.2660598755,80091,80101,10
13.0263595581,80.2659912109,80101,80111,10
13.0261001587,80.2661437988,80111,80121,10
13.0261802673,80.2663726807,80121,80151,30
13.0262203217,80.2664108276,80151,80462,311
13.0263795853,80.2664413452,80462,81412,950
13.0264902115,80.266166687,81412,81906,494
13.0263299942,80.266242981,81906,84755,2849
13.0264797211,80.2662963867,84755,84987,232
