13.014380455,80.2255706787,19,4611,4592
13.0145196915,80.2257080078,4611,5896,1285
13.01445961,80.2257003784,5896,6816,920
13.01445961,80.2256164551,6816,9294,2478
13.0144500732,80.2257003784,9294,15767,6473
13.0145101547,80.2257232666,15767,17296,1529
13.0145101547,80.2257232666,17296,17306,10
13.0144701004,80.2257537842,17306,19208,1902
13.0145101547,80.2256011963,19208,19339,131
13.0145101547,80.2256011963,19339,19349,10
13.0143003464,80.2259368896,19349,19511,162
13.0141296387,80.2262573242,19511,19541,30
13.0141296387,80.2262573242,19541,19552,11
13.0137195587,80.2264328003,19552,19562,10
13.0129404068,80.2267303467,19562,19572,10
13.0119600296,80.2271194458,19572,19582,10
13.0108699799,80.2275390625,19582,19592,10
13.0098600388,80.2279205322,19592,19602,10
13.00963974,80.2274017334,19602,19612,10
13.0099697113,80.2266464233,19612,19622,10
13.0104198456,80.2256774902,19622,19632,10
13.0108804703,80.224647522,19632,19643,11
13.0113096237,80.2235412598,19643,19653,10
13.0116701126,80.2234725952,19653,19663,10
13.0122995377,80.2237625122,19663,19673,10
13.0130500793,80.2241516113,19673,19683,10
13.013879776,80.2245788574,19683,19693,10
13.0145998001,80.224937439,19693,19703,10
13.0151596069,80.2252731323,19703,19713,10
13.0154104233,80.2253723145,19713,19723,10
13.0154695511,80.2253799438,19723,19734,11
13.0158004761,80.2253494263,19734,19744,10
13.016289711,80.2253723145,19744,19754,10
13.0169801712,80.2251815796,19754,19764,10
13.0178203583,80.2248001099,19764,19774,10
13.0187501907,80.2244415283,19774,19784,10
13.0195503235,80.2244567871,19784,19794,10
13.0203199387,80.2249832153,19794,19804,10
13.0212602615,80.2256622314,19804,19814,10
13.0221796036,80.226348877,19814,19825,11
13.0231199265,80.2271575928,19825,19835,10
13.0239696503,80.2279586792,19835,19845,10
13.0244598389,80.2284698486,19845,19855,10
13.024479866,80.2285003662,19855,19865,10
13.0242700577,80.2285766602,19865,19875,10
13.0239896774,80.2282485962,19875,19885,10
13.0236301422,80.2278366089,19885,19895,10
13.0233201981,80.2275466919,19895,19905,10
13.0233001709,80.2275390625,19905,19916,11
13.0231800079,80.2274398804,19916,19926,10
13.0229301453,80.227180481,19926,19936,10
13.0225296021,80.2267837524,19936,19946,10
13.02202034,80.2263412476,19946,19956,10
13.0219202042,80.2262420654,19956,19966,10
13.0215396881,80.2259292603,19966,19976,10
13.020939827,80.2254562378,19976,19986,10
13.0201997757,80.2249679565,19986,19996,10
13.0194301605,80.2245025635,19996,20007,11
13.0183801651,80.2246627808,20007,20017,10
13.0173902512,80.2250671387,20017,20027,10
13.0166597366,80.2253570557,20027,20037,10
13.0164003372,80.2253494263,20037,20047,10
13.0160198212,80.2255096436,20047,20057,10
13.0155897141,80.2257614136,20057,20067,10
13.0149402618,80.2260437012,20067,20077,10
13.0143899918,80.2262496948,20077,20087,10
13.0141401291,80.226348877,20087,20098,11
13.0137195587,80.2265014648,20098,20108,10
13.0130395889,80.2267837524,20108,20118,10
13.0122003555,80.2270889282,20118,20128,10
13.0112800598,80.2274780273,20128,20138,10
13.0102596283,80.2278900146,20138,20148,10
13.0093402863,80.2283096313,20148,20158,10
13.009059906,80.2291564941,20158,20168,10
13.008890152,80.2301025391,20168,20178,10
13.0087099075,80.2310714722,20178,20189,11
13.0084896088,80.2321777344,20189,20199,10
13.008310318,80.2331237793,20199,20209,10
13.0081501007,80.2339096069,20209,20219,10
13.0079603195,80.2348403931,20219,20229,10
13.0077295303,80.2359924316,20229,20239,10
13.0074996948,80.237159729,20239,20249,10
13.0073204041,80.238243103,20249,20259,10
13.0071401596,80.2391815186,20259,20269,10
13.0069799423,80.2400283813,20269,20280,11
13.0069799423,80.2402191162,20280,20290,10
13.0069599152,80.2405090332,20290,20300,10
13.0068502426,80.2411117554,20300,20310,10
13.0067796707,80.2419281006,20310,20320,10
13.0067396164,80.2429580688,20320,20330,10
13.0066995621,80.244102478,20330,20340,10
13.0067100525,80.2450180054,20340,20350,10
13.0067396164,80.2462310791,20350,20360,10
13.0067396164,80.2472076416,20360,20371,11
13.0062103271,80.2473831177,20371,20381,10
13.0059604645,80.2473602295,20381,20391,10
13.0054998398,80.2473602295,20391,20401,10
13.0047597885,80.2473907471,20401,20411,10
13.0038204193,80.2475204468,20411,20421,10
13.002820015,80.2476577759,20421,20431,10
13.0019598007,80.2478637695,20431,20441,10
13.00096035,80.2481231689,20441,20452,11
12.9997196198,80.2484436035,20452,20462,10
12.9985599518,80.2487182617,20462,20472,10
12.9973897934,80.2490081787,20472,20482,10
12.9961996078,80.2493133545,20482,20492,10
12.9950199127,80.2496185303,20492,20502,10
12.9938297272,80.2499313354,20502,20512,10
12.9926204681,80.2502212524,20512,20522,10
12.9914197922,80.2505187988,20522,20532,10
12.9902000427,80.2508163452,20532,20543,11
12.9889001846,80.251159668,20543,20553,10
12.9879798889,80.2514266968,20553,20603,50
12.9879798889,80.2514266968,20603,20613,10
12.987830162,80.2514572144,20613,20623,10
12.9873399734,80.2515716553,20623,20634,11
12.9864397049,80.2518234253,20634,20644,10
12.9853696823,80.2520904541,20644,20654,10
12.9842100143,80.2524185181,20654,20664,10
12.9830303192,80.2526626587,20664,20674,10
12.9818096161,80.2527084351,20674,20684,10
12.980629921,80.2527389526,20684,20694,10
12.979640007,80.2527313232,20694,20704,10
12.9794397354,80.2527084351,20704,20714,10
12.979060173,80.2526779175,20714,20725,11
12.9785995483,80.2525863647,20725,20735,10
12.9785900116,80.2525787354,20735,20745,10
12.9783296585,80.2524185181,20745,20755,10
12.977809906,80.2519836426,20755,20765,10
12.9770097733,80.2514190674,20765,20775,10
12.9759101868,80.2510528564,20775,20785,10
12.9748001099,80.2507171631,20785,20795,10
12.9736604691,80.2504119873,20795,20805,10
12.9725103378,80.2501068115,20805,20816,11
12.9712200165,80.2497787476,20816,20826,10
12.9700498581,80.2493896484,20826,20836,10
12.968919754,80.2489471436,20836,20846,10
12.9678001404,80.2484970093,20846,20856,10
12.9667196274,80.248008728,20856,20866,10
12.9656801224,80.2475814819,20866,20876,10
12.9649600983,80.2473831177,20876,20886,10
12.9648399353,80.2472991943,20886,20896,10
12.9643802643,80.2471237183,20896,20907,11
12.9635696411,80.2468032837,20907,20917,10
12.9626197815,80.2463302612,20917,20927,10
12.9615602493,80.2458114624,20927,20937,10
12.9604902267,80.2453079224,20937,20947,10
12.9594697952,80.2448883057,20947,20957,10
12.9592695236,80.2447891235,20957,20967,10
12.9588899612,80.2445831299,20967,20977,10
12.9582195282,80.2443008423,20977,20987,10
12.9576396942,80.2440795898,20987,20998,11
12.9568595886,80.2437973022,20998,21008,10
12.9563798904,80.2436294556,21008,21018,10
12.9559898376,80.2434616089,21018,21028,10
12.9552698135,80.2431411743,21028,21038,10
12.9544696808,80.2428512573,21038,21048,10
12.9537401199,80.2425384521,21048,21058,10
12.9532299042,80.2423171997,21058,21068,10
12.9526596069,80.2420883179,21068,21078,10
12.9522399902,80.2418365479,21078,21089,11
12.9516401291,80.2416610718,21089,21099,10
12.9515304565,80.241607666,21099,21109,10
12.9510402679,80.2414321899,21109,21119,10
12.9502601624,80.2412033081,21119,21129,10
12.949259758,80.2408905029,21129,21139,10
12.9481801987,80.240447998,21139,21149,10
12.9471998215,80.2400588989,21149,21159,10
12.9469499588,80.2399597168,21159,21169,10
12.9467201233,80.2398834229,21169,21180,11
12.9460897446,80.2396087646,21180,21190,10
12.9453401566,80.2392272949,21190,21200,10
12.9445695877,80.2384796143,21200,21210,10
12.9437704086,80.2376022339,21210,21220,10
12.942899704,80.2367935181,21220,21230,10
12.9417600632,80.2363433838,21230,21240,10
12.9405403137,80.2360534668,21240,21250,10
12.9396896362,80.235786438,21250,21260,10
12.9394798279,80.2356796265,21260,21271,11
12.9390201569,80.2354507446,21271,21281,10
12.9381399155,80.2349700928,21281,21291,10
12.9371595383,80.2344818115,21291,21301,10
12.9361095428,80.2339782715,21301,21311,10
12.9350004196,80.2334823608,21311,21321,10
12.934009552,80.2330474854,21321,21331,10
12.9338302612,80.2329711914,21331,21341,10
12.9334201813,80.2327728271,21341,21352,11
12.9326400757,80.2324523926,21352,21362,10
12.9316797256,80.2321166992,21362,21372,10
12.930560112,80.2317581177,21372,21382,10
12.9293899536,80.2314682007,21382,21392,10
12.9281797409,80.2312469482,21392,21402,10
12.9270401001,80.2311172485,21402,21412,10
12.9260597229,80.2310180664,21412,21422,10
12.9250602722,80.2308578491,21422,21432,10
12.9239397049,80.2307510376,21432,21443,11
12.9226503372,80.2305831909,21443,21453,10
12.9214401245,80.2303924561,21453,21463,10
12.9202003479,80.2302322388,21463,21473,10
12.9189596176,80.2300567627,21473,21483,10
12.9177103043,80.2298965454,21483,21493,10
12.9164600372,80.2297515869,21493,21503,10
12.9152002335,80.2295684814,21503,21513,10
12.914059639,80.2294006348,21513,21523,10
12.9132995605,80.2293167114,21523,21534,11
12.9132699966,80.2293167114,21534,21544,10
12.9130001068,80.2292480469,21544,21554,10
12.9123601913,80.2291488647,21554,21564,10
12.9114398956,80.2290267944,21564,21574,10
12.9103097916,80.2288589478,21574,21584,10
12.9091396332,80.2286834717,21584,21594,10
12.9079799652,80.2284927368,21594,21604,10
12.9069700241,80.2283401489,21604,21614,10
12.9057798386,80.2282333374,21614,21625,11
12.9044799805,80.2281570435,21625,21635,10
12.9032802582,80.2281036377,21635,21645,10
12.9020700455,80.2280426025,21645,21655,10
12.9011201859,80.228012085,21655,21705,50
12.9011201859,80.228012085,21705,21716,11
12.9008398056,80.2279815674,21716,21726,10
12.9002199173,80.2279281616,21726,21736,10
12.8993301392,80.227897644,21736,21766,30
12.8993301392,80.227897644,21766,21776,10
12.8989801407,80.2278518677,21776,21786,10
12.8983097076,80.2278213501,21786,21796,10
12.8974304199,80.2277679443,21796,21807,11
12.8962202072,80.2277069092,21807,21817,10
12.8950500488,80.2276611328,21817,21827,10
12.8938798904,80.2275772095,21827,21837,10
12.8926696777,80.2274475098,21837,21847,10
12.8914299011,80.2273864746,21847,21857,10
12.8901796341,80.2273864746,21857,21867,10
12.8889303207,80.2273788452,21867,21877,10
12.8877000809,80.2273025513,21877,21887,10
12.8864898682,80.2270812988,21887,21898,11
12.8852100372,80.2267684937,21898,21908,10
12.8840398788,80.2267303467,21908,21918,10
12.8828401566,80.2267227173,21918,21928,10
12.8816299438,80.2267303467,21928,21937,9
12.880689621,80.2267532349,21937,21948,11
12.880490303,80.2267608643,21948,21958,10
12.8802995682,80.2267608643,21958,21968,10
12.8797798157,80.2267837524,21968,21978,10
12.8789701462,80.2267990112,21978,21989,11
12.8778400421,80.2268829346,21989,21999,10
12.8767499924,80.2269821167,21999,22009,10
12.8763103485,80.2270202637,22009,22019,10
12.8760595322,80.2270126343,22019,22029,10
12.8754301071,80.2269821167,22029,22039,10
12.8745203018,80.2268676758,22039,22049,10
12.8734998703,80.2267379761,22049,22059,10
12.8727998734,80.2267379761,22059,22069,10
12.8726196289,80.2267303467,22069,22080,11
12.872130394,80.2267227173,22080,22090,10
12.8713302612,80.2266998291,22090,22100,10
12.8702898026,80.2266235352,22100,22110,10
12.8691301346,80.2264633179,22110,22120,10
12.867939949,80.2264099121,22120,22130,10
12.8667602539,80.2265319824,22130,22140,10
12.8655996323,80.226600647,22140,22150,10
12.8644304276,80.2265701294,22150,22160,10
12.8632698059,80.2265319824,22160,22171,11
12.8619499207,80.2265777588,22171,22181,10
12.8607797623,80.2265777588,22181,22191,10
12.8595895767,80.2264328003,22191,22201,10
12.8586196899,80.22631073,22201,22211,10
12.8577003479,80.2262802124,22211,22221,10
12.8565797806,80.2263793945,22221,22231,10
12.8554201126,80.2265090942,22231,22241,10
12.8542404175,80.2266311646,22241,22252,11
12.8529195786,80.2267303467,22252,22262,10
12.8516798019,80.2266769409,22262,22272,10
12.8505802155,80.2266387939,22272,22282,10
12.8500204086,80.2266235352,22282,22292,10
12.8498096466,80.2266082764,22292,22302,10
12.8492097855,80.226600647,22302,22312,10
12.8483295441,80.2265930176,22312,22322,10
12.8472204208,80.2266082764,22322,22332,10
12.8460197449,80.226600647,22332,22343,11
12.8450403214,80.2266616821,22343,22353,10
12.8448696136,80.2266616821,22353,22363,10
12.8443803787,80.2266769409,22363,22373,10
12.8436002731,80.2267684937,22373,22383,10
12.8426504135,80.2269363403,22383,22393,10
12.8415298462,80.2271881104,22393,22403,10
12.8404302597,80.2275085449,22403,22413,10
12.8399801254,80.2276611328,22413,22423,10
12.8396596909,80.2277526855,22423,22434,11
12.8393001556,80.2278518677,22434,22444,10
12.838640213,80.2280197144,22444,22454,10
12.8378000259,80.2282180786,22454,22464,10
12.8367204666,80.2284011841,22464,22474,10
12.8355398178,80.2285614014,22474,22484,10
12.8343400955,80.2287597656,22484,22494,10
12.8331804276,80.2289733887,22494,22504,10
12.8324298859,80.229133606,22504,22514,10
12.8322000504,80.2291564941,22514,22525,11
12.8316202164,80.2292785645,22525,22535,10
12.8310203552,80.2294692993,22535,22545,10
12.8302602768,80.2297592163,22545,22555,10
12.8294496536,80.2301025391,22555,22565,10
12.8284702301,80.2305831909,22565,22575,10
12.8274297714,80.2311325073,22575,22585,10
12.8262796402,80.2313766479,22585,22595,10
12.8250398636,80.2314300537,22595,22605,10
12.823849678,80.2311706543,22605,22616,11
12.8225898743,80.2307815552,22616,22626,10
12.8215103149,80.230506897,22626,22636,10
12.8204803467,80.2304763794,22636,22646,10
12.8193397522,80.2304992676,22646,22656,10
12.81828022,80.23021698,22656,22666,10
12.8171596527,80.2297210693,22666,22676,10
12.8160200119,80.2294387817,22676,22686,10
12.8148603439,80.2292785645,22686,22696,10
12.8136901855,80.2290267944,22696,22707,11
12.8124303818,80.2285995483,22707,22717,10
12.8112802505,80.2281799316,22717,22727,10
12.8101501465,80.227722168,22727,22737,10
12.8090600967,80.2271728516,22737,22747,10
12.8081197739,80.2264022827,22747,22757,10
12.8072395325,80.2256469727,22757,22767,10
12.8067998886,80.2252578735,22767,22777,10
12.8063097,80.2248077393,22777,22787,10
12.8058004379,80.224357605,22787,22798,11
12.8050804138,80.2240371704,22798,22808,10
12.8048295975,80.223991394,22808,22818,10
12.8045501709,80.2239379883,22818,22828,10
12.8038902283,80.2238998413,22828,22838,10
12.8031196594,80.2238311768,22838,22848,10
12.8021001816,80.2236862183,22848,22858,10
12.8009395599,80.2235717773,22858,22868,10
12.7997503281,80.2234725952,22868,22878,10
12.7985401154,80.2233428955,22878,22889,11
12.7971401215,80.2231521606,22889,22899,10
12.7958803177,80.2229232788,22899,22909,10
12.794839859,80.2227401733,22909,22919,10
12.7937202454,80.2225723267,22919,22929,10
12.7925596237,80.2223968506,22929,22939,10
12.7914400101,80.2221374512,22939,22949,10
12.790309906,80.221862793,22949,22959,10
12.7892999649,80.2215499878,22959,22969,10
12.7882404327,80.2211532593,22969,22980,11
12.7873001099,80.2207870483,22980,22990,10
12.7866096497,80.2205200195,22990,23000,10
12.7864599228,80.2204589844,23000,23010,10
12.7862596512,80.2203826904,23010,23020,10
12.7861604691,80.2205200195,23020,23030,10
12.7861795425,80.2210083008,23030,23040,10
12.7861995697,80.2214431763,23040,23050,10
12.7862195969,80.2219161987,23050,23060,10
12.7862997055,80.2221603394,23060,23485,425
12.7862997055,80.2221603394,23485,23495,10
12.7863998413,80.2219924927,23495,23526,31
12.7863998413,80.2219924927,23526,23536,10
12.7862997055,80.2217788696,23536,23546,10
12.7862796783,80.221572876,23546,23556,10
12.786239624,80.2211608887,23556,23566,10
12.7862100601,80.2207489014,23566,23576,10
12.7862195969,80.220451355,23576,23586,10
12.7864303589,80.2203903198,23586,23607,21
12.7864303589,80.2203903198,23607,23617,10
12.7864999771,80.220451355,23617,23627,10
12.786860466,80.2205963135,23627,23637,10
12.7874898911,80.2208175659,23637,23647,10
12.7882003784,80.2210769653,23647,23657,10
12.7890501022,80.2213973999,23657,23667,10
12.7897701263,80.2216567993,23667,23677,10
12.7904596329,80.2218399048,23677,23688,11
12.7915000916,80.2220993042,23688,23698,10
12.7926397324,80.2223815918,23698,23708,10
12.7938499451,80.2225570679,23708,23718,10
12.7950296402,80.2227630615,23718,23728,10
12.7960996628,80.22290802,23728,23738,10
12.7963895798,80.2229614258,23738,23748,10
12.796500206,80.2229690552,23748,23758,10
12.7969102859,80.2230529785,23758,23768,10
12.7975502014,80.2231826782,23768,23779,11
12.7983598709,80.2232818604,23779,23789,10
12.7991800308,80.2233810425,23789,23799,10
12.8001804352,80.2234725952,23799,23809,10
12.8012504578,80.2235565186,23809,23819,10
12.8014602661,80.2235794067,23819,23829,10
12.8017101288,80.2236175537,23829,23839,10
12.8023395538,80.2236862183,23839,23849,10
12.8031396866,80.2238006592,23849,23859,10
12.8040800095,80.2238769531,23859,23870,11
12.8055295944,80.2241210938,23870,23890,20
12.8055295944,80.2241210938,23890,23900,10
12.8056297302,80.2241897583,23900,23910,10
12.8059797287,80.2244567871,23910,23920,10
12.8065299988,80.2249603271,23920,23930,10
12.8072395325,80.2255935669,23930,23940,10
12.8080997467,80.22631073,23940,23950,10
12.8090000153,80.2270584106,23950,23961,11
12.8101396561,80.2276916504,23961,23971,10
12.8112297058,80.2281417847,23971,23981,10
12.8123502731,80.2285385132,23981,23991,10
12.81346035,80.2289428711,23991,24001,10
12.8145999908,80.2292327881,24001,24011,10
12.8155403137,80.2293624878,24011,24021,10
12.8169298172,80.2295913696,24021,24031,10
12.8180198669,80.2300415039,24031,24041,10
12.819149971,80.2304763794,24041,24052,11
12.8198604584,80.2304611206,24052,24062,10
12.8201599121,80.2304534912,24062,24072,10
12.8208198547,80.2304382324,24072,24082,10
12.8218202591,80.2305374146,24082,24092,10
12.8230304718,80.2308807373,24092,24102,10
12.8243398666,80.2312164307,24102,24112,10
12.8256101608,80.2313690186,24112,24122,10
12.8270797729,80.2312088013,24122,24132,10
12.828499794,80.2304534912,24132,24143,11
12.8300504684,80.2297592163,24143,24153,10
12.8310203552,80.2293701172,24153,24163,10
12.8311195374,80.2293395996,24163,24173,10
12.831489563,80.2292404175,24173,24183,10
12.8320903778,80.2290802002,24183,24193,10
12.832859993,80.2289276123,24193,24203,10
12.8338403702,80.2287597656,24203,24213,10
12.8349599838,80.2285614014,24213,24223,10
12.8361101151,80.2283935547,24223,24234,11
12.8373804092,80.2282028198,24234,24244,10
12.8384895325,80.2279815674,24244,24254,10
12.8392000198,80.2278137207,24254,24264,10
12.8395795822,80.2276992798,24264,24274,10
12.8398199081,80.2276306152,24274,24284,10
12.840379715,80.2274780273,24284,24294,10
12.8411598206,80.2272720337,24294,24304,10
12.8421201706,80.2270202637,24304,24315,11
12.84333992,80.2267608643,24315,24325,10
12.844499588,80.226600647,24325,24335,10
12.845410347,80.2265319824,24335,24345,10
12.8455095291,80.2265167236,24345,24355,10
12.8455696106,80.2265090942,24355,24365,10
12.8459596634,80.2265014648,24365,24375,10
12.8466501236,80.2265014648,24375,24385,10
12.8475103378,80.2265090942,24385,24395,10
12.8485298157,80.2265090942,24395,24406,11
12.8496398926,80.2265090942,24406,24416,10
12.850110054,80.2265014648,24416,24426,10
12.8503198624,80.2265014648,24426,24436,10
12.8508901596,80.2265167236,24436,24446,10
12.8516702652,80.2265625,24446,24456,10
12.8526601791,80.2266082764,24456,24466,10
12.8538103104,80.2265701294,24466,24476,10
12.8549604416,80.2264480591,24476,24486,10
12.8561201096,80.2263183594,24486,24497,11
12.8574399948,80.2261962891,24497,24507,10
12.8586597443,80.2262191772,24507,24517,10
12.8598804474,80.2263793945,24517,24527,10
12.8607997894,80.2265014648,24527,24537,10
12.8608703613,80.2265014648,24537,24547,10
12.8610496521,80.2265014648,24547,24557,10
12.8615198135,80.2265014648,24557,24567,10
12.8622903824,80.2264709473,24567,24577,10
12.8632001877,80.2264404297,24577,24588,11
12.8644304276,80.2265014648,24588,24598,10
12.8656301498,80.2265319824,24598,24608,10
12.8668804169,80.2264633179,24608,24618,10
12.8681297302,80.2263412476,24618,24628,10
12.8694000244,80.2264175415,24628,24638,10
12.8706598282,80.2265396118,24638,24648,10
12.871919632,80.2266235352,24648,24658,10
12.872879982,80.2266082764,24658,24668,10
12.873049736,80.2266235352,24668,24679,11
12.87362957,80.2266387939,24679,24689,10
12.8744497299,80.2267379761,24689,24699,10
12.875579834,80.2268829346,24699,24709,10
12.8766698837,80.2268981934,24709,24719,10
12.8778495789,80.2268218994,24719,24729,10
12.879119873,80.2267303467,24729,24739,10
12.8805799484,80.2266921997,24739,24749,10
12.8820896149,80.2266769409,24749,24759,10
12.8837499619,80.2266616821,24759,24770,11
12.8850498199,80.2266464233,24770,24780,10
12.8852500916,80.2266616821,24780,24790,10
12.8856897354,80.2267379761,24790,24800,10
12.8865404129,80.2269821167,24800,24810,10
12.8876695633,80.2272109985,24810,24820,10
12.8888702393,80.2273025513,24820,24830,10
12.8900899887,80.2273025513,24830,24840,10
12.8913002014,80.2273025513,24840,24850,10
12.8924999237,80.2273406982,24850,24861,11
12.8937997818,80.2275009155,24861,24871,10
12.8949699402,80.2275772095,24871,24881,10
12.8962001801,80.2276229858,24881,24891,10
12.8974895477,80.2276763916,24891,24901,10
12.8987598419,80.2277603149,24901,24911,10
12.9001598358,80.2278366089,24911,24921,10
12.9014196396,80.227897644,24921,24931,10
12.9027299881,80.2279510498,24931,24952,21
12.9027299881,80.2279510498,24952,24962,10
12.9030399323,80.228012085,24962,24972,10
12.9036598206,80.2280426025,24972,24982,10
12.9045000076,80.2280731201,24982,24992,10
12.9055500031,80.2281265259,24992,25002,10
12.9066095352,80.2282180786,25002,25012,10
12.9076004028,80.2283401489,25012,25022,10
12.9086303711,80.2285003662,25022,25032,10
12.9098396301,80.2287063599,25032,25043,11
12.9113998413,80.2289505005,25043,25053,10
12.9126796722,80.2291030884,25053,25063,10
12.9138298035,80.2292404175,25063,25073,10
12.9141197205,80.2292785645,25073,25083,10
12.9142398834,80.2293014526,25083,25093,10
12.9146404266,80.229347229,25093,25103,10
12.9153003693,80.2294692993,25103,25113,10
12.9161596298,80.2295913696,25113,25124,11
12.9173402786,80.2297515869,25124,25134,10
12.9184799194,80.2298965454,25134,25144,10
12.9196596146,80.2300567627,25144,25154,10
12.9208498001,80.2302017212,25154,25164,10
12.9220199585,80.2303619385,25164,25174,10
12.9231901169,80.2305374146,25174,25184,10
12.9243803024,80.2306976318,25184,25194,10
12.9255895615,80.2308502197,25194,25204,10
12.9264698029,80.2309417725,25204,25215,11
12.9266395569,80.2309494019,25215,25225,10
12.9271097183,80.231010437,25225,25235,10
12.9278402328,80.2311019897,25235,25245,10
12.9287099838,80.2312164307,25245,25255,10
12.9295797348,80.2313995361,25255,25265,10
12.9306001663,80.2316513062,25265,25275,10
12.9317398071,80.2320022583,25275,25285,10
12.9330301285,80.2324295044,25285,25295,10
12.9337701797,80.2327575684,25295,25306,11
12.9338903427,80.2328414917,25306,25316,10
12.9342699051,80.233039856,25316,25326,10
12.9350099564,80.2333602905,25326,25336,10
12.9359397888,80.2337799072,25336,25346,10
12.9369001389,80.2342376709,25346,25356,10
12.9378204346,80.234703064,25356,25366,10
12.9391803741,80.2353820801,25366,25376,10
12.939789772,80.2356262207,25376,25386,10
12.940030098,80.235748291,25386,25397,11
12.9407196045,80.2359695435,25397,25407,10
12.9415397644,80.2361679077,25407,25417,10
12.9425497055,80.2364501953,25417,25427,10
12.9434995651,80.2371063232,25427,25437,10
12.9443101883,80.2379989624,25437,25447,10
12.9451599121,80.2389068604,25447,25457,10
12.9462404251,80.2395477295,25457,25467,10
12.9473199844,80.240020752,25467,25477,10
12.9483203888,80.2404174805,25477,25488,11
12.9490499496,80.2406997681,25488,25498,10
12.9496202469,80.2409133911,25498,25508,10
12.9503898621,80.2411270142,25508,25518,10
12.9511804581,80.2413635254,25518,25528,10
12.9513101578,80.2414016724,25528,25538,10
12.9517498016,80.2415771484,25538,25548,10
12.9524497986,80.2418136597,25548,25558,10
12.9532604218,80.2421569824,25558,25568,10
12.9542703629,80.2425613403,25568,25579,11
12.9551801682,80.2429122925,25579,25589,10
12.9559497833,80.2432098389,25589,25599,10
12.9563398361,80.2433776855,25599,25609,10
12.9565095901,80.2434310913,25609,25619,10
12.9570398331,80.2436599731,25619,25629,10
12.9577903748,80.2439575195,25629,25639,10
12.9586896896,80.2443008423,25639,25649,10
12.9590301514,80.2444381714,25649,25659,10
12.9593601227,80.2446136475,25659,25670,11
12.9600200653,80.2449111938,25670,25680,10
12.9607801437,80.2452774048,25680,25690,10
12.9617395401,80.2457504272,25690,25700,10
12.9627504349,80.2462692261,25700,25710,10
12.9633798599,80.2465591431,25710,25720,10
12.9634599686,80.2465820313,25720,25730,10
12.9638700485,80.2467727661,25730,25740,10
12.9645500183,80.2470092773,25740,25751,11
12.9654598236,80.2473373413,25751,25761,10
12.9664096832,80.2476882935,25761,25771,10
12.9666004181,80.2477798462,25771,25781,10
12.9667797089,80.2479019165,25781,25791,10
12.9672603607,80.2481613159,25791,25801,10
12.968079567,80.2484970093,25801,25811,10
12.969039917,80.2488632202,25811,25821,10
12.9701404572,80.2492828369,25821,25831,10
12.9712495804,80.2496490479,25831,25842,11
12.9723796844,80.249961853,25842,25852,10
12.9732904434,80.2502212524,25852,25862,10
12.9741697311,80.2504730225,25862,25872,10
12.9752397537,80.250793457,25872,25882,10
12.9763402939,80.2510986328,25882,25892,10
12.9773702621,80.2514801025,25892,25902,10
12.9781503677,80.2520828247,25902,25912,10
12.9786500931,80.2523574829,25912,25922,10
12.9786996841,80.2523880005,25922,25933,11
12.9791097641,80.2525482178,25933,25943,10
12.9798202515,80.2526321411,25943,25953,10
12.9806604385,80.2526397705,25953,25963,10
12.9816904068,80.2526092529,25963,25973,10
12.9828796387,80.2525634766,25973,25983,10
12.9840803146,80.2523498535,25983,25993,10
12.985250473,80.2520294189,25993,26003,10
12.986240387,80.2517776489,26003,26013,10
12.9869499207,80.2515792847,26013,26024,11
12.9874696732,80.2513809204,26024,26074,50
12.9874696732,80.2513809204,26074,26084,10
12.9876203537,80.2513580322,26084,26094,10
12.9880399704,80.2512664795,26094,26104,10
12.9887800217,80.2510986328,26104,26115,11
12.98939991,80.2509307861,26115,26125,10
12.9895401001,80.2509078979,26125,26135,10
12.9900197983,80.2508163452,26135,26145,10
12.9907398224,80.2506408691,26145,26155,10
12.9915895462,80.2504196167,26155,26165,10
12.992650032,80.2501525879,26165,26175,10
12.9937696457,80.2498626709,26175,26185,10
12.994890213,80.2495727539,26185,26195,10
12.9960002899,80.2492980957,26195,26206,11
12.9972496033,80.2489624023,26206,26216,10
12.9984197617,80.248626709,26216,26226,10
12.99958992,80.248336792,26226,26236,10
13.0007696152,80.248046875,26236,26246,10
13.0018100739,80.2477874756,26246,26256,10
13.0027303696,80.2475967407,26256,26266,10
13.003780365,80.2474212646,26266,26276,10
13.0048599243,80.2472915649,26276,26286,10
13.0058603287,80.2470703125,26286,26297,11
13.0065202713,80.2464828491,26297,26307,10
13.0065603256,80.2463684082,26307,26317,10
13.0066003799,80.2462387085,26317,26327,10
13.0066299438,80.2457809448,26327,26337,10
13.0066604614,80.2451019287,26337,26347,10
13.0066604614,80.2444915771,26347,26357,10
13.006649971,80.243598938,26357,26367,10
13.0066299438,80.2429733276,26367,26378,11
13.0066099167,80.2420806885,26378,26388,10
13.0066604614,80.2410583496,26388,26398,10
13.0068101883,80.2401199341,26398,26408,10
13.0069999695,80.2390213013,26408,26418,10
13.0072402954,80.2378463745,26418,26428,10
13.0073795319,80.2369003296,26428,26438,10
13.0074100494,80.2367401123,26438,26448,10
13.0074796677,80.2364807129,26448,26458,10
13.0075798035,80.236038208,26458,26469,11
13.0077295303,80.2352676392,26469,26479,10
13.007900238,80.2344512939,26479,26489,10
13.0081195831,80.2334365845,26489,26499,10
13.0083303452,80.2323226929,26499,26509,10
13.0085000992,80.231300354,26509,26519,10
13.0086402893,80.2305297852,26519,26529,10
13.0089197159,80.2292327881,26529,26539,10
13.0092000961,80.2281036377,26539,26549,10
13.0095996857,80.2271270752,26549,26560,11
13.0101699829,80.225982666,26560,26570,10
13.0106601715,80.224937439,26570,26580,10
13.0111303329,80.2238998413,26580,26590,10
13.0114603043,80.2230834961,26590,26600,10
13.0117101669,80.2223968506,26600,26610,10
13.0120801926,80.2215270996,26610,26620,10
13.0124502182,80.2215881348,26620,26630,10
13.0128698349,80.2221832275,26630,26640,10
13.013299942,80.2226333618,26640,26651,11
13.0140104294,80.2233200073,26651,26661,10
13.0144395828,80.2237319946,26661,26671,10
13.0150995255,80.2245407104,26671,26691,20
13.0150995255,80.2245407104,26691,26701,10
13.0152997971,80.2247695923,26701,26711,10
13.0157403946,80.2251968384,26711,26721,10
13.0163402557,80.2253570557,26721,26731,10
13.0170898438,80.2251205444,26731,26742,11
13.0180997849,80.2247085571,26742,26752,10
13.0190601349,80.2243728638,26752,26762,10
13.0196695328,80.2244796753,26762,26772,10
13.0200300217,80.2247009277,26772,26792,20
13.0200300217,80.2247009277,26792,26802,10
13.0201597214,80.2248077393,26802,26812,10
13.0205497742,80.2250976563,26812,26822,10
13.0211601257,80.2256011963,26822,26833,11
13.0220499039,80.2262802124,26833,26843,10
13.0228796005,80.2269973755,26843,26853,10
13.0237598419,80.2277984619,26853,26863,10
13.0244903564,80.2285308838,26863,26893,30
13.0244903564,80.2285308838,26893,26903,10
13.0242996216,80.2286300659,26903,26913,10
13.0240297318,80.2283172607,26913,26924,11
13.023639679,80.2278823853,26924,26934,10
13.0234203339,80.2276763916,26934,27247,313
13.0233001709,80.2274932861,27247,27611,364
13.0233001709,80.2274932861,27611,27621,10
13.0232696533,80.2275009155,27621,27632,11
13.0229701996,80.2272109985,27632,27642,10
13.0226402283,80.2268981934,27642,27652,10
13.0225296021,80.2267379761,27652,27662,10
13.0221700668,80.2263793945,27662,27672,10
13.0215902328,80.2259216309,27672,27682,10
13.020939827,80.2254333496,27682,27692,10
13.0201797485,80.2249221802,27692,27702,10
13.0193796158,80.2244567871,27702,27712,10
13.0183496475,80.2246322632,27712,27723,11
13.0174198151,80.2250137329,27723,27733,10
13.0165596008,80.2253723145,27733,27743,10
13.0158500671,80.2256393433,27743,27753,10
13.0151700974,80.2259216309,27753,27763,10
13.0149803162,80.2260131836,27763,27773,10
13.0148696899,80.2260818481,27773,27783,10
13.0145597458,80.2261886597,27783,27793,10
13.0145101547,80.2262115479,27793,27804,11
13.0144100189,80.2262573242,27804,27814,10
13.0141000748,80.2263793945,27814,27824,10
13.0135602951,80.2265777588,27824,27834,10
13.0128803253,80.2268371582,27834,27844,10
13.0120897293,80.227142334,27844,27854,10
13.0111904144,80.2275085449,27854,27864,10
13.0102500916,80.2278900146,27864,27874,10
13.0093202591,80.2283096313,27874,27884,10
13.0090198517,80.2292480469,27884,27895,11
13.008769989,80.2305374146,27895,27905,10
13.0085601807,80.2316818237,27905,27915,10
13.0083703995,80.2327728271,27915,27925,10
13.0082702637,80.2336120605,27925,27935,10
13.0081596375,80.2339172363,27935,27945,10
13.0080404282,80.2344512939,27945,27955,10
13.0078897476,80.2351989746,27955,27965,10
13.0077295303,80.2360610962,27965,27975,10
13.007519722,80.2370605469,27975,27986,11
13.0073204041,80.2381134033,27986,27996,10
13.0071897507,80.2388763428,27996,28006,10
13.0069904327,80.2398376465,28006,28016,10
13.0068397522,80.2406005859,28016,28026,10
13.0067901611,80.2409362793,28026,28036,10
13.0067796707,80.2415771484,28036,28046,10
13.0068101883,80.2424468994,28046,28056,10
13.0067901611,80.2434310913,28056,28066,10
13.0067596436,80.2445602417,28066,28077,11
13.0068397522,80.2458724976,28077,28087,10
13.0068998337,80.246887207,28087,28097,10
13.0062198639,80.247428894,28097,28117,20
13.0062198639,80.247428894,28117,28127,10
13.005900383,80.2473831177,28127,28137,10
13.0052995682,80.2473678589,28137,28147,10
13.0045099258,80.247428894,28147,28157,10
13.0035200119,80.2475814819,28157,28168,11
13.0026197433,80.2477035522,28168,28178,10
13.0020599365,80.2478485107,28178,28188,10
13.0013399124,80.2480392456,28188,28198,10
13.00041008,80.2482681274,28198,28208,10
12.999329567,80.2485275269,28208,28218,10
12.998339653,80.2487792969,28218,28228,10
12.9972400665,80.2490386963,28228,28238,10
12.9961204529,80.2492904663,28238,28248,10
12.9949998856,80.2495803833,28248,28259,11
12.9937400818,80.2499389648,28259,28269,10
12.9925804138,80.250213623,28269,28279,10
12.9914398193,80.2504806519,28279,28289,10
12.9903097153,80.2507629395,28289,28299,10
12.989159584,80.2510528564,28299,28309,10
12.9883003235,80.2513198853,28309,28350,41
12.9883003235,80.2513198853,28350,28360,10
12.9882602692,80.251373291,28360,28370,10
12.9878997803,80.2514419556,28370,28380,10
12.9873504639,80.2515563965,28380,28390,10
12.9865503311,80.2517700195,28390,28400,10
12.9855604172,80.2520217896,28400,28410,10
12.9844303131,80.2523193359,28410,28420,10
12.9832601547,80.2526016235,28420,28430,10
12.9820604324,80.2526779175,28430,28441,11
12.9808197021,80.2527008057,28441,28451,10
12.9799203873,80.2527236938,28451,28461,10
12.9790697098,80.2526626587,28461,28471,10
12.9786701202,80.2526092529,28471,28481,10
12.9786500931,80.2526016235,28481,28491,10
12.9783802032,80.2524185181,28491,28501,10
12.9778995514,80.2520294189,28501,28511,10
12.9772195816,80.2514801025,28511,28522,11
12.9760704041,80.2510910034,28522,28532,10
12.9749603271,80.2507705688,28532,28542,10
12.9738302231,80.2504577637,28542,28552,10
12.9726896286,80.2501602173,28552,28562,10
12.9715299606,80.2498626709,28562,28572,10
12.9703598022,80.24949646,28572,28582,10
12.9692296982,80.2490615845,28582,28592,10
12.9681301117,80.248588562,28592,28602,10
12.9670801163,80.2481536865,28602,28613,11
12.9660196304,80.2476730347,28613,28623,10
12.9652099609,80.2473983765,28623,28633,10
12.9651203156,80.2473602295,28633,28643,10
12.9650001526,80.2472763062,28643,28653,10
12.9645500183,80.2471313477,28653,28663,10
12.9638595581,80.2468719482,28663,28673,10
12.9630203247,80.2464981079,28673,28683,10
12.9620504379,80.2460174561,28683,28693,10
12.9610500336,80.2455368042,28693,28704,11
12.9600095749,80.2450714111,28704,28714,10
12.9593496323,80.2447891235,28714,28724,10
12.9592199326,80.244720459,28724,28734,10
12.9587697983,80.2445068359,28734,28744,10
12.9580898285,80.2442321777,28744,28754,10
12.9575300217,80.2440109253,28754,28764,10
12.9568796158,80.2437667847,28764,28774,10
12.9563703537,80.2435913086,28774,28784,10
12.9558200836,80.2433319092,28784,28795,11
12.9550104141,80.2429504395,28795,28805,10
12.9542198181,80.2426223755,28805,28815,10
12.9532804489,80.2422485352,28815,28825,10
12.9522600174,80.241859436,28825,28835,10
12.9516401291,80.2416610718,28835,28845,10
12.9516000748,80.2416381836,28845,28855,10
12.9512395859,80.2415008545,28855,28865,10
12.9505901337,80.2412872314,28865,28875,10
12.9497699738,80.241027832,28875,28886,11
12.9490404129,80.2407913208,28886,28896,10
12.948969841,80.2407608032,28896,28906,10
12.9488801956,80.2407226563,28906,28916,10
12.9484300613,80.2405319214,28916,28926,10
12.947719574,80.2402420044,28926,28936,10
12.94713974,80.240020752,28936,28946,10
12.9470500946,80.239982605,28946,28956,10
12.9467096329,80.2398376465,28956,28966,10
12.9461297989,80.2396011353,28966,28977,11
12.9453697205,80.2392272949,28977,28987,10
12.9447002411,80.2385482788,28987,28997,10
12.9439401627,80.2377166748,28997,29007,10
12.9431400299,80.236907959,29007,29017,10
12.9420795441,80.236366272,29017,29027,10
12.9411401749,80.2361602783,29027,29037,10
12.9401502609,80.2359313965,29037,29047,10
12.9398698807,80.2358169556,29047,29057,10
12.9397001266,80.2357330322,29057,29068,11
12.9391698837,80.2354431152,29068,29078,10
12.9384803772,80.2350769043,29078,29088,10
12.9376497269,80.2346725464,29088,29098,10
12.9366798401,80.2342376709,29098,29108,10
12.9358100891,80.2338180542,29108,29118,10
12.9350996017,80.2334823608,29118,29128,10
12.9340696335,80.2330474854,29128,29137,9
12.9338903427,80.2329711914,29137,29148,11
12.9334697723,80.2327804565,29148,29159,11
12.9327497482,80.2324829102,29159,29169,10
12.9319601059,80.2322006226,29169,29179,10
12.9311103821,80.2318878174,29179,29189,10
12.9300403595,80.2315826416,29189,29199,10
12.9288902283,80.231338501,29199,29209,10
12.9276800156,80.2311706543,29209,29219,10
12.9265098572,80.2310333252,29219,29229,10
12.9260797501,80.2310028076,29229,29240,11
12.9259996414,80.2309875488,29240,29250,10
12.9256000519,80.2309265137,29250,29260,10
12.9249401093,80.2308578491,29260,29270,10
12.9241399765,80.2307662964,29270,29280,10
12.9231395721,80.2306365967,29280,29290,10
12.9219799042,80.2304534912,29290,29300,10
12.9207897186,80.2302780151,29300,29310,10
12.9195804596,80.2301101685,29310,29320,10
12.9183702469,80.2299423218,29320,29331,11
12.9172096252,80.2297821045,29331,29341,10
12.9161195755,80.229637146,29341,29351,10
12.9149904251,80.2294921875,29351,29361,10
12.9133396149,80.2293014526,29361,29381,20
12.9133396149,80.2293014526,29381,29391,10
12.9130897522,80.2292785645,29391,29401,10
12.9124603271,80.2292098999,29401,29411,10
12.9116201401,80.2290802002,29411,29422,11
12.9104604721,80.2288818359,29422,29432,10
12.9092798233,80.2286987305,29432,29442,10
12.9081401825,80.2285003662,29442,29452,10
12.9071903229,80.2283782959,29452,29462,10
12.9067602158,80.2283706665,29462,29472,10
12.9062595367,80.2283172607,29472,29482,10
12.9054603577,80.2282791138,29482,29492,10
12.9044599533,80.2282180786,29492,29502,10
12.9033203125,80.2281417847,29502,29513,11
12.9021501541,80.2280883789,29513,29523,10
12.9012298584,80.2280578613,29523,29543,20
12.9012298584,80.2280578613,29543,29553,10
12.9011898041,80.2280731201,29553,29563,10
12.9007997513,80.2280426025,29563,29573,10
12.9004402161,80.2279891968,29573,29583,10
12.9000196457,80.2279586792,29583,29593,10
12.8993797302,80.2279434204,29593,29604,11
12.899189949,80.2279434204,29604,29614,10
12.8989801407,80.2279205322,29614,29624,10
12.8984699249,80.2278594971,29624,29634,10
12.8977203369,80.2277908325,29634,29644,10
12.8968400955,80.2277374268,29644,29654,10
12.8957500458,80.2276916504,29654,29664,10
12.8945798874,80.2276535034,29664,29674,10
12.8934202194,80.2275314331,29674,29684,10
12.8924798965,80.2274169922,29684,29695,11
12.8915996552,80.2273788452,29695,29705,10
12.890540123,80.2273864746,29705,29715,10
12.889380455,80.2273864746,29715,29725,10
12.8882102966,80.2273712158,29725,29735,10
12.8870897293,80.2272262573,29735,29745,10
12.8859596252,80.2269515991,29745,29755,10
12.8850002289,80.2267532349,29755,29765,10
12.8839797974,80.2267303467,29765,29775,10
12.8828001022,80.2267379761,29775,29786,11
12.8814897537,80.2267608643,29786,29796,10
12.880279541,80.2267684937,29796,29806,10
12.8790397644,80.2267990112,29806,29816,10
12.8777999878,80.2268829346,29816,29826,10
12.8767299652,80.2269821167,29826,29836,10
12.8763399124,80.2270126343,29836,29846,10
12.876159668,80.2269973755,29846,29856,10
12.8756198883,80.2269821167,29856,29866,10
12.8748703003,80.2268981934,29866,29877,11
12.873840332,80.2267913818,29877,29887,10
12.8729000092,80.2267379761,29887,29897,10
12.8723497391,80.2267379761,29897,29907,10
12.8721904755,80.2267532349,29907,29917,10
12.8717002869,80.2266998291,29917,29927,10
12.8711204529,80.2266616821,29927,29937,10
12.8703603745,80.2265930176,29937,29947,10
12.8694000244,80.2265014648,29947,29957,10
12.8683204651,80.2264022827,29957,29968,11
12.8671302795,80.2265014648,29968,29978,10
12.8661003113,80.2266235352,29978,29988,10
12.8649702072,80.2266235352,29988,29998,10
12.8638000488,80.2265777588,29998,30008,10
12.8626203537,80.2265777588,30008,30018,10
12.8614597321,80.2266464233,30018,30028,10
12.8609304428,80.2266387939,30028,30038,10
12.8605804443,80.2265930176,30038,30048,10
12.8599100113,80.2265014648,30048,30059,11
12.8590602875,80.2263565063,30059,30069,10
12.8584003448,80.22631073,30069,30079,10
12.8575496674,80.22631073,30079,30089,10
12.8565101624,80.2264175415,30089,30099,10
12.8553800583,80.2265396118,30099,30109,10
12.8542299271,80.2266693115,30109,30119,10
12.8530397415,80.2267837524,30119,30129,10
12.8518199921,80.2267074585,30129,30139,10
12.8505802155,80.2266616821,30139,30150,11
12.8492097855,80.2266387939,30150,30160,10
12.8479404449,80.2266387939,30160,30170,10
12.8467197418,80.2266235352,30170,30180,10
12.8454799652,80.2266464233,30180,30210,30
12.8454799652,80.2266464233,30210,30220,10
12.8451404572,80.2266693115,30220,30230,10
12.8444499969,80.2267303467,30230,30241,11
12.843629837,80.2268218994,30241,30251,10
12.842590332,80.2269973755,30251,30261,10
12.8414697647,80.2272720337,30261,30271,10
12.840379715,80.2275619507,30271,30281,10
12.8399200439,80.2276992798,30281,30291,10
12.8397903442,80.2277297974,30291,30301,10
12.8394899368,80.2278137207,30301,30311,10
12.8389396667,80.2279510498,30311,30322,11
12.8381004333,80.2281570435,30322,30332,10
12.8371496201,80.2283401489,30332,30342,10
12.8360004425,80.2285003662,30342,30352,10
12.834810257,80.2286834717,30352,30362,10
12.8336601257,80.2288894653,30362,30372,10
12.8326501846,80.2290878296,30372,30382,10
12.8323602676,80.2291488647,30382,30392,10
12.8322601318,80.2291564941,30392,30402,10
12.8319301605,80.2292327881,30402,30413,11
12.8318595886,80.2292480469,30413,30423,10
12.8314304352,80.229347229,30423,30433,10
12.8306798935,80.2296066284,30433,30443,10
12.8297195435,80.2299804688,30443,30453,10
12.8286504745,80.23046875,30453,30463,10
12.8276100159,80.2310562134,30463,30473,10
12.8264598846,80.2313919067,30473,30483,10
12.8252401352,80.2314529419,30483,30493,10
12.8240404129,80.2312469482,30493,30504,11
12.8227396011,80.2308578491,30504,30514,10
12.821559906,80.2305374146,30514,30524,10
12.8203802109,80.2304992676,30524,30534,10
12.8193397522,80.2305297852,30534,30544,10
12.8188495636,80.2304992676,30544,30554,10
12.8187599182,80.2304382324,30554,30564,10
12.8183097839,80.2302017212,30564,30574,10
12.8175497055,80.2298583984,30574,30584,10
12.8165397644,80.2295379639,30584,30595,11
12.8152503967,80.2293395996,30595,30605,10
12.8140802383,80.2291412354,30605,30615,10
12.8129301071,80.2288208008,30615,30625,10
12.8117904663,80.2284164429,30625,30635,10
12.8106498718,80.2279891968,30635,30645,10
12.8095998764,80.2275390625,30645,30655,10
12.808719635,80.2269363403,30655,30665,10
12.8078298569,80.2261734009,30665,30675,10
12.8070001602,80.2254486084,30675,30686,11
12.8064002991,80.2248916626,30686,30696,10
12.8057098389,80.2242965698,30696,30706,10
12.8050403595,80.2240371704,30706,30716,10
12.8049898148,80.224029541,30716,30726,10
12.8048295975,80.2240066528,30726,30736,10
12.8043498993,80.2239532471,30736,30746,10
12.8037204742,80.2238998413,30746,30756,10
12.8029298782,80.2238235474,30756,30766,10
12.8019304276,80.2236785889,30766,30777,11
12.8008804321,80.2236175537,30777,30787,10
12.8000497818,80.2235412598,30787,30797,10
12.7989902496,80.2234573364,30797,30807,10
12.7979202271,80.2233200073,30807,30817,10
12.7968397141,80.2231521606,30817,30827,10
12.7959699631,80.2229995728,30827,30837,10
12.7958402634,80.2229995728,30837,30847,10
12.7957696915,80.2229614258,30847,30857,10
12.7953796387,80.2229003906,30857,30868,11
12.7946195602,80.2227706909,30868,30878,10
12.7937202454,80.2226333618,30878,30888,10
12.7926101685,80.2224731445,30888,30898,10
12.7914800644,80.2222213745,30898,30908,10
12.7903604507,80.2219619751,30908,30918,10
12.7893896103,80.2216567993,30918,30928,10
12.7885198593,80.2213287354,30928,30938,10
12.7877397537,80.2210388184,30938,30948,10
12.7871103287,80.2208099365,30948,30959,11
12.786239624,80.2204589844,30959,30999,40
12.786239624,80.2204589844,30999,31009,10
12.7861795425,80.220703125,31009,31019,10
12.7861795425,80.2209625244,31019,31029,10
12.7861795425,80.221321106,31029,31039,10
12.7862796783,80.2217636108,31039,31151,112
12.7862596512,80.2218933105,31151,31849,698
12.7862901688,80.2217788696,31849,31919,70
12.7862901688,80.2217788696,31919,31929,10
12.7862596512,80.2218780518,31929,32182,253
12.7862701416,80.222038269,32182,32294,112
12.7862701416,80.222038269,32294,32304,10
12.7862195969,80.221862793,32304,32314,10
12.7861995697,80.2216720581,32314,32324,10
12.7861795425,80.2213973999,32324,32334,10
12.7861795425,80.2210769653,32334,32344,10
12.7861795425,80.220993042,32344,32354,10
12.7861700058,80.2208404541,32354,32364,10
12.7861604691,80.2206420898,32364,32374,10
12.7861604691,80.2206192017,32374,32385,11
12.7861995697,80.2204589844,32385,32425,40
12.7861995697,80.2204589844,32425,32435,10
12.7864904404,80.2203826904,32435,32445,10
12.7867002487,80.2204818726,32445,32455,10
12.7869796753,80.2205963135,32455,32465,10
12.7875204086,80.2208023071,32465,32476,11
12.7882995605,80.2210998535,32476,32486,10
12.7890300751,80.2213897705,32486,32496,10
12.7896499634,80.2216186523,32496,32506,10
12.7903003693,80.2218017578,32506,32516,10
12.791179657,80.2220230103,32516,32526,10
12.7922897339,80.2222976685,32526,32536,10
12.793510437,80.2225036621,32536,32546,10
12.7947397232,80.2226791382,32546,32556,10
12.7957897186,80.222869873,32556,32567,11
12.7969703674,80.2230911255,32567,32577,10
12.7981100082,80.2232666016,32577,32587,10
12.7992401123,80.2233810425,32587,32597,10
12.8004102707,80.2234725952,32597,32607,10
12.8014001846,80.2235488892,32607,32617,10
12.8015604019,80.2235717773,32617,32627,10
12.8020896912,80.2236175537,32627,32637,10
12.8028097153,80.223739624,32637,32647,10
12.8034696579,80.2238235474,32647,32658,11
12.8040504456,80.2238693237,32658,32668,10
12.8048400879,80.2239379883,32668,32678,10
12.8055200577,80.2240982056,32678,32688,10
12.8056001663,80.2241287231,32688,32698,10
12.8058700562,80.224357605,32698,32708,10
12.8064002991,80.224822998,32708,32718,10
12.8071203232,80.2254714966,32718,32728,10
12.8079795837,80.2262115479,32728,32738,10
12.8088903427,80.2269821167,32738,32749,11
12.8100204468,80.2276535034,32749,32759,10
12.8111495972,80.2281188965,32759,32769,10
12.8123102188,80.2285385132,32769,32779,10
12.8134698868,80.2289428711,32779,32789,10
12.8146696091,80.2292480469,32789,32799,10
12.8158903122,80.2294235229,32799,32809,10
12.8170900345,80.229637146,32809,32819,10
12.8182001114,80.2301177979,32819,32829,10
12.819319725,80.2304763794,32829,32840,11
12.819849968,80.2304611206,32840,32850,10
12.8200397491,80.2304534912,32850,32860,10
12.8206396103,80.2304229736,32860,32870,10
12.8214998245,80.2304534912,32870,32880,10
12.8225803375,80.2307128906,32880,32890,10
12.8237199783,80.2310562134,32890,32900,10
12.8248500824,80.2313232422,32900,32910,10
12.8260402679,80.2313308716,32910,32920,10
12.8271999359,80.2311401367,32920,32931,11
12.8283700943,80.230506897,32931,32941,10
12.829460144,80.2299575806,32941,32951,10
12.8311004639,80.2292785645,32951,32971,20
12.8311004639,80.2292785645,32971,32981,10
12.8313302994,80.2292022705,32981,32991,10
12.8315601349,80.2291412354,32991,33001,10
12.8316402435,80.2291183472,33001,33011,10
12.8320503235,80.229019165,33011,33022,11
12.8327999115,80.2288894653,33022,33032,10
12.8337202072,80.228729248,33032,33042,10
12.8348398209,80.2285385132,33042,33052,10
12.8360004425,80.2283782959,33052,33062,10
12.8371601105,80.2282028198,33062,33072,10
12.8383598328,80.2279815674,33072,33082,10
12.8391504288,80.2277679443,33082,33092,10
12.8395299911,80.2276611328,33092,33123,31
12.8395299911,80.2276611328,33123,33133,10
12.8397598267,80.2275238037,33133,33143,10
12.8403196335,80.2274169922,33143,33153,10
12.8411102295,80.2272109985,33153,33163,10
12.8420801163,80.2269668579,33163,33173,10
12.843079567,80.2267608643,33173,33183,10
12.8443498611,80.226600647,33183,33193,10
12.8452396393,80.2265167236,33193,33204,11
12.8452997208,80.2265167236,33204,33214,10
12.8453702927,80.2265167236,33214,33224,10
12.8458204269,80.2265090942,33224,33234,10
12.846570015,80.2265014648,33234,33244,10
12.8475198746,80.2265014648,33244,33254,10
12.8486499786,80.2265090942,33254,33264,10
12.8498001099,80.2265014648,33264,33274,10
12.8509502411,80.2265625,33274,33284,10
12.852230072,80.2266082764,33284,33295,11
12.8534202576,80.2266235352,33295,33305,10
12.8546199799,80.2265014648,33305,33315,10
12.8558197021,80.2263793945,33315,33325,10
12.8570404053,80.2262573242,33325,33335,10
12.8582000732,80.2261734009,33335,33345,10
12.8591899872,80.2262573242,33345,33355,10
12.8603096008,80.2264175415,33355,33365,10
12.8609104156,80.2264709473,33365,33376,11
12.8611698151,80.2264862061,33376,33386,10
12.8617601395,80.2264785767,33386,33396,10
12.862569809,80.2264480591,33396,33406,10
12.8635597229,80.2264480591,33406,33416,10
12.8647298813,80.2265014648,33416,33426,10
12.8659601212,80.2265014648,33426,33436,10
12.8672199249,80.2264022827,33436,33446,10
12.8684997559,80.2263183594,33446,33456,10
12.8697795868,80.2264633179,33456,33467,11
12.8711795807,80.2265777588,33467,33477,10
12.8721199036,80.226600647,33477,33487,10
12.8724002838,80.2265777588,33487,33497,10
12.8725099564,80.2265777588,33497,33507,10
12.8726997375,80.2265777588,33507,33517,10
12.8731002808,80.2266082764,33517,33527,10
12.8738002777,80.2266464233,33527,33537,10
12.8746404648,80.2267532349,33537,33547,10
12.8756504059,80.2268600464,33547,33558,11
12.8765001297,80.2268829346,33558,33568,10
12.877240181,80.2268371582,33568,33578,10
12.8782196045,80.2267608643,33578,33588,10
12.8793697357,80.2266998291,33588,33598,10
12.8805599213,80.2266769409,33598,33608,10
12.8817501068,80.2266693115,33608,33618,10
12.8829498291,80.2266464233,33618,33628,10
12.8841495514,80.2266235352,33628,33638,10
12.8850002289,80.2266082764,33638,33649,11
12.8851995468,80.2266235352,33649,33659,10
12.8855199814,80.2266769409,33659,33669,10
12.8861398697,80.2268371582,33669,33679,10
12.8869800568,80.2270584106,33679,33689,10
12.8880395889,80.2272109985,33689,33699,10
12.8892097473,80.2272567749,33699,33709,10
12.89041996,80.2272567749,33709,33719,10
12.8915500641,80.2272567749,33719,33729,10
12.8921699524,80.2272720337,33729,33740,11
12.8923797607,80.2272796631,33740,33750,10
12.8929300308,80.2273483276,33750,33760,10
12.8937101364,80.2274475098,33760,33770,10
12.8946800232,80.2275238037,33770,33780,10
12.8958301544,80.2275695801,33780,33790,10
12.89702034,80.2276382446,33790,33800,10
12.8982400894,80.227722168,33800,33810,10
12.8994598389,80.2277984619,33810,33820,10
12.9006204605,80.2278137207,33820,33891,71
12.9006204605,80.2278137207,33891,33901,10
12.9009895325,80.2278366089,33901,33911,10
12.9015598297,80.2278900146,33911,33922,11
12.9023199081,80.2279205322,33922,33932,10
12.9024400711,80.2279205322,33932,33942,10
12.9024896622,80.2279281616,33942,33952,10
12.902879715,80.2279968262,33952,33962,10
12.9035596848,80.2280197144,33962,33972,10
12.9044399261,80.2280578613,33972,33982,10
12.9055299759,80.2281188965,33982,33992,10
12.9064502716,80.2281723022,33992,34002,10
12.9069595337,80.2282180786,34002,34013,11
12.9070501328,80.2282409668,34013,34023,10
12.9074602127,80.2282791138,34023,34033,10
12.9081697464,80.2284011841,34033,34043,10
12.9090995789,80.228553772,34043,34053,10
12.9102296829,80.228729248,34053,34063,10
12.9113998413,80.2288970947,34063,34073,10
12.9126195908,80.2290878296,34073,34083,10
12.9137001038,80.2292327881,34083,34093,10
12.9139604568,80.2292480469,34093,34104,11
12.9141302109,80.2292709351,34104,34113,9
12.9145402908,80.2293319702,34113,34124,11
12.9153203964,80.2294387817,34124,34134,10
12.9162197113,80.2295837402,34134,34144,10
12.9173002243,80.2297210693,34144,34154,10
12.918419838,80.2298812866,34154,34164,10
12.9195203781,80.2300186157,34164,34174,10
12.9206800461,80.2301635742,34174,34184,10
12.9218502045,80.2303237915,34184,34195,11
12.923119545,80.230506897,34195,34205,10
12.9242401123,80.2306594849,34205,34215,10
12.9252595901,80.2307815552,34215,34225,10
12.9261398315,80.2308731079,34225,34235,10
12.9263000488,80.2308807373,34235,34245,10
12.9265804291,80.2309188843,34245,34255,10
12.9271602631,80.2309875488,34255,34265,10
12.9279403687,80.2310791016,34265,34275,10
12.9288597107,80.2312316895,34275,34286,11
12.9300498962,80.2314987183,34286,34296,10
12.9311800003,80.2318191528,34296,34306,10
12.9322795868,80.2321777344,34306,34316,10
12.9332399368,80.2325286865,34316,34326,10
12.9335098267,80.2326583862,34326,34336,10
12.9335803986,80.2326889038,34336,34346,10
12.9339399338,80.2328720093,34346,34356,10
12.9345798492,80.2331695557,34356,34366,10
12.9352903366,80.2334899902,34366,34377,11
12.9356498718,80.2336425781,34377,34387,10
12.9357099533,80.2336807251,34387,34397,10
12.9360799789,80.2338562012,34397,34407,10
12.9367103577,80.234161377,34407,34417,10
12.9375495911,80.2345733643,34417,34427,10
12.9385404587,80.2350616455,34427,34437,10
12.9395198822,80.2355575562,34437,34447,10
12.9397201538,80.2356491089,34447,34457,10
12.9399204254,80.2357406616,34457,34468,11
12.9405498505,80.2359695435,34468,34478,10
12.9413700104,80.2361831665,34478,34488,10
12.942440033,80.2364578247,34488,34498,10
12.9434299469,80.237121582,34498,34508,10
12.9442396164,80.2379989624,34508,34518,10
12.9449195862,80.2387390137,34518,34528,10
12.946149826,80.2395401001,34528,34538,10
12.9470500946,80.2398910522,34538,34548,10
12.9472503662,80.2399673462,34548,34559,11
12.9476203918,80.2401199341,34559,34569,10
12.9481801987,80.2403564453,34569,34579,10
12.9486703873,80.2405166626,34579,34599,20
12.9486703873,80.2405166626,34599,34609,10
12.9489097595,80.2406234741,34609,34619,10
12.9494199753,80.2408218384,34619,34629,10
12.9501495361,80.2410430908,34629,34640,11
12.9509000778,80.2412490845,34640,34650,10
12.9510402679,80.2413024902,34650,34660,10
12.9511404037,80.2413635254,34660,34670,10
12.95154953,80.2415237427,34670,34680,10
12.9522104263,80.2417831421,34680,34690,10
12.9529800415,80.2420883179,34690,34700,10
12.953909874,80.2424621582,34700,34710,10
12.954750061,80.2427902222,34710,34720,10
12.9554395676,80.2430419922,34720,34731,11
12.9562501907,80.2433013916,34731,34741,10
12.956489563,80.2434234619,34741,34751,10
12.9568300247,80.2435379028,34751,34761,10
12.957400322,80.2437896729,34761,34771,10
12.9581203461,80.2441101074,34771,34781,10
12.9587898254,80.2443695068,34781,34791,10
12.9589300156,80.2444381714,34791,34801,10
12.9591398239,80.2445526123,34801,34811,10
12.9596300125,80.2447814941,34811,34822,11
12.9603996277,80.2451400757,34822,34832,10
12.9612703323,80.2455368042,34832,34842,10
12.9622001648,80.2460021973,34842,34852,10
12.963139534,80.2464523315,34852,34872,20
12.963139534,80.2464523315,34872,34882,10
12.963259697,80.2465286255,34882,34892,10
12.9636001587,80.2467193604,34892,34902,10
12.9640598297,80.2469100952,34902,34913,11
12.9647798538,80.2471694946,34913,34923,10
12.9655799866,80.2474365234,34923,34933,10
12.9666099548,80.2478485107,34933,34963,30
12.9666099548,80.2478485107,34963,34973,10
12.9668397903,80.2479782104,34973,34983,10
12.9672498703,80.2482223511,34983,34993,10
12.9679403305,80.2485122681,34993,35004,11
12.968870163,80.248878479,35004,35014,10
12.9699201584,80.2492828369,35014,35024,10
12.9710102081,80.249671936,35024,35034,10
12.9721403122,80.2499694824,35034,35044,10
12.973279953,80.2502593994,35044,35054,10
12.9744195938,80.2505569458,35054,35064,10
12.9755401611,80.2508926392,35064,35074,10
12.976650238,80.2511978149,35074,35084,10
12.9776802063,80.251701355,35084,35095,11
12.9784002304,80.252243042,35095,35105,10
12.9785699844,80.2523269653,35105,35115,10
12.9786996841,80.2524185181,35115,35125,10
12.9795398712,80.2525863647,35125,35175,50
12.9795398712,80.2525863647,35175,35186,11
12.9799203873,80.2526321411,35186,35196,10
12.9804496765,80.2526321411,35196,35206,10
12.9811496735,80.2526092529,35206,35216,10
12.9820203781,80.2525787354,35216,35226,10
12.9830999374,80.252532959,35226,35236,10
12.9840202332,80.2523574829,35236,35246,10
12.9853601456,80.251991272,35246,35256,10
12.9863395691,80.2517318726,35256,35266,10
12.987159729,80.2514724731,35266,35337,71
12.987159729,80.2514724731,35337,35347,10
12.9873199463,80.251411438,35347,35357,10
12.9875802994,80.2513427734,35357,35368,11
12.9880895615,80.2512283325,35368,35378,10
12.9887695313,80.2510681152,35378,35388,10
12.9895000458,80.2508468628,35388,35408,20
12.9895000458,80.2508468628,35408,35418,10
12.989859581,80.2508087158,35418,35428,10
12.9903402328,80.2506790161,35428,35438,10
12.9911298752,80.2504806519,35438,35448,10
12.9919700623,80.2502593994,35448,35459,11
12.9931001663,80.2499771118,35459,35469,10
12.9941997528,80.2496795654,35469,35479,10
12.9953098297,80.2494125366,35479,35489,10
12.9963302612,80.249130249,35489,35499,10
12.9967098236,80.2490234375,35499,35509,10
12.9968004227,80.2490005493,35509,35519,10
12.9972200394,80.2489089966,35519,35529,10
12.9978599548,80.2487487793,35529,35539,10
12.9986400604,80.2485580444,35539,35550,11
12.9996900558,80.248298645,35550,35560,10
13.0007696152,80.248046875,35560,35570,10
13.0018796921,80.2477798462,35570,35580,10
13.0029401779,80.2475509644,35580,35590,10
13.004070282,80.2473602295,35590,35600,10
13.0050802231,80.2472229004,35600,35610,10
13.0059499741,80.2470016479,35610,35620,10
13.0064897537,80.2465209961,35620,35630,10
13.006529808,80.246421814,35630,35641,11
13.0065898895,80.246307373,35641,35650,9
13.0066404343,80.2459411621,35650,35661,11
13.0066604614,80.2452392578,35661,35671,10
13.006649971,80.2444381714,35671,35681,10
13.0066099167,80.2435531616,35681,35691,10
13.0065698624,80.2425537109,35691,35701,10
13.0065898895,80.2414321899,35701,35711,10
13.0066604614,80.2405014038,35711,35742,31
13.0066604614,80.2405014038,35742,35752,10
13.0067300797,80.2401580811,35752,35762,10
13.006819725,80.2396316528,35762,35772,10
13.0069503784,80.2388763428,35772,35782,10
13.0071201324,80.2380523682,35782,35792,10
13.007349968,80.2368392944,35792,35812,20
13.007349968,80.2368392944,35812,35823,11
13.0074901581,80.2364807129,35823,35833,10
13.0075902939,80.2359619141,35833,35843,10
13.0077199936,80.2352371216,35843,35853,10
13.0078697205,80.2344589233,35853,35863,10
13.0081100464,80.2334823608,35863,35873,10
13.0083198547,80.2324066162,35873,35882,9
13.0085601807,80.2311630249,35882,35893,11
13.0087795258,80.2300186157,35893,35902,9
13.0090503693,80.2286682129,35902,35914,12
13.0095100403,80.2273406982,35914,35924,10
13.0100097656,80.2262878418,35924,35934,10
13.0104904175,80.2252731323,35934,35944,10
13.010890007,80.224357605,35944,35954,10
13.0112600327,80.2235183716,35954,35964,10
13.0115604401,80.2228622437,35964,35974,10
13.0117797852,80.2220230103,35974,35984,10
13.0121603012,80.2214431763,35984,35994,10
13.0124197006,80.2216186523,35994,36005,11
13.0127696991,80.22215271,36005,36015,10
13.0133104324,80.2227172852,36015,36025,10
13.0138998032,80.2233276367,36025,36035,10
13.0142202377,80.2237930298,36035,36045,10
13.0145597458,80.2240219116,36045,36055,10
13.0149803162,80.2245864868,36055,36065,10
13.0152902603,80.2248535156,36065,36075,10
13.0155897141,80.2250976563,36075,36086,11
13.0156497955,80.2251586914,36086,36096,10
13.0157203674,80.2251968384,36096,36106,10
13.0160799026,80.2253417969,36106,36116,10
13.0166702271,80.2252578735,36116,36126,10
13.0173902512,80.2249679565,36126,36136,10
13.0182304382,80.2246170044,36136,36146,10
13.0189695358,80.2243423462,36146,36156,10
13.0193996429,80.224319458,36156,36177,21
13.0193996429,80.224319458,36177,36187,10
13.0194997787,80.2243804932,36187,36197,10
13.0197496414,80.2245483398,36197,36207,10
13.0200796127,80.2247924805,36207,36217,10
13.0205001831,80.2250976563,36217,36227,10
13.0208702087,80.2253723145,36227,36237,10
13.0212898254,80.2257080078,36237,36247,10
13.0216197968,80.2259674072,36247,36257,10
13.02202034,80.2262802124,36257,36268,11
13.0227403641,80.226890564,36268,36278,10
13.0234804153,80.2275390625,36278,36288,10
13.0240402222,80.2280426025,36288,36298,10
13.0242900848,80.2282791138,36298,36308,10
13.0244102478,80.2284622192,36308,36369,61
13.0244102478,80.2284622192,36369,36379,10
13.0242900848,80.2285766602,36379,36389,10
13.0240001678,80.2282409668,36389,36399,10
13.0237598419,80.2279281616,36399,36409,10
13.0235204697,80.227722168,36409,36753,344
13.0233297348,80.2274398804,36753,37157,404
13.0233297348,80.2274398804,37157,37168,11
13.0231304169,80.2273635864,37168,37178,10
13.0228204727,80.2270889282,37178,37188,10
13.0224504471,80.2267227173,37188,37198,10
13.0219402313,80.2262191772,37198,37208,10
13.0212802887,80.2257232666,37208,37218,10
13.0205898285,80.2252197266,37218,37228,10
13.0200099945,80.224822998,37228,37238,10
13.0194702148,80.2245178223,37238,37248,10
13.0186395645,80.2245407104,37248,37259,11
13.0176696777,80.2249221802,37259,37269,10
13.0168600082,80.2252426147,37269,37279,10
13.0163698196,80.2254714966,37279,37289,10
13.015879631,80.2256393433,37289,37299,10
13.0153303146,80.2258377075,37299,37309,10
13.0146303177,80.2261199951,37309,37329,20
13.0146303177,80.2261199951,37329,37340,11
13.0143604279,80.2262268066,37340,37350,10
13.0142498016,80.22631073,37350,37360,10
13.0141601563,80.2263412476,37360,37370,10
13.0140600204,80.2263565063,37370,37380,10
13.0136995316,80.2264633179,37380,37390,10
13.0131196976,80.2266769409,37390,37400,10
13.0123996735,80.2270126343,37400,37410,10
13.0116195679,80.2273406982,37410,37420,10
13.0107097626,80.2276992798,37420,37431,11
13.0097198486,80.2281036377,37431,37441,10
13.0091695786,80.2286376953,37441,37451,10
13.0090303421,80.229347229,37451,37461,10
13.0088396072,80.2303771973,37461,37471,10
13.0086698532,80.2312698364,37471,37481,10
13.0084695816,80.2322463989,37481,37491,10
13.0082998276,80.2331390381,37491,37501,10
13.0082302094,80.2336502075,37501,37511,10
13.0081701279,80.2337799072,37511,37522,11
13.0080795288,80.2342071533,37522,37532,10
13.0080003738,80.2346191406,37532,37542,10
13.0079402924,80.2348632813,37542,37552,10
13.0078296661,80.235458374,37552,37562,10
13.0076704025,80.236289978,37562,37572,10
13.0074996948,80.2371520996,37572,37582,10
13.0073404312,80.2380065918,37582,37592,10
13.0072002411,80.2387237549,37592,37602,10
13.0069999695,80.2397994995,37602,37663,61
13.0069999695,80.2397994995,37663,37673,10
13.0068702698,80.240196228,37673,37683,10
13.0068397522,80.2406692505,37683,37693,10
13.0068397522,80.2406768799,37693,37704,11
13.0067996979,80.2408294678,37704,37714,10
13.0067501068,80.2412719727,37714,37724,10
13.0067396164,80.2421188354,37724,37734,10
13.0067300797,80.2429199219,37734,37744,10
13.0067300797,80.2437591553,37744,37754,10
13.0066995621,80.2446212769,37754,37764,10
13.0067195892,80.2458572388,37764,37774,10
13.0067195892,80.2465896606,37774,37784,10
13.0063495636,80.2473831177,37784,37805,21
13.0063495636,80.2473831177,37805,37815,10
13.0062999725,80.2474594116,37815,37825,10
13.0059499741,80.2474365234,37825,37835,10
13.0052700043,80.247428894,37835,37845,10
13.0044698715,80.247467041,37845,37855,10
13.0034599304,80.2475891113,37855,37865,10
13.0024995804,80.2477264404,37865,37875,10
13.0016403198,80.2479400635,37875,37886,11
13.0005197525,80.2481994629,37886,37896,10
12.9995203018,80.2484436035,37896,37906,10
12.9985303879,80.2486801147,37906,37916,10
12.9975500107,80.248916626,37916,37926,10
12.9965295792,80.249168396,37926,37936,10
12.9955301285,80.2494430542,37936,37946,10
12.9945001602,80.2497177124,37946,37956,10
12.9934301376,80.2499923706,37956,37966,10
12.992389679,80.2502365112,37966,37977,11
12.9914302826,80.25050354,37977,37987,10
12.9909801483,80.2506103516,37987,37997,10
12.9908800125,80.250617981,37997,38007,10
12.9904603958,80.2507171631,38007,38017,10
12.9897403717,80.2509078979,38017,38027,10
12.9888801575,80.2511367798,38027,38037,10
12.9884796143,80.2512893677,38037,38047,10
12.9882202148,80.2513427734,38047,38057,10
12.987859726,80.251411438,38057,38068,11
12.9872598648,80.2515716553,38068,38078,10
12.9866104126,80.2517623901,38078,38088,10
12.9858398438,80.2519378662,38088,38098,10
12.9849100113,80.2521820068,38098,38108,10
12.9840202332,80.2524185181,38108,38118,10
12.9832897186,80.2525863647,38118,38128,10
12.9821996689,80.2526779175,38128,38138,10
12.9812602997,80.2527084351,38138,38148,10
12.9804697037,80.2527694702,38148,38159,11
12.9798202515,80.2527694702,38159,38169,10
12.9793901443,80.2527236938,38169,38179,10
12.9789896011,80.2526779175,38179,38189,10
12.9785995483,80.2526016235,38189,38199,10
12.9785804749,80.2525787354,38199,38209,10
12.9783601761,80.2524490356,38209,38219,10
12.9778795242,80.2520370483,38219,38229,10
12.9771995544,80.2515029907,38229,38239,10
12.9762001038,80.2511367798,38239,38250,11
12.9749698639,80.2507781982,38250,38260,10
12.9738502502,80.2504577637,38260,38270,10
12.9727201462,80.2501602173,38270,38280,10
12.9715595245,80.2498397827,38280,38290,10
12.9703998566,80.2494888306,38290,38300,10
12.9693098068,80.2490692139,38300,38310,10
12.9683904648,80.2487716675,38310,38320,10
12.9675102234,80.2484207153,38320,38330,10
12.9667396545,80.248046875,38330,38341,11
12.9659996033,80.2477035522,38341,38351,10
12.9653902054,80.247467041,38351,38361,10
12.9650297165,80.2473678589,38361,38371,10
12.9649896622,80.2473602295,38371,38381,10
12.9646196365,80.2472076416,38381,38391,10
12.9639797211,80.2469787598,38391,38401,10
12.9634504318,80.2467727661,38401,38421,20
12.9634504318,80.2467727661,38421,38432,11
12.9632396698,80.2466812134,38432,38442,10
12.9627599716,80.2464294434,38442,38452,10
12.9620504379,80.2460632324,38452,38462,10
12.9611902237,80.2456207275,38462,38472,10
12.9602499008,80.2452011108,38472,38482,10
12.9594802856,80.2448883057,38482,38492,10
12.9593801498,80.2448272705,38492,38502,10
12.9591798782,80.2446975708,38502,38512,10
12.9587097168,80.2444763184,38512,38523,11
12.9579801559,80.2442016602,38523,38533,10
12.9574298859,80.2439804077,38533,38543,10
12.9564599991,80.2435684204,38543,38573,30
12.9564599991,80.2435684204,38573,38583,10
12.9562101364,80.2435073853,38583,38593,10
12.9556798935,80.2432403564,38593,38603,10
12.9549503326,80.2429199219,38603,38614,11
12.954000473,80.2425308228,38614,38624,10
12.9530200958,80.2421417236,38624,38634,10
12.9520797729,80.2417984009,38634,38644,10
12.9518299103,80.2417373657,38644,38654,10
12.9518003464,80.2417221069,38654,38664,10
12.9514598846,80.241569519,38664,38674,10
12.9508600235,80.2413635254,38674,38684,10
12.9500703812,80.2411193848,38684,38694,10
12.9492902756,80.2408828735,38694,38705,11
12.9483203888,80.2405014038,38705,38715,10
12.9475603104,80.240196228,38715,38725,10
12.9473495483,80.2401199341,38725,38735,10
12.9473400116,80.2401123047,38735,38745,10
12.947019577,80.239982605,38745,38755,10
12.9464302063,80.2397384644,38755,38765,10
12.945690155,80.2394180298,38765,38775,10
12.9449396133,80.2388534546,38775,38785,10
12.9441795349,80.2380065918,38785,38796,11
12.9433097839,80.2370605469,38796,38806,10
12.9422702789,80.2364501953,38806,38816,10
12.9411001205,80.2361373901,38816,38826,10
12.940030098,80.2358779907,38826,38836,10
12.9397602081,80.235786438,38836,38846,10
12.9396800995,80.2357406616,38846,38856,10
12.9393196106,80.2355728149,38856,38866,10
12.9387798309,80.2352828979,38866,38876,10
12.9378700256,80.2348327637,38876,38887,11
12.9369497299,80.2343902588,38887,38897,10
12.9360303879,80.2339706421,38897,38907,10
12.935500145,80.2337188721,38907,38917,10
12.9348096848,80.2334136963,38917,38927,10
12.9340600967,80.2330932617,38927,38937,10
12.9338302612,80.2329788208,38937,38947,10
12.9337100983,80.2328872681,38947,38957,10
12.9332799911,80.2326812744,38957,38968,11
12.9325199127,80.2323989868,38968,38978,10
12.9316596985,80.2321166992,38978,38988,10
12.9305896759,80.2317733765,38988,38998,10
12.9294500351,80.2314834595,38998,39008,10
12.9282598495,80.231262207,39008,39018,10
12.9270601273,80.2311172485,39018,39028,10
12.9261102676,80.2310180664,39028,39038,10
12.925860405,80.2309875488,39038,39048,10
12.9254102707,80.2309112549,39048,39059,11
12.9246702194,80.2308197021,39059,39069,10
12.9238796234,80.23072052,39069,39079,10
12.9229001999,80.2305908203,39079,39089,10
12.9217395782,80.2304077148,39089,39099,10
12.9205598831,80.2302627563,39099,39109,10
12.9193601608,80.2300872803,39109,39119,10
12.9181804657,80.229927063,39119,39129,10
12.9169797897,80.2297821045,39129,39139,10
12.9157600403,80.2296218872,39139,39150,11
12.9145002365,80.2294235229,39150,39160,10
12.9135904312,80.2293167114,39160,39170,10
12.9133195877,80.2292785645,39170,39180,10
12.913189888,80.2292404175,39180,39190,10
12.9126901627,80.2291564941,39190,39200,10
12.911939621,80.229057312,39200,39210,10
12.9110202789,80.2289276123,39210,39220,10
12.9099197388,80.2287826538,39220,39230,10
12.9087696075,80.2285919189,39230,39241,11
12.9076795578,80.2284164429,39241,39251,10
12.9067802429,80.2283172607,39251,39261,10
12.9060697556,80.2282714844,39261,39271,10
12.9057998657,80.2282562256,39271,39281,10
12.9055595398,80.2282333374,39281,39291,10
12.9049701691,80.2282028198,39291,39301,10
12.9041404724,80.2281570435,39301,39311,10
12.9031000137,80.2280883789,39311,39321,10
12.9019403458,80.228012085,39321,39332,11
12.9008398056,80.2279510498,39332,39342,10
12.899600029,80.2279205322,39342,39372,30
12.899600029,80.2279205322,39372,39382,10
12.8994903564,80.2279205322,39382,39392,10
12.8991098404,80.2278900146,39392,39402,10
12.8985099792,80.2278518677,39402,39412,10
12.8977203369,80.2277984619,39412,39423,11
12.8967399597,80.2277374268,39423,39433,10
12.8957099915,80.2276992798,39433,39443,10
12.8946800232,80.2276382446,39443,39453,10
12.8935804367,80.2275619507,39453,39463,10
12.8926401138,80.2274627686,39463,39524,61
12.8926401138,80.2274627686,39524,39534,10
12.8923902512,80.2274093628,39534,39544,10
12.8918399811,80.2273712158,39544,39554,10
12.8910503387,80.2273788452,39554,39564,10
12.8900699615,80.2273788452,39564,39574,10
12.8889799118,80.2273712158,39574,39584,10
12.8879499435,80.2273025513,39584,39594,10
12.8869104385,80.227142334,39594,39605,11
12.8856801987,80.2268371582,39605,39615,10
12.8848800659,80.2267379761,39615,39625,10
12.8847503662,80.2267303467,39625,39635,10
12.8843297958,80.2267074585,39635,39645,10
12.8836097717,80.2267074585,39645,39655,10
12.8827295303,80.2267303467,39655,39665,10
12.8816404343,80.2267532349,39665,39675,10
12.8804798126,80.2267608643,39675,39685,10
12.8793296814,80.2267837524,39685,39696,11
12.8780403137,80.2268600464,39696,39706,10
12.8770599365,80.2269363403,39706,39716,10
12.8765296936,80.2269973755,39716,39726,10
12.8765201569,80.2269973755,39726,39736,10
12.8761997223,80.2269973755,39736,39746,10
12.8755702972,80.2269821167,39746,39756,10
12.8747596741,80.2268981934,39756,39766,10
12.8737697601,80.2267837524,39766,39776,10
12.8728704453,80.2267227173,39776,39787,11
12.872420311,80.2267303467,39787,39797,10
12.8720197678,80.2267227173,39797,39807,10
12.8713197708,80.2266769409,39807,39817,10
12.8704395294,80.2266311646,39817,39827,10
12.8693704605,80.2265090942,39827,39837,10
12.8682098389,80.2264099121,39837,39847,10
12.8670301437,80.2265014648,39847,39857,10
12.8658895493,80.2266235352,39857,39867,10
12.8647298813,80.2266082764,39867,39878,11
12.8634500504,80.2265625,39878,39888,10
12.8622703552,80.2265777588,39888,39898,10
12.8612098694,80.2266311646,39898,39908,10
12.8608999252,80.2266235352,39908,39918,10
12.8606901169,80.226600647,39918,39928,10
12.8601198196,80.2265090942,39928,39938,10
12.8593196869,80.2263870239,39938,39948,10
12.8584499359,80.2262802124,39948,39958,10
12.857460022,80.2262802124,39958,39969,11
12.8562002182,80.2264099121,39969,39979,10
12.8550395966,80.2265396118,39979,39989,10
12.8538599014,80.2266616821,39989,39999,10
12.8526601791,80.2267227173,39999,40009,10
12.8514299393,80.2266769409,40009,40019,10
12.8503303528,80.2266387939,40019,40029,10
12.8492202759,80.2266235352,40029,40039,10
12.8480300903,80.2266082764,40039,40049,10
12.8467998505,80.226600647,40049,40060,11
12.8458795547,80.2266082764,40060,40070,10
12.8457603455,80.226600647,40070,40080,10
12.8454399109,80.2266082764,40080,40090,10
12.8453798294,80.2266082764,40090,40100,10
12.8451004028,80.2266235352,40100,40110,10
12.8444795609,80.2266693115,40110,40120,10
12.8436603546,80.2267532349,40120,40130,10
12.8426198959,80.2269363403,40130,40140,10
12.8414897919,80.2272109985,40140,40151,11
12.8403396606,80.2275085449,40151,40161,10
12.8397302628,80.2276687622,40161,40211,50
12.8397302628,80.2276687622,40211,40220,9
12.8394498825,80.2277374268,40220,40231,11
12.8388004303,80.2279205322,40231,40242,11
12.8379297256,80.2281417847,40242,40252,10
12.8368997574,80.2283172607,40252,40262,10
12.835729599,80.2285003662,40262,40272,10
12.8345403671,80.2286911011,40272,40282,10
12.8333597183,80.2289199829,40282,40292,10
12.8324203491,80.229133606,40292,40302,10
12.8322696686,80.2291564941,40302,40312,10
12.8321895599,80.2291564941,40312,40322,10
12.8318195343,80.2292404175,40322,40333,11
12.8310804367,80.2294464111,40333,40343,10
12.8302097321,80.2297592163,40343,40353,10
12.8291702271,80.2301483154,40353,40363,10
12.8281202316,80.2306976318,40363,40373,10
12.8270597458,80.2312393188,40373,40383,10
12.8258695602,80.2313995361,40383,40393,10
12.824640274,80.2313766479,40393,40403,10
12.8234395981,80.2310562134,40403,40413,10
12.822259903,80.230682373,40413,40424,11
12.8209495544,80.23046875,40424,40434,10
12.8197698593,80.2304992676,40434,40444,10
12.8189296722,80.230506897,40444,40454,10
12.8187599182,80.2304611206,40454,40464,10
12.8182697296,80.2302017212,40464,40474,10
12.8175201416,80.2298583984,40474,40484,10
12.8165397644,80.2295379639,40484,40494,10
12.8153800964,80.2293624878,40494,40504,10
12.8142204285,80.2291793823,40504,40515,11
12.8129501343,80.2287979126,40515,40525,10
12.8118200302,80.2283782959,40525,40535,10
12.810669899,80.2279510498,40535,40545,10
12.8095502853,80.2274703979,40545,40555,10
12.8085803986,80.2267990112,40555,40565,10
12.8076696396,80.226020813,40565,40575,10
12.8067903519,80.2252578735,40575,40585,10
12.8060903549,80.224609375,40585,40595,10
12.8050603867,80.2240219116,40595,40616,21
12.8050603867,80.2240219116,40616,40626,10
12.8048601151,80.2239685059,40626,40636,10
12.8042802811,80.2239074707,40636,40646,10
12.8034696579,80.2238464355,40646,40656,10
12.8024997711,80.2237319946,40656,40666,10
12.8013401031,80.2236022949,40666,40676,10
12.8003902435,80.2235412598,40676,40686,10
12.8000001907,80.2235031128,40686,40697,11
12.7993602753,80.223449707,40697,40707,10
12.7985200882,80.2233200073,40707,40717,10
12.7974996567,80.2232131958,40717,40727,10
12.796500206,80.2230300903,40727,40737,10
12.7957897186,80.22290802,40737,40747,10
12.7957201004,80.2229003906,40747,40757,10
12.7954301834,80.2228393555,40757,40767,10
12.7947998047,80.2227096558,40767,40777,10
12.7939796448,80.2225799561,40777,40788,11
12.792840004,80.2224273682,40788,40798,10
12.7918195724,80.2222213745,40798,40808,10
12.7907495499,80.2219467163,40808,40818,10
12.7896900177,80.2216720581,40818,40828,10
12.7889795303,80.2213973999,40828,40838,10
12.7882699966,80.2211380005,40838,40848,10
12.7876596451,80.2209091187,40848,40858,10
12.7871198654,80.2207107544,40858,40868,10
12.7867603302,80.2205734253,40868,40889,21
12.7867603302,80.2205734253,40889,40899,10
12.786239624,80.2203521729,40899,40949,50
12.786239624,80.2203521729,40949,40959,10
12.7861700058,80.2205963135,40959,40970,11
12.7861995697,80.2209320068,40970,41000,30
12.7861995697,80.2209320068,41000,41010,10
12.7862300873,80.221282959,41010,41020,10
12.7863101959,80.221862793,41020,42042,1022
12.7863101959,80.221862793,42042,42052,10
12.786190033,80.2216567993,42052,42062,10
12.7861995697,80.2214279175,42062,42072,10
12.7861995697,80.2213592529,42072,42082,10
12.7861795425,80.2210464478,42082,42092,10
12.7861604691,80.2205963135,42092,42173,81
12.7864599228,80.2204208374,42173,42203,30
12.7864599228,80.2204208374,42203,42213,10
12.7867498398,80.2205581665,42213,42224,11
12.7871198654,80.2206802368,42224,42234,10
12.7875900269,80.2208480835,42234,42244,10
12.7880001068,80.220993042,42244,42254,10
12.7885503769,80.2211990356,42254,42264,10
12.7891998291,80.2214584351,42264,42274,10
12.7896900177,80.2216415405,42274,42284,10
12.7899799347,80.2217178345,42284,42294,10
12.7905597687,80.2218704224,42294,42304,10
12.7913503647,80.2220611572,42304,42315,11
12.7924604416,80.2223205566,42315,42325,10
12.7936496735,80.2225112915,42325,42335,10
12.7948598862,80.2227020264,42335,42345,10
12.7964601517,80.2229614258,42345,42365,20
12.7964601517,80.2229614258,42365,42375,10
12.7965297699,80.2229919434,42375,42385,10
12.7968502045,80.2230377197,42385,42395,10
12.7974596024,80.2231674194,42395,42406,11
12.7982797623,80.2232666016,42406,42416,10
12.799079895,80.2233505249,42416,42426,10
12.8000497818,80.2234573364,42426,42436,10
12.8010101318,80.2235412598,42436,42446,10
12.8016300201,80.2235717773,42446,42456,10
12.801779747,80.2235794067,42456,42466,10
12.8020296097,80.2236175537,42466,42476,10
12.802570343,80.2237014771,42476,42486,10
12.8031997681,80.2237930298,42486,42497,11
12.8039398193,80.2238388062,42497,42507,10
12.8046503067,80.2239074707,42507,42517,10
12.8053798676,80.224067688,42517,42527,10
12.8055295944,80.2241210938,42527,42537,10
12.8056602478,80.2242126465,42537,42547,10
12.8060703278,80.2245483398,42547,42557,10
12.8066997528,80.2251205444,42557,42567,10
12.807559967,80.2258605957,42567,42577,10
12.8084697723,80.2266311646,42577,42588,11
12.8095197678,80.2274017334,42588,42598,10
12.8106002808,80.2278823853,42598,42608,10
12.8117103577,80.2283096313,42608,42618,10
12.8128499985,80.2287063599,42618,42628,10
12.8139896393,80.2290802002,42628,42638,10
12.8151702881,80.2292861938,42638,42648,10
12.8163499832,80.2294616699,42648,42658,10
12.8174800873,80.2297821045,42658,42668,10
12.8185396194,80.2302780151,42668,42679,11
12.819609642,80.2304382324,42679,42689,10
12.8197698593,80.2304229736,42689,42699,10
12.8200597763,80.2304077148,42699,42709,10
12.8207302094,80.2303619385,42709,42719,10
12.8216199875,80.2304229736,42719,42729,10
12.8227100372,80.2307128906,42729,42739,10
12.8238401413,80.2310409546,42739,42749,10
12.8249797821,80.2313079834,42749,42759,10
12.8261804581,80.2312927246,42759,42770,11
12.8274297714,80.2310180664,42770,42780,10
12.8284797668,80.2304229736,42780,42790,10
12.8295602798,80.2299194336,42790,42800,10
12.830499649,80.2295684814,42800,42810,10
12.8310203552,80.2293395996,42810,42820,10
12.831029892,80.2293319702,42820,42830,10
12.8312397003,80.2292404175,42830,42840,10
12.8317699432,80.2291030884,42840,42850,10
12.8325195313,80.2289810181,42850,42861,11
12.8335599899,80.2287826538,42861,42871,10
12.8346996307,80.2285614014,42871,42881,10
12.8358602524,80.2283935547,42881,42891,10
12.8370304108,80.2282180786,42891,42901,10
12.8381996155,80.2279968262,42901,42911,10
12.8391199112,80.2277297974,42911,42931,20
12.8391199112,80.2277297974,42931,42941,10
12.8394403458,80.2276611328,42941,42962,21
12.8394403458,80.2276611328,42962,42972,10
12.8396596909,80.2276382446,42972,42982,10
12.8401403427,80.2275085449,42982,42992,10
12.8408298492,80.2273330688,42992,43002,10
12.8416595459,80.2271270752,43002,43012,10
12.8427200317,80.226890564,43012,43022,10
12.8438596725,80.2266769409,43022,43032,10
12.845410347,80.2265090942,43032,43063,31
12.845410347,80.2265090942,43063,43073,10
12.8457803726,80.2265014648,43073,43083,10
12.8464202881,80.2265014648,43083,43093,10
12.8472299576,80.2265014648,43093,43103,10
12.8481903076,80.2265167236,43103,43113,10
12.8492898941,80.2265014648,43113,43123,10
12.8500404358,80.2264633179,43123,43134,11
12.850110054,80.2264633179,43134,43144,10
12.8505296707,80.2264404297,43144,43154,10
12.8511800766,80.2265090942,43154,43164,10
12.8519697189,80.2265777588,43164,43174,10
12.8528995514,80.2266082764,43174,43184,10
12.8540000916,80.2265396118,43184,43194,10
12.8551502228,80.2264099121,43194,43204,10
12.8563098907,80.2263031006,43204,43214,10
12.8575000763,80.2261810303,43214,43225,11
12.8587503433,80.2261810303,43225,43235,10
12.8599004745,80.2263412476,43235,43245,10
12.8607501984,80.2264404297,43245,43255,10
12.8607797623,80.2264480591,43255,43265,10
12.8609895706,80.2264785767,43265,43275,10
12.8614797592,80.2265014648,43275,43285,10
12.8622598648,80.2264633179,43285,43295,10
12.863120079,80.2264175415,43295,43305,10
12.8641395569,80.2264404297,43305,43316,11
12.8651895523,80.2265014648,43316,43326,10
12.8666400909,80.2264404297,43326,43336,10
12.8678703308,80.2263031006,43336,43346,10
12.869099617,80.22631073,43346,43356,10
12.8703203201,80.2264633179,43356,43366,10
12.8714895248,80.2265625,43366,43376,10
12.8728704453,80.2265777588,43376,43396,20
12.8728704453,80.2265777588,43396,43407,11
12.8732700348,80.2266082764,43407,43417,10
12.8738698959,80.2266464233,43417,43427,10
12.8746299744,80.2267532349,43427,43437,10
12.8754997253,80.2268600464,43437,43447,10
12.8764095306,80.2268600464,43447,43457,10
12.8767995834,80.2268371582,43457,43467,10
12.8772001266,80.2268218994,43467,43477,10
12.8779296875,80.2267608643,43477,43487,10
12.8787603378,80.2266998291,43487,43498,11
12.8798599243,80.2266464233,43498,43508,10
12.8810100555,80.2266387939,43508,43518,10
12.8821697235,80.2266311646,43518,43528,10
12.8833398819,80.2266235352,43528,43538,10
12.8844804764,80.2266082764,43538,43548,10
12.8851699829,80.2266082764,43548,43558,10
12.8852300644,80.2266082764,43558,43568,10
12.885310173,80.2266235352,43568,43578,10
12.8857002258,80.2267227173,43578,43589,11
12.8864297867,80.2269210815,43589,43599,10
12.8872404099,80.2270965576,43599,43609,10
12.8882303238,80.2272186279,43609,43619,10
12.8893699646,80.2272567749,43619,43629,10
12.8904104233,80.2272567749,43629,43639,10
12.8915100098,80.2272491455,43639,43649,10
12.8922395706,80.2272567749,43649,43659,10
12.8928604126,80.2273178101,43659,43669,10
12.8936100006,80.2274169922,43669,43680,11
12.8945798874,80.2275390625,43680,43690,10
12.8956403732,80.2275772095,43690,43700,10
12.8968095779,80.2276229858,43700,43710,10
12.8979701996,80.2276611328,43710,43720,10
12.8990802765,80.2277526855,43720,43730,10
12.9000196457,80.2277908325,43730,43740,10
12.9004602432,80.2277984619,43740,43771,31
12.9004602432,80.2277984619,43771,43781,10
12.9006500244,80.2277832031,43781,43791,10
12.9009199142,80.2278366089,43791,43801,10
12.9012699127,80.2278594971,43801,43811,10
12.9021100998,80.2278823853,43811,43841,30
12.9021100998,80.2278823853,43841,43851,10
12.9023199081,80.2279205322,43851,43862,11
12.9028196335,80.2279586792,43862,43872,10
12.9035396576,80.2279968262,43872,43882,10
12.9044103622,80.2280502319,43882,43892,10
12.9054098129,80.2280426025,43892,43902,10
12.9060497284,80.2281112671,43902,43912,10
12.9061603546,80.2281723022,43912,43922,10
12.9064397812,80.2282180786,43922,43932,10
12.9069404602,80.2282562256,43932,43943,11
12.9077796936,80.2283782959,43943,43953,10
12.9088697433,80.2285614014,43953,43963,10
12.9101800919,80.2287826538,43963,43973,10
12.9116401672,80.2289810181,43973,43983,10
12.9130601883,80.2291488647,43983,43993,10
12.9139604568,80.2292480469,43993,44003,10
12.9140701294,80.2292785645,44003,44013,10
12.9143695831,80.2293777466,44013,44023,10
12.9150600433,80.2294616699,44023,44034,11
12.9161901474,80.2296218872,44034,44044,10
12.9173297882,80.2297821045,44044,44054,10
12.9183597565,80.2298965454,44054,44064,10
12.9196100235,80.2300567627,44064,44074,10
12.9210500717,80.2302474976,44074,44084,10
12.9225997925,80.2304763794,44084,44094,10
12.9239797592,80.2306594849,44094,44104,10
12.9251804352,80.230796814,44104,44114,10
12.9262104034,80.2309036255,44114,44125,11
12.9265203476,80.2309417725,44125,44135,10
12.92689991,80.2309875488,44135,44145,10
12.9274902344,80.2310714722,44145,44155,10
12.92827034,80.2311706543,44155,44165,10
12.9291601181,80.2313232422,44165,44175,10
12.9301996231,80.2315597534,44175,44185,10
12.9313201904,80.2318878174,44185,44195,10
12.9324102402,80.2322387695,44195,44205,10
12.9333200455,80.2325897217,44205,44216,11
12.9336004257,80.2327270508,44216,44226,10
12.9337501526,80.2328262329,44226,44236,10
12.9342298508,80.233039856,44236,44246,10
12.9349498749,80.2333602905,44246,44256,10
12.9358301163,80.2337417603,44256,44266,10
12.9368095398,80.2342224121,44266,44276,10
12.9378499985,80.2347412109,44276,44286,10
12.9389200211,80.2352600098,44286,44296,10
12.9398498535,80.2356719971,44296,44317,21
12.9398498535,80.2356719971,44317,44327,10
12.9401702881,80.235786438,44327,44337,10
12.9407596588,80.236000061,44337,44347,10
12.9415502548,80.2361984253,44347,44357,10
12.9426298141,80.2365188599,44357,44367,10
12.9436502457,80.2373123169,44367,44377,10
12.9446601868,80.2384033203,44377,44387,10
12.945690155,80.2393264771,44387,44398,11
12.9468898773,80.2398300171,44398,44408,10
12.9473600388,80.2400131226,44408,44418,10
12.9473896027,80.240020752,44418,44428,10
12.9477596283,80.2401885986,44428,44438,10
12.9483804703,80.2404403687,44438,44448,10
12.9488401413,80.2406005859,44448,44468,20
12.9488401413,80.2406005859,44468,44478,10
12.9490499496,80.2407073975,44478,44489,11
12.9495401382,80.2408905029,44489,44499,10
12.9502401352,80.2410888672,44499,44509,10
12.9509897232,80.241317749,44509,44519,10
12.9511604309,80.2413864136,44519,44529,10
12.951499939,80.2415237427,44529,44539,10
12.9520702362,80.2417221069,44539,44549,10
12.9527597427,80.2419662476,44549,44559,10
12.9536304474,80.2423095703,44559,44569,10
12.9544897079,80.2426528931,44569,44580,11
12.9551401138,80.2429122925,44580,44590,10
12.9558095932,80.2431793213,44590,44600,10
12.9563302994,80.2433929443,44600,44630,30
12.9563302994,80.2433929443,44630,44640,10
12.9567804337,80.2435531616,44640,44650,10
12.9574203491,80.2438201904,44650,44660,10
12.9582195282,80.244140625,44660,44671,11
12.9589395523,80.2444381714,44671,44681,10
12.9590597153,80.2444992065,44681,44691,10
12.9594202042,80.2447128296,44691,44701,10
12.9599895477,80.244972229,44701,44711,10
12.9607200623,80.245300293,44711,44721,10
12.9615802765,80.2457199097,44721,44731,10
12.9625701904,80.2462005615,44731,44741,10
12.9634799957,80.2466506958,44741,44751,10
12.9643201828,80.2470016479,44751,44762,11
12.9652500153,80.2473220825,44762,44772,10
12.9661397934,80.2476196289,44772,44782,10
12.9666996002,80.2478408813,44782,44792,10
12.9667797089,80.2478866577,44792,44802,10
12.9669799805,80.2480316162,44802,44812,10
12.96737957,80.2482070923,44812,44822,10
12.9680404663,80.2484970093,44822,44832,10
12.9688396454,80.2488327026,44832,44842,10
12.9698095322,80.2491989136,44842,44853,11
12.9710597992,80.249671936,44853,44863,10
12.9722204208,80.2499694824,44863,44873,10
12.9733495712,80.2502670288,44873,44883,10
12.9744701385,80.250579834,44883,44893,10
12.9755802155,80.2509002686,44893,44903,10
12.9767398834,80.2512283325,44903,44913,10
12.9777803421,80.2517623901,44913,44923,10
12.9785003662,80.2522964478,44923,44933,10
12.9786396027,80.2523803711,44933,44944,11
12.9788103104,80.2524795532,44944,44954,10
12.9793100357,80.2526016235,44954,44964,10
12.9800395966,80.2526702881,44964,44974,10
12.9809398651,80.2526626587,44974,44985,11
12.9821195602,80.2526397705,44985,44996,11
12.983420372,80.2525024414,44996,45006,10
12.984459877,80.2522277832,45006,45016,10
12.9860496521,80.2517776489,45016,45037,21
12.9860496521,80.2517776489,45037,45047,10
12.9862699509,80.2517318726,45047,45056,9
12.9866199493,80.2516403198,45056,45067,11
12.9872703552,80.2514419556,45067,45077,10
12.9880104065,80.2512664795,45077,45087,10
12.9888496399,80.2510528564,45087,45097,10
12.9896602631,80.2508392334,45097,45117,20
12.9896602631,80.2508392334,45117,45128,11
12.989979744,80.250793457,45128,45138,10
12.9905195236,80.2506484985,45138,45148,10
12.9912595749,80.2504577637,45148,45158,10
12.992099762,80.2502593994,45158,45168,10
12.9930896759,80.2500076294,45168,45178,10
12.9941196442,80.2497177124,45178,45188,10
12.9952402115,80.249458313,45188,45198,10
12.9968004227,80.2490386963,45198,45219,21
12.9968004227,80.2490386963,45219,45229,10
12.9970397949,80.2489929199,45229,45239,10
12.9975404739,80.2488708496,45239,45249,10
12.9982500076,80.2487030029,45249,45259,10
12.9990901947,80.2484893799,45259,45269,10
13.0000896454,80.2482376099,45269,45279,10
13.0011796951,80.2479705811,45279,45289,10
13.0021696091,80.247718811,45289,45299,10
13.0031499863,80.247543335,45299,45310,11
13.0043697357,80.2473526001,45310,45320,10
13.0054702759,80.2471618652,45320,45330,10
13.0064897537,80.246421814,45330,45360,30
13.0064897537,80.246421814,45360,45370,10
13.0065498352,80.2463226318,45370,45380,10
13.0065898895,80.245880127,45380,45390,10
13.0066299438,80.2452392578,45390,45401,11
13.0066099167,80.2445602417,45401,45411,10
13.0065603256,80.2440719604,45411,45421,10
13.0065898895,80.2435379028,45421,45431,10
13.0065402985,80.2424697876,45431,45451,20
13.0065402985,80.2424697876,45451,45461,10
13.0065498352,80.2423706055,45461,45471,10
13.0065498352,80.2419509888,45471,45481,10
13.0065803528,80.2412414551,45481,45492,11
13.0066003799,80.2405166626,45492,45502,10
13.0066995621,80.2398376465,45502,45512,10
13.0068397522,80.2391204834,45512,45522,10
13.0070199966,80.2383575439,45522,45532,10
13.0072097778,80.2375869751,45532,45542,10
13.0073003769,80.2369003296,45542,45552,10
13.0073604584,80.2366790771,45552,45562,10
13.0073795319,80.2366333008,45562,45573,11
13.0074996948,80.2361984253,45573,45583,10
13.007610321,80.2356033325,45583,45593,10
13.0077495575,80.2348403931,45593,45603,10
13.0079298019,80.2339782715,45603,45613,10
13.0081501007,80.2329406738,45613,45623,10
13.0083599091,80.2318496704,45623,45633,10
13.0085496902,80.230796814,45633,45643,10
13.0087203979,80.2297821045,45643,45653,10
13.0089197159,80.2287216187,45653,45664,11
13.0093297958,80.2276535034,45664,45674,10
13.0098199844,80.2266235352,45674,45684,10
13.0102796555,80.2255935669,45684,45694,10
13.010720253,80.2246780396,45694,45704,10
13.011059761,80.2238311768,45704,45714,10
13.0111999512,80.2232971191,45714,45734,20
13.0111999512,80.2232971191,45734,45744,10
13.0113801956,80.2229537964,45744,45755,11
13.0117197037,80.2222518921,45755,45765,10
13.0120201111,80.2214813232,45765,45775,10
13.0123701096,80.2215423584,45775,45785,10
13.0127696991,80.2220687866,45785,45795,10
13.0132398605,80.2226104736,45795,45805,10
13.0137195587,80.2231369019,45805,45815,10
13.0142202377,80.2237625122,45815,45825,10
13.0148000717,80.2244262695,45825,45835,10
13.0154800415,80.2249679565,45835,45856,21
13.0154800415,80.2249679565,45856,45866,10
13.0155696869,80.2250366211,45866,45876,10
13.0157604218,80.2252578735,45876,45886,10
13.0161304474,80.2253723145,45886,45896,10
13.016699791,80.2252578735,45896,45906,10
13.0174102783,80.2249603271,45906,45916,10
13.0182695389,80.224609375,45916,45926,10
13.019490242,80.2243804932,45926,45997,71
13.019490242,80.2243804932,45997,46007,10
13.0198602676,80.2246627808,46007,46017,10
13.0203199387,80.2249984741,46017,46028,11
13.0209703445,80.2254562378,46028,46038,10
13.0215797424,80.2259292603,46038,46048,10
13.0222196579,80.2264328003,46048,46058,10
13.0229196548,80.2270126343,46058,46068,10
13.0235900879,80.2276611328,46068,46078,10
13.0243196487,80.2283782959,46078,46098,20
13.0243196487,80.2283782959,46098,46108,10
13.0243997574,80.2285766602,46108,46119,11
13.0242004395,80.2285308838,46119,46129,10
13.0239400864,80.2281417847,46129,46139,10
13.0233898163,80.2275466919,46139,46149,10
13.022649765,80.2269363403,46149,46159,10
13.021900177,80.2263031006,46159,46169,10
13.0212402344,80.2257919312,46169,46179,10
13.0205202103,80.2252731323,46179,46189,10
13.0199203491,80.2248382568,46189,46199,10
13.0195798874,80.2246398926,46199,46210,11
13.0187797546,80.2245178223,46210,46220,10
13.0178899765,80.2248535156,46220,46230,10
13.0169401169,80.2252426147,46230,46240,10
13.016289711,80.2255172729,46240,46250,10
13.0157299042,80.2257080078,46250,46260,10
13.0151901245,80.2258911133,46260,46270,10
13.0151100159,80.2259063721,46270,46280,10
13.0148601532,80.2260131836,46280,46290,10
13.0144901276,80.2261199951,46290,46301,11
13.0141897202,80.2260894775,46301,46311,10
13.0141897202,80.2256317139,46311,46321,10
13.0142803192,80.2252578735,46321,46331,10
13.0141401291,80.2252883911,46331,46341,10
13.0141401291,80.2253189087,46341,46351,10
13.0141201019,80.225479126,46351,46513,162
13.0141201019,80.225479126,46513,46523,10
13.0141897202,80.2255783081,46523,46533,10
13.0142602921,80.2257766724,46533,46543,10
13.0145101547,80.2257385254,46543,46553,10
13.0146198273,80.225479126,46553,46563,10
13.014380455,80.2255172729,46563,48040,1477
13.014380455,80.2255172729,48040,48050,10
13.0145301819,80.2252502441,48050,48101,51
13.0143003464,80.225189209,48101,48252,151
13.0143003464,80.225189209,48252,48262,10
13.014169693,80.2252883911,48262,48273,11
13.0142297745,80.2257385254,48273,48283,10
13.0145998001,80.2256164551,48283,48293,10
13.0145301819,80.2251434326,48293,48697,404
13.0145301819,80.2251434326,48697,48707,10
13.0144701004,80.2251281738,48707,48718,11
13.0142698288,80.2255172729,48718,49547,829
13.0142698288,80.2255172729,49547,49557,10
13.0142602921,80.2257385254,49557,49567,10
13.0142602921,80.2257995605,49567,49577,10
13.0144901276,80.2257919312,49577,49587,10
13.0146398544,80.2255630493,49587,49597,10
13.0144500732,80.2253265381,49597,49607,10
13.0142002106,80.2254180908,49607,49618,11
13.0142097473,80.2259674072,49618,49648,30
13.0142097473,80.2259674072,49648,49658,10
13.0141601563,80.2261199951,49658,49668,10
13.0138702393,80.226348877,49668,49678,10
13.0131597519,80.2266387939,49678,49688,10
13.0123100281,80.2269668579,49688,49698,10
13.0113801956,80.2273406982,49698,49709,11
13.0101299286,80.2278366089,49709,49719,10
13.0095300674,80.2274932861,49719,49729,10
13.0099496841,80.2266387939,49729,49739,10
13.0104103088,80.2255935669,49739,49749,10
13.010840416,80.2245788574,49749,49759,10
13.0111398697,80.2238006592,49759,49769,10
13.0111703873,80.2237625122,49769,49779,10
13.0112895966,80.223487854,49779,49789,10
13.0115203857,80.2229385376,49789,49800,11
13.0118598938,80.222076416,49800,49810,10
13.012260437,80.2214202881,49810,49820,10
13.0125398636,80.2217788696,49820,49830,10
13.0130701065,80.2224197388,49830,49840,10
13.0136604309,80.2230606079,49840,49850,10
13.0141496658,80.2237625122,49850,49860,10
13.014749527,80.224281311,49860,49870,10
13.015130043,80.2247619629,49870,49880,10
13.0155200958,80.2250900269,49880,49891,11
13.016119957,80.2253036499,49891,49901,10
13.0167798996,80.2251968384,49901,49911,10
13.0175600052,80.2248764038,49911,49921,10
13.0184001923,80.2245407104,49921,49931,10
13.0191802979,80.2243499756,49931,49941,10
13.0197401047,80.2245407104,49941,49961,20
13.0197401047,80.2245407104,49961,49971,10
13.0198202133,80.2245635986,49971,49982,11
13.0201702118,80.2248382568,49982,49992,10
13.0207901001,80.2252578735,49992,50002,10
13.0215597153,80.2259063721,50002,50012,10
13.0225095749,80.2266235352,50012,50022,10
13.0233097076,80.2272872925,50022,50032,10
13.0240001678,80.2279434204,50032,50042,10
13.0243997574,80.2284011841,50042,50093,51
13.0243997574,80.2284011841,50093,50103,10
13.0244197845,80.228553772,50103,50113,10
13.0241203308,80.2284622192,50113,50123,10
13.0237102509,80.2279510498,50123,50133,10
13.0234098434,80.2276916504,50133,50396,263
13.0233097076,80.2275390625,50396,50447,51
13.0233097076,80.2275390625,50447,50457,10
13.0232400894,80.227432251,50457,50467,10
13.0228595734,80.2270126343,50467,50477,10
13.0221996307,80.2264328003,50477,50487,10
13.021490097,80.2258377075,50487,50497,10
13.0208101273,80.2253189087,50497,50507,10
13.0203800201,80.2250595093,50507,50518,11
13.0203504562,80.2250366211,50518,50528,10
13.0200796127,80.2248535156,50528,50538,10
13.0194797516,80.2245178223,50538,50548,10
13.0185804367,80.2245483398,50548,50558,10
13.0177001953,80.224937439,50558,50568,10
13.0168895721,80.2252807617,50568,50578,10
13.0163602829,80.2254867554,50578,50588,10
13.0157804489,80.2257003784,50588,50598,10
13.0152902603,80.2258911133,50598,50609,11
13.0147600174,80.2260818481,50609,50619,10
13.0145597458,80.2261734009,50619,50629,10
13.0144300461,80.2261962891,50629,50639,10
13.0139799118,80.2264022827,50639,50649,10
13.0131998062,80.2266921997,50649,50659,10
13.0121603012,80.2270965576,50659,50669,10
13.0112800598,80.227432251,50669,50679,10
13.0098400116,80.228012085,50679,50689,10
13.0090999603,80.228767395,50689,50700,11
13.0088596344,80.2300186157,50700,50710,10
13.0086698532,80.2313079834,50710,50720,10
13.0084400177,80.2324905396,50720,50730,10
13.0083303452,80.2334365845,50730,50740,10
13.0082302094,80.2337799072,50740,50750,10
13.0080795288,80.2344589233,50750,50760,10
13.007900238,80.2352828979,50760,50770,10
13.0077495575,80.2362213135,50770,50780,10
13.007519722,80.2372283936,50780,50791,11
13.0073003769,80.2385025024,50791,50801,10
13.0069198608,80.240020752,50801,50841,40
13.0068502426,80.2400665283,50841,50861,20
13.0068502426,80.2400665283,50861,50871,10
13.0068397522,80.2403106689,50871,50882,11
13.0067596436,80.2408370972,50882,50892,10
13.0067396164,80.2410888672,50892,50902,10
13.0067300797,80.2417373657,50902,50912,10
13.0067396164,80.2425994873,50912,50922,10
13.0067796707,80.2436676025,50922,50932,10
13.0067796707,80.244758606,50932,50942,10
13.0067796707,80.2457199097,50942,50952,10
13.0067996979,80.2464294434,50952,50962,10
13.0067901611,80.2468566895,50962,50973,11
13.0066795349,80.2473602295,50973,50983,10
13.0061798096,80.2474136353,50983,50993,10
13.0060796738,80.2474365234,50993,51003,10
13.005689621,80.2474212646,51003,51013,10
13.0050201416,80.2474365234,51013,51023,10
13.0041503906,80.247543335,51023,51033,10
13.0030403137,80.2477035522,51033,51043,10
13.0018901825,80.2479476929,51043,51053,10
13.0007400513,80.2482223511,51053,51064,11
12.9994697571,80.2485275269,51064,51074,10
12.9983501434,80.248840332,51074,51084,10
12.9980602264,80.248916626,51084,51094,10
12.9976701736,80.2489929199,51094,51104,10
12.9968099594,80.249168396,51104,51114,10
12.9956598282,80.2494735718,51114,51124,10
12.994389534,80.2498168945,51124,51134,10
12.9929895401,80.2501602173,51134,51144,10
12.9917001724,80.2504806519,51144,51155,11
12.9910802841,80.2506713867,51155,51165,10
12.9908704758,80.2507171631,51165,51175,10
12.9900903702,80.2508926392,51175,51185,10
12.9889602661,80.2511825562,51185,51195,10
12.9879798889,80.2514419556,51195,51205,10
12.987279892,80.2516098022,51205,51215,10
12.9869403839,80.2517089844,51215,51225,10
12.9858598709,80.2519836426,51225,51235,10
12.9847698212,80.2522735596,51235,51246,11
12.9836797714,80.2525634766,51246,51256,10
12.9827003479,80.2527236938,51256,51266,10
12.981880188,80.2527313232,51266,51276,10
12.9811296463,80.252746582,51276,51286,10
12.9803199768,80.2527923584,51286,51296,10
12.9794597626,80.2527313232,51296,51306,10
12.978679657,80.2526321411,51306,51316,10
12.9784603119,80.2525100708,51316,51326,10
12.9778795242,80.2520599365,51326,51337,11
12.9767799377,80.2513427734,51337,51347,10
12.9755897522,80.2509689331,51347,51357,10
12.9743795395,80.250617981,51357,51367,10
12.9731998444,80.2502975464,51367,51377,10
12.9720802307,80.2500228882,51377,51387,10
12.970870018,80.2497024536,51387,51397,10
12.9697904587,80.2493362427,51397,51407,10
12.9688196182,80.248916626,51407,51417,10
12.9677696228,80.2485198975,51417,51428,11
12.9668197632,80.2480621338,51428,51438,10
12.9658603668,80.2476196289,51438,51448,10
12.9651699066,80.2474212646,51448,51458,10
12.9650297165,80.2473526001,51458,51468,10
12.9645395279,80.2471618652,51468,51478,10
12.9638795853,80.2469177246,51478,51488,10
12.9633598328,80.2466888428,51488,51498,10
12.9627399445,80.246383667,51498,51508,10
12.9617300034,80.2458572388,51508,51519,11
12.9603796005,80.2452011108,51519,51529,10
12.9589996338,80.2445831299,51529,51539,10
12.9579296112,80.2441329956,51539,51549,10
12.9572000504,80.2438964844,51549,51559,10
12.9565200806,80.2437515259,51559,51569,10
12.9563398361,80.2436828613,51569,51579,10
12.9559001923,80.2434387207,51579,51589,10
12.9550600052,80.2429885864,51589,51599,10
12.954079628,80.2425613403,51599,51610,11
12.9528799057,80.2420806885,51610,51620,10
12.9518299103,80.2416992188,51620,51630,10
12.9506597519,80.2413024902,51630,51640,10
12.9493303299,80.2409210205,51640,51650,10
12.9480199814,80.2403717041,51650,51660,10
12.9471302032,80.240020752,51660,51670,10
12.9470300674,80.2399673462,51670,51680,10
12.946439743,80.2397232056,51680,51690,10
12.9454698563,80.2392807007,51690,51701,11
12.9444503784,80.2382965088,51701,51711,10
12.943479538,80.2372512817,51711,51721,10
12.9422798157,80.2364425659,51721,51731,10
12.940870285,80.2360687256,51731,51741,10
12.9397201538,80.2357635498,51741,51751,10
12.9396400452,80.2357177734,51751,51761,10
12.9395999908,80.2356872559,51761,51771,10
12.9390201569,80.2353973389,51771,51781,10
12.9380998611,80.234916687,51781,51792,11
12.9368400574,80.2343063354,51792,51802,10
12.9357299805,80.2337722778,51802,51812,10
12.9345598221,80.2332305908,51812,51822,10
12.9335603714,80.2328186035,51822,51832,10
12.9334201813,80.232749939,51832,51842,10
12.9329595566,80.2325286865,51842,51852,10
12.932100296,80.2322235107,51852,51862,10
12.9309501648,80.2318572998,51862,51872,10
12.9297304153,80.2315063477,51872,51883,11
12.928319931,80.2312393188,51883,51893,10
12.9270496368,80.2310791016,51893,51903,10
12.9261598587,80.2310028076,51903,51913,10
12.925860405,80.2309570313,51913,51923,10
12.9252595901,80.2308807373,51923,51933,10
12.9241600037,80.230758667,51933,51943,10
12.9229202271,80.2305908203,51943,51953,10
12.9215602875,80.2303771973,51953,51963,10
12.9200201035,80.2301864624,51963,51974,11
12.9182300568,80.2299423218,51974,51984,10
12.9166002274,80.2297134399,51984,51994,10
12.9150495529,80.2294921875,51994,52004,10
12.9137401581,80.2293319702,52004,52014,10
12.9132204056,80.2292785645,52014,52024,10
12.9129495621,80.2292098999,52024,52034,10
12.9121799469,80.2290878296,52034,52044,10
12.9111204147,80.2289505005,52044,52054,10
12.9098100662,80.2287521362,52054,52065,11
12.9084796906,80.2285308838,52065,52075,10
12.9068202972,80.2283325195,52075,52125,50
12.9068202972,80.2283325195,52125,52135,10
12.9066896439,80.2283172607,52135,52146,11
12.9059295654,80.2282562256,52146,52156,10
12.9048900604,80.2282104492,52156,52166,10
12.9040403366,80.2281494141,52166,52176,10
12.9030799866,80.2281036377,52176,52186,10
12.902179718,80.2280578613,52186,52196,10
12.9012002945,80.2280197144,52196,52247,51
12.9012002945,80.2280197144,52247,52257,10
12.9011096954,80.2279968262,52257,52267,10
12.9006996155,80.2279510498,52267,52277,10
12.8993797302,80.2278823853,52277,52297,20
12.8993797302,80.2278823853,52297,52307,10
12.8989295959,80.2278900146,52307,52317,10
12.8980998993,80.2278213501,52317,52328,11
12.8969497681,80.2277297974,52328,52338,10
12.8958501816,80.2276916504,52338,52348,10
12.8947896957,80.2276382446,52348,52358,10
12.8936700821,80.2275619507,52358,52368,10
12.892660141,80.2274703979,52368,52388,20
12.892660141,80.2274703979,52388,52398,10
12.8925800323,80.2274627686,52398,52408,10
12.8923501968,80.227432251,52408,52419,11
12.8915996552,80.2274017334,52419,52429,10
12.8905200958,80.2273712158,52429,52439,10
12.8892402649,80.2273483276,52439,52449,10
12.8879203796,80.2272872925,52449,52459,10
12.8866100311,80.2270736694,52459,52469,10
12.8853397369,80.2267837524,52469,52479,10
12.8840198517,80.2266998291,52479,52489,10
12.8826904297,80.2267227173,52489,52499,10
12.8813495636,80.2267303467,52499,52510,11
12.8798904419,80.2267379761,52510,52520,10
12.878370285,80.2268218994,52520,52530,10
12.8769702911,80.2269363403,52530,52540,10
12.8763904572,80.2269897461,52540,52550,10
12.8761701584,80.2269973755,52550,52560,10
12.8754196167,80.2269668579,52560,52570,10
12.8743200302,80.2268218994,52570,52580,10
12.8731203079,80.2266998291,52580,52590,10
12.8727197647,80.2267227173,52590,52601,11
12.8722295761,80.2266998291,52601,52611,10
12.8713197708,80.2266616821,52611,52621,10
12.8701200485,80.2265701294,52621,52630,9
12.8690004349,80.2264404297,52630,52641,11
12.867650032,80.2264328003,52641,52651,10
12.8664302826,80.2265396118,52651,52661,10
12.8651199341,80.2266082764,52661,52671,10
12.8637104034,80.2265319824,52671,52681,10
12.8623600006,80.2265396118,52681,52692,11
12.8612003326,80.226600647,52692,52702,10
12.8610801697,80.226600647,52702,52712,10
12.8606500626,80.2265777588,52712,52722,10
12.8598499298,80.2264633179,52722,52732,10
12.858880043,80.2263031006,52732,52742,10
12.858130455,80.226272583,52742,52752,10
12.8571996689,80.2263031006,52752,52762,10
12.8561000824,80.2264099121,52762,52772,10
12.8549499512,80.2265319824,52772,52783,11
12.8536701202,80.2266769409,52783,52793,10
12.8524599075,80.2266921997,52793,52803,10
12.8512201309,80.2266235352,52803,52813,10
12.8499698639,80.2265777588,52813,52823,10
12.8487300873,80.2265701294,52823,52833,10
12.8474502563,80.2265777588,52833,52843,10
12.8462696075,80.2265777588,52843,52853,10
12.845580101,80.2265930176,52853,52863,10
12.8455600739,80.2265930176,52863,52874,11
12.8453702927,80.2265777588,52874,52884,10
12.8451595306,80.2265777588,52884,52894,10
12.844619751,80.2266082764,52894,52904,10
12.8436803818,80.2267074585,52904,52914,10
12.8425798416,80.2269210815,52914,52924,10
12.8414096832,80.2272109985,52924,52934,10
12.8403301239,80.2275314331,52934,52944,10
12.8397197723,80.2277069092,52944,52985,41
12.8397197723,80.2277069092,52985,52995,10
12.8396196365,80.2277374268,52995,53005,10
12.8390903473,80.2278671265,53005,53015,10
12.8381500244,80.2280883789,53015,53025,10
12.837100029,80.2282867432,53025,53035,10
12.8359098434,80.228477478,53035,53045,10
12.8346700668,80.2286682129,53045,53056,11
12.8333501816,80.2288970947,53056,53066,10
12.8323802948,80.2290878296,53066,53076,10
12.8322401047,80.2291183472,53076,53086,10
12.8318195343,80.2292098999,53086,53096,10
12.8309698105,80.2294616699,53096,53106,10
12.8298501968,80.2298583984,53106,53116,10
12.8286304474,80.2304000854,53116,53126,10
12.8273897171,80.2310562134,53126,53136,10
12.8261003494,80.231338501,53136,53147,11
12.8247804642,80.2313613892,53147,53157,10
12.8235797882,80.2310562134,53157,53167,10
12.8224096298,80.2306976318,53167,53177,10
12.8212099075,80.23046875,53177,53187,10
12.8200702667,80.23046875,53187,53197,10
12.8189001083,80.23046875,53197,53207,10
12.8180503845,80.2300796509,53207,53217,10
12.8169403076,80.2296218872,53217,53227,10
12.8155698776,80.2293701172,53227,53238,11
12.81387043,80.2290420532,53238,53248,10
12.812379837,80.228553772,53248,53258,10
12.8108596802,80.2279891968,53258,53268,10
12.8093700409,80.2273178101,53268,53278,10
12.8080997467,80.2263412476,53278,53288,10
12.8070602417,80.2254562378,53288,53298,10
12.8064603806,80.224937439,53298,53308,10
12.8057804108,80.2243270874,53308,53318,10
12.8049898148,80.223991394,53318,53329,11
12.8048200607,80.2239532471,53329,53339,10
12.8044099808,80.2238998413,53339,53349,10
12.8036699295,80.2238388062,53349,53359,10
12.8027200699,80.223739624,53359,53369,10
12.8015699387,80.2236022949,53369,53379,10
12.8008899689,80.2235565186,53379,53389,10
12.8005399704,80.2235336304,53389,53399,10
12.7999401093,80.2234725952,53399,53409,10
12.7991304398,80.2233963013,53409,53420,11
12.79804039,80.2232131958,53420,53430,10
12.79708004,80.2230834961,53430,53440,10
12.7960596085,80.2229232788,53440,53450,10
12.795800209,80.2228775024,53450,53460,10
12.7954902649,80.2228317261,53460,53470,10
12.7947998047,80.2227172852,53470,53480,10
12.7938995361,80.2225799561,53480,53490,10
12.7927999496,80.2224197388,53490,53500,10
12.7916698456,80.2221832275,53500,53511,11
12.790430069,80.221862793,53511,53521,10
12.7895097733,80.2216033936,53521,53531,10
12.7886896133,80.2212677002,53531,53541,10
12.7879495621,80.2209625244,53541,53551,10
12.7874202728,80.2207565308,53551,53571,20
12.7874202728,80.2207565308,53571,53581,10
12.7873401642,80.2207183838,53581,53591,10
12.7867603302,80.2204971313,53591,53622,31
12.7867603302,80.2204971313,53622,53632,10
12.7864599228,80.2203674316,53632,53652,20
12.7864599228,80.2203674316,53652,53662,10
12.7862195969,80.2202987671,53662,53672,10
12.7861700058,80.2204666138,53672,53682,10
12.7861795425,80.2208099365,53682,53693,11
12.7861995697,80.2212371826,53693,53703,10
12.7862796783,80.2216720581,53703,54208,505
12.7862796783,80.2216720581,54208,54218,10
12.7861700058,80.221572876,54218,54229,11
12.7861604691,80.221282959,54229,54239,10
12.7861499786,80.2208404541,54239,54249,10
12.7861404419,80.2205963135,54249,54259,10
12.7861499786,80.2203979492,54259,54279,20
12.7861499786,80.2203979492,54279,54289,10
12.7862997055,80.2203292847,54289,54299,10
12.7864198685,80.2203979492,54299,54309,10
12.7867002487,80.2205276489,54309,54320,11
12.7872896194,80.220741272,54320,54330,10
12.7876396179,80.2208633423,54330,54340,10
12.7880001068,80.220993042,54340,54350,10
12.7887401581,80.2212677002,54350,54360,10
12.7896499634,80.2215881348,54360,54370,10
12.7905502319,80.2218475342,54370,54380,10
12.7916202545,80.2221298218,54380,54390,10
12.7928800583,80.2223968506,54390,54400,10
12.794380188,80.2226409912,54400,54411,11
12.7960300446,80.22290802,54411,54421,10
12.797419548,80.2231826782,54421,54431,10
12.7989797592,80.2233581543,54431,54441,10
12.800620079,80.2235031128,54441,54451,10
12.8023195267,80.2236709595,54451,54461,10
12.8037395477,80.2238388062,54461,54471,10
12.8049898148,80.2239608765,54471,54481,10
12.8057899475,80.2242889404,54481,54491,10
12.8066701889,80.2250289917,54491,54502,11
12.8077898026,80.2259979248,54502,54512,10
12.8089704514,80.2269821167,54512,54522,10
12.8104295731,80.2277679443,54522,54532,10
12.812040329,80.2283782959,54532,54542,10
12.8137397766,80.2289733887,54542,54552,10
12.8155002594,80.2293319702,54552,54562,10
12.8172101974,80.229637146,54562,54572,10
12.8186998367,80.2303237915,54572,54582,10
12.8200798035,80.23046875,54582,54593,11
12.8218402863,80.2305297852,54593,54603,10
12.8235998154,80.231010437,54603,54613,10
12.8253698349,80.231338501,54613,54623,10
12.8269395828,80.2312164307,54623,54633,10
12.8284502029,80.2304763794,54633,54643,10
12.8300600052,80.2297515869,54643,54653,10
12.8311004639,80.2293395996,54653,54663,10
12.8311004639,80.229347229,54663,54673,10
12.8314199448,80.2292404175,54673,54684,11
12.8323001862,80.2290267944,54684,54694,10
12.8334903717,80.2288208008,54694,54704,10
12.834859848,80.2285766602,54704,54714,10
12.8363399506,80.2283630371,54714,54724,10
12.8379201889,80.2281112671,54724,54734,10
12.8393096924,80.2277679443,54734,54805,71
12.8393096924,80.2277679443,54805,54815,10
12.8399000168,80.2275619507,54815,54825,10
12.8408098221,80.2273101807,54825,54835,10
12.8420495987,80.2270126343,54835,54845,10
12.8435096741,80.2267303467,54845,54855,10
12.8450202942,80.2265625,54855,54866,11
12.845410347,80.2265472412,54866,54876,10
12.845580101,80.2265396118,54876,54886,10
12.8462600708,80.2265319824,54886,54896,10
12.8473701477,80.2265319824,54896,54906,10
12.8486995697,80.2265167236,54906,54916,10
12.8501701355,80.2265319824,54916,54926,10
12.8517599106,80.2265777588,54926,54936,10
12.8534402847,80.2266235352,54936,54946,10
12.8551397324,80.2264404297,54946,54957,11
12.8570203781,80.2262420654,54957,54967,10
12.8585596085,80.2262115479,54967,54977,10
12.860250473,80.2264633179,54977,54987,10
12.8619403839,80.2265319824,54987,54997,10
12.8637399673,80.2264862061,54997,55007,10
12.8655796051,80.2265319824,55007,55017,10
12.8673095703,80.2264099121,55017,55027,10
12.8691196442,80.226348877,55027,55037,10
12.8709697723,80.2265625,55037,55048,11
12.8724803925,80.226600647,55048,55058,10
12.8728599548,80.2265930176,55058,55068,10
12.8731603622,80.2266311646,55068,55078,10
12.8739004135,80.2266921997,55078,55088,10
12.875,80.2268218994,55088,55098,10
12.8761796951,80.226890564,55098,55108,10
12.8767204285,80.226852417,55108,55118,10
12.8768100739,80.2268371582,55118,55128,10
12.8772802353,80.2267990112,55128,55139,11
12.8783302307,80.2267303467,55139,55149,10
12.8795204163,80.2266769409,55149,55159,10
12.8809299469,80.2266769409,55159,55169,10
12.8824596405,80.2266693115,55169,55179,10
12.8839302063,80.2266464233,55179,55189,10
12.8849401474,80.2266235352,55189,55199,10
12.8856401443,80.2267379761,55199,55209,10
12.8865404129,80.2269668579,55209,55219,10
12.8876199722,80.227180481,55219,55230,11
12.8888998032,80.2272796631,55230,55240,10
12.8900995255,80.2272872925,55240,55250,10
12.8913297653,80.2273025513,55250,55260,10
12.8922796249,80.2273483276,55260,55280,20
12.8922796249,80.2273483276,55280,55290,10
12.8925104141,80.2273483276,55290,55300,10
12.8930397034,80.2274093628,55300,55310,10
12.8939599991,80.2275238037,55310,55321,11
12.8951797485,80.2275924683,55321,55331,10
12.8963603973,80.2276306152,55331,55341,10
12.8976097107,80.2276916504,55341,55351,10
12.8988599777,80.2277526855,55351,55361,10
12.9001398087,80.2277984619,55361,55381,20
12.9001398087,80.2277984619,55381,55391,10
12.9004402161,80.2278594971,55391,55401,10
12.9008798599,80.227897644,55401,55412,11
12.9013004303,80.2279205322,55412,55422,10
12.9015302658,80.2279281616,55422,55432,10
12.9017601013,80.2279281616,55432,55442,10
12.9020595551,80.2279205322,55442,55452,10
12.902130127,80.2279205322,55452,55462,10
12.9023895264,80.2279586792,55462,55472,10
12.9031200409,80.2279815674,55472,55482,10
12.9041595459,80.2280273438,55482,55492,10
12.9052295685,80.2280883789,55492,55503,11
12.905960083,80.2281188965,55503,55513,10
12.9061899185,80.2281417847,55513,55523,10
12.906419754,80.2281570435,55523,55533,10
12.906920433,80.2281799316,55533,55543,10
12.9069700241,80.2282028198,55543,55553,10
12.9072399139,80.228302002,55553,55563,10
12.9078798294,80.2283935547,55563,55573,10
12.9089403152,80.2285614014,55573,55583,10
12.9102602005,80.2287597656,55583,55594,11
12.911860466,80.2289810181,55594,55604,10
12.9132995605,80.2291564941,55604,55614,10
12.9140796661,80.2292633057,55614,55624,10
12.9140996933,80.2292633057,55624,55634,10
12.9144201279,80.229347229,55634,55644,10
12.915189743,80.2294387817,55644,55654,10
12.9163599014,80.229598999,55654,55664,10
12.9177503586,80.2297973633,55664,55674,10
12.9193000793,80.2300033569,55674,55685,11
12.9210300446,80.23021698,55685,55695,10
12.9225502014,80.2304382324,55695,55705,10
12.9238395691,80.2306213379,55705,55715,10
12.9251499176,80.2307815552,55715,55725,10
12.926440239,80.2309265137,55725,55735,10
12.9277601242,80.2310714722,55735,55745,10
12.9290895462,80.2312698364,55745,55755,10
12.9305200577,80.2316436768,55755,55765,10
12.9319601059,80.2320709229,55765,55776,11
12.9333400726,80.2325668335,55776,55786,10
12.933719635,80.2327194214,55786,55796,10
12.9338302612,80.2327880859,55796,55806,10
12.9342899323,80.2330093384,55806,55816,10
12.9350996017,80.2333831787,55816,55826,10
12.9355697632,80.2336196899,55826,55836,10
12.9357099533,80.2337036133,55836,55846,10
12.9362897873,80.2339782715,55846,55856,10
12.9372196198,80.2344284058,55856,55867,11
12.93846035,80.2350387573,55867,55877,10
12.9395399094,80.2355499268,55877,55887,10
12.9397602081,80.2356567383,55887,55897,10
12.940030098,80.2357635498,55897,55907,10
12.9407901764,80.236000061,55907,55917,10
12.94190979,80.2362594604,55917,55927,10
12.9431695938,80.2368392944,55927,55937,10
12.944149971,80.2378463745,55937,55947,10
12.9451503754,80.2389602661,55947,55958,11
12.9474201202,80.2400131226,55958,55978,20
12.9474201202,80.2400131226,55978,55988,10
12.9475402832,80.2400894165,55988,55998,10
12.9480199814,80.2402877808,55998,56008,10
12.948559761,80.2405090332,56008,56018,10
12.9485702515,80.2405166626,56018,56028,10
12.9486999512,80.240562439,56028,56038,10
12.9492197037,80.2407913208,56038,56049,11
12.9501199722,80.2410583496,56049,56059,10
12.9508800507,80.2412872314,56059,56069,10
12.9510402679,80.2413406372,56069,56079,10
12.9515800476,80.2415313721,56079,56089,10
12.952340126,80.2418136597,56089,56099,10
12.9532604218,80.2421722412,56099,56109,10
12.9540395737,80.242477417,56109,56119,10
12.9550199509,80.2428817749,56119,56129,10
12.9557600021,80.2431335449,56129,56140,11
12.9562196732,80.2433013916,56140,56180,40
12.9562196732,80.2433013916,56180,56190,10
12.956609726,80.2434234619,56190,56200,10
12.9572601318,80.2437362671,56200,56210,10
12.9582004547,80.244140625,56210,56221,11
12.9587402344,80.2443771362,56221,56231,10
12.9591302872,80.2445602417,56231,56241,10
12.9599199295,80.2449188232,56241,56251,10
12.9609804153,80.2454071045,56251,56261,10
12.9621601105,80.2459869385,56261,56271,10
12.9632997513,80.2465896606,56271,56281,10
12.9644699097,80.2470626831,56281,56291,10
12.9657802582,80.2474822998,56291,56300,9
12.966460228,80.2477111816,56300,56312,12
12.9667301178,80.2478637695,56312,56322,10
12.966750145,80.2478637695,56322,56332,10
12.9669399261,80.2480010986,56332,56342,10
12.9675397873,80.2482681274,56342,56352,10
12.9685297012,80.2487030029,56352,56362,10
12.9696998596,80.2491836548,56362,56372,10
12.9709997177,80.2496566772,56372,56382,10
12.9723596573,80.2500228882,56382,56392,10
12.9736995697,80.2503585815,56392,56403,11
12.9752702713,80.2508010864,56403,56413,10
12.9767398834,80.2512283325,56413,56423,10
12.9779701233,80.2519378662,56423,56433,10
12.9785804749,80.2523498535,56433,56443,10
12.9786596298,80.2524032593,56443,56453,10
12.9791402817,80.2525482178,56453,56463,10
12.9800701141,80.2526321411,56463,56473,10
12.9809303284,80.2526321411,56473,56483,10
12.9819498062,80.2526016235,56483,56494,11
12.9834098816,80.2524795532,56494,56504,10
12.9849004745,80.2520980835,56504,56514,10
12.986120224,80.2517471313,56514,56524,10
12.9870004654,80.2515182495,56524,56615,91
12.9870004654,80.2515182495,56615,56625,10
12.987159729,80.2514419556,56625,56635,10
12.9876098633,80.2513198853,56635,56645,10
12.9883403778,80.2511367798,56645,56655,10
12.9892501831,80.2508773804,56655,56665,10
12.9895401001,80.2508392334,56665,56676,11
12.9898395538,80.2508087158,56676,56686,10
12.9905004501,80.2506484985,56686,56696,10
12.9913396835,80.2504425049,56696,56706,10
12.9921398163,80.2502288818,56706,56716,10
12.9923601151,80.2501831055,56716,56726,10
12.9929704666,80.2500228882,56726,56736,10
12.993929863,80.2497634888,56736,56746,10
12.995010376,80.249458313,56746,56756,10
12.9964103699,80.2491531372,56756,56767,11
12.9979896545,80.2487792969,56767,56777,10
12.999329567,80.2484283447,56777,56787,10
13.0006599426,80.2480926514,56787,56797,10
13.0017795563,80.2477874756,56797,56807,10
13.0027704239,80.2475662231,56807,56817,10
13.0038499832,80.2473983765,56817,56827,10
13.0049200058,80.2472686768,56827,56837,10
13.0059404373,80.2470016479,56837,56847,10
13.0064601898,80.2464904785,56847,56858,11
13.006480217,80.2464675903,56858,56868,10
13.0065698624,80.246131897,56868,56878,10
13.0066099167,80.2453994751,56878,56888,10
13.0066204071,80.2445297241,56888,56898,10
13.0066299438,80.2436599731,56898,56908,10
13.0066003799,80.2427368164,56908,56918,10
13.0065803528,80.2415771484,56918,56928,10
13.0066995621,80.2405395508,56928,56938,10
13.0067596436,80.240020752,56938,56949,11
13.0068998337,80.239402771,56949,56959,10
13.0071001053,80.23853302,56959,56969,10
13.0073003769,80.2375564575,56969,56979,10
13.007399559,80.2367782593,56979,56999,20
13.007399559,80.2367782593,56999,57009,10
13.007519722,80.2363510132,57009,57019,10
13.0076704025,80.2355499268,57019,57029,10
13.0078802109,80.2345199585,57029,57040,11
13.0081701279,80.2331619263,57040,57050,10
13.0084199905,80.2318878174,57050,57060,10
13.0086402893,80.2307510376,57060,57070,10
13.0088796616,80.2294769287,57070,57080,10
13.0091695786,80.2281494141,57080,57090,10
13.0096797943,80.226890564,57090,57100,10
13.010310173,80.2257385254,57100,57110,10
13.0107297897,80.224822998,57110,57120,10
13.0110998154,80.2239227295,57120,57131,11
13.0116195679,80.2226867676,57131,57141,10
13.0120201111,80.2215805054,57141,57151,10
13.0124397278,80.2215805054,57151,57161,10
13.0128498077,80.22215271,57161,57170,9
13.013420105,80.2227783203,57170,57181,11
13.0141401291,80.2236404419,57181,57191,10
13.014749527,80.224357605,57191,57201,10
13.0153903961,80.2248077393,57201,57211,10
13.0155696869,80.224937439,57211,57222,11
13.0157003403,80.2250366211,57222,57232,10
13.0161399841,80.2252197266,57232,57242,10
13.0169401169,80.2250595093,57242,57252,10
13.0179300308,80.2246780396,57252,57262,10
13.0190000534,80.224319458,57262,57272,10
13.0196895599,80.2244262695,57272,57313,41
13.0196895599,80.2244262695,57313,57323,10
13.0199098587,80.2246627808,57323,57333,10
13.0204696655,80.2250823975,57333,57343,10
13.0212802887,80.2256698608,57343,57353,10
13.0221700668,80.2263412476,57353,57363,10
13.0229997635,80.2270278931,57363,57373,10
13.0236597061,80.2276382446,57373,57383,10
13.0241699219,80.2281417847,57383,57393,10
13.0243797302,80.2284698486,57393,57404,11
13.0239601135,80.2282028198,57404,57414,10
13.0236997604,80.2279129028,57414,57424,10
13.0234804153,80.2277374268,57424,57464,40
13.0234804153,80.2277374268,57464,57474,10
13.0232601166,80.2275009155,57474,57798,324
13.0232601166,80.2275009155,57798,57808,10
13.0232601166,80.2274780273,57808,57818,10
13.0229902267,80.2271728516,57818,57828,10
13.0224199295,80.2266616821,57828,57838,10
13.0217399597,80.2260971069,57838,57849,11
13.0209102631,80.2254486084,57849,57859,10
13.0201997757,80.2249832153,57859,57869,10
13.0196504593,80.2246170044,57869,57879,10
13.0188798904,80.2244491577,57879,57889,10
13.0179796219,80.2247695923,57889,57899,10
13.0170001984,80.2251815796,57899,57909,10
13.016500473,80.2253875732,57909,57919,10
13.0157804489,80.2256622314,57919,57929,10
13.0150899887,80.2259521484,57929,57940,11
13.0145597458,80.2261734009,57940,57960,20
13.0145597458,80.2261734009,57960,57970,10
13.0143098831,80.2262573242,57970,57980,10
13.0138502121,80.2264404297,57980,57990,10
13.0131597519,80.2267074585,57990,58000,10
13.0122499466,80.2270736694,58000,58010,10
13.0113601685,80.2274169922,58010,58020,10
13.0101995468,80.2278823853,58020,58031,11
13.0091695786,80.2284927368,58031,58041,10
13.0089197159,80.2296218872,58041,58051,10
13.0086898804,80.230796814,58051,58061,10
13.0084695816,80.2319869995,58061,58071,10
13.0082798004,80.2331695557,58071,58081,10
13.0081195831,80.2339477539,58081,58091,10
13.0078802109,80.2351379395,58091,58101,10
13.0076303482,80.2363815308,58101,58111,10
13.0073795319,80.2377090454,58111,58122,11
13.0071401596,80.2391662598,58122,58132,10
13.0068397522,80.2405700684,58132,58152,20
13.0068397522,80.2405700684,58152,58162,10
13.0067596436,80.2410736084,58162,58172,10
13.0067300797,80.2420501709,58172,58182,10
13.0067195892,80.2431564331,58182,58192,10
13.0067195892,80.2442932129,58192,58202,10
13.0067195892,80.2454833984,58202,58213,11
13.0067796707,80.2465896606,58213,58223,10
13.0061998367,80.247428894,58223,58243,20
13.0061998367,80.247428894,58243,58253,10
13.0057897568,80.2474212646,58253,58263,10
13.004940033,80.2474136353,58263,58273,10
13.0037698746,80.2475509644,58273,58283,10
13.0027303696,80.2477111816,58283,58293,10
13.0018596649,80.2479095459,58293,58304,11
13.0007095337,80.2481765747,58304,58314,10
12.9995298386,80.2484664917,58314,58324,10
12.9982004166,80.2487869263,58324,58334,10
12.9968204498,80.249130249,58334,58344,10
12.9954004288,80.24949646,58344,58354,10
12.9940099716,80.2498703003,58354,58364,10
12.9926204681,80.2502212524,58364,58374,10
12.9914503098,80.2505493164,58374,58384,10
12.991230011,80.2506332397,58384,58395,11
12.9912004471,80.2506637573,58395,58405,10
12.9906997681,80.2507629395,58405,58415,10
12.9898099899,80.2509689331,58415,58425,10
12.9887599945,80.2512283325,58425,58435,10
12.9882297516,80.2513885498,58435,58445,10
12.9882202148,80.2514038086,58445,58455,10
12.9882001877,80.2513885498,58455,58465,10
12.9878501892,80.2514572144,58465,58475,10
12.9873895645,80.2515563965,58475,58486,11
12.9865102768,80.2517929077,58486,58496,10
12.9856004715,80.2519989014,58496,58506,10
12.9844999313,80.252281189,58506,58516,10
12.9833097458,80.252571106,58516,58526,10
12.9820699692,80.2526473999,58526,58536,10
12.9807195663,80.2527084351,58536,58546,10
12.9797296524,80.2527389526,58546,58556,10
12.9786300659,80.2526016235,58556,58566,10
12.9785404205,80.2525482178,58566,58577,11
12.9780702591,80.2522125244,58577,58587,10
12.977399826,80.2516403198,58587,58597,10
12.9764404297,80.2512207031,58597,58607,10
12.9753599167,80.2509231567,58607,58617,10
12.9742603302,80.2506027222,58617,58627,10
12.9731502533,80.250289917,58627,58637,10
12.9722299576,80.2500610352,58637,58647,10
12.9709300995,80.2496871948,58647,58657,10
12.969909668,80.2493133545,58657,58668,11
12.9687099457,80.2488479614,58668,58678,10
12.9675998688,80.2484130859,58678,58688,10
12.9665699005,80.2479400635,58688,58698,10
12.9656295776,80.247543335,58698,58708,10
12.9650096893,80.2473526001,58708,58718,10
12.9648399353,80.2472763062,58718,58728,10
12.96434021,80.2470932007,58728,58738,10
12.9636201859,80.2468032837,58738,58748,10
12.9627103806,80.2463378906,58748,58759,11
12.9615497589,80.2457504272,58759,58769,10
12.9605102539,80.245262146,58769,58779,10
12.9596700668,80.2449111938,58779,58789,10
12.9594202042,80.2447891235,58789,58799,10
12.9590597153,80.2446212769,58799,58809,10
12.9584197998,80.2443466187,58809,58819,10
12.95773983,80.2440872192,58819,58829,10
12.9569997787,80.2438430786,58829,58839,10
12.9563798904,80.243637085,58839,58860,21
12.9563798904,80.243637085,58860,58870,10
12.9560699463,80.243560791,58870,58880,10
12.9555196762,80.2432632446,58880,58890,10
12.9547700882,80.2429122925,58890,58900,10
12.9538898468,80.2425613403,58900,58910,10
12.9530200958,80.2421875,58910,58920,10
12.9520797729,80.2418289185,58920,58930,10
12.9516401291,80.2416763306,58930,58941,11
12.9513196945,80.241569519,58941,58951,10
12.9506797791,80.2413482666,58951,58961,10
12.9498195648,80.2410736084,58961,58971,10
12.9487800598,80.2406997681,58971,58981,10
12.9477300644,80.2402572632,58981,58991,10
12.9469404221,80.239906311,58991,59001,10
12.9459295273,80.2394790649,59001,59011,10
12.9452104568,80.239112854,59011,59021,10
12.9448699951,80.2387924194,59021,59032,11
12.9441404343,80.2379837036,59032,59042,10
12.9432401657,80.2369995117,59042,59052,10
12.9419202805,80.2363433838,59052,59062,10
12.9405899048,80.2360229492,59062,59072,10
12.9397802353,80.2357788086,59072,59082,10
12.9396896362,80.2357406616,59082,59092,10
12.9391098022,80.235458374,59092,59102,10
12.9379396439,80.2348632813,59102,59112,10
12.9367904663,80.2343063354,59112,59123,11
12.9357004166,80.2337875366,59123,59133,10
12.9348297119,80.2333831787,59133,59143,10
12.9339399338,80.2330093384,59143,59153,10
12.933839798,80.2329483032,59153,59163,10
12.933719635,80.2329025269,59163,59173,10
12.9331998825,80.2326583862,59173,59183,10
12.93227005,80.2323074341,59183,59193,10
12.9311199188,80.231918335,59193,59203,10
12.9298200607,80.2315368652,59203,59214,11
12.928319931,80.2312393188,59214,59224,10
12.9268598557,80.2310714722,59224,59234,10
12.9253902435,80.2308883667,59234,59244,10
12.9239597321,80.2307281494,59244,59254,10
12.9225101471,80.2305221558,59254,59264,10
12.9210195541,80.2303009033,59264,59274,10
12.9194898605,80.2301101685,59274,59284,10
12.9180898666,80.229927063,59284,59294,10
12.91685009,80.2297668457,59294,59305,11
12.9154195786,80.2295684814,59305,59315,10
12.9132995605,80.2293167114,59315,59335,20
12.9132995605,80.2293167114,59335,59345,10
12.9130601883,80.2292709351,59345,59355,10
12.912320137,80.2291564941,59355,59365,10
12.911239624,80.2290115356,59365,59375,10
12.9100399017,80.2288208008,59375,59385,10
12.9087495804,80.2286071777,59385,59396,11
12.9073400497,80.2284011841,59396,59406,10
12.9063596725,80.2283096313,59406,59416,10
12.9061803818,80.2282867432,59416,59426,10
12.9056596756,80.2282562256,59426,59436,10
12.9047403336,80.2282028198,59436,59446,10
12.9035997391,80.2281417847,59446,59456,10
12.9023199081,80.2280578613,59456,59466,10
12.9011096954,80.2279815674,59466,59476,10
12.9002599716,80.2279281616,59476,59487,11
12.8993797302,80.2278823853,59487,59497,10
12.8992795944,80.2278823853,59497,59507,10
12.8989601135,80.2278671265,59507,59517,10
12.8988704681,80.2278671265,59517,59527,10
12.8984298706,80.2278366089,59527,59537,10
12.8975696564,80.2277832031,59537,59547,10
12.8964595795,80.227722168,59547,59557,10
12.8951797485,80.2276687622,59557,59567,10
12.8938999176,80.2275924683,59567,59578,11
12.8924798965,80.227432251,59578,59588,10
12.8910703659,80.2273712158,59588,59598,10
12.8894796371,80.2273635864,59598,59608,10
12.8881196976,80.2273330688,59608,59618,10
12.8871603012,80.2271881104,59618,59628,10
12.8860397339,80.2269363403,59628,59638,10
12.8849401474,80.2267227173,59638,59648,10
12.8836898804,80.2267074585,59648,59658,10
12.8822002411,80.2267227173,59658,59669,11
12.8804597855,80.2267303467,59669,59679,10
12.8790597916,80.2267913818,59679,59689,10
12.8776502609,80.2268981934,59689,59699,10
12.876660347,80.2269592285,59699,59709,10
12.8757696152,80.2269592285,59709,59719,10
12.8750295639,80.2269363403,59719,59729,10
12.8747596741,80.2268981934,59729,59739,10
12.8739004135,80.2267990112,59739,59749,10
12.8727998734,80.2267303467,59749,59760,11
12.8726396561,80.2267379761,59760,59770,10
12.8720903397,80.2267227173,59770,59780,10
12.8711004257,80.2266921997,59780,59790,10
12.8698701859,80.226600647,59790,59800,10
12.8684797287,80.2264404297,59800,59810,10
12.8669900894,80.2265319824,59810,59820,10
12.8655195236,80.2266387939,59820,59830,10
12.8640403748,80.2265930176,59830,59840,10
12.8625297546,80.2265777588,59840,59851,11
12.8611402512,80.2266387939,59851,59861,10
12.8610095978,80.2266311646,59861,59871,10
12.8606004715,80.226600647,59871,59881,10
12.8597202301,80.2264709473,59881,59891,10
12.8588695526,80.2263336182,59891,59901,10
12.8581399918,80.2262496948,59901,59911,10
12.8570604324,80.2263031006,59911,59921,10
12.8557596207,80.2264328003,59921,59931,10
12.8542995453,80.2265777588,59931,59942,11
12.8525800705,80.2266921997,59942,59952,10
12.8509998322,80.2266235352,59952,59962,10
12.849439621,80.2265777588,59962,59972,10
12.8477802277,80.2265930176,59972,59982,10
12.8454198837,80.2266387939,59982,60002,20
12.8454198837,80.2266387939,60002,60012,10
12.8449802399,80.2266311646,60012,60022,10
12.8441295624,80.2266998291,60022,60033,11
12.8429098129,80.2268676758,60033,60043,10
12.8416795731,80.2271575928,60043,60053,10
12.840470314,80.2275009155,60053,60063,10
12.8398799896,80.2276382446,60063,60073,10
12.8396902084,80.2276992798,60073,60083,10
12.8394002914,80.2277908325,60083,60093,10
12.838640213,80.2279968262,60093,60103,10
12.8375797272,80.2282333374,60103,60113,10
12.8363599777,80.2284164429,60113,60124,11
12.834859848,80.2286376953,60124,60134,10
12.8334197998,80.2289123535,60134,60144,10
12.8323497772,80.2291412354,60144,60154,10
12.8322601318,80.2291488647,60154,60164,10
12.8318395615,80.2292327881,60164,60174,10
12.8311100006,80.2294235229,60174,60184,10
12.8300895691,80.2297973633,60184,60194,10
12.8289203644,80.2302703857,60194,60204,10
12.8277702332,80.2309036255,60204,60215,11
12.826379776,80.2313613892,60215,60225,10
12.8249702454,80.2314071655,60225,60235,10
12.8235797882,80.2311019897,60235,60245,10
12.8221797943,80.2306594849,60245,60255,10
12.8207597733,80.23046875,60255,60265,10
12.8194799423,80.2304992676,60265,60275,10
12.8184604645,80.2303009033,60275,60285,10
12.8173599243,80.2298126221,60285,60295,10
12.816160202,80.2294921875,60295,60306,11
12.8147802353,80.2292633057,60306,60316,10
12.8135499954,80.2289810181,60316,60326,10
12.8123502731,80.2285690308,60326,60336,10
12.8111495972,80.2281417847,60336,60346,10
12.8099899292,80.2276535034,60346,60356,10
12.8088998795,80.2270431519,60356,60366,10
12.8079204559,80.2262268066,60366,60376,10
12.8070001602,80.225440979,60376,60386,10
12.8062400818,80.2247619629,60386,60397,11
12.8053598404,80.2240982056,60397,60407,10
12.8048000336,80.2239608765,60407,60417,10
12.8047199249,80.2239532471,60417,60427,10
12.8042602539,80.2239074707,60427,60437,10
12.8035202026,80.2238616943,60437,60447,10
12.8025503159,80.2237625122,60447,60457,10
12.8014001846,80.2236175537,60457,60467,10
12.8008699417,80.2236022949,60467,60477,10
12.8006000519,80.2235794067,60477,60488,11
12.7999200821,80.2235031128,60488,60498,10
12.7990703583,80.2234420776,60498,60508,10
12.7979602814,80.2233200073,60508,60518,10
12.7967596054,80.2231216431,60518,60528,10
12.7958097458,80.2229614258,60528,60538,10
12.7956895828,80.2229385376,60538,60548,10
12.7952804565,80.2228469849,60548,60558,10
12.7945404053,80.2227020264,60558,60568,10
12.7935800552,80.2225570679,60568,60579,11
12.7923603058,80.2223815918,60579,60589,10
12.7912397385,80.2220993042,60589,60599,10
12.790140152,80.2218399048,60599,60609,10
12.7894496918,80.2216415405,60609,60619,10
12.789059639,80.2214736938,60619,60629,10
12.788860321,80.2213897705,60629,60639,10
12.7886600494,80.2213134766,60639,60659,20
12.7886600494,80.2213134766,60659,60670,11
12.7885503769,80.2212677002,60670,60680,10
12.7882900238,80.2211685181,60680,60690,10
12.7880897522,80.2210769653,60690,60781,91
12.7880897522,80.2210769653,60781,60791,10
12.7879400253,80.2210083008,60791,60801,10
12.7878103256,80.2209777832,60801,60811,10
12.7874898911,80.2208633423,60811,60821,10
12.7872600555,80.2207717896,60821,60862,41
12.7872600555,80.2207717896,60862,60872,10
12.7869997025,80.2206802368,60872,60882,10
12.7867603302,80.2205886841,60882,60892,10
12.7865800858,80.2205200195,60892,60902,10
12.7863903046,80.2204589844,60902,60912,10
12.7861604691,80.2204208374,60912,60922,10
12.7861700058,80.2205505371,60922,60933,11
12.7861795425,80.2206878662,60933,60943,10
12.7861795425,80.2210388184,60943,60953,10
12.7862300873,80.2215805054,60953,60963,10
12.7863197327,80.2219696045,60963,62358,1395
12.7863197327,80.2219696045,62358,62369,11
12.7863903046,80.2218322754,62369,62379,10
12.7863998413,80.2218322754,62379,62389,10
12.7863101959,80.2216415405,62389,62399,10
12.7862300873,80.2214584351,62399,62419,20
12.7862300873,80.2214584351,62419,62429,10
12.7861795425,80.2211608887,62429,62561,132
12.7861795425,80.2211608887,62561,62571,10
12.7861700058,80.2206268311,62571,62581,10
12.7862100601,80.2203979492,62581,62591,10
12.7865200043,80.2204589844,62591,62631,40
12.7865200043,80.2204589844,62631,62642,11
12.7869195938,80.2206420898,62642,62652,10
12.7872896194,80.2207870483,62652,62662,10
12.7877998352,80.2209701538,62662,62672,10
12.7884502411,80.2212295532,62672,62682,10
12.7891702652,80.221496582,62682,62692,10
12.7898397446,80.2217407227,62692,62702,10
12.7906198502,80.2219390869,62702,62712,10
12.7916202545,80.2221908569,62712,62722,10
12.7928495407,80.2224578857,62722,62733,11
12.7940397263,80.2226409912,62733,62743,10
12.795249939,80.2228393555,62743,62753,10
12.7964696884,80.2230224609,62753,62773,20
12.7964696884,80.2230224609,62773,62783,10
12.7967596054,80.2230987549,62783,62793,10
12.7973299026,80.2232208252,62793,62803,10
12.7980804443,80.2233276367,62803,62814,11
12.7990102768,80.2234268188,62814,62824,10
12.8000097275,80.2235107422,62824,62834,10
12.8011198044,80.2236022949,62834,62844,10
12.8019399643,80.2236785889,62844,62854,10
12.8028802872,80.2238082886,62854,62864,10
12.8039102554,80.2239227295,62864,62874,10
12.8047895432,80.2239990234,62874,62884,10
12.8054800034,80.2241363525,62884,62894,10
12.8056201935,80.2241897583,62894,62905,11
12.8057203293,80.2242584229,62905,62915,10
12.8060398102,80.2245407104,62915,62925,10
12.8066196442,80.2250366211,62925,62935,10
12.8073797226,80.2257232666,62935,62945,10
12.808259964,80.2264633179,62945,62955,10
12.8091802597,80.2272109985,62955,62965,10
12.8102397919,80.2277526855,62965,62975,10
12.811340332,80.2282104492,62975,62985,10
12.8124799728,80.2286071777,62985,62996,11
12.8137302399,80.2290267944,62996,63006,10
12.8149003983,80.2292861938,63006,63016,10
12.8160896301,80.2294616699,63016,63026,10
12.8172502518,80.2297210693,63026,63036,10
12.8183403015,80.2302093506,63036,63046,10
12.8198003769,80.2304763794,63046,63066,20
12.8198003769,80.2304763794,63066,63076,10
12.8201198578,80.2304763794,63076,63087,11
12.8208503723,80.2304534912,63087,63097,10
12.8210201263,80.2304534912,63097,63107,10
12.8214797974,80.2304763794,63107,63117,10
12.8222999573,80.230682373,63117,63127,10
12.8233203888,80.2310028076,63127,63137,10
12.8244495392,80.2312774658,63137,63147,10
12.8256702423,80.2314071655,63147,63157,10
12.8269500732,80.2312774658,63157,63167,10
12.8281097412,80.2307281494,63167,63178,11
12.8294401169,80.2300491333,63178,63188,10
12.8311100006,80.2293624878,63188,63208,20
12.8311100006,80.2293624878,63208,63218,10
12.8313398361,80.2292861938,63218,63228,10
12.8317699432,80.2291564941,63228,63238,10
12.8323202133,80.2290496826,63238,63248,10
12.8331003189,80.2289123535,63248,63258,10
12.8340797424,80.2287597656,63258,63269,11
12.8353300095,80.2285385132,63269,63279,10
12.8364801407,80.2283782959,63279,63289,10
12.8376502991,80.2282028198,63289,63299,10
12.8387298584,80.2279434204,63299,63309,10
12.8391599655,80.2277984619,63309,63370,61
12.8394804001,80.2276916504,63370,63400,30
12.8394804001,80.2276916504,63400,63410,10
12.8398399353,80.2275924683,63410,63420,10
12.8404903412,80.227432251,63420,63430,10
12.8414802551,80.2271728516,63430,63440,10
12.8426198959,80.2268981934,63440,63451,11
12.8440198898,80.2266921997,63451,63461,10
12.8452196121,80.2265625,63461,63471,10
12.8454399109,80.2265472412,63471,63481,10
12.845580101,80.2265472412,63481,63491,10
12.8462400436,80.2265625,63491,63501,10
12.8472299576,80.2265472412,63501,63511,10
12.8483600616,80.2265472412,63511,63521,10
12.8494901657,80.2265396118,63521,63531,10
12.8503398895,80.2265319824,63531,63542,11
12.850520134,80.2265396118,63542,63552,10
12.8511600494,80.2265625,63552,63562,10
12.8521404266,80.2266235352,63562,63572,10
12.8533401489,80.2266387939,63572,63582,10
12.8546600342,80.2265014648,63582,63592,10
12.8560199738,80.2263565063,63592,63602,10
12.8573799133,80.2262268066,63602,63612,10
12.8586196899,80.2262268066,63612,63622,10
12.8607301712,80.2265014648,63622,63754,132
12.8607301712,80.2265014648,63754,63764,10
12.8608398438,80.2265014648,63764,63774,10
12.8613796234,80.2264785767,63774,63784,10
12.8623895645,80.2264633179,63784,63794,10
12.8636302948,80.2264480591,63794,63804,10
12.8650598526,80.2265014648,63804,63815,11
12.8666496277,80.2264785767,63815,63825,10
12.8681097031,80.2263565063,63825,63835,10
12.869600296,80.2264633179,63835,63845,10
12.8710603714,80.226600647,63845,63855,10
12.8718395233,80.2266311646,63855,63865,10
12.8719797134,80.2266387939,63865,63875,10
12.8725404739,80.2266235352,63875,63885,10
12.8728599548,80.2266235352,63885,63895,10
12.8729400635,80.2266311646,63895,63906,11
12.8735599518,80.2266693115,63906,63916,10
12.8745203018,80.2267608643,63916,63926,10
12.8756198883,80.2268829346,63926,63936,10
12.876449585,80.2268981934,63936,63946,10
12.8764801025,80.226890564,63946,63956,10
12.8766498566,80.2268829346,63956,63966,10
12.8767499924,80.2268829346,63966,63976,10
12.8770999908,80.2268600464,63976,63986,10
12.8779296875,80.2268218994,63986,63997,11
12.8792295456,80.2267303467,63997,64007,10
12.8806200027,80.2266998291,64007,64017,10
12.8818998337,80.2266998291,64017,64027,10
12.8830699921,80.2266769409,64027,64037,10
12.88422966,80.2266616821,64037,64047,10
12.8851299286,80.2266464233,64047,64057,10
12.8851900101,80.2266464233,64057,64067,10
12.8854999542,80.2267074585,64067,64077,10
12.8862304688,80.2268981934,64077,64088,11
12.887339592,80.2271575928,64088,64098,10
12.8883800507,80.2272720337,64098,64108,10
12.8896903992,80.2273025513,64108,64118,10
12.8912000656,80.2273025513,64118,64128,10
12.8928003311,80.2273788452,64128,64138,10
12.8944301605,80.2275772095,64138,64148,10
12.8960504532,80.2276535034,64148,64158,10
12.8976202011,80.2276992798,64158,64168,10
12.899140358,80.2277908325,64168,64179,11
12.9007196426,80.2278671265,64179,64209,30
12.9007196426,80.2278671265,64209,64219,10
12.9010095596,80.227897644,64219,64229,10
12.9017496109,80.2279586792,64229,64239,10
12.903380394,80.2279891968,64239,64259,20
12.903380394,80.2279891968,64259,64270,11
12.9034404755,80.2279891968,64270,64280,10
12.9040203094,80.2280502319,64280,64290,10
12.9049797058,80.2281112671,64290,64300,10
12.9059400558,80.2281570435,64300,64310,10
12.9064302444,80.2281799316,64310,64320,10
12.906709671,80.2282180786,64320,64330,10
12.9071397781,80.2282562256,64330,64340,10
12.9079303741,80.2283782959,64340,64350,10
12.9090099335,80.2285614014,64350,64361,11
12.9104404449,80.2287979126,64361,64371,10
12.9117202759,80.2289810181,64371,64381,10
12.9129600525,80.2291488647,64381,64391,10
12.913860321,80.2292785645,64391,64401,10
12.9140396118,80.229309082,64401,64411,10
12.9141197205,80.2293395996,64411,64421,10
12.9146203995,80.2294082642,64421,64431,10
12.9154396057,80.2295303345,64431,64442,11
12.9165496826,80.2296905518,64442,64452,10
12.9170503616,80.2297592163,64452,64462,10
12.9174604416,80.2298126221,64462,64472,10
12.9182195663,80.2299423218,64472,64482,10
12.9192800522,80.2300796509,64482,64492,10
12.9205503464,80.2302322388,64492,64502,10
12.9218902588,80.2304077148,64502,64512,10
12.923210144,80.2306213379,64512,64522,10
12.9245500565,80.2307662964,64522,64533,11
12.925860405,80.2308883667,64533,64543,10
12.9261198044,80.2309265137,64543,64553,10
12.9266004562,80.2309875488,64553,64563,10
12.9274301529,80.2311019897,64563,64573,10
12.9284601212,80.2312316895,64573,64583,10
12.9296302795,80.2314605713,64583,64593,10
12.9308996201,80.2318191528,64593,64603,10
12.9321298599,80.232208252,64603,64613,10
12.9331903458,80.2325820923,64613,64624,11
12.9336099625,80.2327575684,64624,64634,10
12.9336395264,80.2327880859,64634,64644,10
12.9340496063,80.2329788208,64644,64654,10
12.9348497391,80.2333374023,64654,64664,10
12.9358701706,80.2338027954,64664,64674,10
12.9370498657,80.2343597412,64674,64684,10
12.938249588,80.2349624634,64684,64694,10
12.9391498566,80.2353973389,64694,64704,10
12.9396400452,80.2356491089,64704,64715,11
12.9397096634,80.2356796265,64715,64725,10
12.9401597977,80.2358627319,64725,64735,10
12.9410495758,80.2360992432,64735,64745,10
12.9421195984,80.236366272,64745,64755,10
12.943189621,80.236907959,64755,64765,10
12.9441003799,80.2378463745,64765,64775,10
12.945019722,80.2388381958,64775,64785,10
12.9460601807,80.2395019531,64785,64795,10
12.9469203949,80.2398529053,64795,64806,11
12.9470996857,80.2399215698,64806,64816,10
12.9472103119,80.2399673462,64816,64826,10
12.9474000931,80.2400512695,64826,64836,10
12.9477996826,80.2402114868,64836,64846,10
12.9482698441,80.2404098511,64846,64856,10
12.9489898682,80.2406997681,64856,64866,10
12.9495401382,80.2408981323,64866,64876,10
12.9502000809,80.2411117554,64876,64886,10
12.9508800507,80.2412796021,64886,64897,11
12.9509000778,80.2412872314,64897,64907,10
12.9510402679,80.2413406372,64907,64917,10
12.951499939,80.2415084839,64917,64927,10
12.9522199631,80.2417831421,64927,64937,10
12.9531402588,80.2421417236,64937,64947,10
12.9540901184,80.2425308228,64947,64957,10
12.9548597336,80.2428131104,64957,64967,10
12.955450058,80.243019104,64967,64977,10
12.9561901093,80.2432632446,64977,64988,11
12.9563598633,80.2433319092,64988,64998,10
12.956580162,80.2434005737,64998,65008,10
12.957280159,80.2437362671,65008,65018,10
12.9582700729,80.2442169189,65018,65028,10
12.9589300156,80.2444610596,65028,65038,10
12.9590396881,80.2445297241,65038,65048,10
12.9594602585,80.244720459,65048,65058,10
12.9601297379,80.2450332642,65058,65068,10
12.9610795975,80.2454681396,65068,65079,11
12.9622898102,80.2461013794,65079,65089,10
12.9632196426,80.2465591431,65089,65109,20
12.9632196426,80.2465591431,65109,65119,10
12.963350296,80.2466201782,65119,65129,10
12.9638299942,80.2468414307,65129,65139,10
12.9646396637,80.2471389771,65139,65149,10
12.9655895233,80.2474594116,65149,65159,10
12.9664201736,80.2477798462,65159,65170,11
12.9666900635,80.2479019165,65170,65180,10
12.9666996002,80.2479171753,65180,65190,10
12.9671096802,80.2481307983,65190,65200,10
12.9679002762,80.2484817505,65200,65210,10
12.9689302444,80.248916626,65210,65220,10
12.9700298309,80.2493515015,65220,65230,10
12.9712696075,80.2497787476,65230,65240,10
12.9726104736,80.2501373291,65240,65250,10
12.9737195969,80.2504272461,65250,65261,11
12.975230217,80.2508468628,65261,65271,10
12.9764204025,80.2511978149,65271,65281,10
12.9774599075,80.2516021729,65281,65291,10
12.9783296585,80.2522583008,65291,65301,10
12.9785900116,80.2523880005,65301,65311,10
12.9789104462,80.2525405884,65311,65321,10
12.9796800613,80.2526473999,65321,65331,10
12.9805603027,80.2526779175,65331,65341,10
12.9815597534,80.2526473999,65341,65352,11
12.9828596115,80.2525863647,65352,65362,10
12.9839496613,80.2523727417,65362,65372,10
12.9849300385,80.2521133423,65372,65382,10
12.985710144,80.2518692017,65382,65392,10
12.986240387,80.2517318726,65392,65493,101
12.986240387,80.2517318726,65493,65503,10
12.9863901138,80.2516937256,65503,65513,10
12.9867401123,80.2516021729,65513,65523,10
12.9871397018,80.2514801025,65523,65534,11
12.9875602722,80.2513580322,65534,65544,10
12.9881696701,80.2512435913,65544,65554,10
12.989159584,80.2509765625,65554,65564,10
12.9895296097,80.2508926392,65564,65574,10
12.9897203445,80.2508621216,65574,65584,10
12.9903697968,80.2507095337,65584,65594,10
12.991350174,80.2504730225,65594,65604,10
12.9925098419,80.2501831055,65604,65614,10
12.9937601089,80.2498626709,65614,65625,11
12.9952201843,80.2494812012,65625,65635,10
12.9964103699,80.2491378784,65635,65645,10
12.9966402054,80.2490921021,65645,65655,10
12.996919632,80.2490386963,65655,65665,10
12.9976596832,80.248878479,65665,65675,10
12.9987297058,80.2486114502,65675,65685,10
12.9996500015,80.2483901978,65685,65695,10
13.0008897781,80.2480697632,65695,65706,11
13.0023498535,80.2477035522,65706,65716,10
13.0033903122,80.2475204468,65716,65726,10
13.0044898987,80.2473678589,65726,65736,10
13.0056295395,80.2471389771,65736,65746,10
13.0063199997,80.2467803955,65746,65756,10
13.006480217,80.2464828491,65756,65766,10
13.0065498352,80.2462005615,65766,65776,10
13.0065898895,80.2455215454,65776,65786,10
13.0065898895,80.244972229,65786,65797,11
13.0065803528,80.2445297241,65797,65807,10
13.0065898895,80.2442703247,65807,65817,10
13.0065698624,80.2439117432,65817,65827,10
13.0065698624,80.2435302734,65827,65837,10
13.0065498352,80.243019104,65837,65847,10
13.0065603256,80.2421188354,65847,65857,10
13.0065498352,80.2413024902,65857,65867,10
13.0065603256,80.2411193848,65867,65877,10
13.0065603256,80.2410812378,65877,65888,11
13.0065898895,80.2409286499,65888,65898,10
13.0066099167,80.2408065796,65898,65908,10
13.0066699982,80.2403564453,65908,65918,10
13.0068397522,80.2396621704,65918,65928,10
13.0069999695,80.2387695313,65928,65938,10
13.0071401596,80.23802948,65938,65948,10
13.0072803497,80.2374191284,65948,65958,10
13.007349968,80.2369232178,65958,65968,10
13.0073699951,80.2368392944,65968,65979,11
13.0075101852,80.2363586426,65979,65989,10
13.0076303482,80.2357177734,65989,65999,10
13.0077800751,80.234992981,65999,66009,10
13.0079603195,80.2340774536,66009,66019,10
13.0081701279,80.2330093384,66019,66029,10
13.0083799362,80.2319107056,66029,66039,10
13.0085897446,80.2308197021,66039,66049,10
13.0087995529,80.2297973633,66049,66058,9
13.0089702606,80.2288894653,66058,66070,12
13.0093297958,80.2277069092,66070,66080,10
13.0098199844,80.2266464233,66080,66090,10
13.0103397369,80.2256393433,66090,66100,10
13.010720253,80.2247924805,66100,66110,10
13.0110397339,80.2240219116,66110,66120,10
13.0112104416,80.2235031128,66120,66140,20
13.0112104416,80.2235031128,66140,66150,10
13.0113401413,80.2230224609,66150,66161,11
13.0116100311,80.2224273682,66161,66171,10
13.0119400024,80.2216567993,66171,66181,10
13.012260437,80.2214508057,66181,66191,10
13.0124902725,80.2218017578,66191,66201,10
13.0128898621,80.2222976685,66201,66211,10
13.0133600235,80.2227935791,66211,66221,10
13.0139398575,80.2234268188,66221,66231,10
13.0145101547,80.2240905762,66231,66241,10
13.014960289,80.2245483398,66241,66262,21
13.014960289,80.2245483398,66262,66272,10
13.0150003433,80.2246398926,66272,66282,10
13.0151700974,80.224822998,66282,66292,10
13.015540123,80.2250976563,66292,66302,10
13.0155601501,80.2251281738,66302,66312,10
13.0158700943,80.2252807617,66312,66322,10
13.0165100098,80.2253036499,66322,66332,10
13.0172796249,80.2249984741,66332,66343,11
13.0182800293,80.2245864868,66343,66353,10
13.0194597244,80.224357605,66353,66373,20
13.0194597244,80.224357605,66373,66383,10
13.0195398331,80.2244110107,66383,66393,10
13.0197496414,80.2245483398,66393,66403,10
13.0200996399,80.2248306274,66403,66413,10
13.0205202103,80.2251434326,66413,66423,10
13.0209598541,80.2254486084,66423,66434,11
13.0214300156,80.2258300781,66434,66444,10
13.0218801498,80.2261734009,66444,66454,10
13.0222196579,80.2263793945,66454,66565,111
13.0222196579,80.2263793945,66565,66575,10
13.022359848,80.2265625,66575,66585,10
13.0227203369,80.226890564,66585,66595,10
13.0231199265,80.2272720337,66595,66606,11
13.0235595703,80.2276611328,66606,66616,10
13.0238704681,80.2278900146,66616,66626,10
13.0240802765,80.2281265259,66626,66636,10
13.0243501663,80.2284088135,66636,66666,30
13.0243501663,80.2284088135,66666,66676,10
13.0243797302,80.2285079956,66676,66686,10
13.0241203308,80.2284164429,66686,66697,11
13.0240001678,80.2282791138,66697,66707,10
13.0234899521,80.2277603149,66707,66919,212
13.0234899521,80.2277603149,66919,66929,10
13.0234203339,80.2275466919,66929,67222,293
13.0234203339,80.2275466919,67222,67233,11
13.0232000351,80.2274627686,67233,67243,10
13.0228996277,80.227180481,67243,67253,10
13.0225095749,80.2267837524,67253,67263,10
13.0219297409,80.226272583,67263,67273,10
13.0212497711,80.2257385254,67273,67283,10
13.0206203461,80.2252731323,67283,67293,10
13.0200996399,80.224937439,67293,67303,10
13.0199403763,80.2248077393,67303,67313,10
13.0196504593,80.224609375,67313,67324,11
13.0190200806,80.2244110107,67324,67334,10
13.0181798935,80.2246627808,67334,67344,10
13.0172996521,80.2250289917,67344,67354,10
13.0165195465,80.2253723145,67354,67364,10
13.015999794,80.2255477905,67364,67374,10
13.0154495239,80.2257766724,67374,67384,10
13.0149698257,80.2259674072,67384,67394,10
13.0143699646,80.2261962891,67394,67404,10
13.0140895844,80.2263183594,67404,67415,11
13.0138397217,80.2264022827,67415,67425,10
13.0133104324,80.2266082764,67425,67435,10
13.0126104355,80.2268600464,67435,67445,10
13.0118598938,80.2271499634,67445,67455,10
13.0109300613,80.2275314331,67455,67465,10
13.0100603104,80.2278823853,67465,67475,10
13.0093297958,80.2282104492,67475,67485,10
13.0090103149,80.2289962769,67485,67495,10
13.0088300705,80.2299423218,67495,67506,11
13.0086297989,80.2310409546,67506,67516,10
13.0084400177,80.2320327759,67516,67526,10
13.0082597733,80.2330169678,67526,67536,10
13.0081701279,80.2336196899,67536,67546,10
13.0081501007,80.2336807251,67546,67556,10
13.0080404282,80.2340621948,67556,67566,10
13.0079298019,80.2346191406,67566,67576,10
13.0077800751,80.2353820801,67576,67586,10
13.0076198578,80.2361831665,67586,67597,11
13.0074396133,80.2371368408,67597,67607,10
13.0072898865,80.2379226685,67607,67617,10
13.0071401596,80.2386703491,67617,67627,10
13.0070295334,80.2393035889,67627,67637,10
13.0068798065,80.2399673462,67637,67647,10
13.0068702698,80.2400283813,67647,67657,10
13.0068798065,80.2402420044,67657,67667,10
13.0067596436,80.2408599854,67667,67677,10
13.0066795349,80.2416992188,67677,67688,11
13.0066604614,80.2428817749,67688,67698,10
13.006649971,80.2438278198,67698,67708,10
13.0066604614,80.2447509766,67708,67718,10
13.0066795349,80.2456283569,67718,67728,10
13.0066900253,80.24609375,67728,67738,10
13.0067100525,80.2464675903,67738,67748,10
13.0067100525,80.2471237183,67748,67758,10
13.0062398911,80.2473678589,67758,67768,10
13.0060796738,80.2473907471,67768,67779,11
13.0059700012,80.2474212646,67779,67789,10
13.0054101944,80.2473983765,67789,67799,10
13.0046195984,80.2474136353,67799,67809,10
13.0036401749,80.2475204468,67809,67819,10
13.0025100708,80.2476882935,67819,67829,10
13.0013799667,80.2479476929,67829,67839,10
13.0001602173,80.2482528687,67839,67849,10
12.9988603592,80.2485580444,67849,67859,10
12.9975595474,80.248878479,67859,67870,11
12.9961795807,80.2492599487,67870,67880,10
12.9949598312,80.2495880127,67880,67890,10
12.9937200546,80.2498931885,67890,67900,10
12.9924201965,80.250213623,67900,67910,10
12.9913597107,80.2504806519,67910,67920,10
12.9910402298,80.250579834,67920,67930,10
12.9908704758,80.250617981,67930,67940,10
12.990240097,80.250793457,67940,67950,10
12.9894304276,80.2510070801,67950,67961,11
12.9886302948,80.2512130737,67961,67971,10
12.9879598618,80.2514038086,67971,68102,131
12.9879598618,80.2514038086,68102,68112,10
12.9879302979,80.2513809204,68112,68122,10
12.9874696732,80.2514877319,68122,68133,11
12.986700058,80.2517166138,68133,68143,10
12.9859304428,80.2518768311,68143,68153,10
12.9848604202,80.2521286011,68153,68163,10
12.9836502075,80.252456665,68163,68173,10
12.9824800491,80.2526168823,68173,68183,10
12.9814596176,80.2526397705,68183,68193,10
12.9805402756,80.2526626587,68193,68203,10
12.9799699783,80.2527236938,68203,68213,10
12.9791097641,80.2526168823,68213,68224,11
12.9785900116,80.2525405884,68224,68234,10
12.978509903,80.252456665,68234,68244,10
12.9780397415,80.2521514893,68244,68254,10
12.9772596359,80.2515029907,68254,68264,10
12.9761896133,80.251083374,68264,68274,10
12.9752101898,80.2508010864,68274,68284,10
12.9744100571,80.2505722046,68284,68294,10
12.9731998444,80.2502365112,68294,68304,10
12.9721002579,80.2499389648,68304,68315,11
12.9709196091,80.2496337891,68315,68325,10
12.9697599411,80.2492218018,68325,68335,10
12.9684801102,80.2487335205,68335,68345,10
12.9672803879,80.2482528687,68345,68355,10
12.9663000107,80.2477798462,68355,68365,10
12.9654798508,80.2474517822,68365,68375,10
12.9651899338,80.2473373413,68375,68385,10
12.9649400711,80.247253418,68385,68395,10
12.9642601013,80.2470016479,68395,68406,11
12.9635896683,80.2467727661,68406,68436,30
12.9635896683,80.2467727661,68436,68446,10
12.9634599686,80.2466888428,68446,68456,10
12.9629402161,80.2464370728,68456,68466,10
12.9620103836,80.2459869385,68466,68476,10
12.9609699249,80.2454910278,68476,68486,10
12.9599399567,80.2450408936,68486,68497,11
12.9594297409,80.2448196411,68497,68507,10
12.9592399597,80.2447280884,68507,68517,10
12.9586000443,80.244430542,68517,68527,10
12.9579296112,80.244140625,68527,68537,10
12.957280159,80.243888855,68537,68547,10
12.956489563,80.2435913086,68547,68598,51
12.956489563,80.2435913086,68598,68608,10
12.9561901093,80.2435302734,68608,68618,10
12.9555397034,80.2431869507,68618,68628,10
12.9545602798,80.2427597046,68628,68638,10
12.9535598755,80.2423400879,68638,68648,10
12.9525203705,80.2419204712,68648,68658,10
12.9518203735,80.2416687012,68658,68668,10
12.9516601563,80.2416000366,68668,68679,11
12.9509000778,80.2413330078,68679,68689,10
12.9498300552,80.2409973145,68689,68699,10
12.9492397308,80.2408065796,68699,68709,10
12.9488697052,80.2406997681,68709,68719,10
12.9480400085,80.2403488159,68719,68729,10
12.9473199844,80.2400588989,68729,68739,10
12.9472999573,80.2400512695,68739,68749,10
12.9471197128,80.2399597168,68749,68759,10
12.9464702606,80.2396774292,68759,68770,11
12.9454097748,80.2391891479,68770,68780,10
12.9445199966,80.2383728027,68780,68790,10
12.9436302185,80.2374191284,68790,68800,10
12.9426202774,80.236579895,68800,68810,10
12.9413404465,80.2361526489,68810,68820,10
12.9402303696,80.2358932495,68820,68830,10
12.939909935,80.2358016968,68830,68840,10
12.9397296906,80.235710144,68840,68850,10
12.9390296936,80.2353591919,68850,68861,11
12.9379701614,80.2348175049,68861,68871,10
12.9368095398,80.2342834473,68871,68881,10
12.9357404709,80.2337722778,68881,68891,10
12.9346399307,80.2332763672,68891,68901,10
12.9337701797,80.2328567505,68901,68911,10
12.9335803986,80.2327804565,68911,68921,10
12.9331197739,80.2325668335,68921,68931,10
12.9321899414,80.2322235107,68931,68941,10
12.931019783,80.2318191528,68941,68952,11
12.9296398163,80.2314224243,68952,68962,10
12.9285402298,80.2312164307,68962,68972,10
12.9273500443,80.2310714722,68972,68982,10
12.9262104034,80.2309570313,68982,68992,10
12.9259395599,80.2309188843,68992,69002,10
12.9253196716,80.2308120728,69002,69012,10
12.9243402481,80.23072052,69012,69022,10
12.9231300354,80.2305526733,69022,69032,10
12.9217500687,80.2303314209,69032,69043,11
12.9201202393,80.2301177979,69043,69053,10
12.9186496735,80.2299499512,69053,69063,10
12.9172697067,80.2297668457,69063,69073,10
12.9160203934,80.2296066284,69073,69083,10
12.9147996902,80.2294616699,69083,69093,10
12.9137296677,80.229309082,69093,69103,10
12.9132299423,80.2292633057,69103,69113,10
12.9131698608,80.2292404175,69113,69123,10
12.9125995636,80.2291412354,69123,69134,11
12.9115200043,80.2289810181,69134,69144,10
12.9103002548,80.2287979126,69144,69154,10
12.9092998505,80.2285995483,69154,69164,10
12.9082803726,80.2284469604,69164,69174,10
12.9072399139,80.2283096313,69174,69184,10
12.9067201614,80.2282562256,69184,69194,10
12.906080246,80.2282180786,69194,69204,10
12.9052495956,80.2281799316,69204,69214,10
12.9040603638,80.2281112671,69214,69225,11
12.9028997421,80.2280578613,69225,69235,10
12.9018096924,80.2279891968,69235,69245,10
12.9011602402,80.2279434204,69245,69255,10
12.9006004333,80.227897644,69255,69265,10
12.9001398087,80.2278671265,69265,69275,10
12.8997297287,80.2278594971,69275,69285,10
12.8992795944,80.2278366089,69285,69295,10
12.899189949,80.2278213501,69295,69305,10
12.898730278,80.2277908325,69305,69316,11
12.8977804184,80.2277297974,69316,69326,10
12.8966302872,80.2276916504,69326,69336,10
12.8953895569,80.2276000977,69336,69346,10
12.8941202164,80.2275466919,69346,69356,10
12.8931903839,80.2275009155,69356,69366,10
12.8927001953,80.2274398804,69366,69376,10
12.8921203613,80.2273635864,69376,69386,10
12.891119957,80.2273101807,69386,69396,10
12.8898200989,80.2273178101,69396,69407,11
12.8882398605,80.2273025513,69407,69417,10
12.8868598938,80.2271194458,69417,69427,10
12.8856201172,80.2268066406,69427,69437,10
12.8847398758,80.2266998291,69437,69447,10
12.8845901489,80.2266921997,69447,69457,10
12.8839797974,80.2266998291,69457,69467,10
12.8829603195,80.2266998291,69467,69477,10
12.8817195892,80.2267074585,69477,69487,10
12.880490303,80.2267303467,69487,69498,11
12.8789300919,80.2267608643,69498,69508,10
12.8775100708,80.2268371582,69508,69518,10
12.8765201569,80.2269515991,69518,69528,10
12.8756103516,80.2269287109,69528,69538,10
12.8744001389,80.2267990112,69538,69548,10
12.8731002808,80.2266921997,69548,69558,10
12.8719501495,80.2266616821,69558,69568,10
12.8706102371,80.226600647,69568,69577,9
12.8693504333,80.2264709473,69577,69589,12
12.8678197861,80.2263870239,69589,69599,10
12.8659000397,80.2265701294,69599,69609,10
12.8641796112,80.2265396118,69609,69619,10
12.8625898361,80.2265319824,69619,69629,10
12.8612298965,80.2266235352,69629,69639,10
12.860830307,80.2265930176,69639,69649,10
12.8605604172,80.2265472412,69649,69659,10
12.8597698212,80.2264175415,69659,69670,11
12.8586902618,80.2262802124,69670,69680,10
12.8579301834,80.2261962891,69680,69690,10
12.8570203781,80.226272583,69690,69700,10
12.8559303284,80.2263793945,69700,69710,10
12.8547697067,80.2265014648,69710,69720,10
12.8535804749,80.2266235352,69720,69730,10
12.8523397446,80.2266311646,69730,69740,10
12.8511199951,80.2266235352,69740,69750,10
12.8501396179,80.2266082764,69750,69761,11
12.8498497009,80.2265777588,69761,69771,10
12.8491001129,80.2265625,69771,69781,10
12.8478899002,80.2265472412,69781,69791,10
12.8463897705,80.2265777588,69791,69801,10
12.845459938,80.2265701294,69801,69811,10
12.8452396393,80.2266082764,69811,69821,10
12.8449602127,80.2266235352,69821,69831,10
12.8440504074,80.2266769409,69831,69841,10
12.8428201675,80.2268600464,69841,69852,11
12.8412799835,80.2272262573,69852,69862,10
12.840180397,80.2275390625,69862,69872,10
12.8396701813,80.2276992798,69872,69882,10
12.8390302658,80.2278671265,69882,69892,10
12.8379001617,80.2281417847,69892,69902,10
12.8365802765,80.2283706665,69902,69912,10
12.8351202011,80.2285766602,69912,69922,10
12.8336601257,80.2288513184,69922,69932,10
12.8324203491,80.2291030884,69932,69943,11
12.8321695328,80.2291488647,69943,69953,10
12.8316497803,80.2292480469,69953,69963,10
12.8309698105,80.2294387817,69963,69973,10
12.8300199509,80.2297592163,69973,69983,10
12.8289604187,80.2301712036,69983,69993,10
12.8278799057,80.2307434082,69993,70003,10
12.8267803192,80.2312393188,70003,70013,10
12.8255596161,80.2313613892,70013,70023,10
12.8243398666,80.2312774658,70023,70034,11
12.82310009,80.2309188843,70034,70044,10
12.821969986,80.2305603027,70044,70054,10
12.820810318,80.2304229736,70054,70064,10
12.819729805,80.23046875,70064,70074,10
12.818980217,80.2304763794,70074,70084,10
12.8187904358,80.2304534912,70084,70094,10
12.8183002472,80.2302017212,70094,70104,10
12.8176498413,80.2298965454,70104,70114,10
12.8165903091,80.2295227051,70114,70125,11
12.8153095245,80.229309082,70125,70135,10
12.8141298294,80.2291107178,70135,70145,10
12.8129501343,80.2287521362,70145,70155,10
12.8117799759,80.2283325195,70155,70165,10
12.8107099533,80.2279129028,70165,70175,10
12.8097696304,80.2275238037,70175,70185,10
12.8087701797,80.2269134521,70185,70195,10
12.8078403473,80.2261428833,70195,70205,10
12.807100296,80.2255096436,70205,70216,11
12.8065595627,80.2250213623,70216,70226,10
12.8059501648,80.2244720459,70226,70236,10
12.8052902222,80.224029541,70236,70246,10
12.8048200607,80.2239379883,70246,70256,10
12.8047599792,80.2239303589,70256,70266,10
12.8043003082,80.2238769531,70266,70276,10
12.8036003113,80.2238311768,70276,70286,10
12.8027601242,80.2237472534,70286,70296,10
12.8017301559,80.2236328125,70296,70307,11
12.8006000519,80.2235107422,70307,70317,10
12.799539566,80.2234268188,70317,70327,10
12.7983398438,80.2233428955,70327,70337,10
12.7970695496,80.2231674194,70337,70347,10
12.796210289,80.2229995728,70347,70357,10
12.7960596085,80.2229690552,70357,70367,10
12.7957296371,80.2228775024,70367,70377,10
12.7950696945,80.2227706909,70377,70387,10
12.7941198349,80.2226333618,70387,70398,11
12.7928800583,80.2224502563,70398,70408,10
12.7917404175,80.2222290039,70408,70418,10
12.7906198502,80.2219467163,70418,70428,10
12.7895402908,80.2216491699,70428,70438,10
12.7888097763,80.2213668823,70438,70448,10
12.7880601883,80.2210464478,70448,70458,10
12.787229538,80.2207489014,70458,70539,81
12.787229538,80.2207489014,70539,70549,10
12.786860466,80.2205810547,70549,70559,10
12.7865896225,80.220489502,70559,70580,21
12.7865896225,80.220489502,70580,70590,10
12.7863397598,80.2203903198,70590,70620,30
12.7863397598,80.2203903198,70620,70630,10
12.7862195969,80.2203216553,70630,70671,41
12.7862195969,80.2203216553,70671,70681,10
12.7861099243,80.2205123901,70681,70691,10
12.7861204147,80.2208099365,70691,70701,10
12.7861499786,80.2211990356,70701,70711,10
12.7861995697,80.2216033936,70711,70721,10
12.7862596512,80.2219390869,70721,71176,455
12.7862596512,80.2219390869,71176,71186,10
12.7862997055,80.221786499,71186,71197,11
12.7862997055,80.2216567993,71197,71207,10
12.7862195969,80.2214584351,71207,71217,10
12.786190033,80.2211990356,71217,71227,10
12.7861700058,80.2208023071,71227,71237,10
12.7861700058,80.2203521729,71237,71298,61
12.7861700058,80.2203521729,71298,71308,10
12.7865896225,80.2203979492,71308,71328,20
12.7865896225,80.2203979492,71328,71338,10
12.7869195938,80.2205581665,71338,71348,10
12.7875404358,80.2207870483,71348,71358,10
12.7882699966,80.2210769653,71358,71368,10
12.7891197205,80.2213897705,71368,71379,11
12.7898597717,80.2216567993,71379,71389,10
12.7906904221,80.2218704224,71389,71399,10
12.7917499542,80.2221374512,71399,71409,10
12.7929401398,80.2223892212,71409,71419,10
12.7941703796,80.2225723267,71419,71429,10
12.7953996658,80.2227706909,71429,71439,10
12.7965297699,80.2229690552,71439,71449,10
12.7975997925,80.2231674194,71449,71459,10
12.7987203598,80.2232818604,71459,71470,11
12.7999897003,80.2233963013,71470,71480,10
12.8011302948,80.223487854,71480,71490,10
12.8015499115,80.2235107422,71490,71500,10
12.80189991,80.2235565186,71500,71510,10
12.8025503159,80.2236480713,71510,71520,10
12.8033103943,80.2237625122,71520,71530,10
12.8041601181,80.2238311768,71530,71540,10
12.8048696518,80.2239074707,71540,71550,10
12.8055400848,80.2240982056,71550,71561,11
12.8061800003,80.2246170044,71561,71571,10
12.8068199158,80.2251968384,71571,71581,10
12.8074598312,80.2257537842,71581,71591,10
12.8080997467,80.2263031006,71591,71601,10
12.8088998795,80.2269287109,71601,71611,10
12.8094501495,80.2273330688,71611,71621,10
12.8102998734,80.2276916504,71621,71631,10
12.8114900589,80.2281723022,71631,71641,10
12.8128204346,80.2286605835,71641,71652,11
12.8142900467,80.2291107178,71652,71662,10
12.8157901764,80.2293395996,71662,71672,10
12.81731987,80.2296829224,71672,71682,10
12.8185997009,80.2302627563,71682,71692,10
12.8198795319,80.2304229736,71692,71702,10
12.8212404251,80.2304229736,71702,71712,10
12.8226203918,80.2306976318,71712,71722,10
12.8239803314,80.2310714722,71722,71732,10
12.8252096176,80.2313232422,71732,71743,11
12.8265695572,80.231262207,71743,71753,10
12.8277301788,80.2308502197,71753,71763,10
12.8288803101,80.2302093506,71763,71773,10
12.830039978,80.2296981812,71773,71783,10
12.8310003281,80.2293014526,71783,71793,10
12.8312702179,80.2292098999,71793,71803,10
12.8317499161,80.229057312,71803,71813,10
12.832449913,80.2289123535,71813,71823,10
12.833530426,80.2287521362,71823,71834,11
12.8348503113,80.2285308838,71834,71844,10
12.8362503052,80.2283172607,71844,71854,10
12.8376903534,80.2281036377,71854,71864,10
12.8389196396,80.2278137207,71864,71874,10
12.8395204544,80.2276611328,71874,71904,30
12.8395204544,80.2276611328,71904,71914,10
12.8397502899,80.2275695801,71914,71925,11
12.8406095505,80.2273483276,71925,71935,10
12.8417396545,80.2270278931,71935,71945,10
12.8430404663,80.2267532349,71945,71955,10
12.8444404602,80.2265472412,71955,71965,10
12.8453502655,80.2264785767,71965,71975,10
12.8454198837,80.2264709473,71975,71985,10
12.8456602097,80.2264709473,71985,71995,10
12.8459501266,80.2264785767,71995,72005,10
12.8467102051,80.2264633179,72005,72016,11
12.8478498459,80.2264633179,72016,72026,10
12.8490400314,80.2264633179,72026,72036,10
12.8500795364,80.2264404297,72036,72046,10
12.850279808,80.2264633179,72046,72056,10
12.8505802155,80.2264862061,72056,72066,10
12.8512201309,80.2265167236,72066,72076,10
12.8521795273,80.2265625,72076,72086,10
12.8533296585,80.2265777588,72086,72096,10
12.8545198441,80.2264633179,72096,72107,11
12.8558998108,80.2263183594,72107,72117,10
12.857170105,80.2261810303,72117,72127,10
12.8585195541,80.2261581421,72127,72137,10
12.859919548,80.226348877,72137,72147,10
12.8607902527,80.2264633179,72147,72157,10
12.8610801697,80.2265014648,72157,72167,10
12.8618097305,80.2264785767,72167,72177,10
12.8628396988,80.2264175415,72177,72188,11
12.8641500473,80.2264480591,72188,72198,10
12.8655004501,80.2264785767,72198,72208,10
12.8669700623,80.2263793945,72208,72218,10
12.8684997559,80.2262802124,72218,72228,10
12.8700199127,80.2264480591,72228,72238,10
12.871430397,80.2265625,72238,72248,10
12.8724803925,80.2265701294,72248,72258,10
12.8728103638,80.2265777588,72258,72268,10
12.8733196259,80.2266311646,72268,72280,12
12.8742799759,80.2267227173,72280,72290,10
12.8757095337,80.2268600464,72290,72300,10
12.8764200211,80.2268600464,72300,72310,10
12.8769197464,80.2268218994,72310,72320,10
12.8778896332,80.2267379761,72320,72330,10
12.8790998459,80.2266616821,72330,72340,10
12.8804397583,80.2266311646,72340,72350,10
12.8819103241,80.2266235352,72350,72360,10
12.8833999634,80.226600647,72360,72371,11
12.8847703934,80.2265777588,72371,72381,10
12.8851804733,80.2266082764,72381,72391,10
12.8853797913,80.2266387939,72391,72401,10
12.8861198425,80.2268218994,72401,72411,10
12.8872003555,80.2270812988,72411,72421,10
12.8884601593,80.2272415161,72421,72431,10
12.8895702362,80.2272796631,72431,72441,10
12.8912000656,80.2272720337,72441,72451,10
12.8918504715,80.2272872925,72451,72462,11
12.8919200897,80.2272872925,72462,72472,10
12.8922595978,80.2273101807,72472,72482,10
12.8929395676,80.2273712158,72482,72492,10
12.8938798904,80.2274932861,72492,72502,10
12.8948802948,80.2275619507,72502,72512,10
12.8959999084,80.2276000977,72512,72522,10
12.8972501755,80.2276382446,72522,72532,10
12.8984603882,80.2277069092,72532,72542,10
12.9005002975,80.2278137207,72542,72583,41
12.9005002975,80.2278137207,72583,72593,10
12.9004898071,80.2277984619,72593,72603,10
12.9008398056,80.2278289795,72603,72613,10
12.9013500214,80.2278671265,72613,72623,10
12.9020595551,80.227897644,72623,72633,10
12.9022798538,80.2279129028,72633,72644,11
12.9024896622,80.2279586792,72644,72654,10
12.9031496048,80.2279663086,72654,72664,10
12.9037303925,80.2279891968,72664,72674,10
12.9043397903,80.2280273438,72674,72684,10
12.9053497314,80.2280883789,72684,72694,10
12.9064598083,80.2281570435,72694,72704,10
12.9069795609,80.2282028198,72704,72714,10
12.9072303772,80.2282180786,72714,72724,10
12.9080095291,80.2283401489,72724,72735,11
12.9092197418,80.2285385132,72735,72745,10
12.9104995728,80.2287597656,72745,72755,10
12.9118700027,80.2289581299,72755,72765,10
12.9132003784,80.2291412354,72765,72775,10
12.9140996933,80.2292709351,72775,72785,10
12.9151000977,80.2294082642,72785,72795,10
12.9163999557,80.2295913696,72795,72805,10
12.9179000854,80.2297897339,72805,72815,10
12.9194602966,80.2299880981,72815,72826,11
12.9212799072,80.23021698,72826,72836,10
12.9228801727,80.2304534912,72836,72846,10
12.9244604111,80.2306594849,72846,72856,10
12.9259004593,80.2308273315,72856,72866,10
12.9273500443,80.2310028076,72866,72876,10
12.9286403656,80.2311477661,72876,72886,10
12.9298000336,80.2314224243,72886,72896,10
12.9310703278,80.2317810059,72896,72906,10
12.9324102402,80.2322006226,72906,72917,11
12.9334001541,80.2325668335,72917,72927,10
12.9334497452,80.2325973511,72927,72937,10
12.9338302612,80.2327804565,72937,72947,10
12.9346399307,80.2331619263,72947,72957,10
12.9356603622,80.2336196899,72957,72967,10
12.9368400574,80.2341995239,72967,72977,10
12.9381198883,80.2348175049,72977,72987,10
12.9391498566,80.2353210449,72987,72997,10
12.9394397736,80.2354736328,72997,73008,11
12.9399003983,80.235710144,73008,73018,10
12.9407997131,80.2359771729,73018,73028,10
12.9419603348,80.2362823486,73028,73038,10
12.9430999756,80.2368011475,73038,73048,10
12.9439697266,80.2376785278,73048,73058,10
12.9446201324,80.2383880615,73058,73068,10
12.9456596375,80.2392883301,73068,73078,10
12.9467000961,80.2397079468,73078,73088,10
12.9471797943,80.239906311,73088,73099,11
12.9473695755,80.240020752,73099,73109,10
12.9480495453,80.2402877808,73109,73119,10
12.9486999512,80.2405319214,73119,73129,10
12.9487600327,80.240562439,73129,73139,10
12.9489603043,80.2406234741,73139,73149,10
12.9496803284,80.2408676147,73149,73159,10
12.9506797791,80.2411804199,73159,73169,10
12.9510803223,80.2412796021,73169,73180,11
12.9515104294,80.2414398193,73180,73190,10
12.9523601532,80.2417297363,73190,73200,10
12.953379631,80.2421417236,73200,73210,10
12.9542503357,80.2424697876,73210,73220,10
12.9549999237,80.242767334,73220,73230,10
12.9557199478,80.2430267334,73230,73240,10
12.9563102722,80.2433013916,73240,73260,20
12.9563102722,80.2433013916,73260,73271,11
12.956700325,80.2434692383,73271,73281,10
12.9575500488,80.2438201904,73281,73291,10
12.9584999084,80.2442092896,73291,73301,10
12.9589195251,80.2443695068,73301,73311,10
12.959400177,80.2446212769,73311,73321,10
12.960269928,80.2450180054,73321,73331,10
12.9613599777,80.2455291748,73331,73341,10
12.9624500275,80.2460708618,73341,73351,10
12.9632196426,80.2464828491,73351,73382,31
12.9632196426,80.2464828491,73382,73392,10
12.9632797241,80.2465896606,73392,73402,10
12.9637098312,80.2467727661,73402,73412,10
12.9644498825,80.2470474243,73412,73422,10
12.9654998779,80.2473907471,73422,73432,10
12.9664001465,80.2477035522,73432,73442,10
12.9666595459,80.2478103638,73442,73453,11
12.9670600891,80.248046875,73453,73463,10
12.967880249,80.2483978271,73463,73473,10
12.9689798355,80.2488327026,73473,73483,10
12.9702196121,80.2493209839,73483,73493,10
12.9715795517,80.2497406006,73493,73503,10
12.9729204178,80.2500915527,73503,73513,10
12.9742298126,80.2504425049,73513,73523,10
12.975520134,80.2508087158,73523,73533,10
12.9768400192,80.2511825562,73533,73544,11
12.9779996872,80.2519073486,73544,73554,10
12.9785499573,80.2522964478,73554,73564,10
12.9786100388,80.2523269653,73564,73574,10
12.979180336,80.2525024414,73574,73584,10
12.9802103043,80.2525787354,73584,73594,10
12.9815196991,80.2525482178,73594,73604,10
12.9828701019,80.2524795532,73604,73614,10
12.9840297699,80.252281189,73614,73624,10
12.9853601456,80.2519302368,73624,73635,11
12.9865503311,80.2516403198,73635,73645,10
12.9873199463,80.251411438,73645,73655,10
12.9876403809,80.2513198853,73655,73665,10
12.9880895615,80.2511978149,73665,73675,10
12.9890804291,80.2509384155,73675,73684,9
12.9894800186,80.2508163452,73684,73695,11
12.9896402359,80.2507705688,73695,73705,10
12.9903402328,80.2506027222,73705,73715,10
12.9913597107,80.2503585815,73715,73726,11
12.9926700592,80.250038147,73726,73736,10
12.9939804077,80.2497177124,73736,73746,10
12.9953403473,80.249382019,73746,73759,13
12.9968004227,80.2490005493,73759,73769,10
12.9987802505,80.2485122681,73769,73779,10
13.0003099442,80.2481307983,73779,73789,10
13.0017299652,80.2477722168,73789,73799,10
13.0029602051,80.2474975586,73799,73809,10
13.004240036,80.2473068237,73809,73820,11
13.005399704,80.2471313477,73820,73830,10
13.0062799454,80.2467422485,73830,73840,10
13.0064697266,80.2464065552,73840,73850,10
13.0065202713,80.2462768555,73850,73860,10
13.0065603256,80.2457504272,73860,73870,10
13.0065898895,80.2450714111,73870,73880,10
13.0065803528,80.2444000244,73880,73890,10
13.0065803528,80.2439575195,73890,73900,10
13.0065498352,80.2434234619,73900,73911,11
13.0065402985,80.2430419922,73911,73921,10
13.006529808,80.2423934937,73921,73931,10
13.0065402985,80.2414779663,73931,73941,10
13.006649971,80.2405929565,73941,73951,10
13.0067596436,80.2399368286,73951,73961,10
13.006939888,80.2391586304,73961,73971,10
13.0071001053,80.2382278442,73971,73981,10
13.0072603226,80.2375030518,73981,73991,10
13.0073404312,80.2370681763,73991,74002,11
13.0073900223,80.2368927002,74002,74012,10
13.0074901581,80.2363433838,74012,74022,10
13.007610321,80.235710144,74022,74032,10
13.0077199936,80.2351379395,74032,74042,10
13.0078802109,80.2344589233,74042,74052,10
13.0080499649,80.2336425781,74052,74062,10
13.0082998276,80.232383728,74062,74072,10
13.0085000992,80.2312927246,74072,74083,11
13.0087299347,80.2300491333,74083,74093,10
13.0089797974,80.2288589478,74093,74103,10
13.0093202591,80.2276992798,74103,74113,10
13.0098400116,80.2265777588,74113,74123,10
13.0102701187,80.2256622314,74123,74133,10
13.0107002258,80.224822998,74133,74143,10
13.0110797882,80.2239990234,74143,74153,10
13.011300087,80.2235031128,74153,74163,10
13.0112895966,80.2234802246,74163,74174,11
13.0113897324,80.2232818604,74174,74184,10
13.0116100311,80.2227783203,74184,74194,10
13.0119104385,80.2219924927,74194,74204,10
13.0123500824,80.2216110229,74204,74214,10
13.0127601624,80.2221374512,74214,74224,10
13.013420105,80.2228622437,74224,74234,10
13.0141000748,80.2236633301,74234,74244,10
13.0147800446,80.2243423462,74244,74254,10
13.0154895782,80.2249984741,74254,74265,11
13.0156202316,80.2250823975,74265,74275,10
13.0159702301,80.2252426147,74275,74285,10
13.0167102814,80.2251586914,74285,74295,10
13.0177097321,80.2247924805,74295,74305,10
13.0187501907,80.2244033813,74305,74315,10
13.0195798874,80.2244033813,74315,74325,10
13.0197496414,80.2244567871,74325,74335,10
13.0198898315,80.2245864868,74335,74345,10
13.0203399658,80.2249298096,74345,74356,11
13.0210199356,80.2254180908,74356,74366,10
13.0216598511,80.2258987427,74366,74376,10
13.022359848,80.2264785767,74376,74386,10
13.0231399536,80.2271728516,74386,74396,10
13.0236597061,80.2276535034,74396,74406,10
13.0244102478,80.2284088135,74406,74467,61
13.0244102478,80.2284088135,74467,74477,10
13.0241804123,80.2285079956,74477,74487,10
13.023900032,80.2280807495,74487,74497,10
13.0233297348,80.2274627686,74497,74507,10
13.0227899551,80.2269821167,74507,74517,10
13.022190094,80.2264709473,74517,74527,10
13.0215997696,80.2259979248,74527,74538,11
13.0209102631,80.2254562378,74538,74548,10
13.0205602646,80.225189209,74548,74558,10
13.0202102661,80.224937439,74558,74568,10
13.019659996,80.224571228,74568,74578,10
13.018819809,80.2244186401,74578,74588,10
13.0179300308,80.2247619629,74588,74598,10
13.0170602798,80.2251281738,74598,74608,10
13.0165100098,80.2253570557,74608,74618,10
13.0162000656,80.225479126,74618,74629,11
13.0156803131,80.2256622314,74629,74639,10
13.0153799057,80.2257614136,74639,74649,10
13.0152702332,80.2258224487,74649,74659,10
13.0150499344,80.2259216309,74659,74669,10
13.0147199631,80.2259979248,74669,74679,10
13.0142097473,80.2261734009,74679,74689,10
13.0142602921,80.2255477905,74689,74935,246
13.0142602921,80.2255477905,74935,74945,10
13.0143404007,80.2253494263,74945,74955,10
13.0144395828,80.2254104614,74955,74965,10
13.0143899918,80.225402832,74965,74976,11
13.014380455,80.225402832,74976,74987,11
13.0143203735,80.2256164551,74987,76332,1345
13.0143098831,80.2256698608,76332,77171,839
