12.9972896576,80.1916885376,11,4332,4321
12.9975404739,80.1917266846,4332,4826,494
12.9975404739,80.1917266846,4826,4836,10
12.9973497391,80.19165802,4836,7219,2383
12.9974899292,80.1916809082,7219,14356,7137
12.9972801208,80.1917190552,14356,14659,303
12.9974899292,80.1916732788,14659,20392,5733
12.9974603653,80.1915893555,20392,20695,303
12.9975404739,80.19165802,20695,21281,586
12.9973802567,80.1915435791,21281,21563,282
12.9974803925,80.1915130615,21563,22684,1121
12.9972696304,80.1915130615,22684,23280,596
12.9970502853,80.1917114258,23280,23431,151
12.9972600937,80.19165802,23431,23592,161
12.9972600937,80.19165802,23592,23603,11
12.9971103668,80.1917266846,23603,23613,10
12.9969100952,80.1915893555,23613,23623,10
12.9967803955,80.1913299561,23623,23633,10
12.9965896606,80.1912002563,23633,23714,81
12.9965896606,80.1912002563,23714,23724,10
12.9962396622,80.1911468506,23724,23734,10
12.9961900711,80.1909484863,23734,23744,10
12.9961004257,80.1906204224,23744,23754,10
12.9960098267,80.1902618408,23754,23764,10
12.995929718,80.1898498535,23764,23774,10
12.9959497452,80.189491272,23774,23784,10
12.9961595535,80.1893692017,23784,23794,10
12.9964103699,80.1896286011,23794,23805,11
12.9968299866,80.1900863647,23805,23815,10
12.9973096848,80.1906661987,23815,23825,10
12.9978103638,80.1912918091,23825,23835,10
12.9983701706,80.1920089722,23835,23845,10
12.9989595413,80.1927185059,23845,23855,10
12.9995298386,80.1934585571,23855,23865,10
13.0000896454,80.1941604614,23865,23875,10
13.0007095337,80.1949081421,23875,23885,10
13.0012903214,80.1956634521,23885,23895,10
13.0019302368,80.1964035034,23895,23905,10
13.0022001266,80.1973571777,23905,23916,11
13.0019903183,80.1984405518,23916,23926,10
13.0018596649,80.1993789673,23926,23936,10
13.0021696091,80.2001800537,23936,23946,10
13.0029802322,80.2006607056,23946,23956,10
13.0039701462,80.2009429932,23956,23966,10
13.0046596527,80.201171875,23966,23976,10
13.005399704,80.2016372681,23976,23986,10
13.0060100555,80.2025375366,23986,23996,10
13.006649971,80.2032699585,23996,24006,10
13.0074501038,80.2036514282,24006,24016,10
13.0082302094,80.2036514282,24016,24027,11
13.0081996918,80.2028503418,24027,24037,10
13.0075798035,80.2033615112,24037,24047,10
13.0076704025,80.2044677734,24047,24057,10
13.0076904297,80.2054672241,24057,24067,10
13.0078296661,80.2065734863,24067,24077,10
13.0079698563,80.2075881958,24077,24087,10
13.0080900192,80.2084732056,24087,24097,10
13.0082197189,80.2093582153,24097,24107,10
13.0085096359,80.2101593018,24107,24116,9
13.0090398788,80.2108001709,24116,24148,32
13.0093803406,80.2109909058,24148,24178,30
13.0093803406,80.2109909058,24178,24188,10
13.0092096329,80.2112808228,24188,24198,10
13.0090799332,80.2116012573,24198,24208,10
13.0092000961,80.212020874,24208,24218,10
13.0094099045,80.2127227783,24218,24229,11
13.0096702576,80.2133789063,24229,24239,10
13.0099201202,80.2139892578,24239,24249,10
13.0101604462,80.2146606445,24249,24259,10
13.0102796555,80.2154922485,24259,24269,10
13.01060009,80.2163772583,24269,24279,10
13.0110301971,80.2173080444,24279,24289,10
13.0114603043,80.2183685303,24289,24299,10
13.0118703842,80.2195892334,24299,24309,10
13.0122203827,80.2207336426,24309,24319,10
13.0124397278,80.221496582,24319,24329,10
13.0126304626,80.2220077515,24329,24340,11
13.0131597519,80.222618103,24340,24350,10
13.0137395859,80.2232437134,24350,24360,10
13.0141801834,80.2237167358,24360,24370,10
13.0145101547,80.2241287231,24370,24380,10
13.0149402618,80.2246017456,24380,24390,10
13.0151395798,80.2247924805,24390,24400,10
13.0153999329,80.2250671387,24400,24410,10
13.0153999329,80.2255401611,24410,24420,10
13.0149898529,80.2258987427,24420,24430,10
13.0142602921,80.2262191772,24430,24441,11
13.0132904053,80.2266235352,24441,24451,10
13.0122995377,80.2270202637,24451,24461,10
13.0112304688,80.2274475098,24461,24471,10
13.0101499557,80.2278671265,24471,24481,10
13.0095901489,80.2275466919,24481,24491,10
13.0098695755,80.2270126343,24491,24501,10
13.0101604462,80.2262496948,24501,24511,10
13.0104703903,80.2254486084,24511,24521,10
13.0107898712,80.2246627808,24521,24531,10
13.0110998154,80.2238006592,24531,24540,9
13.0112199783,80.223197937,24540,24552,12
13.0104703903,80.2227706909,24552,24562,10
13.0096998215,80.2223434448,24562,24572,10
13.0090904236,80.2220077515,24572,24582,10
13.0087795258,80.221862793,24582,24592,10
13.0082502365,80.221572876,24592,24602,10
13.0076904297,80.221282959,24602,24612,10
13.007060051,80.2209320068,24612,24622,10
13.0062503815,80.2205886841,24622,24632,10
13.0053596497,80.2203674316,24632,24642,10
13.0043401718,80.2201766968,24642,24653,11
13.0032196045,80.2199935913,24653,24663,10
13.0022602081,80.2193603516,24663,24673,10
13.0014896393,80.2185897827,24673,24683,10
13.0005598068,80.2179336548,24683,24693,10
12.999540329,80.2172698975,24693,24703,10
12.9984798431,80.2167510986,24703,24713,10
12.9973497391,80.2165374756,24713,24723,10
12.9963798523,80.216583252,24723,24733,10
12.9954395294,80.2168731689,24733,24743,10
12.9947099686,80.2173690796,24743,24753,10
12.9939403534,80.2179107666,24753,24764,11
12.993060112,80.2186126709,24764,24774,10
12.9921798706,80.2193069458,24774,24784,10
12.9914999008,80.2195892334,24784,24794,10
12.9908704758,80.2193832397,24794,24804,10
12.9899997711,80.2190628052,24804,24814,10
12.9889802933,80.2186813354,24814,24824,10
12.9879598618,80.218421936,24824,24834,10
12.9872598648,80.2182922363,24834,24844,10
12.9866199493,80.2181472778,24844,24854,10
12.9859199524,80.2179794312,24854,24865,11
12.9849004745,80.2178878784,24865,24875,10
12.9838895798,80.2179107666,24875,24885,10
12.9829101563,80.2179489136,24885,24895,10
12.9819002151,80.2179794312,24895,24905,10
12.981010437,80.2181625366,24905,24915,10
12.9801397324,80.2184677124,24915,24925,10
12.9794301987,80.2187728882,24925,24935,10
12.9788703918,80.2190093994,24935,24945,10
12.9784803391,80.2191772461,24945,24955,10
12.9778203964,80.2194519043,24955,24966,11
12.9768104553,80.2198562622,24966,24976,10
12.9759502411,80.2202529907,24976,24986,10
12.9755601883,80.220703125,24986,24996,10
12.9756002426,80.2208023071,24996,25006,10
12.9757499695,80.2209777832,25006,25016,10
12.9762001038,80.2211837769,25016,25198,182
12.9765100479,80.2212295532,25198,25430,232
12.9765100479,80.2212295532,25430,25440,10
12.9767398834,80.221206665,25440,25450,10
12.9769897461,80.221206665,25450,25460,10
12.9774103165,80.2211914063,25460,25470,10
12.9778604507,80.2211685181,25470,25480,10
12.9783000946,80.2211380005,25480,25490,10
12.9787101746,80.2211227417,25490,25501,11
12.9791698456,80.2210998535,25501,25511,10
12.9797697067,80.2210617065,25511,25521,10
12.980509758,80.2210006714,25521,25531,10
12.9811697006,80.2211303711,25531,25541,10
12.981880188,80.2215118408,25541,25551,10
12.982749939,80.2218933105,25551,25571,20
12.982749939,80.2218933105,25571,25581,10
12.9831399918,80.222076416,25581,25590,9
12.9833498001,80.2222595215,25590,25602,12
12.9837598801,80.2225265503,25602,25612,10
12.9842596054,80.2228393555,25612,25622,10
12.9850101471,80.2231826782,25622,25632,10
12.9854898453,80.2231216431,25632,25642,10
12.9860095978,80.2229385376,25642,25652,10
12.9864397049,80.2229537964,25652,25662,10
12.9866399765,80.2229690552,25662,25672,10
12.9869003296,80.2230300903,25672,25682,10
12.9873504639,80.2230682373,25682,25692,10
12.9879398346,80.2228164673,25692,25702,10
12.9886198044,80.2223129272,25702,25713,11
12.9892501831,80.2215805054,25713,25723,10
12.989979744,80.2208023071,25723,25733,10
12.9908504486,80.2201309204,25733,25743,10
12.9915103912,80.2195968628,25743,25753,10
12.9921998978,80.2191085815,25753,25763,10
12.9929599762,80.2185287476,25763,25773,10
12.9937801361,80.217880249,25773,25783,10
12.9945697784,80.217338562,25783,25793,10
12.9952697754,80.2168731689,25793,25802,9
12.9959697723,80.2166290283,25802,25814,12
12.997010231,80.2164764404,25814,25824,10
12.9974498749,80.2162094116,25824,25834,10
12.9975996017,80.2160797119,25834,25844,10
12.9977397919,80.2159576416,25844,25854,10
12.9980802536,80.2156295776,25854,25864,10
12.9985303879,80.2152862549,25864,25874,10
12.9990997314,80.2147979736,25874,25884,10
12.9993095398,80.2146224976,25884,25894,10
12.9997301102,80.2142791748,25894,25904,10
13.000120163,80.2139205933,25904,25914,10
13.0006198883,80.2134628296,25914,25925,11
13.0012798309,80.212928772,25925,25935,10
13.0019397736,80.2124176025,25935,25945,10
13.0027999878,80.2121124268,25945,25955,10
13.0036296844,80.2119216919,25955,25975,20
13.0036296844,80.2119216919,25975,25985,10
13.0037202835,80.2116775513,25985,25995,10
13.0037202835,80.2112808228,25995,26005,10
13.0036802292,80.2107315063,26005,26014,9
13.0036096573,80.2102584839,26014,26026,12
13.0035495758,80.2095794678,26026,26036,10
13.0036802292,80.2088699341,26036,26046,10
13.0042695999,80.2087173462,26046,26056,10
13.005200386,80.2091522217,26056,26066,10
13.0062398911,80.2095184326,26066,26076,10
13.0069103241,80.2097396851,26076,26086,10
13.0073795319,80.2098236084,26086,26096,10
13.0074396133,80.2098312378,26096,26106,10
13.0075502396,80.2098770142,26106,26116,10
13.0078601837,80.2099609375,26116,26127,11
13.0081501007,80.2100067139,26127,26137,10
13.0081396103,80.2096633911,26137,26147,10
13.0079898834,80.2090530396,26147,26157,10
13.0078802109,80.2081298828,26157,26167,10
13.0077104568,80.20703125,26167,26177,10
13.0075597763,80.205909729,26177,26187,10
13.0075302124,80.2049102783,26187,26197,10
13.0075101852,80.2040100098,26197,26207,10
13.0073604584,80.2031173706,26207,26217,10
13.0069303513,80.2025299072,26217,26227,10
13.0065603256,80.2030410767,26227,26238,11
13.0070199966,80.203453064,26238,26248,10
13.0076799393,80.2036819458,26248,26258,10
13.008600235,80.2036972046,26258,26268,10
13.0098600388,80.2036437988,26268,26278,10
13.0113697052,80.2037124634,26278,26288,10
13.0129404068,80.2039489746,26288,26298,10
13.0141096115,80.2043228149,26298,26308,10
13.0149803162,80.2045974731,26308,26318,10
13.0150899887,80.2046432495,26318,26328,10
13.01541996,80.2048034668,26328,26339,11
13.0160598755,80.2050628662,26339,26349,10
13.0165596008,80.2051620483,26349,26359,10
13.0174303055,80.2054595947,26359,26369,10
13.0183601379,80.2057876587,26369,26379,10
13.0186300278,80.205909729,26379,26389,10
13.0187902451,80.2059783936,26389,26399,10
13.019200325,80.2061462402,26399,26409,10
13.0199403763,80.2062606812,26409,26419,10
13.0207700729,80.2062835693,26419,26429,10
13.0218296051,80.2063674927,26429,26439,10
13.0228900909,80.2065429688,26439,26450,11
13.0241203308,80.206703186,26450,26460,10
13.0252504349,80.2070007324,26460,26470,10
13.0263500214,80.2075195313,26470,26480,10
13.0274600983,80.2081375122,26480,26490,10
13.0284900665,80.2085723877,26490,26500,10
13.0293798447,80.2088012695,26500,26510,10
13.0300798416,80.2089996338,26510,26520,10
13.0300998688,80.2090072632,26520,26530,10
13.0304002762,80.2090835571,26530,26539,9
13.0309200287,80.2092208862,26539,26551,12
13.031539917,80.2094268799,26551,26561,10
13.0315904617,80.209487915,26561,26571,10
13.0318403244,80.2095870972,26571,26581,10
13.0324201584,80.2096710205,26581,26591,10
13.0332403183,80.2097625732,26591,26601,10
13.0342197418,80.2099380493,26601,26611,10
13.0349903107,80.2101821899,26611,26621,10
13.0349702835,80.2105484009,26621,26631,10
13.0349998474,80.2110519409,26631,26641,10
13.0349903107,80.2112197876,26641,26651,10
13.0349798203,80.2114181519,26651,26662,11
13.0348796844,80.2116622925,26662,26672,10
13.0349702835,80.212020874,26672,26682,10
13.0356702805,80.2121582031,26682,26692,10
13.036529541,80.2122192383,26692,26702,10
13.0377502441,80.2122497559,26702,26712,10
13.0389499664,80.2122268677,26712,26722,10
13.0401697159,80.212272644,26722,26732,10
13.0414495468,80.2123031616,26732,26742,10
13.0427398682,80.2122497559,26742,26752,10
13.043680191,80.2122573853,26752,26763,11
13.0439996719,80.2123031616,26763,26773,10
13.0444097519,80.2123336792,26773,26783,10
13.0447702408,80.2123413086,26783,26793,10
13.0453796387,80.2123184204,26793,26803,10
13.046210289,80.2122879028,26803,26813,10
13.0472002029,80.2122192383,26813,26823,10
13.0481004715,80.2120895386,26823,26833,10
13.048500061,80.2120513916,26833,26843,10
13.0485095978,80.2120513916,26843,26853,10
13.0486803055,80.2120666504,26853,26863,10
13.0491800308,80.212020874,26863,26874,11
13.0497703552,80.2119369507,26874,26884,10
13.0500602722,80.2119369507,26884,26894,10
13.0504999161,80.2119903564,26894,26904,10
13.0509901047,80.212020874,26904,26914,10
13.0521001816,80.2119369507,26914,26924,10
13.05327034,80.2117080688,26924,26934,10
13.054309845,80.21144104,26934,26944,10
13.0550298691,80.2114181519,26944,26954,10
13.0559597015,80.2114486694,26954,26964,10
13.0570802689,80.21144104,26964,26975,11
13.0577602386,80.2114562988,26975,26985,10
13.0580101013,80.2114715576,26985,26995,10
13.0585899353,80.211479187,26995,27005,10
13.0593700409,80.211517334,27005,27015,10
13.0603704453,80.2115783691,27015,27025,10
13.0614404678,80.2116165161,27025,27035,10
13.0622701645,80.2116088867,27035,27044,9
13.0629901886,80.2115631104,27044,27055,11
13.0631904602,80.2115402222,27055,27065,10
13.0635700226,80.2115020752,27065,27075,10
13.0642404556,80.2114105225,27075,27086,11
13.0651502609,80.2110214233,27086,27096,10
13.066069603,80.2103118896,27096,27106,10
13.0669603348,80.2095336914,27106,27116,10
13.0676298141,80.208442688,27116,27126,10
13.0683097839,80.2073669434,27126,27136,10
13.0689201355,80.206451416,27136,27146,10
13.0694599152,80.2055587769,27146,27156,10
13.0697202682,80.2050018311,27156,27166,10
13.0697097778,80.2049865723,27166,27176,10
13.0696296692,80.2048187256,27176,27187,11
13.0693397522,80.2049484253,27187,27197,10
13.0690402985,80.2053604126,27197,27207,10
13.0687904358,80.2048797607,27207,27308,101
13.0687904358,80.2048797607,27308,27318,10
13.0692195892,80.2047195435,27318,27328,10
13.0694704056,80.2047576904,27328,27348,20
13.0694704056,80.2047576904,27348,27358,10
13.0696697235,80.204826355,27358,27367,9
13.0699100494,80.2048492432,27367,27378,11
13.0702295303,80.2044677734,27378,27388,10
13.0706701279,80.203918457,27388,27399,11
13.0712995529,80.2032012939,27399,27409,10
13.0717201233,80.2026824951,27409,27419,10
13.0720300674,80.2022628784,27419,27469,50
13.0720300674,80.2022628784,27469,27479,10
13.0722398758,80.2021179199,27479,27489,10
13.0723896027,80.2019805908,27489,27498,9
13.0725898743,80.2017364502,27498,27510,12
13.07310009,80.2011489868,27510,27520,10
13.0735998154,80.2005996704,27520,27530,10
13.0740995407,80.200012207,27530,27540,10
13.0744495392,80.1995773315,27540,27550,10
13.0744800568,80.1995391846,27550,27560,10
13.0745801926,80.1994476318,27560,27570,10
13.0747404099,80.1993103027,27570,27579,9
13.0751800537,80.1991424561,27579,27590,11
13.0760202408,80.1990585327,27590,27600,10
13.0770301819,80.1989898682,27600,27611,11
13.0783195496,80.1988296509,27611,27621,10
13.0794401169,80.1987075806,27621,27631,10
13.0805301666,80.1986236572,27631,27641,10
13.0813398361,80.1985778809,27641,27651,10
13.0822296143,80.1985321045,27651,27661,10
13.0829296112,80.1984710693,27661,27671,10
13.0833902359,80.1984786987,27671,27681,10
13.0836801529,80.1984710693,27681,27691,10
13.0839595795,80.1984863281,27691,27701,10
13.0842399597,80.1985092163,27701,27711,10
13.0846204758,80.1985321045,27711,27722,11
13.0851297379,80.1985015869,27722,27732,10
13.0856895447,80.1984329224,27732,27742,10
13.086350441,80.1984329224,27742,27752,10
13.0869197845,80.1984024048,27752,27762,10
13.0871601105,80.1982116699,27762,27772,10
13.087220192,80.198097229,27772,27782,10
13.0872497559,80.1976013184,27782,27792,10
13.0872402191,80.1969909668,27792,27802,10
13.0872297287,80.1961669922,27802,27812,10
13.0872297287,80.1952209473,27812,27823,11
13.0872297287,80.1940383911,27823,27833,10
13.0872497559,80.1931381226,27833,27843,10
13.0872802734,80.1927032471,27843,27853,10
13.0873603821,80.1920471191,27853,27863,10
13.0874700546,80.1912307739,27863,27873,10
13.0875997543,80.1902999878,27873,27883,10
13.0876598358,80.1893386841,27883,27893,10
13.0876703262,80.1890716553,27893,27903,10
13.0876998901,80.1889724731,27903,27913,10
13.0877304077,80.1885375977,27913,27923,10
13.087770462,80.187789917,27923,27934,11
13.0878295898,80.1868362427,27934,27944,10
13.0878601074,80.1858215332,27944,27954,10
13.0879096985,80.1847381592,27954,27964,10
13.0879602432,80.1835479736,27964,27974,10
13.0880203247,80.1823577881,27974,27984,10
13.0880699158,80.181312561,27984,27994,10
13.0881099701,80.1800765991,27994,28004,10
13.0880899429,80.1790084839,28004,28014,10
13.0880899429,80.1787567139,28014,28024,10
13.088139534,80.1786193848,28024,28035,11
13.0881204605,80.1781311035,28035,28045,10
13.0881299973,80.1774215698,28045,28055,10
13.0881900787,80.1765289307,28055,28065,10
13.0882701874,80.1754684448,28065,28075,10
13.0883398056,80.1744537354,28075,28085,10
13.0884304047,80.1735305786,28085,28095,10
13.088470459,80.172492981,28095,28105,10
13.0884799957,80.1718826294,28105,28115,10
13.0884895325,80.171836853,28115,28125,10
13.0884895325,80.1716308594,28125,28134,9
13.0885400772,80.171257019,28134,28146,12
13.0886001587,80.1703796387,28146,28156,10
13.088640213,80.1696166992,28156,28166,10
13.0890398026,80.1694564819,28166,28176,10
13.0897903442,80.1695480347,28176,28186,10
13.0907402039,80.1696166992,28186,28196,10
13.0918903351,80.1696929932,28196,28206,10
13.0931196213,80.1697769165,28206,28216,10
13.0942296982,80.1698303223,28216,28226,10
13.0947399139,80.1698684692,28226,28236,10
13.0947904587,80.169883728,28236,28247,11
13.0950403214,80.1698989868,28247,28257,10
13.0953998566,80.169921875,28257,28267,10
13.0960502625,80.1699295044,28267,28277,10
13.0969600677,80.1699829102,28277,28287,10
13.0979299545,80.1700286865,28287,28297,10
13.0993099213,80.1700973511,28297,28317,20
13.0993099213,80.1700973511,28317,28327,10
13.099439621,80.1700897217,28327,28337,10
13.0997400284,80.169883728,28337,28418,81
13.0997400284,80.169883728,28418,28428,10
13.0994195938,80.169631958,28428,28438,10
13.0991897583,80.1696014404,28438,28448,10
13.0989198685,80.1696395874,28448,28459,11
13.0986299515,80.169883728,28459,28469,10
13.0984201431,80.169593811,28469,28479,10
13.0985898972,80.1693725586,28479,28489,10
13.0988998413,80.1694564819,28489,28499,10
13.0991601944,80.1695327759,28499,29175,676
13.0992803574,80.1695785522,29175,29216,41
13.0993700027,80.1696395874,29216,29276,60
13.0996303558,80.169708252,29276,29367,91
13.0996303558,80.169708252,29367,29377,10
13.0998802185,80.169883728,29377,29387,10
13.0998296738,80.1700820923,29387,29397,10
13.099729538,80.170249939,29397,29407,10
13.099439621,80.1702194214,29407,29428,21
13.099439621,80.1702194214,29428,29438,10
13.0992202759,80.1701889038,29438,29448,10
13.0987997055,80.170173645,29448,29458,10
13.098110199,80.1701278687,29458,29468,10
13.0972099304,80.1700820923,29468,29478,10
13.0961399078,80.1700286865,29478,29488,10
13.0952301025,80.1699523926,29488,29498,10
13.0948495865,80.169921875,29498,29508,10
13.0945396423,80.169883728,29508,29519,11
13.0942497253,80.1698608398,29519,29529,10
13.0938196182,80.1698532104,29529,29539,10
13.0930500031,80.1698074341,29539,29549,10
13.0919799805,80.1697463989,29549,29559,10
13.0909404755,80.1696777344,29559,29569,10
13.0898704529,80.1696166992,29569,29579,10
13.0889501572,80.1695785522,29579,29589,10
13.0887203217,80.1697769165,29589,29599,10
13.0886898041,80.1703033447,29599,29609,10
13.0886602402,80.1710510254,29609,29619,10
13.088640213,80.1717681885,29619,29630,11
13.088640213,80.1719207764,29630,29640,10
13.0886201859,80.1722335815,29640,29650,10
13.0885801315,80.1728134155,29650,29660,10
13.0885400772,80.1736526489,29660,29670,10
13.088470459,80.1746368408,29670,29680,10
13.0883903503,80.1756820679,29680,29690,10
13.0883197784,80.1768569946,29690,29700,10
13.0882997513,80.1777572632,29700,29710,10
13.0883197784,80.1784973145,29710,29720,10
13.0883197784,80.1785736084,29720,29730,10
13.0883197784,80.1789016724,29730,29741,11
13.0882902145,80.1795883179,29741,29751,10
13.0882701874,80.1804428101,29751,29761,10
13.0882301331,80.1815032959,29761,29771,10
13.0881996155,80.1824417114,29771,29781,10
13.0880804062,80.1845321655,29781,29791,10
13.0880804062,80.1845321655,29791,29801,10
13.0880403519,80.1854171753,29801,29811,10
13.0877599716,80.1904220581,29811,29881,70
13.0877599716,80.1904220581,29881,29900,19
13.0875597,80.1918411255,29900,29911,11
13.0874795914,80.1925582886,29911,29921,10
13.0874204636,80.1930389404,29921,29931,10
13.0874099731,80.1937789917,29931,29940,9
13.0874004364,80.1945877075,29940,29952,12
13.0873603821,80.1957702637,29952,29962,10
13.0873203278,80.196762085,29962,29972,10
13.0873203278,80.1974487305,29972,29982,10
13.0873203278,80.1975021362,29982,29992,10
13.0873003006,80.1978378296,29992,30002,10
13.0873498917,80.1983795166,30002,30012,10
13.0876302719,80.1984405518,30012,30022,10
13.0880899429,80.1983795166,30022,30032,10
13.0886297226,80.198387146,30032,30042,10
13.0894002914,80.1984634399,30042,30053,11
13.0902395248,80.1985321045,30053,30063,10
13.0911102295,80.1985778809,30063,30073,10
13.0920095444,80.1986465454,30073,30083,10
13.0928602219,80.1986465454,30083,30093,10
13.0930595398,80.1987991333,30093,30103,10
13.0930404663,80.1992034912,30103,30113,10
13.0929899216,80.1998901367,30113,30123,10
13.0929403305,80.2004928589,30123,30133,10
13.0927801132,80.200592041,30133,30143,10
13.0924701691,80.200592041,30143,30153,10
13.0918798447,80.2006225586,30153,30164,11
13.0908498764,80.200592041,30164,30174,10
13.0899000168,80.2005691528,30174,30184,10
13.0890903473,80.2005767822,30184,30194,10
13.0879898071,80.2005233765,30194,30204,10
13.0872001648,80.2004776001,30204,30214,10
13.086520195,80.2004165649,30214,30224,10
13.0857801437,80.200378418,30224,30234,10
13.0854301453,80.2003173828,30234,30244,10
13.0853595734,80.1999282837,30244,30254,10
13.0853395462,80.1993103027,30254,30265,11
13.0852098465,80.1986999512,30265,30275,10
13.0848798752,80.198677063,30275,30285,10
13.0844497681,80.1986618042,30285,30295,10
13.0843696594,80.1986618042,30295,30305,10
13.0840597153,80.1986465454,30305,30315,10
13.0832796097,80.198638916,30315,30345,30
13.0832796097,80.198638916,30345,30355,10
13.083029747,80.1986236572,30355,30365,10
13.0827999115,80.1986312866,30365,30376,11
13.082400322,80.198638916,30376,30386,10
13.0818004608,80.1986694336,30386,30396,10
13.0810699463,80.198677063,30396,30406,10
13.0802097321,80.1987228394,30406,30416,10
13.0793104172,80.1987991333,30416,30426,10
13.0783700943,80.1988983154,30426,30436,10
13.0773296356,80.1990203857,30436,30446,10
13.0762395859,80.1991500854,30446,30456,10
13.0753097534,80.1993179321,30456,30466,10
13.0744695663,80.1997375488,30466,30476,10
13.073849678,80.2003707886,30476,30497,21
13.073849678,80.2003707886,30497,30507,10
13.073679924,80.2005462646,30507,30517,10
13.0735702515,80.2006378174,30517,30527,10
13.0732803345,80.2009963989,30527,30537,10
13.0727796555,80.2016220093,30537,30547,10
13.0723104477,80.2022018433,30547,30557,10
13.0717000961,80.2028579712,30557,30567,10
13.0710201263,80.2036437988,30567,30577,10
13.0703697205,80.2044372559,30577,30588,11
13.0700597763,80.2049102783,30588,30598,10
13.0699501038,80.2050628662,30598,30608,10
13.0697898865,80.205078125,30608,30618,10
13.069560051,80.2049102783,30618,30628,10
13.0692796707,80.2049636841,30628,30638,10
13.069029808,80.2053375244,30638,30648,10
13.0690002441,80.205368042,30648,30658,10
13.0688199997,80.2054367065,30658,30668,10
13.0684700012,80.2054672241,30668,30678,10
13.0680398941,80.2051773071,30678,30699,21
13.0680303574,80.2050170898,30699,30789,90
13.06828022,80.2049026489,30789,30830,41
13.06828022,80.2049026489,30830,30840,10
13.0685596466,80.204826355,30840,30850,10
13.0687599182,80.204750061,30850,30860,10
13.0690898895,80.2046890259,30860,30870,10
13.0694799423,80.2047271729,30870,30880,10
13.0697402954,80.2047805786,30880,30890,10
13.0697698593,80.2048034668,30890,30900,10
13.0699195862,80.2049789429,30900,30911,11
13.069849968,80.205291748,30911,30921,10
13.0695295334,80.2057876587,30921,30931,10
13.0691003799,80.206489563,30931,30941,10
13.0685901642,80.207321167,30941,30951,10
13.0680103302,80.2082595825,30951,30961,10
13.0673704147,80.2092666626,30961,30971,10
13.0664997101,80.2102127075,30971,30981,10
13.0653295517,80.2112121582,30981,31001,20
13.0653295517,80.2112121582,31001,31010,9
13.0649900436,80.2113265991,31010,31022,12
13.0643701553,80.2115631104,31022,31032,10
13.0640602112,80.2116622925,31032,31042,10
13.0636796951,80.2117233276,31042,31052,10
13.0630397797,80.2117614746,31052,31062,10
13.0625495911,80.211769104,31062,31072,10
13.0618801117,80.2116165161,31072,31082,10
13.0606403351,80.2116394043,31082,31092,10
13.0596399307,80.2114334106,31092,31102,10
13.0580797195,80.211517334,31102,31123,21
13.0580797195,80.211517334,31123,31133,10
13.0576000214,80.2116165161,31133,31143,10
13.0570802689,80.2115478516,31143,31153,10
13.0563001633,80.2114868164,31153,31163,10
13.0553703308,80.2114715576,31163,31173,10
13.0543498993,80.2115707397,31173,31183,10
13.0533704758,80.211769104,31183,31193,10
13.0523300171,80.2121505737,31193,31203,10
13.0513801575,80.2121887207,31203,31213,10
13.0507001877,80.2123413086,31213,31223,10
13.0498695374,80.2122268677,31223,31254,31
13.0498695374,80.2122268677,31254,31264,10
13.0494604111,80.2121505737,31264,31274,10
13.0489997864,80.2121505737,31274,31284,10
13.0482702255,80.2121963501,31284,31294,10
13.0474004745,80.2122802734,31294,31304,10
13.0463104248,80.2123413086,31304,31314,10
13.04529953,80.2124328613,31314,31324,10
13.0447502136,80.2124404907,31324,31375,51
13.0447502136,80.2124404907,31375,31385,10
13.0445098877,80.2123031616,31385,31395,10
13.0442199707,80.2124633789,31395,31405,10
13.0435400009,80.2124176025,31405,31415,10
13.0426101685,80.2123794556,31415,31425,10
13.0416498184,80.2124099731,31425,31435,10
13.0409002304,80.212677002,31435,31446,11
13.039150238,80.2124023438,31446,31456,10
13.0381603241,80.2123413086,31456,31466,10
13.0376195908,80.2123565674,31466,31486,20
13.0376195908,80.2123565674,31486,31496,10
13.037150383,80.2123184204,31496,31506,10
13.0365896225,80.2123565674,31506,31516,10
13.0358695984,80.212387085,31516,31526,10
13.0352602005,80.2123336792,31526,31536,10
13.034819603,80.2122573853,31536,31547,11
13.0343999863,80.2121810913,31547,31567,20
13.0343999863,80.2121810913,31567,31577,10
13.0341796875,80.212097168,31577,31587,10
13.0337696075,80.2120437622,31587,31597,10
13.033080101,80.2118988037,31597,31607,10
13.0323400497,80.211807251,31607,31617,10
13.0321102142,80.2112808228,31617,31627,10
13.0321397781,80.2104721069,31627,31637,10
13.0320997238,80.2097473145,31637,31647,10
13.0315599442,80.2095184326,31647,31658,11
13.0309696198,80.2093200684,31658,31668,10
13.0308504105,80.2093276978,31668,31678,10
13.0305099487,80.2092285156,31678,31688,10
13.0300397873,80.2090682983,31688,31698,10
13.029709816,80.2089920044,31698,31708,10
13.0293598175,80.2088775635,31708,31718,10
13.0291700363,80.2088012695,31718,31728,10
13.0287399292,80.2087402344,31728,31738,10
13.0280303955,80.2085494995,31738,31748,10
13.0275201797,80.2082824707,31748,31759,11
13.0268602371,80.2078704834,31759,31769,10
13.0260896683,80.2074127197,31769,31779,10
13.0250902176,80.2070007324,31779,31789,10
13.024020195,80.206741333,31789,31799,10
13.0228500366,80.2064819336,31799,31809,10
13.0217103958,80.2063293457,31809,31819,10
13.0204601288,80.2064208984,31819,31829,10
13.0191802979,80.2063369751,31829,31859,30
13.0191802979,80.2063369751,31859,31870,11
13.018699646,80.2062225342,31870,31880,10
13.0180196762,80.2059631348,31880,31890,10
13.0172195435,80.2056274414,31890,31900,10
13.016409874,80.2051315308,31900,31910,10
13.01541996,80.2047805786,31910,31920,10
13.0143604279,80.2045593262,31920,31930,10
13.0137901306,80.2044296265,31930,31940,10
13.0136995316,80.2044296265,31940,31950,10
13.0135602951,80.2046279907,31950,31960,10
13.013469696,80.2050170898,31960,31969,9
13.0133495331,80.2055282593,31969,31981,12
13.013130188,80.2065124512,31981,31991,10
13.0130300522,80.2074584961,31991,32001,10
13.0129404068,80.2080001831,32001,32011,10
13.0128898621,80.2085113525,32011,32021,10
13.0128898621,80.2088165283,32021,32031,10
13.0129098892,80.2092514038,32031,32041,10
13.0131101608,80.2097091675,32041,32051,10
13.0131101608,80.2103881836,32051,32061,10
13.0128297806,80.2112579346,32061,32071,10
13.0124397278,80.2120666504,32071,32082,11
13.0119495392,80.2127990723,32082,32092,10
13.0117502213,80.2127685547,32092,32102,10
13.0114603043,80.2125167847,32102,32112,10
13.010890007,80.2121124268,32112,32122,10
13.0103597641,80.2117614746,32122,32132,10
13.0101099014,80.2115020752,32132,32142,10
13.0097198486,80.2112503052,32142,32181,39
13.0097198486,80.2112503052,32181,32193,12
13.0094203949,80.2109832764,32193,32203,10
13.0092697144,80.2111587524,32203,32213,10
13.0091600418,80.2113418579,32213,32223,10
13.0091295242,80.211730957,32223,32233,10
13.0093002319,80.2123336792,32233,32243,10
13.0095300674,80.2130203247,32243,32253,10
13.0097904205,80.2137069702,32253,32263,10
13.0100803375,80.2144012451,32263,32273,10
13.0102100372,80.2151870728,32273,32283,10
13.0104503632,80.2160568237,32283,32294,11
13.0109395981,80.2171401978,32294,32304,10
13.0113801956,80.2182312012,32304,32314,10
13.0117301941,80.2194366455,32314,32323,9
13.012140274,80.2205505371,32323,32334,11
13.0123195648,80.2213516235,32334,32344,10
13.0125102997,80.2218780518,32344,32354,10
13.0131196976,80.2225112915,32354,32364,10
13.0137796402,80.2232208252,32364,32374,10
13.0141401291,80.2237625122,32374,32384,10
13.0146398544,80.2242889404,32384,32394,10
13.0149803162,80.2246627808,32394,32405,11
13.0152196884,80.2249984741,32405,32415,10
13.0152902603,80.2250823975,32415,32425,10
13.0154104233,80.2253723145,32425,32435,10
13.0153598785,80.2256088257,32435,32445,10
13.0151901245,80.2257995605,32445,32455,10
13.0151700974,80.2258224487,32455,32465,10
13.0149497986,80.225982666,32465,32475,10
13.0146503448,80.2260971069,32475,32485,10
13.0142297745,80.226272583,32485,32495,10
13.0136203766,80.2265167236,32495,32505,10
13.0128898621,80.2268066406,32505,32516,11
13.0119400024,80.227142334,32516,32526,10
13.0111703873,80.2272109985,32526,32536,10
13.0103998184,80.2274703979,32536,32546,10
13.0097799301,80.227432251,32546,32556,10
13.0098495483,80.2270126343,32556,32566,10
13.0101203918,80.226272583,32566,32576,10
13.0104503632,80.2254180908,32576,32586,10
13.0108203888,80.2244873047,32586,32596,10
13.0112199783,80.2235488892,32596,32606,10
13.0112199783,80.2230987549,32606,32617,11
13.0106401443,80.2228622437,32617,32627,10
13.009929657,80.2224578857,32627,32637,10
13.0091199875,80.2220077515,32637,32647,10
13.0084104538,80.2217025757,32647,32657,10
13.0076198578,80.2212677002,32657,32667,10
13.0068597794,80.2208328247,32667,32677,10
13.0060997009,80.2204971313,32677,32687,10
13.0051403046,80.2203903198,32687,32697,10
13.0043802261,80.220489502,32697,32707,10
13.0038099289,80.2208404541,32707,32717,10
13.0022602081,80.2194366455,32717,32728,11
13.0009899139,80.2181015015,32728,32738,10
12.9999599457,80.2174606323,32738,32747,9
12.9989700317,80.2169189453,32747,32758,11
12.9981803894,80.2167282104,32758,32768,10
12.9975404739,80.2166137695,32768,32778,10
12.9972696304,80.2165908813,32778,32788,10
12.996720314,80.2166671753,32788,32797,9
12.9960603714,80.2168197632,32797,32808,11
12.9951000214,80.2171096802,32808,32818,10
12.9944601059,80.2175369263,32818,32829,11
12.9937200546,80.218132019,32829,32839,10
12.9930496216,80.2187423706,32839,32849,10
12.9921798706,80.2192993164,32849,32859,10
12.9915399551,80.2196426392,32859,32869,10
12.9912700653,80.219581604,32869,32879,10
12.9910898209,80.2195129395,32879,32889,10
12.9909601212,80.2194290161,32889,32899,10
12.9905796051,80.2193603516,32899,32909,10
12.9898500443,80.2190322876,32909,32919,10
12.9889698029,80.2186737061,32919,32929,10
12.9880399704,80.2184295654,32929,32940,11
12.9870700836,80.2182922363,32940,32960,20
12.9870700836,80.2182922363,32960,32970,10
12.9868297577,80.218208313,32970,32980,10
12.986410141,80.218132019,32980,32990,10
12.9855298996,80.2179412842,32990,33000,10
12.9840698242,80.2180023193,33000,33020,20
12.9840698242,80.2180023193,33020,33030,10
12.9837198257,80.2180099487,33030,33041,11
12.9831199646,80.217956543,33041,33051,10
12.982339859,80.217956543,33051,33061,10
12.9816703796,80.2180175781,33061,33071,10
12.9808702469,80.2182235718,33071,33081,10
12.9801502228,80.2184524536,33081,33091,10
12.9795999527,80.2186508179,33091,33101,10
12.9789896011,80.2188110352,33101,33111,10
12.9786596298,80.2189483643,33111,33121,10
12.9781599045,80.2191314697,33121,33131,10
12.9774999619,80.2193603516,33131,33141,10
12.9764900208,80.2199707031,33141,33152,11
12.9757099152,80.2202835083,33152,33172,20
12.9755401611,80.2205581665,33172,33202,30
12.9755401611,80.2205581665,33202,33212,10
12.9754495621,80.2207794189,33212,33242,30
12.9754495621,80.2207794189,33242,33252,10
12.9757604599,80.2209777832,33252,33414,162
12.9757604599,80.2209777832,33414,33424,10
12.976099968,80.2211303711,33424,33858,434
12.9760704041,80.2212982178,33858,34070,212
12.9761295319,80.2211608887,34070,34605,535
12.9760599136,80.2213516235,34605,34666,61
12.9760599136,80.2213516235,34666,34676,10
12.9762897491,80.2213973999,34676,34686,10
12.9766197205,80.2213592529,34686,34696,10
12.9771604538,80.221321106,34696,34706,10
12.9775896072,80.221282959,34706,34716,10
12.9780397415,80.2212219238,34716,34726,10
12.9785804749,80.2211608887,34726,34736,10
12.9791002274,80.2211227417,34736,34746,10
12.9795598984,80.2210922241,34746,34756,10
12.9801397324,80.2210464478,34756,34767,11
12.9807500839,80.220993042,34767,34777,10
12.9813098907,80.2210922241,34777,34787,10
12.981710434,80.2213592529,34787,34797,10
12.9821195602,80.2216186523,34797,34807,10
12.9824199677,80.2217407227,34807,34817,10
12.9826698303,80.2218093872,34817,34827,10
12.9827003479,80.2218170166,34827,34837,10
12.9828996658,80.2219390869,34837,34847,10
12.9832296371,80.2221221924,34847,34857,10
12.9835100174,80.2222824097,34857,34868,11
12.9839801788,80.2225418091,34868,34878,10
12.9844999313,80.222869873,34878,34888,10
12.9850702286,80.2231369019,34888,34898,10
12.9853601456,80.2232208252,34898,34908,10
12.9856500626,80.2230300903,34908,34918,10
12.9862003326,80.2229232788,34918,34928,10
12.986700058,80.2229614258,34928,34938,10
12.9871301651,80.2229995728,34938,34948,10
12.987660408,80.2229995728,34948,34958,10
12.9882698059,80.2226409912,34958,34967,9
12.9888601303,80.2220993042,34967,34979,12
12.9895296097,80.2212982178,34979,34989,10
12.9901695251,80.2205810547,34989,34999,10
12.9905395508,80.2202911377,34999,35009,10
12.9906797409,80.2201690674,35009,35019,10
12.9911003113,80.2198562622,35019,35029,10
12.9914798737,80.2195587158,35029,35039,10
12.9917602539,80.2193374634,35039,35049,10
12.9923095703,80.218963623,35049,35059,10
12.9929800034,80.2184829712,35059,35069,10
12.9937896729,80.2179031372,35069,35079,10
12.9945297241,80.217376709,35079,35090,11
12.9953403473,80.2168197632,35090,35100,10
12.9962396622,80.2165603638,35100,35110,10
12.9970302582,80.216468811,35110,35120,10
12.9973897934,80.2163467407,35120,35130,10
12.9977197647,80.2160186768,35130,35140,10
12.9979095459,80.2158432007,35140,35150,10
12.9981002808,80.215637207,35150,35160,10
12.9985704422,80.2152709961,35160,35170,10
12.9990797043,80.2148284912,35170,35180,10
12.9992799759,80.2146224976,35180,35191,11
12.9997196198,80.2142715454,35191,35201,10
13.000120163,80.2139129639,35201,35211,10
13.0006599426,80.2134170532,35211,35221,10
13.0012998581,80.2129211426,35221,35231,10
13.0019397736,80.2124481201,35231,35241,10
13.0025596619,80.2121582031,35241,35251,10
13.0031404495,80.2120819092,35251,35261,10
13.0035400391,80.2120285034,35261,35271,10
13.0037298203,80.2119293213,35271,35281,10
13.0037498474,80.2116394043,35281,35291,10
13.0037202835,80.2110977173,35291,35302,11
13.0036296844,80.2103729248,35302,35312,10
13.0035495758,80.2096633911,35312,35322,10
13.0036802292,80.2088699341,35322,35332,10
13.0042896271,80.2087173462,35332,35342,10
13.005200386,80.2091293335,35342,35352,10
13.0061502457,80.209487915,35352,35362,10
13.0070896149,80.2097167969,35362,35382,20
13.0070896149,80.2097167969,35382,35392,10
13.0074100494,80.2098388672,35392,35401,9
13.007900238,80.2099075317,35401,35413,12
13.008190155,80.2097396851,35413,35423,10
13.0080299377,80.2091827393,35423,35433,10
13.0078897476,80.2083816528,35433,35443,10
13.0077400208,80.2074203491,35443,35453,10
13.0075397491,80.2063903809,35453,35463,10
13.0074300766,80.2053527832,35463,35473,10
13.0074501038,80.2043380737,35473,35483,10
13.0073795319,80.2033920288,35483,35493,10
13.0070896149,80.2025604248,35493,35503,10
13.0065202713,80.202796936,35503,35514,11
13.0067996979,80.2033615112,35514,35524,10
13.0072898865,80.2035903931,35524,35534,10
13.0080499649,80.2037124634,35534,35544,10
13.009059906,80.2036514282,35544,35554,10
13.0103397369,80.2036209106,35554,35564,10
13.0116195679,80.2037200928,35564,35574,10
13.0129995346,80.2039413452,35574,35584,10
13.0140800476,80.2043304443,35584,35594,10
13.0150403976,80.2045974731,35594,35604,10
13.0151996613,80.2046508789,35604,35614,10
13.0155696869,80.2047805786,35614,35625,11
13.0161304474,80.2050476074,35625,35635,10
13.016289711,80.2052078247,35635,35645,10
13.0168800354,80.2054367065,35645,35655,10
13.017999649,80.2057418823,35655,35665,10
13.0186700821,80.2059173584,35665,35675,10
13.0187797546,80.2059707642,35675,35685,10
13.0191202164,80.2061080933,35685,35695,10
13.0197200775,80.206237793,35695,35705,10
13.0205001831,80.2062530518,35705,35715,10
13.0214395523,80.2062683105,35715,35725,10
13.022310257,80.2064285278,35725,35736,11
13.0235795975,80.2066421509,35736,35746,10
13.0244503021,80.2067184448,35746,35756,10
13.0245199203,80.2067337036,35756,35766,10
13.0248298645,80.206817627,35766,35776,10
13.0254297256,80.2069778442,35776,35786,10
13.0262403488,80.2072906494,35786,35796,10
13.0270204544,80.2077713013,35796,35806,10
13.0278596878,80.2082672119,35806,35816,10
13.0287103653,80.2085800171,35816,35826,10
13.0293703079,80.208732605,35826,35837,11
13.0301504135,80.2089691162,35837,35847,10
13.0311698914,80.2092285156,35847,35857,10
13.0316095352,80.2093734741,35857,35867,10
13.0316200256,80.2093734741,35867,35877,10
13.0319404602,80.2095184326,35877,35887,10
13.0323600769,80.209602356,35887,35897,10
13.0328197479,80.2096633911,35897,35907,10
13.0334300995,80.2098007202,35907,35917,10
13.0343503952,80.2099609375,35917,35927,10
13.0350799561,80.2101821899,35927,35937,10
13.0350103378,80.2105789185,35937,35948,11
13.0350103378,80.2110900879,35948,35958,10
13.0349502563,80.2111968994,35958,35968,10
13.0349302292,80.2115020752,35968,35978,10
13.034910202,80.2120437622,35978,35988,10
13.0355195999,80.2122192383,35988,35998,10
13.0363702774,80.2122421265,35998,36008,10
13.0368204117,80.2122573853,36008,36027,19
13.0368204117,80.2122573853,36027,36038,11
13.037150383,80.2122497559,36038,36048,10
13.0376596451,80.212272644,36048,36059,11
13.0385303497,80.2122573853,36059,36069,10
13.0394096375,80.212310791,36069,36079,10
13.0403900146,80.212310791,36079,36089,10
13.0415296555,80.2122879028,36089,36099,10
13.0426998138,80.2122497559,36099,36109,10
13.043510437,80.2121963501,36109,36119,10
13.0439796448,80.2122192383,36119,36210,91
13.0439796448,80.2122192383,36210,36220,10
13.0443000793,80.2122116089,36220,36230,10
13.0447502136,80.2122116089,36230,36240,10
13.0454797745,80.2121810913,36240,36250,10
13.0463199615,80.2121429443,36250,36260,10
13.0471696854,80.2121200562,36260,36271,11
13.0484895706,80.212020874,36271,36301,30
13.0484895706,80.212020874,36301,36311,10
13.0487804413,80.2120285034,36311,36321,10
13.049779892,80.2119369507,36321,36361,40
13.049779892,80.2119369507,36361,36372,11
13.0499401093,80.2119293213,36372,36382,10
13.0501499176,80.2119369507,36382,36392,10
13.0503902435,80.2119598389,36392,36402,10
13.0506801605,80.2120819092,36402,36412,10
13.051440239,80.2120513916,36412,36422,10
13.0526304245,80.2118835449,36422,36432,10
13.0538301468,80.2115478516,36432,36442,10
13.0545196533,80.2114028931,36442,36452,10
13.0545501709,80.2113876343,36452,36462,10
13.0548801422,80.2114028931,36462,36472,10
13.0553503036,80.21144104,36472,36483,11
13.0563001633,80.2114181519,36483,36493,10
13.0572395325,80.2114028931,36493,36503,10
13.0579099655,80.2114028931,36503,36523,20
13.0579099655,80.2114028931,36523,36533,10
13.0582704544,80.2114486694,36533,36543,10
13.0588903427,80.2114486694,36543,36553,10
13.0597600937,80.2114562988,36553,36563,10
13.0607404709,80.2114715576,36563,36572,9
13.06153965,80.211769104,36572,36583,11
13.0628299713,80.2116165161,36583,36594,11
13.0633001328,80.211517334,36594,36604,10
13.0633602142,80.2115097046,36604,36614,10
13.0637302399,80.2114715576,36614,36624,10
13.0640497208,80.2114562988,36624,36634,10
13.0646800995,80.2112426758,36634,36644,10
13.0654201508,80.2108001709,36644,36654,10
13.0662002563,80.2101593018,36654,36664,10
13.0670003891,80.2093276978,36664,36674,10
13.0676603317,80.2082824707,36674,36684,10
13.0683002472,80.2072372437,36684,36695,11
13.0691099167,80.2060089111,36695,36705,10
13.0696001053,80.2051696777,36705,36715,10
13.0696601868,80.2049636841,36715,36725,10
13.0695400238,80.2048110962,36725,36735,10
13.0692996979,80.2048416138,36735,36745,10
13.0690898895,80.2051773071,36745,36755,10
13.0689697266,80.205291748,36755,36765,10
13.0688199997,80.2052383423,36765,36856,91
13.0688199997,80.2052383423,36856,36866,10
13.0687398911,80.2048568726,36866,36876,10
13.0688199997,80.2046966553,36876,36886,10
13.0691099167,80.2046508789,36886,36896,10
13.0694103241,80.2047195435,36896,36906,10
13.0696296692,80.2047576904,36906,36917,11
13.070019722,80.2045822144,36917,36927,10
13.0704402924,80.2040634155,36927,36937,10
13.0709695816,80.203453064,36937,36947,10
13.0714502335,80.2028579712,36947,36957,10
13.0720300674,80.2021484375,36957,37007,50
13.0720300674,80.2021484375,37007,37017,10
13.0722198486,80.2019577026,37017,37028,11
13.0725803375,80.2015609741,37028,37038,10
13.0730199814,80.2010726929,37038,37048,10
13.0731801987,80.2008895874,37048,37058,10
13.0733098984,80.2007598877,37058,37068,10
13.0735998154,80.2004165649,37068,37078,10
13.0740499496,80.1999130249,37078,37088,10
13.0745201111,80.1994400024,37088,37098,10
13.0751800537,80.1990966797,37098,37108,10
13.0760602951,80.1990203857,37108,37118,10
13.0770597458,80.1989593506,37118,37129,11
13.0780496597,80.1988525391,37129,37139,10
13.0789499283,80.1987304688,37139,37149,10
13.0797901154,80.1986618042,37149,37159,10
13.0806598663,80.1985931396,37159,37169,10
13.0814399719,80.1985626221,37169,37179,10
13.0821504593,80.1985321045,37179,37189,10
13.0826597214,80.1984863281,37189,37199,10
13.0831203461,80.1985015869,37199,37209,10
13.0836296082,80.1984786987,37209,37219,10
13.0840501785,80.1984863281,37219,37228,9
13.0846204758,80.1985168457,37228,37240,12
13.0852003098,80.1985092163,37240,37250,10
13.0858602524,80.1984710693,37250,37260,10
13.086400032,80.1984405518,37260,37270,10
13.0866804123,80.1984786987,37270,37280,10
13.0869598389,80.1984405518,37280,37290,10
13.0870599747,80.1980209351,37290,37310,20
13.0870599747,80.1980209351,37310,37320,10
13.0871601105,80.1975784302,37320,37330,10
13.0871696472,80.1969528198,37330,37341,11
13.0871896744,80.1960601807,37341,37351,10
13.0872097015,80.1953430176,37351,37361,10
13.0872297287,80.194519043,37361,37371,10
13.0872097015,80.193572998,37371,37381,10
13.0872402191,80.1931304932,37381,37391,10
13.0872497559,80.1929168701,37391,37401,10
13.0872602463,80.1926727295,37401,37411,10
13.0873203278,80.1921920776,37411,37421,10
13.0873804092,80.1914901733,37421,37431,10
13.0874795914,80.190612793,37431,37441,10
13.0875997543,80.1897201538,37441,37452,11
13.0876197815,80.1891784668,37452,37462,10
13.0876197815,80.1891708374,37462,37472,10
13.0876998901,80.1888122559,37472,37482,10
13.0877304077,80.1885223389,37482,37492,10
13.0877399445,80.1884613037,37492,37502,10
13.087770462,80.1880264282,37502,37512,10
13.0877895355,80.1874237061,37512,37522,10
13.0878400803,80.1866073608,37522,37532,10
13.0878801346,80.1858062744,37532,37542,10
13.0878801346,80.1850967407,37542,37552,10
13.0878896713,80.1842575073,37552,37563,11
13.0878896713,80.1831817627,37563,37573,10
13.08796978,80.1820831299,37573,37583,10
13.0880403519,80.181098938,37583,37593,10
13.088060379,80.1802520752,37593,37603,10
13.0880804062,80.1798095703,37603,37613,10
13.0880899429,80.179359436,37613,37623,10
13.0880804062,80.1789627075,37623,37632,9
13.088060379,80.1786727905,37632,37643,11
13.0881099701,80.1784973145,37643,37653,10
13.0880804062,80.1780776978,37653,37664,11
13.0880699158,80.1773223877,37664,37674,10
13.0881500244,80.176399231,37674,37684,10
13.0882396698,80.1754074097,37684,37694,10
13.0883197784,80.1743621826,37694,37704,10
13.0884103775,80.173286438,37704,37713,9
13.0884599686,80.1723175049,37713,37724,11
13.0884504318,80.1717987061,37724,37734,10
13.0884799957,80.17162323,37734,37744,10
13.0885295868,80.1712036133,37744,37754,10
13.088549614,80.1705322266,37754,37764,10
13.0885696411,80.1698226929,37764,37775,11
13.0888204575,80.1694564819,37775,37785,10
13.0893602371,80.1695022583,37785,37795,10
13.0902004242,80.1695404053,37795,37805,10
13.0911998749,80.1696014404,37805,37815,10
13.0923404694,80.169670105,37815,37825,10
13.0935497284,80.1697387695,37825,37835,10
13.0945100784,80.1697387695,37835,37845,10
13.0948400497,80.1697998047,37845,37855,10
13.0950698853,80.1698303223,37855,37864,9
13.0953502655,80.1698608398,37864,37876,12
13.0961303711,80.1698913574,37876,37886,10
13.0970401764,80.169960022,37886,37896,10
13.0979404449,80.1699829102,37896,37906,10
13.0989599228,80.1700286865,37906,37916,10
13.0995597839,80.1700363159,37916,37926,10
13.0996799469,80.1698303223,37926,38027,101
13.0996799469,80.1698303223,38027,38037,10
13.099439621,80.1700897217,38037,38219,182
13.099439621,80.1700897217,38219,38229,10
13.0993995667,80.1702575684,38229,38239,10
13.0993900299,80.1702575684,38239,38249,10
13.0990800858,80.1702880859,38249,38259,10
13.0985097885,80.170249939,38259,38269,10
13.0977201462,80.1701583862,38269,38279,10
13.096739769,80.1700592041,38279,38289,10
13.0956697464,80.1699523926,38289,38299,10
13.094909668,80.1698913574,38299,38310,11
13.0945796967,80.169883728,38310,38320,10
13.0942401886,80.1698608398,38320,38330,10
13.093629837,80.1698303223,38330,38340,10
13.0928297043,80.169883728,38340,38350,10
13.0918302536,80.1697769165,38350,38360,10
13.0907297134,80.1696777344,38360,38370,10
13.089509964,80.1696090698,38370,38380,10
13.0887298584,80.1696472168,38380,38390,10
13.0886497498,80.1702728271,38390,38400,10
13.0886201859,80.1711578369,38400,38410,10
13.0885801315,80.1721801758,38410,38421,11
13.0884895325,80.1734237671,38421,38431,10
13.0884504318,80.1745681763,38431,38441,10
13.0883903503,80.175453186,38441,38451,10
13.0883302689,80.1765136719,38451,38461,10
13.0882902145,80.1774368286,38461,38471,10
13.0882301331,80.178352356,38471,38481,10
13.0882501602,80.1793365479,38481,38491,10
13.0882501602,80.1804199219,38491,38501,10
13.0881996155,80.181388855,38501,38510,9
13.0881204605,80.1831283569,38510,38522,12
13.0881204605,80.1831283569,38522,38532,10
13.0880699158,80.1840515137,38532,38540,8
13.0880203247,80.1852416992,38540,38563,23
13.0880203247,80.1852416992,38563,38573,10
13.0879802704,80.1856231689,38573,38583,10
13.0879602432,80.1862716675,38583,38593,10
13.08796978,80.1870269775,38593,38603,10
13.0879602432,80.1875915527,38603,38613,10
13.0879402161,80.1878814697,38613,38623,10
13.0879001617,80.1883926392,38623,38634,11
13.0878896713,80.1892318726,38634,38644,10
13.0878801346,80.1896514893,38644,38654,10
13.0878801346,80.1896591187,38654,38664,10
13.0878095627,80.189781189,38664,38674,10
13.0877599716,80.1902084351,38674,38684,10
13.0876302719,80.1909637451,38684,38694,10
13.0875196457,80.1918716431,38694,38704,10
13.0874300003,80.1924285889,38704,38714,10
13.087389946,80.1926422119,38714,38755,41
13.087389946,80.1926422119,38755,38765,10
13.0873003006,80.1928329468,38765,38775,10
13.0872898102,80.193359375,38775,38785,10
13.0872602463,80.1941833496,38785,38795,10
13.0872402191,80.1951293945,38795,38805,10
13.087220192,80.1961288452,38805,38815,10
13.0871896744,80.197303772,38815,38825,10
13.0872297287,80.1983032227,38825,38835,10
13.0874700546,80.1984481812,38835,38846,11
13.0880002975,80.1984176636,38846,38856,10
13.088809967,80.1983718872,38856,38866,10
13.0896596909,80.1984100342,38866,38876,10
13.0905504227,80.1984786987,38876,38886,10
13.0915203094,80.1985397339,38886,38896,10
13.0923900604,80.198600769,38896,38906,10
13.0929203033,80.1986312866,38906,38916,10
13.0929603577,80.1989593506,38916,38926,10
13.0929298401,80.1996307373,38926,38936,10
13.0928897858,80.2004699707,38936,38947,11
13.0927000046,80.2005996704,38947,38957,10
13.0922002792,80.2005691528,38957,38967,10
13.0913496017,80.2005767822,38967,38977,10
13.0909795761,80.2005462646,38977,38987,10
13.0906801224,80.2005310059,38987,38997,10
13.0901098251,80.2005233765,38997,39007,10
13.0893297195,80.2005462646,39007,39017,10
13.0883798599,80.2004928589,39017,39027,10
13.0873203278,80.2004165649,39027,39037,10
13.0868597031,80.2003707886,39037,39047,10
13.0862197876,80.2003631592,39047,39058,11
13.0854597092,80.200378418,39058,39068,10
13.0853099823,80.2001190186,39068,39078,10
13.0853204727,80.1996002197,39078,39088,10
13.0853004456,80.1990203857,39088,39098,10
13.085149765,80.1987075806,39098,39108,10
13.0848999023,80.198677063,39108,39118,10
13.0842895508,80.1986618042,39118,39138,20
13.0842895508,80.1986618042,39138,39148,10
13.0839796066,80.1986618042,39148,39158,10
13.0834999084,80.1986694336,39158,39169,11
13.0826997757,80.1986465454,39169,39179,10
13.082159996,80.198677063,39179,39189,10
13.0817403793,80.198677063,39189,39199,10
13.0812597275,80.198677063,39199,39209,10
13.0806398392,80.1986999512,39209,39219,10
13.0798597336,80.1987609863,39219,39229,10
13.0790300369,80.1988296509,39229,39239,10
13.0781698227,80.1989364624,39239,39249,10
13.0772304535,80.1990585327,39249,39259,10
13.076379776,80.1991424561,39259,39270,11
13.0754098892,80.199256897,39270,39280,10
13.0745897293,80.1996231079,39280,39290,10
13.0741100311,80.1999969482,39290,39300,10
13.0738601685,80.2002334595,39300,39310,10
13.0735301971,80.2006225586,39310,39320,10
13.0730199814,80.2012405396,39320,39330,10
13.0725603104,80.2017974854,39330,39340,10
13.0722799301,80.2021636963,39340,39350,10
13.0718698502,80.2025985718,39350,39360,10
13.0712995529,80.2032470703,39360,39370,10
13.0706501007,80.2040405273,39370,39381,11
13.0701999664,80.2045822144,39381,39391,10
13.0700998306,80.2047119141,39391,39401,10
13.0700397491,80.2048187256,39401,39411,10
13.0698900223,80.2050094604,39411,39431,20
13.0698900223,80.2050094604,39431,39441,10
13.0697402954,80.2050933838,39441,39451,10
13.0695495605,80.2049026489,39451,39461,10
13.0691900253,80.2049789429,39461,39471,10
13.068860054,80.205406189,39471,39481,10
13.0680198669,80.205406189,39481,39502,21
13.0679302216,80.2052078247,39502,39663,161
13.0680904388,80.2049179077,39663,39683,20
13.0680904388,80.2049179077,39683,39693,10
13.0683298111,80.2048568726,39693,39704,11
13.0685596466,80.2047576904,39704,39734,30
13.0685596466,80.2047576904,39734,39744,10
13.0690698624,80.2046890259,39744,39754,10
13.0691204071,80.2046890259,39754,39764,10
13.0694303513,80.2047271729,39764,39774,10
13.0697097778,80.2048110962,39774,39784,10
13.0698795319,80.205078125,39784,39794,10
13.0696601868,80.2054290771,39794,39804,10
13.069319725,80.2059936523,39804,39815,11
13.0688295364,80.2068023682,39815,39825,10
13.0683002472,80.2076568604,39825,39835,10
13.0677204132,80.2085494995,39835,39845,10
13.0670900345,80.2094726563,39845,39855,10
13.0662403107,80.2103118896,39855,39865,10
13.0651302338,80.2112426758,39865,39885,20
13.0651302338,80.2112426758,39885,39895,10
13.0649404526,80.2113723755,39895,39905,10
13.0641202927,80.2116470337,39905,39936,31
13.0641202927,80.2116470337,39936,39946,10
13.0638399124,80.2117233276,39946,39956,10
13.0634403229,80.2117614746,39956,39966,10
13.0628499985,80.2117919922,39966,39976,10
13.0621500015,80.2117996216,39976,39986,10
13.0613803864,80.211769104,39986,39996,10
13.0602798462,80.2117385864,39996,40006,10
13.0591802597,80.2116928101,40006,40016,10
13.0583496094,80.2116622925,40016,40027,11
13.0576200485,80.2116622925,40027,40037,10
13.0568704605,80.2116470337,40037,40047,10
13.0562000275,80.2116317749,40047,40057,10
13.0560598373,80.2116088867,40057,40067,10
13.0556201935,80.2115783691,40067,40077,10
13.0549201965,80.2115478516,40077,40087,10
13.0545597076,80.2115707397,40087,40097,10
13.0544099808,80.2115631104,40097,40107,10
13.0540103912,80.2116622925,40107,40117,10
13.0533599854,80.2117996216,40117,40126,9
13.0526304245,80.212020874,40126,40138,12
13.0516901016,80.2121734619,40138,40148,10
13.0511798859,80.2121963501,40148,40158,10
13.0502300262,80.2121734619,40158,40168,10
13.0497198105,80.2121582031,40168,40178,10
13.0495700836,80.2121734619,40178,40188,10
13.0494499207,80.2121582031,40188,40198,10
13.0490503311,80.2121810913,40198,40208,10
13.0483398438,80.2122268677,40208,40218,10
13.0474996567,80.2123413086,40218,40228,10
13.0463895798,80.2123718262,40228,40239,11
13.0450401306,80.2124176025,40239,40249,10
13.0440998077,80.2124633789,40249,40259,10
13.0430898666,80.2124404907,40259,40269,10
13.0420398712,80.2124404907,40269,40279,10
13.0410203934,80.2124099731,40279,40289,10
13.0401601791,80.2124404907,40289,40299,10
13.0392303467,80.2124404907,40299,40309,10
13.0387201309,80.2124328613,40309,40350,41
13.0387201309,80.2124328613,40350,40360,10
13.0384397507,80.2123718262,40360,40370,10
13.0378503799,80.2123718262,40370,40380,10
13.037150383,80.2123413086,40380,40390,10
13.0363998413,80.2123184204,40390,40400,10
13.0353403091,80.2123184204,40400,40430,30
13.0353403091,80.2123184204,40430,40440,10
13.0351495743,80.2122879028,40440,40450,10
13.0349502563,80.2121963501,40450,40471,21
13.0349502563,80.2121963501,40471,40481,10
13.0346698761,80.2121887207,40481,40511,30
13.0346698761,80.2121887207,40511,40521,10
13.034330368,80.2121505737,40521,40531,10
13.0340900421,80.2121200562,40531,40541,10
13.0340499878,80.2121124268,40541,40551,10
13.0337896347,80.2120513916,40551,40562,11
13.0331497192,80.2119293213,40562,40572,10
13.0323200226,80.2118301392,40572,40582,10
13.0318803787,80.2115402222,40582,40592,10
13.0319595337,80.2108230591,40592,40602,10
13.0320501328,80.2100219727,40602,40612,10
13.0319499969,80.2096481323,40612,40622,10
13.0315599442,80.2095489502,40622,40632,10
13.030670166,80.2093200684,40632,40661,29
13.030670166,80.2093200684,40661,40673,12
13.0303096771,80.2091674805,40673,40683,10
13.0298299789,80.2090301514,40683,40693,10
13.0297603607,80.209022522,40693,40703,10
13.029589653,80.2089767456,40703,40713,10
13.0293197632,80.2089004517,40713,40723,10
13.0285997391,80.2087173462,40723,40733,10
13.0277500153,80.2084197998,40733,40743,10
13.0269203186,80.2079467773,40743,40753,10
13.0259599686,80.2073822021,40753,40763,10
13.0250101089,80.20703125,40763,40773,10
13.0241699219,80.2068634033,40773,40784,11
13.0231399536,80.2066574097,40784,40794,10
13.0221595764,80.2064819336,40794,40804,10
13.021320343,80.2064666748,40804,40814,10
13.0203304291,80.2064590454,40814,40824,10
13.0192699432,80.2063903809,40824,40834,10
13.0187101364,80.2062530518,40834,40864,30
13.0187101364,80.2062530518,40864,40874,10
13.0180301666,80.205947876,40874,40885,11
13.0174503326,80.2058029175,40885,40895,10
13.0170898438,80.2056732178,40895,40905,10
13.0167198181,80.2054824829,40905,40915,10
13.0159502029,80.2052078247,40915,40925,10
13.014960289,80.2049102783,40925,40935,10
13.0141201019,80.2046508789,40935,40945,10
13.0137701035,80.204498291,40945,40955,10
13.0135402679,80.2045593262,40955,40965,10
13.0134496689,80.2049407959,40965,40975,10
13.0133199692,80.2055206299,40975,40985,10
13.013130188,80.2063903809,40985,40996,11
13.0129299164,80.2075500488,40996,41006,10
13.0128602982,80.2080230713,41006,41016,10
13.0128803253,80.2084732056,41016,41028,12
13.0129699707,80.2090301514,41028,41038,10
13.0131998062,80.2096328735,41038,41046,8
13.0131998062,80.2100296021,41046,41058,12
13.0129098892,80.2110977173,41058,41068,10
13.0124597549,80.2119216919,41068,41078,10
13.0120296478,80.212600708,41078,41088,10
13.0117998123,80.2127227783,41088,41099,11
13.0115203857,80.2125701904,41099,41109,10
13.0109395981,80.2122192383,41109,41119,10
13.0103998184,80.211769104,41119,41129,10
13.0097703934,80.2112579346,41129,41149,20
13.0097703934,80.2112579346,41149,41159,10
13.0094299316,80.2110977173,41159,41189,30
13.0094299316,80.2110977173,41189,41199,10
13.009180069,80.2111968994,41199,41210,11
13.0090198517,80.2114105225,41210,41220,10
13.009059906,80.2116775513,41220,41230,10
13.0092000961,80.2120819092,41230,41240,10
13.0093898773,80.212677002,41240,41250,10
13.0096302032,80.2133712769,41250,41260,10
13.0099000931,80.2140884399,41260,41270,10
13.0101299286,80.2148895264,41270,41280,10
13.0102796555,80.2158126831,41280,41290,10
13.0106697083,80.2166671753,41290,41300,10
13.0110797882,80.2175216675,41300,41309,9
13.0114803314,80.2183532715,41309,41351,42
13.0134296417,80.2223587036,41351,41361,10
13.0141496658,80.2228164673,41361,41371,10
13.0147399902,80.2231903076,41371,41381,10
13.0152997971,80.2238616943,41381,41391,10
13.0155296326,80.2246398926,41391,41401,10
13.0154399872,80.2252120972,41401,41411,10
13.0153198242,80.2256393433,41411,41432,21
13.0153198242,80.2256393433,41432,41442,10
13.0150995255,80.2258834839,41442,41452,10
13.0146999359,80.226020813,41452,41462,10
13.0140399933,80.2262802124,41462,41472,10
13.0132703781,80.2265625,41472,41482,10
13.0124101639,80.2268295288,41482,41492,10
13.0113096237,80.2272567749,41492,41502,10
13.0102100372,80.2277526855,41502,41512,10
13.0096597672,80.2278518677,41512,41522,10
13.0095701218,80.2273788452,41522,41533,11
13.0098199844,80.2266998291,41533,41543,10
13.010219574,80.2257614136,41543,41553,10
13.0106296539,80.2248077393,41553,41563,10
13.0110197067,80.2239379883,41563,41573,10
13.0112304688,80.2232131958,41573,41583,10
13.0107297897,80.2229995728,41583,41593,10
13.0100603104,80.222618103,41593,41603,10
13.0093002319,80.2221908569,41603,41613,10
13.0085802078,80.2217788696,41613,41623,10
13.0077896118,80.2213668823,41623,41633,10
13.0068597794,80.2209014893,41633,41644,11
13.0056295395,80.2205123901,41644,41654,10
13.004529953,80.2202606201,41654,41664,10
13.0037002563,80.2200698853,41664,41674,10
13.0028400421,80.2198181152,41674,41684,10
13.0020904541,80.2193069458,41684,41694,10
13.0012903214,80.2184906006,41694,41704,10
13.0007801056,80.2181015015,41704,41714,10
13.0003995895,80.2177124023,41714,41724,10
12.9994401932,80.2171783447,41724,41734,10
12.998169899,80.2167205811,41734,41745,11
12.9974403381,80.2166290283,41745,41755,10
12.997300148,80.2165908813,41755,41765,10
12.997209549,80.216583252,41765,41775,10
12.9969596863,80.216583252,41775,41785,10
12.9964799881,80.2166366577,41785,41795,10
12.9957504272,80.2168197632,41795,41805,10
12.9949998856,80.2171707153,41805,41815,10
12.9945402145,80.2174301147,41815,41825,10
12.9940700531,80.2177429199,41825,41835,10
12.9935903549,80.2181091309,41835,41845,10
12.9930000305,80.2184829712,41845,41856,11
12.9921798706,80.2191390991,41856,41866,10
12.9916296005,80.2195205688,41866,41876,10
12.9916000366,80.219543457,41876,41886,10
12.9913301468,80.219581604,41886,41896,10
12.9910802841,80.2195129395,41896,41906,10
12.9910297394,80.2194519043,41906,41916,10
12.9906997681,80.2193374634,41916,41926,10
12.9900102615,80.2191009521,41926,41936,10
12.989159584,80.2187805176,41936,41946,10
12.9882202148,80.2184829712,41946,41956,10
12.9875497818,80.2183685303,41956,41967,11
12.9870595932,80.2182998657,41967,41977,10
12.9869699478,80.2182922363,41977,41987,10
12.9866399765,80.2182006836,41987,41997,10
12.9860200882,80.2180328369,41997,42007,10
12.9851198196,80.2179412842,42007,42017,10
12.9844102859,80.2179794312,42017,42027,10
12.9839000702,80.2180023193,42027,42037,10
12.9838895798,80.2180023193,42037,42047,10
12.983499527,80.2179718018,42047,42058,11
12.9827699661,80.217956543,42058,42069,11
12.9819002151,80.2179870605,42069,42079,10
12.9809799194,80.2182006836,42079,42089,10
12.9801197052,80.21849823,42089,42099,10
12.9794502258,80.2188034058,42099,42109,10
12.9788103104,80.219039917,42109,42119,10
12.9784202576,80.2191696167,42119,42129,10
12.9778003693,80.2194290161,42129,42139,10
12.9769897461,80.2197723389,42139,42149,10
12.9761295319,80.2201538086,42149,42159,10
12.9757003784,80.2203903198,42159,42230,71
12.9757003784,80.2203903198,42230,42240,10
12.9756002426,80.2207183838,42240,42280,40
12.9759101868,80.2209396362,42280,42351,71
12.9759397507,80.2211532593,42351,43381,1030
12.9759397507,80.2211532593,43381,43391,10
12.9762601852,80.2213363647,43391,43401,10
12.9765195847,80.2213516235,43401,43409,8
12.9769001007,80.2213287354,43409,43421,12
12.977519989,80.2212371826,43421,43431,10
12.9780397415,80.221206665,43431,43441,10
12.9787197113,80.2211532593,43441,43451,10
12.979470253,80.2210769653,43451,43459,8
12.9800195694,80.2210617065,43459,43471,12
12.9808597565,80.2209625244,43471,43482,11
12.9815101624,80.2212295532,43482,43492,10
12.981880188,80.2214736938,43492,43502,10
12.9823198318,80.2216796875,43502,43512,10
12.982749939,80.2218399048,43512,43522,10
12.9829702377,80.2219467163,43522,43532,10
12.983130455,80.2220535278,43532,43542,10
12.9834003448,80.2221984863,43542,43552,10
12.9838199615,80.2224273682,43552,43562,10
12.9841604233,80.2226486206,43562,43572,10
12.9844999313,80.2228622437,43572,43582,10
12.985039711,80.2231063843,43582,43593,11
12.9853000641,80.2232208252,43593,43603,10
12.9855098724,80.2231216431,43603,43613,10
12.9858999252,80.2230072021,43613,43623,10
12.9863901138,80.2229614258,43623,43633,10
12.986410141,80.2229614258,43633,43643,10
12.986579895,80.2229537964,43643,43653,10
12.986869812,80.2229919434,43653,43663,10
12.9871797562,80.2230300903,43663,43673,10
12.9876899719,80.2229995728,43673,43683,10
12.9881601334,80.2227020264,43683,43693,10
12.9885997772,80.2222976685,43693,43704,11
12.9889202118,80.2218780518,43704,43714,10
12.9894304276,80.2214279175,43714,43724,10
12.9899997711,80.220741272,43724,43734,10
12.9905996323,80.2202301025,43734,43744,10
12.9911403656,80.2197799683,43744,43754,10
12.9914903641,80.2195129395,43754,43764,10
12.9918203354,80.219291687,43764,43774,10
12.9922895432,80.2189331055,43774,43784,10
12.9928102493,80.218536377,43784,43794,10
12.9932899475,80.2182006836,43794,43805,11
12.9938497543,80.2178268433,43805,43815,10
12.9942998886,80.2174987793,43815,43825,10
12.9948196411,80.2171096802,43825,43835,10
12.9954204559,80.2167816162,43835,43845,10
12.9960699081,80.2166137695,43845,43855,10
12.9967098236,80.2165298462,43855,43865,10
12.9971704483,80.2163619995,43865,43875,10
12.9974803925,80.2160720825,43875,43885,10
12.9975004196,80.2160491943,43885,43895,10
12.9976701736,80.2159118652,43895,43904,9
12.9979400635,80.2156677246,43904,43916,12
12.9986000061,80.2151107788,43916,43926,10
12.9990501404,80.2147216797,43926,43936,10
12.9993600845,80.2144622803,43936,43946,10
12.9997596741,80.2141265869,43946,43956,10
13.0001401901,80.2137832642,43956,43966,10
13.0006303787,80.2133407593,43966,43976,10
13.0011100769,80.2129516602,43976,43986,10
13.0016498566,80.2125396729,43986,43996,10
13.0022096634,80.212272644,43996,44006,10
13.0028800964,80.2121429443,44006,44016,10
13.003490448,80.2120513916,44016,44027,11
13.0035800934,80.2119827271,44027,44037,10
13.0036697388,80.2115402222,44037,44047,10
13.0036497116,80.2109222412,44047,44057,10
13.0035600662,80.2102432251,44057,44067,10
13.0035104752,80.2095184326,44067,44077,10
13.0036897659,80.2087478638,44077,44087,10
13.0043001175,80.2087631226,44087,44097,10
13.005109787,80.2090988159,44097,44107,10
13.005979538,80.2094268799,44107,44117,10
13.0066604614,80.2096633911,44117,44126,9
13.0071401596,80.2097473145,44126,44138,12
13.0074195862,80.2098083496,44138,44148,10
13.0075101852,80.2098312378,44148,44158,10
13.0078697205,80.2099227905,44158,44168,10
13.0081396103,80.2098083496,44168,44178,10
13.0080003738,80.2092666626,44178,44188,10
13.0078897476,80.2085189819,44188,44198,10
13.0077600479,80.2075881958,44198,44208,10
13.0076303482,80.2066421509,44208,44218,10
13.0074996948,80.2057189941,44218,44228,10
13.0074796677,80.2048568726,44228,44239,11
13.0074701309,80.2041320801,44239,44249,10
13.0073604584,80.20337677,44249,44259,10
13.0070695877,80.202583313,44259,44269,10
13.0065097809,80.2028121948,44269,44280,11
13.0068502426,80.20337677,44280,44290,10
13.0075597763,80.2036590576,44290,44300,10
13.008480072,80.2036895752,44300,44310,10
13.0096797943,80.2036209106,44310,44320,10
13.011059761,80.203666687,44320,44330,10
13.0124502182,80.2038574219,44330,44339,9
13.0134401321,80.2039794922,44339,44350,11
13.0146102905,80.2043762207,44350,44361,11
13.015709877,80.2048110962,44361,44371,10
13.0165901184,80.2051620483,44371,44381,10
13.0172700882,80.2054595947,44381,44391,10
13.0180101395,80.2057189941,44391,44401,10
13.018699646,80.2059707642,44401,44411,10
13.0187902451,80.2060165405,44411,44420,9
13.0190200806,80.2061080933,44420,44431,11
13.0195398331,80.206237793,44431,44440,9
13.0201301575,80.2063064575,44440,44452,12
13.0211296082,80.2062835693,44452,44462,10
13.0215797424,80.2062988281,44462,44472,10
13.0220899582,80.2063369751,44472,44482,10
13.0224199295,80.2064819336,44482,44492,10
13.0233898163,80.2066574097,44492,44502,10
13.0242395401,80.206741333,44502,44512,10
13.0243797302,80.2067565918,44512,44522,10
13.0245704651,80.2068023682,44522,44532,10
13.0249099731,80.2068405151,44532,44542,10
13.0256500244,80.207069397,44542,44552,10
13.0264396667,80.2075195313,44552,44563,11
13.0273504257,80.2080688477,44563,44573,10
13.0282802582,80.2085113525,44573,44583,10
13.029299736,80.2087478638,44583,44593,10
13.0299797058,80.2089614868,44593,44603,10
13.0301198959,80.2090072632,44603,44613,10
13.0302400589,80.2090301514,44613,44623,10
13.0305900574,80.2091522217,44623,44633,10
13.0311803818,80.2093200684,44633,44643,10
13.0316200256,80.2094421387,44643,44663,20
13.0316200256,80.2094421387,44663,44674,11
13.0319004059,80.209602356,44674,44684,10
13.0323400497,80.2096710205,44684,44694,10
13.0329704285,80.2097473145,44694,44704,10
13.0337600708,80.2098922729,44704,44714,10
13.0346498489,80.2100906372,44714,44724,10
13.0349998474,80.2104187012,44724,44734,10
13.0349397659,80.2108688354,44734,44744,10
13.0349502563,80.2112731934,44744,44775,31
13.0349502563,80.2112731934,44775,44785,10
13.0348997116,80.211517334,44785,44795,10
13.0348501205,80.2118301392,44795,44805,10
13.0351696014,80.2121505737,44805,44815,10
13.0358400345,80.2122421265,44815,44825,10
13.0365800858,80.2123184204,44825,44835,10
13.0371999741,80.2123184204,44835,44845,10
13.0378904343,80.212310791,44845,44855,10
13.0387296677,80.2122421265,44855,44865,10
13.039560318,80.212272644,44865,44874,9
13.0405302048,80.2123336792,44874,44885,11
13.0418395996,80.212387085,44885,44896,11
13.0433397293,80.212310791,44896,44906,10
13.0440797806,80.2122879028,44906,45007,101
13.0440797806,80.2122879028,45007,45017,10
13.0444898605,80.2122421265,45017,45027,10
13.0451002121,80.2122421265,45027,45037,10
13.0458898544,80.2122421265,45037,45047,10
13.0467796326,80.2121963501,45047,45057,10
13.0476398468,80.2121505737,45057,45067,10
13.0483398438,80.2120895386,45067,45077,10
13.0484199524,80.2120895386,45077,45086,9
13.0486402512,80.212059021,45086,45097,11
13.0496797562,80.2119979858,45097,45128,31
13.0496797562,80.2119979858,45128,45138,10
13.0499000549,80.2120132446,45138,45148,10
13.0500602722,80.2119903564,45148,45158,10
13.050330162,80.2119979858,45158,45168,10
13.0506601334,80.212059021,45168,45177,9
13.0512695313,80.2120437622,45177,45188,11
13.052359581,80.2118835449,45188,45198,10
13.0533800125,80.2116470337,45198,45209,11
13.0542201996,80.211479187,45209,45219,10
13.0542898178,80.211479187,45219,45229,10
13.0546398163,80.2114868164,45229,45239,10
13.0551996231,80.2115325928,45239,45249,10
13.0559797287,80.2115631104,45249,45259,10
13.0569295883,80.2115402222,45259,45269,10
13.0576200485,80.2115020752,45269,45279,10
13.0576295853,80.2114868164,45279,45289,10
13.057970047,80.2114715576,45289,45299,10
13.0585803986,80.2114715576,45299,45308,9
13.0592603683,80.2115097046,45308,45320,12
13.060259819,80.2115325928,45320,45329,9
13.0612096786,80.2116012573,45329,45341,12
13.0629396439,80.2116012573,45341,45361,20
13.0629396439,80.2116012573,45361,45371,10
13.0631504059,80.2116012573,45371,45381,10
13.0635995865,80.2115631104,45381,45391,10
13.0642404556,80.2114562988,45391,45401,10
13.0650196075,80.2110824585,45401,45411,10
13.0658597946,80.2104415894,45411,45421,10
13.066740036,80.2097015381,45421,45432,11
13.0673999786,80.208656311,45432,45442,10
13.0678901672,80.2079467773,45442,45452,10
13.0683698654,80.2071990967,45452,45462,10
13.0689096451,80.2063369751,45462,45472,10
13.069439888,80.2054901123,45472,45482,10
13.0695800781,80.2051925659,45482,45492,10
13.0696496964,80.2050476074,45492,45502,10
13.0696496964,80.2048797607,45502,45512,10
13.0693798065,80.204826355,45512,45522,10
13.0692501068,80.2051315308,45522,45533,11
13.068860054,80.2051773071,45533,45573,40
13.068860054,80.2051773071,45573,45583,10
13.0687398911,80.2049789429,45583,45593,10
13.068810463,80.2048492432,45593,45603,10
13.0690002441,80.2047271729,45603,45613,10
13.0692100525,80.204750061,45613,45623,10
13.0694999695,80.204788208,45623,45632,9
13.0697002411,80.204826355,45632,45644,12
13.0699901581,80.2046813965,45644,45654,10
13.0702800751,80.2042770386,45654,45664,10
13.0707798004,80.203666687,45664,45674,10
13.0713996887,80.2029190063,45674,45684,10
13.0718097687,80.2024230957,45684,45704,20
13.0718097687,80.2024230957,45704,45714,10
13.0721101761,80.2021865845,45714,45724,10
13.0723199844,80.2019577026,45724,45734,10
13.0726003647,80.2016220093,45734,45744,10
13.0730400085,80.2010879517,45744,45755,11
13.0737400055,80.2003707886,45755,45765,10
13.0743198395,80.19972229,45765,45775,10
13.074549675,80.1994400024,45775,45785,10
13.0749502182,80.199180603,45785,45795,10
13.0756797791,80.1990737915,45795,45805,10
13.0766401291,80.1990280151,45805,45815,10
13.077750206,80.1989135742,45815,45825,10
13.0789203644,80.1987609863,45825,45835,10
13.0799798965,80.1986694336,45835,45845,10
13.0808000565,80.1985931396,45845,45856,11
13.0818099976,80.1985473633,45856,45866,10
13.0824899673,80.1984710693,45866,45876,10
13.0827903748,80.1984710693,45876,45886,10
13.0833101273,80.1984863281,45886,45896,10
13.0835695267,80.1984786987,45896,45906,10
13.0837802887,80.1985015869,45906,45916,10
13.0840196609,80.1985092163,45916,45926,10
13.0843095779,80.1985473633,45926,45936,10
13.0847501755,80.1985702515,45936,45946,10
13.0850696564,80.1985397339,45946,45956,10
13.0853900909,80.1985092163,45956,45967,11
13.0858898163,80.1984634399,45967,45977,10
13.0864601135,80.1984710693,45977,45987,10
13.0868597031,80.1984100342,45987,45997,10
13.0870103836,80.1980819702,45997,46007,10
13.0870599747,80.1979293823,46007,46017,10
13.0871095657,80.1978530884,46017,46027,10
13.0871496201,80.197479248,46027,46037,10
13.0871896744,80.1968688965,46037,46047,10
13.087220192,80.1960372925,46047,46057,10
13.0872497559,80.1952667236,46057,46067,10
13.0872602463,80.1943893433,46067,46078,11
13.0872602463,80.1932983398,46078,46088,10
13.0872497559,80.1927871704,46088,46118,30
13.0872497559,80.1927871704,46118,46128,10
13.087269783,80.1925964355,46128,46138,10
13.0873003006,80.1923294067,46138,46148,10
13.0873699188,80.1917495728,46148,46158,10
13.0874996185,80.1909332275,46158,46168,10
13.0876598358,80.1899337769,46168,46179,11
13.0877103806,80.1890487671,46179,46189,10
13.0877103806,80.188949585,46189,46199,10
13.0877199173,80.1887130737,46199,46209,10
13.0876998901,80.1882781982,46209,46219,10
13.0877399445,80.1876983643,46219,46229,10
13.087849617,80.1868133545,46229,46239,10
13.0878896713,80.1860198975,46239,46249,10
13.0879201889,80.1850891113,46249,46259,10
13.0879802704,80.1840896606,46259,46269,10
13.0880002975,80.1829681396,46269,46279,10
13.0879802704,80.1821899414,46279,46289,10
13.0880498886,80.1813735962,46289,46300,11
13.0881204605,80.1798400879,46300,46320,20
13.0881204605,80.1798400879,46320,46330,10
13.0881500244,80.1797485352,46330,46340,10
13.0881204605,80.1795196533,46340,46350,10
13.0881099701,80.1790237427,46350,46360,10
13.0881004333,80.1782913208,46360,46370,10
13.0881700516,80.1772994995,46370,46380,10
13.0882196426,80.1763381958,46380,46390,10
13.0882797241,80.1752700806,46390,46401,11
13.0883598328,80.174369812,46401,46411,10
13.0884304047,80.1734695435,46411,46421,10
13.0885000229,80.172416687,46421,46431,10
13.0885400772,80.1717681885,46431,46441,10
13.0885400772,80.171661377,46441,46451,10
13.0885696411,80.1713180542,46451,46461,10
13.0886001587,80.1706924438,46461,46471,10
13.088640213,80.1698226929,46471,46481,10
13.0886802673,80.1695480347,46481,46491,10
13.0889396667,80.1694717407,46491,46502,11
13.0895795822,80.1695327759,46502,46512,10
13.0904197693,80.169593811,46512,46522,10
13.0913200378,80.1696395874,46522,46532,10
13.0921897888,80.1697006226,46532,46542,10
13.0931501389,80.1697616577,46542,46552,10
13.0942602158,80.1697921753,46552,46562,10
13.0947303772,80.1698608398,46562,46572,10
13.0950298309,80.1698989868,46572,46582,10
13.0955400467,80.1699371338,46582,46592,10
13.0962400436,80.169960022,46592,46602,10
13.0971097946,80.1700134277,46602,46613,11
13.0981302261,80.1700515747,46613,46623,10
13.0990695953,80.1700973511,46623,46633,10
13.0994997025,80.1700973511,46633,46643,10
13.0996704102,80.169883728,46643,46683,40
13.0996704102,80.169883728,46683,46693,10
13.0994501114,80.1696472168,46693,46713,20
13.0994501114,80.1696472168,46713,46724,11
13.0990695953,80.1696395874,46724,46734,10
13.0988998413,80.1696929932,46734,46744,10
13.0987901688,80.1698532104,46744,48593,1849
13.0987901688,80.1698532104,48593,48603,10
13.098690033,80.1696777344,48603,48613,10
13.098859787,80.1696014404,48613,48621,8
13.0991401672,80.1696014404,48621,48653,32
13.0992803574,80.1698684692,48653,48724,71
13.0993404388,80.1701889038,48724,48772,48
13.0992002487,80.1703186035,48772,48795,23
13.0992002487,80.1703186035,48795,48805,10
13.0987796783,80.170249939,48805,48815,10
13.0982503891,80.170211792,48815,48825,10
13.0975704193,80.1701507568,48825,48835,10
13.0967102051,80.1700820923,48835,48845,10
13.0957603455,80.1699981689,48845,48855,10
13.0949602127,80.1699676514,48855,48865,10
13.0946702957,80.1699066162,48865,48875,10
13.094420433,80.1698913574,48875,48885,10
13.0939598083,80.169883728,48885,48896,11
13.0932798386,80.1698074341,48896,48905,9
13.0925302505,80.1697998047,48905,48917,12
13.0914001465,80.1696777344,48917,48927,10
13.090379715,80.1696166992,48927,48937,10
13.0894002914,80.1695709229,48937,48947,10
13.0887403488,80.169593811,48947,48957,10
13.0886297226,80.1700134277,48957,48967,10
13.0885696411,80.1707763672,48967,48977,10
13.0885400772,80.1718978882,48977,48997,20
13.0885400772,80.1718978882,48997,49008,11
13.0885400772,80.1722106934,49008,49018,10
13.0885000229,80.1727218628,49018,49028,10
13.0884399414,80.1734466553,49028,49038,10
13.0883798599,80.1743469238,49038,49048,10
13.0883102417,80.175239563,49048,49058,10
13.0882501602,80.1761703491,49058,49068,10
13.0882101059,80.1770629883,49068,49078,10
13.0882101059,80.1778488159,49078,49088,10
13.0882101059,80.178527832,49088,49108,20
13.0882101059,80.178527832,49108,49119,11
13.0881795883,80.1787033081,49119,49129,10
13.0881900787,80.1793365479,49129,49149,20
13.0881900787,80.1793365479,49149,49159,10
13.0881996155,80.1794815063,49159,49169,10
13.0881795883,80.1798171997,49169,49179,10
13.0881700516,80.1804275513,49179,49189,10
13.088139534,80.1812210083,49189,49199,10
13.0881099701,80.1820907593,49199,49209,10
13.0880699158,80.1829299927,49209,49219,10
13.0880098343,80.183883667,49219,49230,11
13.08796978,80.1850280762,49230,49240,10
13.0879201889,80.1858978271,49240,49250,10
13.0878896713,80.1867828369,49250,49260,10
13.0878601074,80.1877975464,49260,49280,20
13.0878601074,80.1877975464,49280,49291,11
13.0878295898,80.1879272461,49291,49301,10
13.0878200531,80.1882400513,49301,49311,10
13.0878095627,80.1887435913,49311,49321,10
13.0877399445,80.1897735596,49321,49352,31
13.0877399445,80.1897735596,49352,49362,10
13.0877103806,80.1902084351,49362,49372,10
13.0876302719,80.1907806396,49372,49382,10
13.0875501633,80.1915130615,49382,49392,10
13.0874500275,80.1923217773,49392,49402,10
13.0874099731,80.1927337646,49402,49423,21
13.0874099731,80.1927337646,49423,49433,10
13.0873498917,80.193031311,49433,49444,11
13.0873098373,80.1935501099,49444,49452,8
13.0873003006,80.1940994263,49452,49462,10
13.0872802734,80.1949386597,49462,49474,12
13.0872402191,80.1960525513,49474,49482,8
13.0872097015,80.1968536377,49482,49492,10
13.087220192,80.1976013184,49492,49504,12
13.0872097015,80.1977920532,49504,49512,8
13.0872001648,80.1979064941,49512,49523,11
13.087269783,80.1983184814,49523,49533,10
13.0874795914,80.1984024048,49533,49544,11
13.0879001617,80.1983795166,49544,49553,9
13.0882797241,80.1983795166,49553,49563,10
13.0890197754,80.198387146,49563,49575,12
13.0897102356,80.1984481812,49575,49583,8
13.090379715,80.1985168457,49583,49593,10
13.091219902,80.1985778809,49593,49605,12
13.0922203064,80.1985931396,49605,49615,10
13.0927696228,80.1986923218,49615,49623,8
13.0928096771,80.1989974976,49623,49633,10
13.0928297043,80.1995162964,49633,49645,12
13.0928602219,80.200302124,49645,49656,11
13.0927200317,80.2005310059,49656,49666,10
13.0923900604,80.2005691528,49666,49676,10
13.0917701721,80.2005462646,49676,49686,10
13.0910396576,80.2005310059,49686,49696,10
13.0902996063,80.2004928589,49696,49706,10
13.0894498825,80.2004699707,49706,49716,10
13.0886201859,80.2004318237,49716,49726,10
13.0878000259,80.2004165649,49726,49736,10
13.0871696472,80.2003936768,49736,49746,10
13.0867004395,80.2003936768,49746,49755,9
13.0860595703,80.2003631592,49755,49767,12
13.0854196548,80.2003326416,49767,49777,10
13.0852899551,80.2000579834,49777,49787,10
13.0853004456,80.1995391846,49787,49797,10
13.0852804184,80.198928833,49797,49807,10
13.0850400925,80.1987380981,49807,49817,10
13.0841703415,80.1986694336,49817,49837,20
13.0841703415,80.1986694336,49837,49847,10
13.0839500427,80.198638916,49847,49857,10
13.0836000443,80.198638916,49857,49867,10
13.0830202103,80.1986083984,49867,49878,11
13.0822601318,80.1985931396,49878,49888,10
13.0816698074,80.198638916,49888,49898,10
13.0810804367,80.1986312866,49898,49908,10
13.0805101395,80.1986923218,49908,49918,10
13.0798501968,80.1987380981,49918,49928,10
13.0791397095,80.1988067627,49928,49938,10
13.0784902573,80.1988830566,49938,49948,10
13.0777101517,80.1989822388,49948,49958,10
13.0768499374,80.1990814209,49958,49968,10
13.0760097504,80.1992034912,49968,49978,10
13.0751600266,80.1993637085,49978,49989,11
13.0743103027,80.1998519897,49989,49999,10
13.0738401413,80.2003173828,49999,50009,10
13.0737695694,80.2004089355,50009,50019,10
13.073679924,80.2005233765,50019,50029,10
13.0736303329,80.2005691528,50029,50039,10
13.0734996796,80.2006835938,50039,50049,10
13.0731801987,80.2010726929,50049,50059,10
13.0727500916,80.2015762329,50059,50069,10
13.0723800659,80.202041626,50069,50079,10
13.0719203949,80.2025222778,50079,50090,11
13.0713100433,80.2032165527,50090,50100,10
13.0706996918,80.203918457,50100,50110,10
13.0701398849,80.2046737671,50110,50120,10
13.0698099136,80.2050628662,50120,50130,10
13.0695199966,80.2048797607,50130,50140,10
13.0693798065,80.2048568726,50140,50150,10
13.0691995621,80.2049789429,50150,50160,10
13.0691099167,80.2051620483,50160,50170,10
13.0690097809,80.2052993774,50170,50180,10
13.0687704086,80.2054214478,50180,50190,10
13.0680799484,80.2054214478,50190,50291,101
13.0680303574,80.2050628662,50291,50342,51
13.0680303574,80.2050628662,50342,50352,10
13.0683498383,80.2048797607,50352,50362,10
13.0686998367,80.2047424316,50362,50372,10
13.0690402985,80.2046585083,50372,50382,10
13.0693101883,80.2046890259,50382,50392,10
13.0697202682,80.2048416138,50392,50412,20
13.0697202682,80.2048416138,50412,50423,11
13.0698404312,80.2050323486,50423,50433,10
13.0696697235,80.2053985596,50433,50443,10
13.0693397522,80.2059326172,50443,50453,10
13.0689096451,80.2066268921,50453,50463,10
13.0684099197,80.2074203491,50463,50473,10
13.0678796768,80.2082824707,50473,50483,10
13.0673704147,80.2090911865,50483,50493,10
13.0667600632,80.2098770142,50493,50503,10
13.0659503937,80.2105712891,50503,50513,10
13.0650501251,80.2113265991,50513,50533,20
13.0650501251,80.2113265991,50533,50543,10
13.0647802353,80.2114562988,50543,50553,10
13.0637798309,80.211730957,50553,50574,21
13.0637798309,80.211730957,50574,50585,11
13.0635595322,80.2117385864,50585,50594,9
13.0631504059,80.2117462158,50594,50604,10
13.0625200272,80.211769104,50604,50614,10
13.061829567,80.2118606567,50614,50625,11
13.0606498718,80.2117233276,50625,50634,9
13.0597400665,80.2116470337,50634,50646,12
13.0585603714,80.2115783691,50646,50654,8
13.0578403473,80.2115783691,50654,50666,12
13.0576601028,80.2115783691,50666,50676,10
13.0574598312,80.2115783691,50676,50686,10
13.0570402145,80.2115707397,50686,50694,8
13.0565900803,80.2115631104,50694,50704,10
13.0558300018,80.2115402222,50704,50714,10
13.0550203323,80.2115097046,50714,50724,10
13.0546998978,80.2115097046,50724,50734,10
13.0542497635,80.2115631104,50734,50747,13
13.053440094,80.2117462158,50747,50757,10
13.0526199341,80.2119674683,50757,50767,10
13.0517702103,80.2121505737,50767,50777,10
13.0509700775,80.2121276855,50777,50787,10
13.0502595901,80.2121963501,50787,50796,9
13.0495500565,80.2121810913,50796,50828,32
13.0495500565,80.2121810913,50828,50838,10
13.0491399765,80.2121124268,50838,50849,11
13.0485601425,80.2121505737,50849,50859,10
13.0478897095,80.2121963501,50859,50869,10
13.0470695496,80.212272644,50869,50879,10
13.0461597443,80.2123184204,50879,50889,10
13.0452003479,80.2123718262,50889,50899,10
13.0444898605,80.2123794556,50899,50980,81
13.0444898605,80.2123794556,50980,50990,10
13.0440597534,80.2123413086,50990,51000,10
13.0434799194,80.212348938,51000,51010,10
13.0426902771,80.2123413086,51010,51020,10
13.0419597626,80.212387085,51020,51030,10
13.0409498215,80.2123794556,51030,51040,10
13.0398197174,80.2123794556,51040,51050,10
13.0387401581,80.2124023438,51050,51060,10
13.0375204086,80.2123565674,51060,51111,51
13.0375204086,80.2123565674,51111,51121,10
13.0373601913,80.2122802734,51121,51131,10
13.0373096466,80.2122573853,51131,51141,10
13.0369701385,80.2122573853,51141,51151,10
13.0364398956,80.2122573853,51151,51161,10
13.0357503891,80.2122573853,51161,51170,9
13.0350599289,80.2122192383,51170,51182,12
13.0344696045,80.2121734619,51182,51192,10
13.034239769,80.2121429443,51192,51202,10
13.0342197418,80.2121276855,51202,51212,10
13.0340995789,80.2120437622,51212,51222,10
13.0338201523,80.212020874,51222,51232,10
13.0333204269,80.2119293213,51232,51242,10
13.0327997208,80.2117919922,51242,51252,10
13.03221035,80.2116775513,51252,51262,10
13.0320501328,80.2110595703,51262,51271,9
13.0320501328,80.2103118896,51271,51283,12
13.0317897797,80.2095565796,51283,51293,10
13.0310001373,80.2093582153,51293,51303,10
13.0300998688,80.2090911865,51303,51313,10
13.0294704437,80.2088928223,51313,51333,20
13.0294704437,80.2088928223,51333,51343,10
13.0292100906,80.2087936401,51343,51353,10
13.0286598206,80.208656311,51353,51363,10
13.0279598236,80.2084579468,51363,51373,10
13.0272502899,80.2080688477,51373,51383,10
13.0264797211,80.2076034546,51383,51394,11
13.0255498886,80.2071762085,51394,51404,10
13.0245103836,80.2069320679,51404,51415,11
13.0241699219,80.2068481445,51415,51424,9
13.0240001678,80.2067871094,51424,51435,11
13.0235395432,80.2066802979,51435,51445,10
13.0230398178,80.2066192627,51445,51455,10
13.0221500397,80.2064590454,51455,51463,8
13.0214099884,80.2064208984,51463,51474,11
13.0203199387,80.2064208984,51474,51484,10
13.0193099976,80.2063293457,51484,51495,11
13.0190000534,80.2062683105,51495,51506,11
13.0188999176,80.206237793,51506,51516,10
13.0184803009,80.2060928345,51516,51526,10
13.0179195404,80.2058868408,51526,51536,10
13.0173397064,80.2056503296,51536,51546,10
13.0169401169,80.2054824829,51546,51556,10
13.0163698196,80.2052536011,51556,51566,10
13.0153398514,80.2048797607,51566,51575,9
13.0145397186,80.2046127319,51575,51586,11
13.0143604279,80.2045288086,51586,51595,9
13.0142202377,80.2044830322,51595,51607,12
13.0137996674,80.2043304443,51607,51617,10
13.0136003494,80.204460144,51617,51627,10
13.0134401321,80.2049636841,51627,51637,10
13.0132198334,80.2056808472,51637,51647,10
13.0130596161,80.2065200806,51647,51657,10
13.0129499435,80.2074890137,51657,51667,10
13.012840271,80.2083892822,51667,51687,20
13.012840271,80.2083892822,51687,51697,10
13.0129203796,80.2089996338,51697,51707,10
13.0131101608,80.2093582153,51707,51718,11
13.0130796432,80.2099075317,51718,51728,10
13.0129299164,80.2107315063,51728,51738,10
13.0125999451,80.2116622925,51738,51748,10
13.012140274,80.2125167847,51748,51758,10
13.0118303299,80.2127990723,51758,51768,10
13.0115098953,80.212562561,51768,51778,10
13.0110397339,80.2122268677,51778,51788,10
13.010430336,80.211769104,51788,51798,10
13.0094804764,80.2110290527,51798,51839,41
13.0094804764,80.2110290527,51839,51849,10
13.0092496872,80.211151123,51849,51859,10
13.0091199875,80.2113876343,51859,51869,10
13.0091199875,80.2117080688,51869,51879,10
13.0092401505,80.2120285034,51879,51889,10
13.0094203949,80.2125320435,51889,51899,10
13.00963974,80.213218689,51899,51909,10
13.0099000931,80.2139816284,51909,51919,10
13.0101299286,80.2147521973,51919,51930,11
13.0102996826,80.2157592773,51930,51940,10
13.0106897354,80.2166671753,51940,51950,10
13.0111198425,80.2176132202,51950,51960,10
13.0114803314,80.2186279297,51960,51970,10
13.0118999481,80.2197570801,51970,51978,8
13.0121202469,80.2206802368,51978,51990,12
13.0124702454,80.2214584351,51990,52000,10
13.0126600266,80.2219696045,52000,52010,10
13.0131101608,80.2225265503,52010,52020,10
13.0137500763,80.2231674194,52020,52029,9
13.0142097473,80.2235565186,52029,52041,12
13.0150003433,80.2244186401,52041,52051,10
13.0153999329,80.2250137329,52051,52061,10
13.0152597427,80.2254562378,52061,52071,10
13.0147600174,80.2257995605,52071,52081,10
13.014289856,80.2260894775,52081,52091,10
13.0136899948,80.2263565063,52091,52101,10
13.0130300522,80.2266464233,52101,52110,9
13.012430191,80.2269515991,52110,52124,14
13.0113897324,80.2273864746,52124,52133,9
13.0106601715,80.2276916504,52133,52143,10
13.0099697113,80.2279586792,52143,52154,11
13.0094995499,80.2277297974,52154,52164,10
13.0095996857,80.2273635864,52164,52174,10
13.0098400116,80.2268218994,52174,52184,10
13.0101499557,80.2260971069,52184,52194,10
13.010310173,80.225692749,52194,52204,10
13.0103998184,80.2254867554,52204,52214,10
13.01060009,80.2250518799,52214,52225,11
13.0108003616,80.2245635986,52225,52235,10
13.0109195709,80.2241897583,52235,52244,9
13.0109701157,80.2240905762,52244,52256,12
13.0111598969,80.2235794067,52256,52266,10
13.0111904144,80.2231521606,52266,52276,10
13.010720253,80.2229232788,52276,52286,10
13.0100698471,80.2225723267,52286,52296,10
13.0093202591,80.2221374512,52296,52306,10
13.0085496902,80.2217330933,52306,52316,10
13.0077104568,80.221282959,52316,52326,10
13.0068998337,80.2208633423,52326,52336,10
13.0059099197,80.2205276489,52336,52345,9
13.0049600601,80.2203063965,52345,52355,10
13.0040302277,80.2200698853,52355,52365,10
13.0031795502,80.2198562622,52365,52377,12
13.0022602081,80.219329834,52377,52387,10
13.0016698837,80.2186965942,52387,52395,8
13.0011901855,80.2183303833,52395,52405,10
13.0005302429,80.2179412842,52405,52417,12
12.9997596741,80.2174224854,52417,52427,10
12.9989995956,80.2170028687,52427,52437,10
12.9981603622,80.2166366577,52437,52447,10
12.9973602295,80.2164993286,52447,52457,10
12.9972801208,80.2164916992,52457,52467,10
12.997130394,80.2164916992,52467,52478,11
12.9967098236,80.2165374756,52478,52488,10
12.9961299896,80.2166671753,52488,52498,10
12.9949998856,80.2171020508,52498,52518,20
12.9949998856,80.2171020508,52518,52528,10
12.994720459,80.2172698975,52528,52538,10
12.9944000244,80.2175598145,52538,52548,10
12.9938097,80.2179489136,52548,52558,10
12.9930696487,80.218421936,52558,52568,10
12.9923601151,80.2189712524,52568,52579,11
12.9916496277,80.2194976807,52579,52589,10
12.9909896851,80.2193908691,52589,52609,20
12.9909896851,80.2193908691,52609,52619,10
12.990650177,80.2192382813,52619,52629,10
12.9901199341,80.2190628052,52629,52639,10
12.9893398285,80.2187805176,52639,52649,10
12.9883899689,80.2184677124,52649,52659,10
12.9873695374,80.2182769775,52659,52669,10
12.9868297577,80.2181777954,52669,52679,10
12.9866895676,80.2181625366,52679,52690,11
12.9862003326,80.2180328369,52690,52700,10
12.9853696823,80.2178878784,52700,52710,10
12.9845695496,80.217880249,52710,52720,10
12.983880043,80.2179031372,52720,52740,20
12.983880043,80.2179031372,52740,52750,10
12.9835996628,80.2178726196,52750,52760,10
12.9830799103,80.217880249,52760,52770,10
12.9824495316,80.217918396,52770,52780,10
12.9823198318,80.217918396,52780,52790,10
12.9821100235,80.217918396,52790,52801,11
12.9815301895,80.2180023193,52801,52811,10
12.9807901382,80.218208313,52811,52821,10
12.9801702499,80.2184371948,52821,52830,9
12.9796895981,80.2186584473,52830,52841,11
12.9789199829,80.218963623,52841,52851,10
12.9784603119,80.2191085815,52851,52861,10
12.9778299332,80.2193832397,52861,52871,10
12.9769897461,80.2197189331,52871,52880,9
12.9762401581,80.2200622559,52880,52891,11
12.9756402969,80.2203292847,52891,52902,11
12.975520134,80.220703125,52902,52972,70
12.975520134,80.220703125,52972,52982,10
12.9759397507,80.2210998535,52982,53023,41
12.9763402939,80.2211990356,53023,53113,90
12.9766902924,80.2212677002,53113,53194,81
12.9766902924,80.2212677002,53194,53204,10
12.9770202637,80.2213363647,53204,53214,10
12.9774398804,80.2212905884,53214,53224,10
12.9780197144,80.2212219238,53224,53235,11
12.978770256,80.2211685181,53235,53245,10
12.9795198441,80.2211303711,53245,53255,10
12.980219841,80.2210617065,53255,53265,10
12.9808301926,80.2210388184,53265,53275,10
12.9814300537,80.2211532593,53275,53285,10
12.9819402695,80.2212677002,53285,53295,10
12.9824800491,80.2215194702,53295,53305,10
12.982919693,80.2218399048,53305,53315,10
12.9829397202,80.221862793,53315,53325,10
12.9832401276,80.2220916748,53325,53335,10
12.9834899902,80.2222290039,53335,53347,12
12.9840297699,80.2225418091,53347,53357,10
12.9845895767,80.222869873,53357,53367,10
12.9851903915,80.2231369019,53367,53377,10
12.98554039,80.2230377197,53377,53387,10
12.9863901138,80.2229385376,53387,53407,20
12.9863901138,80.2229385376,53407,53416,9
12.9866600037,80.2229766846,53416,53427,11
12.9870796204,80.2230606079,53427,53437,10
12.9876403809,80.2229690552,53437,53448,11
12.9882097244,80.2225265503,53448,53458,10
12.9887800217,80.2220001221,53458,53468,10
12.9893198013,80.2214736938,53468,53478,10
12.9898796082,80.2208023071,53478,53488,10
12.9904203415,80.2203369141,53488,53498,10
12.9904699326,80.2203063965,53498,53508,10
12.9907197952,80.2201309204,53508,53518,10
12.9911203384,80.2197799683,53518,53528,10
12.9916296005,80.2194595337,53528,53538,10
12.992190361,80.219039917,53538,53548,10
12.9928302765,80.2185287476,53548,53559,11
12.9934797287,80.2180175781,53559,53569,10
12.9937200546,80.2178573608,53569,53579,10
12.9939603806,80.2177124023,53579,53589,10
12.9939804077,80.2177124023,53589,53599,10
12.9942998886,80.2174911499,53599,53609,10
12.9944601059,80.217376709,53609,53619,10
12.9947299957,80.2171783447,53619,53629,10
12.9951696396,80.2168884277,53629,53639,10
12.9957399368,80.2166824341,53639,53649,10
12.996509552,80.2164993286,53649,53660,11
12.9968795776,80.2164535522,53660,53670,10
12.9968996048,80.2164535522,53670,53680,10
12.9975004196,80.2160186768,53680,53700,20
12.9975004196,80.2160186768,53700,53710,10
12.9976701736,80.2159118652,53710,53720,10
12.9979600906,80.2156295776,53720,53730,10
12.9983797073,80.2152786255,53730,53740,10
12.9989204407,80.2147674561,53740,53750,10
12.9991903305,80.21459198,53750,53760,10
12.9996404648,80.2142105103,53760,53771,11
13.0000600815,80.2139129639,53771,53781,10
13.0004796982,80.2134475708,53781,53791,10
13.0010499954,80.2130126953,53791,53801,10
13.0016899109,80.2125167847,53801,53811,10
13.002120018,80.2122802734,53811,53821,10
13.0025100708,80.2121429443,53821,53831,10
13.0029201508,80.212020874,53831,53841,10
13.0034399033,80.2119293213,53841,53851,10
13.0035295486,80.2118988037,53851,53861,10
13.0036802292,80.211807251,53861,53870,9
13.0037002563,80.2115097046,53870,53882,12
13.003660202,80.2108230591,53882,53892,10
13.0035800934,80.2102127075,53892,53902,10
13.0035295486,80.2095184326,53902,53912,10
13.0036697388,80.2087936401,53912,53922,10
13.0043001175,80.2087097168,53922,53932,10
13.005200386,80.2091217041,53932,53942,10
13.0059299469,80.2094192505,53942,53952,10
13.0064096451,80.2096176147,53952,53962,10
13.0072402954,80.2097320557,53962,53983,21
13.0072402954,80.2097320557,53983,53993,10
13.007399559,80.2098083496,53993,54003,10
13.0077295303,80.2098770142,54003,54013,10
13.0080699921,80.2099227905,54013,54023,10
13.0080499649,80.2095336914,54023,54033,10
13.0079402924,80.2088623047,54033,54043,10
13.0078201294,80.2079925537,54043,54053,10
13.0076503754,80.2070007324,54053,54063,10
13.0074996948,80.2059707642,54063,54073,10
13.0074596405,80.2050018311,54073,54082,9
13.0074796677,80.2042007446,54082,54094,12
13.0073299408,80.2031097412,54094,54104,10
13.0068397522,80.2025299072,54104,54114,10
13.006529808,80.2030563354,54114,54124,10
13.0069198608,80.2033996582,54124,54134,10
13.0074100494,80.2036132813,54134,54144,10
13.0081501007,80.2036972046,54144,54154,10
13.0091495514,80.2036514282,54154,54164,10
13.0104503632,80.2036132813,54164,54174,10
13.0118303299,80.2037506104,54174,54184,10
13.0131597519,80.2040176392,54184,54195,11
13.0136499405,80.2040023804,54195,54205,10
13.0146198273,80.2042770386,54205,54215,10
13.0147199631,80.2043762207,54215,54225,10
13.0152702332,80.2047195435,54225,54235,10
13.0157403946,80.2049026489,54235,54245,10
13.0161399841,80.2049407959,54245,54255,10
13.0165195465,80.2051086426,54255,54265,10
13.0170602798,80.2053527832,54265,54275,10
13.0180902481,80.2057113647,54275,54285,10
13.0185403824,80.2058563232,54285,54295,10
13.0188398361,80.2060317993,54295,54306,11
13.0193099976,80.206161499,54306,54316,10
13.0200004578,80.2062683105,54316,54326,10
13.0207996368,80.2062988281,54326,54336,10
13.0217399597,80.2062530518,54336,54346,10
13.0221099854,80.2061080933,54346,54357,11
13.0230302811,80.2063522339,54357,54367,10
13.0241098404,80.2065887451,54367,54375,8
13.0249900818,80.2068328857,54375,54387,12
13.0263299942,80.2073669434,54387,54396,9
13.0272798538,80.2079696655,54396,54407,11
13.0285100937,80.2085266113,54407,54417,10
13.029299736,80.208770752,54417,54428,11
13.0295295715,80.2088088989,54428,54438,10
13.0299501419,80.2088775635,54438,54448,10
13.0305404663,80.2091293335,54448,54458,10
13.03166008,80.2094497681,54458,54478,20
13.03166008,80.2094497681,54478,54488,10
13.0320196152,80.2096633911,54488,54498,10
13.0324401855,80.2096633911,54498,54507,9
13.0329799652,80.209777832,54507,54518,11
13.0340299606,80.2099075317,54518,54529,11
13.0350198746,80.2102508545,54529,54539,10
13.0349798203,80.2108230591,54539,54549,10
13.0349502563,80.2112808228,54549,54559,10
13.0349502563,80.2113037109,54559,54569,10
13.0349397659,80.2116394043,54569,54579,10
13.0349197388,80.212097168,54579,54589,10
13.0353803635,80.2122116089,54589,54599,10
13.0360298157,80.2122497559,54599,54609,10
13.0366296768,80.2122879028,54609,54619,10
13.0369701385,80.2122268677,54619,54630,11
13.0374202728,80.2122421265,54630,54640,10
13.0375299454,80.2122497559,54640,54650,10
13.0376596451,80.2122497559,54650,54660,10
13.0379896164,80.2122192383,54660,54670,10
13.0385904312,80.2121734619,54670,54680,10
13.0394802094,80.2121887207,54680,54690,10
13.0405101776,80.2121963501,54690,54700,10
13.0415802002,80.212272644,54700,54710,10
13.042889595,80.2122802734,54710,54720,10
13.0438995361,80.2122421265,54720,54751,31
13.0438995361,80.2122421265,54751,54761,10
13.0441703796,80.2123184204,54761,54771,10
13.0446500778,80.2123031616,54771,54781,10
13.0453901291,80.2122802734,54781,54791,10
13.0461301804,80.2122573853,54791,54801,10
13.0468797684,80.2122268677,54801,54811,10
13.0477600098,80.2121200562,54811,54821,10
13.0486602783,80.2120132446,54821,54841,20
13.0486602783,80.2120132446,54841,54852,11
13.0489997864,80.2119827271,54852,54862,10
13.0492296219,80.2119903564,54862,54872,10
13.0496397018,80.2119598389,54872,54882,10
13.0498199463,80.2119216919,54882,54892,10
13.0501203537,80.2118988037,54892,54902,10
13.0504598618,80.2119293213,54902,54912,10
13.0509700775,80.2119674683,54912,54922,10
13.0518398285,80.2118606567,54922,54932,10
13.0529899597,80.2116699219,54932,54942,10
13.0538902283,80.21144104,54942,54953,11
13.0541200638,80.2114181519,54953,54963,10
13.0542697906,80.21144104,54963,54973,10
13.0546102524,80.2114181519,54973,54983,10
13.0551099777,80.2113800049,54983,54993,10
13.0559301376,80.2113418579,54993,55003,10
13.0566797256,80.2113418579,55003,55013,10
13.05727005,80.2113265991,55013,55023,10
13.057559967,80.2113800049,55023,55033,10
13.0580997467,80.2114105225,55033,55043,10
13.0588903427,80.2114562988,55043,55053,10
13.0598201752,80.2115020752,55053,55064,11
13.0609397888,80.2115631104,55064,55074,10
13.0616798401,80.2115325928,55074,55084,10
13.0630998611,80.2115783691,55084,55104,20
13.0630998611,80.2115783691,55104,55114,10
13.0633001328,80.2115478516,55114,55124,10
13.0636396408,80.2115097046,55124,55134,10
13.0641803741,80.2114028931,55134,55144,10
13.0650196075,80.2109985352,55144,55154,10
13.0659303665,80.2103729248,55154,55164,10
13.0668296814,80.2096176147,55164,55175,11
13.0675096512,80.2086181641,55175,55185,10
13.0679798126,80.2078323364,55185,55194,9
13.068400383,80.2070999146,55194,55205,11
13.0690202713,80.2061233521,55205,55215,10
13.0694599152,80.2054214478,55215,55225,10
13.0696601868,80.2049636841,55225,55235,10
13.069439888,80.2048110962,55235,55245,10
13.0691404343,80.2050628662,55245,55255,10
13.0687999725,80.205329895,55255,55306,51
13.0686798096,80.2051010132,55306,55336,30
13.0686798096,80.2051010132,55336,55346,10
13.0687198639,80.2048568726,55346,55358,12
13.0690402985,80.2046737671,55358,55389,31
13.0690402985,80.2046737671,55389,55399,10
13.0694599152,80.204750061,55399,55409,10
13.0697002411,80.2048187256,55409,55419,10
13.0698900223,80.204788208,55419,55429,10
13.0700502396,80.2045822144,55429,55439,10
13.0703401566,80.2041625977,55439,55449,10
13.0708198547,80.2035598755,55449,55459,10
13.0714597702,80.2028808594,55459,55469,10
13.0718202591,80.2024765015,55469,55479,10
13.0720901489,80.2021179199,55479,55490,11
13.0724401474,80.2017288208,55490,55500,10
13.0728702545,80.2012405396,55500,55510,10
13.0732898712,80.200843811,55510,55520,10
13.073679924,80.2004013062,55520,55530,10
13.0740299225,80.1998977661,55530,55540,10
13.0743198395,80.1995773315,55540,55550,10
13.0748100281,80.1992111206,55550,55560,10
13.075630188,80.1990585327,55560,55570,10
13.0765800476,80.1990280151,55570,55580,10
13.0777196884,80.1988983154,55580,55589,9
13.0787401199,80.1987533569,55589,55601,12
13.0796003342,80.1986465454,55601,55611,10
13.0805196762,80.198600769,55611,55621,10
13.0814304352,80.1985473633,55621,55631,10
13.0822200775,80.1984710693,55631,55641,10
13.0828695297,80.1984481812,55641,55651,10
13.0834703445,80.1984176636,55651,55661,10
13.0837602615,80.1984405518,55661,55671,10
13.0840797424,80.1984710693,55671,55681,10
13.0845003128,80.1985015869,55681,55691,10
13.0848703384,80.1984710693,55691,55701,10
13.0852003098,80.1984100342,55701,55710,9
13.0856103897,80.1983413696,55710,55721,11
13.0862703323,80.1983718872,55721,55732,11
13.0867500305,80.198387146,55732,55742,10
13.0870103836,80.1983108521,55742,55752,10
13.087100029,80.1979980469,55752,55762,10
13.0871295929,80.1979370117,55762,55772,10
13.0871896744,80.1976318359,55772,55782,10
13.0872097015,80.1970672607,55782,55792,10
13.0872097015,80.1962585449,55792,55801,9
13.0872097015,80.1955871582,55801,55813,12
13.0872297287,80.1946716309,55813,55823,10
13.0872497559,80.1937637329,55823,55833,10
13.0872602463,80.1928405762,55833,55843,10
13.0873403549,80.1921768188,55843,55853,10
13.0874099731,80.1913299561,55853,55863,10
13.0875301361,80.1903762817,55863,55873,10
13.0876502991,80.1893997192,55873,55883,10
13.0876598358,80.1886367798,55883,55893,10
13.087679863,80.1885528564,55893,55903,10
13.0877399445,80.1882781982,55903,55912,9
13.0877799988,80.1878204346,55912,55924,12
13.0877599716,80.1868133545,55924,55934,10
13.0877599716,80.1858978271,55934,55942,8
13.0878095627,80.1851425171,55942,55954,12
13.0879297256,80.18334198,55954,55964,10
13.0879297256,80.18334198,55964,55974,10
13.0879802704,80.1826095581,55974,55983,9
13.0879802704,80.1817932129,55983,56002,19
13.0880298615,80.1800765991,56002,56012,10
13.0880298615,80.1799697876,56012,56022,10
13.0880804062,80.1797485352,56022,56033,11
13.0880899429,80.179107666,56033,56053,20
13.0880899429,80.179107666,56053,56063,10
13.0881099701,80.1788406372,56063,56073,10
13.0881204605,80.1783218384,56073,56083,10
13.0881099701,80.1775817871,56083,56093,10
13.0881500244,80.1766662598,56093,56103,10
13.0882301331,80.1755905151,56103,56113,10
13.0882902145,80.1745300293,56113,56123,10
13.0884199142,80.1733093262,56123,56133,10
13.088470459,80.1722793579,56133,56144,11
13.0885400772,80.171333313,56144,56154,10
13.0885801315,80.1705780029,56154,56164,10
13.0886001587,80.1698074341,56164,56174,10
13.0888299942,80.169418335,56174,56184,10
13.0893497467,80.1694564819,56184,56194,10
13.0901603699,80.1695175171,56194,56204,10
13.0911102295,80.1695785522,56204,56214,10
13.092089653,80.1696624756,56214,56224,10
13.0931501389,80.1697311401,56224,56234,10
13.0940599442,80.1697311401,56234,56245,11
13.0945596695,80.1697616577,56245,56255,10
13.0948400497,80.1697769165,56255,56265,10
13.0952196121,80.1698226929,56265,56275,10
13.0958995819,80.169883728,56275,56285,10
13.0968198776,80.1699523926,56285,56295,10
13.0977802277,80.1699829102,56295,56305,10
13.0993299484,80.1700897217,56305,56396,91
13.0996704102,80.1699905396,56396,56426,30
13.0996704102,80.1699905396,56426,56436,10
13.0995998383,80.169670105,56436,56467,31
13.0995998383,80.169670105,56467,56477,10
13.0992298126,80.1695632935,56477,56487,10
13.0991802216,80.1695022583,56487,56497,10
13.0991201401,80.1693115234,56497,56507,10
13.0989704132,80.1692428589,56507,56567,60
13.0987195969,80.1692581177,56567,56911,344
13.0988502502,80.1696166992,56911,56961,50
13.0988502502,80.1696166992,56961,56971,10
13.0991296768,80.1696395874,56971,57042,71
13.0994901657,80.169670105,57042,57193,151
13.0994901657,80.169670105,57193,57203,10
13.099729538,80.1697998047,57203,57213,10
13.0996799469,80.1699905396,57213,57224,11
13.0996599197,80.1700363159,57224,57234,10
13.0993995667,80.1701278687,57234,57244,10
13.0991401672,80.1701965332,57244,57254,10
13.0985898972,80.1701583862,57254,57264,10
13.0979299545,80.1701202393,57264,57274,10
13.0971002579,80.1700668335,57274,57284,10
13.0961198807,80.1700134277,57284,57294,10
13.0952796936,80.169960022,57294,57301,7
13.0948600769,80.169921875,57301,57314,13
13.0945501328,80.1698989868,57314,57324,10
13.0942802429,80.1698913574,57324,57335,11
13.0935697556,80.1698379517,57335,57345,10
13.0927000046,80.1697998047,57345,57355,10
13.0917196274,80.1697387695,57355,57365,10
13.0906896591,80.1696624756,57365,57375,10
13.0897102356,80.1696014404,57375,57383,8
13.0889797211,80.1695709229,57383,57395,12
13.0886297226,80.1698913574,57395,57405,10
13.0885801315,80.1705169678,57405,57415,10
13.088549614,80.1712722778,57415,57424,9
13.0885601044,80.1718826294,57424,57446,22
13.0885601044,80.1718826294,57446,57456,10
13.08852005,80.1723327637,57456,57466,10
13.0884895325,80.1728363037,57466,57476,10
13.0884504318,80.1733016968,57476,57486,10
13.0884304047,80.1738891602,57486,57496,10
13.0883903503,80.1745605469,57496,57506,10
13.0883598328,80.1750869751,57506,57516,10
13.0883197784,80.1756896973,57516,57526,10
13.0882701874,80.1764068604,57526,57536,10
13.0882396698,80.177116394,57536,57547,11
13.0882396698,80.1777877808,57547,57557,10
13.0882501602,80.1784591675,57557,57607,50
13.0882501602,80.1784591675,57607,57617,10
13.0882396698,80.1788024902,57617,57627,10
13.088259697,80.1791000366,57627,57637,10
13.088259697,80.1793670654,57637,57647,10
13.0882396698,80.1798171997,57647,57660,13
13.0881996155,80.1806869507,57660,57670,10
13.0881500244,80.1814804077,57670,57680,10
13.0881004333,80.1823196411,57680,57690,10
13.088060379,80.1831512451,57690,57700,10
13.0880002975,80.1840286255,57700,57710,10
13.0880203247,80.1849365234,57710,57720,10
13.0879497528,80.1858673096,57720,57730,10
13.0879001617,80.1867370605,57730,57740,10
13.0878601074,80.1875915527,57740,57749,9
13.0878400803,80.1882629395,57749,57761,12
13.0878200531,80.1891326904,57761,57771,10
13.0877799988,80.1898193359,57771,57811,40
13.0877799988,80.1898193359,57811,57821,10
13.0877199173,80.1900100708,57821,57831,10
13.0876502991,80.1904602051,57831,57841,10
13.0875597,80.191116333,57841,57851,10
13.0874595642,80.1919326782,57851,57861,10
13.0873498917,80.1926879883,57861,57872,11
13.0873098373,80.1935501099,57872,57882,10
13.0873098373,80.1944274902,57882,57892,10
13.0872898102,80.1952819824,57892,57902,10
13.0872497559,80.1961593628,57902,57912,10
13.0872402191,80.1970596313,57912,57922,10
13.0872497559,80.1977462769,57922,57932,10
13.0872497559,80.1978225708,57932,57942,10
13.0872097015,80.1980133057,57942,57952,10
13.0873203278,80.1983413696,57952,57962,10
13.0873603821,80.1984024048,57962,57973,11
13.0874700546,80.1984481812,57973,57983,10
13.0877399445,80.198387146,57983,57993,10
13.0883197784,80.1983108521,57993,58003,10
13.0888299942,80.1983108521,58003,58013,10
13.0894203186,80.198387146,58013,58023,10
13.0901203156,80.1984786987,58023,58033,10
13.0909004211,80.1985931396,58033,58043,10
13.0918197632,80.1986694336,58043,58053,10
13.0927600861,80.1986465454,58053,58063,10
13.0930204391,80.1988372803,58063,58073,10
13.093000412,80.1990127563,58073,58084,11
13.0929803848,80.199546814,58084,58094,10
13.0930099487,80.2002334595,58094,58104,10
13.0929603577,80.2004470825,58104,58114,10
13.0926399231,80.2005615234,58114,58124,10
13.0921096802,80.2005615234,58124,58134,10
13.0914001465,80.2005386353,58134,58144,10
13.0905599594,80.2005233765,58144,58154,10
13.089679718,80.2004776001,58154,58164,10
13.0887298584,80.2004470825,58164,58174,10
13.087770462,80.2004318237,58174,58183,9
13.0870399475,80.2004089355,58183,58195,12
13.086350441,80.200378418,58195,58203,8
13.0857601166,80.2003707886,58203,58215,12
13.0853300095,80.2002792358,58215,58225,10
13.0853204727,80.1999282837,58225,58235,10
13.0853204727,80.1993179321,58235,58245,10
13.0852804184,80.1987380981,58245,58255,10
13.0849704742,80.1986923218,58255,58265,10
13.0842399597,80.198677063,58265,58295,30
13.0842399597,80.198677063,58295,58306,11
13.0838003159,80.1986999512,58306,58316,10
13.0832300186,80.1986923218,58316,58326,10
13.0825004578,80.1986465454,58326,58336,10
13.0817403793,80.1986923218,58336,58346,10
13.0810899734,80.1986694336,58346,58356,10
13.080499649,80.1986999512,58356,58366,10
13.0798397064,80.1987533569,58366,58376,10
13.0790996552,80.1988220215,58376,58386,10
13.078379631,80.1989135742,58386,58396,10
13.0775604248,80.1990203857,58396,58407,11
13.0766201019,80.1991271973,58407,58417,10
13.0758800507,80.19921875,58417,58427,10
13.0751199722,80.1993789673,58427,58437,10
13.0744495392,80.1997680664,58437,58447,10
13.0738201141,80.200378418,58447,58457,10
13.0736103058,80.2005996704,58457,58467,10
13.0735397339,80.200668335,58467,58477,10
13.0732603073,80.2009887695,58477,58487,10
13.0727996826,80.2015304565,58487,58497,10
13.0722198486,80.2022094727,58497,58507,10
13.071559906,80.2029266357,58507,58518,11
13.0707798004,80.2038574219,58518,58528,10
13.0701799393,80.2045898438,58528,58538,10
13.0699396133,80.2049865723,58538,58568,30
13.0699396133,80.2049865723,58568,58578,10
13.0697898865,80.2050704956,58578,58588,10
13.0695199966,80.2049026489,58588,58598,10
13.0692300797,80.2049713135,58598,58608,10
13.0689401627,80.2053985596,58608,58618,10
13.0685501099,80.2054901123,58618,58628,10
13.068400383,80.2054672241,58628,58640,12
13.0679998398,80.205406189,58640,58761,121
13.0679998398,80.205406189,58761,58771,10
13.0680103302,80.2050933838,58771,58781,10
13.0682401657,80.2049865723,58781,58791,10
13.068570137,80.2048416138,58791,58801,10
13.0687799454,80.2047805786,58801,58811,10
13.0690803528,80.2047424316,58811,58821,10
13.0694198608,80.2047805786,58821,58831,10
13.0694904327,80.2048034668,58831,58842,11
13.0698099136,80.2050704956,58842,58852,10
13.069560051,80.2055587769,58852,58862,10
13.0691604614,80.2062072754,58862,58872,10
13.0686903,80.2069702148,58872,58882,10
13.0682201385,80.2077636719,58882,58892,10
13.0677099228,80.2085571289,58892,58902,10
13.0671796799,80.2093811035,58902,58912,10
13.0665502548,80.2100906372,58912,58922,10
13.0659198761,80.210647583,58922,58932,10
13.0652999878,80.2111816406,58932,58942,10
13.0651302338,80.2112579346,58942,58953,11
13.0650501251,80.2113265991,58953,58963,10
13.0647497177,80.2115020752,58963,58973,10
13.0642004013,80.2117233276,58973,58983,10
13.0635204315,80.2117996216,58983,58993,10
13.0626602173,80.2118377686,58993,59003,10
13.0618095398,80.2118225098,59003,59013,10
13.0607099533,80.2117614746,59013,59023,10
13.059630394,80.211730957,59023,59033,10
13.0586700439,80.2117004395,59033,59043,10
13.0578403473,80.2116928101,59043,59054,11
13.0576496124,80.2116775513,59054,59064,10
13.057390213,80.2116775513,59064,59074,10
13.0569095612,80.2116622925,59074,59084,10
13.0562200546,80.2116394043,59084,59094,10
13.0553703308,80.2116165161,59094,59104,10
13.0546398163,80.2116394043,59104,59114,10
13.0545301437,80.2116470337,59114,59124,10
13.054189682,80.2117233276,59124,59134,10
13.0536003113,80.2118682861,59134,59144,10
13.0528402328,80.212059021,59144,59153,9
13.052189827,80.2122421265,59153,59165,12
13.0512895584,80.212310791,59165,59175,10
13.0506696701,80.2122573853,59175,59185,10
13.0500097275,80.2122802734,59185,59195,10
13.0497102737,80.2122497559,59195,59235,40
13.0497102737,80.2122497559,59235,59245,10
13.0494298935,80.2121505737,59245,59255,10
13.049030304,80.2121582031,59255,59265,10
13.0483398438,80.2122116089,59265,59276,11
13.0474500656,80.2123031616,59276,59286,10
13.0464496613,80.212348938,59286,59296,10
13.0453596115,80.2124023438,59296,59306,10
13.0445604324,80.2124481201,59306,59377,71
13.0445604324,80.2124481201,59377,59387,10
13.044260025,80.2124481201,59387,59397,10
13.0436897278,80.2124404907,59397,59407,10
13.0428495407,80.2124099731,59407,59417,10
13.0419397354,80.2124023438,59417,59427,10
13.0409297943,80.2123718262,59427,59437,10
13.0397100449,80.2124023438,59437,59447,10
13.0385799408,80.2124176025,59447,59457,10
13.0375995636,80.2124328613,59457,59508,51
13.0375995636,80.2124328613,59508,59518,10
13.0374002457,80.2124099731,59518,59528,10
13.0369300842,80.212387085,59528,59538,10
13.0362596512,80.212348938,59538,59548,10
13.0354099274,80.2123336792,59548,59558,10
13.0347604752,80.2122497559,59558,59568,10
13.034119606,80.2121429443,59568,59589,21
13.034119606,80.2121429443,59589,59599,10
13.0338802338,80.2120819092,59599,59609,10
13.0334701538,80.2119598389,59609,59619,10
13.032790184,80.2118301392,59619,59629,10
13.0320596695,80.2116622925,59629,59641,12
13.0320596695,80.2109375,59641,59651,10
13.0321397781,80.2100830078,59651,59661,10
13.0317401886,80.2095870972,59661,59671,10
13.0309095383,80.2093505859,59671,59681,10
13.030090332,80.2091217041,59681,59691,10
13.0295095444,80.208946228,59691,59712,21
13.0295095444,80.208946228,59712,59722,10
13.0291204453,80.2088012695,59722,59732,10
13.0285100937,80.2086410522,59732,59742,10
13.0277395248,80.2083816528,59742,59752,10
13.0269899368,80.2079315186,59752,59762,10
13.0261898041,80.2074279785,59762,59772,10
13.0252504349,80.2070083618,59772,59782,10
13.0243301392,80.2068862915,59782,59792,10
13.0242204666,80.2068710327,59792,59802,10
13.0238704681,80.2068023682,59802,59813,11
13.0232601166,80.2066574097,59813,59823,10
13.0224399567,80.2064819336,59823,59833,10
13.0216398239,80.2064285278,59833,59843,10
13.0208997726,80.206451416,59843,59853,10
13.0200099945,80.2064590454,59853,59863,10
13.0193099976,80.2063980103,59863,59873,10
13.0191698074,80.2063522339,59873,59883,10
13.019080162,80.2062911987,59883,59893,10
13.0190296173,80.2062835693,59893,59903,10
13.0187997818,80.2062072754,59903,59914,11
13.0182695389,80.2060165405,59914,59924,10
13.0177202225,80.2058181763,59924,59934,10
13.0171403885,80.2055969238,59934,59944,10
13.0166397095,80.2053985596,59944,59954,10
13.0158395767,80.205116272,59954,59964,10
13.0149402618,80.2048568726,59964,59974,10
13.0142097473,80.2046279907,59974,59984,10
13.0141401291,80.2045974731,59984,59994,10
13.0138998032,80.204498291,59994,60004,10
13.0135698318,80.204498291,60004,60013,9
13.0135002136,80.204826355,60013,60025,12
13.0133600235,80.2055206299,60025,60035,10
13.0131998062,80.2062988281,60035,60045,10
13.0130796432,80.2072219849,60045,60055,10
13.0129499435,80.2078933716,60055,60065,10
13.0129299164,80.2083969116,60065,60075,10
13.0129098892,80.2086715698,60075,60085,10
13.0129804611,80.2091217041,60085,60095,10
13.0132102966,80.209602356,60095,60105,10
13.0131998062,80.2102203369,60105,60115,10
13.0130300522,80.2109832764,60115,60126,11
13.0125904083,80.211807251,60126,60136,10
13.0121002197,80.212562561,60136,60146,10
13.0118303299,80.2128219604,60146,60156,10
13.0116300583,80.2127227783,60156,60166,10
13.0112600327,80.2124710083,60166,60176,10
13.0107803345,80.2121429443,60176,60186,10
13.0099897385,80.2115097046,60186,60226,40
13.0099897385,80.2115097046,60226,60237,11
13.0097198486,80.211227417,60237,60267,30
13.0094203949,80.2109985352,60267,60307,40
13.0094203949,80.2109985352,60307,60317,10
13.0091896057,80.2112731934,60317,60327,10
13.009059906,80.2114868164,60327,60337,10
13.0090999603,80.2117919922,60337,60348,11
13.0092802048,80.2123565674,60348,60358,10
13.0094404221,80.2128372192,60358,60368,10
13.0096302032,80.2133102417,60368,60378,10
13.0098199844,80.2138290405,60378,60388,10
13.0100803375,80.2144317627,60388,60398,10
13.0102300644,80.2152328491,60398,60408,10
13.0103998184,80.216003418,60408,60418,10
13.0107803345,80.2167892456,60418,60428,10
13.0111703873,80.2176818848,60428,60438,10
13.0115499496,80.2187271118,60438,60449,11
13.0118904114,80.2199020386,60449,60459,10
13.0122499466,80.2209701538,60459,60469,10
13.0123500824,80.2213973999,60469,60479,10
13.0124397278,80.2215194702,60479,60489,10
13.012720108,80.2220993042,60489,60499,10
13.0132598877,80.2226028442,60499,60509,10
13.0138101578,80.2232284546,60509,60519,10
13.0141801834,80.2236785889,60519,60529,10
13.014670372,80.2241897583,60529,60539,10
13.0152301788,80.2248687744,60539,60549,10
13.0153999329,80.2251663208,60549,60560,11
13.0154495239,80.2255706787,60560,60570,10
13.0152301788,80.2258911133,60570,60580,10
13.0147399902,80.2260971069,60580,60590,10
13.0140399933,80.2263717651,60590,60600,10
13.0135202408,80.2265396118,60600,60610,10
13.0132398605,80.2266464233,60610,60620,10
13.012720108,80.2268600464,60620,60630,10
13.0119495392,80.2271575928,60630,60640,10
13.0111103058,80.2274932861,60640,60650,10
13.010219574,80.2278366089,60650,60661,11
13.0095100403,80.2277526855,60661,60671,10
13.0097103119,80.2272109985,60671,60681,10
13.0100097656,80.2264404297,60681,60691,10
13.010430336,80.2254486084,60691,60701,10
13.0108098984,80.2244796753,60701,60711,10
13.0112104416,80.2236022949,60711,60721,10
13.0111703873,80.2231369019,60721,60731,10
13.0106401443,80.2228469849,60731,60741,10
13.009929657,80.2224884033,60741,60751,10
13.0092401505,80.222076416,60751,60761,10
13.008480072,80.2216873169,60761,60772,11
13.0075502396,80.221206665,60772,60782,10
13.006819725,80.2208328247,60782,60792,10
13.0059204102,80.2205505371,60792,60802,10
13.0048999786,80.2203369141,60802,60812,10
13.0041503906,80.2201538086,60812,60822,10
13.003490448,80.2199783325,60822,60832,10
13.0026903152,80.2196807861,60832,60842,10
13.0020303726,80.2190628052,60842,60852,10
13.0015001297,80.2185821533,60852,60862,10
13.0008497238,80.2181167603,60862,60872,10
13.000169754,80.2176895142,60872,60883,11
12.9993000031,80.2172012329,60883,60893,10
12.998459816,80.2167816162,60893,60903,10
12.997420311,80.2165603638,60903,60923,20
12.997420311,80.2165603638,60923,60933,10
12.9972801208,80.2165222168,60933,60943,10
12.9968500137,80.2165603638,60943,60953,10
12.9961795807,80.2166671753,60953,60963,10
12.9953699112,80.2169189453,60963,60973,10
12.9950399399,80.2171096802,60973,60984,11
12.9946699142,80.2173614502,60984,60994,10
12.9943399429,80.217590332,60994,61004,10
12.9939603806,80.2178726196,61004,61014,10
12.993470192,80.2182006836,61014,61024,10
12.9929103851,80.2185974121,61024,61034,10
12.9923000336,80.2190475464,61034,61044,10
12.9917402267,80.2194519043,61044,61054,10
12.9914503098,80.2195968628,61054,61064,10
12.9910497665,80.2194671631,61064,61074,10
12.9910202026,80.2194595337,61074,61083,9
12.9908800125,80.2193374634,61083,61095,12
12.9903001785,80.2191314697,61095,61105,10
12.9895401001,80.2188796997,61105,61115,10
12.988650322,80.2185592651,61115,61125,10
12.9876804352,80.2183380127,61125,61135,10
12.9870100021,80.2182388306,61135,61145,10
12.9869499207,80.2182388306,61145,61155,10
12.9867095947,80.2181777954,61155,61165,10
12.9862604141,80.2180633545,61165,61175,10
12.98554039,80.2179107666,61175,61185,10
12.9847097397,80.2179031372,61185,61195,10
12.9840602875,80.2179489136,61195,61206,11
12.9840402603,80.2179489136,61206,61216,10
12.9839496613,80.2179718018,61216,61226,10
12.9836196899,80.217956543,61226,61236,10
12.9830198288,80.2179489136,61236,61246,10
12.9821901321,80.2179489136,61246,61256,10
12.9812698364,80.2180862427,61256,61266,10
12.9803304672,80.2184066772,61266,61276,10
12.9800796509,80.2185134888,61276,61286,10
12.9798698425,80.2186126709,61286,61296,10
12.9793796539,80.2188110352,61296,61307,11
12.9787998199,80.219039917,61307,61317,10
12.97838974,80.2192001343,61317,61327,10
12.9777002335,80.2194976807,61327,61337,10
12.9768400192,80.2198562622,61337,61347,10
12.9758501053,80.2203063965,61347,61407,60
12.9758501053,80.2203063965,61407,61418,11
12.9756202698,80.2203369141,61418,61428,10
12.9754896164,80.2205429077,61428,61438,10
12.9756097794,80.2207794189,61438,61488,50
12.975859642,80.2210235596,61488,62235,747
12.9761800766,80.2212600708,62235,62265,30
12.9761800766,80.2212600708,62265,62275,10
12.9765901566,80.2213134766,62275,62286,11
12.9769697189,80.2212982178,62286,62296,10
12.9772596359,80.2212600708,62296,62306,10
12.9776201248,80.2212371826,62306,62316,10
12.9779701233,80.2212371826,62316,62326,10
12.9784202576,80.2212219238,62326,62336,10
12.9788303375,80.2211685181,62336,62346,10
12.9794101715,80.2211227417,62346,62356,10
12.9800100327,80.2210617065,62356,62366,10
12.9805402756,80.2210235596,62366,62376,10
12.9810695648,80.2211380005,62376,62387,11
12.9816904068,80.2214508057,62387,62397,10
12.9818296432,80.2215118408,62397,62407,10
12.9822902679,80.2217636108,62407,62417,10
12.9828596115,80.2219619751,62417,62437,20
12.9831600189,80.2220993042,62437,62457,20
12.9831600189,80.2220993042,62457,62467,10
12.9834899902,80.2223129272,62467,62477,10
12.9837398529,80.2224578857,62477,62487,10
12.9841499329,80.2226715088,62487,62498,11
12.9846496582,80.2229766846,62498,62508,10
12.9851903915,80.2231826782,62508,62518,10
12.9854602814,80.22315979,62518,62528,10
12.9856996536,80.2230072021,62528,62538,10
12.986240387,80.2229614258,62538,62558,20
12.986240387,80.2229614258,62558,62568,10
12.9867601395,80.2230224609,62568,62578,10
12.9870796204,80.2230606079,62578,62588,10
12.9873695374,80.2230606079,62588,62599,11
12.9877004623,80.2228927612,62599,62609,10
12.9880695343,80.2225494385,62609,62619,10
12.9886102676,80.2220916748,62619,62629,10
12.989159584,80.2216186523,62629,62639,10
12.9896297455,80.220993042,62639,62649,10
12.9902296066,80.2204208374,62649,62659,10
12.9907903671,80.2200317383,62659,62689,30
12.9907903671,80.2200317383,62689,62699,10
12.9911203384,80.2198867798,62699,62710,11
12.9913101196,80.2197570801,62710,62720,10
12.9916400909,80.2194976807,62720,62730,10
12.9920701981,80.2191467285,62730,62740,10
12.9925498962,80.218788147,62740,62750,10
12.9930200577,80.2184371948,62750,62760,10
12.9935703278,80.2180786133,62760,62770,10
12.9940099716,80.2177581787,62770,62780,10
12.9943599701,80.2174835205,62780,62790,10
12.9948596954,80.2171173096,62790,62800,10
12.9953804016,80.2168121338,62800,62811,11
12.9960899353,80.2166137695,62811,62821,10
12.9968204498,80.2164916992,62821,62831,10
12.9973802567,80.2161102295,62831,62851,20
12.9973802567,80.2161102295,62851,62861,10
12.9977197647,80.2159500122,62861,62871,10
12.9980401993,80.2156524658,62871,62881,10
12.9983797073,80.2152786255,62881,62891,10
12.9987697601,80.2148971558,62891,62901,10
12.9990701675,80.2147216797,62901,62910,9
12.9994001389,80.2144699097,62910,62929,19
13.0001602173,80.2138824463,62929,62939,10
13.0005102158,80.213508606,62939,62949,10
13.0010595322,80.2130584717,62949,62959,10
13.0015897751,80.2126464844,62959,62969,10
13.0019903183,80.2123336792,62969,62979,10
13.0025501251,80.2121429443,62979,62989,10
13.0029802322,80.212059021,62989,62999,10
13.0033197403,80.2119369507,62999,63009,10
13.0033397675,80.2119064331,63009,63019,10
13.0035495758,80.2116775513,63019,63030,11
13.0035896301,80.21118927,63030,63040,10
13.0035800934,80.2106781006,63040,63050,10
13.0035295486,80.2102584839,63050,63060,10
13.003490448,80.2098083496,63060,63070,10
13.0035400391,80.2092971802,63070,63080,10
13.0037202835,80.208732605,63080,63090,10
13.0042896271,80.2087936401,63090,63100,10
13.0050601959,80.2091293335,63100,63110,10
13.0059700012,80.2094802856,63110,63120,10
13.0068101883,80.2097473145,63120,63129,9
13.0072097778,80.2097625732,63129,63151,22
13.0072097778,80.2097625732,63151,63161,10
13.0074996948,80.2098388672,63161,63171,10
13.007610321,80.2098693848,63171,63181,10
13.0078001022,80.2098999023,63181,63191,10
13.0080900192,80.2098770142,63191,63201,10
13.0080404282,80.2094802856,63201,63211,10
13.0079298019,80.2089233398,63211,63221,10
13.0078296661,80.2081604004,63221,63231,10
13.0077104568,80.2073135376,63231,63242,11
13.0075798035,80.2063903809,63242,63252,10
13.0074796677,80.2055969238,63252,63262,10
13.0074901581,80.2049179077,63262,63272,10
13.0074901581,80.2043609619,63272,63282,10
13.0074396133,80.2037887573,63282,63292,10
13.0072898865,80.2030029297,63292,63302,10
13.0067501068,80.2025985718,63302,63312,10
13.0065202713,80.2030487061,63312,63322,10
13.0067501068,80.2033309937,63322,63332,10
13.0070295334,80.2034912109,63332,63342,10
13.0074796677,80.2036590576,63342,63353,11
13.0081501007,80.2037277222,63353,63363,10
13.0089101791,80.2036895752,63363,63373,10
13.0098600388,80.2036514282,63373,63383,10
13.0109596252,80.2036819458,63383,63393,10
13.0121498108,80.2038192749,63393,63403,10
13.0132198334,80.2040634155,63403,63413,10
13.0137195587,80.2042007446,63413,63423,10
13.0141897202,80.2043304443,63423,63433,10
13.0148000717,80.2045211792,63433,63443,10
13.0149898529,80.2045974731,63443,63454,11
13.015250206,80.2046585083,63454,63464,10
13.0156803131,80.2048492432,63464,63474,10
13.015999794,80.2049407959,63474,63484,10
13.016289711,80.2048187256,63484,63494,10
13.0165596008,80.2050628662,63494,63504,10
13.0170202255,80.2052993774,63504,63514,10
13.0177001953,80.2055587769,63514,63524,10
13.0183095932,80.2057571411,63524,63534,10
13.0183696747,80.2057723999,63534,63544,10
13.0186595917,80.2058334351,63544,63554,10
13.0189199448,80.2059936523,63554,63565,11
13.0194101334,80.2061386108,63565,63575,10
13.0198001862,80.2061691284,63575,63585,10
13.0201797485,80.206199646,63585,63595,10
13.0205402374,80.2061309814,63595,63605,10
13.0210199356,80.2060775757,63605,63615,10
13.0214996338,80.2059783936,63615,63625,10
13.0218400955,80.2059936523,63625,63635,10
13.0223302841,80.2061004639,63635,63645,10
13.0230998993,80.2062988281,63645,63655,10
13.0244102478,80.2066497803,63655,63665,10
13.0257101059,80.2072677612,63665,63676,11
13.0270500183,80.2079925537,63676,63686,10
13.0280895233,80.2084884644,63686,63696,10
13.0289802551,80.2087020874,63696,63706,10
13.029299736,80.2087783813,63706,63716,10
13.0296096802,80.2088699341,63716,63726,10
13.0301303864,80.2090072632,63726,63736,10
13.0307102203,80.2091598511,63736,63746,10
13.0316095352,80.2093429565,63746,63766,20
13.0316095352,80.2093429565,63766,63777,11
13.0318803787,80.2093963623,63777,63787,10
13.0323495865,80.2095031738,63787,63797,10
13.0330495834,80.2096405029,63797,63807,10
13.0339097977,80.2098388672,63807,63817,10
13.0347499847,80.2100219727,63817,63827,10
13.0350399017,80.2105026245,63827,63837,10
13.0349798203,80.2108001709,63837,63847,10
13.0349798203,80.2110824585,63847,63857,10
13.0349702835,80.2113723755,63857,63877,20
13.0349702835,80.2113723755,63877,63888,11
13.0349197388,80.2116775513,63888,63898,10
13.0348997116,80.2119827271,63898,63918,20
13.0348997116,80.2119827271,63918,63928,10
13.0349702835,80.2122116089,63928,63938,10
13.035369873,80.212272644,63938,63948,10
13.0359401703,80.2122802734,63948,63958,10
13.0366802216,80.2123031616,63958,63968,10
13.0375003815,80.2123031616,63968,63978,10
13.0383501053,80.2123031616,63978,63989,11
13.0394096375,80.2123184204,63989,63999,10
13.0404901505,80.2122879028,63999,64009,10
13.041680336,80.2122573853,64009,64019,10
13.0427398682,80.2122268677,64019,64029,10
13.0435695648,80.2121963501,64029,64069,40
13.0435695648,80.2121963501,64069,64079,10
13.0439996719,80.2121887207,64079,64089,10
13.0444498062,80.2121963501,64089,64100,11
13.0451402664,80.2121887207,64100,64110,10
13.0458698273,80.2121734619,64110,64120,10
13.0465297699,80.2121505737,64120,64130,10
13.0472402573,80.212097168,64130,64140,10
13.0478000641,80.2120513916,64140,64150,10
13.0481796265,80.2119979858,64150,64170,20
13.0481796265,80.2119979858,64170,64180,10
13.04845047,80.2119903564,64180,64199,19
13.04845047,80.2119903564,64199,64211,12
13.048740387,80.2119216919,64211,64221,10
13.0489702225,80.2119064331,64221,64231,10
13.0494003296,80.2118988037,64231,64241,10
13.0498104095,80.2118606567,64241,64251,10
13.0500402451,80.2118606567,64251,64261,10
13.050359726,80.2119064331,64261,64271,10
13.0504903793,80.2119293213,64271,64281,10
13.0509500504,80.2118835449,64281,64291,10
13.0519504547,80.2118682861,64291,64301,10
13.0530500412,80.2117004395,64301,64312,11
13.0542802811,80.2113723755,64312,64332,20
13.0542802811,80.2113723755,64332,64342,10
13.0543899536,80.2114028931,64342,64352,10
13.0546197891,80.2113876343,64352,64362,10
13.0549697876,80.2113418579,64362,64372,10
13.0555896759,80.2113037109,64372,64382,10
13.0565595627,80.2114028931,64382,64392,10
13.0574102402,80.2114028931,64392,64411,19
13.0574102402,80.2114028931,64411,64423,12
13.0576295853,80.2113418579,64423,64433,10
13.0579004288,80.2113265991,64433,64443,10
13.0583000183,80.2113571167,64443,64453,10
13.0587396622,80.2113189697,64453,64463,10
13.0592002869,80.21118927,64463,64473,10
13.059679985,80.2110214233,64473,64483,10
13.0606803894,80.2111434937,64483,64493,10
13.0621500015,80.2113876343,64493,64503,10
13.0629396439,80.2114868164,64503,64513,10
13.0631799698,80.2115097046,64513,64523,10
13.0632801056,80.2115020752,64523,64534,11
13.0638198853,80.211479187,64534,64544,10
13.0645303726,80.211227417,64544,64554,10
13.0652599335,80.2107925415,64554,64564,10
13.0660104752,80.2102279663,64564,64574,10
13.0667104721,80.2096099854,64574,64584,10
13.0671195984,80.2087936401,64584,64594,10
13.0675897598,80.2080917358,64594,64604,10
13.0679798126,80.2074966431,64604,64614,10
13.0684404373,80.2068328857,64614,64624,10
13.068980217,80.2060775757,64624,64635,11
13.0694599152,80.2052764893,64635,64645,10
13.0696001053,80.2048568726,64645,64655,10
13.0693502426,80.2048416138,64655,64665,10
13.0691604614,80.2051773071,64665,64675,10
13.0689001083,80.2053833008,64675,64685,10
13.0687103271,80.205116272,64685,64746,61
13.0687103271,80.205116272,64746,64756,10
13.0689201355,80.2047195435,64756,64786,30
13.0689201355,80.2047195435,64786,64796,10
13.0691003799,80.2047119141,64796,64806,10
13.0693502426,80.2047424316,64806,64816,10
13.0695295334,80.2047805786,64816,64836,20
13.0695295334,80.2047805786,64836,64847,11
13.0697803497,80.2048416138,64847,64857,10
13.0699396133,80.2047576904,64857,64867,10
13.0701398849,80.204498291,64867,64877,10
13.0704603195,80.2041091919,64877,64887,10
13.0708904266,80.2035598755,64887,64897,10
13.0713701248,80.2029800415,64897,64907,10
13.0717802048,80.2024688721,64907,64917,10
13.0721302032,80.2020568848,64917,64927,10
13.0723600388,80.2018203735,64927,64937,10
13.0724802017,80.2016372681,64937,64946,9
13.0726003647,80.2014923096,64946,64958,12
13.0728902817,80.201210022,64958,64968,10
13.0730695724,80.2010421753,64968,64978,10
13.0733499527,80.2007217407,64978,64988,10
13.0736703873,80.200340271,64988,64998,10
13.0739898682,80.1999206543,64998,65008,10
13.0741901398,80.1996765137,65008,65018,10
13.0742797852,80.1996078491,65018,65028,10
13.0743999481,80.1995162964,65028,65038,10
13.0747203827,80.1992492676,65038,65048,10
13.075340271,80.1990585327,65048,65058,10
13.0761299133,80.1990203857,65058,65069,11
13.0769996643,80.1989593506,65069,65079,10
13.0776700974,80.1988830566,65079,65089,10
13.0784702301,80.1987762451,65089,65099,10
13.0792703629,80.1986999512,65099,65109,10
13.080039978,80.1986312866,65109,65119,10
13.0809001923,80.1985626221,65119,65129,10
13.0817604065,80.1985473633,65129,65139,10
13.0825195313,80.1984710693,65139,65149,10
13.0830402374,80.1984786987,65149,65159,10
13.0833396912,80.1984634399,65159,65180,21
13.0833396912,80.1984634399,65180,65190,10
13.0837602615,80.1984481812,65190,65200,10
13.0840196609,80.1984634399,65200,65210,10
13.0842199326,80.1985015869,65210,65220,10
13.0845003128,80.1985168457,65220,65230,10
13.0847797394,80.1985168457,65230,65250,20
13.0847797394,80.1985168457,65250,65260,10
13.0852298737,80.1984176636,65260,65270,10
13.0856103897,80.1983718872,65270,65281,11
13.0862503052,80.198387146,65281,65291,10
13.0867996216,80.1984329224,65291,65301,10
13.086979866,80.1984100342,65301,65311,10
13.0871095657,80.1981811523,65311,65331,20
13.0871095657,80.1981811523,65331,65341,10
13.0872097015,80.1978530884,65341,65351,10
13.0872001648,80.1974029541,65351,65361,10
13.0872097015,80.1967163086,65361,65371,10
13.087220192,80.1958770752,65371,65382,11
13.0872297287,80.1952590942,65382,65392,10
13.0872497559,80.194519043,65392,65402,10
13.0872602463,80.193649292,65402,65412,10
13.087220192,80.193069458,65412,65442,30
13.087220192,80.193069458,65442,65452,10
13.0872602463,80.1928482056,65452,65462,10
13.0873098373,80.1926116943,65462,65472,10
13.0873699188,80.1921463013,65472,65482,10
13.0874099731,80.1914901733,65482,65493,11
13.0874900818,80.1905822754,65493,65503,10
13.0875701904,80.1897125244,65503,65513,10
13.0876197815,80.1890029907,65513,65533,20
13.0876197815,80.1890029907,65533,65543,10
13.0876703262,80.1883926392,65543,65583,40
13.0876703262,80.1883926392,65583,65593,10
13.0877103806,80.1880874634,65593,65604,11
13.0877599716,80.18775177,65604,65614,10
13.0877799988,80.1872711182,65614,65624,10
13.0877895355,80.1865997314,65624,65634,10
13.0877895355,80.1859436035,65634,65644,10
13.0877895355,80.1859130859,65644,65654,10
13.087849617,80.1854400635,65654,65664,10
13.0878696442,80.1849365234,65664,65674,10
13.0878696442,80.1843719482,65674,65684,10
13.0878601074,80.1835632324,65684,65694,10
13.0879001617,80.1825790405,65694,65705,11
13.0879402161,80.1815795898,65705,65714,9
13.0879602432,80.1807403564,65714,65725,11
13.0880002975,80.1798400879,65725,65775,50
13.0880002975,80.1798400879,65775,65785,10
13.088060379,80.1796112061,65785,65795,10
13.0880804062,80.1790771484,65795,65816,21
13.0880804062,80.1790771484,65816,65826,10
13.0881004333,80.1787185669,65826,65836,10
13.0880804062,80.1782836914,65836,65846,10
13.0880498886,80.1776275635,65846,65856,10
13.0881004333,80.1767883301,65856,65866,10
13.0881700516,80.1757888794,65866,65876,10
13.0882396698,80.1748199463,65876,65886,10
13.0883197784,80.1737670898,65886,65896,10
13.0883798599,80.1727371216,65896,65906,10
13.0883903503,80.1721572876,65906,65917,11
13.0884103775,80.1720504761,65917,65927,10
13.0884399414,80.1718063354,65927,65937,10
13.0884599686,80.1713485718,65937,65947,10
13.0885095596,80.1706390381,65947,65957,10
13.0885295868,80.169921875,65957,65967,10
13.0885896683,80.1696166992,65967,65977,10
13.0887899399,80.1695098877,65977,65987,10
13.0889396667,80.1695175171,65987,65997,10
13.0893096924,80.1695480347,65997,66007,10
13.0898895264,80.169593811,66007,66017,10
13.0907201767,80.1696395874,66017,66028,11
13.0917301178,80.1697006226,66028,66038,10
13.0926303864,80.1697463989,66038,66048,10
13.0934095383,80.1697998047,66048,66058,10
13.0940504074,80.1698303223,66058,66068,10
13.0946397781,80.1698379517,66068,66078,10
13.0949497223,80.1698684692,66078,66088,10
13.0952796936,80.169883728,66088,66098,10
13.0958995819,80.1699295044,66098,66108,10
13.0966997147,80.1699676514,66108,66118,10
13.0974702835,80.1699981689,66118,66129,11
13.0984601974,80.1700515747,66129,66139,10
13.0992202759,80.1700897217,66139,66149,10
13.0996303558,80.1700286865,66149,66179,30
13.0997695923,80.169883728,66179,66260,81
13.0994300842,80.1699523926,66260,67007,747
13.0994300842,80.1699523926,67007,67017,10
13.099439621,80.170249939,67017,67027,10
13.0994300842,80.1702575684,67027,67037,10
13.0992002487,80.1703109741,67037,67047,10
13.0988903046,80.1702804565,67047,67057,10
13.0984201431,80.170211792,67057,67067,10
13.0980195999,80.1701507568,67067,67077,10
13.0979204178,80.1701278687,67077,67087,10
13.0976600647,80.1700820923,67087,67098,11
13.097240448,80.1700286865,67098,67108,10
13.0966100693,80.1699905396,67108,67118,10
13.0959300995,80.1699371338,67118,67128,10
13.0952196121,80.169921875,67128,67138,10
13.0947999954,80.169883728,67138,67148,10
13.0945301056,80.1698532104,67148,67158,10
13.0942296982,80.1698379517,67158,67168,10
13.0937204361,80.1697921753,67168,67178,10
13.0930995941,80.1697387695,67178,67188,10
13.0922899246,80.169708252,67188,67198,10
13.0916004181,80.1696472168,67198,67209,11
13.0907802582,80.1696166992,67209,67219,10
13.0899496078,80.1695709229,67219,67229,10
13.0890903473,80.1695175171,67229,67239,10
13.0887203217,80.1695404053,67239,67249,10
13.0886497498,80.1697692871,67249,67259,10
13.0886001587,80.1702728271,67259,67269,10
13.0885601044,80.1709671021,67269,67279,10
13.08852005,80.171913147,67279,67298,19
13.08852005,80.171913147,67298,67310,12
13.0884799957,80.1720962524,67310,67320,10
13.088470459,80.1724090576,67320,67330,10
13.088470459,80.1729278564,67330,67340,10
13.0884399414,80.1736297607,67340,67350,10
13.0883998871,80.1743392944,67350,67360,10
13.088350296,80.174949646,67360,67370,10
13.0882997513,80.1756973267,67370,67380,10
13.0882501602,80.1765365601,67380,67390,10
13.0882196426,80.1771697998,67390,67400,10
13.0882101059,80.177520752,67400,67409,9
13.0881996155,80.178062439,67409,67421,12
13.0882101059,80.1785583496,67421,67431,10
13.0881996155,80.1786270142,67431,67441,10
13.0881900787,80.1789779663,67441,67451,10
13.0882101059,80.1792907715,67451,67491,40
13.0882101059,80.1792907715,67491,67501,10
13.0881996155,80.1794586182,67501,67511,10
13.0881900787,80.1797637939,67511,67521,10
13.0881700516,80.1802597046,67521,67532,11
13.0881500244,80.1810379028,67532,67542,10
13.0881299973,80.1818084717,67542,67552,10
13.0880899429,80.1825637817,67552,67562,10
13.0880498886,80.1833572388,67562,67572,10
13.0880098343,80.184211731,67572,67582,10
13.0879898071,80.1851501465,67582,67612,30
13.0879497528,80.1854934692,67612,67622,10
13.0879497528,80.1854934692,67622,67633,11
13.0879201889,80.1860198975,67633,67641,8
13.0879001617,80.1865310669,67641,67653,12
13.0878801346,80.1876831055,67653,67683,30
13.0878801346,80.1876831055,67683,67693,10
13.0878696442,80.1878890991,67693,67703,10
13.087849617,80.1881637573,67703,67713,10
13.0878400803,80.1886825562,67713,67723,10
13.0878000259,80.1895828247,67723,67774,51
13.0878000259,80.1895828247,67774,67784,10
13.0877103806,80.1898727417,67784,67794,10
13.0876398087,80.1903686523,67794,67804,10
13.0875501633,80.1910629272,67804,67814,10
13.087439537,80.1918563843,67814,67824,10
13.087389946,80.1925811768,67824,67855,31
13.087389946,80.1925811768,67855,67865,10
13.0873804092,80.1927871704,67865,67875,10
13.0873403549,80.1931533813,67875,67885,10
13.0873098373,80.1937484741,67885,67895,10
13.0872898102,80.1943206787,67895,67905,10
13.087269783,80.1949768066,67905,67915,10
13.0872402191,80.195640564,67915,67925,10
13.087220192,80.1963119507,67925,67935,10
13.0872001648,80.1971282959,67935,67945,10
13.0872001648,80.197769165,67945,67956,11
13.0871896744,80.1978683472,67956,67966,10
13.0872001648,80.1981964111,67966,67976,10
13.0873498917,80.1984481812,67976,67986,10
13.0875501633,80.1984481812,67986,67996,10
13.088060379,80.1984176636,67996,68006,10
13.0886898041,80.198387146,68006,68016,10
13.0892601013,80.1984024048,68016,68026,10
13.0898103714,80.1984176636,68026,68036,10
13.0903902054,80.1984786987,68036,68046,10
13.0910596848,80.1985473633,68046,68056,10
13.0917701721,80.1986312866,68056,68067,11
13.092590332,80.1986465454,68067,68077,10
13.0929803848,80.1987304688,68077,68087,10
13.0929698944,80.1991271973,68087,68097,10
13.0929298401,80.199760437,68097,68107,10
13.092880249,80.2005462646,68107,68137,30
13.092880249,80.2005462646,68137,68147,10
13.0926704407,80.2006378174,68147,68157,10
13.0922498703,80.2005996704,68157,68168,11
13.0915899277,80.2005310059,68168,68178,10
13.0909795761,80.2005004883,68178,68188,10
13.0903196335,80.2005004883,68188,68198,10
13.0895700455,80.2004394531,68198,68208,10
13.0888204575,80.2004013062,68208,68218,10
13.08796978,80.200340271,68218,68228,10
13.0873203278,80.200340271,68228,68238,10
13.0869998932,80.200340271,68238,68248,10
13.0866203308,80.2003173828,68248,68258,10
13.0860204697,80.2002868652,68258,68268,10
13.0856304169,80.2002792358,68268,68279,11
13.0856103897,80.2002792358,68279,68289,10
13.0852804184,80.2002029419,68289,68299,10
13.0852499008,80.1998977661,68299,68309,10
13.0852298737,80.1993408203,68309,68319,10
13.0851802826,80.1987228394,68319,68329,10
13.0850601196,80.1987304688,68329,68339,10
13.0847797394,80.1987380981,68339,68349,10
13.0842695236,80.1986694336,68349,68369,20
13.0842695236,80.1986694336,68369,68380,11
13.0840396881,80.1986083984,68380,68390,10
13.0837898254,80.198638916,68390,68400,10
13.0832796097,80.1986236572,68400,68430,30
13.0832796097,80.1986236572,68430,68440,10
13.0829696655,80.1985931396,68440,68450,10
13.0826597214,80.198600769,68450,68460,10
13.0822296143,80.198600769,68460,68470,10
13.0819396973,80.1986312866,68470,68480,10
13.0814800262,80.1986312866,68480,68491,11
13.0808696747,80.198600769,68491,68501,10
13.0803403854,80.1986465454,68501,68511,10
13.0796499252,80.1987075806,68511,68521,10
13.079000473,80.1987533569,68521,68531,10
13.0783700943,80.1988220215,68531,68541,10
13.0776195526,80.1989212036,68541,68551,10
13.0767803192,80.1990203857,68551,68561,10
13.0761899948,80.1990814209,68561,68571,10
13.0755796432,80.1991577148,68571,68581,10
13.0748796463,80.1993713379,68581,68592,11
13.0741901398,80.1998519897,68592,68602,10
13.0738201141,80.2002182007,68602,68612,10
13.0735902786,80.2004776001,68612,68622,10
13.0735797882,80.2005004883,68622,68632,10
13.073340416,80.2008132935,68632,68642,10
13.0729598999,80.2012863159,68642,68652,10
13.0725603104,80.2017593384,68652,68662,10
13.0724000931,80.2019729614,68662,68672,10
13.0721902847,80.2021713257,68672,68682,10
13.0718898773,80.2024612427,68682,68692,10
13.0714101791,80.2030105591,68692,68703,11
13.0707798004,80.2037582397,68703,68713,10
13.0701599121,80.204498291,68713,68733,20
13.0701599121,80.204498291,68733,68743,10
13.0699901581,80.2047424316,68743,68793,50
13.0699901581,80.2047424316,68793,68804,11
13.0696897507,80.2049865723,68804,68814,10
13.0694704056,80.2048416138,68814,68824,10
13.0692396164,80.2048873901,68824,68834,10
13.0690803528,80.2052536011,68834,68844,10
13.0687999725,80.205406189,68844,68854,10
13.0682201385,80.2053985596,68854,68904,50
13.0682201385,80.2053985596,68904,68915,11
13.0679101944,80.2051773071,68915,68975,60
13.0679101944,80.2051773071,68975,68985,10
13.068189621,80.2049026489,68985,68995,10
13.0684404373,80.2048187256,68995,69005,10
13.0685901642,80.2047576904,69005,69015,10
13.0687599182,80.2047195435,69015,69026,11
13.0688800812,80.2046966553,69026,69036,10
13.0690803528,80.2046813965,69036,69046,10
13.0693798065,80.2047424316,69046,69066,20
13.0693798065,80.2047424316,69066,69076,10
13.0697002411,80.2048416138,69076,69086,10
13.0697803497,80.2049407959,69086,69096,10
13.0698204041,80.2050323486,69096,69106,10
13.0696697235,80.2053604126,69106,69116,10
13.0693502426,80.2059020996,69116,69127,11
13.0688695908,80.2066802979,69127,69137,10
13.0683603287,80.2075195313,69137,69147,10
13.0677995682,80.208480835,69147,69157,10
13.0672702789,80.2093429565,69157,69167,10
13.0666399002,80.2100372314,69167,69177,10
13.0658998489,80.210647583,69177,69187,10
13.0650100708,80.2113265991,69187,69207,20
13.0650100708,80.2113265991,69207,69217,10
13.0645904541,80.2114486694,69217,69227,10
13.0641298294,80.2115936279,69227,69238,11
13.0640096664,80.2116470337,69238,69248,10
13.0636796951,80.2116470337,69248,69258,10
13.0632295609,80.2116622925,69258,69268,10
13.0626001358,80.2116775513,69268,69278,10
13.0619401932,80.2117080688,69278,69288,10
13.0611200333,80.2116622925,69288,69298,10
13.0602197647,80.2116088867,69298,69308,10
13.0593996048,80.2115707397,69308,69318,10
13.0586395264,80.211517334,69318,69328,10
13.0579595566,80.2115325928,69328,69339,11
13.0575799942,80.2115402222,69339,69349,10
13.0575399399,80.2115478516,69349,69359,10
13.0572299957,80.2115402222,69359,69369,10
13.0566902161,80.2115020752,69369,69379,10
13.0559396744,80.211479187,69379,69389,10
13.0550804138,80.2114105225,69389,69399,10
13.0545101166,80.2114486694,69399,69409,10
13.0540399551,80.2115402222,69409,69419,10
13.053440094,80.2117004395,69419,69429,10
13.052980423,80.2118301392,69429,69438,9
13.0525302887,80.2119369507,69438,69450,12
13.0520000458,80.212059021,69450,69460,10
13.0510396957,80.2121582031,69460,69520,60
13.0510396957,80.2121582031,69520,69530,10
13.0507001877,80.2121582031,69530,69540,10
13.050359726,80.2121200562,69540,69551,11
13.0499601364,80.2120666504,69551,69561,10
13.0497198105,80.2121200562,69561,69611,50
13.0497198105,80.2121200562,69611,69621,10
13.0493497849,80.2120819092,69621,69631,10
13.0489397049,80.2120895386,69631,69641,10
13.0482997894,80.2121276855,69641,69651,10
13.0475101471,80.2121887207,69651,69662,11
13.0465202332,80.2122268677,69662,69672,10
13.0455999374,80.2122573853,69672,69682,10
13.0447597504,80.2123336792,69682,69722,40
13.0447597504,80.2123336792,69722,69732,10
13.0445899963,80.2123184204,69732,69742,10
13.0442695618,80.2123565674,69742,69752,10
13.0436401367,80.2123413086,69752,69762,10
13.0429401398,80.2122802734,69762,69773,11
13.0422296524,80.2123031616,69773,69783,10
13.0414495468,80.2123184204,69783,69793,10
13.0408401489,80.2125015259,69793,69803,10
13.0395202637,80.2124023438,69803,69813,10
13.0383300781,80.2122268677,69813,69823,10
13.037730217,80.2123184204,69823,69874,51
13.037730217,80.2123184204,69874,69884,10
13.0375404358,80.2123413086,69884,69894,10
13.0372400284,80.2123336792,69894,69904,10
13.0368003845,80.212387085,69904,69914,10
13.035949707,80.212310791,69914,69924,10
13.0351104736,80.2122497559,69924,69944,20
13.0351104736,80.2122497559,69944,69954,10
13.0348901749,80.2121429443,69954,69964,10
13.0341997147,80.2120666504,69964,69985,21
13.0341997147,80.2120666504,69985,69995,10
13.0340099335,80.2120132446,69995,70005,10
13.0337495804,80.2119979858,70005,70015,10
13.0334701538,80.2119369507,70015,70025,10
13.0328702927,80.2118225098,70025,70035,10
13.0321998596,80.2116699219,70035,70045,10
13.0320100784,80.2113494873,70045,70055,10
13.0320196152,80.2107620239,70055,70065,10
13.0320501328,80.2101593018,70065,70074,9
13.0320301056,80.2097320557,70074,70086,12
13.0317201614,80.2095565796,70086,70096,10
13.0312404633,80.2092590332,70096,70106,10
13.0304002762,80.2090835571,70106,70116,10
13.0297803879,80.2089233398,70116,70126,10
13.0297603607,80.2089233398,70126,70136,10
13.0295000076,80.2088470459,70136,70146,10
13.0291900635,80.2088165283,70146,70156,10
13.0287399292,80.2086791992,70156,70166,10
13.0283002853,80.2085418701,70166,70176,10
13.0277700424,80.2083587646,70176,70186,10
13.027179718,80.2080307007,70186,70197,11
13.026550293,80.2076568604,70197,70207,10
13.0259103775,80.20728302,70207,70217,10
13.0252199173,80.2070236206,70217,70227,10
13.0242004395,80.2068328857,70227,70247,20
13.0242004395,80.2068328857,70247,70257,10
13.0238399506,80.2067337036,70257,70267,10
13.0234203339,80.2066802979,70267,70277,10
13.022769928,80.2065811157,70277,70287,10
13.0219497681,80.2064285278,70287,70297,10
13.0211896896,80.2063980103,70297,70308,11
13.0202198029,80.2063827515,70308,70318,10
13.0193395615,80.2063217163,70318,70328,10
13.0189800262,80.206237793,70328,70338,10
13.0188903809,80.206199646,70338,70348,10
13.0185003281,80.2060699463,70348,70358,10
13.0179901123,80.205909729,70358,70368,10
13.0176801682,80.2057723999,70368,70378,10
13.0173797607,80.205657959,70378,70388,10
13.0169496536,80.2055282593,70388,70397,9
13.0162801743,80.2052001953,70397,70409,12
13.0151100159,80.204826355,70409,70419,10
13.0143299103,80.2045974731,70419,70429,10
13.0142202377,80.2045516968,70429,70439,10
13.0139703751,80.2044525146,70439,70449,10
13.013589859,80.2043609619,70449,70459,10
13.0134897232,80.2046737671,70459,70469,10
13.0133695602,80.2051925659,70469,70479,10
13.0131797791,80.2058181763,70479,70489,10
13.0130395889,80.2066268921,70489,70499,10
13.0129804611,80.2073516846,70499,70508,9
13.0129098892,80.2077407837,70508,70520,12
13.0128803253,80.2082824707,70520,70530,10
13.0128602982,80.2085800171,70530,70540,10
13.0129299164,80.2090530396,70540,70550,10
13.0131502151,80.2095489502,70550,70560,10
13.0131397247,80.2100601196,70560,70570,10
13.0130195618,80.2108078003,70570,70580,10
13.0127401352,80.2113723755,70580,70590,10
13.012430191,80.2119674683,70590,70600,10
13.0120697021,80.2124633789,70600,70609,9
13.0118904114,80.212677002,70609,70621,12
13.0115499496,80.2125778198,70621,70631,10
13.0111303329,80.2123413086,70631,70641,10
13.0105695724,80.2119598389,70641,70651,10
13.0101003647,80.2115936279,70651,70671,20
13.0101003647,80.2115936279,70671,70681,10
13.0098495483,80.2113189697,70681,70711,30
13.0095300674,80.2110977173,70711,70732,21
13.0095300674,80.2110977173,70732,70742,10
13.0093097687,80.2109603882,70742,70752,10
13.0092401505,80.2110366821,70752,70762,10
13.0090904236,80.2112731934,70762,70772,10
13.0090398788,80.2115325928,70772,70782,10
13.0091495514,80.2120132446,70782,70792,10
13.0093097687,80.2125320435,70792,70802,10
13.0094804764,80.2129821777,70802,70812,10
13.0096502304,80.2134628296,70812,70822,10
13.0098600388,80.2139663696,70822,70833,11
13.0100803375,80.2145462036,70833,70843,10
13.0101804733,80.2152175903,70843,70853,10
13.0103502274,80.2159194946,70853,70863,10
13.0106697083,80.2166366577,70863,70873,10
13.0110397339,80.217376709,70873,70883,10
13.0114002228,80.2183380127,70883,70893,10
13.0117702484,80.2194976807,70893,70903,10
13.0121202469,80.2206192017,70903,70913,10
13.0123796463,80.2214736938,70913,70923,10
13.012720108,80.222038269,70923,70932,9
13.0132102966,80.2225799561,70932,70944,12
13.013879776,80.2233734131,70944,70954,10
13.0144100189,80.2239990234,70954,70964,10
13.0150003433,80.2246932983,70964,70974,10
13.0153799057,80.2252426147,70974,70984,10
13.0153102875,80.2257003784,70984,70994,10
13.0148296356,80.2259216309,70994,71004,10
13.0142097473,80.2261734009,71004,71014,10
13.0134296417,80.2264633179,71014,71024,10
13.0126495361,80.2267379761,71024,71034,10
13.0120697021,80.2269821167,71034,71045,11
13.0113096237,80.2272567749,71045,71055,10
13.0104799271,80.2275924683,71055,71065,10
13.0097103119,80.2278366089,71065,71075,10
13.0094995499,80.2274780273,71075,71085,10
13.0097503662,80.2269210815,71085,71095,10
13.0100803375,80.2261810303,71095,71105,10
13.0104198456,80.2253723145,71105,71115,10
13.0107698441,80.224571228,71115,71125,10
13.0110702515,80.2237472534,71125,71135,10
13.0112495422,80.2231292725,71135,71145,10
13.0108699799,80.2229309082,71145,71156,11
13.0102701187,80.222618103,71156,71166,10
13.0096302032,80.2222900391,71166,71176,10
13.0089502335,80.2219467163,71176,71186,10
13.0082902908,80.2215881348,71186,71196,10
13.0076398849,80.2212295532,71196,71206,10
13.0069704056,80.2209014893,71206,71216,10
13.0062303543,80.2205963135,71216,71226,10
13.0053901672,80.220413208,71226,71236,10
13.0047302246,80.2202529907,71236,71245,9
13.0042800903,80.2201385498,71245,71257,12
13.0035896301,80.2199935913,71257,71267,10
13.002989769,80.2198486328,71267,71277,10
13.0023899078,80.2194290161,71277,71287,10
13.0019702911,80.2189788818,71287,71297,10
13.0014696121,80.2185821533,71297,71307,10
13.0008802414,80.2181167603,71307,71317,10
13.0001401901,80.2176589966,71317,71327,10
12.9994401932,80.2172470093,71327,71337,10
12.9989595413,80.2170028687,71337,71347,10
12.9983901978,80.2167663574,71347,71357,10
12.9975099564,80.2164993286,71357,71378,21
12.9975099564,80.2164993286,71378,71388,10
12.9972400665,80.2164382935,71388,71398,10
12.9971103668,80.2164535522,71398,71408,10
12.9967699051,80.2164382935,71408,71418,10
12.9962501526,80.2165374756,71418,71428,10
12.995470047,80.216758728,71428,71458,30
12.995470047,80.216758728,71458,71468,10
12.9950304031,80.2170410156,71468,71489,21
12.9950304031,80.2170410156,71489,71499,10
12.9947099686,80.2172622681,71499,71509,10
12.9943599701,80.2174987793,71509,71519,10
12.9938602448,80.2179031372,71519,71529,10
12.9933099747,80.2182235718,71529,71539,10
12.9928598404,80.2186584473,71539,71549,10
12.9922800064,80.2191314697,71549,71559,10
12.9918003082,80.2194366455,71559,71569,10
12.9913797379,80.2195587158,71569,71580,11
12.9910497665,80.2194366455,71580,71590,10
12.99077034,80.2193222046,71590,71600,10
12.9902095795,80.2191314697,71600,71610,10
12.9894695282,80.2188796997,71610,71620,10
12.9887599945,80.2186203003,71620,71630,10
12.9881000519,80.2184371948,71630,71640,10
12.9876203537,80.2183380127,71640,71650,10
12.9871997833,80.2182693481,71650,71660,10
12.9871101379,80.2182388306,71660,71670,10
12.9868001938,80.2181625366,71670,71680,10
12.986289978,80.2180404663,71680,71691,11
12.9854097366,80.2178573608,71691,71701,10
12.9847097397,80.2178726196,71701,71711,10
12.9841499329,80.217880249,71711,71721,10
12.9840602875,80.2178726196,71721,71731,10
12.9839000702,80.2178726196,71731,71741,10
12.9835596085,80.217880249,71741,71751,10
12.9829397202,80.2178878784,71751,71761,10
12.9823598862,80.2179031372,71761,71771,10
12.9819097519,80.2179031372,71771,71781,10
12.981300354,80.2180328369,71781,71792,11
12.9809303284,80.2181472778,71792,71802,10
12.9804296494,80.2182693481,71802,71812,10
12.9800901413,80.2184295654,71812,71822,10
12.9796695709,80.2186203003,71822,71832,10
12.9791898727,80.2188491821,71832,71842,10
12.9787397385,80.21900177,71842,71852,10
12.9781999588,80.21925354,71852,71862,10
12.9773597717,80.2195587158,71862,71872,10
12.9765195847,80.2198867798,71872,71882,10
12.9760103226,80.220123291,71882,71903,21
12.9760103226,80.220123291,71903,71913,10
12.9756803513,80.2202529907,71913,71923,10
12.9754896164,80.2204284668,71923,71933,10
12.9754295349,80.2205810547,71933,71943,10
12.9754896164,80.220741272,71943,71953,10
12.9757099152,80.2208633423,71953,71963,10
12.9759302139,80.2210693359,71963,72226,263
12.9760704041,80.2211380005,72226,72357,131
12.9760398865,80.2211685181,72357,72771,414
12.9760398865,80.2211685181,72771,72781,10
12.9762802124,80.2212600708,72781,72791,10
12.9764204025,80.2212371826,72791,72801,10
12.976650238,80.221206665,72801,72811,10
12.9771003723,80.2211914063,72811,72821,10
12.977519989,80.2211608887,72821,72831,10
12.9778699875,80.2211380005,72831,72841,10
12.9783496857,80.2211227417,72841,72851,10
12.9789199829,80.2210922241,72851,72862,11
12.9795598984,80.2210464478,72862,72872,10
12.9800395966,80.2210006714,72872,72882,10
12.9805498123,80.2209396362,72882,72892,10
12.9810800552,80.2210464478,72892,72902,10
12.9816398621,80.2213516235,72902,72912,10
12.9820899963,80.2216186523,72912,72922,10
12.9825000763,80.2217407227,72922,72932,10
12.982919693,80.2219085693,72932,72952,20
12.982919693,80.2219085693,72952,72962,10
12.9832496643,80.2221069336,72962,72973,11
12.9835596085,80.2223205566,72973,72983,10
12.9839601517,80.2225570679,72983,72993,10
12.9843597412,80.2228164673,72993,73003,10
12.9848098755,80.2230911255,73003,73013,10
12.9852695465,80.2232513428,73013,73023,10
12.9855003357,80.2230987549,73023,73033,10
12.9858102798,80.2229537964,73033,73043,10
12.9864301682,80.22290802,73043,73073,30
12.9864301682,80.22290802,73073,73084,11
12.9867696762,80.2229309082,73084,73094,10
12.9869804382,80.2229690552,73094,73104,10
12.9872303009,80.2229919434,73104,73114,10
12.9876699448,80.22290802,73114,73124,10
12.9881296158,80.2225494385,73124,73134,10
12.9886302948,80.222076416,73134,73144,10
12.9891700745,80.2214584351,73144,73154,10
12.9897098541,80.220741272,73154,73164,10
12.9903497696,80.2202224731,73164,73175,11
12.990480423,80.220161438,73175,73185,10
12.9907302856,80.2200088501,73185,73195,10
12.9910898209,80.2197189331,73195,73205,10
12.9915399551,80.2193832397,73205,73215,10
12.9920301437,80.219039917,73215,73225,10
12.9925203323,80.2186889648,73225,73235,10
12.9930896759,80.2182388306,73235,73245,10
12.9937496185,80.2177886963,73245,73255,10
12.9942798615,80.2174072266,73255,73265,10
12.9946899414,80.2171020508,73265,73275,10
12.9952001572,80.216758728,73275,73285,10
12.9956903458,80.2164764404,73285,73296,11
12.9963703156,80.2163772583,73296,73306,10
12.9972400665,80.2161483765,73306,73336,30
12.9972400665,80.2161483765,73336,73346,10
12.9975996017,80.2158737183,73346,73356,10
12.9979496002,80.2155075073,73356,73366,10
12.998459816,80.2150726318,73366,73376,10
12.9989595413,80.2146377563,73376,73386,10
12.9991903305,80.2144927979,73386,73397,11
12.9996500015,80.2141189575,73397,73407,10
13.0,80.2138290405,73407,73417,10
13.0003595352,80.213470459,73417,73427,10
13.000869751,80.2130432129,73427,73437,10
13.0013599396,80.2126617432,73437,73447,10
13.0018596649,80.2123184204,73447,73457,10
13.0023298264,80.2120895386,73457,73467,10
13.0028495789,80.2119979858,73467,73477,10
13.0033998489,80.2119369507,73477,73487,10
13.0035495758,80.2118682861,73487,73497,10
13.003660202,80.2117614746,73497,73508,11
13.0036497116,80.2113800049,73508,73518,10
13.0036001205,80.2108535767,73518,73528,10
13.0035495758,80.2103881836,73528,73538,10
13.0034999847,80.2099914551,73538,73548,10
13.0034799576,80.2095108032,73548,73558,10
13.003569603,80.2089614868,73558,73568,10
13.0038299561,80.2085723877,73568,73578,10
13.00440979,80.2087936401,73578,73588,10
13.0051202774,80.2090988159,73588,73597,9
13.0057601929,80.2093811035,73597,73609,12
13.0065498352,80.2096328735,73609,73619,10
13.0070800781,80.2097625732,73619,73629,10
13.0073795319,80.2097930908,73629,73649,20
13.0073795319,80.2097930908,73649,73659,10
13.007610321,80.2098693848,73659,73669,10
13.0078802109,80.2099227905,73669,73679,10
13.0080699921,80.2095413208,73679,73689,10
13.0080699921,80.2095413208,73689,73699,10
13.0079498291,80.2090072632,73699,73708,9
13.0078697205,80.2083435059,73708,73730,22
13.0075502396,80.2064285278,73730,73740,10
13.0074701309,80.2055892944,73740,73750,10
13.0074701309,80.2048873901,73750,73760,10
13.0074796677,80.2042236328,73760,73770,10
13.0073900223,80.2034606934,73770,73780,10
13.0071802139,80.2026290894,73780,73790,10
13.0065898895,80.2026290894,73790,73800,10
13.006649971,80.2032089233,73800,73809,9
13.0070104599,80.2034378052,73809,73821,12
13.0076503754,80.2036437988,73821,73831,10
13.008310318,80.2036514282,73831,73841,10
13.0091896057,80.2036132813,73841,73851,10
13.0102701187,80.2035675049,73851,73861,10
13.0115003586,80.2036590576,73861,73871,10
13.0127601624,80.2038803101,73871,73881,10
13.0137996674,80.204208374,73881,73891,10
13.0148096085,80.2045211792,73891,73901,10
13.0150604248,80.2046203613,73901,73911,10
13.0151195526,80.2046737671,73911,73921,10
13.0155000687,80.2047195435,73921,73932,11
13.0160398483,80.2049484253,73932,73942,10
13.0166101456,80.2050628662,73942,73952,10
13.0173797607,80.2053909302,73952,73962,10
13.018699646,80.2058792114,73962,73992,30
13.018699646,80.2058792114,73992,74002,10
13.018989563,80.2059936523,74002,74012,10
13.0195198059,80.2061309814,74012,74022,10
13.0202198029,80.206199646,74022,74031,9
13.0210199356,80.2062072754,74031,74043,12
13.0220098495,80.2062606812,74043,74053,10
13.0227203369,80.2063522339,74053,74063,10
13.0236597061,80.2065200806,74063,74073,10
13.0242595673,80.2066116333,74073,74083,10
13.0242700577,80.2066192627,74083,74093,10
13.0245399475,80.2066802979,74093,74103,10
13.0250797272,80.2068023682,74103,74113,10
13.0257701874,80.2070999146,74113,74123,10
13.0264501572,80.2074890137,74123,74133,10
13.0272102356,80.2079391479,74133,74144,11
13.0281200409,80.2084197998,74144,74154,10
13.0289897919,80.2086486816,74154,74164,10
13.0297203064,80.2088470459,74164,74174,10
13.0303001404,80.2090072632,74174,74184,10
13.0309400558,80.2092132568,74184,74194,10
13.0313501358,80.2093200684,74194,74204,10
13.031419754,80.2093429565,74204,74214,10
13.0314798355,80.2094116211,74214,74224,10
13.0318098068,80.2094802856,74224,74234,10
13.0324296951,80.2095718384,74234,74244,10
13.0332098007,80.2097015381,74244,74255,11
13.0340299606,80.2098770142,74255,74265,10
13.0347795486,80.2100524902,74265,74275,10
13.0350198746,80.2103118896,74275,74285,10
13.0350198746,80.2108306885,74285,74295,10
13.0349903107,80.2113113403,74295,74315,20
13.0349903107,80.2113113403,74315,74325,10
13.0349197388,80.2114715576,74325,74335,10
13.034910202,80.2118606567,74335,74356,21
13.034910202,80.2118606567,74356,74366,10
13.0348796844,80.2120819092,74366,74376,10
13.0351104736,80.2121887207,74376,74386,10
13.0355596542,80.2121887207,74386,74396,10
13.0362100601,80.2122116089,74396,74406,10
13.0368099213,80.2121963501,74406,74416,10
13.0371704102,80.2121963501,74416,74426,10
13.0375795364,80.2122192383,74426,74436,10
13.038069725,80.2122116089,74436,74446,10
13.0388803482,80.2121963501,74446,74456,10
13.0396499634,80.2121963501,74456,74467,11
13.0407896042,80.2122116089,74467,74477,10
13.0417995453,80.2122116089,74477,74487,10
13.042719841,80.2122116089,74487,74497,10
13.0438604355,80.2121810913,74497,74557,60
13.0438604355,80.2121810913,74557,74568,11
13.0441799164,80.2121582031,74568,74578,10
13.0445604324,80.2121582031,74578,74588,10
13.0451602936,80.2121734619,74588,74598,10
13.0458898544,80.2121505737,74598,74608,10
13.0466995239,80.2121276855,74608,74618,10
13.0473299026,80.2120895386,74618,74628,10
13.04804039,80.2120132446,74628,74638,10
13.0485200882,80.2119522095,74638,74648,10
13.0485296249,80.2119369507,74648,74658,10
13.0486898422,80.2119064331,74658,74669,11
13.0491600037,80.2118606567,74669,74689,20
13.0491600037,80.2118606567,74689,74699,10
13.0497503281,80.2118682861,74699,74719,20
13.0497503281,80.2118682861,74719,74729,10
13.0500602722,80.2118606567,74729,74739,10
13.0502996445,80.2118988037,74739,74749,10
13.0505895615,80.2119064331,74749,74759,10
13.0510101318,80.2118606567,74759,74769,10
13.0520095825,80.2118377686,74769,74780,11
13.0528202057,80.2117004395,74780,74790,10
13.0535802841,80.2115402222,74790,74800,10
13.0543498993,80.2113494873,74800,74810,10
13.0550003052,80.2113113403,74810,74820,10
13.0557804108,80.2113189697,74820,74830,10
13.0566797256,80.2113494873,74830,74840,10
13.0574903488,80.2113189697,74840,74850,10
13.0576000214,80.2113189697,74850,74860,10
13.0577898026,80.2113189697,74860,74870,10
13.0582704544,80.2113494873,74870,74881,11
13.0588502884,80.2113876343,74881,74891,10
13.0596199036,80.2114486694,74891,74901,10
13.060500145,80.2114868164,74901,74911,10
13.0614204407,80.2115020752,74911,74921,10
13.0621299744,80.2113800049,74921,74931,10
13.0630197525,80.2114181519,74931,74951,20
13.0630197525,80.2114181519,74951,74961,10
13.0632801056,80.2113876343,74961,74971,10
13.0635700226,80.2113876343,74971,74981,10
13.0638103485,80.2114028931,74981,74991,10
13.0642595291,80.2113189697,74991,75002,11
13.0648603439,80.2110595703,75002,75012,10
13.0655403137,80.2105789185,75012,75022,10
13.0662698746,80.2100830078,75022,75032,10
13.0669403076,80.2093582153,75032,75042,10
13.0672502518,80.2089004517,75042,75052,10
13.0675497055,80.2084197998,75052,75062,10
13.067899704,80.2079467773,75062,75072,10
13.068400383,80.2071075439,75072,75082,10
13.0688199997,80.2064666748,75082,75093,11
13.0691900253,80.2058563232,75093,75103,10
13.0694704056,80.2053527832,75103,75123,20
13.0694704056,80.2053527832,75123,75133,10
13.0695695877,80.2052078247,75133,75143,10
13.0696697235,80.2049636841,75143,75153,10
13.0695400238,80.2048492432,75153,75163,10
13.0693302155,80.2049407959,75163,75173,10
13.069149971,80.2052688599,75173,75183,10
13.0689001083,80.205329895,75183,75193,10
13.0687999725,80.2051315308,75193,75244,51
13.0687999725,80.2051315308,75244,75254,10
13.068860054,80.2046966553,75254,75264,10
13.0690402985,80.2046737671,75264,75274,10
13.069319725,80.2046966553,75274,75284,10
13.0696201324,80.204750061,75284,75294,10
13.0698299408,80.2048110962,75294,75303,9
13.0699701309,80.2047271729,75303,75315,12
13.0702896118,80.2043075562,75315,75325,10
13.0707302094,80.2037124634,75325,75335,10
13.0713300705,80.2030334473,75335,75345,10
13.0719900131,80.202293396,75345,75355,10
13.0722503662,80.2019805908,75355,75365,10
13.0726003647,80.2015914917,75365,75375,10
13.0728302002,80.2013015747,75375,75385,10
13.0730400085,80.2010574341,75385,75395,10
13.0732698441,80.2008132935,75395,75404,9
13.0735197067,80.2005310059,75404,75415,11
13.0738601685,80.2001037598,75415,75436,21
13.0738601685,80.2001037598,75436,75446,10
13.0740804672,80.1998596191,75446,75456,10
13.0742197037,80.19972229,75456,75466,10
13.0743598938,80.199546814,75466,75476,10
13.0744199753,80.1994934082,75476,75486,10
13.0745296478,80.1994094849,75486,75496,10
13.0748701096,80.1991729736,75496,75506,10
13.0754499435,80.1990280151,75506,75517,11
13.0762796402,80.1989898682,75517,75527,10
13.0771799088,80.1989212036,75527,75537,10
13.0780000687,80.1988220215,75537,75547,10
13.0787496567,80.1987228394,75547,75557,10
13.0795001984,80.198677063,75557,75567,10
13.0802097321,80.1986083984,75567,75577,10
13.0810499191,80.1985397339,75577,75587,10
13.0819301605,80.1985321045,75587,75597,10
13.0822696686,80.1984634399,75597,75607,10
13.08273983,80.1984481812,75607,75617,10
13.0832796097,80.1984634399,75617,75627,10
13.0839595795,80.1984176636,75627,75638,11
13.084569931,80.1984176636,75638,75648,10
13.0847501755,80.1984176636,75648,75658,10
13.0850496292,80.1984024048,75658,75668,10
13.0854797363,80.1983718872,75668,75678,10
13.0859899521,80.1983718872,75678,75688,10
13.0864896774,80.1983795166,75688,75698,10
13.0867500305,80.198387146,75698,75708,10
13.0869503021,80.1983795166,75708,75718,10
13.0871095657,80.1979904175,75718,75738,20
13.0871095657,80.1979904175,75738,75749,11
13.0871400833,80.1977081299,75749,75759,10
13.0871696472,80.1972427368,75759,75769,10
13.0872001648,80.1966094971,75769,75779,10
13.087220192,80.1958084106,75779,75789,10
13.0872497559,80.1949920654,75789,75799,10
13.0872602463,80.1940307617,75799,75809,10
13.0872802734,80.193031311,75809,75819,10
13.0873203278,80.1925964355,75819,75829,10
13.0873603821,80.1922302246,75829,75840,11
13.087439537,80.1915969849,75840,75850,10
13.0875196457,80.1908493042,75850,75860,10
13.0876398087,80.1900405884,75860,75870,10
13.0876903534,80.1889572144,75870,75890,20
13.0876903534,80.1889572144,75890,75900,10
13.0877199173,80.1888122559,75900,75910,10
13.0877304077,80.1884307861,75910,75920,10
13.0877599716,80.1877975464,75920,75930,10
13.0878295898,80.186920166,75930,75940,10
13.0878200531,80.1859664917,75940,75951,11
13.0878601074,80.1851272583,75951,75961,10
13.0879001617,80.1844024658,75961,75971,10
13.0879602432,80.1824417114,75971,75981,10
13.0879602432,80.1824417114,75981,75991,10
13.0879802704,80.1819000244,75991,76001,10
13.0880403519,80.1813430786,76001,76021,20
13.0880899429,80.179649353,76021,76031,10
13.0880804062,80.1787872314,76031,76051,20
13.0880804062,80.1787872314,76051,76062,11
13.0881500244,80.1785430908,76062,76072,10
13.088139534,80.1780776978,76072,76082,10
13.0881204605,80.1774291992,76082,76092,10
13.0881795883,80.1766662598,76092,76102,10
13.0882501602,80.1757888794,76102,76112,10
13.0883302689,80.1748199463,76112,76122,10
13.0883998871,80.174041748,76122,76132,10
13.0884504318,80.1733016968,76132,76142,10
13.0884799957,80.1726608276,76142,76152,10
13.0884895325,80.1719818115,76152,76162,10
13.0885000229,80.1718521118,76162,76173,11
13.08852005,80.1715164185,76173,76183,10
13.0885601044,80.1710205078,76183,76193,10
13.0885896683,80.1703796387,76193,76203,10
13.0886297226,80.1697769165,76203,76213,10
13.0887899399,80.1694717407,76213,76223,10
13.0891895294,80.1695175171,76223,76233,10
13.089799881,80.1695480347,76233,76243,10
13.0905704498,80.169593811,76243,76253,10
13.0914897919,80.1696472168,76253,76262,9
13.0923299789,80.1697006226,76262,76274,12
13.0934400558,80.1697921753,76274,76284,10
13.0943002701,80.1698379517,76284,76294,10
13.0947704315,80.1698684692,76294,76304,10
13.0949697495,80.1698684692,76304,76314,10
13.0951795578,80.1698684692,76314,76324,10
13.0956897736,80.1698989868,76324,76334,10
13.0963602066,80.1699371338,76334,76344,10
13.0970602036,80.1699829102,76344,76354,10
13.0978097916,80.1700363159,76354,76364,10
13.0986499786,80.1700897217,76364,76374,10
13.0993404388,80.1701278687,76374,76415,41
13.0993404388,80.1701278687,76415,76425,10
13.0997800827,80.1700134277,76425,76455,30
13.0997800827,80.1700134277,76455,76465,10
13.0996103287,80.1696929932,76465,76506,41
13.0996103287,80.1696929932,76506,76516,10
13.0991802216,80.1695175171,76516,76526,10
13.0988903046,80.1694564819,76526,76546,20
13.0988903046,80.1694564819,76546,76556,10
13.0986604691,80.1694717407,76556,76566,10
13.098859787,80.1693496704,76566,76637,71
13.098859787,80.1693496704,76637,76647,10
13.0990400314,80.1695327759,76647,76657,10
13.0991697311,80.1695404053,76657,76667,10
13.0992498398,80.169593811,76667,76677,10
13.0994100571,80.1696395874,76677,76708,31
13.0994100571,80.1696395874,76708,76718,10
13.0997200012,80.1698684692,76718,76728,10
13.0996999741,80.1700134277,76728,76738,10
13.0996704102,80.1701278687,76738,76748,10
13.0993099213,80.1702575684,76748,76859,111
13.0990104675,80.1701889038,76859,76899,40
13.0990104675,80.1701889038,76899,76909,10
13.0989198685,80.170173645,76909,76920,11
13.0985202789,80.1701583862,76920,76930,10
13.0979604721,80.1701507568,76930,76940,10
13.0971498489,80.1700897217,76940,76950,10
13.0962600708,80.1700363159,76950,76960,10
13.095459938,80.1699676514,76960,76970,10
13.0948600769,80.169960022,76970,76980,10
13.0945796967,80.1699523926,76980,76990,10
13.0943098068,80.169921875,76990,77000,10
13.0937995911,80.1699066162,77000,77011,11
13.0930500031,80.1699523926,77011,77021,10
13.0921201706,80.1698608398,77021,77031,10
13.091170311,80.1697998047,77031,77041,10
13.0900802612,80.1697006226,77041,77051,10
13.089050293,80.1696166992,77051,77061,10
13.088640213,80.1697463989,77061,77071,10
13.0886201859,80.1701278687,77071,77081,10
13.0885896683,80.1707763672,77081,77091,10
13.0886001587,80.1711120605,77091,77101,10
13.0885896683,80.17162323,77101,77111,10
13.0885601044,80.1722183228,77111,77121,10
13.0885095596,80.1729202271,77121,77132,11
13.0884599686,80.1739120483,77132,77142,10
13.0883998871,80.1748275757,77142,77152,10
13.0883598328,80.1757125854,77152,77162,10
13.0882797241,80.1767272949,77162,77172,10
13.0882396698,80.1774902344,77172,77182,10
13.0882196426,80.1786422729,77182,77202,20
13.0882196426,80.1786422729,77202,77212,10
13.0881996155,80.1790008545,77212,77222,10
13.0882196426,80.1794662476,77222,77233,11
13.0882101059,80.1799087524,77233,77243,10
13.0881795883,80.1806793213,77243,77253,10
13.0881004333,80.1825180054,77253,77263,10
13.0881004333,80.1825180054,77263,77273,10
13.0880804062,80.1834793091,77273,77282,9
13.0880203247,80.184463501,77282,77317,35
13.0879001617,80.1876678467,77317,77327,10
13.0879001617,80.1879425049,77327,77337,10
13.0878801346,80.1881027222,77337,77348,11
13.0878601074,80.1885986328,77348,77358,10
13.0878000259,80.1897277832,77358,77388,30
13.0878000259,80.1897277832,77388,77398,10
13.0877199173,80.1899871826,77398,77408,10
13.0876502991,80.1904907227,77408,77418,10
13.0875701904,80.1912689209,77418,77428,10
13.0874595642,80.1921234131,77428,77438,10
13.0873804092,80.1928405762,77438,77449,11
13.0873403549,80.1936569214,77449,77459,10
13.0873203278,80.1945495605,77459,77469,10
13.0873003006,80.1953887939,77469,77479,10
13.087269783,80.1962814331,77479,77489,10
13.087220192,80.1972427368,77489,77499,10
13.0872097015,80.1977996826,77499,77509,10
13.0872001648,80.1978225708,77509,77519,10
13.0871801376,80.1981582642,77519,77529,10
13.0872898102,80.1984481812,77529,77539,10
13.0875301361,80.1984634399,77539,77549,10
13.088139534,80.1984405518,77549,77560,11
13.0887298584,80.1984176636,77560,77570,10
13.0891304016,80.1984176636,77570,77580,10
13.0895204544,80.1984176636,77580,77590,10
13.0899600983,80.1984405518,77590,77600,10
13.0904598236,80.1984863281,77600,77610,10
13.0911502838,80.1985473633,77610,77620,10
13.0920200348,80.1986083984,77620,77630,10
13.0926599503,80.1986236572,77630,77640,10
13.0929298401,80.1987380981,77640,77650,10
13.0929203033,80.1990814209,77650,77661,11
13.0929203033,80.1993179321,77661,77671,10
13.0928897858,80.1998062134,77671,77681,10
13.0928602219,80.2003936768,77681,77691,10
13.0928201675,80.2005233765,77691,77701,10
13.0926103592,80.2005386353,77701,77711,10
13.0922002792,80.2005615234,77711,77721,10
13.091460228,80.2005615234,77721,77731,10
13.0904998779,80.2005462646,77731,77741,10
13.0896396637,80.2005386353,77741,77751,10
13.0887403488,80.2005081177,77751,77761,10
13.0878295898,80.2004470825,77761,77772,11
13.0870399475,80.2004318237,77772,77782,10
13.0865297318,80.2004165649,77782,77792,10
13.0858097076,80.2004089355,77792,77802,10
13.0854597092,80.2003707886,77802,77812,10
13.0853204727,80.2001800537,77812,77822,10
13.0853099823,80.1997680664,77822,77832,10
13.0852804184,80.1991577148,77832,77842,10
13.0850801468,80.1987075806,77842,77852,10
13.0843000412,80.1986694336,77852,77893,41
13.0843000412,80.1986694336,77893,77903,10
13.0839395523,80.1986083984,77903,77913,10
13.083439827,80.1986312866,77913,77923,10
13.0830202103,80.1986312866,77923,77963,40
13.0830202103,80.1986312866,77963,77974,11
13.082909584,80.1985702515,77974,77984,10
13.0827198029,80.1985778809,77984,77994,10
13.0825004578,80.1985778809,77994,78004,10
13.0819702148,80.1986083984,78004,78014,10
13.0813503265,80.1986312866,78014,78024,10
13.0806598663,80.1986465454,78024,78034,10
13.0798797607,80.1987228394,78034,78044,10
13.079079628,80.1987915039,78044,78054,10
13.0782299042,80.1988983154,78054,78064,10
13.0773000717,80.1990280151,78064,78074,10
13.0763902664,80.1991271973,78074,78085,11
13.075340271,80.1992797852,78085,78095,10
13.0743999481,80.1997299194,78095,78105,10
13.0736503601,80.2004623413,78105,78115,10
13.0731201172,80.2011032104,78115,78125,10
13.0726699829,80.2016220093,78125,78135,10
13.0724096298,80.2019577026,78135,78145,10
13.0721101761,80.2022781372,78145,78155,10
13.071680069,80.2027587891,78155,78165,10
13.0711202621,80.2034072876,78165,78175,10
13.0704698563,80.2041778564,78175,78185,10
13.070019722,80.204750061,78185,78196,11
13.0698795319,80.2049636841,78196,78246,50
13.0698795319,80.2049636841,78246,78256,10
13.0696802139,80.2050323486,78256,78266,10
13.0694799423,80.2049026489,78266,78276,10
13.0692501068,80.2050018311,78276,78286,10
13.0690402985,80.2053604126,78286,78297,11
13.0687799454,80.205406189,78297,78307,10
13.0684299469,80.205368042,78307,78317,10
13.0679597855,80.2052230835,78317,78367,50
13.0679597855,80.2052230835,78367,78377,10
13.0681695938,80.2049789429,78377,78387,10
13.0683803558,80.2048873901,78387,78397,10
13.0685997009,80.2047576904,78397,78408,11
13.0688800812,80.2046966553,78408,78418,10
13.0693302155,80.2046966553,78418,78448,30
13.0693302155,80.2046966553,78448,78458,10
13.069729805,80.2049026489,78458,78468,10
13.0697202682,80.2052230835,78468,78478,10
13.069439888,80.205657959,78478,78488,10
13.0690202713,80.2063217163,78488,78499,11
13.0684900284,80.2071685791,78499,78508,9
13.0680398941,80.207901001,78508,78519,11
13.0675096512,80.2087173462,78519,78529,10
13.067029953,80.2094726563,78529,78539,10
13.0663499832,80.2101974487,78539,78549,10
13.0650396347,80.2113189697,78549,78569,20
13.0650396347,80.2113189697,78569,78579,10
13.0649299622,80.2113800049,78579,78589,10
13.0645103455,80.2115631104,78589,78599,10
13.0639200211,80.2117462158,78599,78609,10
13.0637598038,80.2117385864,78609,78620,11
13.063369751,80.2117080688,78620,78630,10
13.062789917,80.2117614746,78630,78640,10
13.0620603561,80.2117080688,78640,78650,10
13.0610399246,80.2117385864,78650,78660,10
13.0599803925,80.2117385864,78660,78670,10
13.0589199066,80.2116622925,78670,78680,10
13.0580101013,80.2116317749,78680,78690,10
13.0576400757,80.2116317749,78690,78700,10
13.0573701859,80.2115936279,78700,78710,10
13.0569400787,80.2116165161,78710,78720,10
13.0562601089,80.2116317749,78720,78731,11
13.0552797318,80.2116012573,78731,78741,10
13.0546102524,80.2115783691,78741,78751,10
13.0545597076,80.2115783691,78751,78761,10
13.0543203354,80.2116165161,78761,78771,10
13.0538301468,80.2117233276,78771,78781,10
13.0531902313,80.2118682861,78781,78791,10
13.0525598526,80.2120513916,78791,78801,10
13.0518598557,80.2122116089,78801,78811,10
13.0512895584,80.2122192383,78811,78821,10
13.0508499146,80.2122192383,78821,78832,11
13.0502500534,80.2122268677,78832,78862,30
13.0498304367,80.2122268677,78862,78922,60
13.0498304367,80.2122268677,78922,78933,11
13.0495100021,80.2120895386,78933,78943,10
13.0493001938,80.2121124268,78943,78953,10
13.0487804413,80.2121582031,78953,78963,10
13.04804039,80.2122268677,78963,78973,10
13.0472002029,80.2123184204,78973,78983,10
13.0463104248,80.2123794556,78983,78993,10
13.0448999405,80.2124481201,78993,79022,29
13.0448999405,80.2124481201,79022,79034,12
13.0446195602,80.2124328613,79034,79044,10
13.0442695618,80.2124176025,79044,79054,10
13.0437097549,80.2123794556,79054,79064,10
13.0430297852,80.2124176025,79064,79074,10
13.0424900055,80.2124099731,79074,79084,10
13.0419397354,80.2123336792,79084,79094,10
13.0410404205,80.2122802734,79094,79104,10
13.040019989,80.212310791,79104,79114,10
13.039059639,80.2123413086,79114,79124,10
13.0383396149,80.2123184204,79124,79134,10
13.0375499725,80.212348938,79134,79205,71
13.0375499725,80.212348938,79205,79215,10
13.0371799469,80.2122802734,79215,79225,10
13.0367097855,80.2123031616,79225,79234,9
13.0361204147,80.2122879028,79234,79246,12
13.0350904465,80.2122497559,79246,79256,10
13.0345001221,80.2121810913,79256,79276,20
13.0345001221,80.2121810913,79276,79286,10
13.0343503952,80.2121429443,79286,79296,10
13.0342102051,80.212059021,79296,79306,10
13.0338497162,80.2119674683,79306,79316,10
13.0331802368,80.2118377686,79316,79326,10
13.0323295593,80.2116928101,79326,79336,10
13.0319404602,80.21144104,79336,79346,10
13.0319404602,80.2109375,79346,79357,11
13.0319900513,80.2100982666,79357,79367,10
13.0318202972,80.2095718384,79367,79377,10
13.0312204361,80.2094116211,79377,79387,10
13.0303897858,80.2092132568,79387,79397,10
13.029709816,80.2089996338,79397,79407,10
13.0295801163,80.2089691162,79407,79417,10
13.0294103622,80.2089233398,79417,79427,10
13.0289897919,80.208770752,79427,79437,10
13.028260231,80.2085723877,79437,79447,10
13.0275001526,80.2082519531,79447,79456,9
13.0268201828,80.2078399658,79456,79467,11
13.0258598328,80.2072677612,79467,79478,11
13.0247097015,80.2069702148,79478,79488,10
13.0242795944,80.2069015503,79488,79498,10
13.0242004395,80.2068786621,79498,79508,10
13.0238103867,80.20677948,79508,79518,10
13.0231895447,80.2066726685,79518,79528,10
13.0223398209,80.2064590454,79528,79538,10
13.0214195251,80.2064208984,79538,79548,10
13.0203504562,80.2064666748,79548,79558,10
13.019109726,80.2063522339,79558,79579,21
13.019109726,80.2063522339,79579,79589,10
13.0186700821,80.2061462402,79589,79599,10
13.0180702209,80.205947876,79599,79609,10
13.0174503326,80.2057418823,79609,79619,10
13.0169095993,80.2055282593,79619,79629,10
13.0162696838,80.2052001953,79629,79639,10
13.0153303146,80.2049484253,79639,79649,10
13.0144701004,80.2046432495,79649,79659,10
13.0142202377,80.2045669556,79659,79669,10
13.0137996674,80.2044067383,79669,79680,11
13.0132198334,80.2042388916,79680,79690,10
13.0125703812,80.2040405273,79690,79700,10
13.0117301941,80.2038574219,79700,79710,10
13.0109395981,80.2037506104,79710,79720,10
13.0101995468,80.2037277222,79720,79730,10
13.0094900131,80.203742981,79730,79740,10
13.0087900162,80.2037963867,79740,79750,10
13.0080900192,80.2038497925,79750,79760,10
13.0073404312,80.2037811279,79760,79770,10
13.0065202713,80.2033996582,79770,79781,11
13.0057401657,80.2024307251,79781,79791,10
13.0049695969,80.201461792,79791,79801,10
13.0039997101,80.2010803223,79801,79841,40
13.0039997101,80.2010803223,79841,79851,10
13.0036096573,80.200920105,79851,79861,10
13.003080368,80.2007598877,79861,79871,10
13.0023097992,80.2004699707,79871,79881,10
13.001709938,80.1998596191,79881,79891,10
13.0015802383,80.1992721558,79891,79902,11
13.001660347,80.1985321045,79902,79912,10
13.0017700195,80.1976699829,79912,79922,10
13.0017404556,80.1967391968,79922,79932,10
13.0011796951,80.195930481,79932,79942,10
13.0005502701,80.1950073242,79942,79952,10
12.999830246,80.1940994263,79952,79962,10
12.9991102219,80.1932830811,79962,79972,10
12.9986000061,80.1926574707,79972,79981,9
12.9983301163,80.1922988892,79981,79993,12
12.9978399277,80.1925430298,79993,80003,10
12.9972496033,80.1930236816,80003,80013,10
12.9968996048,80.1932678223,80013,80023,10
12.9967603683,80.1931610107,80023,80033,10
12.9966497421,80.1928405762,80033,80043,10
12.9966096878,80.1925582886,80043,80053,10
12.9965600967,80.1922683716,80053,80093,40
12.9964799881,80.1920089722,80093,80366,273
12.9964799881,80.1920089722,80366,80376,10
12.9963598251,80.1915435791,80376,80840,464
12.9965801239,80.1912536621,80840,81244,404
12.9965801239,80.1912536621,81244,81254,10
12.9968204498,80.1912384033,81254,81416,162
12.9968204498,80.1912384033,81416,81426,10
12.9969100952,80.1908721924,81426,81719,293
12.9972400665,80.19090271,81719,81769,50
12.9972400665,80.19090271,81769,81779,10
12.997010231,80.191116333,81779,81789,10
12.9968500137,80.1912994385,81789,83717,1928
12.9968299866,80.1909408569,83717,85393,1676
