12.9881897,80.22367096,12,1144,1132
12.98806953,80.22376251,1144,2561,1417
12.98808956,80.22367859,2561,3197,636
12.98822021,80.22373962,3197,3338,141
12.98816967,80.22370911,3338,3651,313
12.98816967,80.22370911,3651,3661,10
12.98830032,80.22373962,3661,3914,253
12.98816013,80.22382355,3914,4894,980
12.98808002,80.22360992,4894,5894,1000
12.98826981,80.22373199,5894,6248,354
12.98816013,80.22366333,6248,14804,8556
12.98822021,80.22370911,14804,14905,101
12.98830986,80.22374725,14905,15764,859
12.98816013,80.22358704,15764,16636,872
12.98812008,80.22380829,16636,17322,686
12.98808956,80.22360229,17322,18070,748
12.98808956,80.22360229,18070,18080,10
12.98812962,80.22367096,18080,18141,61
12.98812962,80.22367096,18141,18151,10
12.98820972,80.22368622,18151,18423,272
12.98826981,80.22370911,18423,18575,152
12.98816013,80.22363281,18575,18938,363
12.98816013,80.22363281,18938,18949,11
12.98822021,80.22377014,18949,22233,3284
12.98822021,80.22377014,22233,22243,10
12.9883604,80.22360229,22243,22253,10
12.98851013,80.22332764,22253,22263,10
12.98888969,80.22329712,22263,22273,10
12.98935986,80.22361755,22273,22283,10
12.98943996,80.22421265,22283,22294,11
12.98958969,80.22493744,22294,22304,10
12.9900198,80.22563934,22304,22314,10
12.9900198,80.22641754,22314,22324,10
12.99015045,80.22714996,22324,22334,10
12.9898901,80.22775269,22334,22343,9
12.98950005,80.22798157,22343,22355,12
12.98880005,80.2288208,22355,22365,10
12.98847008,80.2296524,22365,22375,10
12.98820019,80.23040009,22375,22385,10
12.98779011,80.23142242,22385,22396,11
12.98750019,80.23259735,22396,22406,10
12.98744011,80.23325348,22406,22416,10
12.98682022,80.2333374,22416,22426,10
12.98624039,80.23339081,22426,22436,10
12.98618031,80.23403168,22436,22446,10
12.98633957,80.23487854,22446,22456,10
12.98659039,80.23578644,22456,22466,10
12.98661995,80.23654175,22466,22476,10
12.98663998,80.23721313,22476,22486,10
12.98666,80.23809814,22486,22499,13
12.9865799,80.23854065,22499,22519,20
12.9865799,80.23854065,22519,22529,10
12.98661041,80.23841858,22529,22539,10
12.98666,80.23812866,22539,22559,20
12.98666,80.23812866,22559,22569,10
12.98666,80.2379837,22569,22580,11
12.98666,80.23793793,22580,22590,10
12.98665047,80.23757935,22590,22600,10
12.98663044,80.2368927,22600,22611,11
12.9865799,80.23602295,22611,22621,10
12.98655987,80.23558044,22621,22630,9
12.98624039,80.23471832,22630,22641,11
12.98610973,80.23377991,22641,22651,10
12.98639011,80.2333374,22651,22661,10
12.98694038,80.23330688,22661,22671,10
12.98738003,80.23297882,22671,22681,10
12.9874897,80.23214722,22681,22692,11
12.98793983,80.23094177,22692,22700,8
12.98824978,80.23014832,22700,22711,11
12.98830986,80.22998047,22711,22722,11
12.98851967,80.22943115,22722,22733,11
12.98888016,80.22850037,22733,22743,10
12.98948002,80.22807312,22743,22752,9
12.98983955,80.22782898,22752,22762,10
12.99020004,80.22783661,22762,22773,11
12.99048042,80.22878265,22773,22783,10
12.99067974,80.22936249,22783,22794,11
12.99087048,80.23059845,22794,22804,10
12.99094009,80.23123169,22804,22814,10
12.9910202,80.23210144,22814,22824,10
12.99125957,80.23297882,22824,22834,10
12.99147987,80.23348999,22834,22844,10
12.99205971,80.23371887,22844,22854,10
12.99263954,80.2338028,22854,22864,10
12.99324036,80.23401642,22864,22874,10
12.99372005,80.23430634,22874,22884,10
12.99388981,80.23445892,22884,22895,11
12.99417019,80.23467255,22895,22905,10
12.99497986,80.23512268,22905,22915,10
12.99551964,80.23548889,22915,22924,9
12.9959898,80.23593903,22924,22935,11
12.99615002,80.23613739,22935,22945,10
12.99662018,80.23703766,22945,22955,10
12.99701023,80.23770905,22955,22965,10
12.9974699,80.23841858,22965,22975,10
12.99798012,80.23892212,22975,22985,10
12.99862957,80.23916626,22985,22996,11
12.99870968,80.23921204,22996,23006,10
12.99901962,80.23931122,23006,23016,10
12.99960995,80.2394104,23016,23026,10
13.00053978,80.23956299,23026,23035,9
13.00119019,80.23966217,23035,23046,11
13.00193024,80.23988342,23046,23056,10
13.00265026,80.24011993,23056,23066,10
13.00349998,80.24046326,23066,23076,10
13.00393963,80.24150085,23076,23086,10
13.00477028,80.24185944,23086,23097,11
13.00576019,80.24185181,23097,23107,10
13.00596046,80.24230957,23107,23137,30
13.00596046,80.24230957,23137,23147,10
13.00570011,80.24237823,23147,24335,1188
13.00570011,80.24237823,24335,24345,10
13.00541973,80.24194336,24345,24355,10
13.00485992,80.24179077,24355,24365,10
13.00405979,80.24169922,24365,24375,10
13.00374031,80.24093628,24375,24385,10
13.00323963,80.24028015,24385,24395,10
13.00244045,80.24002075,24395,24406,11
13.00168037,80.23976135,24406,24416,10
13.00094032,80.23959351,24416,24426,10
13.00006008,80.23947144,24426,24436,10
12.9993,80.23932648,24436,24446,10
12.99876976,80.23919678,24446,24456,10
12.99798012,80.23889923,24456,24466,10
12.99754047,80.23841858,24466,24476,10
12.99703979,80.23766327,24476,24486,10
12.99670029,80.23705292,24486,24496,10
12.9963398,80.23635864,24496,24506,10
12.99608994,80.23597717,24506,24517,11
12.99540997,80.23536682,24517,24527,10
12.99491978,80.23506927,24527,24537,10
12.99419022,80.23465729,24537,24547,10
12.99396038,80.23448181,24547,24557,10
12.99359035,80.23417664,24557,24567,10
12.99308014,80.2339325,24567,24577,10
12.99223995,80.23375702,24577,24587,10
12.99186039,80.23374939,24587,24597,10
12.99176979,80.23374176,24597,24607,10
12.99139023,80.2335434,24607,24618,11
12.99123001,80.23297882,24618,24628,10
12.99100971,80.23223877,24628,24638,10
12.99092007,80.2312088,24638,24648,10
12.99087048,80.23058319,24648,24658,10
12.99075985,80.22963715,24658,24668,10
12.99051952,80.22879791,24668,24678,10
12.99034977,80.22820282,24678,24688,10
12.99020004,80.22741699,24688,24698,10
12.99007988,80.22663879,24698,24708,10
12.99011993,80.22599792,24708,24719,11
12.98968983,80.22509003,24719,24729,10
12.98956013,80.22458649,24729,24739,10
12.98950005,80.22377014,24739,24749,10
12.9890604,80.22337341,24749,24759,10
12.98859024,80.2233429,24759,24769,10
12.98838043,80.22332001,24769,24777,8
12.98838043,80.22331238,24777,24789,12
12.98849964,80.22332001,24789,24799,10
12.98904037,80.22335815,24799,24809,10
12.98948002,80.22379303,24809,24820,11
12.98950958,80.22454834,24820,24830,10
12.98974037,80.22525787,24830,24840,10
12.99005985,80.22606659,24840,24850,10
12.99009991,80.22673798,24850,24859,9
12.99018002,80.22750092,24859,24871,12
12.98960972,80.22798157,24871,24881,10
12.98892021,80.22859192,24881,24891,10
12.98851967,80.22958374,24891,24901,10
12.98824024,80.2302475,24901,24911,10
12.98789024,80.23119354,24911,24922,11
12.98750019,80.23233795,24922,24932,10
12.98746014,80.23312378,24932,24942,10
12.98698044,80.23329926,24942,24952,10
12.9863596,80.23330688,24952,24962,10
12.98612976,80.23383331,24962,24972,10
12.98620033,80.23448944,24972,24982,10
12.98647976,80.23518372,24982,24992,10
12.98655987,80.23542023,24992,25002,10
12.9865799,80.23612976,25002,25012,10
12.98661995,80.23696136,25012,25023,11
12.98666,80.23777008,25023,25033,10
12.98666954,80.23863983,25033,25041,8
12.9865799,80.2385025,25041,26066,1025
12.9865799,80.2385025,26066,26076,10
12.98665047,80.23812103,26076,26086,10
12.98663998,80.23742676,26086,26096,10
12.98661995,80.23684692,26096,26106,10
12.98659039,80.23609161,26106,26116,10
12.98655987,80.23551941,26116,26126,10
12.98651981,80.2353363,26126,26137,11
12.98639965,80.2350235,26137,26147,10
12.98618031,80.23426819,26147,26157,10
12.98612976,80.2336731,26157,26167,10
12.98653984,80.23332977,26167,26177,10
12.98668003,80.23332977,26177,26187,10
12.9867897,80.23332977,26187,26197,10
12.98733997,80.23329163,26197,26207,10
12.98744965,80.23275757,26207,26217,10
12.98764992,80.23181915,26217,26227,10
12.98830032,80.23007965,26227,26248,21
12.98830032,80.23007965,26248,26258,10
12.98838997,80.22984314,26258,26268,10
12.9886198,80.22924805,26268,26278,10
12.98904037,80.22831726,26278,26288,10
12.98980045,80.2278595,26288,26298,10
12.98999023,80.22772217,26298,26308,10
12.99022007,80.22753143,26308,26318,10
12.99011993,80.22670746,26318,26328,10
12.99013996,80.22609711,26328,26339,11
12.9897604,80.22518158,26339,26349,10
12.98958969,80.22458649,26349,26359,10
12.98952961,80.22387695,26359,26369,10
12.98915005,80.2233963,26369,26377,8
12.98838043,80.22332764,26377,26409,32
12.98838043,80.22332764,26409,26419,10
12.98871994,80.22335052,26419,26440,21
12.98871994,80.22335052,26440,26450,10
12.98906994,80.22338104,26450,26460,10
12.98946953,80.22377014,26460,26470,10
12.98950958,80.22434235,26470,26480,10
12.98970032,80.2249527,26480,26490,10
12.99011993,80.22583771,26490,26500,10
12.99009991,80.22657013,26500,26510,10
12.99022961,80.22730255,26510,26520,10
12.99024963,80.22753906,26520,26530,10
12.99028015,80.22776794,26530,26541,11
12.99051952,80.22857666,26541,26551,10
12.99067974,80.22913361,26551,26561,10
12.99088955,80.22998047,26561,26571,10
12.99088001,80.23011017,26571,26581,10
12.99090004,80.23040009,26581,26591,10
12.99092007,80.23097229,26591,26601,10
12.99100018,80.23201752,26601,26621,20
12.99100018,80.23201752,26621,26631,10
12.99108982,80.23242188,26631,26642,11
12.99131966,80.23310089,26642,26652,10
12.99178028,80.23365784,26652,26672,20
12.99178028,80.23365784,26672,26682,10
12.99203014,80.2337265,26682,26692,10
12.99265957,80.23378754,26692,26702,10
12.99324989,80.23400116,26702,26712,10
12.99374008,80.23430634,26712,26722,10
12.99394035,80.23448181,26722,26732,10
12.99440002,80.23474884,26732,26743,11
12.99520969,80.23522186,26743,26753,10
12.99571037,80.23558044,26753,26763,10
12.99606037,80.23596954,26763,26773,10
12.99639034,80.23645782,26773,26783,10
12.99685955,80.23731995,26783,26792,9
12.99713993,80.23777771,26792,26803,11
12.99771976,80.23860168,26803,26813,10
12.9981699,80.23898315,26813,26823,10
12.99872017,80.23918915,26823,26833,10
12.9987402,80.23919678,26833,26843,10
12.99901962,80.23928833,26843,26854,11
12.99954987,80.2394104,26854,26864,10
13.00045967,80.2395401,26864,26874,10
13.00119972,80.23966217,26874,26884,10
13.00175953,80.23982239,26884,26894,10
13.00242996,80.24004364,26894,26903,9
13.00290012,80.2401886,26903,26914,11
13.00358963,80.24060059,26914,26924,10
13.00393963,80.24141693,26924,26934,10
13.00467968,80.24185944,26934,26944,10
13.00557995,80.24182892,26944,26955,11
13.00601959,80.24217224,26955,26965,10
13.0057497,80.24221802,26965,27813,848
13.0057497,80.24221802,27813,27823,10
13.00557995,80.24208832,27823,27833,10
13.00520039,80.24182129,27833,27843,10
13.00442028,80.24183655,27843,27853,10
13.00395966,80.24153137,27853,27864,11
13.00362968,80.24069977,27864,27874,10
13.00296974,80.2401886,27874,27884,10
13.0026598,80.24008179,27884,27894,10
13.00236034,80.23999023,27894,27903,9
13.00168991,80.23976898,27903,27914,11
13.00086021,80.23957825,27914,27924,10
12.99995995,80.23946381,27924,27934,10
12.99923038,80.23932648,27934,27944,10
12.99921036,80.23931885,27944,27954,10
12.99890995,80.23922729,27954,27965,11
12.99870014,80.23918152,27965,27975,10
12.99853992,80.23914337,27975,27985,10
12.99792004,80.23886108,27985,27995,10
12.99750996,80.23841095,27995,28005,10
12.99707031,80.23773956,28005,28015,10
12.99678993,80.23725891,28015,28025,10
12.99641991,80.23654175,28025,28035,10
12.99631977,80.23636627,28035,28045,10
12.9960804,80.23599243,28045,28055,10
12.99557972,80.23549652,28055,28066,11
12.99510002,80.23519135,28066,28076,10
12.99398041,80.23452759,28076,28096,20
12.99398041,80.23452759,28096,28106,10
12.99390984,80.23448944,28106,28116,10
12.99355984,80.23417664,28116,28126,10
12.99300957,80.23387146,28126,28136,10
12.99219036,80.23374176,28136,28146,10
12.9918499,80.23374176,28146,28156,10
12.99184036,80.23374176,28156,28166,10
12.99147034,80.23374176,28166,28177,11
12.99135017,80.23329926,28177,28193,16
12.99108028,80.2324295,28193,28205,12
12.99098015,80.23179626,28205,28215,10
12.99098015,80.23178101,28215,28225,10
12.99096012,80.23139954,28225,28235,10
12.99090958,80.23092651,28235,28244,9
12.99085045,80.23026276,28244,28255,11
12.99083042,80.2300415,28255,28265,10
12.99073982,80.22953796,28265,28276,11
12.99050045,80.22870636,28276,28286,10
12.99030972,80.22801971,28286,28296,10
12.99020958,80.22747803,28296,28306,10
12.99020004,80.22743988,28306,28316,10
12.99009991,80.22673035,28316,28326,10
12.99007988,80.2261734,28326,28336,10
12.98978043,80.22525024,28336,28346,10
12.98956013,80.22460938,28346,28356,10
12.98948002,80.22398376,28356,28366,10
12.98935986,80.22354126,28366,28377,11
12.98871994,80.22332764,28377,28387,10
12.98834991,80.22335052,28387,28397,10
12.9883604,80.22332764,28397,28407,10
12.98840046,80.22331238,28407,28417,10
12.98878002,80.22335815,28417,28427,10
12.98931026,80.22351074,28427,28436,9
12.98948956,80.22396088,28436,28448,12
12.98962975,80.22483826,28448,28458,10
12.99001026,80.22550964,28458,28468,10
12.99005985,80.22640228,28468,28478,10
12.99018002,80.22707367,28478,28489,11
12.98983955,80.22781372,28489,28499,10
12.98925018,80.22814178,28499,28508,9
12.98873997,80.2289505,28508,28519,11
12.98840046,80.22981262,28519,28529,10
12.98806,80.23068237,28529,28539,10
12.9875803,80.23190308,28539,28549,10
12.98750019,80.23258209,28549,28559,10
12.98748016,80.23310852,28559,28569,10
12.98692036,80.23329163,28569,28580,11
12.98661995,80.2333374,28580,28590,10
12.98649979,80.2333374,28590,28600,10
12.98612976,80.23348236,28600,28610,10
12.98614025,80.23397827,28610,28620,10
12.98628998,80.23471832,28620,28630,10
12.98649979,80.23516846,28630,28640,10
12.98655033,80.23542023,28640,28650,10
12.98659992,80.23613739,28650,28660,10
12.98661995,80.23690033,28660,28671,11
12.98663998,80.23766327,28671,28682,11
12.98668957,80.23860168,28682,28692,10
12.98661041,80.23851013,28692,29681,989
12.98661041,80.23851013,29681,29692,11
12.98666,80.23806763,29692,29702,10
12.98663044,80.23744965,29702,29712,10
12.98661041,80.23686218,29712,29722,10
12.98657036,80.23619843,29722,29732,10
12.98655033,80.23558044,29732,29742,10
12.98649979,80.23532104,29742,29752,10
12.98643017,80.23513794,29752,29762,10
12.98618031,80.23448181,29762,29772,10
12.9861002,80.2338028,29772,29782,10
12.98631001,80.23332977,29782,29793,11
12.98663998,80.23330688,29793,29803,10
12.98682976,80.23327637,29803,29813,10
12.98738003,80.23312378,29813,29823,10
12.98744011,80.23256683,29823,29833,10
12.98764992,80.23156738,29833,29843,10
12.98808956,80.23049927,29843,29853,10
12.98824024,80.23005676,29853,29863,10
12.98838043,80.22976685,29863,29873,10
12.98861027,80.22918701,29873,29883,10
12.98888969,80.22840881,29883,29894,11
12.98952961,80.22801208,29894,29904,10
12.98985958,80.2277832,29904,29914,10
12.9900198,80.22767639,29914,29924,10
12.99015045,80.22712708,29924,29934,10
12.99005032,80.22647095,29934,29944,10
12.99003983,80.22576141,29944,29954,10
12.98960972,80.22493744,29954,29964,10
12.98948956,80.22415924,29964,29974,10
12.98935986,80.22357941,29974,29984,10
12.98882008,80.22332764,29984,29995,11
12.98834038,80.22332001,29995,30025,30
12.98834038,80.22332001,30025,30035,10
12.98863029,80.22329712,30035,30045,10
12.98917961,80.22338867,30045,30055,10
12.98948002,80.22390747,30055,30065,10
12.98958015,80.22463989,30065,30075,10
12.98991013,80.22534943,30075,30085,10
12.99009991,80.2260437,30085,30095,10
12.99015045,80.22673798,30095,30106,11
12.99024963,80.2275238,30106,30116,10
12.99026012,80.22756958,30116,30126,10
12.99038029,80.22818756,30126,30136,10
12.9905901,80.22891998,30136,30146,10
12.9907999,80.22969818,30146,30156,10
12.99087048,80.23016357,30156,30166,10
12.99088001,80.2303772,30166,30176,10
12.9909296,80.23104095,30176,30186,10
12.99100018,80.23175049,30186,30197,11
12.9910202,80.23200226,30197,30207,10
12.99100971,80.23204803,30207,30217,10
12.99116039,80.23262787,30217,30227,10
12.99135971,80.23326111,30227,30237,10
12.99176979,80.23365784,30237,30267,30
12.99176979,80.23365784,30267,30277,10
12.99186039,80.23368073,30277,30287,10
12.99238014,80.23371887,30287,30297,10
12.99312019,80.23391724,30297,30308,11
12.99365997,80.23423767,30308,30318,10
12.99388981,80.23444366,30318,30328,10
12.99411011,80.23458862,30328,30338,10
12.99489021,80.23503876,30338,30348,10
12.99547005,80.2354126,30348,30358,10
12.99612999,80.23607635,30358,30368,10
12.99676037,80.23722839,30368,30378,10
12.99707985,80.23776245,30378,30388,10
12.99755955,80.23847198,30388,30398,10
12.9980402,80.23892975,30398,30409,11
12.99872017,80.23918152,30409,30419,10
12.99872971,80.23918152,30419,30429,10
12.99909973,80.23928833,30429,30439,10
12.9997797,80.23944855,30439,30449,10
13.00090027,80.23960876,30449,30459,10
13.00144958,80.23970795,30459,30469,10
13.00228024,80.23996735,30469,30479,10
13.00269985,80.2401123,30479,30489,10
13.00349998,80.24041748,30489,30499,10
13.00393009,80.24140167,30499,30510,11
13.00477028,80.24185944,30510,30520,10
13.00559998,80.24182892,30520,30530,10
13.00599957,80.24215698,30530,30540,10
13.00574017,80.24224091,30540,31494,954
13.00574017,80.24224091,31494,31504,10
13.00541019,80.24201202,31504,31514,10
13.00489998,80.24183655,31514,31525,11
13.00405979,80.24175262,31525,31535,10
13.00372028,80.24104309,31535,31545,10
13.00325966,80.24033356,31545,31555,10
13.00263023,80.24011993,31555,31565,10
13.00249958,80.24008942,31565,31575,10
13.00201035,80.23990631,31575,31585,10
13.00113964,80.23963165,31585,31595,10
13.00045967,80.23951721,31595,31605,10
12.99948978,80.23937988,31605,31615,10
12.99919987,80.23931885,31615,31626,11
12.99882984,80.23919678,31626,31636,10
12.9980402,80.23892975,31636,31646,10
12.9975996,80.23853302,31646,31656,10
12.99707031,80.23777008,31656,31666,10
12.99676037,80.23722839,31666,31676,10
12.99633026,80.23642731,31676,31686,10
12.99561024,80.23551941,31686,31696,10
12.99505997,80.23513794,31696,31706,10
12.99433041,80.23471069,31706,31716,10
12.99396992,80.23449707,31716,31727,11
12.99368954,80.23423767,31727,31737,10
12.99318981,80.23394012,31737,31747,10
12.99250031,80.23374176,31747,31757,10
12.99195957,80.23370361,31757,31767,10
12.9918499,80.23371887,31767,31777,10
12.99158955,80.23377228,31777,31787,10
12.99135971,80.23329926,31787,31797,10
12.99120998,80.23282623,31797,31807,10
12.9910202,80.2322464,31807,31817,10
12.99096012,80.23174286,31817,31828,11
12.99096966,80.23174286,31828,31838,10
12.99096012,80.23153687,31838,31848,10
12.99090004,80.2309494,31848,31858,10
12.99083996,80.23017883,31858,31868,10
12.9907999,80.22994232,31868,31878,10
12.99063969,80.2292099,31878,31888,10
12.99042988,80.22859192,31888,31898,10
12.99020958,80.22772217,31898,31908,10
12.99018955,80.22741699,31908,31918,10
12.99015045,80.22714233,31918,31929,11
12.99003029,80.22640991,31929,31939,10
12.98999977,80.22563934,31939,31949,10
12.98958015,80.22483826,31949,31959,10
12.98948002,80.22412109,31959,31969,10
12.98933983,80.22357178,31969,31979,10
12.98882008,80.2233429,31979,31989,10
12.98832989,80.22332001,31989,32040,51
12.98832989,80.22332001,32040,32050,10
12.98859978,80.22332001,32050,32060,10
12.9891901,80.22341919,32060,32070,10
12.98948002,80.22389221,32070,32080,10
12.98958015,80.22467804,32080,32090,10
12.98995018,80.22541809,32090,32100,10
12.99005032,80.22625732,32100,32110,10
12.99015045,80.22689819,32110,32120,10
12.99013042,80.22756195,32120,32130,10
12.98989964,80.22772217,32130,32141,11
12.98929977,80.22808075,32141,32151,10
12.98873043,80.22895813,32151,32160,9
12.98843956,80.22969818,32160,32171,11
12.98832989,80.22998047,32171,32181,10
12.98810005,80.23059082,32181,32191,10
12.98764992,80.23168182,32191,32201,10
12.98746014,80.2328186,32201,32211,10
12.98729992,80.23327637,32211,32221,10
12.98665047,80.23327637,32221,32231,10
12.9865799,80.23329163,32231,32242,11
12.98612976,80.23348236,32242,32252,10
12.98614979,80.23416901,32252,32262,10
12.98639965,80.23499298,32262,32272,10
12.98649979,80.23519135,32272,32282,10
12.98653984,80.23529816,32282,32292,10
12.98659039,80.23589325,32292,32302,10
12.98659992,80.23670959,32302,32312,10
12.98663044,80.23734283,32312,32322,10
12.98666,80.23831177,32322,32332,10
12.98655033,80.23848724,32332,33332,1000
12.98655033,80.23848724,33332,33342,10
12.98666,80.23832703,33342,33352,10
12.98666954,80.23813629,33352,33363,11
12.98666954,80.23773956,33363,33373,10
12.98663044,80.23706055,33373,33383,10
12.98661041,80.23657227,33383,33393,10
12.98657036,80.23583984,33393,33403,10
12.9865303,80.23535919,33403,33413,10
12.98651981,80.23532104,33413,33423,10
12.98651028,80.23522186,33423,33433,10
12.98624039,80.23471832,33433,33443,10
12.98614025,80.23419189,33443,33453,10
12.98608017,80.23370361,33453,33464,11
12.9865799,80.23332214,33464,33474,10
12.98666,80.23330688,33474,33484,10
12.98701,80.23332214,33484,33494,10
12.98742008,80.23303986,33494,33504,10
12.9874897,80.23233032,33504,33514,10
12.98781013,80.23135376,33514,33524,10
12.98818016,80.23040009,33524,33534,10
12.9882803,80.23007202,33534,33544,10
12.98832989,80.22994232,33544,33554,10
12.98853016,80.22946167,33554,33564,10
12.9888401,80.22862244,33564,33575,11
12.98950005,80.22801971,33575,33585,10
12.98991966,80.22770691,33585,33595,10
12.9900198,80.22763824,33595,33603,8
12.99018955,80.22734833,33603,33615,12
12.99003983,80.2265625,33615,33625,10
12.9901104,80.2258606,33625,33635,10
12.98962975,80.22502136,33635,33645,10
12.98950005,80.22440338,33645,33655,10
12.98945999,80.22377777,33655,33665,10
12.98902035,80.22335815,33665,33676,11
12.98834991,80.22332764,33676,33706,30
12.98834991,80.22332764,33706,33716,10
12.98836994,80.22325897,33716,33726,10
12.98838043,80.22325897,33726,33736,10
12.9885397,80.22329712,33736,33746,10
12.98910046,80.22335052,33746,33756,10
12.98945045,80.22383118,33756,33766,10
12.98950005,80.22447968,33766,33777,11
12.98976994,80.22522736,33777,33787,10
12.9900198,80.22611237,33787,33797,10
12.99007988,80.22664642,33797,33808,11
12.99020004,80.22743225,33808,33818,10
12.99020958,80.22754669,33818,33828,10
12.99030018,80.22801971,33828,33838,10
12.99051952,80.22879791,33838,33848,10
12.99083996,80.23014832,33848,33868,20
12.99083996,80.23014832,33868,33879,11
12.99085045,80.23029327,33879,33889,10
12.99090004,80.23078918,33889,33899,10
12.99094009,80.23135376,33899,33909,10
12.99100018,80.23195648,33909,33919,10
12.99100018,80.23197937,33919,33929,10
12.99102974,80.23220062,33929,33939,10
12.99120998,80.23287201,33939,33949,10
12.99174976,80.23364258,33949,33969,20
12.99174976,80.23364258,33969,33980,11
12.9918499,80.23371887,33980,33990,10
12.99225998,80.23374176,33990,34000,10
12.99304008,80.23390961,34000,34010,10
12.99353981,80.23416138,34010,34020,10
12.99386978,80.23442841,34020,34030,10
12.99392986,80.23448181,34030,34040,10
12.99438,80.23471832,34040,34050,10
12.99514961,80.23516846,34050,34060,10
12.99600029,80.23590088,34060,34091,31
12.99600029,80.23590088,34091,34101,10
12.99615002,80.23610687,34101,34111,10
12.99654961,80.2368927,34111,34121,10
12.99701023,80.23767853,34121,34131,10
12.99738979,80.23825073,34131,34141,10
12.99785995,80.23879242,34141,34151,10
12.99870014,80.23916626,34151,34171,20
12.99870014,80.23916626,34171,34182,11
12.99882984,80.23922729,34182,34192,10
12.99938011,80.23937988,34192,34202,10
13.00032997,80.23954773,34202,34212,10
13.00119972,80.2396698,34212,34222,10
13.00187016,80.23986053,34222,34232,10
13.00244045,80.24005127,34232,34242,10
13.00257969,80.24008179,34242,34252,10
13.00319958,80.24030304,34252,34262,10
13.00376987,80.24114227,34262,34272,10
13.00444031,80.24185944,34272,34283,11
13.00562,80.24182129,34283,34293,10
13.00594044,80.24226379,34293,34333,40
13.00594044,80.24226379,34333,34343,10
13.00574017,80.24237061,34343,34980,637
13.00574017,80.24237061,34980,34990,10
13.00566006,80.24221039,34990,35001,11
13.00522041,80.24181366,35001,35011,10
13.0043602,80.24182129,35011,35021,10
13.00382042,80.24114227,35021,35031,10
13.00329971,80.24034119,35031,35041,10
13.0026598,80.24009705,35041,35051,10
13.00255966,80.24006653,35051,35061,10
13.0023098,80.23995972,35061,35071,10
13.00152969,80.23970032,35071,35081,10
13.00088978,80.23957825,35081,35091,10
13.00002956,80.23947144,35091,35102,11
12.99923992,80.23932648,35102,35112,10
12.99923038,80.23932648,35112,35122,10
12.99901962,80.23927307,35122,35132,10
12.99835014,80.23906708,35132,35142,10
12.99783993,80.23873138,35142,35152,10
12.9973402,80.23813629,35152,35162,10
12.99691963,80.23751831,35162,35172,10
12.99652958,80.23681641,35172,35182,10
12.99627018,80.23634338,35182,35192,10
12.99610043,80.2360611,35192,35202,10
12.99549961,80.23542786,35202,35213,11
12.99499035,80.23503876,35213,35223,10
12.99429035,80.23465729,35223,35233,10
12.99403,80.23448181,35233,35249,16
12.99363041,80.23412323,35249,35261,12
12.99289989,80.23378754,35261,35271,10
12.99182034,80.23370361,35271,35342,71
12.99182034,80.23370361,35342,35352,10
12.99141026,80.23362732,35352,35362,10
12.99127007,80.23304749,35362,35372,10
12.99104023,80.23239899,35372,35382,10
12.99096012,80.23175812,35382,35392,10
12.99096012,80.23169708,35392,35402,10
12.99094009,80.23127747,35402,35413,11
12.99088001,80.23062134,35413,35423,10
12.99081993,80.2300415,35423,35433,10
12.99081993,80.22998047,35433,35443,10
12.9907198,80.22940063,35443,35453,10
12.99048996,80.22870636,35453,35463,10
12.99030972,80.2280426,35463,35473,10
12.99018002,80.22746277,35473,35483,10
12.99018002,80.22744751,35483,35493,10
12.99013996,80.22705841,35493,35503,10
12.9900198,80.22637939,35503,35514,11
12.98985004,80.22543335,35514,35524,10
12.9895401,80.22476196,35524,35534,10
12.98943996,80.22399902,35534,35544,10
12.98919964,80.22348022,35544,35554,10
12.98869991,80.2233429,35554,35564,10
12.98849964,80.22345734,35564,35574,10
12.98847961,80.22350311,35574,35584,10
12.98828983,80.22387695,35584,37048,1464
12.98828983,80.22387695,37048,37059,11
12.98834038,80.22360229,37059,37069,10
12.98845959,80.22337341,37069,37079,10
12.98847961,80.22335052,37079,37089,10
12.98890018,80.22332001,37089,37099,10
12.98941994,80.22367859,37099,37109,10
12.98945999,80.22425842,37109,37119,10
12.9896698,80.22498322,37119,37129,10
12.99009991,80.22576904,37129,37139,10
12.99005032,80.22647858,37139,37149,10
12.99018002,80.22730255,37149,37159,10
12.98989964,80.22766113,37159,37170,11
12.98966026,80.22788239,37170,37180,10
12.98896027,80.22836304,37180,37190,10
12.98857021,80.2293396,37190,37200,10
12.98836994,80.2298584,37200,37210,10
12.9882803,80.23007202,37210,37220,10
12.98806,80.23075867,37220,37230,10
12.9875803,80.23181915,37230,37240,10
12.98746014,80.23288727,37240,37250,10
12.98744011,80.23314667,37250,37260,10
12.98688984,80.23326874,37260,37271,11
12.98622036,80.23332977,37271,37281,10
12.98612976,80.23388672,37281,37291,10
12.98630047,80.23467255,37291,37301,10
12.98655033,80.23542786,37301,37311,10
12.9865799,80.23581696,37311,37321,10
12.98659039,80.23651886,37321,37331,10
12.98659992,80.23718262,37331,37341,10
12.98663998,80.23802185,37341,37351,10
12.98655033,80.23848724,37351,37382,31
12.98655033,80.23848724,37382,37392,10
12.9865799,80.23842621,37392,37402,10
12.98663998,80.23802185,37402,37412,10
12.98661995,80.23757935,37412,37422,10
12.9865799,80.23683929,37422,37432,10
12.9865303,80.23605347,37432,37442,10
12.98647976,80.23542023,37442,37452,10
12.98645973,80.23532104,37452,37462,10
12.98628044,80.23486328,37462,37473,11
12.98608017,80.23390961,37473,37483,10
12.98616028,80.2333374,37483,37493,10
12.98659992,80.23329926,37493,37503,10
12.98665047,80.23330688,37503,37513,10
12.98709965,80.23329926,37513,37523,10
12.98738003,80.23294067,37523,37539,16
12.98770046,80.23149872,37539,37551,12
12.98822021,80.23023224,37551,37561,10
12.9882803,80.23005676,37561,37571,10
12.98838997,80.22975922,37571,37582,11
12.9886198,80.22910309,37582,37592,10
12.98906994,80.22827911,37592,37601,9
12.98972988,80.2279129,37601,37612,11
12.98999977,80.22773743,37612,37622,10
12.99026966,80.22795868,37622,37632,10
12.99051952,80.22875977,37632,37642,10
12.99069977,80.22943115,37642,37652,10
12.99081993,80.2301178,37652,37662,10
12.99085045,80.2303772,37662,37672,10
12.99088955,80.23100281,37672,37683,11
12.99096012,80.23178864,37683,37693,10
12.99096966,80.231987,37693,37703,10
12.99102974,80.23236084,37703,37713,10
12.99127007,80.23303986,37713,37723,10
12.99168015,80.23355865,37723,37733,10
12.99174023,80.23358917,37733,37743,10
12.99180031,80.23364258,37743,37751,8
12.99209023,80.23370361,37751,37763,12
12.99333954,80.23406219,37763,37784,21
12.99333954,80.23406219,37784,37794,10
12.99359035,80.23422241,37794,37804,10
12.99388981,80.23445129,37804,37814,10
12.99403954,80.23457336,37814,37824,10
12.99473953,80.23500061,37824,37834,10
12.99532032,80.23535919,37834,37844,10
12.99592018,80.23587799,37844,37854,10
12.99610043,80.23609924,37854,37864,10
12.99652004,80.23681641,37864,37874,10
12.99697018,80.23761749,37874,37884,10
12.99736977,80.23822784,37884,37895,11
12.99802017,80.23889923,37895,37905,10
12.99864006,80.23914337,37905,37915,10
12.99868965,80.23915863,37915,37925,10
12.99913979,80.23930359,37925,37935,10
12.99993992,80.23944855,37935,37945,10
13.00098991,80.23960876,37945,37955,10
13.00158024,80.23975372,37955,37965,10
13.00228024,80.23995972,37965,37975,10
13.00251007,80.24004364,37975,37985,10
13.00302982,80.24019623,37985,37996,11
13.00366974,80.24085999,37996,38006,10
13.00417995,80.24176025,38006,38016,10
13.00522995,80.24179077,38016,38025,9
13.00594044,80.24186707,38025,38036,11
13.00568962,80.2421875,38036,38531,495
13.00568962,80.2421875,38531,38541,10
13.00547028,80.24199677,38541,38551,10
13.00498962,80.24176025,38551,38561,10
13.0041399,80.24173737,38561,38571,10
13.00368023,80.24092102,38571,38581,10
13.00306988,80.24021912,38581,38591,10
13.00261021,80.24006653,38591,38601,10
13.00255966,80.24005127,38601,38612,11
13.00255013,80.24005127,38612,38622,10
13.00209999,80.23992157,38622,38632,10
13.00123978,80.23967743,38632,38642,10
13.00055981,80.23954773,38642,38652,10
12.99915981,80.23934174,38652,38672,20
12.99915981,80.23934174,38672,38682,10
12.99903965,80.23930359,38682,38692,10
12.9983902,80.23911285,38692,38702,10
12.99775028,80.23876953,38702,38713,11
12.99719048,80.23805237,38713,38723,10
12.99683952,80.23751068,38723,38733,10
12.99645042,80.23674774,38733,38743,10
12.99625969,80.23638916,38743,38753,10
12.99596977,80.23593903,38753,38763,10
12.99528027,80.23532104,38763,38773,10
12.99483013,80.23506165,38773,38783,10
12.99477005,80.23500824,38783,38793,10
12.99392033,80.23451996,38793,38834,41
12.99392033,80.23451996,38834,38844,10
12.99361038,80.23425293,38844,38854,10
12.9931097,80.23394775,38854,38864,10
12.9924202,80.23377228,38864,38874,10
12.99182034,80.23374176,38874,38904,30
12.99182034,80.23374176,38904,38914,10
12.9913702,80.23365784,38914,38925,11
12.99120998,80.23298645,38925,38935,10
12.99100018,80.23226166,38935,38945,10
12.99096012,80.2318573,38945,38955,10
12.99096012,80.23181915,38955,38965,10
12.99088001,80.23129272,38965,38975,10
12.99083042,80.23062897,38975,38985,10
12.99077988,80.23001862,38985,38995,10
12.99077034,80.22978973,38995,39005,10
12.99055958,80.22899628,39005,39015,10
12.99040031,80.22846222,39015,39026,11
12.99018002,80.22762299,39026,39036,10
12.99015999,80.22743988,39036,39046,10
12.99015999,80.22736359,39046,39056,10
12.99005032,80.22672272,39056,39066,10
12.99003029,80.22611237,39066,39076,10
12.98974037,80.22528076,39076,39086,10
12.98948956,80.22457886,39086,39097,11
12.98943043,80.22377014,39097,39107,10
12.98898029,80.22335052,39107,39117,10
12.98830986,80.22332764,39117,39159,42
12.98838043,80.22322845,39159,39179,20
12.98838043,80.22322845,39179,39189,10
12.9884901,80.2232666,39189,39199,10
12.98908997,80.2233429,39199,39209,10
12.98945045,80.22382355,39209,39219,10
12.98948002,80.22451782,39219,39230,11
12.98987961,80.2253418,39230,39239,9
12.9900198,80.22615814,39239,39250,11
12.99013996,80.22696686,39250,39261,11
12.98995018,80.22766113,39261,39271,10
12.98976994,80.22776031,39271,39281,10
12.98915005,80.22812653,39281,39291,10
12.98869991,80.22901917,39291,39300,9
12.98845005,80.22968292,39300,39310,10
12.98832035,80.22998047,39310,39321,11
12.98806,80.23068237,39321,39332,11
12.98764992,80.23174286,39332,39342,10
12.98746967,80.23280334,39342,39352,10
12.98731041,80.23323059,39352,39362,10
12.98666954,80.23327637,39362,39372,10
12.98612022,80.23345947,39372,39382,10
12.98614025,80.23409271,39382,39392,10
12.9863596,80.23490143,39392,39402,10
12.98647976,80.23518372,39402,39412,10
12.98647976,80.23522186,39412,39422,10
12.98655033,80.23570251,39422,39433,11
12.98657036,80.23648071,39433,39443,10
12.98659039,80.23719788,39443,39453,10
12.98659992,80.23803711,39453,39463,10
12.98653984,80.23853302,39463,40541,1078
12.98653984,80.23853302,40541,40551,10
12.98661995,80.23832703,40551,40561,10
12.98663044,80.23770905,40561,40572,11
12.9865799,80.23695374,40572,40582,10
12.98655987,80.2363205,40582,40592,10
12.98647022,80.23535156,40592,40612,20
12.98647022,80.23535156,40612,40622,10
12.9864397,80.2352066,40622,40632,10
12.98618031,80.23458099,40632,40642,10
12.98608971,80.23383331,40642,40652,10
12.98628044,80.23332214,40652,40662,10
12.98663998,80.23329163,40662,40673,11
12.98701,80.23329926,40673,40683,10
12.98740005,80.23300934,40683,40693,10
12.98748016,80.23230743,40693,40703,10
12.98779964,80.23123932,40703,40713,10
12.98814011,80.2302475,40713,40722,9
12.98822021,80.23002625,40722,40733,11
12.9882803,80.22992706,40733,40743,10
12.98847961,80.22940063,40743,40753,10
12.98873043,80.22859955,40753,40763,10
12.98933029,80.2280426,40763,40774,11
12.98985958,80.22775269,40774,40784,10
12.98997974,80.22766876,40784,40794,10
12.99009037,80.22704315,40794,40804,10
12.98999977,80.22628021,40804,40814,10
12.9898901,80.22545624,40814,40824,10
12.9895401,80.22477722,40824,40833,9
12.98945045,80.22418976,40833,40842,9
12.98935032,80.22364044,40842,40854,12
12.98871994,80.22335052,40854,40864,10
12.98832989,80.22332001,40864,40885,21
12.98832989,80.22332001,40885,40894,9
12.98836994,80.2232666,40894,40905,11
12.98880005,80.22332001,40905,40915,10
12.98939037,80.22360992,40915,40925,10
12.98945045,80.22415924,40925,40935,10
12.98964024,80.22492218,40935,40945,10
12.99005032,80.22569275,40945,40955,10
12.9900198,80.22647858,40955,40965,10
12.99015999,80.22724152,40965,40975,10
12.99020004,80.22750092,40975,40986,11
12.99026012,80.22783661,40986,40996,10
12.99050045,80.22866058,40996,41006,10
12.9906702,80.22924805,41006,41016,10
12.99083996,80.23007965,41016,41026,10
12.99085045,80.23026276,41026,41036,10
12.99088001,80.23088837,41036,41046,10
12.99094009,80.23152924,41046,41056,10
12.99096012,80.23200226,41056,41066,10
12.99102974,80.23242188,41066,41076,10
12.99129009,80.233078,41076,41087,11
12.9917202,80.23361206,41087,41097,10
12.99174023,80.23362732,41097,41107,10
12.99180031,80.23370361,41107,41117,10
12.99227047,80.23374176,41117,41127,10
12.99304008,80.23391724,41127,41137,10
12.99384022,80.23441315,41137,41157,20
12.99384022,80.23441315,41157,41167,10
12.99398994,80.23449707,41167,41177,10
12.99458981,80.23486328,41177,41188,11
12.99532032,80.23532104,41188,41198,10
12.99592972,80.23583984,41198,41208,10
12.99598026,80.23590851,41208,41218,10
12.99612045,80.23609924,41218,41228,10
12.99658966,80.23693085,41228,41238,10
12.99697971,80.23764038,41238,41248,10
12.99740028,80.23831177,41248,41258,10
12.99794006,80.23886108,41258,41268,10
12.99862003,80.23912048,41268,41278,10
12.99868011,80.23914337,41278,41289,11
12.9987402,80.23916626,41289,41299,10
12.99915028,80.23928833,41299,41309,10
12.99997044,80.23947144,41309,41319,10
13.00096989,80.23960114,41319,41329,10
13.00158024,80.23973846,41329,41339,10
13.00236034,80.23999786,41339,41349,10
13.00251961,80.24004364,41349,41360,11
13.00269985,80.2401123,41360,41370,10
13.00341988,80.2403717,41370,41380,10
13.00386047,80.2412796,41380,41390,10
13.00454998,80.24185944,41390,41401,11
13.00566006,80.24182129,41401,41411,10
13.00570011,80.24220276,41411,42311,900
13.00570011,80.24220276,42311,42322,11
13.0053196,80.24195862,42322,42332,10
13.00463963,80.24186707,42332,42342,10
13.0039196,80.24160004,42342,42352,10
13.00358009,80.24073792,42352,42362,10
13.00284958,80.24021149,42362,42372,10
13.00259972,80.24012756,42372,42382,10
13.00224018,80.24002075,42382,42392,10
13.00140953,80.23979187,42392,42402,10
13.00080967,80.2396698,42402,42412,10
12.99995041,80.23953247,42412,42423,11
12.99919987,80.23940277,42423,42433,10
12.99919987,80.23937988,42433,42443,10
12.99905014,80.23930359,42443,42453,10
12.99841976,80.23912811,42453,42463,10
12.99781036,80.23886108,42463,42473,10
12.99732971,80.23825836,42473,42489,16
12.99674034,80.2372818,42489,42501,12
12.9963398,80.23657227,42501,42510,9
12.99623966,80.23635101,42510,42521,11
12.99582958,80.2358017,42521,42532,11
12.99516964,80.23529816,42532,42542,10
12.99458981,80.23496246,42542,42552,10
12.99394989,80.23459625,42552,42562,10
12.99392033,80.23458099,42562,42572,10
12.99368,80.23432922,42572,42582,10
12.99347973,80.23419189,42582,42592,10
12.99300957,80.23394012,42592,42602,10
12.99221039,80.23378754,42602,42620,18
12.9918499,80.23377991,42620,42632,12
12.99164963,80.23378754,42632,42643,11
12.99133015,80.23329926,42643,42653,10
12.99114037,80.23275757,42653,42663,10
12.99096012,80.23171997,42663,42683,20
12.99096012,80.23171997,42683,42693,10
12.9909296,80.2313385,42693,42703,10
12.99088955,80.23072052,42703,42713,10
12.99081993,80.23007965,42713,42723,10
12.99073982,80.22962952,42723,42733,10
12.99050999,80.22885132,42733,42744,11
12.99032974,80.22825623,42744,42754,10
12.99020004,80.2275238,42754,42764,10
12.99018002,80.22737885,42764,42774,10
12.9901104,80.22682953,42774,42784,10
12.99007988,80.2261734,42784,42794,10
12.9897604,80.22530365,42794,42804,10
12.98954964,80.22467804,42804,42814,10
12.98945999,80.22405243,42814,42824,10
12.98937988,80.22361755,42824,42834,10
12.98884964,80.2233963,42834,42845,11
12.98834991,80.22337341,42845,42865,20
12.98834991,80.22337341,42865,42875,10
12.9883604,80.22328186,42875,42884,9
12.98875999,80.22332764,42884,42895,11
12.98933983,80.22357941,42895,42905,10
12.98945999,80.22406769,42905,42915,10
12.98958015,80.224823,42915,42925,10
12.98993015,80.22544098,42925,42935,10
12.99003983,80.22624969,42935,42947,12
12.99013996,80.22701263,42947,42957,10
12.99013996,80.22754669,42957,42967,10
12.98987961,80.22773743,42967,42977,10
12.98943043,80.2280426,42977,42987,10
12.98884964,80.2286911,42987,42997,10
12.9885397,80.22943878,42997,43007,10
12.9883604,80.22988892,43007,43017,10
12.98822021,80.23017883,43017,43027,10
12.98797035,80.23092651,43027,43037,10
12.98756981,80.23201752,43037,43048,11
12.98748016,80.23300934,43048,43058,10
12.98655987,80.23327637,43058,43078,20
12.98655987,80.23327637,43078,43087,9
12.98628044,80.23332214,43087,43098,11
12.98612976,80.23384094,43098,43108,10
12.98647976,80.23518372,43108,43128,20
12.98647976,80.23518372,43128,43138,10
12.98655033,80.23564911,43138,43149,11
12.98659039,80.2364502,43149,43159,10
12.98661995,80.23710632,43159,43169,10
12.98663998,80.23792267,43169,43179,10
12.98653984,80.23851013,43179,44148,969
12.98653984,80.23851013,44148,44158,10
12.98661995,80.2383194,44158,44168,10
12.98663998,80.23809814,44168,44179,11
12.98663998,80.23763275,44179,44189,10
12.98659039,80.23697662,44189,44199,10
12.98655987,80.23641205,44199,44209,10
12.98655987,80.23613739,44209,44219,10
12.98647976,80.23539734,44219,44239,20
12.98647976,80.23539734,44239,44249,10
12.98639011,80.23513794,44249,44259,10
12.98616028,80.23467255,44259,44269,10
12.98612976,80.23410034,44269,44280,11
12.98618031,80.23348236,44280,44290,10
12.98663998,80.23338318,44290,44300,10
12.98672962,80.2333374,44300,44310,10
12.98719978,80.23332214,44310,44320,10
12.98742008,80.23287201,44320,44330,10
12.98760033,80.23191071,44330,44340,10
12.98803043,80.23079681,44340,44350,10
12.98832989,80.22988129,44350,44360,10
12.98849964,80.22946167,44360,44370,10
12.98880005,80.22866821,44370,44381,11
12.98945999,80.22805786,44381,44391,10
12.98987961,80.22776794,44391,44401,10
12.99015999,80.22736359,44401,44411,10
12.99005985,80.2265625,44411,44421,10
12.99011993,80.22586823,44421,44431,10
12.98964024,80.22498322,44431,44441,10
12.98956013,80.22470856,44441,44451,10
12.98948002,80.22432709,44451,44460,9
12.98948002,80.22380829,44460,44470,10
12.98906994,80.22338867,44470,44481,11
12.98836994,80.2233429,44481,44512,31
12.98836994,80.2233429,44512,44522,10
12.98845005,80.22331238,44522,44532,10
12.98884964,80.22335815,44532,44542,10
12.9893198,80.22358704,44542,44552,10
12.98945045,80.22409058,44552,44562,10
12.98956966,80.22480774,44562,44572,10
12.98991966,80.22545624,44572,44582,10
12.98997974,80.22631836,44582,44593,11
12.99005985,80.22698212,44593,44603,10
12.99015999,80.22753906,44603,44613,10
12.99018955,80.22766113,44613,44624,11
12.99034023,80.22834778,44624,44634,10
12.99055004,80.22904205,44634,44644,10
12.99077034,80.22987366,44644,44654,10
12.99081993,80.23071289,44654,44664,10
12.99088001,80.23116302,44664,44674,10
12.99096966,80.23191833,44674,44684,10
12.99100018,80.23210144,44684,44695,11
12.99106026,80.23248291,44695,44705,10
12.9912796,80.23310089,44705,44715,10
12.99170017,80.2336731,44715,44745,30
12.99170017,80.2336731,44745,44755,10
12.99192047,80.23375702,44755,44765,10
12.9924202,80.23381042,44765,44775,10
12.99310017,80.23400116,44775,44785,10
12.9935503,80.23423767,44785,44796,11
12.99396992,80.23455048,44796,44806,10
12.99452019,80.23487854,44806,44816,10
12.99518013,80.23526001,44816,44826,10
12.99573994,80.23574066,44826,44836,10
12.99594021,80.23592377,44836,44846,10
12.99619961,80.23632813,44846,44856,10
12.99660015,80.23708344,44856,44866,10
12.99695015,80.23771667,44866,44876,10
12.9979496,80.23892212,44876,44886,10
12.9979496,80.23892212,44886,44897,11
12.99860954,80.23918152,44897,44907,10
12.99866962,80.23919678,44907,44917,10
12.99905968,80.23931122,44917,44927,10
12.99967957,80.23944092,44927,44937,10
13.00074005,80.23957062,44937,44947,10
13.00133991,80.23970795,44947,44958,11
13.00216007,80.2399826,44958,44968,10
13.00247955,80.24008942,44968,44978,10
13.00267029,80.24014282,44978,44988,10
13.00339985,80.24041748,44988,44999,11
13.00387955,80.24150085,44999,45009,10
13.00467968,80.24186707,45009,45019,10
13.00557041,80.24183655,45019,45029,10
13.00590038,80.24228668,45029,45060,31
13.00570011,80.24230194,45060,45506,446
13.00568008,80.24201965,45506,45820,314
13.00568008,80.24201965,45820,45830,10
13.00551033,80.24208069,45830,45840,10
13.00514984,80.24182892,45840,45850,10
13.00434017,80.24185944,45850,45860,10
13.0037899,80.24125671,45860,45870,10
13.0033102,80.24034882,45870,45880,10
13.00244045,80.2400589,45880,45890,10
13.00187016,80.23989868,45890,45900,10
13.00105,80.23970032,45900,45910,10
13.00037003,80.23959351,45910,45920,10
12.99921989,80.23941803,45920,45961,41
12.99921989,80.23941803,45961,45971,10
12.99901962,80.23927307,45971,45981,10
12.99849987,80.23912811,45981,45991,10
12.99785042,80.23886871,45991,46001,10
12.99752045,80.2384491,46001,46011,10
12.99703026,80.23770142,46011,46021,10
12.99670982,80.23716736,46021,46032,11
12.99629974,80.23641205,46032,46042,10
12.99619961,80.23625183,46042,46052,10
12.99575996,80.23567963,46052,46062,10
12.99522972,80.23532104,46062,46072,10
12.99458027,80.23493195,46072,46082,10
12.99394035,80.23461914,46082,46092,10
12.99392033,80.23458862,46092,46102,10
12.99374008,80.23444366,46102,46112,10
12.99330044,80.23413086,46112,46122,10
12.99271965,80.23390961,46122,46133,11
12.99178028,80.23378754,46133,46153,20
12.99178028,80.23378754,46153,46163,10
12.9913702,80.23365021,46163,46173,10
12.99122047,80.23306274,46173,46183,10
12.99094963,80.23236847,46183,46193,10
12.99088955,80.23178101,46193,46203,10
12.99090004,80.23175812,46203,46213,10
12.99094009,80.23161316,46213,46230,17
12.99077988,80.23065186,46230,46242,12
12.99073982,80.23010254,46242,46252,10
12.99075985,80.22994995,46252,46262,10
12.99063969,80.22924805,46262,46272,10
12.99046993,80.2286911,46272,46282,10
12.99030018,80.22802734,46282,46291,9
12.99018002,80.22750092,46291,46302,11
12.99015999,80.22737885,46302,46312,10
12.99011993,80.22673035,46312,46322,10
12.99011993,80.22595978,46322,46332,10
12.98968983,80.22512054,46332,46343,11
12.98954964,80.22457886,46343,46353,10
12.98945999,80.22382355,46353,46363,10
12.98902988,80.22341919,46363,46373,10
12.98832989,80.2233429,46373,46393,20
12.98832989,80.2233429,46393,46403,10
12.98838997,80.22328186,46403,46413,10
12.98880005,80.22329712,46413,46423,10
12.98929977,80.22357941,46423,46433,10
12.98937988,80.22415924,46433,46444,11
12.98956966,80.22499084,46444,46454,10
12.99003029,80.22575378,46454,46464,10
12.98997021,80.22650146,46464,46474,10
12.99007988,80.227211,46474,46483,9
12.9898901,80.22770691,46483,46494,11
12.98987007,80.22772217,46494,46504,10
12.98962975,80.2279129,46504,46514,10
12.98892975,80.22840118,46514,46524,10
12.98855019,80.22934723,46524,46534,10
12.98834038,80.22989655,46534,46544,10
12.98826981,80.23007965,46544,46555,11
12.98793983,80.23082733,46555,46565,10
12.98756027,80.2318573,46565,46575,10
12.98742962,80.23274231,46575,46585,10
12.98736,80.23323822,46585,46595,10
12.98655987,80.23335266,46595,46635,40
12.98655987,80.23335266,46635,46645,10
12.98637009,80.23332214,46645,46656,11
12.98610973,80.23384857,46656,46666,10
12.98616028,80.23452759,46666,46676,10
12.98641968,80.23516846,46676,46686,10
12.98643017,80.23518372,46686,46696,10
12.98651981,80.235672,46696,46706,10
12.98655987,80.23636627,46706,46716,10
12.9865799,80.23705292,46716,46726,10
12.98659992,80.23792267,46726,46737,11
12.98653984,80.23854828,46737,47000,263
12.9865799,80.23829651,47000,47868,868
12.9865799,80.23829651,47868,47878,10
12.98668003,80.23815155,47878,47889,11
12.98663044,80.23722076,47889,47899,10
12.98659992,80.23667908,47899,47909,10
12.98655987,80.23592377,47909,47919,10
12.98649979,80.2353363,47919,47929,10
12.98647976,80.23529053,47929,47939,10
12.98649025,80.23526001,47939,47949,10
12.98622036,80.23468018,47949,47959,10
12.9861002,80.2338562,47959,47969,10
12.98612976,80.23339844,47969,47979,10
12.98663044,80.23329926,47979,47990,11
12.98688984,80.23330688,47990,48000,10
12.98738956,80.23309326,48000,48010,10
12.98744011,80.23246002,48010,48020,10
12.98768997,80.23152161,48020,48030,10
12.98812008,80.23052979,48030,48040,10
12.98828983,80.2300415,48040,48051,11
12.9883604,80.22979736,48051,48061,10
12.98861027,80.22913361,48061,48071,10
12.9889698,80.22831726,48071,48081,10
12.98948956,80.22799683,48081,48091,10
12.98987961,80.22772217,48091,48102,11
12.98999023,80.22767639,48102,48112,10
12.99015045,80.22754669,48112,48122,10
12.99009991,80.22682953,48122,48132,10
12.99003983,80.22624207,48132,48142,10
12.98987007,80.22547913,48142,48152,10
12.98956013,80.22476196,48152,48160,8
12.98945045,80.22418213,48160,48172,12
12.98921967,80.22348022,48172,48182,10
12.98859978,80.2233429,48182,48192,10
12.98832989,80.22332764,48192,48223,31
12.98832989,80.22332764,48223,48233,10
12.98851013,80.22329712,48233,48243,10
12.9890604,80.22335815,48243,48253,10
12.98943043,80.22379303,48253,48263,10
12.98945045,80.2243576,48263,48273,10
12.98964024,80.22502136,48273,48283,10
12.99007034,80.22583771,48283,48292,9
12.99003983,80.22648621,48292,48304,12
12.99015045,80.22743225,48304,48314,10
12.99016953,80.22753143,48314,48324,10
12.99018002,80.22769165,48324,48334,10
12.99034023,80.22836304,48334,48344,10
12.99051952,80.22895813,48344,48354,10
12.99075985,80.22979736,48354,48364,10
12.99077988,80.23007965,48364,48374,10
12.9907999,80.23059082,48374,48384,10
12.99085045,80.23114777,48384,48394,10
12.99094009,80.2318573,48394,48404,10
12.99094009,80.23194885,48404,48415,11
12.99094963,80.23210907,48415,48425,10
12.99114037,80.23281097,48425,48435,10
12.99170971,80.2335968,48435,48465,30
12.99170971,80.2335968,48465,48475,10
12.99180031,80.23370361,48475,48485,10
12.99221992,80.23371887,48485,48495,10
12.99297047,80.23387146,48495,48505,10
12.99337959,80.23409271,48505,48516,11
12.99380016,80.23436737,48516,48532,16
12.9938097,80.23438263,48532,48544,12
12.99452019,80.23484039,48544,48554,10
12.99520016,80.23523712,48554,48564,10
12.99577999,80.23568726,48564,48574,10
12.9959898,80.23592377,48574,48582,8
12.99623966,80.23628235,48582,48594,12
12.9966898,80.23713684,48594,48604,10
12.99703979,80.23774719,48604,48614,10
12.99752045,80.23845673,48614,48625,11
12.99810028,80.23896027,48625,48635,10
12.99862003,80.23914337,48635,48645,10
12.9986496,80.239151,48645,48655,10
12.99894047,80.23922729,48655,48665,10
12.99962044,80.23937988,48665,48675,10
13.00061989,80.23950195,48675,48685,10
13.0012598,80.23961639,48685,48695,10
13.00195026,80.23985291,48695,48705,10
13.00238991,80.23999023,48705,48715,10
13.00257015,80.2400589,48715,48726,11
13.0033102,80.24033356,48726,48736,10
13.00380993,80.24130249,48736,48746,10
13.00459957,80.24183655,48746,48756,10
13.00562,80.2417984,48756,48766,10
13.00592995,80.24221802,48766,48776,10
13.00568962,80.24220276,48776,49432,656
13.00568962,80.24220276,49432,49443,11
13.00562,80.24208069,49443,49453,10
13.00527954,80.24183655,49453,49463,10
13.00459003,80.24182892,49463,49473,10
13.00397015,80.24159241,49473,49483,10
13.00358963,80.24069977,49483,49493,10
13.00284004,80.2401886,49493,49503,10
13.00261021,80.2401123,49503,49513,10
13.00249004,80.2400589,49513,49523,10
13.00189018,80.23986816,49523,49533,10
13.00113964,80.23969269,49533,49544,11
13.00026989,80.23953247,49544,49554,10
12.99934006,80.23937988,49554,49564,10
12.9991703,80.23931885,49564,49574,10
12.99897957,80.23925781,49574,49584,10
12.99839973,80.23908997,49584,49594,10
12.99781036,80.23880005,49594,49604,10
12.99732971,80.23819733,49604,49614,10
12.99691963,80.2375412,49614,49624,10
12.99652958,80.23683929,49624,49634,10
12.99623013,80.23632813,49634,49645,11
12.99600983,80.23596191,49645,49655,10
12.99536991,80.23538971,49655,49665,10
12.99483967,80.23506165,49665,49675,10
12.99413967,80.23465729,49675,49685,10
12.99403,80.23461151,49685,49695,10
12.9938097,80.23442841,49695,49705,10
12.99337959,80.23407745,49705,49715,10
12.99281025,80.23383331,49715,49725,10
12.99176979,80.2337265,49725,49746,21
12.99176979,80.2337265,49746,49756,10
12.99170971,80.2337265,49756,49766,10
12.99133968,80.23351288,49766,49776,10
12.99120045,80.23297882,49776,49786,10
12.9909296,80.23171234,49786,49806,20
12.9909296,80.23171234,49806,49816,10
12.99085045,80.23114014,49816,49826,10
12.9907999,80.23047638,49826,49836,10
12.99077034,80.23004913,49836,49846,10
12.99069023,80.22953796,49846,49857,11
12.9904604,80.22873688,49857,49867,10
12.99026966,80.22814941,49867,49877,10
12.99013996,80.22744751,49877,49887,10
12.99011993,80.22721863,49887,49897,10
12.9900198,80.22653198,49897,49907,10
12.99005985,80.2258606,49907,49917,10
12.98962975,80.22502136,49917,49927,10
12.98948002,80.22437286,49927,49938,11
12.98943043,80.22367859,49938,49949,11
12.98890018,80.22332764,49949,49959,10
12.98845005,80.22341156,49959,49979,20
12.98845005,80.22341156,49979,49989,10
12.9883604,80.22350311,49989,49999,10
12.9881897,80.22367096,49999,50918,919
12.9881897,80.22367096,50918,50928,10
12.98845005,80.22338867,50928,50958,30
12.98845005,80.22338867,50958,50968,10
12.9887104,80.22328949,50968,50978,10
12.98921967,80.22344208,50978,50988,10
12.98943996,80.22396088,50988,50999,11
12.98950005,80.2245636,50999,51009,10
12.98974037,80.22518158,51009,51019,10
12.99003983,80.22605896,51019,51029,10
12.99007988,80.22667694,51029,51039,10
12.99016953,80.2274704,51039,51049,10
12.98993015,80.22766876,51049,51059,10
12.98987961,80.2277298,51059,51069,10
12.98945999,80.22801208,51069,51079,10
12.98884964,80.22859192,51079,51089,10
12.98851967,80.22949219,51089,51100,11
12.98832989,80.22998047,51100,51110,10
12.98832035,80.23000336,51110,51120,10
12.98822975,80.23023987,51120,51130,10
12.98795033,80.23095703,51130,51140,10
12.98756027,80.23209381,51140,51150,10
12.98748016,80.23301697,51150,51160,10
12.98721981,80.23326111,51160,51170,10
12.98665047,80.23329926,51170,51180,10
12.98655033,80.23329926,51180,51190,10
12.98616982,80.2334137,51190,51201,11
12.98614025,80.23399353,51201,51211,10
12.98631001,80.23475647,51211,51221,10
12.98647976,80.23518372,51221,51231,10
12.98655033,80.23544312,51231,51241,10
12.98655033,80.23600006,51241,51250,9
12.98657036,80.23671722,51250,51261,11
12.98659992,80.23735046,51261,51271,10
12.98663998,80.23835754,51271,51281,10
12.98655033,80.23847198,51281,51362,81
12.98655033,80.23847198,51362,51372,10
12.98663044,80.23809052,51372,51382,10
12.98659992,80.23731995,51382,51392,10
12.9865799,80.23670959,51392,51402,10
12.9865303,80.23596954,51402,51413,11
12.98645973,80.23531342,51413,51443,30
12.98645973,80.23531342,51443,51453,10
12.98639965,80.23509979,51453,51463,10
12.98614025,80.23448181,51463,51473,10
12.98608017,80.2338562,51473,51483,10
12.98616982,80.2333374,51483,51493,10
12.98666,80.23329163,51493,51503,10
12.98666,80.23329926,51503,51514,11
12.98684025,80.23330688,51514,51524,10
12.98736,80.23322296,51524,51534,10
12.98740959,80.23271942,51534,51544,10
12.98756027,80.23190308,51544,51554,10
12.9879303,80.23095703,51554,51564,10
12.98826027,80.23008728,51564,51594,30
12.98826027,80.23008728,51594,51604,10
12.98836994,80.2297821,51604,51615,11
12.98857975,80.22921753,51615,51625,10
12.98890972,80.22840881,51625,51635,10
12.98962975,80.22792816,51635,51645,10
12.99009037,80.22762299,51645,51664,19
12.99009037,80.22762299,51664,51675,11
12.99016953,80.22753906,51675,51685,10
12.99015999,80.22712708,51685,51695,10
12.9900198,80.22646332,51695,51705,10
12.99005985,80.22582245,51705,51716,11
12.98958015,80.22492218,51716,51726,10
12.98945045,80.22428894,51726,51736,10
12.98937988,80.22367859,51736,51744,8
12.98900032,80.22338867,51744,51756,12
12.98832035,80.22335052,51756,51816,60
12.98832035,80.22335052,51816,51827,11
12.98867989,80.22328186,51827,51837,10
12.98925972,80.22342682,51837,51847,10
12.98945045,80.22393799,51847,51857,10
12.98952961,80.22457886,51857,51867,10
12.98978043,80.22524261,51867,51876,9
12.99007034,80.22589874,51876,51888,12
12.99007988,80.22675323,51888,51898,10
12.99018002,80.22743988,51898,51907,9
12.99018955,80.2275238,51907,51918,11
12.9902401,80.22782135,51918,51929,11
12.9904604,80.22865295,51929,51939,10
12.99061966,80.22917175,51939,51949,10
12.9907999,80.23001099,51949,51959,10
12.99081039,80.2301178,51959,51969,10
12.99083996,80.23045349,51969,51979,10
12.99088001,80.23104858,51979,51989,10
12.99094963,80.23177338,51989,51999,10
12.99096966,80.23197937,51999,52009,10
12.99098969,80.23222351,52009,52020,11
12.99123001,80.23291779,52020,52030,10
12.99176025,80.23361969,52030,52080,50
12.99176025,80.23361969,52080,52090,10
12.99205017,80.23371887,52090,52100,10
12.99244976,80.23377228,52100,52110,10
12.99300957,80.23390961,52110,52127,17
12.99363995,80.23426819,52127,52139,12
12.99386024,80.23442078,52139,52149,10
12.99398041,80.23451996,52149,52159,10
12.99402046,80.23455811,52159,52169,10
12.99438953,80.23480988,52169,52179,10
12.99512005,80.23522186,52179,52189,10
12.9956398,80.23555756,52189,52199,10
12.99596977,80.23590851,52199,52209,10
12.9960804,80.23607635,52209,52219,10
12.99645996,80.23674774,52219,52230,11
12.99695969,80.23758698,52230,52240,10
12.99732018,80.23813629,52240,52250,10
12.99790001,80.23879242,52250,52260,10
12.99868011,80.23915863,52260,52280,20
12.99868011,80.23915863,52280,52290,10
12.99911022,80.23930359,52290,52300,10
12.99985027,80.23944092,52300,52310,10
13.00090027,80.23959351,52310,52320,10
13.00150013,80.23970795,52320,52330,10
13.00224972,80.23995972,52330,52340,10
13.00251007,80.2400589,52340,52351,11
13.00294971,80.24021912,52351,52361,10
13.00360012,80.24067688,52361,52370,9
13.00397015,80.24152374,52370,52381,11
13.00489044,80.2417984,52381,52393,12
13.00592041,80.24185944,52393,52403,10
13.00592041,80.24227905,52403,52443,40
13.00592041,80.24227905,52443,52454,11
13.00568962,80.24234009,52454,53110,656
13.00568962,80.24234009,53110,53120,10
13.00551033,80.24211121,53120,53130,10
13.00506973,80.24181366,53130,53140,10
13.00428009,80.24182892,53140,53150,10
13.00384045,80.24127197,53150,53160,10
13.00341034,80.24040222,53160,53171,11
13.00259018,80.24006653,53171,53181,10
13.00247955,80.24005127,53181,53191,10
13.00197983,80.23988342,53191,53201,10
13.00113964,80.23963165,53201,53211,10
13.00041008,80.23950195,53211,53221,10
12.99917984,80.23931885,53221,53241,20
12.99917984,80.23931885,53241,53251,10
12.99884033,80.23925781,53251,53262,11
12.99808025,80.23901367,53262,53273,11
12.99757957,80.23857117,53273,53283,10
12.99705029,80.23777008,53283,53293,10
12.99676037,80.23726654,53293,53303,10
12.99633026,80.23648071,53303,53313,10
12.99623966,80.23629761,53313,53323,10
12.99588966,80.2358017,53323,53333,10
12.99526024,80.23526001,53333,53343,10
12.99472046,80.23493958,53343,53353,10
12.99396038,80.23445892,53353,53394,41
12.99396038,80.23445892,53394,53404,10
12.99367046,80.23423767,53404,53413,9
12.99320984,80.23396301,53413,53424,11
12.99256039,80.23377991,53424,53434,10
12.99178028,80.23370361,53434,53515,81
12.99178028,80.23370361,53515,53525,10
12.99164963,80.23370361,53525,53535,10
12.99135017,80.23364258,53535,53545,10
12.99123955,80.23317719,53545,53555,10
12.99108982,80.23271942,53555,53565,10
12.99090958,80.23175812,53565,53586,21
12.99090958,80.23175812,53586,53596,10
12.99088955,80.23142242,53596,53606,10
12.99083042,80.23084259,53606,53616,10
12.99077988,80.23001862,53616,53636,20
12.99077988,80.23001862,53636,53646,10
12.99073029,80.22956085,53646,53656,10
12.99053001,80.22888947,53656,53666,10
12.9903698,80.2283783,53666,53676,10
12.99020958,80.22763824,53676,53687,11
12.99016953,80.22740173,53687,53697,10
12.99013996,80.22725677,53697,53707,10
12.99003983,80.22678375,53707,53717,10
12.99005985,80.22618103,53717,53727,10
12.98978043,80.22535706,53727,53737,10
12.98950958,80.22463989,53737,53747,10
12.98945045,80.22393799,53747,53757,10
12.98910046,80.22341919,53757,53767,10
12.98855972,80.22332001,53767,53777,10
12.98832989,80.22332001,53777,53828,51
12.98832989,80.22332001,53828,53838,10
12.98841,80.22325134,53838,53848,10
12.98888016,80.22329712,53848,53858,10
12.98933983,80.22355652,53858,53868,10
12.98943043,80.22405243,53868,53878,10
12.98956013,80.22476959,53878,53889,11
12.98999023,80.22547913,53889,53898,9
12.9900198,80.22631073,53898,53908,10
12.99011993,80.22689819,53908,53919,11
12.98999977,80.22756195,53919,53929,10
12.98987007,80.22767639,53929,53939,10
12.98948002,80.22796631,53939,53949,10
12.98884964,80.22850037,53949,53958,9
12.98857975,80.22933197,53958,53968,10
12.9883604,80.22985077,53968,53979,11
12.98822021,80.23016357,53979,53990,11
12.98787975,80.23098755,53990,54000,10
12.98762035,80.23165131,54000,54010,10
12.98748016,80.23249817,54010,54020,10
12.98746014,80.23309326,54020,54030,10
12.98694992,80.23326111,54030,54040,10
12.98655987,80.23329163,54040,54050,10
12.98653984,80.23327637,54050,54060,10
12.98614025,80.23336029,54060,54070,10
12.9861002,80.2339325,54070,54080,10
12.9862299,80.23468018,54080,54090,10
12.98645973,80.23516083,54090,54101,11
12.9865303,80.23545837,54101,54110,9
12.98655033,80.2360611,54110,54119,9
12.9865799,80.23686218,54119,54131,12
12.98659992,80.23769379,54131,54141,10
12.98666,80.23854828,54141,54151,10
12.98655987,80.2384491,54151,54878,727
12.98655987,80.2384491,54878,54888,10
12.98663998,80.23815155,54888,54898,10
12.98663998,80.23783112,54898,54908,10
12.98661995,80.23754883,54908,54918,10
12.98659992,80.23693848,54918,54929,11
12.98659992,80.23625183,54929,54939,10
12.9865799,80.23561096,54939,54949,10
12.98651981,80.23532867,54949,54959,10
12.98641968,80.2350769,54959,54969,10
12.98616982,80.23442078,54969,54979,10
12.98610973,80.23381042,54979,54989,10
12.98631954,80.23330688,54989,54999,10
12.98666,80.23327637,54999,55009,10
12.98690987,80.23326111,55009,55019,10
12.98736,80.23303986,55019,55030,11
12.98744965,80.23242188,55030,55040,10
12.98771954,80.23148346,55040,55050,10
12.98812962,80.23052216,55050,55060,10
12.98830032,80.23007965,55060,55070,10
12.98834038,80.22988129,55070,55080,10
12.98855019,80.22937775,55080,55090,10
12.98888016,80.2285614,55090,55100,10
12.98956966,80.22798157,55100,55110,10
12.98997974,80.2276001,55110,55120,10
12.99009991,80.22734833,55120,55131,11
12.99003029,80.22666168,55131,55141,10
12.99007988,80.22605133,55141,55151,10
12.98970985,80.22519684,55151,55160,9
12.98952007,80.22460175,55160,55171,11
12.98948002,80.22383881,55171,55182,11
12.98900986,80.2233963,55182,55192,10
12.98832989,80.22332001,55192,55222,30
12.98832989,80.22332001,55222,55233,11
12.98851967,80.22328949,55233,55243,10
12.98904991,80.22332764,55243,55253,10
12.9894104,80.22380066,55253,55263,10
12.98941994,80.22438812,55263,55273,10
12.98960018,80.22499084,55273,55283,10
12.99005985,80.22566986,55283,55293,10
12.98999023,80.2264328,55293,55304,11
12.99013996,80.22728729,55304,55314,10
12.99015999,80.22747803,55314,55325,11
12.99030018,80.22817993,55325,55334,9
12.99048996,80.22878265,55334,55345,11
12.99067974,80.22953796,55345,55355,10
12.99077034,80.23008728,55355,55363,8
12.99079037,80.23018646,55363,55375,12
12.99081039,80.23091125,55375,55385,10
12.99090004,80.23146057,55385,55395,10
12.99092007,80.23190308,55395,55405,10
12.99094009,80.23216248,55405,55415,10
12.99114037,80.23280334,55415,55426,11
12.99170017,80.23358154,55426,55467,41
12.99170017,80.23358154,55467,55477,10
12.99184036,80.2337265,55477,55487,10
12.99221992,80.23371887,55487,55497,10
12.99295044,80.23387146,55497,55507,10
12.99349022,80.23416901,55507,55517,10
12.99386024,80.23442078,55517,55527,10
12.99386978,80.23442078,55527,55537,10
12.99419975,80.23462677,55537,55548,11
12.99499035,80.23509979,55548,55557,9
12.99545002,80.2354126,55557,55569,12
12.99592972,80.23586273,55569,55579,10
12.9960804,80.23603821,55579,55589,10
12.99639988,80.2366333,55589,55599,10
12.9967804,80.23735809,55599,55609,10
12.99715996,80.23787689,55609,55619,10
12.99775028,80.23860931,55619,55629,10
12.99862957,80.23908234,55629,55650,21
12.99862957,80.23908234,55650,55660,10
12.99878979,80.23916626,55660,55670,10
12.99927044,80.23928833,55670,55680,10
13.00008965,80.23941803,55680,55690,10
13.00098038,80.23956299,55690,55700,10
13.00158978,80.23970032,55700,55710,10
13.00226021,80.23993683,55710,55720,10
13.00280952,80.24012756,55720,55730,10
13.00349998,80.24057007,55730,55740,10
13.00387955,80.24147797,55740,55751,11
13.0048399,80.24178314,55751,55761,10
13.00578022,80.24179077,55761,55771,10
13.00588036,80.24227905,55771,55801,30
13.00588036,80.24227905,55801,55811,10
13.00564957,80.24233246,55811,56609,798
13.00564957,80.24233246,56609,56619,10
13.0054903,80.24208069,56619,56629,10
13.00510025,80.24182129,56629,56639,10
13.00430012,80.24182892,56639,56649,10
13.00382042,80.24124146,56649,56659,10
13.00339985,80.24040985,56659,56669,10
13.00261021,80.2401123,56669,56680,11
13.00255013,80.24008179,56680,56689,9
13.00222015,80.2399826,56689,56700,11
13.00146008,80.23972321,56700,56710,10
13.00072002,80.23957825,56710,56720,10
12.99919033,80.23931122,56720,56750,30
12.99919033,80.23931122,56750,56760,10
12.99888039,80.23922729,56760,56770,10
12.99825001,80.23903656,56770,56781,11
12.99765968,80.2386322,56781,56791,10
12.99722004,80.23802185,56791,56801,10
12.99682999,80.2374115,56801,56811,10
12.99641991,80.23665619,56811,56821,10
12.99592018,80.23586273,56821,56831,10
12.99518967,80.23526001,56831,56841,10
12.99464035,80.23493195,56841,56851,10
12.99398041,80.23455048,56851,56861,10
12.99394035,80.23452759,56861,56872,11
12.99357986,80.23420715,56872,56882,10
12.99306965,80.2339325,56882,56892,10
12.99232006,80.23375702,56892,56902,10
12.9918499,80.23374176,56902,56912,10
12.99182034,80.23374176,56912,56922,10
12.99155998,80.23378754,56922,56932,10
12.99131012,80.23325348,56932,56940,8
12.99118996,80.23284912,56940,56952,12
12.99098015,80.23201752,56952,56962,10
12.99094009,80.23175049,56962,56973,11
12.99092007,80.23149109,56973,56983,10
12.99085999,80.23090363,56983,56993,10
12.99081993,80.23021698,56993,57003,10
12.99081039,80.2300415,57003,57013,10
12.99075031,80.22962189,57013,57023,10
12.99053955,80.22886658,57023,57033,10
12.99036026,80.22831726,57033,57043,10
12.99020958,80.22756958,57043,57053,10
12.99018955,80.22743988,57053,57063,10
12.99016953,80.22721863,57063,57073,10
12.99005032,80.22653198,57073,57084,11
12.99009037,80.22577667,57084,57094,10
12.98962021,80.22496033,57094,57104,10
12.98948002,80.22425842,57104,57112,8
12.98943996,80.22371674,57112,57124,12
12.98888969,80.22335052,57124,57134,10
12.9883604,80.22341919,57134,57164,30
12.9883604,80.22341919,57164,57174,10
12.9883604,80.22329712,57174,57185,11
12.98890018,80.22332764,57185,57195,10
12.98939991,80.22364044,57195,57205,10
12.98943043,80.22424316,57205,57215,10
12.98960972,80.22489929,57215,57225,10
12.99005985,80.22566223,57225,57235,10
12.98999023,80.2264328,57235,57245,10
12.99013996,80.22717285,57245,57255,10
12.98989964,80.22766876,57255,57265,10
12.98968983,80.22783661,57265,57275,10
12.98898983,80.22823334,57275,57286,11
12.98849964,80.22928619,57286,57296,10
12.9882803,80.22987366,57296,57306,10
12.98791027,80.23078918,57306,57316,10
12.98750019,80.23182678,57316,57326,10
12.98742008,80.23236084,57326,57336,10
12.98742008,80.23300171,57336,57346,10
12.98703957,80.23326111,57346,57356,10
12.98655033,80.23327637,57356,57366,10
12.98620987,80.23332214,57366,57376,10
12.9861002,80.23387146,57376,57386,10
12.98620987,80.23459625,57386,57397,11
12.98645973,80.23516846,57397,57407,10
12.98647976,80.23526001,57407,57417,10
12.98653984,80.23587799,57417,57427,10
12.98655987,80.23670959,57427,57437,10
12.9865799,80.23735809,57437,57447,10
12.98659992,80.23831177,57447,57457,10
12.98655033,80.23851776,57457,58497,1040
12.98655033,80.23851776,58497,58507,10
12.9865799,80.23845673,58507,58517,10
12.98661995,80.23818207,58517,58528,11
12.98659992,80.23735046,58528,58538,10
12.98655987,80.23674774,58538,58548,10
12.98653984,80.23600006,58548,58558,10
12.98647022,80.23532104,58558,58578,20
12.98647022,80.23532104,58578,58588,10
12.98626041,80.2348175,58588,58598,10
12.98608017,80.23401642,58598,58608,10
12.98606014,80.23348999,58608,58618,10
12.98659992,80.23330688,58618,58629,11
12.98670006,80.23330688,58629,58639,10
12.98725986,80.23327637,58639,58649,10
12.98738003,80.23282623,58649,58659,10
12.98750019,80.23200989,58659,58669,10
12.98779964,80.23123169,58669,58679,10
12.98814964,80.2303772,58679,58689,10
12.98826981,80.23004913,58689,58699,10
12.98845005,80.22955322,58699,58709,10
12.98873997,80.22882843,58709,58719,10
12.98894024,80.22836304,58719,58730,11
12.98900032,80.22827911,58730,58740,10
12.98958015,80.22798157,58740,58750,10
12.99003029,80.22769928,58750,58760,10
12.99007988,80.22766113,58760,58768,8
12.99011993,80.22731781,58768,58780,12
12.98999977,80.22647095,58780,58790,10
12.99003983,80.22576141,58790,58800,10
12.98964024,80.22509766,58800,58810,10
12.98946953,80.22425842,58810,58820,10
12.98935032,80.22364807,58820,58831,11
12.98873997,80.22338104,58831,58841,10
12.98832035,80.22338104,58841,58871,30
12.98832035,80.22338104,58871,58881,10
12.9887104,80.22329712,58881,58891,10
12.98923016,80.22345734,58891,58901,10
12.9895401,80.22470093,58901,58911,10
12.9895401,80.22470093,58911,58921,10
12.98987961,80.22534943,58921,58931,10
12.99003029,80.22608185,58931,58942,11
12.99007988,80.22676086,58942,58952,10
12.99020004,80.22750092,58952,58962,10
12.99034023,80.22812653,58962,58972,10
12.99055004,80.22885132,58972,58982,10
12.99077034,80.22963715,58982,58992,10
12.99085999,80.23018646,58992,59002,10
12.99087048,80.23040009,59002,59011,9
12.99090004,80.23100281,59011,59022,11
12.99096012,80.23169708,59022,59032,10
12.99098969,80.23204803,59032,59043,11
12.99104023,80.23236084,59043,59053,10
12.99125957,80.23300934,59053,59063,10
12.99178028,80.23365784,59063,59082,19
12.99178028,80.23365784,59082,59093,11
12.99190044,80.23374176,59093,59103,10
12.99236012,80.23377228,59103,59113,10
12.99312973,80.23397827,59113,59123,10
12.99359989,80.23426056,59123,59133,10
12.99384022,80.23445892,59133,59144,11
12.99392033,80.23445892,59144,59154,10
12.99440002,80.2348175,59154,59164,10
12.99510002,80.23526001,59164,59174,10
12.99571037,80.23570251,59174,59183,9
12.99600983,80.23600006,59183,59194,11
12.9963398,80.23651886,59194,59204,10
12.9968996,80.23748016,59204,59214,10
12.99726009,80.23805237,59214,59224,10
12.9978199,80.23879242,59224,59234,10
12.99868965,80.23916626,59234,59255,21
12.99868965,80.23916626,59255,59265,10
12.9988203,80.23922729,59265,59275,10
12.99932957,80.23935699,59275,59285,10
13.00008011,80.23947906,59285,59295,10
13.00088978,80.23960114,59295,59304,9
13.00144005,80.23973846,59304,59315,11
13.00230026,80.24002838,59315,59324,9
13.0027504,80.2401886,59324,59336,12
13.00347996,80.24051666,59336,59346,10
13.00382042,80.24128723,59346,59356,10
13.00450039,80.24189758,59356,59366,10
13.00549984,80.24183655,59366,59376,10
13.00594044,80.2423172,59376,59406,30
13.00594044,80.2423172,59406,59416,10
13.00590038,80.24240875,59416,59426,10
13.00564957,80.24234772,59426,60252,826
13.00564957,80.24234772,60252,60262,10
13.00545979,80.24207306,60262,60273,11
13.00504971,80.24179077,60273,60283,10
13.00428009,80.24182129,60283,60293,10
13.00380039,80.24130249,60293,60303,10
13.00341988,80.24049377,60303,60313,10
13.00261021,80.24012756,60313,60323,10
13.0025301,80.24011993,60323,60332,9
13.00244999,80.24008179,60332,60344,12
13.00185966,80.23988342,60344,60353,9
13.00113964,80.23967743,60353,60365,12
13.00032043,80.23954773,60365,60374,9
12.99956036,80.23941803,60374,60385,11
12.9991703,80.23934937,60385,60395,10
12.99911022,80.23934174,60395,60405,10
12.99866962,80.23921967,60405,60415,10
12.99796009,80.23893738,60415,60425,10
12.99752045,80.23853302,60425,60435,10
12.99701977,80.2378006,60435,60445,10
12.99670982,80.2372818,60445,60455,10
12.99631023,80.23654175,60455,60466,11
12.99625015,80.23642731,60466,60476,10
12.99615955,80.23621368,60476,60486,10
12.99569988,80.23565674,60486,60496,10
12.99510956,80.23522949,60496,60506,10
12.99450016,80.23486328,60506,60516,10
12.99394989,80.23457336,60516,60526,10
12.99394989,80.23455811,60526,60536,10
12.99357033,80.23423767,60536,60546,10
12.99302959,80.23394775,60546,60556,10
12.99180984,80.23375702,60556,60577,21
12.99180984,80.23375702,60577,60587,10
12.9917202,80.23377991,60587,60597,10
12.9913702,80.23362732,60597,60607,10
12.99122047,80.23307037,60607,60617,10
12.99100971,80.23242188,60617,60627,10
12.9909296,80.23178101,60627,60637,10
12.99090004,80.23152924,60637,60647,10
12.99085045,80.23091888,60647,60657,10
12.99077988,80.23020172,60657,60667,10
12.99077988,80.2299881,60667,60678,11
12.99063969,80.2293396,60678,60688,10
12.99044991,80.22868347,60688,60698,10
12.99024963,80.2279892,60698,60708,10
12.99016953,80.22743988,60708,60718,10
12.99013996,80.22724152,60718,60728,10
12.9900198,80.22660828,60728,60738,10
12.99007988,80.22606659,60738,60748,10
12.98970985,80.22524261,60748,60758,10
12.98950958,80.22454834,60758,60769,11
12.98943996,80.22377777,60769,60779,10
12.98896027,80.22341156,60779,60789,10
12.98834038,80.22335815,60789,60839,50
12.98834038,80.22335815,60839,60849,10
12.98847961,80.2232666,60849,60859,10
12.98902988,80.22335815,60859,60869,10
12.98945999,80.22374725,60869,60880,11
12.98950005,80.22438049,60880,60890,10
12.98970985,80.22509003,60890,60900,10
12.9901104,80.22590637,60900,60910,10
12.99005985,80.22653198,60910,60920,10
12.99015999,80.22715759,60920,60930,10
12.98993969,80.22769165,60930,60940,10
12.98985958,80.22775269,60940,60950,10
12.98970032,80.22789001,60950,60960,10
12.98952007,80.22798157,60960,60970,10
12.98898029,80.22834778,60970,60981,11
12.98855972,80.22939301,60981,60991,10
12.98834038,80.22995758,60991,61001,10
12.98824024,80.23027802,61001,61011,10
12.98797989,80.23088837,61011,61021,10
12.98758984,80.23191833,61021,61031,10
12.98748016,80.23291016,61031,61047,16
12.9868803,80.23327637,61047,61059,12
12.98653984,80.23329926,61059,61069,10
12.98626041,80.23332214,61069,61080,11
12.98612022,80.23394012,61080,61090,10
12.98647976,80.23522949,61090,61110,20
12.98647976,80.23522949,61110,61119,9
12.98649025,80.2352829,61119,61130,11
12.9865799,80.23587799,61130,61140,10
12.98659992,80.2366333,61140,61150,10
12.98661995,80.23728943,61150,61160,10
12.98666,80.23819733,61160,61170,10
12.9865799,80.23853302,61170,61959,789
12.98670959,80.23864746,61959,62131,172
12.98670959,80.23864746,62131,62141,10
12.98665047,80.23838806,62141,62151,10
12.98663998,80.23776245,62151,62161,10
12.98659992,80.23697662,62161,62171,10
12.9865799,80.23635864,62171,62181,10
12.98649025,80.23535156,62181,62201,20
12.98649025,80.23535156,62201,62212,11
12.98630047,80.23490143,62212,62222,10
12.98610973,80.23416138,62222,62232,10
12.98608017,80.23355103,62232,62242,10
12.98666,80.23332977,62242,62262,20
12.98666,80.23332977,62262,62272,10
12.98692036,80.2333374,62272,62282,10
12.98742962,80.23322296,62282,62292,10
12.98746967,80.23264313,62292,62302,10
12.98764038,80.23177338,62302,62313,11
12.98801994,80.23072815,62313,62323,10
12.98826981,80.23005676,62323,62333,10
12.98832989,80.22994232,62333,62343,10
12.98849964,80.22944641,62343,62353,10
12.98880005,80.22868347,62353,62363,10
12.98939991,80.22805023,62363,62373,10
12.98993015,80.22775269,62373,62383,10
12.99011993,80.22763824,62383,62393,10
12.99011993,80.22715759,62393,62403,10
12.98997974,80.22647858,62403,62413,10
12.99005985,80.22579956,62413,62424,11
12.98958015,80.22489166,62424,62433,9
12.98945999,80.22429657,62433,62444,11
12.98933029,80.22364807,62444,62452,8
12.98894024,80.22341156,62452,62463,11
12.98834038,80.22337341,62463,62494,31
12.98834038,80.22337341,62494,62504,10
12.98878956,80.2233429,62504,62515,11
12.98933983,80.22355652,62515,62525,10
12.98945045,80.22412109,62525,62535,10
12.98958969,80.22483826,62535,62545,10
12.98995972,80.22550201,62545,62555,10
12.99005032,80.22637939,62555,62565,10
12.99015045,80.22699738,62565,62575,10
12.99022007,80.22757721,62575,62585,10
12.99024963,80.22783661,62585,62595,10
12.99048042,80.22860718,62595,62604,9
12.99063015,80.22911835,62604,62616,12
12.99083042,80.22994232,62616,62626,10
12.99085999,80.23020935,62626,62636,10
12.99087048,80.23065186,62636,62646,10
12.99090958,80.23123169,62646,62656,10
12.99096012,80.23193359,62656,62666,10
12.99098015,80.23210144,62666,62676,10
12.99110985,80.23265076,62676,62686,10
12.99133015,80.23326111,62686,62696,10
12.99176979,80.23370361,62696,62727,31
12.99176979,80.23370361,62727,62737,10
12.99203014,80.23374939,62737,62747,10
12.99267006,80.23381805,62747,62757,10
12.99330044,80.23406219,62757,62767,10
12.99378014,80.23438263,62767,62777,10
12.99390984,80.23449707,62777,62787,10
12.99394035,80.23454285,62787,62797,10
12.99435043,80.23475647,62797,62807,10
12.99507046,80.23518372,62807,62817,10
12.99600983,80.23596954,62817,62838,21
12.99600983,80.23596954,62838,62848,10
12.99623966,80.23625946,62848,62858,10
12.99664974,80.23703003,62858,62868,10
12.99705029,80.23773956,62868,62878,10
12.99800014,80.23893738,62878,62888,10
12.99800014,80.23893738,62888,62898,10
12.99872971,80.23922729,62898,62918,20
12.99872971,80.23922729,62918,62929,11
12.99884987,80.2392807,62929,62939,10
12.99938011,80.23940277,62939,62949,10
13.00028038,80.23954773,62949,62960,11
13.0011797,80.23967743,62960,62970,10
13.00181961,80.23986816,62970,62980,10
13.00245953,80.24006653,62980,62990,10
13.0025301,80.24009705,62990,63000,10
13.00294018,80.240242,63000,63010,10
13.00358009,80.2406311,63010,63020,10
13.00397015,80.24154663,63020,63030,10
13.00467968,80.24189758,63030,63042,12
13.00566959,80.24186707,63042,63051,9
13.00594044,80.24237823,63051,63102,51
13.00594044,80.24237823,63102,63112,10
13.00566959,80.24239349,63112,63890,778
13.00566959,80.24239349,63890,63900,10
13.00555992,80.24220276,63900,63910,10
13.00514984,80.24185944,63910,63920,10
13.00434017,80.24186707,63920,63930,10
13.00384998,80.24134064,63930,63940,10
13.00341988,80.24044037,63940,63951,11
13.00244045,80.2400589,63951,63961,10
13.00187016,80.23986053,63961,63971,10
13.00111008,80.23966217,63971,63981,10
13.00039959,80.2395401,63981,63991,10
12.9991703,80.23934174,63991,64011,20
12.9991703,80.23934174,64011,64021,10
12.99909019,80.23930359,64021,64031,10
12.99892044,80.23925781,64031,64041,10
12.9988203,80.23925018,64041,64052,11
12.99857044,80.23916626,64052,64062,10
12.99792957,80.23893738,64062,64072,10
12.99750996,80.23851776,64072,64082,10
12.9969902,80.23773956,64082,64092,10
12.99670029,80.23719788,64092,64102,10
12.99629021,80.23638153,64102,64122,20
12.99629021,80.23638153,64122,64132,10
12.99625969,80.23628235,64132,64142,10
12.99590969,80.2358017,64142,64153,11
12.99524021,80.23526001,64153,64163,10
12.99472046,80.2349472,64163,64173,10
12.99405003,80.23457336,64173,64183,10
12.99394035,80.23448181,64183,64193,10
12.99376965,80.23435211,64193,64203,10
12.99333954,80.23407745,64203,64213,10
12.9927597,80.23387909,64213,64223,10
12.99180031,80.23377991,64223,64254,31
12.99180031,80.23377991,64254,64264,10
12.99158001,80.2338028,64264,64274,10
12.99133968,80.2334137,64274,64284,10
12.99116993,80.23288727,64284,64294,10
12.99094009,80.23178101,64294,64314,20
12.99094009,80.23178101,64314,64324,10
12.99090958,80.23148346,64324,64334,10
12.99083996,80.23091125,64334,64344,10
12.9907999,80.23023224,64344,64355,11
12.9907999,80.23001862,64355,64365,10
12.99069977,80.22949219,64365,64375,10
12.99053001,80.22894287,64375,64385,10
12.99038029,80.22844696,64385,64395,10
12.99020004,80.2277298,64395,64405,10
12.99016953,80.22744751,64405,64415,10
12.99013042,80.22711182,64415,64425,10
12.9900198,80.22647858,64425,64435,10
12.99007034,80.22580719,64435,64445,10
12.98960972,80.22498322,64445,64455,10
12.98946953,80.22431946,64455,64464,9
12.9894104,80.22371674,64464,64476,12
12.98882008,80.22338867,64476,64486,10
12.98832989,80.22338104,64486,64587,101
12.98832989,80.22338104,64587,64597,10
12.98845959,80.22332001,64597,64607,10
12.98902035,80.22337341,64607,64617,10
12.98945045,80.22380066,64617,64627,10
12.98948956,80.22442627,64627,64637,10
12.98970985,80.22514343,64637,64647,10
12.99009037,80.22602081,64647,64657,10
12.99005985,80.22663879,64657,64668,11
12.99015999,80.22747803,64668,64678,10
12.98991013,80.22772217,64678,64688,10
12.98978043,80.22782135,64688,64698,10
12.98929977,80.22808838,64698,64708,10
12.98875999,80.22882843,64708,64717,9
12.98843956,80.2296524,64717,64727,10
12.9882803,80.23004913,64727,64738,11
12.98814964,80.23043823,64738,64748,10
12.98779964,80.23130035,64748,64758,10
12.98748016,80.23232269,64758,64769,11
12.98717976,80.23329926,64769,64789,20
12.98717976,80.23329926,64789,64799,10
12.98674011,80.23336792,64799,64809,10
12.98616982,80.23343658,64809,64819,10
12.98612976,80.23400116,64819,64829,10
12.98647976,80.23523712,64829,64849,20
12.98647976,80.23523712,64849,64859,10
12.98655033,80.23568726,64859,64870,11
12.98655987,80.2364502,64870,64881,11
12.98659039,80.23722076,64881,64891,10
12.98661041,80.23799896,64891,64901,10
12.98653984,80.23851776,64901,65739,838
12.98653984,80.23851776,65739,65749,10
12.98655987,80.2384491,65749,65759,10
12.98661995,80.23799896,65759,65769,10
12.98659039,80.23724365,65769,65779,10
12.9865799,80.23671722,65779,65790,11
12.98655033,80.23603058,65790,65800,10
12.98647976,80.23535919,65800,65820,20
12.98647976,80.23535919,65820,65830,10
12.98637962,80.23510742,65830,65840,10
12.98614979,80.23451996,65840,65850,10
12.98608017,80.23387909,65850,65860,10
12.98620987,80.2333374,65860,65870,10
12.98663044,80.23332977,65870,65880,10
12.98666,80.23332214,65880,65897,17
12.98738003,80.23312378,65897,65909,12
12.98742008,80.23271179,65909,65919,10
12.98756027,80.23191833,65919,65929,10
12.98785019,80.23111725,65929,65939,10
12.98820972,80.23020935,65939,65949,10
12.98843956,80.22962952,65949,65959,10
12.98869038,80.22894287,65959,65969,10
12.98917961,80.22824097,65969,65979,10
12.98976994,80.22789764,65979,65989,10
12.99005985,80.22769928,65989,66000,11
12.99013996,80.22762299,66000,66010,10
12.9901104,80.22705078,66010,66020,10
12.98999977,80.22641754,66020,66030,10
12.98999023,80.22570038,66030,66040,10
12.98960018,80.22492981,66040,66050,10
12.98945045,80.22422028,66050,66060,10
12.98931026,80.22361755,66060,66070,10
12.98886013,80.22338104,66070,66080,10
12.98832989,80.2233429,66080,66111,31
12.98832989,80.2233429,66111,66121,10
12.9883604,80.22328186,66121,66131,10
12.98876953,80.22332764,66131,66141,10
12.98925018,80.22348022,66141,66151,10
12.98943996,80.22398376,66151,66161,10
12.98952007,80.22466278,66161,66171,10
12.98980045,80.22528076,66171,66181,10
12.99007988,80.2259903,66181,66191,10
12.99005032,80.22662354,66191,66202,11
12.99018002,80.22740936,66202,66212,10
12.99018002,80.2275238,66212,66222,10
12.9902401,80.22788239,66222,66232,10
12.9904604,80.22865295,66232,66242,10
12.99057961,80.2290802,66242,66250,8
12.99077988,80.22988129,66250,66262,12
12.99081993,80.23016357,66262,66272,10
12.99085999,80.23062134,66272,66282,10
12.99090958,80.23119354,66282,66292,10
12.99094963,80.23191071,66292,66303,11
12.99096012,80.23204041,66303,66313,10
12.99096966,80.23233032,66313,66322,9
12.99116993,80.23293304,66322,66333,11
12.99176979,80.23368073,66333,66353,20
12.99176979,80.23368073,66353,66363,10
12.99186039,80.2337265,66363,66373,10
12.99223995,80.23374176,66373,66383,10
12.99304008,80.23391724,66383,66393,10
12.9934597,80.23416901,66393,66404,11
12.99386978,80.23445892,66404,66414,10
12.99405956,80.23459625,66414,66424,10
12.99466038,80.23493195,66424,66434,10
12.9952898,80.23532104,66434,66444,10
12.9958601,80.2358017,66444,66454,10
12.99596977,80.23594666,66454,66464,10
12.99623013,80.23634338,66464,66474,10
12.99701977,80.23777008,66474,66484,10
12.99701977,80.23777008,66484,66494,10
12.99740982,80.23840332,66494,66505,11
12.99796963,80.23892975,66505,66515,10
12.99870014,80.23921204,66515,66535,20
12.99870014,80.23921204,66535,66545,10
12.99901962,80.23930359,66545,66555,10
12.99964046,80.23944092,66555,66565,10
13.00063038,80.23956299,66565,66575,10
13.00121975,80.23966217,66575,66585,10
13.00199986,80.23990631,66585,66595,10
13.00249958,80.24006653,66595,66606,11
13.00251961,80.24008179,66606,66616,10
13.00280952,80.2401886,66616,66626,10
13.00345993,80.24043274,66626,66636,10
13.00380993,80.24124908,66636,66646,10
13.0042696,80.24185944,66646,66656,10
13.00512028,80.24183655,66656,66665,9
13.00578976,80.24185181,66665,66675,10
13.00590992,80.24233246,66675,66696,21
13.00590992,80.24233246,66696,66706,10
13.00586033,80.24240112,66706,66717,11
13.00566006,80.24236298,66717,67444,727
13.00566006,80.24236298,67444,67454,10
13.00557041,80.24226379,67454,67464,10
13.00533009,80.24195862,67464,67474,10
13.00481033,80.24183655,67474,67484,10
13.00405979,80.24176025,67484,67494,10
13.00376034,80.24114227,67494,67504,10
13.00333977,80.24038696,67504,67514,10
13.00261974,80.24014282,67514,67525,11
13.00255966,80.24011993,67525,67535,10
13.00236988,80.24006653,67535,67545,10
13.00191021,80.2399292,67545,67555,10
13.00115967,80.2396698,67555,67565,10
13.0005703,80.23957825,67565,67575,10
12.99919987,80.23932648,67575,67615,40
12.99919987,80.23932648,67615,67626,11
12.99888039,80.23925781,67626,67642,16
12.99857998,80.23916626,67642,67654,12
12.99794006,80.23890686,67654,67664,10
12.99752998,80.23854065,67664,67674,10
12.99705029,80.23783875,67674,67684,10
12.99680996,80.23742676,67684,67693,9
12.99625969,80.23641205,67693,67714,21
12.99625969,80.23641205,67714,67725,11
12.99613953,80.23618317,67725,67735,10
12.99569988,80.23564911,67735,67745,10
12.99514008,80.23523712,67745,67755,10
12.9946003,80.23490143,67755,67765,10
12.99392986,80.23451996,67765,67785,20
12.99392986,80.23451996,67785,67795,10
12.99368,80.23432159,67795,67805,10
12.99343014,80.23410797,67805,67815,10
12.99295998,80.23388672,67815,67825,10
12.99223042,80.23374176,67825,67836,11
12.99176025,80.2337265,67836,67856,20
12.99176025,80.2337265,67856,67866,10
12.99155998,80.23377228,67866,67876,10
12.99131966,80.23345184,67876,67886,10
12.99116039,80.23294067,67886,67896,10
12.99096966,80.23236084,67896,67906,10
12.99088955,80.23178101,67906,67916,10
12.99090004,80.23175812,67916,67927,11
12.99083996,80.23139191,67927,67937,10
12.9907999,80.23082733,67937,67947,10
12.99077034,80.23021698,67947,67957,10
12.99075985,80.2300415,67957,67967,10
12.99073982,80.22981262,67967,67977,10
12.99059963,80.22917175,67977,67987,10
12.99042034,80.22860718,67987,67997,10
12.9902401,80.22801971,67997,68007,10
12.99020004,80.22779083,68007,68017,10
12.99015045,80.22743988,68017,68028,11
12.99015999,80.22737885,68028,68038,10
12.99005985,80.22682953,68038,68048,10
12.98997021,80.22624969,68048,68058,10
12.98991013,80.22556305,68058,68068,10
12.98943043,80.22451782,68068,68088,20
12.98943043,80.22451782,68088,68098,10
12.98941994,80.22389984,68098,68108,10
12.98913956,80.22342682,68108,68118,10
12.98863983,80.22332001,68118,68128,10
12.98828983,80.22335052,68128,68199,71
12.98828983,80.22335052,68199,68209,10
12.98838043,80.22325897,68209,68219,10
12.98882008,80.22332001,68219,68229,10
12.98927975,80.22354126,68229,68240,11
12.98939991,80.22411346,68240,68250,10
12.98952007,80.22479248,68250,68260,10
12.98983955,80.22537231,68260,68270,10
12.9900198,80.22608948,68270,68280,10
12.98999977,80.22653961,68280,68289,9
12.99013042,80.2273407,68289,68300,11
12.98987007,80.22769928,68300,68310,10
12.98983002,80.22772217,68310,68320,10
12.98952007,80.22795868,68320,68330,10
12.98892021,80.22841644,68330,68340,10
12.98859978,80.22924042,68340,68351,11
12.98834991,80.2298584,68351,68361,10
12.98830986,80.22995758,68361,68371,10
12.98822975,80.23014832,68371,68381,10
12.98803997,80.23065186,68381,68391,10
12.98771,80.23146057,68391,68401,10
12.98750019,80.23223114,68401,68411,10
12.98742962,80.23300934,68411,68421,10
12.98729992,80.23323822,68421,68431,10
12.98672962,80.23329926,68431,68442,11
12.9865303,80.23329926,68442,68452,10
12.98637962,80.23327637,68452,68462,10
12.98606968,80.23364258,68462,68472,10
12.9861002,80.23420715,68472,68482,10
12.98641968,80.23513794,68482,68512,30
12.98641968,80.23513794,68512,68522,10
12.98651981,80.23545074,68522,68532,10
12.98653984,80.23600769,68532,68543,11
12.98655987,80.23681641,68543,68553,10
12.9865799,80.23739624,68553,68563,10
12.98659992,80.23825836,68563,68573,10
12.98651028,80.23847198,68573,69300,727
12.98651028,80.23847198,69300,69310,10
12.98659992,80.23822021,69310,69320,10
12.9865799,80.23766327,69320,69330,10
12.98653984,80.23695374,69330,69340,10
12.98651028,80.23635864,69340,69351,11
12.98643017,80.23529816,69351,69411,60
12.98643017,80.23529816,69411,69421,10
12.9863596,80.23509216,69421,69431,10
12.98616982,80.23465729,69431,69441,10
12.98608971,80.23412323,69441,69452,11
12.98602962,80.23352051,69452,69462,10
12.98661041,80.23329926,69462,69482,20
12.98661041,80.23329926,69482,69492,10
12.98696995,80.23332214,69492,69502,10
12.98736,80.23309326,69502,69512,10
12.98740005,80.23256683,69512,69522,10
12.9875803,80.23179626,69522,69532,10
12.98787022,80.23104858,69532,69542,10
12.98812008,80.23029327,69542,69552,10
12.98820019,80.23010254,69552,69563,11
12.9882803,80.2298584,69563,69573,10
12.98845005,80.22944641,69573,69583,10
12.98869991,80.22873688,69583,69593,10
12.98921013,80.22814178,69593,69603,10
12.99001026,80.22763062,69603,69633,30
12.99001026,80.22763062,69633,69643,10
12.99011993,80.22730255,69643,69653,10
12.99001026,80.22679901,69653,69664,11
12.98997974,80.22615814,69664,69674,10
12.98980045,80.22544098,69674,69684,10
12.98948956,80.22473907,69684,69694,10
12.98939991,80.22405243,69694,69704,10
12.98927021,80.22354889,69704,69713,9
12.98884964,80.22332001,69713,69724,11
12.98830032,80.22329712,69724,69786,62
12.98830032,80.22329712,69786,69796,10
12.98875046,80.22329712,69796,69806,10
12.98921967,80.22344971,69806,69816,10
12.9894104,80.22395325,69816,69826,10
12.98948956,80.22460175,69826,69836,10
12.98972034,80.22518158,69836,69846,10
12.99003983,80.22589874,69846,69856,10
12.98999977,80.22653961,69856,69867,11
12.99013996,80.2273407,69867,69877,10
12.9902401,80.22801971,69877,69887,10
12.9904604,80.22873688,69887,69895,8
12.99059963,80.22917175,69895,69906,11
12.99077988,80.2300415,69906,69917,11
12.9907999,80.23014832,69917,69927,10
12.99081993,80.23058319,69927,69937,10
12.99085999,80.23113251,69937,69947,10
12.99092007,80.23175812,69947,69957,10
12.99094009,80.23200226,69957,69968,11
12.99096966,80.2321701,69968,69978,10
12.99112034,80.2326889,69978,69988,10
12.99131966,80.23326111,69988,69998,10
12.9917202,80.23365021,69998,70028,30
12.9917202,80.23365021,70028,70038,10
12.99188995,80.23374176,70038,70048,10
12.99240971,80.23375702,70048,70058,10
12.9931097,80.23397064,70058,70069,11
12.99363995,80.23429108,70069,70079,10
12.99384022,80.23445129,70079,70089,10
12.99394989,80.23454285,70089,70099,10
12.99442959,80.23480225,70099,70109,10
12.99510002,80.23519135,70109,70119,10
12.99561977,80.23555756,70119,70129,10
12.99594021,80.23592377,70129,70139,10
12.99602032,80.23600769,70139,70149,10
12.99633026,80.23654175,70149,70162,13
12.99685001,80.23751068,70162,70173,11
12.99720955,80.23809814,70173,70183,10
12.99769974,80.23873138,70183,70193,10
12.99816036,80.2390213,70193,70203,10
12.99862957,80.23916626,70203,70223,20
12.99862957,80.23916626,70223,70233,10
12.99878979,80.23921204,70233,70243,10
12.99919987,80.23931885,70243,70253,10
13.00002003,80.23946381,70253,70263,10
13.00090027,80.23957062,70263,70274,11
13.00152016,80.23972321,70274,70284,10
13.00222015,80.23995209,70284,70294,10
13.00245953,80.2400589,70294,70304,10
13.0025301,80.24008942,70304,70314,10
13.00294971,80.24022675,70314,70324,10
13.00351048,80.24059296,70324,70334,10
13.00378036,80.24121857,70334,70344,10
13.00446033,80.24185944,70344,70354,10
13.00526047,80.24182129,70354,70364,10
13.00590038,80.24186707,70364,70375,11
13.00590038,80.24230194,70375,70425,50
13.00590038,80.24230194,70425,70435,10
13.00562,80.24230957,70435,71122,687
13.00562,80.24230957,71122,71132,10
13.00535965,80.24201202,71132,71142,10
13.00487041,80.24182129,71142,71152,10
13.00405979,80.24176025,71152,71162,10
13.00374031,80.24115753,71162,71172,10
13.00335026,80.24040985,71172,71183,11
13.00263977,80.24011993,71183,71193,10
13.00255966,80.24008942,71193,71203,10
13.00247002,80.2400589,71203,71213,10
13.00203991,80.23992157,71213,71223,10
13.00133038,80.23967743,71223,71233,10
13.00072002,80.23957062,71233,71243,10
12.99989033,80.23944855,71243,71253,10
12.99913025,80.23931885,71253,71273,20
12.99913025,80.23931885,71273,71283,10
12.9990797,80.23928833,71283,71294,11
12.99866962,80.23918915,71294,71304,10
12.99798012,80.23893738,71304,71314,10
12.99755955,80.23860168,71314,71324,10
12.99709988,80.23793793,71324,71334,10
12.99676991,80.23738098,71334,71344,10
12.9962101,80.23634338,71344,71364,20
12.9962101,80.23634338,71364,71374,10
12.99602985,80.23603821,71374,71384,10
12.99553967,80.23551941,71384,71395,11
12.99501038,80.23516083,71395,71405,10
12.99440956,80.23480988,71405,71415,10
12.9939003,80.23451996,71415,71435,20
12.9939003,80.23451996,71435,71445,10
12.99357986,80.23426056,71445,71455,10
12.99308968,80.23394775,71455,71465,10
12.99244976,80.23377228,71465,71475,10
12.99176025,80.2337265,71475,71506,31
12.99176025,80.2337265,71506,71516,10
12.9916296,80.2337265,71516,71526,10
12.99131966,80.23358154,71526,71536,10
12.99118042,80.23303223,71536,71546,10
12.99098969,80.2324295,71546,71556,10
12.99090004,80.23178864,71556,71566,10
12.99090004,80.23175812,71566,71576,10
12.99087048,80.23140717,71576,71586,10
12.99083996,80.23082733,71586,71597,11
12.99077988,80.23010254,71597,71607,10
12.99077988,80.2300415,71607,71617,10
12.99073982,80.22975922,71617,71627,10
12.99055958,80.2290802,71627,71637,10
12.99040031,80.22853088,71637,71647,10
12.99020004,80.22779846,71647,71657,10
12.99013996,80.22737885,71657,71667,10
12.99001026,80.2265625,71667,71677,10
12.99001026,80.2265625,71677,71687,10
12.99007988,80.22595978,71687,71698,11
12.98972988,80.22525787,71698,71708,10
12.98950005,80.22458649,71708,71718,10
12.98945045,80.22389221,71718,71728,10
12.98908043,80.2233963,71728,71738,10
12.98830032,80.22332001,71738,71791,53
12.98830032,80.22332001,71791,71802,11
12.98853016,80.22331238,71802,71812,10
12.98906994,80.22338104,71812,71822,10
12.98941994,80.22380829,71822,71832,10
12.98943996,80.22440338,71832,71842,10
12.98962975,80.22502899,71842,71852,10
12.99005032,80.22573853,71852,71862,10
12.98999023,80.22646332,71862,71872,10
12.99011993,80.22715759,71872,71882,10
12.98991013,80.22769928,71882,71892,10
12.98978043,80.22779846,71892,71903,11
12.98923969,80.22808838,71903,71913,10
12.98875999,80.2288208,71913,71923,10
12.98841953,80.22966003,71923,71932,9
12.98824024,80.23017883,71932,71942,10
12.98791027,80.23105621,71942,71953,11
12.98764038,80.23168182,71953,71963,10
12.98744011,80.23274231,71963,71973,10
12.98742008,80.23320007,71973,71983,10
12.98651981,80.23330688,71983,72004,21
12.98651981,80.23330688,72004,72014,10
12.98620033,80.2333374,72014,72024,10
12.9861002,80.23390961,72024,72034,10
12.98618984,80.23458862,72034,72044,10
12.9864502,80.23519897,72044,72054,10
12.98645973,80.23522949,72054,72064,10
12.98647022,80.2352829,72064,72074,10
12.9865303,80.23565674,72074,72084,10
12.98653984,80.23628235,72084,72094,10
12.98655987,80.23699951,72094,72105,11
12.9865799,80.23776245,72105,72115,10
12.98661041,80.2385025,72115,72125,10
12.98649979,80.23847961,72125,72870,745
12.98649979,80.23847961,72870,72880,10
12.98659039,80.23818207,72880,72890,10
12.98659039,80.23815918,72890,72900,10
12.98659992,80.23786163,72900,72910,10
12.98655987,80.23713684,72910,72921,11
12.98655033,80.23652649,72921,72931,10
12.98651028,80.23592377,72931,72941,10
12.98645973,80.2353363,72941,72981,40
12.98645973,80.2353363,72981,72991,10
12.98633957,80.23500824,72991,73001,10
12.98614979,80.23452759,73001,73011,10
12.98608971,80.23397827,73011,73022,11
12.98608017,80.23342896,73022,73032,10
12.98653984,80.23329926,73032,73042,10
12.98659992,80.23330688,73042,73052,10
12.98680019,80.23330688,73052,73062,10
12.98698997,80.23330688,73062,73072,10
12.98736,80.23313141,73072,73081,9
12.98740959,80.23269653,73081,73092,11
12.98754025,80.23188019,73092,73102,10
12.98781013,80.23110199,73102,73112,10
12.98808002,80.23033905,73112,73123,11
12.98820972,80.2300415,73123,73133,10
12.9882803,80.22994232,73133,73143,10
12.98845005,80.22946167,73143,73153,10
12.9887104,80.22879028,73153,73163,10
12.98908997,80.2281723,73163,73173,10
12.99001026,80.2276535,73173,73193,20
12.99001026,80.2276535,73193,73203,10
12.99013996,80.22730255,73203,73213,10
12.9900198,80.22663116,73213,73224,11
12.99003983,80.22608185,73224,73234,10
12.98983955,80.22541809,73234,73244,10
12.98956013,80.22483826,73244,73254,10
12.98945045,80.22424316,73254,73264,10
12.98939037,80.22367859,73264,73274,10
12.98896027,80.22338867,73274,73284,10
12.98845959,80.22338104,73284,73294,10
12.98832989,80.22332764,73294,73335,41
12.98832989,80.22332764,73335,73345,10
12.98845005,80.22328949,73345,73355,10
12.98878002,80.22331238,73355,73365,10
12.98923969,80.22348022,73365,73375,10
12.98941994,80.22390747,73375,73385,10
12.98948002,80.22451782,73385,73395,10
12.9896698,80.22509766,73395,73405,10
12.99005032,80.22576141,73405,73415,10
12.98999023,80.22640228,73415,73426,11
12.99016953,80.22753143,73426,73446,20
12.99016953,80.22753143,73446,73456,10
12.9902401,80.2279892,73456,73466,10
12.99042034,80.22859192,73466,73475,9
12.99055958,80.22902679,73475,73486,11
12.99073982,80.2297287,73486,73496,10
12.9907999,80.23016357,73496,73506,10
12.99079037,80.2303009,73506,73516,10
12.99083996,80.23090363,73516,73527,11
12.99088955,80.23149872,73527,73537,10
12.99092007,80.23194122,73537,73547,10
12.99092007,80.23201752,73547,73557,10
12.99100971,80.23245239,73557,73567,10
12.99122047,80.23304749,73567,73577,10
12.99172974,80.23368073,73577,73607,30
12.99172974,80.23368073,73607,73617,10
12.99201965,80.23374939,73617,73628,11
12.99263,80.23381805,73628,73638,10
12.99318981,80.23403168,73638,73648,10
12.99380016,80.23444366,73648,73678,30
12.99411011,80.23461914,73678,73688,10
12.99411011,80.23461914,73688,73698,10
12.99464989,80.23493195,73698,73708,10
12.99524021,80.23529053,73708,73718,10
12.99580002,80.23574066,73718,73728,10
12.99619961,80.23626709,73728,73739,11
12.99666023,80.23712158,73739,73749,10
12.99701023,80.23770142,73749,73762,13
12.99755955,80.23851013,73762,73772,10
12.99796009,80.23887634,73772,73782,10
12.99866009,80.23916626,73782,73802,20
12.99866009,80.23916626,73802,73812,10
12.99907017,80.23930359,73812,73822,10
12.99969959,80.23944092,73822,73833,11
13.00070953,80.23959351,73833,73842,9
13.00121975,80.23967743,73842,73853,11
13.00199032,80.23990631,73853,73863,10
13.0024004,80.24005127,73863,73872,9
13.00279045,80.2401886,73872,73883,11
13.00331974,80.24034882,73883,73893,10
13.00368977,80.24099731,73893,73903,10
13.0040102,80.24167633,73903,73913,10
13.0046196,80.24186707,73913,73923,10
13.00533009,80.24182892,73923,73934,11
13.00588036,80.24186707,73934,73944,10
13.00590038,80.24234009,73944,73963,19
13.00590038,80.24234009,73963,73974,11
13.00566006,80.24236298,73974,74630,656
13.00566006,80.24236298,74630,74640,10
13.00559998,80.24227142,74640,74651,11
13.0053196,80.24194336,74651,74661,10
13.00481987,80.24183655,74661,74671,10
13.00403976,80.24176025,74671,74681,10
13.00372982,80.24107361,74681,74691,10
13.00325012,80.24033356,74691,74701,10
13.00242043,80.24005127,74701,74711,10
13.00195026,80.23989868,74711,74721,10
13.00125027,80.23967743,74721,74731,10
13.00070953,80.23957825,74731,74741,10
12.99991035,80.23947144,74741,74752,11
12.99921036,80.23934937,74752,74762,10
12.99915981,80.23932648,74762,74772,10
12.99905968,80.23928833,74772,74782,10
12.99860001,80.23915863,74782,74792,10
12.99792957,80.23889923,74792,74802,10
12.99752045,80.23848724,74802,74812,10
12.99709988,80.23784637,74812,74822,10
12.99680042,80.23734283,74822,74832,10
12.99645042,80.23668671,74832,74842,10
12.99625969,80.23635101,74842,74853,11
12.99619961,80.23622131,74853,74863,10
12.99582958,80.23574066,74863,74873,10
12.99524021,80.2352829,74873,74883,10
12.99396038,80.23449707,74883,74911,28
12.99396038,80.23449707,74911,74921,10
12.99365997,80.23423767,74921,74931,10
12.99316025,80.23394012,74931,74941,10
12.99248028,80.23377228,74941,74951,10
12.99190044,80.2337265,74951,74962,11
12.99180031,80.23374176,74962,74972,10
12.99153996,80.23377991,74972,74982,10
12.99131966,80.23327637,74982,74992,10
12.99116039,80.23281097,74992,75002,10
12.99098015,80.23213196,75002,75012,10
12.99094963,80.23177338,75012,75022,10
12.99090004,80.23142242,75022,75032,10
12.99085999,80.23071289,75032,75042,10
12.99079037,80.2298584,75042,75053,11
12.99051952,80.22886658,75053,75063,10
12.99036026,80.22834015,75063,75073,10
12.99020004,80.22756958,75073,75083,10
12.99015999,80.22727203,75083,75093,10
12.99005032,80.22663879,75093,75103,10
12.9901104,80.22599792,75103,75113,10
12.98978996,80.22527313,75113,75123,10
12.98956013,80.22467804,75123,75133,10
12.98948002,80.22419739,75133,75143,10
12.98933983,80.22357941,75143,75153,10
12.9888401,80.22337341,75153,75164,11
12.98834991,80.2233429,75164,75204,40
12.98834991,80.2233429,75204,75214,10
12.98857975,80.22328949,75214,75224,10
12.98906994,80.2233429,75224,75234,10
12.98945045,80.22370148,75234,75244,10
12.98948002,80.22425079,75244,75254,10
12.98962021,80.2248764,75254,75265,11
12.99003983,80.22559357,75265,75275,10
12.99003983,80.22634888,75275,75285,10
12.99009991,80.22676086,75285,75295,10
12.99011993,80.22759247,75295,75304,9
12.98993015,80.22770691,75304,75315,11
12.98972988,80.22786713,75315,75325,10
12.98927021,80.22810364,75325,75335,10
12.98882961,80.22872162,75335,75344,9
12.9885397,80.22937775,75344,75354,10
12.9883604,80.22989655,75354,75366,12
12.98820019,80.2303009,75366,75376,10
12.98793983,80.23101807,75376,75386,10
12.98758984,80.23190308,75386,75396,10
12.98746967,80.23278046,75396,75406,10
12.98744011,80.23322296,75406,75416,10
12.98655987,80.23332214,75416,75436,20
12.98655987,80.23332214,75436,75446,10
12.98624992,80.23332214,75446,75456,10
12.98610973,80.23383331,75456,75467,11
12.98618031,80.23439789,75467,75477,10
12.98639011,80.23500824,75477,75487,10
12.98647976,80.2352066,75487,75497,10
12.98651981,80.23535156,75497,75507,10
12.98657036,80.23593903,75507,75517,10
12.9865799,80.23658752,75517,75527,10
12.98661041,80.23712158,75527,75537,10
12.98661995,80.23770905,75537,75547,10
12.98666,80.23835754,75547,75557,10
12.98653984,80.23851776,75557,76555,998
12.98653984,80.23851776,76555,76565,10
12.98659992,80.23844147,76565,76575,10
12.98666954,80.23809052,76575,76586,11
12.98663998,80.23748016,76586,76596,10
12.98661041,80.23695374,76596,76606,10
12.98659039,80.23641968,76606,76616,10
12.98655987,80.23584747,76616,76626,10
12.98651981,80.23535919,76626,76656,30
12.98651981,80.23535919,76656,76666,10
12.98641968,80.23509979,76666,76676,10
12.98622036,80.23468018,76676,76687,11
12.98612022,80.23413849,76687,76697,10
12.98608017,80.23371887,76697,76707,10
12.98608017,80.23342896,76707,76717,10
12.98620987,80.2333374,76717,76727,10
12.98661041,80.23327637,76727,76737,10
12.98665047,80.23329163,76737,76747,10
12.98674011,80.23330688,76747,76757,10
12.98709011,80.23329926,76757,76767,10
12.98738003,80.23319244,76767,76777,10
12.98742008,80.23294067,76777,76788,11
12.98744965,80.23242188,76788,76798,10
12.9875803,80.23184204,76798,76808,10
12.98789024,80.23110199,76808,76818,10
12.9882803,80.23007202,76818,76858,40
12.9882803,80.23007202,76858,76868,10
12.98836994,80.22981262,76868,76878,10
12.98851013,80.22946167,76878,76889,11
12.98871994,80.22888184,76889,76899,10
12.98898029,80.22831726,76899,76909,10
12.98956013,80.22801208,76909,76919,10
12.98993969,80.22773743,76919,76929,10
12.99005985,80.22766876,76929,76939,10
12.99018002,80.22734833,76939,76949,10
12.99007988,80.22679901,76949,76959,10
12.99003029,80.22637939,76959,76969,10
12.99007988,80.22582245,76969,76979,10
12.98978043,80.22530365,76979,76990,11
12.98956013,80.22467041,76990,77000,10
12.98950005,80.22412872,77000,77010,10
12.98948002,80.22386169,77010,77020,10
12.98919964,80.22344208,77020,77030,10
12.98873043,80.22335052,77030,77040,10
12.9883604,80.22338867,77040,77131,91
12.9883604,80.22338867,77131,77141,10
12.98873997,80.22328949,77141,77151,10
12.98943043,80.22374725,77151,77161,10
12.98943043,80.22374725,77161,77171,10
12.98943996,80.22425842,77171,77181,10
12.98956966,80.22483826,77181,77192,11
12.98989964,80.22538757,77192,77202,10
12.99005032,80.2260437,77202,77212,10
12.99003983,80.2265625,77212,77222,10
12.99018002,80.22749329,77222,77242,20
12.99018002,80.22749329,77242,77252,10
12.99026012,80.2279892,77252,77268,16
12.99053955,80.22892761,77268,77280,12
12.99077988,80.22981262,77280,77290,10
12.99083042,80.23016357,77290,77301,11
12.99085045,80.23042297,77301,77311,10
12.99088001,80.23097992,77311,77321,10
12.99092007,80.23152924,77321,77331,10
12.99094009,80.23200989,77331,77341,10
12.99096012,80.23207092,77341,77351,10
12.99104977,80.23248291,77351,77361,10
12.99118042,80.23304749,77361,77371,10
12.9917202,80.23368835,77371,77401,30
12.9917202,80.23368835,77401,77412,11
12.99174976,80.23375702,77412,77422,10
12.99197006,80.23375702,77422,77432,10
12.99240971,80.23378754,77432,77442,10
12.99300003,80.23394012,77442,77452,10
12.99339008,80.23417664,77452,77462,10
12.99382019,80.23448181,77462,77472,10
12.99442005,80.23483276,77472,77482,10
12.99505043,80.23518372,77482,77492,10
12.99551964,80.23551941,77492,77502,10
12.99592018,80.23593903,77502,77513,11
12.99613953,80.23622131,77513,77523,10
12.99648952,80.23690033,77523,77533,10
12.99683952,80.2375412,77533,77543,10
12.99717999,80.23809052,77543,77553,10
12.99765968,80.23873138,77553,77563,10
12.9980402,80.23899841,77563,77573,10
12.99862957,80.23922729,77573,77593,20
12.99862957,80.23922729,77593,77604,11
12.99878979,80.23927307,77604,77614,10
12.99925995,80.23938751,77614,77624,10
13.00006008,80.23953247,77624,77634,10
13.00098991,80.23966217,77634,77644,10
13.00158024,80.23980713,77644,77654,10
13.00228977,80.24002838,77654,77664,10
13.00242043,80.24008179,77664,77674,10
13.00263977,80.24015808,77674,77684,10
13.00302029,80.24028015,77684,77694,10
13.00349045,80.24066162,77694,77705,11
13.00384998,80.24152374,77705,77715,10
13.00438023,80.24189758,77715,77725,10
13.00518036,80.24185944,77725,77735,10
13.00582027,80.24189758,77735,77745,10
13.00586033,80.24234772,77745,77765,20
13.00586033,80.24234772,77765,77775,10
13.0058403,80.2424469,77775,77785,10
13.00562954,80.24240875,77785,78210,425
13.00562954,80.24240875,78210,78220,10
13.00557995,80.24217224,78220,78230,10
13.0053196,80.24188232,78230,78240,10
13.00475979,80.24181366,78240,78250,10
13.00409985,80.24176788,78250,78260,10
13.00376034,80.24118805,78260,78270,10
13.00341034,80.24049377,78270,78280,10
13.00261021,80.24015045,78280,78290,10
13.00212955,80.23999023,78290,78300,10
13.00144958,80.23976898,78300,78311,11
13.00080967,80.23963165,78311,78321,10
13.00016975,80.2395401,78321,78331,10
12.99940014,80.23941803,78331,78341,10
12.9988699,80.23930359,78341,78351,10
12.99818993,80.23908234,78351,78361,10
12.99773026,80.23880005,78361,78371,10
12.99726009,80.2382431,78371,78381,10
12.99695015,80.23770905,78381,78391,10
12.99668026,80.2371521,78391,78401,10
12.99631977,80.23651123,78401,78412,11
12.99612045,80.23619843,78412,78422,10
12.9956398,80.23564911,78422,78432,10
12.99514008,80.2352829,78432,78442,10
12.9946003,80.23499298,78442,78452,10
12.99394989,80.23461914,78452,78462,10
12.99353981,80.23426819,78462,78472,10
12.99300957,80.23400116,78472,78482,10
12.99223995,80.23383331,78482,78492,10
12.99176979,80.2338028,78492,78513,21
12.99176979,80.2338028,78513,78523,10
12.99166012,80.2338028,78523,78533,10
12.99135017,80.2336731,78533,78543,10
12.99122047,80.23310089,78543,78553,10
12.99100018,80.23246765,78553,78563,10
12.99092007,80.23166656,78563,78573,10
12.99083996,80.23101807,78573,78582,9
12.9907999,80.23033905,78582,78593,11
12.99059963,80.22928619,78593,78603,10
12.99042988,80.22865295,78603,78614,11
12.99018002,80.22782898,78614,78624,10
12.99007988,80.22698212,78624,78634,10
12.98997974,80.22641754,78634,78644,10
12.99001026,80.22576141,78644,78652,8
12.98968029,80.2252121,78652,78664,12
12.98952007,80.22480011,78664,78674,10
12.98943996,80.22405243,78674,78684,10
12.98925972,80.22353363,78684,78694,10
12.98873043,80.22335815,78694,78704,10
12.98843002,80.22345734,78704,78715,11
