13.04971027,80.21221161,55392,55392,0
13.04915047,80.21215057,55392,55423,31
13.04738045,80.2122879,55423,55451,28
13.04504013,80.21234894,55451,55481,30
13.04504013,80.21234894,55481,55503,22
13.04500008,80.21237946,55503,55514,11
13.04477024,80.21238708,55514,55524,10
13.04444981,80.21240997,55524,55554,30
13.04444981,80.21240997,55554,55564,10
13.04432964,80.21240234,55564,55574,10
13.04421043,80.21208954,55574,55584,10
13.04417992,80.21140289,55584,55594,10
13.04415989,80.21050262,55594,55605,11
13.0441103,80.20960999,55605,55615,10
13.04407978,80.2091217,55615,55625,10
13.04407978,80.20908356,55625,55635,10
13.04405975,80.20896149,55635,55645,10
13.04405975,80.20886993,55645,55655,10
13.04409027,80.20870209,55655,55665,10
13.04405022,80.20806885,55665,55675,10
13.0437603,80.20722961,55675,55685,10
13.04331017,80.20658875,55685,55694,9
13.04281998,80.20590973,55694,55707,13
13.04199028,80.20532227,55707,55717,10
13.04111958,80.20514679,55717,55727,10
13.04074001,80.20509338,55727,55737,10
13.04059982,80.20507813,55737,55747,10
13.04008961,80.20501709,55747,55757,10
13.03956985,80.20497131,55757,55767,10
13.03915977,80.20491791,55767,55777,10
13.03845978,80.20481873,55777,55787,10
13.03812981,80.20455933,55787,55797,10
13.03824043,80.20391083,55797,55808,11
13.03835964,80.20288086,55808,55818,10
13.0384798,80.20207214,55818,55828,10
13.03857994,80.20152283,55828,55838,10
13.0387001,80.20091248,55838,55848,10
13.03882027,80.20028687,55848,55858,10
13.03890038,80.19953156,55858,55868,10
13.03894997,80.19895935,55868,55878,10
13.0390501,80.19824219,55878,55888,10
13.03915024,80.1975174,55888,55898,10
13.03925991,80.19687653,55898,55909,11
13.0392704,80.19676208,55909,55919,10
13.03931046,80.1964798,55919,55929,10
13.0394001,80.1960907,55929,55939,10
13.03948975,80.19534302,55939,55949,10
13.03964043,80.19441223,55949,55959,10
13.0397501,80.19348145,55959,55969,10
13.0397501,80.19316101,55969,55979,10
13.0395298,80.19303131,55979,55989,10
13.03901005,80.19293213,55989,55999,10
13.03866959,80.19286346,55999,56009,10
13.03864956,80.19286346,56009,56020,11
13.03853989,80.19284058,56020,56030,10
13.03829956,80.19278717,56030,56040,10
13.03792953,80.19283295,56040,56050,10
13.03759003,80.19329834,56050,56060,10
13.03746986,80.19413757,56060,56070,10
13.0373497,80.19499207,56070,56079,9
13.03722954,80.19566345,56079,56090,11
13.03719997,80.19586182,56090,56100,10
13.03721046,80.19596863,56100,56112,12
13.03711987,80.19635773,56112,56122,10
13.03701019,80.19705963,56122,56132,10
13.03687954,80.19795227,56132,56142,10
13.03678989,80.1986084,56142,56150,8
13.03678989,80.19867706,56150,56162,12
13.03676033,80.19886017,56162,56172,10
13.03670025,80.19927216,56172,56180,8
13.03660965,80.19982147,56180,56192,12
13.03645039,80.20085144,56192,56202,10
13.03635979,80.20156097,56202,56213,11
13.03635025,80.20175934,56213,56223,10
13.03629971,80.20178223,56223,56233,10
13.03627014,80.20214081,56233,56243,10
13.03619957,80.20282745,56243,56253,10
13.03604984,80.20365143,56253,56263,10
13.03598976,80.20427704,56263,56273,10
13.03588009,80.20487213,56273,56283,10
13.03577042,80.20565033,56283,56293,10
13.03573036,80.20588684,56293,56303,10
13.03569984,80.20606232,56303,56314,11
13.03561974,80.20652771,56314,56324,10
13.0355196,80.2072525,56324,56334,10
13.03540039,80.20835876,56334,56354,20
13.03540039,80.20835876,56354,56364,10
13.03532982,80.20874023,56364,56374,10
13.03522015,80.20939636,56374,56384,10
13.03512955,80.21008301,56384,56394,10
13.03493977,80.21067047,56394,56404,10
13.03483009,80.21138763,56404,56415,11
13.03460979,80.21209717,56415,56425,10
13.03409004,80.21204376,56425,56435,10
13.03339958,80.21199036,56435,56445,10
13.03248978,80.2118988,56445,56465,20
13.03248978,80.2118988,56465,56475,10
13.03219986,80.21183777,56475,56484,9
13.03184032,80.2116394,56484,56495,11
13.03192043,80.21096039,56495,56505,10
13.03203964,80.21027374,56505,56516,11
13.03205013,80.20970917,56516,56526,10
13.03153992,80.20954132,56526,56536,10
13.03054047,80.20926666,56536,56566,30
13.03054047,80.20926666,56566,56576,10
13.03038025,80.20924377,56576,56586,10
13.03003979,80.20951843,56586,56606,20
13.03003979,80.20951843,56606,56617,11
13.03009987,80.20980072,56617,56627,10
13.03048992,80.20989227,56627,56637,10
13.03081989,80.20999908,56637,56647,10
13.03092957,80.21009064,56647,56657,10
13.03092003,80.2104187,56657,56667,10
13.03085041,80.21099091,56667,56677,10
13.03083038,80.21125793,56677,56687,10
13.0307703,80.21163177,56687,56697,10
13.03071976,80.21192932,56697,56705,8
13.03065968,80.2124176,56705,56718,13
13.03055,80.21331787,56718,56728,10
13.03050995,80.21367645,56728,56738,10
13.03042984,80.21405792,56738,56748,10
13.03034973,80.21466064,56748,56758,10
13.03034973,80.21475983,56758,56768,10
13.03034019,80.21482849,56768,56778,10
13.03032017,80.21515656,56778,56788,10
13.03034973,80.21581268,56788,56798,10
13.0304203,80.21647644,56798,56808,10
13.03065968,80.21681213,56808,56819,11
13.03069973,80.21681976,56819,56829,10
13.03081989,80.21685028,56829,56839,10
13.03112984,80.2168808,56839,56849,10
13.03114033,80.21688843,56849,56859,10
13.03131962,80.21694946,56859,56869,10
13.03145981,80.21713257,56869,56879,10
13.03151989,80.21768188,56879,56888,9
13.03162003,80.21827698,56888,56900,12
13.0322504,80.21852875,56900,56910,10
13.03221989,80.21920013,56910,56920,10
13.03221035,80.21968842,56920,56930,10
13.03219032,80.21983337,56930,56940,10
13.03221035,80.22020721,56940,56950,10
13.03221989,80.22025299,56950,56960,10
13.03223038,80.2203064,56960,56970,10
13.03213024,80.22068787,56970,56980,10
13.03199005,80.22135162,56980,56990,10
13.03170967,80.22202301,56990,57000,10
13.03145981,80.22254181,57000,57010,10
13.03125,80.22296906,57010,57023,13
13.03118992,80.22319031,57023,57033,10
13.03116989,80.22344208,57033,57043,10
13.03114986,80.22370911,57043,57053,10
13.03114033,80.22393036,57053,57063,10
13.03112984,80.22399139,57063,57073,10
13.03106022,80.22428894,57073,57083,10
13.03061962,80.22429657,57083,57093,10
13.03001976,80.22431183,57093,57103,10
13.02898026,80.22418976,57103,57124,21
13.02898026,80.22418976,57124,57134,10
13.02880955,80.22406769,57134,57144,10
13.02849007,80.22409821,57144,57154,10
13.02832031,80.22473145,57154,57164,10
13.02810955,80.22572327,57164,57174,10
13.0279398,80.22660828,57174,57184,10
13.02791977,80.22695923,57184,57194,10
13.02855015,80.22714233,57194,57213,19
13.02855015,80.22714233,57213,57225,12
13.02877998,80.22718048,57225,57235,10
13.02925968,80.22727966,57235,57245,10
13.02991009,80.22737885,57245,57255,10
13.03032017,80.22743988,57255,57265,10
13.03038979,80.22756195,57265,57275,10
13.03036022,80.22789764,57275,57285,10
13.03034973,80.22814941,57285,57295,10
13.03034019,80.22825623,57295,57305,10
13.03028965,80.2287674,57305,57315,10
13.03034019,80.22940063,57315,57326,11
13.03057957,80.23013306,57326,57336,10
13.03065968,80.23058319,57336,57346,10
13.03048038,80.23074341,57346,57356,10
13.03017044,80.2307663,57356,57366,10
13.02974033,80.23084259,57366,57376,10
13.02970028,80.23084259,57376,57386,10
13.0295496,80.23088074,57386,57406,20
13.0295496,80.23088074,57406,57416,10
13.0292902,80.23088074,57416,57427,11
13.02875996,80.23094177,57427,57437,10
13.02805996,80.23101044,57437,57447,10
13.02766991,80.23111725,57447,57457,10
13.0276804,80.2315979,57457,57467,10
13.02775002,80.23210144,57467,57477,10
13.02783012,80.23275757,57477,57497,20
13.02783012,80.23275757,57497,57507,10
13.02752972,80.23278046,57507,57517,10
13.02729034,80.23284149,57517,57526,9
13.02707005,80.23291016,57526,57588,62
13.02707005,80.23291016,57588,57598,10
13.02672958,80.23298645,57598,57608,10
13.02645016,80.23297119,57608,57618,10
13.02626038,80.23256683,57618,57628,10
13.02610016,80.23194122,57628,57639,11
13.02589035,80.23114777,57639,57649,10
13.0255003,80.23027039,57649,57659,10
13.02492046,80.22946167,57659,57669,10
13.02455997,80.22901917,57669,57689,20
13.02455997,80.22901917,57689,57699,10
13.02453041,80.22899628,57699,57709,10
13.02431965,80.22869873,57709,57719,10
13.02392006,80.2282486,57719,57740,21
13.02392006,80.2282486,57740,57750,10
13.02388954,80.22820282,57750,57760,10
13.02365017,80.2279129,57760,57770,10
13.02338028,80.22763824,57770,57780,10
13.02307987,80.22731018,57780,57790,10
13.02272987,80.22698975,57790,57800,10
13.02256012,80.22686768,57800,57810,10
13.02248001,80.22679138,57810,57820,10
13.02210999,80.22644043,57820,57830,10
13.02153015,80.22596741,57830,57840,10
13.02081013,80.22538757,57840,57850,10
13.02005959,80.22489929,57850,57860,10
13.01992989,80.224823,57860,57870,10
13.01972008,80.22467041,57870,57881,11
13.01906967,80.22445679,57881,57891,10
13.01819992,80.22471619,57891,57901,10
13.01721001,80.22511292,57901,57911,10
13.01640034,80.22544861,57911,57921,10
13.01578045,80.22566223,57921,57931,10
13.01513958,80.22592926,57931,57941,10
13.01486015,80.22605896,57941,57951,10
13.01420021,80.2263031,57951,57971,20
13.01420021,80.2263031,57971,57981,10
13.01397038,80.22640991,57981,57991,10
13.01344967,80.22660828,57991,58001,10
13.01278973,80.22686005,58001,58011,10
13.01214981,80.22711182,58011,58021,10
13.01134014,80.22743988,58021,58031,10
13.01033974,80.22782135,58031,58044,13
13.0092001,80.22840118,58044,58054,10
13.00899029,80.22921753,58054,58064,10
13.00877953,80.23027802,58064,58074,10
13.00856972,80.23142242,58074,58084,10
13.00835037,80.23256683,58084,58094,10
13.00823975,80.23348236,58094,58104,10
13.00819969,80.2336731,58104,58114,10
13.00817013,80.23375702,58114,58124,10
13.00809002,80.23415375,58124,58131,7
13.00800037,80.23457336,58131,58145,14
13.00790977,80.23506165,58145,58155,10
13.00782013,80.23551941,58155,58165,10
13.0076704,80.23628998,58165,58175,10
13.00747013,80.23725128,58175,58185,10
13.00728035,80.23831177,58185,58195,10
13.00708961,80.23927307,58195,58205,10
13.00697994,80.23982239,58205,58215,10
13.00695992,80.23992157,58215,58225,10
13.0068903,80.24031067,58225,58235,10
13.00681019,80.24062347,58235,58246,11
13.00675964,80.24137878,58246,58256,10
13.00673008,80.24230194,58256,58266,10
13.00671959,80.24320221,58266,58276,10
13.00673008,80.24401855,58276,58286,10
13.00675011,80.24475861,58286,58296,10
13.00675011,80.24546814,58296,58306,10
13.00673962,80.24588013,58306,58336,30
13.00673962,80.24588013,58336,58347,11
13.00669956,80.24600983,58347,58357,10
13.00671959,80.24632263,58357,58367,10
13.00673962,80.24694061,58367,58377,10
13.00671959,80.24770355,58377,58387,10
13.00673962,80.24855804,58387,58397,10
13.00683975,80.24922943,58397,58407,10
13.00687981,80.24942017,58407,58417,10
13.00685978,80.24948883,58417,58427,10
13.00687027,80.24990845,58427,58437,10
13.00685024,80.25057983,58437,58448,11
13.00683975,80.25093079,58448,58458,10
13.00685024,80.25131989,58458,58468,10
13.00675964,80.25170898,58468,58478,10
13.00660038,80.25240326,58478,58488,10
13.00656033,80.25328827,58488,58498,10
13.00656033,80.2542572,58498,58508,10
13.00662994,80.25479889,58508,58518,10
13.00662041,80.25502014,58518,58528,10
13.00660992,80.25508118,58528,58538,10
13.00660992,80.25544739,58538,58549,11
13.00660038,80.25621796,58549,58559,10
13.00662041,80.25681305,58559,58589,30
13.00662041,80.25681305,58589,58599,10
13.00667,80.25710297,58599,58609,10
13.00664043,80.25744629,58609,58619,10
13.00632,80.25758362,58619,58629,10
13.00597954,80.25749969,58629,58639,10
13.00559998,80.25740051,58639,58650,11
13.00512981,80.25726318,58650,58660,10
13.00477028,80.25717926,58660,58670,10
13.00411034,80.25701904,58670,58751,81
13.00411034,80.25701904,58751,58761,10
13.00382042,80.25695801,58761,58771,10
13.00341034,80.25689697,58771,58781,10
13.00312996,80.25684357,58781,58791,10
13.00282955,80.25679016,58791,58801,10
13.00234032,80.25669098,58801,58811,10
13.00220013,80.25666046,58811,58851,40
13.00220013,80.25666046,58851,58862,11
13.00189972,80.25660706,58862,58872,10
13.00139999,80.25653076,58872,58882,10
13.00065994,80.25643921,58882,58892,10
13.00004005,80.25634766,58892,58902,10
13.00000954,80.25634003,58902,58912,10
12.99989986,80.25631714,58912,58921,9
12.9997797,80.25630188,58921,58932,11
12.99954987,80.25624084,58932,58942,10
12.9991703,80.25614166,58942,58952,10
12.99876022,80.25608063,58952,58964,12
12.99814034,80.25598907,58964,58972,8
12.99773026,80.25596619,58972,58984,12
12.99707985,80.25595093,58984,58994,10
12.99687958,80.25626373,58994,59004,10
12.99685001,80.25675964,59004,59014,10
12.99685001,80.25676727,59014,59024,10
12.99682999,80.2571106,59024,59034,10
12.99676991,80.25776672,59034,59044,10
12.99666977,80.25862122,59044,59055,11
12.99658012,80.2593689,59055,59065,10
12.99656963,80.25982666,59065,59075,10
12.99650002,80.26036072,59075,59085,10
12.99641991,80.26113129,59085,59095,10
12.99635029,80.26186371,59095,59105,10
12.99629974,80.26229095,59105,59115,10
12.99627972,80.26235199,59115,59125,10
12.99621964,80.26275635,59125,59135,10
12.99613953,80.26344299,59135,59145,10
12.9960804,80.26422119,59145,59156,11
12.99598026,80.26525116,59156,59166,10
12.99584961,80.2662735,59166,59176,10
12.99577045,80.26709747,59176,59186,10
12.99575996,80.26759338,59186,59196,10
12.99615955,80.26769257,59196,59226,30
12.99615955,80.26769257,59226,59236,10
12.99623013,80.2677536,59236,59246,10
12.99668026,80.26776123,59246,59257,11
12.99754047,80.26753998,59257,59267,10
12.99849987,80.26728058,59267,59277,10
12.99944973,80.26699829,59277,59287,10
13.00002956,80.26667786,59287,59307,20
13.00002956,80.26667786,59307,59317,10
13.00012016,80.26641083,59317,59327,10
13.00016975,80.26596069,59327,59337,10
13.00035954,80.26580811,59337,59418,81
13.00035954,80.26580811,59418,59428,10
13.00030994,80.26590729,59428,59438,10
13.00026989,80.26611328,59438,59831,393
13.00030041,80.26643372,59831,59851,20
13.00030041,80.26643372,59851,59860,9
13.00032997,80.26663208,59860,59872,12
13.0002203,80.26686096,59872,59882,10
12.99985027,80.26698303,59882,59892,10
12.99919987,80.26715088,59892,59902,10
12.99845028,80.26735687,59902,59912,10
12.9978199,80.26753235,59912,59922,10
12.99717045,80.26769257,59922,59932,10
12.99633026,80.26779175,59932,59942,10
12.9956398,80.26767731,59942,59962,20
12.99565029,80.2674408,59962,59995,33
12.99565029,80.2674408,59995,60005,10
12.99567986,80.26711273,60005,60015,10
12.99573994,80.26651764,60015,60025,10
12.99582958,80.26569366,60025,60035,10
12.99592972,80.26486206,60035,60045,10
12.99602985,80.26422119,60045,60055,10
12.99610996,80.26334381,60055,60065,10
12.99617958,80.26271057,60065,60076,11
12.99617958,80.26261902,60076,60086,10
12.99621964,80.26229095,60086,60096,10
12.99627018,80.26187134,60096,60106,10
12.99631977,80.26136017,60106,60116,10
12.99639988,80.26061249,60116,60126,10
12.99647999,80.25997162,60126,60136,10
12.99654007,80.25945282,60136,60146,10
12.99658012,80.25907898,60146,60156,10
12.99664021,80.25839233,60156,60165,9
12.99672031,80.25759125,60165,60177,12
12.99680042,80.25647736,60177,60318,141
12.99680042,80.25647736,60318,60328,10
12.99683952,80.25617981,60328,60338,10
12.99701977,80.25585938,60338,60348,10
12.99757957,80.25588989,60348,60358,10
12.99810028,80.2559433,60358,60368,10
12.99862957,80.25598907,60368,60379,11
12.9986496,80.2559967,60379,60389,10
12.99878025,80.25602722,60389,60399,10
12.99919987,80.25611877,60399,60429,30
12.99919987,80.25611877,60429,60439,10
12.99936008,80.25614929,60439,60449,10
12.99938965,80.25615692,60449,60459,10
12.99971962,80.25621796,60459,60469,10
13.00032043,80.25634003,60469,60480,11
13.00111961,80.25649261,60480,60510,30
13.00111961,80.25649261,60510,60520,10
13.00129986,80.25653076,60520,60530,10
13.00166035,80.25659943,60530,60540,10
13.00224972,80.25668335,60540,60550,10
13.00298023,80.25682068,60550,60560,10
13.00376034,80.25697327,60560,60570,10
13.00452042,80.2571106,60570,60581,11
13.00516033,80.25720978,60581,60591,10
13.00537968,80.25726318,60591,60601,10
13.00561047,80.25733948,60601,60611,10
13.00597954,80.25740051,60611,60641,30
13.00597954,80.25740051,60641,60651,10
13.00623989,80.25743866,60651,60682,31
13.00623989,80.25743866,60682,60692,10
13.00634003,80.25753021,60692,60702,10
13.00646019,80.25749969,60702,60712,10
13.00650978,80.25717926,60712,60723,11
13.00648022,80.25643158,60723,60733,10
13.00648022,80.25559235,60733,60743,10
13.00650024,80.25488281,60743,60753,10
13.00648022,80.25399017,60753,60763,10
13.00646019,80.25319672,60763,60783,20
13.00646019,80.25319672,60783,60793,10
13.00646019,80.2530365,60793,60803,10
13.00646019,80.25283813,60803,60833,30
13.00646019,80.25283813,60833,60843,10
13.00650024,80.25270081,60843,60853,10
13.0065403,80.25234222,60853,60863,10
13.00662041,80.25192261,60863,60973,110
13.00662041,80.25192261,60973,60987,14
13.00677013,80.25125885,60987,60997,10
13.00673962,80.25052643,60997,61007,10
13.00671959,80.24978638,61007,61017,10
13.00669956,80.24965668,61017,61027,10
13.00667953,80.24948883,61027,61037,10
13.00666046,80.24900055,61037,61047,10
13.00662041,80.24842072,61047,61057,10
13.00658035,80.24752808,61057,61148,91
13.00658035,80.24752808,61148,61158,10
13.00656986,80.24733734,61158,61168,10
13.00654984,80.24651337,61168,61199,31
13.00654984,80.24651337,61199,61209,10
13.00658989,80.24636841,61209,61219,10
13.00660038,80.24588013,61219,61229,10
13.00658035,80.24520111,61229,61239,10
13.00656033,80.24462891,61239,61249,10
13.00656033,80.24417114,61249,61259,10
13.00654984,80.2438736,61259,61269,10
13.0065403,80.24368286,61269,61279,10
13.00652981,80.24331665,61279,61289,10
13.00650978,80.2427597,61289,61300,11
13.00650978,80.24165344,61300,61320,20
13.00650978,80.24165344,61320,61330,10
13.0065403,80.24131012,61330,61340,10
13.00660038,80.24078369,61340,61350,10
13.00666046,80.2403717,61350,61360,10
13.00683975,80.23979187,61360,61370,10
13.00699997,80.23905182,61370,61380,10
13.00716019,80.23819733,61380,61390,10
13.00730038,80.23751831,61390,61401,11
13.00739956,80.23679352,61401,61431,30
13.00739956,80.23679352,61431,61441,10
13.00745964,80.23664856,61441,61451,10
13.00755024,80.23628235,61451,61461,10
13.00765991,80.23570251,61461,61471,10
13.00771999,80.23538971,61471,61481,10
13.00776005,80.2352066,61481,61491,10
13.00784969,80.23473358,61491,61502,11
13.00800037,80.23396301,61502,61512,10
13.00817966,80.23303986,61512,61522,10
13.00837994,80.23200226,61522,61532,10
13.00858974,80.23097992,61532,61542,10
13.00881958,80.22988129,61542,61552,10
13.00905037,80.22875214,61552,61562,10
13.00936985,80.22775269,61562,61572,10
13.00975037,80.22688293,61572,61582,10
13.01018047,80.22595978,61582,61592,10
13.01056004,80.22512817,61592,61603,11
13.01086998,80.22447968,61603,61614,11
13.01121998,80.22374725,61614,61624,10
13.01140976,80.2233429,61624,61644,20
13.01140976,80.2233429,61644,61653,9
13.01150036,80.22309875,61653,61664,11
13.0117197,80.2224884,61664,61674,10
13.01198006,80.22180176,61674,61684,10
13.01239014,80.22168732,61684,61696,12
13.01288986,80.22229767,61696,61706,10
13.01346016,80.22290039,61706,61716,10
13.01406002,80.22364044,61716,61726,10
13.01463985,80.22431946,61726,61736,10
13.01500034,80.224617,61736,61746,10
13.01529026,80.22489166,61746,61776,30
13.01529026,80.22489166,61776,61786,10
13.0156002,80.22509003,61786,61807,21
13.0156002,80.22509003,61807,61817,10
13.01570988,80.22518158,61817,61827,10
13.01603031,80.22535706,61827,61837,10
13.01669979,80.22528076,61837,61847,10
13.01751041,80.22493744,61847,61857,10
13.01834011,80.22460175,61857,61867,10
13.01918983,80.22429657,61867,61900,33
13.01918983,80.22429657,61900,61910,10
13.0194397,80.22441101,61910,61920,10
13.01988029,80.22466278,61920,61930,10
13.02042961,80.22505951,61930,61940,10
13.02108002,80.22551727,61940,61950,10
13.02165985,80.22598267,61950,61960,10
13.02212048,80.22634125,61960,61970,10
13.02268982,80.22683716,61970,61980,10
13.02324963,80.22734833,61980,61989,9
13.02367973,80.22775269,61989,62001,12
13.0239296,80.22799683,62001,62011,10
13.02394009,80.22801208,62011,62021,10
13.02414036,80.22824097,62021,62031,10
13.02435017,80.22847748,62031,62041,10
13.02460003,80.22886658,62041,62051,10
13.02499962,80.22937775,62051,62061,10
13.02538013,80.22982025,62061,62081,20
13.02538013,80.22982025,62081,62091,10
13.02544022,80.22989655,62091,62102,11
13.02556038,80.23008728,62102,62112,10
13.02569008,80.23026276,62112,62122,10
13.02577019,80.23042297,62122,62132,10
13.02587986,80.2306366,62132,62142,10
13.02595043,80.23082733,62142,62152,10
13.02600956,80.23105621,62152,62162,10
13.02604961,80.23124695,62162,62172,10
13.02624035,80.23135376,62172,62182,10
13.02672005,80.23123169,62182,62192,10
13.02731991,80.2310791,62192,62203,11
13.0278101,80.23100281,62203,62213,10
13.02847004,80.23094177,62213,62243,30
13.02847004,80.23094177,62243,62253,10
13.02869034,80.23094177,62253,62263,10
13.02886963,80.23091888,62263,62273,10
13.02906036,80.23090363,62273,62283,10
13.02923965,80.23088837,62283,62293,10
13.02950001,80.23085785,62293,62303,10
13.02970028,80.23082733,62303,62313,10
13.02985001,80.2308197,62313,62323,10
13.02995968,80.2308197,62323,62333,10
13.03034019,80.23078918,62333,62343,10
13.03067017,80.23074341,62343,62354,11
13.03065014,80.23049927,62354,62363,9
13.03057003,80.23017883,62363,62374,11
13.0304203,80.22972107,62374,62384,10
13.03028011,80.2292099,62384,62394,10
13.03036022,80.228302,62394,62424,30
13.03036022,80.228302,62424,62434,10
13.03038979,80.22801971,62434,62444,10
13.03042984,80.22763062,62444,62454,10
13.03001022,80.22746277,62454,62464,10
13.02933979,80.2273407,62464,62474,10
13.02873993,80.22724915,62474,62484,10
13.02863026,80.22724152,62484,62494,10
13.02847004,80.22718048,62494,62507,13
13.02828026,80.22712708,62507,62517,10
13.02795029,80.22701263,62517,62527,10
13.02793026,80.22660828,62527,62537,10
13.02807045,80.22598267,62537,62547,10
13.02824974,80.22515106,62547,62557,10
13.02842999,80.22428131,62557,62567,10
13.02877998,80.22402954,62567,62597,30
13.02877998,80.22402954,62597,62607,10
13.02888966,80.22409821,62607,62618,11
13.02917004,80.22429657,62618,62628,10
13.0294199,80.22432709,62628,62638,10
13.02993011,80.22431946,62638,62648,10
13.03063965,80.22431946,62648,62658,10
13.03110981,80.22422028,62658,62668,10
13.03110981,80.22376251,62668,62677,9
13.03116989,80.22318268,62677,62698,21
13.03116989,80.22318268,62698,62708,10
13.03122997,80.22284698,62708,62719,11
13.0314703,80.22241211,62719,62729,10
13.03170013,80.2219162,62729,62739,10
13.03195953,80.22132111,62739,62749,10
13.03213024,80.22059631,62749,62759,10
13.03215981,80.21981812,62759,62789,30
13.03215981,80.21981812,62789,62799,10
13.03219986,80.2197876,62799,62808,9
13.03221035,80.21952057,62808,62820,12
13.03219986,80.2188797,62820,62830,10
13.03194046,80.2184906,62830,62840,10
13.03149033,80.21826935,62840,62850,10
13.03143978,80.21759033,62850,62860,10
13.0313797,80.21711731,62860,62870,10
13.03118038,80.21700287,62870,62880,10
13.03079033,80.21697998,62880,62890,10
13.03044033,80.2166214,62890,62923,33
13.03044033,80.2166214,62923,62934,11
13.03042984,80.21646118,62934,62945,11
13.03038979,80.21613312,62945,62955,10
13.03034973,80.21566772,62955,62965,10
13.03034019,80.21528625,62965,62975,10
13.03036022,80.21459198,62975,63017,42
13.03036022,80.21459198,63017,63027,10
13.03046036,80.21444702,63027,63037,10
13.03048038,80.21414185,63037,63047,10
13.03052044,80.21379089,63047,63057,10
13.03055,80.21357727,63057,63067,10
13.03059006,80.21322632,63067,63077,10
13.03067017,80.212677,63077,63087,10
13.03077984,80.21198273,63087,63097,10
13.03081989,80.21163177,63097,63107,10
13.03085995,80.21125031,63107,63118,11
13.0309,80.21096802,63118,63128,10
13.03094959,80.2105484,63128,63138,10
13.03100014,80.21016693,63138,63148,10
13.03089046,80.21003723,63148,63158,10
13.03059959,80.20993805,63158,63168,10
13.03013039,80.20982361,63168,63178,10
13.03013992,80.20924377,63178,63259,81
13.03013992,80.20924377,63259,63269,10
13.03032017,80.20905304,63269,63279,10
13.03079033,80.20916748,63279,63289,10
13.03166008,80.20935059,63289,63309,20
13.03166008,80.20935059,63309,63320,11
13.03180027,80.20935822,63320,63330,10
13.03213024,80.20948029,63330,63340,10
13.03275967,80.20957947,63340,63350,10
13.03355026,80.20974731,63350,63360,10
13.0343399,80.2098999,63360,63370,10
13.03501034,80.20995331,63370,63380,10
13.03518009,80.20954132,63380,63390,10
13.03528023,80.2086792,63390,63421,31
13.03528023,80.2086792,63421,63431,10
13.03532982,80.20841217,63431,63441,10
13.0353899,80.20787811,63441,63451,10
13.03549004,80.2071991,63451,63461,10
13.03559971,80.20646667,63461,63471,10
13.03553963,80.20600891,63471,63481,10
13.03555965,80.20536041,63481,63511,30
13.03555965,80.20536041,63511,63522,11
13.03555965,80.2052002,63522,63532,10
13.03573036,80.20519257,63532,63542,10
13.03581047,80.20494843,63542,63552,10
13.03588009,80.20445251,63552,63562,10
13.03596973,80.2039566,63562,63572,10
13.03606033,80.20333862,63572,63582,10
13.03619003,80.20253754,63582,63592,10
13.03631973,80.20155334,63592,63623,31
13.03631973,80.20155334,63623,63633,10
13.03635025,80.20131683,63633,63643,10
13.03637981,80.20117188,63643,63653,10
13.0364399,80.20088959,63653,63663,10
13.03652,80.20037079,63663,63673,10
13.03660965,80.19972992,63673,63683,10
13.03670979,80.19907379,63683,63693,10
13.03678989,80.19835663,63693,63713,20
13.03678989,80.19835663,63713,63724,11
13.03684044,80.1980896,63724,63734,10
13.03691959,80.19759369,63734,63744,10
13.03703022,80.19687653,63744,63754,10
13.03707981,80.19632721,63754,63774,20
13.03707981,80.19632721,63774,63784,10
13.03711987,80.19621277,63784,63794,10
13.03717995,80.19587708,63794,63804,10
13.03724957,80.19538879,63804,63814,10
13.03736019,80.19467926,63814,63824,10
13.03746986,80.19387817,63824,63834,10
13.03757954,80.19306946,63834,63844,10
13.03781033,80.19277954,63844,63854,10
13.03812981,80.19275665,63854,63864,10
13.03884983,80.19287872,63864,63895,31
13.03884983,80.19287872,63895,63905,10
13.03925991,80.19293976,63905,63915,10
13.03977966,80.19304657,63915,63925,10
13.04034996,80.19316101,63925,63935,10
13.04076004,80.19325256,63935,63945,10
13.04127979,80.19333649,63945,63955,10
13.04174042,80.19346619,63955,63965,10
13.04174042,80.19393158,63965,63975,10
13.04174042,80.19399261,63975,63985,10
13.04178047,80.19406128,63985,63995,10
13.0417099,80.1944809,63995,64005,10
13.04160976,80.19515228,64005,64015,10
13.04152966,80.19582367,64015,64025,10
13.04139042,80.19683075,64025,64048,23
13.04139042,80.19683075,64048,64058,10
13.04135036,80.19716644,64058,64068,10
13.04125977,80.19769287,64068,64078,10
13.04117012,80.19834137,64078,64088,10
13.04102993,80.19931793,64088,64108,20
13.04102993,80.19931793,64108,64115,7
13.04100037,80.19950104,64115,64128,13
13.0408802,80.20021057,64128,64139,11
13.04076004,80.20108032,64139,64149,10
13.04065037,80.20185852,64149,64159,10
13.0405798,80.20223999,64159,64169,10
13.04049015,80.20285797,64169,64179,10
13.04037952,80.2036972,64179,64189,10
13.04028988,80.20429993,64189,64199,10
13.04018974,80.20484924,64199,64209,10
13.04047012,80.20509338,64209,64219,10
13.04125023,80.20520782,64219,64240,21
13.04125023,80.20520782,64240,64250,10
13.04141998,80.2052536,64250,64260,10
13.04195023,80.20530701,64260,64270,10
13.04255009,80.20543671,64270,64280,10
13.04283047,80.20583344,64280,64290,10
13.04327965,80.20645905,64290,64300,10
13.04380035,80.20717621,64300,64310,10
13.04411983,80.20794678,64310,64320,10
13.04417992,80.20861053,64320,64330,10
13.04419994,80.20910645,64330,64341,11
13.04421043,80.2091217,64341,64351,10
13.04421997,80.20929718,64351,64361,10
13.04421043,80.20983887,64361,64371,10
13.04424,80.21060944,64371,64381,10
13.04426003,80.21125031,64381,64391,10
13.04432011,80.21204376,64391,64401,10
13.04461956,80.21225739,64401,64411,10
13.04528999,80.21222687,64411,64421,10
13.04615021,80.21219635,64421,64431,10
13.0467701,80.21218109,64431,64512,81
13.0467701,80.21218109,64512,64522,10
13.04708004,80.21214294,64522,64532,10
13.04710007,80.21212006,64532,64543,11
13.04706955,80.21179962,64543,64563,20
13.04706955,80.21179962,64563,64573,10
13.04705048,80.21160889,64573,64583,10
13.04701996,80.21122742,64583,64593,10
13.04701042,80.21083832,64593,64603,10
13.04732037,80.21076965,64603,64613,10
13.0476799,80.21076202,64613,64623,10
13.0482502,80.21077728,64623,64632,9
13.04874039,80.21079254,64632,64644,12
13.0492897,80.21083832,64644,64654,10
13.04951,80.21085358,64654,64664,10
13.0496397,80.21070099,64664,64674,10
13.04957008,80.2101593,64674,64684,10
13.04948997,80.20966339,64684,64694,10
13.04944992,80.20929718,64694,64704,10
13.04944038,80.20906067,64704,64714,10
13.04932976,80.20848846,64714,64724,10
13.04911041,80.20783234,64724,64734,10
13.04889965,80.20722961,64734,64765,31
13.04889965,80.20722961,64765,64775,10
13.04880047,80.20681763,64775,64795,20
13.04880047,80.20681763,64795,64805,10
13.04911041,80.20704651,64805,65331,526
13.04911041,80.20704651,65331,65341,10
13.04909992,80.20731354,65341,65352,11
13.04901981,80.20745087,65352,65362,10
13.04913998,80.20778656,65362,65372,10
13.04928017,80.20825958,65372,65382,10
13.04942036,80.20886993,65382,65392,10
13.04948997,80.20922852,65392,65402,10
13.04955959,80.2096405,65402,65412,10
13.0496397,80.2101593,65412,65422,10
13.04971027,80.21076202,65422,65432,10
13.04975986,80.21112061,65432,65442,10
13.04983997,80.21179962,65442,65523,81
13.04983997,80.21179962,65523,65533,10
13.04990959,80.21195984,65533,65543,10
13.04992962,80.21212006,65543,65554,11
13.04957962,80.21222687,65554,65584,30
13.04957962,80.21222687,65584,65594,10
13.04932976,80.2121582,65594,65604,10
13.04881954,80.21218109,65604,65614,10
13.04810047,80.21221924,65614,65624,10
13.04722023,80.2122879,65624,65634,10
13.04619026,80.21230316,65634,65643,9
13.04463005,80.21237183,65643,65705,62
13.04463005,80.21237183,65705,65715,10
13.04440022,80.21237183,65715,65725,10
13.04421997,80.21196747,65725,65736,11
13.04417992,80.2111969,65736,65756,20
13.04417992,80.2111969,65756,65766,10
13.04415989,80.21083832,65766,65776,10
13.04415035,80.21028137,65776,65786,10
13.0441103,80.20966339,65786,65796,10
13.04409027,80.20926666,65796,65806,10
13.04405975,80.2088623,65806,65826,20
13.04405975,80.2088623,65826,65836,10
13.04407024,80.20854187,65836,65846,10
13.04403973,80.20791626,65846,65859,13
13.04356956,80.20700073,65859,65869,10
13.04308987,80.20635223,65869,65879,10
13.04259014,80.20568848,65879,65887,8
13.04209995,80.2053833,65887,65897,10
13.04152966,80.20523834,65897,65909,12
13.04080963,80.20514679,65909,65929,20
13.04080963,80.20514679,65929,65939,10
13.04073048,80.20514679,65939,65949,10
13.04039001,80.20510101,65949,65960,11
13.03987026,80.20500946,65960,65970,10
13.03925991,80.20491028,65970,65980,10
13.03876972,80.20481873,65980,65990,10
13.03824043,80.20475769,65990,66000,10
13.03818035,80.20455933,66000,66010,10
13.03822994,80.2040863,66010,66020,10
13.03829956,80.20349884,66020,66030,10
13.03839016,80.20281219,66030,66040,10
13.03845978,80.20217896,66040,66049,9
13.03849983,80.20191193,66049,66061,12
13.03853035,80.20172119,66061,66071,10
13.03861046,80.20143127,66071,66072,1
13.03861046,80.20137787,66072,66091,19
